Iteration,Version,ROC_AUC,PR_AUC,TimeElapsed,K,TrainRatio,ExperimentID,Seed,ThresholdMode,Threshold,Precision,Recall,F1Score,TestTP,TestFP,TestFN,TestTN,TestTPR,TestTNR,TestFPR,TestFNR,TestPrecision,TestRecall,TestF1Score,TestAccuracy,TestExpectedAccuracy,TestKappa,TestMCC,TestTSS,TotalLinks,TrainLinks,TestLinks,BackboneTotal,NonBackboneTotal,BackboneTrainLinks,NonBackboneTrainLinks,BackboneTestLinks,NonBackboneTestLinks,EmpiricalNumSpecies,EmpiricalLinks,EmpiricalConnectance,EmpiricalMeanTrophicLevel,EmpiricalMeanDegree,EmpiricalMeanGenerality,EmpiricalMeanVulnerability,EmpiricalDegreeStd,EmpiricalDegreeCV,EmpiricalDegreeGini,EmpiricalGeneralityStd,EmpiricalGeneralityCV,EmpiricalGeneralityGini,EmpiricalVulnerabilityStd,EmpiricalVulnerabilityCV,EmpiricalVulnerabilityGini,EmpiricalTrophicLevelStd,EmpiricalTrophicLevelCV,EmpiricalTrophicLevelRange,EmpiricalNetworkXMeanTrophicLevel,EmpiricalNetworkXTrophicLevelStd,EmpiricalNetworkXTrophicLevelRange,EmpiricalMeanLocalClustering,EmpiricalTransitivity,EmpiricalNumTriangles,EmpiricalTriangleDensity,EmpiricalMeanDietOverlap,EmpiricalNetworkXTrophicLevelNumSpeciesFull,EmpiricalNetworkXTrophicLevelNumSpeciesLargest,EmpiricalNetworkXTrophicLevelNumSpeciesWithLevel,EmpiricalNetworkXTrophicLevelLargestFraction,EmpiricalNetworkXTrophicLevelStatusCode,EmpiricalPropBasal,EmpiricalPropIntermediate,EmpiricalPropTop,TrainNumSpecies,TrainConnectance,TrainMeanTrophicLevel,TrainMeanDegree,TrainMeanGenerality,TrainMeanVulnerability,TrainDegreeStd,TrainDegreeCV,TrainDegreeGini,TrainGeneralityStd,TrainGeneralityCV,TrainGeneralityGini,TrainVulnerabilityStd,TrainVulnerabilityCV,TrainVulnerabilityGini,TrainTrophicLevelStd,TrainTrophicLevelCV,TrainTrophicLevelRange,TrainNetworkXMeanTrophicLevel,TrainNetworkXTrophicLevelStd,TrainNetworkXTrophicLevelRange,TrainMeanLocalClustering,TrainTransitivity,TrainNumTriangles,TrainTriangleDensity,TrainMeanDietOverlap,TrainNetworkXTrophicLevelNumSpeciesFull,TrainNetworkXTrophicLevelNumSpeciesLargest,TrainNetworkXTrophicLevelNumSpeciesWithLevel,TrainNetworkXTrophicLevelLargestFraction,TrainNetworkXTrophicLevelStatusCode,TrainPropBasal,TrainPropIntermediate,TrainPropTop,PseudoNumSpecies,PseudoLinks,PseudoConnectance,PseudoMeanTrophicLevel,PseudoMeanDegree,PseudoMeanGenerality,PseudoMeanVulnerability,PseudoDegreeStd,PseudoDegreeCV,PseudoDegreeGini,PseudoGeneralityStd,PseudoGeneralityCV,PseudoGeneralityGini,PseudoVulnerabilityStd,PseudoVulnerabilityCV,PseudoVulnerabilityGini,PseudoTrophicLevelStd,PseudoTrophicLevelCV,PseudoTrophicLevelRange,PseudoNetworkXMeanTrophicLevel,PseudoNetworkXTrophicLevelStd,PseudoNetworkXTrophicLevelRange,PseudoMeanLocalClustering,PseudoTransitivity,PseudoNumTriangles,PseudoTriangleDensity,PseudoMeanDietOverlap,PseudoNetworkXTrophicLevelNumSpeciesFull,PseudoNetworkXTrophicLevelNumSpeciesLargest,PseudoNetworkXTrophicLevelNumSpeciesWithLevel,PseudoNetworkXTrophicLevelLargestFraction,PseudoNetworkXTrophicLevelStatusCode,PseudoPropBasal,PseudoPropIntermediate,PseudoPropTop,DeltaLinks,DeltaConnectance,DeltaMeanTrophicLevel,DeltaMeanDegree,DeltaMeanGenerality,DeltaMeanVulnerability,DeltaDegreeStd,DeltaDegreeCV,DeltaDegreeGini,DeltaGeneralityStd,DeltaGeneralityCV,DeltaGeneralityGini,DeltaVulnerabilityStd,DeltaVulnerabilityCV,DeltaVulnerabilityGini,DeltaTrophicLevelStd,DeltaTrophicLevelCV,DeltaTrophicLevelRange,DeltaNetworkXMeanTrophicLevel,DeltaNetworkXTrophicLevelStd,DeltaNetworkXTrophicLevelRange,DeltaMeanLocalClustering,DeltaTransitivity,DeltaNumTriangles,DeltaTriangleDensity,DeltaMeanDietOverlap,DeltaPropBasal,DeltaPropIntermediate,DeltaPropTop,PseudoTP,PseudoFP,PseudoFN,PseudoTN,PseudoTPR,PseudoTNR,PseudoFPR,PseudoFNR,PseudoPrecision,PseudoRecall,PseudoF1Score,PseudoMCC,PseudoTSS,PseudoJaccardLinks,NumPredictedNovelLinks,NumTrueNovelLinks,EvaluateOnAllUnseen,CvK,FoldID,NumFolds
1,WLNM_dir_neg,0.912333990796,0.846759347948,00:00:08,10,10,1,1231466225,threshold_sweep,0.1,0.582089552239,0.8,0.673866090713,156,112,39,278,0.8,0.712820512821,0.287179487179,0.2,0.582089552239,0.8,0.673866090713,0.74188034188,0.51396011396,0.468933177022,0.485196846689,0.512820512821,216,21,195,0,216,0,21,0,195,37,216,0.162162162162,1.32432432432,11.6756756757,21.6,6,8.1990990496,0.702237650082,0.31006006006,10.329336629,1.76937710775,0.765265265265,3.0868314707,0.528762798222,0.252752752753,0.579945114934,0.437917739848,2,1.32432432432,0.579945114934,2,0.0121701261701,0.00597269624573,7,0.000900900900901,0.621196581197,37,37,37,1,0,0.72972972973,0.243243243243,0.027027027027,37,0.0157657657658,1.32432432432,1.13513513514,2.1,1.23529411765,1.10960859371,0.977512332553,0.507078507079,1.09393633119,1.92741163114,0.803088803089,0.688821075806,1.21363713356,0.607464607465,0.579945114934,0.437917739848,2,1.30769230769,0.480384461415,1,0,0,0,0,0.0192592592593,37,13,13,0.351351351351,0,0.405405405405,0.0540540540541,0.216216216216,37,289,0.216966966967,NaN,15.6216216216,7.81081081081,7.81081081081,7.8752472672,0.504124825063,0.281679603479,7.76687352313,0.99437481092,0.458617787338,6.7570450389,0.865088811208,0.44421584214,NaN,NaN,NaN,NaN,NaN,NaN,0.56484641332,0.468222043443,776,0.0998712998713,0.218888487497,37,37,0,1,2,0,1,0,73,0.0548048048048,NaN,3.94594594595,-13.7891891892,1.81081081081,-0.323851782406,-0.198112825019,-0.0283804565811,-2.56246310587,-0.775002296825,-0.306647477928,3.67021356819,0.336326012986,0.191463089387,NaN,NaN,NaN,NaN,NaN,NaN,0.552676287149,0.462249347198,769,0.0989703989704,-0.4023080937,-0.72972972973,0.756756756757,-0.027027027027,177,112,39,1004,0.819444444444,0.899641577061,0.100358422939,0.180555555556,0.612456747405,0.819444444444,0.70099009901,0.643055924504,0.719086021505,0.539634146341,268,195,0,0,0,0
2,WLNM_dir_neg,0.912333990796,0.846759347948,00:00:08,10,10,1,1231466225,threshold_sweep,0.2,0.733668341709,0.748717948718,0.741116751269,146,53,49,337,0.748717948718,0.864102564103,0.135897435897,0.251282051282,0.733668341709,0.748717948718,0.741116751269,0.825641025641,0.553276353276,0.609693877551,0.609765308846,0.612820512821,216,21,195,0,216,0,21,0,195,37,216,0.162162162162,1.32432432432,11.6756756757,21.6,6,8.1990990496,0.702237650082,0.31006006006,10.329336629,1.76937710775,0.765265265265,3.0868314707,0.528762798222,0.252752752753,0.579945114934,0.437917739848,2,1.32432432432,0.579945114934,2,0.0121701261701,0.00597269624573,7,0.000900900900901,0.621196581197,37,37,37,1,0,0.72972972973,0.243243243243,0.027027027027,37,0.0157657657658,1.32432432432,1.13513513514,2.1,1.23529411765,1.10960859371,0.977512332553,0.507078507079,1.09393633119,1.92741163114,0.803088803089,0.688821075806,1.21363713356,0.607464607465,0.579945114934,0.437917739848,2,1.30769230769,0.480384461415,1,0,0,0,0,0.0192592592593,37,13,13,0.351351351351,0,0.405405405405,0.0540540540541,0.216216216216,37,220,0.165165165165,1,11.8918918919,6.28571428571,5.94594594595,7.75594318279,0.652204313098,0.349877149877,8.07928058522,1.35878809842,0.615233415233,5.05495326908,0.850151231618,0.412530712531,0,0,0,NaN,NaN,NaN,0.452812350637,0.301270417423,332,0.0427284427284,0.194932508622,37,37,0,1,2,0.0540540540541,0.945945945946,0,4,0.003003003003,-0.324324324324,0.216216216216,-15.3142857143,-0.0540540540541,-0.443155866815,-0.0500333369837,0.0398170898171,-2.25005604378,-0.410589009321,-0.150031850032,1.96812179837,0.321388433395,0.159777959778,-0.579945114934,-0.437917739848,-2,NaN,NaN,NaN,0.440642224467,0.295297721177,325,0.0418275418275,-0.426264072575,-0.675675675676,0.702702702703,-0.027027027027,167,53,49,1063,0.773148148148,0.952508960573,0.0474910394265,0.226851851852,0.759090909091,0.773148148148,0.766055045872,0.720322022828,0.725657108722,0.620817843866,199,195,0,0,0,0
3,WLNM_dir_neg,0.912333990796,0.846759347948,00:00:08,10,10,1,1231466225,threshold_sweep,0.3,0.733668341709,0.748717948718,0.741116751269,146,53,49,337,0.748717948718,0.864102564103,0.135897435897,0.251282051282,0.733668341709,0.748717948718,0.741116751269,0.825641025641,0.553276353276,0.609693877551,0.609765308846,0.612820512821,216,21,195,0,216,0,21,0,195,37,216,0.162162162162,1.32432432432,11.6756756757,21.6,6,8.1990990496,0.702237650082,0.31006006006,10.329336629,1.76937710775,0.765265265265,3.0868314707,0.528762798222,0.252752752753,0.579945114934,0.437917739848,2,1.32432432432,0.579945114934,2,0.0121701261701,0.00597269624573,7,0.000900900900901,0.621196581197,37,37,37,1,0,0.72972972973,0.243243243243,0.027027027027,37,0.0157657657658,1.32432432432,1.13513513514,2.1,1.23529411765,1.10960859371,0.977512332553,0.507078507079,1.09393633119,1.92741163114,0.803088803089,0.688821075806,1.21363713356,0.607464607465,0.579945114934,0.437917739848,2,1.30769230769,0.480384461415,1,0,0,0,0,0.0192592592593,37,13,13,0.351351351351,0,0.405405405405,0.0540540540541,0.216216216216,37,220,0.165165165165,1,11.8918918919,6.28571428571,5.94594594595,7.75594318279,0.652204313098,0.349877149877,8.07928058522,1.35878809842,0.615233415233,5.05495326908,0.850151231618,0.412530712531,0,0,0,NaN,NaN,NaN,0.452812350637,0.301270417423,332,0.0427284427284,0.194932508622,37,37,0,1,2,0.0540540540541,0.945945945946,0,4,0.003003003003,-0.324324324324,0.216216216216,-15.3142857143,-0.0540540540541,-0.443155866815,-0.0500333369837,0.0398170898171,-2.25005604378,-0.410589009321,-0.150031850032,1.96812179837,0.321388433395,0.159777959778,-0.579945114934,-0.437917739848,-2,NaN,NaN,NaN,0.440642224467,0.295297721177,325,0.0418275418275,-0.426264072575,-0.675675675676,0.702702702703,-0.027027027027,167,53,49,1063,0.773148148148,0.952508960573,0.0474910394265,0.226851851852,0.759090909091,0.773148148148,0.766055045872,0.720322022828,0.725657108722,0.620817843866,199,195,0,0,0,0
4,WLNM_dir_neg,0.912333990796,0.846759347948,00:00:08,10,10,1,1231466225,threshold_sweep,0.4,0.737373737374,0.748717948718,0.743002544529,146,52,49,338,0.748717948718,0.866666666667,0.133333333333,0.251282051282,0.737373737374,0.748717948718,0.743002544529,0.82735042735,0.553846153846,0.613026819923,0.613067319829,0.615384615385,216,21,195,0,216,0,21,0,195,37,216,0.162162162162,1.32432432432,11.6756756757,21.6,6,8.1990990496,0.702237650082,0.31006006006,10.329336629,1.76937710775,0.765265265265,3.0868314707,0.528762798222,0.252752752753,0.579945114934,0.437917739848,2,1.32432432432,0.579945114934,2,0.0121701261701,0.00597269624573,7,0.000900900900901,0.621196581197,37,37,37,1,0,0.72972972973,0.243243243243,0.027027027027,37,0.0157657657658,1.32432432432,1.13513513514,2.1,1.23529411765,1.10960859371,0.977512332553,0.507078507079,1.09393633119,1.92741163114,0.803088803089,0.688821075806,1.21363713356,0.607464607465,0.579945114934,0.437917739848,2,1.30769230769,0.480384461415,1,0,0,0,0,0.0192592592593,37,13,13,0.351351351351,0,0.405405405405,0.0540540540541,0.216216216216,37,219,0.164414414414,1,11.8378378378,6.25714285714,5.91891891892,7.73704477574,0.653585974207,0.349500185117,8.09107319615,1.36698496921,0.617302233741,5.07377997584,0.857213968521,0.417129458225,0,0,0,NaN,NaN,NaN,0.452812350637,0.301270417423,332,0.0427284427284,0.196829053565,37,37,0,1,2,0.0540540540541,0.945945945946,0,3,0.00225225225225,-0.324324324324,0.162162162162,-15.3428571429,-0.0810810810811,-0.462054273861,-0.0486516758752,0.0394401250566,-2.23826343285,-0.402392138533,-0.147963031525,1.98694850514,0.328451170299,0.164376705473,-0.579945114934,-0.437917739848,-2,NaN,NaN,NaN,0.440642224467,0.295297721177,325,0.0418275418275,-0.424367527632,-0.675675675676,0.702702702703,-0.027027027027,167,52,49,1064,0.773148148148,0.953405017921,0.0465949820789,0.226851851852,0.762557077626,0.773148148148,0.767816091954,0.722531412247,0.726553166069,0.623134328358,198,195,0,0,0,0
5,WLNM_dir_neg,0.912333990796,0.846759347948,00:00:08,10,10,1,1231466225,threshold_sweep,0.5,0.733333333333,0.733333333333,0.733333333333,143,52,52,338,0.733333333333,0.866666666667,0.133333333333,0.266666666667,0.733333333333,0.733333333333,0.733333333333,0.822222222222,0.555555555556,0.6,0.6,0.6,216,21,195,0,216,0,21,0,195,37,216,0.162162162162,1.32432432432,11.6756756757,21.6,6,8.1990990496,0.702237650082,0.31006006006,10.329336629,1.76937710775,0.765265265265,3.0868314707,0.528762798222,0.252752752753,0.579945114934,0.437917739848,2,1.32432432432,0.579945114934,2,0.0121701261701,0.00597269624573,7,0.000900900900901,0.621196581197,37,37,37,1,0,0.72972972973,0.243243243243,0.027027027027,37,0.0157657657658,1.32432432432,1.13513513514,2.1,1.23529411765,1.10960859371,0.977512332553,0.507078507079,1.09393633119,1.92741163114,0.803088803089,0.688821075806,1.21363713356,0.607464607465,0.579945114934,0.437917739848,2,1.30769230769,0.480384461415,1,0,0,0,0,0.0192592592593,37,13,13,0.351351351351,0,0.405405405405,0.0540540540541,0.216216216216,37,216,0.162162162162,1,11.6756756757,6.17142857143,5.83783783784,7.65235640562,0.655410155111,0.34984984985,7.95652601996,1.3629234386,0.615365365365,5.04707568528,0.864545372016,0.418668668669,0,0,0,NaN,NaN,NaN,0.450841591081,0.297482126205,319,0.0410553410553,0.196045350197,37,37,0,1,2,0.0540540540541,0.945945945946,0,0,0,-0.324324324324,0,-15.4285714286,-0.162162162162,-0.546742643989,-0.0468274949713,0.0397897897898,-2.37281060904,-0.406453669141,-0.1498998999,1.96024421458,0.335782573794,0.165915915916,-0.579945114934,-0.437917739848,-2,NaN,NaN,NaN,0.438671464911,0.291509429959,312,0.0401544401544,-0.425151230999,-0.675675675676,0.702702702703,-0.027027027027,164,52,52,1064,0.759259259259,0.953405017921,0.0465949820789,0.240740740741,0.759259259259,0.759259259259,0.759259259259,0.71266427718,0.71266427718,0.611940298507,195,195,0,0,0,0
6,WLNM_dir_neg,0.912333990796,0.846759347948,00:00:08,10,10,1,1231466225,threshold_sweep,0.6,0.781420765027,0.733333333333,0.756613756614,143,40,52,350,0.733333333333,0.897435897436,0.102564102564,0.266666666667,0.781420765027,0.733333333333,0.756613756614,0.842735042735,0.562393162393,0.640625,0.641329973619,0.630769230769,216,21,195,0,216,0,21,0,195,37,216,0.162162162162,1.32432432432,11.6756756757,21.6,6,8.1990990496,0.702237650082,0.31006006006,10.329336629,1.76937710775,0.765265265265,3.0868314707,0.528762798222,0.252752752753,0.579945114934,0.437917739848,2,1.32432432432,0.579945114934,2,0.0121701261701,0.00597269624573,7,0.000900900900901,0.621196581197,37,37,37,1,0,0.72972972973,0.243243243243,0.027027027027,37,0.0157657657658,1.32432432432,1.13513513514,2.1,1.23529411765,1.10960859371,0.977512332553,0.507078507079,1.09393633119,1.92741163114,0.803088803089,0.688821075806,1.21363713356,0.607464607465,0.579945114934,0.437917739848,2,1.30769230769,0.480384461415,1,0,0,0,0,0.0192592592593,37,13,13,0.351351351351,0,0.405405405405,0.0540540540541,0.216216216216,37,204,0.153153153153,1,11.027027027,6.375,5.51351351351,7.71537601333,0.699678707091,0.36897191309,8.12274454719,1.47324288356,0.659247482777,4.46356622259,0.809568383509,0.394011658718,0,0,0,NaN,NaN,NaN,0.401372694399,0.265299260256,263,0.0338481338481,0.212218832039,37,37,0,1,2,0.135135135135,0.864864864865,0,-12,-0.00900900900901,-0.324324324324,-0.648648648649,-15.225,-0.486486486486,-0.483723036277,-0.00255894299091,0.0589118530295,-2.20659208181,-0.296134224186,-0.106017782488,1.37673475188,0.280805585286,0.141258905965,-0.579945114934,-0.437917739848,-2,NaN,NaN,NaN,0.389202568229,0.25932656401,256,0.0329472329472,-0.408977749158,-0.594594594595,0.621621621622,-0.027027027027,164,40,52,1076,0.759259259259,0.964157706093,0.0358422939068,0.240740740741,0.803921568627,0.759259259259,0.780952380952,0.740419808296,0.723416965352,0.640625,183,195,0,0,0,0
7,WLNM_dir_neg,0.912333990796,0.846759347948,00:00:08,10,10,1,1231466225,threshold_sweep,0.7,0.777777777778,0.717948717949,0.746666666667,140,40,55,350,0.717948717949,0.897435897436,0.102564102564,0.282051282051,0.777777777778,0.717948717949,0.746666666667,0.837606837607,0.564102564103,0.627450980392,0.628539361055,0.615384615385,216,21,195,0,216,0,21,0,195,37,216,0.162162162162,1.32432432432,11.6756756757,21.6,6,8.1990990496,0.702237650082,0.31006006006,10.329336629,1.76937710775,0.765265265265,3.0868314707,0.528762798222,0.252752752753,0.579945114934,0.437917739848,2,1.32432432432,0.579945114934,2,0.0121701261701,0.00597269624573,7,0.000900900900901,0.621196581197,37,37,37,1,0,0.72972972973,0.243243243243,0.027027027027,37,0.0157657657658,1.32432432432,1.13513513514,2.1,1.23529411765,1.10960859371,0.977512332553,0.507078507079,1.09393633119,1.92741163114,0.803088803089,0.688821075806,1.21363713356,0.607464607465,0.579945114934,0.437917739848,2,1.30769230769,0.480384461415,1,0,0,0,0,0.0192592592593,37,13,13,0.351351351351,0,0.405405405405,0.0540540540541,0.216216216216,37,201,0.150900900901,1,10.8648648649,6.28125,5.43243243243,7.69618290006,0.708355142543,0.372327551432,8.05032967075,1.48190148168,0.660212451257,4.42556048265,0.814655412229,0.395051768186,0,0,0,NaN,NaN,NaN,0.404054501346,0.266345492085,258,0.0332046332046,0.211070682358,37,37,0,1,2,0.135135135135,0.864864864865,0,-15,-0.0112612612613,-0.324324324324,-0.810810810811,-15.31875,-0.567567567568,-0.502916149541,0.0061174924613,0.062267491372,-2.27900695825,-0.287475626064,-0.105052814008,1.33872901195,0.285892614007,0.142299015433,-0.579945114934,-0.437917739848,-2,NaN,NaN,NaN,0.391884375175,0.26037279584,251,0.0323037323037,-0.410125898839,-0.594594594595,0.621621621622,-0.027027027027,161,40,55,1076,0.74537037037,0.964157706093,0.0358422939068,0.25462962963,0.800995024876,0.74537037037,0.772182254197,0.730632904674,0.709528076464,0.62890625,180,195,0,0,0,0
8,WLNM_dir_neg,0.912333990796,0.846759347948,00:00:08,10,10,1,1231466225,threshold_sweep,0.8,0.777777777778,0.717948717949,0.746666666667,140,40,55,350,0.717948717949,0.897435897436,0.102564102564,0.282051282051,0.777777777778,0.717948717949,0.746666666667,0.837606837607,0.564102564103,0.627450980392,0.628539361055,0.615384615385,216,21,195,0,216,0,21,0,195,37,216,0.162162162162,1.32432432432,11.6756756757,21.6,6,8.1990990496,0.702237650082,0.31006006006,10.329336629,1.76937710775,0.765265265265,3.0868314707,0.528762798222,0.252752752753,0.579945114934,0.437917739848,2,1.32432432432,0.579945114934,2,0.0121701261701,0.00597269624573,7,0.000900900900901,0.621196581197,37,37,37,1,0,0.72972972973,0.243243243243,0.027027027027,37,0.0157657657658,1.32432432432,1.13513513514,2.1,1.23529411765,1.10960859371,0.977512332553,0.507078507079,1.09393633119,1.92741163114,0.803088803089,0.688821075806,1.21363713356,0.607464607465,0.579945114934,0.437917739848,2,1.30769230769,0.480384461415,1,0,0,0,0,0.0192592592593,37,13,13,0.351351351351,0,0.405405405405,0.0540540540541,0.216216216216,37,201,0.150900900901,1,10.8648648649,6.28125,5.43243243243,7.69618290006,0.708355142543,0.372327551432,8.05032967075,1.48190148168,0.660212451257,4.42556048265,0.814655412229,0.395051768186,0,0,0,NaN,NaN,NaN,0.404054501346,0.266345492085,258,0.0332046332046,0.211070682358,37,37,0,1,2,0.135135135135,0.864864864865,0,-15,-0.0112612612613,-0.324324324324,-0.810810810811,-15.31875,-0.567567567568,-0.502916149541,0.0061174924613,0.062267491372,-2.27900695825,-0.287475626064,-0.105052814008,1.33872901195,0.285892614007,0.142299015433,-0.579945114934,-0.437917739848,-2,NaN,NaN,NaN,0.391884375175,0.26037279584,251,0.0323037323037,-0.410125898839,-0.594594594595,0.621621621622,-0.027027027027,161,40,55,1076,0.74537037037,0.964157706093,0.0358422939068,0.25462962963,0.800995024876,0.74537037037,0.772182254197,0.730632904674,0.709528076464,0.62890625,180,195,0,0,0,0
9,WLNM_dir_neg,0.912333990796,0.846759347948,00:00:08,10,10,1,1231466225,threshold_sweep,0.9,0.777777777778,0.717948717949,0.746666666667,140,40,55,350,0.717948717949,0.897435897436,0.102564102564,0.282051282051,0.777777777778,0.717948717949,0.746666666667,0.837606837607,0.564102564103,0.627450980392,0.628539361055,0.615384615385,216,21,195,0,216,0,21,0,195,37,216,0.162162162162,1.32432432432,11.6756756757,21.6,6,8.1990990496,0.702237650082,0.31006006006,10.329336629,1.76937710775,0.765265265265,3.0868314707,0.528762798222,0.252752752753,0.579945114934,0.437917739848,2,1.32432432432,0.579945114934,2,0.0121701261701,0.00597269624573,7,0.000900900900901,0.621196581197,37,37,37,1,0,0.72972972973,0.243243243243,0.027027027027,37,0.0157657657658,1.32432432432,1.13513513514,2.1,1.23529411765,1.10960859371,0.977512332553,0.507078507079,1.09393633119,1.92741163114,0.803088803089,0.688821075806,1.21363713356,0.607464607465,0.579945114934,0.437917739848,2,1.30769230769,0.480384461415,1,0,0,0,0,0.0192592592593,37,13,13,0.351351351351,0,0.405405405405,0.0540540540541,0.216216216216,37,201,0.150900900901,1,10.8648648649,6.28125,5.43243243243,7.69618290006,0.708355142543,0.372327551432,8.05032967075,1.48190148168,0.660212451257,4.42556048265,0.814655412229,0.395051768186,0,0,0,NaN,NaN,NaN,0.404054501346,0.266345492085,258,0.0332046332046,0.211070682358,37,37,0,1,2,0.135135135135,0.864864864865,0,-15,-0.0112612612613,-0.324324324324,-0.810810810811,-15.31875,-0.567567567568,-0.502916149541,0.0061174924613,0.062267491372,-2.27900695825,-0.287475626064,-0.105052814008,1.33872901195,0.285892614007,0.142299015433,-0.579945114934,-0.437917739848,-2,NaN,NaN,NaN,0.391884375175,0.26037279584,251,0.0323037323037,-0.410125898839,-0.594594594595,0.621621621622,-0.027027027027,161,40,55,1076,0.74537037037,0.964157706093,0.0358422939068,0.25462962963,0.800995024876,0.74537037037,0.772182254197,0.730632904674,0.709528076464,0.62890625,180,195,0,0,0,0
10,WLNM_dir_neg,0.770539119001,0.754794496075,00:00:08,10,10,2,1231466226,threshold_sweep,0.1,0.747252747253,0.697435897436,0.721485411141,136,46,59,344,0.697435897436,0.882051282051,0.117948717949,0.302564102564,0.747252747253,0.697435897436,0.721485411141,0.820512820513,0.562962962963,0.589308996089,0.590072295101,0.579487179487,216,21,195,0,216,0,21,0,195,37,216,0.162162162162,1.32432432432,11.6756756757,21.6,6,8.1990990496,0.702237650082,0.31006006006,10.329336629,1.76937710775,0.765265265265,3.0868314707,0.528762798222,0.252752752753,0.579945114934,0.437917739848,2,1.32432432432,0.579945114934,2,0.0121701261701,0.00597269624573,7,0.000900900900901,0.621196581197,37,37,37,1,0,0.72972972973,0.243243243243,0.027027027027,37,0.0157657657658,1.2972972973,1.13513513514,2.33333333333,1.16666666667,1.22841727805,1.0821771259,0.545688545689,1.19118383087,2.09875246391,0.826254826255,0.688821075806,1.21363713356,0.576576576577,0.570811550186,0.440000569935,2,1.5,0.707106781187,2,0,0,0,0,0.0296296296296,37,18,18,0.486486486486,0,0.405405405405,0.0810810810811,0.162162162162,37,203,0.152402402402,1.98678327802,10.972972973,7.25,5.48648648649,7.68651953634,0.70049562277,0.345759552656,8.5395212643,1.55646446689,0.680335507922,4.36285852791,0.795200815431,0.388230595127,0.710231137723,0.35747791195,2.78963268647,1.98678327802,0.710231137723,2.78963268647,0.435853067281,0.298331697743,304,0.0391248391248,0.1957269222,37,37,37,1,0,0.243243243243,0.756756756757,0,-13,-0.00975975975976,0.662458953691,-0.702702702703,-14.35,-0.513513513514,-0.512579513261,-0.00174202731169,0.035699492596,-1.7898153647,-0.212912640853,-0.0849297573436,1.2760270572,0.266438017209,0.135477842374,0.130286022788,-0.0804398278982,0.789632686471,0.662458953691,0.130286022788,0.789632686471,0.42368294111,0.292359001497,297,0.0382239382239,-0.425469658996,-0.486486486486,0.513513513514,-0.027027027027,157,46,59,1070,0.726851851852,0.958781362007,0.0412186379928,0.273148148148,0.773399014778,0.726851851852,0.749403341289,0.703162709173,0.685633213859,0.599236641221,182,195,0,0,0,0
11,WLNM_dir_neg,0.770539119001,0.754794496075,00:00:08,10,10,2,1231466226,threshold_sweep,0.2,0.783439490446,0.630769230769,0.698863636364,123,34,72,356,0.630769230769,0.912820512821,0.0871794871795,0.369230769231,0.783439490446,0.630769230769,0.698863636364,0.818803418803,0.577207977208,0.571428571429,0.578294620531,0.54358974359,216,21,195,0,216,0,21,0,195,37,216,0.162162162162,1.32432432432,11.6756756757,21.6,6,8.1990990496,0.702237650082,0.31006006006,10.329336629,1.76937710775,0.765265265265,3.0868314707,0.528762798222,0.252752752753,0.579945114934,0.437917739848,2,1.32432432432,0.579945114934,2,0.0121701261701,0.00597269624573,7,0.000900900900901,0.621196581197,37,37,37,1,0,0.72972972973,0.243243243243,0.027027027027,37,0.0157657657658,1.2972972973,1.13513513514,2.33333333333,1.16666666667,1.22841727805,1.0821771259,0.545688545689,1.19118383087,2.09875246391,0.826254826255,0.688821075806,1.21363713356,0.576576576577,0.570811550186,0.440000569935,2,1.5,0.707106781187,2,0,0,0,0,0.0296296296296,37,18,18,0.486486486486,0,0.405405405405,0.0810810810811,0.162162162162,37,178,0.133633633634,1.94668159266,9.62162162162,6.59259259259,4.94444444444,7.3119056315,0.759945248218,0.364713027634,8.08578257684,1.68075255811,0.708776191922,3.93585962542,0.818128124385,0.402368660796,0.710426379021,0.364942259535,2.64568508395,1.94668159266,0.710426379021,2.64568508395,0.36860889483,0.224669603524,187,0.0240669240669,0.187959965507,37,37,37,1,0,0.27027027027,0.702702702703,0.027027027027,-38,-0.0285285285285,0.622357268337,-2.05405405405,-15.0074074074,-1.05555555556,-0.887193418104,0.0577075981358,0.0546529675743,-2.24355405216,-0.0886245496388,-0.056489073343,0.849028154713,0.289365326162,0.149615908043,0.130481264086,-0.0729754803135,0.645685083951,0.622357268337,0.130481264086,0.645685083951,0.35643876866,0.218696907278,180,0.023166023166,-0.433236615689,-0.459459459459,0.459459459459,0,144,34,72,1082,0.666666666667,0.969534050179,0.0304659498208,0.333333333333,0.808988764045,0.666666666667,0.730964467005,0.689191990202,0.636200716846,0.576,157,195,0,0,0,0
12,WLNM_dir_neg,0.770539119001,0.754794496075,00:00:08,10,10,2,1231466226,threshold_sweep,0.3,0.937007874016,0.610256410256,0.739130434783,119,8,76,382,0.610256410256,0.979487179487,0.0205128205128,0.389743589744,0.937007874016,0.610256410256,0.739130434783,0.85641025641,0.594301994302,0.64606741573,0.674338939656,0.589743589744,216,21,195,0,216,0,21,0,195,37,216,0.162162162162,1.32432432432,11.6756756757,21.6,6,8.1990990496,0.702237650082,0.31006006006,10.329336629,1.76937710775,0.765265265265,3.0868314707,0.528762798222,0.252752752753,0.579945114934,0.437917739848,2,1.32432432432,0.579945114934,2,0.0121701261701,0.00597269624573,7,0.000900900900901,0.621196581197,37,37,37,1,0,0.72972972973,0.243243243243,0.027027027027,37,0.0157657657658,1.2972972973,1.13513513514,2.33333333333,1.16666666667,1.22841727805,1.0821771259,0.545688545689,1.19118383087,2.09875246391,0.826254826255,0.688821075806,1.21363713356,0.576576576577,0.570811550186,0.440000569935,2,1.5,0.707106781187,2,0,0,0,0,0.0296296296296,37,18,18,0.486486486486,0,0.405405405405,0.0810810810811,0.162162162162,37,148,0.111111111111,1.38160957222,8,13.4545454545,4.11111111111,7.52772652709,0.940965815886,0.417640613587,8.4162541153,2.10406352883,0.826880934989,2.19848432638,0.549621081595,0.302045288532,0.627829212495,0.454418690432,2.09037200198,1.38160957222,0.627829212495,2.09037200198,0.215659712161,0.119649805447,82,0.0105534105534,0.230186775988,37,37,37,1,0,0.702702702703,0.27027027027,0.027027027027,-68,-0.0510510510511,0.0572852478918,-3.67567567568,-8.14545454545,-1.88888888889,-0.671372522514,0.238728165804,0.107580553526,-1.9130825137,0.33468642108,0.0616156697238,-0.888347144325,0.0208582833723,0.049292535779,0.0478840975602,0.0165009505835,0.0903720019844,0.0572852478918,0.0478840975602,0.0903720019844,0.203489585991,0.113677109202,75,0.00965250965251,-0.391009805209,-0.027027027027,0.027027027027,0,140,8,76,1108,0.648148148148,0.992831541219,0.00716845878136,0.351851851852,0.945945945946,0.648148148148,0.769230769231,0.75178997868,0.640979689367,0.625,127,195,0,0,0,0
13,WLNM_dir_neg,0.770539119001,0.754794496075,00:00:08,10,10,2,1231466226,threshold_sweep,0.4,0.923076923077,0.492307692308,0.642140468227,96,8,99,382,0.492307692308,0.979487179487,0.0205128205128,0.507692307692,0.923076923077,0.492307692308,0.642140468227,0.817094017094,0.607407407407,0.534107402032,0.581719493542,0.471794871795,216,21,195,0,216,0,21,0,195,37,216,0.162162162162,1.32432432432,11.6756756757,21.6,6,8.1990990496,0.702237650082,0.31006006006,10.329336629,1.76937710775,0.765265265265,3.0868314707,0.528762798222,0.252752752753,0.579945114934,0.437917739848,2,1.32432432432,0.579945114934,2,0.0121701261701,0.00597269624573,7,0.000900900900901,0.621196581197,37,37,37,1,0,0.72972972973,0.243243243243,0.027027027027,37,0.0157657657658,1.2972972973,1.13513513514,2.33333333333,1.16666666667,1.22841727805,1.0821771259,0.545688545689,1.19118383087,2.09875246391,0.826254826255,0.688821075806,1.21363713356,0.576576576577,0.570811550186,0.440000569935,2,1.5,0.707106781187,2,0,0,0,0,0.0296296296296,37,18,18,0.486486486486,0,0.405405405405,0.0810810810811,0.162162162162,37,125,0.0938438438438,1.38861952107,6.75675675676,11.3636363636,3.47222222222,6.58451637221,0.974508423087,0.462918918919,7.04884289697,2.0864574975,0.825081081081,2.39619317705,0.709273180407,0.380540540541,0.639081145006,0.460227683184,2.12615575656,1.38861952107,0.639081145006,2.12615575656,0.165902555089,0.142,71,0.00913770913771,0.233795739121,37,37,37,1,0,0.702702702703,0.27027027027,0.027027027027,-91,-0.0683183183183,0.0642951967442,-4.91891891892,-10.2363636364,-2.52777777778,-1.6145826774,0.272270773005,0.152858858859,-3.28049373203,0.317080389758,0.0598158158158,-0.690638293654,0.180510382184,0.127787787788,0.0591360300714,0.0223099433358,0.126155756564,0.0642951967442,0.0591360300714,0.126155756564,0.153732428919,0.136027303754,64,0.00823680823681,-0.387400842076,-0.027027027027,0.027027027027,0,117,8,99,1108,0.541666666667,0.992831541219,0.00716845878136,0.458333333333,0.936,0.541666666667,0.686217008798,0.675610802091,0.534498207885,0.522321428571,104,195,0,0,0,0
14,WLNM_dir_neg,0.770539119001,0.754794496075,00:00:08,10,10,2,1231466226,threshold_sweep,0.5,0.935064935065,0.369230769231,0.529411764706,72,5,123,385,0.369230769231,0.987179487179,0.0128205128205,0.630769230769,0.935064935065,0.369230769231,0.529411764706,0.781196581197,0.622792022792,0.419939577039,0.496961315533,0.35641025641,216,21,195,0,216,0,21,0,195,37,216,0.162162162162,1.32432432432,11.6756756757,21.6,6,8.1990990496,0.702237650082,0.31006006006,10.329336629,1.76937710775,0.765265265265,3.0868314707,0.528762798222,0.252752752753,0.579945114934,0.437917739848,2,1.32432432432,0.579945114934,2,0.0121701261701,0.00597269624573,7,0.000900900900901,0.621196581197,37,37,37,1,0,0.72972972973,0.243243243243,0.027027027027,37,0.0157657657658,1.2972972973,1.13513513514,2.33333333333,1.16666666667,1.22841727805,1.0821771259,0.545688545689,1.19118383087,2.09875246391,0.826254826255,0.688821075806,1.21363713356,0.576576576577,0.570811550186,0.440000569935,2,1.5,0.707106781187,2,0,0,0,0,0.0296296296296,37,18,18,0.486486486486,0,0.405405405405,0.0810810810811,0.162162162162,37,98,0.0735735735736,1.30741273343,5.2972972973,10.8888888889,4.08333333333,5.34823369007,1.00961554353,0.53805846663,5.10019725227,1.92558467688,0.802537231109,2.84034638162,1.07237567469,0.570325427468,0.581716654711,0.444937271785,2.01567055394,1.45497084548,0.661558375301,2.01567055394,0.199325674326,0.166666666667,52,0.00669240669241,0.431497768753,37,25,25,0.675675675676,0,0.432432432432,0.216216216216,0.027027027027,-118,-0.0885885885886,-0.0169115908912,-6.37837837838,-10.7111111111,-1.91666666667,-2.85086535953,0.307377893452,0.22799840657,-5.22913937673,0.15620756913,0.0372719658434,-0.246485089086,0.54361287647,0.317572674716,0.00177153977634,0.0070195319366,0.0156705539359,0.130646521157,0.0816132603666,0.0156705539359,0.187155548156,0.160693970421,45,0.00579150579151,-0.189698812444,-0.297297297297,-0.027027027027,0,93,5,123,1111,0.430555555556,0.995519713262,0.00448028673835,0.569444444444,0.948979591837,0.430555555556,0.592356687898,0.60155408712,0.426075268817,0.420814479638,77,195,0,0,0,0
15,WLNM_dir_neg,0.770539119001,0.754794496075,00:00:08,10,10,2,1231466226,threshold_sweep,0.6,0.931506849315,0.348717948718,0.507462686567,68,5,127,385,0.348717948718,0.987179487179,0.0128205128205,0.651282051282,0.931506849315,0.348717948718,0.507462686567,0.774358974359,0.625071225071,0.398176291793,0.479137196334,0.335897435897,216,21,195,0,216,0,21,0,195,37,216,0.162162162162,1.32432432432,11.6756756757,21.6,6,8.1990990496,0.702237650082,0.31006006006,10.329336629,1.76937710775,0.765265265265,3.0868314707,0.528762798222,0.252752752753,0.579945114934,0.437917739848,2,1.32432432432,0.579945114934,2,0.0121701261701,0.00597269624573,7,0.000900900900901,0.621196581197,37,37,37,1,0,0.72972972973,0.243243243243,0.027027027027,37,0.0157657657658,1.2972972973,1.13513513514,2.33333333333,1.16666666667,1.22841727805,1.0821771259,0.545688545689,1.19118383087,2.09875246391,0.826254826255,0.688821075806,1.21363713356,0.576576576577,0.570811550186,0.440000569935,2,1.5,0.707106781187,2,0,0,0,0,0.0296296296296,37,18,18,0.486486486486,0,0.405405405405,0.0810810810811,0.162162162162,37,94,0.0705705705706,1.30741273343,5.08108108108,10.4444444444,3.91666666667,5.17675562479,1.01882956445,0.538527889592,4.98104515246,1.96062415575,0.80793559517,2.68322561476,1.05616327389,0.561242093157,0.581716654711,0.444937271785,2.01567055394,1.45497084548,0.661558375301,2.01567055394,0.193652915712,0.152424942263,44,0.00566280566281,0.381632818888,37,25,25,0.675675675676,0,0.432432432432,0.216216216216,0.027027027027,-122,-0.0915915915916,-0.0169115908912,-6.59459459459,-11.1555555556,-2.08333333333,-3.02234342481,0.316591914372,0.228467829532,-5.34829147654,0.191247048009,0.0426703299044,-0.403605855945,0.527400475672,0.308489340404,0.00177153977634,0.0070195319366,0.0156705539359,0.130646521157,0.0816132603666,0.0156705539359,0.181482789542,0.146452246018,37,0.0047619047619,-0.239563762309,-0.297297297297,-0.027027027027,0,89,5,127,1111,0.412037037037,0.995519713262,0.00448028673835,0.587962962963,0.946808510638,0.412037037037,0.574193548387,0.586574007469,0.407556750299,0.402714932127,73,195,0,0,0,0
16,WLNM_dir_neg,0.770539119001,0.754794496075,00:00:08,10,10,2,1231466226,threshold_sweep,0.7,0.931506849315,0.348717948718,0.507462686567,68,5,127,385,0.348717948718,0.987179487179,0.0128205128205,0.651282051282,0.931506849315,0.348717948718,0.507462686567,0.774358974359,0.625071225071,0.398176291793,0.479137196334,0.335897435897,216,21,195,0,216,0,21,0,195,37,216,0.162162162162,1.32432432432,11.6756756757,21.6,6,8.1990990496,0.702237650082,0.31006006006,10.329336629,1.76937710775,0.765265265265,3.0868314707,0.528762798222,0.252752752753,0.579945114934,0.437917739848,2,1.32432432432,0.579945114934,2,0.0121701261701,0.00597269624573,7,0.000900900900901,0.621196581197,37,37,37,1,0,0.72972972973,0.243243243243,0.027027027027,37,0.0157657657658,1.2972972973,1.13513513514,2.33333333333,1.16666666667,1.22841727805,1.0821771259,0.545688545689,1.19118383087,2.09875246391,0.826254826255,0.688821075806,1.21363713356,0.576576576577,0.570811550186,0.440000569935,2,1.5,0.707106781187,2,0,0,0,0,0.0296296296296,37,18,18,0.486486486486,0,0.405405405405,0.0810810810811,0.162162162162,37,94,0.0705705705706,1.30741273343,5.08108108108,10.4444444444,3.91666666667,5.17675562479,1.01882956445,0.538527889592,4.98104515246,1.96062415575,0.80793559517,2.68322561476,1.05616327389,0.561242093157,0.581716654711,0.444937271785,2.01567055394,1.45497084548,0.661558375301,2.01567055394,0.193652915712,0.152424942263,44,0.00566280566281,0.381632818888,37,25,25,0.675675675676,0,0.432432432432,0.216216216216,0.027027027027,-122,-0.0915915915916,-0.0169115908912,-6.59459459459,-11.1555555556,-2.08333333333,-3.02234342481,0.316591914372,0.228467829532,-5.34829147654,0.191247048009,0.0426703299044,-0.403605855945,0.527400475672,0.308489340404,0.00177153977634,0.0070195319366,0.0156705539359,0.130646521157,0.0816132603666,0.0156705539359,0.181482789542,0.146452246018,37,0.0047619047619,-0.239563762309,-0.297297297297,-0.027027027027,0,89,5,127,1111,0.412037037037,0.995519713262,0.00448028673835,0.587962962963,0.946808510638,0.412037037037,0.574193548387,0.586574007469,0.407556750299,0.402714932127,73,195,0,0,0,0
17,WLNM_dir_neg,0.770539119001,0.754794496075,00:00:08,10,10,2,1231466226,threshold_sweep,0.8,0.944444444444,0.348717948718,0.50936329588,68,4,127,386,0.348717948718,0.989743589744,0.0102564102564,0.651282051282,0.944444444444,0.348717948718,0.50936329588,0.776068376068,0.625641025641,0.401826484018,0.485661864257,0.338461538462,216,21,195,0,216,0,21,0,195,37,216,0.162162162162,1.32432432432,11.6756756757,21.6,6,8.1990990496,0.702237650082,0.31006006006,10.329336629,1.76937710775,0.765265265265,3.0868314707,0.528762798222,0.252752752753,0.579945114934,0.437917739848,2,1.32432432432,0.579945114934,2,0.0121701261701,0.00597269624573,7,0.000900900900901,0.621196581197,37,37,37,1,0,0.72972972973,0.243243243243,0.027027027027,37,0.0157657657658,1.2972972973,1.13513513514,2.33333333333,1.16666666667,1.22841727805,1.0821771259,0.545688545689,1.19118383087,2.09875246391,0.826254826255,0.688821075806,1.21363713356,0.576576576577,0.570811550186,0.440000569935,2,1.5,0.707106781187,2,0,0,0,0,0.0296296296296,37,18,18,0.486486486486,0,0.405405405405,0.0810810810811,0.162162162162,37,93,0.0698198198198,1.30247288104,5.02702702703,10.3333333333,4.04347826087,5.10711098201,1.01593067922,0.536471955827,4.95883959108,1.97287166527,0.809648358035,2.70412875291,1.07583617051,0.570183086312,0.573714510882,0.440480964503,2.00782312925,1.44765986395,0.652702095605,2.00782312925,0.169554791614,0.135071090047,38,0.0048906048906,0.386129017134,37,25,25,0.675675675676,0,0.432432432432,0.189189189189,0.0540540540541,-123,-0.0923423423423,-0.02185144328,-6.64864864865,-11.2666666667,-1.95652173913,-3.09198806759,0.313693029135,0.226411895767,-5.37049703792,0.203494557524,0.0443830927702,-0.382702717794,0.54707337229,0.317430333559,-0.00623060405273,0.00256322465478,0.0078231292517,0.123335539621,0.0727569806701,0.0078231292517,0.157384665443,0.129098393802,31,0.0039897039897,-0.235067564063,-0.297297297297,-0.0540540540541,0.027027027027,89,4,127,1112,0.412037037037,0.996415770609,0.00358422939068,0.587962962963,0.956989247312,0.412037037037,0.576051779935,0.590777206745,0.408452807646,0.404545454545,72,195,0,0,0,0
18,WLNM_dir_neg,0.770539119001,0.754794496075,00:00:08,10,10,2,1231466226,threshold_sweep,0.9,0.944444444444,0.348717948718,0.50936329588,68,4,127,386,0.348717948718,0.989743589744,0.0102564102564,0.651282051282,0.944444444444,0.348717948718,0.50936329588,0.776068376068,0.625641025641,0.401826484018,0.485661864257,0.338461538462,216,21,195,0,216,0,21,0,195,37,216,0.162162162162,1.32432432432,11.6756756757,21.6,6,8.1990990496,0.702237650082,0.31006006006,10.329336629,1.76937710775,0.765265265265,3.0868314707,0.528762798222,0.252752752753,0.579945114934,0.437917739848,2,1.32432432432,0.579945114934,2,0.0121701261701,0.00597269624573,7,0.000900900900901,0.621196581197,37,37,37,1,0,0.72972972973,0.243243243243,0.027027027027,37,0.0157657657658,1.2972972973,1.13513513514,2.33333333333,1.16666666667,1.22841727805,1.0821771259,0.545688545689,1.19118383087,2.09875246391,0.826254826255,0.688821075806,1.21363713356,0.576576576577,0.570811550186,0.440000569935,2,1.5,0.707106781187,2,0,0,0,0,0.0296296296296,37,18,18,0.486486486486,0,0.405405405405,0.0810810810811,0.162162162162,37,93,0.0698198198198,1.30247288104,5.02702702703,10.3333333333,4.04347826087,5.10711098201,1.01593067922,0.536471955827,4.95883959108,1.97287166527,0.809648358035,2.70412875291,1.07583617051,0.570183086312,0.573714510882,0.440480964503,2.00782312925,1.44765986395,0.652702095605,2.00782312925,0.169554791614,0.135071090047,38,0.0048906048906,0.386129017134,37,25,25,0.675675675676,0,0.432432432432,0.189189189189,0.0540540540541,-123,-0.0923423423423,-0.02185144328,-6.64864864865,-11.2666666667,-1.95652173913,-3.09198806759,0.313693029135,0.226411895767,-5.37049703792,0.203494557524,0.0443830927702,-0.382702717794,0.54707337229,0.317430333559,-0.00623060405273,0.00256322465478,0.0078231292517,0.123335539621,0.0727569806701,0.0078231292517,0.157384665443,0.129098393802,31,0.0039897039897,-0.235067564063,-0.297297297297,-0.0540540540541,0.027027027027,89,4,127,1112,0.412037037037,0.996415770609,0.00358422939068,0.587962962963,0.956989247312,0.412037037037,0.576051779935,0.590777206745,0.408452807646,0.404545454545,72,195,0,0,0,0
19,WLNM_dir_neg,0.902301117686,0.852002563508,00:00:10,10,10,3,1231466227,threshold_sweep,0.1,0.935185185185,0.517948717949,0.666666666667,101,7,94,383,0.517948717949,0.982051282051,0.0179487179487,0.482051282051,0.935185185185,0.517948717949,0.666666666667,0.82735042735,0.605128205128,0.562770562771,0.607503166933,0.5,216,21,195,0,216,0,21,0,195,37,216,0.162162162162,1.32432432432,11.6756756757,21.6,6,8.1990990496,0.702237650082,0.31006006006,10.329336629,1.76937710775,0.765265265265,3.0868314707,0.528762798222,0.252752752753,0.579945114934,0.437917739848,2,1.32432432432,0.579945114934,2,0.0121701261701,0.00597269624573,7,0.000900900900901,0.621196581197,37,37,37,1,0,0.72972972973,0.243243243243,0.027027027027,37,0.0157657657658,1.27027027027,1.13513513514,2.33333333333,1.23529411765,1.22841727805,1.0821771259,0.528957528958,1.25920037547,2.21859113773,0.839124839125,0.688821075806,1.21363713356,0.607464607465,0.508191163105,0.400065383721,2,1.36842105263,0.59726472037,2,0,0,0,0,0.0185515873016,37,19,19,0.513513513514,0,0.432432432432,0.027027027027,0.216216216216,37,129,0.0968468468468,1.40143921394,6.97297297297,10.75,4.77777777778,5.97441994621,0.856796658953,0.456526293736,6.61908696969,1.89849781301,0.794887911167,3.64098293827,1.04431293578,0.551854179761,0.610157679033,0.435379339299,2.14285714286,1.43686032105,0.624655239859,2.14285714286,0.148307147645,0.0976645435244,46,0.00592020592021,0.371306471306,37,34,34,0.918918918919,0,0.594594594595,0.135135135135,0.189189189189,-87,-0.0653153153153,0.0771148896149,-4.7027027027,-10.85,-1.22222222222,-2.22467910339,0.154559008871,0.146466233676,-3.71024965931,0.129120705266,0.0296226459017,0.554151467564,0.51555013756,0.299101427008,0.0302125640987,-0.00253840054905,0.142857142857,0.112535996727,0.0447101249243,0.142857142857,0.136137021475,0.0916918472787,39,0.00501930501931,-0.24989010989,-0.135135135135,-0.108108108108,0.162162162162,122,7,94,1109,0.564814814815,0.993727598566,0.00627240143369,0.435185185185,0.945736434109,0.564814814815,0.707246376812,0.696125369264,0.558542413381,0.547085201794,108,195,0,0,0,0
20,WLNM_dir_neg,0.902301117686,0.852002563508,00:00:10,10,10,3,1231466227,threshold_sweep,0.2,0.933333333333,0.502564102564,0.653333333333,98,7,97,383,0.502564102564,0.982051282051,0.0179487179487,0.497435897436,0.933333333333,0.502564102564,0.653333333333,0.822222222222,0.606837606838,0.547826086957,0.59529404499,0.484615384615,216,21,195,0,216,0,21,0,195,37,216,0.162162162162,1.32432432432,11.6756756757,21.6,6,8.1990990496,0.702237650082,0.31006006006,10.329336629,1.76937710775,0.765265265265,3.0868314707,0.528762798222,0.252752752753,0.579945114934,0.437917739848,2,1.32432432432,0.579945114934,2,0.0121701261701,0.00597269624573,7,0.000900900900901,0.621196581197,37,37,37,1,0,0.72972972973,0.243243243243,0.027027027027,37,0.0157657657658,1.27027027027,1.13513513514,2.33333333333,1.23529411765,1.22841727805,1.0821771259,0.528957528958,1.25920037547,2.21859113773,0.839124839125,0.688821075806,1.21363713356,0.607464607465,0.508191163105,0.400065383721,2,1.36842105263,0.59726472037,2,0,0,0,0,0.0185515873016,37,19,19,0.513513513514,0,0.432432432432,0.027027027027,0.216216216216,37,126,0.0945945945946,1.3952967078,6.81081081081,10.5,4.66666666667,5.90121380093,0.866448058074,0.458172458172,6.51689880004,1.91369250477,0.79836979837,3.57039882195,1.04845044771,0.555984555985,0.602552835502,0.43184566561,2.14285714286,1.43017582907,0.616942014798,2.14285714286,0.149569773908,0.0949227373068,43,0.00553410553411,0.358018622791,37,34,34,0.918918918919,0,0.594594594595,0.135135135135,0.189189189189,-90,-0.0675675675676,0.0709723834724,-4.86486486486,-11.1,-1.33333333333,-2.29788524867,0.164210407992,0.148112398112,-3.81243782896,0.144315397028,0.0331045331045,0.483567351241,0.519687649492,0.303231803232,0.022607720568,-0.0060720742381,0.142857142857,0.105851504749,0.0369968998639,0.142857142857,0.137399647738,0.0889500410611,36,0.0046332046332,-0.263177958405,-0.135135135135,-0.108108108108,0.162162162162,119,7,97,1109,0.550925925926,0.993727598566,0.00627240143369,0.449074074074,0.944444444444,0.550925925926,0.695906432749,0.685994075105,0.544653524492,0.533632286996,105,195,0,0,0,0
21,WLNM_dir_neg,0.902301117686,0.852002563508,00:00:10,10,10,3,1231466227,threshold_sweep,0.3,0.933333333333,0.502564102564,0.653333333333,98,7,97,383,0.502564102564,0.982051282051,0.0179487179487,0.497435897436,0.933333333333,0.502564102564,0.653333333333,0.822222222222,0.606837606838,0.547826086957,0.59529404499,0.484615384615,216,21,195,0,216,0,21,0,195,37,216,0.162162162162,1.32432432432,11.6756756757,21.6,6,8.1990990496,0.702237650082,0.31006006006,10.329336629,1.76937710775,0.765265265265,3.0868314707,0.528762798222,0.252752752753,0.579945114934,0.437917739848,2,1.32432432432,0.579945114934,2,0.0121701261701,0.00597269624573,7,0.000900900900901,0.621196581197,37,37,37,1,0,0.72972972973,0.243243243243,0.027027027027,37,0.0157657657658,1.27027027027,1.13513513514,2.33333333333,1.23529411765,1.22841727805,1.0821771259,0.528957528958,1.25920037547,2.21859113773,0.839124839125,0.688821075806,1.21363713356,0.607464607465,0.508191163105,0.400065383721,2,1.36842105263,0.59726472037,2,0,0,0,0,0.0185515873016,37,19,19,0.513513513514,0,0.432432432432,0.027027027027,0.216216216216,37,126,0.0945945945946,1.3952967078,6.81081081081,10.5,4.66666666667,5.90121380093,0.866448058074,0.458172458172,6.51689880004,1.91369250477,0.79836979837,3.57039882195,1.04845044771,0.555984555985,0.602552835502,0.43184566561,2.14285714286,1.43017582907,0.616942014798,2.14285714286,0.149569773908,0.0949227373068,43,0.00553410553411,0.358018622791,37,34,34,0.918918918919,0,0.594594594595,0.135135135135,0.189189189189,-90,-0.0675675675676,0.0709723834724,-4.86486486486,-11.1,-1.33333333333,-2.29788524867,0.164210407992,0.148112398112,-3.81243782896,0.144315397028,0.0331045331045,0.483567351241,0.519687649492,0.303231803232,0.022607720568,-0.0060720742381,0.142857142857,0.105851504749,0.0369968998639,0.142857142857,0.137399647738,0.0889500410611,36,0.0046332046332,-0.263177958405,-0.135135135135,-0.108108108108,0.162162162162,119,7,97,1109,0.550925925926,0.993727598566,0.00627240143369,0.449074074074,0.944444444444,0.550925925926,0.695906432749,0.685994075105,0.544653524492,0.533632286996,105,195,0,0,0,0
22,WLNM_dir_neg,0.902301117686,0.852002563508,00:00:10,10,10,3,1231466227,threshold_sweep,0.4,0.933333333333,0.502564102564,0.653333333333,98,7,97,383,0.502564102564,0.982051282051,0.0179487179487,0.497435897436,0.933333333333,0.502564102564,0.653333333333,0.822222222222,0.606837606838,0.547826086957,0.59529404499,0.484615384615,216,21,195,0,216,0,21,0,195,37,216,0.162162162162,1.32432432432,11.6756756757,21.6,6,8.1990990496,0.702237650082,0.31006006006,10.329336629,1.76937710775,0.765265265265,3.0868314707,0.528762798222,0.252752752753,0.579945114934,0.437917739848,2,1.32432432432,0.579945114934,2,0.0121701261701,0.00597269624573,7,0.000900900900901,0.621196581197,37,37,37,1,0,0.72972972973,0.243243243243,0.027027027027,37,0.0157657657658,1.27027027027,1.13513513514,2.33333333333,1.23529411765,1.22841727805,1.0821771259,0.528957528958,1.25920037547,2.21859113773,0.839124839125,0.688821075806,1.21363713356,0.607464607465,0.508191163105,0.400065383721,2,1.36842105263,0.59726472037,2,0,0,0,0,0.0185515873016,37,19,19,0.513513513514,0,0.432432432432,0.027027027027,0.216216216216,37,126,0.0945945945946,1.3952967078,6.81081081081,10.5,4.66666666667,5.90121380093,0.866448058074,0.458172458172,6.51689880004,1.91369250477,0.79836979837,3.57039882195,1.04845044771,0.555984555985,0.602552835502,0.43184566561,2.14285714286,1.43017582907,0.616942014798,2.14285714286,0.149569773908,0.0949227373068,43,0.00553410553411,0.358018622791,37,34,34,0.918918918919,0,0.594594594595,0.135135135135,0.189189189189,-90,-0.0675675675676,0.0709723834724,-4.86486486486,-11.1,-1.33333333333,-2.29788524867,0.164210407992,0.148112398112,-3.81243782896,0.144315397028,0.0331045331045,0.483567351241,0.519687649492,0.303231803232,0.022607720568,-0.0060720742381,0.142857142857,0.105851504749,0.0369968998639,0.142857142857,0.137399647738,0.0889500410611,36,0.0046332046332,-0.263177958405,-0.135135135135,-0.108108108108,0.162162162162,119,7,97,1109,0.550925925926,0.993727598566,0.00627240143369,0.449074074074,0.944444444444,0.550925925926,0.695906432749,0.685994075105,0.544653524492,0.533632286996,105,195,0,0,0,0
23,WLNM_dir_neg,0.902301117686,0.852002563508,00:00:10,10,10,3,1231466227,threshold_sweep,0.5,0.933333333333,0.502564102564,0.653333333333,98,7,97,383,0.502564102564,0.982051282051,0.0179487179487,0.497435897436,0.933333333333,0.502564102564,0.653333333333,0.822222222222,0.606837606838,0.547826086957,0.59529404499,0.484615384615,216,21,195,0,216,0,21,0,195,37,216,0.162162162162,1.32432432432,11.6756756757,21.6,6,8.1990990496,0.702237650082,0.31006006006,10.329336629,1.76937710775,0.765265265265,3.0868314707,0.528762798222,0.252752752753,0.579945114934,0.437917739848,2,1.32432432432,0.579945114934,2,0.0121701261701,0.00597269624573,7,0.000900900900901,0.621196581197,37,37,37,1,0,0.72972972973,0.243243243243,0.027027027027,37,0.0157657657658,1.27027027027,1.13513513514,2.33333333333,1.23529411765,1.22841727805,1.0821771259,0.528957528958,1.25920037547,2.21859113773,0.839124839125,0.688821075806,1.21363713356,0.607464607465,0.508191163105,0.400065383721,2,1.36842105263,0.59726472037,2,0,0,0,0,0.0185515873016,37,19,19,0.513513513514,0,0.432432432432,0.027027027027,0.216216216216,37,126,0.0945945945946,1.3952967078,6.81081081081,10.5,4.66666666667,5.90121380093,0.866448058074,0.458172458172,6.51689880004,1.91369250477,0.79836979837,3.57039882195,1.04845044771,0.555984555985,0.602552835502,0.43184566561,2.14285714286,1.43017582907,0.616942014798,2.14285714286,0.149569773908,0.0949227373068,43,0.00553410553411,0.358018622791,37,34,34,0.918918918919,0,0.594594594595,0.135135135135,0.189189189189,-90,-0.0675675675676,0.0709723834724,-4.86486486486,-11.1,-1.33333333333,-2.29788524867,0.164210407992,0.148112398112,-3.81243782896,0.144315397028,0.0331045331045,0.483567351241,0.519687649492,0.303231803232,0.022607720568,-0.0060720742381,0.142857142857,0.105851504749,0.0369968998639,0.142857142857,0.137399647738,0.0889500410611,36,0.0046332046332,-0.263177958405,-0.135135135135,-0.108108108108,0.162162162162,119,7,97,1109,0.550925925926,0.993727598566,0.00627240143369,0.449074074074,0.944444444444,0.550925925926,0.695906432749,0.685994075105,0.544653524492,0.533632286996,105,195,0,0,0,0
24,WLNM_dir_neg,0.902301117686,0.852002563508,00:00:10,10,10,3,1231466227,threshold_sweep,0.6,0.950495049505,0.492307692308,0.648648648649,96,5,99,385,0.492307692308,0.987179487179,0.0128205128205,0.507692307692,0.950495049505,0.492307692308,0.648648648649,0.822222222222,0.609116809117,0.545189504373,0.598057913021,0.479487179487,216,21,195,0,216,0,21,0,195,37,216,0.162162162162,1.32432432432,11.6756756757,21.6,6,8.1990990496,0.702237650082,0.31006006006,10.329336629,1.76937710775,0.765265265265,3.0868314707,0.528762798222,0.252752752753,0.579945114934,0.437917739848,2,1.32432432432,0.579945114934,2,0.0121701261701,0.00597269624573,7,0.000900900900901,0.621196581197,37,37,37,1,0,0.72972972973,0.243243243243,0.027027027027,37,0.0157657657658,1.27027027027,1.13513513514,2.33333333333,1.23529411765,1.22841727805,1.0821771259,0.528957528958,1.25920037547,2.21859113773,0.839124839125,0.688821075806,1.21363713356,0.607464607465,0.508191163105,0.400065383721,2,1.36842105263,0.59726472037,2,0,0,0,0,0.0185515873016,37,19,19,0.513513513514,0,0.432432432432,0.027027027027,0.216216216216,37,122,0.0915915915916,1.40139294827,6.59459459459,10.1666666667,4.51851851852,5.82837627217,0.883811156025,0.466548515729,6.42851661162,1.94963208713,0.801949490474,3.49495560983,1.0599455538,0.562250775366,0.612526588946,0.437084109566,2.14285714286,1.43680997312,0.627182257333,2.14285714286,0.129154655258,0.0834621329212,36,0.0046332046332,0.340017936609,37,34,34,0.918918918919,0,0.594594594595,0.135135135135,0.189189189189,-94,-0.0705705705706,0.0770686239436,-5.08108108108,-11.4333333333,-1.48148148148,-2.37072277744,0.181573505944,0.156488455669,-3.90082001738,0.180254979384,0.0366842252088,0.408124139131,0.53118275558,0.309498022613,0.0325814740114,-0.000833630282386,0.142857142857,0.112485648791,0.0472371423986,0.142857142857,0.116984529087,0.0774894366754,29,0.0037323037323,-0.281178644588,-0.135135135135,-0.108108108108,0.162162162162,117,5,99,1111,0.541666666667,0.995519713262,0.00448028673835,0.458333333333,0.959016393443,0.541666666667,0.692307692308,0.686453881759,0.537186379928,0.529411764706,101,195,0,0,0,0
25,WLNM_dir_neg,0.902301117686,0.852002563508,00:00:10,10,10,3,1231466227,threshold_sweep,0.7,0.950495049505,0.492307692308,0.648648648649,96,5,99,385,0.492307692308,0.987179487179,0.0128205128205,0.507692307692,0.950495049505,0.492307692308,0.648648648649,0.822222222222,0.609116809117,0.545189504373,0.598057913021,0.479487179487,216,21,195,0,216,0,21,0,195,37,216,0.162162162162,1.32432432432,11.6756756757,21.6,6,8.1990990496,0.702237650082,0.31006006006,10.329336629,1.76937710775,0.765265265265,3.0868314707,0.528762798222,0.252752752753,0.579945114934,0.437917739848,2,1.32432432432,0.579945114934,2,0.0121701261701,0.00597269624573,7,0.000900900900901,0.621196581197,37,37,37,1,0,0.72972972973,0.243243243243,0.027027027027,37,0.0157657657658,1.27027027027,1.13513513514,2.33333333333,1.23529411765,1.22841727805,1.0821771259,0.528957528958,1.25920037547,2.21859113773,0.839124839125,0.688821075806,1.21363713356,0.607464607465,0.508191163105,0.400065383721,2,1.36842105263,0.59726472037,2,0,0,0,0,0.0185515873016,37,19,19,0.513513513514,0,0.432432432432,0.027027027027,0.216216216216,37,122,0.0915915915916,1.40139294827,6.59459459459,10.1666666667,4.51851851852,5.82837627217,0.883811156025,0.466548515729,6.42851661162,1.94963208713,0.801949490474,3.49495560983,1.0599455538,0.562250775366,0.612526588946,0.437084109566,2.14285714286,1.43680997312,0.627182257333,2.14285714286,0.129154655258,0.0834621329212,36,0.0046332046332,0.340017936609,37,34,34,0.918918918919,0,0.594594594595,0.135135135135,0.189189189189,-94,-0.0705705705706,0.0770686239436,-5.08108108108,-11.4333333333,-1.48148148148,-2.37072277744,0.181573505944,0.156488455669,-3.90082001738,0.180254979384,0.0366842252088,0.408124139131,0.53118275558,0.309498022613,0.0325814740114,-0.000833630282386,0.142857142857,0.112485648791,0.0472371423986,0.142857142857,0.116984529087,0.0774894366754,29,0.0037323037323,-0.281178644588,-0.135135135135,-0.108108108108,0.162162162162,117,5,99,1111,0.541666666667,0.995519713262,0.00448028673835,0.458333333333,0.959016393443,0.541666666667,0.692307692308,0.686453881759,0.537186379928,0.529411764706,101,195,0,0,0,0
26,WLNM_dir_neg,0.902301117686,0.852002563508,00:00:10,10,10,3,1231466227,threshold_sweep,0.8,0.955056179775,0.435897435897,0.598591549296,85,4,110,386,0.435897435897,0.989743589744,0.0102564102564,0.564102564103,0.955056179775,0.435897435897,0.598591549296,0.805128205128,0.615954415954,0.492581602374,0.55867244133,0.425641025641,216,21,195,0,216,0,21,0,195,37,216,0.162162162162,1.32432432432,11.6756756757,21.6,6,8.1990990496,0.702237650082,0.31006006006,10.329336629,1.76937710775,0.765265265265,3.0868314707,0.528762798222,0.252752752753,0.579945114934,0.437917739848,2,1.32432432432,0.579945114934,2,0.0121701261701,0.00597269624573,7,0.000900900900901,0.621196581197,37,37,37,1,0,0.72972972973,0.243243243243,0.027027027027,37,0.0157657657658,1.27027027027,1.13513513514,2.33333333333,1.23529411765,1.22841727805,1.0821771259,0.528957528958,1.25920037547,2.21859113773,0.839124839125,0.688821075806,1.21363713356,0.607464607465,0.508191163105,0.400065383721,2,1.36842105263,0.59726472037,2,0,0,0,0,0.0185515873016,37,19,19,0.513513513514,0,0.432432432432,0.027027027027,0.216216216216,37,110,0.0825825825826,1.40121196371,5.94594594595,9.16666666667,6.47058823529,5.21720415733,0.877438881005,0.485995085995,5.49993174951,1.84997704302,0.786732186732,3.65518267127,1.22947053488,0.632923832924,0.613000364784,0.437478683211,2.15384615385,1.59379370629,0.666735030854,2.15384615385,0.0810171310171,0.0551257253385,19,0.0024453024453,0.36693893228,37,25,25,0.675675675676,0,0.351351351351,0.108108108108,0.216216216216,-106,-0.0795795795796,0.0768876393876,-5.72972972973,-12.4333333333,0.470588235294,-2.98189489228,0.175201230923,0.175935025935,-4.82940487949,0.0805999352711,0.0214669214669,0.568351200567,0.70070773666,0.380171080171,0.03305524985,-0.00043905663732,0.153846153846,0.269469381969,0.0867899159195,0.153846153846,0.068847004847,0.0491530290928,12,0.0015444015444,-0.254257648917,-0.378378378378,-0.135135135135,0.189189189189,106,4,110,1112,0.490740740741,0.996415770609,0.00358422939068,0.509259259259,0.963636363636,0.490740740741,0.650306748466,0.652372339999,0.48715651135,0.481818181818,89,195,0,0,0,0
27,WLNM_dir_neg,0.902301117686,0.852002563508,00:00:10,10,10,3,1231466227,threshold_sweep,0.9,0.955056179775,0.435897435897,0.598591549296,85,4,110,386,0.435897435897,0.989743589744,0.0102564102564,0.564102564103,0.955056179775,0.435897435897,0.598591549296,0.805128205128,0.615954415954,0.492581602374,0.55867244133,0.425641025641,216,21,195,0,216,0,21,0,195,37,216,0.162162162162,1.32432432432,11.6756756757,21.6,6,8.1990990496,0.702237650082,0.31006006006,10.329336629,1.76937710775,0.765265265265,3.0868314707,0.528762798222,0.252752752753,0.579945114934,0.437917739848,2,1.32432432432,0.579945114934,2,0.0121701261701,0.00597269624573,7,0.000900900900901,0.621196581197,37,37,37,1,0,0.72972972973,0.243243243243,0.027027027027,37,0.0157657657658,1.27027027027,1.13513513514,2.33333333333,1.23529411765,1.22841727805,1.0821771259,0.528957528958,1.25920037547,2.21859113773,0.839124839125,0.688821075806,1.21363713356,0.607464607465,0.508191163105,0.400065383721,2,1.36842105263,0.59726472037,2,0,0,0,0,0.0185515873016,37,19,19,0.513513513514,0,0.432432432432,0.027027027027,0.216216216216,37,110,0.0825825825826,1.40121196371,5.94594594595,9.16666666667,6.47058823529,5.21720415733,0.877438881005,0.485995085995,5.49993174951,1.84997704302,0.786732186732,3.65518267127,1.22947053488,0.632923832924,0.613000364784,0.437478683211,2.15384615385,1.59379370629,0.666735030854,2.15384615385,0.0810171310171,0.0551257253385,19,0.0024453024453,0.36693893228,37,25,25,0.675675675676,0,0.351351351351,0.108108108108,0.216216216216,-106,-0.0795795795796,0.0768876393876,-5.72972972973,-12.4333333333,0.470588235294,-2.98189489228,0.175201230923,0.175935025935,-4.82940487949,0.0805999352711,0.0214669214669,0.568351200567,0.70070773666,0.380171080171,0.03305524985,-0.00043905663732,0.153846153846,0.269469381969,0.0867899159195,0.153846153846,0.068847004847,0.0491530290928,12,0.0015444015444,-0.254257648917,-0.378378378378,-0.135135135135,0.189189189189,106,4,110,1112,0.490740740741,0.996415770609,0.00358422939068,0.509259259259,0.963636363636,0.490740740741,0.650306748466,0.652372339999,0.48715651135,0.481818181818,89,195,0,0,0,0
28,WLNM_dir_neg,0.780690335306,0.785763122493,00:00:07,10,10,4,1231466228,threshold_sweep,0.1,0.876712328767,0.65641025641,0.75073313783,128,18,67,372,0.65641025641,0.953846153846,0.0461538461538,0.34358974359,0.876712328767,0.65641025641,0.75073313783,0.854700854701,0.583475783476,0.651162790698,0.664742232348,0.610256410256,216,21,195,0,216,0,21,0,195,37,216,0.162162162162,1.32432432432,11.6756756757,21.6,6,8.1990990496,0.702237650082,0.31006006006,10.329336629,1.76937710775,0.765265265265,3.0868314707,0.528762798222,0.252752752753,0.579945114934,0.437917739848,2,1.32432432432,0.579945114934,2,0.0121701261701,0.00597269624573,7,0.000900900900901,0.621196581197,37,37,37,1,0,0.72972972973,0.243243243243,0.027027027027,37,0.0157657657658,1.27027027027,1.13513513514,2.33333333333,1.3125,1.18232732266,1.04157406996,0.548262548263,1.06824207984,1.88214080734,0.792792792793,0.765235640562,1.34827231908,0.648648648649,0.508191163105,0.400065383721,2,1.5,0.632455532034,2,0,0,0,0,0.049537037037,37,16,16,0.432432432432,0,0.378378378378,0.0540540540541,0.189189189189,37,167,0.125375375375,1,9.02702702703,11.9285714286,4.51351351351,7.70096129096,0.853100502292,0.419323515132,8.57846665145,1.9006183599,0.794950639262,2.90231346057,0.643027533181,0.344392296488,0,0,0,NaN,NaN,NaN,0.453426985402,0.229689493832,180,0.023166023166,0.242269788371,37,37,0,1,2,0.621621621622,0.378378378378,0,-49,-0.0367867867868,-0.324324324324,-2.64864864865,-9.67142857143,-1.48648648649,-0.498137758648,0.15086285221,0.109263455072,-1.75086997755,0.131241252157,0.0296853739968,-0.184518010131,0.114264734958,0.0916395437354,-0.579945114934,-0.437917739848,-2,NaN,NaN,NaN,0.441256859232,0.223716797587,173,0.0222651222651,-0.378926792826,-0.108108108108,0.135135135135,-0.027027027027,149,18,67,1098,0.689814814815,0.983870967742,0.0161290322581,0.310185185185,0.892215568862,0.689814814815,0.778067885117,0.749885846535,0.673685782557,0.636752136752,146,195,0,0,0,0
29,WLNM_dir_neg,0.780690335306,0.785763122493,00:00:07,10,10,4,1231466228,threshold_sweep,0.2,0.876712328767,0.65641025641,0.75073313783,128,18,67,372,0.65641025641,0.953846153846,0.0461538461538,0.34358974359,0.876712328767,0.65641025641,0.75073313783,0.854700854701,0.583475783476,0.651162790698,0.664742232348,0.610256410256,216,21,195,0,216,0,21,0,195,37,216,0.162162162162,1.32432432432,11.6756756757,21.6,6,8.1990990496,0.702237650082,0.31006006006,10.329336629,1.76937710775,0.765265265265,3.0868314707,0.528762798222,0.252752752753,0.579945114934,0.437917739848,2,1.32432432432,0.579945114934,2,0.0121701261701,0.00597269624573,7,0.000900900900901,0.621196581197,37,37,37,1,0,0.72972972973,0.243243243243,0.027027027027,37,0.0157657657658,1.27027027027,1.13513513514,2.33333333333,1.3125,1.18232732266,1.04157406996,0.548262548263,1.06824207984,1.88214080734,0.792792792793,0.765235640562,1.34827231908,0.648648648649,0.508191163105,0.400065383721,2,1.5,0.632455532034,2,0,0,0,0,0.049537037037,37,16,16,0.432432432432,0,0.378378378378,0.0540540540541,0.189189189189,37,167,0.125375375375,1,9.02702702703,11.9285714286,4.51351351351,7.70096129096,0.853100502292,0.419323515132,8.57846665145,1.9006183599,0.794950639262,2.90231346057,0.643027533181,0.344392296488,0,0,0,NaN,NaN,NaN,0.453426985402,0.229689493832,180,0.023166023166,0.242269788371,37,37,0,1,2,0.621621621622,0.378378378378,0,-49,-0.0367867867868,-0.324324324324,-2.64864864865,-9.67142857143,-1.48648648649,-0.498137758648,0.15086285221,0.109263455072,-1.75086997755,0.131241252157,0.0296853739968,-0.184518010131,0.114264734958,0.0916395437354,-0.579945114934,-0.437917739848,-2,NaN,NaN,NaN,0.441256859232,0.223716797587,173,0.0222651222651,-0.378926792826,-0.108108108108,0.135135135135,-0.027027027027,149,18,67,1098,0.689814814815,0.983870967742,0.0161290322581,0.310185185185,0.892215568862,0.689814814815,0.778067885117,0.749885846535,0.673685782557,0.636752136752,146,195,0,0,0,0
30,WLNM_dir_neg,0.780690335306,0.785763122493,00:00:07,10,10,4,1231466228,threshold_sweep,0.3,0.907142857143,0.651282051282,0.758208955224,127,13,68,377,0.651282051282,0.966666666667,0.0333333333333,0.348717948718,0.907142857143,0.651282051282,0.758208955224,0.861538461538,0.586894586895,0.664827586207,0.682744203102,0.617948717949,216,21,195,0,216,0,21,0,195,37,216,0.162162162162,1.32432432432,11.6756756757,21.6,6,8.1990990496,0.702237650082,0.31006006006,10.329336629,1.76937710775,0.765265265265,3.0868314707,0.528762798222,0.252752752753,0.579945114934,0.437917739848,2,1.32432432432,0.579945114934,2,0.0121701261701,0.00597269624573,7,0.000900900900901,0.621196581197,37,37,37,1,0,0.72972972973,0.243243243243,0.027027027027,37,0.0157657657658,1.27027027027,1.13513513514,2.33333333333,1.3125,1.18232732266,1.04157406996,0.548262548263,1.06824207984,1.88214080734,0.792792792793,0.765235640562,1.34827231908,0.648648648649,0.508191163105,0.400065383721,2,1.5,0.632455532034,2,0,0,0,0,0.049537037037,37,16,16,0.432432432432,0,0.378378378378,0.0540540540541,0.189189189189,37,161,0.120870870871,1.3570355007,8.7027027027,14.6363636364,4.35135135135,7.68788681002,0.883390720405,0.42303172738,8.61270449271,1.97931718155,0.80913211348,2.65848971553,0.610957263817,0.327010240054,0.572657624068,0.421991630853,1.92821032055,1.3570355007,0.572657624068,1.92821032055,0.415507357566,0.194616063548,147,0.0189189189189,0.347216397674,37,37,37,1,0,0.702702702703,0.297297297297,0,-55,-0.0412912912913,0.0327111763795,-2.97297297297,-6.96363636364,-1.64864864865,-0.511212239589,0.181153070324,0.112971667319,-1.71663213629,0.209940073808,0.0438668482147,-0.428341755176,0.0821944655945,0.074257487301,-0.00728749086636,-0.015926108995,-0.0717896794508,0.0327111763795,-0.00728749086636,-0.0717896794508,0.403337231396,0.188643367302,140,0.018018018018,-0.273980183523,-0.027027027027,0.0540540540541,-0.027027027027,148,13,68,1103,0.685185185185,0.98835125448,0.0116487455197,0.314814814815,0.919254658385,0.685185185185,0.785145888594,0.761603066858,0.673536439665,0.646288209607,140,195,0,0,0,0
31,WLNM_dir_neg,0.780690335306,0.785763122493,00:00:07,10,10,4,1231466228,threshold_sweep,0.4,0.907142857143,0.651282051282,0.758208955224,127,13,68,377,0.651282051282,0.966666666667,0.0333333333333,0.348717948718,0.907142857143,0.651282051282,0.758208955224,0.861538461538,0.586894586895,0.664827586207,0.682744203102,0.617948717949,216,21,195,0,216,0,21,0,195,37,216,0.162162162162,1.32432432432,11.6756756757,21.6,6,8.1990990496,0.702237650082,0.31006006006,10.329336629,1.76937710775,0.765265265265,3.0868314707,0.528762798222,0.252752752753,0.579945114934,0.437917739848,2,1.32432432432,0.579945114934,2,0.0121701261701,0.00597269624573,7,0.000900900900901,0.621196581197,37,37,37,1,0,0.72972972973,0.243243243243,0.027027027027,37,0.0157657657658,1.27027027027,1.13513513514,2.33333333333,1.3125,1.18232732266,1.04157406996,0.548262548263,1.06824207984,1.88214080734,0.792792792793,0.765235640562,1.34827231908,0.648648648649,0.508191163105,0.400065383721,2,1.5,0.632455532034,2,0,0,0,0,0.049537037037,37,16,16,0.432432432432,0,0.378378378378,0.0540540540541,0.189189189189,37,161,0.120870870871,1.3570355007,8.7027027027,14.6363636364,4.35135135135,7.68788681002,0.883390720405,0.42303172738,8.61270449271,1.97931718155,0.80913211348,2.65848971553,0.610957263817,0.327010240054,0.572657624068,0.421991630853,1.92821032055,1.3570355007,0.572657624068,1.92821032055,0.415507357566,0.194616063548,147,0.0189189189189,0.347216397674,37,37,37,1,0,0.702702702703,0.297297297297,0,-55,-0.0412912912913,0.0327111763795,-2.97297297297,-6.96363636364,-1.64864864865,-0.511212239589,0.181153070324,0.112971667319,-1.71663213629,0.209940073808,0.0438668482147,-0.428341755176,0.0821944655945,0.074257487301,-0.00728749086636,-0.015926108995,-0.0717896794508,0.0327111763795,-0.00728749086636,-0.0717896794508,0.403337231396,0.188643367302,140,0.018018018018,-0.273980183523,-0.027027027027,0.0540540540541,-0.027027027027,148,13,68,1103,0.685185185185,0.98835125448,0.0116487455197,0.314814814815,0.919254658385,0.685185185185,0.785145888594,0.761603066858,0.673536439665,0.646288209607,140,195,0,0,0,0
32,WLNM_dir_neg,0.780690335306,0.785763122493,00:00:07,10,10,4,1231466228,threshold_sweep,0.5,0.907142857143,0.651282051282,0.758208955224,127,13,68,377,0.651282051282,0.966666666667,0.0333333333333,0.348717948718,0.907142857143,0.651282051282,0.758208955224,0.861538461538,0.586894586895,0.664827586207,0.682744203102,0.617948717949,216,21,195,0,216,0,21,0,195,37,216,0.162162162162,1.32432432432,11.6756756757,21.6,6,8.1990990496,0.702237650082,0.31006006006,10.329336629,1.76937710775,0.765265265265,3.0868314707,0.528762798222,0.252752752753,0.579945114934,0.437917739848,2,1.32432432432,0.579945114934,2,0.0121701261701,0.00597269624573,7,0.000900900900901,0.621196581197,37,37,37,1,0,0.72972972973,0.243243243243,0.027027027027,37,0.0157657657658,1.27027027027,1.13513513514,2.33333333333,1.3125,1.18232732266,1.04157406996,0.548262548263,1.06824207984,1.88214080734,0.792792792793,0.765235640562,1.34827231908,0.648648648649,0.508191163105,0.400065383721,2,1.5,0.632455532034,2,0,0,0,0,0.049537037037,37,16,16,0.432432432432,0,0.378378378378,0.0540540540541,0.189189189189,37,161,0.120870870871,1.3570355007,8.7027027027,14.6363636364,4.35135135135,7.68788681002,0.883390720405,0.42303172738,8.61270449271,1.97931718155,0.80913211348,2.65848971553,0.610957263817,0.327010240054,0.572657624068,0.421991630853,1.92821032055,1.3570355007,0.572657624068,1.92821032055,0.415507357566,0.194616063548,147,0.0189189189189,0.347216397674,37,37,37,1,0,0.702702702703,0.297297297297,0,-55,-0.0412912912913,0.0327111763795,-2.97297297297,-6.96363636364,-1.64864864865,-0.511212239589,0.181153070324,0.112971667319,-1.71663213629,0.209940073808,0.0438668482147,-0.428341755176,0.0821944655945,0.074257487301,-0.00728749086636,-0.015926108995,-0.0717896794508,0.0327111763795,-0.00728749086636,-0.0717896794508,0.403337231396,0.188643367302,140,0.018018018018,-0.273980183523,-0.027027027027,0.0540540540541,-0.027027027027,148,13,68,1103,0.685185185185,0.98835125448,0.0116487455197,0.314814814815,0.919254658385,0.685185185185,0.785145888594,0.761603066858,0.673536439665,0.646288209607,140,195,0,0,0,0
33,WLNM_dir_neg,0.780690335306,0.785763122493,00:00:07,10,10,4,1231466228,threshold_sweep,0.6,0.907142857143,0.651282051282,0.758208955224,127,13,68,377,0.651282051282,0.966666666667,0.0333333333333,0.348717948718,0.907142857143,0.651282051282,0.758208955224,0.861538461538,0.586894586895,0.664827586207,0.682744203102,0.617948717949,216,21,195,0,216,0,21,0,195,37,216,0.162162162162,1.32432432432,11.6756756757,21.6,6,8.1990990496,0.702237650082,0.31006006006,10.329336629,1.76937710775,0.765265265265,3.0868314707,0.528762798222,0.252752752753,0.579945114934,0.437917739848,2,1.32432432432,0.579945114934,2,0.0121701261701,0.00597269624573,7,0.000900900900901,0.621196581197,37,37,37,1,0,0.72972972973,0.243243243243,0.027027027027,37,0.0157657657658,1.27027027027,1.13513513514,2.33333333333,1.3125,1.18232732266,1.04157406996,0.548262548263,1.06824207984,1.88214080734,0.792792792793,0.765235640562,1.34827231908,0.648648648649,0.508191163105,0.400065383721,2,1.5,0.632455532034,2,0,0,0,0,0.049537037037,37,16,16,0.432432432432,0,0.378378378378,0.0540540540541,0.189189189189,37,161,0.120870870871,1.3570355007,8.7027027027,14.6363636364,4.35135135135,7.68788681002,0.883390720405,0.42303172738,8.61270449271,1.97931718155,0.80913211348,2.65848971553,0.610957263817,0.327010240054,0.572657624068,0.421991630853,1.92821032055,1.3570355007,0.572657624068,1.92821032055,0.415507357566,0.194616063548,147,0.0189189189189,0.347216397674,37,37,37,1,0,0.702702702703,0.297297297297,0,-55,-0.0412912912913,0.0327111763795,-2.97297297297,-6.96363636364,-1.64864864865,-0.511212239589,0.181153070324,0.112971667319,-1.71663213629,0.209940073808,0.0438668482147,-0.428341755176,0.0821944655945,0.074257487301,-0.00728749086636,-0.015926108995,-0.0717896794508,0.0327111763795,-0.00728749086636,-0.0717896794508,0.403337231396,0.188643367302,140,0.018018018018,-0.273980183523,-0.027027027027,0.0540540540541,-0.027027027027,148,13,68,1103,0.685185185185,0.98835125448,0.0116487455197,0.314814814815,0.919254658385,0.685185185185,0.785145888594,0.761603066858,0.673536439665,0.646288209607,140,195,0,0,0,0
34,WLNM_dir_neg,0.780690335306,0.785763122493,00:00:07,10,10,4,1231466228,threshold_sweep,0.7,0.905511811024,0.589743589744,0.714285714286,115,12,80,378,0.589743589744,0.969230769231,0.0307692307692,0.410256410256,0.905511811024,0.589743589744,0.714285714286,0.842735042735,0.594301994302,0.612359550562,0.639156038456,0.558974358974,216,21,195,0,216,0,21,0,195,37,216,0.162162162162,1.32432432432,11.6756756757,21.6,6,8.1990990496,0.702237650082,0.31006006006,10.329336629,1.76937710775,0.765265265265,3.0868314707,0.528762798222,0.252752752753,0.579945114934,0.437917739848,2,1.32432432432,0.579945114934,2,0.0121701261701,0.00597269624573,7,0.000900900900901,0.621196581197,37,37,37,1,0,0.72972972973,0.243243243243,0.027027027027,37,0.0157657657658,1.27027027027,1.13513513514,2.33333333333,1.3125,1.18232732266,1.04157406996,0.548262548263,1.06824207984,1.88214080734,0.792792792793,0.765235640562,1.34827231908,0.648648648649,0.508191163105,0.400065383721,2,1.5,0.632455532034,2,0,0,0,0,0.049537037037,37,16,16,0.432432432432,0,0.378378378378,0.0540540540541,0.189189189189,37,148,0.111111111111,1.35877000118,8,13.4545454545,4,7.36734536843,0.920918171054,0.446676406136,7.9895765428,1.9973941357,0.806062819576,2.83823106099,0.709557765247,0.36449963477,0.575184504387,0.423312631195,1.93404454941,1.35877000118,0.575184504387,1.93404454941,0.523042553463,0.200506329114,132,0.0169884169884,0.359034568125,37,37,37,1,0,0.702702702703,0.297297297297,0,-68,-0.0510510510511,0.0344456768522,-3.67567567568,-8.14545454545,-2,-0.831753681171,0.218680520972,0.136616346076,-2.3397600862,0.228017027956,0.0407975543111,-0.248600409716,0.180794967024,0.111746882017,-0.00476061054769,-0.0146051086535,-0.0659554505882,0.0344456768522,-0.00476061054769,-0.0659554505882,0.510872427293,0.194533632868,125,0.0160875160875,-0.262162013071,-0.027027027027,0.0540540540541,-0.027027027027,136,12,80,1104,0.62962962963,0.989247311828,0.010752688172,0.37037037037,0.918918918919,0.62962962963,0.747252747253,0.725866186311,0.618876941458,0.59649122807,127,195,0,0,0,0
35,WLNM_dir_neg,0.780690335306,0.785763122493,00:00:07,10,10,4,1231466228,threshold_sweep,0.8,0.904,0.579487179487,0.70625,113,12,82,378,0.579487179487,0.969230769231,0.0307692307692,0.420512820513,0.904,0.579487179487,0.70625,0.839316239316,0.595441595442,0.602816901408,0.631051572343,0.548717948718,216,21,195,0,216,0,21,0,195,37,216,0.162162162162,1.32432432432,11.6756756757,21.6,6,8.1990990496,0.702237650082,0.31006006006,10.329336629,1.76937710775,0.765265265265,3.0868314707,0.528762798222,0.252752752753,0.579945114934,0.437917739848,2,1.32432432432,0.579945114934,2,0.0121701261701,0.00597269624573,7,0.000900900900901,0.621196581197,37,37,37,1,0,0.72972972973,0.243243243243,0.027027027027,37,0.0157657657658,1.27027027027,1.13513513514,2.33333333333,1.3125,1.18232732266,1.04157406996,0.548262548263,1.06824207984,1.88214080734,0.792792792793,0.765235640562,1.34827231908,0.648648648649,0.508191163105,0.400065383721,2,1.5,0.632455532034,2,0,0,0,0,0.049537037037,37,16,16,0.432432432432,0,0.378378378378,0.0540540540541,0.189189189189,37,146,0.10960960961,1.35325113604,7.89189189189,13.2727272727,3.94594594595,7.32493376452,0.928159415368,0.447982228804,7.94056374274,2.01233464713,0.808589411329,2.78832831187,0.706631147529,0.363939281748,0.567141903327,0.419095826506,1.91548109394,1.35325113604,0.567141903327,1.91548109394,0.525152451035,0.198552223371,128,0.0164736164736,0.348467290285,37,37,37,1,0,0.702702702703,0.297297297297,0,-70,-0.0525525525526,0.0289268117118,-3.78378378378,-8.32727272727,-2.05405405405,-0.874165285081,0.225921765286,0.137922168744,-2.38877288626,0.242957539388,0.0433241460639,-0.298503158834,0.177868349306,0.111186528995,-0.0128032116074,-0.0188219133426,-0.0845189060601,0.0289268117118,-0.0128032116074,-0.0845189060601,0.512982324865,0.192579527126,121,0.0155727155727,-0.272729290911,-0.027027027027,0.0540540540541,-0.027027027027,134,12,82,1104,0.62037037037,0.989247311828,0.010752688172,0.37962962963,0.917808219178,0.62037037037,0.740331491713,0.719279621073,0.609617682198,0.587719298246,125,195,0,0,0,0
36,WLNM_dir_neg,0.780690335306,0.785763122493,00:00:07,10,10,4,1231466228,threshold_sweep,0.9,0.905172413793,0.538461538462,0.675241157556,105,11,90,379,0.538461538462,0.971794871795,0.0282051282051,0.461538461538,0.905172413793,0.538461538462,0.675241157556,0.82735042735,0.60056980057,0.567760342368,0.603285188083,0.510256410256,216,21,195,0,216,0,21,0,195,37,216,0.162162162162,1.32432432432,11.6756756757,21.6,6,8.1990990496,0.702237650082,0.31006006006,10.329336629,1.76937710775,0.765265265265,3.0868314707,0.528762798222,0.252752752753,0.579945114934,0.437917739848,2,1.32432432432,0.579945114934,2,0.0121701261701,0.00597269624573,7,0.000900900900901,0.621196581197,37,37,37,1,0,0.72972972973,0.243243243243,0.027027027027,37,0.0157657657658,1.27027027027,1.13513513514,2.33333333333,1.3125,1.18232732266,1.04157406996,0.548262548263,1.06824207984,1.88214080734,0.792792792793,0.765235640562,1.34827231908,0.648648648649,0.508191163105,0.400065383721,2,1.5,0.632455532034,2,0,0,0,0,0.049537037037,37,16,16,0.432432432432,0,0.378378378378,0.0540540540541,0.189189189189,37,137,0.102852852853,1.35088590812,7.40540540541,12.4545454545,3.7027027027,7.20902004228,0.973480808629,0.451765634247,7.77411968887,2.09957976999,0.822252909844,2.53711192834,0.685205411304,0.349970408365,0.563818680442,0.417369577293,1.90752532731,1.35088590812,0.563818680442,1.90752532731,0.520919764953,0.182535211268,108,0.0138996138996,0.301527697891,37,37,37,1,0,0.702702702703,0.297297297297,0,-79,-0.0593093093093,0.0265615837946,-4.27027027027,-9.14545454545,-2.2972972973,-0.990079007326,0.271243158547,0.141705574187,-2.55521694013,0.330202662243,0.0569876445789,-0.549719542362,0.156442613082,0.0972176556118,-0.0161264344924,-0.0205481625559,-0.092474672691,0.0265615837946,-0.0161264344924,-0.092474672691,0.508749638783,0.176562515022,101,0.0129987129987,-0.319668883305,-0.027027027027,0.0540540540541,-0.027027027027,126,11,90,1105,0.583333333333,0.990143369176,0.00985663082437,0.416666666667,0.919708029197,0.583333333333,0.71388101983,0.695873849098,0.573476702509,0.555066079295,116,195,0,0,0,0
37,WLNM_dir_neg,0.867370151216,0.788575738617,00:00:08,10,10,5,1231466229,threshold_sweep,0.1,0.886363636364,0.6,0.715596330275,117,15,78,375,0.6,0.961538461538,0.0384615384615,0.4,0.886363636364,0.6,0.715596330275,0.841025641026,0.591452991453,0.610878661088,0.633276030658,0.561538461538,216,21,195,0,216,0,21,0,195,37,216,0.162162162162,1.32432432432,11.6756756757,21.6,6,8.1990990496,0.702237650082,0.31006006006,10.329336629,1.76937710775,0.765265265265,3.0868314707,0.528762798222,0.252752752753,0.579945114934,0.437917739848,2,1.32432432432,0.579945114934,2,0.0121701261701,0.00597269624573,7,0.000900900900901,0.621196581197,37,37,37,1,0,0.72972972973,0.243243243243,0.027027027027,37,0.0157657657658,1.32432432432,1.13513513514,2.1,1.3125,1.31576260444,1.15912419915,0.567567567568,1.16763151866,2.05725553287,0.813384813385,0.800712895576,1.41077986363,0.653796653797,0.579945114934,0.437917739848,2,1.55555555556,0.704792186495,2,0,0,0,0,0.0535185185185,37,18,18,0.486486486486,0,0.351351351351,0.0810810810811,0.189189189189,37,153,0.114864864865,1.44169579092,8.27027027027,12.75,4.25,7.28639771023,0.88103501725,0.406641936054,7.93081949725,1.91791059737,0.801271860095,1.94596680002,0.470593278437,0.250132485427,0.686034443263,0.475852428496,2.2429718275,1.45396511845,0.691636625948,2.2429718275,0.337991236293,0.170201484624,107,0.0137709137709,0.204103276686,37,36,36,0.972972972973,0,0.648648648649,0.324324324324,0,-63,-0.0472972972973,0.117371466599,-3.40540540541,-8.85,-1.75,-0.912701339378,0.178797367168,0.0965818759936,-2.39851713175,0.148533489628,0.0360065948301,-1.14086467068,-0.0581695197858,-0.00262026732615,0.106089328329,0.0379346886475,0.242971827501,0.129640794125,0.111691511013,0.242971827501,0.325821110123,0.164228788378,100,0.01287001287,-0.41709330451,-0.0810810810811,0.0810810810811,-0.027027027027,138,15,78,1101,0.638888888889,0.986559139785,0.0134408602151,0.361111111111,0.901960784314,0.638888888889,0.747967479675,0.723015458623,0.625448028674,0.597402597403,132,195,0,0,0,0
38,WLNM_dir_neg,0.867370151216,0.788575738617,00:00:08,10,10,5,1231466229,threshold_sweep,0.2,0.884615384615,0.589743589744,0.707692307692,115,15,80,375,0.589743589744,0.961538461538,0.0384615384615,0.410256410256,0.884615384615,0.589743589744,0.707692307692,0.837606837607,0.592592592593,0.601398601399,0.625095089977,0.551282051282,216,21,195,0,216,0,21,0,195,37,216,0.162162162162,1.32432432432,11.6756756757,21.6,6,8.1990990496,0.702237650082,0.31006006006,10.329336629,1.76937710775,0.765265265265,3.0868314707,0.528762798222,0.252752752753,0.579945114934,0.437917739848,2,1.32432432432,0.579945114934,2,0.0121701261701,0.00597269624573,7,0.000900900900901,0.621196581197,37,37,37,1,0,0.72972972973,0.243243243243,0.027027027027,37,0.0157657657658,1.32432432432,1.13513513514,2.1,1.3125,1.31576260444,1.15912419915,0.567567567568,1.16763151866,2.05725553287,0.813384813385,0.800712895576,1.41077986363,0.653796653797,0.579945114934,0.437917739848,2,1.55555555556,0.704792186495,2,0,0,0,0,0.0535185185185,37,18,18,0.486486486486,0,0.351351351351,0.0810810810811,0.189189189189,37,151,0.113363363363,1.44116824779,8.16216216216,12.5833333333,4.19444444444,7.14731306745,0.87566418376,0.404331483802,7.76880649485,1.90361483649,0.799355647038,1.89118390871,0.463402679619,0.244854125649,0.685311204448,0.475524773389,2.24288658467,1.45342292134,0.690908641763,2.24288658467,0.340133413765,0.171334431631,104,0.0133848133848,0.199522460087,37,36,36,0.972972972973,0,0.648648648649,0.324324324324,0,-65,-0.0487987987988,0.116843923469,-3.51351351351,-9.01666666667,-1.80555555556,-1.05178598216,0.173426533678,0.0942714237416,-2.56053013415,0.13423772874,0.0340903817725,-1.19564756199,-0.0653601186039,-0.00789862710393,0.105366089513,0.0376070335409,0.242886584667,0.129098597019,0.110963526828,0.242886584667,0.327963287595,0.165361735385,97,0.0124839124839,-0.421674121109,-0.0810810810811,0.0810810810811,-0.027027027027,136,15,80,1101,0.62962962963,0.986559139785,0.0134408602151,0.37037037037,0.900662251656,0.62962962963,0.741144414169,0.716406189052,0.616188769415,0.588744588745,130,195,0,0,0,0
39,WLNM_dir_neg,0.867370151216,0.788575738617,00:00:08,10,10,5,1231466229,threshold_sweep,0.3,0.889763779528,0.579487179487,0.701863354037,113,14,82,376,0.579487179487,0.964102564103,0.0358974358974,0.420512820513,0.889763779528,0.579487179487,0.701863354037,0.835897435897,0.594301994302,0.595505617978,0.621564587856,0.54358974359,216,21,195,0,216,0,21,0,195,37,216,0.162162162162,1.32432432432,11.6756756757,21.6,6,8.1990990496,0.702237650082,0.31006006006,10.329336629,1.76937710775,0.765265265265,3.0868314707,0.528762798222,0.252752752753,0.579945114934,0.437917739848,2,1.32432432432,0.579945114934,2,0.0121701261701,0.00597269624573,7,0.000900900900901,0.621196581197,37,37,37,1,0,0.72972972973,0.243243243243,0.027027027027,37,0.0157657657658,1.32432432432,1.13513513514,2.1,1.3125,1.31576260444,1.15912419915,0.567567567568,1.16763151866,2.05725553287,0.813384813385,0.800712895576,1.41077986363,0.653796653797,0.579945114934,0.437917739848,2,1.55555555556,0.704792186495,2,0,0,0,0,0.0535185185185,37,18,18,0.486486486486,0,0.351351351351,0.0810810810811,0.189189189189,37,148,0.111111111111,1.43918654655,8,12.3333333333,4.11111111111,6.88799277326,0.860999096657,0.400474799123,7.56820835983,1.89205208996,0.797662527392,1.87082869339,0.467707173347,0.246530314098,0.682351354743,0.47412293867,2.23617984119,1.45138617284,0.687926047377,2.23617984119,0.253253762111,0.132944606414,76,0.00978120978121,0.196684479456,37,36,36,0.972972972973,0,0.648648648649,0.324324324324,0,-68,-0.0510510510511,0.114862222225,-3.67567567568,-9.26666666667,-1.88888888889,-1.31110627635,0.158761446575,0.0904147390634,-2.76112826917,0.122674982212,0.032397262127,-1.21600277732,-0.0610556248757,-0.00622243865487,0.102406239809,0.036205198821,0.236179841189,0.127061848518,0.107980932443,0.236179841189,0.241083635941,0.126971910168,69,0.00888030888031,-0.424512101741,-0.0810810810811,0.0810810810811,-0.027027027027,134,14,82,1102,0.62037037037,0.987455197133,0.0125448028674,0.37962962963,0.905405405405,0.62037037037,0.736263736264,0.712904290127,0.607825567503,0.582608695652,127,195,0,0,0,0
40,WLNM_dir_neg,0.867370151216,0.788575738617,00:00:08,10,10,5,1231466229,threshold_sweep,0.4,0.889763779528,0.579487179487,0.701863354037,113,14,82,376,0.579487179487,0.964102564103,0.0358974358974,0.420512820513,0.889763779528,0.579487179487,0.701863354037,0.835897435897,0.594301994302,0.595505617978,0.621564587856,0.54358974359,216,21,195,0,216,0,21,0,195,37,216,0.162162162162,1.32432432432,11.6756756757,21.6,6,8.1990990496,0.702237650082,0.31006006006,10.329336629,1.76937710775,0.765265265265,3.0868314707,0.528762798222,0.252752752753,0.579945114934,0.437917739848,2,1.32432432432,0.579945114934,2,0.0121701261701,0.00597269624573,7,0.000900900900901,0.621196581197,37,37,37,1,0,0.72972972973,0.243243243243,0.027027027027,37,0.0157657657658,1.32432432432,1.13513513514,2.1,1.3125,1.31576260444,1.15912419915,0.567567567568,1.16763151866,2.05725553287,0.813384813385,0.800712895576,1.41077986363,0.653796653797,0.579945114934,0.437917739848,2,1.55555555556,0.704792186495,2,0,0,0,0,0.0535185185185,37,18,18,0.486486486486,0,0.351351351351,0.0810810810811,0.189189189189,37,148,0.111111111111,1.43918654655,8,12.3333333333,4.11111111111,6.88799277326,0.860999096657,0.400474799123,7.56820835983,1.89205208996,0.797662527392,1.87082869339,0.467707173347,0.246530314098,0.682351354743,0.47412293867,2.23617984119,1.45138617284,0.687926047377,2.23617984119,0.253253762111,0.132944606414,76,0.00978120978121,0.196684479456,37,36,36,0.972972972973,0,0.648648648649,0.324324324324,0,-68,-0.0510510510511,0.114862222225,-3.67567567568,-9.26666666667,-1.88888888889,-1.31110627635,0.158761446575,0.0904147390634,-2.76112826917,0.122674982212,0.032397262127,-1.21600277732,-0.0610556248757,-0.00622243865487,0.102406239809,0.036205198821,0.236179841189,0.127061848518,0.107980932443,0.236179841189,0.241083635941,0.126971910168,69,0.00888030888031,-0.424512101741,-0.0810810810811,0.0810810810811,-0.027027027027,134,14,82,1102,0.62037037037,0.987455197133,0.0125448028674,0.37962962963,0.905405405405,0.62037037037,0.736263736264,0.712904290127,0.607825567503,0.582608695652,127,195,0,0,0,0
41,WLNM_dir_neg,0.867370151216,0.788575738617,00:00:08,10,10,5,1231466229,threshold_sweep,0.5,0.888888888889,0.574358974359,0.697819314642,112,14,83,376,0.574358974359,0.964102564103,0.0358974358974,0.425641025641,0.888888888889,0.574358974359,0.697819314642,0.834188034188,0.594871794872,0.590717299578,0.617465478029,0.538461538462,216,21,195,0,216,0,21,0,195,37,216,0.162162162162,1.32432432432,11.6756756757,21.6,6,8.1990990496,0.702237650082,0.31006006006,10.329336629,1.76937710775,0.765265265265,3.0868314707,0.528762798222,0.252752752753,0.579945114934,0.437917739848,2,1.32432432432,0.579945114934,2,0.0121701261701,0.00597269624573,7,0.000900900900901,0.621196581197,37,37,37,1,0,0.72972972973,0.243243243243,0.027027027027,37,0.0157657657658,1.32432432432,1.13513513514,2.1,1.3125,1.31576260444,1.15912419915,0.567567567568,1.16763151866,2.05725553287,0.813384813385,0.800712895576,1.41077986363,0.653796653797,0.579945114934,0.437917739848,2,1.55555555556,0.704792186495,2,0,0,0,0,0.0535185185185,37,18,18,0.486486486486,0,0.351351351351,0.0810810810811,0.189189189189,37,147,0.11036036036,1.43967063158,7.94594594595,12.25,4.08333333333,6.84326897983,0.861227728754,0.400257400257,7.51844578534,1.89239791876,0.797573083287,1.84821966116,0.465198146007,0.244162529877,0.683130506499,0.474504717617,2.23997614113,1.45188370468,0.688711890974,2.23997614113,0.253325369701,0.133136094675,75,0.00965250965251,0.193776889588,37,36,36,0.972972972973,0,0.648648648649,0.324324324324,0,-69,-0.0518018018018,0.115346307256,-3.72972972973,-9.35,-1.91666666667,-1.35583006977,0.158990078672,0.0901973401973,-2.81089084366,0.123020811013,0.0323078180221,-1.23861180954,-0.063564652215,-0.00859022287594,0.103185391564,0.0365869777681,0.239976141133,0.127559380356,0.108766776039,0.239976141133,0.241155243531,0.127163398429,68,0.00875160875161,-0.427419691609,-0.0810810810811,0.0810810810811,-0.027027027027,133,14,83,1102,0.615740740741,0.987455197133,0.0125448028674,0.384259259259,0.904761904762,0.615740740741,0.732782369146,0.709577013959,0.603195937873,0.578260869565,126,195,0,0,0,0
42,WLNM_dir_neg,0.867370151216,0.788575738617,00:00:08,10,10,5,1231466229,threshold_sweep,0.6,0.888,0.569230769231,0.69375,111,14,84,376,0.569230769231,0.964102564103,0.0358974358974,0.430769230769,0.888,0.569230769231,0.69375,0.832478632479,0.595441595442,0.585915492958,0.613358537604,0.533333333333,216,21,195,0,216,0,21,0,195,37,216,0.162162162162,1.32432432432,11.6756756757,21.6,6,8.1990990496,0.702237650082,0.31006006006,10.329336629,1.76937710775,0.765265265265,3.0868314707,0.528762798222,0.252752752753,0.579945114934,0.437917739848,2,1.32432432432,0.579945114934,2,0.0121701261701,0.00597269624573,7,0.000900900900901,0.621196581197,37,37,37,1,0,0.72972972973,0.243243243243,0.027027027027,37,0.0157657657658,1.32432432432,1.13513513514,2.1,1.3125,1.31576260444,1.15912419915,0.567567567568,1.16763151866,2.05725553287,0.813384813385,0.800712895576,1.41077986363,0.653796653797,0.579945114934,0.437917739848,2,1.55555555556,0.704792186495,2,0,0,0,0,0.0535185185185,37,18,18,0.486486486486,0,0.351351351351,0.0810810810811,0.189189189189,37,146,0.10960960961,1.43994746715,7.89189189189,12.1666666667,4.05555555556,6.78553929644,0.859811486193,0.400222139948,7.4421694341,1.88602924015,0.796741947427,1.84007768474,0.466321057092,0.242502776749,0.68349569142,0.474667102107,2.24002351684,1.45216823013,0.689079275955,2.24002351684,0.257151456658,0.135379061372,75,0.00965250965251,0.192430518919,37,36,36,0.972972972973,0,0.648648648649,0.324324324324,0,-70,-0.0525525525526,0.115623142829,-3.78378378378,-9.43333333333,-1.94444444444,-1.41355975316,0.157573836111,0.0901620798881,-2.8871671949,0.116652132404,0.0314766821616,-1.24675378596,-0.0624417411303,-0.0102499760034,0.103550576486,0.0367493622588,0.240023516843,0.127843905805,0.10913416102,0.240023516843,0.244981330488,0.129406365126,68,0.00875160875161,-0.428766062278,-0.0810810810811,0.0810810810811,-0.027027027027,132,14,84,1102,0.611111111111,0.987455197133,0.0125448028674,0.388888888889,0.904109589041,0.611111111111,0.729281767956,0.706240255086,0.598566308244,0.573913043478,125,195,0,0,0,0
43,WLNM_dir_neg,0.867370151216,0.788575738617,00:00:08,10,10,5,1231466229,threshold_sweep,0.7,0.888,0.569230769231,0.69375,111,14,84,376,0.569230769231,0.964102564103,0.0358974358974,0.430769230769,0.888,0.569230769231,0.69375,0.832478632479,0.595441595442,0.585915492958,0.613358537604,0.533333333333,216,21,195,0,216,0,21,0,195,37,216,0.162162162162,1.32432432432,11.6756756757,21.6,6,8.1990990496,0.702237650082,0.31006006006,10.329336629,1.76937710775,0.765265265265,3.0868314707,0.528762798222,0.252752752753,0.579945114934,0.437917739848,2,1.32432432432,0.579945114934,2,0.0121701261701,0.00597269624573,7,0.000900900900901,0.621196581197,37,37,37,1,0,0.72972972973,0.243243243243,0.027027027027,37,0.0157657657658,1.32432432432,1.13513513514,2.1,1.3125,1.31576260444,1.15912419915,0.567567567568,1.16763151866,2.05725553287,0.813384813385,0.800712895576,1.41077986363,0.653796653797,0.579945114934,0.437917739848,2,1.55555555556,0.704792186495,2,0,0,0,0,0.0535185185185,37,18,18,0.486486486486,0,0.351351351351,0.0810810810811,0.189189189189,37,146,0.10960960961,1.43994746715,7.89189189189,12.1666666667,4.05555555556,6.78553929644,0.859811486193,0.400222139948,7.4421694341,1.88602924015,0.796741947427,1.84007768474,0.466321057092,0.242502776749,0.68349569142,0.474667102107,2.24002351684,1.45216823013,0.689079275955,2.24002351684,0.257151456658,0.135379061372,75,0.00965250965251,0.192430518919,37,36,36,0.972972972973,0,0.648648648649,0.324324324324,0,-70,-0.0525525525526,0.115623142829,-3.78378378378,-9.43333333333,-1.94444444444,-1.41355975316,0.157573836111,0.0901620798881,-2.8871671949,0.116652132404,0.0314766821616,-1.24675378596,-0.0624417411303,-0.0102499760034,0.103550576486,0.0367493622588,0.240023516843,0.127843905805,0.10913416102,0.240023516843,0.244981330488,0.129406365126,68,0.00875160875161,-0.428766062278,-0.0810810810811,0.0810810810811,-0.027027027027,132,14,84,1102,0.611111111111,0.987455197133,0.0125448028674,0.388888888889,0.904109589041,0.611111111111,0.729281767956,0.706240255086,0.598566308244,0.573913043478,125,195,0,0,0,0
44,WLNM_dir_neg,0.867370151216,0.788575738617,00:00:08,10,10,5,1231466229,threshold_sweep,0.8,0.886178861789,0.558974358974,0.685534591195,109,14,86,376,0.558974358974,0.964102564103,0.0358974358974,0.441025641026,0.886178861789,0.558974358974,0.685534591195,0.82905982906,0.596581196581,0.576271186441,0.605120165712,0.523076923077,216,21,195,0,216,0,21,0,195,37,216,0.162162162162,1.32432432432,11.6756756757,21.6,6,8.1990990496,0.702237650082,0.31006006006,10.329336629,1.76937710775,0.765265265265,3.0868314707,0.528762798222,0.252752752753,0.579945114934,0.437917739848,2,1.32432432432,0.579945114934,2,0.0121701261701,0.00597269624573,7,0.000900900900901,0.621196581197,37,37,37,1,0,0.72972972973,0.243243243243,0.027027027027,37,0.0157657657658,1.32432432432,1.13513513514,2.1,1.3125,1.31576260444,1.15912419915,0.567567567568,1.16763151866,2.05725553287,0.813384813385,0.800712895576,1.41077986363,0.653796653797,0.579945114934,0.437917739848,2,1.55555555556,0.704792186495,2,0,0,0,0,0.0535185185185,37,18,18,0.486486486486,0,0.351351351351,0.0810810810811,0.189189189189,37,144,0.108108108108,1.44135349212,7.78378378378,12,4,6.75004170825,0.867192858351,0.398460960961,7.38912031971,1.89859341548,0.797672672673,1.74457546227,0.448258972944,0.233483483483,0.685378338221,0.475510235322,2.24029483516,1.45361331135,0.690973660343,2.24029483516,0.256694244697,0.133004926108,72,0.00926640926641,0.183691611922,37,36,36,0.972972972973,0,0.648648648649,0.324324324324,0,-72,-0.0540540540541,0.117029167797,-3.89189189189,-9.6,-2,-1.44905734136,0.164955208269,0.0884009009009,-2.94021630929,0.129216307735,0.0324074074074,-1.34225600844,-0.0805038252789,-0.0192692692693,0.105433223287,0.0375924954738,0.240294835159,0.129288987023,0.111028545408,0.240294835159,0.244524118527,0.127032229863,65,0.00836550836551,-0.437504969274,-0.0810810810811,0.0810810810811,-0.027027027027,130,14,86,1102,0.601851851852,0.987455197133,0.0125448028674,0.398148148148,0.902777777778,0.601851851852,0.722222222222,0.699537728447,0.589307048984,0.565217391304,123,195,0,0,0,0
45,WLNM_dir_neg,0.867370151216,0.788575738617,00:00:08,10,10,5,1231466229,threshold_sweep,0.9,0.886178861789,0.558974358974,0.685534591195,109,14,86,376,0.558974358974,0.964102564103,0.0358974358974,0.441025641026,0.886178861789,0.558974358974,0.685534591195,0.82905982906,0.596581196581,0.576271186441,0.605120165712,0.523076923077,216,21,195,0,216,0,21,0,195,37,216,0.162162162162,1.32432432432,11.6756756757,21.6,6,8.1990990496,0.702237650082,0.31006006006,10.329336629,1.76937710775,0.765265265265,3.0868314707,0.528762798222,0.252752752753,0.579945114934,0.437917739848,2,1.32432432432,0.579945114934,2,0.0121701261701,0.00597269624573,7,0.000900900900901,0.621196581197,37,37,37,1,0,0.72972972973,0.243243243243,0.027027027027,37,0.0157657657658,1.32432432432,1.13513513514,2.1,1.3125,1.31576260444,1.15912419915,0.567567567568,1.16763151866,2.05725553287,0.813384813385,0.800712895576,1.41077986363,0.653796653797,0.579945114934,0.437917739848,2,1.55555555556,0.704792186495,2,0,0,0,0,0.0535185185185,37,18,18,0.486486486486,0,0.351351351351,0.0810810810811,0.189189189189,37,144,0.108108108108,1.44135349212,7.78378378378,12,4,6.75004170825,0.867192858351,0.398460960961,7.38912031971,1.89859341548,0.797672672673,1.74457546227,0.448258972944,0.233483483483,0.685378338221,0.475510235322,2.24029483516,1.45361331135,0.690973660343,2.24029483516,0.256694244697,0.133004926108,72,0.00926640926641,0.183691611922,37,36,36,0.972972972973,0,0.648648648649,0.324324324324,0,-72,-0.0540540540541,0.117029167797,-3.89189189189,-9.6,-2,-1.44905734136,0.164955208269,0.0884009009009,-2.94021630929,0.129216307735,0.0324074074074,-1.34225600844,-0.0805038252789,-0.0192692692693,0.105433223287,0.0375924954738,0.240294835159,0.129288987023,0.111028545408,0.240294835159,0.244524118527,0.127032229863,65,0.00836550836551,-0.437504969274,-0.0810810810811,0.0810810810811,-0.027027027027,130,14,86,1102,0.601851851852,0.987455197133,0.0125448028674,0.398148148148,0.902777777778,0.601851851852,0.722222222222,0.699537728447,0.589307048984,0.565217391304,123,195,0,0,0,0
46,WLNM_dir_neg,0.855285996055,0.662540648916,00:00:09,10,10,6,1231466230,threshold_sweep,0.1,0.689655172414,0.410256410256,0.514469453376,80,36,115,354,0.410256410256,0.907692307692,0.0923076923077,0.589743589744,0.689655172414,0.410256410256,0.514469453376,0.74188034188,0.60056980057,0.353780313837,0.375916398605,0.317948717949,216,21,195,0,216,0,21,0,195,37,216,0.162162162162,1.32432432432,11.6756756757,21.6,6,8.1990990496,0.702237650082,0.31006006006,10.329336629,1.76937710775,0.765265265265,3.0868314707,0.528762798222,0.252752752753,0.579945114934,0.437917739848,2,1.32432432432,0.579945114934,2,0.0121701261701,0.00597269624573,7,0.000900900900901,0.621196581197,37,37,37,1,0,0.72972972973,0.243243243243,0.027027027027,37,0.0157657657658,1.27027027027,1.13513513514,2.33333333333,1.5,1.13436624896,0.999322647896,0.532818532819,1.11904077328,1.9716432672,0.810810810811,0.800712895576,1.41077986363,0.684684684685,0.508191163105,0.400065383721,2,1.36842105263,0.495594627783,1,0,0,0,0,0.0444444444444,37,19,19,0.513513513514,0,0.351351351351,0.027027027027,0.216216216216,37,137,0.102852852853,8.45552420552,7.40540540541,4.41935483871,4.72413793103,6.29134970265,0.849561821161,0.451962911817,5.7002186355,1.53947510594,0.650226869205,4.69553490542,1.26813716424,0.611955020714,4.29178103924,0.507571255776,12.5,8.66262210012,4.16093731559,12.5,0.55087981463,0.304823151125,158,0.0203346203346,0.207098546615,37,36,36,0.972972972973,0,0.135135135135,0.648648648649,0.189189189189,-79,-0.0593093093093,7.1311998812,-4.27027027027,-17.1806451613,-1.27586206897,-1.90774934695,0.147324171079,0.141902851757,-4.6291179935,-0.229902001808,-0.11503839606,1.60870343472,0.739374366016,0.359202267961,3.71183592431,0.0696535159273,10.5,7.3382977758,3.58099220066,10.5,0.53870968846,0.29885045488,151,0.0194337194337,-0.414098034582,-0.594594594595,0.405405405405,0.162162162162,101,36,115,1080,0.467592592593,0.967741935484,0.0322580645161,0.532407407407,0.737226277372,0.467592592593,0.57223796034,0.528247987011,0.435334528076,0.400793650794,116,195,0,0,0,0
47,WLNM_dir_neg,0.855285996055,0.662540648916,00:00:09,10,10,6,1231466230,threshold_sweep,0.2,0.701754385965,0.410256410256,0.517799352751,80,34,115,356,0.410256410256,0.912820512821,0.0871794871795,0.589743589744,0.701754385965,0.410256410256,0.517799352751,0.745299145299,0.601709401709,0.360515021459,0.384496745414,0.323076923077,216,21,195,0,216,0,21,0,195,37,216,0.162162162162,1.32432432432,11.6756756757,21.6,6,8.1990990496,0.702237650082,0.31006006006,10.329336629,1.76937710775,0.765265265265,3.0868314707,0.528762798222,0.252752752753,0.579945114934,0.437917739848,2,1.32432432432,0.579945114934,2,0.0121701261701,0.00597269624573,7,0.000900900900901,0.621196581197,37,37,37,1,0,0.72972972973,0.243243243243,0.027027027027,37,0.0157657657658,1.27027027027,1.13513513514,2.33333333333,1.5,1.13436624896,0.999322647896,0.532818532819,1.11904077328,1.9716432672,0.810810810811,0.800712895576,1.41077986363,0.684684684685,0.508191163105,0.400065383721,2,1.36842105263,0.495594627783,1,0,0,0,0,0.0444444444444,37,19,19,0.513513513514,0,0.351351351351,0.027027027027,0.216216216216,37,135,0.101351351351,7.12267349767,7.2972972973,4.5,4.65517241379,6.15478524251,0.843433533232,0.44964964965,5.72623696591,1.56941309436,0.663463463463,4.51058148639,1.23623344442,0.606606606607,4.25484787573,0.59736668782,12.5,7.2927477615,4.18570989403,12.5,0.538874228841,0.286190793863,143,0.0184041184041,0.187858405962,37,36,36,0.972972972973,0,0.162162162162,0.621621621622,0.189189189189,-81,-0.0608108108108,5.79834917335,-4.37837837838,-17.1,-1.34482758621,-2.0443138071,0.141195883151,0.13958958959,-4.60309966309,-0.199964013384,-0.101801801802,1.42375001568,0.707470646195,0.353853853854,3.6749027608,0.159448947972,10.5,5.96842343717,3.6057647791,10.5,0.526704102671,0.280218097617,136,0.0175032175032,-0.433338175235,-0.567567567568,0.378378378378,0.162162162162,101,34,115,1082,0.467592592593,0.969534050179,0.0304659498208,0.532407407407,0.748148148148,0.467592592593,0.575498575499,0.53389062016,0.437126642772,0.404,114,195,0,0,0,0
48,WLNM_dir_neg,0.855285996055,0.662540648916,00:00:09,10,10,6,1231466230,threshold_sweep,0.3,0.690909090909,0.389743589744,0.498360655738,76,34,119,356,0.389743589744,0.912820512821,0.0871794871795,0.610256410256,0.690909090909,0.389743589744,0.498360655738,0.738461538462,0.603988603989,0.339568345324,0.365026052685,0.302564102564,216,21,195,0,216,0,21,0,195,37,216,0.162162162162,1.32432432432,11.6756756757,21.6,6,8.1990990496,0.702237650082,0.31006006006,10.329336629,1.76937710775,0.765265265265,3.0868314707,0.528762798222,0.252752752753,0.579945114934,0.437917739848,2,1.32432432432,0.579945114934,2,0.0121701261701,0.00597269624573,7,0.000900900900901,0.621196581197,37,37,37,1,0,0.72972972973,0.243243243243,0.027027027027,37,0.0157657657658,1.27027027027,1.13513513514,2.33333333333,1.5,1.13436624896,0.999322647896,0.532818532819,1.11904077328,1.9716432672,0.810810810811,0.800712895576,1.41077986363,0.684684684685,0.508191163105,0.400065383721,2,1.36842105263,0.495594627783,1,0,0,0,0,0.0444444444444,37,19,19,0.513513513514,0,0.351351351351,0.027027027027,0.216216216216,37,131,0.0983483483483,7.13882701383,7.08108108108,4.36666666667,4.51724137931,5.95528886499,0.841014076353,0.444192283887,5.5407309716,1.56493928206,0.658964307819,4.31788653674,1.21955573938,0.59913348463,4.26116153069,0.596899395718,12.5,7.30934998643,4.19161716193,12.5,0.536249983569,0.284390591589,133,0.0171171171171,0.182362321586,37,36,36,0.972972972973,0,0.162162162162,0.621621621622,0.189189189189,-85,-0.0638138138138,5.8145026895,-4.59459459459,-17.2333333333,-1.48275862069,-2.24381018462,0.138776426272,0.134132223827,-4.7886056574,-0.204437825689,-0.106300957446,1.23105506603,0.690792941162,0.346380731877,3.68121641575,0.158981655869,10.5,5.98502566211,3.61167204699,10.5,0.524079857399,0.278417895344,126,0.0162162162162,-0.43883425961,-0.567567567568,0.378378378378,0.162162162162,97,34,119,1082,0.449074074074,0.969534050179,0.0304659498208,0.550925925926,0.740458015267,0.449074074074,0.559077809798,0.518154738514,0.418608124253,0.388,110,195,0,0,0,0
49,WLNM_dir_neg,0.855285996055,0.662540648916,00:00:09,10,10,6,1231466230,threshold_sweep,0.4,0.690909090909,0.389743589744,0.498360655738,76,34,119,356,0.389743589744,0.912820512821,0.0871794871795,0.610256410256,0.690909090909,0.389743589744,0.498360655738,0.738461538462,0.603988603989,0.339568345324,0.365026052685,0.302564102564,216,21,195,0,216,0,21,0,195,37,216,0.162162162162,1.32432432432,11.6756756757,21.6,6,8.1990990496,0.702237650082,0.31006006006,10.329336629,1.76937710775,0.765265265265,3.0868314707,0.528762798222,0.252752752753,0.579945114934,0.437917739848,2,1.32432432432,0.579945114934,2,0.0121701261701,0.00597269624573,7,0.000900900900901,0.621196581197,37,37,37,1,0,0.72972972973,0.243243243243,0.027027027027,37,0.0157657657658,1.27027027027,1.13513513514,2.33333333333,1.5,1.13436624896,0.999322647896,0.532818532819,1.11904077328,1.9716432672,0.810810810811,0.800712895576,1.41077986363,0.684684684685,0.508191163105,0.400065383721,2,1.36842105263,0.495594627783,1,0,0,0,0,0.0444444444444,37,19,19,0.513513513514,0,0.351351351351,0.027027027027,0.216216216216,37,131,0.0983483483483,7.13882701383,7.08108108108,4.36666666667,4.51724137931,5.95528886499,0.841014076353,0.444192283887,5.5407309716,1.56493928206,0.658964307819,4.31788653674,1.21955573938,0.59913348463,4.26116153069,0.596899395718,12.5,7.30934998643,4.19161716193,12.5,0.536249983569,0.284390591589,133,0.0171171171171,0.182362321586,37,36,36,0.972972972973,0,0.162162162162,0.621621621622,0.189189189189,-85,-0.0638138138138,5.8145026895,-4.59459459459,-17.2333333333,-1.48275862069,-2.24381018462,0.138776426272,0.134132223827,-4.7886056574,-0.204437825689,-0.106300957446,1.23105506603,0.690792941162,0.346380731877,3.68121641575,0.158981655869,10.5,5.98502566211,3.61167204699,10.5,0.524079857399,0.278417895344,126,0.0162162162162,-0.43883425961,-0.567567567568,0.378378378378,0.162162162162,97,34,119,1082,0.449074074074,0.969534050179,0.0304659498208,0.550925925926,0.740458015267,0.449074074074,0.559077809798,0.518154738514,0.418608124253,0.388,110,195,0,0,0,0
50,WLNM_dir_neg,0.855285996055,0.662540648916,00:00:09,10,10,6,1231466230,threshold_sweep,0.5,0.690909090909,0.389743589744,0.498360655738,76,34,119,356,0.389743589744,0.912820512821,0.0871794871795,0.610256410256,0.690909090909,0.389743589744,0.498360655738,0.738461538462,0.603988603989,0.339568345324,0.365026052685,0.302564102564,216,21,195,0,216,0,21,0,195,37,216,0.162162162162,1.32432432432,11.6756756757,21.6,6,8.1990990496,0.702237650082,0.31006006006,10.329336629,1.76937710775,0.765265265265,3.0868314707,0.528762798222,0.252752752753,0.579945114934,0.437917739848,2,1.32432432432,0.579945114934,2,0.0121701261701,0.00597269624573,7,0.000900900900901,0.621196581197,37,37,37,1,0,0.72972972973,0.243243243243,0.027027027027,37,0.0157657657658,1.27027027027,1.13513513514,2.33333333333,1.5,1.13436624896,0.999322647896,0.532818532819,1.11904077328,1.9716432672,0.810810810811,0.800712895576,1.41077986363,0.684684684685,0.508191163105,0.400065383721,2,1.36842105263,0.495594627783,1,0,0,0,0,0.0444444444444,37,19,19,0.513513513514,0,0.351351351351,0.027027027027,0.216216216216,37,131,0.0983483483483,7.13882701383,7.08108108108,4.36666666667,4.51724137931,5.95528886499,0.841014076353,0.444192283887,5.5407309716,1.56493928206,0.658964307819,4.31788653674,1.21955573938,0.59913348463,4.26116153069,0.596899395718,12.5,7.30934998643,4.19161716193,12.5,0.536249983569,0.284390591589,133,0.0171171171171,0.182362321586,37,36,36,0.972972972973,0,0.162162162162,0.621621621622,0.189189189189,-85,-0.0638138138138,5.8145026895,-4.59459459459,-17.2333333333,-1.48275862069,-2.24381018462,0.138776426272,0.134132223827,-4.7886056574,-0.204437825689,-0.106300957446,1.23105506603,0.690792941162,0.346380731877,3.68121641575,0.158981655869,10.5,5.98502566211,3.61167204699,10.5,0.524079857399,0.278417895344,126,0.0162162162162,-0.43883425961,-0.567567567568,0.378378378378,0.162162162162,97,34,119,1082,0.449074074074,0.969534050179,0.0304659498208,0.550925925926,0.740458015267,0.449074074074,0.559077809798,0.518154738514,0.418608124253,0.388,110,195,0,0,0,0
51,WLNM_dir_neg,0.855285996055,0.662540648916,00:00:09,10,10,6,1231466230,threshold_sweep,0.6,0.688073394495,0.384615384615,0.493421052632,75,34,120,356,0.384615384615,0.912820512821,0.0871794871795,0.615384615385,0.688073394495,0.384615384615,0.493421052632,0.736752136752,0.604558404558,0.334293948127,0.360102607466,0.297435897436,216,21,195,0,216,0,21,0,195,37,216,0.162162162162,1.32432432432,11.6756756757,21.6,6,8.1990990496,0.702237650082,0.31006006006,10.329336629,1.76937710775,0.765265265265,3.0868314707,0.528762798222,0.252752752753,0.579945114934,0.437917739848,2,1.32432432432,0.579945114934,2,0.0121701261701,0.00597269624573,7,0.000900900900901,0.621196581197,37,37,37,1,0,0.72972972973,0.243243243243,0.027027027027,37,0.0157657657658,1.27027027027,1.13513513514,2.33333333333,1.5,1.13436624896,0.999322647896,0.532818532819,1.11904077328,1.9716432672,0.810810810811,0.800712895576,1.41077986363,0.684684684685,0.508191163105,0.400065383721,2,1.36842105263,0.495594627783,1,0,0,0,0,0.0444444444444,37,19,19,0.513513513514,0,0.351351351351,0.027027027027,0.216216216216,37,130,0.0975975975976,7.12745837355,7.02702702703,4.33333333333,4.48275862069,5.92305517302,0.842896313083,0.444074844075,5.495561955,1.5641214795,0.65738045738,4.2922515564,1.22164082759,0.598336798337,4.25674762233,0.59723219684,12.5,7.2976655506,4.18749064993,12.5,0.534806343145,0.279826464208,129,0.0166023166023,0.1816755084,37,36,36,0.972972972973,0,0.162162162162,0.621621621622,0.189189189189,-86,-0.0645645645646,5.80313404923,-4.64864864865,-17.2666666667,-1.51724137931,-2.27604387659,0.140658663001,0.134014784015,-4.833774674,-0.205255628246,-0.107884807885,1.2054200857,0.692878029368,0.345584045584,3.67680250739,0.159314456992,10.5,5.97334122627,3.607545535,10.5,0.522636216975,0.273853767963,122,0.0157014157014,-0.439521072797,-0.567567567568,0.378378378378,0.162162162162,96,34,120,1082,0.444444444444,0.969534050179,0.0304659498208,0.555555555556,0.738461538462,0.444444444444,0.554913294798,0.514177234211,0.413978494624,0.384,109,195,0,0,0,0
52,WLNM_dir_neg,0.855285996055,0.662540648916,00:00:09,10,10,6,1231466230,threshold_sweep,0.7,0.707547169811,0.384615384615,0.498338870432,75,31,120,359,0.384615384615,0.920512820513,0.0794871794872,0.615384615385,0.707547169811,0.384615384615,0.498338870432,0.74188034188,0.606267806268,0.344428364689,0.373431779539,0.305128205128,216,21,195,0,216,0,21,0,195,37,216,0.162162162162,1.32432432432,11.6756756757,21.6,6,8.1990990496,0.702237650082,0.31006006006,10.329336629,1.76937710775,0.765265265265,3.0868314707,0.528762798222,0.252752752753,0.579945114934,0.437917739848,2,1.32432432432,0.579945114934,2,0.0121701261701,0.00597269624573,7,0.000900900900901,0.621196581197,37,37,37,1,0,0.72972972973,0.243243243243,0.027027027027,37,0.0157657657658,1.27027027027,1.13513513514,2.33333333333,1.5,1.13436624896,0.999322647896,0.532818532819,1.11904077328,1.9716432672,0.810810810811,0.800712895576,1.41077986363,0.684684684685,0.508191163105,0.400065383721,2,1.36842105263,0.495594627783,1,0,0,0,0,0.0444444444444,37,19,19,0.513513513514,0,0.351351351351,0.027027027027,0.216216216216,37,127,0.0953453453453,3.08358488697,6.86486486486,4.37931034483,4.53571428571,5.68214631867,0.827714227523,0.436901468398,5.41366860898,1.57721053962,0.663119812726,4.23307440508,1.23325789754,0.607363268781,1.4063074376,0.45606250165,4.16666666667,3.14146224494,1.38084139522,4.16666666667,0.493959096459,0.227027027027,98,0.0126126126126,0.176065970155,37,36,36,0.972972972973,0,0.189189189189,0.567567567568,0.216216216216,-89,-0.0668168168168,1.75926056265,-4.81081081081,-17.2206896552,-1.46428571429,-2.51695273093,0.125476577441,0.126841408337,-4.91566802002,-0.192166568123,-0.102145452539,1.14624293437,0.70449509932,0.354610516028,0.826362322669,0.018144761802,2.16666666667,1.81713792062,0.800896280287,2.16666666667,0.481788970289,0.221054330781,91,0.0117117117117,-0.445130611042,-0.540540540541,0.324324324324,0.189189189189,96,31,120,1085,0.444444444444,0.972222222222,0.0277777777778,0.555555555556,0.755905511811,0.444444444444,0.559766763848,0.522940583611,0.416666666667,0.388663967611,106,195,0,0,0,0
53,WLNM_dir_neg,0.855285996055,0.662540648916,00:00:09,10,10,6,1231466230,threshold_sweep,0.8,0.707547169811,0.384615384615,0.498338870432,75,31,120,359,0.384615384615,0.920512820513,0.0794871794872,0.615384615385,0.707547169811,0.384615384615,0.498338870432,0.74188034188,0.606267806268,0.344428364689,0.373431779539,0.305128205128,216,21,195,0,216,0,21,0,195,37,216,0.162162162162,1.32432432432,11.6756756757,21.6,6,8.1990990496,0.702237650082,0.31006006006,10.329336629,1.76937710775,0.765265265265,3.0868314707,0.528762798222,0.252752752753,0.579945114934,0.437917739848,2,1.32432432432,0.579945114934,2,0.0121701261701,0.00597269624573,7,0.000900900900901,0.621196581197,37,37,37,1,0,0.72972972973,0.243243243243,0.027027027027,37,0.0157657657658,1.27027027027,1.13513513514,2.33333333333,1.5,1.13436624896,0.999322647896,0.532818532819,1.11904077328,1.9716432672,0.810810810811,0.800712895576,1.41077986363,0.684684684685,0.508191163105,0.400065383721,2,1.36842105263,0.495594627783,1,0,0,0,0,0.0444444444444,37,19,19,0.513513513514,0,0.351351351351,0.027027027027,0.216216216216,37,127,0.0953453453453,3.08358488697,6.86486486486,4.37931034483,4.53571428571,5.68214631867,0.827714227523,0.436901468398,5.41366860898,1.57721053962,0.663119812726,4.23307440508,1.23325789754,0.607363268781,1.4063074376,0.45606250165,4.16666666667,3.14146224494,1.38084139522,4.16666666667,0.493959096459,0.227027027027,98,0.0126126126126,0.176065970155,37,36,36,0.972972972973,0,0.189189189189,0.567567567568,0.216216216216,-89,-0.0668168168168,1.75926056265,-4.81081081081,-17.2206896552,-1.46428571429,-2.51695273093,0.125476577441,0.126841408337,-4.91566802002,-0.192166568123,-0.102145452539,1.14624293437,0.70449509932,0.354610516028,0.826362322669,0.018144761802,2.16666666667,1.81713792062,0.800896280287,2.16666666667,0.481788970289,0.221054330781,91,0.0117117117117,-0.445130611042,-0.540540540541,0.324324324324,0.189189189189,96,31,120,1085,0.444444444444,0.972222222222,0.0277777777778,0.555555555556,0.755905511811,0.444444444444,0.559766763848,0.522940583611,0.416666666667,0.388663967611,106,195,0,0,0,0
54,WLNM_dir_neg,0.855285996055,0.662540648916,00:00:09,10,10,6,1231466230,threshold_sweep,0.9,0.707547169811,0.384615384615,0.498338870432,75,31,120,359,0.384615384615,0.920512820513,0.0794871794872,0.615384615385,0.707547169811,0.384615384615,0.498338870432,0.74188034188,0.606267806268,0.344428364689,0.373431779539,0.305128205128,216,21,195,0,216,0,21,0,195,37,216,0.162162162162,1.32432432432,11.6756756757,21.6,6,8.1990990496,0.702237650082,0.31006006006,10.329336629,1.76937710775,0.765265265265,3.0868314707,0.528762798222,0.252752752753,0.579945114934,0.437917739848,2,1.32432432432,0.579945114934,2,0.0121701261701,0.00597269624573,7,0.000900900900901,0.621196581197,37,37,37,1,0,0.72972972973,0.243243243243,0.027027027027,37,0.0157657657658,1.27027027027,1.13513513514,2.33333333333,1.5,1.13436624896,0.999322647896,0.532818532819,1.11904077328,1.9716432672,0.810810810811,0.800712895576,1.41077986363,0.684684684685,0.508191163105,0.400065383721,2,1.36842105263,0.495594627783,1,0,0,0,0,0.0444444444444,37,19,19,0.513513513514,0,0.351351351351,0.027027027027,0.216216216216,37,127,0.0953453453453,3.08358488697,6.86486486486,4.37931034483,4.53571428571,5.68214631867,0.827714227523,0.436901468398,5.41366860898,1.57721053962,0.663119812726,4.23307440508,1.23325789754,0.607363268781,1.4063074376,0.45606250165,4.16666666667,3.14146224494,1.38084139522,4.16666666667,0.493959096459,0.227027027027,98,0.0126126126126,0.176065970155,37,36,36,0.972972972973,0,0.189189189189,0.567567567568,0.216216216216,-89,-0.0668168168168,1.75926056265,-4.81081081081,-17.2206896552,-1.46428571429,-2.51695273093,0.125476577441,0.126841408337,-4.91566802002,-0.192166568123,-0.102145452539,1.14624293437,0.70449509932,0.354610516028,0.826362322669,0.018144761802,2.16666666667,1.81713792062,0.800896280287,2.16666666667,0.481788970289,0.221054330781,91,0.0117117117117,-0.445130611042,-0.540540540541,0.324324324324,0.189189189189,96,31,120,1085,0.444444444444,0.972222222222,0.0277777777778,0.555555555556,0.755905511811,0.444444444444,0.559766763848,0.522940583611,0.416666666667,0.388663967611,106,195,0,0,0,0
55,WLNM_dir_neg,0.817541091387,0.647986366638,00:00:09,10,10,7,1231466231,threshold_sweep,0.1,0.594117647059,0.517948717949,0.553424657534,101,69,94,321,0.517948717949,0.823076923077,0.176923076923,0.482051282051,0.594117647059,0.517948717949,0.553424657534,0.721367521368,0.569800569801,0.352317880795,0.354069187263,0.341025641026,216,21,195,0,216,0,21,0,195,37,216,0.162162162162,1.32432432432,11.6756756757,21.6,6,8.1990990496,0.702237650082,0.31006006006,10.329336629,1.76937710775,0.765265265265,3.0868314707,0.528762798222,0.252752752753,0.579945114934,0.437917739848,2,1.32432432432,0.579945114934,2,0.0121701261701,0.00597269624573,7,0.000900900900901,0.621196581197,37,37,37,1,0,0.72972972973,0.243243243243,0.027027027027,37,0.0157657657658,1.21621621622,1.13513513514,2.625,1.3125,1.18232732266,1.04157406996,0.534105534106,1.21427940544,2.13944466673,0.831402831403,0.765235640562,1.34827231908,0.648648648649,0.417341795384,0.343147698427,1,1.35294117647,0.492592183072,1,0,0,0,0,0.0449829931973,37,17,17,0.459459459459,0,0.432432432432,0,0.216216216216,37,191,0.143393393393,6.03351735636,10.3243243243,5.61764705882,5.96875,7.06735080829,0.684533978813,0.379934908731,6.5085990706,1.26082809221,0.562614970992,6.11243501903,1.1840842707,0.592047544927,1.9946818698,0.330600171009,7,6.03351735636,1.9946818698,7,0.518956828553,0.386799693016,336,0.0432432432432,0.221833102542,37,37,37,1,0,0.0810810810811,0.783783783784,0.135135135135,-25,-0.0187687687688,4.70919303204,-1.35135135135,-15.9823529412,-0.03125,-1.13174824131,-0.0177036712684,0.0698748486707,-3.8207375584,-0.508549015534,-0.202650294273,3.02560354833,0.65532147248,0.339294792174,1.41473675486,-0.10731756884,5,4.70919303204,1.41473675486,5,0.506786702383,0.38082699677,329,0.0423423423423,-0.399363478655,-0.648648648649,0.540540540541,0.108108108108,122,69,94,1047,0.564814814815,0.938172043011,0.0618279569892,0.435185185185,0.638743455497,0.564814814815,0.599508599509,0.529000527241,0.502986857826,0.428070175439,170,195,0,0,0,0
56,WLNM_dir_neg,0.817541091387,0.647986366638,00:00:09,10,10,7,1231466231,threshold_sweep,0.2,0.834710743802,0.517948717949,0.639240506329,101,20,94,370,0.517948717949,0.948717948718,0.0512820512821,0.482051282051,0.834710743802,0.517948717949,0.639240506329,0.805128205128,0.597720797721,0.515580736544,0.543131154102,0.466666666667,216,21,195,0,216,0,21,0,195,37,216,0.162162162162,1.32432432432,11.6756756757,21.6,6,8.1990990496,0.702237650082,0.31006006006,10.329336629,1.76937710775,0.765265265265,3.0868314707,0.528762798222,0.252752752753,0.579945114934,0.437917739848,2,1.32432432432,0.579945114934,2,0.0121701261701,0.00597269624573,7,0.000900900900901,0.621196581197,37,37,37,1,0,0.72972972973,0.243243243243,0.027027027027,37,0.0157657657658,1.21621621622,1.13513513514,2.625,1.3125,1.18232732266,1.04157406996,0.534105534106,1.21427940544,2.13944466673,0.831402831403,0.765235640562,1.34827231908,0.648648648649,0.417341795384,0.343147698427,1,1.35294117647,0.492592183072,1,0,0,0,0,0.0449829931973,37,17,17,0.459459459459,0,0.432432432432,0,0.216216216216,37,142,0.106606606607,1.63398606287,7.67567567568,7.47368421053,4.4375,6.74970803506,0.879363370765,0.464027407689,7.09269386808,1.84809628957,0.770460601447,4.11307882461,1.0717177219,0.526456033498,0.657430342558,0.402347582699,1.64202020202,1.65159678683,0.657845494451,1.64202020202,0.374921782414,0.246040723982,145,0.0186615186615,0.470485065046,37,36,36,0.972972972973,0,0.459459459459,0.405405405405,0.108108108108,-74,-0.0555555555556,0.309661738541,-4,-14.1263157895,-1.5625,-1.44939101454,0.177125720683,0.153967347629,-3.23664276092,0.0787191818249,0.00519533618125,1.0262473539,0.542954923682,0.273703280746,0.0774852276238,-0.0355701571492,-0.35797979798,0.32727246251,0.0779003795164,-0.35797979798,0.362751656244,0.240068027736,138,0.0177606177606,-0.150711516151,-0.27027027027,0.162162162162,0.0810810810811,122,20,94,1096,0.564814814815,0.982078853047,0.0179211469534,0.435185185185,0.859154929577,0.564814814815,0.68156424581,0.653197050423,0.546893667861,0.516949152542,121,195,0,0,0,0
57,WLNM_dir_neg,0.817541091387,0.647986366638,00:00:09,10,10,7,1231466231,threshold_sweep,0.3,0.833333333333,0.512820512821,0.634920634921,100,20,95,370,0.512820512821,0.948717948718,0.0512820512821,0.487179487179,0.833333333333,0.512820512821,0.634920634921,0.803418803419,0.598290598291,0.510638297872,0.53881590608,0.461538461538,216,21,195,0,216,0,21,0,195,37,216,0.162162162162,1.32432432432,11.6756756757,21.6,6,8.1990990496,0.702237650082,0.31006006006,10.329336629,1.76937710775,0.765265265265,3.0868314707,0.528762798222,0.252752752753,0.579945114934,0.437917739848,2,1.32432432432,0.579945114934,2,0.0121701261701,0.00597269624573,7,0.000900900900901,0.621196581197,37,37,37,1,0,0.72972972973,0.243243243243,0.027027027027,37,0.0157657657658,1.21621621622,1.13513513514,2.625,1.3125,1.18232732266,1.04157406996,0.534105534106,1.21427940544,2.13944466673,0.831402831403,0.765235640562,1.34827231908,0.648648648649,0.417341795384,0.343147698427,1,1.35294117647,0.492592183072,1,0,0,0,0,0.0449829931973,37,17,17,0.459459459459,0,0.432432432432,0,0.216216216216,37,141,0.105855855856,1.63305409642,7.62162162162,7.42105263158,4.40625,6.72206710664,0.881973343779,0.465593252827,7.05075976142,1.85019937002,0.77094115392,4.10174649684,1.07634482541,0.52865631589,0.656142986373,0.40178888612,1.64202020202,1.65063893243,0.656548564778,1.64202020202,0.380099791539,0.247281053234,144,0.0185328185328,0.469447869567,37,36,36,0.972972972973,0,0.459459459459,0.405405405405,0.108108108108,-75,-0.0563063063063,0.308729772092,-4.05405405405,-14.1789473684,-1.59375,-1.47703194296,0.179735693697,0.155533192767,-3.27857686758,0.0808222622718,0.00567588865461,1.01491502613,0.547582027189,0.275903563138,0.0761978714382,-0.0361288537285,-0.35797979798,0.326314608103,0.0766034498435,-0.35797979798,0.367929665369,0.241308356988,137,0.0176319176319,-0.15174871163,-0.27027027027,0.162162162162,0.0810810810811,121,20,95,1096,0.560185185185,0.982078853047,0.0179211469534,0.439814814815,0.858156028369,0.560185185185,0.677871148459,0.649687243777,0.542264038232,0.512711864407,120,195,0,0,0,0
58,WLNM_dir_neg,0.817541091387,0.647986366638,00:00:09,10,10,7,1231466231,threshold_sweep,0.4,0.82905982906,0.497435897436,0.621794871795,97,20,98,370,0.497435897436,0.948717948718,0.0512820512821,0.502564102564,0.82905982906,0.497435897436,0.621794871795,0.798290598291,0.6,0.495726495726,0.525797350113,0.446153846154,216,21,195,0,216,0,21,0,195,37,216,0.162162162162,1.32432432432,11.6756756757,21.6,6,8.1990990496,0.702237650082,0.31006006006,10.329336629,1.76937710775,0.765265265265,3.0868314707,0.528762798222,0.252752752753,0.579945114934,0.437917739848,2,1.32432432432,0.579945114934,2,0.0121701261701,0.00597269624573,7,0.000900900900901,0.621196581197,37,37,37,1,0,0.72972972973,0.243243243243,0.027027027027,37,0.0157657657658,1.21621621622,1.13513513514,2.625,1.3125,1.18232732266,1.04157406996,0.534105534106,1.21427940544,2.13944466673,0.831402831403,0.765235640562,1.34827231908,0.648648648649,0.417341795384,0.343147698427,1,1.35294117647,0.492592183072,1,0,0,0,0,0.0449829931973,37,17,17,0.459459459459,0,0.432432432432,0,0.216216216216,37,138,0.103603603604,1.63288182383,7.45945945946,7.26315789474,4.3125,6.63992383907,0.890134717556,0.469056012534,6.93481013378,1.85933315181,0.772816294555,4.0459077312,1.08477236271,0.531923227575,0.655872693505,0.401665744534,1.63585858586,1.65046187449,0.656275598589,1.63585858586,0.37749944177,0.242136498516,136,0.0175032175032,0.465199529974,37,36,36,0.972972972973,0,0.459459459459,0.405405405405,0.108108108108,-78,-0.0585585585586,0.308557499506,-4.21621621622,-14.3368421053,-1.6875,-1.55917521054,0.187897067474,0.158995952474,-3.39452649522,0.0899560440655,0.00755102929016,0.959076260494,0.55600956449,0.279170474823,0.0759275785706,-0.0362519953143,-0.364141414141,0.326137550168,0.0763304836546,-0.364141414141,0.3653293156,0.236163802271,129,0.0166023166023,-0.155997051222,-0.27027027027,0.162162162162,0.0810810810811,118,20,98,1096,0.546296296296,0.982078853047,0.0179211469534,0.453703703704,0.855072463768,0.546296296296,0.666666666667,0.639086509147,0.528375149343,0.5,117,195,0,0,0,0
59,WLNM_dir_neg,0.817541091387,0.647986366638,00:00:09,10,10,7,1231466231,threshold_sweep,0.5,0.82905982906,0.497435897436,0.621794871795,97,20,98,370,0.497435897436,0.948717948718,0.0512820512821,0.502564102564,0.82905982906,0.497435897436,0.621794871795,0.798290598291,0.6,0.495726495726,0.525797350113,0.446153846154,216,21,195,0,216,0,21,0,195,37,216,0.162162162162,1.32432432432,11.6756756757,21.6,6,8.1990990496,0.702237650082,0.31006006006,10.329336629,1.76937710775,0.765265265265,3.0868314707,0.528762798222,0.252752752753,0.579945114934,0.437917739848,2,1.32432432432,0.579945114934,2,0.0121701261701,0.00597269624573,7,0.000900900900901,0.621196581197,37,37,37,1,0,0.72972972973,0.243243243243,0.027027027027,37,0.0157657657658,1.21621621622,1.13513513514,2.625,1.3125,1.18232732266,1.04157406996,0.534105534106,1.21427940544,2.13944466673,0.831402831403,0.765235640562,1.34827231908,0.648648648649,0.417341795384,0.343147698427,1,1.35294117647,0.492592183072,1,0,0,0,0,0.0449829931973,37,17,17,0.459459459459,0,0.432432432432,0,0.216216216216,37,138,0.103603603604,1.63288182383,7.45945945946,7.26315789474,4.3125,6.63992383907,0.890134717556,0.469056012534,6.93481013378,1.85933315181,0.772816294555,4.0459077312,1.08477236271,0.531923227575,0.655872693505,0.401665744534,1.63585858586,1.65046187449,0.656275598589,1.63585858586,0.37749944177,0.242136498516,136,0.0175032175032,0.465199529974,37,36,36,0.972972972973,0,0.459459459459,0.405405405405,0.108108108108,-78,-0.0585585585586,0.308557499506,-4.21621621622,-14.3368421053,-1.6875,-1.55917521054,0.187897067474,0.158995952474,-3.39452649522,0.0899560440655,0.00755102929016,0.959076260494,0.55600956449,0.279170474823,0.0759275785706,-0.0362519953143,-0.364141414141,0.326137550168,0.0763304836546,-0.364141414141,0.3653293156,0.236163802271,129,0.0166023166023,-0.155997051222,-0.27027027027,0.162162162162,0.0810810810811,118,20,98,1096,0.546296296296,0.982078853047,0.0179211469534,0.453703703704,0.855072463768,0.546296296296,0.666666666667,0.639086509147,0.528375149343,0.5,117,195,0,0,0,0
60,WLNM_dir_neg,0.817541091387,0.647986366638,00:00:09,10,10,7,1231466231,threshold_sweep,0.6,0.82905982906,0.497435897436,0.621794871795,97,20,98,370,0.497435897436,0.948717948718,0.0512820512821,0.502564102564,0.82905982906,0.497435897436,0.621794871795,0.798290598291,0.6,0.495726495726,0.525797350113,0.446153846154,216,21,195,0,216,0,21,0,195,37,216,0.162162162162,1.32432432432,11.6756756757,21.6,6,8.1990990496,0.702237650082,0.31006006006,10.329336629,1.76937710775,0.765265265265,3.0868314707,0.528762798222,0.252752752753,0.579945114934,0.437917739848,2,1.32432432432,0.579945114934,2,0.0121701261701,0.00597269624573,7,0.000900900900901,0.621196581197,37,37,37,1,0,0.72972972973,0.243243243243,0.027027027027,37,0.0157657657658,1.21621621622,1.13513513514,2.625,1.3125,1.18232732266,1.04157406996,0.534105534106,1.21427940544,2.13944466673,0.831402831403,0.765235640562,1.34827231908,0.648648648649,0.417341795384,0.343147698427,1,1.35294117647,0.492592183072,1,0,0,0,0,0.0449829931973,37,17,17,0.459459459459,0,0.432432432432,0,0.216216216216,37,138,0.103603603604,1.63288182383,7.45945945946,7.26315789474,4.3125,6.63992383907,0.890134717556,0.469056012534,6.93481013378,1.85933315181,0.772816294555,4.0459077312,1.08477236271,0.531923227575,0.655872693505,0.401665744534,1.63585858586,1.65046187449,0.656275598589,1.63585858586,0.37749944177,0.242136498516,136,0.0175032175032,0.465199529974,37,36,36,0.972972972973,0,0.459459459459,0.405405405405,0.108108108108,-78,-0.0585585585586,0.308557499506,-4.21621621622,-14.3368421053,-1.6875,-1.55917521054,0.187897067474,0.158995952474,-3.39452649522,0.0899560440655,0.00755102929016,0.959076260494,0.55600956449,0.279170474823,0.0759275785706,-0.0362519953143,-0.364141414141,0.326137550168,0.0763304836546,-0.364141414141,0.3653293156,0.236163802271,129,0.0166023166023,-0.155997051222,-0.27027027027,0.162162162162,0.0810810810811,118,20,98,1096,0.546296296296,0.982078853047,0.0179211469534,0.453703703704,0.855072463768,0.546296296296,0.666666666667,0.639086509147,0.528375149343,0.5,117,195,0,0,0,0
61,WLNM_dir_neg,0.817541091387,0.647986366638,00:00:09,10,10,7,1231466231,threshold_sweep,0.7,0.824561403509,0.482051282051,0.608414239482,94,20,101,370,0.482051282051,0.948717948718,0.0512820512821,0.517948717949,0.824561403509,0.482051282051,0.608414239482,0.793162393162,0.601709401709,0.480686695279,0.512662327219,0.430769230769,216,21,195,0,216,0,21,0,195,37,216,0.162162162162,1.32432432432,11.6756756757,21.6,6,8.1990990496,0.702237650082,0.31006006006,10.329336629,1.76937710775,0.765265265265,3.0868314707,0.528762798222,0.252752752753,0.579945114934,0.437917739848,2,1.32432432432,0.579945114934,2,0.0121701261701,0.00597269624573,7,0.000900900900901,0.621196581197,37,37,37,1,0,0.72972972973,0.243243243243,0.027027027027,37,0.0157657657658,1.21621621622,1.13513513514,2.625,1.3125,1.18232732266,1.04157406996,0.534105534106,1.21427940544,2.13944466673,0.831402831403,0.765235640562,1.34827231908,0.648648648649,0.417341795384,0.343147698427,1,1.35294117647,0.492592183072,1,0,0,0,0,0.0449829931973,37,17,17,0.459459459459,0,0.432432432432,0,0.216216216216,37,135,0.101351351351,1.63259470285,7.2972972973,7.10526315789,4.21875,6.57801415856,0.901431569877,0.47047047047,6.85247812521,1.87808659728,0.776376376376,3.96664016949,1.08715323164,0.529329329329,0.655425434147,0.40146242849,1.6303030303,1.65016677793,0.655823973126,1.6303030303,0.379300566595,0.235727440147,128,0.0164736164736,0.459749384123,37,36,36,0.972972972973,0,0.459459459459,0.405405405405,0.108108108108,-81,-0.0608108108108,0.308270378529,-4.37837837838,-14.4947368421,-1.78125,-1.62108489104,0.199193919795,0.16041041041,-3.47685850379,0.108709489534,0.0111111111111,0.879808698789,0.558390433416,0.276576576577,0.0754803192122,-0.0364553113589,-0.369696969697,0.325842453608,0.075878858192,-0.369696969697,0.367130440425,0.229754743902,121,0.0155727155727,-0.161447197073,-0.27027027027,0.162162162162,0.0810810810811,115,20,101,1096,0.532407407407,0.982078853047,0.0179211469534,0.467592592593,0.851851851852,0.532407407407,0.655270655271,0.628374850172,0.514486260454,0.487288135593,114,195,0,0,0,0
62,WLNM_dir_neg,0.817541091387,0.647986366638,00:00:09,10,10,7,1231466231,threshold_sweep,0.8,0.824561403509,0.482051282051,0.608414239482,94,20,101,370,0.482051282051,0.948717948718,0.0512820512821,0.517948717949,0.824561403509,0.482051282051,0.608414239482,0.793162393162,0.601709401709,0.480686695279,0.512662327219,0.430769230769,216,21,195,0,216,0,21,0,195,37,216,0.162162162162,1.32432432432,11.6756756757,21.6,6,8.1990990496,0.702237650082,0.31006006006,10.329336629,1.76937710775,0.765265265265,3.0868314707,0.528762798222,0.252752752753,0.579945114934,0.437917739848,2,1.32432432432,0.579945114934,2,0.0121701261701,0.00597269624573,7,0.000900900900901,0.621196581197,37,37,37,1,0,0.72972972973,0.243243243243,0.027027027027,37,0.0157657657658,1.21621621622,1.13513513514,2.625,1.3125,1.18232732266,1.04157406996,0.534105534106,1.21427940544,2.13944466673,0.831402831403,0.765235640562,1.34827231908,0.648648648649,0.417341795384,0.343147698427,1,1.35294117647,0.492592183072,1,0,0,0,0,0.0449829931973,37,17,17,0.459459459459,0,0.432432432432,0,0.216216216216,37,135,0.101351351351,1.63259470285,7.2972972973,7.10526315789,4.21875,6.57801415856,0.901431569877,0.47047047047,6.85247812521,1.87808659728,0.776376376376,3.96664016949,1.08715323164,0.529329329329,0.655425434147,0.40146242849,1.6303030303,1.65016677793,0.655823973126,1.6303030303,0.379300566595,0.235727440147,128,0.0164736164736,0.459749384123,37,36,36,0.972972972973,0,0.459459459459,0.405405405405,0.108108108108,-81,-0.0608108108108,0.308270378529,-4.37837837838,-14.4947368421,-1.78125,-1.62108489104,0.199193919795,0.16041041041,-3.47685850379,0.108709489534,0.0111111111111,0.879808698789,0.558390433416,0.276576576577,0.0754803192122,-0.0364553113589,-0.369696969697,0.325842453608,0.075878858192,-0.369696969697,0.367130440425,0.229754743902,121,0.0155727155727,-0.161447197073,-0.27027027027,0.162162162162,0.0810810810811,115,20,101,1096,0.532407407407,0.982078853047,0.0179211469534,0.467592592593,0.851851851852,0.532407407407,0.655270655271,0.628374850172,0.514486260454,0.487288135593,114,195,0,0,0,0
63,WLNM_dir_neg,0.817541091387,0.647986366638,00:00:09,10,10,7,1231466231,threshold_sweep,0.9,0.824561403509,0.482051282051,0.608414239482,94,20,101,370,0.482051282051,0.948717948718,0.0512820512821,0.517948717949,0.824561403509,0.482051282051,0.608414239482,0.793162393162,0.601709401709,0.480686695279,0.512662327219,0.430769230769,216,21,195,0,216,0,21,0,195,37,216,0.162162162162,1.32432432432,11.6756756757,21.6,6,8.1990990496,0.702237650082,0.31006006006,10.329336629,1.76937710775,0.765265265265,3.0868314707,0.528762798222,0.252752752753,0.579945114934,0.437917739848,2,1.32432432432,0.579945114934,2,0.0121701261701,0.00597269624573,7,0.000900900900901,0.621196581197,37,37,37,1,0,0.72972972973,0.243243243243,0.027027027027,37,0.0157657657658,1.21621621622,1.13513513514,2.625,1.3125,1.18232732266,1.04157406996,0.534105534106,1.21427940544,2.13944466673,0.831402831403,0.765235640562,1.34827231908,0.648648648649,0.417341795384,0.343147698427,1,1.35294117647,0.492592183072,1,0,0,0,0,0.0449829931973,37,17,17,0.459459459459,0,0.432432432432,0,0.216216216216,37,135,0.101351351351,1.63259470285,7.2972972973,7.10526315789,4.21875,6.57801415856,0.901431569877,0.47047047047,6.85247812521,1.87808659728,0.776376376376,3.96664016949,1.08715323164,0.529329329329,0.655425434147,0.40146242849,1.6303030303,1.65016677793,0.655823973126,1.6303030303,0.379300566595,0.235727440147,128,0.0164736164736,0.459749384123,37,36,36,0.972972972973,0,0.459459459459,0.405405405405,0.108108108108,-81,-0.0608108108108,0.308270378529,-4.37837837838,-14.4947368421,-1.78125,-1.62108489104,0.199193919795,0.16041041041,-3.47685850379,0.108709489534,0.0111111111111,0.879808698789,0.558390433416,0.276576576577,0.0754803192122,-0.0364553113589,-0.369696969697,0.325842453608,0.075878858192,-0.369696969697,0.367130440425,0.229754743902,121,0.0155727155727,-0.161447197073,-0.27027027027,0.162162162162,0.0810810810811,115,20,101,1096,0.532407407407,0.982078853047,0.0179211469534,0.467592592593,0.851851851852,0.532407407407,0.655270655271,0.628374850172,0.514486260454,0.487288135593,114,195,0,0,0,0
64,WLNM_dir_neg,0.802110453649,0.601428561565,00:00:08,10,10,8,1231466232,threshold_sweep,0.1,0.628571428571,0.564102564103,0.594594594595,110,65,85,325,0.564102564103,0.833333333333,0.166666666667,0.435897435897,0.628571428571,0.564102564103,0.594594594595,0.74358974359,0.566951566952,0.407894736842,0.409171849945,0.397435897436,216,21,195,0,216,0,21,0,195,37,216,0.162162162162,1.32432432432,11.6756756757,21.6,6,8.1990990496,0.702237650082,0.31006006006,10.329336629,1.76937710775,0.765265265265,3.0868314707,0.528762798222,0.252752752753,0.579945114934,0.437917739848,2,1.32432432432,0.579945114934,2,0.0121701261701,0.00597269624573,7,0.000900900900901,0.621196581197,37,37,37,1,0,0.72972972973,0.243243243243,0.027027027027,37,0.0157657657658,1.32432432432,1.13513513514,2.1,1.4,1.13436624896,0.999322647896,0.535392535393,1.01490395114,1.78816410438,0.777348777349,0.834683590768,1.47063299326,0.684684684685,0.579945114934,0.437917739848,2,1.58823529412,0.712287119901,2,0,0,0,0,0.0533333333333,37,17,17,0.459459459459,0,0.351351351351,0.0540540540541,0.216216216216,37,196,0.147147147147,1,10.5945945946,5.6,5.44444444444,7.15875322579,0.675698646312,0.366519580805,6.44146664142,1.2159911517,0.53943739658,5.45112050084,1.02903805373,0.502482073911,0,0,0,NaN,NaN,NaN,0.50447838807,0.315188427864,276,0.0355212355212,0.191302411891,37,37,0,1,2,0.0540540540541,0.918918918919,0.027027027027,-20,-0.015015015015,-0.324324324324,-1.08108108108,-16,-0.555555555556,-1.04034582382,-0.0265390037701,0.0564595207452,-3.88786998758,-0.553385956049,-0.225827868685,2.36428903014,0.500275255508,0.249729321158,-0.579945114934,-0.437917739848,-2,NaN,NaN,NaN,0.4923082619,0.309215731619,269,0.0346203346203,-0.429894169306,-0.675675675676,0.675675675676,0,131,65,85,1051,0.606481481481,0.941756272401,0.0582437275986,0.393518518519,0.668367346939,0.606481481481,0.635922330097,0.570440971744,0.548237753883,0.466192170819,175,195,0,0,0,0
65,WLNM_dir_neg,0.802110453649,0.601428561565,00:00:08,10,10,8,1231466232,threshold_sweep,0.2,0.909090909091,0.564102564103,0.696202531646,110,11,85,379,0.564102564103,0.971794871795,0.0282051282051,0.435897435897,0.909090909091,0.564102564103,0.696202531646,0.835897435897,0.597720797721,0.592067988669,0.623705556084,0.535897435897,216,21,195,0,216,0,21,0,195,37,216,0.162162162162,1.32432432432,11.6756756757,21.6,6,8.1990990496,0.702237650082,0.31006006006,10.329336629,1.76937710775,0.765265265265,3.0868314707,0.528762798222,0.252752752753,0.579945114934,0.437917739848,2,1.32432432432,0.579945114934,2,0.0121701261701,0.00597269624573,7,0.000900900900901,0.621196581197,37,37,37,1,0,0.72972972973,0.243243243243,0.027027027027,37,0.0157657657658,1.32432432432,1.13513513514,2.1,1.4,1.13436624896,0.999322647896,0.535392535393,1.01490395114,1.78816410438,0.777348777349,0.834683590768,1.47063299326,0.684684684685,0.579945114934,0.437917739848,2,1.58823529412,0.712287119901,2,0,0,0,0,0.0533333333333,37,17,17,0.459459459459,0,0.351351351351,0.0540540540541,0.216216216216,37,142,0.106606606607,1,7.67567567568,8.875,3.94444444444,6.59568063228,0.859296420402,0.431480776551,7.12005584214,1.85522581802,0.780738484964,2.97688794916,0.775667986753,0.390559573658,0,0,0,NaN,NaN,NaN,0.470418787562,0.139072847682,77,0.00990990990991,0.181260029328,37,36,0,0.972972972973,2,0.540540540541,0.432432432432,0,-74,-0.0555555555556,-0.324324324324,-4,-12.725,-2.05555555556,-1.60341841733,0.157058770321,0.121420716491,-3.20928078686,0.0858487102771,0.0154732196986,-0.109943521543,0.246905188531,0.137806820905,-0.579945114934,-0.437917739848,-2,NaN,NaN,NaN,0.458248661392,0.133100151436,70,0.00900900900901,-0.439936551869,-0.189189189189,0.189189189189,-0.027027027027,131,11,85,1105,0.606481481481,0.990143369176,0.00985663082437,0.393518518519,0.922535211268,0.606481481481,0.731843575419,0.712594816068,0.596624850657,0.577092511013,121,195,0,0,0,0
66,WLNM_dir_neg,0.802110453649,0.601428561565,00:00:08,10,10,8,1231466232,threshold_sweep,0.3,0.909090909091,0.564102564103,0.696202531646,110,11,85,379,0.564102564103,0.971794871795,0.0282051282051,0.435897435897,0.909090909091,0.564102564103,0.696202531646,0.835897435897,0.597720797721,0.592067988669,0.623705556084,0.535897435897,216,21,195,0,216,0,21,0,195,37,216,0.162162162162,1.32432432432,11.6756756757,21.6,6,8.1990990496,0.702237650082,0.31006006006,10.329336629,1.76937710775,0.765265265265,3.0868314707,0.528762798222,0.252752752753,0.579945114934,0.437917739848,2,1.32432432432,0.579945114934,2,0.0121701261701,0.00597269624573,7,0.000900900900901,0.621196581197,37,37,37,1,0,0.72972972973,0.243243243243,0.027027027027,37,0.0157657657658,1.32432432432,1.13513513514,2.1,1.4,1.13436624896,0.999322647896,0.535392535393,1.01490395114,1.78816410438,0.777348777349,0.834683590768,1.47063299326,0.684684684685,0.579945114934,0.437917739848,2,1.58823529412,0.712287119901,2,0,0,0,0,0.0533333333333,37,17,17,0.459459459459,0,0.351351351351,0.0540540540541,0.216216216216,37,142,0.106606606607,1,7.67567567568,8.875,3.94444444444,6.59568063228,0.859296420402,0.431480776551,7.12005584214,1.85522581802,0.780738484964,2.97688794916,0.775667986753,0.390559573658,0,0,0,NaN,NaN,NaN,0.470418787562,0.139072847682,77,0.00990990990991,0.181260029328,37,36,0,0.972972972973,2,0.540540540541,0.432432432432,0,-74,-0.0555555555556,-0.324324324324,-4,-12.725,-2.05555555556,-1.60341841733,0.157058770321,0.121420716491,-3.20928078686,0.0858487102771,0.0154732196986,-0.109943521543,0.246905188531,0.137806820905,-0.579945114934,-0.437917739848,-2,NaN,NaN,NaN,0.458248661392,0.133100151436,70,0.00900900900901,-0.439936551869,-0.189189189189,0.189189189189,-0.027027027027,131,11,85,1105,0.606481481481,0.990143369176,0.00985663082437,0.393518518519,0.922535211268,0.606481481481,0.731843575419,0.712594816068,0.596624850657,0.577092511013,121,195,0,0,0,0
67,WLNM_dir_neg,0.802110453649,0.601428561565,00:00:08,10,10,8,1231466232,threshold_sweep,0.4,0.909090909091,0.564102564103,0.696202531646,110,11,85,379,0.564102564103,0.971794871795,0.0282051282051,0.435897435897,0.909090909091,0.564102564103,0.696202531646,0.835897435897,0.597720797721,0.592067988669,0.623705556084,0.535897435897,216,21,195,0,216,0,21,0,195,37,216,0.162162162162,1.32432432432,11.6756756757,21.6,6,8.1990990496,0.702237650082,0.31006006006,10.329336629,1.76937710775,0.765265265265,3.0868314707,0.528762798222,0.252752752753,0.579945114934,0.437917739848,2,1.32432432432,0.579945114934,2,0.0121701261701,0.00597269624573,7,0.000900900900901,0.621196581197,37,37,37,1,0,0.72972972973,0.243243243243,0.027027027027,37,0.0157657657658,1.32432432432,1.13513513514,2.1,1.4,1.13436624896,0.999322647896,0.535392535393,1.01490395114,1.78816410438,0.777348777349,0.834683590768,1.47063299326,0.684684684685,0.579945114934,0.437917739848,2,1.58823529412,0.712287119901,2,0,0,0,0,0.0533333333333,37,17,17,0.459459459459,0,0.351351351351,0.0540540540541,0.216216216216,37,142,0.106606606607,1,7.67567567568,8.875,3.94444444444,6.59568063228,0.859296420402,0.431480776551,7.12005584214,1.85522581802,0.780738484964,2.97688794916,0.775667986753,0.390559573658,0,0,0,NaN,NaN,NaN,0.470418787562,0.139072847682,77,0.00990990990991,0.181260029328,37,36,0,0.972972972973,2,0.540540540541,0.432432432432,0,-74,-0.0555555555556,-0.324324324324,-4,-12.725,-2.05555555556,-1.60341841733,0.157058770321,0.121420716491,-3.20928078686,0.0858487102771,0.0154732196986,-0.109943521543,0.246905188531,0.137806820905,-0.579945114934,-0.437917739848,-2,NaN,NaN,NaN,0.458248661392,0.133100151436,70,0.00900900900901,-0.439936551869,-0.189189189189,0.189189189189,-0.027027027027,131,11,85,1105,0.606481481481,0.990143369176,0.00985663082437,0.393518518519,0.922535211268,0.606481481481,0.731843575419,0.712594816068,0.596624850657,0.577092511013,121,195,0,0,0,0
68,WLNM_dir_neg,0.802110453649,0.601428561565,00:00:08,10,10,8,1231466232,threshold_sweep,0.5,0.909090909091,0.564102564103,0.696202531646,110,11,85,379,0.564102564103,0.971794871795,0.0282051282051,0.435897435897,0.909090909091,0.564102564103,0.696202531646,0.835897435897,0.597720797721,0.592067988669,0.623705556084,0.535897435897,216,21,195,0,216,0,21,0,195,37,216,0.162162162162,1.32432432432,11.6756756757,21.6,6,8.1990990496,0.702237650082,0.31006006006,10.329336629,1.76937710775,0.765265265265,3.0868314707,0.528762798222,0.252752752753,0.579945114934,0.437917739848,2,1.32432432432,0.579945114934,2,0.0121701261701,0.00597269624573,7,0.000900900900901,0.621196581197,37,37,37,1,0,0.72972972973,0.243243243243,0.027027027027,37,0.0157657657658,1.32432432432,1.13513513514,2.1,1.4,1.13436624896,0.999322647896,0.535392535393,1.01490395114,1.78816410438,0.777348777349,0.834683590768,1.47063299326,0.684684684685,0.579945114934,0.437917739848,2,1.58823529412,0.712287119901,2,0,0,0,0,0.0533333333333,37,17,17,0.459459459459,0,0.351351351351,0.0540540540541,0.216216216216,37,142,0.106606606607,1,7.67567567568,8.875,3.94444444444,6.59568063228,0.859296420402,0.431480776551,7.12005584214,1.85522581802,0.780738484964,2.97688794916,0.775667986753,0.390559573658,0,0,0,NaN,NaN,NaN,0.470418787562,0.139072847682,77,0.00990990990991,0.181260029328,37,36,0,0.972972972973,2,0.540540540541,0.432432432432,0,-74,-0.0555555555556,-0.324324324324,-4,-12.725,-2.05555555556,-1.60341841733,0.157058770321,0.121420716491,-3.20928078686,0.0858487102771,0.0154732196986,-0.109943521543,0.246905188531,0.137806820905,-0.579945114934,-0.437917739848,-2,NaN,NaN,NaN,0.458248661392,0.133100151436,70,0.00900900900901,-0.439936551869,-0.189189189189,0.189189189189,-0.027027027027,131,11,85,1105,0.606481481481,0.990143369176,0.00985663082437,0.393518518519,0.922535211268,0.606481481481,0.731843575419,0.712594816068,0.596624850657,0.577092511013,121,195,0,0,0,0
69,WLNM_dir_neg,0.802110453649,0.601428561565,00:00:08,10,10,8,1231466232,threshold_sweep,0.6,0.908333333333,0.558974358974,0.692063492063,109,11,86,379,0.558974358974,0.971794871795,0.0282051282051,0.441025641026,0.908333333333,0.558974358974,0.692063492063,0.834188034188,0.598290598291,0.587234042553,0.619638291992,0.530769230769,216,21,195,0,216,0,21,0,195,37,216,0.162162162162,1.32432432432,11.6756756757,21.6,6,8.1990990496,0.702237650082,0.31006006006,10.329336629,1.76937710775,0.765265265265,3.0868314707,0.528762798222,0.252752752753,0.579945114934,0.437917739848,2,1.32432432432,0.579945114934,2,0.0121701261701,0.00597269624573,7,0.000900900900901,0.621196581197,37,37,37,1,0,0.72972972973,0.243243243243,0.027027027027,37,0.0157657657658,1.32432432432,1.13513513514,2.1,1.4,1.13436624896,0.999322647896,0.535392535393,1.01490395114,1.78816410438,0.777348777349,0.834683590768,1.47063299326,0.684684684685,0.579945114934,0.437917739848,2,1.58823529412,0.712287119901,2,0,0,0,0,0.0533333333333,37,17,17,0.459459459459,0,0.351351351351,0.0540540540541,0.216216216216,37,141,0.105855855856,1,7.62162162162,8.8125,3.91666666667,6.58006818333,0.863342279373,0.432432432432,7.09787854784,1.86256387426,0.782442016485,2.94238978683,0.772116468885,0.389879240943,0,0,0,NaN,NaN,NaN,0.46992610564,0.136944613512,75,0.00965250965251,0.177743952812,37,36,0,0.972972972973,2,0.540540540541,0.432432432432,0,-75,-0.0563063063063,-0.324324324324,-4.05405405405,-12.7875,-2.08333333333,-1.61903086627,0.161104629291,0.122372372372,-3.23145808116,0.0931867665104,0.0171767512193,-0.144441683871,0.243353670663,0.13712648819,-0.579945114934,-0.437917739848,-2,NaN,NaN,NaN,0.45775597947,0.130971917266,68,0.00875160875161,-0.443452628385,-0.189189189189,0.189189189189,-0.027027027027,130,11,86,1105,0.601851851852,0.990143369176,0.00985663082437,0.398148148148,0.921985815603,0.601851851852,0.728291316527,0.709270238042,0.591995221027,0.57268722467,120,195,0,0,0,0
70,WLNM_dir_neg,0.802110453649,0.601428561565,00:00:08,10,10,8,1231466232,threshold_sweep,0.7,0.908333333333,0.558974358974,0.692063492063,109,11,86,379,0.558974358974,0.971794871795,0.0282051282051,0.441025641026,0.908333333333,0.558974358974,0.692063492063,0.834188034188,0.598290598291,0.587234042553,0.619638291992,0.530769230769,216,21,195,0,216,0,21,0,195,37,216,0.162162162162,1.32432432432,11.6756756757,21.6,6,8.1990990496,0.702237650082,0.31006006006,10.329336629,1.76937710775,0.765265265265,3.0868314707,0.528762798222,0.252752752753,0.579945114934,0.437917739848,2,1.32432432432,0.579945114934,2,0.0121701261701,0.00597269624573,7,0.000900900900901,0.621196581197,37,37,37,1,0,0.72972972973,0.243243243243,0.027027027027,37,0.0157657657658,1.32432432432,1.13513513514,2.1,1.4,1.13436624896,0.999322647896,0.535392535393,1.01490395114,1.78816410438,0.777348777349,0.834683590768,1.47063299326,0.684684684685,0.579945114934,0.437917739848,2,1.58823529412,0.712287119901,2,0,0,0,0,0.0533333333333,37,17,17,0.459459459459,0,0.351351351351,0.0540540540541,0.216216216216,37,141,0.105855855856,1,7.62162162162,8.8125,3.91666666667,6.58006818333,0.863342279373,0.432432432432,7.09787854784,1.86256387426,0.782442016485,2.94238978683,0.772116468885,0.389879240943,0,0,0,NaN,NaN,NaN,0.46992610564,0.136944613512,75,0.00965250965251,0.177743952812,37,36,0,0.972972972973,2,0.540540540541,0.432432432432,0,-75,-0.0563063063063,-0.324324324324,-4.05405405405,-12.7875,-2.08333333333,-1.61903086627,0.161104629291,0.122372372372,-3.23145808116,0.0931867665104,0.0171767512193,-0.144441683871,0.243353670663,0.13712648819,-0.579945114934,-0.437917739848,-2,NaN,NaN,NaN,0.45775597947,0.130971917266,68,0.00875160875161,-0.443452628385,-0.189189189189,0.189189189189,-0.027027027027,130,11,86,1105,0.601851851852,0.990143369176,0.00985663082437,0.398148148148,0.921985815603,0.601851851852,0.728291316527,0.709270238042,0.591995221027,0.57268722467,120,195,0,0,0,0
71,WLNM_dir_neg,0.802110453649,0.601428561565,00:00:08,10,10,8,1231466232,threshold_sweep,0.8,0.908333333333,0.558974358974,0.692063492063,109,11,86,379,0.558974358974,0.971794871795,0.0282051282051,0.441025641026,0.908333333333,0.558974358974,0.692063492063,0.834188034188,0.598290598291,0.587234042553,0.619638291992,0.530769230769,216,21,195,0,216,0,21,0,195,37,216,0.162162162162,1.32432432432,11.6756756757,21.6,6,8.1990990496,0.702237650082,0.31006006006,10.329336629,1.76937710775,0.765265265265,3.0868314707,0.528762798222,0.252752752753,0.579945114934,0.437917739848,2,1.32432432432,0.579945114934,2,0.0121701261701,0.00597269624573,7,0.000900900900901,0.621196581197,37,37,37,1,0,0.72972972973,0.243243243243,0.027027027027,37,0.0157657657658,1.32432432432,1.13513513514,2.1,1.4,1.13436624896,0.999322647896,0.535392535393,1.01490395114,1.78816410438,0.777348777349,0.834683590768,1.47063299326,0.684684684685,0.579945114934,0.437917739848,2,1.58823529412,0.712287119901,2,0,0,0,0,0.0533333333333,37,17,17,0.459459459459,0,0.351351351351,0.0540540540541,0.216216216216,37,141,0.105855855856,1,7.62162162162,8.8125,3.91666666667,6.58006818333,0.863342279373,0.432432432432,7.09787854784,1.86256387426,0.782442016485,2.94238978683,0.772116468885,0.389879240943,0,0,0,NaN,NaN,NaN,0.46992610564,0.136944613512,75,0.00965250965251,0.177743952812,37,36,0,0.972972972973,2,0.540540540541,0.432432432432,0,-75,-0.0563063063063,-0.324324324324,-4.05405405405,-12.7875,-2.08333333333,-1.61903086627,0.161104629291,0.122372372372,-3.23145808116,0.0931867665104,0.0171767512193,-0.144441683871,0.243353670663,0.13712648819,-0.579945114934,-0.437917739848,-2,NaN,NaN,NaN,0.45775597947,0.130971917266,68,0.00875160875161,-0.443452628385,-0.189189189189,0.189189189189,-0.027027027027,130,11,86,1105,0.601851851852,0.990143369176,0.00985663082437,0.398148148148,0.921985815603,0.601851851852,0.728291316527,0.709270238042,0.591995221027,0.57268722467,120,195,0,0,0,0
72,WLNM_dir_neg,0.802110453649,0.601428561565,00:00:08,10,10,8,1231466232,threshold_sweep,0.9,0.908333333333,0.558974358974,0.692063492063,109,11,86,379,0.558974358974,0.971794871795,0.0282051282051,0.441025641026,0.908333333333,0.558974358974,0.692063492063,0.834188034188,0.598290598291,0.587234042553,0.619638291992,0.530769230769,216,21,195,0,216,0,21,0,195,37,216,0.162162162162,1.32432432432,11.6756756757,21.6,6,8.1990990496,0.702237650082,0.31006006006,10.329336629,1.76937710775,0.765265265265,3.0868314707,0.528762798222,0.252752752753,0.579945114934,0.437917739848,2,1.32432432432,0.579945114934,2,0.0121701261701,0.00597269624573,7,0.000900900900901,0.621196581197,37,37,37,1,0,0.72972972973,0.243243243243,0.027027027027,37,0.0157657657658,1.32432432432,1.13513513514,2.1,1.4,1.13436624896,0.999322647896,0.535392535393,1.01490395114,1.78816410438,0.777348777349,0.834683590768,1.47063299326,0.684684684685,0.579945114934,0.437917739848,2,1.58823529412,0.712287119901,2,0,0,0,0,0.0533333333333,37,17,17,0.459459459459,0,0.351351351351,0.0540540540541,0.216216216216,37,141,0.105855855856,1,7.62162162162,8.8125,3.91666666667,6.58006818333,0.863342279373,0.432432432432,7.09787854784,1.86256387426,0.782442016485,2.94238978683,0.772116468885,0.389879240943,0,0,0,NaN,NaN,NaN,0.46992610564,0.136944613512,75,0.00965250965251,0.177743952812,37,36,0,0.972972972973,2,0.540540540541,0.432432432432,0,-75,-0.0563063063063,-0.324324324324,-4.05405405405,-12.7875,-2.08333333333,-1.61903086627,0.161104629291,0.122372372372,-3.23145808116,0.0931867665104,0.0171767512193,-0.144441683871,0.243353670663,0.13712648819,-0.579945114934,-0.437917739848,-2,NaN,NaN,NaN,0.45775597947,0.130971917266,68,0.00875160875161,-0.443452628385,-0.189189189189,0.189189189189,-0.027027027027,130,11,86,1105,0.601851851852,0.990143369176,0.00985663082437,0.398148148148,0.921985815603,0.601851851852,0.728291316527,0.709270238042,0.591995221027,0.57268722467,120,195,0,0,0,0
73,WLNM_dir_neg,0.683484549638,0.492769554377,00:00:08,10,10,9,1231466233,threshold_sweep,0.1,0.675675675676,0.25641025641,0.371747211896,50,24,145,366,0.25641025641,0.938461538462,0.0615384615385,0.74358974359,0.675675675676,0.25641025641,0.371747211896,0.711111111111,0.624501424501,0.230652503794,0.276358154934,0.194871794872,216,21,195,0,216,0,21,0,195,37,216,0.162162162162,1.32432432432,11.6756756757,21.6,6,8.1990990496,0.702237650082,0.31006006006,10.329336629,1.76937710775,0.765265265265,3.0868314707,0.528762798222,0.252752752753,0.579945114934,0.437917739848,2,1.32432432432,0.579945114934,2,0.0121701261701,0.00597269624573,7,0.000900900900901,0.621196581197,37,37,37,1,0,0.72972972973,0.243243243243,0.027027027027,37,0.0157657657658,1.16216216216,1.13513513514,3.5,1.4,1.39765999208,1.23127189778,0.617760617761,1.40515994622,2.47575800049,0.867438867439,0.800712895576,1.41077986363,0.676962676963,0.373683876612,0.32154194034,1,1.26315789474,0.452413928359,1,0,0,0,0,0.0730158730159,37,19,19,0.513513513514,0,0.405405405405,0,0.162162162162,37,95,0.0713213213213,2.15267381667,5.13513513514,4.31818181818,5.27777777778,5.39115614359,1.0498567227,0.557610241821,4.95278003045,1.92897748554,0.75106685633,3.38739936743,1.31930291153,0.645234708393,1.31965725722,0.613031685059,5,2.57959004507,1.30805653099,5,0.384191086691,0.293333333333,88,0.0113256113256,0.293935301393,37,27,27,0.72972972973,0,0.135135135135,0.351351351351,0.243243243243,-121,-0.0908408408408,0.828349492349,-6.54054054054,-17.2818181818,-0.722222222222,-2.80794290601,0.347619072617,0.247550181761,-5.37655659855,0.159600377799,-0.0141984089353,0.300567896727,0.790540113303,0.39248195564,0.739712142284,0.175113945211,3,1.25526572075,0.728111416053,3,0.372020960521,0.287360637088,81,0.0104247104247,-0.327261279803,-0.594594594595,0.108108108108,0.216216216216,71,24,145,1092,0.328703703704,0.978494623656,0.0215053763441,0.671296296296,0.747368421053,0.328703703704,0.456591639871,0.439978208602,0.30719832736,0.295833333333,74,195,0,0,0,0
74,WLNM_dir_neg,0.683484549638,0.492769554377,00:00:08,10,10,9,1231466233,threshold_sweep,0.2,0.790322580645,0.251282051282,0.381322957198,49,13,146,377,0.251282051282,0.966666666667,0.0333333333333,0.748717948718,0.790322580645,0.251282051282,0.381322957198,0.728205128205,0.631339031339,0.262751159196,0.33377763929,0.217948717949,216,21,195,0,216,0,21,0,195,37,216,0.162162162162,1.32432432432,11.6756756757,21.6,6,8.1990990496,0.702237650082,0.31006006006,10.329336629,1.76937710775,0.765265265265,3.0868314707,0.528762798222,0.252752752753,0.579945114934,0.437917739848,2,1.32432432432,0.579945114934,2,0.0121701261701,0.00597269624573,7,0.000900900900901,0.621196581197,37,37,37,1,0,0.72972972973,0.243243243243,0.027027027027,37,0.0157657657658,1.16216216216,1.13513513514,3.5,1.4,1.39765999208,1.23127189778,0.617760617761,1.40515994622,2.47575800049,0.867438867439,0.800712895576,1.41077986363,0.676962676963,0.373683876612,0.32154194034,1,1.26315789474,0.452413928359,1,0,0,0,0,0.0730158730159,37,19,19,0.513513513514,0,0.405405405405,0,0.162162162162,37,83,0.0623123123123,1,4.48648648649,6.38461538462,4.61111111111,5.24733594641,1.16958692782,0.601758384891,5.05747744217,2.25453813687,0.83034842071,2.72239075289,1.21359587779,0.62129599479,0,0,0,NaN,NaN,NaN,0.369761904762,0.287937743191,74,0.00952380952381,0.211282141062,37,21,0,0.567567567568,2,0.216216216216,0.27027027027,0.0810810810811,-133,-0.0998498498498,-0.324324324324,-7.18918918919,-15.2153846154,-1.38888888889,-2.95176310319,0.467349277733,0.291698324831,-5.27185918683,0.485161029127,0.0650831554446,-0.364440717816,0.684833079571,0.368543242037,-0.579945114934,-0.437917739848,-2,NaN,NaN,NaN,0.357591778592,0.281965046945,67,0.00862290862291,-0.409914440135,-0.513513513514,0.027027027027,0.0540540540541,70,13,146,1103,0.324074074074,0.98835125448,0.0116487455197,0.675925925926,0.843373493976,0.324074074074,0.468227424749,0.476414468901,0.312425328554,0.305676855895,62,195,0,0,0,0
75,WLNM_dir_neg,0.683484549638,0.492769554377,00:00:08,10,10,9,1231466233,threshold_sweep,0.3,0.790322580645,0.251282051282,0.381322957198,49,13,146,377,0.251282051282,0.966666666667,0.0333333333333,0.748717948718,0.790322580645,0.251282051282,0.381322957198,0.728205128205,0.631339031339,0.262751159196,0.33377763929,0.217948717949,216,21,195,0,216,0,21,0,195,37,216,0.162162162162,1.32432432432,11.6756756757,21.6,6,8.1990990496,0.702237650082,0.31006006006,10.329336629,1.76937710775,0.765265265265,3.0868314707,0.528762798222,0.252752752753,0.579945114934,0.437917739848,2,1.32432432432,0.579945114934,2,0.0121701261701,0.00597269624573,7,0.000900900900901,0.621196581197,37,37,37,1,0,0.72972972973,0.243243243243,0.027027027027,37,0.0157657657658,1.16216216216,1.13513513514,3.5,1.4,1.39765999208,1.23127189778,0.617760617761,1.40515994622,2.47575800049,0.867438867439,0.800712895576,1.41077986363,0.676962676963,0.373683876612,0.32154194034,1,1.26315789474,0.452413928359,1,0,0,0,0,0.0730158730159,37,19,19,0.513513513514,0,0.405405405405,0,0.162162162162,37,83,0.0623123123123,1,4.48648648649,6.38461538462,4.61111111111,5.24733594641,1.16958692782,0.601758384891,5.05747744217,2.25453813687,0.83034842071,2.72239075289,1.21359587779,0.62129599479,0,0,0,NaN,NaN,NaN,0.369761904762,0.287937743191,74,0.00952380952381,0.211282141062,37,21,0,0.567567567568,2,0.216216216216,0.27027027027,0.0810810810811,-133,-0.0998498498498,-0.324324324324,-7.18918918919,-15.2153846154,-1.38888888889,-2.95176310319,0.467349277733,0.291698324831,-5.27185918683,0.485161029127,0.0650831554446,-0.364440717816,0.684833079571,0.368543242037,-0.579945114934,-0.437917739848,-2,NaN,NaN,NaN,0.357591778592,0.281965046945,67,0.00862290862291,-0.409914440135,-0.513513513514,0.027027027027,0.0540540540541,70,13,146,1103,0.324074074074,0.98835125448,0.0116487455197,0.675925925926,0.843373493976,0.324074074074,0.468227424749,0.476414468901,0.312425328554,0.305676855895,62,195,0,0,0,0
76,WLNM_dir_neg,0.683484549638,0.492769554377,00:00:08,10,10,9,1231466233,threshold_sweep,0.4,0.803278688525,0.251282051282,0.3828125,49,12,146,378,0.251282051282,0.969230769231,0.0307692307692,0.748717948718,0.803278688525,0.251282051282,0.3828125,0.729914529915,0.631908831909,0.266253869969,0.340136228938,0.220512820513,216,21,195,0,216,0,21,0,195,37,216,0.162162162162,1.32432432432,11.6756756757,21.6,6,8.1990990496,0.702237650082,0.31006006006,10.329336629,1.76937710775,0.765265265265,3.0868314707,0.528762798222,0.252752752753,0.579945114934,0.437917739848,2,1.32432432432,0.579945114934,2,0.0121701261701,0.00597269624573,7,0.000900900900901,0.621196581197,37,37,37,1,0,0.72972972973,0.243243243243,0.027027027027,37,0.0157657657658,1.16216216216,1.13513513514,3.5,1.4,1.39765999208,1.23127189778,0.617760617761,1.40515994622,2.47575800049,0.867438867439,0.800712895576,1.41077986363,0.676962676963,0.373683876612,0.32154194034,1,1.26315789474,0.452413928359,1,0,0,0,0,0.0730158730159,37,19,19,0.513513513514,0,0.405405405405,0,0.162162162162,37,82,0.0615615615616,1.40346632347,4.43243243243,6.83333333333,4.55555555556,5.2150452248,1.1765650812,0.601845748187,5.06696893361,2.28631525053,0.836519446276,2.68881567418,1.21324609689,0.618984838497,0.607154579677,0.432610722128,1.5353968254,1.71086923658,0.658860070607,1.5353968254,0.369761904762,0.287937743191,74,0.00952380952381,0.244574420677,37,21,21,0.567567567568,0,0.243243243243,0.243243243243,0.0810810810811,-134,-0.100600600601,0.079141999142,-7.24324324324,-14.7666666667,-1.44444444444,-2.98405382481,0.474327431123,0.291785688127,-5.26236769539,0.516938142786,0.0712541810103,-0.398015796521,0.684483298665,0.366232085744,0.0272094647423,-0.00530701772074,-0.464603174603,0.386544912259,0.0789149556728,-0.464603174603,0.357591778592,0.281965046945,67,0.00862290862291,-0.376622160519,-0.486486486486,0,0.0540540540541,70,12,146,1104,0.324074074074,0.989247311828,0.010752688172,0.675925925926,0.853658536585,0.324074074074,0.469798657718,0.48049301545,0.313321385902,0.30701754386,61,195,0,0,0,0
77,WLNM_dir_neg,0.683484549638,0.492769554377,00:00:08,10,10,9,1231466233,threshold_sweep,0.5,0.803278688525,0.251282051282,0.3828125,49,12,146,378,0.251282051282,0.969230769231,0.0307692307692,0.748717948718,0.803278688525,0.251282051282,0.3828125,0.729914529915,0.631908831909,0.266253869969,0.340136228938,0.220512820513,216,21,195,0,216,0,21,0,195,37,216,0.162162162162,1.32432432432,11.6756756757,21.6,6,8.1990990496,0.702237650082,0.31006006006,10.329336629,1.76937710775,0.765265265265,3.0868314707,0.528762798222,0.252752752753,0.579945114934,0.437917739848,2,1.32432432432,0.579945114934,2,0.0121701261701,0.00597269624573,7,0.000900900900901,0.621196581197,37,37,37,1,0,0.72972972973,0.243243243243,0.027027027027,37,0.0157657657658,1.16216216216,1.13513513514,3.5,1.4,1.39765999208,1.23127189778,0.617760617761,1.40515994622,2.47575800049,0.867438867439,0.800712895576,1.41077986363,0.676962676963,0.373683876612,0.32154194034,1,1.26315789474,0.452413928359,1,0,0,0,0,0.0730158730159,37,19,19,0.513513513514,0,0.405405405405,0,0.162162162162,37,82,0.0615615615616,1.40346632347,4.43243243243,6.83333333333,4.55555555556,5.2150452248,1.1765650812,0.601845748187,5.06696893361,2.28631525053,0.836519446276,2.68881567418,1.21324609689,0.618984838497,0.607154579677,0.432610722128,1.5353968254,1.71086923658,0.658860070607,1.5353968254,0.369761904762,0.287937743191,74,0.00952380952381,0.244574420677,37,21,21,0.567567567568,0,0.243243243243,0.243243243243,0.0810810810811,-134,-0.100600600601,0.079141999142,-7.24324324324,-14.7666666667,-1.44444444444,-2.98405382481,0.474327431123,0.291785688127,-5.26236769539,0.516938142786,0.0712541810103,-0.398015796521,0.684483298665,0.366232085744,0.0272094647423,-0.00530701772074,-0.464603174603,0.386544912259,0.0789149556728,-0.464603174603,0.357591778592,0.281965046945,67,0.00862290862291,-0.376622160519,-0.486486486486,0,0.0540540540541,70,12,146,1104,0.324074074074,0.989247311828,0.010752688172,0.675925925926,0.853658536585,0.324074074074,0.469798657718,0.48049301545,0.313321385902,0.30701754386,61,195,0,0,0,0
78,WLNM_dir_neg,0.683484549638,0.492769554377,00:00:08,10,10,9,1231466233,threshold_sweep,0.6,0.816666666667,0.251282051282,0.38431372549,49,11,146,379,0.251282051282,0.971794871795,0.0282051282051,0.748717948718,0.816666666667,0.251282051282,0.38431372549,0.731623931624,0.632478632479,0.26976744186,0.346616296707,0.223076923077,216,21,195,0,216,0,21,0,195,37,216,0.162162162162,1.32432432432,11.6756756757,21.6,6,8.1990990496,0.702237650082,0.31006006006,10.329336629,1.76937710775,0.765265265265,3.0868314707,0.528762798222,0.252752752753,0.579945114934,0.437917739848,2,1.32432432432,0.579945114934,2,0.0121701261701,0.00597269624573,7,0.000900900900901,0.621196581197,37,37,37,1,0,0.72972972973,0.243243243243,0.027027027027,37,0.0157657657658,1.16216216216,1.13513513514,3.5,1.4,1.39765999208,1.23127189778,0.617760617761,1.40515994622,2.47575800049,0.867438867439,0.800712895576,1.41077986363,0.676962676963,0.373683876612,0.32154194034,1,1.26315789474,0.452413928359,1,0,0,0,0,0.0730158730159,37,19,19,0.513513513514,0,0.405405405405,0,0.162162162162,37,81,0.0608108108108,1.34864006864,4.37837837838,7.36363636364,4.5,5.1873315306,1.18476090514,0.601935268602,5.07629478742,2.31880132265,0.842175508842,2.63352148946,1.2029666063,0.615281948615,0.553555377111,0.410454494111,1.42825396825,1.61427059713,0.616631920544,1.42825396825,0.362023809524,0.27308707124,69,0.00888030888031,0.250978482302,37,21,21,0.567567567568,0,0.27027027027,0.216216216216,0.0810810810811,-135,-0.101351351351,0.0243157443157,-7.2972972973,-14.2363636364,-1.5,-3.011767519,0.482523255056,0.291875208542,-5.25304184158,0.549424214902,0.0769102435769,-0.453309981246,0.674203808073,0.362529195863,-0.0263897378236,-0.0274632457379,-0.571746031746,0.289946272803,0.0366868056097,-0.571746031746,0.349853683354,0.267114374994,62,0.00797940797941,-0.370218098895,-0.459459459459,-0.027027027027,0.0540540540541,70,11,146,1105,0.324074074074,0.990143369176,0.00985663082437,0.675925925926,0.864197530864,0.324074074074,0.47138047138,0.484638708986,0.31421744325,0.308370044053,60,195,0,0,0,0
79,WLNM_dir_neg,0.683484549638,0.492769554377,00:00:08,10,10,9,1231466233,threshold_sweep,0.7,0.830508474576,0.251282051282,0.385826771654,49,10,146,380,0.251282051282,0.974358974359,0.025641025641,0.748717948718,0.830508474576,0.251282051282,0.385826771654,0.733333333333,0.633048433048,0.273291925466,0.353222854944,0.225641025641,216,21,195,0,216,0,21,0,195,37,216,0.162162162162,1.32432432432,11.6756756757,21.6,6,8.1990990496,0.702237650082,0.31006006006,10.329336629,1.76937710775,0.765265265265,3.0868314707,0.528762798222,0.252752752753,0.579945114934,0.437917739848,2,1.32432432432,0.579945114934,2,0.0121701261701,0.00597269624573,7,0.000900900900901,0.621196581197,37,37,37,1,0,0.72972972973,0.243243243243,0.027027027027,37,0.0157657657658,1.16216216216,1.13513513514,3.5,1.4,1.39765999208,1.23127189778,0.617760617761,1.40515994622,2.47575800049,0.867438867439,0.800712895576,1.41077986363,0.676962676963,0.373683876612,0.32154194034,1,1.26315789474,0.452413928359,1,0,0,0,0,0.0730158730159,37,19,19,0.513513513514,0,0.405405405405,0,0.162162162162,37,80,0.0600600600601,1.34671814672,4.32432432432,7.27272727273,4.70588235294,5.06652441716,1.17163377147,0.597635135135,5.00840135014,2.31638562444,0.842567567568,2.6511372142,1.22615096157,0.622297297297,0.54981368135,0.408261879214,1.42380952381,1.61088435374,0.612117144646,1.42380952381,0.303571428571,0.230769230769,56,0.00720720720721,0.255700280112,37,21,21,0.567567567568,0,0.27027027027,0.189189189189,0.108108108108,-136,-0.102102102102,0.0223938223938,-7.35135135135,-14.3272727273,-1.29411764706,-3.13257463245,0.469396121386,0.287575075075,-5.32093527886,0.547008516694,0.0773023023023,-0.435694256502,0.697388163346,0.369544544545,-0.0301314335843,-0.0296558606349,-0.57619047619,0.286560029417,0.0321720297111,-0.57619047619,0.291401302401,0.224796534523,49,0.00630630630631,-0.365496301085,-0.459459459459,-0.0540540540541,0.0810810810811,70,10,146,1106,0.324074074074,0.991039426523,0.0089605734767,0.675925925926,0.875,0.324074074074,0.472972972973,0.488853608448,0.315113500597,0.309734513274,59,195,0,0,0,0
80,WLNM_dir_neg,0.683484549638,0.492769554377,00:00:08,10,10,9,1231466233,threshold_sweep,0.8,0.830508474576,0.251282051282,0.385826771654,49,10,146,380,0.251282051282,0.974358974359,0.025641025641,0.748717948718,0.830508474576,0.251282051282,0.385826771654,0.733333333333,0.633048433048,0.273291925466,0.353222854944,0.225641025641,216,21,195,0,216,0,21,0,195,37,216,0.162162162162,1.32432432432,11.6756756757,21.6,6,8.1990990496,0.702237650082,0.31006006006,10.329336629,1.76937710775,0.765265265265,3.0868314707,0.528762798222,0.252752752753,0.579945114934,0.437917739848,2,1.32432432432,0.579945114934,2,0.0121701261701,0.00597269624573,7,0.000900900900901,0.621196581197,37,37,37,1,0,0.72972972973,0.243243243243,0.027027027027,37,0.0157657657658,1.16216216216,1.13513513514,3.5,1.4,1.39765999208,1.23127189778,0.617760617761,1.40515994622,2.47575800049,0.867438867439,0.800712895576,1.41077986363,0.676962676963,0.373683876612,0.32154194034,1,1.26315789474,0.452413928359,1,0,0,0,0,0.0730158730159,37,19,19,0.513513513514,0,0.405405405405,0,0.162162162162,37,80,0.0600600600601,1.34671814672,4.32432432432,7.27272727273,4.70588235294,5.06652441716,1.17163377147,0.597635135135,5.00840135014,2.31638562444,0.842567567568,2.6511372142,1.22615096157,0.622297297297,0.54981368135,0.408261879214,1.42380952381,1.61088435374,0.612117144646,1.42380952381,0.303571428571,0.230769230769,56,0.00720720720721,0.255700280112,37,21,21,0.567567567568,0,0.27027027027,0.189189189189,0.108108108108,-136,-0.102102102102,0.0223938223938,-7.35135135135,-14.3272727273,-1.29411764706,-3.13257463245,0.469396121386,0.287575075075,-5.32093527886,0.547008516694,0.0773023023023,-0.435694256502,0.697388163346,0.369544544545,-0.0301314335843,-0.0296558606349,-0.57619047619,0.286560029417,0.0321720297111,-0.57619047619,0.291401302401,0.224796534523,49,0.00630630630631,-0.365496301085,-0.459459459459,-0.0540540540541,0.0810810810811,70,10,146,1106,0.324074074074,0.991039426523,0.0089605734767,0.675925925926,0.875,0.324074074074,0.472972972973,0.488853608448,0.315113500597,0.309734513274,59,195,0,0,0,0
81,WLNM_dir_neg,0.683484549638,0.492769554377,00:00:08,10,10,9,1231466233,threshold_sweep,0.9,0.907407407407,0.251282051282,0.393574297189,49,5,146,385,0.251282051282,0.987179487179,0.0128205128205,0.748717948718,0.907407407407,0.251282051282,0.393574297189,0.74188034188,0.635897435897,0.291079812207,0.388350447801,0.238461538462,216,21,195,0,216,0,21,0,195,37,216,0.162162162162,1.32432432432,11.6756756757,21.6,6,8.1990990496,0.702237650082,0.31006006006,10.329336629,1.76937710775,0.765265265265,3.0868314707,0.528762798222,0.252752752753,0.579945114934,0.437917739848,2,1.32432432432,0.579945114934,2,0.0121701261701,0.00597269624573,7,0.000900900900901,0.621196581197,37,37,37,1,0,0.72972972973,0.243243243243,0.027027027027,37,0.0157657657658,1.16216216216,1.13513513514,3.5,1.4,1.39765999208,1.23127189778,0.617760617761,1.40515994622,2.47575800049,0.867438867439,0.800712895576,1.41077986363,0.676962676963,0.373683876612,0.32154194034,1,1.26315789474,0.452413928359,1,0,0,0,0,0.0730158730159,37,19,19,0.513513513514,0,0.405405405405,0,0.162162162162,37,75,0.0563063063063,1.20231660232,4.05405405405,10.7142857143,4.41176470588,4.97184263822,1.22638785076,0.603603603604,5.04692693344,2.48981728716,0.861981981982,2.42081811798,1.19427027154,0.601801801802,0.425236320143,0.353680818616,1.1380952381,1.35646258503,0.517486261748,1.1380952381,0.193095238095,0.142433234421,32,0.0041184041184,0.445201413899,37,21,21,0.567567567568,0,0.378378378378,0.0810810810811,0.108108108108,-141,-0.105855855856,-0.122007722008,-7.62162162162,-10.8857142857,-1.58823529412,-3.22725641138,0.524150200679,0.293543543544,-5.28240969556,0.720440179418,0.0967167167167,-0.66601335272,0.665507473316,0.349049049049,-0.154708794791,-0.0842369212324,-0.861904761905,0.0321382607097,-0.0624588531862,-0.861904761905,0.180925111925,0.136460538176,25,0.0032175032175,-0.175995167298,-0.351351351351,-0.162162162162,0.0810810810811,70,5,146,1111,0.324074074074,0.995519713262,0.00448028673835,0.675925925926,0.933333333333,0.324074074074,0.481099656357,0.511044867194,0.319593787336,0.316742081448,54,195,0,0,0,0
82,WLNM_dir_neg,0.833247863248,0.544813411291,00:00:11,10,10,10,1231466234,threshold_sweep,0.1,0.603375527426,0.733333333333,0.662037037037,143,94,52,296,0.733333333333,0.758974358974,0.241025641026,0.266666666667,0.603375527426,0.733333333333,0.662037037037,0.750427350427,0.531623931624,0.467153284672,0.472740092558,0.492307692308,216,21,195,0,216,0,21,0,195,37,216,0.162162162162,1.32432432432,11.6756756757,21.6,6,8.1990990496,0.702237650082,0.31006006006,10.329336629,1.76937710775,0.765265265265,3.0868314707,0.528762798222,0.252752752753,0.579945114934,0.437917739848,2,1.32432432432,0.579945114934,2,0.0121701261701,0.00597269624573,7,0.000900900900901,0.621196581197,37,37,37,1,0,0.72972972973,0.243243243243,0.027027027027,37,0.0157657657658,1.27027027027,1.13513513514,2.625,1.16666666667,1.41739514921,1.24865763145,0.607464607465,1.16763151866,2.05725553287,0.821106821107,0.647239460261,1.14037428713,0.571428571429,0.560190872662,0.441001325287,2,1.47368421053,0.696692268479,2,0,0,0,0,0.0279761904762,37,19,19,0.513513513514,0,0.378378378378,0.108108108108,0.108108108108,37,258,0.193693693694,15.2888955166,13.9459459459,7.37142857143,6.97297297297,9.01525234116,0.646442512835,0.336580766813,8.25794730509,1.18427926468,0.537397862979,5.60003217494,0.803105389429,0.389272993924,3.89209429834,0.254570010903,18.2202054918,15.2888955166,3.89209429834,18.2202054918,0.55075403833,0.390243902439,512,0.0658944658945,0.207535822098,37,37,37,1,0,0.0540540540541,0.945945945946,0,42,0.0315315315315,13.9645711922,2.27027027027,-14.2285714286,0.972972972973,0.816153291555,-0.0557951372468,0.0265207067533,-2.07138932391,-0.585097843061,-0.227867402286,2.51320070424,0.274342591207,0.136520241171,3.3121491834,-0.183347728946,16.2202054918,13.9645711922,3.3121491834,16.2202054918,0.53858391216,0.384271206193,505,0.0649935649936,-0.413660759099,-0.675675675676,0.702702702703,-0.027027027027,164,94,52,1022,0.759259259259,0.915770609319,0.084229390681,0.240740740741,0.635658914729,0.759259259259,0.691983122363,0.629607610559,0.675029868578,0.529032258065,237,195,0,0,0,0
83,WLNM_dir_neg,0.833247863248,0.544813411291,00:00:11,10,10,10,1231466234,threshold_sweep,0.2,0.866666666667,0.6,0.709090909091,117,18,78,372,0.6,0.953846153846,0.0461538461538,0.4,0.866666666667,0.6,0.709090909091,0.835897435897,0.589743589744,0.6,0.619677335393,0.553846153846,216,21,195,0,216,0,21,0,195,37,216,0.162162162162,1.32432432432,11.6756756757,21.6,6,8.1990990496,0.702237650082,0.31006006006,10.329336629,1.76937710775,0.765265265265,3.0868314707,0.528762798222,0.252752752753,0.579945114934,0.437917739848,2,1.32432432432,0.579945114934,2,0.0121701261701,0.00597269624573,7,0.000900900900901,0.621196581197,37,37,37,1,0,0.72972972973,0.243243243243,0.027027027027,37,0.0157657657658,1.27027027027,1.13513513514,2.625,1.16666666667,1.41739514921,1.24865763145,0.607464607465,1.16763151866,2.05725553287,0.821106821107,0.647239460261,1.14037428713,0.571428571429,0.560190872662,0.441001325287,2,1.47368421053,0.696692268479,2,0,0,0,0,0.0279761904762,37,19,19,0.513513513514,0,0.378378378378,0.108108108108,0.108108108108,37,156,0.117117117117,1,8.43243243243,10.4,4.21621621622,8.38828727234,0.994764836784,0.433991683992,8.67991018622,2.05869664673,0.816701316701,1.49322795639,0.354163040937,0.189882189882,0,0,0,NaN,NaN,NaN,0.42690697735,0.17606284658,127,0.0163449163449,0.146791202909,37,37,0,1,2,0.594594594595,0.405405405405,0,-60,-0.045045045045,-0.324324324324,-3.24324324324,-11.2,-1.78378378378,0.189188222739,0.292527186702,0.123931623932,-1.64942644278,0.289319538986,0.0514360514361,-1.59360351432,-0.174599757285,-0.0628705628706,-0.579945114934,-0.437917739848,-2,NaN,NaN,NaN,0.41473685118,0.170090150335,120,0.015444015444,-0.474405378288,-0.135135135135,0.162162162162,-0.027027027027,138,18,78,1098,0.638888888889,0.983870967742,0.0161290322581,0.361111111111,0.884615384615,0.638888888889,0.741935483871,0.713860945424,0.622759856631,0.589743589744,135,195,0,0,0,0
84,WLNM_dir_neg,0.833247863248,0.544813411291,00:00:11,10,10,10,1231466234,threshold_sweep,0.3,0.864661654135,0.589743589744,0.701219512195,115,18,80,372,0.589743589744,0.953846153846,0.0461538461538,0.410256410256,0.864661654135,0.589743589744,0.701219512195,0.832478632479,0.590883190883,0.590529247911,0.611400550193,0.54358974359,216,21,195,0,216,0,21,0,195,37,216,0.162162162162,1.32432432432,11.6756756757,21.6,6,8.1990990496,0.702237650082,0.31006006006,10.329336629,1.76937710775,0.765265265265,3.0868314707,0.528762798222,0.252752752753,0.579945114934,0.437917739848,2,1.32432432432,0.579945114934,2,0.0121701261701,0.00597269624573,7,0.000900900900901,0.621196581197,37,37,37,1,0,0.72972972973,0.243243243243,0.027027027027,37,0.0157657657658,1.27027027027,1.13513513514,2.625,1.16666666667,1.41739514921,1.24865763145,0.607464607465,1.16763151866,2.05725553287,0.821106821107,0.647239460261,1.14037428713,0.571428571429,0.560190872662,0.441001325287,2,1.47368421053,0.696692268479,2,0,0,0,0,0.0279761904762,37,19,19,0.513513513514,0,0.378378378378,0.108108108108,0.108108108108,37,154,0.115615615616,1,8.32432432432,10.2666666667,4.16216216216,8.26321854853,0.99265937109,0.431554931555,8.53266115033,2.0500549517,0.815373815374,1.44363571724,0.346847542453,0.183573183573,0,0,0,NaN,NaN,NaN,0.420672753628,0.172939494998,121,0.0155727155727,0.144192883542,37,37,0,1,2,0.594594594595,0.405405405405,0,-62,-0.0465465465465,-0.324324324324,-3.35135135135,-11.3333333333,-1.83783783784,0.0641194989261,0.290421721008,0.121494871495,-1.79667547867,0.280677843957,0.0501085501086,-1.64319575347,-0.181915255769,-0.0691795691796,-0.579945114934,-0.437917739848,-2,NaN,NaN,NaN,0.408502627458,0.166966798752,114,0.0146718146718,-0.477003697655,-0.135135135135,0.162162162162,-0.027027027027,136,18,80,1098,0.62962962963,0.983870967742,0.0161290322581,0.37037037037,0.883116883117,0.62962962963,0.735135135135,0.707197891513,0.613500597372,0.581196581197,133,195,0,0,0,0
85,WLNM_dir_neg,0.833247863248,0.544813411291,00:00:11,10,10,10,1231466234,threshold_sweep,0.4,0.864661654135,0.589743589744,0.701219512195,115,18,80,372,0.589743589744,0.953846153846,0.0461538461538,0.410256410256,0.864661654135,0.589743589744,0.701219512195,0.832478632479,0.590883190883,0.590529247911,0.611400550193,0.54358974359,216,21,195,0,216,0,21,0,195,37,216,0.162162162162,1.32432432432,11.6756756757,21.6,6,8.1990990496,0.702237650082,0.31006006006,10.329336629,1.76937710775,0.765265265265,3.0868314707,0.528762798222,0.252752752753,0.579945114934,0.437917739848,2,1.32432432432,0.579945114934,2,0.0121701261701,0.00597269624573,7,0.000900900900901,0.621196581197,37,37,37,1,0,0.72972972973,0.243243243243,0.027027027027,37,0.0157657657658,1.27027027027,1.13513513514,2.625,1.16666666667,1.41739514921,1.24865763145,0.607464607465,1.16763151866,2.05725553287,0.821106821107,0.647239460261,1.14037428713,0.571428571429,0.560190872662,0.441001325287,2,1.47368421053,0.696692268479,2,0,0,0,0,0.0279761904762,37,19,19,0.513513513514,0,0.378378378378,0.108108108108,0.108108108108,37,154,0.115615615616,1,8.32432432432,10.2666666667,4.16216216216,8.26321854853,0.99265937109,0.431554931555,8.53266115033,2.0500549517,0.815373815374,1.44363571724,0.346847542453,0.183573183573,0,0,0,NaN,NaN,NaN,0.420672753628,0.172939494998,121,0.0155727155727,0.144192883542,37,37,0,1,2,0.594594594595,0.405405405405,0,-62,-0.0465465465465,-0.324324324324,-3.35135135135,-11.3333333333,-1.83783783784,0.0641194989261,0.290421721008,0.121494871495,-1.79667547867,0.280677843957,0.0501085501086,-1.64319575347,-0.181915255769,-0.0691795691796,-0.579945114934,-0.437917739848,-2,NaN,NaN,NaN,0.408502627458,0.166966798752,114,0.0146718146718,-0.477003697655,-0.135135135135,0.162162162162,-0.027027027027,136,18,80,1098,0.62962962963,0.983870967742,0.0161290322581,0.37037037037,0.883116883117,0.62962962963,0.735135135135,0.707197891513,0.613500597372,0.581196581197,133,195,0,0,0,0
86,WLNM_dir_neg,0.833247863248,0.544813411291,00:00:11,10,10,10,1231466234,threshold_sweep,0.5,0.875,0.502564102564,0.638436482085,98,14,97,376,0.502564102564,0.964102564103,0.0358974358974,0.497435897436,0.875,0.502564102564,0.638436482085,0.810256410256,0.602849002849,0.522238163558,0.559135167295,0.466666666667,216,21,195,0,216,0,21,0,195,37,216,0.162162162162,1.32432432432,11.6756756757,21.6,6,8.1990990496,0.702237650082,0.31006006006,10.329336629,1.76937710775,0.765265265265,3.0868314707,0.528762798222,0.252752752753,0.579945114934,0.437917739848,2,1.32432432432,0.579945114934,2,0.0121701261701,0.00597269624573,7,0.000900900900901,0.621196581197,37,37,37,1,0,0.72972972973,0.243243243243,0.027027027027,37,0.0157657657658,1.27027027027,1.13513513514,2.625,1.16666666667,1.41739514921,1.24865763145,0.607464607465,1.16763151866,2.05725553287,0.821106821107,0.647239460261,1.14037428713,0.571428571429,0.560190872662,0.441001325287,2,1.47368421053,0.696692268479,2,0,0,0,0,0.0279761904762,37,19,19,0.513513513514,0,0.378378378378,0.108108108108,0.108108108108,37,133,0.0998498498498,1,7.18918918919,8.86666666667,3.59459459459,7.68055928894,1.06834847252,0.458036984353,7.69725585827,2.14134185531,0.824629140419,1.42320958594,0.395930486316,0.214184108921,0,0,0,NaN,NaN,NaN,0.326248859697,0.123188405797,68,0.00875160875161,0.126069201734,37,37,0,1,2,0.594594594595,0.405405405405,0,-83,-0.0623123123123,-0.324324324324,-4.48648648649,-12.7333333333,-2.40540540541,-0.51853976066,0.36611082244,0.147976924293,-2.63208077072,0.371964747564,0.0593638751533,-1.66362188476,-0.132832311907,-0.0385686438318,-0.579945114934,-0.437917739848,-2,NaN,NaN,NaN,0.314078733527,0.117215709551,61,0.00785070785071,-0.495127379462,-0.135135135135,0.162162162162,-0.027027027027,119,14,97,1102,0.550925925926,0.987455197133,0.0125448028674,0.449074074074,0.894736842105,0.550925925926,0.681948424069,0.661932012307,0.538381123059,0.517391304348,112,195,0,0,0,0
87,WLNM_dir_neg,0.833247863248,0.544813411291,00:00:11,10,10,10,1231466234,threshold_sweep,0.6,0.852631578947,0.415384615385,0.558620689655,81,14,114,376,0.415384615385,0.964102564103,0.0358974358974,0.584615384615,0.852631578947,0.415384615385,0.558620689655,0.781196581197,0.612535612536,0.435294117647,0.485050408755,0.379487179487,216,21,195,0,216,0,21,0,195,37,216,0.162162162162,1.32432432432,11.6756756757,21.6,6,8.1990990496,0.702237650082,0.31006006006,10.329336629,1.76937710775,0.765265265265,3.0868314707,0.528762798222,0.252752752753,0.579945114934,0.437917739848,2,1.32432432432,0.579945114934,2,0.0121701261701,0.00597269624573,7,0.000900900900901,0.621196581197,37,37,37,1,0,0.72972972973,0.243243243243,0.027027027027,37,0.0157657657658,1.27027027027,1.13513513514,2.625,1.16666666667,1.41739514921,1.24865763145,0.607464607465,1.16763151866,2.05725553287,0.821106821107,0.647239460261,1.14037428713,0.571428571429,0.560190872662,0.441001325287,2,1.47368421053,0.696692268479,2,0,0,0,0,0.0279761904762,37,19,19,0.513513513514,0,0.378378378378,0.108108108108,0.108108108108,37,116,0.0870870870871,1,6.27027027027,7.73333333333,3.22222222222,6.99066301358,1.11489022199,0.495573159366,6.80752101299,2.17136446104,0.826188257223,1.76638617525,0.563416280037,0.309878844362,0,0,0,NaN,NaN,NaN,0.53367647678,0.146007604563,64,0.00823680823681,0.127287806849,37,36,0,0.972972972973,2,0.567567567568,0.405405405405,0,-100,-0.0750750750751,-0.324324324324,-5.40540540541,-13.8666666667,-2.77777777778,-1.20843603603,0.412652571911,0.185513099306,-3.52181561601,0.401987353296,0.0609229919575,-1.32044529545,0.0346534818147,0.0571260916089,-0.579945114934,-0.437917739848,-2,NaN,NaN,NaN,0.52150635061,0.140034908317,57,0.00733590733591,-0.493908774347,-0.162162162162,0.162162162162,-0.027027027027,102,14,114,1102,0.472222222222,0.987455197133,0.0125448028674,0.527777777778,0.879310344828,0.472222222222,0.614457831325,0.600919588679,0.459677419355,0.44347826087,95,195,0,0,0,0
88,WLNM_dir_neg,0.833247863248,0.544813411291,00:00:11,10,10,10,1231466234,threshold_sweep,0.7,0.852631578947,0.415384615385,0.558620689655,81,14,114,376,0.415384615385,0.964102564103,0.0358974358974,0.584615384615,0.852631578947,0.415384615385,0.558620689655,0.781196581197,0.612535612536,0.435294117647,0.485050408755,0.379487179487,216,21,195,0,216,0,21,0,195,37,216,0.162162162162,1.32432432432,11.6756756757,21.6,6,8.1990990496,0.702237650082,0.31006006006,10.329336629,1.76937710775,0.765265265265,3.0868314707,0.528762798222,0.252752752753,0.579945114934,0.437917739848,2,1.32432432432,0.579945114934,2,0.0121701261701,0.00597269624573,7,0.000900900900901,0.621196581197,37,37,37,1,0,0.72972972973,0.243243243243,0.027027027027,37,0.0157657657658,1.27027027027,1.13513513514,2.625,1.16666666667,1.41739514921,1.24865763145,0.607464607465,1.16763151866,2.05725553287,0.821106821107,0.647239460261,1.14037428713,0.571428571429,0.560190872662,0.441001325287,2,1.47368421053,0.696692268479,2,0,0,0,0,0.0279761904762,37,19,19,0.513513513514,0,0.378378378378,0.108108108108,0.108108108108,37,116,0.0870870870871,1,6.27027027027,7.73333333333,3.22222222222,6.99066301358,1.11489022199,0.495573159366,6.80752101299,2.17136446104,0.826188257223,1.76638617525,0.563416280037,0.309878844362,0,0,0,NaN,NaN,NaN,0.53367647678,0.146007604563,64,0.00823680823681,0.127287806849,37,36,0,0.972972972973,2,0.567567567568,0.405405405405,0,-100,-0.0750750750751,-0.324324324324,-5.40540540541,-13.8666666667,-2.77777777778,-1.20843603603,0.412652571911,0.185513099306,-3.52181561601,0.401987353296,0.0609229919575,-1.32044529545,0.0346534818147,0.0571260916089,-0.579945114934,-0.437917739848,-2,NaN,NaN,NaN,0.52150635061,0.140034908317,57,0.00733590733591,-0.493908774347,-0.162162162162,0.162162162162,-0.027027027027,102,14,114,1102,0.472222222222,0.987455197133,0.0125448028674,0.527777777778,0.879310344828,0.472222222222,0.614457831325,0.600919588679,0.459677419355,0.44347826087,95,195,0,0,0,0
89,WLNM_dir_neg,0.833247863248,0.544813411291,00:00:11,10,10,10,1231466234,threshold_sweep,0.8,0.846153846154,0.394871794872,0.538461538462,77,14,118,376,0.394871794872,0.964102564103,0.0358974358974,0.605128205128,0.846153846154,0.394871794872,0.538461538462,0.774358974359,0.614814814815,0.414201183432,0.466905368205,0.358974358974,216,21,195,0,216,0,21,0,195,37,216,0.162162162162,1.32432432432,11.6756756757,21.6,6,8.1990990496,0.702237650082,0.31006006006,10.329336629,1.76937710775,0.765265265265,3.0868314707,0.528762798222,0.252752752753,0.579945114934,0.437917739848,2,1.32432432432,0.579945114934,2,0.0121701261701,0.00597269624573,7,0.000900900900901,0.621196581197,37,37,37,1,0,0.72972972973,0.243243243243,0.027027027027,37,0.0157657657658,1.27027027027,1.13513513514,2.625,1.16666666667,1.41739514921,1.24865763145,0.607464607465,1.16763151866,2.05725553287,0.821106821107,0.647239460261,1.14037428713,0.571428571429,0.560190872662,0.441001325287,2,1.47368421053,0.696692268479,2,0,0,0,0,0.0279761904762,37,19,19,0.513513513514,0,0.378378378378,0.108108108108,0.108108108108,37,112,0.0840840840841,1,6.05405405405,7.46666666667,3.39393939394,6.92397584062,1.14369243796,0.504584942085,6.77612838691,2.23854241353,0.832528957529,1.90739040003,0.630120042868,0.349903474903,0,0,0,NaN,NaN,NaN,0.541110422145,0.143962848297,62,0.00797940797941,0.133790229135,37,34,0,0.918918918919,2,0.513513513514,0.378378378378,0.027027027027,-104,-0.0780780780781,-0.324324324324,-5.62162162162,-14.1333333333,-2.60606060606,-1.27512320899,0.441454787877,0.194524882025,-3.55320824209,0.469165305788,0.0672636922637,-1.17944107067,0.101357244646,0.0971507221507,-0.579945114934,-0.437917739848,-2,NaN,NaN,NaN,0.528940295975,0.137990152051,55,0.00707850707851,-0.487406352062,-0.216216216216,0.135135135135,0,98,14,118,1102,0.453703703704,0.987455197133,0.0125448028674,0.546296296296,0.875,0.453703703704,0.59756097561,0.585956116765,0.441158900836,0.426086956522,91,195,0,0,0,0
90,WLNM_dir_neg,0.833247863248,0.544813411291,00:00:11,10,10,10,1231466234,threshold_sweep,0.9,0.85393258427,0.389743589744,0.535211267606,76,13,119,377,0.389743589744,0.966666666667,0.0333333333333,0.610256410256,0.85393258427,0.389743589744,0.535211267606,0.774358974359,0.615954415954,0.412462908012,0.467804032198,0.35641025641,216,21,195,0,216,0,21,0,195,37,216,0.162162162162,1.32432432432,11.6756756757,21.6,6,8.1990990496,0.702237650082,0.31006006006,10.329336629,1.76937710775,0.765265265265,3.0868314707,0.528762798222,0.252752752753,0.579945114934,0.437917739848,2,1.32432432432,0.579945114934,2,0.0121701261701,0.00597269624573,7,0.000900900900901,0.621196581197,37,37,37,1,0,0.72972972973,0.243243243243,0.027027027027,37,0.0157657657658,1.27027027027,1.13513513514,2.625,1.16666666667,1.41739514921,1.24865763145,0.607464607465,1.16763151866,2.05725553287,0.821106821107,0.647239460261,1.14037428713,0.571428571429,0.560190872662,0.441001325287,2,1.47368421053,0.696692268479,2,0,0,0,0,0.0279761904762,37,19,19,0.513513513514,0,0.378378378378,0.108108108108,0.108108108108,37,110,0.0825825825826,1,5.94594594595,7.33333333333,3.4375,6.94400599216,1.16785555323,0.512285012285,6.76792470443,2.27648376422,0.835872235872,1.90739040003,0.64157677092,0.356265356265,0,0,0,NaN,NaN,NaN,0.553092309989,0.141176470588,60,0.00772200772201,0.13236147988,37,34,0,0.918918918919,2,0.513513513514,0.351351351351,0.0540540540541,-106,-0.0795795795796,-0.324324324324,-5.72972972973,-14.2666666667,-2.5625,-1.25509305744,0.465617903146,0.202224952225,-3.56141192457,0.507106656471,0.070606970607,-1.17944107067,0.112813972698,0.103512603513,-0.579945114934,-0.437917739848,-2,NaN,NaN,NaN,0.540922183819,0.135203774343,53,0.00682110682111,-0.488835101316,-0.216216216216,0.108108108108,0.027027027027,97,13,119,1103,0.449074074074,0.98835125448,0.0116487455197,0.550925925926,0.881818181818,0.449074074074,0.59509202454,0.58577516366,0.437425328554,0.423580786026,89,195,0,0,0,0
91,WLNM_dir_neg,0.779086127548,0.744000315858,00:00:08,10,10,11,1231466235,threshold_sweep,0.1,0.828125,0.54358974359,0.656346749226,106,22,89,368,0.54358974359,0.94358974359,0.0564102564103,0.45641025641,0.828125,0.54358974359,0.656346749226,0.810256410256,0.593732193732,0.532959326788,0.555489070298,0.487179487179,216,21,195,0,216,0,21,0,195,37,216,0.162162162162,1.32432432432,11.6756756757,21.6,6,8.1990990496,0.702237650082,0.31006006006,10.329336629,1.76937710775,0.765265265265,3.0868314707,0.528762798222,0.252752752753,0.579945114934,0.437917739848,2,1.32432432432,0.579945114934,2,0.0121701261701,0.00597269624573,7,0.000900900900901,0.621196581197,37,37,37,1,0,0.72972972973,0.243243243243,0.027027027027,37,0.0157657657658,1.24324324324,1.13513513514,2.625,1.16666666667,1.18232732266,1.04157406996,0.534105534106,1.14359424964,2.01490415413,0.813384813385,0.647239460261,1.14037428713,0.571428571429,0.49471683289,0.397924409064,2,1.45454545455,0.687551650952,2,0,0,0,0,0.0220238095238,37,11,11,0.297297297297,0,0.432432432432,0.0540540540541,0.162162162162,37,149,0.111861861862,1,8.05405405405,9.3125,5.13793103448,7.76010433043,0.963502886665,0.469435878832,8.05014315431,1.99902883698,0.807545800834,2.88180582358,0.715616211224,0.396517322692,0,0,0,NaN,NaN,NaN,0.577812108239,0.261880165289,169,0.0217503217503,0.173692855003,37,33,0,0.891891891892,2,0.459459459459,0.324324324324,0.108108108108,-67,-0.0503003003003,-0.324324324324,-3.62162162162,-12.2875,-0.862068965517,-0.438994719171,0.261265236583,0.159375818772,-2.27919347469,0.22965172923,0.0422805355691,-0.205025647127,0.186853413001,0.143764569939,-0.579945114934,-0.437917739848,-2,NaN,NaN,NaN,0.565641982068,0.255907469044,162,0.0208494208494,-0.447503726193,-0.27027027027,0.0810810810811,0.0810810810811,127,22,89,1094,0.587962962963,0.980286738351,0.0197132616487,0.412037037037,0.852348993289,0.587962962963,0.695890410959,0.664527078466,0.568249701314,0.533613445378,128,195,0,0,0,0
92,WLNM_dir_neg,0.779086127548,0.744000315858,00:00:08,10,10,11,1231466235,threshold_sweep,0.2,0.847457627119,0.512820512821,0.638977635783,100,18,95,372,0.512820512821,0.953846153846,0.0461538461538,0.487179487179,0.847457627119,0.512820512821,0.638977635783,0.806837606838,0.59943019943,0.517780938834,0.548222614179,0.466666666667,216,21,195,0,216,0,21,0,195,37,216,0.162162162162,1.32432432432,11.6756756757,21.6,6,8.1990990496,0.702237650082,0.31006006006,10.329336629,1.76937710775,0.765265265265,3.0868314707,0.528762798222,0.252752752753,0.579945114934,0.437917739848,2,1.32432432432,0.579945114934,2,0.0121701261701,0.00597269624573,7,0.000900900900901,0.621196581197,37,37,37,1,0,0.72972972973,0.243243243243,0.027027027027,37,0.0157657657658,1.24324324324,1.13513513514,2.625,1.16666666667,1.18232732266,1.04157406996,0.534105534106,1.14359424964,2.01490415413,0.813384813385,0.647239460261,1.14037428713,0.571428571429,0.49471683289,0.397924409064,2,1.45454545455,0.687551650952,2,0,0,0,0,0.0220238095238,37,11,11,0.297297297297,0,0.432432432432,0.0540540540541,0.162162162162,37,139,0.104354354354,1,7.51351351351,10.6923076923,4.79310344828,7.22503987541,0.961606026583,0.473653509625,7.71868370113,2.05461364706,0.820143884892,2.74272173625,0.730077008931,0.404822088275,0,0,0,NaN,NaN,NaN,0.582539465896,0.259842519685,154,0.0198198198198,0.198302310747,37,33,0,0.891891891892,2,0.540540540541,0.243243243243,0.108108108108,-77,-0.0578078078078,-0.324324324324,-4.16216216216,-10.9076923077,-1.20689655172,-0.974059174199,0.259368376501,0.163593449565,-2.61065292787,0.285236539318,0.0548786196268,-0.34410973445,0.201314210709,0.152069335523,-0.579945114934,-0.437917739848,-2,NaN,NaN,NaN,0.570369339726,0.253869823439,147,0.0189189189189,-0.42289427045,-0.189189189189,0,0.0810810810811,121,18,95,1098,0.560185185185,0.983870967742,0.0161290322581,0.439814814815,0.870503597122,0.560185185185,0.681690140845,0.655956556248,0.544056152927,0.517094017094,118,195,0,0,0,0
93,WLNM_dir_neg,0.779086127548,0.744000315858,00:00:08,10,10,11,1231466235,threshold_sweep,0.3,0.846153846154,0.507692307692,0.634615384615,99,18,96,372,0.507692307692,0.953846153846,0.0461538461538,0.492307692308,0.846153846154,0.507692307692,0.634615384615,0.805128205128,0.6,0.512820512821,0.54392829322,0.461538461538,216,21,195,0,216,0,21,0,195,37,216,0.162162162162,1.32432432432,11.6756756757,21.6,6,8.1990990496,0.702237650082,0.31006006006,10.329336629,1.76937710775,0.765265265265,3.0868314707,0.528762798222,0.252752752753,0.579945114934,0.437917739848,2,1.32432432432,0.579945114934,2,0.0121701261701,0.00597269624573,7,0.000900900900901,0.621196581197,37,37,37,1,0,0.72972972973,0.243243243243,0.027027027027,37,0.0157657657658,1.24324324324,1.13513513514,2.625,1.16666666667,1.18232732266,1.04157406996,0.534105534106,1.14359424964,2.01490415413,0.813384813385,0.647239460261,1.14037428713,0.571428571429,0.49471683289,0.397924409064,2,1.45454545455,0.687551650952,2,0,0,0,0,0.0220238095238,37,11,11,0.297297297297,0,0.432432432432,0.0540540540541,0.162162162162,37,138,0.103603603604,1,7.45945945946,10.6153846154,4.75862068966,7.15927756518,0.959758224317,0.476106541324,7.63998490636,2.04840175026,0.819428123776,2.75528430322,0.738735646517,0.41088915002,0,0,0,NaN,NaN,NaN,0.592792225393,0.262585812357,153,0.0196911196911,0.198656766358,37,33,0,0.891891891892,2,0.540540540541,0.243243243243,0.108108108108,-78,-0.0585585585586,-0.324324324324,-4.21621621622,-10.9846153846,-1.24137931034,-1.03982148443,0.257520574235,0.166046481264,-2.68935172264,0.27902464251,0.0541628585107,-0.33154716748,0.209972848294,0.158136397267,-0.579945114934,-0.437917739848,-2,NaN,NaN,NaN,0.580622099223,0.256613116111,146,0.0187902187902,-0.422539814839,-0.189189189189,0,0.0810810810811,120,18,96,1098,0.555555555556,0.983870967742,0.0161290322581,0.444444444444,0.869565217391,0.555555555556,0.677966101695,0.652453496619,0.539426523297,0.512820512821,117,195,0,0,0,0
94,WLNM_dir_neg,0.779086127548,0.744000315858,00:00:08,10,10,11,1231466235,threshold_sweep,0.4,0.846153846154,0.507692307692,0.634615384615,99,18,96,372,0.507692307692,0.953846153846,0.0461538461538,0.492307692308,0.846153846154,0.507692307692,0.634615384615,0.805128205128,0.6,0.512820512821,0.54392829322,0.461538461538,216,21,195,0,216,0,21,0,195,37,216,0.162162162162,1.32432432432,11.6756756757,21.6,6,8.1990990496,0.702237650082,0.31006006006,10.329336629,1.76937710775,0.765265265265,3.0868314707,0.528762798222,0.252752752753,0.579945114934,0.437917739848,2,1.32432432432,0.579945114934,2,0.0121701261701,0.00597269624573,7,0.000900900900901,0.621196581197,37,37,37,1,0,0.72972972973,0.243243243243,0.027027027027,37,0.0157657657658,1.24324324324,1.13513513514,2.625,1.16666666667,1.18232732266,1.04157406996,0.534105534106,1.14359424964,2.01490415413,0.813384813385,0.647239460261,1.14037428713,0.571428571429,0.49471683289,0.397924409064,2,1.45454545455,0.687551650952,2,0,0,0,0,0.0220238095238,37,11,11,0.297297297297,0,0.432432432432,0.0540540540541,0.162162162162,37,138,0.103603603604,1,7.45945945946,10.6153846154,4.75862068966,7.15927756518,0.959758224317,0.476106541324,7.63998490636,2.04840175026,0.819428123776,2.75528430322,0.738735646517,0.41088915002,0,0,0,NaN,NaN,NaN,0.592792225393,0.262585812357,153,0.0196911196911,0.198656766358,37,33,0,0.891891891892,2,0.540540540541,0.243243243243,0.108108108108,-78,-0.0585585585586,-0.324324324324,-4.21621621622,-10.9846153846,-1.24137931034,-1.03982148443,0.257520574235,0.166046481264,-2.68935172264,0.27902464251,0.0541628585107,-0.33154716748,0.209972848294,0.158136397267,-0.579945114934,-0.437917739848,-2,NaN,NaN,NaN,0.580622099223,0.256613116111,146,0.0187902187902,-0.422539814839,-0.189189189189,0,0.0810810810811,120,18,96,1098,0.555555555556,0.983870967742,0.0161290322581,0.444444444444,0.869565217391,0.555555555556,0.677966101695,0.652453496619,0.539426523297,0.512820512821,117,195,0,0,0,0
95,WLNM_dir_neg,0.779086127548,0.744000315858,00:00:08,10,10,11,1231466235,threshold_sweep,0.5,0.846153846154,0.507692307692,0.634615384615,99,18,96,372,0.507692307692,0.953846153846,0.0461538461538,0.492307692308,0.846153846154,0.507692307692,0.634615384615,0.805128205128,0.6,0.512820512821,0.54392829322,0.461538461538,216,21,195,0,216,0,21,0,195,37,216,0.162162162162,1.32432432432,11.6756756757,21.6,6,8.1990990496,0.702237650082,0.31006006006,10.329336629,1.76937710775,0.765265265265,3.0868314707,0.528762798222,0.252752752753,0.579945114934,0.437917739848,2,1.32432432432,0.579945114934,2,0.0121701261701,0.00597269624573,7,0.000900900900901,0.621196581197,37,37,37,1,0,0.72972972973,0.243243243243,0.027027027027,37,0.0157657657658,1.24324324324,1.13513513514,2.625,1.16666666667,1.18232732266,1.04157406996,0.534105534106,1.14359424964,2.01490415413,0.813384813385,0.647239460261,1.14037428713,0.571428571429,0.49471683289,0.397924409064,2,1.45454545455,0.687551650952,2,0,0,0,0,0.0220238095238,37,11,11,0.297297297297,0,0.432432432432,0.0540540540541,0.162162162162,37,138,0.103603603604,1,7.45945945946,10.6153846154,4.75862068966,7.15927756518,0.959758224317,0.476106541324,7.63998490636,2.04840175026,0.819428123776,2.75528430322,0.738735646517,0.41088915002,0,0,0,NaN,NaN,NaN,0.592792225393,0.262585812357,153,0.0196911196911,0.198656766358,37,33,0,0.891891891892,2,0.540540540541,0.243243243243,0.108108108108,-78,-0.0585585585586,-0.324324324324,-4.21621621622,-10.9846153846,-1.24137931034,-1.03982148443,0.257520574235,0.166046481264,-2.68935172264,0.27902464251,0.0541628585107,-0.33154716748,0.209972848294,0.158136397267,-0.579945114934,-0.437917739848,-2,NaN,NaN,NaN,0.580622099223,0.256613116111,146,0.0187902187902,-0.422539814839,-0.189189189189,0,0.0810810810811,120,18,96,1098,0.555555555556,0.983870967742,0.0161290322581,0.444444444444,0.869565217391,0.555555555556,0.677966101695,0.652453496619,0.539426523297,0.512820512821,117,195,0,0,0,0
96,WLNM_dir_neg,0.779086127548,0.744000315858,00:00:08,10,10,11,1231466235,threshold_sweep,0.6,0.85046728972,0.466666666667,0.602649006623,91,16,104,374,0.466666666667,0.958974358974,0.0410256410256,0.533333333333,0.85046728972,0.466666666667,0.602649006623,0.794871794872,0.605698005698,0.479768786127,0.519023776151,0.425641025641,216,21,195,0,216,0,21,0,195,37,216,0.162162162162,1.32432432432,11.6756756757,21.6,6,8.1990990496,0.702237650082,0.31006006006,10.329336629,1.76937710775,0.765265265265,3.0868314707,0.528762798222,0.252752752753,0.579945114934,0.437917739848,2,1.32432432432,0.579945114934,2,0.0121701261701,0.00597269624573,7,0.000900900900901,0.621196581197,37,37,37,1,0,0.72972972973,0.243243243243,0.027027027027,37,0.0157657657658,1.24324324324,1.13513513514,2.625,1.16666666667,1.18232732266,1.04157406996,0.534105534106,1.14359424964,2.01490415413,0.813384813385,0.647239460261,1.14037428713,0.571428571429,0.49471683289,0.397924409064,2,1.45454545455,0.687551650952,2,0,0,0,0,0.0220238095238,37,11,11,0.297297297297,0,0.432432432432,0.0540540540541,0.162162162162,37,128,0.0960960960961,1,6.91891891892,9.84615384615,4.41379310345,6.86932949331,0.99283277833,0.479307432432,7.29761983494,2.10946823354,0.826858108108,2.59908738892,0.75129869836,0.414273648649,0,0,0,NaN,NaN,NaN,0.593231149744,0.25486381323,131,0.0168597168597,0.183676252346,37,33,0,0.891891891892,2,0.540540540541,0.243243243243,0.108108108108,-88,-0.0660660660661,-0.324324324324,-4.75675675676,-11.7538461538,-1.58620689655,-1.32976955629,0.290595128248,0.169247372372,-3.03171679406,0.340091125791,0.0615928428428,-0.487744081782,0.222535900138,0.161520895896,-0.579945114934,-0.437917739848,-2,NaN,NaN,NaN,0.581061023573,0.248891116984,124,0.0159588159588,-0.43752032885,-0.189189189189,0,0.0810810810811,112,16,104,1100,0.518518518519,0.985663082437,0.0143369175627,0.481481481481,0.875,0.518518518519,0.651162790698,0.63056191659,0.504181600956,0.48275862069,107,195,0,0,0,0
97,WLNM_dir_neg,0.779086127548,0.744000315858,00:00:08,10,10,11,1231466235,threshold_sweep,0.7,0.843137254902,0.441025641026,0.579124579125,86,16,109,374,0.441025641026,0.958974358974,0.0410256410256,0.558974358974,0.843137254902,0.441025641026,0.579124579125,0.786324786325,0.608547008547,0.454148471616,0.496976609935,0.4,216,21,195,0,216,0,21,0,195,37,216,0.162162162162,1.32432432432,11.6756756757,21.6,6,8.1990990496,0.702237650082,0.31006006006,10.329336629,1.76937710775,0.765265265265,3.0868314707,0.528762798222,0.252752752753,0.579945114934,0.437917739848,2,1.32432432432,0.579945114934,2,0.0121701261701,0.00597269624573,7,0.000900900900901,0.621196581197,37,37,37,1,0,0.72972972973,0.243243243243,0.027027027027,37,0.0157657657658,1.24324324324,1.13513513514,2.625,1.16666666667,1.18232732266,1.04157406996,0.534105534106,1.14359424964,2.01490415413,0.813384813385,0.647239460261,1.14037428713,0.571428571429,0.49471683289,0.397924409064,2,1.45454545455,0.687551650952,2,0,0,0,0,0.0220238095238,37,11,11,0.297297297297,0,0.432432432432,0.0540540540541,0.162162162162,37,123,0.0923423423423,1,6.64864864865,9.46153846154,4.24137931034,6.67173230968,1.00347193276,0.473961766645,7.16106003192,2.1541400096,0.831905075808,2.40432543155,0.723252365587,0.399912107229,0,0,0,NaN,NaN,NaN,0.573625272887,0.232055749129,111,0.0142857142857,0.161057749014,37,33,0,0.891891891892,2,0.540540540541,0.243243243243,0.108108108108,-93,-0.0698198198198,-0.324324324324,-5.02702702703,-12.1384615385,-1.75862068966,-1.52736673993,0.301234282675,0.163901706585,-3.16827659708,0.384762901857,0.0666398105422,-0.682506039158,0.194489567365,0.147159354476,-0.579945114934,-0.437917739848,-2,NaN,NaN,NaN,0.561455146717,0.226083052883,104,0.0133848133848,-0.460138832183,-0.189189189189,0,0.0810810810811,107,16,109,1100,0.49537037037,0.985663082437,0.0143369175627,0.50462962963,0.869918699187,0.49537037037,0.631268436578,0.612447049241,0.481033452808,0.461206896552,102,195,0,0,0,0
98,WLNM_dir_neg,0.779086127548,0.744000315858,00:00:08,10,10,11,1231466235,threshold_sweep,0.8,0.851063829787,0.410256410256,0.553633217993,80,14,115,376,0.410256410256,0.964102564103,0.0358974358974,0.589743589744,0.851063829787,0.410256410256,0.553633217993,0.779487179487,0.613105413105,0.430044182622,0.480544028775,0.374358974359,216,21,195,0,216,0,21,0,195,37,216,0.162162162162,1.32432432432,11.6756756757,21.6,6,8.1990990496,0.702237650082,0.31006006006,10.329336629,1.76937710775,0.765265265265,3.0868314707,0.528762798222,0.252752752753,0.579945114934,0.437917739848,2,1.32432432432,0.579945114934,2,0.0121701261701,0.00597269624573,7,0.000900900900901,0.621196581197,37,37,37,1,0,0.72972972973,0.243243243243,0.027027027027,37,0.0157657657658,1.24324324324,1.13513513514,2.625,1.16666666667,1.18232732266,1.04157406996,0.534105534106,1.14359424964,2.01490415413,0.813384813385,0.647239460261,1.14037428713,0.571428571429,0.49471683289,0.397924409064,2,1.45454545455,0.687551650952,2,0,0,0,0,0.0220238095238,37,11,11,0.297297297297,0,0.432432432432,0.0540540540541,0.162162162162,37,115,0.0863363363363,1,6.21621621622,8.84615384615,3.96551724138,6.07881172204,0.977895798762,0.475205640423,6.58611242516,2.11901008462,0.828202115159,2.38960461378,0.768829310521,0.421151586369,0,0,0,NaN,NaN,NaN,0.422748032836,0.191225165563,77,0.00990990990991,0.155515999247,37,33,0,0.891891891892,2,0.540540540541,0.243243243243,0.108108108108,-101,-0.0758258258258,-0.324324324324,-5.45945945946,-12.7538461538,-2.03448275862,-2.12028732757,0.27565814868,0.165145580363,-3.74322420384,0.349632976872,0.0629368498934,-0.697226856922,0.240066512299,0.168398833616,-0.579945114934,-0.437917739848,-2,NaN,NaN,NaN,0.410577906666,0.185252469317,70,0.00900900900901,-0.465680581949,-0.189189189189,0,0.0810810810811,101,14,115,1102,0.467592592593,0.987455197133,0.0125448028674,0.532407407407,0.878260869565,0.467592592593,0.610271903323,0.597202714143,0.455047789725,0.439130434783,94,195,0,0,0,0
99,WLNM_dir_neg,0.779086127548,0.744000315858,00:00:08,10,10,11,1231466235,threshold_sweep,0.9,0.906976744186,0.4,0.555160142349,78,8,117,382,0.4,0.979487179487,0.0205128205128,0.6,0.906976744186,0.4,0.555160142349,0.786324786325,0.617663817664,0.441132637854,0.505181245297,0.379487179487,216,21,195,0,216,0,21,0,195,37,216,0.162162162162,1.32432432432,11.6756756757,21.6,6,8.1990990496,0.702237650082,0.31006006006,10.329336629,1.76937710775,0.765265265265,3.0868314707,0.528762798222,0.252752752753,0.579945114934,0.437917739848,2,1.32432432432,0.579945114934,2,0.0121701261701,0.00597269624573,7,0.000900900900901,0.621196581197,37,37,37,1,0,0.72972972973,0.243243243243,0.027027027027,37,0.0157657657658,1.24324324324,1.13513513514,2.625,1.16666666667,1.18232732266,1.04157406996,0.534105534106,1.14359424964,2.01490415413,0.813384813385,0.647239460261,1.14037428713,0.571428571429,0.49471683289,0.397924409064,2,1.45454545455,0.687551650952,2,0,0,0,0,0.0220238095238,37,11,11,0.297297297297,0,0.432432432432,0.0540540540541,0.162162162162,37,107,0.0803303303303,1.26185756418,5.78378378378,13.375,3.68965517241,5.97743504605,1.0334817603,0.476382924981,6.56922024708,2.27159952469,0.850214700682,2.06537303308,0.714194413307,0.394038898712,0.530259058379,0.420221008639,2.06976744186,1.29359787499,0.553815311786,2.06976744186,0.370783832751,0.146276595745,55,0.00707850707851,0.293661519179,37,33,33,0.891891891892,0,0.675675675676,0.108108108108,0.108108108108,-109,-0.0818318318318,-0.0624667601412,-5.89189189189,-8.225,-2.31034482759,-2.22166400356,0.331244110216,0.166322864921,-3.76011638192,0.502222416946,0.0849494354167,-1.02145843763,0.185431615085,0.141286145959,-0.049686056555,-0.0176967312097,0.0697674418605,-0.0307264493311,-0.0261298031488,0.0697674418605,0.358613706581,0.140303899499,48,0.00617760617761,-0.327535062017,-0.0540540540541,-0.135135135135,0.0810810810811,99,8,117,1108,0.458333333333,0.992831541219,0.00716845878136,0.541666666667,0.92523364486,0.458333333333,0.613003095975,0.611835003961,0.451164874552,0.441964285714,86,195,0,0,0,0
100,WLNM_dir_neg,0.797679158448,0.727383777369,00:00:08,10,10,12,1231466236,threshold_sweep,0.1,0.545871559633,0.610256410256,0.576271186441,119,99,76,291,0.610256410256,0.746153846154,0.253846153846,0.389743589744,0.545871559633,0.610256410256,0.576271186441,0.700854700855,0.54245014245,0.346201743462,0.347486969483,0.35641025641,216,21,195,0,216,0,21,0,195,37,216,0.162162162162,1.32432432432,11.6756756757,21.6,6,8.1990990496,0.702237650082,0.31006006006,10.329336629,1.76937710775,0.765265265265,3.0868314707,0.528762798222,0.252752752753,0.579945114934,0.437917739848,2,1.32432432432,0.579945114934,2,0.0121701261701,0.00597269624573,7,0.000900900900901,0.621196581197,37,37,37,1,0,0.72972972973,0.243243243243,0.027027027027,37,0.0157657657658,1.21621621622,1.13513513514,2.625,1.23529411765,1.22841727805,1.0821771259,0.528957528958,1.30257310609,2.29500975834,0.851994851995,0.688821075806,1.21363713356,0.607464607465,0.417341795384,0.343147698427,1,1.30769230769,0.480384461415,1,0,0,0,0,0.0279761904762,37,13,13,0.351351351351,0,0.459459459459,0,0.216216216216,37,239,0.179429429429,1,12.9189189189,6.82857142857,8.85185185185,7.31580624545,0.566286257493,0.319461721135,6.53875028237,1.01227514832,0.469750084813,7.06554470101,1.09382909597,0.578084360511,0,0,0,NaN,NaN,NaN,0.537733623922,0.448392554992,530,0.0682110682111,0.219665516584,37,35,0,0.945945945946,2,0,0.72972972973,0.216216216216,23,0.0172672672673,-0.324324324324,1.24324324324,-14.7714285714,2.85185185185,-0.883292804151,-0.135951392589,0.0094016610753,-3.79058634663,-0.757101959428,-0.295515180452,3.9787132303,0.565066297749,0.325331607758,-0.579945114934,-0.437917739848,-2,NaN,NaN,NaN,0.525563497752,0.442419858746,523,0.0673101673102,-0.401531064613,-0.72972972973,0.486486486486,0.189189189189,140,99,76,1017,0.648148148148,0.911290322581,0.0887096774194,0.351851851852,0.585774058577,0.648148148148,0.615384615385,0.53740570125,0.559438470729,0.444444444444,218,195,0,0,0,0
101,WLNM_dir_neg,0.797679158448,0.727383777369,00:00:08,10,10,12,1231466236,threshold_sweep,0.2,0.837037037037,0.579487179487,0.684848484848,113,22,82,368,0.579487179487,0.94358974359,0.0564102564103,0.420512820513,0.837037037037,0.579487179487,0.684848484848,0.822222222222,0.589743589744,0.566666666667,0.58525081676,0.523076923077,216,21,195,0,216,0,21,0,195,37,216,0.162162162162,1.32432432432,11.6756756757,21.6,6,8.1990990496,0.702237650082,0.31006006006,10.329336629,1.76937710775,0.765265265265,3.0868314707,0.528762798222,0.252752752753,0.579945114934,0.437917739848,2,1.32432432432,0.579945114934,2,0.0121701261701,0.00597269624573,7,0.000900900900901,0.621196581197,37,37,37,1,0,0.72972972973,0.243243243243,0.027027027027,37,0.0157657657658,1.21621621622,1.13513513514,2.625,1.23529411765,1.22841727805,1.0821771259,0.528957528958,1.30257310609,2.29500975834,0.851994851995,0.688821075806,1.21363713356,0.607464607465,0.417341795384,0.343147698427,1,1.30769230769,0.480384461415,1,0,0,0,0,0.0279761904762,37,13,13,0.351351351351,0,0.459459459459,0,0.216216216216,37,156,0.117117117117,1.87044643221,8.43243243243,6.24,5.77777777778,6.38374907498,0.757047165943,0.41683991684,7.08337307885,1.68003079434,0.727304227304,4.34060374151,1.02950216946,0.532224532225,0.691611367958,0.369757377729,2,1.94725052917,0.668470749203,2,0.279768662621,0.215530903328,136,0.0175032175032,0.28471273632,37,34,34,0.918918918919,0,0.243243243243,0.486486486486,0.189189189189,-60,-0.045045045045,0.546122107887,-3.24324324324,-15.36,-0.222222222222,-1.81534997463,0.0548095158608,0.10677985678,-3.24596355015,-0.0893463134027,-0.037961037961,1.25377227081,0.500739371239,0.279471779472,0.111666253023,-0.068160362119,0,0.622926204847,0.0885256342681,0,0.267598536451,0.209558207082,129,0.0166023166023,-0.336483844877,-0.486486486486,0.243243243243,0.162162162162,134,22,82,1094,0.62037037037,0.980286738351,0.0197132616487,0.37962962963,0.858974358974,0.62037037037,0.720430107527,0.6885248735,0.600657108722,0.563025210084,135,195,0,0,0,0
102,WLNM_dir_neg,0.797679158448,0.727383777369,00:00:08,10,10,12,1231466236,threshold_sweep,0.3,0.837037037037,0.579487179487,0.684848484848,113,22,82,368,0.579487179487,0.94358974359,0.0564102564103,0.420512820513,0.837037037037,0.579487179487,0.684848484848,0.822222222222,0.589743589744,0.566666666667,0.58525081676,0.523076923077,216,21,195,0,216,0,21,0,195,37,216,0.162162162162,1.32432432432,11.6756756757,21.6,6,8.1990990496,0.702237650082,0.31006006006,10.329336629,1.76937710775,0.765265265265,3.0868314707,0.528762798222,0.252752752753,0.579945114934,0.437917739848,2,1.32432432432,0.579945114934,2,0.0121701261701,0.00597269624573,7,0.000900900900901,0.621196581197,37,37,37,1,0,0.72972972973,0.243243243243,0.027027027027,37,0.0157657657658,1.21621621622,1.13513513514,2.625,1.23529411765,1.22841727805,1.0821771259,0.528957528958,1.30257310609,2.29500975834,0.851994851995,0.688821075806,1.21363713356,0.607464607465,0.417341795384,0.343147698427,1,1.30769230769,0.480384461415,1,0,0,0,0,0.0279761904762,37,13,13,0.351351351351,0,0.459459459459,0,0.216216216216,37,156,0.117117117117,1.87044643221,8.43243243243,6.24,5.77777777778,6.38374907498,0.757047165943,0.41683991684,7.08337307885,1.68003079434,0.727304227304,4.34060374151,1.02950216946,0.532224532225,0.691611367958,0.369757377729,2,1.94725052917,0.668470749203,2,0.279768662621,0.215530903328,136,0.0175032175032,0.28471273632,37,34,34,0.918918918919,0,0.243243243243,0.486486486486,0.189189189189,-60,-0.045045045045,0.546122107887,-3.24324324324,-15.36,-0.222222222222,-1.81534997463,0.0548095158608,0.10677985678,-3.24596355015,-0.0893463134027,-0.037961037961,1.25377227081,0.500739371239,0.279471779472,0.111666253023,-0.068160362119,0,0.622926204847,0.0885256342681,0,0.267598536451,0.209558207082,129,0.0166023166023,-0.336483844877,-0.486486486486,0.243243243243,0.162162162162,134,22,82,1094,0.62037037037,0.980286738351,0.0197132616487,0.37962962963,0.858974358974,0.62037037037,0.720430107527,0.6885248735,0.600657108722,0.563025210084,135,195,0,0,0,0
103,WLNM_dir_neg,0.797679158448,0.727383777369,00:00:08,10,10,12,1231466236,threshold_sweep,0.4,0.835820895522,0.574358974359,0.68085106383,112,22,83,368,0.574358974359,0.94358974359,0.0564102564103,0.425641025641,0.835820895522,0.574358974359,0.68085106383,0.820512820513,0.590313390313,0.561891515994,0.581026180174,0.517948717949,216,21,195,0,216,0,21,0,195,37,216,0.162162162162,1.32432432432,11.6756756757,21.6,6,8.1990990496,0.702237650082,0.31006006006,10.329336629,1.76937710775,0.765265265265,3.0868314707,0.528762798222,0.252752752753,0.579945114934,0.437917739848,2,1.32432432432,0.579945114934,2,0.0121701261701,0.00597269624573,7,0.000900900900901,0.621196581197,37,37,37,1,0,0.72972972973,0.243243243243,0.027027027027,37,0.0157657657658,1.21621621622,1.13513513514,2.625,1.23529411765,1.22841727805,1.0821771259,0.528957528958,1.30257310609,2.29500975834,0.851994851995,0.688821075806,1.21363713356,0.607464607465,0.417341795384,0.343147698427,1,1.30769230769,0.480384461415,1,0,0,0,0,0.0279761904762,37,13,13,0.351351351351,0,0.459459459459,0,0.216216216216,37,155,0.116366366366,1.86997453174,8.37837837838,6.2,5.74074074074,6.34363789491,0.75714387778,0.4160418483,7.03893078149,1.68026089623,0.727114210985,4.31301543031,1.02955852207,0.530078465562,0.691002753754,0.369525221882,2,1.94673699042,0.667844606206,2,0.278743773499,0.213597430407,133,0.0171171171171,0.283512472368,37,34,34,0.918918918919,0,0.243243243243,0.486486486486,0.189189189189,-61,-0.0457957957958,0.545650207415,-3.2972972973,-15.4,-0.259259259259,-1.85546115469,0.0549062276977,0.10598178824,-3.29040584751,-0.0891162115197,-0.0381510542801,1.22618395961,0.500795723852,0.27732571281,0.11105763882,-0.0683925179667,0,0.622412666098,0.087899491272,0,0.266573647329,0.207624734161,126,0.0162162162162,-0.337684108829,-0.486486486486,0.243243243243,0.162162162162,133,22,83,1094,0.615740740741,0.980286738351,0.0197132616487,0.384259259259,0.858064516129,0.615740740741,0.716981132075,0.685127145622,0.596027479092,0.558823529412,134,195,0,0,0,0
104,WLNM_dir_neg,0.797679158448,0.727383777369,00:00:08,10,10,12,1231466236,threshold_sweep,0.5,0.835820895522,0.574358974359,0.68085106383,112,22,83,368,0.574358974359,0.94358974359,0.0564102564103,0.425641025641,0.835820895522,0.574358974359,0.68085106383,0.820512820513,0.590313390313,0.561891515994,0.581026180174,0.517948717949,216,21,195,0,216,0,21,0,195,37,216,0.162162162162,1.32432432432,11.6756756757,21.6,6,8.1990990496,0.702237650082,0.31006006006,10.329336629,1.76937710775,0.765265265265,3.0868314707,0.528762798222,0.252752752753,0.579945114934,0.437917739848,2,1.32432432432,0.579945114934,2,0.0121701261701,0.00597269624573,7,0.000900900900901,0.621196581197,37,37,37,1,0,0.72972972973,0.243243243243,0.027027027027,37,0.0157657657658,1.21621621622,1.13513513514,2.625,1.23529411765,1.22841727805,1.0821771259,0.528957528958,1.30257310609,2.29500975834,0.851994851995,0.688821075806,1.21363713356,0.607464607465,0.417341795384,0.343147698427,1,1.30769230769,0.480384461415,1,0,0,0,0,0.0279761904762,37,13,13,0.351351351351,0,0.459459459459,0,0.216216216216,37,155,0.116366366366,1.86997453174,8.37837837838,6.2,5.74074074074,6.34363789491,0.75714387778,0.4160418483,7.03893078149,1.68026089623,0.727114210985,4.31301543031,1.02955852207,0.530078465562,0.691002753754,0.369525221882,2,1.94673699042,0.667844606206,2,0.278743773499,0.213597430407,133,0.0171171171171,0.283512472368,37,34,34,0.918918918919,0,0.243243243243,0.486486486486,0.189189189189,-61,-0.0457957957958,0.545650207415,-3.2972972973,-15.4,-0.259259259259,-1.85546115469,0.0549062276977,0.10598178824,-3.29040584751,-0.0891162115197,-0.0381510542801,1.22618395961,0.500795723852,0.27732571281,0.11105763882,-0.0683925179667,0,0.622412666098,0.087899491272,0,0.266573647329,0.207624734161,126,0.0162162162162,-0.337684108829,-0.486486486486,0.243243243243,0.162162162162,133,22,83,1094,0.615740740741,0.980286738351,0.0197132616487,0.384259259259,0.858064516129,0.615740740741,0.716981132075,0.685127145622,0.596027479092,0.558823529412,134,195,0,0,0,0
105,WLNM_dir_neg,0.797679158448,0.727383777369,00:00:08,10,10,12,1231466236,threshold_sweep,0.6,0.835820895522,0.574358974359,0.68085106383,112,22,83,368,0.574358974359,0.94358974359,0.0564102564103,0.425641025641,0.835820895522,0.574358974359,0.68085106383,0.820512820513,0.590313390313,0.561891515994,0.581026180174,0.517948717949,216,21,195,0,216,0,21,0,195,37,216,0.162162162162,1.32432432432,11.6756756757,21.6,6,8.1990990496,0.702237650082,0.31006006006,10.329336629,1.76937710775,0.765265265265,3.0868314707,0.528762798222,0.252752752753,0.579945114934,0.437917739848,2,1.32432432432,0.579945114934,2,0.0121701261701,0.00597269624573,7,0.000900900900901,0.621196581197,37,37,37,1,0,0.72972972973,0.243243243243,0.027027027027,37,0.0157657657658,1.21621621622,1.13513513514,2.625,1.23529411765,1.22841727805,1.0821771259,0.528957528958,1.30257310609,2.29500975834,0.851994851995,0.688821075806,1.21363713356,0.607464607465,0.417341795384,0.343147698427,1,1.30769230769,0.480384461415,1,0,0,0,0,0.0279761904762,37,13,13,0.351351351351,0,0.459459459459,0,0.216216216216,37,155,0.116366366366,1.86997453174,8.37837837838,6.2,5.74074074074,6.34363789491,0.75714387778,0.4160418483,7.03893078149,1.68026089623,0.727114210985,4.31301543031,1.02955852207,0.530078465562,0.691002753754,0.369525221882,2,1.94673699042,0.667844606206,2,0.278743773499,0.213597430407,133,0.0171171171171,0.283512472368,37,34,34,0.918918918919,0,0.243243243243,0.486486486486,0.189189189189,-61,-0.0457957957958,0.545650207415,-3.2972972973,-15.4,-0.259259259259,-1.85546115469,0.0549062276977,0.10598178824,-3.29040584751,-0.0891162115197,-0.0381510542801,1.22618395961,0.500795723852,0.27732571281,0.11105763882,-0.0683925179667,0,0.622412666098,0.087899491272,0,0.266573647329,0.207624734161,126,0.0162162162162,-0.337684108829,-0.486486486486,0.243243243243,0.162162162162,133,22,83,1094,0.615740740741,0.980286738351,0.0197132616487,0.384259259259,0.858064516129,0.615740740741,0.716981132075,0.685127145622,0.596027479092,0.558823529412,134,195,0,0,0,0
106,WLNM_dir_neg,0.797679158448,0.727383777369,00:00:08,10,10,12,1231466236,threshold_sweep,0.7,0.888888888889,0.574358974359,0.697819314642,112,14,83,376,0.574358974359,0.964102564103,0.0358974358974,0.425641025641,0.888888888889,0.574358974359,0.697819314642,0.834188034188,0.594871794872,0.590717299578,0.617465478029,0.538461538462,216,21,195,0,216,0,21,0,195,37,216,0.162162162162,1.32432432432,11.6756756757,21.6,6,8.1990990496,0.702237650082,0.31006006006,10.329336629,1.76937710775,0.765265265265,3.0868314707,0.528762798222,0.252752752753,0.579945114934,0.437917739848,2,1.32432432432,0.579945114934,2,0.0121701261701,0.00597269624573,7,0.000900900900901,0.621196581197,37,37,37,1,0,0.72972972973,0.243243243243,0.027027027027,37,0.0157657657658,1.21621621622,1.13513513514,2.625,1.23529411765,1.22841727805,1.0821771259,0.528957528958,1.30257310609,2.29500975834,0.851994851995,0.688821075806,1.21363713356,0.607464607465,0.417341795384,0.343147698427,1,1.30769230769,0.480384461415,1,0,0,0,0,0.0279761904762,37,13,13,0.351351351351,0,0.459459459459,0,0.216216216216,37,147,0.11036036036,1.66249973309,7.94594594595,7.73684210526,5.44444444444,6.34186244089,0.798125545283,0.431145431145,7.14332044829,1.79797861624,0.767420481706,3.94043487791,0.991810139337,0.510755653613,0.694506699493,0.417748457741,2,1.74280273104,0.693627186401,2,0.204995816958,0.171919770774,100,0.01287001287,0.402170604084,37,33,33,0.891891891892,0,0.378378378378,0.351351351351,0.162162162162,-69,-0.0518018018018,0.338175408764,-3.72972972973,-13.8631578947,-0.555555555556,-1.85723660871,0.0958878952007,0.121085371085,-3.1860161807,0.0286015084922,0.00215521644093,0.853603407203,0.463047341115,0.25800290086,0.114561584558,-0.0201692821073,0,0.418478406714,0.113682071466,0,0.192825690788,0.165947074528,93,0.0119691119691,-0.219025977112,-0.351351351351,0.108108108108,0.135135135135,133,14,83,1102,0.615740740741,0.987455197133,0.0125448028674,0.384259259259,0.904761904762,0.615740740741,0.732782369146,0.709577013959,0.603195937873,0.578260869565,126,195,0,0,0,0
107,WLNM_dir_neg,0.797679158448,0.727383777369,00:00:08,10,10,12,1231466236,threshold_sweep,0.8,0.888,0.569230769231,0.69375,111,14,84,376,0.569230769231,0.964102564103,0.0358974358974,0.430769230769,0.888,0.569230769231,0.69375,0.832478632479,0.595441595442,0.585915492958,0.613358537604,0.533333333333,216,21,195,0,216,0,21,0,195,37,216,0.162162162162,1.32432432432,11.6756756757,21.6,6,8.1990990496,0.702237650082,0.31006006006,10.329336629,1.76937710775,0.765265265265,3.0868314707,0.528762798222,0.252752752753,0.579945114934,0.437917739848,2,1.32432432432,0.579945114934,2,0.0121701261701,0.00597269624573,7,0.000900900900901,0.621196581197,37,37,37,1,0,0.72972972973,0.243243243243,0.027027027027,37,0.0157657657658,1.21621621622,1.13513513514,2.625,1.23529411765,1.22841727805,1.0821771259,0.528957528958,1.30257310609,2.29500975834,0.851994851995,0.688821075806,1.21363713356,0.607464607465,0.417341795384,0.343147698427,1,1.30769230769,0.480384461415,1,0,0,0,0,0.0279761904762,37,13,13,0.351351351351,0,0.459459459459,0,0.216216216216,37,146,0.10960960961,1.66357836274,7.89189189189,7.68421052632,5.40740740741,6.26624016183,0.79400988352,0.428915216586,7.10221384087,1.79987611036,0.767863754165,3.84379692164,0.974112918497,0.507589781562,0.695914336482,0.418323748414,2,1.74401210368,0.695068390509,2,0.195494620646,0.162872154116,93,0.0119691119691,0.39609314296,37,33,33,0.891891891892,0,0.378378378378,0.351351351351,0.162162162162,-70,-0.0525525525526,0.339254038414,-3.78378378378,-13.9157894737,-0.592592592593,-1.93285888777,0.091772233438,0.118855156526,-3.22712278813,0.0304990026121,0.00259848889986,0.756965450932,0.445350120274,0.25483702881,0.115969221547,-0.019593991434,0,0.419687779352,0.115123275574,0,0.183324494476,0.15689945787,86,0.0110682110682,-0.225103438236,-0.351351351351,0.108108108108,0.135135135135,132,14,84,1102,0.611111111111,0.987455197133,0.0125448028674,0.388888888889,0.904109589041,0.611111111111,0.729281767956,0.706240255086,0.598566308244,0.573913043478,125,195,0,0,0,0
108,WLNM_dir_neg,0.797679158448,0.727383777369,00:00:08,10,10,12,1231466236,threshold_sweep,0.9,0.900826446281,0.558974358974,0.689873417722,109,12,86,378,0.558974358974,0.969230769231,0.0307692307692,0.441025641026,0.900826446281,0.558974358974,0.689873417722,0.832478632479,0.597720797721,0.583569405099,0.614752844752,0.528205128205,216,21,195,0,216,0,21,0,195,37,216,0.162162162162,1.32432432432,11.6756756757,21.6,6,8.1990990496,0.702237650082,0.31006006006,10.329336629,1.76937710775,0.765265265265,3.0868314707,0.528762798222,0.252752752753,0.579945114934,0.437917739848,2,1.32432432432,0.579945114934,2,0.0121701261701,0.00597269624573,7,0.000900900900901,0.621196581197,37,37,37,1,0,0.72972972973,0.243243243243,0.027027027027,37,0.0157657657658,1.21621621622,1.13513513514,2.625,1.23529411765,1.22841727805,1.0821771259,0.528957528958,1.30257310609,2.29500975834,0.851994851995,0.688821075806,1.21363713356,0.607464607465,0.417341795384,0.343147698427,1,1.30769230769,0.480384461415,1,0,0,0,0,0.0279761904762,37,13,13,0.351351351351,0,0.459459459459,0,0.216216216216,37,142,0.106606606607,1.54837377779,7.67567567568,8.35294117647,5.25925925926,6.11034666253,0.796066290541,0.430909783022,7.00203745552,1.82447454827,0.776170536734,3.655388059,0.952460268894,0.506280928816,0.619754219646,0.400261376508,1.46153846154,1.61484332661,0.624469142268,1.46153846154,0.177397015233,0.144444444444,78,0.0100386100386,0.365512432047,37,33,33,0.891891891892,0,0.432432432432,0.297297297297,0.162162162162,-74,-0.0555555555556,0.224049453461,-4,-13.2470588235,-0.740740740741,-2.08875238707,0.0938286404595,0.120849722962,-3.32729917348,0.0550974405244,0.0109052714687,0.568556588294,0.423697470671,0.253528176063,0.0398091047112,-0.0376563633402,-0.538461538462,0.290519002284,0.0445240273335,-0.538461538462,0.165226889063,0.138471748199,71,0.00913770913771,-0.255684149149,-0.297297297297,0.0540540540541,0.135135135135,130,12,86,1104,0.601851851852,0.989247311828,0.010752688172,0.398148148148,0.915492957746,0.601851851852,0.72625698324,0.70599506433,0.59109916368,0.570175438596,121,195,0,0,0,0
109,WLNM_dir_neg,0.732478632479,0.688203405857,00:00:08,10,10,13,1231466237,threshold_sweep,0.1,0.692307692308,0.323076923077,0.440559440559,63,28,132,362,0.323076923077,0.928205128205,0.0717948717949,0.676923076923,0.692307692308,0.323076923077,0.440559440559,0.726495726496,0.614814814815,0.289940828402,0.326833757744,0.251282051282,216,21,195,0,216,0,21,0,195,37,216,0.162162162162,1.32432432432,11.6756756757,21.6,6,8.1990990496,0.702237650082,0.31006006006,10.329336629,1.76937710775,0.765265265265,3.0868314707,0.528762798222,0.252752752753,0.579945114934,0.437917739848,2,1.32432432432,0.579945114934,2,0.0121701261701,0.00597269624573,7,0.000900900900901,0.621196581197,37,37,37,1,0,0.72972972973,0.243243243243,0.027027027027,37,0.0157657657658,1.24324324324,1.13513513514,2.625,1.5,1.35732912086,1.19574232076,0.593307593308,1.30257310609,2.29500975834,0.849420849421,0.800712895576,1.41077986363,0.684684684685,0.49471683289,0.397924409064,2,1.42857142857,0.597614304667,2,0,0,0,0,0.041156462585,37,21,21,0.567567567568,0,0.351351351351,0.027027027027,0.189189189189,37,112,0.0840840840841,2.30675188175,6.05405405405,4.14814814815,4,5.39004198059,0.890319434294,0.451737451737,4.81598314923,1.59099443323,0.678088803089,4.13982344287,1.36762024452,0.584942084942,0.92821535016,0.402390633125,3.23232323232,2.30675188175,0.92821535016,3.23232323232,0.376235077863,0.228650137741,83,0.0106821106821,0.222033524682,37,37,37,1,0,0.27027027027,0.486486486486,0.243243243243,-104,-0.0780780780781,0.982427557428,-5.62162162162,-17.4518518519,-2,-2.80905706901,0.188081784212,0.141677391677,-5.51335347977,-0.178382674517,-0.0871764621765,1.05299197217,0.838857446297,0.332189332189,0.348270235225,-0.0355271067238,1.23232323232,0.982427557428,0.348270235225,1.23232323232,0.364064951693,0.222677441495,76,0.00978120978121,-0.399163056514,-0.459459459459,0.243243243243,0.216216216216,84,28,132,1088,0.388888888889,0.974910394265,0.0250896057348,0.611111111111,0.75,0.388888888889,0.512195121951,0.48320551809,0.363799283154,0.344262295082,91,195,0,0,0,0
110,WLNM_dir_neg,0.732478632479,0.688203405857,00:00:08,10,10,13,1231466237,threshold_sweep,0.2,0.681818181818,0.307692307692,0.424028268551,60,28,135,362,0.307692307692,0.928205128205,0.0717948717949,0.692307692308,0.681818181818,0.307692307692,0.424028268551,0.721367521368,0.616524216524,0.273402674591,0.311066540369,0.235897435897,216,21,195,0,216,0,21,0,195,37,216,0.162162162162,1.32432432432,11.6756756757,21.6,6,8.1990990496,0.702237650082,0.31006006006,10.329336629,1.76937710775,0.765265265265,3.0868314707,0.528762798222,0.252752752753,0.579945114934,0.437917739848,2,1.32432432432,0.579945114934,2,0.0121701261701,0.00597269624573,7,0.000900900900901,0.621196581197,37,37,37,1,0,0.72972972973,0.243243243243,0.027027027027,37,0.0157657657658,1.24324324324,1.13513513514,2.625,1.5,1.35732912086,1.19574232076,0.593307593308,1.30257310609,2.29500975834,0.849420849421,0.800712895576,1.41077986363,0.684684684685,0.49471683289,0.397924409064,2,1.42857142857,0.597614304667,2,0,0,0,0,0.041156462585,37,21,21,0.567567567568,0,0.351351351351,0.027027027027,0.189189189189,37,109,0.0818318318318,2.31017803518,5.89189189189,4.03703703704,3.89285714286,5.34261579599,0.906774240604,0.455244235061,4.6900956277,1.5920508094,0.673939995041,4.1294736411,1.40174793322,0.584676419539,0.932012075484,0.403437337422,3.24444444444,2.31017803518,0.932012075484,3.24444444444,0.382763169869,0.226361031519,79,0.0101673101673,0.223406635792,37,37,37,1,0,0.27027027027,0.486486486486,0.243243243243,-107,-0.0803303303303,0.985853710854,-5.78378378378,-17.562962963,-2.10714285714,-2.85648325362,0.204536590522,0.145184175001,-5.6392410013,-0.177326298342,-0.0913252702244,1.0426421704,0.872985134996,0.331923666786,0.35206696055,-0.034480402426,1.24444444444,0.985853710854,0.35206696055,1.24444444444,0.370593043699,0.220388335273,72,0.00926640926641,-0.397789945405,-0.459459459459,0.243243243243,0.216216216216,81,28,135,1088,0.375,0.974910394265,0.0250896057348,0.625,0.743119266055,0.375,0.498461538462,0.470532189253,0.349910394265,0.331967213115,88,195,0,0,0,0
111,WLNM_dir_neg,0.732478632479,0.688203405857,00:00:08,10,10,13,1231466237,threshold_sweep,0.3,0.904761904762,0.292307692308,0.441860465116,57,6,138,384,0.292307692308,0.984615384615,0.0153846153846,0.707692307692,0.904761904762,0.292307692308,0.441860465116,0.753846153846,0.630769230769,0.333333333333,0.421117443806,0.276923076923,216,21,195,0,216,0,21,0,195,37,216,0.162162162162,1.32432432432,11.6756756757,21.6,6,8.1990990496,0.702237650082,0.31006006006,10.329336629,1.76937710775,0.765265265265,3.0868314707,0.528762798222,0.252752752753,0.579945114934,0.437917739848,2,1.32432432432,0.579945114934,2,0.0121701261701,0.00597269624573,7,0.000900900900901,0.621196581197,37,37,37,1,0,0.72972972973,0.243243243243,0.027027027027,37,0.0157657657658,1.24324324324,1.13513513514,2.625,1.5,1.35732912086,1.19574232076,0.593307593308,1.30257310609,2.29500975834,0.849420849421,0.800712895576,1.41077986363,0.684684684685,0.49471683289,0.397924409064,2,1.42857142857,0.597614304667,2,0,0,0,0,0.041156462585,37,21,21,0.567567567568,0,0.351351351351,0.027027027027,0.189189189189,37,84,0.0630630630631,1.38837913544,4.54054054054,7.63636363636,3,4.60431316264,1.01404516082,0.490025740026,4.93653414547,2.17442575455,0.833976833977,2.21921718742,0.977512332553,0.482625482625,0.644302173128,0.464067888001,2.46666666667,1.42264788268,0.661771442576,2.46666666667,0.138448595469,0.0839469808542,19,0.0024453024453,0.23177246918,37,34,34,0.918918918919,0,0.621621621622,0.135135135135,0.162162162162,-132,-0.0990990990991,0.0640548111136,-7.13513513514,-13.9636363636,-3,-3.59478588696,0.311807510739,0.179965679966,-5.39280248353,0.405048646806,0.0687115687116,-0.867614283287,0.44874953433,0.229872729873,0.0643570581936,0.026150148153,0.466666666667,0.0983235583582,0.0818263276414,0.466666666667,0.126278469299,0.0779742846085,12,0.0015444015444,-0.389424112017,-0.108108108108,-0.108108108108,0.135135135135,78,6,138,1110,0.361111111111,0.994623655914,0.00537634408602,0.638888888889,0.928571428571,0.361111111111,0.52,0.539434041232,0.355734767025,0.351351351351,63,195,0,0,0,0
112,WLNM_dir_neg,0.732478632479,0.688203405857,00:00:08,10,10,13,1231466237,threshold_sweep,0.4,0.904761904762,0.292307692308,0.441860465116,57,6,138,384,0.292307692308,0.984615384615,0.0153846153846,0.707692307692,0.904761904762,0.292307692308,0.441860465116,0.753846153846,0.630769230769,0.333333333333,0.421117443806,0.276923076923,216,21,195,0,216,0,21,0,195,37,216,0.162162162162,1.32432432432,11.6756756757,21.6,6,8.1990990496,0.702237650082,0.31006006006,10.329336629,1.76937710775,0.765265265265,3.0868314707,0.528762798222,0.252752752753,0.579945114934,0.437917739848,2,1.32432432432,0.579945114934,2,0.0121701261701,0.00597269624573,7,0.000900900900901,0.621196581197,37,37,37,1,0,0.72972972973,0.243243243243,0.027027027027,37,0.0157657657658,1.24324324324,1.13513513514,2.625,1.5,1.35732912086,1.19574232076,0.593307593308,1.30257310609,2.29500975834,0.849420849421,0.800712895576,1.41077986363,0.684684684685,0.49471683289,0.397924409064,2,1.42857142857,0.597614304667,2,0,0,0,0,0.041156462585,37,21,21,0.567567567568,0,0.351351351351,0.027027027027,0.189189189189,37,84,0.0630630630631,1.38837913544,4.54054054054,7.63636363636,3,4.60431316264,1.01404516082,0.490025740026,4.93653414547,2.17442575455,0.833976833977,2.21921718742,0.977512332553,0.482625482625,0.644302173128,0.464067888001,2.46666666667,1.42264788268,0.661771442576,2.46666666667,0.138448595469,0.0839469808542,19,0.0024453024453,0.23177246918,37,34,34,0.918918918919,0,0.621621621622,0.135135135135,0.162162162162,-132,-0.0990990990991,0.0640548111136,-7.13513513514,-13.9636363636,-3,-3.59478588696,0.311807510739,0.179965679966,-5.39280248353,0.405048646806,0.0687115687116,-0.867614283287,0.44874953433,0.229872729873,0.0643570581936,0.026150148153,0.466666666667,0.0983235583582,0.0818263276414,0.466666666667,0.126278469299,0.0779742846085,12,0.0015444015444,-0.389424112017,-0.108108108108,-0.108108108108,0.135135135135,78,6,138,1110,0.361111111111,0.994623655914,0.00537634408602,0.638888888889,0.928571428571,0.361111111111,0.52,0.539434041232,0.355734767025,0.351351351351,63,195,0,0,0,0
113,WLNM_dir_neg,0.732478632479,0.688203405857,00:00:08,10,10,13,1231466237,threshold_sweep,0.5,0.904761904762,0.292307692308,0.441860465116,57,6,138,384,0.292307692308,0.984615384615,0.0153846153846,0.707692307692,0.904761904762,0.292307692308,0.441860465116,0.753846153846,0.630769230769,0.333333333333,0.421117443806,0.276923076923,216,21,195,0,216,0,21,0,195,37,216,0.162162162162,1.32432432432,11.6756756757,21.6,6,8.1990990496,0.702237650082,0.31006006006,10.329336629,1.76937710775,0.765265265265,3.0868314707,0.528762798222,0.252752752753,0.579945114934,0.437917739848,2,1.32432432432,0.579945114934,2,0.0121701261701,0.00597269624573,7,0.000900900900901,0.621196581197,37,37,37,1,0,0.72972972973,0.243243243243,0.027027027027,37,0.0157657657658,1.24324324324,1.13513513514,2.625,1.5,1.35732912086,1.19574232076,0.593307593308,1.30257310609,2.29500975834,0.849420849421,0.800712895576,1.41077986363,0.684684684685,0.49471683289,0.397924409064,2,1.42857142857,0.597614304667,2,0,0,0,0,0.041156462585,37,21,21,0.567567567568,0,0.351351351351,0.027027027027,0.189189189189,37,84,0.0630630630631,1.38837913544,4.54054054054,7.63636363636,3,4.60431316264,1.01404516082,0.490025740026,4.93653414547,2.17442575455,0.833976833977,2.21921718742,0.977512332553,0.482625482625,0.644302173128,0.464067888001,2.46666666667,1.42264788268,0.661771442576,2.46666666667,0.138448595469,0.0839469808542,19,0.0024453024453,0.23177246918,37,34,34,0.918918918919,0,0.621621621622,0.135135135135,0.162162162162,-132,-0.0990990990991,0.0640548111136,-7.13513513514,-13.9636363636,-3,-3.59478588696,0.311807510739,0.179965679966,-5.39280248353,0.405048646806,0.0687115687116,-0.867614283287,0.44874953433,0.229872729873,0.0643570581936,0.026150148153,0.466666666667,0.0983235583582,0.0818263276414,0.466666666667,0.126278469299,0.0779742846085,12,0.0015444015444,-0.389424112017,-0.108108108108,-0.108108108108,0.135135135135,78,6,138,1110,0.361111111111,0.994623655914,0.00537634408602,0.638888888889,0.928571428571,0.361111111111,0.52,0.539434041232,0.355734767025,0.351351351351,63,195,0,0,0,0
114,WLNM_dir_neg,0.732478632479,0.688203405857,00:00:08,10,10,13,1231466237,threshold_sweep,0.6,0.904761904762,0.292307692308,0.441860465116,57,6,138,384,0.292307692308,0.984615384615,0.0153846153846,0.707692307692,0.904761904762,0.292307692308,0.441860465116,0.753846153846,0.630769230769,0.333333333333,0.421117443806,0.276923076923,216,21,195,0,216,0,21,0,195,37,216,0.162162162162,1.32432432432,11.6756756757,21.6,6,8.1990990496,0.702237650082,0.31006006006,10.329336629,1.76937710775,0.765265265265,3.0868314707,0.528762798222,0.252752752753,0.579945114934,0.437917739848,2,1.32432432432,0.579945114934,2,0.0121701261701,0.00597269624573,7,0.000900900900901,0.621196581197,37,37,37,1,0,0.72972972973,0.243243243243,0.027027027027,37,0.0157657657658,1.24324324324,1.13513513514,2.625,1.5,1.35732912086,1.19574232076,0.593307593308,1.30257310609,2.29500975834,0.849420849421,0.800712895576,1.41077986363,0.684684684685,0.49471683289,0.397924409064,2,1.42857142857,0.597614304667,2,0,0,0,0,0.041156462585,37,21,21,0.567567567568,0,0.351351351351,0.027027027027,0.189189189189,37,84,0.0630630630631,1.38837913544,4.54054054054,7.63636363636,3,4.60431316264,1.01404516082,0.490025740026,4.93653414547,2.17442575455,0.833976833977,2.21921718742,0.977512332553,0.482625482625,0.644302173128,0.464067888001,2.46666666667,1.42264788268,0.661771442576,2.46666666667,0.138448595469,0.0839469808542,19,0.0024453024453,0.23177246918,37,34,34,0.918918918919,0,0.621621621622,0.135135135135,0.162162162162,-132,-0.0990990990991,0.0640548111136,-7.13513513514,-13.9636363636,-3,-3.59478588696,0.311807510739,0.179965679966,-5.39280248353,0.405048646806,0.0687115687116,-0.867614283287,0.44874953433,0.229872729873,0.0643570581936,0.026150148153,0.466666666667,0.0983235583582,0.0818263276414,0.466666666667,0.126278469299,0.0779742846085,12,0.0015444015444,-0.389424112017,-0.108108108108,-0.108108108108,0.135135135135,78,6,138,1110,0.361111111111,0.994623655914,0.00537634408602,0.638888888889,0.928571428571,0.361111111111,0.52,0.539434041232,0.355734767025,0.351351351351,63,195,0,0,0,0
115,WLNM_dir_neg,0.732478632479,0.688203405857,00:00:08,10,10,13,1231466237,threshold_sweep,0.7,0.901639344262,0.282051282051,0.4296875,55,6,140,384,0.282051282051,0.984615384615,0.0153846153846,0.717948717949,0.901639344262,0.282051282051,0.4296875,0.750427350427,0.631908831909,0.321981424149,0.411327532669,0.266666666667,216,21,195,0,216,0,21,0,195,37,216,0.162162162162,1.32432432432,11.6756756757,21.6,6,8.1990990496,0.702237650082,0.31006006006,10.329336629,1.76937710775,0.765265265265,3.0868314707,0.528762798222,0.252752752753,0.579945114934,0.437917739848,2,1.32432432432,0.579945114934,2,0.0121701261701,0.00597269624573,7,0.000900900900901,0.621196581197,37,37,37,1,0,0.72972972973,0.243243243243,0.027027027027,37,0.0157657657658,1.24324324324,1.13513513514,2.625,1.5,1.35732912086,1.19574232076,0.593307593308,1.30257310609,2.29500975834,0.849420849421,0.800712895576,1.41077986363,0.684684684685,0.49471683289,0.397924409064,2,1.42857142857,0.597614304667,2,0,0,0,0,0.041156462585,37,21,21,0.567567567568,0,0.351351351351,0.027027027027,0.189189189189,37,82,0.0615615615616,1.38867943574,4.43243243243,7.45454545455,2.92857142857,4.41298929009,0.995613437399,0.485827290705,4.74420778503,2.14067912251,0.830586684245,2.13613273536,0.963864770832,0.476598549769,0.644645560836,0.464214810306,2.46666666667,1.42297468007,0.662118722483,2.46666666667,0.142749670738,0.0901898734177,19,0.0024453024453,0.22481269641,37,34,34,0.918918918919,0,0.621621621622,0.135135135135,0.162162162162,-134,-0.100600600601,0.0643551114139,-7.24324324324,-14.1454545455,-3.07142857143,-3.78610975951,0.293375787317,0.175767230645,-5.58512884397,0.371302014767,0.06532141898,-0.950698735347,0.435101972609,0.223845797017,0.064700445902,0.0262970704571,0.466666666667,0.0986503557438,0.0821736075489,0.466666666667,0.130579544568,0.084217177172,12,0.0015444015444,-0.396383884787,-0.108108108108,-0.108108108108,0.135135135135,76,6,140,1110,0.351851851852,0.994623655914,0.00537634408602,0.648148148148,0.926829268293,0.351851851852,0.510067114094,0.531336413654,0.346475507766,0.342342342342,61,195,0,0,0,0
116,WLNM_dir_neg,0.732478632479,0.688203405857,00:00:08,10,10,13,1231466237,threshold_sweep,0.8,0.916666666667,0.282051282051,0.43137254902,55,5,140,385,0.282051282051,0.987179487179,0.0128205128205,0.717948717949,0.916666666667,0.282051282051,0.43137254902,0.752136752137,0.632478632479,0.325581395349,0.418330013267,0.269230769231,216,21,195,0,216,0,21,0,195,37,216,0.162162162162,1.32432432432,11.6756756757,21.6,6,8.1990990496,0.702237650082,0.31006006006,10.329336629,1.76937710775,0.765265265265,3.0868314707,0.528762798222,0.252752752753,0.579945114934,0.437917739848,2,1.32432432432,0.579945114934,2,0.0121701261701,0.00597269624573,7,0.000900900900901,0.621196581197,37,37,37,1,0,0.72972972973,0.243243243243,0.027027027027,37,0.0157657657658,1.24324324324,1.13513513514,2.625,1.5,1.35732912086,1.19574232076,0.593307593308,1.30257310609,2.29500975834,0.849420849421,0.800712895576,1.41077986363,0.684684684685,0.49471683289,0.397924409064,2,1.42857142857,0.597614304667,2,0,0,0,0,0.041156462585,37,21,21,0.567567567568,0,0.351351351351,0.027027027027,0.189189189189,37,81,0.0608108108108,1.38559063265,4.37837837838,7.36363636364,2.89285714286,4.34837997516,0.993148512846,0.482816149483,4.71308956134,2.15289276259,0.832165498832,2.14525105806,0.979929495656,0.486486486486,0.639921731328,0.461840399501,2.46666666667,1.41961333553,0.657280823835,2.46666666667,0.0878620852055,0.0586319218241,12,0.0015444015444,0.22698900495,37,34,34,0.918918918919,0,0.621621621622,0.135135135135,0.162162162162,-135,-0.101351351351,0.0612663083251,-7.2972972973,-14.2363636364,-3.10714285714,-3.85071907444,0.290910862764,0.172756089423,-5.61624706766,0.383515654842,0.0669002335669,-0.941580412645,0.451166697434,0.233733733734,0.0599766163934,0.0239226596527,0.466666666667,0.095289011206,0.0773357089005,0.466666666667,0.0756919590354,0.0526592255784,5,0.000643500643501,-0.394207576247,-0.108108108108,-0.108108108108,0.135135135135,76,5,140,1111,0.351851851852,0.995519713262,0.00448028673835,0.648148148148,0.938271604938,0.351851851852,0.511784511785,0.535774542349,0.347371565114,0.343891402715,60,195,0,0,0,0
117,WLNM_dir_neg,0.732478632479,0.688203405857,00:00:08,10,10,13,1231466237,threshold_sweep,0.9,0.963636363636,0.271794871795,0.424,53,2,142,388,0.271794871795,0.994871794872,0.00512820512821,0.728205128205,0.963636363636,0.271794871795,0.424,0.753846153846,0.635327635328,0.325,0.430723990613,0.266666666667,216,21,195,0,216,0,21,0,195,37,216,0.162162162162,1.32432432432,11.6756756757,21.6,6,8.1990990496,0.702237650082,0.31006006006,10.329336629,1.76937710775,0.765265265265,3.0868314707,0.528762798222,0.252752752753,0.579945114934,0.437917739848,2,1.32432432432,0.579945114934,2,0.0121701261701,0.00597269624573,7,0.000900900900901,0.621196581197,37,37,37,1,0,0.72972972973,0.243243243243,0.027027027027,37,0.0157657657658,1.24324324324,1.13513513514,2.625,1.5,1.35732912086,1.19574232076,0.593307593308,1.30257310609,2.29500975834,0.849420849421,0.800712895576,1.41077986363,0.684684684685,0.49471683289,0.397924409064,2,1.42857142857,0.597614304667,2,0,0,0,0,0.041156462585,37,21,21,0.567567567568,0,0.351351351351,0.027027027027,0.189189189189,37,76,0.0570570570571,1.25096525097,4.10810810811,9.5,2.71428571429,4.26734228885,1.03876095189,0.48399715505,4.67229390453,2.27466940089,0.847795163585,2.02684683884,0.986754382066,0.473684210526,0.515524747966,0.41210157322,2.14285714286,1.2731092437,0.532630543905,2.14285714286,0.0470953777405,0.0265957446809,5,0.000643500643501,0.295030409549,37,34,34,0.918918918919,0,0.702702702703,0.0540540540541,0.162162162162,-140,-0.105105105105,-0.0733590733591,-7.56756756757,-12.1,-3.28571428571,-3.93175676075,0.336523301809,0.17393709499,-5.65704272447,0.505292293145,0.0825298983194,-1.05998463187,0.457991583843,0.220931457774,-0.0644203669681,-0.0258161666285,0.142857142857,-0.0512150806268,-0.0473145710296,0.142857142857,0.0349252515704,0.0206230484351,-2,-0.0002574002574,-0.326166171648,-0.027027027027,-0.189189189189,0.135135135135,74,2,142,1114,0.342592592593,0.998207885305,0.00179211469534,0.657407407407,0.973684210526,0.342592592593,0.506849315068,0.541573682829,0.340800477897,0.339449541284,55,195,0,0,0,0
118,WLNM_dir_neg,0.820539119001,0.729960979965,00:00:10,10,10,14,1231466238,threshold_sweep,0.1,0.731481481481,0.405128205128,0.521452145215,79,29,116,361,0.405128205128,0.925641025641,0.074358974359,0.594871794872,0.731481481481,0.405128205128,0.521452145215,0.752136752137,0.605128205128,0.372294372294,0.401886710433,0.330769230769,216,21,195,0,216,0,21,0,195,37,216,0.162162162162,1.32432432432,11.6756756757,21.6,6,8.1990990496,0.702237650082,0.31006006006,10.329336629,1.76937710775,0.765265265265,3.0868314707,0.528762798222,0.252752752753,0.579945114934,0.437917739848,2,1.32432432432,0.579945114934,2,0.0121701261701,0.00597269624573,7,0.000900900900901,0.621196581197,37,37,37,1,0,0.72972972973,0.243243243243,0.027027027027,37,0.0157657657658,1.27027027027,1.13513513514,2.33333333333,1.5,1.18232732266,1.04157406996,0.555984555985,1.11904077328,1.9716432672,0.810810810811,0.834683590768,1.47063299326,0.700128700129,0.508191163105,0.400065383721,2,1.45,0.604805318829,2,0,0,0,0,0.0481481481481,37,20,20,0.540540540541,0,0.351351351351,0.027027027027,0.216216216216,37,129,0.0968468468468,1.99450684451,6.97297297297,4.77777777778,4.16129032258,5.91366819085,0.848084197913,0.433060967945,6.00287718803,1.72175547253,0.707730986801,3.87743917225,1.11213371607,0.518751309449,0.743276423555,0.372661756264,2.71428571429,2.02213203463,0.734303109871,2.71428571429,0.367488332315,0.211453744493,96,0.0123552123552,0.261799070369,37,36,36,0.972972972973,0,0.243243243243,0.594594594595,0.135135135135,-87,-0.0653153153153,0.670182520183,-4.7027027027,-16.8222222222,-1.83870967742,-2.28543085875,0.145846547831,0.123000907885,-4.32645944097,-0.0476216352105,-0.0575342784645,0.790607701551,0.583370917851,0.265998556696,0.163331308621,-0.0652559835841,0.714285714286,0.697807710308,0.154357994937,0.714285714286,0.355318206145,0.205481048248,89,0.0114543114543,-0.359397510828,-0.486486486486,0.351351351351,0.108108108108,100,29,116,1087,0.462962962963,0.974014336918,0.0259856630824,0.537037037037,0.77519379845,0.462962962963,0.579710144928,0.544615730071,0.436977299881,0.408163265306,108,195,0,0,0,0
119,WLNM_dir_neg,0.820539119001,0.729960979965,00:00:10,10,10,14,1231466238,threshold_sweep,0.2,0.892857142857,0.384615384615,0.537634408602,75,9,120,381,0.384615384615,0.976923076923,0.0230769230769,0.615384615385,0.892857142857,0.384615384615,0.537634408602,0.779487179487,0.618803418803,0.421524663677,0.486010451647,0.361538461538,216,21,195,0,216,0,21,0,195,37,216,0.162162162162,1.32432432432,11.6756756757,21.6,6,8.1990990496,0.702237650082,0.31006006006,10.329336629,1.76937710775,0.765265265265,3.0868314707,0.528762798222,0.252752752753,0.579945114934,0.437917739848,2,1.32432432432,0.579945114934,2,0.0121701261701,0.00597269624573,7,0.000900900900901,0.621196581197,37,37,37,1,0,0.72972972973,0.243243243243,0.027027027027,37,0.0157657657658,1.27027027027,1.13513513514,2.33333333333,1.5,1.18232732266,1.04157406996,0.555984555985,1.11904077328,1.9716432672,0.810810810811,0.834683590768,1.47063299326,0.700128700129,0.508191163105,0.400065383721,2,1.45,0.604805318829,2,0,0,0,0,0.0481481481481,37,20,20,0.540540540541,0,0.351351351351,0.027027027027,0.216216216216,37,105,0.0788288288288,1.58434212184,5.67567567568,9.54545454545,3.38709677419,5.64729066827,0.994998832028,0.479794079794,6.20713529162,2.18727624562,0.838095238095,2.26707733429,0.798874870177,0.431402831403,0.985916266391,0.622287479957,3,1.60057384745,0.994875027898,3,0.121145385412,0.113262342691,39,0.00501930501931,0.273591779837,37,36,36,0.972972972973,0,0.675675675676,0.162162162162,0.135135135135,-111,-0.0833333333333,0.260017797518,-6,-12.0545454545,-2.61290322581,-2.55180838134,0.292761181946,0.169734019734,-4.12220133738,0.417899137875,0.07282997283,-0.819754136417,0.270112071955,0.17865007865,0.405971151457,0.184369740109,1,0.276249523125,0.414929912964,1,0.108975259242,0.107289646445,32,0.0041184041184,-0.347604801359,-0.0540540540541,-0.0810810810811,0.108108108108,96,9,120,1107,0.444444444444,0.991935483871,0.00806451612903,0.555555555556,0.914285714286,0.444444444444,0.598130841121,0.59690718781,0.436379928315,0.426666666667,84,195,0,0,0,0
120,WLNM_dir_neg,0.820539119001,0.729960979965,00:00:10,10,10,14,1231466238,threshold_sweep,0.3,0.890243902439,0.374358974359,0.527075812274,73,9,122,381,0.374358974359,0.976923076923,0.0230769230769,0.625641025641,0.890243902439,0.374358974359,0.527075812274,0.776068376068,0.619943019943,0.410794602699,0.476995904953,0.351282051282,216,21,195,0,216,0,21,0,195,37,216,0.162162162162,1.32432432432,11.6756756757,21.6,6,8.1990990496,0.702237650082,0.31006006006,10.329336629,1.76937710775,0.765265265265,3.0868314707,0.528762798222,0.252752752753,0.579945114934,0.437917739848,2,1.32432432432,0.579945114934,2,0.0121701261701,0.00597269624573,7,0.000900900900901,0.621196581197,37,37,37,1,0,0.72972972973,0.243243243243,0.027027027027,37,0.0157657657658,1.27027027027,1.13513513514,2.33333333333,1.5,1.18232732266,1.04157406996,0.555984555985,1.11904077328,1.9716432672,0.810810810811,0.834683590768,1.47063299326,0.700128700129,0.508191163105,0.400065383721,2,1.45,0.604805318829,2,0,0,0,0,0.0481481481481,37,20,20,0.540540540541,0,0.351351351351,0.027027027027,0.216216216216,37,103,0.0773273273273,1.58596137346,5.56756756757,9.36363636364,3.32258064516,5.53042363527,0.993328517015,0.478089740226,6.07881172204,2.18365081277,0.837575439517,2.20019109189,0.790359906796,0.427184466019,0.987587265125,0.622705749113,3,1.60223807828,0.996550358172,3,0.125450658943,0.115267947422,38,0.0048906048906,0.267637849599,37,36,36,0.972972972973,0,0.675675675676,0.162162162162,0.135135135135,-113,-0.0848348348348,0.261637049137,-6.10810810811,-12.2363636364,-2.67741935484,-2.66867541433,0.291090866933,0.168029680166,-4.25052490696,0.414273705025,0.0723101742519,-0.886640378812,0.261597108574,0.174431713267,0.407642150191,0.184788009264,1,0.277913753955,0.416605243238,1,0.113280532772,0.109295251176,31,0.0039897039897,-0.353558731598,-0.0540540540541,-0.0810810810811,0.108108108108,94,9,122,1107,0.435185185185,0.991935483871,0.00806451612903,0.564814814815,0.912621359223,0.435185185185,0.58934169279,0.589406617077,0.427120669056,0.417777777778,82,195,0,0,0,0
121,WLNM_dir_neg,0.820539119001,0.729960979965,00:00:10,10,10,14,1231466238,threshold_sweep,0.4,0.8875,0.364102564103,0.516363636364,71,9,124,381,0.364102564103,0.976923076923,0.0230769230769,0.635897435897,0.8875,0.364102564103,0.516363636364,0.77264957265,0.621082621083,0.4,0.467892367246,0.341025641026,216,21,195,0,216,0,21,0,195,37,216,0.162162162162,1.32432432432,11.6756756757,21.6,6,8.1990990496,0.702237650082,0.31006006006,10.329336629,1.76937710775,0.765265265265,3.0868314707,0.528762798222,0.252752752753,0.579945114934,0.437917739848,2,1.32432432432,0.579945114934,2,0.0121701261701,0.00597269624573,7,0.000900900900901,0.621196581197,37,37,37,1,0,0.72972972973,0.243243243243,0.027027027027,37,0.0157657657658,1.27027027027,1.13513513514,2.33333333333,1.5,1.18232732266,1.04157406996,0.555984555985,1.11904077328,1.9716432672,0.810810810811,0.834683590768,1.47063299326,0.700128700129,0.508191163105,0.400065383721,2,1.45,0.604805318829,2,0,0,0,0,0.0481481481481,37,20,20,0.540540540541,0,0.351351351351,0.027027027027,0.216216216216,37,101,0.0758258258258,1.73157587533,5.45945945946,9.18181818182,3.25806451613,5.47516917341,1.00287752186,0.478191062349,6.0582755552,2.2193682727,0.841316564089,2.1297971819,0.780222730004,0.423334225314,1.28226134451,0.740516983851,4,1.75189742742,1.29439362067,4,0.118193332935,0.106029106029,34,0.0043758043758,0.253993128049,37,36,36,0.972972972973,0,0.675675675676,0.162162162162,0.135135135135,-115,-0.0863363363363,0.407251551002,-6.21621621622,-12.4181818182,-2.74193548387,-2.72392987619,0.300639871781,0.168131002289,-4.2710610738,0.449991164951,0.0760512988236,-0.957034288802,0.251459931781,0.170581472562,0.702316229571,0.302599244003,2,0.427573103094,0.71444850574,2,0.106023206765,0.100056409783,27,0.0034749034749,-0.367203453148,-0.0540540540541,-0.0810810810811,0.108108108108,92,9,124,1107,0.425925925926,0.991935483871,0.00806451612903,0.574074074074,0.910891089109,0.425925925926,0.580441640379,0.581837253717,0.417861409797,0.408888888889,80,195,0,0,0,0
122,WLNM_dir_neg,0.820539119001,0.729960979965,00:00:10,10,10,14,1231466238,threshold_sweep,0.5,0.883116883117,0.348717948718,0.5,68,9,127,381,0.348717948718,0.976923076923,0.0230769230769,0.651282051282,0.883116883117,0.348717948718,0.5,0.767521367521,0.622792022792,0.383685800604,0.454058180379,0.325641025641,216,21,195,0,216,0,21,0,195,37,216,0.162162162162,1.32432432432,11.6756756757,21.6,6,8.1990990496,0.702237650082,0.31006006006,10.329336629,1.76937710775,0.765265265265,3.0868314707,0.528762798222,0.252752752753,0.579945114934,0.437917739848,2,1.32432432432,0.579945114934,2,0.0121701261701,0.00597269624573,7,0.000900900900901,0.621196581197,37,37,37,1,0,0.72972972973,0.243243243243,0.027027027027,37,0.0157657657658,1.27027027027,1.13513513514,2.33333333333,1.5,1.18232732266,1.04157406996,0.555984555985,1.11904077328,1.9716432672,0.810810810811,0.834683590768,1.47063299326,0.700128700129,0.508191163105,0.400065383721,2,1.45,0.604805318829,2,0,0,0,0,0.0481481481481,37,20,20,0.540540540541,0,0.351351351351,0.027027027027,0.216216216216,37,98,0.0735735735736,1.73467715207,5.2972972973,8.90909090909,3.16129032258,5.26975049412,0.994799838176,0.475455046884,5.83674289031,2.2036682341,0.840044125758,2.03054749344,0.766635278136,0.417539988969,1.28489677033,0.740712338778,4,1.75508485074,1.29702743651,4,0.120168418538,0.107502799552,32,0.0041184041184,0.243766432801,37,36,36,0.972972972973,0,0.675675675676,0.162162162162,0.135135135135,-118,-0.0885885885886,0.410352827744,-6.37837837838,-12.6909090909,-2.83870967742,-2.92934855549,0.292562188094,0.165394986824,-4.49259373869,0.434291126351,0.0747788604931,-1.05628397726,0.237872479914,0.164787236216,0.704951655399,0.30279459893,2,0.430760526413,0.717082321577,2,0.107998292368,0.101530103306,25,0.0032175032175,-0.377430148396,-0.0540540540541,-0.0810810810811,0.108108108108,89,9,127,1107,0.412037037037,0.991935483871,0.00806451612903,0.587962962963,0.908163265306,0.412037037037,0.566878980892,0.57034833707,0.403972520908,0.395555555556,77,195,0,0,0,0
123,WLNM_dir_neg,0.820539119001,0.729960979965,00:00:10,10,10,14,1231466238,threshold_sweep,0.6,0.906666666667,0.348717948718,0.503703703704,68,7,127,383,0.348717948718,0.982051282051,0.0179487179487,0.651282051282,0.906666666667,0.348717948718,0.503703703704,0.77094017094,0.623931623932,0.390909090909,0.46640048431,0.330769230769,216,21,195,0,216,0,21,0,195,37,216,0.162162162162,1.32432432432,11.6756756757,21.6,6,8.1990990496,0.702237650082,0.31006006006,10.329336629,1.76937710775,0.765265265265,3.0868314707,0.528762798222,0.252752752753,0.579945114934,0.437917739848,2,1.32432432432,0.579945114934,2,0.0121701261701,0.00597269624573,7,0.000900900900901,0.621196581197,37,37,37,1,0,0.72972972973,0.243243243243,0.027027027027,37,0.0157657657658,1.27027027027,1.13513513514,2.33333333333,1.5,1.18232732266,1.04157406996,0.555984555985,1.11904077328,1.9716432672,0.810810810811,0.834683590768,1.47063299326,0.700128700129,0.508191163105,0.400065383721,2,1.45,0.604805318829,2,0,0,0,0,0.0481481481481,37,20,20,0.540540540541,0,0.351351351351,0.027027027027,0.216216216216,37,96,0.0720720720721,1.29461842505,5.18918918919,10.6666666667,3.09677419355,5.22195066702,1.00631340979,0.473254504505,5.85690219342,2.25734772038,0.847972972973,1.9643978362,0.757111666035,0.413288288288,0.550163395632,0.424961814991,2,1.30280227019,0.555678743268,2,0.120168418538,0.107502799552,32,0.0041184041184,0.251985818566,37,36,36,0.972972972973,0,0.72972972973,0.108108108108,0.135135135135,-120,-0.0900900900901,-0.0297058992711,-6.48648648649,-10.9333333333,-2.90322580645,-2.97714838259,0.304075759708,0.163194444444,-4.47243443558,0.487970612636,0.0827077077077,-1.12243363451,0.228348867812,0.160535535536,-0.0297817193025,-0.012955924857,0,-0.0215220541307,-0.0242663716661,0,0.107998292368,0.101530103306,25,0.0032175032175,-0.36921076263,0,-0.135135135135,0.108108108108,89,7,127,1109,0.412037037037,0.993727598566,0.00627240143369,0.587962962963,0.927083333333,0.412037037037,0.570512820513,0.578346769963,0.405764635603,0.399103139013,75,195,0,0,0,0
124,WLNM_dir_neg,0.820539119001,0.729960979965,00:00:10,10,10,14,1231466238,threshold_sweep,0.7,0.9,0.323076923077,0.475471698113,63,7,132,383,0.323076923077,0.982051282051,0.0179487179487,0.676923076923,0.9,0.323076923077,0.475471698113,0.762393162393,0.626780626781,0.363358778626,0.443179159021,0.305128205128,216,21,195,0,216,0,21,0,195,37,216,0.162162162162,1.32432432432,11.6756756757,21.6,6,8.1990990496,0.702237650082,0.31006006006,10.329336629,1.76937710775,0.765265265265,3.0868314707,0.528762798222,0.252752752753,0.579945114934,0.437917739848,2,1.32432432432,0.579945114934,2,0.0121701261701,0.00597269624573,7,0.000900900900901,0.621196581197,37,37,37,1,0,0.72972972973,0.243243243243,0.027027027027,37,0.0157657657658,1.27027027027,1.13513513514,2.33333333333,1.5,1.18232732266,1.04157406996,0.555984555985,1.11904077328,1.9716432672,0.810810810811,0.834683590768,1.47063299326,0.700128700129,0.508191163105,0.400065383721,2,1.45,0.604805318829,2,0,0,0,0,0.0481481481481,37,20,20,0.540540540541,0,0.351351351351,0.027027027027,0.216216216216,37,91,0.0683183183183,1.29537442581,4.91891891892,10.1111111111,2.93548387097,5.10108037782,1.03703282406,0.472527472527,5.69890142725,2.31713574514,0.853578853579,1.80423259456,0.733589076907,0.401544401544,0.551394731561,0.425664364353,2,1.30357927097,0.556920918903,2,0.122941686936,0.101818181818,28,0.0036036036036,0.216038184889,37,36,36,0.972972972973,0,0.72972972973,0.108108108108,0.135135135135,-125,-0.0938438438438,-0.0289498985151,-6.75675675676,-11.4888888889,-3.06451612903,-3.09801867178,0.334795173981,0.162467412467,-4.63043520175,0.547758637399,0.0883135883136,-1.28259887615,0.204826278685,0.148791648792,-0.0285503833733,-0.0122533754955,0,-0.0207450533537,-0.0230241960315,0,0.110771560766,0.0958454855724,21,0.0027027027027,-0.405158396308,0,-0.135135135135,0.108108108108,84,7,132,1109,0.388888888889,0.993727598566,0.00627240143369,0.611111111111,0.923076923077,0.388888888889,0.547231270358,0.559005481338,0.382616487455,0.37668161435,70,195,0,0,0,0
125,WLNM_dir_neg,0.820539119001,0.729960979965,00:00:10,10,10,14,1231466238,threshold_sweep,0.8,0.893939393939,0.302564102564,0.452107279693,59,7,136,383,0.302564102564,0.982051282051,0.0179487179487,0.697435897436,0.893939393939,0.302564102564,0.452107279693,0.755555555556,0.62905982906,0.341013824885,0.424084436213,0.284615384615,216,21,195,0,216,0,21,0,195,37,216,0.162162162162,1.32432432432,11.6756756757,21.6,6,8.1990990496,0.702237650082,0.31006006006,10.329336629,1.76937710775,0.765265265265,3.0868314707,0.528762798222,0.252752752753,0.579945114934,0.437917739848,2,1.32432432432,0.579945114934,2,0.0121701261701,0.00597269624573,7,0.000900900900901,0.621196581197,37,37,37,1,0,0.72972972973,0.243243243243,0.027027027027,37,0.0157657657658,1.27027027027,1.13513513514,2.33333333333,1.5,1.18232732266,1.04157406996,0.555984555985,1.11904077328,1.9716432672,0.810810810811,0.834683590768,1.47063299326,0.700128700129,0.508191163105,0.400065383721,2,1.45,0.604805318829,2,0,0,0,0,0.0481481481481,37,20,20,0.540540540541,0,0.351351351351,0.027027027027,0.216216216216,37,87,0.0653153153153,1.29605762788,4.7027027027,9.66666666667,2.8064516129,4.95459867679,1.05356408644,0.469400434918,5.51370119801,2.34490740605,0.856787822305,1.67026638288,0.71034317433,0.388940664803,0.552522405663,0.426310060432,2,1.30428145087,0.558058662323,2,0.133942793318,0.098167539267,25,0.0032175032175,0.193008577158,37,36,36,0.972972972973,0,0.72972972973,0.108108108108,0.135135135135,-129,-0.0968468468468,-0.0282666964485,-6.97297297297,-11.9333333333,-3.1935483871,-3.24450037281,0.351326436362,0.159340374858,-4.81563543099,0.575530298304,0.0915225570398,-1.41656508782,0.181580376107,0.13618791205,-0.0274227092715,-0.0116076794166,0,-0.020042873452,-0.0218864526111,0,0.121772667148,0.0921948430213,18,0.0023166023166,-0.428188004039,0,-0.135135135135,0.108108108108,80,7,136,1109,0.37037037037,0.993727598566,0.00627240143369,0.62962962963,0.919540229885,0.37037037037,0.528052805281,0.543166437874,0.364097968937,0.358744394619,66,195,0,0,0,0
126,WLNM_dir_neg,0.820539119001,0.729960979965,00:00:10,10,10,14,1231466238,threshold_sweep,0.9,0.885245901639,0.276923076923,0.421875,54,7,141,383,0.276923076923,0.982051282051,0.0179487179487,0.723076923077,0.885245901639,0.276923076923,0.421875,0.747008547009,0.631908831909,0.312693498452,0.39946231538,0.258974358974,216,21,195,0,216,0,21,0,195,37,216,0.162162162162,1.32432432432,11.6756756757,21.6,6,8.1990990496,0.702237650082,0.31006006006,10.329336629,1.76937710775,0.765265265265,3.0868314707,0.528762798222,0.252752752753,0.579945114934,0.437917739848,2,1.32432432432,0.579945114934,2,0.0121701261701,0.00597269624573,7,0.000900900900901,0.621196581197,37,37,37,1,0,0.72972972973,0.243243243243,0.027027027027,37,0.0157657657658,1.27027027027,1.13513513514,2.33333333333,1.5,1.18232732266,1.04157406996,0.555984555985,1.11904077328,1.9716432672,0.810810810811,0.834683590768,1.47063299326,0.700128700129,0.508191163105,0.400065383721,2,1.45,0.604805318829,2,0,0,0,0,0.0481481481481,37,20,20,0.540540540541,0,0.351351351351,0.027027027027,0.216216216216,37,82,0.0615615615616,1.29761904762,4.43243243243,9.11111111111,2.64516129032,4.74072510007,1.06955383355,0.467369808833,5.2394610364,2.36414705301,0.858932102835,1.54802984351,0.698501270852,0.378378378378,0.55518917943,0.427852211671,2,1.30588624339,0.560750092694,2,0.132714160839,0.0918367346939,21,0.0027027027027,0.173919061123,37,36,36,0.972972972973,0,0.72972972973,0.108108108108,0.135135135135,-134,-0.100600600601,-0.0267052767053,-7.24324324324,-12.4888888889,-3.35483870968,-3.45837394953,0.367316183471,0.157309748773,-5.0898755926,0.594769945264,0.0936668375693,-1.53880162719,0.169738472629,0.125625625626,-0.0247559355048,-0.0100655281779,0,-0.0184380809381,-0.0191950222404,0,0.120544034669,0.0858640384481,14,0.0018018018018,-0.447277520073,0,-0.135135135135,0.108108108108,75,7,141,1109,0.347222222222,0.993727598566,0.00627240143369,0.652777777778,0.914634146341,0.347222222222,0.503355704698,0.522862513953,0.340949820789,0.336322869955,61,195,0,0,0,0
127,WLNM_dir_neg,0.857646285339,0.766035772961,00:00:08,10,10,15,1231466239,threshold_sweep,0.1,0.801418439716,0.579487179487,0.672619047619,113,28,82,362,0.579487179487,0.928205128205,0.0717948717949,0.420512820513,0.801418439716,0.579487179487,0.672619047619,0.811965811966,0.586324786325,0.545454545455,0.559563207622,0.507692307692,216,21,195,0,216,0,21,0,195,37,216,0.162162162162,1.32432432432,11.6756756757,21.6,6,8.1990990496,0.702237650082,0.31006006006,10.329336629,1.76937710775,0.765265265265,3.0868314707,0.528762798222,0.252752752753,0.579945114934,0.437917739848,2,1.32432432432,0.579945114934,2,0.0121701261701,0.00597269624573,7,0.000900900900901,0.621196581197,37,37,37,1,0,0.72972972973,0.243243243243,0.027027027027,37,0.0157657657658,1.27027027027,1.13513513514,2.33333333333,1.5,1.33670744248,1.17757560409,0.589446589447,1.23694382655,2.1793772182,0.836550836551,0.834683590768,1.47063299326,0.700128700129,0.508191163105,0.400065383721,2,1.45,0.604805318829,2,0,0,0,0,0.0477513227513,37,20,20,0.540540540541,0,0.351351351351,0.027027027027,0.216216216216,37,162,0.121621621622,2.33636647115,8.75675675676,7.71428571429,4.62857142857,7.44761485087,0.850499226797,0.42992992993,7.80438392241,1.78248274771,0.761428094761,3.28592411618,0.75048884135,0.384050717384,1.29136706043,0.552724530322,4,2.4127302695,1.28633987277,4,0.479562683137,0.269833948339,195,0.0250965250965,0.23577134666,37,35,35,0.945945945946,0,0.378378378378,0.567567567568,0,-54,-0.0405405405405,1.01204214682,-2.91891891892,-13.8857142857,-1.37142857143,-0.75148419873,0.148261576716,0.11986986987,-2.52495270659,0.0131056399661,-0.00383717050384,0.199092645477,0.221726043127,0.131297964631,0.711421945491,0.114806790473,2,1.08840594517,0.706394757832,2,0.467392556967,0.263861252094,188,0.0241956241956,-0.385425234537,-0.351351351351,0.324324324324,-0.027027027027,134,28,82,1088,0.62037037037,0.974910394265,0.0250896057348,0.37962962963,0.827160493827,0.62037037037,0.708994708995,0.671321233851,0.595280764636,0.549180327869,141,195,0,0,0,0
128,WLNM_dir_neg,0.857646285339,0.766035772961,00:00:08,10,10,15,1231466239,threshold_sweep,0.2,0.795620437956,0.558974358974,0.656626506024,109,28,86,362,0.558974358974,0.928205128205,0.0717948717949,0.441025641026,0.795620437956,0.558974358974,0.656626506024,0.805128205128,0.588603988604,0.526315789474,0.542299635517,0.487179487179,216,21,195,0,216,0,21,0,195,37,216,0.162162162162,1.32432432432,11.6756756757,21.6,6,8.1990990496,0.702237650082,0.31006006006,10.329336629,1.76937710775,0.765265265265,3.0868314707,0.528762798222,0.252752752753,0.579945114934,0.437917739848,2,1.32432432432,0.579945114934,2,0.0121701261701,0.00597269624573,7,0.000900900900901,0.621196581197,37,37,37,1,0,0.72972972973,0.243243243243,0.027027027027,37,0.0157657657658,1.27027027027,1.13513513514,2.33333333333,1.5,1.33670744248,1.17757560409,0.589446589447,1.23694382655,2.1793772182,0.836550836551,0.834683590768,1.47063299326,0.700128700129,0.508191163105,0.400065383721,2,1.45,0.604805318829,2,0,0,0,0,0.0477513227513,37,20,20,0.540540540541,0,0.351351351351,0.027027027027,0.216216216216,37,158,0.118618618619,2.34794344674,8.54054054054,7.52380952381,4.51428571429,7.41093259461,0.867735778483,0.433629832364,7.73034658073,1.81027103473,0.765309613411,3.13270072203,0.733607131109,0.379404721177,1.30374209594,0.555269803348,4,2.42496878655,1.29874611048,4,0.481113415512,0.265169612996,185,0.0238095238095,0.22705835338,37,35,35,0.945945945946,0,0.378378378378,0.567567567568,0,-58,-0.0435435435435,1.02361912241,-3.13513513514,-14.0761904762,-1.48571428571,-0.78816645499,0.165498128401,0.123569772304,-2.59899004827,0.0408939269834,4.43481456138e-05,0.0458692513271,0.204844332886,0.126651968424,0.723796981005,0.117352063499,2,1.10064446222,0.718800995549,2,0.468943289342,0.25919691675,178,0.0229086229086,-0.394138227816,-0.351351351351,0.324324324324,-0.027027027027,130,28,86,1088,0.601851851852,0.974910394265,0.0250896057348,0.398148148148,0.822784810127,0.601851851852,0.695187165775,0.657496136774,0.576762246117,0.532786885246,137,195,0,0,0,0
129,WLNM_dir_neg,0.857646285339,0.766035772961,00:00:08,10,10,15,1231466239,threshold_sweep,0.3,0.792592592593,0.548717948718,0.648484848485,107,28,88,362,0.548717948718,0.928205128205,0.0717948717949,0.451282051282,0.792592592593,0.548717948718,0.648484848485,0.801709401709,0.589743589744,0.516666666667,0.533611038811,0.476923076923,216,21,195,0,216,0,21,0,195,37,216,0.162162162162,1.32432432432,11.6756756757,21.6,6,8.1990990496,0.702237650082,0.31006006006,10.329336629,1.76937710775,0.765265265265,3.0868314707,0.528762798222,0.252752752753,0.579945114934,0.437917739848,2,1.32432432432,0.579945114934,2,0.0121701261701,0.00597269624573,7,0.000900900900901,0.621196581197,37,37,37,1,0,0.72972972973,0.243243243243,0.027027027027,37,0.0157657657658,1.27027027027,1.13513513514,2.33333333333,1.5,1.33670744248,1.17757560409,0.589446589447,1.23694382655,2.1793772182,0.836550836551,0.834683590768,1.47063299326,0.700128700129,0.508191163105,0.400065383721,2,1.45,0.604805318829,2,0,0,0,0,0.0477513227513,37,20,20,0.540540540541,0,0.351351351351,0.027027027027,0.216216216216,37,156,0.117117117117,2.33889345634,8.43243243243,7.42857142857,4.45714285714,7.37691798239,0.874826812014,0.433471933472,7.68163442944,1.82192611467,0.766112266112,3.09242025977,0.733458651357,0.378378378378,1.29520039012,0.553766306289,4,2.41540165384,1.29025124999,4,0.485477352229,0.262901655307,180,0.023166023166,0.224680193621,37,35,35,0.945945945946,0,0.378378378378,0.567567567568,0,-60,-0.045045045045,1.01456913201,-3.24324324324,-14.1714285714,-1.54285714286,-0.822181067214,0.172589161932,0.123411873412,-2.64770219956,0.0525490069288,0.000847000847001,0.0055887890704,0.204695853134,0.125625625626,0.715255275185,0.115848566441,2,1.09107732952,0.710306135057,2,0.473307226059,0.256928959061,173,0.0222651222651,-0.396516387576,-0.351351351351,0.324324324324,-0.027027027027,128,28,88,1088,0.592592592593,0.974910394265,0.0250896057348,0.407407407407,0.820512820513,0.592592592593,0.688172043011,0.650520765614,0.567502986858,0.524590163934,135,195,0,0,0,0
130,WLNM_dir_neg,0.857646285339,0.766035772961,00:00:08,10,10,15,1231466239,threshold_sweep,0.4,0.791044776119,0.54358974359,0.644376899696,106,28,89,362,0.54358974359,0.928205128205,0.0717948717949,0.45641025641,0.791044776119,0.54358974359,0.644376899696,0.8,0.590313390313,0.511821974965,0.529251570059,0.471794871795,216,21,195,0,216,0,21,0,195,37,216,0.162162162162,1.32432432432,11.6756756757,21.6,6,8.1990990496,0.702237650082,0.31006006006,10.329336629,1.76937710775,0.765265265265,3.0868314707,0.528762798222,0.252752752753,0.579945114934,0.437917739848,2,1.32432432432,0.579945114934,2,0.0121701261701,0.00597269624573,7,0.000900900900901,0.621196581197,37,37,37,1,0,0.72972972973,0.243243243243,0.027027027027,37,0.0157657657658,1.27027027027,1.13513513514,2.33333333333,1.5,1.33670744248,1.17757560409,0.589446589447,1.23694382655,2.1793772182,0.836550836551,0.834683590768,1.47063299326,0.700128700129,0.508191163105,0.400065383721,2,1.45,0.604805318829,2,0,0,0,0,0.0477513227513,37,20,20,0.540540540541,0,0.351351351351,0.027027027027,0.216216216216,37,155,0.116366366366,2.34397015145,8.37837837838,7.38095238095,4.42857142857,7.34979724343,0.877233864538,0.433827375763,7.65157150829,1.8265041665,0.766172624237,3.07171538972,0.733248189804,0.377332170881,1.30041806465,0.554792928504,4,2.42076844582,1.29546943997,4,0.483873280765,0.261447562777,177,0.0227799227799,0.223754655315,37,35,35,0.945945945946,0,0.378378378378,0.567567567568,0,-61,-0.0457957957958,1.01964582713,-3.2972972973,-14.219047619,-1.57142857143,-0.849301806175,0.174996214456,0.123767315703,-2.67776512071,0.0571270587508,0.000907358971875,-0.0151160809852,0.204485391581,0.124579418128,0.720472949716,0.116875188656,2,1.0964441215,0.715524325038,2,0.471703154595,0.255474866531,170,0.021879021879,-0.397441925882,-0.351351351351,0.324324324324,-0.027027027027,127,28,89,1088,0.587962962963,0.974910394265,0.0250896057348,0.412037037037,0.81935483871,0.587962962963,0.684636118598,0.647016840854,0.562873357228,0.520491803279,134,195,0,0,0,0
131,WLNM_dir_neg,0.857646285339,0.766035772961,00:00:08,10,10,15,1231466239,threshold_sweep,0.5,0.861788617886,0.54358974359,0.666666666667,106,17,89,373,0.54358974359,0.95641025641,0.0435897435897,0.45641025641,0.861788617886,0.54358974359,0.666666666667,0.818803418803,0.596581196581,0.550847457627,0.578423687813,0.5,216,21,195,0,216,0,21,0,195,37,216,0.162162162162,1.32432432432,11.6756756757,21.6,6,8.1990990496,0.702237650082,0.31006006006,10.329336629,1.76937710775,0.765265265265,3.0868314707,0.528762798222,0.252752752753,0.579945114934,0.437917739848,2,1.32432432432,0.579945114934,2,0.0121701261701,0.00597269624573,7,0.000900900900901,0.621196581197,37,37,37,1,0,0.72972972973,0.243243243243,0.027027027027,37,0.0157657657658,1.27027027027,1.13513513514,2.33333333333,1.5,1.33670744248,1.17757560409,0.589446589447,1.23694382655,2.1793772182,0.836550836551,0.834683590768,1.47063299326,0.700128700129,0.508191163105,0.400065383721,2,1.45,0.604805318829,2,0,0,0,0,0.0477513227513,37,20,20,0.540540540541,0,0.351351351351,0.027027027027,0.216216216216,37,144,0.108108108108,1,7.78378378378,11.0769230769,4.11428571429,7.31867905179,0.940246961514,0.446509009009,7.78097317458,1.99927782958,0.811186186186,2.42422706793,0.622891677176,0.340840840841,0,0,0,NaN,NaN,NaN,0.454087309766,0.213132400431,132,0.0169884169884,0.225224620834,37,35,0,0.945945945946,2,0.594594594595,0.351351351351,0,-72,-0.0540540540541,-0.324324324324,-3.89189189189,-10.5230769231,-1.88571428571,-0.880419997818,0.238009311432,0.136448948949,-2.54836345442,0.229900721834,0.0459209209209,-0.662604402776,0.0941288789536,0.0880880880881,-0.579945114934,-0.437917739848,-2,NaN,NaN,NaN,0.441917183596,0.207159704185,125,0.0160875160875,-0.395971960362,-0.135135135135,0.108108108108,-0.027027027027,127,17,89,1099,0.587962962963,0.98476702509,0.0152329749104,0.412037037037,0.881944444444,0.587962962963,0.705555555556,0.679859905878,0.572729988053,0.545064377682,123,195,0,0,0,0
132,WLNM_dir_neg,0.857646285339,0.766035772961,00:00:08,10,10,15,1231466239,threshold_sweep,0.6,0.871287128713,0.451282051282,0.594594594595,88,13,107,377,0.451282051282,0.966666666667,0.0333333333333,0.548717948718,0.871287128713,0.451282051282,0.594594594595,0.794871794872,0.609116809117,0.475218658892,0.521301817232,0.417948717949,216,21,195,0,216,0,21,0,195,37,216,0.162162162162,1.32432432432,11.6756756757,21.6,6,8.1990990496,0.702237650082,0.31006006006,10.329336629,1.76937710775,0.765265265265,3.0868314707,0.528762798222,0.252752752753,0.579945114934,0.437917739848,2,1.32432432432,0.579945114934,2,0.0121701261701,0.00597269624573,7,0.000900900900901,0.621196581197,37,37,37,1,0,0.72972972973,0.243243243243,0.027027027027,37,0.0157657657658,1.27027027027,1.13513513514,2.33333333333,1.5,1.33670744248,1.17757560409,0.589446589447,1.23694382655,2.1793772182,0.836550836551,0.834683590768,1.47063299326,0.700128700129,0.508191163105,0.400065383721,2,1.45,0.604805318829,2,0,0,0,0,0.0477513227513,37,20,20,0.540540540541,0,0.351351351351,0.027027027027,0.216216216216,37,122,0.0915915915916,1,6.59459459459,9.38461538462,3.93548387097,6.60159685842,1.00106181869,0.470757642889,6.97162847573,2.114346341,0.822330527249,2.78752045199,0.845395546915,0.455914931325,0,0,0,NaN,NaN,NaN,0.559851948442,0.19381443299,94,0.0120978120978,0.233971962641,37,35,0,0.945945945946,2,0.594594594595,0.243243243243,0.108108108108,-94,-0.0705705705706,-0.324324324324,-5.08108108108,-12.2153846154,-2.06451612903,-1.59750219119,0.298824168613,0.160697582829,-3.35770815327,0.344969233255,0.0570652619833,-0.299311018713,0.316632748693,0.203162178572,-0.579945114934,-0.437917739848,-2,NaN,NaN,NaN,0.547681822272,0.187841736744,87,0.0111969111969,-0.387224618555,-0.135135135135,0,0.0810810810811,109,13,107,1103,0.50462962963,0.98835125448,0.0116487455197,0.49537037037,0.893442622951,0.50462962963,0.644970414201,0.629965044116,0.49298088411,0.475982532751,101,195,0,0,0,0
133,WLNM_dir_neg,0.857646285339,0.766035772961,00:00:08,10,10,15,1231466239,threshold_sweep,0.7,0.871287128713,0.451282051282,0.594594594595,88,13,107,377,0.451282051282,0.966666666667,0.0333333333333,0.548717948718,0.871287128713,0.451282051282,0.594594594595,0.794871794872,0.609116809117,0.475218658892,0.521301817232,0.417948717949,216,21,195,0,216,0,21,0,195,37,216,0.162162162162,1.32432432432,11.6756756757,21.6,6,8.1990990496,0.702237650082,0.31006006006,10.329336629,1.76937710775,0.765265265265,3.0868314707,0.528762798222,0.252752752753,0.579945114934,0.437917739848,2,1.32432432432,0.579945114934,2,0.0121701261701,0.00597269624573,7,0.000900900900901,0.621196581197,37,37,37,1,0,0.72972972973,0.243243243243,0.027027027027,37,0.0157657657658,1.27027027027,1.13513513514,2.33333333333,1.5,1.33670744248,1.17757560409,0.589446589447,1.23694382655,2.1793772182,0.836550836551,0.834683590768,1.47063299326,0.700128700129,0.508191163105,0.400065383721,2,1.45,0.604805318829,2,0,0,0,0,0.0477513227513,37,20,20,0.540540540541,0,0.351351351351,0.027027027027,0.216216216216,37,122,0.0915915915916,1,6.59459459459,9.38461538462,3.93548387097,6.60159685842,1.00106181869,0.470757642889,6.97162847573,2.114346341,0.822330527249,2.78752045199,0.845395546915,0.455914931325,0,0,0,NaN,NaN,NaN,0.559851948442,0.19381443299,94,0.0120978120978,0.233971962641,37,35,0,0.945945945946,2,0.594594594595,0.243243243243,0.108108108108,-94,-0.0705705705706,-0.324324324324,-5.08108108108,-12.2153846154,-2.06451612903,-1.59750219119,0.298824168613,0.160697582829,-3.35770815327,0.344969233255,0.0570652619833,-0.299311018713,0.316632748693,0.203162178572,-0.579945114934,-0.437917739848,-2,NaN,NaN,NaN,0.547681822272,0.187841736744,87,0.0111969111969,-0.387224618555,-0.135135135135,0,0.0810810810811,109,13,107,1103,0.50462962963,0.98835125448,0.0116487455197,0.49537037037,0.893442622951,0.50462962963,0.644970414201,0.629965044116,0.49298088411,0.475982532751,101,195,0,0,0,0
134,WLNM_dir_neg,0.857646285339,0.766035772961,00:00:08,10,10,15,1231466239,threshold_sweep,0.8,0.867346938776,0.435897435897,0.580204778157,85,13,110,377,0.435897435897,0.966666666667,0.0333333333333,0.564102564103,0.867346938776,0.435897435897,0.580204778157,0.789743589744,0.610826210826,0.459736456808,0.508167792467,0.402564102564,216,21,195,0,216,0,21,0,195,37,216,0.162162162162,1.32432432432,11.6756756757,21.6,6,8.1990990496,0.702237650082,0.31006006006,10.329336629,1.76937710775,0.765265265265,3.0868314707,0.528762798222,0.252752752753,0.579945114934,0.437917739848,2,1.32432432432,0.579945114934,2,0.0121701261701,0.00597269624573,7,0.000900900900901,0.621196581197,37,37,37,1,0,0.72972972973,0.243243243243,0.027027027027,37,0.0157657657658,1.27027027027,1.13513513514,2.33333333333,1.5,1.33670744248,1.17757560409,0.589446589447,1.23694382655,2.1793772182,0.836550836551,0.834683590768,1.47063299326,0.700128700129,0.508191163105,0.400065383721,2,1.45,0.604805318829,2,0,0,0,0,0.0477513227513,37,20,20,0.540540540541,0,0.351351351351,0.027027027027,0.216216216216,37,119,0.0893393393393,1,6.43243243243,9.15384615385,3.83870967742,6.47877106205,1.0072039046,0.468998410175,6.83184998183,2.12418864981,0.824437883261,2.67846489135,0.832800008234,0.451056098115,0,0,0,NaN,NaN,NaN,0.561508359607,0.196402877698,91,0.0117117117117,0.219701752549,37,35,0,0.945945945946,2,0.594594594595,0.243243243243,0.108108108108,-97,-0.0728228228228,-0.324324324324,-5.24324324324,-12.4461538462,-2.16129032258,-1.72032798755,0.304966254523,0.158938350115,-3.49748664717,0.354811542066,0.0591726179961,-0.408366579358,0.304037210011,0.198303345362,-0.579945114934,-0.437917739848,-2,NaN,NaN,NaN,0.549338233437,0.190430181452,84,0.0108108108108,-0.401494828648,-0.135135135135,0,0.0810810810811,106,13,110,1103,0.490740740741,0.98835125448,0.0116487455197,0.509259259259,0.890756302521,0.490740740741,0.632835820896,0.619118820653,0.479091995221,0.46288209607,98,195,0,0,0,0
135,WLNM_dir_neg,0.857646285339,0.766035772961,00:00:08,10,10,15,1231466239,threshold_sweep,0.9,0.867346938776,0.435897435897,0.580204778157,85,13,110,377,0.435897435897,0.966666666667,0.0333333333333,0.564102564103,0.867346938776,0.435897435897,0.580204778157,0.789743589744,0.610826210826,0.459736456808,0.508167792467,0.402564102564,216,21,195,0,216,0,21,0,195,37,216,0.162162162162,1.32432432432,11.6756756757,21.6,6,8.1990990496,0.702237650082,0.31006006006,10.329336629,1.76937710775,0.765265265265,3.0868314707,0.528762798222,0.252752752753,0.579945114934,0.437917739848,2,1.32432432432,0.579945114934,2,0.0121701261701,0.00597269624573,7,0.000900900900901,0.621196581197,37,37,37,1,0,0.72972972973,0.243243243243,0.027027027027,37,0.0157657657658,1.27027027027,1.13513513514,2.33333333333,1.5,1.33670744248,1.17757560409,0.589446589447,1.23694382655,2.1793772182,0.836550836551,0.834683590768,1.47063299326,0.700128700129,0.508191163105,0.400065383721,2,1.45,0.604805318829,2,0,0,0,0,0.0477513227513,37,20,20,0.540540540541,0,0.351351351351,0.027027027027,0.216216216216,37,119,0.0893393393393,1,6.43243243243,9.15384615385,3.83870967742,6.47877106205,1.0072039046,0.468998410175,6.83184998183,2.12418864981,0.824437883261,2.67846489135,0.832800008234,0.451056098115,0,0,0,NaN,NaN,NaN,0.561508359607,0.196402877698,91,0.0117117117117,0.219701752549,37,35,0,0.945945945946,2,0.594594594595,0.243243243243,0.108108108108,-97,-0.0728228228228,-0.324324324324,-5.24324324324,-12.4461538462,-2.16129032258,-1.72032798755,0.304966254523,0.158938350115,-3.49748664717,0.354811542066,0.0591726179961,-0.408366579358,0.304037210011,0.198303345362,-0.579945114934,-0.437917739848,-2,NaN,NaN,NaN,0.549338233437,0.190430181452,84,0.0108108108108,-0.401494828648,-0.135135135135,0,0.0810810810811,106,13,110,1103,0.490740740741,0.98835125448,0.0116487455197,0.509259259259,0.890756302521,0.490740740741,0.632835820896,0.619118820653,0.479091995221,0.46288209607,98,195,0,0,0,0
136,WLNM_dir_neg,0.80218277449,0.758960995663,00:00:08,10,10,16,1231466240,threshold_sweep,0.1,0.634020618557,0.630769230769,0.632390745501,123,71,72,319,0.630769230769,0.817948717949,0.182051282051,0.369230769231,0.634020618557,0.630769230769,0.632390745501,0.755555555556,0.556125356125,0.449293966624,0.449297298379,0.448717948718,216,21,195,0,216,0,21,0,195,37,216,0.162162162162,1.32432432432,11.6756756757,21.6,6,8.1990990496,0.702237650082,0.31006006006,10.329336629,1.76937710775,0.765265265265,3.0868314707,0.528762798222,0.252752752753,0.579945114934,0.437917739848,2,1.32432432432,0.579945114934,2,0.0121701261701,0.00597269624573,7,0.000900900900901,0.621196581197,37,37,37,1,0,0.72972972973,0.243243243243,0.027027027027,37,0.0157657657658,1.24324324324,1.13513513514,2.625,1.23529411765,1.20559257357,1.06206964815,0.543114543115,1.21427940544,2.13944466673,0.833976833977,0.688821075806,1.21363713356,0.607464607465,0.49471683289,0.397924409064,2,1.375,0.619139187367,2,0,0,0,0,0.0301020408163,37,16,16,0.432432432432,0,0.432432432432,0.027027027027,0.189189189189,37,215,0.161411411411,1,11.6216216216,6.14285714286,5.97222222222,7.72568354168,0.664768118703,0.358013827781,7.76329625667,1.33600912324,0.596103079824,5.5519658072,0.955454580774,0.462099308611,0,0,0,NaN,NaN,NaN,0.500780374582,0.376603543067,411,0.0528957528958,0.214358711279,37,37,0,1,2,0.0540540540541,0.918918918919,0.027027027027,-1,-0.000750750750751,-0.324324324324,-0.0540540540541,-15.4571428571,-0.0277777777778,-0.473415507924,-0.0374695313792,0.0479537677212,-2.56604037233,-0.433367984505,-0.169162185441,2.4651343365,0.426691782552,0.209346555858,-0.579945114934,-0.437917739848,-2,NaN,NaN,NaN,0.488610248412,0.370630846821,404,0.0519948519949,-0.406837869918,-0.675675675676,0.675675675676,0,144,71,72,1045,0.666666666667,0.936379928315,0.0636200716846,0.333333333333,0.66976744186,0.666666666667,0.668213457077,0.60417677406,0.603046594982,0.501742160279,194,195,0,0,0,0
137,WLNM_dir_neg,0.80218277449,0.758960995663,00:00:08,10,10,16,1231466240,threshold_sweep,0.2,0.840579710145,0.594871794872,0.696696696697,116,22,79,368,0.594871794872,0.94358974359,0.0564102564103,0.405128205128,0.840579710145,0.594871794872,0.696696696697,0.82735042735,0.588034188034,0.580912863071,0.597875823594,0.538461538462,216,21,195,0,216,0,21,0,195,37,216,0.162162162162,1.32432432432,11.6756756757,21.6,6,8.1990990496,0.702237650082,0.31006006006,10.329336629,1.76937710775,0.765265265265,3.0868314707,0.528762798222,0.252752752753,0.579945114934,0.437917739848,2,1.32432432432,0.579945114934,2,0.0121701261701,0.00597269624573,7,0.000900900900901,0.621196581197,37,37,37,1,0,0.72972972973,0.243243243243,0.027027027027,37,0.0157657657658,1.24324324324,1.13513513514,2.625,1.23529411765,1.20559257357,1.06206964815,0.543114543115,1.21427940544,2.13944466673,0.833976833977,0.688821075806,1.21363713356,0.607464607465,0.49471683289,0.397924409064,2,1.375,0.619139187367,2,0,0,0,0,0.0301020408163,37,16,16,0.432432432432,0,0.432432432432,0.027027027027,0.189189189189,37,159,0.119369369369,1.86929989332,8.59459459459,9.9375,4.41666666667,7.54048134132,0.877351602607,0.429202787693,8.34287741751,1.9414243047,0.8016318205,2.54803698805,0.592939424893,0.327044025157,1.08543583086,0.580664362489,3,1.89344711258,1.09070724716,3,0.296451216115,0.219178082192,160,0.020592020592,0.163168968976,37,36,36,0.972972972973,0,0.540540540541,0.432432432432,0,-57,-0.0427927927928,0.544975568998,-3.08108108108,-11.6625,-1.58333333333,-0.65861770828,0.175113952525,0.119142727633,-1.98645921149,0.172047196958,0.0363665552345,-0.53879448265,0.0641766266707,0.0742912724045,0.505490715921,0.14274662264,1,0.569122788256,0.510762132221,1,0.284281089945,0.213205385946,153,0.0196911196911,-0.45802761222,-0.189189189189,0.189189189189,-0.027027027027,137,22,79,1094,0.634259259259,0.980286738351,0.0197132616487,0.365740740741,0.861635220126,0.634259259259,0.730666666667,0.698659870788,0.614545997611,0.575630252101,138,195,0,0,0,0
138,WLNM_dir_neg,0.80218277449,0.758960995663,00:00:08,10,10,16,1231466240,threshold_sweep,0.3,0.840579710145,0.594871794872,0.696696696697,116,22,79,368,0.594871794872,0.94358974359,0.0564102564103,0.405128205128,0.840579710145,0.594871794872,0.696696696697,0.82735042735,0.588034188034,0.580912863071,0.597875823594,0.538461538462,216,21,195,0,216,0,21,0,195,37,216,0.162162162162,1.32432432432,11.6756756757,21.6,6,8.1990990496,0.702237650082,0.31006006006,10.329336629,1.76937710775,0.765265265265,3.0868314707,0.528762798222,0.252752752753,0.579945114934,0.437917739848,2,1.32432432432,0.579945114934,2,0.0121701261701,0.00597269624573,7,0.000900900900901,0.621196581197,37,37,37,1,0,0.72972972973,0.243243243243,0.027027027027,37,0.0157657657658,1.24324324324,1.13513513514,2.625,1.23529411765,1.20559257357,1.06206964815,0.543114543115,1.21427940544,2.13944466673,0.833976833977,0.688821075806,1.21363713356,0.607464607465,0.49471683289,0.397924409064,2,1.375,0.619139187367,2,0,0,0,0,0.0301020408163,37,16,16,0.432432432432,0,0.432432432432,0.027027027027,0.189189189189,37,159,0.119369369369,1.86929989332,8.59459459459,9.9375,4.41666666667,7.54048134132,0.877351602607,0.429202787693,8.34287741751,1.9414243047,0.8016318205,2.54803698805,0.592939424893,0.327044025157,1.08543583086,0.580664362489,3,1.89344711258,1.09070724716,3,0.296451216115,0.219178082192,160,0.020592020592,0.163168968976,37,36,36,0.972972972973,0,0.540540540541,0.432432432432,0,-57,-0.0427927927928,0.544975568998,-3.08108108108,-11.6625,-1.58333333333,-0.65861770828,0.175113952525,0.119142727633,-1.98645921149,0.172047196958,0.0363665552345,-0.53879448265,0.0641766266707,0.0742912724045,0.505490715921,0.14274662264,1,0.569122788256,0.510762132221,1,0.284281089945,0.213205385946,153,0.0196911196911,-0.45802761222,-0.189189189189,0.189189189189,-0.027027027027,137,22,79,1094,0.634259259259,0.980286738351,0.0197132616487,0.365740740741,0.861635220126,0.634259259259,0.730666666667,0.698659870788,0.614545997611,0.575630252101,138,195,0,0,0,0
139,WLNM_dir_neg,0.80218277449,0.758960995663,00:00:08,10,10,16,1231466240,threshold_sweep,0.4,0.840579710145,0.594871794872,0.696696696697,116,22,79,368,0.594871794872,0.94358974359,0.0564102564103,0.405128205128,0.840579710145,0.594871794872,0.696696696697,0.82735042735,0.588034188034,0.580912863071,0.597875823594,0.538461538462,216,21,195,0,216,0,21,0,195,37,216,0.162162162162,1.32432432432,11.6756756757,21.6,6,8.1990990496,0.702237650082,0.31006006006,10.329336629,1.76937710775,0.765265265265,3.0868314707,0.528762798222,0.252752752753,0.579945114934,0.437917739848,2,1.32432432432,0.579945114934,2,0.0121701261701,0.00597269624573,7,0.000900900900901,0.621196581197,37,37,37,1,0,0.72972972973,0.243243243243,0.027027027027,37,0.0157657657658,1.24324324324,1.13513513514,2.625,1.23529411765,1.20559257357,1.06206964815,0.543114543115,1.21427940544,2.13944466673,0.833976833977,0.688821075806,1.21363713356,0.607464607465,0.49471683289,0.397924409064,2,1.375,0.619139187367,2,0,0,0,0,0.0301020408163,37,16,16,0.432432432432,0,0.432432432432,0.027027027027,0.189189189189,37,159,0.119369369369,1.86929989332,8.59459459459,9.9375,4.41666666667,7.54048134132,0.877351602607,0.429202787693,8.34287741751,1.9414243047,0.8016318205,2.54803698805,0.592939424893,0.327044025157,1.08543583086,0.580664362489,3,1.89344711258,1.09070724716,3,0.296451216115,0.219178082192,160,0.020592020592,0.163168968976,37,36,36,0.972972972973,0,0.540540540541,0.432432432432,0,-57,-0.0427927927928,0.544975568998,-3.08108108108,-11.6625,-1.58333333333,-0.65861770828,0.175113952525,0.119142727633,-1.98645921149,0.172047196958,0.0363665552345,-0.53879448265,0.0641766266707,0.0742912724045,0.505490715921,0.14274662264,1,0.569122788256,0.510762132221,1,0.284281089945,0.213205385946,153,0.0196911196911,-0.45802761222,-0.189189189189,0.189189189189,-0.027027027027,137,22,79,1094,0.634259259259,0.980286738351,0.0197132616487,0.365740740741,0.861635220126,0.634259259259,0.730666666667,0.698659870788,0.614545997611,0.575630252101,138,195,0,0,0,0
140,WLNM_dir_neg,0.80218277449,0.758960995663,00:00:08,10,10,16,1231466240,threshold_sweep,0.5,0.838235294118,0.584615384615,0.688821752266,114,22,81,368,0.584615384615,0.94358974359,0.0564102564103,0.415384615385,0.838235294118,0.584615384615,0.688821752266,0.823931623932,0.589173789174,0.571428571429,0.589467136748,0.528205128205,216,21,195,0,216,0,21,0,195,37,216,0.162162162162,1.32432432432,11.6756756757,21.6,6,8.1990990496,0.702237650082,0.31006006006,10.329336629,1.76937710775,0.765265265265,3.0868314707,0.528762798222,0.252752752753,0.579945114934,0.437917739848,2,1.32432432432,0.579945114934,2,0.0121701261701,0.00597269624573,7,0.000900900900901,0.621196581197,37,37,37,1,0,0.72972972973,0.243243243243,0.027027027027,37,0.0157657657658,1.24324324324,1.13513513514,2.625,1.23529411765,1.20559257357,1.06206964815,0.543114543115,1.21427940544,2.13944466673,0.833976833977,0.688821075806,1.21363713356,0.607464607465,0.49471683289,0.397924409064,2,1.375,0.619139187367,2,0,0,0,0,0.0301020408163,37,16,16,0.432432432432,0,0.432432432432,0.027027027027,0.189189189189,37,157,0.117867867868,1.87391060667,8.48648648649,9.8125,4.36111111111,7.51524976158,0.885554908212,0.431743845757,8.28454184814,1.95240795147,0.802892064039,2.52108227868,0.594140409624,0.328111551041,1.09044925697,0.581911033051,3,1.8981859013,1.09573107711,3,0.297413565764,0.217573221757,156,0.0200772200772,0.161046321004,37,36,36,0.972972972973,0,0.540540540541,0.432432432432,0,-59,-0.0442942942943,0.549586282346,-3.18918918919,-11.7875,-1.63888888889,-0.683849288021,0.18331725813,0.121683785697,-2.04479478086,0.183030843728,0.0376267987733,-0.565749192028,0.0653776114019,0.0753587982887,0.510504142038,0.143993293202,1,0.573861576976,0.515785962178,1,0.285243439594,0.211600525512,149,0.0191763191763,-0.460150260193,-0.189189189189,0.189189189189,-0.027027027027,135,22,81,1094,0.625,0.980286738351,0.0197132616487,0.375,0.859872611465,0.625,0.723860589812,0.691912811537,0.605286738351,0.567226890756,136,195,0,0,0,0
141,WLNM_dir_neg,0.80218277449,0.758960995663,00:00:08,10,10,16,1231466240,threshold_sweep,0.6,0.838235294118,0.584615384615,0.688821752266,114,22,81,368,0.584615384615,0.94358974359,0.0564102564103,0.415384615385,0.838235294118,0.584615384615,0.688821752266,0.823931623932,0.589173789174,0.571428571429,0.589467136748,0.528205128205,216,21,195,0,216,0,21,0,195,37,216,0.162162162162,1.32432432432,11.6756756757,21.6,6,8.1990990496,0.702237650082,0.31006006006,10.329336629,1.76937710775,0.765265265265,3.0868314707,0.528762798222,0.252752752753,0.579945114934,0.437917739848,2,1.32432432432,0.579945114934,2,0.0121701261701,0.00597269624573,7,0.000900900900901,0.621196581197,37,37,37,1,0,0.72972972973,0.243243243243,0.027027027027,37,0.0157657657658,1.24324324324,1.13513513514,2.625,1.23529411765,1.20559257357,1.06206964815,0.543114543115,1.21427940544,2.13944466673,0.833976833977,0.688821075806,1.21363713356,0.607464607465,0.49471683289,0.397924409064,2,1.375,0.619139187367,2,0,0,0,0,0.0301020408163,37,16,16,0.432432432432,0,0.432432432432,0.027027027027,0.189189189189,37,157,0.117867867868,1.87391060667,8.48648648649,9.8125,4.36111111111,7.51524976158,0.885554908212,0.431743845757,8.28454184814,1.95240795147,0.802892064039,2.52108227868,0.594140409624,0.328111551041,1.09044925697,0.581911033051,3,1.8981859013,1.09573107711,3,0.297413565764,0.217573221757,156,0.0200772200772,0.161046321004,37,36,36,0.972972972973,0,0.540540540541,0.432432432432,0,-59,-0.0442942942943,0.549586282346,-3.18918918919,-11.7875,-1.63888888889,-0.683849288021,0.18331725813,0.121683785697,-2.04479478086,0.183030843728,0.0376267987733,-0.565749192028,0.0653776114019,0.0753587982887,0.510504142038,0.143993293202,1,0.573861576976,0.515785962178,1,0.285243439594,0.211600525512,149,0.0191763191763,-0.460150260193,-0.189189189189,0.189189189189,-0.027027027027,135,22,81,1094,0.625,0.980286738351,0.0197132616487,0.375,0.859872611465,0.625,0.723860589812,0.691912811537,0.605286738351,0.567226890756,136,195,0,0,0,0
142,WLNM_dir_neg,0.80218277449,0.758960995663,00:00:08,10,10,16,1231466240,threshold_sweep,0.7,0.856060606061,0.579487179487,0.691131498471,113,19,82,371,0.579487179487,0.951282051282,0.0487179487179,0.420512820513,0.856060606061,0.579487179487,0.691131498471,0.82735042735,0.591452991453,0.577405857741,0.598575974183,0.530769230769,216,21,195,0,216,0,21,0,195,37,216,0.162162162162,1.32432432432,11.6756756757,21.6,6,8.1990990496,0.702237650082,0.31006006006,10.329336629,1.76937710775,0.765265265265,3.0868314707,0.528762798222,0.252752752753,0.579945114934,0.437917739848,2,1.32432432432,0.579945114934,2,0.0121701261701,0.00597269624573,7,0.000900900900901,0.621196581197,37,37,37,1,0,0.72972972973,0.243243243243,0.027027027027,37,0.0157657657658,1.24324324324,1.13513513514,2.625,1.23529411765,1.20559257357,1.06206964815,0.543114543115,1.21427940544,2.13944466673,0.833976833977,0.688821075806,1.21363713356,0.607464607465,0.49471683289,0.397924409064,2,1.375,0.619139187367,2,0,0,0,0,0.0301020408163,37,16,16,0.432432432432,0,0.432432432432,0.027027027027,0.189189189189,37,153,0.114864864865,1.54971435104,8.27027027027,10.9285714286,4.25,7.53011970042,0.910504669659,0.436142024377,8.32720495379,2.01376851824,0.814697049991,2.34712782119,0.567606074406,0.31513866808,0.750853675518,0.484511016506,2.0308573626,1.56498419413,0.75565571892,2.0308573626,0.285983825016,0.196462715105,137,0.0176319176319,0.167398847053,37,36,36,0.972972972973,0,0.594594594595,0.378378378378,0,-63,-0.0472972972973,0.225390026718,-3.40540540541,-10.6714285714,-1.75,-0.668979349181,0.208267019577,0.126081964317,-2.00213167521,0.24439141049,0.0494317847259,-0.739703649513,0.0388432761832,0.0623859153271,0.170908560584,0.0465932766579,0.0308573625964,0.240659869802,0.175710603985,0.0308573625964,0.273813698846,0.190490018859,130,0.016731016731,-0.453797734144,-0.135135135135,0.135135135135,-0.027027027027,134,19,82,1097,0.62037037037,0.982974910394,0.0170250896057,0.37962962963,0.875816993464,0.62037037037,0.726287262873,0.697464769063,0.603345280765,0.570212765957,132,195,0,0,0,0
143,WLNM_dir_neg,0.80218277449,0.758960995663,00:00:08,10,10,16,1231466240,threshold_sweep,0.8,0.856060606061,0.579487179487,0.691131498471,113,19,82,371,0.579487179487,0.951282051282,0.0487179487179,0.420512820513,0.856060606061,0.579487179487,0.691131498471,0.82735042735,0.591452991453,0.577405857741,0.598575974183,0.530769230769,216,21,195,0,216,0,21,0,195,37,216,0.162162162162,1.32432432432,11.6756756757,21.6,6,8.1990990496,0.702237650082,0.31006006006,10.329336629,1.76937710775,0.765265265265,3.0868314707,0.528762798222,0.252752752753,0.579945114934,0.437917739848,2,1.32432432432,0.579945114934,2,0.0121701261701,0.00597269624573,7,0.000900900900901,0.621196581197,37,37,37,1,0,0.72972972973,0.243243243243,0.027027027027,37,0.0157657657658,1.24324324324,1.13513513514,2.625,1.23529411765,1.20559257357,1.06206964815,0.543114543115,1.21427940544,2.13944466673,0.833976833977,0.688821075806,1.21363713356,0.607464607465,0.49471683289,0.397924409064,2,1.375,0.619139187367,2,0,0,0,0,0.0301020408163,37,16,16,0.432432432432,0,0.432432432432,0.027027027027,0.189189189189,37,153,0.114864864865,1.54971435104,8.27027027027,10.9285714286,4.25,7.53011970042,0.910504669659,0.436142024377,8.32720495379,2.01376851824,0.814697049991,2.34712782119,0.567606074406,0.31513866808,0.750853675518,0.484511016506,2.0308573626,1.56498419413,0.75565571892,2.0308573626,0.285983825016,0.196462715105,137,0.0176319176319,0.167398847053,37,36,36,0.972972972973,0,0.594594594595,0.378378378378,0,-63,-0.0472972972973,0.225390026718,-3.40540540541,-10.6714285714,-1.75,-0.668979349181,0.208267019577,0.126081964317,-2.00213167521,0.24439141049,0.0494317847259,-0.739703649513,0.0388432761832,0.0623859153271,0.170908560584,0.0465932766579,0.0308573625964,0.240659869802,0.175710603985,0.0308573625964,0.273813698846,0.190490018859,130,0.016731016731,-0.453797734144,-0.135135135135,0.135135135135,-0.027027027027,134,19,82,1097,0.62037037037,0.982974910394,0.0170250896057,0.37962962963,0.875816993464,0.62037037037,0.726287262873,0.697464769063,0.603345280765,0.570212765957,132,195,0,0,0,0
144,WLNM_dir_neg,0.80218277449,0.758960995663,00:00:08,10,10,16,1231466240,threshold_sweep,0.9,0.8515625,0.558974358974,0.674922600619,109,19,86,371,0.558974358974,0.951282051282,0.0487179487179,0.441025641026,0.8515625,0.558974358974,0.674922600619,0.820512820513,0.593732193732,0.558204768583,0.58180171047,0.510256410256,216,21,195,0,216,0,21,0,195,37,216,0.162162162162,1.32432432432,11.6756756757,21.6,6,8.1990990496,0.702237650082,0.31006006006,10.329336629,1.76937710775,0.765265265265,3.0868314707,0.528762798222,0.252752752753,0.579945114934,0.437917739848,2,1.32432432432,0.579945114934,2,0.0121701261701,0.00597269624573,7,0.000900900900901,0.621196581197,37,37,37,1,0,0.72972972973,0.243243243243,0.027027027027,37,0.0157657657658,1.24324324324,1.13513513514,2.625,1.23529411765,1.20559257357,1.06206964815,0.543114543115,1.21427940544,2.13944466673,0.833976833977,0.688821075806,1.21363713356,0.607464607465,0.49471683289,0.397924409064,2,1.375,0.619139187367,2,0,0,0,0,0.0301020408163,37,16,16,0.432432432432,0,0.432432432432,0.027027027027,0.189189189189,37,149,0.111861861862,1.5521842324,8.05405405405,10.6428571429,4.13888888889,7.46080851273,0.926341996547,0.434064937421,8.23099321159,2.0439379116,0.818791946309,2.17927723093,0.541162802311,0.300743696717,0.754244074159,0.485924324197,2.03916514535,1.5675226833,0.759068063301,2.03916514535,0.291877490073,0.192345924453,129,0.0166023166023,0.152167592865,37,36,36,0.972972972973,0,0.594594594595,0.378378378378,0,-67,-0.0503003003003,0.227859908078,-3.62162162162,-10.9571428571,-1.86111111111,-0.738290536872,0.224104346465,0.124004877361,-2.09834341741,0.274560803858,0.0535266810435,-0.907554239774,0.012400004089,0.0479909439641,0.174298959225,0.0480065843483,0.0391651453545,0.243198358978,0.179122948366,0.0391651453545,0.279707363903,0.186373228208,122,0.0157014157014,-0.469028988332,-0.135135135135,0.135135135135,-0.027027027027,130,19,86,1097,0.601851851852,0.982974910394,0.0170250896057,0.398148148148,0.872483221477,0.601851851852,0.712328767123,0.683912756707,0.584826762246,0.553191489362,128,195,0,0,0,0
145,WLNM_dir_neg,0.7863773833,0.733793521189,00:00:08,10,10,17,1231466241,threshold_sweep,0.1,0.827868852459,0.517948717949,0.637223974763,101,21,94,369,0.517948717949,0.946153846154,0.0538461538462,0.482051282051,0.827868852459,0.517948717949,0.637223974763,0.803418803419,0.597150997151,0.512022630835,0.538509248258,0.464102564103,216,21,195,0,216,0,21,0,195,37,216,0.162162162162,1.32432432432,11.6756756757,21.6,6,8.1990990496,0.702237650082,0.31006006006,10.329336629,1.76937710775,0.765265265265,3.0868314707,0.528762798222,0.252752752753,0.579945114934,0.437917739848,2,1.32432432432,0.579945114934,2,0.0121701261701,0.00597269624573,7,0.000900900900901,0.621196581197,37,37,37,1,0,0.72972972973,0.243243243243,0.027027027027,37,0.0157657657658,1.24324324324,1.13513513514,2.625,1.3125,1.22841727805,1.0821771259,0.559845559846,1.23694382655,2.1793772182,0.839124839125,0.765235640562,1.34827231908,0.648648648649,0.49471683289,0.397924409064,2,1.4375,0.629152869606,2,0,0,0,0,0.0512755102041,37,16,16,0.432432432432,0,0.405405405405,0.027027027027,0.189189189189,37,143,0.107357357357,1.65109768364,7.72972972973,7.15,4.08571428571,7.12058303109,0.921194308218,0.445473445473,7.42429256698,1.92097080404,0.782082782083,3.51316699608,0.909001250734,0.414288414288,0.646131459583,0.39133448371,2.14340158831,1.66918373041,0.645728538573,2.14340158831,0.560581693239,0.2256,141,0.0181467181467,0.417725908757,37,36,36,0.972972972973,0,0.432432432432,0.513513513514,0.027027027027,-73,-0.0548048048048,0.32677335932,-3.94594594595,-14.45,-1.91428571429,-1.07851601851,0.218956658137,0.135413385413,-2.90504406202,0.151593696299,0.0168175168175,0.426335525376,0.380238452511,0.161535661536,0.0661863446485,-0.0465832561388,0.143401588314,0.344859406087,0.0657834236383,0.143401588314,0.548411567068,0.219627303754,134,0.0172458172458,-0.20347067244,-0.297297297297,0.27027027027,0,122,21,94,1095,0.564814814815,0.981182795699,0.0188172043011,0.435185185185,0.853146853147,0.564814814815,0.679665738162,0.650115871744,0.545997610514,0.514767932489,122,195,0,0,0,0
146,WLNM_dir_neg,0.7863773833,0.733793521189,00:00:08,10,10,17,1231466241,threshold_sweep,0.2,0.827868852459,0.517948717949,0.637223974763,101,21,94,369,0.517948717949,0.946153846154,0.0538461538462,0.482051282051,0.827868852459,0.517948717949,0.637223974763,0.803418803419,0.597150997151,0.512022630835,0.538509248258,0.464102564103,216,21,195,0,216,0,21,0,195,37,216,0.162162162162,1.32432432432,11.6756756757,21.6,6,8.1990990496,0.702237650082,0.31006006006,10.329336629,1.76937710775,0.765265265265,3.0868314707,0.528762798222,0.252752752753,0.579945114934,0.437917739848,2,1.32432432432,0.579945114934,2,0.0121701261701,0.00597269624573,7,0.000900900900901,0.621196581197,37,37,37,1,0,0.72972972973,0.243243243243,0.027027027027,37,0.0157657657658,1.24324324324,1.13513513514,2.625,1.3125,1.22841727805,1.0821771259,0.559845559846,1.23694382655,2.1793772182,0.839124839125,0.765235640562,1.34827231908,0.648648648649,0.49471683289,0.397924409064,2,1.4375,0.629152869606,2,0,0,0,0,0.0512755102041,37,16,16,0.432432432432,0,0.405405405405,0.027027027027,0.189189189189,37,143,0.107357357357,1.65109768364,7.72972972973,7.15,4.08571428571,7.12058303109,0.921194308218,0.445473445473,7.42429256698,1.92097080404,0.782082782083,3.51316699608,0.909001250734,0.414288414288,0.646131459583,0.39133448371,2.14340158831,1.66918373041,0.645728538573,2.14340158831,0.560581693239,0.2256,141,0.0181467181467,0.417725908757,37,36,36,0.972972972973,0,0.432432432432,0.513513513514,0.027027027027,-73,-0.0548048048048,0.32677335932,-3.94594594595,-14.45,-1.91428571429,-1.07851601851,0.218956658137,0.135413385413,-2.90504406202,0.151593696299,0.0168175168175,0.426335525376,0.380238452511,0.161535661536,0.0661863446485,-0.0465832561388,0.143401588314,0.344859406087,0.0657834236383,0.143401588314,0.548411567068,0.219627303754,134,0.0172458172458,-0.20347067244,-0.297297297297,0.27027027027,0,122,21,94,1095,0.564814814815,0.981182795699,0.0188172043011,0.435185185185,0.853146853147,0.564814814815,0.679665738162,0.650115871744,0.545997610514,0.514767932489,122,195,0,0,0,0
147,WLNM_dir_neg,0.7863773833,0.733793521189,00:00:08,10,10,17,1231466241,threshold_sweep,0.3,0.823529411765,0.502564102564,0.624203821656,98,21,97,369,0.502564102564,0.946153846154,0.0538461538462,0.497435897436,0.823529411765,0.502564102564,0.624203821656,0.798290598291,0.59886039886,0.497159090909,0.525480508878,0.448717948718,216,21,195,0,216,0,21,0,195,37,216,0.162162162162,1.32432432432,11.6756756757,21.6,6,8.1990990496,0.702237650082,0.31006006006,10.329336629,1.76937710775,0.765265265265,3.0868314707,0.528762798222,0.252752752753,0.579945114934,0.437917739848,2,1.32432432432,0.579945114934,2,0.0121701261701,0.00597269624573,7,0.000900900900901,0.621196581197,37,37,37,1,0,0.72972972973,0.243243243243,0.027027027027,37,0.0157657657658,1.24324324324,1.13513513514,2.625,1.3125,1.22841727805,1.0821771259,0.559845559846,1.23694382655,2.1793772182,0.839124839125,0.765235640562,1.34827231908,0.648648648649,0.49471683289,0.397924409064,2,1.4375,0.629152869606,2,0,0,0,0,0.0512755102041,37,16,16,0.432432432432,0,0.405405405405,0.027027027027,0.189189189189,37,140,0.105105105105,1.64923957554,7.56756756757,7,4,7.08496271668,0.936227216132,0.449227799228,7.34898003178,1.94223043697,0.78416988417,3.47319205675,0.917915043569,0.415057915058,0.64433795334,0.39068790423,2.13576269943,1.66727400819,0.643937655329,2.13576269943,0.575966675842,0.23038946791,140,0.018018018018,0.416187768535,37,36,36,0.972972972973,0,0.432432432432,0.513513513514,0.027027027027,-76,-0.0570570570571,0.324915251211,-4.10810810811,-14.6,-2,-1.11413633293,0.23398956605,0.139167739168,-2.98035659722,0.172853329225,0.0189046189046,0.386360586045,0.389152245347,0.162305162305,0.0643928384052,-0.0472298356182,0.135762699425,0.342949683865,0.0639925403942,0.135762699425,0.563796549671,0.224416771664,133,0.0171171171171,-0.205008812662,-0.297297297297,0.27027027027,0,119,21,97,1095,0.550925925926,0.981182795699,0.0188172043011,0.449074074074,0.85,0.550925925926,0.668539325843,0.639524526315,0.532108721625,0.502109704641,119,195,0,0,0,0
148,WLNM_dir_neg,0.7863773833,0.733793521189,00:00:08,10,10,17,1231466241,threshold_sweep,0.4,0.823529411765,0.502564102564,0.624203821656,98,21,97,369,0.502564102564,0.946153846154,0.0538461538462,0.497435897436,0.823529411765,0.502564102564,0.624203821656,0.798290598291,0.59886039886,0.497159090909,0.525480508878,0.448717948718,216,21,195,0,216,0,21,0,195,37,216,0.162162162162,1.32432432432,11.6756756757,21.6,6,8.1990990496,0.702237650082,0.31006006006,10.329336629,1.76937710775,0.765265265265,3.0868314707,0.528762798222,0.252752752753,0.579945114934,0.437917739848,2,1.32432432432,0.579945114934,2,0.0121701261701,0.00597269624573,7,0.000900900900901,0.621196581197,37,37,37,1,0,0.72972972973,0.243243243243,0.027027027027,37,0.0157657657658,1.24324324324,1.13513513514,2.625,1.3125,1.22841727805,1.0821771259,0.559845559846,1.23694382655,2.1793772182,0.839124839125,0.765235640562,1.34827231908,0.648648648649,0.49471683289,0.397924409064,2,1.4375,0.629152869606,2,0,0,0,0,0.0512755102041,37,16,16,0.432432432432,0,0.405405405405,0.027027027027,0.189189189189,37,140,0.105105105105,1.64923957554,7.56756756757,7,4,7.08496271668,0.936227216132,0.449227799228,7.34898003178,1.94223043697,0.78416988417,3.47319205675,0.917915043569,0.415057915058,0.64433795334,0.39068790423,2.13576269943,1.66727400819,0.643937655329,2.13576269943,0.575966675842,0.23038946791,140,0.018018018018,0.416187768535,37,36,36,0.972972972973,0,0.432432432432,0.513513513514,0.027027027027,-76,-0.0570570570571,0.324915251211,-4.10810810811,-14.6,-2,-1.11413633293,0.23398956605,0.139167739168,-2.98035659722,0.172853329225,0.0189046189046,0.386360586045,0.389152245347,0.162305162305,0.0643928384052,-0.0472298356182,0.135762699425,0.342949683865,0.0639925403942,0.135762699425,0.563796549671,0.224416771664,133,0.0171171171171,-0.205008812662,-0.297297297297,0.27027027027,0,119,21,97,1095,0.550925925926,0.981182795699,0.0188172043011,0.449074074074,0.85,0.550925925926,0.668539325843,0.639524526315,0.532108721625,0.502109704641,119,195,0,0,0,0
149,WLNM_dir_neg,0.7863773833,0.733793521189,00:00:08,10,10,17,1231466241,threshold_sweep,0.5,0.823529411765,0.502564102564,0.624203821656,98,21,97,369,0.502564102564,0.946153846154,0.0538461538462,0.497435897436,0.823529411765,0.502564102564,0.624203821656,0.798290598291,0.59886039886,0.497159090909,0.525480508878,0.448717948718,216,21,195,0,216,0,21,0,195,37,216,0.162162162162,1.32432432432,11.6756756757,21.6,6,8.1990990496,0.702237650082,0.31006006006,10.329336629,1.76937710775,0.765265265265,3.0868314707,0.528762798222,0.252752752753,0.579945114934,0.437917739848,2,1.32432432432,0.579945114934,2,0.0121701261701,0.00597269624573,7,0.000900900900901,0.621196581197,37,37,37,1,0,0.72972972973,0.243243243243,0.027027027027,37,0.0157657657658,1.24324324324,1.13513513514,2.625,1.3125,1.22841727805,1.0821771259,0.559845559846,1.23694382655,2.1793772182,0.839124839125,0.765235640562,1.34827231908,0.648648648649,0.49471683289,0.397924409064,2,1.4375,0.629152869606,2,0,0,0,0,0.0512755102041,37,16,16,0.432432432432,0,0.405405405405,0.027027027027,0.189189189189,37,140,0.105105105105,1.64923957554,7.56756756757,7,4,7.08496271668,0.936227216132,0.449227799228,7.34898003178,1.94223043697,0.78416988417,3.47319205675,0.917915043569,0.415057915058,0.64433795334,0.39068790423,2.13576269943,1.66727400819,0.643937655329,2.13576269943,0.575966675842,0.23038946791,140,0.018018018018,0.416187768535,37,36,36,0.972972972973,0,0.432432432432,0.513513513514,0.027027027027,-76,-0.0570570570571,0.324915251211,-4.10810810811,-14.6,-2,-1.11413633293,0.23398956605,0.139167739168,-2.98035659722,0.172853329225,0.0189046189046,0.386360586045,0.389152245347,0.162305162305,0.0643928384052,-0.0472298356182,0.135762699425,0.342949683865,0.0639925403942,0.135762699425,0.563796549671,0.224416771664,133,0.0171171171171,-0.205008812662,-0.297297297297,0.27027027027,0,119,21,97,1095,0.550925925926,0.981182795699,0.0188172043011,0.449074074074,0.85,0.550925925926,0.668539325843,0.639524526315,0.532108721625,0.502109704641,119,195,0,0,0,0
150,WLNM_dir_neg,0.7863773833,0.733793521189,00:00:08,10,10,17,1231466241,threshold_sweep,0.6,0.823529411765,0.502564102564,0.624203821656,98,21,97,369,0.502564102564,0.946153846154,0.0538461538462,0.497435897436,0.823529411765,0.502564102564,0.624203821656,0.798290598291,0.59886039886,0.497159090909,0.525480508878,0.448717948718,216,21,195,0,216,0,21,0,195,37,216,0.162162162162,1.32432432432,11.6756756757,21.6,6,8.1990990496,0.702237650082,0.31006006006,10.329336629,1.76937710775,0.765265265265,3.0868314707,0.528762798222,0.252752752753,0.579945114934,0.437917739848,2,1.32432432432,0.579945114934,2,0.0121701261701,0.00597269624573,7,0.000900900900901,0.621196581197,37,37,37,1,0,0.72972972973,0.243243243243,0.027027027027,37,0.0157657657658,1.24324324324,1.13513513514,2.625,1.3125,1.22841727805,1.0821771259,0.559845559846,1.23694382655,2.1793772182,0.839124839125,0.765235640562,1.34827231908,0.648648648649,0.49471683289,0.397924409064,2,1.4375,0.629152869606,2,0,0,0,0,0.0512755102041,37,16,16,0.432432432432,0,0.405405405405,0.027027027027,0.189189189189,37,140,0.105105105105,1.64923957554,7.56756756757,7,4,7.08496271668,0.936227216132,0.449227799228,7.34898003178,1.94223043697,0.78416988417,3.47319205675,0.917915043569,0.415057915058,0.64433795334,0.39068790423,2.13576269943,1.66727400819,0.643937655329,2.13576269943,0.575966675842,0.23038946791,140,0.018018018018,0.416187768535,37,36,36,0.972972972973,0,0.432432432432,0.513513513514,0.027027027027,-76,-0.0570570570571,0.324915251211,-4.10810810811,-14.6,-2,-1.11413633293,0.23398956605,0.139167739168,-2.98035659722,0.172853329225,0.0189046189046,0.386360586045,0.389152245347,0.162305162305,0.0643928384052,-0.0472298356182,0.135762699425,0.342949683865,0.0639925403942,0.135762699425,0.563796549671,0.224416771664,133,0.0171171171171,-0.205008812662,-0.297297297297,0.27027027027,0,119,21,97,1095,0.550925925926,0.981182795699,0.0188172043011,0.449074074074,0.85,0.550925925926,0.668539325843,0.639524526315,0.532108721625,0.502109704641,119,195,0,0,0,0
151,WLNM_dir_neg,0.7863773833,0.733793521189,00:00:08,10,10,17,1231466241,threshold_sweep,0.7,0.820512820513,0.492307692308,0.615384615385,96,21,99,369,0.492307692308,0.946153846154,0.0538461538462,0.507692307692,0.820512820513,0.492307692308,0.615384615385,0.794871794872,0.6,0.487179487179,0.516731878559,0.438461538462,216,21,195,0,216,0,21,0,195,37,216,0.162162162162,1.32432432432,11.6756756757,21.6,6,8.1990990496,0.702237650082,0.31006006006,10.329336629,1.76937710775,0.765265265265,3.0868314707,0.528762798222,0.252752752753,0.579945114934,0.437917739848,2,1.32432432432,0.579945114934,2,0.0121701261701,0.00597269624573,7,0.000900900900901,0.621196581197,37,37,37,1,0,0.72972972973,0.243243243243,0.027027027027,37,0.0157657657658,1.24324324324,1.13513513514,2.625,1.3125,1.22841727805,1.0821771259,0.559845559846,1.23694382655,2.1793772182,0.839124839125,0.765235640562,1.34827231908,0.648648648649,0.49471683289,0.397924409064,2,1.4375,0.629152869606,2,0,0,0,0,0.0512755102041,37,16,16,0.432432432432,0,0.405405405405,0.027027027027,0.189189189189,37,138,0.103603603604,1.64748991657,7.45945945946,6.9,3.94285714286,6.93058677408,0.929100400873,0.448883666275,7.17111741118,1.9226909001,0.782216999608,3.45324845977,0.925870963852,0.415589502546,0.641826833485,0.389578611091,2.12856965703,1.66547574759,0.641404971121,2.12856965703,0.581532649637,0.230637813212,135,0.0173745173745,0.415006354819,37,36,36,0.972972972973,0,0.432432432432,0.513513513514,0.027027027027,-78,-0.0585585585586,0.32316559225,-4.21621621622,-14.7,-2.05714285714,-1.26851227553,0.226862750791,0.138823606215,-3.15821921782,0.153313792354,0.016951734343,0.366416989069,0.39710816563,0.162836749793,0.0618817185505,-0.0483391287578,0.128569657029,0.341151423266,0.0614598561862,0.128569657029,0.569362523467,0.224665116966,128,0.0164736164736,-0.206190226378,-0.297297297297,0.27027027027,0,117,21,99,1095,0.541666666667,0.981182795699,0.0188172043011,0.458333333333,0.847826086957,0.541666666667,0.661016949153,0.632403015411,0.522849462366,0.493670886076,117,195,0,0,0,0
152,WLNM_dir_neg,0.7863773833,0.733793521189,00:00:08,10,10,17,1231466241,threshold_sweep,0.8,0.817391304348,0.482051282051,0.606451612903,94,21,101,369,0.482051282051,0.946153846154,0.0538461538462,0.517948717949,0.817391304348,0.482051282051,0.606451612903,0.791452991453,0.60113960114,0.477142857143,0.507929719002,0.428205128205,216,21,195,0,216,0,21,0,195,37,216,0.162162162162,1.32432432432,11.6756756757,21.6,6,8.1990990496,0.702237650082,0.31006006006,10.329336629,1.76937710775,0.765265265265,3.0868314707,0.528762798222,0.252752752753,0.579945114934,0.437917739848,2,1.32432432432,0.579945114934,2,0.0121701261701,0.00597269624573,7,0.000900900900901,0.621196581197,37,37,37,1,0,0.72972972973,0.243243243243,0.027027027027,37,0.0157657657658,1.24324324324,1.13513513514,2.625,1.3125,1.22841727805,1.0821771259,0.559845559846,1.23694382655,2.1793772182,0.839124839125,0.765235640562,1.34827231908,0.648648648649,0.49471683289,0.397924409064,2,1.4375,0.629152869606,2,0,0,0,0,0.0512755102041,37,16,16,0.432432432432,0,0.405405405405,0.027027027027,0.189189189189,37,136,0.102102102102,1.64885149204,7.35135135135,6.8,3.88571428571,6.84030626433,0.930482837427,0.446939586645,7.10654648919,1.93339867721,0.782591414944,3.30869270973,0.900159046031,0.410572337043,0.64330808786,0.390155263202,2.13178629269,1.6668751446,0.64288918663,2.13178629269,0.575227129353,0.225087924971,128,0.0164736164736,0.407872166866,37,36,36,0.972972972973,0,0.432432432432,0.513513513514,0.027027027027,-80,-0.0600600600601,0.324527167719,-4.32432432432,-14.8,-2.11428571429,-1.35879278528,0.228245187345,0.136879526585,-3.22279013981,0.16402156946,0.0173261496791,0.22186123903,0.371396247808,0.15781958429,0.0633629729252,-0.0477624766462,0.131786292687,0.342550820276,0.062944071696,0.131786292687,0.563057003183,0.219115228725,121,0.0155727155727,-0.21332441433,-0.297297297297,0.27027027027,0,115,21,101,1095,0.532407407407,0.981182795699,0.0188172043011,0.467592592593,0.845588235294,0.532407407407,0.653409090909,0.625231225698,0.513590203106,0.485232067511,115,195,0,0,0,0
153,WLNM_dir_neg,0.7863773833,0.733793521189,00:00:08,10,10,17,1231466241,threshold_sweep,0.9,0.817391304348,0.482051282051,0.606451612903,94,21,101,369,0.482051282051,0.946153846154,0.0538461538462,0.517948717949,0.817391304348,0.482051282051,0.606451612903,0.791452991453,0.60113960114,0.477142857143,0.507929719002,0.428205128205,216,21,195,0,216,0,21,0,195,37,216,0.162162162162,1.32432432432,11.6756756757,21.6,6,8.1990990496,0.702237650082,0.31006006006,10.329336629,1.76937710775,0.765265265265,3.0868314707,0.528762798222,0.252752752753,0.579945114934,0.437917739848,2,1.32432432432,0.579945114934,2,0.0121701261701,0.00597269624573,7,0.000900900900901,0.621196581197,37,37,37,1,0,0.72972972973,0.243243243243,0.027027027027,37,0.0157657657658,1.24324324324,1.13513513514,2.625,1.3125,1.22841727805,1.0821771259,0.559845559846,1.23694382655,2.1793772182,0.839124839125,0.765235640562,1.34827231908,0.648648648649,0.49471683289,0.397924409064,2,1.4375,0.629152869606,2,0,0,0,0,0.0512755102041,37,16,16,0.432432432432,0,0.405405405405,0.027027027027,0.189189189189,37,136,0.102102102102,1.64885149204,7.35135135135,6.8,3.88571428571,6.84030626433,0.930482837427,0.446939586645,7.10654648919,1.93339867721,0.782591414944,3.30869270973,0.900159046031,0.410572337043,0.64330808786,0.390155263202,2.13178629269,1.6668751446,0.64288918663,2.13178629269,0.575227129353,0.225087924971,128,0.0164736164736,0.407872166866,37,36,36,0.972972972973,0,0.432432432432,0.513513513514,0.027027027027,-80,-0.0600600600601,0.324527167719,-4.32432432432,-14.8,-2.11428571429,-1.35879278528,0.228245187345,0.136879526585,-3.22279013981,0.16402156946,0.0173261496791,0.22186123903,0.371396247808,0.15781958429,0.0633629729252,-0.0477624766462,0.131786292687,0.342550820276,0.062944071696,0.131786292687,0.563057003183,0.219115228725,121,0.0155727155727,-0.21332441433,-0.297297297297,0.27027027027,0,115,21,101,1095,0.532407407407,0.981182795699,0.0188172043011,0.467592592593,0.845588235294,0.532407407407,0.653409090909,0.625231225698,0.513590203106,0.485232067511,115,195,0,0,0,0
154,WLNM_dir_neg,0.768178829717,0.475055509541,00:00:08,10,10,18,1231466242,threshold_sweep,0.1,0.660714285714,0.569230769231,0.611570247934,111,57,84,333,0.569230769231,0.853846153846,0.146153846154,0.430769230769,0.660714285714,0.569230769231,0.611570247934,0.758974358974,0.57094017094,0.438247011952,0.440804762501,0.423076923077,216,21,195,0,216,0,21,0,195,37,216,0.162162162162,1.32432432432,11.6756756757,21.6,6,8.1990990496,0.702237650082,0.31006006006,10.329336629,1.76937710775,0.765265265265,3.0868314707,0.528762798222,0.252752752753,0.579945114934,0.437917739848,2,1.32432432432,0.579945114934,2,0.0121701261701,0.00597269624573,7,0.000900900900901,0.621196581197,37,37,37,1,0,0.72972972973,0.243243243243,0.027027027027,37,0.0157657657658,1.16216216216,1.13513513514,3.5,1.61538461538,1.41739514921,1.24865763145,0.637065637066,1.36505068161,2.40508929617,0.862290862291,0.898781290308,1.5835670353,0.731016731017,0.373683876612,0.32154194034,1,1.33333333333,0.487950036474,1,0,0,0,0,0.117857142857,37,15,15,0.405405405405,0,0.351351351351,0,0.162162162162,37,189,0.141891891892,1,10.2162162162,5.90625,5.90625,8.00741023169,0.783794123208,0.395395395395,8.41223904592,1.64684044814,0.675246675247,4.94853392309,0.968760609282,0.465608465608,0,0,0,NaN,NaN,NaN,0.580426856559,0.33864118896,319,0.0410553410553,0.218045980809,37,37,0,1,2,0.135135135135,0.72972972973,0.135135135135,-27,-0.0202702702703,-0.324324324324,-1.45945945946,-15.69375,-0.09375,-0.191688817912,0.0815564731262,0.0853353353353,-1.91709758308,-0.122536659601,-0.0900185900186,1.86170245239,0.43999781106,0.212855712856,-0.579945114934,-0.437917739848,-2,NaN,NaN,NaN,0.568256730389,0.332668492714,312,0.0401544401544,-0.403150600388,-0.594594594595,0.486486486486,0.108108108108,132,57,84,1059,0.611111111111,0.948924731183,0.0510752688172,0.388888888889,0.698412698413,0.611111111111,0.651851851852,0.591589937458,0.560035842294,0.483516483516,168,195,0,0,0,0
155,WLNM_dir_neg,0.768178829717,0.475055509541,00:00:08,10,10,18,1231466242,threshold_sweep,0.2,0.712418300654,0.558974358974,0.626436781609,109,44,86,346,0.558974358974,0.887179487179,0.112820512821,0.441025641026,0.712418300654,0.558974358974,0.626436781609,0.777777777778,0.579487179487,0.471544715447,0.478571312439,0.446153846154,216,21,195,0,216,0,21,0,195,37,216,0.162162162162,1.32432432432,11.6756756757,21.6,6,8.1990990496,0.702237650082,0.31006006006,10.329336629,1.76937710775,0.765265265265,3.0868314707,0.528762798222,0.252752752753,0.579945114934,0.437917739848,2,1.32432432432,0.579945114934,2,0.0121701261701,0.00597269624573,7,0.000900900900901,0.621196581197,37,37,37,1,0,0.72972972973,0.243243243243,0.027027027027,37,0.0157657657658,1.16216216216,1.13513513514,3.5,1.61538461538,1.41739514921,1.24865763145,0.637065637066,1.36505068161,2.40508929617,0.862290862291,0.898781290308,1.5835670353,0.731016731017,0.373683876612,0.32154194034,1,1.33333333333,0.487950036474,1,0,0,0,0,0.117857142857,37,15,15,0.405405405405,0,0.351351351351,0,0.162162162162,37,174,0.130630630631,1.88815465712,9.40540540541,6.69230769231,5.4375,7.95633730452,0.845932414561,0.414103758931,8.56953539796,1.82225752715,0.738738738739,4.25483297012,0.904763332726,0.436160298229,0.66542386828,0.352420213975,2.06896551724,1.91282561982,0.657477233843,2.06896551724,0.540096688259,0.299531981279,256,0.0329472329472,0.253858403336,37,36,36,0.972972972973,0,0.27027027027,0.594594594595,0.108108108108,-42,-0.0315315315315,0.563830332796,-2.27027027027,-14.9076923077,-0.5625,-0.242761745084,0.143694764479,0.104043698871,-1.75980123104,0.0528804194077,-0.0265265265265,1.16800149941,0.376000534504,0.183407545477,0.0854787533454,-0.0854975258736,0.0689655172414,0.588501295494,0.0775321189088,0.0689655172414,0.527926562089,0.293559285034,249,0.0320463320463,-0.367338177861,-0.459459459459,0.351351351351,0.0810810810811,130,44,86,1072,0.601851851852,0.960573476703,0.0394265232975,0.398148148148,0.747126436782,0.601851851852,0.666666666667,0.6151697049,0.562425328554,0.5,153,195,0,0,0,0
156,WLNM_dir_neg,0.768178829717,0.475055509541,00:00:08,10,10,18,1231466242,threshold_sweep,0.3,0.712418300654,0.558974358974,0.626436781609,109,44,86,346,0.558974358974,0.887179487179,0.112820512821,0.441025641026,0.712418300654,0.558974358974,0.626436781609,0.777777777778,0.579487179487,0.471544715447,0.478571312439,0.446153846154,216,21,195,0,216,0,21,0,195,37,216,0.162162162162,1.32432432432,11.6756756757,21.6,6,8.1990990496,0.702237650082,0.31006006006,10.329336629,1.76937710775,0.765265265265,3.0868314707,0.528762798222,0.252752752753,0.579945114934,0.437917739848,2,1.32432432432,0.579945114934,2,0.0121701261701,0.00597269624573,7,0.000900900900901,0.621196581197,37,37,37,1,0,0.72972972973,0.243243243243,0.027027027027,37,0.0157657657658,1.16216216216,1.13513513514,3.5,1.61538461538,1.41739514921,1.24865763145,0.637065637066,1.36505068161,2.40508929617,0.862290862291,0.898781290308,1.5835670353,0.731016731017,0.373683876612,0.32154194034,1,1.33333333333,0.487950036474,1,0,0,0,0,0.117857142857,37,15,15,0.405405405405,0,0.351351351351,0,0.162162162162,37,174,0.130630630631,1.88815465712,9.40540540541,6.69230769231,5.4375,7.95633730452,0.845932414561,0.414103758931,8.56953539796,1.82225752715,0.738738738739,4.25483297012,0.904763332726,0.436160298229,0.66542386828,0.352420213975,2.06896551724,1.91282561982,0.657477233843,2.06896551724,0.540096688259,0.299531981279,256,0.0329472329472,0.253858403336,37,36,36,0.972972972973,0,0.27027027027,0.594594594595,0.108108108108,-42,-0.0315315315315,0.563830332796,-2.27027027027,-14.9076923077,-0.5625,-0.242761745084,0.143694764479,0.104043698871,-1.75980123104,0.0528804194077,-0.0265265265265,1.16800149941,0.376000534504,0.183407545477,0.0854787533454,-0.0854975258736,0.0689655172414,0.588501295494,0.0775321189088,0.0689655172414,0.527926562089,0.293559285034,249,0.0320463320463,-0.367338177861,-0.459459459459,0.351351351351,0.0810810810811,130,44,86,1072,0.601851851852,0.960573476703,0.0394265232975,0.398148148148,0.747126436782,0.601851851852,0.666666666667,0.6151697049,0.562425328554,0.5,153,195,0,0,0,0
157,WLNM_dir_neg,0.768178829717,0.475055509541,00:00:08,10,10,18,1231466242,threshold_sweep,0.4,0.712418300654,0.558974358974,0.626436781609,109,44,86,346,0.558974358974,0.887179487179,0.112820512821,0.441025641026,0.712418300654,0.558974358974,0.626436781609,0.777777777778,0.579487179487,0.471544715447,0.478571312439,0.446153846154,216,21,195,0,216,0,21,0,195,37,216,0.162162162162,1.32432432432,11.6756756757,21.6,6,8.1990990496,0.702237650082,0.31006006006,10.329336629,1.76937710775,0.765265265265,3.0868314707,0.528762798222,0.252752752753,0.579945114934,0.437917739848,2,1.32432432432,0.579945114934,2,0.0121701261701,0.00597269624573,7,0.000900900900901,0.621196581197,37,37,37,1,0,0.72972972973,0.243243243243,0.027027027027,37,0.0157657657658,1.16216216216,1.13513513514,3.5,1.61538461538,1.41739514921,1.24865763145,0.637065637066,1.36505068161,2.40508929617,0.862290862291,0.898781290308,1.5835670353,0.731016731017,0.373683876612,0.32154194034,1,1.33333333333,0.487950036474,1,0,0,0,0,0.117857142857,37,15,15,0.405405405405,0,0.351351351351,0,0.162162162162,37,174,0.130630630631,1.88815465712,9.40540540541,6.69230769231,5.4375,7.95633730452,0.845932414561,0.414103758931,8.56953539796,1.82225752715,0.738738738739,4.25483297012,0.904763332726,0.436160298229,0.66542386828,0.352420213975,2.06896551724,1.91282561982,0.657477233843,2.06896551724,0.540096688259,0.299531981279,256,0.0329472329472,0.253858403336,37,36,36,0.972972972973,0,0.27027027027,0.594594594595,0.108108108108,-42,-0.0315315315315,0.563830332796,-2.27027027027,-14.9076923077,-0.5625,-0.242761745084,0.143694764479,0.104043698871,-1.75980123104,0.0528804194077,-0.0265265265265,1.16800149941,0.376000534504,0.183407545477,0.0854787533454,-0.0854975258736,0.0689655172414,0.588501295494,0.0775321189088,0.0689655172414,0.527926562089,0.293559285034,249,0.0320463320463,-0.367338177861,-0.459459459459,0.351351351351,0.0810810810811,130,44,86,1072,0.601851851852,0.960573476703,0.0394265232975,0.398148148148,0.747126436782,0.601851851852,0.666666666667,0.6151697049,0.562425328554,0.5,153,195,0,0,0,0
158,WLNM_dir_neg,0.768178829717,0.475055509541,00:00:08,10,10,18,1231466242,threshold_sweep,0.5,0.717105263158,0.558974358974,0.628242074928,109,43,86,347,0.558974358974,0.889743589744,0.110256410256,0.441025641026,0.717105263158,0.558974358974,0.628242074928,0.779487179487,0.580056980057,0.474898236092,0.482344475477,0.448717948718,216,21,195,0,216,0,21,0,195,37,216,0.162162162162,1.32432432432,11.6756756757,21.6,6,8.1990990496,0.702237650082,0.31006006006,10.329336629,1.76937710775,0.765265265265,3.0868314707,0.528762798222,0.252752752753,0.579945114934,0.437917739848,2,1.32432432432,0.579945114934,2,0.0121701261701,0.00597269624573,7,0.000900900900901,0.621196581197,37,37,37,1,0,0.72972972973,0.243243243243,0.027027027027,37,0.0157657657658,1.16216216216,1.13513513514,3.5,1.61538461538,1.41739514921,1.24865763145,0.637065637066,1.36505068161,2.40508929617,0.862290862291,0.898781290308,1.5835670353,0.731016731017,0.373683876612,0.32154194034,1,1.33333333333,0.487950036474,1,0,0,0,0,0.117857142857,37,15,15,0.405405405405,0,0.351351351351,0,0.162162162162,37,173,0.12987987988,1.88815465712,9.35135135135,6.65384615385,5.40625,7.97292716432,0.852596257456,0.41524761756,8.57662862426,1.83430785606,0.740821746602,4.24299457966,0.907461268482,0.435244493048,0.66542386828,0.352420213975,2.06896551724,1.91282561982,0.657477233843,2.06896551724,0.535075466095,0.295178361427,251,0.0323037323037,0.258555025233,37,36,36,0.972972972973,0,0.27027027027,0.594594594595,0.108108108108,-43,-0.0322822822823,0.563830332796,-2.32432432432,-14.9461538462,-0.59375,-0.226171885283,0.150358607374,0.1051875575,-1.75270800473,0.0649307483113,-0.0244435186632,1.15616310895,0.378698470259,0.182491740295,0.0854787533454,-0.0854975258736,0.0689655172414,0.588501295494,0.0775321189088,0.0689655172414,0.522905339925,0.289205665181,244,0.0314028314028,-0.362641555964,-0.459459459459,0.351351351351,0.0810810810811,130,43,86,1073,0.601851851852,0.96146953405,0.0385304659498,0.398148148148,0.751445086705,0.601851851852,0.668380462725,0.61766137288,0.563321385902,0.501930501931,152,195,0,0,0,0
159,WLNM_dir_neg,0.768178829717,0.475055509541,00:00:08,10,10,18,1231466242,threshold_sweep,0.6,0.717105263158,0.558974358974,0.628242074928,109,43,86,347,0.558974358974,0.889743589744,0.110256410256,0.441025641026,0.717105263158,0.558974358974,0.628242074928,0.779487179487,0.580056980057,0.474898236092,0.482344475477,0.448717948718,216,21,195,0,216,0,21,0,195,37,216,0.162162162162,1.32432432432,11.6756756757,21.6,6,8.1990990496,0.702237650082,0.31006006006,10.329336629,1.76937710775,0.765265265265,3.0868314707,0.528762798222,0.252752752753,0.579945114934,0.437917739848,2,1.32432432432,0.579945114934,2,0.0121701261701,0.00597269624573,7,0.000900900900901,0.621196581197,37,37,37,1,0,0.72972972973,0.243243243243,0.027027027027,37,0.0157657657658,1.16216216216,1.13513513514,3.5,1.61538461538,1.41739514921,1.24865763145,0.637065637066,1.36505068161,2.40508929617,0.862290862291,0.898781290308,1.5835670353,0.731016731017,0.373683876612,0.32154194034,1,1.33333333333,0.487950036474,1,0,0,0,0,0.117857142857,37,15,15,0.405405405405,0,0.351351351351,0,0.162162162162,37,173,0.12987987988,1.88815465712,9.35135135135,6.65384615385,5.40625,7.97292716432,0.852596257456,0.41524761756,8.57662862426,1.83430785606,0.740821746602,4.24299457966,0.907461268482,0.435244493048,0.66542386828,0.352420213975,2.06896551724,1.91282561982,0.657477233843,2.06896551724,0.535075466095,0.295178361427,251,0.0323037323037,0.258555025233,37,36,36,0.972972972973,0,0.27027027027,0.594594594595,0.108108108108,-43,-0.0322822822823,0.563830332796,-2.32432432432,-14.9461538462,-0.59375,-0.226171885283,0.150358607374,0.1051875575,-1.75270800473,0.0649307483113,-0.0244435186632,1.15616310895,0.378698470259,0.182491740295,0.0854787533454,-0.0854975258736,0.0689655172414,0.588501295494,0.0775321189088,0.0689655172414,0.522905339925,0.289205665181,244,0.0314028314028,-0.362641555964,-0.459459459459,0.351351351351,0.0810810810811,130,43,86,1073,0.601851851852,0.96146953405,0.0385304659498,0.398148148148,0.751445086705,0.601851851852,0.668380462725,0.61766137288,0.563321385902,0.501930501931,152,195,0,0,0,0
160,WLNM_dir_neg,0.768178829717,0.475055509541,00:00:08,10,10,18,1231466242,threshold_sweep,0.7,0.717105263158,0.558974358974,0.628242074928,109,43,86,347,0.558974358974,0.889743589744,0.110256410256,0.441025641026,0.717105263158,0.558974358974,0.628242074928,0.779487179487,0.580056980057,0.474898236092,0.482344475477,0.448717948718,216,21,195,0,216,0,21,0,195,37,216,0.162162162162,1.32432432432,11.6756756757,21.6,6,8.1990990496,0.702237650082,0.31006006006,10.329336629,1.76937710775,0.765265265265,3.0868314707,0.528762798222,0.252752752753,0.579945114934,0.437917739848,2,1.32432432432,0.579945114934,2,0.0121701261701,0.00597269624573,7,0.000900900900901,0.621196581197,37,37,37,1,0,0.72972972973,0.243243243243,0.027027027027,37,0.0157657657658,1.16216216216,1.13513513514,3.5,1.61538461538,1.41739514921,1.24865763145,0.637065637066,1.36505068161,2.40508929617,0.862290862291,0.898781290308,1.5835670353,0.731016731017,0.373683876612,0.32154194034,1,1.33333333333,0.487950036474,1,0,0,0,0,0.117857142857,37,15,15,0.405405405405,0,0.351351351351,0,0.162162162162,37,173,0.12987987988,1.88815465712,9.35135135135,6.65384615385,5.40625,7.97292716432,0.852596257456,0.41524761756,8.57662862426,1.83430785606,0.740821746602,4.24299457966,0.907461268482,0.435244493048,0.66542386828,0.352420213975,2.06896551724,1.91282561982,0.657477233843,2.06896551724,0.535075466095,0.295178361427,251,0.0323037323037,0.258555025233,37,36,36,0.972972972973,0,0.27027027027,0.594594594595,0.108108108108,-43,-0.0322822822823,0.563830332796,-2.32432432432,-14.9461538462,-0.59375,-0.226171885283,0.150358607374,0.1051875575,-1.75270800473,0.0649307483113,-0.0244435186632,1.15616310895,0.378698470259,0.182491740295,0.0854787533454,-0.0854975258736,0.0689655172414,0.588501295494,0.0775321189088,0.0689655172414,0.522905339925,0.289205665181,244,0.0314028314028,-0.362641555964,-0.459459459459,0.351351351351,0.0810810810811,130,43,86,1073,0.601851851852,0.96146953405,0.0385304659498,0.398148148148,0.751445086705,0.601851851852,0.668380462725,0.61766137288,0.563321385902,0.501930501931,152,195,0,0,0,0
161,WLNM_dir_neg,0.768178829717,0.475055509541,00:00:08,10,10,18,1231466242,threshold_sweep,0.8,0.717105263158,0.558974358974,0.628242074928,109,43,86,347,0.558974358974,0.889743589744,0.110256410256,0.441025641026,0.717105263158,0.558974358974,0.628242074928,0.779487179487,0.580056980057,0.474898236092,0.482344475477,0.448717948718,216,21,195,0,216,0,21,0,195,37,216,0.162162162162,1.32432432432,11.6756756757,21.6,6,8.1990990496,0.702237650082,0.31006006006,10.329336629,1.76937710775,0.765265265265,3.0868314707,0.528762798222,0.252752752753,0.579945114934,0.437917739848,2,1.32432432432,0.579945114934,2,0.0121701261701,0.00597269624573,7,0.000900900900901,0.621196581197,37,37,37,1,0,0.72972972973,0.243243243243,0.027027027027,37,0.0157657657658,1.16216216216,1.13513513514,3.5,1.61538461538,1.41739514921,1.24865763145,0.637065637066,1.36505068161,2.40508929617,0.862290862291,0.898781290308,1.5835670353,0.731016731017,0.373683876612,0.32154194034,1,1.33333333333,0.487950036474,1,0,0,0,0,0.117857142857,37,15,15,0.405405405405,0,0.351351351351,0,0.162162162162,37,173,0.12987987988,1.88815465712,9.35135135135,6.65384615385,5.40625,7.97292716432,0.852596257456,0.41524761756,8.57662862426,1.83430785606,0.740821746602,4.24299457966,0.907461268482,0.435244493048,0.66542386828,0.352420213975,2.06896551724,1.91282561982,0.657477233843,2.06896551724,0.535075466095,0.295178361427,251,0.0323037323037,0.258555025233,37,36,36,0.972972972973,0,0.27027027027,0.594594594595,0.108108108108,-43,-0.0322822822823,0.563830332796,-2.32432432432,-14.9461538462,-0.59375,-0.226171885283,0.150358607374,0.1051875575,-1.75270800473,0.0649307483113,-0.0244435186632,1.15616310895,0.378698470259,0.182491740295,0.0854787533454,-0.0854975258736,0.0689655172414,0.588501295494,0.0775321189088,0.0689655172414,0.522905339925,0.289205665181,244,0.0314028314028,-0.362641555964,-0.459459459459,0.351351351351,0.0810810810811,130,43,86,1073,0.601851851852,0.96146953405,0.0385304659498,0.398148148148,0.751445086705,0.601851851852,0.668380462725,0.61766137288,0.563321385902,0.501930501931,152,195,0,0,0,0
162,WLNM_dir_neg,0.768178829717,0.475055509541,00:00:08,10,10,18,1231466242,threshold_sweep,0.9,0.702898550725,0.497435897436,0.582582582583,97,41,98,349,0.497435897436,0.894871794872,0.105128205128,0.502564102564,0.702898550725,0.497435897436,0.582582582583,0.762393162393,0.588034188034,0.423236514523,0.435595242904,0.392307692308,216,21,195,0,216,0,21,0,195,37,216,0.162162162162,1.32432432432,11.6756756757,21.6,6,8.1990990496,0.702237650082,0.31006006006,10.329336629,1.76937710775,0.765265265265,3.0868314707,0.528762798222,0.252752752753,0.579945114934,0.437917739848,2,1.32432432432,0.579945114934,2,0.0121701261701,0.00597269624573,7,0.000900900900901,0.621196581197,37,37,37,1,0,0.72972972973,0.243243243243,0.027027027027,37,0.0157657657658,1.16216216216,1.13513513514,3.5,1.61538461538,1.41739514921,1.24865763145,0.637065637066,1.36505068161,2.40508929617,0.862290862291,0.898781290308,1.5835670353,0.731016731017,0.373683876612,0.32154194034,1,1.33333333333,0.487950036474,1,0,0,0,0,0.117857142857,37,15,15,0.405405405405,0,0.351351351351,0,0.162162162162,37,159,0.119369369369,1.88429222705,8.59459459459,6.11538461538,5.12903225806,7.57356315474,0.88120074442,0.434982151963,7.84171489487,1.82480157931,0.734659187489,4.36440695262,1.01561671224,0.482406935237,0.660502842471,0.350531002033,2.06896551724,1.93482321145,0.642883906309,2.06896551724,0.565266597224,0.291553133515,214,0.0275418275418,0.26222489368,37,35,35,0.945945945946,0,0.243243243243,0.594594594595,0.108108108108,-57,-0.0427927927928,0.559967902727,-3.08108108108,-15.4846153846,-0.870967741935,-0.625535894863,0.178963094338,0.124922091903,-2.48762173413,0.055424471565,-0.0306060777759,1.27757548191,0.486853914022,0.229654182484,0.0805577275362,-0.0873867378157,0.0689655172414,0.610498887129,0.0629387913749,0.0689655172414,0.553096471054,0.285580437269,207,0.0266409266409,-0.358971687517,-0.486486486486,0.351351351351,0.0810810810811,118,41,98,1075,0.546296296296,0.963261648746,0.0367383512545,0.453703703704,0.74213836478,0.546296296296,0.629333333333,0.579301939035,0.509557945042,0.459143968872,138,195,0,0,0,0
163,WLNM_dir_neg,0.838875739645,0.612964170512,00:00:07,10,10,19,1231466243,threshold_sweep,0.1,0.670520231214,0.594871794872,0.630434782609,116,57,79,333,0.594871794872,0.853846153846,0.146153846154,0.405128205128,0.670520231214,0.594871794872,0.630434782609,0.767521367521,0.568091168091,0.461741424802,0.463501763944,0.448717948718,216,21,195,0,216,0,21,0,195,37,216,0.162162162162,1.32432432432,11.6756756757,21.6,6,8.1990990496,0.702237650082,0.31006006006,10.329336629,1.76937710775,0.765265265265,3.0868314707,0.528762798222,0.252752752753,0.579945114934,0.437917739848,2,1.32432432432,0.579945114934,2,0.0121701261701,0.00597269624573,7,0.000900900900901,0.621196581197,37,37,37,1,0,0.72972972973,0.243243243243,0.027027027027,37,0.0157657657658,1.24324324324,1.13513513514,2.625,1.4,1.29447892052,1.14037428713,0.584298584299,1.21427940544,2.13944466673,0.833976833977,0.800712895576,1.41077986363,0.676962676963,0.49471683289,0.397924409064,2,1.42105263158,0.606976978667,2,0,0,0,0,0.0461734693878,37,19,19,0.513513513514,0,0.378378378378,0.027027027027,0.189189189189,37,194,0.145645645646,3.10736456304,10.4864864865,5.87878787879,5.70588235294,7.09703232822,0.676778856042,0.358317079967,7.3197047808,1.39602616953,0.608526051825,5.37176468731,1.02451182181,0.502089718585,1.01191015346,0.325648997063,3.66666666667,3.10736456304,1.01191015346,3.66666666667,0.423453469506,0.296350903059,268,0.0344916344916,0.20823479072,37,37,37,1,0,0.108108108108,0.810810810811,0.0810810810811,-22,-0.0165165165165,1.78304023872,-1.18918918919,-15.7212121212,-0.294117647059,-1.10206672138,-0.0254587940398,0.0482570199065,-3.0096318482,-0.373350938211,-0.15673921344,2.28493321661,0.495749023585,0.249336965832,0.43196503853,-0.112268742785,1.66666666667,1.78304023872,0.43196503853,1.66666666667,0.411283343336,0.290378206814,261,0.0335907335907,-0.412961790477,-0.621621621622,0.567567567568,0.0540540540541,137,57,79,1059,0.634259259259,0.948924731183,0.0510752688172,0.365740740741,0.70618556701,0.634259259259,0.668292682927,0.609386136901,0.583183990442,0.501831501832,173,195,0,0,0,0
164,WLNM_dir_neg,0.838875739645,0.612964170512,00:00:07,10,10,19,1231466243,threshold_sweep,0.2,0.666666666667,0.584615384615,0.622950819672,114,57,81,333,0.584615384615,0.853846153846,0.146153846154,0.415384615385,0.666666666667,0.584615384615,0.622950819672,0.764102564103,0.569230769231,0.452380952381,0.454446629573,0.438461538462,216,21,195,0,216,0,21,0,195,37,216,0.162162162162,1.32432432432,11.6756756757,21.6,6,8.1990990496,0.702237650082,0.31006006006,10.329336629,1.76937710775,0.765265265265,3.0868314707,0.528762798222,0.252752752753,0.579945114934,0.437917739848,2,1.32432432432,0.579945114934,2,0.0121701261701,0.00597269624573,7,0.000900900900901,0.621196581197,37,37,37,1,0,0.72972972973,0.243243243243,0.027027027027,37,0.0157657657658,1.24324324324,1.13513513514,2.625,1.4,1.29447892052,1.14037428713,0.584298584299,1.21427940544,2.13944466673,0.833976833977,0.800712895576,1.41077986363,0.676962676963,0.49471683289,0.397924409064,2,1.42105263158,0.606976978667,2,0,0,0,0,0.0461734693878,37,19,19,0.513513513514,0,0.378378378378,0.027027027027,0.189189189189,37,192,0.144144144144,3.10516266541,10.3783783784,5.81818181818,5.64705882353,7.06851922003,0.681081279014,0.357967342342,7.26803441959,1.40061079961,0.607545045045,5.35328475402,1.03162258281,0.501689189189,1.01015788102,0.325315608187,3.66666666667,3.10516266541,1.01015788102,3.66666666667,0.425290298975,0.293698424606,261,0.0335907335907,0.208017713325,37,37,37,1,0,0.108108108108,0.810810810811,0.0810810810811,-24,-0.018018018018,1.78083834108,-1.2972972973,-15.7818181818,-0.352941176471,-1.13057982957,-0.0211563710684,0.0479072822823,-3.06130220941,-0.368766308137,-0.15772022022,2.26645328332,0.502859784584,0.248936436436,0.430212766081,-0.112602131662,1.66666666667,1.78083834108,0.430212766081,1.66666666667,0.413120172804,0.28772572836,254,0.0326898326898,-0.413178867872,-0.621621621622,0.567567567568,0.0540540540541,135,57,81,1059,0.625,0.948924731183,0.0510752688172,0.375,0.703125,0.625,0.661764705882,0.602297239022,0.573924731183,0.494505494505,171,195,0,0,0,0
165,WLNM_dir_neg,0.838875739645,0.612964170512,00:00:07,10,10,19,1231466243,threshold_sweep,0.3,0.662721893491,0.574358974359,0.615384615385,112,57,83,333,0.574358974359,0.853846153846,0.146153846154,0.425641025641,0.662721893491,0.574358974359,0.615384615385,0.760683760684,0.57037037037,0.442970822281,0.4453602537,0.428205128205,216,21,195,0,216,0,21,0,195,37,216,0.162162162162,1.32432432432,11.6756756757,21.6,6,8.1990990496,0.702237650082,0.31006006006,10.329336629,1.76937710775,0.765265265265,3.0868314707,0.528762798222,0.252752752753,0.579945114934,0.437917739848,2,1.32432432432,0.579945114934,2,0.0121701261701,0.00597269624573,7,0.000900900900901,0.621196581197,37,37,37,1,0,0.72972972973,0.243243243243,0.027027027027,37,0.0157657657658,1.24324324324,1.13513513514,2.625,1.4,1.29447892052,1.14037428713,0.584298584299,1.21427940544,2.13944466673,0.833976833977,0.800712895576,1.41077986363,0.676962676963,0.49471683289,0.397924409064,2,1.42105263158,0.606976978667,2,0,0,0,0,0.0461734693878,37,19,19,0.513513513514,0,0.378378378378,0.027027027027,0.189189189189,37,190,0.142642642643,3.09895556545,10.2702702703,5.75757575758,5.58823529412,7.08538655986,0.689892901882,0.360028449502,7.24631002711,1.4111235316,0.607396870555,5.34458273063,1.04078716333,0.502987197724,1.0074722359,0.325100574894,3.66666666667,3.09895556545,1.0074722359,3.66666666667,0.424922826239,0.289623717218,254,0.0326898326898,0.210094899256,37,37,37,1,0,0.108108108108,0.810810810811,0.0810810810811,-26,-0.0195195195195,1.77463124112,-1.40540540541,-15.8424242424,-0.411764705882,-1.11371248974,-0.0123447482004,0.0499683894421,-3.08302660189,-0.35825357615,-0.15786839471,2.25775125993,0.512024365111,0.250234444971,0.427527120963,-0.112817164955,1.66666666667,1.77463124112,0.427527120963,1.66666666667,0.412752700068,0.283651020972,247,0.0317889317889,-0.41110168194,-0.621621621622,0.567567567568,0.0540540540541,133,57,83,1059,0.615740740741,0.948924731183,0.0510752688172,0.384259259259,0.7,0.615740740741,0.655172413793,0.595169069039,0.564665471924,0.487179487179,169,195,0,0,0,0
166,WLNM_dir_neg,0.838875739645,0.612964170512,00:00:07,10,10,19,1231466243,threshold_sweep,0.4,0.807407407407,0.558974358974,0.660606060606,109,26,86,364,0.558974358974,0.933333333333,0.0666666666667,0.441025641026,0.807407407407,0.558974358974,0.660606060606,0.808547008547,0.589743589744,0.533333333333,0.550824298127,0.492307692308,216,21,195,0,216,0,21,0,195,37,216,0.162162162162,1.32432432432,11.6756756757,21.6,6,8.1990990496,0.702237650082,0.31006006006,10.329336629,1.76937710775,0.765265265265,3.0868314707,0.528762798222,0.252752752753,0.579945114934,0.437917739848,2,1.32432432432,0.579945114934,2,0.0121701261701,0.00597269624573,7,0.000900900900901,0.621196581197,37,37,37,1,0,0.72972972973,0.243243243243,0.027027027027,37,0.0157657657658,1.24324324324,1.13513513514,2.625,1.4,1.29447892052,1.14037428713,0.584298584299,1.21427940544,2.13944466673,0.833976833977,0.800712895576,1.41077986363,0.676962676963,0.49471683289,0.397924409064,2,1.42105263158,0.606976978667,2,0,0,0,0,0.0461734693878,37,19,19,0.513513513514,0,0.378378378378,0.027027027027,0.189189189189,37,156,0.117117117117,2.14722145972,8.43243243243,6.5,4.58823529412,7.04170331565,0.835073790638,0.40939015939,7.61261794339,1.80555681991,0.746708246708,3.77223139928,0.894695908804,0.435550935551,0.931114115951,0.433636740978,2.67726023976,2.14722145972,0.931114115951,2.67726023976,0.288252028457,0.194444444444,133,0.0171171171171,0.239045344307,37,37,37,1,0,0.351351351351,0.567567567568,0.0810810810811,-60,-0.045045045045,0.822897135397,-3.24324324324,-15.1,-1.41176470588,-1.15739573396,0.132836140556,0.0993300993301,-2.71671868561,0.0361797121602,-0.018557018557,0.685399928578,0.365933110582,0.182798182798,0.351169001017,-0.00428099887068,0.67726023976,0.822897135397,0.351169001017,0.67726023976,0.276081902287,0.188471748199,126,0.0162162162162,-0.38215123689,-0.378378378378,0.324324324324,0.0540540540541,130,26,86,1090,0.601851851852,0.976702508961,0.0232974910394,0.398148148148,0.833333333333,0.601851851852,0.698924731183,0.663188801576,0.578554360812,0.537190082645,135,195,0,0,0,0
167,WLNM_dir_neg,0.838875739645,0.612964170512,00:00:07,10,10,19,1231466243,threshold_sweep,0.5,0.807407407407,0.558974358974,0.660606060606,109,26,86,364,0.558974358974,0.933333333333,0.0666666666667,0.441025641026,0.807407407407,0.558974358974,0.660606060606,0.808547008547,0.589743589744,0.533333333333,0.550824298127,0.492307692308,216,21,195,0,216,0,21,0,195,37,216,0.162162162162,1.32432432432,11.6756756757,21.6,6,8.1990990496,0.702237650082,0.31006006006,10.329336629,1.76937710775,0.765265265265,3.0868314707,0.528762798222,0.252752752753,0.579945114934,0.437917739848,2,1.32432432432,0.579945114934,2,0.0121701261701,0.00597269624573,7,0.000900900900901,0.621196581197,37,37,37,1,0,0.72972972973,0.243243243243,0.027027027027,37,0.0157657657658,1.24324324324,1.13513513514,2.625,1.4,1.29447892052,1.14037428713,0.584298584299,1.21427940544,2.13944466673,0.833976833977,0.800712895576,1.41077986363,0.676962676963,0.49471683289,0.397924409064,2,1.42105263158,0.606976978667,2,0,0,0,0,0.0461734693878,37,19,19,0.513513513514,0,0.378378378378,0.027027027027,0.189189189189,37,156,0.117117117117,2.14722145972,8.43243243243,6.5,4.58823529412,7.04170331565,0.835073790638,0.40939015939,7.61261794339,1.80555681991,0.746708246708,3.77223139928,0.894695908804,0.435550935551,0.931114115951,0.433636740978,2.67726023976,2.14722145972,0.931114115951,2.67726023976,0.288252028457,0.194444444444,133,0.0171171171171,0.239045344307,37,37,37,1,0,0.351351351351,0.567567567568,0.0810810810811,-60,-0.045045045045,0.822897135397,-3.24324324324,-15.1,-1.41176470588,-1.15739573396,0.132836140556,0.0993300993301,-2.71671868561,0.0361797121602,-0.018557018557,0.685399928578,0.365933110582,0.182798182798,0.351169001017,-0.00428099887068,0.67726023976,0.822897135397,0.351169001017,0.67726023976,0.276081902287,0.188471748199,126,0.0162162162162,-0.38215123689,-0.378378378378,0.324324324324,0.0540540540541,130,26,86,1090,0.601851851852,0.976702508961,0.0232974910394,0.398148148148,0.833333333333,0.601851851852,0.698924731183,0.663188801576,0.578554360812,0.537190082645,135,195,0,0,0,0
168,WLNM_dir_neg,0.838875739645,0.612964170512,00:00:07,10,10,19,1231466243,threshold_sweep,0.6,0.807407407407,0.558974358974,0.660606060606,109,26,86,364,0.558974358974,0.933333333333,0.0666666666667,0.441025641026,0.807407407407,0.558974358974,0.660606060606,0.808547008547,0.589743589744,0.533333333333,0.550824298127,0.492307692308,216,21,195,0,216,0,21,0,195,37,216,0.162162162162,1.32432432432,11.6756756757,21.6,6,8.1990990496,0.702237650082,0.31006006006,10.329336629,1.76937710775,0.765265265265,3.0868314707,0.528762798222,0.252752752753,0.579945114934,0.437917739848,2,1.32432432432,0.579945114934,2,0.0121701261701,0.00597269624573,7,0.000900900900901,0.621196581197,37,37,37,1,0,0.72972972973,0.243243243243,0.027027027027,37,0.0157657657658,1.24324324324,1.13513513514,2.625,1.4,1.29447892052,1.14037428713,0.584298584299,1.21427940544,2.13944466673,0.833976833977,0.800712895576,1.41077986363,0.676962676963,0.49471683289,0.397924409064,2,1.42105263158,0.606976978667,2,0,0,0,0,0.0461734693878,37,19,19,0.513513513514,0,0.378378378378,0.027027027027,0.189189189189,37,156,0.117117117117,2.14722145972,8.43243243243,6.5,4.58823529412,7.04170331565,0.835073790638,0.40939015939,7.61261794339,1.80555681991,0.746708246708,3.77223139928,0.894695908804,0.435550935551,0.931114115951,0.433636740978,2.67726023976,2.14722145972,0.931114115951,2.67726023976,0.288252028457,0.194444444444,133,0.0171171171171,0.239045344307,37,37,37,1,0,0.351351351351,0.567567567568,0.0810810810811,-60,-0.045045045045,0.822897135397,-3.24324324324,-15.1,-1.41176470588,-1.15739573396,0.132836140556,0.0993300993301,-2.71671868561,0.0361797121602,-0.018557018557,0.685399928578,0.365933110582,0.182798182798,0.351169001017,-0.00428099887068,0.67726023976,0.822897135397,0.351169001017,0.67726023976,0.276081902287,0.188471748199,126,0.0162162162162,-0.38215123689,-0.378378378378,0.324324324324,0.0540540540541,130,26,86,1090,0.601851851852,0.976702508961,0.0232974910394,0.398148148148,0.833333333333,0.601851851852,0.698924731183,0.663188801576,0.578554360812,0.537190082645,135,195,0,0,0,0
169,WLNM_dir_neg,0.838875739645,0.612964170512,00:00:07,10,10,19,1231466243,threshold_sweep,0.7,0.807407407407,0.558974358974,0.660606060606,109,26,86,364,0.558974358974,0.933333333333,0.0666666666667,0.441025641026,0.807407407407,0.558974358974,0.660606060606,0.808547008547,0.589743589744,0.533333333333,0.550824298127,0.492307692308,216,21,195,0,216,0,21,0,195,37,216,0.162162162162,1.32432432432,11.6756756757,21.6,6,8.1990990496,0.702237650082,0.31006006006,10.329336629,1.76937710775,0.765265265265,3.0868314707,0.528762798222,0.252752752753,0.579945114934,0.437917739848,2,1.32432432432,0.579945114934,2,0.0121701261701,0.00597269624573,7,0.000900900900901,0.621196581197,37,37,37,1,0,0.72972972973,0.243243243243,0.027027027027,37,0.0157657657658,1.24324324324,1.13513513514,2.625,1.4,1.29447892052,1.14037428713,0.584298584299,1.21427940544,2.13944466673,0.833976833977,0.800712895576,1.41077986363,0.676962676963,0.49471683289,0.397924409064,2,1.42105263158,0.606976978667,2,0,0,0,0,0.0461734693878,37,19,19,0.513513513514,0,0.378378378378,0.027027027027,0.189189189189,37,156,0.117117117117,2.14722145972,8.43243243243,6.5,4.58823529412,7.04170331565,0.835073790638,0.40939015939,7.61261794339,1.80555681991,0.746708246708,3.77223139928,0.894695908804,0.435550935551,0.931114115951,0.433636740978,2.67726023976,2.14722145972,0.931114115951,2.67726023976,0.288252028457,0.194444444444,133,0.0171171171171,0.239045344307,37,37,37,1,0,0.351351351351,0.567567567568,0.0810810810811,-60,-0.045045045045,0.822897135397,-3.24324324324,-15.1,-1.41176470588,-1.15739573396,0.132836140556,0.0993300993301,-2.71671868561,0.0361797121602,-0.018557018557,0.685399928578,0.365933110582,0.182798182798,0.351169001017,-0.00428099887068,0.67726023976,0.822897135397,0.351169001017,0.67726023976,0.276081902287,0.188471748199,126,0.0162162162162,-0.38215123689,-0.378378378378,0.324324324324,0.0540540540541,130,26,86,1090,0.601851851852,0.976702508961,0.0232974910394,0.398148148148,0.833333333333,0.601851851852,0.698924731183,0.663188801576,0.578554360812,0.537190082645,135,195,0,0,0,0
170,WLNM_dir_neg,0.838875739645,0.612964170512,00:00:07,10,10,19,1231466243,threshold_sweep,0.8,0.807407407407,0.558974358974,0.660606060606,109,26,86,364,0.558974358974,0.933333333333,0.0666666666667,0.441025641026,0.807407407407,0.558974358974,0.660606060606,0.808547008547,0.589743589744,0.533333333333,0.550824298127,0.492307692308,216,21,195,0,216,0,21,0,195,37,216,0.162162162162,1.32432432432,11.6756756757,21.6,6,8.1990990496,0.702237650082,0.31006006006,10.329336629,1.76937710775,0.765265265265,3.0868314707,0.528762798222,0.252752752753,0.579945114934,0.437917739848,2,1.32432432432,0.579945114934,2,0.0121701261701,0.00597269624573,7,0.000900900900901,0.621196581197,37,37,37,1,0,0.72972972973,0.243243243243,0.027027027027,37,0.0157657657658,1.24324324324,1.13513513514,2.625,1.4,1.29447892052,1.14037428713,0.584298584299,1.21427940544,2.13944466673,0.833976833977,0.800712895576,1.41077986363,0.676962676963,0.49471683289,0.397924409064,2,1.42105263158,0.606976978667,2,0,0,0,0,0.0461734693878,37,19,19,0.513513513514,0,0.378378378378,0.027027027027,0.189189189189,37,156,0.117117117117,2.14722145972,8.43243243243,6.5,4.58823529412,7.04170331565,0.835073790638,0.40939015939,7.61261794339,1.80555681991,0.746708246708,3.77223139928,0.894695908804,0.435550935551,0.931114115951,0.433636740978,2.67726023976,2.14722145972,0.931114115951,2.67726023976,0.288252028457,0.194444444444,133,0.0171171171171,0.239045344307,37,37,37,1,0,0.351351351351,0.567567567568,0.0810810810811,-60,-0.045045045045,0.822897135397,-3.24324324324,-15.1,-1.41176470588,-1.15739573396,0.132836140556,0.0993300993301,-2.71671868561,0.0361797121602,-0.018557018557,0.685399928578,0.365933110582,0.182798182798,0.351169001017,-0.00428099887068,0.67726023976,0.822897135397,0.351169001017,0.67726023976,0.276081902287,0.188471748199,126,0.0162162162162,-0.38215123689,-0.378378378378,0.324324324324,0.0540540540541,130,26,86,1090,0.601851851852,0.976702508961,0.0232974910394,0.398148148148,0.833333333333,0.601851851852,0.698924731183,0.663188801576,0.578554360812,0.537190082645,135,195,0,0,0,0
171,WLNM_dir_neg,0.838875739645,0.612964170512,00:00:07,10,10,19,1231466243,threshold_sweep,0.9,0.816666666667,0.502564102564,0.622222222222,98,22,97,368,0.502564102564,0.94358974359,0.0564102564103,0.497435897436,0.816666666667,0.502564102564,0.622222222222,0.796581196581,0.598290598291,0.493617021277,0.520855375878,0.446153846154,216,21,195,0,216,0,21,0,195,37,216,0.162162162162,1.32432432432,11.6756756757,21.6,6,8.1990990496,0.702237650082,0.31006006006,10.329336629,1.76937710775,0.765265265265,3.0868314707,0.528762798222,0.252752752753,0.579945114934,0.437917739848,2,1.32432432432,0.579945114934,2,0.0121701261701,0.00597269624573,7,0.000900900900901,0.621196581197,37,37,37,1,0,0.72972972973,0.243243243243,0.027027027027,37,0.0157657657658,1.24324324324,1.13513513514,2.625,1.4,1.29447892052,1.14037428713,0.584298584299,1.21427940544,2.13944466673,0.833976833977,0.800712895576,1.41077986363,0.676962676963,0.49471683289,0.397924409064,2,1.42105263158,0.606976978667,2,0,0,0,0,0.0461734693878,37,19,19,0.513513513514,0,0.378378378378,0.027027027027,0.189189189189,37,141,0.105855855856,2.05674533576,7.62162162162,6.13043478261,4.14705882353,6.60114195235,0.866107277436,0.433390837646,6.91149540756,1.81365482326,0.751006325474,3.86463910805,1.01412515601,0.482269503546,0.89601048906,0.435644838221,2.59336868489,2.05674533576,0.89601048906,2.59336868489,0.267636307955,0.174621653085,100,0.01287001287,0.282412984726,37,37,37,1,0,0.378378378378,0.540540540541,0.0810810810811,-75,-0.0563063063063,0.732421011439,-4.05405405405,-15.4695652174,-1.85294117647,-1.59795709725,0.163869627354,0.123330777586,-3.41784122144,0.044277715516,-0.0142589397909,0.777807637342,0.48536235779,0.229516750793,0.316065374126,-0.00227290162752,0.593368684887,0.732421011439,0.316065374126,0.593368684887,0.255466181785,0.168648956839,93,0.0119691119691,-0.33878359647,-0.351351351351,0.297297297297,0.0540540540541,119,22,97,1094,0.550925925926,0.980286738351,0.0197132616487,0.449074074074,0.843971631206,0.550925925926,0.666666666667,0.636446578385,0.531212664277,0.5,120,195,0,0,0,0
172,WLNM_dir_neg,0.736456278764,0.64717998668,00:00:08,10,10,20,1231466244,threshold_sweep,0.1,0.702380952381,0.605128205128,0.650137741047,118,50,77,340,0.605128205128,0.871794871795,0.128205128205,0.394871794872,0.702380952381,0.605128205128,0.650137741047,0.782905982906,0.57094017094,0.494023904382,0.496907186819,0.476923076923,216,21,195,0,216,0,21,0,195,37,216,0.162162162162,1.32432432432,11.6756756757,21.6,6,8.1990990496,0.702237650082,0.31006006006,10.329336629,1.76937710775,0.765265265265,3.0868314707,0.528762798222,0.252752752753,0.579945114934,0.437917739848,2,1.32432432432,0.579945114934,2,0.0121701261701,0.00597269624573,7,0.000900900900901,0.621196581197,37,37,37,1,0,0.72972972973,0.243243243243,0.027027027027,37,0.0157657657658,1.2972972973,1.13513513514,2.33333333333,1.5,1.25082555321,1.10191774926,0.581724581725,1.11904077328,1.9716432672,0.810810810811,0.834683590768,1.47063299326,0.700128700129,0.582850508033,0.449280599942,2.5,1.52380952381,0.69778561314,2.5,0,0,0,0,0.0606481481481,37,21,21,0.567567567568,0,0.324324324324,0.0540540540541,0.189189189189,37,189,0.141891891892,3.19675203889,10.2162162162,5.90625,5.25,8.68630830399,0.850247109121,0.391105391105,8.19479436317,1.60427191237,0.669526669527,3.84262485363,0.752259891981,0.350636350636,1.24470666042,0.389366033174,4.10062847144,3.25777292886,1.20492846087,4.10062847144,0.405276409759,0.231764705882,197,0.0253539253539,0.238646086564,37,36,36,0.972972972973,0,0.108108108108,0.864864864865,0,-27,-0.0202702702703,1.87242771456,-1.45945945946,-15.69375,-0.75,0.487209254385,0.148009459039,0.0810453310453,-2.13454226583,-0.165105195379,-0.0957385957386,0.75579338293,0.223497093759,0.0978835978836,0.664761545489,-0.048551706674,2.10062847144,1.93344860453,0.624983345933,2.10062847144,0.393106283589,0.225792009637,190,0.024453024453,-0.382550494632,-0.621621621622,0.621621621622,-0.027027027027,139,50,77,1066,0.643518518519,0.955197132616,0.0448028673835,0.356481481481,0.73544973545,0.643518518519,0.686419753086,0.632449082472,0.598715651135,0.522556390977,168,195,0,0,0,0
173,WLNM_dir_neg,0.736456278764,0.64717998668,00:00:08,10,10,20,1231466244,threshold_sweep,0.2,0.698795180723,0.594871794872,0.642659279778,116,50,79,340,0.594871794872,0.871794871795,0.128205128205,0.405128205128,0.698795180723,0.594871794872,0.642659279778,0.779487179487,0.57207977208,0.484687083888,0.48797248528,0.466666666667,216,21,195,0,216,0,21,0,195,37,216,0.162162162162,1.32432432432,11.6756756757,21.6,6,8.1990990496,0.702237650082,0.31006006006,10.329336629,1.76937710775,0.765265265265,3.0868314707,0.528762798222,0.252752752753,0.579945114934,0.437917739848,2,1.32432432432,0.579945114934,2,0.0121701261701,0.00597269624573,7,0.000900900900901,0.621196581197,37,37,37,1,0,0.72972972973,0.243243243243,0.027027027027,37,0.0157657657658,1.2972972973,1.13513513514,2.33333333333,1.5,1.25082555321,1.10191774926,0.581724581725,1.11904077328,1.9716432672,0.810810810811,0.834683590768,1.47063299326,0.700128700129,0.582850508033,0.449280599942,2.5,1.52380952381,0.69778561314,2.5,0,0,0,0,0.0606481481481,37,21,21,0.567567567568,0,0.324324324324,0.0540540540541,0.189189189189,37,187,0.14039039039,3.19650658583,10.1081081081,5.84375,5.19444444444,8.59193350308,0.850004116615,0.389940742882,8.05862528236,1.59448735533,0.667726550079,3.82205548208,0.756235576669,0.348316230669,1.24452544782,0.389339240952,4.10036194238,3.25752065766,1.20474905814,4.10036194238,0.407059855253,0.233185662505,193,0.0248391248391,0.237971078817,37,36,36,0.972972972973,0,0.108108108108,0.864864864865,0,-29,-0.0217717717718,1.8721822615,-1.56756756757,-15.75625,-0.805555555556,0.392834453474,0.147766466533,0.0798806828219,-2.27071134664,-0.174889752413,-0.0975387151858,0.735224011377,0.227472778446,0.0955634779164,0.66458033289,-0.0485784988962,2.10036194238,1.93319633333,0.624803943204,2.10036194238,0.394889729083,0.227212966259,186,0.0239382239382,-0.383225502379,-0.621621621622,0.621621621622,-0.027027027027,137,50,79,1066,0.634259259259,0.955197132616,0.0448028673835,0.365740740741,0.732620320856,0.634259259259,0.679900744417,0.625442094804,0.589456391876,0.515037593985,166,195,0,0,0,0
174,WLNM_dir_neg,0.736456278764,0.64717998668,00:00:08,10,10,20,1231466244,threshold_sweep,0.3,0.793103448276,0.589743589744,0.676470588235,115,30,80,360,0.589743589744,0.923076923077,0.0769230769231,0.410256410256,0.793103448276,0.589743589744,0.676470588235,0.811965811966,0.584045584046,0.547945205479,0.559892510956,0.512820512821,216,21,195,0,216,0,21,0,195,37,216,0.162162162162,1.32432432432,11.6756756757,21.6,6,8.1990990496,0.702237650082,0.31006006006,10.329336629,1.76937710775,0.765265265265,3.0868314707,0.528762798222,0.252752752753,0.579945114934,0.437917739848,2,1.32432432432,0.579945114934,2,0.0121701261701,0.00597269624573,7,0.000900900900901,0.621196581197,37,37,37,1,0,0.72972972973,0.243243243243,0.027027027027,37,0.0157657657658,1.2972972973,1.13513513514,2.33333333333,1.5,1.25082555321,1.10191774926,0.581724581725,1.11904077328,1.9716432672,0.810810810811,0.834683590768,1.47063299326,0.700128700129,0.582850508033,0.449280599942,2.5,1.52380952381,0.69778561314,2.5,0,0,0,0,0.0606481481481,37,21,21,0.567567567568,0,0.324324324324,0.0540540540541,0.189189189189,37,166,0.124624624625,2.01464127816,8.97297297297,6.91666666667,4.61111111111,7.80486488774,0.869819279658,0.40524259199,8.28861877524,1.84746322099,0.759687398242,2.93088554708,0.653269670133,0.291436014328,0.908320950004,0.450859892454,2.92129210202,2.04282575811,0.9046482517,2.92129210202,0.421704276748,0.230463576159,174,0.0223938223938,0.279276849069,37,36,36,0.972972972973,0,0.324324324324,0.648648648649,0,-50,-0.0375375375375,0.690316953833,-2.7027027027,-14.6833333333,-1.38888888889,-0.394234161862,0.167581629576,0.0951825319295,-2.04071785376,0.0780861132411,-0.00557786702365,-0.155945923623,0.12450687191,0.0386832615748,0.328375835069,0.0129421526055,0.921292102016,0.718501433782,0.324703136766,0.921292102016,0.409534150578,0.224490879913,167,0.0214929214929,-0.341919732128,-0.405405405405,0.405405405405,-0.027027027027,136,30,80,1086,0.62962962963,0.97311827957,0.0268817204301,0.37037037037,0.819277108434,0.62962962963,0.712041884817,0.672653437946,0.6027479092,0.552845528455,145,195,0,0,0,0
175,WLNM_dir_neg,0.736456278764,0.64717998668,00:00:08,10,10,20,1231466244,threshold_sweep,0.4,0.793103448276,0.589743589744,0.676470588235,115,30,80,360,0.589743589744,0.923076923077,0.0769230769231,0.410256410256,0.793103448276,0.589743589744,0.676470588235,0.811965811966,0.584045584046,0.547945205479,0.559892510956,0.512820512821,216,21,195,0,216,0,21,0,195,37,216,0.162162162162,1.32432432432,11.6756756757,21.6,6,8.1990990496,0.702237650082,0.31006006006,10.329336629,1.76937710775,0.765265265265,3.0868314707,0.528762798222,0.252752752753,0.579945114934,0.437917739848,2,1.32432432432,0.579945114934,2,0.0121701261701,0.00597269624573,7,0.000900900900901,0.621196581197,37,37,37,1,0,0.72972972973,0.243243243243,0.027027027027,37,0.0157657657658,1.2972972973,1.13513513514,2.33333333333,1.5,1.25082555321,1.10191774926,0.581724581725,1.11904077328,1.9716432672,0.810810810811,0.834683590768,1.47063299326,0.700128700129,0.582850508033,0.449280599942,2.5,1.52380952381,0.69778561314,2.5,0,0,0,0,0.0606481481481,37,21,21,0.567567567568,0,0.324324324324,0.0540540540541,0.189189189189,37,166,0.124624624625,2.01464127816,8.97297297297,6.91666666667,4.61111111111,7.80486488774,0.869819279658,0.40524259199,8.28861877524,1.84746322099,0.759687398242,2.93088554708,0.653269670133,0.291436014328,0.908320950004,0.450859892454,2.92129210202,2.04282575811,0.9046482517,2.92129210202,0.421704276748,0.230463576159,174,0.0223938223938,0.279276849069,37,36,36,0.972972972973,0,0.324324324324,0.648648648649,0,-50,-0.0375375375375,0.690316953833,-2.7027027027,-14.6833333333,-1.38888888889,-0.394234161862,0.167581629576,0.0951825319295,-2.04071785376,0.0780861132411,-0.00557786702365,-0.155945923623,0.12450687191,0.0386832615748,0.328375835069,0.0129421526055,0.921292102016,0.718501433782,0.324703136766,0.921292102016,0.409534150578,0.224490879913,167,0.0214929214929,-0.341919732128,-0.405405405405,0.405405405405,-0.027027027027,136,30,80,1086,0.62962962963,0.97311827957,0.0268817204301,0.37037037037,0.819277108434,0.62962962963,0.712041884817,0.672653437946,0.6027479092,0.552845528455,145,195,0,0,0,0
176,WLNM_dir_neg,0.736456278764,0.64717998668,00:00:08,10,10,20,1231466244,threshold_sweep,0.5,0.793103448276,0.589743589744,0.676470588235,115,30,80,360,0.589743589744,0.923076923077,0.0769230769231,0.410256410256,0.793103448276,0.589743589744,0.676470588235,0.811965811966,0.584045584046,0.547945205479,0.559892510956,0.512820512821,216,21,195,0,216,0,21,0,195,37,216,0.162162162162,1.32432432432,11.6756756757,21.6,6,8.1990990496,0.702237650082,0.31006006006,10.329336629,1.76937710775,0.765265265265,3.0868314707,0.528762798222,0.252752752753,0.579945114934,0.437917739848,2,1.32432432432,0.579945114934,2,0.0121701261701,0.00597269624573,7,0.000900900900901,0.621196581197,37,37,37,1,0,0.72972972973,0.243243243243,0.027027027027,37,0.0157657657658,1.2972972973,1.13513513514,2.33333333333,1.5,1.25082555321,1.10191774926,0.581724581725,1.11904077328,1.9716432672,0.810810810811,0.834683590768,1.47063299326,0.700128700129,0.582850508033,0.449280599942,2.5,1.52380952381,0.69778561314,2.5,0,0,0,0,0.0606481481481,37,21,21,0.567567567568,0,0.324324324324,0.0540540540541,0.189189189189,37,166,0.124624624625,2.01464127816,8.97297297297,6.91666666667,4.61111111111,7.80486488774,0.869819279658,0.40524259199,8.28861877524,1.84746322099,0.759687398242,2.93088554708,0.653269670133,0.291436014328,0.908320950004,0.450859892454,2.92129210202,2.04282575811,0.9046482517,2.92129210202,0.421704276748,0.230463576159,174,0.0223938223938,0.279276849069,37,36,36,0.972972972973,0,0.324324324324,0.648648648649,0,-50,-0.0375375375375,0.690316953833,-2.7027027027,-14.6833333333,-1.38888888889,-0.394234161862,0.167581629576,0.0951825319295,-2.04071785376,0.0780861132411,-0.00557786702365,-0.155945923623,0.12450687191,0.0386832615748,0.328375835069,0.0129421526055,0.921292102016,0.718501433782,0.324703136766,0.921292102016,0.409534150578,0.224490879913,167,0.0214929214929,-0.341919732128,-0.405405405405,0.405405405405,-0.027027027027,136,30,80,1086,0.62962962963,0.97311827957,0.0268817204301,0.37037037037,0.819277108434,0.62962962963,0.712041884817,0.672653437946,0.6027479092,0.552845528455,145,195,0,0,0,0
177,WLNM_dir_neg,0.736456278764,0.64717998668,00:00:08,10,10,20,1231466244,threshold_sweep,0.6,0.793103448276,0.589743589744,0.676470588235,115,30,80,360,0.589743589744,0.923076923077,0.0769230769231,0.410256410256,0.793103448276,0.589743589744,0.676470588235,0.811965811966,0.584045584046,0.547945205479,0.559892510956,0.512820512821,216,21,195,0,216,0,21,0,195,37,216,0.162162162162,1.32432432432,11.6756756757,21.6,6,8.1990990496,0.702237650082,0.31006006006,10.329336629,1.76937710775,0.765265265265,3.0868314707,0.528762798222,0.252752752753,0.579945114934,0.437917739848,2,1.32432432432,0.579945114934,2,0.0121701261701,0.00597269624573,7,0.000900900900901,0.621196581197,37,37,37,1,0,0.72972972973,0.243243243243,0.027027027027,37,0.0157657657658,1.2972972973,1.13513513514,2.33333333333,1.5,1.25082555321,1.10191774926,0.581724581725,1.11904077328,1.9716432672,0.810810810811,0.834683590768,1.47063299326,0.700128700129,0.582850508033,0.449280599942,2.5,1.52380952381,0.69778561314,2.5,0,0,0,0,0.0606481481481,37,21,21,0.567567567568,0,0.324324324324,0.0540540540541,0.189189189189,37,166,0.124624624625,2.01464127816,8.97297297297,6.91666666667,4.61111111111,7.80486488774,0.869819279658,0.40524259199,8.28861877524,1.84746322099,0.759687398242,2.93088554708,0.653269670133,0.291436014328,0.908320950004,0.450859892454,2.92129210202,2.04282575811,0.9046482517,2.92129210202,0.421704276748,0.230463576159,174,0.0223938223938,0.279276849069,37,36,36,0.972972972973,0,0.324324324324,0.648648648649,0,-50,-0.0375375375375,0.690316953833,-2.7027027027,-14.6833333333,-1.38888888889,-0.394234161862,0.167581629576,0.0951825319295,-2.04071785376,0.0780861132411,-0.00557786702365,-0.155945923623,0.12450687191,0.0386832615748,0.328375835069,0.0129421526055,0.921292102016,0.718501433782,0.324703136766,0.921292102016,0.409534150578,0.224490879913,167,0.0214929214929,-0.341919732128,-0.405405405405,0.405405405405,-0.027027027027,136,30,80,1086,0.62962962963,0.97311827957,0.0268817204301,0.37037037037,0.819277108434,0.62962962963,0.712041884817,0.672653437946,0.6027479092,0.552845528455,145,195,0,0,0,0
178,WLNM_dir_neg,0.736456278764,0.64717998668,00:00:08,10,10,20,1231466244,threshold_sweep,0.7,0.774774774775,0.441025641026,0.562091503268,86,25,109,365,0.441025641026,0.935897435897,0.0641025641026,0.558974358974,0.774774774775,0.441025641026,0.562091503268,0.77094017094,0.603418803419,0.422413793103,0.453160113277,0.376923076923,216,21,195,0,216,0,21,0,195,37,216,0.162162162162,1.32432432432,11.6756756757,21.6,6,8.1990990496,0.702237650082,0.31006006006,10.329336629,1.76937710775,0.765265265265,3.0868314707,0.528762798222,0.252752752753,0.579945114934,0.437917739848,2,1.32432432432,0.579945114934,2,0.0121701261701,0.00597269624573,7,0.000900900900901,0.621196581197,37,37,37,1,0,0.72972972973,0.243243243243,0.027027027027,37,0.0157657657658,1.2972972973,1.13513513514,2.33333333333,1.5,1.25082555321,1.10191774926,0.581724581725,1.11904077328,1.9716432672,0.810810810811,0.834683590768,1.47063299326,0.700128700129,0.582850508033,0.449280599942,2.5,1.52380952381,0.69778561314,2.5,0,0,0,0,0.0606481481481,37,21,21,0.567567567568,0,0.324324324324,0.0540540540541,0.189189189189,37,132,0.0990990990991,2.03154623301,7.13513513514,5.5,3.66666666667,6.276774482,0.879699453917,0.440622440622,6.27844876693,1.75986821497,0.734234234234,3.24500077504,0.90958355058,0.407043407043,0.93110050032,0.458321098083,2.99021663173,2.06020029504,0.927615799171,2.99021663173,0.318067154134,0.181375955525,87,0.0111969111969,0.28444442968,37,36,36,0.972972972973,0,0.324324324324,0.648648648649,0,-84,-0.0630630630631,0.707221908688,-4.54054054054,-16.1,-2.33333333333,-1.9223245676,0.177461803835,0.130562380562,-4.05088786207,-0.00950889277354,-0.031031031031,0.158169304339,0.380820752358,0.154290654291,0.351155385386,0.0204033582342,0.990216631726,0.735875970716,0.347670684236,0.990216631726,0.305897027964,0.175403259279,80,0.010296010296,-0.336752151516,-0.405405405405,0.405405405405,-0.027027027027,107,25,109,1091,0.49537037037,0.977598566308,0.0224014336918,0.50462962963,0.810606060606,0.49537037037,0.614942528736,0.583463916167,0.472968936679,0.44398340249,111,195,0,0,0,0
179,WLNM_dir_neg,0.736456278764,0.64717998668,00:00:08,10,10,20,1231466244,threshold_sweep,0.8,0.774774774775,0.441025641026,0.562091503268,86,25,109,365,0.441025641026,0.935897435897,0.0641025641026,0.558974358974,0.774774774775,0.441025641026,0.562091503268,0.77094017094,0.603418803419,0.422413793103,0.453160113277,0.376923076923,216,21,195,0,216,0,21,0,195,37,216,0.162162162162,1.32432432432,11.6756756757,21.6,6,8.1990990496,0.702237650082,0.31006006006,10.329336629,1.76937710775,0.765265265265,3.0868314707,0.528762798222,0.252752752753,0.579945114934,0.437917739848,2,1.32432432432,0.579945114934,2,0.0121701261701,0.00597269624573,7,0.000900900900901,0.621196581197,37,37,37,1,0,0.72972972973,0.243243243243,0.027027027027,37,0.0157657657658,1.2972972973,1.13513513514,2.33333333333,1.5,1.25082555321,1.10191774926,0.581724581725,1.11904077328,1.9716432672,0.810810810811,0.834683590768,1.47063299326,0.700128700129,0.582850508033,0.449280599942,2.5,1.52380952381,0.69778561314,2.5,0,0,0,0,0.0606481481481,37,21,21,0.567567567568,0,0.324324324324,0.0540540540541,0.189189189189,37,132,0.0990990990991,2.03154623301,7.13513513514,5.5,3.66666666667,6.276774482,0.879699453917,0.440622440622,6.27844876693,1.75986821497,0.734234234234,3.24500077504,0.90958355058,0.407043407043,0.93110050032,0.458321098083,2.99021663173,2.06020029504,0.927615799171,2.99021663173,0.318067154134,0.181375955525,87,0.0111969111969,0.28444442968,37,36,36,0.972972972973,0,0.324324324324,0.648648648649,0,-84,-0.0630630630631,0.707221908688,-4.54054054054,-16.1,-2.33333333333,-1.9223245676,0.177461803835,0.130562380562,-4.05088786207,-0.00950889277354,-0.031031031031,0.158169304339,0.380820752358,0.154290654291,0.351155385386,0.0204033582342,0.990216631726,0.735875970716,0.347670684236,0.990216631726,0.305897027964,0.175403259279,80,0.010296010296,-0.336752151516,-0.405405405405,0.405405405405,-0.027027027027,107,25,109,1091,0.49537037037,0.977598566308,0.0224014336918,0.50462962963,0.810606060606,0.49537037037,0.614942528736,0.583463916167,0.472968936679,0.44398340249,111,195,0,0,0,0
180,WLNM_dir_neg,0.736456278764,0.64717998668,00:00:08,10,10,20,1231466244,threshold_sweep,0.9,0.770642201835,0.430769230769,0.552631578947,84,25,111,365,0.430769230769,0.935897435897,0.0641025641026,0.569230769231,0.770642201835,0.430769230769,0.552631578947,0.767521367521,0.604558404558,0.412103746398,0.443919593686,0.366666666667,216,21,195,0,216,0,21,0,195,37,216,0.162162162162,1.32432432432,11.6756756757,21.6,6,8.1990990496,0.702237650082,0.31006006006,10.329336629,1.76937710775,0.765265265265,3.0868314707,0.528762798222,0.252752752753,0.579945114934,0.437917739848,2,1.32432432432,0.579945114934,2,0.0121701261701,0.00597269624573,7,0.000900900900901,0.621196581197,37,37,37,1,0,0.72972972973,0.243243243243,0.027027027027,37,0.0157657657658,1.2972972973,1.13513513514,2.33333333333,1.5,1.25082555321,1.10191774926,0.581724581725,1.11904077328,1.9716432672,0.810810810811,0.834683590768,1.47063299326,0.700128700129,0.582850508033,0.449280599942,2.5,1.52380952381,0.69778561314,2.5,0,0,0,0,0.0606481481481,37,21,21,0.567567567568,0,0.324324324324,0.0540540540541,0.189189189189,37,130,0.0975975975976,2.03455806859,7.02702702703,5.41666666667,3.61111111111,6.12593070701,0.871767062151,0.439708939709,6.10383131785,1.73724429816,0.731392931393,3.20261717299,0.911514118468,0.403326403326,0.93448488182,0.459306075481,2.99542334096,2.06329579271,0.931011593528,2.99542334096,0.316269051616,0.180565627266,83,0.0106821106821,0.283260624265,37,36,36,0.972972972973,0,0.324324324324,0.648648648649,0,-86,-0.0645645645646,0.710233744262,-4.64864864865,-16.1833333333,-2.38888888889,-2.0731683426,0.169529412069,0.129648879649,-4.22550531115,-0.0321328095882,-0.0338723338723,0.11578570229,0.382751320245,0.150573650574,0.354539766885,0.021388335632,0.995423340961,0.73897146839,0.351066478594,0.995423340961,0.304098925446,0.17459293102,76,0.00978120978121,-0.337935956932,-0.405405405405,0.405405405405,-0.027027027027,105,25,111,1091,0.486111111111,0.977598566308,0.0224014336918,0.513888888889,0.807692307692,0.486111111111,0.606936416185,0.57594527858,0.463709677419,0.435684647303,109,195,0,0,0,0
181,WLNM_dir_neg,0.937777777778,0.782302652796,00:00:08,10,10,21,1231466245,threshold_sweep,0.1,0.813953488372,0.717948717949,0.762942779292,140,32,55,358,0.717948717949,0.917948717949,0.0820512820513,0.282051282051,0.813953488372,0.717948717949,0.762942779292,0.851282051282,0.568660968661,0.655217965654,0.657956881788,0.635897435897,216,21,195,0,216,0,21,0,195,37,216,0.162162162162,1.32432432432,11.6756756757,21.6,6,8.1990990496,0.702237650082,0.31006006006,10.329336629,1.76937710775,0.765265265265,3.0868314707,0.528762798222,0.252752752753,0.579945114934,0.437917739848,2,1.32432432432,0.579945114934,2,0.0121701261701,0.00597269624573,7,0.000900900900901,0.621196581197,37,37,37,1,0,0.72972972973,0.243243243243,0.027027027027,37,0.0157657657658,1.27027027027,1.13513513514,2.33333333333,1.3125,1.22841727805,1.0821771259,0.557271557272,1.19118383087,2.09875246391,0.826254826255,0.765235640562,1.34827231908,0.648648648649,0.508191163105,0.400065383721,2,1.5,0.632455532034,2,0,0,0,0,0.0345238095238,37,16,16,0.432432432432,0,0.378378378378,0.0540540540541,0.189189189189,37,193,0.144894894895,2.1118001869,10.4324324324,6.65517241379,5.36111111111,7.28217206814,0.69803203762,0.365214955889,8.23992696548,1.57967511773,0.700182047332,4.30203527502,0.824742513864,0.420669374037,0.716225955846,0.339154225049,2.48211578017,2.1118001869,0.716225955846,2.48211578017,0.381429557541,0.246710526316,225,0.0289575289575,0.209996014619,37,37,37,1,0,0.216216216216,0.756756756757,0.027027027027,-23,-0.0172672672673,0.787475862572,-1.24324324324,-14.9448275862,-0.638888888889,-0.916926981462,-0.00420561246202,0.0551548958285,-2.08940966352,-0.189701990011,-0.065083217933,1.21520380431,0.295979715641,0.167916621284,0.136280840911,-0.0987635147991,0.482115780166,0.787475862572,0.136280840911,0.482115780166,0.369259431371,0.24073783007,218,0.0280566280566,-0.411200566577,-0.513513513514,0.513513513514,0,161,32,55,1084,0.74537037037,0.971326164875,0.0286738351254,0.25462962963,0.834196891192,0.74537037037,0.78728606357,0.750505296098,0.716696535245,0.649193548387,172,195,0,0,0,0
182,WLNM_dir_neg,0.937777777778,0.782302652796,00:00:08,10,10,21,1231466245,threshold_sweep,0.2,0.810650887574,0.702564102564,0.752747252747,137,32,58,358,0.702564102564,0.917948717949,0.0820512820513,0.297435897436,0.810650887574,0.702564102564,0.752747252747,0.846153846154,0.57037037037,0.641909814324,0.645372343685,0.620512820513,216,21,195,0,216,0,21,0,195,37,216,0.162162162162,1.32432432432,11.6756756757,21.6,6,8.1990990496,0.702237650082,0.31006006006,10.329336629,1.76937710775,0.765265265265,3.0868314707,0.528762798222,0.252752752753,0.579945114934,0.437917739848,2,1.32432432432,0.579945114934,2,0.0121701261701,0.00597269624573,7,0.000900900900901,0.621196581197,37,37,37,1,0,0.72972972973,0.243243243243,0.027027027027,37,0.0157657657658,1.27027027027,1.13513513514,2.33333333333,1.3125,1.22841727805,1.0821771259,0.557271557272,1.19118383087,2.09875246391,0.826254826255,0.765235640562,1.34827231908,0.648648648649,0.508191163105,0.400065383721,2,1.5,0.632455532034,2,0,0,0,0,0.0345238095238,37,16,16,0.432432432432,0,0.378378378378,0.0540540540541,0.189189189189,37,190,0.142642642643,2.11300253218,10.2702702703,6.55172413793,5.27777777778,7.22514378422,0.703500842148,0.366287339972,8.13142792627,1.58348859617,0.700426742532,4.25677344007,0.828950617278,0.419630156472,0.717466162051,0.339548179013,2.48616003249,2.11300253218,0.717466162051,2.48616003249,0.384539204051,0.249060856499,221,0.0284427284427,0.208577076986,37,37,37,1,0,0.216216216216,0.756756756757,0.027027027027,-26,-0.0195195195195,0.788678207856,-1.40540540541,-15.0482758621,-0.722222222222,-0.973955265381,0.00126319206621,0.0562272799115,-2.19790870273,-0.185888511577,-0.0648385227333,1.16994196937,0.300187819055,0.16687740372,0.137521047117,-0.0983695608357,0.486160032485,0.788678207856,0.137521047117,0.486160032485,0.372369077881,0.243088160253,214,0.0275418275418,-0.41261950421,-0.513513513514,0.513513513514,0,158,32,58,1084,0.731481481481,0.971326164875,0.0286738351254,0.268518518519,0.831578947368,0.731481481481,0.778325123153,0.740773773842,0.702807646356,0.637096774194,169,195,0,0,0,0
183,WLNM_dir_neg,0.937777777778,0.782302652796,00:00:08,10,10,21,1231466245,threshold_sweep,0.3,0.809523809524,0.697435897436,0.749311294766,136,32,59,358,0.697435897436,0.917948717949,0.0820512820513,0.302564102564,0.809523809524,0.697435897436,0.749311294766,0.844444444444,0.57094017094,0.637450199203,0.641170563638,0.615384615385,216,21,195,0,216,0,21,0,195,37,216,0.162162162162,1.32432432432,11.6756756757,21.6,6,8.1990990496,0.702237650082,0.31006006006,10.329336629,1.76937710775,0.765265265265,3.0868314707,0.528762798222,0.252752752753,0.579945114934,0.437917739848,2,1.32432432432,0.579945114934,2,0.0121701261701,0.00597269624573,7,0.000900900900901,0.621196581197,37,37,37,1,0,0.72972972973,0.243243243243,0.027027027027,37,0.0157657657658,1.27027027027,1.13513513514,2.33333333333,1.3125,1.22841727805,1.0821771259,0.557271557272,1.19118383087,2.09875246391,0.826254826255,0.765235640562,1.34827231908,0.648648648649,0.508191163105,0.400065383721,2,1.5,0.632455532034,2,0,0,0,0,0.0345238095238,37,16,16,0.432432432432,0,0.378378378378,0.0540540540541,0.189189189189,37,189,0.141891891892,2.11267517652,10.2162162162,6.51724137931,5.25,7.21547386268,0.706276542114,0.366938366938,8.09932707693,1.58558254945,0.700128700129,4.24776924321,0.831573873009,0.420134420134,0.717096893685,0.339426004364,2.48505892708,2.11267517652,0.717096893685,2.48505892708,0.386668879451,0.25,220,0.028314028314,0.208176679759,37,37,37,1,0,0.216216216216,0.756756756757,0.027027027027,-27,-0.0202702702703,0.788350852195,-1.45945945946,-15.0827586207,-0.75,-0.983625186921,0.00403889203262,0.0568783068783,-2.23000955207,-0.183794558293,-0.0651365651366,1.1609377725,0.302811074787,0.167381667382,0.137151778751,-0.0984917354843,0.485058927082,0.788350852195,0.137151778751,0.485058927082,0.374498753281,0.244027303754,213,0.0274131274131,-0.413019901438,-0.513513513514,0.513513513514,0,157,32,59,1084,0.726851851852,0.971326164875,0.0286738351254,0.273148148148,0.830687830688,0.726851851852,0.775308641975,0.737515455365,0.698178016726,0.633064516129,168,195,0,0,0,0
184,WLNM_dir_neg,0.937777777778,0.782302652796,00:00:08,10,10,21,1231466245,threshold_sweep,0.4,0.894039735099,0.692307692308,0.780346820809,135,16,60,374,0.692307692308,0.958974358974,0.0410256410256,0.307692307692,0.894039735099,0.692307692308,0.780346820809,0.870085470085,0.580626780627,0.690217391304,0.701593215003,0.651282051282,216,21,195,0,216,0,21,0,195,37,216,0.162162162162,1.32432432432,11.6756756757,21.6,6,8.1990990496,0.702237650082,0.31006006006,10.329336629,1.76937710775,0.765265265265,3.0868314707,0.528762798222,0.252752752753,0.579945114934,0.437917739848,2,1.32432432432,0.579945114934,2,0.0121701261701,0.00597269624573,7,0.000900900900901,0.621196581197,37,37,37,1,0,0.72972972973,0.243243243243,0.027027027027,37,0.0157657657658,1.27027027027,1.13513513514,2.33333333333,1.3125,1.22841727805,1.0821771259,0.557271557272,1.19118383087,2.09875246391,0.826254826255,0.765235640562,1.34827231908,0.648648648649,0.508191163105,0.400065383721,2,1.5,0.632455532034,2,0,0,0,0,0.0345238095238,37,16,16,0.432432432432,0,0.378378378378,0.0540540540541,0.189189189189,37,172,0.129129129129,1.70365555445,9.2972972973,8.19047619048,4.77777777778,7.14479167282,0.768480499693,0.38717787555,8.2064209827,1.76533474628,0.762099308611,3.48182755505,0.748997788005,0.380892520427,0.667517056328,0.391814562858,2.18502322861,1.72320154208,0.666160854782,2.18502322861,0.281155688693,0.165149544863,127,0.0163449163449,0.328285700782,37,36,36,0.972972972973,0,0.405405405405,0.567567567568,0,-44,-0.033033033033,0.379331230129,-2.37837837838,-13.4095238095,-1.22222222222,-1.05430737678,0.0662428496114,0.0771178154899,-2.1229156463,-0.00404236146622,-0.00316595665433,0.394996084349,0.220234989783,0.128139767675,0.0875719413939,-0.0461031769906,0.185023228614,0.398877217752,0.0862157398477,0.185023228614,0.268985562523,0.159176848618,120,0.015444015444,-0.292910880414,-0.324324324324,0.324324324324,-0.027027027027,156,16,60,1100,0.722222222222,0.985663082437,0.0143369175627,0.277777777778,0.906976744186,0.722222222222,0.80412371134,0.778087881759,0.707885304659,0.672413793103,151,195,0,0,0,0
185,WLNM_dir_neg,0.937777777778,0.782302652796,00:00:08,10,10,21,1231466245,threshold_sweep,0.5,0.882352941176,0.615384615385,0.725075528701,120,16,75,374,0.615384615385,0.958974358974,0.0410256410256,0.384615384615,0.882352941176,0.615384615385,0.725075528701,0.844444444444,0.589173789174,0.621359223301,0.64097397394,0.574358974359,216,21,195,0,216,0,21,0,195,37,216,0.162162162162,1.32432432432,11.6756756757,21.6,6,8.1990990496,0.702237650082,0.31006006006,10.329336629,1.76937710775,0.765265265265,3.0868314707,0.528762798222,0.252752752753,0.579945114934,0.437917739848,2,1.32432432432,0.579945114934,2,0.0121701261701,0.00597269624573,7,0.000900900900901,0.621196581197,37,37,37,1,0,0.72972972973,0.243243243243,0.027027027027,37,0.0157657657658,1.27027027027,1.13513513514,2.33333333333,1.3125,1.22841727805,1.0821771259,0.557271557272,1.19118383087,2.09875246391,0.826254826255,0.765235640562,1.34827231908,0.648648648649,0.508191163105,0.400065383721,2,1.5,0.632455532034,2,0,0,0,0,0.0345238095238,37,16,16,0.432432432432,0,0.378378378378,0.0540540540541,0.189189189189,37,157,0.117867867868,1.69721609473,8.48648648649,7.47619047619,4.36111111111,6.93870633805,0.817618262763,0.408676192116,7.67899517951,1.8096995009,0.766741263557,3.48333656623,0.820913713061,0.406954725426,0.659880127289,0.388801478692,2.16336322772,1.71658320847,0.658489414601,2.16336322772,0.298557897196,0.160259610584,107,0.0137709137709,0.326678092736,37,36,36,0.972972972973,0,0.405405405405,0.567567567568,0,-59,-0.0442942942943,0.372891770402,-3.18918918919,-14.1238095238,-1.63888888889,-1.26039271156,0.115380612682,0.0986161320556,-2.65034144949,0.0403223931588,0.00147599829128,0.396505095526,0.292150914838,0.154201972673,0.0799350123548,-0.0491162611566,0.163363227716,0.392258884144,0.0785442996661,0.163363227716,0.286387771025,0.154286914338,100,0.01287001287,-0.29451848846,-0.324324324324,0.324324324324,-0.027027027027,141,16,75,1100,0.652777777778,0.985663082437,0.0143369175627,0.347222222222,0.898089171975,0.652777777778,0.756032171582,0.729811810836,0.638440860215,0.60775862069,136,195,0,0,0,0
186,WLNM_dir_neg,0.937777777778,0.782302652796,00:00:08,10,10,21,1231466245,threshold_sweep,0.6,0.882352941176,0.615384615385,0.725075528701,120,16,75,374,0.615384615385,0.958974358974,0.0410256410256,0.384615384615,0.882352941176,0.615384615385,0.725075528701,0.844444444444,0.589173789174,0.621359223301,0.64097397394,0.574358974359,216,21,195,0,216,0,21,0,195,37,216,0.162162162162,1.32432432432,11.6756756757,21.6,6,8.1990990496,0.702237650082,0.31006006006,10.329336629,1.76937710775,0.765265265265,3.0868314707,0.528762798222,0.252752752753,0.579945114934,0.437917739848,2,1.32432432432,0.579945114934,2,0.0121701261701,0.00597269624573,7,0.000900900900901,0.621196581197,37,37,37,1,0,0.72972972973,0.243243243243,0.027027027027,37,0.0157657657658,1.27027027027,1.13513513514,2.33333333333,1.3125,1.22841727805,1.0821771259,0.557271557272,1.19118383087,2.09875246391,0.826254826255,0.765235640562,1.34827231908,0.648648648649,0.508191163105,0.400065383721,2,1.5,0.632455532034,2,0,0,0,0,0.0345238095238,37,16,16,0.432432432432,0,0.378378378378,0.0540540540541,0.189189189189,37,157,0.117867867868,1.69721609473,8.48648648649,7.47619047619,4.36111111111,6.93870633805,0.817618262763,0.408676192116,7.67899517951,1.8096995009,0.766741263557,3.48333656623,0.820913713061,0.406954725426,0.659880127289,0.388801478692,2.16336322772,1.71658320847,0.658489414601,2.16336322772,0.298557897196,0.160259610584,107,0.0137709137709,0.326678092736,37,36,36,0.972972972973,0,0.405405405405,0.567567567568,0,-59,-0.0442942942943,0.372891770402,-3.18918918919,-14.1238095238,-1.63888888889,-1.26039271156,0.115380612682,0.0986161320556,-2.65034144949,0.0403223931588,0.00147599829128,0.396505095526,0.292150914838,0.154201972673,0.0799350123548,-0.0491162611566,0.163363227716,0.392258884144,0.0785442996661,0.163363227716,0.286387771025,0.154286914338,100,0.01287001287,-0.29451848846,-0.324324324324,0.324324324324,-0.027027027027,141,16,75,1100,0.652777777778,0.985663082437,0.0143369175627,0.347222222222,0.898089171975,0.652777777778,0.756032171582,0.729811810836,0.638440860215,0.60775862069,136,195,0,0,0,0
187,WLNM_dir_neg,0.937777777778,0.782302652796,00:00:08,10,10,21,1231466245,threshold_sweep,0.7,0.880597014925,0.605128205128,0.717325227964,118,16,77,374,0.605128205128,0.958974358974,0.0410256410256,0.394871794872,0.880597014925,0.605128205128,0.717325227964,0.841025641026,0.590313390313,0.611961057024,0.632800790288,0.564102564103,216,21,195,0,216,0,21,0,195,37,216,0.162162162162,1.32432432432,11.6756756757,21.6,6,8.1990990496,0.702237650082,0.31006006006,10.329336629,1.76937710775,0.765265265265,3.0868314707,0.528762798222,0.252752752753,0.579945114934,0.437917739848,2,1.32432432432,0.579945114934,2,0.0121701261701,0.00597269624573,7,0.000900900900901,0.621196581197,37,37,37,1,0,0.72972972973,0.243243243243,0.027027027027,37,0.0157657657658,1.27027027027,1.13513513514,2.33333333333,1.3125,1.22841727805,1.0821771259,0.557271557272,1.19118383087,2.09875246391,0.826254826255,0.765235640562,1.34827231908,0.648648648649,0.508191163105,0.400065383721,2,1.5,0.632455532034,2,0,0,0,0,0.0345238095238,37,16,16,0.432432432432,0,0.378378378378,0.0540540540541,0.189189189189,37,155,0.116366366366,1.69198125039,8.37837837838,7.38095238095,4.30555555556,6.93762427857,0.828039026797,0.411857018309,7.64794031037,1.82563736441,0.768962510898,3.45476995405,0.82468702129,0.407672188317,0.654329672957,0.386723950284,2.14575511495,1.71120295179,0.652931071509,2.14575511495,0.3007591131,0.158295281583,104,0.0133848133848,0.325561072813,37,36,36,0.972972972973,0,0.405405405405,0.567567567568,0,-61,-0.0457957957958,0.367656926067,-3.2972972973,-14.219047619,-1.69444444444,-1.26147477103,0.125801376715,0.101796958249,-2.68139631863,0.0562602566657,0.00369724563273,0.36793848335,0.295924223068,0.154919435565,0.0743845580224,-0.051193789565,0.145755114952,0.386878627466,0.0729859565745,0.145755114952,0.28858898693,0.152322585337,97,0.0124839124839,-0.295635508384,-0.324324324324,0.324324324324,-0.027027027027,139,16,77,1100,0.643518518519,0.985663082437,0.0143369175627,0.356481481481,0.896774193548,0.643518518519,0.749326145553,0.72323745039,0.629181600956,0.599137931034,134,195,0,0,0,0
188,WLNM_dir_neg,0.937777777778,0.782302652796,00:00:08,10,10,21,1231466245,threshold_sweep,0.8,0.880597014925,0.605128205128,0.717325227964,118,16,77,374,0.605128205128,0.958974358974,0.0410256410256,0.394871794872,0.880597014925,0.605128205128,0.717325227964,0.841025641026,0.590313390313,0.611961057024,0.632800790288,0.564102564103,216,21,195,0,216,0,21,0,195,37,216,0.162162162162,1.32432432432,11.6756756757,21.6,6,8.1990990496,0.702237650082,0.31006006006,10.329336629,1.76937710775,0.765265265265,3.0868314707,0.528762798222,0.252752752753,0.579945114934,0.437917739848,2,1.32432432432,0.579945114934,2,0.0121701261701,0.00597269624573,7,0.000900900900901,0.621196581197,37,37,37,1,0,0.72972972973,0.243243243243,0.027027027027,37,0.0157657657658,1.27027027027,1.13513513514,2.33333333333,1.3125,1.22841727805,1.0821771259,0.557271557272,1.19118383087,2.09875246391,0.826254826255,0.765235640562,1.34827231908,0.648648648649,0.508191163105,0.400065383721,2,1.5,0.632455532034,2,0,0,0,0,0.0345238095238,37,16,16,0.432432432432,0,0.378378378378,0.0540540540541,0.189189189189,37,155,0.116366366366,1.69198125039,8.37837837838,7.38095238095,4.30555555556,6.93762427857,0.828039026797,0.411857018309,7.64794031037,1.82563736441,0.768962510898,3.45476995405,0.82468702129,0.407672188317,0.654329672957,0.386723950284,2.14575511495,1.71120295179,0.652931071509,2.14575511495,0.3007591131,0.158295281583,104,0.0133848133848,0.325561072813,37,36,36,0.972972972973,0,0.405405405405,0.567567567568,0,-61,-0.0457957957958,0.367656926067,-3.2972972973,-14.219047619,-1.69444444444,-1.26147477103,0.125801376715,0.101796958249,-2.68139631863,0.0562602566657,0.00369724563273,0.36793848335,0.295924223068,0.154919435565,0.0743845580224,-0.051193789565,0.145755114952,0.386878627466,0.0729859565745,0.145755114952,0.28858898693,0.152322585337,97,0.0124839124839,-0.295635508384,-0.324324324324,0.324324324324,-0.027027027027,139,16,77,1100,0.643518518519,0.985663082437,0.0143369175627,0.356481481481,0.896774193548,0.643518518519,0.749326145553,0.72323745039,0.629181600956,0.599137931034,134,195,0,0,0,0
189,WLNM_dir_neg,0.937777777778,0.782302652796,00:00:08,10,10,21,1231466245,threshold_sweep,0.9,0.880597014925,0.605128205128,0.717325227964,118,16,77,374,0.605128205128,0.958974358974,0.0410256410256,0.394871794872,0.880597014925,0.605128205128,0.717325227964,0.841025641026,0.590313390313,0.611961057024,0.632800790288,0.564102564103,216,21,195,0,216,0,21,0,195,37,216,0.162162162162,1.32432432432,11.6756756757,21.6,6,8.1990990496,0.702237650082,0.31006006006,10.329336629,1.76937710775,0.765265265265,3.0868314707,0.528762798222,0.252752752753,0.579945114934,0.437917739848,2,1.32432432432,0.579945114934,2,0.0121701261701,0.00597269624573,7,0.000900900900901,0.621196581197,37,37,37,1,0,0.72972972973,0.243243243243,0.027027027027,37,0.0157657657658,1.27027027027,1.13513513514,2.33333333333,1.3125,1.22841727805,1.0821771259,0.557271557272,1.19118383087,2.09875246391,0.826254826255,0.765235640562,1.34827231908,0.648648648649,0.508191163105,0.400065383721,2,1.5,0.632455532034,2,0,0,0,0,0.0345238095238,37,16,16,0.432432432432,0,0.378378378378,0.0540540540541,0.189189189189,37,155,0.116366366366,1.69198125039,8.37837837838,7.38095238095,4.30555555556,6.93762427857,0.828039026797,0.411857018309,7.64794031037,1.82563736441,0.768962510898,3.45476995405,0.82468702129,0.407672188317,0.654329672957,0.386723950284,2.14575511495,1.71120295179,0.652931071509,2.14575511495,0.3007591131,0.158295281583,104,0.0133848133848,0.325561072813,37,36,36,0.972972972973,0,0.405405405405,0.567567567568,0,-61,-0.0457957957958,0.367656926067,-3.2972972973,-14.219047619,-1.69444444444,-1.26147477103,0.125801376715,0.101796958249,-2.68139631863,0.0562602566657,0.00369724563273,0.36793848335,0.295924223068,0.154919435565,0.0743845580224,-0.051193789565,0.145755114952,0.386878627466,0.0729859565745,0.145755114952,0.28858898693,0.152322585337,97,0.0124839124839,-0.295635508384,-0.324324324324,0.324324324324,-0.027027027027,139,16,77,1100,0.643518518519,0.985663082437,0.0143369175627,0.356481481481,0.896774193548,0.643518518519,0.749326145553,0.72323745039,0.629181600956,0.599137931034,134,195,0,0,0,0
190,WLNM_dir_neg,0.769914529915,0.715534131823,00:00:08,10,10,22,1231466246,threshold_sweep,0.1,0.777777777778,0.574358974359,0.660766961652,112,32,83,358,0.574358974359,0.917948717949,0.0820512820513,0.425641025641,0.777777777778,0.574358974359,0.660766961652,0.803418803419,0.584615384615,0.526748971193,0.538748023761,0.492307692308,216,21,195,0,216,0,21,0,195,37,216,0.162162162162,1.32432432432,11.6756756757,21.6,6,8.1990990496,0.702237650082,0.31006006006,10.329336629,1.76937710775,0.765265265265,3.0868314707,0.528762798222,0.252752752753,0.579945114934,0.437917739848,2,1.32432432432,0.579945114934,2,0.0121701261701,0.00597269624573,7,0.000900900900901,0.621196581197,37,37,37,1,0,0.72972972973,0.243243243243,0.027027027027,37,0.0157657657658,1.27027027027,1.13513513514,2.33333333333,1.3125,1.13436624896,0.999322647896,0.52380952381,1.14359424964,2.01490415413,0.815958815959,0.728031613345,1.28272236637,0.638352638353,0.508191163105,0.400065383721,2,1.41176470588,0.618346942401,2,0,0,0,0,0.032671957672,37,17,17,0.459459459459,0,0.405405405405,0.027027027027,0.216216216216,37,165,0.123873873874,2.09497003717,8.91891891892,6.11111111111,4.58333333333,6.6515594595,0.745780909095,0.40819000819,6.69408775046,1.50109846525,0.683701883702,4.75274537384,1.06576714444,0.512694512695,0.931156401924,0.444472419846,4,2.09497003717,0.931156401924,4,0.42683717156,0.241513094083,166,0.0213642213642,0.283247213871,37,37,37,1,0,0.27027027027,0.702702702703,0.027027027027,-51,-0.0382882882883,0.770645712842,-2.75675675676,-15.4888888889,-1.41666666667,-1.54753959011,0.0435432590134,0.0981299481299,-3.63524887854,-0.268278642491,-0.0815633815634,1.66591390314,0.537004346215,0.259941759942,0.35121128699,0.00655467999746,2,0.770645712842,0.35121128699,2,0.41466704539,0.235540397838,159,0.0204633204633,-0.337949367325,-0.459459459459,0.459459459459,0,133,32,83,1084,0.615740740741,0.971326164875,0.0286738351254,0.384259259259,0.806060606061,0.615740740741,0.698162729659,0.656854487968,0.587066905615,0.536290322581,144,195,0,0,0,0
191,WLNM_dir_neg,0.769914529915,0.715534131823,00:00:08,10,10,22,1231466246,threshold_sweep,0.2,0.777777777778,0.574358974359,0.660766961652,112,32,83,358,0.574358974359,0.917948717949,0.0820512820513,0.425641025641,0.777777777778,0.574358974359,0.660766961652,0.803418803419,0.584615384615,0.526748971193,0.538748023761,0.492307692308,216,21,195,0,216,0,21,0,195,37,216,0.162162162162,1.32432432432,11.6756756757,21.6,6,8.1990990496,0.702237650082,0.31006006006,10.329336629,1.76937710775,0.765265265265,3.0868314707,0.528762798222,0.252752752753,0.579945114934,0.437917739848,2,1.32432432432,0.579945114934,2,0.0121701261701,0.00597269624573,7,0.000900900900901,0.621196581197,37,37,37,1,0,0.72972972973,0.243243243243,0.027027027027,37,0.0157657657658,1.27027027027,1.13513513514,2.33333333333,1.3125,1.13436624896,0.999322647896,0.52380952381,1.14359424964,2.01490415413,0.815958815959,0.728031613345,1.28272236637,0.638352638353,0.508191163105,0.400065383721,2,1.41176470588,0.618346942401,2,0,0,0,0,0.032671957672,37,17,17,0.459459459459,0,0.405405405405,0.027027027027,0.216216216216,37,165,0.123873873874,2.09497003717,8.91891891892,6.11111111111,4.58333333333,6.6515594595,0.745780909095,0.40819000819,6.69408775046,1.50109846525,0.683701883702,4.75274537384,1.06576714444,0.512694512695,0.931156401924,0.444472419846,4,2.09497003717,0.931156401924,4,0.42683717156,0.241513094083,166,0.0213642213642,0.283247213871,37,37,37,1,0,0.27027027027,0.702702702703,0.027027027027,-51,-0.0382882882883,0.770645712842,-2.75675675676,-15.4888888889,-1.41666666667,-1.54753959011,0.0435432590134,0.0981299481299,-3.63524887854,-0.268278642491,-0.0815633815634,1.66591390314,0.537004346215,0.259941759942,0.35121128699,0.00655467999746,2,0.770645712842,0.35121128699,2,0.41466704539,0.235540397838,159,0.0204633204633,-0.337949367325,-0.459459459459,0.459459459459,0,133,32,83,1084,0.615740740741,0.971326164875,0.0286738351254,0.384259259259,0.806060606061,0.615740740741,0.698162729659,0.656854487968,0.587066905615,0.536290322581,144,195,0,0,0,0
192,WLNM_dir_neg,0.769914529915,0.715534131823,00:00:08,10,10,22,1231466246,threshold_sweep,0.3,0.777777777778,0.574358974359,0.660766961652,112,32,83,358,0.574358974359,0.917948717949,0.0820512820513,0.425641025641,0.777777777778,0.574358974359,0.660766961652,0.803418803419,0.584615384615,0.526748971193,0.538748023761,0.492307692308,216,21,195,0,216,0,21,0,195,37,216,0.162162162162,1.32432432432,11.6756756757,21.6,6,8.1990990496,0.702237650082,0.31006006006,10.329336629,1.76937710775,0.765265265265,3.0868314707,0.528762798222,0.252752752753,0.579945114934,0.437917739848,2,1.32432432432,0.579945114934,2,0.0121701261701,0.00597269624573,7,0.000900900900901,0.621196581197,37,37,37,1,0,0.72972972973,0.243243243243,0.027027027027,37,0.0157657657658,1.27027027027,1.13513513514,2.33333333333,1.3125,1.13436624896,0.999322647896,0.52380952381,1.14359424964,2.01490415413,0.815958815959,0.728031613345,1.28272236637,0.638352638353,0.508191163105,0.400065383721,2,1.41176470588,0.618346942401,2,0,0,0,0,0.032671957672,37,17,17,0.459459459459,0,0.405405405405,0.027027027027,0.216216216216,37,165,0.123873873874,2.09497003717,8.91891891892,6.11111111111,4.58333333333,6.6515594595,0.745780909095,0.40819000819,6.69408775046,1.50109846525,0.683701883702,4.75274537384,1.06576714444,0.512694512695,0.931156401924,0.444472419846,4,2.09497003717,0.931156401924,4,0.42683717156,0.241513094083,166,0.0213642213642,0.283247213871,37,37,37,1,0,0.27027027027,0.702702702703,0.027027027027,-51,-0.0382882882883,0.770645712842,-2.75675675676,-15.4888888889,-1.41666666667,-1.54753959011,0.0435432590134,0.0981299481299,-3.63524887854,-0.268278642491,-0.0815633815634,1.66591390314,0.537004346215,0.259941759942,0.35121128699,0.00655467999746,2,0.770645712842,0.35121128699,2,0.41466704539,0.235540397838,159,0.0204633204633,-0.337949367325,-0.459459459459,0.459459459459,0,133,32,83,1084,0.615740740741,0.971326164875,0.0286738351254,0.384259259259,0.806060606061,0.615740740741,0.698162729659,0.656854487968,0.587066905615,0.536290322581,144,195,0,0,0,0
193,WLNM_dir_neg,0.769914529915,0.715534131823,00:00:08,10,10,22,1231466246,threshold_sweep,0.4,0.777777777778,0.574358974359,0.660766961652,112,32,83,358,0.574358974359,0.917948717949,0.0820512820513,0.425641025641,0.777777777778,0.574358974359,0.660766961652,0.803418803419,0.584615384615,0.526748971193,0.538748023761,0.492307692308,216,21,195,0,216,0,21,0,195,37,216,0.162162162162,1.32432432432,11.6756756757,21.6,6,8.1990990496,0.702237650082,0.31006006006,10.329336629,1.76937710775,0.765265265265,3.0868314707,0.528762798222,0.252752752753,0.579945114934,0.437917739848,2,1.32432432432,0.579945114934,2,0.0121701261701,0.00597269624573,7,0.000900900900901,0.621196581197,37,37,37,1,0,0.72972972973,0.243243243243,0.027027027027,37,0.0157657657658,1.27027027027,1.13513513514,2.33333333333,1.3125,1.13436624896,0.999322647896,0.52380952381,1.14359424964,2.01490415413,0.815958815959,0.728031613345,1.28272236637,0.638352638353,0.508191163105,0.400065383721,2,1.41176470588,0.618346942401,2,0,0,0,0,0.032671957672,37,17,17,0.459459459459,0,0.405405405405,0.027027027027,0.216216216216,37,165,0.123873873874,2.09497003717,8.91891891892,6.11111111111,4.58333333333,6.6515594595,0.745780909095,0.40819000819,6.69408775046,1.50109846525,0.683701883702,4.75274537384,1.06576714444,0.512694512695,0.931156401924,0.444472419846,4,2.09497003717,0.931156401924,4,0.42683717156,0.241513094083,166,0.0213642213642,0.283247213871,37,37,37,1,0,0.27027027027,0.702702702703,0.027027027027,-51,-0.0382882882883,0.770645712842,-2.75675675676,-15.4888888889,-1.41666666667,-1.54753959011,0.0435432590134,0.0981299481299,-3.63524887854,-0.268278642491,-0.0815633815634,1.66591390314,0.537004346215,0.259941759942,0.35121128699,0.00655467999746,2,0.770645712842,0.35121128699,2,0.41466704539,0.235540397838,159,0.0204633204633,-0.337949367325,-0.459459459459,0.459459459459,0,133,32,83,1084,0.615740740741,0.971326164875,0.0286738351254,0.384259259259,0.806060606061,0.615740740741,0.698162729659,0.656854487968,0.587066905615,0.536290322581,144,195,0,0,0,0
194,WLNM_dir_neg,0.769914529915,0.715534131823,00:00:08,10,10,22,1231466246,threshold_sweep,0.5,0.777777777778,0.574358974359,0.660766961652,112,32,83,358,0.574358974359,0.917948717949,0.0820512820513,0.425641025641,0.777777777778,0.574358974359,0.660766961652,0.803418803419,0.584615384615,0.526748971193,0.538748023761,0.492307692308,216,21,195,0,216,0,21,0,195,37,216,0.162162162162,1.32432432432,11.6756756757,21.6,6,8.1990990496,0.702237650082,0.31006006006,10.329336629,1.76937710775,0.765265265265,3.0868314707,0.528762798222,0.252752752753,0.579945114934,0.437917739848,2,1.32432432432,0.579945114934,2,0.0121701261701,0.00597269624573,7,0.000900900900901,0.621196581197,37,37,37,1,0,0.72972972973,0.243243243243,0.027027027027,37,0.0157657657658,1.27027027027,1.13513513514,2.33333333333,1.3125,1.13436624896,0.999322647896,0.52380952381,1.14359424964,2.01490415413,0.815958815959,0.728031613345,1.28272236637,0.638352638353,0.508191163105,0.400065383721,2,1.41176470588,0.618346942401,2,0,0,0,0,0.032671957672,37,17,17,0.459459459459,0,0.405405405405,0.027027027027,0.216216216216,37,165,0.123873873874,2.09497003717,8.91891891892,6.11111111111,4.58333333333,6.6515594595,0.745780909095,0.40819000819,6.69408775046,1.50109846525,0.683701883702,4.75274537384,1.06576714444,0.512694512695,0.931156401924,0.444472419846,4,2.09497003717,0.931156401924,4,0.42683717156,0.241513094083,166,0.0213642213642,0.283247213871,37,37,37,1,0,0.27027027027,0.702702702703,0.027027027027,-51,-0.0382882882883,0.770645712842,-2.75675675676,-15.4888888889,-1.41666666667,-1.54753959011,0.0435432590134,0.0981299481299,-3.63524887854,-0.268278642491,-0.0815633815634,1.66591390314,0.537004346215,0.259941759942,0.35121128699,0.00655467999746,2,0.770645712842,0.35121128699,2,0.41466704539,0.235540397838,159,0.0204633204633,-0.337949367325,-0.459459459459,0.459459459459,0,133,32,83,1084,0.615740740741,0.971326164875,0.0286738351254,0.384259259259,0.806060606061,0.615740740741,0.698162729659,0.656854487968,0.587066905615,0.536290322581,144,195,0,0,0,0
195,WLNM_dir_neg,0.769914529915,0.715534131823,00:00:08,10,10,22,1231466246,threshold_sweep,0.6,0.783216783217,0.574358974359,0.662721893491,112,31,83,359,0.574358974359,0.920512820513,0.0794871794872,0.425641025641,0.783216783217,0.574358974359,0.662721893491,0.805128205128,0.585185185185,0.53021978022,0.542829145602,0.494871794872,216,21,195,0,216,0,21,0,195,37,216,0.162162162162,1.32432432432,11.6756756757,21.6,6,8.1990990496,0.702237650082,0.31006006006,10.329336629,1.76937710775,0.765265265265,3.0868314707,0.528762798222,0.252752752753,0.579945114934,0.437917739848,2,1.32432432432,0.579945114934,2,0.0121701261701,0.00597269624573,7,0.000900900900901,0.621196581197,37,37,37,1,0,0.72972972973,0.243243243243,0.027027027027,37,0.0157657657658,1.27027027027,1.13513513514,2.33333333333,1.3125,1.13436624896,0.999322647896,0.52380952381,1.14359424964,2.01490415413,0.815958815959,0.728031613345,1.28272236637,0.638352638353,0.508191163105,0.400065383721,2,1.41176470588,0.618346942401,2,0,0,0,0,0.032671957672,37,17,17,0.459459459459,0,0.405405405405,0.027027027027,0.216216216216,37,164,0.123123123123,2.09497003717,8.86486486486,6.07407407407,4.55555555556,6.6129593399,0.745974071879,0.408371786421,6.70630110228,1.513006956,0.686882003955,4.66393098708,1.05222833245,0.509887936717,0.931156401924,0.444472419846,4,2.09497003717,0.931156401924,4,0.422365135067,0.235756385069,160,0.020592020592,0.271348804058,37,37,37,1,0,0.27027027027,0.702702702703,0.027027027027,-52,-0.039039039039,0.770645712842,-2.81081081081,-15.5259259259,-1.44444444444,-1.5861397097,0.0437364217976,0.0983117263605,-3.62303552672,-0.256370151743,-0.0783832613101,1.57709951638,0.523465534229,0.257135183964,0.35121128699,0.00655467999746,2,0.770645712842,0.35121128699,2,0.410195008897,0.229783688823,153,0.0196911196911,-0.349847777138,-0.459459459459,0.459459459459,0,133,31,83,1085,0.615740740741,0.972222222222,0.0277777777778,0.384259259259,0.810975609756,0.615740740741,0.7,0.659577143131,0.587962962963,0.538461538462,143,195,0,0,0,0
196,WLNM_dir_neg,0.769914529915,0.715534131823,00:00:08,10,10,22,1231466246,threshold_sweep,0.7,0.783216783217,0.574358974359,0.662721893491,112,31,83,359,0.574358974359,0.920512820513,0.0794871794872,0.425641025641,0.783216783217,0.574358974359,0.662721893491,0.805128205128,0.585185185185,0.53021978022,0.542829145602,0.494871794872,216,21,195,0,216,0,21,0,195,37,216,0.162162162162,1.32432432432,11.6756756757,21.6,6,8.1990990496,0.702237650082,0.31006006006,10.329336629,1.76937710775,0.765265265265,3.0868314707,0.528762798222,0.252752752753,0.579945114934,0.437917739848,2,1.32432432432,0.579945114934,2,0.0121701261701,0.00597269624573,7,0.000900900900901,0.621196581197,37,37,37,1,0,0.72972972973,0.243243243243,0.027027027027,37,0.0157657657658,1.27027027027,1.13513513514,2.33333333333,1.3125,1.13436624896,0.999322647896,0.52380952381,1.14359424964,2.01490415413,0.815958815959,0.728031613345,1.28272236637,0.638352638353,0.508191163105,0.400065383721,2,1.41176470588,0.618346942401,2,0,0,0,0,0.032671957672,37,17,17,0.459459459459,0,0.405405405405,0.027027027027,0.216216216216,37,164,0.123123123123,2.09497003717,8.86486486486,6.07407407407,4.55555555556,6.6129593399,0.745974071879,0.408371786421,6.70630110228,1.513006956,0.686882003955,4.66393098708,1.05222833245,0.509887936717,0.931156401924,0.444472419846,4,2.09497003717,0.931156401924,4,0.422365135067,0.235756385069,160,0.020592020592,0.271348804058,37,37,37,1,0,0.27027027027,0.702702702703,0.027027027027,-52,-0.039039039039,0.770645712842,-2.81081081081,-15.5259259259,-1.44444444444,-1.5861397097,0.0437364217976,0.0983117263605,-3.62303552672,-0.256370151743,-0.0783832613101,1.57709951638,0.523465534229,0.257135183964,0.35121128699,0.00655467999746,2,0.770645712842,0.35121128699,2,0.410195008897,0.229783688823,153,0.0196911196911,-0.349847777138,-0.459459459459,0.459459459459,0,133,31,83,1085,0.615740740741,0.972222222222,0.0277777777778,0.384259259259,0.810975609756,0.615740740741,0.7,0.659577143131,0.587962962963,0.538461538462,143,195,0,0,0,0
197,WLNM_dir_neg,0.769914529915,0.715534131823,00:00:08,10,10,22,1231466246,threshold_sweep,0.8,0.78102189781,0.548717948718,0.644578313253,107,30,88,360,0.548717948718,0.923076923077,0.0769230769231,0.451282051282,0.78102189781,0.548717948718,0.644578313253,0.798290598291,0.588603988604,0.509695290859,0.525174383869,0.471794871795,216,21,195,0,216,0,21,0,195,37,216,0.162162162162,1.32432432432,11.6756756757,21.6,6,8.1990990496,0.702237650082,0.31006006006,10.329336629,1.76937710775,0.765265265265,3.0868314707,0.528762798222,0.252752752753,0.579945114934,0.437917739848,2,1.32432432432,0.579945114934,2,0.0121701261701,0.00597269624573,7,0.000900900900901,0.621196581197,37,37,37,1,0,0.72972972973,0.243243243243,0.027027027027,37,0.0157657657658,1.27027027027,1.13513513514,2.33333333333,1.3125,1.13436624896,0.999322647896,0.52380952381,1.14359424964,2.01490415413,0.815958815959,0.728031613345,1.28272236637,0.638352638353,0.508191163105,0.400065383721,2,1.41176470588,0.618346942401,2,0,0,0,0,0.032671957672,37,17,17,0.459459459459,0,0.405405405405,0.027027027027,0.216216216216,37,158,0.118618618619,1.84534004446,8.54054054054,6.07692307692,4.38888888889,6.26540144406,0.733607131109,0.404379062607,6.33617764485,1.48378843582,0.684912760862,4.48855735701,1.05111786208,0.508039685255,0.621186016649,0.336624146055,2.29796196773,1.84534004446,0.621186016649,2.29796196773,0.345819382766,0.2256,141,0.0181467181467,0.286893568841,37,37,37,1,0,0.297297297297,0.675675675676,0.027027027027,-58,-0.0435435435435,0.521015720137,-3.13513513514,-15.5230769231,-1.61111111111,-1.93369760554,0.0313694810267,0.0943190025469,-3.99315898415,-0.285588671925,-0.0803525044031,1.4017258863,0.522355063862,0.255286932502,0.0412409017141,-0.101293593793,0.297961967733,0.521015720137,0.0412409017141,0.297961967733,0.333649256596,0.219627303754,134,0.0172458172458,-0.334303012356,-0.432432432432,0.432432432432,0,128,30,88,1086,0.592592592593,0.97311827957,0.0268817204301,0.407407407407,0.810126582278,0.592592592593,0.68449197861,0.644897816184,0.565710872162,0.520325203252,137,195,0,0,0,0
198,WLNM_dir_neg,0.769914529915,0.715534131823,00:00:08,10,10,22,1231466246,threshold_sweep,0.9,0.836538461538,0.446153846154,0.581939799331,87,17,108,373,0.446153846154,0.95641025641,0.0435897435897,0.553846153846,0.836538461538,0.446153846154,0.581939799331,0.786324786325,0.607407407407,0.455732946299,0.496358480903,0.402564102564,216,21,195,0,216,0,21,0,195,37,216,0.162162162162,1.32432432432,11.6756756757,21.6,6,8.1990990496,0.702237650082,0.31006006006,10.329336629,1.76937710775,0.765265265265,3.0868314707,0.528762798222,0.252752752753,0.579945114934,0.437917739848,2,1.32432432432,0.579945114934,2,0.0121701261701,0.00597269624573,7,0.000900900900901,0.621196581197,37,37,37,1,0,0.72972972973,0.243243243243,0.027027027027,37,0.0157657657658,1.27027027027,1.13513513514,2.33333333333,1.3125,1.13436624896,0.999322647896,0.52380952381,1.14359424964,2.01490415413,0.815958815959,0.728031613345,1.28272236637,0.638352638353,0.508191163105,0.400065383721,2,1.41176470588,0.618346942401,2,0,0,0,0,0.032671957672,37,17,17,0.459459459459,0,0.405405405405,0.027027027027,0.216216216216,37,125,0.0938438438438,1.61914061605,6.75675675676,6.57894736842,6.57894736842,5.89446729949,0.872381160324,0.478054054054,5.84214264039,1.72927422155,0.753297297297,4.17899078295,1.23698127175,0.617945945946,0.648350201188,0.400428594503,2.26666666667,1.7636067598,0.638517347371,2.26666666667,0.224305256291,0.216356877323,97,0.0124839124839,0.367025490658,37,30,30,0.810810810811,0,0.297297297297,0.216216216216,0.297297297297,-91,-0.0683183183183,0.294816291728,-4.91891891892,-15.0210526316,0.578947368421,-2.30463175012,0.170143510243,0.167993993994,-4.48719398861,-0.0401028861907,-0.011967967968,1.09215931224,0.70821847353,0.365193193193,0.0684050862536,-0.0374891453458,0.266666666667,0.439282435474,0.0585722324367,0.266666666667,0.21213513012,0.210384181078,90,0.011583011583,-0.254171090538,-0.432432432432,-0.027027027027,0.27027027027,108,17,108,1099,0.5,0.98476702509,0.0152329749104,0.5,0.864,0.5,0.633431085044,0.61275011556,0.48476702509,0.463519313305,104,195,0,0,0,0
199,WLNM_dir_neg,0.866364234057,0.809260852593,00:00:08,10,10,23,1231466247,threshold_sweep,0.1,0.909836065574,0.569230769231,0.700315457413,111,11,84,379,0.569230769231,0.971794871795,0.0282051282051,0.430769230769,0.909836065574,0.569230769231,0.700315457413,0.837606837607,0.597150997151,0.596888260255,0.627764924765,0.541025641026,216,21,195,0,216,0,21,0,195,37,216,0.162162162162,1.32432432432,11.6756756757,21.6,6,8.1990990496,0.702237650082,0.31006006006,10.329336629,1.76937710775,0.765265265265,3.0868314707,0.528762798222,0.252752752753,0.579945114934,0.437917739848,2,1.32432432432,0.579945114934,2,0.0121701261701,0.00597269624573,7,0.000900900900901,0.621196581197,37,37,37,1,0,0.72972972973,0.243243243243,0.027027027027,37,0.0157657657658,1.24324324324,1.13513513514,2.625,1.16666666667,1.2728393929,1.12131089375,0.541827541828,1.28107031077,2.25712388088,0.839124839125,0.647239460261,1.14037428713,0.571428571429,0.49471683289,0.397924409064,2,1.54545454545,0.687551650952,2,0,0,0,0,0.0223214285714,37,11,11,0.297297297297,0,0.432432432432,0.0540540540541,0.162162162162,37,143,0.107357357357,1.53358856055,7.72972972973,13,4.61290322581,7.06968743867,0.914609913394,0.435267435267,8.17571662561,2.11539521082,0.830466830467,2.55127595705,0.660120352523,0.361746361746,0.875707715084,0.571018679724,2.44444444444,1.54841046501,0.883410251415,2.44444444444,0.0694792296003,0.0561224489796,33,0.0042471042471,0.289522714345,37,36,36,0.972972972973,0,0.675675675676,0.162162162162,0.135135135135,-73,-0.0548048048048,0.209264236225,-3.94594594595,-8.6,-1.38709677419,-1.12941161094,0.212372263312,0.125207375207,-2.15362000339,0.346018103078,0.0652015652016,-0.535555513656,0.1313575543,0.108993608994,0.29576260015,0.133100939875,0.444444444444,0.224086140685,0.303465136481,0.444444444444,0.0573091034302,0.0501497527339,26,0.0033462033462,-0.331673866851,-0.0540540540541,-0.0810810810811,0.108108108108,132,11,84,1105,0.611111111111,0.990143369176,0.00985663082437,0.388888888889,0.923076923077,0.611111111111,0.735376044568,0.715909874081,0.601254480287,0.581497797357,122,195,0,0,0,0
200,WLNM_dir_neg,0.866364234057,0.809260852593,00:00:08,10,10,23,1231466247,threshold_sweep,0.2,0.932773109244,0.569230769231,0.707006369427,111,8,84,382,0.569230769231,0.979487179487,0.0205128205128,0.430769230769,0.932773109244,0.569230769231,0.707006369427,0.842735042735,0.59886039886,0.607954545455,0.642587593714,0.548717948718,216,21,195,0,216,0,21,0,195,37,216,0.162162162162,1.32432432432,11.6756756757,21.6,6,8.1990990496,0.702237650082,0.31006006006,10.329336629,1.76937710775,0.765265265265,3.0868314707,0.528762798222,0.252752752753,0.579945114934,0.437917739848,2,1.32432432432,0.579945114934,2,0.0121701261701,0.00597269624573,7,0.000900900900901,0.621196581197,37,37,37,1,0,0.72972972973,0.243243243243,0.027027027027,37,0.0157657657658,1.24324324324,1.13513513514,2.625,1.16666666667,1.2728393929,1.12131089375,0.541827541828,1.28107031077,2.25712388088,0.839124839125,0.647239460261,1.14037428713,0.571428571429,0.49471683289,0.397924409064,2,1.54545454545,0.687551650952,2,0,0,0,0,0.0223214285714,37,11,11,0.297297297297,0,0.432432432432,0.0540540540541,0.162162162162,37,140,0.105105105105,1.25115935752,7.56756756757,17.5,4.51612903226,6.9463841135,0.917915043569,0.43166023166,8.20953082681,2.16966171851,0.837837837838,2.55098167526,0.674188014176,0.371428571429,0.510006275812,0.407626952351,2.04651162791,1.25813600634,0.51544702307,2.04651162791,0.0694792296003,0.0561224489796,33,0.0042471042471,0.468465235711,37,36,36,0.972972972973,0,0.756756756757,0.0810810810811,0.135135135135,-76,-0.0570570570571,-0.0731649668038,-4.10810810811,-4.1,-1.48387096774,-1.25271493611,0.215677393487,0.1216001716,-2.11980580219,0.40028461077,0.0725725725726,-0.535849795445,0.145425215953,0.118675818676,-0.0699388391229,-0.0302907874974,0.046511627907,-0.0661883179838,-0.0644980918644,0.046511627907,0.0573091034302,0.0501497527339,26,0.0033462033462,-0.152731345485,0.027027027027,-0.162162162162,0.108108108108,132,8,84,1108,0.611111111111,0.992831541219,0.00716845878136,0.388888888889,0.942857142857,0.611111111111,0.741573033708,0.725859439916,0.60394265233,0.589285714286,119,195,0,0,0,0
201,WLNM_dir_neg,0.866364234057,0.809260852593,00:00:08,10,10,23,1231466247,threshold_sweep,0.3,0.932773109244,0.569230769231,0.707006369427,111,8,84,382,0.569230769231,0.979487179487,0.0205128205128,0.430769230769,0.932773109244,0.569230769231,0.707006369427,0.842735042735,0.59886039886,0.607954545455,0.642587593714,0.548717948718,216,21,195,0,216,0,21,0,195,37,216,0.162162162162,1.32432432432,11.6756756757,21.6,6,8.1990990496,0.702237650082,0.31006006006,10.329336629,1.76937710775,0.765265265265,3.0868314707,0.528762798222,0.252752752753,0.579945114934,0.437917739848,2,1.32432432432,0.579945114934,2,0.0121701261701,0.00597269624573,7,0.000900900900901,0.621196581197,37,37,37,1,0,0.72972972973,0.243243243243,0.027027027027,37,0.0157657657658,1.24324324324,1.13513513514,2.625,1.16666666667,1.2728393929,1.12131089375,0.541827541828,1.28107031077,2.25712388088,0.839124839125,0.647239460261,1.14037428713,0.571428571429,0.49471683289,0.397924409064,2,1.54545454545,0.687551650952,2,0,0,0,0,0.0223214285714,37,11,11,0.297297297297,0,0.432432432432,0.0540540540541,0.162162162162,37,140,0.105105105105,1.25115935752,7.56756756757,17.5,4.51612903226,6.9463841135,0.917915043569,0.43166023166,8.20953082681,2.16966171851,0.837837837838,2.55098167526,0.674188014176,0.371428571429,0.510006275812,0.407626952351,2.04651162791,1.25813600634,0.51544702307,2.04651162791,0.0694792296003,0.0561224489796,33,0.0042471042471,0.468465235711,37,36,36,0.972972972973,0,0.756756756757,0.0810810810811,0.135135135135,-76,-0.0570570570571,-0.0731649668038,-4.10810810811,-4.1,-1.48387096774,-1.25271493611,0.215677393487,0.1216001716,-2.11980580219,0.40028461077,0.0725725725726,-0.535849795445,0.145425215953,0.118675818676,-0.0699388391229,-0.0302907874974,0.046511627907,-0.0661883179838,-0.0644980918644,0.046511627907,0.0573091034302,0.0501497527339,26,0.0033462033462,-0.152731345485,0.027027027027,-0.162162162162,0.108108108108,132,8,84,1108,0.611111111111,0.992831541219,0.00716845878136,0.388888888889,0.942857142857,0.611111111111,0.741573033708,0.725859439916,0.60394265233,0.589285714286,119,195,0,0,0,0
202,WLNM_dir_neg,0.866364234057,0.809260852593,00:00:08,10,10,23,1231466247,threshold_sweep,0.4,0.932773109244,0.569230769231,0.707006369427,111,8,84,382,0.569230769231,0.979487179487,0.0205128205128,0.430769230769,0.932773109244,0.569230769231,0.707006369427,0.842735042735,0.59886039886,0.607954545455,0.642587593714,0.548717948718,216,21,195,0,216,0,21,0,195,37,216,0.162162162162,1.32432432432,11.6756756757,21.6,6,8.1990990496,0.702237650082,0.31006006006,10.329336629,1.76937710775,0.765265265265,3.0868314707,0.528762798222,0.252752752753,0.579945114934,0.437917739848,2,1.32432432432,0.579945114934,2,0.0121701261701,0.00597269624573,7,0.000900900900901,0.621196581197,37,37,37,1,0,0.72972972973,0.243243243243,0.027027027027,37,0.0157657657658,1.24324324324,1.13513513514,2.625,1.16666666667,1.2728393929,1.12131089375,0.541827541828,1.28107031077,2.25712388088,0.839124839125,0.647239460261,1.14037428713,0.571428571429,0.49471683289,0.397924409064,2,1.54545454545,0.687551650952,2,0,0,0,0,0.0223214285714,37,11,11,0.297297297297,0,0.432432432432,0.0540540540541,0.162162162162,37,140,0.105105105105,1.25115935752,7.56756756757,17.5,4.51612903226,6.9463841135,0.917915043569,0.43166023166,8.20953082681,2.16966171851,0.837837837838,2.55098167526,0.674188014176,0.371428571429,0.510006275812,0.407626952351,2.04651162791,1.25813600634,0.51544702307,2.04651162791,0.0694792296003,0.0561224489796,33,0.0042471042471,0.468465235711,37,36,36,0.972972972973,0,0.756756756757,0.0810810810811,0.135135135135,-76,-0.0570570570571,-0.0731649668038,-4.10810810811,-4.1,-1.48387096774,-1.25271493611,0.215677393487,0.1216001716,-2.11980580219,0.40028461077,0.0725725725726,-0.535849795445,0.145425215953,0.118675818676,-0.0699388391229,-0.0302907874974,0.046511627907,-0.0661883179838,-0.0644980918644,0.046511627907,0.0573091034302,0.0501497527339,26,0.0033462033462,-0.152731345485,0.027027027027,-0.162162162162,0.108108108108,132,8,84,1108,0.611111111111,0.992831541219,0.00716845878136,0.388888888889,0.942857142857,0.611111111111,0.741573033708,0.725859439916,0.60394265233,0.589285714286,119,195,0,0,0,0
203,WLNM_dir_neg,0.866364234057,0.809260852593,00:00:08,10,10,23,1231466247,threshold_sweep,0.5,0.932773109244,0.569230769231,0.707006369427,111,8,84,382,0.569230769231,0.979487179487,0.0205128205128,0.430769230769,0.932773109244,0.569230769231,0.707006369427,0.842735042735,0.59886039886,0.607954545455,0.642587593714,0.548717948718,216,21,195,0,216,0,21,0,195,37,216,0.162162162162,1.32432432432,11.6756756757,21.6,6,8.1990990496,0.702237650082,0.31006006006,10.329336629,1.76937710775,0.765265265265,3.0868314707,0.528762798222,0.252752752753,0.579945114934,0.437917739848,2,1.32432432432,0.579945114934,2,0.0121701261701,0.00597269624573,7,0.000900900900901,0.621196581197,37,37,37,1,0,0.72972972973,0.243243243243,0.027027027027,37,0.0157657657658,1.24324324324,1.13513513514,2.625,1.16666666667,1.2728393929,1.12131089375,0.541827541828,1.28107031077,2.25712388088,0.839124839125,0.647239460261,1.14037428713,0.571428571429,0.49471683289,0.397924409064,2,1.54545454545,0.687551650952,2,0,0,0,0,0.0223214285714,37,11,11,0.297297297297,0,0.432432432432,0.0540540540541,0.162162162162,37,140,0.105105105105,1.25115935752,7.56756756757,17.5,4.51612903226,6.9463841135,0.917915043569,0.43166023166,8.20953082681,2.16966171851,0.837837837838,2.55098167526,0.674188014176,0.371428571429,0.510006275812,0.407626952351,2.04651162791,1.25813600634,0.51544702307,2.04651162791,0.0694792296003,0.0561224489796,33,0.0042471042471,0.468465235711,37,36,36,0.972972972973,0,0.756756756757,0.0810810810811,0.135135135135,-76,-0.0570570570571,-0.0731649668038,-4.10810810811,-4.1,-1.48387096774,-1.25271493611,0.215677393487,0.1216001716,-2.11980580219,0.40028461077,0.0725725725726,-0.535849795445,0.145425215953,0.118675818676,-0.0699388391229,-0.0302907874974,0.046511627907,-0.0661883179838,-0.0644980918644,0.046511627907,0.0573091034302,0.0501497527339,26,0.0033462033462,-0.152731345485,0.027027027027,-0.162162162162,0.108108108108,132,8,84,1108,0.611111111111,0.992831541219,0.00716845878136,0.388888888889,0.942857142857,0.611111111111,0.741573033708,0.725859439916,0.60394265233,0.589285714286,119,195,0,0,0,0
204,WLNM_dir_neg,0.866364234057,0.809260852593,00:00:08,10,10,23,1231466247,threshold_sweep,0.6,0.932773109244,0.569230769231,0.707006369427,111,8,84,382,0.569230769231,0.979487179487,0.0205128205128,0.430769230769,0.932773109244,0.569230769231,0.707006369427,0.842735042735,0.59886039886,0.607954545455,0.642587593714,0.548717948718,216,21,195,0,216,0,21,0,195,37,216,0.162162162162,1.32432432432,11.6756756757,21.6,6,8.1990990496,0.702237650082,0.31006006006,10.329336629,1.76937710775,0.765265265265,3.0868314707,0.528762798222,0.252752752753,0.579945114934,0.437917739848,2,1.32432432432,0.579945114934,2,0.0121701261701,0.00597269624573,7,0.000900900900901,0.621196581197,37,37,37,1,0,0.72972972973,0.243243243243,0.027027027027,37,0.0157657657658,1.24324324324,1.13513513514,2.625,1.16666666667,1.2728393929,1.12131089375,0.541827541828,1.28107031077,2.25712388088,0.839124839125,0.647239460261,1.14037428713,0.571428571429,0.49471683289,0.397924409064,2,1.54545454545,0.687551650952,2,0,0,0,0,0.0223214285714,37,11,11,0.297297297297,0,0.432432432432,0.0540540540541,0.162162162162,37,140,0.105105105105,1.25115935752,7.56756756757,17.5,4.51612903226,6.9463841135,0.917915043569,0.43166023166,8.20953082681,2.16966171851,0.837837837838,2.55098167526,0.674188014176,0.371428571429,0.510006275812,0.407626952351,2.04651162791,1.25813600634,0.51544702307,2.04651162791,0.0694792296003,0.0561224489796,33,0.0042471042471,0.468465235711,37,36,36,0.972972972973,0,0.756756756757,0.0810810810811,0.135135135135,-76,-0.0570570570571,-0.0731649668038,-4.10810810811,-4.1,-1.48387096774,-1.25271493611,0.215677393487,0.1216001716,-2.11980580219,0.40028461077,0.0725725725726,-0.535849795445,0.145425215953,0.118675818676,-0.0699388391229,-0.0302907874974,0.046511627907,-0.0661883179838,-0.0644980918644,0.046511627907,0.0573091034302,0.0501497527339,26,0.0033462033462,-0.152731345485,0.027027027027,-0.162162162162,0.108108108108,132,8,84,1108,0.611111111111,0.992831541219,0.00716845878136,0.388888888889,0.942857142857,0.611111111111,0.741573033708,0.725859439916,0.60394265233,0.589285714286,119,195,0,0,0,0
205,WLNM_dir_neg,0.866364234057,0.809260852593,00:00:08,10,10,23,1231466247,threshold_sweep,0.7,0.932773109244,0.569230769231,0.707006369427,111,8,84,382,0.569230769231,0.979487179487,0.0205128205128,0.430769230769,0.932773109244,0.569230769231,0.707006369427,0.842735042735,0.59886039886,0.607954545455,0.642587593714,0.548717948718,216,21,195,0,216,0,21,0,195,37,216,0.162162162162,1.32432432432,11.6756756757,21.6,6,8.1990990496,0.702237650082,0.31006006006,10.329336629,1.76937710775,0.765265265265,3.0868314707,0.528762798222,0.252752752753,0.579945114934,0.437917739848,2,1.32432432432,0.579945114934,2,0.0121701261701,0.00597269624573,7,0.000900900900901,0.621196581197,37,37,37,1,0,0.72972972973,0.243243243243,0.027027027027,37,0.0157657657658,1.24324324324,1.13513513514,2.625,1.16666666667,1.2728393929,1.12131089375,0.541827541828,1.28107031077,2.25712388088,0.839124839125,0.647239460261,1.14037428713,0.571428571429,0.49471683289,0.397924409064,2,1.54545454545,0.687551650952,2,0,0,0,0,0.0223214285714,37,11,11,0.297297297297,0,0.432432432432,0.0540540540541,0.162162162162,37,140,0.105105105105,1.25115935752,7.56756756757,17.5,4.51612903226,6.9463841135,0.917915043569,0.43166023166,8.20953082681,2.16966171851,0.837837837838,2.55098167526,0.674188014176,0.371428571429,0.510006275812,0.407626952351,2.04651162791,1.25813600634,0.51544702307,2.04651162791,0.0694792296003,0.0561224489796,33,0.0042471042471,0.468465235711,37,36,36,0.972972972973,0,0.756756756757,0.0810810810811,0.135135135135,-76,-0.0570570570571,-0.0731649668038,-4.10810810811,-4.1,-1.48387096774,-1.25271493611,0.215677393487,0.1216001716,-2.11980580219,0.40028461077,0.0725725725726,-0.535849795445,0.145425215953,0.118675818676,-0.0699388391229,-0.0302907874974,0.046511627907,-0.0661883179838,-0.0644980918644,0.046511627907,0.0573091034302,0.0501497527339,26,0.0033462033462,-0.152731345485,0.027027027027,-0.162162162162,0.108108108108,132,8,84,1108,0.611111111111,0.992831541219,0.00716845878136,0.388888888889,0.942857142857,0.611111111111,0.741573033708,0.725859439916,0.60394265233,0.589285714286,119,195,0,0,0,0
206,WLNM_dir_neg,0.866364234057,0.809260852593,00:00:08,10,10,23,1231466247,threshold_sweep,0.8,0.932773109244,0.569230769231,0.707006369427,111,8,84,382,0.569230769231,0.979487179487,0.0205128205128,0.430769230769,0.932773109244,0.569230769231,0.707006369427,0.842735042735,0.59886039886,0.607954545455,0.642587593714,0.548717948718,216,21,195,0,216,0,21,0,195,37,216,0.162162162162,1.32432432432,11.6756756757,21.6,6,8.1990990496,0.702237650082,0.31006006006,10.329336629,1.76937710775,0.765265265265,3.0868314707,0.528762798222,0.252752752753,0.579945114934,0.437917739848,2,1.32432432432,0.579945114934,2,0.0121701261701,0.00597269624573,7,0.000900900900901,0.621196581197,37,37,37,1,0,0.72972972973,0.243243243243,0.027027027027,37,0.0157657657658,1.24324324324,1.13513513514,2.625,1.16666666667,1.2728393929,1.12131089375,0.541827541828,1.28107031077,2.25712388088,0.839124839125,0.647239460261,1.14037428713,0.571428571429,0.49471683289,0.397924409064,2,1.54545454545,0.687551650952,2,0,0,0,0,0.0223214285714,37,11,11,0.297297297297,0,0.432432432432,0.0540540540541,0.162162162162,37,140,0.105105105105,1.25115935752,7.56756756757,17.5,4.51612903226,6.9463841135,0.917915043569,0.43166023166,8.20953082681,2.16966171851,0.837837837838,2.55098167526,0.674188014176,0.371428571429,0.510006275812,0.407626952351,2.04651162791,1.25813600634,0.51544702307,2.04651162791,0.0694792296003,0.0561224489796,33,0.0042471042471,0.468465235711,37,36,36,0.972972972973,0,0.756756756757,0.0810810810811,0.135135135135,-76,-0.0570570570571,-0.0731649668038,-4.10810810811,-4.1,-1.48387096774,-1.25271493611,0.215677393487,0.1216001716,-2.11980580219,0.40028461077,0.0725725725726,-0.535849795445,0.145425215953,0.118675818676,-0.0699388391229,-0.0302907874974,0.046511627907,-0.0661883179838,-0.0644980918644,0.046511627907,0.0573091034302,0.0501497527339,26,0.0033462033462,-0.152731345485,0.027027027027,-0.162162162162,0.108108108108,132,8,84,1108,0.611111111111,0.992831541219,0.00716845878136,0.388888888889,0.942857142857,0.611111111111,0.741573033708,0.725859439916,0.60394265233,0.589285714286,119,195,0,0,0,0
207,WLNM_dir_neg,0.866364234057,0.809260852593,00:00:08,10,10,23,1231466247,threshold_sweep,0.9,0.932773109244,0.569230769231,0.707006369427,111,8,84,382,0.569230769231,0.979487179487,0.0205128205128,0.430769230769,0.932773109244,0.569230769231,0.707006369427,0.842735042735,0.59886039886,0.607954545455,0.642587593714,0.548717948718,216,21,195,0,216,0,21,0,195,37,216,0.162162162162,1.32432432432,11.6756756757,21.6,6,8.1990990496,0.702237650082,0.31006006006,10.329336629,1.76937710775,0.765265265265,3.0868314707,0.528762798222,0.252752752753,0.579945114934,0.437917739848,2,1.32432432432,0.579945114934,2,0.0121701261701,0.00597269624573,7,0.000900900900901,0.621196581197,37,37,37,1,0,0.72972972973,0.243243243243,0.027027027027,37,0.0157657657658,1.24324324324,1.13513513514,2.625,1.16666666667,1.2728393929,1.12131089375,0.541827541828,1.28107031077,2.25712388088,0.839124839125,0.647239460261,1.14037428713,0.571428571429,0.49471683289,0.397924409064,2,1.54545454545,0.687551650952,2,0,0,0,0,0.0223214285714,37,11,11,0.297297297297,0,0.432432432432,0.0540540540541,0.162162162162,37,140,0.105105105105,1.25115935752,7.56756756757,17.5,4.51612903226,6.9463841135,0.917915043569,0.43166023166,8.20953082681,2.16966171851,0.837837837838,2.55098167526,0.674188014176,0.371428571429,0.510006275812,0.407626952351,2.04651162791,1.25813600634,0.51544702307,2.04651162791,0.0694792296003,0.0561224489796,33,0.0042471042471,0.468465235711,37,36,36,0.972972972973,0,0.756756756757,0.0810810810811,0.135135135135,-76,-0.0570570570571,-0.0731649668038,-4.10810810811,-4.1,-1.48387096774,-1.25271493611,0.215677393487,0.1216001716,-2.11980580219,0.40028461077,0.0725725725726,-0.535849795445,0.145425215953,0.118675818676,-0.0699388391229,-0.0302907874974,0.046511627907,-0.0661883179838,-0.0644980918644,0.046511627907,0.0573091034302,0.0501497527339,26,0.0033462033462,-0.152731345485,0.027027027027,-0.162162162162,0.108108108108,132,8,84,1108,0.611111111111,0.992831541219,0.00716845878136,0.388888888889,0.942857142857,0.611111111111,0.741573033708,0.725859439916,0.60394265233,0.589285714286,119,195,0,0,0,0
208,WLNM_dir_neg,0.811321499014,0.686050164433,00:00:08,10,10,24,1231466248,threshold_sweep,0.1,0.697478991597,0.425641025641,0.528662420382,83,36,112,354,0.425641025641,0.907692307692,0.0923076923077,0.574358974359,0.697478991597,0.425641025641,0.528662420382,0.747008547009,0.59886039886,0.369318181818,0.390356949452,0.333333333333,216,21,195,0,216,0,21,0,195,37,216,0.162162162162,1.32432432432,11.6756756757,21.6,6,8.1990990496,0.702237650082,0.31006006006,10.329336629,1.76937710775,0.765265265265,3.0868314707,0.528762798222,0.252752752753,0.579945114934,0.437917739848,2,1.32432432432,0.579945114934,2,0.0121701261701,0.00597269624573,7,0.000900900900901,0.621196581197,37,37,37,1,0,0.72972972973,0.243243243243,0.027027027027,37,0.0157657657658,1.2972972973,1.13513513514,2.33333333333,1.16666666667,1.31576260444,1.15912419915,0.541827541828,1.23694382655,2.1793772182,0.836550836551,0.688821075806,1.21363713356,0.576576576577,0.570811550186,0.440000569935,2,1.53333333333,0.743223352957,2,0,0,0,0,0.0217592592593,37,15,15,0.405405405405,0,0.432432432432,0.0540540540541,0.189189189189,37,140,0.105105105105,1,7.56756756757,4.11764705882,4.8275862069,6.54276759543,0.864580003682,0.447683397683,5.77415282451,1.52602610362,0.630501930502,5.03948374304,1.33186356066,0.593822393822,0,0,0,NaN,NaN,NaN,0.500922703177,0.291766109785,163,0.0209781209781,0.261317584162,37,37,0,1,2,0.0810810810811,0.702702702703,0.216216216216,-76,-0.0570570570571,-0.324324324324,-4.10810810811,-17.4823529412,-1.1724137931,-1.65633145417,0.1623423536,0.137623337623,-4.55518380449,-0.243351004124,-0.134763334763,1.95265227234,0.803100762439,0.34106964107,-0.579945114934,-0.437917739848,-2,NaN,NaN,NaN,0.488752577007,0.285793413539,156,0.0200772200772,-0.359878997035,-0.648648648649,0.459459459459,0.189189189189,104,36,112,1080,0.481481481481,0.967741935484,0.0322580645161,0.518518518519,0.742857142857,0.481481481481,0.584269662921,0.539907318315,0.449223416965,0.412698412698,119,195,0,0,0,0
209,WLNM_dir_neg,0.811321499014,0.686050164433,00:00:08,10,10,24,1231466248,threshold_sweep,0.2,0.686956521739,0.405128205128,0.509677419355,79,36,116,354,0.405128205128,0.907692307692,0.0923076923077,0.594871794872,0.686956521739,0.405128205128,0.509677419355,0.740170940171,0.60113960114,0.348571428571,0.37106242945,0.312820512821,216,21,195,0,216,0,21,0,195,37,216,0.162162162162,1.32432432432,11.6756756757,21.6,6,8.1990990496,0.702237650082,0.31006006006,10.329336629,1.76937710775,0.765265265265,3.0868314707,0.528762798222,0.252752752753,0.579945114934,0.437917739848,2,1.32432432432,0.579945114934,2,0.0121701261701,0.00597269624573,7,0.000900900900901,0.621196581197,37,37,37,1,0,0.72972972973,0.243243243243,0.027027027027,37,0.0157657657658,1.2972972973,1.13513513514,2.33333333333,1.16666666667,1.31576260444,1.15912419915,0.541827541828,1.23694382655,2.1793772182,0.836550836551,0.688821075806,1.21363713356,0.576576576577,0.570811550186,0.440000569935,2,1.53333333333,0.743223352957,2,0,0,0,0,0.0217592592593,37,15,15,0.405405405405,0,0.432432432432,0.0540540540541,0.189189189189,37,136,0.102102102102,1,7.35135135135,4,4.68965517241,6.36490471351,0.865814244117,0.448330683625,5.51288417182,1.49982878204,0.6240063593,5.00585243076,1.36188632307,0.599364069952,0,0,0,NaN,NaN,NaN,0.506506307156,0.290322580645,153,0.0196911196911,0.260765214997,37,37,0,1,2,0.0810810810811,0.702702702703,0.216216216216,-80,-0.0600600600601,-0.324324324324,-4.32432432432,-17.6,-1.31034482759,-1.8341943361,0.163576594035,0.138270623565,-4.81645245718,-0.269548325706,-0.141258905965,1.91902096006,0.833123524852,0.3466113172,-0.579945114934,-0.437917739848,-2,NaN,NaN,NaN,0.494336180986,0.284349884399,146,0.0187902187902,-0.3604313662,-0.648648648649,0.459459459459,0.189189189189,100,36,116,1080,0.462962962963,0.967741935484,0.0322580645161,0.537037037037,0.735294117647,0.462962962963,0.568181818182,0.524328832484,0.430704898447,0.396825396825,115,195,0,0,0,0
210,WLNM_dir_neg,0.811321499014,0.686050164433,00:00:08,10,10,24,1231466248,threshold_sweep,0.3,0.686956521739,0.405128205128,0.509677419355,79,36,116,354,0.405128205128,0.907692307692,0.0923076923077,0.594871794872,0.686956521739,0.405128205128,0.509677419355,0.740170940171,0.60113960114,0.348571428571,0.37106242945,0.312820512821,216,21,195,0,216,0,21,0,195,37,216,0.162162162162,1.32432432432,11.6756756757,21.6,6,8.1990990496,0.702237650082,0.31006006006,10.329336629,1.76937710775,0.765265265265,3.0868314707,0.528762798222,0.252752752753,0.579945114934,0.437917739848,2,1.32432432432,0.579945114934,2,0.0121701261701,0.00597269624573,7,0.000900900900901,0.621196581197,37,37,37,1,0,0.72972972973,0.243243243243,0.027027027027,37,0.0157657657658,1.2972972973,1.13513513514,2.33333333333,1.16666666667,1.31576260444,1.15912419915,0.541827541828,1.23694382655,2.1793772182,0.836550836551,0.688821075806,1.21363713356,0.576576576577,0.570811550186,0.440000569935,2,1.53333333333,0.743223352957,2,0,0,0,0,0.0217592592593,37,15,15,0.405405405405,0,0.432432432432,0.0540540540541,0.189189189189,37,136,0.102102102102,1,7.35135135135,4,4.68965517241,6.36490471351,0.865814244117,0.448330683625,5.51288417182,1.49982878204,0.6240063593,5.00585243076,1.36188632307,0.599364069952,0,0,0,NaN,NaN,NaN,0.506506307156,0.290322580645,153,0.0196911196911,0.260765214997,37,37,0,1,2,0.0810810810811,0.702702702703,0.216216216216,-80,-0.0600600600601,-0.324324324324,-4.32432432432,-17.6,-1.31034482759,-1.8341943361,0.163576594035,0.138270623565,-4.81645245718,-0.269548325706,-0.141258905965,1.91902096006,0.833123524852,0.3466113172,-0.579945114934,-0.437917739848,-2,NaN,NaN,NaN,0.494336180986,0.284349884399,146,0.0187902187902,-0.3604313662,-0.648648648649,0.459459459459,0.189189189189,100,36,116,1080,0.462962962963,0.967741935484,0.0322580645161,0.537037037037,0.735294117647,0.462962962963,0.568181818182,0.524328832484,0.430704898447,0.396825396825,115,195,0,0,0,0
211,WLNM_dir_neg,0.811321499014,0.686050164433,00:00:08,10,10,24,1231466248,threshold_sweep,0.4,0.681415929204,0.394871794872,0.5,77,36,118,354,0.394871794872,0.907692307692,0.0923076923077,0.605128205128,0.681415929204,0.394871794872,0.5,0.736752136752,0.602279202279,0.338108882521,0.361290704906,0.302564102564,216,21,195,0,216,0,21,0,195,37,216,0.162162162162,1.32432432432,11.6756756757,21.6,6,8.1990990496,0.702237650082,0.31006006006,10.329336629,1.76937710775,0.765265265265,3.0868314707,0.528762798222,0.252752752753,0.579945114934,0.437917739848,2,1.32432432432,0.579945114934,2,0.0121701261701,0.00597269624573,7,0.000900900900901,0.621196581197,37,37,37,1,0,0.72972972973,0.243243243243,0.027027027027,37,0.0157657657658,1.2972972973,1.13513513514,2.33333333333,1.16666666667,1.31576260444,1.15912419915,0.541827541828,1.23694382655,2.1793772182,0.836550836551,0.688821075806,1.21363713356,0.576576576577,0.570811550186,0.440000569935,2,1.53333333333,0.743223352957,2,0,0,0,0,0.0217592592593,37,15,15,0.405405405405,0,0.432432432432,0.0540540540541,0.189189189189,37,134,0.100600600601,1,7.24324324324,3.94117647059,4.62068965517,6.37009247014,0.879453064907,0.452198467124,5.46885805342,1.51005782072,0.623235175474,4.99083243642,1.37806567274,0.60185558693,0,0,0,NaN,NaN,NaN,0.513367546275,0.291318327974,151,0.0194337194337,0.261578017993,37,37,0,1,2,0.0810810810811,0.702702702703,0.216216216216,-82,-0.0615615615616,-0.324324324324,-4.43243243243,-17.6588235294,-1.37931034483,-1.82900657947,0.177215414825,0.142138407064,-4.86047857558,-0.259319287026,-0.142030089791,1.90400096571,0.84930287452,0.349102834177,-0.579945114934,-0.437917739848,-2,NaN,NaN,NaN,0.501197420105,0.285345631729,144,0.0185328185328,-0.359618563204,-0.648648648649,0.459459459459,0.189189189189,98,36,118,1080,0.453703703704,0.967741935484,0.0322580645161,0.546296296296,0.731343283582,0.453703703704,0.56,0.516439829533,0.421445639188,0.388888888889,113,195,0,0,0,0
212,WLNM_dir_neg,0.811321499014,0.686050164433,00:00:08,10,10,24,1231466248,threshold_sweep,0.5,0.681415929204,0.394871794872,0.5,77,36,118,354,0.394871794872,0.907692307692,0.0923076923077,0.605128205128,0.681415929204,0.394871794872,0.5,0.736752136752,0.602279202279,0.338108882521,0.361290704906,0.302564102564,216,21,195,0,216,0,21,0,195,37,216,0.162162162162,1.32432432432,11.6756756757,21.6,6,8.1990990496,0.702237650082,0.31006006006,10.329336629,1.76937710775,0.765265265265,3.0868314707,0.528762798222,0.252752752753,0.579945114934,0.437917739848,2,1.32432432432,0.579945114934,2,0.0121701261701,0.00597269624573,7,0.000900900900901,0.621196581197,37,37,37,1,0,0.72972972973,0.243243243243,0.027027027027,37,0.0157657657658,1.2972972973,1.13513513514,2.33333333333,1.16666666667,1.31576260444,1.15912419915,0.541827541828,1.23694382655,2.1793772182,0.836550836551,0.688821075806,1.21363713356,0.576576576577,0.570811550186,0.440000569935,2,1.53333333333,0.743223352957,2,0,0,0,0,0.0217592592593,37,15,15,0.405405405405,0,0.432432432432,0.0540540540541,0.189189189189,37,134,0.100600600601,1,7.24324324324,3.94117647059,4.62068965517,6.37009247014,0.879453064907,0.452198467124,5.46885805342,1.51005782072,0.623235175474,4.99083243642,1.37806567274,0.60185558693,0,0,0,NaN,NaN,NaN,0.513367546275,0.291318327974,151,0.0194337194337,0.261578017993,37,37,0,1,2,0.0810810810811,0.702702702703,0.216216216216,-82,-0.0615615615616,-0.324324324324,-4.43243243243,-17.6588235294,-1.37931034483,-1.82900657947,0.177215414825,0.142138407064,-4.86047857558,-0.259319287026,-0.142030089791,1.90400096571,0.84930287452,0.349102834177,-0.579945114934,-0.437917739848,-2,NaN,NaN,NaN,0.501197420105,0.285345631729,144,0.0185328185328,-0.359618563204,-0.648648648649,0.459459459459,0.189189189189,98,36,118,1080,0.453703703704,0.967741935484,0.0322580645161,0.546296296296,0.731343283582,0.453703703704,0.56,0.516439829533,0.421445639188,0.388888888889,113,195,0,0,0,0
213,WLNM_dir_neg,0.811321499014,0.686050164433,00:00:08,10,10,24,1231466248,threshold_sweep,0.6,0.681415929204,0.394871794872,0.5,77,36,118,354,0.394871794872,0.907692307692,0.0923076923077,0.605128205128,0.681415929204,0.394871794872,0.5,0.736752136752,0.602279202279,0.338108882521,0.361290704906,0.302564102564,216,21,195,0,216,0,21,0,195,37,216,0.162162162162,1.32432432432,11.6756756757,21.6,6,8.1990990496,0.702237650082,0.31006006006,10.329336629,1.76937710775,0.765265265265,3.0868314707,0.528762798222,0.252752752753,0.579945114934,0.437917739848,2,1.32432432432,0.579945114934,2,0.0121701261701,0.00597269624573,7,0.000900900900901,0.621196581197,37,37,37,1,0,0.72972972973,0.243243243243,0.027027027027,37,0.0157657657658,1.2972972973,1.13513513514,2.33333333333,1.16666666667,1.31576260444,1.15912419915,0.541827541828,1.23694382655,2.1793772182,0.836550836551,0.688821075806,1.21363713356,0.576576576577,0.570811550186,0.440000569935,2,1.53333333333,0.743223352957,2,0,0,0,0,0.0217592592593,37,15,15,0.405405405405,0,0.432432432432,0.0540540540541,0.189189189189,37,134,0.100600600601,1,7.24324324324,3.94117647059,4.62068965517,6.37009247014,0.879453064907,0.452198467124,5.46885805342,1.51005782072,0.623235175474,4.99083243642,1.37806567274,0.60185558693,0,0,0,NaN,NaN,NaN,0.513367546275,0.291318327974,151,0.0194337194337,0.261578017993,37,37,0,1,2,0.0810810810811,0.702702702703,0.216216216216,-82,-0.0615615615616,-0.324324324324,-4.43243243243,-17.6588235294,-1.37931034483,-1.82900657947,0.177215414825,0.142138407064,-4.86047857558,-0.259319287026,-0.142030089791,1.90400096571,0.84930287452,0.349102834177,-0.579945114934,-0.437917739848,-2,NaN,NaN,NaN,0.501197420105,0.285345631729,144,0.0185328185328,-0.359618563204,-0.648648648649,0.459459459459,0.189189189189,98,36,118,1080,0.453703703704,0.967741935484,0.0322580645161,0.546296296296,0.731343283582,0.453703703704,0.56,0.516439829533,0.421445639188,0.388888888889,113,195,0,0,0,0
214,WLNM_dir_neg,0.811321499014,0.686050164433,00:00:08,10,10,24,1231466248,threshold_sweep,0.7,0.681415929204,0.394871794872,0.5,77,36,118,354,0.394871794872,0.907692307692,0.0923076923077,0.605128205128,0.681415929204,0.394871794872,0.5,0.736752136752,0.602279202279,0.338108882521,0.361290704906,0.302564102564,216,21,195,0,216,0,21,0,195,37,216,0.162162162162,1.32432432432,11.6756756757,21.6,6,8.1990990496,0.702237650082,0.31006006006,10.329336629,1.76937710775,0.765265265265,3.0868314707,0.528762798222,0.252752752753,0.579945114934,0.437917739848,2,1.32432432432,0.579945114934,2,0.0121701261701,0.00597269624573,7,0.000900900900901,0.621196581197,37,37,37,1,0,0.72972972973,0.243243243243,0.027027027027,37,0.0157657657658,1.2972972973,1.13513513514,2.33333333333,1.16666666667,1.31576260444,1.15912419915,0.541827541828,1.23694382655,2.1793772182,0.836550836551,0.688821075806,1.21363713356,0.576576576577,0.570811550186,0.440000569935,2,1.53333333333,0.743223352957,2,0,0,0,0,0.0217592592593,37,15,15,0.405405405405,0,0.432432432432,0.0540540540541,0.189189189189,37,134,0.100600600601,1,7.24324324324,3.94117647059,4.62068965517,6.37009247014,0.879453064907,0.452198467124,5.46885805342,1.51005782072,0.623235175474,4.99083243642,1.37806567274,0.60185558693,0,0,0,NaN,NaN,NaN,0.513367546275,0.291318327974,151,0.0194337194337,0.261578017993,37,37,0,1,2,0.0810810810811,0.702702702703,0.216216216216,-82,-0.0615615615616,-0.324324324324,-4.43243243243,-17.6588235294,-1.37931034483,-1.82900657947,0.177215414825,0.142138407064,-4.86047857558,-0.259319287026,-0.142030089791,1.90400096571,0.84930287452,0.349102834177,-0.579945114934,-0.437917739848,-2,NaN,NaN,NaN,0.501197420105,0.285345631729,144,0.0185328185328,-0.359618563204,-0.648648648649,0.459459459459,0.189189189189,98,36,118,1080,0.453703703704,0.967741935484,0.0322580645161,0.546296296296,0.731343283582,0.453703703704,0.56,0.516439829533,0.421445639188,0.388888888889,113,195,0,0,0,0
215,WLNM_dir_neg,0.811321499014,0.686050164433,00:00:08,10,10,24,1231466248,threshold_sweep,0.8,0.681415929204,0.394871794872,0.5,77,36,118,354,0.394871794872,0.907692307692,0.0923076923077,0.605128205128,0.681415929204,0.394871794872,0.5,0.736752136752,0.602279202279,0.338108882521,0.361290704906,0.302564102564,216,21,195,0,216,0,21,0,195,37,216,0.162162162162,1.32432432432,11.6756756757,21.6,6,8.1990990496,0.702237650082,0.31006006006,10.329336629,1.76937710775,0.765265265265,3.0868314707,0.528762798222,0.252752752753,0.579945114934,0.437917739848,2,1.32432432432,0.579945114934,2,0.0121701261701,0.00597269624573,7,0.000900900900901,0.621196581197,37,37,37,1,0,0.72972972973,0.243243243243,0.027027027027,37,0.0157657657658,1.2972972973,1.13513513514,2.33333333333,1.16666666667,1.31576260444,1.15912419915,0.541827541828,1.23694382655,2.1793772182,0.836550836551,0.688821075806,1.21363713356,0.576576576577,0.570811550186,0.440000569935,2,1.53333333333,0.743223352957,2,0,0,0,0,0.0217592592593,37,15,15,0.405405405405,0,0.432432432432,0.0540540540541,0.189189189189,37,134,0.100600600601,1,7.24324324324,3.94117647059,4.62068965517,6.37009247014,0.879453064907,0.452198467124,5.46885805342,1.51005782072,0.623235175474,4.99083243642,1.37806567274,0.60185558693,0,0,0,NaN,NaN,NaN,0.513367546275,0.291318327974,151,0.0194337194337,0.261578017993,37,37,0,1,2,0.0810810810811,0.702702702703,0.216216216216,-82,-0.0615615615616,-0.324324324324,-4.43243243243,-17.6588235294,-1.37931034483,-1.82900657947,0.177215414825,0.142138407064,-4.86047857558,-0.259319287026,-0.142030089791,1.90400096571,0.84930287452,0.349102834177,-0.579945114934,-0.437917739848,-2,NaN,NaN,NaN,0.501197420105,0.285345631729,144,0.0185328185328,-0.359618563204,-0.648648648649,0.459459459459,0.189189189189,98,36,118,1080,0.453703703704,0.967741935484,0.0322580645161,0.546296296296,0.731343283582,0.453703703704,0.56,0.516439829533,0.421445639188,0.388888888889,113,195,0,0,0,0
216,WLNM_dir_neg,0.811321499014,0.686050164433,00:00:08,10,10,24,1231466248,threshold_sweep,0.9,0.681415929204,0.394871794872,0.5,77,36,118,354,0.394871794872,0.907692307692,0.0923076923077,0.605128205128,0.681415929204,0.394871794872,0.5,0.736752136752,0.602279202279,0.338108882521,0.361290704906,0.302564102564,216,21,195,0,216,0,21,0,195,37,216,0.162162162162,1.32432432432,11.6756756757,21.6,6,8.1990990496,0.702237650082,0.31006006006,10.329336629,1.76937710775,0.765265265265,3.0868314707,0.528762798222,0.252752752753,0.579945114934,0.437917739848,2,1.32432432432,0.579945114934,2,0.0121701261701,0.00597269624573,7,0.000900900900901,0.621196581197,37,37,37,1,0,0.72972972973,0.243243243243,0.027027027027,37,0.0157657657658,1.2972972973,1.13513513514,2.33333333333,1.16666666667,1.31576260444,1.15912419915,0.541827541828,1.23694382655,2.1793772182,0.836550836551,0.688821075806,1.21363713356,0.576576576577,0.570811550186,0.440000569935,2,1.53333333333,0.743223352957,2,0,0,0,0,0.0217592592593,37,15,15,0.405405405405,0,0.432432432432,0.0540540540541,0.189189189189,37,134,0.100600600601,1,7.24324324324,3.94117647059,4.62068965517,6.37009247014,0.879453064907,0.452198467124,5.46885805342,1.51005782072,0.623235175474,4.99083243642,1.37806567274,0.60185558693,0,0,0,NaN,NaN,NaN,0.513367546275,0.291318327974,151,0.0194337194337,0.261578017993,37,37,0,1,2,0.0810810810811,0.702702702703,0.216216216216,-82,-0.0615615615616,-0.324324324324,-4.43243243243,-17.6588235294,-1.37931034483,-1.82900657947,0.177215414825,0.142138407064,-4.86047857558,-0.259319287026,-0.142030089791,1.90400096571,0.84930287452,0.349102834177,-0.579945114934,-0.437917739848,-2,NaN,NaN,NaN,0.501197420105,0.285345631729,144,0.0185328185328,-0.359618563204,-0.648648648649,0.459459459459,0.189189189189,98,36,118,1080,0.453703703704,0.967741935484,0.0322580645161,0.546296296296,0.731343283582,0.453703703704,0.56,0.516439829533,0.421445639188,0.388888888889,113,195,0,0,0,0
217,WLNM_dir_neg,0.808573307035,0.733741625959,00:00:08,10,10,25,1231466249,threshold_sweep,0.1,0.821705426357,0.54358974359,0.654320987654,106,23,89,367,0.54358974359,0.941025641026,0.0589743589744,0.45641025641,0.821705426357,0.54358974359,0.654320987654,0.808547008547,0.593162393162,0.529411764706,0.551022749976,0.484615384615,216,21,195,0,216,0,21,0,195,37,216,0.162162162162,1.32432432432,11.6756756757,21.6,6,8.1990990496,0.702237650082,0.31006006006,10.329336629,1.76937710775,0.765265265265,3.0868314707,0.528762798222,0.252752752753,0.579945114934,0.437917739848,2,1.32432432432,0.579945114934,2,0.0121701261701,0.00597269624573,7,0.000900900900901,0.621196581197,37,37,37,1,0,0.72972972973,0.243243243243,0.027027027027,37,0.0157657657658,1.24324324324,1.13513513514,2.625,1.4,1.43685927097,1.26580459585,0.604890604891,1.38525048959,2.44067943405,0.862290862291,0.867324767462,1.52814363791,0.687258687259,0.49471683289,0.397924409064,2,1.33333333333,0.492365963917,1,0,0,0,0,0.101828231293,37,12,12,0.324324324324,0,0.378378378378,0.027027027027,0.189189189189,37,150,0.112612612613,3.94337717164,8.10810810811,5.76923076923,5,8.01659315207,0.988713155422,0.437297297297,7.50535344473,1.85132051637,0.745225225225,3.44759131654,0.85040585808,0.404324324324,2.03397337706,0.515794784149,4.48616600791,4.11157015287,1.96001701702,4.48616600791,0.279904411673,0.120717781403,74,0.00952380952381,0.510313240036,37,35,35,0.945945945946,0,0.243243243243,0.567567567568,0.135135135135,-66,-0.0495495495495,2.61905284731,-3.56756756757,-15.8307692308,-1,-0.182505897538,0.28647550534,0.127237237237,-2.82398318427,0.0819434086216,-0.02004004004,0.360759845837,0.321643059858,0.151571571572,1.45402826213,0.0778770443008,2.48616600791,2.78724582855,1.38007190208,2.48616600791,0.267734285503,0.114745085157,67,0.00862290862291,-0.11088334116,-0.486486486486,0.324324324324,0.108108108108,127,23,89,1093,0.587962962963,0.979390681004,0.0206093189964,0.412037037037,0.846666666667,0.587962962963,0.693989071038,0.661543571613,0.567353643967,0.531380753138,129,195,0,0,0,0
218,WLNM_dir_neg,0.808573307035,0.733741625959,00:00:08,10,10,25,1231466249,threshold_sweep,0.2,0.8,0.471794871795,0.593548387097,92,23,103,367,0.471794871795,0.941025641026,0.0589743589744,0.528205128205,0.8,0.471794871795,0.593548387097,0.784615384615,0.60113960114,0.46,0.489680747061,0.412820512821,216,21,195,0,216,0,21,0,195,37,216,0.162162162162,1.32432432432,11.6756756757,21.6,6,8.1990990496,0.702237650082,0.31006006006,10.329336629,1.76937710775,0.765265265265,3.0868314707,0.528762798222,0.252752752753,0.579945114934,0.437917739848,2,1.32432432432,0.579945114934,2,0.0121701261701,0.00597269624573,7,0.000900900900901,0.621196581197,37,37,37,1,0,0.72972972973,0.243243243243,0.027027027027,37,0.0157657657658,1.24324324324,1.13513513514,2.625,1.4,1.43685927097,1.26580459585,0.604890604891,1.38525048959,2.44067943405,0.862290862291,0.867324767462,1.52814363791,0.687258687259,0.49471683289,0.397924409064,2,1.33333333333,0.492365963917,1,0,0,0,0,0.101828231293,37,12,12,0.324324324324,0,0.378378378378,0.027027027027,0.189189189189,37,136,0.102102102102,4.25629953262,7.35135135135,5.23076923077,4.53333333333,7.25417970022,0.986781797457,0.43720190779,6.52369209563,1.7748279966,0.727742448331,3.36694762899,0.916007810827,0.420906200318,2.258627864,0.53065529028,5,4.44237379162,2.17763763982,5,0.2733656133,0.120248790601,58,0.00746460746461,0.506304006242,37,35,35,0.945945945946,0,0.243243243243,0.567567567568,0.135135135135,-80,-0.0600600600601,2.93197520829,-4.32432432432,-16.3692307692,-1.46666666667,-0.944919349382,0.284544147375,0.12714184773,-3.80564453337,0.00545088885934,-0.0375228169346,0.280116158282,0.387245012605,0.168153447565,1.67868274906,0.0927375504315,3,3.1180494673,1.59769252488,3,0.26119548713,0.114276094356,51,0.00656370656371,-0.114892574955,-0.486486486486,0.324324324324,0.108108108108,113,23,103,1093,0.523148148148,0.979390681004,0.0206093189964,0.476851851852,0.830882352941,0.523148148148,0.642045454545,0.61177757327,0.502538829152,0.47280334728,115,195,0,0,0,0
219,WLNM_dir_neg,0.808573307035,0.733741625959,00:00:08,10,10,25,1231466249,threshold_sweep,0.3,0.792792792793,0.451282051282,0.575163398693,88,23,107,367,0.451282051282,0.941025641026,0.0589743589744,0.548717948718,0.792792792793,0.451282051282,0.575163398693,0.777777777778,0.603418803419,0.439655172414,0.471656444431,0.392307692308,216,21,195,0,216,0,21,0,195,37,216,0.162162162162,1.32432432432,11.6756756757,21.6,6,8.1990990496,0.702237650082,0.31006006006,10.329336629,1.76937710775,0.765265265265,3.0868314707,0.528762798222,0.252752752753,0.579945114934,0.437917739848,2,1.32432432432,0.579945114934,2,0.0121701261701,0.00597269624573,7,0.000900900900901,0.621196581197,37,37,37,1,0,0.72972972973,0.243243243243,0.027027027027,37,0.0157657657658,1.24324324324,1.13513513514,2.625,1.4,1.43685927097,1.26580459585,0.604890604891,1.38525048959,2.44067943405,0.862290862291,0.867324767462,1.52814363791,0.687258687259,0.49471683289,0.397924409064,2,1.33333333333,0.492365963917,1,0,0,0,0,0.101828231293,37,12,12,0.324324324324,0,0.378378378378,0.027027027027,0.189189189189,37,132,0.0990990990991,4.23768641551,7.13513513514,5.07692307692,4.4,7.02441046226,0.984481769332,0.428951678952,6.23850293892,1.74867127833,0.720720720721,3.27058048314,0.916753620274,0.408271908272,2.24714697094,0.530276842269,4.9776119403,4.42269706783,2.16676000139,4.9776119403,0.265175330009,0.112191473448,50,0.00643500643501,0.503370450265,37,35,35,0.945945945946,0,0.243243243243,0.567567567568,0.135135135135,-84,-0.0630630630631,2.91336209119,-4.54054054054,-16.5230769231,-1.6,-1.17468858734,0.28224411925,0.118891618892,-4.09083369008,-0.0207058294116,-0.0445445445445,0.183749012436,0.387990822052,0.155519155519,1.66720185601,0.0923591024202,2.9776119403,3.09837274351,1.58681488645,2.9776119403,0.253005203839,0.106218777202,43,0.00553410553411,-0.117826130932,-0.486486486486,0.324324324324,0.108108108108,109,23,107,1093,0.50462962963,0.979390681004,0.0206093189964,0.49537037037,0.825757575758,0.50462962963,0.626436781609,0.597097111555,0.484020310633,0.456066945607,111,195,0,0,0,0
220,WLNM_dir_neg,0.808573307035,0.733741625959,00:00:08,10,10,25,1231466249,threshold_sweep,0.4,0.778846153846,0.415384615385,0.541806020067,81,23,114,367,0.415384615385,0.941025641026,0.0589743589744,0.584615384615,0.778846153846,0.415384615385,0.541806020067,0.765811965812,0.607407407407,0.403483309144,0.439451139143,0.35641025641,216,21,195,0,216,0,21,0,195,37,216,0.162162162162,1.32432432432,11.6756756757,21.6,6,8.1990990496,0.702237650082,0.31006006006,10.329336629,1.76937710775,0.765265265265,3.0868314707,0.528762798222,0.252752752753,0.579945114934,0.437917739848,2,1.32432432432,0.579945114934,2,0.0121701261701,0.00597269624573,7,0.000900900900901,0.621196581197,37,37,37,1,0,0.72972972973,0.243243243243,0.027027027027,37,0.0157657657658,1.24324324324,1.13513513514,2.625,1.4,1.43685927097,1.26580459585,0.604890604891,1.38525048959,2.44067943405,0.862290862291,0.867324767462,1.52814363791,0.687258687259,0.49471683289,0.397924409064,2,1.33333333333,0.492365963917,1,0,0,0,0,0.101828231293,37,12,12,0.324324324324,0,0.378378378378,0.027027027027,0.189189189189,37,125,0.0938438438438,4.22470595104,6.75675675676,4.80769230769,4.16666666667,6.97776391039,1.03270905874,0.447135135135,5.96913985685,1.76686539763,0.723891891892,3.31118769688,0.980111558276,0.438486486486,2.24002043146,0.530219252515,4.9776119403,4.40897486253,2.16014032869,4.9776119403,0.287539947962,0.116599190283,48,0.00617760617761,0.502052838853,37,35,35,0.945945945946,0,0.243243243243,0.567567567568,0.135135135135,-91,-0.0683183183183,2.90038162672,-4.91891891892,-16.7923076923,-1.83333333333,-1.22133513921,0.330471408656,0.137075075075,-4.36019677215,-0.00251171011784,-0.0413733733734,0.224356226175,0.451348760054,0.185733733734,1.66007531652,0.0923015126665,2.9776119403,3.08465053821,1.58019521376,2.9776119403,0.275369821791,0.110626494038,41,0.00527670527671,-0.119143742343,-0.486486486486,0.324324324324,0.108108108108,102,23,114,1093,0.472222222222,0.979390681004,0.0206093189964,0.527777777778,0.816,0.472222222222,0.598240469208,0.570842991205,0.451612903226,0.426778242678,104,195,0,0,0,0
221,WLNM_dir_neg,0.808573307035,0.733741625959,00:00:08,10,10,25,1231466249,threshold_sweep,0.5,0.9,0.369230769231,0.523636363636,72,8,123,382,0.369230769231,0.979487179487,0.0205128205128,0.630769230769,0.9,0.369230769231,0.523636363636,0.776068376068,0.621082621083,0.409022556391,0.478446330417,0.348717948718,216,21,195,0,216,0,21,0,195,37,216,0.162162162162,1.32432432432,11.6756756757,21.6,6,8.1990990496,0.702237650082,0.31006006006,10.329336629,1.76937710775,0.765265265265,3.0868314707,0.528762798222,0.252752752753,0.579945114934,0.437917739848,2,1.32432432432,0.579945114934,2,0.0121701261701,0.00597269624573,7,0.000900900900901,0.621196581197,37,37,37,1,0,0.72972972973,0.243243243243,0.027027027027,37,0.0157657657658,1.24324324324,1.13513513514,2.625,1.4,1.43685927097,1.26580459585,0.604890604891,1.38525048959,2.44067943405,0.862290862291,0.867324767462,1.52814363791,0.687258687259,0.49471683289,0.397924409064,2,1.33333333333,0.492365963917,1,0,0,0,0,0.101828231293,37,12,12,0.324324324324,0,0.378378378378,0.027027027027,0.189189189189,37,101,0.0758258258258,1.38499811083,5.45945945946,10.1,3.36666666667,5.0913575716,0.932575396779,0.43885469628,5.70890458771,2.09138088857,0.826331281777,1.74242246199,0.638313179144,0.343055927214,0.679378397851,0.490526588115,2.24463519313,1.40699800288,0.692450748819,2.24463519313,0.195720843927,0.11061452514,33,0.0042471042471,0.191603530069,37,35,35,0.945945945946,0,0.675675675676,0.135135135135,0.135135135135,-115,-0.0863363363363,0.0606737865039,-6.21621621622,-11.5,-2.63333333333,-3.107741478,0.230337746697,0.12879463622,-4.62043204129,0.322003780822,0.0610660165116,-1.34440900872,0.109550380921,0.0903031744616,0.0994332829162,0.0526088482668,0.244635193133,0.0826736785512,0.112505633884,0.244635193133,0.183550717756,0.104641828894,26,0.0033462033462,-0.429593051128,-0.0540540540541,-0.108108108108,0.108108108108,93,8,123,1108,0.430555555556,0.992831541219,0.00716845878136,0.569444444444,0.920792079208,0.430555555556,0.586750788644,0.589531313184,0.423387096774,0.415178571429,80,195,0,0,0,0
222,WLNM_dir_neg,0.808573307035,0.733741625959,00:00:08,10,10,25,1231466249,threshold_sweep,0.6,0.910256410256,0.364102564103,0.520146520147,71,7,124,383,0.364102564103,0.982051282051,0.0179487179487,0.635897435897,0.910256410256,0.364102564103,0.520146520147,0.776068376068,0.622222222222,0.407239819005,0.480029015964,0.346153846154,216,21,195,0,216,0,21,0,195,37,216,0.162162162162,1.32432432432,11.6756756757,21.6,6,8.1990990496,0.702237650082,0.31006006006,10.329336629,1.76937710775,0.765265265265,3.0868314707,0.528762798222,0.252752752753,0.579945114934,0.437917739848,2,1.32432432432,0.579945114934,2,0.0121701261701,0.00597269624573,7,0.000900900900901,0.621196581197,37,37,37,1,0,0.72972972973,0.243243243243,0.027027027027,37,0.0157657657658,1.24324324324,1.13513513514,2.625,1.4,1.43685927097,1.26580459585,0.604890604891,1.38525048959,2.44067943405,0.862290862291,0.867324767462,1.52814363791,0.687258687259,0.49471683289,0.397924409064,2,1.33333333333,0.492365963917,1,0,0,0,0,0.101828231293,37,12,12,0.324324324324,0,0.378378378378,0.027027027027,0.189189189189,37,99,0.0743243243243,1.34098658664,5.35135135135,11,3.3,5.07289209763,0.947964684911,0.436254436254,5.69138751904,2.12708422429,0.831558831559,1.66756732421,0.623232232281,0.331422331422,0.649883427848,0.484630819073,2.24034334764,1.36047153445,0.663296424647,2.24034334764,0.176476009371,0.0962199312715,28,0.0036036036036,0.224275519096,37,35,35,0.945945945946,0,0.702702702703,0.108108108108,0.135135135135,-117,-0.0878378378378,0.0166622623139,-6.32432432432,-10.6,-2.7,-3.12620695197,0.245727034829,0.126194376194,-4.63794910996,0.357707116543,0.0662935662936,-1.41926414649,0.0944694340589,0.0786695786696,0.0699383129139,0.0467130792245,0.240343347639,0.0361472101218,0.0833513097127,0.240343347639,0.164305883201,0.0902472350257,21,0.0027027027027,-0.3969210621,-0.027027027027,-0.135135135135,0.108108108108,92,7,124,1109,0.425925925926,0.993727598566,0.00627240143369,0.574074074074,0.929292929293,0.425925925926,0.584126984127,0.589726593002,0.419653524492,0.412556053812,78,195,0,0,0,0
223,WLNM_dir_neg,0.808573307035,0.733741625959,00:00:08,10,10,25,1231466249,threshold_sweep,0.7,0.910256410256,0.364102564103,0.520146520147,71,7,124,383,0.364102564103,0.982051282051,0.0179487179487,0.635897435897,0.910256410256,0.364102564103,0.520146520147,0.776068376068,0.622222222222,0.407239819005,0.480029015964,0.346153846154,216,21,195,0,216,0,21,0,195,37,216,0.162162162162,1.32432432432,11.6756756757,21.6,6,8.1990990496,0.702237650082,0.31006006006,10.329336629,1.76937710775,0.765265265265,3.0868314707,0.528762798222,0.252752752753,0.579945114934,0.437917739848,2,1.32432432432,0.579945114934,2,0.0121701261701,0.00597269624573,7,0.000900900900901,0.621196581197,37,37,37,1,0,0.72972972973,0.243243243243,0.027027027027,37,0.0157657657658,1.24324324324,1.13513513514,2.625,1.4,1.43685927097,1.26580459585,0.604890604891,1.38525048959,2.44067943405,0.862290862291,0.867324767462,1.52814363791,0.687258687259,0.49471683289,0.397924409064,2,1.33333333333,0.492365963917,1,0,0,0,0,0.101828231293,37,12,12,0.324324324324,0,0.378378378378,0.027027027027,0.189189189189,37,99,0.0743243243243,1.34098658664,5.35135135135,11,3.3,5.07289209763,0.947964684911,0.436254436254,5.69138751904,2.12708422429,0.831558831559,1.66756732421,0.623232232281,0.331422331422,0.649883427848,0.484630819073,2.24034334764,1.36047153445,0.663296424647,2.24034334764,0.176476009371,0.0962199312715,28,0.0036036036036,0.224275519096,37,35,35,0.945945945946,0,0.702702702703,0.108108108108,0.135135135135,-117,-0.0878378378378,0.0166622623139,-6.32432432432,-10.6,-2.7,-3.12620695197,0.245727034829,0.126194376194,-4.63794910996,0.357707116543,0.0662935662936,-1.41926414649,0.0944694340589,0.0786695786696,0.0699383129139,0.0467130792245,0.240343347639,0.0361472101218,0.0833513097127,0.240343347639,0.164305883201,0.0902472350257,21,0.0027027027027,-0.3969210621,-0.027027027027,-0.135135135135,0.108108108108,92,7,124,1109,0.425925925926,0.993727598566,0.00627240143369,0.574074074074,0.929292929293,0.425925925926,0.584126984127,0.589726593002,0.419653524492,0.412556053812,78,195,0,0,0,0
224,WLNM_dir_neg,0.808573307035,0.733741625959,00:00:08,10,10,25,1231466249,threshold_sweep,0.8,0.910256410256,0.364102564103,0.520146520147,71,7,124,383,0.364102564103,0.982051282051,0.0179487179487,0.635897435897,0.910256410256,0.364102564103,0.520146520147,0.776068376068,0.622222222222,0.407239819005,0.480029015964,0.346153846154,216,21,195,0,216,0,21,0,195,37,216,0.162162162162,1.32432432432,11.6756756757,21.6,6,8.1990990496,0.702237650082,0.31006006006,10.329336629,1.76937710775,0.765265265265,3.0868314707,0.528762798222,0.252752752753,0.579945114934,0.437917739848,2,1.32432432432,0.579945114934,2,0.0121701261701,0.00597269624573,7,0.000900900900901,0.621196581197,37,37,37,1,0,0.72972972973,0.243243243243,0.027027027027,37,0.0157657657658,1.24324324324,1.13513513514,2.625,1.4,1.43685927097,1.26580459585,0.604890604891,1.38525048959,2.44067943405,0.862290862291,0.867324767462,1.52814363791,0.687258687259,0.49471683289,0.397924409064,2,1.33333333333,0.492365963917,1,0,0,0,0,0.101828231293,37,12,12,0.324324324324,0,0.378378378378,0.027027027027,0.189189189189,37,99,0.0743243243243,1.34098658664,5.35135135135,11,3.3,5.07289209763,0.947964684911,0.436254436254,5.69138751904,2.12708422429,0.831558831559,1.66756732421,0.623232232281,0.331422331422,0.649883427848,0.484630819073,2.24034334764,1.36047153445,0.663296424647,2.24034334764,0.176476009371,0.0962199312715,28,0.0036036036036,0.224275519096,37,35,35,0.945945945946,0,0.702702702703,0.108108108108,0.135135135135,-117,-0.0878378378378,0.0166622623139,-6.32432432432,-10.6,-2.7,-3.12620695197,0.245727034829,0.126194376194,-4.63794910996,0.357707116543,0.0662935662936,-1.41926414649,0.0944694340589,0.0786695786696,0.0699383129139,0.0467130792245,0.240343347639,0.0361472101218,0.0833513097127,0.240343347639,0.164305883201,0.0902472350257,21,0.0027027027027,-0.3969210621,-0.027027027027,-0.135135135135,0.108108108108,92,7,124,1109,0.425925925926,0.993727598566,0.00627240143369,0.574074074074,0.929292929293,0.425925925926,0.584126984127,0.589726593002,0.419653524492,0.412556053812,78,195,0,0,0,0
225,WLNM_dir_neg,0.808573307035,0.733741625959,00:00:08,10,10,25,1231466249,threshold_sweep,0.9,0.911764705882,0.317948717949,0.471482889734,62,6,133,384,0.317948717949,0.984615384615,0.0153846153846,0.682051282051,0.911764705882,0.317948717949,0.471482889734,0.762393162393,0.62792022792,0.361408882083,0.445007449878,0.302564102564,216,21,195,0,216,0,21,0,195,37,216,0.162162162162,1.32432432432,11.6756756757,21.6,6,8.1990990496,0.702237650082,0.31006006006,10.329336629,1.76937710775,0.765265265265,3.0868314707,0.528762798222,0.252752752753,0.579945114934,0.437917739848,2,1.32432432432,0.579945114934,2,0.0121701261701,0.00597269624573,7,0.000900900900901,0.621196581197,37,37,37,1,0,0.72972972973,0.243243243243,0.027027027027,37,0.0157657657658,1.24324324324,1.13513513514,2.625,1.4,1.43685927097,1.26580459585,0.604890604891,1.38525048959,2.44067943405,0.862290862291,0.867324767462,1.52814363791,0.687258687259,0.49471683289,0.397924409064,2,1.33333333333,0.492365963917,1,0,0,0,0,0.101828231293,37,12,12,0.324324324324,0,0.378378378378,0.027027027027,0.189189189189,37,89,0.0668168168168,1.34439465442,4.81081081081,9.88888888889,2.96666666667,4.90938917811,1.02049100893,0.466747646523,5.3513210179,2.22470649059,0.845429699362,1.69081603342,0.70292351951,0.386881263286,0.655219622008,0.487371487124,2.24034334764,1.36407434896,0.66872329174,2.24034334764,0.222572915806,0.111553784861,28,0.0036036036036,0.198450884587,37,35,35,0.945945945946,0,0.702702702703,0.108108108108,0.135135135135,-127,-0.0953453453453,0.0200703300997,-6.86486486486,-11.7111111111,-3.03333333333,-3.2897098715,0.31825335885,0.156687586463,-4.9780156111,0.455329382843,0.080164434097,-1.39601543729,0.174160721288,0.134128510533,0.0752745070737,0.0494537472755,0.240343347639,0.0397500246382,0.0887781768056,0.240343347639,0.210402789636,0.105581088615,21,0.0027027027027,-0.422745696609,-0.027027027027,-0.135135135135,0.108108108108,83,6,133,1110,0.384259259259,0.994623655914,0.00537634408602,0.615740740741,0.932584269663,0.384259259259,0.544262295082,0.559285329348,0.378882915173,0.373873873874,68,195,0,0,0,0
226,WLNM_dir_neg,0.870598290598,0.805345168458,00:00:10,10,10,26,1231466250,threshold_sweep,0.1,0.72625698324,0.666666666667,0.695187165775,130,49,65,341,0.666666666667,0.874358974359,0.125641025641,0.333333333333,0.72625698324,0.666666666667,0.695187165775,0.805128205128,0.564672364672,0.552356020942,0.553449405388,0.541025641026,216,21,195,0,216,0,21,0,195,37,216,0.162162162162,1.32432432432,11.6756756757,21.6,6,8.1990990496,0.702237650082,0.31006006006,10.329336629,1.76937710775,0.765265265265,3.0868314707,0.528762798222,0.252752752753,0.579945114934,0.437917739848,2,1.32432432432,0.579945114934,2,0.0121701261701,0.00597269624573,7,0.000900900900901,0.621196581197,37,37,37,1,0,0.72972972973,0.243243243243,0.027027027027,37,0.0157657657658,1.32432432432,1.13513513514,2.1,1.5,1.2728393929,1.12131089375,0.564993564994,1.16763151866,2.05725553287,0.813384813385,0.834683590768,1.47063299326,0.700128700129,0.579945114934,0.437917739848,2,1.55555555556,0.704792186495,2,0,0,0,0,0.0616666666667,37,18,18,0.486486486486,0,0.351351351351,0.027027027027,0.243243243243,37,200,0.15015015015,1,10.8108108108,6.06060606061,5.55555555556,7.44549766204,0.688708533739,0.360405405405,7.65019774421,1.41528658268,0.632702702703,4.66940074349,0.863839137546,0.40972972973,0,0,0,NaN,NaN,NaN,0.461179654726,0.28596552937,271,0.0348777348777,0.199089768078,37,37,0,1,2,0.108108108108,0.864864864865,0.027027027027,-16,-0.012012012012,-0.324324324324,-0.864864864865,-15.5393939394,-0.444444444444,-0.753601387565,-0.0135291163432,0.0503453453453,-2.67913888479,-0.354090525066,-0.132562562563,1.58256927279,0.335076339323,0.156976976977,-0.579945114934,-0.437917739848,-2,NaN,NaN,NaN,0.449009528556,0.279992833125,264,0.0339768339768,-0.422106813119,-0.621621621622,0.621621621622,0,151,49,65,1067,0.699074074074,0.956093189964,0.0439068100358,0.300925925926,0.755,0.699074074074,0.725961538462,0.67604086854,0.655167264038,0.569811320755,179,195,0,0,0,0
227,WLNM_dir_neg,0.870598290598,0.805345168458,00:00:10,10,10,26,1231466250,threshold_sweep,0.2,0.72625698324,0.666666666667,0.695187165775,130,49,65,341,0.666666666667,0.874358974359,0.125641025641,0.333333333333,0.72625698324,0.666666666667,0.695187165775,0.805128205128,0.564672364672,0.552356020942,0.553449405388,0.541025641026,216,21,195,0,216,0,21,0,195,37,216,0.162162162162,1.32432432432,11.6756756757,21.6,6,8.1990990496,0.702237650082,0.31006006006,10.329336629,1.76937710775,0.765265265265,3.0868314707,0.528762798222,0.252752752753,0.579945114934,0.437917739848,2,1.32432432432,0.579945114934,2,0.0121701261701,0.00597269624573,7,0.000900900900901,0.621196581197,37,37,37,1,0,0.72972972973,0.243243243243,0.027027027027,37,0.0157657657658,1.32432432432,1.13513513514,2.1,1.5,1.2728393929,1.12131089375,0.564993564994,1.16763151866,2.05725553287,0.813384813385,0.834683590768,1.47063299326,0.700128700129,0.579945114934,0.437917739848,2,1.55555555556,0.704792186495,2,0,0,0,0,0.0616666666667,37,18,18,0.486486486486,0,0.351351351351,0.027027027027,0.243243243243,37,200,0.15015015015,1,10.8108108108,6.06060606061,5.55555555556,7.44549766204,0.688708533739,0.360405405405,7.65019774421,1.41528658268,0.632702702703,4.66940074349,0.863839137546,0.40972972973,0,0,0,NaN,NaN,NaN,0.461179654726,0.28596552937,271,0.0348777348777,0.199089768078,37,37,0,1,2,0.108108108108,0.864864864865,0.027027027027,-16,-0.012012012012,-0.324324324324,-0.864864864865,-15.5393939394,-0.444444444444,-0.753601387565,-0.0135291163432,0.0503453453453,-2.67913888479,-0.354090525066,-0.132562562563,1.58256927279,0.335076339323,0.156976976977,-0.579945114934,-0.437917739848,-2,NaN,NaN,NaN,0.449009528556,0.279992833125,264,0.0339768339768,-0.422106813119,-0.621621621622,0.621621621622,0,151,49,65,1067,0.699074074074,0.956093189964,0.0439068100358,0.300925925926,0.755,0.699074074074,0.725961538462,0.67604086854,0.655167264038,0.569811320755,179,195,0,0,0,0
228,WLNM_dir_neg,0.870598290598,0.805345168458,00:00:10,10,10,26,1231466250,threshold_sweep,0.3,0.72625698324,0.666666666667,0.695187165775,130,49,65,341,0.666666666667,0.874358974359,0.125641025641,0.333333333333,0.72625698324,0.666666666667,0.695187165775,0.805128205128,0.564672364672,0.552356020942,0.553449405388,0.541025641026,216,21,195,0,216,0,21,0,195,37,216,0.162162162162,1.32432432432,11.6756756757,21.6,6,8.1990990496,0.702237650082,0.31006006006,10.329336629,1.76937710775,0.765265265265,3.0868314707,0.528762798222,0.252752752753,0.579945114934,0.437917739848,2,1.32432432432,0.579945114934,2,0.0121701261701,0.00597269624573,7,0.000900900900901,0.621196581197,37,37,37,1,0,0.72972972973,0.243243243243,0.027027027027,37,0.0157657657658,1.32432432432,1.13513513514,2.1,1.5,1.2728393929,1.12131089375,0.564993564994,1.16763151866,2.05725553287,0.813384813385,0.834683590768,1.47063299326,0.700128700129,0.579945114934,0.437917739848,2,1.55555555556,0.704792186495,2,0,0,0,0,0.0616666666667,37,18,18,0.486486486486,0,0.351351351351,0.027027027027,0.243243243243,37,200,0.15015015015,1,10.8108108108,6.06060606061,5.55555555556,7.44549766204,0.688708533739,0.360405405405,7.65019774421,1.41528658268,0.632702702703,4.66940074349,0.863839137546,0.40972972973,0,0,0,NaN,NaN,NaN,0.461179654726,0.28596552937,271,0.0348777348777,0.199089768078,37,37,0,1,2,0.108108108108,0.864864864865,0.027027027027,-16,-0.012012012012,-0.324324324324,-0.864864864865,-15.5393939394,-0.444444444444,-0.753601387565,-0.0135291163432,0.0503453453453,-2.67913888479,-0.354090525066,-0.132562562563,1.58256927279,0.335076339323,0.156976976977,-0.579945114934,-0.437917739848,-2,NaN,NaN,NaN,0.449009528556,0.279992833125,264,0.0339768339768,-0.422106813119,-0.621621621622,0.621621621622,0,151,49,65,1067,0.699074074074,0.956093189964,0.0439068100358,0.300925925926,0.755,0.699074074074,0.725961538462,0.67604086854,0.655167264038,0.569811320755,179,195,0,0,0,0
229,WLNM_dir_neg,0.870598290598,0.805345168458,00:00:10,10,10,26,1231466250,threshold_sweep,0.4,0.715151515152,0.605128205128,0.655555555556,118,47,77,343,0.605128205128,0.879487179487,0.120512820513,0.394871794872,0.715151515152,0.605128205128,0.655555555556,0.788034188034,0.57264957265,0.504,0.507668467336,0.484615384615,216,21,195,0,216,0,21,0,195,37,216,0.162162162162,1.32432432432,11.6756756757,21.6,6,8.1990990496,0.702237650082,0.31006006006,10.329336629,1.76937710775,0.765265265265,3.0868314707,0.528762798222,0.252752752753,0.579945114934,0.437917739848,2,1.32432432432,0.579945114934,2,0.0121701261701,0.00597269624573,7,0.000900900900901,0.621196581197,37,37,37,1,0,0.72972972973,0.243243243243,0.027027027027,37,0.0157657657658,1.32432432432,1.13513513514,2.1,1.5,1.2728393929,1.12131089375,0.564993564994,1.16763151866,2.05725553287,0.813384813385,0.834683590768,1.47063299326,0.700128700129,0.579945114934,0.437917739848,2,1.55555555556,0.704792186495,2,0,0,0,0,0.0616666666667,37,18,18,0.486486486486,0,0.351351351351,0.027027027027,0.243243243243,37,186,0.13963963964,2.81588785978,10.0540540541,6,5.16666666667,7.31796095593,0.727861707983,0.382011043301,7.1082365624,1.41400404736,0.633827375763,4.83325566884,0.961454084661,0.454809648358,1.00983868125,0.358621767464,3.4021184145,2.81588785978,1.00983868125,3.4021184145,0.542412915371,0.294233032562,250,0.032175032175,0.228793429208,37,37,37,1,0,0.162162162162,0.810810810811,0.027027027027,-30,-0.0225225225225,1.49156353545,-1.62162162162,-15.6,-0.833333333333,-0.881138093672,0.0256240579007,0.0719509832413,-3.2211000666,-0.355373060386,-0.131437889502,1.74642419813,0.432691286439,0.202056895605,0.429893566319,-0.0792959723842,1.4021184145,1.49156353545,0.429893566319,1.4021184145,0.530242789201,0.288260336316,243,0.0312741312741,-0.392403151989,-0.567567567568,0.567567567568,0,139,47,77,1069,0.643518518519,0.957885304659,0.0421146953405,0.356481481481,0.747311827957,0.643518518519,0.691542288557,0.639552758665,0.601403823178,0.528517110266,165,195,0,0,0,0
230,WLNM_dir_neg,0.870598290598,0.805345168458,00:00:10,10,10,26,1231466250,threshold_sweep,0.5,0.815384615385,0.54358974359,0.652307692308,106,24,89,366,0.54358974359,0.938461538462,0.0615384615385,0.45641025641,0.815384615385,0.54358974359,0.652307692308,0.806837606838,0.592592592593,0.525874125874,0.546594776352,0.482051282051,216,21,195,0,216,0,21,0,195,37,216,0.162162162162,1.32432432432,11.6756756757,21.6,6,8.1990990496,0.702237650082,0.31006006006,10.329336629,1.76937710775,0.765265265265,3.0868314707,0.528762798222,0.252752752753,0.579945114934,0.437917739848,2,1.32432432432,0.579945114934,2,0.0121701261701,0.00597269624573,7,0.000900900900901,0.621196581197,37,37,37,1,0,0.72972972973,0.243243243243,0.027027027027,37,0.0157657657658,1.32432432432,1.13513513514,2.1,1.5,1.2728393929,1.12131089375,0.564993564994,1.16763151866,2.05725553287,0.813384813385,0.834683590768,1.47063299326,0.700128700129,0.579945114934,0.437917739848,2,1.55555555556,0.704792186495,2,0,0,0,0,0.0616666666667,37,18,18,0.486486486486,0,0.351351351351,0.027027027027,0.243243243243,37,151,0.113363363363,2.66213197134,8.16216216216,5.80769230769,4.19444444444,6.65629824349,0.815506738441,0.434759262574,6.31742905856,1.54797930574,0.692679434401,4.1591824676,1.01913742584,0.494003937713,1.24834003279,0.468924924169,3.04988829397,2.66213197134,1.24834003279,3.04988829397,0.445823255244,0.193763919822,116,0.0149292149292,0.288350684866,37,37,37,1,0,0.297297297297,0.675675675676,0.027027027027,-65,-0.0487987987988,1.33780764702,-3.51351351351,-15.7923076923,-1.80555555556,-1.54280080611,0.113269088359,0.124699202514,-4.01190757044,-0.221397802006,-0.072585830864,1.0723509969,0.490374627614,0.24125118496,0.668394917857,0.0310071843209,1.04988829397,1.33780764702,0.668394917857,1.04988829397,0.433653129074,0.187791223576,109,0.0140283140283,-0.332845896331,-0.432432432432,0.432432432432,0,127,24,89,1092,0.587962962963,0.978494623656,0.0215053763441,0.412037037037,0.841059602649,0.587962962963,0.692098092643,0.658586688094,0.566457586619,0.529166666667,130,195,0,0,0,0
231,WLNM_dir_neg,0.870598290598,0.805345168458,00:00:10,10,10,26,1231466250,threshold_sweep,0.6,0.828125,0.54358974359,0.656346749226,106,22,89,368,0.54358974359,0.94358974359,0.0564102564103,0.45641025641,0.828125,0.54358974359,0.656346749226,0.810256410256,0.593732193732,0.532959326788,0.555489070298,0.487179487179,216,21,195,0,216,0,21,0,195,37,216,0.162162162162,1.32432432432,11.6756756757,21.6,6,8.1990990496,0.702237650082,0.31006006006,10.329336629,1.76937710775,0.765265265265,3.0868314707,0.528762798222,0.252752752753,0.579945114934,0.437917739848,2,1.32432432432,0.579945114934,2,0.0121701261701,0.00597269624573,7,0.000900900900901,0.621196581197,37,37,37,1,0,0.72972972973,0.243243243243,0.027027027027,37,0.0157657657658,1.32432432432,1.13513513514,2.1,1.5,1.2728393929,1.12131089375,0.564993564994,1.16763151866,2.05725553287,0.813384813385,0.834683590768,1.47063299326,0.700128700129,0.579945114934,0.437917739848,2,1.55555555556,0.704792186495,2,0,0,0,0,0.0616666666667,37,18,18,0.486486486486,0,0.351351351351,0.027027027027,0.243243243243,37,149,0.111861861862,2.56992969222,8.05405405405,6.20833333333,4.13888888889,6.64975332018,0.825640512908,0.438962452385,6.34860652465,1.57649960679,0.706693270452,4.09258466611,1.01627941373,0.489388717577,1.28428045466,0.499733692539,3,2.56992969222,1.28428045466,3,0.419662603532,0.171768707483,101,0.0129987129987,0.331535350982,37,37,37,1,0,0.351351351351,0.621621621622,0.027027027027,-67,-0.0503003003003,1.2456053679,-3.62162162162,-15.3916666667,-1.86111111111,-1.54934572943,0.123402862826,0.128902392325,-3.98073010435,-0.192877500954,-0.0585719948136,1.0057531954,0.487516615509,0.236635964824,0.704335339725,0.0618159526904,1,1.2456053679,0.704335339725,1,0.407492477362,0.165796011237,94,0.0120978120978,-0.289661230214,-0.378378378378,0.378378378378,0,127,22,89,1094,0.587962962963,0.980286738351,0.0197132616487,0.412037037037,0.852348993289,0.587962962963,0.695890410959,0.664527078466,0.568249701314,0.533613445378,128,195,0,0,0,0
232,WLNM_dir_neg,0.870598290598,0.805345168458,00:00:10,10,10,26,1231466250,threshold_sweep,0.7,0.832,0.533333333333,0.65,104,21,91,369,0.533333333333,0.946153846154,0.0538461538462,0.466666666667,0.832,0.533333333333,0.65,0.808547008547,0.595441595442,0.52676056338,0.551432916019,0.479487179487,216,21,195,0,216,0,21,0,195,37,216,0.162162162162,1.32432432432,11.6756756757,21.6,6,8.1990990496,0.702237650082,0.31006006006,10.329336629,1.76937710775,0.765265265265,3.0868314707,0.528762798222,0.252752752753,0.579945114934,0.437917739848,2,1.32432432432,0.579945114934,2,0.0121701261701,0.00597269624573,7,0.000900900900901,0.621196581197,37,37,37,1,0,0.72972972973,0.243243243243,0.027027027027,37,0.0157657657658,1.32432432432,1.13513513514,2.1,1.5,1.2728393929,1.12131089375,0.564993564994,1.16763151866,2.05725553287,0.813384813385,0.834683590768,1.47063299326,0.700128700129,0.579945114934,0.437917739848,2,1.55555555556,0.704792186495,2,0,0,0,0,0.0616666666667,37,18,18,0.486486486486,0,0.351351351351,0.027027027027,0.243243243243,37,146,0.10960960961,2.12281359278,7.89189189189,6.34782608696,4.05555555556,6.53105310457,0.827564948181,0.440947797112,6.22693943882,1.57805999477,0.711588300629,4.0273091785,1.02061944935,0.488337652721,0.938488516617,0.442096526896,2.60441029329,2.12281359278,0.938488516617,2.60441029329,0.409218732656,0.16134751773,91,0.0117117117117,0.356178724255,37,37,37,1,0,0.378378378378,0.594594594595,0.027027027027,-70,-0.0525525525526,0.798489268457,-3.78378378378,-15.252173913,-1.94444444444,-1.66804594504,0.125327298099,0.130887737052,-4.10239719018,-0.191317112975,-0.0536769646359,0.940477707795,0.491856651123,0.235584899968,0.358543401683,0.00417878704802,0.60441029329,0.798489268457,0.358543401683,0.60441029329,0.397048606486,0.155374821485,84,0.0108108108108,-0.265017856942,-0.351351351351,0.351351351351,0,125,21,91,1095,0.578703703704,0.981182795699,0.0188172043011,0.421296296296,0.856164383562,0.578703703704,0.690607734807,0.660602474131,0.559886499403,0.527426160338,125,195,0,0,0,0
233,WLNM_dir_neg,0.870598290598,0.805345168458,00:00:10,10,10,26,1231466250,threshold_sweep,0.8,0.821428571429,0.471794871795,0.599348534202,92,20,103,370,0.471794871795,0.948717948718,0.0512820512821,0.528205128205,0.821428571429,0.471794871795,0.599348534202,0.789743589744,0.602849002849,0.470588235294,0.503836084816,0.420512820513,216,21,195,0,216,0,21,0,195,37,216,0.162162162162,1.32432432432,11.6756756757,21.6,6,8.1990990496,0.702237650082,0.31006006006,10.329336629,1.76937710775,0.765265265265,3.0868314707,0.528762798222,0.252752752753,0.579945114934,0.437917739848,2,1.32432432432,0.579945114934,2,0.0121701261701,0.00597269624573,7,0.000900900900901,0.621196581197,37,37,37,1,0,0.72972972973,0.243243243243,0.027027027027,37,0.0157657657658,1.32432432432,1.13513513514,2.1,1.5,1.2728393929,1.12131089375,0.564993564994,1.16763151866,2.05725553287,0.813384813385,0.834683590768,1.47063299326,0.700128700129,0.579945114934,0.437917739848,2,1.55555555556,0.704792186495,2,0,0,0,0,0.0616666666667,37,18,18,0.486486486486,0,0.351351351351,0.027027027027,0.243243243243,37,133,0.0998498498498,2.1037364848,7.18918918919,5.78260869565,5.54166666667,6.04996711579,0.841536779264,0.46372688478,5.23587761645,1.4565975324,0.6868522658,4.30412889276,1.19738924084,0.593781751676,0.922333927297,0.438426549123,2.53382499378,2.20112499817,0.898618788526,2.53382499378,0.180289034637,0.171189979123,82,0.0105534105534,0.368883551956,37,34,34,0.918918918919,0,0.297297297297,0.351351351351,0.27027027027,-83,-0.0623123123123,0.77941216048,-4.48648648649,-15.8173913043,-0.458333333333,-2.14913193382,0.139299129182,0.153666824719,-5.09345901255,-0.31277957535,-0.0784129994656,1.21729742206,0.668626442622,0.341028998924,0.342388812362,0.000508809274322,0.533824993776,0.876800673845,0.318673673592,0.533824993776,0.168118908467,0.165217282877,75,0.00965250965251,-0.25231302924,-0.432432432432,0.108108108108,0.243243243243,113,20,103,1096,0.523148148148,0.982078853047,0.0179211469534,0.476851851852,0.84962406015,0.523148148148,0.647564469914,0.621169486167,0.505227001195,0.478813559322,112,195,0,0,0,0
234,WLNM_dir_neg,0.870598290598,0.805345168458,00:00:10,10,10,26,1231466250,threshold_sweep,0.9,0.8,0.389743589744,0.524137931034,76,19,119,371,0.389743589744,0.951282051282,0.0487179487179,0.610256410256,0.8,0.389743589744,0.524137931034,0.764102564103,0.612535612536,0.391176470588,0.435889894354,0.341025641026,216,21,195,0,216,0,21,0,195,37,216,0.162162162162,1.32432432432,11.6756756757,21.6,6,8.1990990496,0.702237650082,0.31006006006,10.329336629,1.76937710775,0.765265265265,3.0868314707,0.528762798222,0.252752752753,0.579945114934,0.437917739848,2,1.32432432432,0.579945114934,2,0.0121701261701,0.00597269624573,7,0.000900900900901,0.621196581197,37,37,37,1,0,0.72972972973,0.243243243243,0.027027027027,37,0.0157657657658,1.32432432432,1.13513513514,2.1,1.5,1.2728393929,1.12131089375,0.564993564994,1.16763151866,2.05725553287,0.813384813385,0.834683590768,1.47063299326,0.700128700129,0.579945114934,0.437917739848,2,1.55555555556,0.704792186495,2,0,0,0,0,0.0616666666667,37,18,18,0.486486486486,0,0.351351351351,0.027027027027,0.243243243243,37,116,0.0870870870871,2.15772572023,6.27027027027,5.04347826087,6.82352941176,5.52091301149,0.880490437178,0.480428704567,4.95626518303,1.58087768769,0.707362534949,4.46692886147,1.42479627478,0.674743709226,1.01759609432,0.471605860179,3.375,2.29805611056,0.98847884114,3.375,0.222378104987,0.179220779221,69,0.00888030888031,0.364560801517,37,33,33,0.891891891892,0,0.27027027027,0.189189189189,0.432432432432,-100,-0.0750750750751,0.833401395901,-5.40540540541,-16.5565217391,0.823529411765,-2.67818603811,0.178252787096,0.170368644507,-5.37307144596,-0.188499420053,-0.0579027303165,1.38009739077,0.896033476557,0.421990956474,0.437650979384,0.0336881203309,1.375,0.973731786232,0.408533726206,1.375,0.210207978817,0.173248082975,62,0.00797940797941,-0.256635779679,-0.459459459459,-0.0540540540541,0.405405405405,97,19,119,1097,0.449074074074,0.982974910394,0.0170250896057,0.550925925926,0.836206896552,0.449074074074,0.584337349398,0.564801939587,0.432048984468,0.412765957447,95,195,0,0,0,0
235,WLNM_dir_neg,0.848007889546,0.675301024985,00:00:08,10,10,27,1231466251,threshold_sweep,0.1,0.571428571429,0.492307692308,0.528925619835,96,72,99,318,0.492307692308,0.815384615385,0.184615384615,0.507692307692,0.571428571429,0.492307692308,0.528925619835,0.707692307692,0.57094017094,0.318725099602,0.320585281819,0.307692307692,216,21,195,0,216,0,21,0,195,37,216,0.162162162162,1.32432432432,11.6756756757,21.6,6,8.1990990496,0.702237650082,0.31006006006,10.329336629,1.76937710775,0.765265265265,3.0868314707,0.528762798222,0.252752752753,0.579945114934,0.437917739848,2,1.32432432432,0.579945114934,2,0.0121701261701,0.00597269624573,7,0.000900900900901,0.621196581197,37,37,37,1,0,0.72972972973,0.243243243243,0.027027027027,37,0.0157657657658,1.33783783784,1.13513513514,2.1,1.3125,1.18232732266,1.04157406996,0.539253539254,1.09393633119,1.92741163114,0.803088803089,0.728031613345,1.28272236637,0.638352638353,0.624211213965,0.466582119529,2.5,1.55263157895,0.761846019039,2.5,0,0,0,0,0.0248148148148,37,19,19,0.513513513514,0,0.351351351351,0.0810810810811,0.189189189189,37,189,0.141891891892,1,10.2162162162,5.25,5.25,6.81556688412,0.667132208234,0.366795366795,5.7820785564,1.13194130469,0.526240526241,6.20386879197,1.21451399631,0.580580580581,0,0,0,NaN,NaN,NaN,0.515647669131,0.330873308733,269,0.0346203346203,0.209901426114,37,37,0,1,2,0.027027027027,0.945945945946,0.027027027027,-27,-0.0202702702703,-0.324324324324,-1.45945945946,-16.35,-0.75,-1.38353216548,-0.0351054418476,0.0567353067353,-4.5472580726,-0.637435803052,-0.239024739025,3.11703732127,0.685751198089,0.327827827828,-0.579945114934,-0.437917739848,-2,NaN,NaN,NaN,0.503477542961,0.324900612487,262,0.0337194337194,-0.411295155082,-0.702702702703,0.702702702703,0,117,72,99,1044,0.541666666667,0.935483870968,0.0645161290323,0.458333333333,0.619047619048,0.541666666667,0.577777777778,0.504034626714,0.477150537634,0.40625,168,195,0,0,0,0
236,WLNM_dir_neg,0.848007889546,0.675301024985,00:00:08,10,10,27,1231466251,threshold_sweep,0.2,0.6,0.492307692308,0.540845070423,96,64,99,326,0.492307692308,0.835897435897,0.164102564103,0.507692307692,0.6,0.492307692308,0.540845070423,0.721367521368,0.575498575499,0.343624161074,0.34708873251,0.328205128205,216,21,195,0,216,0,21,0,195,37,216,0.162162162162,1.32432432432,11.6756756757,21.6,6,8.1990990496,0.702237650082,0.31006006006,10.329336629,1.76937710775,0.765265265265,3.0868314707,0.528762798222,0.252752752753,0.579945114934,0.437917739848,2,1.32432432432,0.579945114934,2,0.0121701261701,0.00597269624573,7,0.000900900900901,0.621196581197,37,37,37,1,0,0.72972972973,0.243243243243,0.027027027027,37,0.0157657657658,1.33783783784,1.13513513514,2.1,1.3125,1.18232732266,1.04157406996,0.539253539254,1.09393633119,1.92741163114,0.803088803089,0.728031613345,1.28272236637,0.638352638353,0.624211213965,0.466582119529,2.5,1.55263157895,0.761846019039,2.5,0,0,0,0,0.0248148148148,37,19,19,0.513513513514,0,0.351351351351,0.0810810810811,0.189189189189,37,181,0.135885885886,3.19995820636,9.78378378378,5.32352941176,5.02777777778,6.76648248984,0.691601801448,0.378826340152,5.88209988857,1.20241820927,0.556965805585,5.91036652268,1.20819647149,0.574286994176,1.09114544191,0.340987404068,4,3.19995820636,1.09114544191,4,0.505926180926,0.321938554738,248,0.0319176319176,0.223986410464,37,37,37,1,0,0.0810810810811,0.891891891892,0.027027027027,-35,-0.0262762762763,1.87563388204,-1.89189189189,-16.2764705882,-0.972222222222,-1.43261655977,-0.0106358486343,0.0687662800922,-4.44723674043,-0.56695889848,-0.208299459681,2.82353505198,0.679433673265,0.321534241424,0.511200326979,-0.0969303357805,2,1.87563388204,0.511200326979,2,0.493756054756,0.315965858492,241,0.0310167310167,-0.397210170732,-0.648648648649,0.648648648649,0,117,64,99,1052,0.541666666667,0.942652329749,0.0573476702509,0.458333333333,0.646408839779,0.541666666667,0.589420654912,0.520970974172,0.484318996416,0.417857142857,160,195,0,0,0,0
237,WLNM_dir_neg,0.848007889546,0.675301024985,00:00:08,10,10,27,1231466251,threshold_sweep,0.3,0.6,0.492307692308,0.540845070423,96,64,99,326,0.492307692308,0.835897435897,0.164102564103,0.507692307692,0.6,0.492307692308,0.540845070423,0.721367521368,0.575498575499,0.343624161074,0.34708873251,0.328205128205,216,21,195,0,216,0,21,0,195,37,216,0.162162162162,1.32432432432,11.6756756757,21.6,6,8.1990990496,0.702237650082,0.31006006006,10.329336629,1.76937710775,0.765265265265,3.0868314707,0.528762798222,0.252752752753,0.579945114934,0.437917739848,2,1.32432432432,0.579945114934,2,0.0121701261701,0.00597269624573,7,0.000900900900901,0.621196581197,37,37,37,1,0,0.72972972973,0.243243243243,0.027027027027,37,0.0157657657658,1.33783783784,1.13513513514,2.1,1.3125,1.18232732266,1.04157406996,0.539253539254,1.09393633119,1.92741163114,0.803088803089,0.728031613345,1.28272236637,0.638352638353,0.624211213965,0.466582119529,2.5,1.55263157895,0.761846019039,2.5,0,0,0,0,0.0248148148148,37,19,19,0.513513513514,0,0.351351351351,0.0810810810811,0.189189189189,37,181,0.135885885886,3.19995820636,9.78378378378,5.32352941176,5.02777777778,6.76648248984,0.691601801448,0.378826340152,5.88209988857,1.20241820927,0.556965805585,5.91036652268,1.20819647149,0.574286994176,1.09114544191,0.340987404068,4,3.19995820636,1.09114544191,4,0.505926180926,0.321938554738,248,0.0319176319176,0.223986410464,37,37,37,1,0,0.0810810810811,0.891891891892,0.027027027027,-35,-0.0262762762763,1.87563388204,-1.89189189189,-16.2764705882,-0.972222222222,-1.43261655977,-0.0106358486343,0.0687662800922,-4.44723674043,-0.56695889848,-0.208299459681,2.82353505198,0.679433673265,0.321534241424,0.511200326979,-0.0969303357805,2,1.87563388204,0.511200326979,2,0.493756054756,0.315965858492,241,0.0310167310167,-0.397210170732,-0.648648648649,0.648648648649,0,117,64,99,1052,0.541666666667,0.942652329749,0.0573476702509,0.458333333333,0.646408839779,0.541666666667,0.589420654912,0.520970974172,0.484318996416,0.417857142857,160,195,0,0,0,0
238,WLNM_dir_neg,0.848007889546,0.675301024985,00:00:08,10,10,27,1231466251,threshold_sweep,0.4,0.6,0.492307692308,0.540845070423,96,64,99,326,0.492307692308,0.835897435897,0.164102564103,0.507692307692,0.6,0.492307692308,0.540845070423,0.721367521368,0.575498575499,0.343624161074,0.34708873251,0.328205128205,216,21,195,0,216,0,21,0,195,37,216,0.162162162162,1.32432432432,11.6756756757,21.6,6,8.1990990496,0.702237650082,0.31006006006,10.329336629,1.76937710775,0.765265265265,3.0868314707,0.528762798222,0.252752752753,0.579945114934,0.437917739848,2,1.32432432432,0.579945114934,2,0.0121701261701,0.00597269624573,7,0.000900900900901,0.621196581197,37,37,37,1,0,0.72972972973,0.243243243243,0.027027027027,37,0.0157657657658,1.33783783784,1.13513513514,2.1,1.3125,1.18232732266,1.04157406996,0.539253539254,1.09393633119,1.92741163114,0.803088803089,0.728031613345,1.28272236637,0.638352638353,0.624211213965,0.466582119529,2.5,1.55263157895,0.761846019039,2.5,0,0,0,0,0.0248148148148,37,19,19,0.513513513514,0,0.351351351351,0.0810810810811,0.189189189189,37,181,0.135885885886,3.19995820636,9.78378378378,5.32352941176,5.02777777778,6.76648248984,0.691601801448,0.378826340152,5.88209988857,1.20241820927,0.556965805585,5.91036652268,1.20819647149,0.574286994176,1.09114544191,0.340987404068,4,3.19995820636,1.09114544191,4,0.505926180926,0.321938554738,248,0.0319176319176,0.223986410464,37,37,37,1,0,0.0810810810811,0.891891891892,0.027027027027,-35,-0.0262762762763,1.87563388204,-1.89189189189,-16.2764705882,-0.972222222222,-1.43261655977,-0.0106358486343,0.0687662800922,-4.44723674043,-0.56695889848,-0.208299459681,2.82353505198,0.679433673265,0.321534241424,0.511200326979,-0.0969303357805,2,1.87563388204,0.511200326979,2,0.493756054756,0.315965858492,241,0.0310167310167,-0.397210170732,-0.648648648649,0.648648648649,0,117,64,99,1052,0.541666666667,0.942652329749,0.0573476702509,0.458333333333,0.646408839779,0.541666666667,0.589420654912,0.520970974172,0.484318996416,0.417857142857,160,195,0,0,0,0
239,WLNM_dir_neg,0.848007889546,0.675301024985,00:00:08,10,10,27,1231466251,threshold_sweep,0.5,0.888888888889,0.492307692308,0.633663366337,96,12,99,378,0.492307692308,0.969230769231,0.0307692307692,0.507692307692,0.888888888889,0.492307692308,0.633663366337,0.810256410256,0.605128205128,0.519480519481,0.560772154092,0.461538461538,216,21,195,0,216,0,21,0,195,37,216,0.162162162162,1.32432432432,11.6756756757,21.6,6,8.1990990496,0.702237650082,0.31006006006,10.329336629,1.76937710775,0.765265265265,3.0868314707,0.528762798222,0.252752752753,0.579945114934,0.437917739848,2,1.32432432432,0.579945114934,2,0.0121701261701,0.00597269624573,7,0.000900900900901,0.621196581197,37,37,37,1,0,0.72972972973,0.243243243243,0.027027027027,37,0.0157657657658,1.33783783784,1.13513513514,2.1,1.3125,1.18232732266,1.04157406996,0.539253539254,1.09393633119,1.92741163114,0.803088803089,0.728031613345,1.28272236637,0.638352638353,0.624211213965,0.466582119529,2.5,1.55263157895,0.761846019039,2.5,0,0,0,0,0.0248148148148,37,19,19,0.513513513514,0,0.351351351351,0.0810810810811,0.189189189189,37,129,0.0968468468468,1.45317311721,6.97297297297,10.75,3.58333333333,6.32229953984,0.906686368117,0.471401634192,6.52610834189,1.87182952442,0.790278650744,3.06069728459,0.877874414959,0.457992876598,0.706498965703,0.486176737883,2.33451417004,1.46576125935,0.712300055266,2.33451417004,0.224595277792,0.162447257384,77,0.00990990990991,0.299563865686,37,36,36,0.972972972973,0,0.648648648649,0.324324324324,0,-87,-0.0653153153153,0.128848792884,-4.7027027027,-10.85,-2.41666666667,-1.87679950976,0.204448718035,0.161341574132,-3.80322828711,0.102452416673,0.0250133854785,-0.0261341861187,0.349111616736,0.205240123845,0.126553850768,0.0482589980341,0.33451417004,0.141436935029,0.132354940332,0.33451417004,0.212425151622,0.156474561138,70,0.00900900900901,-0.321632715511,-0.0810810810811,0.0810810810811,-0.027027027027,117,12,99,1104,0.541666666667,0.989247311828,0.010752688172,0.458333333333,0.906976744186,0.541666666667,0.678260869565,0.661691360356,0.530913978495,0.513157894737,108,195,0,0,0,0
240,WLNM_dir_neg,0.848007889546,0.675301024985,00:00:08,10,10,27,1231466251,threshold_sweep,0.6,0.888888888889,0.492307692308,0.633663366337,96,12,99,378,0.492307692308,0.969230769231,0.0307692307692,0.507692307692,0.888888888889,0.492307692308,0.633663366337,0.810256410256,0.605128205128,0.519480519481,0.560772154092,0.461538461538,216,21,195,0,216,0,21,0,195,37,216,0.162162162162,1.32432432432,11.6756756757,21.6,6,8.1990990496,0.702237650082,0.31006006006,10.329336629,1.76937710775,0.765265265265,3.0868314707,0.528762798222,0.252752752753,0.579945114934,0.437917739848,2,1.32432432432,0.579945114934,2,0.0121701261701,0.00597269624573,7,0.000900900900901,0.621196581197,37,37,37,1,0,0.72972972973,0.243243243243,0.027027027027,37,0.0157657657658,1.33783783784,1.13513513514,2.1,1.3125,1.18232732266,1.04157406996,0.539253539254,1.09393633119,1.92741163114,0.803088803089,0.728031613345,1.28272236637,0.638352638353,0.624211213965,0.466582119529,2.5,1.55263157895,0.761846019039,2.5,0,0,0,0,0.0248148148148,37,19,19,0.513513513514,0,0.351351351351,0.0810810810811,0.189189189189,37,129,0.0968468468468,1.45317311721,6.97297297297,10.75,3.58333333333,6.32229953984,0.906686368117,0.471401634192,6.52610834189,1.87182952442,0.790278650744,3.06069728459,0.877874414959,0.457992876598,0.706498965703,0.486176737883,2.33451417004,1.46576125935,0.712300055266,2.33451417004,0.224595277792,0.162447257384,77,0.00990990990991,0.299563865686,37,36,36,0.972972972973,0,0.648648648649,0.324324324324,0,-87,-0.0653153153153,0.128848792884,-4.7027027027,-10.85,-2.41666666667,-1.87679950976,0.204448718035,0.161341574132,-3.80322828711,0.102452416673,0.0250133854785,-0.0261341861187,0.349111616736,0.205240123845,0.126553850768,0.0482589980341,0.33451417004,0.141436935029,0.132354940332,0.33451417004,0.212425151622,0.156474561138,70,0.00900900900901,-0.321632715511,-0.0810810810811,0.0810810810811,-0.027027027027,117,12,99,1104,0.541666666667,0.989247311828,0.010752688172,0.458333333333,0.906976744186,0.541666666667,0.678260869565,0.661691360356,0.530913978495,0.513157894737,108,195,0,0,0,0
241,WLNM_dir_neg,0.848007889546,0.675301024985,00:00:08,10,10,27,1231466251,threshold_sweep,0.7,0.88679245283,0.482051282051,0.624584717608,94,12,101,378,0.482051282051,0.969230769231,0.0307692307692,0.517948717949,0.88679245283,0.482051282051,0.624584717608,0.806837606838,0.606267806268,0.509406657019,0.552302463855,0.451282051282,216,21,195,0,216,0,21,0,195,37,216,0.162162162162,1.32432432432,11.6756756757,21.6,6,8.1990990496,0.702237650082,0.31006006006,10.329336629,1.76937710775,0.765265265265,3.0868314707,0.528762798222,0.252752752753,0.579945114934,0.437917739848,2,1.32432432432,0.579945114934,2,0.0121701261701,0.00597269624573,7,0.000900900900901,0.621196581197,37,37,37,1,0,0.72972972973,0.243243243243,0.027027027027,37,0.0157657657658,1.33783783784,1.13513513514,2.1,1.3125,1.18232732266,1.04157406996,0.539253539254,1.09393633119,1.92741163114,0.803088803089,0.728031613345,1.28272236637,0.638352638353,0.624211213965,0.466582119529,2.5,1.55263157895,0.761846019039,2.5,0,0,0,0,0.0248148148148,37,19,19,0.513513513514,0,0.351351351351,0.0810810810811,0.189189189189,37,127,0.0953453453453,1.45446584417,6.86486486486,10.5833333333,3.52777777778,6.26348395314,0.912397268764,0.47435624601,6.43575317418,1.87498320822,0.789529687167,3.03260559531,0.883515015956,0.460097893169,0.708370514659,0.487031385093,2.33497807018,1.4670898954,0.714185247953,2.33497807018,0.220241128106,0.160404624277,74,0.00952380952381,0.295686520849,37,36,36,0.972972972973,0,0.648648648649,0.324324324324,0,-89,-0.0668168168168,0.13014151985,-4.81081081081,-11.0166666667,-2.47222222222,-1.93561509647,0.210159618682,0.16429618595,-3.89358345482,0.105606100479,0.0242644219022,-0.0542258753954,0.354752217734,0.207345140416,0.128425399725,0.0491136452447,0.334978070175,0.142765571077,0.134240133018,0.334978070175,0.208071001935,0.154431928032,67,0.00862290862291,-0.325510060348,-0.0810810810811,0.0810810810811,-0.027027027027,115,12,101,1104,0.532407407407,0.989247311828,0.010752688172,0.467592592593,0.905511811024,0.532407407407,0.67055393586,0.654706615969,0.521654719235,0.504385964912,106,195,0,0,0,0
242,WLNM_dir_neg,0.848007889546,0.675301024985,00:00:08,10,10,27,1231466251,threshold_sweep,0.8,0.88679245283,0.482051282051,0.624584717608,94,12,101,378,0.482051282051,0.969230769231,0.0307692307692,0.517948717949,0.88679245283,0.482051282051,0.624584717608,0.806837606838,0.606267806268,0.509406657019,0.552302463855,0.451282051282,216,21,195,0,216,0,21,0,195,37,216,0.162162162162,1.32432432432,11.6756756757,21.6,6,8.1990990496,0.702237650082,0.31006006006,10.329336629,1.76937710775,0.765265265265,3.0868314707,0.528762798222,0.252752752753,0.579945114934,0.437917739848,2,1.32432432432,0.579945114934,2,0.0121701261701,0.00597269624573,7,0.000900900900901,0.621196581197,37,37,37,1,0,0.72972972973,0.243243243243,0.027027027027,37,0.0157657657658,1.33783783784,1.13513513514,2.1,1.3125,1.18232732266,1.04157406996,0.539253539254,1.09393633119,1.92741163114,0.803088803089,0.728031613345,1.28272236637,0.638352638353,0.624211213965,0.466582119529,2.5,1.55263157895,0.761846019039,2.5,0,0,0,0,0.0248148148148,37,19,19,0.513513513514,0,0.351351351351,0.0810810810811,0.189189189189,37,127,0.0953453453453,1.45446584417,6.86486486486,10.5833333333,3.52777777778,6.26348395314,0.912397268764,0.47435624601,6.43575317418,1.87498320822,0.789529687167,3.03260559531,0.883515015956,0.460097893169,0.708370514659,0.487031385093,2.33497807018,1.4670898954,0.714185247953,2.33497807018,0.220241128106,0.160404624277,74,0.00952380952381,0.295686520849,37,36,36,0.972972972973,0,0.648648648649,0.324324324324,0,-89,-0.0668168168168,0.13014151985,-4.81081081081,-11.0166666667,-2.47222222222,-1.93561509647,0.210159618682,0.16429618595,-3.89358345482,0.105606100479,0.0242644219022,-0.0542258753954,0.354752217734,0.207345140416,0.128425399725,0.0491136452447,0.334978070175,0.142765571077,0.134240133018,0.334978070175,0.208071001935,0.154431928032,67,0.00862290862291,-0.325510060348,-0.0810810810811,0.0810810810811,-0.027027027027,115,12,101,1104,0.532407407407,0.989247311828,0.010752688172,0.467592592593,0.905511811024,0.532407407407,0.67055393586,0.654706615969,0.521654719235,0.504385964912,106,195,0,0,0,0
243,WLNM_dir_neg,0.848007889546,0.675301024985,00:00:08,10,10,27,1231466251,threshold_sweep,0.9,0.895238095238,0.482051282051,0.626666666667,94,11,101,379,0.482051282051,0.971794871795,0.0282051282051,0.517948717949,0.895238095238,0.482051282051,0.626666666667,0.808547008547,0.606837606838,0.513043478261,0.557497597689,0.453846153846,216,21,195,0,216,0,21,0,195,37,216,0.162162162162,1.32432432432,11.6756756757,21.6,6,8.1990990496,0.702237650082,0.31006006006,10.329336629,1.76937710775,0.765265265265,3.0868314707,0.528762798222,0.252752752753,0.579945114934,0.437917739848,2,1.32432432432,0.579945114934,2,0.0121701261701,0.00597269624573,7,0.000900900900901,0.621196581197,37,37,37,1,0,0.72972972973,0.243243243243,0.027027027027,37,0.0157657657658,1.33783783784,1.13513513514,2.1,1.3125,1.18232732266,1.04157406996,0.539253539254,1.09393633119,1.92741163114,0.803088803089,0.728031613345,1.28272236637,0.638352638353,0.624211213965,0.466582119529,2.5,1.55263157895,0.761846019039,2.5,0,0,0,0,0.0248148148148,37,19,19,0.513513513514,0,0.351351351351,0.0810810810811,0.189189189189,37,126,0.0945945945946,1.44980301131,6.81081081081,10.5,3.5,6.2309168125,0.914856833582,0.475117975118,6.3920934645,1.87704331894,0.789360789361,3.02268698952,0.887614433432,0.461175461175,0.702436863414,0.484505038226,2.33497807018,1.4622975394,0.708218869916,2.33497807018,0.223336100766,0.160322108346,73,0.00939510939511,0.294696899186,37,36,36,0.972972972973,0,0.648648648649,0.324324324324,0,-90,-0.0675675675676,0.125478686985,-4.86486486486,-11.1,-2.5,-1.9681822371,0.2126191835,0.165057915058,-3.9372431645,0.107666211194,0.0240955240955,-0.0641444811802,0.358851635209,0.208422708423,0.12249174848,0.0465872983773,0.334978070175,0.137973215077,0.128273754981,0.334978070175,0.211165974596,0.1543494121,66,0.00849420849421,-0.326499682011,-0.0810810810811,0.0810810810811,-0.027027027027,115,11,101,1105,0.532407407407,0.990143369176,0.00985663082437,0.467592592593,0.912698412698,0.532407407407,0.672514619883,0.658155543952,0.522550776583,0.506607929515,105,195,0,0,0,0
244,WLNM_dir_neg,0.763057199211,0.63311804287,00:00:08,10,10,28,1231466252,threshold_sweep,0.1,0.736363636364,0.415384615385,0.531147540984,81,29,114,361,0.415384615385,0.925641025641,0.074358974359,0.584615384615,0.736363636364,0.415384615385,0.531147540984,0.755555555556,0.603988603989,0.38273381295,0.411427669552,0.341025641026,216,21,195,0,216,0,21,0,195,37,216,0.162162162162,1.32432432432,11.6756756757,21.6,6,8.1990990496,0.702237650082,0.31006006006,10.329336629,1.76937710775,0.765265265265,3.0868314707,0.528762798222,0.252752752753,0.579945114934,0.437917739848,2,1.32432432432,0.579945114934,2,0.0121701261701,0.00597269624573,7,0.000900900900901,0.621196581197,37,37,37,1,0,0.72972972973,0.243243243243,0.027027027027,37,0.0157657657658,1.24324324324,1.13513513514,2.625,1.61538461538,1.37764215161,1.21363713356,0.620334620335,1.28107031077,2.25712388088,0.846846846847,0.929173483997,1.63711518609,0.738738738739,0.49471683289,0.397924409064,2,1.45,0.604805318829,2,0,0,0,0,0.0843537414966,37,20,20,0.540540540541,0,0.324324324324,0.027027027027,0.189189189189,37,131,0.0983483483483,1.93085939157,7.08108108108,4.85185185185,4.22580645161,6.50375267048,0.918468888579,0.458427893542,6.4143701284,1.81169232634,0.722921394677,4.21369852449,1.19012859089,0.534351145038,0.683641326389,0.354060647488,2.83392857143,1.9567165969,0.674739908494,2.83392857143,0.393320973145,0.240693196406,125,0.0160875160875,0.290440714187,37,36,36,0.972972972973,0,0.243243243243,0.594594594595,0.135135135135,-85,-0.0638138138138,0.606535067249,-4.59459459459,-16.7481481481,-1.77419354839,-1.69534637912,0.216231238498,0.148367833482,-3.9149665006,0.0423152185974,-0.0423438705881,1.12686705378,0.661365792663,0.281598392285,0.103696211455,-0.0838570923602,0.833928571429,0.632392272571,0.0947947935598,0.833928571429,0.381150846974,0.23472050016,118,0.0151866151866,-0.330755867009,-0.486486486486,0.351351351351,0.108108108108,102,29,114,1087,0.472222222222,0.974014336918,0.0259856630824,0.527777777778,0.778625954198,0.472222222222,0.587896253602,0.55235332097,0.44623655914,0.416326530612,110,195,0,0,0,0
245,WLNM_dir_neg,0.763057199211,0.63311804287,00:00:08,10,10,28,1231466252,threshold_sweep,0.2,0.733944954128,0.410256410256,0.526315789474,80,29,115,361,0.410256410256,0.925641025641,0.074358974359,0.589743589744,0.733944954128,0.410256410256,0.526315789474,0.753846153846,0.604558404558,0.377521613833,0.406667599811,0.335897435897,216,21,195,0,216,0,21,0,195,37,216,0.162162162162,1.32432432432,11.6756756757,21.6,6,8.1990990496,0.702237650082,0.31006006006,10.329336629,1.76937710775,0.765265265265,3.0868314707,0.528762798222,0.252752752753,0.579945114934,0.437917739848,2,1.32432432432,0.579945114934,2,0.0121701261701,0.00597269624573,7,0.000900900900901,0.621196581197,37,37,37,1,0,0.72972972973,0.243243243243,0.027027027027,37,0.0157657657658,1.24324324324,1.13513513514,2.625,1.61538461538,1.37764215161,1.21363713356,0.620334620335,1.28107031077,2.25712388088,0.846846846847,0.929173483997,1.63711518609,0.738738738739,0.49471683289,0.397924409064,2,1.45,0.604805318829,2,0,0,0,0,0.0843537414966,37,20,20,0.540540540541,0,0.324324324324,0.027027027027,0.189189189189,37,130,0.0975975975976,1.93225608851,7.02702702703,4.81481481481,4.1935483871,6.47853930076,0.921945977416,0.45841995842,6.37103524477,1.81329464659,0.72182952183,4.19405413533,1.19369233083,0.53264033264,0.685248061126,0.354636254067,2.83392857143,1.95815209096,0.676357755491,2.83392857143,0.392804346914,0.239766081871,123,0.0158301158301,0.289849795398,37,36,36,0.972972972973,0,0.243243243243,0.594594594595,0.135135135135,-86,-0.0645645645646,0.607931764182,-4.64864864865,-16.7851851852,-1.8064516129,-1.72055974885,0.219708327334,0.14835989836,-3.95830138423,0.0439175388428,-0.0434357434357,1.10722266463,0.664929532603,0.279887579888,0.105302946192,-0.0832814857813,0.833928571429,0.63382776664,0.0964126405568,0.833928571429,0.380634220743,0.233793385626,116,0.0149292149292,-0.331346785798,-0.486486486486,0.351351351351,0.108108108108,101,29,115,1087,0.467592592593,0.974014336918,0.0259856630824,0.532407407407,0.776923076923,0.467592592593,0.583815028902,0.548492814416,0.44160692951,0.412244897959,109,195,0,0,0,0
246,WLNM_dir_neg,0.763057199211,0.63311804287,00:00:08,10,10,28,1231466252,threshold_sweep,0.3,0.731481481481,0.405128205128,0.521452145215,79,29,116,361,0.405128205128,0.925641025641,0.074358974359,0.594871794872,0.731481481481,0.405128205128,0.521452145215,0.752136752137,0.605128205128,0.372294372294,0.401886710433,0.330769230769,216,21,195,0,216,0,21,0,195,37,216,0.162162162162,1.32432432432,11.6756756757,21.6,6,8.1990990496,0.702237650082,0.31006006006,10.329336629,1.76937710775,0.765265265265,3.0868314707,0.528762798222,0.252752752753,0.579945114934,0.437917739848,2,1.32432432432,0.579945114934,2,0.0121701261701,0.00597269624573,7,0.000900900900901,0.621196581197,37,37,37,1,0,0.72972972973,0.243243243243,0.027027027027,37,0.0157657657658,1.24324324324,1.13513513514,2.625,1.61538461538,1.37764215161,1.21363713356,0.620334620335,1.28107031077,2.25712388088,0.846846846847,0.929173483997,1.63711518609,0.738738738739,0.49471683289,0.397924409064,2,1.45,0.604805318829,2,0,0,0,0,0.0843537414966,37,20,20,0.540540540541,0,0.324324324324,0.027027027027,0.189189189189,37,129,0.0968468468468,1.93436150648,6.97297297297,4.77777777778,4.16129032258,6.48282554347,0.929707539179,0.460087994972,6.35794175999,1.8235956986,0.72239681542,4.18078688514,1.19914042442,0.532579090719,0.6869579712,0.355134223308,2.83397435897,1.96031599277,0.678054419505,2.83397435897,0.394913190451,0.239685658153,122,0.0157014157014,0.290697357143,37,36,36,0.972972972973,0,0.243243243243,0.594594594595,0.135135135135,-87,-0.0653153153153,0.610037182153,-4.7027027027,-16.8222222222,-1.83870967742,-1.71627350614,0.227469889097,0.150027934912,-3.97139486901,0.0542185908564,-0.0428684498452,1.09395541444,0.670377626198,0.279826337966,0.107012856266,-0.0827835165401,0.833974358974,0.635991668444,0.0981093045703,0.833974358974,0.382743064281,0.233712961908,115,0.0148005148005,-0.330499224053,-0.486486486486,0.351351351351,0.108108108108,100,29,116,1087,0.462962962963,0.974014336918,0.0259856630824,0.537037037037,0.77519379845,0.462962962963,0.579710144928,0.544615730071,0.436977299881,0.408163265306,108,195,0,0,0,0
247,WLNM_dir_neg,0.763057199211,0.63311804287,00:00:08,10,10,28,1231466252,threshold_sweep,0.4,0.895348837209,0.394871794872,0.548042704626,77,9,118,381,0.394871794872,0.976923076923,0.0230769230769,0.605128205128,0.895348837209,0.394871794872,0.548042704626,0.782905982906,0.617663817664,0.43219076006,0.494941084919,0.371794871795,216,21,195,0,216,0,21,0,195,37,216,0.162162162162,1.32432432432,11.6756756757,21.6,6,8.1990990496,0.702237650082,0.31006006006,10.329336629,1.76937710775,0.765265265265,3.0868314707,0.528762798222,0.252752752753,0.579945114934,0.437917739848,2,1.32432432432,0.579945114934,2,0.0121701261701,0.00597269624573,7,0.000900900900901,0.621196581197,37,37,37,1,0,0.72972972973,0.243243243243,0.027027027027,37,0.0157657657658,1.24324324324,1.13513513514,2.625,1.61538461538,1.37764215161,1.21363713356,0.620334620335,1.28107031077,2.25712388088,0.846846846847,0.929173483997,1.63711518609,0.738738738739,0.49471683289,0.397924409064,2,1.45,0.604805318829,2,0,0,0,0,0.0843537414966,37,20,20,0.540540540541,0,0.324324324324,0.027027027027,0.189189189189,37,107,0.0803303303303,1.35090156725,5.78378378378,10.7,3.45161290323,6.15600490549,1.06435598833,0.50644102046,6.59032870443,2.27889871088,0.848193988381,2.45836196349,0.850087781768,0.449103308916,0.622514068285,0.460813787901,2.43525641026,1.39343509055,0.647075816368,2.43525641026,0.159807566171,0.153266331658,61,0.00785070785071,0.270829699107,37,33,33,0.891891891892,0,0.621621621622,0.216216216216,0.0540540540541,-109,-0.0818318318318,0.0265772429234,-5.89189189189,-10.9,-2.54838709677,-2.04309414412,0.36211833825,0.1963809604,-3.73900792457,0.509521603132,0.0829287231156,-0.628469507212,0.321324983546,0.196350556164,0.0425689533504,0.0228960480526,0.435256410256,0.0691107662262,0.0671307014338,0.435256410256,0.147637440001,0.147293635413,54,0.00694980694981,-0.350366882089,-0.108108108108,-0.027027027027,0.027027027027,98,9,118,1107,0.453703703704,0.991935483871,0.00806451612903,0.546296296296,0.915887850467,0.453703703704,0.606811145511,0.604341493485,0.445639187575,0.435555555556,86,195,0,0,0,0
248,WLNM_dir_neg,0.763057199211,0.63311804287,00:00:08,10,10,28,1231466252,threshold_sweep,0.5,0.894117647059,0.389743589744,0.542857142857,76,9,119,381,0.389743589744,0.976923076923,0.0230769230769,0.610256410256,0.894117647059,0.389743589744,0.542857142857,0.781196581197,0.618233618234,0.426865671642,0.490485953508,0.366666666667,216,21,195,0,216,0,21,0,195,37,216,0.162162162162,1.32432432432,11.6756756757,21.6,6,8.1990990496,0.702237650082,0.31006006006,10.329336629,1.76937710775,0.765265265265,3.0868314707,0.528762798222,0.252752752753,0.579945114934,0.437917739848,2,1.32432432432,0.579945114934,2,0.0121701261701,0.00597269624573,7,0.000900900900901,0.621196581197,37,37,37,1,0,0.72972972973,0.243243243243,0.027027027027,37,0.0157657657658,1.24324324324,1.13513513514,2.625,1.61538461538,1.37764215161,1.21363713356,0.620334620335,1.28107031077,2.25712388088,0.846846846847,0.929173483997,1.63711518609,0.738738738739,0.49471683289,0.397924409064,2,1.45,0.604805318829,2,0,0,0,0,0.0843537414966,37,20,20,0.540540540541,0,0.324324324324,0.027027027027,0.189189189189,37,106,0.0795795795796,1.35366653636,5.72972972973,10.6,3.41935483871,6.11759143168,1.06769284421,0.504844467109,6.56235967961,2.29063498251,0.84956654768,2.39399900402,0.835641161779,0.444161142274,0.629645098218,0.46514047685,2.48361823362,1.39653520743,0.65458338984,2.48361823362,0.154318509773,0.142978723404,56,0.00720720720721,0.25839650473,37,33,33,0.891891891892,0,0.621621621622,0.216216216216,0.0540540540541,-110,-0.0825825825826,0.0293422120345,-5.94594594595,-11,-2.58064516129,-2.08150761793,0.365455194126,0.194784407049,-3.76697694939,0.52125787476,0.0843012824145,-0.692832466688,0.306878363557,0.191408389522,0.0496999832837,0.0272227370017,0.483618233618,0.0722108831083,0.0746382749054,0.483618233618,0.142148383603,0.137006027159,49,0.00630630630631,-0.362800076467,-0.108108108108,-0.027027027027,0.027027027027,97,9,119,1107,0.449074074074,0.991935483871,0.00806451612903,0.550925925926,0.915094339623,0.449074074074,0.60248447205,0.600632471125,0.441009557945,0.431111111111,85,195,0,0,0,0
249,WLNM_dir_neg,0.763057199211,0.63311804287,00:00:08,10,10,28,1231466252,threshold_sweep,0.6,0.915662650602,0.389743589744,0.546762589928,76,7,119,383,0.389743589744,0.982051282051,0.0179487179487,0.610256410256,0.915662650602,0.389743589744,0.546762589928,0.784615384615,0.619373219373,0.434131736527,0.502298752601,0.371794871795,216,21,195,0,216,0,21,0,195,37,216,0.162162162162,1.32432432432,11.6756756757,21.6,6,8.1990990496,0.702237650082,0.31006006006,10.329336629,1.76937710775,0.765265265265,3.0868314707,0.528762798222,0.252752752753,0.579945114934,0.437917739848,2,1.32432432432,0.579945114934,2,0.0121701261701,0.00597269624573,7,0.000900900900901,0.621196581197,37,37,37,1,0,0.72972972973,0.243243243243,0.027027027027,37,0.0157657657658,1.24324324324,1.13513513514,2.625,1.61538461538,1.37764215161,1.21363713356,0.620334620335,1.28107031077,2.25712388088,0.846846846847,0.929173483997,1.63711518609,0.738738738739,0.49471683289,0.397924409064,2,1.45,0.604805318829,2,0,0,0,0,0.0843537414966,37,20,20,0.540540540541,0,0.324324324324,0.027027027027,0.189189189189,37,104,0.0780780780781,1.34235186158,5.62162162162,10.4,3.58620689655,5.95982546049,1.0601612598,0.49974012474,6.51851140913,2.31908578979,0.852390852391,2.4476500957,0.87079859174,0.464656964657,0.601218918698,0.447884743117,2.28571428571,1.38384905693,0.62467654176,2.28571428571,0.128980018664,0.117857142857,44,0.00566280566281,0.265168091168,37,33,33,0.891891891892,0,0.621621621622,0.162162162162,0.108108108108,-112,-0.0840840840841,0.0180275372583,-6.05405405405,-11.2,-2.41379310345,-2.23927358911,0.357923609717,0.18968006468,-3.81082521987,0.549708682042,0.0871255871256,-0.639181375002,0.342035793518,0.211904211904,0.0212738037635,0.00996700326882,0.285714285714,0.0595247326017,0.0447314268251,0.285714285714,0.116809892494,0.111884446611,37,0.0047619047619,-0.356028490028,-0.108108108108,-0.0810810810811,0.0810810810811,97,7,119,1109,0.449074074074,0.993727598566,0.00627240143369,0.550925925926,0.932692307692,0.449074074074,0.60625,0.608348403326,0.44280167264,0.434977578475,83,195,0,0,0,0
250,WLNM_dir_neg,0.763057199211,0.63311804287,00:00:08,10,10,28,1231466252,threshold_sweep,0.7,0.914634146341,0.384615384615,0.541516245487,75,7,120,383,0.384615384615,0.982051282051,0.0179487179487,0.615384615385,0.914634146341,0.384615384615,0.541516245487,0.782905982906,0.619943019943,0.428785607196,0.497886236557,0.366666666667,216,21,195,0,216,0,21,0,195,37,216,0.162162162162,1.32432432432,11.6756756757,21.6,6,8.1990990496,0.702237650082,0.31006006006,10.329336629,1.76937710775,0.765265265265,3.0868314707,0.528762798222,0.252752752753,0.579945114934,0.437917739848,2,1.32432432432,0.579945114934,2,0.0121701261701,0.00597269624573,7,0.000900900900901,0.621196581197,37,37,37,1,0,0.72972972973,0.243243243243,0.027027027027,37,0.0157657657658,1.24324324324,1.13513513514,2.625,1.61538461538,1.37764215161,1.21363713356,0.620334620335,1.28107031077,2.25712388088,0.846846846847,0.929173483997,1.63711518609,0.738738738739,0.49471683289,0.397924409064,2,1.45,0.604805318829,2,0,0,0,0,0.0843537414966,37,20,20,0.540540540541,0,0.324324324324,0.027027027027,0.189189189189,37,103,0.0773273273273,1.34301336224,5.56756756757,10.3,3.55172413793,5.92330866878,1.06389524633,0.497769614274,6.48131988931,2.32824112528,0.853319338756,2.39368538654,0.859867566038,0.45972185778,0.602279589253,0.448453906852,2.28571428571,1.38459073949,0.625774177523,2.28571428571,0.125707029027,0.111615245009,41,0.00527670527671,0.255580699136,37,33,33,0.891891891892,0,0.621621621622,0.162162162162,0.108108108108,-113,-0.0848348348348,0.0186890379198,-6.10810810811,-11.3,-2.44827586207,-2.27579038083,0.361657596252,0.187709554214,-3.84801673969,0.558864017539,0.088054073491,-0.693146084165,0.331104767816,0.206969105027,0.0223344743187,0.0105361670038,0.285714285714,0.0602664151615,0.0458290625888,0.285714285714,0.113536902857,0.105642548763,34,0.0043758043758,-0.36561588206,-0.108108108108,-0.0810810810811,0.0810810810811,96,7,120,1109,0.444444444444,0.993727598566,0.00627240143369,0.555555555556,0.932038834951,0.444444444444,0.601880877743,0.604656998078,0.438172043011,0.430493273543,82,195,0,0,0,0
251,WLNM_dir_neg,0.763057199211,0.63311804287,00:00:08,10,10,28,1231466252,threshold_sweep,0.8,0.914634146341,0.384615384615,0.541516245487,75,7,120,383,0.384615384615,0.982051282051,0.0179487179487,0.615384615385,0.914634146341,0.384615384615,0.541516245487,0.782905982906,0.619943019943,0.428785607196,0.497886236557,0.366666666667,216,21,195,0,216,0,21,0,195,37,216,0.162162162162,1.32432432432,11.6756756757,21.6,6,8.1990990496,0.702237650082,0.31006006006,10.329336629,1.76937710775,0.765265265265,3.0868314707,0.528762798222,0.252752752753,0.579945114934,0.437917739848,2,1.32432432432,0.579945114934,2,0.0121701261701,0.00597269624573,7,0.000900900900901,0.621196581197,37,37,37,1,0,0.72972972973,0.243243243243,0.027027027027,37,0.0157657657658,1.24324324324,1.13513513514,2.625,1.61538461538,1.37764215161,1.21363713356,0.620334620335,1.28107031077,2.25712388088,0.846846846847,0.929173483997,1.63711518609,0.738738738739,0.49471683289,0.397924409064,2,1.45,0.604805318829,2,0,0,0,0,0.0843537414966,37,20,20,0.540540540541,0,0.324324324324,0.027027027027,0.189189189189,37,103,0.0773273273273,1.34301336224,5.56756756757,10.3,3.55172413793,5.92330866878,1.06389524633,0.497769614274,6.48131988931,2.32824112528,0.853319338756,2.39368538654,0.859867566038,0.45972185778,0.602279589253,0.448453906852,2.28571428571,1.38459073949,0.625774177523,2.28571428571,0.125707029027,0.111615245009,41,0.00527670527671,0.255580699136,37,33,33,0.891891891892,0,0.621621621622,0.162162162162,0.108108108108,-113,-0.0848348348348,0.0186890379198,-6.10810810811,-11.3,-2.44827586207,-2.27579038083,0.361657596252,0.187709554214,-3.84801673969,0.558864017539,0.088054073491,-0.693146084165,0.331104767816,0.206969105027,0.0223344743187,0.0105361670038,0.285714285714,0.0602664151615,0.0458290625888,0.285714285714,0.113536902857,0.105642548763,34,0.0043758043758,-0.36561588206,-0.108108108108,-0.0810810810811,0.0810810810811,96,7,120,1109,0.444444444444,0.993727598566,0.00627240143369,0.555555555556,0.932038834951,0.444444444444,0.601880877743,0.604656998078,0.438172043011,0.430493273543,82,195,0,0,0,0
252,WLNM_dir_neg,0.763057199211,0.63311804287,00:00:08,10,10,28,1231466252,threshold_sweep,0.9,0.914634146341,0.384615384615,0.541516245487,75,7,120,383,0.384615384615,0.982051282051,0.0179487179487,0.615384615385,0.914634146341,0.384615384615,0.541516245487,0.782905982906,0.619943019943,0.428785607196,0.497886236557,0.366666666667,216,21,195,0,216,0,21,0,195,37,216,0.162162162162,1.32432432432,11.6756756757,21.6,6,8.1990990496,0.702237650082,0.31006006006,10.329336629,1.76937710775,0.765265265265,3.0868314707,0.528762798222,0.252752752753,0.579945114934,0.437917739848,2,1.32432432432,0.579945114934,2,0.0121701261701,0.00597269624573,7,0.000900900900901,0.621196581197,37,37,37,1,0,0.72972972973,0.243243243243,0.027027027027,37,0.0157657657658,1.24324324324,1.13513513514,2.625,1.61538461538,1.37764215161,1.21363713356,0.620334620335,1.28107031077,2.25712388088,0.846846846847,0.929173483997,1.63711518609,0.738738738739,0.49471683289,0.397924409064,2,1.45,0.604805318829,2,0,0,0,0,0.0843537414966,37,20,20,0.540540540541,0,0.324324324324,0.027027027027,0.189189189189,37,103,0.0773273273273,1.34301336224,5.56756756757,10.3,3.55172413793,5.92330866878,1.06389524633,0.497769614274,6.48131988931,2.32824112528,0.853319338756,2.39368538654,0.859867566038,0.45972185778,0.602279589253,0.448453906852,2.28571428571,1.38459073949,0.625774177523,2.28571428571,0.125707029027,0.111615245009,41,0.00527670527671,0.255580699136,37,33,33,0.891891891892,0,0.621621621622,0.162162162162,0.108108108108,-113,-0.0848348348348,0.0186890379198,-6.10810810811,-11.3,-2.44827586207,-2.27579038083,0.361657596252,0.187709554214,-3.84801673969,0.558864017539,0.088054073491,-0.693146084165,0.331104767816,0.206969105027,0.0223344743187,0.0105361670038,0.285714285714,0.0602664151615,0.0458290625888,0.285714285714,0.113536902857,0.105642548763,34,0.0043758043758,-0.36561588206,-0.108108108108,-0.0810810810811,0.0810810810811,96,7,120,1109,0.444444444444,0.993727598566,0.00627240143369,0.555555555556,0.932038834951,0.444444444444,0.601880877743,0.604656998078,0.438172043011,0.430493273543,82,195,0,0,0,0
253,WLNM_dir_neg,0.820848126233,0.671122547248,00:00:08,10,10,29,1231466253,threshold_sweep,0.1,0.910714285714,0.523076923077,0.664495114007,102,10,93,380,0.523076923077,0.974358974359,0.025641025641,0.476923076923,0.910714285714,0.523076923077,0.664495114007,0.823931623932,0.602849002849,0.556671449067,0.596001222282,0.497435897436,216,21,195,0,216,0,21,0,195,37,216,0.162162162162,1.32432432432,11.6756756757,21.6,6,8.1990990496,0.702237650082,0.31006006006,10.329336629,1.76937710775,0.765265265265,3.0868314707,0.528762798222,0.252752752753,0.579945114934,0.437917739848,2,1.32432432432,0.579945114934,2,0.0121701261701,0.00597269624573,7,0.000900900900901,0.621196581197,37,37,37,1,0,0.72972972973,0.243243243243,0.027027027027,37,0.0157657657658,1.24324324324,1.13513513514,2.625,1.4,1.41739514921,1.24865763145,0.602316602317,1.30257310609,2.29500975834,0.849420849421,0.834683590768,1.47063299326,0.684684684685,0.49471683289,0.397924409064,2,1.42105263158,0.606976978667,2,0,0,0,0,0.0587301587302,37,19,19,0.513513513514,0,0.378378378378,0.027027027027,0.189189189189,37,133,0.0998498498498,1.59993041707,7.18918918919,9.5,3.8,6.6241889979,0.921409747828,0.460678723837,7.18199701205,1.99799916877,0.807965860597,2.89116911627,0.804310205277,0.422678317415,0.81825543662,0.511431889718,2.3580115123,1.61659515088,0.823469946682,2.3580115123,0.473274985396,0.156230626162,84,0.0108108108108,0.235316677624,37,36,36,0.972972972973,0,0.594594594595,0.351351351351,0.027027027027,-83,-0.0623123123123,0.275606092749,-4.48648648649,-12.1,-2.2,-1.57491005171,0.219172097746,0.150618663777,-3.14733961695,0.22862206102,0.0427005953322,-0.195662354437,0.275547407055,0.169925564662,0.238310321686,0.0735141498691,0.358011512297,0.292270826557,0.243524831747,0.358011512297,0.461104859226,0.150257929917,77,0.00990990990991,-0.385879903572,-0.135135135135,0.108108108108,0,123,10,93,1106,0.569444444444,0.991039426523,0.0089605734767,0.430555555556,0.924812030075,0.569444444444,0.704871060172,0.689107029733,0.560483870968,0.544247787611,112,195,0,0,0,0
254,WLNM_dir_neg,0.820848126233,0.671122547248,00:00:08,10,10,29,1231466253,threshold_sweep,0.2,0.927835051546,0.461538461538,0.616438356164,90,7,105,383,0.461538461538,0.982051282051,0.0179487179487,0.538461538462,0.927835051546,0.461538461538,0.616438356164,0.808547008547,0.611396011396,0.507331378299,0.562257590529,0.44358974359,216,21,195,0,216,0,21,0,195,37,216,0.162162162162,1.32432432432,11.6756756757,21.6,6,8.1990990496,0.702237650082,0.31006006006,10.329336629,1.76937710775,0.765265265265,3.0868314707,0.528762798222,0.252752752753,0.579945114934,0.437917739848,2,1.32432432432,0.579945114934,2,0.0121701261701,0.00597269624573,7,0.000900900900901,0.621196581197,37,37,37,1,0,0.72972972973,0.243243243243,0.027027027027,37,0.0157657657658,1.24324324324,1.13513513514,2.625,1.4,1.41739514921,1.24865763145,0.602316602317,1.30257310609,2.29500975834,0.849420849421,0.834683590768,1.47063299326,0.684684684685,0.49471683289,0.397924409064,2,1.42105263158,0.606976978667,2,0,0,0,0,0.0587301587302,37,19,19,0.513513513514,0,0.378378378378,0.027027027027,0.189189189189,37,118,0.0885885885886,1.48440748441,6.37837837838,9.83333333333,3.57575757576,6.07979966479,0.953188930497,0.494732020156,6.28860449914,1.97185056329,0.803481447549,3.05357566213,0.957477114395,0.493815849748,0.739030295005,0.497862145514,2.18681318681,1.52714932127,0.756705433658,2.18681318681,0.169547674548,0.138461538462,60,0.00772200772201,0.313624153624,37,34,34,0.918918918919,0,0.594594594595,0.297297297297,0.027027027027,-98,-0.0735735735736,0.160083160083,-5.2972972973,-11.7666666667,-2.42424242424,-2.11929938482,0.250951280415,0.184671960096,-4.04073212986,0.202473455543,0.038216182284,-0.0332558085786,0.428714316173,0.241063096995,0.15908518007,0.059944405666,0.186813186813,0.202824996943,0.176760318723,0.186813186813,0.157377548378,0.132488842216,53,0.00682110682111,-0.307572427572,-0.135135135135,0.0540540540541,0,111,7,105,1109,0.513888888889,0.993727598566,0.00627240143369,0.486111111111,0.940677966102,0.513888888889,0.664670658683,0.658482663633,0.507616487455,0.497757847534,97,195,0,0,0,0
255,WLNM_dir_neg,0.820848126233,0.671122547248,00:00:08,10,10,29,1231466253,threshold_sweep,0.3,0.926315789474,0.451282051282,0.606896551724,88,7,107,383,0.451282051282,0.982051282051,0.0179487179487,0.548717948718,0.926315789474,0.451282051282,0.606896551724,0.805128205128,0.612535612536,0.497058823529,0.553875128916,0.433333333333,216,21,195,0,216,0,21,0,195,37,216,0.162162162162,1.32432432432,11.6756756757,21.6,6,8.1990990496,0.702237650082,0.31006006006,10.329336629,1.76937710775,0.765265265265,3.0868314707,0.528762798222,0.252752752753,0.579945114934,0.437917739848,2,1.32432432432,0.579945114934,2,0.0121701261701,0.00597269624573,7,0.000900900900901,0.621196581197,37,37,37,1,0,0.72972972973,0.243243243243,0.027027027027,37,0.0157657657658,1.24324324324,1.13513513514,2.625,1.4,1.41739514921,1.24865763145,0.602316602317,1.30257310609,2.29500975834,0.849420849421,0.834683590768,1.47063299326,0.684684684685,0.49471683289,0.397924409064,2,1.42105263158,0.606976978667,2,0,0,0,0,0.0587301587302,37,19,19,0.513513513514,0,0.378378378378,0.027027027027,0.189189189189,37,116,0.0870870870871,1.48549956003,6.27027027027,9.66666666667,3.51515151515,5.90502915906,0.941750340023,0.494175209692,6.10174001669,1.94624466049,0.80055917987,2.99223218575,0.954418886835,0.493476234856,0.740600471525,0.498553140943,2.19186403658,1.52833775651,0.758309180932,2.19186403658,0.154026890983,0.130750605327,54,0.00694980694981,0.307413600892,37,34,34,0.918918918919,0,0.594594594595,0.297297297297,0.027027027027,-100,-0.0750750750751,0.161175235709,-5.40540540541,-11.9333333333,-2.48484848485,-2.29406989054,0.239512689941,0.184115149632,-4.22759661231,0.176867552749,0.0352939146043,-0.0945992849514,0.425656088612,0.240723482103,0.16065535659,0.0606354010949,0.191864036585,0.204013432183,0.178364065997,0.191864036585,0.141856764813,0.124777909081,47,0.00604890604891,-0.313782980305,-0.135135135135,0.0540540540541,0,109,7,107,1109,0.50462962963,0.993727598566,0.00627240143369,0.49537037037,0.939655172414,0.50462962963,0.656626506024,0.651484297408,0.498357228196,0.488789237668,95,195,0,0,0,0
256,WLNM_dir_neg,0.820848126233,0.671122547248,00:00:08,10,10,29,1231466253,threshold_sweep,0.4,0.94623655914,0.451282051282,0.611111111111,88,5,107,385,0.451282051282,0.987179487179,0.0128205128205,0.548717948718,0.94623655914,0.451282051282,0.611111111111,0.808547008547,0.613675213675,0.504424778761,0.565271496428,0.438461538462,216,21,195,0,216,0,21,0,195,37,216,0.162162162162,1.32432432432,11.6756756757,21.6,6,8.1990990496,0.702237650082,0.31006006006,10.329336629,1.76937710775,0.765265265265,3.0868314707,0.528762798222,0.252752752753,0.579945114934,0.437917739848,2,1.32432432432,0.579945114934,2,0.0121701261701,0.00597269624573,7,0.000900900900901,0.621196581197,37,37,37,1,0,0.72972972973,0.243243243243,0.027027027027,37,0.0157657657658,1.24324324324,1.13513513514,2.625,1.4,1.41739514921,1.24865763145,0.602316602317,1.30257310609,2.29500975834,0.849420849421,0.834683590768,1.47063299326,0.684684684685,0.49471683289,0.397924409064,2,1.42105263158,0.606976978667,2,0,0,0,0,0.0587301587302,37,19,19,0.513513513514,0,0.378378378378,0.027027027027,0.189189189189,37,114,0.0855855855856,1.3273441348,6.16216216216,11.4,3.45454545455,5.87609807002,0.953577318381,0.496680891418,6.12544047567,1.98808155789,0.807491702229,2.89998446718,0.941223028823,0.486012328118,0.563616761559,0.424619920925,1.99610948058,1.35622744081,0.579604668053,1.99610948058,0.121560203082,0.104132231405,42,0.00540540540541,0.4071826724,37,34,34,0.918918918919,0,0.648648648649,0.243243243243,0.027027027027,-102,-0.0765765765766,0.00301981047323,-5.51351351351,-10.2,-2.54545454545,-2.32300097958,0.251339668299,0.186620831358,-4.20389615333,0.218704450149,0.0422264369633,-0.18684700352,0.412460230601,0.233259575365,-0.0163283533758,-0.013297818923,-0.00389051941847,0.0319031164848,-0.00034044688157,-0.00389051941847,0.109390076912,0.0981595351592,35,0.0045045045045,-0.214013908797,-0.0810810810811,0,0,109,5,107,1111,0.50462962963,0.995519713262,0.00448028673835,0.49537037037,0.956140350877,0.50462962963,0.660606060606,0.658995737658,0.500149342891,0.493212669683,93,195,0,0,0,0
257,WLNM_dir_neg,0.820848126233,0.671122547248,00:00:08,10,10,29,1231466253,threshold_sweep,0.5,0.94623655914,0.451282051282,0.611111111111,88,5,107,385,0.451282051282,0.987179487179,0.0128205128205,0.548717948718,0.94623655914,0.451282051282,0.611111111111,0.808547008547,0.613675213675,0.504424778761,0.565271496428,0.438461538462,216,21,195,0,216,0,21,0,195,37,216,0.162162162162,1.32432432432,11.6756756757,21.6,6,8.1990990496,0.702237650082,0.31006006006,10.329336629,1.76937710775,0.765265265265,3.0868314707,0.528762798222,0.252752752753,0.579945114934,0.437917739848,2,1.32432432432,0.579945114934,2,0.0121701261701,0.00597269624573,7,0.000900900900901,0.621196581197,37,37,37,1,0,0.72972972973,0.243243243243,0.027027027027,37,0.0157657657658,1.24324324324,1.13513513514,2.625,1.4,1.41739514921,1.24865763145,0.602316602317,1.30257310609,2.29500975834,0.849420849421,0.834683590768,1.47063299326,0.684684684685,0.49471683289,0.397924409064,2,1.42105263158,0.606976978667,2,0,0,0,0,0.0587301587302,37,19,19,0.513513513514,0,0.378378378378,0.027027027027,0.189189189189,37,114,0.0855855855856,1.3273441348,6.16216216216,11.4,3.45454545455,5.87609807002,0.953577318381,0.496680891418,6.12544047567,1.98808155789,0.807491702229,2.89998446718,0.941223028823,0.486012328118,0.563616761559,0.424619920925,1.99610948058,1.35622744081,0.579604668053,1.99610948058,0.121560203082,0.104132231405,42,0.00540540540541,0.4071826724,37,34,34,0.918918918919,0,0.648648648649,0.243243243243,0.027027027027,-102,-0.0765765765766,0.00301981047323,-5.51351351351,-10.2,-2.54545454545,-2.32300097958,0.251339668299,0.186620831358,-4.20389615333,0.218704450149,0.0422264369633,-0.18684700352,0.412460230601,0.233259575365,-0.0163283533758,-0.013297818923,-0.00389051941847,0.0319031164848,-0.00034044688157,-0.00389051941847,0.109390076912,0.0981595351592,35,0.0045045045045,-0.214013908797,-0.0810810810811,0,0,109,5,107,1111,0.50462962963,0.995519713262,0.00448028673835,0.49537037037,0.956140350877,0.50462962963,0.660606060606,0.658995737658,0.500149342891,0.493212669683,93,195,0,0,0,0
258,WLNM_dir_neg,0.820848126233,0.671122547248,00:00:08,10,10,29,1231466253,threshold_sweep,0.6,0.955555555556,0.441025641026,0.60350877193,86,4,109,386,0.441025641026,0.989743589744,0.0102564102564,0.558974358974,0.955555555556,0.441025641026,0.60350877193,0.806837606838,0.615384615385,0.497777777778,0.562821176545,0.430769230769,216,21,195,0,216,0,21,0,195,37,216,0.162162162162,1.32432432432,11.6756756757,21.6,6,8.1990990496,0.702237650082,0.31006006006,10.329336629,1.76937710775,0.765265265265,3.0868314707,0.528762798222,0.252752752753,0.579945114934,0.437917739848,2,1.32432432432,0.579945114934,2,0.0121701261701,0.00597269624573,7,0.000900900900901,0.621196581197,37,37,37,1,0,0.72972972973,0.243243243243,0.027027027027,37,0.0157657657658,1.24324324324,1.13513513514,2.625,1.4,1.41739514921,1.24865763145,0.602316602317,1.30257310609,2.29500975834,0.849420849421,0.834683590768,1.47063299326,0.684684684685,0.49471683289,0.397924409064,2,1.42105263158,0.606976978667,2,0,0,0,0,0.0587301587302,37,19,19,0.513513513514,0,0.378378378378,0.027027027027,0.189189189189,37,111,0.0833333333333,1.28580492866,6,12.3333333333,3.36363636364,5.72518801244,0.954198002073,0.494521548576,6,2,0.809349890431,2.76887462097,0.922958206991,0.476260043828,0.529065745155,0.411466571143,1.93791922363,1.3110230106,0.545230130145,1.93791922363,0.0975235239069,0.0786026200873,30,0.003861003861,0.449085379641,37,34,34,0.918918918919,0,0.675675675676,0.216216216216,0.027027027027,-105,-0.0788288288288,-0.0385193956623,-5.67567567568,-9.26666666667,-2.63636363636,-2.47391103717,0.251960351991,0.184461488516,-4.329336629,0.230622892255,0.0440846251657,-0.317956849731,0.394195408768,0.223507291075,-0.0508793697792,-0.0264511687056,-0.0620807763665,-0.0133013137215,-0.034714984789,-0.0620807763665,0.0853533977368,0.0726299238416,23,0.0029601029601,-0.172111201556,-0.0540540540541,-0.027027027027,0,107,4,109,1112,0.49537037037,0.996415770609,0.00358422939068,0.50462962963,0.963963963964,0.49537037037,0.654434250765,0.655867237623,0.49178614098,0.486363636364,90,195,0,0,0,0
259,WLNM_dir_neg,0.820848126233,0.671122547248,00:00:08,10,10,29,1231466253,threshold_sweep,0.7,0.955555555556,0.441025641026,0.60350877193,86,4,109,386,0.441025641026,0.989743589744,0.0102564102564,0.558974358974,0.955555555556,0.441025641026,0.60350877193,0.806837606838,0.615384615385,0.497777777778,0.562821176545,0.430769230769,216,21,195,0,216,0,21,0,195,37,216,0.162162162162,1.32432432432,11.6756756757,21.6,6,8.1990990496,0.702237650082,0.31006006006,10.329336629,1.76937710775,0.765265265265,3.0868314707,0.528762798222,0.252752752753,0.579945114934,0.437917739848,2,1.32432432432,0.579945114934,2,0.0121701261701,0.00597269624573,7,0.000900900900901,0.621196581197,37,37,37,1,0,0.72972972973,0.243243243243,0.027027027027,37,0.0157657657658,1.24324324324,1.13513513514,2.625,1.4,1.41739514921,1.24865763145,0.602316602317,1.30257310609,2.29500975834,0.849420849421,0.834683590768,1.47063299326,0.684684684685,0.49471683289,0.397924409064,2,1.42105263158,0.606976978667,2,0,0,0,0,0.0587301587302,37,19,19,0.513513513514,0,0.378378378378,0.027027027027,0.189189189189,37,111,0.0833333333333,1.28580492866,6,12.3333333333,3.36363636364,5.72518801244,0.954198002073,0.494521548576,6,2,0.809349890431,2.76887462097,0.922958206991,0.476260043828,0.529065745155,0.411466571143,1.93791922363,1.3110230106,0.545230130145,1.93791922363,0.0975235239069,0.0786026200873,30,0.003861003861,0.449085379641,37,34,34,0.918918918919,0,0.675675675676,0.216216216216,0.027027027027,-105,-0.0788288288288,-0.0385193956623,-5.67567567568,-9.26666666667,-2.63636363636,-2.47391103717,0.251960351991,0.184461488516,-4.329336629,0.230622892255,0.0440846251657,-0.317956849731,0.394195408768,0.223507291075,-0.0508793697792,-0.0264511687056,-0.0620807763665,-0.0133013137215,-0.034714984789,-0.0620807763665,0.0853533977368,0.0726299238416,23,0.0029601029601,-0.172111201556,-0.0540540540541,-0.027027027027,0,107,4,109,1112,0.49537037037,0.996415770609,0.00358422939068,0.50462962963,0.963963963964,0.49537037037,0.654434250765,0.655867237623,0.49178614098,0.486363636364,90,195,0,0,0,0
260,WLNM_dir_neg,0.820848126233,0.671122547248,00:00:08,10,10,29,1231466253,threshold_sweep,0.8,0.955555555556,0.441025641026,0.60350877193,86,4,109,386,0.441025641026,0.989743589744,0.0102564102564,0.558974358974,0.955555555556,0.441025641026,0.60350877193,0.806837606838,0.615384615385,0.497777777778,0.562821176545,0.430769230769,216,21,195,0,216,0,21,0,195,37,216,0.162162162162,1.32432432432,11.6756756757,21.6,6,8.1990990496,0.702237650082,0.31006006006,10.329336629,1.76937710775,0.765265265265,3.0868314707,0.528762798222,0.252752752753,0.579945114934,0.437917739848,2,1.32432432432,0.579945114934,2,0.0121701261701,0.00597269624573,7,0.000900900900901,0.621196581197,37,37,37,1,0,0.72972972973,0.243243243243,0.027027027027,37,0.0157657657658,1.24324324324,1.13513513514,2.625,1.4,1.41739514921,1.24865763145,0.602316602317,1.30257310609,2.29500975834,0.849420849421,0.834683590768,1.47063299326,0.684684684685,0.49471683289,0.397924409064,2,1.42105263158,0.606976978667,2,0,0,0,0,0.0587301587302,37,19,19,0.513513513514,0,0.378378378378,0.027027027027,0.189189189189,37,111,0.0833333333333,1.28580492866,6,12.3333333333,3.36363636364,5.72518801244,0.954198002073,0.494521548576,6,2,0.809349890431,2.76887462097,0.922958206991,0.476260043828,0.529065745155,0.411466571143,1.93791922363,1.3110230106,0.545230130145,1.93791922363,0.0975235239069,0.0786026200873,30,0.003861003861,0.449085379641,37,34,34,0.918918918919,0,0.675675675676,0.216216216216,0.027027027027,-105,-0.0788288288288,-0.0385193956623,-5.67567567568,-9.26666666667,-2.63636363636,-2.47391103717,0.251960351991,0.184461488516,-4.329336629,0.230622892255,0.0440846251657,-0.317956849731,0.394195408768,0.223507291075,-0.0508793697792,-0.0264511687056,-0.0620807763665,-0.0133013137215,-0.034714984789,-0.0620807763665,0.0853533977368,0.0726299238416,23,0.0029601029601,-0.172111201556,-0.0540540540541,-0.027027027027,0,107,4,109,1112,0.49537037037,0.996415770609,0.00358422939068,0.50462962963,0.963963963964,0.49537037037,0.654434250765,0.655867237623,0.49178614098,0.486363636364,90,195,0,0,0,0
261,WLNM_dir_neg,0.820848126233,0.671122547248,00:00:08,10,10,29,1231466253,threshold_sweep,0.9,0.955555555556,0.441025641026,0.60350877193,86,4,109,386,0.441025641026,0.989743589744,0.0102564102564,0.558974358974,0.955555555556,0.441025641026,0.60350877193,0.806837606838,0.615384615385,0.497777777778,0.562821176545,0.430769230769,216,21,195,0,216,0,21,0,195,37,216,0.162162162162,1.32432432432,11.6756756757,21.6,6,8.1990990496,0.702237650082,0.31006006006,10.329336629,1.76937710775,0.765265265265,3.0868314707,0.528762798222,0.252752752753,0.579945114934,0.437917739848,2,1.32432432432,0.579945114934,2,0.0121701261701,0.00597269624573,7,0.000900900900901,0.621196581197,37,37,37,1,0,0.72972972973,0.243243243243,0.027027027027,37,0.0157657657658,1.24324324324,1.13513513514,2.625,1.4,1.41739514921,1.24865763145,0.602316602317,1.30257310609,2.29500975834,0.849420849421,0.834683590768,1.47063299326,0.684684684685,0.49471683289,0.397924409064,2,1.42105263158,0.606976978667,2,0,0,0,0,0.0587301587302,37,19,19,0.513513513514,0,0.378378378378,0.027027027027,0.189189189189,37,111,0.0833333333333,1.28580492866,6,12.3333333333,3.36363636364,5.72518801244,0.954198002073,0.494521548576,6,2,0.809349890431,2.76887462097,0.922958206991,0.476260043828,0.529065745155,0.411466571143,1.93791922363,1.3110230106,0.545230130145,1.93791922363,0.0975235239069,0.0786026200873,30,0.003861003861,0.449085379641,37,34,34,0.918918918919,0,0.675675675676,0.216216216216,0.027027027027,-105,-0.0788288288288,-0.0385193956623,-5.67567567568,-9.26666666667,-2.63636363636,-2.47391103717,0.251960351991,0.184461488516,-4.329336629,0.230622892255,0.0440846251657,-0.317956849731,0.394195408768,0.223507291075,-0.0508793697792,-0.0264511687056,-0.0620807763665,-0.0133013137215,-0.034714984789,-0.0620807763665,0.0853533977368,0.0726299238416,23,0.0029601029601,-0.172111201556,-0.0540540540541,-0.027027027027,0,107,4,109,1112,0.49537037037,0.996415770609,0.00358422939068,0.50462962963,0.963963963964,0.49537037037,0.654434250765,0.655867237623,0.49178614098,0.486363636364,90,195,0,0,0,0
262,WLNM_dir_neg,0.834234056542,0.629081886027,00:00:10,10,10,30,1231466254,threshold_sweep,0.1,0.708542713568,0.723076923077,0.715736040609,141,58,54,332,0.723076923077,0.851282051282,0.148717948718,0.276923076923,0.708542713568,0.723076923077,0.715736040609,0.808547008547,0.553276353276,0.571428571429,0.571495519588,0.574358974359,216,21,195,0,216,0,21,0,195,37,216,0.162162162162,1.32432432432,11.6756756757,21.6,6,8.1990990496,0.702237650082,0.31006006006,10.329336629,1.76937710775,0.765265265265,3.0868314707,0.528762798222,0.252752752753,0.579945114934,0.437917739848,2,1.32432432432,0.579945114934,2,0.0121701261701,0.00597269624573,7,0.000900900900901,0.621196581197,37,37,37,1,0,0.72972972973,0.243243243243,0.027027027027,37,0.0157657657658,1.24324324324,1.13513513514,2.625,1.23529411765,1.29447892052,1.14037428713,0.550836550837,1.25920037547,2.21859113773,0.844272844273,0.688821075806,1.21363713356,0.607464607465,0.49471683289,0.397924409064,2,1.35714285714,0.497245158099,1,0,0,0,0,0.0321428571429,37,14,14,0.378378378378,0,0.432432432432,0.027027027027,0.189189189189,37,220,0.165165165165,3.49237382134,11.8918918919,6.66666666667,5.94594594595,8.1472005546,0.685105501182,0.357125307125,8.56331304638,1.4401935578,0.627272727273,5.34865479426,0.899546488125,0.429238329238,1.07993874564,0.309227706108,3.86828770207,3.49237382134,1.07993874564,3.86828770207,0.547652465609,0.368983957219,437,0.056241956242,0.248427267998,37,37,37,1,0,0.108108108108,0.891891891892,0,4,0.003003003003,2.16804949701,0.216216216216,-14.9333333333,-0.0540540540541,-0.0518984950043,-0.0171321488996,0.0470652470652,-1.76602358262,-0.329183549945,-0.137992537993,2.26182332355,0.370783689902,0.176485576486,0.499993630708,-0.128690033741,1.86828770207,2.16804949701,0.499993630708,1.86828770207,0.535482339439,0.363011260974,430,0.0553410553411,-0.372769313198,-0.621621621622,0.648648648649,-0.027027027027,162,58,54,1058,0.75,0.948028673835,0.0519713261649,0.25,0.736363636364,0.75,0.743119266055,0.692896714283,0.698028673835,0.591240875912,199,195,0,0,0,0
263,WLNM_dir_neg,0.834234056542,0.629081886027,00:00:10,10,10,30,1231466254,threshold_sweep,0.2,0.701086956522,0.661538461538,0.68073878628,129,55,66,335,0.661538461538,0.858974358974,0.141025641026,0.338461538462,0.701086956522,0.661538461538,0.68073878628,0.793162393162,0.561823361823,0.527958387516,0.528445181525,0.520512820513,216,21,195,0,216,0,21,0,195,37,216,0.162162162162,1.32432432432,11.6756756757,21.6,6,8.1990990496,0.702237650082,0.31006006006,10.329336629,1.76937710775,0.765265265265,3.0868314707,0.528762798222,0.252752752753,0.579945114934,0.437917739848,2,1.32432432432,0.579945114934,2,0.0121701261701,0.00597269624573,7,0.000900900900901,0.621196581197,37,37,37,1,0,0.72972972973,0.243243243243,0.027027027027,37,0.0157657657658,1.24324324324,1.13513513514,2.625,1.23529411765,1.29447892052,1.14037428713,0.550836550837,1.25920037547,2.21859113773,0.844272844273,0.688821075806,1.21363713356,0.607464607465,0.49471683289,0.397924409064,2,1.35714285714,0.497245158099,1,0,0,0,0,0.0321428571429,37,14,14,0.378378378378,0,0.432432432432,0.027027027027,0.189189189189,37,205,0.153903903904,3.48199563967,11.0810810811,6.21212121212,5.54054054054,7.68251397793,0.69330004191,0.365062623599,7.81236411293,1.41003644965,0.615425181279,5.49542534293,0.991857257016,0.469611074489,1.07191740036,0.307845704386,3.83337927284,3.48199563967,1.07191740036,3.83337927284,0.487815175282,0.326108055645,336,0.0432432432432,0.250667637793,37,37,37,1,0,0.108108108108,0.891891891892,0,-11,-0.00825825825826,2.15767131535,-0.594594594595,-15.3878787879,-0.459459459459,-0.516585071679,-0.00893760817151,0.0550025635391,-2.51697251607,-0.359340658094,-0.149840083986,2.40859387222,0.463094458794,0.216858321736,0.49197228543,-0.130072035462,1.83337927284,2.15767131535,0.49197228543,1.83337927284,0.475645049111,0.3201353594,329,0.0423423423423,-0.370528943403,-0.621621621622,0.648648648649,-0.027027027027,150,55,66,1061,0.694444444444,0.950716845878,0.0492831541219,0.305555555556,0.731707317073,0.694444444444,0.712589073634,0.659004509073,0.645161290323,0.553505535055,184,195,0,0,0,0
264,WLNM_dir_neg,0.834234056542,0.629081886027,00:00:10,10,10,30,1231466254,threshold_sweep,0.3,0.701086956522,0.661538461538,0.68073878628,129,55,66,335,0.661538461538,0.858974358974,0.141025641026,0.338461538462,0.701086956522,0.661538461538,0.68073878628,0.793162393162,0.561823361823,0.527958387516,0.528445181525,0.520512820513,216,21,195,0,216,0,21,0,195,37,216,0.162162162162,1.32432432432,11.6756756757,21.6,6,8.1990990496,0.702237650082,0.31006006006,10.329336629,1.76937710775,0.765265265265,3.0868314707,0.528762798222,0.252752752753,0.579945114934,0.437917739848,2,1.32432432432,0.579945114934,2,0.0121701261701,0.00597269624573,7,0.000900900900901,0.621196581197,37,37,37,1,0,0.72972972973,0.243243243243,0.027027027027,37,0.0157657657658,1.24324324324,1.13513513514,2.625,1.23529411765,1.29447892052,1.14037428713,0.550836550837,1.25920037547,2.21859113773,0.844272844273,0.688821075806,1.21363713356,0.607464607465,0.49471683289,0.397924409064,2,1.35714285714,0.497245158099,1,0,0,0,0,0.0321428571429,37,14,14,0.378378378378,0,0.432432432432,0.027027027027,0.189189189189,37,205,0.153903903904,3.48199563967,11.0810810811,6.21212121212,5.54054054054,7.68251397793,0.69330004191,0.365062623599,7.81236411293,1.41003644965,0.615425181279,5.49542534293,0.991857257016,0.469611074489,1.07191740036,0.307845704386,3.83337927284,3.48199563967,1.07191740036,3.83337927284,0.487815175282,0.326108055645,336,0.0432432432432,0.250667637793,37,37,37,1,0,0.108108108108,0.891891891892,0,-11,-0.00825825825826,2.15767131535,-0.594594594595,-15.3878787879,-0.459459459459,-0.516585071679,-0.00893760817151,0.0550025635391,-2.51697251607,-0.359340658094,-0.149840083986,2.40859387222,0.463094458794,0.216858321736,0.49197228543,-0.130072035462,1.83337927284,2.15767131535,0.49197228543,1.83337927284,0.475645049111,0.3201353594,329,0.0423423423423,-0.370528943403,-0.621621621622,0.648648648649,-0.027027027027,150,55,66,1061,0.694444444444,0.950716845878,0.0492831541219,0.305555555556,0.731707317073,0.694444444444,0.712589073634,0.659004509073,0.645161290323,0.553505535055,184,195,0,0,0,0
265,WLNM_dir_neg,0.834234056542,0.629081886027,00:00:10,10,10,30,1231466254,threshold_sweep,0.4,0.704918032787,0.661538461538,0.68253968254,129,54,66,336,0.661538461538,0.861538461538,0.138461538462,0.338461538462,0.704918032787,0.661538461538,0.68253968254,0.794871794872,0.562393162393,0.53125,0.53183461227,0.523076923077,216,21,195,0,216,0,21,0,195,37,216,0.162162162162,1.32432432432,11.6756756757,21.6,6,8.1990990496,0.702237650082,0.31006006006,10.329336629,1.76937710775,0.765265265265,3.0868314707,0.528762798222,0.252752752753,0.579945114934,0.437917739848,2,1.32432432432,0.579945114934,2,0.0121701261701,0.00597269624573,7,0.000900900900901,0.621196581197,37,37,37,1,0,0.72972972973,0.243243243243,0.027027027027,37,0.0157657657658,1.24324324324,1.13513513514,2.625,1.23529411765,1.29447892052,1.14037428713,0.550836550837,1.25920037547,2.21859113773,0.844272844273,0.688821075806,1.21363713356,0.607464607465,0.49471683289,0.397924409064,2,1.35714285714,0.497245158099,1,0,0,0,0,0.0321428571429,37,14,14,0.378378378378,0,0.432432432432,0.027027027027,0.189189189189,37,204,0.153153153153,3.81341319202,11.027027027,6.18181818182,5.51351351351,7.62483692535,0.691468054505,0.363804981452,7.8266695827,1.41954301255,0.620826709062,5.41408462367,0.981966328804,0.467408585056,1.24420955637,0.326271897042,4.5,3.81341319202,1.24420955637,4.5,0.479426608062,0.320235756385,326,0.0419562419562,0.243331683307,37,37,37,1,0,0.108108108108,0.891891891892,0,-12,-0.00900900900901,2.4890888677,-0.648648648649,-15.4181818182,-0.486486486486,-0.574262124257,-0.0107695955773,0.053744921392,-2.5026670463,-0.349834095197,-0.144438556203,2.32725315297,0.453203530581,0.214655832303,0.664264441431,-0.111645842807,2.5,2.4890888677,0.664264441431,2.5,0.467256481892,0.314263060139,319,0.0410553410553,-0.37786489789,-0.621621621622,0.648648648649,-0.027027027027,150,54,66,1062,0.694444444444,0.951612903226,0.0483870967742,0.305555555556,0.735294117647,0.694444444444,0.714285714286,0.661241967524,0.64605734767,0.555555555556,183,195,0,0,0,0
266,WLNM_dir_neg,0.834234056542,0.629081886027,00:00:10,10,10,30,1231466254,threshold_sweep,0.5,0.701657458564,0.651282051282,0.675531914894,127,54,68,336,0.651282051282,0.861538461538,0.138461538462,0.348717948718,0.701657458564,0.651282051282,0.675531914894,0.791452991453,0.563532763533,0.522193211488,0.522979936312,0.512820512821,216,21,195,0,216,0,21,0,195,37,216,0.162162162162,1.32432432432,11.6756756757,21.6,6,8.1990990496,0.702237650082,0.31006006006,10.329336629,1.76937710775,0.765265265265,3.0868314707,0.528762798222,0.252752752753,0.579945114934,0.437917739848,2,1.32432432432,0.579945114934,2,0.0121701261701,0.00597269624573,7,0.000900900900901,0.621196581197,37,37,37,1,0,0.72972972973,0.243243243243,0.027027027027,37,0.0157657657658,1.24324324324,1.13513513514,2.625,1.23529411765,1.29447892052,1.14037428713,0.550836550837,1.25920037547,2.21859113773,0.844272844273,0.688821075806,1.21363713356,0.607464607465,0.49471683289,0.397924409064,2,1.35714285714,0.497245158099,1,0,0,0,0,0.0321428571429,37,14,14,0.378378378378,0,0.432432432432,0.027027027027,0.189189189189,37,202,0.151651651652,3.80795284974,10.9189189189,6.12121212121,5.45945945946,7.59889750183,0.695938632593,0.365132459192,7.75168295202,1.41986271893,0.619480867006,5.41394595566,0.991663368116,0.470163232539,1.24020177056,0.325687270695,4.5,3.80795284974,1.24020177056,4.5,0.479256365086,0.317470881864,318,0.0409266409266,0.243458837122,37,37,37,1,0,0.108108108108,0.891891891892,0,-14,-0.0105105105105,2.48362852541,-0.756756756757,-15.4787878788,-0.540540540541,-0.600201547779,-0.00629901748898,0.0550723991318,-2.57765367698,-0.349514388812,-0.14578439826,2.32711448496,0.462900569894,0.217410479787,0.66025665563,-0.112230469154,2.5,2.48362852541,0.66025665563,2.5,0.467086238915,0.311498185618,311,0.0400257400257,-0.377737744075,-0.621621621622,0.648648648649,-0.027027027027,148,54,68,1062,0.685185185185,0.951612903226,0.0483870967742,0.314814814815,0.732673267327,0.685185185185,0.708133971292,0.654403807395,0.636798088411,0.548148148148,181,195,0,0,0,0
267,WLNM_dir_neg,0.834234056542,0.629081886027,00:00:10,10,10,30,1231466254,threshold_sweep,0.6,0.7,0.646153846154,0.672,126,54,69,336,0.646153846154,0.861538461538,0.138461538462,0.353846153846,0.7,0.646153846154,0.672,0.789743589744,0.564102564103,0.517647058824,0.51854497287,0.507692307692,216,21,195,0,216,0,21,0,195,37,216,0.162162162162,1.32432432432,11.6756756757,21.6,6,8.1990990496,0.702237650082,0.31006006006,10.329336629,1.76937710775,0.765265265265,3.0868314707,0.528762798222,0.252752752753,0.579945114934,0.437917739848,2,1.32432432432,0.579945114934,2,0.0121701261701,0.00597269624573,7,0.000900900900901,0.621196581197,37,37,37,1,0,0.72972972973,0.243243243243,0.027027027027,37,0.0157657657658,1.24324324324,1.13513513514,2.625,1.23529411765,1.29447892052,1.14037428713,0.550836550837,1.25920037547,2.21859113773,0.844272844273,0.688821075806,1.21363713356,0.607464607465,0.49471683289,0.397924409064,2,1.35714285714,0.497245158099,1,0,0,0,0,0.0321428571429,37,14,14,0.378378378378,0,0.432432432432,0.027027027027,0.189189189189,37,201,0.150900900901,3.80704434734,10.8648648649,6.09090909091,5.43243243243,7.55410911786,0.695278699903,0.364125319349,7.72636374349,1.42226596273,0.619335753664,5.35174187916,0.985146515069,0.468199542826,1.23970795169,0.325635279914,4.5,3.80704434734,1.23970795169,4.5,0.475317738987,0.313930013459,311,0.0400257400257,0.241578277934,37,37,37,1,0,0.108108108108,0.891891891892,0,-15,-0.0112612612613,2.48272002302,-0.810810810811,-15.5090909091,-0.567567567568,-0.644989931743,-0.00695895017915,0.0540652592891,-2.60297288551,-0.347111145014,-0.145929511601,2.26491040845,0.456383716847,0.215446790074,0.659762836757,-0.112282459935,2.5,2.48272002302,0.659762836757,2.5,0.463147612816,0.307957317213,304,0.0391248391248,-0.379618303262,-0.621621621622,0.648648648649,-0.027027027027,147,54,69,1062,0.680555555556,0.951612903226,0.0483870967742,0.319444444444,0.731343283582,0.680555555556,0.705035971223,0.650972234368,0.632168458781,0.544444444444,180,195,0,0,0,0
268,WLNM_dir_neg,0.834234056542,0.629081886027,00:00:10,10,10,30,1231466254,threshold_sweep,0.7,0.757575757576,0.641025641026,0.694444444444,125,40,70,350,0.641025641026,0.897435897436,0.102564102564,0.358974358974,0.757575757576,0.641025641026,0.694444444444,0.811965811966,0.57264957265,0.56,0.564076074818,0.538461538462,216,21,195,0,216,0,21,0,195,37,216,0.162162162162,1.32432432432,11.6756756757,21.6,6,8.1990990496,0.702237650082,0.31006006006,10.329336629,1.76937710775,0.765265265265,3.0868314707,0.528762798222,0.252752752753,0.579945114934,0.437917739848,2,1.32432432432,0.579945114934,2,0.0121701261701,0.00597269624573,7,0.000900900900901,0.621196581197,37,37,37,1,0,0.72972972973,0.243243243243,0.027027027027,37,0.0157657657658,1.24324324324,1.13513513514,2.625,1.23529411765,1.29447892052,1.14037428713,0.550836550837,1.25920037547,2.21859113773,0.844272844273,0.688821075806,1.21363713356,0.607464607465,0.49471683289,0.397924409064,2,1.35714285714,0.497245158099,1,0,0,0,0,0.0321428571429,37,14,14,0.378378378378,0,0.432432432432,0.027027027027,0.189189189189,37,186,0.13963963964,2.29784917172,10.0540540541,6.2,5.02702702703,7.49424203397,0.745395041013,0.384481255449,7.90740330494,1.57297807679,0.675094449288,4.5733921673,0.909760807474,0.437663469922,0.789754945921,0.343693117738,2.77458357761,2.29784917172,0.789754945921,2.77458357761,0.444550330154,0.277756868649,246,0.0316602316602,0.245362354035,37,37,37,1,0,0.189189189189,0.810810810811,0,-30,-0.0225225225225,0.973524847398,-1.62162162162,-15.4,-0.972972972973,-0.704857015638,0.0431573909309,0.0744211953889,-2.42193332406,-0.196399030956,-0.0901708159773,1.4865606966,0.380998009251,0.184910717169,0.209809830986,-0.0942246221105,0.774583577611,0.973524847398,0.209809830986,0.774583577611,0.432380203984,0.271784172403,239,0.0307593307593,-0.375834227162,-0.540540540541,0.567567567568,-0.027027027027,146,40,70,1076,0.675925925926,0.964157706093,0.0358422939068,0.324074074074,0.784946236559,0.675925925926,0.726368159204,0.680686149401,0.640083632019,0.5703125,165,195,0,0,0,0
269,WLNM_dir_neg,0.834234056542,0.629081886027,00:00:10,10,10,30,1231466254,threshold_sweep,0.8,0.757575757576,0.641025641026,0.694444444444,125,40,70,350,0.641025641026,0.897435897436,0.102564102564,0.358974358974,0.757575757576,0.641025641026,0.694444444444,0.811965811966,0.57264957265,0.56,0.564076074818,0.538461538462,216,21,195,0,216,0,21,0,195,37,216,0.162162162162,1.32432432432,11.6756756757,21.6,6,8.1990990496,0.702237650082,0.31006006006,10.329336629,1.76937710775,0.765265265265,3.0868314707,0.528762798222,0.252752752753,0.579945114934,0.437917739848,2,1.32432432432,0.579945114934,2,0.0121701261701,0.00597269624573,7,0.000900900900901,0.621196581197,37,37,37,1,0,0.72972972973,0.243243243243,0.027027027027,37,0.0157657657658,1.24324324324,1.13513513514,2.625,1.23529411765,1.29447892052,1.14037428713,0.550836550837,1.25920037547,2.21859113773,0.844272844273,0.688821075806,1.21363713356,0.607464607465,0.49471683289,0.397924409064,2,1.35714285714,0.497245158099,1,0,0,0,0,0.0321428571429,37,14,14,0.378378378378,0,0.432432432432,0.027027027027,0.189189189189,37,186,0.13963963964,2.29784917172,10.0540540541,6.2,5.02702702703,7.49424203397,0.745395041013,0.384481255449,7.90740330494,1.57297807679,0.675094449288,4.5733921673,0.909760807474,0.437663469922,0.789754945921,0.343693117738,2.77458357761,2.29784917172,0.789754945921,2.77458357761,0.444550330154,0.277756868649,246,0.0316602316602,0.245362354035,37,37,37,1,0,0.189189189189,0.810810810811,0,-30,-0.0225225225225,0.973524847398,-1.62162162162,-15.4,-0.972972972973,-0.704857015638,0.0431573909309,0.0744211953889,-2.42193332406,-0.196399030956,-0.0901708159773,1.4865606966,0.380998009251,0.184910717169,0.209809830986,-0.0942246221105,0.774583577611,0.973524847398,0.209809830986,0.774583577611,0.432380203984,0.271784172403,239,0.0307593307593,-0.375834227162,-0.540540540541,0.567567567568,-0.027027027027,146,40,70,1076,0.675925925926,0.964157706093,0.0358422939068,0.324074074074,0.784946236559,0.675925925926,0.726368159204,0.680686149401,0.640083632019,0.5703125,165,195,0,0,0,0
270,WLNM_dir_neg,0.834234056542,0.629081886027,00:00:10,10,10,30,1231466254,threshold_sweep,0.9,0.757575757576,0.641025641026,0.694444444444,125,40,70,350,0.641025641026,0.897435897436,0.102564102564,0.358974358974,0.757575757576,0.641025641026,0.694444444444,0.811965811966,0.57264957265,0.56,0.564076074818,0.538461538462,216,21,195,0,216,0,21,0,195,37,216,0.162162162162,1.32432432432,11.6756756757,21.6,6,8.1990990496,0.702237650082,0.31006006006,10.329336629,1.76937710775,0.765265265265,3.0868314707,0.528762798222,0.252752752753,0.579945114934,0.437917739848,2,1.32432432432,0.579945114934,2,0.0121701261701,0.00597269624573,7,0.000900900900901,0.621196581197,37,37,37,1,0,0.72972972973,0.243243243243,0.027027027027,37,0.0157657657658,1.24324324324,1.13513513514,2.625,1.23529411765,1.29447892052,1.14037428713,0.550836550837,1.25920037547,2.21859113773,0.844272844273,0.688821075806,1.21363713356,0.607464607465,0.49471683289,0.397924409064,2,1.35714285714,0.497245158099,1,0,0,0,0,0.0321428571429,37,14,14,0.378378378378,0,0.432432432432,0.027027027027,0.189189189189,37,186,0.13963963964,2.29784917172,10.0540540541,6.2,5.02702702703,7.49424203397,0.745395041013,0.384481255449,7.90740330494,1.57297807679,0.675094449288,4.5733921673,0.909760807474,0.437663469922,0.789754945921,0.343693117738,2.77458357761,2.29784917172,0.789754945921,2.77458357761,0.444550330154,0.277756868649,246,0.0316602316602,0.245362354035,37,37,37,1,0,0.189189189189,0.810810810811,0,-30,-0.0225225225225,0.973524847398,-1.62162162162,-15.4,-0.972972972973,-0.704857015638,0.0431573909309,0.0744211953889,-2.42193332406,-0.196399030956,-0.0901708159773,1.4865606966,0.380998009251,0.184910717169,0.209809830986,-0.0942246221105,0.774583577611,0.973524847398,0.209809830986,0.774583577611,0.432380203984,0.271784172403,239,0.0307593307593,-0.375834227162,-0.540540540541,0.567567567568,-0.027027027027,146,40,70,1076,0.675925925926,0.964157706093,0.0358422939068,0.324074074074,0.784946236559,0.675925925926,0.726368159204,0.680686149401,0.640083632019,0.5703125,165,195,0,0,0,0
271,WLNM_dir_neg,0.848027613412,0.616849024428,00:00:08,10,10,31,1231466255,threshold_sweep,0.1,0.836257309942,0.733333333333,0.781420765027,143,28,52,362,0.733333333333,0.928205128205,0.0717948717949,0.266666666667,0.836257309942,0.733333333333,0.781420765027,0.863247863248,0.569230769231,0.68253968254,0.685656318303,0.661538461538,216,21,195,0,216,0,21,0,195,37,216,0.162162162162,1.32432432432,11.6756756757,21.6,6,8.1990990496,0.702237650082,0.31006006006,10.329336629,1.76937710775,0.765265265265,3.0868314707,0.528762798222,0.252752752753,0.579945114934,0.437917739848,2,1.32432432432,0.579945114934,2,0.0121701261701,0.00597269624573,7,0.000900900900901,0.621196581197,37,37,37,1,0,0.72972972973,0.243243243243,0.027027027027,37,0.0157657657658,1.24324324324,1.13513513514,2.625,1.23529411765,1.37764215161,1.21363713356,0.568854568855,1.38525048959,2.44067943405,0.854568854569,0.688821075806,1.21363713356,0.607464607465,0.49471683289,0.397924409064,2,1.38095238095,0.589592272354,2,0,0,0,0,0.0213293650794,37,21,21,0.567567567568,0,0.405405405405,0.0540540540541,0.162162162162,37,192,0.144144144144,4.50932045203,10.3783783784,8.34782608696,5.33333333333,8.25076209056,0.794995305601,0.392314189189,9.31497551091,1.79507340575,0.759853603604,2.94238978683,0.567023031838,0.308558558559,3.02397817131,0.670606181902,8.35994930292,4.6068015757,3.0073365566,8.35994930292,0.353222041146,0.220852412821,209,0.0268983268983,0.155992474787,37,36,36,0.972972972973,0,0.351351351351,0.621621621622,0,-24,-0.018018018018,3.1849961277,-1.2972972973,-13.252173913,-0.666666666667,0.0516630409587,0.0927576555193,0.0822541291291,-1.01436111809,0.0256962980021,-0.00541166166166,-0.144441683871,0.0382602336151,0.0558058058058,2.44403305637,0.232688442053,6.35994930292,3.28247725137,2.42739144167,6.35994930292,0.341051914976,0.214879716576,202,0.0259974259974,-0.465204106409,-0.378378378378,0.378378378378,-0.027027027027,164,28,52,1088,0.759259259259,0.974910394265,0.0250896057348,0.240740740741,0.854166666667,0.759259259259,0.803921568627,0.770464019525,0.734169653524,0.672131147541,171,195,0,0,0,0
272,WLNM_dir_neg,0.848027613412,0.616849024428,00:00:08,10,10,31,1231466255,threshold_sweep,0.2,0.836257309942,0.733333333333,0.781420765027,143,28,52,362,0.733333333333,0.928205128205,0.0717948717949,0.266666666667,0.836257309942,0.733333333333,0.781420765027,0.863247863248,0.569230769231,0.68253968254,0.685656318303,0.661538461538,216,21,195,0,216,0,21,0,195,37,216,0.162162162162,1.32432432432,11.6756756757,21.6,6,8.1990990496,0.702237650082,0.31006006006,10.329336629,1.76937710775,0.765265265265,3.0868314707,0.528762798222,0.252752752753,0.579945114934,0.437917739848,2,1.32432432432,0.579945114934,2,0.0121701261701,0.00597269624573,7,0.000900900900901,0.621196581197,37,37,37,1,0,0.72972972973,0.243243243243,0.027027027027,37,0.0157657657658,1.24324324324,1.13513513514,2.625,1.23529411765,1.37764215161,1.21363713356,0.568854568855,1.38525048959,2.44067943405,0.854568854569,0.688821075806,1.21363713356,0.607464607465,0.49471683289,0.397924409064,2,1.38095238095,0.589592272354,2,0,0,0,0,0.0213293650794,37,21,21,0.567567567568,0,0.405405405405,0.0540540540541,0.162162162162,37,192,0.144144144144,4.50932045203,10.3783783784,8.34782608696,5.33333333333,8.25076209056,0.794995305601,0.392314189189,9.31497551091,1.79507340575,0.759853603604,2.94238978683,0.567023031838,0.308558558559,3.02397817131,0.670606181902,8.35994930292,4.6068015757,3.0073365566,8.35994930292,0.353222041146,0.220852412821,209,0.0268983268983,0.155992474787,37,36,36,0.972972972973,0,0.351351351351,0.621621621622,0,-24,-0.018018018018,3.1849961277,-1.2972972973,-13.252173913,-0.666666666667,0.0516630409587,0.0927576555193,0.0822541291291,-1.01436111809,0.0256962980021,-0.00541166166166,-0.144441683871,0.0382602336151,0.0558058058058,2.44403305637,0.232688442053,6.35994930292,3.28247725137,2.42739144167,6.35994930292,0.341051914976,0.214879716576,202,0.0259974259974,-0.465204106409,-0.378378378378,0.378378378378,-0.027027027027,164,28,52,1088,0.759259259259,0.974910394265,0.0250896057348,0.240740740741,0.854166666667,0.759259259259,0.803921568627,0.770464019525,0.734169653524,0.672131147541,171,195,0,0,0,0
273,WLNM_dir_neg,0.848027613412,0.616849024428,00:00:08,10,10,31,1231466255,threshold_sweep,0.3,0.866666666667,0.733333333333,0.794444444444,143,22,52,368,0.733333333333,0.94358974359,0.0564102564103,0.266666666667,0.866666666667,0.733333333333,0.794444444444,0.873504273504,0.57264957265,0.704,0.709124208342,0.676923076923,216,21,195,0,216,0,21,0,195,37,216,0.162162162162,1.32432432432,11.6756756757,21.6,6,8.1990990496,0.702237650082,0.31006006006,10.329336629,1.76937710775,0.765265265265,3.0868314707,0.528762798222,0.252752752753,0.579945114934,0.437917739848,2,1.32432432432,0.579945114934,2,0.0121701261701,0.00597269624573,7,0.000900900900901,0.621196581197,37,37,37,1,0,0.72972972973,0.243243243243,0.027027027027,37,0.0157657657658,1.24324324324,1.13513513514,2.625,1.23529411765,1.37764215161,1.21363713356,0.568854568855,1.38525048959,2.44067943405,0.854568854569,0.688821075806,1.21363713356,0.607464607465,0.49471683289,0.397924409064,2,1.38095238095,0.589592272354,2,0,0,0,0,0.0213293650794,37,21,21,0.567567567568,0,0.405405405405,0.0540540540541,0.162162162162,37,186,0.13963963964,3.10196530117,10.0540540541,9.3,5.16666666667,8.31312865942,0.826843441932,0.398285382156,9.38819141998,1.86754345451,0.780005812264,2.73339925212,0.543740711443,0.291775646614,2.18947116772,0.705833545879,6.04273504274,3.1603532262,2.19111997633,6.04273504274,0.312231814506,0.18496898942,169,0.0217503217503,0.180894368763,37,36,36,0.972972972973,0,0.432432432432,0.540540540541,0,-30,-0.0225225225225,1.77764097684,-1.62162162162,-12.3,-0.833333333333,0.114029609818,0.12460579185,0.0882253220963,-0.941145209022,0.0981663467663,0.0147405469986,-0.353432218587,0.0149779132201,0.0390228938616,1.60952605278,0.267915806031,4.04273504274,1.83602890188,1.6111748614,4.04273504274,0.300061688336,0.178996293174,162,0.0208494208494,-0.440302212433,-0.297297297297,0.297297297297,-0.027027027027,164,22,52,1094,0.759259259259,0.980286738351,0.0197132616487,0.240740740741,0.881720430108,0.759259259259,0.81592039801,0.78645772558,0.739545997611,0.689075630252,165,195,0,0,0,0
274,WLNM_dir_neg,0.848027613412,0.616849024428,00:00:08,10,10,31,1231466255,threshold_sweep,0.4,0.893081761006,0.728205128205,0.802259887006,142,17,53,373,0.728205128205,0.95641025641,0.0435897435897,0.271794871795,0.893081761006,0.728205128205,0.802259887006,0.880341880342,0.576068376068,0.717741935484,0.725425640448,0.684615384615,216,21,195,0,216,0,21,0,195,37,216,0.162162162162,1.32432432432,11.6756756757,21.6,6,8.1990990496,0.702237650082,0.31006006006,10.329336629,1.76937710775,0.765265265265,3.0868314707,0.528762798222,0.252752752753,0.579945114934,0.437917739848,2,1.32432432432,0.579945114934,2,0.0121701261701,0.00597269624573,7,0.000900900900901,0.621196581197,37,37,37,1,0,0.72972972973,0.243243243243,0.027027027027,37,0.0157657657658,1.24324324324,1.13513513514,2.625,1.23529411765,1.37764215161,1.21363713356,0.568854568855,1.38525048959,2.44067943405,0.854568854569,0.688821075806,1.21363713356,0.607464607465,0.49471683289,0.397924409064,2,1.38095238095,0.589592272354,2,0,0,0,0,0.0213293650794,37,21,21,0.567567567568,0,0.405405405405,0.0540540540541,0.162162162162,37,180,0.135135135135,1.71584164429,9.72972972973,12,5,8.36875355331,0.860121892979,0.404804804805,9.46385569229,1.94534811453,0.801501501502,2.40557410752,0.494479122102,0.27027027027,0.942587823327,0.549344297863,2.58409785933,1.73572613441,0.948055477021,2.58409785933,0.285076731547,0.158371040724,140,0.018018018018,0.199663761054,37,36,36,0.972972972973,0,0.567567567568,0.405405405405,0,-36,-0.027027027027,0.391517319966,-1.94594594595,-9.6,-1,0.169654503705,0.157884242897,0.0947447447447,-0.865480936706,0.175971006782,0.0362362362362,-0.681257363181,-0.0342836761204,0.0175175175175,0.362642708392,0.111426558014,0.584097859327,0.411401810085,0.368110362086,0.584097859327,0.272906605377,0.152398344478,133,0.0171171171171,-0.421532820142,-0.162162162162,0.162162162162,-0.027027027027,163,17,53,1099,0.75462962963,0.98476702509,0.0152329749104,0.24537037037,0.905555555556,0.75462962963,0.823232323232,0.797212247538,0.739396654719,0.699570815451,159,195,0,0,0,0
275,WLNM_dir_neg,0.848027613412,0.616849024428,00:00:08,10,10,31,1231466255,threshold_sweep,0.5,0.887417218543,0.687179487179,0.774566473988,134,17,61,373,0.687179487179,0.95641025641,0.0435897435897,0.312820512821,0.887417218543,0.687179487179,0.774566473988,0.866666666667,0.580626780627,0.682065217391,0.693306680968,0.64358974359,216,21,195,0,216,0,21,0,195,37,216,0.162162162162,1.32432432432,11.6756756757,21.6,6,8.1990990496,0.702237650082,0.31006006006,10.329336629,1.76937710775,0.765265265265,3.0868314707,0.528762798222,0.252752752753,0.579945114934,0.437917739848,2,1.32432432432,0.579945114934,2,0.0121701261701,0.00597269624573,7,0.000900900900901,0.621196581197,37,37,37,1,0,0.72972972973,0.243243243243,0.027027027027,37,0.0157657657658,1.24324324324,1.13513513514,2.625,1.23529411765,1.37764215161,1.21363713356,0.568854568855,1.38525048959,2.44067943405,0.854568854569,0.688821075806,1.21363713356,0.607464607465,0.49471683289,0.397924409064,2,1.38095238095,0.589592272354,2,0,0,0,0,0.0213293650794,37,21,21,0.567567567568,0,0.405405405405,0.0540540540541,0.162162162162,37,172,0.129129129129,1.72851076478,9.2972972973,11.4666666667,5.375,8.25921998222,0.888346335297,0.41640477687,9.43461774594,2.02953986395,0.811125078567,2.6999610719,0.580805579421,0.315524827153,0.96443135695,0.557955077054,2.59345393066,1.79279112637,0.980907614843,2.59345393066,0.275117700623,0.157080523602,132,0.0169884169884,0.209275309377,37,34,34,0.918918918919,0,0.513513513514,0.351351351351,0.0540540540541,-44,-0.033033033033,0.404186440451,-2.37837837838,-10.1333333333,-0.625,0.0601209326163,0.186108685215,0.10634471681,-0.894718883059,0.260162756207,0.0458598133017,-0.386870398801,0.0520427811985,0.0627720744,0.384486242015,0.120037337206,0.593453930664,0.468466802049,0.400962499909,0.593453930664,0.262947574453,0.151107827356,125,0.0160875160875,-0.411921271819,-0.216216216216,0.108108108108,0.027027027027,155,17,61,1099,0.717592592593,0.98476702509,0.0152329749104,0.282407407407,0.901162790698,0.717592592593,0.798969072165,0.772014199981,0.702359617682,0.665236051502,151,195,0,0,0,0
276,WLNM_dir_neg,0.848027613412,0.616849024428,00:00:08,10,10,31,1231466255,threshold_sweep,0.6,0.887417218543,0.687179487179,0.774566473988,134,17,61,373,0.687179487179,0.95641025641,0.0435897435897,0.312820512821,0.887417218543,0.687179487179,0.774566473988,0.866666666667,0.580626780627,0.682065217391,0.693306680968,0.64358974359,216,21,195,0,216,0,21,0,195,37,216,0.162162162162,1.32432432432,11.6756756757,21.6,6,8.1990990496,0.702237650082,0.31006006006,10.329336629,1.76937710775,0.765265265265,3.0868314707,0.528762798222,0.252752752753,0.579945114934,0.437917739848,2,1.32432432432,0.579945114934,2,0.0121701261701,0.00597269624573,7,0.000900900900901,0.621196581197,37,37,37,1,0,0.72972972973,0.243243243243,0.027027027027,37,0.0157657657658,1.24324324324,1.13513513514,2.625,1.23529411765,1.37764215161,1.21363713356,0.568854568855,1.38525048959,2.44067943405,0.854568854569,0.688821075806,1.21363713356,0.607464607465,0.49471683289,0.397924409064,2,1.38095238095,0.589592272354,2,0,0,0,0,0.0213293650794,37,21,21,0.567567567568,0,0.405405405405,0.0540540540541,0.162162162162,37,172,0.129129129129,1.72851076478,9.2972972973,11.4666666667,5.375,8.25921998222,0.888346335297,0.41640477687,9.43461774594,2.02953986395,0.811125078567,2.6999610719,0.580805579421,0.315524827153,0.96443135695,0.557955077054,2.59345393066,1.79279112637,0.980907614843,2.59345393066,0.275117700623,0.157080523602,132,0.0169884169884,0.209275309377,37,34,34,0.918918918919,0,0.513513513514,0.351351351351,0.0540540540541,-44,-0.033033033033,0.404186440451,-2.37837837838,-10.1333333333,-0.625,0.0601209326163,0.186108685215,0.10634471681,-0.894718883059,0.260162756207,0.0458598133017,-0.386870398801,0.0520427811985,0.0627720744,0.384486242015,0.120037337206,0.593453930664,0.468466802049,0.400962499909,0.593453930664,0.262947574453,0.151107827356,125,0.0160875160875,-0.411921271819,-0.216216216216,0.108108108108,0.027027027027,155,17,61,1099,0.717592592593,0.98476702509,0.0152329749104,0.282407407407,0.901162790698,0.717592592593,0.798969072165,0.772014199981,0.702359617682,0.665236051502,151,195,0,0,0,0
277,WLNM_dir_neg,0.848027613412,0.616849024428,00:00:08,10,10,31,1231466255,threshold_sweep,0.7,0.887417218543,0.687179487179,0.774566473988,134,17,61,373,0.687179487179,0.95641025641,0.0435897435897,0.312820512821,0.887417218543,0.687179487179,0.774566473988,0.866666666667,0.580626780627,0.682065217391,0.693306680968,0.64358974359,216,21,195,0,216,0,21,0,195,37,216,0.162162162162,1.32432432432,11.6756756757,21.6,6,8.1990990496,0.702237650082,0.31006006006,10.329336629,1.76937710775,0.765265265265,3.0868314707,0.528762798222,0.252752752753,0.579945114934,0.437917739848,2,1.32432432432,0.579945114934,2,0.0121701261701,0.00597269624573,7,0.000900900900901,0.621196581197,37,37,37,1,0,0.72972972973,0.243243243243,0.027027027027,37,0.0157657657658,1.24324324324,1.13513513514,2.625,1.23529411765,1.37764215161,1.21363713356,0.568854568855,1.38525048959,2.44067943405,0.854568854569,0.688821075806,1.21363713356,0.607464607465,0.49471683289,0.397924409064,2,1.38095238095,0.589592272354,2,0,0,0,0,0.0213293650794,37,21,21,0.567567567568,0,0.405405405405,0.0540540540541,0.162162162162,37,172,0.129129129129,1.72851076478,9.2972972973,11.4666666667,5.375,8.25921998222,0.888346335297,0.41640477687,9.43461774594,2.02953986395,0.811125078567,2.6999610719,0.580805579421,0.315524827153,0.96443135695,0.557955077054,2.59345393066,1.79279112637,0.980907614843,2.59345393066,0.275117700623,0.157080523602,132,0.0169884169884,0.209275309377,37,34,34,0.918918918919,0,0.513513513514,0.351351351351,0.0540540540541,-44,-0.033033033033,0.404186440451,-2.37837837838,-10.1333333333,-0.625,0.0601209326163,0.186108685215,0.10634471681,-0.894718883059,0.260162756207,0.0458598133017,-0.386870398801,0.0520427811985,0.0627720744,0.384486242015,0.120037337206,0.593453930664,0.468466802049,0.400962499909,0.593453930664,0.262947574453,0.151107827356,125,0.0160875160875,-0.411921271819,-0.216216216216,0.108108108108,0.027027027027,155,17,61,1099,0.717592592593,0.98476702509,0.0152329749104,0.282407407407,0.901162790698,0.717592592593,0.798969072165,0.772014199981,0.702359617682,0.665236051502,151,195,0,0,0,0
278,WLNM_dir_neg,0.848027613412,0.616849024428,00:00:08,10,10,31,1231466255,threshold_sweep,0.8,0.886666666667,0.682051282051,0.771014492754,133,17,62,373,0.682051282051,0.95641025641,0.0435897435897,0.317948717949,0.886666666667,0.682051282051,0.771014492754,0.864957264957,0.581196581197,0.677551020408,0.689277482786,0.638461538462,216,21,195,0,216,0,21,0,195,37,216,0.162162162162,1.32432432432,11.6756756757,21.6,6,8.1990990496,0.702237650082,0.31006006006,10.329336629,1.76937710775,0.765265265265,3.0868314707,0.528762798222,0.252752752753,0.579945114934,0.437917739848,2,1.32432432432,0.579945114934,2,0.0121701261701,0.00597269624573,7,0.000900900900901,0.621196581197,37,37,37,1,0,0.72972972973,0.243243243243,0.027027027027,37,0.0157657657658,1.24324324324,1.13513513514,2.625,1.23529411765,1.37764215161,1.21363713356,0.568854568855,1.38525048959,2.44067943405,0.854568854569,0.688821075806,1.21363713356,0.607464607465,0.49471683289,0.397924409064,2,1.38095238095,0.589592272354,2,0,0,0,0,0.0213293650794,37,21,21,0.567567567568,0,0.405405405405,0.0540540540541,0.162162162162,37,171,0.128378378378,1.72787975474,9.24324324324,11.4,5.34375,8.1969011943,0.886799252015,0.415520783942,9.36705619401,2.02678993672,0.810178599652,2.68070628495,0.580035862826,0.315789473684,0.963633692474,0.557697194976,2.58595958579,1.79210443898,0.980098415025,2.58595958579,0.274194111028,0.155671761866,129,0.0166023166023,0.207331798895,37,34,34,0.918918918919,0,0.513513513514,0.351351351351,0.0540540540541,-45,-0.0337837837838,0.403555430415,-2.43243243243,-10.2,-0.65625,-0.00219785530007,0.184561601934,0.105460723882,-0.96228043499,0.25741282897,0.044913334387,-0.406125185751,0.0512730646036,0.0630367209315,0.38368857754,0.119779455128,0.58595958579,0.467780114657,0.400153300091,0.58595958579,0.262023984858,0.149699065621,122,0.0157014157014,-0.413864782302,-0.216216216216,0.108108108108,0.027027027027,154,17,62,1099,0.712962962963,0.98476702509,0.0152329749104,0.287037037037,0.900584795322,0.712962962963,0.795865633075,0.76883332042,0.697729988053,0.660944206009,150,195,0,0,0,0
279,WLNM_dir_neg,0.848027613412,0.616849024428,00:00:08,10,10,31,1231466255,threshold_sweep,0.9,0.898648648649,0.682051282051,0.775510204082,133,15,62,375,0.682051282051,0.961538461538,0.0384615384615,0.317948717949,0.898648648649,0.682051282051,0.775510204082,0.868376068376,0.582336182336,0.68485675307,0.697890276493,0.64358974359,216,21,195,0,216,0,21,0,195,37,216,0.162162162162,1.32432432432,11.6756756757,21.6,6,8.1990990496,0.702237650082,0.31006006006,10.329336629,1.76937710775,0.765265265265,3.0868314707,0.528762798222,0.252752752753,0.579945114934,0.437917739848,2,1.32432432432,0.579945114934,2,0.0121701261701,0.00597269624573,7,0.000900900900901,0.621196581197,37,37,37,1,0,0.72972972973,0.243243243243,0.027027027027,37,0.0157657657658,1.24324324324,1.13513513514,2.625,1.23529411765,1.37764215161,1.21363713356,0.568854568855,1.38525048959,2.44067943405,0.854568854569,0.688821075806,1.21363713356,0.607464607465,0.49471683289,0.397924409064,2,1.38095238095,0.589592272354,2,0,0,0,0,0.0213293650794,37,21,21,0.567567567568,0,0.405405405405,0.0540540540541,0.162162162162,37,169,0.126876876877,1.52697832735,9.13513513514,13,5.28125,8.08002393479,0.884499661501,0.413881336958,9.39130963693,2.05608554181,0.816887893811,2.71355179854,0.594091222166,0.324324324324,0.773623895804,0.506637115894,2.36283139457,1.57347641506,0.790840608232,2.36283139457,0.274194111028,0.155671761866,129,0.0166023166023,0.22781844723,37,34,34,0.918918918919,0,0.567567567568,0.297297297297,0.0540540540541,-47,-0.0352852852853,0.202654003029,-2.54054054054,-8.6,-0.71875,-0.119075114814,0.182262011419,0.103821276898,-0.93802699207,0.286708434068,0.0516226285457,-0.373279672163,0.0653284239433,0.0715715715716,0.193678780869,0.0687193760458,0.362831394566,0.249152090737,0.210895493297,0.362831394566,0.262023984858,0.149699065621,122,0.0157014157014,-0.393378133966,-0.162162162162,0.0540540540541,0.027027027027,154,15,62,1101,0.712962962963,0.986559139785,0.0134408602151,0.287037037037,0.91124260355,0.712962962963,0.8,0.774688670471,0.699522102748,0.666666666667,148,195,0,0,0,0
280,WLNM_dir_neg,0.875049309665,0.685751894186,00:00:08,10,10,32,1231466256,threshold_sweep,0.1,0.907103825137,0.851282051282,0.878306878307,166,17,29,373,0.851282051282,0.95641025641,0.0435897435897,0.148717948718,0.907103825137,0.851282051282,0.878306878307,0.921367521368,0.562393162393,0.8203125,0.821215210122,0.807692307692,216,21,195,0,216,0,21,0,195,37,216,0.162162162162,1.32432432432,11.6756756757,21.6,6,8.1990990496,0.702237650082,0.31006006006,10.329336629,1.76937710775,0.765265265265,3.0868314707,0.528762798222,0.252752752753,0.579945114934,0.437917739848,2,1.32432432432,0.579945114934,2,0.0121701261701,0.00597269624573,7,0.000900900900901,0.621196581197,37,37,37,1,0,0.72972972973,0.243243243243,0.027027027027,37,0.0157657657658,1.32432432432,1.13513513514,2.1,1.23529411765,1.13436624896,0.999322647896,0.508365508366,1.11904077328,1.9716432672,0.800514800515,0.728031613345,1.28272236637,0.615186615187,0.579945114934,0.437917739848,2,1.5,0.707106781187,2,0,0,0,0,0.0322222222222,37,10,10,0.27027027027,0,0.405405405405,0.0540540540541,0.216216216216,37,204,0.153153153153,1.35716717721,11.027027027,20.4,5.66666666667,8.89596190067,0.806741642953,0.380233174351,9.99894889371,1.81353484837,0.785638579756,2.21887886632,0.402443715951,0.216746157923,0.637986311869,0.470086753188,2.24613172854,1.36708848769,0.644134929739,2.24613172854,0.355775782384,0.21514312096,233,0.0299871299871,0.44424243945,37,36,36,0.972972972973,0,0.702702702703,0.27027027027,0,-12,-0.00900900900901,0.0328428528882,-0.648648648649,-1.2,-0.333333333333,0.696862851064,0.104503992871,0.0701731142908,-0.330387735292,0.0441577406232,0.020373314491,-0.867952604379,-0.126319082271,-0.0360065948301,0.0580411969347,0.0321690133395,0.246131728541,0.0427641633664,0.0641898148042,0.246131728541,0.343605656214,0.209170424715,226,0.0290862290862,-0.176954141747,-0.027027027027,0.027027027027,-0.027027027027,187,17,29,1099,0.865740740741,0.98476702509,0.0152329749104,0.134259259259,0.916666666667,0.865740740741,0.890476190476,0.870497689563,0.85050776583,0.802575107296,183,195,0,0,0,0
281,WLNM_dir_neg,0.875049309665,0.685751894186,00:00:08,10,10,32,1231466256,threshold_sweep,0.2,0.901734104046,0.8,0.847826086957,156,17,39,373,0.8,0.95641025641,0.0435897435897,0.2,0.901734104046,0.8,0.847826086957,0.904273504274,0.568091168091,0.778364116095,0.781331544933,0.75641025641,216,21,195,0,216,0,21,0,195,37,216,0.162162162162,1.32432432432,11.6756756757,21.6,6,8.1990990496,0.702237650082,0.31006006006,10.329336629,1.76937710775,0.765265265265,3.0868314707,0.528762798222,0.252752752753,0.579945114934,0.437917739848,2,1.32432432432,0.579945114934,2,0.0121701261701,0.00597269624573,7,0.000900900900901,0.621196581197,37,37,37,1,0,0.72972972973,0.243243243243,0.027027027027,37,0.0157657657658,1.32432432432,1.13513513514,2.1,1.23529411765,1.13436624896,0.999322647896,0.508365508366,1.11904077328,1.9716432672,0.800514800515,0.728031613345,1.28272236637,0.615186615187,0.579945114934,0.437917739848,2,1.5,0.707106781187,2,0,0,0,0,0.0322222222222,37,10,10,0.27027027027,0,0.405405405405,0.0540540540541,0.216216216216,37,194,0.145645645646,1.35910871143,10.4864864865,19.4,5.38888888889,8.64941109627,0.824814975675,0.396767901923,9.55511906259,1.82236806864,0.787684591808,2.22866932652,0.425055490109,0.233212594037,0.641038140722,0.471660681248,2.25411359142,1.36908395341,0.647212375391,2.25411359142,0.38207819607,0.224798387097,223,0.0287001287001,0.423006468603,37,36,36,0.972972972973,0,0.702702702703,0.27027027027,0,-22,-0.0165165165165,0.034784387102,-1.18918918919,-2.2,-0.611111111111,0.450312046667,0.122577325594,0.0867078418625,-0.774217566408,0.0529909608933,0.022419326543,-0.858162144185,-0.103707308113,-0.0195401587154,0.0610930257876,0.0337429414,0.254113591419,0.0447596290861,0.0672672604562,0.254113591419,0.3699080699,0.218825690851,216,0.0277992277992,-0.198190112593,-0.027027027027,0.027027027027,-0.027027027027,177,17,39,1099,0.819444444444,0.98476702509,0.0152329749104,0.180555555556,0.912371134021,0.819444444444,0.863414634146,0.84034426305,0.804211469534,0.759656652361,173,195,0,0,0,0
282,WLNM_dir_neg,0.875049309665,0.685751894186,00:00:08,10,10,32,1231466256,threshold_sweep,0.3,0.901734104046,0.8,0.847826086957,156,17,39,373,0.8,0.95641025641,0.0435897435897,0.2,0.901734104046,0.8,0.847826086957,0.904273504274,0.568091168091,0.778364116095,0.781331544933,0.75641025641,216,21,195,0,216,0,21,0,195,37,216,0.162162162162,1.32432432432,11.6756756757,21.6,6,8.1990990496,0.702237650082,0.31006006006,10.329336629,1.76937710775,0.765265265265,3.0868314707,0.528762798222,0.252752752753,0.579945114934,0.437917739848,2,1.32432432432,0.579945114934,2,0.0121701261701,0.00597269624573,7,0.000900900900901,0.621196581197,37,37,37,1,0,0.72972972973,0.243243243243,0.027027027027,37,0.0157657657658,1.32432432432,1.13513513514,2.1,1.23529411765,1.13436624896,0.999322647896,0.508365508366,1.11904077328,1.9716432672,0.800514800515,0.728031613345,1.28272236637,0.615186615187,0.579945114934,0.437917739848,2,1.5,0.707106781187,2,0,0,0,0,0.0322222222222,37,10,10,0.27027027027,0,0.405405405405,0.0540540540541,0.216216216216,37,194,0.145645645646,1.35910871143,10.4864864865,19.4,5.38888888889,8.64941109627,0.824814975675,0.396767901923,9.55511906259,1.82236806864,0.787684591808,2.22866932652,0.425055490109,0.233212594037,0.641038140722,0.471660681248,2.25411359142,1.36908395341,0.647212375391,2.25411359142,0.38207819607,0.224798387097,223,0.0287001287001,0.423006468603,37,36,36,0.972972972973,0,0.702702702703,0.27027027027,0,-22,-0.0165165165165,0.034784387102,-1.18918918919,-2.2,-0.611111111111,0.450312046667,0.122577325594,0.0867078418625,-0.774217566408,0.0529909608933,0.022419326543,-0.858162144185,-0.103707308113,-0.0195401587154,0.0610930257876,0.0337429414,0.254113591419,0.0447596290861,0.0672672604562,0.254113591419,0.3699080699,0.218825690851,216,0.0277992277992,-0.198190112593,-0.027027027027,0.027027027027,-0.027027027027,177,17,39,1099,0.819444444444,0.98476702509,0.0152329749104,0.180555555556,0.912371134021,0.819444444444,0.863414634146,0.84034426305,0.804211469534,0.759656652361,173,195,0,0,0,0
283,WLNM_dir_neg,0.875049309665,0.685751894186,00:00:08,10,10,32,1231466256,threshold_sweep,0.4,0.906976744186,0.8,0.850136239782,156,16,39,374,0.8,0.958974358974,0.0410256410256,0.2,0.906976744186,0.8,0.850136239782,0.905982905983,0.568660968661,0.782034346103,0.785303375037,0.758974358974,216,21,195,0,216,0,21,0,195,37,216,0.162162162162,1.32432432432,11.6756756757,21.6,6,8.1990990496,0.702237650082,0.31006006006,10.329336629,1.76937710775,0.765265265265,3.0868314707,0.528762798222,0.252752752753,0.579945114934,0.437917739848,2,1.32432432432,0.579945114934,2,0.0121701261701,0.00597269624573,7,0.000900900900901,0.621196581197,37,37,37,1,0,0.72972972973,0.243243243243,0.027027027027,37,0.0157657657658,1.32432432432,1.13513513514,2.1,1.23529411765,1.13436624896,0.999322647896,0.508365508366,1.11904077328,1.9716432672,0.800514800515,0.728031613345,1.28272236637,0.615186615187,0.579945114934,0.437917739848,2,1.5,0.707106781187,2,0,0,0,0,0.0322222222222,37,10,10,0.27027027027,0,0.405405405405,0.0540540540541,0.216216216216,37,193,0.144894894895,1.3540891614,10.4324324324,19.3,5.36111111111,8.6201976664,0.826288377349,0.395882929562,9.52521546894,1.82607757695,0.788404985296,2.25012512165,0.43137113731,0.236941604817,0.633382400122,0.467755313444,2.23347766353,1.36392497144,0.639494792658,2.23347766353,0.38207819607,0.224798387097,223,0.0287001287001,0.424418350172,37,36,36,0.972972972973,0,0.702702702703,0.27027027027,0,-23,-0.0172672672673,0.029764837075,-1.24324324324,-2.3,-0.638888888889,0.421098616795,0.124050727267,0.0858228695016,-0.80412116006,0.0567004692017,0.0231397200309,-0.836706349058,-0.097391660912,-0.0158111479355,0.0534372851873,0.0298375735957,0.233477663531,0.0396006471139,0.0595496777233,0.233477663531,0.3699080699,0.218825690851,216,0.0277992277992,-0.196778231025,-0.027027027027,0.027027027027,-0.027027027027,177,16,39,1100,0.819444444444,0.985663082437,0.0143369175627,0.180555555556,0.917098445596,0.819444444444,0.865525672372,0.843086903785,0.805107526882,0.762931034483,172,195,0,0,0,0
284,WLNM_dir_neg,0.875049309665,0.685751894186,00:00:08,10,10,32,1231466256,threshold_sweep,0.5,0.906432748538,0.794871794872,0.846994535519,155,16,40,374,0.794871794872,0.958974358974,0.0410256410256,0.205128205128,0.906432748538,0.794871794872,0.846994535519,0.904273504274,0.569230769231,0.777777777778,0.78132929295,0.753846153846,216,21,195,0,216,0,21,0,195,37,216,0.162162162162,1.32432432432,11.6756756757,21.6,6,8.1990990496,0.702237650082,0.31006006006,10.329336629,1.76937710775,0.765265265265,3.0868314707,0.528762798222,0.252752752753,0.579945114934,0.437917739848,2,1.32432432432,0.579945114934,2,0.0121701261701,0.00597269624573,7,0.000900900900901,0.621196581197,37,37,37,1,0,0.72972972973,0.243243243243,0.027027027027,37,0.0157657657658,1.32432432432,1.13513513514,2.1,1.23529411765,1.13436624896,0.999322647896,0.508365508366,1.11904077328,1.9716432672,0.800514800515,0.728031613345,1.28272236637,0.615186615187,0.579945114934,0.437917739848,2,1.5,0.707106781187,2,0,0,0,0,0.0322222222222,37,10,10,0.27027027027,0,0.405405405405,0.0540540540541,0.216216216216,37,192,0.144144144144,1.3540891614,10.3783783784,19.2,5.33333333333,8.60345974126,0.82897919382,0.396959459459,9.49806365599,1.83035601704,0.789414414414,2.2340525936,0.430520551893,0.23704954955,0.633382400122,0.467755313444,2.23347766353,1.36392497144,0.639494792658,2.23347766353,0.379545509674,0.222636394443,219,0.0281853281853,0.418518954902,37,36,36,0.972972972973,0,0.702702702703,0.27027027027,0,-24,-0.018018018018,0.029764837075,-1.2972972973,-2.4,-0.666666666667,0.404360691658,0.126741543738,0.0868993993994,-0.831272973011,0.0609789092942,0.0241491491491,-0.852778877099,-0.0982422463299,-0.0157032032032,0.0534372851873,0.0298375735957,0.233477663531,0.0396006471139,0.0595496777233,0.233477663531,0.367375383504,0.216663698197,212,0.0272844272844,-0.202677626294,-0.027027027027,0.027027027027,-0.027027027027,176,16,40,1100,0.814814814815,0.985663082437,0.0143369175627,0.185185185185,0.916666666667,0.814814814815,0.862745098039,0.840050273526,0.800477897252,0.758620689655,171,195,0,0,0,0
285,WLNM_dir_neg,0.875049309665,0.685751894186,00:00:08,10,10,32,1231466256,threshold_sweep,0.6,0.905882352941,0.789743589744,0.843835616438,154,16,41,374,0.789743589744,0.958974358974,0.0410256410256,0.210256410256,0.905882352941,0.789743589744,0.843835616438,0.902564102564,0.569800569801,0.773509933775,0.777354907375,0.748717948718,216,21,195,0,216,0,21,0,195,37,216,0.162162162162,1.32432432432,11.6756756757,21.6,6,8.1990990496,0.702237650082,0.31006006006,10.329336629,1.76937710775,0.765265265265,3.0868314707,0.528762798222,0.252752752753,0.579945114934,0.437917739848,2,1.32432432432,0.579945114934,2,0.0121701261701,0.00597269624573,7,0.000900900900901,0.621196581197,37,37,37,1,0,0.72972972973,0.243243243243,0.027027027027,37,0.0157657657658,1.32432432432,1.13513513514,2.1,1.23529411765,1.13436624896,0.999322647896,0.508365508366,1.11904077328,1.9716432672,0.800514800515,0.728031613345,1.28272236637,0.615186615187,0.579945114934,0.437917739848,2,1.5,0.707106781187,2,0,0,0,0,0.0322222222222,37,10,10,0.27027027027,0,0.405405405405,0.0540540540541,0.216216216216,37,191,0.143393393393,1.35415367383,10.3243243243,19.1,5.30555555556,8.55717390411,0.828836215843,0.397764256403,9.44137911746,1.82895825836,0.789302391397,2.23001636159,0.431992698319,0.237158624593,0.633479848906,0.46780499226,2.23374288131,1.36399127588,0.639593018709,2.23374288131,0.378733874675,0.223174494344,217,0.0279279279279,0.415422276041,37,36,36,0.972972972973,0,0.702702702703,0.27027027027,0,-25,-0.0187687687688,0.0298293495079,-1.35135135135,-2.5,-0.694444444444,0.358074854508,0.126598565761,0.0877041963429,-0.887957511538,0.0595811506111,0.0240371261314,-0.856815109111,-0.0967700999034,-0.0155941281596,0.0535347339718,0.0298872524117,0.23374288131,0.0396669515588,0.0596479037743,0.23374288131,0.366563748505,0.217201798098,210,0.027027027027,-0.205774305156,-0.027027027027,0.027027027027,-0.027027027027,175,16,41,1100,0.810185185185,0.985663082437,0.0143369175627,0.189814814815,0.916230366492,0.810185185185,0.859950859951,0.837008257028,0.795848267622,0.754310344828,170,195,0,0,0,0
286,WLNM_dir_neg,0.875049309665,0.685751894186,00:00:08,10,10,32,1231466256,threshold_sweep,0.7,0.905882352941,0.789743589744,0.843835616438,154,16,41,374,0.789743589744,0.958974358974,0.0410256410256,0.210256410256,0.905882352941,0.789743589744,0.843835616438,0.902564102564,0.569800569801,0.773509933775,0.777354907375,0.748717948718,216,21,195,0,216,0,21,0,195,37,216,0.162162162162,1.32432432432,11.6756756757,21.6,6,8.1990990496,0.702237650082,0.31006006006,10.329336629,1.76937710775,0.765265265265,3.0868314707,0.528762798222,0.252752752753,0.579945114934,0.437917739848,2,1.32432432432,0.579945114934,2,0.0121701261701,0.00597269624573,7,0.000900900900901,0.621196581197,37,37,37,1,0,0.72972972973,0.243243243243,0.027027027027,37,0.0157657657658,1.32432432432,1.13513513514,2.1,1.23529411765,1.13436624896,0.999322647896,0.508365508366,1.11904077328,1.9716432672,0.800514800515,0.728031613345,1.28272236637,0.615186615187,0.579945114934,0.437917739848,2,1.5,0.707106781187,2,0,0,0,0,0.0322222222222,37,10,10,0.27027027027,0,0.405405405405,0.0540540540541,0.216216216216,37,191,0.143393393393,1.35415367383,10.3243243243,19.1,5.30555555556,8.55717390411,0.828836215843,0.397764256403,9.44137911746,1.82895825836,0.789302391397,2.23001636159,0.431992698319,0.237158624593,0.633479848906,0.46780499226,2.23374288131,1.36399127588,0.639593018709,2.23374288131,0.378733874675,0.223174494344,217,0.0279279279279,0.415422276041,37,36,36,0.972972972973,0,0.702702702703,0.27027027027,0,-25,-0.0187687687688,0.0298293495079,-1.35135135135,-2.5,-0.694444444444,0.358074854508,0.126598565761,0.0877041963429,-0.887957511538,0.0595811506111,0.0240371261314,-0.856815109111,-0.0967700999034,-0.0155941281596,0.0535347339718,0.0298872524117,0.23374288131,0.0396669515588,0.0596479037743,0.23374288131,0.366563748505,0.217201798098,210,0.027027027027,-0.205774305156,-0.027027027027,0.027027027027,-0.027027027027,175,16,41,1100,0.810185185185,0.985663082437,0.0143369175627,0.189814814815,0.916230366492,0.810185185185,0.859950859951,0.837008257028,0.795848267622,0.754310344828,170,195,0,0,0,0
287,WLNM_dir_neg,0.875049309665,0.685751894186,00:00:08,10,10,32,1231466256,threshold_sweep,0.8,0.90303030303,0.764102564103,0.827777777778,149,16,46,374,0.764102564103,0.958974358974,0.0410256410256,0.235897435897,0.90303030303,0.764102564103,0.827777777778,0.894017094017,0.57264957265,0.752,0.757473586184,0.723076923077,216,21,195,0,216,0,21,0,195,37,216,0.162162162162,1.32432432432,11.6756756757,21.6,6,8.1990990496,0.702237650082,0.31006006006,10.329336629,1.76937710775,0.765265265265,3.0868314707,0.528762798222,0.252752752753,0.579945114934,0.437917739848,2,1.32432432432,0.579945114934,2,0.0121701261701,0.00597269624573,7,0.000900900900901,0.621196581197,37,37,37,1,0,0.72972972973,0.243243243243,0.027027027027,37,0.0157657657658,1.32432432432,1.13513513514,2.1,1.23529411765,1.13436624896,0.999322647896,0.508365508366,1.11904077328,1.9716432672,0.800514800515,0.728031613345,1.28272236637,0.615186615187,0.579945114934,0.437917739848,2,1.5,0.707106781187,2,0,0,0,0,0.0322222222222,37,10,10,0.27027027027,0,0.405405405405,0.0540540540541,0.216216216216,37,186,0.13963963964,1.35454616502,10.0540540541,18.6,5.16666666667,8.41607570845,0.837082798959,0.401482127289,9.2450782296,1.83907470159,0.791339726824,2.15363370566,0.428411005964,0.23539668701,0.634153861225,0.46816703454,2.23535645619,1.3643946696,0.640273280422,2.23535645619,0.37355330638,0.218064051817,202,0.0259974259974,0.390808067836,37,36,36,0.972972972973,0,0.702702702703,0.27027027027,0,-30,-0.0225225225225,0.0302218406959,-1.62162162162,-3,-0.833333333333,0.216976658844,0.134845148877,0.0914220672285,-1.0842583994,0.0696975938423,0.0260744615583,-0.933197765048,-0.100351792259,-0.0173560657432,0.0542087462907,0.0302492946916,0.235356456194,0.0400703452798,0.0603281654876,0.235356456194,0.36138318021,0.212091355571,195,0.0250965250965,-0.230388513361,-0.027027027027,0.027027027027,-0.027027027027,170,16,46,1100,0.787037037037,0.985663082437,0.0143369175627,0.212962962963,0.913978494624,0.787037037037,0.845771144279,0.821714917639,0.772700119474,0.73275862069,165,195,0,0,0,0
288,WLNM_dir_neg,0.875049309665,0.685751894186,00:00:08,10,10,32,1231466256,threshold_sweep,0.9,0.926666666667,0.712820512821,0.805797101449,139,11,56,379,0.712820512821,0.971794871795,0.0282051282051,0.287179487179,0.926666666667,0.712820512821,0.805797101449,0.88547008547,0.581196581197,0.726530612245,0.739104770698,0.684615384615,216,21,195,0,216,0,21,0,195,37,216,0.162162162162,1.32432432432,11.6756756757,21.6,6,8.1990990496,0.702237650082,0.31006006006,10.329336629,1.76937710775,0.765265265265,3.0868314707,0.528762798222,0.252752752753,0.579945114934,0.437917739848,2,1.32432432432,0.579945114934,2,0.0121701261701,0.00597269624573,7,0.000900900900901,0.621196581197,37,37,37,1,0,0.72972972973,0.243243243243,0.027027027027,37,0.0157657657658,1.32432432432,1.13513513514,2.1,1.23529411765,1.13436624896,0.999322647896,0.508365508366,1.11904077328,1.9716432672,0.800514800515,0.728031613345,1.28272236637,0.615186615187,0.579945114934,0.437917739848,2,1.5,0.707106781187,2,0,0,0,0,0.0322222222222,37,10,10,0.27027027027,0,0.405405405405,0.0540540540541,0.216216216216,37,171,0.128378378378,1.3461350028,9.24324324324,17.1,4.75,7.70787982596,0.833893431463,0.408408408408,8.41081100381,1.81988308269,0.787102892366,2.31362331698,0.500608553965,0.274063537221,0.620608989816,0.461030274472,2.20077723372,1.35574986399,0.626611321235,2.20077723372,0.363933604093,0.185138539043,147,0.0189189189189,0.388119256368,37,36,36,0.972972972973,0,0.702702702703,0.27027027027,0,-45,-0.0337837837838,0.0218106784734,-2.43243243243,-4.5,-1.25,-0.491219223646,0.131655781381,0.0983483483483,-1.91852562519,0.0505059749495,0.0218376271008,-0.773208153728,-0.028154244257,0.0213107844687,0.0406638748815,0.0231125346234,0.200777233724,0.0314255396622,0.0466662063004,0.200777233724,0.351763477923,0.179165842797,140,0.018018018018,-0.233077324829,-0.027027027027,0.027027027027,-0.027027027027,160,11,56,1105,0.740740740741,0.990143369176,0.00985663082437,0.259259259259,0.93567251462,0.740740740741,0.826873385013,0.805366068094,0.730884109916,0.704845814978,150,195,0,0,0,0
289,WLNM_dir_neg,0.696351084813,0.674271220865,00:00:08,10,10,33,1231466257,threshold_sweep,0.1,0.726618705036,0.517948717949,0.604790419162,101,38,94,352,0.517948717949,0.902564102564,0.0974358974359,0.482051282051,0.726618705036,0.517948717949,0.604790419162,0.774358974359,0.587464387464,0.453038674033,0.465751240978,0.420512820513,216,21,195,0,216,0,21,0,195,37,216,0.162162162162,1.32432432432,11.6756756757,21.6,6,8.1990990496,0.702237650082,0.31006006006,10.329336629,1.76937710775,0.765265265265,3.0868314707,0.528762798222,0.252752752753,0.579945114934,0.437917739848,2,1.32432432432,0.579945114934,2,0.0121701261701,0.00597269624573,7,0.000900900900901,0.621196581197,37,37,37,1,0,0.72972972973,0.243243243243,0.027027027027,37,0.0157657657658,1.27027027027,1.13513513514,2.33333333333,1.5,1.29447892052,1.14037428713,0.584298584299,1.19118383087,2.09875246391,0.826254826255,0.867324767462,1.52814363791,0.710424710425,0.508191163105,0.400065383721,2,1.42857142857,0.646206172659,2,0,0,0,0,0.0739417989418,37,14,14,0.378378378378,0,0.351351351351,0.027027027027,0.216216216216,37,160,0.12012012012,4.22255814328,8.64864864865,4.70588235294,4.44444444444,6.36490471351,0.735942107499,0.387331081081,5.49774728641,1.27135405998,0.583783783784,4.97802980915,1.15116939337,0.516554054054,1.39103844985,0.329430265409,4.94736842105,4.22255814328,1.39103844985,4.94736842105,0.366810181112,0.194256756757,115,0.0148005148005,0.256162991297,37,37,37,1,0,0.0810810810811,0.891891891892,0.027027027027,-56,-0.042042042042,2.89823381896,-3.02702702703,-16.8941176471,-1.55555555556,-1.8341943361,0.0337044574173,0.077271021021,-4.83158934259,-0.498023047763,-0.181481481481,1.89119833845,0.622406595143,0.263801301301,0.811093334913,-0.108487474439,2.94736842105,2.89823381896,0.811093334913,2.94736842105,0.354640054942,0.188284060511,108,0.0138996138996,-0.3650335899,-0.648648648649,0.648648648649,0,122,38,94,1078,0.564814814815,0.965949820789,0.0340501792115,0.435185185185,0.7625,0.564814814815,0.648936170213,0.601779174445,0.530764635603,0.48031496063,139,195,0,0,0,0
290,WLNM_dir_neg,0.696351084813,0.674271220865,00:00:08,10,10,33,1231466257,threshold_sweep,0.2,0.731884057971,0.517948717949,0.606606606607,101,37,94,353,0.517948717949,0.905128205128,0.0948717948718,0.482051282051,0.731884057971,0.517948717949,0.606606606607,0.776068376068,0.588034188034,0.45643153527,0.469759575681,0.423076923077,216,21,195,0,216,0,21,0,195,37,216,0.162162162162,1.32432432432,11.6756756757,21.6,6,8.1990990496,0.702237650082,0.31006006006,10.329336629,1.76937710775,0.765265265265,3.0868314707,0.528762798222,0.252752752753,0.579945114934,0.437917739848,2,1.32432432432,0.579945114934,2,0.0121701261701,0.00597269624573,7,0.000900900900901,0.621196581197,37,37,37,1,0,0.72972972973,0.243243243243,0.027027027027,37,0.0157657657658,1.27027027027,1.13513513514,2.33333333333,1.5,1.29447892052,1.14037428713,0.584298584299,1.19118383087,2.09875246391,0.826254826255,0.867324767462,1.52814363791,0.710424710425,0.508191163105,0.400065383721,2,1.42857142857,0.646206172659,2,0,0,0,0,0.0739417989418,37,14,14,0.378378378378,0,0.351351351351,0.027027027027,0.216216216216,37,159,0.119369369369,3.13639387493,8.59459459459,4.67647058824,4.41666666667,6.30458148871,0.733551934221,0.386537480877,5.51193082153,1.28265056853,0.588475267721,4.9657989447,1.15556327644,0.51572327044,0.965977398695,0.30798982437,3.78947368421,3.13639387493,0.965977398695,3.78947368421,0.366810181112,0.194256756757,115,0.0148005148005,0.260376820461,37,37,37,1,0,0.0810810810811,0.891891891892,0.027027027027,-57,-0.0427927927928,1.81206955061,-3.08108108108,-16.9235294118,-1.58333333333,-1.8945175609,0.0313142841388,0.076477420817,-4.81740580747,-0.486726539212,-0.176789997545,1.87896747399,0.626800478217,0.262970517687,0.386032283761,-0.129927915479,1.78947368421,1.81206955061,0.386032283761,1.78947368421,0.354640054942,0.188284060511,108,0.0138996138996,-0.360819760736,-0.648648648649,0.648648648649,0,122,37,94,1079,0.564814814815,0.966845878136,0.0331541218638,0.435185185185,0.767295597484,0.564814814815,0.650666666667,0.604429924667,0.531660692951,0.482213438735,138,195,0,0,0,0
291,WLNM_dir_neg,0.696351084813,0.674271220865,00:00:08,10,10,33,1231466257,threshold_sweep,0.3,0.748148148148,0.517948717949,0.612121212121,101,34,94,356,0.517948717949,0.912820512821,0.0871794871795,0.482051282051,0.748148148148,0.517948717949,0.612121212121,0.781196581197,0.589743589744,0.466666666667,0.481971260861,0.430769230769,216,21,195,0,216,0,21,0,195,37,216,0.162162162162,1.32432432432,11.6756756757,21.6,6,8.1990990496,0.702237650082,0.31006006006,10.329336629,1.76937710775,0.765265265265,3.0868314707,0.528762798222,0.252752752753,0.579945114934,0.437917739848,2,1.32432432432,0.579945114934,2,0.0121701261701,0.00597269624573,7,0.000900900900901,0.621196581197,37,37,37,1,0,0.72972972973,0.243243243243,0.027027027027,37,0.0157657657658,1.27027027027,1.13513513514,2.33333333333,1.5,1.29447892052,1.14037428713,0.584298584299,1.19118383087,2.09875246391,0.826254826255,0.867324767462,1.52814363791,0.710424710425,0.508191163105,0.400065383721,2,1.42857142857,0.646206172659,2,0,0,0,0,0.0739417989418,37,14,14,0.378378378378,0,0.351351351351,0.027027027027,0.216216216216,37,156,0.117117117117,2.6009032184,8.43243243243,4.875,4.33333333333,6.10346231677,0.723808031156,0.381496881497,5.56344784751,1.31953570742,0.610533610534,4.7207293171,1.11966015854,0.50796950797,0.949570885724,0.365092741248,3.22222222222,2.6009032184,0.949570885724,3.22222222222,0.328015021591,0.1567695962,88,0.0113256113256,0.260127184852,37,37,37,1,0,0.135135135135,0.837837837838,0.027027027027,-60,-0.045045045045,1.27657889407,-3.24324324324,-16.725,-1.66666666667,-2.09563673283,0.0215703810738,0.0714368214368,-4.76588878149,-0.449841400323,-0.154731654732,1.63389784639,0.590897360319,0.255216755217,0.36962577079,-0.0728249986007,1.22222222222,1.27657889407,0.36962577079,1.22222222222,0.315844895421,0.150796899954,81,0.0104247104247,-0.361069396345,-0.594594594595,0.594594594595,0,122,34,94,1082,0.564814814815,0.969534050179,0.0304659498208,0.435185185185,0.782051282051,0.564814814815,0.655913978495,0.612516657728,0.534348864994,0.488,135,195,0,0,0,0
292,WLNM_dir_neg,0.696351084813,0.674271220865,00:00:08,10,10,33,1231466257,threshold_sweep,0.4,0.748148148148,0.517948717949,0.612121212121,101,34,94,356,0.517948717949,0.912820512821,0.0871794871795,0.482051282051,0.748148148148,0.517948717949,0.612121212121,0.781196581197,0.589743589744,0.466666666667,0.481971260861,0.430769230769,216,21,195,0,216,0,21,0,195,37,216,0.162162162162,1.32432432432,11.6756756757,21.6,6,8.1990990496,0.702237650082,0.31006006006,10.329336629,1.76937710775,0.765265265265,3.0868314707,0.528762798222,0.252752752753,0.579945114934,0.437917739848,2,1.32432432432,0.579945114934,2,0.0121701261701,0.00597269624573,7,0.000900900900901,0.621196581197,37,37,37,1,0,0.72972972973,0.243243243243,0.027027027027,37,0.0157657657658,1.27027027027,1.13513513514,2.33333333333,1.5,1.29447892052,1.14037428713,0.584298584299,1.19118383087,2.09875246391,0.826254826255,0.867324767462,1.52814363791,0.710424710425,0.508191163105,0.400065383721,2,1.42857142857,0.646206172659,2,0,0,0,0,0.0739417989418,37,14,14,0.378378378378,0,0.351351351351,0.027027027027,0.216216216216,37,156,0.117117117117,2.6009032184,8.43243243243,4.875,4.33333333333,6.10346231677,0.723808031156,0.381496881497,5.56344784751,1.31953570742,0.610533610534,4.7207293171,1.11966015854,0.50796950797,0.949570885724,0.365092741248,3.22222222222,2.6009032184,0.949570885724,3.22222222222,0.328015021591,0.1567695962,88,0.0113256113256,0.260127184852,37,37,37,1,0,0.135135135135,0.837837837838,0.027027027027,-60,-0.045045045045,1.27657889407,-3.24324324324,-16.725,-1.66666666667,-2.09563673283,0.0215703810738,0.0714368214368,-4.76588878149,-0.449841400323,-0.154731654732,1.63389784639,0.590897360319,0.255216755217,0.36962577079,-0.0728249986007,1.22222222222,1.27657889407,0.36962577079,1.22222222222,0.315844895421,0.150796899954,81,0.0104247104247,-0.361069396345,-0.594594594595,0.594594594595,0,122,34,94,1082,0.564814814815,0.969534050179,0.0304659498208,0.435185185185,0.782051282051,0.564814814815,0.655913978495,0.612516657728,0.534348864994,0.488,135,195,0,0,0,0
293,WLNM_dir_neg,0.696351084813,0.674271220865,00:00:08,10,10,33,1231466257,threshold_sweep,0.5,0.79674796748,0.502564102564,0.616352201258,98,25,97,365,0.502564102564,0.935897435897,0.0641025641026,0.497435897436,0.79674796748,0.502564102564,0.616352201258,0.791452991453,0.596581196581,0.483050847458,0.507233080082,0.438461538462,216,21,195,0,216,0,21,0,195,37,216,0.162162162162,1.32432432432,11.6756756757,21.6,6,8.1990990496,0.702237650082,0.31006006006,10.329336629,1.76937710775,0.765265265265,3.0868314707,0.528762798222,0.252752752753,0.579945114934,0.437917739848,2,1.32432432432,0.579945114934,2,0.0121701261701,0.00597269624573,7,0.000900900900901,0.621196581197,37,37,37,1,0,0.72972972973,0.243243243243,0.027027027027,37,0.0157657657658,1.27027027027,1.13513513514,2.33333333333,1.5,1.29447892052,1.14037428713,0.584298584299,1.19118383087,2.09875246391,0.826254826255,0.867324767462,1.52814363791,0.710424710425,0.508191163105,0.400065383721,2,1.42857142857,0.646206172659,2,0,0,0,0,0.0739417989418,37,14,14,0.378378378378,0,0.351351351351,0.027027027027,0.216216216216,37,144,0.108108108108,1.97836380422,7.78378378378,4.96551724138,4,5.64768947415,0.725571217165,0.387012012012,5.63611264665,1.44816783282,0.661411411411,4.46457528018,1.14714781505,0.498498498498,0.618383796152,0.312573347144,2.39612322662,1.97836380422,0.618383796152,2.39612322662,0.327515720434,0.156453715776,80,0.010296010296,0.310219981012,37,37,37,1,0,0.216216216216,0.756756756757,0.027027027027,-72,-0.0540540540541,0.654039479891,-3.89189189189,-16.6344827586,-2,-2.55140957546,0.0233335670829,0.076951951952,-4.69322398235,-0.321209274925,-0.103853853854,1.37774380948,0.618385016825,0.245745745746,0.0384386812179,-0.125344392704,0.396123226619,0.654039479891,0.0384386812179,0.396123226619,0.315345594264,0.15048101953,73,0.00939510939511,-0.310976600184,-0.513513513514,0.513513513514,0,119,25,97,1091,0.550925925926,0.977598566308,0.0224014336918,0.449074074074,0.826388888889,0.550925925926,0.661111111111,0.627385712361,0.528524492234,0.49377593361,123,195,0,0,0,0
294,WLNM_dir_neg,0.696351084813,0.674271220865,00:00:08,10,10,33,1231466257,threshold_sweep,0.6,0.798319327731,0.487179487179,0.605095541401,95,24,100,366,0.487179487179,0.938461538462,0.0615384615385,0.512820512821,0.798319327731,0.487179487179,0.605095541401,0.788034188034,0.59886039886,0.471590909091,0.498455796993,0.425641025641,216,21,195,0,216,0,21,0,195,37,216,0.162162162162,1.32432432432,11.6756756757,21.6,6,8.1990990496,0.702237650082,0.31006006006,10.329336629,1.76937710775,0.765265265265,3.0868314707,0.528762798222,0.252752752753,0.579945114934,0.437917739848,2,1.32432432432,0.579945114934,2,0.0121701261701,0.00597269624573,7,0.000900900900901,0.621196581197,37,37,37,1,0,0.72972972973,0.243243243243,0.027027027027,37,0.0157657657658,1.27027027027,1.13513513514,2.33333333333,1.5,1.29447892052,1.14037428713,0.584298584299,1.19118383087,2.09875246391,0.826254826255,0.867324767462,1.52814363791,0.710424710425,0.508191163105,0.400065383721,2,1.42857142857,0.646206172659,2,0,0,0,0,0.0739417989418,37,14,14,0.378378378378,0,0.351351351351,0.027027027027,0.216216216216,37,140,0.105105105105,1.97163159826,7.56756756757,4.8275862069,3.88888888889,5.55548047997,0.734117063425,0.38861003861,5.48297939656,1.44907312623,0.660617760618,4.46053768019,1.17885638691,0.502316602317,0.610654411448,0.309720341258,2.37516724761,1.97163159826,0.610654411448,2.37516724761,0.314582688506,0.135616438356,66,0.00849420849421,0.310875098782,37,37,37,1,0,0.216216216216,0.756756756757,0.027027027027,-76,-0.0570570570571,0.647307273933,-4.10810810811,-16.7724137931,-2.11111111111,-2.64361856963,0.0318794133432,0.07854997855,-4.84635723244,-0.320303981513,-0.104647504648,1.37370620949,0.650093588685,0.249563849564,0.0307092965131,-0.12819739859,0.375167247613,0.647307273933,0.0307092965131,0.375167247613,0.302412562335,0.12964374211,59,0.00759330759331,-0.310321482415,-0.513513513514,0.513513513514,0,116,24,100,1092,0.537037037037,0.978494623656,0.0215053763441,0.462962962963,0.828571428571,0.537037037037,0.651685393258,0.619601084715,0.515531660693,0.483333333333,119,195,0,0,0,0
295,WLNM_dir_neg,0.696351084813,0.674271220865,00:00:08,10,10,33,1231466257,threshold_sweep,0.7,0.798319327731,0.487179487179,0.605095541401,95,24,100,366,0.487179487179,0.938461538462,0.0615384615385,0.512820512821,0.798319327731,0.487179487179,0.605095541401,0.788034188034,0.59886039886,0.471590909091,0.498455796993,0.425641025641,216,21,195,0,216,0,21,0,195,37,216,0.162162162162,1.32432432432,11.6756756757,21.6,6,8.1990990496,0.702237650082,0.31006006006,10.329336629,1.76937710775,0.765265265265,3.0868314707,0.528762798222,0.252752752753,0.579945114934,0.437917739848,2,1.32432432432,0.579945114934,2,0.0121701261701,0.00597269624573,7,0.000900900900901,0.621196581197,37,37,37,1,0,0.72972972973,0.243243243243,0.027027027027,37,0.0157657657658,1.27027027027,1.13513513514,2.33333333333,1.5,1.29447892052,1.14037428713,0.584298584299,1.19118383087,2.09875246391,0.826254826255,0.867324767462,1.52814363791,0.710424710425,0.508191163105,0.400065383721,2,1.42857142857,0.646206172659,2,0,0,0,0,0.0739417989418,37,14,14,0.378378378378,0,0.351351351351,0.027027027027,0.216216216216,37,140,0.105105105105,1.97163159826,7.56756756757,4.8275862069,3.88888888889,5.55548047997,0.734117063425,0.38861003861,5.48297939656,1.44907312623,0.660617760618,4.46053768019,1.17885638691,0.502316602317,0.610654411448,0.309720341258,2.37516724761,1.97163159826,0.610654411448,2.37516724761,0.314582688506,0.135616438356,66,0.00849420849421,0.310875098782,37,37,37,1,0,0.216216216216,0.756756756757,0.027027027027,-76,-0.0570570570571,0.647307273933,-4.10810810811,-16.7724137931,-2.11111111111,-2.64361856963,0.0318794133432,0.07854997855,-4.84635723244,-0.320303981513,-0.104647504648,1.37370620949,0.650093588685,0.249563849564,0.0307092965131,-0.12819739859,0.375167247613,0.647307273933,0.0307092965131,0.375167247613,0.302412562335,0.12964374211,59,0.00759330759331,-0.310321482415,-0.513513513514,0.513513513514,0,116,24,100,1092,0.537037037037,0.978494623656,0.0215053763441,0.462962962963,0.828571428571,0.537037037037,0.651685393258,0.619601084715,0.515531660693,0.483333333333,119,195,0,0,0,0
296,WLNM_dir_neg,0.696351084813,0.674271220865,00:00:08,10,10,33,1231466257,threshold_sweep,0.8,0.757575757576,0.384615384615,0.510204081633,75,24,120,366,0.384615384615,0.938461538462,0.0615384615385,0.615384615385,0.757575757576,0.384615384615,0.510204081633,0.753846153846,0.610256410256,0.368421052632,0.40618119723,0.323076923077,216,21,195,0,216,0,21,0,195,37,216,0.162162162162,1.32432432432,11.6756756757,21.6,6,8.1990990496,0.702237650082,0.31006006006,10.329336629,1.76937710775,0.765265265265,3.0868314707,0.528762798222,0.252752752753,0.579945114934,0.437917739848,2,1.32432432432,0.579945114934,2,0.0121701261701,0.00597269624573,7,0.000900900900901,0.621196581197,37,37,37,1,0,0.72972972973,0.243243243243,0.027027027027,37,0.0157657657658,1.27027027027,1.13513513514,2.33333333333,1.5,1.29447892052,1.14037428713,0.584298584299,1.19118383087,2.09875246391,0.826254826255,0.867324767462,1.52814363791,0.710424710425,0.508191163105,0.400065383721,2,1.42857142857,0.646206172659,2,0,0,0,0,0.0739417989418,37,14,14,0.378378378378,0,0.351351351351,0.027027027027,0.216216216216,37,120,0.0900900900901,1.97948778169,6.48648648649,4.13793103448,4.44444444444,5.10784593445,0.787459581561,0.406306306306,4.76331703639,1.46868941955,0.654504504505,4.52404321011,1.39491332312,0.586936936937,0.631789244983,0.319168044797,2.64705882353,2.00669577563,0.618376426982,2.64705882353,0.351099962129,0.166816143498,62,0.00797940797941,0.31090439227,37,36,36,0.972972972973,0,0.189189189189,0.540540540541,0.243243243243,-96,-0.0720720720721,0.655163457369,-5.18918918919,-17.4620689655,-1.55555555556,-3.09125311515,0.0852219314794,0.0962462462462,-5.56601959261,-0.300687688191,-0.110760760761,1.43721173941,0.866150524896,0.334184184184,0.0518441300488,-0.118749695051,0.647058823529,0.682371451305,0.0384313120475,0.647058823529,0.338929835959,0.160843447252,55,0.00707850707851,-0.310292188927,-0.540540540541,0.297297297297,0.216216216216,96,24,120,1092,0.444444444444,0.978494623656,0.0215053763441,0.555555555556,0.8,0.444444444444,0.571428571429,0.544496188437,0.4229390681,0.4,99,195,0,0,0,0
297,WLNM_dir_neg,0.696351084813,0.674271220865,00:00:08,10,10,33,1231466257,threshold_sweep,0.9,0.752577319588,0.374358974359,0.5,73,24,122,366,0.374358974359,0.938461538462,0.0615384615385,0.625641025641,0.752577319588,0.374358974359,0.5,0.750427350427,0.611396011396,0.357771260997,0.396505352858,0.312820512821,216,21,195,0,216,0,21,0,195,37,216,0.162162162162,1.32432432432,11.6756756757,21.6,6,8.1990990496,0.702237650082,0.31006006006,10.329336629,1.76937710775,0.765265265265,3.0868314707,0.528762798222,0.252752752753,0.579945114934,0.437917739848,2,1.32432432432,0.579945114934,2,0.0121701261701,0.00597269624573,7,0.000900900900901,0.621196581197,37,37,37,1,0,0.72972972973,0.243243243243,0.027027027027,37,0.0157657657658,1.27027027027,1.13513513514,2.33333333333,1.5,1.29447892052,1.14037428713,0.584298584299,1.19118383087,2.09875246391,0.826254826255,0.867324767462,1.52814363791,0.710424710425,0.508191163105,0.400065383721,2,1.42857142857,0.646206172659,2,0,0,0,0,0.0739417989418,37,14,14,0.378378378378,0,0.351351351351,0.027027027027,0.216216216216,37,118,0.0885885885886,1.9824961472,6.37837837838,4.06896551724,4.37037037037,4.84969272424,0.760333181342,0.397846999542,4.62383821948,1.44984757729,0.649564819056,4.30011522997,1.34834121618,0.580393953275,0.63594976418,0.320782345569,2.64705882353,2.00978770685,0.622608410771,2.64705882353,0.237197438784,0.134928229665,47,0.00604890604891,0.305289356297,37,36,36,0.972972972973,0,0.189189189189,0.540540540541,0.243243243243,-98,-0.0735735735736,0.658171822878,-5.2972972973,-17.5310344828,-1.62962962963,-3.34940632537,0.0580955312604,0.0877869394819,-5.70549840952,-0.319529530452,-0.115700446209,1.21328375926,0.819578417954,0.327641200523,0.0560046492457,-0.11713539428,0.647058823529,0.685463382522,0.042663295837,0.647058823529,0.225027312614,0.128955533419,40,0.00514800514801,-0.3159072249,-0.540540540541,0.297297297297,0.216216216216,94,24,122,1092,0.435185185185,0.978494623656,0.0215053763441,0.564814814815,0.796610169492,0.435185185185,0.562874251497,0.536627531116,0.413679808841,0.391666666667,97,195,0,0,0,0
298,WLNM_dir_neg,0.736344510191,0.554414145615,00:00:08,10,10,34,1231466258,threshold_sweep,0.1,0.844660194175,0.446153846154,0.58389261745,87,16,108,374,0.446153846154,0.958974358974,0.0410256410256,0.553846153846,0.844660194175,0.446153846154,0.58389261745,0.788034188034,0.607977207977,0.459302325581,0.501418043136,0.405128205128,216,21,195,0,216,0,21,0,195,37,216,0.162162162162,1.32432432432,11.6756756757,21.6,6,8.1990990496,0.702237650082,0.31006006006,10.329336629,1.76937710775,0.765265265265,3.0868314707,0.528762798222,0.252752752753,0.579945114934,0.437917739848,2,1.32432432432,0.579945114934,2,0.0121701261701,0.00597269624573,7,0.000900900900901,0.621196581197,37,37,37,1,0,0.72972972973,0.243243243243,0.027027027027,37,0.0157657657658,1.27027027027,1.13513513514,2.33333333333,1.3125,1.18232732266,1.04157406996,0.539253539254,1.14359424964,2.01490415413,0.815958815959,0.800712895576,1.41077986363,0.653796653797,0.508191163105,0.400065383721,2,1.375,0.517549169507,1,0,0,0,0,0.0444444444444,37,8,8,0.216216216216,0,0.405405405405,0.027027027027,0.216216216216,37,124,0.0930930930931,2.62811415311,6.7027027027,6.88888888889,3.54285714286,5.67580079942,0.846792861204,0.451176983435,5.72138394396,1.70718714457,0.755013077594,3.08415499157,0.920272053936,0.462946817786,1.79874074438,0.684422608603,5,2.62811415311,1.79874074438,5,0.321482059004,0.217837411208,92,0.0118404118404,0.236035476723,37,37,37,1,0,0.513513513514,0.432432432432,0.0540540540541,-92,-0.0690690690691,1.30378982879,-4.97297297297,-14.7111111111,-2.45714285714,-2.52329825018,0.144555211122,0.141116923375,-4.60795268504,-0.0621899631758,-0.0102521876715,-0.00267647913628,0.391509255713,0.210194065033,1.21879562945,0.246504868754,3,1.30378982879,1.21879562945,3,0.309311932834,0.211864714962,85,0.0109395109395,-0.385161104473,-0.216216216216,0.189189189189,0.027027027027,108,16,108,1100,0.5,0.985663082437,0.0143369175627,0.5,0.870967741935,0.5,0.635294117647,0.616097937746,0.485663082437,0.465517241379,103,195,0,0,0,0
299,WLNM_dir_neg,0.736344510191,0.554414145615,00:00:08,10,10,34,1231466258,threshold_sweep,0.2,0.844660194175,0.446153846154,0.58389261745,87,16,108,374,0.446153846154,0.958974358974,0.0410256410256,0.553846153846,0.844660194175,0.446153846154,0.58389261745,0.788034188034,0.607977207977,0.459302325581,0.501418043136,0.405128205128,216,21,195,0,216,0,21,0,195,37,216,0.162162162162,1.32432432432,11.6756756757,21.6,6,8.1990990496,0.702237650082,0.31006006006,10.329336629,1.76937710775,0.765265265265,3.0868314707,0.528762798222,0.252752752753,0.579945114934,0.437917739848,2,1.32432432432,0.579945114934,2,0.0121701261701,0.00597269624573,7,0.000900900900901,0.621196581197,37,37,37,1,0,0.72972972973,0.243243243243,0.027027027027,37,0.0157657657658,1.27027027027,1.13513513514,2.33333333333,1.3125,1.18232732266,1.04157406996,0.539253539254,1.14359424964,2.01490415413,0.815958815959,0.800712895576,1.41077986363,0.653796653797,0.508191163105,0.400065383721,2,1.375,0.517549169507,1,0,0,0,0,0.0444444444444,37,8,8,0.216216216216,0,0.405405405405,0.027027027027,0.216216216216,37,124,0.0930930930931,2.62811415311,6.7027027027,6.88888888889,3.54285714286,5.67580079942,0.846792861204,0.451176983435,5.72138394396,1.70718714457,0.755013077594,3.08415499157,0.920272053936,0.462946817786,1.79874074438,0.684422608603,5,2.62811415311,1.79874074438,5,0.321482059004,0.217837411208,92,0.0118404118404,0.236035476723,37,37,37,1,0,0.513513513514,0.432432432432,0.0540540540541,-92,-0.0690690690691,1.30378982879,-4.97297297297,-14.7111111111,-2.45714285714,-2.52329825018,0.144555211122,0.141116923375,-4.60795268504,-0.0621899631758,-0.0102521876715,-0.00267647913628,0.391509255713,0.210194065033,1.21879562945,0.246504868754,3,1.30378982879,1.21879562945,3,0.309311932834,0.211864714962,85,0.0109395109395,-0.385161104473,-0.216216216216,0.189189189189,0.027027027027,108,16,108,1100,0.5,0.985663082437,0.0143369175627,0.5,0.870967741935,0.5,0.635294117647,0.616097937746,0.485663082437,0.465517241379,103,195,0,0,0,0
300,WLNM_dir_neg,0.736344510191,0.554414145615,00:00:08,10,10,34,1231466258,threshold_sweep,0.3,0.844660194175,0.446153846154,0.58389261745,87,16,108,374,0.446153846154,0.958974358974,0.0410256410256,0.553846153846,0.844660194175,0.446153846154,0.58389261745,0.788034188034,0.607977207977,0.459302325581,0.501418043136,0.405128205128,216,21,195,0,216,0,21,0,195,37,216,0.162162162162,1.32432432432,11.6756756757,21.6,6,8.1990990496,0.702237650082,0.31006006006,10.329336629,1.76937710775,0.765265265265,3.0868314707,0.528762798222,0.252752752753,0.579945114934,0.437917739848,2,1.32432432432,0.579945114934,2,0.0121701261701,0.00597269624573,7,0.000900900900901,0.621196581197,37,37,37,1,0,0.72972972973,0.243243243243,0.027027027027,37,0.0157657657658,1.27027027027,1.13513513514,2.33333333333,1.3125,1.18232732266,1.04157406996,0.539253539254,1.14359424964,2.01490415413,0.815958815959,0.800712895576,1.41077986363,0.653796653797,0.508191163105,0.400065383721,2,1.375,0.517549169507,1,0,0,0,0,0.0444444444444,37,8,8,0.216216216216,0,0.405405405405,0.027027027027,0.216216216216,37,124,0.0930930930931,2.62811415311,6.7027027027,6.88888888889,3.54285714286,5.67580079942,0.846792861204,0.451176983435,5.72138394396,1.70718714457,0.755013077594,3.08415499157,0.920272053936,0.462946817786,1.79874074438,0.684422608603,5,2.62811415311,1.79874074438,5,0.321482059004,0.217837411208,92,0.0118404118404,0.236035476723,37,37,37,1,0,0.513513513514,0.432432432432,0.0540540540541,-92,-0.0690690690691,1.30378982879,-4.97297297297,-14.7111111111,-2.45714285714,-2.52329825018,0.144555211122,0.141116923375,-4.60795268504,-0.0621899631758,-0.0102521876715,-0.00267647913628,0.391509255713,0.210194065033,1.21879562945,0.246504868754,3,1.30378982879,1.21879562945,3,0.309311932834,0.211864714962,85,0.0109395109395,-0.385161104473,-0.216216216216,0.189189189189,0.027027027027,108,16,108,1100,0.5,0.985663082437,0.0143369175627,0.5,0.870967741935,0.5,0.635294117647,0.616097937746,0.485663082437,0.465517241379,103,195,0,0,0,0
301,WLNM_dir_neg,0.736344510191,0.554414145615,00:00:08,10,10,34,1231466258,threshold_sweep,0.4,0.844660194175,0.446153846154,0.58389261745,87,16,108,374,0.446153846154,0.958974358974,0.0410256410256,0.553846153846,0.844660194175,0.446153846154,0.58389261745,0.788034188034,0.607977207977,0.459302325581,0.501418043136,0.405128205128,216,21,195,0,216,0,21,0,195,37,216,0.162162162162,1.32432432432,11.6756756757,21.6,6,8.1990990496,0.702237650082,0.31006006006,10.329336629,1.76937710775,0.765265265265,3.0868314707,0.528762798222,0.252752752753,0.579945114934,0.437917739848,2,1.32432432432,0.579945114934,2,0.0121701261701,0.00597269624573,7,0.000900900900901,0.621196581197,37,37,37,1,0,0.72972972973,0.243243243243,0.027027027027,37,0.0157657657658,1.27027027027,1.13513513514,2.33333333333,1.3125,1.18232732266,1.04157406996,0.539253539254,1.14359424964,2.01490415413,0.815958815959,0.800712895576,1.41077986363,0.653796653797,0.508191163105,0.400065383721,2,1.375,0.517549169507,1,0,0,0,0,0.0444444444444,37,8,8,0.216216216216,0,0.405405405405,0.027027027027,0.216216216216,37,124,0.0930930930931,2.62811415311,6.7027027027,6.88888888889,3.54285714286,5.67580079942,0.846792861204,0.451176983435,5.72138394396,1.70718714457,0.755013077594,3.08415499157,0.920272053936,0.462946817786,1.79874074438,0.684422608603,5,2.62811415311,1.79874074438,5,0.321482059004,0.217837411208,92,0.0118404118404,0.236035476723,37,37,37,1,0,0.513513513514,0.432432432432,0.0540540540541,-92,-0.0690690690691,1.30378982879,-4.97297297297,-14.7111111111,-2.45714285714,-2.52329825018,0.144555211122,0.141116923375,-4.60795268504,-0.0621899631758,-0.0102521876715,-0.00267647913628,0.391509255713,0.210194065033,1.21879562945,0.246504868754,3,1.30378982879,1.21879562945,3,0.309311932834,0.211864714962,85,0.0109395109395,-0.385161104473,-0.216216216216,0.189189189189,0.027027027027,108,16,108,1100,0.5,0.985663082437,0.0143369175627,0.5,0.870967741935,0.5,0.635294117647,0.616097937746,0.485663082437,0.465517241379,103,195,0,0,0,0
302,WLNM_dir_neg,0.736344510191,0.554414145615,00:00:08,10,10,34,1231466258,threshold_sweep,0.5,0.844660194175,0.446153846154,0.58389261745,87,16,108,374,0.446153846154,0.958974358974,0.0410256410256,0.553846153846,0.844660194175,0.446153846154,0.58389261745,0.788034188034,0.607977207977,0.459302325581,0.501418043136,0.405128205128,216,21,195,0,216,0,21,0,195,37,216,0.162162162162,1.32432432432,11.6756756757,21.6,6,8.1990990496,0.702237650082,0.31006006006,10.329336629,1.76937710775,0.765265265265,3.0868314707,0.528762798222,0.252752752753,0.579945114934,0.437917739848,2,1.32432432432,0.579945114934,2,0.0121701261701,0.00597269624573,7,0.000900900900901,0.621196581197,37,37,37,1,0,0.72972972973,0.243243243243,0.027027027027,37,0.0157657657658,1.27027027027,1.13513513514,2.33333333333,1.3125,1.18232732266,1.04157406996,0.539253539254,1.14359424964,2.01490415413,0.815958815959,0.800712895576,1.41077986363,0.653796653797,0.508191163105,0.400065383721,2,1.375,0.517549169507,1,0,0,0,0,0.0444444444444,37,8,8,0.216216216216,0,0.405405405405,0.027027027027,0.216216216216,37,124,0.0930930930931,2.62811415311,6.7027027027,6.88888888889,3.54285714286,5.67580079942,0.846792861204,0.451176983435,5.72138394396,1.70718714457,0.755013077594,3.08415499157,0.920272053936,0.462946817786,1.79874074438,0.684422608603,5,2.62811415311,1.79874074438,5,0.321482059004,0.217837411208,92,0.0118404118404,0.236035476723,37,37,37,1,0,0.513513513514,0.432432432432,0.0540540540541,-92,-0.0690690690691,1.30378982879,-4.97297297297,-14.7111111111,-2.45714285714,-2.52329825018,0.144555211122,0.141116923375,-4.60795268504,-0.0621899631758,-0.0102521876715,-0.00267647913628,0.391509255713,0.210194065033,1.21879562945,0.246504868754,3,1.30378982879,1.21879562945,3,0.309311932834,0.211864714962,85,0.0109395109395,-0.385161104473,-0.216216216216,0.189189189189,0.027027027027,108,16,108,1100,0.5,0.985663082437,0.0143369175627,0.5,0.870967741935,0.5,0.635294117647,0.616097937746,0.485663082437,0.465517241379,103,195,0,0,0,0
303,WLNM_dir_neg,0.736344510191,0.554414145615,00:00:08,10,10,34,1231466258,threshold_sweep,0.6,0.844660194175,0.446153846154,0.58389261745,87,16,108,374,0.446153846154,0.958974358974,0.0410256410256,0.553846153846,0.844660194175,0.446153846154,0.58389261745,0.788034188034,0.607977207977,0.459302325581,0.501418043136,0.405128205128,216,21,195,0,216,0,21,0,195,37,216,0.162162162162,1.32432432432,11.6756756757,21.6,6,8.1990990496,0.702237650082,0.31006006006,10.329336629,1.76937710775,0.765265265265,3.0868314707,0.528762798222,0.252752752753,0.579945114934,0.437917739848,2,1.32432432432,0.579945114934,2,0.0121701261701,0.00597269624573,7,0.000900900900901,0.621196581197,37,37,37,1,0,0.72972972973,0.243243243243,0.027027027027,37,0.0157657657658,1.27027027027,1.13513513514,2.33333333333,1.3125,1.18232732266,1.04157406996,0.539253539254,1.14359424964,2.01490415413,0.815958815959,0.800712895576,1.41077986363,0.653796653797,0.508191163105,0.400065383721,2,1.375,0.517549169507,1,0,0,0,0,0.0444444444444,37,8,8,0.216216216216,0,0.405405405405,0.027027027027,0.216216216216,37,124,0.0930930930931,2.62811415311,6.7027027027,6.88888888889,3.54285714286,5.67580079942,0.846792861204,0.451176983435,5.72138394396,1.70718714457,0.755013077594,3.08415499157,0.920272053936,0.462946817786,1.79874074438,0.684422608603,5,2.62811415311,1.79874074438,5,0.321482059004,0.217837411208,92,0.0118404118404,0.236035476723,37,37,37,1,0,0.513513513514,0.432432432432,0.0540540540541,-92,-0.0690690690691,1.30378982879,-4.97297297297,-14.7111111111,-2.45714285714,-2.52329825018,0.144555211122,0.141116923375,-4.60795268504,-0.0621899631758,-0.0102521876715,-0.00267647913628,0.391509255713,0.210194065033,1.21879562945,0.246504868754,3,1.30378982879,1.21879562945,3,0.309311932834,0.211864714962,85,0.0109395109395,-0.385161104473,-0.216216216216,0.189189189189,0.027027027027,108,16,108,1100,0.5,0.985663082437,0.0143369175627,0.5,0.870967741935,0.5,0.635294117647,0.616097937746,0.485663082437,0.465517241379,103,195,0,0,0,0
304,WLNM_dir_neg,0.736344510191,0.554414145615,00:00:08,10,10,34,1231466258,threshold_sweep,0.7,0.835051546392,0.415384615385,0.554794520548,81,16,114,374,0.415384615385,0.958974358974,0.0410256410256,0.584615384615,0.835051546392,0.415384615385,0.554794520548,0.777777777778,0.611396011396,0.428152492669,0.47450640588,0.374358974359,216,21,195,0,216,0,21,0,195,37,216,0.162162162162,1.32432432432,11.6756756757,21.6,6,8.1990990496,0.702237650082,0.31006006006,10.329336629,1.76937710775,0.765265265265,3.0868314707,0.528762798222,0.252752752753,0.579945114934,0.437917739848,2,1.32432432432,0.579945114934,2,0.0121701261701,0.00597269624573,7,0.000900900900901,0.621196581197,37,37,37,1,0,0.72972972973,0.243243243243,0.027027027027,37,0.0157657657658,1.27027027027,1.13513513514,2.33333333333,1.3125,1.18232732266,1.04157406996,0.539253539254,1.14359424964,2.01490415413,0.815958815959,0.800712895576,1.41077986363,0.653796653797,0.508191163105,0.400065383721,2,1.375,0.517549169507,1,0,0,0,0,0.0444444444444,37,8,8,0.216216216216,0,0.405405405405,0.027027027027,0.216216216216,37,118,0.0885885885886,2.61811722437,6.37837837838,6.55555555556,3.37142857143,5.28809644049,0.829065967366,0.448465414567,5.24318519518,1.6440495951,0.743930371049,2.97057642964,0.931451931327,0.461749885479,1.79621205767,0.686070142677,5,2.61811722437,1.79621205767,5,0.322482798248,0.222719141324,83,0.0106821106821,0.229874512295,37,37,37,1,0,0.513513513514,0.432432432432,0.0540540540541,-98,-0.0735735735736,1.29379290004,-5.2972972973,-15.0444444444,-2.62857142857,-2.91100260911,0.126828317284,0.138405354507,-5.08615143382,-0.125327512645,-0.0213348942163,-0.116255041065,0.402689133105,0.208997132726,1.21626694273,0.248152402829,3,1.29379290004,1.21626694273,3,0.310312672077,0.216746445078,76,0.00978120978121,-0.391322068902,-0.216216216216,0.189189189189,0.027027027027,102,16,114,1100,0.472222222222,0.985663082437,0.0143369175627,0.527777777778,0.864406779661,0.472222222222,0.610778443114,0.593971122888,0.457885304659,0.439655172414,97,195,0,0,0,0
305,WLNM_dir_neg,0.736344510191,0.554414145615,00:00:08,10,10,34,1231466258,threshold_sweep,0.8,0.835051546392,0.415384615385,0.554794520548,81,16,114,374,0.415384615385,0.958974358974,0.0410256410256,0.584615384615,0.835051546392,0.415384615385,0.554794520548,0.777777777778,0.611396011396,0.428152492669,0.47450640588,0.374358974359,216,21,195,0,216,0,21,0,195,37,216,0.162162162162,1.32432432432,11.6756756757,21.6,6,8.1990990496,0.702237650082,0.31006006006,10.329336629,1.76937710775,0.765265265265,3.0868314707,0.528762798222,0.252752752753,0.579945114934,0.437917739848,2,1.32432432432,0.579945114934,2,0.0121701261701,0.00597269624573,7,0.000900900900901,0.621196581197,37,37,37,1,0,0.72972972973,0.243243243243,0.027027027027,37,0.0157657657658,1.27027027027,1.13513513514,2.33333333333,1.3125,1.18232732266,1.04157406996,0.539253539254,1.14359424964,2.01490415413,0.815958815959,0.800712895576,1.41077986363,0.653796653797,0.508191163105,0.400065383721,2,1.375,0.517549169507,1,0,0,0,0,0.0444444444444,37,8,8,0.216216216216,0,0.405405405405,0.027027027027,0.216216216216,37,118,0.0885885885886,2.61811722437,6.37837837838,6.55555555556,3.37142857143,5.28809644049,0.829065967366,0.448465414567,5.24318519518,1.6440495951,0.743930371049,2.97057642964,0.931451931327,0.461749885479,1.79621205767,0.686070142677,5,2.61811722437,1.79621205767,5,0.322482798248,0.222719141324,83,0.0106821106821,0.229874512295,37,37,37,1,0,0.513513513514,0.432432432432,0.0540540540541,-98,-0.0735735735736,1.29379290004,-5.2972972973,-15.0444444444,-2.62857142857,-2.91100260911,0.126828317284,0.138405354507,-5.08615143382,-0.125327512645,-0.0213348942163,-0.116255041065,0.402689133105,0.208997132726,1.21626694273,0.248152402829,3,1.29379290004,1.21626694273,3,0.310312672077,0.216746445078,76,0.00978120978121,-0.391322068902,-0.216216216216,0.189189189189,0.027027027027,102,16,114,1100,0.472222222222,0.985663082437,0.0143369175627,0.527777777778,0.864406779661,0.472222222222,0.610778443114,0.593971122888,0.457885304659,0.439655172414,97,195,0,0,0,0
306,WLNM_dir_neg,0.736344510191,0.554414145615,00:00:08,10,10,34,1231466258,threshold_sweep,0.9,0.835051546392,0.415384615385,0.554794520548,81,16,114,374,0.415384615385,0.958974358974,0.0410256410256,0.584615384615,0.835051546392,0.415384615385,0.554794520548,0.777777777778,0.611396011396,0.428152492669,0.47450640588,0.374358974359,216,21,195,0,216,0,21,0,195,37,216,0.162162162162,1.32432432432,11.6756756757,21.6,6,8.1990990496,0.702237650082,0.31006006006,10.329336629,1.76937710775,0.765265265265,3.0868314707,0.528762798222,0.252752752753,0.579945114934,0.437917739848,2,1.32432432432,0.579945114934,2,0.0121701261701,0.00597269624573,7,0.000900900900901,0.621196581197,37,37,37,1,0,0.72972972973,0.243243243243,0.027027027027,37,0.0157657657658,1.27027027027,1.13513513514,2.33333333333,1.3125,1.18232732266,1.04157406996,0.539253539254,1.14359424964,2.01490415413,0.815958815959,0.800712895576,1.41077986363,0.653796653797,0.508191163105,0.400065383721,2,1.375,0.517549169507,1,0,0,0,0,0.0444444444444,37,8,8,0.216216216216,0,0.405405405405,0.027027027027,0.216216216216,37,118,0.0885885885886,2.61811722437,6.37837837838,6.55555555556,3.37142857143,5.28809644049,0.829065967366,0.448465414567,5.24318519518,1.6440495951,0.743930371049,2.97057642964,0.931451931327,0.461749885479,1.79621205767,0.686070142677,5,2.61811722437,1.79621205767,5,0.322482798248,0.222719141324,83,0.0106821106821,0.229874512295,37,37,37,1,0,0.513513513514,0.432432432432,0.0540540540541,-98,-0.0735735735736,1.29379290004,-5.2972972973,-15.0444444444,-2.62857142857,-2.91100260911,0.126828317284,0.138405354507,-5.08615143382,-0.125327512645,-0.0213348942163,-0.116255041065,0.402689133105,0.208997132726,1.21626694273,0.248152402829,3,1.29379290004,1.21626694273,3,0.310312672077,0.216746445078,76,0.00978120978121,-0.391322068902,-0.216216216216,0.189189189189,0.027027027027,102,16,114,1100,0.472222222222,0.985663082437,0.0143369175627,0.527777777778,0.864406779661,0.472222222222,0.610778443114,0.593971122888,0.457885304659,0.439655172414,97,195,0,0,0,0
307,WLNM_dir_neg,0.94744904668,0.756649459823,00:00:08,10,10,35,1231466259,threshold_sweep,0.1,0.775,0.635897435897,0.698591549296,124,36,71,354,0.635897435897,0.907692307692,0.0923076923077,0.364102564103,0.775,0.635897435897,0.698591549296,0.817094017094,0.575498575499,0.569127516779,0.574865713219,0.54358974359,216,21,195,0,216,0,21,0,195,37,216,0.162162162162,1.32432432432,11.6756756757,21.6,6,8.1990990496,0.702237650082,0.31006006006,10.329336629,1.76937710775,0.765265265265,3.0868314707,0.528762798222,0.252752752753,0.579945114934,0.437917739848,2,1.32432432432,0.579945114934,2,0.0121701261701,0.00597269624573,7,0.000900900900901,0.621196581197,37,37,37,1,0,0.72972972973,0.243243243243,0.027027027027,37,0.0157657657658,1.32432432432,1.13513513514,2.1,1.3125,1.20559257357,1.06206964815,0.537966537967,1.09393633119,1.92741163114,0.797940797941,0.765235640562,1.34827231908,0.648648648649,0.579945114934,0.437917739848,2,1.52631578947,0.696692268479,2,0,0,0,0,0.0283597883598,37,19,19,0.513513513514,0,0.378378378378,0.0540540540541,0.216216216216,37,181,0.135885885886,4.01158633441,9.78378378378,6.24137931034,5.02777777778,7.11857950536,0.727589617951,0.393011796327,7.117208347,1.45489894386,0.669254890249,4.35114150913,0.889459866506,0.438106614902,1.72623460496,0.430312215932,4.94064671575,4.01158633441,1.72623460496,4.94064671575,0.297959051326,0.246192893401,194,0.0249678249678,0.221224917702,37,37,37,1,0,0.216216216216,0.756756756757,0.027027027027,-35,-0.0262762762763,2.68726201009,-1.89189189189,-15.3586206897,-0.972222222222,-1.08051954424,0.0253519678696,0.0829517362667,-3.212128282,-0.314478163883,-0.0960103750159,1.26431003842,0.360697068284,0.185353862149,1.14628949003,-0.00760552391648,2.94064671575,2.68726201009,1.14628949003,2.94064671575,0.285788925156,0.240220197155,187,0.0240669240669,-0.399971663494,-0.513513513514,0.513513513514,0,145,36,71,1080,0.671296296296,0.967741935484,0.0322580645161,0.328703703704,0.801104972376,0.671296296296,0.730478589421,0.68739895112,0.63903823178,0.575396825397,160,195,0,0,0,0
308,WLNM_dir_neg,0.94744904668,0.756649459823,00:00:08,10,10,35,1231466259,threshold_sweep,0.2,0.777070063694,0.625641025641,0.693181818182,122,35,73,355,0.625641025641,0.910256410256,0.0897435897436,0.374358974359,0.777070063694,0.625641025641,0.693181818182,0.815384615385,0.577207977208,0.563342318059,0.570111206089,0.535897435897,216,21,195,0,216,0,21,0,195,37,216,0.162162162162,1.32432432432,11.6756756757,21.6,6,8.1990990496,0.702237650082,0.31006006006,10.329336629,1.76937710775,0.765265265265,3.0868314707,0.528762798222,0.252752752753,0.579945114934,0.437917739848,2,1.32432432432,0.579945114934,2,0.0121701261701,0.00597269624573,7,0.000900900900901,0.621196581197,37,37,37,1,0,0.72972972973,0.243243243243,0.027027027027,37,0.0157657657658,1.32432432432,1.13513513514,2.1,1.3125,1.20559257357,1.06206964815,0.537966537967,1.09393633119,1.92741163114,0.797940797941,0.765235640562,1.34827231908,0.648648648649,0.579945114934,0.437917739848,2,1.52631578947,0.696692268479,2,0,0,0,0,0.0283597883598,37,19,19,0.513513513514,0,0.378378378378,0.0540540540541,0.216216216216,37,178,0.133633633634,4.01390024199,9.62162162162,6.13793103448,4.94444444444,7.01328640412,0.728908980203,0.394169450349,6.97550411495,1.4499643385,0.66778013969,4.33229370758,0.900532961689,0.441846340723,1.72901222133,0.430756151647,4.94830058045,4.01390024199,1.72901222133,4.94830058045,0.299692929588,0.249458640104,192,0.0247104247104,0.22101559073,37,37,37,1,0,0.216216216216,0.756756756757,0.027027027027,-38,-0.0285285285285,2.68957591767,-2.05405405405,-15.4620689655,-1.05555555556,-1.18581264549,0.0266713301214,0.0841093902892,-3.35383251405,-0.319412769245,-0.097485125575,1.24546223688,0.371770163466,0.18909358797,1.1490671064,-0.00716158820196,2.94830058045,2.68957591767,1.1490671064,2.94830058045,0.287522803417,0.243485943858,185,0.0238095238095,-0.400180990466,-0.513513513514,0.513513513514,0,143,35,73,1081,0.662037037037,0.968637992832,0.0313620071685,0.337962962963,0.803370786517,0.662037037037,0.725888324873,0.683206050381,0.630675029869,0.569721115538,157,195,0,0,0,0
309,WLNM_dir_neg,0.94744904668,0.756649459823,00:00:08,10,10,35,1231466259,threshold_sweep,0.3,0.775641025641,0.620512820513,0.689458689459,121,35,74,355,0.620512820513,0.910256410256,0.0897435897436,0.379487179487,0.775641025641,0.620512820513,0.689458689459,0.813675213675,0.577777777778,0.558704453441,0.565801901098,0.530769230769,216,21,195,0,216,0,21,0,195,37,216,0.162162162162,1.32432432432,11.6756756757,21.6,6,8.1990990496,0.702237650082,0.31006006006,10.329336629,1.76937710775,0.765265265265,3.0868314707,0.528762798222,0.252752752753,0.579945114934,0.437917739848,2,1.32432432432,0.579945114934,2,0.0121701261701,0.00597269624573,7,0.000900900900901,0.621196581197,37,37,37,1,0,0.72972972973,0.243243243243,0.027027027027,37,0.0157657657658,1.32432432432,1.13513513514,2.1,1.3125,1.20559257357,1.06206964815,0.537966537967,1.09393633119,1.92741163114,0.797940797941,0.765235640562,1.34827231908,0.648648648649,0.579945114934,0.437917739848,2,1.52631578947,0.696692268479,2,0,0,0,0,0.0283597883598,37,19,19,0.513513513514,0,0.378378378378,0.0540540540541,0.216216216216,37,177,0.132882882883,4.01181848487,9.56756756757,6.10344827586,4.91666666667,6.9862584985,0.730202159447,0.394411360513,6.93275292096,1.44921953715,0.666666666667,4.31492973507,0.901990961569,0.442204916781,1.72772050886,0.430657696845,4.94730073652,4.01181848487,1.72772050886,4.94730073652,0.298748656617,0.246935201401,188,0.0241956241956,0.220372210113,37,37,37,1,0,0.216216216216,0.756756756757,0.027027027027,-39,-0.0292792792793,2.68749416055,-2.10810810811,-15.4965517241,-1.08333333333,-1.21284055111,0.0279645093655,0.084351300453,-3.39658370804,-0.320157570596,-0.0985985985986,1.22809826437,0.373228163347,0.189452164028,1.14777539392,-0.0072600430033,2.94730073652,2.68749416055,1.14777539392,2.94730073652,0.286578530447,0.240962505155,181,0.0232947232947,-0.400824371083,-0.513513513514,0.513513513514,0,142,35,74,1081,0.657407407407,0.968637992832,0.0313620071685,0.342592592593,0.802259887006,0.657407407407,0.722646310433,0.679809417402,0.626045400239,0.565737051793,156,195,0,0,0,0
310,WLNM_dir_neg,0.94744904668,0.756649459823,00:00:08,10,10,35,1231466259,threshold_sweep,0.4,0.775641025641,0.620512820513,0.689458689459,121,35,74,355,0.620512820513,0.910256410256,0.0897435897436,0.379487179487,0.775641025641,0.620512820513,0.689458689459,0.813675213675,0.577777777778,0.558704453441,0.565801901098,0.530769230769,216,21,195,0,216,0,21,0,195,37,216,0.162162162162,1.32432432432,11.6756756757,21.6,6,8.1990990496,0.702237650082,0.31006006006,10.329336629,1.76937710775,0.765265265265,3.0868314707,0.528762798222,0.252752752753,0.579945114934,0.437917739848,2,1.32432432432,0.579945114934,2,0.0121701261701,0.00597269624573,7,0.000900900900901,0.621196581197,37,37,37,1,0,0.72972972973,0.243243243243,0.027027027027,37,0.0157657657658,1.32432432432,1.13513513514,2.1,1.3125,1.20559257357,1.06206964815,0.537966537967,1.09393633119,1.92741163114,0.797940797941,0.765235640562,1.34827231908,0.648648648649,0.579945114934,0.437917739848,2,1.52631578947,0.696692268479,2,0,0,0,0,0.0283597883598,37,19,19,0.513513513514,0,0.378378378378,0.0540540540541,0.216216216216,37,177,0.132882882883,4.01181848487,9.56756756757,6.10344827586,4.91666666667,6.9862584985,0.730202159447,0.394411360513,6.93275292096,1.44921953715,0.666666666667,4.31492973507,0.901990961569,0.442204916781,1.72772050886,0.430657696845,4.94730073652,4.01181848487,1.72772050886,4.94730073652,0.298748656617,0.246935201401,188,0.0241956241956,0.220372210113,37,37,37,1,0,0.216216216216,0.756756756757,0.027027027027,-39,-0.0292792792793,2.68749416055,-2.10810810811,-15.4965517241,-1.08333333333,-1.21284055111,0.0279645093655,0.084351300453,-3.39658370804,-0.320157570596,-0.0985985985986,1.22809826437,0.373228163347,0.189452164028,1.14777539392,-0.0072600430033,2.94730073652,2.68749416055,1.14777539392,2.94730073652,0.286578530447,0.240962505155,181,0.0232947232947,-0.400824371083,-0.513513513514,0.513513513514,0,142,35,74,1081,0.657407407407,0.968637992832,0.0313620071685,0.342592592593,0.802259887006,0.657407407407,0.722646310433,0.679809417402,0.626045400239,0.565737051793,156,195,0,0,0,0
311,WLNM_dir_neg,0.94744904668,0.756649459823,00:00:08,10,10,35,1231466259,threshold_sweep,0.5,0.775641025641,0.620512820513,0.689458689459,121,35,74,355,0.620512820513,0.910256410256,0.0897435897436,0.379487179487,0.775641025641,0.620512820513,0.689458689459,0.813675213675,0.577777777778,0.558704453441,0.565801901098,0.530769230769,216,21,195,0,216,0,21,0,195,37,216,0.162162162162,1.32432432432,11.6756756757,21.6,6,8.1990990496,0.702237650082,0.31006006006,10.329336629,1.76937710775,0.765265265265,3.0868314707,0.528762798222,0.252752752753,0.579945114934,0.437917739848,2,1.32432432432,0.579945114934,2,0.0121701261701,0.00597269624573,7,0.000900900900901,0.621196581197,37,37,37,1,0,0.72972972973,0.243243243243,0.027027027027,37,0.0157657657658,1.32432432432,1.13513513514,2.1,1.3125,1.20559257357,1.06206964815,0.537966537967,1.09393633119,1.92741163114,0.797940797941,0.765235640562,1.34827231908,0.648648648649,0.579945114934,0.437917739848,2,1.52631578947,0.696692268479,2,0,0,0,0,0.0283597883598,37,19,19,0.513513513514,0,0.378378378378,0.0540540540541,0.216216216216,37,177,0.132882882883,4.01181848487,9.56756756757,6.10344827586,4.91666666667,6.9862584985,0.730202159447,0.394411360513,6.93275292096,1.44921953715,0.666666666667,4.31492973507,0.901990961569,0.442204916781,1.72772050886,0.430657696845,4.94730073652,4.01181848487,1.72772050886,4.94730073652,0.298748656617,0.246935201401,188,0.0241956241956,0.220372210113,37,37,37,1,0,0.216216216216,0.756756756757,0.027027027027,-39,-0.0292792792793,2.68749416055,-2.10810810811,-15.4965517241,-1.08333333333,-1.21284055111,0.0279645093655,0.084351300453,-3.39658370804,-0.320157570596,-0.0985985985986,1.22809826437,0.373228163347,0.189452164028,1.14777539392,-0.0072600430033,2.94730073652,2.68749416055,1.14777539392,2.94730073652,0.286578530447,0.240962505155,181,0.0232947232947,-0.400824371083,-0.513513513514,0.513513513514,0,142,35,74,1081,0.657407407407,0.968637992832,0.0313620071685,0.342592592593,0.802259887006,0.657407407407,0.722646310433,0.679809417402,0.626045400239,0.565737051793,156,195,0,0,0,0
312,WLNM_dir_neg,0.94744904668,0.756649459823,00:00:08,10,10,35,1231466259,threshold_sweep,0.6,0.775641025641,0.620512820513,0.689458689459,121,35,74,355,0.620512820513,0.910256410256,0.0897435897436,0.379487179487,0.775641025641,0.620512820513,0.689458689459,0.813675213675,0.577777777778,0.558704453441,0.565801901098,0.530769230769,216,21,195,0,216,0,21,0,195,37,216,0.162162162162,1.32432432432,11.6756756757,21.6,6,8.1990990496,0.702237650082,0.31006006006,10.329336629,1.76937710775,0.765265265265,3.0868314707,0.528762798222,0.252752752753,0.579945114934,0.437917739848,2,1.32432432432,0.579945114934,2,0.0121701261701,0.00597269624573,7,0.000900900900901,0.621196581197,37,37,37,1,0,0.72972972973,0.243243243243,0.027027027027,37,0.0157657657658,1.32432432432,1.13513513514,2.1,1.3125,1.20559257357,1.06206964815,0.537966537967,1.09393633119,1.92741163114,0.797940797941,0.765235640562,1.34827231908,0.648648648649,0.579945114934,0.437917739848,2,1.52631578947,0.696692268479,2,0,0,0,0,0.0283597883598,37,19,19,0.513513513514,0,0.378378378378,0.0540540540541,0.216216216216,37,177,0.132882882883,4.01181848487,9.56756756757,6.10344827586,4.91666666667,6.9862584985,0.730202159447,0.394411360513,6.93275292096,1.44921953715,0.666666666667,4.31492973507,0.901990961569,0.442204916781,1.72772050886,0.430657696845,4.94730073652,4.01181848487,1.72772050886,4.94730073652,0.298748656617,0.246935201401,188,0.0241956241956,0.220372210113,37,37,37,1,0,0.216216216216,0.756756756757,0.027027027027,-39,-0.0292792792793,2.68749416055,-2.10810810811,-15.4965517241,-1.08333333333,-1.21284055111,0.0279645093655,0.084351300453,-3.39658370804,-0.320157570596,-0.0985985985986,1.22809826437,0.373228163347,0.189452164028,1.14777539392,-0.0072600430033,2.94730073652,2.68749416055,1.14777539392,2.94730073652,0.286578530447,0.240962505155,181,0.0232947232947,-0.400824371083,-0.513513513514,0.513513513514,0,142,35,74,1081,0.657407407407,0.968637992832,0.0313620071685,0.342592592593,0.802259887006,0.657407407407,0.722646310433,0.679809417402,0.626045400239,0.565737051793,156,195,0,0,0,0
313,WLNM_dir_neg,0.94744904668,0.756649459823,00:00:08,10,10,35,1231466259,threshold_sweep,0.7,0.775641025641,0.620512820513,0.689458689459,121,35,74,355,0.620512820513,0.910256410256,0.0897435897436,0.379487179487,0.775641025641,0.620512820513,0.689458689459,0.813675213675,0.577777777778,0.558704453441,0.565801901098,0.530769230769,216,21,195,0,216,0,21,0,195,37,216,0.162162162162,1.32432432432,11.6756756757,21.6,6,8.1990990496,0.702237650082,0.31006006006,10.329336629,1.76937710775,0.765265265265,3.0868314707,0.528762798222,0.252752752753,0.579945114934,0.437917739848,2,1.32432432432,0.579945114934,2,0.0121701261701,0.00597269624573,7,0.000900900900901,0.621196581197,37,37,37,1,0,0.72972972973,0.243243243243,0.027027027027,37,0.0157657657658,1.32432432432,1.13513513514,2.1,1.3125,1.20559257357,1.06206964815,0.537966537967,1.09393633119,1.92741163114,0.797940797941,0.765235640562,1.34827231908,0.648648648649,0.579945114934,0.437917739848,2,1.52631578947,0.696692268479,2,0,0,0,0,0.0283597883598,37,19,19,0.513513513514,0,0.378378378378,0.0540540540541,0.216216216216,37,177,0.132882882883,4.01181848487,9.56756756757,6.10344827586,4.91666666667,6.9862584985,0.730202159447,0.394411360513,6.93275292096,1.44921953715,0.666666666667,4.31492973507,0.901990961569,0.442204916781,1.72772050886,0.430657696845,4.94730073652,4.01181848487,1.72772050886,4.94730073652,0.298748656617,0.246935201401,188,0.0241956241956,0.220372210113,37,37,37,1,0,0.216216216216,0.756756756757,0.027027027027,-39,-0.0292792792793,2.68749416055,-2.10810810811,-15.4965517241,-1.08333333333,-1.21284055111,0.0279645093655,0.084351300453,-3.39658370804,-0.320157570596,-0.0985985985986,1.22809826437,0.373228163347,0.189452164028,1.14777539392,-0.0072600430033,2.94730073652,2.68749416055,1.14777539392,2.94730073652,0.286578530447,0.240962505155,181,0.0232947232947,-0.400824371083,-0.513513513514,0.513513513514,0,142,35,74,1081,0.657407407407,0.968637992832,0.0313620071685,0.342592592593,0.802259887006,0.657407407407,0.722646310433,0.679809417402,0.626045400239,0.565737051793,156,195,0,0,0,0
314,WLNM_dir_neg,0.94744904668,0.756649459823,00:00:08,10,10,35,1231466259,threshold_sweep,0.8,0.774193548387,0.615384615385,0.685714285714,120,35,75,355,0.615384615385,0.910256410256,0.0897435897436,0.384615384615,0.774193548387,0.615384615385,0.685714285714,0.811965811966,0.578347578348,0.554054054054,0.561485811556,0.525641025641,216,21,195,0,216,0,21,0,195,37,216,0.162162162162,1.32432432432,11.6756756757,21.6,6,8.1990990496,0.702237650082,0.31006006006,10.329336629,1.76937710775,0.765265265265,3.0868314707,0.528762798222,0.252752752753,0.579945114934,0.437917739848,2,1.32432432432,0.579945114934,2,0.0121701261701,0.00597269624573,7,0.000900900900901,0.621196581197,37,37,37,1,0,0.72972972973,0.243243243243,0.027027027027,37,0.0157657657658,1.32432432432,1.13513513514,2.1,1.3125,1.20559257357,1.06206964815,0.537966537967,1.09393633119,1.92741163114,0.797940797941,0.765235640562,1.34827231908,0.648648648649,0.579945114934,0.437917739848,2,1.52631578947,0.696692268479,2,0,0,0,0,0.0283597883598,37,19,19,0.513513513514,0,0.378378378378,0.0540540540541,0.216216216216,37,176,0.132132132132,4.0089452796,9.51351351351,6.06896551724,4.88888888889,6.9746430479,0.733130093103,0.395730958231,6.90975721315,1.45261941413,0.667076167076,4.3037800272,0.904771937536,0.443181818182,1.72549072527,0.430410146541,4.93607228434,4.0089452796,1.72549072527,4.93607228434,0.300117452748,0.246575342466,186,0.0239382239382,0.220164070779,37,37,37,1,0,0.216216216216,0.756756756757,0.027027027027,-40,-0.03003003003,2.68462095528,-2.16216216216,-15.5310344828,-1.11111111111,-1.2244560017,0.0308924430215,0.0856708981709,-3.41957941584,-0.316757693616,-0.0981890981891,1.2169485565,0.376009139314,0.190429065429,1.14554561034,-0.00750759330707,2.93607228434,2.68462095528,1.14554561034,2.93607228434,0.287947326578,0.24060264622,179,0.0230373230373,-0.401032510417,-0.513513513514,0.513513513514,0,141,35,75,1081,0.652777777778,0.968637992832,0.0313620071685,0.347222222222,0.801136363636,0.652777777778,0.719387755102,0.676403728292,0.621415770609,0.561752988048,155,195,0,0,0,0
315,WLNM_dir_neg,0.94744904668,0.756649459823,00:00:08,10,10,35,1231466259,threshold_sweep,0.9,0.760563380282,0.553846153846,0.640949554896,108,34,87,356,0.553846153846,0.912820512821,0.0871794871795,0.446153846154,0.760563380282,0.553846153846,0.640949554896,0.793162393162,0.585754985755,0.500687757909,0.513109853671,0.466666666667,216,21,195,0,216,0,21,0,195,37,216,0.162162162162,1.32432432432,11.6756756757,21.6,6,8.1990990496,0.702237650082,0.31006006006,10.329336629,1.76937710775,0.765265265265,3.0868314707,0.528762798222,0.252752752753,0.579945114934,0.437917739848,2,1.32432432432,0.579945114934,2,0.0121701261701,0.00597269624573,7,0.000900900900901,0.621196581197,37,37,37,1,0,0.72972972973,0.243243243243,0.027027027027,37,0.0157657657658,1.32432432432,1.13513513514,2.1,1.3125,1.20559257357,1.06206964815,0.537966537967,1.09393633119,1.92741163114,0.797940797941,0.765235640562,1.34827231908,0.648648648649,0.579945114934,0.437917739848,2,1.52631578947,0.696692268479,2,0,0,0,0,0.0283597883598,37,19,19,0.513513513514,0,0.378378378378,0.0540540540541,0.216216216216,37,163,0.122372372372,4.02390860026,8.81081081081,5.62068965517,4.52777777778,6.72407712725,0.763162127939,0.414856574366,6.18447635194,1.40383819032,0.650969988393,4.50591869693,1.02281590053,0.506383684298,1.73374569167,0.430861101456,5.00547786102,4.02390860026,1.73374569167,5.00547786102,0.359038638733,0.253542510121,167,0.0214929214929,0.226705323436,37,37,37,1,0,0.216216216216,0.756756756757,0.027027027027,-53,-0.0397897897898,2.69958427593,-2.86486486486,-15.9793103448,-1.47222222222,-1.47502192235,0.0609244778576,0.104796514306,-4.14486027706,-0.365538917427,-0.114295276872,1.41908722622,0.494053102307,0.253630931545,1.15380057673,-0.00705663839233,3.00547786102,2.69958427593,1.15380057673,3.00547786102,0.346868512562,0.247569813876,160,0.020592020592,-0.39449125776,-0.513513513514,0.513513513514,0,129,34,87,1082,0.597222222222,0.969534050179,0.0304659498208,0.402777777778,0.791411042945,0.597222222222,0.68073878628,0.637461925674,0.566756272401,0.516,142,195,0,0,0,0
316,WLNM_dir_neg,0.822833662064,0.69034974391,00:00:08,10,10,36,1231466260,threshold_sweep,0.1,0.649350649351,0.512820512821,0.573065902579,100,54,95,336,0.512820512821,0.861538461538,0.138461538462,0.487179487179,0.649350649351,0.512820512821,0.573065902579,0.745299145299,0.578917378917,0.395128552097,0.400718010471,0.374358974359,216,21,195,0,216,0,21,0,195,37,216,0.162162162162,1.32432432432,11.6756756757,21.6,6,8.1990990496,0.702237650082,0.31006006006,10.329336629,1.76937710775,0.765265265265,3.0868314707,0.528762798222,0.252752752753,0.579945114934,0.437917739848,2,1.32432432432,0.579945114934,2,0.0121701261701,0.00597269624573,7,0.000900900900901,0.621196581197,37,37,37,1,0,0.72972972973,0.243243243243,0.027027027027,37,0.0157657657658,1.18918918919,1.13513513514,3,1.3125,1.35732912086,1.19574232076,0.577863577864,1.40515994622,2.47575800049,0.870012870013,0.728031613345,1.28272236637,0.638352638353,0.397061276956,0.33389243744,1,1.3,0.470162345982,1,0,0,0,0,0.0458238851096,37,20,20,0.540540540541,0,0.432432432432,0,0.189189189189,37,175,0.131381381381,1,9.45945945946,5.14705882353,5.83333333333,7.21724245045,0.762965630476,0.388725868726,7.37355879948,1.55898100332,0.635366795367,4.93653414547,1.04372436218,0.517683397683,0,0,0,NaN,NaN,NaN,0.49689749692,0.307659574468,241,0.0310167310167,0.195574354921,37,37,0,1,2,0.0810810810811,0.72972972973,0.189189189189,-41,-0.0307807807808,-0.324324324324,-2.21621621622,-16.4529411765,-0.166666666667,-0.981856599154,0.0607279803944,0.0786658086658,-2.95577782952,-0.210396104427,-0.129898469898,1.84970267476,0.514961563962,0.264930644931,-0.579945114934,-0.437917739848,-2,NaN,NaN,NaN,0.48472737075,0.301686878222,234,0.0301158301158,-0.425622226276,-0.648648648649,0.486486486486,0.162162162162,121,54,95,1062,0.560185185185,0.951612903226,0.0483870967742,0.439814814815,0.691428571429,0.560185185185,0.618925831202,0.558434098058,0.511798088411,0.448148148148,154,195,0,0,0,0
317,WLNM_dir_neg,0.822833662064,0.69034974391,00:00:08,10,10,36,1231466260,threshold_sweep,0.2,0.649350649351,0.512820512821,0.573065902579,100,54,95,336,0.512820512821,0.861538461538,0.138461538462,0.487179487179,0.649350649351,0.512820512821,0.573065902579,0.745299145299,0.578917378917,0.395128552097,0.400718010471,0.374358974359,216,21,195,0,216,0,21,0,195,37,216,0.162162162162,1.32432432432,11.6756756757,21.6,6,8.1990990496,0.702237650082,0.31006006006,10.329336629,1.76937710775,0.765265265265,3.0868314707,0.528762798222,0.252752752753,0.579945114934,0.437917739848,2,1.32432432432,0.579945114934,2,0.0121701261701,0.00597269624573,7,0.000900900900901,0.621196581197,37,37,37,1,0,0.72972972973,0.243243243243,0.027027027027,37,0.0157657657658,1.18918918919,1.13513513514,3,1.3125,1.35732912086,1.19574232076,0.577863577864,1.40515994622,2.47575800049,0.870012870013,0.728031613345,1.28272236637,0.638352638353,0.397061276956,0.33389243744,1,1.3,0.470162345982,1,0,0,0,0,0.0458238851096,37,20,20,0.540540540541,0,0.432432432432,0,0.189189189189,37,175,0.131381381381,1,9.45945945946,5.14705882353,5.83333333333,7.21724245045,0.762965630476,0.388725868726,7.37355879948,1.55898100332,0.635366795367,4.93653414547,1.04372436218,0.517683397683,0,0,0,NaN,NaN,NaN,0.49689749692,0.307659574468,241,0.0310167310167,0.195574354921,37,37,0,1,2,0.0810810810811,0.72972972973,0.189189189189,-41,-0.0307807807808,-0.324324324324,-2.21621621622,-16.4529411765,-0.166666666667,-0.981856599154,0.0607279803944,0.0786658086658,-2.95577782952,-0.210396104427,-0.129898469898,1.84970267476,0.514961563962,0.264930644931,-0.579945114934,-0.437917739848,-2,NaN,NaN,NaN,0.48472737075,0.301686878222,234,0.0301158301158,-0.425622226276,-0.648648648649,0.486486486486,0.162162162162,121,54,95,1062,0.560185185185,0.951612903226,0.0483870967742,0.439814814815,0.691428571429,0.560185185185,0.618925831202,0.558434098058,0.511798088411,0.448148148148,154,195,0,0,0,0
318,WLNM_dir_neg,0.822833662064,0.69034974391,00:00:08,10,10,36,1231466260,threshold_sweep,0.3,0.631944444444,0.466666666667,0.536873156342,91,53,104,337,0.466666666667,0.864102564103,0.135897435897,0.533333333333,0.631944444444,0.466666666667,0.536873156342,0.731623931624,0.584615384615,0.353909465021,0.361971328465,0.330769230769,216,21,195,0,216,0,21,0,195,37,216,0.162162162162,1.32432432432,11.6756756757,21.6,6,8.1990990496,0.702237650082,0.31006006006,10.329336629,1.76937710775,0.765265265265,3.0868314707,0.528762798222,0.252752752753,0.579945114934,0.437917739848,2,1.32432432432,0.579945114934,2,0.0121701261701,0.00597269624573,7,0.000900900900901,0.621196581197,37,37,37,1,0,0.72972972973,0.243243243243,0.027027027027,37,0.0157657657658,1.18918918919,1.13513513514,3,1.3125,1.35732912086,1.19574232076,0.577863577864,1.40515994622,2.47575800049,0.870012870013,0.728031613345,1.28272236637,0.638352638353,0.397061276956,0.33389243744,1,1.3,0.470162345982,1,0,0,0,0,0.0458238851096,37,20,20,0.540540540541,0,0.432432432432,0,0.189189189189,37,165,0.123873873874,1,8.91891891892,4.85294117647,5.68965517241,6.86932949331,0.77019754925,0.402129402129,6.72720263224,1.50852422662,0.621785421785,5.06400475357,1.13556470231,0.558558558559,0,0,0,NaN,NaN,NaN,0.497594052646,0.306034482759,213,0.0274131274131,0.198192256904,37,36,0,0.972972972973,2,0.0540540540541,0.72972972973,0.189189189189,-51,-0.0382882882883,-0.324324324324,-2.75675675676,-16.7470588235,-0.310344827586,-1.32976955629,0.0679598991683,0.0920693420693,-3.60213399676,-0.260852881121,-0.14347984348,1.97717328286,0.606801904092,0.305805805806,-0.579945114934,-0.437917739848,-2,NaN,NaN,NaN,0.485423926476,0.300061786513,206,0.0265122265122,-0.423004324292,-0.675675675676,0.486486486486,0.162162162162,112,53,104,1063,0.518518518519,0.952508960573,0.0474910394265,0.481481481481,0.678787878788,0.518518518519,0.587926509186,0.527020873837,0.471027479092,0.416356877323,144,195,0,0,0,0
319,WLNM_dir_neg,0.822833662064,0.69034974391,00:00:08,10,10,36,1231466260,threshold_sweep,0.4,0.8125,0.4,0.536082474227,78,18,117,372,0.4,0.953846153846,0.0461538461538,0.6,0.8125,0.4,0.536082474227,0.769230769231,0.611965811966,0.405286343612,0.450374758743,0.353846153846,216,21,195,0,216,0,21,0,195,37,216,0.162162162162,1.32432432432,11.6756756757,21.6,6,8.1990990496,0.702237650082,0.31006006006,10.329336629,1.76937710775,0.765265265265,3.0868314707,0.528762798222,0.252752752753,0.579945114934,0.437917739848,2,1.32432432432,0.579945114934,2,0.0121701261701,0.00597269624573,7,0.000900900900901,0.621196581197,37,37,37,1,0,0.72972972973,0.243243243243,0.027027027027,37,0.0157657657658,1.18918918919,1.13513513514,3,1.3125,1.35732912086,1.19574232076,0.577863577864,1.40515994622,2.47575800049,0.870012870013,0.728031613345,1.28272236637,0.638352638353,0.397061276956,0.33389243744,1,1.3,0.470162345982,1,0,0,0,0,0.0458238851096,37,20,20,0.540540540541,0,0.432432432432,0,0.189189189189,37,117,0.0878378378378,1.69677337704,6.32432432432,5.57142857143,4.17857142857,6.05095976801,0.956775689814,0.480711480711,6.24728169115,1.97563609036,0.778932778933,3.61719284585,1.14389859228,0.549780549781,0.656358112529,0.386827210641,2,1.75825338089,0.649569150475,2,0.430425245253,0.198907956318,85,0.0109395109395,0.373059473077,37,34,34,0.918918918919,0,0.351351351351,0.405405405405,0.162162162162,-99,-0.0743243243243,0.372449052711,-5.35135135135,-16.0285714286,-1.82142857143,-2.14813928159,0.254538039732,0.170651420651,-4.08205493785,0.206258982617,0.0136675136675,0.530361375148,0.615135794056,0.297027797028,0.0764129975944,-0.0510905292072,0,0.433929056567,0.0696240355406,0,0.418255119083,0.192935260073,78,0.0100386100386,-0.24813710812,-0.378378378378,0.162162162162,0.135135135135,99,18,117,1098,0.458333333333,0.983870967742,0.0161290322581,0.541666666667,0.846153846154,0.458333333333,0.594594594595,0.575838721988,0.442204301075,0.423076923077,96,195,0,0,0,0
320,WLNM_dir_neg,0.822833662064,0.69034974391,00:00:08,10,10,36,1231466260,threshold_sweep,0.5,0.810526315789,0.394871794872,0.531034482759,77,18,118,372,0.394871794872,0.953846153846,0.0461538461538,0.605128205128,0.810526315789,0.394871794872,0.531034482759,0.767521367521,0.612535612536,0.4,0.445721997234,0.348717948718,216,21,195,0,216,0,21,0,195,37,216,0.162162162162,1.32432432432,11.6756756757,21.6,6,8.1990990496,0.702237650082,0.31006006006,10.329336629,1.76937710775,0.765265265265,3.0868314707,0.528762798222,0.252752752753,0.579945114934,0.437917739848,2,1.32432432432,0.579945114934,2,0.0121701261701,0.00597269624573,7,0.000900900900901,0.621196581197,37,37,37,1,0,0.72972972973,0.243243243243,0.027027027027,37,0.0157657657658,1.18918918919,1.13513513514,3,1.3125,1.35732912086,1.19574232076,0.577863577864,1.40515994622,2.47575800049,0.870012870013,0.728031613345,1.28272236637,0.638352638353,0.397061276956,0.33389243744,1,1.3,0.470162345982,1,0,0,0,0,0.0458238851096,37,20,20,0.540540540541,0,0.432432432432,0,0.189189189189,37,116,0.0870870870871,1.69770892797,6.27027027027,5.52380952381,4.14285714286,6.04909841147,0.964726901829,0.48275862069,6.23681793048,1.98932985713,0.780055917987,3.59136435048,1.14552138765,0.54753028891,0.657090504048,0.387045442963,2,1.75927148044,0.650277190929,2,0.432946402257,0.19842519685,84,0.0108108108108,0.373068677613,37,34,34,0.918918918919,0,0.351351351351,0.405405405405,0.162162162162,-100,-0.0750750750751,0.373384603647,-5.40540540541,-16.0761904762,-1.85714285714,-2.15000063814,0.262489251747,0.17269856063,-4.09251869852,0.219952749389,0.0147906527217,0.504532879776,0.616758589431,0.294777536157,0.077145389114,-0.0508722968856,0,0.434947156115,0.0703320759948,0,0.420776276087,0.192452500605,77,0.00990990990991,-0.248127903583,-0.378378378378,0.162162162162,0.135135135135,98,18,118,1098,0.453703703704,0.983870967742,0.0161290322581,0.546296296296,0.844827586207,0.453703703704,0.590361445783,0.572025469405,0.437574671446,0.418803418803,95,195,0,0,0,0
321,WLNM_dir_neg,0.822833662064,0.69034974391,00:00:08,10,10,36,1231466260,threshold_sweep,0.6,0.915662650602,0.389743589744,0.546762589928,76,7,119,383,0.389743589744,0.982051282051,0.0179487179487,0.610256410256,0.915662650602,0.389743589744,0.546762589928,0.784615384615,0.619373219373,0.434131736527,0.502298752601,0.371794871795,216,21,195,0,216,0,21,0,195,37,216,0.162162162162,1.32432432432,11.6756756757,21.6,6,8.1990990496,0.702237650082,0.31006006006,10.329336629,1.76937710775,0.765265265265,3.0868314707,0.528762798222,0.252752752753,0.579945114934,0.437917739848,2,1.32432432432,0.579945114934,2,0.0121701261701,0.00597269624573,7,0.000900900900901,0.621196581197,37,37,37,1,0,0.72972972973,0.243243243243,0.027027027027,37,0.0157657657658,1.18918918919,1.13513513514,3,1.3125,1.35732912086,1.19574232076,0.577863577864,1.40515994622,2.47575800049,0.870012870013,0.728031613345,1.28272236637,0.638352638353,0.397061276956,0.33389243744,1,1.3,0.470162345982,1,0,0,0,0,0.0458238851096,37,20,20,0.540540540541,0,0.432432432432,0,0.189189189189,37,104,0.0780780780781,1.3050439413,5.62162162162,10.4,3.71428571429,5.87060166967,1.04428972009,0.508316008316,6.36325317672,2.26384968787,0.847193347193,2.62295251194,0.933165797516,0.49948024948,0.511560529001,0.391987206569,1.26618303571,1.35270705713,0.535303186319,1.26618303571,0.251017771657,0.155313351499,57,0.00733590733591,0.276737599123,37,32,32,0.864864864865,0,0.594594594595,0.162162162162,0.108108108108,-112,-0.0840840840841,-0.0192803830212,-6.05405405405,-11.2,-2.28571428571,-2.32849737993,0.342052070004,0.198255948256,-3.96608345228,0.494472580125,0.0819280819281,-0.463878958766,0.404402999294,0.246727496727,-0.0683845859337,-0.0459305332798,-0.733816964286,0.0283827328074,-0.0446419286157,-0.733816964286,0.238847645487,0.149340655253,50,0.00643500643501,-0.344458982073,-0.135135135135,-0.0810810810811,0.0810810810811,97,7,119,1109,0.449074074074,0.993727598566,0.00627240143369,0.550925925926,0.932692307692,0.449074074074,0.60625,0.608348403326,0.44280167264,0.434977578475,83,195,0,0,0,0
322,WLNM_dir_neg,0.822833662064,0.69034974391,00:00:08,10,10,36,1231466260,threshold_sweep,0.7,0.915662650602,0.389743589744,0.546762589928,76,7,119,383,0.389743589744,0.982051282051,0.0179487179487,0.610256410256,0.915662650602,0.389743589744,0.546762589928,0.784615384615,0.619373219373,0.434131736527,0.502298752601,0.371794871795,216,21,195,0,216,0,21,0,195,37,216,0.162162162162,1.32432432432,11.6756756757,21.6,6,8.1990990496,0.702237650082,0.31006006006,10.329336629,1.76937710775,0.765265265265,3.0868314707,0.528762798222,0.252752752753,0.579945114934,0.437917739848,2,1.32432432432,0.579945114934,2,0.0121701261701,0.00597269624573,7,0.000900900900901,0.621196581197,37,37,37,1,0,0.72972972973,0.243243243243,0.027027027027,37,0.0157657657658,1.18918918919,1.13513513514,3,1.3125,1.35732912086,1.19574232076,0.577863577864,1.40515994622,2.47575800049,0.870012870013,0.728031613345,1.28272236637,0.638352638353,0.397061276956,0.33389243744,1,1.3,0.470162345982,1,0,0,0,0,0.0458238851096,37,20,20,0.540540540541,0,0.432432432432,0,0.189189189189,37,104,0.0780780780781,1.3050439413,5.62162162162,10.4,3.71428571429,5.87060166967,1.04428972009,0.508316008316,6.36325317672,2.26384968787,0.847193347193,2.62295251194,0.933165797516,0.49948024948,0.511560529001,0.391987206569,1.26618303571,1.35270705713,0.535303186319,1.26618303571,0.251017771657,0.155313351499,57,0.00733590733591,0.276737599123,37,32,32,0.864864864865,0,0.594594594595,0.162162162162,0.108108108108,-112,-0.0840840840841,-0.0192803830212,-6.05405405405,-11.2,-2.28571428571,-2.32849737993,0.342052070004,0.198255948256,-3.96608345228,0.494472580125,0.0819280819281,-0.463878958766,0.404402999294,0.246727496727,-0.0683845859337,-0.0459305332798,-0.733816964286,0.0283827328074,-0.0446419286157,-0.733816964286,0.238847645487,0.149340655253,50,0.00643500643501,-0.344458982073,-0.135135135135,-0.0810810810811,0.0810810810811,97,7,119,1109,0.449074074074,0.993727598566,0.00627240143369,0.550925925926,0.932692307692,0.449074074074,0.60625,0.608348403326,0.44280167264,0.434977578475,83,195,0,0,0,0
323,WLNM_dir_neg,0.822833662064,0.69034974391,00:00:08,10,10,36,1231466260,threshold_sweep,0.8,0.915662650602,0.389743589744,0.546762589928,76,7,119,383,0.389743589744,0.982051282051,0.0179487179487,0.610256410256,0.915662650602,0.389743589744,0.546762589928,0.784615384615,0.619373219373,0.434131736527,0.502298752601,0.371794871795,216,21,195,0,216,0,21,0,195,37,216,0.162162162162,1.32432432432,11.6756756757,21.6,6,8.1990990496,0.702237650082,0.31006006006,10.329336629,1.76937710775,0.765265265265,3.0868314707,0.528762798222,0.252752752753,0.579945114934,0.437917739848,2,1.32432432432,0.579945114934,2,0.0121701261701,0.00597269624573,7,0.000900900900901,0.621196581197,37,37,37,1,0,0.72972972973,0.243243243243,0.027027027027,37,0.0157657657658,1.18918918919,1.13513513514,3,1.3125,1.35732912086,1.19574232076,0.577863577864,1.40515994622,2.47575800049,0.870012870013,0.728031613345,1.28272236637,0.638352638353,0.397061276956,0.33389243744,1,1.3,0.470162345982,1,0,0,0,0,0.0458238851096,37,20,20,0.540540540541,0,0.432432432432,0,0.189189189189,37,104,0.0780780780781,1.3050439413,5.62162162162,10.4,3.71428571429,5.87060166967,1.04428972009,0.508316008316,6.36325317672,2.26384968787,0.847193347193,2.62295251194,0.933165797516,0.49948024948,0.511560529001,0.391987206569,1.26618303571,1.35270705713,0.535303186319,1.26618303571,0.251017771657,0.155313351499,57,0.00733590733591,0.276737599123,37,32,32,0.864864864865,0,0.594594594595,0.162162162162,0.108108108108,-112,-0.0840840840841,-0.0192803830212,-6.05405405405,-11.2,-2.28571428571,-2.32849737993,0.342052070004,0.198255948256,-3.96608345228,0.494472580125,0.0819280819281,-0.463878958766,0.404402999294,0.246727496727,-0.0683845859337,-0.0459305332798,-0.733816964286,0.0283827328074,-0.0446419286157,-0.733816964286,0.238847645487,0.149340655253,50,0.00643500643501,-0.344458982073,-0.135135135135,-0.0810810810811,0.0810810810811,97,7,119,1109,0.449074074074,0.993727598566,0.00627240143369,0.550925925926,0.932692307692,0.449074074074,0.60625,0.608348403326,0.44280167264,0.434977578475,83,195,0,0,0,0
324,WLNM_dir_neg,0.822833662064,0.69034974391,00:00:08,10,10,36,1231466260,threshold_sweep,0.9,0.911392405063,0.369230769231,0.525547445255,72,7,123,383,0.369230769231,0.982051282051,0.0179487179487,0.630769230769,0.911392405063,0.369230769231,0.525547445255,0.777777777778,0.621652421652,0.41265060241,0.484525641544,0.351282051282,216,21,195,0,216,0,21,0,195,37,216,0.162162162162,1.32432432432,11.6756756757,21.6,6,8.1990990496,0.702237650082,0.31006006006,10.329336629,1.76937710775,0.765265265265,3.0868314707,0.528762798222,0.252752752753,0.579945114934,0.437917739848,2,1.32432432432,0.579945114934,2,0.0121701261701,0.00597269624573,7,0.000900900900901,0.621196581197,37,37,37,1,0,0.72972972973,0.243243243243,0.027027027027,37,0.0157657657658,1.18918918919,1.13513513514,3,1.3125,1.35732912086,1.19574232076,0.577863577864,1.40515994622,2.47575800049,0.870012870013,0.728031613345,1.28272236637,0.638352638353,0.397061276956,0.33389243744,1,1.3,0.470162345982,1,0,0,0,0,0.0458238851096,37,20,20,0.540540540541,0,0.432432432432,0,0.189189189189,37,100,0.0750750750751,1.30669657871,5.40540540541,10,3.57142857143,5.8711131798,1.08615593826,0.523243243243,6.3239617719,2.3398658556,0.854054054054,2.52613962033,0.934671659521,0.504324324324,0.514445690826,0.393699424341,1.26640625,1.35461791913,0.538329457956,1.26640625,0.266848536516,0.14985862394,53,0.00682110682111,0.256256859819,37,32,32,0.864864864865,0,0.594594594595,0.162162162162,0.108108108108,-116,-0.0870870870871,-0.0176277456149,-6.27027027027,-11.6,-2.42857142857,-2.32798586981,0.38391828818,0.213183183183,-4.0053748571,0.570488747859,0.0887887887888,-0.560691850378,0.405908861298,0.251571571572,-0.0654994241082,-0.0442183155075,-0.73359375,0.0302935948085,-0.0416156569781,-0.73359375,0.254678410346,0.143885927694,46,0.00592020592021,-0.364939721378,-0.135135135135,-0.0810810810811,0.0810810810811,93,7,123,1109,0.430555555556,0.993727598566,0.00627240143369,0.569444444444,0.93,0.430555555556,0.588607594937,0.593484536493,0.424283154122,0.417040358744,79,195,0,0,0,0
325,WLNM_dir_neg,0.784122287968,0.762246514646,00:00:08,10,10,37,1231466261,threshold_sweep,0.1,0.573705179283,0.738461538462,0.645739910314,144,107,51,283,0.738461538462,0.725641025641,0.274358974359,0.261538461538,0.573705179283,0.738461538462,0.645739910314,0.729914529915,0.523646723647,0.433014354067,0.442031768493,0.464102564103,216,21,195,0,216,0,21,0,195,37,216,0.162162162162,1.32432432432,11.6756756757,21.6,6,8.1990990496,0.702237650082,0.31006006006,10.329336629,1.76937710775,0.765265265265,3.0868314707,0.528762798222,0.252752752753,0.579945114934,0.437917739848,2,1.32432432432,0.579945114934,2,0.0121701261701,0.00597269624573,7,0.000900900900901,0.621196581197,37,37,37,1,0,0.72972972973,0.243243243243,0.027027027027,37,0.0157657657658,1.27027027027,1.13513513514,2.33333333333,1.3125,1.33670744248,1.17757560409,0.581724581725,1.19118383087,2.09875246391,0.826254826255,0.728031613345,1.28272236637,0.638352638353,0.508191163105,0.400065383721,2,1.47058823529,0.624264272847,2,0,0,0,0,0.0303571428571,37,17,17,0.459459459459,0,0.351351351351,0.0810810810811,0.162162162162,37,272,0.204204204204,1,14.7027027027,7.55555555556,7.55555555556,8.15088565353,0.554380090406,0.29103736089,8.13844175713,1.1070674449,0.490063593005,5.45800236257,0.74244885079,0.379769475358,0,0,0,NaN,NaN,NaN,0.480508761474,0.380213160334,547,0.070398970399,0.196563675178,37,37,0,1,3,0.027027027027,0.945945945946,0.027027027027,56,0.042042042042,-0.324324324324,3.02702702703,-14.0444444444,1.55555555556,-0.0482133960735,-0.147857559676,-0.0190226991698,-2.19089487187,-0.662309662841,-0.27520167226,2.37117089186,0.213686052568,0.127016722605,-0.579945114934,-0.437917739848,-2,NaN,NaN,NaN,0.468338635304,0.374240464088,540,0.0694980694981,-0.424632906019,-0.702702702703,0.702702702703,0,165,107,51,1009,0.763888888889,0.904121863799,0.0958781362007,0.236111111111,0.606617647059,0.763888888889,0.676229508197,0.610808456898,0.668010752688,0.510835913313,251,195,0,0,0,0
326,WLNM_dir_neg,0.784122287968,0.762246514646,00:00:08,10,10,37,1231466261,threshold_sweep,0.2,0.679144385027,0.651282051282,0.664921465969,127,60,68,330,0.651282051282,0.846153846154,0.153846153846,0.348717948718,0.679144385027,0.651282051282,0.664921465969,0.781196581197,0.560113960114,0.502590673575,0.502833718888,0.497435897436,216,21,195,0,216,0,21,0,195,37,216,0.162162162162,1.32432432432,11.6756756757,21.6,6,8.1990990496,0.702237650082,0.31006006006,10.329336629,1.76937710775,0.765265265265,3.0868314707,0.528762798222,0.252752752753,0.579945114934,0.437917739848,2,1.32432432432,0.579945114934,2,0.0121701261701,0.00597269624573,7,0.000900900900901,0.621196581197,37,37,37,1,0,0.72972972973,0.243243243243,0.027027027027,37,0.0157657657658,1.27027027027,1.13513513514,2.33333333333,1.3125,1.33670744248,1.17757560409,0.581724581725,1.19118383087,2.09875246391,0.826254826255,0.728031613345,1.28272236637,0.638352638353,0.508191163105,0.400065383721,2,1.47058823529,0.624264272847,2,0,0,0,0,0.0303571428571,37,17,17,0.459459459459,0,0.351351351351,0.0810810810811,0.162162162162,37,208,0.156156156156,3.61885051104,11.2432432432,6.30303030303,5.77777777778,7.22420855106,0.642537779782,0.329911642412,7.83280619273,1.39333571698,0.615904365904,4.73961643638,0.843104846855,0.415020790021,1.14056084867,0.315172136894,4.0134062644,3.61885051104,1.14056084867,4.0134062644,0.422250487172,0.296137339056,299,0.0384813384813,0.224718576646,37,37,37,1,0,0.108108108108,0.864864864865,0.027027027027,-8,-0.00600600600601,2.29452618671,-0.432432432432,-15.296969697,-0.222222222222,-0.974890498546,-0.0596998703002,0.0198515823516,-2.49653043627,-0.37604139077,-0.149360899361,1.65278496567,0.314342048633,0.162268037268,0.560615733731,-0.122745602954,2.0134062644,2.29452618671,0.560615733731,2.0134062644,0.410080361002,0.29016464281,292,0.0375804375804,-0.39647800455,-0.621621621622,0.621621621622,0,148,60,68,1056,0.685185185185,0.94623655914,0.0537634408602,0.314814814815,0.711538461538,0.685185185185,0.698113207547,0.641155959602,0.631421744325,0.536231884058,187,195,0,0,0,0
327,WLNM_dir_neg,0.784122287968,0.762246514646,00:00:08,10,10,37,1231466261,threshold_sweep,0.3,0.660714285714,0.569230769231,0.611570247934,111,57,84,333,0.569230769231,0.853846153846,0.146153846154,0.430769230769,0.660714285714,0.569230769231,0.611570247934,0.758974358974,0.57094017094,0.438247011952,0.440804762501,0.423076923077,216,21,195,0,216,0,21,0,195,37,216,0.162162162162,1.32432432432,11.6756756757,21.6,6,8.1990990496,0.702237650082,0.31006006006,10.329336629,1.76937710775,0.765265265265,3.0868314707,0.528762798222,0.252752752753,0.579945114934,0.437917739848,2,1.32432432432,0.579945114934,2,0.0121701261701,0.00597269624573,7,0.000900900900901,0.621196581197,37,37,37,1,0,0.72972972973,0.243243243243,0.027027027027,37,0.0157657657658,1.27027027027,1.13513513514,2.33333333333,1.3125,1.33670744248,1.17757560409,0.581724581725,1.19118383087,2.09875246391,0.826254826255,0.728031613345,1.28272236637,0.638352638353,0.508191163105,0.400065383721,2,1.47058823529,0.624264272847,2,0,0,0,0,0.0303571428571,37,17,17,0.459459459459,0,0.351351351351,0.0810810810811,0.162162162162,37,189,0.141891891892,4.75043084953,10.2162162162,5.72727272727,5.25,6.59602209726,0.645642374599,0.339196339196,6.78553929644,1.32838599983,0.599742599743,4.81192837173,0.942017723566,0.45188045188,1.6691070511,0.351359088042,5.5,4.75043084953,1.6691070511,5.5,0.427983412766,0.286116700201,237,0.0305019305019,0.222879265147,37,37,37,1,0,0.108108108108,0.864864864865,0.027027027027,-27,-0.0202702702703,3.42610652521,-1.45945945946,-15.8727272727,-0.75,-1.60307695235,-0.0565952754826,0.0291362791363,-3.54379733256,-0.440991107913,-0.165522665523,1.72509690103,0.413254925344,0.199127699128,1.08916193616,-0.0865586518069,3.5,3.42610652521,1.08916193616,3.5,0.415813286596,0.280144003955,230,0.029601029601,-0.39831731605,-0.621621621622,0.621621621622,0,132,57,84,1059,0.611111111111,0.948924731183,0.0510752688172,0.388888888889,0.698412698413,0.611111111111,0.651851851852,0.591589937458,0.560035842294,0.483516483516,168,195,0,0,0,0
328,WLNM_dir_neg,0.784122287968,0.762246514646,00:00:08,10,10,37,1231466261,threshold_sweep,0.4,0.660714285714,0.569230769231,0.611570247934,111,57,84,333,0.569230769231,0.853846153846,0.146153846154,0.430769230769,0.660714285714,0.569230769231,0.611570247934,0.758974358974,0.57094017094,0.438247011952,0.440804762501,0.423076923077,216,21,195,0,216,0,21,0,195,37,216,0.162162162162,1.32432432432,11.6756756757,21.6,6,8.1990990496,0.702237650082,0.31006006006,10.329336629,1.76937710775,0.765265265265,3.0868314707,0.528762798222,0.252752752753,0.579945114934,0.437917739848,2,1.32432432432,0.579945114934,2,0.0121701261701,0.00597269624573,7,0.000900900900901,0.621196581197,37,37,37,1,0,0.72972972973,0.243243243243,0.027027027027,37,0.0157657657658,1.27027027027,1.13513513514,2.33333333333,1.3125,1.33670744248,1.17757560409,0.581724581725,1.19118383087,2.09875246391,0.826254826255,0.728031613345,1.28272236637,0.638352638353,0.508191163105,0.400065383721,2,1.47058823529,0.624264272847,2,0,0,0,0,0.0303571428571,37,17,17,0.459459459459,0,0.351351351351,0.0810810810811,0.162162162162,37,189,0.141891891892,4.75043084953,10.2162162162,5.72727272727,5.25,6.59602209726,0.645642374599,0.339196339196,6.78553929644,1.32838599983,0.599742599743,4.81192837173,0.942017723566,0.45188045188,1.6691070511,0.351359088042,5.5,4.75043084953,1.6691070511,5.5,0.427983412766,0.286116700201,237,0.0305019305019,0.222879265147,37,37,37,1,0,0.108108108108,0.864864864865,0.027027027027,-27,-0.0202702702703,3.42610652521,-1.45945945946,-15.8727272727,-0.75,-1.60307695235,-0.0565952754826,0.0291362791363,-3.54379733256,-0.440991107913,-0.165522665523,1.72509690103,0.413254925344,0.199127699128,1.08916193616,-0.0865586518069,3.5,3.42610652521,1.08916193616,3.5,0.415813286596,0.280144003955,230,0.029601029601,-0.39831731605,-0.621621621622,0.621621621622,0,132,57,84,1059,0.611111111111,0.948924731183,0.0510752688172,0.388888888889,0.698412698413,0.611111111111,0.651851851852,0.591589937458,0.560035842294,0.483516483516,168,195,0,0,0,0
329,WLNM_dir_neg,0.784122287968,0.762246514646,00:00:08,10,10,37,1231466261,threshold_sweep,0.5,0.656626506024,0.558974358974,0.603878116343,109,57,86,333,0.558974358974,0.853846153846,0.146153846154,0.441025641026,0.656626506024,0.558974358974,0.603878116343,0.755555555556,0.57207977208,0.428761651132,0.431667967747,0.412820512821,216,21,195,0,216,0,21,0,195,37,216,0.162162162162,1.32432432432,11.6756756757,21.6,6,8.1990990496,0.702237650082,0.31006006006,10.329336629,1.76937710775,0.765265265265,3.0868314707,0.528762798222,0.252752752753,0.579945114934,0.437917739848,2,1.32432432432,0.579945114934,2,0.0121701261701,0.00597269624573,7,0.000900900900901,0.621196581197,37,37,37,1,0,0.72972972973,0.243243243243,0.027027027027,37,0.0157657657658,1.27027027027,1.13513513514,2.33333333333,1.3125,1.33670744248,1.17757560409,0.581724581725,1.19118383087,2.09875246391,0.826254826255,0.728031613345,1.28272236637,0.638352638353,0.508191163105,0.400065383721,2,1.47058823529,0.624264272847,2,0,0,0,0,0.0303571428571,37,17,17,0.459459459459,0,0.351351351351,0.0810810810811,0.162162162162,37,187,0.14039039039,4.7428463991,10.1081081081,5.66666666667,5.19444444444,6.58611242516,0.651567272008,0.339066339066,6.75337753336,1.33622977933,0.600086717734,4.77810949334,0.945401343602,0.4500650383,1.66610477972,0.351287948106,5.5,4.7428463991,1.66610477972,5.5,0.427844677627,0.283551554828,231,0.0297297297297,0.221536549313,37,37,37,1,0,0.108108108108,0.864864864865,0.027027027027,-29,-0.0217717717718,3.41852207477,-1.56756756757,-15.9333333333,-0.805555555556,-1.61298662444,-0.0506703780738,0.0290062790063,-3.57595909564,-0.433147328417,-0.165178547531,1.69127802263,0.416638545379,0.197312285548,1.08615966479,-0.0866297917421,3.5,3.41852207477,1.08615966479,3.5,0.415674551457,0.277578858582,224,0.0288288288288,-0.399660031884,-0.621621621622,0.621621621622,0,130,57,86,1059,0.601851851852,0.948924731183,0.0510752688172,0.398148148148,0.695187165775,0.601851851852,0.645161290323,0.584400923647,0.550776583035,0.47619047619,166,195,0,0,0,0
330,WLNM_dir_neg,0.784122287968,0.762246514646,00:00:08,10,10,37,1231466261,threshold_sweep,0.6,0.771428571429,0.553846153846,0.644776119403,108,32,87,358,0.553846153846,0.917948717949,0.0820512820513,0.446153846154,0.771428571429,0.553846153846,0.644776119403,0.796581196581,0.586894586895,0.507586206897,0.521265283696,0.471794871795,216,21,195,0,216,0,21,0,195,37,216,0.162162162162,1.32432432432,11.6756756757,21.6,6,8.1990990496,0.702237650082,0.31006006006,10.329336629,1.76937710775,0.765265265265,3.0868314707,0.528762798222,0.252752752753,0.579945114934,0.437917739848,2,1.32432432432,0.579945114934,2,0.0121701261701,0.00597269624573,7,0.000900900900901,0.621196581197,37,37,37,1,0,0.72972972973,0.243243243243,0.027027027027,37,0.0157657657658,1.27027027027,1.13513513514,2.33333333333,1.3125,1.33670744248,1.17757560409,0.581724581725,1.19118383087,2.09875246391,0.826254826255,0.728031613345,1.28272236637,0.638352638353,0.508191163105,0.400065383721,2,1.47058823529,0.624264272847,2,0,0,0,0,0.0303571428571,37,17,17,0.459459459459,0,0.351351351351,0.0810810810811,0.162162162162,37,161,0.120870870871,1.99498191849,8.7027027027,5.75,4.47222222222,6.49728518034,0.746582458611,0.381400033574,6.9730282606,1.6024971779,0.700352526439,3.75067561481,0.861956507753,0.415309719658,0.684648535657,0.343185333817,2.49827251372,1.99498191849,0.684648535657,2.49827251372,0.440821042087,0.24,160,0.020592020592,0.250905299576,37,37,37,1,0,0.243243243243,0.72972972973,0.027027027027,-55,-0.0412912912913,0.67065759417,-2.97297297297,-15.85,-1.52777777778,-1.70181386926,0.0443448085291,0.0713399735139,-3.3563083684,-0.166879929844,-0.0649127388258,0.663844144111,0.33319370953,0.162556966905,0.104703420722,-0.0947324060317,0.498272513722,0.67065759417,0.104703420722,0.498272513722,0.428650915917,0.234027303754,153,0.0196911196911,-0.370291281621,-0.486486486486,0.486486486486,0,129,32,87,1084,0.597222222222,0.971326164875,0.0286738351254,0.402777777778,0.801242236025,0.597222222222,0.684350132626,0.64288755555,0.568548387097,0.520161290323,140,195,0,0,0,0
331,WLNM_dir_neg,0.784122287968,0.762246514646,00:00:08,10,10,37,1231466261,threshold_sweep,0.7,0.771428571429,0.553846153846,0.644776119403,108,32,87,358,0.553846153846,0.917948717949,0.0820512820513,0.446153846154,0.771428571429,0.553846153846,0.644776119403,0.796581196581,0.586894586895,0.507586206897,0.521265283696,0.471794871795,216,21,195,0,216,0,21,0,195,37,216,0.162162162162,1.32432432432,11.6756756757,21.6,6,8.1990990496,0.702237650082,0.31006006006,10.329336629,1.76937710775,0.765265265265,3.0868314707,0.528762798222,0.252752752753,0.579945114934,0.437917739848,2,1.32432432432,0.579945114934,2,0.0121701261701,0.00597269624573,7,0.000900900900901,0.621196581197,37,37,37,1,0,0.72972972973,0.243243243243,0.027027027027,37,0.0157657657658,1.27027027027,1.13513513514,2.33333333333,1.3125,1.33670744248,1.17757560409,0.581724581725,1.19118383087,2.09875246391,0.826254826255,0.728031613345,1.28272236637,0.638352638353,0.508191163105,0.400065383721,2,1.47058823529,0.624264272847,2,0,0,0,0,0.0303571428571,37,17,17,0.459459459459,0,0.351351351351,0.0810810810811,0.162162162162,37,161,0.120870870871,1.99498191849,8.7027027027,5.75,4.47222222222,6.49728518034,0.746582458611,0.381400033574,6.9730282606,1.6024971779,0.700352526439,3.75067561481,0.861956507753,0.415309719658,0.684648535657,0.343185333817,2.49827251372,1.99498191849,0.684648535657,2.49827251372,0.440821042087,0.24,160,0.020592020592,0.250905299576,37,37,37,1,0,0.243243243243,0.72972972973,0.027027027027,-55,-0.0412912912913,0.67065759417,-2.97297297297,-15.85,-1.52777777778,-1.70181386926,0.0443448085291,0.0713399735139,-3.3563083684,-0.166879929844,-0.0649127388258,0.663844144111,0.33319370953,0.162556966905,0.104703420722,-0.0947324060317,0.498272513722,0.67065759417,0.104703420722,0.498272513722,0.428650915917,0.234027303754,153,0.0196911196911,-0.370291281621,-0.486486486486,0.486486486486,0,129,32,87,1084,0.597222222222,0.971326164875,0.0286738351254,0.402777777778,0.801242236025,0.597222222222,0.684350132626,0.64288755555,0.568548387097,0.520161290323,140,195,0,0,0,0
332,WLNM_dir_neg,0.784122287968,0.762246514646,00:00:08,10,10,37,1231466261,threshold_sweep,0.8,0.915254237288,0.553846153846,0.690095846645,108,10,87,380,0.553846153846,0.974358974359,0.025641025641,0.446153846154,0.915254237288,0.553846153846,0.690095846645,0.834188034188,0.59943019943,0.586059743954,0.620515706158,0.528205128205,216,21,195,0,216,0,21,0,195,37,216,0.162162162162,1.32432432432,11.6756756757,21.6,6,8.1990990496,0.702237650082,0.31006006006,10.329336629,1.76937710775,0.765265265265,3.0868314707,0.528762798222,0.252752752753,0.579945114934,0.437917739848,2,1.32432432432,0.579945114934,2,0.0121701261701,0.00597269624573,7,0.000900900900901,0.621196581197,37,37,37,1,0,0.72972972973,0.243243243243,0.027027027027,37,0.0157657657658,1.27027027027,1.13513513514,2.33333333333,1.3125,1.33670744248,1.17757560409,0.581724581725,1.19118383087,2.09875246391,0.826254826255,0.728031613345,1.28272236637,0.638352638353,0.508191163105,0.400065383721,2,1.47058823529,0.624264272847,2,0,0,0,0,0.0303571428571,37,17,17,0.459459459459,0,0.351351351351,0.0810810810811,0.162162162162,37,139,0.104354354354,1.40366533786,7.51351351351,11.5833333333,3.86111111111,6.56007122938,0.873103005349,0.426599261132,7.25107427062,1.93014207204,0.803422127163,2.44273759683,0.650225115703,0.348434765701,0.609876714151,0.434488690218,1.99414704553,1.40366533786,0.609876714151,1.99414704553,0.427013863293,0.178571428571,100,0.01287001287,0.249484460545,37,37,37,1,0,0.675675675676,0.297297297297,0.027027027027,-77,-0.0578078078078,0.0793410135357,-4.16216216216,-10.0166666667,-2.13888888889,-1.63902782022,0.170865355267,0.116539201072,-3.07826235838,0.160764964291,0.0381568618979,-0.644093873874,0.121462317481,0.0956820129482,0.0299315992163,-0.00342904963081,-0.00585295447075,0.0793410135357,0.0299315992163,-0.00585295447075,0.414843737123,0.172598732326,93,0.0119691119691,-0.371712120652,-0.0540540540541,0.0540540540541,0,129,10,87,1106,0.597222222222,0.991039426523,0.0089605734767,0.402777777778,0.928057553957,0.597222222222,0.72676056338,0.709254151815,0.588261648746,0.570796460177,118,195,0,0,0,0
333,WLNM_dir_neg,0.784122287968,0.762246514646,00:00:08,10,10,37,1231466261,threshold_sweep,0.9,0.915254237288,0.553846153846,0.690095846645,108,10,87,380,0.553846153846,0.974358974359,0.025641025641,0.446153846154,0.915254237288,0.553846153846,0.690095846645,0.834188034188,0.59943019943,0.586059743954,0.620515706158,0.528205128205,216,21,195,0,216,0,21,0,195,37,216,0.162162162162,1.32432432432,11.6756756757,21.6,6,8.1990990496,0.702237650082,0.31006006006,10.329336629,1.76937710775,0.765265265265,3.0868314707,0.528762798222,0.252752752753,0.579945114934,0.437917739848,2,1.32432432432,0.579945114934,2,0.0121701261701,0.00597269624573,7,0.000900900900901,0.621196581197,37,37,37,1,0,0.72972972973,0.243243243243,0.027027027027,37,0.0157657657658,1.27027027027,1.13513513514,2.33333333333,1.3125,1.33670744248,1.17757560409,0.581724581725,1.19118383087,2.09875246391,0.826254826255,0.728031613345,1.28272236637,0.638352638353,0.508191163105,0.400065383721,2,1.47058823529,0.624264272847,2,0,0,0,0,0.0303571428571,37,17,17,0.459459459459,0,0.351351351351,0.0810810810811,0.162162162162,37,139,0.104354354354,1.40366533786,7.51351351351,11.5833333333,3.86111111111,6.56007122938,0.873103005349,0.426599261132,7.25107427062,1.93014207204,0.803422127163,2.44273759683,0.650225115703,0.348434765701,0.609876714151,0.434488690218,1.99414704553,1.40366533786,0.609876714151,1.99414704553,0.427013863293,0.178571428571,100,0.01287001287,0.249484460545,37,37,37,1,0,0.675675675676,0.297297297297,0.027027027027,-77,-0.0578078078078,0.0793410135357,-4.16216216216,-10.0166666667,-2.13888888889,-1.63902782022,0.170865355267,0.116539201072,-3.07826235838,0.160764964291,0.0381568618979,-0.644093873874,0.121462317481,0.0956820129482,0.0299315992163,-0.00342904963081,-0.00585295447075,0.0793410135357,0.0299315992163,-0.00585295447075,0.414843737123,0.172598732326,93,0.0119691119691,-0.371712120652,-0.0540540540541,0.0540540540541,0,129,10,87,1106,0.597222222222,0.991039426523,0.0089605734767,0.402777777778,0.928057553957,0.597222222222,0.72676056338,0.709254151815,0.588261648746,0.570796460177,118,195,0,0,0,0
334,WLNM_dir_neg,0.856653517423,0.824182728637,00:00:10,10,10,38,1231466262,threshold_sweep,0.1,0.902777777778,0.666666666667,0.766961651917,130,14,65,376,0.666666666667,0.964102564103,0.0358974358974,0.333333333333,0.902777777778,0.666666666667,0.766961651917,0.864957264957,0.584615384615,0.674897119342,0.690270905444,0.630769230769,216,21,195,0,216,0,21,0,195,37,216,0.162162162162,1.32432432432,11.6756756757,21.6,6,8.1990990496,0.702237650082,0.31006006006,10.329336629,1.76937710775,0.765265265265,3.0868314707,0.528762798222,0.252752752753,0.579945114934,0.437917739848,2,1.32432432432,0.579945114934,2,0.0121701261701,0.00597269624573,7,0.000900900900901,0.621196581197,37,37,37,1,0,0.72972972973,0.243243243243,0.027027027027,37,0.0157657657658,1.27027027027,1.13513513514,2.33333333333,1.23529411765,1.35732912086,1.19574232076,0.535392535393,1.30257310609,2.29500975834,0.844272844273,0.688821075806,1.21363713356,0.607464607465,0.508191163105,0.400065383721,2,1.375,0.619139187367,2,0,0,0,0,0.0181327160494,37,16,16,0.432432432432,0,0.432432432432,0.027027027027,0.216216216216,37,165,0.123873873874,1.51138533951,8.91891891892,12.6923076923,4.85294117647,7.03711738008,0.789010130494,0.394758394758,8.20770164945,1.84051491533,0.789844389844,2.75473929594,0.617729417877,0.34266994267,0.737909110264,0.488233603287,2.19212575619,1.54060735891,0.748516914517,2.19212575619,0.286124475952,0.159690627843,117,0.0150579150579,0.245389483116,37,35,35,0.945945945946,0,0.594594594595,0.324324324324,0.027027027027,-51,-0.0382882882883,0.187061015186,-2.75675675676,-8.90769230769,-1.14705882353,-1.16198166952,0.0867724804119,0.0846983346983,-2.12163497955,0.0711378075856,0.0245791245791,-0.332092174765,0.0889666196547,0.0899171899172,0.15796399533,0.0503158634384,0.192125756188,0.216283034587,0.168571799583,0.192125756188,0.273954349782,0.153717931598,110,0.014157014157,-0.375807098081,-0.135135135135,0.0810810810811,0,151,14,65,1102,0.699074074074,0.987455197133,0.0125448028674,0.300925925926,0.915151515152,0.699074074074,0.792650918635,0.768140442938,0.686529271207,0.65652173913,144,195,0,0,0,0
335,WLNM_dir_neg,0.856653517423,0.824182728637,00:00:10,10,10,38,1231466262,threshold_sweep,0.2,0.893939393939,0.605128205128,0.721712538226,118,14,77,376,0.605128205128,0.964102564103,0.0358974358974,0.394871794872,0.893939393939,0.605128205128,0.721712538226,0.844444444444,0.591452991453,0.619246861925,0.641951044776,0.569230769231,216,21,195,0,216,0,21,0,195,37,216,0.162162162162,1.32432432432,11.6756756757,21.6,6,8.1990990496,0.702237650082,0.31006006006,10.329336629,1.76937710775,0.765265265265,3.0868314707,0.528762798222,0.252752752753,0.579945114934,0.437917739848,2,1.32432432432,0.579945114934,2,0.0121701261701,0.00597269624573,7,0.000900900900901,0.621196581197,37,37,37,1,0,0.72972972973,0.243243243243,0.027027027027,37,0.0157657657658,1.27027027027,1.13513513514,2.33333333333,1.23529411765,1.35732912086,1.19574232076,0.535392535393,1.30257310609,2.29500975834,0.844272844273,0.688821075806,1.21363713356,0.607464607465,0.508191163105,0.400065383721,2,1.375,0.619139187367,2,0,0,0,0,0.0181327160494,37,16,16,0.432432432432,0,0.432432432432,0.027027027027,0.216216216216,37,153,0.114864864865,1.51625053398,8.27027027027,11.7692307692,4.5,6.46206300327,0.781360559219,0.390037095919,7.52832489175,1.82057530062,0.783960431019,2.47388765309,0.598260412839,0.32644409115,0.743640960999,0.490447287128,2.21012697574,1.5457505645,0.75429319465,2.21012697574,0.278140968488,0.162553648069,101,0.0129987129987,0.216187410991,37,35,35,0.945945945946,0,0.594594594595,0.324324324324,0.027027027027,-63,-0.0472972972973,0.19192620966,-3.40540540541,-9.83076923077,-1.5,-1.73703604633,0.0791229091373,0.0799770358594,-2.80101173725,0.0511981928729,0.018695165754,-0.612943817612,0.0694976146168,0.0736913383972,0.163695846065,0.05252954728,0.21012697574,0.221426240173,0.174348079716,0.21012697574,0.265970842318,0.156580951823,94,0.0120978120978,-0.405009170205,-0.135135135135,0.0810810810811,0,139,14,77,1102,0.643518518519,0.987455197133,0.0125448028674,0.356481481481,0.908496732026,0.643518518519,0.753387533875,0.729403131013,0.630973715651,0.604347826087,132,195,0,0,0,0
336,WLNM_dir_neg,0.856653517423,0.824182728637,00:00:10,10,10,38,1231466262,threshold_sweep,0.3,0.893939393939,0.605128205128,0.721712538226,118,14,77,376,0.605128205128,0.964102564103,0.0358974358974,0.394871794872,0.893939393939,0.605128205128,0.721712538226,0.844444444444,0.591452991453,0.619246861925,0.641951044776,0.569230769231,216,21,195,0,216,0,21,0,195,37,216,0.162162162162,1.32432432432,11.6756756757,21.6,6,8.1990990496,0.702237650082,0.31006006006,10.329336629,1.76937710775,0.765265265265,3.0868314707,0.528762798222,0.252752752753,0.579945114934,0.437917739848,2,1.32432432432,0.579945114934,2,0.0121701261701,0.00597269624573,7,0.000900900900901,0.621196581197,37,37,37,1,0,0.72972972973,0.243243243243,0.027027027027,37,0.0157657657658,1.27027027027,1.13513513514,2.33333333333,1.23529411765,1.35732912086,1.19574232076,0.535392535393,1.30257310609,2.29500975834,0.844272844273,0.688821075806,1.21363713356,0.607464607465,0.508191163105,0.400065383721,2,1.375,0.619139187367,2,0,0,0,0,0.0181327160494,37,16,16,0.432432432432,0,0.432432432432,0.027027027027,0.216216216216,37,153,0.114864864865,1.51625053398,8.27027027027,11.7692307692,4.5,6.46206300327,0.781360559219,0.390037095919,7.52832489175,1.82057530062,0.783960431019,2.47388765309,0.598260412839,0.32644409115,0.743640960999,0.490447287128,2.21012697574,1.5457505645,0.75429319465,2.21012697574,0.278140968488,0.162553648069,101,0.0129987129987,0.216187410991,37,35,35,0.945945945946,0,0.594594594595,0.324324324324,0.027027027027,-63,-0.0472972972973,0.19192620966,-3.40540540541,-9.83076923077,-1.5,-1.73703604633,0.0791229091373,0.0799770358594,-2.80101173725,0.0511981928729,0.018695165754,-0.612943817612,0.0694976146168,0.0736913383972,0.163695846065,0.05252954728,0.21012697574,0.221426240173,0.174348079716,0.21012697574,0.265970842318,0.156580951823,94,0.0120978120978,-0.405009170205,-0.135135135135,0.0810810810811,0,139,14,77,1102,0.643518518519,0.987455197133,0.0125448028674,0.356481481481,0.908496732026,0.643518518519,0.753387533875,0.729403131013,0.630973715651,0.604347826087,132,195,0,0,0,0
337,WLNM_dir_neg,0.856653517423,0.824182728637,00:00:10,10,10,38,1231466262,threshold_sweep,0.4,0.893939393939,0.605128205128,0.721712538226,118,14,77,376,0.605128205128,0.964102564103,0.0358974358974,0.394871794872,0.893939393939,0.605128205128,0.721712538226,0.844444444444,0.591452991453,0.619246861925,0.641951044776,0.569230769231,216,21,195,0,216,0,21,0,195,37,216,0.162162162162,1.32432432432,11.6756756757,21.6,6,8.1990990496,0.702237650082,0.31006006006,10.329336629,1.76937710775,0.765265265265,3.0868314707,0.528762798222,0.252752752753,0.579945114934,0.437917739848,2,1.32432432432,0.579945114934,2,0.0121701261701,0.00597269624573,7,0.000900900900901,0.621196581197,37,37,37,1,0,0.72972972973,0.243243243243,0.027027027027,37,0.0157657657658,1.27027027027,1.13513513514,2.33333333333,1.23529411765,1.35732912086,1.19574232076,0.535392535393,1.30257310609,2.29500975834,0.844272844273,0.688821075806,1.21363713356,0.607464607465,0.508191163105,0.400065383721,2,1.375,0.619139187367,2,0,0,0,0,0.0181327160494,37,16,16,0.432432432432,0,0.432432432432,0.027027027027,0.216216216216,37,153,0.114864864865,1.51625053398,8.27027027027,11.7692307692,4.5,6.46206300327,0.781360559219,0.390037095919,7.52832489175,1.82057530062,0.783960431019,2.47388765309,0.598260412839,0.32644409115,0.743640960999,0.490447287128,2.21012697574,1.5457505645,0.75429319465,2.21012697574,0.278140968488,0.162553648069,101,0.0129987129987,0.216187410991,37,35,35,0.945945945946,0,0.594594594595,0.324324324324,0.027027027027,-63,-0.0472972972973,0.19192620966,-3.40540540541,-9.83076923077,-1.5,-1.73703604633,0.0791229091373,0.0799770358594,-2.80101173725,0.0511981928729,0.018695165754,-0.612943817612,0.0694976146168,0.0736913383972,0.163695846065,0.05252954728,0.21012697574,0.221426240173,0.174348079716,0.21012697574,0.265970842318,0.156580951823,94,0.0120978120978,-0.405009170205,-0.135135135135,0.0810810810811,0,139,14,77,1102,0.643518518519,0.987455197133,0.0125448028674,0.356481481481,0.908496732026,0.643518518519,0.753387533875,0.729403131013,0.630973715651,0.604347826087,132,195,0,0,0,0
338,WLNM_dir_neg,0.856653517423,0.824182728637,00:00:10,10,10,38,1231466262,threshold_sweep,0.5,0.885245901639,0.553846153846,0.681388012618,108,14,87,376,0.553846153846,0.964102564103,0.0358974358974,0.446153846154,0.885245901639,0.553846153846,0.681388012618,0.82735042735,0.597150997151,0.571428571429,0.600988221813,0.517948717949,216,21,195,0,216,0,21,0,195,37,216,0.162162162162,1.32432432432,11.6756756757,21.6,6,8.1990990496,0.702237650082,0.31006006006,10.329336629,1.76937710775,0.765265265265,3.0868314707,0.528762798222,0.252752752753,0.579945114934,0.437917739848,2,1.32432432432,0.579945114934,2,0.0121701261701,0.00597269624573,7,0.000900900900901,0.621196581197,37,37,37,1,0,0.72972972973,0.243243243243,0.027027027027,37,0.0157657657658,1.27027027027,1.13513513514,2.33333333333,1.23529411765,1.35732912086,1.19574232076,0.535392535393,1.30257310609,2.29500975834,0.844272844273,0.688821075806,1.21363713356,0.607464607465,0.508191163105,0.400065383721,2,1.375,0.619139187367,2,0,0,0,0,0.0181327160494,37,16,16,0.432432432432,0,0.432432432432,0.027027027027,0.216216216216,37,143,0.107357357357,1.50334631119,7.72972972973,11,4.20588235294,5.96121095383,0.771205612908,0.377244377244,6.99667445673,1.81032835594,0.777924777925,2.14944646831,0.556150484807,0.305424305424,0.728098760682,0.484318719687,2.1623813514,1.53210895754,0.738618161903,2.1623813514,0.282765140244,0.153558052434,82,0.0105534105534,0.188583701472,37,35,35,0.945945945946,0,0.594594594595,0.324324324324,0.027027027027,-73,-0.0548048048048,0.179021986865,-3.94594594595,-10.6,-1.79411764706,-2.23788809578,0.0689679628259,0.0671843171843,-3.33266217227,0.0409512481917,0.0126595126595,-0.937385002396,0.0273876865844,0.0526715526716,0.148153645747,0.0464009798386,0.162381351401,0.207784633219,0.158673046968,0.162381351401,0.270595014074,0.147585356189,75,0.00965250965251,-0.432612879725,-0.135135135135,0.0810810810811,0,129,14,87,1102,0.597222222222,0.987455197133,0.0125448028674,0.402777777778,0.902097902098,0.597222222222,0.718662952646,0.69617167338,0.584677419355,0.560869565217,122,195,0,0,0,0
339,WLNM_dir_neg,0.856653517423,0.824182728637,00:00:10,10,10,38,1231466262,threshold_sweep,0.6,0.885245901639,0.553846153846,0.681388012618,108,14,87,376,0.553846153846,0.964102564103,0.0358974358974,0.446153846154,0.885245901639,0.553846153846,0.681388012618,0.82735042735,0.597150997151,0.571428571429,0.600988221813,0.517948717949,216,21,195,0,216,0,21,0,195,37,216,0.162162162162,1.32432432432,11.6756756757,21.6,6,8.1990990496,0.702237650082,0.31006006006,10.329336629,1.76937710775,0.765265265265,3.0868314707,0.528762798222,0.252752752753,0.579945114934,0.437917739848,2,1.32432432432,0.579945114934,2,0.0121701261701,0.00597269624573,7,0.000900900900901,0.621196581197,37,37,37,1,0,0.72972972973,0.243243243243,0.027027027027,37,0.0157657657658,1.27027027027,1.13513513514,2.33333333333,1.23529411765,1.35732912086,1.19574232076,0.535392535393,1.30257310609,2.29500975834,0.844272844273,0.688821075806,1.21363713356,0.607464607465,0.508191163105,0.400065383721,2,1.375,0.619139187367,2,0,0,0,0,0.0181327160494,37,16,16,0.432432432432,0,0.432432432432,0.027027027027,0.216216216216,37,143,0.107357357357,1.50334631119,7.72972972973,11,4.20588235294,5.96121095383,0.771205612908,0.377244377244,6.99667445673,1.81032835594,0.777924777925,2.14944646831,0.556150484807,0.305424305424,0.728098760682,0.484318719687,2.1623813514,1.53210895754,0.738618161903,2.1623813514,0.282765140244,0.153558052434,82,0.0105534105534,0.188583701472,37,35,35,0.945945945946,0,0.594594594595,0.324324324324,0.027027027027,-73,-0.0548048048048,0.179021986865,-3.94594594595,-10.6,-1.79411764706,-2.23788809578,0.0689679628259,0.0671843171843,-3.33266217227,0.0409512481917,0.0126595126595,-0.937385002396,0.0273876865844,0.0526715526716,0.148153645747,0.0464009798386,0.162381351401,0.207784633219,0.158673046968,0.162381351401,0.270595014074,0.147585356189,75,0.00965250965251,-0.432612879725,-0.135135135135,0.0810810810811,0,129,14,87,1102,0.597222222222,0.987455197133,0.0125448028674,0.402777777778,0.902097902098,0.597222222222,0.718662952646,0.69617167338,0.584677419355,0.560869565217,122,195,0,0,0,0
340,WLNM_dir_neg,0.856653517423,0.824182728637,00:00:10,10,10,38,1231466262,threshold_sweep,0.7,0.882352941176,0.538461538462,0.668789808917,105,14,90,376,0.538461538462,0.964102564103,0.0358974358974,0.461538461538,0.882352941176,0.538461538462,0.668789808917,0.822222222222,0.59886039886,0.556818181818,0.588538169943,0.502564102564,216,21,195,0,216,0,21,0,195,37,216,0.162162162162,1.32432432432,11.6756756757,21.6,6,8.1990990496,0.702237650082,0.31006006006,10.329336629,1.76937710775,0.765265265265,3.0868314707,0.528762798222,0.252752752753,0.579945114934,0.437917739848,2,1.32432432432,0.579945114934,2,0.0121701261701,0.00597269624573,7,0.000900900900901,0.621196581197,37,37,37,1,0,0.72972972973,0.243243243243,0.027027027027,37,0.0157657657658,1.27027027027,1.13513513514,2.33333333333,1.23529411765,1.35732912086,1.19574232076,0.535392535393,1.30257310609,2.29500975834,0.844272844273,0.688821075806,1.21363713356,0.607464607465,0.508191163105,0.400065383721,2,1.375,0.619139187367,2,0,0,0,0,0.0181327160494,37,16,16,0.432432432432,0,0.432432432432,0.027027027027,0.216216216216,37,140,0.105105105105,1.5068563147,7.56756756757,10.7692307692,4.11764705882,5.92330866878,0.782722931231,0.380501930502,6.89256900637,1.82160752311,0.781467181467,2.12308914262,0.561102130549,0.305019305019,0.733283211966,0.486631143801,2.17536836439,1.53581953268,0.74388065644,2.17536836439,0.292932116125,0.158607350097,82,0.0105534105534,0.184316674298,37,35,35,0.945945945946,0,0.594594594595,0.324324324324,0.027027027027,-76,-0.0570570570571,0.182531990375,-4.10810810811,-10.8307692308,-1.88235294118,-2.27579038083,0.0804852811491,0.0704418704419,-3.43676762263,0.0522304153655,0.0162019162019,-0.963742328085,0.0323393323269,0.0522665522666,0.153338097031,0.0487134039524,0.175368364388,0.211495208358,0.163935541506,0.175368364388,0.280761989955,0.152634653851,75,0.00965250965251,-0.436879906899,-0.135135135135,0.0810810810811,0,126,14,90,1102,0.583333333333,0.987455197133,0.0125448028674,0.416666666667,0.9,0.583333333333,0.707865168539,0.686012556716,0.570788530466,0.547826086957,119,195,0,0,0,0
341,WLNM_dir_neg,0.856653517423,0.824182728637,00:00:10,10,10,38,1231466262,threshold_sweep,0.8,0.882352941176,0.538461538462,0.668789808917,105,14,90,376,0.538461538462,0.964102564103,0.0358974358974,0.461538461538,0.882352941176,0.538461538462,0.668789808917,0.822222222222,0.59886039886,0.556818181818,0.588538169943,0.502564102564,216,21,195,0,216,0,21,0,195,37,216,0.162162162162,1.32432432432,11.6756756757,21.6,6,8.1990990496,0.702237650082,0.31006006006,10.329336629,1.76937710775,0.765265265265,3.0868314707,0.528762798222,0.252752752753,0.579945114934,0.437917739848,2,1.32432432432,0.579945114934,2,0.0121701261701,0.00597269624573,7,0.000900900900901,0.621196581197,37,37,37,1,0,0.72972972973,0.243243243243,0.027027027027,37,0.0157657657658,1.27027027027,1.13513513514,2.33333333333,1.23529411765,1.35732912086,1.19574232076,0.535392535393,1.30257310609,2.29500975834,0.844272844273,0.688821075806,1.21363713356,0.607464607465,0.508191163105,0.400065383721,2,1.375,0.619139187367,2,0,0,0,0,0.0181327160494,37,16,16,0.432432432432,0,0.432432432432,0.027027027027,0.216216216216,37,140,0.105105105105,1.5068563147,7.56756756757,10.7692307692,4.11764705882,5.92330866878,0.782722931231,0.380501930502,6.89256900637,1.82160752311,0.781467181467,2.12308914262,0.561102130549,0.305019305019,0.733283211966,0.486631143801,2.17536836439,1.53581953268,0.74388065644,2.17536836439,0.292932116125,0.158607350097,82,0.0105534105534,0.184316674298,37,35,35,0.945945945946,0,0.594594594595,0.324324324324,0.027027027027,-76,-0.0570570570571,0.182531990375,-4.10810810811,-10.8307692308,-1.88235294118,-2.27579038083,0.0804852811491,0.0704418704419,-3.43676762263,0.0522304153655,0.0162019162019,-0.963742328085,0.0323393323269,0.0522665522666,0.153338097031,0.0487134039524,0.175368364388,0.211495208358,0.163935541506,0.175368364388,0.280761989955,0.152634653851,75,0.00965250965251,-0.436879906899,-0.135135135135,0.0810810810811,0,126,14,90,1102,0.583333333333,0.987455197133,0.0125448028674,0.416666666667,0.9,0.583333333333,0.707865168539,0.686012556716,0.570788530466,0.547826086957,119,195,0,0,0,0
342,WLNM_dir_neg,0.856653517423,0.824182728637,00:00:10,10,10,38,1231466262,threshold_sweep,0.9,0.882352941176,0.538461538462,0.668789808917,105,14,90,376,0.538461538462,0.964102564103,0.0358974358974,0.461538461538,0.882352941176,0.538461538462,0.668789808917,0.822222222222,0.59886039886,0.556818181818,0.588538169943,0.502564102564,216,21,195,0,216,0,21,0,195,37,216,0.162162162162,1.32432432432,11.6756756757,21.6,6,8.1990990496,0.702237650082,0.31006006006,10.329336629,1.76937710775,0.765265265265,3.0868314707,0.528762798222,0.252752752753,0.579945114934,0.437917739848,2,1.32432432432,0.579945114934,2,0.0121701261701,0.00597269624573,7,0.000900900900901,0.621196581197,37,37,37,1,0,0.72972972973,0.243243243243,0.027027027027,37,0.0157657657658,1.27027027027,1.13513513514,2.33333333333,1.23529411765,1.35732912086,1.19574232076,0.535392535393,1.30257310609,2.29500975834,0.844272844273,0.688821075806,1.21363713356,0.607464607465,0.508191163105,0.400065383721,2,1.375,0.619139187367,2,0,0,0,0,0.0181327160494,37,16,16,0.432432432432,0,0.432432432432,0.027027027027,0.216216216216,37,140,0.105105105105,1.5068563147,7.56756756757,10.7692307692,4.11764705882,5.92330866878,0.782722931231,0.380501930502,6.89256900637,1.82160752311,0.781467181467,2.12308914262,0.561102130549,0.305019305019,0.733283211966,0.486631143801,2.17536836439,1.53581953268,0.74388065644,2.17536836439,0.292932116125,0.158607350097,82,0.0105534105534,0.184316674298,37,35,35,0.945945945946,0,0.594594594595,0.324324324324,0.027027027027,-76,-0.0570570570571,0.182531990375,-4.10810810811,-10.8307692308,-1.88235294118,-2.27579038083,0.0804852811491,0.0704418704419,-3.43676762263,0.0522304153655,0.0162019162019,-0.963742328085,0.0323393323269,0.0522665522666,0.153338097031,0.0487134039524,0.175368364388,0.211495208358,0.163935541506,0.175368364388,0.280761989955,0.152634653851,75,0.00965250965251,-0.436879906899,-0.135135135135,0.0810810810811,0,126,14,90,1102,0.583333333333,0.987455197133,0.0125448028674,0.416666666667,0.9,0.583333333333,0.707865168539,0.686012556716,0.570788530466,0.547826086957,119,195,0,0,0,0
343,WLNM_dir_neg,0.865982905983,0.811083539977,00:00:08,10,10,39,1231466263,threshold_sweep,0.1,0.779761904762,0.671794871795,0.721763085399,131,37,64,353,0.671794871795,0.905128205128,0.0948717948718,0.328205128205,0.779761904762,0.671794871795,0.721763085399,0.82735042735,0.57094017094,0.597609561753,0.60109740341,0.576923076923,216,21,195,0,216,0,21,0,195,37,216,0.162162162162,1.32432432432,11.6756756757,21.6,6,8.1990990496,0.702237650082,0.31006006006,10.329336629,1.76937710775,0.765265265265,3.0868314707,0.528762798222,0.252752752753,0.579945114934,0.437917739848,2,1.32432432432,0.579945114934,2,0.0121701261701,0.00597269624573,7,0.000900900900901,0.621196581197,37,37,37,1,0,0.72972972973,0.243243243243,0.027027027027,37,0.0157657657658,1.27027027027,1.13513513514,2.33333333333,1.23529411765,1.15859498633,1.02066701176,0.519948519949,1.14359424964,2.01490415413,0.815958815959,0.728031613345,1.28272236637,0.615186615187,0.508191163105,0.400065383721,2,1.42857142857,0.646206172659,2,0,0,0,0,0.0291666666667,37,14,14,0.378378378378,0,0.432432432432,0.027027027027,0.216216216216,37,189,0.141891891892,1.93016076112,10.2162162162,6.75,5.4,7.31488260381,0.716007027357,0.365794365794,8.24211334746,1.61353541723,0.708994708995,4.44587064204,0.870355628336,0.425854425854,0.626322041466,0.324492163598,2.44159481613,1.93016076112,0.626322041466,2.44159481613,0.342459221693,0.21581116523,192,0.0247104247104,0.271097940141,37,37,37,1,0,0.243243243243,0.702702702703,0.0540540540541,-27,-0.0202702702703,0.605836436793,-1.45945945946,-14.85,-0.6,-0.884216445795,0.0137693772751,0.0557343057343,-2.08722328154,-0.155841690517,-0.0562705562706,1.35903917134,0.341592830114,0.173101673102,0.046376926532,-0.113425576251,0.441594816135,0.605836436793,0.046376926532,0.441594816135,0.330289095523,0.209838468985,185,0.0238095238095,-0.350098641055,-0.486486486486,0.459459459459,0.027027027027,152,37,64,1079,0.703703703704,0.966845878136,0.0331541218638,0.296296296296,0.804232804233,0.703703703704,0.750617283951,0.708330351783,0.67054958184,0.600790513834,168,195,0,0,0,0
344,WLNM_dir_neg,0.865982905983,0.811083539977,00:00:08,10,10,39,1231466263,threshold_sweep,0.2,0.779761904762,0.671794871795,0.721763085399,131,37,64,353,0.671794871795,0.905128205128,0.0948717948718,0.328205128205,0.779761904762,0.671794871795,0.721763085399,0.82735042735,0.57094017094,0.597609561753,0.60109740341,0.576923076923,216,21,195,0,216,0,21,0,195,37,216,0.162162162162,1.32432432432,11.6756756757,21.6,6,8.1990990496,0.702237650082,0.31006006006,10.329336629,1.76937710775,0.765265265265,3.0868314707,0.528762798222,0.252752752753,0.579945114934,0.437917739848,2,1.32432432432,0.579945114934,2,0.0121701261701,0.00597269624573,7,0.000900900900901,0.621196581197,37,37,37,1,0,0.72972972973,0.243243243243,0.027027027027,37,0.0157657657658,1.27027027027,1.13513513514,2.33333333333,1.23529411765,1.15859498633,1.02066701176,0.519948519949,1.14359424964,2.01490415413,0.815958815959,0.728031613345,1.28272236637,0.615186615187,0.508191163105,0.400065383721,2,1.42857142857,0.646206172659,2,0,0,0,0,0.0291666666667,37,14,14,0.378378378378,0,0.432432432432,0.027027027027,0.216216216216,37,189,0.141891891892,1.93016076112,10.2162162162,6.75,5.4,7.31488260381,0.716007027357,0.365794365794,8.24211334746,1.61353541723,0.708994708995,4.44587064204,0.870355628336,0.425854425854,0.626322041466,0.324492163598,2.44159481613,1.93016076112,0.626322041466,2.44159481613,0.342459221693,0.21581116523,192,0.0247104247104,0.271097940141,37,37,37,1,0,0.243243243243,0.702702702703,0.0540540540541,-27,-0.0202702702703,0.605836436793,-1.45945945946,-14.85,-0.6,-0.884216445795,0.0137693772751,0.0557343057343,-2.08722328154,-0.155841690517,-0.0562705562706,1.35903917134,0.341592830114,0.173101673102,0.046376926532,-0.113425576251,0.441594816135,0.605836436793,0.046376926532,0.441594816135,0.330289095523,0.209838468985,185,0.0238095238095,-0.350098641055,-0.486486486486,0.459459459459,0.027027027027,152,37,64,1079,0.703703703704,0.966845878136,0.0331541218638,0.296296296296,0.804232804233,0.703703703704,0.750617283951,0.708330351783,0.67054958184,0.600790513834,168,195,0,0,0,0
345,WLNM_dir_neg,0.865982905983,0.811083539977,00:00:08,10,10,39,1231466263,threshold_sweep,0.3,0.929078014184,0.671794871795,0.779761904762,131,10,64,380,0.671794871795,0.974358974359,0.025641025641,0.328205128205,0.929078014184,0.671794871795,0.779761904762,0.873504273504,0.586324786325,0.694214876033,0.712171355155,0.646153846154,216,21,195,0,216,0,21,0,195,37,216,0.162162162162,1.32432432432,11.6756756757,21.6,6,8.1990990496,0.702237650082,0.31006006006,10.329336629,1.76937710775,0.765265265265,3.0868314707,0.528762798222,0.252752752753,0.579945114934,0.437917739848,2,1.32432432432,0.579945114934,2,0.0121701261701,0.00597269624573,7,0.000900900900901,0.621196581197,37,37,37,1,0,0.72972972973,0.243243243243,0.027027027027,37,0.0157657657658,1.27027027027,1.13513513514,2.33333333333,1.23529411765,1.15859498633,1.02066701176,0.519948519949,1.14359424964,2.01490415413,0.815958815959,0.728031613345,1.28272236637,0.615186615187,0.508191163105,0.400065383721,2,1.42857142857,0.646206172659,2,0,0,0,0,0.0291666666667,37,14,14,0.378378378378,0,0.432432432432,0.027027027027,0.216216216216,37,162,0.121621621622,1.27699928342,8.75675675676,18,4.62857142857,7.3801739117,0.842797638065,0.412579245913,8.5905353324,1.96203584752,0.81014347681,2.65990132807,0.607508328016,0.341007674341,0.514978718077,0.403272519229,1.92489734864,1.2928278139,0.525387383505,1.92489734864,0.170800928702,0.103589277601,76,0.00978120978121,0.459451245296,37,35,35,0.945945945946,0,0.702702702703,0.243243243243,0,-54,-0.0405405405405,-0.0473250409079,-2.91891891892,-3.6,-1.37142857143,-0.818925137902,0.140559987983,0.102519185853,-1.73880129659,0.192658739779,0.0448782115449,-0.426930142633,0.0787455297938,0.0882549215883,-0.0649663968574,-0.0346452206194,-0.0751026513593,-0.031496510427,-0.0545577314294,-0.0751026513593,0.158630802532,0.0976165813554,69,0.00888030888031,-0.1617453359,-0.027027027027,0,-0.027027027027,152,10,64,1106,0.703703703704,0.991039426523,0.0089605734767,0.296296296296,0.938271604938,0.703703703704,0.804232804233,0.783488805789,0.694743130227,0.672566371681,141,195,0,0,0,0
346,WLNM_dir_neg,0.865982905983,0.811083539977,00:00:08,10,10,39,1231466263,threshold_sweep,0.4,0.928057553957,0.661538461538,0.77245508982,129,10,66,380,0.661538461538,0.974358974359,0.025641025641,0.338461538462,0.928057553957,0.661538461538,0.77245508982,0.870085470085,0.587464387464,0.685082872928,0.70430675465,0.635897435897,216,21,195,0,216,0,21,0,195,37,216,0.162162162162,1.32432432432,11.6756756757,21.6,6,8.1990990496,0.702237650082,0.31006006006,10.329336629,1.76937710775,0.765265265265,3.0868314707,0.528762798222,0.252752752753,0.579945114934,0.437917739848,2,1.32432432432,0.579945114934,2,0.0121701261701,0.00597269624573,7,0.000900900900901,0.621196581197,37,37,37,1,0,0.72972972973,0.243243243243,0.027027027027,37,0.0157657657658,1.27027027027,1.13513513514,2.33333333333,1.23529411765,1.15859498633,1.02066701176,0.519948519949,1.14359424964,2.01490415413,0.815958815959,0.728031613345,1.28272236637,0.615186615187,0.508191163105,0.400065383721,2,1.42857142857,0.646206172659,2,0,0,0,0,0.0291666666667,37,14,14,0.378378378378,0,0.432432432432,0.027027027027,0.216216216216,37,160,0.12012012012,1.27699928342,8.64864864865,17.7777777778,4.57142857143,7.39450327464,0.85498944113,0.415878378378,8.56041942785,1.97959699269,0.812837837838,2.65679479045,0.614383795291,0.343581081081,0.514978718077,0.403272519229,1.92489734864,1.2928278139,0.525387383505,1.92489734864,0.17642863433,0.104972375691,76,0.00978120978121,0.453188807727,37,35,35,0.945945945946,0,0.702702702703,0.243243243243,0,-56,-0.042042042042,-0.0473250409079,-3.02702702703,-3.82222222222,-1.42857142857,-0.804595774963,0.152751791049,0.105818318318,-1.76891720115,0.210219884946,0.0475725725726,-0.430036680255,0.085620997069,0.0908283283283,-0.0649663968574,-0.0346452206194,-0.0751026513593,-0.031496510427,-0.0545577314294,-0.0751026513593,0.16425850816,0.0989996794449,69,0.00888030888031,-0.16800777347,-0.027027027027,0,-0.027027027027,150,10,66,1106,0.694444444444,0.991039426523,0.0089605734767,0.305555555556,0.9375,0.694444444444,0.797872340426,0.777199327716,0.685483870968,0.663716814159,139,195,0,0,0,0
347,WLNM_dir_neg,0.865982905983,0.811083539977,00:00:08,10,10,39,1231466263,threshold_sweep,0.5,0.928057553957,0.661538461538,0.77245508982,129,10,66,380,0.661538461538,0.974358974359,0.025641025641,0.338461538462,0.928057553957,0.661538461538,0.77245508982,0.870085470085,0.587464387464,0.685082872928,0.70430675465,0.635897435897,216,21,195,0,216,0,21,0,195,37,216,0.162162162162,1.32432432432,11.6756756757,21.6,6,8.1990990496,0.702237650082,0.31006006006,10.329336629,1.76937710775,0.765265265265,3.0868314707,0.528762798222,0.252752752753,0.579945114934,0.437917739848,2,1.32432432432,0.579945114934,2,0.0121701261701,0.00597269624573,7,0.000900900900901,0.621196581197,37,37,37,1,0,0.72972972973,0.243243243243,0.027027027027,37,0.0157657657658,1.27027027027,1.13513513514,2.33333333333,1.23529411765,1.15859498633,1.02066701176,0.519948519949,1.14359424964,2.01490415413,0.815958815959,0.728031613345,1.28272236637,0.615186615187,0.508191163105,0.400065383721,2,1.42857142857,0.646206172659,2,0,0,0,0,0.0291666666667,37,14,14,0.378378378378,0,0.432432432432,0.027027027027,0.216216216216,37,160,0.12012012012,1.27699928342,8.64864864865,17.7777777778,4.57142857143,7.39450327464,0.85498944113,0.415878378378,8.56041942785,1.97959699269,0.812837837838,2.65679479045,0.614383795291,0.343581081081,0.514978718077,0.403272519229,1.92489734864,1.2928278139,0.525387383505,1.92489734864,0.17642863433,0.104972375691,76,0.00978120978121,0.453188807727,37,35,35,0.945945945946,0,0.702702702703,0.243243243243,0,-56,-0.042042042042,-0.0473250409079,-3.02702702703,-3.82222222222,-1.42857142857,-0.804595774963,0.152751791049,0.105818318318,-1.76891720115,0.210219884946,0.0475725725726,-0.430036680255,0.085620997069,0.0908283283283,-0.0649663968574,-0.0346452206194,-0.0751026513593,-0.031496510427,-0.0545577314294,-0.0751026513593,0.16425850816,0.0989996794449,69,0.00888030888031,-0.16800777347,-0.027027027027,0,-0.027027027027,150,10,66,1106,0.694444444444,0.991039426523,0.0089605734767,0.305555555556,0.9375,0.694444444444,0.797872340426,0.777199327716,0.685483870968,0.663716814159,139,195,0,0,0,0
348,WLNM_dir_neg,0.865982905983,0.811083539977,00:00:08,10,10,39,1231466263,threshold_sweep,0.6,0.928057553957,0.661538461538,0.77245508982,129,10,66,380,0.661538461538,0.974358974359,0.025641025641,0.338461538462,0.928057553957,0.661538461538,0.77245508982,0.870085470085,0.587464387464,0.685082872928,0.70430675465,0.635897435897,216,21,195,0,216,0,21,0,195,37,216,0.162162162162,1.32432432432,11.6756756757,21.6,6,8.1990990496,0.702237650082,0.31006006006,10.329336629,1.76937710775,0.765265265265,3.0868314707,0.528762798222,0.252752752753,0.579945114934,0.437917739848,2,1.32432432432,0.579945114934,2,0.0121701261701,0.00597269624573,7,0.000900900900901,0.621196581197,37,37,37,1,0,0.72972972973,0.243243243243,0.027027027027,37,0.0157657657658,1.27027027027,1.13513513514,2.33333333333,1.23529411765,1.15859498633,1.02066701176,0.519948519949,1.14359424964,2.01490415413,0.815958815959,0.728031613345,1.28272236637,0.615186615187,0.508191163105,0.400065383721,2,1.42857142857,0.646206172659,2,0,0,0,0,0.0291666666667,37,14,14,0.378378378378,0,0.432432432432,0.027027027027,0.216216216216,37,160,0.12012012012,1.27699928342,8.64864864865,17.7777777778,4.57142857143,7.39450327464,0.85498944113,0.415878378378,8.56041942785,1.97959699269,0.812837837838,2.65679479045,0.614383795291,0.343581081081,0.514978718077,0.403272519229,1.92489734864,1.2928278139,0.525387383505,1.92489734864,0.17642863433,0.104972375691,76,0.00978120978121,0.453188807727,37,35,35,0.945945945946,0,0.702702702703,0.243243243243,0,-56,-0.042042042042,-0.0473250409079,-3.02702702703,-3.82222222222,-1.42857142857,-0.804595774963,0.152751791049,0.105818318318,-1.76891720115,0.210219884946,0.0475725725726,-0.430036680255,0.085620997069,0.0908283283283,-0.0649663968574,-0.0346452206194,-0.0751026513593,-0.031496510427,-0.0545577314294,-0.0751026513593,0.16425850816,0.0989996794449,69,0.00888030888031,-0.16800777347,-0.027027027027,0,-0.027027027027,150,10,66,1106,0.694444444444,0.991039426523,0.0089605734767,0.305555555556,0.9375,0.694444444444,0.797872340426,0.777199327716,0.685483870968,0.663716814159,139,195,0,0,0,0
349,WLNM_dir_neg,0.865982905983,0.811083539977,00:00:08,10,10,39,1231466263,threshold_sweep,0.7,0.92700729927,0.651282051282,0.765060240964,127,10,68,380,0.651282051282,0.974358974359,0.025641025641,0.348717948718,0.92700729927,0.651282051282,0.765060240964,0.866666666667,0.588603988604,0.675900277008,0.696426900348,0.625641025641,216,21,195,0,216,0,21,0,195,37,216,0.162162162162,1.32432432432,11.6756756757,21.6,6,8.1990990496,0.702237650082,0.31006006006,10.329336629,1.76937710775,0.765265265265,3.0868314707,0.528762798222,0.252752752753,0.579945114934,0.437917739848,2,1.32432432432,0.579945114934,2,0.0121701261701,0.00597269624573,7,0.000900900900901,0.621196581197,37,37,37,1,0,0.72972972973,0.243243243243,0.027027027027,37,0.0157657657658,1.27027027027,1.13513513514,2.33333333333,1.23529411765,1.15859498633,1.02066701176,0.519948519949,1.14359424964,2.01490415413,0.815958815959,0.728031613345,1.28272236637,0.615186615187,0.508191163105,0.400065383721,2,1.42857142857,0.646206172659,2,0,0,0,0,0.0291666666667,37,14,14,0.378378378378,0,0.432432432432,0.027027027027,0.216216216216,37,158,0.118618618619,1.27709979715,8.54054054054,17.5555555556,4.51428571429,7.2861916382,0.853130033587,0.415326719124,8.43487683059,1.97525596666,0.812521382142,2.59966502809,0.608782316704,0.3407458091,0.515157062539,0.403380427816,1.92526924947,1.29293407128,0.525569182315,1.92526924947,0.17693446942,0.105163429654,74,0.00952380952381,0.440221427144,37,35,35,0.945945945946,0,0.702702702703,0.243243243243,0,-58,-0.0435435435435,-0.0472245271711,-3.13513513514,-4.04444444444,-1.48571428571,-0.912907411404,0.150892383505,0.105266659064,-1.89445979841,0.205878858911,0.0472561168764,-0.487166442617,0.0800195184815,0.0879930563475,-0.0647880523953,-0.0345373120327,-0.0747307505329,-0.031390253048,-0.0543759326198,-0.0747307505329,0.16476434325,0.0991907334085,67,0.00862290862291,-0.180975154053,-0.027027027027,0,-0.027027027027,148,10,68,1106,0.685185185185,0.991039426523,0.0089605734767,0.314814814815,0.936708860759,0.685185185185,0.791443850267,0.770881022091,0.676224611708,0.654867256637,137,195,0,0,0,0
350,WLNM_dir_neg,0.865982905983,0.811083539977,00:00:08,10,10,39,1231466263,threshold_sweep,0.8,0.932835820896,0.641025641026,0.759878419453,125,9,70,381,0.641025641026,0.976923076923,0.0230769230769,0.358974358974,0.932835820896,0.641025641026,0.759878419453,0.864957264957,0.590313390313,0.670375521558,0.693204502088,0.617948717949,216,21,195,0,216,0,21,0,195,37,216,0.162162162162,1.32432432432,11.6756756757,21.6,6,8.1990990496,0.702237650082,0.31006006006,10.329336629,1.76937710775,0.765265265265,3.0868314707,0.528762798222,0.252752752753,0.579945114934,0.437917739848,2,1.32432432432,0.579945114934,2,0.0121701261701,0.00597269624573,7,0.000900900900901,0.621196581197,37,37,37,1,0,0.72972972973,0.243243243243,0.027027027027,37,0.0157657657658,1.27027027027,1.13513513514,2.33333333333,1.23529411765,1.15859498633,1.02066701176,0.519948519949,1.14359424964,2.01490415413,0.815958815959,0.728031613345,1.28272236637,0.615186615187,0.508191163105,0.400065383721,2,1.42857142857,0.646206172659,2,0,0,0,0,0.0291666666667,37,14,14,0.378378378378,0,0.432432432432,0.027027027027,0.216216216216,37,155,0.116366366366,1.27606551262,8.37837837838,17.2222222222,4.42857142857,7.11942316387,0.849737603429,0.412554489974,8.3361256583,1.98991386682,0.814646904969,2.58024372059,0.615929146206,0.343504795118,0.513229514925,0.402196838523,1.9214423967,1.29184068477,0.523602592991,1.9214423967,0.093909616899,0.0593765462642,40,0.00514800514801,0.433035419617,37,35,35,0.945945945946,0,0.702702702703,0.243243243243,0,-61,-0.0457957957958,-0.0482588117024,-3.2972972973,-4.37777777778,-1.57142857143,-1.07967588574,0.147499953347,0.102494429914,-1.9932109707,0.220536759075,0.0493816397042,-0.506587750111,0.0871663479835,0.0907520423649,-0.0667156000096,-0.0357209013254,-0.0785576032988,-0.0324836395526,-0.0563425219436,-0.0785576032988,0.0817394907289,0.0534038500185,33,0.0042471042471,-0.18816116158,-0.027027027027,0,-0.027027027027,146,9,70,1107,0.675925925926,0.991935483871,0.00806451612903,0.324074074074,0.941935483871,0.675925925926,0.787061994609,0.767699472619,0.667861409797,0.648888888889,134,195,0,0,0,0
351,WLNM_dir_neg,0.865982905983,0.811083539977,00:00:08,10,10,39,1231466263,threshold_sweep,0.9,0.939130434783,0.553846153846,0.696774193548,108,7,87,383,0.553846153846,0.982051282051,0.0179487179487,0.446153846154,0.939130434783,0.553846153846,0.696774193548,0.839316239316,0.60113960114,0.597142857143,0.635672522583,0.535897435897,216,21,195,0,216,0,21,0,195,37,216,0.162162162162,1.32432432432,11.6756756757,21.6,6,8.1990990496,0.702237650082,0.31006006006,10.329336629,1.76937710775,0.765265265265,3.0868314707,0.528762798222,0.252752752753,0.579945114934,0.437917739848,2,1.32432432432,0.579945114934,2,0.0121701261701,0.00597269624573,7,0.000900900900901,0.621196581197,37,37,37,1,0,0.72972972973,0.243243243243,0.027027027027,37,0.0157657657658,1.27027027027,1.13513513514,2.33333333333,1.23529411765,1.15859498633,1.02066701176,0.519948519949,1.14359424964,2.01490415413,0.815958815959,0.728031613345,1.28272236637,0.615186615187,0.508191163105,0.400065383721,2,1.42857142857,0.646206172659,2,0,0,0,0,0.0291666666667,37,14,14,0.378378378378,0,0.432432432432,0.027027027027,0.216216216216,37,136,0.102102102102,1.27570647793,7.35135135135,15.1111111111,3.88571428571,6.59215112512,0.896726439814,0.451112877583,7.37131849375,2.00543223727,0.815977742448,2.77942893869,0.756168167143,0.412559618442,0.512592114464,0.401810387681,1.92011396833,1.29146113381,0.522952840182,1.92011396833,0.0607848453125,0.0595903165736,32,0.0041184041184,0.448595766071,37,35,35,0.945945945946,0,0.702702702703,0.243243243243,0,-80,-0.0600600600601,-0.0486178463962,-4.32432432432,-6.48888888889,-2.11428571429,-1.60694792448,0.194488789733,0.141052817523,-2.95801813525,0.236055129526,0.0507124771831,-0.307402532014,0.227405368921,0.159806865689,-0.0673530004706,-0.0361073521672,-0.0798860316659,-0.0328631905146,-0.056992274752,-0.0798860316659,0.0486147191423,0.0536176203278,25,0.0032175032175,-0.172600815125,-0.027027027027,0,-0.027027027027,129,7,87,1109,0.597222222222,0.993727598566,0.00627240143369,0.402777777778,0.948529411765,0.597222222222,0.732954545455,0.719406792698,0.590949820789,0.578475336323,115,195,0,0,0,0
352,WLNM_dir_neg,0.84684418146,0.731744970484,00:00:07,10,10,40,1231466264,threshold_sweep,0.1,0.745901639344,0.466666666667,0.574132492114,91,31,104,359,0.466666666667,0.920512820513,0.0794871794872,0.533333333333,0.745901639344,0.466666666667,0.574132492114,0.769230769231,0.597150997151,0.427157001414,0.449253571751,0.387179487179,216,21,195,0,216,0,21,0,195,37,216,0.162162162162,1.32432432432,11.6756756757,21.6,6,8.1990990496,0.702237650082,0.31006006006,10.329336629,1.76937710775,0.765265265265,3.0868314707,0.528762798222,0.252752752753,0.579945114934,0.437917739848,2,1.32432432432,0.579945114934,2,0.0121701261701,0.00597269624573,7,0.000900900900901,0.621196581197,37,37,37,1,0,0.72972972973,0.243243243243,0.027027027027,37,0.0157657657658,1.27027027027,1.13513513514,2.33333333333,1.3125,1.39765999208,1.23127189778,0.56241956242,1.40515994622,2.47575800049,0.854568854569,0.765235640562,1.34827231908,0.648648648649,0.508191163105,0.400065383721,2,1.41176470588,0.618346942401,2,0,0,0,0,0.0298941798942,37,17,17,0.459459459459,0,0.405405405405,0.027027027027,0.216216216216,37,143,0.107357357357,2.09323987724,7.72972972973,5.5,4.76666666667,5.96586888823,0.771808212813,0.415422415422,6.05604455694,1.56694859166,0.690606690607,4.60170356234,1.19065057207,0.588168588169,0.80394793985,0.384068710228,2.69230769231,2.09323987724,0.80394793985,2.69230769231,0.405292826082,0.207735495945,111,0.0142857142857,0.249627560945,37,37,37,1,0,0.297297297297,0.513513513514,0.189189189189,-73,-0.0548048048048,0.768915552916,-3.94594594595,-16.1,-1.23333333333,-2.23323016137,0.0695705627316,0.105362355362,-4.27329207206,-0.202428516089,-0.0746585746586,1.51487209164,0.661887773852,0.335415835416,0.224002824916,-0.0538490296202,0.692307692308,0.768915552916,0.224002824916,0.692307692308,0.393122699912,0.201762799699,104,0.0133848133848,-0.371569020252,-0.432432432432,0.27027027027,0.162162162162,112,31,104,1085,0.518518518519,0.972222222222,0.0277777777778,0.481481481481,0.783216783217,0.518518518519,0.623955431755,0.584321869407,0.490740740741,0.453441295547,122,195,0,0,0,0
353,WLNM_dir_neg,0.84684418146,0.731744970484,00:00:07,10,10,40,1231466264,threshold_sweep,0.2,0.739495798319,0.451282051282,0.56050955414,88,31,107,359,0.451282051282,0.920512820513,0.0794871794872,0.548717948718,0.739495798319,0.451282051282,0.56050955414,0.764102564103,0.59886039886,0.411931818182,0.435398135928,0.371794871795,216,21,195,0,216,0,21,0,195,37,216,0.162162162162,1.32432432432,11.6756756757,21.6,6,8.1990990496,0.702237650082,0.31006006006,10.329336629,1.76937710775,0.765265265265,3.0868314707,0.528762798222,0.252752752753,0.579945114934,0.437917739848,2,1.32432432432,0.579945114934,2,0.0121701261701,0.00597269624573,7,0.000900900900901,0.621196581197,37,37,37,1,0,0.72972972973,0.243243243243,0.027027027027,37,0.0157657657658,1.27027027027,1.13513513514,2.33333333333,1.3125,1.39765999208,1.23127189778,0.56241956242,1.40515994622,2.47575800049,0.854568854569,0.765235640562,1.34827231908,0.648648648649,0.508191163105,0.400065383721,2,1.41176470588,0.618346942401,2,0,0,0,0,0.0298941798942,37,17,17,0.459459459459,0,0.405405405405,0.027027027027,0.216216216216,37,140,0.105105105105,2.08603983104,7.56756756757,5.38461538462,4.66666666667,5.90922320774,0.780861638166,0.419498069498,5.94948707003,1.57236443994,0.690733590734,4.57125763837,1.20811809014,0.593822393822,0.79871388755,0.382885252556,2.69230769231,2.08603983104,0.79871388755,2.69230769231,0.411386232941,0.207364341085,107,0.0137709137709,0.24822945571,37,37,37,1,0,0.297297297297,0.513513513514,0.189189189189,-76,-0.0570570570571,0.761715506716,-4.10810810811,-16.2153846154,-1.33333333333,-2.28987584186,0.0786239880841,0.109438009438,-4.37984955897,-0.19701266781,-0.0745316745317,1.48442616767,0.679355291919,0.34106964107,0.218768772616,-0.0550324872921,0.692307692308,0.761715506716,0.218768772616,0.692307692308,0.399216106771,0.20139164484,100,0.01287001287,-0.372967125487,-0.432432432432,0.27027027027,0.162162162162,109,31,107,1085,0.50462962963,0.972222222222,0.0277777777778,0.49537037037,0.778571428571,0.50462962963,0.612359550562,0.573113054315,0.476851851852,0.441295546559,119,195,0,0,0,0
354,WLNM_dir_neg,0.84684418146,0.731744970484,00:00:07,10,10,40,1231466264,threshold_sweep,0.3,0.739495798319,0.451282051282,0.56050955414,88,31,107,359,0.451282051282,0.920512820513,0.0794871794872,0.548717948718,0.739495798319,0.451282051282,0.56050955414,0.764102564103,0.59886039886,0.411931818182,0.435398135928,0.371794871795,216,21,195,0,216,0,21,0,195,37,216,0.162162162162,1.32432432432,11.6756756757,21.6,6,8.1990990496,0.702237650082,0.31006006006,10.329336629,1.76937710775,0.765265265265,3.0868314707,0.528762798222,0.252752752753,0.579945114934,0.437917739848,2,1.32432432432,0.579945114934,2,0.0121701261701,0.00597269624573,7,0.000900900900901,0.621196581197,37,37,37,1,0,0.72972972973,0.243243243243,0.027027027027,37,0.0157657657658,1.27027027027,1.13513513514,2.33333333333,1.3125,1.39765999208,1.23127189778,0.56241956242,1.40515994622,2.47575800049,0.854568854569,0.765235640562,1.34827231908,0.648648648649,0.508191163105,0.400065383721,2,1.41176470588,0.618346942401,2,0,0,0,0,0.0298941798942,37,17,17,0.459459459459,0,0.405405405405,0.027027027027,0.216216216216,37,140,0.105105105105,2.08603983104,7.56756756757,5.38461538462,4.66666666667,5.90922320774,0.780861638166,0.419498069498,5.94948707003,1.57236443994,0.690733590734,4.57125763837,1.20811809014,0.593822393822,0.79871388755,0.382885252556,2.69230769231,2.08603983104,0.79871388755,2.69230769231,0.411386232941,0.207364341085,107,0.0137709137709,0.24822945571,37,37,37,1,0,0.297297297297,0.513513513514,0.189189189189,-76,-0.0570570570571,0.761715506716,-4.10810810811,-16.2153846154,-1.33333333333,-2.28987584186,0.0786239880841,0.109438009438,-4.37984955897,-0.19701266781,-0.0745316745317,1.48442616767,0.679355291919,0.34106964107,0.218768772616,-0.0550324872921,0.692307692308,0.761715506716,0.218768772616,0.692307692308,0.399216106771,0.20139164484,100,0.01287001287,-0.372967125487,-0.432432432432,0.27027027027,0.162162162162,109,31,107,1085,0.50462962963,0.972222222222,0.0277777777778,0.49537037037,0.778571428571,0.50462962963,0.612359550562,0.573113054315,0.476851851852,0.441295546559,119,195,0,0,0,0
355,WLNM_dir_neg,0.84684418146,0.731744970484,00:00:07,10,10,40,1231466264,threshold_sweep,0.4,0.871287128713,0.451282051282,0.594594594595,88,13,107,377,0.451282051282,0.966666666667,0.0333333333333,0.548717948718,0.871287128713,0.451282051282,0.594594594595,0.794871794872,0.609116809117,0.475218658892,0.521301817232,0.417948717949,216,21,195,0,216,0,21,0,195,37,216,0.162162162162,1.32432432432,11.6756756757,21.6,6,8.1990990496,0.702237650082,0.31006006006,10.329336629,1.76937710775,0.765265265265,3.0868314707,0.528762798222,0.252752752753,0.579945114934,0.437917739848,2,1.32432432432,0.579945114934,2,0.0121701261701,0.00597269624573,7,0.000900900900901,0.621196581197,37,37,37,1,0,0.72972972973,0.243243243243,0.027027027027,37,0.0157657657658,1.27027027027,1.13513513514,2.33333333333,1.3125,1.39765999208,1.23127189778,0.56241956242,1.40515994622,2.47575800049,0.854568854569,0.765235640562,1.34827231908,0.648648648649,0.508191163105,0.400065383721,2,1.41176470588,0.618346942401,2,0,0,0,0,0.0298941798942,37,17,17,0.459459459459,0,0.405405405405,0.027027027027,0.216216216216,37,122,0.0915915915916,1.55118989869,6.59459459459,7.17647058824,4.06666666667,5.70798397695,0.865554947324,0.458130261409,6.15929678916,1.86798345245,0.780682321666,3.58906413726,1.08848666458,0.552946389012,0.642383071058,0.414122778649,2.30769230769,1.56650072921,0.644612106614,2.30769230769,0.247275790054,0.127659574468,54,0.00694980694981,0.365141495848,37,36,36,0.972972972973,0,0.513513513514,0.297297297297,0.162162162162,-94,-0.0705705705706,0.226865574366,-5.08108108108,-14.4235294118,-1.93333333333,-2.49111507266,0.163317297242,0.148070201349,-4.17003983984,0.0986063447044,0.0154170564007,0.502232666558,0.559723866357,0.300193636259,0.0624379561231,-0.0237949611996,0.307692307692,0.242176404885,0.06466699168,0.307692307692,0.235105663883,0.121686878222,47,0.00604890604891,-0.256055085348,-0.216216216216,0.0540540540541,0.135135135135,109,13,107,1103,0.50462962963,0.98835125448,0.0116487455197,0.49537037037,0.893442622951,0.50462962963,0.644970414201,0.629965044116,0.49298088411,0.475982532751,101,195,0,0,0,0
356,WLNM_dir_neg,0.84684418146,0.731744970484,00:00:07,10,10,40,1231466264,threshold_sweep,0.5,0.868686868687,0.441025641026,0.585034013605,86,13,109,377,0.441025641026,0.966666666667,0.0333333333333,0.558974358974,0.868686868687,0.441025641026,0.585034013605,0.791452991453,0.610256410256,0.464912280702,0.512561986981,0.407692307692,216,21,195,0,216,0,21,0,195,37,216,0.162162162162,1.32432432432,11.6756756757,21.6,6,8.1990990496,0.702237650082,0.31006006006,10.329336629,1.76937710775,0.765265265265,3.0868314707,0.528762798222,0.252752752753,0.579945114934,0.437917739848,2,1.32432432432,0.579945114934,2,0.0121701261701,0.00597269624573,7,0.000900900900901,0.621196581197,37,37,37,1,0,0.72972972973,0.243243243243,0.027027027027,37,0.0157657657658,1.27027027027,1.13513513514,2.33333333333,1.3125,1.39765999208,1.23127189778,0.56241956242,1.40515994622,2.47575800049,0.854568854569,0.765235640562,1.34827231908,0.648648648649,0.508191163105,0.400065383721,2,1.41176470588,0.618346942401,2,0,0,0,0,0.0298941798942,37,17,17,0.459459459459,0,0.405405405405,0.027027027027,0.216216216216,37,120,0.0900900900901,1.54806677557,6.48648648649,7.05882352941,4,5.69903316177,0.878600945773,0.462387387387,6.11648685206,1.88591677938,0.783783783784,3.5699782555,1.10074329545,0.557207207207,0.639787212257,0.41328140514,2.30769230769,1.56329085267,0.64202971381,2.30769230769,0.259415707749,0.130329847144,54,0.00694980694981,0.362300977162,37,36,36,0.972972972973,0,0.513513513514,0.297297297297,0.162162162162,-96,-0.0720720720721,0.223742451242,-5.18918918919,-14.5411764706,-2,-2.50006588783,0.176363295691,0.152327327327,-4.21284977694,0.11653967164,0.0185185185185,0.483146784796,0.571980497223,0.304454454454,0.0598420973227,-0.0246363347082,0.307692307692,0.238966528342,0.0620845988753,0.307692307692,0.247245581579,0.124357150898,47,0.00604890604891,-0.258895604034,-0.216216216216,0.0540540540541,0.135135135135,107,13,109,1103,0.49537037037,0.98835125448,0.0116487455197,0.50462962963,0.891666666667,0.49537037037,0.636904761905,0.622748288965,0.483721624851,0.467248908297,99,195,0,0,0,0
357,WLNM_dir_neg,0.84684418146,0.731744970484,00:00:07,10,10,40,1231466264,threshold_sweep,0.6,0.867346938776,0.435897435897,0.580204778157,85,13,110,377,0.435897435897,0.966666666667,0.0333333333333,0.564102564103,0.867346938776,0.435897435897,0.580204778157,0.789743589744,0.610826210826,0.459736456808,0.508167792467,0.402564102564,216,21,195,0,216,0,21,0,195,37,216,0.162162162162,1.32432432432,11.6756756757,21.6,6,8.1990990496,0.702237650082,0.31006006006,10.329336629,1.76937710775,0.765265265265,3.0868314707,0.528762798222,0.252752752753,0.579945114934,0.437917739848,2,1.32432432432,0.579945114934,2,0.0121701261701,0.00597269624573,7,0.000900900900901,0.621196581197,37,37,37,1,0,0.72972972973,0.243243243243,0.027027027027,37,0.0157657657658,1.27027027027,1.13513513514,2.33333333333,1.3125,1.39765999208,1.23127189778,0.56241956242,1.40515994622,2.47575800049,0.854568854569,0.765235640562,1.34827231908,0.648648648649,0.508191163105,0.400065383721,2,1.41176470588,0.618346942401,2,0,0,0,0,0.0298941798942,37,17,17,0.459459459459,0,0.405405405405,0.027027027027,0.216216216216,37,119,0.0893393393393,1.54806677557,6.43243243243,7,3.96666666667,5.68888067755,0.884405819619,0.464228934817,6.10161697665,1.89714141291,0.785373608903,3.53659546846,1.09961371708,0.555984555985,0.639787212257,0.41328140514,2.30769230769,1.56329085267,0.64202971381,2.30769230769,0.260174085174,0.129373474369,53,0.00682110682111,0.358870075956,37,36,36,0.972972972973,0,0.513513513514,0.297297297297,0.162162162162,-97,-0.0728228228228,0.223742451242,-5.24324324324,-14.6,-2.03333333333,-2.51021837206,0.182168169537,0.154168874757,-4.22771965235,0.127764305162,0.0201083436378,0.449763997753,0.570850918861,0.303231803232,0.0598420973227,-0.0246363347082,0.307692307692,0.238966528342,0.0620845988753,0.307692307692,0.248003959004,0.123400778124,46,0.00592020592021,-0.262326505241,-0.216216216216,0.0540540540541,0.135135135135,106,13,110,1103,0.490740740741,0.98835125448,0.0116487455197,0.509259259259,0.890756302521,0.490740740741,0.632835820896,0.619118820653,0.479091995221,0.46288209607,98,195,0,0,0,0
358,WLNM_dir_neg,0.84684418146,0.731744970484,00:00:07,10,10,40,1231466264,threshold_sweep,0.7,0.864583333333,0.425641025641,0.570446735395,83,13,112,377,0.425641025641,0.966666666667,0.0333333333333,0.574358974359,0.864583333333,0.425641025641,0.570446735395,0.786324786325,0.611965811966,0.449339207048,0.499328536867,0.392307692308,216,21,195,0,216,0,21,0,195,37,216,0.162162162162,1.32432432432,11.6756756757,21.6,6,8.1990990496,0.702237650082,0.31006006006,10.329336629,1.76937710775,0.765265265265,3.0868314707,0.528762798222,0.252752752753,0.579945114934,0.437917739848,2,1.32432432432,0.579945114934,2,0.0121701261701,0.00597269624573,7,0.000900900900901,0.621196581197,37,37,37,1,0,0.72972972973,0.243243243243,0.027027027027,37,0.0157657657658,1.27027027027,1.13513513514,2.33333333333,1.3125,1.39765999208,1.23127189778,0.56241956242,1.40515994622,2.47575800049,0.854568854569,0.765235640562,1.34827231908,0.648648648649,0.508191163105,0.400065383721,2,1.41176470588,0.618346942401,2,0,0,0,0,0.0298941798942,37,17,17,0.459459459459,0,0.405405405405,0.027027027027,0.216216216216,37,117,0.0878378378378,1.54607991108,6.32432432432,6.88235294118,3.9,5.61770046892,0.888268877565,0.465465465465,6.02085963553,1.90403253431,0.786324786325,3.50010724846,1.10687152302,0.557634557635,0.635876067209,0.411282795056,2.27272727273,1.5612487975,0.638070634897,2.27272727273,0.257386132386,0.125944584383,50,0.00643500643501,0.355042676597,37,36,36,0.972972972973,0,0.513513513514,0.297297297297,0.162162162162,-99,-0.0743243243243,0.221755586756,-5.35135135135,-14.7176470588,-2.1,-2.58139858068,0.186031227483,0.155405405405,-4.30847699347,0.134655426567,0.0210595210595,0.41327577776,0.578108724796,0.304881804882,0.0559309522743,-0.0266349447925,0.272727272727,0.236924473174,0.0581255199626,0.272727272727,0.245216006216,0.119971888137,43,0.00553410553411,-0.2661539046,-0.216216216216,0.0540540540541,0.135135135135,104,13,112,1103,0.481481481481,0.98835125448,0.0116487455197,0.518518518519,0.888888888889,0.481481481481,0.624624624625,0.611816487462,0.469832735962,0.454148471616,96,195,0,0,0,0
359,WLNM_dir_neg,0.84684418146,0.731744970484,00:00:07,10,10,40,1231466264,threshold_sweep,0.8,0.860215053763,0.410256410256,0.555555555556,80,13,115,377,0.410256410256,0.966666666667,0.0333333333333,0.589743589744,0.860215053763,0.410256410256,0.555555555556,0.781196581197,0.613675213675,0.433628318584,0.485935146052,0.376923076923,216,21,195,0,216,0,21,0,195,37,216,0.162162162162,1.32432432432,11.6756756757,21.6,6,8.1990990496,0.702237650082,0.31006006006,10.329336629,1.76937710775,0.765265265265,3.0868314707,0.528762798222,0.252752752753,0.579945114934,0.437917739848,2,1.32432432432,0.579945114934,2,0.0121701261701,0.00597269624573,7,0.000900900900901,0.621196581197,37,37,37,1,0,0.72972972973,0.243243243243,0.027027027027,37,0.0157657657658,1.27027027027,1.13513513514,2.33333333333,1.3125,1.39765999208,1.23127189778,0.56241956242,1.40515994622,2.47575800049,0.854568854569,0.765235640562,1.34827231908,0.648648648649,0.508191163105,0.400065383721,2,1.41176470588,0.618346942401,2,0,0,0,0,0.0298941798942,37,17,17,0.459459459459,0,0.405405405405,0.027027027027,0.216216216216,37,114,0.0855855855856,1.54866979642,6.16216216216,6.70588235294,3.8,5.41865867737,0.879343732731,0.457799905168,5.90846087487,1.91765835413,0.788525367473,3.24361234136,1.05275137395,0.546704599336,0.640058239216,0.41329548797,2.3,1.5639106241,0.642292391313,2.3,0.234525227859,0.107430617726,40,0.00514800514801,0.334644484783,37,36,36,0.972972972973,0,0.513513513514,0.297297297297,0.162162162162,-102,-0.0765765765766,0.224345472095,-5.51351351351,-14.8941176471,-2.2,-2.78044037223,0.17710608265,0.147739845108,-4.42087575413,0.14828124638,0.0232601022075,0.156780870656,0.523988575728,0.293951846583,0.0601131242817,-0.0246222518782,0.3,0.239586299774,0.0623472763788,0.3,0.222355101688,0.10145792148,33,0.0042471042471,-0.286552096413,-0.216216216216,0.0540540540541,0.135135135135,101,13,115,1103,0.467592592593,0.98835125448,0.0116487455197,0.532407407407,0.885964912281,0.467592592593,0.612121212121,0.600750667981,0.455943847073,0.441048034934,93,195,0,0,0,0
360,WLNM_dir_neg,0.84684418146,0.731744970484,00:00:07,10,10,40,1231466264,threshold_sweep,0.9,0.855555555556,0.394871794872,0.540350877193,77,13,118,377,0.394871794872,0.966666666667,0.0333333333333,0.605128205128,0.855555555556,0.394871794872,0.540350877193,0.776068376068,0.615384615385,0.417777777778,0.472367773172,0.361538461538,216,21,195,0,216,0,21,0,195,37,216,0.162162162162,1.32432432432,11.6756756757,21.6,6,8.1990990496,0.702237650082,0.31006006006,10.329336629,1.76937710775,0.765265265265,3.0868314707,0.528762798222,0.252752752753,0.579945114934,0.437917739848,2,1.32432432432,0.579945114934,2,0.0121701261701,0.00597269624573,7,0.000900900900901,0.621196581197,37,37,37,1,0,0.72972972973,0.243243243243,0.027027027027,37,0.0157657657658,1.27027027027,1.13513513514,2.33333333333,1.3125,1.39765999208,1.23127189778,0.56241956242,1.40515994622,2.47575800049,0.854568854569,0.765235640562,1.34827231908,0.648648648649,0.508191163105,0.400065383721,2,1.41176470588,0.618346942401,2,0,0,0,0,0.0298941798942,37,17,17,0.459459459459,0,0.405405405405,0.027027027027,0.216216216216,37,111,0.0833333333333,1.54434357872,6,6.52941176471,3.7,5.35412613474,0.892354355789,0.461894326759,5.80229839518,1.93409946506,0.790357925493,3.2231799343,1.07439331143,0.552714877039,0.632810102579,0.409759920849,2.25,1.55946423368,0.63497153525,2.25,0.231646830536,0.103641456583,37,0.0047619047619,0.333191937326,37,36,36,0.972972972973,0,0.513513513514,0.297297297297,0.162162162162,-105,-0.0788288288288,0.220019254394,-5.67567567568,-15.0705882353,-2.3,-2.84497291487,0.190116705708,0.151834266699,-4.52703823382,0.164722357313,0.0250926602278,0.136348463598,0.545630513212,0.299962124286,0.0528649876444,-0.0281578189998,0.25,0.235139909359,0.0550264203152,0.25,0.219476704366,0.0976687603369,30,0.003861003861,-0.288004643871,-0.216216216216,0.0540540540541,0.135135135135,98,13,118,1103,0.453703703704,0.98835125448,0.0116487455197,0.546296296296,0.882882882883,0.453703703704,0.599388379205,0.589543584381,0.442054958184,0.427947598253,90,195,0,0,0,0
361,WLNM_dir_neg,0.824641683103,0.707389317031,00:00:09,10,10,41,1231466265,threshold_sweep,0.1,0.864285714286,0.620512820513,0.722388059701,121,19,74,371,0.620512820513,0.951282051282,0.0487179487179,0.379487179487,0.864285714286,0.620512820513,0.722388059701,0.841025641026,0.586894586895,0.615172413793,0.631750860132,0.571794871795,216,21,195,0,216,0,21,0,195,37,216,0.162162162162,1.32432432432,11.6756756757,21.6,6,8.1990990496,0.702237650082,0.31006006006,10.329336629,1.76937710775,0.765265265265,3.0868314707,0.528762798222,0.252752752753,0.579945114934,0.437917739848,2,1.32432432432,0.579945114934,2,0.0121701261701,0.00597269624573,7,0.000900900900901,0.621196581197,37,37,37,1,0,0.72972972973,0.243243243243,0.027027027027,37,0.0157657657658,1.27027027027,1.13513513514,2.33333333333,1.4,1.29447892052,1.14037428713,0.584298584299,1.14359424964,2.01490415413,0.815958815959,0.834683590768,1.47063299326,0.684684684685,0.508191163105,0.400065383721,2,1.45,0.604805318829,2,0,0,0,0,0.0574074074074,37,20,20,0.540540540541,0,0.351351351351,0.0540540540541,0.189189189189,37,161,0.120870870871,1,8.7027027027,10.7333333333,4.47222222222,7.56036766032,0.868737898856,0.415141849924,8.22332798343,1.88983313905,0.793688098036,2.08454919475,0.479057889477,0.25885512842,0,0,0,NaN,NaN,NaN,0.236027385313,0.142923867352,102,0.0131274131274,0.150522066187,37,36,0,0.972972972973,2,0.567567567568,0.405405405405,0,-55,-0.0412912912913,-0.324324324324,-2.97297297297,-10.8666666667,-1.52777777778,-0.638731389288,0.166500248774,0.105081789864,-2.10600864557,0.120456031305,0.0284228327707,-1.00228227595,-0.049704908745,0.00610237566759,-0.579945114934,-0.437917739848,-2,NaN,NaN,NaN,0.223857259143,0.136951171106,95,0.0122265122265,-0.47067451501,-0.162162162162,0.162162162162,-0.027027027027,142,19,74,1097,0.657407407407,0.982974910394,0.0170250896057,0.342592592593,0.88198757764,0.657407407407,0.753315649867,0.724113958024,0.640382317802,0.604255319149,140,195,0,0,0,0
362,WLNM_dir_neg,0.824641683103,0.707389317031,00:00:09,10,10,41,1231466265,threshold_sweep,0.2,0.864285714286,0.620512820513,0.722388059701,121,19,74,371,0.620512820513,0.951282051282,0.0487179487179,0.379487179487,0.864285714286,0.620512820513,0.722388059701,0.841025641026,0.586894586895,0.615172413793,0.631750860132,0.571794871795,216,21,195,0,216,0,21,0,195,37,216,0.162162162162,1.32432432432,11.6756756757,21.6,6,8.1990990496,0.702237650082,0.31006006006,10.329336629,1.76937710775,0.765265265265,3.0868314707,0.528762798222,0.252752752753,0.579945114934,0.437917739848,2,1.32432432432,0.579945114934,2,0.0121701261701,0.00597269624573,7,0.000900900900901,0.621196581197,37,37,37,1,0,0.72972972973,0.243243243243,0.027027027027,37,0.0157657657658,1.27027027027,1.13513513514,2.33333333333,1.4,1.29447892052,1.14037428713,0.584298584299,1.14359424964,2.01490415413,0.815958815959,0.834683590768,1.47063299326,0.684684684685,0.508191163105,0.400065383721,2,1.45,0.604805318829,2,0,0,0,0,0.0574074074074,37,20,20,0.540540540541,0,0.351351351351,0.0540540540541,0.189189189189,37,161,0.120870870871,1,8.7027027027,10.7333333333,4.47222222222,7.56036766032,0.868737898856,0.415141849924,8.22332798343,1.88983313905,0.793688098036,2.08454919475,0.479057889477,0.25885512842,0,0,0,NaN,NaN,NaN,0.236027385313,0.142923867352,102,0.0131274131274,0.150522066187,37,36,0,0.972972972973,2,0.567567567568,0.405405405405,0,-55,-0.0412912912913,-0.324324324324,-2.97297297297,-10.8666666667,-1.52777777778,-0.638731389288,0.166500248774,0.105081789864,-2.10600864557,0.120456031305,0.0284228327707,-1.00228227595,-0.049704908745,0.00610237566759,-0.579945114934,-0.437917739848,-2,NaN,NaN,NaN,0.223857259143,0.136951171106,95,0.0122265122265,-0.47067451501,-0.162162162162,0.162162162162,-0.027027027027,142,19,74,1097,0.657407407407,0.982974910394,0.0170250896057,0.342592592593,0.88198757764,0.657407407407,0.753315649867,0.724113958024,0.640382317802,0.604255319149,140,195,0,0,0,0
363,WLNM_dir_neg,0.824641683103,0.707389317031,00:00:09,10,10,41,1231466265,threshold_sweep,0.3,0.869565217391,0.615384615385,0.720720720721,120,18,75,372,0.615384615385,0.953846153846,0.0461538461538,0.384615384615,0.869565217391,0.615384615385,0.720720720721,0.841025641026,0.588034188034,0.614107883817,0.63204015637,0.569230769231,216,21,195,0,216,0,21,0,195,37,216,0.162162162162,1.32432432432,11.6756756757,21.6,6,8.1990990496,0.702237650082,0.31006006006,10.329336629,1.76937710775,0.765265265265,3.0868314707,0.528762798222,0.252752752753,0.579945114934,0.437917739848,2,1.32432432432,0.579945114934,2,0.0121701261701,0.00597269624573,7,0.000900900900901,0.621196581197,37,37,37,1,0,0.72972972973,0.243243243243,0.027027027027,37,0.0157657657658,1.27027027027,1.13513513514,2.33333333333,1.4,1.29447892052,1.14037428713,0.584298584299,1.14359424964,2.01490415413,0.815958815959,0.834683590768,1.47063299326,0.684684684685,0.508191163105,0.400065383721,2,1.45,0.604805318829,2,0,0,0,0,0.0574074074074,37,20,20,0.540540540541,0,0.351351351351,0.0540540540541,0.189189189189,37,159,0.119369369369,1,8.59459459459,10.6,4.41666666667,7.47759415952,0.870034540573,0.414584395716,8.12699501957,1.89118752028,0.793472718001,2.03940166695,0.474577746397,0.255311915689,0,0,0,NaN,NaN,NaN,0.232069771498,0.139367816092,97,0.0124839124839,0.148481905365,37,36,0,0.972972972973,2,0.567567567568,0.405405405405,0,-57,-0.0427927927928,-0.324324324324,-3.08108108108,-11,-1.58333333333,-0.721504890089,0.167796890491,0.104524335656,-2.20234160943,0.121810412531,0.0282074527358,-1.04742980375,-0.0541850518252,0.00255916293652,-0.579945114934,-0.437917739848,-2,NaN,NaN,NaN,0.219899645328,0.133395119846,90,0.011583011583,-0.472714675832,-0.162162162162,0.162162162162,-0.027027027027,141,18,75,1098,0.652777777778,0.983870967742,0.0161290322581,0.347222222222,0.88679245283,0.652777777778,0.752,0.72378785642,0.63664874552,0.602564102564,138,195,0,0,0,0
364,WLNM_dir_neg,0.824641683103,0.707389317031,00:00:09,10,10,41,1231466265,threshold_sweep,0.4,0.862903225806,0.548717948718,0.670846394984,107,17,88,373,0.548717948718,0.95641025641,0.0435897435897,0.451282051282,0.862903225806,0.548717948718,0.670846394984,0.820512820513,0.596011396011,0.555712270804,0.582626082778,0.505128205128,216,21,195,0,216,0,21,0,195,37,216,0.162162162162,1.32432432432,11.6756756757,21.6,6,8.1990990496,0.702237650082,0.31006006006,10.329336629,1.76937710775,0.765265265265,3.0868314707,0.528762798222,0.252752752753,0.579945114934,0.437917739848,2,1.32432432432,0.579945114934,2,0.0121701261701,0.00597269624573,7,0.000900900900901,0.621196581197,37,37,37,1,0,0.72972972973,0.243243243243,0.027027027027,37,0.0157657657658,1.27027027027,1.13513513514,2.33333333333,1.4,1.29447892052,1.14037428713,0.584298584299,1.14359424964,2.01490415413,0.815958815959,0.834683590768,1.47063299326,0.684684684685,0.508191163105,0.400065383721,2,1.45,0.604805318829,2,0,0,0,0,0.0574074074074,37,20,20,0.540540540541,0,0.351351351351,0.0540540540541,0.189189189189,37,145,0.108858858859,1,7.83783783784,9.66666666667,4.02777777778,7.00996716395,0.894375120918,0.437465051258,7.38007218565,1.88319083358,0.790307548928,2.17789881382,0.55573969732,0.295246971109,0,0,0,NaN,NaN,NaN,0.153984999128,0.126857142857,74,0.00952380952381,0.147528869078,37,36,0,0.972972972973,2,0.567567567568,0.405405405405,0,-71,-0.0533033033033,-0.324324324324,-3.83783783784,-11.9333333333,-1.97222222222,-1.18913188566,0.192137470836,0.127404991198,-2.94926444335,0.113813725835,0.025042283663,-0.908932656883,0.0269768990974,0.0424942183563,-0.579945114934,-0.437917739848,-2,NaN,NaN,NaN,0.141814872958,0.120884446611,67,0.00862290862291,-0.473667712119,-0.162162162162,0.162162162162,-0.027027027027,128,17,88,1099,0.592592592593,0.98476702509,0.0152329749104,0.407407407407,0.88275862069,0.592592592593,0.709141274238,0.683275764867,0.577359617682,0.549356223176,124,195,0,0,0,0
365,WLNM_dir_neg,0.824641683103,0.707389317031,00:00:09,10,10,41,1231466265,threshold_sweep,0.5,0.869918699187,0.548717948718,0.672955974843,107,16,88,374,0.548717948718,0.958974358974,0.0410256410256,0.451282051282,0.869918699187,0.548717948718,0.672955974843,0.822222222222,0.596581196581,0.559322033898,0.587322513779,0.507692307692,216,21,195,0,216,0,21,0,195,37,216,0.162162162162,1.32432432432,11.6756756757,21.6,6,8.1990990496,0.702237650082,0.31006006006,10.329336629,1.76937710775,0.765265265265,3.0868314707,0.528762798222,0.252752752753,0.579945114934,0.437917739848,2,1.32432432432,0.579945114934,2,0.0121701261701,0.00597269624573,7,0.000900900900901,0.621196581197,37,37,37,1,0,0.72972972973,0.243243243243,0.027027027027,37,0.0157657657658,1.27027027027,1.13513513514,2.33333333333,1.4,1.29447892052,1.14037428713,0.584298584299,1.14359424964,2.01490415413,0.815958815959,0.834683590768,1.47063299326,0.684684684685,0.508191163105,0.400065383721,2,1.45,0.604805318829,2,0,0,0,0,0.0574074074074,37,20,20,0.540540540541,0,0.351351351351,0.0540540540541,0.189189189189,37,144,0.108108108108,1,7.78378378378,10.2857142857,4,6.98862224196,0.897843829696,0.437875375375,7.39287864466,1.8995590962,0.794294294294,2.17030187076,0.557647008458,0.295045045045,0,0,0,NaN,NaN,NaN,0.153984999128,0.126857142857,74,0.00952380952381,0.166397779339,37,36,0,0.972972972973,2,0.594594594595,0.378378378378,0,-72,-0.0540540540541,-0.324324324324,-3.89189189189,-11.3142857143,-2,-1.21047680764,0.195606179615,0.127815315315,-2.93645798434,0.130181988452,0.029029029029,-0.916529599947,0.0288842102359,0.0422922922923,-0.579945114934,-0.437917739848,-2,NaN,NaN,NaN,0.141814872958,0.120884446611,67,0.00862290862291,-0.454798801858,-0.135135135135,0.135135135135,-0.027027027027,128,16,88,1100,0.592592592593,0.985663082437,0.0143369175627,0.407407407407,0.888888888889,0.592592592593,0.711111111111,0.686419180068,0.57825567503,0.551724137931,123,195,0,0,0,0
366,WLNM_dir_neg,0.824641683103,0.707389317031,00:00:09,10,10,41,1231466265,threshold_sweep,0.6,0.876033057851,0.54358974359,0.670886075949,106,15,89,375,0.54358974359,0.961538461538,0.0384615384615,0.45641025641,0.876033057851,0.54358974359,0.670886075949,0.822222222222,0.597720797721,0.558073654391,0.587894710758,0.505128205128,216,21,195,0,216,0,21,0,195,37,216,0.162162162162,1.32432432432,11.6756756757,21.6,6,8.1990990496,0.702237650082,0.31006006006,10.329336629,1.76937710775,0.765265265265,3.0868314707,0.528762798222,0.252752752753,0.579945114934,0.437917739848,2,1.32432432432,0.579945114934,2,0.0121701261701,0.00597269624573,7,0.000900900900901,0.621196581197,37,37,37,1,0,0.72972972973,0.243243243243,0.027027027027,37,0.0157657657658,1.27027027027,1.13513513514,2.33333333333,1.4,1.29447892052,1.14037428713,0.584298584299,1.14359424964,2.01490415413,0.815958815959,0.834683590768,1.47063299326,0.684684684685,0.508191163105,0.400065383721,2,1.45,0.604805318829,2,0,0,0,0,0.0574074074074,37,20,20,0.540540540541,0,0.351351351351,0.0540540540541,0.189189189189,37,142,0.106606606607,1,7.67567567568,10.9230769231,3.94444444444,6.92841994996,0.902646261086,0.439284354777,7.33149034991,1.91031790807,0.797487628474,2.0751641637,0.540711789133,0.287780738485,0,0,0,NaN,NaN,NaN,0.144149892436,0.119577960141,68,0.00875160875161,0.179165564863,37,36,0,0.972972972973,2,0.621621621622,0.351351351351,0,-74,-0.0555555555556,-0.324324324324,-4,-10.6769230769,-2.05555555556,-1.27067909964,0.200408611004,0.129224294717,-2.99784627909,0.140940800329,0.0322223632083,-1.011667307,0.0119489909108,0.0350279857322,-0.579945114934,-0.437917739848,-2,NaN,NaN,NaN,0.131979766265,0.113605263895,61,0.00785070785071,-0.442031016334,-0.108108108108,0.108108108108,-0.027027027027,127,15,89,1101,0.587962962963,0.986559139785,0.0134408602151,0.412037037037,0.894366197183,0.587962962963,0.709497206704,0.686195809115,0.574522102748,0.549783549784,121,195,0,0,0,0
367,WLNM_dir_neg,0.824641683103,0.707389317031,00:00:09,10,10,41,1231466265,threshold_sweep,0.7,0.880341880342,0.528205128205,0.660256410256,103,14,92,376,0.528205128205,0.964102564103,0.0358974358974,0.471794871795,0.880341880342,0.528205128205,0.660256410256,0.818803418803,0.6,0.547008547009,0.580190179435,0.492307692308,216,21,195,0,216,0,21,0,195,37,216,0.162162162162,1.32432432432,11.6756756757,21.6,6,8.1990990496,0.702237650082,0.31006006006,10.329336629,1.76937710775,0.765265265265,3.0868314707,0.528762798222,0.252752752753,0.579945114934,0.437917739848,2,1.32432432432,0.579945114934,2,0.0121701261701,0.00597269624573,7,0.000900900900901,0.621196581197,37,37,37,1,0,0.72972972973,0.243243243243,0.027027027027,37,0.0157657657658,1.27027027027,1.13513513514,2.33333333333,1.4,1.29447892052,1.14037428713,0.584298584299,1.14359424964,2.01490415413,0.815958815959,0.834683590768,1.47063299326,0.684684684685,0.508191163105,0.400065383721,2,1.45,0.604805318829,2,0,0,0,0,0.0574074074074,37,20,20,0.540540540541,0,0.351351351351,0.0540540540541,0.189189189189,37,138,0.103603603604,1.47278604766,7.45945945946,11.5,3.83333333333,6.80520468545,0.912291932469,0.438503721112,7.20589515084,1.93201536653,0.800235017626,1.98114232829,0.531175841642,0.279670975323,0.736323160196,0.499952563623,2.38812041816,1.48591899343,0.742360115621,2.38812041816,0.137923949067,0.111858190709,61,0.00785070785071,0.198652693574,37,36,36,0.972972972973,0,0.648648648649,0.324324324324,0,-78,-0.0585585585586,0.148461723337,-4.21621621622,-10.1,-2.16666666667,-1.39389436416,0.210054282387,0.128443661052,-3.12344147816,0.162638258785,0.0349697523611,-1.10568914242,0.00241304341935,0.0269182225704,0.156378045262,0.0620348237741,0.388120418164,0.161594669106,0.162415000687,0.388120418164,0.125753822897,0.105885494463,54,0.00694980694981,-0.422543887623,-0.0810810810811,0.0810810810811,-0.027027027027,124,14,92,1102,0.574074074074,0.987455197133,0.0125448028674,0.425925925926,0.898550724638,0.574074074074,0.700564971751,0.679187471563,0.561529271207,0.539130434783,117,195,0,0,0,0
368,WLNM_dir_neg,0.824641683103,0.707389317031,00:00:09,10,10,41,1231466265,threshold_sweep,0.8,0.880341880342,0.528205128205,0.660256410256,103,14,92,376,0.528205128205,0.964102564103,0.0358974358974,0.471794871795,0.880341880342,0.528205128205,0.660256410256,0.818803418803,0.6,0.547008547009,0.580190179435,0.492307692308,216,21,195,0,216,0,21,0,195,37,216,0.162162162162,1.32432432432,11.6756756757,21.6,6,8.1990990496,0.702237650082,0.31006006006,10.329336629,1.76937710775,0.765265265265,3.0868314707,0.528762798222,0.252752752753,0.579945114934,0.437917739848,2,1.32432432432,0.579945114934,2,0.0121701261701,0.00597269624573,7,0.000900900900901,0.621196581197,37,37,37,1,0,0.72972972973,0.243243243243,0.027027027027,37,0.0157657657658,1.27027027027,1.13513513514,2.33333333333,1.4,1.29447892052,1.14037428713,0.584298584299,1.14359424964,2.01490415413,0.815958815959,0.834683590768,1.47063299326,0.684684684685,0.508191163105,0.400065383721,2,1.45,0.604805318829,2,0,0,0,0,0.0574074074074,37,20,20,0.540540540541,0,0.351351351351,0.0540540540541,0.189189189189,37,138,0.103603603604,1.47278604766,7.45945945946,11.5,3.83333333333,6.80520468545,0.912291932469,0.438503721112,7.20589515084,1.93201536653,0.800235017626,1.98114232829,0.531175841642,0.279670975323,0.736323160196,0.499952563623,2.38812041816,1.48591899343,0.742360115621,2.38812041816,0.137923949067,0.111858190709,61,0.00785070785071,0.198652693574,37,36,36,0.972972972973,0,0.648648648649,0.324324324324,0,-78,-0.0585585585586,0.148461723337,-4.21621621622,-10.1,-2.16666666667,-1.39389436416,0.210054282387,0.128443661052,-3.12344147816,0.162638258785,0.0349697523611,-1.10568914242,0.00241304341935,0.0269182225704,0.156378045262,0.0620348237741,0.388120418164,0.161594669106,0.162415000687,0.388120418164,0.125753822897,0.105885494463,54,0.00694980694981,-0.422543887623,-0.0810810810811,0.0810810810811,-0.027027027027,124,14,92,1102,0.574074074074,0.987455197133,0.0125448028674,0.425925925926,0.898550724638,0.574074074074,0.700564971751,0.679187471563,0.561529271207,0.539130434783,117,195,0,0,0,0
369,WLNM_dir_neg,0.824641683103,0.707389317031,00:00:09,10,10,41,1231466265,threshold_sweep,0.9,0.898148148148,0.497435897436,0.640264026403,97,11,98,379,0.497435897436,0.971794871795,0.0282051282051,0.502564102564,0.898148148148,0.497435897436,0.640264026403,0.813675213675,0.605128205128,0.528138528139,0.57011835666,0.469230769231,216,21,195,0,216,0,21,0,195,37,216,0.162162162162,1.32432432432,11.6756756757,21.6,6,8.1990990496,0.702237650082,0.31006006006,10.329336629,1.76937710775,0.765265265265,3.0868314707,0.528762798222,0.252752752753,0.579945114934,0.437917739848,2,1.32432432432,0.579945114934,2,0.0121701261701,0.00597269624573,7,0.000900900900901,0.621196581197,37,37,37,1,0,0.72972972973,0.243243243243,0.027027027027,37,0.0157657657658,1.27027027027,1.13513513514,2.33333333333,1.4,1.29447892052,1.14037428713,0.584298584299,1.14359424964,2.01490415413,0.815958815959,0.834683590768,1.47063299326,0.684684684685,0.508191163105,0.400065383721,2,1.45,0.604805318829,2,0,0,0,0,0.0574074074074,37,20,20,0.540540540541,0,0.351351351351,0.0540540540541,0.189189189189,37,129,0.0968468468468,1.4275917548,6.97297297297,11.7272727273,3.68571428571,6.50421438798,0.93277493161,0.435575109994,7.1671380528,2.05569075933,0.819191284308,2.07661077535,0.595617044094,0.318877016551,0.706699984616,0.495029466401,2.27272727273,1.43946930354,0.712969280174,2.27272727273,0.124488634899,0.0900783289817,46,0.00592020592021,0.213171804733,37,36,36,0.972972972973,0,0.675675675676,0.27027027027,0.027027027027,-87,-0.0653153153153,0.103267430474,-4.7027027027,-9.87272727273,-2.31428571429,-1.69488466162,0.230537281528,0.125515049934,-3.1621985762,0.286313651584,0.0539260190423,-1.01022069535,0.0668542458711,0.0661242637987,0.126754869681,0.057111726552,0.272727272727,0.115144979218,0.13302416524,0.272727272727,0.112318508728,0.084105632736,39,0.00501930501931,-0.408024776463,-0.0540540540541,0.027027027027,0,118,11,98,1105,0.546296296296,0.990143369176,0.00985663082437,0.453703703704,0.914728682171,0.546296296296,0.684057971014,0.668578162138,0.536439665472,0.519823788546,108,195,0,0,0,0
370,WLNM_dir_neg,0.804122287968,0.740087348283,00:00:08,10,10,42,1231466266,threshold_sweep,0.1,0.668202764977,0.74358974359,0.703883495146,145,72,50,318,0.74358974359,0.815384615385,0.184615384615,0.25641025641,0.668202764977,0.74358974359,0.703883495146,0.791452991453,0.54301994302,0.543640897756,0.54549116317,0.558974358974,216,21,195,0,216,0,21,0,195,37,216,0.162162162162,1.32432432432,11.6756756757,21.6,6,8.1990990496,0.702237650082,0.31006006006,10.329336629,1.76937710775,0.765265265265,3.0868314707,0.528762798222,0.252752752753,0.579945114934,0.437917739848,2,1.32432432432,0.579945114934,2,0.0121701261701,0.00597269624573,7,0.000900900900901,0.621196581197,37,37,37,1,0,0.72972972973,0.243243243243,0.027027027027,37,0.0157657657658,1.21621621622,1.13513513514,2.625,1.3125,1.18232732266,1.04157406996,0.539253539254,1.21427940544,2.13944466673,0.833976833977,0.765235640562,1.34827231908,0.648648648649,0.417341795384,0.343147698427,1,1.3125,0.478713553878,1,0,0,0,0,0.0497448979592,37,16,16,0.432432432432,0,0.432432432432,0,0.216216216216,37,238,0.178678678679,3.76153301483,12.8648648649,7.21212121212,7.4375,8.07658536953,0.627801803934,0.342266636384,8.92418854245,1.38737384904,0.620258914377,5.74234050492,0.892716801185,0.456734044969,1.22895721671,0.326717115566,4.95238095238,3.76153301483,1.22895721671,4.95238095238,0.602061989046,0.433799237611,569,0.0732303732304,0.221092018263,37,37,37,1,0,0.108108108108,0.756756756757,0.135135135135,22,0.0165165165165,2.4372086905,1.18918918919,-14.3878787879,1.4375,-0.122513680079,-0.0744358461482,0.0322065763242,-1.40514808655,-0.382003258709,-0.145006350889,2.65550903422,0.363954002963,0.203981292217,0.649012101774,-0.111200624283,2.95238095238,2.4372086905,0.649012101774,2.95238095238,0.589891862876,0.427826541365,562,0.0723294723295,-0.400104562934,-0.621621621622,0.513513513514,0.108108108108,166,72,50,1044,0.768518518519,0.935483870968,0.0645161290323,0.231481481481,0.697478991597,0.768518518519,0.73127753304,0.677385610085,0.704002389486,0.576388888889,217,195,0,0,0,0
371,WLNM_dir_neg,0.804122287968,0.740087348283,00:00:08,10,10,42,1231466266,threshold_sweep,0.2,0.668202764977,0.74358974359,0.703883495146,145,72,50,318,0.74358974359,0.815384615385,0.184615384615,0.25641025641,0.668202764977,0.74358974359,0.703883495146,0.791452991453,0.54301994302,0.543640897756,0.54549116317,0.558974358974,216,21,195,0,216,0,21,0,195,37,216,0.162162162162,1.32432432432,11.6756756757,21.6,6,8.1990990496,0.702237650082,0.31006006006,10.329336629,1.76937710775,0.765265265265,3.0868314707,0.528762798222,0.252752752753,0.579945114934,0.437917739848,2,1.32432432432,0.579945114934,2,0.0121701261701,0.00597269624573,7,0.000900900900901,0.621196581197,37,37,37,1,0,0.72972972973,0.243243243243,0.027027027027,37,0.0157657657658,1.21621621622,1.13513513514,2.625,1.3125,1.18232732266,1.04157406996,0.539253539254,1.21427940544,2.13944466673,0.833976833977,0.765235640562,1.34827231908,0.648648648649,0.417341795384,0.343147698427,1,1.3125,0.478713553878,1,0,0,0,0,0.0497448979592,37,16,16,0.432432432432,0,0.432432432432,0,0.216216216216,37,238,0.178678678679,3.76153301483,12.8648648649,7.21212121212,7.4375,8.07658536953,0.627801803934,0.342266636384,8.92418854245,1.38737384904,0.620258914377,5.74234050492,0.892716801185,0.456734044969,1.22895721671,0.326717115566,4.95238095238,3.76153301483,1.22895721671,4.95238095238,0.602061989046,0.433799237611,569,0.0732303732304,0.221092018263,37,37,37,1,0,0.108108108108,0.756756756757,0.135135135135,22,0.0165165165165,2.4372086905,1.18918918919,-14.3878787879,1.4375,-0.122513680079,-0.0744358461482,0.0322065763242,-1.40514808655,-0.382003258709,-0.145006350889,2.65550903422,0.363954002963,0.203981292217,0.649012101774,-0.111200624283,2.95238095238,2.4372086905,0.649012101774,2.95238095238,0.589891862876,0.427826541365,562,0.0723294723295,-0.400104562934,-0.621621621622,0.513513513514,0.108108108108,166,72,50,1044,0.768518518519,0.935483870968,0.0645161290323,0.231481481481,0.697478991597,0.768518518519,0.73127753304,0.677385610085,0.704002389486,0.576388888889,217,195,0,0,0,0
372,WLNM_dir_neg,0.804122287968,0.740087348283,00:00:08,10,10,42,1231466266,threshold_sweep,0.3,0.818181818182,0.692307692308,0.75,135,30,60,360,0.692307692308,0.923076923077,0.0769230769231,0.307692307692,0.818181818182,0.692307692308,0.75,0.846153846154,0.57264957265,0.64,0.64465837122,0.615384615385,216,21,195,0,216,0,21,0,195,37,216,0.162162162162,1.32432432432,11.6756756757,21.6,6,8.1990990496,0.702237650082,0.31006006006,10.329336629,1.76937710775,0.765265265265,3.0868314707,0.528762798222,0.252752752753,0.579945114934,0.437917739848,2,1.32432432432,0.579945114934,2,0.0121701261701,0.00597269624573,7,0.000900900900901,0.621196581197,37,37,37,1,0,0.72972972973,0.243243243243,0.027027027027,37,0.0157657657658,1.21621621622,1.13513513514,2.625,1.3125,1.18232732266,1.04157406996,0.539253539254,1.21427940544,2.13944466673,0.833976833977,0.765235640562,1.34827231908,0.648648648649,0.417341795384,0.343147698427,1,1.3125,0.478713553878,1,0,0,0,0,0.0497448979592,37,16,16,0.432432432432,0,0.432432432432,0,0.216216216216,37,186,0.13963963964,2.1374879222,10.0540540541,8.08695652174,5.8125,7.68095026654,0.7639654835,0.378959604766,8.93335350273,1.77706494409,0.758209822726,3.73040425637,0.742069663901,0.369078756176,1.20775499336,0.56503476853,5,2.1374879222,1.20775499336,5,0.476141240018,0.283308931186,258,0.0332046332046,0.294891246411,37,37,37,1,0,0.378378378378,0.486486486486,0.135135135135,-30,-0.0225225225225,0.813163597877,-1.62162162162,-13.5130434783,-0.1875,-0.518148783069,0.0617278334177,0.068899544706,-1.39598312627,0.00768783634687,-0.00705544253931,0.643572785662,0.213306865678,0.116326003423,0.627809878421,0.127117028681,3,0.813163597877,0.627809878421,3,0.463971113848,0.27733623494,251,0.0323037323037,-0.326305334785,-0.351351351351,0.243243243243,0.108108108108,156,30,60,1086,0.722222222222,0.97311827957,0.0268817204301,0.277777777778,0.838709677419,0.722222222222,0.776119402985,0.739448136167,0.695340501792,0.634146341463,165,195,0,0,0,0
373,WLNM_dir_neg,0.804122287968,0.740087348283,00:00:08,10,10,42,1231466266,threshold_sweep,0.4,0.818181818182,0.692307692308,0.75,135,30,60,360,0.692307692308,0.923076923077,0.0769230769231,0.307692307692,0.818181818182,0.692307692308,0.75,0.846153846154,0.57264957265,0.64,0.64465837122,0.615384615385,216,21,195,0,216,0,21,0,195,37,216,0.162162162162,1.32432432432,11.6756756757,21.6,6,8.1990990496,0.702237650082,0.31006006006,10.329336629,1.76937710775,0.765265265265,3.0868314707,0.528762798222,0.252752752753,0.579945114934,0.437917739848,2,1.32432432432,0.579945114934,2,0.0121701261701,0.00597269624573,7,0.000900900900901,0.621196581197,37,37,37,1,0,0.72972972973,0.243243243243,0.027027027027,37,0.0157657657658,1.21621621622,1.13513513514,2.625,1.3125,1.18232732266,1.04157406996,0.539253539254,1.21427940544,2.13944466673,0.833976833977,0.765235640562,1.34827231908,0.648648648649,0.417341795384,0.343147698427,1,1.3125,0.478713553878,1,0,0,0,0,0.0497448979592,37,16,16,0.432432432432,0,0.432432432432,0,0.216216216216,37,186,0.13963963964,2.1374879222,10.0540540541,8.08695652174,5.8125,7.68095026654,0.7639654835,0.378959604766,8.93335350273,1.77706494409,0.758209822726,3.73040425637,0.742069663901,0.369078756176,1.20775499336,0.56503476853,5,2.1374879222,1.20775499336,5,0.476141240018,0.283308931186,258,0.0332046332046,0.294891246411,37,37,37,1,0,0.378378378378,0.486486486486,0.135135135135,-30,-0.0225225225225,0.813163597877,-1.62162162162,-13.5130434783,-0.1875,-0.518148783069,0.0617278334177,0.068899544706,-1.39598312627,0.00768783634687,-0.00705544253931,0.643572785662,0.213306865678,0.116326003423,0.627809878421,0.127117028681,3,0.813163597877,0.627809878421,3,0.463971113848,0.27733623494,251,0.0323037323037,-0.326305334785,-0.351351351351,0.243243243243,0.108108108108,156,30,60,1086,0.722222222222,0.97311827957,0.0268817204301,0.277777777778,0.838709677419,0.722222222222,0.776119402985,0.739448136167,0.695340501792,0.634146341463,165,195,0,0,0,0
374,WLNM_dir_neg,0.804122287968,0.740087348283,00:00:08,10,10,42,1231466266,threshold_sweep,0.5,0.818181818182,0.692307692308,0.75,135,30,60,360,0.692307692308,0.923076923077,0.0769230769231,0.307692307692,0.818181818182,0.692307692308,0.75,0.846153846154,0.57264957265,0.64,0.64465837122,0.615384615385,216,21,195,0,216,0,21,0,195,37,216,0.162162162162,1.32432432432,11.6756756757,21.6,6,8.1990990496,0.702237650082,0.31006006006,10.329336629,1.76937710775,0.765265265265,3.0868314707,0.528762798222,0.252752752753,0.579945114934,0.437917739848,2,1.32432432432,0.579945114934,2,0.0121701261701,0.00597269624573,7,0.000900900900901,0.621196581197,37,37,37,1,0,0.72972972973,0.243243243243,0.027027027027,37,0.0157657657658,1.21621621622,1.13513513514,2.625,1.3125,1.18232732266,1.04157406996,0.539253539254,1.21427940544,2.13944466673,0.833976833977,0.765235640562,1.34827231908,0.648648648649,0.417341795384,0.343147698427,1,1.3125,0.478713553878,1,0,0,0,0,0.0497448979592,37,16,16,0.432432432432,0,0.432432432432,0,0.216216216216,37,186,0.13963963964,2.1374879222,10.0540540541,8.08695652174,5.8125,7.68095026654,0.7639654835,0.378959604766,8.93335350273,1.77706494409,0.758209822726,3.73040425637,0.742069663901,0.369078756176,1.20775499336,0.56503476853,5,2.1374879222,1.20775499336,5,0.476141240018,0.283308931186,258,0.0332046332046,0.294891246411,37,37,37,1,0,0.378378378378,0.486486486486,0.135135135135,-30,-0.0225225225225,0.813163597877,-1.62162162162,-13.5130434783,-0.1875,-0.518148783069,0.0617278334177,0.068899544706,-1.39598312627,0.00768783634687,-0.00705544253931,0.643572785662,0.213306865678,0.116326003423,0.627809878421,0.127117028681,3,0.813163597877,0.627809878421,3,0.463971113848,0.27733623494,251,0.0323037323037,-0.326305334785,-0.351351351351,0.243243243243,0.108108108108,156,30,60,1086,0.722222222222,0.97311827957,0.0268817204301,0.277777777778,0.838709677419,0.722222222222,0.776119402985,0.739448136167,0.695340501792,0.634146341463,165,195,0,0,0,0
375,WLNM_dir_neg,0.804122287968,0.740087348283,00:00:08,10,10,42,1231466266,threshold_sweep,0.6,0.882352941176,0.692307692308,0.775862068966,135,18,60,372,0.692307692308,0.953846153846,0.0461538461538,0.307692307692,0.882352941176,0.692307692308,0.775862068966,0.866666666667,0.579487179487,0.682926829268,0.693103280084,0.646153846154,216,21,195,0,216,0,21,0,195,37,216,0.162162162162,1.32432432432,11.6756756757,21.6,6,8.1990990496,0.702237650082,0.31006006006,10.329336629,1.76937710775,0.765265265265,3.0868314707,0.528762798222,0.252752752753,0.579945114934,0.437917739848,2,1.32432432432,0.579945114934,2,0.0121701261701,0.00597269624573,7,0.000900900900901,0.621196581197,37,37,37,1,0,0.72972972973,0.243243243243,0.027027027027,37,0.0157657657658,1.21621621622,1.13513513514,2.625,1.3125,1.18232732266,1.04157406996,0.539253539254,1.21427940544,2.13944466673,0.833976833977,0.765235640562,1.34827231908,0.648648648649,0.417341795384,0.343147698427,1,1.3125,0.478713553878,1,0,0,0,0,0.0497448979592,37,16,16,0.432432432432,0,0.432432432432,0,0.216216216216,37,174,0.130630630631,1,9.40540540541,12.4285714286,5.4375,7.65019774421,0.813383093494,0.390338614477,9.08559563529,1.93199447417,0.802112457285,2.79746775242,0.594863832411,0.327430879155,0,0,0,NaN,NaN,NaN,0.439961157618,0.233719536556,195,0.0250965250965,0.220409503526,37,36,0,0.972972972973,2,0.594594594595,0.27027027027,0.108108108108,-42,-0.0315315315315,-0.324324324324,-2.27027027027,-9.17142857143,-0.5625,-0.548901305394,0.111145443412,0.0802785544165,-1.24374099371,0.162617366426,0.0368471920196,-0.289363718285,0.0661010341886,0.0746781264023,-0.579945114934,-0.437917739848,-2,NaN,NaN,NaN,0.427791031448,0.22774684031,188,0.0241956241956,-0.40078707767,-0.135135135135,0.027027027027,0.0810810810811,156,18,60,1098,0.722222222222,0.983870967742,0.0161290322581,0.277777777778,0.896551724138,0.722222222222,0.8,0.772310771314,0.706093189964,0.666666666667,153,195,0,0,0,0
376,WLNM_dir_neg,0.804122287968,0.740087348283,00:00:08,10,10,42,1231466266,threshold_sweep,0.7,0.882352941176,0.692307692308,0.775862068966,135,18,60,372,0.692307692308,0.953846153846,0.0461538461538,0.307692307692,0.882352941176,0.692307692308,0.775862068966,0.866666666667,0.579487179487,0.682926829268,0.693103280084,0.646153846154,216,21,195,0,216,0,21,0,195,37,216,0.162162162162,1.32432432432,11.6756756757,21.6,6,8.1990990496,0.702237650082,0.31006006006,10.329336629,1.76937710775,0.765265265265,3.0868314707,0.528762798222,0.252752752753,0.579945114934,0.437917739848,2,1.32432432432,0.579945114934,2,0.0121701261701,0.00597269624573,7,0.000900900900901,0.621196581197,37,37,37,1,0,0.72972972973,0.243243243243,0.027027027027,37,0.0157657657658,1.21621621622,1.13513513514,2.625,1.3125,1.18232732266,1.04157406996,0.539253539254,1.21427940544,2.13944466673,0.833976833977,0.765235640562,1.34827231908,0.648648648649,0.417341795384,0.343147698427,1,1.3125,0.478713553878,1,0,0,0,0,0.0497448979592,37,16,16,0.432432432432,0,0.432432432432,0,0.216216216216,37,174,0.130630630631,1,9.40540540541,12.4285714286,5.4375,7.65019774421,0.813383093494,0.390338614477,9.08559563529,1.93199447417,0.802112457285,2.79746775242,0.594863832411,0.327430879155,0,0,0,NaN,NaN,NaN,0.439961157618,0.233719536556,195,0.0250965250965,0.220409503526,37,36,0,0.972972972973,2,0.594594594595,0.27027027027,0.108108108108,-42,-0.0315315315315,-0.324324324324,-2.27027027027,-9.17142857143,-0.5625,-0.548901305394,0.111145443412,0.0802785544165,-1.24374099371,0.162617366426,0.0368471920196,-0.289363718285,0.0661010341886,0.0746781264023,-0.579945114934,-0.437917739848,-2,NaN,NaN,NaN,0.427791031448,0.22774684031,188,0.0241956241956,-0.40078707767,-0.135135135135,0.027027027027,0.0810810810811,156,18,60,1098,0.722222222222,0.983870967742,0.0161290322581,0.277777777778,0.896551724138,0.722222222222,0.8,0.772310771314,0.706093189964,0.666666666667,153,195,0,0,0,0
377,WLNM_dir_neg,0.804122287968,0.740087348283,00:00:08,10,10,42,1231466266,threshold_sweep,0.8,0.882352941176,0.692307692308,0.775862068966,135,18,60,372,0.692307692308,0.953846153846,0.0461538461538,0.307692307692,0.882352941176,0.692307692308,0.775862068966,0.866666666667,0.579487179487,0.682926829268,0.693103280084,0.646153846154,216,21,195,0,216,0,21,0,195,37,216,0.162162162162,1.32432432432,11.6756756757,21.6,6,8.1990990496,0.702237650082,0.31006006006,10.329336629,1.76937710775,0.765265265265,3.0868314707,0.528762798222,0.252752752753,0.579945114934,0.437917739848,2,1.32432432432,0.579945114934,2,0.0121701261701,0.00597269624573,7,0.000900900900901,0.621196581197,37,37,37,1,0,0.72972972973,0.243243243243,0.027027027027,37,0.0157657657658,1.21621621622,1.13513513514,2.625,1.3125,1.18232732266,1.04157406996,0.539253539254,1.21427940544,2.13944466673,0.833976833977,0.765235640562,1.34827231908,0.648648648649,0.417341795384,0.343147698427,1,1.3125,0.478713553878,1,0,0,0,0,0.0497448979592,37,16,16,0.432432432432,0,0.432432432432,0,0.216216216216,37,174,0.130630630631,1,9.40540540541,12.4285714286,5.4375,7.65019774421,0.813383093494,0.390338614477,9.08559563529,1.93199447417,0.802112457285,2.79746775242,0.594863832411,0.327430879155,0,0,0,NaN,NaN,NaN,0.439961157618,0.233719536556,195,0.0250965250965,0.220409503526,37,36,0,0.972972972973,2,0.594594594595,0.27027027027,0.108108108108,-42,-0.0315315315315,-0.324324324324,-2.27027027027,-9.17142857143,-0.5625,-0.548901305394,0.111145443412,0.0802785544165,-1.24374099371,0.162617366426,0.0368471920196,-0.289363718285,0.0661010341886,0.0746781264023,-0.579945114934,-0.437917739848,-2,NaN,NaN,NaN,0.427791031448,0.22774684031,188,0.0241956241956,-0.40078707767,-0.135135135135,0.027027027027,0.0810810810811,156,18,60,1098,0.722222222222,0.983870967742,0.0161290322581,0.277777777778,0.896551724138,0.722222222222,0.8,0.772310771314,0.706093189964,0.666666666667,153,195,0,0,0,0
378,WLNM_dir_neg,0.804122287968,0.740087348283,00:00:08,10,10,42,1231466266,threshold_sweep,0.9,0.878378378378,0.666666666667,0.758017492711,130,18,65,372,0.666666666667,0.953846153846,0.0461538461538,0.333333333333,0.878378378378,0.666666666667,0.758017492711,0.85811965812,0.582336182336,0.660300136426,0.672866322356,0.620512820513,216,21,195,0,216,0,21,0,195,37,216,0.162162162162,1.32432432432,11.6756756757,21.6,6,8.1990990496,0.702237650082,0.31006006006,10.329336629,1.76937710775,0.765265265265,3.0868314707,0.528762798222,0.252752752753,0.579945114934,0.437917739848,2,1.32432432432,0.579945114934,2,0.0121701261701,0.00597269624573,7,0.000900900900901,0.621196581197,37,37,37,1,0,0.72972972973,0.243243243243,0.027027027027,37,0.0157657657658,1.21621621622,1.13513513514,2.625,1.3125,1.18232732266,1.04157406996,0.539253539254,1.21427940544,2.13944466673,0.833976833977,0.765235640562,1.34827231908,0.648648648649,0.417341795384,0.343147698427,1,1.3125,0.478713553878,1,0,0,0,0,0.0497448979592,37,16,16,0.432432432432,0,0.432432432432,0,0.216216216216,37,169,0.126876876877,1,9.13513513514,12.0714285714,5.28125,7.35663782717,0.805312424868,0.386374540221,8.73861335472,1.9131875392,0.798336798337,2.65142037973,0.580488485502,0.31792739485,0,0,0,NaN,NaN,NaN,0.431912686088,0.229880136986,179,0.0230373230373,0.207763321344,37,36,0,0.972972972973,2,0.594594594595,0.27027027027,0.108108108108,-47,-0.0352852852853,-0.324324324324,-2.54054054054,-9.52857142857,-0.71875,-0.842461222436,0.103074774786,0.0763144801606,-1.59072327428,0.143810431455,0.0330715330715,-0.435411090977,0.0517256872799,0.0651746420977,-0.579945114934,-0.437917739848,-2,NaN,NaN,NaN,0.419742559918,0.223907440741,172,0.0221364221364,-0.413433259852,-0.135135135135,0.027027027027,0.0810810810811,151,18,65,1098,0.699074074074,0.983870967742,0.0161290322581,0.300925925926,0.89349112426,0.699074074074,0.784415584416,0.756330335197,0.682945041816,0.645299145299,148,195,0,0,0,0
379,WLNM_dir_neg,0.83835634451,0.66291600641,00:00:08,10,10,43,1231466267,threshold_sweep,0.1,0.853801169591,0.748717948718,0.79781420765,146,25,49,365,0.748717948718,0.935897435897,0.0641025641026,0.251282051282,0.853801169591,0.748717948718,0.79781420765,0.873504273504,0.569230769231,0.706349206349,0.709574561965,0.684615384615,216,21,195,0,216,0,21,0,195,37,216,0.162162162162,1.32432432432,11.6756756757,21.6,6,8.1990990496,0.702237650082,0.31006006006,10.329336629,1.76937710775,0.765265265265,3.0868314707,0.528762798222,0.252752752753,0.579945114934,0.437917739848,2,1.32432432432,0.579945114934,2,0.0121701261701,0.00597269624573,7,0.000900900900901,0.621196581197,37,37,37,1,0,0.72972972973,0.243243243243,0.027027027027,37,0.0157657657658,1.25675675676,1.13513513514,2.33333333333,1.4,1.20559257357,1.06206964815,0.541827541828,1.14359424964,2.01490415413,0.815958815959,0.765235640562,1.34827231908,0.664092664093,0.465797130699,0.37063427604,1.5,1.39473684211,0.542088230017,1.5,0,0,0,0,0.0345238095238,37,19,19,0.513513513514,0,0.378378378378,0.027027027027,0.216216216216,37,192,0.144144144144,2.10082924515,10.3783783784,9.14285714286,5.18918918919,7.74005222259,0.745786281864,0.381756756757,8.77761622233,1.69151979285,0.751689189189,3.2217820969,0.620864258256,0.321509009009,1.20265911068,0.572468758923,4.08468000252,2.10082924515,1.20265911068,4.08468000252,0.326627885216,0.220475319927,201,0.0258687258687,0.253344341694,37,37,37,1,0,0.432432432432,0.567567567568,0,-24,-0.018018018018,0.776504920827,-1.2972972973,-12.4571428571,-0.810810810811,-0.459046827015,0.0435486317822,0.0716966966967,-1.55172040667,-0.0778573149001,-0.0135760760761,0.134950626192,0.0921014600336,0.0687562562563,0.622713995747,0.134551019075,2.08468000252,0.776504920827,0.622713995747,2.08468000252,0.314457759046,0.214502623681,194,0.0249678249678,-0.367852239502,-0.297297297297,0.324324324324,-0.027027027027,167,25,49,1091,0.773148148148,0.977598566308,0.0224014336918,0.226851851852,0.869791666667,0.773148148148,0.81862745098,0.787860583025,0.750746714456,0.692946058091,171,195,0,0,0,0
380,WLNM_dir_neg,0.83835634451,0.66291600641,00:00:08,10,10,43,1231466267,threshold_sweep,0.2,0.852564102564,0.682051282051,0.757834757835,133,23,62,367,0.682051282051,0.941025641026,0.0589743589744,0.317948717949,0.852564102564,0.682051282051,0.757834757835,0.854700854701,0.577777777778,0.655870445344,0.664202231723,0.623076923077,216,21,195,0,216,0,21,0,195,37,216,0.162162162162,1.32432432432,11.6756756757,21.6,6,8.1990990496,0.702237650082,0.31006006006,10.329336629,1.76937710775,0.765265265265,3.0868314707,0.528762798222,0.252752752753,0.579945114934,0.437917739848,2,1.32432432432,0.579945114934,2,0.0121701261701,0.00597269624573,7,0.000900900900901,0.621196581197,37,37,37,1,0,0.72972972973,0.243243243243,0.027027027027,37,0.0157657657658,1.25675675676,1.13513513514,2.33333333333,1.4,1.20559257357,1.06206964815,0.541827541828,1.14359424964,2.01490415413,0.815958815959,0.765235640562,1.34827231908,0.664092664093,0.465797130699,0.37063427604,1.5,1.39473684211,0.542088230017,1.5,0,0,0,0,0.0345238095238,37,19,19,0.513513513514,0,0.378378378378,0.027027027027,0.216216216216,37,177,0.132882882883,2.11299052768,9.56756756757,8.42857142857,4.91666666667,7.47417977864,0.781199581383,0.404489234998,8.17902172612,1.7097390049,0.754008245534,3.26713546921,0.682960521812,0.34845014506,1.20859099517,0.571981265098,3.94258629706,2.14390693123,1.21080565139,3.94258629706,0.382820082791,0.231932773109,184,0.0236808236808,0.269313448578,37,36,36,0.972972972973,0,0.405405405405,0.567567567568,0,-39,-0.0292792792793,0.78866620336,-2.10810810811,-13.1714285714,-1.08333333333,-0.724919270969,0.0789619313009,0.0944291749376,-2.15031490288,-0.0596381028495,-0.0112570197316,0.180303998507,0.15419772359,0.0956973923076,0.628645880231,0.13406352525,1.94258629706,0.819582606907,0.630860536456,1.94258629706,0.370649956621,0.225960076864,177,0.0227799227799,-0.351883132618,-0.324324324324,0.324324324324,-0.027027027027,154,23,62,1093,0.712962962963,0.979390681004,0.0206093189964,0.287037037037,0.870056497175,0.712962962963,0.783715012723,0.751812132413,0.692353643967,0.644351464435,156,195,0,0,0,0
381,WLNM_dir_neg,0.83835634451,0.66291600641,00:00:08,10,10,43,1231466267,threshold_sweep,0.3,0.852564102564,0.682051282051,0.757834757835,133,23,62,367,0.682051282051,0.941025641026,0.0589743589744,0.317948717949,0.852564102564,0.682051282051,0.757834757835,0.854700854701,0.577777777778,0.655870445344,0.664202231723,0.623076923077,216,21,195,0,216,0,21,0,195,37,216,0.162162162162,1.32432432432,11.6756756757,21.6,6,8.1990990496,0.702237650082,0.31006006006,10.329336629,1.76937710775,0.765265265265,3.0868314707,0.528762798222,0.252752752753,0.579945114934,0.437917739848,2,1.32432432432,0.579945114934,2,0.0121701261701,0.00597269624573,7,0.000900900900901,0.621196581197,37,37,37,1,0,0.72972972973,0.243243243243,0.027027027027,37,0.0157657657658,1.25675675676,1.13513513514,2.33333333333,1.4,1.20559257357,1.06206964815,0.541827541828,1.14359424964,2.01490415413,0.815958815959,0.765235640562,1.34827231908,0.664092664093,0.465797130699,0.37063427604,1.5,1.39473684211,0.542088230017,1.5,0,0,0,0,0.0345238095238,37,19,19,0.513513513514,0,0.378378378378,0.027027027027,0.216216216216,37,177,0.132882882883,2.11299052768,9.56756756757,8.42857142857,4.91666666667,7.47417977864,0.781199581383,0.404489234998,8.17902172612,1.7097390049,0.754008245534,3.26713546921,0.682960521812,0.34845014506,1.20859099517,0.571981265098,3.94258629706,2.14390693123,1.21080565139,3.94258629706,0.382820082791,0.231932773109,184,0.0236808236808,0.269313448578,37,36,36,0.972972972973,0,0.405405405405,0.567567567568,0,-39,-0.0292792792793,0.78866620336,-2.10810810811,-13.1714285714,-1.08333333333,-0.724919270969,0.0789619313009,0.0944291749376,-2.15031490288,-0.0596381028495,-0.0112570197316,0.180303998507,0.15419772359,0.0956973923076,0.628645880231,0.13406352525,1.94258629706,0.819582606907,0.630860536456,1.94258629706,0.370649956621,0.225960076864,177,0.0227799227799,-0.351883132618,-0.324324324324,0.324324324324,-0.027027027027,154,23,62,1093,0.712962962963,0.979390681004,0.0206093189964,0.287037037037,0.870056497175,0.712962962963,0.783715012723,0.751812132413,0.692353643967,0.644351464435,156,195,0,0,0,0
382,WLNM_dir_neg,0.83835634451,0.66291600641,00:00:08,10,10,43,1231466267,threshold_sweep,0.4,0.850649350649,0.671794871795,0.750716332378,131,23,64,367,0.671794871795,0.941025641026,0.0589743589744,0.328205128205,0.850649350649,0.671794871795,0.750716332378,0.851282051282,0.578917378917,0.646820027064,0.655969893854,0.612820512821,216,21,195,0,216,0,21,0,195,37,216,0.162162162162,1.32432432432,11.6756756757,21.6,6,8.1990990496,0.702237650082,0.31006006006,10.329336629,1.76937710775,0.765265265265,3.0868314707,0.528762798222,0.252752752753,0.579945114934,0.437917739848,2,1.32432432432,0.579945114934,2,0.0121701261701,0.00597269624573,7,0.000900900900901,0.621196581197,37,37,37,1,0,0.72972972973,0.243243243243,0.027027027027,37,0.0157657657658,1.25675675676,1.13513513514,2.33333333333,1.4,1.20559257357,1.06206964815,0.541827541828,1.14359424964,2.01490415413,0.815958815959,0.765235640562,1.34827231908,0.664092664093,0.465797130699,0.37063427604,1.5,1.39473684211,0.542088230017,1.5,0,0,0,0,0.0345238095238,37,19,19,0.513513513514,0,0.378378378378,0.027027027027,0.216216216216,37,175,0.131381381381,2.10449412382,9.45945945946,8.33333333333,4.86111111111,7.36958688196,0.779070613236,0.402625482625,8.05760044461,1.70360695115,0.752741312741,3.22876523224,0.682653220531,0.346563706564,1.20245661552,0.571375610847,3.94242582868,2.13517451615,1.20473678521,3.94242582868,0.384725707591,0.232858990944,180,0.023166023166,0.267361577956,37,36,36,0.972972972973,0,0.405405405405,0.567567567568,0,-41,-0.0307807807808,0.780169799499,-2.21621621622,-13.2666666667,-1.13888888889,-0.829512167641,0.0768329631543,0.0925654225654,-2.27173618439,-0.0657701565999,-0.012523952524,0.141933761536,0.153890422308,0.093810953811,0.622511500589,0.133457870999,1.94242582868,0.810850191827,0.624791670274,1.94242582868,0.372555581421,0.226886294699,173,0.0222651222651,-0.353835003241,-0.324324324324,0.324324324324,-0.027027027027,152,23,64,1093,0.703703703704,0.979390681004,0.0206093189964,0.296296296296,0.868571428571,0.703703703704,0.777493606138,0.745339236801,0.683094384707,0.635983263598,154,195,0,0,0,0
383,WLNM_dir_neg,0.83835634451,0.66291600641,00:00:08,10,10,43,1231466267,threshold_sweep,0.5,0.852348993289,0.651282051282,0.738372093023,127,22,68,368,0.651282051282,0.94358974359,0.0564102564103,0.348717948718,0.852348993289,0.651282051282,0.738372093023,0.846153846154,0.581766381766,0.632152588556,0.643630488442,0.594871794872,216,21,195,0,216,0,21,0,195,37,216,0.162162162162,1.32432432432,11.6756756757,21.6,6,8.1990990496,0.702237650082,0.31006006006,10.329336629,1.76937710775,0.765265265265,3.0868314707,0.528762798222,0.252752752753,0.579945114934,0.437917739848,2,1.32432432432,0.579945114934,2,0.0121701261701,0.00597269624573,7,0.000900900900901,0.621196581197,37,37,37,1,0,0.72972972973,0.243243243243,0.027027027027,37,0.0157657657658,1.25675675676,1.13513513514,2.33333333333,1.4,1.20559257357,1.06206964815,0.541827541828,1.14359424964,2.01490415413,0.815958815959,0.765235640562,1.34827231908,0.664092664093,0.465797130699,0.37063427604,1.5,1.39473684211,0.542088230017,1.5,0,0,0,0,0.0345238095238,37,19,19,0.513513513514,0,0.378378378378,0.027027027027,0.216216216216,37,170,0.127627627628,2.09455155841,9.18918918919,8.09523809524,4.72222222222,7.16797599605,0.780044446628,0.401589825119,7.79408415067,1.69635949162,0.751033386328,3.1925212908,0.694842869173,0.349125596184,1.19352210253,0.569822259919,3.93424768832,2.12495576836,1.19583202646,3.93424768832,0.389647901313,0.239022181983,176,0.0226512226512,0.265246399335,37,36,36,0.972972972973,0,0.405405405405,0.567567567568,0,-46,-0.0345345345345,0.770227234084,-2.48648648649,-13.5047619048,-1.27777777778,-1.03112305356,0.0778067965466,0.0915297650592,-2.53525247833,-0.0730176161286,-0.0142318789378,0.105689820093,0.166080070951,0.0963728434317,0.613576987596,0.131904520071,1.93424768832,0.80063144404,0.615886911526,1.93424768832,0.377477775143,0.233049485737,169,0.0217503217503,-0.355950181862,-0.324324324324,0.324324324324,-0.027027027027,148,22,68,1094,0.685185185185,0.980286738351,0.0197132616487,0.314814814815,0.870588235294,0.685185185185,0.766839378238,0.735124988033,0.665471923536,0.621848739496,149,195,0,0,0,0
384,WLNM_dir_neg,0.83835634451,0.66291600641,00:00:08,10,10,43,1231466267,threshold_sweep,0.6,0.848275862069,0.630769230769,0.723529411765,123,22,72,368,0.630769230769,0.94358974359,0.0564102564103,0.369230769231,0.848275862069,0.630769230769,0.723529411765,0.839316239316,0.584045584046,0.613698630137,0.627079612271,0.574358974359,216,21,195,0,216,0,21,0,195,37,216,0.162162162162,1.32432432432,11.6756756757,21.6,6,8.1990990496,0.702237650082,0.31006006006,10.329336629,1.76937710775,0.765265265265,3.0868314707,0.528762798222,0.252752752753,0.579945114934,0.437917739848,2,1.32432432432,0.579945114934,2,0.0121701261701,0.00597269624573,7,0.000900900900901,0.621196581197,37,37,37,1,0,0.72972972973,0.243243243243,0.027027027027,37,0.0157657657658,1.25675675676,1.13513513514,2.33333333333,1.4,1.20559257357,1.06206964815,0.541827541828,1.14359424964,2.01490415413,0.815958815959,0.765235640562,1.34827231908,0.664092664093,0.465797130699,0.37063427604,1.5,1.39473684211,0.542088230017,1.5,0,0,0,0,0.0345238095238,37,19,19,0.513513513514,0,0.378378378378,0.027027027027,0.216216216216,37,166,0.124624624625,2.09588286909,8.97297297297,7.90476190476,4.61111111111,7.01382161833,0.781660843006,0.399544122436,7.58515224201,1.69066646358,0.748941712797,3.10574397619,0.692244139271,0.34125691957,1.19436881191,0.569864294197,3.93424768832,2.1263240599,1.19666545841,3.93424768832,0.395327250543,0.242510699001,170,0.021879021879,0.26144936525,37,36,36,0.972972972973,0,0.405405405405,0.567567567568,0,-50,-0.0375375375375,0.771558544766,-2.7027027027,-13.6952380952,-1.38888888889,-1.18527743128,0.0794231929243,0.0894840623756,-2.74418438699,-0.0787106441638,-0.0163235524681,0.0189125054868,0.163481341049,0.0885041668174,0.614423696979,0.131946554349,1.93424768832,0.801999735574,0.616720343473,1.93424768832,0.383157124373,0.236538002756,163,0.0209781209781,-0.359747215946,-0.324324324324,0.324324324324,-0.027027027027,144,22,72,1094,0.666666666667,0.980286738351,0.0197132616487,0.333333333333,0.867469879518,0.666666666667,0.753926701571,0.721985801086,0.646953405018,0.605042016807,145,195,0,0,0,0
385,WLNM_dir_neg,0.83835634451,0.66291600641,00:00:08,10,10,43,1231466267,threshold_sweep,0.7,0.846153846154,0.620512820513,0.715976331361,121,22,74,368,0.620512820513,0.94358974359,0.0564102564103,0.379487179487,0.846153846154,0.620512820513,0.715976331361,0.835897435897,0.585185185185,0.604395604396,0.618768974261,0.564102564103,216,21,195,0,216,0,21,0,195,37,216,0.162162162162,1.32432432432,11.6756756757,21.6,6,8.1990990496,0.702237650082,0.31006006006,10.329336629,1.76937710775,0.765265265265,3.0868314707,0.528762798222,0.252752752753,0.579945114934,0.437917739848,2,1.32432432432,0.579945114934,2,0.0121701261701,0.00597269624573,7,0.000900900900901,0.621196581197,37,37,37,1,0,0.72972972973,0.243243243243,0.027027027027,37,0.0157657657658,1.25675675676,1.13513513514,2.33333333333,1.4,1.20559257357,1.06206964815,0.541827541828,1.14359424964,2.01490415413,0.815958815959,0.765235640562,1.34827231908,0.664092664093,0.465797130699,0.37063427604,1.5,1.39473684211,0.542088230017,1.5,0,0,0,0,0.0345238095238,37,19,19,0.513513513514,0,0.378378378378,0.027027027027,0.216216216216,37,164,0.123123123123,2.0965516485,8.86486486486,7.80952380952,4.55555555556,6.90073330307,0.7784363787,0.39930784443,7.44811885475,1.68036827821,0.74686882004,3.08707467192,0.696474163788,0.340474620962,1.19483174037,0.569903317776,3.93442657549,2.12701141652,1.19712271401,3.93442657549,0.394007992159,0.242528172464,165,0.0212355212355,0.260340121224,37,36,36,0.972972972973,0,0.405405405405,0.567567567568,0,-52,-0.039039039039,0.77222732418,-2.81081081081,-13.7904761905,-1.44444444444,-1.29836574653,0.0761987286183,0.0892477843697,-2.88121777425,-0.0890088295396,-0.0183964452257,0.000243201219261,0.167711365565,0.0877218682097,0.614886625438,0.131985577928,1.93442657549,0.802687092194,0.617177599078,1.93442657549,0.381837865989,0.236555476219,158,0.0203346203346,-0.360856459973,-0.324324324324,0.324324324324,-0.027027027027,142,22,74,1094,0.657407407407,0.980286738351,0.0197132616487,0.342592592593,0.865853658537,0.657407407407,0.747368421053,0.715365608628,0.637694145759,0.596638655462,143,195,0,0,0,0
386,WLNM_dir_neg,0.83835634451,0.66291600641,00:00:08,10,10,43,1231466267,threshold_sweep,0.8,0.916666666667,0.620512820513,0.74006116208,121,11,74,379,0.620512820513,0.971794871795,0.0282051282051,0.379487179487,0.916666666667,0.620512820513,0.74006116208,0.854700854701,0.591452991453,0.644351464435,0.667976087132,0.592307692308,216,21,195,0,216,0,21,0,195,37,216,0.162162162162,1.32432432432,11.6756756757,21.6,6,8.1990990496,0.702237650082,0.31006006006,10.329336629,1.76937710775,0.765265265265,3.0868314707,0.528762798222,0.252752752753,0.579945114934,0.437917739848,2,1.32432432432,0.579945114934,2,0.0121701261701,0.00597269624573,7,0.000900900900901,0.621196581197,37,37,37,1,0,0.72972972973,0.243243243243,0.027027027027,37,0.0157657657658,1.25675675676,1.13513513514,2.33333333333,1.4,1.20559257357,1.06206964815,0.541827541828,1.14359424964,2.01490415413,0.815958815959,0.765235640562,1.34827231908,0.664092664093,0.465797130699,0.37063427604,1.5,1.39473684211,0.542088230017,1.5,0,0,0,0,0.0345238095238,37,19,19,0.513513513514,0,0.378378378378,0.027027027027,0.216216216216,37,153,0.114864864865,1.39924610057,8.27027027027,12.75,4.25,6.75626724954,0.816934275271,0.40911499735,7.59445032084,1.83656641746,0.788199964671,2.43996996979,0.590058097268,0.323971029853,0.602986079472,0.430936401558,1.97928233826,1.41033627003,0.60770045435,1.97928233826,0.361040044104,0.204831932773,130,0.016731016731,0.2606445781,37,36,36,0.972972972973,0,0.648648648649,0.324324324324,0,-63,-0.0472972972973,0.0749217762409,-3.40540540541,-8.85,-1.75,-1.44283180007,0.114696625189,0.0990549372902,-2.73488630816,0.0671893097122,0.0229346994053,-0.646861500919,0.0612952990459,0.0712182771006,0.023040964537,-0.00698133829056,-0.0207176617353,0.086011945701,0.0277553394151,-0.0207176617353,0.348869917934,0.198859236527,123,0.0158301158301,-0.360552003097,-0.0810810810811,0.0810810810811,-0.027027027027,142,11,74,1105,0.657407407407,0.990143369176,0.00985663082437,0.342592592593,0.928104575163,0.657407407407,0.769647696477,0.748566148182,0.647550776583,0.625550660793,132,195,0,0,0,0
387,WLNM_dir_neg,0.83835634451,0.66291600641,00:00:08,10,10,43,1231466267,threshold_sweep,0.9,0.937984496124,0.620512820513,0.746913580247,121,8,74,382,0.620512820513,0.979487179487,0.0205128205128,0.379487179487,0.937984496124,0.620512820513,0.746913580247,0.859829059829,0.593162393162,0.655462184874,0.682218642828,0.6,216,21,195,0,216,0,21,0,195,37,216,0.162162162162,1.32432432432,11.6756756757,21.6,6,8.1990990496,0.702237650082,0.31006006006,10.329336629,1.76937710775,0.765265265265,3.0868314707,0.528762798222,0.252752752753,0.579945114934,0.437917739848,2,1.32432432432,0.579945114934,2,0.0121701261701,0.00597269624573,7,0.000900900900901,0.621196581197,37,37,37,1,0,0.72972972973,0.243243243243,0.027027027027,37,0.0157657657658,1.25675675676,1.13513513514,2.33333333333,1.4,1.20559257357,1.06206964815,0.541827541828,1.14359424964,2.01490415413,0.815958815959,0.765235640562,1.34827231908,0.664092664093,0.465797130699,0.37063427604,1.5,1.39473684211,0.542088230017,1.5,0,0,0,0,0.0345238095238,37,19,19,0.513513513514,0,0.378378378378,0.027027027027,0.216216216216,37,150,0.112612612613,1.27969032869,8.10810810811,16.6666666667,4.16666666667,6.76093264352,0.833848359367,0.41045045045,7.63379163816,1.88300193741,0.795315315315,2.27236961423,0.560517838176,0.311351351351,0.516589508675,0.403683217022,1.84986746921,1.28745950448,0.521720513405,1.84986746921,0.331240562379,0.177514792899,110,0.014157014157,0.409721381306,37,36,36,0.972972972973,0,0.72972972973,0.243243243243,0,-66,-0.0495495495495,-0.044633995639,-3.56756756757,-4.93333333333,-1.83333333333,-1.43816640608,0.131610709286,0.10039039039,-2.69554499084,0.113624829666,0.0300500500501,-0.814461856477,0.0317550399536,0.0585985985986,-0.0633556062592,-0.0342345228267,-0.150132530786,-0.0368648198422,-0.0582246015299,-0.150132530786,0.319070436209,0.171542096654,103,0.0132561132561,-0.211475199891,0,0,-0.027027027027,142,8,74,1108,0.657407407407,0.992831541219,0.00716845878136,0.342592592593,0.946666666667,0.657407407407,0.775956284153,0.758189184208,0.650238948626,0.633928571429,129,195,0,0,0,0
388,WLNM_dir_neg,0.791124260355,0.70389959859,00:00:07,10,10,44,1231466268,threshold_sweep,0.1,0.677777777778,0.625641025641,0.650666666667,122,58,73,332,0.625641025641,0.851282051282,0.148717948718,0.374358974359,0.677777777778,0.625641025641,0.650666666667,0.776068376068,0.564102564103,0.486274509804,0.487118004817,0.476923076923,216,21,195,0,216,0,21,0,195,37,216,0.162162162162,1.32432432432,11.6756756757,21.6,6,8.1990990496,0.702237650082,0.31006006006,10.329336629,1.76937710775,0.765265265265,3.0868314707,0.528762798222,0.252752752753,0.579945114934,0.437917739848,2,1.32432432432,0.579945114934,2,0.0121701261701,0.00597269624573,7,0.000900900900901,0.621196581197,37,37,37,1,0,0.72972972973,0.243243243243,0.027027027027,37,0.0157657657658,1.24324324324,1.13513513514,2.625,1.3125,1.45606322669,1.28272236637,0.589446589447,1.38525048959,2.44067943405,0.862290862291,0.765235640562,1.34827231908,0.648648648649,0.49471683289,0.397924409064,2,1.38095238095,0.589592272354,2,0,0,0,0,0.0458758503401,37,21,21,0.567567567568,0,0.405405405405,0.027027027027,0.189189189189,37,201,0.150900900901,NaN,10.8648648649,5.43243243243,6.09090909091,7.97622217094,0.734129901305,0.364797633454,8.50339977937,1.56530244695,0.629554928062,5.0746676987,0.934142810209,0.432432432432,NaN,NaN,NaN,NaN,NaN,NaN,0.459124521031,0.312883435583,323,0.0415701415701,0.212005401367,37,37,0,1,2,0,0.891891891892,0.108108108108,-15,-0.0112612612613,NaN,-0.810810810811,-16.1675675676,0.0909090909091,-0.222876878669,0.0318922512231,0.0547375733943,-1.82593684963,-0.204074660796,-0.135710337203,1.987836228,0.405380011986,0.17967967968,NaN,NaN,NaN,NaN,NaN,NaN,0.446954394861,0.306910739337,316,0.0406692406692,-0.40919117983,-0.72972972973,0.648648648649,0.0810810810811,143,58,73,1058,0.662037037037,0.948028673835,0.0519713261649,0.337962962963,0.71144278607,0.662037037037,0.685851318945,0.628212042852,0.610065710872,0.521897810219,180,195,0,0,0,0
389,WLNM_dir_neg,0.791124260355,0.70389959859,00:00:07,10,10,44,1231466268,threshold_sweep,0.2,0.675977653631,0.620512820513,0.647058823529,121,58,74,332,0.620512820513,0.851282051282,0.148717948718,0.379487179487,0.675977653631,0.620512820513,0.647058823529,0.774358974359,0.564672364672,0.48167539267,0.482628865362,0.471794871795,216,21,195,0,216,0,21,0,195,37,216,0.162162162162,1.32432432432,11.6756756757,21.6,6,8.1990990496,0.702237650082,0.31006006006,10.329336629,1.76937710775,0.765265265265,3.0868314707,0.528762798222,0.252752752753,0.579945114934,0.437917739848,2,1.32432432432,0.579945114934,2,0.0121701261701,0.00597269624573,7,0.000900900900901,0.621196581197,37,37,37,1,0,0.72972972973,0.243243243243,0.027027027027,37,0.0157657657658,1.24324324324,1.13513513514,2.625,1.3125,1.45606322669,1.28272236637,0.589446589447,1.38525048959,2.44067943405,0.862290862291,0.765235640562,1.34827231908,0.648648648649,0.49471683289,0.397924409064,2,1.38095238095,0.589592272354,2,0,0,0,0,0.0458758503401,37,21,21,0.567567567568,0,0.405405405405,0.027027027027,0.189189189189,37,200,0.15015015015,NaN,10.8108108108,5.40540540541,6.06060606061,7.93318570534,0.733819677744,0.363648648649,8.4408380951,1.56155504759,0.628918918919,5.06874660959,0.937718122773,0.430810810811,NaN,NaN,NaN,NaN,NaN,NaN,0.459019204283,0.312336814621,319,0.0410553410553,0.211832796443,37,37,0,1,2,0,0.891891891892,0.108108108108,-16,-0.012012012012,NaN,-0.864864864865,-16.1945945946,0.0606060606061,-0.265913344263,0.0315820276622,0.0535885885886,-1.8884985339,-0.207822060151,-0.136346346346,1.98191513888,0.408955324551,0.178058058058,NaN,NaN,NaN,NaN,NaN,NaN,0.446849078113,0.306364118376,312,0.0401544401544,-0.409363784753,-0.72972972973,0.648648648649,0.0810810810811,142,58,74,1058,0.657407407407,0.948028673835,0.0519713261649,0.342592592593,0.71,0.657407407407,0.682692307692,0.624725252123,0.605436081243,0.518248175182,179,195,0,0,0,0
390,WLNM_dir_neg,0.791124260355,0.70389959859,00:00:07,10,10,44,1231466268,threshold_sweep,0.3,0.675977653631,0.620512820513,0.647058823529,121,58,74,332,0.620512820513,0.851282051282,0.148717948718,0.379487179487,0.675977653631,0.620512820513,0.647058823529,0.774358974359,0.564672364672,0.48167539267,0.482628865362,0.471794871795,216,21,195,0,216,0,21,0,195,37,216,0.162162162162,1.32432432432,11.6756756757,21.6,6,8.1990990496,0.702237650082,0.31006006006,10.329336629,1.76937710775,0.765265265265,3.0868314707,0.528762798222,0.252752752753,0.579945114934,0.437917739848,2,1.32432432432,0.579945114934,2,0.0121701261701,0.00597269624573,7,0.000900900900901,0.621196581197,37,37,37,1,0,0.72972972973,0.243243243243,0.027027027027,37,0.0157657657658,1.24324324324,1.13513513514,2.625,1.3125,1.45606322669,1.28272236637,0.589446589447,1.38525048959,2.44067943405,0.862290862291,0.765235640562,1.34827231908,0.648648648649,0.49471683289,0.397924409064,2,1.38095238095,0.589592272354,2,0,0,0,0,0.0458758503401,37,21,21,0.567567567568,0,0.405405405405,0.027027027027,0.189189189189,37,200,0.15015015015,NaN,10.8108108108,5.40540540541,6.06060606061,7.93318570534,0.733819677744,0.363648648649,8.4408380951,1.56155504759,0.628918918919,5.06874660959,0.937718122773,0.430810810811,NaN,NaN,NaN,NaN,NaN,NaN,0.459019204283,0.312336814621,319,0.0410553410553,0.211832796443,37,37,0,1,2,0,0.891891891892,0.108108108108,-16,-0.012012012012,NaN,-0.864864864865,-16.1945945946,0.0606060606061,-0.265913344263,0.0315820276622,0.0535885885886,-1.8884985339,-0.207822060151,-0.136346346346,1.98191513888,0.408955324551,0.178058058058,NaN,NaN,NaN,NaN,NaN,NaN,0.446849078113,0.306364118376,312,0.0401544401544,-0.409363784753,-0.72972972973,0.648648648649,0.0810810810811,142,58,74,1058,0.657407407407,0.948028673835,0.0519713261649,0.342592592593,0.71,0.657407407407,0.682692307692,0.624725252123,0.605436081243,0.518248175182,179,195,0,0,0,0
391,WLNM_dir_neg,0.791124260355,0.70389959859,00:00:07,10,10,44,1231466268,threshold_sweep,0.4,0.685897435897,0.548717948718,0.609686609687,107,49,88,341,0.548717948718,0.874358974359,0.125641025641,0.451282051282,0.685897435897,0.548717948718,0.609686609687,0.765811965812,0.577777777778,0.445344129555,0.451001515368,0.423076923077,216,21,195,0,216,0,21,0,195,37,216,0.162162162162,1.32432432432,11.6756756757,21.6,6,8.1990990496,0.702237650082,0.31006006006,10.329336629,1.76937710775,0.765265265265,3.0868314707,0.528762798222,0.252752752753,0.579945114934,0.437917739848,2,1.32432432432,0.579945114934,2,0.0121701261701,0.00597269624573,7,0.000900900900901,0.621196581197,37,37,37,1,0,0.72972972973,0.243243243243,0.027027027027,37,0.0157657657658,1.24324324324,1.13513513514,2.625,1.3125,1.45606322669,1.28272236637,0.589446589447,1.38525048959,2.44067943405,0.862290862291,0.765235640562,1.34827231908,0.648648648649,0.49471683289,0.397924409064,2,1.38095238095,0.589592272354,2,0,0,0,0,0.0458758503401,37,21,21,0.567567567568,0,0.405405405405,0.027027027027,0.189189189189,37,177,0.132882882883,1,9.56756756757,4.91666666667,5.36363636364,7.51495006467,0.785460882465,0.380821499466,7.86036165105,1.64312644683,0.644373186746,4.69713349428,0.981886662646,0.441594136509,0,0,0,NaN,NaN,NaN,0.440443984599,0.266482431899,225,0.0289575289575,0.237128242665,37,37,0,1,2,0.027027027027,0.864864864865,0.108108108108,-39,-0.0292792792793,-0.324324324324,-2.10810810811,-16.6833333333,-0.636363636364,-0.684148984935,0.0832232323836,0.0707614394055,-2.46897497795,-0.126250660916,-0.120892078519,1.61030202357,0.453123864423,0.188841383757,-0.579945114934,-0.437917739848,-2,NaN,NaN,NaN,0.428273858429,0.260509735653,218,0.0280566280566,-0.384068338532,-0.702702702703,0.621621621622,0.0810810810811,128,49,88,1067,0.592592592593,0.956093189964,0.0439068100358,0.407407407407,0.723163841808,0.592592592593,0.651399491094,0.595806249889,0.548685782557,0.483018867925,156,195,0,0,0,0
392,WLNM_dir_neg,0.791124260355,0.70389959859,00:00:07,10,10,44,1231466268,threshold_sweep,0.5,0.681818181818,0.538461538462,0.601719197708,105,49,90,341,0.538461538462,0.874358974359,0.125641025641,0.461538461538,0.681818181818,0.538461538462,0.601719197708,0.762393162393,0.578917378917,0.435723951286,0.441887669081,0.412820512821,216,21,195,0,216,0,21,0,195,37,216,0.162162162162,1.32432432432,11.6756756757,21.6,6,8.1990990496,0.702237650082,0.31006006006,10.329336629,1.76937710775,0.765265265265,3.0868314707,0.528762798222,0.252752752753,0.579945114934,0.437917739848,2,1.32432432432,0.579945114934,2,0.0121701261701,0.00597269624573,7,0.000900900900901,0.621196581197,37,37,37,1,0,0.72972972973,0.243243243243,0.027027027027,37,0.0157657657658,1.24324324324,1.13513513514,2.625,1.3125,1.45606322669,1.28272236637,0.589446589447,1.38525048959,2.44067943405,0.862290862291,0.765235640562,1.34827231908,0.648648648649,0.49471683289,0.397924409064,2,1.38095238095,0.589592272354,2,0,0,0,0,0.0458758503401,37,21,21,0.567567567568,0,0.405405405405,0.027027027027,0.189189189189,37,175,0.131381381381,1,9.45945945946,4.86111111111,5.30303030303,7.40343236687,0.782648564498,0.379922779923,7.70875637992,1.6298513489,0.640926640927,4.69425564238,0.992499764389,0.443243243243,0,0,0,NaN,NaN,NaN,0.439861324744,0.267531414674,220,0.028314028314,0.236868193464,37,37,0,1,2,0.027027027027,0.864864864865,0.108108108108,-41,-0.0307807807808,-0.324324324324,-2.21621621622,-16.7388888889,-0.69696969697,-0.795666682735,0.0804109144158,0.0698627198627,-2.62058024908,-0.139525758848,-0.124338624339,1.60742417168,0.463736966167,0.19049049049,-0.579945114934,-0.437917739848,-2,NaN,NaN,NaN,0.427691198574,0.261558718428,213,0.0274131274131,-0.384328387733,-0.702702702703,0.621621621622,0.0810810810811,126,49,90,1067,0.583333333333,0.956093189964,0.0439068100358,0.416666666667,0.72,0.583333333333,0.644501278772,0.588580088178,0.539426523297,0.475471698113,154,195,0,0,0,0
393,WLNM_dir_neg,0.791124260355,0.70389959859,00:00:07,10,10,44,1231466268,threshold_sweep,0.6,0.681818181818,0.538461538462,0.601719197708,105,49,90,341,0.538461538462,0.874358974359,0.125641025641,0.461538461538,0.681818181818,0.538461538462,0.601719197708,0.762393162393,0.578917378917,0.435723951286,0.441887669081,0.412820512821,216,21,195,0,216,0,21,0,195,37,216,0.162162162162,1.32432432432,11.6756756757,21.6,6,8.1990990496,0.702237650082,0.31006006006,10.329336629,1.76937710775,0.765265265265,3.0868314707,0.528762798222,0.252752752753,0.579945114934,0.437917739848,2,1.32432432432,0.579945114934,2,0.0121701261701,0.00597269624573,7,0.000900900900901,0.621196581197,37,37,37,1,0,0.72972972973,0.243243243243,0.027027027027,37,0.0157657657658,1.24324324324,1.13513513514,2.625,1.3125,1.45606322669,1.28272236637,0.589446589447,1.38525048959,2.44067943405,0.862290862291,0.765235640562,1.34827231908,0.648648648649,0.49471683289,0.397924409064,2,1.38095238095,0.589592272354,2,0,0,0,0,0.0458758503401,37,21,21,0.567567567568,0,0.405405405405,0.027027027027,0.189189189189,37,175,0.131381381381,1,9.45945945946,4.86111111111,5.30303030303,7.40343236687,0.782648564498,0.379922779923,7.70875637992,1.6298513489,0.640926640927,4.69425564238,0.992499764389,0.443243243243,0,0,0,NaN,NaN,NaN,0.439861324744,0.267531414674,220,0.028314028314,0.236868193464,37,37,0,1,2,0.027027027027,0.864864864865,0.108108108108,-41,-0.0307807807808,-0.324324324324,-2.21621621622,-16.7388888889,-0.69696969697,-0.795666682735,0.0804109144158,0.0698627198627,-2.62058024908,-0.139525758848,-0.124338624339,1.60742417168,0.463736966167,0.19049049049,-0.579945114934,-0.437917739848,-2,NaN,NaN,NaN,0.427691198574,0.261558718428,213,0.0274131274131,-0.384328387733,-0.702702702703,0.621621621622,0.0810810810811,126,49,90,1067,0.583333333333,0.956093189964,0.0439068100358,0.416666666667,0.72,0.583333333333,0.644501278772,0.588580088178,0.539426523297,0.475471698113,154,195,0,0,0,0
394,WLNM_dir_neg,0.791124260355,0.70389959859,00:00:07,10,10,44,1231466268,threshold_sweep,0.7,0.686274509804,0.538461538462,0.603448275862,105,48,90,342,0.538461538462,0.876923076923,0.123076923077,0.461538461538,0.686274509804,0.538461538462,0.603448275862,0.764102564103,0.579487179487,0.439024390244,0.44556639434,0.415384615385,216,21,195,0,216,0,21,0,195,37,216,0.162162162162,1.32432432432,11.6756756757,21.6,6,8.1990990496,0.702237650082,0.31006006006,10.329336629,1.76937710775,0.765265265265,3.0868314707,0.528762798222,0.252752752753,0.579945114934,0.437917739848,2,1.32432432432,0.579945114934,2,0.0121701261701,0.00597269624573,7,0.000900900900901,0.621196581197,37,37,37,1,0,0.72972972973,0.243243243243,0.027027027027,37,0.0157657657658,1.24324324324,1.13513513514,2.625,1.3125,1.45606322669,1.28272236637,0.589446589447,1.38525048959,2.44067943405,0.862290862291,0.765235640562,1.34827231908,0.648648648649,0.49471683289,0.397924409064,2,1.38095238095,0.589592272354,2,0,0,0,0,0.0458758503401,37,21,21,0.567567567568,0,0.405405405405,0.027027027027,0.189189189189,37,174,0.130630630631,1,9.40540540541,4.83333333333,5.27272727273,7.32370375129,0.778669651717,0.377912395154,7.67342044863,1.63170434827,0.640260950606,4.71324884922,1.00224257139,0.449207828518,0,0,0,NaN,NaN,NaN,0.422596072857,0.255766062603,207,0.0266409266409,0.23733067491,37,37,0,1,2,0.027027027027,0.864864864865,0.108108108108,-42,-0.0315315315315,-0.324324324324,-2.27027027027,-16.7666666667,-0.727272727273,-0.875395298316,0.0764320016356,0.0678523350937,-2.65591618037,-0.137672759474,-0.125004314659,1.62641737852,0.473479773164,0.196455075765,-0.579945114934,-0.437917739848,-2,NaN,NaN,NaN,0.410425946686,0.249793366357,200,0.02574002574,-0.383865906287,-0.702702702703,0.621621621622,0.0810810810811,126,48,90,1068,0.583333333333,0.956989247312,0.0430107526882,0.416666666667,0.724137931034,0.583333333333,0.646153846154,0.590994156221,0.540322580645,0.477272727273,153,195,0,0,0,0
395,WLNM_dir_neg,0.791124260355,0.70389959859,00:00:07,10,10,44,1231466268,threshold_sweep,0.8,0.684210526316,0.533333333333,0.599423631124,104,48,91,342,0.533333333333,0.876923076923,0.123076923077,0.466666666667,0.684210526316,0.533333333333,0.599423631124,0.762393162393,0.580056980057,0.434192672999,0.441000663293,0.410256410256,216,21,195,0,216,0,21,0,195,37,216,0.162162162162,1.32432432432,11.6756756757,21.6,6,8.1990990496,0.702237650082,0.31006006006,10.329336629,1.76937710775,0.765265265265,3.0868314707,0.528762798222,0.252752752753,0.579945114934,0.437917739848,2,1.32432432432,0.579945114934,2,0.0121701261701,0.00597269624573,7,0.000900900900901,0.621196581197,37,37,37,1,0,0.72972972973,0.243243243243,0.027027027027,37,0.0157657657658,1.24324324324,1.13513513514,2.625,1.3125,1.45606322669,1.28272236637,0.589446589447,1.38525048959,2.44067943405,0.862290862291,0.765235640562,1.34827231908,0.648648648649,0.49471683289,0.397924409064,2,1.38095238095,0.589592272354,2,0,0,0,0,0.0458758503401,37,21,21,0.567567567568,0,0.405405405405,0.027027027027,0.189189189189,37,173,0.12987987988,1,9.35135135135,4.80555555556,5.24242424242,7.21578599791,0.771630294574,0.375410092173,7.60502046916,1.62650726797,0.639275113264,4.61310966494,0.986618830074,0.446180284331,0,0,0,NaN,NaN,NaN,0.397905866696,0.241813602015,192,0.0247104247104,0.236066203656,37,37,0,1,2,0.027027027027,0.864864864865,0.108108108108,-43,-0.0322822822823,-0.324324324324,-2.32432432432,-16.7944444444,-0.757575757576,-0.983313051699,0.0693926444918,0.065350032113,-2.72431615984,-0.142869839775,-0.125990152002,1.52627819424,0.457856031852,0.193427531578,-0.579945114934,-0.437917739848,-2,NaN,NaN,NaN,0.385735740526,0.235840905769,185,0.0238095238095,-0.38513037754,-0.702702702703,0.621621621622,0.0810810810811,125,48,91,1068,0.578703703704,0.956989247312,0.0430107526882,0.421296296296,0.722543352601,0.578703703704,0.642673521851,0.587367800774,0.535692951016,0.473484848485,152,195,0,0,0,0
396,WLNM_dir_neg,0.791124260355,0.70389959859,00:00:07,10,10,44,1231466268,threshold_sweep,0.9,0.673469387755,0.507692307692,0.578947368421,99,48,96,342,0.507692307692,0.876923076923,0.123076923077,0.492307692308,0.673469387755,0.507692307692,0.578947368421,0.753846153846,0.582905982906,0.409836065574,0.418004097129,0.384615384615,216,21,195,0,216,0,21,0,195,37,216,0.162162162162,1.32432432432,11.6756756757,21.6,6,8.1990990496,0.702237650082,0.31006006006,10.329336629,1.76937710775,0.765265265265,3.0868314707,0.528762798222,0.252752752753,0.579945114934,0.437917739848,2,1.32432432432,0.579945114934,2,0.0121701261701,0.00597269624573,7,0.000900900900901,0.621196581197,37,37,37,1,0,0.72972972973,0.243243243243,0.027027027027,37,0.0157657657658,1.24324324324,1.13513513514,2.625,1.3125,1.45606322669,1.28272236637,0.589446589447,1.38525048959,2.44067943405,0.862290862291,0.765235640562,1.34827231908,0.648648648649,0.49471683289,0.397924409064,2,1.38095238095,0.589592272354,2,0,0,0,0,0.0458758503401,37,21,21,0.567567567568,0,0.405405405405,0.027027027027,0.189189189189,37,168,0.126126126126,1,9.08108108108,4.66666666667,5.09090909091,7.0015013405,0.770998659519,0.373873873874,7.35071649794,1.61890780014,0.638352638353,4.54969226429,1.00201555821,0.449806949807,0,0,0,NaN,NaN,NaN,0.392938898169,0.239732142857,179,0.0230373230373,0.233573046286,37,37,0,1,2,0.027027027027,0.864864864865,0.108108108108,-48,-0.036036036036,-0.324324324324,-2.59459459459,-16.9333333333,-0.909090909091,-1.1975977091,0.0687610094375,0.0638138138138,-2.97862013106,-0.150469307605,-0.126912626913,1.46286079358,0.473252759983,0.197054197054,-0.579945114934,-0.437917739848,-2,NaN,NaN,NaN,0.380768771999,0.233759446611,172,0.0221364221364,-0.38762353491,-0.702702702703,0.621621621622,0.0810810810811,120,48,96,1068,0.555555555556,0.956989247312,0.0430107526882,0.444444444444,0.714285714286,0.555555555556,0.625,0.569062118139,0.512544802867,0.454545454545,147,195,0,0,0,0
397,WLNM_dir_neg,0.883767258383,0.776002643206,00:00:08,10,10,45,1231466269,threshold_sweep,0.1,0.833333333333,0.717948717949,0.771349862259,140,28,55,362,0.717948717949,0.928205128205,0.0717948717949,0.282051282051,0.833333333333,0.717948717949,0.771349862259,0.85811965812,0.57094017094,0.669322709163,0.673229091819,0.646153846154,216,21,195,0,216,0,21,0,195,37,216,0.162162162162,1.32432432432,11.6756756757,21.6,6,8.1990990496,0.702237650082,0.31006006006,10.329336629,1.76937710775,0.765265265265,3.0868314707,0.528762798222,0.252752752753,0.579945114934,0.437917739848,2,1.32432432432,0.579945114934,2,0.0121701261701,0.00597269624573,7,0.000900900900901,0.621196581197,37,37,37,1,0,0.72972972973,0.243243243243,0.027027027027,37,0.0157657657658,1.24324324324,1.13513513514,2.625,1.5,1.29447892052,1.14037428713,0.594594594595,1.21427940544,2.13944466673,0.833976833977,0.867324767462,1.52814363791,0.710424710425,0.49471683289,0.397924409064,2,1.42857142857,0.597614304667,2,0,0,0,0,0.0690476190476,37,21,21,0.567567567568,0,0.351351351351,0.027027027027,0.189189189189,37,189,0.141891891892,1,10.2162162162,7.875,5.10810810811,8.13475102103,0.796258697826,0.385242385242,9.30884819162,1.8223671063,0.760188760189,3.25562576152,0.637344725801,0.315744315744,0,0,0,NaN,NaN,NaN,0.342467530625,0.201680672269,192,0.0247104247104,0.263824950737,37,37,0,1,2,0.351351351351,0.648648648649,0,-27,-0.0202702702703,-0.324324324324,-1.45945945946,-13.725,-0.891891891892,-0.0643480285729,0.094021047744,0.0751823251823,-1.02048843738,0.0529899985509,-0.00507650507651,0.16879429082,0.108581927579,0.0629915629916,-0.579945114934,-0.437917739848,-2,NaN,NaN,NaN,0.330297404455,0.195707976023,185,0.0238095238095,-0.35737163046,-0.378378378378,0.405405405405,-0.027027027027,161,28,55,1088,0.74537037037,0.974910394265,0.0250896057348,0.25462962963,0.851851851852,0.74537037037,0.795061728395,0.76086353823,0.720280764636,0.659836065574,168,195,0,0,0,0
398,WLNM_dir_neg,0.883767258383,0.776002643206,00:00:08,10,10,45,1231466269,threshold_sweep,0.2,0.824675324675,0.651282051282,0.727793696275,127,27,68,363,0.651282051282,0.930769230769,0.0692307692308,0.348717948718,0.824675324675,0.651282051282,0.727793696275,0.837606837607,0.578917378917,0.614343707713,0.623034166965,0.582051282051,216,21,195,0,216,0,21,0,195,37,216,0.162162162162,1.32432432432,11.6756756757,21.6,6,8.1990990496,0.702237650082,0.31006006006,10.329336629,1.76937710775,0.765265265265,3.0868314707,0.528762798222,0.252752752753,0.579945114934,0.437917739848,2,1.32432432432,0.579945114934,2,0.0121701261701,0.00597269624573,7,0.000900900900901,0.621196581197,37,37,37,1,0,0.72972972973,0.243243243243,0.027027027027,37,0.0157657657658,1.24324324324,1.13513513514,2.625,1.5,1.29447892052,1.14037428713,0.594594594595,1.21427940544,2.13944466673,0.833976833977,0.867324767462,1.52814363791,0.710424710425,0.49471683289,0.397924409064,2,1.42857142857,0.597614304667,2,0,0,0,0,0.0690476190476,37,21,21,0.567567567568,0,0.351351351351,0.027027027027,0.189189189189,37,175,0.131381381381,1,9.45945945946,7.29166666667,4.86111111111,7.8230236929,0.827005361821,0.403861003861,8.70073000976,1.83958291635,0.76138996139,3.36360131612,0.711161421123,0.352741312741,0,0,0,NaN,NaN,NaN,0.372187611771,0.220605583956,187,0.0240669240669,0.263940364133,37,37,0,1,2,0.351351351351,0.621621621622,0.027027027027,-41,-0.0307807807808,-0.324324324324,-2.21621621622,-14.3083333333,-1.13888888889,-0.376075356703,0.124767711739,0.0938009438009,-1.62860661924,0.0702058086035,-0.0038753038753,0.276769845417,0.1823986229,0.0999885599886,-0.579945114934,-0.437917739848,-2,NaN,NaN,NaN,0.360017485601,0.21463288771,180,0.023166023166,-0.357256217064,-0.378378378378,0.378378378378,0,148,27,68,1089,0.685185185185,0.975806451613,0.0241935483871,0.314814814815,0.845714285714,0.685185185185,0.757033248082,0.721222444705,0.660991636798,0.609053497942,154,195,0,0,0,0
399,WLNM_dir_neg,0.883767258383,0.776002643206,00:00:08,10,10,45,1231466269,threshold_sweep,0.3,0.874125874126,0.641025641026,0.739644970414,125,18,70,372,0.641025641026,0.953846153846,0.0461538461538,0.358974358974,0.874125874126,0.641025641026,0.739644970414,0.849572649573,0.585185185185,0.637362637363,0.652520009221,0.594871794872,216,21,195,0,216,0,21,0,195,37,216,0.162162162162,1.32432432432,11.6756756757,21.6,6,8.1990990496,0.702237650082,0.31006006006,10.329336629,1.76937710775,0.765265265265,3.0868314707,0.528762798222,0.252752752753,0.579945114934,0.437917739848,2,1.32432432432,0.579945114934,2,0.0121701261701,0.00597269624573,7,0.000900900900901,0.621196581197,37,37,37,1,0,0.72972972973,0.243243243243,0.027027027027,37,0.0157657657658,1.24324324324,1.13513513514,2.625,1.5,1.29447892052,1.14037428713,0.594594594595,1.21427940544,2.13944466673,0.833976833977,0.867324767462,1.52814363791,0.710424710425,0.49471683289,0.397924409064,2,1.42857142857,0.597614304667,2,0,0,0,0,0.0690476190476,37,21,21,0.567567567568,0,0.351351351351,0.027027027027,0.189189189189,37,164,0.123123123123,1.84408577178,8.86486486486,10.9333333333,4.55555555556,7.75371653597,0.874657048265,0.418259723138,8.75766502538,1.97581467036,0.807185234015,2.55539234366,0.576521443386,0.315754779169,1.12534305763,0.610244422928,4,1.86753259878,1.13210322575,4,0.35160248108,0.191598799829,149,0.0191763191763,0.201715268098,37,36,36,0.972972972973,0,0.567567567568,0.405405405405,0,-52,-0.039039039039,0.519761447457,-2.81081081081,-10.6666666667,-1.44444444444,-0.445382513638,0.172419398183,0.108199663078,-1.57167160362,0.206437562614,0.0419199687492,-0.531439127045,0.047758645164,0.0630020264167,0.545397942695,0.172326683079,2,0.543208274451,0.552158110819,2,0.33943235491,0.185626103583,142,0.0182754182754,-0.419481313099,-0.162162162162,0.162162162162,-0.027027027027,146,18,70,1098,0.675925925926,0.983870967742,0.0161290322581,0.324074074074,0.890243902439,0.675925925926,0.768421052632,0.740160482182,0.659796893668,0.623931623932,143,195,0,0,0,0
400,WLNM_dir_neg,0.883767258383,0.776002643206,00:00:08,10,10,45,1231466269,threshold_sweep,0.4,0.874125874126,0.641025641026,0.739644970414,125,18,70,372,0.641025641026,0.953846153846,0.0461538461538,0.358974358974,0.874125874126,0.641025641026,0.739644970414,0.849572649573,0.585185185185,0.637362637363,0.652520009221,0.594871794872,216,21,195,0,216,0,21,0,195,37,216,0.162162162162,1.32432432432,11.6756756757,21.6,6,8.1990990496,0.702237650082,0.31006006006,10.329336629,1.76937710775,0.765265265265,3.0868314707,0.528762798222,0.252752752753,0.579945114934,0.437917739848,2,1.32432432432,0.579945114934,2,0.0121701261701,0.00597269624573,7,0.000900900900901,0.621196581197,37,37,37,1,0,0.72972972973,0.243243243243,0.027027027027,37,0.0157657657658,1.24324324324,1.13513513514,2.625,1.5,1.29447892052,1.14037428713,0.594594594595,1.21427940544,2.13944466673,0.833976833977,0.867324767462,1.52814363791,0.710424710425,0.49471683289,0.397924409064,2,1.42857142857,0.597614304667,2,0,0,0,0,0.0690476190476,37,21,21,0.567567567568,0,0.351351351351,0.027027027027,0.189189189189,37,164,0.123123123123,1.84408577178,8.86486486486,10.9333333333,4.55555555556,7.75371653597,0.874657048265,0.418259723138,8.75766502538,1.97581467036,0.807185234015,2.55539234366,0.576521443386,0.315754779169,1.12534305763,0.610244422928,4,1.86753259878,1.13210322575,4,0.35160248108,0.191598799829,149,0.0191763191763,0.201715268098,37,36,36,0.972972972973,0,0.567567567568,0.405405405405,0,-52,-0.039039039039,0.519761447457,-2.81081081081,-10.6666666667,-1.44444444444,-0.445382513638,0.172419398183,0.108199663078,-1.57167160362,0.206437562614,0.0419199687492,-0.531439127045,0.047758645164,0.0630020264167,0.545397942695,0.172326683079,2,0.543208274451,0.552158110819,2,0.33943235491,0.185626103583,142,0.0182754182754,-0.419481313099,-0.162162162162,0.162162162162,-0.027027027027,146,18,70,1098,0.675925925926,0.983870967742,0.0161290322581,0.324074074074,0.890243902439,0.675925925926,0.768421052632,0.740160482182,0.659796893668,0.623931623932,143,195,0,0,0,0
401,WLNM_dir_neg,0.883767258383,0.776002643206,00:00:08,10,10,45,1231466269,threshold_sweep,0.5,0.861538461538,0.574358974359,0.689230769231,112,18,83,372,0.574358974359,0.953846153846,0.0461538461538,0.425641025641,0.861538461538,0.574358974359,0.689230769231,0.82735042735,0.592592592593,0.576223776224,0.598928318768,0.528205128205,216,21,195,0,216,0,21,0,195,37,216,0.162162162162,1.32432432432,11.6756756757,21.6,6,8.1990990496,0.702237650082,0.31006006006,10.329336629,1.76937710775,0.765265265265,3.0868314707,0.528762798222,0.252752752753,0.579945114934,0.437917739848,2,1.32432432432,0.579945114934,2,0.0121701261701,0.00597269624573,7,0.000900900900901,0.621196581197,37,37,37,1,0,0.72972972973,0.243243243243,0.027027027027,37,0.0157657657658,1.24324324324,1.13513513514,2.625,1.5,1.29447892052,1.14037428713,0.594594594595,1.21427940544,2.13944466673,0.833976833977,0.867324767462,1.52814363791,0.710424710425,0.49471683289,0.397924409064,2,1.42857142857,0.597614304667,2,0,0,0,0,0.0690476190476,37,21,21,0.567567567568,0,0.351351351351,0.027027027027,0.189189189189,37,151,0.113363363363,1.87101876245,8.16216216216,10.0666666667,4.57575757576,7.47036185913,0.915243009231,0.435117236442,8.57443998294,2.10102171767,0.821908000716,2.7323003981,0.669504071058,0.368355110077,1.17109119602,0.625910984716,4,1.92079126316,1.18530602012,4,0.327106265382,0.188398849473,131,0.0168597168597,0.191363989468,37,35,35,0.945945945946,0,0.540540540541,0.351351351351,0.0540540540541,-65,-0.0487987987988,0.546694438123,-3.51351351351,-11.5333333333,-1.42424242424,-0.728737190477,0.213005359149,0.125057176382,-1.75489664606,0.331644609928,0.0566427354507,-0.354531072603,0.140741272836,0.115602357324,0.59114608109,0.187993244867,2,0.596466938834,0.60536090519,2,0.314936139212,0.182426153227,124,0.0159588159588,-0.429832591728,-0.189189189189,0.108108108108,0.027027027027,133,18,83,1098,0.615740740741,0.983870967742,0.0161290322581,0.384259259259,0.880794701987,0.615740740741,0.724795640327,0.697133022066,0.599611708483,0.568376068376,130,195,0,0,0,0
402,WLNM_dir_neg,0.883767258383,0.776002643206,00:00:08,10,10,45,1231466269,threshold_sweep,0.6,0.860465116279,0.569230769231,0.685185185185,111,18,84,372,0.569230769231,0.953846153846,0.0461538461538,0.430769230769,0.860465116279,0.569230769231,0.685185185185,0.825641025641,0.593162393162,0.571428571429,0.59475471426,0.523076923077,216,21,195,0,216,0,21,0,195,37,216,0.162162162162,1.32432432432,11.6756756757,21.6,6,8.1990990496,0.702237650082,0.31006006006,10.329336629,1.76937710775,0.765265265265,3.0868314707,0.528762798222,0.252752752753,0.579945114934,0.437917739848,2,1.32432432432,0.579945114934,2,0.0121701261701,0.00597269624573,7,0.000900900900901,0.621196581197,37,37,37,1,0,0.72972972973,0.243243243243,0.027027027027,37,0.0157657657658,1.24324324324,1.13513513514,2.625,1.5,1.29447892052,1.14037428713,0.594594594595,1.21427940544,2.13944466673,0.833976833977,0.867324767462,1.52814363791,0.710424710425,0.49471683289,0.397924409064,2,1.42857142857,0.597614304667,2,0,0,0,0,0.0690476190476,37,21,21,0.567567567568,0,0.351351351351,0.027027027027,0.189189189189,37,150,0.112612612613,1.87010401077,8.10810810811,10,4.54545454545,7.41164168268,0.914102474197,0.434234234234,8.50798953254,2.09863741803,0.821981981982,2.7176986378,0.67036566399,0.368648648649,1.1704485997,0.625873530539,4,1.91982423996,1.18467557935,4,0.326557443318,0.186861313869,128,0.0164736164736,0.189976277138,37,35,35,0.945945945946,0,0.540540540541,0.351351351351,0.0540540540541,-66,-0.0495495495495,0.545779686449,-3.56756756757,-11.6,-1.45454545455,-0.787457366925,0.211864824115,0.124174174174,-1.82134709646,0.329260310282,0.0567167167167,-0.369132832907,0.141602865768,0.115895895896,0.590503484763,0.18795579069,2,0.595499915636,0.604730464415,2,0.314387317148,0.180888617623,121,0.0155727155727,-0.431220304059,-0.189189189189,0.108108108108,0.027027027027,132,18,84,1098,0.611111111111,0.983870967742,0.0161290322581,0.388888888889,0.88,0.611111111111,0.72131147541,0.693758775811,0.594982078853,0.564102564103,129,195,0,0,0,0
403,WLNM_dir_neg,0.883767258383,0.776002643206,00:00:08,10,10,45,1231466269,threshold_sweep,0.7,0.860465116279,0.569230769231,0.685185185185,111,18,84,372,0.569230769231,0.953846153846,0.0461538461538,0.430769230769,0.860465116279,0.569230769231,0.685185185185,0.825641025641,0.593162393162,0.571428571429,0.59475471426,0.523076923077,216,21,195,0,216,0,21,0,195,37,216,0.162162162162,1.32432432432,11.6756756757,21.6,6,8.1990990496,0.702237650082,0.31006006006,10.329336629,1.76937710775,0.765265265265,3.0868314707,0.528762798222,0.252752752753,0.579945114934,0.437917739848,2,1.32432432432,0.579945114934,2,0.0121701261701,0.00597269624573,7,0.000900900900901,0.621196581197,37,37,37,1,0,0.72972972973,0.243243243243,0.027027027027,37,0.0157657657658,1.24324324324,1.13513513514,2.625,1.5,1.29447892052,1.14037428713,0.594594594595,1.21427940544,2.13944466673,0.833976833977,0.867324767462,1.52814363791,0.710424710425,0.49471683289,0.397924409064,2,1.42857142857,0.597614304667,2,0,0,0,0,0.0690476190476,37,21,21,0.567567567568,0,0.351351351351,0.027027027027,0.189189189189,37,150,0.112612612613,1.87010401077,8.10810810811,10,4.54545454545,7.41164168268,0.914102474197,0.434234234234,8.50798953254,2.09863741803,0.821981981982,2.7176986378,0.67036566399,0.368648648649,1.1704485997,0.625873530539,4,1.91982423996,1.18467557935,4,0.326557443318,0.186861313869,128,0.0164736164736,0.189976277138,37,35,35,0.945945945946,0,0.540540540541,0.351351351351,0.0540540540541,-66,-0.0495495495495,0.545779686449,-3.56756756757,-11.6,-1.45454545455,-0.787457366925,0.211864824115,0.124174174174,-1.82134709646,0.329260310282,0.0567167167167,-0.369132832907,0.141602865768,0.115895895896,0.590503484763,0.18795579069,2,0.595499915636,0.604730464415,2,0.314387317148,0.180888617623,121,0.0155727155727,-0.431220304059,-0.189189189189,0.108108108108,0.027027027027,132,18,84,1098,0.611111111111,0.983870967742,0.0161290322581,0.388888888889,0.88,0.611111111111,0.72131147541,0.693758775811,0.594982078853,0.564102564103,129,195,0,0,0,0
404,WLNM_dir_neg,0.883767258383,0.776002643206,00:00:08,10,10,45,1231466269,threshold_sweep,0.8,0.871559633028,0.487179487179,0.625,95,14,100,376,0.487179487179,0.964102564103,0.0358974358974,0.512820512821,0.871559633028,0.487179487179,0.625,0.805128205128,0.604558404558,0.507204610951,0.546362576845,0.451282051282,216,21,195,0,216,0,21,0,195,37,216,0.162162162162,1.32432432432,11.6756756757,21.6,6,8.1990990496,0.702237650082,0.31006006006,10.329336629,1.76937710775,0.765265265265,3.0868314707,0.528762798222,0.252752752753,0.579945114934,0.437917739848,2,1.32432432432,0.579945114934,2,0.0121701261701,0.00597269624573,7,0.000900900900901,0.621196581197,37,37,37,1,0,0.72972972973,0.243243243243,0.027027027027,37,0.0157657657658,1.24324324324,1.13513513514,2.625,1.5,1.29447892052,1.14037428713,0.594594594595,1.21427940544,2.13944466673,0.833976833977,0.867324767462,1.52814363791,0.710424710425,0.49471683289,0.397924409064,2,1.42857142857,0.597614304667,2,0,0,0,0,0.0690476190476,37,21,21,0.567567567568,0,0.351351351351,0.027027027027,0.189189189189,37,130,0.0975975975976,1.88971116288,7.02702702703,8.66666666667,4.1935483871,6.63109881328,0.943656369582,0.460498960499,7.38851068146,2.10288380934,0.82079002079,2.77510381809,0.789837240535,0.429521829522,1.19021677819,0.62984058176,4,1.94055180076,1.20445907281,4,0.315617183239,0.184761904762,97,0.0124839124839,0.187506446117,37,35,35,0.945945945946,0,0.540540540541,0.297297297297,0.108108108108,-86,-0.0645645645646,0.56538683856,-4.64864864865,-12.9333333333,-1.8064516129,-1.56800023633,0.2414187195,0.150438900439,-2.94082594754,0.333506701594,0.0555247555248,-0.31172765261,0.261074442312,0.176769076769,0.610271663254,0.191922841911,2,0.616227476439,0.624513957871,2,0.303447057069,0.178789208516,90,0.011583011583,-0.433690135079,-0.189189189189,0.0540540540541,0.0810810810811,116,14,100,1102,0.537037037037,0.987455197133,0.0125448028674,0.462962962963,0.892307692308,0.537037037037,0.670520231214,0.651439555032,0.52449223417,0.504347826087,109,195,0,0,0,0
405,WLNM_dir_neg,0.883767258383,0.776002643206,00:00:08,10,10,45,1231466269,threshold_sweep,0.9,0.87619047619,0.471794871795,0.613333333333,92,13,103,377,0.471794871795,0.966666666667,0.0333333333333,0.528205128205,0.87619047619,0.471794871795,0.613333333333,0.801709401709,0.606837606838,0.495652173913,0.538599374038,0.438461538462,216,21,195,0,216,0,21,0,195,37,216,0.162162162162,1.32432432432,11.6756756757,21.6,6,8.1990990496,0.702237650082,0.31006006006,10.329336629,1.76937710775,0.765265265265,3.0868314707,0.528762798222,0.252752752753,0.579945114934,0.437917739848,2,1.32432432432,0.579945114934,2,0.0121701261701,0.00597269624573,7,0.000900900900901,0.621196581197,37,37,37,1,0,0.72972972973,0.243243243243,0.027027027027,37,0.0157657657658,1.24324324324,1.13513513514,2.625,1.5,1.29447892052,1.14037428713,0.594594594595,1.21427940544,2.13944466673,0.833976833977,0.867324767462,1.52814363791,0.710424710425,0.49471683289,0.397924409064,2,1.42857142857,0.597614304667,2,0,0,0,0,0.0690476190476,37,21,21,0.567567567568,0,0.351351351351,0.027027027027,0.189189189189,37,126,0.0945945945946,1.88428624736,6.81081081081,8.4,4.06451612903,6.3893915457,0.938124949171,0.455812955813,7.14321534923,2.09761085652,0.820677820678,2.70246245178,0.793580243778,0.428142428142,1.185394682,0.6290948011,4,1.93481689007,1.19966280111,4,0.294335144023,0.171779141104,84,0.0108108108108,0.182906020392,37,35,35,0.945945945946,0,0.540540540541,0.297297297297,0.108108108108,-90,-0.0675675675676,0.559961923039,-4.86486486486,-13.2,-1.93548387097,-1.8097075039,0.235887299089,0.145752895753,-3.18612127977,0.328233748776,0.0554125554126,-0.38436901892,0.264817445555,0.17538967539,0.605449567066,0.191177061251,2,0.610492565745,0.619717686179,2,0.282165017853,0.165806444859,77,0.00990990990991,-0.438290560805,-0.189189189189,0.0540540540541,0.0810810810811,113,13,103,1103,0.523148148148,0.98835125448,0.0116487455197,0.476851851852,0.896825396825,0.523148148148,0.66081871345,0.644236278375,0.511499402628,0.493449781659,105,195,0,0,0,0
406,WLNM_dir_neg,0.800539119001,0.707116553531,00:00:08,10,10,46,1231466270,threshold_sweep,0.1,0.660869565217,0.779487179487,0.715294117647,152,78,43,312,0.779487179487,0.8,0.2,0.220512820513,0.660869565217,0.779487179487,0.715294117647,0.793162393162,0.535612535613,0.554601226994,0.559262045483,0.579487179487,216,21,195,0,216,0,21,0,195,37,216,0.162162162162,1.32432432432,11.6756756757,21.6,6,8.1990990496,0.702237650082,0.31006006006,10.329336629,1.76937710775,0.765265265265,3.0868314707,0.528762798222,0.252752752753,0.579945114934,0.437917739848,2,1.32432432432,0.579945114934,2,0.0121701261701,0.00597269624573,7,0.000900900900901,0.621196581197,37,37,37,1,0,0.72972972973,0.243243243243,0.027027027027,37,0.0157657657658,1.27027027027,1.13513513514,2.33333333333,1.4,1.2728393929,1.12131089375,0.568854568855,1.16763151866,2.05725553287,0.823680823681,0.834683590768,1.47063299326,0.684684684685,0.508191163105,0.400065383721,2,1.44444444444,0.615698763455,2,0,0,0,0,0.0472222222222,37,18,18,0.486486486486,0,0.378378378378,0.027027027027,0.216216216216,37,251,0.188438438438,5.86909410382,13.5675675676,7.17142857143,6.78378378378,8.09849279716,0.596900863535,0.322601485948,8.81014293974,1.29870632976,0.586411112308,5.73069287616,0.844763491704,0.423387530957,1.68310375823,0.286774028233,6.96428571429,5.86909410382,1.68310375823,6.96428571429,0.547170277445,0.405800633683,555,0.0714285714286,0.21575152759,37,37,37,1,0,0.0540540540541,0.945945945946,0,35,0.0262762762763,4.5447697795,1.89189189189,-14.4285714286,0.783783783784,-0.100606252449,-0.105336786546,0.012541425888,-1.51919368926,-0.470670777983,-0.178854152958,2.64386140545,0.316000693482,0.170634778204,1.1031586433,-0.151143711616,4.96428571429,4.5447697795,1.1031586433,4.96428571429,0.535000151275,0.399827937437,548,0.0705276705277,-0.405445053607,-0.675675675676,0.702702702703,-0.027027027027,173,78,43,1038,0.800925925926,0.930107526882,0.0698924731183,0.199074074074,0.689243027888,0.800925925926,0.740899357602,0.68904330342,0.731033452808,0.58843537415,230,195,0,0,0,0
407,WLNM_dir_neg,0.800539119001,0.707116553531,00:00:08,10,10,46,1231466270,threshold_sweep,0.2,0.660869565217,0.779487179487,0.715294117647,152,78,43,312,0.779487179487,0.8,0.2,0.220512820513,0.660869565217,0.779487179487,0.715294117647,0.793162393162,0.535612535613,0.554601226994,0.559262045483,0.579487179487,216,21,195,0,216,0,21,0,195,37,216,0.162162162162,1.32432432432,11.6756756757,21.6,6,8.1990990496,0.702237650082,0.31006006006,10.329336629,1.76937710775,0.765265265265,3.0868314707,0.528762798222,0.252752752753,0.579945114934,0.437917739848,2,1.32432432432,0.579945114934,2,0.0121701261701,0.00597269624573,7,0.000900900900901,0.621196581197,37,37,37,1,0,0.72972972973,0.243243243243,0.027027027027,37,0.0157657657658,1.27027027027,1.13513513514,2.33333333333,1.4,1.2728393929,1.12131089375,0.568854568855,1.16763151866,2.05725553287,0.823680823681,0.834683590768,1.47063299326,0.684684684685,0.508191163105,0.400065383721,2,1.44444444444,0.615698763455,2,0,0,0,0,0.0472222222222,37,18,18,0.486486486486,0,0.378378378378,0.027027027027,0.216216216216,37,251,0.188438438438,5.86909410382,13.5675675676,7.17142857143,6.78378378378,8.09849279716,0.596900863535,0.322601485948,8.81014293974,1.29870632976,0.586411112308,5.73069287616,0.844763491704,0.423387530957,1.68310375823,0.286774028233,6.96428571429,5.86909410382,1.68310375823,6.96428571429,0.547170277445,0.405800633683,555,0.0714285714286,0.21575152759,37,37,37,1,0,0.0540540540541,0.945945945946,0,35,0.0262762762763,4.5447697795,1.89189189189,-14.4285714286,0.783783783784,-0.100606252449,-0.105336786546,0.012541425888,-1.51919368926,-0.470670777983,-0.178854152958,2.64386140545,0.316000693482,0.170634778204,1.1031586433,-0.151143711616,4.96428571429,4.5447697795,1.1031586433,4.96428571429,0.535000151275,0.399827937437,548,0.0705276705277,-0.405445053607,-0.675675675676,0.702702702703,-0.027027027027,173,78,43,1038,0.800925925926,0.930107526882,0.0698924731183,0.199074074074,0.689243027888,0.800925925926,0.740899357602,0.68904330342,0.731033452808,0.58843537415,230,195,0,0,0,0
408,WLNM_dir_neg,0.800539119001,0.707116553531,00:00:08,10,10,46,1231466270,threshold_sweep,0.3,0.660869565217,0.779487179487,0.715294117647,152,78,43,312,0.779487179487,0.8,0.2,0.220512820513,0.660869565217,0.779487179487,0.715294117647,0.793162393162,0.535612535613,0.554601226994,0.559262045483,0.579487179487,216,21,195,0,216,0,21,0,195,37,216,0.162162162162,1.32432432432,11.6756756757,21.6,6,8.1990990496,0.702237650082,0.31006006006,10.329336629,1.76937710775,0.765265265265,3.0868314707,0.528762798222,0.252752752753,0.579945114934,0.437917739848,2,1.32432432432,0.579945114934,2,0.0121701261701,0.00597269624573,7,0.000900900900901,0.621196581197,37,37,37,1,0,0.72972972973,0.243243243243,0.027027027027,37,0.0157657657658,1.27027027027,1.13513513514,2.33333333333,1.4,1.2728393929,1.12131089375,0.568854568855,1.16763151866,2.05725553287,0.823680823681,0.834683590768,1.47063299326,0.684684684685,0.508191163105,0.400065383721,2,1.44444444444,0.615698763455,2,0,0,0,0,0.0472222222222,37,18,18,0.486486486486,0,0.378378378378,0.027027027027,0.216216216216,37,251,0.188438438438,5.86909410382,13.5675675676,7.17142857143,6.78378378378,8.09849279716,0.596900863535,0.322601485948,8.81014293974,1.29870632976,0.586411112308,5.73069287616,0.844763491704,0.423387530957,1.68310375823,0.286774028233,6.96428571429,5.86909410382,1.68310375823,6.96428571429,0.547170277445,0.405800633683,555,0.0714285714286,0.21575152759,37,37,37,1,0,0.0540540540541,0.945945945946,0,35,0.0262762762763,4.5447697795,1.89189189189,-14.4285714286,0.783783783784,-0.100606252449,-0.105336786546,0.012541425888,-1.51919368926,-0.470670777983,-0.178854152958,2.64386140545,0.316000693482,0.170634778204,1.1031586433,-0.151143711616,4.96428571429,4.5447697795,1.1031586433,4.96428571429,0.535000151275,0.399827937437,548,0.0705276705277,-0.405445053607,-0.675675675676,0.702702702703,-0.027027027027,173,78,43,1038,0.800925925926,0.930107526882,0.0698924731183,0.199074074074,0.689243027888,0.800925925926,0.740899357602,0.68904330342,0.731033452808,0.58843537415,230,195,0,0,0,0
409,WLNM_dir_neg,0.800539119001,0.707116553531,00:00:08,10,10,46,1231466270,threshold_sweep,0.4,0.654867256637,0.758974358974,0.703087885986,148,78,47,312,0.758974358974,0.8,0.2,0.241025641026,0.654867256637,0.758974358974,0.703087885986,0.786324786325,0.537891737892,0.537607891492,0.541177898555,0.558974358974,216,21,195,0,216,0,21,0,195,37,216,0.162162162162,1.32432432432,11.6756756757,21.6,6,8.1990990496,0.702237650082,0.31006006006,10.329336629,1.76937710775,0.765265265265,3.0868314707,0.528762798222,0.252752752753,0.579945114934,0.437917739848,2,1.32432432432,0.579945114934,2,0.0121701261701,0.00597269624573,7,0.000900900900901,0.621196581197,37,37,37,1,0,0.72972972973,0.243243243243,0.027027027027,37,0.0157657657658,1.27027027027,1.13513513514,2.33333333333,1.4,1.2728393929,1.12131089375,0.568854568855,1.16763151866,2.05725553287,0.823680823681,0.834683590768,1.47063299326,0.684684684685,0.508191163105,0.400065383721,2,1.44444444444,0.615698763455,2,0,0,0,0,0.0472222222222,37,18,18,0.486486486486,0,0.378378378378,0.027027027027,0.216216216216,37,247,0.185435435435,5.86816820382,13.3513513514,7.05714285714,6.67567567568,8.05610953878,0.603392819707,0.324871430135,8.64758814819,1.29538769831,0.583871320713,5.73514532439,0.859110838067,0.425210635737,1.68274474855,0.286758097263,6.96428571429,5.86816820382,1.68274474855,6.96428571429,0.550322013476,0.404815650865,538,0.0692406692407,0.216113419795,37,37,37,1,0,0.0540540540541,0.945945945946,0,31,0.0232732732733,4.54384387949,1.67567567568,-14.5428571429,0.675675675676,-0.14298951082,-0.0988448303753,0.0148113700745,-1.68174848081,-0.473989409433,-0.181393944552,2.64831385369,0.330348039844,0.172457882984,1.10279963361,-0.151159642585,4.96428571429,4.54384387949,1.10279963361,4.96428571429,0.538151887305,0.39884295462,531,0.0683397683398,-0.405083161402,-0.675675675676,0.702702702703,-0.027027027027,169,78,47,1038,0.782407407407,0.930107526882,0.0698924731183,0.217592592593,0.684210526316,0.782407407407,0.730021598272,0.675755514942,0.712514934289,0.574829931973,226,195,0,0,0,0
410,WLNM_dir_neg,0.800539119001,0.707116553531,00:00:08,10,10,46,1231466270,threshold_sweep,0.5,0.766839378238,0.758974358974,0.762886597938,148,45,47,345,0.758974358974,0.884615384615,0.115384615385,0.241025641026,0.766839378238,0.758974358974,0.762886597938,0.842735042735,0.556695156695,0.645244215938,0.645263405135,0.64358974359,216,21,195,0,216,0,21,0,195,37,216,0.162162162162,1.32432432432,11.6756756757,21.6,6,8.1990990496,0.702237650082,0.31006006006,10.329336629,1.76937710775,0.765265265265,3.0868314707,0.528762798222,0.252752752753,0.579945114934,0.437917739848,2,1.32432432432,0.579945114934,2,0.0121701261701,0.00597269624573,7,0.000900900900901,0.621196581197,37,37,37,1,0,0.72972972973,0.243243243243,0.027027027027,37,0.0157657657658,1.27027027027,1.13513513514,2.33333333333,1.4,1.2728393929,1.12131089375,0.568854568855,1.16763151866,2.05725553287,0.823680823681,0.834683590768,1.47063299326,0.684684684685,0.508191163105,0.400065383721,2,1.44444444444,0.615698763455,2,0,0,0,0,0.0472222222222,37,18,18,0.486486486486,0,0.378378378378,0.027027027027,0.216216216216,37,214,0.160660660661,2.6623281365,11.5675675676,6.90322580645,5.78378378378,8.19057907511,0.708064078923,0.36322303612,9.08030571908,1.56995940003,0.691841374084,4.55908820767,0.788253568615,0.374589542814,0.971434477533,0.364881572716,3.04601282279,2.6623281365,0.971434477533,3.04601282279,0.496426063703,0.328460620525,367,0.0472329472329,0.243305343091,37,37,37,1,0,0.162162162162,0.837837837838,0,-2,-0.0015015015015,1.33800381218,-0.108108108108,-14.6967741935,-0.216216216216,-0.00851997449719,0.00582642884096,0.0531629760602,-1.24903090992,-0.199417707718,-0.0734238911809,1.47225673696,0.259490770393,0.121836790061,0.391489362598,-0.0730361671328,1.04601282279,1.33800381218,0.391489362598,1.04601282279,0.484255937533,0.322487924279,360,0.046332046332,-0.377891238106,-0.567567567568,0.594594594595,-0.027027027027,169,45,47,1071,0.782407407407,0.959677419355,0.0403225806452,0.217592592593,0.789719626168,0.782407407407,0.786046511628,0.744877294436,0.742084826762,0.647509578544,193,195,0,0,0,0
411,WLNM_dir_neg,0.800539119001,0.707116553531,00:00:08,10,10,46,1231466270,threshold_sweep,0.6,0.766839378238,0.758974358974,0.762886597938,148,45,47,345,0.758974358974,0.884615384615,0.115384615385,0.241025641026,0.766839378238,0.758974358974,0.762886597938,0.842735042735,0.556695156695,0.645244215938,0.645263405135,0.64358974359,216,21,195,0,216,0,21,0,195,37,216,0.162162162162,1.32432432432,11.6756756757,21.6,6,8.1990990496,0.702237650082,0.31006006006,10.329336629,1.76937710775,0.765265265265,3.0868314707,0.528762798222,0.252752752753,0.579945114934,0.437917739848,2,1.32432432432,0.579945114934,2,0.0121701261701,0.00597269624573,7,0.000900900900901,0.621196581197,37,37,37,1,0,0.72972972973,0.243243243243,0.027027027027,37,0.0157657657658,1.27027027027,1.13513513514,2.33333333333,1.4,1.2728393929,1.12131089375,0.568854568855,1.16763151866,2.05725553287,0.823680823681,0.834683590768,1.47063299326,0.684684684685,0.508191163105,0.400065383721,2,1.44444444444,0.615698763455,2,0,0,0,0,0.0472222222222,37,18,18,0.486486486486,0,0.378378378378,0.027027027027,0.216216216216,37,214,0.160660660661,2.6623281365,11.5675675676,6.90322580645,5.78378378378,8.19057907511,0.708064078923,0.36322303612,9.08030571908,1.56995940003,0.691841374084,4.55908820767,0.788253568615,0.374589542814,0.971434477533,0.364881572716,3.04601282279,2.6623281365,0.971434477533,3.04601282279,0.496426063703,0.328460620525,367,0.0472329472329,0.243305343091,37,37,37,1,0,0.162162162162,0.837837837838,0,-2,-0.0015015015015,1.33800381218,-0.108108108108,-14.6967741935,-0.216216216216,-0.00851997449719,0.00582642884096,0.0531629760602,-1.24903090992,-0.199417707718,-0.0734238911809,1.47225673696,0.259490770393,0.121836790061,0.391489362598,-0.0730361671328,1.04601282279,1.33800381218,0.391489362598,1.04601282279,0.484255937533,0.322487924279,360,0.046332046332,-0.377891238106,-0.567567567568,0.594594594595,-0.027027027027,169,45,47,1071,0.782407407407,0.959677419355,0.0403225806452,0.217592592593,0.789719626168,0.782407407407,0.786046511628,0.744877294436,0.742084826762,0.647509578544,193,195,0,0,0,0
412,WLNM_dir_neg,0.800539119001,0.707116553531,00:00:08,10,10,46,1231466270,threshold_sweep,0.7,0.766839378238,0.758974358974,0.762886597938,148,45,47,345,0.758974358974,0.884615384615,0.115384615385,0.241025641026,0.766839378238,0.758974358974,0.762886597938,0.842735042735,0.556695156695,0.645244215938,0.645263405135,0.64358974359,216,21,195,0,216,0,21,0,195,37,216,0.162162162162,1.32432432432,11.6756756757,21.6,6,8.1990990496,0.702237650082,0.31006006006,10.329336629,1.76937710775,0.765265265265,3.0868314707,0.528762798222,0.252752752753,0.579945114934,0.437917739848,2,1.32432432432,0.579945114934,2,0.0121701261701,0.00597269624573,7,0.000900900900901,0.621196581197,37,37,37,1,0,0.72972972973,0.243243243243,0.027027027027,37,0.0157657657658,1.27027027027,1.13513513514,2.33333333333,1.4,1.2728393929,1.12131089375,0.568854568855,1.16763151866,2.05725553287,0.823680823681,0.834683590768,1.47063299326,0.684684684685,0.508191163105,0.400065383721,2,1.44444444444,0.615698763455,2,0,0,0,0,0.0472222222222,37,18,18,0.486486486486,0,0.378378378378,0.027027027027,0.216216216216,37,214,0.160660660661,2.6623281365,11.5675675676,6.90322580645,5.78378378378,8.19057907511,0.708064078923,0.36322303612,9.08030571908,1.56995940003,0.691841374084,4.55908820767,0.788253568615,0.374589542814,0.971434477533,0.364881572716,3.04601282279,2.6623281365,0.971434477533,3.04601282279,0.496426063703,0.328460620525,367,0.0472329472329,0.243305343091,37,37,37,1,0,0.162162162162,0.837837837838,0,-2,-0.0015015015015,1.33800381218,-0.108108108108,-14.6967741935,-0.216216216216,-0.00851997449719,0.00582642884096,0.0531629760602,-1.24903090992,-0.199417707718,-0.0734238911809,1.47225673696,0.259490770393,0.121836790061,0.391489362598,-0.0730361671328,1.04601282279,1.33800381218,0.391489362598,1.04601282279,0.484255937533,0.322487924279,360,0.046332046332,-0.377891238106,-0.567567567568,0.594594594595,-0.027027027027,169,45,47,1071,0.782407407407,0.959677419355,0.0403225806452,0.217592592593,0.789719626168,0.782407407407,0.786046511628,0.744877294436,0.742084826762,0.647509578544,193,195,0,0,0,0
413,WLNM_dir_neg,0.800539119001,0.707116553531,00:00:08,10,10,46,1231466270,threshold_sweep,0.8,0.759776536313,0.697435897436,0.727272727273,136,43,59,347,0.697435897436,0.889743589744,0.110256410256,0.302564102564,0.759776536313,0.697435897436,0.727272727273,0.825641025641,0.564672364672,0.599476439791,0.600663098738,0.587179487179,216,21,195,0,216,0,21,0,195,37,216,0.162162162162,1.32432432432,11.6756756757,21.6,6,8.1990990496,0.702237650082,0.31006006006,10.329336629,1.76937710775,0.765265265265,3.0868314707,0.528762798222,0.252752752753,0.579945114934,0.437917739848,2,1.32432432432,0.579945114934,2,0.0121701261701,0.00597269624573,7,0.000900900900901,0.621196581197,37,37,37,1,0,0.72972972973,0.243243243243,0.027027027027,37,0.0157657657658,1.27027027027,1.13513513514,2.33333333333,1.4,1.2728393929,1.12131089375,0.568854568855,1.16763151866,2.05725553287,0.823680823681,0.834683590768,1.47063299326,0.684684684685,0.508191163105,0.400065383721,2,1.44444444444,0.615698763455,2,0,0,0,0,0.0472222222222,37,18,18,0.486486486486,0,0.378378378378,0.027027027027,0.216216216216,37,200,0.15015015015,2.58055513466,10.8108108108,6.66666666667,5.55555555556,7.86284454408,0.727313120327,0.379864864865,8.4835116532,1.56944965584,0.692972972973,4.68721345471,0.86713448912,0.41,0.983666174509,0.381183940345,3,2.58055513466,0.983666174509,3,0.468098012037,0.315,315,0.0405405405405,0.261805922867,37,37,37,1,0,0.189189189189,0.783783783784,0.027027027027,-16,-0.012012012012,1.25623081034,-0.864864864865,-14.9333333333,-0.444444444444,-0.336254505527,0.0250754702453,0.0698048048048,-1.8458249758,-0.199927451903,-0.0722922922923,1.600381984,0.338371690898,0.157247247247,0.403721059574,-0.0567337995033,1,1.25623081034,0.403721059574,1,0.455927885867,0.309027303754,308,0.0396396396396,-0.359390658329,-0.540540540541,0.540540540541,0,157,43,59,1073,0.726851851852,0.96146953405,0.0385304659498,0.273148148148,0.785,0.726851851852,0.754807692308,0.710251279485,0.688321385902,0.606177606178,179,195,0,0,0,0
414,WLNM_dir_neg,0.800539119001,0.707116553531,00:00:08,10,10,46,1231466270,threshold_sweep,0.9,0.741721854305,0.574358974359,0.647398843931,112,39,83,351,0.574358974359,0.9,0.1,0.425641025641,0.741721854305,0.574358974359,0.647398843931,0.791452991453,0.580626780627,0.502717391304,0.511002932187,0.474358974359,216,21,195,0,216,0,21,0,195,37,216,0.162162162162,1.32432432432,11.6756756757,21.6,6,8.1990990496,0.702237650082,0.31006006006,10.329336629,1.76937710775,0.765265265265,3.0868314707,0.528762798222,0.252752752753,0.579945114934,0.437917739848,2,1.32432432432,0.579945114934,2,0.0121701261701,0.00597269624573,7,0.000900900900901,0.621196581197,37,37,37,1,0,0.72972972973,0.243243243243,0.027027027027,37,0.0157657657658,1.27027027027,1.13513513514,2.33333333333,1.4,1.2728393929,1.12131089375,0.568854568855,1.16763151866,2.05725553287,0.823680823681,0.834683590768,1.47063299326,0.684684684685,0.508191163105,0.400065383721,2,1.44444444444,0.615698763455,2,0,0,0,0,0.0472222222222,37,18,18,0.486486486486,0,0.378378378378,0.027027027027,0.216216216216,37,172,0.129129129129,2.57621364146,9.2972972973,5.73333333333,4.77777777778,6.91562186834,0.743831421885,0.405091137649,6.7832154626,1.45918007044,0.664362036455,4.99008024995,1.07344749563,0.497800125707,0.980308101403,0.380522828397,3,2.57621364146,0.980308101403,3,0.405276610342,0.296096904441,220,0.028314028314,0.269562109702,37,37,37,1,0,0.189189189189,0.783783783784,0.027027027027,-44,-0.033033033033,1.25188931714,-2.37837837838,-15.8666666667,-1.22222222222,-1.28347718127,0.0415937718033,0.0950310775892,-3.5461211664,-0.310197037303,-0.10090322881,1.90324877924,0.544684697405,0.245047372954,0.400362986468,-0.0573949114519,1,1.25188931714,0.400362986468,1,0.393106484172,0.290124208196,213,0.0274131274131,-0.351634471494,-0.540540540541,0.540540540541,0,133,39,83,1077,0.615740740741,0.965053763441,0.0349462365591,0.384259259259,0.773255813953,0.615740740741,0.685567010309,0.638393200878,0.580794504182,0.521568627451,151,195,0,0,0,0
415,WLNM_dir_neg,0.87838921762,0.636403987273,00:00:08,10,10,47,1231466271,threshold_sweep,0.1,0.62890625,0.825641025641,0.713968957871,161,95,34,295,0.825641025641,0.75641025641,0.24358974359,0.174358974359,0.62890625,0.825641025641,0.713968957871,0.779487179487,0.520797720798,0.53983353151,0.553086333931,0.582051282051,216,21,195,0,216,0,21,0,195,37,216,0.162162162162,1.32432432432,11.6756756757,21.6,6,8.1990990496,0.702237650082,0.31006006006,10.329336629,1.76937710775,0.765265265265,3.0868314707,0.528762798222,0.252752752753,0.579945114934,0.437917739848,2,1.32432432432,0.579945114934,2,0.0121701261701,0.00597269624573,7,0.000900900900901,0.621196581197,37,37,37,1,0,0.72972972973,0.243243243243,0.027027027027,37,0.0157657657658,1.27027027027,1.13513513514,2.33333333333,1.4,1.20559257357,1.06206964815,0.553410553411,1.14359424964,2.01490415413,0.815958815959,0.834683590768,1.47063299326,0.684684684685,0.508191163105,0.400065383721,2,1.47368421053,0.611775290321,2,0,0,0,0,0.0597222222222,37,19,19,0.513513513514,0,0.378378378378,0.027027027027,0.216216216216,37,277,0.207957957958,1,14.972972973,7.69444444444,7.48648648649,8.34827489328,0.557556265435,0.304127231925,8.93999012435,1.19415030542,0.554005268807,6.04438040948,0.807372112458,0.425992779783,0,0,0,NaN,NaN,NaN,0.566592160342,0.484109083453,787,0.101287001287,0.197640121542,37,37,0,1,2,0.027027027027,0.972972972973,0,61,0.0457957957958,-0.324324324324,3.2972972973,-13.9055555556,1.48648648649,0.149175843671,-0.144681384647,-0.00593282813499,-1.38934650465,-0.575226802327,-0.211259996459,2.95754893878,0.278609314235,0.173240027031,-0.579945114934,-0.437917739848,-2,NaN,NaN,NaN,0.554422034172,0.478136387207,780,0.100386100386,-0.423556459654,-0.702702702703,0.72972972973,-0.027027027027,182,95,34,1021,0.842592592593,0.914874551971,0.0851254480287,0.157407407407,0.657039711191,0.842592592593,0.738336713996,0.687949656933,0.757467144564,0.585209003215,256,195,0,0,0,0
416,WLNM_dir_neg,0.87838921762,0.636403987273,00:00:08,10,10,47,1231466271,threshold_sweep,0.2,0.844444444444,0.779487179487,0.810666666667,152,28,43,362,0.779487179487,0.928205128205,0.0717948717949,0.220512820513,0.844444444444,0.779487179487,0.810666666667,0.878632478632,0.564102564103,0.721568627451,0.722820265213,0.707692307692,216,21,195,0,216,0,21,0,195,37,216,0.162162162162,1.32432432432,11.6756756757,21.6,6,8.1990990496,0.702237650082,0.31006006006,10.329336629,1.76937710775,0.765265265265,3.0868314707,0.528762798222,0.252752752753,0.579945114934,0.437917739848,2,1.32432432432,0.579945114934,2,0.0121701261701,0.00597269624573,7,0.000900900900901,0.621196581197,37,37,37,1,0,0.72972972973,0.243243243243,0.027027027027,37,0.0157657657658,1.27027027027,1.13513513514,2.33333333333,1.4,1.20559257357,1.06206964815,0.553410553411,1.14359424964,2.01490415413,0.815958815959,0.834683590768,1.47063299326,0.684684684685,0.508191163105,0.400065383721,2,1.47368421053,0.611775290321,2,0,0,0,0,0.0597222222222,37,19,19,0.513513513514,0,0.378378378378,0.027027027027,0.216216216216,37,201,0.150900900901,2.06293631501,10.8648648649,8.73913043478,6.48387096774,8.4759862165,0.780128084603,0.380395320694,9.79665629051,1.80336459079,0.758908161893,3.94081590918,0.725423824078,0.36950383219,1.07228562077,0.519786099535,4,2.12367553301,1.0710616123,4,0.460298431439,0.290233415233,315,0.0405405405405,0.306048417128,37,35,35,0.945945945946,0,0.324324324324,0.513513513514,0.108108108108,-15,-0.0112612612613,0.738611990689,-0.810810810811,-12.8608695652,0.483870967742,0.276887166898,0.0778904345216,0.0703352606338,-0.532680338485,0.0339874830459,-0.00635710337203,0.853984438474,0.196661025855,0.116751079438,0.492340505836,0.0818683596868,2,0.79935120869,0.491116497367,2,0.448128305269,0.284260718988,308,0.0396396396396,-0.315148164069,-0.405405405405,0.27027027027,0.0810810810811,173,28,43,1088,0.800925925926,0.974910394265,0.0250896057348,0.199074074074,0.860696517413,0.800925925926,0.829736211031,0.798913479221,0.775836320191,0.709016393443,180,195,0,0,0,0
417,WLNM_dir_neg,0.87838921762,0.636403987273,00:00:08,10,10,47,1231466271,threshold_sweep,0.3,0.844444444444,0.779487179487,0.810666666667,152,28,43,362,0.779487179487,0.928205128205,0.0717948717949,0.220512820513,0.844444444444,0.779487179487,0.810666666667,0.878632478632,0.564102564103,0.721568627451,0.722820265213,0.707692307692,216,21,195,0,216,0,21,0,195,37,216,0.162162162162,1.32432432432,11.6756756757,21.6,6,8.1990990496,0.702237650082,0.31006006006,10.329336629,1.76937710775,0.765265265265,3.0868314707,0.528762798222,0.252752752753,0.579945114934,0.437917739848,2,1.32432432432,0.579945114934,2,0.0121701261701,0.00597269624573,7,0.000900900900901,0.621196581197,37,37,37,1,0,0.72972972973,0.243243243243,0.027027027027,37,0.0157657657658,1.27027027027,1.13513513514,2.33333333333,1.4,1.20559257357,1.06206964815,0.553410553411,1.14359424964,2.01490415413,0.815958815959,0.834683590768,1.47063299326,0.684684684685,0.508191163105,0.400065383721,2,1.47368421053,0.611775290321,2,0,0,0,0,0.0597222222222,37,19,19,0.513513513514,0,0.378378378378,0.027027027027,0.216216216216,37,201,0.150900900901,2.06293631501,10.8648648649,8.73913043478,6.48387096774,8.4759862165,0.780128084603,0.380395320694,9.79665629051,1.80336459079,0.758908161893,3.94081590918,0.725423824078,0.36950383219,1.07228562077,0.519786099535,4,2.12367553301,1.0710616123,4,0.460298431439,0.290233415233,315,0.0405405405405,0.306048417128,37,35,35,0.945945945946,0,0.324324324324,0.513513513514,0.108108108108,-15,-0.0112612612613,0.738611990689,-0.810810810811,-12.8608695652,0.483870967742,0.276887166898,0.0778904345216,0.0703352606338,-0.532680338485,0.0339874830459,-0.00635710337203,0.853984438474,0.196661025855,0.116751079438,0.492340505836,0.0818683596868,2,0.79935120869,0.491116497367,2,0.448128305269,0.284260718988,308,0.0396396396396,-0.315148164069,-0.405405405405,0.27027027027,0.0810810810811,173,28,43,1088,0.800925925926,0.974910394265,0.0250896057348,0.199074074074,0.860696517413,0.800925925926,0.829736211031,0.798913479221,0.775836320191,0.709016393443,180,195,0,0,0,0
418,WLNM_dir_neg,0.87838921762,0.636403987273,00:00:08,10,10,47,1231466271,threshold_sweep,0.4,0.844444444444,0.779487179487,0.810666666667,152,28,43,362,0.779487179487,0.928205128205,0.0717948717949,0.220512820513,0.844444444444,0.779487179487,0.810666666667,0.878632478632,0.564102564103,0.721568627451,0.722820265213,0.707692307692,216,21,195,0,216,0,21,0,195,37,216,0.162162162162,1.32432432432,11.6756756757,21.6,6,8.1990990496,0.702237650082,0.31006006006,10.329336629,1.76937710775,0.765265265265,3.0868314707,0.528762798222,0.252752752753,0.579945114934,0.437917739848,2,1.32432432432,0.579945114934,2,0.0121701261701,0.00597269624573,7,0.000900900900901,0.621196581197,37,37,37,1,0,0.72972972973,0.243243243243,0.027027027027,37,0.0157657657658,1.27027027027,1.13513513514,2.33333333333,1.4,1.20559257357,1.06206964815,0.553410553411,1.14359424964,2.01490415413,0.815958815959,0.834683590768,1.47063299326,0.684684684685,0.508191163105,0.400065383721,2,1.47368421053,0.611775290321,2,0,0,0,0,0.0597222222222,37,19,19,0.513513513514,0,0.378378378378,0.027027027027,0.216216216216,37,201,0.150900900901,2.06293631501,10.8648648649,8.73913043478,6.48387096774,8.4759862165,0.780128084603,0.380395320694,9.79665629051,1.80336459079,0.758908161893,3.94081590918,0.725423824078,0.36950383219,1.07228562077,0.519786099535,4,2.12367553301,1.0710616123,4,0.460298431439,0.290233415233,315,0.0405405405405,0.306048417128,37,35,35,0.945945945946,0,0.324324324324,0.513513513514,0.108108108108,-15,-0.0112612612613,0.738611990689,-0.810810810811,-12.8608695652,0.483870967742,0.276887166898,0.0778904345216,0.0703352606338,-0.532680338485,0.0339874830459,-0.00635710337203,0.853984438474,0.196661025855,0.116751079438,0.492340505836,0.0818683596868,2,0.79935120869,0.491116497367,2,0.448128305269,0.284260718988,308,0.0396396396396,-0.315148164069,-0.405405405405,0.27027027027,0.0810810810811,173,28,43,1088,0.800925925926,0.974910394265,0.0250896057348,0.199074074074,0.860696517413,0.800925925926,0.829736211031,0.798913479221,0.775836320191,0.709016393443,180,195,0,0,0,0
419,WLNM_dir_neg,0.87838921762,0.636403987273,00:00:08,10,10,47,1231466271,threshold_sweep,0.5,0.843575418994,0.774358974359,0.807486631016,151,28,44,362,0.774358974359,0.928205128205,0.0717948717949,0.225641025641,0.843575418994,0.774358974359,0.807486631016,0.876923076923,0.564672364672,0.717277486911,0.718697332115,0.702564102564,216,21,195,0,216,0,21,0,195,37,216,0.162162162162,1.32432432432,11.6756756757,21.6,6,8.1990990496,0.702237650082,0.31006006006,10.329336629,1.76937710775,0.765265265265,3.0868314707,0.528762798222,0.252752752753,0.579945114934,0.437917739848,2,1.32432432432,0.579945114934,2,0.0121701261701,0.00597269624573,7,0.000900900900901,0.621196581197,37,37,37,1,0,0.72972972973,0.243243243243,0.027027027027,37,0.0157657657658,1.27027027027,1.13513513514,2.33333333333,1.4,1.20559257357,1.06206964815,0.553410553411,1.14359424964,2.01490415413,0.815958815959,0.834683590768,1.47063299326,0.684684684685,0.508191163105,0.400065383721,2,1.47368421053,0.611775290321,2,0,0,0,0,0.0597222222222,37,19,19,0.513513513514,0,0.378378378378,0.027027027027,0.216216216216,37,200,0.15015015015,2.06493937546,10.8108108108,8.69565217391,6.45161290323,8.42561516988,0.779369403214,0.380135135135,9.73669878877,1.80128927592,0.758648648649,3.92611951097,0.726332109529,0.368918918919,1.07477860792,0.520489182733,4,2.12579305405,1.07358064047,4,0.457623917484,0.289751552795,311,0.0400257400257,0.305160499448,37,35,35,0.945945945946,0,0.324324324324,0.513513513514,0.108108108108,-16,-0.012012012012,0.740615051131,-0.864864864865,-12.9043478261,0.451612903226,0.22651612028,0.0771317531325,0.0700750750751,-0.592637840226,0.0319121681778,-0.00661661661662,0.839288040265,0.197569311307,0.116166166166,0.494833492989,0.0825714428843,2,0.801468729729,0.493635525535,2,0.445453791314,0.283778856549,304,0.0391248391248,-0.316036081748,-0.405405405405,0.27027027027,0.0810810810811,172,28,44,1088,0.796296296296,0.974910394265,0.0250896057348,0.203703703704,0.86,0.796296296296,0.826923076923,0.795777306848,0.771206690562,0.704918032787,179,195,0,0,0,0
420,WLNM_dir_neg,0.87838921762,0.636403987273,00:00:08,10,10,47,1231466271,threshold_sweep,0.6,0.843575418994,0.774358974359,0.807486631016,151,28,44,362,0.774358974359,0.928205128205,0.0717948717949,0.225641025641,0.843575418994,0.774358974359,0.807486631016,0.876923076923,0.564672364672,0.717277486911,0.718697332115,0.702564102564,216,21,195,0,216,0,21,0,195,37,216,0.162162162162,1.32432432432,11.6756756757,21.6,6,8.1990990496,0.702237650082,0.31006006006,10.329336629,1.76937710775,0.765265265265,3.0868314707,0.528762798222,0.252752752753,0.579945114934,0.437917739848,2,1.32432432432,0.579945114934,2,0.0121701261701,0.00597269624573,7,0.000900900900901,0.621196581197,37,37,37,1,0,0.72972972973,0.243243243243,0.027027027027,37,0.0157657657658,1.27027027027,1.13513513514,2.33333333333,1.4,1.20559257357,1.06206964815,0.553410553411,1.14359424964,2.01490415413,0.815958815959,0.834683590768,1.47063299326,0.684684684685,0.508191163105,0.400065383721,2,1.47368421053,0.611775290321,2,0,0,0,0,0.0597222222222,37,19,19,0.513513513514,0,0.378378378378,0.027027027027,0.216216216216,37,200,0.15015015015,2.06493937546,10.8108108108,8.69565217391,6.45161290323,8.42561516988,0.779369403214,0.380135135135,9.73669878877,1.80128927592,0.758648648649,3.92611951097,0.726332109529,0.368918918919,1.07477860792,0.520489182733,4,2.12579305405,1.07358064047,4,0.457623917484,0.289751552795,311,0.0400257400257,0.305160499448,37,35,35,0.945945945946,0,0.324324324324,0.513513513514,0.108108108108,-16,-0.012012012012,0.740615051131,-0.864864864865,-12.9043478261,0.451612903226,0.22651612028,0.0771317531325,0.0700750750751,-0.592637840226,0.0319121681778,-0.00661661661662,0.839288040265,0.197569311307,0.116166166166,0.494833492989,0.0825714428843,2,0.801468729729,0.493635525535,2,0.445453791314,0.283778856549,304,0.0391248391248,-0.316036081748,-0.405405405405,0.27027027027,0.0810810810811,172,28,44,1088,0.796296296296,0.974910394265,0.0250896057348,0.203703703704,0.86,0.796296296296,0.826923076923,0.795777306848,0.771206690562,0.704918032787,179,195,0,0,0,0
421,WLNM_dir_neg,0.87838921762,0.636403987273,00:00:08,10,10,47,1231466271,threshold_sweep,0.7,0.843575418994,0.774358974359,0.807486631016,151,28,44,362,0.774358974359,0.928205128205,0.0717948717949,0.225641025641,0.843575418994,0.774358974359,0.807486631016,0.876923076923,0.564672364672,0.717277486911,0.718697332115,0.702564102564,216,21,195,0,216,0,21,0,195,37,216,0.162162162162,1.32432432432,11.6756756757,21.6,6,8.1990990496,0.702237650082,0.31006006006,10.329336629,1.76937710775,0.765265265265,3.0868314707,0.528762798222,0.252752752753,0.579945114934,0.437917739848,2,1.32432432432,0.579945114934,2,0.0121701261701,0.00597269624573,7,0.000900900900901,0.621196581197,37,37,37,1,0,0.72972972973,0.243243243243,0.027027027027,37,0.0157657657658,1.27027027027,1.13513513514,2.33333333333,1.4,1.20559257357,1.06206964815,0.553410553411,1.14359424964,2.01490415413,0.815958815959,0.834683590768,1.47063299326,0.684684684685,0.508191163105,0.400065383721,2,1.47368421053,0.611775290321,2,0,0,0,0,0.0597222222222,37,19,19,0.513513513514,0,0.378378378378,0.027027027027,0.216216216216,37,200,0.15015015015,2.06493937546,10.8108108108,8.69565217391,6.45161290323,8.42561516988,0.779369403214,0.380135135135,9.73669878877,1.80128927592,0.758648648649,3.92611951097,0.726332109529,0.368918918919,1.07477860792,0.520489182733,4,2.12579305405,1.07358064047,4,0.457623917484,0.289751552795,311,0.0400257400257,0.305160499448,37,35,35,0.945945945946,0,0.324324324324,0.513513513514,0.108108108108,-16,-0.012012012012,0.740615051131,-0.864864864865,-12.9043478261,0.451612903226,0.22651612028,0.0771317531325,0.0700750750751,-0.592637840226,0.0319121681778,-0.00661661661662,0.839288040265,0.197569311307,0.116166166166,0.494833492989,0.0825714428843,2,0.801468729729,0.493635525535,2,0.445453791314,0.283778856549,304,0.0391248391248,-0.316036081748,-0.405405405405,0.27027027027,0.0810810810811,172,28,44,1088,0.796296296296,0.974910394265,0.0250896057348,0.203703703704,0.86,0.796296296296,0.826923076923,0.795777306848,0.771206690562,0.704918032787,179,195,0,0,0,0
422,WLNM_dir_neg,0.87838921762,0.636403987273,00:00:08,10,10,47,1231466271,threshold_sweep,0.8,0.83734939759,0.712820512821,0.770083102493,139,27,56,363,0.712820512821,0.930769230769,0.0692307692308,0.287179487179,0.83734939759,0.712820512821,0.770083102493,0.85811965812,0.57207977208,0.66844207723,0.672973042885,0.64358974359,216,21,195,0,216,0,21,0,195,37,216,0.162162162162,1.32432432432,11.6756756757,21.6,6,8.1990990496,0.702237650082,0.31006006006,10.329336629,1.76937710775,0.765265265265,3.0868314707,0.528762798222,0.252752752753,0.579945114934,0.437917739848,2,1.32432432432,0.579945114934,2,0.0121701261701,0.00597269624573,7,0.000900900900901,0.621196581197,37,37,37,1,0,0.72972972973,0.243243243243,0.027027027027,37,0.0157657657658,1.27027027027,1.13513513514,2.33333333333,1.4,1.20559257357,1.06206964815,0.553410553411,1.14359424964,2.01490415413,0.815958815959,0.834683590768,1.47063299326,0.684684684685,0.508191163105,0.400065383721,2,1.47368421053,0.611775290321,2,0,0,0,0,0.0597222222222,37,19,19,0.513513513514,0,0.378378378378,0.027027027027,0.216216216216,37,187,0.14039039039,2.07770893971,10.1081081081,8.13043478261,6.03225806452,8.04426567253,0.795823074555,0.394999277352,9.2073218025,1.82176955451,0.763116057234,3.92248465719,0.776106589925,0.397456279809,1.09053342209,0.524873047061,4,2.13929230769,1.08949289606,4,0.446006959534,0.271769662921,258,0.0332046332046,0.301903891128,37,35,35,0.945945945946,0,0.324324324324,0.513513513514,0.108108108108,-29,-0.0217717717718,0.753384615385,-1.56756756757,-13.4695652174,0.0322580645161,-0.154833377077,0.093585424473,0.0849392172922,-1.1220148265,0.0523924467598,-0.00214920803156,0.835653186485,0.247343791703,0.144703527056,0.510588307156,0.0869553072125,2,0.814967983368,0.509547781126,2,0.433836833364,0.265796966676,251,0.0323037323037,-0.319292690069,-0.405405405405,0.27027027027,0.0810810810811,160,27,56,1089,0.740740740741,0.975806451613,0.0241935483871,0.259259259259,0.855614973262,0.740740740741,0.794044665012,0.760291657175,0.716547192354,0.658436213992,166,195,0,0,0,0
423,WLNM_dir_neg,0.87838921762,0.636403987273,00:00:08,10,10,47,1231466271,threshold_sweep,0.9,0.83734939759,0.712820512821,0.770083102493,139,27,56,363,0.712820512821,0.930769230769,0.0692307692308,0.287179487179,0.83734939759,0.712820512821,0.770083102493,0.85811965812,0.57207977208,0.66844207723,0.672973042885,0.64358974359,216,21,195,0,216,0,21,0,195,37,216,0.162162162162,1.32432432432,11.6756756757,21.6,6,8.1990990496,0.702237650082,0.31006006006,10.329336629,1.76937710775,0.765265265265,3.0868314707,0.528762798222,0.252752752753,0.579945114934,0.437917739848,2,1.32432432432,0.579945114934,2,0.0121701261701,0.00597269624573,7,0.000900900900901,0.621196581197,37,37,37,1,0,0.72972972973,0.243243243243,0.027027027027,37,0.0157657657658,1.27027027027,1.13513513514,2.33333333333,1.4,1.20559257357,1.06206964815,0.553410553411,1.14359424964,2.01490415413,0.815958815959,0.834683590768,1.47063299326,0.684684684685,0.508191163105,0.400065383721,2,1.47368421053,0.611775290321,2,0,0,0,0,0.0597222222222,37,19,19,0.513513513514,0,0.378378378378,0.027027027027,0.216216216216,37,187,0.14039039039,2.07770893971,10.1081081081,8.13043478261,6.03225806452,8.04426567253,0.795823074555,0.394999277352,9.2073218025,1.82176955451,0.763116057234,3.92248465719,0.776106589925,0.397456279809,1.09053342209,0.524873047061,4,2.13929230769,1.08949289606,4,0.446006959534,0.271769662921,258,0.0332046332046,0.301903891128,37,35,35,0.945945945946,0,0.324324324324,0.513513513514,0.108108108108,-29,-0.0217717717718,0.753384615385,-1.56756756757,-13.4695652174,0.0322580645161,-0.154833377077,0.093585424473,0.0849392172922,-1.1220148265,0.0523924467598,-0.00214920803156,0.835653186485,0.247343791703,0.144703527056,0.510588307156,0.0869553072125,2,0.814967983368,0.509547781126,2,0.433836833364,0.265796966676,251,0.0323037323037,-0.319292690069,-0.405405405405,0.27027027027,0.0810810810811,160,27,56,1089,0.740740740741,0.975806451613,0.0241935483871,0.259259259259,0.855614973262,0.740740740741,0.794044665012,0.760291657175,0.716547192354,0.658436213992,166,195,0,0,0,0
424,WLNM_dir_neg,0.843372781065,0.811088581231,00:00:10,10,10,48,1231466272,threshold_sweep,0.1,0.859154929577,0.625641025641,0.724035608309,122,20,73,370,0.625641025641,0.948717948718,0.0512820512821,0.374358974359,0.859154929577,0.625641025641,0.724035608309,0.841025641026,0.585754985755,0.616231086657,0.631519819903,0.574358974359,216,21,195,0,216,0,21,0,195,37,216,0.162162162162,1.32432432432,11.6756756757,21.6,6,8.1990990496,0.702237650082,0.31006006006,10.329336629,1.76937710775,0.765265265265,3.0868314707,0.528762798222,0.252752752753,0.579945114934,0.437917739848,2,1.32432432432,0.579945114934,2,0.0121701261701,0.00597269624573,7,0.000900900900901,0.621196581197,37,37,37,1,0,0.72972972973,0.243243243243,0.027027027027,37,0.0157657657658,1.27027027027,1.13513513514,2.33333333333,1.23529411765,1.2728393929,1.12131089375,0.570141570142,1.09393633119,1.92741163114,0.800514800515,0.800712895576,1.41077986363,0.620334620335,0.508191163105,0.400065383721,2,1.45454545455,0.687551650952,2,0,0,0,0,0.0865740740741,37,11,11,0.297297297297,0,0.378378378378,0.0810810810811,0.162162162162,37,163,0.122372372372,1.69295036706,8.81081081081,7.7619047619,5.09375,6.74058123869,0.765035293962,0.367600729564,7.90027938838,1.79331495319,0.764384015918,3.2868378882,0.746092035972,0.37008787929,0.661775553283,0.39090074119,2.32066321499,1.71219898837,0.660574841327,2.32066321499,0.294999743487,0.197991391679,138,0.0177606177606,0.328551009882,37,36,36,0.972972972973,0,0.405405405405,0.459459459459,0.108108108108,-53,-0.0397897897898,0.368626042738,-2.86486486486,-13.8380952381,-0.90625,-1.45851781091,0.0627976438804,0.0575406695039,-2.42905724062,0.0239378454445,-0.000881249347507,0.200006417495,0.217329237749,0.117335126538,0.0818304383486,-0.0470169986581,0.32066321499,0.387874664045,0.080629726393,0.32066321499,0.282829617317,0.192018695433,131,0.0168597168597,-0.292645571314,-0.324324324324,0.216216216216,0.0810810810811,143,20,73,1096,0.662037037037,0.982078853047,0.0179211469534,0.337962962963,0.877300613497,0.662037037037,0.754617414248,0.724472538981,0.644115890084,0.60593220339,142,195,0,0,0,0
425,WLNM_dir_neg,0.843372781065,0.811088581231,00:00:10,10,10,48,1231466272,threshold_sweep,0.2,0.859154929577,0.625641025641,0.724035608309,122,20,73,370,0.625641025641,0.948717948718,0.0512820512821,0.374358974359,0.859154929577,0.625641025641,0.724035608309,0.841025641026,0.585754985755,0.616231086657,0.631519819903,0.574358974359,216,21,195,0,216,0,21,0,195,37,216,0.162162162162,1.32432432432,11.6756756757,21.6,6,8.1990990496,0.702237650082,0.31006006006,10.329336629,1.76937710775,0.765265265265,3.0868314707,0.528762798222,0.252752752753,0.579945114934,0.437917739848,2,1.32432432432,0.579945114934,2,0.0121701261701,0.00597269624573,7,0.000900900900901,0.621196581197,37,37,37,1,0,0.72972972973,0.243243243243,0.027027027027,37,0.0157657657658,1.27027027027,1.13513513514,2.33333333333,1.23529411765,1.2728393929,1.12131089375,0.570141570142,1.09393633119,1.92741163114,0.800514800515,0.800712895576,1.41077986363,0.620334620335,0.508191163105,0.400065383721,2,1.45454545455,0.687551650952,2,0,0,0,0,0.0865740740741,37,11,11,0.297297297297,0,0.378378378378,0.0810810810811,0.162162162162,37,163,0.122372372372,1.69295036706,8.81081081081,7.7619047619,5.09375,6.74058123869,0.765035293962,0.367600729564,7.90027938838,1.79331495319,0.764384015918,3.2868378882,0.746092035972,0.37008787929,0.661775553283,0.39090074119,2.32066321499,1.71219898837,0.660574841327,2.32066321499,0.294999743487,0.197991391679,138,0.0177606177606,0.328551009882,37,36,36,0.972972972973,0,0.405405405405,0.459459459459,0.108108108108,-53,-0.0397897897898,0.368626042738,-2.86486486486,-13.8380952381,-0.90625,-1.45851781091,0.0627976438804,0.0575406695039,-2.42905724062,0.0239378454445,-0.000881249347507,0.200006417495,0.217329237749,0.117335126538,0.0818304383486,-0.0470169986581,0.32066321499,0.387874664045,0.080629726393,0.32066321499,0.282829617317,0.192018695433,131,0.0168597168597,-0.292645571314,-0.324324324324,0.216216216216,0.0810810810811,143,20,73,1096,0.662037037037,0.982078853047,0.0179211469534,0.337962962963,0.877300613497,0.662037037037,0.754617414248,0.724472538981,0.644115890084,0.60593220339,142,195,0,0,0,0
426,WLNM_dir_neg,0.843372781065,0.811088581231,00:00:10,10,10,48,1231466272,threshold_sweep,0.3,0.859154929577,0.625641025641,0.724035608309,122,20,73,370,0.625641025641,0.948717948718,0.0512820512821,0.374358974359,0.859154929577,0.625641025641,0.724035608309,0.841025641026,0.585754985755,0.616231086657,0.631519819903,0.574358974359,216,21,195,0,216,0,21,0,195,37,216,0.162162162162,1.32432432432,11.6756756757,21.6,6,8.1990990496,0.702237650082,0.31006006006,10.329336629,1.76937710775,0.765265265265,3.0868314707,0.528762798222,0.252752752753,0.579945114934,0.437917739848,2,1.32432432432,0.579945114934,2,0.0121701261701,0.00597269624573,7,0.000900900900901,0.621196581197,37,37,37,1,0,0.72972972973,0.243243243243,0.027027027027,37,0.0157657657658,1.27027027027,1.13513513514,2.33333333333,1.23529411765,1.2728393929,1.12131089375,0.570141570142,1.09393633119,1.92741163114,0.800514800515,0.800712895576,1.41077986363,0.620334620335,0.508191163105,0.400065383721,2,1.45454545455,0.687551650952,2,0,0,0,0,0.0865740740741,37,11,11,0.297297297297,0,0.378378378378,0.0810810810811,0.162162162162,37,163,0.122372372372,1.69295036706,8.81081081081,7.7619047619,5.09375,6.74058123869,0.765035293962,0.367600729564,7.90027938838,1.79331495319,0.764384015918,3.2868378882,0.746092035972,0.37008787929,0.661775553283,0.39090074119,2.32066321499,1.71219898837,0.660574841327,2.32066321499,0.294999743487,0.197991391679,138,0.0177606177606,0.328551009882,37,36,36,0.972972972973,0,0.405405405405,0.459459459459,0.108108108108,-53,-0.0397897897898,0.368626042738,-2.86486486486,-13.8380952381,-0.90625,-1.45851781091,0.0627976438804,0.0575406695039,-2.42905724062,0.0239378454445,-0.000881249347507,0.200006417495,0.217329237749,0.117335126538,0.0818304383486,-0.0470169986581,0.32066321499,0.387874664045,0.080629726393,0.32066321499,0.282829617317,0.192018695433,131,0.0168597168597,-0.292645571314,-0.324324324324,0.216216216216,0.0810810810811,143,20,73,1096,0.662037037037,0.982078853047,0.0179211469534,0.337962962963,0.877300613497,0.662037037037,0.754617414248,0.724472538981,0.644115890084,0.60593220339,142,195,0,0,0,0
427,WLNM_dir_neg,0.843372781065,0.811088581231,00:00:10,10,10,48,1231466272,threshold_sweep,0.4,0.859154929577,0.625641025641,0.724035608309,122,20,73,370,0.625641025641,0.948717948718,0.0512820512821,0.374358974359,0.859154929577,0.625641025641,0.724035608309,0.841025641026,0.585754985755,0.616231086657,0.631519819903,0.574358974359,216,21,195,0,216,0,21,0,195,37,216,0.162162162162,1.32432432432,11.6756756757,21.6,6,8.1990990496,0.702237650082,0.31006006006,10.329336629,1.76937710775,0.765265265265,3.0868314707,0.528762798222,0.252752752753,0.579945114934,0.437917739848,2,1.32432432432,0.579945114934,2,0.0121701261701,0.00597269624573,7,0.000900900900901,0.621196581197,37,37,37,1,0,0.72972972973,0.243243243243,0.027027027027,37,0.0157657657658,1.27027027027,1.13513513514,2.33333333333,1.23529411765,1.2728393929,1.12131089375,0.570141570142,1.09393633119,1.92741163114,0.800514800515,0.800712895576,1.41077986363,0.620334620335,0.508191163105,0.400065383721,2,1.45454545455,0.687551650952,2,0,0,0,0,0.0865740740741,37,11,11,0.297297297297,0,0.378378378378,0.0810810810811,0.162162162162,37,163,0.122372372372,1.69295036706,8.81081081081,7.7619047619,5.09375,6.74058123869,0.765035293962,0.367600729564,7.90027938838,1.79331495319,0.764384015918,3.2868378882,0.746092035972,0.37008787929,0.661775553283,0.39090074119,2.32066321499,1.71219898837,0.660574841327,2.32066321499,0.294999743487,0.197991391679,138,0.0177606177606,0.328551009882,37,36,36,0.972972972973,0,0.405405405405,0.459459459459,0.108108108108,-53,-0.0397897897898,0.368626042738,-2.86486486486,-13.8380952381,-0.90625,-1.45851781091,0.0627976438804,0.0575406695039,-2.42905724062,0.0239378454445,-0.000881249347507,0.200006417495,0.217329237749,0.117335126538,0.0818304383486,-0.0470169986581,0.32066321499,0.387874664045,0.080629726393,0.32066321499,0.282829617317,0.192018695433,131,0.0168597168597,-0.292645571314,-0.324324324324,0.216216216216,0.0810810810811,143,20,73,1096,0.662037037037,0.982078853047,0.0179211469534,0.337962962963,0.877300613497,0.662037037037,0.754617414248,0.724472538981,0.644115890084,0.60593220339,142,195,0,0,0,0
428,WLNM_dir_neg,0.843372781065,0.811088581231,00:00:10,10,10,48,1231466272,threshold_sweep,0.5,0.853846153846,0.569230769231,0.683076923077,111,19,84,371,0.569230769231,0.951282051282,0.0487179487179,0.430769230769,0.853846153846,0.569230769231,0.683076923077,0.823931623932,0.592592592593,0.567832167832,0.590206061699,0.520512820513,216,21,195,0,216,0,21,0,195,37,216,0.162162162162,1.32432432432,11.6756756757,21.6,6,8.1990990496,0.702237650082,0.31006006006,10.329336629,1.76937710775,0.765265265265,3.0868314707,0.528762798222,0.252752752753,0.579945114934,0.437917739848,2,1.32432432432,0.579945114934,2,0.0121701261701,0.00597269624573,7,0.000900900900901,0.621196581197,37,37,37,1,0,0.72972972973,0.243243243243,0.027027027027,37,0.0157657657658,1.27027027027,1.13513513514,2.33333333333,1.23529411765,1.2728393929,1.12131089375,0.570141570142,1.09393633119,1.92741163114,0.800514800515,0.800712895576,1.41077986363,0.620334620335,0.508191163105,0.400065383721,2,1.45454545455,0.687551650952,2,0,0,0,0,0.0865740740741,37,11,11,0.297297297297,0,0.378378378378,0.0810810810811,0.162162162162,37,151,0.113363363363,1.68942805695,8.16216216216,7.19047619048,4.87096774194,6.3443479374,0.777287661204,0.382316090925,7.2509707334,1.77672792805,0.758546626096,3.29459471777,0.807284798394,0.400214784321,0.657870627285,0.389404345795,2.3190762024,1.72882394592,0.654748090019,2.3190762024,0.300576309156,0.199335548173,120,0.015444015444,0.327870348149,37,35,35,0.945945945946,0,0.378378378378,0.459459459459,0.108108108108,-65,-0.0487987987988,0.365103732626,-3.51351351351,-14.4095238095,-1.12903225806,-1.85475111221,0.0750500111224,0.0722560308653,-3.0783658956,0.00735082030554,-0.00671863916897,0.207763247065,0.278522000171,0.147462031568,0.0779255123508,-0.048513394053,0.319076202397,0.404499621595,0.0748029750841,0.319076202397,0.288406182986,0.193362851927,113,0.0145431145431,-0.293326233047,-0.351351351351,0.216216216216,0.0810810810811,132,19,84,1097,0.611111111111,0.982974910394,0.0170250896057,0.388888888889,0.87417218543,0.611111111111,0.719346049046,0.690708633071,0.594086021505,0.56170212766,130,195,0,0,0,0
429,WLNM_dir_neg,0.843372781065,0.811088581231,00:00:10,10,10,48,1231466272,threshold_sweep,0.6,0.8515625,0.558974358974,0.674922600619,109,19,86,371,0.558974358974,0.951282051282,0.0487179487179,0.441025641026,0.8515625,0.558974358974,0.674922600619,0.820512820513,0.593732193732,0.558204768583,0.58180171047,0.510256410256,216,21,195,0,216,0,21,0,195,37,216,0.162162162162,1.32432432432,11.6756756757,21.6,6,8.1990990496,0.702237650082,0.31006006006,10.329336629,1.76937710775,0.765265265265,3.0868314707,0.528762798222,0.252752752753,0.579945114934,0.437917739848,2,1.32432432432,0.579945114934,2,0.0121701261701,0.00597269624573,7,0.000900900900901,0.621196581197,37,37,37,1,0,0.72972972973,0.243243243243,0.027027027027,37,0.0157657657658,1.27027027027,1.13513513514,2.33333333333,1.23529411765,1.2728393929,1.12131089375,0.570141570142,1.09393633119,1.92741163114,0.800514800515,0.800712895576,1.41077986363,0.620334620335,0.508191163105,0.400065383721,2,1.45454545455,0.687551650952,2,0,0,0,0,0.0865740740741,37,11,11,0.297297297297,0,0.378378378378,0.0810810810811,0.162162162162,37,149,0.111861861862,1.69062443386,8.05405405405,7.09523809524,4.8064516129,6.20907018422,0.77092482153,0.378559767822,7.09650338972,1.76221896255,0.75639397787,3.23596530752,0.803561854887,0.394340649374,0.659440953852,0.390057626428,2.3190762024,1.73008868722,0.656340370936,2.3190762024,0.298953478557,0.199426934097,116,0.0149292149292,0.3255835169,37,35,35,0.945945945946,0,0.378378378378,0.459459459459,0.108108108108,-67,-0.0503003003003,0.366300109536,-3.62162162162,-14.5047619048,-1.1935483871,-1.99002886539,0.0686871714486,0.0684997077615,-3.23283323928,-0.00715814519648,-0.00887128739478,0.149133836816,0.274799056665,0.141587896621,0.0794958389179,-0.0478601134206,0.319076202397,0.405764362899,0.0763952560011,0.319076202397,0.286783352387,0.193454237852,109,0.0140283140283,-0.295613064296,-0.351351351351,0.216216216216,0.0810810810811,130,19,86,1097,0.601851851852,0.982974910394,0.0170250896057,0.398148148148,0.872483221477,0.601851851852,0.712328767123,0.683912756707,0.584826762246,0.553191489362,128,195,0,0,0,0
430,WLNM_dir_neg,0.843372781065,0.811088581231,00:00:10,10,10,48,1231466272,threshold_sweep,0.7,0.931623931624,0.558974358974,0.698717948718,109,8,86,382,0.558974358974,0.979487179487,0.0205128205128,0.441025641026,0.931623931624,0.558974358974,0.698717948718,0.839316239316,0.6,0.598290598291,0.634583008757,0.538461538462,216,21,195,0,216,0,21,0,195,37,216,0.162162162162,1.32432432432,11.6756756757,21.6,6,8.1990990496,0.702237650082,0.31006006006,10.329336629,1.76937710775,0.765265265265,3.0868314707,0.528762798222,0.252752752753,0.579945114934,0.437917739848,2,1.32432432432,0.579945114934,2,0.0121701261701,0.00597269624573,7,0.000900900900901,0.621196581197,37,37,37,1,0,0.72972972973,0.243243243243,0.027027027027,37,0.0157657657658,1.27027027027,1.13513513514,2.33333333333,1.23529411765,1.2728393929,1.12131089375,0.570141570142,1.09393633119,1.92741163114,0.800514800515,0.800712895576,1.41077986363,0.620334620335,0.508191163105,0.400065383721,2,1.45454545455,0.687551650952,2,0,0,0,0,0.0865740740741,37,11,11,0.297297297297,0,0.378378378378,0.0810810810811,0.162162162162,37,138,0.103603603604,1.34991410191,7.45945945946,12.5454545455,4.45161290323,6.17609457053,0.827954706919,0.39678809244,7.23666838879,1.94026616221,0.803368585977,2.41118514715,0.646477177133,0.35017626322,0.569101933198,0.421583812179,2.09259311941,1.36990919345,0.579063632764,2.09259311941,0.277051000988,0.163498098859,86,0.0110682110682,0.257351473309,37,35,35,0.945945945946,0,0.648648648649,0.189189189189,0.108108108108,-78,-0.0585585585586,0.0255897775852,-4.21621621622,-9.05454545455,-1.54838709677,-2.02300447907,0.125717056837,0.0867280323802,-3.09266824021,0.170889054468,0.038103320712,-0.675646323559,0.117714378911,0.097423510467,-0.0108431817369,-0.0163339276692,0.0925931194052,0.0455848691229,-0.000881482170154,0.0925931194052,0.264880874818,0.157525402614,79,0.0101673101673,-0.363845107888,-0.0810810810811,-0.0540540540541,0.0810810810811,130,8,86,1108,0.601851851852,0.992831541219,0.00716845878136,0.398148148148,0.942028985507,0.601851851852,0.734463276836,0.71928843398,0.59468339307,0.580357142857,117,195,0,0,0,0
431,WLNM_dir_neg,0.843372781065,0.811088581231,00:00:10,10,10,48,1231466272,threshold_sweep,0.8,0.931623931624,0.558974358974,0.698717948718,109,8,86,382,0.558974358974,0.979487179487,0.0205128205128,0.441025641026,0.931623931624,0.558974358974,0.698717948718,0.839316239316,0.6,0.598290598291,0.634583008757,0.538461538462,216,21,195,0,216,0,21,0,195,37,216,0.162162162162,1.32432432432,11.6756756757,21.6,6,8.1990990496,0.702237650082,0.31006006006,10.329336629,1.76937710775,0.765265265265,3.0868314707,0.528762798222,0.252752752753,0.579945114934,0.437917739848,2,1.32432432432,0.579945114934,2,0.0121701261701,0.00597269624573,7,0.000900900900901,0.621196581197,37,37,37,1,0,0.72972972973,0.243243243243,0.027027027027,37,0.0157657657658,1.27027027027,1.13513513514,2.33333333333,1.23529411765,1.2728393929,1.12131089375,0.570141570142,1.09393633119,1.92741163114,0.800514800515,0.800712895576,1.41077986363,0.620334620335,0.508191163105,0.400065383721,2,1.45454545455,0.687551650952,2,0,0,0,0,0.0865740740741,37,11,11,0.297297297297,0,0.378378378378,0.0810810810811,0.162162162162,37,138,0.103603603604,1.34991410191,7.45945945946,12.5454545455,4.45161290323,6.17609457053,0.827954706919,0.39678809244,7.23666838879,1.94026616221,0.803368585977,2.41118514715,0.646477177133,0.35017626322,0.569101933198,0.421583812179,2.09259311941,1.36990919345,0.579063632764,2.09259311941,0.277051000988,0.163498098859,86,0.0110682110682,0.257351473309,37,35,35,0.945945945946,0,0.648648648649,0.189189189189,0.108108108108,-78,-0.0585585585586,0.0255897775852,-4.21621621622,-9.05454545455,-1.54838709677,-2.02300447907,0.125717056837,0.0867280323802,-3.09266824021,0.170889054468,0.038103320712,-0.675646323559,0.117714378911,0.097423510467,-0.0108431817369,-0.0163339276692,0.0925931194052,0.0455848691229,-0.000881482170154,0.0925931194052,0.264880874818,0.157525402614,79,0.0101673101673,-0.363845107888,-0.0810810810811,-0.0540540540541,0.0810810810811,130,8,86,1108,0.601851851852,0.992831541219,0.00716845878136,0.398148148148,0.942028985507,0.601851851852,0.734463276836,0.71928843398,0.59468339307,0.580357142857,117,195,0,0,0,0
432,WLNM_dir_neg,0.843372781065,0.811088581231,00:00:10,10,10,48,1231466272,threshold_sweep,0.9,0.940594059406,0.487179487179,0.641891891892,95,6,100,384,0.487179487179,0.984615384615,0.0153846153846,0.512820512821,0.940594059406,0.487179487179,0.641891891892,0.818803418803,0.609116809117,0.536443148688,0.588463401047,0.471794871795,216,21,195,0,216,0,21,0,195,37,216,0.162162162162,1.32432432432,11.6756756757,21.6,6,8.1990990496,0.702237650082,0.31006006006,10.329336629,1.76937710775,0.765265265265,3.0868314707,0.528762798222,0.252752752753,0.579945114934,0.437917739848,2,1.32432432432,0.579945114934,2,0.0121701261701,0.00597269624573,7,0.000900900900901,0.621196581197,37,37,37,1,0,0.72972972973,0.243243243243,0.027027027027,37,0.0157657657658,1.27027027027,1.13513513514,2.33333333333,1.23529411765,1.2728393929,1.12131089375,0.570141570142,1.09393633119,1.92741163114,0.800514800515,0.800712895576,1.41077986363,0.620334620335,0.508191163105,0.400065383721,2,1.45454545455,0.687551650952,2,0,0,0,0,0.0865740740741,37,11,11,0.297297297297,0,0.378378378378,0.0810810810811,0.162162162162,37,122,0.0915915915916,1.34932184932,6.59459459459,11.0909090909,3.93548387097,5.3513210179,0.811470810092,0.368852459016,6.39385497031,1.93911995001,0.797075764289,1.98417159967,0.601756960556,0.316349136021,0.568301260923,0.421175467668,2.09294871795,1.36928309785,0.578252700832,2.09294871795,0.199484067131,0.122704507513,49,0.00630630630631,0.213866012409,37,35,35,0.945945945946,0,0.648648648649,0.189189189189,0.108108108108,-94,-0.0705705705706,0.0249975249975,-5.08108108108,-10.5090909091,-2.06451612903,-2.8477780317,0.10923316001,0.0587923989563,-3.93548165869,0.169742842267,0.0318104990236,-1.10265987103,0.0729941623332,0.0635963832685,-0.0116438540115,-0.0167422721803,0.0929487179487,0.0449587735302,-0.00169241410234,0.0929487179487,0.187313940961,0.116731811267,42,0.00540540540541,-0.407330568787,-0.0810810810811,-0.0540540540541,0.0810810810811,116,6,100,1110,0.537037037037,0.994623655914,0.00537634408602,0.462962962963,0.950819672131,0.537037037037,0.686390532544,0.679392777054,0.531660692951,0.522522522523,101,195,0,0,0,0
433,WLNM_dir_neg,0.629355687048,0.563427979183,00:00:09,10,10,49,1231466273,threshold_sweep,0.1,0.78313253012,0.333333333333,0.467625899281,65,18,130,372,0.333333333333,0.953846153846,0.0461538461538,0.666666666667,0.78313253012,0.333333333333,0.467625899281,0.747008547009,0.619373219373,0.335329341317,0.387982484768,0.287179487179,216,21,195,0,216,0,21,0,195,37,216,0.162162162162,1.32432432432,11.6756756757,21.6,6,8.1990990496,0.702237650082,0.31006006006,10.329336629,1.76937710775,0.765265265265,3.0868314707,0.528762798222,0.252752752753,0.579945114934,0.437917739848,2,1.32432432432,0.579945114934,2,0.0121701261701,0.00597269624573,7,0.000900900900901,0.621196581197,37,37,37,1,0,0.72972972973,0.243243243243,0.027027027027,37,0.0157657657658,1.27027027027,1.13513513514,2.33333333333,1.4,1.2728393929,1.12131089375,0.554697554698,1.23694382655,2.1793772182,0.823680823681,0.765235640562,1.34827231908,0.664092664093,0.508191163105,0.400065383721,2,1.45,0.604805318829,2,0,0,0,0,0.0262896825397,37,20,20,0.540540540541,0,0.351351351351,0.0540540540541,0.189189189189,37,104,0.0780780780781,1.76494581316,5.62162162162,4.72727272727,3.46666666667,5.41782731848,0.963748128768,0.441008316008,5.6854484717,2.02270762935,0.760914760915,2.8658704111,1.01958851164,0.475571725572,0.703462360736,0.398574480582,2.07936507937,1.76494581316,0.703462360736,2.07936507937,0.163310050888,0.112983151635,38,0.0048906048906,0.286472196234,37,37,37,1,0,0.405405405405,0.405405405405,0.189189189189,-112,-0.0840840840841,0.440621488836,-6.05405405405,-16.8727272727,-2.53333333333,-2.78127173113,0.261510478686,0.130948255948,-4.6438881573,0.253330521608,-0.0043505043505,-0.220961059605,0.490825713419,0.222818972819,0.123517245801,-0.0393432592665,0.0793650793651,0.440621488836,0.123517245801,0.0793650793651,0.151139924718,0.10701045539,31,0.0039897039897,-0.334724384962,-0.324324324324,0.162162162162,0.162162162162,86,18,130,1098,0.398148148148,0.983870967742,0.0161290322581,0.601851851852,0.826923076923,0.398148148148,0.5375,0.524841556732,0.38201911589,0.367521367521,83,195,0,0,0,0
434,WLNM_dir_neg,0.629355687048,0.563427979183,00:00:09,10,10,49,1231466273,threshold_sweep,0.2,0.780487804878,0.328205128205,0.462093862816,64,18,131,372,0.328205128205,0.953846153846,0.0461538461538,0.671794871795,0.780487804878,0.328205128205,0.462093862816,0.745299145299,0.619943019943,0.329835082459,0.382989412736,0.282051282051,216,21,195,0,216,0,21,0,195,37,216,0.162162162162,1.32432432432,11.6756756757,21.6,6,8.1990990496,0.702237650082,0.31006006006,10.329336629,1.76937710775,0.765265265265,3.0868314707,0.528762798222,0.252752752753,0.579945114934,0.437917739848,2,1.32432432432,0.579945114934,2,0.0121701261701,0.00597269624573,7,0.000900900900901,0.621196581197,37,37,37,1,0,0.72972972973,0.243243243243,0.027027027027,37,0.0157657657658,1.27027027027,1.13513513514,2.33333333333,1.4,1.2728393929,1.12131089375,0.554697554698,1.23694382655,2.1793772182,0.823680823681,0.765235640562,1.34827231908,0.664092664093,0.508191163105,0.400065383721,2,1.45,0.604805318829,2,0,0,0,0,0.0262896825397,37,20,20,0.540540540541,0,0.351351351351,0.0540540540541,0.189189189189,37,103,0.0773273273273,1.76559436544,5.56756756757,4.68181818182,3.43333333333,5.32572655732,0.956562536995,0.43951718709,5.58338375666,2.00568154366,0.759380739963,2.83955332105,1.02003371727,0.473891367095,0.704218713366,0.398856457152,2.07936507937,1.76559436544,0.704218713366,2.07936507937,0.156709260374,0.113149847095,37,0.0047619047619,0.285856614055,37,37,37,1,0,0.405405405405,0.405405405405,0.189189189189,-113,-0.0848348348348,0.441270041115,-6.10810810811,-16.9181818182,-2.56666666667,-2.87337249228,0.254324886913,0.12945712703,-4.74595287234,0.236304435911,-0.005884525302,-0.247278149658,0.491270919046,0.221138614342,0.124273598432,-0.0390612826968,0.0793650793651,0.441270041115,0.124273598432,0.0793650793651,0.144539134204,0.107177150849,30,0.003861003861,-0.335339967141,-0.324324324324,0.162162162162,0.162162162162,85,18,131,1098,0.393518518519,0.983870967742,0.0161290322581,0.606481481481,0.825242718447,0.393518518519,0.532915360502,0.520779902571,0.37738948626,0.363247863248,82,195,0,0,0,0
435,WLNM_dir_neg,0.629355687048,0.563427979183,00:00:09,10,10,49,1231466273,threshold_sweep,0.3,0.780487804878,0.328205128205,0.462093862816,64,18,131,372,0.328205128205,0.953846153846,0.0461538461538,0.671794871795,0.780487804878,0.328205128205,0.462093862816,0.745299145299,0.619943019943,0.329835082459,0.382989412736,0.282051282051,216,21,195,0,216,0,21,0,195,37,216,0.162162162162,1.32432432432,11.6756756757,21.6,6,8.1990990496,0.702237650082,0.31006006006,10.329336629,1.76937710775,0.765265265265,3.0868314707,0.528762798222,0.252752752753,0.579945114934,0.437917739848,2,1.32432432432,0.579945114934,2,0.0121701261701,0.00597269624573,7,0.000900900900901,0.621196581197,37,37,37,1,0,0.72972972973,0.243243243243,0.027027027027,37,0.0157657657658,1.27027027027,1.13513513514,2.33333333333,1.4,1.2728393929,1.12131089375,0.554697554698,1.23694382655,2.1793772182,0.823680823681,0.765235640562,1.34827231908,0.664092664093,0.508191163105,0.400065383721,2,1.45,0.604805318829,2,0,0,0,0,0.0262896825397,37,20,20,0.540540540541,0,0.351351351351,0.0540540540541,0.189189189189,37,103,0.0773273273273,1.76559436544,5.56756756757,4.68181818182,3.43333333333,5.32572655732,0.956562536995,0.43951718709,5.58338375666,2.00568154366,0.759380739963,2.83955332105,1.02003371727,0.473891367095,0.704218713366,0.398856457152,2.07936507937,1.76559436544,0.704218713366,2.07936507937,0.156709260374,0.113149847095,37,0.0047619047619,0.285856614055,37,37,37,1,0,0.405405405405,0.405405405405,0.189189189189,-113,-0.0848348348348,0.441270041115,-6.10810810811,-16.9181818182,-2.56666666667,-2.87337249228,0.254324886913,0.12945712703,-4.74595287234,0.236304435911,-0.005884525302,-0.247278149658,0.491270919046,0.221138614342,0.124273598432,-0.0390612826968,0.0793650793651,0.441270041115,0.124273598432,0.0793650793651,0.144539134204,0.107177150849,30,0.003861003861,-0.335339967141,-0.324324324324,0.162162162162,0.162162162162,85,18,131,1098,0.393518518519,0.983870967742,0.0161290322581,0.606481481481,0.825242718447,0.393518518519,0.532915360502,0.520779902571,0.37738948626,0.363247863248,82,195,0,0,0,0
436,WLNM_dir_neg,0.629355687048,0.563427979183,00:00:09,10,10,49,1231466273,threshold_sweep,0.4,0.780487804878,0.328205128205,0.462093862816,64,18,131,372,0.328205128205,0.953846153846,0.0461538461538,0.671794871795,0.780487804878,0.328205128205,0.462093862816,0.745299145299,0.619943019943,0.329835082459,0.382989412736,0.282051282051,216,21,195,0,216,0,21,0,195,37,216,0.162162162162,1.32432432432,11.6756756757,21.6,6,8.1990990496,0.702237650082,0.31006006006,10.329336629,1.76937710775,0.765265265265,3.0868314707,0.528762798222,0.252752752753,0.579945114934,0.437917739848,2,1.32432432432,0.579945114934,2,0.0121701261701,0.00597269624573,7,0.000900900900901,0.621196581197,37,37,37,1,0,0.72972972973,0.243243243243,0.027027027027,37,0.0157657657658,1.27027027027,1.13513513514,2.33333333333,1.4,1.2728393929,1.12131089375,0.554697554698,1.23694382655,2.1793772182,0.823680823681,0.765235640562,1.34827231908,0.664092664093,0.508191163105,0.400065383721,2,1.45,0.604805318829,2,0,0,0,0,0.0262896825397,37,20,20,0.540540540541,0,0.351351351351,0.0540540540541,0.189189189189,37,103,0.0773273273273,1.76559436544,5.56756756757,4.68181818182,3.43333333333,5.32572655732,0.956562536995,0.43951718709,5.58338375666,2.00568154366,0.759380739963,2.83955332105,1.02003371727,0.473891367095,0.704218713366,0.398856457152,2.07936507937,1.76559436544,0.704218713366,2.07936507937,0.156709260374,0.113149847095,37,0.0047619047619,0.285856614055,37,37,37,1,0,0.405405405405,0.405405405405,0.189189189189,-113,-0.0848348348348,0.441270041115,-6.10810810811,-16.9181818182,-2.56666666667,-2.87337249228,0.254324886913,0.12945712703,-4.74595287234,0.236304435911,-0.005884525302,-0.247278149658,0.491270919046,0.221138614342,0.124273598432,-0.0390612826968,0.0793650793651,0.441270041115,0.124273598432,0.0793650793651,0.144539134204,0.107177150849,30,0.003861003861,-0.335339967141,-0.324324324324,0.162162162162,0.162162162162,85,18,131,1098,0.393518518519,0.983870967742,0.0161290322581,0.606481481481,0.825242718447,0.393518518519,0.532915360502,0.520779902571,0.37738948626,0.363247863248,82,195,0,0,0,0
437,WLNM_dir_neg,0.629355687048,0.563427979183,00:00:09,10,10,49,1231466273,threshold_sweep,0.5,0.772151898734,0.312820512821,0.445255474453,61,18,134,372,0.312820512821,0.953846153846,0.0461538461538,0.687179487179,0.772151898734,0.312820512821,0.445255474453,0.740170940171,0.621652421652,0.313253012048,0.367815085551,0.266666666667,216,21,195,0,216,0,21,0,195,37,216,0.162162162162,1.32432432432,11.6756756757,21.6,6,8.1990990496,0.702237650082,0.31006006006,10.329336629,1.76937710775,0.765265265265,3.0868314707,0.528762798222,0.252752752753,0.579945114934,0.437917739848,2,1.32432432432,0.579945114934,2,0.0121701261701,0.00597269624573,7,0.000900900900901,0.621196581197,37,37,37,1,0,0.72972972973,0.243243243243,0.027027027027,37,0.0157657657658,1.27027027027,1.13513513514,2.33333333333,1.4,1.2728393929,1.12131089375,0.554697554698,1.23694382655,2.1793772182,0.823680823681,0.765235640562,1.34827231908,0.664092664093,0.508191163105,0.400065383721,2,1.45,0.604805318829,2,0,0,0,0,0.0262896825397,37,20,20,0.540540540541,0,0.351351351351,0.0540540540541,0.189189189189,37,100,0.0750750750751,1.76096116081,5.40540540541,4.54545454545,3.33333333333,5.30439785806,0.981313603742,0.440810810811,5.49679131082,2.033812785,0.756216216216,2.84668291237,1.05327267758,0.475135135135,0.69912197761,0.397011582748,2.07936507937,1.76096116081,0.69912197761,2.07936507937,0.146194695574,0.104540654699,33,0.0042471042471,0.28916108736,37,37,37,1,0,0.405405405405,0.405405405405,0.189189189189,-116,-0.0870870870871,0.436636836482,-6.27027027027,-17.0545454545,-2.66666666667,-2.89470119154,0.27907595366,0.130750750751,-4.83254531818,0.264435677258,-0.00904904904905,-0.24014855833,0.524509879356,0.222382382382,0.119176862675,-0.0409061571001,0.0793650793651,0.436636836482,0.119176862675,0.0793650793651,0.134024569403,0.0985679584533,26,0.0033462033462,-0.332035493837,-0.324324324324,0.162162162162,0.162162162162,82,18,134,1098,0.37962962963,0.983870967742,0.0161290322581,0.62037037037,0.82,0.37962962963,0.518987341772,0.508462288569,0.363500597372,0.350427350427,79,195,0,0,0,0
438,WLNM_dir_neg,0.629355687048,0.563427979183,00:00:09,10,10,49,1231466273,threshold_sweep,0.6,0.772151898734,0.312820512821,0.445255474453,61,18,134,372,0.312820512821,0.953846153846,0.0461538461538,0.687179487179,0.772151898734,0.312820512821,0.445255474453,0.740170940171,0.621652421652,0.313253012048,0.367815085551,0.266666666667,216,21,195,0,216,0,21,0,195,37,216,0.162162162162,1.32432432432,11.6756756757,21.6,6,8.1990990496,0.702237650082,0.31006006006,10.329336629,1.76937710775,0.765265265265,3.0868314707,0.528762798222,0.252752752753,0.579945114934,0.437917739848,2,1.32432432432,0.579945114934,2,0.0121701261701,0.00597269624573,7,0.000900900900901,0.621196581197,37,37,37,1,0,0.72972972973,0.243243243243,0.027027027027,37,0.0157657657658,1.27027027027,1.13513513514,2.33333333333,1.4,1.2728393929,1.12131089375,0.554697554698,1.23694382655,2.1793772182,0.823680823681,0.765235640562,1.34827231908,0.664092664093,0.508191163105,0.400065383721,2,1.45,0.604805318829,2,0,0,0,0,0.0262896825397,37,20,20,0.540540540541,0,0.351351351351,0.0540540540541,0.189189189189,37,100,0.0750750750751,1.76096116081,5.40540540541,4.54545454545,3.33333333333,5.30439785806,0.981313603742,0.440810810811,5.49679131082,2.033812785,0.756216216216,2.84668291237,1.05327267758,0.475135135135,0.69912197761,0.397011582748,2.07936507937,1.76096116081,0.69912197761,2.07936507937,0.146194695574,0.104540654699,33,0.0042471042471,0.28916108736,37,37,37,1,0,0.405405405405,0.405405405405,0.189189189189,-116,-0.0870870870871,0.436636836482,-6.27027027027,-17.0545454545,-2.66666666667,-2.89470119154,0.27907595366,0.130750750751,-4.83254531818,0.264435677258,-0.00904904904905,-0.24014855833,0.524509879356,0.222382382382,0.119176862675,-0.0409061571001,0.0793650793651,0.436636836482,0.119176862675,0.0793650793651,0.134024569403,0.0985679584533,26,0.0033462033462,-0.332035493837,-0.324324324324,0.162162162162,0.162162162162,82,18,134,1098,0.37962962963,0.983870967742,0.0161290322581,0.62037037037,0.82,0.37962962963,0.518987341772,0.508462288569,0.363500597372,0.350427350427,79,195,0,0,0,0
439,WLNM_dir_neg,0.629355687048,0.563427979183,00:00:09,10,10,49,1231466273,threshold_sweep,0.7,0.763157894737,0.297435897436,0.428044280443,58,18,137,372,0.297435897436,0.953846153846,0.0461538461538,0.702564102564,0.763157894737,0.297435897436,0.428044280443,0.735042735043,0.623361823362,0.296520423601,0.352326565692,0.251282051282,216,21,195,0,216,0,21,0,195,37,216,0.162162162162,1.32432432432,11.6756756757,21.6,6,8.1990990496,0.702237650082,0.31006006006,10.329336629,1.76937710775,0.765265265265,3.0868314707,0.528762798222,0.252752752753,0.579945114934,0.437917739848,2,1.32432432432,0.579945114934,2,0.0121701261701,0.00597269624573,7,0.000900900900901,0.621196581197,37,37,37,1,0,0.72972972973,0.243243243243,0.027027027027,37,0.0157657657658,1.27027027027,1.13513513514,2.33333333333,1.4,1.2728393929,1.12131089375,0.554697554698,1.23694382655,2.1793772182,0.823680823681,0.765235640562,1.34827231908,0.664092664093,0.508191163105,0.400065383721,2,1.45,0.604805318829,2,0,0,0,0,0.0262896825397,37,20,20,0.540540540541,0,0.351351351351,0.0540540540541,0.189189189189,37,97,0.0728228228228,1.75886978371,5.24324324324,4.40909090909,3.23333333333,4.99113327927,0.951917171819,0.429924770131,5.1873315306,1.97867285188,0.750626915575,2.73202561554,1.04211286366,0.466425188075,0.697090675555,0.396328757256,2.07936507937,1.75886978371,0.697090675555,2.07936507937,0.152414748812,0.11511627907,33,0.0042471042471,0.286131721343,37,37,37,1,0,0.405405405405,0.405405405405,0.189189189189,-119,-0.0893393393393,0.43454545939,-6.43243243243,-17.1909090909,-2.76666666667,-3.20796577034,0.249679521737,0.119864710071,-5.14200509839,0.209295744135,-0.0146383496899,-0.354805855164,0.513350065437,0.213672435322,0.117145560621,-0.041588982592,0.0793650793651,0.43454545939,0.117145560621,0.0793650793651,0.140244622642,0.109143582824,26,0.0033462033462,-0.335064859853,-0.324324324324,0.162162162162,0.162162162162,79,18,137,1098,0.365740740741,0.983870967742,0.0161290322581,0.634259259259,0.814432989691,0.365740740741,0.504792332268,0.495935955213,0.349611708483,0.337606837607,76,195,0,0,0,0
440,WLNM_dir_neg,0.629355687048,0.563427979183,00:00:09,10,10,49,1231466273,threshold_sweep,0.8,0.763157894737,0.297435897436,0.428044280443,58,18,137,372,0.297435897436,0.953846153846,0.0461538461538,0.702564102564,0.763157894737,0.297435897436,0.428044280443,0.735042735043,0.623361823362,0.296520423601,0.352326565692,0.251282051282,216,21,195,0,216,0,21,0,195,37,216,0.162162162162,1.32432432432,11.6756756757,21.6,6,8.1990990496,0.702237650082,0.31006006006,10.329336629,1.76937710775,0.765265265265,3.0868314707,0.528762798222,0.252752752753,0.579945114934,0.437917739848,2,1.32432432432,0.579945114934,2,0.0121701261701,0.00597269624573,7,0.000900900900901,0.621196581197,37,37,37,1,0,0.72972972973,0.243243243243,0.027027027027,37,0.0157657657658,1.27027027027,1.13513513514,2.33333333333,1.4,1.2728393929,1.12131089375,0.554697554698,1.23694382655,2.1793772182,0.823680823681,0.765235640562,1.34827231908,0.664092664093,0.508191163105,0.400065383721,2,1.45,0.604805318829,2,0,0,0,0,0.0262896825397,37,20,20,0.540540540541,0,0.351351351351,0.0540540540541,0.189189189189,37,97,0.0728228228228,1.75886978371,5.24324324324,4.40909090909,3.23333333333,4.99113327927,0.951917171819,0.429924770131,5.1873315306,1.97867285188,0.750626915575,2.73202561554,1.04211286366,0.466425188075,0.697090675555,0.396328757256,2.07936507937,1.75886978371,0.697090675555,2.07936507937,0.152414748812,0.11511627907,33,0.0042471042471,0.286131721343,37,37,37,1,0,0.405405405405,0.405405405405,0.189189189189,-119,-0.0893393393393,0.43454545939,-6.43243243243,-17.1909090909,-2.76666666667,-3.20796577034,0.249679521737,0.119864710071,-5.14200509839,0.209295744135,-0.0146383496899,-0.354805855164,0.513350065437,0.213672435322,0.117145560621,-0.041588982592,0.0793650793651,0.43454545939,0.117145560621,0.0793650793651,0.140244622642,0.109143582824,26,0.0033462033462,-0.335064859853,-0.324324324324,0.162162162162,0.162162162162,79,18,137,1098,0.365740740741,0.983870967742,0.0161290322581,0.634259259259,0.814432989691,0.365740740741,0.504792332268,0.495935955213,0.349611708483,0.337606837607,76,195,0,0,0,0
441,WLNM_dir_neg,0.629355687048,0.563427979183,00:00:09,10,10,49,1231466273,threshold_sweep,0.9,0.735294117647,0.25641025641,0.380228136882,50,18,145,372,0.25641025641,0.953846153846,0.0461538461538,0.74358974359,0.735294117647,0.25641025641,0.380228136882,0.721367521368,0.62792022792,0.251148545176,0.30924246517,0.210256410256,216,21,195,0,216,0,21,0,195,37,216,0.162162162162,1.32432432432,11.6756756757,21.6,6,8.1990990496,0.702237650082,0.31006006006,10.329336629,1.76937710775,0.765265265265,3.0868314707,0.528762798222,0.252752752753,0.579945114934,0.437917739848,2,1.32432432432,0.579945114934,2,0.0121701261701,0.00597269624573,7,0.000900900900901,0.621196581197,37,37,37,1,0,0.72972972973,0.243243243243,0.027027027027,37,0.0157657657658,1.27027027027,1.13513513514,2.33333333333,1.4,1.2728393929,1.12131089375,0.554697554698,1.23694382655,2.1793772182,0.823680823681,0.765235640562,1.34827231908,0.664092664093,0.508191163105,0.400065383721,2,1.45,0.604805318829,2,0,0,0,0,0.0262896825397,37,20,20,0.540540540541,0,0.351351351351,0.0540540540541,0.189189189189,37,89,0.0668168168168,1.71500965251,4.81081081081,4.04545454545,2.96666666667,4.6178267967,0.959885345382,0.425751594291,4.8273495112,2.00687563949,0.751290616459,2.57616704362,1.07099079342,0.446401457637,0.642160630595,0.374435578048,1.97222222222,1.71500965251,0.642160630595,1.97222222222,0.127718334297,0.0746887966805,18,0.0023166023166,0.27933403297,37,37,37,1,0,0.405405405405,0.405405405405,0.189189189189,-127,-0.0953453453453,0.390685328185,-6.86486486486,-17.5545454545,-3.03333333333,-3.5812722529,0.2576476953,0.115691534231,-5.5019871178,0.237498531743,-0.0139746488061,-0.510664427083,0.542227995193,0.193648704885,0.0622155156606,-0.0634821618007,-0.0277777777778,0.390685328185,0.0622155156606,-0.0277777777778,0.115548208127,0.0687161004348,11,0.0014157014157,-0.341862548226,-0.324324324324,0.162162162162,0.162162162162,71,18,145,1098,0.328703703704,0.983870967742,0.0161290322581,0.671296296296,0.797752808989,0.328703703704,0.465573770492,0.461404885426,0.312574671446,0.303418803419,68,195,0,0,0,0
442,WLNM_dir_neg,0.883813280736,0.571852725397,00:00:07,10,10,50,1231466274,threshold_sweep,0.1,0.635245901639,0.794871794872,0.706150341686,155,89,40,301,0.794871794872,0.771794871795,0.228205128205,0.205128205128,0.635245901639,0.794871794872,0.706150341686,0.779487179487,0.527635327635,0.533172496984,0.541757800452,0.566666666667,216,21,195,0,216,0,21,0,195,37,216,0.162162162162,1.32432432432,11.6756756757,21.6,6,8.1990990496,0.702237650082,0.31006006006,10.329336629,1.76937710775,0.765265265265,3.0868314707,0.528762798222,0.252752752753,0.579945114934,0.437917739848,2,1.32432432432,0.579945114934,2,0.0121701261701,0.00597269624573,7,0.000900900900901,0.621196581197,37,37,37,1,0,0.72972972973,0.243243243243,0.027027027027,37,0.0157657657658,1.32432432432,1.13513513514,2.1,1.3125,1.2728393929,1.12131089375,0.554697554698,1.06824207984,1.88214080734,0.795366795367,0.728031613345,1.28272236637,0.638352638353,0.579945114934,0.437917739848,2,1.625,0.718795288428,2,0,0,0,0,0.0266666666667,37,16,16,0.432432432432,0,0.324324324324,0.108108108108,0.162162162162,37,265,0.198948948949,8.57133112385,14.3243243243,7.36111111111,7.16216216216,8.71159525528,0.608167970652,0.307700152983,8.06058142896,1.12543967121,0.518918918919,5.23616438029,0.731087102154,0.383069862315,2.26765529537,0.264562792243,9.43651864196,8.57133112385,2.26765529537,9.43651864196,0.424444746015,0.295396419437,385,0.0495495495495,0.192526541942,37,37,37,1,0,0.027027027027,0.972972972973,0,49,0.0367867867868,7.24700679952,2.64864864865,-14.2388888889,1.16216216216,0.51249620568,-0.0940696794299,-0.00235990707689,-2.26875520003,-0.643937436531,-0.246346346346,2.14933290959,0.202324303931,0.130317109562,1.68771018043,-0.173354947605,7.43651864196,7.24700679952,1.68771018043,7.43651864196,0.412274619845,0.289423723192,378,0.0486486486486,-0.428670039255,-0.702702702703,0.72972972973,-0.027027027027,176,89,40,1027,0.814814814815,0.920250896057,0.0797491039427,0.185185185185,0.664150943396,0.814814814815,0.731808731809,0.67870334649,0.735065710872,0.577049180328,244,195,0,0,0,0
443,WLNM_dir_neg,0.883813280736,0.571852725397,00:00:07,10,10,50,1231466274,threshold_sweep,0.2,0.656779661017,0.794871794872,0.719257540603,155,81,40,309,0.794871794872,0.792307692308,0.207692307692,0.205128205128,0.656779661017,0.794871794872,0.719257540603,0.793162393162,0.532193732194,0.557856272838,0.56422427809,0.587179487179,216,21,195,0,216,0,21,0,195,37,216,0.162162162162,1.32432432432,11.6756756757,21.6,6,8.1990990496,0.702237650082,0.31006006006,10.329336629,1.76937710775,0.765265265265,3.0868314707,0.528762798222,0.252752752753,0.579945114934,0.437917739848,2,1.32432432432,0.579945114934,2,0.0121701261701,0.00597269624573,7,0.000900900900901,0.621196581197,37,37,37,1,0,0.72972972973,0.243243243243,0.027027027027,37,0.0157657657658,1.32432432432,1.13513513514,2.1,1.3125,1.2728393929,1.12131089375,0.554697554698,1.06824207984,1.88214080734,0.795366795367,0.728031613345,1.28272236637,0.638352638353,0.579945114934,0.437917739848,2,1.625,0.718795288428,2,0,0,0,0,0.0266666666667,37,16,16,0.432432432432,0,0.324324324324,0.108108108108,0.162162162162,37,257,0.192942942943,8.59758963032,13.8918918919,7.13888888889,6.94594594595,8.69477424084,0.625888418115,0.314123461983,8.16478191158,1.17547443863,0.538647597013,5.19586345057,0.748042597942,0.385108844253,2.31186983811,0.268897439575,9.77179297353,8.59758963032,2.31186983811,9.77179297353,0.434546709987,0.295964125561,374,0.0481338481338,0.191061364516,37,37,37,1,0,0.027027027027,0.972972972973,0,41,0.0307807807808,7.27326530599,2.21621621622,-14.4611111111,0.945945945946,0.495675191231,-0.0763492319672,0.00406340192332,-2.16455471742,-0.593902669113,-0.226617668252,2.10903197987,0.21927979972,0.1323560915,1.73192472317,-0.169020300274,7.77179297353,7.27326530599,1.73192472317,7.77179297353,0.422376583817,0.289991429315,367,0.0472329472329,-0.430135216681,-0.702702702703,0.72972972973,-0.027027027027,176,81,40,1035,0.814814814815,0.927419354839,0.0725806451613,0.185185185185,0.684824902724,0.814814814815,0.744186046512,0.693312647668,0.742234169654,0.592592592593,236,195,0,0,0,0
444,WLNM_dir_neg,0.883813280736,0.571852725397,00:00:07,10,10,50,1231466274,threshold_sweep,0.3,0.767326732673,0.794871794872,0.780856423174,155,47,40,343,0.794871794872,0.879487179487,0.120512820513,0.205128205128,0.767326732673,0.794871794872,0.780856423174,0.851282051282,0.551566951567,0.668360864041,0.66859893265,0.674358974359,216,21,195,0,216,0,21,0,195,37,216,0.162162162162,1.32432432432,11.6756756757,21.6,6,8.1990990496,0.702237650082,0.31006006006,10.329336629,1.76937710775,0.765265265265,3.0868314707,0.528762798222,0.252752752753,0.579945114934,0.437917739848,2,1.32432432432,0.579945114934,2,0.0121701261701,0.00597269624573,7,0.000900900900901,0.621196581197,37,37,37,1,0,0.72972972973,0.243243243243,0.027027027027,37,0.0157657657658,1.32432432432,1.13513513514,2.1,1.3125,1.2728393929,1.12131089375,0.554697554698,1.06824207984,1.88214080734,0.795366795367,0.728031613345,1.28272236637,0.638352638353,0.579945114934,0.437917739848,2,1.625,0.718795288428,2,0,0,0,0,0.0266666666667,37,16,16,0.432432432432,0,0.324324324324,0.108108108108,0.162162162162,37,223,0.167417417417,5.3652737894,12.0540540541,6.55882352941,6.02702702703,7.94755708779,0.659326484861,0.339110410859,8.62324534966,1.43076268133,0.642588777118,4.40004094985,0.730051637419,0.359713974064,1.93424911627,0.36051265829,6.58675144413,5.3652737894,1.93424911627,6.58675144413,0.393145135021,0.258035714286,289,0.0371943371943,0.178526807155,37,37,37,1,0,0.0810810810811,0.918918918919,0,7,0.00525525525526,4.04094946508,0.378378378378,-15.0411764706,0.027027027027,-0.251541961816,-0.0429111652205,0.0290503507992,-1.70609127934,-0.338614426412,-0.122676488147,1.31320947915,0.201288839197,0.106961221311,1.35430400134,-0.0774050815581,4.58675144413,4.04094946508,1.35430400134,4.58675144413,0.380975008851,0.25206301804,282,0.0362934362934,-0.442669774041,-0.648648648649,0.675675675676,-0.027027027027,176,47,40,1069,0.814814814815,0.957885304659,0.0421146953405,0.185185185185,0.789237668161,0.814814814815,0.801822323462,0.762872127477,0.772700119474,0.669201520913,202,195,0,0,0,0
445,WLNM_dir_neg,0.883813280736,0.571852725397,00:00:07,10,10,50,1231466274,threshold_sweep,0.4,0.767326732673,0.794871794872,0.780856423174,155,47,40,343,0.794871794872,0.879487179487,0.120512820513,0.205128205128,0.767326732673,0.794871794872,0.780856423174,0.851282051282,0.551566951567,0.668360864041,0.66859893265,0.674358974359,216,21,195,0,216,0,21,0,195,37,216,0.162162162162,1.32432432432,11.6756756757,21.6,6,8.1990990496,0.702237650082,0.31006006006,10.329336629,1.76937710775,0.765265265265,3.0868314707,0.528762798222,0.252752752753,0.579945114934,0.437917739848,2,1.32432432432,0.579945114934,2,0.0121701261701,0.00597269624573,7,0.000900900900901,0.621196581197,37,37,37,1,0,0.72972972973,0.243243243243,0.027027027027,37,0.0157657657658,1.32432432432,1.13513513514,2.1,1.3125,1.2728393929,1.12131089375,0.554697554698,1.06824207984,1.88214080734,0.795366795367,0.728031613345,1.28272236637,0.638352638353,0.579945114934,0.437917739848,2,1.625,0.718795288428,2,0,0,0,0,0.0266666666667,37,16,16,0.432432432432,0,0.324324324324,0.108108108108,0.162162162162,37,223,0.167417417417,5.3652737894,12.0540540541,6.55882352941,6.02702702703,7.94755708779,0.659326484861,0.339110410859,8.62324534966,1.43076268133,0.642588777118,4.40004094985,0.730051637419,0.359713974064,1.93424911627,0.36051265829,6.58675144413,5.3652737894,1.93424911627,6.58675144413,0.393145135021,0.258035714286,289,0.0371943371943,0.178526807155,37,37,37,1,0,0.0810810810811,0.918918918919,0,7,0.00525525525526,4.04094946508,0.378378378378,-15.0411764706,0.027027027027,-0.251541961816,-0.0429111652205,0.0290503507992,-1.70609127934,-0.338614426412,-0.122676488147,1.31320947915,0.201288839197,0.106961221311,1.35430400134,-0.0774050815581,4.58675144413,4.04094946508,1.35430400134,4.58675144413,0.380975008851,0.25206301804,282,0.0362934362934,-0.442669774041,-0.648648648649,0.675675675676,-0.027027027027,176,47,40,1069,0.814814814815,0.957885304659,0.0421146953405,0.185185185185,0.789237668161,0.814814814815,0.801822323462,0.762872127477,0.772700119474,0.669201520913,202,195,0,0,0,0
446,WLNM_dir_neg,0.883813280736,0.571852725397,00:00:07,10,10,50,1231466274,threshold_sweep,0.5,0.771144278607,0.794871794872,0.782828282828,155,46,40,344,0.794871794872,0.882051282051,0.117948717949,0.205128205128,0.771144278607,0.794871794872,0.782828282828,0.852991452991,0.552136752137,0.671755725191,0.67193194396,0.676923076923,216,21,195,0,216,0,21,0,195,37,216,0.162162162162,1.32432432432,11.6756756757,21.6,6,8.1990990496,0.702237650082,0.31006006006,10.329336629,1.76937710775,0.765265265265,3.0868314707,0.528762798222,0.252752752753,0.579945114934,0.437917739848,2,1.32432432432,0.579945114934,2,0.0121701261701,0.00597269624573,7,0.000900900900901,0.621196581197,37,37,37,1,0,0.72972972973,0.243243243243,0.027027027027,37,0.0157657657658,1.32432432432,1.13513513514,2.1,1.3125,1.2728393929,1.12131089375,0.554697554698,1.06824207984,1.88214080734,0.795366795367,0.728031613345,1.28272236637,0.638352638353,0.579945114934,0.437917739848,2,1.625,0.718795288428,2,0,0,0,0,0.0266666666667,37,16,16,0.432432432432,0,0.324324324324,0.108108108108,0.162162162162,37,222,0.166666666667,5.25675118895,12,6.52941176471,6,7.90217972742,0.658514977285,0.337959581203,8.63777234657,1.43962872443,0.646213781349,4.41588043316,0.735980072194,0.36303871439,1.87121088542,0.355963373225,6.34320194478,5.25675118895,1.87121088542,6.34320194478,0.393145135021,0.258035714286,289,0.0371943371943,0.18223297489,37,37,37,1,0,0.0810810810811,0.918918918919,0,6,0.0045045045045,3.93242686462,0.324324324324,-15.0705882353,0,-0.296919322185,-0.0437226727969,0.0278995211428,-1.69156428243,-0.329748383318,-0.119051483916,1.32904896246,0.207217273972,0.110285961637,1.29126577049,-0.0819543666231,4.34320194478,3.93242686462,1.29126577049,4.34320194478,0.380975008851,0.25206301804,282,0.0362934362934,-0.438963606307,-0.648648648649,0.675675675676,-0.027027027027,176,46,40,1070,0.814814814815,0.958781362007,0.0412186379928,0.185185185185,0.792792792793,0.814814814815,0.803652968037,0.765130141748,0.773596176822,0.671755725191,201,195,0,0,0,0
447,WLNM_dir_neg,0.883813280736,0.571852725397,00:00:07,10,10,50,1231466274,threshold_sweep,0.6,0.782828282828,0.794871794872,0.788804071247,155,43,40,347,0.794871794872,0.889743589744,0.110256410256,0.205128205128,0.782828282828,0.794871794872,0.788804071247,0.85811965812,0.553846153846,0.681992337165,0.68203739331,0.684615384615,216,21,195,0,216,0,21,0,195,37,216,0.162162162162,1.32432432432,11.6756756757,21.6,6,8.1990990496,0.702237650082,0.31006006006,10.329336629,1.76937710775,0.765265265265,3.0868314707,0.528762798222,0.252752752753,0.579945114934,0.437917739848,2,1.32432432432,0.579945114934,2,0.0121701261701,0.00597269624573,7,0.000900900900901,0.621196581197,37,37,37,1,0,0.72972972973,0.243243243243,0.027027027027,37,0.0157657657658,1.32432432432,1.13513513514,2.1,1.3125,1.2728393929,1.12131089375,0.554697554698,1.06824207984,1.88214080734,0.795366795367,0.728031613345,1.28272236637,0.638352638353,0.579945114934,0.437917739848,2,1.625,0.718795288428,2,0,0,0,0,0.0266666666667,37,16,16,0.432432432432,0,0.324324324324,0.108108108108,0.162162162162,37,219,0.164414414414,1,11.8378378378,6.44117647059,5.91891891892,7.82628588481,0.661124606708,0.335554732815,8.64220386751,1.46009837031,0.65087004813,4.43081619255,0.748585384129,0.369492780452,0,0,0,NaN,NaN,NaN,0.376875696231,0.243267776097,268,0.0344916344916,0.188143040265,37,37,0,1,2,0.0810810810811,0.918918918919,0,3,0.00225225225225,-0.324324324324,0.162162162162,-15.1588235294,-0.0810810810811,-0.372813164796,-0.0411130433743,0.0254946727549,-1.68713276148,-0.309278737435,-0.114395217135,1.34398472184,0.219822585906,0.116740027699,-0.579945114934,-0.437917739848,-2,NaN,NaN,NaN,0.364705570061,0.237295079851,261,0.0335907335907,-0.433053540931,-0.648648648649,0.675675675676,-0.027027027027,176,43,40,1073,0.814814814815,0.96146953405,0.0385304659498,0.185185185185,0.803652968037,0.814814814815,0.809195402299,0.77198731364,0.776284348865,0.679536679537,198,195,0,0,0,0
448,WLNM_dir_neg,0.883813280736,0.571852725397,00:00:07,10,10,50,1231466274,threshold_sweep,0.7,0.782828282828,0.794871794872,0.788804071247,155,43,40,347,0.794871794872,0.889743589744,0.110256410256,0.205128205128,0.782828282828,0.794871794872,0.788804071247,0.85811965812,0.553846153846,0.681992337165,0.68203739331,0.684615384615,216,21,195,0,216,0,21,0,195,37,216,0.162162162162,1.32432432432,11.6756756757,21.6,6,8.1990990496,0.702237650082,0.31006006006,10.329336629,1.76937710775,0.765265265265,3.0868314707,0.528762798222,0.252752752753,0.579945114934,0.437917739848,2,1.32432432432,0.579945114934,2,0.0121701261701,0.00597269624573,7,0.000900900900901,0.621196581197,37,37,37,1,0,0.72972972973,0.243243243243,0.027027027027,37,0.0157657657658,1.32432432432,1.13513513514,2.1,1.3125,1.2728393929,1.12131089375,0.554697554698,1.06824207984,1.88214080734,0.795366795367,0.728031613345,1.28272236637,0.638352638353,0.579945114934,0.437917739848,2,1.625,0.718795288428,2,0,0,0,0,0.0266666666667,37,16,16,0.432432432432,0,0.324324324324,0.108108108108,0.162162162162,37,219,0.164414414414,1,11.8378378378,6.44117647059,5.91891891892,7.82628588481,0.661124606708,0.335554732815,8.64220386751,1.46009837031,0.65087004813,4.43081619255,0.748585384129,0.369492780452,0,0,0,NaN,NaN,NaN,0.376875696231,0.243267776097,268,0.0344916344916,0.188143040265,37,37,0,1,2,0.0810810810811,0.918918918919,0,3,0.00225225225225,-0.324324324324,0.162162162162,-15.1588235294,-0.0810810810811,-0.372813164796,-0.0411130433743,0.0254946727549,-1.68713276148,-0.309278737435,-0.114395217135,1.34398472184,0.219822585906,0.116740027699,-0.579945114934,-0.437917739848,-2,NaN,NaN,NaN,0.364705570061,0.237295079851,261,0.0335907335907,-0.433053540931,-0.648648648649,0.675675675676,-0.027027027027,176,43,40,1073,0.814814814815,0.96146953405,0.0385304659498,0.185185185185,0.803652968037,0.814814814815,0.809195402299,0.77198731364,0.776284348865,0.679536679537,198,195,0,0,0,0
449,WLNM_dir_neg,0.883813280736,0.571852725397,00:00:07,10,10,50,1231466274,threshold_sweep,0.8,0.784210526316,0.764102564103,0.774025974026,149,41,46,349,0.764102564103,0.894871794872,0.105128205128,0.235897435897,0.784210526316,0.764102564103,0.774025974026,0.851282051282,0.558404558405,0.663225806452,0.663350066802,0.658974358974,216,21,195,0,216,0,21,0,195,37,216,0.162162162162,1.32432432432,11.6756756757,21.6,6,8.1990990496,0.702237650082,0.31006006006,10.329336629,1.76937710775,0.765265265265,3.0868314707,0.528762798222,0.252752752753,0.579945114934,0.437917739848,2,1.32432432432,0.579945114934,2,0.0121701261701,0.00597269624573,7,0.000900900900901,0.621196581197,37,37,37,1,0,0.72972972973,0.243243243243,0.027027027027,37,0.0157657657658,1.32432432432,1.13513513514,2.1,1.3125,1.2728393929,1.12131089375,0.554697554698,1.06824207984,1.88214080734,0.795366795367,0.728031613345,1.28272236637,0.638352638353,0.579945114934,0.437917739848,2,1.625,0.718795288428,2,0,0,0,0,0.0266666666667,37,16,16,0.432432432432,0,0.324324324324,0.108108108108,0.162162162162,37,211,0.158408408408,1,11.4054054054,6.59375,5.86111111111,7.70447005698,0.675510407839,0.341104137313,8.63090334163,1.51347594142,0.668118355322,4.51457433003,0.791655214271,0.392212117331,0,0,0,NaN,NaN,NaN,0.363050997092,0.237096774194,245,0.0315315315315,0.208209446598,37,37,0,1,2,0.135135135135,0.837837837838,0.027027027027,-5,-0.00375375375375,-0.324324324324,-0.27027027027,-15.00625,-0.138888888889,-0.494628992627,-0.0267272422426,0.0310440772526,-1.69843328737,-0.255901166323,-0.0971469099431,1.42774285933,0.262892416049,0.139459364578,-0.579945114934,-0.437917739848,-2,NaN,NaN,NaN,0.350880870922,0.231124077948,238,0.0306306306306,-0.412987134599,-0.594594594595,0.594594594595,0,170,41,46,1075,0.787037037037,0.963261648746,0.0367383512545,0.212962962963,0.805687203791,0.787037037037,0.7962529274,0.757441549477,0.750298685783,0.661478599222,190,195,0,0,0,0
450,WLNM_dir_neg,0.883813280736,0.571852725397,00:00:07,10,10,50,1231466274,threshold_sweep,0.9,0.806060606061,0.682051282051,0.738888888889,133,32,62,358,0.682051282051,0.917948717949,0.0820512820513,0.317948717949,0.806060606061,0.682051282051,0.738888888889,0.839316239316,0.57264957265,0.624,0.62854191194,0.6,216,21,195,0,216,0,21,0,195,37,216,0.162162162162,1.32432432432,11.6756756757,21.6,6,8.1990990496,0.702237650082,0.31006006006,10.329336629,1.76937710775,0.765265265265,3.0868314707,0.528762798222,0.252752752753,0.579945114934,0.437917739848,2,1.32432432432,0.579945114934,2,0.0121701261701,0.00597269624573,7,0.000900900900901,0.621196581197,37,37,37,1,0,0.72972972973,0.243243243243,0.027027027027,37,0.0157657657658,1.32432432432,1.13513513514,2.1,1.3125,1.2728393929,1.12131089375,0.554697554698,1.06824207984,1.88214080734,0.795366795367,0.728031613345,1.28272236637,0.638352638353,0.579945114934,0.437917739848,2,1.625,0.718795288428,2,0,0,0,0,0.0266666666667,37,16,16,0.432432432432,0,0.324324324324,0.108108108108,0.162162162162,37,186,0.13963963964,1,10.0540540541,6.2,5.63636363636,7.4645307434,0.742439885769,0.371984888114,8.18360992909,1.62792240525,0.698924731183,4.29137692541,0.853661001291,0.422842197036,0,0,0,NaN,NaN,NaN,0.373851515858,0.211235090419,183,0.0235521235521,0.242346123591,37,37,0,1,2,0.189189189189,0.702702702703,0.108108108108,-30,-0.0225225225225,-0.324324324324,-1.62162162162,-15.4,-0.363636363636,-0.734568306201,0.0402022356868,0.0619248280539,-2.14572669991,-0.141454702497,-0.0663405340825,1.2045454547,0.324898203068,0.170089444283,-0.579945114934,-0.437917739848,-2,NaN,NaN,NaN,0.361681389688,0.205262394174,176,0.0226512226512,-0.378850457605,-0.540540540541,0.459459459459,0.0810810810811,154,32,62,1084,0.712962962963,0.971326164875,0.0286738351254,0.287037037037,0.827956989247,0.712962962963,0.766169154229,0.727695738814,0.684289127838,0.620967741935,165,195,0,0,0,0
451,WLNM_dir_neg,0.923485582545,0.792844069066,00:00:04,10,20,1,1232383525,threshold_sweep,0.1,0.859872611465,0.780346820809,0.818181818182,135,22,38,324,0.780346820809,0.936416184971,0.0635838150289,0.219653179191,0.859872611465,0.780346820809,0.818181818182,0.884393063584,0.565831727681,0.733727810651,0.735584503683,0.71676300578,216,43,173,0,216,0,43,0,173,37,216,0.162162162162,1.32432432432,11.6756756757,21.6,6,8.1990990496,0.702237650082,0.31006006006,10.329336629,1.76937710775,0.765265265265,3.0868314707,0.528762798222,0.252752752753,0.579945114934,0.437917739848,2,1.32432432432,0.579945114934,2,0.0121701261701,0.00597269624573,7,0.000900900900901,0.621196581197,37,37,37,1,0,0.72972972973,0.243243243243,0.027027027027,37,0.0322822822823,1.32432432432,2.32432432432,4.3,2.04761904762,2.31005115448,0.993859217627,0.508485229415,2.35128231579,2.02319641126,0.815839094909,1.34398895319,1.15645561089,0.594594594595,0.579945114934,0.437917739848,2,1.41379310345,0.627764820574,2,0,0,0,0,0.104209000876,37,29,29,0.783783783784,0,0.513513513514,0.0540540540541,0.216216216216,37,200,0.15015015015,2.71005975943,10.8108108108,9.52380952381,5.71428571429,8.74908832659,0.80929067021,0.389459459459,9.19679732739,1.70140750557,0.751621621622,3.4274987597,0.634087270545,0.334324324324,1.57132475671,0.579811847781,3.8574433657,2.75756141942,1.56643980888,3.8574433657,0.249160930199,0.160714285714,156,0.0200772200772,0.374448262925,37,36,36,0.972972972973,0,0.405405405405,0.540540540541,0.027027027027,-16,-0.012012012012,1.38573543511,-0.864864864865,-12.0761904762,-0.285714285714,0.54998927699,0.107053020128,0.0793993993994,-1.13253930161,-0.0679696021782,-0.0136436436436,0.340667288996,0.105324472322,0.0815715715716,0.991379641779,0.141894107933,1.8574433657,1.43323709509,0.98649469395,1.8574433657,0.236990804029,0.154741589469,149,0.0191763191763,-0.246748318271,-0.324324324324,0.297297297297,0,178,22,38,1094,0.824074074074,0.980286738351,0.0197132616487,0.175925925926,0.89,0.824074074074,0.855769230769,0.829987717793,0.804360812425,0.747899159664,157,173,0,0,0,0
452,WLNM_dir_neg,0.923485582545,0.792844069066,00:00:04,10,20,1,1232383525,threshold_sweep,0.2,0.858974358974,0.774566473988,0.814589665653,134,22,39,324,0.774566473988,0.936416184971,0.0635838150289,0.225433526012,0.858974358974,0.774566473988,0.814589665653,0.88246628131,0.566473988439,0.728888888889,0.730978321879,0.71098265896,216,43,173,0,216,0,43,0,173,37,216,0.162162162162,1.32432432432,11.6756756757,21.6,6,8.1990990496,0.702237650082,0.31006006006,10.329336629,1.76937710775,0.765265265265,3.0868314707,0.528762798222,0.252752752753,0.579945114934,0.437917739848,2,1.32432432432,0.579945114934,2,0.0121701261701,0.00597269624573,7,0.000900900900901,0.621196581197,37,37,37,1,0,0.72972972973,0.243243243243,0.027027027027,37,0.0322822822823,1.32432432432,2.32432432432,4.3,2.04761904762,2.31005115448,0.993859217627,0.508485229415,2.35128231579,2.02319641126,0.815839094909,1.34398895319,1.15645561089,0.594594594595,0.579945114934,0.437917739848,2,1.41379310345,0.627764820574,2,0,0,0,0,0.104209000876,37,29,29,0.783783783784,0,0.513513513514,0.0540540540541,0.216216216216,37,199,0.149399399399,2.70585543053,10.7567567568,9.47619047619,5.68571428571,8.72864188687,0.811456657824,0.388700258047,9.16015329612,1.70314408018,0.752410702159,3.40221620052,0.632572861403,0.331386663045,1.56976266454,0.580135452481,3.8574433657,2.7532403036,1.56496279403,3.8574433657,0.252335533374,0.162162162162,156,0.0200772200772,0.372689688771,37,36,36,0.972972972973,0,0.405405405405,0.540540540541,0.027027027027,-17,-0.0127627627628,1.38153110621,-0.918918918919,-12.1238095238,-0.314285714286,0.529542837264,0.109219007743,0.0786401979869,-1.16918333288,-0.0662330275623,-0.0128545631058,0.315384729815,0.103810063181,0.0786339102922,0.989817549604,0.142217712632,1.8574433657,1.42891597928,0.985017679094,1.8574433657,0.240165407204,0.156189465916,149,0.0191763191763,-0.248506892426,-0.324324324324,0.297297297297,0,177,22,39,1094,0.819444444444,0.980286738351,0.0197132616487,0.180555555556,0.889447236181,0.819444444444,0.853012048193,0.826916218482,0.799731182796,0.743697478992,156,173,0,0,0,0
453,WLNM_dir_neg,0.923485582545,0.792844069066,00:00:04,10,20,1,1232383525,threshold_sweep,0.3,0.864516129032,0.774566473988,0.817073170732,134,21,39,325,0.774566473988,0.939306358382,0.0606936416185,0.225433526012,0.864516129032,0.774566473988,0.817073170732,0.884393063584,0.567116249197,0.73293768546,0.735301436667,0.71387283237,216,43,173,0,216,0,43,0,173,37,216,0.162162162162,1.32432432432,11.6756756757,21.6,6,8.1990990496,0.702237650082,0.31006006006,10.329336629,1.76937710775,0.765265265265,3.0868314707,0.528762798222,0.252752752753,0.579945114934,0.437917739848,2,1.32432432432,0.579945114934,2,0.0121701261701,0.00597269624573,7,0.000900900900901,0.621196581197,37,37,37,1,0,0.72972972973,0.243243243243,0.027027027027,37,0.0322822822823,1.32432432432,2.32432432432,4.3,2.04761904762,2.31005115448,0.993859217627,0.508485229415,2.35128231579,2.02319641126,0.815839094909,1.34398895319,1.15645561089,0.594594594595,0.579945114934,0.437917739848,2,1.41379310345,0.627764820574,2,0,0,0,0,0.104209000876,37,29,29,0.783783783784,0,0.513513513514,0.0540540540541,0.216216216216,37,198,0.148648648649,2.69928902293,10.7027027027,9.42857142857,5.65714285714,8.75234846219,0.817769932073,0.390663390663,9.15367629916,1.71053547004,0.753480753481,3.43362633229,0.641637243913,0.336336336336,1.56234546811,0.578798881795,3.8574433657,2.74649149579,1.55752043963,3.8574433657,0.252335533374,0.162162162162,156,0.0200772200772,0.373590971298,37,36,36,0.972972972973,0,0.405405405405,0.540540540541,0.027027027027,-18,-0.0135135135135,1.37496469861,-0.972972972973,-12.1714285714,-0.342857142857,0.553249412586,0.115532281991,0.0806033306033,-1.17566032984,-0.0588416377004,-0.0117845117845,0.346794861585,0.11287444569,0.0835835835836,0.98240035318,0.140881141947,1.8574433657,1.42216717147,0.977575324694,1.8574433657,0.240165407204,0.156189465916,149,0.0191763191763,-0.247605609899,-0.324324324324,0.297297297297,0,177,21,39,1095,0.819444444444,0.981182795699,0.0188172043011,0.180555555556,0.893939393939,0.819444444444,0.855072463768,0.829564603006,0.800627240143,0.746835443038,155,173,0,0,0,0
454,WLNM_dir_neg,0.923485582545,0.792844069066,00:00:04,10,20,1,1232383525,threshold_sweep,0.4,0.864516129032,0.774566473988,0.817073170732,134,21,39,325,0.774566473988,0.939306358382,0.0606936416185,0.225433526012,0.864516129032,0.774566473988,0.817073170732,0.884393063584,0.567116249197,0.73293768546,0.735301436667,0.71387283237,216,43,173,0,216,0,43,0,173,37,216,0.162162162162,1.32432432432,11.6756756757,21.6,6,8.1990990496,0.702237650082,0.31006006006,10.329336629,1.76937710775,0.765265265265,3.0868314707,0.528762798222,0.252752752753,0.579945114934,0.437917739848,2,1.32432432432,0.579945114934,2,0.0121701261701,0.00597269624573,7,0.000900900900901,0.621196581197,37,37,37,1,0,0.72972972973,0.243243243243,0.027027027027,37,0.0322822822823,1.32432432432,2.32432432432,4.3,2.04761904762,2.31005115448,0.993859217627,0.508485229415,2.35128231579,2.02319641126,0.815839094909,1.34398895319,1.15645561089,0.594594594595,0.579945114934,0.437917739848,2,1.41379310345,0.627764820574,2,0,0,0,0,0.104209000876,37,29,29,0.783783783784,0,0.513513513514,0.0540540540541,0.216216216216,37,198,0.148648648649,2.69928902293,10.7027027027,9.42857142857,5.65714285714,8.75234846219,0.817769932073,0.390663390663,9.15367629916,1.71053547004,0.753480753481,3.43362633229,0.641637243913,0.336336336336,1.56234546811,0.578798881795,3.8574433657,2.74649149579,1.55752043963,3.8574433657,0.252335533374,0.162162162162,156,0.0200772200772,0.373590971298,37,36,36,0.972972972973,0,0.405405405405,0.540540540541,0.027027027027,-18,-0.0135135135135,1.37496469861,-0.972972972973,-12.1714285714,-0.342857142857,0.553249412586,0.115532281991,0.0806033306033,-1.17566032984,-0.0588416377004,-0.0117845117845,0.346794861585,0.11287444569,0.0835835835836,0.98240035318,0.140881141947,1.8574433657,1.42216717147,0.977575324694,1.8574433657,0.240165407204,0.156189465916,149,0.0191763191763,-0.247605609899,-0.324324324324,0.297297297297,0,177,21,39,1095,0.819444444444,0.981182795699,0.0188172043011,0.180555555556,0.893939393939,0.819444444444,0.855072463768,0.829564603006,0.800627240143,0.746835443038,155,173,0,0,0,0
455,WLNM_dir_neg,0.923485582545,0.792844069066,00:00:04,10,20,1,1232383525,threshold_sweep,0.5,0.864516129032,0.774566473988,0.817073170732,134,21,39,325,0.774566473988,0.939306358382,0.0606936416185,0.225433526012,0.864516129032,0.774566473988,0.817073170732,0.884393063584,0.567116249197,0.73293768546,0.735301436667,0.71387283237,216,43,173,0,216,0,43,0,173,37,216,0.162162162162,1.32432432432,11.6756756757,21.6,6,8.1990990496,0.702237650082,0.31006006006,10.329336629,1.76937710775,0.765265265265,3.0868314707,0.528762798222,0.252752752753,0.579945114934,0.437917739848,2,1.32432432432,0.579945114934,2,0.0121701261701,0.00597269624573,7,0.000900900900901,0.621196581197,37,37,37,1,0,0.72972972973,0.243243243243,0.027027027027,37,0.0322822822823,1.32432432432,2.32432432432,4.3,2.04761904762,2.31005115448,0.993859217627,0.508485229415,2.35128231579,2.02319641126,0.815839094909,1.34398895319,1.15645561089,0.594594594595,0.579945114934,0.437917739848,2,1.41379310345,0.627764820574,2,0,0,0,0,0.104209000876,37,29,29,0.783783783784,0,0.513513513514,0.0540540540541,0.216216216216,37,198,0.148648648649,2.69928902293,10.7027027027,9.42857142857,5.65714285714,8.75234846219,0.817769932073,0.390663390663,9.15367629916,1.71053547004,0.753480753481,3.43362633229,0.641637243913,0.336336336336,1.56234546811,0.578798881795,3.8574433657,2.74649149579,1.55752043963,3.8574433657,0.252335533374,0.162162162162,156,0.0200772200772,0.373590971298,37,36,36,0.972972972973,0,0.405405405405,0.540540540541,0.027027027027,-18,-0.0135135135135,1.37496469861,-0.972972972973,-12.1714285714,-0.342857142857,0.553249412586,0.115532281991,0.0806033306033,-1.17566032984,-0.0588416377004,-0.0117845117845,0.346794861585,0.11287444569,0.0835835835836,0.98240035318,0.140881141947,1.8574433657,1.42216717147,0.977575324694,1.8574433657,0.240165407204,0.156189465916,149,0.0191763191763,-0.247605609899,-0.324324324324,0.297297297297,0,177,21,39,1095,0.819444444444,0.981182795699,0.0188172043011,0.180555555556,0.893939393939,0.819444444444,0.855072463768,0.829564603006,0.800627240143,0.746835443038,155,173,0,0,0,0
456,WLNM_dir_neg,0.923485582545,0.792844069066,00:00:04,10,20,1,1232383525,threshold_sweep,0.6,0.864516129032,0.774566473988,0.817073170732,134,21,39,325,0.774566473988,0.939306358382,0.0606936416185,0.225433526012,0.864516129032,0.774566473988,0.817073170732,0.884393063584,0.567116249197,0.73293768546,0.735301436667,0.71387283237,216,43,173,0,216,0,43,0,173,37,216,0.162162162162,1.32432432432,11.6756756757,21.6,6,8.1990990496,0.702237650082,0.31006006006,10.329336629,1.76937710775,0.765265265265,3.0868314707,0.528762798222,0.252752752753,0.579945114934,0.437917739848,2,1.32432432432,0.579945114934,2,0.0121701261701,0.00597269624573,7,0.000900900900901,0.621196581197,37,37,37,1,0,0.72972972973,0.243243243243,0.027027027027,37,0.0322822822823,1.32432432432,2.32432432432,4.3,2.04761904762,2.31005115448,0.993859217627,0.508485229415,2.35128231579,2.02319641126,0.815839094909,1.34398895319,1.15645561089,0.594594594595,0.579945114934,0.437917739848,2,1.41379310345,0.627764820574,2,0,0,0,0,0.104209000876,37,29,29,0.783783783784,0,0.513513513514,0.0540540540541,0.216216216216,37,198,0.148648648649,2.69928902293,10.7027027027,9.42857142857,5.65714285714,8.75234846219,0.817769932073,0.390663390663,9.15367629916,1.71053547004,0.753480753481,3.43362633229,0.641637243913,0.336336336336,1.56234546811,0.578798881795,3.8574433657,2.74649149579,1.55752043963,3.8574433657,0.252335533374,0.162162162162,156,0.0200772200772,0.373590971298,37,36,36,0.972972972973,0,0.405405405405,0.540540540541,0.027027027027,-18,-0.0135135135135,1.37496469861,-0.972972972973,-12.1714285714,-0.342857142857,0.553249412586,0.115532281991,0.0806033306033,-1.17566032984,-0.0588416377004,-0.0117845117845,0.346794861585,0.11287444569,0.0835835835836,0.98240035318,0.140881141947,1.8574433657,1.42216717147,0.977575324694,1.8574433657,0.240165407204,0.156189465916,149,0.0191763191763,-0.247605609899,-0.324324324324,0.297297297297,0,177,21,39,1095,0.819444444444,0.981182795699,0.0188172043011,0.180555555556,0.893939393939,0.819444444444,0.855072463768,0.829564603006,0.800627240143,0.746835443038,155,173,0,0,0,0
457,WLNM_dir_neg,0.923485582545,0.792844069066,00:00:04,10,20,1,1232383525,threshold_sweep,0.7,0.875816993464,0.774566473988,0.822085889571,134,19,39,327,0.774566473988,0.945086705202,0.0549132947977,0.225433526012,0.875816993464,0.774566473988,0.822085889571,0.888246628131,0.568400770713,0.741071428571,0.744043095913,0.719653179191,216,43,173,0,216,0,43,0,173,37,216,0.162162162162,1.32432432432,11.6756756757,21.6,6,8.1990990496,0.702237650082,0.31006006006,10.329336629,1.76937710775,0.765265265265,3.0868314707,0.528762798222,0.252752752753,0.579945114934,0.437917739848,2,1.32432432432,0.579945114934,2,0.0121701261701,0.00597269624573,7,0.000900900900901,0.621196581197,37,37,37,1,0,0.72972972973,0.243243243243,0.027027027027,37,0.0322822822823,1.32432432432,2.32432432432,4.3,2.04761904762,2.31005115448,0.993859217627,0.508485229415,2.35128231579,2.02319641126,0.815839094909,1.34398895319,1.15645561089,0.594594594595,0.579945114934,0.437917739848,2,1.41379310345,0.627764820574,2,0,0,0,0,0.104209000876,37,29,29,0.783783783784,0,0.513513513514,0.0540540540541,0.216216216216,37,196,0.147147147147,2.51847225973,10.5945945946,9.8,5.6,8.58441565817,0.810263722837,0.388720353006,9.17988400092,1.73293728589,0.759514616657,3.3071040106,0.624300246899,0.329840044126,1.49259996402,0.592660871388,4.17560606061,2.56065204472,1.49124071695,4.17560606061,0.252335533374,0.162162162162,156,0.0200772200772,0.334456958129,37,36,36,0.972972972973,0,0.432432432432,0.513513513514,0.027027027027,-20,-0.015015015015,1.19414793541,-1.08108108108,-11.8,-0.4,0.385316608563,0.108026072755,0.078660292946,-1.14945262808,-0.0364398218582,-0.00575064860779,0.220272539898,0.0955374486768,0.077087291373,0.912654849085,0.154743131539,2.17560606061,1.2363277204,0.911295602017,2.17560606061,0.240165407204,0.156189465916,149,0.0191763191763,-0.286739623067,-0.297297297297,0.27027027027,0,177,19,39,1097,0.819444444444,0.982974910394,0.0170250896057,0.180555555556,0.90306122449,0.819444444444,0.859223300971,0.834916736906,0.802419354839,0.753191489362,153,173,0,0,0,0
458,WLNM_dir_neg,0.923485582545,0.792844069066,00:00:04,10,20,1,1232383525,threshold_sweep,0.8,0.888888888889,0.739884393064,0.807570977918,128,16,45,330,0.739884393064,0.953757225434,0.0462427745665,0.260115606936,0.888888888889,0.739884393064,0.807570977918,0.88246628131,0.574181117534,0.723981900452,0.73029674334,0.693641618497,216,43,173,0,216,0,43,0,173,37,216,0.162162162162,1.32432432432,11.6756756757,21.6,6,8.1990990496,0.702237650082,0.31006006006,10.329336629,1.76937710775,0.765265265265,3.0868314707,0.528762798222,0.252752752753,0.579945114934,0.437917739848,2,1.32432432432,0.579945114934,2,0.0121701261701,0.00597269624573,7,0.000900900900901,0.621196581197,37,37,37,1,0,0.72972972973,0.243243243243,0.027027027027,37,0.0322822822823,1.32432432432,2.32432432432,4.3,2.04761904762,2.31005115448,0.993859217627,0.508485229415,2.35128231579,2.02319641126,0.815839094909,1.34398895319,1.15645561089,0.594594594595,0.579945114934,0.437917739848,2,1.41379310345,0.627764820574,2,0,0,0,0,0.104209000876,37,29,29,0.783783783784,0,0.513513513514,0.0540540540541,0.216216216216,37,187,0.14039039039,2.4909220647,10.1081081081,9.35,5.5,8.1574226042,0.807017744266,0.39312039312,8.62150394829,1.70585906998,0.752420870068,3.5272427534,0.697903646395,0.365659777424,1.46669599379,0.588816492727,4.11987381703,2.5323365665,1.4653961198,4.11987381703,0.149812665769,0.124523990861,109,0.0140283140283,0.340239215375,37,36,36,0.972972972973,0,0.432432432432,0.486486486486,0.0540540540541,-29,-0.0217717717718,1.16659774037,-1.56756756757,-12.25,-0.5,-0.0416764454026,0.104780094184,0.0830603330603,-1.70783268071,-0.0635180377634,-0.0128443951973,0.4404112827,0.169140848173,0.112907024672,0.886750878857,0.150898752878,2.11987381703,1.20801224217,0.885451004869,2.11987381703,0.137642539599,0.118551294615,102,0.0131274131274,-0.280957365822,-0.297297297297,0.243243243243,0.027027027027,171,16,45,1100,0.791666666667,0.985663082437,0.0143369175627,0.208333333333,0.914438502674,0.791666666667,0.848635235732,0.824784926135,0.777329749104,0.737068965517,144,173,0,0,0,0
459,WLNM_dir_neg,0.923485582545,0.792844069066,00:00:04,10,20,1,1232383525,threshold_sweep,0.9,0.897810218978,0.71098265896,0.793548387097,123,14,50,332,0.71098265896,0.959537572254,0.0404624277457,0.28901734104,0.897810218978,0.71098265896,0.793548387097,0.876685934489,0.578676942839,0.707317073171,0.717102145755,0.670520231214,216,43,173,0,216,0,43,0,173,37,216,0.162162162162,1.32432432432,11.6756756757,21.6,6,8.1990990496,0.702237650082,0.31006006006,10.329336629,1.76937710775,0.765265265265,3.0868314707,0.528762798222,0.252752752753,0.579945114934,0.437917739848,2,1.32432432432,0.579945114934,2,0.0121701261701,0.00597269624573,7,0.000900900900901,0.621196581197,37,37,37,1,0,0.72972972973,0.243243243243,0.027027027027,37,0.0322822822823,1.32432432432,2.32432432432,4.3,2.04761904762,2.31005115448,0.993859217627,0.508485229415,2.35128231579,2.02319641126,0.815839094909,1.34398895319,1.15645561089,0.594594594595,0.579945114934,0.437917739848,2,1.41379310345,0.627764820574,2,0,0,0,0,0.104209000876,37,29,29,0.783783783784,0,0.513513513514,0.0540540540541,0.216216216216,37,180,0.135135135135,2.46974787245,9.72972972973,9,5.29411764706,7.7015461963,0.791547803509,0.395945945946,8.23327315147,1.69239503669,0.747147147147,3.69806377388,0.76015755352,0.391891891892,1.44639681303,0.585645534575,4.07307692308,2.51057420224,1.44513105136,4.07307692308,0.110684162329,0.0843520782396,69,0.00888030888031,0.347060312533,37,36,36,0.972972972973,0,0.432432432432,0.486486486486,0.0540540540541,-36,-0.027027027027,1.14542354813,-1.94594594595,-12.6,-0.705882352941,-0.4975528533,0.0893101534272,0.0858858858859,-2.09606347753,-0.0769820710534,-0.0181181181181,0.611232303175,0.231394755297,0.139139139139,0.866451698093,0.147727794727,2.07307692308,1.18624987792,0.86518593643,2.07307692308,0.0985140361588,0.0783793819939,62,0.00797940797941,-0.274136268664,-0.297297297297,0.243243243243,0.027027027027,166,14,50,1102,0.768518518519,0.987455197133,0.0125448028674,0.231481481481,0.922222222222,0.768518518519,0.838383838384,0.815085517478,0.755973715651,0.721739130435,137,173,0,0,0,0
460,WLNM_dir_neg,0.982191185806,0.493709786043,00:00:03,10,20,2,1232383526,threshold_sweep,0.1,0.935897435897,0.843930635838,0.887537993921,146,10,27,336,0.843930635838,0.971098265896,0.028901734104,0.156069364162,0.935897435897,0.843930635838,0.887537993921,0.928709055877,0.566473988439,0.835555555556,0.837950759227,0.815028901734,216,43,173,0,216,0,43,0,173,37,216,0.162162162162,1.32432432432,11.6756756757,21.6,6,8.1990990496,0.702237650082,0.31006006006,10.329336629,1.76937710775,0.765265265265,3.0868314707,0.528762798222,0.252752752753,0.579945114934,0.437917739848,2,1.32432432432,0.579945114934,2,0.0121701261701,0.00597269624573,7,0.000900900900901,0.621196581197,37,37,37,1,0,0.72972972973,0.243243243243,0.027027027027,37,0.0322822822823,1.32432432432,2.32432432432,4.3,1.59259259259,1.95865676838,0.842677911979,0.443117536141,2.1280339585,1.83109898755,0.789440603394,0.986393923832,0.848757562367,0.445003142678,0.579945114934,0.437917739848,2,1.375,0.609071212532,2,0,0,0,0,0.0532202982203,37,32,32,0.864864864865,0,0.594594594595,0.135135135135,0.135135135135,37,199,0.149399399399,1.46155906321,10.7567567568,16.5833333333,5.68571428571,8.07054109918,0.750276433844,0.363031373082,9.63025138518,1.79054925252,0.777400516094,3.03087218242,0.563528998742,0.299877767214,0.710038863137,0.485809216345,2.1959130826,1.47438014829,0.715753993674,2.1959130826,0.17937708989,0.108710106383,109,0.0140283140283,0.374932671462,37,36,36,0.972972972973,0,0.648648648649,0.297297297297,0.027027027027,-17,-0.0127627627628,0.137234738881,-0.918918918919,-5.01666666667,-0.314285714286,-0.12855795042,0.048038783762,0.0529713130216,-0.699085243821,0.0211721447754,0.0121352508287,-0.0559592882809,0.0347662005195,0.0471250144617,0.130093748203,0.0478914764964,0.195913082602,0.15005582397,0.13580887874,0.195913082602,0.16720696372,0.102737410137,102,0.0131274131274,-0.246263909735,-0.0810810810811,0.0540540540541,0,189,10,27,1106,0.875,0.991039426523,0.0089605734767,0.125,0.949748743719,0.875,0.910843373494,0.895478459566,0.866039426523,0.836283185841,156,173,0,0,0,0
461,WLNM_dir_neg,0.982191185806,0.493709786043,00:00:03,10,20,2,1232383526,threshold_sweep,0.2,0.954248366013,0.843930635838,0.895705521472,146,7,27,339,0.843930635838,0.979768786127,0.0202312138728,0.156069364162,0.954248366013,0.843930635838,0.895705521472,0.934489402697,0.568400770713,0.848214285714,0.851615591708,0.823699421965,216,43,173,0,216,0,43,0,173,37,216,0.162162162162,1.32432432432,11.6756756757,21.6,6,8.1990990496,0.702237650082,0.31006006006,10.329336629,1.76937710775,0.765265265265,3.0868314707,0.528762798222,0.252752752753,0.579945114934,0.437917739848,2,1.32432432432,0.579945114934,2,0.0121701261701,0.00597269624573,7,0.000900900900901,0.621196581197,37,37,37,1,0,0.72972972973,0.243243243243,0.027027027027,37,0.0322822822823,1.32432432432,2.32432432432,4.3,1.59259259259,1.95865676838,0.842677911979,0.443117536141,2.1280339585,1.83109898755,0.789440603394,0.986393923832,0.848757562367,0.445003142678,0.579945114934,0.437917739848,2,1.375,0.609071212532,2,0,0,0,0,0.0532202982203,37,32,32,0.864864864865,0,0.594594594595,0.135135135135,0.135135135135,37,196,0.147147147147,1.37483110069,10.5945945946,17.8181818182,5.6,7.98421866858,0.753612476371,0.361693325979,9.66627833951,1.82475662532,0.783232211804,3.05382151178,0.576486713959,0.30888030888,0.623512076431,0.453519036715,2.08997663384,1.38524307571,0.629086004892,2.08997663384,0.169000369477,0.103206412826,103,0.0132561132561,0.432118542072,37,36,36,0.972972972973,0,0.675675675676,0.27027027027,0.027027027027,-20,-0.015015015015,0.0505067763665,-1.08108108108,-3.78181818182,-0.4,-0.214880381022,0.0513748262895,0.051633265919,-0.663058289487,0.0553795175709,0.0179669465384,-0.0330099589214,0.0477239157365,0.0561275561276,0.0435669614961,0.0156012968661,0.0899766338404,0.0609187513857,0.0491408899572,0.0899766338404,0.156830243307,0.0972337165799,96,0.0123552123552,-0.189078039125,-0.0540540540541,0.027027027027,0,189,7,27,1109,0.875,0.993727598566,0.00627240143369,0.125,0.964285714286,0.875,0.917475728155,0.903910414774,0.868727598566,0.847533632287,153,173,0,0,0,0
462,WLNM_dir_neg,0.982191185806,0.493709786043,00:00:03,10,20,2,1232383526,threshold_sweep,0.3,0.953947368421,0.838150289017,0.892307692308,145,7,28,339,0.838150289017,0.979768786127,0.0202312138728,0.161849710983,0.953947368421,0.838150289017,0.892307692308,0.932562620424,0.569043031471,0.843517138599,0.847259820877,0.817919075145,216,43,173,0,216,0,43,0,173,37,216,0.162162162162,1.32432432432,11.6756756757,21.6,6,8.1990990496,0.702237650082,0.31006006006,10.329336629,1.76937710775,0.765265265265,3.0868314707,0.528762798222,0.252752752753,0.579945114934,0.437917739848,2,1.32432432432,0.579945114934,2,0.0121701261701,0.00597269624573,7,0.000900900900901,0.621196581197,37,37,37,1,0,0.72972972973,0.243243243243,0.027027027027,37,0.0322822822823,1.32432432432,2.32432432432,4.3,1.59259259259,1.95865676838,0.842677911979,0.443117536141,2.1280339585,1.83109898755,0.789440603394,0.986393923832,0.848757562367,0.445003142678,0.579945114934,0.437917739848,2,1.375,0.609071212532,2,0,0,0,0,0.0532202982203,37,32,32,0.864864864865,0,0.594594594595,0.135135135135,0.135135135135,37,195,0.146396396396,1.37495643923,10.5405405405,17.7272727273,5.57142857143,7.96378816405,0.755538877103,0.362855162855,9.63110887999,1.8274411721,0.7841995842,3.03359567225,0.575605332684,0.30990990991,0.623713892104,0.453624474426,2.09063551731,1.38537189588,0.629289554463,2.09063551731,0.170377622132,0.104110512129,103,0.0132561132561,0.426839179396,37,36,36,0.972972972973,0,0.675675675676,0.27027027027,0.027027027027,-21,-0.0157657657658,0.0506321149056,-1.13513513514,-3.87272727273,-0.428571428571,-0.235310885551,0.0533012270207,0.0527951027951,-0.698227749008,0.0580640643557,0.0189343189343,-0.0532357984525,0.0468425344612,0.0571571571572,0.0437687771694,0.0157067345772,0.0906355173084,0.0610475715509,0.0493444395285,0.0906355173084,0.158207495962,0.0981378158836,96,0.0123552123552,-0.1943574018,-0.0540540540541,0.027027027027,0,188,7,28,1109,0.87037037037,0.993727598566,0.00627240143369,0.12962962963,0.964102564103,0.87037037037,0.914841849148,0.900999228651,0.864097968937,0.843049327354,152,173,0,0,0,0
463,WLNM_dir_neg,0.982191185806,0.493709786043,00:00:03,10,20,2,1232383526,threshold_sweep,0.4,0.953947368421,0.838150289017,0.892307692308,145,7,28,339,0.838150289017,0.979768786127,0.0202312138728,0.161849710983,0.953947368421,0.838150289017,0.892307692308,0.932562620424,0.569043031471,0.843517138599,0.847259820877,0.817919075145,216,43,173,0,216,0,43,0,173,37,216,0.162162162162,1.32432432432,11.6756756757,21.6,6,8.1990990496,0.702237650082,0.31006006006,10.329336629,1.76937710775,0.765265265265,3.0868314707,0.528762798222,0.252752752753,0.579945114934,0.437917739848,2,1.32432432432,0.579945114934,2,0.0121701261701,0.00597269624573,7,0.000900900900901,0.621196581197,37,37,37,1,0,0.72972972973,0.243243243243,0.027027027027,37,0.0322822822823,1.32432432432,2.32432432432,4.3,1.59259259259,1.95865676838,0.842677911979,0.443117536141,2.1280339585,1.83109898755,0.789440603394,0.986393923832,0.848757562367,0.445003142678,0.579945114934,0.437917739848,2,1.375,0.609071212532,2,0,0,0,0,0.0532202982203,37,32,32,0.864864864865,0,0.594594594595,0.135135135135,0.135135135135,37,195,0.146396396396,1.37495643923,10.5405405405,17.7272727273,5.57142857143,7.96378816405,0.755538877103,0.362855162855,9.63110887999,1.8274411721,0.7841995842,3.03359567225,0.575605332684,0.30990990991,0.623713892104,0.453624474426,2.09063551731,1.38537189588,0.629289554463,2.09063551731,0.170377622132,0.104110512129,103,0.0132561132561,0.426839179396,37,36,36,0.972972972973,0,0.675675675676,0.27027027027,0.027027027027,-21,-0.0157657657658,0.0506321149056,-1.13513513514,-3.87272727273,-0.428571428571,-0.235310885551,0.0533012270207,0.0527951027951,-0.698227749008,0.0580640643557,0.0189343189343,-0.0532357984525,0.0468425344612,0.0571571571572,0.0437687771694,0.0157067345772,0.0906355173084,0.0610475715509,0.0493444395285,0.0906355173084,0.158207495962,0.0981378158836,96,0.0123552123552,-0.1943574018,-0.0540540540541,0.027027027027,0,188,7,28,1109,0.87037037037,0.993727598566,0.00627240143369,0.12962962963,0.964102564103,0.87037037037,0.914841849148,0.900999228651,0.864097968937,0.843049327354,152,173,0,0,0,0
464,WLNM_dir_neg,0.982191185806,0.493709786043,00:00:03,10,20,2,1232383526,threshold_sweep,0.5,0.953947368421,0.838150289017,0.892307692308,145,7,28,339,0.838150289017,0.979768786127,0.0202312138728,0.161849710983,0.953947368421,0.838150289017,0.892307692308,0.932562620424,0.569043031471,0.843517138599,0.847259820877,0.817919075145,216,43,173,0,216,0,43,0,173,37,216,0.162162162162,1.32432432432,11.6756756757,21.6,6,8.1990990496,0.702237650082,0.31006006006,10.329336629,1.76937710775,0.765265265265,3.0868314707,0.528762798222,0.252752752753,0.579945114934,0.437917739848,2,1.32432432432,0.579945114934,2,0.0121701261701,0.00597269624573,7,0.000900900900901,0.621196581197,37,37,37,1,0,0.72972972973,0.243243243243,0.027027027027,37,0.0322822822823,1.32432432432,2.32432432432,4.3,1.59259259259,1.95865676838,0.842677911979,0.443117536141,2.1280339585,1.83109898755,0.789440603394,0.986393923832,0.848757562367,0.445003142678,0.579945114934,0.437917739848,2,1.375,0.609071212532,2,0,0,0,0,0.0532202982203,37,32,32,0.864864864865,0,0.594594594595,0.135135135135,0.135135135135,37,195,0.146396396396,1.37495643923,10.5405405405,17.7272727273,5.57142857143,7.96378816405,0.755538877103,0.362855162855,9.63110887999,1.8274411721,0.7841995842,3.03359567225,0.575605332684,0.30990990991,0.623713892104,0.453624474426,2.09063551731,1.38537189588,0.629289554463,2.09063551731,0.170377622132,0.104110512129,103,0.0132561132561,0.426839179396,37,36,36,0.972972972973,0,0.675675675676,0.27027027027,0.027027027027,-21,-0.0157657657658,0.0506321149056,-1.13513513514,-3.87272727273,-0.428571428571,-0.235310885551,0.0533012270207,0.0527951027951,-0.698227749008,0.0580640643557,0.0189343189343,-0.0532357984525,0.0468425344612,0.0571571571572,0.0437687771694,0.0157067345772,0.0906355173084,0.0610475715509,0.0493444395285,0.0906355173084,0.158207495962,0.0981378158836,96,0.0123552123552,-0.1943574018,-0.0540540540541,0.027027027027,0,188,7,28,1109,0.87037037037,0.993727598566,0.00627240143369,0.12962962963,0.964102564103,0.87037037037,0.914841849148,0.900999228651,0.864097968937,0.843049327354,152,173,0,0,0,0
465,WLNM_dir_neg,0.982191185806,0.493709786043,00:00:03,10,20,2,1232383526,threshold_sweep,0.6,0.953947368421,0.838150289017,0.892307692308,145,7,28,339,0.838150289017,0.979768786127,0.0202312138728,0.161849710983,0.953947368421,0.838150289017,0.892307692308,0.932562620424,0.569043031471,0.843517138599,0.847259820877,0.817919075145,216,43,173,0,216,0,43,0,173,37,216,0.162162162162,1.32432432432,11.6756756757,21.6,6,8.1990990496,0.702237650082,0.31006006006,10.329336629,1.76937710775,0.765265265265,3.0868314707,0.528762798222,0.252752752753,0.579945114934,0.437917739848,2,1.32432432432,0.579945114934,2,0.0121701261701,0.00597269624573,7,0.000900900900901,0.621196581197,37,37,37,1,0,0.72972972973,0.243243243243,0.027027027027,37,0.0322822822823,1.32432432432,2.32432432432,4.3,1.59259259259,1.95865676838,0.842677911979,0.443117536141,2.1280339585,1.83109898755,0.789440603394,0.986393923832,0.848757562367,0.445003142678,0.579945114934,0.437917739848,2,1.375,0.609071212532,2,0,0,0,0,0.0532202982203,37,32,32,0.864864864865,0,0.594594594595,0.135135135135,0.135135135135,37,195,0.146396396396,1.37495643923,10.5405405405,17.7272727273,5.57142857143,7.96378816405,0.755538877103,0.362855162855,9.63110887999,1.8274411721,0.7841995842,3.03359567225,0.575605332684,0.30990990991,0.623713892104,0.453624474426,2.09063551731,1.38537189588,0.629289554463,2.09063551731,0.170377622132,0.104110512129,103,0.0132561132561,0.426839179396,37,36,36,0.972972972973,0,0.675675675676,0.27027027027,0.027027027027,-21,-0.0157657657658,0.0506321149056,-1.13513513514,-3.87272727273,-0.428571428571,-0.235310885551,0.0533012270207,0.0527951027951,-0.698227749008,0.0580640643557,0.0189343189343,-0.0532357984525,0.0468425344612,0.0571571571572,0.0437687771694,0.0157067345772,0.0906355173084,0.0610475715509,0.0493444395285,0.0906355173084,0.158207495962,0.0981378158836,96,0.0123552123552,-0.1943574018,-0.0540540540541,0.027027027027,0,188,7,28,1109,0.87037037037,0.993727598566,0.00627240143369,0.12962962963,0.964102564103,0.87037037037,0.914841849148,0.900999228651,0.864097968937,0.843049327354,152,173,0,0,0,0
466,WLNM_dir_neg,0.982191185806,0.493709786043,00:00:03,10,20,2,1232383526,threshold_sweep,0.7,0.953947368421,0.838150289017,0.892307692308,145,7,28,339,0.838150289017,0.979768786127,0.0202312138728,0.161849710983,0.953947368421,0.838150289017,0.892307692308,0.932562620424,0.569043031471,0.843517138599,0.847259820877,0.817919075145,216,43,173,0,216,0,43,0,173,37,216,0.162162162162,1.32432432432,11.6756756757,21.6,6,8.1990990496,0.702237650082,0.31006006006,10.329336629,1.76937710775,0.765265265265,3.0868314707,0.528762798222,0.252752752753,0.579945114934,0.437917739848,2,1.32432432432,0.579945114934,2,0.0121701261701,0.00597269624573,7,0.000900900900901,0.621196581197,37,37,37,1,0,0.72972972973,0.243243243243,0.027027027027,37,0.0322822822823,1.32432432432,2.32432432432,4.3,1.59259259259,1.95865676838,0.842677911979,0.443117536141,2.1280339585,1.83109898755,0.789440603394,0.986393923832,0.848757562367,0.445003142678,0.579945114934,0.437917739848,2,1.375,0.609071212532,2,0,0,0,0,0.0532202982203,37,32,32,0.864864864865,0,0.594594594595,0.135135135135,0.135135135135,37,195,0.146396396396,1.37495643923,10.5405405405,17.7272727273,5.57142857143,7.96378816405,0.755538877103,0.362855162855,9.63110887999,1.8274411721,0.7841995842,3.03359567225,0.575605332684,0.30990990991,0.623713892104,0.453624474426,2.09063551731,1.38537189588,0.629289554463,2.09063551731,0.170377622132,0.104110512129,103,0.0132561132561,0.426839179396,37,36,36,0.972972972973,0,0.675675675676,0.27027027027,0.027027027027,-21,-0.0157657657658,0.0506321149056,-1.13513513514,-3.87272727273,-0.428571428571,-0.235310885551,0.0533012270207,0.0527951027951,-0.698227749008,0.0580640643557,0.0189343189343,-0.0532357984525,0.0468425344612,0.0571571571572,0.0437687771694,0.0157067345772,0.0906355173084,0.0610475715509,0.0493444395285,0.0906355173084,0.158207495962,0.0981378158836,96,0.0123552123552,-0.1943574018,-0.0540540540541,0.027027027027,0,188,7,28,1109,0.87037037037,0.993727598566,0.00627240143369,0.12962962963,0.964102564103,0.87037037037,0.914841849148,0.900999228651,0.864097968937,0.843049327354,152,173,0,0,0,0
467,WLNM_dir_neg,0.982191185806,0.493709786043,00:00:03,10,20,2,1232383526,threshold_sweep,0.8,0.953947368421,0.838150289017,0.892307692308,145,7,28,339,0.838150289017,0.979768786127,0.0202312138728,0.161849710983,0.953947368421,0.838150289017,0.892307692308,0.932562620424,0.569043031471,0.843517138599,0.847259820877,0.817919075145,216,43,173,0,216,0,43,0,173,37,216,0.162162162162,1.32432432432,11.6756756757,21.6,6,8.1990990496,0.702237650082,0.31006006006,10.329336629,1.76937710775,0.765265265265,3.0868314707,0.528762798222,0.252752752753,0.579945114934,0.437917739848,2,1.32432432432,0.579945114934,2,0.0121701261701,0.00597269624573,7,0.000900900900901,0.621196581197,37,37,37,1,0,0.72972972973,0.243243243243,0.027027027027,37,0.0322822822823,1.32432432432,2.32432432432,4.3,1.59259259259,1.95865676838,0.842677911979,0.443117536141,2.1280339585,1.83109898755,0.789440603394,0.986393923832,0.848757562367,0.445003142678,0.579945114934,0.437917739848,2,1.375,0.609071212532,2,0,0,0,0,0.0532202982203,37,32,32,0.864864864865,0,0.594594594595,0.135135135135,0.135135135135,37,195,0.146396396396,1.37495643923,10.5405405405,17.7272727273,5.57142857143,7.96378816405,0.755538877103,0.362855162855,9.63110887999,1.8274411721,0.7841995842,3.03359567225,0.575605332684,0.30990990991,0.623713892104,0.453624474426,2.09063551731,1.38537189588,0.629289554463,2.09063551731,0.170377622132,0.104110512129,103,0.0132561132561,0.426839179396,37,36,36,0.972972972973,0,0.675675675676,0.27027027027,0.027027027027,-21,-0.0157657657658,0.0506321149056,-1.13513513514,-3.87272727273,-0.428571428571,-0.235310885551,0.0533012270207,0.0527951027951,-0.698227749008,0.0580640643557,0.0189343189343,-0.0532357984525,0.0468425344612,0.0571571571572,0.0437687771694,0.0157067345772,0.0906355173084,0.0610475715509,0.0493444395285,0.0906355173084,0.158207495962,0.0981378158836,96,0.0123552123552,-0.1943574018,-0.0540540540541,0.027027027027,0,188,7,28,1109,0.87037037037,0.993727598566,0.00627240143369,0.12962962963,0.964102564103,0.87037037037,0.914841849148,0.900999228651,0.864097968937,0.843049327354,152,173,0,0,0,0
468,WLNM_dir_neg,0.982191185806,0.493709786043,00:00:03,10,20,2,1232383526,threshold_sweep,0.9,0.958041958042,0.791907514451,0.867088607595,137,6,36,340,0.791907514451,0.982658959538,0.0173410404624,0.208092485549,0.958041958042,0.791907514451,0.867088607595,0.919075144509,0.574823378292,0.809667673716,0.817255505655,0.774566473988,216,43,173,0,216,0,43,0,173,37,216,0.162162162162,1.32432432432,11.6756756757,21.6,6,8.1990990496,0.702237650082,0.31006006006,10.329336629,1.76937710775,0.765265265265,3.0868314707,0.528762798222,0.252752752753,0.579945114934,0.437917739848,2,1.32432432432,0.579945114934,2,0.0121701261701,0.00597269624573,7,0.000900900900901,0.621196581197,37,37,37,1,0,0.72972972973,0.243243243243,0.027027027027,37,0.0322822822823,1.32432432432,2.32432432432,4.3,1.59259259259,1.95865676838,0.842677911979,0.443117536141,2.1280339585,1.83109898755,0.789440603394,0.986393923832,0.848757562367,0.445003142678,0.579945114934,0.437917739848,2,1.375,0.609071212532,2,0,0,0,0,0.0532202982203,37,32,32,0.864864864865,0,0.594594594595,0.135135135135,0.135135135135,37,186,0.13963963964,1.37279975389,10.0540540541,16.9090909091,5.47058823529,7.67371395648,0.763245742983,0.377506538797,9.12105770696,1.81440395246,0.780296425458,3.22736981394,0.642003672665,0.342342342342,0.619941093069,0.45158887253,2.07826643269,1.38315530261,0.625481079239,2.07826643269,0.132805161277,0.103862973761,95,0.0122265122265,0.439122941298,37,36,36,0.972972972973,0,0.675675675676,0.243243243243,0.0540540540541,-30,-0.0225225225225,0.0484754295658,-1.62162162162,-4.69090909091,-0.529411764706,-0.525385093124,0.0610080929014,0.0674464787368,-1.20827892204,0.0450268447145,0.0150311601925,0.140538343234,0.113240874443,0.0895895895896,0.0399959781343,0.0136711326815,0.0782664326867,0.0588309782849,0.0455359643042,0.0782664326867,0.120635035106,0.0978902775152,88,0.0113256113256,-0.182073639898,-0.0540540540541,0,0.027027027027,180,6,36,1110,0.833333333333,0.994623655914,0.00537634408602,0.166666666667,0.967741935484,0.833333333333,0.89552238806,0.880476904405,0.827956989247,0.810810810811,143,173,0,0,0,0
469,WLNM_dir_neg,0.925557151926,0.52791759089,00:00:05,10,20,3,1232383527,threshold_sweep,0.1,0.900900900901,0.578034682081,0.704225352113,100,11,73,335,0.578034682081,0.968208092486,0.0317919075145,0.421965317919,0.900900900901,0.578034682081,0.704225352113,0.838150289017,0.595375722543,0.6,0.627993625478,0.546242774566,216,43,173,0,216,0,43,0,173,37,216,0.162162162162,1.32432432432,11.6756756757,21.6,6,8.1990990496,0.702237650082,0.31006006006,10.329336629,1.76937710775,0.765265265265,3.0868314707,0.528762798222,0.252752752753,0.579945114934,0.437917739848,2,1.32432432432,0.579945114934,2,0.0121701261701,0.00597269624573,7,0.000900900900901,0.621196581197,37,37,37,1,0,0.72972972973,0.243243243243,0.027027027027,37,0.0322822822823,1.25675675676,2.32432432432,4.77777777778,1.86956521739,2.3811068161,1.02442967669,0.463859208045,2.58750752563,2.22645996391,0.843494657448,1.06753905766,0.918580119386,0.496543054683,0.465797130699,0.37063427604,1.5,1.3064516129,0.49459443579,1.5,0,0,0,0,0.0702380181547,37,31,31,0.837837837838,0,0.594594594595,0.027027027027,0.216216216216,37,154,0.115615615616,1.5675242087,8.32432432432,8.55555555556,5.31034482759,6.49809396864,0.780615184544,0.399964899965,7.72267049923,1.85544680826,0.782028782029,3.6629793089,0.880066457333,0.463671463671,0.606674988065,0.387027507899,1.5,1.58328877005,0.607546188332,1.5,0.196888995083,0.111228813559,70,0.00900900900901,0.371493466729,37,36,36,0.972972972973,0,0.486486486486,0.297297297297,0.189189189189,-62,-0.0465465465465,0.243199884376,-3.35135135135,-13.0444444444,-0.689655172414,-1.70100508097,0.0783775344621,0.0899048399048,-2.60666612977,0.0860697005107,0.0167635167635,0.576147838194,0.35130365911,0.210918710919,0.0267298731305,-0.0508902319494,-0.5,0.258964445729,0.0276010733979,-0.5,0.184718868912,0.105256117314,63,0.00810810810811,-0.249703114467,-0.243243243243,0.0540540540541,0.162162162162,143,11,73,1105,0.662037037037,0.990143369176,0.00985663082437,0.337962962963,0.928571428571,0.662037037037,0.772972972973,0.75178510035,0.652180406213,0.629955947137,111,173,0,0,0,0
470,WLNM_dir_neg,0.925557151926,0.52791759089,00:00:05,10,20,3,1232383527,threshold_sweep,0.2,0.900900900901,0.578034682081,0.704225352113,100,11,73,335,0.578034682081,0.968208092486,0.0317919075145,0.421965317919,0.900900900901,0.578034682081,0.704225352113,0.838150289017,0.595375722543,0.6,0.627993625478,0.546242774566,216,43,173,0,216,0,43,0,173,37,216,0.162162162162,1.32432432432,11.6756756757,21.6,6,8.1990990496,0.702237650082,0.31006006006,10.329336629,1.76937710775,0.765265265265,3.0868314707,0.528762798222,0.252752752753,0.579945114934,0.437917739848,2,1.32432432432,0.579945114934,2,0.0121701261701,0.00597269624573,7,0.000900900900901,0.621196581197,37,37,37,1,0,0.72972972973,0.243243243243,0.027027027027,37,0.0322822822823,1.25675675676,2.32432432432,4.77777777778,1.86956521739,2.3811068161,1.02442967669,0.463859208045,2.58750752563,2.22645996391,0.843494657448,1.06753905766,0.918580119386,0.496543054683,0.465797130699,0.37063427604,1.5,1.3064516129,0.49459443579,1.5,0,0,0,0,0.0702380181547,37,31,31,0.837837837838,0,0.594594594595,0.027027027027,0.216216216216,37,154,0.115615615616,1.5675242087,8.32432432432,8.55555555556,5.31034482759,6.49809396864,0.780615184544,0.399964899965,7.72267049923,1.85544680826,0.782028782029,3.6629793089,0.880066457333,0.463671463671,0.606674988065,0.387027507899,1.5,1.58328877005,0.607546188332,1.5,0.196888995083,0.111228813559,70,0.00900900900901,0.371493466729,37,36,36,0.972972972973,0,0.486486486486,0.297297297297,0.189189189189,-62,-0.0465465465465,0.243199884376,-3.35135135135,-13.0444444444,-0.689655172414,-1.70100508097,0.0783775344621,0.0899048399048,-2.60666612977,0.0860697005107,0.0167635167635,0.576147838194,0.35130365911,0.210918710919,0.0267298731305,-0.0508902319494,-0.5,0.258964445729,0.0276010733979,-0.5,0.184718868912,0.105256117314,63,0.00810810810811,-0.249703114467,-0.243243243243,0.0540540540541,0.162162162162,143,11,73,1105,0.662037037037,0.990143369176,0.00985663082437,0.337962962963,0.928571428571,0.662037037037,0.772972972973,0.75178510035,0.652180406213,0.629955947137,111,173,0,0,0,0
471,WLNM_dir_neg,0.925557151926,0.52791759089,00:00:05,10,20,3,1232383527,threshold_sweep,0.3,0.900900900901,0.578034682081,0.704225352113,100,11,73,335,0.578034682081,0.968208092486,0.0317919075145,0.421965317919,0.900900900901,0.578034682081,0.704225352113,0.838150289017,0.595375722543,0.6,0.627993625478,0.546242774566,216,43,173,0,216,0,43,0,173,37,216,0.162162162162,1.32432432432,11.6756756757,21.6,6,8.1990990496,0.702237650082,0.31006006006,10.329336629,1.76937710775,0.765265265265,3.0868314707,0.528762798222,0.252752752753,0.579945114934,0.437917739848,2,1.32432432432,0.579945114934,2,0.0121701261701,0.00597269624573,7,0.000900900900901,0.621196581197,37,37,37,1,0,0.72972972973,0.243243243243,0.027027027027,37,0.0322822822823,1.25675675676,2.32432432432,4.77777777778,1.86956521739,2.3811068161,1.02442967669,0.463859208045,2.58750752563,2.22645996391,0.843494657448,1.06753905766,0.918580119386,0.496543054683,0.465797130699,0.37063427604,1.5,1.3064516129,0.49459443579,1.5,0,0,0,0,0.0702380181547,37,31,31,0.837837837838,0,0.594594594595,0.027027027027,0.216216216216,37,154,0.115615615616,1.5675242087,8.32432432432,8.55555555556,5.31034482759,6.49809396864,0.780615184544,0.399964899965,7.72267049923,1.85544680826,0.782028782029,3.6629793089,0.880066457333,0.463671463671,0.606674988065,0.387027507899,1.5,1.58328877005,0.607546188332,1.5,0.196888995083,0.111228813559,70,0.00900900900901,0.371493466729,37,36,36,0.972972972973,0,0.486486486486,0.297297297297,0.189189189189,-62,-0.0465465465465,0.243199884376,-3.35135135135,-13.0444444444,-0.689655172414,-1.70100508097,0.0783775344621,0.0899048399048,-2.60666612977,0.0860697005107,0.0167635167635,0.576147838194,0.35130365911,0.210918710919,0.0267298731305,-0.0508902319494,-0.5,0.258964445729,0.0276010733979,-0.5,0.184718868912,0.105256117314,63,0.00810810810811,-0.249703114467,-0.243243243243,0.0540540540541,0.162162162162,143,11,73,1105,0.662037037037,0.990143369176,0.00985663082437,0.337962962963,0.928571428571,0.662037037037,0.772972972973,0.75178510035,0.652180406213,0.629955947137,111,173,0,0,0,0
472,WLNM_dir_neg,0.925557151926,0.52791759089,00:00:05,10,20,3,1232383527,threshold_sweep,0.4,0.900900900901,0.578034682081,0.704225352113,100,11,73,335,0.578034682081,0.968208092486,0.0317919075145,0.421965317919,0.900900900901,0.578034682081,0.704225352113,0.838150289017,0.595375722543,0.6,0.627993625478,0.546242774566,216,43,173,0,216,0,43,0,173,37,216,0.162162162162,1.32432432432,11.6756756757,21.6,6,8.1990990496,0.702237650082,0.31006006006,10.329336629,1.76937710775,0.765265265265,3.0868314707,0.528762798222,0.252752752753,0.579945114934,0.437917739848,2,1.32432432432,0.579945114934,2,0.0121701261701,0.00597269624573,7,0.000900900900901,0.621196581197,37,37,37,1,0,0.72972972973,0.243243243243,0.027027027027,37,0.0322822822823,1.25675675676,2.32432432432,4.77777777778,1.86956521739,2.3811068161,1.02442967669,0.463859208045,2.58750752563,2.22645996391,0.843494657448,1.06753905766,0.918580119386,0.496543054683,0.465797130699,0.37063427604,1.5,1.3064516129,0.49459443579,1.5,0,0,0,0,0.0702380181547,37,31,31,0.837837837838,0,0.594594594595,0.027027027027,0.216216216216,37,154,0.115615615616,1.5675242087,8.32432432432,8.55555555556,5.31034482759,6.49809396864,0.780615184544,0.399964899965,7.72267049923,1.85544680826,0.782028782029,3.6629793089,0.880066457333,0.463671463671,0.606674988065,0.387027507899,1.5,1.58328877005,0.607546188332,1.5,0.196888995083,0.111228813559,70,0.00900900900901,0.371493466729,37,36,36,0.972972972973,0,0.486486486486,0.297297297297,0.189189189189,-62,-0.0465465465465,0.243199884376,-3.35135135135,-13.0444444444,-0.689655172414,-1.70100508097,0.0783775344621,0.0899048399048,-2.60666612977,0.0860697005107,0.0167635167635,0.576147838194,0.35130365911,0.210918710919,0.0267298731305,-0.0508902319494,-0.5,0.258964445729,0.0276010733979,-0.5,0.184718868912,0.105256117314,63,0.00810810810811,-0.249703114467,-0.243243243243,0.0540540540541,0.162162162162,143,11,73,1105,0.662037037037,0.990143369176,0.00985663082437,0.337962962963,0.928571428571,0.662037037037,0.772972972973,0.75178510035,0.652180406213,0.629955947137,111,173,0,0,0,0
473,WLNM_dir_neg,0.925557151926,0.52791759089,00:00:05,10,20,3,1232383527,threshold_sweep,0.5,0.900900900901,0.578034682081,0.704225352113,100,11,73,335,0.578034682081,0.968208092486,0.0317919075145,0.421965317919,0.900900900901,0.578034682081,0.704225352113,0.838150289017,0.595375722543,0.6,0.627993625478,0.546242774566,216,43,173,0,216,0,43,0,173,37,216,0.162162162162,1.32432432432,11.6756756757,21.6,6,8.1990990496,0.702237650082,0.31006006006,10.329336629,1.76937710775,0.765265265265,3.0868314707,0.528762798222,0.252752752753,0.579945114934,0.437917739848,2,1.32432432432,0.579945114934,2,0.0121701261701,0.00597269624573,7,0.000900900900901,0.621196581197,37,37,37,1,0,0.72972972973,0.243243243243,0.027027027027,37,0.0322822822823,1.25675675676,2.32432432432,4.77777777778,1.86956521739,2.3811068161,1.02442967669,0.463859208045,2.58750752563,2.22645996391,0.843494657448,1.06753905766,0.918580119386,0.496543054683,0.465797130699,0.37063427604,1.5,1.3064516129,0.49459443579,1.5,0,0,0,0,0.0702380181547,37,31,31,0.837837837838,0,0.594594594595,0.027027027027,0.216216216216,37,154,0.115615615616,1.5675242087,8.32432432432,8.55555555556,5.31034482759,6.49809396864,0.780615184544,0.399964899965,7.72267049923,1.85544680826,0.782028782029,3.6629793089,0.880066457333,0.463671463671,0.606674988065,0.387027507899,1.5,1.58328877005,0.607546188332,1.5,0.196888995083,0.111228813559,70,0.00900900900901,0.371493466729,37,36,36,0.972972972973,0,0.486486486486,0.297297297297,0.189189189189,-62,-0.0465465465465,0.243199884376,-3.35135135135,-13.0444444444,-0.689655172414,-1.70100508097,0.0783775344621,0.0899048399048,-2.60666612977,0.0860697005107,0.0167635167635,0.576147838194,0.35130365911,0.210918710919,0.0267298731305,-0.0508902319494,-0.5,0.258964445729,0.0276010733979,-0.5,0.184718868912,0.105256117314,63,0.00810810810811,-0.249703114467,-0.243243243243,0.0540540540541,0.162162162162,143,11,73,1105,0.662037037037,0.990143369176,0.00985663082437,0.337962962963,0.928571428571,0.662037037037,0.772972972973,0.75178510035,0.652180406213,0.629955947137,111,173,0,0,0,0
474,WLNM_dir_neg,0.925557151926,0.52791759089,00:00:05,10,20,3,1232383527,threshold_sweep,0.6,0.9,0.57225433526,0.69964664311,99,11,74,335,0.57225433526,0.968208092486,0.0317919075145,0.42774566474,0.9,0.57225433526,0.69964664311,0.836223506744,0.596017983301,0.594594594595,0.623402604138,0.540462427746,216,43,173,0,216,0,43,0,173,37,216,0.162162162162,1.32432432432,11.6756756757,21.6,6,8.1990990496,0.702237650082,0.31006006006,10.329336629,1.76937710775,0.765265265265,3.0868314707,0.528762798222,0.252752752753,0.579945114934,0.437917739848,2,1.32432432432,0.579945114934,2,0.0121701261701,0.00597269624573,7,0.000900900900901,0.621196581197,37,37,37,1,0,0.72972972973,0.243243243243,0.027027027027,37,0.0322822822823,1.25675675676,2.32432432432,4.77777777778,1.86956521739,2.3811068161,1.02442967669,0.463859208045,2.58750752563,2.22645996391,0.843494657448,1.06753905766,0.918580119386,0.496543054683,0.465797130699,0.37063427604,1.5,1.3064516129,0.49459443579,1.5,0,0,0,0,0.0702380181547,37,31,31,0.837837837838,0,0.594594594595,0.027027027027,0.216216216216,37,153,0.114864864865,1.56795095123,8.27027027027,8.5,5.27586206897,6.46636016734,0.781880150953,0.401872460696,7.66725418822,1.85417258147,0.782193958665,3.66031390702,0.88517395137,0.467055290585,0.607209849893,0.387263293801,1.5,1.58372736654,0.608083837077,1.5,0.199081977539,0.112600536193,70,0.00900900900901,0.370966800986,37,36,36,0.972972972973,0,0.486486486486,0.297297297297,0.189189189189,-63,-0.0472972972973,0.243626626908,-3.40540540541,-13.1,-0.724137931034,-1.73273888226,0.0796425008715,0.0918124006359,-2.66208244078,0.0847954737198,0.0169286933993,0.573482436312,0.356411153148,0.214302537832,0.0272647349589,-0.0506544460471,-0.5,0.25940304222,0.0281387221421,-0.5,0.186911851369,0.106627839947,63,0.00810810810811,-0.250229780211,-0.243243243243,0.0540540540541,0.162162162162,142,11,74,1105,0.657407407407,0.990143369176,0.00985663082437,0.342592592593,0.928104575163,0.657407407407,0.769647696477,0.748566148182,0.647550776583,0.625550660793,110,173,0,0,0,0
475,WLNM_dir_neg,0.925557151926,0.52791759089,00:00:05,10,20,3,1232383527,threshold_sweep,0.7,0.9,0.57225433526,0.69964664311,99,11,74,335,0.57225433526,0.968208092486,0.0317919075145,0.42774566474,0.9,0.57225433526,0.69964664311,0.836223506744,0.596017983301,0.594594594595,0.623402604138,0.540462427746,216,43,173,0,216,0,43,0,173,37,216,0.162162162162,1.32432432432,11.6756756757,21.6,6,8.1990990496,0.702237650082,0.31006006006,10.329336629,1.76937710775,0.765265265265,3.0868314707,0.528762798222,0.252752752753,0.579945114934,0.437917739848,2,1.32432432432,0.579945114934,2,0.0121701261701,0.00597269624573,7,0.000900900900901,0.621196581197,37,37,37,1,0,0.72972972973,0.243243243243,0.027027027027,37,0.0322822822823,1.25675675676,2.32432432432,4.77777777778,1.86956521739,2.3811068161,1.02442967669,0.463859208045,2.58750752563,2.22645996391,0.843494657448,1.06753905766,0.918580119386,0.496543054683,0.465797130699,0.37063427604,1.5,1.3064516129,0.49459443579,1.5,0,0,0,0,0.0702380181547,37,31,31,0.837837837838,0,0.594594594595,0.027027027027,0.216216216216,37,153,0.114864864865,1.56795095123,8.27027027027,8.5,5.27586206897,6.46636016734,0.781880150953,0.401872460696,7.66725418822,1.85417258147,0.782193958665,3.66031390702,0.88517395137,0.467055290585,0.607209849893,0.387263293801,1.5,1.58372736654,0.608083837077,1.5,0.199081977539,0.112600536193,70,0.00900900900901,0.370966800986,37,36,36,0.972972972973,0,0.486486486486,0.297297297297,0.189189189189,-63,-0.0472972972973,0.243626626908,-3.40540540541,-13.1,-0.724137931034,-1.73273888226,0.0796425008715,0.0918124006359,-2.66208244078,0.0847954737198,0.0169286933993,0.573482436312,0.356411153148,0.214302537832,0.0272647349589,-0.0506544460471,-0.5,0.25940304222,0.0281387221421,-0.5,0.186911851369,0.106627839947,63,0.00810810810811,-0.250229780211,-0.243243243243,0.0540540540541,0.162162162162,142,11,74,1105,0.657407407407,0.990143369176,0.00985663082437,0.342592592593,0.928104575163,0.657407407407,0.769647696477,0.748566148182,0.647550776583,0.625550660793,110,173,0,0,0,0
476,WLNM_dir_neg,0.925557151926,0.52791759089,00:00:05,10,20,3,1232383527,threshold_sweep,0.8,0.9,0.57225433526,0.69964664311,99,11,74,335,0.57225433526,0.968208092486,0.0317919075145,0.42774566474,0.9,0.57225433526,0.69964664311,0.836223506744,0.596017983301,0.594594594595,0.623402604138,0.540462427746,216,43,173,0,216,0,43,0,173,37,216,0.162162162162,1.32432432432,11.6756756757,21.6,6,8.1990990496,0.702237650082,0.31006006006,10.329336629,1.76937710775,0.765265265265,3.0868314707,0.528762798222,0.252752752753,0.579945114934,0.437917739848,2,1.32432432432,0.579945114934,2,0.0121701261701,0.00597269624573,7,0.000900900900901,0.621196581197,37,37,37,1,0,0.72972972973,0.243243243243,0.027027027027,37,0.0322822822823,1.25675675676,2.32432432432,4.77777777778,1.86956521739,2.3811068161,1.02442967669,0.463859208045,2.58750752563,2.22645996391,0.843494657448,1.06753905766,0.918580119386,0.496543054683,0.465797130699,0.37063427604,1.5,1.3064516129,0.49459443579,1.5,0,0,0,0,0.0702380181547,37,31,31,0.837837837838,0,0.594594594595,0.027027027027,0.216216216216,37,153,0.114864864865,1.56795095123,8.27027027027,8.5,5.27586206897,6.46636016734,0.781880150953,0.401872460696,7.66725418822,1.85417258147,0.782193958665,3.66031390702,0.88517395137,0.467055290585,0.607209849893,0.387263293801,1.5,1.58372736654,0.608083837077,1.5,0.199081977539,0.112600536193,70,0.00900900900901,0.370966800986,37,36,36,0.972972972973,0,0.486486486486,0.297297297297,0.189189189189,-63,-0.0472972972973,0.243626626908,-3.40540540541,-13.1,-0.724137931034,-1.73273888226,0.0796425008715,0.0918124006359,-2.66208244078,0.0847954737198,0.0169286933993,0.573482436312,0.356411153148,0.214302537832,0.0272647349589,-0.0506544460471,-0.5,0.25940304222,0.0281387221421,-0.5,0.186911851369,0.106627839947,63,0.00810810810811,-0.250229780211,-0.243243243243,0.0540540540541,0.162162162162,142,11,74,1105,0.657407407407,0.990143369176,0.00985663082437,0.342592592593,0.928104575163,0.657407407407,0.769647696477,0.748566148182,0.647550776583,0.625550660793,110,173,0,0,0,0
477,WLNM_dir_neg,0.925557151926,0.52791759089,00:00:05,10,20,3,1232383527,threshold_sweep,0.9,0.895238095238,0.543352601156,0.676258992806,94,11,79,335,0.543352601156,0.968208092486,0.0317919075145,0.456647398844,0.895238095238,0.543352601156,0.676258992806,0.826589595376,0.599229287091,0.567307692308,0.600293234073,0.511560693642,216,43,173,0,216,0,43,0,173,37,216,0.162162162162,1.32432432432,11.6756756757,21.6,6,8.1990990496,0.702237650082,0.31006006006,10.329336629,1.76937710775,0.765265265265,3.0868314707,0.528762798222,0.252752752753,0.579945114934,0.437917739848,2,1.32432432432,0.579945114934,2,0.0121701261701,0.00597269624573,7,0.000900900900901,0.621196581197,37,37,37,1,0,0.72972972973,0.243243243243,0.027027027027,37,0.0322822822823,1.25675675676,2.32432432432,4.77777777778,1.86956521739,2.3811068161,1.02442967669,0.463859208045,2.58750752563,2.22645996391,0.843494657448,1.06753905766,0.918580119386,0.496543054683,0.465797130699,0.37063427604,1.5,1.3064516129,0.49459443579,1.5,0,0,0,0,0.0702380181547,37,31,31,0.837837837838,0,0.594594594595,0.027027027027,0.216216216216,37,148,0.111111111111,1.56747679286,8,8.22222222222,6.16666666667,6.33333333333,0.791666666667,0.413623082542,7.34468817884,1.83617204471,0.777940102264,3.79326889225,0.948317223062,0.497443389335,0.606602121368,0.386992728779,1.5,1.63626185867,0.607312868695,1.5,0.145335294221,0.116040955631,68,0.00875160875161,0.378390186885,37,33,33,0.891891891892,0,0.405405405405,0.243243243243,0.243243243243,-68,-0.0510510510511,0.243152468539,-3.67567567568,-13.3777777778,0.166666666667,-1.86576571627,0.0894290165848,0.103563022482,-2.98464845016,0.0667949369656,0.0126748369992,0.706437421543,0.419554424839,0.244690636583,0.0266570064336,-0.0509250110695,-0.5,0.311937534341,0.0273677537601,-0.5,0.133165168051,0.110068259386,61,0.00785070785071,-0.242806394311,-0.324324324324,0,0.216216216216,137,11,79,1105,0.634259259259,0.990143369176,0.00985663082437,0.365740740741,0.925675675676,0.634259259259,0.752747252747,0.732347134403,0.624402628435,0.603524229075,105,173,0,0,0,0
478,WLNM_dir_neg,0.889739049083,0.549837853288,00:00:03,10,20,4,1232383528,threshold_sweep,0.1,0.944444444444,0.78612716763,0.858044164038,136,8,37,338,0.78612716763,0.976878612717,0.0231213872832,0.21387283237,0.944444444444,0.78612716763,0.858044164038,0.913294797688,0.574181117534,0.796380090498,0.803326417674,0.763005780347,216,43,173,0,216,0,43,0,173,37,216,0.162162162162,1.32432432432,11.6756756757,21.6,6,8.1990990496,0.702237650082,0.31006006006,10.329336629,1.76937710775,0.765265265265,3.0868314707,0.528762798222,0.252752752753,0.579945114934,0.437917739848,2,1.32432432432,0.579945114934,2,0.0121701261701,0.00597269624573,7,0.000900900900901,0.621196581197,37,37,37,1,0,0.72972972973,0.243243243243,0.027027027027,37,0.0322822822823,1.31081081081,2.32432432432,4.3,1.72,1.97278784766,0.848757562367,0.445003142678,2.15398227468,1.85342660845,0.791954745443,1.1183696843,0.96231810044,0.50408548083,0.544560874969,0.415438193275,2,1.359375,0.571280042621,2,0,0,0,0,0.0680166746833,37,32,32,0.864864864865,0,0.594594594595,0.0810810810811,0.189189189189,37,187,0.14039039039,1.4773960739,10.1081081081,14.3846153846,5.84375,7.68036379269,0.759822086442,0.383436912849,8.67290143027,1.71602862524,0.760225466108,3.39072219402,0.670891557105,0.358144240497,0.714027198233,0.483301134238,2.33305952129,1.55198921044,0.74132546559,2.33305952129,0.186220296913,0.11859443631,108,0.0138996138996,0.347255013549,37,32,32,0.864864864865,0,0.513513513514,0.351351351351,0,-29,-0.0217717717718,0.153071749573,-1.56756756757,-7.21538461538,-0.15625,-0.518735256919,0.0575844363602,0.0733768527886,-1.65643519873,-0.0533484825043,-0.00503979915745,0.303890723313,0.142128758882,0.105391487744,0.134082083298,0.0453833943892,0.33305952129,0.227664886119,0.161380350655,0.33305952129,0.174050170743,0.112621740065,101,0.0129987129987,-0.273941567647,-0.216216216216,0.108108108108,-0.027027027027,179,8,37,1108,0.828703703704,0.992831541219,0.00716845878136,0.171296296296,0.957219251337,0.828703703704,0.888337468983,0.871689121742,0.821535244922,0.799107142857,144,173,0,0,0,0
479,WLNM_dir_neg,0.889739049083,0.549837853288,00:00:03,10,20,4,1232383528,threshold_sweep,0.2,0.944055944056,0.780346820809,0.854430379747,135,8,38,338,0.780346820809,0.976878612717,0.0231213872832,0.219653179191,0.944055944056,0.780346820809,0.854430379747,0.911368015414,0.574823378292,0.791540785498,0.798958740603,0.757225433526,216,43,173,0,216,0,43,0,173,37,216,0.162162162162,1.32432432432,11.6756756757,21.6,6,8.1990990496,0.702237650082,0.31006006006,10.329336629,1.76937710775,0.765265265265,3.0868314707,0.528762798222,0.252752752753,0.579945114934,0.437917739848,2,1.32432432432,0.579945114934,2,0.0121701261701,0.00597269624573,7,0.000900900900901,0.621196581197,37,37,37,1,0,0.72972972973,0.243243243243,0.027027027027,37,0.0322822822823,1.31081081081,2.32432432432,4.3,1.72,1.97278784766,0.848757562367,0.445003142678,2.15398227468,1.85342660845,0.791954745443,1.1183696843,0.96231810044,0.50408548083,0.544560874969,0.415438193275,2,1.359375,0.571280042621,2,0,0,0,0,0.0680166746833,37,32,32,0.864864864865,0,0.594594594595,0.0810810810811,0.189189189189,37,186,0.13963963964,1.47779026721,10.0540540541,14.3076923077,5.8125,7.6447002192,0.760359968039,0.384771868643,8.62968547929,1.71665786416,0.761115954664,3.37874472488,0.672115886132,0.360069747167,0.714714267623,0.483637146272,2.33438544426,1.55244499646,0.742046629784,2.33438544426,0.185562947017,0.118756936737,107,0.0137709137709,0.34435233313,37,32,32,0.864864864865,0,0.513513513514,0.351351351351,0,-30,-0.0225225225225,0.153465942887,-1.62162162162,-7.29230769231,-0.1875,-0.554398830404,0.0581223179569,0.0747118085828,-1.69965114971,-0.0527192435855,-0.00414931060092,0.291913254178,0.14335308791,0.107316994414,0.134769152689,0.0457194064239,0.334385444255,0.228120672138,0.162101514849,0.334385444255,0.173392820847,0.112784240491,100,0.01287001287,-0.276844248067,-0.216216216216,0.108108108108,-0.027027027027,178,8,38,1108,0.824074074074,0.992831541219,0.00716845878136,0.175925925926,0.956989247312,0.824074074074,0.885572139303,0.868724507052,0.816905615293,0.794642857143,143,173,0,0,0,0
480,WLNM_dir_neg,0.889739049083,0.549837853288,00:00:03,10,20,4,1232383528,threshold_sweep,0.3,0.957142857143,0.774566473988,0.856230031949,134,6,39,340,0.774566473988,0.982658959538,0.0173410404624,0.225433526012,0.957142857143,0.774566473988,0.856230031949,0.913294797688,0.576750160565,0.795144157815,0.804271483814,0.757225433526,216,43,173,0,216,0,43,0,173,37,216,0.162162162162,1.32432432432,11.6756756757,21.6,6,8.1990990496,0.702237650082,0.31006006006,10.329336629,1.76937710775,0.765265265265,3.0868314707,0.528762798222,0.252752752753,0.579945114934,0.437917739848,2,1.32432432432,0.579945114934,2,0.0121701261701,0.00597269624573,7,0.000900900900901,0.621196581197,37,37,37,1,0,0.72972972973,0.243243243243,0.027027027027,37,0.0322822822823,1.31081081081,2.32432432432,4.3,1.72,1.97278784766,0.848757562367,0.445003142678,2.15398227468,1.85342660845,0.791954745443,1.1183696843,0.96231810044,0.50408548083,0.544560874969,0.415438193275,2,1.359375,0.571280042621,2,0,0,0,0,0.0680166746833,37,32,32,0.864864864865,0,0.594594594595,0.0810810810811,0.189189189189,37,183,0.137387387387,1.39383710312,9.89189189189,16.6363636364,5.71875,7.63320154102,0.771662450868,0.385910500665,8.60537927999,1.7398854282,0.765027322404,3.31617203972,0.670482871418,0.355929700192,0.667455601523,0.478861984681,2.2338157105,1.45537415049,0.698874096807,2.2338157105,0.160833862695,0.103252647504,91,0.0117117117117,0.471579680339,37,32,32,0.864864864865,0,0.567567567568,0.297297297297,0,-33,-0.0247747747748,0.0695127787979,-1.78378378378,-4.96363636364,-0.28125,-0.565897508589,0.0694248007859,0.0758504406045,-1.72395734901,-0.0294916795498,-0.000237942860894,0.229340569012,0.141720073196,0.103176947439,0.0875104865883,0.0409442448323,0.233815710502,0.131049826161,0.118928981873,0.233815710502,0.148663736525,0.097279951258,84,0.0108108108108,-0.149616900857,-0.162162162162,0.0540540540541,-0.027027027027,177,6,39,1110,0.819444444444,0.994623655914,0.00537634408602,0.180555555556,0.967213114754,0.819444444444,0.887218045113,0.871633976305,0.814068100358,0.797297297297,140,173,0,0,0,0
481,WLNM_dir_neg,0.889739049083,0.549837853288,00:00:03,10,20,4,1232383528,threshold_sweep,0.4,0.957142857143,0.774566473988,0.856230031949,134,6,39,340,0.774566473988,0.982658959538,0.0173410404624,0.225433526012,0.957142857143,0.774566473988,0.856230031949,0.913294797688,0.576750160565,0.795144157815,0.804271483814,0.757225433526,216,43,173,0,216,0,43,0,173,37,216,0.162162162162,1.32432432432,11.6756756757,21.6,6,8.1990990496,0.702237650082,0.31006006006,10.329336629,1.76937710775,0.765265265265,3.0868314707,0.528762798222,0.252752752753,0.579945114934,0.437917739848,2,1.32432432432,0.579945114934,2,0.0121701261701,0.00597269624573,7,0.000900900900901,0.621196581197,37,37,37,1,0,0.72972972973,0.243243243243,0.027027027027,37,0.0322822822823,1.31081081081,2.32432432432,4.3,1.72,1.97278784766,0.848757562367,0.445003142678,2.15398227468,1.85342660845,0.791954745443,1.1183696843,0.96231810044,0.50408548083,0.544560874969,0.415438193275,2,1.359375,0.571280042621,2,0,0,0,0,0.0680166746833,37,32,32,0.864864864865,0,0.594594594595,0.0810810810811,0.189189189189,37,183,0.137387387387,1.39383710312,9.89189189189,16.6363636364,5.71875,7.63320154102,0.771662450868,0.385910500665,8.60537927999,1.7398854282,0.765027322404,3.31617203972,0.670482871418,0.355929700192,0.667455601523,0.478861984681,2.2338157105,1.45537415049,0.698874096807,2.2338157105,0.160833862695,0.103252647504,91,0.0117117117117,0.471579680339,37,32,32,0.864864864865,0,0.567567567568,0.297297297297,0,-33,-0.0247747747748,0.0695127787979,-1.78378378378,-4.96363636364,-0.28125,-0.565897508589,0.0694248007859,0.0758504406045,-1.72395734901,-0.0294916795498,-0.000237942860894,0.229340569012,0.141720073196,0.103176947439,0.0875104865883,0.0409442448323,0.233815710502,0.131049826161,0.118928981873,0.233815710502,0.148663736525,0.097279951258,84,0.0108108108108,-0.149616900857,-0.162162162162,0.0540540540541,-0.027027027027,177,6,39,1110,0.819444444444,0.994623655914,0.00537634408602,0.180555555556,0.967213114754,0.819444444444,0.887218045113,0.871633976305,0.814068100358,0.797297297297,140,173,0,0,0,0
482,WLNM_dir_neg,0.889739049083,0.549837853288,00:00:03,10,20,4,1232383528,threshold_sweep,0.5,0.961240310078,0.71676300578,0.82119205298,124,5,49,341,0.71676300578,0.985549132948,0.014450867052,0.28323699422,0.961240310078,0.71676300578,0.82119205298,0.895953757225,0.583815028902,0.75,0.766062347706,0.702312138728,216,43,173,0,216,0,43,0,173,37,216,0.162162162162,1.32432432432,11.6756756757,21.6,6,8.1990990496,0.702237650082,0.31006006006,10.329336629,1.76937710775,0.765265265265,3.0868314707,0.528762798222,0.252752752753,0.579945114934,0.437917739848,2,1.32432432432,0.579945114934,2,0.0121701261701,0.00597269624573,7,0.000900900900901,0.621196581197,37,37,37,1,0,0.72972972973,0.243243243243,0.027027027027,37,0.0322822822823,1.31081081081,2.32432432432,4.3,1.72,1.97278784766,0.848757562367,0.445003142678,2.15398227468,1.85342660845,0.791954745443,1.1183696843,0.96231810044,0.50408548083,0.544560874969,0.415438193275,2,1.359375,0.571280042621,2,0,0,0,0,0.0680166746833,37,32,32,0.864864864865,0,0.594594594595,0.0810810810811,0.189189189189,37,172,0.129129129129,1.32578856606,9.2972972973,17.2,6.37037037037,7.28722194005,0.78380003425,0.396763042112,8.57391462589,1.84438861138,0.781269641735,3.61490906768,0.777625787814,0.407919547454,0.572981543571,0.432181690382,2.01754385965,1.37669302951,0.60122110055,2.01754385965,0.126088170829,0.0969366344943,77,0.00990990990991,0.569366353284,37,32,32,0.864864864865,0,0.594594594595,0.135135135135,0.135135135135,-44,-0.033033033033,0.00146424173884,-2.37837837838,-4.4,0.37037037037,-0.911877109551,0.0815623841681,0.0867029820518,-1.75542200311,0.0750115036375,0.0160043764695,0.528077596972,0.248862989592,0.155166794702,-0.0069635713639,-0.00573604946628,0.0175438596491,0.0523687051862,0.021275985616,0.0175438596491,0.113918044659,0.0909639382486,70,0.00900900900901,-0.0518302279126,-0.135135135135,-0.108108108108,0.108108108108,167,5,49,1111,0.773148148148,0.995519713262,0.00448028673835,0.226851851852,0.970930232558,0.773148148148,0.860824742268,0.84489838131,0.76866786141,0.755656108597,129,173,0,0,0,0
483,WLNM_dir_neg,0.889739049083,0.549837853288,00:00:03,10,20,4,1232383528,threshold_sweep,0.6,0.976377952756,0.71676300578,0.826666666667,124,3,49,343,0.71676300578,0.991329479769,0.00867052023121,0.28323699422,0.976377952756,0.71676300578,0.826666666667,0.899807321773,0.585099550417,0.758513931889,0.776436945739,0.708092485549,216,43,173,0,216,0,43,0,173,37,216,0.162162162162,1.32432432432,11.6756756757,21.6,6,8.1990990496,0.702237650082,0.31006006006,10.329336629,1.76937710775,0.765265265265,3.0868314707,0.528762798222,0.252752752753,0.579945114934,0.437917739848,2,1.32432432432,0.579945114934,2,0.0121701261701,0.00597269624573,7,0.000900900900901,0.621196581197,37,37,37,1,0,0.72972972973,0.243243243243,0.027027027027,37,0.0322822822823,1.31081081081,2.32432432432,4.3,1.72,1.97278784766,0.848757562367,0.445003142678,2.15398227468,1.85342660845,0.791954745443,1.1183696843,0.96231810044,0.50408548083,0.544560874969,0.415438193275,2,1.359375,0.571280042621,2,0,0,0,0,0.0680166746833,37,32,32,0.864864864865,0,0.594594594595,0.0810810810811,0.189189189189,37,170,0.127627627628,1.32119965816,9.18918918919,17,6.53846153846,7.16797599605,0.780044446628,0.39666136725,8.47696047289,1.84498551469,0.782193958665,3.654977272,0.795495053318,0.416216216216,0.565783348517,0.428234555636,2,1.37138710474,0.593718235906,2,0.0862892600621,0.0738023305999,57,0.00733590733591,0.578267922094,37,32,32,0.864864864865,0,0.594594594595,0.108108108108,0.162162162162,-46,-0.0345345345345,-0.00312466616814,-2.48648648649,-4.6,0.538461538462,-1.03112305356,0.0778067965466,0.0866013071895,-1.85237615611,0.0756084069415,0.0169286933993,0.568145801299,0.266732255096,0.163463463463,-0.0141617664178,-0.00968318421269,0,0.0470627804188,0.0137731209718,0,0.0741191338919,0.0678296343542,50,0.00643500643501,-0.0429286591026,-0.135135135135,-0.135135135135,0.135135135135,167,3,49,1113,0.773148148148,0.997311827957,0.00268817204301,0.226851851852,0.982352941176,0.773148148148,0.865284974093,0.851101843192,0.770459976105,0.762557077626,127,173,0,0,0,0
484,WLNM_dir_neg,0.889739049083,0.549837853288,00:00:03,10,20,4,1232383528,threshold_sweep,0.7,0.976377952756,0.71676300578,0.826666666667,124,3,49,343,0.71676300578,0.991329479769,0.00867052023121,0.28323699422,0.976377952756,0.71676300578,0.826666666667,0.899807321773,0.585099550417,0.758513931889,0.776436945739,0.708092485549,216,43,173,0,216,0,43,0,173,37,216,0.162162162162,1.32432432432,11.6756756757,21.6,6,8.1990990496,0.702237650082,0.31006006006,10.329336629,1.76937710775,0.765265265265,3.0868314707,0.528762798222,0.252752752753,0.579945114934,0.437917739848,2,1.32432432432,0.579945114934,2,0.0121701261701,0.00597269624573,7,0.000900900900901,0.621196581197,37,37,37,1,0,0.72972972973,0.243243243243,0.027027027027,37,0.0322822822823,1.31081081081,2.32432432432,4.3,1.72,1.97278784766,0.848757562367,0.445003142678,2.15398227468,1.85342660845,0.791954745443,1.1183696843,0.96231810044,0.50408548083,0.544560874969,0.415438193275,2,1.359375,0.571280042621,2,0,0,0,0,0.0680166746833,37,32,32,0.864864864865,0,0.594594594595,0.0810810810811,0.189189189189,37,170,0.127627627628,1.32119965816,9.18918918919,17,6.53846153846,7.16797599605,0.780044446628,0.39666136725,8.47696047289,1.84498551469,0.782193958665,3.654977272,0.795495053318,0.416216216216,0.565783348517,0.428234555636,2,1.37138710474,0.593718235906,2,0.0862892600621,0.0738023305999,57,0.00733590733591,0.578267922094,37,32,32,0.864864864865,0,0.594594594595,0.108108108108,0.162162162162,-46,-0.0345345345345,-0.00312466616814,-2.48648648649,-4.6,0.538461538462,-1.03112305356,0.0778067965466,0.0866013071895,-1.85237615611,0.0756084069415,0.0169286933993,0.568145801299,0.266732255096,0.163463463463,-0.0141617664178,-0.00968318421269,0,0.0470627804188,0.0137731209718,0,0.0741191338919,0.0678296343542,50,0.00643500643501,-0.0429286591026,-0.135135135135,-0.135135135135,0.135135135135,167,3,49,1113,0.773148148148,0.997311827957,0.00268817204301,0.226851851852,0.982352941176,0.773148148148,0.865284974093,0.851101843192,0.770459976105,0.762557077626,127,173,0,0,0,0
485,WLNM_dir_neg,0.889739049083,0.549837853288,00:00:03,10,20,4,1232383528,threshold_sweep,0.8,0.976377952756,0.71676300578,0.826666666667,124,3,49,343,0.71676300578,0.991329479769,0.00867052023121,0.28323699422,0.976377952756,0.71676300578,0.826666666667,0.899807321773,0.585099550417,0.758513931889,0.776436945739,0.708092485549,216,43,173,0,216,0,43,0,173,37,216,0.162162162162,1.32432432432,11.6756756757,21.6,6,8.1990990496,0.702237650082,0.31006006006,10.329336629,1.76937710775,0.765265265265,3.0868314707,0.528762798222,0.252752752753,0.579945114934,0.437917739848,2,1.32432432432,0.579945114934,2,0.0121701261701,0.00597269624573,7,0.000900900900901,0.621196581197,37,37,37,1,0,0.72972972973,0.243243243243,0.027027027027,37,0.0322822822823,1.31081081081,2.32432432432,4.3,1.72,1.97278784766,0.848757562367,0.445003142678,2.15398227468,1.85342660845,0.791954745443,1.1183696843,0.96231810044,0.50408548083,0.544560874969,0.415438193275,2,1.359375,0.571280042621,2,0,0,0,0,0.0680166746833,37,32,32,0.864864864865,0,0.594594594595,0.0810810810811,0.189189189189,37,170,0.127627627628,1.32119965816,9.18918918919,17,6.53846153846,7.16797599605,0.780044446628,0.39666136725,8.47696047289,1.84498551469,0.782193958665,3.654977272,0.795495053318,0.416216216216,0.565783348517,0.428234555636,2,1.37138710474,0.593718235906,2,0.0862892600621,0.0738023305999,57,0.00733590733591,0.578267922094,37,32,32,0.864864864865,0,0.594594594595,0.108108108108,0.162162162162,-46,-0.0345345345345,-0.00312466616814,-2.48648648649,-4.6,0.538461538462,-1.03112305356,0.0778067965466,0.0866013071895,-1.85237615611,0.0756084069415,0.0169286933993,0.568145801299,0.266732255096,0.163463463463,-0.0141617664178,-0.00968318421269,0,0.0470627804188,0.0137731209718,0,0.0741191338919,0.0678296343542,50,0.00643500643501,-0.0429286591026,-0.135135135135,-0.135135135135,0.135135135135,167,3,49,1113,0.773148148148,0.997311827957,0.00268817204301,0.226851851852,0.982352941176,0.773148148148,0.865284974093,0.851101843192,0.770459976105,0.762557077626,127,173,0,0,0,0
486,WLNM_dir_neg,0.889739049083,0.549837853288,00:00:03,10,20,4,1232383528,threshold_sweep,0.9,0.97619047619,0.71098265896,0.822742474916,123,3,50,343,0.71098265896,0.991329479769,0.00867052023121,0.28901734104,0.97619047619,0.71098265896,0.822742474916,0.897880539499,0.585741811175,0.753488372093,0.772164316538,0.702312138728,216,43,173,0,216,0,43,0,173,37,216,0.162162162162,1.32432432432,11.6756756757,21.6,6,8.1990990496,0.702237650082,0.31006006006,10.329336629,1.76937710775,0.765265265265,3.0868314707,0.528762798222,0.252752752753,0.579945114934,0.437917739848,2,1.32432432432,0.579945114934,2,0.0121701261701,0.00597269624573,7,0.000900900900901,0.621196581197,37,37,37,1,0,0.72972972973,0.243243243243,0.027027027027,37,0.0322822822823,1.31081081081,2.32432432432,4.3,1.72,1.97278784766,0.848757562367,0.445003142678,2.15398227468,1.85342660845,0.791954745443,1.1183696843,0.96231810044,0.50408548083,0.544560874969,0.415438193275,2,1.359375,0.571280042621,2,0,0,0,0,0.0680166746833,37,32,32,0.864864864865,0,0.594594594595,0.0810810810811,0.189189189189,37,169,0.126876876877,1.32119965816,9.13513513514,16.9,6.5,7.13427627008,0.780971070986,0.398368782984,8.42793153923,1.8451684435,0.782664321126,3.63272579432,0.795330499348,0.41835918759,0.565783348517,0.428234555636,2,1.37138710474,0.593718235906,2,0.0874413337948,0.0746398952423,57,0.00733590733591,0.570894812112,37,32,32,0.864864864865,0,0.594594594595,0.108108108108,0.162162162162,-47,-0.0352852852853,-0.00312466616814,-2.54054054054,-4.7,0.5,-1.06482277952,0.0787334209038,0.0883087229241,-1.90140508976,0.0757913357558,0.0173990558606,0.545894323613,0.266567701125,0.165606434837,-0.0141617664178,-0.00968318421269,0,0.0470627804188,0.0137731209718,0,0.0752712076246,0.0686671989965,50,0.00643500643501,-0.0503017690844,-0.135135135135,-0.135135135135,0.135135135135,166,3,50,1113,0.768518518519,0.997311827957,0.00268817204301,0.231481481481,0.98224852071,0.768518518519,0.862337662338,0.848122011566,0.765830346476,0.75799086758,126,173,0,0,0,0
487,WLNM_dir_neg,0.972735473955,0.4836512495,00:00:03,10,20,5,1232383529,threshold_sweep,0.1,0.898203592814,0.867052023121,0.882352941176,150,17,23,329,0.867052023121,0.950867052023,0.0491329479769,0.132947976879,0.898203592814,0.867052023121,0.882352941176,0.922928709056,0.559409120103,0.825072886297,0.825357059698,0.817919075145,216,43,173,0,216,0,43,0,173,37,216,0.162162162162,1.32432432432,11.6756756757,21.6,6,8.1990990496,0.702237650082,0.31006006006,10.329336629,1.76937710775,0.765265265265,3.0868314707,0.528762798222,0.252752752753,0.579945114934,0.437917739848,2,1.32432432432,0.579945114934,2,0.0121701261701,0.00597269624573,7,0.000900900900901,0.621196581197,37,37,37,1,0,0.72972972973,0.243243243243,0.027027027027,37,0.0322822822823,1.31081081081,2.32432432432,4.3,1.72,2.0007506099,0.860788053095,0.438089252043,2.21752506579,1.90810296359,0.802011313639,1.04119358627,0.895910760276,0.485229415462,0.544560874969,0.415438193275,2,1.359375,0.571280042621,2,0,0,0,0,0.0566067882735,37,32,32,0.864864864865,0,0.594594594595,0.0810810810811,0.189189189189,37,210,0.157657657658,1.35624392279,11.3513513514,21,5.83333333333,8.8794901512,0.782240799035,0.381595881596,10.0776266332,1.77558183538,0.776576576577,2.6146388539,0.460674464735,0.241698841699,0.635211158773,0.468360556754,2.21810251433,1.36613958731,0.641322757642,2.21810251433,0.29086557486,0.189691339527,211,0.0271557271557,0.516467204479,37,36,36,0.972972972973,0,0.702702702703,0.27027027027,0,-6,-0.0045045045045,0.0319195984674,-0.324324324324,-0.6,-0.166666666667,0.6803911016,0.0800031489529,0.0715358215358,-0.251709995781,0.0062047276313,0.0113113113113,-0.472192616802,-0.0680883334872,-0.0110539110539,0.055266043839,0.0304428169059,0.218102514329,0.0418152629894,0.0613776427072,0.218102514329,0.27869544869,0.183718643281,204,0.0262548262548,-0.104729376718,-0.027027027027,0.027027027027,-0.027027027027,193,17,23,1099,0.893518518519,0.98476702509,0.0152329749104,0.106481481481,0.919047619048,0.893518518519,0.906103286385,0.888359255503,0.878285543608,0.828326180258,167,173,0,0,0,0
488,WLNM_dir_neg,0.972735473955,0.4836512495,00:00:03,10,20,5,1232383529,threshold_sweep,0.2,0.906832298137,0.843930635838,0.874251497006,146,15,27,331,0.843930635838,0.956647398844,0.0433526011561,0.156069364162,0.906832298137,0.843930635838,0.874251497006,0.919075144509,0.56326268465,0.814705882353,0.815850003802,0.800578034682,216,43,173,0,216,0,43,0,173,37,216,0.162162162162,1.32432432432,11.6756756757,21.6,6,8.1990990496,0.702237650082,0.31006006006,10.329336629,1.76937710775,0.765265265265,3.0868314707,0.528762798222,0.252752752753,0.579945114934,0.437917739848,2,1.32432432432,0.579945114934,2,0.0121701261701,0.00597269624573,7,0.000900900900901,0.621196581197,37,37,37,1,0,0.72972972973,0.243243243243,0.027027027027,37,0.0322822822823,1.31081081081,2.32432432432,4.3,1.72,2.0007506099,0.860788053095,0.438089252043,2.21752506579,1.90810296359,0.802011313639,1.04119358627,0.895910760276,0.485229415462,0.544560874969,0.415438193275,2,1.359375,0.571280042621,2,0,0,0,0,0.0566067882735,37,32,32,0.864864864865,0,0.594594594595,0.0810810810811,0.189189189189,37,204,0.153153153153,1.35197022608,11.027027027,20.4,5.66666666667,8.64255134169,0.783760783437,0.385135135135,9.72002978282,1.76294657826,0.772655007949,2.79505139708,0.506945596529,0.266560678325,0.628311500315,0.464737675573,2.20228983651,1.36174717681,0.634363304104,2.20228983651,0.254038227433,0.193157076205,207,0.0266409266409,0.526829862956,37,36,36,0.972972972973,0,0.702702702703,0.27027027027,0,-12,-0.00900900900901,0.02764590176,-0.648648648649,-1.2,-0.333333333333,0.443452292082,0.0815231333554,0.0750750750751,-0.609306846176,-0.00643052948809,0.00738974268386,-0.291780073625,-0.0218172016934,0.0138079255726,0.0483663853801,0.0268199357247,0.202289836512,0.0374228524846,0.0544181891696,0.202289836512,0.241868101263,0.18718437996,200,0.02574002574,-0.0943667182403,-0.027027027027,0.027027027027,-0.027027027027,189,15,27,1101,0.875,0.986559139785,0.0134408602151,0.125,0.926470588235,0.875,0.9,0.881808809674,0.861559139785,0.818181818182,161,173,0,0,0,0
489,WLNM_dir_neg,0.972735473955,0.4836512495,00:00:03,10,20,5,1232383529,threshold_sweep,0.3,0.90625,0.838150289017,0.870870870871,145,15,28,331,0.838150289017,0.956647398844,0.0433526011561,0.161849710983,0.90625,0.838150289017,0.870870870871,0.917148362235,0.563904945408,0.810014727541,0.811354184566,0.794797687861,216,43,173,0,216,0,43,0,173,37,216,0.162162162162,1.32432432432,11.6756756757,21.6,6,8.1990990496,0.702237650082,0.31006006006,10.329336629,1.76937710775,0.765265265265,3.0868314707,0.528762798222,0.252752752753,0.579945114934,0.437917739848,2,1.32432432432,0.579945114934,2,0.0121701261701,0.00597269624573,7,0.000900900900901,0.621196581197,37,37,37,1,0,0.72972972973,0.243243243243,0.027027027027,37,0.0322822822823,1.31081081081,2.32432432432,4.3,1.72,2.0007506099,0.860788053095,0.438089252043,2.21752506579,1.90810296359,0.802011313639,1.04119358627,0.895910760276,0.485229415462,0.544560874969,0.415438193275,2,1.359375,0.571280042621,2,0,0,0,0,0.0566067882735,37,32,32,0.864864864865,0,0.594594594595,0.0810810810811,0.189189189189,37,203,0.152402402402,1.35197022608,10.972972973,20.3,5.63888888889,8.61680040672,0.785274913913,0.386766076421,9.68280727665,1.76484664648,0.773532152842,2.77510381809,0.50580709985,0.267607508987,0.628311500315,0.464737675573,2.20228983651,1.36174717681,0.634363304104,2.20228983651,0.254432549753,0.193032015066,205,0.0263835263835,0.52027550874,37,36,36,0.972972972973,0,0.702702702703,0.27027027027,0,-13,-0.00975975975976,0.02764590176,-0.702702702703,-1.3,-0.361111111111,0.417701357115,0.083037263831,0.0767060163612,-0.646529352349,-0.00453046126222,0.00826688757723,-0.31172765261,-0.0229556983728,0.0148547562341,0.0483663853801,0.0268199357247,0.202289836512,0.0374228524846,0.0544181891696,0.202289836512,0.242262423583,0.18705931882,198,0.0254826254826,-0.100921072457,-0.027027027027,0.027027027027,-0.027027027027,188,15,28,1101,0.87037037037,0.986559139785,0.0134408602151,0.12962962963,0.926108374384,0.87037037037,0.897374701671,0.878838515626,0.856929510155,0.813852813853,160,173,0,0,0,0
490,WLNM_dir_neg,0.972735473955,0.4836512495,00:00:03,10,20,5,1232383529,threshold_sweep,0.4,0.90780141844,0.739884393064,0.815286624204,128,13,45,333,0.739884393064,0.962427745665,0.0375722543353,0.260115606936,0.90780141844,0.739884393064,0.815286624204,0.888246628131,0.576107899807,0.736363636364,0.744279092667,0.702312138728,216,43,173,0,216,0,43,0,173,37,216,0.162162162162,1.32432432432,11.6756756757,21.6,6,8.1990990496,0.702237650082,0.31006006006,10.329336629,1.76937710775,0.765265265265,3.0868314707,0.528762798222,0.252752752753,0.579945114934,0.437917739848,2,1.32432432432,0.579945114934,2,0.0121701261701,0.00597269624573,7,0.000900900900901,0.621196581197,37,37,37,1,0,0.72972972973,0.243243243243,0.027027027027,37,0.0322822822823,1.31081081081,2.32432432432,4.3,1.72,2.0007506099,0.860788053095,0.438089252043,2.21752506579,1.90810296359,0.802011313639,1.04119358627,0.895910760276,0.485229415462,0.544560874969,0.415438193275,2,1.359375,0.571280042621,2,0,0,0,0,0.0566067882735,37,32,32,0.864864864865,0,0.594594594595,0.0810810810811,0.189189189189,37,184,0.138138138138,1.35045413415,9.94594594595,18.4,5.11111111111,8.12727214707,0.817144210439,0.405258519389,8.88971467636,1.78760566862,0.779083431257,2.71299840773,0.545548592859,0.298472385429,0.626107060253,0.463627045466,2.19668029636,1.36018897121,0.632142210906,2.19668029636,0.277842698572,0.185171658145,169,0.0217503217503,0.462261861938,37,36,36,0.972972972973,0,0.702702702703,0.27027027027,0,-32,-0.024024024024,0.0261298098261,-1.72972972973,-3.2,-0.888888888889,-0.0718269025337,0.114906560357,0.0951984593289,-1.43962195264,0.0182285608698,0.0138181659921,-0.373833062971,0.0167857946369,0.0457196326762,0.0461619453187,0.0257093056173,0.196680296357,0.0358646468858,0.0521970959716,0.196680296357,0.265672572402,0.179198961899,162,0.0208494208494,-0.158934719259,-0.027027027027,0.027027027027,-0.027027027027,171,13,45,1103,0.791666666667,0.98835125448,0.0116487455197,0.208333333333,0.929347826087,0.791666666667,0.855,0.833266070323,0.780017921147,0.74672489083,141,173,0,0,0,0
491,WLNM_dir_neg,0.972735473955,0.4836512495,00:00:03,10,20,5,1232383529,threshold_sweep,0.5,0.914285714286,0.739884393064,0.817891373802,128,12,45,334,0.739884393064,0.965317919075,0.0346820809249,0.260115606936,0.914285714286,0.739884393064,0.817891373802,0.890173410405,0.576750160565,0.740515933232,0.749016191033,0.705202312139,216,43,173,0,216,0,43,0,173,37,216,0.162162162162,1.32432432432,11.6756756757,21.6,6,8.1990990496,0.702237650082,0.31006006006,10.329336629,1.76937710775,0.765265265265,3.0868314707,0.528762798222,0.252752752753,0.579945114934,0.437917739848,2,1.32432432432,0.579945114934,2,0.0121701261701,0.00597269624573,7,0.000900900900901,0.621196581197,37,37,37,1,0,0.72972972973,0.243243243243,0.027027027027,37,0.0322822822823,1.31081081081,2.32432432432,4.3,1.72,2.0007506099,0.860788053095,0.438089252043,2.21752506579,1.90810296359,0.802011313639,1.04119358627,0.895910760276,0.485229415462,0.544560874969,0.415438193275,2,1.359375,0.571280042621,2,0,0,0,0,0.0566067882735,37,32,32,0.864864864865,0,0.594594594595,0.0810810810811,0.189189189189,37,183,0.137387387387,1.34731362777,9.89189189189,18.3,5.08333333333,8.07872302816,0.816701508312,0.404076207355,8.8755154653,1.79450312686,0.780386944321,2.72790055564,0.551542735293,0.301580268793,0.620977365233,0.460900381642,2.18506042277,1.35696122855,0.626967451274,2.18506042277,0.265058708369,0.177449168207,160,0.020592020592,0.460765598095,37,36,36,0.972972972973,0,0.702702702703,0.27027027027,0,-33,-0.0247747747748,0.0229893034502,-1.78378378378,-3.3,-0.916666666667,-0.120376021442,0.11446385823,0.0940161472948,-1.4538211637,0.0251260191186,0.0151216790561,-0.358930915068,0.0227799370702,0.0488275160406,0.0410322502986,0.0229826417938,0.185060422766,0.0326369042217,0.0470223363393,0.185060422766,0.252888582199,0.171476471961,153,0.0196911196911,-0.160430983102,-0.027027027027,0.027027027027,-0.027027027027,171,12,45,1104,0.791666666667,0.989247311828,0.010752688172,0.208333333333,0.934426229508,0.791666666667,0.857142857143,0.836135399394,0.780913978495,0.75,140,173,0,0,0,0
492,WLNM_dir_neg,0.972735473955,0.4836512495,00:00:03,10,20,5,1232383529,threshold_sweep,0.6,0.913669064748,0.734104046243,0.814102564103,127,12,46,334,0.734104046243,0.965317919075,0.0346820809249,0.265895953757,0.913669064748,0.734104046243,0.814102564103,0.888246628131,0.577392421323,0.73556231003,0.744562518148,0.699421965318,216,43,173,0,216,0,43,0,173,37,216,0.162162162162,1.32432432432,11.6756756757,21.6,6,8.1990990496,0.702237650082,0.31006006006,10.329336629,1.76937710775,0.765265265265,3.0868314707,0.528762798222,0.252752752753,0.579945114934,0.437917739848,2,1.32432432432,0.579945114934,2,0.0121701261701,0.00597269624573,7,0.000900900900901,0.621196581197,37,37,37,1,0,0.72972972973,0.243243243243,0.027027027027,37,0.0322822822823,1.31081081081,2.32432432432,4.3,1.72,2.0007506099,0.860788053095,0.438089252043,2.21752506579,1.90810296359,0.802011313639,1.04119358627,0.895910760276,0.485229415462,0.544560874969,0.415438193275,2,1.359375,0.571280042621,2,0,0,0,0,0.0566067882735,37,32,32,0.864864864865,0,0.594594594595,0.0810810810811,0.189189189189,37,182,0.136636636637,1.34731362777,9.83783783784,18.2,5.05555555556,8.05023641307,0.818293261768,0.404217404217,8.83609509776,1.79634900339,0.781110781111,2.70162891582,0.549232252117,0.299673299673,0.620977365233,0.460900381642,2.18506042277,1.35696122855,0.626967451274,2.18506042277,0.266657059084,0.178117998506,159,0.0204633204633,0.453849866126,37,36,36,0.972972972973,0,0.702702702703,0.27027027027,0,-34,-0.0255255255255,0.0229893034502,-1.83783783784,-3.4,-0.944444444444,-0.148862636535,0.116055611686,0.0941573441573,-1.49324153124,0.0269718956445,0.0158455158455,-0.385202554883,0.020469453895,0.0469205469205,0.0410322502986,0.0229826417938,0.185060422766,0.0326369042217,0.0470223363393,0.185060422766,0.254486932914,0.172145302261,152,0.0195624195624,-0.16734671507,-0.027027027027,0.027027027027,-0.027027027027,170,12,46,1104,0.787037037037,0.989247311828,0.010752688172,0.212962962963,0.934065934066,0.787037037037,0.854271356784,0.833096267828,0.776284348865,0.745614035088,139,173,0,0,0,0
493,WLNM_dir_neg,0.972735473955,0.4836512495,00:00:03,10,20,5,1232383529,threshold_sweep,0.7,0.931818181818,0.71098265896,0.806557377049,123,9,50,337,0.71098265896,0.973988439306,0.0260115606936,0.28901734104,0.931818181818,0.71098265896,0.806557377049,0.886319845857,0.581888246628,0.728110599078,0.741465417581,0.684971098266,216,43,173,0,216,0,43,0,173,37,216,0.162162162162,1.32432432432,11.6756756757,21.6,6,8.1990990496,0.702237650082,0.31006006006,10.329336629,1.76937710775,0.765265265265,3.0868314707,0.528762798222,0.252752752753,0.579945114934,0.437917739848,2,1.32432432432,0.579945114934,2,0.0121701261701,0.00597269624573,7,0.000900900900901,0.621196581197,37,37,37,1,0,0.72972972973,0.243243243243,0.027027027027,37,0.0322822822823,1.31081081081,2.32432432432,4.3,1.72,2.0007506099,0.860788053095,0.438089252043,2.21752506579,1.90810296359,0.802011313639,1.04119358627,0.895910760276,0.485229415462,0.544560874969,0.415438193275,2,1.359375,0.571280042621,2,0,0,0,0,0.0566067882735,37,32,32,0.864864864865,0,0.594594594595,0.0810810810811,0.189189189189,37,175,0.131381381381,1.33962570289,9.45945945946,17.5,5.46875,7.74451273338,0.818705631814,0.40694980695,8.43158298255,1.78267754488,0.777451737452,2.95943546276,0.625709212127,0.340386100386,0.609037612462,0.454632671759,2.15661510069,1.39269221897,0.639720791609,2.15661510069,0.251815556501,0.175914994097,149,0.0191763191763,0.484013192144,37,32,32,0.864864864865,0,0.594594594595,0.27027027027,0,-41,-0.0307807807808,0.0153013785647,-2.21621621622,-4.1,-0.53125,-0.454586316225,0.116467981733,0.0968897468897,-1.89775364645,0.0133004371362,0.0121864721865,-0.127396007941,0.0969464139046,0.0876333476333,0.0290924975275,0.0167149319109,0.156615100689,0.0683678946411,0.0597756766748,0.156615100689,0.239645430331,0.169942297851,142,0.0182754182754,-0.137183389053,-0.135135135135,0.027027027027,-0.027027027027,166,9,50,1107,0.768518518519,0.991935483871,0.00806451612903,0.231481481481,0.948571428571,0.768518518519,0.849104859335,0.829748009137,0.760454002389,0.737777777778,132,173,0,0,0,0
494,WLNM_dir_neg,0.972735473955,0.4836512495,00:00:03,10,20,5,1232383529,threshold_sweep,0.8,0.93893129771,0.71098265896,0.809210526316,123,8,50,338,0.71098265896,0.976878612717,0.0231213872832,0.28901734104,0.93893129771,0.71098265896,0.809210526316,0.888246628131,0.582530507386,0.732307692308,0.74646671728,0.687861271676,216,43,173,0,216,0,43,0,173,37,216,0.162162162162,1.32432432432,11.6756756757,21.6,6,8.1990990496,0.702237650082,0.31006006006,10.329336629,1.76937710775,0.765265265265,3.0868314707,0.528762798222,0.252752752753,0.579945114934,0.437917739848,2,1.32432432432,0.579945114934,2,0.0121701261701,0.00597269624573,7,0.000900900900901,0.621196581197,37,37,37,1,0,0.72972972973,0.243243243243,0.027027027027,37,0.0322822822823,1.31081081081,2.32432432432,4.3,1.72,2.0007506099,0.860788053095,0.438089252043,2.21752506579,1.90810296359,0.802011313639,1.04119358627,0.895910760276,0.485229415462,0.544560874969,0.415438193275,2,1.359375,0.571280042621,2,0,0,0,0,0.0566067882735,37,32,32,0.864864864865,0,0.594594594595,0.0810810810811,0.189189189189,37,174,0.130630630631,1.33591412614,9.40540540541,17.4,5.4375,7.69003489177,0.817618652286,0.405716060888,8.4191081108,1.79027011552,0.779123951538,2.97082914787,0.63172803719,0.343584964275,0.60326558188,0.451575120043,2.14288226673,1.38840070835,0.633706725174,2.14288226673,0.233558856056,0.166267942584,139,0.0178893178893,0.482871645812,37,32,32,0.864864864865,0,0.594594594595,0.27027027027,0,-42,-0.0315315315315,0.0115898018194,-2.27027027027,-4.2,-0.5625,-0.509064157835,0.115381002204,0.0956560008284,-1.9102285182,0.0208930077702,0.0138586862725,-0.116002322835,0.102965238968,0.0908322115219,0.023320466946,0.0136573801945,0.142882266732,0.0640763840294,0.0537616102391,0.142882266732,0.221388729886,0.160295246338,132,0.0169884169884,-0.138324935385,-0.135135135135,0.027027027027,-0.027027027027,166,8,50,1108,0.768518518519,0.992831541219,0.00716845878136,0.231481481481,0.954022988506,0.768518518519,0.851282051282,0.832749643012,0.761350059737,0.741071428571,131,173,0,0,0,0
495,WLNM_dir_neg,0.972735473955,0.4836512495,00:00:03,10,20,5,1232383529,threshold_sweep,0.9,0.946153846154,0.71098265896,0.811881188119,123,7,50,339,0.71098265896,0.979768786127,0.0202312138728,0.28901734104,0.946153846154,0.71098265896,0.811881188119,0.890173410405,0.583172768144,0.736517719569,0.751512876615,0.690751445087,216,43,173,0,216,0,43,0,173,37,216,0.162162162162,1.32432432432,11.6756756757,21.6,6,8.1990990496,0.702237650082,0.31006006006,10.329336629,1.76937710775,0.765265265265,3.0868314707,0.528762798222,0.252752752753,0.579945114934,0.437917739848,2,1.32432432432,0.579945114934,2,0.0121701261701,0.00597269624573,7,0.000900900900901,0.621196581197,37,37,37,1,0,0.72972972973,0.243243243243,0.027027027027,37,0.0322822822823,1.31081081081,2.32432432432,4.3,1.72,2.0007506099,0.860788053095,0.438089252043,2.21752506579,1.90810296359,0.802011313639,1.04119358627,0.895910760276,0.485229415462,0.544560874969,0.415438193275,2,1.359375,0.571280042621,2,0,0,0,0,0.0566067882735,37,32,32,0.864864864865,0,0.594594594595,0.0810810810811,0.189189189189,37,173,0.12987987988,1.33452778621,9.35135135135,17.3,5.40625,7.59830469475,0.812535473138,0.403530698328,8.36013707375,1.78800619496,0.778315888142,2.9912284178,0.63974249398,0.347758162787,0.601073023455,0.450401280261,2.13775280899,1.38679775281,0.631419881851,2.13775280899,0.201411821804,0.146044624746,120,0.015444015444,0.486865361514,37,32,32,0.864864864865,0,0.594594594595,0.27027027027,0,-43,-0.0322822822823,0.0102034618889,-2.32432432432,-4.3,-0.59375,-0.600794354856,0.110297823056,0.0934706382683,-1.96919955525,0.0186290872186,0.0130506228772,-0.0956030529051,0.110979695758,0.0950054100343,0.0211279085205,0.012483540413,0.137752808989,0.0624734284847,0.0514747669169,0.137752808989,0.189241695634,0.140071928501,113,0.0145431145431,-0.134331219683,-0.135135135135,0.027027027027,-0.027027027027,166,7,50,1109,0.768518518519,0.993727598566,0.00627240143369,0.231481481481,0.959537572254,0.768518518519,0.853470437018,0.835775092041,0.762246117085,0.744394618834,130,173,0,0,0,0
496,WLNM_dir_neg,0.945646363059,0.683586860098,00:00:03,10,20,6,1232383530,threshold_sweep,0.1,0.935185185185,0.583815028902,0.718861209964,101,7,72,339,0.583815028902,0.979768786127,0.0202312138728,0.416184971098,0.935185185185,0.583815028902,0.718861209964,0.847784200385,0.597302504817,0.622009569378,0.654465601108,0.563583815029,216,43,173,0,216,0,43,0,173,37,216,0.162162162162,1.32432432432,11.6756756757,21.6,6,8.1990990496,0.702237650082,0.31006006006,10.329336629,1.76937710775,0.765265265265,3.0868314707,0.528762798222,0.252752752753,0.579945114934,0.437917739848,2,1.32432432432,0.579945114934,2,0.0121701261701,0.00597269624573,7,0.000900900900901,0.621196581197,37,37,37,1,0,0.72972972973,0.243243243243,0.027027027027,37,0.0322822822823,1.27027027027,2.32432432432,4.77777777778,1.95454545455,2.18649966402,0.940703343825,0.502199874293,2.23001636159,1.91885128788,0.800754242615,1.30199661873,1.12032267193,0.5795097423,0.508191163105,0.400065383721,2,1.35714285714,0.558721139898,2,0,0,0,0,0.107874378708,37,28,28,0.756756756757,0,0.513513513514,0.0810810810811,0.162162162162,37,151,0.113363363363,1.27997997998,8.16216216216,16.7777777778,4.71875,7.20151802482,0.882305188472,0.441202792196,8.0532201233,1.97330559313,0.806515124396,3.23503716601,0.792691226108,0.422767137999,0.525901138047,0.410866690318,2.04953703704,1.30468409586,0.542180667384,2.04953703704,0.227835341638,0.175682382134,118,0.0151866151866,0.543779187752,37,34,34,0.918918918919,0,0.675675675676,0.189189189189,0.0540540540541,-65,-0.0487987987988,-0.0443443443443,-3.51351351351,-4.82222222222,-1.28125,-0.997581024781,0.18006753839,0.131142732136,-2.2761165057,0.203928485382,0.0412498591307,0.148205695306,0.263928427886,0.170014385246,-0.0540439768873,-0.0270510495309,0.049537037037,-0.0196402284638,-0.0377644475507,0.049537037037,0.215665215468,0.169709685888,111,0.0142857142857,-0.0774173934443,-0.0540540540541,-0.0540540540541,0.027027027027,144,7,72,1109,0.666666666667,0.993727598566,0.00627240143369,0.333333333333,0.953642384106,0.666666666667,0.784741144414,0.767801301015,0.660394265233,0.645739910314,108,173,0,0,0,0
497,WLNM_dir_neg,0.945646363059,0.683586860098,00:00:03,10,20,6,1232383530,threshold_sweep,0.2,0.933962264151,0.57225433526,0.709677419355,99,7,74,339,0.57225433526,0.979768786127,0.0202312138728,0.42774566474,0.933962264151,0.57225433526,0.709677419355,0.843930635838,0.598587026333,0.6112,0.645491326427,0.552023121387,216,43,173,0,216,0,43,0,173,37,216,0.162162162162,1.32432432432,11.6756756757,21.6,6,8.1990990496,0.702237650082,0.31006006006,10.329336629,1.76937710775,0.765265265265,3.0868314707,0.528762798222,0.252752752753,0.579945114934,0.437917739848,2,1.32432432432,0.579945114934,2,0.0121701261701,0.00597269624573,7,0.000900900900901,0.621196581197,37,37,37,1,0,0.72972972973,0.243243243243,0.027027027027,37,0.0322822822823,1.27027027027,2.32432432432,4.77777777778,1.95454545455,2.18649966402,0.940703343825,0.502199874293,2.23001636159,1.91885128788,0.800754242615,1.30199661873,1.12032267193,0.5795097423,0.508191163105,0.400065383721,2,1.35714285714,0.558721139898,2,0,0,0,0,0.107874378708,37,28,28,0.756756756757,0,0.513513513514,0.0810810810811,0.162162162162,37,149,0.111861861862,1.28016503899,8.05405405405,16.5555555556,4.65625,7.12953927897,0.885211252758,0.444585525122,7.95992213281,1.97662495915,0.808271358607,3.19275644134,0.792832136439,0.426627970252,0.526207054759,0.411046262578,2.04961484594,1.30488548361,0.542494919988,2.04961484594,0.22766944951,0.173957273652,114,0.0146718146718,0.529340736429,37,34,34,0.918918918919,0,0.675675675676,0.189189189189,0.0540540540541,-67,-0.0503003003003,-0.0441592853358,-3.62162162162,-5.04444444444,-1.34375,-1.06955977064,0.182973602676,0.134525465062,-2.36941449619,0.207247851408,0.0430060933417,0.105924970632,0.264069338217,0.173875217499,-0.0537380601755,-0.0268714772707,0.0496148459384,-0.0194388407191,-0.0374501949469,0.0496148459384,0.21549932334,0.167984577406,107,0.0137709137709,-0.0918558447676,-0.0540540540541,-0.0540540540541,0.027027027027,142,7,74,1109,0.657407407407,0.993727598566,0.00627240143369,0.342592592593,0.953020134228,0.657407407407,0.778082191781,0.761455469674,0.651135005974,0.636771300448,106,173,0,0,0,0
498,WLNM_dir_neg,0.945646363059,0.683586860098,00:00:03,10,20,6,1232383530,threshold_sweep,0.3,0.932692307692,0.560693641618,0.70036101083,97,7,76,339,0.560693641618,0.979768786127,0.0202312138728,0.439306358382,0.932692307692,0.560693641618,0.70036101083,0.840077071291,0.599871547848,0.600321027287,0.636481654981,0.540462427746,216,43,173,0,216,0,43,0,173,37,216,0.162162162162,1.32432432432,11.6756756757,21.6,6,8.1990990496,0.702237650082,0.31006006006,10.329336629,1.76937710775,0.765265265265,3.0868314707,0.528762798222,0.252752752753,0.579945114934,0.437917739848,2,1.32432432432,0.579945114934,2,0.0121701261701,0.00597269624573,7,0.000900900900901,0.621196581197,37,37,37,1,0,0.72972972973,0.243243243243,0.027027027027,37,0.0322822822823,1.27027027027,2.32432432432,4.77777777778,1.95454545455,2.18649966402,0.940703343825,0.502199874293,2.23001636159,1.91885128788,0.800754242615,1.30199661873,1.12032267193,0.5795097423,0.508191163105,0.400065383721,2,1.35714285714,0.558721139898,2,0,0,0,0,0.107874378708,37,28,28,0.756756756757,0,0.513513513514,0.0810810810811,0.162162162162,37,147,0.11036036036,1.28016503899,7.94594594595,16.3333333333,4.59375,7.05118566053,0.88739411374,0.445302445302,7.86513574965,1.97966001862,0.809339952197,3.14012107416,0.790370610502,0.425813568671,0.526207054759,0.411046262578,2.04961484594,1.30488548361,0.542494919988,2.04961484594,0.229216786533,0.175365344468,112,0.0144144144144,0.512367435379,37,34,34,0.918918918919,0,0.675675675676,0.189189189189,0.0540540540541,-69,-0.0518018018018,-0.0441592853358,-3.72972972973,-5.26666666667,-1.40625,-1.14791338908,0.185156463658,0.135242385242,-2.46420087935,0.210282910873,0.0440746869318,0.0532896034523,0.261607812279,0.173060815918,-0.0537380601755,-0.0268714772707,0.0496148459384,-0.0194388407191,-0.0374501949469,0.0496148459384,0.217046660363,0.169392648222,105,0.0135135135135,-0.108829145818,-0.0540540540541,-0.0540540540541,0.027027027027,140,7,76,1109,0.648148148148,0.993727598566,0.00627240143369,0.351851851852,0.952380952381,0.648148148148,0.771349862259,0.755078486258,0.641875746714,0.627802690583,104,173,0,0,0,0
499,WLNM_dir_neg,0.945646363059,0.683586860098,00:00:03,10,20,6,1232383530,threshold_sweep,0.4,0.932692307692,0.560693641618,0.70036101083,97,7,76,339,0.560693641618,0.979768786127,0.0202312138728,0.439306358382,0.932692307692,0.560693641618,0.70036101083,0.840077071291,0.599871547848,0.600321027287,0.636481654981,0.540462427746,216,43,173,0,216,0,43,0,173,37,216,0.162162162162,1.32432432432,11.6756756757,21.6,6,8.1990990496,0.702237650082,0.31006006006,10.329336629,1.76937710775,0.765265265265,3.0868314707,0.528762798222,0.252752752753,0.579945114934,0.437917739848,2,1.32432432432,0.579945114934,2,0.0121701261701,0.00597269624573,7,0.000900900900901,0.621196581197,37,37,37,1,0,0.72972972973,0.243243243243,0.027027027027,37,0.0322822822823,1.27027027027,2.32432432432,4.77777777778,1.95454545455,2.18649966402,0.940703343825,0.502199874293,2.23001636159,1.91885128788,0.800754242615,1.30199661873,1.12032267193,0.5795097423,0.508191163105,0.400065383721,2,1.35714285714,0.558721139898,2,0,0,0,0,0.107874378708,37,28,28,0.756756756757,0,0.513513513514,0.0810810810811,0.162162162162,37,147,0.11036036036,1.28016503899,7.94594594595,16.3333333333,4.59375,7.05118566053,0.88739411374,0.445302445302,7.86513574965,1.97966001862,0.809339952197,3.14012107416,0.790370610502,0.425813568671,0.526207054759,0.411046262578,2.04961484594,1.30488548361,0.542494919988,2.04961484594,0.229216786533,0.175365344468,112,0.0144144144144,0.512367435379,37,34,34,0.918918918919,0,0.675675675676,0.189189189189,0.0540540540541,-69,-0.0518018018018,-0.0441592853358,-3.72972972973,-5.26666666667,-1.40625,-1.14791338908,0.185156463658,0.135242385242,-2.46420087935,0.210282910873,0.0440746869318,0.0532896034523,0.261607812279,0.173060815918,-0.0537380601755,-0.0268714772707,0.0496148459384,-0.0194388407191,-0.0374501949469,0.0496148459384,0.217046660363,0.169392648222,105,0.0135135135135,-0.108829145818,-0.0540540540541,-0.0540540540541,0.027027027027,140,7,76,1109,0.648148148148,0.993727598566,0.00627240143369,0.351851851852,0.952380952381,0.648148148148,0.771349862259,0.755078486258,0.641875746714,0.627802690583,104,173,0,0,0,0
500,WLNM_dir_neg,0.945646363059,0.683586860098,00:00:03,10,20,6,1232383530,threshold_sweep,0.5,0.932692307692,0.560693641618,0.70036101083,97,7,76,339,0.560693641618,0.979768786127,0.0202312138728,0.439306358382,0.932692307692,0.560693641618,0.70036101083,0.840077071291,0.599871547848,0.600321027287,0.636481654981,0.540462427746,216,43,173,0,216,0,43,0,173,37,216,0.162162162162,1.32432432432,11.6756756757,21.6,6,8.1990990496,0.702237650082,0.31006006006,10.329336629,1.76937710775,0.765265265265,3.0868314707,0.528762798222,0.252752752753,0.579945114934,0.437917739848,2,1.32432432432,0.579945114934,2,0.0121701261701,0.00597269624573,7,0.000900900900901,0.621196581197,37,37,37,1,0,0.72972972973,0.243243243243,0.027027027027,37,0.0322822822823,1.27027027027,2.32432432432,4.77777777778,1.95454545455,2.18649966402,0.940703343825,0.502199874293,2.23001636159,1.91885128788,0.800754242615,1.30199661873,1.12032267193,0.5795097423,0.508191163105,0.400065383721,2,1.35714285714,0.558721139898,2,0,0,0,0,0.107874378708,37,28,28,0.756756756757,0,0.513513513514,0.0810810810811,0.162162162162,37,147,0.11036036036,1.28016503899,7.94594594595,16.3333333333,4.59375,7.05118566053,0.88739411374,0.445302445302,7.86513574965,1.97966001862,0.809339952197,3.14012107416,0.790370610502,0.425813568671,0.526207054759,0.411046262578,2.04961484594,1.30488548361,0.542494919988,2.04961484594,0.229216786533,0.175365344468,112,0.0144144144144,0.512367435379,37,34,34,0.918918918919,0,0.675675675676,0.189189189189,0.0540540540541,-69,-0.0518018018018,-0.0441592853358,-3.72972972973,-5.26666666667,-1.40625,-1.14791338908,0.185156463658,0.135242385242,-2.46420087935,0.210282910873,0.0440746869318,0.0532896034523,0.261607812279,0.173060815918,-0.0537380601755,-0.0268714772707,0.0496148459384,-0.0194388407191,-0.0374501949469,0.0496148459384,0.217046660363,0.169392648222,105,0.0135135135135,-0.108829145818,-0.0540540540541,-0.0540540540541,0.027027027027,140,7,76,1109,0.648148148148,0.993727598566,0.00627240143369,0.351851851852,0.952380952381,0.648148148148,0.771349862259,0.755078486258,0.641875746714,0.627802690583,104,173,0,0,0,0
501,WLNM_dir_neg,0.945646363059,0.683586860098,00:00:03,10,20,6,1232383530,threshold_sweep,0.6,0.932038834951,0.554913294798,0.695652173913,96,7,77,339,0.554913294798,0.979768786127,0.0202312138728,0.445086705202,0.932038834951,0.554913294798,0.695652173913,0.838150289017,0.600513808606,0.594855305466,0.631962710185,0.534682080925,216,43,173,0,216,0,43,0,173,37,216,0.162162162162,1.32432432432,11.6756756757,21.6,6,8.1990990496,0.702237650082,0.31006006006,10.329336629,1.76937710775,0.765265265265,3.0868314707,0.528762798222,0.252752752753,0.579945114934,0.437917739848,2,1.32432432432,0.579945114934,2,0.0121701261701,0.00597269624573,7,0.000900900900901,0.621196581197,37,37,37,1,0,0.72972972973,0.243243243243,0.027027027027,37,0.0322822822823,1.27027027027,2.32432432432,4.77777777778,1.95454545455,2.18649966402,0.940703343825,0.502199874293,2.23001636159,1.91885128788,0.800754242615,1.30199661873,1.12032267193,0.5795097423,0.508191163105,0.400065383721,2,1.35714285714,0.558721139898,2,0,0,0,0,0.107874378708,37,28,28,0.756756756757,0,0.513513513514,0.0810810810811,0.162162162162,37,146,0.10960960961,1.28016503899,7.89189189189,16.2222222222,4.5625,7.01103805828,0.88838495944,0.444465012958,7.81716752463,1.98106300282,0.80970011107,3.10864337994,0.787806883958,0.423176601259,0.526207054759,0.411046262578,2.04961484594,1.30488548361,0.542494919988,2.04961484594,0.230588614756,0.176097303014,111,0.0142857142857,0.502783849979,37,34,34,0.918918918919,0,0.675675675676,0.189189189189,0.0540540540541,-70,-0.0525525525526,-0.0441592853358,-3.78378378378,-5.37777777778,-1.4375,-1.18806099132,0.186147309358,0.134404952898,-2.51216910437,0.211685895072,0.0444348458047,0.0218119092391,0.259044085736,0.170423848506,-0.0537380601755,-0.0268714772707,0.0496148459384,-0.0194388407191,-0.0374501949469,0.0496148459384,0.218418488586,0.170124606769,104,0.0133848133848,-0.118412731218,-0.0540540540541,-0.0540540540541,0.027027027027,139,7,77,1109,0.643518518519,0.993727598566,0.00627240143369,0.356481481481,0.952054794521,0.643518518519,0.767955801105,0.751878036041,0.637246117085,0.62331838565,103,173,0,0,0,0
502,WLNM_dir_neg,0.945646363059,0.683586860098,00:00:03,10,20,6,1232383530,threshold_sweep,0.7,0.940594059406,0.549132947977,0.693430656934,95,6,78,340,0.549132947977,0.982658959538,0.0173410404624,0.450867052023,0.940594059406,0.549132947977,0.693430656934,0.838150289017,0.601798330122,0.593548387097,0.633219087229,0.531791907514,216,43,173,0,216,0,43,0,173,37,216,0.162162162162,1.32432432432,11.6756756757,21.6,6,8.1990990496,0.702237650082,0.31006006006,10.329336629,1.76937710775,0.765265265265,3.0868314707,0.528762798222,0.252752752753,0.579945114934,0.437917739848,2,1.32432432432,0.579945114934,2,0.0121701261701,0.00597269624573,7,0.000900900900901,0.621196581197,37,37,37,1,0,0.72972972973,0.243243243243,0.027027027027,37,0.0322822822823,1.27027027027,2.32432432432,4.77777777778,1.95454545455,2.18649966402,0.940703343825,0.502199874293,2.23001636159,1.91885128788,0.800754242615,1.30199661873,1.12032267193,0.5795097423,0.508191163105,0.400065383721,2,1.35714285714,0.558721139898,2,0,0,0,0,0.107874378708,37,28,28,0.756756756757,0,0.513513513514,0.0810810810811,0.162162162162,37,144,0.108108108108,1.27902902903,7.78378378378,16,4.5,6.8440368819,0.879268627189,0.442567567568,7.69120631986,1.97621273496,0.809684684685,3.0982412913,0.796075887347,0.427552552553,0.523802324452,0.409531224518,2.03910675381,1.30364923747,0.540008379507,2.03910675381,0.197365744543,0.15,91,0.0117117117117,0.495941312012,37,34,34,0.918918918919,0,0.675675675676,0.189189189189,0.0540540540541,-72,-0.0540540540541,-0.0452952952953,-3.89189189189,-5.6,-1.5,-1.3550621677,0.177030977107,0.132507507508,-2.63813030914,0.206835627219,0.0444194194194,0.0114098205932,0.267313089125,0.1747997998,-0.0561427904824,-0.0283865153307,0.0391067538126,-0.0206750868516,-0.0399367354272,0.0391067538126,0.185195618373,0.144027303754,84,0.0108108108108,-0.125255269184,-0.0540540540541,-0.0540540540541,0.027027027027,138,6,78,1110,0.638888888889,0.994623655914,0.00537634408602,0.361111111111,0.958333333333,0.638888888889,0.766666666667,0.752011921965,0.633512544803,0.621621621622,101,173,0,0,0,0
503,WLNM_dir_neg,0.945646363059,0.683586860098,00:00:03,10,20,6,1232383530,threshold_sweep,0.8,0.939393939394,0.537572254335,0.683823529412,93,6,80,340,0.537572254335,0.982658959538,0.0173410404624,0.462427745665,0.939393939394,0.537572254335,0.683823529412,0.83429672447,0.603082851638,0.582524271845,0.624187783932,0.520231213873,216,43,173,0,216,0,43,0,173,37,216,0.162162162162,1.32432432432,11.6756756757,21.6,6,8.1990990496,0.702237650082,0.31006006006,10.329336629,1.76937710775,0.765265265265,3.0868314707,0.528762798222,0.252752752753,0.579945114934,0.437917739848,2,1.32432432432,0.579945114934,2,0.0121701261701,0.00597269624573,7,0.000900900900901,0.621196581197,37,37,37,1,0,0.72972972973,0.243243243243,0.027027027027,37,0.0322822822823,1.27027027027,2.32432432432,4.77777777778,1.95454545455,2.18649966402,0.940703343825,0.502199874293,2.23001636159,1.91885128788,0.800754242615,1.30199661873,1.12032267193,0.5795097423,0.508191163105,0.400065383721,2,1.35714285714,0.558721139898,2,0,0,0,0,0.107874378708,37,28,28,0.756756756757,0,0.513513513514,0.0810810810811,0.162162162162,37,142,0.106606606607,1.27902902903,7.67567567568,15.7777777778,4.4375,6.78255136383,0.883642255147,0.44575561477,7.60669848633,1.98202707038,0.811572135516,3.05971597732,0.797249937752,0.430909783022,0.523802324452,0.409531224518,2.03910675381,1.30364923747,0.540008379507,2.03910675381,0.201411251635,0.150337837838,89,0.0114543114543,0.483348777435,37,34,34,0.918918918919,0,0.675675675676,0.189189189189,0.0540540540541,-74,-0.0555555555556,-0.0452952952953,-4,-5.82222222222,-1.5625,-1.41654768577,0.181404605065,0.13569555471,-2.72263814267,0.212649962635,0.0463068702505,-0.0271154933849,0.26848713953,0.17815703027,-0.0561427904824,-0.0283865153307,0.0391067538126,-0.0206750868516,-0.0399367354272,0.0391067538126,0.189241125465,0.144365141592,82,0.0105534105534,-0.137847803761,-0.0540540540541,-0.0540540540541,0.027027027027,136,6,80,1110,0.62962962963,0.994623655914,0.00537634408602,0.37037037037,0.957746478873,0.62962962963,0.759776536313,0.74559357476,0.624253285544,0.612612612613,99,173,0,0,0,0
504,WLNM_dir_neg,0.945646363059,0.683586860098,00:00:03,10,20,6,1232383530,threshold_sweep,0.9,0.944444444444,0.491329479769,0.6463878327,85,5,88,341,0.491329479769,0.985549132948,0.014450867052,0.508670520231,0.944444444444,0.491329479769,0.6463878327,0.820809248555,0.608863198459,0.541871921182,0.593771085995,0.476878612717,216,43,173,0,216,0,43,0,173,37,216,0.162162162162,1.32432432432,11.6756756757,21.6,6,8.1990990496,0.702237650082,0.31006006006,10.329336629,1.76937710775,0.765265265265,3.0868314707,0.528762798222,0.252752752753,0.579945114934,0.437917739848,2,1.32432432432,0.579945114934,2,0.0121701261701,0.00597269624573,7,0.000900900900901,0.621196581197,37,37,37,1,0,0.72972972973,0.243243243243,0.027027027027,37,0.0322822822823,1.27027027027,2.32432432432,4.77777777778,1.95454545455,2.18649966402,0.940703343825,0.502199874293,2.23001636159,1.91885128788,0.800754242615,1.30199661873,1.12032267193,0.5795097423,0.508191163105,0.400065383721,2,1.35714285714,0.558721139898,2,0,0,0,0,0.107874378708,37,28,28,0.756756756757,0,0.513513513514,0.0810810810811,0.162162162162,37,133,0.0998498498498,1.27891891892,7.18918918919,14.7777777778,5.32,6.35014364596,0.883290657521,0.459053038,6.98593610787,1.94345590971,0.804308067466,3.21851811535,0.895377220061,0.48486080065,0.523392817187,0.409246285628,2.03416666667,1.36857142857,0.575314006994,2.03416666667,0.172375792422,0.139444803099,72,0.00926640926641,0.503274801087,37,28,28,0.756756756757,0,0.513513513514,0.162162162162,0.0810810810811,-83,-0.0623123123123,-0.0454054054054,-4.48648648649,-6.82222222222,-0.68,-1.84895540364,0.181053007439,0.14899297794,-3.34340052113,0.174078801964,0.0390428022007,0.13168664465,0.366614421838,0.232108047898,-0.0565522977476,-0.0286714542206,0.0341666666667,0.0442471042471,-0.00463110794075,0.0341666666667,0.160205666252,0.133472106853,65,0.00836550836551,-0.11792178011,-0.216216216216,-0.0810810810811,0.0540540540541,128,5,88,1111,0.592592592593,0.995519713262,0.00448028673835,0.407407407407,0.962406015038,0.592592592593,0.733524355301,0.723075801516,0.588112305854,0.579185520362,90,173,0,0,0,0
505,WLNM_dir_neg,0.890758127569,0.845148583647,00:00:04,10,20,7,1232383531,threshold_sweep,0.1,0.961904761905,0.583815028902,0.726618705036,101,4,72,342,0.583815028902,0.988439306358,0.0115606936416,0.416184971098,0.961904761905,0.583815028902,0.726618705036,0.853564547206,0.599229287091,0.634615384615,0.671514465234,0.57225433526,216,43,173,0,216,0,43,0,173,37,216,0.162162162162,1.32432432432,11.6756756757,21.6,6,8.1990990496,0.702237650082,0.31006006006,10.329336629,1.76937710775,0.765265265265,3.0868314707,0.528762798222,0.252752752753,0.579945114934,0.437917739848,2,1.32432432432,0.579945114934,2,0.0121701261701,0.00597269624573,7,0.000900900900901,0.621196581197,37,37,37,1,0,0.72972972973,0.243243243243,0.027027027027,37,0.0322822822823,1.32432432432,2.32432432432,4.3,2.04761904762,2.17375831803,0.935221601945,0.477686989315,2.3394386021,2.01300530878,0.812067881835,1.21366097942,1.04431293578,0.558139534884,0.579945114934,0.437917739848,2,1.41379310345,0.627764820574,2,0,0,0,0,0.0771435354769,37,29,29,0.783783783784,0,0.513513513514,0.0540540540541,0.216216216216,37,148,0.111111111111,1.33263718264,8,14.8,6.72727272727,6.72474700061,0.840593375076,0.436449963477,7.57554545158,1.89388636289,0.788897005113,3.63623737155,0.909059342886,0.475164353543,0.59066197399,0.443227895549,2,1.42439916405,0.638926803674,2,0.0954868885903,0.0745945945946,46,0.00592020592021,0.53858256753,37,29,29,0.783783783784,0,0.513513513514,0.0810810810811,0.189189189189,-68,-0.0510510510511,0.00831285831286,-3.67567567568,-6.8,0.727272727273,-1.47435204899,0.138355724994,0.126389903417,-2.75379117742,0.124509255149,0.023631739848,0.549405900841,0.380296544664,0.22241160079,0.0107168590557,0.00531015570017,0,0.10007483973,0.0589816887396,0,0.0833167624202,0.0686218983489,39,0.00501930501931,-0.0826140136666,-0.216216216216,-0.162162162162,0.162162162162,144,4,72,1112,0.666666666667,0.996415770609,0.00358422939068,0.333333333333,0.972972972973,0.666666666667,0.791208791209,0.777713771048,0.663082437276,0.654545454545,105,173,0,0,0,0
506,WLNM_dir_neg,0.890758127569,0.845148583647,00:00:04,10,20,7,1232383531,threshold_sweep,0.2,0.961904761905,0.583815028902,0.726618705036,101,4,72,342,0.583815028902,0.988439306358,0.0115606936416,0.416184971098,0.961904761905,0.583815028902,0.726618705036,0.853564547206,0.599229287091,0.634615384615,0.671514465234,0.57225433526,216,43,173,0,216,0,43,0,173,37,216,0.162162162162,1.32432432432,11.6756756757,21.6,6,8.1990990496,0.702237650082,0.31006006006,10.329336629,1.76937710775,0.765265265265,3.0868314707,0.528762798222,0.252752752753,0.579945114934,0.437917739848,2,1.32432432432,0.579945114934,2,0.0121701261701,0.00597269624573,7,0.000900900900901,0.621196581197,37,37,37,1,0,0.72972972973,0.243243243243,0.027027027027,37,0.0322822822823,1.32432432432,2.32432432432,4.3,2.04761904762,2.17375831803,0.935221601945,0.477686989315,2.3394386021,2.01300530878,0.812067881835,1.21366097942,1.04431293578,0.558139534884,0.579945114934,0.437917739848,2,1.41379310345,0.627764820574,2,0,0,0,0,0.0771435354769,37,29,29,0.783783783784,0,0.513513513514,0.0540540540541,0.216216216216,37,148,0.111111111111,1.33263718264,8,14.8,6.72727272727,6.72474700061,0.840593375076,0.436449963477,7.57554545158,1.89388636289,0.788897005113,3.63623737155,0.909059342886,0.475164353543,0.59066197399,0.443227895549,2,1.42439916405,0.638926803674,2,0.0954868885903,0.0745945945946,46,0.00592020592021,0.53858256753,37,29,29,0.783783783784,0,0.513513513514,0.0810810810811,0.189189189189,-68,-0.0510510510511,0.00831285831286,-3.67567567568,-6.8,0.727272727273,-1.47435204899,0.138355724994,0.126389903417,-2.75379117742,0.124509255149,0.023631739848,0.549405900841,0.380296544664,0.22241160079,0.0107168590557,0.00531015570017,0,0.10007483973,0.0589816887396,0,0.0833167624202,0.0686218983489,39,0.00501930501931,-0.0826140136666,-0.216216216216,-0.162162162162,0.162162162162,144,4,72,1112,0.666666666667,0.996415770609,0.00358422939068,0.333333333333,0.972972972973,0.666666666667,0.791208791209,0.777713771048,0.663082437276,0.654545454545,105,173,0,0,0,0
507,WLNM_dir_neg,0.890758127569,0.845148583647,00:00:04,10,20,7,1232383531,threshold_sweep,0.3,0.971153846154,0.583815028902,0.729241877256,101,3,72,343,0.583815028902,0.991329479769,0.00867052023121,0.416184971098,0.971153846154,0.583815028902,0.729241877256,0.85549132948,0.599871547848,0.638844301766,0.677325397546,0.575144508671,216,43,173,0,216,0,43,0,173,37,216,0.162162162162,1.32432432432,11.6756756757,21.6,6,8.1990990496,0.702237650082,0.31006006006,10.329336629,1.76937710775,0.765265265265,3.0868314707,0.528762798222,0.252752752753,0.579945114934,0.437917739848,2,1.32432432432,0.579945114934,2,0.0121701261701,0.00597269624573,7,0.000900900900901,0.621196581197,37,37,37,1,0,0.72972972973,0.243243243243,0.027027027027,37,0.0322822822823,1.32432432432,2.32432432432,4.3,2.04761904762,2.17375831803,0.935221601945,0.477686989315,2.3394386021,2.01300530878,0.812067881835,1.21366097942,1.04431293578,0.558139534884,0.579945114934,0.437917739848,2,1.41379310345,0.627764820574,2,0,0,0,0,0.0771435354769,37,29,29,0.783783783784,0,0.513513513514,0.0540540540541,0.216216216216,37,147,0.11036036036,1.32972250325,7.94594594595,14.7,7,6.70798009814,0.844201576976,0.438867438867,7.52583139182,1.89425688093,0.789851075565,3.66277434685,0.921922794784,0.479499908071,0.586684742441,0.441208403262,2,1.42068043518,0.634752513167,2,0.0840930756929,0.0737302020754,45,0.00579150579151,0.544371112968,37,29,29,0.783783783784,0,0.513513513514,0.0540540540541,0.216216216216,-69,-0.0518018018018,0.00539817892759,-3.72972972973,-6.9,1,-1.49111895147,0.141963926895,0.128807378807,-2.80350523718,0.12487977319,0.0245858103001,0.575942876142,0.393159996562,0.226747155319,0.00673962750696,0.0032906634136,0,0.0963561108592,0.054807398233,0,0.0719229495227,0.0677575058296,38,0.0048906048906,-0.076825468229,-0.216216216216,-0.189189189189,0.189189189189,144,3,72,1113,0.666666666667,0.997311827957,0.00268817204301,0.333333333333,0.979591836735,0.666666666667,0.793388429752,0.781079327571,0.663978494624,0.657534246575,104,173,0,0,0,0
508,WLNM_dir_neg,0.890758127569,0.845148583647,00:00:04,10,20,7,1232383531,threshold_sweep,0.4,0.971153846154,0.583815028902,0.729241877256,101,3,72,343,0.583815028902,0.991329479769,0.00867052023121,0.416184971098,0.971153846154,0.583815028902,0.729241877256,0.85549132948,0.599871547848,0.638844301766,0.677325397546,0.575144508671,216,43,173,0,216,0,43,0,173,37,216,0.162162162162,1.32432432432,11.6756756757,21.6,6,8.1990990496,0.702237650082,0.31006006006,10.329336629,1.76937710775,0.765265265265,3.0868314707,0.528762798222,0.252752752753,0.579945114934,0.437917739848,2,1.32432432432,0.579945114934,2,0.0121701261701,0.00597269624573,7,0.000900900900901,0.621196581197,37,37,37,1,0,0.72972972973,0.243243243243,0.027027027027,37,0.0322822822823,1.32432432432,2.32432432432,4.3,2.04761904762,2.17375831803,0.935221601945,0.477686989315,2.3394386021,2.01300530878,0.812067881835,1.21366097942,1.04431293578,0.558139534884,0.579945114934,0.437917739848,2,1.41379310345,0.627764820574,2,0,0,0,0,0.0771435354769,37,29,29,0.783783783784,0,0.513513513514,0.0540540540541,0.216216216216,37,147,0.11036036036,1.32972250325,7.94594594595,14.7,7,6.70798009814,0.844201576976,0.438867438867,7.52583139182,1.89425688093,0.789851075565,3.66277434685,0.921922794784,0.479499908071,0.586684742441,0.441208403262,2,1.42068043518,0.634752513167,2,0.0840930756929,0.0737302020754,45,0.00579150579151,0.544371112968,37,29,29,0.783783783784,0,0.513513513514,0.0540540540541,0.216216216216,-69,-0.0518018018018,0.00539817892759,-3.72972972973,-6.9,1,-1.49111895147,0.141963926895,0.128807378807,-2.80350523718,0.12487977319,0.0245858103001,0.575942876142,0.393159996562,0.226747155319,0.00673962750696,0.0032906634136,0,0.0963561108592,0.054807398233,0,0.0719229495227,0.0677575058296,38,0.0048906048906,-0.076825468229,-0.216216216216,-0.189189189189,0.189189189189,144,3,72,1113,0.666666666667,0.997311827957,0.00268817204301,0.333333333333,0.979591836735,0.666666666667,0.793388429752,0.781079327571,0.663978494624,0.657534246575,104,173,0,0,0,0
509,WLNM_dir_neg,0.890758127569,0.845148583647,00:00:04,10,20,7,1232383531,threshold_sweep,0.5,0.971153846154,0.583815028902,0.729241877256,101,3,72,343,0.583815028902,0.991329479769,0.00867052023121,0.416184971098,0.971153846154,0.583815028902,0.729241877256,0.85549132948,0.599871547848,0.638844301766,0.677325397546,0.575144508671,216,43,173,0,216,0,43,0,173,37,216,0.162162162162,1.32432432432,11.6756756757,21.6,6,8.1990990496,0.702237650082,0.31006006006,10.329336629,1.76937710775,0.765265265265,3.0868314707,0.528762798222,0.252752752753,0.579945114934,0.437917739848,2,1.32432432432,0.579945114934,2,0.0121701261701,0.00597269624573,7,0.000900900900901,0.621196581197,37,37,37,1,0,0.72972972973,0.243243243243,0.027027027027,37,0.0322822822823,1.32432432432,2.32432432432,4.3,2.04761904762,2.17375831803,0.935221601945,0.477686989315,2.3394386021,2.01300530878,0.812067881835,1.21366097942,1.04431293578,0.558139534884,0.579945114934,0.437917739848,2,1.41379310345,0.627764820574,2,0,0,0,0,0.0771435354769,37,29,29,0.783783783784,0,0.513513513514,0.0540540540541,0.216216216216,37,147,0.11036036036,1.32972250325,7.94594594595,14.7,7,6.70798009814,0.844201576976,0.438867438867,7.52583139182,1.89425688093,0.789851075565,3.66277434685,0.921922794784,0.479499908071,0.586684742441,0.441208403262,2,1.42068043518,0.634752513167,2,0.0840930756929,0.0737302020754,45,0.00579150579151,0.544371112968,37,29,29,0.783783783784,0,0.513513513514,0.0540540540541,0.216216216216,-69,-0.0518018018018,0.00539817892759,-3.72972972973,-6.9,1,-1.49111895147,0.141963926895,0.128807378807,-2.80350523718,0.12487977319,0.0245858103001,0.575942876142,0.393159996562,0.226747155319,0.00673962750696,0.0032906634136,0,0.0963561108592,0.054807398233,0,0.0719229495227,0.0677575058296,38,0.0048906048906,-0.076825468229,-0.216216216216,-0.189189189189,0.189189189189,144,3,72,1113,0.666666666667,0.997311827957,0.00268817204301,0.333333333333,0.979591836735,0.666666666667,0.793388429752,0.781079327571,0.663978494624,0.657534246575,104,173,0,0,0,0
510,WLNM_dir_neg,0.890758127569,0.845148583647,00:00:04,10,20,7,1232383531,threshold_sweep,0.6,0.970588235294,0.57225433526,0.72,99,3,74,343,0.57225433526,0.991329479769,0.00867052023121,0.42774566474,0.970588235294,0.57225433526,0.72,0.851637764933,0.601156069364,0.628019323671,0.668577104679,0.563583815029,216,43,173,0,216,0,43,0,173,37,216,0.162162162162,1.32432432432,11.6756756757,21.6,6,8.1990990496,0.702237650082,0.31006006006,10.329336629,1.76937710775,0.765265265265,3.0868314707,0.528762798222,0.252752752753,0.579945114934,0.437917739848,2,1.32432432432,0.579945114934,2,0.0121701261701,0.00597269624573,7,0.000900900900901,0.621196581197,37,37,37,1,0,0.72972972973,0.243243243243,0.027027027027,37,0.0322822822823,1.32432432432,2.32432432432,4.3,2.04761904762,2.17375831803,0.935221601945,0.477686989315,2.3394386021,2.01300530878,0.812067881835,1.21366097942,1.04431293578,0.558139534884,0.579945114934,0.437917739848,2,1.41379310345,0.627764820574,2,0,0,0,0,0.0771435354769,37,29,29,0.783783783784,0,0.513513513514,0.0540540540541,0.216216216216,37,145,0.108858858859,1.32972250325,7.83783783784,14.5,6.90476190476,6.64376697662,0.847653028052,0.441938490214,7.54386571394,1.92498642356,0.793662628145,3.6770941001,0.938292977268,0.487232059646,0.586684742441,0.441208403262,2,1.42068043518,0.634752513167,2,0.0908711603511,0.0755879059351,45,0.00579150579151,0.518298151797,37,29,29,0.783783783784,0,0.513513513514,0.0540540540541,0.216216216216,-71,-0.0533033033033,0.00539817892759,-3.83783783784,-7.1,0.904761904762,-1.55533207298,0.14541537797,0.131878430154,-2.78547091506,0.155609315811,0.0283973628801,0.5902626294,0.409530179046,0.234479306893,0.00673962750696,0.0032906634136,0,0.0963561108592,0.054807398233,0,0.078701034181,0.0696152096893,38,0.0048906048906,-0.1028984294,-0.216216216216,-0.189189189189,0.189189189189,142,3,74,1113,0.657407407407,0.997311827957,0.00268817204301,0.342592592593,0.979310344828,0.657407407407,0.786703601108,0.774826940811,0.654719235364,0.648401826484,102,173,0,0,0,0
511,WLNM_dir_neg,0.890758127569,0.845148583647,00:00:04,10,20,7,1232383531,threshold_sweep,0.7,0.969696969697,0.554913294798,0.705882352941,96,3,77,343,0.554913294798,0.991329479769,0.00867052023121,0.445086705202,0.969696969697,0.554913294798,0.705882352941,0.845857418112,0.603082851638,0.611650485437,0.655397173129,0.546242774566,216,43,173,0,216,0,43,0,173,37,216,0.162162162162,1.32432432432,11.6756756757,21.6,6,8.1990990496,0.702237650082,0.31006006006,10.329336629,1.76937710775,0.765265265265,3.0868314707,0.528762798222,0.252752752753,0.579945114934,0.437917739848,2,1.32432432432,0.579945114934,2,0.0121701261701,0.00597269624573,7,0.000900900900901,0.621196581197,37,37,37,1,0,0.72972972973,0.243243243243,0.027027027027,37,0.0322822822823,1.32432432432,2.32432432432,4.3,2.04761904762,2.17375831803,0.935221601945,0.477686989315,2.3394386021,2.01300530878,0.812067881835,1.21366097942,1.04431293578,0.558139534884,0.579945114934,0.437917739848,2,1.41379310345,0.627764820574,2,0,0,0,0,0.0771435354769,37,29,29,0.783783783784,0,0.513513513514,0.0540540540541,0.216216216216,37,142,0.106606606607,1.32972250325,7.67567567568,14.2,6.7619047619,6.51517056165,0.848807432328,0.444994290065,7.38058080187,1.92310908218,0.794442329654,3.60950530247,0.940504902755,0.492196421774,0.586684742441,0.441208403262,2,1.42068043518,0.634752513167,2,0.0950157811624,0.0788551401869,45,0.00579150579151,0.498005754136,37,29,29,0.783783783784,0,0.513513513514,0.0540540540541,0.216216216216,-74,-0.0555555555556,0.00539817892759,-4,-7.4,0.761904761905,-1.68392848795,0.146569782246,0.134934230005,-2.94875582713,0.153731974433,0.0291770643883,0.522673831762,0.411742104533,0.239443669021,0.00673962750696,0.0032906634136,0,0.0963561108592,0.054807398233,0,0.0828456549923,0.0728824439412,38,0.0048906048906,-0.123190827061,-0.216216216216,-0.189189189189,0.189189189189,139,3,77,1113,0.643518518519,0.997311827957,0.00268817204301,0.356481481481,0.978873239437,0.643518518519,0.776536312849,0.765392829975,0.640830346476,0.634703196347,99,173,0,0,0,0
512,WLNM_dir_neg,0.890758127569,0.845148583647,00:00:04,10,20,7,1232383531,threshold_sweep,0.8,0.979591836735,0.554913294798,0.708487084871,96,2,77,344,0.554913294798,0.994219653179,0.00578034682081,0.445086705202,0.979591836735,0.554913294798,0.708487084871,0.847784200385,0.603725112396,0.615883306321,0.661430956982,0.549132947977,216,43,173,0,216,0,43,0,173,37,216,0.162162162162,1.32432432432,11.6756756757,21.6,6,8.1990990496,0.702237650082,0.31006006006,10.329336629,1.76937710775,0.765265265265,3.0868314707,0.528762798222,0.252752752753,0.579945114934,0.437917739848,2,1.32432432432,0.579945114934,2,0.0121701261701,0.00597269624573,7,0.000900900900901,0.621196581197,37,37,37,1,0,0.72972972973,0.243243243243,0.027027027027,37,0.0322822822823,1.32432432432,2.32432432432,4.3,2.04761904762,2.17375831803,0.935221601945,0.477686989315,2.3394386021,2.01300530878,0.812067881835,1.21366097942,1.04431293578,0.558139534884,0.579945114934,0.437917739848,2,1.41379310345,0.627764820574,2,0,0,0,0,0.0771435354769,37,29,29,0.783783783784,0,0.513513513514,0.0540540540541,0.216216216216,37,141,0.105855855856,1.32813267813,7.62162162162,14.1,6.71428571429,6.41331666384,0.841463533908,0.442399846655,7.33271905699,1.92418868871,0.795476327391,3.61200035251,0.947829879737,0.496070538624,0.584730555937,0.440265167452,2,1.41865203762,0.632731220165,2,0.0628827962161,0.0519713261649,29,0.0037323037323,0.49908322996,37,29,29,0.783783783784,0,0.513513513514,0.0540540540541,0.216216216216,-75,-0.0563063063063,0.00380835380835,-4.05405405405,-7.5,0.714285714286,-1.78578238577,0.139225883826,0.132339786595,-2.99661757201,0.154811580969,0.030211062126,0.525168881808,0.419067081515,0.243317785871,0.00478544100237,0.00234742760374,0,0.0943277132932,0.0527861052302,0,0.050712670046,0.0459986299191,22,0.0028314028314,-0.122113351236,-0.216216216216,-0.189189189189,0.189189189189,139,2,77,1114,0.643518518519,0.998207885305,0.00179211469534,0.356481481481,0.985815602837,0.643518518519,0.778711484594,0.768853232308,0.641726403823,0.637614678899,98,173,0,0,0,0
513,WLNM_dir_neg,0.890758127569,0.845148583647,00:00:04,10,20,7,1232383531,threshold_sweep,0.9,0.979591836735,0.554913294798,0.708487084871,96,2,77,344,0.554913294798,0.994219653179,0.00578034682081,0.445086705202,0.979591836735,0.554913294798,0.708487084871,0.847784200385,0.603725112396,0.615883306321,0.661430956982,0.549132947977,216,43,173,0,216,0,43,0,173,37,216,0.162162162162,1.32432432432,11.6756756757,21.6,6,8.1990990496,0.702237650082,0.31006006006,10.329336629,1.76937710775,0.765265265265,3.0868314707,0.528762798222,0.252752752753,0.579945114934,0.437917739848,2,1.32432432432,0.579945114934,2,0.0121701261701,0.00597269624573,7,0.000900900900901,0.621196581197,37,37,37,1,0,0.72972972973,0.243243243243,0.027027027027,37,0.0322822822823,1.32432432432,2.32432432432,4.3,2.04761904762,2.17375831803,0.935221601945,0.477686989315,2.3394386021,2.01300530878,0.812067881835,1.21366097942,1.04431293578,0.558139534884,0.579945114934,0.437917739848,2,1.41379310345,0.627764820574,2,0,0,0,0,0.0771435354769,37,29,29,0.783783783784,0,0.513513513514,0.0540540540541,0.216216216216,37,141,0.105855855856,1.32813267813,7.62162162162,14.1,6.71428571429,6.41331666384,0.841463533908,0.442399846655,7.33271905699,1.92418868871,0.795476327391,3.61200035251,0.947829879737,0.496070538624,0.584730555937,0.440265167452,2,1.41865203762,0.632731220165,2,0.0628827962161,0.0519713261649,29,0.0037323037323,0.49908322996,37,29,29,0.783783783784,0,0.513513513514,0.0540540540541,0.216216216216,-75,-0.0563063063063,0.00380835380835,-4.05405405405,-7.5,0.714285714286,-1.78578238577,0.139225883826,0.132339786595,-2.99661757201,0.154811580969,0.030211062126,0.525168881808,0.419067081515,0.243317785871,0.00478544100237,0.00234742760374,0,0.0943277132932,0.0527861052302,0,0.050712670046,0.0459986299191,22,0.0028314028314,-0.122113351236,-0.216216216216,-0.189189189189,0.189189189189,139,2,77,1114,0.643518518519,0.998207885305,0.00179211469534,0.356481481481,0.985815602837,0.643518518519,0.778711484594,0.768853232308,0.641726403823,0.637614678899,98,173,0,0,0,0
514,WLNM_dir_neg,0.968558922784,0.904000995604,00:00:03,10,20,8,1232383532,threshold_sweep,0.1,0.962686567164,0.745664739884,0.840390879479,129,5,44,341,0.745664739884,0.985549132948,0.014450867052,0.254335260116,0.962686567164,0.745664739884,0.840390879479,0.905587668593,0.580603725112,0.774885145482,0.787630924575,0.731213872832,216,43,173,0,216,0,43,0,173,37,216,0.162162162162,1.32432432432,11.6756756757,21.6,6,8.1990990496,0.702237650082,0.31006006006,10.329336629,1.76937710775,0.765265265265,3.0868314707,0.528762798222,0.252752752753,0.579945114934,0.437917739848,2,1.32432432432,0.579945114934,2,0.0121701261701,0.00597269624573,7,0.000900900900901,0.621196581197,37,37,37,1,0,0.72972972973,0.243243243243,0.027027027027,37,0.0322822822823,1.32432432432,2.32432432432,4.3,1.79166666667,2.12202804011,0.912965552139,0.471401634192,2.25479136154,1.94016931109,0.803268384664,1.14293757761,0.983457915615,0.519170333124,0.579945114934,0.437917739848,2,1.4,0.621455466266,2,0,0,0,0,0.0698131498131,37,30,30,0.810810810811,0,0.540540540541,0.108108108108,0.162162162162,37,177,0.132882882883,1.41804756101,9.56756756757,16.0909090909,5.05714285714,7.57386053234,0.791618191233,0.36784241869,9.00041707409,1.88144311718,0.796152084288,2.68881567418,0.562068813247,0.305390135899,0.695001600132,0.490111629005,2.17099103759,1.42965999326,0.70121041795,2.17099103759,0.101462061748,0.0701047542305,58,0.00746460746461,0.335718866345,37,36,36,0.972972972973,0,0.675675675676,0.27027027027,0.027027027027,-39,-0.0292792792793,0.0937232366832,-2.10810810811,-5.50909090909,-0.942857142857,-0.625238517263,0.0893805411516,0.0577823586298,-1.32891955491,0.112066009437,0.0308868190224,-0.398015796521,0.0333060150248,0.0526373831459,0.115056485198,0.0521938891567,0.170991037591,0.105335668933,0.121265303016,0.170991037591,0.0892919355776,0.0641320579847,51,0.00656370656371,-0.285477714852,-0.0540540540541,0.027027027027,0,172,5,44,1111,0.796296296296,0.995519713262,0.00448028673835,0.203703703704,0.971751412429,0.796296296296,0.875318066158,0.85981620493,0.791816009558,0.778280542986,134,173,0,0,0,0
515,WLNM_dir_neg,0.968558922784,0.904000995604,00:00:03,10,20,8,1232383532,threshold_sweep,0.2,0.960317460317,0.699421965318,0.809364548495,121,5,52,341,0.699421965318,0.985549132948,0.014450867052,0.300578034682,0.960317460317,0.699421965318,0.809364548495,0.890173410405,0.585741811175,0.73488372093,0.753098530944,0.684971098266,216,43,173,0,216,0,43,0,173,37,216,0.162162162162,1.32432432432,11.6756756757,21.6,6,8.1990990496,0.702237650082,0.31006006006,10.329336629,1.76937710775,0.765265265265,3.0868314707,0.528762798222,0.252752752753,0.579945114934,0.437917739848,2,1.32432432432,0.579945114934,2,0.0121701261701,0.00597269624573,7,0.000900900900901,0.621196581197,37,37,37,1,0,0.72972972973,0.243243243243,0.027027027027,37,0.0322822822823,1.32432432432,2.32432432432,4.3,1.79166666667,2.12202804011,0.912965552139,0.471401634192,2.25479136154,1.94016931109,0.803268384664,1.14293757761,0.983457915615,0.519170333124,0.579945114934,0.437917739848,2,1.4,0.621455466266,2,0,0,0,0,0.0698131498131,37,30,30,0.810810810811,0,0.540540540541,0.108108108108,0.162162162162,37,169,0.126876876877,1.41322188718,9.13513513514,15.3636363636,4.82857142857,7.48762743228,0.819651523651,0.371661602431,8.79248587191,1.92498211397,0.803134495442,2.53355854855,0.554684415954,0.301935071166,0.688025115907,0.486848613192,2.14633075487,1.42470027294,0.694182617307,2.14633075487,0.10935321821,0.0750647109577,58,0.00746460746461,0.30161424565,37,36,36,0.972972972973,0,0.675675675676,0.27027027027,0.027027027027,-47,-0.0352852852853,0.0888975628562,-2.54054054054,-6.23636363636,-1.17142857143,-0.711471617329,0.11741387357,0.0616015423708,-1.53685075709,0.155605006224,0.0378692301769,-0.553272922156,0.0259216177318,0.0491823184131,0.108080000972,0.0489308733437,0.146330754873,0.100375948611,0.114237502373,0.146330754873,0.0971830920402,0.069092014712,51,0.00656370656371,-0.319582335547,-0.0540540540541,0.027027027027,0,164,5,52,1111,0.759259259259,0.995519713262,0.00448028673835,0.240740740741,0.970414201183,0.759259259259,0.851948051948,0.835883121383,0.754778972521,0.742081447964,126,173,0,0,0,0
516,WLNM_dir_neg,0.968558922784,0.904000995604,00:00:03,10,20,8,1232383532,threshold_sweep,0.3,0.959677419355,0.687861271676,0.801346801347,119,5,54,341,0.687861271676,0.985549132948,0.014450867052,0.312138728324,0.959677419355,0.687861271676,0.801346801347,0.886319845857,0.587026332691,0.724727838258,0.744443140902,0.673410404624,216,43,173,0,216,0,43,0,173,37,216,0.162162162162,1.32432432432,11.6756756757,21.6,6,8.1990990496,0.702237650082,0.31006006006,10.329336629,1.76937710775,0.765265265265,3.0868314707,0.528762798222,0.252752752753,0.579945114934,0.437917739848,2,1.32432432432,0.579945114934,2,0.0121701261701,0.00597269624573,7,0.000900900900901,0.621196581197,37,37,37,1,0,0.72972972973,0.243243243243,0.027027027027,37,0.0322822822823,1.32432432432,2.32432432432,4.3,1.79166666667,2.12202804011,0.912965552139,0.471401634192,2.25479136154,1.94016931109,0.803268384664,1.14293757761,0.983457915615,0.519170333124,0.579945114934,0.437917739848,2,1.4,0.621455466266,2,0,0,0,0,0.0698131498131,37,30,30,0.810810810811,0,0.540540540541,0.108108108108,0.162162162162,37,167,0.125375375375,1.41349312888,9.02702702703,15.1818181818,4.77142857143,7.44045431142,0.824241944679,0.372875869882,8.71340481232,1.93051483866,0.803689917462,2.50135098632,0.554191535891,0.302961644279,0.688411618097,0.487028627189,2.14800341199,1.42497904912,0.694571894804,2.14800341199,0.110886446886,0.075264084507,57,0.00733590733591,0.294402360972,37,36,36,0.972972972973,0,0.675675675676,0.27027027027,0.027027027027,-49,-0.0367867867868,0.0891688045508,-2.64864864865,-6.41818181818,-1.22857142857,-0.758644738182,0.122004294597,0.0628158098218,-1.61593181668,0.161137730913,0.0384246521971,-0.585480484385,0.0254287376685,0.0502088915263,0.108466503163,0.0491108873405,0.14800341199,0.100654724797,0.114626779869,0.14800341199,0.0987163207163,0.0692913882613,50,0.00643500643501,-0.326794220225,-0.0540540540541,0.027027027027,0,162,5,54,1111,0.75,0.995519713262,0.00448028673835,0.25,0.97005988024,0.75,0.845953002611,0.829844856108,0.745519713262,0.733031674208,124,173,0,0,0,0
517,WLNM_dir_neg,0.968558922784,0.904000995604,00:00:03,10,20,8,1232383532,threshold_sweep,0.4,0.959677419355,0.687861271676,0.801346801347,119,5,54,341,0.687861271676,0.985549132948,0.014450867052,0.312138728324,0.959677419355,0.687861271676,0.801346801347,0.886319845857,0.587026332691,0.724727838258,0.744443140902,0.673410404624,216,43,173,0,216,0,43,0,173,37,216,0.162162162162,1.32432432432,11.6756756757,21.6,6,8.1990990496,0.702237650082,0.31006006006,10.329336629,1.76937710775,0.765265265265,3.0868314707,0.528762798222,0.252752752753,0.579945114934,0.437917739848,2,1.32432432432,0.579945114934,2,0.0121701261701,0.00597269624573,7,0.000900900900901,0.621196581197,37,37,37,1,0,0.72972972973,0.243243243243,0.027027027027,37,0.0322822822823,1.32432432432,2.32432432432,4.3,1.79166666667,2.12202804011,0.912965552139,0.471401634192,2.25479136154,1.94016931109,0.803268384664,1.14293757761,0.983457915615,0.519170333124,0.579945114934,0.437917739848,2,1.4,0.621455466266,2,0,0,0,0,0.0698131498131,37,30,30,0.810810810811,0,0.540540540541,0.108108108108,0.162162162162,37,167,0.125375375375,1.41349312888,9.02702702703,15.1818181818,4.77142857143,7.44045431142,0.824241944679,0.372875869882,8.71340481232,1.93051483866,0.803689917462,2.50135098632,0.554191535891,0.302961644279,0.688411618097,0.487028627189,2.14800341199,1.42497904912,0.694571894804,2.14800341199,0.110886446886,0.075264084507,57,0.00733590733591,0.294402360972,37,36,36,0.972972972973,0,0.675675675676,0.27027027027,0.027027027027,-49,-0.0367867867868,0.0891688045508,-2.64864864865,-6.41818181818,-1.22857142857,-0.758644738182,0.122004294597,0.0628158098218,-1.61593181668,0.161137730913,0.0384246521971,-0.585480484385,0.0254287376685,0.0502088915263,0.108466503163,0.0491108873405,0.14800341199,0.100654724797,0.114626779869,0.14800341199,0.0987163207163,0.0692913882613,50,0.00643500643501,-0.326794220225,-0.0540540540541,0.027027027027,0,162,5,54,1111,0.75,0.995519713262,0.00448028673835,0.25,0.97005988024,0.75,0.845953002611,0.829844856108,0.745519713262,0.733031674208,124,173,0,0,0,0
518,WLNM_dir_neg,0.968558922784,0.904000995604,00:00:03,10,20,8,1232383532,threshold_sweep,0.5,0.959677419355,0.687861271676,0.801346801347,119,5,54,341,0.687861271676,0.985549132948,0.014450867052,0.312138728324,0.959677419355,0.687861271676,0.801346801347,0.886319845857,0.587026332691,0.724727838258,0.744443140902,0.673410404624,216,43,173,0,216,0,43,0,173,37,216,0.162162162162,1.32432432432,11.6756756757,21.6,6,8.1990990496,0.702237650082,0.31006006006,10.329336629,1.76937710775,0.765265265265,3.0868314707,0.528762798222,0.252752752753,0.579945114934,0.437917739848,2,1.32432432432,0.579945114934,2,0.0121701261701,0.00597269624573,7,0.000900900900901,0.621196581197,37,37,37,1,0,0.72972972973,0.243243243243,0.027027027027,37,0.0322822822823,1.32432432432,2.32432432432,4.3,1.79166666667,2.12202804011,0.912965552139,0.471401634192,2.25479136154,1.94016931109,0.803268384664,1.14293757761,0.983457915615,0.519170333124,0.579945114934,0.437917739848,2,1.4,0.621455466266,2,0,0,0,0,0.0698131498131,37,30,30,0.810810810811,0,0.540540540541,0.108108108108,0.162162162162,37,167,0.125375375375,1.41349312888,9.02702702703,15.1818181818,4.77142857143,7.44045431142,0.824241944679,0.372875869882,8.71340481232,1.93051483866,0.803689917462,2.50135098632,0.554191535891,0.302961644279,0.688411618097,0.487028627189,2.14800341199,1.42497904912,0.694571894804,2.14800341199,0.110886446886,0.075264084507,57,0.00733590733591,0.294402360972,37,36,36,0.972972972973,0,0.675675675676,0.27027027027,0.027027027027,-49,-0.0367867867868,0.0891688045508,-2.64864864865,-6.41818181818,-1.22857142857,-0.758644738182,0.122004294597,0.0628158098218,-1.61593181668,0.161137730913,0.0384246521971,-0.585480484385,0.0254287376685,0.0502088915263,0.108466503163,0.0491108873405,0.14800341199,0.100654724797,0.114626779869,0.14800341199,0.0987163207163,0.0692913882613,50,0.00643500643501,-0.326794220225,-0.0540540540541,0.027027027027,0,162,5,54,1111,0.75,0.995519713262,0.00448028673835,0.25,0.97005988024,0.75,0.845953002611,0.829844856108,0.745519713262,0.733031674208,124,173,0,0,0,0
519,WLNM_dir_neg,0.968558922784,0.904000995604,00:00:03,10,20,8,1232383532,threshold_sweep,0.6,0.959677419355,0.687861271676,0.801346801347,119,5,54,341,0.687861271676,0.985549132948,0.014450867052,0.312138728324,0.959677419355,0.687861271676,0.801346801347,0.886319845857,0.587026332691,0.724727838258,0.744443140902,0.673410404624,216,43,173,0,216,0,43,0,173,37,216,0.162162162162,1.32432432432,11.6756756757,21.6,6,8.1990990496,0.702237650082,0.31006006006,10.329336629,1.76937710775,0.765265265265,3.0868314707,0.528762798222,0.252752752753,0.579945114934,0.437917739848,2,1.32432432432,0.579945114934,2,0.0121701261701,0.00597269624573,7,0.000900900900901,0.621196581197,37,37,37,1,0,0.72972972973,0.243243243243,0.027027027027,37,0.0322822822823,1.32432432432,2.32432432432,4.3,1.79166666667,2.12202804011,0.912965552139,0.471401634192,2.25479136154,1.94016931109,0.803268384664,1.14293757761,0.983457915615,0.519170333124,0.579945114934,0.437917739848,2,1.4,0.621455466266,2,0,0,0,0,0.0698131498131,37,30,30,0.810810810811,0,0.540540540541,0.108108108108,0.162162162162,37,167,0.125375375375,1.41349312888,9.02702702703,15.1818181818,4.77142857143,7.44045431142,0.824241944679,0.372875869882,8.71340481232,1.93051483866,0.803689917462,2.50135098632,0.554191535891,0.302961644279,0.688411618097,0.487028627189,2.14800341199,1.42497904912,0.694571894804,2.14800341199,0.110886446886,0.075264084507,57,0.00733590733591,0.294402360972,37,36,36,0.972972972973,0,0.675675675676,0.27027027027,0.027027027027,-49,-0.0367867867868,0.0891688045508,-2.64864864865,-6.41818181818,-1.22857142857,-0.758644738182,0.122004294597,0.0628158098218,-1.61593181668,0.161137730913,0.0384246521971,-0.585480484385,0.0254287376685,0.0502088915263,0.108466503163,0.0491108873405,0.14800341199,0.100654724797,0.114626779869,0.14800341199,0.0987163207163,0.0692913882613,50,0.00643500643501,-0.326794220225,-0.0540540540541,0.027027027027,0,162,5,54,1111,0.75,0.995519713262,0.00448028673835,0.25,0.97005988024,0.75,0.845953002611,0.829844856108,0.745519713262,0.733031674208,124,173,0,0,0,0
520,WLNM_dir_neg,0.968558922784,0.904000995604,00:00:03,10,20,8,1232383532,threshold_sweep,0.7,0.966386554622,0.664739884393,0.787671232877,115,4,58,342,0.664739884393,0.988439306358,0.0115606936416,0.335260115607,0.966386554622,0.664739884393,0.787671232877,0.880539499037,0.59023763648,0.708463949843,0.732470207614,0.653179190751,216,43,173,0,216,0,43,0,173,37,216,0.162162162162,1.32432432432,11.6756756757,21.6,6,8.1990990496,0.702237650082,0.31006006006,10.329336629,1.76937710775,0.765265265265,3.0868314707,0.528762798222,0.252752752753,0.579945114934,0.437917739848,2,1.32432432432,0.579945114934,2,0.0121701261701,0.00597269624573,7,0.000900900900901,0.621196581197,37,37,37,1,0,0.72972972973,0.243243243243,0.027027027027,37,0.0322822822823,1.32432432432,2.32432432432,4.3,1.79166666667,2.12202804011,0.912965552139,0.471401634192,2.25479136154,1.94016931109,0.803268384664,1.14293757761,0.983457915615,0.519170333124,0.579945114934,0.437917739848,2,1.4,0.621455466266,2,0,0,0,0,0.0698131498131,37,30,30,0.810810810811,0,0.540540540541,0.108108108108,0.162162162162,37,162,0.121621621622,1.40824787825,8.75675675676,14.7272727273,5.0625,7.22420855106,0.824986778979,0.378378378378,8.66779271964,1.97968105325,0.810810810811,2.69104844656,0.614622176067,0.333667000334,0.677066940764,0.480786764334,2.08,1.41958809709,0.683098218655,2.08,0.0629631220909,0.047200370199,34,0.0043758043758,0.298678757628,37,36,36,0.972972972973,0,0.675675675676,0.189189189189,0.108108108108,-54,-0.0405405405405,0.0839235539263,-2.91891891892,-6.87272727273,-0.9375,-0.974890498546,0.122749128897,0.0683183183183,-1.66154390936,0.210303945506,0.0455455455455,-0.395783024142,0.0858593778441,0.0809142475809,0.0971218258297,0.0428690244854,0.08,0.0952637727666,0.103153103721,0.08,0.0507929959208,0.0412276739532,27,0.0034749034749,-0.322517823569,-0.0540540540541,-0.0540540540541,0.0810810810811,158,4,58,1112,0.731481481481,0.996415770609,0.00358422939068,0.268518518519,0.975308641975,0.731481481481,0.835978835979,0.820877996435,0.727897252091,0.718181818182,119,173,0,0,0,0
521,WLNM_dir_neg,0.968558922784,0.904000995604,00:00:03,10,20,8,1232383532,threshold_sweep,0.8,0.974576271186,0.664739884393,0.790378006873,115,3,58,343,0.664739884393,0.991329479769,0.00867052023121,0.335260115607,0.974576271186,0.664739884393,0.790378006873,0.88246628131,0.590879897238,0.712715855573,0.737900270243,0.656069364162,216,43,173,0,216,0,43,0,173,37,216,0.162162162162,1.32432432432,11.6756756757,21.6,6,8.1990990496,0.702237650082,0.31006006006,10.329336629,1.76937710775,0.765265265265,3.0868314707,0.528762798222,0.252752752753,0.579945114934,0.437917739848,2,1.32432432432,0.579945114934,2,0.0121701261701,0.00597269624573,7,0.000900900900901,0.621196581197,37,37,37,1,0,0.72972972973,0.243243243243,0.027027027027,37,0.0322822822823,1.32432432432,2.32432432432,4.3,1.79166666667,2.12202804011,0.912965552139,0.471401634192,2.25479136154,1.94016931109,0.803268384664,1.14293757761,0.983457915615,0.519170333124,0.579945114934,0.437917739848,2,1.4,0.621455466266,2,0,0,0,0,0.0698131498131,37,30,30,0.810810810811,0,0.540540540541,0.108108108108,0.162162162162,37,161,0.120870870871,1.32904694168,8.7027027027,16.1,5.03125,7.15256311815,0.821878370719,0.376196071848,8.68016966109,1.99482159913,0.813160987074,2.71022975877,0.622847832762,0.338089642437,0.585972447659,0.440896727785,2,1.3381871345,0.591603489235,2,0.0629631220909,0.047200370199,34,0.0043758043758,0.358326668679,37,36,36,0.972972972973,0,0.702702702703,0.162162162162,0.108108108108,-55,-0.0412912912913,0.0047226173542,-2.97297297297,-5.5,-0.96875,-1.04653593145,0.119640720638,0.0661360117882,-1.64916696791,0.225444491388,0.0478957218088,-0.37660171193,0.0940850345393,0.0853368896847,0.00602733272481,0.00297898793694,0,0.0138628101786,0.011658374301,0,0.0507929959208,0.0412276739532,27,0.0034749034749,-0.262869912517,-0.027027027027,-0.0810810810811,0.0810810810811,158,3,58,1113,0.731481481481,0.997311827957,0.00268817204301,0.268518518519,0.981366459627,0.731481481481,0.838196286472,0.824084914915,0.728793309438,0.721461187215,118,173,0,0,0,0
522,WLNM_dir_neg,0.968558922784,0.904000995604,00:00:03,10,20,8,1232383532,threshold_sweep,0.9,0.974358974359,0.658959537572,0.786206896552,114,3,59,343,0.658959537572,0.991329479769,0.00867052023121,0.341040462428,0.974358974359,0.658959537572,0.786206896552,0.880539499037,0.591522157996,0.707547169811,0.733603784106,0.650289017341,216,43,173,0,216,0,43,0,173,37,216,0.162162162162,1.32432432432,11.6756756757,21.6,6,8.1990990496,0.702237650082,0.31006006006,10.329336629,1.76937710775,0.765265265265,3.0868314707,0.528762798222,0.252752752753,0.579945114934,0.437917739848,2,1.32432432432,0.579945114934,2,0.0121701261701,0.00597269624573,7,0.000900900900901,0.621196581197,37,37,37,1,0,0.72972972973,0.243243243243,0.027027027027,37,0.0322822822823,1.32432432432,2.32432432432,4.3,1.79166666667,2.12202804011,0.912965552139,0.471401634192,2.25479136154,1.94016931109,0.803268384664,1.14293757761,0.983457915615,0.519170333124,0.579945114934,0.437917739848,2,1.4,0.621455466266,2,0,0,0,0,0.0698131498131,37,30,30,0.810810810811,0,0.540540540541,0.108108108108,0.162162162162,37,160,0.12012012012,1.32904694168,8.64864864865,16,5,7.1578093181,0.827621702405,0.37652027027,8.67004438683,2.00494776446,0.814527027027,2.68797790639,0.621594890852,0.3375,0.585972447659,0.440896727785,2,1.3381871345,0.591603489235,2,0.0640515574651,0.0475302889096,34,0.0043758043758,0.353051200186,37,36,36,0.972972972973,0,0.702702702703,0.162162162162,0.108108108108,-56,-0.042042042042,0.0047226173542,-3.02702702703,-5.6,-1,-1.04128973151,0.125384052323,0.0664602102102,-1.65929224217,0.23557065671,0.0492617617618,-0.398853564317,0.0928320926296,0.0847472472472,0.00602733272481,0.00297898793694,0,0.0138628101786,0.011658374301,0,0.051881431295,0.0415575926639,27,0.0034749034749,-0.26814538101,-0.027027027027,-0.0810810810811,0.0810810810811,157,3,59,1113,0.726851851852,0.997311827957,0.00268817204301,0.273148148148,0.98125,0.726851851852,0.835106382979,0.821054366033,0.724163679809,0.716894977169,117,173,0,0,0,0
523,WLNM_dir_neg,0.916126499382,0.874578430494,00:00:04,10,20,9,1232383533,threshold_sweep,0.1,0.909090909091,0.635838150289,0.748299319728,110,11,63,335,0.635838150289,0.968208092486,0.0317919075145,0.364161849711,0.909090909091,0.635838150289,0.748299319728,0.857418111753,0.588953114965,0.653125,0.673437144758,0.604046242775,216,43,173,0,216,0,43,0,173,37,216,0.162162162162,1.32432432432,11.6756756757,21.6,6,8.1990990496,0.702237650082,0.31006006006,10.329336629,1.76937710775,0.765265265265,3.0868314707,0.528762798222,0.252752752753,0.579945114934,0.437917739848,2,1.32432432432,0.579945114934,2,0.0121701261701,0.00597269624573,7,0.000900900900901,0.621196581197,37,37,37,1,0,0.72972972973,0.243243243243,0.027027027027,37,0.0322822822823,1.31081081081,2.32432432432,4.3,1.79166666667,2.21176216893,0.951572095933,0.446260213702,2.38646080948,2.05346627793,0.818353236958,1.06753905766,0.918580119386,0.499057196732,0.544560874969,0.415438193275,2,1.359375,0.571280042621,2,0,0,0,0,0.0561885645219,37,32,32,0.864864864865,0,0.594594594595,0.0540540540541,0.216216216216,37,164,0.123123123123,1.43165228213,8.86486486486,12.6153846154,4.55555555556,7.036263853,0.793724885857,0.378872775214,8.27493048155,1.86690504767,0.792682926829,2.48931651196,0.561614091112,0.314436387607,0.627262605909,0.438138934809,2.13417568516,1.4436426233,0.631845419906,2.13417568516,0.212137048597,0.115764705882,82,0.0105534105534,0.240293275679,37,36,36,0.972972972973,0,0.621621621622,0.351351351351,0,-52,-0.039039039039,0.107327957805,-2.81081081081,-8.98461538462,-1.44444444444,-1.16283519661,0.0914872357746,0.0688127151542,-2.05440614745,0.0975279399213,0.027417661564,-0.597514958748,0.0328512928896,0.0616836348544,0.0473174909742,0.000221194960437,0.134175685161,0.119318298975,0.0519003049717,0.134175685161,0.199966922427,0.109792009637,75,0.00965250965251,-0.380903305518,-0.108108108108,0.108108108108,-0.027027027027,153,11,63,1105,0.708333333333,0.990143369176,0.00985663082437,0.291666666667,0.932926829268,0.708333333333,0.805263157895,0.783551510902,0.698476702509,0.674008810573,121,173,0,0,0,0
524,WLNM_dir_neg,0.916126499382,0.874578430494,00:00:04,10,20,9,1232383533,threshold_sweep,0.2,0.931623931624,0.630057803468,0.751724137931,109,8,64,338,0.630057803468,0.976878612717,0.0231213872832,0.369942196532,0.931623931624,0.630057803468,0.751724137931,0.861271676301,0.591522157996,0.660377358491,0.684696865166,0.606936416185,216,43,173,0,216,0,43,0,173,37,216,0.162162162162,1.32432432432,11.6756756757,21.6,6,8.1990990496,0.702237650082,0.31006006006,10.329336629,1.76937710775,0.765265265265,3.0868314707,0.528762798222,0.252752752753,0.579945114934,0.437917739848,2,1.32432432432,0.579945114934,2,0.0121701261701,0.00597269624573,7,0.000900900900901,0.621196581197,37,37,37,1,0,0.72972972973,0.243243243243,0.027027027027,37,0.0322822822823,1.31081081081,2.32432432432,4.3,1.79166666667,2.21176216893,0.951572095933,0.446260213702,2.38646080948,2.05346627793,0.818353236958,1.06753905766,0.918580119386,0.499057196732,0.544560874969,0.415438193275,2,1.359375,0.571280042621,2,0,0,0,0,0.0561885645219,37,32,32,0.864864864865,0,0.594594594595,0.0540540540541,0.216216216216,37,160,0.12012012012,1.36059620723,8.64864864865,14.5454545455,4.44444444444,6.8928957639,0.796991072701,0.379898648649,8.17534930974,1.89054952788,0.796959459459,2.41585105839,0.558665557253,0.311486486486,0.592796583716,0.435688840352,2.07544976614,1.37061276854,0.598021472841,2.07544976614,0.155307582686,0.082962962963,56,0.00720720720721,0.274813103738,37,36,36,0.972972972973,0,0.675675675676,0.297297297297,0,-56,-0.042042042042,0.0362718829068,-3.02702702703,-7.05454545455,-1.55555555556,-1.3062032857,0.0947534226193,0.0698385885886,-2.15398731926,0.121172420133,0.0316941941942,-0.670980412311,0.0299027590308,0.0587337337337,0.0128514687818,-0.00222889949617,0.0754497661362,0.0462884442188,0.0180763579069,0.0754497661362,0.143137456516,0.0769902667172,49,0.00630630630631,-0.346383477458,-0.0540540540541,0.0540540540541,-0.027027027027,152,8,64,1108,0.703703703704,0.992831541219,0.00716845878136,0.296296296296,0.95,0.703703703704,0.808510638298,0.789729338664,0.696535244922,0.678571428571,117,173,0,0,0,0
525,WLNM_dir_neg,0.916126499382,0.874578430494,00:00:04,10,20,9,1232383533,threshold_sweep,0.3,0.931623931624,0.630057803468,0.751724137931,109,8,64,338,0.630057803468,0.976878612717,0.0231213872832,0.369942196532,0.931623931624,0.630057803468,0.751724137931,0.861271676301,0.591522157996,0.660377358491,0.684696865166,0.606936416185,216,43,173,0,216,0,43,0,173,37,216,0.162162162162,1.32432432432,11.6756756757,21.6,6,8.1990990496,0.702237650082,0.31006006006,10.329336629,1.76937710775,0.765265265265,3.0868314707,0.528762798222,0.252752752753,0.579945114934,0.437917739848,2,1.32432432432,0.579945114934,2,0.0121701261701,0.00597269624573,7,0.000900900900901,0.621196581197,37,37,37,1,0,0.72972972973,0.243243243243,0.027027027027,37,0.0322822822823,1.31081081081,2.32432432432,4.3,1.79166666667,2.21176216893,0.951572095933,0.446260213702,2.38646080948,2.05346627793,0.818353236958,1.06753905766,0.918580119386,0.499057196732,0.544560874969,0.415438193275,2,1.359375,0.571280042621,2,0,0,0,0,0.0561885645219,37,32,32,0.864864864865,0,0.594594594595,0.0540540540541,0.216216216216,37,160,0.12012012012,1.36059620723,8.64864864865,14.5454545455,4.44444444444,6.8928957639,0.796991072701,0.379898648649,8.17534930974,1.89054952788,0.796959459459,2.41585105839,0.558665557253,0.311486486486,0.592796583716,0.435688840352,2.07544976614,1.37061276854,0.598021472841,2.07544976614,0.155307582686,0.082962962963,56,0.00720720720721,0.274813103738,37,36,36,0.972972972973,0,0.675675675676,0.297297297297,0,-56,-0.042042042042,0.0362718829068,-3.02702702703,-7.05454545455,-1.55555555556,-1.3062032857,0.0947534226193,0.0698385885886,-2.15398731926,0.121172420133,0.0316941941942,-0.670980412311,0.0299027590308,0.0587337337337,0.0128514687818,-0.00222889949617,0.0754497661362,0.0462884442188,0.0180763579069,0.0754497661362,0.143137456516,0.0769902667172,49,0.00630630630631,-0.346383477458,-0.0540540540541,0.0540540540541,-0.027027027027,152,8,64,1108,0.703703703704,0.992831541219,0.00716845878136,0.296296296296,0.95,0.703703703704,0.808510638298,0.789729338664,0.696535244922,0.678571428571,117,173,0,0,0,0
526,WLNM_dir_neg,0.916126499382,0.874578430494,00:00:04,10,20,9,1232383533,threshold_sweep,0.4,0.931623931624,0.630057803468,0.751724137931,109,8,64,338,0.630057803468,0.976878612717,0.0231213872832,0.369942196532,0.931623931624,0.630057803468,0.751724137931,0.861271676301,0.591522157996,0.660377358491,0.684696865166,0.606936416185,216,43,173,0,216,0,43,0,173,37,216,0.162162162162,1.32432432432,11.6756756757,21.6,6,8.1990990496,0.702237650082,0.31006006006,10.329336629,1.76937710775,0.765265265265,3.0868314707,0.528762798222,0.252752752753,0.579945114934,0.437917739848,2,1.32432432432,0.579945114934,2,0.0121701261701,0.00597269624573,7,0.000900900900901,0.621196581197,37,37,37,1,0,0.72972972973,0.243243243243,0.027027027027,37,0.0322822822823,1.31081081081,2.32432432432,4.3,1.79166666667,2.21176216893,0.951572095933,0.446260213702,2.38646080948,2.05346627793,0.818353236958,1.06753905766,0.918580119386,0.499057196732,0.544560874969,0.415438193275,2,1.359375,0.571280042621,2,0,0,0,0,0.0561885645219,37,32,32,0.864864864865,0,0.594594594595,0.0540540540541,0.216216216216,37,160,0.12012012012,1.36059620723,8.64864864865,14.5454545455,4.44444444444,6.8928957639,0.796991072701,0.379898648649,8.17534930974,1.89054952788,0.796959459459,2.41585105839,0.558665557253,0.311486486486,0.592796583716,0.435688840352,2.07544976614,1.37061276854,0.598021472841,2.07544976614,0.155307582686,0.082962962963,56,0.00720720720721,0.274813103738,37,36,36,0.972972972973,0,0.675675675676,0.297297297297,0,-56,-0.042042042042,0.0362718829068,-3.02702702703,-7.05454545455,-1.55555555556,-1.3062032857,0.0947534226193,0.0698385885886,-2.15398731926,0.121172420133,0.0316941941942,-0.670980412311,0.0299027590308,0.0587337337337,0.0128514687818,-0.00222889949617,0.0754497661362,0.0462884442188,0.0180763579069,0.0754497661362,0.143137456516,0.0769902667172,49,0.00630630630631,-0.346383477458,-0.0540540540541,0.0540540540541,-0.027027027027,152,8,64,1108,0.703703703704,0.992831541219,0.00716845878136,0.296296296296,0.95,0.703703703704,0.808510638298,0.789729338664,0.696535244922,0.678571428571,117,173,0,0,0,0
527,WLNM_dir_neg,0.916126499382,0.874578430494,00:00:04,10,20,9,1232383533,threshold_sweep,0.5,0.925925925926,0.578034682081,0.711743772242,100,8,73,338,0.578034682081,0.976878612717,0.0231213872832,0.421965317919,0.925925925926,0.578034682081,0.711743772242,0.843930635838,0.597302504817,0.612440191388,0.644396899552,0.554913294798,216,43,173,0,216,0,43,0,173,37,216,0.162162162162,1.32432432432,11.6756756757,21.6,6,8.1990990496,0.702237650082,0.31006006006,10.329336629,1.76937710775,0.765265265265,3.0868314707,0.528762798222,0.252752752753,0.579945114934,0.437917739848,2,1.32432432432,0.579945114934,2,0.0121701261701,0.00597269624573,7,0.000900900900901,0.621196581197,37,37,37,1,0,0.72972972973,0.243243243243,0.027027027027,37,0.0322822822823,1.31081081081,2.32432432432,4.3,1.79166666667,2.21176216893,0.951572095933,0.446260213702,2.38646080948,2.05346627793,0.818353236958,1.06753905766,0.918580119386,0.499057196732,0.544560874969,0.415438193275,2,1.359375,0.571280042621,2,0,0,0,0,0.0561885645219,37,32,32,0.864864864865,0,0.594594594595,0.0540540540541,0.216216216216,37,151,0.113363363363,1.3608808717,8.16216216216,13.7272727273,4.19444444444,6.61863326574,0.810892155074,0.396277071774,7.72578071703,1.89307209623,0.799713620906,2.41957730903,0.592876559165,0.330051906211,0.593199241626,0.435893584783,2.07676633928,1.37090534035,0.598426976259,2.07676633928,0.142306793022,0.0842511013216,51,0.00656370656371,0.261545677793,37,36,36,0.972972972973,0,0.675675675676,0.297297297297,0,-65,-0.0487987987988,0.0365565473713,-3.51351351351,-7.87272727273,-1.80555555556,-1.58046578387,0.108654504992,0.0862170117137,-2.60355591197,0.123694988481,0.0344483556404,-0.667254161678,0.0641137609429,0.0772991534581,0.0132541266911,-0.00202415506578,0.0767663392844,0.0465810160295,0.0184818613244,0.0767663392844,0.130136666852,0.0782784050759,44,0.00566280566281,-0.359650903404,-0.0540540540541,0.0540540540541,-0.027027027027,143,8,73,1108,0.662037037037,0.992831541219,0.00716845878136,0.337962962963,0.94701986755,0.662037037037,0.779291553134,0.76137691202,0.654868578256,0.638392857143,108,173,0,0,0,0
528,WLNM_dir_neg,0.916126499382,0.874578430494,00:00:04,10,20,9,1232383533,threshold_sweep,0.6,0.925925925926,0.578034682081,0.711743772242,100,8,73,338,0.578034682081,0.976878612717,0.0231213872832,0.421965317919,0.925925925926,0.578034682081,0.711743772242,0.843930635838,0.597302504817,0.612440191388,0.644396899552,0.554913294798,216,43,173,0,216,0,43,0,173,37,216,0.162162162162,1.32432432432,11.6756756757,21.6,6,8.1990990496,0.702237650082,0.31006006006,10.329336629,1.76937710775,0.765265265265,3.0868314707,0.528762798222,0.252752752753,0.579945114934,0.437917739848,2,1.32432432432,0.579945114934,2,0.0121701261701,0.00597269624573,7,0.000900900900901,0.621196581197,37,37,37,1,0,0.72972972973,0.243243243243,0.027027027027,37,0.0322822822823,1.31081081081,2.32432432432,4.3,1.79166666667,2.21176216893,0.951572095933,0.446260213702,2.38646080948,2.05346627793,0.818353236958,1.06753905766,0.918580119386,0.499057196732,0.544560874969,0.415438193275,2,1.359375,0.571280042621,2,0,0,0,0,0.0561885645219,37,32,32,0.864864864865,0,0.594594594595,0.0540540540541,0.216216216216,37,151,0.113363363363,1.3608808717,8.16216216216,13.7272727273,4.19444444444,6.61863326574,0.810892155074,0.396277071774,7.72578071703,1.89307209623,0.799713620906,2.41957730903,0.592876559165,0.330051906211,0.593199241626,0.435893584783,2.07676633928,1.37090534035,0.598426976259,2.07676633928,0.142306793022,0.0842511013216,51,0.00656370656371,0.261545677793,37,36,36,0.972972972973,0,0.675675675676,0.297297297297,0,-65,-0.0487987987988,0.0365565473713,-3.51351351351,-7.87272727273,-1.80555555556,-1.58046578387,0.108654504992,0.0862170117137,-2.60355591197,0.123694988481,0.0344483556404,-0.667254161678,0.0641137609429,0.0772991534581,0.0132541266911,-0.00202415506578,0.0767663392844,0.0465810160295,0.0184818613244,0.0767663392844,0.130136666852,0.0782784050759,44,0.00566280566281,-0.359650903404,-0.0540540540541,0.0540540540541,-0.027027027027,143,8,73,1108,0.662037037037,0.992831541219,0.00716845878136,0.337962962963,0.94701986755,0.662037037037,0.779291553134,0.76137691202,0.654868578256,0.638392857143,108,173,0,0,0,0
529,WLNM_dir_neg,0.916126499382,0.874578430494,00:00:04,10,20,9,1232383533,threshold_sweep,0.7,0.92523364486,0.57225433526,0.707142857143,99,8,74,338,0.57225433526,0.976878612717,0.0231213872832,0.42774566474,0.92523364486,0.57225433526,0.707142857143,0.842003853565,0.597944765575,0.607028753994,0.639879366637,0.549132947977,216,43,173,0,216,0,43,0,173,37,216,0.162162162162,1.32432432432,11.6756756757,21.6,6,8.1990990496,0.702237650082,0.31006006006,10.329336629,1.76937710775,0.765265265265,3.0868314707,0.528762798222,0.252752752753,0.579945114934,0.437917739848,2,1.32432432432,0.579945114934,2,0.0121701261701,0.00597269624573,7,0.000900900900901,0.621196581197,37,37,37,1,0,0.72972972973,0.243243243243,0.027027027027,37,0.0322822822823,1.31081081081,2.32432432432,4.3,1.79166666667,2.21176216893,0.951572095933,0.446260213702,2.38646080948,2.05346627793,0.818353236958,1.06753905766,0.918580119386,0.499057196732,0.544560874969,0.415438193275,2,1.359375,0.571280042621,2,0,0,0,0,0.0561885645219,37,32,32,0.864864864865,0,0.594594594595,0.0540540540541,0.216216216216,37,150,0.112612612613,1.3608808717,8.10810810811,13.6363636364,4.16666666667,6.59875318098,0.813846225655,0.397297297297,7.691791967,1.89730868519,0.80036036036,2.40307610674,0.592758772995,0.33045045045,0.593199241626,0.435893584783,2.07676633928,1.37090534035,0.598426976259,2.07676633928,0.140527195807,0.0835189309577,50,0.00643500643501,0.258359534601,37,36,36,0.972972972973,0,0.675675675676,0.297297297297,0,-66,-0.0495495495495,0.0365565473713,-3.56756756757,-7.96363636364,-1.83333333333,-1.60034586862,0.111608575573,0.0872372372372,-2.637544662,0.127931577449,0.0350950950951,-0.683755363966,0.0639959747729,0.0776976976977,0.0132541266911,-0.00202415506578,0.0767663392844,0.0465810160295,0.0184818613244,0.0767663392844,0.128357069637,0.0775462347119,43,0.00553410553411,-0.362837046595,-0.0540540540541,0.0540540540541,-0.027027027027,142,8,74,1108,0.657407407407,0.992831541219,0.00716845878136,0.342592592593,0.946666666667,0.657407407407,0.775956284153,0.758189184208,0.650238948626,0.633928571429,107,173,0,0,0,0
530,WLNM_dir_neg,0.916126499382,0.874578430494,00:00:04,10,20,9,1232383533,threshold_sweep,0.8,0.92523364486,0.57225433526,0.707142857143,99,8,74,338,0.57225433526,0.976878612717,0.0231213872832,0.42774566474,0.92523364486,0.57225433526,0.707142857143,0.842003853565,0.597944765575,0.607028753994,0.639879366637,0.549132947977,216,43,173,0,216,0,43,0,173,37,216,0.162162162162,1.32432432432,11.6756756757,21.6,6,8.1990990496,0.702237650082,0.31006006006,10.329336629,1.76937710775,0.765265265265,3.0868314707,0.528762798222,0.252752752753,0.579945114934,0.437917739848,2,1.32432432432,0.579945114934,2,0.0121701261701,0.00597269624573,7,0.000900900900901,0.621196581197,37,37,37,1,0,0.72972972973,0.243243243243,0.027027027027,37,0.0322822822823,1.31081081081,2.32432432432,4.3,1.79166666667,2.21176216893,0.951572095933,0.446260213702,2.38646080948,2.05346627793,0.818353236958,1.06753905766,0.918580119386,0.499057196732,0.544560874969,0.415438193275,2,1.359375,0.571280042621,2,0,0,0,0,0.0561885645219,37,32,32,0.864864864865,0,0.594594594595,0.0540540540541,0.216216216216,37,150,0.112612612613,1.3608808717,8.10810810811,13.6363636364,4.16666666667,6.59875318098,0.813846225655,0.397297297297,7.691791967,1.89730868519,0.80036036036,2.40307610674,0.592758772995,0.33045045045,0.593199241626,0.435893584783,2.07676633928,1.37090534035,0.598426976259,2.07676633928,0.140527195807,0.0835189309577,50,0.00643500643501,0.258359534601,37,36,36,0.972972972973,0,0.675675675676,0.297297297297,0,-66,-0.0495495495495,0.0365565473713,-3.56756756757,-7.96363636364,-1.83333333333,-1.60034586862,0.111608575573,0.0872372372372,-2.637544662,0.127931577449,0.0350950950951,-0.683755363966,0.0639959747729,0.0776976976977,0.0132541266911,-0.00202415506578,0.0767663392844,0.0465810160295,0.0184818613244,0.0767663392844,0.128357069637,0.0775462347119,43,0.00553410553411,-0.362837046595,-0.0540540540541,0.0540540540541,-0.027027027027,142,8,74,1108,0.657407407407,0.992831541219,0.00716845878136,0.342592592593,0.946666666667,0.657407407407,0.775956284153,0.758189184208,0.650238948626,0.633928571429,107,173,0,0,0,0
531,WLNM_dir_neg,0.916126499382,0.874578430494,00:00:04,10,20,9,1232383533,threshold_sweep,0.9,0.933962264151,0.57225433526,0.709677419355,99,7,74,339,0.57225433526,0.979768786127,0.0202312138728,0.42774566474,0.933962264151,0.57225433526,0.709677419355,0.843930635838,0.598587026333,0.6112,0.645491326427,0.552023121387,216,43,173,0,216,0,43,0,173,37,216,0.162162162162,1.32432432432,11.6756756757,21.6,6,8.1990990496,0.702237650082,0.31006006006,10.329336629,1.76937710775,0.765265265265,3.0868314707,0.528762798222,0.252752752753,0.579945114934,0.437917739848,2,1.32432432432,0.579945114934,2,0.0121701261701,0.00597269624573,7,0.000900900900901,0.621196581197,37,37,37,1,0,0.72972972973,0.243243243243,0.027027027027,37,0.0322822822823,1.31081081081,2.32432432432,4.3,1.79166666667,2.21176216893,0.951572095933,0.446260213702,2.38646080948,2.05346627793,0.818353236958,1.06753905766,0.918580119386,0.499057196732,0.544560874969,0.415438193275,2,1.359375,0.571280042621,2,0,0,0,0,0.0561885645219,37,32,32,0.864864864865,0,0.594594594595,0.0540540540541,0.216216216216,37,149,0.111861861862,1.35969773502,8.05405405405,13.5454545455,4.13888888889,6.51044436931,0.808343763975,0.394522038817,7.62119298946,1.89251101081,0.79920188645,2.42081811798,0.60114275413,0.335570469799,0.591420018753,0.434964333265,2.07129433214,1.36968933877,0.596633856879,2.07129433214,0.119193423989,0.0732954545455,43,0.00553410553411,0.259361379832,37,36,36,0.972972972973,0,0.675675675676,0.297297297297,0,-67,-0.0503003003003,0.0353734106908,-3.62162162162,-8.05454545455,-1.86111111111,-1.68865468029,0.106106113893,0.0844619787573,-2.70814363954,0.12313390306,0.0339366211849,-0.66601335272,0.0723799559079,0.0828177170459,0.0114749038181,-0.00295340658365,0.0712943321373,0.0453650144412,0.0166887419448,0.0712943321373,0.107023297819,0.0673227582997,36,0.0046332046332,-0.361835201364,-0.0540540540541,0.0540540540541,-0.027027027027,142,7,74,1109,0.657407407407,0.993727598566,0.00627240143369,0.342592592593,0.953020134228,0.657407407407,0.778082191781,0.761455469674,0.651135005974,0.636771300448,106,173,0,0,0,0
532,WLNM_dir_neg,0.949447024625,0.406098178665,00:00:05,10,20,10,1232383534,threshold_sweep,0.1,0.902857142857,0.913294797688,0.908045977011,158,17,15,329,0.913294797688,0.950867052023,0.0491329479769,0.0867052023121,0.902857142857,0.913294797688,0.908045977011,0.938342967245,0.55427103404,0.861671469741,0.861703674468,0.864161849711,216,43,173,0,216,0,43,0,173,37,216,0.162162162162,1.32432432432,11.6756756757,21.6,6,8.1990990496,0.702237650082,0.31006006006,10.329336629,1.76937710775,0.765265265265,3.0868314707,0.528762798222,0.252752752753,0.579945114934,0.437917739848,2,1.32432432432,0.579945114934,2,0.0121701261701,0.00597269624573,7,0.000900900900901,0.621196581197,37,37,37,1,0,0.72972972973,0.243243243243,0.027027027027,37,0.0322822822823,1.25675675676,2.32432432432,4.77777777778,1.86956521739,2.18649966402,0.940703343825,0.47642991829,2.32753462217,2.00276234931,0.814582023884,1.28048414267,1.10181193672,0.560653676933,0.465797130699,0.37063427604,1.5,1.3064516129,0.49459443579,1.5,0,0,0,0,0.103423043006,37,31,31,0.837837837838,0,0.594594594595,0.027027027027,0.216216216216,37,218,0.163663663664,1.35808064216,11.7837837838,21.8,5.89189189189,9.10169439395,0.772391496734,0.358418051079,10.8801138265,1.84662482376,0.785271510042,2.60110856478,0.441472554573,0.228118026283,0.635884596477,0.468223002917,2.18683065554,1.35808064216,0.635884596477,2.18683065554,0.32414665477,0.197973713034,241,0.0310167310167,0.503823023109,37,37,37,1,0,0.72972972973,0.27027027027,0,2,0.0015015015015,0.0337563178382,0.108108108108,0.2,-0.108108108108,0.902595344344,0.0701538466523,0.0483579910185,0.550777197467,0.0772477160128,0.0200062447769,-0.485722905925,-0.0872902436499,-0.0246347264696,0.0559394815422,0.0303052630684,0.186830655541,0.0337563178382,0.0559394815422,0.186830655541,0.3119765286,0.192001016788,234,0.0301158301158,-0.117373558087,0,0.027027027027,-0.027027027027,201,17,15,1099,0.930555555556,0.98476702509,0.0152329749104,0.0694444444444,0.922018348624,0.930555555556,0.926267281106,0.911931688194,0.915322580645,0.862660944206,175,173,0,0,0,0
533,WLNM_dir_neg,0.949447024625,0.406098178665,00:00:05,10,20,10,1232383534,threshold_sweep,0.2,0.901734104046,0.901734104046,0.901734104046,156,17,17,329,0.901734104046,0.950867052023,0.0491329479769,0.0982658959538,0.901734104046,0.901734104046,0.901734104046,0.934489402697,0.555555555556,0.852601156069,0.852601156069,0.852601156069,216,43,173,0,216,0,43,0,173,37,216,0.162162162162,1.32432432432,11.6756756757,21.6,6,8.1990990496,0.702237650082,0.31006006006,10.329336629,1.76937710775,0.765265265265,3.0868314707,0.528762798222,0.252752752753,0.579945114934,0.437917739848,2,1.32432432432,0.579945114934,2,0.0121701261701,0.00597269624573,7,0.000900900900901,0.621196581197,37,37,37,1,0,0.72972972973,0.243243243243,0.027027027027,37,0.0322822822823,1.25675675676,2.32432432432,4.77777777778,1.86956521739,2.18649966402,0.940703343825,0.47642991829,2.32753462217,2.00276234931,0.814582023884,1.28048414267,1.10181193672,0.560653676933,0.465797130699,0.37063427604,1.5,1.3064516129,0.49459443579,1.5,0,0,0,0,0.103423043006,37,31,31,0.837837837838,0,0.594594594595,0.027027027027,0.216216216216,37,216,0.162162162162,1.35847634769,11.6756756757,21.6,5.83783783784,9.06474873726,0.776378942775,0.361111111111,10.8128357713,1.85219872009,0.787037037037,2.56594701506,0.439537220172,0.22997997998,0.636444803888,0.468498995195,2.18725329867,1.35847634769,0.636444803888,2.18725329867,0.325690764834,0.197664720601,237,0.0305019305019,0.492317933903,37,37,37,1,0,0.72972972973,0.27027027027,0,0,0,0.0341520233632,0,0,-0.162162162162,0.865649687656,0.0741412926928,0.0510510510511,0.483499142315,0.082821612341,0.0217717717718,-0.520884455646,-0.0892255780505,-0.0227727727728,0.056499688954,0.030581255347,0.187253298666,0.0341520233632,0.056499688954,0.187253298666,0.313520638663,0.191692024355,230,0.029601029601,-0.128878647293,0,0.027027027027,-0.027027027027,199,17,17,1099,0.921296296296,0.98476702509,0.0152329749104,0.0787037037037,0.921296296296,0.921296296296,0.921296296296,0.906063321386,0.906063321386,0.854077253219,173,173,0,0,0,0
534,WLNM_dir_neg,0.949447024625,0.406098178665,00:00:05,10,20,10,1232383534,threshold_sweep,0.3,0.901734104046,0.901734104046,0.901734104046,156,17,17,329,0.901734104046,0.950867052023,0.0491329479769,0.0982658959538,0.901734104046,0.901734104046,0.901734104046,0.934489402697,0.555555555556,0.852601156069,0.852601156069,0.852601156069,216,43,173,0,216,0,43,0,173,37,216,0.162162162162,1.32432432432,11.6756756757,21.6,6,8.1990990496,0.702237650082,0.31006006006,10.329336629,1.76937710775,0.765265265265,3.0868314707,0.528762798222,0.252752752753,0.579945114934,0.437917739848,2,1.32432432432,0.579945114934,2,0.0121701261701,0.00597269624573,7,0.000900900900901,0.621196581197,37,37,37,1,0,0.72972972973,0.243243243243,0.027027027027,37,0.0322822822823,1.25675675676,2.32432432432,4.77777777778,1.86956521739,2.18649966402,0.940703343825,0.47642991829,2.32753462217,2.00276234931,0.814582023884,1.28048414267,1.10181193672,0.560653676933,0.465797130699,0.37063427604,1.5,1.3064516129,0.49459443579,1.5,0,0,0,0,0.103423043006,37,31,31,0.837837837838,0,0.594594594595,0.027027027027,0.216216216216,37,216,0.162162162162,1.35847634769,11.6756756757,21.6,5.83783783784,9.06474873726,0.776378942775,0.361111111111,10.8128357713,1.85219872009,0.787037037037,2.56594701506,0.439537220172,0.22997997998,0.636444803888,0.468498995195,2.18725329867,1.35847634769,0.636444803888,2.18725329867,0.325690764834,0.197664720601,237,0.0305019305019,0.492317933903,37,37,37,1,0,0.72972972973,0.27027027027,0,0,0,0.0341520233632,0,0,-0.162162162162,0.865649687656,0.0741412926928,0.0510510510511,0.483499142315,0.082821612341,0.0217717717718,-0.520884455646,-0.0892255780505,-0.0227727727728,0.056499688954,0.030581255347,0.187253298666,0.0341520233632,0.056499688954,0.187253298666,0.313520638663,0.191692024355,230,0.029601029601,-0.128878647293,0,0.027027027027,-0.027027027027,199,17,17,1099,0.921296296296,0.98476702509,0.0152329749104,0.0787037037037,0.921296296296,0.921296296296,0.921296296296,0.906063321386,0.906063321386,0.854077253219,173,173,0,0,0,0
535,WLNM_dir_neg,0.949447024625,0.406098178665,00:00:05,10,20,10,1232383534,threshold_sweep,0.4,0.906976744186,0.901734104046,0.904347826087,156,16,17,330,0.901734104046,0.953757225434,0.0462427745665,0.0982658959538,0.906976744186,0.901734104046,0.904347826087,0.936416184971,0.556197816313,0.856729377713,0.856737452038,0.85549132948,216,43,173,0,216,0,43,0,173,37,216,0.162162162162,1.32432432432,11.6756756757,21.6,6,8.1990990496,0.702237650082,0.31006006006,10.329336629,1.76937710775,0.765265265265,3.0868314707,0.528762798222,0.252752752753,0.579945114934,0.437917739848,2,1.32432432432,0.579945114934,2,0.0121701261701,0.00597269624573,7,0.000900900900901,0.621196581197,37,37,37,1,0,0.72972972973,0.243243243243,0.027027027027,37,0.0322822822823,1.25675675676,2.32432432432,4.77777777778,1.86956521739,2.18649966402,0.940703343825,0.47642991829,2.32753462217,2.00276234931,0.814582023884,1.28048414267,1.10181193672,0.560653676933,0.465797130699,0.37063427604,1.5,1.3064516129,0.49459443579,1.5,0,0,0,0,0.103423043006,37,31,31,0.837837837838,0,0.594594594595,0.027027027027,0.216216216216,37,215,0.161411411411,1.3563110998,11.6216216216,21.5,5.81081081081,8.979456032,0.77265086787,0.359270898806,10.7544250268,1.85076151624,0.78667504714,2.60168575519,0.447731967173,0.234066624764,0.631782522292,0.465809446216,2.15275044074,1.3563110998,0.631782522292,2.15275044074,0.304350509433,0.185122569738,219,0.0281853281853,0.494389209453,37,37,37,1,0,0.72972972973,0.27027027027,0,-1,-0.000750750750751,0.0319867754712,-0.0540540540541,-0.1,-0.189189189189,0.780356982396,0.0704132177879,0.0492108387457,0.425088397828,0.0813844084994,0.0214097818749,-0.485145715512,-0.0810308310499,-0.0186861279885,0.0518374073574,0.0278917063671,0.15275044074,0.0319867754712,0.0518374073574,0.15275044074,0.292180383263,0.179149873492,212,0.0272844272844,-0.126807371743,0,0.027027027027,-0.027027027027,199,16,17,1100,0.921296296296,0.985663082437,0.0143369175627,0.0787037037037,0.925581395349,0.921296296296,0.92343387471,0.908659125525,0.906959378734,0.85775862069,172,173,0,0,0,0
536,WLNM_dir_neg,0.949447024625,0.406098178665,00:00:05,10,20,10,1232383534,threshold_sweep,0.5,0.906432748538,0.895953757225,0.901162790698,155,16,18,330,0.895953757225,0.953757225434,0.0462427745665,0.104046242775,0.906432748538,0.895953757225,0.901162790698,0.934489402697,0.556840077071,0.852173913043,0.852206133166,0.849710982659,216,43,173,0,216,0,43,0,173,37,216,0.162162162162,1.32432432432,11.6756756757,21.6,6,8.1990990496,0.702237650082,0.31006006006,10.329336629,1.76937710775,0.765265265265,3.0868314707,0.528762798222,0.252752752753,0.579945114934,0.437917739848,2,1.32432432432,0.579945114934,2,0.0121701261701,0.00597269624573,7,0.000900900900901,0.621196581197,37,37,37,1,0,0.72972972973,0.243243243243,0.027027027027,37,0.0322822822823,1.25675675676,2.32432432432,4.77777777778,1.86956521739,2.18649966402,0.940703343825,0.47642991829,2.32753462217,2.00276234931,0.814582023884,1.28048414267,1.10181193672,0.560653676933,0.465797130699,0.37063427604,1.5,1.3064516129,0.49459443579,1.5,0,0,0,0,0.103423043006,37,31,31,0.837837837838,0,0.594594594595,0.027027027027,0.216216216216,37,214,0.160660660661,1.35652773156,11.5675675676,21.4,5.78378378378,8.96765961212,0.775241601983,0.360444556706,10.7241553284,1.85417638855,0.787572619348,2.58344231098,0.446669932273,0.234655215964,0.63208265334,0.465956307883,2.15275047924,1.35652773156,0.63208265334,2.15275047924,0.306142688293,0.185584562997,218,0.0280566280566,0.488611122066,37,37,37,1,0,0.72972972973,0.27027027027,0,-2,-0.0015015015015,0.0322034072393,-0.108108108108,-0.2,-0.216216216216,0.768560562519,0.0730039519008,0.0503844966462,0.394818699394,0.0847992808087,0.0223073540831,-0.503389159722,-0.0820928659498,-0.0180975367891,0.0521375384054,0.0280385680342,0.152750479239,0.0322034072393,0.0521375384054,0.152750479239,0.293972562123,0.179611866751,211,0.0271557271557,-0.13258545913,0,0.027027027027,-0.027027027027,198,16,18,1100,0.916666666667,0.985663082437,0.0143369175627,0.0833333333333,0.92523364486,0.916666666667,0.920930232558,0.905725218954,0.902329749104,0.853448275862,171,173,0,0,0,0
537,WLNM_dir_neg,0.949447024625,0.406098178665,00:00:05,10,20,10,1232383534,threshold_sweep,0.6,0.906432748538,0.895953757225,0.901162790698,155,16,18,330,0.895953757225,0.953757225434,0.0462427745665,0.104046242775,0.906432748538,0.895953757225,0.901162790698,0.934489402697,0.556840077071,0.852173913043,0.852206133166,0.849710982659,216,43,173,0,216,0,43,0,173,37,216,0.162162162162,1.32432432432,11.6756756757,21.6,6,8.1990990496,0.702237650082,0.31006006006,10.329336629,1.76937710775,0.765265265265,3.0868314707,0.528762798222,0.252752752753,0.579945114934,0.437917739848,2,1.32432432432,0.579945114934,2,0.0121701261701,0.00597269624573,7,0.000900900900901,0.621196581197,37,37,37,1,0,0.72972972973,0.243243243243,0.027027027027,37,0.0322822822823,1.25675675676,2.32432432432,4.77777777778,1.86956521739,2.18649966402,0.940703343825,0.47642991829,2.32753462217,2.00276234931,0.814582023884,1.28048414267,1.10181193672,0.560653676933,0.465797130699,0.37063427604,1.5,1.3064516129,0.49459443579,1.5,0,0,0,0,0.103423043006,37,31,31,0.837837837838,0,0.594594594595,0.027027027027,0.216216216216,37,214,0.160660660661,1.35652773156,11.5675675676,21.4,5.78378378378,8.96765961212,0.775241601983,0.360444556706,10.7241553284,1.85417638855,0.787572619348,2.58344231098,0.446669932273,0.234655215964,0.63208265334,0.465956307883,2.15275047924,1.35652773156,0.63208265334,2.15275047924,0.306142688293,0.185584562997,218,0.0280566280566,0.488611122066,37,37,37,1,0,0.72972972973,0.27027027027,0,-2,-0.0015015015015,0.0322034072393,-0.108108108108,-0.2,-0.216216216216,0.768560562519,0.0730039519008,0.0503844966462,0.394818699394,0.0847992808087,0.0223073540831,-0.503389159722,-0.0820928659498,-0.0180975367891,0.0521375384054,0.0280385680342,0.152750479239,0.0322034072393,0.0521375384054,0.152750479239,0.293972562123,0.179611866751,211,0.0271557271557,-0.13258545913,0,0.027027027027,-0.027027027027,198,16,18,1100,0.916666666667,0.985663082437,0.0143369175627,0.0833333333333,0.92523364486,0.916666666667,0.920930232558,0.905725218954,0.902329749104,0.853448275862,171,173,0,0,0,0
538,WLNM_dir_neg,0.949447024625,0.406098178665,00:00:05,10,20,10,1232383534,threshold_sweep,0.7,0.906432748538,0.895953757225,0.901162790698,155,16,18,330,0.895953757225,0.953757225434,0.0462427745665,0.104046242775,0.906432748538,0.895953757225,0.901162790698,0.934489402697,0.556840077071,0.852173913043,0.852206133166,0.849710982659,216,43,173,0,216,0,43,0,173,37,216,0.162162162162,1.32432432432,11.6756756757,21.6,6,8.1990990496,0.702237650082,0.31006006006,10.329336629,1.76937710775,0.765265265265,3.0868314707,0.528762798222,0.252752752753,0.579945114934,0.437917739848,2,1.32432432432,0.579945114934,2,0.0121701261701,0.00597269624573,7,0.000900900900901,0.621196581197,37,37,37,1,0,0.72972972973,0.243243243243,0.027027027027,37,0.0322822822823,1.25675675676,2.32432432432,4.77777777778,1.86956521739,2.18649966402,0.940703343825,0.47642991829,2.32753462217,2.00276234931,0.814582023884,1.28048414267,1.10181193672,0.560653676933,0.465797130699,0.37063427604,1.5,1.3064516129,0.49459443579,1.5,0,0,0,0,0.103423043006,37,31,31,0.837837837838,0,0.594594594595,0.027027027027,0.216216216216,37,214,0.160660660661,1.35652773156,11.5675675676,21.4,5.78378378378,8.96765961212,0.775241601983,0.360444556706,10.7241553284,1.85417638855,0.787572619348,2.58344231098,0.446669932273,0.234655215964,0.63208265334,0.465956307883,2.15275047924,1.35652773156,0.63208265334,2.15275047924,0.306142688293,0.185584562997,218,0.0280566280566,0.488611122066,37,37,37,1,0,0.72972972973,0.27027027027,0,-2,-0.0015015015015,0.0322034072393,-0.108108108108,-0.2,-0.216216216216,0.768560562519,0.0730039519008,0.0503844966462,0.394818699394,0.0847992808087,0.0223073540831,-0.503389159722,-0.0820928659498,-0.0180975367891,0.0521375384054,0.0280385680342,0.152750479239,0.0322034072393,0.0521375384054,0.152750479239,0.293972562123,0.179611866751,211,0.0271557271557,-0.13258545913,0,0.027027027027,-0.027027027027,198,16,18,1100,0.916666666667,0.985663082437,0.0143369175627,0.0833333333333,0.92523364486,0.916666666667,0.920930232558,0.905725218954,0.902329749104,0.853448275862,171,173,0,0,0,0
539,WLNM_dir_neg,0.949447024625,0.406098178665,00:00:05,10,20,10,1232383534,threshold_sweep,0.8,0.904191616766,0.872832369942,0.888235294118,151,16,22,330,0.872832369942,0.953757225434,0.0462427745665,0.127167630058,0.904191616766,0.872832369942,0.888235294118,0.926782273603,0.559409120103,0.833819241983,0.834106427822,0.826589595376,216,43,173,0,216,0,43,0,173,37,216,0.162162162162,1.32432432432,11.6756756757,21.6,6,8.1990990496,0.702237650082,0.31006006006,10.329336629,1.76937710775,0.765265265265,3.0868314707,0.528762798222,0.252752752753,0.579945114934,0.437917739848,2,1.32432432432,0.579945114934,2,0.0121701261701,0.00597269624573,7,0.000900900900901,0.621196581197,37,37,37,1,0,0.72972972973,0.243243243243,0.027027027027,37,0.0322822822823,1.25675675676,2.32432432432,4.77777777778,1.86956521739,2.18649966402,0.940703343825,0.47642991829,2.32753462217,2.00276234931,0.814582023884,1.28048414267,1.10181193672,0.560653676933,0.465797130699,0.37063427604,1.5,1.3064516129,0.49459443579,1.5,0,0,0,0,0.103423043006,37,31,31,0.837837837838,0,0.594594594595,0.027027027027,0.216216216216,37,210,0.157657657658,1.35728751865,11.3513513514,21,5.67567567568,8.84815177253,0.779480037104,0.367438867439,10.5331594238,1.85584237467,0.789189189189,2.59330392072,0.456915452698,0.243758043758,0.633193341838,0.466513788079,2.15358883744,1.35728751865,0.633193341838,2.15358883744,0.294641398122,0.181871689229,206,0.0265122265122,0.478701004085,37,37,37,1,0,0.72972972973,0.27027027027,0,-6,-0.0045045045045,0.0329631943282,-0.324324324324,-0.6,-0.324324324324,0.649052722929,0.0772423870223,0.0573788073788,0.203822794813,0.0864652669264,0.0239239239239,-0.493527549983,-0.071847345524,-0.00899470899471,0.0532482269038,0.0285960482301,0.153588837437,0.0329631943282,0.0532482269038,0.153588837437,0.282471271952,0.175898992983,199,0.0256113256113,-0.142495577111,0,0.027027027027,-0.027027027027,194,16,22,1100,0.898148148148,0.985663082437,0.0143369175627,0.101851851852,0.92380952381,0.898148148148,0.910798122066,0.893948320706,0.883811230585,0.836206896552,167,173,0,0,0,0
540,WLNM_dir_neg,0.949447024625,0.406098178665,00:00:05,10,20,10,1232383534,threshold_sweep,0.9,0.913043478261,0.849710982659,0.880239520958,147,14,26,332,0.849710982659,0.959537572254,0.0404624277457,0.150289017341,0.913043478261,0.849710982659,0.880239520958,0.922928709056,0.56326268465,0.823529411765,0.824685924421,0.809248554913,216,43,173,0,216,0,43,0,173,37,216,0.162162162162,1.32432432432,11.6756756757,21.6,6,8.1990990496,0.702237650082,0.31006006006,10.329336629,1.76937710775,0.765265265265,3.0868314707,0.528762798222,0.252752752753,0.579945114934,0.437917739848,2,1.32432432432,0.579945114934,2,0.0121701261701,0.00597269624573,7,0.000900900900901,0.621196581197,37,37,37,1,0,0.72972972973,0.243243243243,0.027027027027,37,0.0322822822823,1.25675675676,2.32432432432,4.77777777778,1.86956521739,2.18649966402,0.940703343825,0.47642991829,2.32753462217,2.00276234931,0.814582023884,1.28048414267,1.10181193672,0.560653676933,0.465797130699,0.37063427604,1.5,1.3064516129,0.49459443579,1.5,0,0,0,0,0.103423043006,37,31,31,0.837837837838,0,0.594594594595,0.027027027027,0.216216216216,37,204,0.153153153153,1.35585703561,11.027027027,20.4,5.51351351351,8.52931704471,0.773491986898,0.370694223635,10.2051773941,1.85093903717,0.788553259141,2.71438167321,0.492314323083,0.262586115527,0.631114161266,0.465472497976,2.15358853692,1.35585703561,0.631114161266,2.15358853692,0.24382048823,0.149197355996,158,0.0203346203346,0.48002884343,37,37,37,1,0,0.72972972973,0.27027027027,0,-12,-0.00900900900901,0.0315327112901,-0.648648648649,-1.2,-0.486486486486,0.33021799511,0.0712543368162,0.0606341635753,-0.124159234871,0.0815619294252,0.0232879938762,-0.372449797492,-0.0364484751399,0.00983336277454,0.0511690463316,0.0275547581277,0.153588536917,0.0315327112901,0.0511690463316,0.153588536917,0.23165036206,0.14322465975,151,0.0194337194337,-0.141167737767,0,0.027027027027,-0.027027027027,190,14,26,1102,0.87962962963,0.987455197133,0.0125448028674,0.12037037037,0.93137254902,0.87962962963,0.904761904762,0.887464369729,0.867084826762,0.826086956522,161,173,0,0,0,0
541,WLNM_dir_neg,0.92432089278,0.321672239217,00:00:04,10,20,11,1232383535,threshold_sweep,0.1,0.93006993007,0.768786127168,0.841772151899,133,10,40,336,0.768786127168,0.971098265896,0.028901734104,0.231213872832,0.93006993007,0.768786127168,0.841772151899,0.90366088632,0.574823378292,0.773413897281,0.780661975551,0.739884393064,216,43,173,0,216,0,43,0,173,37,216,0.162162162162,1.32432432432,11.6756756757,21.6,6,8.1990990496,0.702237650082,0.31006006006,10.329336629,1.76937710775,0.765265265265,3.0868314707,0.528762798222,0.252752752753,0.579945114934,0.437917739848,2,1.32432432432,0.579945114934,2,0.0121701261701,0.00597269624573,7,0.000900900900901,0.621196581197,37,37,37,1,0,0.72972972973,0.243243243243,0.027027027027,37,0.0322822822823,1.27027027027,2.32432432432,4.77777777778,1.95454545455,2.06900478027,0.890153219419,0.480829666876,2.25479136154,1.94016931109,0.804525455688,1.30199661873,1.12032267193,0.5795097423,0.508191163105,0.400065383721,2,1.33333333333,0.546672273591,2,0,0,0,0,0.115344917428,37,30,30,0.810810810811,0,0.567567567568,0.027027027027,0.216216216216,37,186,0.13963963964,1.35590542415,10.0540540541,16.9090909091,5.8125,7.83136835619,0.778926422524,0.389712292938,9.56987892204,1.90368559202,0.790758500436,3.53935404093,0.704065051152,0.366172624237,0.577613461113,0.425998340906,2.09523809524,1.36579168593,0.582623522927,2.09523809524,0.182031989986,0.150645624103,140,0.018018018018,0.460141992632,37,36,36,0.972972972973,0,0.675675675676,0.189189189189,0.108108108108,-30,-0.0225225225225,0.0315810998231,-1.62162162162,-4.69090909091,-0.1875,-0.367730693415,0.0766887724424,0.079652232878,-0.759457706956,0.134308484274,0.0254932351707,0.452522570223,0.17530225293,0.113419871484,-0.00233165382157,-0.011919398942,0.0952380952381,0.0414673616049,0.00267840799283,0.0952380952381,0.169861863816,0.144672927858,133,0.0171171171171,-0.161054588565,-0.0540540540541,-0.0540540540541,0.0810810810811,176,10,40,1106,0.814814814815,0.991039426523,0.0089605734767,0.185185185185,0.94623655914,0.814814814815,0.875621890547,0.856972109699,0.805854241338,0.778761061947,143,173,0,0,0,0
542,WLNM_dir_neg,0.92432089278,0.321672239217,00:00:04,10,20,11,1232383535,threshold_sweep,0.2,0.93006993007,0.768786127168,0.841772151899,133,10,40,336,0.768786127168,0.971098265896,0.028901734104,0.231213872832,0.93006993007,0.768786127168,0.841772151899,0.90366088632,0.574823378292,0.773413897281,0.780661975551,0.739884393064,216,43,173,0,216,0,43,0,173,37,216,0.162162162162,1.32432432432,11.6756756757,21.6,6,8.1990990496,0.702237650082,0.31006006006,10.329336629,1.76937710775,0.765265265265,3.0868314707,0.528762798222,0.252752752753,0.579945114934,0.437917739848,2,1.32432432432,0.579945114934,2,0.0121701261701,0.00597269624573,7,0.000900900900901,0.621196581197,37,37,37,1,0,0.72972972973,0.243243243243,0.027027027027,37,0.0322822822823,1.27027027027,2.32432432432,4.77777777778,1.95454545455,2.06900478027,0.890153219419,0.480829666876,2.25479136154,1.94016931109,0.804525455688,1.30199661873,1.12032267193,0.5795097423,0.508191163105,0.400065383721,2,1.33333333333,0.546672273591,2,0,0,0,0,0.115344917428,37,30,30,0.810810810811,0,0.567567567568,0.027027027027,0.216216216216,37,186,0.13963963964,1.35590542415,10.0540540541,16.9090909091,5.8125,7.83136835619,0.778926422524,0.389712292938,9.56987892204,1.90368559202,0.790758500436,3.53935404093,0.704065051152,0.366172624237,0.577613461113,0.425998340906,2.09523809524,1.36579168593,0.582623522927,2.09523809524,0.182031989986,0.150645624103,140,0.018018018018,0.460141992632,37,36,36,0.972972972973,0,0.675675675676,0.189189189189,0.108108108108,-30,-0.0225225225225,0.0315810998231,-1.62162162162,-4.69090909091,-0.1875,-0.367730693415,0.0766887724424,0.079652232878,-0.759457706956,0.134308484274,0.0254932351707,0.452522570223,0.17530225293,0.113419871484,-0.00233165382157,-0.011919398942,0.0952380952381,0.0414673616049,0.00267840799283,0.0952380952381,0.169861863816,0.144672927858,133,0.0171171171171,-0.161054588565,-0.0540540540541,-0.0540540540541,0.0810810810811,176,10,40,1106,0.814814814815,0.991039426523,0.0089605734767,0.185185185185,0.94623655914,0.814814814815,0.875621890547,0.856972109699,0.805854241338,0.778761061947,143,173,0,0,0,0
543,WLNM_dir_neg,0.92432089278,0.321672239217,00:00:04,10,20,11,1232383535,threshold_sweep,0.3,0.93006993007,0.768786127168,0.841772151899,133,10,40,336,0.768786127168,0.971098265896,0.028901734104,0.231213872832,0.93006993007,0.768786127168,0.841772151899,0.90366088632,0.574823378292,0.773413897281,0.780661975551,0.739884393064,216,43,173,0,216,0,43,0,173,37,216,0.162162162162,1.32432432432,11.6756756757,21.6,6,8.1990990496,0.702237650082,0.31006006006,10.329336629,1.76937710775,0.765265265265,3.0868314707,0.528762798222,0.252752752753,0.579945114934,0.437917739848,2,1.32432432432,0.579945114934,2,0.0121701261701,0.00597269624573,7,0.000900900900901,0.621196581197,37,37,37,1,0,0.72972972973,0.243243243243,0.027027027027,37,0.0322822822823,1.27027027027,2.32432432432,4.77777777778,1.95454545455,2.06900478027,0.890153219419,0.480829666876,2.25479136154,1.94016931109,0.804525455688,1.30199661873,1.12032267193,0.5795097423,0.508191163105,0.400065383721,2,1.33333333333,0.546672273591,2,0,0,0,0,0.115344917428,37,30,30,0.810810810811,0,0.567567567568,0.027027027027,0.216216216216,37,186,0.13963963964,1.35590542415,10.0540540541,16.9090909091,5.8125,7.83136835619,0.778926422524,0.389712292938,9.56987892204,1.90368559202,0.790758500436,3.53935404093,0.704065051152,0.366172624237,0.577613461113,0.425998340906,2.09523809524,1.36579168593,0.582623522927,2.09523809524,0.182031989986,0.150645624103,140,0.018018018018,0.460141992632,37,36,36,0.972972972973,0,0.675675675676,0.189189189189,0.108108108108,-30,-0.0225225225225,0.0315810998231,-1.62162162162,-4.69090909091,-0.1875,-0.367730693415,0.0766887724424,0.079652232878,-0.759457706956,0.134308484274,0.0254932351707,0.452522570223,0.17530225293,0.113419871484,-0.00233165382157,-0.011919398942,0.0952380952381,0.0414673616049,0.00267840799283,0.0952380952381,0.169861863816,0.144672927858,133,0.0171171171171,-0.161054588565,-0.0540540540541,-0.0540540540541,0.0810810810811,176,10,40,1106,0.814814814815,0.991039426523,0.0089605734767,0.185185185185,0.94623655914,0.814814814815,0.875621890547,0.856972109699,0.805854241338,0.778761061947,143,173,0,0,0,0
544,WLNM_dir_neg,0.92432089278,0.321672239217,00:00:04,10,20,11,1232383535,threshold_sweep,0.4,0.941176470588,0.739884393064,0.828478964401,128,8,45,338,0.739884393064,0.976878612717,0.0231213872832,0.260115606936,0.941176470588,0.739884393064,0.828478964401,0.897880539499,0.579319203597,0.757251908397,0.768365473885,0.71676300578,216,43,173,0,216,0,43,0,173,37,216,0.162162162162,1.32432432432,11.6756756757,21.6,6,8.1990990496,0.702237650082,0.31006006006,10.329336629,1.76937710775,0.765265265265,3.0868314707,0.528762798222,0.252752752753,0.579945114934,0.437917739848,2,1.32432432432,0.579945114934,2,0.0121701261701,0.00597269624573,7,0.000900900900901,0.621196581197,37,37,37,1,0,0.72972972973,0.243243243243,0.027027027027,37,0.0322822822823,1.27027027027,2.32432432432,4.77777777778,1.95454545455,2.06900478027,0.890153219419,0.480829666876,2.25479136154,1.94016931109,0.804525455688,1.30199661873,1.12032267193,0.5795097423,0.508191163105,0.400065383721,2,1.33333333333,0.546672273591,2,0,0,0,0,0.115344917428,37,30,30,0.810810810811,0,0.567567567568,0.027027027027,0.216216216216,37,179,0.134384384384,1.35525332482,9.67567567568,16.2727272727,6.1724137931,7.61961669368,0.787502283983,0.399667824249,9.17882077125,1.89729814825,0.787256530273,3.74546773161,0.774202827204,0.399214857315,0.576595226917,0.425451992154,2.09523809524,1.38659920642,0.591777293413,2.09523809524,0.17683522114,0.137413394919,119,0.0153153153153,0.486429793307,37,34,34,0.918918918919,0,0.621621621622,0.162162162162,0.135135135135,-37,-0.0277777777778,0.0309290004942,-2,-5.32727272727,0.172413793103,-0.579482355928,0.0852646339015,0.0896077641888,-1.15051585775,0.127921040502,0.021991265008,0.658636260906,0.245440028982,0.146462104563,-0.0033498880173,-0.0124657476946,0.0952380952381,0.0622748820959,0.0118321784785,0.0952380952381,0.164665094969,0.131440698673,112,0.0144144144144,-0.134766787889,-0.108108108108,-0.0810810810811,0.108108108108,171,8,45,1108,0.791666666667,0.992831541219,0.00716845878136,0.208333333333,0.95530726257,0.791666666667,0.86582278481,0.84783191273,0.784498207885,0.763392857143,136,173,0,0,0,0
545,WLNM_dir_neg,0.92432089278,0.321672239217,00:00:04,10,20,11,1232383535,threshold_sweep,0.5,0.955223880597,0.739884393064,0.833876221498,128,6,45,340,0.739884393064,0.982658959538,0.0173410404624,0.260115606936,0.955223880597,0.739884393064,0.833876221498,0.901734104046,0.580603725112,0.765696784074,0.778291427446,0.722543352601,216,43,173,0,216,0,43,0,173,37,216,0.162162162162,1.32432432432,11.6756756757,21.6,6,8.1990990496,0.702237650082,0.31006006006,10.329336629,1.76937710775,0.765265265265,3.0868314707,0.528762798222,0.252752752753,0.579945114934,0.437917739848,2,1.32432432432,0.579945114934,2,0.0121701261701,0.00597269624573,7,0.000900900900901,0.621196581197,37,37,37,1,0,0.72972972973,0.243243243243,0.027027027027,37,0.0322822822823,1.27027027027,2.32432432432,4.77777777778,1.95454545455,2.06900478027,0.890153219419,0.480829666876,2.25479136154,1.94016931109,0.804525455688,1.30199661873,1.12032267193,0.5795097423,0.508191163105,0.400065383721,2,1.33333333333,0.546672273591,2,0,0,0,0,0.115344917428,37,30,30,0.810810810811,0,0.567567567568,0.027027027027,0.216216216216,37,177,0.132882882883,1.27819595211,9.56756756757,19.6666666667,6.10344827586,7.63231630976,0.797727975879,0.398534127348,9.20487532396,1.92418297733,0.790960451977,3.68280641129,0.769852187671,0.392731714766,0.52036224525,0.407106785459,2,1.30274265377,0.53641068176,2,0.152876929833,0.120467836257,103,0.0132561132561,0.695061849047,37,34,34,0.918918918919,0,0.675675675676,0.108108108108,0.135135135135,-39,-0.0292792792793,-0.0461283722153,-2.10810810811,-1.93333333333,0.103448275862,-0.566782739843,0.0954903257972,0.0884740672876,-1.12446130504,0.154805869581,0.0256951867121,0.595974940589,0.241089389449,0.139978962013,-0.0595828696847,-0.0308109543895,0,-0.0215816705587,-0.0435344331745,0,0.140706803663,0.114495140012,96,0.0123552123552,0.0738652678508,-0.0540540540541,-0.135135135135,0.108108108108,171,6,45,1110,0.791666666667,0.994623655914,0.00537634408602,0.208333333333,0.966101694915,0.791666666667,0.870229007634,0.853815978679,0.786290322581,0.77027027027,134,173,0,0,0,0
546,WLNM_dir_neg,0.92432089278,0.321672239217,00:00:04,10,20,11,1232383535,threshold_sweep,0.6,0.955223880597,0.739884393064,0.833876221498,128,6,45,340,0.739884393064,0.982658959538,0.0173410404624,0.260115606936,0.955223880597,0.739884393064,0.833876221498,0.901734104046,0.580603725112,0.765696784074,0.778291427446,0.722543352601,216,43,173,0,216,0,43,0,173,37,216,0.162162162162,1.32432432432,11.6756756757,21.6,6,8.1990990496,0.702237650082,0.31006006006,10.329336629,1.76937710775,0.765265265265,3.0868314707,0.528762798222,0.252752752753,0.579945114934,0.437917739848,2,1.32432432432,0.579945114934,2,0.0121701261701,0.00597269624573,7,0.000900900900901,0.621196581197,37,37,37,1,0,0.72972972973,0.243243243243,0.027027027027,37,0.0322822822823,1.27027027027,2.32432432432,4.77777777778,1.95454545455,2.06900478027,0.890153219419,0.480829666876,2.25479136154,1.94016931109,0.804525455688,1.30199661873,1.12032267193,0.5795097423,0.508191163105,0.400065383721,2,1.33333333333,0.546672273591,2,0,0,0,0,0.115344917428,37,30,30,0.810810810811,0,0.567567567568,0.027027027027,0.216216216216,37,177,0.132882882883,1.27819595211,9.56756756757,19.6666666667,6.10344827586,7.63231630976,0.797727975879,0.398534127348,9.20487532396,1.92418297733,0.790960451977,3.68280641129,0.769852187671,0.392731714766,0.52036224525,0.407106785459,2,1.30274265377,0.53641068176,2,0.152876929833,0.120467836257,103,0.0132561132561,0.695061849047,37,34,34,0.918918918919,0,0.675675675676,0.108108108108,0.135135135135,-39,-0.0292792792793,-0.0461283722153,-2.10810810811,-1.93333333333,0.103448275862,-0.566782739843,0.0954903257972,0.0884740672876,-1.12446130504,0.154805869581,0.0256951867121,0.595974940589,0.241089389449,0.139978962013,-0.0595828696847,-0.0308109543895,0,-0.0215816705587,-0.0435344331745,0,0.140706803663,0.114495140012,96,0.0123552123552,0.0738652678508,-0.0540540540541,-0.135135135135,0.108108108108,171,6,45,1110,0.791666666667,0.994623655914,0.00537634408602,0.208333333333,0.966101694915,0.791666666667,0.870229007634,0.853815978679,0.786290322581,0.77027027027,134,173,0,0,0,0
547,WLNM_dir_neg,0.92432089278,0.321672239217,00:00:04,10,20,11,1232383535,threshold_sweep,0.7,0.955223880597,0.739884393064,0.833876221498,128,6,45,340,0.739884393064,0.982658959538,0.0173410404624,0.260115606936,0.955223880597,0.739884393064,0.833876221498,0.901734104046,0.580603725112,0.765696784074,0.778291427446,0.722543352601,216,43,173,0,216,0,43,0,173,37,216,0.162162162162,1.32432432432,11.6756756757,21.6,6,8.1990990496,0.702237650082,0.31006006006,10.329336629,1.76937710775,0.765265265265,3.0868314707,0.528762798222,0.252752752753,0.579945114934,0.437917739848,2,1.32432432432,0.579945114934,2,0.0121701261701,0.00597269624573,7,0.000900900900901,0.621196581197,37,37,37,1,0,0.72972972973,0.243243243243,0.027027027027,37,0.0322822822823,1.27027027027,2.32432432432,4.77777777778,1.95454545455,2.06900478027,0.890153219419,0.480829666876,2.25479136154,1.94016931109,0.804525455688,1.30199661873,1.12032267193,0.5795097423,0.508191163105,0.400065383721,2,1.33333333333,0.546672273591,2,0,0,0,0,0.115344917428,37,30,30,0.810810810811,0,0.567567567568,0.027027027027,0.216216216216,37,177,0.132882882883,1.27819595211,9.56756756757,19.6666666667,6.10344827586,7.63231630976,0.797727975879,0.398534127348,9.20487532396,1.92418297733,0.790960451977,3.68280641129,0.769852187671,0.392731714766,0.52036224525,0.407106785459,2,1.30274265377,0.53641068176,2,0.152876929833,0.120467836257,103,0.0132561132561,0.695061849047,37,34,34,0.918918918919,0,0.675675675676,0.108108108108,0.135135135135,-39,-0.0292792792793,-0.0461283722153,-2.10810810811,-1.93333333333,0.103448275862,-0.566782739843,0.0954903257972,0.0884740672876,-1.12446130504,0.154805869581,0.0256951867121,0.595974940589,0.241089389449,0.139978962013,-0.0595828696847,-0.0308109543895,0,-0.0215816705587,-0.0435344331745,0,0.140706803663,0.114495140012,96,0.0123552123552,0.0738652678508,-0.0540540540541,-0.135135135135,0.108108108108,171,6,45,1110,0.791666666667,0.994623655914,0.00537634408602,0.208333333333,0.966101694915,0.791666666667,0.870229007634,0.853815978679,0.786290322581,0.77027027027,134,173,0,0,0,0
548,WLNM_dir_neg,0.92432089278,0.321672239217,00:00:04,10,20,11,1232383535,threshold_sweep,0.8,0.955223880597,0.739884393064,0.833876221498,128,6,45,340,0.739884393064,0.982658959538,0.0173410404624,0.260115606936,0.955223880597,0.739884393064,0.833876221498,0.901734104046,0.580603725112,0.765696784074,0.778291427446,0.722543352601,216,43,173,0,216,0,43,0,173,37,216,0.162162162162,1.32432432432,11.6756756757,21.6,6,8.1990990496,0.702237650082,0.31006006006,10.329336629,1.76937710775,0.765265265265,3.0868314707,0.528762798222,0.252752752753,0.579945114934,0.437917739848,2,1.32432432432,0.579945114934,2,0.0121701261701,0.00597269624573,7,0.000900900900901,0.621196581197,37,37,37,1,0,0.72972972973,0.243243243243,0.027027027027,37,0.0322822822823,1.27027027027,2.32432432432,4.77777777778,1.95454545455,2.06900478027,0.890153219419,0.480829666876,2.25479136154,1.94016931109,0.804525455688,1.30199661873,1.12032267193,0.5795097423,0.508191163105,0.400065383721,2,1.33333333333,0.546672273591,2,0,0,0,0,0.115344917428,37,30,30,0.810810810811,0,0.567567567568,0.027027027027,0.216216216216,37,177,0.132882882883,1.27819595211,9.56756756757,19.6666666667,6.10344827586,7.63231630976,0.797727975879,0.398534127348,9.20487532396,1.92418297733,0.790960451977,3.68280641129,0.769852187671,0.392731714766,0.52036224525,0.407106785459,2,1.30274265377,0.53641068176,2,0.152876929833,0.120467836257,103,0.0132561132561,0.695061849047,37,34,34,0.918918918919,0,0.675675675676,0.108108108108,0.135135135135,-39,-0.0292792792793,-0.0461283722153,-2.10810810811,-1.93333333333,0.103448275862,-0.566782739843,0.0954903257972,0.0884740672876,-1.12446130504,0.154805869581,0.0256951867121,0.595974940589,0.241089389449,0.139978962013,-0.0595828696847,-0.0308109543895,0,-0.0215816705587,-0.0435344331745,0,0.140706803663,0.114495140012,96,0.0123552123552,0.0738652678508,-0.0540540540541,-0.135135135135,0.108108108108,171,6,45,1110,0.791666666667,0.994623655914,0.00537634408602,0.208333333333,0.966101694915,0.791666666667,0.870229007634,0.853815978679,0.786290322581,0.77027027027,134,173,0,0,0,0
549,WLNM_dir_neg,0.92432089278,0.321672239217,00:00:04,10,20,11,1232383535,threshold_sweep,0.9,0.955223880597,0.739884393064,0.833876221498,128,6,45,340,0.739884393064,0.982658959538,0.0173410404624,0.260115606936,0.955223880597,0.739884393064,0.833876221498,0.901734104046,0.580603725112,0.765696784074,0.778291427446,0.722543352601,216,43,173,0,216,0,43,0,173,37,216,0.162162162162,1.32432432432,11.6756756757,21.6,6,8.1990990496,0.702237650082,0.31006006006,10.329336629,1.76937710775,0.765265265265,3.0868314707,0.528762798222,0.252752752753,0.579945114934,0.437917739848,2,1.32432432432,0.579945114934,2,0.0121701261701,0.00597269624573,7,0.000900900900901,0.621196581197,37,37,37,1,0,0.72972972973,0.243243243243,0.027027027027,37,0.0322822822823,1.27027027027,2.32432432432,4.77777777778,1.95454545455,2.06900478027,0.890153219419,0.480829666876,2.25479136154,1.94016931109,0.804525455688,1.30199661873,1.12032267193,0.5795097423,0.508191163105,0.400065383721,2,1.33333333333,0.546672273591,2,0,0,0,0,0.115344917428,37,30,30,0.810810810811,0,0.567567567568,0.027027027027,0.216216216216,37,177,0.132882882883,1.27819595211,9.56756756757,19.6666666667,6.10344827586,7.63231630976,0.797727975879,0.398534127348,9.20487532396,1.92418297733,0.790960451977,3.68280641129,0.769852187671,0.392731714766,0.52036224525,0.407106785459,2,1.30274265377,0.53641068176,2,0.152876929833,0.120467836257,103,0.0132561132561,0.695061849047,37,34,34,0.918918918919,0,0.675675675676,0.108108108108,0.135135135135,-39,-0.0292792792793,-0.0461283722153,-2.10810810811,-1.93333333333,0.103448275862,-0.566782739843,0.0954903257972,0.0884740672876,-1.12446130504,0.154805869581,0.0256951867121,0.595974940589,0.241089389449,0.139978962013,-0.0595828696847,-0.0308109543895,0,-0.0215816705587,-0.0435344331745,0,0.140706803663,0.114495140012,96,0.0123552123552,0.0738652678508,-0.0540540540541,-0.135135135135,0.108108108108,171,6,45,1110,0.791666666667,0.994623655914,0.00537634408602,0.208333333333,0.966101694915,0.791666666667,0.870229007634,0.853815978679,0.786290322581,0.77027027027,134,173,0,0,0,0
550,WLNM_dir_neg,0.884768953189,0.719373772628,00:00:03,10,20,12,1232383536,threshold_sweep,0.1,0.940397350993,0.820809248555,0.876543209877,142,9,31,337,0.820809248555,0.973988439306,0.0260115606936,0.179190751445,0.940397350993,0.820809248555,0.876543209877,0.922928709056,0.569685292229,0.820895522388,0.82490761552,0.794797687861,216,43,173,0,216,0,43,0,173,37,216,0.162162162162,1.32432432432,11.6756756757,21.6,6,8.1990990496,0.702237650082,0.31006006006,10.329336629,1.76937710775,0.765265265265,3.0868314707,0.528762798222,0.252752752753,0.579945114934,0.437917739848,2,1.32432432432,0.579945114934,2,0.0121701261701,0.00597269624573,7,0.000900900900901,0.621196581197,37,37,37,1,0,0.72972972973,0.243243243243,0.027027027027,37,0.0322822822823,1.33333333333,2.32432432432,4.3,1.59259259259,1.95865676838,0.842677911979,0.450031426776,2.0482175654,1.76241976557,0.773098680075,0.957819094306,0.824169918356,0.441231929604,0.60858061945,0.456435464588,2.33333333333,1.39784946237,0.646468210319,2.33333333333,0,0,0,0,0.05537999038,37,31,31,0.837837837838,0,0.567567567568,0.162162162162,0.108108108108,37,194,0.145645645646,1.34230064819,10.4864864865,19.4,5.38888888889,8.11932407429,0.774265440075,0.378378378378,9.2388232939,1.76204361791,0.768737809975,3.14823941456,0.600437414118,0.312621900251,0.615196318565,0.458314848759,2.20814049788,1.35180899953,0.621159513099,2.20814049788,0.225697420107,0.159327731092,158,0.0203346203346,0.557926451281,37,36,36,0.972972972973,0,0.702702702703,0.27027027027,0,-22,-0.0165165165165,0.0179763238661,-1.18918918919,-2.2,-0.611111111111,-0.0797749753097,0.0720277899926,0.0683183183183,-1.0905133351,-0.00733348983711,0.00347254470966,0.0614079438596,0.0716746158953,0.059869147498,0.0352512036305,0.0203971089108,0.208140497881,0.0274846752048,0.0412143981642,0.208140497881,0.213527293937,0.153355034847,151,0.0194337194337,-0.0632701299155,-0.027027027027,0.027027027027,-0.027027027027,185,9,31,1107,0.856481481481,0.991935483871,0.00806451612903,0.143518518519,0.953608247423,0.856481481481,0.90243902439,0.88653588828,0.848416965352,0.822222222222,151,173,0,0,0,0
551,WLNM_dir_neg,0.884768953189,0.719373772628,00:00:03,10,20,12,1232383536,threshold_sweep,0.2,0.940397350993,0.820809248555,0.876543209877,142,9,31,337,0.820809248555,0.973988439306,0.0260115606936,0.179190751445,0.940397350993,0.820809248555,0.876543209877,0.922928709056,0.569685292229,0.820895522388,0.82490761552,0.794797687861,216,43,173,0,216,0,43,0,173,37,216,0.162162162162,1.32432432432,11.6756756757,21.6,6,8.1990990496,0.702237650082,0.31006006006,10.329336629,1.76937710775,0.765265265265,3.0868314707,0.528762798222,0.252752752753,0.579945114934,0.437917739848,2,1.32432432432,0.579945114934,2,0.0121701261701,0.00597269624573,7,0.000900900900901,0.621196581197,37,37,37,1,0,0.72972972973,0.243243243243,0.027027027027,37,0.0322822822823,1.33333333333,2.32432432432,4.3,1.59259259259,1.95865676838,0.842677911979,0.450031426776,2.0482175654,1.76241976557,0.773098680075,0.957819094306,0.824169918356,0.441231929604,0.60858061945,0.456435464588,2.33333333333,1.39784946237,0.646468210319,2.33333333333,0,0,0,0,0.05537999038,37,31,31,0.837837837838,0,0.567567567568,0.162162162162,0.108108108108,37,194,0.145645645646,1.34230064819,10.4864864865,19.4,5.38888888889,8.11932407429,0.774265440075,0.378378378378,9.2388232939,1.76204361791,0.768737809975,3.14823941456,0.600437414118,0.312621900251,0.615196318565,0.458314848759,2.20814049788,1.35180899953,0.621159513099,2.20814049788,0.225697420107,0.159327731092,158,0.0203346203346,0.557926451281,37,36,36,0.972972972973,0,0.702702702703,0.27027027027,0,-22,-0.0165165165165,0.0179763238661,-1.18918918919,-2.2,-0.611111111111,-0.0797749753097,0.0720277899926,0.0683183183183,-1.0905133351,-0.00733348983711,0.00347254470966,0.0614079438596,0.0716746158953,0.059869147498,0.0352512036305,0.0203971089108,0.208140497881,0.0274846752048,0.0412143981642,0.208140497881,0.213527293937,0.153355034847,151,0.0194337194337,-0.0632701299155,-0.027027027027,0.027027027027,-0.027027027027,185,9,31,1107,0.856481481481,0.991935483871,0.00806451612903,0.143518518519,0.953608247423,0.856481481481,0.90243902439,0.88653588828,0.848416965352,0.822222222222,151,173,0,0,0,0
552,WLNM_dir_neg,0.884768953189,0.719373772628,00:00:03,10,20,12,1232383536,threshold_sweep,0.3,0.940397350993,0.820809248555,0.876543209877,142,9,31,337,0.820809248555,0.973988439306,0.0260115606936,0.179190751445,0.940397350993,0.820809248555,0.876543209877,0.922928709056,0.569685292229,0.820895522388,0.82490761552,0.794797687861,216,43,173,0,216,0,43,0,173,37,216,0.162162162162,1.32432432432,11.6756756757,21.6,6,8.1990990496,0.702237650082,0.31006006006,10.329336629,1.76937710775,0.765265265265,3.0868314707,0.528762798222,0.252752752753,0.579945114934,0.437917739848,2,1.32432432432,0.579945114934,2,0.0121701261701,0.00597269624573,7,0.000900900900901,0.621196581197,37,37,37,1,0,0.72972972973,0.243243243243,0.027027027027,37,0.0322822822823,1.33333333333,2.32432432432,4.3,1.59259259259,1.95865676838,0.842677911979,0.450031426776,2.0482175654,1.76241976557,0.773098680075,0.957819094306,0.824169918356,0.441231929604,0.60858061945,0.456435464588,2.33333333333,1.39784946237,0.646468210319,2.33333333333,0,0,0,0,0.05537999038,37,31,31,0.837837837838,0,0.567567567568,0.162162162162,0.108108108108,37,194,0.145645645646,1.34230064819,10.4864864865,19.4,5.38888888889,8.11932407429,0.774265440075,0.378378378378,9.2388232939,1.76204361791,0.768737809975,3.14823941456,0.600437414118,0.312621900251,0.615196318565,0.458314848759,2.20814049788,1.35180899953,0.621159513099,2.20814049788,0.225697420107,0.159327731092,158,0.0203346203346,0.557926451281,37,36,36,0.972972972973,0,0.702702702703,0.27027027027,0,-22,-0.0165165165165,0.0179763238661,-1.18918918919,-2.2,-0.611111111111,-0.0797749753097,0.0720277899926,0.0683183183183,-1.0905133351,-0.00733348983711,0.00347254470966,0.0614079438596,0.0716746158953,0.059869147498,0.0352512036305,0.0203971089108,0.208140497881,0.0274846752048,0.0412143981642,0.208140497881,0.213527293937,0.153355034847,151,0.0194337194337,-0.0632701299155,-0.027027027027,0.027027027027,-0.027027027027,185,9,31,1107,0.856481481481,0.991935483871,0.00806451612903,0.143518518519,0.953608247423,0.856481481481,0.90243902439,0.88653588828,0.848416965352,0.822222222222,151,173,0,0,0,0
553,WLNM_dir_neg,0.884768953189,0.719373772628,00:00:03,10,20,12,1232383536,threshold_sweep,0.4,0.940397350993,0.820809248555,0.876543209877,142,9,31,337,0.820809248555,0.973988439306,0.0260115606936,0.179190751445,0.940397350993,0.820809248555,0.876543209877,0.922928709056,0.569685292229,0.820895522388,0.82490761552,0.794797687861,216,43,173,0,216,0,43,0,173,37,216,0.162162162162,1.32432432432,11.6756756757,21.6,6,8.1990990496,0.702237650082,0.31006006006,10.329336629,1.76937710775,0.765265265265,3.0868314707,0.528762798222,0.252752752753,0.579945114934,0.437917739848,2,1.32432432432,0.579945114934,2,0.0121701261701,0.00597269624573,7,0.000900900900901,0.621196581197,37,37,37,1,0,0.72972972973,0.243243243243,0.027027027027,37,0.0322822822823,1.33333333333,2.32432432432,4.3,1.59259259259,1.95865676838,0.842677911979,0.450031426776,2.0482175654,1.76241976557,0.773098680075,0.957819094306,0.824169918356,0.441231929604,0.60858061945,0.456435464588,2.33333333333,1.39784946237,0.646468210319,2.33333333333,0,0,0,0,0.05537999038,37,31,31,0.837837837838,0,0.567567567568,0.162162162162,0.108108108108,37,194,0.145645645646,1.34230064819,10.4864864865,19.4,5.38888888889,8.11932407429,0.774265440075,0.378378378378,9.2388232939,1.76204361791,0.768737809975,3.14823941456,0.600437414118,0.312621900251,0.615196318565,0.458314848759,2.20814049788,1.35180899953,0.621159513099,2.20814049788,0.225697420107,0.159327731092,158,0.0203346203346,0.557926451281,37,36,36,0.972972972973,0,0.702702702703,0.27027027027,0,-22,-0.0165165165165,0.0179763238661,-1.18918918919,-2.2,-0.611111111111,-0.0797749753097,0.0720277899926,0.0683183183183,-1.0905133351,-0.00733348983711,0.00347254470966,0.0614079438596,0.0716746158953,0.059869147498,0.0352512036305,0.0203971089108,0.208140497881,0.0274846752048,0.0412143981642,0.208140497881,0.213527293937,0.153355034847,151,0.0194337194337,-0.0632701299155,-0.027027027027,0.027027027027,-0.027027027027,185,9,31,1107,0.856481481481,0.991935483871,0.00806451612903,0.143518518519,0.953608247423,0.856481481481,0.90243902439,0.88653588828,0.848416965352,0.822222222222,151,173,0,0,0,0
554,WLNM_dir_neg,0.884768953189,0.719373772628,00:00:03,10,20,12,1232383536,threshold_sweep,0.5,0.94,0.815028901734,0.87306501548,141,9,32,337,0.815028901734,0.973988439306,0.0260115606936,0.184971098266,0.94,0.815028901734,0.87306501548,0.921001926782,0.570327552987,0.816143497758,0.820519367547,0.78901734104,216,43,173,0,216,0,43,0,173,37,216,0.162162162162,1.32432432432,11.6756756757,21.6,6,8.1990990496,0.702237650082,0.31006006006,10.329336629,1.76937710775,0.765265265265,3.0868314707,0.528762798222,0.252752752753,0.579945114934,0.437917739848,2,1.32432432432,0.579945114934,2,0.0121701261701,0.00597269624573,7,0.000900900900901,0.621196581197,37,37,37,1,0,0.72972972973,0.243243243243,0.027027027027,37,0.0322822822823,1.33333333333,2.32432432432,4.3,1.59259259259,1.95865676838,0.842677911979,0.450031426776,2.0482175654,1.76241976557,0.773098680075,0.957819094306,0.824169918356,0.441231929604,0.60858061945,0.456435464588,2.33333333333,1.39784946237,0.646468210319,2.33333333333,0,0,0,0,0.05537999038,37,31,31,0.837837837838,0,0.567567567568,0.162162162162,0.108108108108,37,193,0.144894894895,1.34252560852,10.4324324324,19.3,5.36111111111,8.08476118159,0.774964154712,0.380058815292,9.18977431453,1.76177020538,0.768519815152,3.12814406402,0.599696012274,0.314241702843,0.615577499262,0.458521979288,2.20918093939,1.35204020875,0.621544180404,2.20918093939,0.223722896267,0.157894736842,155,0.0199485199485,0.551756474338,37,36,36,0.972972972973,0,0.702702702703,0.27027027027,0,-23,-0.0172672672673,0.0182012841924,-1.24324324324,-2.3,-0.638888888889,-0.114337868013,0.0727265046302,0.0699987552319,-1.13956231447,-0.00760690236956,0.00325454988667,0.0413125933195,0.0709332140515,0.06148895009,0.0356323843279,0.0206042394398,0.20918093939,0.027715884429,0.0415990654698,0.20918093939,0.211552770097,0.151922040596,148,0.0190476190476,-0.0694401068589,-0.027027027027,0.027027027027,-0.027027027027,184,9,32,1107,0.851851851852,0.991935483871,0.00806451612903,0.148148148148,0.953367875648,0.851851851852,0.899755501222,0.883591357148,0.843787335723,0.817777777778,150,173,0,0,0,0
555,WLNM_dir_neg,0.884768953189,0.719373772628,00:00:03,10,20,12,1232383536,threshold_sweep,0.6,0.946308724832,0.815028901734,0.875776397516,141,8,32,338,0.815028901734,0.976878612717,0.0231213872832,0.184971098266,0.946308724832,0.815028901734,0.875776397516,0.922928709056,0.570969813744,0.820359281437,0.825166462987,0.791907514451,216,43,173,0,216,0,43,0,173,37,216,0.162162162162,1.32432432432,11.6756756757,21.6,6,8.1990990496,0.702237650082,0.31006006006,10.329336629,1.76937710775,0.765265265265,3.0868314707,0.528762798222,0.252752752753,0.579945114934,0.437917739848,2,1.32432432432,0.579945114934,2,0.0121701261701,0.00597269624573,7,0.000900900900901,0.621196581197,37,37,37,1,0,0.72972972973,0.243243243243,0.027027027027,37,0.0322822822823,1.33333333333,2.32432432432,4.3,1.59259259259,1.95865676838,0.842677911979,0.450031426776,2.0482175654,1.76241976557,0.773098680075,0.957819094306,0.824169918356,0.441231929604,0.60858061945,0.456435464588,2.33333333333,1.39784946237,0.646468210319,2.33333333333,0,0,0,0,0.05537999038,37,31,31,0.837837837838,0,0.567567567568,0.162162162162,0.108108108108,37,192,0.144144144144,1.34116016201,10.3783783784,19.2,5.33333333333,7.98732103382,0.769611662113,0.37767454955,9.13734047691,1.7608416544,0.768018018018,3.14322762139,0.605726156206,0.317004504505,0.613307207831,0.457296022656,2.20286574928,1.35063683317,0.619253536897,2.20286574928,0.190555578934,0.136645962733,132,0.0169884169884,0.554419699062,37,36,36,0.972972972973,0,0.702702702703,0.27027027027,0,-24,-0.018018018018,0.0168358376824,-1.2972972973,-2.4,-0.666666666667,-0.211778015785,0.067374012031,0.0676144894895,-1.19199615209,-0.00853545334065,0.00275275275275,0.0563961506877,0.0769633579833,0.0642517517518,0.0333620928962,0.0193782828078,0.202865749281,0.0263125088492,0.0393084219621,0.202865749281,0.178385452764,0.130673266487,125,0.0160875160875,-0.0667768821341,-0.027027027027,0.027027027027,-0.027027027027,184,8,32,1108,0.851851851852,0.992831541219,0.00716845878136,0.148148148148,0.958333333333,0.851851851852,0.901960784314,0.886441109527,0.84468339307,0.821428571429,149,173,0,0,0,0
556,WLNM_dir_neg,0.884768953189,0.719373772628,00:00:03,10,20,12,1232383536,threshold_sweep,0.7,0.95,0.768786127168,0.849840255591,133,7,40,339,0.768786127168,0.979768786127,0.0202312138728,0.231213872832,0.95,0.768786127168,0.849840255591,0.909441233141,0.576750160565,0.786039453718,0.79506226835,0.748554913295,216,43,173,0,216,0,43,0,173,37,216,0.162162162162,1.32432432432,11.6756756757,21.6,6,8.1990990496,0.702237650082,0.31006006006,10.329336629,1.76937710775,0.765265265265,3.0868314707,0.528762798222,0.252752752753,0.579945114934,0.437917739848,2,1.32432432432,0.579945114934,2,0.0121701261701,0.00597269624573,7,0.000900900900901,0.621196581197,37,37,37,1,0,0.72972972973,0.243243243243,0.027027027027,37,0.0322822822823,1.33333333333,2.32432432432,4.3,1.59259259259,1.95865676838,0.842677911979,0.450031426776,2.0482175654,1.76241976557,0.773098680075,0.957819094306,0.824169918356,0.441231929604,0.60858061945,0.456435464588,2.33333333333,1.39784946237,0.646468210319,2.33333333333,0,0,0,0,0.05537999038,37,31,31,0.837837837838,0,0.567567567568,0.162162162162,0.108108108108,37,183,0.137387387387,1.34110356361,9.89189189189,18.3,5.54545454545,7.78097317458,0.786601113277,0.38753507606,9.05215120518,1.83021636389,0.778614680254,3.36605560416,0.680568619421,0.35711120957,0.612631295698,0.456811324883,2.1984779926,1.36059519582,0.624627304131,2.1984779926,0.192038522004,0.132763108962,119,0.0153153153153,0.543596929462,37,35,35,0.945945945946,0,0.675675675676,0.216216216216,0.0540540540541,-33,-0.0247747747748,0.0167792392856,-1.78378378378,-3.3,-0.454545454545,-0.418125875024,0.0843634631954,0.0774750159996,-1.27718542382,0.0608392561435,0.0133494149888,0.279224133461,0.151805821199,0.104358456817,0.0326861807631,0.0188935850342,0.198477992596,0.0362708714919,0.0446821891961,0.198477992596,0.179868395834,0.126790412717,112,0.0144144144144,-0.0775996517349,-0.0540540540541,-0.027027027027,0.027027027027,176,7,40,1109,0.814814814815,0.993727598566,0.00627240143369,0.185185185185,0.96174863388,0.814814814815,0.882205513784,0.86571754682,0.808542413381,0.789237668161,140,173,0,0,0,0
557,WLNM_dir_neg,0.884768953189,0.719373772628,00:00:03,10,20,12,1232383536,threshold_sweep,0.8,0.963768115942,0.768786127168,0.855305466238,133,5,40,341,0.768786127168,0.985549132948,0.014450867052,0.231213872832,0.963768115942,0.768786127168,0.855305466238,0.913294797688,0.578034682081,0.794520547945,0.8048658084,0.754335260116,216,43,173,0,216,0,43,0,173,37,216,0.162162162162,1.32432432432,11.6756756757,21.6,6,8.1990990496,0.702237650082,0.31006006006,10.329336629,1.76937710775,0.765265265265,3.0868314707,0.528762798222,0.252752752753,0.579945114934,0.437917739848,2,1.32432432432,0.579945114934,2,0.0121701261701,0.00597269624573,7,0.000900900900901,0.621196581197,37,37,37,1,0,0.72972972973,0.243243243243,0.027027027027,37,0.0322822822823,1.33333333333,2.32432432432,4.3,1.59259259259,1.95865676838,0.842677911979,0.450031426776,2.0482175654,1.76241976557,0.773098680075,0.957819094306,0.824169918356,0.441231929604,0.60858061945,0.456435464588,2.33333333333,1.39784946237,0.646468210319,2.33333333333,0,0,0,0,0.05537999038,37,31,31,0.837837837838,0,0.567567567568,0.162162162162,0.108108108108,37,181,0.135885885886,1.33554390511,9.78378378378,18.1,5.65625,7.66715627109,0.783659618868,0.387785575631,8.95601530873,1.8307876598,0.779752127818,3.4301262026,0.701186019316,0.367328654621,0.60301779377,0.451514765979,2.17521367521,1.35471784254,0.614832586623,2.17521367521,0.166499968876,0.114425981873,101,0.0129987129987,0.553141578944,37,35,35,0.945945945946,0,0.675675675676,0.189189189189,0.0810810810811,-35,-0.0262762762763,0.0112195807848,-1.89189189189,-3.5,-0.34375,-0.531942778516,0.0814219687863,0.0777255155708,-1.37332132027,0.0614105520504,0.0144868625532,0.343294731896,0.172423221094,0.114575901869,0.0230726788351,0.0135970261302,0.175213675214,0.0303935182196,0.0348874716885,0.175213675214,0.154329842706,0.108453285627,94,0.0120978120978,-0.0680550022531,-0.0540540540541,-0.0540540540541,0.0540540540541,176,5,40,1111,0.814814814815,0.995519713262,0.00448028673835,0.185185185185,0.972375690608,0.814814814815,0.886649874055,0.871658497026,0.810334528076,0.796380090498,138,173,0,0,0,0
558,WLNM_dir_neg,0.884768953189,0.719373772628,00:00:03,10,20,12,1232383536,threshold_sweep,0.9,0.969465648855,0.734104046243,0.835526315789,127,4,46,342,0.734104046243,0.988439306358,0.0115606936416,0.265895953757,0.969465648855,0.734104046243,0.835526315789,0.90366088632,0.582530507386,0.769230769231,0.784103694622,0.722543352601,216,43,173,0,216,0,43,0,173,37,216,0.162162162162,1.32432432432,11.6756756757,21.6,6,8.1990990496,0.702237650082,0.31006006006,10.329336629,1.76937710775,0.765265265265,3.0868314707,0.528762798222,0.252752752753,0.579945114934,0.437917739848,2,1.32432432432,0.579945114934,2,0.0121701261701,0.00597269624573,7,0.000900900900901,0.621196581197,37,37,37,1,0,0.72972972973,0.243243243243,0.027027027027,37,0.0322822822823,1.33333333333,2.32432432432,4.3,1.59259259259,1.95865676838,0.842677911979,0.450031426776,2.0482175654,1.76241976557,0.773098680075,0.957819094306,0.824169918356,0.441231929604,0.60858061945,0.456435464588,2.33333333333,1.39784946237,0.646468210319,2.33333333333,0,0,0,0,0.05537999038,37,31,31,0.837837837838,0,0.567567567568,0.162162162162,0.108108108108,37,174,0.130630630631,1.3341820081,9.40540540541,17.4,6.44444444444,7.39541697217,0.786294333247,0.394843118981,8.56953539796,1.82225752715,0.776949363156,3.55797121393,0.756580085721,0.397639018329,0.600426123869,0.450033144073,2.16666666667,1.39886239676,0.637146222564,2.16666666667,0.135563503314,0.0944013077237,77,0.00990990990991,0.56756634902,37,31,31,0.837837837838,0,0.567567567568,0.162162162162,0.108108108108,-42,-0.0315315315315,0.00985768377073,-2.27027027027,-4.2,0.444444444444,-0.803682077439,0.0840566831656,0.084783058921,-1.75980123104,0.0528804194077,0.011684097891,0.471139743227,0.227817287498,0.144886265576,0.0204810089341,0.0121154042244,0.166666666667,0.0745380724343,0.0572011076299,0.166666666667,0.123393377144,0.088428611478,70,0.00900900900901,-0.0536302321761,-0.162162162162,-0.0810810810811,0.0810810810811,170,4,46,1112,0.787037037037,0.996415770609,0.00358422939068,0.212962962963,0.977011494253,0.787037037037,0.871794871795,0.856925191691,0.783452807646,0.772727272727,131,173,0,0,0,0
559,WLNM_dir_neg,0.975709178389,0.957933124107,00:00:04,10,20,13,1232383537,threshold_sweep,0.1,0.92899408284,0.907514450867,0.918128654971,157,12,16,334,0.907514450867,0.965317919075,0.0346820809249,0.0924855491329,0.92899408284,0.907514450867,0.918128654971,0.946050096339,0.558124598587,0.877906976744,0.878040544991,0.872832369942,216,43,173,0,216,0,43,0,173,37,216,0.162162162162,1.32432432432,11.6756756757,21.6,6,8.1990990496,0.702237650082,0.31006006006,10.329336629,1.76937710775,0.765265265265,3.0868314707,0.528762798222,0.252752752753,0.579945114934,0.437917739848,2,1.32432432432,0.579945114934,2,0.0121701261701,0.00597269624573,7,0.000900900900901,0.621196581197,37,37,37,1,0,0.72972972973,0.243243243243,0.027027027027,37,0.0322822822823,1.32432432432,2.32432432432,4.3,1.65384615385,1.9444229943,0.836554078945,0.456316781898,2.00711946045,1.72705627992,0.76052796983,1.1183696843,0.96231810044,0.494028912634,0.579945114934,0.437917739848,2,1.38709677419,0.615219167172,2,0,0,0,0,0.0734567901235,37,31,31,0.837837837838,0,0.567567567568,0.135135135135,0.135135135135,37,212,0.159159159159,1.35304852782,11.4594594595,21.2,5.72972972973,8.49704064364,0.741487037299,0.347654258032,10.3323887973,1.80329427122,0.77434982152,2.81512431785,0.491318866794,0.252167261601,0.633134937095,0.467932172483,2.28214890294,1.35304852782,0.633134937095,2.28214890294,0.192589569161,0.125373134328,140,0.018018018018,0.528241209302,37,37,37,1,0,0.72972972973,0.27027027027,0,-4,-0.003003003003,0.0287242034914,-0.216216216216,-0.4,-0.27027027027,0.297941594037,0.0392493872171,0.0375941979716,0.00305216828517,0.0339171634789,0.00908455625437,-0.271707152859,-0.0374439314287,-0.000585491151529,0.0531898221609,0.0300144326343,0.282148902935,0.0287242034914,0.0531898221609,0.282148902935,0.180419442991,0.119400438083,133,0.0171171171171,-0.0929553718948,0,0.027027027027,-0.027027027027,200,12,16,1104,0.925925925926,0.989247311828,0.010752688172,0.0740740740741,0.943396226415,0.925925925926,0.934579439252,0.922115543528,0.915173237754,0.877192982456,169,173,0,0,0,0
560,WLNM_dir_neg,0.975709178389,0.957933124107,00:00:04,10,20,13,1232383537,threshold_sweep,0.2,0.935064935065,0.832369942197,0.880733944954,144,10,29,336,0.832369942197,0.971098265896,0.028901734104,0.167630057803,0.935064935065,0.832369942197,0.880733944954,0.924855491329,0.567758509955,0.826151560178,0.829130718121,0.803468208092,216,43,173,0,216,0,43,0,173,37,216,0.162162162162,1.32432432432,11.6756756757,21.6,6,8.1990990496,0.702237650082,0.31006006006,10.329336629,1.76937710775,0.765265265265,3.0868314707,0.528762798222,0.252752752753,0.579945114934,0.437917739848,2,1.32432432432,0.579945114934,2,0.0121701261701,0.00597269624573,7,0.000900900900901,0.621196581197,37,37,37,1,0,0.72972972973,0.243243243243,0.027027027027,37,0.0322822822823,1.32432432432,2.32432432432,4.3,1.65384615385,1.9444229943,0.836554078945,0.456316781898,2.00711946045,1.72705627992,0.76052796983,1.1183696843,0.96231810044,0.494028912634,0.579945114934,0.437917739848,2,1.38709677419,0.615219167172,2,0,0,0,0,0.0734567901235,37,31,31,0.837837837838,0,0.567567567568,0.135135135135,0.135135135135,37,197,0.147897897898,1.35124754914,10.6486486486,19.7,5.47222222222,7.95199561332,0.746761009373,0.365482233503,9.58602586539,1.80042110162,0.776786939223,3.03730558641,0.57045840963,0.298257648511,0.630061024547,0.466280974903,2.26697903157,1.3610044255,0.636157354475,2.26697903157,0.11650219162,0.0885416666667,85,0.0109395109395,0.524952352879,37,36,36,0.972972972973,0,0.702702702703,0.27027027027,0,-19,-0.0142642642643,0.0269232248134,-1.02702702703,-1.9,-0.527777777778,-0.247103436286,0.0445233592907,0.0554221734425,-0.743310763611,0.0310439938758,0.0115216739582,-0.049525884296,0.0416956114075,0.0455048957587,0.0501159096126,0.0283632350544,0.266979031569,0.0366801011783,0.0562122395403,0.266979031569,0.10433206545,0.0825689704209,78,0.0100386100386,-0.0962442283176,-0.027027027027,0.027027027027,-0.027027027027,187,10,29,1106,0.865740740741,0.991039426523,0.0089605734767,0.134259259259,0.94923857868,0.865740740741,0.905569007264,0.889605243233,0.856780167264,0.827433628319,154,173,0,0,0,0
561,WLNM_dir_neg,0.975709178389,0.957933124107,00:00:04,10,20,13,1232383537,threshold_sweep,0.3,0.935064935065,0.832369942197,0.880733944954,144,10,29,336,0.832369942197,0.971098265896,0.028901734104,0.167630057803,0.935064935065,0.832369942197,0.880733944954,0.924855491329,0.567758509955,0.826151560178,0.829130718121,0.803468208092,216,43,173,0,216,0,43,0,173,37,216,0.162162162162,1.32432432432,11.6756756757,21.6,6,8.1990990496,0.702237650082,0.31006006006,10.329336629,1.76937710775,0.765265265265,3.0868314707,0.528762798222,0.252752752753,0.579945114934,0.437917739848,2,1.32432432432,0.579945114934,2,0.0121701261701,0.00597269624573,7,0.000900900900901,0.621196581197,37,37,37,1,0,0.72972972973,0.243243243243,0.027027027027,37,0.0322822822823,1.32432432432,2.32432432432,4.3,1.65384615385,1.9444229943,0.836554078945,0.456316781898,2.00711946045,1.72705627992,0.76052796983,1.1183696843,0.96231810044,0.494028912634,0.579945114934,0.437917739848,2,1.38709677419,0.615219167172,2,0,0,0,0,0.0734567901235,37,31,31,0.837837837838,0,0.567567567568,0.135135135135,0.135135135135,37,197,0.147897897898,1.35124754914,10.6486486486,19.7,5.47222222222,7.95199561332,0.746761009373,0.365482233503,9.58602586539,1.80042110162,0.776786939223,3.03730558641,0.57045840963,0.298257648511,0.630061024547,0.466280974903,2.26697903157,1.3610044255,0.636157354475,2.26697903157,0.11650219162,0.0885416666667,85,0.0109395109395,0.524952352879,37,36,36,0.972972972973,0,0.702702702703,0.27027027027,0,-19,-0.0142642642643,0.0269232248134,-1.02702702703,-1.9,-0.527777777778,-0.247103436286,0.0445233592907,0.0554221734425,-0.743310763611,0.0310439938758,0.0115216739582,-0.049525884296,0.0416956114075,0.0455048957587,0.0501159096126,0.0283632350544,0.266979031569,0.0366801011783,0.0562122395403,0.266979031569,0.10433206545,0.0825689704209,78,0.0100386100386,-0.0962442283176,-0.027027027027,0.027027027027,-0.027027027027,187,10,29,1106,0.865740740741,0.991039426523,0.0089605734767,0.134259259259,0.94923857868,0.865740740741,0.905569007264,0.889605243233,0.856780167264,0.827433628319,154,173,0,0,0,0
562,WLNM_dir_neg,0.975709178389,0.957933124107,00:00:04,10,20,13,1232383537,threshold_sweep,0.4,0.946308724832,0.815028901734,0.875776397516,141,8,32,338,0.815028901734,0.976878612717,0.0231213872832,0.184971098266,0.946308724832,0.815028901734,0.875776397516,0.922928709056,0.570969813744,0.820359281437,0.825166462987,0.791907514451,216,43,173,0,216,0,43,0,173,37,216,0.162162162162,1.32432432432,11.6756756757,21.6,6,8.1990990496,0.702237650082,0.31006006006,10.329336629,1.76937710775,0.765265265265,3.0868314707,0.528762798222,0.252752752753,0.579945114934,0.437917739848,2,1.32432432432,0.579945114934,2,0.0121701261701,0.00597269624573,7,0.000900900900901,0.621196581197,37,37,37,1,0,0.72972972973,0.243243243243,0.027027027027,37,0.0322822822823,1.32432432432,2.32432432432,4.3,1.65384615385,1.9444229943,0.836554078945,0.456316781898,2.00711946045,1.72705627992,0.76052796983,1.1183696843,0.96231810044,0.494028912634,0.579945114934,0.437917739848,2,1.38709677419,0.615219167172,2,0,0,0,0,0.0734567901235,37,31,31,0.837837837838,0,0.567567567568,0.135135135135,0.135135135135,37,192,0.144144144144,1.344972019,10.3783783784,19.2,5.33333333333,7.78656732011,0.750268205323,0.368524774775,9.33582656532,1.79909157769,0.776745495495,3.11660283213,0.600595337441,0.312781531532,0.62130272091,0.461944718649,2.26068227522,1.35455457509,0.627336846148,2.26068227522,0.11650219162,0.0909090909091,85,0.0109395109395,0.530184010579,37,36,36,0.972972972973,0,0.702702702703,0.27027027027,0,-24,-0.018018018018,0.0206476946803,-1.2972972973,-2.4,-0.666666666667,-0.412531729493,0.0480305552414,0.0584647147147,-0.993510063684,0.0297144699458,0.0114802302302,0.0297713614216,0.0718325392184,0.0600287787788,0.0413576059751,0.0240269788003,0.26068227522,0.0302302507638,0.0473917312137,0.26068227522,0.10433206545,0.0849363946634,78,0.0100386100386,-0.0910125706175,-0.027027027027,0.027027027027,-0.027027027027,184,8,32,1108,0.851851851852,0.992831541219,0.00716845878136,0.148148148148,0.958333333333,0.851851851852,0.901960784314,0.886441109527,0.84468339307,0.821428571429,149,173,0,0,0,0
563,WLNM_dir_neg,0.975709178389,0.957933124107,00:00:04,10,20,13,1232383537,threshold_sweep,0.5,0.946308724832,0.815028901734,0.875776397516,141,8,32,338,0.815028901734,0.976878612717,0.0231213872832,0.184971098266,0.946308724832,0.815028901734,0.875776397516,0.922928709056,0.570969813744,0.820359281437,0.825166462987,0.791907514451,216,43,173,0,216,0,43,0,173,37,216,0.162162162162,1.32432432432,11.6756756757,21.6,6,8.1990990496,0.702237650082,0.31006006006,10.329336629,1.76937710775,0.765265265265,3.0868314707,0.528762798222,0.252752752753,0.579945114934,0.437917739848,2,1.32432432432,0.579945114934,2,0.0121701261701,0.00597269624573,7,0.000900900900901,0.621196581197,37,37,37,1,0,0.72972972973,0.243243243243,0.027027027027,37,0.0322822822823,1.32432432432,2.32432432432,4.3,1.65384615385,1.9444229943,0.836554078945,0.456316781898,2.00711946045,1.72705627992,0.76052796983,1.1183696843,0.96231810044,0.494028912634,0.579945114934,0.437917739848,2,1.38709677419,0.615219167172,2,0,0,0,0,0.0734567901235,37,31,31,0.837837837838,0,0.567567567568,0.135135135135,0.135135135135,37,192,0.144144144144,1.344972019,10.3783783784,19.2,5.33333333333,7.78656732011,0.750268205323,0.368524774775,9.33582656532,1.79909157769,0.776745495495,3.11660283213,0.600595337441,0.312781531532,0.62130272091,0.461944718649,2.26068227522,1.35455457509,0.627336846148,2.26068227522,0.11650219162,0.0909090909091,85,0.0109395109395,0.530184010579,37,36,36,0.972972972973,0,0.702702702703,0.27027027027,0,-24,-0.018018018018,0.0206476946803,-1.2972972973,-2.4,-0.666666666667,-0.412531729493,0.0480305552414,0.0584647147147,-0.993510063684,0.0297144699458,0.0114802302302,0.0297713614216,0.0718325392184,0.0600287787788,0.0413576059751,0.0240269788003,0.26068227522,0.0302302507638,0.0473917312137,0.26068227522,0.10433206545,0.0849363946634,78,0.0100386100386,-0.0910125706175,-0.027027027027,0.027027027027,-0.027027027027,184,8,32,1108,0.851851851852,0.992831541219,0.00716845878136,0.148148148148,0.958333333333,0.851851851852,0.901960784314,0.886441109527,0.84468339307,0.821428571429,149,173,0,0,0,0
564,WLNM_dir_neg,0.975709178389,0.957933124107,00:00:04,10,20,13,1232383537,threshold_sweep,0.6,0.945945945946,0.809248554913,0.872274143302,140,8,33,338,0.809248554913,0.976878612717,0.0231213872832,0.190751445087,0.945945945946,0.809248554913,0.872274143302,0.921001926782,0.571612074502,0.815592203898,0.820797629858,0.78612716763,216,43,173,0,216,0,43,0,173,37,216,0.162162162162,1.32432432432,11.6756756757,21.6,6,8.1990990496,0.702237650082,0.31006006006,10.329336629,1.76937710775,0.765265265265,3.0868314707,0.528762798222,0.252752752753,0.579945114934,0.437917739848,2,1.32432432432,0.579945114934,2,0.0121701261701,0.00597269624573,7,0.000900900900901,0.621196581197,37,37,37,1,0,0.72972972973,0.243243243243,0.027027027027,37,0.0322822822823,1.32432432432,2.32432432432,4.3,1.65384615385,1.9444229943,0.836554078945,0.456316781898,2.00711946045,1.72705627992,0.76052796983,1.1183696843,0.96231810044,0.494028912634,0.579945114934,0.437917739848,2,1.38709677419,0.615219167172,2,0,0,0,0,0.0734567901235,37,31,31,0.837837837838,0,0.567567567568,0.135135135135,0.135135135135,37,191,0.143393393393,1.34512953271,10.3243243243,19.1,5.30555555556,7.74974570928,0.750629820009,0.369746710061,9.28413675013,1.79849769505,0.776284137541,3.10477690658,0.601448929547,0.31498514221,0.621575989244,0.462093779171,2.26164516001,1.35471646417,0.627612675076,2.26164516001,0.114255465262,0.0897297297297,83,0.0106821106821,0.525255650583,37,36,36,0.972972972973,0,0.702702702703,0.27027027027,0,-25,-0.0187687687688,0.0208052083853,-1.35135135135,-2.5,-0.694444444444,-0.449353340321,0.0483921699273,0.0596866500008,-1.04519987887,0.0291205873069,0.0110188722754,0.0179454358772,0.0726861313247,0.0622323894575,0.0416308743098,0.0241760393224,0.261645160007,0.0303921398495,0.0476675601413,0.261645160007,0.102085339092,0.083757033484,76,0.00978120978121,-0.0959409306134,-0.027027027027,0.027027027027,-0.027027027027,183,8,33,1108,0.847222222222,0.992831541219,0.00716845878136,0.152777777778,0.958115183246,0.847222222222,0.899262899263,0.883499989826,0.840053763441,0.816964285714,148,173,0,0,0,0
565,WLNM_dir_neg,0.975709178389,0.957933124107,00:00:04,10,20,13,1232383537,threshold_sweep,0.7,0.952054794521,0.803468208092,0.871473354232,139,7,34,339,0.803468208092,0.979768786127,0.0202312138728,0.196531791908,0.952054794521,0.803468208092,0.871473354232,0.921001926782,0.572896596018,0.815037593985,0.821151800063,0.78323699422,216,43,173,0,216,0,43,0,173,37,216,0.162162162162,1.32432432432,11.6756756757,21.6,6,8.1990990496,0.702237650082,0.31006006006,10.329336629,1.76937710775,0.765265265265,3.0868314707,0.528762798222,0.252752752753,0.579945114934,0.437917739848,2,1.32432432432,0.579945114934,2,0.0121701261701,0.00597269624573,7,0.000900900900901,0.621196581197,37,37,37,1,0,0.72972972973,0.243243243243,0.027027027027,37,0.0322822822823,1.32432432432,2.32432432432,4.3,1.65384615385,1.9444229943,0.836554078945,0.456316781898,2.00711946045,1.72705627992,0.76052796983,1.1183696843,0.96231810044,0.494028912634,0.579945114934,0.437917739848,2,1.38709677419,0.615219167172,2,0,0,0,0,0.0734567901235,37,31,31,0.837837837838,0,0.567567567568,0.135135135135,0.135135135135,37,189,0.141891891892,1.34348196736,10.2162162162,18.9,5.25,7.62719962858,0.746577741422,0.369512369512,9.18871222928,1.79884842584,0.777062777063,3.1338987414,0.613514568421,0.322322322322,0.619098820256,0.460816620765,2.25150197468,1.35302313312,0.62511584052,2.25150197468,0.0911846147871,0.0710321864595,64,0.00823680823681,0.526889801121,37,36,36,0.972972972973,0,0.702702702703,0.27027027027,0,-27,-0.0202702702703,0.0191576430332,-1.45945945946,-2.7,-0.75,-0.571899421027,0.0443400913398,0.0594523094523,-1.14062439972,0.0294713180916,0.0117975117975,0.0470672706917,0.0847517701989,0.0695695695696,0.0391537053215,0.0228988809162,0.251501974676,0.0286988087931,0.045170725586,0.251501974676,0.079014488617,0.0650594902138,57,0.00733590733591,-0.094306780076,-0.027027027027,0.027027027027,-0.027027027027,182,7,34,1109,0.842592592593,0.993727598566,0.00627240143369,0.157407407407,0.962962962963,0.842592592593,0.898765432099,0.883440973271,0.836320191159,0.816143497758,146,173,0,0,0,0
566,WLNM_dir_neg,0.975709178389,0.957933124107,00:00:04,10,20,13,1232383537,threshold_sweep,0.8,0.951724137931,0.797687861272,0.867924528302,138,7,35,339,0.797687861272,0.979768786127,0.0202312138728,0.202312138728,0.951724137931,0.797687861272,0.867924528302,0.919075144509,0.573538856776,0.810240963855,0.816803292965,0.777456647399,216,43,173,0,216,0,43,0,173,37,216,0.162162162162,1.32432432432,11.6756756757,21.6,6,8.1990990496,0.702237650082,0.31006006006,10.329336629,1.76937710775,0.765265265265,3.0868314707,0.528762798222,0.252752752753,0.579945114934,0.437917739848,2,1.32432432432,0.579945114934,2,0.0121701261701,0.00597269624573,7,0.000900900900901,0.621196581197,37,37,37,1,0,0.72972972973,0.243243243243,0.027027027027,37,0.0322822822823,1.32432432432,2.32432432432,4.3,1.65384615385,1.9444229943,0.836554078945,0.456316781898,2.00711946045,1.72705627992,0.76052796983,1.1183696843,0.96231810044,0.494028912634,0.579945114934,0.437917739848,2,1.38709677419,0.615219167172,2,0,0,0,0,0.0734567901235,37,31,31,0.837837837838,0,0.567567567568,0.135135135135,0.135135135135,37,188,0.141141141141,1.34348196736,10.1621621622,18.8,5.22222222222,7.59207742582,0.747092725413,0.370471535365,9.14202256487,1.79922784521,0.777458309373,3.11250505023,0.612567483289,0.323461759632,0.619098820256,0.460816620765,2.25150197468,1.35302313312,0.62511584052,2.25150197468,0.0922157782406,0.0718025430067,64,0.00823680823681,0.520061167239,37,36,36,0.972972972973,0,0.702702702703,0.27027027027,0,-28,-0.021021021021,0.0191576430332,-1.51351351351,-2.8,-0.777777777778,-0.607021623785,0.0448550753312,0.0604114753051,-1.18731406413,0.0298507374683,0.0121930441079,0.0256735795229,0.0838046850669,0.0707090068792,0.0391537053215,0.0228988809162,0.251501974676,0.0286988087931,0.045170725586,0.251501974676,0.0800456520705,0.065829846761,57,0.00733590733591,-0.101135413958,-0.027027027027,0.027027027027,-0.027027027027,181,7,35,1109,0.837962962963,0.993727598566,0.00627240143369,0.162037037037,0.962765957447,0.837962962963,0.89603960396,0.880498882113,0.831690561529,0.811659192825,145,173,0,0,0,0
567,WLNM_dir_neg,0.975709178389,0.957933124107,00:00:04,10,20,13,1232383537,threshold_sweep,0.9,0.94964028777,0.763005780347,0.846153846154,132,7,41,339,0.763005780347,0.979768786127,0.0202312138728,0.236994219653,0.94964028777,0.763005780347,0.846153846154,0.907514450867,0.577392421323,0.781155015198,0.790713087454,0.742774566474,216,43,173,0,216,0,43,0,173,37,216,0.162162162162,1.32432432432,11.6756756757,21.6,6,8.1990990496,0.702237650082,0.31006006006,10.329336629,1.76937710775,0.765265265265,3.0868314707,0.528762798222,0.252752752753,0.579945114934,0.437917739848,2,1.32432432432,0.579945114934,2,0.0121701261701,0.00597269624573,7,0.000900900900901,0.621196581197,37,37,37,1,0,0.72972972973,0.243243243243,0.027027027027,37,0.0322822822823,1.32432432432,2.32432432432,4.3,1.65384615385,1.9444229943,0.836554078945,0.456316781898,2.00711946045,1.72705627992,0.76052796983,1.1183696843,0.96231810044,0.494028912634,0.579945114934,0.437917739848,2,1.38709677419,0.615219167172,2,0,0,0,0,0.0734567901235,37,31,31,0.837837837838,0,0.567567567568,0.135135135135,0.135135135135,37,182,0.136636636637,1.34356570743,9.83783783784,18.2,5.35294117647,7.48522067334,0.760860343169,0.375111375111,9.08410815771,1.84676924085,0.784377784378,3.2606950382,0.662888551722,0.351648351648,0.619155308325,0.460829942965,2.25204135537,1.36319803357,0.631318738159,2.25204135537,0.0833865628276,0.0681017612524,58,0.00746460746461,0.509940496624,37,35,35,0.945945945946,0,0.675675675676,0.243243243243,0.027027027027,-34,-0.0255255255255,0.0192413831083,-1.83783783784,-3.4,-0.647058823529,-0.713878376269,0.0586226930868,0.0650513150513,-1.24522847129,0.0773921331083,0.0191125191125,0.173863567494,0.134125753499,0.0988955988956,0.039210193391,0.0229122031162,0.252041355369,0.0388737092473,0.0513736232242,0.252041355369,0.0712164366574,0.0621290650067,51,0.00656370656371,-0.111256084573,-0.0540540540541,0,0,175,7,41,1109,0.810185185185,0.993727598566,0.00627240143369,0.189814814815,0.961538461538,0.810185185185,0.879396984925,0.862746673666,0.803912783751,0.784753363229,139,173,0,0,0,0
568,WLNM_dir_neg,0.89493467874,0.45328966674,00:00:05,10,20,14,1232383538,threshold_sweep,0.1,0.941666666667,0.653179190751,0.77133105802,113,7,60,339,0.653179190751,0.979768786127,0.0202312138728,0.346820809249,0.941666666667,0.653179190751,0.77133105802,0.870905587669,0.589595375723,0.68544600939,0.707704645076,0.632947976879,216,43,173,0,216,0,43,0,173,37,216,0.162162162162,1.32432432432,11.6756756757,21.6,6,8.1990990496,0.702237650082,0.31006006006,10.329336629,1.76937710775,0.765265265265,3.0868314707,0.528762798222,0.252752752753,0.579945114934,0.437917739848,2,1.32432432432,0.579945114934,2,0.0121701261701,0.00597269624573,7,0.000900900900901,0.621196581197,37,37,37,1,0,0.72972972973,0.243243243243,0.027027027027,37,0.0322822822823,1.2972972973,2.32432432432,4.77777777778,1.79166666667,2.17375831803,0.935221601945,0.495285983658,2.27929708358,1.96125563005,0.809553739786,1.1183696843,0.96231810044,0.516656191075,0.570811550186,0.440000569935,2,1.37931034483,0.621851676358,2,0,0,0,0,0.0776461193128,37,29,29,0.783783783784,0,0.540540540541,0.108108108108,0.135135135135,37,163,0.122372372372,1.30196676857,8.81081081081,18.1111111111,4.52777777778,7.83807600342,0.889597583211,0.416514674183,8.61671327989,1.95594105126,0.807494611176,2.16614685379,0.491702046566,0.271928370088,0.569992074437,0.437793105168,1.92479731245,1.31035473436,0.575756841555,1.92479731245,0.212775203632,0.123644251627,95,0.0122265122265,0.410632228774,37,36,36,0.972972972973,0,0.72972972973,0.243243243243,0,-53,-0.0397897897898,-0.0223575557569,-2.86486486486,-3.48888888889,-1.47222222222,-0.361023046181,0.187359933129,0.106454614123,-1.71262334911,0.186563943517,0.0422293459103,-0.920684616912,-0.0370607516562,0.0191756173351,-0.00995304049792,-0.000124634680564,-0.0752026875461,-0.0139695899634,-0.00418827337986,-0.0752026875461,0.200605077462,0.117671555381,88,0.0113256113256,-0.210564352422,0,0,-0.027027027027,156,7,60,1109,0.722222222222,0.993727598566,0.00627240143369,0.277777777778,0.957055214724,0.722222222222,0.823218997361,0.80526810848,0.715949820789,0.699551569507,120,173,0,0,0,0
569,WLNM_dir_neg,0.89493467874,0.45328966674,00:00:05,10,20,14,1232383538,threshold_sweep,0.2,0.941666666667,0.653179190751,0.77133105802,113,7,60,339,0.653179190751,0.979768786127,0.0202312138728,0.346820809249,0.941666666667,0.653179190751,0.77133105802,0.870905587669,0.589595375723,0.68544600939,0.707704645076,0.632947976879,216,43,173,0,216,0,43,0,173,37,216,0.162162162162,1.32432432432,11.6756756757,21.6,6,8.1990990496,0.702237650082,0.31006006006,10.329336629,1.76937710775,0.765265265265,3.0868314707,0.528762798222,0.252752752753,0.579945114934,0.437917739848,2,1.32432432432,0.579945114934,2,0.0121701261701,0.00597269624573,7,0.000900900900901,0.621196581197,37,37,37,1,0,0.72972972973,0.243243243243,0.027027027027,37,0.0322822822823,1.2972972973,2.32432432432,4.77777777778,1.79166666667,2.17375831803,0.935221601945,0.495285983658,2.27929708358,1.96125563005,0.809553739786,1.1183696843,0.96231810044,0.516656191075,0.570811550186,0.440000569935,2,1.37931034483,0.621851676358,2,0,0,0,0,0.0776461193128,37,29,29,0.783783783784,0,0.540540540541,0.108108108108,0.135135135135,37,163,0.122372372372,1.30196676857,8.81081081081,18.1111111111,4.52777777778,7.83807600342,0.889597583211,0.416514674183,8.61671327989,1.95594105126,0.807494611176,2.16614685379,0.491702046566,0.271928370088,0.569992074437,0.437793105168,1.92479731245,1.31035473436,0.575756841555,1.92479731245,0.212775203632,0.123644251627,95,0.0122265122265,0.410632228774,37,36,36,0.972972972973,0,0.72972972973,0.243243243243,0,-53,-0.0397897897898,-0.0223575557569,-2.86486486486,-3.48888888889,-1.47222222222,-0.361023046181,0.187359933129,0.106454614123,-1.71262334911,0.186563943517,0.0422293459103,-0.920684616912,-0.0370607516562,0.0191756173351,-0.00995304049792,-0.000124634680564,-0.0752026875461,-0.0139695899634,-0.00418827337986,-0.0752026875461,0.200605077462,0.117671555381,88,0.0113256113256,-0.210564352422,0,0,-0.027027027027,156,7,60,1109,0.722222222222,0.993727598566,0.00627240143369,0.277777777778,0.957055214724,0.722222222222,0.823218997361,0.80526810848,0.715949820789,0.699551569507,120,173,0,0,0,0
570,WLNM_dir_neg,0.89493467874,0.45328966674,00:00:05,10,20,14,1232383538,threshold_sweep,0.3,0.941666666667,0.653179190751,0.77133105802,113,7,60,339,0.653179190751,0.979768786127,0.0202312138728,0.346820809249,0.941666666667,0.653179190751,0.77133105802,0.870905587669,0.589595375723,0.68544600939,0.707704645076,0.632947976879,216,43,173,0,216,0,43,0,173,37,216,0.162162162162,1.32432432432,11.6756756757,21.6,6,8.1990990496,0.702237650082,0.31006006006,10.329336629,1.76937710775,0.765265265265,3.0868314707,0.528762798222,0.252752752753,0.579945114934,0.437917739848,2,1.32432432432,0.579945114934,2,0.0121701261701,0.00597269624573,7,0.000900900900901,0.621196581197,37,37,37,1,0,0.72972972973,0.243243243243,0.027027027027,37,0.0322822822823,1.2972972973,2.32432432432,4.77777777778,1.79166666667,2.17375831803,0.935221601945,0.495285983658,2.27929708358,1.96125563005,0.809553739786,1.1183696843,0.96231810044,0.516656191075,0.570811550186,0.440000569935,2,1.37931034483,0.621851676358,2,0,0,0,0,0.0776461193128,37,29,29,0.783783783784,0,0.540540540541,0.108108108108,0.135135135135,37,163,0.122372372372,1.30196676857,8.81081081081,18.1111111111,4.52777777778,7.83807600342,0.889597583211,0.416514674183,8.61671327989,1.95594105126,0.807494611176,2.16614685379,0.491702046566,0.271928370088,0.569992074437,0.437793105168,1.92479731245,1.31035473436,0.575756841555,1.92479731245,0.212775203632,0.123644251627,95,0.0122265122265,0.410632228774,37,36,36,0.972972972973,0,0.72972972973,0.243243243243,0,-53,-0.0397897897898,-0.0223575557569,-2.86486486486,-3.48888888889,-1.47222222222,-0.361023046181,0.187359933129,0.106454614123,-1.71262334911,0.186563943517,0.0422293459103,-0.920684616912,-0.0370607516562,0.0191756173351,-0.00995304049792,-0.000124634680564,-0.0752026875461,-0.0139695899634,-0.00418827337986,-0.0752026875461,0.200605077462,0.117671555381,88,0.0113256113256,-0.210564352422,0,0,-0.027027027027,156,7,60,1109,0.722222222222,0.993727598566,0.00627240143369,0.277777777778,0.957055214724,0.722222222222,0.823218997361,0.80526810848,0.715949820789,0.699551569507,120,173,0,0,0,0
571,WLNM_dir_neg,0.89493467874,0.45328966674,00:00:05,10,20,14,1232383538,threshold_sweep,0.4,0.949579831933,0.653179190751,0.77397260274,113,6,60,340,0.653179190751,0.982658959538,0.0173410404624,0.346820809249,0.949579831933,0.653179190751,0.77397260274,0.872832369942,0.59023763648,0.689655172414,0.713024095907,0.635838150289,216,43,173,0,216,0,43,0,173,37,216,0.162162162162,1.32432432432,11.6756756757,21.6,6,8.1990990496,0.702237650082,0.31006006006,10.329336629,1.76937710775,0.765265265265,3.0868314707,0.528762798222,0.252752752753,0.579945114934,0.437917739848,2,1.32432432432,0.579945114934,2,0.0121701261701,0.00597269624573,7,0.000900900900901,0.621196581197,37,37,37,1,0,0.72972972973,0.243243243243,0.027027027027,37,0.0322822822823,1.2972972973,2.32432432432,4.77777777778,1.79166666667,2.17375831803,0.935221601945,0.495285983658,2.27929708358,1.96125563005,0.809553739786,1.1183696843,0.96231810044,0.516656191075,0.570811550186,0.440000569935,2,1.37931034483,0.621851676358,2,0,0,0,0,0.0776461193128,37,29,29,0.783783783784,0,0.540540540541,0.108108108108,0.135135135135,37,162,0.121621621622,1.30080830552,8.75675675676,18,4.5,7.71508409044,0.881043553538,0.413747080414,8.54514596245,1.95166913957,0.806473139806,2.17755407321,0.497342596967,0.274274274274,0.568008020253,0.436657744146,1.92090066402,1.30916409178,0.573754374326,1.92090066402,0.169125175262,0.0971175166297,73,0.00939510939511,0.411624691287,37,36,36,0.972972972973,0,0.72972972973,0.243243243243,0,-54,-0.0405405405405,-0.0235160188063,-2.91891891892,-3.6,-1.5,-0.484014959167,0.178805903456,0.103687020354,-1.78419066655,0.182292031826,0.0412078745412,-0.909277397497,-0.0314202012553,0.0215215215215,-0.0119370946811,-0.00125999570283,-0.079099335985,-0.0151602325419,-0.00619074060884,-0.079099335985,0.156955049092,0.091144820384,66,0.00849420849421,-0.20957188991,0,0,-0.027027027027,156,6,60,1110,0.722222222222,0.994623655914,0.00537634408602,0.277777777778,0.962962962963,0.722222222222,0.825396825397,0.808414932887,0.716845878136,0.702702702703,119,173,0,0,0,0
572,WLNM_dir_neg,0.89493467874,0.45328966674,00:00:05,10,20,14,1232383538,threshold_sweep,0.5,0.947368421053,0.624277456647,0.752613240418,108,6,65,340,0.624277456647,0.982658959538,0.0173410404624,0.375722543353,0.947368421053,0.624277456647,0.752613240418,0.863198458574,0.59344894027,0.663507109005,0.691073690719,0.606936416185,216,43,173,0,216,0,43,0,173,37,216,0.162162162162,1.32432432432,11.6756756757,21.6,6,8.1990990496,0.702237650082,0.31006006006,10.329336629,1.76937710775,0.765265265265,3.0868314707,0.528762798222,0.252752752753,0.579945114934,0.437917739848,2,1.32432432432,0.579945114934,2,0.0121701261701,0.00597269624573,7,0.000900900900901,0.621196581197,37,37,37,1,0,0.72972972973,0.243243243243,0.027027027027,37,0.0322822822823,1.2972972973,2.32432432432,4.77777777778,1.79166666667,2.17375831803,0.935221601945,0.495285983658,2.27929708358,1.96125563005,0.809553739786,1.1183696843,0.96231810044,0.516656191075,0.570811550186,0.440000569935,2,1.37931034483,0.621851676358,2,0,0,0,0,0.0776461193128,37,29,29,0.783783783784,0,0.540540540541,0.108108108108,0.135135135135,37,157,0.117867867868,1.30148864239,8.48648648649,17.4444444444,4.36111111111,7.51894504133,0.885990339265,0.423997245653,8.2442080861,1.94290254258,0.804613530728,2.29014076964,0.539714703672,0.295059390601,0.569170174445,0.437322429031,1.92318906985,1.3098633269,0.574927286718,1.92318906985,0.170055461906,0.103058823529,73,0.00939510939511,0.416520682306,37,36,36,0.972972972973,0,0.72972972973,0.243243243243,0,-59,-0.0442942942943,-0.0228356819351,-3.18918918919,-4.15555555556,-1.63888888889,-0.680154008275,0.183752689183,0.113937185593,-2.0851285429,0.173525434839,0.0393482654629,-0.796690701069,0.0109519054495,0.042306637848,-0.0107749404891,-0.000595310817876,-0.0768109301454,-0.0144609974243,-0.00501782821623,-0.0768109301454,0.157885335736,0.0970861272837,66,0.00849420849421,-0.204675898891,0,0,-0.027027027027,151,6,65,1110,0.699074074074,0.994623655914,0.00537634408602,0.300925925926,0.96178343949,0.699074074074,0.809651474531,0.792976809669,0.693697729988,0.68018018018,114,173,0,0,0,0
573,WLNM_dir_neg,0.89493467874,0.45328966674,00:00:05,10,20,14,1232383538,threshold_sweep,0.6,0.946902654867,0.618497109827,0.748251748252,107,6,66,340,0.618497109827,0.982658959538,0.0173410404624,0.381502890173,0.946902654867,0.618497109827,0.748251748252,0.861271676301,0.594091201028,0.658227848101,0.686666876877,0.601156069364,216,43,173,0,216,0,43,0,173,37,216,0.162162162162,1.32432432432,11.6756756757,21.6,6,8.1990990496,0.702237650082,0.31006006006,10.329336629,1.76937710775,0.765265265265,3.0868314707,0.528762798222,0.252752752753,0.579945114934,0.437917739848,2,1.32432432432,0.579945114934,2,0.0121701261701,0.00597269624573,7,0.000900900900901,0.621196581197,37,37,37,1,0,0.72972972973,0.243243243243,0.027027027027,37,0.0322822822823,1.2972972973,2.32432432432,4.77777777778,1.79166666667,2.17375831803,0.935221601945,0.495285983658,2.27929708358,1.96125563005,0.809553739786,1.1183696843,0.96231810044,0.516656191075,0.570811550186,0.440000569935,2,1.37931034483,0.621851676358,2,0,0,0,0,0.0776461193128,37,29,29,0.783783783784,0,0.540540540541,0.108108108108,0.135135135135,37,156,0.117117117117,1.30166794791,8.43243243243,17.3333333333,4.33333333333,7.47417977864,0.886361063492,0.424116424116,8.19259535304,1.9431155645,0.805266805267,2.26243643416,0.53660351323,0.293139293139,0.569479064922,0.4374994912,1.92379218843,1.31004761313,0.575239060034,1.92379218843,0.169824169389,0.102955195424,72,0.00926640926641,0.409198768667,37,36,36,0.972972972973,0,0.72972972973,0.243243243243,0,-60,-0.045045045045,-0.0226563764141,-3.24324324324,-4.26666666667,-1.66666666667,-0.724919270969,0.18412341341,0.114056364056,-2.13674127596,0.173738456757,0.0400015400015,-0.824395036543,0.00784071500802,0.0403865403865,-0.0104660500129,-0.000418248648845,-0.0762078115748,-0.0142767111944,-0.0047060549003,-0.0762078115748,0.157654043219,0.0969824991785,65,0.00836550836551,-0.211997812529,0,0,-0.027027027027,150,6,66,1110,0.694444444444,0.994623655914,0.00537634408602,0.305555555556,0.961538461538,0.694444444444,0.806451612903,0.789869161196,0.689068100358,0.675675675676,113,173,0,0,0,0
574,WLNM_dir_neg,0.89493467874,0.45328966674,00:00:05,10,20,14,1232383538,threshold_sweep,0.7,0.946902654867,0.618497109827,0.748251748252,107,6,66,340,0.618497109827,0.982658959538,0.0173410404624,0.381502890173,0.946902654867,0.618497109827,0.748251748252,0.861271676301,0.594091201028,0.658227848101,0.686666876877,0.601156069364,216,43,173,0,216,0,43,0,173,37,216,0.162162162162,1.32432432432,11.6756756757,21.6,6,8.1990990496,0.702237650082,0.31006006006,10.329336629,1.76937710775,0.765265265265,3.0868314707,0.528762798222,0.252752752753,0.579945114934,0.437917739848,2,1.32432432432,0.579945114934,2,0.0121701261701,0.00597269624573,7,0.000900900900901,0.621196581197,37,37,37,1,0,0.72972972973,0.243243243243,0.027027027027,37,0.0322822822823,1.2972972973,2.32432432432,4.77777777778,1.79166666667,2.17375831803,0.935221601945,0.495285983658,2.27929708358,1.96125563005,0.809553739786,1.1183696843,0.96231810044,0.516656191075,0.570811550186,0.440000569935,2,1.37931034483,0.621851676358,2,0,0,0,0,0.0776461193128,37,29,29,0.783783783784,0,0.540540540541,0.108108108108,0.135135135135,37,156,0.117117117117,1.30166794791,8.43243243243,17.3333333333,4.33333333333,7.47417977864,0.886361063492,0.424116424116,8.19259535304,1.9431155645,0.805266805267,2.26243643416,0.53660351323,0.293139293139,0.569479064922,0.4374994912,1.92379218843,1.31004761313,0.575239060034,1.92379218843,0.169824169389,0.102955195424,72,0.00926640926641,0.409198768667,37,36,36,0.972972972973,0,0.72972972973,0.243243243243,0,-60,-0.045045045045,-0.0226563764141,-3.24324324324,-4.26666666667,-1.66666666667,-0.724919270969,0.18412341341,0.114056364056,-2.13674127596,0.173738456757,0.0400015400015,-0.824395036543,0.00784071500802,0.0403865403865,-0.0104660500129,-0.000418248648845,-0.0762078115748,-0.0142767111944,-0.0047060549003,-0.0762078115748,0.157654043219,0.0969824991785,65,0.00836550836551,-0.211997812529,0,0,-0.027027027027,150,6,66,1110,0.694444444444,0.994623655914,0.00537634408602,0.305555555556,0.961538461538,0.694444444444,0.806451612903,0.789869161196,0.689068100358,0.675675675676,113,173,0,0,0,0
575,WLNM_dir_neg,0.89493467874,0.45328966674,00:00:05,10,20,14,1232383538,threshold_sweep,0.8,0.953271028037,0.589595375723,0.728571428571,102,5,71,341,0.589595375723,0.985549132948,0.014450867052,0.410404624277,0.953271028037,0.589595375723,0.728571428571,0.853564547206,0.597944765575,0.635782747604,0.670189441898,0.575144508671,216,43,173,0,216,0,43,0,173,37,216,0.162162162162,1.32432432432,11.6756756757,21.6,6,8.1990990496,0.702237650082,0.31006006006,10.329336629,1.76937710775,0.765265265265,3.0868314707,0.528762798222,0.252752752753,0.579945114934,0.437917739848,2,1.32432432432,0.579945114934,2,0.0121701261701,0.00597269624573,7,0.000900900900901,0.621196581197,37,37,37,1,0,0.72972972973,0.243243243243,0.027027027027,37,0.0322822822823,1.2972972973,2.32432432432,4.77777777778,1.79166666667,2.17375831803,0.935221601945,0.495285983658,2.27929708358,1.96125563005,0.809553739786,1.1183696843,0.96231810044,0.516656191075,0.570811550186,0.440000569935,2,1.37931034483,0.621851676358,2,0,0,0,0,0.0776461193128,37,29,29,0.783783783784,0,0.540540540541,0.108108108108,0.135135135135,37,150,0.112612612613,1.29918872911,8.10810810811,16.6666666667,4.16666666667,7.21797056652,0.89021636987,0.433693693694,7.79938012475,1.92384709744,0.80036036036,2.44887668064,0.604056247892,0.331891891892,0.565414105527,0.435205519304,1.91545299792,1.30749952714,0.571138001675,1.91545299792,0.198177531004,0.109477952357,72,0.00926640926641,0.429345247703,37,36,36,0.972972972973,0,0.72972972973,0.243243243243,0,-66,-0.0495495495495,-0.0251355952131,-3.56756756757,-4.93333333333,-1.83333333333,-0.981128483088,0.187978719789,0.123633633634,-2.52995650425,0.154469989693,0.0350950950951,-0.637954790061,0.0752934496695,0.0791391391391,-0.0145310094072,-0.00271222054406,-0.0845470020806,-0.0168247971823,-0.00880711325903,-0.0845470020806,0.186007404833,0.103505256111,65,0.00836550836551,-0.191851333494,0,0,-0.027027027027,145,5,71,1111,0.671296296296,0.995519713262,0.00448028673835,0.328703703704,0.966666666667,0.671296296296,0.792349726776,0.777518306726,0.666816009558,0.656108597285,107,173,0,0,0,0
576,WLNM_dir_neg,0.89493467874,0.45328966674,00:00:05,10,20,14,1232383538,threshold_sweep,0.9,0.971153846154,0.583815028902,0.729241877256,101,3,72,343,0.583815028902,0.991329479769,0.00867052023121,0.416184971098,0.971153846154,0.583815028902,0.729241877256,0.85549132948,0.599871547848,0.638844301766,0.677325397546,0.575144508671,216,43,173,0,216,0,43,0,173,37,216,0.162162162162,1.32432432432,11.6756756757,21.6,6,8.1990990496,0.702237650082,0.31006006006,10.329336629,1.76937710775,0.765265265265,3.0868314707,0.528762798222,0.252752752753,0.579945114934,0.437917739848,2,1.32432432432,0.579945114934,2,0.0121701261701,0.00597269624573,7,0.000900900900901,0.621196581197,37,37,37,1,0,0.72972972973,0.243243243243,0.027027027027,37,0.0322822822823,1.2972972973,2.32432432432,4.77777777778,1.79166666667,2.17375831803,0.935221601945,0.495285983658,2.27929708358,1.96125563005,0.809553739786,1.1183696843,0.96231810044,0.516656191075,0.570811550186,0.440000569935,2,1.37931034483,0.621851676358,2,0,0,0,0,0.0776461193128,37,29,29,0.783783783784,0,0.540540540541,0.108108108108,0.135135135135,37,147,0.11036036036,1.29413954771,7.94594594595,16.3333333333,4.2,6.99184424068,0.879925975867,0.428939143225,7.63575829927,1.92192555832,0.800882515168,2.47752661704,0.623595134901,0.341974627689,0.556882797788,0.430311243307,1.89846938776,1.3023100907,0.562528548194,1.89846938776,0.145142605085,0.0773277222514,49,0.00630630630631,0.43082723563,37,36,36,0.972972972973,0,0.72972972973,0.216216216216,0.027027027027,-69,-0.0518018018018,-0.0301847766133,-3.72972972973,-5.26666666667,-1.8,-1.20725480893,0.177688325786,0.118879083165,-2.69357832973,0.152548450573,0.035617249903,-0.609304853665,0.0948323366786,0.0892218749362,-0.0230623171461,-0.00760649654137,-0.101530612245,-0.0220142336214,-0.0174165667404,-0.101530612245,0.132972478915,0.0713550260057,42,0.00540540540541,-0.190369345567,0,-0.027027027027,0,144,3,72,1113,0.666666666667,0.997311827957,0.00268817204301,0.333333333333,0.979591836735,0.666666666667,0.793388429752,0.781079327571,0.663978494624,0.657534246575,104,173,0,0,0,0
577,WLNM_dir_neg,0.926952120017,0.660769588554,00:00:03,10,20,15,1232383539,threshold_sweep,0.1,0.925675675676,0.791907514451,0.853582554517,137,11,36,335,0.791907514451,0.968208092486,0.0317919075145,0.208092485549,0.925675675676,0.791907514451,0.853582554517,0.909441233141,0.571612074502,0.788605697151,0.793638884752,0.760115606936,216,43,173,0,216,0,43,0,173,37,216,0.162162162162,1.32432432432,11.6756756757,21.6,6,8.1990990496,0.702237650082,0.31006006006,10.329336629,1.76937710775,0.765265265265,3.0868314707,0.528762798222,0.252752752753,0.579945114934,0.437917739848,2,1.32432432432,0.579945114934,2,0.0121701261701,0.00597269624573,7,0.000900900900901,0.621196581197,37,37,37,1,0,0.72972972973,0.243243243243,0.027027027027,37,0.0322822822823,1.31081081081,2.32432432432,4.3,1.79166666667,1.88641420652,0.811596809782,0.414204902577,2.179621699,1.87548843867,0.795725958517,1.04119358627,0.895910760276,0.473915776241,0.544560874969,0.415438193275,2,1.359375,0.571280042621,2,0,0,0,0,0.0572056338723,37,32,32,0.864864864865,0,0.594594594595,0.0540540540541,0.216216216216,37,191,0.143393393393,1.72539150826,10.3243243243,11.2352941176,5.45714285714,7.42762880532,0.719430015175,0.369039196264,8.83337582856,1.71117751653,0.754775718127,3.61719284585,0.700712750244,0.367341163153,0.857400345223,0.496930894302,2.53613053613,1.74554127238,0.860632049527,2.53613053613,0.10652606904,0.0773831775701,69,0.00888030888031,0.230634724457,37,36,36,0.972972972973,0,0.513513513514,0.432432432432,0.027027027027,-25,-0.0187687687688,0.40106718394,-1.35135135135,-10.3647058824,-0.542857142857,-0.771470244281,0.0171923650934,0.0589791362043,-1.49596080044,-0.0581995912186,-0.0104895471388,0.530361375148,0.171949952021,0.1145884104,0.277455230289,0.0590131544538,0.536130536131,0.421216948059,0.280686934593,0.536130536131,0.0943559428695,0.0714104813244,62,0.00797940797941,-0.39056185674,-0.216216216216,0.189189189189,0,180,11,36,1105,0.833333333333,0.990143369176,0.00985663082437,0.166666666667,0.942408376963,0.833333333333,0.884520884521,0.866065590026,0.823476702509,0.79295154185,148,173,0,0,0,0
578,WLNM_dir_neg,0.926952120017,0.660769588554,00:00:03,10,20,15,1232383539,threshold_sweep,0.2,0.958041958042,0.791907514451,0.867088607595,137,6,36,340,0.791907514451,0.982658959538,0.0173410404624,0.208092485549,0.958041958042,0.791907514451,0.867088607595,0.919075144509,0.574823378292,0.809667673716,0.817255505655,0.774566473988,216,43,173,0,216,0,43,0,173,37,216,0.162162162162,1.32432432432,11.6756756757,21.6,6,8.1990990496,0.702237650082,0.31006006006,10.329336629,1.76937710775,0.765265265265,3.0868314707,0.528762798222,0.252752752753,0.579945114934,0.437917739848,2,1.32432432432,0.579945114934,2,0.0121701261701,0.00597269624573,7,0.000900900900901,0.621196581197,37,37,37,1,0,0.72972972973,0.243243243243,0.027027027027,37,0.0322822822823,1.31081081081,2.32432432432,4.3,1.79166666667,1.88641420652,0.811596809782,0.414204902577,2.179621699,1.87548843867,0.795725958517,1.04119358627,0.895910760276,0.473915776241,0.544560874969,0.415438193275,2,1.359375,0.571280042621,2,0,0,0,0,0.0572056338723,37,32,32,0.864864864865,0,0.594594594595,0.0540540540541,0.216216216216,37,186,0.13963963964,1.51330011385,10.0540540541,14.3076923077,5.31428571429,7.47568631538,0.743549445346,0.371548968323,8.90220474092,1.77086868502,0.768962510898,3.46800043642,0.689871054557,0.353095030514,0.746143779813,0.493057373738,2.27972027972,1.52755845035,0.751598366016,2.27972027972,0.0438045891307,0.0335777692011,29,0.0037323037323,0.36018609214,37,36,36,0.972972972973,0,0.621621621622,0.324324324324,0.027027027027,-30,-0.0225225225225,0.188975789528,-1.62162162162,-7.29230769231,-0.685714285714,-0.723412734229,0.0413117952646,0.0614889082631,-1.42713188808,0.0014915772763,0.00369724563273,0.381168965719,0.161108256335,0.100342277762,0.166198664879,0.0551396338894,0.27972027972,0.203234126024,0.171653251081,0.27972027972,0.0316344629605,0.0276050729553,22,0.0028314028314,-0.261010489057,-0.108108108108,0.0810810810811,0,180,6,36,1110,0.833333333333,0.994623655914,0.00537634408602,0.166666666667,0.967741935484,0.833333333333,0.89552238806,0.880476904405,0.827956989247,0.810810810811,143,173,0,0,0,0
579,WLNM_dir_neg,0.926952120017,0.660769588554,00:00:03,10,20,15,1232383539,threshold_sweep,0.3,0.958041958042,0.791907514451,0.867088607595,137,6,36,340,0.791907514451,0.982658959538,0.0173410404624,0.208092485549,0.958041958042,0.791907514451,0.867088607595,0.919075144509,0.574823378292,0.809667673716,0.817255505655,0.774566473988,216,43,173,0,216,0,43,0,173,37,216,0.162162162162,1.32432432432,11.6756756757,21.6,6,8.1990990496,0.702237650082,0.31006006006,10.329336629,1.76937710775,0.765265265265,3.0868314707,0.528762798222,0.252752752753,0.579945114934,0.437917739848,2,1.32432432432,0.579945114934,2,0.0121701261701,0.00597269624573,7,0.000900900900901,0.621196581197,37,37,37,1,0,0.72972972973,0.243243243243,0.027027027027,37,0.0322822822823,1.31081081081,2.32432432432,4.3,1.79166666667,1.88641420652,0.811596809782,0.414204902577,2.179621699,1.87548843867,0.795725958517,1.04119358627,0.895910760276,0.473915776241,0.544560874969,0.415438193275,2,1.359375,0.571280042621,2,0,0,0,0,0.0572056338723,37,32,32,0.864864864865,0,0.594594594595,0.0540540540541,0.216216216216,37,186,0.13963963964,1.51330011385,10.0540540541,14.3076923077,5.31428571429,7.47568631538,0.743549445346,0.371548968323,8.90220474092,1.77086868502,0.768962510898,3.46800043642,0.689871054557,0.353095030514,0.746143779813,0.493057373738,2.27972027972,1.52755845035,0.751598366016,2.27972027972,0.0438045891307,0.0335777692011,29,0.0037323037323,0.36018609214,37,36,36,0.972972972973,0,0.621621621622,0.324324324324,0.027027027027,-30,-0.0225225225225,0.188975789528,-1.62162162162,-7.29230769231,-0.685714285714,-0.723412734229,0.0413117952646,0.0614889082631,-1.42713188808,0.0014915772763,0.00369724563273,0.381168965719,0.161108256335,0.100342277762,0.166198664879,0.0551396338894,0.27972027972,0.203234126024,0.171653251081,0.27972027972,0.0316344629605,0.0276050729553,22,0.0028314028314,-0.261010489057,-0.108108108108,0.0810810810811,0,180,6,36,1110,0.833333333333,0.994623655914,0.00537634408602,0.166666666667,0.967741935484,0.833333333333,0.89552238806,0.880476904405,0.827956989247,0.810810810811,143,173,0,0,0,0
580,WLNM_dir_neg,0.926952120017,0.660769588554,00:00:03,10,20,15,1232383539,threshold_sweep,0.4,0.958041958042,0.791907514451,0.867088607595,137,6,36,340,0.791907514451,0.982658959538,0.0173410404624,0.208092485549,0.958041958042,0.791907514451,0.867088607595,0.919075144509,0.574823378292,0.809667673716,0.817255505655,0.774566473988,216,43,173,0,216,0,43,0,173,37,216,0.162162162162,1.32432432432,11.6756756757,21.6,6,8.1990990496,0.702237650082,0.31006006006,10.329336629,1.76937710775,0.765265265265,3.0868314707,0.528762798222,0.252752752753,0.579945114934,0.437917739848,2,1.32432432432,0.579945114934,2,0.0121701261701,0.00597269624573,7,0.000900900900901,0.621196581197,37,37,37,1,0,0.72972972973,0.243243243243,0.027027027027,37,0.0322822822823,1.31081081081,2.32432432432,4.3,1.79166666667,1.88641420652,0.811596809782,0.414204902577,2.179621699,1.87548843867,0.795725958517,1.04119358627,0.895910760276,0.473915776241,0.544560874969,0.415438193275,2,1.359375,0.571280042621,2,0,0,0,0,0.0572056338723,37,32,32,0.864864864865,0,0.594594594595,0.0540540540541,0.216216216216,37,186,0.13963963964,1.51330011385,10.0540540541,14.3076923077,5.31428571429,7.47568631538,0.743549445346,0.371548968323,8.90220474092,1.77086868502,0.768962510898,3.46800043642,0.689871054557,0.353095030514,0.746143779813,0.493057373738,2.27972027972,1.52755845035,0.751598366016,2.27972027972,0.0438045891307,0.0335777692011,29,0.0037323037323,0.36018609214,37,36,36,0.972972972973,0,0.621621621622,0.324324324324,0.027027027027,-30,-0.0225225225225,0.188975789528,-1.62162162162,-7.29230769231,-0.685714285714,-0.723412734229,0.0413117952646,0.0614889082631,-1.42713188808,0.0014915772763,0.00369724563273,0.381168965719,0.161108256335,0.100342277762,0.166198664879,0.0551396338894,0.27972027972,0.203234126024,0.171653251081,0.27972027972,0.0316344629605,0.0276050729553,22,0.0028314028314,-0.261010489057,-0.108108108108,0.0810810810811,0,180,6,36,1110,0.833333333333,0.994623655914,0.00537634408602,0.166666666667,0.967741935484,0.833333333333,0.89552238806,0.880476904405,0.827956989247,0.810810810811,143,173,0,0,0,0
581,WLNM_dir_neg,0.926952120017,0.660769588554,00:00:03,10,20,15,1232383539,threshold_sweep,0.5,0.964788732394,0.791907514451,0.869841269841,137,5,36,341,0.791907514451,0.985549132948,0.014450867052,0.208092485549,0.964788732394,0.791907514451,0.869841269841,0.921001926782,0.575465639049,0.813918305598,0.822095810278,0.777456647399,216,43,173,0,216,0,43,0,173,37,216,0.162162162162,1.32432432432,11.6756756757,21.6,6,8.1990990496,0.702237650082,0.31006006006,10.329336629,1.76937710775,0.765265265265,3.0868314707,0.528762798222,0.252752752753,0.579945114934,0.437917739848,2,1.32432432432,0.579945114934,2,0.0121701261701,0.00597269624573,7,0.000900900900901,0.621196581197,37,37,37,1,0,0.72972972973,0.243243243243,0.027027027027,37,0.0322822822823,1.31081081081,2.32432432432,4.3,1.79166666667,1.88641420652,0.811596809782,0.414204902577,2.179621699,1.87548843867,0.795725958517,1.04119358627,0.895910760276,0.473915776241,0.544560874969,0.415438193275,2,1.359375,0.571280042621,2,0,0,0,0,0.0572056338723,37,32,32,0.864864864865,0,0.594594594595,0.0540540540541,0.216216216216,37,185,0.138888888889,1.54115613671,10,14.2307692308,5.28571428571,7.48331477355,0.748331477355,0.371073776479,8.91316130475,1.78263226095,0.770781592403,3.43996124009,0.687992248018,0.349744338934,0.793795321372,0.515064828582,2.31339712919,1.55618825162,0.799696580939,2.31339712919,0.029375372514,0.0244660194175,21,0.0027027027027,0.363309411386,37,36,36,0.972972972973,0,0.621621621622,0.324324324324,0.027027027027,-31,-0.0232732732733,0.216831812383,-1.67567567568,-7.36923076923,-0.714285714286,-0.715784276057,0.0460938272729,0.0610137164191,-1.41617532425,0.0132551532041,0.00551632713795,0.353129769388,0.159229449796,0.0969915861808,0.213850206437,0.0771470887338,0.313397129187,0.231863927291,0.219751466005,0.313397129187,0.0172052463438,0.0184933231717,14,0.0018018018018,-0.25788716981,-0.108108108108,0.0810810810811,0,180,5,36,1111,0.833333333333,0.995519713262,0.00448028673835,0.166666666667,0.972972972973,0.833333333333,0.897755610973,0.883423479847,0.828853046595,0.814479638009,142,173,0,0,0,0
582,WLNM_dir_neg,0.926952120017,0.660769588554,00:00:03,10,20,15,1232383539,threshold_sweep,0.6,0.978571428571,0.791907514451,0.875399361022,137,3,36,343,0.791907514451,0.991329479769,0.00867052023121,0.208092485549,0.978571428571,0.791907514451,0.875399361022,0.924855491329,0.576750160565,0.822458270106,0.831899130204,0.78323699422,216,43,173,0,216,0,43,0,173,37,216,0.162162162162,1.32432432432,11.6756756757,21.6,6,8.1990990496,0.702237650082,0.31006006006,10.329336629,1.76937710775,0.765265265265,3.0868314707,0.528762798222,0.252752752753,0.579945114934,0.437917739848,2,1.32432432432,0.579945114934,2,0.0121701261701,0.00597269624573,7,0.000900900900901,0.621196581197,37,37,37,1,0,0.72972972973,0.243243243243,0.027027027027,37,0.0322822822823,1.31081081081,2.32432432432,4.3,1.79166666667,1.88641420652,0.811596809782,0.414204902577,2.179621699,1.87548843867,0.795725958517,1.04119358627,0.895910760276,0.473915776241,0.544560874969,0.415438193275,2,1.359375,0.571280042621,2,0,0,0,0,0.0572056338723,37,32,32,0.864864864865,0,0.594594594595,0.0540540540541,0.216216216216,37,183,0.137387387387,1.35891410532,9.89189189189,16.6363636364,5.22857142857,7.38159792917,0.746227113059,0.367597105302,8.9409977878,1.80774272212,0.775365529464,3.47167863613,0.701924095829,0.355338945503,0.588618747566,0.43315375509,2.06482982947,1.36888394158,0.59379158031,2.06482982947,0.029375372514,0.0244660194175,21,0.0027027027027,0.479740966105,37,36,36,0.972972972973,0,0.675675675676,0.27027027027,0.027027027027,-33,-0.0247747747748,0.0345897809986,-1.78378378378,-4.96363636364,-0.771428571429,-0.81750112043,0.0439894629767,0.057537045242,-1.3883388412,0.0383656143781,0.0101002641986,0.384847165425,0.173161297607,0.10258619275,0.00867363263154,-0.00476398475803,0.0648298294707,0.0445596172576,0.0138464653754,0.0648298294707,0.0172052463438,0.0184933231717,14,0.0018018018018,-0.141455615092,-0.0540540540541,0.027027027027,0,180,3,36,1113,0.833333333333,0.997311827957,0.00268817204301,0.166666666667,0.983606557377,0.833333333333,0.902255639098,0.88938326476,0.83064516129,0.821917808219,140,173,0,0,0,0
583,WLNM_dir_neg,0.926952120017,0.660769588554,00:00:03,10,20,15,1232383539,threshold_sweep,0.7,0.978571428571,0.791907514451,0.875399361022,137,3,36,343,0.791907514451,0.991329479769,0.00867052023121,0.208092485549,0.978571428571,0.791907514451,0.875399361022,0.924855491329,0.576750160565,0.822458270106,0.831899130204,0.78323699422,216,43,173,0,216,0,43,0,173,37,216,0.162162162162,1.32432432432,11.6756756757,21.6,6,8.1990990496,0.702237650082,0.31006006006,10.329336629,1.76937710775,0.765265265265,3.0868314707,0.528762798222,0.252752752753,0.579945114934,0.437917739848,2,1.32432432432,0.579945114934,2,0.0121701261701,0.00597269624573,7,0.000900900900901,0.621196581197,37,37,37,1,0,0.72972972973,0.243243243243,0.027027027027,37,0.0322822822823,1.31081081081,2.32432432432,4.3,1.79166666667,1.88641420652,0.811596809782,0.414204902577,2.179621699,1.87548843867,0.795725958517,1.04119358627,0.895910760276,0.473915776241,0.544560874969,0.415438193275,2,1.359375,0.571280042621,2,0,0,0,0,0.0572056338723,37,32,32,0.864864864865,0,0.594594594595,0.0540540540541,0.216216216216,37,183,0.137387387387,1.35891410532,9.89189189189,16.6363636364,5.22857142857,7.38159792917,0.746227113059,0.367597105302,8.9409977878,1.80774272212,0.775365529464,3.47167863613,0.701924095829,0.355338945503,0.588618747566,0.43315375509,2.06482982947,1.36888394158,0.59379158031,2.06482982947,0.029375372514,0.0244660194175,21,0.0027027027027,0.479740966105,37,36,36,0.972972972973,0,0.675675675676,0.27027027027,0.027027027027,-33,-0.0247747747748,0.0345897809986,-1.78378378378,-4.96363636364,-0.771428571429,-0.81750112043,0.0439894629767,0.057537045242,-1.3883388412,0.0383656143781,0.0101002641986,0.384847165425,0.173161297607,0.10258619275,0.00867363263154,-0.00476398475803,0.0648298294707,0.0445596172576,0.0138464653754,0.0648298294707,0.0172052463438,0.0184933231717,14,0.0018018018018,-0.141455615092,-0.0540540540541,0.027027027027,0,180,3,36,1113,0.833333333333,0.997311827957,0.00268817204301,0.166666666667,0.983606557377,0.833333333333,0.902255639098,0.88938326476,0.83064516129,0.821917808219,140,173,0,0,0,0
584,WLNM_dir_neg,0.926952120017,0.660769588554,00:00:03,10,20,15,1232383539,threshold_sweep,0.8,0.985401459854,0.780346820809,0.870967741935,135,2,38,344,0.780346820809,0.994219653179,0.00578034682081,0.219653179191,0.985401459854,0.780346820809,0.870967741935,0.922928709056,0.578676942839,0.817073170732,0.828376616648,0.774566473988,216,43,173,0,216,0,43,0,173,37,216,0.162162162162,1.32432432432,11.6756756757,21.6,6,8.1990990496,0.702237650082,0.31006006006,10.329336629,1.76937710775,0.765265265265,3.0868314707,0.528762798222,0.252752752753,0.579945114934,0.437917739848,2,1.32432432432,0.579945114934,2,0.0121701261701,0.00597269624573,7,0.000900900900901,0.621196581197,37,37,37,1,0,0.72972972973,0.243243243243,0.027027027027,37,0.0322822822823,1.31081081081,2.32432432432,4.3,1.79166666667,1.88641420652,0.811596809782,0.414204902577,2.179621699,1.87548843867,0.795725958517,1.04119358627,0.895910760276,0.473915776241,0.544560874969,0.415438193275,2,1.359375,0.571280042621,2,0,0,0,0,0.0572056338723,37,32,32,0.864864864865,0,0.594594594595,0.0540540540541,0.216216216216,37,180,0.135135135135,1.3195257035,9.72972972973,18,5.14285714286,7.34335923981,0.754734144092,0.372672672673,8.86053096654,1.82133136534,0.778678678679,3.4573766722,0.710682982618,0.363063063063,0.562132746725,0.426011213902,2.01757910598,1.32840141749,0.567471167396,2.01757910598,0.0313470307159,0.0251096054205,21,0.0027027027027,0.564631047964,37,36,36,0.972972972973,0,0.702702702703,0.243243243243,0.027027027027,-36,-0.027027027027,-0.00479862082072,-1.94594594595,-3.6,-0.857142857143,-0.855739809793,0.0524964940099,0.0626126126126,-1.46880566246,0.051954257599,0.0134134134134,0.370545201493,0.181920184396,0.11031031031,-0.0178123682098,-0.0119065259463,0.0175791059769,0.00407709316549,-0.0124739475387,0.0175791059769,0.0191769045458,0.0191369091748,14,0.0018018018018,-0.0565655332322,-0.027027027027,0,0,178,2,38,1114,0.824074074074,0.998207885305,0.00179211469534,0.175925925926,0.988888888889,0.824074074074,0.89898989899,0.886578597241,0.822281959379,0.816513761468,137,173,0,0,0,0
585,WLNM_dir_neg,0.926952120017,0.660769588554,00:00:03,10,20,15,1232383539,threshold_sweep,0.9,0.984496124031,0.734104046243,0.841059602649,127,2,46,344,0.734104046243,0.994219653179,0.00578034682081,0.265895953757,0.984496124031,0.734104046243,0.841059602649,0.907514450867,0.583815028902,0.777777777778,0.79443502725,0.728323699422,216,43,173,0,216,0,43,0,173,37,216,0.162162162162,1.32432432432,11.6756756757,21.6,6,8.1990990496,0.702237650082,0.31006006006,10.329336629,1.76937710775,0.765265265265,3.0868314707,0.528762798222,0.252752752753,0.579945114934,0.437917739848,2,1.32432432432,0.579945114934,2,0.0121701261701,0.00597269624573,7,0.000900900900901,0.621196581197,37,37,37,1,0,0.72972972973,0.243243243243,0.027027027027,37,0.0322822822823,1.31081081081,2.32432432432,4.3,1.79166666667,1.88641420652,0.811596809782,0.414204902577,2.179621699,1.87548843867,0.795725958517,1.04119358627,0.895910760276,0.473915776241,0.544560874969,0.415438193275,2,1.359375,0.571280042621,2,0,0,0,0,0.0572056338723,37,32,32,0.864864864865,0,0.594594594595,0.0540540540541,0.216216216216,37,172,0.129129129129,1.31967019467,9.2972972973,17.2,5.73333333333,7.08623417019,0.762182163654,0.384349465745,8.74393826925,1.8809634649,0.789126335638,3.56071322612,0.765967380038,0.400062853551,0.562572607639,0.426297881024,2.02272727273,1.3285499223,0.567916950205,2.02272727273,0.0324991044486,0.027027027027,21,0.0027027027027,0.552422885756,37,36,36,0.972972972973,0,0.702702702703,0.108108108108,0.162162162162,-44,-0.033033033033,-0.00465412965413,-2.37837837838,-4.4,-0.266666666667,-1.11286487942,0.0599445135719,0.0742894056848,-1.58539835975,0.111586357152,0.0238610703727,0.473881755418,0.237204581815,0.147310100798,-0.0173725072956,-0.0116198588242,0.0227272727273,0.0042255979756,-0.0120281647298,0.0227272727273,0.0203289782785,0.0210543307813,14,0.0018018018018,-0.0687736954404,-0.027027027027,-0.135135135135,0.135135135135,170,2,46,1114,0.787037037037,0.998207885305,0.00179211469534,0.212962962963,0.988372093023,0.787037037037,0.876288659794,0.863119426643,0.785244922342,0.779816513761,129,173,0,0,0,0
586,WLNM_dir_neg,0.956096094089,0.85103930335,00:00:03,10,20,16,1232383540,threshold_sweep,0.1,0.859259259259,0.670520231214,0.753246753247,116,19,57,327,0.670520231214,0.945086705202,0.0549132947977,0.329479768786,0.859259259259,0.670520231214,0.753246753247,0.853564547206,0.579961464355,0.651376146789,0.661503443344,0.615606936416,216,43,173,0,216,0,43,0,173,37,216,0.162162162162,1.32432432432,11.6756756757,21.6,6,8.1990990496,0.702237650082,0.31006006006,10.329336629,1.76937710775,0.765265265265,3.0868314707,0.528762798222,0.252752752753,0.579945114934,0.437917739848,2,1.32432432432,0.579945114934,2,0.0121701261701,0.00597269624573,7,0.000900900900901,0.621196581197,37,37,37,1,0,0.72972972973,0.243243243243,0.027027027027,37,0.0322822822823,1.32432432432,2.32432432432,4.3,1.72,2.13507811533,0.918580119386,0.463859208045,2.19232896854,1.88642260084,0.798240100566,1.09324983201,0.940703343825,0.500314267756,0.579945114934,0.437917739848,2,1.375,0.609071212532,2,0,0,0,0,0.06890997891,37,32,32,0.864864864865,0,0.594594594595,0.0810810810811,0.189189189189,37,178,0.133633633634,2.25471600898,9.62162162162,8.9,6.35714285714,7.78299910543,0.808907210395,0.390221682357,8.37601681336,1.7410821466,0.755845733374,3.37340775476,0.701213971495,0.372001214698,1.24394061821,0.551706118755,2.91085271318,2.32641406664,1.24117391646,2.91085271318,0.13331035812,0.0906735751295,70,0.00900900900901,0.241931032943,37,35,35,0.945945945946,0,0.405405405405,0.351351351351,0.189189189189,-38,-0.0285285285285,0.930391684657,-2.05405405405,-12.7,0.357142857143,-0.416099944178,0.106669560314,0.0801616222965,-1.95331981564,-0.0282949611484,-0.00941953189144,0.286576284057,0.172451173273,0.119248461945,0.663995503275,0.113788378906,0.910852713178,1.00208974231,0.661228801528,0.910852713178,0.12114023195,0.0847008788838,63,0.00810810810811,-0.379265548254,-0.324324324324,0.108108108108,0.162162162162,159,19,57,1097,0.736111111111,0.982974910394,0.0170250896057,0.263888888889,0.893258426966,0.736111111111,0.807106598985,0.778981087517,0.719086021505,0.676595744681,135,173,0,0,0,0
587,WLNM_dir_neg,0.956096094089,0.85103930335,00:00:03,10,20,16,1232383540,threshold_sweep,0.2,0.943089430894,0.670520231214,0.783783783784,116,7,57,339,0.670520231214,0.979768786127,0.0202312138728,0.329479768786,0.943089430894,0.670520231214,0.783783783784,0.876685934489,0.587668593449,0.700934579439,0.720887295102,0.650289017341,216,43,173,0,216,0,43,0,173,37,216,0.162162162162,1.32432432432,11.6756756757,21.6,6,8.1990990496,0.702237650082,0.31006006006,10.329336629,1.76937710775,0.765265265265,3.0868314707,0.528762798222,0.252752752753,0.579945114934,0.437917739848,2,1.32432432432,0.579945114934,2,0.0121701261701,0.00597269624573,7,0.000900900900901,0.621196581197,37,37,37,1,0,0.72972972973,0.243243243243,0.027027027027,37,0.0322822822823,1.32432432432,2.32432432432,4.3,1.72,2.13507811533,0.918580119386,0.463859208045,2.19232896854,1.88642260084,0.798240100566,1.09324983201,0.940703343825,0.500314267756,0.579945114934,0.437917739848,2,1.375,0.609071212532,2,0,0,0,0,0.06890997891,37,32,32,0.864864864865,0,0.594594594595,0.0810810810811,0.189189189189,37,166,0.124624624625,1.59246762603,8.97297297297,12.7692307692,6.14814814815,7.24755317518,0.807709239402,0.396939107782,8.38524372409,1.86900010718,0.78899381309,3.24569476916,0.723437990716,0.382937154021,0.866282473054,0.543987493935,2.33165829146,1.68504069259,0.897787773399,2.33165829146,0.0772710803689,0.0579310344828,42,0.00540540540541,0.314352254026,37,32,32,0.864864864865,0,0.513513513514,0.216216216216,0.135135135135,-50,-0.0375375375375,0.268143301702,-2.7027027027,-8.83076923077,0.148148148148,-0.951545874427,0.10547158932,0.0868790477224,-1.94409290491,0.0996229994303,0.0237285478249,0.158863298453,0.194675192493,0.130184401269,0.28633735812,0.106069754086,0.331658291457,0.360716368269,0.317842658464,0.331658291457,0.0651009541988,0.051958338237,35,0.0045045045045,-0.30684432717,-0.216216216216,-0.027027027027,0.108108108108,159,7,57,1109,0.736111111111,0.993727598566,0.00627240143369,0.263888888889,0.957831325301,0.736111111111,0.832460732984,0.814483981973,0.729838709677,0.713004484305,123,173,0,0,0,0
588,WLNM_dir_neg,0.956096094089,0.85103930335,00:00:03,10,20,16,1232383540,threshold_sweep,0.3,0.943089430894,0.670520231214,0.783783783784,116,7,57,339,0.670520231214,0.979768786127,0.0202312138728,0.329479768786,0.943089430894,0.670520231214,0.783783783784,0.876685934489,0.587668593449,0.700934579439,0.720887295102,0.650289017341,216,43,173,0,216,0,43,0,173,37,216,0.162162162162,1.32432432432,11.6756756757,21.6,6,8.1990990496,0.702237650082,0.31006006006,10.329336629,1.76937710775,0.765265265265,3.0868314707,0.528762798222,0.252752752753,0.579945114934,0.437917739848,2,1.32432432432,0.579945114934,2,0.0121701261701,0.00597269624573,7,0.000900900900901,0.621196581197,37,37,37,1,0,0.72972972973,0.243243243243,0.027027027027,37,0.0322822822823,1.32432432432,2.32432432432,4.3,1.72,2.13507811533,0.918580119386,0.463859208045,2.19232896854,1.88642260084,0.798240100566,1.09324983201,0.940703343825,0.500314267756,0.579945114934,0.437917739848,2,1.375,0.609071212532,2,0,0,0,0,0.06890997891,37,32,32,0.864864864865,0,0.594594594595,0.0810810810811,0.189189189189,37,166,0.124624624625,1.59246762603,8.97297297297,12.7692307692,6.14814814815,7.24755317518,0.807709239402,0.396939107782,8.38524372409,1.86900010718,0.78899381309,3.24569476916,0.723437990716,0.382937154021,0.866282473054,0.543987493935,2.33165829146,1.68504069259,0.897787773399,2.33165829146,0.0772710803689,0.0579310344828,42,0.00540540540541,0.314352254026,37,32,32,0.864864864865,0,0.513513513514,0.216216216216,0.135135135135,-50,-0.0375375375375,0.268143301702,-2.7027027027,-8.83076923077,0.148148148148,-0.951545874427,0.10547158932,0.0868790477224,-1.94409290491,0.0996229994303,0.0237285478249,0.158863298453,0.194675192493,0.130184401269,0.28633735812,0.106069754086,0.331658291457,0.360716368269,0.317842658464,0.331658291457,0.0651009541988,0.051958338237,35,0.0045045045045,-0.30684432717,-0.216216216216,-0.027027027027,0.108108108108,159,7,57,1109,0.736111111111,0.993727598566,0.00627240143369,0.263888888889,0.957831325301,0.736111111111,0.832460732984,0.814483981973,0.729838709677,0.713004484305,123,173,0,0,0,0
589,WLNM_dir_neg,0.956096094089,0.85103930335,00:00:03,10,20,16,1232383540,threshold_sweep,0.4,0.942148760331,0.658959537572,0.775510204082,114,7,59,339,0.658959537572,0.979768786127,0.0202312138728,0.341040462428,0.942148760331,0.658959537572,0.775510204082,0.872832369942,0.588953114965,0.690625,0.712103392304,0.638728323699,216,43,173,0,216,0,43,0,173,37,216,0.162162162162,1.32432432432,11.6756756757,21.6,6,8.1990990496,0.702237650082,0.31006006006,10.329336629,1.76937710775,0.765265265265,3.0868314707,0.528762798222,0.252752752753,0.579945114934,0.437917739848,2,1.32432432432,0.579945114934,2,0.0121701261701,0.00597269624573,7,0.000900900900901,0.621196581197,37,37,37,1,0,0.72972972973,0.243243243243,0.027027027027,37,0.0322822822823,1.32432432432,2.32432432432,4.3,1.72,2.13507811533,0.918580119386,0.463859208045,2.19232896854,1.88642260084,0.798240100566,1.09324983201,0.940703343825,0.500314267756,0.579945114934,0.437917739848,2,1.375,0.609071212532,2,0,0,0,0,0.06890997891,37,32,32,0.864864864865,0,0.594594594595,0.0810810810811,0.189189189189,37,164,0.123123123123,1.59027762195,8.86486486486,12.6153846154,6.07407407407,7.20016266083,0.812213470886,0.398319050758,8.30174192076,1.87295396993,0.790705339486,3.21057748821,0.724337604048,0.385959129862,0.863997755019,0.543299951589,2.33165829146,1.68250850038,0.895497138404,2.33165829146,0.0796520327499,0.0591549295775,42,0.00540540540541,0.308120244236,37,32,32,0.864864864865,0,0.513513513514,0.216216216216,0.135135135135,-52,-0.039039039039,0.265953297628,-2.81081081081,-8.98461538462,0.0740740740741,-0.998936388779,0.109975820804,0.088258990698,-2.02759470824,0.103576862182,0.0254400742206,0.123746017507,0.195574805825,0.133206377109,0.284052640085,0.10538221174,0.331658291457,0.358184176058,0.31555202347,0.331658291457,0.0674819065797,0.0531822333317,35,0.0045045045045,-0.313076336961,-0.216216216216,-0.027027027027,0.108108108108,157,7,59,1109,0.726851851852,0.993727598566,0.00627240143369,0.273148148148,0.957317073171,0.726851851852,0.826315789474,0.808346384456,0.720579450418,0.704035874439,121,173,0,0,0,0
590,WLNM_dir_neg,0.956096094089,0.85103930335,00:00:03,10,20,16,1232383540,threshold_sweep,0.5,0.942148760331,0.658959537572,0.775510204082,114,7,59,339,0.658959537572,0.979768786127,0.0202312138728,0.341040462428,0.942148760331,0.658959537572,0.775510204082,0.872832369942,0.588953114965,0.690625,0.712103392304,0.638728323699,216,43,173,0,216,0,43,0,173,37,216,0.162162162162,1.32432432432,11.6756756757,21.6,6,8.1990990496,0.702237650082,0.31006006006,10.329336629,1.76937710775,0.765265265265,3.0868314707,0.528762798222,0.252752752753,0.579945114934,0.437917739848,2,1.32432432432,0.579945114934,2,0.0121701261701,0.00597269624573,7,0.000900900900901,0.621196581197,37,37,37,1,0,0.72972972973,0.243243243243,0.027027027027,37,0.0322822822823,1.32432432432,2.32432432432,4.3,1.72,2.13507811533,0.918580119386,0.463859208045,2.19232896854,1.88642260084,0.798240100566,1.09324983201,0.940703343825,0.500314267756,0.579945114934,0.437917739848,2,1.375,0.609071212532,2,0,0,0,0,0.06890997891,37,32,32,0.864864864865,0,0.594594594595,0.0810810810811,0.189189189189,37,164,0.123123123123,1.59027762195,8.86486486486,12.6153846154,6.07407407407,7.20016266083,0.812213470886,0.398319050758,8.30174192076,1.87295396993,0.790705339486,3.21057748821,0.724337604048,0.385959129862,0.863997755019,0.543299951589,2.33165829146,1.68250850038,0.895497138404,2.33165829146,0.0796520327499,0.0591549295775,42,0.00540540540541,0.308120244236,37,32,32,0.864864864865,0,0.513513513514,0.216216216216,0.135135135135,-52,-0.039039039039,0.265953297628,-2.81081081081,-8.98461538462,0.0740740740741,-0.998936388779,0.109975820804,0.088258990698,-2.02759470824,0.103576862182,0.0254400742206,0.123746017507,0.195574805825,0.133206377109,0.284052640085,0.10538221174,0.331658291457,0.358184176058,0.31555202347,0.331658291457,0.0674819065797,0.0531822333317,35,0.0045045045045,-0.313076336961,-0.216216216216,-0.027027027027,0.108108108108,157,7,59,1109,0.726851851852,0.993727598566,0.00627240143369,0.273148148148,0.957317073171,0.726851851852,0.826315789474,0.808346384456,0.720579450418,0.704035874439,121,173,0,0,0,0
591,WLNM_dir_neg,0.956096094089,0.85103930335,00:00:03,10,20,16,1232383540,threshold_sweep,0.6,0.974137931034,0.653179190751,0.782006920415,113,3,60,343,0.653179190751,0.991329479769,0.00867052023121,0.346820809249,0.974137931034,0.653179190751,0.782006920415,0.878612716763,0.592164418754,0.702362204724,0.729303583531,0.64450867052,216,43,173,0,216,0,43,0,173,37,216,0.162162162162,1.32432432432,11.6756756757,21.6,6,8.1990990496,0.702237650082,0.31006006006,10.329336629,1.76937710775,0.765265265265,3.0868314707,0.528762798222,0.252752752753,0.579945114934,0.437917739848,2,1.32432432432,0.579945114934,2,0.0121701261701,0.00597269624573,7,0.000900900900901,0.621196581197,37,37,37,1,0,0.72972972973,0.243243243243,0.027027027027,37,0.0322822822823,1.32432432432,2.32432432432,4.3,1.72,2.13507811533,0.918580119386,0.463859208045,2.19232896854,1.88642260084,0.798240100566,1.09324983201,0.940703343825,0.500314267756,0.579945114934,0.437917739848,2,1.375,0.609071212532,2,0,0,0,0,0.06890997891,37,32,32,0.864864864865,0,0.594594594595,0.0810810810811,0.189189189189,37,159,0.119369369369,1.33156001852,8.59459459459,15.9,5.88888888889,6.89790410785,0.802586327014,0.397076321605,8.24238660443,1.91803965009,0.798572157063,3.2306248524,0.75178062603,0.404895461499,0.58915872867,0.442457508845,2,1.38336627141,0.618539998765,2,0.0389745670996,0.030523255814,21,0.0027027027027,0.463205861235,37,32,32,0.864864864865,0,0.594594594595,0.135135135135,0.135135135135,-57,-0.0427927927928,0.00723569419222,-3.08108108108,-5.7,-0.111111111111,-1.30119494176,0.100348676932,0.0870162615446,-2.08695002457,0.148662542343,0.0333068917975,0.143793381695,0.223017827807,0.152142708746,0.00921361373598,0.00453976899654,0,0.0590419470854,0.0385948838304,0,0.0268044409294,0.0245505595682,14,0.0018018018018,-0.157990719962,-0.135135135135,-0.108108108108,0.108108108108,156,3,60,1113,0.722222222222,0.997311827957,0.00268817204301,0.277777777778,0.981132075472,0.722222222222,0.832,0.818017802541,0.719534050179,0.712328767123,116,173,0,0,0,0
592,WLNM_dir_neg,0.956096094089,0.85103930335,00:00:03,10,20,16,1232383540,threshold_sweep,0.7,0.973913043478,0.647398843931,0.777777777778,112,3,61,343,0.647398843931,0.991329479769,0.00867052023121,0.352601156069,0.973913043478,0.647398843931,0.777777777778,0.876685934489,0.592806679512,0.697160883281,0.724999443347,0.638728323699,216,43,173,0,216,0,43,0,173,37,216,0.162162162162,1.32432432432,11.6756756757,21.6,6,8.1990990496,0.702237650082,0.31006006006,10.329336629,1.76937710775,0.765265265265,3.0868314707,0.528762798222,0.252752752753,0.579945114934,0.437917739848,2,1.32432432432,0.579945114934,2,0.0121701261701,0.00597269624573,7,0.000900900900901,0.621196581197,37,37,37,1,0,0.72972972973,0.243243243243,0.027027027027,37,0.0322822822823,1.32432432432,2.32432432432,4.3,1.72,2.13507811533,0.918580119386,0.463859208045,2.19232896854,1.88642260084,0.798240100566,1.09324983201,0.940703343825,0.500314267756,0.579945114934,0.437917739848,2,1.375,0.609071212532,2,0,0,0,0,0.06890997891,37,32,32,0.864864864865,0,0.594594594595,0.0810810810811,0.189189189189,37,158,0.118618618619,1.33181741877,8.54054054054,15.8,5.85185185185,6.89039022679,0.806786197441,0.399418405748,8.20788458553,1.92209955484,0.799521040027,3.22876523224,0.756103250588,0.408484433801,0.589520718622,0.442643796598,2,1.38366389046,0.618914674082,2,0.0410579004329,0.0307917888563,21,0.0027027027027,0.460750934014,37,32,32,0.864864864865,0,0.594594594595,0.135135135135,0.135135135135,-58,-0.0435435435435,0.00749309444962,-3.13513513514,-5.8,-0.148148148148,-1.30870882281,0.104548547359,0.0893583456875,-2.12145204347,0.152722447094,0.0342557747621,0.141933761536,0.227340452366,0.155731681048,0.00957560368761,0.00472605675,0,0.059339566133,0.0389695591473,0,0.0288877742628,0.0248190926106,14,0.0018018018018,-0.160445647182,-0.135135135135,-0.108108108108,0.108108108108,155,3,61,1113,0.717592592593,0.997311827957,0.00268817204301,0.282407407407,0.981012658228,0.717592592593,0.828877005348,0.814975144158,0.71490442055,0.707762557078,115,173,0,0,0,0
593,WLNM_dir_neg,0.956096094089,0.85103930335,00:00:03,10,20,16,1232383540,threshold_sweep,0.8,0.973451327434,0.635838150289,0.769230769231,110,3,63,343,0.635838150289,0.991329479769,0.00867052023121,0.364161849711,0.973451327434,0.635838150289,0.769230769231,0.872832369942,0.594091201028,0.686708860759,0.716378424434,0.627167630058,216,43,173,0,216,0,43,0,173,37,216,0.162162162162,1.32432432432,11.6756756757,21.6,6,8.1990990496,0.702237650082,0.31006006006,10.329336629,1.76937710775,0.765265265265,3.0868314707,0.528762798222,0.252752752753,0.579945114934,0.437917739848,2,1.32432432432,0.579945114934,2,0.0121701261701,0.00597269624573,7,0.000900900900901,0.621196581197,37,37,37,1,0,0.72972972973,0.243243243243,0.027027027027,37,0.0322822822823,1.32432432432,2.32432432432,4.3,1.72,2.13507811533,0.918580119386,0.463859208045,2.19232896854,1.88642260084,0.798240100566,1.09324983201,0.940703343825,0.500314267756,0.579945114934,0.437917739848,2,1.375,0.609071212532,2,0,0,0,0,0.06890997891,37,32,32,0.864864864865,0,0.594594594595,0.0810810810811,0.189189189189,37,156,0.117117117117,1.33181741877,8.43243243243,15.6,5.77777777778,6.81314310131,0.807968893425,0.40297990298,8.22305409313,1.95033975286,0.803534303534,3.26713546921,0.774897515133,0.417186417186,0.589520718622,0.442643796598,2,1.38366389046,0.618914674082,2,0.0412740565594,0.0315789473684,21,0.0027027027027,0.445047230311,37,32,32,0.864864864865,0,0.594594594595,0.135135135135,0.135135135135,-60,-0.045045045045,0.00749309444962,-3.24324324324,-6,-0.222222222222,-1.3859559483,0.105731243343,0.0929198429198,-2.10628253587,0.180962645114,0.038269038269,0.180303998507,0.246134716911,0.164433664434,0.00957560368761,0.00472605675,0,0.059339566133,0.0389695591473,0,0.0291039303893,0.0256062511227,14,0.0018018018018,-0.176149350886,-0.135135135135,-0.108108108108,0.108108108108,153,3,63,1113,0.708333333333,0.997311827957,0.00268817204301,0.291666666667,0.980769230769,0.708333333333,0.822580645161,0.808871215139,0.70564516129,0.698630136986,113,173,0,0,0,0
594,WLNM_dir_neg,0.956096094089,0.85103930335,00:00:03,10,20,16,1232383540,threshold_sweep,0.9,0.981651376147,0.618497109827,0.758865248227,107,2,66,344,0.618497109827,0.994219653179,0.00578034682081,0.381502890173,0.981651376147,0.618497109827,0.758865248227,0.868978805395,0.596660244059,0.675159235669,0.709113389424,0.612716763006,216,43,173,0,216,0,43,0,173,37,216,0.162162162162,1.32432432432,11.6756756757,21.6,6,8.1990990496,0.702237650082,0.31006006006,10.329336629,1.76937710775,0.765265265265,3.0868314707,0.528762798222,0.252752752753,0.579945114934,0.437917739848,2,1.32432432432,0.579945114934,2,0.0121701261701,0.00597269624573,7,0.000900900900901,0.621196581197,37,37,37,1,0,0.72972972973,0.243243243243,0.027027027027,37,0.0322822822823,1.32432432432,2.32432432432,4.3,1.72,2.13507811533,0.918580119386,0.463859208045,2.19232896854,1.88642260084,0.798240100566,1.09324983201,0.940703343825,0.500314267756,0.579945114934,0.437917739848,2,1.375,0.609071212532,2,0,0,0,0,0.06890997891,37,32,32,0.864864864865,0,0.594594594595,0.0810810810811,0.189189189189,37,152,0.114114114114,1.32795641491,8.21621621622,15.2,5.84615384615,6.79924479113,0.827539662079,0.406650071124,8.11645716288,1.97571654623,0.807610241821,3.22992762031,0.786232381259,0.421052631579,0.584507849783,0.440155899108,2,1.37919960474,0.613755615911,2,0.0444487957111,0.0326594090202,21,0.0027027027027,0.429642993078,37,32,32,0.864864864865,0,0.594594594595,0.108108108108,0.162162162162,-64,-0.048048048048,0.00363209058861,-3.45945945946,-6.4,-0.153846153846,-1.39985425847,0.125302011997,0.0965900110637,-2.21287946612,0.206339438482,0.0423449765555,0.143096149605,0.257469583037,0.168299878826,0.00456273484843,0.00223815926002,0,0.0548752804188,0.0338105009768,0,0.0322786695409,0.0266867127745,14,0.0018018018018,-0.191553588119,-0.135135135135,-0.135135135135,0.135135135135,150,2,66,1114,0.694444444444,0.998207885305,0.00179211469534,0.305555555556,0.986842105263,0.694444444444,0.815217391304,0.802992473389,0.692652329749,0.688073394495,109,173,0,0,0,0
595,WLNM_dir_neg,0.97496575228,0.461759231592,00:00:04,10,20,17,1232383541,threshold_sweep,0.1,0.980263157895,0.861271676301,0.916923076923,149,3,24,343,0.861271676301,0.991329479769,0.00867052023121,0.138728323699,0.980263157895,0.861271676301,0.916923076923,0.947976878613,0.569043031471,0.879284649776,0.883186032363,0.852601156069,216,43,173,0,216,0,43,0,173,37,216,0.162162162162,1.32432432432,11.6756756757,21.6,6,8.1990990496,0.702237650082,0.31006006006,10.329336629,1.76937710775,0.765265265265,3.0868314707,0.528762798222,0.252752752753,0.579945114934,0.437917739848,2,1.32432432432,0.579945114934,2,0.0121701261701,0.00597269624573,7,0.000900900900901,0.621196581197,37,37,37,1,0,0.72972972973,0.243243243243,0.027027027027,37,0.0322822822823,1.32432432432,2.32432432432,4.3,1.79166666667,1.95865676838,0.842677911979,0.456316781898,2.1280339585,1.83109898755,0.786926461345,1.16698837263,1.00415278575,0.52922690132,0.579945114934,0.437917739848,2,1.38709677419,0.615219167172,2,0,0,0,0,0.0725052108385,37,31,31,0.837837837838,0,0.567567567568,0.0810810810811,0.189189189189,37,195,0.146396396396,1.33134468461,10.5405405405,19.5,5.27027027027,7.73733587008,0.73405494152,0.356340956341,9.33823873665,1.77187093977,0.772834372834,2.99674498089,0.56861315022,0.293832293832,0.591136073975,0.444014296828,2.02951742395,1.33134468461,0.591136073975,2.02951742395,0.0397261045832,0.030345308685,29,0.0037323037323,0.546095057206,37,37,37,1,0,0.72972972973,0.27027027027,0,-21,-0.0157657657658,0.00702036029064,-1.13513513514,-2.1,-0.72972972973,-0.461763179528,0.0318172914382,0.0462808962809,-0.991097892348,0.00249383202962,0.00756910756911,-0.0900864898155,0.0398503519974,0.0410795410795,0.0111909590408,0.00609655697969,0.0295174239493,0.00702036029064,0.0111909590408,0.0295174239493,0.0275559784131,0.0243726124393,22,0.0028314028314,-0.0751015239904,0,0.027027027027,-0.027027027027,192,3,24,1113,0.888888888889,0.997311827957,0.00268817204301,0.111111111111,0.984615384615,0.888888888889,0.934306569343,0.924045873283,0.886200716846,0.876712328767,152,173,0,0,0,0
596,WLNM_dir_neg,0.97496575228,0.461759231592,00:00:04,10,20,17,1232383541,threshold_sweep,0.2,0.98,0.849710982659,0.910216718266,147,3,26,343,0.849710982659,0.991329479769,0.00867052023121,0.150289017341,0.98,0.849710982659,0.910216718266,0.944123314066,0.570327552987,0.869955156951,0.874619545627,0.841040462428,216,43,173,0,216,0,43,0,173,37,216,0.162162162162,1.32432432432,11.6756756757,21.6,6,8.1990990496,0.702237650082,0.31006006006,10.329336629,1.76937710775,0.765265265265,3.0868314707,0.528762798222,0.252752752753,0.579945114934,0.437917739848,2,1.32432432432,0.579945114934,2,0.0121701261701,0.00597269624573,7,0.000900900900901,0.621196581197,37,37,37,1,0,0.72972972973,0.243243243243,0.027027027027,37,0.0322822822823,1.32432432432,2.32432432432,4.3,1.79166666667,1.95865676838,0.842677911979,0.456316781898,2.1280339585,1.83109898755,0.786926461345,1.16698837263,1.00415278575,0.52922690132,0.579945114934,0.437917739848,2,1.38709677419,0.615219167172,2,0,0,0,0,0.0725052108385,37,31,31,0.837837837838,0,0.567567567568,0.0810810810811,0.189189189189,37,193,0.144894894895,1.33122545201,10.4324324324,19.3,5.21621621622,7.64322699643,0.732640929709,0.353451897493,9.31586202588,1.78594246092,0.775241562806,3.06535420407,0.587658577982,0.30443915418,0.590793075194,0.443796409018,2.02949318947,1.33122545201,0.590793075194,2.02949318947,0.0390582010582,0.0296087416285,28,0.0036036036036,0.541742002853,37,37,37,1,0,0.72972972973,0.27027027027,0,-23,-0.0172672672673,0.00690112768182,-1.24324324324,-2.3,-0.783783783784,-0.555872053177,0.0304032796275,0.0433918374333,-1.01347460312,0.0165653531752,0.00997629754106,-0.0214772666361,0.0588957797595,0.0516864014273,0.0108479602597,0.00587866916986,0.0294931894744,0.00690112768182,0.0108479602597,0.0294931894744,0.0268880748881,0.0236360453827,21,0.0027027027027,-0.0794545783435,0,0.027027027027,-0.027027027027,190,3,26,1113,0.87962962963,0.997311827957,0.00268817204301,0.12037037037,0.984455958549,0.87962962963,0.929095354523,0.91830946003,0.876941457587,0.867579908676,150,173,0,0,0,0
597,WLNM_dir_neg,0.97496575228,0.461759231592,00:00:04,10,20,17,1232383541,threshold_sweep,0.3,0.986111111111,0.820809248555,0.895899053628,142,2,31,344,0.820809248555,0.994219653179,0.00578034682081,0.179190751445,0.986111111111,0.820809248555,0.895899053628,0.936416184971,0.574181117534,0.850678733032,0.858098673425,0.815028901734,216,43,173,0,216,0,43,0,173,37,216,0.162162162162,1.32432432432,11.6756756757,21.6,6,8.1990990496,0.702237650082,0.31006006006,10.329336629,1.76937710775,0.765265265265,3.0868314707,0.528762798222,0.252752752753,0.579945114934,0.437917739848,2,1.32432432432,0.579945114934,2,0.0121701261701,0.00597269624573,7,0.000900900900901,0.621196581197,37,37,37,1,0,0.72972972973,0.243243243243,0.027027027027,37,0.0322822822823,1.32432432432,2.32432432432,4.3,1.79166666667,1.95865676838,0.842677911979,0.456316781898,2.1280339585,1.83109898755,0.786926461345,1.16698837263,1.00415278575,0.52922690132,0.579945114934,0.437917739848,2,1.38709677419,0.615219167172,2,0,0,0,0,0.0725052108385,37,31,31,0.837837837838,0,0.567567567568,0.0810810810811,0.189189189189,37,187,0.14039039039,1.32867595299,10.1081081081,18.7,5.19444444444,7.51215231691,0.743180844186,0.361323890736,9.00908783749,1.78254679138,0.774100303512,3.22271405587,0.637649305172,0.326636797225,0.587023569738,0.44181093849,2.01789002894,1.32867595299,0.587023569738,2.01789002894,0.0385167742311,0.0301788375559,27,0.0034749034749,0.558669602003,37,37,37,1,0,0.72972972973,0.243243243243,0.027027027027,-29,-0.0217717717718,0.00435162866102,-1.56756756757,-2.9,-0.805555555556,-0.686946732696,0.0409431941043,0.0512638306756,-1.32024879151,0.0131696836303,0.0088350382468,0.135882585164,0.108886506949,0.0738840444723,0.00707845480329,0.00389319864168,0.0178900289398,0.00435162866102,0.00707845480329,0.0178900289398,0.0263466480609,0.0242061413102,20,0.002574002574,-0.0625269791936,0,0,0,185,2,31,1114,0.856481481481,0.998207885305,0.00179211469534,0.143518518519,0.989304812834,0.856481481481,0.918114143921,0.906867268447,0.854689366786,0.848623853211,144,173,0,0,0,0
598,WLNM_dir_neg,0.97496575228,0.461759231592,00:00:04,10,20,17,1232383541,threshold_sweep,0.4,0.985611510791,0.791907514451,0.878205128205,137,2,36,344,0.791907514451,0.994219653179,0.00578034682081,0.208092485549,0.985611510791,0.791907514451,0.878205128205,0.926782273603,0.577392421323,0.826747720365,0.836863656761,0.78612716763,216,43,173,0,216,0,43,0,173,37,216,0.162162162162,1.32432432432,11.6756756757,21.6,6,8.1990990496,0.702237650082,0.31006006006,10.329336629,1.76937710775,0.765265265265,3.0868314707,0.528762798222,0.252752752753,0.579945114934,0.437917739848,2,1.32432432432,0.579945114934,2,0.0121701261701,0.00597269624573,7,0.000900900900901,0.621196581197,37,37,37,1,0,0.72972972973,0.243243243243,0.027027027027,37,0.0322822822823,1.32432432432,2.32432432432,4.3,1.79166666667,1.95865676838,0.842677911979,0.456316781898,2.1280339585,1.83109898755,0.786926461345,1.16698837263,1.00415278575,0.52922690132,0.579945114934,0.437917739848,2,1.38709677419,0.615219167172,2,0,0,0,0,0.0725052108385,37,31,31,0.837837837838,0,0.567567567568,0.0810810810811,0.189189189189,37,182,0.136636636637,1.32867595299,9.83783783784,18.2,5.05555555556,7.39937502433,0.752134274452,0.36931986932,8.71900344197,1.77254465578,0.770121770122,3.3696222866,0.685033102221,0.35046035046,0.587023569738,0.44181093849,2.01789002894,1.32867595299,0.587023569738,2.01789002894,0.0449362366029,0.031652989449,27,0.0034749034749,0.578442010664,37,37,37,1,0,0.72972972973,0.243243243243,0.027027027027,-34,-0.0255255255255,0.00435162866102,-1.83783783784,-3.4,-0.944444444444,-0.79972402527,0.0498966243698,0.0592598092598,-1.61033318703,0.00316754803905,0.0048565048565,0.282790815896,0.156270303999,0.0977075977076,0.00707845480329,0.00389319864168,0.0178900289398,0.00435162866102,0.00707845480329,0.0178900289398,0.0327661104328,0.0256802932033,20,0.002574002574,-0.0427545705323,0,0,0,180,2,36,1114,0.833333333333,0.998207885305,0.00179211469534,0.166666666667,0.989010989011,0.833333333333,0.904522613065,0.892397079505,0.831541218638,0.825688073394,139,173,0,0,0,0
599,WLNM_dir_neg,0.97496575228,0.461759231592,00:00:04,10,20,17,1232383541,threshold_sweep,0.5,0.992248062016,0.739884393064,0.847682119205,128,1,45,345,0.739884393064,0.99710982659,0.0028901734104,0.260115606936,0.992248062016,0.739884393064,0.847682119205,0.911368015414,0.583815028902,0.787037037037,0.803892587099,0.736994219653,216,43,173,0,216,0,43,0,173,37,216,0.162162162162,1.32432432432,11.6756756757,21.6,6,8.1990990496,0.702237650082,0.31006006006,10.329336629,1.76937710775,0.765265265265,3.0868314707,0.528762798222,0.252752752753,0.579945114934,0.437917739848,2,1.32432432432,0.579945114934,2,0.0121701261701,0.00597269624573,7,0.000900900900901,0.621196581197,37,37,37,1,0,0.72972972973,0.243243243243,0.027027027027,37,0.0322822822823,1.32432432432,2.32432432432,4.3,1.79166666667,1.95865676838,0.842677911979,0.456316781898,2.1280339585,1.83109898755,0.786926461345,1.16698837263,1.00415278575,0.52922690132,0.579945114934,0.437917739848,2,1.38709677419,0.615219167172,2,0,0,0,0,0.0725052108385,37,31,31,0.837837837838,0,0.567567567568,0.0810810810811,0.189189189189,37,172,0.129129129129,1.32577220077,9.2972972973,17.2,5.54838709677,7.09015304985,0.762603671059,0.382620993086,8.36067586388,1.79851748235,0.77027027027,3.6683043026,0.78911197207,0.402262727844,0.582013557787,0.438999669361,2.00595238095,1.37667410714,0.611214612218,2.00595238095,0.0380717108978,0.0283018867925,22,0.0028314028314,0.603813706422,37,32,32,0.864864864865,0,0.594594594595,0.243243243243,0.027027027027,-44,-0.033033033033,0.00144787644788,-2.37837837838,-4.4,-0.451612903226,-1.10894599976,0.0603660209774,0.072560933026,-1.96866076512,0.0291403746014,0.00500500500501,0.581472831894,0.260349173848,0.149509975091,0.00206844285275,0.00108192951268,0.00595238095238,0.0523497828185,0.0312694972833,0.00595238095238,0.0259015847277,0.0223291905467,15,0.0019305019305,-0.0173828747742,-0.135135135135,0,0,171,1,45,1115,0.791666666667,0.999103942652,0.00089605734767,0.208333333333,0.994186046512,0.791666666667,0.881443298969,0.86919310842,0.790770609319,0.78801843318,129,173,0,0,0,0
600,WLNM_dir_neg,0.97496575228,0.461759231592,00:00:04,10,20,17,1232383541,threshold_sweep,0.6,0.992248062016,0.739884393064,0.847682119205,128,1,45,345,0.739884393064,0.99710982659,0.0028901734104,0.260115606936,0.992248062016,0.739884393064,0.847682119205,0.911368015414,0.583815028902,0.787037037037,0.803892587099,0.736994219653,216,43,173,0,216,0,43,0,173,37,216,0.162162162162,1.32432432432,11.6756756757,21.6,6,8.1990990496,0.702237650082,0.31006006006,10.329336629,1.76937710775,0.765265265265,3.0868314707,0.528762798222,0.252752752753,0.579945114934,0.437917739848,2,1.32432432432,0.579945114934,2,0.0121701261701,0.00597269624573,7,0.000900900900901,0.621196581197,37,37,37,1,0,0.72972972973,0.243243243243,0.027027027027,37,0.0322822822823,1.32432432432,2.32432432432,4.3,1.79166666667,1.95865676838,0.842677911979,0.456316781898,2.1280339585,1.83109898755,0.786926461345,1.16698837263,1.00415278575,0.52922690132,0.579945114934,0.437917739848,2,1.38709677419,0.615219167172,2,0,0,0,0,0.0725052108385,37,31,31,0.837837837838,0,0.567567567568,0.0810810810811,0.189189189189,37,172,0.129129129129,1.32577220077,9.2972972973,17.2,5.54838709677,7.09015304985,0.762603671059,0.382620993086,8.36067586388,1.79851748235,0.77027027027,3.6683043026,0.78911197207,0.402262727844,0.582013557787,0.438999669361,2.00595238095,1.37667410714,0.611214612218,2.00595238095,0.0380717108978,0.0283018867925,22,0.0028314028314,0.603813706422,37,32,32,0.864864864865,0,0.594594594595,0.243243243243,0.027027027027,-44,-0.033033033033,0.00144787644788,-2.37837837838,-4.4,-0.451612903226,-1.10894599976,0.0603660209774,0.072560933026,-1.96866076512,0.0291403746014,0.00500500500501,0.581472831894,0.260349173848,0.149509975091,0.00206844285275,0.00108192951268,0.00595238095238,0.0523497828185,0.0312694972833,0.00595238095238,0.0259015847277,0.0223291905467,15,0.0019305019305,-0.0173828747742,-0.135135135135,0,0,171,1,45,1115,0.791666666667,0.999103942652,0.00089605734767,0.208333333333,0.994186046512,0.791666666667,0.881443298969,0.86919310842,0.790770609319,0.78801843318,129,173,0,0,0,0
601,WLNM_dir_neg,0.97496575228,0.461759231592,00:00:04,10,20,17,1232383541,threshold_sweep,0.7,0.992248062016,0.739884393064,0.847682119205,128,1,45,345,0.739884393064,0.99710982659,0.0028901734104,0.260115606936,0.992248062016,0.739884393064,0.847682119205,0.911368015414,0.583815028902,0.787037037037,0.803892587099,0.736994219653,216,43,173,0,216,0,43,0,173,37,216,0.162162162162,1.32432432432,11.6756756757,21.6,6,8.1990990496,0.702237650082,0.31006006006,10.329336629,1.76937710775,0.765265265265,3.0868314707,0.528762798222,0.252752752753,0.579945114934,0.437917739848,2,1.32432432432,0.579945114934,2,0.0121701261701,0.00597269624573,7,0.000900900900901,0.621196581197,37,37,37,1,0,0.72972972973,0.243243243243,0.027027027027,37,0.0322822822823,1.32432432432,2.32432432432,4.3,1.79166666667,1.95865676838,0.842677911979,0.456316781898,2.1280339585,1.83109898755,0.786926461345,1.16698837263,1.00415278575,0.52922690132,0.579945114934,0.437917739848,2,1.38709677419,0.615219167172,2,0,0,0,0,0.0725052108385,37,31,31,0.837837837838,0,0.567567567568,0.0810810810811,0.189189189189,37,172,0.129129129129,1.32577220077,9.2972972973,17.2,5.54838709677,7.09015304985,0.762603671059,0.382620993086,8.36067586388,1.79851748235,0.77027027027,3.6683043026,0.78911197207,0.402262727844,0.582013557787,0.438999669361,2.00595238095,1.37667410714,0.611214612218,2.00595238095,0.0380717108978,0.0283018867925,22,0.0028314028314,0.603813706422,37,32,32,0.864864864865,0,0.594594594595,0.243243243243,0.027027027027,-44,-0.033033033033,0.00144787644788,-2.37837837838,-4.4,-0.451612903226,-1.10894599976,0.0603660209774,0.072560933026,-1.96866076512,0.0291403746014,0.00500500500501,0.581472831894,0.260349173848,0.149509975091,0.00206844285275,0.00108192951268,0.00595238095238,0.0523497828185,0.0312694972833,0.00595238095238,0.0259015847277,0.0223291905467,15,0.0019305019305,-0.0173828747742,-0.135135135135,0,0,171,1,45,1115,0.791666666667,0.999103942652,0.00089605734767,0.208333333333,0.994186046512,0.791666666667,0.881443298969,0.86919310842,0.790770609319,0.78801843318,129,173,0,0,0,0
602,WLNM_dir_neg,0.97496575228,0.461759231592,00:00:04,10,20,17,1232383541,threshold_sweep,0.8,0.992248062016,0.739884393064,0.847682119205,128,1,45,345,0.739884393064,0.99710982659,0.0028901734104,0.260115606936,0.992248062016,0.739884393064,0.847682119205,0.911368015414,0.583815028902,0.787037037037,0.803892587099,0.736994219653,216,43,173,0,216,0,43,0,173,37,216,0.162162162162,1.32432432432,11.6756756757,21.6,6,8.1990990496,0.702237650082,0.31006006006,10.329336629,1.76937710775,0.765265265265,3.0868314707,0.528762798222,0.252752752753,0.579945114934,0.437917739848,2,1.32432432432,0.579945114934,2,0.0121701261701,0.00597269624573,7,0.000900900900901,0.621196581197,37,37,37,1,0,0.72972972973,0.243243243243,0.027027027027,37,0.0322822822823,1.32432432432,2.32432432432,4.3,1.79166666667,1.95865676838,0.842677911979,0.456316781898,2.1280339585,1.83109898755,0.786926461345,1.16698837263,1.00415278575,0.52922690132,0.579945114934,0.437917739848,2,1.38709677419,0.615219167172,2,0,0,0,0,0.0725052108385,37,31,31,0.837837837838,0,0.567567567568,0.0810810810811,0.189189189189,37,172,0.129129129129,1.32577220077,9.2972972973,17.2,5.54838709677,7.09015304985,0.762603671059,0.382620993086,8.36067586388,1.79851748235,0.77027027027,3.6683043026,0.78911197207,0.402262727844,0.582013557787,0.438999669361,2.00595238095,1.37667410714,0.611214612218,2.00595238095,0.0380717108978,0.0283018867925,22,0.0028314028314,0.603813706422,37,32,32,0.864864864865,0,0.594594594595,0.243243243243,0.027027027027,-44,-0.033033033033,0.00144787644788,-2.37837837838,-4.4,-0.451612903226,-1.10894599976,0.0603660209774,0.072560933026,-1.96866076512,0.0291403746014,0.00500500500501,0.581472831894,0.260349173848,0.149509975091,0.00206844285275,0.00108192951268,0.00595238095238,0.0523497828185,0.0312694972833,0.00595238095238,0.0259015847277,0.0223291905467,15,0.0019305019305,-0.0173828747742,-0.135135135135,0,0,171,1,45,1115,0.791666666667,0.999103942652,0.00089605734767,0.208333333333,0.994186046512,0.791666666667,0.881443298969,0.86919310842,0.790770609319,0.78801843318,129,173,0,0,0,0
603,WLNM_dir_neg,0.97496575228,0.461759231592,00:00:04,10,20,17,1232383541,threshold_sweep,0.9,0.992248062016,0.739884393064,0.847682119205,128,1,45,345,0.739884393064,0.99710982659,0.0028901734104,0.260115606936,0.992248062016,0.739884393064,0.847682119205,0.911368015414,0.583815028902,0.787037037037,0.803892587099,0.736994219653,216,43,173,0,216,0,43,0,173,37,216,0.162162162162,1.32432432432,11.6756756757,21.6,6,8.1990990496,0.702237650082,0.31006006006,10.329336629,1.76937710775,0.765265265265,3.0868314707,0.528762798222,0.252752752753,0.579945114934,0.437917739848,2,1.32432432432,0.579945114934,2,0.0121701261701,0.00597269624573,7,0.000900900900901,0.621196581197,37,37,37,1,0,0.72972972973,0.243243243243,0.027027027027,37,0.0322822822823,1.32432432432,2.32432432432,4.3,1.79166666667,1.95865676838,0.842677911979,0.456316781898,2.1280339585,1.83109898755,0.786926461345,1.16698837263,1.00415278575,0.52922690132,0.579945114934,0.437917739848,2,1.38709677419,0.615219167172,2,0,0,0,0,0.0725052108385,37,31,31,0.837837837838,0,0.567567567568,0.0810810810811,0.189189189189,37,172,0.129129129129,1.32577220077,9.2972972973,17.2,5.54838709677,7.09015304985,0.762603671059,0.382620993086,8.36067586388,1.79851748235,0.77027027027,3.6683043026,0.78911197207,0.402262727844,0.582013557787,0.438999669361,2.00595238095,1.37667410714,0.611214612218,2.00595238095,0.0380717108978,0.0283018867925,22,0.0028314028314,0.603813706422,37,32,32,0.864864864865,0,0.594594594595,0.243243243243,0.027027027027,-44,-0.033033033033,0.00144787644788,-2.37837837838,-4.4,-0.451612903226,-1.10894599976,0.0603660209774,0.072560933026,-1.96866076512,0.0291403746014,0.00500500500501,0.581472831894,0.260349173848,0.149509975091,0.00206844285275,0.00108192951268,0.00595238095238,0.0523497828185,0.0312694972833,0.00595238095238,0.0259015847277,0.0223291905467,15,0.0019305019305,-0.0173828747742,-0.135135135135,0,0,171,1,45,1115,0.791666666667,0.999103942652,0.00089605734767,0.208333333333,0.994186046512,0.791666666667,0.881443298969,0.86919310842,0.790770609319,0.78801843318,129,173,0,0,0,0
604,WLNM_dir_neg,0.91451435063,0.607356014453,00:00:03,10,20,18,1232383542,threshold_sweep,0.1,0.913043478261,0.728323699422,0.810289389068,126,12,47,334,0.728323699422,0.965317919075,0.0346820809249,0.271676300578,0.913043478261,0.728323699422,0.810289389068,0.886319845857,0.578034682081,0.730593607306,0.740106490483,0.693641618497,216,43,173,0,216,0,43,0,173,37,216,0.162162162162,1.32432432432,11.6756756757,21.6,6,8.1990990496,0.702237650082,0.31006006006,10.329336629,1.76937710775,0.765265265265,3.0868314707,0.528762798222,0.252752752753,0.579945114934,0.437917739848,2,1.32432432432,0.579945114934,2,0.0121701261701,0.00597269624573,7,0.000900900900901,0.621196581197,37,37,37,1,0,0.72972972973,0.243243243243,0.027027027027,37,0.0322822822823,1.26351351351,2.32432432432,4.77777777778,1.72,2.0007506099,0.860788053095,0.455688246386,2.21752506579,1.90810296359,0.798240100566,1.04119358627,0.895910760276,0.485229415462,0.485719490471,0.384419703688,1.75,1.31451612903,0.516267622522,1.75,0,0,0,0,0.071961680295,37,31,31,0.837837837838,0,0.594594594595,0.0810810810811,0.162162162162,37,181,0.135885885886,1.37693953372,9.78378378378,16.4545454545,4.89189189189,7.77508533406,0.794691042432,0.381364790205,9.10062202936,1.86034814965,0.790503210393,2.62238000238,0.536066630321,0.290577870688,0.626619185356,0.455081120129,2.09318181818,1.37693953372,0.626619185356,2.09318181818,0.311444238799,0.150747986191,131,0.0168597168597,0.339381261991,37,37,37,1,0,0.702702702703,0.297297297297,0,-35,-0.0262762762763,0.0526152093969,-1.89189189189,-5.14545454545,-1.10810810811,-0.424013715542,0.0924533923499,0.0713047301445,-1.22871459964,0.0909710419034,0.0252379451274,-0.464451468325,0.00730383209811,0.0378251179356,0.0466740704216,0.0171633802807,0.0931818181818,0.0526152093969,0.0466740704216,0.0931818181818,0.299274112629,0.144775289945,124,0.0159588159588,-0.281815319206,-0.027027027027,0.0540540540541,-0.027027027027,169,12,47,1104,0.782407407407,0.989247311828,0.010752688172,0.217592592593,0.933701657459,0.782407407407,0.851385390428,0.830051502789,0.771654719235,0.741228070175,138,173,0,0,0,0
605,WLNM_dir_neg,0.91451435063,0.607356014453,00:00:03,10,20,18,1232383542,threshold_sweep,0.2,0.926470588235,0.728323699422,0.815533980583,126,10,47,336,0.728323699422,0.971098265896,0.028901734104,0.271676300578,0.926470588235,0.728323699422,0.815533980583,0.890173410405,0.579319203597,0.73893129771,0.749775986614,0.699421965318,216,43,173,0,216,0,43,0,173,37,216,0.162162162162,1.32432432432,11.6756756757,21.6,6,8.1990990496,0.702237650082,0.31006006006,10.329336629,1.76937710775,0.765265265265,3.0868314707,0.528762798222,0.252752752753,0.579945114934,0.437917739848,2,1.32432432432,0.579945114934,2,0.0121701261701,0.00597269624573,7,0.000900900900901,0.621196581197,37,37,37,1,0,0.72972972973,0.243243243243,0.027027027027,37,0.0322822822823,1.26351351351,2.32432432432,4.77777777778,1.72,2.0007506099,0.860788053095,0.455688246386,2.21752506579,1.90810296359,0.798240100566,1.04119358627,0.895910760276,0.485229415462,0.485719490471,0.384419703688,1.75,1.31451612903,0.516267622522,1.75,0,0,0,0,0.071961680295,37,31,31,0.837837837838,0,0.594594594595,0.0810810810811,0.162162162162,37,179,0.134384384384,1.31416309125,9.67567567568,17.9,4.83783783784,7.76764676954,0.802801481768,0.383964970557,9.12418493624,1.88600470749,0.794202023252,2.63009836649,0.543651617655,0.293220594897,0.539511160738,0.410535925357,1.87491221604,1.31416309125,0.539511160738,1.87491221604,0.282595550297,0.143691588785,123,0.0158301158301,0.405731392254,37,37,37,1,0,0.72972972973,0.27027027027,0,-37,-0.0277777777778,-0.0101612330699,-2,-3.7,-1.16216216216,-0.431452280065,0.100563831686,0.0739049104971,-1.20515169276,0.116627599746,0.028936757987,-0.456733104213,0.0148888194321,0.0404678421438,-0.0404339541969,-0.0273818144919,-0.125087783962,-0.0101612330699,-0.0404339541969,-0.125087783962,0.270425424127,0.137718892539,116,0.0149292149292,-0.215465188942,0,0.027027027027,-0.027027027027,169,10,47,1106,0.782407407407,0.991039426523,0.0089605734767,0.217592592593,0.944134078212,0.782407407407,0.855696202532,0.835888344952,0.773446833931,0.747787610619,136,173,0,0,0,0
606,WLNM_dir_neg,0.91451435063,0.607356014453,00:00:03,10,20,18,1232383542,threshold_sweep,0.3,0.926470588235,0.728323699422,0.815533980583,126,10,47,336,0.728323699422,0.971098265896,0.028901734104,0.271676300578,0.926470588235,0.728323699422,0.815533980583,0.890173410405,0.579319203597,0.73893129771,0.749775986614,0.699421965318,216,43,173,0,216,0,43,0,173,37,216,0.162162162162,1.32432432432,11.6756756757,21.6,6,8.1990990496,0.702237650082,0.31006006006,10.329336629,1.76937710775,0.765265265265,3.0868314707,0.528762798222,0.252752752753,0.579945114934,0.437917739848,2,1.32432432432,0.579945114934,2,0.0121701261701,0.00597269624573,7,0.000900900900901,0.621196581197,37,37,37,1,0,0.72972972973,0.243243243243,0.027027027027,37,0.0322822822823,1.26351351351,2.32432432432,4.77777777778,1.72,2.0007506099,0.860788053095,0.455688246386,2.21752506579,1.90810296359,0.798240100566,1.04119358627,0.895910760276,0.485229415462,0.485719490471,0.384419703688,1.75,1.31451612903,0.516267622522,1.75,0,0,0,0,0.071961680295,37,31,31,0.837837837838,0,0.594594594595,0.0810810810811,0.162162162162,37,179,0.134384384384,1.31416309125,9.67567567568,17.9,4.83783783784,7.76764676954,0.802801481768,0.383964970557,9.12418493624,1.88600470749,0.794202023252,2.63009836649,0.543651617655,0.293220594897,0.539511160738,0.410535925357,1.87491221604,1.31416309125,0.539511160738,1.87491221604,0.282595550297,0.143691588785,123,0.0158301158301,0.405731392254,37,37,37,1,0,0.72972972973,0.27027027027,0,-37,-0.0277777777778,-0.0101612330699,-2,-3.7,-1.16216216216,-0.431452280065,0.100563831686,0.0739049104971,-1.20515169276,0.116627599746,0.028936757987,-0.456733104213,0.0148888194321,0.0404678421438,-0.0404339541969,-0.0273818144919,-0.125087783962,-0.0101612330699,-0.0404339541969,-0.125087783962,0.270425424127,0.137718892539,116,0.0149292149292,-0.215465188942,0,0.027027027027,-0.027027027027,169,10,47,1106,0.782407407407,0.991039426523,0.0089605734767,0.217592592593,0.944134078212,0.782407407407,0.855696202532,0.835888344952,0.773446833931,0.747787610619,136,173,0,0,0,0
607,WLNM_dir_neg,0.91451435063,0.607356014453,00:00:03,10,20,18,1232383542,threshold_sweep,0.4,0.925925925926,0.722543352601,0.811688311688,125,10,48,336,0.722543352601,0.971098265896,0.028901734104,0.277456647399,0.925925925926,0.722543352601,0.811688311688,0.888246628131,0.579961464355,0.733944954128,0.7453559925,0.693641618497,216,43,173,0,216,0,43,0,173,37,216,0.162162162162,1.32432432432,11.6756756757,21.6,6,8.1990990496,0.702237650082,0.31006006006,10.329336629,1.76937710775,0.765265265265,3.0868314707,0.528762798222,0.252752752753,0.579945114934,0.437917739848,2,1.32432432432,0.579945114934,2,0.0121701261701,0.00597269624573,7,0.000900900900901,0.621196581197,37,37,37,1,0,0.72972972973,0.243243243243,0.027027027027,37,0.0322822822823,1.26351351351,2.32432432432,4.77777777778,1.72,2.0007506099,0.860788053095,0.455688246386,2.21752506579,1.90810296359,0.798240100566,1.04119358627,0.895910760276,0.485229415462,0.485719490471,0.384419703688,1.75,1.31451612903,0.516267622522,1.75,0,0,0,0,0.071961680295,37,31,31,0.837837837838,0,0.594594594595,0.0810810810811,0.162162162162,37,178,0.133633633634,1.31455806803,9.62162162162,17.8,4.81081081081,7.7328712195,0.803697289667,0.385362890981,9.07327528097,1.88601789548,0.794412389918,2.61234077492,0.543014655461,0.294260552688,0.540279597167,0.410997133034,1.87624077428,1.31455806803,0.540279597167,1.87624077428,0.28005243204,0.141676505313,120,0.015444015444,0.401424363395,37,37,37,1,0,0.72972972973,0.27027027027,0,-38,-0.0285285285285,-0.0097662562961,-2.05405405405,-3.8,-1.18918918919,-0.466227830109,0.101459639585,0.0753028309208,-1.25606134803,0.116640787738,0.0291471246527,-0.474490695781,0.014251857239,0.0415077999348,-0.0396655177679,-0.0269206068143,-0.123759225723,-0.0097662562961,-0.0396655177679,-0.123759225723,0.26788230587,0.135703809067,113,0.0145431145431,-0.219772217801,0,0.027027027027,-0.027027027027,168,10,48,1106,0.777777777778,0.991039426523,0.0089605734767,0.222222222222,0.943820224719,0.777777777778,0.852791878173,0.832854545906,0.768817204301,0.743362831858,135,173,0,0,0,0
608,WLNM_dir_neg,0.91451435063,0.607356014453,00:00:03,10,20,18,1232383542,threshold_sweep,0.5,0.925373134328,0.71676300578,0.807817589577,124,10,49,336,0.71676300578,0.971098265896,0.028901734104,0.28323699422,0.925373134328,0.71676300578,0.807817589577,0.886319845857,0.580603725112,0.728943338438,0.740933438929,0.687861271676,216,43,173,0,216,0,43,0,173,37,216,0.162162162162,1.32432432432,11.6756756757,21.6,6,8.1990990496,0.702237650082,0.31006006006,10.329336629,1.76937710775,0.765265265265,3.0868314707,0.528762798222,0.252752752753,0.579945114934,0.437917739848,2,1.32432432432,0.579945114934,2,0.0121701261701,0.00597269624573,7,0.000900900900901,0.621196581197,37,37,37,1,0,0.72972972973,0.243243243243,0.027027027027,37,0.0322822822823,1.26351351351,2.32432432432,4.77777777778,1.72,2.0007506099,0.860788053095,0.455688246386,2.21752506579,1.90810296359,0.798240100566,1.04119358627,0.895910760276,0.485229415462,0.485719490471,0.384419703688,1.75,1.31451612903,0.516267622522,1.75,0,0,0,0,0.071961680295,37,31,31,0.837837837838,0,0.594594594595,0.0810810810811,0.162162162162,37,177,0.132882882883,1.31470206896,9.56756756757,17.7,4.78378378378,7.67586600449,0.802279780131,0.38570774164,9.00967114684,1.88337758437,0.7937089632,2.59417226293,0.542284597335,0.295006871278,0.540519062885,0.411134260489,1.87672514105,1.31470206896,0.540519062885,1.87672514105,0.279867537569,0.142344497608,119,0.0153153153153,0.397004214224,37,37,37,1,0,0.72972972973,0.27027027027,0,-39,-0.0292792792793,-0.00962225536393,-2.10810810811,-3.9,-1.21621621622,-0.523233045112,0.100042130049,0.0756476815799,-1.31966548216,0.114000476622,0.0284436979352,-0.492659207779,0.0135217991122,0.0422541185253,-0.039426052049,-0.0267834793594,-0.123274858951,-0.00962225536393,-0.039426052049,-0.123274858951,0.267697411399,0.136371801362,112,0.0144144144144,-0.224192366972,0,0.027027027027,-0.027027027027,167,10,49,1106,0.773148148148,0.991039426523,0.0089605734767,0.226851851852,0.943502824859,0.773148148148,0.849872773537,0.829815073675,0.764187574671,0.738938053097,134,173,0,0,0,0
609,WLNM_dir_neg,0.91451435063,0.607356014453,00:00:03,10,20,18,1232383542,threshold_sweep,0.6,0.924812030075,0.71098265896,0.803921568627,123,10,50,336,0.71098265896,0.971098265896,0.028901734104,0.28901734104,0.924812030075,0.71098265896,0.803921568627,0.884393063584,0.58124598587,0.723926380368,0.73650810816,0.682080924855,216,43,173,0,216,0,43,0,173,37,216,0.162162162162,1.32432432432,11.6756756757,21.6,6,8.1990990496,0.702237650082,0.31006006006,10.329336629,1.76937710775,0.765265265265,3.0868314707,0.528762798222,0.252752752753,0.579945114934,0.437917739848,2,1.32432432432,0.579945114934,2,0.0121701261701,0.00597269624573,7,0.000900900900901,0.621196581197,37,37,37,1,0,0.72972972973,0.243243243243,0.027027027027,37,0.0322822822823,1.26351351351,2.32432432432,4.77777777778,1.72,2.0007506099,0.860788053095,0.455688246386,2.21752506579,1.90810296359,0.798240100566,1.04119358627,0.895910760276,0.485229415462,0.485719490471,0.384419703688,1.75,1.31451612903,0.516267622522,1.75,0,0,0,0,0.071961680295,37,31,31,0.837837837838,0,0.594594594595,0.0810810810811,0.162162162162,37,176,0.132132132132,1.31513717595,9.51351351351,17.6,4.75675675676,7.63988663973,0.803056266108,0.385288697789,8.96104348278,1.88385573218,0.794226044226,2.56477641873,0.539185951665,0.292076167076,0.541374181765,0.411648451329,1.87818868274,1.31513717595,0.541374181765,1.87818868274,0.277736532957,0.140266021765,116,0.0149292149292,0.391656893176,37,37,37,1,0,0.72972972973,0.27027027027,0,-40,-0.03003003003,-0.00918714837534,-2.16216216216,-4,-1.24324324324,-0.559212409878,0.100818616026,0.0752286377286,-1.36829314622,0.11447862443,0.0289607789608,-0.522055051973,0.0104231534426,0.0393234143234,-0.0385709331697,-0.0262692885194,-0.121811317262,-0.00918714837534,-0.0385709331697,-0.121811317262,0.265566406787,0.13429332552,109,0.0140283140283,-0.229539688021,0,0.027027027027,-0.027027027027,166,10,50,1106,0.768518518519,0.991039426523,0.0089605734767,0.231481481481,0.943181818182,0.768518518519,0.84693877551,0.826769853904,0.759557945042,0.734513274336,133,173,0,0,0,0
610,WLNM_dir_neg,0.91451435063,0.607356014453,00:00:03,10,20,18,1232383542,threshold_sweep,0.7,0.924242424242,0.705202312139,0.8,122,10,51,336,0.705202312139,0.971098265896,0.028901734104,0.294797687861,0.924242424242,0.705202312139,0.8,0.88246628131,0.581888246628,0.718894009217,0.732079779384,0.676300578035,216,43,173,0,216,0,43,0,173,37,216,0.162162162162,1.32432432432,11.6756756757,21.6,6,8.1990990496,0.702237650082,0.31006006006,10.329336629,1.76937710775,0.765265265265,3.0868314707,0.528762798222,0.252752752753,0.579945114934,0.437917739848,2,1.32432432432,0.579945114934,2,0.0121701261701,0.00597269624573,7,0.000900900900901,0.621196581197,37,37,37,1,0,0.72972972973,0.243243243243,0.027027027027,37,0.0322822822823,1.26351351351,2.32432432432,4.77777777778,1.72,2.0007506099,0.860788053095,0.455688246386,2.21752506579,1.90810296359,0.798240100566,1.04119358627,0.895910760276,0.485229415462,0.485719490471,0.384419703688,1.75,1.31451612903,0.516267622522,1.75,0,0,0,0,0.071961680295,37,31,31,0.837837837838,0,0.594594594595,0.0810810810811,0.162162162162,37,175,0.131381381381,1.31561833681,9.45945945946,17.5,4.72972972973,7.6106453026,0.804553931989,0.386409266409,8.91518258257,1.88492431746,0.795057915058,2.5456787858,0.538229228998,0.29250965251,0.542330619476,0.41222488643,1.8798071329,1.31561833681,0.542330619476,1.8798071329,0.275206912758,0.138029315961,113,0.0145431145431,0.387321924947,37,37,37,1,0,0.72972972973,0.27027027027,0,-41,-0.0307807807808,-0.00870598751673,-2.21621621622,-4.1,-1.27027027027,-0.588453747009,0.102316281907,0.0763492063492,-1.41415404643,0.115547209711,0.0297926497926,-0.541152684902,0.00946643077562,0.0397568997569,-0.0376144954586,-0.0256928534183,-0.120192867102,-0.00870598751673,-0.0376144954586,-0.120192867102,0.263036786588,0.132056619715,106,0.0136422136422,-0.23387465625,0,0.027027027027,-0.027027027027,165,10,51,1106,0.763888888889,0.991039426523,0.0089605734767,0.236111111111,0.942857142857,0.763888888889,0.843989769821,0.823718811113,0.754928315412,0.730088495575,132,173,0,0,0,0
611,WLNM_dir_neg,0.91451435063,0.607356014453,00:00:03,10,20,18,1232383542,threshold_sweep,0.8,0.924242424242,0.705202312139,0.8,122,10,51,336,0.705202312139,0.971098265896,0.028901734104,0.294797687861,0.924242424242,0.705202312139,0.8,0.88246628131,0.581888246628,0.718894009217,0.732079779384,0.676300578035,216,43,173,0,216,0,43,0,173,37,216,0.162162162162,1.32432432432,11.6756756757,21.6,6,8.1990990496,0.702237650082,0.31006006006,10.329336629,1.76937710775,0.765265265265,3.0868314707,0.528762798222,0.252752752753,0.579945114934,0.437917739848,2,1.32432432432,0.579945114934,2,0.0121701261701,0.00597269624573,7,0.000900900900901,0.621196581197,37,37,37,1,0,0.72972972973,0.243243243243,0.027027027027,37,0.0322822822823,1.26351351351,2.32432432432,4.77777777778,1.72,2.0007506099,0.860788053095,0.455688246386,2.21752506579,1.90810296359,0.798240100566,1.04119358627,0.895910760276,0.485229415462,0.485719490471,0.384419703688,1.75,1.31451612903,0.516267622522,1.75,0,0,0,0,0.071961680295,37,31,31,0.837837837838,0,0.594594594595,0.0810810810811,0.162162162162,37,175,0.131381381381,1.31561833681,9.45945945946,17.5,4.72972972973,7.6106453026,0.804553931989,0.386409266409,8.91518258257,1.88492431746,0.795057915058,2.5456787858,0.538229228998,0.29250965251,0.542330619476,0.41222488643,1.8798071329,1.31561833681,0.542330619476,1.8798071329,0.275206912758,0.138029315961,113,0.0145431145431,0.387321924947,37,37,37,1,0,0.72972972973,0.27027027027,0,-41,-0.0307807807808,-0.00870598751673,-2.21621621622,-4.1,-1.27027027027,-0.588453747009,0.102316281907,0.0763492063492,-1.41415404643,0.115547209711,0.0297926497926,-0.541152684902,0.00946643077562,0.0397568997569,-0.0376144954586,-0.0256928534183,-0.120192867102,-0.00870598751673,-0.0376144954586,-0.120192867102,0.263036786588,0.132056619715,106,0.0136422136422,-0.23387465625,0,0.027027027027,-0.027027027027,165,10,51,1106,0.763888888889,0.991039426523,0.0089605734767,0.236111111111,0.942857142857,0.763888888889,0.843989769821,0.823718811113,0.754928315412,0.730088495575,132,173,0,0,0,0
612,WLNM_dir_neg,0.91451435063,0.607356014453,00:00:03,10,20,18,1232383542,threshold_sweep,0.9,0.924242424242,0.705202312139,0.8,122,10,51,336,0.705202312139,0.971098265896,0.028901734104,0.294797687861,0.924242424242,0.705202312139,0.8,0.88246628131,0.581888246628,0.718894009217,0.732079779384,0.676300578035,216,43,173,0,216,0,43,0,173,37,216,0.162162162162,1.32432432432,11.6756756757,21.6,6,8.1990990496,0.702237650082,0.31006006006,10.329336629,1.76937710775,0.765265265265,3.0868314707,0.528762798222,0.252752752753,0.579945114934,0.437917739848,2,1.32432432432,0.579945114934,2,0.0121701261701,0.00597269624573,7,0.000900900900901,0.621196581197,37,37,37,1,0,0.72972972973,0.243243243243,0.027027027027,37,0.0322822822823,1.26351351351,2.32432432432,4.77777777778,1.72,2.0007506099,0.860788053095,0.455688246386,2.21752506579,1.90810296359,0.798240100566,1.04119358627,0.895910760276,0.485229415462,0.485719490471,0.384419703688,1.75,1.31451612903,0.516267622522,1.75,0,0,0,0,0.071961680295,37,31,31,0.837837837838,0,0.594594594595,0.0810810810811,0.162162162162,37,175,0.131381381381,1.31561833681,9.45945945946,17.5,4.72972972973,7.6106453026,0.804553931989,0.386409266409,8.91518258257,1.88492431746,0.795057915058,2.5456787858,0.538229228998,0.29250965251,0.542330619476,0.41222488643,1.8798071329,1.31561833681,0.542330619476,1.8798071329,0.275206912758,0.138029315961,113,0.0145431145431,0.387321924947,37,37,37,1,0,0.72972972973,0.27027027027,0,-41,-0.0307807807808,-0.00870598751673,-2.21621621622,-4.1,-1.27027027027,-0.588453747009,0.102316281907,0.0763492063492,-1.41415404643,0.115547209711,0.0297926497926,-0.541152684902,0.00946643077562,0.0397568997569,-0.0376144954586,-0.0256928534183,-0.120192867102,-0.00870598751673,-0.0376144954586,-0.120192867102,0.263036786588,0.132056619715,106,0.0136422136422,-0.23387465625,0,0.027027027027,-0.027027027027,165,10,51,1106,0.763888888889,0.991039426523,0.0089605734767,0.236111111111,0.942857142857,0.763888888889,0.843989769821,0.823718811113,0.754928315412,0.730088495575,132,173,0,0,0,0
613,WLNM_dir_neg,0.943457850246,0.531294322568,00:00:02,10,20,19,1232383543,threshold_sweep,0.1,0.986206896552,0.826589595376,0.899371069182,143,2,30,344,0.826589595376,0.994219653179,0.00578034682081,0.173410404624,0.986206896552,0.826589595376,0.899371069182,0.938342967245,0.573538856776,0.855421686747,0.862349944989,0.820809248555,216,43,173,0,216,0,43,0,173,37,216,0.162162162162,1.32432432432,11.6756756757,21.6,6,8.1990990496,0.702237650082,0.31006006006,10.329336629,1.76937710775,0.765265265265,3.0868314707,0.528762798222,0.252752752753,0.579945114934,0.437917739848,2,1.32432432432,0.579945114934,2,0.0121701261701,0.00597269624573,7,0.000900900900901,0.621196581197,37,37,37,1,0,0.72972972973,0.243243243243,0.027027027027,37,0.0322822822823,1.27027027027,2.32432432432,4.77777777778,1.79166666667,1.95865676838,0.842677911979,0.441860465116,2.29145166887,1.9717142267,0.810810810811,1.09324983201,0.940703343825,0.50408548083,0.508191163105,0.400065383721,2,1.3125,0.535061045658,2,0,0,0,0,0.0745273245273,37,32,32,0.864864864865,0,0.621621621622,0.027027027027,0.216216216216,37,188,0.141141141141,1.27369557057,10.1621621622,20.8888888889,6.71428571429,7.75139239647,0.762769996461,0.368890166763,9.7592644827,1.92070630776,0.78838412881,3.71467344444,0.731079348107,0.361127084531,0.515604250719,0.404809644182,2.04166666667,1.28933531746,0.526144108289,2.04166666667,0.0643600246826,0.0492154065621,46,0.00592020592021,0.72687003661,37,35,35,0.945945945946,0,0.702702702703,0.0540540540541,0.189189189189,-28,-0.021021021021,-0.0506287537538,-1.51351351351,-0.711111111111,0.714285714286,-0.447706653132,0.0605323463795,0.0588301067024,-0.570072146302,0.15132920002,0.0231188635444,0.627841973732,0.202316549885,0.108374331779,-0.0643408642153,-0.0331080956662,0.0416666666667,-0.034989006864,-0.0538010066459,0.0416666666667,0.0521898985125,0.0432427103163,39,0.00501930501931,0.105673455414,-0.027027027027,-0.189189189189,0.162162162162,186,2,30,1114,0.861111111111,0.998207885305,0.00179211469534,0.138888888889,0.989361702128,0.861111111111,0.920792079208,0.909748710303,0.859318996416,0.853211009174,145,173,0,0,0,0
614,WLNM_dir_neg,0.943457850246,0.531294322568,00:00:02,10,20,19,1232383543,threshold_sweep,0.2,0.985915492958,0.809248554913,0.888888888889,140,2,33,344,0.809248554913,0.994219653179,0.00578034682081,0.190751445087,0.985915492958,0.809248554913,0.888888888889,0.932562620424,0.575465639049,0.841149773071,0.849600874562,0.803468208092,216,43,173,0,216,0,43,0,173,37,216,0.162162162162,1.32432432432,11.6756756757,21.6,6,8.1990990496,0.702237650082,0.31006006006,10.329336629,1.76937710775,0.765265265265,3.0868314707,0.528762798222,0.252752752753,0.579945114934,0.437917739848,2,1.32432432432,0.579945114934,2,0.0121701261701,0.00597269624573,7,0.000900900900901,0.621196581197,37,37,37,1,0,0.72972972973,0.243243243243,0.027027027027,37,0.0322822822823,1.27027027027,2.32432432432,4.77777777778,1.79166666667,1.95865676838,0.842677911979,0.441860465116,2.29145166887,1.9717142267,0.810810810811,1.09324983201,0.940703343825,0.50408548083,0.508191163105,0.400065383721,2,1.3125,0.535061045658,2,0,0,0,0,0.0745273245273,37,32,32,0.864864864865,0,0.621621621622,0.027027027027,0.216216216216,37,185,0.138888888889,1.27369557057,10,20.5555555556,7.4,7.68837506311,0.768837506311,0.373849525201,9.59166304663,1.91833260933,0.785975164354,3.81517438075,0.763034876151,0.373995617239,0.515604250719,0.404809644182,2.04166666667,1.31646050347,0.542914761047,2.04166666667,0.0649344204183,0.0505679736167,46,0.00592020592021,0.748532608696,37,32,32,0.864864864865,0,0.621621621622,0.0540540540541,0.189189189189,-31,-0.0232732732733,-0.0506287537538,-1.67567567568,-1.04444444444,1.4,-0.510723986491,0.0665998562295,0.0637894651408,-0.737673582374,0.14895550158,0.0207098990883,0.728342910049,0.234272077928,0.121242864486,-0.0643408642153,-0.0331080956662,0.0416666666667,-0.0078638208521,-0.0370303538875,0.0416666666667,0.0527642942482,0.044595277371,39,0.00501930501931,0.127336027499,-0.108108108108,-0.189189189189,0.162162162162,183,2,33,1114,0.847222222222,0.998207885305,0.00179211469534,0.152777777778,0.989189189189,0.847222222222,0.912718204489,0.901091949444,0.845430107527,0.839449541284,142,173,0,0,0,0
615,WLNM_dir_neg,0.943457850246,0.531294322568,00:00:02,10,20,19,1232383543,threshold_sweep,0.3,0.985915492958,0.809248554913,0.888888888889,140,2,33,344,0.809248554913,0.994219653179,0.00578034682081,0.190751445087,0.985915492958,0.809248554913,0.888888888889,0.932562620424,0.575465639049,0.841149773071,0.849600874562,0.803468208092,216,43,173,0,216,0,43,0,173,37,216,0.162162162162,1.32432432432,11.6756756757,21.6,6,8.1990990496,0.702237650082,0.31006006006,10.329336629,1.76937710775,0.765265265265,3.0868314707,0.528762798222,0.252752752753,0.579945114934,0.437917739848,2,1.32432432432,0.579945114934,2,0.0121701261701,0.00597269624573,7,0.000900900900901,0.621196581197,37,37,37,1,0,0.72972972973,0.243243243243,0.027027027027,37,0.0322822822823,1.27027027027,2.32432432432,4.77777777778,1.79166666667,1.95865676838,0.842677911979,0.441860465116,2.29145166887,1.9717142267,0.810810810811,1.09324983201,0.940703343825,0.50408548083,0.508191163105,0.400065383721,2,1.3125,0.535061045658,2,0,0,0,0,0.0745273245273,37,32,32,0.864864864865,0,0.621621621622,0.027027027027,0.216216216216,37,185,0.138888888889,1.27369557057,10,20.5555555556,7.4,7.68837506311,0.768837506311,0.373849525201,9.59166304663,1.91833260933,0.785975164354,3.81517438075,0.763034876151,0.373995617239,0.515604250719,0.404809644182,2.04166666667,1.31646050347,0.542914761047,2.04166666667,0.0649344204183,0.0505679736167,46,0.00592020592021,0.748532608696,37,32,32,0.864864864865,0,0.621621621622,0.0540540540541,0.189189189189,-31,-0.0232732732733,-0.0506287537538,-1.67567567568,-1.04444444444,1.4,-0.510723986491,0.0665998562295,0.0637894651408,-0.737673582374,0.14895550158,0.0207098990883,0.728342910049,0.234272077928,0.121242864486,-0.0643408642153,-0.0331080956662,0.0416666666667,-0.0078638208521,-0.0370303538875,0.0416666666667,0.0527642942482,0.044595277371,39,0.00501930501931,0.127336027499,-0.108108108108,-0.189189189189,0.162162162162,183,2,33,1114,0.847222222222,0.998207885305,0.00179211469534,0.152777777778,0.989189189189,0.847222222222,0.912718204489,0.901091949444,0.845430107527,0.839449541284,142,173,0,0,0,0
616,WLNM_dir_neg,0.943457850246,0.531294322568,00:00:02,10,20,19,1232383543,threshold_sweep,0.4,0.985915492958,0.809248554913,0.888888888889,140,2,33,344,0.809248554913,0.994219653179,0.00578034682081,0.190751445087,0.985915492958,0.809248554913,0.888888888889,0.932562620424,0.575465639049,0.841149773071,0.849600874562,0.803468208092,216,43,173,0,216,0,43,0,173,37,216,0.162162162162,1.32432432432,11.6756756757,21.6,6,8.1990990496,0.702237650082,0.31006006006,10.329336629,1.76937710775,0.765265265265,3.0868314707,0.528762798222,0.252752752753,0.579945114934,0.437917739848,2,1.32432432432,0.579945114934,2,0.0121701261701,0.00597269624573,7,0.000900900900901,0.621196581197,37,37,37,1,0,0.72972972973,0.243243243243,0.027027027027,37,0.0322822822823,1.27027027027,2.32432432432,4.77777777778,1.79166666667,1.95865676838,0.842677911979,0.441860465116,2.29145166887,1.9717142267,0.810810810811,1.09324983201,0.940703343825,0.50408548083,0.508191163105,0.400065383721,2,1.3125,0.535061045658,2,0,0,0,0,0.0745273245273,37,32,32,0.864864864865,0,0.621621621622,0.027027027027,0.216216216216,37,185,0.138888888889,1.27369557057,10,20.5555555556,7.4,7.68837506311,0.768837506311,0.373849525201,9.59166304663,1.91833260933,0.785975164354,3.81517438075,0.763034876151,0.373995617239,0.515604250719,0.404809644182,2.04166666667,1.31646050347,0.542914761047,2.04166666667,0.0649344204183,0.0505679736167,46,0.00592020592021,0.748532608696,37,32,32,0.864864864865,0,0.621621621622,0.0540540540541,0.189189189189,-31,-0.0232732732733,-0.0506287537538,-1.67567567568,-1.04444444444,1.4,-0.510723986491,0.0665998562295,0.0637894651408,-0.737673582374,0.14895550158,0.0207098990883,0.728342910049,0.234272077928,0.121242864486,-0.0643408642153,-0.0331080956662,0.0416666666667,-0.0078638208521,-0.0370303538875,0.0416666666667,0.0527642942482,0.044595277371,39,0.00501930501931,0.127336027499,-0.108108108108,-0.189189189189,0.162162162162,183,2,33,1114,0.847222222222,0.998207885305,0.00179211469534,0.152777777778,0.989189189189,0.847222222222,0.912718204489,0.901091949444,0.845430107527,0.839449541284,142,173,0,0,0,0
617,WLNM_dir_neg,0.943457850246,0.531294322568,00:00:02,10,20,19,1232383543,threshold_sweep,0.5,0.985915492958,0.809248554913,0.888888888889,140,2,33,344,0.809248554913,0.994219653179,0.00578034682081,0.190751445087,0.985915492958,0.809248554913,0.888888888889,0.932562620424,0.575465639049,0.841149773071,0.849600874562,0.803468208092,216,43,173,0,216,0,43,0,173,37,216,0.162162162162,1.32432432432,11.6756756757,21.6,6,8.1990990496,0.702237650082,0.31006006006,10.329336629,1.76937710775,0.765265265265,3.0868314707,0.528762798222,0.252752752753,0.579945114934,0.437917739848,2,1.32432432432,0.579945114934,2,0.0121701261701,0.00597269624573,7,0.000900900900901,0.621196581197,37,37,37,1,0,0.72972972973,0.243243243243,0.027027027027,37,0.0322822822823,1.27027027027,2.32432432432,4.77777777778,1.79166666667,1.95865676838,0.842677911979,0.441860465116,2.29145166887,1.9717142267,0.810810810811,1.09324983201,0.940703343825,0.50408548083,0.508191163105,0.400065383721,2,1.3125,0.535061045658,2,0,0,0,0,0.0745273245273,37,32,32,0.864864864865,0,0.621621621622,0.027027027027,0.216216216216,37,185,0.138888888889,1.27369557057,10,20.5555555556,7.4,7.68837506311,0.768837506311,0.373849525201,9.59166304663,1.91833260933,0.785975164354,3.81517438075,0.763034876151,0.373995617239,0.515604250719,0.404809644182,2.04166666667,1.31646050347,0.542914761047,2.04166666667,0.0649344204183,0.0505679736167,46,0.00592020592021,0.748532608696,37,32,32,0.864864864865,0,0.621621621622,0.0540540540541,0.189189189189,-31,-0.0232732732733,-0.0506287537538,-1.67567567568,-1.04444444444,1.4,-0.510723986491,0.0665998562295,0.0637894651408,-0.737673582374,0.14895550158,0.0207098990883,0.728342910049,0.234272077928,0.121242864486,-0.0643408642153,-0.0331080956662,0.0416666666667,-0.0078638208521,-0.0370303538875,0.0416666666667,0.0527642942482,0.044595277371,39,0.00501930501931,0.127336027499,-0.108108108108,-0.189189189189,0.162162162162,183,2,33,1114,0.847222222222,0.998207885305,0.00179211469534,0.152777777778,0.989189189189,0.847222222222,0.912718204489,0.901091949444,0.845430107527,0.839449541284,142,173,0,0,0,0
618,WLNM_dir_neg,0.943457850246,0.531294322568,00:00:02,10,20,19,1232383543,threshold_sweep,0.6,0.985915492958,0.809248554913,0.888888888889,140,2,33,344,0.809248554913,0.994219653179,0.00578034682081,0.190751445087,0.985915492958,0.809248554913,0.888888888889,0.932562620424,0.575465639049,0.841149773071,0.849600874562,0.803468208092,216,43,173,0,216,0,43,0,173,37,216,0.162162162162,1.32432432432,11.6756756757,21.6,6,8.1990990496,0.702237650082,0.31006006006,10.329336629,1.76937710775,0.765265265265,3.0868314707,0.528762798222,0.252752752753,0.579945114934,0.437917739848,2,1.32432432432,0.579945114934,2,0.0121701261701,0.00597269624573,7,0.000900900900901,0.621196581197,37,37,37,1,0,0.72972972973,0.243243243243,0.027027027027,37,0.0322822822823,1.27027027027,2.32432432432,4.77777777778,1.79166666667,1.95865676838,0.842677911979,0.441860465116,2.29145166887,1.9717142267,0.810810810811,1.09324983201,0.940703343825,0.50408548083,0.508191163105,0.400065383721,2,1.3125,0.535061045658,2,0,0,0,0,0.0745273245273,37,32,32,0.864864864865,0,0.621621621622,0.027027027027,0.216216216216,37,185,0.138888888889,1.27369557057,10,20.5555555556,7.4,7.68837506311,0.768837506311,0.373849525201,9.59166304663,1.91833260933,0.785975164354,3.81517438075,0.763034876151,0.373995617239,0.515604250719,0.404809644182,2.04166666667,1.31646050347,0.542914761047,2.04166666667,0.0649344204183,0.0505679736167,46,0.00592020592021,0.748532608696,37,32,32,0.864864864865,0,0.621621621622,0.0540540540541,0.189189189189,-31,-0.0232732732733,-0.0506287537538,-1.67567567568,-1.04444444444,1.4,-0.510723986491,0.0665998562295,0.0637894651408,-0.737673582374,0.14895550158,0.0207098990883,0.728342910049,0.234272077928,0.121242864486,-0.0643408642153,-0.0331080956662,0.0416666666667,-0.0078638208521,-0.0370303538875,0.0416666666667,0.0527642942482,0.044595277371,39,0.00501930501931,0.127336027499,-0.108108108108,-0.189189189189,0.162162162162,183,2,33,1114,0.847222222222,0.998207885305,0.00179211469534,0.152777777778,0.989189189189,0.847222222222,0.912718204489,0.901091949444,0.845430107527,0.839449541284,142,173,0,0,0,0
619,WLNM_dir_neg,0.943457850246,0.531294322568,00:00:02,10,20,19,1232383543,threshold_sweep,0.7,0.985915492958,0.809248554913,0.888888888889,140,2,33,344,0.809248554913,0.994219653179,0.00578034682081,0.190751445087,0.985915492958,0.809248554913,0.888888888889,0.932562620424,0.575465639049,0.841149773071,0.849600874562,0.803468208092,216,43,173,0,216,0,43,0,173,37,216,0.162162162162,1.32432432432,11.6756756757,21.6,6,8.1990990496,0.702237650082,0.31006006006,10.329336629,1.76937710775,0.765265265265,3.0868314707,0.528762798222,0.252752752753,0.579945114934,0.437917739848,2,1.32432432432,0.579945114934,2,0.0121701261701,0.00597269624573,7,0.000900900900901,0.621196581197,37,37,37,1,0,0.72972972973,0.243243243243,0.027027027027,37,0.0322822822823,1.27027027027,2.32432432432,4.77777777778,1.79166666667,1.95865676838,0.842677911979,0.441860465116,2.29145166887,1.9717142267,0.810810810811,1.09324983201,0.940703343825,0.50408548083,0.508191163105,0.400065383721,2,1.3125,0.535061045658,2,0,0,0,0,0.0745273245273,37,32,32,0.864864864865,0,0.621621621622,0.027027027027,0.216216216216,37,185,0.138888888889,1.27369557057,10,20.5555555556,7.4,7.68837506311,0.768837506311,0.373849525201,9.59166304663,1.91833260933,0.785975164354,3.81517438075,0.763034876151,0.373995617239,0.515604250719,0.404809644182,2.04166666667,1.31646050347,0.542914761047,2.04166666667,0.0649344204183,0.0505679736167,46,0.00592020592021,0.748532608696,37,32,32,0.864864864865,0,0.621621621622,0.0540540540541,0.189189189189,-31,-0.0232732732733,-0.0506287537538,-1.67567567568,-1.04444444444,1.4,-0.510723986491,0.0665998562295,0.0637894651408,-0.737673582374,0.14895550158,0.0207098990883,0.728342910049,0.234272077928,0.121242864486,-0.0643408642153,-0.0331080956662,0.0416666666667,-0.0078638208521,-0.0370303538875,0.0416666666667,0.0527642942482,0.044595277371,39,0.00501930501931,0.127336027499,-0.108108108108,-0.189189189189,0.162162162162,183,2,33,1114,0.847222222222,0.998207885305,0.00179211469534,0.152777777778,0.989189189189,0.847222222222,0.912718204489,0.901091949444,0.845430107527,0.839449541284,142,173,0,0,0,0
620,WLNM_dir_neg,0.943457850246,0.531294322568,00:00:02,10,20,19,1232383543,threshold_sweep,0.8,0.985915492958,0.809248554913,0.888888888889,140,2,33,344,0.809248554913,0.994219653179,0.00578034682081,0.190751445087,0.985915492958,0.809248554913,0.888888888889,0.932562620424,0.575465639049,0.841149773071,0.849600874562,0.803468208092,216,43,173,0,216,0,43,0,173,37,216,0.162162162162,1.32432432432,11.6756756757,21.6,6,8.1990990496,0.702237650082,0.31006006006,10.329336629,1.76937710775,0.765265265265,3.0868314707,0.528762798222,0.252752752753,0.579945114934,0.437917739848,2,1.32432432432,0.579945114934,2,0.0121701261701,0.00597269624573,7,0.000900900900901,0.621196581197,37,37,37,1,0,0.72972972973,0.243243243243,0.027027027027,37,0.0322822822823,1.27027027027,2.32432432432,4.77777777778,1.79166666667,1.95865676838,0.842677911979,0.441860465116,2.29145166887,1.9717142267,0.810810810811,1.09324983201,0.940703343825,0.50408548083,0.508191163105,0.400065383721,2,1.3125,0.535061045658,2,0,0,0,0,0.0745273245273,37,32,32,0.864864864865,0,0.621621621622,0.027027027027,0.216216216216,37,185,0.138888888889,1.27369557057,10,20.5555555556,7.4,7.68837506311,0.768837506311,0.373849525201,9.59166304663,1.91833260933,0.785975164354,3.81517438075,0.763034876151,0.373995617239,0.515604250719,0.404809644182,2.04166666667,1.31646050347,0.542914761047,2.04166666667,0.0649344204183,0.0505679736167,46,0.00592020592021,0.748532608696,37,32,32,0.864864864865,0,0.621621621622,0.0540540540541,0.189189189189,-31,-0.0232732732733,-0.0506287537538,-1.67567567568,-1.04444444444,1.4,-0.510723986491,0.0665998562295,0.0637894651408,-0.737673582374,0.14895550158,0.0207098990883,0.728342910049,0.234272077928,0.121242864486,-0.0643408642153,-0.0331080956662,0.0416666666667,-0.0078638208521,-0.0370303538875,0.0416666666667,0.0527642942482,0.044595277371,39,0.00501930501931,0.127336027499,-0.108108108108,-0.189189189189,0.162162162162,183,2,33,1114,0.847222222222,0.998207885305,0.00179211469534,0.152777777778,0.989189189189,0.847222222222,0.912718204489,0.901091949444,0.845430107527,0.839449541284,142,173,0,0,0,0
621,WLNM_dir_neg,0.943457850246,0.531294322568,00:00:02,10,20,19,1232383543,threshold_sweep,0.9,0.985915492958,0.809248554913,0.888888888889,140,2,33,344,0.809248554913,0.994219653179,0.00578034682081,0.190751445087,0.985915492958,0.809248554913,0.888888888889,0.932562620424,0.575465639049,0.841149773071,0.849600874562,0.803468208092,216,43,173,0,216,0,43,0,173,37,216,0.162162162162,1.32432432432,11.6756756757,21.6,6,8.1990990496,0.702237650082,0.31006006006,10.329336629,1.76937710775,0.765265265265,3.0868314707,0.528762798222,0.252752752753,0.579945114934,0.437917739848,2,1.32432432432,0.579945114934,2,0.0121701261701,0.00597269624573,7,0.000900900900901,0.621196581197,37,37,37,1,0,0.72972972973,0.243243243243,0.027027027027,37,0.0322822822823,1.27027027027,2.32432432432,4.77777777778,1.79166666667,1.95865676838,0.842677911979,0.441860465116,2.29145166887,1.9717142267,0.810810810811,1.09324983201,0.940703343825,0.50408548083,0.508191163105,0.400065383721,2,1.3125,0.535061045658,2,0,0,0,0,0.0745273245273,37,32,32,0.864864864865,0,0.621621621622,0.027027027027,0.216216216216,37,185,0.138888888889,1.27369557057,10,20.5555555556,7.4,7.68837506311,0.768837506311,0.373849525201,9.59166304663,1.91833260933,0.785975164354,3.81517438075,0.763034876151,0.373995617239,0.515604250719,0.404809644182,2.04166666667,1.31646050347,0.542914761047,2.04166666667,0.0649344204183,0.0505679736167,46,0.00592020592021,0.748532608696,37,32,32,0.864864864865,0,0.621621621622,0.0540540540541,0.189189189189,-31,-0.0232732732733,-0.0506287537538,-1.67567567568,-1.04444444444,1.4,-0.510723986491,0.0665998562295,0.0637894651408,-0.737673582374,0.14895550158,0.0207098990883,0.728342910049,0.234272077928,0.121242864486,-0.0643408642153,-0.0331080956662,0.0416666666667,-0.0078638208521,-0.0370303538875,0.0416666666667,0.0527642942482,0.044595277371,39,0.00501930501931,0.127336027499,-0.108108108108,-0.189189189189,0.162162162162,183,2,33,1114,0.847222222222,0.998207885305,0.00179211469534,0.152777777778,0.989189189189,0.847222222222,0.912718204489,0.901091949444,0.845430107527,0.839449541284,142,173,0,0,0,0
622,WLNM_dir_neg,0.98345250426,0.585269884006,00:00:04,10,20,20,1232383544,threshold_sweep,0.1,0.932203389831,0.953757225434,0.942857142857,165,12,8,334,0.953757225434,0.965317919075,0.0346820809249,0.0462427745665,0.932203389831,0.953757225434,0.942857142857,0.961464354528,0.552986512524,0.913793103448,0.913928953163,0.919075144509,216,43,173,0,216,0,43,0,173,37,216,0.162162162162,1.32432432432,11.6756756757,21.6,6,8.1990990496,0.702237650082,0.31006006006,10.329336629,1.76937710775,0.765265265265,3.0868314707,0.528762798222,0.252752752753,0.579945114934,0.437917739848,2,1.32432432432,0.579945114934,2,0.0121701261701,0.00597269624573,7,0.000900900900901,0.621196581197,37,37,37,1,0,0.72972972973,0.243243243243,0.027027027027,37,0.0322822822823,1.31081081081,2.32432432432,4.3,1.72,2.14804890869,0.924160576994,0.45694531741,2.27929708358,1.96125563005,0.804525455688,1.14293757761,0.983457915615,0.512884978001,0.544560874969,0.415438193275,2,1.359375,0.571280042621,2,0,0,0,0,0.06646002146,37,32,32,0.864864864865,0,0.594594594595,0.0810810810811,0.189189189189,37,220,0.165165165165,1.34321890662,11.8918918919,22,6.11111111111,8.95291319374,0.752858609474,0.348771498771,10.564473868,1.77675242326,0.773955773956,2.64518373596,0.444871810139,0.225552825553,0.60996211418,0.454104771139,2.07061611565,1.35275276514,0.615812232239,2.07061611565,0.229656888688,0.150610583446,185,0.0238095238095,0.553128256225,37,36,36,0.972972972973,0,0.702702702703,0.27027027027,0,4,0.003003003003,0.0188945822952,0.216216216216,0.4,0.111111111111,0.753814144136,0.0506209593918,0.0387114387114,0.235137239022,0.00737531551283,0.00869050869051,-0.441647734742,-0.0838909880834,-0.0271999271999,0.0300169992459,0.0161870312908,0.0706161156486,0.0284284408124,0.0358671173042,0.0706161156486,0.217486762518,0.144637887201,178,0.0229086229086,-0.0680683249713,-0.027027027027,0.027027027027,-0.027027027027,208,12,8,1104,0.962962962963,0.989247311828,0.010752688172,0.037037037037,0.945454545455,0.962962962963,0.954128440367,0.945209552902,0.952210274791,0.912280701754,177,173,0,0,0,0
623,WLNM_dir_neg,0.98345250426,0.585269884006,00:00:04,10,20,20,1232383544,threshold_sweep,0.2,0.946107784431,0.913294797688,0.929411764706,158,9,15,337,0.913294797688,0.973988439306,0.0260115606936,0.0867052023121,0.946107784431,0.913294797688,0.929411764706,0.953757225434,0.559409120103,0.895043731778,0.89535200469,0.887283236994,216,43,173,0,216,0,43,0,173,37,216,0.162162162162,1.32432432432,11.6756756757,21.6,6,8.1990990496,0.702237650082,0.31006006006,10.329336629,1.76937710775,0.765265265265,3.0868314707,0.528762798222,0.252752752753,0.579945114934,0.437917739848,2,1.32432432432,0.579945114934,2,0.0121701261701,0.00597269624573,7,0.000900900900901,0.621196581197,37,37,37,1,0,0.72972972973,0.243243243243,0.027027027027,37,0.0322822822823,1.31081081081,2.32432432432,4.3,1.72,2.14804890869,0.924160576994,0.45694531741,2.27929708358,1.96125563005,0.804525455688,1.14293757761,0.983457915615,0.512884978001,0.544560874969,0.415438193275,2,1.359375,0.571280042621,2,0,0,0,0,0.06646002146,37,32,32,0.864864864865,0,0.594594594595,0.0810810810811,0.189189189189,37,210,0.157657657658,1.34031638285,11.3513513514,21,5.83333333333,8.46632616184,0.745843019019,0.354568854569,10.0527885961,1.7712056098,0.77323037323,2.7993456979,0.493218051534,0.252252252252,0.605352721942,0.451649125301,2.05976829955,1.34976961571,0.611163684322,2.05976829955,0.138343396686,0.0940892641737,104,0.0133848133848,0.551554892524,37,36,36,0.972972972973,0,0.702702702703,0.27027027027,0,-6,-0.0045045045045,0.0159920585283,-0.324324324324,-0.6,-0.166666666667,0.267227112237,0.0436053689375,0.0445087945088,-0.276548032866,0.00182850204969,0.00796510796511,-0.287485772807,-0.0355447466881,-0.000500500500501,0.0254076070072,0.0137313854523,0.05976829955,0.0254452913853,0.0312185693875,0.05976829955,0.126173270516,0.088116567928,97,0.0124839124839,-0.0696416886724,-0.027027027027,0.027027027027,-0.027027027027,201,9,15,1107,0.930555555556,0.991935483871,0.00806451612903,0.0694444444444,0.957142857143,0.930555555556,0.943661971831,0.93307177712,0.922491039427,0.893333333333,167,173,0,0,0,0
624,WLNM_dir_neg,0.98345250426,0.585269884006,00:00:04,10,20,20,1232383544,threshold_sweep,0.3,0.945454545455,0.901734104046,0.923076923077,156,9,17,337,0.901734104046,0.973988439306,0.0260115606936,0.0982658959538,0.945454545455,0.901734104046,0.923076923077,0.949903660886,0.560693641618,0.885964912281,0.886510793363,0.875722543353,216,43,173,0,216,0,43,0,173,37,216,0.162162162162,1.32432432432,11.6756756757,21.6,6,8.1990990496,0.702237650082,0.31006006006,10.329336629,1.76937710775,0.765265265265,3.0868314707,0.528762798222,0.252752752753,0.579945114934,0.437917739848,2,1.32432432432,0.579945114934,2,0.0121701261701,0.00597269624573,7,0.000900900900901,0.621196581197,37,37,37,1,0,0.72972972973,0.243243243243,0.027027027027,37,0.0322822822823,1.31081081081,2.32432432432,4.3,1.72,2.14804890869,0.924160576994,0.45694531741,2.27929708358,1.96125563005,0.804525455688,1.14293757761,0.983457915615,0.512884978001,0.544560874969,0.415438193275,2,1.359375,0.571280042621,2,0,0,0,0,0.06646002146,37,32,32,0.864864864865,0,0.594594594595,0.0810810810811,0.189189189189,37,208,0.156156156156,1.34031638285,11.2432432432,20.8,5.77777777778,8.4208913668,0.748973510989,0.358108108108,9.97316218478,1.77407211941,0.774948024948,2.76235961284,0.491381277283,0.255457380457,0.605352721942,0.451649125301,2.05976829955,1.34976961571,0.611163684322,2.05976829955,0.141087608995,0.0957348880025,104,0.0133848133848,0.538669149532,37,36,36,0.972972972973,0,0.702702702703,0.27027027027,0,-8,-0.00600600600601,0.0159920585283,-0.432432432432,-0.8,-0.222222222222,0.221792317193,0.0467358609074,0.048048048048,-0.356174444218,0.004695011663,0.00968275968276,-0.324471857867,-0.037381520939,0.00270462770463,0.0254076070072,0.0137313854523,0.05976829955,0.0254452913853,0.0312185693875,0.05976829955,0.128917482825,0.0897621917567,97,0.0124839124839,-0.0825274316645,-0.027027027027,0.027027027027,-0.027027027027,199,9,17,1107,0.921296296296,0.991935483871,0.00806451612903,0.0787037037037,0.956730769231,0.921296296296,0.938679245283,0.927310476104,0.913231780167,0.884444444444,165,173,0,0,0,0
625,WLNM_dir_neg,0.98345250426,0.585269884006,00:00:04,10,20,20,1232383544,threshold_sweep,0.4,0.95,0.878612716763,0.912912912913,152,8,21,338,0.878612716763,0.976878612717,0.0231213872832,0.121387283237,0.95,0.878612716763,0.912912912913,0.944123314066,0.563904945408,0.871870397644,0.873312140479,0.85549132948,216,43,173,0,216,0,43,0,173,37,216,0.162162162162,1.32432432432,11.6756756757,21.6,6,8.1990990496,0.702237650082,0.31006006006,10.329336629,1.76937710775,0.765265265265,3.0868314707,0.528762798222,0.252752752753,0.579945114934,0.437917739848,2,1.32432432432,0.579945114934,2,0.0121701261701,0.00597269624573,7,0.000900900900901,0.621196581197,37,37,37,1,0,0.72972972973,0.243243243243,0.027027027027,37,0.0322822822823,1.31081081081,2.32432432432,4.3,1.72,2.14804890869,0.924160576994,0.45694531741,2.27929708358,1.96125563005,0.804525455688,1.14293757761,0.983457915615,0.512884978001,0.544560874969,0.415438193275,2,1.359375,0.571280042621,2,0,0,0,0,0.06646002146,37,32,32,0.864864864865,0,0.594594594595,0.0810810810811,0.189189189189,37,203,0.152402402402,1.33763524043,10.972972973,20.3,5.63888888889,8.28146017213,0.754714350662,0.363866329384,9.72002978282,1.77163104416,0.774330981228,2.88310809931,0.525492609234,0.270802822527,0.601259575627,0.449494419297,2.04974786826,1.34701399711,0.607037457725,2.04974786826,0.160166758509,0.0990790727215,104,0.0133848133848,0.545399347857,37,36,36,0.972972972973,0,0.702702702703,0.27027027027,0,-13,-0.00975975975976,0.0133109161023,-0.702702702703,-1.3,-0.361111111111,0.0823611225259,0.0524767005803,0.0538062693235,-0.609306846176,0.00225393641466,0.00906571596227,-0.203723371393,-0.00327018898843,0.0180500697742,0.0213144606923,0.0115766794485,0.0497478682612,0.0226896727808,0.0270923427905,0.0497478682612,0.147996632339,0.0931063764758,97,0.0124839124839,-0.0757972333394,-0.027027027027,0.027027027027,-0.027027027027,195,8,21,1108,0.902777777778,0.992831541219,0.00716845878136,0.0972222222222,0.960591133005,0.902777777778,0.930787589499,0.918507246115,0.895609318996,0.870535714286,160,173,0,0,0,0
626,WLNM_dir_neg,0.98345250426,0.585269884006,00:00:04,10,20,20,1232383544,threshold_sweep,0.5,0.95,0.878612716763,0.912912912913,152,8,21,338,0.878612716763,0.976878612717,0.0231213872832,0.121387283237,0.95,0.878612716763,0.912912912913,0.944123314066,0.563904945408,0.871870397644,0.873312140479,0.85549132948,216,43,173,0,216,0,43,0,173,37,216,0.162162162162,1.32432432432,11.6756756757,21.6,6,8.1990990496,0.702237650082,0.31006006006,10.329336629,1.76937710775,0.765265265265,3.0868314707,0.528762798222,0.252752752753,0.579945114934,0.437917739848,2,1.32432432432,0.579945114934,2,0.0121701261701,0.00597269624573,7,0.000900900900901,0.621196581197,37,37,37,1,0,0.72972972973,0.243243243243,0.027027027027,37,0.0322822822823,1.31081081081,2.32432432432,4.3,1.72,2.14804890869,0.924160576994,0.45694531741,2.27929708358,1.96125563005,0.804525455688,1.14293757761,0.983457915615,0.512884978001,0.544560874969,0.415438193275,2,1.359375,0.571280042621,2,0,0,0,0,0.06646002146,37,32,32,0.864864864865,0,0.594594594595,0.0810810810811,0.189189189189,37,203,0.152402402402,1.33763524043,10.972972973,20.3,5.63888888889,8.28146017213,0.754714350662,0.363866329384,9.72002978282,1.77163104416,0.774330981228,2.88310809931,0.525492609234,0.270802822527,0.601259575627,0.449494419297,2.04974786826,1.34701399711,0.607037457725,2.04974786826,0.160166758509,0.0990790727215,104,0.0133848133848,0.545399347857,37,36,36,0.972972972973,0,0.702702702703,0.27027027027,0,-13,-0.00975975975976,0.0133109161023,-0.702702702703,-1.3,-0.361111111111,0.0823611225259,0.0524767005803,0.0538062693235,-0.609306846176,0.00225393641466,0.00906571596227,-0.203723371393,-0.00327018898843,0.0180500697742,0.0213144606923,0.0115766794485,0.0497478682612,0.0226896727808,0.0270923427905,0.0497478682612,0.147996632339,0.0931063764758,97,0.0124839124839,-0.0757972333394,-0.027027027027,0.027027027027,-0.027027027027,195,8,21,1108,0.902777777778,0.992831541219,0.00716845878136,0.0972222222222,0.960591133005,0.902777777778,0.930787589499,0.918507246115,0.895609318996,0.870535714286,160,173,0,0,0,0
627,WLNM_dir_neg,0.98345250426,0.585269884006,00:00:04,10,20,20,1232383544,threshold_sweep,0.6,0.949685534591,0.872832369942,0.909638554217,151,8,22,338,0.872832369942,0.976878612717,0.0231213872832,0.127167630058,0.949685534591,0.872832369942,0.909638554217,0.942196531792,0.564547206166,0.867256637168,0.868925455112,0.849710982659,216,43,173,0,216,0,43,0,173,37,216,0.162162162162,1.32432432432,11.6756756757,21.6,6,8.1990990496,0.702237650082,0.31006006006,10.329336629,1.76937710775,0.765265265265,3.0868314707,0.528762798222,0.252752752753,0.579945114934,0.437917739848,2,1.32432432432,0.579945114934,2,0.0121701261701,0.00597269624573,7,0.000900900900901,0.621196581197,37,37,37,1,0,0.72972972973,0.243243243243,0.027027027027,37,0.0322822822823,1.31081081081,2.32432432432,4.3,1.72,2.14804890869,0.924160576994,0.45694531741,2.27929708358,1.96125563005,0.804525455688,1.14293757761,0.983457915615,0.512884978001,0.544560874969,0.415438193275,2,1.359375,0.571280042621,2,0,0,0,0,0.06646002146,37,32,32,0.864864864865,0,0.594594594595,0.0810810810811,0.189189189189,37,202,0.151651651652,1.33763524043,10.9189189189,20.2,5.61111111111,8.25421905041,0.755955705112,0.365400053519,9.6769904487,1.77251805248,0.774953170993,2.86351177747,0.524504632507,0.272143430559,0.601259575627,0.449494419297,2.04974786826,1.34701399711,0.607037457725,2.04974786826,0.161538058017,0.1,104,0.0133848133848,0.538752976158,37,36,36,0.972972972973,0,0.702702702703,0.27027027027,0,-14,-0.0105105105105,0.0133109161023,-0.756756756757,-1.4,-0.388888888889,0.0551200008043,0.0537180550298,0.0553399934588,-0.652346180304,0.00314094473851,0.00968790572751,-0.223319693236,-0.00425816571587,0.0193906778065,0.0213144606923,0.0115766794485,0.0497478682612,0.0226896727808,0.0270923427905,0.0497478682612,0.149367931847,0.0940273037543,97,0.0124839124839,-0.0824436050389,-0.027027027027,0.027027027027,-0.027027027027,194,8,22,1108,0.898148148148,0.992831541219,0.00716845878136,0.101851851852,0.960396039604,0.898148148148,0.928229665072,0.915612831828,0.890979689367,0.866071428571,159,173,0,0,0,0
628,WLNM_dir_neg,0.98345250426,0.585269884006,00:00:04,10,20,20,1232383544,threshold_sweep,0.7,0.949685534591,0.872832369942,0.909638554217,151,8,22,338,0.872832369942,0.976878612717,0.0231213872832,0.127167630058,0.949685534591,0.872832369942,0.909638554217,0.942196531792,0.564547206166,0.867256637168,0.868925455112,0.849710982659,216,43,173,0,216,0,43,0,173,37,216,0.162162162162,1.32432432432,11.6756756757,21.6,6,8.1990990496,0.702237650082,0.31006006006,10.329336629,1.76937710775,0.765265265265,3.0868314707,0.528762798222,0.252752752753,0.579945114934,0.437917739848,2,1.32432432432,0.579945114934,2,0.0121701261701,0.00597269624573,7,0.000900900900901,0.621196581197,37,37,37,1,0,0.72972972973,0.243243243243,0.027027027027,37,0.0322822822823,1.31081081081,2.32432432432,4.3,1.72,2.14804890869,0.924160576994,0.45694531741,2.27929708358,1.96125563005,0.804525455688,1.14293757761,0.983457915615,0.512884978001,0.544560874969,0.415438193275,2,1.359375,0.571280042621,2,0,0,0,0,0.06646002146,37,32,32,0.864864864865,0,0.594594594595,0.0810810810811,0.189189189189,37,202,0.151651651652,1.33763524043,10.9189189189,20.2,5.61111111111,8.25421905041,0.755955705112,0.365400053519,9.6769904487,1.77251805248,0.774953170993,2.86351177747,0.524504632507,0.272143430559,0.601259575627,0.449494419297,2.04974786826,1.34701399711,0.607037457725,2.04974786826,0.161538058017,0.1,104,0.0133848133848,0.538752976158,37,36,36,0.972972972973,0,0.702702702703,0.27027027027,0,-14,-0.0105105105105,0.0133109161023,-0.756756756757,-1.4,-0.388888888889,0.0551200008043,0.0537180550298,0.0553399934588,-0.652346180304,0.00314094473851,0.00968790572751,-0.223319693236,-0.00425816571587,0.0193906778065,0.0213144606923,0.0115766794485,0.0497478682612,0.0226896727808,0.0270923427905,0.0497478682612,0.149367931847,0.0940273037543,97,0.0124839124839,-0.0824436050389,-0.027027027027,0.027027027027,-0.027027027027,194,8,22,1108,0.898148148148,0.992831541219,0.00716845878136,0.101851851852,0.960396039604,0.898148148148,0.928229665072,0.915612831828,0.890979689367,0.866071428571,159,173,0,0,0,0
629,WLNM_dir_neg,0.98345250426,0.585269884006,00:00:04,10,20,20,1232383544,threshold_sweep,0.8,0.949685534591,0.872832369942,0.909638554217,151,8,22,338,0.872832369942,0.976878612717,0.0231213872832,0.127167630058,0.949685534591,0.872832369942,0.909638554217,0.942196531792,0.564547206166,0.867256637168,0.868925455112,0.849710982659,216,43,173,0,216,0,43,0,173,37,216,0.162162162162,1.32432432432,11.6756756757,21.6,6,8.1990990496,0.702237650082,0.31006006006,10.329336629,1.76937710775,0.765265265265,3.0868314707,0.528762798222,0.252752752753,0.579945114934,0.437917739848,2,1.32432432432,0.579945114934,2,0.0121701261701,0.00597269624573,7,0.000900900900901,0.621196581197,37,37,37,1,0,0.72972972973,0.243243243243,0.027027027027,37,0.0322822822823,1.31081081081,2.32432432432,4.3,1.72,2.14804890869,0.924160576994,0.45694531741,2.27929708358,1.96125563005,0.804525455688,1.14293757761,0.983457915615,0.512884978001,0.544560874969,0.415438193275,2,1.359375,0.571280042621,2,0,0,0,0,0.06646002146,37,32,32,0.864864864865,0,0.594594594595,0.0810810810811,0.189189189189,37,202,0.151651651652,1.33763524043,10.9189189189,20.2,5.61111111111,8.25421905041,0.755955705112,0.365400053519,9.6769904487,1.77251805248,0.774953170993,2.86351177747,0.524504632507,0.272143430559,0.601259575627,0.449494419297,2.04974786826,1.34701399711,0.607037457725,2.04974786826,0.161538058017,0.1,104,0.0133848133848,0.538752976158,37,36,36,0.972972972973,0,0.702702702703,0.27027027027,0,-14,-0.0105105105105,0.0133109161023,-0.756756756757,-1.4,-0.388888888889,0.0551200008043,0.0537180550298,0.0553399934588,-0.652346180304,0.00314094473851,0.00968790572751,-0.223319693236,-0.00425816571587,0.0193906778065,0.0213144606923,0.0115766794485,0.0497478682612,0.0226896727808,0.0270923427905,0.0497478682612,0.149367931847,0.0940273037543,97,0.0124839124839,-0.0824436050389,-0.027027027027,0.027027027027,-0.027027027027,194,8,22,1108,0.898148148148,0.992831541219,0.00716845878136,0.101851851852,0.960396039604,0.898148148148,0.928229665072,0.915612831828,0.890979689367,0.866071428571,159,173,0,0,0,0
630,WLNM_dir_neg,0.98345250426,0.585269884006,00:00:04,10,20,20,1232383544,threshold_sweep,0.9,0.957627118644,0.653179190751,0.776632302405,113,5,60,341,0.653179190751,0.985549132948,0.014450867052,0.346820809249,0.957627118644,0.653179190751,0.776632302405,0.874759152216,0.590879897238,0.69387755102,0.718396298343,0.638728323699,216,43,173,0,216,0,43,0,173,37,216,0.162162162162,1.32432432432,11.6756756757,21.6,6,8.1990990496,0.702237650082,0.31006006006,10.329336629,1.76937710775,0.765265265265,3.0868314707,0.528762798222,0.252752752753,0.579945114934,0.437917739848,2,1.32432432432,0.579945114934,2,0.0121701261701,0.00597269624573,7,0.000900900900901,0.621196581197,37,37,37,1,0,0.72972972973,0.243243243243,0.027027027027,37,0.0322822822823,1.31081081081,2.32432432432,4.3,1.72,2.14804890869,0.924160576994,0.45694531741,2.27929708358,1.96125563005,0.804525455688,1.14293757761,0.983457915615,0.512884978001,0.544560874969,0.415438193275,2,1.359375,0.571280042621,2,0,0,0,0,0.06646002146,37,32,32,0.864864864865,0,0.594594594595,0.0810810810811,0.189189189189,37,161,0.120870870871,1.3316349136,8.7027027027,16.1,5.1935483871,7.14867845155,0.821431995985,0.411280846063,7.94150914925,1.82506732001,0.785630350848,2.84034638162,0.652750410682,0.36159140507,0.591648413319,0.444302268794,2.02732240437,1.38345286885,0.621286143214,2.02732240437,0.102556419737,0.0733427362482,52,0.00669240669241,0.430977922806,37,32,32,0.864864864865,0,0.594594594595,0.243243243243,0.027027027027,-55,-0.0412912912913,0.0073105892778,-2.97297297297,-5.5,-0.806451612903,-1.05042059806,0.119194345903,0.101220786003,-2.38782747975,0.0556902122679,0.0203650855825,-0.246485089086,0.12398761246,0.108838652317,0.0117032983846,0.00638452894582,0.0273224043716,0.0591285445281,0.0413410282792,0.0273224043716,0.0903862935672,0.0673700400025,45,0.00579150579151,-0.19021865839,-0.135135135135,0,0,156,5,60,1111,0.722222222222,0.995519713262,0.00448028673835,0.277777777778,0.968944099379,0.722222222222,0.827586206897,0.811588545304,0.717741935484,0.705882352941,118,173,0,0,0,0
631,WLNM_dir_neg,0.892487219753,0.561544940269,00:00:03,10,20,21,1232383545,threshold_sweep,0.1,0.933333333333,0.728323699422,0.818181818182,126,9,47,337,0.728323699422,0.973988439306,0.0260115606936,0.271676300578,0.933333333333,0.728323699422,0.818181818182,0.892100192678,0.579961464355,0.743119266055,0.754672942406,0.702312138728,216,43,173,0,216,0,43,0,173,37,216,0.162162162162,1.32432432432,11.6756756757,21.6,6,8.1990990496,0.702237650082,0.31006006006,10.329336629,1.76937710775,0.765265265265,3.0868314707,0.528762798222,0.252752752753,0.579945114934,0.437917739848,2,1.32432432432,0.579945114934,2,0.0121701261701,0.00597269624573,7,0.000900900900901,0.621196581197,37,37,37,1,0,0.72972972973,0.243243243243,0.027027027027,37,0.0322822822823,1.27027027027,2.32432432432,4.77777777778,1.95454545455,2.22428582863,0.956960182085,0.499057196732,2.38646080948,2.05346627793,0.820867379007,1.28048414267,1.10181193672,0.570710245129,0.508191163105,0.400065383721,2,1.33333333333,0.546672273591,2,0,0,0,0,0.100353350353,37,30,30,0.810810810811,0,0.567567567568,0.027027027027,0.216216216216,37,178,0.133633633634,1.35371886665,9.62162162162,16.1818181818,5.74193548387,7.73646255422,0.804070546366,0.385362890981,9.536007311,1.98220376689,0.808381415123,3.24754469508,0.675051425382,0.362283631947,0.574654553019,0.424500660496,2.09523809524,1.36354439072,0.579645465069,2.09523809524,0.169362706497,0.0964777947933,84,0.0108108108108,0.399846245708,37,36,36,0.972972972973,0,0.675675675676,0.162162162162,0.135135135135,-38,-0.0285285285285,0.0293945423256,-2.05405405405,-5.41818181818,-0.258064516129,-0.462636495384,0.101832896284,0.0753028309208,-0.793329318,0.212826659148,0.0431161498577,0.160713224377,0.146288627159,0.109530879194,-0.00529056191539,-0.0134170793523,0.0952380952381,0.0392200663992,-0.000299649865236,0.0952380952381,0.157192580327,0.0905050985475,77,0.00990990990991,-0.221350335488,-0.0540540540541,-0.0810810810811,0.108108108108,169,9,47,1107,0.782407407407,0.991935483871,0.00806451612903,0.217592592593,0.949438202247,0.782407407407,0.857868020305,0.838840485727,0.774342891278,0.751111111111,135,173,0,0,0,0
632,WLNM_dir_neg,0.892487219753,0.561544940269,00:00:03,10,20,21,1232383545,threshold_sweep,0.2,0.93893129771,0.71098265896,0.809210526316,123,8,50,338,0.71098265896,0.976878612717,0.0231213872832,0.28901734104,0.93893129771,0.71098265896,0.809210526316,0.888246628131,0.582530507386,0.732307692308,0.74646671728,0.687861271676,216,43,173,0,216,0,43,0,173,37,216,0.162162162162,1.32432432432,11.6756756757,21.6,6,8.1990990496,0.702237650082,0.31006006006,10.329336629,1.76937710775,0.765265265265,3.0868314707,0.528762798222,0.252752752753,0.579945114934,0.437917739848,2,1.32432432432,0.579945114934,2,0.0121701261701,0.00597269624573,7,0.000900900900901,0.621196581197,37,37,37,1,0,0.72972972973,0.243243243243,0.027027027027,37,0.0322822822823,1.27027027027,2.32432432432,4.77777777778,1.95454545455,2.22428582863,0.956960182085,0.499057196732,2.38646080948,2.05346627793,0.820867379007,1.28048414267,1.10181193672,0.570710245129,0.508191163105,0.400065383721,2,1.33333333333,0.546672273591,2,0,0,0,0,0.100353350353,37,30,30,0.810810810811,0,0.567567567568,0.027027027027,0.216216216216,37,174,0.130630630631,1.31372258958,9.40540540541,17.4,5.61290322581,7.79408415067,0.828681360847,0.391891891892,9.53317268182,2.02716890361,0.814228021125,3.13461733324,0.666556559366,0.353836595216,0.546136704747,0.415716917008,2.04761904762,1.32243710596,0.551268537256,2.04761904762,0.161506441014,0.0892018779343,76,0.00978120978121,0.438786920473,37,36,36,0.972972972973,0,0.702702702703,0.135135135135,0.135135135135,-42,-0.0315315315315,-0.0106017347397,-2.27027027027,-4.2,-0.387096774194,-0.405014898933,0.126443710765,0.0818318318318,-0.796163947181,0.25779179586,0.0489627558593,0.0477858625324,0.137793761144,0.101083842463,-0.0338084101879,-0.02220082284,0.047619047619,-0.00188721836231,-0.028676577678,0.047619047619,0.149336314844,0.0832291816885,69,0.00888030888031,-0.182409660724,-0.027027027027,-0.108108108108,0.108108108108,166,8,50,1108,0.768518518519,0.992831541219,0.00716845878136,0.231481481481,0.954022988506,0.768518518519,0.851282051282,0.832749643012,0.761350059737,0.741071428571,131,173,0,0,0,0
633,WLNM_dir_neg,0.892487219753,0.561544940269,00:00:03,10,20,21,1232383545,threshold_sweep,0.3,0.953488372093,0.71098265896,0.814569536424,123,6,50,340,0.71098265896,0.982658959538,0.0173410404624,0.28901734104,0.953488372093,0.71098265896,0.814569536424,0.892100192678,0.583815028902,0.740740740741,0.756604787858,0.693641618497,216,43,173,0,216,0,43,0,173,37,216,0.162162162162,1.32432432432,11.6756756757,21.6,6,8.1990990496,0.702237650082,0.31006006006,10.329336629,1.76937710775,0.765265265265,3.0868314707,0.528762798222,0.252752752753,0.579945114934,0.437917739848,2,1.32432432432,0.579945114934,2,0.0121701261701,0.00597269624573,7,0.000900900900901,0.621196581197,37,37,37,1,0,0.72972972973,0.243243243243,0.027027027027,37,0.0322822822823,1.27027027027,2.32432432432,4.77777777778,1.95454545455,2.22428582863,0.956960182085,0.499057196732,2.38646080948,2.05346627793,0.820867379007,1.28048414267,1.10181193672,0.570710245129,0.508191163105,0.400065383721,2,1.33333333333,0.546672273591,2,0,0,0,0,0.100353350353,37,30,30,0.810810810811,0,0.567567567568,0.027027027027,0.216216216216,37,172,0.129129129129,1.27627627628,9.2972972973,19.1111111111,5.73333333333,7.69149914901,0.827283338701,0.388749214331,9.47574745283,2.03838753346,0.815210559397,3.13772932952,0.674976658095,0.356065367693,0.517606089814,0.405559595078,2,1.28395061728,0.522809156452,2,0.118962174242,0.0577849117175,48,0.00617760617761,0.539326511788,37,36,36,0.972972972973,0,0.72972972973,0.0810810810811,0.162162162162,-44,-0.033033033033,-0.048048048048,-2.37837837838,-2.48888888889,-0.266666666667,-0.507599900599,0.125045688619,0.0786891542705,-0.853589176171,0.269010425712,0.0499452941313,0.0508978588185,0.146213859873,0.103312614941,-0.0623390251206,-0.0323581447708,0,-0.0403737070404,-0.0571359584824,0,0.106792048072,0.0518122154718,41,0.00527670527671,-0.0818700694084,0,-0.162162162162,0.135135135135,166,6,50,1110,0.768518518519,0.994623655914,0.00537634408602,0.231481481481,0.96511627907,0.768518518519,0.855670103093,0.838824699533,0.763142174432,0.747747747748,129,173,0,0,0,0
634,WLNM_dir_neg,0.892487219753,0.561544940269,00:00:03,10,20,21,1232383545,threshold_sweep,0.4,0.953488372093,0.71098265896,0.814569536424,123,6,50,340,0.71098265896,0.982658959538,0.0173410404624,0.28901734104,0.953488372093,0.71098265896,0.814569536424,0.892100192678,0.583815028902,0.740740740741,0.756604787858,0.693641618497,216,43,173,0,216,0,43,0,173,37,216,0.162162162162,1.32432432432,11.6756756757,21.6,6,8.1990990496,0.702237650082,0.31006006006,10.329336629,1.76937710775,0.765265265265,3.0868314707,0.528762798222,0.252752752753,0.579945114934,0.437917739848,2,1.32432432432,0.579945114934,2,0.0121701261701,0.00597269624573,7,0.000900900900901,0.621196581197,37,37,37,1,0,0.72972972973,0.243243243243,0.027027027027,37,0.0322822822823,1.27027027027,2.32432432432,4.77777777778,1.95454545455,2.22428582863,0.956960182085,0.499057196732,2.38646080948,2.05346627793,0.820867379007,1.28048414267,1.10181193672,0.570710245129,0.508191163105,0.400065383721,2,1.33333333333,0.546672273591,2,0,0,0,0,0.100353350353,37,30,30,0.810810810811,0,0.567567567568,0.027027027027,0.216216216216,37,172,0.129129129129,1.27627627628,9.2972972973,19.1111111111,5.73333333333,7.69149914901,0.827283338701,0.388749214331,9.47574745283,2.03838753346,0.815210559397,3.13772932952,0.674976658095,0.356065367693,0.517606089814,0.405559595078,2,1.28395061728,0.522809156452,2,0.118962174242,0.0577849117175,48,0.00617760617761,0.539326511788,37,36,36,0.972972972973,0,0.72972972973,0.0810810810811,0.162162162162,-44,-0.033033033033,-0.048048048048,-2.37837837838,-2.48888888889,-0.266666666667,-0.507599900599,0.125045688619,0.0786891542705,-0.853589176171,0.269010425712,0.0499452941313,0.0508978588185,0.146213859873,0.103312614941,-0.0623390251206,-0.0323581447708,0,-0.0403737070404,-0.0571359584824,0,0.106792048072,0.0518122154718,41,0.00527670527671,-0.0818700694084,0,-0.162162162162,0.135135135135,166,6,50,1110,0.768518518519,0.994623655914,0.00537634408602,0.231481481481,0.96511627907,0.768518518519,0.855670103093,0.838824699533,0.763142174432,0.747747747748,129,173,0,0,0,0
635,WLNM_dir_neg,0.892487219753,0.561544940269,00:00:03,10,20,21,1232383545,threshold_sweep,0.5,0.953488372093,0.71098265896,0.814569536424,123,6,50,340,0.71098265896,0.982658959538,0.0173410404624,0.28901734104,0.953488372093,0.71098265896,0.814569536424,0.892100192678,0.583815028902,0.740740740741,0.756604787858,0.693641618497,216,43,173,0,216,0,43,0,173,37,216,0.162162162162,1.32432432432,11.6756756757,21.6,6,8.1990990496,0.702237650082,0.31006006006,10.329336629,1.76937710775,0.765265265265,3.0868314707,0.528762798222,0.252752752753,0.579945114934,0.437917739848,2,1.32432432432,0.579945114934,2,0.0121701261701,0.00597269624573,7,0.000900900900901,0.621196581197,37,37,37,1,0,0.72972972973,0.243243243243,0.027027027027,37,0.0322822822823,1.27027027027,2.32432432432,4.77777777778,1.95454545455,2.22428582863,0.956960182085,0.499057196732,2.38646080948,2.05346627793,0.820867379007,1.28048414267,1.10181193672,0.570710245129,0.508191163105,0.400065383721,2,1.33333333333,0.546672273591,2,0,0,0,0,0.100353350353,37,30,30,0.810810810811,0,0.567567567568,0.027027027027,0.216216216216,37,172,0.129129129129,1.27627627628,9.2972972973,19.1111111111,5.73333333333,7.69149914901,0.827283338701,0.388749214331,9.47574745283,2.03838753346,0.815210559397,3.13772932952,0.674976658095,0.356065367693,0.517606089814,0.405559595078,2,1.28395061728,0.522809156452,2,0.118962174242,0.0577849117175,48,0.00617760617761,0.539326511788,37,36,36,0.972972972973,0,0.72972972973,0.0810810810811,0.162162162162,-44,-0.033033033033,-0.048048048048,-2.37837837838,-2.48888888889,-0.266666666667,-0.507599900599,0.125045688619,0.0786891542705,-0.853589176171,0.269010425712,0.0499452941313,0.0508978588185,0.146213859873,0.103312614941,-0.0623390251206,-0.0323581447708,0,-0.0403737070404,-0.0571359584824,0,0.106792048072,0.0518122154718,41,0.00527670527671,-0.0818700694084,0,-0.162162162162,0.135135135135,166,6,50,1110,0.768518518519,0.994623655914,0.00537634408602,0.231481481481,0.96511627907,0.768518518519,0.855670103093,0.838824699533,0.763142174432,0.747747747748,129,173,0,0,0,0
636,WLNM_dir_neg,0.892487219753,0.561544940269,00:00:03,10,20,21,1232383545,threshold_sweep,0.6,0.953488372093,0.71098265896,0.814569536424,123,6,50,340,0.71098265896,0.982658959538,0.0173410404624,0.28901734104,0.953488372093,0.71098265896,0.814569536424,0.892100192678,0.583815028902,0.740740740741,0.756604787858,0.693641618497,216,43,173,0,216,0,43,0,173,37,216,0.162162162162,1.32432432432,11.6756756757,21.6,6,8.1990990496,0.702237650082,0.31006006006,10.329336629,1.76937710775,0.765265265265,3.0868314707,0.528762798222,0.252752752753,0.579945114934,0.437917739848,2,1.32432432432,0.579945114934,2,0.0121701261701,0.00597269624573,7,0.000900900900901,0.621196581197,37,37,37,1,0,0.72972972973,0.243243243243,0.027027027027,37,0.0322822822823,1.27027027027,2.32432432432,4.77777777778,1.95454545455,2.22428582863,0.956960182085,0.499057196732,2.38646080948,2.05346627793,0.820867379007,1.28048414267,1.10181193672,0.570710245129,0.508191163105,0.400065383721,2,1.33333333333,0.546672273591,2,0,0,0,0,0.100353350353,37,30,30,0.810810810811,0,0.567567567568,0.027027027027,0.216216216216,37,172,0.129129129129,1.27627627628,9.2972972973,19.1111111111,5.73333333333,7.69149914901,0.827283338701,0.388749214331,9.47574745283,2.03838753346,0.815210559397,3.13772932952,0.674976658095,0.356065367693,0.517606089814,0.405559595078,2,1.28395061728,0.522809156452,2,0.118962174242,0.0577849117175,48,0.00617760617761,0.539326511788,37,36,36,0.972972972973,0,0.72972972973,0.0810810810811,0.162162162162,-44,-0.033033033033,-0.048048048048,-2.37837837838,-2.48888888889,-0.266666666667,-0.507599900599,0.125045688619,0.0786891542705,-0.853589176171,0.269010425712,0.0499452941313,0.0508978588185,0.146213859873,0.103312614941,-0.0623390251206,-0.0323581447708,0,-0.0403737070404,-0.0571359584824,0,0.106792048072,0.0518122154718,41,0.00527670527671,-0.0818700694084,0,-0.162162162162,0.135135135135,166,6,50,1110,0.768518518519,0.994623655914,0.00537634408602,0.231481481481,0.96511627907,0.768518518519,0.855670103093,0.838824699533,0.763142174432,0.747747747748,129,173,0,0,0,0
637,WLNM_dir_neg,0.892487219753,0.561544940269,00:00:03,10,20,21,1232383545,threshold_sweep,0.7,0.958333333333,0.664739884393,0.784982935154,115,5,58,341,0.664739884393,0.985549132948,0.014450867052,0.335260115607,0.958333333333,0.664739884393,0.784982935154,0.878612716763,0.589595375723,0.704225352113,0.727093813434,0.650289017341,216,43,173,0,216,0,43,0,173,37,216,0.162162162162,1.32432432432,11.6756756757,21.6,6,8.1990990496,0.702237650082,0.31006006006,10.329336629,1.76937710775,0.765265265265,3.0868314707,0.528762798222,0.252752752753,0.579945114934,0.437917739848,2,1.32432432432,0.579945114934,2,0.0121701261701,0.00597269624573,7,0.000900900900901,0.621196581197,37,37,37,1,0,0.72972972973,0.243243243243,0.027027027027,37,0.0322822822823,1.27027027027,2.32432432432,4.77777777778,1.95454545455,2.22428582863,0.956960182085,0.499057196732,2.38646080948,2.05346627793,0.820867379007,1.28048414267,1.10181193672,0.570710245129,0.508191163105,0.400065383721,2,1.33333333333,0.546672273591,2,0,0,0,0,0.100353350353,37,30,30,0.810810810811,0,0.567567567568,0.027027027027,0.216216216216,37,163,0.122372372372,1.27747407142,8.81081081081,18.1111111111,5.43333333333,7.3742714813,0.836957192663,0.405902835351,8.91147655635,2.02285050666,0.810479190847,3.33715996569,0.757514838839,0.393301276737,0.51961311707,0.406750421549,2,1.28518168452,0.524834394791,2,0.0960317460317,0.0586145648313,44,0.00566280566281,0.56656190203,37,36,36,0.972972972973,0,0.72972972973,0.0810810810811,0.162162162162,-53,-0.0397897897898,-0.0468502528994,-2.86486486486,-3.48888888889,-0.566666666667,-0.824827568307,0.134719542581,0.0958427752906,-1.41786007265,0.253473398911,0.045213925582,0.250328494991,0.228752040616,0.140548523984,-0.0603319978643,-0.0311673182993,0,-0.0391426398043,-0.0551107201439,0,0.0838616198616,0.0526418685855,37,0.0047619047619,-0.054634679167,0,-0.162162162162,0.135135135135,158,5,58,1111,0.731481481481,0.995519713262,0.00448028673835,0.268518518519,0.969325153374,0.731481481481,0.833773087071,0.817698196095,0.727001194743,0.714932126697,120,173,0,0,0,0
638,WLNM_dir_neg,0.892487219753,0.561544940269,00:00:03,10,20,21,1232383545,threshold_sweep,0.8,0.966386554622,0.664739884393,0.787671232877,115,4,58,342,0.664739884393,0.988439306358,0.0115606936416,0.335260115607,0.966386554622,0.664739884393,0.787671232877,0.880539499037,0.59023763648,0.708463949843,0.732470207614,0.653179190751,216,43,173,0,216,0,43,0,173,37,216,0.162162162162,1.32432432432,11.6756756757,21.6,6,8.1990990496,0.702237650082,0.31006006006,10.329336629,1.76937710775,0.765265265265,3.0868314707,0.528762798222,0.252752752753,0.579945114934,0.437917739848,2,1.32432432432,0.579945114934,2,0.0121701261701,0.00597269624573,7,0.000900900900901,0.621196581197,37,37,37,1,0,0.72972972973,0.243243243243,0.027027027027,37,0.0322822822823,1.27027027027,2.32432432432,4.77777777778,1.95454545455,2.22428582863,0.956960182085,0.499057196732,2.38646080948,2.05346627793,0.820867379007,1.28048414267,1.10181193672,0.570710245129,0.508191163105,0.400065383721,2,1.33333333333,0.546672273591,2,0,0,0,0,0.100353350353,37,30,30,0.810810810811,0,0.567567567568,0.027027027027,0.216216216216,37,162,0.121621621622,1.27625253712,8.75675675676,18,5.58620689655,7.26638151354,0.829802827163,0.403069736403,8.85485225221,2.02240452674,0.81014347681,3.36939947956,0.769554202122,0.399399399399,0.517587707664,0.405552735536,2,1.28392621871,0.522790805642,2,0.0482574189096,0.0299048482102,22,0.0028314028314,0.573273192849,37,36,36,0.972972972973,0,0.72972972973,0.0540540540541,0.189189189189,-54,-0.0405405405405,-0.0480717872022,-2.91891891892,-3.6,-0.413793103448,-0.932717536066,0.127565177082,0.093009676343,-1.47448437679,0.253027418993,0.0448782115449,0.282568008855,0.240791403899,0.146646646647,-0.0623574072703,-0.0323650043128,0,-0.0403981056155,-0.0571543092926,0,0.0360872927395,0.0239321519645,15,0.0019305019305,-0.0479233883478,0,-0.189189189189,0.162162162162,158,4,58,1112,0.731481481481,0.996415770609,0.00358422939068,0.268518518519,0.975308641975,0.731481481481,0.835978835979,0.820877996435,0.727897252091,0.718181818182,119,173,0,0,0,0
639,WLNM_dir_neg,0.892487219753,0.561544940269,00:00:03,10,20,21,1232383545,threshold_sweep,0.9,0.966101694915,0.658959537572,0.783505154639,114,4,59,342,0.658959537572,0.988439306358,0.0115606936416,0.341040462428,0.966101694915,0.658959537572,0.783505154639,0.878612716763,0.590879897238,0.703296703297,0.728148284293,0.647398843931,216,43,173,0,216,0,43,0,173,37,216,0.162162162162,1.32432432432,11.6756756757,21.6,6,8.1990990496,0.702237650082,0.31006006006,10.329336629,1.76937710775,0.765265265265,3.0868314707,0.528762798222,0.252752752753,0.579945114934,0.437917739848,2,1.32432432432,0.579945114934,2,0.0121701261701,0.00597269624573,7,0.000900900900901,0.621196581197,37,37,37,1,0,0.72972972973,0.243243243243,0.027027027027,37,0.0322822822823,1.27027027027,2.32432432432,4.77777777778,1.95454545455,2.22428582863,0.956960182085,0.499057196732,2.38646080948,2.05346627793,0.820867379007,1.28048414267,1.10181193672,0.570710245129,0.508191163105,0.400065383721,2,1.33333333333,0.546672273591,2,0,0,0,0,0.100353350353,37,30,30,0.810810810811,0,0.567567567568,0.027027027027,0.216216216216,37,161,0.120870870871,1.27625253712,8.7027027027,17.8888888889,5.55172413793,7.28722194005,0.837351589385,0.406076884338,8.85442832152,2.03486862047,0.811482289743,3.343453107,0.768371210924,0.397179788484,0.517587707664,0.405552735536,2,1.28392621871,0.522790805642,2,0.0486542443064,0.0300546448087,22,0.0028314028314,0.564483025242,37,36,36,0.972972972973,0,0.72972972973,0.0540540540541,0.189189189189,-55,-0.0412912912913,-0.0480717872022,-2.97297297297,-3.71111111111,-0.448275862069,-0.911877109551,0.135113939303,0.0960168242777,-1.47490830748,0.265491512728,0.0462170244779,0.256621636292,0.239608412702,0.144427035731,-0.0623574072703,-0.0323650043128,0,-0.0403981056155,-0.0571543092926,0,0.0364841181363,0.024081948563,15,0.0019305019305,-0.0567135559544,0,-0.189189189189,0.162162162162,157,4,59,1112,0.726851851852,0.996415770609,0.00358422939068,0.273148148148,0.975155279503,0.726851851852,0.832891246684,0.81783673011,0.723267622461,0.713636363636,118,173,0,0,0,0
640,WLNM_dir_neg,0.921388953857,0.661092080575,00:00:02,10,20,22,1232383546,threshold_sweep,0.1,0.845238095238,0.820809248555,0.83284457478,142,26,31,320,0.820809248555,0.924855491329,0.0751445086705,0.179190751445,0.845238095238,0.820809248555,0.83284457478,0.890173410405,0.558766859345,0.751091703057,0.751270799651,0.745664739884,216,43,173,0,216,0,43,0,173,37,216,0.162162162162,1.32432432432,11.6756756757,21.6,6,8.1990990496,0.702237650082,0.31006006006,10.329336629,1.76937710775,0.765265265265,3.0868314707,0.528762798222,0.252752752753,0.579945114934,0.437917739848,2,1.32432432432,0.579945114934,2,0.0121701261701,0.00597269624573,7,0.000900900900901,0.621196581197,37,37,37,1,0,0.72972972973,0.243243243243,0.027027027027,37,0.0322822822823,1.2972972973,2.32432432432,4.3,1.95454545455,2.33397674527,1.00415278575,0.500314267756,2.45530619853,2.11270533362,0.830923947203,1.30199661873,1.12032267193,0.5795097423,0.51987524491,0.400737167951,2,1.34482758621,0.552647011402,2,0,0,0,0,0.0860412427079,37,29,29,0.783783783784,0,0.567567567568,0.027027027027,0.243243243243,37,211,0.158408408408,1.83903503233,11.4054054054,8.79166666667,5.86111111111,7.91784012166,0.694218209719,0.34571538363,9.34185582581,1.63814533438,0.733444344819,3.55015543372,0.622539104492,0.326629947483,0.721740605941,0.392456148607,2.54861438798,1.83903503233,0.721740605941,2.54861438798,0.24587638943,0.170762052877,183,0.0235521235521,0.234401566778,37,37,37,1,0,0.351351351351,0.621621621622,0.027027027027,-5,-0.00375375375375,0.514710708005,-0.27027027027,-12.8083333333,-0.138888888889,-0.281258927943,-0.00801944036273,0.03565532357,-0.987480803187,-0.131231773361,-0.0318209204465,0.463323963021,0.0937763062695,0.0738771947303,0.141795491007,-0.0454615912414,0.548614387979,0.514710708005,0.141795491007,0.548614387979,0.233706263259,0.164789356631,176,0.0226512226512,-0.386795014419,-0.378378378378,0.378378378378,0,185,26,31,1090,0.856481481481,0.976702508961,0.0232974910394,0.143518518519,0.876777251185,0.856481481481,0.866510538642,0.841115924469,0.833183990442,0.764462809917,168,173,0,0,0,0
641,WLNM_dir_neg,0.921388953857,0.661092080575,00:00:02,10,20,22,1232383546,threshold_sweep,0.2,0.855421686747,0.820809248555,0.837758112094,142,24,31,322,0.820809248555,0.93063583815,0.0693641618497,0.179190751445,0.855421686747,0.820809248555,0.837758112094,0.894026974952,0.560051380861,0.759124087591,0.759481069726,0.751445086705,216,43,173,0,216,0,43,0,173,37,216,0.162162162162,1.32432432432,11.6756756757,21.6,6,8.1990990496,0.702237650082,0.31006006006,10.329336629,1.76937710775,0.765265265265,3.0868314707,0.528762798222,0.252752752753,0.579945114934,0.437917739848,2,1.32432432432,0.579945114934,2,0.0121701261701,0.00597269624573,7,0.000900900900901,0.621196581197,37,37,37,1,0,0.72972972973,0.243243243243,0.027027027027,37,0.0322822822823,1.2972972973,2.32432432432,4.3,1.95454545455,2.33397674527,1.00415278575,0.500314267756,2.45530619853,2.11270533362,0.830923947203,1.30199661873,1.12032267193,0.5795097423,0.51987524491,0.400737167951,2,1.34482758621,0.552647011402,2,0,0,0,0,0.0860412427079,37,29,29,0.783783783784,0,0.567567567568,0.027027027027,0.243243243243,37,209,0.156906906907,1.83903503233,11.2972972973,8.70833333333,5.80555555556,7.98562898401,0.706861895714,0.351739299108,9.36665544547,1.65821172958,0.737100737101,3.49774702262,0.619218372425,0.321479374111,0.721740605941,0.392456148607,2.54861438798,1.83903503233,0.721740605941,2.54861438798,0.241771716359,0.168285803823,179,0.0230373230373,0.25145783311,37,37,37,1,0,0.351351351351,0.621621621622,0.027027027027,-7,-0.00525525525526,0.514710708005,-0.378378378378,-12.8916666667,-0.194444444444,-0.213470065594,0.00462424563199,0.0416792390477,-0.962681183525,-0.111165378164,-0.0281645281645,0.410915551914,0.0904555742028,0.0687266213582,0.141795491007,-0.0454615912414,0.548614387979,0.514710708005,0.141795491007,0.548614387979,0.229601590189,0.162313107578,172,0.0221364221364,-0.369738748087,-0.378378378378,0.378378378378,0,185,24,31,1092,0.856481481481,0.978494623656,0.0215053763441,0.143518518519,0.885167464115,0.856481481481,0.870588235294,0.84619411175,0.834976105137,0.770833333333,166,173,0,0,0,0
642,WLNM_dir_neg,0.921388953857,0.661092080575,00:00:02,10,20,22,1232383546,threshold_sweep,0.3,0.854545454545,0.815028901734,0.834319526627,141,24,32,322,0.815028901734,0.93063583815,0.0693641618497,0.184971098266,0.854545454545,0.815028901734,0.834319526627,0.892100192678,0.560693641618,0.754385964912,0.754850774547,0.745664739884,216,43,173,0,216,0,43,0,173,37,216,0.162162162162,1.32432432432,11.6756756757,21.6,6,8.1990990496,0.702237650082,0.31006006006,10.329336629,1.76937710775,0.765265265265,3.0868314707,0.528762798222,0.252752752753,0.579945114934,0.437917739848,2,1.32432432432,0.579945114934,2,0.0121701261701,0.00597269624573,7,0.000900900900901,0.621196581197,37,37,37,1,0,0.72972972973,0.243243243243,0.027027027027,37,0.0322822822823,1.2972972973,2.32432432432,4.3,1.95454545455,2.33397674527,1.00415278575,0.500314267756,2.45530619853,2.11270533362,0.830923947203,1.30199661873,1.12032267193,0.5795097423,0.51987524491,0.400737167951,2,1.34482758621,0.552647011402,2,0,0,0,0,0.0860412427079,37,29,29,0.783783783784,0,0.567567567568,0.027027027027,0.243243243243,37,208,0.156156156156,1.83675678439,11.2432432432,8.66666666667,5.77777777778,7.98750901723,0.710427484705,0.351871101871,9.35518677096,1.6641438006,0.737785862786,3.48290548689,0.619555302957,0.320686070686,0.719526628337,0.391737563977,2.54018929534,1.83675678439,0.719526628337,2.54018929534,0.240924421547,0.165615141956,175,0.0225225225225,0.250988381734,37,37,37,1,0,0.351351351351,0.621621621622,0.027027027027,-8,-0.00600600600601,0.512432460069,-0.432432432432,-12.9333333333,-0.222222222222,-0.211590032376,0.00818983462352,0.041811041811,-0.974149858041,-0.105233307142,-0.0274794024794,0.396074016189,0.0907925047345,0.0679333179333,0.139581513403,-0.046180175871,0.540189295336,0.512432460069,0.139581513403,0.540189295336,0.228754295376,0.15964244571,168,0.0216216216216,-0.370208199462,-0.378378378378,0.378378378378,0,184,24,32,1092,0.851851851852,0.978494623656,0.0215053763441,0.148148148148,0.884615384615,0.851851851852,0.867924528302,0.843147383015,0.830346475508,0.766666666667,165,173,0,0,0,0
643,WLNM_dir_neg,0.921388953857,0.661092080575,00:00:02,10,20,22,1232383546,threshold_sweep,0.4,0.841059602649,0.734104046243,0.783950617284,127,24,46,322,0.734104046243,0.93063583815,0.0693641618497,0.265895953757,0.841059602649,0.734104046243,0.783950617284,0.865125240848,0.569685292229,0.686567164179,0.689922732981,0.664739884393,216,43,173,0,216,0,43,0,173,37,216,0.162162162162,1.32432432432,11.6756756757,21.6,6,8.1990990496,0.702237650082,0.31006006006,10.329336629,1.76937710775,0.765265265265,3.0868314707,0.528762798222,0.252752752753,0.579945114934,0.437917739848,2,1.32432432432,0.579945114934,2,0.0121701261701,0.00597269624573,7,0.000900900900901,0.621196581197,37,37,37,1,0,0.72972972973,0.243243243243,0.027027027027,37,0.0322822822823,1.2972972973,2.32432432432,4.3,1.95454545455,2.33397674527,1.00415278575,0.500314267756,2.45530619853,2.11270533362,0.830923947203,1.30199661873,1.12032267193,0.5795097423,0.51987524491,0.400737167951,2,1.34482758621,0.552647011402,2,0,0,0,0,0.0860412427079,37,29,29,0.783783783784,0,0.567567567568,0.027027027027,0.243243243243,37,194,0.145645645646,1.82300116967,10.4864864865,8.08333333333,6.0625,7.62532921556,0.727157682927,0.365422123154,9.39090992339,1.79104983075,0.754249094455,3.89019712015,0.741944811575,0.39119531903,0.69169021809,0.379423902518,2.56,1.82300116967,0.69169021809,2.56,0.225721229669,0.16899930021,161,0.0207207207207,0.247844499837,37,37,37,1,0,0.351351351351,0.513513513514,0.135135135135,-22,-0.0165165165165,0.498676845344,-1.18918918919,-13.5166666667,0.0625,-0.573769834046,0.0249200328451,0.055362063094,-0.938426705612,0.021672723004,-0.01101617081,0.803365649447,0.213182013353,0.138442566278,0.111745103155,-0.0584938373307,0.56,0.498676845344,0.111745103155,0.56,0.213551103498,0.163026603964,154,0.0198198198198,-0.373352081359,-0.378378378378,0.27027027027,0.108108108108,170,24,46,1092,0.787037037037,0.978494623656,0.0215053763441,0.212962962963,0.876288659794,0.787037037037,0.829268292683,0.799926590974,0.765531660693,0.708333333333,151,173,0,0,0,0
644,WLNM_dir_neg,0.921388953857,0.661092080575,00:00:02,10,20,22,1232383546,threshold_sweep,0.5,0.846666666667,0.734104046243,0.786377708978,127,23,46,323,0.734104046243,0.933526011561,0.0664739884393,0.265895953757,0.846666666667,0.734104046243,0.786377708978,0.867052023121,0.570327552987,0.690582959641,0.694285618694,0.667630057803,216,43,173,0,216,0,43,0,173,37,216,0.162162162162,1.32432432432,11.6756756757,21.6,6,8.1990990496,0.702237650082,0.31006006006,10.329336629,1.76937710775,0.765265265265,3.0868314707,0.528762798222,0.252752752753,0.579945114934,0.437917739848,2,1.32432432432,0.579945114934,2,0.0121701261701,0.00597269624573,7,0.000900900900901,0.621196581197,37,37,37,1,0,0.72972972973,0.243243243243,0.027027027027,37,0.0322822822823,1.2972972973,2.32432432432,4.3,1.95454545455,2.33397674527,1.00415278575,0.500314267756,2.45530619853,2.11270533362,0.830923947203,1.30199661873,1.12032267193,0.5795097423,0.51987524491,0.400737167951,2,1.34482758621,0.552647011402,2,0,0,0,0,0.0860412427079,37,29,29,0.783783783784,0,0.567567567568,0.027027027027,0.243243243243,37,193,0.144894894895,1.82211544878,10.4324324324,8.04166666667,6.03125,7.56284977351,0.724936377254,0.363954628203,9.33075897572,1.78879835286,0.753956028567,3.90964004549,0.749516485404,0.395182747514,0.690755987821,0.379095621127,2.56,1.82211544878,0.690755987821,2.56,0.216657705605,0.161644806806,152,0.0195624195624,0.248152433986,37,37,37,1,0,0.351351351351,0.513513513514,0.135135135135,-23,-0.0172672672673,0.497791124458,-1.24324324324,-13.5583333333,0.03125,-0.636249276093,0.0226987271718,0.0538945681433,-0.998577653275,0.0194212451138,-0.0113092366978,0.822808574784,0.220753687182,0.142429994762,0.110810872887,-0.0588221187213,0.56,0.497791124458,0.110810872887,0.56,0.204487579435,0.15567211056,145,0.0186615186615,-0.373044147211,-0.378378378378,0.27027027027,0.108108108108,170,23,46,1093,0.787037037037,0.979390681004,0.0206093189964,0.212962962963,0.880829015544,0.787037037037,0.831295843521,0.802582450422,0.766427718041,0.71129707113,150,173,0,0,0,0
645,WLNM_dir_neg,0.921388953857,0.661092080575,00:00:02,10,20,22,1232383546,threshold_sweep,0.6,0.846666666667,0.734104046243,0.786377708978,127,23,46,323,0.734104046243,0.933526011561,0.0664739884393,0.265895953757,0.846666666667,0.734104046243,0.786377708978,0.867052023121,0.570327552987,0.690582959641,0.694285618694,0.667630057803,216,43,173,0,216,0,43,0,173,37,216,0.162162162162,1.32432432432,11.6756756757,21.6,6,8.1990990496,0.702237650082,0.31006006006,10.329336629,1.76937710775,0.765265265265,3.0868314707,0.528762798222,0.252752752753,0.579945114934,0.437917739848,2,1.32432432432,0.579945114934,2,0.0121701261701,0.00597269624573,7,0.000900900900901,0.621196581197,37,37,37,1,0,0.72972972973,0.243243243243,0.027027027027,37,0.0322822822823,1.2972972973,2.32432432432,4.3,1.95454545455,2.33397674527,1.00415278575,0.500314267756,2.45530619853,2.11270533362,0.830923947203,1.30199661873,1.12032267193,0.5795097423,0.51987524491,0.400737167951,2,1.34482758621,0.552647011402,2,0,0,0,0,0.0860412427079,37,29,29,0.783783783784,0,0.567567567568,0.027027027027,0.243243243243,37,193,0.144894894895,1.82211544878,10.4324324324,8.04166666667,6.03125,7.56284977351,0.724936377254,0.363954628203,9.33075897572,1.78879835286,0.753956028567,3.90964004549,0.749516485404,0.395182747514,0.690755987821,0.379095621127,2.56,1.82211544878,0.690755987821,2.56,0.216657705605,0.161644806806,152,0.0195624195624,0.248152433986,37,37,37,1,0,0.351351351351,0.513513513514,0.135135135135,-23,-0.0172672672673,0.497791124458,-1.24324324324,-13.5583333333,0.03125,-0.636249276093,0.0226987271718,0.0538945681433,-0.998577653275,0.0194212451138,-0.0113092366978,0.822808574784,0.220753687182,0.142429994762,0.110810872887,-0.0588221187213,0.56,0.497791124458,0.110810872887,0.56,0.204487579435,0.15567211056,145,0.0186615186615,-0.373044147211,-0.378378378378,0.27027027027,0.108108108108,170,23,46,1093,0.787037037037,0.979390681004,0.0206093189964,0.212962962963,0.880829015544,0.787037037037,0.831295843521,0.802582450422,0.766427718041,0.71129707113,150,173,0,0,0,0
646,WLNM_dir_neg,0.921388953857,0.661092080575,00:00:02,10,20,22,1232383546,threshold_sweep,0.7,0.858108108108,0.734104046243,0.791277258567,127,21,46,325,0.734104046243,0.939306358382,0.0606936416185,0.265895953757,0.858108108108,0.734104046243,0.791277258567,0.870905587669,0.571612074502,0.698650674663,0.7031097344,0.673410404624,216,43,173,0,216,0,43,0,173,37,216,0.162162162162,1.32432432432,11.6756756757,21.6,6,8.1990990496,0.702237650082,0.31006006006,10.329336629,1.76937710775,0.765265265265,3.0868314707,0.528762798222,0.252752752753,0.579945114934,0.437917739848,2,1.32432432432,0.579945114934,2,0.0121701261701,0.00597269624573,7,0.000900900900901,0.621196581197,37,37,37,1,0,0.72972972973,0.243243243243,0.027027027027,37,0.0322822822823,1.2972972973,2.32432432432,4.3,1.95454545455,2.33397674527,1.00415278575,0.500314267756,2.45530619853,2.11270533362,0.830923947203,1.30199661873,1.12032267193,0.5795097423,0.51987524491,0.400737167951,2,1.34482758621,0.552647011402,2,0,0,0,0,0.0860412427079,37,29,29,0.783783783784,0,0.567567567568,0.027027027027,0.243243243243,37,191,0.143393393393,1.7842709376,10.3243243243,8.30434782609,6.16129032258,7.46121100557,0.722682741377,0.362671572096,9.29908452338,1.80139333699,0.759586811943,3.8694925989,0.749587571515,0.397905759162,0.690642594559,0.387072714128,2.52,1.7842709376,0.690642594559,2.52,0.186206849365,0.136165577342,125,0.0160875160875,0.244423032684,37,37,37,1,0,0.378378378378,0.459459459459,0.162162162162,-25,-0.0187687687688,0.45994661328,-1.35135135135,-13.2956521739,0.161290322581,-0.737888044032,0.0204450912955,0.0526115120356,-1.03025210562,0.0320162292446,-0.00567845332243,0.7826611282,0.220824773293,0.14515300641,0.110697479624,-0.0508450257201,0.52,0.45994661328,0.110697479624,0.52,0.174036723195,0.130192881096,118,0.0151866151866,-0.376773548513,-0.351351351351,0.216216216216,0.135135135135,170,21,46,1095,0.787037037037,0.981182795699,0.0188172043011,0.212962962963,0.890052356021,0.787037037037,0.835380835381,0.807950924029,0.768219832736,0.717299578059,148,173,0,0,0,0
647,WLNM_dir_neg,0.921388953857,0.661092080575,00:00:02,10,20,22,1232383546,threshold_sweep,0.8,0.857142857143,0.728323699422,0.7875,126,21,47,325,0.728323699422,0.939306358382,0.0606936416185,0.271676300578,0.857142857143,0.728323699422,0.7875,0.868978805395,0.57225433526,0.693693693694,0.698500698501,0.667630057803,216,43,173,0,216,0,43,0,173,37,216,0.162162162162,1.32432432432,11.6756756757,21.6,6,8.1990990496,0.702237650082,0.31006006006,10.329336629,1.76937710775,0.765265265265,3.0868314707,0.528762798222,0.252752752753,0.579945114934,0.437917739848,2,1.32432432432,0.579945114934,2,0.0121701261701,0.00597269624573,7,0.000900900900901,0.621196581197,37,37,37,1,0,0.72972972973,0.243243243243,0.027027027027,37,0.0322822822823,1.2972972973,2.32432432432,4.3,1.95454545455,2.33397674527,1.00415278575,0.500314267756,2.45530619853,2.11270533362,0.830923947203,1.30199661873,1.12032267193,0.5795097423,0.51987524491,0.400737167951,2,1.34482758621,0.552647011402,2,0,0,0,0,0.0860412427079,37,29,29,0.783783783784,0,0.567567567568,0.027027027027,0.243243243243,37,190,0.142642642643,1.78185185185,10.2702702703,8.26086956522,6.12903225806,7.46714525493,0.727064143243,0.362446657183,9.28906813339,1.8089237944,0.760455192034,3.85257606574,0.750238497013,0.397155049787,0.68875038455,0.386536279003,2.52,1.78185185185,0.68875038455,2.52,0.185965099123,0.133771929825,122,0.0157014157014,0.244005205744,37,37,37,1,0,0.378378378378,0.459459459459,0.162162162162,-26,-0.0195195195195,0.457527527528,-1.40540540541,-13.3391304348,0.129032258065,-0.731953794672,0.0248264931615,0.0523865971234,-1.04026849561,0.0395466866519,-0.00481007323113,0.76574459504,0.221475698791,0.144402297034,0.108805269616,-0.0513814608451,0.52,0.457527527528,0.108805269616,0.52,0.173794972953,0.127799233579,115,0.0148005148005,-0.377191375452,-0.351351351351,0.216216216216,0.135135135135,169,21,47,1095,0.782407407407,0.981182795699,0.0188172043011,0.217592592593,0.889473684211,0.782407407407,0.832512315271,0.804839843956,0.763590203106,0.713080168776,147,173,0,0,0,0
648,WLNM_dir_neg,0.921388953857,0.661092080575,00:00:02,10,20,22,1232383546,threshold_sweep,0.9,0.9,0.728323699422,0.805111821086,126,14,47,332,0.728323699422,0.959537572254,0.0404624277457,0.271676300578,0.9,0.728323699422,0.805111821086,0.88246628131,0.576750160565,0.722306525038,0.730597760106,0.687861271676,216,43,173,0,216,0,43,0,173,37,216,0.162162162162,1.32432432432,11.6756756757,21.6,6,8.1990990496,0.702237650082,0.31006006006,10.329336629,1.76937710775,0.765265265265,3.0868314707,0.528762798222,0.252752752753,0.579945114934,0.437917739848,2,1.32432432432,0.579945114934,2,0.0121701261701,0.00597269624573,7,0.000900900900901,0.621196581197,37,37,37,1,0,0.72972972973,0.243243243243,0.027027027027,37,0.0322822822823,1.2972972973,2.32432432432,4.3,1.95454545455,2.33397674527,1.00415278575,0.500314267756,2.45530619853,2.11270533362,0.830923947203,1.30199661873,1.12032267193,0.5795097423,0.51987524491,0.400737167951,2,1.34482758621,0.552647011402,2,0,0,0,0,0.0860412427079,37,29,29,0.783783783784,0,0.567567567568,0.027027027027,0.243243243243,37,183,0.137387387387,1.54148148148,9.89189189189,10.7647058824,5.90322580645,7.54535833691,0.762782126956,0.371437010781,9.38067145768,1.89663849144,0.789248264658,3.51145700961,0.70996671779,0.377196869,0.632946902683,0.410609475551,2.32,1.54148148148,0.632946902683,2.32,0.150430293739,0.100648112848,88,0.0113256113256,0.321744370825,37,37,37,1,0,0.540540540541,0.297297297297,0.162162162162,-33,-0.0247747747748,0.217157157157,-1.78378378378,-10.8352941176,-0.0967741935484,-0.653740712691,0.0605444768739,0.0613769507212,-0.948665171316,0.127261383699,0.0239829993928,0.424625538905,0.181203919567,0.124444116247,0.0530017877487,-0.0273082642972,0.32,0.217157157157,0.0530017877487,0.32,0.138260167568,0.0946754166022,81,0.0104247104247,-0.299452210371,-0.189189189189,0.0540540540541,0.135135135135,169,14,47,1102,0.782407407407,0.987455197133,0.0125448028674,0.217592592593,0.92349726776,0.782407407407,0.847117794486,0.824302540424,0.76986260454,0.734782608696,140,173,0,0,0,0
649,WLNM_dir_neg,0.972643589829,0.378929962674,00:00:03,10,20,23,1232383547,threshold_sweep,0.1,0.943262411348,0.768786127168,0.847133757962,133,8,40,338,0.768786127168,0.976878612717,0.0231213872832,0.231213872832,0.943262411348,0.768786127168,0.847133757962,0.907514450867,0.576107899807,0.781818181818,0.790222246535,0.745664739884,216,43,173,0,216,0,43,0,173,37,216,0.162162162162,1.32432432432,11.6756756757,21.6,6,8.1990990496,0.702237650082,0.31006006006,10.329336629,1.76937710775,0.765265265265,3.0868314707,0.528762798222,0.252752752753,0.579945114934,0.437917739848,2,1.32432432432,0.579945114934,2,0.0121701261701,0.00597269624573,7,0.000900900900901,0.621196581197,37,37,37,1,0,0.72972972973,0.243243243243,0.027027027027,37,0.0322822822823,1.27027027027,2.32432432432,4.77777777778,2.04761904762,2.05553526489,0.884358195362,0.48460087995,2.23001636159,1.91885128788,0.79949717159,1.32315938222,1.13853249168,0.595851665619,0.508191163105,0.400065383721,2,1.34482758621,0.552647011402,2,0,0,0,0,0.108976671477,37,29,29,0.783783783784,0,0.540540540541,0.027027027027,0.216216216216,37,184,0.138138138138,1.28015387182,9.94594594595,20.4444444444,5.75,7.92655854267,0.796963766518,0.391891891892,9.65656508544,1.94180928348,0.799353701528,3.27012135764,0.657578751265,0.349588719154,0.525783485803,0.410718974786,2.05,1.28793592382,0.531076306007,2.05,0.206125028613,0.146921137919,136,0.0175032175032,0.604222482498,37,36,36,0.972972972973,0,0.72972972973,0.135135135135,0.108108108108,-32,-0.024024024024,-0.0441704525038,-1.72972972973,-1.15555555556,-0.25,-0.272540506937,0.0947261164363,0.0818318318318,-0.672771543564,0.172432175739,0.0340884362623,0.183289886936,0.128815953042,0.0968359664012,-0.0541616291314,-0.027198765062,0.05,-0.0363884005088,-0.0488688089277,0.05,0.193954902443,0.140948441673,129,0.0166023166023,-0.0169740986982,0,-0.108108108108,0.0810810810811,176,8,40,1108,0.814814814815,0.992831541219,0.00716845878136,0.185185185185,0.95652173913,0.814814814815,0.88,0.862780568314,0.807646356033,0.785714285714,141,173,0,0,0,0
650,WLNM_dir_neg,0.972643589829,0.378929962674,00:00:03,10,20,23,1232383547,threshold_sweep,0.2,0.95,0.768786127168,0.849840255591,133,7,40,339,0.768786127168,0.979768786127,0.0202312138728,0.231213872832,0.95,0.768786127168,0.849840255591,0.909441233141,0.576750160565,0.786039453718,0.79506226835,0.748554913295,216,43,173,0,216,0,43,0,173,37,216,0.162162162162,1.32432432432,11.6756756757,21.6,6,8.1990990496,0.702237650082,0.31006006006,10.329336629,1.76937710775,0.765265265265,3.0868314707,0.528762798222,0.252752752753,0.579945114934,0.437917739848,2,1.32432432432,0.579945114934,2,0.0121701261701,0.00597269624573,7,0.000900900900901,0.621196581197,37,37,37,1,0,0.72972972973,0.243243243243,0.027027027027,37,0.0322822822823,1.27027027027,2.32432432432,4.77777777778,2.04761904762,2.05553526489,0.884358195362,0.48460087995,2.23001636159,1.91885128788,0.79949717159,1.32315938222,1.13853249168,0.595851665619,0.508191163105,0.400065383721,2,1.34482758621,0.552647011402,2,0,0,0,0,0.108976671477,37,29,29,0.783783783784,0,0.540540540541,0.027027027027,0.216216216216,37,183,0.137387387387,1.27875054542,9.89189189189,20.3333333333,5.90322580645,7.83433959418,0.791996079193,0.390045783488,9.61464723437,1.94394506924,0.800177226407,3.30778497509,0.668787126111,0.355338945503,0.523731688602,0.409565173191,2.05,1.28649361612,0.529008654736,2.05,0.182344014306,0.129575402635,118,0.0151866151866,0.610860542294,37,36,36,0.972972972973,0,0.72972972973,0.108108108108,0.135135135135,-33,-0.0247747747748,-0.0455737789071,-1.78378378378,-1.26666666667,-0.0967741935484,-0.364759455428,0.0897584291108,0.0799857234283,-0.714689394626,0.1745679615,0.0349119611415,0.220953504388,0.140024327889,0.10258619275,-0.0562134263328,-0.0283525666577,0.05,-0.0378307082011,-0.0509364601987,0.05,0.170173888136,0.12360270639,111,0.0142857142857,-0.0103360389023,0,-0.135135135135,0.108108108108,176,7,40,1109,0.814814814815,0.993727598566,0.00627240143369,0.185185185185,0.96174863388,0.814814814815,0.882205513784,0.86571754682,0.808542413381,0.789237668161,140,173,0,0,0,0
651,WLNM_dir_neg,0.972643589829,0.378929962674,00:00:03,10,20,23,1232383547,threshold_sweep,0.3,0.95,0.768786127168,0.849840255591,133,7,40,339,0.768786127168,0.979768786127,0.0202312138728,0.231213872832,0.95,0.768786127168,0.849840255591,0.909441233141,0.576750160565,0.786039453718,0.79506226835,0.748554913295,216,43,173,0,216,0,43,0,173,37,216,0.162162162162,1.32432432432,11.6756756757,21.6,6,8.1990990496,0.702237650082,0.31006006006,10.329336629,1.76937710775,0.765265265265,3.0868314707,0.528762798222,0.252752752753,0.579945114934,0.437917739848,2,1.32432432432,0.579945114934,2,0.0121701261701,0.00597269624573,7,0.000900900900901,0.621196581197,37,37,37,1,0,0.72972972973,0.243243243243,0.027027027027,37,0.0322822822823,1.27027027027,2.32432432432,4.77777777778,2.04761904762,2.05553526489,0.884358195362,0.48460087995,2.23001636159,1.91885128788,0.79949717159,1.32315938222,1.13853249168,0.595851665619,0.508191163105,0.400065383721,2,1.34482758621,0.552647011402,2,0,0,0,0,0.108976671477,37,29,29,0.783783783784,0,0.540540540541,0.027027027027,0.216216216216,37,183,0.137387387387,1.27875054542,9.89189189189,20.3333333333,5.90322580645,7.83433959418,0.791996079193,0.390045783488,9.61464723437,1.94394506924,0.800177226407,3.30778497509,0.668787126111,0.355338945503,0.523731688602,0.409565173191,2.05,1.28649361612,0.529008654736,2.05,0.182344014306,0.129575402635,118,0.0151866151866,0.610860542294,37,36,36,0.972972972973,0,0.72972972973,0.108108108108,0.135135135135,-33,-0.0247747747748,-0.0455737789071,-1.78378378378,-1.26666666667,-0.0967741935484,-0.364759455428,0.0897584291108,0.0799857234283,-0.714689394626,0.1745679615,0.0349119611415,0.220953504388,0.140024327889,0.10258619275,-0.0562134263328,-0.0283525666577,0.05,-0.0378307082011,-0.0509364601987,0.05,0.170173888136,0.12360270639,111,0.0142857142857,-0.0103360389023,0,-0.135135135135,0.108108108108,176,7,40,1109,0.814814814815,0.993727598566,0.00627240143369,0.185185185185,0.96174863388,0.814814814815,0.882205513784,0.86571754682,0.808542413381,0.789237668161,140,173,0,0,0,0
652,WLNM_dir_neg,0.972643589829,0.378929962674,00:00:03,10,20,23,1232383547,threshold_sweep,0.4,0.95,0.768786127168,0.849840255591,133,7,40,339,0.768786127168,0.979768786127,0.0202312138728,0.231213872832,0.95,0.768786127168,0.849840255591,0.909441233141,0.576750160565,0.786039453718,0.79506226835,0.748554913295,216,43,173,0,216,0,43,0,173,37,216,0.162162162162,1.32432432432,11.6756756757,21.6,6,8.1990990496,0.702237650082,0.31006006006,10.329336629,1.76937710775,0.765265265265,3.0868314707,0.528762798222,0.252752752753,0.579945114934,0.437917739848,2,1.32432432432,0.579945114934,2,0.0121701261701,0.00597269624573,7,0.000900900900901,0.621196581197,37,37,37,1,0,0.72972972973,0.243243243243,0.027027027027,37,0.0322822822823,1.27027027027,2.32432432432,4.77777777778,2.04761904762,2.05553526489,0.884358195362,0.48460087995,2.23001636159,1.91885128788,0.79949717159,1.32315938222,1.13853249168,0.595851665619,0.508191163105,0.400065383721,2,1.34482758621,0.552647011402,2,0,0,0,0,0.108976671477,37,29,29,0.783783783784,0,0.540540540541,0.027027027027,0.216216216216,37,183,0.137387387387,1.27875054542,9.89189189189,20.3333333333,5.90322580645,7.83433959418,0.791996079193,0.390045783488,9.61464723437,1.94394506924,0.800177226407,3.30778497509,0.668787126111,0.355338945503,0.523731688602,0.409565173191,2.05,1.28649361612,0.529008654736,2.05,0.182344014306,0.129575402635,118,0.0151866151866,0.610860542294,37,36,36,0.972972972973,0,0.72972972973,0.108108108108,0.135135135135,-33,-0.0247747747748,-0.0455737789071,-1.78378378378,-1.26666666667,-0.0967741935484,-0.364759455428,0.0897584291108,0.0799857234283,-0.714689394626,0.1745679615,0.0349119611415,0.220953504388,0.140024327889,0.10258619275,-0.0562134263328,-0.0283525666577,0.05,-0.0378307082011,-0.0509364601987,0.05,0.170173888136,0.12360270639,111,0.0142857142857,-0.0103360389023,0,-0.135135135135,0.108108108108,176,7,40,1109,0.814814814815,0.993727598566,0.00627240143369,0.185185185185,0.96174863388,0.814814814815,0.882205513784,0.86571754682,0.808542413381,0.789237668161,140,173,0,0,0,0
653,WLNM_dir_neg,0.972643589829,0.378929962674,00:00:03,10,20,23,1232383547,threshold_sweep,0.5,0.954887218045,0.734104046243,0.830065359477,127,6,46,340,0.734104046243,0.982658959538,0.0173410404624,0.265895953757,0.954887218045,0.734104046243,0.830065359477,0.899807321773,0.58124598587,0.760736196319,0.773957672981,0.71676300578,216,43,173,0,216,0,43,0,173,37,216,0.162162162162,1.32432432432,11.6756756757,21.6,6,8.1990990496,0.702237650082,0.31006006006,10.329336629,1.76937710775,0.765265265265,3.0868314707,0.528762798222,0.252752752753,0.579945114934,0.437917739848,2,1.32432432432,0.579945114934,2,0.0121701261701,0.00597269624573,7,0.000900900900901,0.621196581197,37,37,37,1,0,0.72972972973,0.243243243243,0.027027027027,37,0.0322822822823,1.27027027027,2.32432432432,4.77777777778,2.04761904762,2.05553526489,0.884358195362,0.48460087995,2.23001636159,1.91885128788,0.79949717159,1.32315938222,1.13853249168,0.595851665619,0.508191163105,0.400065383721,2,1.34482758621,0.552647011402,2,0,0,0,0,0.108976671477,37,29,29,0.783783783784,0,0.540540540541,0.027027027027,0.216216216216,37,176,0.132132132132,1.27913351948,9.51351351351,19.5555555556,5.86666666667,7.67977727405,0.807249315738,0.403562653563,9.25084201995,1.94477928829,0.800368550369,3.41081128672,0.717045554595,0.379606879607,0.524307516147,0.409892718908,2.05,1.29508400631,0.534998782273,2.05,0.214158515594,0.13828125,118,0.0151866151866,0.620779536779,37,35,35,0.945945945946,0,0.702702702703,0.108108108108,0.135135135135,-40,-0.03003003003,-0.0451908048399,-2.16216216216,-2.04444444444,-0.133333333333,-0.519321775557,0.105011665656,0.0935025935026,-1.07849460905,0.17540218054,0.0351032851033,0.323979816019,0.188282756373,0.126854126854,-0.0556375987872,-0.0280250209409,0.05,-0.0292403180122,-0.0449463326616,0.05,0.201988389424,0.132308553754,111,0.0142857142857,-0.000417044417347,-0.027027027027,-0.135135135135,0.108108108108,170,6,46,1110,0.787037037037,0.994623655914,0.00537634408602,0.212962962963,0.965909090909,0.787037037037,0.867346938776,0.850828434002,0.781660692951,0.765765765766,133,173,0,0,0,0
654,WLNM_dir_neg,0.972643589829,0.378929962674,00:00:03,10,20,23,1232383547,threshold_sweep,0.6,0.954887218045,0.734104046243,0.830065359477,127,6,46,340,0.734104046243,0.982658959538,0.0173410404624,0.265895953757,0.954887218045,0.734104046243,0.830065359477,0.899807321773,0.58124598587,0.760736196319,0.773957672981,0.71676300578,216,43,173,0,216,0,43,0,173,37,216,0.162162162162,1.32432432432,11.6756756757,21.6,6,8.1990990496,0.702237650082,0.31006006006,10.329336629,1.76937710775,0.765265265265,3.0868314707,0.528762798222,0.252752752753,0.579945114934,0.437917739848,2,1.32432432432,0.579945114934,2,0.0121701261701,0.00597269624573,7,0.000900900900901,0.621196581197,37,37,37,1,0,0.72972972973,0.243243243243,0.027027027027,37,0.0322822822823,1.27027027027,2.32432432432,4.77777777778,2.04761904762,2.05553526489,0.884358195362,0.48460087995,2.23001636159,1.91885128788,0.79949717159,1.32315938222,1.13853249168,0.595851665619,0.508191163105,0.400065383721,2,1.34482758621,0.552647011402,2,0,0,0,0,0.108976671477,37,29,29,0.783783783784,0,0.540540540541,0.027027027027,0.216216216216,37,176,0.132132132132,1.27913351948,9.51351351351,19.5555555556,5.86666666667,7.67977727405,0.807249315738,0.403562653563,9.25084201995,1.94477928829,0.800368550369,3.41081128672,0.717045554595,0.379606879607,0.524307516147,0.409892718908,2.05,1.29508400631,0.534998782273,2.05,0.214158515594,0.13828125,118,0.0151866151866,0.620779536779,37,35,35,0.945945945946,0,0.702702702703,0.108108108108,0.135135135135,-40,-0.03003003003,-0.0451908048399,-2.16216216216,-2.04444444444,-0.133333333333,-0.519321775557,0.105011665656,0.0935025935026,-1.07849460905,0.17540218054,0.0351032851033,0.323979816019,0.188282756373,0.126854126854,-0.0556375987872,-0.0280250209409,0.05,-0.0292403180122,-0.0449463326616,0.05,0.201988389424,0.132308553754,111,0.0142857142857,-0.000417044417347,-0.027027027027,-0.135135135135,0.108108108108,170,6,46,1110,0.787037037037,0.994623655914,0.00537634408602,0.212962962963,0.965909090909,0.787037037037,0.867346938776,0.850828434002,0.781660692951,0.765765765766,133,173,0,0,0,0
655,WLNM_dir_neg,0.972643589829,0.378929962674,00:00:03,10,20,23,1232383547,threshold_sweep,0.7,0.952755905512,0.699421965318,0.806666666667,121,6,52,340,0.699421965318,0.982658959538,0.0173410404624,0.300578034682,0.952755905512,0.699421965318,0.806666666667,0.888246628131,0.585099550417,0.730650154799,0.747914772222,0.682080924855,216,43,173,0,216,0,43,0,173,37,216,0.162162162162,1.32432432432,11.6756756757,21.6,6,8.1990990496,0.702237650082,0.31006006006,10.329336629,1.76937710775,0.765265265265,3.0868314707,0.528762798222,0.252752752753,0.579945114934,0.437917739848,2,1.32432432432,0.579945114934,2,0.0121701261701,0.00597269624573,7,0.000900900900901,0.621196581197,37,37,37,1,0,0.72972972973,0.243243243243,0.027027027027,37,0.0322822822823,1.27027027027,2.32432432432,4.77777777778,2.04761904762,2.05553526489,0.884358195362,0.48460087995,2.23001636159,1.91885128788,0.79949717159,1.32315938222,1.13853249168,0.595851665619,0.508191163105,0.400065383721,2,1.34482758621,0.552647011402,2,0,0,0,0,0.108976671477,37,29,29,0.783783783784,0,0.540540540541,0.027027027027,0.216216216216,37,170,0.127627627628,1.27973343913,9.18918918919,18.8888888889,5.66666666667,7.50865366626,0.817118193093,0.413513513514,8.89587750796,1.93616157526,0.797138314785,3.51551686937,0.765141906864,0.399682034976,0.525258452431,0.410443641128,2.05,1.29571820708,0.535966070163,2.05,0.154756189525,0.139592854175,112,0.0144144144144,0.635026922466,37,35,35,0.945945945946,0,0.702702702703,0.108108108108,0.135135135135,-46,-0.0345345345345,-0.0445908851924,-2.48648648649,-2.71111111111,-0.333333333333,-0.690445383342,0.114880543011,0.103453453453,-1.43345912104,0.166784467517,0.0318730495201,0.428685398671,0.236379108641,0.146929282223,-0.0546866625035,-0.0274740987202,0.05,-0.028606117242,-0.0439790447715,0.05,0.142586063355,0.13362015793,105,0.0135135135135,0.0138303412693,-0.027027027027,-0.135135135135,0.108108108108,164,6,52,1110,0.759259259259,0.994623655914,0.00537634408602,0.240740740741,0.964705882353,0.759259259259,0.849740932642,0.832789708167,0.753882915173,0.738738738739,127,173,0,0,0,0
656,WLNM_dir_neg,0.972643589829,0.378929962674,00:00:03,10,20,23,1232383547,threshold_sweep,0.8,0.95041322314,0.664739884393,0.78231292517,115,6,58,340,0.664739884393,0.982658959538,0.0173410404624,0.335260115607,0.95041322314,0.664739884393,0.78231292517,0.876685934489,0.588953114965,0.7,0.72176995419,0.647398843931,216,43,173,0,216,0,43,0,173,37,216,0.162162162162,1.32432432432,11.6756756757,21.6,6,8.1990990496,0.702237650082,0.31006006006,10.329336629,1.76937710775,0.765265265265,3.0868314707,0.528762798222,0.252752752753,0.579945114934,0.437917739848,2,1.32432432432,0.579945114934,2,0.0121701261701,0.00597269624573,7,0.000900900900901,0.621196581197,37,37,37,1,0,0.72972972973,0.243243243243,0.027027027027,37,0.0322822822823,1.27027027027,2.32432432432,4.77777777778,2.04761904762,2.05553526489,0.884358195362,0.48460087995,2.23001636159,1.91885128788,0.79949717159,1.32315938222,1.13853249168,0.595851665619,0.508191163105,0.400065383721,2,1.34482758621,0.552647011402,2,0,0,0,0,0.108976671477,37,29,29,0.783783783784,0,0.540540540541,0.027027027027,0.216216216216,37,164,0.123123123123,1.27973343913,8.86486486486,18.2222222222,5.46666666667,7.38678309987,0.833265166754,0.424686882004,8.56199788646,1.93167025487,0.794330916282,3.65559343518,0.824737543304,0.427158866183,0.525258452431,0.410443641128,2.05,1.29571820708,0.535966070163,2.05,0.189146453864,0.147887323944,112,0.0144144144144,0.664627996614,37,35,35,0.945945945946,0,0.702702702703,0.108108108108,0.135135135135,-52,-0.039039039039,-0.0445908851924,-2.81081081081,-3.37777777778,-0.533333333333,-0.812315949732,0.131027516672,0.114626821944,-1.76733874254,0.162293147128,0.0290656510169,0.56876196448,0.295974745081,0.174406113431,-0.0546866625035,-0.0274740987202,0.05,-0.028606117242,-0.0439790447715,0.05,0.176976327694,0.141914627698,105,0.0135135135135,0.0434314154172,-0.027027027027,-0.135135135135,0.108108108108,158,6,58,1110,0.731481481481,0.994623655914,0.00537634408602,0.268518518519,0.963414634146,0.731481481481,0.831578947368,0.814545102845,0.726105137395,0.711711711712,121,173,0,0,0,0
657,WLNM_dir_neg,0.972643589829,0.378929962674,00:00:03,10,20,23,1232383547,threshold_sweep,0.9,0.958333333333,0.664739884393,0.784982935154,115,5,58,341,0.664739884393,0.985549132948,0.014450867052,0.335260115607,0.958333333333,0.664739884393,0.784982935154,0.878612716763,0.589595375723,0.704225352113,0.727093813434,0.650289017341,216,43,173,0,216,0,43,0,173,37,216,0.162162162162,1.32432432432,11.6756756757,21.6,6,8.1990990496,0.702237650082,0.31006006006,10.329336629,1.76937710775,0.765265265265,3.0868314707,0.528762798222,0.252752752753,0.579945114934,0.437917739848,2,1.32432432432,0.579945114934,2,0.0121701261701,0.00597269624573,7,0.000900900900901,0.621196581197,37,37,37,1,0,0.72972972973,0.243243243243,0.027027027027,37,0.0322822822823,1.27027027027,2.32432432432,4.77777777778,2.04761904762,2.05553526489,0.884358195362,0.48460087995,2.23001636159,1.91885128788,0.79949717159,1.32315938222,1.13853249168,0.595851665619,0.508191163105,0.400065383721,2,1.34482758621,0.552647011402,2,0,0,0,0,0.108976671477,37,29,29,0.783783783784,0,0.540540540541,0.027027027027,0.216216216216,37,163,0.122372372372,1.27696332208,8.81081081081,18.1111111111,5.43333333333,7.26803441959,0.824899612039,0.421654783618,8.51292957624,1.93238278724,0.794229812635,3.67770655783,0.834816826011,0.430774332615,0.518514429398,0.406052719318,2,1.29278979762,0.529057864503,2,0.158407645347,0.125449640288,93,0.0119691119691,0.670483485072,37,35,35,0.945945945946,0,0.702702702703,0.108108108108,0.135135135135,-53,-0.0397897897898,-0.0473610022482,-2.86486486486,-3.48888888889,-0.566666666667,-0.931064630016,0.122661961957,0.111594723558,-1.81640705276,0.163005679499,0.0289645473695,0.590875087129,0.306054027789,0.178021579862,-0.0614306855367,-0.0318650205309,0,-0.031534526701,-0.0508872504318,0,0.146237519177,0.119476944042,86,0.0110682110682,0.049286903875,-0.027027027027,-0.135135135135,0.108108108108,158,5,58,1111,0.731481481481,0.995519713262,0.00448028673835,0.268518518519,0.969325153374,0.731481481481,0.833773087071,0.817698196095,0.727001194743,0.714932126697,120,173,0,0,0,0
658,WLNM_dir_neg,0.947133215276,0.789230160722,00:00:04,10,20,24,1232383548,threshold_sweep,0.1,0.916666666667,0.763005780347,0.832807570978,132,12,41,334,0.763005780347,0.965317919075,0.0346820809249,0.236994219653,0.916666666667,0.763005780347,0.832807570978,0.897880539499,0.574181117534,0.760180995475,0.766811580507,0.728323699422,216,43,173,0,216,0,43,0,173,37,216,0.162162162162,1.32432432432,11.6756756757,21.6,6,8.1990990496,0.702237650082,0.31006006006,10.329336629,1.76937710775,0.765265265265,3.0868314707,0.528762798222,0.252752752753,0.579945114934,0.437917739848,2,1.32432432432,0.579945114934,2,0.0121701261701,0.00597269624573,7,0.000900900900901,0.621196581197,37,37,37,1,0,0.72972972973,0.243243243243,0.027027027027,37,0.0322822822823,1.32432432432,2.32432432432,4.3,1.79166666667,2.27369075946,0.978215791862,0.489000628536,2.29145166887,1.9717142267,0.810810810811,1.09324983201,0.940703343825,0.509113764928,0.579945114934,0.437917739848,2,1.41379310345,0.627764820574,2,0,0,0,0,0.0640320173654,37,29,29,0.783783783784,0,0.513513513514,0.135135135135,0.135135135135,37,187,0.14039039039,1.39789484699,10.1081081081,17,5.5,7.95397798374,0.786890870049,0.376788553259,9.25846743361,1.83188927831,0.787397022691,2.70745827859,0.535700301112,0.292816881052,0.675060900887,0.482912504,2.35492617056,1.40894748163,0.681232954093,2.35492617056,0.263733163158,0.157085316734,143,0.0184041184041,0.368848441444,37,36,36,0.972972972973,0,0.675675675676,0.243243243243,0.0540540540541,-29,-0.0217717717718,0.0735705226623,-1.56756756757,-4.6,-0.5,-0.245121065868,0.0846532199669,0.0667284931991,-1.07086919539,0.0625121705626,0.0221317574259,-0.379373192109,0.00693750288985,0.0400641282994,0.0951157859524,0.0449947641514,0.35492617056,0.0846231573009,0.101287839159,0.35492617056,0.251563036988,0.151112620488,136,0.0175032175032,-0.252348139753,-0.0540540540541,0,0.027027027027,175,12,41,1104,0.810185185185,0.989247311828,0.010752688172,0.189814814815,0.935828877005,0.810185185185,0.868486352357,0.848237023938,0.799432497013,0.767543859649,144,173,0,0,0,0
659,WLNM_dir_neg,0.947133215276,0.789230160722,00:00:04,10,20,24,1232383548,threshold_sweep,0.2,0.916083916084,0.757225433526,0.829113924051,131,12,42,334,0.757225433526,0.965317919075,0.0346820809249,0.242774566474,0.916083916084,0.757225433526,0.829113924051,0.895953757225,0.574823378292,0.755287009063,0.762365210499,0.722543352601,216,43,173,0,216,0,43,0,173,37,216,0.162162162162,1.32432432432,11.6756756757,21.6,6,8.1990990496,0.702237650082,0.31006006006,10.329336629,1.76937710775,0.765265265265,3.0868314707,0.528762798222,0.252752752753,0.579945114934,0.437917739848,2,1.32432432432,0.579945114934,2,0.0121701261701,0.00597269624573,7,0.000900900900901,0.621196581197,37,37,37,1,0,0.72972972973,0.243243243243,0.027027027027,37,0.0322822822823,1.32432432432,2.32432432432,4.3,1.79166666667,2.27369075946,0.978215791862,0.489000628536,2.29145166887,1.9717142267,0.810810810811,1.09324983201,0.940703343825,0.509113764928,0.579945114934,0.437917739848,2,1.41379310345,0.627764820574,2,0,0,0,0,0.0640320173654,37,29,29,0.783783783784,0,0.513513513514,0.135135135135,0.135135135135,37,186,0.13963963964,1.39818661741,10.0540540541,16.9090909091,5.47058823529,7.94755708779,0.790482828624,0.377506538797,9.23606002605,1.83728075787,0.788433594885,2.68210620478,0.533537255789,0.291775646614,0.675530515297,0.483147604821,2.35646727152,1.40924735679,0.681706605404,2.35646727152,0.264950094375,0.157195571956,142,0.0182754182754,0.363754341644,37,36,36,0.972972972973,0,0.675675675676,0.243243243243,0.0540540540541,-30,-0.0225225225225,0.0738622930903,-1.62162162162,-4.69090909091,-0.529411764706,-0.251541961816,0.0882451785423,0.0674464787368,-1.09327660295,0.0679036501249,0.0231683296199,-0.404725265929,0.00477445756618,0.0390228938616,0.0955854003621,0.0452298649725,0.356467271523,0.0849230324629,0.10176149047,0.356467271523,0.252779968205,0.15122287571,135,0.0173745173745,-0.257442239553,-0.0540540540541,0,0.027027027027,174,12,42,1104,0.805555555556,0.989247311828,0.010752688172,0.194444444444,0.935483870968,0.805555555556,0.865671641791,0.845219712345,0.794802867384,0.763157894737,143,173,0,0,0,0
660,WLNM_dir_neg,0.947133215276,0.789230160722,00:00:04,10,20,24,1232383548,threshold_sweep,0.3,0.912698412698,0.664739884393,0.769230769231,115,11,58,335,0.664739884393,0.968208092486,0.0317919075145,0.335260115607,0.912698412698,0.664739884393,0.769230769231,0.867052023121,0.585741811175,0.679069767442,0.695901174163,0.632947976879,216,43,173,0,216,0,43,0,173,37,216,0.162162162162,1.32432432432,11.6756756757,21.6,6,8.1990990496,0.702237650082,0.31006006006,10.329336629,1.76937710775,0.765265265265,3.0868314707,0.528762798222,0.252752752753,0.579945114934,0.437917739848,2,1.32432432432,0.579945114934,2,0.0121701261701,0.00597269624573,7,0.000900900900901,0.621196581197,37,37,37,1,0,0.72972972973,0.243243243243,0.027027027027,37,0.0322822822823,1.32432432432,2.32432432432,4.3,1.79166666667,2.27369075946,0.978215791862,0.489000628536,2.29145166887,1.9717142267,0.810810810811,1.09324983201,0.940703343825,0.509113764928,0.579945114934,0.437917739848,2,1.41379310345,0.627764820574,2,0,0,0,0,0.0640320173654,37,29,29,0.783783783784,0,0.513513513514,0.135135135135,0.135135135135,37,169,0.126876876877,1.39734987012,9.13513513514,15.3636363636,4.97058823529,7.40180969674,0.810257274495,0.404285942747,8.2782866603,1.81240595521,0.783943707021,2.92062151434,0.639426012015,0.348312809851,0.673662831952,0.482100328885,2.34762579731,1.40838736651,0.67981731442,2.34762579731,0.4038575432,0.174388111888,133,0.0171171171171,0.369622555581,37,36,36,0.972972972973,0,0.675675675676,0.243243243243,0.0540540540541,-47,-0.0352852852853,0.0730255457959,-2.54054054054,-6.23636363636,-1.02941176471,-0.797289352862,0.108019624414,0.0942258826874,-2.0510499687,0.0430288474674,0.0186784417554,-0.166209956363,0.110663213793,0.0955600570985,0.0937177170177,0.0441825890364,0.347625797307,0.0840630421881,0.0998721994858,0.347625797307,0.39168741703,0.168415415642,126,0.0162162162162,-0.251574025616,-0.0540540540541,0,0.027027027027,158,11,58,1105,0.731481481481,0.990143369176,0.00985663082437,0.268518518519,0.934911242604,0.731481481481,0.820779220779,0.799166450836,0.721624850657,0.696035242291,126,173,0,0,0,0
661,WLNM_dir_neg,0.947133215276,0.789230160722,00:00:04,10,20,24,1232383548,threshold_sweep,0.4,0.92,0.664739884393,0.771812080537,115,10,58,336,0.664739884393,0.971098265896,0.028901734104,0.335260115607,0.92,0.664739884393,0.771812080537,0.868978805395,0.586384071933,0.683229813665,0.700978286665,0.635838150289,216,43,173,0,216,0,43,0,173,37,216,0.162162162162,1.32432432432,11.6756756757,21.6,6,8.1990990496,0.702237650082,0.31006006006,10.329336629,1.76937710775,0.765265265265,3.0868314707,0.528762798222,0.252752752753,0.579945114934,0.437917739848,2,1.32432432432,0.579945114934,2,0.0121701261701,0.00597269624573,7,0.000900900900901,0.621196581197,37,37,37,1,0,0.72972972973,0.243243243243,0.027027027027,37,0.0322822822823,1.32432432432,2.32432432432,4.3,1.79166666667,2.27369075946,0.978215791862,0.489000628536,2.29145166887,1.9717142267,0.810810810811,1.09324983201,0.940703343825,0.509113764928,0.579945114934,0.437917739848,2,1.41379310345,0.627764820574,2,0,0,0,0,0.0640320173654,37,29,29,0.783783783784,0,0.513513513514,0.135135135135,0.135135135135,37,168,0.126126126126,1.39555808606,9.08108108108,15.2727272727,4.94117647059,7.28155347581,0.801837733943,0.401383526384,8.22798272359,1.8121152427,0.783462033462,2.94009254006,0.647520380848,0.351351351351,0.670694099348,0.480592034144,2.33816284428,1.40654581068,0.676822158824,2.33816284428,0.378325753333,0.152746761947,114,0.0146718146718,0.371376030176,37,36,36,0.972972972973,0,0.675675675676,0.243243243243,0.0540540540541,-48,-0.036036036036,0.0712337617393,-2.59459459459,-6.32727272727,-1.05882352941,-0.917545573799,0.099600083861,0.0913234663235,-2.10135390541,0.0427381349502,0.0181967681968,-0.146738930639,0.118757582625,0.0985985985986,0.0907489844133,0.0426742942958,0.33816284428,0.0822214863522,0.0968770438895,0.33816284428,0.366155627163,0.146774065702,107,0.0137709137709,-0.24982055102,-0.0540540540541,0,0.027027027027,158,10,58,1106,0.731481481481,0.991039426523,0.0089605734767,0.268518518519,0.940476190476,0.731481481481,0.822916666667,0.802191878658,0.722520908005,0.699115044248,125,173,0,0,0,0
662,WLNM_dir_neg,0.947133215276,0.789230160722,00:00:04,10,20,24,1232383548,threshold_sweep,0.5,0.918032786885,0.647398843931,0.759322033898,112,10,61,336,0.647398843931,0.971098265896,0.028901734104,0.352601156069,0.918032786885,0.647398843931,0.759322033898,0.863198458574,0.588310854207,0.667706708268,0.687580587611,0.618497109827,216,43,173,0,216,0,43,0,173,37,216,0.162162162162,1.32432432432,11.6756756757,21.6,6,8.1990990496,0.702237650082,0.31006006006,10.329336629,1.76937710775,0.765265265265,3.0868314707,0.528762798222,0.252752752753,0.579945114934,0.437917739848,2,1.32432432432,0.579945114934,2,0.0121701261701,0.00597269624573,7,0.000900900900901,0.621196581197,37,37,37,1,0,0.72972972973,0.243243243243,0.027027027027,37,0.0322822822823,1.32432432432,2.32432432432,4.3,1.79166666667,2.27369075946,0.978215791862,0.489000628536,2.29145166887,1.9717142267,0.810810810811,1.09324983201,0.940703343825,0.509113764928,0.579945114934,0.437917739848,2,1.41379310345,0.627764820574,2,0,0,0,0,0.0640320173654,37,29,29,0.783783783784,0,0.513513513514,0.135135135135,0.135135135135,37,165,0.123873873874,1.39682770694,8.91891891892,15,4.85294117647,7.25862849908,0.813846225655,0.403276003276,8.16698841065,1.83138527996,0.786895986896,2.85379469201,0.639941840026,0.346928746929,0.672772426997,0.481643100042,2.34486809579,1.4078506988,0.678918722874,2.34486809579,0.381216005938,0.15261228231,111,0.0142857142857,0.354584978091,37,36,36,0.972972972973,0,0.675675675676,0.243243243243,0.0540540540541,-51,-0.0382882882883,0.0725033826192,-2.75675675676,-6.6,-1.14705882353,-0.940470550522,0.111608575573,0.0932159432159,-2.16234821835,0.0620081722187,0.0216307216307,-0.233036778694,0.111179041804,0.094175994176,0.0928273120624,0.0437253601935,0.344868095788,0.0835263744787,0.0989736079393,0.344868095788,0.369045879768,0.146639586064,104,0.0133848133848,-0.266611603105,-0.0540540540541,0,0.027027027027,155,10,61,1106,0.717592592593,0.991039426523,0.0089605734767,0.282407407407,0.939393939394,0.717592592593,0.813648293963,0.792870655154,0.708632019116,0.685840707965,122,173,0,0,0,0
663,WLNM_dir_neg,0.947133215276,0.789230160722,00:00:04,10,20,24,1232383548,threshold_sweep,0.6,0.933333333333,0.647398843931,0.764505119454,112,8,61,338,0.647398843931,0.976878612717,0.0231213872832,0.352601156069,0.933333333333,0.647398843931,0.764505119454,0.867052023121,0.589595375723,0.676056338028,0.698010060897,0.624277456647,216,43,173,0,216,0,43,0,173,37,216,0.162162162162,1.32432432432,11.6756756757,21.6,6,8.1990990496,0.702237650082,0.31006006006,10.329336629,1.76937710775,0.765265265265,3.0868314707,0.528762798222,0.252752752753,0.579945114934,0.437917739848,2,1.32432432432,0.579945114934,2,0.0121701261701,0.00597269624573,7,0.000900900900901,0.621196581197,37,37,37,1,0,0.72972972973,0.243243243243,0.027027027027,37,0.0322822822823,1.32432432432,2.32432432432,4.3,1.79166666667,2.27369075946,0.978215791862,0.489000628536,2.29145166887,1.9717142267,0.810810810811,1.09324983201,0.940703343825,0.509113764928,0.579945114934,0.437917739848,2,1.41379310345,0.627764820574,2,0,0,0,0,0.0640320173654,37,29,29,0.783783783784,0,0.513513513514,0.135135135135,0.135135135135,37,163,0.122372372372,1.39018885721,8.81081081081,14.8181818182,4.79411764706,7.13301338004,0.809575138226,0.400928535898,8.07416820435,1.83278664761,0.787929033328,2.89116911627,0.656277652159,0.355828220859,0.662837493451,0.476796724426,2.3192302128,1.40102743658,0.6689063804,2.3192302128,0.354503355966,0.131529850746,94,0.0120978120978,0.359619574819,37,36,36,0.972972972973,0,0.675675675676,0.243243243243,0.0540540540541,-53,-0.0397897897898,0.0658645328852,-2.86486486486,-6.78181818182,-1.20588235294,-1.06608566956,0.107337488144,0.0908684758378,-2.25516842465,0.0634095398687,0.0226637680625,-0.195662354437,0.127514853936,0.103075468106,0.0828923785162,0.0388789845772,0.319230212801,0.0767031122521,0.0889612654651,0.319230212801,0.342333229795,0.125557154501,87,0.0111969111969,-0.261577006377,-0.0540540540541,0,0.027027027027,155,8,61,1108,0.717592592593,0.992831541219,0.00716845878136,0.282407407407,0.950920245399,0.717592592593,0.817941952507,0.799053064672,0.710424133811,0.691964285714,120,173,0,0,0,0
664,WLNM_dir_neg,0.947133215276,0.789230160722,00:00:04,10,20,24,1232383548,threshold_sweep,0.7,0.945454545455,0.601156069364,0.734982332155,104,6,69,340,0.601156069364,0.982658959538,0.0173410404624,0.398843930636,0.945454545455,0.601156069364,0.734982332155,0.85549132948,0.596017983301,0.642289348172,0.67340816062,0.583815028902,216,43,173,0,216,0,43,0,173,37,216,0.162162162162,1.32432432432,11.6756756757,21.6,6,8.1990990496,0.702237650082,0.31006006006,10.329336629,1.76937710775,0.765265265265,3.0868314707,0.528762798222,0.252752752753,0.579945114934,0.437917739848,2,1.32432432432,0.579945114934,2,0.0121701261701,0.00597269624573,7,0.000900900900901,0.621196581197,37,37,37,1,0,0.72972972973,0.243243243243,0.027027027027,37,0.0322822822823,1.32432432432,2.32432432432,4.3,1.79166666667,2.27369075946,0.978215791862,0.489000628536,2.29145166887,1.9717142267,0.810810810811,1.09324983201,0.940703343825,0.509113764928,0.579945114934,0.437917739848,2,1.41379310345,0.627764820574,2,0,0,0,0,0.0640320173654,37,29,29,0.783783783784,0,0.513513513514,0.135135135135,0.135135135135,37,153,0.114864864865,1.38591862641,8.27027027027,13.9090909091,4.5,6.75626724954,0.816934275271,0.413354531002,7.57247267029,1.83125156079,0.787140081258,3.10163184793,0.750067832507,0.406641936054,0.655686348525,0.47310595011,2.29665899288,1.39663858826,0.661690798225,2.29665899288,0.169705318025,0.110822060354,71,0.00913770913771,0.374899156571,37,36,36,0.972972972973,0,0.675675675676,0.243243243243,0.0540540540541,-63,-0.0472972972973,0.0615943020897,-3.40540540541,-7.69090909091,-1.5,-1.44283180007,0.114696625189,0.103294470942,-2.75686395871,0.0618744530446,0.0218748159925,0.0148003772303,0.221305034285,0.153889183301,0.0757412335901,0.0351882102614,0.296658992882,0.0723142639345,0.0817456832901,0.296658992882,0.157535191855,0.104849364108,64,0.00823680823681,-0.246297424626,-0.0540540540541,0,0.027027027027,147,6,69,1110,0.680555555556,0.994623655914,0.00537634408602,0.319444444444,0.960784313725,0.680555555556,0.79674796748,0.780504510132,0.67517921147,0.662162162162,110,173,0,0,0,0
665,WLNM_dir_neg,0.947133215276,0.789230160722,00:00:04,10,20,24,1232383548,threshold_sweep,0.8,0.944444444444,0.589595375723,0.725978647687,102,6,71,340,0.589595375723,0.982658959538,0.0173410404624,0.410404624277,0.944444444444,0.589595375723,0.725978647687,0.851637764933,0.597302504817,0.631578947368,0.664534302663,0.57225433526,216,43,173,0,216,0,43,0,173,37,216,0.162162162162,1.32432432432,11.6756756757,21.6,6,8.1990990496,0.702237650082,0.31006006006,10.329336629,1.76937710775,0.765265265265,3.0868314707,0.528762798222,0.252752752753,0.579945114934,0.437917739848,2,1.32432432432,0.579945114934,2,0.0121701261701,0.00597269624573,7,0.000900900900901,0.621196581197,37,37,37,1,0,0.72972972973,0.243243243243,0.027027027027,37,0.0322822822823,1.32432432432,2.32432432432,4.3,1.79166666667,2.27369075946,0.978215791862,0.489000628536,2.29145166887,1.9717142267,0.810810810811,1.09324983201,0.940703343825,0.509113764928,0.579945114934,0.437917739848,2,1.41379310345,0.627764820574,2,0,0,0,0,0.0640320173654,37,29,29,0.783783783784,0,0.513513513514,0.135135135135,0.135135135135,37,151,0.113363363363,1.3876003081,8.16216216216,13.7272727273,4.44117647059,6.75571163088,0.827686524313,0.413280830499,7.55122645807,1.85030052284,0.789690352604,3.04027025826,0.744966884474,0.402362627528,0.658569327924,0.474610249134,2.30554788177,1.39836698332,0.664600438138,2.30554788177,0.171024178902,0.109465891063,69,0.00888030888031,0.362437583265,37,36,36,0.972972972973,0,0.675675675676,0.243243243243,0.0540540540541,-65,-0.0487987987988,0.0632759837713,-3.51351351351,-7.87272727273,-1.55882352941,-1.44338741872,0.125448874232,0.103220770439,-2.77811017093,0.0809234150924,0.024425087339,-0.0465612124468,0.216204086251,0.149609874775,0.0786242129891,0.0366925092855,0.305547881771,0.0740426589962,0.0846553232037,0.305547881771,0.158854052732,0.103493194817,62,0.00797940797941,-0.258758997932,-0.0540540540541,0,0.027027027027,145,6,71,1110,0.671296296296,0.994623655914,0.00537634408602,0.328703703704,0.960264900662,0.671296296296,0.790190735695,0.774225690011,0.66591995221,0.653153153153,108,173,0,0,0,0
666,WLNM_dir_neg,0.947133215276,0.789230160722,00:00:04,10,20,24,1232383548,threshold_sweep,0.9,0.942857142857,0.57225433526,0.712230215827,99,6,74,340,0.57225433526,0.982658959538,0.0173410404624,0.42774566474,0.942857142857,0.57225433526,0.712230215827,0.845857418112,0.599229287091,0.615384615385,0.651165542045,0.554913294798,216,43,173,0,216,0,43,0,173,37,216,0.162162162162,1.32432432432,11.6756756757,21.6,6,8.1990990496,0.702237650082,0.31006006006,10.329336629,1.76937710775,0.765265265265,3.0868314707,0.528762798222,0.252752752753,0.579945114934,0.437917739848,2,1.32432432432,0.579945114934,2,0.0121701261701,0.00597269624573,7,0.000900900900901,0.621196581197,37,37,37,1,0,0.72972972973,0.243243243243,0.027027027027,37,0.0322822822823,1.32432432432,2.32432432432,4.3,1.79166666667,2.27369075946,0.978215791862,0.489000628536,2.29145166887,1.9717142267,0.810810810811,1.09324983201,0.940703343825,0.509113764928,0.579945114934,0.437917739848,2,1.41379310345,0.627764820574,2,0,0,0,0,0.0640320173654,37,29,29,0.783783783784,0,0.513513513514,0.135135135135,0.135135135135,37,148,0.111111111111,1.38925019327,8,13.4545454545,4.35294117647,6.69991708075,0.837489635093,0.417457998539,7.45728577373,1.86432144343,0.792914536158,2.97209241669,0.743023104172,0.403214024836,0.661373593814,0.476065144361,2.31380185002,1.40006269864,0.667430394844,2.31380185002,0.175183342568,0.109716157205,67,0.00862290862291,0.348473032815,37,36,36,0.972972972973,0,0.675675675676,0.243243243243,0.0540540540541,-68,-0.0510510510511,0.0649258689506,-3.67567567568,-8.14545454545,-1.64705882353,-1.49918196886,0.135251985012,0.107397938479,-2.87205085527,0.0949443356878,0.0276492708925,-0.114739054016,0.21426030595,0.150461272083,0.0814284788799,0.0381474045121,0.313801850025,0.0757383743194,0.0874852799094,0.313801850025,0.163013216398,0.10374346096,60,0.00772200772201,-0.272723548381,-0.0540540540541,0,0.027027027027,142,6,74,1110,0.657407407407,0.994623655914,0.00537634408602,0.342592592593,0.959459459459,0.657407407407,0.78021978022,0.764751874864,0.652031063321,0.63963963964,105,173,0,0,0,0
667,WLNM_dir_neg,0.949221490862,0.924961980849,00:00:03,10,20,25,1232383549,threshold_sweep,0.1,0.941176470588,0.739884393064,0.828478964401,128,8,45,338,0.739884393064,0.976878612717,0.0231213872832,0.260115606936,0.941176470588,0.739884393064,0.828478964401,0.897880539499,0.579319203597,0.757251908397,0.768365473885,0.71676300578,216,43,173,0,216,0,43,0,173,37,216,0.162162162162,1.32432432432,11.6756756757,21.6,6,8.1990990496,0.702237650082,0.31006006006,10.329336629,1.76937710775,0.765265265265,3.0868314707,0.528762798222,0.252752752753,0.579945114934,0.437917739848,2,1.32432432432,0.579945114934,2,0.0121701261701,0.00597269624573,7,0.000900900900901,0.621196581197,37,37,37,1,0,0.72972972973,0.243243243243,0.027027027027,37,0.0322822822823,1.27027027027,2.32432432432,4.77777777778,1.86956521739,2.28587515521,0.983457915615,0.512884978001,2.3394386021,2.01300530878,0.817096165933,1.32315938222,1.13853249168,0.570710245129,0.508191163105,0.400065383721,2,1.34482758621,0.552647011402,2,0,0,0,0,0.10961029711,37,29,29,0.783783783784,0,0.540540540541,0.0810810810811,0.162162162162,37,179,0.134384384384,1.31487708633,9.67567567568,17.9,5.77419354839,7.65235640562,0.790885997228,0.394836176959,9.22410342982,1.90665825086,0.79571191303,3.3125478069,0.684716585783,0.370224973577,0.547874534735,0.41667357385,2.06086240008,1.33287006269,0.558263270654,2.06086240008,0.257030730407,0.13003452244,113,0.0145431145431,0.495030933851,37,35,35,0.945945945946,0,0.675675675676,0.162162162162,0.108108108108,-37,-0.0277777777778,-0.00944723799273,-2,-3.7,-0.225806451613,-0.546742643989,0.0886483471465,0.084776116899,-1.10523319918,0.137281143112,0.0304466477651,0.225716336192,0.155953787561,0.117472220824,-0.0320705801992,-0.0212441659985,0.060862400083,0.00854573836908,-0.0216818442807,0.060862400083,0.244860604237,0.124061826194,106,0.0136422136422,-0.126165647346,-0.0540540540541,-0.0810810810811,0.0810810810811,171,8,45,1108,0.791666666667,0.992831541219,0.00716845878136,0.208333333333,0.95530726257,0.791666666667,0.86582278481,0.84783191273,0.784498207885,0.763392857143,136,173,0,0,0,0
668,WLNM_dir_neg,0.949221490862,0.924961980849,00:00:03,10,20,25,1232383549,threshold_sweep,0.2,0.948148148148,0.739884393064,0.831168831169,128,7,45,339,0.739884393064,0.979768786127,0.0202312138728,0.260115606936,0.948148148148,0.739884393064,0.831168831169,0.899807321773,0.579961464355,0.761467889908,0.773306842219,0.719653179191,216,43,173,0,216,0,43,0,173,37,216,0.162162162162,1.32432432432,11.6756756757,21.6,6,8.1990990496,0.702237650082,0.31006006006,10.329336629,1.76937710775,0.765265265265,3.0868314707,0.528762798222,0.252752752753,0.579945114934,0.437917739848,2,1.32432432432,0.579945114934,2,0.0121701261701,0.00597269624573,7,0.000900900900901,0.621196581197,37,37,37,1,0,0.72972972973,0.243243243243,0.027027027027,37,0.0322822822823,1.27027027027,2.32432432432,4.77777777778,1.86956521739,2.28587515521,0.983457915615,0.512884978001,2.3394386021,2.01300530878,0.817096165933,1.32315938222,1.13853249168,0.570710245129,0.508191163105,0.400065383721,2,1.34482758621,0.552647011402,2,0,0,0,0,0.10961029711,37,29,29,0.783783783784,0,0.540540540541,0.0810810810811,0.162162162162,37,178,0.133633633634,1.31355296001,9.62162162162,17.8,5.74193548387,7.54376619524,0.784043115797,0.392347403583,9.17677575258,1.90753203846,0.795627087762,3.33198170795,0.692602939293,0.374430610386,0.545982747492,0.415653395116,2.06086240008,1.33147027201,0.556343916334,2.06086240008,0.232643613189,0.1101992966,94,0.0120978120978,0.49801515128,37,35,35,0.945945945946,0,0.675675675676,0.162162162162,0.108108108108,-38,-0.0285285285285,-0.0107713643169,-2.05405405405,-3.8,-0.258064516129,-0.655332854367,0.0818054657153,0.0822873435233,-1.15256087642,0.138154930713,0.0303618224967,0.245150237244,0.16384014107,0.121677857633,-0.0339623674428,-0.0222643447325,0.060862400083,0.00714594768358,-0.0236011986005,0.060862400083,0.220473487019,0.104226600355,87,0.0111969111969,-0.123181429917,-0.0540540540541,-0.0810810810811,0.0810810810811,171,7,45,1109,0.791666666667,0.993727598566,0.00627240143369,0.208333333333,0.960674157303,0.791666666667,0.868020304569,0.850812365369,0.785394265233,0.766816143498,135,173,0,0,0,0
669,WLNM_dir_neg,0.949221490862,0.924961980849,00:00:03,10,20,25,1232383549,threshold_sweep,0.3,0.946153846154,0.71098265896,0.811881188119,123,7,50,339,0.71098265896,0.979768786127,0.0202312138728,0.28901734104,0.946153846154,0.71098265896,0.811881188119,0.890173410405,0.583172768144,0.736517719569,0.751512876615,0.690751445087,216,43,173,0,216,0,43,0,173,37,216,0.162162162162,1.32432432432,11.6756756757,21.6,6,8.1990990496,0.702237650082,0.31006006006,10.329336629,1.76937710775,0.765265265265,3.0868314707,0.528762798222,0.252752752753,0.579945114934,0.437917739848,2,1.32432432432,0.579945114934,2,0.0121701261701,0.00597269624573,7,0.000900900900901,0.621196581197,37,37,37,1,0,0.72972972973,0.243243243243,0.027027027027,37,0.0322822822823,1.27027027027,2.32432432432,4.77777777778,1.86956521739,2.28587515521,0.983457915615,0.512884978001,2.3394386021,2.01300530878,0.817096165933,1.32315938222,1.13853249168,0.570710245129,0.508191163105,0.400065383721,2,1.34482758621,0.552647011402,2,0,0,0,0,0.10961029711,37,29,29,0.783783783784,0,0.540540540541,0.0810810810811,0.162162162162,37,173,0.12987987988,1.31423897992,9.35135135135,17.3,5.58064516129,7.39450327464,0.790741679658,0.401187314482,8.88836334783,1.90097944433,0.793625995938,3.42421162098,0.732345838012,0.391501327918,0.547297372137,0.416436721553,2.06720808431,1.33219549306,0.557685905221,2.06720808431,0.280323446583,0.10992177851,89,0.0114543114543,0.509818163083,37,35,35,0.945945945946,0,0.675675675676,0.162162162162,0.108108108108,-43,-0.0322822822823,-0.0100853444001,-2.32432432432,-4.3,-0.41935483871,-0.804595774963,0.0885040295763,0.0911272544221,-1.44097328117,0.131602336588,0.0283607306729,0.337380150272,0.20358303979,0.138748575165,-0.0326477427973,-0.0214810182952,0.0672080843133,0.00787116873847,-0.0222592097136,0.0672080843133,0.268153320413,0.103949082264,82,0.0105534105534,-0.111378418114,-0.0540540540541,-0.0810810810811,0.0810810810811,166,7,50,1109,0.768518518519,0.993727598566,0.00627240143369,0.231481481481,0.959537572254,0.768518518519,0.853470437018,0.835775092041,0.762246117085,0.744394618834,130,173,0,0,0,0
670,WLNM_dir_neg,0.949221490862,0.924961980849,00:00:03,10,20,25,1232383549,threshold_sweep,0.4,0.946153846154,0.71098265896,0.811881188119,123,7,50,339,0.71098265896,0.979768786127,0.0202312138728,0.28901734104,0.946153846154,0.71098265896,0.811881188119,0.890173410405,0.583172768144,0.736517719569,0.751512876615,0.690751445087,216,43,173,0,216,0,43,0,173,37,216,0.162162162162,1.32432432432,11.6756756757,21.6,6,8.1990990496,0.702237650082,0.31006006006,10.329336629,1.76937710775,0.765265265265,3.0868314707,0.528762798222,0.252752752753,0.579945114934,0.437917739848,2,1.32432432432,0.579945114934,2,0.0121701261701,0.00597269624573,7,0.000900900900901,0.621196581197,37,37,37,1,0,0.72972972973,0.243243243243,0.027027027027,37,0.0322822822823,1.27027027027,2.32432432432,4.77777777778,1.86956521739,2.28587515521,0.983457915615,0.512884978001,2.3394386021,2.01300530878,0.817096165933,1.32315938222,1.13853249168,0.570710245129,0.508191163105,0.400065383721,2,1.34482758621,0.552647011402,2,0,0,0,0,0.10961029711,37,29,29,0.783783783784,0,0.540540540541,0.0810810810811,0.162162162162,37,173,0.12987987988,1.31423897992,9.35135135135,17.3,5.58064516129,7.39450327464,0.790741679658,0.401187314482,8.88836334783,1.90097944433,0.793625995938,3.42421162098,0.732345838012,0.391501327918,0.547297372137,0.416436721553,2.06720808431,1.33219549306,0.557685905221,2.06720808431,0.280323446583,0.10992177851,89,0.0114543114543,0.509818163083,37,35,35,0.945945945946,0,0.675675675676,0.162162162162,0.108108108108,-43,-0.0322822822823,-0.0100853444001,-2.32432432432,-4.3,-0.41935483871,-0.804595774963,0.0885040295763,0.0911272544221,-1.44097328117,0.131602336588,0.0283607306729,0.337380150272,0.20358303979,0.138748575165,-0.0326477427973,-0.0214810182952,0.0672080843133,0.00787116873847,-0.0222592097136,0.0672080843133,0.268153320413,0.103949082264,82,0.0105534105534,-0.111378418114,-0.0540540540541,-0.0810810810811,0.0810810810811,166,7,50,1109,0.768518518519,0.993727598566,0.00627240143369,0.231481481481,0.959537572254,0.768518518519,0.853470437018,0.835775092041,0.762246117085,0.744394618834,130,173,0,0,0,0
671,WLNM_dir_neg,0.949221490862,0.924961980849,00:00:03,10,20,25,1232383549,threshold_sweep,0.5,0.946153846154,0.71098265896,0.811881188119,123,7,50,339,0.71098265896,0.979768786127,0.0202312138728,0.28901734104,0.946153846154,0.71098265896,0.811881188119,0.890173410405,0.583172768144,0.736517719569,0.751512876615,0.690751445087,216,43,173,0,216,0,43,0,173,37,216,0.162162162162,1.32432432432,11.6756756757,21.6,6,8.1990990496,0.702237650082,0.31006006006,10.329336629,1.76937710775,0.765265265265,3.0868314707,0.528762798222,0.252752752753,0.579945114934,0.437917739848,2,1.32432432432,0.579945114934,2,0.0121701261701,0.00597269624573,7,0.000900900900901,0.621196581197,37,37,37,1,0,0.72972972973,0.243243243243,0.027027027027,37,0.0322822822823,1.27027027027,2.32432432432,4.77777777778,1.86956521739,2.28587515521,0.983457915615,0.512884978001,2.3394386021,2.01300530878,0.817096165933,1.32315938222,1.13853249168,0.570710245129,0.508191163105,0.400065383721,2,1.34482758621,0.552647011402,2,0,0,0,0,0.10961029711,37,29,29,0.783783783784,0,0.540540540541,0.0810810810811,0.162162162162,37,173,0.12987987988,1.31423897992,9.35135135135,17.3,5.58064516129,7.39450327464,0.790741679658,0.401187314482,8.88836334783,1.90097944433,0.793625995938,3.42421162098,0.732345838012,0.391501327918,0.547297372137,0.416436721553,2.06720808431,1.33219549306,0.557685905221,2.06720808431,0.280323446583,0.10992177851,89,0.0114543114543,0.509818163083,37,35,35,0.945945945946,0,0.675675675676,0.162162162162,0.108108108108,-43,-0.0322822822823,-0.0100853444001,-2.32432432432,-4.3,-0.41935483871,-0.804595774963,0.0885040295763,0.0911272544221,-1.44097328117,0.131602336588,0.0283607306729,0.337380150272,0.20358303979,0.138748575165,-0.0326477427973,-0.0214810182952,0.0672080843133,0.00787116873847,-0.0222592097136,0.0672080843133,0.268153320413,0.103949082264,82,0.0105534105534,-0.111378418114,-0.0540540540541,-0.0810810810811,0.0810810810811,166,7,50,1109,0.768518518519,0.993727598566,0.00627240143369,0.231481481481,0.959537572254,0.768518518519,0.853470437018,0.835775092041,0.762246117085,0.744394618834,130,173,0,0,0,0
672,WLNM_dir_neg,0.949221490862,0.924961980849,00:00:03,10,20,25,1232383549,threshold_sweep,0.6,0.9453125,0.699421965318,0.803986710963,121,7,52,339,0.699421965318,0.979768786127,0.0202312138728,0.300578034682,0.9453125,0.699421965318,0.803986710963,0.886319845857,0.58445728966,0.726429675425,0.742778801842,0.679190751445,216,43,173,0,216,0,43,0,173,37,216,0.162162162162,1.32432432432,11.6756756757,21.6,6,8.1990990496,0.702237650082,0.31006006006,10.329336629,1.76937710775,0.765265265265,3.0868314707,0.528762798222,0.252752752753,0.579945114934,0.437917739848,2,1.32432432432,0.579945114934,2,0.0121701261701,0.00597269624573,7,0.000900900900901,0.621196581197,37,37,37,1,0,0.72972972973,0.243243243243,0.027027027027,37,0.0322822822823,1.27027027027,2.32432432432,4.77777777778,1.86956521739,2.28587515521,0.983457915615,0.512884978001,2.3394386021,2.01300530878,0.817096165933,1.32315938222,1.13853249168,0.570710245129,0.508191163105,0.400065383721,2,1.34482758621,0.552647011402,2,0,0,0,0,0.10961029711,37,29,29,0.783783783784,0,0.540540540541,0.0810810810811,0.162162162162,37,171,0.128378378378,1.31445095661,9.24324324324,17.1,5.51612903226,7.35755622701,0.795992925145,0.40350877193,8.81712774897,1.90779957142,0.795953848585,3.37763355153,0.730832990682,0.393235340604,0.547595209824,0.416596151475,2.06720808431,1.3324195827,0.557987960709,2.06720808431,0.283106559828,0.111996644295,89,0.0114543114543,0.495753771894,37,35,35,0.945945945946,0,0.675675675676,0.162162162162,0.108108108108,-45,-0.0337837837838,-0.0098733677175,-2.43243243243,-4.5,-0.483870967742,-0.841542822593,0.0937552750626,0.0934487118698,-1.51220888002,0.13842246367,0.0306885833202,0.290802080824,0.202070192459,0.140482587851,-0.03234990511,-0.0213215883739,0.0672080843133,0.00809525837432,-0.0219571542255,0.0672080843133,0.270936433658,0.10602394805,82,0.0105534105534,-0.125442809302,-0.0540540540541,-0.0810810810811,0.0810810810811,164,7,52,1109,0.759259259259,0.993727598566,0.00627240143369,0.240740740741,0.959064327485,0.759259259259,0.847545219638,0.82972123321,0.752986857826,0.735426008969,128,173,0,0,0,0
673,WLNM_dir_neg,0.949221490862,0.924961980849,00:00:03,10,20,25,1232383549,threshold_sweep,0.7,0.944881889764,0.693641618497,0.8,120,7,53,339,0.693641618497,0.979768786127,0.0202312138728,0.306358381503,0.944881889764,0.693641618497,0.8,0.884393063584,0.585099550417,0.721362229102,0.73840738105,0.673410404624,216,43,173,0,216,0,43,0,173,37,216,0.162162162162,1.32432432432,11.6756756757,21.6,6,8.1990990496,0.702237650082,0.31006006006,10.329336629,1.76937710775,0.765265265265,3.0868314707,0.528762798222,0.252752752753,0.579945114934,0.437917739848,2,1.32432432432,0.579945114934,2,0.0121701261701,0.00597269624573,7,0.000900900900901,0.621196581197,37,37,37,1,0,0.72972972973,0.243243243243,0.027027027027,37,0.0322822822823,1.27027027027,2.32432432432,4.77777777778,1.86956521739,2.28587515521,0.983457915615,0.512884978001,2.3394386021,2.01300530878,0.817096165933,1.32315938222,1.13853249168,0.570710245129,0.508191163105,0.400065383721,2,1.34482758621,0.552647011402,2,0,0,0,0,0.10961029711,37,29,29,0.783783783784,0,0.540540540541,0.0810810810811,0.162162162162,37,170,0.127627627628,1.31462932179,9.18918918919,17,5.48387096774,7.32134564832,0.796734673493,0.404610492846,8.76691843574,1.90809401248,0.795548489666,3.36203856363,0.731737805024,0.395230524642,0.547939438062,0.416801473223,2.06885796221,1.33260814017,0.558339398497,2.06885796221,0.283414400136,0.11200678829,88,0.0113256113256,0.490780226921,37,35,35,0.945945945946,0,0.675675675676,0.162162162162,0.108108108108,-46,-0.0345345345345,-0.00969500253913,-2.48648648649,-4.6,-0.516129032258,-0.877753401289,0.0944970234112,0.0945504327857,-1.56241819326,0.138716904739,0.0302832244009,0.275207092921,0.202975006802,0.14247777189,-0.0320056768726,-0.0211162666257,0.0688579622132,0.00828381584859,-0.0216057164373,0.0688579622132,0.271244273966,0.106034092044,81,0.0104247104247,-0.130416354276,-0.0540540540541,-0.0810810810811,0.0810810810811,163,7,53,1109,0.75462962963,0.993727598566,0.00627240143369,0.24537037037,0.958823529412,0.75462962963,0.844559585492,0.826685663159,0.748357228196,0.730941704036,127,173,0,0,0,0
674,WLNM_dir_neg,0.949221490862,0.924961980849,00:00:03,10,20,25,1232383549,threshold_sweep,0.8,0.952,0.687861271676,0.798657718121,119,6,54,340,0.687861271676,0.982658959538,0.0173410404624,0.312138728324,0.952,0.687861271676,0.798657718121,0.884393063584,0.586384071933,0.72049689441,0.739213465938,0.670520231214,216,43,173,0,216,0,43,0,173,37,216,0.162162162162,1.32432432432,11.6756756757,21.6,6,8.1990990496,0.702237650082,0.31006006006,10.329336629,1.76937710775,0.765265265265,3.0868314707,0.528762798222,0.252752752753,0.579945114934,0.437917739848,2,1.32432432432,0.579945114934,2,0.0121701261701,0.00597269624573,7,0.000900900900901,0.621196581197,37,37,37,1,0,0.72972972973,0.243243243243,0.027027027027,37,0.0322822822823,1.27027027027,2.32432432432,4.77777777778,1.86956521739,2.28587515521,0.983457915615,0.512884978001,2.3394386021,2.01300530878,0.817096165933,1.32315938222,1.13853249168,0.570710245129,0.508191163105,0.400065383721,2,1.34482758621,0.552647011402,2,0,0,0,0,0.10961029711,37,29,29,0.783783783784,0,0.540540540541,0.0810810810811,0.162162162162,37,168,0.126126126126,1.27538461538,9.08108108108,18.6666666667,5.41935483871,7.27391984489,0.800997125777,0.404601029601,8.71331865146,1.919004703,0.796653796654,3.31322765253,0.729698947283,0.393500643501,0.516888202489,0.405280255269,2.01730769231,1.29112087912,0.52742165509,2.01730769231,0.269690510548,0.101298701299,78,0.0100386100386,0.596920928865,37,35,35,0.945945945946,0,0.702702702703,0.135135135135,0.108108108108,-48,-0.036036036036,-0.0489397089397,-2.59459459459,-2.93333333333,-0.58064516129,-0.925179204713,0.0987594756949,0.094540969541,-1.61601797754,0.149627595255,0.0313885313885,0.226396181824,0.200936149061,0.140747890748,-0.0630569124453,-0.0326374845795,0.0173076923077,-0.0332034452034,-0.0525234598448,0.0173076923077,0.257520384378,0.095326005053,71,0.00913770913771,-0.0242756523312,-0.027027027027,-0.108108108108,0.0810810810811,162,6,54,1110,0.75,0.994623655914,0.00537634408602,0.25,0.964285714286,0.75,0.84375,0.82673185345,0.744623655914,0.72972972973,125,173,0,0,0,0
675,WLNM_dir_neg,0.949221490862,0.924961980849,00:00:03,10,20,25,1232383549,threshold_sweep,0.9,0.965517241379,0.647398843931,0.77508650519,112,4,61,342,0.647398843931,0.988439306358,0.0115606936416,0.352601156069,0.965517241379,0.647398843931,0.77508650519,0.874759152216,0.592164418754,0.692913385827,0.719492324559,0.635838150289,216,43,173,0,216,0,43,0,173,37,216,0.162162162162,1.32432432432,11.6756756757,21.6,6,8.1990990496,0.702237650082,0.31006006006,10.329336629,1.76937710775,0.765265265265,3.0868314707,0.528762798222,0.252752752753,0.579945114934,0.437917739848,2,1.32432432432,0.579945114934,2,0.0121701261701,0.00597269624573,7,0.000900900900901,0.621196581197,37,37,37,1,0,0.72972972973,0.243243243243,0.027027027027,37,0.0322822822823,1.27027027027,2.32432432432,4.77777777778,1.86956521739,2.28587515521,0.983457915615,0.512884978001,2.3394386021,2.01300530878,0.817096165933,1.32315938222,1.13853249168,0.570710245129,0.508191163105,0.400065383721,2,1.34482758621,0.552647011402,2,0,0,0,0,0.10961029711,37,29,29,0.783783783784,0,0.540540540541,0.0810810810811,0.162162162162,37,159,0.119369369369,1.27474012474,8.59459459459,17.6666666667,5.12903225806,7.02163109992,0.816982234896,0.417304096549,8.25921998222,1.92195685121,0.796872344042,3.43078274892,0.798358249748,0.42563318035,0.51586897649,0.404685603346,2.01730769231,1.29043956044,0.526384952807,2.01730769231,0.0938970990695,0.0773269689737,54,0.00694980694981,0.604284244562,37,35,35,0.945945945946,0,0.702702702703,0.135135135135,0.108108108108,-57,-0.0427927927928,-0.0495841995842,-3.08108108108,-3.93333333333,-0.870967741935,-1.17746794969,0.114744584814,0.107244036489,-2.07011664678,0.152579743463,0.0316070787769,0.343951278214,0.269595451526,0.172880427597,-0.0640761384448,-0.0332321365026,0.0173076923077,-0.0338847638848,-0.053560162127,0.0173076923077,0.0817269728994,0.071354272728,47,0.00604890604891,-0.0169123366346,-0.027027027027,-0.108108108108,0.0810810810811,155,4,61,1112,0.717592592593,0.996415770609,0.00358422939068,0.282407407407,0.974842767296,0.717592592593,0.826666666667,0.811735806133,0.714008363202,0.704545454545,116,173,0,0,0,0
676,WLNM_dir_neg,0.934144141134,0.483639878064,00:00:05,10,20,26,1232383550,threshold_sweep,0.1,0.857142857143,0.832369942197,0.844574780059,144,24,29,322,0.832369942197,0.93063583815,0.0693641618497,0.167630057803,0.857142857143,0.832369942197,0.844574780059,0.897880539499,0.558766859345,0.768558951965,0.768742213596,0.763005780347,216,43,173,0,216,0,43,0,173,37,216,0.162162162162,1.32432432432,11.6756756757,21.6,6,8.1990990496,0.702237650082,0.31006006006,10.329336629,1.76937710775,0.765265265265,3.0868314707,0.528762798222,0.252752752753,0.579945114934,0.437917739848,2,1.32432432432,0.579945114934,2,0.0121701261701,0.00597269624573,7,0.000900900900901,0.621196581197,37,37,37,1,0,0.72972972973,0.243243243243,0.027027027027,37,0.0322822822823,1.35135135135,2.32432432432,4.3,1.79166666667,2.13507811533,0.918580119386,0.467001885607,2.29145166887,1.9717142267,0.812067881835,1.09324983201,0.940703343825,0.50408548083,0.675615612946,0.49995555358,3,1.41935483871,0.719916363123,3,0,0,0,0,0.0606407173074,37,31,31,0.837837837838,0,0.567567567568,0.0810810810811,0.189189189189,37,211,0.158408408408,1.97646532103,11.4054054054,9.17391304348,5.7027027027,7.96680425076,0.698511273171,0.346868195209,9.40999723953,1.65009430267,0.739848853593,3.34883781553,0.587236962913,0.304854617651,0.867177096971,0.438751486172,2.71521213177,1.97646532103,0.867177096971,2.71521213177,0.28027012762,0.164668769716,174,0.0223938223938,0.256741191428,37,37,37,1,0,0.378378378378,0.621621621622,0,-5,-0.00375375375375,0.65214099671,-0.27027027027,-12.4260869565,-0.297297297297,-0.232294798842,-0.00372637691073,0.0368081351494,-0.919339389465,-0.119282805078,-0.0254164116723,0.262006344825,0.0584741646902,0.0521018648981,0.287231982036,0.000833746323409,0.715212131772,0.65214099671,0.287231982036,0.715212131772,0.26810000145,0.15869607347,167,0.0214929214929,-0.364455389769,-0.351351351351,0.378378378378,-0.027027027027,187,24,29,1092,0.865740740741,0.978494623656,0.0215053763441,0.134259259259,0.886255924171,0.865740740741,0.875878220141,0.852272507801,0.844235364397,0.779166666667,168,173,0,0,0,0
677,WLNM_dir_neg,0.934144141134,0.483639878064,00:00:05,10,20,26,1232383550,threshold_sweep,0.2,0.941176470588,0.832369942197,0.883435582822,144,9,29,337,0.832369942197,0.973988439306,0.0260115606936,0.167630057803,0.941176470588,0.832369942197,0.883435582822,0.926782273603,0.568400770713,0.830357142857,0.833686842409,0.806358381503,216,43,173,0,216,0,43,0,173,37,216,0.162162162162,1.32432432432,11.6756756757,21.6,6,8.1990990496,0.702237650082,0.31006006006,10.329336629,1.76937710775,0.765265265265,3.0868314707,0.528762798222,0.252752752753,0.579945114934,0.437917739848,2,1.32432432432,0.579945114934,2,0.0121701261701,0.00597269624573,7,0.000900900900901,0.621196581197,37,37,37,1,0,0.72972972973,0.243243243243,0.027027027027,37,0.0322822822823,1.35135135135,2.32432432432,4.3,1.79166666667,2.13507811533,0.918580119386,0.467001885607,2.29145166887,1.9717142267,0.812067881835,1.09324983201,0.940703343825,0.50408548083,0.675615612946,0.49995555358,3,1.41935483871,0.719916363123,3,0,0,0,0,0.0606407173074,37,31,31,0.837837837838,0,0.567567567568,0.0810810810811,0.189189189189,37,196,0.147147147147,1.34446538976,10.5945945946,19.6,5.2972972973,8.18012312954,0.772103458655,0.371483728627,9.6230766184,1.81660119837,0.785162713734,2.49293295432,0.470604690356,0.257859900717,0.617577079782,0.459347696479,2.19391326901,1.34446538976,0.617577079782,2.19391326901,0.159803734179,0.0946177579705,92,0.0118404118404,0.458021513757,37,37,37,1,0,0.72972972973,0.27027027027,0,-20,-0.015015015015,0.0201410654341,-1.08108108108,-2,-0.702702702703,-0.0189759200658,0.0698658085736,0.0614236685665,-0.706260010599,0.0472240906262,0.0198974484689,-0.593898516388,-0.0581581078669,0.00510714796429,0.0376319648475,0.021429956631,0.193913269007,0.0201410654341,0.0376319648475,0.193913269007,0.147633608009,0.0886450617248,85,0.0109395109395,-0.163175067439,0,0.027027027027,-0.027027027027,187,9,29,1107,0.865740740741,0.991935483871,0.00806451612903,0.134259259259,0.954081632653,0.865740740741,0.907766990291,0.892411468463,0.857676224612,0.831111111111,153,173,0,0,0,0
678,WLNM_dir_neg,0.934144141134,0.483639878064,00:00:05,10,20,26,1232383550,threshold_sweep,0.3,0.939597315436,0.809248554913,0.869565217391,140,9,33,337,0.809248554913,0.973988439306,0.0260115606936,0.190751445087,0.939597315436,0.809248554913,0.869565217391,0.919075144509,0.570969813744,0.811377245509,0.816131793684,0.78323699422,216,43,173,0,216,0,43,0,173,37,216,0.162162162162,1.32432432432,11.6756756757,21.6,6,8.1990990496,0.702237650082,0.31006006006,10.329336629,1.76937710775,0.765265265265,3.0868314707,0.528762798222,0.252752752753,0.579945114934,0.437917739848,2,1.32432432432,0.579945114934,2,0.0121701261701,0.00597269624573,7,0.000900900900901,0.621196581197,37,37,37,1,0,0.72972972973,0.243243243243,0.027027027027,37,0.0322822822823,1.35135135135,2.32432432432,4.3,1.79166666667,2.13507811533,0.918580119386,0.467001885607,2.29145166887,1.9717142267,0.812067881835,1.09324983201,0.940703343825,0.50408548083,0.675615612946,0.49995555358,3,1.41935483871,0.719916363123,3,0,0,0,0,0.0606407173074,37,31,31,0.837837837838,0,0.567567567568,0.0810810810811,0.189189189189,37,192,0.144144144144,1.34409299968,10.3783783784,19.2,5.18918918919,8.07379626856,0.777943911293,0.369369369369,9.57960170199,1.84606907799,0.789695945946,2.52584240995,0.486750881083,0.26661036036,0.616543881624,0.458706266436,2.192382332,1.34409299968,0.616543881624,2.192382332,0.15953916656,0.092750533049,87,0.0111969111969,0.441004478606,37,37,37,1,0,0.72972972973,0.27027027027,0,-24,-0.018018018018,0.0197686753517,-1.2972972973,-2.4,-0.810810810811,-0.125302781046,0.0757062612115,0.0593093093093,-0.74973492701,0.0766919702423,0.0244306806807,-0.560989060758,-0.0420119171392,0.0138576076076,0.0365987666895,0.0207885265874,0.192382332001,0.0197686753517,0.0365987666895,0.192382332001,0.14736904039,0.0867778368033,80,0.010296010296,-0.180192102591,0,0.027027027027,-0.027027027027,183,9,33,1107,0.847222222222,0.991935483871,0.00806451612903,0.152777777778,0.953125,0.847222222222,0.897058823529,0.880642255027,0.839157706093,0.813333333333,149,173,0,0,0,0
679,WLNM_dir_neg,0.934144141134,0.483639878064,00:00:05,10,20,26,1232383550,threshold_sweep,0.4,0.939597315436,0.809248554913,0.869565217391,140,9,33,337,0.809248554913,0.973988439306,0.0260115606936,0.190751445087,0.939597315436,0.809248554913,0.869565217391,0.919075144509,0.570969813744,0.811377245509,0.816131793684,0.78323699422,216,43,173,0,216,0,43,0,173,37,216,0.162162162162,1.32432432432,11.6756756757,21.6,6,8.1990990496,0.702237650082,0.31006006006,10.329336629,1.76937710775,0.765265265265,3.0868314707,0.528762798222,0.252752752753,0.579945114934,0.437917739848,2,1.32432432432,0.579945114934,2,0.0121701261701,0.00597269624573,7,0.000900900900901,0.621196581197,37,37,37,1,0,0.72972972973,0.243243243243,0.027027027027,37,0.0322822822823,1.35135135135,2.32432432432,4.3,1.79166666667,2.13507811533,0.918580119386,0.467001885607,2.29145166887,1.9717142267,0.812067881835,1.09324983201,0.940703343825,0.50408548083,0.675615612946,0.49995555358,3,1.41935483871,0.719916363123,3,0,0,0,0,0.0606407173074,37,31,31,0.837837837838,0,0.567567567568,0.0810810810811,0.189189189189,37,192,0.144144144144,1.34409299968,10.3783783784,19.2,5.18918918919,8.07379626856,0.777943911293,0.369369369369,9.57960170199,1.84606907799,0.789695945946,2.52584240995,0.486750881083,0.26661036036,0.616543881624,0.458706266436,2.192382332,1.34409299968,0.616543881624,2.192382332,0.15953916656,0.092750533049,87,0.0111969111969,0.441004478606,37,37,37,1,0,0.72972972973,0.27027027027,0,-24,-0.018018018018,0.0197686753517,-1.2972972973,-2.4,-0.810810810811,-0.125302781046,0.0757062612115,0.0593093093093,-0.74973492701,0.0766919702423,0.0244306806807,-0.560989060758,-0.0420119171392,0.0138576076076,0.0365987666895,0.0207885265874,0.192382332001,0.0197686753517,0.0365987666895,0.192382332001,0.14736904039,0.0867778368033,80,0.010296010296,-0.180192102591,0,0.027027027027,-0.027027027027,183,9,33,1107,0.847222222222,0.991935483871,0.00806451612903,0.152777777778,0.953125,0.847222222222,0.897058823529,0.880642255027,0.839157706093,0.813333333333,149,173,0,0,0,0
680,WLNM_dir_neg,0.934144141134,0.483639878064,00:00:05,10,20,26,1232383550,threshold_sweep,0.5,0.938356164384,0.791907514451,0.858934169279,137,9,36,337,0.791907514451,0.973988439306,0.0260115606936,0.208092485549,0.938356164384,0.791907514451,0.858934169279,0.913294797688,0.572896596018,0.796992481203,0.802971317405,0.765895953757,216,43,173,0,216,0,43,0,173,37,216,0.162162162162,1.32432432432,11.6756756757,21.6,6,8.1990990496,0.702237650082,0.31006006006,10.329336629,1.76937710775,0.765265265265,3.0868314707,0.528762798222,0.252752752753,0.579945114934,0.437917739848,2,1.32432432432,0.579945114934,2,0.0121701261701,0.00597269624573,7,0.000900900900901,0.621196581197,37,37,37,1,0,0.72972972973,0.243243243243,0.027027027027,37,0.0322822822823,1.35135135135,2.32432432432,4.3,1.79166666667,2.13507811533,0.918580119386,0.467001885607,2.29145166887,1.9717142267,0.812067881835,1.09324983201,0.940703343825,0.50408548083,0.675615612946,0.49995555358,3,1.41935483871,0.719916363123,3,0,0,0,0,0.0606407173074,37,31,31,0.837837837838,0,0.567567567568,0.0810810810811,0.189189189189,37,189,0.141891891892,1.34421890052,10.2162162162,18.9,5.10810810811,8.04893069204,0.787858295253,0.371371371371,9.51251743693,1.86223886332,0.792792792793,2.45836196349,0.481266627774,0.264264264264,0.616748081471,0.458815213231,2.19289992436,1.34421890052,0.616748081471,2.19289992436,0.160586496898,0.091669698072,84,0.0108108108108,0.42307656876,37,37,37,1,0,0.72972972973,0.27027027027,0,-27,-0.0202702702703,0.0198945761951,-1.45945945946,-2.7,-0.891891891892,-0.150168357563,0.0856206451709,0.0613113113113,-0.816819192065,0.09286175557,0.0275275275275,-0.628469507212,-0.0474961704489,0.0115115115115,0.036802966537,0.0208974733829,0.192899924358,0.0198945761951,0.036802966537,0.192899924358,0.148416370728,0.0856970018263,77,0.00990990990991,-0.198120012437,0,0.027027027027,-0.027027027027,180,9,36,1107,0.833333333333,0.991935483871,0.00806451612903,0.166666666667,0.952380952381,0.833333333333,0.888888888889,0.871766931839,0.825268817204,0.8,146,173,0,0,0,0
681,WLNM_dir_neg,0.934144141134,0.483639878064,00:00:05,10,20,26,1232383550,threshold_sweep,0.6,0.944827586207,0.791907514451,0.861635220126,137,8,36,338,0.791907514451,0.976878612717,0.0231213872832,0.208092485549,0.944827586207,0.791907514451,0.861635220126,0.915221579961,0.573538856776,0.801204819277,0.80769396256,0.768786127168,216,43,173,0,216,0,43,0,173,37,216,0.162162162162,1.32432432432,11.6756756757,21.6,6,8.1990990496,0.702237650082,0.31006006006,10.329336629,1.76937710775,0.765265265265,3.0868314707,0.528762798222,0.252752752753,0.579945114934,0.437917739848,2,1.32432432432,0.579945114934,2,0.0121701261701,0.00597269624573,7,0.000900900900901,0.621196581197,37,37,37,1,0,0.72972972973,0.243243243243,0.027027027027,37,0.0322822822823,1.35135135135,2.32432432432,4.3,1.79166666667,2.13507811533,0.918580119386,0.467001885607,2.29145166887,1.9717142267,0.812067881835,1.09324983201,0.940703343825,0.50408548083,0.675615612946,0.49995555358,3,1.41935483871,0.719916363123,3,0,0,0,0,0.0606407173074,37,31,31,0.837837837838,0,0.567567567568,0.0810810810811,0.189189189189,37,188,0.141141141141,1.34317543524,10.1621621622,18.8,5.08108108108,7.91802975463,0.779167821599,0.368315123634,9.44392332072,1.85864448333,0.791834387579,2.49864828322,0.49175524723,0.269695227142,0.614953467736,0.457835552677,2.18861012266,1.34317543524,0.614953467736,2.18861012266,0.10693700645,0.0646119569254,58,0.00746460746461,0.426149664561,37,37,37,1,0,0.72972972973,0.27027027027,0,-28,-0.021021021021,0.0188511109179,-1.51351351351,-2.8,-0.918918918919,-0.281069294975,0.0769301715173,0.0582550635742,-0.885413308277,0.0892673755884,0.0265691223138,-0.588183187483,-0.0370075509928,0.0169424743893,0.0350083528017,0.0199178128285,0.188610122662,0.0188511109179,0.0350083528017,0.188610122662,0.0947668802803,0.0586392606796,51,0.00656370656371,-0.195046916635,0,0.027027027027,-0.027027027027,180,8,36,1108,0.833333333333,0.992831541219,0.00716845878136,0.166666666667,0.957446808511,0.833333333333,0.891089108911,0.874648916475,0.826164874552,0.803571428571,145,173,0,0,0,0
682,WLNM_dir_neg,0.934144141134,0.483639878064,00:00:05,10,20,26,1232383550,threshold_sweep,0.7,0.942857142857,0.763005780347,0.843450479233,132,8,41,338,0.763005780347,0.976878612717,0.0231213872832,0.236994219653,0.942857142857,0.763005780347,0.843450479233,0.905587668593,0.576750160565,0.776934749621,0.785853052887,0.739884393064,216,43,173,0,216,0,43,0,173,37,216,0.162162162162,1.32432432432,11.6756756757,21.6,6,8.1990990496,0.702237650082,0.31006006006,10.329336629,1.76937710775,0.765265265265,3.0868314707,0.528762798222,0.252752752753,0.579945114934,0.437917739848,2,1.32432432432,0.579945114934,2,0.0121701261701,0.00597269624573,7,0.000900900900901,0.621196581197,37,37,37,1,0,0.72972972973,0.243243243243,0.027027027027,37,0.0322822822823,1.35135135135,2.32432432432,4.3,1.79166666667,2.13507811533,0.918580119386,0.467001885607,2.29145166887,1.9717142267,0.812067881835,1.09324983201,0.940703343825,0.50408548083,0.675615612946,0.49995555358,3,1.41935483871,0.719916363123,3,0,0,0,0,0.0606407173074,37,31,31,0.837837837838,0,0.567567567568,0.0810810810811,0.189189189189,37,183,0.137387387387,1.34317543524,9.89189189189,18.3,5.08333333333,7.78810982554,0.787322577992,0.378821444395,9.16801791842,1.85364296711,0.79131590607,2.613490067,0.528410559995,0.287697533599,0.614953467736,0.457835552677,2.18861012266,1.35270808622,0.620897941425,2.18861012266,0.125984625498,0.0679422100742,58,0.00746460746461,0.431121802017,37,36,36,0.972972972973,0,0.702702702703,0.27027027027,0,-33,-0.0247747747748,0.0188511109179,-1.78378378378,-3.3,-0.916666666667,-0.410989224066,0.0850849279098,0.0687613843352,-1.16131871058,0.0842658593678,0.0260506408047,-0.4733414037,-0.00035223822703,0.0349447808464,0.0350083528017,0.0199178128285,0.188610122662,0.0283837618968,0.0409528264906,0.188610122662,0.113814499328,0.0619695138285,51,0.00656370656371,-0.190074779179,-0.027027027027,0.027027027027,-0.027027027027,175,8,41,1108,0.810185185185,0.992831541219,0.00716845878136,0.189814814815,0.956284153005,0.810185185185,0.877192982456,0.859801117335,0.803016726404,0.78125,140,173,0,0,0,0
683,WLNM_dir_neg,0.934144141134,0.483639878064,00:00:05,10,20,26,1232383550,threshold_sweep,0.8,0.953488372093,0.71098265896,0.814569536424,123,6,50,340,0.71098265896,0.982658959538,0.0173410404624,0.28901734104,0.953488372093,0.71098265896,0.814569536424,0.892100192678,0.583815028902,0.740740740741,0.756604787858,0.693641618497,216,43,173,0,216,0,43,0,173,37,216,0.162162162162,1.32432432432,11.6756756757,21.6,6,8.1990990496,0.702237650082,0.31006006006,10.329336629,1.76937710775,0.765265265265,3.0868314707,0.528762798222,0.252752752753,0.579945114934,0.437917739848,2,1.32432432432,0.579945114934,2,0.0121701261701,0.00597269624573,7,0.000900900900901,0.621196581197,37,37,37,1,0,0.72972972973,0.243243243243,0.027027027027,37,0.0322822822823,1.35135135135,2.32432432432,4.3,1.79166666667,2.13507811533,0.918580119386,0.467001885607,2.29145166887,1.9717142267,0.812067881835,1.09324983201,0.940703343825,0.50408548083,0.675615612946,0.49995555358,3,1.41935483871,0.719916363123,3,0,0,0,0,0.0606407173074,37,31,31,0.837837837838,0,0.567567567568,0.0810810810811,0.189189189189,37,172,0.129129129129,1.33783292443,9.2972972973,17.2,4.77777777778,7.45305628907,0.801636868301,0.383878064111,8.90760042578,1.91616985903,0.801382778127,2.89843076524,0.62349964136,0.336266499057,0.603560548761,0.451147925679,2.10810810811,1.34721717233,0.60937838829,2.10810810811,0.0744586055766,0.0591006423983,46,0.00592020592021,0.427153643073,37,36,36,0.972972972973,0,0.702702702703,0.27027027027,0,-44,-0.033033033033,0.0135086001042,-2.37837837838,-4.4,-1.22222222222,-0.746042760534,0.0993992182193,0.0738180040506,-1.42173620322,0.146792751289,0.0361175128617,-0.188400705462,0.0947368431377,0.0835137463044,0.0236154338268,0.0132301858307,0.108108108108,0.022892848005,0.0294332733554,0.108108108108,0.0622884794065,0.0531279461526,39,0.00501930501931,-0.194042938124,-0.027027027027,0.027027027027,-0.027027027027,166,6,50,1110,0.768518518519,0.994623655914,0.00537634408602,0.231481481481,0.96511627907,0.768518518519,0.855670103093,0.838824699533,0.763142174432,0.747747747748,129,173,0,0,0,0
684,WLNM_dir_neg,0.934144141134,0.483639878064,00:00:05,10,20,26,1232383550,threshold_sweep,0.9,0.963636363636,0.612716763006,0.749116607774,106,4,67,342,0.612716763006,0.988439306358,0.0115606936416,0.387283236994,0.963636363636,0.612716763006,0.749116607774,0.863198458574,0.596017983301,0.661367249603,0.693410383212,0.601156069364,216,43,173,0,216,0,43,0,173,37,216,0.162162162162,1.32432432432,11.6756756757,21.6,6,8.1990990496,0.702237650082,0.31006006006,10.329336629,1.76937710775,0.765265265265,3.0868314707,0.528762798222,0.252752752753,0.579945114934,0.437917739848,2,1.32432432432,0.579945114934,2,0.0121701261701,0.00597269624573,7,0.000900900900901,0.621196581197,37,37,37,1,0,0.72972972973,0.243243243243,0.027027027027,37,0.0322822822823,1.35135135135,2.32432432432,4.3,1.79166666667,2.13507811533,0.918580119386,0.467001885607,2.29145166887,1.9717142267,0.812067881835,1.09324983201,0.940703343825,0.50408548083,0.675615612946,0.49995555358,3,1.41935483871,0.719916363123,3,0,0,0,0,0.0606407173074,37,31,31,0.837837837838,0,0.567567567568,0.0810810810811,0.189189189189,37,153,0.114864864865,1.33335847475,8.27027027027,15.3,4.25,6.94281662603,0.839490899226,0.404522169228,8.0903308618,1.95648524109,0.808337749514,2.81031989245,0.679619843272,0.369546016605,0.595586338189,0.446681330989,2.06666666667,1.34261843239,0.601327492102,2.06666666667,0.0572901359718,0.0406461698801,26,0.0033462033462,0.375390304161,37,36,36,0.972972972973,0,0.702702702703,0.27027027027,0,-63,-0.0472972972973,0.0090341504295,-3.40540540541,-6.3,-1.75,-1.25628242357,0.137253249144,0.094462109168,-2.2390057672,0.187108133344,0.043072484249,-0.276511578254,0.15085704505,0.116793263852,0.0156412232546,0.00876359114098,0.0666666666667,0.0182941080615,0.0213823771673,0.0666666666667,0.0451200098016,0.0346734736344,19,0.0024453024453,-0.245806277035,-0.027027027027,0.027027027027,-0.027027027027,149,4,67,1112,0.689814814815,0.996415770609,0.00358422939068,0.310185185185,0.97385620915,0.689814814815,0.807588075881,0.793279854912,0.686230585424,0.677272727273,110,173,0,0,0,0
685,WLNM_dir_neg,0.948026997227,0.483056062731,00:00:04,10,20,27,1232383551,threshold_sweep,0.1,0.924242424242,0.705202312139,0.8,122,10,51,336,0.705202312139,0.971098265896,0.028901734104,0.294797687861,0.924242424242,0.705202312139,0.8,0.88246628131,0.581888246628,0.718894009217,0.732079779384,0.676300578035,216,43,173,0,216,0,43,0,173,37,216,0.162162162162,1.32432432432,11.6756756757,21.6,6,8.1990990496,0.702237650082,0.31006006006,10.329336629,1.76937710775,0.765265265265,3.0868314707,0.528762798222,0.252752752753,0.579945114934,0.437917739848,2,1.32432432432,0.579945114934,2,0.0121701261701,0.00597269624573,7,0.000900900900901,0.621196581197,37,37,37,1,0,0.72972972973,0.243243243243,0.027027027027,37,0.0322822822823,1.32432432432,2.32432432432,4.3,1.95454545455,2.06900478027,0.890153219419,0.478944060339,2.19232896854,1.88642260084,0.798240100566,1.23633673751,1.06382463461,0.564424890006,0.579945114934,0.437917739848,2,1.41379310345,0.627764820574,2,0,0,0,0,0.0795168411835,37,29,29,0.783783783784,0,0.513513513514,0.0810810810811,0.189189189189,37,175,0.131381381381,1.34431550394,9.45945945946,17.5,4.86111111111,7.73374494089,0.817567322323,0.404787644788,8.65591849112,1.83010848098,0.787644787645,2.75528430322,0.58254582411,0.31444015444,0.612333517356,0.455498367432,2.07407787747,1.35387982349,0.61821026944,2.07407787747,0.313034679321,0.126829268293,104,0.0133848133848,0.440382263921,37,36,36,0.972972972973,0,0.702702702703,0.27027027027,0,-41,-0.0307807807808,0.0199911796121,-2.21621621622,-4.1,-1.13888888889,-0.46535410871,0.115329672241,0.0947275847276,-1.67341813788,0.0607313732345,0.0223795223795,-0.33154716748,0.0537830258877,0.0616874016874,0.0323884024215,0.0175806275831,0.0740778774707,0.0295554991659,0.0382651545055,0.0740778774707,0.300864553151,0.120856572047,97,0.0124839124839,-0.180814317276,-0.027027027027,0.027027027027,-0.027027027027,165,10,51,1106,0.763888888889,0.991039426523,0.0089605734767,0.236111111111,0.942857142857,0.763888888889,0.843989769821,0.823718811113,0.754928315412,0.730088495575,132,173,0,0,0,0
686,WLNM_dir_neg,0.948026997227,0.483056062731,00:00:04,10,20,27,1232383551,threshold_sweep,0.2,0.931297709924,0.705202312139,0.802631578947,122,9,51,337,0.705202312139,0.973988439306,0.0260115606936,0.294797687861,0.931297709924,0.705202312139,0.802631578947,0.884393063584,0.582530507386,0.723076923077,0.737057472944,0.679190751445,216,43,173,0,216,0,43,0,173,37,216,0.162162162162,1.32432432432,11.6756756757,21.6,6,8.1990990496,0.702237650082,0.31006006006,10.329336629,1.76937710775,0.765265265265,3.0868314707,0.528762798222,0.252752752753,0.579945114934,0.437917739848,2,1.32432432432,0.579945114934,2,0.0121701261701,0.00597269624573,7,0.000900900900901,0.621196581197,37,37,37,1,0,0.72972972973,0.243243243243,0.027027027027,37,0.0322822822823,1.32432432432,2.32432432432,4.3,1.95454545455,2.06900478027,0.890153219419,0.478944060339,2.19232896854,1.88642260084,0.798240100566,1.23633673751,1.06382463461,0.564424890006,0.579945114934,0.437917739848,2,1.41379310345,0.627764820574,2,0,0,0,0,0.0795168411835,37,29,29,0.783783783784,0,0.513513513514,0.0810810810811,0.189189189189,37,174,0.130630630631,1.34293752644,9.40540540541,17.4,4.83333333333,7.61744875437,0.809901160666,0.402143522833,8.58572738414,1.82570065065,0.786579683131,2.77753752715,0.590625796003,0.317489903697,0.610175576455,0.4543588696,2.06903952021,1.35246356884,0.616034308952,2.06903952021,0.282559270767,0.103276648693,83,0.0106821106821,0.442856044116,37,36,36,0.972972972973,0,0.702702702703,0.27027027027,0,-42,-0.0315315315315,0.0186132021114,-2.27027027027,-4.2,-1.16666666667,-0.58165029523,0.107663510584,0.0920834627731,-1.74360924486,0.0563235429044,0.0213144178661,-0.309293943556,0.0618629977803,0.064737150944,0.0302304615201,0.0164411297514,0.0690395202077,0.0281392445124,0.0360891940175,0.0690395202077,0.270389144596,0.0973039524478,76,0.00978120978121,-0.178340537081,-0.027027027027,0.027027027027,-0.027027027027,165,9,51,1107,0.763888888889,0.991935483871,0.00806451612903,0.236111111111,0.948275862069,0.763888888889,0.846153846154,0.826705755842,0.75582437276,0.733333333333,131,173,0,0,0,0
687,WLNM_dir_neg,0.948026997227,0.483056062731,00:00:04,10,20,27,1232383551,threshold_sweep,0.3,0.945736434109,0.705202312139,0.807947019868,122,7,51,339,0.705202312139,0.979768786127,0.0202312138728,0.294797687861,0.945736434109,0.705202312139,0.807947019868,0.888246628131,0.583815028902,0.731481481481,0.747147228009,0.684971098266,216,43,173,0,216,0,43,0,173,37,216,0.162162162162,1.32432432432,11.6756756757,21.6,6,8.1990990496,0.702237650082,0.31006006006,10.329336629,1.76937710775,0.765265265265,3.0868314707,0.528762798222,0.252752752753,0.579945114934,0.437917739848,2,1.32432432432,0.579945114934,2,0.0121701261701,0.00597269624573,7,0.000900900900901,0.621196581197,37,37,37,1,0,0.72972972973,0.243243243243,0.027027027027,37,0.0322822822823,1.32432432432,2.32432432432,4.3,1.95454545455,2.06900478027,0.890153219419,0.478944060339,2.19232896854,1.88642260084,0.798240100566,1.23633673751,1.06382463461,0.564424890006,0.579945114934,0.437917739848,2,1.41379310345,0.627764820574,2,0,0,0,0,0.0795168411835,37,29,29,0.783783783784,0,0.513513513514,0.0810810810811,0.189189189189,37,172,0.129129129129,1.33700931055,9.2972972973,17.2,4.77777777778,7.50505335263,0.807229575719,0.398805782527,8.47288556454,1.82265561563,0.785669390321,2.83054977204,0.608897334684,0.326838466373,0.599838147589,0.448641713154,2.0473639344,1.34637068029,0.605599555924,2.0473639344,0.282559270767,0.103276648693,83,0.0106821106821,0.448849580136,37,36,36,0.972972972973,0,0.702702702703,0.27027027027,0,-44,-0.033033033033,0.0126849862258,-2.37837837838,-4.4,-1.22222222222,-0.694045696974,0.104991925637,0.0887457224667,-1.85645106446,0.0532785078825,0.0204041250553,-0.256281698661,0.0801345364612,0.0740857136206,0.0198930326542,0.010723973306,0.047363934396,0.0220463559633,0.0256544409895,0.047363934396,0.270389144596,0.0973039524478,76,0.00978120978121,-0.17234700106,-0.027027027027,0.027027027027,-0.027027027027,165,7,51,1109,0.763888888889,0.993727598566,0.00627240143369,0.236111111111,0.959302325581,0.763888888889,0.850515463918,0.832751017756,0.757616487455,0.739910313901,129,173,0,0,0,0
688,WLNM_dir_neg,0.948026997227,0.483056062731,00:00:04,10,20,27,1232383551,threshold_sweep,0.4,0.945736434109,0.705202312139,0.807947019868,122,7,51,339,0.705202312139,0.979768786127,0.0202312138728,0.294797687861,0.945736434109,0.705202312139,0.807947019868,0.888246628131,0.583815028902,0.731481481481,0.747147228009,0.684971098266,216,43,173,0,216,0,43,0,173,37,216,0.162162162162,1.32432432432,11.6756756757,21.6,6,8.1990990496,0.702237650082,0.31006006006,10.329336629,1.76937710775,0.765265265265,3.0868314707,0.528762798222,0.252752752753,0.579945114934,0.437917739848,2,1.32432432432,0.579945114934,2,0.0121701261701,0.00597269624573,7,0.000900900900901,0.621196581197,37,37,37,1,0,0.72972972973,0.243243243243,0.027027027027,37,0.0322822822823,1.32432432432,2.32432432432,4.3,1.95454545455,2.06900478027,0.890153219419,0.478944060339,2.19232896854,1.88642260084,0.798240100566,1.23633673751,1.06382463461,0.564424890006,0.579945114934,0.437917739848,2,1.41379310345,0.627764820574,2,0,0,0,0,0.0795168411835,37,29,29,0.783783783784,0,0.513513513514,0.0810810810811,0.189189189189,37,172,0.129129129129,1.33700931055,9.2972972973,17.2,4.77777777778,7.50505335263,0.807229575719,0.398805782527,8.47288556454,1.82265561563,0.785669390321,2.83054977204,0.608897334684,0.326838466373,0.599838147589,0.448641713154,2.0473639344,1.34637068029,0.605599555924,2.0473639344,0.282559270767,0.103276648693,83,0.0106821106821,0.448849580136,37,36,36,0.972972972973,0,0.702702702703,0.27027027027,0,-44,-0.033033033033,0.0126849862258,-2.37837837838,-4.4,-1.22222222222,-0.694045696974,0.104991925637,0.0887457224667,-1.85645106446,0.0532785078825,0.0204041250553,-0.256281698661,0.0801345364612,0.0740857136206,0.0198930326542,0.010723973306,0.047363934396,0.0220463559633,0.0256544409895,0.047363934396,0.270389144596,0.0973039524478,76,0.00978120978121,-0.17234700106,-0.027027027027,0.027027027027,-0.027027027027,165,7,51,1109,0.763888888889,0.993727598566,0.00627240143369,0.236111111111,0.959302325581,0.763888888889,0.850515463918,0.832751017756,0.757616487455,0.739910313901,129,173,0,0,0,0
689,WLNM_dir_neg,0.948026997227,0.483056062731,00:00:04,10,20,27,1232383551,threshold_sweep,0.5,0.945736434109,0.705202312139,0.807947019868,122,7,51,339,0.705202312139,0.979768786127,0.0202312138728,0.294797687861,0.945736434109,0.705202312139,0.807947019868,0.888246628131,0.583815028902,0.731481481481,0.747147228009,0.684971098266,216,43,173,0,216,0,43,0,173,37,216,0.162162162162,1.32432432432,11.6756756757,21.6,6,8.1990990496,0.702237650082,0.31006006006,10.329336629,1.76937710775,0.765265265265,3.0868314707,0.528762798222,0.252752752753,0.579945114934,0.437917739848,2,1.32432432432,0.579945114934,2,0.0121701261701,0.00597269624573,7,0.000900900900901,0.621196581197,37,37,37,1,0,0.72972972973,0.243243243243,0.027027027027,37,0.0322822822823,1.32432432432,2.32432432432,4.3,1.95454545455,2.06900478027,0.890153219419,0.478944060339,2.19232896854,1.88642260084,0.798240100566,1.23633673751,1.06382463461,0.564424890006,0.579945114934,0.437917739848,2,1.41379310345,0.627764820574,2,0,0,0,0,0.0795168411835,37,29,29,0.783783783784,0,0.513513513514,0.0810810810811,0.189189189189,37,172,0.129129129129,1.33700931055,9.2972972973,17.2,4.77777777778,7.50505335263,0.807229575719,0.398805782527,8.47288556454,1.82265561563,0.785669390321,2.83054977204,0.608897334684,0.326838466373,0.599838147589,0.448641713154,2.0473639344,1.34637068029,0.605599555924,2.0473639344,0.282559270767,0.103276648693,83,0.0106821106821,0.448849580136,37,36,36,0.972972972973,0,0.702702702703,0.27027027027,0,-44,-0.033033033033,0.0126849862258,-2.37837837838,-4.4,-1.22222222222,-0.694045696974,0.104991925637,0.0887457224667,-1.85645106446,0.0532785078825,0.0204041250553,-0.256281698661,0.0801345364612,0.0740857136206,0.0198930326542,0.010723973306,0.047363934396,0.0220463559633,0.0256544409895,0.047363934396,0.270389144596,0.0973039524478,76,0.00978120978121,-0.17234700106,-0.027027027027,0.027027027027,-0.027027027027,165,7,51,1109,0.763888888889,0.993727598566,0.00627240143369,0.236111111111,0.959302325581,0.763888888889,0.850515463918,0.832751017756,0.757616487455,0.739910313901,129,173,0,0,0,0
690,WLNM_dir_neg,0.948026997227,0.483056062731,00:00:04,10,20,27,1232383551,threshold_sweep,0.6,0.945736434109,0.705202312139,0.807947019868,122,7,51,339,0.705202312139,0.979768786127,0.0202312138728,0.294797687861,0.945736434109,0.705202312139,0.807947019868,0.888246628131,0.583815028902,0.731481481481,0.747147228009,0.684971098266,216,43,173,0,216,0,43,0,173,37,216,0.162162162162,1.32432432432,11.6756756757,21.6,6,8.1990990496,0.702237650082,0.31006006006,10.329336629,1.76937710775,0.765265265265,3.0868314707,0.528762798222,0.252752752753,0.579945114934,0.437917739848,2,1.32432432432,0.579945114934,2,0.0121701261701,0.00597269624573,7,0.000900900900901,0.621196581197,37,37,37,1,0,0.72972972973,0.243243243243,0.027027027027,37,0.0322822822823,1.32432432432,2.32432432432,4.3,1.95454545455,2.06900478027,0.890153219419,0.478944060339,2.19232896854,1.88642260084,0.798240100566,1.23633673751,1.06382463461,0.564424890006,0.579945114934,0.437917739848,2,1.41379310345,0.627764820574,2,0,0,0,0,0.0795168411835,37,29,29,0.783783783784,0,0.513513513514,0.0810810810811,0.189189189189,37,172,0.129129129129,1.33700931055,9.2972972973,17.2,4.77777777778,7.50505335263,0.807229575719,0.398805782527,8.47288556454,1.82265561563,0.785669390321,2.83054977204,0.608897334684,0.326838466373,0.599838147589,0.448641713154,2.0473639344,1.34637068029,0.605599555924,2.0473639344,0.282559270767,0.103276648693,83,0.0106821106821,0.448849580136,37,36,36,0.972972972973,0,0.702702702703,0.27027027027,0,-44,-0.033033033033,0.0126849862258,-2.37837837838,-4.4,-1.22222222222,-0.694045696974,0.104991925637,0.0887457224667,-1.85645106446,0.0532785078825,0.0204041250553,-0.256281698661,0.0801345364612,0.0740857136206,0.0198930326542,0.010723973306,0.047363934396,0.0220463559633,0.0256544409895,0.047363934396,0.270389144596,0.0973039524478,76,0.00978120978121,-0.17234700106,-0.027027027027,0.027027027027,-0.027027027027,165,7,51,1109,0.763888888889,0.993727598566,0.00627240143369,0.236111111111,0.959302325581,0.763888888889,0.850515463918,0.832751017756,0.757616487455,0.739910313901,129,173,0,0,0,0
691,WLNM_dir_neg,0.948026997227,0.483056062731,00:00:04,10,20,27,1232383551,threshold_sweep,0.7,0.945736434109,0.705202312139,0.807947019868,122,7,51,339,0.705202312139,0.979768786127,0.0202312138728,0.294797687861,0.945736434109,0.705202312139,0.807947019868,0.888246628131,0.583815028902,0.731481481481,0.747147228009,0.684971098266,216,43,173,0,216,0,43,0,173,37,216,0.162162162162,1.32432432432,11.6756756757,21.6,6,8.1990990496,0.702237650082,0.31006006006,10.329336629,1.76937710775,0.765265265265,3.0868314707,0.528762798222,0.252752752753,0.579945114934,0.437917739848,2,1.32432432432,0.579945114934,2,0.0121701261701,0.00597269624573,7,0.000900900900901,0.621196581197,37,37,37,1,0,0.72972972973,0.243243243243,0.027027027027,37,0.0322822822823,1.32432432432,2.32432432432,4.3,1.95454545455,2.06900478027,0.890153219419,0.478944060339,2.19232896854,1.88642260084,0.798240100566,1.23633673751,1.06382463461,0.564424890006,0.579945114934,0.437917739848,2,1.41379310345,0.627764820574,2,0,0,0,0,0.0795168411835,37,29,29,0.783783783784,0,0.513513513514,0.0810810810811,0.189189189189,37,172,0.129129129129,1.33700931055,9.2972972973,17.2,4.77777777778,7.50505335263,0.807229575719,0.398805782527,8.47288556454,1.82265561563,0.785669390321,2.83054977204,0.608897334684,0.326838466373,0.599838147589,0.448641713154,2.0473639344,1.34637068029,0.605599555924,2.0473639344,0.282559270767,0.103276648693,83,0.0106821106821,0.448849580136,37,36,36,0.972972972973,0,0.702702702703,0.27027027027,0,-44,-0.033033033033,0.0126849862258,-2.37837837838,-4.4,-1.22222222222,-0.694045696974,0.104991925637,0.0887457224667,-1.85645106446,0.0532785078825,0.0204041250553,-0.256281698661,0.0801345364612,0.0740857136206,0.0198930326542,0.010723973306,0.047363934396,0.0220463559633,0.0256544409895,0.047363934396,0.270389144596,0.0973039524478,76,0.00978120978121,-0.17234700106,-0.027027027027,0.027027027027,-0.027027027027,165,7,51,1109,0.763888888889,0.993727598566,0.00627240143369,0.236111111111,0.959302325581,0.763888888889,0.850515463918,0.832751017756,0.757616487455,0.739910313901,129,173,0,0,0,0
692,WLNM_dir_neg,0.948026997227,0.483056062731,00:00:04,10,20,27,1232383551,threshold_sweep,0.8,0.9453125,0.699421965318,0.803986710963,121,7,52,339,0.699421965318,0.979768786127,0.0202312138728,0.300578034682,0.9453125,0.699421965318,0.803986710963,0.886319845857,0.58445728966,0.726429675425,0.742778801842,0.679190751445,216,43,173,0,216,0,43,0,173,37,216,0.162162162162,1.32432432432,11.6756756757,21.6,6,8.1990990496,0.702237650082,0.31006006006,10.329336629,1.76937710775,0.765265265265,3.0868314707,0.528762798222,0.252752752753,0.579945114934,0.437917739848,2,1.32432432432,0.579945114934,2,0.0121701261701,0.00597269624573,7,0.000900900900901,0.621196581197,37,37,37,1,0,0.72972972973,0.243243243243,0.027027027027,37,0.0322822822823,1.32432432432,2.32432432432,4.3,1.95454545455,2.06900478027,0.890153219419,0.478944060339,2.19232896854,1.88642260084,0.798240100566,1.23633673751,1.06382463461,0.564424890006,0.579945114934,0.437917739848,2,1.41379310345,0.627764820574,2,0,0,0,0,0.0795168411835,37,29,29,0.783783783784,0,0.513513513514,0.0810810810811,0.189189189189,37,171,0.128378378378,1.33719591845,9.24324324324,17.1,4.75,7.46624033532,0.807751147388,0.398609135451,8.42401115645,1.82273925607,0.785838470049,2.8022942124,0.606344361747,0.324956535483,0.600146553191,0.448809740525,2.04804623673,1.34656247174,0.605910705823,2.04804623673,0.283934136502,0.104446308725,83,0.0106821106821,0.441833509787,37,36,36,0.972972972973,0,0.702702702703,0.27027027027,0,-45,-0.0337837837838,0.0128715941263,-2.43243243243,-4.5,-1.25,-0.732858714285,0.105513497306,0.0885490753912,-1.90532547255,0.0533621483283,0.0205732047837,-0.284537258304,0.077581563525,0.0722037827301,0.0202014382564,0.0108920006765,0.0480462367341,0.0222381474166,0.0259655908887,0.0480462367341,0.271764010332,0.0984736124791,76,0.00978120978121,-0.17936307141,-0.027027027027,0.027027027027,-0.027027027027,164,7,52,1109,0.759259259259,0.993727598566,0.00627240143369,0.240740740741,0.959064327485,0.759259259259,0.847545219638,0.82972123321,0.752986857826,0.735426008969,128,173,0,0,0,0
693,WLNM_dir_neg,0.948026997227,0.483056062731,00:00:04,10,20,27,1232383551,threshold_sweep,0.9,0.9453125,0.699421965318,0.803986710963,121,7,52,339,0.699421965318,0.979768786127,0.0202312138728,0.300578034682,0.9453125,0.699421965318,0.803986710963,0.886319845857,0.58445728966,0.726429675425,0.742778801842,0.679190751445,216,43,173,0,216,0,43,0,173,37,216,0.162162162162,1.32432432432,11.6756756757,21.6,6,8.1990990496,0.702237650082,0.31006006006,10.329336629,1.76937710775,0.765265265265,3.0868314707,0.528762798222,0.252752752753,0.579945114934,0.437917739848,2,1.32432432432,0.579945114934,2,0.0121701261701,0.00597269624573,7,0.000900900900901,0.621196581197,37,37,37,1,0,0.72972972973,0.243243243243,0.027027027027,37,0.0322822822823,1.32432432432,2.32432432432,4.3,1.95454545455,2.06900478027,0.890153219419,0.478944060339,2.19232896854,1.88642260084,0.798240100566,1.23633673751,1.06382463461,0.564424890006,0.579945114934,0.437917739848,2,1.41379310345,0.627764820574,2,0,0,0,0,0.0795168411835,37,29,29,0.783783783784,0,0.513513513514,0.0810810810811,0.189189189189,37,171,0.128378378378,1.33719591845,9.24324324324,17.1,4.75,7.46624033532,0.807751147388,0.398609135451,8.42401115645,1.82273925607,0.785838470049,2.8022942124,0.606344361747,0.324956535483,0.600146553191,0.448809740525,2.04804623673,1.34656247174,0.605910705823,2.04804623673,0.283934136502,0.104446308725,83,0.0106821106821,0.441833509787,37,36,36,0.972972972973,0,0.702702702703,0.27027027027,0,-45,-0.0337837837838,0.0128715941263,-2.43243243243,-4.5,-1.25,-0.732858714285,0.105513497306,0.0885490753912,-1.90532547255,0.0533621483283,0.0205732047837,-0.284537258304,0.077581563525,0.0722037827301,0.0202014382564,0.0108920006765,0.0480462367341,0.0222381474166,0.0259655908887,0.0480462367341,0.271764010332,0.0984736124791,76,0.00978120978121,-0.17936307141,-0.027027027027,0.027027027027,-0.027027027027,164,7,52,1109,0.759259259259,0.993727598566,0.00627240143369,0.240740740741,0.959064327485,0.759259259259,0.847545219638,0.82972123321,0.752986857826,0.735426008969,128,173,0,0,0,0
694,WLNM_dir_neg,0.939590363861,0.929134551662,00:00:04,10,20,28,1232383552,threshold_sweep,0.1,0.953020134228,0.820809248555,0.88198757764,142,7,31,339,0.820809248555,0.979768786127,0.0202312138728,0.179190751445,0.953020134228,0.820809248555,0.88198757764,0.926782273603,0.570969813744,0.829341317365,0.834201132289,0.800578034682,216,43,173,0,216,0,43,0,173,37,216,0.162162162162,1.32432432432,11.6756756757,21.6,6,8.1990990496,0.702237650082,0.31006006006,10.329336629,1.76937710775,0.765265265265,3.0868314707,0.528762798222,0.252752752753,0.579945114934,0.437917739848,2,1.32432432432,0.579945114934,2,0.0121701261701,0.00597269624573,7,0.000900900900901,0.621196581197,37,37,37,1,0,0.72972972973,0.243243243243,0.027027027027,37,0.0322822822823,1.32432432432,2.32432432432,4.3,1.65384615385,2.13507811533,0.918580119386,0.467001885607,2.179621699,1.87548843867,0.796983029541,1.06753905766,0.918580119386,0.482715273413,0.579945114934,0.437917739848,2,1.375,0.609071212532,2,0,0,0,0,0.0622262305596,37,32,32,0.864864864865,0,0.594594594595,0.108108108108,0.162162162162,37,192,0.144144144144,1.36649502415,10.3783783784,17.4545454545,5.33333333333,7.78299910543,0.749924392971,0.365709459459,9.19189811687,1.77135536627,0.771959459459,2.8658704111,0.552277110472,0.293074324324,0.615153040501,0.450168518459,2.15603158934,1.37667544148,0.620709911577,2.15603158934,0.0831745615377,0.0481970724741,45,0.00579150579151,0.420459094074,37,36,36,0.972972972973,0,0.675675675676,0.297297297297,0,-24,-0.018018018018,0.0421706998212,-1.2972972973,-4.14545454545,-0.666666666667,-0.416099944178,0.047686742889,0.0556493993994,-1.13743851213,0.00197825852726,0.00669419419419,-0.220961059605,0.0235143122498,0.0403215715716,0.0352079255665,0.0122507786103,0.156031589339,0.0523511171586,0.0407647966422,0.156031589339,0.0710044353676,0.0422243762284,38,0.0048906048906,-0.200737487122,-0.0540540540541,0.0540540540541,-0.027027027027,185,7,31,1109,0.856481481481,0.993727598566,0.00627240143369,0.143518518519,0.963541666667,0.856481481481,0.906862745098,0.892239964027,0.850209080048,0.829596412556,149,173,0,0,0,0
695,WLNM_dir_neg,0.939590363861,0.929134551662,00:00:04,10,20,28,1232383552,threshold_sweep,0.2,0.965986394558,0.820809248555,0.8875,142,5,31,341,0.820809248555,0.985549132948,0.014450867052,0.179190751445,0.965986394558,0.820809248555,0.8875,0.93063583815,0.57225433526,0.837837837838,0.843643700787,0.806358381503,216,43,173,0,216,0,43,0,173,37,216,0.162162162162,1.32432432432,11.6756756757,21.6,6,8.1990990496,0.702237650082,0.31006006006,10.329336629,1.76937710775,0.765265265265,3.0868314707,0.528762798222,0.252752752753,0.579945114934,0.437917739848,2,1.32432432432,0.579945114934,2,0.0121701261701,0.00597269624573,7,0.000900900900901,0.621196581197,37,37,37,1,0,0.72972972973,0.243243243243,0.027027027027,37,0.0322822822823,1.32432432432,2.32432432432,4.3,1.65384615385,2.13507811533,0.918580119386,0.467001885607,2.179621699,1.87548843867,0.796983029541,1.06753905766,0.918580119386,0.482715273413,0.579945114934,0.437917739848,2,1.375,0.609071212532,2,0,0,0,0,0.0622262305596,37,32,32,0.864864864865,0,0.594594594595,0.108108108108,0.162162162162,37,190,0.142642642643,1.36188884024,10.2702702703,17.2727272727,5.27777777778,7.61813862016,0.741766128805,0.361450924609,9.08344697838,1.76888178,0.771266002845,2.92652773173,0.56990276881,0.301849217639,0.608202637681,0.446587577275,2.13898870889,1.37194130802,0.613704785632,2.13898870889,0.0517142940417,0.0239825581395,22,0.0028314028314,0.427471386523,37,36,36,0.972972972973,0,0.675675675676,0.297297297297,0,-26,-0.0195195195195,0.037564515915,-1.40540540541,-4.32727272727,-0.722222222222,-0.58096042944,0.0395284787236,0.0513908645488,-1.24588965062,-0.000495327745347,0.00600073757968,-0.160303738977,0.0411399705875,0.0490964648859,0.0282575227466,0.00866983742703,0.138988708886,0.0476169836995,0.0337596706974,0.138988708886,0.0395441678715,0.0180098618938,15,0.0019305019305,-0.193725194674,-0.0540540540541,0.0540540540541,-0.027027027027,185,5,31,1111,0.856481481481,0.995519713262,0.00448028673835,0.143518518519,0.973684210526,0.856481481481,0.911330049261,0.89802685503,0.852001194743,0.837104072398,147,173,0,0,0,0
696,WLNM_dir_neg,0.939590363861,0.929134551662,00:00:04,10,20,28,1232383552,threshold_sweep,0.3,0.965277777778,0.803468208092,0.876971608833,139,5,34,341,0.803468208092,0.985549132948,0.014450867052,0.196531791908,0.965277777778,0.803468208092,0.876971608833,0.924855491329,0.574181117534,0.823529411765,0.83071254555,0.78901734104,216,43,173,0,216,0,43,0,173,37,216,0.162162162162,1.32432432432,11.6756756757,21.6,6,8.1990990496,0.702237650082,0.31006006006,10.329336629,1.76937710775,0.765265265265,3.0868314707,0.528762798222,0.252752752753,0.579945114934,0.437917739848,2,1.32432432432,0.579945114934,2,0.0121701261701,0.00597269624573,7,0.000900900900901,0.621196581197,37,37,37,1,0,0.72972972973,0.243243243243,0.027027027027,37,0.0322822822823,1.32432432432,2.32432432432,4.3,1.65384615385,2.13507811533,0.918580119386,0.467001885607,2.179621699,1.87548843867,0.796983029541,1.06753905766,0.918580119386,0.482715273413,0.579945114934,0.437917739848,2,1.375,0.609071212532,2,0,0,0,0,0.0622262305596,37,32,32,0.864864864865,0,0.594594594595,0.108108108108,0.162162162162,37,187,0.14039039039,1.36188884024,10.1081081081,17,5.19444444444,7.63320154102,0.755156302186,0.362769186299,9.05215120518,1.79106735076,0.775545599075,2.85721256886,0.565330829133,0.298019945079,0.608202637681,0.446587577275,2.13898870889,1.37194130802,0.613704785632,2.13898870889,0.0499029028185,0.0211267605634,19,0.0024453024453,0.411516148085,37,36,36,0.972972972973,0,0.675675675676,0.297297297297,0,-29,-0.0217717717718,0.037564515915,-1.56756756757,-4.6,-0.805555555556,-0.565897508589,0.0529186521042,0.0527091262385,-1.27718542382,0.0216902430122,0.0102803338097,-0.229618901842,0.0365680309107,0.045267192326,0.0282575227466,0.00866983742703,0.138988708886,0.0476169836995,0.0337596706974,0.138988708886,0.0377327766484,0.0151540643176,12,0.0015444015444,-0.209680433111,-0.0540540540541,0.0540540540541,-0.027027027027,182,5,34,1111,0.842592592593,0.995519713262,0.00448028673835,0.157407407407,0.973262032086,0.842592592593,0.903225806452,0.889278195094,0.838112305854,0.823529411765,144,173,0,0,0,0
697,WLNM_dir_neg,0.939590363861,0.929134551662,00:00:04,10,20,28,1232383552,threshold_sweep,0.4,0.965277777778,0.803468208092,0.876971608833,139,5,34,341,0.803468208092,0.985549132948,0.014450867052,0.196531791908,0.965277777778,0.803468208092,0.876971608833,0.924855491329,0.574181117534,0.823529411765,0.83071254555,0.78901734104,216,43,173,0,216,0,43,0,173,37,216,0.162162162162,1.32432432432,11.6756756757,21.6,6,8.1990990496,0.702237650082,0.31006006006,10.329336629,1.76937710775,0.765265265265,3.0868314707,0.528762798222,0.252752752753,0.579945114934,0.437917739848,2,1.32432432432,0.579945114934,2,0.0121701261701,0.00597269624573,7,0.000900900900901,0.621196581197,37,37,37,1,0,0.72972972973,0.243243243243,0.027027027027,37,0.0322822822823,1.32432432432,2.32432432432,4.3,1.65384615385,2.13507811533,0.918580119386,0.467001885607,2.179621699,1.87548843867,0.796983029541,1.06753905766,0.918580119386,0.482715273413,0.579945114934,0.437917739848,2,1.375,0.609071212532,2,0,0,0,0,0.0622262305596,37,32,32,0.864864864865,0,0.594594594595,0.108108108108,0.162162162162,37,187,0.14039039039,1.36188884024,10.1081081081,17,5.19444444444,7.63320154102,0.755156302186,0.362769186299,9.05215120518,1.79106735076,0.775545599075,2.85721256886,0.565330829133,0.298019945079,0.608202637681,0.446587577275,2.13898870889,1.37194130802,0.613704785632,2.13898870889,0.0499029028185,0.0211267605634,19,0.0024453024453,0.411516148085,37,36,36,0.972972972973,0,0.675675675676,0.297297297297,0,-29,-0.0217717717718,0.037564515915,-1.56756756757,-4.6,-0.805555555556,-0.565897508589,0.0529186521042,0.0527091262385,-1.27718542382,0.0216902430122,0.0102803338097,-0.229618901842,0.0365680309107,0.045267192326,0.0282575227466,0.00866983742703,0.138988708886,0.0476169836995,0.0337596706974,0.138988708886,0.0377327766484,0.0151540643176,12,0.0015444015444,-0.209680433111,-0.0540540540541,0.0540540540541,-0.027027027027,182,5,34,1111,0.842592592593,0.995519713262,0.00448028673835,0.157407407407,0.973262032086,0.842592592593,0.903225806452,0.889278195094,0.838112305854,0.823529411765,144,173,0,0,0,0
698,WLNM_dir_neg,0.939590363861,0.929134551662,00:00:04,10,20,28,1232383552,threshold_sweep,0.5,0.978723404255,0.797687861272,0.87898089172,138,3,35,343,0.797687861272,0.991329479769,0.00867052023121,0.202312138728,0.978723404255,0.797687861272,0.87898089172,0.926782273603,0.576107899807,0.827272727273,0.836165400404,0.78901734104,216,43,173,0,216,0,43,0,173,37,216,0.162162162162,1.32432432432,11.6756756757,21.6,6,8.1990990496,0.702237650082,0.31006006006,10.329336629,1.76937710775,0.765265265265,3.0868314707,0.528762798222,0.252752752753,0.579945114934,0.437917739848,2,1.32432432432,0.579945114934,2,0.0121701261701,0.00597269624573,7,0.000900900900901,0.621196581197,37,37,37,1,0,0.72972972973,0.243243243243,0.027027027027,37,0.0322822822823,1.32432432432,2.32432432432,4.3,1.65384615385,2.13507811533,0.918580119386,0.467001885607,2.179621699,1.87548843867,0.796983029541,1.06753905766,0.918580119386,0.482715273413,0.579945114934,0.437917739848,2,1.375,0.609071212532,2,0,0,0,0,0.0622262305596,37,32,32,0.864864864865,0,0.594594594595,0.108108108108,0.162162162162,37,184,0.138138138138,1.33060011411,9.94594594595,18.4,5.11111111111,7.63015197878,0.767162019605,0.364424206816,9.00767107182,1.81132516118,0.778789659224,2.82337944164,0.567744779025,0.295240893067,0.594709333892,0.446948205992,2.12322042219,1.33978345061,0.600478819845,2.12322042219,0.0135297812919,0.00909090909091,8,0.0010296010296,0.490320440351,37,36,36,0.972972972973,0,0.702702702703,0.27027027027,0,-32,-0.024024024024,0.00627578978094,-1.72972972973,-3.2,-0.888888888889,-0.568947070828,0.0649243695233,0.0543641467555,-1.32166555718,0.0419480534363,0.0135243939592,-0.263452029065,0.0389819808029,0.0424881403142,0.0147642189573,0.00903046614326,0.123220422189,0.0154591262839,0.020533704911,0.123220422189,0.0013596551218,0.00311821284518,1,0.0001287001287,-0.130876140845,-0.027027027027,0.027027027027,-0.027027027027,181,3,35,1113,0.837962962963,0.997311827957,0.00268817204301,0.162037037037,0.983695652174,0.837962962963,0.905,0.892295066306,0.83527479092,0.826484018265,141,173,0,0,0,0
699,WLNM_dir_neg,0.939590363861,0.929134551662,00:00:04,10,20,28,1232383552,threshold_sweep,0.6,0.978723404255,0.797687861272,0.87898089172,138,3,35,343,0.797687861272,0.991329479769,0.00867052023121,0.202312138728,0.978723404255,0.797687861272,0.87898089172,0.926782273603,0.576107899807,0.827272727273,0.836165400404,0.78901734104,216,43,173,0,216,0,43,0,173,37,216,0.162162162162,1.32432432432,11.6756756757,21.6,6,8.1990990496,0.702237650082,0.31006006006,10.329336629,1.76937710775,0.765265265265,3.0868314707,0.528762798222,0.252752752753,0.579945114934,0.437917739848,2,1.32432432432,0.579945114934,2,0.0121701261701,0.00597269624573,7,0.000900900900901,0.621196581197,37,37,37,1,0,0.72972972973,0.243243243243,0.027027027027,37,0.0322822822823,1.32432432432,2.32432432432,4.3,1.65384615385,2.13507811533,0.918580119386,0.467001885607,2.179621699,1.87548843867,0.796983029541,1.06753905766,0.918580119386,0.482715273413,0.579945114934,0.437917739848,2,1.375,0.609071212532,2,0,0,0,0,0.0622262305596,37,32,32,0.864864864865,0,0.594594594595,0.108108108108,0.162162162162,37,184,0.138138138138,1.33060011411,9.94594594595,18.4,5.11111111111,7.63015197878,0.767162019605,0.364424206816,9.00767107182,1.81132516118,0.778789659224,2.82337944164,0.567744779025,0.295240893067,0.594709333892,0.446948205992,2.12322042219,1.33978345061,0.600478819845,2.12322042219,0.0135297812919,0.00909090909091,8,0.0010296010296,0.490320440351,37,36,36,0.972972972973,0,0.702702702703,0.27027027027,0,-32,-0.024024024024,0.00627578978094,-1.72972972973,-3.2,-0.888888888889,-0.568947070828,0.0649243695233,0.0543641467555,-1.32166555718,0.0419480534363,0.0135243939592,-0.263452029065,0.0389819808029,0.0424881403142,0.0147642189573,0.00903046614326,0.123220422189,0.0154591262839,0.020533704911,0.123220422189,0.0013596551218,0.00311821284518,1,0.0001287001287,-0.130876140845,-0.027027027027,0.027027027027,-0.027027027027,181,3,35,1113,0.837962962963,0.997311827957,0.00268817204301,0.162037037037,0.983695652174,0.837962962963,0.905,0.892295066306,0.83527479092,0.826484018265,141,173,0,0,0,0
700,WLNM_dir_neg,0.939590363861,0.929134551662,00:00:04,10,20,28,1232383552,threshold_sweep,0.7,0.978723404255,0.797687861272,0.87898089172,138,3,35,343,0.797687861272,0.991329479769,0.00867052023121,0.202312138728,0.978723404255,0.797687861272,0.87898089172,0.926782273603,0.576107899807,0.827272727273,0.836165400404,0.78901734104,216,43,173,0,216,0,43,0,173,37,216,0.162162162162,1.32432432432,11.6756756757,21.6,6,8.1990990496,0.702237650082,0.31006006006,10.329336629,1.76937710775,0.765265265265,3.0868314707,0.528762798222,0.252752752753,0.579945114934,0.437917739848,2,1.32432432432,0.579945114934,2,0.0121701261701,0.00597269624573,7,0.000900900900901,0.621196581197,37,37,37,1,0,0.72972972973,0.243243243243,0.027027027027,37,0.0322822822823,1.32432432432,2.32432432432,4.3,1.65384615385,2.13507811533,0.918580119386,0.467001885607,2.179621699,1.87548843867,0.796983029541,1.06753905766,0.918580119386,0.482715273413,0.579945114934,0.437917739848,2,1.375,0.609071212532,2,0,0,0,0,0.0622262305596,37,32,32,0.864864864865,0,0.594594594595,0.108108108108,0.162162162162,37,184,0.138138138138,1.33060011411,9.94594594595,18.4,5.11111111111,7.63015197878,0.767162019605,0.364424206816,9.00767107182,1.81132516118,0.778789659224,2.82337944164,0.567744779025,0.295240893067,0.594709333892,0.446948205992,2.12322042219,1.33978345061,0.600478819845,2.12322042219,0.0135297812919,0.00909090909091,8,0.0010296010296,0.490320440351,37,36,36,0.972972972973,0,0.702702702703,0.27027027027,0,-32,-0.024024024024,0.00627578978094,-1.72972972973,-3.2,-0.888888888889,-0.568947070828,0.0649243695233,0.0543641467555,-1.32166555718,0.0419480534363,0.0135243939592,-0.263452029065,0.0389819808029,0.0424881403142,0.0147642189573,0.00903046614326,0.123220422189,0.0154591262839,0.020533704911,0.123220422189,0.0013596551218,0.00311821284518,1,0.0001287001287,-0.130876140845,-0.027027027027,0.027027027027,-0.027027027027,181,3,35,1113,0.837962962963,0.997311827957,0.00268817204301,0.162037037037,0.983695652174,0.837962962963,0.905,0.892295066306,0.83527479092,0.826484018265,141,173,0,0,0,0
701,WLNM_dir_neg,0.939590363861,0.929134551662,00:00:04,10,20,28,1232383552,threshold_sweep,0.8,0.978571428571,0.791907514451,0.875399361022,137,3,36,343,0.791907514451,0.991329479769,0.00867052023121,0.208092485549,0.978571428571,0.791907514451,0.875399361022,0.924855491329,0.576750160565,0.822458270106,0.831899130204,0.78323699422,216,43,173,0,216,0,43,0,173,37,216,0.162162162162,1.32432432432,11.6756756757,21.6,6,8.1990990496,0.702237650082,0.31006006006,10.329336629,1.76937710775,0.765265265265,3.0868314707,0.528762798222,0.252752752753,0.579945114934,0.437917739848,2,1.32432432432,0.579945114934,2,0.0121701261701,0.00597269624573,7,0.000900900900901,0.621196581197,37,37,37,1,0,0.72972972973,0.243243243243,0.027027027027,37,0.0322822822823,1.32432432432,2.32432432432,4.3,1.65384615385,2.13507811533,0.918580119386,0.467001885607,2.179621699,1.87548843867,0.796983029541,1.06753905766,0.918580119386,0.482715273413,0.579945114934,0.437917739848,2,1.375,0.609071212532,2,0,0,0,0,0.0622262305596,37,32,32,0.864864864865,0,0.594594594595,0.108108108108,0.162162162162,37,183,0.137387387387,1.33060011411,9.89189189189,18.3,5.08333333333,7.64774398029,0.773132588171,0.365381775218,9.00600400334,1.82088605532,0.780386944321,2.79827274052,0.565770991252,0.293014325801,0.594709333892,0.446948205992,2.12322042219,1.33978345061,0.600478819845,2.12322042219,0.013879921348,0.00913937547601,8,0.0010296010296,0.483458780272,37,36,36,0.972972972973,0,0.702702702703,0.27027027027,0,-33,-0.0247747747748,0.00627578978094,-1.78378378378,-3.3,-0.916666666667,-0.551355069319,0.070894938089,0.0553217151578,-1.32333262566,0.051508947574,0.0151216790561,-0.288558730185,0.03700819303,0.0402615730485,0.0147642189573,0.00903046614326,0.123220422189,0.0154591262839,0.020533704911,0.123220422189,0.00170979517783,0.00316667923028,1,0.0001287001287,-0.137737800924,-0.027027027027,0.027027027027,-0.027027027027,180,3,36,1113,0.833333333333,0.997311827957,0.00268817204301,0.166666666667,0.983606557377,0.833333333333,0.902255639098,0.88938326476,0.83064516129,0.821917808219,140,173,0,0,0,0
702,WLNM_dir_neg,0.939590363861,0.929134551662,00:00:04,10,20,28,1232383552,threshold_sweep,0.9,0.976923076923,0.734104046243,0.838283828383,127,3,46,343,0.734104046243,0.991329479769,0.00867052023121,0.265895953757,0.976923076923,0.734104046243,0.838283828383,0.905587668593,0.583172768144,0.773497688752,0.789245740712,0.725433526012,216,43,173,0,216,0,43,0,173,37,216,0.162162162162,1.32432432432,11.6756756757,21.6,6,8.1990990496,0.702237650082,0.31006006006,10.329336629,1.76937710775,0.765265265265,3.0868314707,0.528762798222,0.252752752753,0.579945114934,0.437917739848,2,1.32432432432,0.579945114934,2,0.0121701261701,0.00597269624573,7,0.000900900900901,0.621196581197,37,37,37,1,0,0.72972972973,0.243243243243,0.027027027027,37,0.0322822822823,1.32432432432,2.32432432432,4.3,1.65384615385,2.13507811533,0.918580119386,0.467001885607,2.179621699,1.87548843867,0.796983029541,1.06753905766,0.918580119386,0.482715273413,0.579945114934,0.437917739848,2,1.375,0.609071212532,2,0,0,0,0,0.0622262305596,37,32,32,0.864864864865,0,0.594594594595,0.108108108108,0.162162162162,37,173,0.12987987988,1.34184734185,9.35135135135,17.3,5.58064516129,7.29998560203,0.780634298483,0.361818465865,8.93822643995,1.91164380508,0.793001093579,3.10066349579,0.66314768407,0.344633650992,0.628767056017,0.468583151308,2.27472527473,1.36138147567,0.641355499123,2.27472527473,0.0258098891731,0.00507614213198,4,0.000514800514801,0.475356518236,37,35,35,0.945945945946,0,0.675675675676,0.162162162162,0.108108108108,-43,-0.0322822822823,0.017523017523,-2.32432432432,-4.3,-0.41935483871,-0.899113447578,0.0783966484007,0.0517584058046,-1.39111018905,0.142266697332,0.0277358283139,0.0138320250843,0.134384885848,0.0918808982393,0.0488219410828,0.0306654114597,0.274725274725,0.0370571513429,0.0614103841884,0.274725274725,0.0136397630029,-0.000896554113754,-3,-0.0003861003861,-0.145840062961,-0.0540540540541,-0.0810810810811,0.0810810810811,170,3,46,1113,0.787037037037,0.997311827957,0.00268817204301,0.212962962963,0.982658959538,0.787037037037,0.874035989717,0.860009949726,0.784348864994,0.776255707763,130,173,0,0,0,0
703,WLNM_dir_neg,0.903722142404,0.850386829573,00:00:03,10,20,29,1232383553,threshold_sweep,0.1,0.859756097561,0.815028901734,0.836795252226,141,23,32,323,0.815028901734,0.933526011561,0.0664739884393,0.184971098266,0.859756097561,0.815028901734,0.836795252226,0.894026974952,0.561335902376,0.758418740849,0.759012041142,0.748554913295,216,43,173,0,216,0,43,0,173,37,216,0.162162162162,1.32432432432,11.6756756757,21.6,6,8.1990990496,0.702237650082,0.31006006006,10.329336629,1.76937710775,0.765265265265,3.0868314707,0.528762798222,0.252752752753,0.579945114934,0.437917739848,2,1.32432432432,0.579945114934,2,0.0121701261701,0.00597269624573,7,0.000900900900901,0.621196581197,37,37,37,1,0,0.72972972973,0.243243243243,0.027027027027,37,0.0322822822823,1.32432432432,2.32432432432,4.3,1.79166666667,1.9300842534,0.830385085765,0.448774355751,2.1149404183,1.81983245296,0.785669390321,1.21366097942,1.04431293578,0.534255185418,0.579945114934,0.437917739848,2,1.38709677419,0.615219167172,2,0,0,0,0,0.0770466570467,37,31,31,0.837837837838,0,0.567567567568,0.0810810810811,0.189189189189,37,207,0.155405405405,1.73096279939,11.1891891892,9.85714285714,5.75,7.9121490192,0.707124429253,0.359576968273,9.4823211512,1.69490764538,0.749183966575,3.67014576958,0.656016393597,0.341558950255,0.722990467652,0.417681112445,2.45869305251,1.73096279939,0.722990467652,2.45869305251,0.266422815268,0.192877403089,204,0.0262548262548,0.264225455704,37,37,37,1,0,0.432432432432,0.540540540541,0.027027027027,-9,-0.00675675675676,0.406638475069,-0.486486486486,-11.7428571429,-0.25,-0.2869500304,0.00488677917073,0.0495169082126,-0.847015477804,-0.0744694623625,-0.01608129869,0.583314298877,0.127253595374,0.0888061975018,0.143045352718,-0.0202366274031,0.458693052506,0.406638475069,0.143045352718,0.458693052506,0.254252689098,0.186904706843,197,0.0253539253539,-0.356971125493,-0.297297297297,0.297297297297,0,184,23,32,1093,0.851851851852,0.979390681004,0.0206093189964,0.148148148148,0.888888888889,0.851851851852,0.869976359338,0.845717458364,0.831242532855,0.769874476987,164,173,0,0,0,0
704,WLNM_dir_neg,0.903722142404,0.850386829573,00:00:03,10,20,29,1232383553,threshold_sweep,0.2,0.859756097561,0.815028901734,0.836795252226,141,23,32,323,0.815028901734,0.933526011561,0.0664739884393,0.184971098266,0.859756097561,0.815028901734,0.836795252226,0.894026974952,0.561335902376,0.758418740849,0.759012041142,0.748554913295,216,43,173,0,216,0,43,0,173,37,216,0.162162162162,1.32432432432,11.6756756757,21.6,6,8.1990990496,0.702237650082,0.31006006006,10.329336629,1.76937710775,0.765265265265,3.0868314707,0.528762798222,0.252752752753,0.579945114934,0.437917739848,2,1.32432432432,0.579945114934,2,0.0121701261701,0.00597269624573,7,0.000900900900901,0.621196581197,37,37,37,1,0,0.72972972973,0.243243243243,0.027027027027,37,0.0322822822823,1.32432432432,2.32432432432,4.3,1.79166666667,1.9300842534,0.830385085765,0.448774355751,2.1149404183,1.81983245296,0.785669390321,1.21366097942,1.04431293578,0.534255185418,0.579945114934,0.437917739848,2,1.38709677419,0.615219167172,2,0,0,0,0,0.0770466570467,37,31,31,0.837837837838,0,0.567567567568,0.0810810810811,0.189189189189,37,207,0.155405405405,1.73096279939,11.1891891892,9.85714285714,5.75,7.9121490192,0.707124429253,0.359576968273,9.4823211512,1.69490764538,0.749183966575,3.67014576958,0.656016393597,0.341558950255,0.722990467652,0.417681112445,2.45869305251,1.73096279939,0.722990467652,2.45869305251,0.266422815268,0.192877403089,204,0.0262548262548,0.264225455704,37,37,37,1,0,0.432432432432,0.540540540541,0.027027027027,-9,-0.00675675675676,0.406638475069,-0.486486486486,-11.7428571429,-0.25,-0.2869500304,0.00488677917073,0.0495169082126,-0.847015477804,-0.0744694623625,-0.01608129869,0.583314298877,0.127253595374,0.0888061975018,0.143045352718,-0.0202366274031,0.458693052506,0.406638475069,0.143045352718,0.458693052506,0.254252689098,0.186904706843,197,0.0253539253539,-0.356971125493,-0.297297297297,0.297297297297,0,184,23,32,1093,0.851851851852,0.979390681004,0.0206093189964,0.148148148148,0.888888888889,0.851851851852,0.869976359338,0.845717458364,0.831242532855,0.769874476987,164,173,0,0,0,0
705,WLNM_dir_neg,0.903722142404,0.850386829573,00:00:03,10,20,29,1232383553,threshold_sweep,0.3,0.883116883117,0.78612716763,0.831804281346,136,18,37,328,0.78612716763,0.947976878613,0.0520231213873,0.21387283237,0.883116883117,0.78612716763,0.831804281346,0.894026974952,0.567758509955,0.754829123328,0.75755108778,0.734104046243,216,43,173,0,216,0,43,0,173,37,216,0.162162162162,1.32432432432,11.6756756757,21.6,6,8.1990990496,0.702237650082,0.31006006006,10.329336629,1.76937710775,0.765265265265,3.0868314707,0.528762798222,0.252752752753,0.579945114934,0.437917739848,2,1.32432432432,0.579945114934,2,0.0121701261701,0.00597269624573,7,0.000900900900901,0.621196581197,37,37,37,1,0,0.72972972973,0.243243243243,0.027027027027,37,0.0322822822823,1.32432432432,2.32432432432,4.3,1.79166666667,1.9300842534,0.830385085765,0.448774355751,2.1149404183,1.81983245296,0.785669390321,1.21366097942,1.04431293578,0.534255185418,0.579945114934,0.437917739848,2,1.38709677419,0.615219167172,2,0,0,0,0,0.0770466570467,37,31,31,0.837837837838,0,0.567567567568,0.0810810810811,0.189189189189,37,197,0.147897897898,1.60979013011,10.6486486486,10.9444444444,5.47222222222,7.90645382027,0.742484242005,0.375360131705,9.2977119469,1.74627077175,0.761970091919,3.59052807981,0.674363141893,0.346549595281,0.693660789519,0.430901380587,2.32383952854,1.60979013011,0.693660789519,2.32383952854,0.267468479865,0.178908355795,177,0.0227799227799,0.354781625824,37,37,37,1,0,0.513513513514,0.459459459459,0.027027027027,-19,-0.0142642642643,0.285465805782,-1.02702702703,-10.6555555556,-0.527777777778,-0.292645229338,0.0402465919229,0.0653000716452,-1.0316246821,-0.0231063359933,-0.00329517334593,0.503696609104,0.14560034367,0.0937968425278,0.113715674585,-0.00701635926108,0.323839528541,0.285465805782,0.113715674585,0.323839528541,0.255298353695,0.172935659549,170,0.021879021879,-0.266414955373,-0.216216216216,0.216216216216,0,179,18,37,1098,0.828703703704,0.983870967742,0.0161290322581,0.171296296296,0.908629441624,0.828703703704,0.866828087167,0.843706140566,0.812574671446,0.764957264957,154,173,0,0,0,0
706,WLNM_dir_neg,0.903722142404,0.850386829573,00:00:03,10,20,29,1232383553,threshold_sweep,0.4,0.918918918919,0.78612716763,0.847352024922,136,12,37,334,0.78612716763,0.965317919075,0.0346820809249,0.21387283237,0.918918918919,0.78612716763,0.847352024922,0.905587668593,0.571612074502,0.779610194903,0.784585969717,0.751445086705,216,43,173,0,216,0,43,0,173,37,216,0.162162162162,1.32432432432,11.6756756757,21.6,6,8.1990990496,0.702237650082,0.31006006006,10.329336629,1.76937710775,0.765265265265,3.0868314707,0.528762798222,0.252752752753,0.579945114934,0.437917739848,2,1.32432432432,0.579945114934,2,0.0121701261701,0.00597269624573,7,0.000900900900901,0.621196581197,37,37,37,1,0,0.72972972973,0.243243243243,0.027027027027,37,0.0322822822823,1.32432432432,2.32432432432,4.3,1.79166666667,1.9300842534,0.830385085765,0.448774355751,2.1149404183,1.81983245296,0.785669390321,1.21366097942,1.04431293578,0.534255185418,0.579945114934,0.437917739848,2,1.38709677419,0.615219167172,2,0,0,0,0,0.0770466570467,37,31,31,0.837837837838,0,0.567567567568,0.0810810810811,0.189189189189,37,191,0.143393393393,1.42537095853,10.3243243243,15.9166666667,5.30555555556,8.01059733538,0.775895553427,0.388425074289,9.38235197211,1.81752368046,0.779963209283,3.21034364302,0.621899030324,0.326871373992,0.664955545287,0.466514026616,2.24285714286,1.43718681849,0.67043706434,2.24285714286,0.217711166062,0.169909659486,163,0.0209781209781,0.380004394694,37,36,36,0.972972972973,0,0.648648648649,0.324324324324,0,-25,-0.0187687687688,0.101046634208,-1.35135135135,-5.68333333333,-0.694444444444,-0.18850171422,0.0736579033454,0.0783650142289,-0.946984656891,0.0481465727155,0.0146979440173,0.12351217232,0.0931362321016,0.074118621239,0.0850104303523,0.0285962867679,0.242857142857,0.112862494167,0.0904919494057,0.242857142857,0.205541039892,0.16393696324,156,0.0200772200772,-0.241192186503,-0.0810810810811,0.0810810810811,-0.027027027027,179,12,37,1104,0.828703703704,0.989247311828,0.010752688172,0.171296296296,0.937172774869,0.828703703704,0.879606879607,0.860254123427,0.817951015532,0.785087719298,148,173,0,0,0,0
707,WLNM_dir_neg,0.903722142404,0.850386829573,00:00:03,10,20,29,1232383553,threshold_sweep,0.5,0.916083916084,0.757225433526,0.829113924051,131,12,42,334,0.757225433526,0.965317919075,0.0346820809249,0.242774566474,0.916083916084,0.757225433526,0.829113924051,0.895953757225,0.574823378292,0.755287009063,0.762365210499,0.722543352601,216,43,173,0,216,0,43,0,173,37,216,0.162162162162,1.32432432432,11.6756756757,21.6,6,8.1990990496,0.702237650082,0.31006006006,10.329336629,1.76937710775,0.765265265265,3.0868314707,0.528762798222,0.252752752753,0.579945114934,0.437917739848,2,1.32432432432,0.579945114934,2,0.0121701261701,0.00597269624573,7,0.000900900900901,0.621196581197,37,37,37,1,0,0.72972972973,0.243243243243,0.027027027027,37,0.0322822822823,1.32432432432,2.32432432432,4.3,1.79166666667,1.9300842534,0.830385085765,0.448774355751,2.1149404183,1.81983245296,0.785669390321,1.21366097942,1.04431293578,0.534255185418,0.579945114934,0.437917739848,2,1.38709677419,0.615219167172,2,0,0,0,0,0.0770466570467,37,31,31,0.837837837838,0,0.567567567568,0.0810810810811,0.189189189189,37,186,0.13963963964,1.42664794213,10.0540540541,15.5,5.16666666667,7.87734425759,0.783499294438,0.396832316187,9.07526089765,1.80529383448,0.776227840744,3.36226185845,0.668837036359,0.350188898576,0.666685270406,0.467308892907,2.24285714286,1.43849927386,0.672177871425,2.24285714286,0.256471313405,0.178271965002,163,0.0209781209781,0.39126305108,37,36,36,0.972972972973,0,0.648648648649,0.324324324324,0,-30,-0.0225225225225,0.102323617809,-1.62162162162,-6.1,-0.833333333333,-0.321754792017,0.0812616443556,0.0867722561271,-1.25407573135,0.0359167267328,0.0109625754787,0.275430387749,0.140074238136,0.0974361458232,0.0867401554719,0.0293911530586,0.242857142857,0.114174949535,0.0922327564901,0.242857142857,0.244301187235,0.172299268756,156,0.0200772200772,-0.229933530117,-0.0810810810811,0.0810810810811,-0.027027027027,174,12,42,1104,0.805555555556,0.989247311828,0.010752688172,0.194444444444,0.935483870968,0.805555555556,0.865671641791,0.845219712345,0.794802867384,0.763157894737,143,173,0,0,0,0
708,WLNM_dir_neg,0.903722142404,0.850386829573,00:00:03,10,20,29,1232383553,threshold_sweep,0.6,0.916083916084,0.757225433526,0.829113924051,131,12,42,334,0.757225433526,0.965317919075,0.0346820809249,0.242774566474,0.916083916084,0.757225433526,0.829113924051,0.895953757225,0.574823378292,0.755287009063,0.762365210499,0.722543352601,216,43,173,0,216,0,43,0,173,37,216,0.162162162162,1.32432432432,11.6756756757,21.6,6,8.1990990496,0.702237650082,0.31006006006,10.329336629,1.76937710775,0.765265265265,3.0868314707,0.528762798222,0.252752752753,0.579945114934,0.437917739848,2,1.32432432432,0.579945114934,2,0.0121701261701,0.00597269624573,7,0.000900900900901,0.621196581197,37,37,37,1,0,0.72972972973,0.243243243243,0.027027027027,37,0.0322822822823,1.32432432432,2.32432432432,4.3,1.79166666667,1.9300842534,0.830385085765,0.448774355751,2.1149404183,1.81983245296,0.785669390321,1.21366097942,1.04431293578,0.534255185418,0.579945114934,0.437917739848,2,1.38709677419,0.615219167172,2,0,0,0,0,0.0770466570467,37,31,31,0.837837837838,0,0.567567567568,0.0810810810811,0.189189189189,37,186,0.13963963964,1.42664794213,10.0540540541,15.5,5.16666666667,7.87734425759,0.783499294438,0.396832316187,9.07526089765,1.80529383448,0.776227840744,3.36226185845,0.668837036359,0.350188898576,0.666685270406,0.467308892907,2.24285714286,1.43849927386,0.672177871425,2.24285714286,0.256471313405,0.178271965002,163,0.0209781209781,0.39126305108,37,36,36,0.972972972973,0,0.648648648649,0.324324324324,0,-30,-0.0225225225225,0.102323617809,-1.62162162162,-6.1,-0.833333333333,-0.321754792017,0.0812616443556,0.0867722561271,-1.25407573135,0.0359167267328,0.0109625754787,0.275430387749,0.140074238136,0.0974361458232,0.0867401554719,0.0293911530586,0.242857142857,0.114174949535,0.0922327564901,0.242857142857,0.244301187235,0.172299268756,156,0.0200772200772,-0.229933530117,-0.0810810810811,0.0810810810811,-0.027027027027,174,12,42,1104,0.805555555556,0.989247311828,0.010752688172,0.194444444444,0.935483870968,0.805555555556,0.865671641791,0.845219712345,0.794802867384,0.763157894737,143,173,0,0,0,0
709,WLNM_dir_neg,0.903722142404,0.850386829573,00:00:03,10,20,29,1232383553,threshold_sweep,0.7,0.925925925926,0.722543352601,0.811688311688,125,10,48,336,0.722543352601,0.971098265896,0.028901734104,0.277456647399,0.925925925926,0.722543352601,0.811688311688,0.888246628131,0.579961464355,0.733944954128,0.7453559925,0.693641618497,216,43,173,0,216,0,43,0,173,37,216,0.162162162162,1.32432432432,11.6756756757,21.6,6,8.1990990496,0.702237650082,0.31006006006,10.329336629,1.76937710775,0.765265265265,3.0868314707,0.528762798222,0.252752752753,0.579945114934,0.437917739848,2,1.32432432432,0.579945114934,2,0.0121701261701,0.00597269624573,7,0.000900900900901,0.621196581197,37,37,37,1,0,0.72972972973,0.243243243243,0.027027027027,37,0.0322822822823,1.32432432432,2.32432432432,4.3,1.79166666667,1.9300842534,0.830385085765,0.448774355751,2.1149404183,1.81983245296,0.785669390321,1.21366097942,1.04431293578,0.534255185418,0.579945114934,0.437917739848,2,1.38709677419,0.615219167172,2,0,0,0,0,0.0770466570467,37,31,31,0.837837837838,0,0.567567567568,0.0810810810811,0.189189189189,37,178,0.133633633634,1.38498094099,9.62162162162,16.1818181818,5.5625,7.5548047675,0.785190383139,0.395384148193,8.99641236468,1.87004077243,0.78560583055,3.54211046504,0.7362813888,0.384755542059,0.641079185438,0.462879427769,2.19285714286,1.39567485602,0.646817340382,2.19285714286,0.205691307026,0.151479289941,128,0.0164736164736,0.450012582847,37,36,36,0.972972972973,0,0.675675675676,0.189189189189,0.108108108108,-38,-0.0285285285285,0.06065661667,-2.05405405405,-5.41818181818,-0.4375,-0.644294282102,0.0829527330574,0.0853240881331,-1.33292426432,0.100663664689,0.0203405652844,0.455278994336,0.207518590578,0.132002789306,0.0611340705036,0.0249616879202,0.192857142857,0.0713505316976,0.0668722254477,0.192857142857,0.193521180856,0.145506593695,121,0.0155727155727,-0.17118399835,-0.0540540540541,-0.0540540540541,0.0810810810811,168,10,48,1106,0.777777777778,0.991039426523,0.0089605734767,0.222222222222,0.943820224719,0.777777777778,0.852791878173,0.832854545906,0.768817204301,0.743362831858,135,173,0,0,0,0
710,WLNM_dir_neg,0.903722142404,0.850386829573,00:00:03,10,20,29,1232383553,threshold_sweep,0.8,0.925925925926,0.722543352601,0.811688311688,125,10,48,336,0.722543352601,0.971098265896,0.028901734104,0.277456647399,0.925925925926,0.722543352601,0.811688311688,0.888246628131,0.579961464355,0.733944954128,0.7453559925,0.693641618497,216,43,173,0,216,0,43,0,173,37,216,0.162162162162,1.32432432432,11.6756756757,21.6,6,8.1990990496,0.702237650082,0.31006006006,10.329336629,1.76937710775,0.765265265265,3.0868314707,0.528762798222,0.252752752753,0.579945114934,0.437917739848,2,1.32432432432,0.579945114934,2,0.0121701261701,0.00597269624573,7,0.000900900900901,0.621196581197,37,37,37,1,0,0.72972972973,0.243243243243,0.027027027027,37,0.0322822822823,1.32432432432,2.32432432432,4.3,1.79166666667,1.9300842534,0.830385085765,0.448774355751,2.1149404183,1.81983245296,0.785669390321,1.21366097942,1.04431293578,0.534255185418,0.579945114934,0.437917739848,2,1.38709677419,0.615219167172,2,0,0,0,0,0.0770466570467,37,31,31,0.837837837838,0,0.567567567568,0.0810810810811,0.189189189189,37,178,0.133633633634,1.38498094099,9.62162162162,16.1818181818,5.5625,7.5548047675,0.785190383139,0.395384148193,8.99641236468,1.87004077243,0.78560583055,3.54211046504,0.7362813888,0.384755542059,0.641079185438,0.462879427769,2.19285714286,1.39567485602,0.646817340382,2.19285714286,0.205691307026,0.151479289941,128,0.0164736164736,0.450012582847,37,36,36,0.972972972973,0,0.675675675676,0.189189189189,0.108108108108,-38,-0.0285285285285,0.06065661667,-2.05405405405,-5.41818181818,-0.4375,-0.644294282102,0.0829527330574,0.0853240881331,-1.33292426432,0.100663664689,0.0203405652844,0.455278994336,0.207518590578,0.132002789306,0.0611340705036,0.0249616879202,0.192857142857,0.0713505316976,0.0668722254477,0.192857142857,0.193521180856,0.145506593695,121,0.0155727155727,-0.17118399835,-0.0540540540541,-0.0540540540541,0.0810810810811,168,10,48,1106,0.777777777778,0.991039426523,0.0089605734767,0.222222222222,0.943820224719,0.777777777778,0.852791878173,0.832854545906,0.768817204301,0.743362831858,135,173,0,0,0,0
711,WLNM_dir_neg,0.903722142404,0.850386829573,00:00:03,10,20,29,1232383553,threshold_sweep,0.9,0.925925925926,0.722543352601,0.811688311688,125,10,48,336,0.722543352601,0.971098265896,0.028901734104,0.277456647399,0.925925925926,0.722543352601,0.811688311688,0.888246628131,0.579961464355,0.733944954128,0.7453559925,0.693641618497,216,43,173,0,216,0,43,0,173,37,216,0.162162162162,1.32432432432,11.6756756757,21.6,6,8.1990990496,0.702237650082,0.31006006006,10.329336629,1.76937710775,0.765265265265,3.0868314707,0.528762798222,0.252752752753,0.579945114934,0.437917739848,2,1.32432432432,0.579945114934,2,0.0121701261701,0.00597269624573,7,0.000900900900901,0.621196581197,37,37,37,1,0,0.72972972973,0.243243243243,0.027027027027,37,0.0322822822823,1.32432432432,2.32432432432,4.3,1.79166666667,1.9300842534,0.830385085765,0.448774355751,2.1149404183,1.81983245296,0.785669390321,1.21366097942,1.04431293578,0.534255185418,0.579945114934,0.437917739848,2,1.38709677419,0.615219167172,2,0,0,0,0,0.0770466570467,37,31,31,0.837837837838,0,0.567567567568,0.0810810810811,0.189189189189,37,178,0.133633633634,1.38498094099,9.62162162162,16.1818181818,5.5625,7.5548047675,0.785190383139,0.395384148193,8.99641236468,1.87004077243,0.78560583055,3.54211046504,0.7362813888,0.384755542059,0.641079185438,0.462879427769,2.19285714286,1.39567485602,0.646817340382,2.19285714286,0.205691307026,0.151479289941,128,0.0164736164736,0.450012582847,37,36,36,0.972972972973,0,0.675675675676,0.189189189189,0.108108108108,-38,-0.0285285285285,0.06065661667,-2.05405405405,-5.41818181818,-0.4375,-0.644294282102,0.0829527330574,0.0853240881331,-1.33292426432,0.100663664689,0.0203405652844,0.455278994336,0.207518590578,0.132002789306,0.0611340705036,0.0249616879202,0.192857142857,0.0713505316976,0.0668722254477,0.192857142857,0.193521180856,0.145506593695,121,0.0155727155727,-0.17118399835,-0.0540540540541,-0.0540540540541,0.0810810810811,168,10,48,1106,0.777777777778,0.991039426523,0.0089605734767,0.222222222222,0.943820224719,0.777777777778,0.852791878173,0.832854545906,0.768817204301,0.743362831858,135,173,0,0,0,0
712,WLNM_dir_neg,0.937502088276,0.637101778025,00:00:05,10,20,30,1232383554,threshold_sweep,0.1,0.84375,0.780346820809,0.810810810811,135,25,38,321,0.780346820809,0.92774566474,0.0722543352601,0.219653179191,0.84375,0.780346820809,0.810810810811,0.878612716763,0.563904945408,0.721649484536,0.722842818977,0.708092485549,216,43,173,0,216,0,43,0,173,37,216,0.162162162162,1.32432432432,11.6756756757,21.6,6,8.1990990496,0.702237650082,0.31006006006,10.329336629,1.76937710775,0.765265265265,3.0868314707,0.528762798222,0.252752752753,0.579945114934,0.437917739848,2,1.32432432432,0.579945114934,2,0.0121701261701,0.00597269624573,7,0.000900900900901,0.621196581197,37,37,37,1,0,0.72972972973,0.243243243243,0.027027027027,37,0.0322822822823,1.33108108108,2.32432432432,4.3,1.79166666667,2.36941218747,1.0193982667,0.505971087366,2.37479254665,2.04342614479,0.819610307982,1.09324983201,0.940703343825,0.50408548083,0.601081357887,0.451573812016,2.25,1.4224137931,0.6515895683,2.25,0.0257575757576,0.0189873417722,1,0.0001287001287,0.0609548784549,37,29,29,0.783783783784,0,0.513513513514,0.135135135135,0.135135135135,37,203,0.152402402402,1.72241847557,10.972972973,9.66666666667,5.63888888889,7.85806905348,0.71612944576,0.364265743576,9.06342350581,1.651954038,0.743709226468,3.6103371774,0.658041751546,0.339768339768,0.712446085815,0.413631237657,2.4299530542,1.72241847557,0.712446085815,2.4299530542,0.289172387398,0.192587690271,194,0.0249678249678,0.267531888088,37,37,37,1,0,0.432432432432,0.540540540541,0.027027027027,-13,-0.00975975975976,0.398094151249,-0.702702702703,-11.9333333333,-0.361111111111,-0.341029996125,0.0138917956786,0.054205683516,-1.26591312319,-0.117423069741,-0.0215560387974,0.523505706698,0.129278953324,0.0870155870156,0.132500970881,-0.0242865021912,0.4299530542,0.398094151249,0.132500970881,0.4299530542,0.277002261227,0.186614994026,187,0.0240669240669,-0.353664693108,-0.297297297297,0.297297297297,0,178,25,38,1091,0.824074074074,0.977598566308,0.0224014336918,0.175925925926,0.87684729064,0.824074074074,0.849642004773,0.822168900641,0.801672640382,0.738589211618,160,173,0,0,0,0
713,WLNM_dir_neg,0.937502088276,0.637101778025,00:00:05,10,20,30,1232383554,threshold_sweep,0.2,0.84375,0.780346820809,0.810810810811,135,25,38,321,0.780346820809,0.92774566474,0.0722543352601,0.219653179191,0.84375,0.780346820809,0.810810810811,0.878612716763,0.563904945408,0.721649484536,0.722842818977,0.708092485549,216,43,173,0,216,0,43,0,173,37,216,0.162162162162,1.32432432432,11.6756756757,21.6,6,8.1990990496,0.702237650082,0.31006006006,10.329336629,1.76937710775,0.765265265265,3.0868314707,0.528762798222,0.252752752753,0.579945114934,0.437917739848,2,1.32432432432,0.579945114934,2,0.0121701261701,0.00597269624573,7,0.000900900900901,0.621196581197,37,37,37,1,0,0.72972972973,0.243243243243,0.027027027027,37,0.0322822822823,1.33108108108,2.32432432432,4.3,1.79166666667,2.36941218747,1.0193982667,0.505971087366,2.37479254665,2.04342614479,0.819610307982,1.09324983201,0.940703343825,0.50408548083,0.601081357887,0.451573812016,2.25,1.4224137931,0.6515895683,2.25,0.0257575757576,0.0189873417722,1,0.0001287001287,0.0609548784549,37,29,29,0.783783783784,0,0.513513513514,0.135135135135,0.135135135135,37,203,0.152402402402,1.72241847557,10.972972973,9.66666666667,5.63888888889,7.85806905348,0.71612944576,0.364265743576,9.06342350581,1.651954038,0.743709226468,3.6103371774,0.658041751546,0.339768339768,0.712446085815,0.413631237657,2.4299530542,1.72241847557,0.712446085815,2.4299530542,0.289172387398,0.192587690271,194,0.0249678249678,0.267531888088,37,37,37,1,0,0.432432432432,0.540540540541,0.027027027027,-13,-0.00975975975976,0.398094151249,-0.702702702703,-11.9333333333,-0.361111111111,-0.341029996125,0.0138917956786,0.054205683516,-1.26591312319,-0.117423069741,-0.0215560387974,0.523505706698,0.129278953324,0.0870155870156,0.132500970881,-0.0242865021912,0.4299530542,0.398094151249,0.132500970881,0.4299530542,0.277002261227,0.186614994026,187,0.0240669240669,-0.353664693108,-0.297297297297,0.297297297297,0,178,25,38,1091,0.824074074074,0.977598566308,0.0224014336918,0.175925925926,0.87684729064,0.824074074074,0.849642004773,0.822168900641,0.801672640382,0.738589211618,160,173,0,0,0,0
714,WLNM_dir_neg,0.937502088276,0.637101778025,00:00:05,10,20,30,1232383554,threshold_sweep,0.3,0.962264150943,0.589595375723,0.731182795699,102,4,71,342,0.589595375723,0.988439306358,0.0115606936416,0.410404624277,0.962264150943,0.589595375723,0.731182795699,0.85549132948,0.598587026333,0.64,0.675907148091,0.578034682081,216,43,173,0,216,0,43,0,173,37,216,0.162162162162,1.32432432432,11.6756756757,21.6,6,8.1990990496,0.702237650082,0.31006006006,10.329336629,1.76937710775,0.765265265265,3.0868314707,0.528762798222,0.252752752753,0.579945114934,0.437917739848,2,1.32432432432,0.579945114934,2,0.0121701261701,0.00597269624573,7,0.000900900900901,0.621196581197,37,37,37,1,0,0.72972972973,0.243243243243,0.027027027027,37,0.0322822822823,1.33108108108,2.32432432432,4.3,1.79166666667,2.36941218747,1.0193982667,0.505971087366,2.37479254665,2.04342614479,0.819610307982,1.09324983201,0.940703343825,0.50408548083,0.601081357887,0.451573812016,2.25,1.4224137931,0.6515895683,2.25,0.0257575757576,0.0189873417722,1,0.0001287001287,0.0609548784549,37,29,29,0.783783783784,0,0.513513513514,0.135135135135,0.135135135135,37,149,0.111861861862,1.33317450398,8.05405405405,14.9,4.13888888889,6.72865326605,0.835436814913,0.411209867586,7.54426377561,1.8734077832,0.795211318701,2.70274023998,0.671150260935,0.360602212951,0.595053370038,0.446343196828,2.04961464355,1.34242935132,0.600787524735,2.04961464355,0.0555402685007,0.0351366424986,21,0.0027027027027,0.382648047321,37,36,36,0.972972972973,0,0.702702702703,0.27027027027,0,-67,-0.0503003003003,0.00885017965943,-3.62162162162,-6.7,-1.86111111111,-1.47044578355,0.133199164831,0.101149807526,-2.78507285339,0.104030675459,0.029946053436,-0.384091230724,0.142387462712,0.107849460198,0.0151082551033,0.00842545697957,0.0496146435453,0.0181050269923,0.0208424098001,0.0496146435453,0.0433701423305,0.0291639462529,14,0.0018018018018,-0.238548533875,-0.027027027027,0.027027027027,-0.027027027027,145,4,71,1112,0.671296296296,0.996415770609,0.00358422939068,0.328703703704,0.973154362416,0.671296296296,0.794520547945,0.780841147916,0.667712066906,0.659090909091,106,173,0,0,0,0
715,WLNM_dir_neg,0.937502088276,0.637101778025,00:00:05,10,20,30,1232383554,threshold_sweep,0.4,0.962264150943,0.589595375723,0.731182795699,102,4,71,342,0.589595375723,0.988439306358,0.0115606936416,0.410404624277,0.962264150943,0.589595375723,0.731182795699,0.85549132948,0.598587026333,0.64,0.675907148091,0.578034682081,216,43,173,0,216,0,43,0,173,37,216,0.162162162162,1.32432432432,11.6756756757,21.6,6,8.1990990496,0.702237650082,0.31006006006,10.329336629,1.76937710775,0.765265265265,3.0868314707,0.528762798222,0.252752752753,0.579945114934,0.437917739848,2,1.32432432432,0.579945114934,2,0.0121701261701,0.00597269624573,7,0.000900900900901,0.621196581197,37,37,37,1,0,0.72972972973,0.243243243243,0.027027027027,37,0.0322822822823,1.33108108108,2.32432432432,4.3,1.79166666667,2.36941218747,1.0193982667,0.505971087366,2.37479254665,2.04342614479,0.819610307982,1.09324983201,0.940703343825,0.50408548083,0.601081357887,0.451573812016,2.25,1.4224137931,0.6515895683,2.25,0.0257575757576,0.0189873417722,1,0.0001287001287,0.0609548784549,37,29,29,0.783783783784,0,0.513513513514,0.135135135135,0.135135135135,37,149,0.111861861862,1.33317450398,8.05405405405,14.9,4.13888888889,6.72865326605,0.835436814913,0.411209867586,7.54426377561,1.8734077832,0.795211318701,2.70274023998,0.671150260935,0.360602212951,0.595053370038,0.446343196828,2.04961464355,1.34242935132,0.600787524735,2.04961464355,0.0555402685007,0.0351366424986,21,0.0027027027027,0.382648047321,37,36,36,0.972972972973,0,0.702702702703,0.27027027027,0,-67,-0.0503003003003,0.00885017965943,-3.62162162162,-6.7,-1.86111111111,-1.47044578355,0.133199164831,0.101149807526,-2.78507285339,0.104030675459,0.029946053436,-0.384091230724,0.142387462712,0.107849460198,0.0151082551033,0.00842545697957,0.0496146435453,0.0181050269923,0.0208424098001,0.0496146435453,0.0433701423305,0.0291639462529,14,0.0018018018018,-0.238548533875,-0.027027027027,0.027027027027,-0.027027027027,145,4,71,1112,0.671296296296,0.996415770609,0.00358422939068,0.328703703704,0.973154362416,0.671296296296,0.794520547945,0.780841147916,0.667712066906,0.659090909091,106,173,0,0,0,0
716,WLNM_dir_neg,0.937502088276,0.637101778025,00:00:05,10,20,30,1232383554,threshold_sweep,0.5,0.969696969697,0.554913294798,0.705882352941,96,3,77,343,0.554913294798,0.991329479769,0.00867052023121,0.445086705202,0.969696969697,0.554913294798,0.705882352941,0.845857418112,0.603082851638,0.611650485437,0.655397173129,0.546242774566,216,43,173,0,216,0,43,0,173,37,216,0.162162162162,1.32432432432,11.6756756757,21.6,6,8.1990990496,0.702237650082,0.31006006006,10.329336629,1.76937710775,0.765265265265,3.0868314707,0.528762798222,0.252752752753,0.579945114934,0.437917739848,2,1.32432432432,0.579945114934,2,0.0121701261701,0.00597269624573,7,0.000900900900901,0.621196581197,37,37,37,1,0,0.72972972973,0.243243243243,0.027027027027,37,0.0322822822823,1.33108108108,2.32432432432,4.3,1.79166666667,2.36941218747,1.0193982667,0.505971087366,2.37479254665,2.04342614479,0.819610307982,1.09324983201,0.940703343825,0.50408548083,0.601081357887,0.451573812016,2.25,1.4224137931,0.6515895683,2.25,0.0257575757576,0.0189873417722,1,0.0001287001287,0.0609548784549,37,29,29,0.783783783784,0,0.513513513514,0.135135135135,0.135135135135,37,142,0.106606606607,1.33187110187,7.67567567568,14.2,4.89655172414,6.35108938186,0.827430658904,0.421964217739,6.99409875662,1.82240601405,0.786448420251,2.93932639216,0.765880820492,0.415683288923,0.59270076086,0.445013605316,2.04230769231,1.40930769231,0.635059843645,2.04230769231,0.0561207863226,0.0382746051033,21,0.0027027027027,0.410433565337,37,30,30,0.810810810811,0,0.540540540541,0.243243243243,0.027027027027,-74,-0.0555555555556,0.00754677754678,-4,-7.4,-1.10344827586,-1.84800966775,0.125193008822,0.111904157679,-3.33523787238,0.0530289063047,0.021183154986,-0.147505078545,0.23711802227,0.16293053617,0.0127556459253,0.00709586546743,0.0423076923077,0.0849833679834,0.0551147287105,0.0423076923077,0.0439506601524,0.0323019088575,14,0.0018018018018,-0.21076301586,-0.189189189189,0,0,139,3,77,1113,0.643518518519,0.997311827957,0.00268817204301,0.356481481481,0.978873239437,0.643518518519,0.776536312849,0.765392829975,0.640830346476,0.634703196347,99,173,0,0,0,0
717,WLNM_dir_neg,0.937502088276,0.637101778025,00:00:05,10,20,30,1232383554,threshold_sweep,0.6,0.967741935484,0.520231213873,0.676691729323,90,3,83,343,0.520231213873,0.991329479769,0.00867052023121,0.479768786127,0.967741935484,0.520231213873,0.676691729323,0.83429672447,0.606936416185,0.578431372549,0.628799220571,0.511560693642,216,43,173,0,216,0,43,0,173,37,216,0.162162162162,1.32432432432,11.6756756757,21.6,6,8.1990990496,0.702237650082,0.31006006006,10.329336629,1.76937710775,0.765265265265,3.0868314707,0.528762798222,0.252752752753,0.579945114934,0.437917739848,2,1.32432432432,0.579945114934,2,0.0121701261701,0.00597269624573,7,0.000900900900901,0.621196581197,37,37,37,1,0,0.72972972973,0.243243243243,0.027027027027,37,0.0322822822823,1.33108108108,2.32432432432,4.3,1.79166666667,2.36941218747,1.0193982667,0.505971087366,2.37479254665,2.04342614479,0.819610307982,1.09324983201,0.940703343825,0.50408548083,0.601081357887,0.451573812016,2.25,1.4224137931,0.6515895683,2.25,0.0257575757576,0.0189873417722,1,0.0001287001287,0.0609548784549,37,29,29,0.783783783784,0,0.513513513514,0.135135135135,0.135135135135,37,136,0.102102102102,1.3376022176,7.35135135135,13.6,5.03703703704,6.1743925307,0.839898983955,0.426073131955,6.86397218192,1.86740419655,0.794515103339,3.02814624311,0.823833904376,0.444356120827,0.610295119604,0.456260547099,2.23743589744,1.43073386384,0.661309067776,2.23743589744,0.0539581712903,0.0335085413929,17,0.0021879021879,0.398144941478,37,29,29,0.783783783784,0,0.513513513514,0.216216216216,0.0540540540541,-80,-0.0600600600601,0.0132778932779,-4.32432432432,-8,-0.962962962963,-2.02470651891,0.137661333873,0.116013071895,-3.46536444708,0.0980270888053,0.0292498380734,-0.0586852275926,0.295071106153,0.191603368074,0.0303500046697,0.0183428072507,0.237435897436,0.106409539513,0.0813639528415,0.237435897436,0.0417880451202,0.0275358451472,10,0.001287001287,-0.223051639718,-0.216216216216,-0.027027027027,0.027027027027,133,3,83,1113,0.615740740741,0.997311827957,0.00268817204301,0.384259259259,0.977941176471,0.615740740741,0.755681818182,0.746314097555,0.613052568698,0.607305936073,93,173,0,0,0,0
718,WLNM_dir_neg,0.937502088276,0.637101778025,00:00:05,10,20,30,1232383554,threshold_sweep,0.7,0.967741935484,0.520231213873,0.676691729323,90,3,83,343,0.520231213873,0.991329479769,0.00867052023121,0.479768786127,0.967741935484,0.520231213873,0.676691729323,0.83429672447,0.606936416185,0.578431372549,0.628799220571,0.511560693642,216,43,173,0,216,0,43,0,173,37,216,0.162162162162,1.32432432432,11.6756756757,21.6,6,8.1990990496,0.702237650082,0.31006006006,10.329336629,1.76937710775,0.765265265265,3.0868314707,0.528762798222,0.252752752753,0.579945114934,0.437917739848,2,1.32432432432,0.579945114934,2,0.0121701261701,0.00597269624573,7,0.000900900900901,0.621196581197,37,37,37,1,0,0.72972972973,0.243243243243,0.027027027027,37,0.0322822822823,1.33108108108,2.32432432432,4.3,1.79166666667,2.36941218747,1.0193982667,0.505971087366,2.37479254665,2.04342614479,0.819610307982,1.09324983201,0.940703343825,0.50408548083,0.601081357887,0.451573812016,2.25,1.4224137931,0.6515895683,2.25,0.0257575757576,0.0189873417722,1,0.0001287001287,0.0609548784549,37,29,29,0.783783783784,0,0.513513513514,0.135135135135,0.135135135135,37,136,0.102102102102,1.3376022176,7.35135135135,13.6,5.03703703704,6.1743925307,0.839898983955,0.426073131955,6.86397218192,1.86740419655,0.794515103339,3.02814624311,0.823833904376,0.444356120827,0.610295119604,0.456260547099,2.23743589744,1.43073386384,0.661309067776,2.23743589744,0.0539581712903,0.0335085413929,17,0.0021879021879,0.398144941478,37,29,29,0.783783783784,0,0.513513513514,0.216216216216,0.0540540540541,-80,-0.0600600600601,0.0132778932779,-4.32432432432,-8,-0.962962962963,-2.02470651891,0.137661333873,0.116013071895,-3.46536444708,0.0980270888053,0.0292498380734,-0.0586852275926,0.295071106153,0.191603368074,0.0303500046697,0.0183428072507,0.237435897436,0.106409539513,0.0813639528415,0.237435897436,0.0417880451202,0.0275358451472,10,0.001287001287,-0.223051639718,-0.216216216216,-0.027027027027,0.027027027027,133,3,83,1113,0.615740740741,0.997311827957,0.00268817204301,0.384259259259,0.977941176471,0.615740740741,0.755681818182,0.746314097555,0.613052568698,0.607305936073,93,173,0,0,0,0
719,WLNM_dir_neg,0.937502088276,0.637101778025,00:00:05,10,20,30,1232383554,threshold_sweep,0.8,0.967032967033,0.508670520231,0.666666666667,88,3,85,343,0.508670520231,0.991329479769,0.00867052023121,0.491329479769,0.967032967033,0.508670520231,0.666666666667,0.830443159923,0.608220937701,0.567213114754,0.61985273904,0.5,216,43,173,0,216,0,43,0,173,37,216,0.162162162162,1.32432432432,11.6756756757,21.6,6,8.1990990496,0.702237650082,0.31006006006,10.329336629,1.76937710775,0.765265265265,3.0868314707,0.528762798222,0.252752752753,0.579945114934,0.437917739848,2,1.32432432432,0.579945114934,2,0.0121701261701,0.00597269624573,7,0.000900900900901,0.621196581197,37,37,37,1,0,0.72972972973,0.243243243243,0.027027027027,37,0.0322822822823,1.33108108108,2.32432432432,4.3,1.79166666667,2.36941218747,1.0193982667,0.505971087366,2.37479254665,2.04342614479,0.819610307982,1.09324983201,0.940703343825,0.50408548083,0.601081357887,0.451573812016,2.25,1.4224137931,0.6515895683,2.25,0.0257575757576,0.0189873417722,1,0.0001287001287,0.0609548784549,37,29,29,0.783783783784,0,0.513513513514,0.135135135135,0.135135135135,37,134,0.100600600601,1.3379497841,7.24324324324,13.4,4.96296296296,6.11194370523,0.843813123483,0.427390076644,6.77967285081,1.87199922,0.795885437676,2.97537440549,0.821558604501,0.444130697862,0.610839451398,0.456548862039,2.23786982249,1.43117731075,0.661890254207,2.23786982249,0.049211768268,0.0303848750844,15,0.0019305019305,0.38617624349,37,29,29,0.783783783784,0,0.513513513514,0.216216216216,0.0540540540541,-82,-0.0615615615616,0.0136254597793,-4.43243243243,-8.2,-1.03703703704,-2.08715534438,0.141575473401,0.117330016584,-3.54966377819,0.102622112254,0.0306201724112,-0.111457065213,0.292795806279,0.191377945109,0.030894336464,0.018631122191,0.237869822485,0.106852986429,0.081945139273,0.237869822485,0.0370416420979,0.0244121788387,8,0.0010296010296,-0.235020337706,-0.216216216216,-0.027027027027,0.027027027027,131,3,85,1113,0.606481481481,0.997311827957,0.00268817204301,0.393518518519,0.977611940299,0.606481481481,0.748571428571,0.739888813183,0.603793309438,0.598173515982,91,173,0,0,0,0
720,WLNM_dir_neg,0.937502088276,0.637101778025,00:00:05,10,20,30,1232383554,threshold_sweep,0.9,0.964705882353,0.473988439306,0.635658914729,82,3,91,343,0.473988439306,0.991329479769,0.00867052023121,0.526011560694,0.964705882353,0.473988439306,0.635658914729,0.818882466281,0.612074502248,0.533112582781,0.592729511029,0.465317919075,216,43,173,0,216,0,43,0,173,37,216,0.162162162162,1.32432432432,11.6756756757,21.6,6,8.1990990496,0.702237650082,0.31006006006,10.329336629,1.76937710775,0.765265265265,3.0868314707,0.528762798222,0.252752752753,0.579945114934,0.437917739848,2,1.32432432432,0.579945114934,2,0.0121701261701,0.00597269624573,7,0.000900900900901,0.621196581197,37,37,37,1,0,0.72972972973,0.243243243243,0.027027027027,37,0.0322822822823,1.33108108108,2.32432432432,4.3,1.79166666667,2.36941218747,1.0193982667,0.505971087366,2.37479254665,2.04342614479,0.819610307982,1.09324983201,0.940703343825,0.50408548083,0.601081357887,0.451573812016,2.25,1.4224137931,0.6515895683,2.25,0.0257575757576,0.0189873417722,1,0.0001287001287,0.0609548784549,37,29,29,0.783783783784,0,0.513513513514,0.135135135135,0.135135135135,37,128,0.0960960960961,1.33955174687,6.91891891892,12.8,5.12,5.99248778972,0.866101750858,0.434755067568,6.68162735747,1.93140790802,0.805320945946,2.97764443249,0.860725343768,0.46410472973,0.614439772018,0.458690583215,2.24390243902,1.43322119428,0.665864000951,2.24390243902,0.067191489696,0.0304568527919,14,0.0018018018018,0.36956217272,37,29,29,0.783783783784,0,0.513513513514,0.162162162162,0.108108108108,-88,-0.0660660660661,0.0152274225445,-4.75675675676,-8.8,-0.88,-2.20661125989,0.163864100776,0.124695007508,-3.64770927153,0.162030800274,0.0400556806807,-0.109187038209,0.331962545546,0.211351976977,0.0344946570835,0.0207728433666,0.243902439024,0.108896869957,0.0859188860168,0.243902439024,0.0550213635259,0.0244841565461,7,0.000900900900901,-0.251634408477,-0.216216216216,-0.0810810810811,0.0810810810811,125,3,91,1113,0.578703703704,0.997311827957,0.00268817204301,0.421296296296,0.9765625,0.578703703704,0.726744186047,0.720402047479,0.576015531661,0.570776255708,85,173,0,0,0,0
721,WLNM_dir_neg,0.93609041398,0.452864837639,00:00:03,10,20,31,1232383555,threshold_sweep,0.1,0.896103896104,0.797687861272,0.844036697248,138,16,35,330,0.797687861272,0.953757225434,0.0462427745665,0.202312138728,0.896103896104,0.797687861272,0.844036697248,0.901734104046,0.567758509955,0.772659732541,0.775445995365,0.751445086705,216,43,173,0,216,0,43,0,173,37,216,0.162162162162,1.32432432432,11.6756756757,21.6,6,8.1990990496,0.702237650082,0.31006006006,10.329336629,1.76937710775,0.765265265265,3.0868314707,0.528762798222,0.252752752753,0.579945114934,0.437917739848,2,1.32432432432,0.579945114934,2,0.0121701261701,0.00597269624573,7,0.000900900900901,0.621196581197,37,37,37,1,0,0.72972972973,0.243243243243,0.027027027027,37,0.0322822822823,1.32432432432,2.32432432432,4.3,1.86956521739,2.12202804011,0.912965552139,0.490886235072,2.06173488857,1.77405095063,0.775612822124,1.19055340805,1.02442967669,0.54305468259,0.579945114934,0.437917739848,2,1.42857142857,0.634126487474,2,0,0,0,0,0.0820025653359,37,28,28,0.756756756757,0,0.486486486486,0.135135135135,0.135135135135,37,197,0.147897897898,1.43217457455,10.6486486486,16.4166666667,5.32432432432,8.38721320495,0.787631696912,0.396076279325,9.23776684791,1.73501204758,0.768280971327,2.85826340103,0.536831197148,0.286184661819,0.677361494697,0.472960145178,2.29904592582,1.43217457455,0.677361494697,2.29904592582,0.310944199037,0.209141729694,212,0.0272844272844,0.355502380423,37,37,37,1,0,0.675675675676,0.324324324324,0,-19,-0.0142642642643,0.107850250221,-1.02702702703,-5.18333333333,-0.675675675676,0.188114155349,0.08539404683,0.086016219265,-1.09156978109,-0.0343650601684,0.00301570606139,-0.228568069674,0.00806839892539,0.0334319090664,0.0974163797625,0.0350424053293,0.299045925819,0.107850250221,0.0974163797625,0.299045925819,0.298774072867,0.203169033448,205,0.0263835263835,-0.265694200774,-0.0540540540541,0.0810810810811,-0.027027027027,181,16,35,1100,0.837962962963,0.985663082437,0.0143369175627,0.162037037037,0.918781725888,0.837962962963,0.876513317191,0.855180916233,0.8236260454,0.780172413793,154,173,0,0,0,0
722,WLNM_dir_neg,0.93609041398,0.452864837639,00:00:03,10,20,31,1232383555,threshold_sweep,0.2,0.896551724138,0.751445086705,0.817610062893,130,15,43,331,0.751445086705,0.956647398844,0.0433526011561,0.248554913295,0.896551724138,0.751445086705,0.817610062893,0.888246628131,0.573538856776,0.737951807229,0.743928649727,0.708092485549,216,43,173,0,216,0,43,0,173,37,216,0.162162162162,1.32432432432,11.6756756757,21.6,6,8.1990990496,0.702237650082,0.31006006006,10.329336629,1.76937710775,0.765265265265,3.0868314707,0.528762798222,0.252752752753,0.579945114934,0.437917739848,2,1.32432432432,0.579945114934,2,0.0121701261701,0.00597269624573,7,0.000900900900901,0.621196581197,37,37,37,1,0,0.72972972973,0.243243243243,0.027027027027,37,0.0322822822823,1.32432432432,2.32432432432,4.3,1.86956521739,2.12202804011,0.912965552139,0.490886235072,2.06173488857,1.77405095063,0.775612822124,1.19055340805,1.02442967669,0.54305468259,0.579945114934,0.437917739848,2,1.42857142857,0.634126487474,2,0,0,0,0,0.0820025653359,37,28,28,0.756756756757,0,0.486486486486,0.135135135135,0.135135135135,37,188,0.141141141141,1.39261352668,10.1621621622,17.0909090909,5.37142857143,8.20742723768,0.80764576541,0.41129959747,8.83923820994,1.73963730728,0.768545140886,3.06755764574,0.603721451554,0.319723979298,0.655087085362,0.470401208097,2.25267004872,1.41504858535,0.666931071512,2.25267004872,0.421432757614,0.217871128515,204,0.0262548262548,0.43768473646,37,35,35,0.945945945946,0,0.648648648649,0.297297297297,0,-28,-0.021021021021,0.0682892023557,-1.51351351351,-4.50909090909,-0.628571428571,0.00832818807858,0.105408115328,0.10123953741,-1.49009841906,-0.0297398004691,0.0032798756203,-0.0192738249686,0.0749586533319,0.0669712265457,0.0751419704275,0.0324834682481,0.252670048716,0.0907242610231,0.0869859565771,0.252670048716,0.409262631444,0.21189843227,197,0.0253539253539,-0.183511844737,-0.0810810810811,0.0540540540541,-0.027027027027,173,15,43,1101,0.800925925926,0.986559139785,0.0134408602151,0.199074074074,0.920212765957,0.800925925926,0.856435643564,0.833699157008,0.787485065711,0.748917748918,145,173,0,0,0,0
723,WLNM_dir_neg,0.93609041398,0.452864837639,00:00:03,10,20,31,1232383555,threshold_sweep,0.3,0.896551724138,0.751445086705,0.817610062893,130,15,43,331,0.751445086705,0.956647398844,0.0433526011561,0.248554913295,0.896551724138,0.751445086705,0.817610062893,0.888246628131,0.573538856776,0.737951807229,0.743928649727,0.708092485549,216,43,173,0,216,0,43,0,173,37,216,0.162162162162,1.32432432432,11.6756756757,21.6,6,8.1990990496,0.702237650082,0.31006006006,10.329336629,1.76937710775,0.765265265265,3.0868314707,0.528762798222,0.252752752753,0.579945114934,0.437917739848,2,1.32432432432,0.579945114934,2,0.0121701261701,0.00597269624573,7,0.000900900900901,0.621196581197,37,37,37,1,0,0.72972972973,0.243243243243,0.027027027027,37,0.0322822822823,1.32432432432,2.32432432432,4.3,1.86956521739,2.12202804011,0.912965552139,0.490886235072,2.06173488857,1.77405095063,0.775612822124,1.19055340805,1.02442967669,0.54305468259,0.579945114934,0.437917739848,2,1.42857142857,0.634126487474,2,0,0,0,0,0.0820025653359,37,28,28,0.756756756757,0,0.486486486486,0.135135135135,0.135135135135,37,188,0.141141141141,1.39261352668,10.1621621622,17.0909090909,5.37142857143,8.20742723768,0.80764576541,0.41129959747,8.83923820994,1.73963730728,0.768545140886,3.06755764574,0.603721451554,0.319723979298,0.655087085362,0.470401208097,2.25267004872,1.41504858535,0.666931071512,2.25267004872,0.421432757614,0.217871128515,204,0.0262548262548,0.43768473646,37,35,35,0.945945945946,0,0.648648648649,0.297297297297,0,-28,-0.021021021021,0.0682892023557,-1.51351351351,-4.50909090909,-0.628571428571,0.00832818807858,0.105408115328,0.10123953741,-1.49009841906,-0.0297398004691,0.0032798756203,-0.0192738249686,0.0749586533319,0.0669712265457,0.0751419704275,0.0324834682481,0.252670048716,0.0907242610231,0.0869859565771,0.252670048716,0.409262631444,0.21189843227,197,0.0253539253539,-0.183511844737,-0.0810810810811,0.0540540540541,-0.027027027027,173,15,43,1101,0.800925925926,0.986559139785,0.0134408602151,0.199074074074,0.920212765957,0.800925925926,0.856435643564,0.833699157008,0.787485065711,0.748917748918,145,173,0,0,0,0
724,WLNM_dir_neg,0.93609041398,0.452864837639,00:00:03,10,20,31,1232383555,threshold_sweep,0.4,0.902097902098,0.745664739884,0.816455696203,129,14,44,332,0.745664739884,0.959537572254,0.0404624277457,0.254335260116,0.902097902098,0.745664739884,0.816455696203,0.888246628131,0.574823378292,0.737160120846,0.744068445447,0.705202312139,216,43,173,0,216,0,43,0,173,37,216,0.162162162162,1.32432432432,11.6756756757,21.6,6,8.1990990496,0.702237650082,0.31006006006,10.329336629,1.76937710775,0.765265265265,3.0868314707,0.528762798222,0.252752752753,0.579945114934,0.437917739848,2,1.32432432432,0.579945114934,2,0.0121701261701,0.00597269624573,7,0.000900900900901,0.621196581197,37,37,37,1,0,0.72972972973,0.243243243243,0.027027027027,37,0.0322822822823,1.32432432432,2.32432432432,4.3,1.86956521739,2.12202804011,0.912965552139,0.490886235072,2.06173488857,1.77405095063,0.775612822124,1.19055340805,1.02442967669,0.54305468259,0.579945114934,0.437917739848,2,1.42857142857,0.634126487474,2,0,0,0,0,0.0820025653359,37,28,28,0.756756756757,0,0.486486486486,0.135135135135,0.135135135135,37,186,0.13963963964,1.38997678729,10.0540540541,16.9090909091,5.31428571429,8.12727214707,0.808357713553,0.411362975879,8.73844152926,1.73829213217,0.767800058123,3.07757558339,0.61220589562,0.327230456263,0.65058910964,0.468057535629,2.24291411298,1.41226117514,0.662349611072,2.24291411298,0.421905391808,0.217907227616,202,0.0259974259974,0.436099235277,37,35,35,0.945945945946,0,0.648648648649,0.297297297297,0,-30,-0.0225225225225,0.0656524629663,-1.62162162162,-4.69090909091,-0.685714285714,-0.0718269025337,0.106120063471,0.101302915819,-1.59089509974,-0.03108497558,0.00253479285737,-0.0092558873151,0.0834430973979,0.07447770351,0.0706439947059,0.0301397957802,0.242914112975,0.0879368508115,0.0824044961375,0.242914112975,0.409735265638,0.21193453137,195,0.0250965250965,-0.18509734592,-0.0810810810811,0.0540540540541,-0.027027027027,172,14,44,1102,0.796296296296,0.987455197133,0.0125448028674,0.203703703704,0.924731182796,0.796296296296,0.855721393035,0.833467314992,0.783751493429,0.747826086957,143,173,0,0,0,0
725,WLNM_dir_neg,0.93609041398,0.452864837639,00:00:03,10,20,31,1232383555,threshold_sweep,0.5,0.904411764706,0.71098265896,0.796116504854,123,13,50,333,0.71098265896,0.962427745665,0.0375722543353,0.28901734104,0.904411764706,0.71098265896,0.796116504854,0.878612716763,0.579319203597,0.711450381679,0.721891755707,0.673410404624,216,43,173,0,216,0,43,0,173,37,216,0.162162162162,1.32432432432,11.6756756757,21.6,6,8.1990990496,0.702237650082,0.31006006006,10.329336629,1.76937710775,0.765265265265,3.0868314707,0.528762798222,0.252752752753,0.579945114934,0.437917739848,2,1.32432432432,0.579945114934,2,0.0121701261701,0.00597269624573,7,0.000900900900901,0.621196581197,37,37,37,1,0,0.72972972973,0.243243243243,0.027027027027,37,0.0322822822823,1.32432432432,2.32432432432,4.3,1.86956521739,2.12202804011,0.912965552139,0.490886235072,2.06173488857,1.77405095063,0.775612822124,1.19055340805,1.02442967669,0.54305468259,0.579945114934,0.437917739848,2,1.42857142857,0.634126487474,2,0,0,0,0,0.0820025653359,37,28,28,0.756756756757,0,0.486486486486,0.135135135135,0.135135135135,37,179,0.134384384384,1.38801870559,9.67567567568,16.2727272727,5.11428571429,7.88829672523,0.815270890596,0.419296391363,8.33837685215,1.72357510352,0.762494337913,3.27883374857,0.677747758084,0.362373546731,0.647636585746,0.466590675714,2.23566921069,1.41019120305,0.659350606987,2.23566921069,0.300270592863,0.224256292906,196,0.0252252252252,0.456681727745,37,35,35,0.945945945946,0,0.648648648649,0.297297297297,0,-37,-0.0277777777778,0.063694381268,-2,-5.32727272727,-0.885714285714,-0.310802324378,0.113033240514,0.109236331303,-1.99095977685,-0.0458020042276,-0.00277092735193,0.192002277864,0.148984959862,0.109620793978,0.0676914708112,0.0286729358653,0.235669210692,0.0858668787304,0.0794054920524,0.235669210692,0.288100466693,0.21828359666,189,0.0243243243243,-0.164514853452,-0.0810810810811,0.0540540540541,-0.027027027027,166,13,50,1103,0.768518518519,0.98835125448,0.0116487455197,0.231481481481,0.927374301676,0.768518518519,0.840506329114,0.817972993283,0.756869772999,0.724890829694,136,173,0,0,0,0
726,WLNM_dir_neg,0.93609041398,0.452864837639,00:00:03,10,20,31,1232383555,threshold_sweep,0.6,0.904411764706,0.71098265896,0.796116504854,123,13,50,333,0.71098265896,0.962427745665,0.0375722543353,0.28901734104,0.904411764706,0.71098265896,0.796116504854,0.878612716763,0.579319203597,0.711450381679,0.721891755707,0.673410404624,216,43,173,0,216,0,43,0,173,37,216,0.162162162162,1.32432432432,11.6756756757,21.6,6,8.1990990496,0.702237650082,0.31006006006,10.329336629,1.76937710775,0.765265265265,3.0868314707,0.528762798222,0.252752752753,0.579945114934,0.437917739848,2,1.32432432432,0.579945114934,2,0.0121701261701,0.00597269624573,7,0.000900900900901,0.621196581197,37,37,37,1,0,0.72972972973,0.243243243243,0.027027027027,37,0.0322822822823,1.32432432432,2.32432432432,4.3,1.86956521739,2.12202804011,0.912965552139,0.490886235072,2.06173488857,1.77405095063,0.775612822124,1.19055340805,1.02442967669,0.54305468259,0.579945114934,0.437917739848,2,1.42857142857,0.634126487474,2,0,0,0,0,0.0820025653359,37,28,28,0.756756756757,0,0.486486486486,0.135135135135,0.135135135135,37,179,0.134384384384,1.38801870559,9.67567567568,16.2727272727,5.11428571429,7.88829672523,0.815270890596,0.419296391363,8.33837685215,1.72357510352,0.762494337913,3.27883374857,0.677747758084,0.362373546731,0.647636585746,0.466590675714,2.23566921069,1.41019120305,0.659350606987,2.23566921069,0.300270592863,0.224256292906,196,0.0252252252252,0.456681727745,37,35,35,0.945945945946,0,0.648648648649,0.297297297297,0,-37,-0.0277777777778,0.063694381268,-2,-5.32727272727,-0.885714285714,-0.310802324378,0.113033240514,0.109236331303,-1.99095977685,-0.0458020042276,-0.00277092735193,0.192002277864,0.148984959862,0.109620793978,0.0676914708112,0.0286729358653,0.235669210692,0.0858668787304,0.0794054920524,0.235669210692,0.288100466693,0.21828359666,189,0.0243243243243,-0.164514853452,-0.0810810810811,0.0540540540541,-0.027027027027,166,13,50,1103,0.768518518519,0.98835125448,0.0116487455197,0.231481481481,0.927374301676,0.768518518519,0.840506329114,0.817972993283,0.756869772999,0.724890829694,136,173,0,0,0,0
727,WLNM_dir_neg,0.93609041398,0.452864837639,00:00:03,10,20,31,1232383555,threshold_sweep,0.7,0.911111111111,0.71098265896,0.798701298701,123,12,50,334,0.71098265896,0.965317919075,0.0346820809249,0.28901734104,0.911111111111,0.71098265896,0.798701298701,0.880539499037,0.579961464355,0.715596330275,0.726722092687,0.676300578035,216,43,173,0,216,0,43,0,173,37,216,0.162162162162,1.32432432432,11.6756756757,21.6,6,8.1990990496,0.702237650082,0.31006006006,10.329336629,1.76937710775,0.765265265265,3.0868314707,0.528762798222,0.252752752753,0.579945114934,0.437917739848,2,1.32432432432,0.579945114934,2,0.0121701261701,0.00597269624573,7,0.000900900900901,0.621196581197,37,37,37,1,0,0.72972972973,0.243243243243,0.027027027027,37,0.0322822822823,1.32432432432,2.32432432432,4.3,1.86956521739,2.12202804011,0.912965552139,0.490886235072,2.06173488857,1.77405095063,0.775612822124,1.19055340805,1.02442967669,0.54305468259,0.579945114934,0.437917739848,2,1.42857142857,0.634126487474,2,0,0,0,0,0.0820025653359,37,28,28,0.756756756757,0,0.486486486486,0.135135135135,0.135135135135,37,178,0.133633633634,1.3847491162,9.62162162162,16.1818181818,5.08571428571,7.83989566027,0.814820616377,0.418311569997,8.28934335235,1.72306575302,0.762222897054,3.30687699128,0.687384543131,0.366838748861,0.642364663899,0.463885231183,2.22357172994,1.40673477998,0.653987392329,2.22357172994,0.300270592863,0.224256292906,196,0.0252252252252,0.460793951189,37,35,35,0.945945945946,0,0.648648648649,0.297297297297,0,-38,-0.0285285285285,0.0604247918746,-2.05405405405,-5.41818181818,-0.914285714286,-0.359203389332,0.112582966295,0.108251509937,-2.03999327665,-0.0463113547279,-0.00304236821091,0.220045520573,0.158621744908,0.114085996108,0.0624195489642,0.0259674913347,0.223571729936,0.0824104556574,0.0740422773948,0.223571729936,0.288100466693,0.21828359666,189,0.0243243243243,-0.160402630008,-0.0810810810811,0.0540540540541,-0.027027027027,166,12,50,1104,0.768518518519,0.989247311828,0.010752688172,0.231481481481,0.932584269663,0.768518518519,0.842639593909,0.820882666264,0.757765830346,0.728070175439,135,173,0,0,0,0
728,WLNM_dir_neg,0.93609041398,0.452864837639,00:00:03,10,20,31,1232383555,threshold_sweep,0.8,0.911111111111,0.71098265896,0.798701298701,123,12,50,334,0.71098265896,0.965317919075,0.0346820809249,0.28901734104,0.911111111111,0.71098265896,0.798701298701,0.880539499037,0.579961464355,0.715596330275,0.726722092687,0.676300578035,216,43,173,0,216,0,43,0,173,37,216,0.162162162162,1.32432432432,11.6756756757,21.6,6,8.1990990496,0.702237650082,0.31006006006,10.329336629,1.76937710775,0.765265265265,3.0868314707,0.528762798222,0.252752752753,0.579945114934,0.437917739848,2,1.32432432432,0.579945114934,2,0.0121701261701,0.00597269624573,7,0.000900900900901,0.621196581197,37,37,37,1,0,0.72972972973,0.243243243243,0.027027027027,37,0.0322822822823,1.32432432432,2.32432432432,4.3,1.86956521739,2.12202804011,0.912965552139,0.490886235072,2.06173488857,1.77405095063,0.775612822124,1.19055340805,1.02442967669,0.54305468259,0.579945114934,0.437917739848,2,1.42857142857,0.634126487474,2,0,0,0,0,0.0820025653359,37,28,28,0.756756756757,0,0.486486486486,0.135135135135,0.135135135135,37,178,0.133633633634,1.3847491162,9.62162162162,16.1818181818,5.08571428571,7.83989566027,0.814820616377,0.418311569997,8.28934335235,1.72306575302,0.762222897054,3.30687699128,0.687384543131,0.366838748861,0.642364663899,0.463885231183,2.22357172994,1.40673477998,0.653987392329,2.22357172994,0.300270592863,0.224256292906,196,0.0252252252252,0.460793951189,37,35,35,0.945945945946,0,0.648648648649,0.297297297297,0,-38,-0.0285285285285,0.0604247918746,-2.05405405405,-5.41818181818,-0.914285714286,-0.359203389332,0.112582966295,0.108251509937,-2.03999327665,-0.0463113547279,-0.00304236821091,0.220045520573,0.158621744908,0.114085996108,0.0624195489642,0.0259674913347,0.223571729936,0.0824104556574,0.0740422773948,0.223571729936,0.288100466693,0.21828359666,189,0.0243243243243,-0.160402630008,-0.0810810810811,0.0540540540541,-0.027027027027,166,12,50,1104,0.768518518519,0.989247311828,0.010752688172,0.231481481481,0.932584269663,0.768518518519,0.842639593909,0.820882666264,0.757765830346,0.728070175439,135,173,0,0,0,0
729,WLNM_dir_neg,0.93609041398,0.452864837639,00:00:03,10,20,31,1232383555,threshold_sweep,0.9,0.911111111111,0.71098265896,0.798701298701,123,12,50,334,0.71098265896,0.965317919075,0.0346820809249,0.28901734104,0.911111111111,0.71098265896,0.798701298701,0.880539499037,0.579961464355,0.715596330275,0.726722092687,0.676300578035,216,43,173,0,216,0,43,0,173,37,216,0.162162162162,1.32432432432,11.6756756757,21.6,6,8.1990990496,0.702237650082,0.31006006006,10.329336629,1.76937710775,0.765265265265,3.0868314707,0.528762798222,0.252752752753,0.579945114934,0.437917739848,2,1.32432432432,0.579945114934,2,0.0121701261701,0.00597269624573,7,0.000900900900901,0.621196581197,37,37,37,1,0,0.72972972973,0.243243243243,0.027027027027,37,0.0322822822823,1.32432432432,2.32432432432,4.3,1.86956521739,2.12202804011,0.912965552139,0.490886235072,2.06173488857,1.77405095063,0.775612822124,1.19055340805,1.02442967669,0.54305468259,0.579945114934,0.437917739848,2,1.42857142857,0.634126487474,2,0,0,0,0,0.0820025653359,37,28,28,0.756756756757,0,0.486486486486,0.135135135135,0.135135135135,37,178,0.133633633634,1.3847491162,9.62162162162,16.1818181818,5.08571428571,7.83989566027,0.814820616377,0.418311569997,8.28934335235,1.72306575302,0.762222897054,3.30687699128,0.687384543131,0.366838748861,0.642364663899,0.463885231183,2.22357172994,1.40673477998,0.653987392329,2.22357172994,0.300270592863,0.224256292906,196,0.0252252252252,0.460793951189,37,35,35,0.945945945946,0,0.648648648649,0.297297297297,0,-38,-0.0285285285285,0.0604247918746,-2.05405405405,-5.41818181818,-0.914285714286,-0.359203389332,0.112582966295,0.108251509937,-2.03999327665,-0.0463113547279,-0.00304236821091,0.220045520573,0.158621744908,0.114085996108,0.0624195489642,0.0259674913347,0.223571729936,0.0824104556574,0.0740422773948,0.223571729936,0.288100466693,0.21828359666,189,0.0243243243243,-0.160402630008,-0.0810810810811,0.0540540540541,-0.027027027027,166,12,50,1104,0.768518518519,0.989247311828,0.010752688172,0.231481481481,0.932584269663,0.768518518519,0.842639593909,0.820882666264,0.757765830346,0.728070175439,135,173,0,0,0,0
730,WLNM_dir_neg,0.968993284106,0.346110081198,00:00:04,10,20,32,1232383556,threshold_sweep,0.1,0.898203592814,0.867052023121,0.882352941176,150,17,23,329,0.867052023121,0.950867052023,0.0491329479769,0.132947976879,0.898203592814,0.867052023121,0.882352941176,0.922928709056,0.559409120103,0.825072886297,0.825357059698,0.817919075145,216,43,173,0,216,0,43,0,173,37,216,0.162162162162,1.32432432432,11.6756756757,21.6,6,8.1990990496,0.702237650082,0.31006006006,10.329336629,1.76937710775,0.765265265265,3.0868314707,0.528762798222,0.252752752753,0.579945114934,0.437917739848,2,1.32432432432,0.579945114934,2,0.0121701261701,0.00597269624573,7,0.000900900900901,0.621196581197,37,37,37,1,0,0.72972972973,0.243243243243,0.027027027027,37,0.0322822822823,1.32432432432,2.32432432432,4.3,1.72,2.14804890869,0.924160576994,0.470144563168,2.15398227468,1.85342660845,0.793211816468,1.04119358627,0.895910760276,0.477686989315,0.579945114934,0.437917739848,2,1.38709677419,0.615219167172,2,0,0,0,0,0.0628170594837,37,31,31,0.837837837838,0,0.567567567568,0.108108108108,0.162162162162,37,210,0.157657657658,2.12065796122,11.3513513514,11.0526315789,5.67567567568,8.41366684566,0.741203984023,0.359459459459,9.35133399294,1.64761598923,0.742342342342,2.98192754639,0.525387234363,0.267181467181,1.18539621015,0.558975672561,2.87001723713,2.12065796122,1.18539621015,2.87001723713,0.131056339823,0.0823229100191,86,0.0110682110682,0.217835735393,37,37,37,1,0,0.486486486486,0.513513513514,0,-6,-0.0045045045045,0.796333636897,-0.324324324324,-10.5473684211,-0.324324324324,0.214567796057,0.0389663339407,0.0493993993994,-0.978002636063,-0.121761118514,-0.0229229229229,-0.104903924319,-0.0033755638593,0.0144287144287,0.605451095212,0.121057932713,0.870017237128,0.796333636897,0.605451095212,0.870017237128,0.118886213653,0.0763502137734,79,0.0101673101673,-0.403360845804,-0.243243243243,0.27027027027,-0.027027027027,193,17,23,1099,0.893518518519,0.98476702509,0.0152329749104,0.106481481481,0.919047619048,0.893518518519,0.906103286385,0.888359255503,0.878285543608,0.828326180258,167,173,0,0,0,0
731,WLNM_dir_neg,0.968993284106,0.346110081198,00:00:04,10,20,32,1232383556,threshold_sweep,0.2,0.898203592814,0.867052023121,0.882352941176,150,17,23,329,0.867052023121,0.950867052023,0.0491329479769,0.132947976879,0.898203592814,0.867052023121,0.882352941176,0.922928709056,0.559409120103,0.825072886297,0.825357059698,0.817919075145,216,43,173,0,216,0,43,0,173,37,216,0.162162162162,1.32432432432,11.6756756757,21.6,6,8.1990990496,0.702237650082,0.31006006006,10.329336629,1.76937710775,0.765265265265,3.0868314707,0.528762798222,0.252752752753,0.579945114934,0.437917739848,2,1.32432432432,0.579945114934,2,0.0121701261701,0.00597269624573,7,0.000900900900901,0.621196581197,37,37,37,1,0,0.72972972973,0.243243243243,0.027027027027,37,0.0322822822823,1.32432432432,2.32432432432,4.3,1.72,2.14804890869,0.924160576994,0.470144563168,2.15398227468,1.85342660845,0.793211816468,1.04119358627,0.895910760276,0.477686989315,0.579945114934,0.437917739848,2,1.38709677419,0.615219167172,2,0,0,0,0,0.0628170594837,37,31,31,0.837837837838,0,0.567567567568,0.108108108108,0.162162162162,37,210,0.157657657658,2.12065796122,11.3513513514,11.0526315789,5.67567567568,8.41366684566,0.741203984023,0.359459459459,9.35133399294,1.64761598923,0.742342342342,2.98192754639,0.525387234363,0.267181467181,1.18539621015,0.558975672561,2.87001723713,2.12065796122,1.18539621015,2.87001723713,0.131056339823,0.0823229100191,86,0.0110682110682,0.217835735393,37,37,37,1,0,0.486486486486,0.513513513514,0,-6,-0.0045045045045,0.796333636897,-0.324324324324,-10.5473684211,-0.324324324324,0.214567796057,0.0389663339407,0.0493993993994,-0.978002636063,-0.121761118514,-0.0229229229229,-0.104903924319,-0.0033755638593,0.0144287144287,0.605451095212,0.121057932713,0.870017237128,0.796333636897,0.605451095212,0.870017237128,0.118886213653,0.0763502137734,79,0.0101673101673,-0.403360845804,-0.243243243243,0.27027027027,-0.027027027027,193,17,23,1099,0.893518518519,0.98476702509,0.0152329749104,0.106481481481,0.919047619048,0.893518518519,0.906103286385,0.888359255503,0.878285543608,0.828326180258,167,173,0,0,0,0
732,WLNM_dir_neg,0.968993284106,0.346110081198,00:00:04,10,20,32,1232383556,threshold_sweep,0.3,0.903614457831,0.867052023121,0.884955752212,150,16,23,330,0.867052023121,0.953757225434,0.0462427745665,0.132947976879,0.903614457831,0.867052023121,0.884955752212,0.924855491329,0.560051380861,0.829197080292,0.829587014624,0.820809248555,216,43,173,0,216,0,43,0,173,37,216,0.162162162162,1.32432432432,11.6756756757,21.6,6,8.1990990496,0.702237650082,0.31006006006,10.329336629,1.76937710775,0.765265265265,3.0868314707,0.528762798222,0.252752752753,0.579945114934,0.437917739848,2,1.32432432432,0.579945114934,2,0.0121701261701,0.00597269624573,7,0.000900900900901,0.621196581197,37,37,37,1,0,0.72972972973,0.243243243243,0.027027027027,37,0.0322822822823,1.32432432432,2.32432432432,4.3,1.72,2.14804890869,0.924160576994,0.470144563168,2.15398227468,1.85342660845,0.793211816468,1.04119358627,0.895910760276,0.477686989315,0.579945114934,0.437917739848,2,1.38709677419,0.615219167172,2,0,0,0,0,0.0628170594837,37,31,31,0.837837837838,0,0.567567567568,0.108108108108,0.162162162162,37,209,0.156906906907,2.06589445668,11.2972972973,11.6111111111,5.64864864865,8.43229527493,0.746399342518,0.360274149748,9.36665544547,1.65821172958,0.745894219578,2.95537378926,0.52320014451,0.263804474331,1.17228997804,0.567449113508,2.8128386813,2.06589445668,1.17228997804,2.8128386813,0.119286076011,0.0750481077614,78,0.0100386100386,0.241152740008,37,37,37,1,0,0.513513513514,0.486486486486,0,-7,-0.00525525525526,0.741570132353,-0.378378378378,-9.98888888889,-0.351351351351,0.233196225325,0.0441616924358,0.0502140896878,-0.962681183525,-0.111165378164,-0.0193710456868,-0.131457681446,-0.00556265371262,0.011051721578,0.592344863109,0.12953137366,0.812838681297,0.741570132353,0.592344863109,0.812838681297,0.107115949841,0.0690754115157,71,0.00913770913771,-0.380043841189,-0.216216216216,0.243243243243,-0.027027027027,193,16,23,1100,0.893518518519,0.985663082437,0.0143369175627,0.106481481481,0.923444976077,0.893518518519,0.908235294118,0.890993513839,0.879181600956,0.831896551724,166,173,0,0,0,0
733,WLNM_dir_neg,0.968993284106,0.346110081198,00:00:04,10,20,32,1232383556,threshold_sweep,0.4,0.943396226415,0.867052023121,0.903614457831,150,9,23,337,0.867052023121,0.973988439306,0.0260115606936,0.132947976879,0.943396226415,0.867052023121,0.903614457831,0.938342967245,0.564547206166,0.858407079646,0.860058868835,0.841040462428,216,43,173,0,216,0,43,0,173,37,216,0.162162162162,1.32432432432,11.6756756757,21.6,6,8.1990990496,0.702237650082,0.31006006006,10.329336629,1.76937710775,0.765265265265,3.0868314707,0.528762798222,0.252752752753,0.579945114934,0.437917739848,2,1.32432432432,0.579945114934,2,0.0121701261701,0.00597269624573,7,0.000900900900901,0.621196581197,37,37,37,1,0,0.72972972973,0.243243243243,0.027027027027,37,0.0322822822823,1.32432432432,2.32432432432,4.3,1.72,2.14804890869,0.924160576994,0.470144563168,2.15398227468,1.85342660845,0.793211816468,1.04119358627,0.895910760276,0.477686989315,0.579945114934,0.437917739848,2,1.38709677419,0.615219167172,2,0,0,0,0,0.0628170594837,37,31,31,0.837837837838,0,0.567567567568,0.108108108108,0.162162162162,37,202,0.151651651652,1.61423935322,10.9189189189,15.5384615385,5.45945945946,8.1866367344,0.749766235576,0.365533850682,9.40624672638,1.72292638057,0.762108643297,3.01472860944,0.552202765096,0.280706449023,0.895742936757,0.554900941406,2.42975584509,1.61423935322,0.895742936757,2.42975584509,0.0963040525339,0.0760368663594,77,0.00990990990991,0.340162314907,37,37,37,1,0,0.648648648649,0.351351351351,0,-14,-0.0105105105105,0.289915028896,-0.756756756757,-6.06153846154,-0.540540540541,-0.0124623152049,0.0475285854943,0.0554737906223,-0.923089902623,-0.0464507271713,-0.0031566219685,-0.0721028612619,0.0234399668734,0.0279536962705,0.315797821822,0.116983201558,0.429755845085,0.289915028896,0.315797821822,0.429755845085,0.0841339263638,0.0700641701137,70,0.00900900900901,-0.28103426629,-0.0810810810811,0.108108108108,-0.027027027027,193,9,23,1107,0.893518518519,0.991935483871,0.00806451612903,0.106481481481,0.955445544554,0.893518518519,0.923444976077,0.909934374775,0.885454002389,0.857777777778,159,173,0,0,0,0
734,WLNM_dir_neg,0.968993284106,0.346110081198,00:00:04,10,20,32,1232383556,threshold_sweep,0.5,0.943396226415,0.867052023121,0.903614457831,150,9,23,337,0.867052023121,0.973988439306,0.0260115606936,0.132947976879,0.943396226415,0.867052023121,0.903614457831,0.938342967245,0.564547206166,0.858407079646,0.860058868835,0.841040462428,216,43,173,0,216,0,43,0,173,37,216,0.162162162162,1.32432432432,11.6756756757,21.6,6,8.1990990496,0.702237650082,0.31006006006,10.329336629,1.76937710775,0.765265265265,3.0868314707,0.528762798222,0.252752752753,0.579945114934,0.437917739848,2,1.32432432432,0.579945114934,2,0.0121701261701,0.00597269624573,7,0.000900900900901,0.621196581197,37,37,37,1,0,0.72972972973,0.243243243243,0.027027027027,37,0.0322822822823,1.32432432432,2.32432432432,4.3,1.72,2.14804890869,0.924160576994,0.470144563168,2.15398227468,1.85342660845,0.793211816468,1.04119358627,0.895910760276,0.477686989315,0.579945114934,0.437917739848,2,1.38709677419,0.615219167172,2,0,0,0,0,0.0628170594837,37,31,31,0.837837837838,0,0.567567567568,0.108108108108,0.162162162162,37,202,0.151651651652,1.61423935322,10.9189189189,15.5384615385,5.45945945946,8.1866367344,0.749766235576,0.365533850682,9.40624672638,1.72292638057,0.762108643297,3.01472860944,0.552202765096,0.280706449023,0.895742936757,0.554900941406,2.42975584509,1.61423935322,0.895742936757,2.42975584509,0.0963040525339,0.0760368663594,77,0.00990990990991,0.340162314907,37,37,37,1,0,0.648648648649,0.351351351351,0,-14,-0.0105105105105,0.289915028896,-0.756756756757,-6.06153846154,-0.540540540541,-0.0124623152049,0.0475285854943,0.0554737906223,-0.923089902623,-0.0464507271713,-0.0031566219685,-0.0721028612619,0.0234399668734,0.0279536962705,0.315797821822,0.116983201558,0.429755845085,0.289915028896,0.315797821822,0.429755845085,0.0841339263638,0.0700641701137,70,0.00900900900901,-0.28103426629,-0.0810810810811,0.108108108108,-0.027027027027,193,9,23,1107,0.893518518519,0.991935483871,0.00806451612903,0.106481481481,0.955445544554,0.893518518519,0.923444976077,0.909934374775,0.885454002389,0.857777777778,159,173,0,0,0,0
735,WLNM_dir_neg,0.968993284106,0.346110081198,00:00:04,10,20,32,1232383556,threshold_sweep,0.6,0.949367088608,0.867052023121,0.906344410876,150,8,23,338,0.867052023121,0.976878612717,0.0231213872832,0.132947976879,0.949367088608,0.867052023121,0.906344410876,0.940269749518,0.565189466924,0.862629246677,0.864541229133,0.843930635838,216,43,173,0,216,0,43,0,173,37,216,0.162162162162,1.32432432432,11.6756756757,21.6,6,8.1990990496,0.702237650082,0.31006006006,10.329336629,1.76937710775,0.765265265265,3.0868314707,0.528762798222,0.252752752753,0.579945114934,0.437917739848,2,1.32432432432,0.579945114934,2,0.0121701261701,0.00597269624573,7,0.000900900900901,0.621196581197,37,37,37,1,0,0.72972972973,0.243243243243,0.027027027027,37,0.0322822822823,1.32432432432,2.32432432432,4.3,1.72,2.14804890869,0.924160576994,0.470144563168,2.15398227468,1.85342660845,0.793211816468,1.04119358627,0.895910760276,0.477686989315,0.579945114934,0.437917739848,2,1.38709677419,0.615219167172,2,0,0,0,0,0.0628170594837,37,31,31,0.837837837838,0,0.567567567568,0.108108108108,0.162162162162,37,201,0.150900900901,1.61117330773,10.8648648649,15.4615384615,5.43243243243,8.07314533968,0.743050690469,0.362780691139,9.35574850186,1.72220246054,0.761597418314,3.03260559531,0.558240830977,0.283178701089,0.891202312436,0.553138702186,2.42743390691,1.61117330773,0.891202312436,2.42743390691,0.0690635248052,0.0542531815137,54,0.00694980694981,0.342130275056,37,37,37,1,0,0.648648648649,0.351351351351,0,-15,-0.0112612612613,0.286848983407,-0.810810810811,-6.13846153846,-0.567567567568,-0.12595370992,0.0408130403866,0.0527206310788,-0.973588127141,-0.0471746472042,-0.00366784695143,-0.0542258753954,0.0294780327548,0.0304259483364,0.311257197501,0.115220962338,0.427433906909,0.286848983407,0.311257197501,0.427433906909,0.0568933986351,0.048280485268,47,0.00604890604891,-0.27906630614,-0.0810810810811,0.108108108108,-0.027027027027,193,8,23,1108,0.893518518519,0.992831541219,0.00716845878136,0.106481481481,0.960199004975,0.893518518519,0.925659472422,0.9127144368,0.886350059737,0.861607142857,158,173,0,0,0,0
736,WLNM_dir_neg,0.968993284106,0.346110081198,00:00:04,10,20,32,1232383556,threshold_sweep,0.7,0.946308724832,0.815028901734,0.875776397516,141,8,32,338,0.815028901734,0.976878612717,0.0231213872832,0.184971098266,0.946308724832,0.815028901734,0.875776397516,0.922928709056,0.570969813744,0.820359281437,0.825166462987,0.791907514451,216,43,173,0,216,0,43,0,173,37,216,0.162162162162,1.32432432432,11.6756756757,21.6,6,8.1990990496,0.702237650082,0.31006006006,10.329336629,1.76937710775,0.765265265265,3.0868314707,0.528762798222,0.252752752753,0.579945114934,0.437917739848,2,1.32432432432,0.579945114934,2,0.0121701261701,0.00597269624573,7,0.000900900900901,0.621196581197,37,37,37,1,0,0.72972972973,0.243243243243,0.027027027027,37,0.0322822822823,1.32432432432,2.32432432432,4.3,1.72,2.14804890869,0.924160576994,0.470144563168,2.15398227468,1.85342660845,0.793211816468,1.04119358627,0.895910760276,0.477686989315,0.579945114934,0.437917739848,2,1.38709677419,0.615219167172,2,0,0,0,0,0.0628170594837,37,31,31,0.837837837838,0,0.567567567568,0.108108108108,0.162162162162,37,192,0.144144144144,1.61656739123,10.3783783784,14.7692307692,5.48571428571,7.82925905162,0.754381731536,0.375422297297,9.07327528097,1.74849575727,0.763795045045,3.34861362555,0.645305750757,0.327984234234,0.89888400894,0.556044872498,2.43140208081,1.65179981358,0.912075390229,2.43140208081,0.0796285434995,0.0536496350365,49,0.00630630630631,0.35551965584,37,35,35,0.945945945946,0,0.594594594595,0.351351351351,0,-24,-0.018018018018,0.292243066903,-1.2972972973,-6.83076923077,-0.514285714286,-0.369839997989,0.052144081454,0.0653622372372,-1.25606134803,-0.0208813504744,-0.00147022022022,0.261782154845,0.116542952534,0.0752314814815,0.318938894005,0.11812713265,0.431402080806,0.327475489259,0.332130275294,0.431402080806,0.0674584173294,0.0476769387908,42,0.00540540540541,-0.265676925357,-0.135135135135,0.108108108108,-0.027027027027,184,8,32,1108,0.851851851852,0.992831541219,0.00716845878136,0.148148148148,0.958333333333,0.851851851852,0.901960784314,0.886441109527,0.84468339307,0.821428571429,149,173,0,0,0,0
737,WLNM_dir_neg,0.968993284106,0.346110081198,00:00:04,10,20,32,1232383556,threshold_sweep,0.8,0.971830985915,0.797687861272,0.87619047619,138,4,35,342,0.797687861272,0.988439306358,0.0115606936416,0.202312138728,0.971830985915,0.797687861272,0.87619047619,0.924855491329,0.575465639049,0.822995461422,0.831264165039,0.78612716763,216,43,173,0,216,0,43,0,173,37,216,0.162162162162,1.32432432432,11.6756756757,21.6,6,8.1990990496,0.702237650082,0.31006006006,10.329336629,1.76937710775,0.765265265265,3.0868314707,0.528762798222,0.252752752753,0.579945114934,0.437917739848,2,1.32432432432,0.579945114934,2,0.0121701261701,0.00597269624573,7,0.000900900900901,0.621196581197,37,37,37,1,0,0.72972972973,0.243243243243,0.027027027027,37,0.0322822822823,1.32432432432,2.32432432432,4.3,1.72,2.14804890869,0.924160576994,0.470144563168,2.15398227468,1.85342660845,0.793211816468,1.04119358627,0.895910760276,0.477686989315,0.579945114934,0.437917739848,2,1.38709677419,0.615219167172,2,0,0,0,0,0.0628170594837,37,31,31,0.837837837838,0,0.567567567568,0.108108108108,0.162162162162,37,185,0.138888888889,1.33217519739,10,18.5,5.28571428571,7.59751421336,0.759751421336,0.378378378378,9.09212113132,1.81842422626,0.775456537619,3.48010216964,0.696020433927,0.350620891161,0.590928413676,0.44358160611,2.02640748212,1.35115663724,0.602391776774,2.02640748212,0.094012555934,0.0512139605463,45,0.00579150579151,0.57938269927,37,35,35,0.945945945946,0,0.675675675676,0.27027027027,0,-31,-0.0232732732733,0.00785087306268,-1.67567567568,-3.1,-0.714285714286,-0.601584836244,0.0575137712542,0.0683183183183,-1.23721549768,0.0490471185195,0.0101912723534,0.393270698933,0.167257635705,0.0978681384087,0.0109832987419,0.00566386626119,0.0264074821199,0.0268323129134,0.02244666184,0.0264074821199,0.0818424297639,0.0452412643005,38,0.0048906048906,-0.0418138819261,-0.0540540540541,0.027027027027,-0.027027027027,181,4,35,1112,0.837962962963,0.996415770609,0.00358422939068,0.162037037037,0.978378378378,0.837962962963,0.902743142145,0.889312969713,0.834378733572,0.822727272727,142,173,0,0,0,0
738,WLNM_dir_neg,0.968993284106,0.346110081198,00:00:04,10,20,32,1232383556,threshold_sweep,0.9,0.977941176471,0.768786127168,0.860841423948,133,3,40,343,0.768786127168,0.991329479769,0.00867052023121,0.231213872832,0.977941176471,0.768786127168,0.860841423948,0.917148362235,0.579319203597,0.803053435115,0.814839192064,0.760115606936,216,43,173,0,216,0,43,0,173,37,216,0.162162162162,1.32432432432,11.6756756757,21.6,6,8.1990990496,0.702237650082,0.31006006006,10.329336629,1.76937710775,0.765265265265,3.0868314707,0.528762798222,0.252752752753,0.579945114934,0.437917739848,2,1.32432432432,0.579945114934,2,0.0121701261701,0.00597269624573,7,0.000900900900901,0.621196581197,37,37,37,1,0,0.72972972973,0.243243243243,0.027027027027,37,0.0322822822823,1.32432432432,2.32432432432,4.3,1.72,2.14804890869,0.924160576994,0.470144563168,2.15398227468,1.85342660845,0.793211816468,1.04119358627,0.895910760276,0.477686989315,0.579945114934,0.437917739848,2,1.38709677419,0.615219167172,2,0,0,0,0,0.0628170594837,37,31,31,0.837837837838,0,0.567567567568,0.108108108108,0.162162162162,37,179,0.134384384384,1.33482063882,9.67567567568,17.9,5.96666666667,7.41640094675,0.76649953919,0.380039257134,9.00158477872,1.86066277549,0.781820927072,3.67811480633,0.760280714157,0.384719915446,0.60329393601,0.451966293047,2.20909090909,1.36436363636,0.621257259934,2.20909090909,0.096183068918,0.0519071962249,44,0.00566280566281,0.586828578829,37,34,34,0.918918918919,0,0.648648648649,0.162162162162,0.108108108108,-37,-0.0277777777778,0.0104963144963,-2,-3.7,-0.0333333333333,-0.782698102851,0.0642618891077,0.0699791970742,-1.32775185028,0.0912856677448,0.0165556618071,0.591283335624,0.231517915935,0.131967162693,0.0233488210753,0.014048553198,0.209090909091,0.0400393120393,0.0413121449992,0.209090909091,0.0840129427479,0.0459344999792,37,0.0047619047619,-0.034368002368,-0.0810810810811,-0.0810810810811,0.0810810810811,176,3,40,1113,0.814814814815,0.997311827957,0.00268817204301,0.185185185185,0.983240223464,0.814814814815,0.891139240506,0.877690832177,0.812126642772,0.803652968037,136,173,0,0,0,0
739,WLNM_dir_neg,0.907781750142,0.568794517025,00:00:03,10,20,33,1232383557,threshold_sweep,0.1,0.848484848485,0.809248554913,0.828402366864,140,25,33,321,0.809248554913,0.92774566474,0.0722543352601,0.190751445087,0.848484848485,0.809248554913,0.828402366864,0.888246628131,0.560693641618,0.745614035088,0.746073439959,0.736994219653,216,43,173,0,216,0,43,0,173,37,216,0.162162162162,1.32432432432,11.6756756757,21.6,6,8.1990990496,0.702237650082,0.31006006006,10.329336629,1.76937710775,0.765265265265,3.0868314707,0.528762798222,0.252752752753,0.579945114934,0.437917739848,2,1.32432432432,0.579945114934,2,0.0121701261701,0.00597269624573,7,0.000900900900901,0.621196581197,37,37,37,1,0,0.72972972973,0.243243243243,0.027027027027,37,0.0322822822823,1.31531531532,2.32432432432,4.3,1.65384615385,1.90108235332,0.817907524104,0.4204902577,2.14104742686,1.84229662312,0.789440603394,0.957819094306,0.824169918356,0.446260213702,0.555255174049,0.422146056983,2,1.35353535354,0.576985665257,2,0,0,0,0,0.0515624498958,37,33,33,0.891891891892,0,0.621621621622,0.0810810810811,0.189189189189,37,208,0.156156156156,1.86140076064,11.2432432432,12.2352941176,5.62162162162,8.96104348278,0.79701588669,0.382406444906,9.98151444575,1.77555785814,0.772869022869,2.68070628495,0.476856406458,0.259095634096,1.02529877787,0.550821080313,2.72628712256,1.86140076064,1.02529877787,2.72628712256,0.460714856306,0.273377010125,306,0.0393822393822,0.204681271182,37,37,37,1,0,0.540540540541,0.459459459459,0,-8,-0.00600600600601,0.537076436311,-0.432432432432,-9.36470588235,-0.378378378378,0.761944433177,0.0947782366078,0.0723463848464,-0.347822183254,0.00618075039214,0.00760375760376,-0.406125185751,-0.0519063917645,0.00634288134288,0.445353662934,0.112903340464,0.726287122555,0.537076436311,0.445353662934,0.726287122555,0.448544730135,0.267404313879,299,0.0384813384813,-0.416515310014,-0.189189189189,0.216216216216,-0.027027027027,183,25,33,1091,0.847222222222,0.977598566308,0.0224014336918,0.152777777778,0.879807692308,0.847222222222,0.86320754717,0.837536510143,0.82482078853,0.759336099585,165,173,0,0,0,0
740,WLNM_dir_neg,0.907781750142,0.568794517025,00:00:03,10,20,33,1232383557,threshold_sweep,0.2,0.869565217391,0.809248554913,0.838323353293,140,21,33,325,0.809248554913,0.939306358382,0.0606936416185,0.190751445087,0.869565217391,0.809248554913,0.838323353293,0.895953757225,0.56326268465,0.761764705882,0.762834480089,0.748554913295,216,43,173,0,216,0,43,0,173,37,216,0.162162162162,1.32432432432,11.6756756757,21.6,6,8.1990990496,0.702237650082,0.31006006006,10.329336629,1.76937710775,0.765265265265,3.0868314707,0.528762798222,0.252752752753,0.579945114934,0.437917739848,2,1.32432432432,0.579945114934,2,0.0121701261701,0.00597269624573,7,0.000900900900901,0.621196581197,37,37,37,1,0,0.72972972973,0.243243243243,0.027027027027,37,0.0322822822823,1.31531531532,2.32432432432,4.3,1.65384615385,1.90108235332,0.817907524104,0.4204902577,2.14104742686,1.84229662312,0.789440603394,0.957819094306,0.824169918356,0.446260213702,0.555255174049,0.422146056983,2,1.35353535354,0.576985665257,2,0,0,0,0,0.0515624498958,37,33,33,0.891891891892,0,0.621621621622,0.0810810810811,0.189189189189,37,204,0.153153153153,1.45303166827,11.027027027,15.6923076923,5.51351351351,8.77650426007,0.795908474565,0.378378378378,10.0377665223,1.82057530062,0.78431372549,2.74491066057,0.497851443339,0.272125066243,0.659026645569,0.453552844003,2.22612551874,1.45303166827,0.659026645569,2.22612551874,0.460714856306,0.273377010125,306,0.0393822393822,0.314545105562,37,37,37,1,0,0.648648648649,0.351351351351,0,-12,-0.00900900900901,0.128707343943,-0.648648648649,-5.90769230769,-0.486486486486,0.577405210466,0.0936708244833,0.0683183183183,-0.291570106672,0.0511981928729,0.0190484602249,-0.34192081013,-0.030911354883,0.01937231349,0.0790815306348,0.0156351041545,0.226125518744,0.128707343943,0.0790815306348,0.226125518744,0.448544730135,0.267404313879,299,0.0384813384813,-0.306651475635,-0.0810810810811,0.108108108108,-0.027027027027,183,21,33,1095,0.847222222222,0.981182795699,0.0188172043011,0.152777777778,0.897058823529,0.847222222222,0.871428571429,0.847875449343,0.828405017921,0.772151898734,161,173,0,0,0,0
741,WLNM_dir_neg,0.907781750142,0.568794517025,00:00:03,10,20,33,1232383557,threshold_sweep,0.3,0.875,0.809248554913,0.840840840841,140,20,33,326,0.809248554913,0.942196531792,0.0578034682081,0.190751445087,0.875,0.809248554913,0.840840840841,0.897880539499,0.563904945408,0.765832106038,0.767098501772,0.751445086705,216,43,173,0,216,0,43,0,173,37,216,0.162162162162,1.32432432432,11.6756756757,21.6,6,8.1990990496,0.702237650082,0.31006006006,10.329336629,1.76937710775,0.765265265265,3.0868314707,0.528762798222,0.252752752753,0.579945114934,0.437917739848,2,1.32432432432,0.579945114934,2,0.0121701261701,0.00597269624573,7,0.000900900900901,0.621196581197,37,37,37,1,0,0.72972972973,0.243243243243,0.027027027027,37,0.0322822822823,1.31531531532,2.32432432432,4.3,1.65384615385,1.90108235332,0.817907524104,0.4204902577,2.14104742686,1.84229662312,0.789440603394,0.957819094306,0.824169918356,0.446260213702,0.555255174049,0.422146056983,2,1.35353535354,0.576985665257,2,0,0,0,0,0.0515624498958,37,33,33,0.891891891892,0,0.621621621622,0.0810810810811,0.189189189189,37,203,0.152402402402,1.41960904473,10.972972973,16.9166666667,5.48648648649,8.79863147972,0.801845725984,0.380908001598,10.0515936316,1.83206386389,0.786579683131,2.6938368096,0.490994886479,0.2686726135,0.647094941279,0.455826161211,2.20208736049,1.41960904473,0.647094941279,2.20208736049,0.453910363437,0.270933014354,302,0.0388674388674,0.336177066912,37,37,37,1,0,0.675675675676,0.324324324324,0,-13,-0.00975975975976,0.0952847204042,-0.702702702703,-4.68333333333,-0.513513513514,0.599532430115,0.0996080759024,0.0708479415376,-0.277742997414,0.0626867561398,0.0213144178661,-0.392994661104,-0.0377679117436,0.0159198607474,0.0671498263446,0.0179084213625,0.202087360485,0.0952847204042,0.0671498263446,0.202087360485,0.441740237267,0.264960318108,295,0.0379665379665,-0.285019514285,-0.0540540540541,0.0810810810811,-0.027027027027,183,20,33,1096,0.847222222222,0.982078853047,0.0179211469534,0.152777777778,0.901477832512,0.847222222222,0.873508353222,0.850503708133,0.829301075269,0.775423728814,160,173,0,0,0,0
742,WLNM_dir_neg,0.907781750142,0.568794517025,00:00:03,10,20,33,1232383557,threshold_sweep,0.4,0.887417218543,0.774566473988,0.827160493827,134,17,39,329,0.774566473988,0.950867052023,0.0491329479769,0.225433526012,0.887417218543,0.774566473988,0.827160493827,0.892100192678,0.569685292229,0.749253731343,0.752915678166,0.725433526012,216,43,173,0,216,0,43,0,173,37,216,0.162162162162,1.32432432432,11.6756756757,21.6,6,8.1990990496,0.702237650082,0.31006006006,10.329336629,1.76937710775,0.765265265265,3.0868314707,0.528762798222,0.252752752753,0.579945114934,0.437917739848,2,1.32432432432,0.579945114934,2,0.0121701261701,0.00597269624573,7,0.000900900900901,0.621196581197,37,37,37,1,0,0.72972972973,0.243243243243,0.027027027027,37,0.0322822822823,1.31531531532,2.32432432432,4.3,1.65384615385,1.90108235332,0.817907524104,0.4204902577,2.14104742686,1.84229662312,0.789440603394,0.957819094306,0.824169918356,0.446260213702,0.555255174049,0.422146056983,2,1.35353535354,0.576985665257,2,0,0,0,0,0.0515624498958,37,33,33,0.891891891892,0,0.621621621622,0.0810810810811,0.189189189189,37,194,0.145645645646,1.34108034767,10.4864864865,19.4,5.38888888889,8.62690114835,0.822668408477,0.39119531903,10.0344002905,1.91377737498,0.799387015882,2.76290311695,0.52694543983,0.287545277236,0.596886099635,0.445078552281,2.05181193942,1.34108034767,0.596886099635,2.05181193942,0.441756026267,0.262264150943,278,0.0357786357786,0.443850521945,37,37,37,1,0,0.72972972973,0.243243243243,0.027027027027,-22,-0.0165165165165,0.0167560233485,-1.18918918919,-2.2,-0.611111111111,0.427802098747,0.120430758395,0.0811352589703,-0.294936338539,0.144400267239,0.0341217506166,-0.323928353757,-0.00181735839241,0.0347925244832,0.0169409847002,0.00716081243246,0.0518119394158,0.0167560233485,0.0169409847002,0.0518119394158,0.429585900097,0.256291454698,271,0.0348777348777,-0.177346059252,0,0,0,177,17,39,1099,0.819444444444,0.98476702509,0.0152329749104,0.180555555556,0.912371134021,0.819444444444,0.863414634146,0.84034426305,0.804211469534,0.759656652361,151,173,0,0,0,0
743,WLNM_dir_neg,0.907781750142,0.568794517025,00:00:03,10,20,33,1232383557,threshold_sweep,0.5,0.886666666667,0.768786127168,0.823529411765,133,17,40,329,0.768786127168,0.950867052023,0.0491329479769,0.231213872832,0.886666666667,0.768786127168,0.823529411765,0.890173410405,0.570327552987,0.744394618834,0.748385796774,0.719653179191,216,43,173,0,216,0,43,0,173,37,216,0.162162162162,1.32432432432,11.6756756757,21.6,6,8.1990990496,0.702237650082,0.31006006006,10.329336629,1.76937710775,0.765265265265,3.0868314707,0.528762798222,0.252752752753,0.579945114934,0.437917739848,2,1.32432432432,0.579945114934,2,0.0121701261701,0.00597269624573,7,0.000900900900901,0.621196581197,37,37,37,1,0,0.72972972973,0.243243243243,0.027027027027,37,0.0322822822823,1.31531531532,2.32432432432,4.3,1.65384615385,1.90108235332,0.817907524104,0.4204902577,2.14104742686,1.84229662312,0.789440603394,0.957819094306,0.824169918356,0.446260213702,0.555255174049,0.422146056983,2,1.35353535354,0.576985665257,2,0,0,0,0,0.0515624498958,37,33,33,0.891891891892,0,0.621621621622,0.0810810810811,0.189189189189,37,193,0.144894894895,1.34108034767,10.4324324324,19.3,5.36111111111,8.6201976664,0.826288377349,0.392101946506,10.0087049199,1.91876726444,0.80044811651,2.73998312176,0.525281738368,0.287634785044,0.596886099635,0.445078552281,2.05181193942,1.34108034767,0.596886099635,2.05181193942,0.444973945914,0.263141228626,277,0.0356499356499,0.437605679941,37,37,37,1,0,0.72972972973,0.243243243243,0.027027027027,-23,-0.0172672672673,0.0167560233485,-1.24324324324,-2.3,-0.638888888889,0.421098616795,0.124050727267,0.082041886446,-0.320631709073,0.149390156697,0.035182851245,-0.346848348948,-0.00348105985472,0.0348820322914,0.0169409847002,0.00716081243246,0.0518119394158,0.0167560233485,0.0169409847002,0.0518119394158,0.432803819744,0.25716853238,270,0.034749034749,-0.183590901255,0,0,0,176,17,40,1099,0.814814814815,0.98476702509,0.0152329749104,0.185185185185,0.911917098446,0.814814814815,0.860635696822,0.837300553304,0.799581839904,0.755364806867,150,173,0,0,0,0
744,WLNM_dir_neg,0.907781750142,0.568794517025,00:00:03,10,20,33,1232383557,threshold_sweep,0.6,0.908450704225,0.745664739884,0.819047619048,129,13,44,333,0.745664739884,0.962427745665,0.0375722543353,0.254335260116,0.908450704225,0.745664739884,0.819047619048,0.890173410405,0.575465639049,0.741301059002,0.748748972186,0.708092485549,216,43,173,0,216,0,43,0,173,37,216,0.162162162162,1.32432432432,11.6756756757,21.6,6,8.1990990496,0.702237650082,0.31006006006,10.329336629,1.76937710775,0.765265265265,3.0868314707,0.528762798222,0.252752752753,0.579945114934,0.437917739848,2,1.32432432432,0.579945114934,2,0.0121701261701,0.00597269624573,7,0.000900900900901,0.621196581197,37,37,37,1,0,0.72972972973,0.243243243243,0.027027027027,37,0.0322822822823,1.31531531532,2.32432432432,4.3,1.65384615385,1.90108235332,0.817907524104,0.4204902577,2.14104742686,1.84229662312,0.789440603394,0.957819094306,0.824169918356,0.446260213702,0.555255174049,0.422146056983,2,1.35353535354,0.576985665257,2,0,0,0,0,0.0515624498958,37,33,33,0.891891891892,0,0.621621621622,0.0810810810811,0.189189189189,37,185,0.138888888889,1.33679669745,10,18.5,5.28571428571,8.15815883368,0.815815883368,0.392111029949,9.59745336593,1.91949067319,0.80146092038,2.89635786616,0.579271573233,0.316435354273,0.59128662207,0.442316040425,2.05175757988,1.33679669745,0.59128662207,2.05175757988,0.358731883214,0.203283269298,194,0.0249678249678,0.443060271384,37,37,37,1,0,0.72972972973,0.216216216216,0.0540540540541,-31,-0.0232732732733,0.0124723731268,-1.67567567568,-3.1,-0.714285714286,-0.0409402159242,0.113578233286,0.0820509698888,-0.731883263074,0.15011356544,0.0361956551146,-0.19047360454,0.0505087750103,0.0636826015204,0.0113415071353,0.00439830057648,0.0517575798823,0.0124723731268,0.0113415071353,0.0517575798823,0.346561757044,0.197310573052,187,0.0240669240669,-0.178136309813,0,-0.027027027027,0.027027027027,172,13,44,1103,0.796296296296,0.98835125448,0.0116487455197,0.203703703704,0.92972972973,0.796296296296,0.857855361596,0.836307560922,0.784647550777,0.751091703057,142,173,0,0,0,0
745,WLNM_dir_neg,0.907781750142,0.568794517025,00:00:03,10,20,33,1232383557,threshold_sweep,0.7,0.90780141844,0.739884393064,0.815286624204,128,13,45,333,0.739884393064,0.962427745665,0.0375722543353,0.260115606936,0.90780141844,0.739884393064,0.815286624204,0.888246628131,0.576107899807,0.736363636364,0.744279092667,0.702312138728,216,43,173,0,216,0,43,0,173,37,216,0.162162162162,1.32432432432,11.6756756757,21.6,6,8.1990990496,0.702237650082,0.31006006006,10.329336629,1.76937710775,0.765265265265,3.0868314707,0.528762798222,0.252752752753,0.579945114934,0.437917739848,2,1.32432432432,0.579945114934,2,0.0121701261701,0.00597269624573,7,0.000900900900901,0.621196581197,37,37,37,1,0,0.72972972973,0.243243243243,0.027027027027,37,0.0322822822823,1.31531531532,2.32432432432,4.3,1.65384615385,1.90108235332,0.817907524104,0.4204902577,2.14104742686,1.84229662312,0.789440603394,0.957819094306,0.824169918356,0.446260213702,0.555255174049,0.422146056983,2,1.35353535354,0.576985665257,2,0,0,0,0,0.0515624498958,37,33,33,0.891891891892,0,0.621621621622,0.0810810810811,0.189189189189,37,184,0.138138138138,1.33679669745,9.94594594595,18.4,5.25714285714,8.15456908714,0.81988873974,0.392920094007,9.57278110781,1.92496141842,0.80258519389,2.87215063136,0.577552029133,0.316392479436,0.59128662207,0.442316040425,2.05175757988,1.33679669745,0.59128662207,2.05175757988,0.361793107704,0.204713330988,194,0.0249678249678,0.436473172323,37,37,37,1,0,0.72972972973,0.216216216216,0.0540540540541,-32,-0.024024024024,0.0124723731268,-1.72972972973,-3.2,-0.742857142857,-0.044529962461,0.117651089658,0.082860033947,-0.756555521185,0.155584310674,0.0373199286243,-0.214680839339,0.0487892309107,0.0636397266832,0.0113415071353,0.00439830057648,0.0517575798823,0.0124723731268,0.0113415071353,0.0517575798823,0.349622981534,0.198740634743,187,0.0240669240669,-0.184723408874,0,-0.027027027027,0.027027027027,171,13,45,1103,0.791666666667,0.98835125448,0.0116487455197,0.208333333333,0.929347826087,0.791666666667,0.855,0.833266070323,0.780017921147,0.74672489083,141,173,0,0,0,0
746,WLNM_dir_neg,0.907781750142,0.568794517025,00:00:03,10,20,33,1232383557,threshold_sweep,0.8,0.914728682171,0.682080924855,0.781456953642,118,11,55,335,0.682080924855,0.968208092486,0.0317919075145,0.317919075145,0.914728682171,0.682080924855,0.781456953642,0.872832369942,0.583815028902,0.694444444444,0.709316988616,0.650289017341,216,43,173,0,216,0,43,0,173,37,216,0.162162162162,1.32432432432,11.6756756757,21.6,6,8.1990990496,0.702237650082,0.31006006006,10.329336629,1.76937710775,0.765265265265,3.0868314707,0.528762798222,0.252752752753,0.579945114934,0.437917739848,2,1.32432432432,0.579945114934,2,0.0121701261701,0.00597269624573,7,0.000900900900901,0.621196581197,37,37,37,1,0,0.72972972973,0.243243243243,0.027027027027,37,0.0322822822823,1.31531531532,2.32432432432,4.3,1.65384615385,1.90108235332,0.817907524104,0.4204902577,2.14104742686,1.84229662312,0.789440603394,0.957819094306,0.824169918356,0.446260213702,0.555255174049,0.422146056983,2,1.35353535354,0.576985665257,2,0,0,0,0,0.0515624498958,37,33,33,0.891891891892,0,0.621621621622,0.0810810810811,0.189189189189,37,172,0.129129129129,1.33333461302,9.2972972973,17.2,4.91428571429,7.84879631559,0.844201929293,0.40744814582,9.03147648879,1.94281761677,0.804525455688,2.8695355433,0.617283808732,0.341923318668,0.586682127292,0.440011173161,2.05426136364,1.33333461302,0.586682127292,2.05426136364,0.328537131677,0.207018927445,175,0.0225225225225,0.409443430679,37,37,37,1,0,0.72972972973,0.216216216216,0.0540540540541,-44,-0.033033033033,0.00901028869779,-2.37837837838,-4.4,-1.08571428571,-0.350302734015,0.141964279211,0.0973880857602,-1.29786014021,0.173440509029,0.039260190423,-0.217295927409,0.0885210105097,0.0891705659148,0.00673701235804,0.00209343331288,0.0542613636364,0.00901028869779,0.00673701235804,0.0542613636364,0.316367005506,0.201046231199,168,0.0216216216216,-0.211753150518,0,-0.027027027027,0.027027027027,161,11,55,1105,0.74537037037,0.990143369176,0.00985663082437,0.25462962963,0.936046511628,0.74537037037,0.829896907216,0.808456290646,0.735513739546,0.709251101322,129,173,0,0,0,0
747,WLNM_dir_neg,0.907781750142,0.568794517025,00:00:03,10,20,33,1232383557,threshold_sweep,0.9,0.932203389831,0.635838150289,0.756013745704,110,8,63,338,0.635838150289,0.976878612717,0.0231213872832,0.364161849711,0.932203389831,0.635838150289,0.756013745704,0.863198458574,0.590879897238,0.665620094192,0.689140340492,0.612716763006,216,43,173,0,216,0,43,0,173,37,216,0.162162162162,1.32432432432,11.6756756757,21.6,6,8.1990990496,0.702237650082,0.31006006006,10.329336629,1.76937710775,0.765265265265,3.0868314707,0.528762798222,0.252752752753,0.579945114934,0.437917739848,2,1.32432432432,0.579945114934,2,0.0121701261701,0.00597269624573,7,0.000900900900901,0.621196581197,37,37,37,1,0,0.72972972973,0.243243243243,0.027027027027,37,0.0322822822823,1.31531531532,2.32432432432,4.3,1.65384615385,1.90108235332,0.817907524104,0.4204902577,2.14104742686,1.84229662312,0.789440603394,0.957819094306,0.824169918356,0.446260213702,0.555255174049,0.422146056983,2,1.35353535354,0.576985665257,2,0,0,0,0,0.0515624498958,37,33,33,0.891891891892,0,0.621621621622,0.0810810810811,0.189189189189,37,161,0.120870870871,1.33019059978,8.7027027027,16.1,5.03125,7.37813912426,0.847798595024,0.423703206312,8.32738526462,1.91374692417,0.796038274299,3.13772932952,0.721093075729,0.39751552795,0.581612091446,0.437239664407,2.05444664032,1.33936256089,0.587142235614,2.05444664032,0.272162479524,0.195945945946,145,0.0186615186615,0.431884451302,37,36,36,0.972972972973,0,0.702702702703,0.162162162162,0.108108108108,-55,-0.0412912912913,0.0058662754562,-2.97297297297,-5.5,-0.96875,-0.820959925344,0.145560944942,0.113643146252,-2.00195136438,0.144369816421,0.0307730090339,0.0508978588185,0.192330277506,0.144762775198,0.00166697651142,-0.000678075441094,0.0544466403162,0.0150382365612,0.00719712067937,0.0544466403162,0.259992353354,0.1899732497,138,0.0177606177606,-0.189312129894,-0.027027027027,-0.0810810810811,0.0810810810811,153,8,63,1108,0.708333333333,0.992831541219,0.00716845878136,0.291666666667,0.950310559006,0.708333333333,0.811671087533,0.792843990887,0.701164874552,0.683035714286,118,173,0,0,0,0
748,WLNM_dir_neg,0.877384810719,0.688058646634,00:00:03,10,20,34,1232383558,threshold_sweep,0.1,0.896825396825,0.653179190751,0.755852842809,113,13,60,333,0.653179190751,0.962427745665,0.0375722543353,0.346820809249,0.896825396825,0.653179190751,0.755852842809,0.859344894027,0.585741811175,0.660465116279,0.67683538857,0.615606936416,216,43,173,0,216,0,43,0,173,37,216,0.162162162162,1.32432432432,11.6756756757,21.6,6,8.1990990496,0.702237650082,0.31006006006,10.329336629,1.76937710775,0.765265265265,3.0868314707,0.528762798222,0.252752752753,0.579945114934,0.437917739848,2,1.32432432432,0.579945114934,2,0.0121701261701,0.00597269624573,7,0.000900900900901,0.621196581197,37,37,37,1,0,0.72972972973,0.243243243243,0.027027027027,37,0.0322822822823,1.32432432432,2.32432432432,4.3,1.95454545455,2.12202804011,0.912965552139,0.498428661219,2.1280339585,1.83109898755,0.786926461345,1.32315938222,1.13853249168,0.583280955374,0.579945114934,0.437917739848,2,1.42857142857,0.634126487474,2,0,0,0,0,0.0944717011384,37,28,28,0.756756756757,0,0.486486486486,0.108108108108,0.162162162162,37,169,0.126876876877,1.82198080956,9.13513513514,10.5625,4.69444444444,7.32257605765,0.801583769625,0.419318727011,7.98797895639,1.74884746383,0.765392611546,3.29596167504,0.721601076785,0.387014233168,1.02809202034,0.564271596577,2.63670130419,1.84481360982,1.03311753871,2.63670130419,0.263292655984,0.143116765107,105,0.0135135135135,0.215057062736,37,36,36,0.972972972973,0,0.540540540541,0.432432432432,0,-47,-0.0352852852853,0.497656485231,-2.54054054054,-11.0375,-1.30555555556,-0.876522991951,0.0993461195429,0.109258666951,-2.3413576726,-0.0205296439192,0.000127346281192,0.209130204341,0.192838278562,0.134261480415,0.448146905406,0.126353856728,0.636701304187,0.520489285497,0.453172423772,0.636701304187,0.251122529814,0.137144068861,98,0.0126126126126,-0.40613951846,-0.189189189189,0.189189189189,-0.027027027027,156,13,60,1103,0.722222222222,0.98835125448,0.0116487455197,0.277777777778,0.923076923077,0.722222222222,0.81038961039,0.786927560653,0.710573476703,0.681222707424,126,173,0,0,0,0
749,WLNM_dir_neg,0.877384810719,0.688058646634,00:00:03,10,20,34,1232383558,threshold_sweep,0.2,0.926229508197,0.653179190751,0.766101694915,113,9,60,337,0.653179190751,0.973988439306,0.0260115606936,0.346820809249,0.926229508197,0.653179190751,0.766101694915,0.867052023121,0.588310854207,0.677067082683,0.697219567811,0.627167630058,216,43,173,0,216,0,43,0,173,37,216,0.162162162162,1.32432432432,11.6756756757,21.6,6,8.1990990496,0.702237650082,0.31006006006,10.329336629,1.76937710775,0.765265265265,3.0868314707,0.528762798222,0.252752752753,0.579945114934,0.437917739848,2,1.32432432432,0.579945114934,2,0.0121701261701,0.00597269624573,7,0.000900900900901,0.621196581197,37,37,37,1,0,0.72972972973,0.243243243243,0.027027027027,37,0.0322822822823,1.32432432432,2.32432432432,4.3,1.95454545455,2.12202804011,0.912965552139,0.498428661219,2.1280339585,1.83109898755,0.786926461345,1.32315938222,1.13853249168,0.583280955374,0.579945114934,0.437917739848,2,1.42857142857,0.634126487474,2,0,0,0,0,0.0944717011384,37,28,28,0.756756756757,0,0.486486486486,0.108108108108,0.162162162162,37,165,0.123873873874,1.39664256694,8.91891891892,13.75,4.58333333333,7.17781450171,0.804785262313,0.419164619165,8.04361235389,1.8037191339,0.778050778051,3.37140421284,0.756011853789,0.400655200655,0.619878840508,0.443834990557,2.06143408879,1.40766041602,0.624986776887,2.06143408879,0.263292655984,0.143116765107,105,0.0135135135135,0.368245696203,37,36,36,0.972972972973,0,0.648648648649,0.324324324324,0,-51,-0.0382882882883,0.0723182426138,-2.75675675676,-7.85,-1.41666666667,-1.02128454789,0.102547612232,0.109104559105,-2.28572427511,0.034342026158,0.0127855127855,0.284572742138,0.227249055566,0.147902447902,0.0399337255739,0.00591725070846,0.061434088792,0.0833360916955,0.0450416619522,0.061434088792,0.251122529814,0.137144068861,98,0.0126126126126,-0.252950884993,-0.0810810810811,0.0810810810811,-0.027027027027,156,9,60,1107,0.722222222222,0.991935483871,0.00806451612903,0.277777777778,0.945454545455,0.722222222222,0.818897637795,0.799053208207,0.714157706093,0.693333333333,122,173,0,0,0,0
750,WLNM_dir_neg,0.877384810719,0.688058646634,00:00:03,10,20,34,1232383558,threshold_sweep,0.3,0.957627118644,0.653179190751,0.776632302405,113,5,60,341,0.653179190751,0.985549132948,0.014450867052,0.346820809249,0.957627118644,0.653179190751,0.776632302405,0.874759152216,0.590879897238,0.69387755102,0.718396298343,0.638728323699,216,43,173,0,216,0,43,0,173,37,216,0.162162162162,1.32432432432,11.6756756757,21.6,6,8.1990990496,0.702237650082,0.31006006006,10.329336629,1.76937710775,0.765265265265,3.0868314707,0.528762798222,0.252752752753,0.579945114934,0.437917739848,2,1.32432432432,0.579945114934,2,0.0121701261701,0.00597269624573,7,0.000900900900901,0.621196581197,37,37,37,1,0,0.72972972973,0.243243243243,0.027027027027,37,0.0322822822823,1.32432432432,2.32432432432,4.3,1.95454545455,2.12202804011,0.912965552139,0.498428661219,2.1280339585,1.83109898755,0.786926461345,1.32315938222,1.13853249168,0.583280955374,0.579945114934,0.437917739848,2,1.42857142857,0.634126487474,2,0,0,0,0,0.0944717011384,37,28,28,0.756756756757,0,0.486486486486,0.108108108108,0.162162162162,37,161,0.120870870871,1.33404207532,8.7027027027,16.1,4.6,7.0979843182,0.815606893706,0.421017290583,7.99032823765,1.83628661362,0.782944435118,3.343453107,0.768371210924,0.40456605674,0.595948470024,0.446723893534,2.05540166205,1.34332102185,0.601685280207,2.05540166205,0.190212827382,0.125756870051,90,0.011583011583,0.506700297753,37,36,36,0.972972972973,0,0.702702702703,0.243243243243,0.027027027027,-55,-0.0412912912913,0.00971775099199,-2.97297297297,-5.5,-1.4,-1.10111473141,0.113369243624,0.110957230522,-2.33900839135,0.0669095058755,0.0176791698531,0.256621636292,0.239608412702,0.151813303987,0.0160033550891,0.0088061536856,0.0554016620499,0.0189966975286,0.0217401652721,0.0554016620499,0.178042701212,0.119784173806,83,0.0106821106821,-0.114496283444,-0.027027027027,0,0,156,5,60,1111,0.722222222222,0.995519713262,0.00448028673835,0.277777777778,0.968944099379,0.722222222222,0.827586206897,0.811588545304,0.717741935484,0.705882352941,118,173,0,0,0,0
751,WLNM_dir_neg,0.877384810719,0.688058646634,00:00:03,10,20,34,1232383558,threshold_sweep,0.4,0.965517241379,0.647398843931,0.77508650519,112,4,61,342,0.647398843931,0.988439306358,0.0115606936416,0.352601156069,0.965517241379,0.647398843931,0.77508650519,0.874759152216,0.592164418754,0.692913385827,0.719492324559,0.635838150289,216,43,173,0,216,0,43,0,173,37,216,0.162162162162,1.32432432432,11.6756756757,21.6,6,8.1990990496,0.702237650082,0.31006006006,10.329336629,1.76937710775,0.765265265265,3.0868314707,0.528762798222,0.252752752753,0.579945114934,0.437917739848,2,1.32432432432,0.579945114934,2,0.0121701261701,0.00597269624573,7,0.000900900900901,0.621196581197,37,37,37,1,0,0.72972972973,0.243243243243,0.027027027027,37,0.0322822822823,1.32432432432,2.32432432432,4.3,1.95454545455,2.12202804011,0.912965552139,0.498428661219,2.1280339585,1.83109898755,0.786926461345,1.32315938222,1.13853249168,0.583280955374,0.579945114934,0.437917739848,2,1.42857142857,0.634126487474,2,0,0,0,0,0.0944717011384,37,28,28,0.756756756757,0,0.486486486486,0.108108108108,0.162162162162,37,159,0.119369369369,1.33239499888,8.59459459459,15.9,4.54285714286,6.98593610787,0.812829043998,0.41985381608,7.91575385918,1.84203077226,0.784633690294,3.32386041344,0.773476951556,0.407275199728,0.593712751176,0.445598153458,2.05540166205,1.34162819329,0.599434457511,2.05540166205,0.158626252611,0.10067114094,70,0.00900900900901,0.50020104392,37,36,36,0.972972972973,0,0.702702702703,0.243243243243,0.027027027027,-57,-0.0427927927928,0.00807067455267,-3.08108108108,-5.7,-1.45714285714,-1.21316294173,0.110591393916,0.10979375602,-2.41358276982,0.0726536645172,0.0193684250288,0.237028942738,0.244714153333,0.154522446975,0.0137676362414,0.00768041360919,0.0554016620499,0.0173038689659,0.0194893425762,0.0554016620499,0.146456126441,0.0946984446939,63,0.00810810810811,-0.120995537276,-0.027027027027,0,0,155,4,61,1112,0.717592592593,0.996415770609,0.00358422939068,0.282407407407,0.974842767296,0.717592592593,0.826666666667,0.811735806133,0.714008363202,0.704545454545,116,173,0,0,0,0
752,WLNM_dir_neg,0.877384810719,0.688058646634,00:00:03,10,20,34,1232383558,threshold_sweep,0.5,0.965217391304,0.64161849711,0.770833333333,111,4,62,342,0.64161849711,0.988439306358,0.0115606936416,0.35838150289,0.965217391304,0.64161849711,0.770833333333,0.872832369942,0.592806679512,0.687697160883,0.715157821945,0.630057803468,216,43,173,0,216,0,43,0,173,37,216,0.162162162162,1.32432432432,11.6756756757,21.6,6,8.1990990496,0.702237650082,0.31006006006,10.329336629,1.76937710775,0.765265265265,3.0868314707,0.528762798222,0.252752752753,0.579945114934,0.437917739848,2,1.32432432432,0.579945114934,2,0.0121701261701,0.00597269624573,7,0.000900900900901,0.621196581197,37,37,37,1,0,0.72972972973,0.243243243243,0.027027027027,37,0.0322822822823,1.32432432432,2.32432432432,4.3,1.95454545455,2.12202804011,0.912965552139,0.498428661219,2.1280339585,1.83109898755,0.786926461345,1.32315938222,1.13853249168,0.583280955374,0.579945114934,0.437917739848,2,1.42857142857,0.634126487474,2,0,0,0,0,0.0944717011384,37,28,28,0.756756756757,0,0.486486486486,0.108108108108,0.162162162162,37,158,0.118618618619,1.33231014948,8.54054054054,15.8,4.51428571429,6.9345936138,0.811961910477,0.418063633254,7.89742802242,1.84939770145,0.786178583647,3.34704387523,0.783801413819,0.410879233664,0.593463993136,0.445439819974,2.05540166205,1.34154098697,0.599182415938,2.05540166205,0.12174739421,0.099173553719,68,0.00875160875161,0.498096399593,37,36,36,0.972972972973,0,0.702702702703,0.243243243243,0.027027027027,-58,-0.0435435435435,0.00798582516034,-3.13513513514,-5.8,-1.48571428571,-1.2645054358,0.109724260395,0.108003573193,-2.43190860658,0.0800205937084,0.0209133183817,0.260212404524,0.255038615597,0.158126480911,0.0135188782019,0.00752208012581,0.0554016620499,0.017216662646,0.0192373010039,0.0554016620499,0.10957726804,0.0932008574733,61,0.00785070785071,-0.123100181603,-0.027027027027,0,0,154,4,62,1112,0.712962962963,0.996415770609,0.00358422939068,0.287037037037,0.974683544304,0.712962962963,0.823529411765,0.808675983863,0.709378733572,0.7,115,173,0,0,0,0
753,WLNM_dir_neg,0.877384810719,0.688058646634,00:00:03,10,20,34,1232383558,threshold_sweep,0.6,0.973684210526,0.64161849711,0.773519163763,111,3,62,343,0.64161849711,0.991329479769,0.00867052023121,0.35838150289,0.973684210526,0.64161849711,0.773519163763,0.874759152216,0.59344894027,0.691943127962,0.720691134607,0.632947976879,216,43,173,0,216,0,43,0,173,37,216,0.162162162162,1.32432432432,11.6756756757,21.6,6,8.1990990496,0.702237650082,0.31006006006,10.329336629,1.76937710775,0.765265265265,3.0868314707,0.528762798222,0.252752752753,0.579945114934,0.437917739848,2,1.32432432432,0.579945114934,2,0.0121701261701,0.00597269624573,7,0.000900900900901,0.621196581197,37,37,37,1,0,0.72972972973,0.243243243243,0.027027027027,37,0.0322822822823,1.32432432432,2.32432432432,4.3,1.95454545455,2.12202804011,0.912965552139,0.498428661219,2.1280339585,1.83109898755,0.786926461345,1.32315938222,1.13853249168,0.583280955374,0.579945114934,0.437917739848,2,1.42857142857,0.634126487474,2,0,0,0,0,0.0944717011384,37,28,28,0.756756756757,0,0.486486486486,0.108108108108,0.162162162162,37,157,0.117867867868,1.32914909369,8.48648648649,15.7,4.48571428571,6.83789125073,0.805738777952,0.415562058874,7.84717006813,1.84933307338,0.786365983818,3.36159192947,0.79222230185,0.413496298847,0.586730980393,0.44143353306,2.01785164666,1.33829212407,0.592374597088,2.01785164666,0.0902331377895,0.0743678730788,50,0.00643500643501,0.50187834258,37,36,36,0.972972972973,0,0.702702702703,0.243243243243,0.027027027027,-59,-0.0442942942943,0.00482476936771,-3.18918918919,-5.9,-1.51428571429,-1.36120779888,0.10350112787,0.105501998814,-2.48216656087,0.0799559656345,0.0211007185529,0.274760458769,0.263459503628,0.160743546094,0.00678586545809,0.00351579321196,0.0178516466605,0.013967799748,0.0124294821539,0.0178516466605,0.0780630116194,0.0683951768331,43,0.00553410553411,-0.119318238616,-0.027027027027,0,0,154,3,62,1113,0.712962962963,0.997311827957,0.00268817204301,0.287037037037,0.980891719745,0.712962962963,0.825737265416,0.811926309319,0.71027479092,0.703196347032,114,173,0,0,0,0
754,WLNM_dir_neg,0.877384810719,0.688058646634,00:00:03,10,20,34,1232383558,threshold_sweep,0.7,0.973684210526,0.64161849711,0.773519163763,111,3,62,343,0.64161849711,0.991329479769,0.00867052023121,0.35838150289,0.973684210526,0.64161849711,0.773519163763,0.874759152216,0.59344894027,0.691943127962,0.720691134607,0.632947976879,216,43,173,0,216,0,43,0,173,37,216,0.162162162162,1.32432432432,11.6756756757,21.6,6,8.1990990496,0.702237650082,0.31006006006,10.329336629,1.76937710775,0.765265265265,3.0868314707,0.528762798222,0.252752752753,0.579945114934,0.437917739848,2,1.32432432432,0.579945114934,2,0.0121701261701,0.00597269624573,7,0.000900900900901,0.621196581197,37,37,37,1,0,0.72972972973,0.243243243243,0.027027027027,37,0.0322822822823,1.32432432432,2.32432432432,4.3,1.95454545455,2.12202804011,0.912965552139,0.498428661219,2.1280339585,1.83109898755,0.786926461345,1.32315938222,1.13853249168,0.583280955374,0.579945114934,0.437917739848,2,1.42857142857,0.634126487474,2,0,0,0,0,0.0944717011384,37,28,28,0.756756756757,0,0.486486486486,0.108108108108,0.162162162162,37,157,0.117867867868,1.32914909369,8.48648648649,15.7,4.48571428571,6.83789125073,0.805738777952,0.415562058874,7.84717006813,1.84933307338,0.786365983818,3.36159192947,0.79222230185,0.413496298847,0.586730980393,0.44143353306,2.01785164666,1.33829212407,0.592374597088,2.01785164666,0.0902331377895,0.0743678730788,50,0.00643500643501,0.50187834258,37,36,36,0.972972972973,0,0.702702702703,0.243243243243,0.027027027027,-59,-0.0442942942943,0.00482476936771,-3.18918918919,-5.9,-1.51428571429,-1.36120779888,0.10350112787,0.105501998814,-2.48216656087,0.0799559656345,0.0211007185529,0.274760458769,0.263459503628,0.160743546094,0.00678586545809,0.00351579321196,0.0178516466605,0.013967799748,0.0124294821539,0.0178516466605,0.0780630116194,0.0683951768331,43,0.00553410553411,-0.119318238616,-0.027027027027,0,0,154,3,62,1113,0.712962962963,0.997311827957,0.00268817204301,0.287037037037,0.980891719745,0.712962962963,0.825737265416,0.811926309319,0.71027479092,0.703196347032,114,173,0,0,0,0
755,WLNM_dir_neg,0.877384810719,0.688058646634,00:00:03,10,20,34,1232383558,threshold_sweep,0.8,0.973684210526,0.64161849711,0.773519163763,111,3,62,343,0.64161849711,0.991329479769,0.00867052023121,0.35838150289,0.973684210526,0.64161849711,0.773519163763,0.874759152216,0.59344894027,0.691943127962,0.720691134607,0.632947976879,216,43,173,0,216,0,43,0,173,37,216,0.162162162162,1.32432432432,11.6756756757,21.6,6,8.1990990496,0.702237650082,0.31006006006,10.329336629,1.76937710775,0.765265265265,3.0868314707,0.528762798222,0.252752752753,0.579945114934,0.437917739848,2,1.32432432432,0.579945114934,2,0.0121701261701,0.00597269624573,7,0.000900900900901,0.621196581197,37,37,37,1,0,0.72972972973,0.243243243243,0.027027027027,37,0.0322822822823,1.32432432432,2.32432432432,4.3,1.95454545455,2.12202804011,0.912965552139,0.498428661219,2.1280339585,1.83109898755,0.786926461345,1.32315938222,1.13853249168,0.583280955374,0.579945114934,0.437917739848,2,1.42857142857,0.634126487474,2,0,0,0,0,0.0944717011384,37,28,28,0.756756756757,0,0.486486486486,0.108108108108,0.162162162162,37,157,0.117867867868,1.32914909369,8.48648648649,15.7,4.48571428571,6.83789125073,0.805738777952,0.415562058874,7.84717006813,1.84933307338,0.786365983818,3.36159192947,0.79222230185,0.413496298847,0.586730980393,0.44143353306,2.01785164666,1.33829212407,0.592374597088,2.01785164666,0.0902331377895,0.0743678730788,50,0.00643500643501,0.50187834258,37,36,36,0.972972972973,0,0.702702702703,0.243243243243,0.027027027027,-59,-0.0442942942943,0.00482476936771,-3.18918918919,-5.9,-1.51428571429,-1.36120779888,0.10350112787,0.105501998814,-2.48216656087,0.0799559656345,0.0211007185529,0.274760458769,0.263459503628,0.160743546094,0.00678586545809,0.00351579321196,0.0178516466605,0.013967799748,0.0124294821539,0.0178516466605,0.0780630116194,0.0683951768331,43,0.00553410553411,-0.119318238616,-0.027027027027,0,0,154,3,62,1113,0.712962962963,0.997311827957,0.00268817204301,0.287037037037,0.980891719745,0.712962962963,0.825737265416,0.811926309319,0.71027479092,0.703196347032,114,173,0,0,0,0
756,WLNM_dir_neg,0.877384810719,0.688058646634,00:00:03,10,20,34,1232383558,threshold_sweep,0.9,0.97247706422,0.612716763006,0.751773049645,106,3,67,343,0.612716763006,0.991329479769,0.00867052023121,0.387283236994,0.97247706422,0.612716763006,0.751773049645,0.865125240848,0.596660244059,0.665605095541,0.699078765989,0.604046242775,216,43,173,0,216,0,43,0,173,37,216,0.162162162162,1.32432432432,11.6756756757,21.6,6,8.1990990496,0.702237650082,0.31006006006,10.329336629,1.76937710775,0.765265265265,3.0868314707,0.528762798222,0.252752752753,0.579945114934,0.437917739848,2,1.32432432432,0.579945114934,2,0.0121701261701,0.00597269624573,7,0.000900900900901,0.621196581197,37,37,37,1,0,0.72972972973,0.243243243243,0.027027027027,37,0.0322822822823,1.32432432432,2.32432432432,4.3,1.95454545455,2.12202804011,0.912965552139,0.498428661219,2.1280339585,1.83109898755,0.786926461345,1.32315938222,1.13853249168,0.583280955374,0.579945114934,0.437917739848,2,1.42857142857,0.634126487474,2,0,0,0,0,0.0944717011384,37,28,28,0.756756756757,0,0.486486486486,0.108108108108,0.162162162162,37,152,0.114114114114,1.32914909369,8.21621621622,15.2,4.34285714286,6.81149002762,0.829030036257,0.418741109531,7.77025590807,1.89144387236,0.793741109531,3.2213160163,0.784136135547,0.409317211949,0.586730980393,0.44143353306,2.01785164666,1.33829212407,0.592374597088,2.01785164666,0.0906015037594,0.0698757763975,45,0.00579150579151,0.461371519968,37,36,36,0.972972972973,0,0.702702702703,0.243243243243,0.027027027027,-64,-0.048048048048,0.00482476936771,-3.45945945946,-6.4,-1.65714285714,-1.38760902198,0.126792386175,0.108681049471,-2.55908072093,0.122066764614,0.0284758442653,0.134484545597,0.255373337324,0.156564459196,0.00678586545809,0.00351579321196,0.0178516466605,0.013967799748,0.0124294821539,0.0178516466605,0.0784313775893,0.0639030801518,38,0.0048906048906,-0.159825061229,-0.027027027027,0,0,149,3,67,1113,0.689814814815,0.997311827957,0.00268817204301,0.310185185185,0.980263157895,0.689814814815,0.809782608696,0.79658653947,0.687126642772,0.680365296804,109,173,0,0,0,0
757,WLNM_dir_neg,0.929232516957,0.54978698866,00:00:02,10,20,35,1232383559,threshold_sweep,0.1,0.9,0.832369942197,0.864864864865,144,16,29,330,0.832369942197,0.953757225434,0.0462427745665,0.167630057803,0.9,0.832369942197,0.864864864865,0.913294797688,0.563904945408,0.80117820324,0.802503048007,0.78612716763,216,43,173,0,216,0,43,0,173,37,216,0.162162162162,1.32432432432,11.6756756757,21.6,6,8.1990990496,0.702237650082,0.31006006006,10.329336629,1.76937710775,0.765265265265,3.0868314707,0.528762798222,0.252752752753,0.579945114934,0.437917739848,2,1.32432432432,0.579945114934,2,0.0121701261701,0.00597269624573,7,0.000900900900901,0.621196581197,37,37,37,1,0,0.72972972973,0.243243243243,0.027027027027,37,0.0322822822823,1.32432432432,2.32432432432,4.3,1.59259259259,2.09568411071,0.901631536004,0.468887492143,2.14104742686,1.84229662312,0.789440603394,1.09324983201,0.940703343825,0.460087994972,0.579945114934,0.437917739848,2,1.36666666667,0.614947899858,2,0.0210526315789,0.0220588235294,1,0.0001287001287,0.0632756132756,37,30,30,0.810810810811,0,0.594594594595,0.135135135135,0.135135135135,37,203,0.152402402402,1.42735072216,10.972972973,16.9166666667,5.48648648649,8.53257316434,0.777599032218,0.374783650646,9.79121380973,1.78460547271,0.779922779923,2.38771882792,0.435199983414,0.236985754227,0.665497416657,0.466246596808,2.18657854225,1.42735072216,0.665497416657,2.18657854225,0.331267325267,0.189873417722,200,0.02574002574,0.31909866918,37,37,37,1,0,0.675675675676,0.324324324324,0,-13,-0.00975975975976,0.103026397833,-0.702702702703,-4.68333333333,-0.513513513514,0.333474114735,0.0753613821363,0.0647235905857,-0.538122819269,0.0152283649643,0.0146575146575,-0.699112642785,-0.0935628148085,-0.0157669985256,0.0855523017225,0.0283288569591,0.186578542255,0.103026397833,0.0855523017225,0.186578542255,0.319097199097,0.183900721476,193,0.0248391248391,-0.302097912016,-0.0540540540541,0.0810810810811,-0.027027027027,187,16,29,1100,0.865740740741,0.985663082437,0.0143369175627,0.134259259259,0.92118226601,0.865740740741,0.892601431981,0.873171554127,0.851403823178,0.806034482759,160,173,0,0,0,0
758,WLNM_dir_neg,0.929232516957,0.54978698866,00:00:02,10,20,35,1232383559,threshold_sweep,0.2,0.910828025478,0.826589595376,0.866666666667,143,14,30,332,0.826589595376,0.959537572254,0.0404624277457,0.173410404624,0.910828025478,0.826589595376,0.866666666667,0.915221579961,0.565831727681,0.804733727811,0.806770100813,0.78612716763,216,43,173,0,216,0,43,0,173,37,216,0.162162162162,1.32432432432,11.6756756757,21.6,6,8.1990990496,0.702237650082,0.31006006006,10.329336629,1.76937710775,0.765265265265,3.0868314707,0.528762798222,0.252752752753,0.579945114934,0.437917739848,2,1.32432432432,0.579945114934,2,0.0121701261701,0.00597269624573,7,0.000900900900901,0.621196581197,37,37,37,1,0,0.72972972973,0.243243243243,0.027027027027,37,0.0322822822823,1.32432432432,2.32432432432,4.3,1.59259259259,2.09568411071,0.901631536004,0.468887492143,2.14104742686,1.84229662312,0.789440603394,1.09324983201,0.940703343825,0.460087994972,0.579945114934,0.437917739848,2,1.36666666667,0.614947899858,2,0.0210526315789,0.0220588235294,1,0.0001287001287,0.0632756132756,37,30,30,0.810810810811,0,0.594594594595,0.135135135135,0.135135135135,37,200,0.15015015015,1.35241800346,10.8108108108,20,5.40540540541,8.56620568746,0.79237402609,0.378378378378,9.79642638772,1.81233888173,0.784594594595,2.31492091849,0.428260369921,0.231621621622,0.624284417341,0.461606112712,2.09798175746,1.35241800346,0.624284417341,2.09798175746,0.312340922933,0.177549051142,184,0.0236808236808,0.448446413195,37,37,37,1,0,0.72972972973,0.27027027027,0,-16,-0.012012012012,0.0280936791403,-0.864864864865,-1.6,-0.594594594595,0.367106637856,0.0901363760082,0.0683183183183,-0.532910241282,0.0429617739824,0.0193293293293,-0.771910552215,-0.100502428302,-0.0211311311311,0.0443393024064,0.0236883728634,0.0979817574622,0.0280936791403,0.0443393024064,0.0979817574622,0.300170796763,0.171576354896,177,0.0227799227799,-0.172750168002,0,0.027027027027,-0.027027027027,186,14,30,1102,0.861111111111,0.987455197133,0.0125448028674,0.138888888889,0.93,0.861111111111,0.894230769231,0.875601599053,0.848566308244,0.808695652174,157,173,0,0,0,0
759,WLNM_dir_neg,0.929232516957,0.54978698866,00:00:02,10,20,35,1232383559,threshold_sweep,0.3,0.910828025478,0.826589595376,0.866666666667,143,14,30,332,0.826589595376,0.959537572254,0.0404624277457,0.173410404624,0.910828025478,0.826589595376,0.866666666667,0.915221579961,0.565831727681,0.804733727811,0.806770100813,0.78612716763,216,43,173,0,216,0,43,0,173,37,216,0.162162162162,1.32432432432,11.6756756757,21.6,6,8.1990990496,0.702237650082,0.31006006006,10.329336629,1.76937710775,0.765265265265,3.0868314707,0.528762798222,0.252752752753,0.579945114934,0.437917739848,2,1.32432432432,0.579945114934,2,0.0121701261701,0.00597269624573,7,0.000900900900901,0.621196581197,37,37,37,1,0,0.72972972973,0.243243243243,0.027027027027,37,0.0322822822823,1.32432432432,2.32432432432,4.3,1.59259259259,2.09568411071,0.901631536004,0.468887492143,2.14104742686,1.84229662312,0.789440603394,1.09324983201,0.940703343825,0.460087994972,0.579945114934,0.437917739848,2,1.36666666667,0.614947899858,2,0.0210526315789,0.0220588235294,1,0.0001287001287,0.0632756132756,37,30,30,0.810810810811,0,0.594594594595,0.135135135135,0.135135135135,37,200,0.15015015015,1.35241800346,10.8108108108,20,5.40540540541,8.56620568746,0.79237402609,0.378378378378,9.79642638772,1.81233888173,0.784594594595,2.31492091849,0.428260369921,0.231621621622,0.624284417341,0.461606112712,2.09798175746,1.35241800346,0.624284417341,2.09798175746,0.312340922933,0.177549051142,184,0.0236808236808,0.448446413195,37,37,37,1,0,0.72972972973,0.27027027027,0,-16,-0.012012012012,0.0280936791403,-0.864864864865,-1.6,-0.594594594595,0.367106637856,0.0901363760082,0.0683183183183,-0.532910241282,0.0429617739824,0.0193293293293,-0.771910552215,-0.100502428302,-0.0211311311311,0.0443393024064,0.0236883728634,0.0979817574622,0.0280936791403,0.0443393024064,0.0979817574622,0.300170796763,0.171576354896,177,0.0227799227799,-0.172750168002,0,0.027027027027,-0.027027027027,186,14,30,1102,0.861111111111,0.987455197133,0.0125448028674,0.138888888889,0.93,0.861111111111,0.894230769231,0.875601599053,0.848566308244,0.808695652174,157,173,0,0,0,0
760,WLNM_dir_neg,0.929232516957,0.54978698866,00:00:02,10,20,35,1232383559,threshold_sweep,0.4,0.912162162162,0.780346820809,0.841121495327,135,13,38,333,0.780346820809,0.962427745665,0.0375722543353,0.219653179191,0.912162162162,0.780346820809,0.841121495327,0.901734104046,0.571612074502,0.770614692654,0.775533054682,0.742774566474,216,43,173,0,216,0,43,0,173,37,216,0.162162162162,1.32432432432,11.6756756757,21.6,6,8.1990990496,0.702237650082,0.31006006006,10.329336629,1.76937710775,0.765265265265,3.0868314707,0.528762798222,0.252752752753,0.579945114934,0.437917739848,2,1.32432432432,0.579945114934,2,0.0121701261701,0.00597269624573,7,0.000900900900901,0.621196581197,37,37,37,1,0,0.72972972973,0.243243243243,0.027027027027,37,0.0322822822823,1.32432432432,2.32432432432,4.3,1.59259259259,2.09568411071,0.901631536004,0.468887492143,2.14104742686,1.84229662312,0.789440603394,1.09324983201,0.940703343825,0.460087994972,0.579945114934,0.437917739848,2,1.36666666667,0.614947899858,2,0.0210526315789,0.0220588235294,1,0.0001287001287,0.0632756132756,37,30,30,0.810810810811,0,0.594594594595,0.135135135135,0.135135135135,37,191,0.143393393393,1.3469876865,10.3243243243,19.1,5.30555555556,8.66042741457,0.838837210312,0.391113626716,9.71400339005,1.88177029022,0.796094523843,2.42112822086,0.469014367392,0.250742889486,0.616712846029,0.457845941882,2.09528913642,1.35662623335,0.622628197443,2.09528913642,0.277318978671,0.163873994638,163,0.0209781209781,0.42640432438,37,36,36,0.972972972973,0,0.702702702703,0.27027027027,0,-25,-0.0187687687688,0.0226633621765,-1.35135135135,-2.5,-0.694444444444,0.461328364964,0.13659956023,0.0810535666557,-0.615333238952,0.112393182473,0.0308292585779,-0.66570324984,-0.05974843083,-0.00200986326641,0.0367677310943,0.0199282020331,0.0952891364241,0.0323019090238,0.0426830825087,0.0952891364241,0.265148852501,0.157901298392,156,0.0200772200772,-0.194792256817,-0.027027027027,0.027027027027,-0.027027027027,178,13,38,1103,0.824074074074,0.98835125448,0.0116487455197,0.175925925926,0.931937172775,0.824074074074,0.874692874693,0.854442656827,0.812425328554,0.777292576419,148,173,0,0,0,0
761,WLNM_dir_neg,0.929232516957,0.54978698866,00:00:02,10,20,35,1232383559,threshold_sweep,0.5,0.915492957746,0.751445086705,0.825396825397,130,12,43,334,0.751445086705,0.965317919075,0.0346820809249,0.248554913295,0.915492957746,0.751445086705,0.825396825397,0.894026974952,0.575465639049,0.750378214826,0.757917326947,0.71676300578,216,43,173,0,216,0,43,0,173,37,216,0.162162162162,1.32432432432,11.6756756757,21.6,6,8.1990990496,0.702237650082,0.31006006006,10.329336629,1.76937710775,0.765265265265,3.0868314707,0.528762798222,0.252752752753,0.579945114934,0.437917739848,2,1.32432432432,0.579945114934,2,0.0121701261701,0.00597269624573,7,0.000900900900901,0.621196581197,37,37,37,1,0,0.72972972973,0.243243243243,0.027027027027,37,0.0322822822823,1.32432432432,2.32432432432,4.3,1.59259259259,2.09568411071,0.901631536004,0.468887492143,2.14104742686,1.84229662312,0.789440603394,1.09324983201,0.940703343825,0.460087994972,0.579945114934,0.437917739848,2,1.36666666667,0.614947899858,2,0.0210526315789,0.0220588235294,1,0.0001287001287,0.0632756132756,37,30,30,0.810810810811,0,0.594594594595,0.135135135135,0.135135135135,37,185,0.138888888889,1.34658233712,10,18.5,5.13888888889,8.49182613524,0.849182613524,0.400438276114,9.40744386111,1.88148877222,0.794740686633,2.52762514802,0.505525029603,0.268517165814,0.616046523314,0.457488937983,2.09358482651,1.35620962426,0.621955981811,2.09358482651,0.234169164169,0.160866477273,151,0.0194337194337,0.425941720352,37,36,36,0.972972972973,0,0.702702702703,0.27027027027,0,-31,-0.0232732732733,0.0222580127923,-1.67567567568,-3.1,-0.861111111111,0.292727085634,0.146944963442,0.0903782160539,-0.921892767886,0.112111664477,0.0294754213673,-0.559206322687,-0.023237768619,0.0157644130617,0.0361014083798,0.0195711981346,0.0935848265132,0.0318852999344,0.0420108668767,0.0935848265132,0.221999037999,0.154893781027,144,0.0185328185328,-0.195254860844,-0.027027027027,0.027027027027,-0.027027027027,173,12,43,1104,0.800925925926,0.989247311828,0.010752688172,0.199074074074,0.935135135135,0.800925925926,0.862842892768,0.842197050788,0.790173237754,0.758771929825,142,173,0,0,0,0
762,WLNM_dir_neg,0.929232516957,0.54978698866,00:00:02,10,20,35,1232383559,threshold_sweep,0.6,0.914285714286,0.739884393064,0.817891373802,128,12,45,334,0.739884393064,0.965317919075,0.0346820809249,0.260115606936,0.914285714286,0.739884393064,0.817891373802,0.890173410405,0.576750160565,0.740515933232,0.749016191033,0.705202312139,216,43,173,0,216,0,43,0,173,37,216,0.162162162162,1.32432432432,11.6756756757,21.6,6,8.1990990496,0.702237650082,0.31006006006,10.329336629,1.76937710775,0.765265265265,3.0868314707,0.528762798222,0.252752752753,0.579945114934,0.437917739848,2,1.32432432432,0.579945114934,2,0.0121701261701,0.00597269624573,7,0.000900900900901,0.621196581197,37,37,37,1,0,0.72972972973,0.243243243243,0.027027027027,37,0.0322822822823,1.32432432432,2.32432432432,4.3,1.59259259259,2.09568411071,0.901631536004,0.468887492143,2.14104742686,1.84229662312,0.789440603394,1.09324983201,0.940703343825,0.460087994972,0.579945114934,0.437917739848,2,1.36666666667,0.614947899858,2,0.0210526315789,0.0220588235294,1,0.0001287001287,0.0632756132756,37,30,30,0.810810810811,0,0.594594594595,0.135135135135,0.135135135135,37,183,0.137387387387,1.34658233712,9.89189189189,18.3,5.08333333333,8.54004873712,0.86333826031,0.405996160095,9.42498436764,1.90559793226,0.798109584995,2.47145870047,0.499693835613,0.261704327278,0.616046523314,0.457488937983,2.09358482651,1.35620962426,0.621955981811,2.09358482651,0.237706579135,0.157894736842,147,0.0189189189189,0.412549035742,37,36,36,0.972972972973,0,0.702702702703,0.27027027027,0,-33,-0.0247747747748,0.0222580127923,-1.78378378378,-3.3,-0.916666666667,0.340949687518,0.161100610228,0.0959361000345,-0.904352261356,0.136220824511,0.0328443197296,-0.615372770238,-0.0290689626091,0.00895157452535,0.0361014083798,0.0195711981346,0.0935848265132,0.0318852999344,0.0420108668767,0.0935848265132,0.225536452965,0.151922040596,140,0.018018018018,-0.208647545454,-0.027027027027,0.027027027027,-0.027027027027,171,12,45,1104,0.791666666667,0.989247311828,0.010752688172,0.208333333333,0.934426229508,0.791666666667,0.857142857143,0.836135399394,0.780913978495,0.75,140,173,0,0,0,0
763,WLNM_dir_neg,0.929232516957,0.54978698866,00:00:02,10,20,35,1232383559,threshold_sweep,0.7,0.914285714286,0.739884393064,0.817891373802,128,12,45,334,0.739884393064,0.965317919075,0.0346820809249,0.260115606936,0.914285714286,0.739884393064,0.817891373802,0.890173410405,0.576750160565,0.740515933232,0.749016191033,0.705202312139,216,43,173,0,216,0,43,0,173,37,216,0.162162162162,1.32432432432,11.6756756757,21.6,6,8.1990990496,0.702237650082,0.31006006006,10.329336629,1.76937710775,0.765265265265,3.0868314707,0.528762798222,0.252752752753,0.579945114934,0.437917739848,2,1.32432432432,0.579945114934,2,0.0121701261701,0.00597269624573,7,0.000900900900901,0.621196581197,37,37,37,1,0,0.72972972973,0.243243243243,0.027027027027,37,0.0322822822823,1.32432432432,2.32432432432,4.3,1.59259259259,2.09568411071,0.901631536004,0.468887492143,2.14104742686,1.84229662312,0.789440603394,1.09324983201,0.940703343825,0.460087994972,0.579945114934,0.437917739848,2,1.36666666667,0.614947899858,2,0.0210526315789,0.0220588235294,1,0.0001287001287,0.0632756132756,37,30,30,0.810810810811,0,0.594594594595,0.135135135135,0.135135135135,37,183,0.137387387387,1.34658233712,9.89189189189,18.3,5.08333333333,8.54004873712,0.86333826031,0.405996160095,9.42498436764,1.90559793226,0.798109584995,2.47145870047,0.499693835613,0.261704327278,0.616046523314,0.457488937983,2.09358482651,1.35620962426,0.621955981811,2.09358482651,0.237706579135,0.157894736842,147,0.0189189189189,0.412549035742,37,36,36,0.972972972973,0,0.702702702703,0.27027027027,0,-33,-0.0247747747748,0.0222580127923,-1.78378378378,-3.3,-0.916666666667,0.340949687518,0.161100610228,0.0959361000345,-0.904352261356,0.136220824511,0.0328443197296,-0.615372770238,-0.0290689626091,0.00895157452535,0.0361014083798,0.0195711981346,0.0935848265132,0.0318852999344,0.0420108668767,0.0935848265132,0.225536452965,0.151922040596,140,0.018018018018,-0.208647545454,-0.027027027027,0.027027027027,-0.027027027027,171,12,45,1104,0.791666666667,0.989247311828,0.010752688172,0.208333333333,0.934426229508,0.791666666667,0.857142857143,0.836135399394,0.780913978495,0.75,140,173,0,0,0,0
764,WLNM_dir_neg,0.929232516957,0.54978698866,00:00:02,10,20,35,1232383559,threshold_sweep,0.8,0.914285714286,0.739884393064,0.817891373802,128,12,45,334,0.739884393064,0.965317919075,0.0346820809249,0.260115606936,0.914285714286,0.739884393064,0.817891373802,0.890173410405,0.576750160565,0.740515933232,0.749016191033,0.705202312139,216,43,173,0,216,0,43,0,173,37,216,0.162162162162,1.32432432432,11.6756756757,21.6,6,8.1990990496,0.702237650082,0.31006006006,10.329336629,1.76937710775,0.765265265265,3.0868314707,0.528762798222,0.252752752753,0.579945114934,0.437917739848,2,1.32432432432,0.579945114934,2,0.0121701261701,0.00597269624573,7,0.000900900900901,0.621196581197,37,37,37,1,0,0.72972972973,0.243243243243,0.027027027027,37,0.0322822822823,1.32432432432,2.32432432432,4.3,1.59259259259,2.09568411071,0.901631536004,0.468887492143,2.14104742686,1.84229662312,0.789440603394,1.09324983201,0.940703343825,0.460087994972,0.579945114934,0.437917739848,2,1.36666666667,0.614947899858,2,0.0210526315789,0.0220588235294,1,0.0001287001287,0.0632756132756,37,30,30,0.810810810811,0,0.594594594595,0.135135135135,0.135135135135,37,183,0.137387387387,1.34658233712,9.89189189189,18.3,5.08333333333,8.54004873712,0.86333826031,0.405996160095,9.42498436764,1.90559793226,0.798109584995,2.47145870047,0.499693835613,0.261704327278,0.616046523314,0.457488937983,2.09358482651,1.35620962426,0.621955981811,2.09358482651,0.237706579135,0.157894736842,147,0.0189189189189,0.412549035742,37,36,36,0.972972972973,0,0.702702702703,0.27027027027,0,-33,-0.0247747747748,0.0222580127923,-1.78378378378,-3.3,-0.916666666667,0.340949687518,0.161100610228,0.0959361000345,-0.904352261356,0.136220824511,0.0328443197296,-0.615372770238,-0.0290689626091,0.00895157452535,0.0361014083798,0.0195711981346,0.0935848265132,0.0318852999344,0.0420108668767,0.0935848265132,0.225536452965,0.151922040596,140,0.018018018018,-0.208647545454,-0.027027027027,0.027027027027,-0.027027027027,171,12,45,1104,0.791666666667,0.989247311828,0.010752688172,0.208333333333,0.934426229508,0.791666666667,0.857142857143,0.836135399394,0.780913978495,0.75,140,173,0,0,0,0
765,WLNM_dir_neg,0.929232516957,0.54978698866,00:00:02,10,20,35,1232383559,threshold_sweep,0.9,0.920863309353,0.739884393064,0.820512820513,128,11,45,335,0.739884393064,0.968208092486,0.0317919075145,0.260115606936,0.920863309353,0.739884393064,0.820512820513,0.892100192678,0.577392421323,0.744680851064,0.753792632009,0.708092485549,216,43,173,0,216,0,43,0,173,37,216,0.162162162162,1.32432432432,11.6756756757,21.6,6,8.1990990496,0.702237650082,0.31006006006,10.329336629,1.76937710775,0.765265265265,3.0868314707,0.528762798222,0.252752752753,0.579945114934,0.437917739848,2,1.32432432432,0.579945114934,2,0.0121701261701,0.00597269624573,7,0.000900900900901,0.621196581197,37,37,37,1,0,0.72972972973,0.243243243243,0.027027027027,37,0.0322822822823,1.32432432432,2.32432432432,4.3,1.59259259259,2.09568411071,0.901631536004,0.468887492143,2.14104742686,1.84229662312,0.789440603394,1.09324983201,0.940703343825,0.460087994972,0.579945114934,0.437917739848,2,1.36666666667,0.614947899858,2,0.0210526315789,0.0220588235294,1,0.0001287001287,0.0632756132756,37,30,30,0.810810810811,0,0.594594594595,0.135135135135,0.135135135135,37,182,0.136636636637,1.34527136789,9.83783783784,18.2,5.05555555556,8.44430614712,0.858349800669,0.404068904069,9.37010132276,1.90491070847,0.797742797743,2.49864828322,0.507966958677,0.265518265518,0.613928343885,0.456360224815,2.08807279679,1.35486223922,0.619819435471,2.08807279679,0.202274162001,0.135519125683,124,0.0159588159588,0.415365350447,37,36,36,0.972972972973,0,0.702702702703,0.27027027027,0,-34,-0.0255255255255,0.0209470435607,-1.83783783784,-3.4,-0.944444444444,0.245207097517,0.156112150587,0.0940088440088,-0.959235306239,0.135533600728,0.0324775324775,-0.588183187483,-0.0207958395456,0.0127655127655,0.0339832289507,0.0184424849665,0.0880727967894,0.0305379148909,0.0398743205367,0.0880727967894,0.190104035831,0.129546429437,117,0.0150579150579,-0.205831230749,-0.027027027027,0.027027027027,-0.027027027027,171,11,45,1105,0.791666666667,0.990143369176,0.00985663082437,0.208333333333,0.93956043956,0.791666666667,0.859296482412,0.839026348996,0.781810035842,0.753303964758,139,173,0,0,0,0
766,WLNM_dir_neg,0.972426409168,0.509306501802,00:00:03,10,20,36,1232383560,threshold_sweep,0.1,0.79797979798,0.913294797688,0.851752021563,158,40,15,306,0.913294797688,0.884393063584,0.115606936416,0.0867052023121,0.79797979798,0.913294797688,0.851752021563,0.894026974952,0.539499036609,0.769874476987,0.774121220924,0.797687861272,216,43,173,0,216,0,43,0,173,37,216,0.162162162162,1.32432432432,11.6756756757,21.6,6,8.1990990496,0.702237650082,0.31006006006,10.329336629,1.76937710775,0.765265265265,3.0868314707,0.528762798222,0.252752752753,0.579945114934,0.437917739848,2,1.32432432432,0.579945114934,2,0.0121701261701,0.00597269624573,7,0.000900900900901,0.621196581197,37,37,37,1,0,0.72972972973,0.243243243243,0.027027027027,37,0.0322822822823,1.32432432432,2.32432432432,4.3,1.86956521739,1.95865676838,0.842677911979,0.455688246386,2.1280339585,1.83109898755,0.786926461345,1.16698837263,1.00415278575,0.538026398492,0.579945114934,0.437917739848,2,1.38709677419,0.615219167172,2,0,0,0,0,0.0853262786596,37,31,31,0.837837837838,0,0.567567567568,0.0540540540541,0.216216216216,37,241,0.180930930931,5.09598421702,13.027027027,7.77419354839,6.51351351351,9.33775635223,0.716798724134,0.34776270046,9.79688618792,1.50408626122,0.684086576203,3.80512535654,0.584189370091,0.309969720758,2.43176662067,0.477192730022,6.890625,5.09598421702,2.43176662067,6.890625,0.453141327835,0.283918953578,369,0.0474903474903,0.192674466261,37,37,37,1,0,0.162162162162,0.837837837838,0,25,0.0187687687688,3.77165989269,1.35135135135,-13.8258064516,0.513513513514,1.13865730263,0.0145610740523,0.0377026403997,-0.532450441084,-0.26529084653,-0.0811786890625,0.718293885835,0.0554265718687,0.0572169680053,1.85182150573,0.0392749901733,4.890625,3.77165989269,1.85182150573,4.890625,0.440971201665,0.277946257332,362,0.0465894465894,-0.428522114936,-0.567567567568,0.594594594595,-0.027027027027,201,40,15,1076,0.930555555556,0.964157706093,0.0358422939068,0.0694444444444,0.834024896266,0.930555555556,0.879649890591,0.856686554694,0.894713261649,0.78515625,198,173,0,0,0,0
767,WLNM_dir_neg,0.972426409168,0.509306501802,00:00:03,10,20,36,1232383560,threshold_sweep,0.2,0.822916666667,0.913294797688,0.865753424658,158,34,15,312,0.913294797688,0.901734104046,0.0982658959538,0.0867052023121,0.822916666667,0.913294797688,0.865753424658,0.905587668593,0.543352601156,0.793248945148,0.795810417237,0.815028901734,216,43,173,0,216,0,43,0,173,37,216,0.162162162162,1.32432432432,11.6756756757,21.6,6,8.1990990496,0.702237650082,0.31006006006,10.329336629,1.76937710775,0.765265265265,3.0868314707,0.528762798222,0.252752752753,0.579945114934,0.437917739848,2,1.32432432432,0.579945114934,2,0.0121701261701,0.00597269624573,7,0.000900900900901,0.621196581197,37,37,37,1,0,0.72972972973,0.243243243243,0.027027027027,37,0.0322822822823,1.32432432432,2.32432432432,4.3,1.86956521739,1.95865676838,0.842677911979,0.455688246386,2.1280339585,1.83109898755,0.786926461345,1.16698837263,1.00415278575,0.538026398492,0.579945114934,0.437917739848,2,1.38709677419,0.615219167172,2,0,0,0,0,0.0853262786596,37,31,31,0.837837837838,0,0.567567567568,0.0540540540541,0.216216216216,37,235,0.176426426426,3.73422622624,12.7027027027,8.39285714286,6.35135135135,9.4747174243,0.745882009998,0.358826912018,9.88606262545,1.55652900911,0.705922944221,3.63788870559,0.572773966412,0.297412305923,1.92333288224,0.515055265994,5.4375,3.73422622624,1.92333288224,5.4375,0.414224473688,0.263406940063,334,0.0429858429858,0.236878864015,37,37,37,1,0,0.243243243243,0.756756756757,0,19,0.0142642642643,2.40990190191,1.02702702703,-13.2071428571,0.351351351351,1.27561837469,0.043644359916,0.0487668519583,-0.443274003554,-0.212848098633,-0.0593423210444,0.551057234883,0.0440111681891,0.0446595531702,1.3433877673,0.077137526146,3.4375,2.40990190191,1.3433877673,3.4375,0.402054347518,0.257434243817,327,0.0420849420849,-0.384317717181,-0.486486486486,0.513513513514,-0.027027027027,201,34,15,1082,0.930555555556,0.969534050179,0.0304659498208,0.0694444444444,0.855319148936,0.930555555556,0.891352549889,0.870377136892,0.900089605735,0.804,192,173,0,0,0,0
768,WLNM_dir_neg,0.972426409168,0.509306501802,00:00:03,10,20,36,1232383560,threshold_sweep,0.3,0.820652173913,0.872832369942,0.84593837535,151,33,22,313,0.872832369942,0.904624277457,0.0953757225434,0.127167630058,0.820652173913,0.872832369942,0.84593837535,0.894026974952,0.548490687219,0.765291607397,0.766136171548,0.777456647399,216,43,173,0,216,0,43,0,173,37,216,0.162162162162,1.32432432432,11.6756756757,21.6,6,8.1990990496,0.702237650082,0.31006006006,10.329336629,1.76937710775,0.765265265265,3.0868314707,0.528762798222,0.252752752753,0.579945114934,0.437917739848,2,1.32432432432,0.579945114934,2,0.0121701261701,0.00597269624573,7,0.000900900900901,0.621196581197,37,37,37,1,0,0.72972972973,0.243243243243,0.027027027027,37,0.0322822822823,1.32432432432,2.32432432432,4.3,1.86956521739,1.95865676838,0.842677911979,0.455688246386,2.1280339585,1.83109898755,0.786926461345,1.16698837263,1.00415278575,0.538026398492,0.579945114934,0.437917739848,2,1.38709677419,0.615219167172,2,0,0,0,0,0.0853262786596,37,31,31,0.837837837838,0,0.567567567568,0.0540540540541,0.216216216216,37,227,0.17042042042,3.48266904396,12.2702702703,8.40740740741,6.30555555556,9.29351221925,0.757400775578,0.368615311347,9.89714370177,1.61319082364,0.717228241457,3.77978660599,0.616088565733,0.324086200738,1.84522275676,0.529830062364,5.12790697674,3.48266904396,1.84522275676,5.12790697674,0.419878963039,0.263927192499,319,0.0410553410553,0.233541165815,37,37,37,1,0,0.27027027027,0.702702702703,0.027027027027,11,0.00825825825826,2.15834471964,0.594594594595,-13.1925925926,0.305555555556,1.09441316965,0.0551631254959,0.0585552512865,-0.432192927231,-0.156186284109,-0.0480370238079,0.692955135281,0.0873257675109,0.0713334479854,1.26527764182,0.0919123225158,3.12790697674,2.15834471964,1.26527764182,3.12790697674,0.407708836869,0.257954496253,312,0.0401544401544,-0.387655415382,-0.459459459459,0.459459459459,0,194,33,22,1083,0.898148148148,0.970430107527,0.0295698924731,0.101851851852,0.854625550661,0.898148148148,0.875846501129,0.851478836673,0.868578255675,0.779116465863,184,173,0,0,0,0
769,WLNM_dir_neg,0.972426409168,0.509306501802,00:00:03,10,20,36,1232383560,threshold_sweep,0.4,0.820652173913,0.872832369942,0.84593837535,151,33,22,313,0.872832369942,0.904624277457,0.0953757225434,0.127167630058,0.820652173913,0.872832369942,0.84593837535,0.894026974952,0.548490687219,0.765291607397,0.766136171548,0.777456647399,216,43,173,0,216,0,43,0,173,37,216,0.162162162162,1.32432432432,11.6756756757,21.6,6,8.1990990496,0.702237650082,0.31006006006,10.329336629,1.76937710775,0.765265265265,3.0868314707,0.528762798222,0.252752752753,0.579945114934,0.437917739848,2,1.32432432432,0.579945114934,2,0.0121701261701,0.00597269624573,7,0.000900900900901,0.621196581197,37,37,37,1,0,0.72972972973,0.243243243243,0.027027027027,37,0.0322822822823,1.32432432432,2.32432432432,4.3,1.86956521739,1.95865676838,0.842677911979,0.455688246386,2.1280339585,1.83109898755,0.786926461345,1.16698837263,1.00415278575,0.538026398492,0.579945114934,0.437917739848,2,1.38709677419,0.615219167172,2,0,0,0,0,0.0853262786596,37,31,31,0.837837837838,0,0.567567567568,0.0540540540541,0.216216216216,37,227,0.17042042042,3.48266904396,12.2702702703,8.40740740741,6.30555555556,9.29351221925,0.757400775578,0.368615311347,9.89714370177,1.61319082364,0.717228241457,3.77978660599,0.616088565733,0.324086200738,1.84522275676,0.529830062364,5.12790697674,3.48266904396,1.84522275676,5.12790697674,0.419878963039,0.263927192499,319,0.0410553410553,0.233541165815,37,37,37,1,0,0.27027027027,0.702702702703,0.027027027027,11,0.00825825825826,2.15834471964,0.594594594595,-13.1925925926,0.305555555556,1.09441316965,0.0551631254959,0.0585552512865,-0.432192927231,-0.156186284109,-0.0480370238079,0.692955135281,0.0873257675109,0.0713334479854,1.26527764182,0.0919123225158,3.12790697674,2.15834471964,1.26527764182,3.12790697674,0.407708836869,0.257954496253,312,0.0401544401544,-0.387655415382,-0.459459459459,0.459459459459,0,194,33,22,1083,0.898148148148,0.970430107527,0.0295698924731,0.101851851852,0.854625550661,0.898148148148,0.875846501129,0.851478836673,0.868578255675,0.779116465863,184,173,0,0,0,0
770,WLNM_dir_neg,0.972426409168,0.509306501802,00:00:03,10,20,36,1232383560,threshold_sweep,0.5,0.853107344633,0.872832369942,0.862857142857,151,26,22,320,0.872832369942,0.924855491329,0.0751445086705,0.127167630058,0.853107344633,0.872832369942,0.862857142857,0.907514450867,0.552986512524,0.793103448276,0.793221355576,0.797687861272,216,43,173,0,216,0,43,0,173,37,216,0.162162162162,1.32432432432,11.6756756757,21.6,6,8.1990990496,0.702237650082,0.31006006006,10.329336629,1.76937710775,0.765265265265,3.0868314707,0.528762798222,0.252752752753,0.579945114934,0.437917739848,2,1.32432432432,0.579945114934,2,0.0121701261701,0.00597269624573,7,0.000900900900901,0.621196581197,37,37,37,1,0,0.72972972973,0.243243243243,0.027027027027,37,0.0322822822823,1.32432432432,2.32432432432,4.3,1.86956521739,1.95865676838,0.842677911979,0.455688246386,2.1280339585,1.83109898755,0.786926461345,1.16698837263,1.00415278575,0.538026398492,0.579945114934,0.437917739848,2,1.38709677419,0.615219167172,2,0,0,0,0,0.0853262786596,37,31,31,0.837837837838,0,0.567567567568,0.0540540540541,0.216216216216,37,220,0.165165165165,3.56391798333,11.8918918919,9.5652173913,6.11111111111,9.40089766336,0.790530030782,0.376167076167,9.99429266561,1.68085831194,0.741769041769,3.48764442908,0.586558381254,0.306142506143,2.07875715521,0.583278617783,5.23076923077,3.63513792731,2.06195503381,5.23076923077,0.389848908743,0.234656009135,274,0.0352638352638,0.303530979056,37,36,36,0.972972972973,0,0.351351351351,0.621621621622,0,4,0.003003003003,2.239593659,0.216216216216,-12.0347826087,0.111111111111,1.20179861375,0.0882923807003,0.066107016107,-0.335043963389,-0.0885187958017,-0.0234962234962,0.400812958372,0.0577955830312,0.0533897533898,1.49881204027,0.145360877934,3.23076923077,2.31081360299,1.48200991888,3.23076923077,0.377678782573,0.228683312889,267,0.0343629343629,-0.31766560214,-0.378378378378,0.378378378378,-0.027027027027,194,26,22,1090,0.898148148148,0.976702508961,0.0232974910394,0.101851851852,0.881818181818,0.898148148148,0.889908256881,0.868418688975,0.874850657109,0.801652892562,177,173,0,0,0,0
771,WLNM_dir_neg,0.972426409168,0.509306501802,00:00:03,10,20,36,1232383560,threshold_sweep,0.6,0.858823529412,0.843930635838,0.851311953353,146,24,27,322,0.843930635838,0.93063583815,0.0693641618497,0.156069364162,0.858823529412,0.843930635838,0.851311953353,0.901734104046,0.557482337829,0.77793904209,0.778005419107,0.774566473988,216,43,173,0,216,0,43,0,173,37,216,0.162162162162,1.32432432432,11.6756756757,21.6,6,8.1990990496,0.702237650082,0.31006006006,10.329336629,1.76937710775,0.765265265265,3.0868314707,0.528762798222,0.252752752753,0.579945114934,0.437917739848,2,1.32432432432,0.579945114934,2,0.0121701261701,0.00597269624573,7,0.000900900900901,0.621196581197,37,37,37,1,0,0.72972972973,0.243243243243,0.027027027027,37,0.0322822822823,1.32432432432,2.32432432432,4.3,1.86956521739,1.95865676838,0.842677911979,0.455688246386,2.1280339585,1.83109898755,0.786926461345,1.16698837263,1.00415278575,0.538026398492,0.579945114934,0.437917739848,2,1.38709677419,0.615219167172,2,0,0,0,0,0.0853262786596,37,31,31,0.837837837838,0,0.567567567568,0.0540540540541,0.216216216216,37,213,0.15990990991,3.56668008447,11.5135135135,9.26086956522,5.91666666667,9.09402007922,0.789856204063,0.379901027788,9.62463680528,1.67188526665,0.739500063444,3.59324524788,0.624178751979,0.327369623144,2.08022993159,0.583239842744,5.23076923077,3.63797675348,2.06338137228,5.23076923077,0.315749083043,0.195009242144,211,0.0271557271557,0.304334083265,37,36,36,0.972972972973,0,0.351351351351,0.621621621622,0,-3,-0.00225225225225,2.24235576014,-0.162162162162,-12.3391304348,-0.0833333333333,0.894921029612,0.0876185539816,0.0698409677283,-0.704699823715,-0.0974918410997,-0.0257652018215,0.506413777176,0.0954159537567,0.0746168703915,1.50028481665,0.145322102896,3.23076923077,2.31365242916,1.48343625734,3.23076923077,0.303578956872,0.189036545898,204,0.0262548262548,-0.316862497931,-0.378378378378,0.378378378378,-0.027027027027,189,24,27,1092,0.875,0.978494623656,0.0215053763441,0.125,0.887323943662,0.875,0.881118881119,0.858331236354,0.853494623656,0.7875,170,173,0,0,0,0
772,WLNM_dir_neg,0.972426409168,0.509306501802,00:00:03,10,20,36,1232383560,threshold_sweep,0.7,0.858823529412,0.843930635838,0.851311953353,146,24,27,322,0.843930635838,0.93063583815,0.0693641618497,0.156069364162,0.858823529412,0.843930635838,0.851311953353,0.901734104046,0.557482337829,0.77793904209,0.778005419107,0.774566473988,216,43,173,0,216,0,43,0,173,37,216,0.162162162162,1.32432432432,11.6756756757,21.6,6,8.1990990496,0.702237650082,0.31006006006,10.329336629,1.76937710775,0.765265265265,3.0868314707,0.528762798222,0.252752752753,0.579945114934,0.437917739848,2,1.32432432432,0.579945114934,2,0.0121701261701,0.00597269624573,7,0.000900900900901,0.621196581197,37,37,37,1,0,0.72972972973,0.243243243243,0.027027027027,37,0.0322822822823,1.32432432432,2.32432432432,4.3,1.86956521739,1.95865676838,0.842677911979,0.455688246386,2.1280339585,1.83109898755,0.786926461345,1.16698837263,1.00415278575,0.538026398492,0.579945114934,0.437917739848,2,1.38709677419,0.615219167172,2,0,0,0,0,0.0853262786596,37,31,31,0.837837837838,0,0.567567567568,0.0540540540541,0.216216216216,37,213,0.15990990991,3.56668008447,11.5135135135,9.26086956522,5.91666666667,9.09402007922,0.789856204063,0.379901027788,9.62463680528,1.67188526665,0.739500063444,3.59324524788,0.624178751979,0.327369623144,2.08022993159,0.583239842744,5.23076923077,3.63797675348,2.06338137228,5.23076923077,0.315749083043,0.195009242144,211,0.0271557271557,0.304334083265,37,36,36,0.972972972973,0,0.351351351351,0.621621621622,0,-3,-0.00225225225225,2.24235576014,-0.162162162162,-12.3391304348,-0.0833333333333,0.894921029612,0.0876185539816,0.0698409677283,-0.704699823715,-0.0974918410997,-0.0257652018215,0.506413777176,0.0954159537567,0.0746168703915,1.50028481665,0.145322102896,3.23076923077,2.31365242916,1.48343625734,3.23076923077,0.303578956872,0.189036545898,204,0.0262548262548,-0.316862497931,-0.378378378378,0.378378378378,-0.027027027027,189,24,27,1092,0.875,0.978494623656,0.0215053763441,0.125,0.887323943662,0.875,0.881118881119,0.858331236354,0.853494623656,0.7875,170,173,0,0,0,0
773,WLNM_dir_neg,0.972426409168,0.509306501802,00:00:03,10,20,36,1232383560,threshold_sweep,0.8,0.879518072289,0.843930635838,0.861356932153,146,20,27,326,0.843930635838,0.942196531792,0.0578034682081,0.156069364162,0.879518072289,0.843930635838,0.861356932153,0.909441233141,0.560051380861,0.794160583942,0.794534042175,0.78612716763,216,43,173,0,216,0,43,0,173,37,216,0.162162162162,1.32432432432,11.6756756757,21.6,6,8.1990990496,0.702237650082,0.31006006006,10.329336629,1.76937710775,0.765265265265,3.0868314707,0.528762798222,0.252752752753,0.579945114934,0.437917739848,2,1.32432432432,0.579945114934,2,0.0121701261701,0.00597269624573,7,0.000900900900901,0.621196581197,37,37,37,1,0,0.72972972973,0.243243243243,0.027027027027,37,0.0322822822823,1.32432432432,2.32432432432,4.3,1.86956521739,1.95865676838,0.842677911979,0.455688246386,2.1280339585,1.83109898755,0.786926461345,1.16698837263,1.00415278575,0.538026398492,0.579945114934,0.437917739848,2,1.38709677419,0.615219167172,2,0,0,0,0,0.0853262786596,37,31,31,0.837837837838,0,0.567567567568,0.0540540540541,0.216216216216,37,209,0.156906906907,2.79727953353,11.2972972973,9.95238095238,5.80555555556,9.13742263948,0.808814922633,0.380059485323,9.67877464758,1.71346728211,0.751584120005,3.48182755505,0.616400093478,0.316306737359,1.62741930264,0.581786440408,3.88450704296,2.84720396502,1.62151452341,3.88450704296,0.281565092557,0.168921044354,179,0.0230373230373,0.39744127282,37,36,36,0.972972972973,0,0.405405405405,0.567567567568,0,-7,-0.00525525525526,1.47295520921,-0.378378378378,-11.6476190476,-0.194444444444,0.938323589876,0.106577272552,0.0699994252626,-0.650561981418,-0.0559098256375,-0.0136811452601,0.394996084349,0.0876372952558,0.0635539846066,1.0474741877,0.143868700559,1.88450704296,1.52287964069,1.04156940847,1.88450704296,0.269394966386,0.162948348108,172,0.0221364221364,-0.223755308376,-0.324324324324,0.324324324324,-0.027027027027,189,20,27,1096,0.875,0.982078853047,0.0179211469534,0.125,0.904306220096,0.875,0.889411764706,0.868593812794,0.857078853047,0.800847457627,166,173,0,0,0,0
774,WLNM_dir_neg,0.972426409168,0.509306501802,00:00:03,10,20,36,1232383560,threshold_sweep,0.9,0.915584415584,0.815028901734,0.862385321101,141,13,32,333,0.815028901734,0.962427745665,0.0375722543353,0.184971098266,0.915584415584,0.815028901734,0.862385321101,0.913294797688,0.567758509955,0.79940564636,0.802288356743,0.777456647399,216,43,173,0,216,0,43,0,173,37,216,0.162162162162,1.32432432432,11.6756756757,21.6,6,8.1990990496,0.702237650082,0.31006006006,10.329336629,1.76937710775,0.765265265265,3.0868314707,0.528762798222,0.252752752753,0.579945114934,0.437917739848,2,1.32432432432,0.579945114934,2,0.0121701261701,0.00597269624573,7,0.000900900900901,0.621196581197,37,37,37,1,0,0.72972972973,0.243243243243,0.027027027027,37,0.0322822822823,1.32432432432,2.32432432432,4.3,1.86956521739,1.95865676838,0.842677911979,0.455688246386,2.1280339585,1.83109898755,0.786926461345,1.16698837263,1.00415278575,0.538026398492,0.579945114934,0.437917739848,2,1.38709677419,0.615219167172,2,0,0,0,0,0.0853262786596,37,31,31,0.837837837838,0,0.567567567568,0.0540540540541,0.216216216216,37,197,0.147897897898,1.73939706954,10.6486486486,14.0714285714,5.47222222222,8.38390063096,0.787320617628,0.383591713541,9.51914461042,1.78785964764,0.774591850734,3.15395742638,0.592367638458,0.307861160653,1.01330741745,0.582562449479,2.82889589822,1.75993587703,1.01984053152,2.82889589822,0.25852878803,0.167658730159,169,0.0217503217503,0.34128845249,37,36,36,0.972972972973,0,0.594594594595,0.378378378378,0,-19,-0.0142642642643,0.41507274522,-1.02702702703,-7.52857142857,-0.527777777778,0.184801581354,0.0850829675462,0.0735316534809,-0.810192018578,0.0184825398973,0.00932658546872,0.0671259556808,0.0636048402356,0.0551084079003,0.433362302516,0.14464470963,0.828895898219,0.435611552707,0.439895416589,0.828895898219,0.24635866186,0.161686033913,162,0.0208494208494,-0.279908128707,-0.135135135135,0.135135135135,-0.027027027027,184,13,32,1103,0.851851851852,0.98835125448,0.0116487455197,0.148148148148,0.934010152284,0.851851851852,0.891041162228,0.872393079733,0.840203106332,0.803493449782,154,173,0,0,0,0
775,WLNM_dir_neg,0.962586454609,0.617430008307,00:00:02,10,20,37,1232383561,threshold_sweep,0.1,0.919117647059,0.722543352601,0.809061488673,125,11,48,335,0.722543352601,0.968208092486,0.0317919075145,0.277456647399,0.919117647059,0.722543352601,0.809061488673,0.886319845857,0.579319203597,0.729770992366,0.740481242978,0.690751445087,216,43,173,0,216,0,43,0,173,37,216,0.162162162162,1.32432432432,11.6756756757,21.6,6,8.1990990496,0.702237650082,0.31006006006,10.329336629,1.76937710775,0.765265265265,3.0868314707,0.528762798222,0.252752752753,0.579945114934,0.437917739848,2,1.32432432432,0.579945114934,2,0.0121701261701,0.00597269624573,7,0.000900900900901,0.621196581197,37,37,37,1,0,0.72972972973,0.243243243243,0.027027027027,37,0.0322822822823,1.31081081081,2.32432432432,4.3,1.72,2.34584803493,1.00926020108,0.460087994972,2.40962783564,2.07340069579,0.804525455688,1.14293757761,0.983457915615,0.512884978001,0.544560874969,0.415438193275,2,1.359375,0.571280042621,2,0,0,0,0,0.0679293854294,37,32,32,0.864864864865,0,0.594594594595,0.0810810810811,0.189189189189,37,179,0.134384384384,1.34830221617,9.67567567568,17.9,4.83783783784,7.78907373631,0.80501600068,0.405858372339,8.58782572895,1.77513716185,0.774875434093,2.79397679058,0.577525928779,0.315264985656,0.62321377358,0.462221129735,2.20968688868,1.34830221617,0.62321377358,2.20968688868,0.237002516058,0.165040967616,141,0.0181467181467,0.461205768334,37,37,37,1,0,0.72972972973,0.27027027027,0,-37,-0.0277777777778,0.0239778918411,-2,-3.7,-1.16216216216,-0.410025313295,0.102778350598,0.0957983122788,-1.74151090005,0.0057600541039,0.00961016882805,-0.292854680123,0.0487631305569,0.0625122329033,0.043268658646,0.0243033898867,0.20968688868,0.0239778918411,0.043268658646,0.20968688868,0.224832389888,0.15906827137,134,0.0172458172458,-0.159990812863,0,0.027027027027,-0.027027027027,168,11,48,1105,0.777777777778,0.990143369176,0.00985663082437,0.222222222222,0.938547486034,0.777777777778,0.850632911392,0.829916561062,0.767921146953,0.740088105727,136,173,0,0,0,0
776,WLNM_dir_neg,0.962586454609,0.617430008307,00:00:02,10,20,37,1232383561,threshold_sweep,0.2,0.919117647059,0.722543352601,0.809061488673,125,11,48,335,0.722543352601,0.968208092486,0.0317919075145,0.277456647399,0.919117647059,0.722543352601,0.809061488673,0.886319845857,0.579319203597,0.729770992366,0.740481242978,0.690751445087,216,43,173,0,216,0,43,0,173,37,216,0.162162162162,1.32432432432,11.6756756757,21.6,6,8.1990990496,0.702237650082,0.31006006006,10.329336629,1.76937710775,0.765265265265,3.0868314707,0.528762798222,0.252752752753,0.579945114934,0.437917739848,2,1.32432432432,0.579945114934,2,0.0121701261701,0.00597269624573,7,0.000900900900901,0.621196581197,37,37,37,1,0,0.72972972973,0.243243243243,0.027027027027,37,0.0322822822823,1.31081081081,2.32432432432,4.3,1.72,2.34584803493,1.00926020108,0.460087994972,2.40962783564,2.07340069579,0.804525455688,1.14293757761,0.983457915615,0.512884978001,0.544560874969,0.415438193275,2,1.359375,0.571280042621,2,0,0,0,0,0.0679293854294,37,32,32,0.864864864865,0,0.594594594595,0.0810810810811,0.189189189189,37,179,0.134384384384,1.34830221617,9.67567567568,17.9,4.83783783784,7.78907373631,0.80501600068,0.405858372339,8.58782572895,1.77513716185,0.774875434093,2.79397679058,0.577525928779,0.315264985656,0.62321377358,0.462221129735,2.20968688868,1.34830221617,0.62321377358,2.20968688868,0.237002516058,0.165040967616,141,0.0181467181467,0.461205768334,37,37,37,1,0,0.72972972973,0.27027027027,0,-37,-0.0277777777778,0.0239778918411,-2,-3.7,-1.16216216216,-0.410025313295,0.102778350598,0.0957983122788,-1.74151090005,0.0057600541039,0.00961016882805,-0.292854680123,0.0487631305569,0.0625122329033,0.043268658646,0.0243033898867,0.20968688868,0.0239778918411,0.043268658646,0.20968688868,0.224832389888,0.15906827137,134,0.0172458172458,-0.159990812863,0,0.027027027027,-0.027027027027,168,11,48,1105,0.777777777778,0.990143369176,0.00985663082437,0.222222222222,0.938547486034,0.777777777778,0.850632911392,0.829916561062,0.767921146953,0.740088105727,136,173,0,0,0,0
777,WLNM_dir_neg,0.962586454609,0.617430008307,00:00:02,10,20,37,1232383561,threshold_sweep,0.3,0.919117647059,0.722543352601,0.809061488673,125,11,48,335,0.722543352601,0.968208092486,0.0317919075145,0.277456647399,0.919117647059,0.722543352601,0.809061488673,0.886319845857,0.579319203597,0.729770992366,0.740481242978,0.690751445087,216,43,173,0,216,0,43,0,173,37,216,0.162162162162,1.32432432432,11.6756756757,21.6,6,8.1990990496,0.702237650082,0.31006006006,10.329336629,1.76937710775,0.765265265265,3.0868314707,0.528762798222,0.252752752753,0.579945114934,0.437917739848,2,1.32432432432,0.579945114934,2,0.0121701261701,0.00597269624573,7,0.000900900900901,0.621196581197,37,37,37,1,0,0.72972972973,0.243243243243,0.027027027027,37,0.0322822822823,1.31081081081,2.32432432432,4.3,1.72,2.34584803493,1.00926020108,0.460087994972,2.40962783564,2.07340069579,0.804525455688,1.14293757761,0.983457915615,0.512884978001,0.544560874969,0.415438193275,2,1.359375,0.571280042621,2,0,0,0,0,0.0679293854294,37,32,32,0.864864864865,0,0.594594594595,0.0810810810811,0.189189189189,37,179,0.134384384384,1.34830221617,9.67567567568,17.9,4.83783783784,7.78907373631,0.80501600068,0.405858372339,8.58782572895,1.77513716185,0.774875434093,2.79397679058,0.577525928779,0.315264985656,0.62321377358,0.462221129735,2.20968688868,1.34830221617,0.62321377358,2.20968688868,0.237002516058,0.165040967616,141,0.0181467181467,0.461205768334,37,37,37,1,0,0.72972972973,0.27027027027,0,-37,-0.0277777777778,0.0239778918411,-2,-3.7,-1.16216216216,-0.410025313295,0.102778350598,0.0957983122788,-1.74151090005,0.0057600541039,0.00961016882805,-0.292854680123,0.0487631305569,0.0625122329033,0.043268658646,0.0243033898867,0.20968688868,0.0239778918411,0.043268658646,0.20968688868,0.224832389888,0.15906827137,134,0.0172458172458,-0.159990812863,0,0.027027027027,-0.027027027027,168,11,48,1105,0.777777777778,0.990143369176,0.00985663082437,0.222222222222,0.938547486034,0.777777777778,0.850632911392,0.829916561062,0.767921146953,0.740088105727,136,173,0,0,0,0
778,WLNM_dir_neg,0.962586454609,0.617430008307,00:00:02,10,20,37,1232383561,threshold_sweep,0.4,0.919117647059,0.722543352601,0.809061488673,125,11,48,335,0.722543352601,0.968208092486,0.0317919075145,0.277456647399,0.919117647059,0.722543352601,0.809061488673,0.886319845857,0.579319203597,0.729770992366,0.740481242978,0.690751445087,216,43,173,0,216,0,43,0,173,37,216,0.162162162162,1.32432432432,11.6756756757,21.6,6,8.1990990496,0.702237650082,0.31006006006,10.329336629,1.76937710775,0.765265265265,3.0868314707,0.528762798222,0.252752752753,0.579945114934,0.437917739848,2,1.32432432432,0.579945114934,2,0.0121701261701,0.00597269624573,7,0.000900900900901,0.621196581197,37,37,37,1,0,0.72972972973,0.243243243243,0.027027027027,37,0.0322822822823,1.31081081081,2.32432432432,4.3,1.72,2.34584803493,1.00926020108,0.460087994972,2.40962783564,2.07340069579,0.804525455688,1.14293757761,0.983457915615,0.512884978001,0.544560874969,0.415438193275,2,1.359375,0.571280042621,2,0,0,0,0,0.0679293854294,37,32,32,0.864864864865,0,0.594594594595,0.0810810810811,0.189189189189,37,179,0.134384384384,1.34830221617,9.67567567568,17.9,4.83783783784,7.78907373631,0.80501600068,0.405858372339,8.58782572895,1.77513716185,0.774875434093,2.79397679058,0.577525928779,0.315264985656,0.62321377358,0.462221129735,2.20968688868,1.34830221617,0.62321377358,2.20968688868,0.237002516058,0.165040967616,141,0.0181467181467,0.461205768334,37,37,37,1,0,0.72972972973,0.27027027027,0,-37,-0.0277777777778,0.0239778918411,-2,-3.7,-1.16216216216,-0.410025313295,0.102778350598,0.0957983122788,-1.74151090005,0.0057600541039,0.00961016882805,-0.292854680123,0.0487631305569,0.0625122329033,0.043268658646,0.0243033898867,0.20968688868,0.0239778918411,0.043268658646,0.20968688868,0.224832389888,0.15906827137,134,0.0172458172458,-0.159990812863,0,0.027027027027,-0.027027027027,168,11,48,1105,0.777777777778,0.990143369176,0.00985663082437,0.222222222222,0.938547486034,0.777777777778,0.850632911392,0.829916561062,0.767921146953,0.740088105727,136,173,0,0,0,0
779,WLNM_dir_neg,0.962586454609,0.617430008307,00:00:02,10,20,37,1232383561,threshold_sweep,0.5,0.918518518519,0.71676300578,0.805194805195,124,11,49,335,0.71676300578,0.968208092486,0.0317919075145,0.28323699422,0.918518518519,0.71676300578,0.805194805195,0.884393063584,0.579961464355,0.724770642202,0.736039042594,0.684971098266,216,43,173,0,216,0,43,0,173,37,216,0.162162162162,1.32432432432,11.6756756757,21.6,6,8.1990990496,0.702237650082,0.31006006006,10.329336629,1.76937710775,0.765265265265,3.0868314707,0.528762798222,0.252752752753,0.579945114934,0.437917739848,2,1.32432432432,0.579945114934,2,0.0121701261701,0.00597269624573,7,0.000900900900901,0.621196581197,37,37,37,1,0,0.72972972973,0.243243243243,0.027027027027,37,0.0322822822823,1.31081081081,2.32432432432,4.3,1.72,2.34584803493,1.00926020108,0.460087994972,2.40962783564,2.07340069579,0.804525455688,1.14293757761,0.983457915615,0.512884978001,0.544560874969,0.415438193275,2,1.359375,0.571280042621,2,0,0,0,0,0.0679293854294,37,32,32,0.864864864865,0,0.594594594595,0.0810810810811,0.189189189189,37,178,0.133633633634,1.34851920175,9.62162162162,17.8,4.81081081081,7.75797565001,0.806306458007,0.407682963863,8.54347651668,1.77589118605,0.775584573337,2.77726722035,0.577297118836,0.3167324628,0.623561928071,0.462404930727,2.21057894054,1.34851920175,0.623561928071,2.21057894054,0.238053707254,0.165549862042,140,0.018018018018,0.456046196826,37,37,37,1,0,0.72972972973,0.27027027027,0,-38,-0.0285285285285,0.0241948774291,-2.05405405405,-3.8,-1.18918918919,-0.441123399592,0.104068807925,0.0976229038027,-1.78586011232,0.00651407830527,0.0103193080721,-0.309564250357,0.0485343206137,0.0639797100471,0.043616813136,0.0244871908783,0.210578940542,0.0241948774291,0.043616813136,0.210578940542,0.225883581084,0.159577165796,133,0.0171171171171,-0.16515038437,0,0.027027027027,-0.027027027027,167,11,49,1105,0.773148148148,0.990143369176,0.00985663082437,0.226851851852,0.938202247191,0.773148148148,0.847715736041,0.826868606085,0.763291517324,0.735682819383,135,173,0,0,0,0
780,WLNM_dir_neg,0.962586454609,0.617430008307,00:00:02,10,20,37,1232383561,threshold_sweep,0.6,0.918518518519,0.71676300578,0.805194805195,124,11,49,335,0.71676300578,0.968208092486,0.0317919075145,0.28323699422,0.918518518519,0.71676300578,0.805194805195,0.884393063584,0.579961464355,0.724770642202,0.736039042594,0.684971098266,216,43,173,0,216,0,43,0,173,37,216,0.162162162162,1.32432432432,11.6756756757,21.6,6,8.1990990496,0.702237650082,0.31006006006,10.329336629,1.76937710775,0.765265265265,3.0868314707,0.528762798222,0.252752752753,0.579945114934,0.437917739848,2,1.32432432432,0.579945114934,2,0.0121701261701,0.00597269624573,7,0.000900900900901,0.621196581197,37,37,37,1,0,0.72972972973,0.243243243243,0.027027027027,37,0.0322822822823,1.31081081081,2.32432432432,4.3,1.72,2.34584803493,1.00926020108,0.460087994972,2.40962783564,2.07340069579,0.804525455688,1.14293757761,0.983457915615,0.512884978001,0.544560874969,0.415438193275,2,1.359375,0.571280042621,2,0,0,0,0,0.0679293854294,37,32,32,0.864864864865,0,0.594594594595,0.0810810810811,0.189189189189,37,178,0.133633633634,1.34851920175,9.62162162162,17.8,4.81081081081,7.75797565001,0.806306458007,0.407682963863,8.54347651668,1.77589118605,0.775584573337,2.77726722035,0.577297118836,0.3167324628,0.623561928071,0.462404930727,2.21057894054,1.34851920175,0.623561928071,2.21057894054,0.238053707254,0.165549862042,140,0.018018018018,0.456046196826,37,37,37,1,0,0.72972972973,0.27027027027,0,-38,-0.0285285285285,0.0241948774291,-2.05405405405,-3.8,-1.18918918919,-0.441123399592,0.104068807925,0.0976229038027,-1.78586011232,0.00651407830527,0.0103193080721,-0.309564250357,0.0485343206137,0.0639797100471,0.043616813136,0.0244871908783,0.210578940542,0.0241948774291,0.043616813136,0.210578940542,0.225883581084,0.159577165796,133,0.0171171171171,-0.16515038437,0,0.027027027027,-0.027027027027,167,11,49,1105,0.773148148148,0.990143369176,0.00985663082437,0.226851851852,0.938202247191,0.773148148148,0.847715736041,0.826868606085,0.763291517324,0.735682819383,135,173,0,0,0,0
781,WLNM_dir_neg,0.962586454609,0.617430008307,00:00:02,10,20,37,1232383561,threshold_sweep,0.7,0.918518518519,0.71676300578,0.805194805195,124,11,49,335,0.71676300578,0.968208092486,0.0317919075145,0.28323699422,0.918518518519,0.71676300578,0.805194805195,0.884393063584,0.579961464355,0.724770642202,0.736039042594,0.684971098266,216,43,173,0,216,0,43,0,173,37,216,0.162162162162,1.32432432432,11.6756756757,21.6,6,8.1990990496,0.702237650082,0.31006006006,10.329336629,1.76937710775,0.765265265265,3.0868314707,0.528762798222,0.252752752753,0.579945114934,0.437917739848,2,1.32432432432,0.579945114934,2,0.0121701261701,0.00597269624573,7,0.000900900900901,0.621196581197,37,37,37,1,0,0.72972972973,0.243243243243,0.027027027027,37,0.0322822822823,1.31081081081,2.32432432432,4.3,1.72,2.34584803493,1.00926020108,0.460087994972,2.40962783564,2.07340069579,0.804525455688,1.14293757761,0.983457915615,0.512884978001,0.544560874969,0.415438193275,2,1.359375,0.571280042621,2,0,0,0,0,0.0679293854294,37,32,32,0.864864864865,0,0.594594594595,0.0810810810811,0.189189189189,37,178,0.133633633634,1.34851920175,9.62162162162,17.8,4.81081081081,7.75797565001,0.806306458007,0.407682963863,8.54347651668,1.77589118605,0.775584573337,2.77726722035,0.577297118836,0.3167324628,0.623561928071,0.462404930727,2.21057894054,1.34851920175,0.623561928071,2.21057894054,0.238053707254,0.165549862042,140,0.018018018018,0.456046196826,37,37,37,1,0,0.72972972973,0.27027027027,0,-38,-0.0285285285285,0.0241948774291,-2.05405405405,-3.8,-1.18918918919,-0.441123399592,0.104068807925,0.0976229038027,-1.78586011232,0.00651407830527,0.0103193080721,-0.309564250357,0.0485343206137,0.0639797100471,0.043616813136,0.0244871908783,0.210578940542,0.0241948774291,0.043616813136,0.210578940542,0.225883581084,0.159577165796,133,0.0171171171171,-0.16515038437,0,0.027027027027,-0.027027027027,167,11,49,1105,0.773148148148,0.990143369176,0.00985663082437,0.226851851852,0.938202247191,0.773148148148,0.847715736041,0.826868606085,0.763291517324,0.735682819383,135,173,0,0,0,0
782,WLNM_dir_neg,0.962586454609,0.617430008307,00:00:02,10,20,37,1232383561,threshold_sweep,0.8,0.918518518519,0.71676300578,0.805194805195,124,11,49,335,0.71676300578,0.968208092486,0.0317919075145,0.28323699422,0.918518518519,0.71676300578,0.805194805195,0.884393063584,0.579961464355,0.724770642202,0.736039042594,0.684971098266,216,43,173,0,216,0,43,0,173,37,216,0.162162162162,1.32432432432,11.6756756757,21.6,6,8.1990990496,0.702237650082,0.31006006006,10.329336629,1.76937710775,0.765265265265,3.0868314707,0.528762798222,0.252752752753,0.579945114934,0.437917739848,2,1.32432432432,0.579945114934,2,0.0121701261701,0.00597269624573,7,0.000900900900901,0.621196581197,37,37,37,1,0,0.72972972973,0.243243243243,0.027027027027,37,0.0322822822823,1.31081081081,2.32432432432,4.3,1.72,2.34584803493,1.00926020108,0.460087994972,2.40962783564,2.07340069579,0.804525455688,1.14293757761,0.983457915615,0.512884978001,0.544560874969,0.415438193275,2,1.359375,0.571280042621,2,0,0,0,0,0.0679293854294,37,32,32,0.864864864865,0,0.594594594595,0.0810810810811,0.189189189189,37,178,0.133633633634,1.34851920175,9.62162162162,17.8,4.81081081081,7.75797565001,0.806306458007,0.407682963863,8.54347651668,1.77589118605,0.775584573337,2.77726722035,0.577297118836,0.3167324628,0.623561928071,0.462404930727,2.21057894054,1.34851920175,0.623561928071,2.21057894054,0.238053707254,0.165549862042,140,0.018018018018,0.456046196826,37,37,37,1,0,0.72972972973,0.27027027027,0,-38,-0.0285285285285,0.0241948774291,-2.05405405405,-3.8,-1.18918918919,-0.441123399592,0.104068807925,0.0976229038027,-1.78586011232,0.00651407830527,0.0103193080721,-0.309564250357,0.0485343206137,0.0639797100471,0.043616813136,0.0244871908783,0.210578940542,0.0241948774291,0.043616813136,0.210578940542,0.225883581084,0.159577165796,133,0.0171171171171,-0.16515038437,0,0.027027027027,-0.027027027027,167,11,49,1105,0.773148148148,0.990143369176,0.00985663082437,0.226851851852,0.938202247191,0.773148148148,0.847715736041,0.826868606085,0.763291517324,0.735682819383,135,173,0,0,0,0
783,WLNM_dir_neg,0.962586454609,0.617430008307,00:00:02,10,20,37,1232383561,threshold_sweep,0.9,0.918518518519,0.71676300578,0.805194805195,124,11,49,335,0.71676300578,0.968208092486,0.0317919075145,0.28323699422,0.918518518519,0.71676300578,0.805194805195,0.884393063584,0.579961464355,0.724770642202,0.736039042594,0.684971098266,216,43,173,0,216,0,43,0,173,37,216,0.162162162162,1.32432432432,11.6756756757,21.6,6,8.1990990496,0.702237650082,0.31006006006,10.329336629,1.76937710775,0.765265265265,3.0868314707,0.528762798222,0.252752752753,0.579945114934,0.437917739848,2,1.32432432432,0.579945114934,2,0.0121701261701,0.00597269624573,7,0.000900900900901,0.621196581197,37,37,37,1,0,0.72972972973,0.243243243243,0.027027027027,37,0.0322822822823,1.31081081081,2.32432432432,4.3,1.72,2.34584803493,1.00926020108,0.460087994972,2.40962783564,2.07340069579,0.804525455688,1.14293757761,0.983457915615,0.512884978001,0.544560874969,0.415438193275,2,1.359375,0.571280042621,2,0,0,0,0,0.0679293854294,37,32,32,0.864864864865,0,0.594594594595,0.0810810810811,0.189189189189,37,178,0.133633633634,1.34851920175,9.62162162162,17.8,4.81081081081,7.75797565001,0.806306458007,0.407682963863,8.54347651668,1.77589118605,0.775584573337,2.77726722035,0.577297118836,0.3167324628,0.623561928071,0.462404930727,2.21057894054,1.34851920175,0.623561928071,2.21057894054,0.238053707254,0.165549862042,140,0.018018018018,0.456046196826,37,37,37,1,0,0.72972972973,0.27027027027,0,-38,-0.0285285285285,0.0241948774291,-2.05405405405,-3.8,-1.18918918919,-0.441123399592,0.104068807925,0.0976229038027,-1.78586011232,0.00651407830527,0.0103193080721,-0.309564250357,0.0485343206137,0.0639797100471,0.043616813136,0.0244871908783,0.210578940542,0.0241948774291,0.043616813136,0.210578940542,0.225883581084,0.159577165796,133,0.0171171171171,-0.16515038437,0,0.027027027027,-0.027027027027,167,11,49,1105,0.773148148148,0.990143369176,0.00985663082437,0.226851851852,0.938202247191,0.773148148148,0.847715736041,0.826868606085,0.763291517324,0.735682819383,135,173,0,0,0,0
784,WLNM_dir_neg,0.934227672157,0.834869241315,00:00:05,10,20,38,1232383562,threshold_sweep,0.1,0.875,0.687861271676,0.770226537217,119,17,54,329,0.687861271676,0.950867052023,0.0491329479769,0.312138728324,0.875,0.687861271676,0.770226537217,0.863198458574,0.579319203597,0.674809160305,0.684712781164,0.638728323699,216,43,173,0,216,0,43,0,173,37,216,0.162162162162,1.32432432432,11.6756756757,21.6,6,8.1990990496,0.702237650082,0.31006006006,10.329336629,1.76937710775,0.765265265265,3.0868314707,0.528762798222,0.252752752753,0.579945114934,0.437917739848,2,1.32432432432,0.579945114934,2,0.0121701261701,0.00597269624573,7,0.000900900900901,0.621196581197,37,37,37,1,0,0.72972972973,0.243243243243,0.027027027027,37,0.0322822822823,1.27027027027,2.32432432432,4.77777777778,1.59259259259,2.16094184782,0.929707539179,0.453174104337,2.3980722989,2.06345755952,0.82463859208,0.986393923832,0.848757562367,0.450031426776,0.508191163105,0.400065383721,2,1.30303030303,0.529436521505,2,0,0,0,0,0.0692192067192,37,33,33,0.891891891892,0,0.648648648649,0.0810810810811,0.162162162162,37,179,0.134384384384,1,9.67567567568,8.95,5.11428571429,7.56473563485,0.781830219245,0.373697720066,8.70349072216,1.79904556827,0.767627963159,2.7438164167,0.567157583339,0.301675977654,0,0,0,NaN,NaN,NaN,0.205369738835,0.125258371228,101,0.0129987129987,0.122360587081,37,35,0,0.945945945946,2,0.405405405405,0.540540540541,0,-37,-0.0277777777778,-0.324324324324,-2,-12.65,-0.885714285714,-0.634363414751,0.0795925691628,0.0636376600064,-1.62584590684,0.0296684605227,0.00236269789342,-0.343015054008,0.0383947851169,0.0489232249009,-0.579945114934,-0.437917739848,-2,NaN,NaN,NaN,0.193199612665,0.119285674982,94,0.0120978120978,-0.498835994116,-0.324324324324,0.297297297297,-0.027027027027,162,17,54,1099,0.75,0.98476702509,0.0152329749104,0.25,0.905027932961,0.75,0.820253164557,0.794085857726,0.73476702509,0.695278969957,136,173,0,0,0,0
785,WLNM_dir_neg,0.934227672157,0.834869241315,00:00:05,10,20,38,1232383562,threshold_sweep,0.2,0.937007874016,0.687861271676,0.793333333333,119,8,54,338,0.687861271676,0.976878612717,0.0231213872832,0.312138728324,0.937007874016,0.687861271676,0.793333333333,0.880539499037,0.585099550417,0.712074303406,0.728899989878,0.664739884393,216,43,173,0,216,0,43,0,173,37,216,0.162162162162,1.32432432432,11.6756756757,21.6,6,8.1990990496,0.702237650082,0.31006006006,10.329336629,1.76937710775,0.765265265265,3.0868314707,0.528762798222,0.252752752753,0.579945114934,0.437917739848,2,1.32432432432,0.579945114934,2,0.0121701261701,0.00597269624573,7,0.000900900900901,0.621196581197,37,37,37,1,0,0.72972972973,0.243243243243,0.027027027027,37,0.0322822822823,1.27027027027,2.32432432432,4.77777777778,1.59259259259,2.16094184782,0.929707539179,0.453174104337,2.3980722989,2.06345755952,0.82463859208,0.986393923832,0.848757562367,0.450031426776,0.508191163105,0.400065383721,2,1.30303030303,0.529436521505,2,0,0,0,0,0.0692192067192,37,33,33,0.891891891892,0,0.648648648649,0.0810810810811,0.162162162162,37,170,0.127627627628,1,9.18918918919,14.1666666667,4.85714285714,7.56394164528,0.823134826104,0.385373608903,8.82061807944,1.919781582,0.799046104928,2.87188922971,0.625058244114,0.327503974563,0,0,0,NaN,NaN,NaN,0.171445824707,0.109941027801,87,0.0111969111969,0.279256624782,37,35,0,0.945945945946,2,0.621621621622,0.324324324324,0,-46,-0.0345345345345,-0.324324324324,-2.48648648649,-7.43333333333,-1.14285714286,-0.635157404324,0.120897176022,0.075313548843,-1.50871854956,0.15040447425,0.0337808396632,-0.21494224099,0.0962954458918,0.07475122181,-0.579945114934,-0.437917739848,-2,NaN,NaN,NaN,0.159275698537,0.103968331555,80,0.010296010296,-0.341939956415,-0.108108108108,0.0810810810811,-0.027027027027,162,8,54,1108,0.75,0.992831541219,0.00716845878136,0.25,0.952941176471,0.75,0.839378238342,0.82058161815,0.742831541219,0.723214285714,127,173,0,0,0,0
786,WLNM_dir_neg,0.934227672157,0.834869241315,00:00:05,10,20,38,1232383562,threshold_sweep,0.3,0.937007874016,0.687861271676,0.793333333333,119,8,54,338,0.687861271676,0.976878612717,0.0231213872832,0.312138728324,0.937007874016,0.687861271676,0.793333333333,0.880539499037,0.585099550417,0.712074303406,0.728899989878,0.664739884393,216,43,173,0,216,0,43,0,173,37,216,0.162162162162,1.32432432432,11.6756756757,21.6,6,8.1990990496,0.702237650082,0.31006006006,10.329336629,1.76937710775,0.765265265265,3.0868314707,0.528762798222,0.252752752753,0.579945114934,0.437917739848,2,1.32432432432,0.579945114934,2,0.0121701261701,0.00597269624573,7,0.000900900900901,0.621196581197,37,37,37,1,0,0.72972972973,0.243243243243,0.027027027027,37,0.0322822822823,1.27027027027,2.32432432432,4.77777777778,1.59259259259,2.16094184782,0.929707539179,0.453174104337,2.3980722989,2.06345755952,0.82463859208,0.986393923832,0.848757562367,0.450031426776,0.508191163105,0.400065383721,2,1.30303030303,0.529436521505,2,0,0,0,0,0.0692192067192,37,33,33,0.891891891892,0,0.648648648649,0.0810810810811,0.162162162162,37,170,0.127627627628,1,9.18918918919,14.1666666667,4.85714285714,7.56394164528,0.823134826104,0.385373608903,8.82061807944,1.919781582,0.799046104928,2.87188922971,0.625058244114,0.327503974563,0,0,0,NaN,NaN,NaN,0.171445824707,0.109941027801,87,0.0111969111969,0.279256624782,37,35,0,0.945945945946,2,0.621621621622,0.324324324324,0,-46,-0.0345345345345,-0.324324324324,-2.48648648649,-7.43333333333,-1.14285714286,-0.635157404324,0.120897176022,0.075313548843,-1.50871854956,0.15040447425,0.0337808396632,-0.21494224099,0.0962954458918,0.07475122181,-0.579945114934,-0.437917739848,-2,NaN,NaN,NaN,0.159275698537,0.103968331555,80,0.010296010296,-0.341939956415,-0.108108108108,0.0810810810811,-0.027027027027,162,8,54,1108,0.75,0.992831541219,0.00716845878136,0.25,0.952941176471,0.75,0.839378238342,0.82058161815,0.742831541219,0.723214285714,127,173,0,0,0,0
787,WLNM_dir_neg,0.934227672157,0.834869241315,00:00:05,10,20,38,1232383562,threshold_sweep,0.4,0.936507936508,0.682080924855,0.789297658863,118,8,55,338,0.682080924855,0.976878612717,0.0231213872832,0.317919075145,0.936507936508,0.682080924855,0.789297658863,0.878612716763,0.585741811175,0.706976744186,0.724499852554,0.658959537572,216,43,173,0,216,0,43,0,173,37,216,0.162162162162,1.32432432432,11.6756756757,21.6,6,8.1990990496,0.702237650082,0.31006006006,10.329336629,1.76937710775,0.765265265265,3.0868314707,0.528762798222,0.252752752753,0.579945114934,0.437917739848,2,1.32432432432,0.579945114934,2,0.0121701261701,0.00597269624573,7,0.000900900900901,0.621196581197,37,37,37,1,0,0.72972972973,0.243243243243,0.027027027027,37,0.0322822822823,1.27027027027,2.32432432432,4.77777777778,1.59259259259,2.16094184782,0.929707539179,0.453174104337,2.3980722989,2.06345755952,0.82463859208,0.986393923832,0.848757562367,0.450031426776,0.508191163105,0.400065383721,2,1.30303030303,0.529436521505,2,0,0,0,0,0.0692192067192,37,33,33,0.891891891892,0,0.648648648649,0.0810810810811,0.162162162162,37,169,0.126876876877,1,9.13513513514,14.0833333333,4.82857142857,7.50615363168,0.821679539562,0.383655845194,8.76400637881,1.91874695867,0.799296337758,2.83373076174,0.620402592807,0.323684631377,0,0,0,NaN,NaN,NaN,0.170110636646,0.108881298036,85,0.0109395109395,0.274257477026,37,35,0,0.945945945946,2,0.621621621622,0.324324324324,0,-47,-0.0352852852853,-0.324324324324,-2.54054054054,-7.51666666667,-1.17142857143,-0.692945417927,0.11944188948,0.0735957851342,-1.56533025019,0.149369850929,0.0340310724926,-0.253100708964,0.0916397945845,0.0709318786242,-0.579945114934,-0.437917739848,-2,NaN,NaN,NaN,0.157940510476,0.10290860179,78,0.0100386100386,-0.346939104171,-0.108108108108,0.0810810810811,-0.027027027027,161,8,55,1108,0.74537037037,0.992831541219,0.00716845878136,0.25462962963,0.952662721893,0.74537037037,0.836363636364,0.817524786109,0.738201911589,0.71875,126,173,0,0,0,0
788,WLNM_dir_neg,0.934227672157,0.834869241315,00:00:05,10,20,38,1232383562,threshold_sweep,0.5,0.944,0.682080924855,0.791946308725,118,7,55,339,0.682080924855,0.979768786127,0.0202312138728,0.317919075145,0.944,0.682080924855,0.791946308725,0.880539499037,0.586384071933,0.711180124224,0.729654671119,0.661849710983,216,43,173,0,216,0,43,0,173,37,216,0.162162162162,1.32432432432,11.6756756757,21.6,6,8.1990990496,0.702237650082,0.31006006006,10.329336629,1.76937710775,0.765265265265,3.0868314707,0.528762798222,0.252752752753,0.579945114934,0.437917739848,2,1.32432432432,0.579945114934,2,0.0121701261701,0.00597269624573,7,0.000900900900901,0.621196581197,37,37,37,1,0,0.72972972973,0.243243243243,0.027027027027,37,0.0322822822823,1.27027027027,2.32432432432,4.77777777778,1.59259259259,2.16094184782,0.929707539179,0.453174104337,2.3980722989,2.06345755952,0.82463859208,0.986393923832,0.848757562367,0.450031426776,0.508191163105,0.400065383721,2,1.30303030303,0.529436521505,2,0,0,0,0,0.0692192067192,37,33,33,0.891891891892,0,0.648648648649,0.0810810810811,0.162162162162,37,168,0.126126126126,1,9.08108108108,15.2727272727,4.8,7.5217402625,0.828286874145,0.385778635779,8.77684641731,1.93299593715,0.801801801802,2.81459089779,0.619880138204,0.324646074646,0,0,0,NaN,NaN,NaN,0.157120127256,0.101760412194,79,0.0101673101673,0.324453444823,37,35,0,0.945945945946,2,0.648648648649,0.297297297297,0,-48,-0.036036036036,-0.324324324324,-2.59459459459,-6.32727272727,-1.2,-0.6773587871,0.126049224063,0.0757185757186,-1.55249021169,0.1636188294,0.0365365365365,-0.272240572914,0.0911173399813,0.0718933218933,-0.579945114934,-0.437917739848,-2,NaN,NaN,NaN,0.144950001086,0.0957877159483,72,0.00926640926641,-0.296743136374,-0.0810810810811,0.0540540540541,-0.027027027027,161,7,55,1109,0.74537037037,0.993727598566,0.00627240143369,0.25462962963,0.958333333333,0.74537037037,0.838541666667,0.820596859752,0.739097968937,0.72197309417,125,173,0,0,0,0
789,WLNM_dir_neg,0.934227672157,0.834869241315,00:00:05,10,20,38,1232383562,threshold_sweep,0.6,0.959349593496,0.682080924855,0.797297297297,118,5,55,341,0.682080924855,0.985549132948,0.014450867052,0.317919075145,0.959349593496,0.682080924855,0.797297297297,0.884393063584,0.587668593449,0.719626168224,0.740110956305,0.667630057803,216,43,173,0,216,0,43,0,173,37,216,0.162162162162,1.32432432432,11.6756756757,21.6,6,8.1990990496,0.702237650082,0.31006006006,10.329336629,1.76937710775,0.765265265265,3.0868314707,0.528762798222,0.252752752753,0.579945114934,0.437917739848,2,1.32432432432,0.579945114934,2,0.0121701261701,0.00597269624573,7,0.000900900900901,0.621196581197,37,37,37,1,0,0.72972972973,0.243243243243,0.027027027027,37,0.0322822822823,1.27027027027,2.32432432432,4.77777777778,1.59259259259,2.16094184782,0.929707539179,0.453174104337,2.3980722989,2.06345755952,0.82463859208,0.986393923832,0.848757562367,0.450031426776,0.508191163105,0.400065383721,2,1.30303030303,0.529436521505,2,0,0,0,0,0.0692192067192,37,33,33,0.891891891892,0,0.648648648649,0.0810810810811,0.162162162162,37,166,0.124624624625,1.28016103878,8.97297297297,18.4444444444,4.74285714286,7.54426377561,0.840776384631,0.386844676001,8.80221443609,1.96193936226,0.805926408336,2.76507606507,0.616312134986,0.321393682839,0.525789994797,0.410721759895,2.04574480437,1.296170241,0.536503756521,2.04574480437,0.145308820608,0.0958549222798,74,0.00952380952381,0.474733532942,37,35,35,0.945945945946,0,0.702702702703,0.243243243243,0,-50,-0.0375375375375,-0.0441632855426,-2.7027027027,-3.15555555556,-1.25714285714,-0.654835273999,0.138538734549,0.0767846159412,-1.52712219291,0.192562254517,0.0406611430708,-0.32175540563,0.087549336764,0.0686409300867,-0.0541551201376,-0.0271959799539,0.0457448043655,-0.0281540833265,-0.0434413584135,0.0457448043655,0.133138694438,0.0898822260341,67,0.00862290862291,-0.146463048254,-0.027027027027,0,-0.027027027027,161,5,55,1111,0.74537037037,0.995519713262,0.00448028673835,0.25462962963,0.969879518072,0.74537037037,0.842931937173,0.826817072757,0.740890083632,0.72850678733,123,173,0,0,0,0
790,WLNM_dir_neg,0.934227672157,0.834869241315,00:00:05,10,20,38,1232383562,threshold_sweep,0.7,0.959349593496,0.682080924855,0.797297297297,118,5,55,341,0.682080924855,0.985549132948,0.014450867052,0.317919075145,0.959349593496,0.682080924855,0.797297297297,0.884393063584,0.587668593449,0.719626168224,0.740110956305,0.667630057803,216,43,173,0,216,0,43,0,173,37,216,0.162162162162,1.32432432432,11.6756756757,21.6,6,8.1990990496,0.702237650082,0.31006006006,10.329336629,1.76937710775,0.765265265265,3.0868314707,0.528762798222,0.252752752753,0.579945114934,0.437917739848,2,1.32432432432,0.579945114934,2,0.0121701261701,0.00597269624573,7,0.000900900900901,0.621196581197,37,37,37,1,0,0.72972972973,0.243243243243,0.027027027027,37,0.0322822822823,1.27027027027,2.32432432432,4.77777777778,1.59259259259,2.16094184782,0.929707539179,0.453174104337,2.3980722989,2.06345755952,0.82463859208,0.986393923832,0.848757562367,0.450031426776,0.508191163105,0.400065383721,2,1.30303030303,0.529436521505,2,0,0,0,0,0.0692192067192,37,33,33,0.891891891892,0,0.648648648649,0.0810810810811,0.162162162162,37,166,0.124624624625,1.28016103878,8.97297297297,18.4444444444,4.74285714286,7.54426377561,0.840776384631,0.386844676001,8.80221443609,1.96193936226,0.805926408336,2.76507606507,0.616312134986,0.321393682839,0.525789994797,0.410721759895,2.04574480437,1.296170241,0.536503756521,2.04574480437,0.145308820608,0.0958549222798,74,0.00952380952381,0.474733532942,37,35,35,0.945945945946,0,0.702702702703,0.243243243243,0,-50,-0.0375375375375,-0.0441632855426,-2.7027027027,-3.15555555556,-1.25714285714,-0.654835273999,0.138538734549,0.0767846159412,-1.52712219291,0.192562254517,0.0406611430708,-0.32175540563,0.087549336764,0.0686409300867,-0.0541551201376,-0.0271959799539,0.0457448043655,-0.0281540833265,-0.0434413584135,0.0457448043655,0.133138694438,0.0898822260341,67,0.00862290862291,-0.146463048254,-0.027027027027,0,-0.027027027027,161,5,55,1111,0.74537037037,0.995519713262,0.00448028673835,0.25462962963,0.969879518072,0.74537037037,0.842931937173,0.826817072757,0.740890083632,0.72850678733,123,173,0,0,0,0
791,WLNM_dir_neg,0.934227672157,0.834869241315,00:00:05,10,20,38,1232383562,threshold_sweep,0.8,0.959349593496,0.682080924855,0.797297297297,118,5,55,341,0.682080924855,0.985549132948,0.014450867052,0.317919075145,0.959349593496,0.682080924855,0.797297297297,0.884393063584,0.587668593449,0.719626168224,0.740110956305,0.667630057803,216,43,173,0,216,0,43,0,173,37,216,0.162162162162,1.32432432432,11.6756756757,21.6,6,8.1990990496,0.702237650082,0.31006006006,10.329336629,1.76937710775,0.765265265265,3.0868314707,0.528762798222,0.252752752753,0.579945114934,0.437917739848,2,1.32432432432,0.579945114934,2,0.0121701261701,0.00597269624573,7,0.000900900900901,0.621196581197,37,37,37,1,0,0.72972972973,0.243243243243,0.027027027027,37,0.0322822822823,1.27027027027,2.32432432432,4.77777777778,1.59259259259,2.16094184782,0.929707539179,0.453174104337,2.3980722989,2.06345755952,0.82463859208,0.986393923832,0.848757562367,0.450031426776,0.508191163105,0.400065383721,2,1.30303030303,0.529436521505,2,0,0,0,0,0.0692192067192,37,33,33,0.891891891892,0,0.648648648649,0.0810810810811,0.162162162162,37,166,0.124624624625,1.28016103878,8.97297297297,18.4444444444,4.74285714286,7.54426377561,0.840776384631,0.386844676001,8.80221443609,1.96193936226,0.805926408336,2.76507606507,0.616312134986,0.321393682839,0.525789994797,0.410721759895,2.04574480437,1.296170241,0.536503756521,2.04574480437,0.145308820608,0.0958549222798,74,0.00952380952381,0.474733532942,37,35,35,0.945945945946,0,0.702702702703,0.243243243243,0,-50,-0.0375375375375,-0.0441632855426,-2.7027027027,-3.15555555556,-1.25714285714,-0.654835273999,0.138538734549,0.0767846159412,-1.52712219291,0.192562254517,0.0406611430708,-0.32175540563,0.087549336764,0.0686409300867,-0.0541551201376,-0.0271959799539,0.0457448043655,-0.0281540833265,-0.0434413584135,0.0457448043655,0.133138694438,0.0898822260341,67,0.00862290862291,-0.146463048254,-0.027027027027,0,-0.027027027027,161,5,55,1111,0.74537037037,0.995519713262,0.00448028673835,0.25462962963,0.969879518072,0.74537037037,0.842931937173,0.826817072757,0.740890083632,0.72850678733,123,173,0,0,0,0
792,WLNM_dir_neg,0.934227672157,0.834869241315,00:00:05,10,20,38,1232383562,threshold_sweep,0.9,0.966666666667,0.670520231214,0.79180887372,116,4,57,342,0.670520231214,0.988439306358,0.0115606936416,0.329479768786,0.966666666667,0.670520231214,0.79180887372,0.88246628131,0.589595375723,0.713615023474,0.736788397613,0.658959537572,216,43,173,0,216,0,43,0,173,37,216,0.162162162162,1.32432432432,11.6756756757,21.6,6,8.1990990496,0.702237650082,0.31006006006,10.329336629,1.76937710775,0.765265265265,3.0868314707,0.528762798222,0.252752752753,0.579945114934,0.437917739848,2,1.32432432432,0.579945114934,2,0.0121701261701,0.00597269624573,7,0.000900900900901,0.621196581197,37,37,37,1,0,0.72972972973,0.243243243243,0.027027027027,37,0.0322822822823,1.27027027027,2.32432432432,4.77777777778,1.59259259259,2.16094184782,0.929707539179,0.453174104337,2.3980722989,2.06345755952,0.82463859208,0.986393923832,0.848757562367,0.450031426776,0.508191163105,0.400065383721,2,1.30303030303,0.529436521505,2,0,0,0,0,0.0692192067192,37,33,33,0.891891891892,0,0.648648648649,0.0810810810811,0.162162162162,37,163,0.122372372372,1.2767792423,8.81081081081,18.1111111111,4.65714285714,7.39683805509,0.839518429565,0.387663737357,8.68094803918,1.97052194754,0.808157851103,2.76344651416,0.627285405055,0.328967003814,0.519804223724,0.407121455694,2.03010399562,1.292595199,0.530402260251,2.03010399562,0.125948049535,0.0862533692722,64,0.00823680823681,0.465001787232,37,35,35,0.945945945946,0,0.702702702703,0.243243243243,0,-53,-0.0397897897898,-0.0475450820278,-2.86486486486,-3.48888888889,-1.34285714286,-0.802260994515,0.137280779483,0.0776036772969,-1.64838858982,0.201144839798,0.0428925858374,-0.323384956542,0.0985226068328,0.0762142510609,-0.0601408912103,-0.030796284154,0.0301039956212,-0.0317291253252,-0.0495428546835,0.0301039956212,0.113777923365,0.0802806730265,57,0.00733590733591,-0.156194793964,-0.027027027027,0,-0.027027027027,159,4,57,1112,0.736111111111,0.996415770609,0.00358422939068,0.263888888889,0.975460122699,0.736111111111,0.839050131926,0.823913239903,0.73252688172,0.722727272727,120,173,0,0,0,0
793,WLNM_dir_neg,0.955494670721,0.614215754165,00:00:04,10,20,39,1232383563,threshold_sweep,0.1,0.944827586207,0.791907514451,0.861635220126,137,8,36,338,0.791907514451,0.976878612717,0.0231213872832,0.208092485549,0.944827586207,0.791907514451,0.861635220126,0.915221579961,0.573538856776,0.801204819277,0.80769396256,0.768786127168,216,43,173,0,216,0,43,0,173,37,216,0.162162162162,1.32432432432,11.6756756757,21.6,6,8.1990990496,0.702237650082,0.31006006006,10.329336629,1.76937710775,0.765265265265,3.0868314707,0.528762798222,0.252752752753,0.579945114934,0.437917739848,2,1.32432432432,0.579945114934,2,0.0121701261701,0.00597269624573,7,0.000900900900901,0.621196581197,37,37,37,1,0,0.72972972973,0.243243243243,0.027027027027,37,0.0322822822823,1.27027027027,2.32432432432,4.77777777778,1.86956521739,2.24912395358,0.967646352121,0.483343808925,2.45530619853,2.11270533362,0.829666876179,1.16698837263,1.00415278575,0.538026398492,0.508191163105,0.400065383721,2,1.33333333333,0.546672273591,2,0,0,0,0,0.0824330761831,37,30,30,0.810810810811,0,0.567567567568,0.0540540540541,0.189189189189,37,188,0.141141141141,1.27517506096,10.1621621622,20.8888888889,5.08108108108,7.82628588481,0.770139834409,0.378378378378,9.45274321847,1.86038031427,0.790109258194,2.79263295096,0.549613931838,0.300172512938,0.507968708626,0.398352135465,1.83467975051,1.27517506096,0.507968708626,1.83467975051,0.194012913853,0.116684841876,107,0.0137709137709,0.563384794727,37,37,37,1,0,0.756756756757,0.243243243243,0,-28,-0.021021021021,-0.0491492633616,-1.51351351351,-0.711111111111,-0.918918918919,-0.372813164796,0.0679021843275,0.0683183183183,-0.876593410528,0.0910032065283,0.0248439929291,-0.294198519742,0.0208511336158,0.0474197601857,-0.071976406308,-0.0395656043833,-0.165320249489,-0.0491492633616,-0.071976406308,-0.165320249489,0.181842787682,0.11071214563,100,0.01287001287,-0.05781178647,0.027027027027,0,-0.027027027027,180,8,36,1108,0.833333333333,0.992831541219,0.00716845878136,0.166666666667,0.957446808511,0.833333333333,0.891089108911,0.874648916475,0.826164874552,0.803571428571,145,173,0,0,0,0
794,WLNM_dir_neg,0.955494670721,0.614215754165,00:00:04,10,20,39,1232383563,threshold_sweep,0.2,0.943262411348,0.768786127168,0.847133757962,133,8,40,338,0.768786127168,0.976878612717,0.0231213872832,0.231213872832,0.943262411348,0.768786127168,0.847133757962,0.907514450867,0.576107899807,0.781818181818,0.790222246535,0.745664739884,216,43,173,0,216,0,43,0,173,37,216,0.162162162162,1.32432432432,11.6756756757,21.6,6,8.1990990496,0.702237650082,0.31006006006,10.329336629,1.76937710775,0.765265265265,3.0868314707,0.528762798222,0.252752752753,0.579945114934,0.437917739848,2,1.32432432432,0.579945114934,2,0.0121701261701,0.00597269624573,7,0.000900900900901,0.621196581197,37,37,37,1,0,0.72972972973,0.243243243243,0.027027027027,37,0.0322822822823,1.27027027027,2.32432432432,4.77777777778,1.86956521739,2.24912395358,0.967646352121,0.483343808925,2.45530619853,2.11270533362,0.829666876179,1.16698837263,1.00415278575,0.538026398492,0.508191163105,0.400065383721,2,1.33333333333,0.546672273591,2,0,0,0,0,0.0824330761831,37,30,30,0.810810810811,0,0.567567567568,0.0540540540541,0.189189189189,37,184,0.138138138138,1.27517506096,9.94594594595,20.4444444444,4.97297297297,7.76010433043,0.780227881049,0.383519388954,9.31989057663,1.87410843117,0.794065804935,2.73339925212,0.549650936567,0.303172737955,0.507968708626,0.398352135465,1.83467975051,1.27517506096,0.507968708626,1.83467975051,0.197233575029,0.116340361446,103,0.0132561132561,0.538005750421,37,37,37,1,0,0.756756756757,0.243243243243,0,-32,-0.024024024024,-0.0491492633616,-1.72972972973,-1.15555555556,-1.02702702703,-0.438994719171,0.0779902309672,0.0734593288941,-1.00944605237,0.104731323425,0.0288005396701,-0.353432218587,0.0208881383445,0.0504199852026,-0.071976406308,-0.0395656043833,-0.165320249489,-0.0491492633616,-0.071976406308,-0.165320249489,0.185063448858,0.1103676652,96,0.0123552123552,-0.083190830776,0.027027027027,0,-0.027027027027,176,8,40,1108,0.814814814815,0.992831541219,0.00716845878136,0.185185185185,0.95652173913,0.814814814815,0.88,0.862780568314,0.807646356033,0.785714285714,141,173,0,0,0,0
795,WLNM_dir_neg,0.955494670721,0.614215754165,00:00:04,10,20,39,1232383563,threshold_sweep,0.3,0.942028985507,0.751445086705,0.836012861736,130,8,43,338,0.751445086705,0.976878612717,0.0231213872832,0.248554913295,0.942028985507,0.751445086705,0.836012861736,0.901734104046,0.578034682081,0.767123287671,0.777111815007,0.728323699422,216,43,173,0,216,0,43,0,173,37,216,0.162162162162,1.32432432432,11.6756756757,21.6,6,8.1990990496,0.702237650082,0.31006006006,10.329336629,1.76937710775,0.765265265265,3.0868314707,0.528762798222,0.252752752753,0.579945114934,0.437917739848,2,1.32432432432,0.579945114934,2,0.0121701261701,0.00597269624573,7,0.000900900900901,0.621196581197,37,37,37,1,0,0.72972972973,0.243243243243,0.027027027027,37,0.0322822822823,1.27027027027,2.32432432432,4.77777777778,1.86956521739,2.24912395358,0.967646352121,0.483343808925,2.45530619853,2.11270533362,0.829666876179,1.16698837263,1.00415278575,0.538026398492,0.508191163105,0.400065383721,2,1.33333333333,0.546672273591,2,0,0,0,0,0.0824330761831,37,30,30,0.810810810811,0,0.567567567568,0.0540540540541,0.189189189189,37,181,0.135885885886,1.27531188492,9.78378378378,20.1111111111,4.89189189189,7.69608535099,0.786616458527,0.386441690309,9.20079641415,1.88082578632,0.795580110497,2.6955084429,0.551015538052,0.304912647454,0.508214955076,0.398502484832,1.83513997655,1.27531188492,0.508214955076,1.83513997655,0.201029516868,0.117350890782,101,0.0129987129987,0.52242475816,37,37,37,1,0,0.756756756757,0.243243243243,0,-35,-0.0262762762763,-0.0490124394053,-1.89189189189,-1.48888888889,-1.10810810811,-0.503013698614,0.0843788084448,0.076381630249,-1.12854021485,0.111448678573,0.030314845232,-0.3913230278,0.0222527398297,0.0521598947013,-0.0717301598587,-0.0394152550166,-0.164860023454,-0.0490124394053,-0.0717301598587,-0.164860023454,0.188859390698,0.111378194537,94,0.0120978120978,-0.0987718230363,0.027027027027,0,-0.027027027027,173,8,43,1108,0.800925925926,0.992831541219,0.00716845878136,0.199074074074,0.955801104972,0.800925925926,0.871536523929,0.853826928068,0.793757467145,0.772321428571,138,173,0,0,0,0
796,WLNM_dir_neg,0.955494670721,0.614215754165,00:00:04,10,20,39,1232383563,threshold_sweep,0.4,0.941605839416,0.745664739884,0.832258064516,129,8,44,338,0.745664739884,0.976878612717,0.0231213872832,0.254335260116,0.941605839416,0.745664739884,0.832258064516,0.899807321773,0.578676942839,0.762195121951,0.772739381201,0.722543352601,216,43,173,0,216,0,43,0,173,37,216,0.162162162162,1.32432432432,11.6756756757,21.6,6,8.1990990496,0.702237650082,0.31006006006,10.329336629,1.76937710775,0.765265265265,3.0868314707,0.528762798222,0.252752752753,0.579945114934,0.437917739848,2,1.32432432432,0.579945114934,2,0.0121701261701,0.00597269624573,7,0.000900900900901,0.621196581197,37,37,37,1,0,0.72972972973,0.243243243243,0.027027027027,37,0.0322822822823,1.27027027027,2.32432432432,4.77777777778,1.86956521739,2.24912395358,0.967646352121,0.483343808925,2.45530619853,2.11270533362,0.829666876179,1.16698837263,1.00415278575,0.538026398492,0.508191163105,0.400065383721,2,1.33333333333,0.546672273591,2,0,0,0,0,0.0824330761831,37,30,30,0.810810810811,0,0.567567567568,0.0540540540541,0.189189189189,37,180,0.135135135135,1.27531188492,9.72972972973,20,4.86486486486,7.69071824651,0.790434930891,0.387387387387,9.17775741841,1.8865390249,0.796696696697,2.67874516811,0.550630951223,0.304804804805,0.508214955076,0.398502484832,1.83513997655,1.27531188492,0.508214955076,1.83513997655,0.201994266404,0.117096018735,100,0.01287001287,0.516039076482,37,37,37,1,0,0.756756756757,0.243243243243,0,-36,-0.027027027027,-0.0490124394053,-1.94594594595,-1.6,-1.13513513514,-0.508380803098,0.0881972808091,0.0773273273273,-1.15157921059,0.117161917151,0.0314314314314,-0.408086302593,0.0218681530003,0.0520520520521,-0.0717301598587,-0.0394152550166,-0.164860023454,-0.0490124394053,-0.0717301598587,-0.164860023454,0.189824140234,0.11112332249,93,0.0119691119691,-0.105157504714,0.027027027027,0,-0.027027027027,172,8,44,1108,0.796296296296,0.992831541219,0.00716845878136,0.203703703704,0.955555555556,0.796296296296,0.868686868687,0.85083205736,0.789127837515,0.767857142857,137,173,0,0,0,0
797,WLNM_dir_neg,0.955494670721,0.614215754165,00:00:04,10,20,39,1232383563,threshold_sweep,0.5,0.946564885496,0.71676300578,0.815789473684,124,7,49,339,0.71676300578,0.979768786127,0.0202312138728,0.28323699422,0.946564885496,0.71676300578,0.815789473684,0.892100192678,0.582530507386,0.741538461538,0.755875961615,0.696531791908,216,43,173,0,216,0,43,0,173,37,216,0.162162162162,1.32432432432,11.6756756757,21.6,6,8.1990990496,0.702237650082,0.31006006006,10.329336629,1.76937710775,0.765265265265,3.0868314707,0.528762798222,0.252752752753,0.579945114934,0.437917739848,2,1.32432432432,0.579945114934,2,0.0121701261701,0.00597269624573,7,0.000900900900901,0.621196581197,37,37,37,1,0,0.72972972973,0.243243243243,0.027027027027,37,0.0322822822823,1.27027027027,2.32432432432,4.77777777778,1.86956521739,2.24912395358,0.967646352121,0.483343808925,2.45530619853,2.11270533362,0.829666876179,1.16698837263,1.00415278575,0.538026398492,0.508191163105,0.400065383721,2,1.33333333333,0.546672273591,2,0,0,0,0,0.0824330761831,37,30,30,0.810810810811,0,0.567567567568,0.0540540540541,0.189189189189,37,174,0.130630630631,1.27320718801,9.40540540541,19.3333333333,4.7027027027,7.43288286923,0.790277776327,0.393911152532,8.82189468458,1.87592013408,0.793724759242,2.77753752715,0.590625796003,0.325566946257,0.504649234504,0.396360654618,1.82806054149,1.27320718801,0.504649234504,1.82806054149,0.178262646335,0.117671345995,95,0.0122265122265,0.520837382796,37,37,37,1,0,0.756756756757,0.243243243243,0,-42,-0.0315315315315,-0.0511171363151,-2.27027027027,-2.26666666667,-1.2972972973,-0.766216180371,0.0880401262447,0.0838510924718,-1.50744194442,0.106543026332,0.0284594939767,-0.309293943556,0.0618629977803,0.0728141935038,-0.0752958804303,-0.0415570852301,-0.171939458514,-0.0511171363151,-0.0752958804303,-0.171939458514,0.166092520165,0.111698649749,88,0.0113256113256,-0.1003591984,0.027027027027,0,-0.027027027027,167,7,49,1109,0.773148148148,0.993727598566,0.00627240143369,0.226851851852,0.959770114943,0.773148148148,0.85641025641,0.838793530182,0.766875746714,0.748878923767,131,173,0,0,0,0
798,WLNM_dir_neg,0.955494670721,0.614215754165,00:00:04,10,20,39,1232383563,threshold_sweep,0.6,0.946564885496,0.71676300578,0.815789473684,124,7,49,339,0.71676300578,0.979768786127,0.0202312138728,0.28323699422,0.946564885496,0.71676300578,0.815789473684,0.892100192678,0.582530507386,0.741538461538,0.755875961615,0.696531791908,216,43,173,0,216,0,43,0,173,37,216,0.162162162162,1.32432432432,11.6756756757,21.6,6,8.1990990496,0.702237650082,0.31006006006,10.329336629,1.76937710775,0.765265265265,3.0868314707,0.528762798222,0.252752752753,0.579945114934,0.437917739848,2,1.32432432432,0.579945114934,2,0.0121701261701,0.00597269624573,7,0.000900900900901,0.621196581197,37,37,37,1,0,0.72972972973,0.243243243243,0.027027027027,37,0.0322822822823,1.27027027027,2.32432432432,4.77777777778,1.86956521739,2.24912395358,0.967646352121,0.483343808925,2.45530619853,2.11270533362,0.829666876179,1.16698837263,1.00415278575,0.538026398492,0.508191163105,0.400065383721,2,1.33333333333,0.546672273591,2,0,0,0,0,0.0824330761831,37,30,30,0.810810810811,0,0.567567567568,0.0540540540541,0.189189189189,37,174,0.130630630631,1.27320718801,9.40540540541,19.3333333333,4.7027027027,7.43288286923,0.790277776327,0.393911152532,8.82189468458,1.87592013408,0.793724759242,2.77753752715,0.590625796003,0.325566946257,0.504649234504,0.396360654618,1.82806054149,1.27320718801,0.504649234504,1.82806054149,0.178262646335,0.117671345995,95,0.0122265122265,0.520837382796,37,37,37,1,0,0.756756756757,0.243243243243,0,-42,-0.0315315315315,-0.0511171363151,-2.27027027027,-2.26666666667,-1.2972972973,-0.766216180371,0.0880401262447,0.0838510924718,-1.50744194442,0.106543026332,0.0284594939767,-0.309293943556,0.0618629977803,0.0728141935038,-0.0752958804303,-0.0415570852301,-0.171939458514,-0.0511171363151,-0.0752958804303,-0.171939458514,0.166092520165,0.111698649749,88,0.0113256113256,-0.1003591984,0.027027027027,0,-0.027027027027,167,7,49,1109,0.773148148148,0.993727598566,0.00627240143369,0.226851851852,0.959770114943,0.773148148148,0.85641025641,0.838793530182,0.766875746714,0.748878923767,131,173,0,0,0,0
799,WLNM_dir_neg,0.955494670721,0.614215754165,00:00:04,10,20,39,1232383563,threshold_sweep,0.7,0.943089430894,0.670520231214,0.783783783784,116,7,57,339,0.670520231214,0.979768786127,0.0202312138728,0.329479768786,0.943089430894,0.670520231214,0.783783783784,0.876685934489,0.587668593449,0.700934579439,0.720887295102,0.650289017341,216,43,173,0,216,0,43,0,173,37,216,0.162162162162,1.32432432432,11.6756756757,21.6,6,8.1990990496,0.702237650082,0.31006006006,10.329336629,1.76937710775,0.765265265265,3.0868314707,0.528762798222,0.252752752753,0.579945114934,0.437917739848,2,1.32432432432,0.579945114934,2,0.0121701261701,0.00597269624573,7,0.000900900900901,0.621196581197,37,37,37,1,0,0.72972972973,0.243243243243,0.027027027027,37,0.0322822822823,1.27027027027,2.32432432432,4.77777777778,1.86956521739,2.24912395358,0.967646352121,0.483343808925,2.45530619853,2.11270533362,0.829666876179,1.16698837263,1.00415278575,0.538026398492,0.508191163105,0.400065383721,2,1.33333333333,0.546672273591,2,0,0,0,0,0.0824330761831,37,30,30,0.810810810811,0,0.567567567568,0.0540540540541,0.189189189189,37,166,0.124624624625,1.2780400809,8.97297297297,18.4444444444,4.88235294118,7.27433267839,0.81069370211,0.40442852491,8.7864214104,1.95841923003,0.805926408336,3.04249186634,0.678145777438,0.374145229567,0.520218466861,0.407043937539,2,1.28576341648,0.525442056994,2,0.15074808574,0.117311072056,89,0.0114543114543,0.516506512517,37,36,36,0.972972972973,0,0.72972972973,0.189189189189,0.0540540540541,-50,-0.0375375375375,-0.0462842434271,-2.7027027027,-3.15555555556,-1.11764705882,-0.924766371213,0.108456052028,0.0943684648504,-1.5429152186,0.189042122284,0.0406611430708,-0.0443396043621,0.149382979215,0.121392476814,-0.0597266480734,-0.0308738023095,0,-0.0385609078466,-0.0545030579402,0,0.13857795957,0.111338375811,82,0.0105534105534,-0.104690068679,0,-0.0540540540541,0.027027027027,159,7,57,1109,0.736111111111,0.993727598566,0.00627240143369,0.263888888889,0.957831325301,0.736111111111,0.832460732984,0.814483981973,0.729838709677,0.713004484305,123,173,0,0,0,0
800,WLNM_dir_neg,0.955494670721,0.614215754165,00:00:04,10,20,39,1232383563,threshold_sweep,0.8,0.948717948718,0.64161849711,0.765517241379,111,6,62,340,0.64161849711,0.982658959538,0.0173410404624,0.35838150289,0.948717948718,0.64161849711,0.765517241379,0.868978805395,0.591522157996,0.679245283019,0.704259632742,0.624277456647,216,43,173,0,216,0,43,0,173,37,216,0.162162162162,1.32432432432,11.6756756757,21.6,6,8.1990990496,0.702237650082,0.31006006006,10.329336629,1.76937710775,0.765265265265,3.0868314707,0.528762798222,0.252752752753,0.579945114934,0.437917739848,2,1.32432432432,0.579945114934,2,0.0121701261701,0.00597269624573,7,0.000900900900901,0.621196581197,37,37,37,1,0,0.72972972973,0.243243243243,0.027027027027,37,0.0322822822823,1.27027027027,2.32432432432,4.77777777778,1.86956521739,2.24912395358,0.967646352121,0.483343808925,2.45530619853,2.11270533362,0.829666876179,1.16698837263,1.00415278575,0.538026398492,0.508191163105,0.400065383721,2,1.33333333333,0.546672273591,2,0,0,0,0,0.0824330761831,37,30,30,0.810810810811,0,0.567567567568,0.0540540540541,0.189189189189,37,160,0.12012012012,1.2780400809,8.64864864865,17.7777777778,4.84848484848,7.23884665543,0.836991644535,0.421114864865,8.56366372158,1.98034723562,0.811486486486,3.16275244099,0.731386501979,0.4,0.520218466861,0.407043937539,2,1.29392808552,0.530791128193,2,0.15074808574,0.123211813567,89,0.0114543114543,0.531609681663,37,35,35,0.945945945946,0,0.702702702703,0.189189189189,0.0540540540541,-56,-0.042042042042,-0.0462842434271,-3.02702702703,-3.82222222222,-1.15151515152,-0.96025239417,0.134753994453,0.111054804805,-1.76567290742,0.21097012787,0.0462212212212,0.0759209702884,0.202623703757,0.147247247247,-0.0597266480734,-0.0308738023095,0,-0.0303962388044,-0.0491539867415,0,0.13857795957,0.117239117321,82,0.0105534105534,-0.089586899534,-0.027027027027,-0.0540540540541,0.027027027027,154,6,62,1110,0.712962962963,0.994623655914,0.00537634408602,0.287037037037,0.9625,0.712962962963,0.81914893617,0.802259349611,0.707586618877,0.693693693694,117,173,0,0,0,0
801,WLNM_dir_neg,0.955494670721,0.614215754165,00:00:04,10,20,39,1232383563,threshold_sweep,0.9,0.948717948718,0.64161849711,0.765517241379,111,6,62,340,0.64161849711,0.982658959538,0.0173410404624,0.35838150289,0.948717948718,0.64161849711,0.765517241379,0.868978805395,0.591522157996,0.679245283019,0.704259632742,0.624277456647,216,43,173,0,216,0,43,0,173,37,216,0.162162162162,1.32432432432,11.6756756757,21.6,6,8.1990990496,0.702237650082,0.31006006006,10.329336629,1.76937710775,0.765265265265,3.0868314707,0.528762798222,0.252752752753,0.579945114934,0.437917739848,2,1.32432432432,0.579945114934,2,0.0121701261701,0.00597269624573,7,0.000900900900901,0.621196581197,37,37,37,1,0,0.72972972973,0.243243243243,0.027027027027,37,0.0322822822823,1.27027027027,2.32432432432,4.77777777778,1.86956521739,2.24912395358,0.967646352121,0.483343808925,2.45530619853,2.11270533362,0.829666876179,1.16698837263,1.00415278575,0.538026398492,0.508191163105,0.400065383721,2,1.33333333333,0.546672273591,2,0,0,0,0,0.0824330761831,37,30,30,0.810810810811,0,0.567567567568,0.0540540540541,0.189189189189,37,160,0.12012012012,1.2780400809,8.64864864865,17.7777777778,4.84848484848,7.23884665543,0.836991644535,0.421114864865,8.56366372158,1.98034723562,0.811486486486,3.16275244099,0.731386501979,0.4,0.520218466861,0.407043937539,2,1.29392808552,0.530791128193,2,0.15074808574,0.123211813567,89,0.0114543114543,0.531609681663,37,35,35,0.945945945946,0,0.702702702703,0.189189189189,0.0540540540541,-56,-0.042042042042,-0.0462842434271,-3.02702702703,-3.82222222222,-1.15151515152,-0.96025239417,0.134753994453,0.111054804805,-1.76567290742,0.21097012787,0.0462212212212,0.0759209702884,0.202623703757,0.147247247247,-0.0597266480734,-0.0308738023095,0,-0.0303962388044,-0.0491539867415,0,0.13857795957,0.117239117321,82,0.0105534105534,-0.089586899534,-0.027027027027,-0.0540540540541,0.027027027027,154,6,62,1110,0.712962962963,0.994623655914,0.00537634408602,0.287037037037,0.9625,0.712962962963,0.81914893617,0.802259349611,0.707586618877,0.693693693694,117,173,0,0,0,0
802,WLNM_dir_neg,0.933292124695,0.599546846054,00:00:02,10,20,40,1232383564,threshold_sweep,0.1,0.933774834437,0.815028901734,0.87037037037,141,10,32,336,0.815028901734,0.971098265896,0.028901734104,0.184971098266,0.933774834437,0.815028901734,0.87037037037,0.919075144509,0.569685292229,0.811940298507,0.815908623351,0.78612716763,216,43,173,0,216,0,43,0,173,37,216,0.162162162162,1.32432432432,11.6756756757,21.6,6,8.1990990496,0.702237650082,0.31006006006,10.329336629,1.76937710775,0.765265265265,3.0868314707,0.528762798222,0.252752752753,0.579945114934,0.437917739848,2,1.32432432432,0.579945114934,2,0.0121701261701,0.00597269624573,7,0.000900900900901,0.621196581197,37,37,37,1,0,0.72972972973,0.243243243243,0.027027027027,37,0.0322822822823,1.32432432432,2.32432432432,4.3,1.95454545455,2.19916719154,0.946153326592,0.483343808925,2.36306666941,2.03333643647,0.817096165933,1.21366097942,1.04431293578,0.55436832181,0.579945114934,0.437917739848,2,1.41379310345,0.627764820574,2,0,0,0,0,0.0739827456494,37,29,29,0.783783783784,0,0.513513513514,0.0810810810811,0.189189189189,37,194,0.145645645646,1.41948131756,10.4864864865,16.1666666667,5.38888888889,7.94991831412,0.758110767068,0.378796322095,9.14817955602,1.7447558947,0.769852326553,2.89064972902,0.5513094844,0.29562552243,0.653547088812,0.460412603341,2.15361704543,1.41948131756,0.653547088812,2.15361704543,0.15429969293,0.125816431763,122,0.0157014157014,0.369855629726,37,37,37,1,0,0.675675675676,0.297297297297,0.027027027027,-22,-0.0165165165165,0.0951569932358,-1.18918918919,-5.43333333333,-0.611111111111,-0.249180735483,0.0558731169864,0.0687362620352,-1.18115707298,-0.0246212130404,0.00458706128809,-0.196181741689,0.0225466861774,0.0428727696769,0.0736019738773,0.0224948634925,0.153617045427,0.0951569932358,0.0736019738773,0.153617045427,0.14212956676,0.119843735518,115,0.0148005148005,-0.25134095147,-0.0540540540541,0.0540540540541,0,184,10,32,1106,0.851851851852,0.991039426523,0.0089605734767,0.148148148148,0.948453608247,0.851851851852,0.89756097561,0.880761935126,0.842891278375,0.814159292035,151,173,0,0,0,0
803,WLNM_dir_neg,0.933292124695,0.599546846054,00:00:02,10,20,40,1232383564,threshold_sweep,0.2,0.952702702703,0.815028901734,0.878504672897,141,7,32,339,0.815028901734,0.979768786127,0.0202312138728,0.184971098266,0.952702702703,0.815028901734,0.878504672897,0.924855491329,0.571612074502,0.824587706147,0.829850544893,0.794797687861,216,43,173,0,216,0,43,0,173,37,216,0.162162162162,1.32432432432,11.6756756757,21.6,6,8.1990990496,0.702237650082,0.31006006006,10.329336629,1.76937710775,0.765265265265,3.0868314707,0.528762798222,0.252752752753,0.579945114934,0.437917739848,2,1.32432432432,0.579945114934,2,0.0121701261701,0.00597269624573,7,0.000900900900901,0.621196581197,37,37,37,1,0,0.72972972973,0.243243243243,0.027027027027,37,0.0322822822823,1.32432432432,2.32432432432,4.3,1.95454545455,2.19916719154,0.946153326592,0.483343808925,2.36306666941,2.03333643647,0.817096165933,1.21366097942,1.04431293578,0.55436832181,0.579945114934,0.437917739848,2,1.41379310345,0.627764820574,2,0,0,0,0,0.0739827456494,37,29,29,0.783783783784,0,0.513513513514,0.0810810810811,0.189189189189,37,191,0.143393393393,1.33550668603,10.3243243243,19.1,5.30555555556,7.93394274289,0.768470893945,0.377529361823,9.13635446844,1.76986971378,0.774586104429,2.84325237784,0.550787109843,0.293193717277,0.597443576055,0.447353489357,2.04179266496,1.33550668603,0.597443576055,2.04179266496,0.133915423193,0.110570236439,106,0.0136422136422,0.506291529704,37,37,37,1,0,0.72972972973,0.243243243243,0.027027027027,-25,-0.0187687687688,0.0111823617057,-1.35135135135,-2.5,-0.694444444444,-0.265156306715,0.0662332438629,0.0674693017625,-1.19298216056,0.000492606036137,0.00932083916377,-0.243579092866,0.0220243116206,0.0404409645247,0.017498461121,0.00943574950872,0.0417926649608,0.0111823617057,0.017498461121,0.0417926649608,0.121745297023,0.104597540194,99,0.0127413127413,-0.114905051492,0,0,0,184,7,32,1109,0.851851851852,0.993727598566,0.00627240143369,0.148148148148,0.96335078534,0.851851851852,0.904176904177,0.889311456425,0.845579450418,0.825112107623,148,173,0,0,0,0
804,WLNM_dir_neg,0.933292124695,0.599546846054,00:00:02,10,20,40,1232383564,threshold_sweep,0.3,0.952702702703,0.815028901734,0.878504672897,141,7,32,339,0.815028901734,0.979768786127,0.0202312138728,0.184971098266,0.952702702703,0.815028901734,0.878504672897,0.924855491329,0.571612074502,0.824587706147,0.829850544893,0.794797687861,216,43,173,0,216,0,43,0,173,37,216,0.162162162162,1.32432432432,11.6756756757,21.6,6,8.1990990496,0.702237650082,0.31006006006,10.329336629,1.76937710775,0.765265265265,3.0868314707,0.528762798222,0.252752752753,0.579945114934,0.437917739848,2,1.32432432432,0.579945114934,2,0.0121701261701,0.00597269624573,7,0.000900900900901,0.621196581197,37,37,37,1,0,0.72972972973,0.243243243243,0.027027027027,37,0.0322822822823,1.32432432432,2.32432432432,4.3,1.95454545455,2.19916719154,0.946153326592,0.483343808925,2.36306666941,2.03333643647,0.817096165933,1.21366097942,1.04431293578,0.55436832181,0.579945114934,0.437917739848,2,1.41379310345,0.627764820574,2,0,0,0,0,0.0739827456494,37,29,29,0.783783783784,0,0.513513513514,0.0810810810811,0.189189189189,37,191,0.143393393393,1.33550668603,10.3243243243,19.1,5.30555555556,7.93394274289,0.768470893945,0.377529361823,9.13635446844,1.76986971378,0.774586104429,2.84325237784,0.550787109843,0.293193717277,0.597443576055,0.447353489357,2.04179266496,1.33550668603,0.597443576055,2.04179266496,0.133915423193,0.110570236439,106,0.0136422136422,0.506291529704,37,37,37,1,0,0.72972972973,0.243243243243,0.027027027027,-25,-0.0187687687688,0.0111823617057,-1.35135135135,-2.5,-0.694444444444,-0.265156306715,0.0662332438629,0.0674693017625,-1.19298216056,0.000492606036137,0.00932083916377,-0.243579092866,0.0220243116206,0.0404409645247,0.017498461121,0.00943574950872,0.0417926649608,0.0111823617057,0.017498461121,0.0417926649608,0.121745297023,0.104597540194,99,0.0127413127413,-0.114905051492,0,0,0,184,7,32,1109,0.851851851852,0.993727598566,0.00627240143369,0.148148148148,0.96335078534,0.851851851852,0.904176904177,0.889311456425,0.845579450418,0.825112107623,148,173,0,0,0,0
805,WLNM_dir_neg,0.933292124695,0.599546846054,00:00:02,10,20,40,1232383564,threshold_sweep,0.4,0.952702702703,0.815028901734,0.878504672897,141,7,32,339,0.815028901734,0.979768786127,0.0202312138728,0.184971098266,0.952702702703,0.815028901734,0.878504672897,0.924855491329,0.571612074502,0.824587706147,0.829850544893,0.794797687861,216,43,173,0,216,0,43,0,173,37,216,0.162162162162,1.32432432432,11.6756756757,21.6,6,8.1990990496,0.702237650082,0.31006006006,10.329336629,1.76937710775,0.765265265265,3.0868314707,0.528762798222,0.252752752753,0.579945114934,0.437917739848,2,1.32432432432,0.579945114934,2,0.0121701261701,0.00597269624573,7,0.000900900900901,0.621196581197,37,37,37,1,0,0.72972972973,0.243243243243,0.027027027027,37,0.0322822822823,1.32432432432,2.32432432432,4.3,1.95454545455,2.19916719154,0.946153326592,0.483343808925,2.36306666941,2.03333643647,0.817096165933,1.21366097942,1.04431293578,0.55436832181,0.579945114934,0.437917739848,2,1.41379310345,0.627764820574,2,0,0,0,0,0.0739827456494,37,29,29,0.783783783784,0,0.513513513514,0.0810810810811,0.189189189189,37,191,0.143393393393,1.33550668603,10.3243243243,19.1,5.30555555556,7.93394274289,0.768470893945,0.377529361823,9.13635446844,1.76986971378,0.774586104429,2.84325237784,0.550787109843,0.293193717277,0.597443576055,0.447353489357,2.04179266496,1.33550668603,0.597443576055,2.04179266496,0.133915423193,0.110570236439,106,0.0136422136422,0.506291529704,37,37,37,1,0,0.72972972973,0.243243243243,0.027027027027,-25,-0.0187687687688,0.0111823617057,-1.35135135135,-2.5,-0.694444444444,-0.265156306715,0.0662332438629,0.0674693017625,-1.19298216056,0.000492606036137,0.00932083916377,-0.243579092866,0.0220243116206,0.0404409645247,0.017498461121,0.00943574950872,0.0417926649608,0.0111823617057,0.017498461121,0.0417926649608,0.121745297023,0.104597540194,99,0.0127413127413,-0.114905051492,0,0,0,184,7,32,1109,0.851851851852,0.993727598566,0.00627240143369,0.148148148148,0.96335078534,0.851851851852,0.904176904177,0.889311456425,0.845579450418,0.825112107623,148,173,0,0,0,0
806,WLNM_dir_neg,0.933292124695,0.599546846054,00:00:02,10,20,40,1232383564,threshold_sweep,0.5,0.959183673469,0.815028901734,0.88125,141,6,32,340,0.815028901734,0.982658959538,0.0173410404624,0.184971098266,0.959183673469,0.815028901734,0.88125,0.926782273603,0.57225433526,0.828828828829,0.834572263144,0.797687861272,216,43,173,0,216,0,43,0,173,37,216,0.162162162162,1.32432432432,11.6756756757,21.6,6,8.1990990496,0.702237650082,0.31006006006,10.329336629,1.76937710775,0.765265265265,3.0868314707,0.528762798222,0.252752752753,0.579945114934,0.437917739848,2,1.32432432432,0.579945114934,2,0.0121701261701,0.00597269624573,7,0.000900900900901,0.621196581197,37,37,37,1,0,0.72972972973,0.243243243243,0.027027027027,37,0.0322822822823,1.32432432432,2.32432432432,4.3,1.95454545455,2.19916719154,0.946153326592,0.483343808925,2.36306666941,2.03333643647,0.817096165933,1.21366097942,1.04431293578,0.55436832181,0.579945114934,0.437917739848,2,1.41379310345,0.627764820574,2,0,0,0,0,0.0739827456494,37,29,29,0.783783783784,0,0.513513513514,0.0810810810811,0.189189189189,37,190,0.142642642643,1.33363387806,10.2702702703,19,5.27777777778,7.82676550423,0.762079799096,0.375106685633,9.09261654727,1.77066743289,0.774679943101,2.86901223964,0.55870238351,0.297581792319,0.594578364026,0.445833278387,2.03479328165,1.33363387806,0.594578364026,2.03479328165,0.107581073361,0.0902016271666,85,0.0109395109395,0.510445790655,37,37,37,1,0,0.72972972973,0.243243243243,0.027027027027,-26,-0.0195195195195,0.00930955373979,-1.40540540541,-2.6,-0.722222222222,-0.372333545371,0.0598421490145,0.0650466255729,-1.23672008173,0.00129032514397,0.00941467783573,-0.217819231059,0.0299395852873,0.0448290395659,0.0146332490914,0.00791553853898,0.0347932816537,0.00930955373979,0.0146332490914,0.0347932816537,0.0954109471912,0.0842289309209,78,0.0100386100386,-0.110750790541,0,0,0,184,6,32,1110,0.851851851852,0.994623655914,0.00537634408602,0.148148148148,0.968421052632,0.851851851852,0.906403940887,0.892202666838,0.846475507766,0.828828828829,147,173,0,0,0,0
807,WLNM_dir_neg,0.933292124695,0.599546846054,00:00:02,10,20,40,1232383564,threshold_sweep,0.6,0.96875,0.71676300578,0.823920265781,124,4,49,342,0.71676300578,0.988439306358,0.0115606936416,0.28323699422,0.96875,0.71676300578,0.823920265781,0.897880539499,0.58445728966,0.754250386399,0.771225649572,0.705202312139,216,43,173,0,216,0,43,0,173,37,216,0.162162162162,1.32432432432,11.6756756757,21.6,6,8.1990990496,0.702237650082,0.31006006006,10.329336629,1.76937710775,0.765265265265,3.0868314707,0.528762798222,0.252752752753,0.579945114934,0.437917739848,2,1.32432432432,0.579945114934,2,0.0121701261701,0.00597269624573,7,0.000900900900901,0.621196581197,37,37,37,1,0,0.72972972973,0.243243243243,0.027027027027,37,0.0322822822823,1.32432432432,2.32432432432,4.3,1.95454545455,2.19916719154,0.946153326592,0.483343808925,2.36306666941,2.03333643647,0.817096165933,1.21366097942,1.04431293578,0.55436832181,0.579945114934,0.437917739848,2,1.41379310345,0.627764820574,2,0,0,0,0,0.0739827456494,37,29,29,0.783783783784,0,0.513513513514,0.0810810810811,0.189189189189,37,171,0.128378378378,1.32947197197,9.24324324324,17.1,4.75,7.27784081764,0.787368743429,0.389758179232,8.34116748873,1.80481401803,0.782045203098,2.89013024842,0.625349819834,0.336652441916,0.587532554002,0.441929251905,2.01731481481,1.32947197197,0.587532554002,2.01731481481,0.0907450520269,0.0761743546339,60,0.00772200772201,0.459833836382,37,37,37,1,0,0.72972972973,0.243243243243,0.027027027027,-45,-0.0337837837838,0.00514764764765,-2.43243243243,-4.5,-1.25,-0.92125823196,0.0851310933475,0.0796981191718,-1.98816914027,0.0354369102843,0.0167799378326,-0.19670122228,0.0965870216119,0.0838996891628,0.00758743906771,0.00401151205648,0.0173148148148,0.00514764764765,0.00758743906771,0.0173148148148,0.0785749258568,0.0702016583882,53,0.00682110682111,-0.161362744814,0,0,0,167,4,49,1112,0.773148148148,0.996415770609,0.00358422939068,0.226851851852,0.976608187135,0.773148148148,0.863049095607,0.847987607047,0.769563918757,0.759090909091,128,173,0,0,0,0
808,WLNM_dir_neg,0.933292124695,0.599546846054,00:00:02,10,20,40,1232383564,threshold_sweep,0.7,0.976377952756,0.71676300578,0.826666666667,124,3,49,343,0.71676300578,0.991329479769,0.00867052023121,0.28323699422,0.976377952756,0.71676300578,0.826666666667,0.899807321773,0.585099550417,0.758513931889,0.776436945739,0.708092485549,216,43,173,0,216,0,43,0,173,37,216,0.162162162162,1.32432432432,11.6756756757,21.6,6,8.1990990496,0.702237650082,0.31006006006,10.329336629,1.76937710775,0.765265265265,3.0868314707,0.528762798222,0.252752752753,0.579945114934,0.437917739848,2,1.32432432432,0.579945114934,2,0.0121701261701,0.00597269624573,7,0.000900900900901,0.621196581197,37,37,37,1,0,0.72972972973,0.243243243243,0.027027027027,37,0.0322822822823,1.32432432432,2.32432432432,4.3,1.95454545455,2.19916719154,0.946153326592,0.483343808925,2.36306666941,2.03333643647,0.817096165933,1.21366097942,1.04431293578,0.55436832181,0.579945114934,0.437917739848,2,1.41379310345,0.627764820574,2,0,0,0,0,0.0739827456494,37,29,29,0.783783783784,0,0.513513513514,0.0810810810811,0.189189189189,37,170,0.127627627628,1.32771455666,9.18918918919,17,4.72222222222,7.16409968693,0.77962261299,0.387281399046,8.29812381559,1.80606224222,0.782829888712,2.91032128295,0.633422867465,0.339268680445,0.58507579018,0.440663836398,2.01140350877,1.32771455666,0.58507579018,2.01140350877,0.0654735261953,0.0544041450777,42,0.00540540540541,0.463448892231,37,37,37,1,0,0.72972972973,0.243243243243,0.027027027027,-46,-0.0345345345345,0.0033902323376,-2.48648648649,-4.6,-1.27777777778,-1.03499936267,0.077384962908,0.077221338986,-2.03121281341,0.0366851344713,0.017564623447,-0.176510187758,0.104660069242,0.0865159276924,0.0051306752454,0.00274609654934,0.0114035087719,0.0033902323376,0.0051306752454,0.0114035087719,0.0533034000252,0.048431448832,35,0.0045045045045,-0.157747688966,0,0,0,167,3,49,1113,0.773148148148,0.997311827957,0.00268817204301,0.226851851852,0.982352941176,0.773148148148,0.865284974093,0.851101843192,0.770459976105,0.762557077626,127,173,0,0,0,0
809,WLNM_dir_neg,0.933292124695,0.599546846054,00:00:02,10,20,40,1232383564,threshold_sweep,0.8,0.97619047619,0.71098265896,0.822742474916,123,3,50,343,0.71098265896,0.991329479769,0.00867052023121,0.28901734104,0.97619047619,0.71098265896,0.822742474916,0.897880539499,0.585741811175,0.753488372093,0.772164316538,0.702312138728,216,43,173,0,216,0,43,0,173,37,216,0.162162162162,1.32432432432,11.6756756757,21.6,6,8.1990990496,0.702237650082,0.31006006006,10.329336629,1.76937710775,0.765265265265,3.0868314707,0.528762798222,0.252752752753,0.579945114934,0.437917739848,2,1.32432432432,0.579945114934,2,0.0121701261701,0.00597269624573,7,0.000900900900901,0.621196581197,37,37,37,1,0,0.72972972973,0.243243243243,0.027027027027,37,0.0322822822823,1.32432432432,2.32432432432,4.3,1.95454545455,2.19916719154,0.946153326592,0.483343808925,2.36306666941,2.03333643647,0.817096165933,1.21366097942,1.04431293578,0.55436832181,0.579945114934,0.437917739848,2,1.41379310345,0.627764820574,2,0,0,0,0,0.0739827456494,37,29,29,0.783783783784,0,0.513513513514,0.0810810810811,0.189189189189,37,169,0.126876876877,1.32771455666,9.13513513514,16.9,4.69444444444,7.12648488294,0.780118167659,0.387174156405,8.25139900778,1.8065193094,0.783304014073,2.88232680448,0.63104196311,0.337757876219,0.58507579018,0.440663836398,2.01140350877,1.32771455666,0.58507579018,2.01140350877,0.0661681198223,0.0550458715596,42,0.00540540540541,0.455974308335,37,37,37,1,0,0.72972972973,0.243243243243,0.027027027027,-47,-0.0352852852853,0.0033902323376,-2.54054054054,-4.7,-1.30555555556,-1.07261416666,0.0778805175774,0.0771140963449,-2.07793762122,0.0371422016502,0.018038748808,-0.204504666227,0.102279164888,0.0850051234667,0.0051306752454,0.00274609654934,0.0114035087719,0.0033902323376,0.0051306752454,0.0114035087719,0.0539979936521,0.0490731753139,35,0.0045045045045,-0.165222272861,0,0,0,166,3,50,1113,0.768518518519,0.997311827957,0.00268817204301,0.231481481481,0.98224852071,0.768518518519,0.862337662338,0.848122011566,0.765830346476,0.75799086758,126,173,0,0,0,0
810,WLNM_dir_neg,0.933292124695,0.599546846054,00:00:02,10,20,40,1232383564,threshold_sweep,0.9,0.976,0.705202312139,0.818791946309,122,3,51,343,0.705202312139,0.991329479769,0.00867052023121,0.294797687861,0.976,0.705202312139,0.818791946309,0.895953757225,0.586384071933,0.748447204969,0.767889850392,0.696531791908,216,43,173,0,216,0,43,0,173,37,216,0.162162162162,1.32432432432,11.6756756757,21.6,6,8.1990990496,0.702237650082,0.31006006006,10.329336629,1.76937710775,0.765265265265,3.0868314707,0.528762798222,0.252752752753,0.579945114934,0.437917739848,2,1.32432432432,0.579945114934,2,0.0121701261701,0.00597269624573,7,0.000900900900901,0.621196581197,37,37,37,1,0,0.72972972973,0.243243243243,0.027027027027,37,0.0322822822823,1.32432432432,2.32432432432,4.3,1.95454545455,2.19916719154,0.946153326592,0.483343808925,2.36306666941,2.03333643647,0.817096165933,1.21366097942,1.04431293578,0.55436832181,0.579945114934,0.437917739848,2,1.41379310345,0.627764820574,2,0,0,0,0,0.0739827456494,37,29,29,0.783783783784,0,0.513513513514,0.0810810810811,0.189189189189,37,168,0.126126126126,1.32771455666,9.08108108108,16.8,4.66666666667,7.09999365562,0.781844539459,0.388835263835,8.21108530719,1.80839378789,0.784105534106,2.86351177747,0.630654379561,0.339124839125,0.58507579018,0.440663836398,2.01140350877,1.32771455666,0.58507579018,2.01140350877,0.0653755348457,0.0543046357616,41,0.00527670527671,0.450322909854,37,37,37,1,0,0.72972972973,0.243243243243,0.027027027027,-48,-0.036036036036,0.0033902323376,-2.59459459459,-4.8,-1.33333333333,-1.09910539398,0.0796068893768,0.0787752037752,-2.11825132181,0.0390166801473,0.0188402688403,-0.223319693236,0.101891581339,0.0863720863721,0.0051306752454,0.00274609654934,0.0114035087719,0.0033902323376,0.0051306752454,0.0114035087719,0.0532054086756,0.0483319395159,34,0.0043758043758,-0.170873671342,0,0,0,165,3,51,1113,0.763888888889,0.997311827957,0.00268817204301,0.236111111111,0.982142857143,0.763888888889,0.859375,0.845136834544,0.761200716846,0.753424657534,125,173,0,0,0,0
811,WLNM_dir_neg,0.908608707274,0.593117496034,00:00:04,10,20,41,1232383565,threshold_sweep,0.1,0.840490797546,0.791907514451,0.815476190476,137,26,36,320,0.791907514451,0.924855491329,0.0751445086705,0.208092485549,0.840490797546,0.791907514451,0.815476190476,0.880539499037,0.561978163134,0.727272727273,0.727977374724,0.71676300578,216,43,173,0,216,0,43,0,173,37,216,0.162162162162,1.32432432432,11.6756756757,21.6,6,8.1990990496,0.702237650082,0.31006006006,10.329336629,1.76937710775,0.765265265265,3.0868314707,0.528762798222,0.252752752753,0.579945114934,0.437917739848,2,1.32432432432,0.579945114934,2,0.0121701261701,0.00597269624573,7,0.000900900900901,0.621196581197,37,37,37,1,0,0.72972972973,0.243243243243,0.027027027027,37,0.0322822822823,1.32432432432,2.32432432432,4.3,1.86956521739,2.17375831803,0.935221601945,0.479572595852,2.27929708358,1.96125563005,0.810810810811,1.1183696843,0.96231810044,0.51539912005,0.579945114934,0.437917739848,2,1.41379310345,0.627764820574,2,0,0,0,0,0.061063011063,37,29,29,0.783783783784,0,0.513513513514,0.108108108108,0.162162162162,37,206,0.154654654655,2.46733525171,11.1351351351,8.24,5.56756756757,8.37709231629,0.752311688599,0.3710312254,9.18192832731,1.64918130151,0.733140907898,2.86298737278,0.514225887344,0.263972710575,1.31095482704,0.531324158778,3.48660858942,2.46733525171,1.31095482704,3.48660858942,0.243345430969,0.163320857435,160,0.020592020592,0.207961505874,37,37,37,1,0,0.324324324324,0.675675675676,0,-10,-0.00750750750751,1.14301092739,-0.540540540541,-13.36,-0.432432432432,0.177993266687,0.0500740385172,0.0609711653401,-1.14740830169,-0.120195806239,-0.0321243573671,-0.223844097924,-0.0145369108785,0.0112199578219,0.731009712104,0.093406418929,1.48660858942,1.14301092739,0.731009712104,1.48660858942,0.231175304799,0.157348161189,153,0.0196911196911,-0.413235075322,-0.405405405405,0.432432432432,-0.027027027027,180,26,36,1090,0.833333333333,0.976702508961,0.0232974910394,0.166666666667,0.873786407767,0.833333333333,0.85308056872,0.825772476172,0.810035842294,0.743801652893,163,173,0,0,0,0
812,WLNM_dir_neg,0.908608707274,0.593117496034,00:00:04,10,20,41,1232383565,threshold_sweep,0.2,0.840490797546,0.791907514451,0.815476190476,137,26,36,320,0.791907514451,0.924855491329,0.0751445086705,0.208092485549,0.840490797546,0.791907514451,0.815476190476,0.880539499037,0.561978163134,0.727272727273,0.727977374724,0.71676300578,216,43,173,0,216,0,43,0,173,37,216,0.162162162162,1.32432432432,11.6756756757,21.6,6,8.1990990496,0.702237650082,0.31006006006,10.329336629,1.76937710775,0.765265265265,3.0868314707,0.528762798222,0.252752752753,0.579945114934,0.437917739848,2,1.32432432432,0.579945114934,2,0.0121701261701,0.00597269624573,7,0.000900900900901,0.621196581197,37,37,37,1,0,0.72972972973,0.243243243243,0.027027027027,37,0.0322822822823,1.32432432432,2.32432432432,4.3,1.86956521739,2.17375831803,0.935221601945,0.479572595852,2.27929708358,1.96125563005,0.810810810811,1.1183696843,0.96231810044,0.51539912005,0.579945114934,0.437917739848,2,1.41379310345,0.627764820574,2,0,0,0,0,0.061063011063,37,29,29,0.783783783784,0,0.513513513514,0.108108108108,0.162162162162,37,206,0.154654654655,2.46733525171,11.1351351351,8.24,5.56756756757,8.37709231629,0.752311688599,0.3710312254,9.18192832731,1.64918130151,0.733140907898,2.86298737278,0.514225887344,0.263972710575,1.31095482704,0.531324158778,3.48660858942,2.46733525171,1.31095482704,3.48660858942,0.243345430969,0.163320857435,160,0.020592020592,0.207961505874,37,37,37,1,0,0.324324324324,0.675675675676,0,-10,-0.00750750750751,1.14301092739,-0.540540540541,-13.36,-0.432432432432,0.177993266687,0.0500740385172,0.0609711653401,-1.14740830169,-0.120195806239,-0.0321243573671,-0.223844097924,-0.0145369108785,0.0112199578219,0.731009712104,0.093406418929,1.48660858942,1.14301092739,0.731009712104,1.48660858942,0.231175304799,0.157348161189,153,0.0196911196911,-0.413235075322,-0.405405405405,0.432432432432,-0.027027027027,180,26,36,1090,0.833333333333,0.976702508961,0.0232974910394,0.166666666667,0.873786407767,0.833333333333,0.85308056872,0.825772476172,0.810035842294,0.743801652893,163,173,0,0,0,0
813,WLNM_dir_neg,0.908608707274,0.593117496034,00:00:04,10,20,41,1232383565,threshold_sweep,0.3,0.844720496894,0.78612716763,0.814371257485,136,25,37,321,0.78612716763,0.92774566474,0.0722543352601,0.21387283237,0.844720496894,0.78612716763,0.814371257485,0.880539499037,0.56326268465,0.726470588235,0.727490797614,0.71387283237,216,43,173,0,216,0,43,0,173,37,216,0.162162162162,1.32432432432,11.6756756757,21.6,6,8.1990990496,0.702237650082,0.31006006006,10.329336629,1.76937710775,0.765265265265,3.0868314707,0.528762798222,0.252752752753,0.579945114934,0.437917739848,2,1.32432432432,0.579945114934,2,0.0121701261701,0.00597269624573,7,0.000900900900901,0.621196581197,37,37,37,1,0,0.72972972973,0.243243243243,0.027027027027,37,0.0322822822823,1.32432432432,2.32432432432,4.3,1.86956521739,2.17375831803,0.935221601945,0.479572595852,2.27929708358,1.96125563005,0.810810810811,1.1183696843,0.96231810044,0.51539912005,0.579945114934,0.437917739848,2,1.41379310345,0.627764820574,2,0,0,0,0,0.061063011063,37,29,29,0.783783783784,0,0.513513513514,0.108108108108,0.162162162162,37,204,0.153153153153,2.46191664511,11.027027027,8.16,5.51351351351,8.2276177411,0.746132001031,0.369899311076,9.05729178809,1.64274409882,0.731584525702,2.8637739438,0.519409980003,0.267355590885,1.30412197149,0.529718166568,3.48070514322,2.46191664511,1.30412197149,3.48070514322,0.218924297185,0.144856543037,138,0.0177606177606,0.207431651911,37,37,37,1,0,0.324324324324,0.675675675676,0,-12,-0.00900900900901,1.13759232078,-0.648648648649,-13.44,-0.486486486486,0.0285186914973,0.0438943509494,0.0598392510157,-1.27204484091,-0.126633008926,-0.0336807395631,-0.223057526902,-0.00935281821908,0.0146028381322,0.724176856556,0.0918004267197,1.48070514322,1.13759232078,0.724176856556,1.48070514322,0.206754171015,0.138883846791,131,0.0168597168597,-0.413764929286,-0.405405405405,0.432432432432,-0.027027027027,179,25,37,1091,0.828703703704,0.977598566308,0.0224014336918,0.171296296296,0.877450980392,0.828703703704,0.852380952381,0.825253209122,0.806302270012,0.742738589212,161,173,0,0,0,0
814,WLNM_dir_neg,0.908608707274,0.593117496034,00:00:04,10,20,41,1232383565,threshold_sweep,0.4,0.894039735099,0.780346820809,0.833333333333,135,16,38,330,0.780346820809,0.953757225434,0.0462427745665,0.219653179191,0.894039735099,0.780346820809,0.833333333333,0.895953757225,0.569685292229,0.758208955224,0.761914670335,0.734104046243,216,43,173,0,216,0,43,0,173,37,216,0.162162162162,1.32432432432,11.6756756757,21.6,6,8.1990990496,0.702237650082,0.31006006006,10.329336629,1.76937710775,0.765265265265,3.0868314707,0.528762798222,0.252752752753,0.579945114934,0.437917739848,2,1.32432432432,0.579945114934,2,0.0121701261701,0.00597269624573,7,0.000900900900901,0.621196581197,37,37,37,1,0,0.72972972973,0.243243243243,0.027027027027,37,0.0322822822823,1.32432432432,2.32432432432,4.3,1.86956521739,2.17375831803,0.935221601945,0.479572595852,2.27929708358,1.96125563005,0.810810810811,1.1183696843,0.96231810044,0.51539912005,0.579945114934,0.437917739848,2,1.41379310345,0.627764820574,2,0,0,0,0,0.061063011063,37,29,29,0.783783783784,0,0.513513513514,0.108108108108,0.162162162162,37,194,0.145645645646,2.0353617078,10.4864864865,12.125,5.24324324324,8.31538607917,0.79296207456,0.384926163277,9.15121547909,1.74533491096,0.770966843132,2.2534591361,0.429783443483,0.237392031206,1.25004696679,0.614164530068,3.03560337371,2.0353617078,1.25004696679,3.03560337371,0.151578374696,0.10182767624,91,0.0117117117117,0.193327499098,37,37,37,1,0,0.567567567568,0.432432432432,0,-22,-0.0165165165165,0.711037383478,-1.18918918919,-9.475,-0.756756756757,0.116287029565,0.0907244244781,0.0748661032166,-1.17812114991,-0.0240421967848,0.00570157786653,-0.833372334603,-0.0989793547392,-0.0153607215463,0.670101851856,0.176246790219,1.03560337371,0.711037383478,0.670101851856,1.03560337371,0.139408248526,0.0958549799945,84,0.0108108108108,-0.427869082099,-0.162162162162,0.189189189189,-0.027027027027,178,16,38,1100,0.824074074074,0.985663082437,0.0143369175627,0.175925925926,0.917525773196,0.824074074074,0.868292682927,0.846118216204,0.809737156511,0.76724137931,151,173,0,0,0,0
815,WLNM_dir_neg,0.908608707274,0.593117496034,00:00:04,10,20,41,1232383565,threshold_sweep,0.5,0.894039735099,0.780346820809,0.833333333333,135,16,38,330,0.780346820809,0.953757225434,0.0462427745665,0.219653179191,0.894039735099,0.780346820809,0.833333333333,0.895953757225,0.569685292229,0.758208955224,0.761914670335,0.734104046243,216,43,173,0,216,0,43,0,173,37,216,0.162162162162,1.32432432432,11.6756756757,21.6,6,8.1990990496,0.702237650082,0.31006006006,10.329336629,1.76937710775,0.765265265265,3.0868314707,0.528762798222,0.252752752753,0.579945114934,0.437917739848,2,1.32432432432,0.579945114934,2,0.0121701261701,0.00597269624573,7,0.000900900900901,0.621196581197,37,37,37,1,0,0.72972972973,0.243243243243,0.027027027027,37,0.0322822822823,1.32432432432,2.32432432432,4.3,1.86956521739,2.17375831803,0.935221601945,0.479572595852,2.27929708358,1.96125563005,0.810810810811,1.1183696843,0.96231810044,0.51539912005,0.579945114934,0.437917739848,2,1.41379310345,0.627764820574,2,0,0,0,0,0.061063011063,37,29,29,0.783783783784,0,0.513513513514,0.108108108108,0.162162162162,37,194,0.145645645646,2.0353617078,10.4864864865,12.125,5.24324324324,8.31538607917,0.79296207456,0.384926163277,9.15121547909,1.74533491096,0.770966843132,2.2534591361,0.429783443483,0.237392031206,1.25004696679,0.614164530068,3.03560337371,2.0353617078,1.25004696679,3.03560337371,0.151578374696,0.10182767624,91,0.0117117117117,0.193327499098,37,37,37,1,0,0.567567567568,0.432432432432,0,-22,-0.0165165165165,0.711037383478,-1.18918918919,-9.475,-0.756756756757,0.116287029565,0.0907244244781,0.0748661032166,-1.17812114991,-0.0240421967848,0.00570157786653,-0.833372334603,-0.0989793547392,-0.0153607215463,0.670101851856,0.176246790219,1.03560337371,0.711037383478,0.670101851856,1.03560337371,0.139408248526,0.0958549799945,84,0.0108108108108,-0.427869082099,-0.162162162162,0.189189189189,-0.027027027027,178,16,38,1100,0.824074074074,0.985663082437,0.0143369175627,0.175925925926,0.917525773196,0.824074074074,0.868292682927,0.846118216204,0.809737156511,0.76724137931,151,173,0,0,0,0
816,WLNM_dir_neg,0.908608707274,0.593117496034,00:00:04,10,20,41,1232383565,threshold_sweep,0.6,0.893617021277,0.728323699422,0.802547770701,126,15,47,331,0.728323699422,0.956647398844,0.0433526011561,0.271676300578,0.893617021277,0.728323699422,0.802547770701,0.880539499037,0.576107899807,0.718181818182,0.72590183112,0.684971098266,216,43,173,0,216,0,43,0,173,37,216,0.162162162162,1.32432432432,11.6756756757,21.6,6,8.1990990496,0.702237650082,0.31006006006,10.329336629,1.76937710775,0.765265265265,3.0868314707,0.528762798222,0.252752752753,0.579945114934,0.437917739848,2,1.32432432432,0.579945114934,2,0.0121701261701,0.00597269624573,7,0.000900900900901,0.621196581197,37,37,37,1,0,0.72972972973,0.243243243243,0.027027027027,37,0.0322822822823,1.32432432432,2.32432432432,4.3,1.86956521739,2.17375831803,0.935221601945,0.479572595852,2.27929708358,1.96125563005,0.810810810811,1.1183696843,0.96231810044,0.51539912005,0.579945114934,0.437917739848,2,1.41379310345,0.627764820574,2,0,0,0,0,0.061063011063,37,29,29,0.783783783784,0,0.513513513514,0.108108108108,0.162162162162,37,184,0.138138138138,2.04804872179,9.94594594595,11.5,4.97297297297,8.12727214707,0.817144210439,0.400411280846,8.7193478556,1.75334712314,0.773207990599,2.36274894616,0.475117994608,0.263807285546,1.26201372394,0.616202979213,3.08660382098,2.04804872179,1.26201372394,3.08660382098,0.177833167523,0.107055961071,88,0.0113256113256,0.188754845172,37,37,37,1,0,0.567567567568,0.432432432432,0,-32,-0.024024024024,0.723724397466,-1.72972972973,-10.1,-1.02702702703,-0.0718269025337,0.114906560357,0.090351220786,-1.6099887734,-0.0160299846076,0.00794272533403,-0.724082524543,-0.0536448036141,0.0110545327937,0.682068609006,0.178285239364,1.08660382098,0.723724397466,0.682068609006,1.08660382098,0.165663041352,0.101083264825,81,0.0104247104247,-0.432441736024,-0.162162162162,0.189189189189,-0.027027027027,169,15,47,1101,0.782407407407,0.986559139785,0.0134408602151,0.217592592593,0.91847826087,0.782407407407,0.845,0.821460271126,0.768966547192,0.731601731602,141,173,0,0,0,0
817,WLNM_dir_neg,0.908608707274,0.593117496034,00:00:04,10,20,41,1232383565,threshold_sweep,0.7,0.893617021277,0.728323699422,0.802547770701,126,15,47,331,0.728323699422,0.956647398844,0.0433526011561,0.271676300578,0.893617021277,0.728323699422,0.802547770701,0.880539499037,0.576107899807,0.718181818182,0.72590183112,0.684971098266,216,43,173,0,216,0,43,0,173,37,216,0.162162162162,1.32432432432,11.6756756757,21.6,6,8.1990990496,0.702237650082,0.31006006006,10.329336629,1.76937710775,0.765265265265,3.0868314707,0.528762798222,0.252752752753,0.579945114934,0.437917739848,2,1.32432432432,0.579945114934,2,0.0121701261701,0.00597269624573,7,0.000900900900901,0.621196581197,37,37,37,1,0,0.72972972973,0.243243243243,0.027027027027,37,0.0322822822823,1.32432432432,2.32432432432,4.3,1.86956521739,2.17375831803,0.935221601945,0.479572595852,2.27929708358,1.96125563005,0.810810810811,1.1183696843,0.96231810044,0.51539912005,0.579945114934,0.437917739848,2,1.41379310345,0.627764820574,2,0,0,0,0,0.061063011063,37,29,29,0.783783783784,0,0.513513513514,0.108108108108,0.162162162162,37,184,0.138138138138,2.04804872179,9.94594594595,11.5,4.97297297297,8.12727214707,0.817144210439,0.400411280846,8.7193478556,1.75334712314,0.773207990599,2.36274894616,0.475117994608,0.263807285546,1.26201372394,0.616202979213,3.08660382098,2.04804872179,1.26201372394,3.08660382098,0.177833167523,0.107055961071,88,0.0113256113256,0.188754845172,37,37,37,1,0,0.567567567568,0.432432432432,0,-32,-0.024024024024,0.723724397466,-1.72972972973,-10.1,-1.02702702703,-0.0718269025337,0.114906560357,0.090351220786,-1.6099887734,-0.0160299846076,0.00794272533403,-0.724082524543,-0.0536448036141,0.0110545327937,0.682068609006,0.178285239364,1.08660382098,0.723724397466,0.682068609006,1.08660382098,0.165663041352,0.101083264825,81,0.0104247104247,-0.432441736024,-0.162162162162,0.189189189189,-0.027027027027,169,15,47,1101,0.782407407407,0.986559139785,0.0134408602151,0.217592592593,0.91847826087,0.782407407407,0.845,0.821460271126,0.768966547192,0.731601731602,141,173,0,0,0,0
818,WLNM_dir_neg,0.908608707274,0.593117496034,00:00:04,10,20,41,1232383565,threshold_sweep,0.8,0.893617021277,0.728323699422,0.802547770701,126,15,47,331,0.728323699422,0.956647398844,0.0433526011561,0.271676300578,0.893617021277,0.728323699422,0.802547770701,0.880539499037,0.576107899807,0.718181818182,0.72590183112,0.684971098266,216,43,173,0,216,0,43,0,173,37,216,0.162162162162,1.32432432432,11.6756756757,21.6,6,8.1990990496,0.702237650082,0.31006006006,10.329336629,1.76937710775,0.765265265265,3.0868314707,0.528762798222,0.252752752753,0.579945114934,0.437917739848,2,1.32432432432,0.579945114934,2,0.0121701261701,0.00597269624573,7,0.000900900900901,0.621196581197,37,37,37,1,0,0.72972972973,0.243243243243,0.027027027027,37,0.0322822822823,1.32432432432,2.32432432432,4.3,1.86956521739,2.17375831803,0.935221601945,0.479572595852,2.27929708358,1.96125563005,0.810810810811,1.1183696843,0.96231810044,0.51539912005,0.579945114934,0.437917739848,2,1.41379310345,0.627764820574,2,0,0,0,0,0.061063011063,37,29,29,0.783783783784,0,0.513513513514,0.108108108108,0.162162162162,37,184,0.138138138138,2.04804872179,9.94594594595,11.5,4.97297297297,8.12727214707,0.817144210439,0.400411280846,8.7193478556,1.75334712314,0.773207990599,2.36274894616,0.475117994608,0.263807285546,1.26201372394,0.616202979213,3.08660382098,2.04804872179,1.26201372394,3.08660382098,0.177833167523,0.107055961071,88,0.0113256113256,0.188754845172,37,37,37,1,0,0.567567567568,0.432432432432,0,-32,-0.024024024024,0.723724397466,-1.72972972973,-10.1,-1.02702702703,-0.0718269025337,0.114906560357,0.090351220786,-1.6099887734,-0.0160299846076,0.00794272533403,-0.724082524543,-0.0536448036141,0.0110545327937,0.682068609006,0.178285239364,1.08660382098,0.723724397466,0.682068609006,1.08660382098,0.165663041352,0.101083264825,81,0.0104247104247,-0.432441736024,-0.162162162162,0.189189189189,-0.027027027027,169,15,47,1101,0.782407407407,0.986559139785,0.0134408602151,0.217592592593,0.91847826087,0.782407407407,0.845,0.821460271126,0.768966547192,0.731601731602,141,173,0,0,0,0
819,WLNM_dir_neg,0.908608707274,0.593117496034,00:00:04,10,20,41,1232383565,threshold_sweep,0.9,0.94696969697,0.722543352601,0.819672131148,125,7,48,339,0.722543352601,0.979768786127,0.0202312138728,0.277456647399,0.94696969697,0.722543352601,0.819672131148,0.894026974952,0.581888246628,0.746543778802,0.760236693976,0.702312138728,216,43,173,0,216,0,43,0,173,37,216,0.162162162162,1.32432432432,11.6756756757,21.6,6,8.1990990496,0.702237650082,0.31006006006,10.329336629,1.76937710775,0.765265265265,3.0868314707,0.528762798222,0.252752752753,0.579945114934,0.437917739848,2,1.32432432432,0.579945114934,2,0.0121701261701,0.00597269624573,7,0.000900900900901,0.621196581197,37,37,37,1,0,0.72972972973,0.243243243243,0.027027027027,37,0.0322822822823,1.32432432432,2.32432432432,4.3,1.86956521739,2.17375831803,0.935221601945,0.479572595852,2.27929708358,1.96125563005,0.810810810811,1.1183696843,0.96231810044,0.51539912005,0.579945114934,0.437917739848,2,1.41379310345,0.627764820574,2,0,0,0,0,0.061063011063,37,29,29,0.783783783784,0,0.513513513514,0.108108108108,0.162162162162,37,175,0.131381381381,1.34181182499,9.45945945946,17.5,4.72972972973,7.6106453026,0.804553931989,0.394131274131,8.71667829396,1.8429548393,0.791351351351,2.49052257623,0.526567630403,0.290038610039,0.613280383317,0.457053941466,2.18300416941,1.34181182499,0.613280383317,2.18300416941,0.0990067664105,0.0777591973244,62,0.00797940797941,0.406998829407,37,37,37,1,0,0.72972972973,0.27027027027,0,-41,-0.0307807807808,0.0174875006672,-2.21621621622,-4.1,-1.27027027027,-0.588453747009,0.102316281907,0.0840712140712,-1.61265833503,0.0735777315501,0.0260860860861,-0.596308894476,-0.00219516781989,0.0372858572859,0.033335268383,0.019136201617,0.18300416941,0.0174875006672,0.033335268383,0.18300416941,0.0868366402404,0.0717865010787,55,0.00707850707851,-0.21419775179,0,0.027027027027,-0.027027027027,168,7,48,1109,0.777777777778,0.993727598566,0.00627240143369,0.222222222222,0.96,0.777777777778,0.859335038363,0.841806405185,0.771505376344,0.7533632287,132,173,0,0,0,0
820,WLNM_dir_neg,0.943215610278,0.399496782191,00:00:03,10,20,42,1232383566,threshold_sweep,0.1,0.893333333333,0.774566473988,0.829721362229,134,16,39,330,0.774566473988,0.953757225434,0.0462427745665,0.225433526012,0.893333333333,0.774566473988,0.829721362229,0.894026974952,0.570327552987,0.7533632287,0.757402493121,0.728323699422,216,43,173,0,216,0,43,0,173,37,216,0.162162162162,1.32432432432,11.6756756757,21.6,6,8.1990990496,0.702237650082,0.31006006006,10.329336629,1.76937710775,0.765265265265,3.0868314707,0.528762798222,0.252752752753,0.579945114934,0.437917739848,2,1.32432432432,0.579945114934,2,0.0121701261701,0.00597269624573,7,0.000900900900901,0.621196581197,37,37,37,1,0,0.72972972973,0.243243243243,0.027027027027,37,0.0322822822823,1.27027027027,2.32432432432,4.77777777778,1.79166666667,2.04197690234,0.878524946353,0.47077309868,2.179621699,1.87548843867,0.794468887492,1.14293757761,0.983457915615,0.524198617222,0.508191163105,0.400065383721,2,1.33333333333,0.546672273591,2,0,0,0,0,0.0895873416707,37,30,30,0.810810810811,0,0.567567567568,0.0810810810811,0.162162162162,37,193,0.144894894895,1.51924087608,10.4324324324,12.0625,5.51428571429,7.98797895639,0.765687102038,0.386220417309,9.30094121622,1.78308199482,0.769640106428,3.75007507432,0.718926309585,0.368575829716,0.635184535,0.418093368208,2.25267952807,1.53366423375,0.638020104516,2.25267952807,0.297631431849,0.18781898605,184,0.0236808236808,0.400075553832,37,36,36,0.972972972973,0,0.540540540541,0.405405405405,0.027027027027,-23,-0.0172672672673,0.194916551757,-1.24324324324,-9.5375,-0.485714285714,-0.21112009321,0.063449451956,0.0761603572484,-1.02839541278,0.0137048870733,0.00437484116241,0.66324360362,0.190163511363,0.115823076963,0.0552394200655,-0.0198243716406,0.252679528067,0.209339909426,0.0580749895819,0.252679528067,0.285461305679,0.181846289804,177,0.0227799227799,-0.221121027364,-0.189189189189,0.162162162162,0,177,16,39,1100,0.819444444444,0.985663082437,0.0143369175627,0.180555555556,0.917098445596,0.819444444444,0.865525672372,0.843086903785,0.805107526882,0.762931034483,150,173,0,0,0,0
821,WLNM_dir_neg,0.943215610278,0.399496782191,00:00:03,10,20,42,1232383566,threshold_sweep,0.2,0.893333333333,0.774566473988,0.829721362229,134,16,39,330,0.774566473988,0.953757225434,0.0462427745665,0.225433526012,0.893333333333,0.774566473988,0.829721362229,0.894026974952,0.570327552987,0.7533632287,0.757402493121,0.728323699422,216,43,173,0,216,0,43,0,173,37,216,0.162162162162,1.32432432432,11.6756756757,21.6,6,8.1990990496,0.702237650082,0.31006006006,10.329336629,1.76937710775,0.765265265265,3.0868314707,0.528762798222,0.252752752753,0.579945114934,0.437917739848,2,1.32432432432,0.579945114934,2,0.0121701261701,0.00597269624573,7,0.000900900900901,0.621196581197,37,37,37,1,0,0.72972972973,0.243243243243,0.027027027027,37,0.0322822822823,1.27027027027,2.32432432432,4.77777777778,1.79166666667,2.04197690234,0.878524946353,0.47077309868,2.179621699,1.87548843867,0.794468887492,1.14293757761,0.983457915615,0.524198617222,0.508191163105,0.400065383721,2,1.33333333333,0.546672273591,2,0,0,0,0,0.0895873416707,37,30,30,0.810810810811,0,0.567567567568,0.0810810810811,0.162162162162,37,193,0.144894894895,1.51924087608,10.4324324324,12.0625,5.51428571429,7.98797895639,0.765687102038,0.386220417309,9.30094121622,1.78308199482,0.769640106428,3.75007507432,0.718926309585,0.368575829716,0.635184535,0.418093368208,2.25267952807,1.53366423375,0.638020104516,2.25267952807,0.297631431849,0.18781898605,184,0.0236808236808,0.400075553832,37,36,36,0.972972972973,0,0.540540540541,0.405405405405,0.027027027027,-23,-0.0172672672673,0.194916551757,-1.24324324324,-9.5375,-0.485714285714,-0.21112009321,0.063449451956,0.0761603572484,-1.02839541278,0.0137048870733,0.00437484116241,0.66324360362,0.190163511363,0.115823076963,0.0552394200655,-0.0198243716406,0.252679528067,0.209339909426,0.0580749895819,0.252679528067,0.285461305679,0.181846289804,177,0.0227799227799,-0.221121027364,-0.189189189189,0.162162162162,0,177,16,39,1100,0.819444444444,0.985663082437,0.0143369175627,0.180555555556,0.917098445596,0.819444444444,0.865525672372,0.843086903785,0.805107526882,0.762931034483,150,173,0,0,0,0
822,WLNM_dir_neg,0.943215610278,0.399496782191,00:00:03,10,20,42,1232383566,threshold_sweep,0.3,0.893333333333,0.774566473988,0.829721362229,134,16,39,330,0.774566473988,0.953757225434,0.0462427745665,0.225433526012,0.893333333333,0.774566473988,0.829721362229,0.894026974952,0.570327552987,0.7533632287,0.757402493121,0.728323699422,216,43,173,0,216,0,43,0,173,37,216,0.162162162162,1.32432432432,11.6756756757,21.6,6,8.1990990496,0.702237650082,0.31006006006,10.329336629,1.76937710775,0.765265265265,3.0868314707,0.528762798222,0.252752752753,0.579945114934,0.437917739848,2,1.32432432432,0.579945114934,2,0.0121701261701,0.00597269624573,7,0.000900900900901,0.621196581197,37,37,37,1,0,0.72972972973,0.243243243243,0.027027027027,37,0.0322822822823,1.27027027027,2.32432432432,4.77777777778,1.79166666667,2.04197690234,0.878524946353,0.47077309868,2.179621699,1.87548843867,0.794468887492,1.14293757761,0.983457915615,0.524198617222,0.508191163105,0.400065383721,2,1.33333333333,0.546672273591,2,0,0,0,0,0.0895873416707,37,30,30,0.810810810811,0,0.567567567568,0.0810810810811,0.162162162162,37,193,0.144894894895,1.51924087608,10.4324324324,12.0625,5.51428571429,7.98797895639,0.765687102038,0.386220417309,9.30094121622,1.78308199482,0.769640106428,3.75007507432,0.718926309585,0.368575829716,0.635184535,0.418093368208,2.25267952807,1.53366423375,0.638020104516,2.25267952807,0.297631431849,0.18781898605,184,0.0236808236808,0.400075553832,37,36,36,0.972972972973,0,0.540540540541,0.405405405405,0.027027027027,-23,-0.0172672672673,0.194916551757,-1.24324324324,-9.5375,-0.485714285714,-0.21112009321,0.063449451956,0.0761603572484,-1.02839541278,0.0137048870733,0.00437484116241,0.66324360362,0.190163511363,0.115823076963,0.0552394200655,-0.0198243716406,0.252679528067,0.209339909426,0.0580749895819,0.252679528067,0.285461305679,0.181846289804,177,0.0227799227799,-0.221121027364,-0.189189189189,0.162162162162,0,177,16,39,1100,0.819444444444,0.985663082437,0.0143369175627,0.180555555556,0.917098445596,0.819444444444,0.865525672372,0.843086903785,0.805107526882,0.762931034483,150,173,0,0,0,0
823,WLNM_dir_neg,0.943215610278,0.399496782191,00:00:03,10,20,42,1232383566,threshold_sweep,0.4,0.89932885906,0.774566473988,0.832298136646,134,15,39,331,0.774566473988,0.956647398844,0.0433526011561,0.225433526012,0.89932885906,0.774566473988,0.832298136646,0.895953757225,0.570969813744,0.75748502994,0.761923777867,0.731213872832,216,43,173,0,216,0,43,0,173,37,216,0.162162162162,1.32432432432,11.6756756757,21.6,6,8.1990990496,0.702237650082,0.31006006006,10.329336629,1.76937710775,0.765265265265,3.0868314707,0.528762798222,0.252752752753,0.579945114934,0.437917739848,2,1.32432432432,0.579945114934,2,0.0121701261701,0.00597269624573,7,0.000900900900901,0.621196581197,37,37,37,1,0,0.72972972973,0.243243243243,0.027027027027,37,0.0322822822823,1.27027027027,2.32432432432,4.77777777778,1.79166666667,2.04197690234,0.878524946353,0.47077309868,2.179621699,1.87548843867,0.794468887492,1.14293757761,0.983457915615,0.524198617222,0.508191163105,0.400065383721,2,1.33333333333,0.546672273591,2,0,0,0,0,0.0895873416707,37,30,30,0.810810810811,0,0.567567567568,0.0810810810811,0.162162162162,37,192,0.144144144144,1.51781305049,10.3783783784,12,5.48571428571,7.90692857686,0.761865513916,0.384853603604,9.25214040653,1.78296455751,0.769144144144,3.77740238375,0.727936917702,0.372184684685,0.633275781922,0.417229105862,2.2460758347,1.53219674634,0.63609966322,2.2460758347,0.270298808253,0.16885359116,163,0.0209781209781,0.402223508264,37,36,36,0.972972972973,0,0.540540540541,0.405405405405,0.027027027027,-24,-0.018018018018,0.193488726165,-1.2972972973,-9.6,-0.514285714286,-0.292170472747,0.0596278638341,0.0747935435435,-1.07719622247,0.0135874497626,0.00387887887888,0.690570913047,0.19917411948,0.119431931932,0.0533306669875,-0.0206886339861,0.246075834704,0.207872422012,0.0561545482855,0.246075834704,0.258128682083,0.162880894914,156,0.0200772200772,-0.218973072932,-0.189189189189,0.162162162162,0,177,15,39,1101,0.819444444444,0.986559139785,0.0134408602151,0.180555555556,0.921875,0.819444444444,0.867647058824,0.845849128026,0.806003584229,0.766233766234,149,173,0,0,0,0
824,WLNM_dir_neg,0.943215610278,0.399496782191,00:00:03,10,20,42,1232383566,threshold_sweep,0.5,0.943661971831,0.774566473988,0.850793650794,134,8,39,338,0.774566473988,0.976878612717,0.0231213872832,0.225433526012,0.943661971831,0.774566473988,0.850793650794,0.909441233141,0.575465639049,0.786686838124,0.794590745993,0.751445086705,216,43,173,0,216,0,43,0,173,37,216,0.162162162162,1.32432432432,11.6756756757,21.6,6,8.1990990496,0.702237650082,0.31006006006,10.329336629,1.76937710775,0.765265265265,3.0868314707,0.528762798222,0.252752752753,0.579945114934,0.437917739848,2,1.32432432432,0.579945114934,2,0.0121701261701,0.00597269624573,7,0.000900900900901,0.621196581197,37,37,37,1,0,0.72972972973,0.243243243243,0.027027027027,37,0.0322822822823,1.27027027027,2.32432432432,4.77777777778,1.79166666667,2.04197690234,0.878524946353,0.47077309868,2.179621699,1.87548843867,0.794468887492,1.14293757761,0.983457915615,0.524198617222,0.508191163105,0.400065383721,2,1.33333333333,0.546672273591,2,0,0,0,0,0.0895873416707,37,30,30,0.810810810811,0,0.567567567568,0.0810810810811,0.162162162162,37,185,0.138888888889,1.28056769982,10,20.5555555556,5.28571428571,7.99305253885,0.799305253885,0.390942293645,9.34820244159,1.86964048832,0.785975164354,3.43187671366,0.686375342732,0.349452154858,0.526638386581,0.411253842068,2.04762561169,1.29660013981,0.537370909531,2.04762561169,0.188585436719,0.138958707361,129,0.0166023166023,0.686586343001,37,35,35,0.945945945946,0,0.702702702703,0.243243243243,0,-31,-0.0232732732733,-0.0437566244996,-1.67567567568,-1.04444444444,-0.714285714286,-0.20604651075,0.0970676038036,0.0808822335849,-0.981134187413,0.100263380572,0.0207098990883,0.345045242958,0.15761254451,0.0966994021048,-0.0533067283534,-0.0266638977805,0.0476256116893,-0.0277241845096,-0.0425742054032,0.0476256116893,0.176415310549,0.132986011115,122,0.0157014157014,0.0653897618046,-0.027027027027,0,-0.027027027027,177,8,39,1108,0.819444444444,0.992831541219,0.00716845878136,0.180555555556,0.956756756757,0.819444444444,0.882793017456,0.86575501025,0.812275985663,0.790178571429,142,173,0,0,0,0
825,WLNM_dir_neg,0.943215610278,0.399496782191,00:00:03,10,20,42,1232383566,threshold_sweep,0.6,0.950354609929,0.774566473988,0.853503184713,134,7,39,339,0.774566473988,0.979768786127,0.0202312138728,0.225433526012,0.950354609929,0.774566473988,0.853503184713,0.911368015414,0.576107899807,0.790909090909,0.799410877309,0.754335260116,216,43,173,0,216,0,43,0,173,37,216,0.162162162162,1.32432432432,11.6756756757,21.6,6,8.1990990496,0.702237650082,0.31006006006,10.329336629,1.76937710775,0.765265265265,3.0868314707,0.528762798222,0.252752752753,0.579945114934,0.437917739848,2,1.32432432432,0.579945114934,2,0.0121701261701,0.00597269624573,7,0.000900900900901,0.621196581197,37,37,37,1,0,0.72972972973,0.243243243243,0.027027027027,37,0.0322822822823,1.27027027027,2.32432432432,4.77777777778,1.79166666667,2.04197690234,0.878524946353,0.47077309868,2.179621699,1.87548843867,0.794468887492,1.14293757761,0.983457915615,0.524198617222,0.508191163105,0.400065383721,2,1.33333333333,0.546672273591,2,0,0,0,0,0.0895873416707,37,30,30,0.810810810811,0,0.567567567568,0.0810810810811,0.162162162162,37,184,0.138138138138,1.27957510846,9.94594594595,20.4444444444,5.25714285714,7.87734425759,0.792015591116,0.388219741481,9.27806998155,1.86569885499,0.784958871915,3.45194378806,0.694140870425,0.352526439483,0.524833492262,0.410162317783,2.04303487661,1.29555082894,0.535530240138,2.04303487661,0.157094991465,0.117453347969,107,0.0137709137709,0.689039738152,37,35,35,0.945945945946,0,0.702702702703,0.243243243243,0,-32,-0.024024024024,-0.0447492158689,-1.72972972973,-1.15555555556,-0.742857142857,-0.321754792017,0.0897779410343,0.0781596814206,-1.05126664745,0.0963217472407,0.0196936066501,0.365112317355,0.165378072202,0.0997736867302,-0.0551116226729,-0.0277554220654,0.0430348766062,-0.0287734953858,-0.0444148747966,0.0430348766062,0.144924865295,0.111480651724,100,0.01287001287,0.0678431569557,-0.027027027027,0,-0.027027027027,177,7,39,1109,0.819444444444,0.993727598566,0.00627240143369,0.180555555556,0.961956521739,0.819444444444,0.885,0.868683467912,0.813172043011,0.793721973094,141,173,0,0,0,0
826,WLNM_dir_neg,0.943215610278,0.399496782191,00:00:03,10,20,42,1232383566,threshold_sweep,0.7,0.950354609929,0.774566473988,0.853503184713,134,7,39,339,0.774566473988,0.979768786127,0.0202312138728,0.225433526012,0.950354609929,0.774566473988,0.853503184713,0.911368015414,0.576107899807,0.790909090909,0.799410877309,0.754335260116,216,43,173,0,216,0,43,0,173,37,216,0.162162162162,1.32432432432,11.6756756757,21.6,6,8.1990990496,0.702237650082,0.31006006006,10.329336629,1.76937710775,0.765265265265,3.0868314707,0.528762798222,0.252752752753,0.579945114934,0.437917739848,2,1.32432432432,0.579945114934,2,0.0121701261701,0.00597269624573,7,0.000900900900901,0.621196581197,37,37,37,1,0,0.72972972973,0.243243243243,0.027027027027,37,0.0322822822823,1.27027027027,2.32432432432,4.77777777778,1.79166666667,2.04197690234,0.878524946353,0.47077309868,2.179621699,1.87548843867,0.794468887492,1.14293757761,0.983457915615,0.524198617222,0.508191163105,0.400065383721,2,1.33333333333,0.546672273591,2,0,0,0,0,0.0895873416707,37,30,30,0.810810810811,0,0.567567567568,0.0810810810811,0.162162162162,37,184,0.138138138138,1.27957510846,9.94594594595,20.4444444444,5.25714285714,7.87734425759,0.792015591116,0.388219741481,9.27806998155,1.86569885499,0.784958871915,3.45194378806,0.694140870425,0.352526439483,0.524833492262,0.410162317783,2.04303487661,1.29555082894,0.535530240138,2.04303487661,0.157094991465,0.117453347969,107,0.0137709137709,0.689039738152,37,35,35,0.945945945946,0,0.702702702703,0.243243243243,0,-32,-0.024024024024,-0.0447492158689,-1.72972972973,-1.15555555556,-0.742857142857,-0.321754792017,0.0897779410343,0.0781596814206,-1.05126664745,0.0963217472407,0.0196936066501,0.365112317355,0.165378072202,0.0997736867302,-0.0551116226729,-0.0277554220654,0.0430348766062,-0.0287734953858,-0.0444148747966,0.0430348766062,0.144924865295,0.111480651724,100,0.01287001287,0.0678431569557,-0.027027027027,0,-0.027027027027,177,7,39,1109,0.819444444444,0.993727598566,0.00627240143369,0.180555555556,0.961956521739,0.819444444444,0.885,0.868683467912,0.813172043011,0.793721973094,141,173,0,0,0,0
827,WLNM_dir_neg,0.943215610278,0.399496782191,00:00:03,10,20,42,1232383566,threshold_sweep,0.8,0.957142857143,0.774566473988,0.856230031949,134,6,39,340,0.774566473988,0.982658959538,0.0173410404624,0.225433526012,0.957142857143,0.774566473988,0.856230031949,0.913294797688,0.576750160565,0.795144157815,0.804271483814,0.757225433526,216,43,173,0,216,0,43,0,173,37,216,0.162162162162,1.32432432432,11.6756756757,21.6,6,8.1990990496,0.702237650082,0.31006006006,10.329336629,1.76937710775,0.765265265265,3.0868314707,0.528762798222,0.252752752753,0.579945114934,0.437917739848,2,1.32432432432,0.579945114934,2,0.0121701261701,0.00597269624573,7,0.000900900900901,0.621196581197,37,37,37,1,0,0.72972972973,0.243243243243,0.027027027027,37,0.0322822822823,1.27027027027,2.32432432432,4.77777777778,1.79166666667,2.04197690234,0.878524946353,0.47077309868,2.179621699,1.87548843867,0.794468887492,1.14293757761,0.983457915615,0.524198617222,0.508191163105,0.400065383721,2,1.33333333333,0.546672273591,2,0,0,0,0,0.0895873416707,37,30,30,0.810810810811,0,0.567567567568,0.0810810810811,0.162162162162,37,183,0.137387387387,1.27633756205,9.89189189189,20.3333333333,5.38235294118,7.83788443602,0.792354437521,0.389455028799,9.23142563309,1.86646310614,0.785703736523,3.48764442908,0.705152152327,0.359178850982,0.519112649157,0.406720498237,2.02806122449,1.29212827988,0.52969896826,2.02806122449,0.157094991465,0.117453347969,107,0.0137709137709,0.69678260193,37,35,35,0.945945945946,0,0.702702702703,0.216216216216,0.027027027027,-33,-0.0247747747748,-0.0479867622725,-1.78378378378,-1.26666666667,-0.617647058824,-0.361214613583,0.0901167874395,0.0793949687392,-1.09791099591,0.097085998398,0.0204384712581,0.400812958372,0.176389354104,0.106426098229,-0.0608324657777,-0.0311972416111,0.0280612244898,-0.0321960444409,-0.0502461466741,0.0280612244898,0.144924865295,0.111480651724,100,0.01287001287,0.0755860207331,-0.027027027027,-0.027027027027,0,177,6,39,1110,0.819444444444,0.994623655914,0.00537634408602,0.180555555556,0.967213114754,0.819444444444,0.887218045113,0.871633976305,0.814068100358,0.797297297297,140,173,0,0,0,0
828,WLNM_dir_neg,0.943215610278,0.399496782191,00:00:03,10,20,42,1232383566,threshold_sweep,0.9,0.969230769231,0.728323699422,0.831683168317,126,4,47,342,0.728323699422,0.988439306358,0.0115606936416,0.271676300578,0.969230769231,0.728323699422,0.831683168317,0.901734104046,0.583172768144,0.764252696456,0.779812524688,0.71676300578,216,43,173,0,216,0,43,0,173,37,216,0.162162162162,1.32432432432,11.6756756757,21.6,6,8.1990990496,0.702237650082,0.31006006006,10.329336629,1.76937710775,0.765265265265,3.0868314707,0.528762798222,0.252752752753,0.579945114934,0.437917739848,2,1.32432432432,0.579945114934,2,0.0121701261701,0.00597269624573,7,0.000900900900901,0.621196581197,37,37,37,1,0,0.72972972973,0.243243243243,0.027027027027,37,0.0322822822823,1.27027027027,2.32432432432,4.77777777778,1.79166666667,2.04197690234,0.878524946353,0.47077309868,2.179621699,1.87548843867,0.794468887492,1.14293757761,0.983457915615,0.524198617222,0.508191163105,0.400065383721,2,1.33333333333,0.546672273591,2,0,0,0,0,0.0895873416707,37,30,30,0.810810810811,0,0.567567567568,0.0810810810811,0.162162162162,37,173,0.12987987988,1.27528665029,9.35135135135,19.2222222222,6.65384615385,7.48411731683,0.800324684169,0.402124668021,8.8570563647,1.89428373118,0.785502265271,3.79366470473,0.811361815462,0.411185752226,0.516813808673,0.405253053152,2.01515151515,1.33952020202,0.555884408979,2.01515151515,0.121374615722,0.100285364859,82,0.0105534105534,0.7327001702,37,30,30,0.810810810811,0,0.567567567568,0.135135135135,0.108108108108,-43,-0.0322822822823,-0.0490376740377,-2.32432432432,-2.37777777778,0.653846153846,-0.714981732779,0.0980870340874,0.0920646079606,-1.4722802643,0.124906623433,0.0202370000058,0.706833234023,0.282599017239,0.158432999473,-0.0631313062614,-0.0326646866961,0.0151515151515,0.0151958776959,-0.0240607059554,0.0151515151515,0.109204489552,0.0943126686136,75,0.00965250965251,0.111503589004,-0.162162162162,-0.108108108108,0.0810810810811,169,4,47,1112,0.782407407407,0.996415770609,0.00358422939068,0.217592592593,0.976878612717,0.782407407407,0.868894601542,0.853951235305,0.778823178017,0.768181818182,130,173,0,0,0,0
829,WLNM_dir_neg,0.894558789134,0.57284154618,00:00:04,10,20,43,1232383567,threshold_sweep,0.1,0.925373134328,0.71676300578,0.807817589577,124,10,49,336,0.71676300578,0.971098265896,0.028901734104,0.28323699422,0.925373134328,0.71676300578,0.807817589577,0.886319845857,0.580603725112,0.728943338438,0.740933438929,0.687861271676,216,43,173,0,216,0,43,0,173,37,216,0.162162162162,1.32432432432,11.6756756757,21.6,6,8.1990990496,0.702237650082,0.31006006006,10.329336629,1.76937710775,0.765265265265,3.0868314707,0.528762798222,0.252752752753,0.579945114934,0.437917739848,2,1.32432432432,0.579945114934,2,0.0121701261701,0.00597269624573,7,0.000900900900901,0.621196581197,37,37,37,1,0,0.72972972973,0.243243243243,0.027027027027,37,0.0322822822823,1.26351351351,2.32432432432,4.77777777778,1.48275862069,2.02832791089,0.87265270585,0.423632935261,2.30354212167,1.98211763958,0.812067881835,0.866458741517,0.74555752177,0.389692017599,0.485719490471,0.384419703688,1.75,1.27857142857,0.495462605327,1.75,0,0,0,0,0.0491625658292,37,35,35,0.945945945946,0,0.702702702703,0.0810810810811,0.162162162162,37,177,0.132882882883,1.28146914291,9.56756756757,19.6666666667,4.78378378378,8.37503081434,0.875356328052,0.393342495037,9.5485168573,1.99601764814,0.808367689724,2.21278024132,0.46255858152,0.245228279127,0.519896060491,0.405703144212,1.85585075344,1.28146914291,0.519896060491,1.85585075344,0.302613896959,0.156341107872,143,0.0184041184041,0.430990800609,37,37,37,1,0,0.756756756757,0.243243243243,0,-39,-0.0292792792793,-0.0428551814094,-2.10810810811,-1.93333333333,-1.21621621622,0.175931764735,0.173118677971,0.0832824349774,-0.780819771698,0.226640540391,0.0431024244584,-0.874051229379,-0.0662042167026,-0.00752447362617,-0.0600490544435,-0.0322145956367,-0.144149246559,-0.0428551814094,-0.0600490544435,-0.144149246559,0.290443770789,0.150368411626,136,0.0175032175032,-0.190205780588,0.027027027027,0,-0.027027027027,167,10,49,1106,0.773148148148,0.991039426523,0.0089605734767,0.226851851852,0.943502824859,0.773148148148,0.849872773537,0.829815073675,0.764187574671,0.738938053097,134,173,0,0,0,0
830,WLNM_dir_neg,0.894558789134,0.57284154618,00:00:04,10,20,43,1232383567,threshold_sweep,0.2,0.932330827068,0.71676300578,0.81045751634,124,9,49,337,0.71676300578,0.973988439306,0.0260115606936,0.28323699422,0.932330827068,0.71676300578,0.81045751634,0.888246628131,0.58124598587,0.733128834356,0.745870499365,0.690751445087,216,43,173,0,216,0,43,0,173,37,216,0.162162162162,1.32432432432,11.6756756757,21.6,6,8.1990990496,0.702237650082,0.31006006006,10.329336629,1.76937710775,0.765265265265,3.0868314707,0.528762798222,0.252752752753,0.579945114934,0.437917739848,2,1.32432432432,0.579945114934,2,0.0121701261701,0.00597269624573,7,0.000900900900901,0.621196581197,37,37,37,1,0,0.72972972973,0.243243243243,0.027027027027,37,0.0322822822823,1.26351351351,2.32432432432,4.77777777778,1.48275862069,2.02832791089,0.87265270585,0.423632935261,2.30354212167,1.98211763958,0.812067881835,0.866458741517,0.74555752177,0.389692017599,0.485719490471,0.384419703688,1.75,1.27857142857,0.495462605327,1.75,0,0,0,0,0.0491625658292,37,35,35,0.945945945946,0,0.702702702703,0.0810810810811,0.162162162162,37,176,0.132132132132,1.28025423671,9.51351351351,19.5555555556,4.75675675676,8.25503759202,0.867717019616,0.390816953317,9.49094716443,1.99525593798,0.808660933661,2.24109850799,0.471140027248,0.249385749386,0.517738165503,0.40440261837,1.85176425074,1.28025423671,0.517738165503,1.85176425074,0.261512960858,0.132713754647,119,0.0153153153153,0.433157315138,37,37,37,1,0,0.756756756757,0.243243243243,0,-40,-0.03003003003,-0.0440700876193,-2.16216216216,-2.04444444444,-1.24324324324,0.0559385424144,0.165479369534,0.0807568932569,-0.838389464566,0.225878830232,0.0433956683957,-0.845732962712,-0.0576227709742,-0.003367003367,-0.0622069494312,-0.0335151214781,-0.148235749265,-0.0440700876193,-0.0622069494312,-0.148235749265,0.249342834688,0.126741058401,112,0.0144144144144,-0.188039266059,0.027027027027,0,-0.027027027027,167,9,49,1107,0.773148148148,0.991935483871,0.00806451612903,0.226851851852,0.948863636364,0.773148148148,0.852040816327,0.832784498929,0.765083632019,0.742222222222,133,173,0,0,0,0
831,WLNM_dir_neg,0.894558789134,0.57284154618,00:00:04,10,20,43,1232383567,threshold_sweep,0.3,0.944444444444,0.687861271676,0.795986622074,119,7,54,339,0.687861271676,0.979768786127,0.0202312138728,0.312138728324,0.944444444444,0.687861271676,0.795986622074,0.88246628131,0.585741811175,0.716279069767,0.734032745351,0.667630057803,216,43,173,0,216,0,43,0,173,37,216,0.162162162162,1.32432432432,11.6756756757,21.6,6,8.1990990496,0.702237650082,0.31006006006,10.329336629,1.76937710775,0.765265265265,3.0868314707,0.528762798222,0.252752752753,0.579945114934,0.437917739848,2,1.32432432432,0.579945114934,2,0.0121701261701,0.00597269624573,7,0.000900900900901,0.621196581197,37,37,37,1,0,0.72972972973,0.243243243243,0.027027027027,37,0.0322822822823,1.26351351351,2.32432432432,4.77777777778,1.48275862069,2.02832791089,0.87265270585,0.423632935261,2.30354212167,1.98211763958,0.812067881835,0.866458741517,0.74555752177,0.389692017599,0.485719490471,0.384419703688,1.75,1.27857142857,0.495462605327,1.75,0,0,0,0,0.0491625658292,37,35,35,0.945945945946,0,0.702702702703,0.0810810810811,0.162162162162,37,169,0.126876876877,1.27872993119,9.13513513514,18.7777777778,4.56756756757,7.94132007695,0.869316103098,0.392771469695,9.14555308011,2.00228085186,0.810810810811,2.24277284405,0.49102127355,0.258755797217,0.515688408879,0.403281722201,1.84663704126,1.27872993119,0.515688408879,1.84663704126,0.223180766324,0.100606060606,83,0.0106821106821,0.418236457645,37,37,37,1,0,0.756756756757,0.243243243243,0,-47,-0.0352852852853,-0.0455943931384,-2.54054054054,-2.82222222222,-1.43243243243,-0.257778972655,0.167078453016,0.0827114096345,-1.18378354889,0.232903744113,0.0455455455455,-0.844058626649,-0.037741524672,0.00600304446458,-0.0642567060559,-0.0346360176475,-0.153362958738,-0.0455943931384,-0.0642567060559,-0.153362958738,0.211010640153,0.0946333643603,76,0.00978120978121,-0.202960123551,0.027027027027,0,-0.027027027027,162,7,54,1109,0.75,0.993727598566,0.00627240143369,0.25,0.958579881657,0.75,0.841558441558,0.823644231201,0.743727598566,0.726457399103,126,173,0,0,0,0
832,WLNM_dir_neg,0.894558789134,0.57284154618,00:00:04,10,20,43,1232383567,threshold_sweep,0.4,0.957983193277,0.658959537572,0.780821917808,114,5,59,341,0.658959537572,0.985549132948,0.014450867052,0.341040462428,0.957983193277,0.658959537572,0.780821917808,0.876685934489,0.59023763648,0.699059561129,0.722747151761,0.64450867052,216,43,173,0,216,0,43,0,173,37,216,0.162162162162,1.32432432432,11.6756756757,21.6,6,8.1990990496,0.702237650082,0.31006006006,10.329336629,1.76937710775,0.765265265265,3.0868314707,0.528762798222,0.252752752753,0.579945114934,0.437917739848,2,1.32432432432,0.579945114934,2,0.0121701261701,0.00597269624573,7,0.000900900900901,0.621196581197,37,37,37,1,0,0.72972972973,0.243243243243,0.027027027027,37,0.0322822822823,1.26351351351,2.32432432432,4.77777777778,1.48275862069,2.02832791089,0.87265270585,0.423632935261,2.30354212167,1.98211763958,0.812067881835,0.866458741517,0.74555752177,0.389692017599,0.485719490471,0.384419703688,1.75,1.27857142857,0.495462605327,1.75,0,0,0,0,0.0491625658292,37,35,35,0.945945945946,0,0.702702702703,0.0810810810811,0.162162162162,37,162,0.121621621622,1.27940330275,8.75675675676,18,4.37837837838,7.84717006813,0.896127446051,0.395562228896,9.03804105911,2.0642439456,0.819152485819,2.27731995692,0.520128632136,0.273273273273,0.517149003075,0.404211089626,1.84890201833,1.27940330275,0.517149003075,1.84890201833,0.180121402407,0.074678111588,58,0.00746460746461,0.397466813022,37,37,37,1,0,0.756756756757,0.243243243243,0,-54,-0.0405405405405,-0.0449210215776,-2.91891891892,-3.6,-1.62162162162,-0.351928981479,0.193889795969,0.0855021688355,-1.29129556989,0.294866837854,0.0538872205539,-0.809511513784,-0.00863416608639,0.0205205205205,-0.0627961118598,-0.0337066502222,-0.15109798167,-0.0449210215776,-0.0627961118598,-0.15109798167,0.167951276237,0.0687054153422,51,0.00656370656371,-0.223729768174,0.027027027027,0,-0.027027027027,157,5,59,1111,0.726851851852,0.995519713262,0.00448028673835,0.273148148148,0.969135802469,0.726851851852,0.830687830688,0.814646464661,0.722371565114,0.710407239819,119,173,0,0,0,0
833,WLNM_dir_neg,0.894558789134,0.57284154618,00:00:04,10,20,43,1232383567,threshold_sweep,0.5,0.957983193277,0.658959537572,0.780821917808,114,5,59,341,0.658959537572,0.985549132948,0.014450867052,0.341040462428,0.957983193277,0.658959537572,0.780821917808,0.876685934489,0.59023763648,0.699059561129,0.722747151761,0.64450867052,216,43,173,0,216,0,43,0,173,37,216,0.162162162162,1.32432432432,11.6756756757,21.6,6,8.1990990496,0.702237650082,0.31006006006,10.329336629,1.76937710775,0.765265265265,3.0868314707,0.528762798222,0.252752752753,0.579945114934,0.437917739848,2,1.32432432432,0.579945114934,2,0.0121701261701,0.00597269624573,7,0.000900900900901,0.621196581197,37,37,37,1,0,0.72972972973,0.243243243243,0.027027027027,37,0.0322822822823,1.26351351351,2.32432432432,4.77777777778,1.48275862069,2.02832791089,0.87265270585,0.423632935261,2.30354212167,1.98211763958,0.812067881835,0.866458741517,0.74555752177,0.389692017599,0.485719490471,0.384419703688,1.75,1.27857142857,0.495462605327,1.75,0,0,0,0,0.0491625658292,37,35,35,0.945945945946,0,0.702702702703,0.0810810810811,0.162162162162,37,162,0.121621621622,1.27940330275,8.75675675676,18,4.37837837838,7.84717006813,0.896127446051,0.395562228896,9.03804105911,2.0642439456,0.819152485819,2.27731995692,0.520128632136,0.273273273273,0.517149003075,0.404211089626,1.84890201833,1.27940330275,0.517149003075,1.84890201833,0.180121402407,0.074678111588,58,0.00746460746461,0.397466813022,37,37,37,1,0,0.756756756757,0.243243243243,0,-54,-0.0405405405405,-0.0449210215776,-2.91891891892,-3.6,-1.62162162162,-0.351928981479,0.193889795969,0.0855021688355,-1.29129556989,0.294866837854,0.0538872205539,-0.809511513784,-0.00863416608639,0.0205205205205,-0.0627961118598,-0.0337066502222,-0.15109798167,-0.0449210215776,-0.0627961118598,-0.15109798167,0.167951276237,0.0687054153422,51,0.00656370656371,-0.223729768174,0.027027027027,0,-0.027027027027,157,5,59,1111,0.726851851852,0.995519713262,0.00448028673835,0.273148148148,0.969135802469,0.726851851852,0.830687830688,0.814646464661,0.722371565114,0.710407239819,119,173,0,0,0,0
834,WLNM_dir_neg,0.894558789134,0.57284154618,00:00:04,10,20,43,1232383567,threshold_sweep,0.6,0.957983193277,0.658959537572,0.780821917808,114,5,59,341,0.658959537572,0.985549132948,0.014450867052,0.341040462428,0.957983193277,0.658959537572,0.780821917808,0.876685934489,0.59023763648,0.699059561129,0.722747151761,0.64450867052,216,43,173,0,216,0,43,0,173,37,216,0.162162162162,1.32432432432,11.6756756757,21.6,6,8.1990990496,0.702237650082,0.31006006006,10.329336629,1.76937710775,0.765265265265,3.0868314707,0.528762798222,0.252752752753,0.579945114934,0.437917739848,2,1.32432432432,0.579945114934,2,0.0121701261701,0.00597269624573,7,0.000900900900901,0.621196581197,37,37,37,1,0,0.72972972973,0.243243243243,0.027027027027,37,0.0322822822823,1.26351351351,2.32432432432,4.77777777778,1.48275862069,2.02832791089,0.87265270585,0.423632935261,2.30354212167,1.98211763958,0.812067881835,0.866458741517,0.74555752177,0.389692017599,0.485719490471,0.384419703688,1.75,1.27857142857,0.495462605327,1.75,0,0,0,0,0.0491625658292,37,35,35,0.945945945946,0,0.702702702703,0.0810810810811,0.162162162162,37,162,0.121621621622,1.27940330275,8.75675675676,18,4.37837837838,7.84717006813,0.896127446051,0.395562228896,9.03804105911,2.0642439456,0.819152485819,2.27731995692,0.520128632136,0.273273273273,0.517149003075,0.404211089626,1.84890201833,1.27940330275,0.517149003075,1.84890201833,0.180121402407,0.074678111588,58,0.00746460746461,0.397466813022,37,37,37,1,0,0.756756756757,0.243243243243,0,-54,-0.0405405405405,-0.0449210215776,-2.91891891892,-3.6,-1.62162162162,-0.351928981479,0.193889795969,0.0855021688355,-1.29129556989,0.294866837854,0.0538872205539,-0.809511513784,-0.00863416608639,0.0205205205205,-0.0627961118598,-0.0337066502222,-0.15109798167,-0.0449210215776,-0.0627961118598,-0.15109798167,0.167951276237,0.0687054153422,51,0.00656370656371,-0.223729768174,0.027027027027,0,-0.027027027027,157,5,59,1111,0.726851851852,0.995519713262,0.00448028673835,0.273148148148,0.969135802469,0.726851851852,0.830687830688,0.814646464661,0.722371565114,0.710407239819,119,173,0,0,0,0
835,WLNM_dir_neg,0.894558789134,0.57284154618,00:00:04,10,20,43,1232383567,threshold_sweep,0.7,0.957983193277,0.658959537572,0.780821917808,114,5,59,341,0.658959537572,0.985549132948,0.014450867052,0.341040462428,0.957983193277,0.658959537572,0.780821917808,0.876685934489,0.59023763648,0.699059561129,0.722747151761,0.64450867052,216,43,173,0,216,0,43,0,173,37,216,0.162162162162,1.32432432432,11.6756756757,21.6,6,8.1990990496,0.702237650082,0.31006006006,10.329336629,1.76937710775,0.765265265265,3.0868314707,0.528762798222,0.252752752753,0.579945114934,0.437917739848,2,1.32432432432,0.579945114934,2,0.0121701261701,0.00597269624573,7,0.000900900900901,0.621196581197,37,37,37,1,0,0.72972972973,0.243243243243,0.027027027027,37,0.0322822822823,1.26351351351,2.32432432432,4.77777777778,1.48275862069,2.02832791089,0.87265270585,0.423632935261,2.30354212167,1.98211763958,0.812067881835,0.866458741517,0.74555752177,0.389692017599,0.485719490471,0.384419703688,1.75,1.27857142857,0.495462605327,1.75,0,0,0,0,0.0491625658292,37,35,35,0.945945945946,0,0.702702702703,0.0810810810811,0.162162162162,37,162,0.121621621622,1.27940330275,8.75675675676,18,4.37837837838,7.84717006813,0.896127446051,0.395562228896,9.03804105911,2.0642439456,0.819152485819,2.27731995692,0.520128632136,0.273273273273,0.517149003075,0.404211089626,1.84890201833,1.27940330275,0.517149003075,1.84890201833,0.180121402407,0.074678111588,58,0.00746460746461,0.397466813022,37,37,37,1,0,0.756756756757,0.243243243243,0,-54,-0.0405405405405,-0.0449210215776,-2.91891891892,-3.6,-1.62162162162,-0.351928981479,0.193889795969,0.0855021688355,-1.29129556989,0.294866837854,0.0538872205539,-0.809511513784,-0.00863416608639,0.0205205205205,-0.0627961118598,-0.0337066502222,-0.15109798167,-0.0449210215776,-0.0627961118598,-0.15109798167,0.167951276237,0.0687054153422,51,0.00656370656371,-0.223729768174,0.027027027027,0,-0.027027027027,157,5,59,1111,0.726851851852,0.995519713262,0.00448028673835,0.273148148148,0.969135802469,0.726851851852,0.830687830688,0.814646464661,0.722371565114,0.710407239819,119,173,0,0,0,0
836,WLNM_dir_neg,0.894558789134,0.57284154618,00:00:04,10,20,43,1232383567,threshold_sweep,0.8,0.966101694915,0.658959537572,0.783505154639,114,4,59,342,0.658959537572,0.988439306358,0.0115606936416,0.341040462428,0.966101694915,0.658959537572,0.783505154639,0.878612716763,0.590879897238,0.703296703297,0.728148284293,0.647398843931,216,43,173,0,216,0,43,0,173,37,216,0.162162162162,1.32432432432,11.6756756757,21.6,6,8.1990990496,0.702237650082,0.31006006006,10.329336629,1.76937710775,0.765265265265,3.0868314707,0.528762798222,0.252752752753,0.579945114934,0.437917739848,2,1.32432432432,0.579945114934,2,0.0121701261701,0.00597269624573,7,0.000900900900901,0.621196581197,37,37,37,1,0,0.72972972973,0.243243243243,0.027027027027,37,0.0322822822823,1.26351351351,2.32432432432,4.77777777778,1.48275862069,2.02832791089,0.87265270585,0.423632935261,2.30354212167,1.98211763958,0.812067881835,0.866458741517,0.74555752177,0.389692017599,0.485719490471,0.384419703688,1.75,1.27857142857,0.495462605327,1.75,0,0,0,0,0.0491625658292,37,35,35,0.945945945946,0,0.702702702703,0.0810810810811,0.162162162162,37,161,0.120870870871,1.27820742429,8.7027027027,17.8888888889,4.35135135135,7.72393417626,0.887532809073,0.392479435958,8.97284860075,2.06208321881,0.818197079067,2.31200029095,0.53132925941,0.278328017458,0.51520457167,0.403068048174,1.84487951807,1.27820742429,0.51520457167,1.84487951807,0.130149311006,0.0447564721369,34,0.0043758043758,0.401555810445,37,37,37,1,0,0.756756756757,0.243243243243,0,-55,-0.0412912912913,-0.0461169000326,-2.97297297297,-3.71111111111,-1.64864864865,-0.475164873347,0.185295158991,0.0824193758976,-1.35648802825,0.292706111061,0.0529318138014,-0.774831179756,0.00256646118805,0.0255752647057,-0.0647405432641,-0.0348496916748,-0.155120481928,-0.0461169000326,-0.0647405432641,-0.155120481928,0.117979184836,0.0387837758912,27,0.0034749034749,-0.219640770752,0.027027027027,0,-0.027027027027,157,4,59,1112,0.726851851852,0.996415770609,0.00358422939068,0.273148148148,0.975155279503,0.726851851852,0.832891246684,0.81783673011,0.723267622461,0.713636363636,118,173,0,0,0,0
837,WLNM_dir_neg,0.894558789134,0.57284154618,00:00:04,10,20,43,1232383567,threshold_sweep,0.9,0.966101694915,0.658959537572,0.783505154639,114,4,59,342,0.658959537572,0.988439306358,0.0115606936416,0.341040462428,0.966101694915,0.658959537572,0.783505154639,0.878612716763,0.590879897238,0.703296703297,0.728148284293,0.647398843931,216,43,173,0,216,0,43,0,173,37,216,0.162162162162,1.32432432432,11.6756756757,21.6,6,8.1990990496,0.702237650082,0.31006006006,10.329336629,1.76937710775,0.765265265265,3.0868314707,0.528762798222,0.252752752753,0.579945114934,0.437917739848,2,1.32432432432,0.579945114934,2,0.0121701261701,0.00597269624573,7,0.000900900900901,0.621196581197,37,37,37,1,0,0.72972972973,0.243243243243,0.027027027027,37,0.0322822822823,1.26351351351,2.32432432432,4.77777777778,1.48275862069,2.02832791089,0.87265270585,0.423632935261,2.30354212167,1.98211763958,0.812067881835,0.866458741517,0.74555752177,0.389692017599,0.485719490471,0.384419703688,1.75,1.27857142857,0.495462605327,1.75,0,0,0,0,0.0491625658292,37,35,35,0.945945945946,0,0.702702702703,0.0810810810811,0.162162162162,37,161,0.120870870871,1.27820742429,8.7027027027,17.8888888889,4.35135135135,7.72393417626,0.887532809073,0.392479435958,8.97284860075,2.06208321881,0.818197079067,2.31200029095,0.53132925941,0.278328017458,0.51520457167,0.403068048174,1.84487951807,1.27820742429,0.51520457167,1.84487951807,0.130149311006,0.0447564721369,34,0.0043758043758,0.401555810445,37,37,37,1,0,0.756756756757,0.243243243243,0,-55,-0.0412912912913,-0.0461169000326,-2.97297297297,-3.71111111111,-1.64864864865,-0.475164873347,0.185295158991,0.0824193758976,-1.35648802825,0.292706111061,0.0529318138014,-0.774831179756,0.00256646118805,0.0255752647057,-0.0647405432641,-0.0348496916748,-0.155120481928,-0.0461169000326,-0.0647405432641,-0.155120481928,0.117979184836,0.0387837758912,27,0.0034749034749,-0.219640770752,0.027027027027,0,-0.027027027027,157,4,59,1112,0.726851851852,0.996415770609,0.00358422939068,0.273148148148,0.975155279503,0.726851851852,0.832891246684,0.81783673011,0.723267622461,0.713636363636,118,173,0,0,0,0
838,WLNM_dir_neg,0.883749874703,0.721896794855,00:00:02,10,20,44,1232383568,threshold_sweep,0.1,0.933823529412,0.734104046243,0.822006472492,127,9,46,337,0.734104046243,0.973988439306,0.0260115606936,0.265895953757,0.933823529412,0.734104046243,0.822006472492,0.894026974952,0.579319203597,0.748091603053,0.75907073025,0.708092485549,216,43,173,0,216,0,43,0,173,37,216,0.162162162162,1.32432432432,11.6756756757,21.6,6,8.1990990496,0.702237650082,0.31006006006,10.329336629,1.76937710775,0.765265265265,3.0868314707,0.528762798222,0.252752752753,0.579945114934,0.437917739848,2,1.32432432432,0.579945114934,2,0.0121701261701,0.00597269624573,7,0.000900900900901,0.621196581197,37,37,37,1,0,0.72972972973,0.243243243243,0.027027027027,37,0.0322822822823,1.27027027027,2.32432432432,4.77777777778,2.15,2.13507811533,0.918580119386,0.486486486486,2.32753462217,2.00276234931,0.814582023884,1.30199661873,1.12032267193,0.583280955374,0.508191163105,0.400065383721,2,1.35714285714,0.558721139898,2,0,0,0,0,0.107832291166,37,28,28,0.756756756757,0,0.513513513514,0.027027027027,0.216216216216,37,179,0.134384384384,1.39417139582,9.67567567568,16.2727272727,5.11428571429,7.69579269635,0.795375222807,0.400875736071,8.90852748,1.84142746793,0.78544466254,3.39536868816,0.701835985821,0.365997282198,0.647038614434,0.464102632127,2.17603796058,1.40512060126,0.652731314568,2.17603796058,0.306346828772,0.138602520046,121,0.0155727155727,0.44041527461,37,36,36,0.972972972973,0,0.675675675676,0.27027027027,0.027027027027,-37,-0.0277777777778,0.0698470714918,-2,-5.32727272727,-0.885714285714,-0.503306353252,0.0931375727255,0.0908156760112,-1.420809149,0.072050360187,0.0201793972744,0.308537217455,0.173073187598,0.113244529446,0.0670934994998,0.0261848922784,0.176037960577,0.0807962769311,0.0727861996335,0.176037960577,0.294176702602,0.1326298238,114,0.0146718146718,-0.180781306587,-0.0540540540541,0.027027027027,0,170,9,46,1107,0.787037037037,0.991935483871,0.00806451612903,0.212962962963,0.949720670391,0.787037037037,0.860759493671,0.841860128841,0.778972520908,0.755555555556,136,173,0,0,0,0
839,WLNM_dir_neg,0.883749874703,0.721896794855,00:00:02,10,20,44,1232383568,threshold_sweep,0.2,0.933823529412,0.734104046243,0.822006472492,127,9,46,337,0.734104046243,0.973988439306,0.0260115606936,0.265895953757,0.933823529412,0.734104046243,0.822006472492,0.894026974952,0.579319203597,0.748091603053,0.75907073025,0.708092485549,216,43,173,0,216,0,43,0,173,37,216,0.162162162162,1.32432432432,11.6756756757,21.6,6,8.1990990496,0.702237650082,0.31006006006,10.329336629,1.76937710775,0.765265265265,3.0868314707,0.528762798222,0.252752752753,0.579945114934,0.437917739848,2,1.32432432432,0.579945114934,2,0.0121701261701,0.00597269624573,7,0.000900900900901,0.621196581197,37,37,37,1,0,0.72972972973,0.243243243243,0.027027027027,37,0.0322822822823,1.27027027027,2.32432432432,4.77777777778,2.15,2.13507811533,0.918580119386,0.486486486486,2.32753462217,2.00276234931,0.814582023884,1.30199661873,1.12032267193,0.583280955374,0.508191163105,0.400065383721,2,1.35714285714,0.558721139898,2,0,0,0,0,0.107832291166,37,28,28,0.756756756757,0,0.513513513514,0.027027027027,0.216216216216,37,179,0.134384384384,1.39417139582,9.67567567568,16.2727272727,5.11428571429,7.69579269635,0.795375222807,0.400875736071,8.90852748,1.84142746793,0.78544466254,3.39536868816,0.701835985821,0.365997282198,0.647038614434,0.464102632127,2.17603796058,1.40512060126,0.652731314568,2.17603796058,0.306346828772,0.138602520046,121,0.0155727155727,0.44041527461,37,36,36,0.972972972973,0,0.675675675676,0.27027027027,0.027027027027,-37,-0.0277777777778,0.0698470714918,-2,-5.32727272727,-0.885714285714,-0.503306353252,0.0931375727255,0.0908156760112,-1.420809149,0.072050360187,0.0201793972744,0.308537217455,0.173073187598,0.113244529446,0.0670934994998,0.0261848922784,0.176037960577,0.0807962769311,0.0727861996335,0.176037960577,0.294176702602,0.1326298238,114,0.0146718146718,-0.180781306587,-0.0540540540541,0.027027027027,0,170,9,46,1107,0.787037037037,0.991935483871,0.00806451612903,0.212962962963,0.949720670391,0.787037037037,0.860759493671,0.841860128841,0.778972520908,0.755555555556,136,173,0,0,0,0
840,WLNM_dir_neg,0.883749874703,0.721896794855,00:00:02,10,20,44,1232383568,threshold_sweep,0.3,0.9375,0.693641618497,0.797342192691,120,8,53,338,0.693641618497,0.976878612717,0.0231213872832,0.306358381503,0.9375,0.693641618497,0.797342192691,0.88246628131,0.58445728966,0.7171561051,0.733296519265,0.670520231214,216,43,173,0,216,0,43,0,173,37,216,0.162162162162,1.32432432432,11.6756756757,21.6,6,8.1990990496,0.702237650082,0.31006006006,10.329336629,1.76937710775,0.765265265265,3.0868314707,0.528762798222,0.252752752753,0.579945114934,0.437917739848,2,1.32432432432,0.579945114934,2,0.0121701261701,0.00597269624573,7,0.000900900900901,0.621196581197,37,37,37,1,0,0.72972972973,0.243243243243,0.027027027027,37,0.0322822822823,1.27027027027,2.32432432432,4.77777777778,2.15,2.13507811533,0.918580119386,0.486486486486,2.32753462217,2.00276234931,0.814582023884,1.30199661873,1.12032267193,0.583280955374,0.508191163105,0.400065383721,2,1.35714285714,0.558721139898,2,0,0,0,0,0.107832291166,37,28,28,0.756756756757,0,0.513513513514,0.027027027027,0.216216216216,37,171,0.128378378378,1.39565106835,9.24324324324,15.5454545455,5.34375,7.48481947161,0.809761170905,0.415362731152,8.44048231689,1.82630319137,0.779832464043,3.62362120408,0.784058389186,0.409988936305,0.649052482906,0.46505354929,2.18212105877,1.4436087736,0.672300885476,2.18212105877,0.183374188498,0.143920595533,116,0.0149292149292,0.470061857838,37,33,33,0.891891891892,0,0.594594594595,0.27027027027,0.027027027027,-45,-0.0337837837838,0.0713267440241,-2.43243243243,-6.05454545455,-0.65625,-0.714279577999,0.107523520823,0.105302671092,-1.88885431211,0.0569260836287,0.0145671987777,0.536789733372,0.255295590964,0.157236183552,0.0691073679714,0.0271358094416,0.182121058766,0.119284449278,0.0923557705413,0.182121058766,0.171204062328,0.137947899288,109,0.0140283140283,-0.151134723358,-0.135135135135,0.027027027027,0,163,8,53,1108,0.75462962963,0.992831541219,0.00716845878136,0.24537037037,0.953216374269,0.75462962963,0.842377260982,0.823632441931,0.747461170848,0.727678571429,128,173,0,0,0,0
841,WLNM_dir_neg,0.883749874703,0.721896794855,00:00:02,10,20,44,1232383568,threshold_sweep,0.4,0.957983193277,0.658959537572,0.780821917808,114,5,59,341,0.658959537572,0.985549132948,0.014450867052,0.341040462428,0.957983193277,0.658959537572,0.780821917808,0.876685934489,0.59023763648,0.699059561129,0.722747151761,0.64450867052,216,43,173,0,216,0,43,0,173,37,216,0.162162162162,1.32432432432,11.6756756757,21.6,6,8.1990990496,0.702237650082,0.31006006006,10.329336629,1.76937710775,0.765265265265,3.0868314707,0.528762798222,0.252752752753,0.579945114934,0.437917739848,2,1.32432432432,0.579945114934,2,0.0121701261701,0.00597269624573,7,0.000900900900901,0.621196581197,37,37,37,1,0,0.72972972973,0.243243243243,0.027027027027,37,0.0322822822823,1.27027027027,2.32432432432,4.77777777778,2.15,2.13507811533,0.918580119386,0.486486486486,2.32753462217,2.00276234931,0.814582023884,1.30199661873,1.12032267193,0.583280955374,0.508191163105,0.400065383721,2,1.35714285714,0.558721139898,2,0,0,0,0,0.107832291166,37,28,28,0.756756756757,0,0.513513513514,0.027027027027,0.216216216216,37,162,0.121621621622,1.27612927613,8.75675675676,18,5.58620689655,7.28165657818,0.831547201829,0.425925925926,8.46676952481,1.93376834826,0.794127460794,3.74426488373,0.855171609247,0.437771104438,0.517415894884,0.405457271894,2,1.30959949142,0.538978593157,2,0.157481613037,0.128900949796,95,0.0122265122265,0.692221848529,37,33,33,0.891891891892,0,0.648648648649,0.135135135135,0.108108108108,-54,-0.0405405405405,-0.048195048195,-2.91891891892,-3.6,-0.413793103448,-0.917442471427,0.129309551747,0.115865865866,-1.86256710419,0.164391240513,0.0288621955289,0.657433413024,0.326408811024,0.185018351685,-0.0625292200504,-0.032460467954,0,-0.0147248329067,-0.0409665217774,0,0.145311486867,0.122928253551,88,0.0113256113256,0.071025267332,-0.0810810810811,-0.108108108108,0.0810810810811,157,5,59,1111,0.726851851852,0.995519713262,0.00448028673835,0.273148148148,0.969135802469,0.726851851852,0.830687830688,0.814646464661,0.722371565114,0.710407239819,119,173,0,0,0,0
842,WLNM_dir_neg,0.883749874703,0.721896794855,00:00:02,10,20,44,1232383568,threshold_sweep,0.5,0.957983193277,0.658959537572,0.780821917808,114,5,59,341,0.658959537572,0.985549132948,0.014450867052,0.341040462428,0.957983193277,0.658959537572,0.780821917808,0.876685934489,0.59023763648,0.699059561129,0.722747151761,0.64450867052,216,43,173,0,216,0,43,0,173,37,216,0.162162162162,1.32432432432,11.6756756757,21.6,6,8.1990990496,0.702237650082,0.31006006006,10.329336629,1.76937710775,0.765265265265,3.0868314707,0.528762798222,0.252752752753,0.579945114934,0.437917739848,2,1.32432432432,0.579945114934,2,0.0121701261701,0.00597269624573,7,0.000900900900901,0.621196581197,37,37,37,1,0,0.72972972973,0.243243243243,0.027027027027,37,0.0322822822823,1.27027027027,2.32432432432,4.77777777778,2.15,2.13507811533,0.918580119386,0.486486486486,2.32753462217,2.00276234931,0.814582023884,1.30199661873,1.12032267193,0.583280955374,0.508191163105,0.400065383721,2,1.35714285714,0.558721139898,2,0,0,0,0,0.107832291166,37,28,28,0.756756756757,0,0.513513513514,0.027027027027,0.216216216216,37,162,0.121621621622,1.27612927613,8.75675675676,18,5.58620689655,7.28165657818,0.831547201829,0.425925925926,8.46676952481,1.93376834826,0.794127460794,3.74426488373,0.855171609247,0.437771104438,0.517415894884,0.405457271894,2,1.30959949142,0.538978593157,2,0.157481613037,0.128900949796,95,0.0122265122265,0.692221848529,37,33,33,0.891891891892,0,0.648648648649,0.135135135135,0.108108108108,-54,-0.0405405405405,-0.048195048195,-2.91891891892,-3.6,-0.413793103448,-0.917442471427,0.129309551747,0.115865865866,-1.86256710419,0.164391240513,0.0288621955289,0.657433413024,0.326408811024,0.185018351685,-0.0625292200504,-0.032460467954,0,-0.0147248329067,-0.0409665217774,0,0.145311486867,0.122928253551,88,0.0113256113256,0.071025267332,-0.0810810810811,-0.108108108108,0.0810810810811,157,5,59,1111,0.726851851852,0.995519713262,0.00448028673835,0.273148148148,0.969135802469,0.726851851852,0.830687830688,0.814646464661,0.722371565114,0.710407239819,119,173,0,0,0,0
843,WLNM_dir_neg,0.883749874703,0.721896794855,00:00:02,10,20,44,1232383568,threshold_sweep,0.6,0.957983193277,0.658959537572,0.780821917808,114,5,59,341,0.658959537572,0.985549132948,0.014450867052,0.341040462428,0.957983193277,0.658959537572,0.780821917808,0.876685934489,0.59023763648,0.699059561129,0.722747151761,0.64450867052,216,43,173,0,216,0,43,0,173,37,216,0.162162162162,1.32432432432,11.6756756757,21.6,6,8.1990990496,0.702237650082,0.31006006006,10.329336629,1.76937710775,0.765265265265,3.0868314707,0.528762798222,0.252752752753,0.579945114934,0.437917739848,2,1.32432432432,0.579945114934,2,0.0121701261701,0.00597269624573,7,0.000900900900901,0.621196581197,37,37,37,1,0,0.72972972973,0.243243243243,0.027027027027,37,0.0322822822823,1.27027027027,2.32432432432,4.77777777778,2.15,2.13507811533,0.918580119386,0.486486486486,2.32753462217,2.00276234931,0.814582023884,1.30199661873,1.12032267193,0.583280955374,0.508191163105,0.400065383721,2,1.35714285714,0.558721139898,2,0,0,0,0,0.107832291166,37,28,28,0.756756756757,0,0.513513513514,0.027027027027,0.216216216216,37,162,0.121621621622,1.27612927613,8.75675675676,18,5.58620689655,7.28165657818,0.831547201829,0.425925925926,8.46676952481,1.93376834826,0.794127460794,3.74426488373,0.855171609247,0.437771104438,0.517415894884,0.405457271894,2,1.30959949142,0.538978593157,2,0.157481613037,0.128900949796,95,0.0122265122265,0.692221848529,37,33,33,0.891891891892,0,0.648648648649,0.135135135135,0.108108108108,-54,-0.0405405405405,-0.048195048195,-2.91891891892,-3.6,-0.413793103448,-0.917442471427,0.129309551747,0.115865865866,-1.86256710419,0.164391240513,0.0288621955289,0.657433413024,0.326408811024,0.185018351685,-0.0625292200504,-0.032460467954,0,-0.0147248329067,-0.0409665217774,0,0.145311486867,0.122928253551,88,0.0113256113256,0.071025267332,-0.0810810810811,-0.108108108108,0.0810810810811,157,5,59,1111,0.726851851852,0.995519713262,0.00448028673835,0.273148148148,0.969135802469,0.726851851852,0.830687830688,0.814646464661,0.722371565114,0.710407239819,119,173,0,0,0,0
844,WLNM_dir_neg,0.883749874703,0.721896794855,00:00:02,10,20,44,1232383568,threshold_sweep,0.7,0.957983193277,0.658959537572,0.780821917808,114,5,59,341,0.658959537572,0.985549132948,0.014450867052,0.341040462428,0.957983193277,0.658959537572,0.780821917808,0.876685934489,0.59023763648,0.699059561129,0.722747151761,0.64450867052,216,43,173,0,216,0,43,0,173,37,216,0.162162162162,1.32432432432,11.6756756757,21.6,6,8.1990990496,0.702237650082,0.31006006006,10.329336629,1.76937710775,0.765265265265,3.0868314707,0.528762798222,0.252752752753,0.579945114934,0.437917739848,2,1.32432432432,0.579945114934,2,0.0121701261701,0.00597269624573,7,0.000900900900901,0.621196581197,37,37,37,1,0,0.72972972973,0.243243243243,0.027027027027,37,0.0322822822823,1.27027027027,2.32432432432,4.77777777778,2.15,2.13507811533,0.918580119386,0.486486486486,2.32753462217,2.00276234931,0.814582023884,1.30199661873,1.12032267193,0.583280955374,0.508191163105,0.400065383721,2,1.35714285714,0.558721139898,2,0,0,0,0,0.107832291166,37,28,28,0.756756756757,0,0.513513513514,0.027027027027,0.216216216216,37,162,0.121621621622,1.27612927613,8.75675675676,18,5.58620689655,7.28165657818,0.831547201829,0.425925925926,8.46676952481,1.93376834826,0.794127460794,3.74426488373,0.855171609247,0.437771104438,0.517415894884,0.405457271894,2,1.30959949142,0.538978593157,2,0.157481613037,0.128900949796,95,0.0122265122265,0.692221848529,37,33,33,0.891891891892,0,0.648648648649,0.135135135135,0.108108108108,-54,-0.0405405405405,-0.048195048195,-2.91891891892,-3.6,-0.413793103448,-0.917442471427,0.129309551747,0.115865865866,-1.86256710419,0.164391240513,0.0288621955289,0.657433413024,0.326408811024,0.185018351685,-0.0625292200504,-0.032460467954,0,-0.0147248329067,-0.0409665217774,0,0.145311486867,0.122928253551,88,0.0113256113256,0.071025267332,-0.0810810810811,-0.108108108108,0.0810810810811,157,5,59,1111,0.726851851852,0.995519713262,0.00448028673835,0.273148148148,0.969135802469,0.726851851852,0.830687830688,0.814646464661,0.722371565114,0.710407239819,119,173,0,0,0,0
845,WLNM_dir_neg,0.883749874703,0.721896794855,00:00:02,10,20,44,1232383568,threshold_sweep,0.8,0.957983193277,0.658959537572,0.780821917808,114,5,59,341,0.658959537572,0.985549132948,0.014450867052,0.341040462428,0.957983193277,0.658959537572,0.780821917808,0.876685934489,0.59023763648,0.699059561129,0.722747151761,0.64450867052,216,43,173,0,216,0,43,0,173,37,216,0.162162162162,1.32432432432,11.6756756757,21.6,6,8.1990990496,0.702237650082,0.31006006006,10.329336629,1.76937710775,0.765265265265,3.0868314707,0.528762798222,0.252752752753,0.579945114934,0.437917739848,2,1.32432432432,0.579945114934,2,0.0121701261701,0.00597269624573,7,0.000900900900901,0.621196581197,37,37,37,1,0,0.72972972973,0.243243243243,0.027027027027,37,0.0322822822823,1.27027027027,2.32432432432,4.77777777778,2.15,2.13507811533,0.918580119386,0.486486486486,2.32753462217,2.00276234931,0.814582023884,1.30199661873,1.12032267193,0.583280955374,0.508191163105,0.400065383721,2,1.35714285714,0.558721139898,2,0,0,0,0,0.107832291166,37,28,28,0.756756756757,0,0.513513513514,0.027027027027,0.216216216216,37,162,0.121621621622,1.27612927613,8.75675675676,18,5.58620689655,7.28165657818,0.831547201829,0.425925925926,8.46676952481,1.93376834826,0.794127460794,3.74426488373,0.855171609247,0.437771104438,0.517415894884,0.405457271894,2,1.30959949142,0.538978593157,2,0.157481613037,0.128900949796,95,0.0122265122265,0.692221848529,37,33,33,0.891891891892,0,0.648648648649,0.135135135135,0.108108108108,-54,-0.0405405405405,-0.048195048195,-2.91891891892,-3.6,-0.413793103448,-0.917442471427,0.129309551747,0.115865865866,-1.86256710419,0.164391240513,0.0288621955289,0.657433413024,0.326408811024,0.185018351685,-0.0625292200504,-0.032460467954,0,-0.0147248329067,-0.0409665217774,0,0.145311486867,0.122928253551,88,0.0113256113256,0.071025267332,-0.0810810810811,-0.108108108108,0.0810810810811,157,5,59,1111,0.726851851852,0.995519713262,0.00448028673835,0.273148148148,0.969135802469,0.726851851852,0.830687830688,0.814646464661,0.722371565114,0.710407239819,119,173,0,0,0,0
846,WLNM_dir_neg,0.883749874703,0.721896794855,00:00:02,10,20,44,1232383568,threshold_sweep,0.9,0.966101694915,0.658959537572,0.783505154639,114,4,59,342,0.658959537572,0.988439306358,0.0115606936416,0.341040462428,0.966101694915,0.658959537572,0.783505154639,0.878612716763,0.590879897238,0.703296703297,0.728148284293,0.647398843931,216,43,173,0,216,0,43,0,173,37,216,0.162162162162,1.32432432432,11.6756756757,21.6,6,8.1990990496,0.702237650082,0.31006006006,10.329336629,1.76937710775,0.765265265265,3.0868314707,0.528762798222,0.252752752753,0.579945114934,0.437917739848,2,1.32432432432,0.579945114934,2,0.0121701261701,0.00597269624573,7,0.000900900900901,0.621196581197,37,37,37,1,0,0.72972972973,0.243243243243,0.027027027027,37,0.0322822822823,1.27027027027,2.32432432432,4.77777777778,2.15,2.13507811533,0.918580119386,0.486486486486,2.32753462217,2.00276234931,0.814582023884,1.30199661873,1.12032267193,0.583280955374,0.508191163105,0.400065383721,2,1.35714285714,0.558721139898,2,0,0,0,0,0.107832291166,37,28,28,0.756756756757,0,0.513513513514,0.027027027027,0.216216216216,37,161,0.120870870871,1.27502227502,8.7027027027,17.8888888889,5.55172413793,7.18743063682,0.82588488684,0.42303172738,8.41036469092,1.93281673021,0.79335235857,3.76545862793,0.865353846171,0.440825919087,0.515557104923,0.4043514494,2,1.30835830836,0.537050597295,2,0.126120381676,0.105069124424,76,0.00978120978121,0.698403326693,37,33,33,0.891891891892,0,0.648648648649,0.135135135135,0.108108108108,-55,-0.0412912912913,-0.049302049302,-2.97297297297,-3.71111111111,-0.448275862069,-1.01166841278,0.123647236758,0.112971667319,-1.91897193808,0.163439622466,0.0280870933045,0.678627157229,0.336591047949,0.188073166334,-0.0643880100115,-0.0335662904482,0,-0.015966015966,-0.0428945176392,0,0.113950255506,0.0990964281782,69,0.00888030888031,0.0772067454962,-0.0810810810811,-0.108108108108,0.0810810810811,157,4,59,1112,0.726851851852,0.996415770609,0.00358422939068,0.273148148148,0.975155279503,0.726851851852,0.832891246684,0.81783673011,0.723267622461,0.713636363636,118,173,0,0,0,0
847,WLNM_dir_neg,0.904373684386,0.353445375628,00:00:03,10,20,45,1232383569,threshold_sweep,0.1,0.907284768212,0.791907514451,0.845679012346,137,14,36,332,0.791907514451,0.959537572254,0.0404624277457,0.208092485549,0.907284768212,0.791907514451,0.845679012346,0.90366088632,0.569685292229,0.776119402985,0.779912654674,0.751445086705,216,43,173,0,216,0,43,0,173,37,216,0.162162162162,1.32432432432,11.6756756757,21.6,6,8.1990990496,0.702237650082,0.31006006006,10.329336629,1.76937710775,0.765265265265,3.0868314707,0.528762798222,0.252752752753,0.579945114934,0.437917739848,2,1.32432432432,0.579945114934,2,0.0121701261701,0.00597269624573,7,0.000900900900901,0.621196581197,37,37,37,1,0,0.72972972973,0.243243243243,0.027027027027,37,0.0322822822823,1.26126126126,2.32432432432,4.77777777778,1.72,2.10889721121,0.907316242032,0.464487743558,2.30354212167,1.98211763958,0.81332495286,1.09324983201,0.940703343825,0.500314267756,0.478778893884,0.379603265866,1.66666666667,1.30208333333,0.5034602489,1.66666666667,0,0,0,0,0.0775102212602,37,32,32,0.864864864865,0,0.621621621622,0.0540540540541,0.189189189189,37,194,0.145645645646,1.31276632566,10.4864864865,19.4,5.24324324324,8.57198804123,0.817431849292,0.367929785456,10.114361092,1.92902763096,0.802451936473,2.41988757091,0.461524949092,0.237670660351,0.536958755481,0.40902843483,1.87021400449,1.31276632566,0.536958755481,1.87021400449,0.356269948539,0.19590268886,204,0.0262548262548,0.403074778219,37,37,37,1,0,0.72972972973,0.27027027027,0,-22,-0.0165165165165,-0.0115579986662,-1.18918918919,-2.2,-0.756756756757,0.372888991625,0.115194199211,0.0578697253955,-0.214975536953,0.159650523212,0.0371866712073,-0.666943899792,-0.0672378491309,-0.0150820924017,-0.0429863594536,-0.0288893050189,-0.129785995513,-0.0115579986662,-0.0429863594536,-0.129785995513,0.344099822369,0.189929992615,197,0.0253539253539,-0.218121802977,0,0.027027027027,-0.027027027027,180,14,36,1102,0.833333333333,0.987455197133,0.0125448028674,0.166666666667,0.927835051546,0.833333333333,0.878048780488,0.857666122511,0.820788530466,0.782608695652,151,173,0,0,0,0
848,WLNM_dir_neg,0.904373684386,0.353445375628,00:00:03,10,20,45,1232383569,threshold_sweep,0.2,0.904761904762,0.768786127168,0.83125,133,14,40,332,0.768786127168,0.959537572254,0.0404624277457,0.231213872832,0.904761904762,0.768786127168,0.83125,0.895953757225,0.57225433526,0.756756756757,0.762000762001,0.728323699422,216,43,173,0,216,0,43,0,173,37,216,0.162162162162,1.32432432432,11.6756756757,21.6,6,8.1990990496,0.702237650082,0.31006006006,10.329336629,1.76937710775,0.765265265265,3.0868314707,0.528762798222,0.252752752753,0.579945114934,0.437917739848,2,1.32432432432,0.579945114934,2,0.0121701261701,0.00597269624573,7,0.000900900900901,0.621196581197,37,37,37,1,0,0.72972972973,0.243243243243,0.027027027027,37,0.0322822822823,1.26126126126,2.32432432432,4.77777777778,1.72,2.10889721121,0.907316242032,0.464487743558,2.30354212167,1.98211763958,0.81332495286,1.09324983201,0.940703343825,0.500314267756,0.478778893884,0.379603265866,1.66666666667,1.30208333333,0.5034602489,1.66666666667,0,0,0,0,0.0775102212602,37,32,32,0.864864864865,0,0.621621621622,0.0540540540541,0.189189189189,37,190,0.142642642643,1.31276632566,10.2702702703,19,5.13513513514,8.54611233463,0.832121464161,0.371550497866,10.0392622631,1.95501423018,0.805689900427,2.34712782119,0.457072259916,0.236984352774,0.536958755481,0.40902843483,1.87021400449,1.31276632566,0.536958755481,1.87021400449,0.35255437684,0.189660849523,192,0.0247104247104,0.383180926714,37,37,37,1,0,0.72972972973,0.27027027027,0,-26,-0.0195195195195,-0.0115579986662,-1.40540540541,-2.6,-0.864864864865,0.347013285021,0.129883814079,0.0614904378062,-0.290074365925,0.185637122432,0.0404246351615,-0.739703649513,-0.0716905383063,-0.0157683999789,-0.0429863594536,-0.0288893050189,-0.129785995513,-0.0115579986662,-0.0429863594536,-0.129785995513,0.34038425067,0.183688153277,185,0.0238095238095,-0.238015654483,0,0.027027027027,-0.027027027027,176,14,40,1102,0.814814814815,0.987455197133,0.0125448028674,0.185185185185,0.926315789474,0.814814814815,0.866995073892,0.845609161301,0.802270011947,0.765217391304,147,173,0,0,0,0
849,WLNM_dir_neg,0.904373684386,0.353445375628,00:00:03,10,20,45,1232383569,threshold_sweep,0.3,0.909090909091,0.751445086705,0.822784810127,130,13,43,333,0.751445086705,0.962427745665,0.0375722543353,0.248554913295,0.909090909091,0.751445086705,0.822784810127,0.892100192678,0.574823378292,0.746223564955,0.753216827973,0.71387283237,216,43,173,0,216,0,43,0,173,37,216,0.162162162162,1.32432432432,11.6756756757,21.6,6,8.1990990496,0.702237650082,0.31006006006,10.329336629,1.76937710775,0.765265265265,3.0868314707,0.528762798222,0.252752752753,0.579945114934,0.437917739848,2,1.32432432432,0.579945114934,2,0.0121701261701,0.00597269624573,7,0.000900900900901,0.621196581197,37,37,37,1,0,0.72972972973,0.243243243243,0.027027027027,37,0.0322822822823,1.26126126126,2.32432432432,4.77777777778,1.72,2.10889721121,0.907316242032,0.464487743558,2.30354212167,1.98211763958,0.81332495286,1.09324983201,0.940703343825,0.500314267756,0.478778893884,0.379603265866,1.66666666667,1.30208333333,0.5034602489,1.66666666667,0,0,0,0,0.0775102212602,37,32,32,0.864864864865,0,0.621621621622,0.0540540540541,0.189189189189,37,186,0.13963963964,1.27882579242,10.0540540541,20.6666666667,5.02702702703,8.58275385081,0.853661001291,0.378087765185,10.0235458532,1.99393116435,0.811101424005,2.27896768158,0.453343033433,0.236849752979,0.514416918673,0.40225722825,1.84695948359,1.27882579242,0.514416918673,1.84695948359,0.337986365031,0.178727701111,177,0.0227799227799,0.455294349307,37,37,37,1,0,0.756756756757,0.243243243243,0,-30,-0.0225225225225,-0.0454985319064,-1.62162162162,-0.933333333333,-0.972972972973,0.38365480121,0.151423351209,0.0680277051245,-0.305790775786,0.224554056604,0.0458361587394,-0.807863789122,-0.0754197647895,-0.015902999774,-0.0655281962614,-0.0356605115981,-0.153040516413,-0.0454985319064,-0.0655281962614,-0.153040516413,0.325816238861,0.172755004865,170,0.021879021879,-0.16590223189,0.027027027027,0,-0.027027027027,173,13,43,1103,0.800925925926,0.98835125448,0.0116487455197,0.199074074074,0.930107526882,0.800925925926,0.860696517413,0.839343513669,0.789277180406,0.755458515284,143,173,0,0,0,0
850,WLNM_dir_neg,0.904373684386,0.353445375628,00:00:03,10,20,45,1232383569,threshold_sweep,0.4,0.908450704225,0.745664739884,0.819047619048,129,13,44,333,0.745664739884,0.962427745665,0.0375722543353,0.254335260116,0.908450704225,0.745664739884,0.819047619048,0.890173410405,0.575465639049,0.741301059002,0.748748972186,0.708092485549,216,43,173,0,216,0,43,0,173,37,216,0.162162162162,1.32432432432,11.6756756757,21.6,6,8.1990990496,0.702237650082,0.31006006006,10.329336629,1.76937710775,0.765265265265,3.0868314707,0.528762798222,0.252752752753,0.579945114934,0.437917739848,2,1.32432432432,0.579945114934,2,0.0121701261701,0.00597269624573,7,0.000900900900901,0.621196581197,37,37,37,1,0,0.72972972973,0.243243243243,0.027027027027,37,0.0322822822823,1.26126126126,2.32432432432,4.77777777778,1.72,2.10889721121,0.907316242032,0.464487743558,2.30354212167,1.98211763958,0.81332495286,1.09324983201,0.940703343825,0.500314267756,0.478778893884,0.379603265866,1.66666666667,1.30208333333,0.5034602489,1.66666666667,0,0,0,0,0.0775102212602,37,32,32,0.864864864865,0,0.621621621622,0.0540540540541,0.189189189189,37,185,0.138888888889,1.27882579242,10,20.5555555556,5,8.5926325031,0.85926325031,0.37896274653,10.0194255768,2.00388511536,0.812563915267,2.26077666104,0.452155332208,0.236084733382,0.514416918673,0.40225722825,1.84695948359,1.27882579242,0.514416918673,1.84695948359,0.336927846829,0.176649746193,174,0.0223938223938,0.449516093576,37,37,37,1,0,0.756756756757,0.243243243243,0,-31,-0.0232732732733,-0.0454985319064,-1.67567567568,-1.04444444444,-1,0.393533453496,0.157025600228,0.0689026864703,-0.309911052207,0.234508007613,0.0472986500014,-0.826054809662,-0.0766074660141,-0.0166680193707,-0.0655281962614,-0.0356605115981,-0.153040516413,-0.0454985319064,-0.0655281962614,-0.153040516413,0.324757720659,0.170677049947,167,0.0214929214929,-0.17168048762,0.027027027027,0,-0.027027027027,172,13,44,1103,0.796296296296,0.98835125448,0.0116487455197,0.203703703704,0.92972972973,0.796296296296,0.857855361596,0.836307560922,0.784647550777,0.751091703057,142,173,0,0,0,0
851,WLNM_dir_neg,0.904373684386,0.353445375628,00:00:03,10,20,45,1232383569,threshold_sweep,0.5,0.913043478261,0.728323699422,0.810289389068,126,12,47,334,0.728323699422,0.965317919075,0.0346820809249,0.271676300578,0.913043478261,0.728323699422,0.810289389068,0.886319845857,0.578034682081,0.730593607306,0.740106490483,0.693641618497,216,43,173,0,216,0,43,0,173,37,216,0.162162162162,1.32432432432,11.6756756757,21.6,6,8.1990990496,0.702237650082,0.31006006006,10.329336629,1.76937710775,0.765265265265,3.0868314707,0.528762798222,0.252752752753,0.579945114934,0.437917739848,2,1.32432432432,0.579945114934,2,0.0121701261701,0.00597269624573,7,0.000900900900901,0.621196581197,37,37,37,1,0,0.72972972973,0.243243243243,0.027027027027,37,0.0322822822823,1.26126126126,2.32432432432,4.77777777778,1.72,2.10889721121,0.907316242032,0.464487743558,2.30354212167,1.98211763958,0.81332495286,1.09324983201,0.940703343825,0.500314267756,0.478778893884,0.379603265866,1.66666666667,1.30208333333,0.5034602489,1.66666666667,0,0,0,0,0.0775102212602,37,32,32,0.864864864865,0,0.621621621622,0.0540540540541,0.189189189189,37,181,0.135885885886,1.27788133208,9.78378378378,20.1111111111,4.89189189189,8.40348847912,0.858920093169,0.377482454831,9.79451032122,2.0021927176,0.813498581454,2.2209080198,0.453997772004,0.235627893086,0.512801397474,0.401290311238,1.84378266244,1.27788133208,0.512801397474,1.84378266244,0.325332485431,0.171155209072,161,0.0207207207207,0.433089030242,37,37,37,1,0,0.756756756757,0.243243243243,0,-35,-0.0262762762763,-0.0464429922479,-1.89189189189,-1.48888888889,-1.10810810811,0.204389429511,0.156682443087,0.0674223947705,-0.534826307782,0.232815609852,0.0482333161891,-0.865923450899,-0.0747650262182,-0.0171248596663,-0.0671437174602,-0.0366274286104,-0.156217337561,-0.0464429922479,-0.0671437174602,-0.156217337561,0.313162359261,0.165182512826,154,0.0198198198198,-0.188107550955,0.027027027027,0,-0.027027027027,169,12,47,1104,0.782407407407,0.989247311828,0.010752688172,0.217592592593,0.933701657459,0.782407407407,0.851385390428,0.830051502789,0.771654719235,0.741228070175,138,173,0,0,0,0
852,WLNM_dir_neg,0.904373684386,0.353445375628,00:00:03,10,20,45,1232383569,threshold_sweep,0.6,0.913043478261,0.728323699422,0.810289389068,126,12,47,334,0.728323699422,0.965317919075,0.0346820809249,0.271676300578,0.913043478261,0.728323699422,0.810289389068,0.886319845857,0.578034682081,0.730593607306,0.740106490483,0.693641618497,216,43,173,0,216,0,43,0,173,37,216,0.162162162162,1.32432432432,11.6756756757,21.6,6,8.1990990496,0.702237650082,0.31006006006,10.329336629,1.76937710775,0.765265265265,3.0868314707,0.528762798222,0.252752752753,0.579945114934,0.437917739848,2,1.32432432432,0.579945114934,2,0.0121701261701,0.00597269624573,7,0.000900900900901,0.621196581197,37,37,37,1,0,0.72972972973,0.243243243243,0.027027027027,37,0.0322822822823,1.26126126126,2.32432432432,4.77777777778,1.72,2.10889721121,0.907316242032,0.464487743558,2.30354212167,1.98211763958,0.81332495286,1.09324983201,0.940703343825,0.500314267756,0.478778893884,0.379603265866,1.66666666667,1.30208333333,0.5034602489,1.66666666667,0,0,0,0,0.0775102212602,37,32,32,0.864864864865,0,0.621621621622,0.0540540540541,0.189189189189,37,181,0.135885885886,1.27788133208,9.78378378378,20.1111111111,4.89189189189,8.40348847912,0.858920093169,0.377482454831,9.79451032122,2.0021927176,0.813498581454,2.2209080198,0.453997772004,0.235627893086,0.512801397474,0.401290311238,1.84378266244,1.27788133208,0.512801397474,1.84378266244,0.325332485431,0.171155209072,161,0.0207207207207,0.433089030242,37,37,37,1,0,0.756756756757,0.243243243243,0,-35,-0.0262762762763,-0.0464429922479,-1.89189189189,-1.48888888889,-1.10810810811,0.204389429511,0.156682443087,0.0674223947705,-0.534826307782,0.232815609852,0.0482333161891,-0.865923450899,-0.0747650262182,-0.0171248596663,-0.0671437174602,-0.0366274286104,-0.156217337561,-0.0464429922479,-0.0671437174602,-0.156217337561,0.313162359261,0.165182512826,154,0.0198198198198,-0.188107550955,0.027027027027,0,-0.027027027027,169,12,47,1104,0.782407407407,0.989247311828,0.010752688172,0.217592592593,0.933701657459,0.782407407407,0.851385390428,0.830051502789,0.771654719235,0.741228070175,138,173,0,0,0,0
853,WLNM_dir_neg,0.904373684386,0.353445375628,00:00:03,10,20,45,1232383569,threshold_sweep,0.7,0.919117647059,0.722543352601,0.809061488673,125,11,48,335,0.722543352601,0.968208092486,0.0317919075145,0.277456647399,0.919117647059,0.722543352601,0.809061488673,0.886319845857,0.579319203597,0.729770992366,0.740481242978,0.690751445087,216,43,173,0,216,0,43,0,173,37,216,0.162162162162,1.32432432432,11.6756756757,21.6,6,8.1990990496,0.702237650082,0.31006006006,10.329336629,1.76937710775,0.765265265265,3.0868314707,0.528762798222,0.252752752753,0.579945114934,0.437917739848,2,1.32432432432,0.579945114934,2,0.0121701261701,0.00597269624573,7,0.000900900900901,0.621196581197,37,37,37,1,0,0.72972972973,0.243243243243,0.027027027027,37,0.0322822822823,1.26126126126,2.32432432432,4.77777777778,1.72,2.10889721121,0.907316242032,0.464487743558,2.30354212167,1.98211763958,0.81332495286,1.09324983201,0.940703343825,0.500314267756,0.478778893884,0.379603265866,1.66666666667,1.30208333333,0.5034602489,1.66666666667,0,0,0,0,0.0775102212602,37,32,32,0.864864864865,0,0.621621621622,0.0540540540541,0.189189189189,37,179,0.134384384384,1.27696930464,9.67567567568,19.8888888889,4.83783783784,8.34350730293,0.862317793879,0.374452664955,9.72543490462,2.01028542721,0.814132568323,2.20496300691,0.45577447629,0.234938849464,0.511123575222,0.400263008175,1.84071493379,1.27696930464,0.511123575222,1.84071493379,0.311555508895,0.16154680159,149,0.0191763191763,0.425178947024,37,37,37,1,0,0.756756756757,0.243243243243,0,-37,-0.0277777777778,-0.0473550196843,-2,-1.71111111111,-1.16216216216,0.14440825333,0.160080143797,0.0643926048954,-0.603901724375,0.240908319468,0.0488673030572,-0.881868463789,-0.0729883219328,-0.0178139032888,-0.0688215397125,-0.0376547316737,-0.159285066211,-0.0473550196843,-0.0688215397125,-0.159285066211,0.299385382725,0.155574105344,142,0.0182754182754,-0.196017634173,0.027027027027,0,-0.027027027027,168,11,48,1105,0.777777777778,0.990143369176,0.00985663082437,0.222222222222,0.938547486034,0.777777777778,0.850632911392,0.829916561062,0.767921146953,0.740088105727,136,173,0,0,0,0
854,WLNM_dir_neg,0.904373684386,0.353445375628,00:00:03,10,20,45,1232383569,threshold_sweep,0.8,0.919117647059,0.722543352601,0.809061488673,125,11,48,335,0.722543352601,0.968208092486,0.0317919075145,0.277456647399,0.919117647059,0.722543352601,0.809061488673,0.886319845857,0.579319203597,0.729770992366,0.740481242978,0.690751445087,216,43,173,0,216,0,43,0,173,37,216,0.162162162162,1.32432432432,11.6756756757,21.6,6,8.1990990496,0.702237650082,0.31006006006,10.329336629,1.76937710775,0.765265265265,3.0868314707,0.528762798222,0.252752752753,0.579945114934,0.437917739848,2,1.32432432432,0.579945114934,2,0.0121701261701,0.00597269624573,7,0.000900900900901,0.621196581197,37,37,37,1,0,0.72972972973,0.243243243243,0.027027027027,37,0.0322822822823,1.26126126126,2.32432432432,4.77777777778,1.72,2.10889721121,0.907316242032,0.464487743558,2.30354212167,1.98211763958,0.81332495286,1.09324983201,0.940703343825,0.500314267756,0.478778893884,0.379603265866,1.66666666667,1.30208333333,0.5034602489,1.66666666667,0,0,0,0,0.0775102212602,37,32,32,0.864864864865,0,0.621621621622,0.0540540540541,0.189189189189,37,179,0.134384384384,1.27696930464,9.67567567568,19.8888888889,4.83783783784,8.34350730293,0.862317793879,0.374452664955,9.72543490462,2.01028542721,0.814132568323,2.20496300691,0.45577447629,0.234938849464,0.511123575222,0.400263008175,1.84071493379,1.27696930464,0.511123575222,1.84071493379,0.311555508895,0.16154680159,149,0.0191763191763,0.425178947024,37,37,37,1,0,0.756756756757,0.243243243243,0,-37,-0.0277777777778,-0.0473550196843,-2,-1.71111111111,-1.16216216216,0.14440825333,0.160080143797,0.0643926048954,-0.603901724375,0.240908319468,0.0488673030572,-0.881868463789,-0.0729883219328,-0.0178139032888,-0.0688215397125,-0.0376547316737,-0.159285066211,-0.0473550196843,-0.0688215397125,-0.159285066211,0.299385382725,0.155574105344,142,0.0182754182754,-0.196017634173,0.027027027027,0,-0.027027027027,168,11,48,1105,0.777777777778,0.990143369176,0.00985663082437,0.222222222222,0.938547486034,0.777777777778,0.850632911392,0.829916561062,0.767921146953,0.740088105727,136,173,0,0,0,0
855,WLNM_dir_neg,0.904373684386,0.353445375628,00:00:03,10,20,45,1232383569,threshold_sweep,0.9,0.919117647059,0.722543352601,0.809061488673,125,11,48,335,0.722543352601,0.968208092486,0.0317919075145,0.277456647399,0.919117647059,0.722543352601,0.809061488673,0.886319845857,0.579319203597,0.729770992366,0.740481242978,0.690751445087,216,43,173,0,216,0,43,0,173,37,216,0.162162162162,1.32432432432,11.6756756757,21.6,6,8.1990990496,0.702237650082,0.31006006006,10.329336629,1.76937710775,0.765265265265,3.0868314707,0.528762798222,0.252752752753,0.579945114934,0.437917739848,2,1.32432432432,0.579945114934,2,0.0121701261701,0.00597269624573,7,0.000900900900901,0.621196581197,37,37,37,1,0,0.72972972973,0.243243243243,0.027027027027,37,0.0322822822823,1.26126126126,2.32432432432,4.77777777778,1.72,2.10889721121,0.907316242032,0.464487743558,2.30354212167,1.98211763958,0.81332495286,1.09324983201,0.940703343825,0.500314267756,0.478778893884,0.379603265866,1.66666666667,1.30208333333,0.5034602489,1.66666666667,0,0,0,0,0.0775102212602,37,32,32,0.864864864865,0,0.621621621622,0.0540540540541,0.189189189189,37,179,0.134384384384,1.27696930464,9.67567567568,19.8888888889,4.83783783784,8.34350730293,0.862317793879,0.374452664955,9.72543490462,2.01028542721,0.814132568323,2.20496300691,0.45577447629,0.234938849464,0.511123575222,0.400263008175,1.84071493379,1.27696930464,0.511123575222,1.84071493379,0.311555508895,0.16154680159,149,0.0191763191763,0.425178947024,37,37,37,1,0,0.756756756757,0.243243243243,0,-37,-0.0277777777778,-0.0473550196843,-2,-1.71111111111,-1.16216216216,0.14440825333,0.160080143797,0.0643926048954,-0.603901724375,0.240908319468,0.0488673030572,-0.881868463789,-0.0729883219328,-0.0178139032888,-0.0688215397125,-0.0376547316737,-0.159285066211,-0.0473550196843,-0.0688215397125,-0.159285066211,0.299385382725,0.155574105344,142,0.0182754182754,-0.196017634173,0.027027027027,0,-0.027027027027,168,11,48,1105,0.777777777778,0.990143369176,0.00985663082437,0.222222222222,0.938547486034,0.777777777778,0.850632911392,0.829916561062,0.767921146953,0.740088105727,136,173,0,0,0,0
856,WLNM_dir_neg,0.89136790404,0.691115322786,00:00:03,10,20,46,1232383570,threshold_sweep,0.1,0.850649350649,0.757225433526,0.80122324159,131,23,42,323,0.757225433526,0.933526011561,0.0664739884393,0.242774566474,0.850649350649,0.757225433526,0.80122324159,0.874759152216,0.567758509955,0.710252600297,0.712813818816,0.690751445087,216,43,173,0,216,0,43,0,173,37,216,0.162162162162,1.32432432432,11.6756756757,21.6,6,8.1990990496,0.702237650082,0.31006006006,10.329336629,1.76937710775,0.765265265265,3.0868314707,0.528762798222,0.252752752753,0.579945114934,0.437917739848,2,1.32432432432,0.579945114934,2,0.0121701261701,0.00597269624573,7,0.000900900900901,0.621196581197,37,37,37,1,0,0.72972972973,0.243243243243,0.027027027027,37,0.0322822822823,1.32432432432,2.32432432432,4.3,1.79166666667,2.13507811533,0.918580119386,0.479572595852,2.20496300691,1.89729375014,0.79949717159,1.1183696843,0.96231810044,0.51539912005,0.579945114934,0.437917739848,2,1.4,0.621455466266,2,0,0,0,0,0.0723761423761,37,30,30,0.810810810811,0,0.540540540541,0.108108108108,0.162162162162,37,197,0.147897897898,2.48689033153,10.6486486486,10.9444444444,5.32432432432,8.35402835701,0.784515353324,0.400603649335,9.03405302808,1.69675107634,0.758677459185,2.85826340103,0.536831197148,0.289202908492,1.66498546486,0.669504981284,4.66429805503,2.48689033153,1.66498546486,4.66429805503,0.409151589549,0.187702265372,174,0.0223938223938,0.189119549753,37,37,37,1,0,0.513513513514,0.486486486486,0,-19,-0.0142642642643,1.1625660072,-1.02702702703,-10.6555555556,-0.675675675676,0.154929307409,0.0822777032418,0.0905435892746,-1.29528360092,-0.0726260314059,-0.00658780608019,-0.228568069674,0.00806839892539,0.0364501557395,1.08504034993,0.231587241435,2.66429805503,1.1625660072,1.08504034993,2.66429805503,0.396981463378,0.181729569126,167,0.0214929214929,-0.432077031444,-0.216216216216,0.243243243243,-0.027027027027,174,23,42,1093,0.805555555556,0.979390681004,0.0206093189964,0.194444444444,0.883248730964,0.805555555556,0.842615012107,0.8150192014,0.784946236559,0.728033472803,154,173,0,0,0,0
857,WLNM_dir_neg,0.89136790404,0.691115322786,00:00:03,10,20,46,1232383570,threshold_sweep,0.2,0.873333333333,0.757225433526,0.811145510836,131,19,42,327,0.757225433526,0.945086705202,0.0549132947977,0.242774566474,0.873333333333,0.757225433526,0.811145510836,0.88246628131,0.570327552987,0.726457399103,0.730352404081,0.702312138728,216,43,173,0,216,0,43,0,173,37,216,0.162162162162,1.32432432432,11.6756756757,21.6,6,8.1990990496,0.702237650082,0.31006006006,10.329336629,1.76937710775,0.765265265265,3.0868314707,0.528762798222,0.252752752753,0.579945114934,0.437917739848,2,1.32432432432,0.579945114934,2,0.0121701261701,0.00597269624573,7,0.000900900900901,0.621196581197,37,37,37,1,0,0.72972972973,0.243243243243,0.027027027027,37,0.0322822822823,1.32432432432,2.32432432432,4.3,1.79166666667,2.13507811533,0.918580119386,0.479572595852,2.20496300691,1.89729375014,0.79949717159,1.1183696843,0.96231810044,0.51539912005,0.579945114934,0.437917739848,2,1.4,0.621455466266,2,0,0,0,0,0.0723761423761,37,30,30,0.810810810811,0,0.540540540541,0.108108108108,0.162162162162,37,193,0.144894894895,1.5677779392,10.4324324324,13.7857142857,5.21621621622,8.17020515362,0.78315438001,0.397843439294,9.09253397982,1.74312827592,0.77160061616,2.89765360186,0.555508721601,0.297717406526,0.795669154656,0.507513937248,2.39157603863,1.5677779392,0.795669154656,2.39157603863,0.409151589549,0.187702265372,174,0.0223938223938,0.276186728149,37,37,37,1,0,0.621621621622,0.378378378378,0,-23,-0.0172672672673,0.24345361488,-1.24324324324,-7.81428571429,-0.783783783784,-0.0288938959837,0.0809167299284,0.0877833792342,-1.23680264918,-0.0262488318214,0.00633535089494,-0.18917786884,0.0267459233785,0.0449646537729,0.215724039722,0.0695961973996,0.391576038632,0.24345361488,0.215724039722,0.391576038632,0.396981463378,0.181729569126,167,0.0214929214929,-0.345009853047,-0.108108108108,0.135135135135,-0.027027027027,174,19,42,1097,0.805555555556,0.982974910394,0.0170250896057,0.194444444444,0.901554404145,0.805555555556,0.850855745721,0.825727852343,0.78853046595,0.740425531915,150,173,0,0,0,0
858,WLNM_dir_neg,0.89136790404,0.691115322786,00:00:03,10,20,46,1232383570,threshold_sweep,0.3,0.897260273973,0.757225433526,0.82131661442,131,15,42,331,0.757225433526,0.956647398844,0.0433526011561,0.242774566474,0.897260273973,0.757225433526,0.82131661442,0.890173410405,0.572896596018,0.742857142857,0.74842986943,0.71387283237,216,43,173,0,216,0,43,0,173,37,216,0.162162162162,1.32432432432,11.6756756757,21.6,6,8.1990990496,0.702237650082,0.31006006006,10.329336629,1.76937710775,0.765265265265,3.0868314707,0.528762798222,0.252752752753,0.579945114934,0.437917739848,2,1.32432432432,0.579945114934,2,0.0121701261701,0.00597269624573,7,0.000900900900901,0.621196581197,37,37,37,1,0,0.72972972973,0.243243243243,0.027027027027,37,0.0322822822823,1.32432432432,2.32432432432,4.3,1.79166666667,2.13507811533,0.918580119386,0.479572595852,2.20496300691,1.89729375014,0.79949717159,1.1183696843,0.96231810044,0.51539912005,0.579945114934,0.437917739848,2,1.4,0.621455466266,2,0,0,0,0,0.0723761423761,37,30,30,0.810810810811,0,0.540540540541,0.108108108108,0.162162162162,37,189,0.141891891892,1.4775059528,10.2162162162,15.75,5.10810810811,8.028197304,0.785828836635,0.39468039468,9.00241876073,1.76237827591,0.775346775347,2.85563559556,0.559039772677,0.29458029458,0.747721674573,0.506070160431,2.27687564751,1.4775059528,0.747721674573,2.27687564751,0.366822682445,0.153446997776,138,0.0177606177606,0.355444501715,37,37,37,1,0,0.675675675676,0.324324324324,0,-27,-0.0202702702703,0.15318162848,-1.45945945946,-5.85,-0.891891891892,-0.170901745605,0.083591186553,0.0846203346203,-1.32691786827,-0.00699883183521,0.0100815100815,-0.23119587514,0.0302769744542,0.0418275418275,0.167776559638,0.0681524205821,0.276875647513,0.15318162848,0.167776559638,0.276875647513,0.354652556275,0.14747430153,131,0.0168597168597,-0.265752079482,-0.0540540540541,0.0810810810811,-0.027027027027,174,15,42,1101,0.805555555556,0.986559139785,0.0134408602151,0.194444444444,0.920634920635,0.805555555556,0.859259259259,0.836744807541,0.792114695341,0.753246753247,146,173,0,0,0,0
859,WLNM_dir_neg,0.89136790404,0.691115322786,00:00:03,10,20,46,1232383570,threshold_sweep,0.4,0.902777777778,0.751445086705,0.820189274448,130,14,43,332,0.751445086705,0.959537572254,0.0404624277457,0.248554913295,0.902777777778,0.751445086705,0.820189274448,0.890173410405,0.574181117534,0.742081447964,0.748554161924,0.71098265896,216,43,173,0,216,0,43,0,173,37,216,0.162162162162,1.32432432432,11.6756756757,21.6,6,8.1990990496,0.702237650082,0.31006006006,10.329336629,1.76937710775,0.765265265265,3.0868314707,0.528762798222,0.252752752753,0.579945114934,0.437917739848,2,1.32432432432,0.579945114934,2,0.0121701261701,0.00597269624573,7,0.000900900900901,0.621196581197,37,37,37,1,0,0.72972972973,0.243243243243,0.027027027027,37,0.0322822822823,1.32432432432,2.32432432432,4.3,1.79166666667,2.13507811533,0.918580119386,0.479572595852,2.20496300691,1.89729375014,0.79949717159,1.1183696843,0.96231810044,0.51539912005,0.579945114934,0.437917739848,2,1.4,0.621455466266,2,0,0,0,0,0.0723761423761,37,30,30,0.810810810811,0,0.540540540541,0.108108108108,0.162162162162,37,187,0.14039039039,1.47202545648,10.1081081081,15.5833333333,5.05405405405,7.90844760642,0.782386527908,0.391530568001,8.881772677,1.75735609117,0.774100303512,2.86691806985,0.5672511689,0.299465240642,0.738945039942,0.501992025131,2.25248070789,1.47202545648,0.738945039942,2.25248070789,0.364475476419,0.15107102593,134,0.0172458172458,0.354257951583,37,37,37,1,0,0.675675675676,0.324324324324,0,-29,-0.0217717717718,0.147701132154,-1.56756756757,-6.01666666667,-0.945945945946,-0.290651443181,0.0801488778263,0.0814705079411,-1.447563952,-0.0120210165744,0.0088350382468,-0.219913400856,0.0384883706779,0.046712487889,0.158999925008,0.0640742852826,0.252480707893,0.147701132154,0.158999925008,0.252480707893,0.352305350249,0.145098329684,127,0.0163449163449,-0.266938629614,-0.0540540540541,0.0810810810811,-0.027027027027,173,14,43,1102,0.800925925926,0.987455197133,0.0125448028674,0.199074074074,0.92513368984,0.800925925926,0.858560794045,0.836510975036,0.788381123059,0.752173913043,144,173,0,0,0,0
860,WLNM_dir_neg,0.89136790404,0.691115322786,00:00:03,10,20,46,1232383570,threshold_sweep,0.5,0.902777777778,0.751445086705,0.820189274448,130,14,43,332,0.751445086705,0.959537572254,0.0404624277457,0.248554913295,0.902777777778,0.751445086705,0.820189274448,0.890173410405,0.574181117534,0.742081447964,0.748554161924,0.71098265896,216,43,173,0,216,0,43,0,173,37,216,0.162162162162,1.32432432432,11.6756756757,21.6,6,8.1990990496,0.702237650082,0.31006006006,10.329336629,1.76937710775,0.765265265265,3.0868314707,0.528762798222,0.252752752753,0.579945114934,0.437917739848,2,1.32432432432,0.579945114934,2,0.0121701261701,0.00597269624573,7,0.000900900900901,0.621196581197,37,37,37,1,0,0.72972972973,0.243243243243,0.027027027027,37,0.0322822822823,1.32432432432,2.32432432432,4.3,1.79166666667,2.13507811533,0.918580119386,0.479572595852,2.20496300691,1.89729375014,0.79949717159,1.1183696843,0.96231810044,0.51539912005,0.579945114934,0.437917739848,2,1.4,0.621455466266,2,0,0,0,0,0.0723761423761,37,30,30,0.810810810811,0,0.540540540541,0.108108108108,0.162162162162,37,187,0.14039039039,1.47202545648,10.1081081081,15.5833333333,5.05405405405,7.90844760642,0.782386527908,0.391530568001,8.881772677,1.75735609117,0.774100303512,2.86691806985,0.5672511689,0.299465240642,0.738945039942,0.501992025131,2.25248070789,1.47202545648,0.738945039942,2.25248070789,0.364475476419,0.15107102593,134,0.0172458172458,0.354257951583,37,37,37,1,0,0.675675675676,0.324324324324,0,-29,-0.0217717717718,0.147701132154,-1.56756756757,-6.01666666667,-0.945945945946,-0.290651443181,0.0801488778263,0.0814705079411,-1.447563952,-0.0120210165744,0.0088350382468,-0.219913400856,0.0384883706779,0.046712487889,0.158999925008,0.0640742852826,0.252480707893,0.147701132154,0.158999925008,0.252480707893,0.352305350249,0.145098329684,127,0.0163449163449,-0.266938629614,-0.0540540540541,0.0810810810811,-0.027027027027,173,14,43,1102,0.800925925926,0.987455197133,0.0125448028674,0.199074074074,0.92513368984,0.800925925926,0.858560794045,0.836510975036,0.788381123059,0.752173913043,144,173,0,0,0,0
861,WLNM_dir_neg,0.89136790404,0.691115322786,00:00:03,10,20,46,1232383570,threshold_sweep,0.6,0.896,0.647398843931,0.751677852349,112,13,61,333,0.647398843931,0.962427745665,0.0375722543353,0.352601156069,0.896,0.647398843931,0.751677852349,0.857418111753,0.586384071933,0.655279503106,0.67230190221,0.609826589595,216,43,173,0,216,0,43,0,173,37,216,0.162162162162,1.32432432432,11.6756756757,21.6,6,8.1990990496,0.702237650082,0.31006006006,10.329336629,1.76937710775,0.765265265265,3.0868314707,0.528762798222,0.252752752753,0.579945114934,0.437917739848,2,1.32432432432,0.579945114934,2,0.0121701261701,0.00597269624573,7,0.000900900900901,0.621196581197,37,37,37,1,0,0.72972972973,0.243243243243,0.027027027027,37,0.0322822822823,1.32432432432,2.32432432432,4.3,1.79166666667,2.13507811533,0.918580119386,0.479572595852,2.20496300691,1.89729375014,0.79949717159,1.1183696843,0.96231810044,0.51539912005,0.579945114934,0.437917739848,2,1.4,0.621455466266,2,0,0,0,0,0.0723761423761,37,30,30,0.810810810811,0,0.540540540541,0.108108108108,0.162162162162,37,168,0.126126126126,1.48803673954,9.08108108108,14,4.54054054054,7.33097832784,0.807280351577,0.411357786358,8.00553487211,1.7631237516,0.776061776062,2.79478278419,0.615517636994,0.336872586873,0.766552541645,0.515143558808,2.34699865605,1.48803673954,0.766552541645,2.34699865605,0.23103439328,0.140794223827,104,0.0133848133848,0.315541857277,37,37,37,1,0,0.675675675676,0.324324324324,0,-48,-0.036036036036,0.163712415218,-2.59459459459,-7.6,-1.45945945946,-0.868120721766,0.105042701496,0.101297726298,-2.32380175689,-0.0062533561494,0.0107965107965,-0.292048686513,0.086754838772,0.0841198341198,0.186607426711,0.0772258189597,0.346998656052,0.163712415218,0.186607426711,0.346998656052,0.21886426711,0.134821527581,97,0.0124839124839,-0.30565472392,-0.0540540540541,0.0810810810811,-0.027027027027,155,13,61,1103,0.717592592593,0.98835125448,0.0116487455197,0.282407407407,0.922619047619,0.717592592593,0.807291666667,0.783786897565,0.705943847073,0.676855895197,125,173,0,0,0,0
862,WLNM_dir_neg,0.89136790404,0.691115322786,00:00:03,10,20,46,1232383570,threshold_sweep,0.7,0.924369747899,0.635838150289,0.753424657534,110,9,63,337,0.635838150289,0.973988439306,0.0260115606936,0.364161849711,0.924369747899,0.635838150289,0.753424657534,0.861271676301,0.59023763648,0.66144200627,0.683854928348,0.609826589595,216,43,173,0,216,0,43,0,173,37,216,0.162162162162,1.32432432432,11.6756756757,21.6,6,8.1990990496,0.702237650082,0.31006006006,10.329336629,1.76937710775,0.765265265265,3.0868314707,0.528762798222,0.252752752753,0.579945114934,0.437917739848,2,1.32432432432,0.579945114934,2,0.0121701261701,0.00597269624573,7,0.000900900900901,0.621196581197,37,37,37,1,0,0.72972972973,0.243243243243,0.027027027027,37,0.0322822822823,1.32432432432,2.32432432432,4.3,1.79166666667,2.13507811533,0.918580119386,0.479572595852,2.20496300691,1.89729375014,0.79949717159,1.1183696843,0.96231810044,0.51539912005,0.579945114934,0.437917739848,2,1.4,0.621455466266,2,0,0,0,0,0.0723761423761,37,30,30,0.810810810811,0,0.540540540541,0.108108108108,0.162162162162,37,162,0.121621621622,1.38470482258,8.75675675676,14.7272727273,4.37837837838,7.06480087557,0.806782816037,0.407741074408,7.91395164445,1.80750747435,0.783783783784,2.83187561865,0.646786406729,0.352352352352,0.640223608287,0.462353851772,2.16173734779,1.38470482258,0.640223608287,2.16173734779,0.19567306781,0.115492957746,82,0.0105534105534,0.352751438615,37,37,37,1,0,0.702702702703,0.297297297297,0,-54,-0.0405405405405,0.0603804982542,-2.91891891892,-6.87272727273,-1.62162162162,-1.13429817404,0.104545165955,0.0976810143477,-2.41538498455,0.0381303666035,0.0185185185185,-0.254955852051,0.118023608507,0.0995995995996,0.0602784933526,0.024436111924,0.161737347792,0.0603804982542,0.0602784933526,0.161737347792,0.18350294164,0.109520261501,75,0.00965250965251,-0.268445142582,-0.027027027027,0.0540540540541,-0.027027027027,153,9,63,1107,0.708333333333,0.991935483871,0.00806451612903,0.291666666667,0.944444444444,0.708333333333,0.809523809524,0.789720337564,0.700268817204,0.68,119,173,0,0,0,0
863,WLNM_dir_neg,0.89136790404,0.691115322786,00:00:03,10,20,46,1232383570,threshold_sweep,0.8,0.931623931624,0.630057803468,0.751724137931,109,8,64,338,0.630057803468,0.976878612717,0.0231213872832,0.369942196532,0.931623931624,0.630057803468,0.751724137931,0.861271676301,0.591522157996,0.660377358491,0.684696865166,0.606936416185,216,43,173,0,216,0,43,0,173,37,216,0.162162162162,1.32432432432,11.6756756757,21.6,6,8.1990990496,0.702237650082,0.31006006006,10.329336629,1.76937710775,0.765265265265,3.0868314707,0.528762798222,0.252752752753,0.579945114934,0.437917739848,2,1.32432432432,0.579945114934,2,0.0121701261701,0.00597269624573,7,0.000900900900901,0.621196581197,37,37,37,1,0,0.72972972973,0.243243243243,0.027027027027,37,0.0322822822823,1.32432432432,2.32432432432,4.3,1.79166666667,2.13507811533,0.918580119386,0.479572595852,2.20496300691,1.89729375014,0.79949717159,1.1183696843,0.96231810044,0.51539912005,0.579945114934,0.437917739848,2,1.4,0.621455466266,2,0,0,0,0,0.0723761423761,37,30,30,0.810810810811,0,0.540540540541,0.108108108108,0.162162162162,37,160,0.12012012012,1.38280973473,8.64864864865,14.5454545455,4.32432432432,6.91301596915,0.799317471434,0.404560810811,7.78193796933,1.79957315541,0.782094594595,2.81912175109,0.651921904939,0.353040540541,0.637190016418,0.460793701705,2.14788024812,1.38280973473,0.637190016418,2.14788024812,0.165719804534,0.0946601941748,65,0.00836550836551,0.351688547434,37,37,37,1,0,0.702702702703,0.297297297297,0,-56,-0.042042042042,0.0584854104017,-3.02702702703,-7.05454545455,-1.67567567568,-1.28608308045,0.0970798213517,0.0945007507508,-2.54739865967,0.0301960476631,0.0168293293293,-0.267709719618,0.123159106716,0.100287787788,0.0572449014835,0.0228759618564,0.147880248118,0.0584854104017,0.0572449014835,0.147880248118,0.153549678364,0.088687497929,58,0.00746460746461,-0.269508033763,-0.027027027027,0.0540540540541,-0.027027027027,152,8,64,1108,0.703703703704,0.992831541219,0.00716845878136,0.296296296296,0.95,0.703703703704,0.808510638298,0.789729338664,0.696535244922,0.678571428571,117,173,0,0,0,0
864,WLNM_dir_neg,0.89136790404,0.691115322786,00:00:03,10,20,46,1232383570,threshold_sweep,0.9,0.939655172414,0.630057803468,0.754325259516,109,7,64,339,0.630057803468,0.979768786127,0.0202312138728,0.369942196532,0.939655172414,0.630057803468,0.754325259516,0.863198458574,0.592164418754,0.664566929134,0.690058547645,0.609826589595,216,43,173,0,216,0,43,0,173,37,216,0.162162162162,1.32432432432,11.6756756757,21.6,6,8.1990990496,0.702237650082,0.31006006006,10.329336629,1.76937710775,0.765265265265,3.0868314707,0.528762798222,0.252752752753,0.579945114934,0.437917739848,2,1.32432432432,0.579945114934,2,0.0121701261701,0.00597269624573,7,0.000900900900901,0.621196581197,37,37,37,1,0,0.72972972973,0.243243243243,0.027027027027,37,0.0322822822823,1.32432432432,2.32432432432,4.3,1.79166666667,2.13507811533,0.918580119386,0.479572595852,2.20496300691,1.89729375014,0.79949717159,1.1183696843,0.96231810044,0.51539912005,0.579945114934,0.437917739848,2,1.4,0.621455466266,2,0,0,0,0,0.0723761423761,37,30,30,0.810810810811,0,0.540540540541,0.108108108108,0.162162162162,37,159,0.119369369369,1.37673785051,8.59459459459,14.4545454545,4.41666666667,6.88177730378,0.800709937862,0.403365629781,7.75265139185,1.80407611005,0.782933877273,2.85642419104,0.664702484707,0.361380248173,0.62748848701,0.455779207914,2.10734483787,1.37673785051,0.62748848701,2.10734483787,0.165719804534,0.0946601941748,65,0.00836550836551,0.355234094308,37,37,37,1,0,0.702702702703,0.27027027027,0.027027027027,-57,-0.0427927927928,0.0524135261851,-3.08108108108,-7.14545454545,-1.58333333333,-1.31732174582,0.0984722877796,0.0933055697207,-2.57668523715,0.0346990023086,0.0176686120082,-0.230407279664,0.135939686485,0.10862749542,0.0475433720758,0.0178614680654,0.107344837873,0.0524135261851,0.0475433720758,0.107344837873,0.153549678364,0.088687497929,58,0.00746460746461,-0.265962486889,-0.027027027027,0.027027027027,0,152,7,64,1109,0.703703703704,0.993727598566,0.00627240143369,0.296296296296,0.955974842767,0.703703703704,0.810666666667,0.792889816909,0.69743130227,0.681614349776,116,173,0,0,0,0
865,WLNM_dir_neg,0.907856928063,0.548638038929,00:00:03,10,20,47,1232383571,threshold_sweep,0.1,0.903225806452,0.809248554913,0.853658536585,140,15,33,331,0.809248554913,0.956647398844,0.0433526011561,0.190751445087,0.903225806452,0.809248554913,0.853658536585,0.907514450867,0.567116249197,0.786350148368,0.788886156748,0.765895953757,216,43,173,0,216,0,43,0,173,37,216,0.162162162162,1.32432432432,11.6756756757,21.6,6,8.1990990496,0.702237650082,0.31006006006,10.329336629,1.76937710775,0.765265265265,3.0868314707,0.528762798222,0.252752752753,0.579945114934,0.437917739848,2,1.32432432432,0.579945114934,2,0.0121701261701,0.00597269624573,7,0.000900900900901,0.621196581197,37,37,37,1,0,0.72972972973,0.243243243243,0.027027027027,37,0.0322822822823,1.32972972973,2.32432432432,4.3,1.72,2.21176216893,0.951572095933,0.497800125707,2.19232896854,1.88642260084,0.798240100566,1.16698837263,1.00415278575,0.514142049026,0.59668755311,0.448728444412,2.2,1.42068965517,0.646628238494,2.2,0,0,0,0,0.0774725891393,37,29,29,0.783783783784,0,0.513513513514,0.162162162162,0.108108108108,37,198,0.148648648649,1.63481781642,10.7027027027,11,5.35135135135,7.89115139066,0.737304549127,0.356538356538,9.32206527015,1.74200209594,0.763854763855,3.0931484878,0.578012596205,0.306306306306,0.718408644344,0.439442632157,2.32444444444,1.63481781642,0.718408644344,2.32444444444,0.208359913394,0.13872255489,139,0.0178893178893,0.308561720827,37,37,37,1,0,0.513513513514,0.486486486486,0,-18,-0.0135135135135,0.310493492093,-0.972972972973,-10.6,-0.648648648649,-0.307947658947,0.0350668990452,0.0464782964783,-1.00727135885,-0.0273750118086,-0.0014105014105,0.0063170170941,0.0492497979823,0.0535535535536,0.138463529409,0.00152489230878,0.324444444444,0.310493492093,0.138463529409,0.324444444444,0.196189787224,0.132749858644,132,0.0169884169884,-0.31263486037,-0.216216216216,0.243243243243,-0.027027027027,183,15,33,1101,0.847222222222,0.986559139785,0.0134408602151,0.152777777778,0.924242424242,0.847222222222,0.884057971014,0.86391702641,0.833781362007,0.792207792208,155,173,0,0,0,0
866,WLNM_dir_neg,0.907856928063,0.548638038929,00:00:03,10,20,47,1232383571,threshold_sweep,0.2,0.908496732026,0.803468208092,0.852760736196,139,14,34,332,0.803468208092,0.959537572254,0.0404624277457,0.196531791908,0.908496732026,0.803468208092,0.852760736196,0.907514450867,0.568400770713,0.785714285714,0.788864969161,0.763005780347,216,43,173,0,216,0,43,0,173,37,216,0.162162162162,1.32432432432,11.6756756757,21.6,6,8.1990990496,0.702237650082,0.31006006006,10.329336629,1.76937710775,0.765265265265,3.0868314707,0.528762798222,0.252752752753,0.579945114934,0.437917739848,2,1.32432432432,0.579945114934,2,0.0121701261701,0.00597269624573,7,0.000900900900901,0.621196581197,37,37,37,1,0,0.72972972973,0.243243243243,0.027027027027,37,0.0322822822823,1.32972972973,2.32432432432,4.3,1.72,2.21176216893,0.951572095933,0.497800125707,2.19232896854,1.88642260084,0.798240100566,1.16698837263,1.00415278575,0.514142049026,0.59668755311,0.448728444412,2.2,1.42068965517,0.646628238494,2.2,0,0,0,0,0.0774725891393,37,29,29,0.783783783784,0,0.513513513514,0.162162162162,0.108108108108,37,196,0.147147147147,1.63396051491,10.5945945946,10.8888888889,5.2972972973,7.76909639912,0.733307568285,0.355350248207,9.21913729654,1.7403473468,0.763927192499,3.10791878259,0.586698953856,0.309983452841,0.717399117699,0.439055357305,2.32444444444,1.63396051491,0.717399117699,2.32444444444,0.183633212618,0.119713506139,117,0.0150579150579,0.30811715059,37,37,37,1,0,0.513513513514,0.486486486486,0,-20,-0.015015015015,0.309636190591,-1.08108108108,-10.7111111111,-0.702702702703,-0.430002650482,0.0310699182027,0.0452901881473,-1.11019933246,-0.0290297609491,-0.00133807276664,0.0210873118834,0.0579361556333,0.0572307000878,0.137454002764,0.00113761745681,0.324444444444,0.309636190591,0.137454002764,0.324444444444,0.171463086448,0.113740809893,110,0.014157014157,-0.313079430607,-0.216216216216,0.243243243243,-0.027027027027,182,14,34,1102,0.842592592593,0.987455197133,0.0125448028674,0.157407407407,0.928571428571,0.842592592593,0.883495145631,0.863664102684,0.830047789725,0.791304347826,153,173,0,0,0,0
867,WLNM_dir_neg,0.907856928063,0.548638038929,00:00:03,10,20,47,1232383571,threshold_sweep,0.3,0.904761904762,0.768786127168,0.83125,133,14,40,332,0.768786127168,0.959537572254,0.0404624277457,0.231213872832,0.904761904762,0.768786127168,0.83125,0.895953757225,0.57225433526,0.756756756757,0.762000762001,0.728323699422,216,43,173,0,216,0,43,0,173,37,216,0.162162162162,1.32432432432,11.6756756757,21.6,6,8.1990990496,0.702237650082,0.31006006006,10.329336629,1.76937710775,0.765265265265,3.0868314707,0.528762798222,0.252752752753,0.579945114934,0.437917739848,2,1.32432432432,0.579945114934,2,0.0121701261701,0.00597269624573,7,0.000900900900901,0.621196581197,37,37,37,1,0,0.72972972973,0.243243243243,0.027027027027,37,0.0322822822823,1.32972972973,2.32432432432,4.3,1.72,2.21176216893,0.951572095933,0.497800125707,2.19232896854,1.88642260084,0.798240100566,1.16698837263,1.00415278575,0.514142049026,0.59668755311,0.448728444412,2.2,1.42068965517,0.646628238494,2.2,0,0,0,0,0.0774725891393,37,29,29,0.783783783784,0,0.513513513514,0.162162162162,0.108108108108,37,190,0.142642642643,1.63379284267,10.2702702703,10.5555555556,5.13513513514,7.59622950566,0.73963287292,0.365149359886,8.91054980896,1.73521233122,0.764153627312,3.14609248082,0.612660114687,0.325746799431,0.717158245631,0.438952985287,2.32304093567,1.63379284267,0.717158245631,2.32304093567,0.187172953301,0.124773960217,115,0.0148005148005,0.306125407924,37,37,37,1,0,0.513513513514,0.486486486486,0,-26,-0.0195195195195,0.309468518347,-1.40540540541,-11.0444444444,-0.864864864865,-0.602869543942,0.0373952228379,0.0550892998261,-1.41878682004,-0.0341647765274,-0.00111163795374,0.0592610101201,0.0838973164644,0.0729940466783,0.137213130697,0.00103524543847,0.323040935673,0.309468518347,0.137213130697,0.323040935673,0.175002827131,0.118801263971,108,0.0138996138996,-0.315071173273,-0.216216216216,0.243243243243,-0.027027027027,176,14,40,1102,0.814814814815,0.987455197133,0.0125448028674,0.185185185185,0.926315789474,0.814814814815,0.866995073892,0.845609161301,0.802270011947,0.765217391304,147,173,0,0,0,0
868,WLNM_dir_neg,0.907856928063,0.548638038929,00:00:03,10,20,47,1232383571,threshold_sweep,0.4,0.904761904762,0.768786127168,0.83125,133,14,40,332,0.768786127168,0.959537572254,0.0404624277457,0.231213872832,0.904761904762,0.768786127168,0.83125,0.895953757225,0.57225433526,0.756756756757,0.762000762001,0.728323699422,216,43,173,0,216,0,43,0,173,37,216,0.162162162162,1.32432432432,11.6756756757,21.6,6,8.1990990496,0.702237650082,0.31006006006,10.329336629,1.76937710775,0.765265265265,3.0868314707,0.528762798222,0.252752752753,0.579945114934,0.437917739848,2,1.32432432432,0.579945114934,2,0.0121701261701,0.00597269624573,7,0.000900900900901,0.621196581197,37,37,37,1,0,0.72972972973,0.243243243243,0.027027027027,37,0.0322822822823,1.32972972973,2.32432432432,4.3,1.72,2.21176216893,0.951572095933,0.497800125707,2.19232896854,1.88642260084,0.798240100566,1.16698837263,1.00415278575,0.514142049026,0.59668755311,0.448728444412,2.2,1.42068965517,0.646628238494,2.2,0,0,0,0,0.0774725891393,37,29,29,0.783783783784,0,0.513513513514,0.162162162162,0.108108108108,37,190,0.142642642643,1.63379284267,10.2702702703,10.5555555556,5.13513513514,7.59622950566,0.73963287292,0.365149359886,8.91054980896,1.73521233122,0.764153627312,3.14609248082,0.612660114687,0.325746799431,0.717158245631,0.438952985287,2.32304093567,1.63379284267,0.717158245631,2.32304093567,0.187172953301,0.124773960217,115,0.0148005148005,0.306125407924,37,37,37,1,0,0.513513513514,0.486486486486,0,-26,-0.0195195195195,0.309468518347,-1.40540540541,-11.0444444444,-0.864864864865,-0.602869543942,0.0373952228379,0.0550892998261,-1.41878682004,-0.0341647765274,-0.00111163795374,0.0592610101201,0.0838973164644,0.0729940466783,0.137213130697,0.00103524543847,0.323040935673,0.309468518347,0.137213130697,0.323040935673,0.175002827131,0.118801263971,108,0.0138996138996,-0.315071173273,-0.216216216216,0.243243243243,-0.027027027027,176,14,40,1102,0.814814814815,0.987455197133,0.0125448028674,0.185185185185,0.926315789474,0.814814814815,0.866995073892,0.845609161301,0.802270011947,0.765217391304,147,173,0,0,0,0
869,WLNM_dir_neg,0.907856928063,0.548638038929,00:00:03,10,20,47,1232383571,threshold_sweep,0.5,0.91724137931,0.768786127168,0.836477987421,133,12,40,334,0.768786127168,0.965317919075,0.0346820809249,0.231213872832,0.91724137931,0.768786127168,0.836477987421,0.899807321773,0.573538856776,0.765060240964,0.771256640941,0.734104046243,216,43,173,0,216,0,43,0,173,37,216,0.162162162162,1.32432432432,11.6756756757,21.6,6,8.1990990496,0.702237650082,0.31006006006,10.329336629,1.76937710775,0.765265265265,3.0868314707,0.528762798222,0.252752752753,0.579945114934,0.437917739848,2,1.32432432432,0.579945114934,2,0.0121701261701,0.00597269624573,7,0.000900900900901,0.621196581197,37,37,37,1,0,0.72972972973,0.243243243243,0.027027027027,37,0.0322822822823,1.32972972973,2.32432432432,4.3,1.72,2.21176216893,0.951572095933,0.497800125707,2.19232896854,1.88642260084,0.798240100566,1.16698837263,1.00415278575,0.514142049026,0.59668755311,0.448728444412,2.2,1.42068965517,0.646628238494,2.2,0,0,0,0,0.0774725891393,37,29,29,0.783783783784,0,0.513513513514,0.162162162162,0.108108108108,37,188,0.141141141141,1.6262902945,10.1621621622,10.4444444444,5.08108108108,7.48150873641,0.73621229587,0.361989649224,8.88625148561,1.74888992004,0.766532489937,3.20050671664,0.629886960189,0.334675100633,0.709409512045,0.436213334388,2.32304093567,1.6262902945,0.709409512045,2.32304093567,0.162477491413,0.110163204748,99,0.0127413127413,0.306161658159,37,37,37,1,0,0.513513513514,0.486486486486,0,-28,-0.021021021021,0.301965970171,-1.51351351351,-11.1555555556,-0.918918918919,-0.717590313195,0.0339746457882,0.0519295891636,-1.44308514339,-0.0204871877055,0.00126722467148,0.113675245934,0.101124161967,0.0819223478798,0.129464397111,-0.00170440546021,0.323040935673,0.301965970171,0.129464397111,0.323040935673,0.150307365243,0.104190508502,92,0.0118404118404,-0.315034923037,-0.216216216216,0.243243243243,-0.027027027027,176,12,40,1104,0.814814814815,0.989247311828,0.010752688172,0.185185185185,0.936170212766,0.814814814815,0.871287128713,0.851249053923,0.804062126643,0.771929824561,145,173,0,0,0,0
870,WLNM_dir_neg,0.907856928063,0.548638038929,00:00:03,10,20,47,1232383571,threshold_sweep,0.6,0.91724137931,0.768786127168,0.836477987421,133,12,40,334,0.768786127168,0.965317919075,0.0346820809249,0.231213872832,0.91724137931,0.768786127168,0.836477987421,0.899807321773,0.573538856776,0.765060240964,0.771256640941,0.734104046243,216,43,173,0,216,0,43,0,173,37,216,0.162162162162,1.32432432432,11.6756756757,21.6,6,8.1990990496,0.702237650082,0.31006006006,10.329336629,1.76937710775,0.765265265265,3.0868314707,0.528762798222,0.252752752753,0.579945114934,0.437917739848,2,1.32432432432,0.579945114934,2,0.0121701261701,0.00597269624573,7,0.000900900900901,0.621196581197,37,37,37,1,0,0.72972972973,0.243243243243,0.027027027027,37,0.0322822822823,1.32972972973,2.32432432432,4.3,1.72,2.21176216893,0.951572095933,0.497800125707,2.19232896854,1.88642260084,0.798240100566,1.16698837263,1.00415278575,0.514142049026,0.59668755311,0.448728444412,2.2,1.42068965517,0.646628238494,2.2,0,0,0,0,0.0774725891393,37,29,29,0.783783783784,0,0.513513513514,0.162162162162,0.108108108108,37,188,0.141141141141,1.6262902945,10.1621621622,10.4444444444,5.08108108108,7.48150873641,0.73621229587,0.361989649224,8.88625148561,1.74888992004,0.766532489937,3.20050671664,0.629886960189,0.334675100633,0.709409512045,0.436213334388,2.32304093567,1.6262902945,0.709409512045,2.32304093567,0.162477491413,0.110163204748,99,0.0127413127413,0.306161658159,37,37,37,1,0,0.513513513514,0.486486486486,0,-28,-0.021021021021,0.301965970171,-1.51351351351,-11.1555555556,-0.918918918919,-0.717590313195,0.0339746457882,0.0519295891636,-1.44308514339,-0.0204871877055,0.00126722467148,0.113675245934,0.101124161967,0.0819223478798,0.129464397111,-0.00170440546021,0.323040935673,0.301965970171,0.129464397111,0.323040935673,0.150307365243,0.104190508502,92,0.0118404118404,-0.315034923037,-0.216216216216,0.243243243243,-0.027027027027,176,12,40,1104,0.814814814815,0.989247311828,0.010752688172,0.185185185185,0.936170212766,0.814814814815,0.871287128713,0.851249053923,0.804062126643,0.771929824561,145,173,0,0,0,0
871,WLNM_dir_neg,0.907856928063,0.548638038929,00:00:03,10,20,47,1232383571,threshold_sweep,0.7,0.91724137931,0.768786127168,0.836477987421,133,12,40,334,0.768786127168,0.965317919075,0.0346820809249,0.231213872832,0.91724137931,0.768786127168,0.836477987421,0.899807321773,0.573538856776,0.765060240964,0.771256640941,0.734104046243,216,43,173,0,216,0,43,0,173,37,216,0.162162162162,1.32432432432,11.6756756757,21.6,6,8.1990990496,0.702237650082,0.31006006006,10.329336629,1.76937710775,0.765265265265,3.0868314707,0.528762798222,0.252752752753,0.579945114934,0.437917739848,2,1.32432432432,0.579945114934,2,0.0121701261701,0.00597269624573,7,0.000900900900901,0.621196581197,37,37,37,1,0,0.72972972973,0.243243243243,0.027027027027,37,0.0322822822823,1.32972972973,2.32432432432,4.3,1.72,2.21176216893,0.951572095933,0.497800125707,2.19232896854,1.88642260084,0.798240100566,1.16698837263,1.00415278575,0.514142049026,0.59668755311,0.448728444412,2.2,1.42068965517,0.646628238494,2.2,0,0,0,0,0.0774725891393,37,29,29,0.783783783784,0,0.513513513514,0.162162162162,0.108108108108,37,188,0.141141141141,1.6262902945,10.1621621622,10.4444444444,5.08108108108,7.48150873641,0.73621229587,0.361989649224,8.88625148561,1.74888992004,0.766532489937,3.20050671664,0.629886960189,0.334675100633,0.709409512045,0.436213334388,2.32304093567,1.6262902945,0.709409512045,2.32304093567,0.162477491413,0.110163204748,99,0.0127413127413,0.306161658159,37,37,37,1,0,0.513513513514,0.486486486486,0,-28,-0.021021021021,0.301965970171,-1.51351351351,-11.1555555556,-0.918918918919,-0.717590313195,0.0339746457882,0.0519295891636,-1.44308514339,-0.0204871877055,0.00126722467148,0.113675245934,0.101124161967,0.0819223478798,0.129464397111,-0.00170440546021,0.323040935673,0.301965970171,0.129464397111,0.323040935673,0.150307365243,0.104190508502,92,0.0118404118404,-0.315034923037,-0.216216216216,0.243243243243,-0.027027027027,176,12,40,1104,0.814814814815,0.989247311828,0.010752688172,0.185185185185,0.936170212766,0.814814814815,0.871287128713,0.851249053923,0.804062126643,0.771929824561,145,173,0,0,0,0
872,WLNM_dir_neg,0.907856928063,0.548638038929,00:00:03,10,20,47,1232383571,threshold_sweep,0.8,0.969465648855,0.734104046243,0.835526315789,127,4,46,342,0.734104046243,0.988439306358,0.0115606936416,0.265895953757,0.969465648855,0.734104046243,0.835526315789,0.90366088632,0.582530507386,0.769230769231,0.784103694622,0.722543352601,216,43,173,0,216,0,43,0,173,37,216,0.162162162162,1.32432432432,11.6756756757,21.6,6,8.1990990496,0.702237650082,0.31006006006,10.329336629,1.76937710775,0.765265265265,3.0868314707,0.528762798222,0.252752752753,0.579945114934,0.437917739848,2,1.32432432432,0.579945114934,2,0.0121701261701,0.00597269624573,7,0.000900900900901,0.621196581197,37,37,37,1,0,0.72972972973,0.243243243243,0.027027027027,37,0.0322822822823,1.32972972973,2.32432432432,4.3,1.72,2.21176216893,0.951572095933,0.497800125707,2.19232896854,1.88642260084,0.798240100566,1.16698837263,1.00415278575,0.514142049026,0.59668755311,0.448728444412,2.2,1.42068965517,0.646628238494,2.2,0,0,0,0,0.0774725891393,37,29,29,0.783783783784,0,0.513513513514,0.162162162162,0.108108108108,37,174,0.130630630631,1.3681656145,9.40540540541,15.8181818182,4.7027027027,7.35020581518,0.78148739989,0.379621000311,8.66943822627,1.84350123202,0.789064926996,2.82709966087,0.601164870415,0.325566946257,0.612179010861,0.447445107795,2.05655706695,1.3681656145,0.612179010861,2.05655706695,0.0884125901466,0.0612244897959,49,0.00630630630631,0.362174473574,37,37,37,1,0,0.702702702703,0.297297297297,0,-42,-0.0315315315315,0.0438412901747,-2.27027027027,-5.78181818182,-1.2972972973,-0.848893234423,0.0792497498081,0.0695609402506,-1.65989840273,0.0741241242782,0.0237996617307,-0.259731809834,0.0724020721925,0.0728141935038,0.0322338959264,0.00952736794648,0.0565570669513,0.0438412901747,0.0322338959264,0.0565570669513,0.0762424639765,0.0552517935502,42,0.00540540540541,-0.259022107623,-0.027027027027,0.0540540540541,-0.027027027027,170,4,46,1112,0.787037037037,0.996415770609,0.00358422939068,0.212962962963,0.977011494253,0.787037037037,0.871794871795,0.856925191691,0.783452807646,0.772727272727,131,173,0,0,0,0
873,WLNM_dir_neg,0.907856928063,0.548638038929,00:00:03,10,20,47,1232383571,threshold_sweep,0.9,0.968992248062,0.722543352601,0.827814569536,125,4,48,342,0.722543352601,0.988439306358,0.0115606936416,0.277456647399,0.968992248062,0.722543352601,0.827814569536,0.899807321773,0.583815028902,0.759259259259,0.775519907554,0.71098265896,216,43,173,0,216,0,43,0,173,37,216,0.162162162162,1.32432432432,11.6756756757,21.6,6,8.1990990496,0.702237650082,0.31006006006,10.329336629,1.76937710775,0.765265265265,3.0868314707,0.528762798222,0.252752752753,0.579945114934,0.437917739848,2,1.32432432432,0.579945114934,2,0.0121701261701,0.00597269624573,7,0.000900900900901,0.621196581197,37,37,37,1,0,0.72972972973,0.243243243243,0.027027027027,37,0.0322822822823,1.32972972973,2.32432432432,4.3,1.72,2.21176216893,0.951572095933,0.497800125707,2.19232896854,1.88642260084,0.798240100566,1.16698837263,1.00415278575,0.514142049026,0.59668755311,0.448728444412,2.2,1.42068965517,0.646628238494,2.2,0,0,0,0,0.0774725891393,37,29,29,0.783783783784,0,0.513513513514,0.162162162162,0.108108108108,37,172,0.129129129129,1.36827473044,9.2972972973,15.6363636364,4.64864864865,7.29484165111,0.784619596195,0.383563796354,8.68656758774,1.86862209736,0.792583280955,2.88883113825,0.621434605322,0.335323695789,0.612486629334,0.447634247499,2.0569240933,1.36827473044,0.612486629334,2.0569240933,0.101226144178,0.0599744789451,47,0.00604890604891,0.358538109937,37,37,37,1,0,0.702702702703,0.297297297297,0,-44,-0.033033033033,0.0439504061173,-2.37837837838,-5.96363636364,-1.35135135135,-0.904257398498,0.0823819461127,0.0735037362944,-1.64276904126,0.0992449896184,0.0273180156901,-0.19800033245,0.0926718070996,0.0825709430361,0.0325415143992,0.00971650765089,0.0569240933037,0.0439504061173,0.0325415143992,0.0569240933037,0.0890560180081,0.0540017826994,40,0.00514800514801,-0.262658471259,-0.027027027027,0.0540540540541,-0.027027027027,168,4,48,1112,0.777777777778,0.996415770609,0.00358422939068,0.222222222222,0.976744186047,0.777777777778,0.865979381443,0.850972063088,0.774193548387,0.763636363636,129,173,0,0,0,0
874,WLNM_dir_neg,0.944944702462,0.726266870202,00:00:05,10,20,48,1232383572,threshold_sweep,0.1,0.832402234637,0.861271676301,0.846590909091,149,30,24,316,0.861271676301,0.913294797688,0.0867052023121,0.138728323699,0.832402234637,0.861271676301,0.846590909091,0.895953757225,0.551701991008,0.767908309456,0.768163773753,0.774566473988,216,43,173,0,216,0,43,0,173,37,216,0.162162162162,1.32432432432,11.6756756757,21.6,6,8.1990990496,0.702237650082,0.31006006006,10.329336629,1.76937710775,0.765265265265,3.0868314707,0.528762798222,0.252752752753,0.579945114934,0.437917739848,2,1.32432432432,0.579945114934,2,0.0121701261701,0.00597269624573,7,0.000900900900901,0.621196581197,37,37,37,1,0,0.72972972973,0.243243243243,0.027027027027,37,0.0322822822823,1.32432432432,2.32432432432,4.3,1.59259259259,2.26144071647,0.972945424528,0.469516027656,2.31556944656,1.99246673309,0.814582023884,1.01416395545,0.87265270585,0.455059710874,0.579945114934,0.437917739848,2,1.36363636364,0.603022689156,2,0,0,0,0,0.0618184284851,37,33,33,0.891891891892,0,0.621621621622,0.108108108108,0.162162162162,37,222,0.166666666667,2.25720114805,12,9.65217391304,6,8.50490054812,0.708741712343,0.335768200633,9.76387901058,1.62731316843,0.735086437789,2.64575131106,0.440958551844,0.233260287314,1.18184377391,0.523588150277,4,2.25720114805,1.18184377391,4,0.338863993419,0.215149769585,249,0.0320463320463,0.155721130878,37,37,37,1,0,0.378378378378,0.621621621622,0,6,0.0045045045045,0.932876823721,0.324324324324,-11.947826087,0,0.305801498511,0.00650406226108,0.025708140573,-0.565457618415,-0.142063939315,-0.0301788274761,-0.441080159639,-0.0878042463783,-0.0194924654384,0.601898658973,0.0856704104282,2,0.932876823721,0.601898658973,2,0.326693867249,0.20917707334,242,0.0311454311454,-0.465475450319,-0.351351351351,0.378378378378,-0.027027027027,192,30,24,1086,0.888888888889,0.97311827957,0.0268817204301,0.111111111111,0.864864864865,0.888888888889,0.876712328767,0.852573586519,0.862007168459,0.780487804878,179,173,0,0,0,0
875,WLNM_dir_neg,0.944944702462,0.726266870202,00:00:05,10,20,48,1232383572,threshold_sweep,0.2,0.85632183908,0.861271676301,0.85878962536,149,25,24,321,0.861271676301,0.92774566474,0.0722543352601,0.138728323699,0.85632183908,0.861271676301,0.85878962536,0.905587668593,0.554913294798,0.787878787879,0.787886170516,0.78901734104,216,43,173,0,216,0,43,0,173,37,216,0.162162162162,1.32432432432,11.6756756757,21.6,6,8.1990990496,0.702237650082,0.31006006006,10.329336629,1.76937710775,0.765265265265,3.0868314707,0.528762798222,0.252752752753,0.579945114934,0.437917739848,2,1.32432432432,0.579945114934,2,0.0121701261701,0.00597269624573,7,0.000900900900901,0.621196581197,37,37,37,1,0,0.72972972973,0.243243243243,0.027027027027,37,0.0322822822823,1.32432432432,2.32432432432,4.3,1.59259259259,2.26144071647,0.972945424528,0.469516027656,2.31556944656,1.99246673309,0.814582023884,1.01416395545,0.87265270585,0.455059710874,0.579945114934,0.437917739848,2,1.36363636364,0.603022689156,2,0,0,0,0,0.0618184284851,37,33,33,0.891891891892,0,0.621621621622,0.108108108108,0.162162162162,37,217,0.162912912913,1.93025372837,11.7297297297,12.0555555556,5.86486486486,8.60764727388,0.733831680032,0.343255698094,9.84085069201,1.6779330673,0.754514883547,2.39399900402,0.408193378565,0.216714410263,1.10401833904,0.571955035141,4,1.93025372837,1.10401833904,4,0.329156038173,0.197345132743,223,0.0287001287001,0.179830100542,37,37,37,1,0,0.513513513514,0.486486486486,0,1,0.000750750750751,0.605929404047,0.0540540540541,-9.54444444444,-0.135135135135,0.408548224279,0.0315940299497,0.0331956380343,-0.488485936994,-0.0914440404449,-0.0107503817181,-0.692832466688,-0.120569419657,-0.03603834249,0.524073224108,0.134037295293,2,0.605929404047,0.524073224108,2,0.316985912003,0.191372436498,216,0.0277992277992,-0.441366480655,-0.216216216216,0.243243243243,-0.027027027027,192,25,24,1091,0.888888888889,0.977598566308,0.0224014336918,0.111111111111,0.884792626728,0.888888888889,0.886836027714,0.86487621106,0.866487455197,0.796680497925,174,173,0,0,0,0
876,WLNM_dir_neg,0.944944702462,0.726266870202,00:00:05,10,20,48,1232383572,threshold_sweep,0.3,0.87134502924,0.861271676301,0.866279069767,149,22,24,324,0.861271676301,0.936416184971,0.0635838150289,0.138728323699,0.87134502924,0.861271676301,0.866279069767,0.911368015414,0.556840077071,0.8,0.800030247462,0.797687861272,216,43,173,0,216,0,43,0,173,37,216,0.162162162162,1.32432432432,11.6756756757,21.6,6,8.1990990496,0.702237650082,0.31006006006,10.329336629,1.76937710775,0.765265265265,3.0868314707,0.528762798222,0.252752752753,0.579945114934,0.437917739848,2,1.32432432432,0.579945114934,2,0.0121701261701,0.00597269624573,7,0.000900900900901,0.621196581197,37,37,37,1,0,0.72972972973,0.243243243243,0.027027027027,37,0.0322822822823,1.32432432432,2.32432432432,4.3,1.59259259259,2.26144071647,0.972945424528,0.469516027656,2.31556944656,1.99246673309,0.814582023884,1.01416395545,0.87265270585,0.455059710874,0.579945114934,0.437917739848,2,1.36363636364,0.603022689156,2,0,0,0,0,0.0618184284851,37,33,33,0.891891891892,0,0.621621621622,0.108108108108,0.162162162162,37,214,0.160660660661,1.83711764549,11.5675675676,11.8888888889,5.78378378378,8.43122681379,0.728867738575,0.33973225562,9.87458897917,1.70728874873,0.760293003284,2.47358416445,0.427675766751,0.227077544835,1.03716263859,0.564559728191,4,1.83711764549,1.03716263859,4,0.329156038173,0.197345132743,223,0.0287001287001,0.181660908821,37,37,37,1,0,0.513513513514,0.486486486486,0,-2,-0.0015015015015,0.512793321166,-0.108108108108,-9.71111111111,-0.216216216216,0.232127764186,0.0266300884935,0.02967219556,-0.454747649832,-0.0620883590107,-0.00497226198161,-0.613247306254,-0.101087031472,-0.0256752079182,0.457217523658,0.126641988342,2,0.512793321166,0.457217523658,2,0.316985912003,0.191372436498,216,0.0277992277992,-0.439535672376,-0.216216216216,0.243243243243,-0.027027027027,192,22,24,1094,0.888888888889,0.980286738351,0.0197132616487,0.111111111111,0.897196261682,0.888888888889,0.893023255814,0.872446338019,0.86917562724,0.806722689076,171,173,0,0,0,0
877,WLNM_dir_neg,0.944944702462,0.726266870202,00:00:05,10,20,48,1232383572,threshold_sweep,0.4,0.87134502924,0.861271676301,0.866279069767,149,22,24,324,0.861271676301,0.936416184971,0.0635838150289,0.138728323699,0.87134502924,0.861271676301,0.866279069767,0.911368015414,0.556840077071,0.8,0.800030247462,0.797687861272,216,43,173,0,216,0,43,0,173,37,216,0.162162162162,1.32432432432,11.6756756757,21.6,6,8.1990990496,0.702237650082,0.31006006006,10.329336629,1.76937710775,0.765265265265,3.0868314707,0.528762798222,0.252752752753,0.579945114934,0.437917739848,2,1.32432432432,0.579945114934,2,0.0121701261701,0.00597269624573,7,0.000900900900901,0.621196581197,37,37,37,1,0,0.72972972973,0.243243243243,0.027027027027,37,0.0322822822823,1.32432432432,2.32432432432,4.3,1.59259259259,2.26144071647,0.972945424528,0.469516027656,2.31556944656,1.99246673309,0.814582023884,1.01416395545,0.87265270585,0.455059710874,0.579945114934,0.437917739848,2,1.36363636364,0.603022689156,2,0,0,0,0,0.0618184284851,37,33,33,0.891891891892,0,0.621621621622,0.108108108108,0.162162162162,37,214,0.160660660661,1.83711764549,11.5675675676,11.8888888889,5.78378378378,8.43122681379,0.728867738575,0.33973225562,9.87458897917,1.70728874873,0.760293003284,2.47358416445,0.427675766751,0.227077544835,1.03716263859,0.564559728191,4,1.83711764549,1.03716263859,4,0.329156038173,0.197345132743,223,0.0287001287001,0.181660908821,37,37,37,1,0,0.513513513514,0.486486486486,0,-2,-0.0015015015015,0.512793321166,-0.108108108108,-9.71111111111,-0.216216216216,0.232127764186,0.0266300884935,0.02967219556,-0.454747649832,-0.0620883590107,-0.00497226198161,-0.613247306254,-0.101087031472,-0.0256752079182,0.457217523658,0.126641988342,2,0.512793321166,0.457217523658,2,0.316985912003,0.191372436498,216,0.0277992277992,-0.439535672376,-0.216216216216,0.243243243243,-0.027027027027,192,22,24,1094,0.888888888889,0.980286738351,0.0197132616487,0.111111111111,0.897196261682,0.888888888889,0.893023255814,0.872446338019,0.86917562724,0.806722689076,171,173,0,0,0,0
878,WLNM_dir_neg,0.944944702462,0.726266870202,00:00:05,10,20,48,1232383572,threshold_sweep,0.5,0.87134502924,0.861271676301,0.866279069767,149,22,24,324,0.861271676301,0.936416184971,0.0635838150289,0.138728323699,0.87134502924,0.861271676301,0.866279069767,0.911368015414,0.556840077071,0.8,0.800030247462,0.797687861272,216,43,173,0,216,0,43,0,173,37,216,0.162162162162,1.32432432432,11.6756756757,21.6,6,8.1990990496,0.702237650082,0.31006006006,10.329336629,1.76937710775,0.765265265265,3.0868314707,0.528762798222,0.252752752753,0.579945114934,0.437917739848,2,1.32432432432,0.579945114934,2,0.0121701261701,0.00597269624573,7,0.000900900900901,0.621196581197,37,37,37,1,0,0.72972972973,0.243243243243,0.027027027027,37,0.0322822822823,1.32432432432,2.32432432432,4.3,1.59259259259,2.26144071647,0.972945424528,0.469516027656,2.31556944656,1.99246673309,0.814582023884,1.01416395545,0.87265270585,0.455059710874,0.579945114934,0.437917739848,2,1.36363636364,0.603022689156,2,0,0,0,0,0.0618184284851,37,33,33,0.891891891892,0,0.621621621622,0.108108108108,0.162162162162,37,214,0.160660660661,1.83711764549,11.5675675676,11.8888888889,5.78378378378,8.43122681379,0.728867738575,0.33973225562,9.87458897917,1.70728874873,0.760293003284,2.47358416445,0.427675766751,0.227077544835,1.03716263859,0.564559728191,4,1.83711764549,1.03716263859,4,0.329156038173,0.197345132743,223,0.0287001287001,0.181660908821,37,37,37,1,0,0.513513513514,0.486486486486,0,-2,-0.0015015015015,0.512793321166,-0.108108108108,-9.71111111111,-0.216216216216,0.232127764186,0.0266300884935,0.02967219556,-0.454747649832,-0.0620883590107,-0.00497226198161,-0.613247306254,-0.101087031472,-0.0256752079182,0.457217523658,0.126641988342,2,0.512793321166,0.457217523658,2,0.316985912003,0.191372436498,216,0.0277992277992,-0.439535672376,-0.216216216216,0.243243243243,-0.027027027027,192,22,24,1094,0.888888888889,0.980286738351,0.0197132616487,0.111111111111,0.897196261682,0.888888888889,0.893023255814,0.872446338019,0.86917562724,0.806722689076,171,173,0,0,0,0
879,WLNM_dir_neg,0.944944702462,0.726266870202,00:00:05,10,20,48,1232383572,threshold_sweep,0.6,0.874251497006,0.843930635838,0.858823529412,146,21,27,325,0.843930635838,0.939306358382,0.0606936416185,0.156069364162,0.874251497006,0.843930635838,0.858823529412,0.907514450867,0.559409120103,0.790087463557,0.790359587202,0.78323699422,216,43,173,0,216,0,43,0,173,37,216,0.162162162162,1.32432432432,11.6756756757,21.6,6,8.1990990496,0.702237650082,0.31006006006,10.329336629,1.76937710775,0.765265265265,3.0868314707,0.528762798222,0.252752752753,0.579945114934,0.437917739848,2,1.32432432432,0.579945114934,2,0.0121701261701,0.00597269624573,7,0.000900900900901,0.621196581197,37,37,37,1,0,0.72972972973,0.243243243243,0.027027027027,37,0.0322822822823,1.32432432432,2.32432432432,4.3,1.59259259259,2.26144071647,0.972945424528,0.469516027656,2.31556944656,1.99246673309,0.814582023884,1.01416395545,0.87265270585,0.455059710874,0.579945114934,0.437917739848,2,1.36363636364,0.603022689156,2,0,0,0,0,0.0618184284851,37,33,33,0.891891891892,0,0.621621621622,0.108108108108,0.162162162162,37,210,0.157657657658,1.8369177827,11.3513513514,11.6666666667,5.83333333333,8.27384169878,0.728886054416,0.343114543115,9.65532108349,1.70117561947,0.759588159588,2.58257036103,0.455024301705,0.242985842986,1.03699226189,0.564528402769,4,1.86016549889,1.04187767916,4,0.329146334321,0.199332524272,219,0.0281853281853,0.182892107467,37,36,36,0.972972972973,0,0.486486486486,0.486486486486,0,-6,-0.0045045045045,0.512593458381,-0.324324324324,-9.93333333333,-0.166666666667,0.0747426491747,0.0266484043344,0.0330544830545,-0.674015545513,-0.0682014882738,-0.00567710567711,-0.504261109674,-0.0737384965172,-0.00976690976691,0.457047146953,0.12661066292,2,0.535841174567,0.461932564226,2,0.316976208151,0.193359828026,212,0.0272844272844,-0.43830447373,-0.243243243243,0.243243243243,-0.027027027027,189,21,27,1095,0.875,0.981182795699,0.0188172043011,0.125,0.9,0.875,0.887323943662,0.866002994695,0.856182795699,0.79746835443,167,173,0,0,0,0
880,WLNM_dir_neg,0.944944702462,0.726266870202,00:00:05,10,20,48,1232383572,threshold_sweep,0.7,0.874251497006,0.843930635838,0.858823529412,146,21,27,325,0.843930635838,0.939306358382,0.0606936416185,0.156069364162,0.874251497006,0.843930635838,0.858823529412,0.907514450867,0.559409120103,0.790087463557,0.790359587202,0.78323699422,216,43,173,0,216,0,43,0,173,37,216,0.162162162162,1.32432432432,11.6756756757,21.6,6,8.1990990496,0.702237650082,0.31006006006,10.329336629,1.76937710775,0.765265265265,3.0868314707,0.528762798222,0.252752752753,0.579945114934,0.437917739848,2,1.32432432432,0.579945114934,2,0.0121701261701,0.00597269624573,7,0.000900900900901,0.621196581197,37,37,37,1,0,0.72972972973,0.243243243243,0.027027027027,37,0.0322822822823,1.32432432432,2.32432432432,4.3,1.59259259259,2.26144071647,0.972945424528,0.469516027656,2.31556944656,1.99246673309,0.814582023884,1.01416395545,0.87265270585,0.455059710874,0.579945114934,0.437917739848,2,1.36363636364,0.603022689156,2,0,0,0,0,0.0618184284851,37,33,33,0.891891891892,0,0.621621621622,0.108108108108,0.162162162162,37,210,0.157657657658,1.8369177827,11.3513513514,11.6666666667,5.83333333333,8.27384169878,0.728886054416,0.343114543115,9.65532108349,1.70117561947,0.759588159588,2.58257036103,0.455024301705,0.242985842986,1.03699226189,0.564528402769,4,1.86016549889,1.04187767916,4,0.329146334321,0.199332524272,219,0.0281853281853,0.182892107467,37,36,36,0.972972972973,0,0.486486486486,0.486486486486,0,-6,-0.0045045045045,0.512593458381,-0.324324324324,-9.93333333333,-0.166666666667,0.0747426491747,0.0266484043344,0.0330544830545,-0.674015545513,-0.0682014882738,-0.00567710567711,-0.504261109674,-0.0737384965172,-0.00976690976691,0.457047146953,0.12661066292,2,0.535841174567,0.461932564226,2,0.316976208151,0.193359828026,212,0.0272844272844,-0.43830447373,-0.243243243243,0.243243243243,-0.027027027027,189,21,27,1095,0.875,0.981182795699,0.0188172043011,0.125,0.9,0.875,0.887323943662,0.866002994695,0.856182795699,0.79746835443,167,173,0,0,0,0
881,WLNM_dir_neg,0.944944702462,0.726266870202,00:00:05,10,20,48,1232383572,threshold_sweep,0.8,0.873493975904,0.838150289017,0.855457227139,145,21,28,325,0.838150289017,0.939306358382,0.0606936416185,0.161849710983,0.873493975904,0.838150289017,0.855457227139,0.905587668593,0.560051380861,0.785401459854,0.785770799063,0.777456647399,216,43,173,0,216,0,43,0,173,37,216,0.162162162162,1.32432432432,11.6756756757,21.6,6,8.1990990496,0.702237650082,0.31006006006,10.329336629,1.76937710775,0.765265265265,3.0868314707,0.528762798222,0.252752752753,0.579945114934,0.437917739848,2,1.32432432432,0.579945114934,2,0.0121701261701,0.00597269624573,7,0.000900900900901,0.621196581197,37,37,37,1,0,0.72972972973,0.243243243243,0.027027027027,37,0.0322822822823,1.32432432432,2.32432432432,4.3,1.59259259259,2.26144071647,0.972945424528,0.469516027656,2.31556944656,1.99246673309,0.814582023884,1.01416395545,0.87265270585,0.455059710874,0.579945114934,0.437917739848,2,1.36363636364,0.603022689156,2,0,0,0,0,0.0618184284851,37,33,33,0.891891891892,0,0.621621621622,0.108108108108,0.162162162162,37,209,0.156906906907,1.83753277863,11.2972972973,11.6111111111,5.80555555556,8.25921998222,0.731079280723,0.34398034398,9.62120406018,1.70327535994,0.760118970645,2.56272658853,0.453688439118,0.241820768137,1.03744125022,0.564583806227,4,1.86079757803,1.04232282261,4,0.331900839632,0.200917431193,219,0.0281853281853,0.181069549985,37,36,36,0.972972972973,0,0.486486486486,0.486486486486,0,-7,-0.00525525525526,0.513208454303,-0.378378378378,-9.98888888889,-0.194444444444,0.0601209326163,0.028841630641,0.0339202839203,-0.708132568823,-0.0661017478097,-0.00514629461998,-0.524104882172,-0.0750743591044,-0.0109319846162,0.457496135289,0.126666066378,2,0.536473253709,0.462377707674,2,0.319730713462,0.194944734947,212,0.0272844272844,-0.440127031212,-0.243243243243,0.243243243243,-0.027027027027,188,21,28,1095,0.87037037037,0.981182795699,0.0188172043011,0.12962962963,0.8995215311,0.87037037037,0.884705882353,0.862993887533,0.851553166069,0.793248945148,166,173,0,0,0,0
882,WLNM_dir_neg,0.944944702462,0.726266870202,00:00:05,10,20,48,1232383572,threshold_sweep,0.9,0.855172413793,0.71676300578,0.779874213836,124,21,49,325,0.71676300578,0.939306358382,0.0606936416185,0.28323699422,0.855172413793,0.71676300578,0.779874213836,0.865125240848,0.573538856776,0.683734939759,0.689272667298,0.656069364162,216,43,173,0,216,0,43,0,173,37,216,0.162162162162,1.32432432432,11.6756756757,21.6,6,8.1990990496,0.702237650082,0.31006006006,10.329336629,1.76937710775,0.765265265265,3.0868314707,0.528762798222,0.252752752753,0.579945114934,0.437917739848,2,1.32432432432,0.579945114934,2,0.0121701261701,0.00597269624573,7,0.000900900900901,0.621196581197,37,37,37,1,0,0.72972972973,0.243243243243,0.027027027027,37,0.0322822822823,1.32432432432,2.32432432432,4.3,1.59259259259,2.26144071647,0.972945424528,0.469516027656,2.31556944656,1.99246673309,0.814582023884,1.01416395545,0.87265270585,0.455059710874,0.579945114934,0.437917739848,2,1.36363636364,0.603022689156,2,0,0,0,0,0.0618184284851,37,33,33,0.891891891892,0,0.621621621622,0.108108108108,0.162162162162,37,188,0.141141141141,1.84046000713,10.1621621622,10.4444444444,5.37142857143,7.90749824714,0.778131476447,0.360264519839,9.03505020086,1.77817477357,0.77372052904,2.52078447202,0.496111837578,0.271707878091,1.04741562516,0.56910534383,4,1.88848629325,1.05720757761,4,0.367601371904,0.204371584699,187,0.0240669240669,0.156762766669,37,35,35,0.945945945946,0,0.459459459459,0.486486486486,0,-28,-0.021021021021,0.516135682803,-1.51351351351,-11.1555555556,-0.628571428571,-0.291600802464,0.0758938263655,0.0502044597789,-1.29428642814,0.00879766582897,0.00845526377441,-0.566046998689,-0.0326509606449,0.0189551253381,0.467470510227,0.131187603981,2,0.564161968925,0.477262462674,2,0.355431245734,0.198398888454,180,0.023166023166,-0.464433814527,-0.27027027027,0.243243243243,-0.027027027027,167,21,49,1095,0.773148148148,0.981182795699,0.0188172043011,0.226851851852,0.88829787234,0.773148148148,0.826732673267,0.79859936318,0.754330943847,0.704641350211,145,173,0,0,0,0
883,WLNM_dir_neg,0.926793411073,0.366140046015,00:00:02,10,20,49,1232383573,threshold_sweep,0.1,0.952755905512,0.699421965318,0.806666666667,121,6,52,340,0.699421965318,0.982658959538,0.0173410404624,0.300578034682,0.952755905512,0.699421965318,0.806666666667,0.888246628131,0.585099550417,0.730650154799,0.747914772222,0.682080924855,216,43,173,0,216,0,43,0,173,37,216,0.162162162162,1.32432432432,11.6756756757,21.6,6,8.1990990496,0.702237650082,0.31006006006,10.329336629,1.76937710775,0.765265265265,3.0868314707,0.528762798222,0.252752752753,0.579945114934,0.437917739848,2,1.32432432432,0.579945114934,2,0.0121701261701,0.00597269624573,7,0.000900900900901,0.621196581197,37,37,37,1,0,0.72972972973,0.243243243243,0.027027027027,37,0.0322822822823,1.27027027027,2.32432432432,4.77777777778,1.86956521739,2.10889721121,0.907316242032,0.477058453803,2.25479136154,1.94016931109,0.805782526713,1.21366097942,1.04431293578,0.551854179761,0.508191163105,0.400065383721,2,1.33333333333,0.546672273591,2,0,0,0,0,0.0943352172519,37,30,30,0.810810810811,0,0.567567567568,0.0540540540541,0.189189189189,37,170,0.127627627628,1.35923423423,9.18918918919,14.1666666667,5.15151515152,7.30995454401,0.795495053318,0.393004769475,8.58117921015,1.86766841633,0.788553259141,3.4112514766,0.74244885079,0.394594594595,0.550639444531,0.405110047012,2.03645833333,1.39093137255,0.563915664409,2.03645833333,0.191929085407,0.0853865760408,67,0.00862290862291,0.392368885903,37,34,34,0.918918918919,0,0.594594594595,0.297297297297,0.027027027027,-46,-0.0345345345345,0.0349099099099,-2.48648648649,-7.43333333333,-0.848484848485,-0.889144505598,0.0932574032364,0.0829447094153,-1.74815741885,0.0982913085805,0.0232879938762,0.324420005901,0.213686052568,0.141841841842,-0.0293056704035,-0.0328076928364,0.0364583333333,0.0666070482247,-0.0160294505254,0.0364583333333,0.179758959237,0.079413879795,60,0.00772200772201,-0.228827695293,-0.135135135135,0.0540540540541,0,164,6,52,1110,0.759259259259,0.994623655914,0.00537634408602,0.240740740741,0.964705882353,0.759259259259,0.849740932642,0.832789708167,0.753882915173,0.738738738739,127,173,0,0,0,0
884,WLNM_dir_neg,0.926793411073,0.366140046015,00:00:02,10,20,49,1232383573,threshold_sweep,0.2,0.952755905512,0.699421965318,0.806666666667,121,6,52,340,0.699421965318,0.982658959538,0.0173410404624,0.300578034682,0.952755905512,0.699421965318,0.806666666667,0.888246628131,0.585099550417,0.730650154799,0.747914772222,0.682080924855,216,43,173,0,216,0,43,0,173,37,216,0.162162162162,1.32432432432,11.6756756757,21.6,6,8.1990990496,0.702237650082,0.31006006006,10.329336629,1.76937710775,0.765265265265,3.0868314707,0.528762798222,0.252752752753,0.579945114934,0.437917739848,2,1.32432432432,0.579945114934,2,0.0121701261701,0.00597269624573,7,0.000900900900901,0.621196581197,37,37,37,1,0,0.72972972973,0.243243243243,0.027027027027,37,0.0322822822823,1.27027027027,2.32432432432,4.77777777778,1.86956521739,2.10889721121,0.907316242032,0.477058453803,2.25479136154,1.94016931109,0.805782526713,1.21366097942,1.04431293578,0.551854179761,0.508191163105,0.400065383721,2,1.33333333333,0.546672273591,2,0,0,0,0,0.0943352172519,37,30,30,0.810810810811,0,0.567567567568,0.0540540540541,0.189189189189,37,170,0.127627627628,1.35923423423,9.18918918919,14.1666666667,5.15151515152,7.30995454401,0.795495053318,0.393004769475,8.58117921015,1.86766841633,0.788553259141,3.4112514766,0.74244885079,0.394594594595,0.550639444531,0.405110047012,2.03645833333,1.39093137255,0.563915664409,2.03645833333,0.191929085407,0.0853865760408,67,0.00862290862291,0.392368885903,37,34,34,0.918918918919,0,0.594594594595,0.297297297297,0.027027027027,-46,-0.0345345345345,0.0349099099099,-2.48648648649,-7.43333333333,-0.848484848485,-0.889144505598,0.0932574032364,0.0829447094153,-1.74815741885,0.0982913085805,0.0232879938762,0.324420005901,0.213686052568,0.141841841842,-0.0293056704035,-0.0328076928364,0.0364583333333,0.0666070482247,-0.0160294505254,0.0364583333333,0.179758959237,0.079413879795,60,0.00772200772201,-0.228827695293,-0.135135135135,0.0540540540541,0,164,6,52,1110,0.759259259259,0.994623655914,0.00537634408602,0.240740740741,0.964705882353,0.759259259259,0.849740932642,0.832789708167,0.753882915173,0.738738738739,127,173,0,0,0,0
885,WLNM_dir_neg,0.926793411073,0.366140046015,00:00:02,10,20,49,1232383573,threshold_sweep,0.3,0.952755905512,0.699421965318,0.806666666667,121,6,52,340,0.699421965318,0.982658959538,0.0173410404624,0.300578034682,0.952755905512,0.699421965318,0.806666666667,0.888246628131,0.585099550417,0.730650154799,0.747914772222,0.682080924855,216,43,173,0,216,0,43,0,173,37,216,0.162162162162,1.32432432432,11.6756756757,21.6,6,8.1990990496,0.702237650082,0.31006006006,10.329336629,1.76937710775,0.765265265265,3.0868314707,0.528762798222,0.252752752753,0.579945114934,0.437917739848,2,1.32432432432,0.579945114934,2,0.0121701261701,0.00597269624573,7,0.000900900900901,0.621196581197,37,37,37,1,0,0.72972972973,0.243243243243,0.027027027027,37,0.0322822822823,1.27027027027,2.32432432432,4.77777777778,1.86956521739,2.10889721121,0.907316242032,0.477058453803,2.25479136154,1.94016931109,0.805782526713,1.21366097942,1.04431293578,0.551854179761,0.508191163105,0.400065383721,2,1.33333333333,0.546672273591,2,0,0,0,0,0.0943352172519,37,30,30,0.810810810811,0,0.567567567568,0.0540540540541,0.189189189189,37,170,0.127627627628,1.35923423423,9.18918918919,14.1666666667,5.15151515152,7.30995454401,0.795495053318,0.393004769475,8.58117921015,1.86766841633,0.788553259141,3.4112514766,0.74244885079,0.394594594595,0.550639444531,0.405110047012,2.03645833333,1.39093137255,0.563915664409,2.03645833333,0.191929085407,0.0853865760408,67,0.00862290862291,0.392368885903,37,34,34,0.918918918919,0,0.594594594595,0.297297297297,0.027027027027,-46,-0.0345345345345,0.0349099099099,-2.48648648649,-7.43333333333,-0.848484848485,-0.889144505598,0.0932574032364,0.0829447094153,-1.74815741885,0.0982913085805,0.0232879938762,0.324420005901,0.213686052568,0.141841841842,-0.0293056704035,-0.0328076928364,0.0364583333333,0.0666070482247,-0.0160294505254,0.0364583333333,0.179758959237,0.079413879795,60,0.00772200772201,-0.228827695293,-0.135135135135,0.0540540540541,0,164,6,52,1110,0.759259259259,0.994623655914,0.00537634408602,0.240740740741,0.964705882353,0.759259259259,0.849740932642,0.832789708167,0.753882915173,0.738738738739,127,173,0,0,0,0
886,WLNM_dir_neg,0.926793411073,0.366140046015,00:00:02,10,20,49,1232383573,threshold_sweep,0.4,0.968,0.699421965318,0.812080536913,121,4,52,342,0.699421965318,0.988439306358,0.0115606936416,0.300578034682,0.968,0.699421965318,0.812080536913,0.892100192678,0.586384071933,0.739130434783,0.758331055574,0.687861271676,216,43,173,0,216,0,43,0,173,37,216,0.162162162162,1.32432432432,11.6756756757,21.6,6,8.1990990496,0.702237650082,0.31006006006,10.329336629,1.76937710775,0.765265265265,3.0868314707,0.528762798222,0.252752752753,0.579945114934,0.437917739848,2,1.32432432432,0.579945114934,2,0.0121701261701,0.00597269624573,7,0.000900900900901,0.621196581197,37,37,37,1,0,0.72972972973,0.243243243243,0.027027027027,37,0.0322822822823,1.27027027027,2.32432432432,4.77777777778,1.86956521739,2.10889721121,0.907316242032,0.477058453803,2.25479136154,1.94016931109,0.805782526713,1.21366097942,1.04431293578,0.551854179761,0.508191163105,0.400065383721,2,1.33333333333,0.546672273591,2,0,0,0,0,0.0943352172519,37,30,30,0.810810810811,0,0.567567567568,0.0540540540541,0.189189189189,37,168,0.126126126126,1.35679185679,9.08108108108,14,5.25,7.09608021054,0.781413594613,0.387548262548,8.46100399412,1.86343540347,0.787001287001,3.46886624606,0.763976494667,0.405083655084,0.546749975185,0.402972624318,2.02516233766,1.38827349121,0.559926424104,2.02516233766,0.124200757521,0.0318021201413,24,0.0030888030888,0.399297672025,37,34,34,0.918918918919,0,0.594594594595,0.27027027027,0.0540540540541,-48,-0.036036036036,0.0324675324675,-2.59459459459,-7.6,-0.75,-1.10301883907,0.0791759445307,0.0774882024882,-1.86833263488,0.0940582957225,0.021736021736,0.382034775353,0.235213696445,0.152330902331,-0.0331951397492,-0.03494511553,0.0251623376623,0.0639491668903,-0.0200186908305,0.0251623376623,0.112030631351,0.0258294238956,17,0.0021879021879,-0.221898909172,-0.135135135135,0.027027027027,0.027027027027,164,4,52,1112,0.759259259259,0.996415770609,0.00358422939068,0.240740740741,0.97619047619,0.759259259259,0.854166666667,0.839001840846,0.755675029869,0.745454545455,125,173,0,0,0,0
887,WLNM_dir_neg,0.926793411073,0.366140046015,00:00:02,10,20,49,1232383573,threshold_sweep,0.5,0.991666666667,0.687861271676,0.81228668942,119,1,54,345,0.687861271676,0.99710982659,0.0028901734104,0.312138728324,0.991666666667,0.687861271676,0.81228668942,0.894026974952,0.589595375723,0.741784037559,0.76587215015,0.684971098266,216,43,173,0,216,0,43,0,173,37,216,0.162162162162,1.32432432432,11.6756756757,21.6,6,8.1990990496,0.702237650082,0.31006006006,10.329336629,1.76937710775,0.765265265265,3.0868314707,0.528762798222,0.252752752753,0.579945114934,0.437917739848,2,1.32432432432,0.579945114934,2,0.0121701261701,0.00597269624573,7,0.000900900900901,0.621196581197,37,37,37,1,0,0.72972972973,0.243243243243,0.027027027027,37,0.0322822822823,1.27027027027,2.32432432432,4.77777777778,1.86956521739,2.10889721121,0.907316242032,0.477058453803,2.25479136154,1.94016931109,0.805782526713,1.21366097942,1.04431293578,0.551854179761,0.508191163105,0.400065383721,2,1.33333333333,0.546672273591,2,0,0,0,0,0.0943352172519,37,30,30,0.810810810811,0,0.567567567568,0.0540540540541,0.189189189189,37,163,0.122372372372,1.27167427167,8.81081081081,18.1111111111,5.09375,7.10960945106,0.806918864077,0.399767866026,8.40456046659,1.9077836642,0.795224672525,3.31209449895,0.751825131663,0.399933676007,0.510667747287,0.401571187419,2.00649350649,1.29564553094,0.52648571535,2.00649350649,0.0363492160014,0.0288593678424,21,0.0027027027027,0.596808438475,37,34,34,0.918918918919,0,0.675675675676,0.189189189189,0.0540540540541,-53,-0.0397897897898,-0.0526500526501,-2.86486486486,-3.48888888889,-0.90625,-1.08948959855,0.104681213995,0.0897078059655,-1.92477616241,0.138406556451,0.02995940726,0.225263028245,0.223062333441,0.147180923255,-0.0692773676474,-0.036346552429,0.0064935064935,-0.0286787933847,-0.0534593995849,0.0064935064935,0.0241790898313,0.0228866715967,14,0.0018018018018,-0.0243881427215,-0.0540540540541,-0.0540540540541,0.027027027027,162,1,54,1115,0.75,0.999103942652,0.00089605734767,0.25,0.993865030675,0.75,0.854881266491,0.842558371325,0.749103942652,0.746543778802,120,173,0,0,0,0
888,WLNM_dir_neg,0.926793411073,0.366140046015,00:00:02,10,20,49,1232383573,threshold_sweep,0.6,0.991666666667,0.687861271676,0.81228668942,119,1,54,345,0.687861271676,0.99710982659,0.0028901734104,0.312138728324,0.991666666667,0.687861271676,0.81228668942,0.894026974952,0.589595375723,0.741784037559,0.76587215015,0.684971098266,216,43,173,0,216,0,43,0,173,37,216,0.162162162162,1.32432432432,11.6756756757,21.6,6,8.1990990496,0.702237650082,0.31006006006,10.329336629,1.76937710775,0.765265265265,3.0868314707,0.528762798222,0.252752752753,0.579945114934,0.437917739848,2,1.32432432432,0.579945114934,2,0.0121701261701,0.00597269624573,7,0.000900900900901,0.621196581197,37,37,37,1,0,0.72972972973,0.243243243243,0.027027027027,37,0.0322822822823,1.27027027027,2.32432432432,4.77777777778,1.86956521739,2.10889721121,0.907316242032,0.477058453803,2.25479136154,1.94016931109,0.805782526713,1.21366097942,1.04431293578,0.551854179761,0.508191163105,0.400065383721,2,1.33333333333,0.546672273591,2,0,0,0,0,0.0943352172519,37,30,30,0.810810810811,0,0.567567567568,0.0540540540541,0.189189189189,37,163,0.122372372372,1.27167427167,8.81081081081,18.1111111111,5.09375,7.10960945106,0.806918864077,0.399767866026,8.40456046659,1.9077836642,0.795224672525,3.31209449895,0.751825131663,0.399933676007,0.510667747287,0.401571187419,2.00649350649,1.29564553094,0.52648571535,2.00649350649,0.0363492160014,0.0288593678424,21,0.0027027027027,0.596808438475,37,34,34,0.918918918919,0,0.675675675676,0.189189189189,0.0540540540541,-53,-0.0397897897898,-0.0526500526501,-2.86486486486,-3.48888888889,-0.90625,-1.08948959855,0.104681213995,0.0897078059655,-1.92477616241,0.138406556451,0.02995940726,0.225263028245,0.223062333441,0.147180923255,-0.0692773676474,-0.036346552429,0.0064935064935,-0.0286787933847,-0.0534593995849,0.0064935064935,0.0241790898313,0.0228866715967,14,0.0018018018018,-0.0243881427215,-0.0540540540541,-0.0540540540541,0.027027027027,162,1,54,1115,0.75,0.999103942652,0.00089605734767,0.25,0.993865030675,0.75,0.854881266491,0.842558371325,0.749103942652,0.746543778802,120,173,0,0,0,0
889,WLNM_dir_neg,0.926793411073,0.366140046015,00:00:02,10,20,49,1232383573,threshold_sweep,0.7,0.991666666667,0.687861271676,0.81228668942,119,1,54,345,0.687861271676,0.99710982659,0.0028901734104,0.312138728324,0.991666666667,0.687861271676,0.81228668942,0.894026974952,0.589595375723,0.741784037559,0.76587215015,0.684971098266,216,43,173,0,216,0,43,0,173,37,216,0.162162162162,1.32432432432,11.6756756757,21.6,6,8.1990990496,0.702237650082,0.31006006006,10.329336629,1.76937710775,0.765265265265,3.0868314707,0.528762798222,0.252752752753,0.579945114934,0.437917739848,2,1.32432432432,0.579945114934,2,0.0121701261701,0.00597269624573,7,0.000900900900901,0.621196581197,37,37,37,1,0,0.72972972973,0.243243243243,0.027027027027,37,0.0322822822823,1.27027027027,2.32432432432,4.77777777778,1.86956521739,2.10889721121,0.907316242032,0.477058453803,2.25479136154,1.94016931109,0.805782526713,1.21366097942,1.04431293578,0.551854179761,0.508191163105,0.400065383721,2,1.33333333333,0.546672273591,2,0,0,0,0,0.0943352172519,37,30,30,0.810810810811,0,0.567567567568,0.0540540540541,0.189189189189,37,163,0.122372372372,1.27167427167,8.81081081081,18.1111111111,5.09375,7.10960945106,0.806918864077,0.399767866026,8.40456046659,1.9077836642,0.795224672525,3.31209449895,0.751825131663,0.399933676007,0.510667747287,0.401571187419,2.00649350649,1.29564553094,0.52648571535,2.00649350649,0.0363492160014,0.0288593678424,21,0.0027027027027,0.596808438475,37,34,34,0.918918918919,0,0.675675675676,0.189189189189,0.0540540540541,-53,-0.0397897897898,-0.0526500526501,-2.86486486486,-3.48888888889,-0.90625,-1.08948959855,0.104681213995,0.0897078059655,-1.92477616241,0.138406556451,0.02995940726,0.225263028245,0.223062333441,0.147180923255,-0.0692773676474,-0.036346552429,0.0064935064935,-0.0286787933847,-0.0534593995849,0.0064935064935,0.0241790898313,0.0228866715967,14,0.0018018018018,-0.0243881427215,-0.0540540540541,-0.0540540540541,0.027027027027,162,1,54,1115,0.75,0.999103942652,0.00089605734767,0.25,0.993865030675,0.75,0.854881266491,0.842558371325,0.749103942652,0.746543778802,120,173,0,0,0,0
890,WLNM_dir_neg,0.926793411073,0.366140046015,00:00:02,10,20,49,1232383573,threshold_sweep,0.8,0.991666666667,0.687861271676,0.81228668942,119,1,54,345,0.687861271676,0.99710982659,0.0028901734104,0.312138728324,0.991666666667,0.687861271676,0.81228668942,0.894026974952,0.589595375723,0.741784037559,0.76587215015,0.684971098266,216,43,173,0,216,0,43,0,173,37,216,0.162162162162,1.32432432432,11.6756756757,21.6,6,8.1990990496,0.702237650082,0.31006006006,10.329336629,1.76937710775,0.765265265265,3.0868314707,0.528762798222,0.252752752753,0.579945114934,0.437917739848,2,1.32432432432,0.579945114934,2,0.0121701261701,0.00597269624573,7,0.000900900900901,0.621196581197,37,37,37,1,0,0.72972972973,0.243243243243,0.027027027027,37,0.0322822822823,1.27027027027,2.32432432432,4.77777777778,1.86956521739,2.10889721121,0.907316242032,0.477058453803,2.25479136154,1.94016931109,0.805782526713,1.21366097942,1.04431293578,0.551854179761,0.508191163105,0.400065383721,2,1.33333333333,0.546672273591,2,0,0,0,0,0.0943352172519,37,30,30,0.810810810811,0,0.567567567568,0.0540540540541,0.189189189189,37,163,0.122372372372,1.27167427167,8.81081081081,18.1111111111,5.09375,7.10960945106,0.806918864077,0.399767866026,8.40456046659,1.9077836642,0.795224672525,3.31209449895,0.751825131663,0.399933676007,0.510667747287,0.401571187419,2.00649350649,1.29564553094,0.52648571535,2.00649350649,0.0363492160014,0.0288593678424,21,0.0027027027027,0.596808438475,37,34,34,0.918918918919,0,0.675675675676,0.189189189189,0.0540540540541,-53,-0.0397897897898,-0.0526500526501,-2.86486486486,-3.48888888889,-0.90625,-1.08948959855,0.104681213995,0.0897078059655,-1.92477616241,0.138406556451,0.02995940726,0.225263028245,0.223062333441,0.147180923255,-0.0692773676474,-0.036346552429,0.0064935064935,-0.0286787933847,-0.0534593995849,0.0064935064935,0.0241790898313,0.0228866715967,14,0.0018018018018,-0.0243881427215,-0.0540540540541,-0.0540540540541,0.027027027027,162,1,54,1115,0.75,0.999103942652,0.00089605734767,0.25,0.993865030675,0.75,0.854881266491,0.842558371325,0.749103942652,0.746543778802,120,173,0,0,0,0
891,WLNM_dir_neg,0.926793411073,0.366140046015,00:00:02,10,20,49,1232383573,threshold_sweep,0.9,0.991666666667,0.687861271676,0.81228668942,119,1,54,345,0.687861271676,0.99710982659,0.0028901734104,0.312138728324,0.991666666667,0.687861271676,0.81228668942,0.894026974952,0.589595375723,0.741784037559,0.76587215015,0.684971098266,216,43,173,0,216,0,43,0,173,37,216,0.162162162162,1.32432432432,11.6756756757,21.6,6,8.1990990496,0.702237650082,0.31006006006,10.329336629,1.76937710775,0.765265265265,3.0868314707,0.528762798222,0.252752752753,0.579945114934,0.437917739848,2,1.32432432432,0.579945114934,2,0.0121701261701,0.00597269624573,7,0.000900900900901,0.621196581197,37,37,37,1,0,0.72972972973,0.243243243243,0.027027027027,37,0.0322822822823,1.27027027027,2.32432432432,4.77777777778,1.86956521739,2.10889721121,0.907316242032,0.477058453803,2.25479136154,1.94016931109,0.805782526713,1.21366097942,1.04431293578,0.551854179761,0.508191163105,0.400065383721,2,1.33333333333,0.546672273591,2,0,0,0,0,0.0943352172519,37,30,30,0.810810810811,0,0.567567567568,0.0540540540541,0.189189189189,37,163,0.122372372372,1.27167427167,8.81081081081,18.1111111111,5.09375,7.10960945106,0.806918864077,0.399767866026,8.40456046659,1.9077836642,0.795224672525,3.31209449895,0.751825131663,0.399933676007,0.510667747287,0.401571187419,2.00649350649,1.29564553094,0.52648571535,2.00649350649,0.0363492160014,0.0288593678424,21,0.0027027027027,0.596808438475,37,34,34,0.918918918919,0,0.675675675676,0.189189189189,0.0540540540541,-53,-0.0397897897898,-0.0526500526501,-2.86486486486,-3.48888888889,-0.90625,-1.08948959855,0.104681213995,0.0897078059655,-1.92477616241,0.138406556451,0.02995940726,0.225263028245,0.223062333441,0.147180923255,-0.0692773676474,-0.036346552429,0.0064935064935,-0.0286787933847,-0.0534593995849,0.0064935064935,0.0241790898313,0.0228866715967,14,0.0018018018018,-0.0243881427215,-0.0540540540541,-0.0540540540541,0.027027027027,162,1,54,1115,0.75,0.999103942652,0.00089605734767,0.25,0.993865030675,0.75,0.854881266491,0.842558371325,0.749103942652,0.746543778802,120,173,0,0,0,0
892,WLNM_dir_neg,0.953648635103,0.547911881607,00:00:03,10,20,50,1232383574,threshold_sweep,0.1,0.953642384106,0.832369942197,0.888888888889,144,7,29,339,0.832369942197,0.979768786127,0.0202312138728,0.167630057803,0.953642384106,0.832369942197,0.888888888889,0.93063583815,0.569685292229,0.838805970149,0.842905599859,0.812138728324,216,43,173,0,216,0,43,0,173,37,216,0.162162162162,1.32432432432,11.6756756757,21.6,6,8.1990990496,0.702237650082,0.31006006006,10.329336629,1.76937710775,0.765265265265,3.0868314707,0.528762798222,0.252752752753,0.579945114934,0.437917739848,2,1.32432432432,0.579945114934,2,0.0121701261701,0.00597269624573,7,0.000900900900901,0.621196581197,37,37,37,1,0,0.72972972973,0.243243243243,0.027027027027,37,0.0322822822823,1.31081081081,2.32432432432,4.3,1.72,2.09568411071,0.901631536004,0.463230672533,2.179621699,1.87548843867,0.795725958517,1.21366097942,1.04431293578,0.525455688246,0.544560874969,0.415438193275,2,1.359375,0.571280042621,2,0,0,0,0,0.0740684624018,37,32,32,0.864864864865,0,0.594594594595,0.0810810810811,0.189189189189,37,194,0.145645645646,1.39625575598,10.4864864865,17.6363636364,5.24324324324,8.05750727107,0.768370538737,0.361103371413,9.49679889169,1.81124514945,0.783505154639,2.55392296723,0.487088400966,0.264419058233,0.676694884686,0.484649665211,2.24195117922,1.39625575598,0.676694884686,2.24195117922,0.183046549378,0.103623433796,102,0.0131274131274,0.38274678485,37,37,37,1,0,0.702702702703,0.297297297297,0,-22,-0.0165165165165,0.0719314316588,-1.18918918919,-3.96363636364,-0.756756756757,-0.14159177853,0.0661328886546,0.0510433113526,-0.832537737311,0.0418680417006,0.0182398893739,-0.532908503478,-0.0416743972567,0.0116663054807,0.0967497697517,0.0467319253625,0.241951179216,0.0719314316588,0.0967497697517,0.241951179216,0.170876423208,0.0976507375504,95,0.0122265122265,-0.238449796346,-0.027027027027,0.0540540540541,-0.027027027027,187,7,29,1109,0.865740740741,0.993727598566,0.00627240143369,0.134259259259,0.963917525773,0.865740740741,0.912195121951,0.898083794587,0.859468339307,0.838565022422,151,173,0,0,0,0
893,WLNM_dir_neg,0.953648635103,0.547911881607,00:00:03,10,20,50,1232383574,threshold_sweep,0.2,0.950704225352,0.780346820809,0.857142857143,135,7,38,339,0.780346820809,0.979768786127,0.0202312138728,0.219653179191,0.950704225352,0.780346820809,0.857142857143,0.913294797688,0.575465639049,0.795763993949,0.803759100755,0.760115606936,216,43,173,0,216,0,43,0,173,37,216,0.162162162162,1.32432432432,11.6756756757,21.6,6,8.1990990496,0.702237650082,0.31006006006,10.329336629,1.76937710775,0.765265265265,3.0868314707,0.528762798222,0.252752752753,0.579945114934,0.437917739848,2,1.32432432432,0.579945114934,2,0.0121701261701,0.00597269624573,7,0.000900900900901,0.621196581197,37,37,37,1,0,0.72972972973,0.243243243243,0.027027027027,37,0.0322822822823,1.31081081081,2.32432432432,4.3,1.72,2.09568411071,0.901631536004,0.463230672533,2.179621699,1.87548843867,0.795725958517,1.21366097942,1.04431293578,0.525455688246,0.544560874969,0.415438193275,2,1.359375,0.571280042621,2,0,0,0,0,0.0740684624018,37,32,32,0.864864864865,0,0.594594594595,0.0810810810811,0.189189189189,37,185,0.138888888889,1.39625575598,10,16.8181818182,5.13888888889,7.82446306287,0.782446306287,0.378670562454,9.00617072407,1.80123414481,0.781008035062,2.77888866676,0.555777733351,0.298904309715,0.676694884686,0.484649665211,2.24195117922,1.40726286032,0.68292636202,2.24195117922,0.16461220394,0.108447067503,98,0.0126126126126,0.394668662346,37,36,36,0.972972972973,0,0.675675675676,0.297297297297,0,-31,-0.0232732732733,0.0719314316588,-1.67567567568,-4.78181818182,-0.861111111111,-0.374635986734,0.0802086562052,0.0686105023943,-1.32316590493,0.0318570370689,0.0157427697968,-0.307942803948,0.0270149351287,0.0461515569624,0.0967497697517,0.0467319253625,0.241951179216,0.0829385359917,0.102981247086,0.241951179216,0.15244207777,0.102474371257,91,0.0117117117117,-0.226527918851,-0.0540540540541,0.0540540540541,-0.027027027027,178,7,38,1109,0.824074074074,0.993727598566,0.00627240143369,0.175925925926,0.962162162162,0.824074074074,0.887780548628,0.871644500116,0.81780167264,0.798206278027,142,173,0,0,0,0
894,WLNM_dir_neg,0.953648635103,0.547911881607,00:00:03,10,20,50,1232383574,threshold_sweep,0.3,0.949275362319,0.757225433526,0.842443729904,131,7,42,339,0.757225433526,0.979768786127,0.0202312138728,0.242774566474,0.949275362319,0.757225433526,0.842443729904,0.905587668593,0.578034682081,0.776255707763,0.786363146138,0.736994219653,216,43,173,0,216,0,43,0,173,37,216,0.162162162162,1.32432432432,11.6756756757,21.6,6,8.1990990496,0.702237650082,0.31006006006,10.329336629,1.76937710775,0.765265265265,3.0868314707,0.528762798222,0.252752752753,0.579945114934,0.437917739848,2,1.32432432432,0.579945114934,2,0.0121701261701,0.00597269624573,7,0.000900900900901,0.621196581197,37,37,37,1,0,0.72972972973,0.243243243243,0.027027027027,37,0.0322822822823,1.31081081081,2.32432432432,4.3,1.72,2.09568411071,0.901631536004,0.463230672533,2.179621699,1.87548843867,0.795725958517,1.21366097942,1.04431293578,0.525455688246,0.544560874969,0.415438193275,2,1.359375,0.571280042621,2,0,0,0,0,0.0740684624018,37,32,32,0.864864864865,0,0.594594594595,0.0810810810811,0.189189189189,37,181,0.135885885886,1.39651509756,9.78378378378,16.4545454545,5.02777777778,7.72850113086,0.789929673596,0.386740331492,8.78060926696,1.79493117612,0.778258921905,2.91341517604,0.595560008362,0.32044198895,0.677042846934,0.484808827429,2.24282350997,1.40752940583,0.683276581417,2.24282350997,0.185981917726,0.1126868532,98,0.0126126126126,0.40649087543,37,36,36,0.972972972973,0,0.675675675676,0.297297297297,0,-35,-0.0262762762763,0.0721907732358,-1.89189189189,-5.14545454545,-0.972222222222,-0.470597918743,0.0876920235145,0.0766802714317,-1.54872736204,0.0255540683744,0.0129936566401,-0.173416294663,0.0667972101396,0.0676892361975,0.097097732,0.0468910875801,0.242823509975,0.0832050815013,0.103331466483,0.242823509975,0.173811791556,0.106714156955,91,0.0117117117117,-0.214705705767,-0.0540540540541,0.0540540540541,-0.027027027027,174,7,42,1109,0.805555555556,0.993727598566,0.00627240143369,0.194444444444,0.961325966851,0.805555555556,0.876574307305,0.859770784387,0.799283154122,0.780269058296,138,173,0,0,0,0
895,WLNM_dir_neg,0.953648635103,0.547911881607,00:00:03,10,20,50,1232383574,threshold_sweep,0.4,0.949275362319,0.757225433526,0.842443729904,131,7,42,339,0.757225433526,0.979768786127,0.0202312138728,0.242774566474,0.949275362319,0.757225433526,0.842443729904,0.905587668593,0.578034682081,0.776255707763,0.786363146138,0.736994219653,216,43,173,0,216,0,43,0,173,37,216,0.162162162162,1.32432432432,11.6756756757,21.6,6,8.1990990496,0.702237650082,0.31006006006,10.329336629,1.76937710775,0.765265265265,3.0868314707,0.528762798222,0.252752752753,0.579945114934,0.437917739848,2,1.32432432432,0.579945114934,2,0.0121701261701,0.00597269624573,7,0.000900900900901,0.621196581197,37,37,37,1,0,0.72972972973,0.243243243243,0.027027027027,37,0.0322822822823,1.31081081081,2.32432432432,4.3,1.72,2.09568411071,0.901631536004,0.463230672533,2.179621699,1.87548843867,0.795725958517,1.21366097942,1.04431293578,0.525455688246,0.544560874969,0.415438193275,2,1.359375,0.571280042621,2,0,0,0,0,0.0740684624018,37,32,32,0.864864864865,0,0.594594594595,0.0810810810811,0.189189189189,37,181,0.135885885886,1.39651509756,9.78378378378,16.4545454545,5.02777777778,7.72850113086,0.789929673596,0.386740331492,8.78060926696,1.79493117612,0.778258921905,2.91341517604,0.595560008362,0.32044198895,0.677042846934,0.484808827429,2.24282350997,1.40752940583,0.683276581417,2.24282350997,0.185981917726,0.1126868532,98,0.0126126126126,0.40649087543,37,36,36,0.972972972973,0,0.675675675676,0.297297297297,0,-35,-0.0262762762763,0.0721907732358,-1.89189189189,-5.14545454545,-0.972222222222,-0.470597918743,0.0876920235145,0.0766802714317,-1.54872736204,0.0255540683744,0.0129936566401,-0.173416294663,0.0667972101396,0.0676892361975,0.097097732,0.0468910875801,0.242823509975,0.0832050815013,0.103331466483,0.242823509975,0.173811791556,0.106714156955,91,0.0117117117117,-0.214705705767,-0.0540540540541,0.0540540540541,-0.027027027027,174,7,42,1109,0.805555555556,0.993727598566,0.00627240143369,0.194444444444,0.961325966851,0.805555555556,0.876574307305,0.859770784387,0.799283154122,0.780269058296,138,173,0,0,0,0
896,WLNM_dir_neg,0.953648635103,0.547911881607,00:00:03,10,20,50,1232383574,threshold_sweep,0.5,0.949275362319,0.757225433526,0.842443729904,131,7,42,339,0.757225433526,0.979768786127,0.0202312138728,0.242774566474,0.949275362319,0.757225433526,0.842443729904,0.905587668593,0.578034682081,0.776255707763,0.786363146138,0.736994219653,216,43,173,0,216,0,43,0,173,37,216,0.162162162162,1.32432432432,11.6756756757,21.6,6,8.1990990496,0.702237650082,0.31006006006,10.329336629,1.76937710775,0.765265265265,3.0868314707,0.528762798222,0.252752752753,0.579945114934,0.437917739848,2,1.32432432432,0.579945114934,2,0.0121701261701,0.00597269624573,7,0.000900900900901,0.621196581197,37,37,37,1,0,0.72972972973,0.243243243243,0.027027027027,37,0.0322822822823,1.31081081081,2.32432432432,4.3,1.72,2.09568411071,0.901631536004,0.463230672533,2.179621699,1.87548843867,0.795725958517,1.21366097942,1.04431293578,0.525455688246,0.544560874969,0.415438193275,2,1.359375,0.571280042621,2,0,0,0,0,0.0740684624018,37,32,32,0.864864864865,0,0.594594594595,0.0810810810811,0.189189189189,37,181,0.135885885886,1.39651509756,9.78378378378,16.4545454545,5.02777777778,7.72850113086,0.789929673596,0.386740331492,8.78060926696,1.79493117612,0.778258921905,2.91341517604,0.595560008362,0.32044198895,0.677042846934,0.484808827429,2.24282350997,1.40752940583,0.683276581417,2.24282350997,0.185981917726,0.1126868532,98,0.0126126126126,0.40649087543,37,36,36,0.972972972973,0,0.675675675676,0.297297297297,0,-35,-0.0262762762763,0.0721907732358,-1.89189189189,-5.14545454545,-0.972222222222,-0.470597918743,0.0876920235145,0.0766802714317,-1.54872736204,0.0255540683744,0.0129936566401,-0.173416294663,0.0667972101396,0.0676892361975,0.097097732,0.0468910875801,0.242823509975,0.0832050815013,0.103331466483,0.242823509975,0.173811791556,0.106714156955,91,0.0117117117117,-0.214705705767,-0.0540540540541,0.0540540540541,-0.027027027027,174,7,42,1109,0.805555555556,0.993727598566,0.00627240143369,0.194444444444,0.961325966851,0.805555555556,0.876574307305,0.859770784387,0.799283154122,0.780269058296,138,173,0,0,0,0
897,WLNM_dir_neg,0.953648635103,0.547911881607,00:00:03,10,20,50,1232383574,threshold_sweep,0.6,0.956204379562,0.757225433526,0.845161290323,131,6,42,340,0.757225433526,0.982658959538,0.0173410404624,0.242774566474,0.956204379562,0.757225433526,0.845161290323,0.907514450867,0.578676942839,0.780487804878,0.79128512635,0.739884393064,216,43,173,0,216,0,43,0,173,37,216,0.162162162162,1.32432432432,11.6756756757,21.6,6,8.1990990496,0.702237650082,0.31006006006,10.329336629,1.76937710775,0.765265265265,3.0868314707,0.528762798222,0.252752752753,0.579945114934,0.437917739848,2,1.32432432432,0.579945114934,2,0.0121701261701,0.00597269624573,7,0.000900900900901,0.621196581197,37,37,37,1,0,0.72972972973,0.243243243243,0.027027027027,37,0.0322822822823,1.31081081081,2.32432432432,4.3,1.72,2.09568411071,0.901631536004,0.463230672533,2.179621699,1.87548843867,0.795725958517,1.21366097942,1.04431293578,0.525455688246,0.544560874969,0.415438193275,2,1.359375,0.571280042621,2,0,0,0,0,0.0740684624018,37,32,32,0.864864864865,0,0.594594594595,0.0810810810811,0.189189189189,37,180,0.135135135135,1.3948942127,9.72972972973,16.3636363636,5,7.63270975855,0.784472947406,0.384834834835,8.73104983557,1.79471579953,0.778678678679,2.92652773173,0.601564033744,0.323123123123,0.674903940777,0.483838799122,2.23737144273,1.40586349639,0.681124253571,2.23737144273,0.152425860257,0.0889235569423,76,0.00978120978121,0.408430242228,37,36,36,0.972972972973,0,0.675675675676,0.297297297297,0,-36,-0.027027027027,0.07056988838,-1.94594594595,-5.23636363636,-1,-0.566389291055,0.0822352973246,0.0747747747748,-1.59828679343,0.0253386917888,0.0134134134134,-0.160303738977,0.0728012355213,0.0703703703704,0.0949588258428,0.0459210592737,0.237371442733,0.0815391720662,0.101179138636,0.237371442733,0.140255734087,0.0829508606965,69,0.00888030888031,-0.212766338969,-0.0540540540541,0.0540540540541,-0.027027027027,174,6,42,1110,0.805555555556,0.994623655914,0.00537634408602,0.194444444444,0.966666666667,0.805555555556,0.878787878788,0.862747570654,0.80017921147,0.783783783784,137,173,0,0,0,0
898,WLNM_dir_neg,0.953648635103,0.547911881607,00:00:03,10,20,50,1232383574,threshold_sweep,0.7,0.956204379562,0.757225433526,0.845161290323,131,6,42,340,0.757225433526,0.982658959538,0.0173410404624,0.242774566474,0.956204379562,0.757225433526,0.845161290323,0.907514450867,0.578676942839,0.780487804878,0.79128512635,0.739884393064,216,43,173,0,216,0,43,0,173,37,216,0.162162162162,1.32432432432,11.6756756757,21.6,6,8.1990990496,0.702237650082,0.31006006006,10.329336629,1.76937710775,0.765265265265,3.0868314707,0.528762798222,0.252752752753,0.579945114934,0.437917739848,2,1.32432432432,0.579945114934,2,0.0121701261701,0.00597269624573,7,0.000900900900901,0.621196581197,37,37,37,1,0,0.72972972973,0.243243243243,0.027027027027,37,0.0322822822823,1.31081081081,2.32432432432,4.3,1.72,2.09568411071,0.901631536004,0.463230672533,2.179621699,1.87548843867,0.795725958517,1.21366097942,1.04431293578,0.525455688246,0.544560874969,0.415438193275,2,1.359375,0.571280042621,2,0,0,0,0,0.0740684624018,37,32,32,0.864864864865,0,0.594594594595,0.0810810810811,0.189189189189,37,180,0.135135135135,1.3948942127,9.72972972973,16.3636363636,5,7.63270975855,0.784472947406,0.384834834835,8.73104983557,1.79471579953,0.778678678679,2.92652773173,0.601564033744,0.323123123123,0.674903940777,0.483838799122,2.23737144273,1.40586349639,0.681124253571,2.23737144273,0.152425860257,0.0889235569423,76,0.00978120978121,0.408430242228,37,36,36,0.972972972973,0,0.675675675676,0.297297297297,0,-36,-0.027027027027,0.07056988838,-1.94594594595,-5.23636363636,-1,-0.566389291055,0.0822352973246,0.0747747747748,-1.59828679343,0.0253386917888,0.0134134134134,-0.160303738977,0.0728012355213,0.0703703703704,0.0949588258428,0.0459210592737,0.237371442733,0.0815391720662,0.101179138636,0.237371442733,0.140255734087,0.0829508606965,69,0.00888030888031,-0.212766338969,-0.0540540540541,0.0540540540541,-0.027027027027,174,6,42,1110,0.805555555556,0.994623655914,0.00537634408602,0.194444444444,0.966666666667,0.805555555556,0.878787878788,0.862747570654,0.80017921147,0.783783783784,137,173,0,0,0,0
899,WLNM_dir_neg,0.953648635103,0.547911881607,00:00:03,10,20,50,1232383574,threshold_sweep,0.8,0.956204379562,0.757225433526,0.845161290323,131,6,42,340,0.757225433526,0.982658959538,0.0173410404624,0.242774566474,0.956204379562,0.757225433526,0.845161290323,0.907514450867,0.578676942839,0.780487804878,0.79128512635,0.739884393064,216,43,173,0,216,0,43,0,173,37,216,0.162162162162,1.32432432432,11.6756756757,21.6,6,8.1990990496,0.702237650082,0.31006006006,10.329336629,1.76937710775,0.765265265265,3.0868314707,0.528762798222,0.252752752753,0.579945114934,0.437917739848,2,1.32432432432,0.579945114934,2,0.0121701261701,0.00597269624573,7,0.000900900900901,0.621196581197,37,37,37,1,0,0.72972972973,0.243243243243,0.027027027027,37,0.0322822822823,1.31081081081,2.32432432432,4.3,1.72,2.09568411071,0.901631536004,0.463230672533,2.179621699,1.87548843867,0.795725958517,1.21366097942,1.04431293578,0.525455688246,0.544560874969,0.415438193275,2,1.359375,0.571280042621,2,0,0,0,0,0.0740684624018,37,32,32,0.864864864865,0,0.594594594595,0.0810810810811,0.189189189189,37,180,0.135135135135,1.3948942127,9.72972972973,16.3636363636,5,7.63270975855,0.784472947406,0.384834834835,8.73104983557,1.79471579953,0.778678678679,2.92652773173,0.601564033744,0.323123123123,0.674903940777,0.483838799122,2.23737144273,1.40586349639,0.681124253571,2.23737144273,0.152425860257,0.0889235569423,76,0.00978120978121,0.408430242228,37,36,36,0.972972972973,0,0.675675675676,0.297297297297,0,-36,-0.027027027027,0.07056988838,-1.94594594595,-5.23636363636,-1,-0.566389291055,0.0822352973246,0.0747747747748,-1.59828679343,0.0253386917888,0.0134134134134,-0.160303738977,0.0728012355213,0.0703703703704,0.0949588258428,0.0459210592737,0.237371442733,0.0815391720662,0.101179138636,0.237371442733,0.140255734087,0.0829508606965,69,0.00888030888031,-0.212766338969,-0.0540540540541,0.0540540540541,-0.027027027027,174,6,42,1110,0.805555555556,0.994623655914,0.00537634408602,0.194444444444,0.966666666667,0.805555555556,0.878787878788,0.862747570654,0.80017921147,0.783783783784,137,173,0,0,0,0
900,WLNM_dir_neg,0.953648635103,0.547911881607,00:00:03,10,20,50,1232383574,threshold_sweep,0.9,0.956204379562,0.757225433526,0.845161290323,131,6,42,340,0.757225433526,0.982658959538,0.0173410404624,0.242774566474,0.956204379562,0.757225433526,0.845161290323,0.907514450867,0.578676942839,0.780487804878,0.79128512635,0.739884393064,216,43,173,0,216,0,43,0,173,37,216,0.162162162162,1.32432432432,11.6756756757,21.6,6,8.1990990496,0.702237650082,0.31006006006,10.329336629,1.76937710775,0.765265265265,3.0868314707,0.528762798222,0.252752752753,0.579945114934,0.437917739848,2,1.32432432432,0.579945114934,2,0.0121701261701,0.00597269624573,7,0.000900900900901,0.621196581197,37,37,37,1,0,0.72972972973,0.243243243243,0.027027027027,37,0.0322822822823,1.31081081081,2.32432432432,4.3,1.72,2.09568411071,0.901631536004,0.463230672533,2.179621699,1.87548843867,0.795725958517,1.21366097942,1.04431293578,0.525455688246,0.544560874969,0.415438193275,2,1.359375,0.571280042621,2,0,0,0,0,0.0740684624018,37,32,32,0.864864864865,0,0.594594594595,0.0810810810811,0.189189189189,37,180,0.135135135135,1.3948942127,9.72972972973,16.3636363636,5,7.63270975855,0.784472947406,0.384834834835,8.73104983557,1.79471579953,0.778678678679,2.92652773173,0.601564033744,0.323123123123,0.674903940777,0.483838799122,2.23737144273,1.40586349639,0.681124253571,2.23737144273,0.152425860257,0.0889235569423,76,0.00978120978121,0.408430242228,37,36,36,0.972972972973,0,0.675675675676,0.297297297297,0,-36,-0.027027027027,0.07056988838,-1.94594594595,-5.23636363636,-1,-0.566389291055,0.0822352973246,0.0747747747748,-1.59828679343,0.0253386917888,0.0134134134134,-0.160303738977,0.0728012355213,0.0703703703704,0.0949588258428,0.0459210592737,0.237371442733,0.0815391720662,0.101179138636,0.237371442733,0.140255734087,0.0829508606965,69,0.00888030888031,-0.212766338969,-0.0540540540541,0.0540540540541,-0.027027027027,174,6,42,1110,0.805555555556,0.994623655914,0.00537634408602,0.194444444444,0.966666666667,0.805555555556,0.878787878788,0.862747570654,0.80017921147,0.783783783784,137,173,0,0,0,0
901,WLNM_dir_neg,0.957128635734,0.94237157805,00:00:03,10,30,1,1233300825,threshold_sweep,0.1,0.923076923077,0.789473684211,0.851063829787,120,10,32,294,0.789473684211,0.967105263158,0.0328947368421,0.210526315789,0.923076923077,0.789473684211,0.851063829787,0.907894736842,0.571637426901,0.784982935154,0.790009587698,0.756578947368,216,64,152,0,216,0,64,0,152,37,216,0.162162162162,1.32432432432,11.6756756757,21.6,6,8.1990990496,0.702237650082,0.31006006006,10.329336629,1.76937710775,0.765265265265,3.0868314707,0.528762798222,0.252752752753,0.579945114934,0.437917739848,2,1.32432432432,0.579945114934,2,0.0121701261701,0.00597269624573,7,0.000900900900901,0.621196581197,37,37,37,1,0,0.72972972973,0.243243243243,0.027027027027,37,0.048048048048,1.33108108108,3.45945945946,6.4,2.28571428571,2.97764443249,0.860725343768,0.445523648649,3.27997839296,1.89623750843,0.798986486486,1.38741663711,0.802100243328,0.445101351351,0.601081357887,0.451573812016,2.25,1.37121212121,0.625378673164,2.25,0.0198412698413,0.00946372239748,1,0.0001287001287,0.103429471763,37,33,33,0.891891891892,0,0.621621621622,0.135135135135,0.135135135135,37,194,0.145645645646,1.69451389672,10.4864864865,13.8571428571,5.54285714286,8.68466599377,0.828176911777,0.37364168292,9.85563968668,1.87968385777,0.789356366676,2.66046576337,0.507408418788,0.251323488437,0.949684081228,0.560446322137,2.38888888889,1.71380594941,0.955774130483,2.38888888889,0.228754919592,0.126636125654,129,0.0166023166023,0.313951634656,37,36,36,0.972972972973,0,0.594594594595,0.351351351351,0.027027027027,-22,-0.0165165165165,0.370189572398,-1.18918918919,-7.74285714286,-0.457142857143,0.48556694417,0.125939261696,0.06358162286,-0.473696942321,0.110306750023,0.0240911014107,-0.426365707331,-0.0213543794349,-0.00142926431586,0.369738966293,0.122528582288,0.388888888889,0.389481625085,0.375829015548,0.388888888889,0.216584793422,0.120663429409,122,0.0157014157014,-0.30724494654,-0.135135135135,0.108108108108,0,184,10,32,1106,0.851851851852,0.991039426523,0.0089605734767,0.148148148148,0.948453608247,0.851851851852,0.89756097561,0.880761935126,0.842891278375,0.814159292035,130,152,0,0,0,0
902,WLNM_dir_neg,0.957128635734,0.94237157805,00:00:03,10,30,1,1233300825,threshold_sweep,0.2,0.949579831933,0.743421052632,0.833948339483,113,6,39,298,0.743421052632,0.980263157895,0.0197368421053,0.256578947368,0.949579831933,0.743421052632,0.833948339483,0.901315789474,0.579678362573,0.765217391304,0.776817949217,0.723684210526,216,64,152,0,216,0,64,0,152,37,216,0.162162162162,1.32432432432,11.6756756757,21.6,6,8.1990990496,0.702237650082,0.31006006006,10.329336629,1.76937710775,0.765265265265,3.0868314707,0.528762798222,0.252752752753,0.579945114934,0.437917739848,2,1.32432432432,0.579945114934,2,0.0121701261701,0.00597269624573,7,0.000900900900901,0.621196581197,37,37,37,1,0,0.72972972973,0.243243243243,0.027027027027,37,0.048048048048,1.33108108108,3.45945945946,6.4,2.28571428571,2.97764443249,0.860725343768,0.445523648649,3.27997839296,1.89623750843,0.798986486486,1.38741663711,0.802100243328,0.445101351351,0.601081357887,0.451573812016,2.25,1.37121212121,0.625378673164,2.25,0.0198412698413,0.00946372239748,1,0.0001287001287,0.103429471763,37,33,33,0.891891891892,0,0.621621621622,0.135135135135,0.135135135135,37,183,0.137387387387,1.35021628772,9.89189189189,18.3,5.90322580645,8.41884058982,0.85108497766,0.380593708463,9.88249278592,1.99809963431,0.806675527987,2.91496089116,0.589363677448,0.292718948457,0.629705619687,0.466373887959,2.27678571429,1.37022864701,0.642049334371,2.27678571429,0.243278650924,0.127109886324,123,0.0158301158301,0.439342234323,37,35,35,0.945945945946,0,0.675675675676,0.162162162162,0.108108108108,-33,-0.0247747747748,0.025891963392,-1.78378378378,-3.3,-0.0967741935484,0.21974154022,0.148847327578,0.0705336484025,-0.446843843085,0.228722526565,0.0414102627217,-0.171870579543,0.0606008792254,0.0399661957039,0.0497605047529,0.0284561481102,0.276785714286,0.04590432269,0.0621042194363,0.276785714286,0.231108524754,0.121137190079,116,0.0149292149292,-0.181854346874,-0.0540540540541,-0.0810810810811,0.0810810810811,177,6,39,1110,0.819444444444,0.994623655914,0.00537634408602,0.180555555556,0.967213114754,0.819444444444,0.887218045113,0.871633976305,0.814068100358,0.797297297297,119,152,0,0,0,0
903,WLNM_dir_neg,0.957128635734,0.94237157805,00:00:03,10,30,1,1233300825,threshold_sweep,0.3,0.957627118644,0.743421052632,0.837037037037,113,5,39,299,0.743421052632,0.983552631579,0.0164473684211,0.256578947368,0.957627118644,0.743421052632,0.837037037037,0.90350877193,0.580409356725,0.770034843206,0.782488425214,0.726973684211,216,64,152,0,216,0,64,0,152,37,216,0.162162162162,1.32432432432,11.6756756757,21.6,6,8.1990990496,0.702237650082,0.31006006006,10.329336629,1.76937710775,0.765265265265,3.0868314707,0.528762798222,0.252752752753,0.579945114934,0.437917739848,2,1.32432432432,0.579945114934,2,0.0121701261701,0.00597269624573,7,0.000900900900901,0.621196581197,37,37,37,1,0,0.72972972973,0.243243243243,0.027027027027,37,0.048048048048,1.33108108108,3.45945945946,6.4,2.28571428571,2.97764443249,0.860725343768,0.445523648649,3.27997839296,1.89623750843,0.798986486486,1.38741663711,0.802100243328,0.445101351351,0.601081357887,0.451573812016,2.25,1.37121212121,0.625378673164,2.25,0.0198412698413,0.00946372239748,1,0.0001287001287,0.103429471763,37,33,33,0.891891891892,0,0.621621621622,0.135135135135,0.135135135135,37,182,0.136636636637,1.34925378675,9.83783783784,18.2,5.87096774194,8.30499686773,0.844189242049,0.377932877933,9.82168343338,1.99671586283,0.806058806059,2.92857927613,0.59537051218,0.296406296406,0.628594710931,0.465883229013,2.27678571429,1.369211146,0.640928334075,2.27678571429,0.204505815294,0.104210526316,99,0.0127413127413,0.440876173635,37,35,35,0.945945945946,0,0.675675675676,0.162162162162,0.108108108108,-34,-0.0255255255255,0.0249294624295,-1.83783783784,-3.4,-0.129032258065,0.105897818124,0.141951591967,0.0678728178728,-0.507653195623,0.227338755084,0.0407935407935,-0.158252194574,0.0666077139578,0.0436535436535,0.0486495959965,0.0279654891646,0.276785714286,0.0448868216725,0.0609832191402,0.276785714286,0.192335689124,0.0982378300701,92,0.0118404118404,-0.180320407562,-0.0540540540541,-0.0810810810811,0.0810810810811,177,5,39,1111,0.819444444444,0.995519713262,0.00448028673835,0.180555555556,0.972527472527,0.819444444444,0.889447236181,0.874606836002,0.814964157706,0.800904977376,118,152,0,0,0,0
904,WLNM_dir_neg,0.957128635734,0.94237157805,00:00:03,10,30,1,1233300825,threshold_sweep,0.4,0.965811965812,0.743421052632,0.840148698885,113,4,39,300,0.743421052632,0.986842105263,0.0131578947368,0.256578947368,0.965811965812,0.743421052632,0.840148698885,0.905701754386,0.581140350877,0.774869109948,0.78821590976,0.730263157895,216,64,152,0,216,0,64,0,152,37,216,0.162162162162,1.32432432432,11.6756756757,21.6,6,8.1990990496,0.702237650082,0.31006006006,10.329336629,1.76937710775,0.765265265265,3.0868314707,0.528762798222,0.252752752753,0.579945114934,0.437917739848,2,1.32432432432,0.579945114934,2,0.0121701261701,0.00597269624573,7,0.000900900900901,0.621196581197,37,37,37,1,0,0.72972972973,0.243243243243,0.027027027027,37,0.048048048048,1.33108108108,3.45945945946,6.4,2.28571428571,2.97764443249,0.860725343768,0.445523648649,3.27997839296,1.89623750843,0.798986486486,1.38741663711,0.802100243328,0.445101351351,0.601081357887,0.451573812016,2.25,1.37121212121,0.625378673164,2.25,0.0198412698413,0.00946372239748,1,0.0001287001287,0.103429471763,37,33,33,0.891891891892,0,0.621621621622,0.135135135135,0.135135135135,37,181,0.135885885886,1.34813659814,9.78378378378,18.1,5.83870967742,8.18581135304,0.836671326139,0.374944004778,9.75757194235,1.99464177827,0.805136628341,2.96070359303,0.605226701337,0.300731670897,0.626805112959,0.464941841817,2.26851851852,1.36803011803,0.63910778526,2.26851851852,0.158837141694,0.0783261802575,73,0.00939510939511,0.444513182291,37,35,35,0.945945945946,0,0.675675675676,0.162162162162,0.108108108108,-35,-0.0262762762763,0.0238122738123,-1.89189189189,-3.5,-0.161290322581,-0.0132876965676,0.134433676057,0.0648839447182,-0.571764686646,0.225264670526,0.0398713630758,-0.126127877677,0.0764639031147,0.0479789181447,0.0468599980243,0.0270241019687,0.268518518519,0.0437057937058,0.0591626703256,0.268518518519,0.146667015524,0.0723534840118,66,0.00849420849421,-0.176683398906,-0.0540540540541,-0.0810810810811,0.0810810810811,177,4,39,1112,0.819444444444,0.996415770609,0.00358422939068,0.180555555556,0.977900552486,0.819444444444,0.891687657431,0.877602353346,0.815860215054,0.804545454545,117,152,0,0,0,0
905,WLNM_dir_neg,0.957128635734,0.94237157805,00:00:03,10,30,1,1233300825,threshold_sweep,0.5,0.965811965812,0.743421052632,0.840148698885,113,4,39,300,0.743421052632,0.986842105263,0.0131578947368,0.256578947368,0.965811965812,0.743421052632,0.840148698885,0.905701754386,0.581140350877,0.774869109948,0.78821590976,0.730263157895,216,64,152,0,216,0,64,0,152,37,216,0.162162162162,1.32432432432,11.6756756757,21.6,6,8.1990990496,0.702237650082,0.31006006006,10.329336629,1.76937710775,0.765265265265,3.0868314707,0.528762798222,0.252752752753,0.579945114934,0.437917739848,2,1.32432432432,0.579945114934,2,0.0121701261701,0.00597269624573,7,0.000900900900901,0.621196581197,37,37,37,1,0,0.72972972973,0.243243243243,0.027027027027,37,0.048048048048,1.33108108108,3.45945945946,6.4,2.28571428571,2.97764443249,0.860725343768,0.445523648649,3.27997839296,1.89623750843,0.798986486486,1.38741663711,0.802100243328,0.445101351351,0.601081357887,0.451573812016,2.25,1.37121212121,0.625378673164,2.25,0.0198412698413,0.00946372239748,1,0.0001287001287,0.103429471763,37,33,33,0.891891891892,0,0.621621621622,0.135135135135,0.135135135135,37,181,0.135885885886,1.34813659814,9.78378378378,18.1,5.83870967742,8.18581135304,0.836671326139,0.374944004778,9.75757194235,1.99464177827,0.805136628341,2.96070359303,0.605226701337,0.300731670897,0.626805112959,0.464941841817,2.26851851852,1.36803011803,0.63910778526,2.26851851852,0.158837141694,0.0783261802575,73,0.00939510939511,0.444513182291,37,35,35,0.945945945946,0,0.675675675676,0.162162162162,0.108108108108,-35,-0.0262762762763,0.0238122738123,-1.89189189189,-3.5,-0.161290322581,-0.0132876965676,0.134433676057,0.0648839447182,-0.571764686646,0.225264670526,0.0398713630758,-0.126127877677,0.0764639031147,0.0479789181447,0.0468599980243,0.0270241019687,0.268518518519,0.0437057937058,0.0591626703256,0.268518518519,0.146667015524,0.0723534840118,66,0.00849420849421,-0.176683398906,-0.0540540540541,-0.0810810810811,0.0810810810811,177,4,39,1112,0.819444444444,0.996415770609,0.00358422939068,0.180555555556,0.977900552486,0.819444444444,0.891687657431,0.877602353346,0.815860215054,0.804545454545,117,152,0,0,0,0
906,WLNM_dir_neg,0.957128635734,0.94237157805,00:00:03,10,30,1,1233300825,threshold_sweep,0.6,0.965217391304,0.730263157895,0.831460674157,111,4,41,300,0.730263157895,0.986842105263,0.0131578947368,0.269736842105,0.965217391304,0.730263157895,0.831460674157,0.901315789474,0.582602339181,0.76357267951,0.778422509938,0.717105263158,216,64,152,0,216,0,64,0,152,37,216,0.162162162162,1.32432432432,11.6756756757,21.6,6,8.1990990496,0.702237650082,0.31006006006,10.329336629,1.76937710775,0.765265265265,3.0868314707,0.528762798222,0.252752752753,0.579945114934,0.437917739848,2,1.32432432432,0.579945114934,2,0.0121701261701,0.00597269624573,7,0.000900900900901,0.621196581197,37,37,37,1,0,0.72972972973,0.243243243243,0.027027027027,37,0.048048048048,1.33108108108,3.45945945946,6.4,2.28571428571,2.97764443249,0.860725343768,0.445523648649,3.27997839296,1.89623750843,0.798986486486,1.38741663711,0.802100243328,0.445101351351,0.601081357887,0.451573812016,2.25,1.37121212121,0.625378673164,2.25,0.0198412698413,0.00946372239748,1,0.0001287001287,0.103429471763,37,33,33,0.891891891892,0,0.621621621622,0.135135135135,0.135135135135,37,179,0.134384384384,1.34813659814,9.67567567568,17.9,5.77419354839,8.11053517228,0.838239668643,0.378378378378,9.65376585562,1.99547115451,0.806281141477,2.96754213219,0.613402563636,0.30741355881,0.626805112959,0.464941841817,2.26851851852,1.36803011803,0.63910778526,2.26851851852,0.15314099657,0.0778224333212,71,0.00913770913771,0.441080395361,37,35,35,0.945945945946,0,0.675675675676,0.162162162162,0.108108108108,-37,-0.0277777777778,0.0238122738123,-2,-3.7,-0.225806451613,-0.0885638773251,0.136002018562,0.0683183183183,-0.675570773377,0.226094046769,0.0410158762114,-0.119289338517,0.084639765414,0.0546608060575,0.0468599980243,0.0270241019687,0.268518518519,0.0437057937058,0.0591626703256,0.268518518519,0.140970870399,0.0718497370754,64,0.00823680823681,-0.180116185836,-0.0540540540541,-0.0810810810811,0.0810810810811,175,4,41,1112,0.810185185185,0.996415770609,0.00358422939068,0.189814814815,0.977653631285,0.810185185185,0.886075949367,0.871719048288,0.806600955795,0.795454545455,115,152,0,0,0,0
907,WLNM_dir_neg,0.957128635734,0.94237157805,00:00:03,10,30,1,1233300825,threshold_sweep,0.7,0.982300884956,0.730263157895,0.837735849057,111,2,41,302,0.730263157895,0.993421052632,0.00657894736842,0.269736842105,0.982300884956,0.730263157895,0.837735849057,0.905701754386,0.584064327485,0.773286467487,0.790171572385,0.723684210526,216,64,152,0,216,0,64,0,152,37,216,0.162162162162,1.32432432432,11.6756756757,21.6,6,8.1990990496,0.702237650082,0.31006006006,10.329336629,1.76937710775,0.765265265265,3.0868314707,0.528762798222,0.252752752753,0.579945114934,0.437917739848,2,1.32432432432,0.579945114934,2,0.0121701261701,0.00597269624573,7,0.000900900900901,0.621196581197,37,37,37,1,0,0.72972972973,0.243243243243,0.027027027027,37,0.048048048048,1.33108108108,3.45945945946,6.4,2.28571428571,2.97764443249,0.860725343768,0.445523648649,3.27997839296,1.89623750843,0.798986486486,1.38741663711,0.802100243328,0.445101351351,0.601081357887,0.451573812016,2.25,1.37121212121,0.625378673164,2.25,0.0198412698413,0.00946372239748,1,0.0001287001287,0.103429471763,37,33,33,0.891891891892,0,0.621621621622,0.135135135135,0.135135135135,37,177,0.132882882883,1.33341995842,9.56756756757,17.7,5.70967741935,7.9705727542,0.83308246301,0.37822568331,9.60073820986,2.00693397607,0.80714612918,3.0197050549,0.631237779839,0.315773400519,0.604368777211,0.453247135979,2.25961538462,1.35247252747,0.616307207781,2.25961538462,0.0913056333645,0.053007518797,47,0.00604890604891,0.442594364909,37,35,35,0.945945945946,0,0.675675675676,0.162162162162,0.108108108108,-39,-0.0292792792793,0.00909563409563,-2.10810810811,-3.9,-0.290322580645,-0.228526295402,0.130844812928,0.0681656232504,-0.728598419144,0.237556868326,0.0418808639148,-0.067126415799,0.102474981616,0.0630206477664,0.0244236622764,0.0153293961304,0.259615384615,0.0281482031482,0.0363620928461,0.259615384615,0.0791355071943,0.0470348225513,40,0.00514800514801,-0.178602216288,-0.0540540540541,-0.0810810810811,0.0810810810811,175,2,41,1114,0.810185185185,0.998207885305,0.00179211469534,0.189814814815,0.988700564972,0.810185185185,0.89058524173,0.877816883683,0.80839307049,0.802752293578,113,152,0,0,0,0
908,WLNM_dir_neg,0.957128635734,0.94237157805,00:00:03,10,30,1,1233300825,threshold_sweep,0.8,0.982300884956,0.730263157895,0.837735849057,111,2,41,302,0.730263157895,0.993421052632,0.00657894736842,0.269736842105,0.982300884956,0.730263157895,0.837735849057,0.905701754386,0.584064327485,0.773286467487,0.790171572385,0.723684210526,216,64,152,0,216,0,64,0,152,37,216,0.162162162162,1.32432432432,11.6756756757,21.6,6,8.1990990496,0.702237650082,0.31006006006,10.329336629,1.76937710775,0.765265265265,3.0868314707,0.528762798222,0.252752752753,0.579945114934,0.437917739848,2,1.32432432432,0.579945114934,2,0.0121701261701,0.00597269624573,7,0.000900900900901,0.621196581197,37,37,37,1,0,0.72972972973,0.243243243243,0.027027027027,37,0.048048048048,1.33108108108,3.45945945946,6.4,2.28571428571,2.97764443249,0.860725343768,0.445523648649,3.27997839296,1.89623750843,0.798986486486,1.38741663711,0.802100243328,0.445101351351,0.601081357887,0.451573812016,2.25,1.37121212121,0.625378673164,2.25,0.0198412698413,0.00946372239748,1,0.0001287001287,0.103429471763,37,33,33,0.891891891892,0,0.621621621622,0.135135135135,0.135135135135,37,177,0.132882882883,1.33341995842,9.56756756757,17.7,5.70967741935,7.9705727542,0.83308246301,0.37822568331,9.60073820986,2.00693397607,0.80714612918,3.0197050549,0.631237779839,0.315773400519,0.604368777211,0.453247135979,2.25961538462,1.35247252747,0.616307207781,2.25961538462,0.0913056333645,0.053007518797,47,0.00604890604891,0.442594364909,37,35,35,0.945945945946,0,0.675675675676,0.162162162162,0.108108108108,-39,-0.0292792792793,0.00909563409563,-2.10810810811,-3.9,-0.290322580645,-0.228526295402,0.130844812928,0.0681656232504,-0.728598419144,0.237556868326,0.0418808639148,-0.067126415799,0.102474981616,0.0630206477664,0.0244236622764,0.0153293961304,0.259615384615,0.0281482031482,0.0363620928461,0.259615384615,0.0791355071943,0.0470348225513,40,0.00514800514801,-0.178602216288,-0.0540540540541,-0.0810810810811,0.0810810810811,175,2,41,1114,0.810185185185,0.998207885305,0.00179211469534,0.189814814815,0.988700564972,0.810185185185,0.89058524173,0.877816883683,0.80839307049,0.802752293578,113,152,0,0,0,0
909,WLNM_dir_neg,0.957128635734,0.94237157805,00:00:03,10,30,1,1233300825,threshold_sweep,0.9,0.982300884956,0.730263157895,0.837735849057,111,2,41,302,0.730263157895,0.993421052632,0.00657894736842,0.269736842105,0.982300884956,0.730263157895,0.837735849057,0.905701754386,0.584064327485,0.773286467487,0.790171572385,0.723684210526,216,64,152,0,216,0,64,0,152,37,216,0.162162162162,1.32432432432,11.6756756757,21.6,6,8.1990990496,0.702237650082,0.31006006006,10.329336629,1.76937710775,0.765265265265,3.0868314707,0.528762798222,0.252752752753,0.579945114934,0.437917739848,2,1.32432432432,0.579945114934,2,0.0121701261701,0.00597269624573,7,0.000900900900901,0.621196581197,37,37,37,1,0,0.72972972973,0.243243243243,0.027027027027,37,0.048048048048,1.33108108108,3.45945945946,6.4,2.28571428571,2.97764443249,0.860725343768,0.445523648649,3.27997839296,1.89623750843,0.798986486486,1.38741663711,0.802100243328,0.445101351351,0.601081357887,0.451573812016,2.25,1.37121212121,0.625378673164,2.25,0.0198412698413,0.00946372239748,1,0.0001287001287,0.103429471763,37,33,33,0.891891891892,0,0.621621621622,0.135135135135,0.135135135135,37,177,0.132882882883,1.33341995842,9.56756756757,17.7,5.70967741935,7.9705727542,0.83308246301,0.37822568331,9.60073820986,2.00693397607,0.80714612918,3.0197050549,0.631237779839,0.315773400519,0.604368777211,0.453247135979,2.25961538462,1.35247252747,0.616307207781,2.25961538462,0.0913056333645,0.053007518797,47,0.00604890604891,0.442594364909,37,35,35,0.945945945946,0,0.675675675676,0.162162162162,0.108108108108,-39,-0.0292792792793,0.00909563409563,-2.10810810811,-3.9,-0.290322580645,-0.228526295402,0.130844812928,0.0681656232504,-0.728598419144,0.237556868326,0.0418808639148,-0.067126415799,0.102474981616,0.0630206477664,0.0244236622764,0.0153293961304,0.259615384615,0.0281482031482,0.0363620928461,0.259615384615,0.0791355071943,0.0470348225513,40,0.00514800514801,-0.178602216288,-0.0540540540541,-0.0810810810811,0.0810810810811,175,2,41,1114,0.810185185185,0.998207885305,0.00179211469534,0.189814814815,0.988700564972,0.810185185185,0.89058524173,0.877816883683,0.80839307049,0.802752293578,113,152,0,0,0,0
910,WLNM_dir_neg,0.974766274238,0.168895644738,00:00:03,10,30,2,1233300826,threshold_sweep,0.1,0.89156626506,0.973684210526,0.930817610063,148,18,4,286,0.973684210526,0.940789473684,0.0592105263158,0.0263157894737,0.89156626506,0.973684210526,0.930817610063,0.951754385965,0.545321637427,0.893890675241,0.89593552056,0.914473684211,216,64,152,0,216,0,64,0,152,37,216,0.162162162162,1.32432432432,11.6756756757,21.6,6,8.1990990496,0.702237650082,0.31006006006,10.329336629,1.76937710775,0.765265265265,3.0868314707,0.528762798222,0.252752752753,0.579945114934,0.437917739848,2,1.32432432432,0.579945114934,2,0.0121701261701,0.00597269624573,7,0.000900900900901,0.621196581197,37,37,37,1,0,0.72972972973,0.243243243243,0.027027027027,37,0.048048048048,1.31531531532,3.45945945946,6.4,2.20689655172,2.76480453995,0.79920131233,0.422719594595,3.06094256225,1.7696074188,0.775337837838,1.426897346,0.824925028159,0.442567567568,0.555255174049,0.422146056983,2,1.3431372549,0.571402045051,2,0,0,0,0,0.115352610353,37,34,34,0.918918918919,0,0.648648648649,0.135135135135,0.135135135135,37,230,0.172672672673,2.64039527119,12.4324324324,11.5,6.21621621622,8.70038485911,0.699813564755,0.314571092832,10.4113590081,1.67487079696,0.745240893067,2.52910980315,0.40685679442,0.198589894242,1.63359722767,0.618694195334,4.125,2.64039527119,1.63359722767,4.125,0.165445460618,0.113732767762,143,0.0184041184041,0.248625644025,37,37,37,1,0,0.459459459459,0.540540540541,0,14,0.0105105105105,1.31607094687,0.756756756757,-10.1,0.216216216216,0.501285809509,-0.00242408532706,0.0045110327719,0.0820223791412,-0.0945063107835,-0.0200243721983,-0.557721667553,-0.121906003802,-0.0541628585107,1.05365211274,0.180776455486,2.125,1.31607094687,1.05365211274,2.125,0.153275334448,0.107760071517,136,0.0175032175032,-0.372570937171,-0.27027027027,0.297297297297,-0.027027027027,212,18,4,1098,0.981481481481,0.983870967742,0.0161290322581,0.0185185185185,0.921739130435,0.981481481481,0.95067264574,0.941434610305,0.965352449223,0.905982905983,166,152,0,0,0,0
911,WLNM_dir_neg,0.974766274238,0.168895644738,00:00:03,10,30,2,1233300826,threshold_sweep,0.2,0.89156626506,0.973684210526,0.930817610063,148,18,4,286,0.973684210526,0.940789473684,0.0592105263158,0.0263157894737,0.89156626506,0.973684210526,0.930817610063,0.951754385965,0.545321637427,0.893890675241,0.89593552056,0.914473684211,216,64,152,0,216,0,64,0,152,37,216,0.162162162162,1.32432432432,11.6756756757,21.6,6,8.1990990496,0.702237650082,0.31006006006,10.329336629,1.76937710775,0.765265265265,3.0868314707,0.528762798222,0.252752752753,0.579945114934,0.437917739848,2,1.32432432432,0.579945114934,2,0.0121701261701,0.00597269624573,7,0.000900900900901,0.621196581197,37,37,37,1,0,0.72972972973,0.243243243243,0.027027027027,37,0.048048048048,1.31531531532,3.45945945946,6.4,2.20689655172,2.76480453995,0.79920131233,0.422719594595,3.06094256225,1.7696074188,0.775337837838,1.426897346,0.824925028159,0.442567567568,0.555255174049,0.422146056983,2,1.3431372549,0.571402045051,2,0,0,0,0,0.115352610353,37,34,34,0.918918918919,0,0.648648648649,0.135135135135,0.135135135135,37,230,0.172672672673,2.64039527119,12.4324324324,11.5,6.21621621622,8.70038485911,0.699813564755,0.314571092832,10.4113590081,1.67487079696,0.745240893067,2.52910980315,0.40685679442,0.198589894242,1.63359722767,0.618694195334,4.125,2.64039527119,1.63359722767,4.125,0.165445460618,0.113732767762,143,0.0184041184041,0.248625644025,37,37,37,1,0,0.459459459459,0.540540540541,0,14,0.0105105105105,1.31607094687,0.756756756757,-10.1,0.216216216216,0.501285809509,-0.00242408532706,0.0045110327719,0.0820223791412,-0.0945063107835,-0.0200243721983,-0.557721667553,-0.121906003802,-0.0541628585107,1.05365211274,0.180776455486,2.125,1.31607094687,1.05365211274,2.125,0.153275334448,0.107760071517,136,0.0175032175032,-0.372570937171,-0.27027027027,0.297297297297,-0.027027027027,212,18,4,1098,0.981481481481,0.983870967742,0.0161290322581,0.0185185185185,0.921739130435,0.981481481481,0.95067264574,0.941434610305,0.965352449223,0.905982905983,166,152,0,0,0,0
912,WLNM_dir_neg,0.974766274238,0.168895644738,00:00:03,10,30,2,1233300826,threshold_sweep,0.3,0.89156626506,0.973684210526,0.930817610063,148,18,4,286,0.973684210526,0.940789473684,0.0592105263158,0.0263157894737,0.89156626506,0.973684210526,0.930817610063,0.951754385965,0.545321637427,0.893890675241,0.89593552056,0.914473684211,216,64,152,0,216,0,64,0,152,37,216,0.162162162162,1.32432432432,11.6756756757,21.6,6,8.1990990496,0.702237650082,0.31006006006,10.329336629,1.76937710775,0.765265265265,3.0868314707,0.528762798222,0.252752752753,0.579945114934,0.437917739848,2,1.32432432432,0.579945114934,2,0.0121701261701,0.00597269624573,7,0.000900900900901,0.621196581197,37,37,37,1,0,0.72972972973,0.243243243243,0.027027027027,37,0.048048048048,1.31531531532,3.45945945946,6.4,2.20689655172,2.76480453995,0.79920131233,0.422719594595,3.06094256225,1.7696074188,0.775337837838,1.426897346,0.824925028159,0.442567567568,0.555255174049,0.422146056983,2,1.3431372549,0.571402045051,2,0,0,0,0,0.115352610353,37,34,34,0.918918918919,0,0.648648648649,0.135135135135,0.135135135135,37,230,0.172672672673,2.64039527119,12.4324324324,11.5,6.21621621622,8.70038485911,0.699813564755,0.314571092832,10.4113590081,1.67487079696,0.745240893067,2.52910980315,0.40685679442,0.198589894242,1.63359722767,0.618694195334,4.125,2.64039527119,1.63359722767,4.125,0.165445460618,0.113732767762,143,0.0184041184041,0.248625644025,37,37,37,1,0,0.459459459459,0.540540540541,0,14,0.0105105105105,1.31607094687,0.756756756757,-10.1,0.216216216216,0.501285809509,-0.00242408532706,0.0045110327719,0.0820223791412,-0.0945063107835,-0.0200243721983,-0.557721667553,-0.121906003802,-0.0541628585107,1.05365211274,0.180776455486,2.125,1.31607094687,1.05365211274,2.125,0.153275334448,0.107760071517,136,0.0175032175032,-0.372570937171,-0.27027027027,0.297297297297,-0.027027027027,212,18,4,1098,0.981481481481,0.983870967742,0.0161290322581,0.0185185185185,0.921739130435,0.981481481481,0.95067264574,0.941434610305,0.965352449223,0.905982905983,166,152,0,0,0,0
913,WLNM_dir_neg,0.974766274238,0.168895644738,00:00:03,10,30,2,1233300826,threshold_sweep,0.4,0.89156626506,0.973684210526,0.930817610063,148,18,4,286,0.973684210526,0.940789473684,0.0592105263158,0.0263157894737,0.89156626506,0.973684210526,0.930817610063,0.951754385965,0.545321637427,0.893890675241,0.89593552056,0.914473684211,216,64,152,0,216,0,64,0,152,37,216,0.162162162162,1.32432432432,11.6756756757,21.6,6,8.1990990496,0.702237650082,0.31006006006,10.329336629,1.76937710775,0.765265265265,3.0868314707,0.528762798222,0.252752752753,0.579945114934,0.437917739848,2,1.32432432432,0.579945114934,2,0.0121701261701,0.00597269624573,7,0.000900900900901,0.621196581197,37,37,37,1,0,0.72972972973,0.243243243243,0.027027027027,37,0.048048048048,1.31531531532,3.45945945946,6.4,2.20689655172,2.76480453995,0.79920131233,0.422719594595,3.06094256225,1.7696074188,0.775337837838,1.426897346,0.824925028159,0.442567567568,0.555255174049,0.422146056983,2,1.3431372549,0.571402045051,2,0,0,0,0,0.115352610353,37,34,34,0.918918918919,0,0.648648648649,0.135135135135,0.135135135135,37,230,0.172672672673,2.64039527119,12.4324324324,11.5,6.21621621622,8.70038485911,0.699813564755,0.314571092832,10.4113590081,1.67487079696,0.745240893067,2.52910980315,0.40685679442,0.198589894242,1.63359722767,0.618694195334,4.125,2.64039527119,1.63359722767,4.125,0.165445460618,0.113732767762,143,0.0184041184041,0.248625644025,37,37,37,1,0,0.459459459459,0.540540540541,0,14,0.0105105105105,1.31607094687,0.756756756757,-10.1,0.216216216216,0.501285809509,-0.00242408532706,0.0045110327719,0.0820223791412,-0.0945063107835,-0.0200243721983,-0.557721667553,-0.121906003802,-0.0541628585107,1.05365211274,0.180776455486,2.125,1.31607094687,1.05365211274,2.125,0.153275334448,0.107760071517,136,0.0175032175032,-0.372570937171,-0.27027027027,0.297297297297,-0.027027027027,212,18,4,1098,0.981481481481,0.983870967742,0.0161290322581,0.0185185185185,0.921739130435,0.981481481481,0.95067264574,0.941434610305,0.965352449223,0.905982905983,166,152,0,0,0,0
914,WLNM_dir_neg,0.974766274238,0.168895644738,00:00:03,10,30,2,1233300826,threshold_sweep,0.5,0.89156626506,0.973684210526,0.930817610063,148,18,4,286,0.973684210526,0.940789473684,0.0592105263158,0.0263157894737,0.89156626506,0.973684210526,0.930817610063,0.951754385965,0.545321637427,0.893890675241,0.89593552056,0.914473684211,216,64,152,0,216,0,64,0,152,37,216,0.162162162162,1.32432432432,11.6756756757,21.6,6,8.1990990496,0.702237650082,0.31006006006,10.329336629,1.76937710775,0.765265265265,3.0868314707,0.528762798222,0.252752752753,0.579945114934,0.437917739848,2,1.32432432432,0.579945114934,2,0.0121701261701,0.00597269624573,7,0.000900900900901,0.621196581197,37,37,37,1,0,0.72972972973,0.243243243243,0.027027027027,37,0.048048048048,1.31531531532,3.45945945946,6.4,2.20689655172,2.76480453995,0.79920131233,0.422719594595,3.06094256225,1.7696074188,0.775337837838,1.426897346,0.824925028159,0.442567567568,0.555255174049,0.422146056983,2,1.3431372549,0.571402045051,2,0,0,0,0,0.115352610353,37,34,34,0.918918918919,0,0.648648648649,0.135135135135,0.135135135135,37,230,0.172672672673,2.64039527119,12.4324324324,11.5,6.21621621622,8.70038485911,0.699813564755,0.314571092832,10.4113590081,1.67487079696,0.745240893067,2.52910980315,0.40685679442,0.198589894242,1.63359722767,0.618694195334,4.125,2.64039527119,1.63359722767,4.125,0.165445460618,0.113732767762,143,0.0184041184041,0.248625644025,37,37,37,1,0,0.459459459459,0.540540540541,0,14,0.0105105105105,1.31607094687,0.756756756757,-10.1,0.216216216216,0.501285809509,-0.00242408532706,0.0045110327719,0.0820223791412,-0.0945063107835,-0.0200243721983,-0.557721667553,-0.121906003802,-0.0541628585107,1.05365211274,0.180776455486,2.125,1.31607094687,1.05365211274,2.125,0.153275334448,0.107760071517,136,0.0175032175032,-0.372570937171,-0.27027027027,0.297297297297,-0.027027027027,212,18,4,1098,0.981481481481,0.983870967742,0.0161290322581,0.0185185185185,0.921739130435,0.981481481481,0.95067264574,0.941434610305,0.965352449223,0.905982905983,166,152,0,0,0,0
915,WLNM_dir_neg,0.974766274238,0.168895644738,00:00:03,10,30,2,1233300826,threshold_sweep,0.6,0.89696969697,0.973684210526,0.933753943218,148,17,4,287,0.973684210526,0.944078947368,0.0559210526316,0.0263157894737,0.89696969697,0.973684210526,0.933753943218,0.953947368421,0.546052631579,0.898550724638,0.900327962738,0.917763157895,216,64,152,0,216,0,64,0,152,37,216,0.162162162162,1.32432432432,11.6756756757,21.6,6,8.1990990496,0.702237650082,0.31006006006,10.329336629,1.76937710775,0.765265265265,3.0868314707,0.528762798222,0.252752752753,0.579945114934,0.437917739848,2,1.32432432432,0.579945114934,2,0.0121701261701,0.00597269624573,7,0.000900900900901,0.621196581197,37,37,37,1,0,0.72972972973,0.243243243243,0.027027027027,37,0.048048048048,1.31531531532,3.45945945946,6.4,2.20689655172,2.76480453995,0.79920131233,0.422719594595,3.06094256225,1.7696074188,0.775337837838,1.426897346,0.824925028159,0.442567567568,0.555255174049,0.422146056983,2,1.3431372549,0.571402045051,2,0,0,0,0,0.115352610353,37,34,34,0.918918918919,0,0.648648648649,0.135135135135,0.135135135135,37,229,0.171921921922,1.87473261375,12.3783783784,12.0526315789,6.18918918919,8.66458741517,0.699977585941,0.315826743774,10.4265628667,1.68464116187,0.748731264015,2.52584240995,0.408105542218,0.200401274637,0.962877518052,0.513607919865,2.53755583229,1.87473261375,0.962877518052,2.53755583229,0.1550280102,0.110695187166,138,0.0177606177606,0.251438685508,37,37,37,1,0,0.486486486486,0.513513513514,0,13,0.00975975975976,0.550408289426,0.702702702703,-9.54736842105,0.189189189189,0.465488365563,-0.00226006414041,0.00576668371428,0.0972262376986,-0.084735945877,-0.0165340012502,-0.560989060758,-0.120657256004,-0.0523514781157,0.382932403117,0.0756901800167,0.53755583229,0.550408289426,0.382932403117,0.53755583229,0.14285788403,0.10472249092,131,0.0168597168597,-0.369757895688,-0.243243243243,0.27027027027,-0.027027027027,212,17,4,1099,0.981481481481,0.98476702509,0.0152329749104,0.0185185185185,0.92576419214,0.981481481481,0.952808988764,0.94393548176,0.966248506571,0.909871244635,165,152,0,0,0,0
916,WLNM_dir_neg,0.974766274238,0.168895644738,00:00:03,10,30,2,1233300826,threshold_sweep,0.7,0.89696969697,0.973684210526,0.933753943218,148,17,4,287,0.973684210526,0.944078947368,0.0559210526316,0.0263157894737,0.89696969697,0.973684210526,0.933753943218,0.953947368421,0.546052631579,0.898550724638,0.900327962738,0.917763157895,216,64,152,0,216,0,64,0,152,37,216,0.162162162162,1.32432432432,11.6756756757,21.6,6,8.1990990496,0.702237650082,0.31006006006,10.329336629,1.76937710775,0.765265265265,3.0868314707,0.528762798222,0.252752752753,0.579945114934,0.437917739848,2,1.32432432432,0.579945114934,2,0.0121701261701,0.00597269624573,7,0.000900900900901,0.621196581197,37,37,37,1,0,0.72972972973,0.243243243243,0.027027027027,37,0.048048048048,1.31531531532,3.45945945946,6.4,2.20689655172,2.76480453995,0.79920131233,0.422719594595,3.06094256225,1.7696074188,0.775337837838,1.426897346,0.824925028159,0.442567567568,0.555255174049,0.422146056983,2,1.3431372549,0.571402045051,2,0,0,0,0,0.115352610353,37,34,34,0.918918918919,0,0.648648648649,0.135135135135,0.135135135135,37,229,0.171921921922,1.87473261375,12.3783783784,12.0526315789,6.18918918919,8.66458741517,0.699977585941,0.315826743774,10.4265628667,1.68464116187,0.748731264015,2.52584240995,0.408105542218,0.200401274637,0.962877518052,0.513607919865,2.53755583229,1.87473261375,0.962877518052,2.53755583229,0.1550280102,0.110695187166,138,0.0177606177606,0.251438685508,37,37,37,1,0,0.486486486486,0.513513513514,0,13,0.00975975975976,0.550408289426,0.702702702703,-9.54736842105,0.189189189189,0.465488365563,-0.00226006414041,0.00576668371428,0.0972262376986,-0.084735945877,-0.0165340012502,-0.560989060758,-0.120657256004,-0.0523514781157,0.382932403117,0.0756901800167,0.53755583229,0.550408289426,0.382932403117,0.53755583229,0.14285788403,0.10472249092,131,0.0168597168597,-0.369757895688,-0.243243243243,0.27027027027,-0.027027027027,212,17,4,1099,0.981481481481,0.98476702509,0.0152329749104,0.0185185185185,0.92576419214,0.981481481481,0.952808988764,0.94393548176,0.966248506571,0.909871244635,165,152,0,0,0,0
917,WLNM_dir_neg,0.974766274238,0.168895644738,00:00:03,10,30,2,1233300826,threshold_sweep,0.8,0.89696969697,0.973684210526,0.933753943218,148,17,4,287,0.973684210526,0.944078947368,0.0559210526316,0.0263157894737,0.89696969697,0.973684210526,0.933753943218,0.953947368421,0.546052631579,0.898550724638,0.900327962738,0.917763157895,216,64,152,0,216,0,64,0,152,37,216,0.162162162162,1.32432432432,11.6756756757,21.6,6,8.1990990496,0.702237650082,0.31006006006,10.329336629,1.76937710775,0.765265265265,3.0868314707,0.528762798222,0.252752752753,0.579945114934,0.437917739848,2,1.32432432432,0.579945114934,2,0.0121701261701,0.00597269624573,7,0.000900900900901,0.621196581197,37,37,37,1,0,0.72972972973,0.243243243243,0.027027027027,37,0.048048048048,1.31531531532,3.45945945946,6.4,2.20689655172,2.76480453995,0.79920131233,0.422719594595,3.06094256225,1.7696074188,0.775337837838,1.426897346,0.824925028159,0.442567567568,0.555255174049,0.422146056983,2,1.3431372549,0.571402045051,2,0,0,0,0,0.115352610353,37,34,34,0.918918918919,0,0.648648648649,0.135135135135,0.135135135135,37,229,0.171921921922,1.87473261375,12.3783783784,12.0526315789,6.18918918919,8.66458741517,0.699977585941,0.315826743774,10.4265628667,1.68464116187,0.748731264015,2.52584240995,0.408105542218,0.200401274637,0.962877518052,0.513607919865,2.53755583229,1.87473261375,0.962877518052,2.53755583229,0.1550280102,0.110695187166,138,0.0177606177606,0.251438685508,37,37,37,1,0,0.486486486486,0.513513513514,0,13,0.00975975975976,0.550408289426,0.702702702703,-9.54736842105,0.189189189189,0.465488365563,-0.00226006414041,0.00576668371428,0.0972262376986,-0.084735945877,-0.0165340012502,-0.560989060758,-0.120657256004,-0.0523514781157,0.382932403117,0.0756901800167,0.53755583229,0.550408289426,0.382932403117,0.53755583229,0.14285788403,0.10472249092,131,0.0168597168597,-0.369757895688,-0.243243243243,0.27027027027,-0.027027027027,212,17,4,1099,0.981481481481,0.98476702509,0.0152329749104,0.0185185185185,0.92576419214,0.981481481481,0.952808988764,0.94393548176,0.966248506571,0.909871244635,165,152,0,0,0,0
918,WLNM_dir_neg,0.974766274238,0.168895644738,00:00:03,10,30,2,1233300826,threshold_sweep,0.9,0.940789473684,0.940789473684,0.940789473684,143,9,9,295,0.940789473684,0.970394736842,0.0296052631579,0.0592105263158,0.940789473684,0.940789473684,0.940789473684,0.960526315789,0.555555555556,0.911184210526,0.911184210526,0.911184210526,216,64,152,0,216,0,64,0,152,37,216,0.162162162162,1.32432432432,11.6756756757,21.6,6,8.1990990496,0.702237650082,0.31006006006,10.329336629,1.76937710775,0.765265265265,3.0868314707,0.528762798222,0.252752752753,0.579945114934,0.437917739848,2,1.32432432432,0.579945114934,2,0.0121701261701,0.00597269624573,7,0.000900900900901,0.621196581197,37,37,37,1,0,0.72972972973,0.243243243243,0.027027027027,37,0.048048048048,1.31531531532,3.45945945946,6.4,2.20689655172,2.76480453995,0.79920131233,0.422719594595,3.06094256225,1.7696074188,0.775337837838,1.426897346,0.824925028159,0.442567567568,0.555255174049,0.422146056983,2,1.3431372549,0.571402045051,2,0,0,0,0,0.115352610353,37,34,34,0.918918918919,0,0.648648648649,0.135135135135,0.135135135135,37,216,0.162162162162,1.41727551192,11.6756756757,19.6363636364,6,8.56366372158,0.733461939117,0.330705705706,10.5238182591,1.80269109068,0.774774774775,2.92986076189,0.501874297176,0.249499499499,0.693351349458,0.489214230843,2.12537904828,1.41727551192,0.693351349458,2.12537904828,0.171275362842,0.111392405063,132,0.0169884169884,0.469254914044,37,37,37,1,0,0.702702702703,0.27027027027,0.027027027027,0,0,0.0929511875994,0,-1.96363636364,0,0.364564671977,0.0312242890351,0.0206456456456,0.194481630109,0.0333139829353,0.00950950950951,-0.15697070881,-0.0268885010462,-0.00325325325325,0.113406234524,0.0512964909944,0.125379048276,0.0929511875994,0.113406234524,0.125379048276,0.159105236672,0.105419708818,125,0.0160875160875,-0.151941667153,-0.027027027027,0.027027027027,0,207,9,9,1107,0.958333333333,0.991935483871,0.00806451612903,0.0416666666667,0.958333333333,0.958333333333,0.958333333333,0.950268817204,0.950268817204,0.92,152,152,0,0,0,0
919,WLNM_dir_neg,0.983650017313,0.61747606931,00:00:04,10,30,3,1233300827,threshold_sweep,0.1,0.927083333333,0.585526315789,0.717741935484,89,7,63,297,0.585526315789,0.976973684211,0.0230263157895,0.414473684211,0.927083333333,0.585526315789,0.717741935484,0.84649122807,0.59649122807,0.619565217391,0.650420537037,0.5625,216,64,152,0,216,0,64,0,152,37,216,0.162162162162,1.32432432432,11.6756756757,21.6,6,8.1990990496,0.702237650082,0.31006006006,10.329336629,1.76937710775,0.765265265265,3.0868314707,0.528762798222,0.252752752753,0.579945114934,0.437917739848,2,1.32432432432,0.579945114934,2,0.0121701261701,0.00597269624573,7,0.000900900900901,0.621196581197,37,37,37,1,0,0.72972972973,0.243243243243,0.027027027027,37,0.048048048048,1.32432432432,3.45945945946,6.4,2.20689655172,2.94009254006,0.849870499862,0.449324324324,3.1503848852,1.82131626176,0.786317567568,1.64398987305,0.950431645359,0.491554054054,0.579945114934,0.437917739848,2,1.34285714286,0.591252764842,2,0,0,0,0,0.136693060026,37,35,35,0.945945945946,0,0.675675675676,0.108108108108,0.162162162162,37,160,0.12012012012,1.5245609674,8.64864864865,13.3333333333,4.32432432432,7.46181470412,0.862772325164,0.390033783784,8.39991419948,1.94248015863,0.799662162162,1.95865676838,0.452939377689,0.250337837838,0.816939368393,0.535852213106,2.40646902915,1.5245609674,0.816939368393,2.40646902915,0.109741107278,0.061050638902,43,0.00553410553411,0.231161801981,37,37,37,1,0,0.675675675676,0.324324324324,0,-56,-0.042042042042,0.200236643071,-3.02702702703,-8.26666666667,-1.67567567568,-0.737284345481,0.160534675082,0.0799737237237,-1.92942242952,0.173103050884,0.0343968968969,-1.12817470232,-0.0758234205336,-0.00241491491492,0.236994253459,0.0979344732571,0.40646902915,0.200236643071,0.236994253459,0.40646902915,0.0975709811079,0.0550779426563,36,0.0046332046332,-0.390034779216,-0.0540540540541,0.0810810810811,-0.027027027027,153,7,63,1109,0.708333333333,0.993727598566,0.00627240143369,0.291666666667,0.95625,0.708333333333,0.813829787234,0.795994344138,0.7020609319,0.686098654709,96,152,0,0,0,0
920,WLNM_dir_neg,0.983650017313,0.61747606931,00:00:04,10,30,3,1233300827,threshold_sweep,0.2,0.936842105263,0.585526315789,0.720647773279,89,6,63,298,0.585526315789,0.980263157895,0.0197368421053,0.414473684211,0.936842105263,0.585526315789,0.720647773279,0.848684210526,0.597222222222,0.624319419238,0.656746921152,0.565789473684,216,64,152,0,216,0,64,0,152,37,216,0.162162162162,1.32432432432,11.6756756757,21.6,6,8.1990990496,0.702237650082,0.31006006006,10.329336629,1.76937710775,0.765265265265,3.0868314707,0.528762798222,0.252752752753,0.579945114934,0.437917739848,2,1.32432432432,0.579945114934,2,0.0121701261701,0.00597269624573,7,0.000900900900901,0.621196581197,37,37,37,1,0,0.72972972973,0.243243243243,0.027027027027,37,0.048048048048,1.32432432432,3.45945945946,6.4,2.20689655172,2.94009254006,0.849870499862,0.449324324324,3.1503848852,1.82131626176,0.786317567568,1.64398987305,0.950431645359,0.491554054054,0.579945114934,0.437917739848,2,1.34285714286,0.591252764842,2,0,0,0,0,0.136693060026,37,35,35,0.945945945946,0,0.675675675676,0.108108108108,0.162162162162,37,159,0.119369369369,1.52164924652,8.59459459459,13.25,4.2972972973,7.38790099291,0.859598543201,0.388237293898,8.32954869014,1.93832265116,0.799252082271,1.99812224163,0.464971842392,0.257351691314,0.813545814179,0.534647400537,2.3945389255,1.52164924652,0.813545814179,2.3945389255,0.109741107278,0.061050638902,43,0.00553410553411,0.233129587282,37,37,37,1,0,0.675675675676,0.324324324324,0,-57,-0.0427927927928,0.197324922192,-3.08108108108,-8.35,-1.7027027027,-0.811198056692,0.157360893119,0.0781772338376,-1.99978793886,0.168945543419,0.0339868170057,-1.08870922907,-0.0637909558308,0.0045989385612,0.233600699245,0.0967296606884,0.394538925496,0.197324922192,0.233600699245,0.394538925496,0.0975709811079,0.0550779426563,36,0.0046332046332,-0.388066993915,-0.0540540540541,0.0810810810811,-0.027027027027,153,6,63,1110,0.708333333333,0.994623655914,0.00537634408602,0.291666666667,0.962264150943,0.708333333333,0.816,0.799171813317,0.702956989247,0.689189189189,95,152,0,0,0,0
921,WLNM_dir_neg,0.983650017313,0.61747606931,00:00:04,10,30,3,1233300827,threshold_sweep,0.3,0.956989247312,0.585526315789,0.726530612245,89,4,63,300,0.585526315789,0.986842105263,0.0131578947368,0.414473684211,0.956989247312,0.585526315789,0.726530612245,0.853070175439,0.598684210526,0.633879781421,0.669637033274,0.572368421053,216,64,152,0,216,0,64,0,152,37,216,0.162162162162,1.32432432432,11.6756756757,21.6,6,8.1990990496,0.702237650082,0.31006006006,10.329336629,1.76937710775,0.765265265265,3.0868314707,0.528762798222,0.252752752753,0.579945114934,0.437917739848,2,1.32432432432,0.579945114934,2,0.0121701261701,0.00597269624573,7,0.000900900900901,0.621196581197,37,37,37,1,0,0.72972972973,0.243243243243,0.027027027027,37,0.048048048048,1.32432432432,3.45945945946,6.4,2.20689655172,2.94009254006,0.849870499862,0.449324324324,3.1503848852,1.82131626176,0.786317567568,1.64398987305,0.950431645359,0.491554054054,0.579945114934,0.437917739848,2,1.34285714286,0.591252764842,2,0,0,0,0,0.136693060026,37,35,35,0.945945945946,0,0.675675675676,0.108108108108,0.162162162162,37,157,0.117867867868,1.33295312884,8.48648648649,15.7,4.24324324324,7.37345698217,0.868846841848,0.387330005164,8.35465740173,1.96893199913,0.80426923739,2.03313394385,0.479146216066,0.265794456877,0.5986748784,0.449134230938,2.13823519158,1.33295312884,0.5986748784,2.13823519158,0.110780068317,0.0615164520744,43,0.00553410553411,0.309701172458,37,37,37,1,0,0.72972972973,0.27027027027,0,-59,-0.0442942942943,0.00862880451836,-3.18918918919,-5.9,-1.75675675676,-0.825642067437,0.166609191766,0.0772699451043,-1.97467922727,0.199554891389,0.039003972125,-1.05369752685,-0.049616582156,0.0130417041245,0.0187297634653,0.01121649109,0.138235191577,0.00862880451836,0.0187297634653,0.138235191577,0.0986099421469,0.0555437558287,36,0.0046332046332,-0.311495408739,0,0.027027027027,-0.027027027027,153,4,63,1112,0.708333333333,0.996415770609,0.00358422939068,0.291666666667,0.974522292994,0.708333333333,0.820375335121,0.805609809435,0.704749103943,0.695454545455,93,152,0,0,0,0
922,WLNM_dir_neg,0.983650017313,0.61747606931,00:00:04,10,30,3,1233300827,threshold_sweep,0.4,0.967391304348,0.585526315789,0.729508196721,89,3,63,301,0.585526315789,0.990131578947,0.00986842105263,0.414473684211,0.967391304348,0.585526315789,0.729508196721,0.855263157895,0.599415204678,0.638686131387,0.676205105335,0.575657894737,216,64,152,0,216,0,64,0,152,37,216,0.162162162162,1.32432432432,11.6756756757,21.6,6,8.1990990496,0.702237650082,0.31006006006,10.329336629,1.76937710775,0.765265265265,3.0868314707,0.528762798222,0.252752752753,0.579945114934,0.437917739848,2,1.32432432432,0.579945114934,2,0.0121701261701,0.00597269624573,7,0.000900900900901,0.621196581197,37,37,37,1,0,0.72972972973,0.243243243243,0.027027027027,37,0.048048048048,1.32432432432,3.45945945946,6.4,2.20689655172,2.94009254006,0.849870499862,0.449324324324,3.1503848852,1.82131626176,0.786317567568,1.64398987305,0.950431645359,0.491554054054,0.579945114934,0.437917739848,2,1.34285714286,0.591252764842,2,0,0,0,0,0.136693060026,37,35,35,0.945945945946,0,0.675675675676,0.108108108108,0.162162162162,37,156,0.117117117117,1.33174585856,8.43243243243,15.6,4.21621621622,7.28979705761,0.864495163883,0.385135135135,8.28028158115,1.96391293912,0.803534303534,2.05663067412,0.487790608605,0.269923769924,0.596735896217,0.448085415381,2.13328868051,1.33174585856,0.596735896217,2.13328868051,0.0910334110334,0.0480815930063,33,0.0042471042471,0.311787563683,37,37,37,1,0,0.72972972973,0.27027027027,0,-60,-0.045045045045,0.00742153424038,-3.24324324324,-6,-1.78378378378,-0.909301991994,0.162257513801,0.0750750750751,-2.04905504785,0.194535831373,0.038269038269,-1.03020079658,-0.0409721896171,0.017171017171,0.0167907812824,0.0101676755325,0.133288680509,0.00742153424038,0.0167907812824,0.133288680509,0.0788632848633,0.0421088967606,26,0.0033462033462,-0.309409017514,0,0.027027027027,-0.027027027027,153,3,63,1113,0.708333333333,0.997311827957,0.00268817204301,0.291666666667,0.980769230769,0.708333333333,0.822580645161,0.808871215139,0.70564516129,0.698630136986,92,152,0,0,0,0
923,WLNM_dir_neg,0.983650017313,0.61747606931,00:00:04,10,30,3,1233300827,threshold_sweep,0.5,0.967391304348,0.585526315789,0.729508196721,89,3,63,301,0.585526315789,0.990131578947,0.00986842105263,0.414473684211,0.967391304348,0.585526315789,0.729508196721,0.855263157895,0.599415204678,0.638686131387,0.676205105335,0.575657894737,216,64,152,0,216,0,64,0,152,37,216,0.162162162162,1.32432432432,11.6756756757,21.6,6,8.1990990496,0.702237650082,0.31006006006,10.329336629,1.76937710775,0.765265265265,3.0868314707,0.528762798222,0.252752752753,0.579945114934,0.437917739848,2,1.32432432432,0.579945114934,2,0.0121701261701,0.00597269624573,7,0.000900900900901,0.621196581197,37,37,37,1,0,0.72972972973,0.243243243243,0.027027027027,37,0.048048048048,1.32432432432,3.45945945946,6.4,2.20689655172,2.94009254006,0.849870499862,0.449324324324,3.1503848852,1.82131626176,0.786317567568,1.64398987305,0.950431645359,0.491554054054,0.579945114934,0.437917739848,2,1.34285714286,0.591252764842,2,0,0,0,0,0.136693060026,37,35,35,0.945945945946,0,0.675675675676,0.108108108108,0.162162162162,37,156,0.117117117117,1.33174585856,8.43243243243,15.6,4.21621621622,7.28979705761,0.864495163883,0.385135135135,8.28028158115,1.96391293912,0.803534303534,2.05663067412,0.487790608605,0.269923769924,0.596735896217,0.448085415381,2.13328868051,1.33174585856,0.596735896217,2.13328868051,0.0910334110334,0.0480815930063,33,0.0042471042471,0.311787563683,37,37,37,1,0,0.72972972973,0.27027027027,0,-60,-0.045045045045,0.00742153424038,-3.24324324324,-6,-1.78378378378,-0.909301991994,0.162257513801,0.0750750750751,-2.04905504785,0.194535831373,0.038269038269,-1.03020079658,-0.0409721896171,0.017171017171,0.0167907812824,0.0101676755325,0.133288680509,0.00742153424038,0.0167907812824,0.133288680509,0.0788632848633,0.0421088967606,26,0.0033462033462,-0.309409017514,0,0.027027027027,-0.027027027027,153,3,63,1113,0.708333333333,0.997311827957,0.00268817204301,0.291666666667,0.980769230769,0.708333333333,0.822580645161,0.808871215139,0.70564516129,0.698630136986,92,152,0,0,0,0
924,WLNM_dir_neg,0.983650017313,0.61747606931,00:00:04,10,30,3,1233300827,threshold_sweep,0.6,0.967391304348,0.585526315789,0.729508196721,89,3,63,301,0.585526315789,0.990131578947,0.00986842105263,0.414473684211,0.967391304348,0.585526315789,0.729508196721,0.855263157895,0.599415204678,0.638686131387,0.676205105335,0.575657894737,216,64,152,0,216,0,64,0,152,37,216,0.162162162162,1.32432432432,11.6756756757,21.6,6,8.1990990496,0.702237650082,0.31006006006,10.329336629,1.76937710775,0.765265265265,3.0868314707,0.528762798222,0.252752752753,0.579945114934,0.437917739848,2,1.32432432432,0.579945114934,2,0.0121701261701,0.00597269624573,7,0.000900900900901,0.621196581197,37,37,37,1,0,0.72972972973,0.243243243243,0.027027027027,37,0.048048048048,1.32432432432,3.45945945946,6.4,2.20689655172,2.94009254006,0.849870499862,0.449324324324,3.1503848852,1.82131626176,0.786317567568,1.64398987305,0.950431645359,0.491554054054,0.579945114934,0.437917739848,2,1.34285714286,0.591252764842,2,0,0,0,0,0.136693060026,37,35,35,0.945945945946,0,0.675675675676,0.108108108108,0.162162162162,37,156,0.117117117117,1.33174585856,8.43243243243,15.6,4.21621621622,7.28979705761,0.864495163883,0.385135135135,8.28028158115,1.96391293912,0.803534303534,2.05663067412,0.487790608605,0.269923769924,0.596735896217,0.448085415381,2.13328868051,1.33174585856,0.596735896217,2.13328868051,0.0910334110334,0.0480815930063,33,0.0042471042471,0.311787563683,37,37,37,1,0,0.72972972973,0.27027027027,0,-60,-0.045045045045,0.00742153424038,-3.24324324324,-6,-1.78378378378,-0.909301991994,0.162257513801,0.0750750750751,-2.04905504785,0.194535831373,0.038269038269,-1.03020079658,-0.0409721896171,0.017171017171,0.0167907812824,0.0101676755325,0.133288680509,0.00742153424038,0.0167907812824,0.133288680509,0.0788632848633,0.0421088967606,26,0.0033462033462,-0.309409017514,0,0.027027027027,-0.027027027027,153,3,63,1113,0.708333333333,0.997311827957,0.00268817204301,0.291666666667,0.980769230769,0.708333333333,0.822580645161,0.808871215139,0.70564516129,0.698630136986,92,152,0,0,0,0
925,WLNM_dir_neg,0.983650017313,0.61747606931,00:00:04,10,30,3,1233300827,threshold_sweep,0.7,0.967391304348,0.585526315789,0.729508196721,89,3,63,301,0.585526315789,0.990131578947,0.00986842105263,0.414473684211,0.967391304348,0.585526315789,0.729508196721,0.855263157895,0.599415204678,0.638686131387,0.676205105335,0.575657894737,216,64,152,0,216,0,64,0,152,37,216,0.162162162162,1.32432432432,11.6756756757,21.6,6,8.1990990496,0.702237650082,0.31006006006,10.329336629,1.76937710775,0.765265265265,3.0868314707,0.528762798222,0.252752752753,0.579945114934,0.437917739848,2,1.32432432432,0.579945114934,2,0.0121701261701,0.00597269624573,7,0.000900900900901,0.621196581197,37,37,37,1,0,0.72972972973,0.243243243243,0.027027027027,37,0.048048048048,1.32432432432,3.45945945946,6.4,2.20689655172,2.94009254006,0.849870499862,0.449324324324,3.1503848852,1.82131626176,0.786317567568,1.64398987305,0.950431645359,0.491554054054,0.579945114934,0.437917739848,2,1.34285714286,0.591252764842,2,0,0,0,0,0.136693060026,37,35,35,0.945945945946,0,0.675675675676,0.108108108108,0.162162162162,37,156,0.117117117117,1.33174585856,8.43243243243,15.6,4.21621621622,7.28979705761,0.864495163883,0.385135135135,8.28028158115,1.96391293912,0.803534303534,2.05663067412,0.487790608605,0.269923769924,0.596735896217,0.448085415381,2.13328868051,1.33174585856,0.596735896217,2.13328868051,0.0910334110334,0.0480815930063,33,0.0042471042471,0.311787563683,37,37,37,1,0,0.72972972973,0.27027027027,0,-60,-0.045045045045,0.00742153424038,-3.24324324324,-6,-1.78378378378,-0.909301991994,0.162257513801,0.0750750750751,-2.04905504785,0.194535831373,0.038269038269,-1.03020079658,-0.0409721896171,0.017171017171,0.0167907812824,0.0101676755325,0.133288680509,0.00742153424038,0.0167907812824,0.133288680509,0.0788632848633,0.0421088967606,26,0.0033462033462,-0.309409017514,0,0.027027027027,-0.027027027027,153,3,63,1113,0.708333333333,0.997311827957,0.00268817204301,0.291666666667,0.980769230769,0.708333333333,0.822580645161,0.808871215139,0.70564516129,0.698630136986,92,152,0,0,0,0
926,WLNM_dir_neg,0.983650017313,0.61747606931,00:00:04,10,30,3,1233300827,threshold_sweep,0.8,0.978021978022,0.585526315789,0.732510288066,89,2,63,302,0.585526315789,0.993421052632,0.00657894736842,0.414473684211,0.978021978022,0.585526315789,0.732510288066,0.857456140351,0.60014619883,0.643510054845,0.682858219902,0.578947368421,216,64,152,0,216,0,64,0,152,37,216,0.162162162162,1.32432432432,11.6756756757,21.6,6,8.1990990496,0.702237650082,0.31006006006,10.329336629,1.76937710775,0.765265265265,3.0868314707,0.528762798222,0.252752752753,0.579945114934,0.437917739848,2,1.32432432432,0.579945114934,2,0.0121701261701,0.00597269624573,7,0.000900900900901,0.621196581197,37,37,37,1,0,0.72972972973,0.243243243243,0.027027027027,37,0.048048048048,1.32432432432,3.45945945946,6.4,2.20689655172,2.94009254006,0.849870499862,0.449324324324,3.1503848852,1.82131626176,0.786317567568,1.64398987305,0.950431645359,0.491554054054,0.579945114934,0.437917739848,2,1.34285714286,0.591252764842,2,0,0,0,0,0.136693060026,37,35,35,0.945945945946,0,0.675675675676,0.108108108108,0.162162162162,37,155,0.116366366366,1.33034022258,8.37837837838,15.5,4.18918918919,7.13890495552,0.85206284953,0.381517000872,8.2085248297,1.95945431419,0.802789886661,2.09281625564,0.499575493282,0.27689625109,0.5945438294,0.446911112895,2.12752941176,1.33034022258,0.5945438294,2.12752941176,0.0140248640249,0.0104738154613,7,0.000900900900901,0.3147934878,37,37,37,1,0,0.72972972973,0.27027027027,0,-61,-0.0457957957958,0.00601589825119,-3.2972972973,-6.1,-1.81081081081,-1.06019409408,0.149825199448,0.0714569408118,-2.12081179929,0.190077206442,0.0375246213956,-0.994015215062,-0.0291873049401,0.024143498337,0.0145987144658,0.00899337304655,0.127529411765,0.00601589825119,0.0145987144658,0.127529411765,0.00185473785474,0.00450111921561,0,0,-0.306403093397,0,0.027027027027,-0.027027027027,153,2,63,1114,0.708333333333,0.998207885305,0.00179211469534,0.291666666667,0.987096774194,0.708333333333,0.824797843666,0.812161494848,0.706541218638,0.701834862385,91,152,0,0,0,0
927,WLNM_dir_neg,0.983650017313,0.61747606931,00:00:04,10,30,3,1233300827,threshold_sweep,0.9,0.978021978022,0.585526315789,0.732510288066,89,2,63,302,0.585526315789,0.993421052632,0.00657894736842,0.414473684211,0.978021978022,0.585526315789,0.732510288066,0.857456140351,0.60014619883,0.643510054845,0.682858219902,0.578947368421,216,64,152,0,216,0,64,0,152,37,216,0.162162162162,1.32432432432,11.6756756757,21.6,6,8.1990990496,0.702237650082,0.31006006006,10.329336629,1.76937710775,0.765265265265,3.0868314707,0.528762798222,0.252752752753,0.579945114934,0.437917739848,2,1.32432432432,0.579945114934,2,0.0121701261701,0.00597269624573,7,0.000900900900901,0.621196581197,37,37,37,1,0,0.72972972973,0.243243243243,0.027027027027,37,0.048048048048,1.32432432432,3.45945945946,6.4,2.20689655172,2.94009254006,0.849870499862,0.449324324324,3.1503848852,1.82131626176,0.786317567568,1.64398987305,0.950431645359,0.491554054054,0.579945114934,0.437917739848,2,1.34285714286,0.591252764842,2,0,0,0,0,0.136693060026,37,35,35,0.945945945946,0,0.675675675676,0.108108108108,0.162162162162,37,155,0.116366366366,1.33034022258,8.37837837838,15.5,4.18918918919,7.13890495552,0.85206284953,0.381517000872,8.2085248297,1.95945431419,0.802789886661,2.09281625564,0.499575493282,0.27689625109,0.5945438294,0.446911112895,2.12752941176,1.33034022258,0.5945438294,2.12752941176,0.0140248640249,0.0104738154613,7,0.000900900900901,0.3147934878,37,37,37,1,0,0.72972972973,0.27027027027,0,-61,-0.0457957957958,0.00601589825119,-3.2972972973,-6.1,-1.81081081081,-1.06019409408,0.149825199448,0.0714569408118,-2.12081179929,0.190077206442,0.0375246213956,-0.994015215062,-0.0291873049401,0.024143498337,0.0145987144658,0.00899337304655,0.127529411765,0.00601589825119,0.0145987144658,0.127529411765,0.00185473785474,0.00450111921561,0,0,-0.306403093397,0,0.027027027027,-0.027027027027,153,2,63,1114,0.708333333333,0.998207885305,0.00179211469534,0.291666666667,0.987096774194,0.708333333333,0.824797843666,0.812161494848,0.706541218638,0.701834862385,91,152,0,0,0,0
928,WLNM_dir_neg,0.982989958449,0.620601327588,00:00:02,10,30,4,1233300828,threshold_sweep,0.1,0.924528301887,0.644736842105,0.759689922481,98,8,54,296,0.644736842105,0.973684210526,0.0263157894737,0.355263157895,0.924528301887,0.644736842105,0.759689922481,0.864035087719,0.58918128655,0.669039145907,0.690169712321,0.618421052632,216,64,152,0,216,0,64,0,152,37,216,0.162162162162,1.32432432432,11.6756756757,21.6,6,8.1990990496,0.702237650082,0.31006006006,10.329336629,1.76937710775,0.765265265265,3.0868314707,0.528762798222,0.252752752753,0.579945114934,0.437917739848,2,1.32432432432,0.579945114934,2,0.0121701261701,0.00597269624573,7,0.000900900900901,0.621196581197,37,37,37,1,0,0.72972972973,0.243243243243,0.027027027027,37,0.048048048048,1.33333333333,3.45945945946,6.4,2.37037037037,3.02392859442,0.874104359324,0.445945945946,3.29687266502,1.90600450947,0.800675675676,1.40729544889,0.813592681392,0.442567567568,0.60858061945,0.456435464588,2.33333333333,1.38541666667,0.639832947508,2.33333333333,0.0312169312169,0.0186335403727,2,0.0002574002574,0.106778787661,37,32,32,0.864864864865,0,0.594594594595,0.135135135135,0.135135135135,37,170,0.127627627628,1.50514268643,9.18918918919,14.1666666667,4.72222222222,7.56761314873,0.823534372067,0.376788553259,8.52597162746,1.85565264833,0.792686804452,2.00637123323,0.43668079782,0.239109697933,0.794480925485,0.527844258651,2.33158373735,1.51917442772,0.80108748781,2.33158373735,0.119112404338,0.0718328254245,55,0.00707850707851,0.235268751702,37,36,36,0.972972972973,0,0.648648648649,0.324324324324,0,-46,-0.0345345345345,0.180818362109,-2.48648648649,-7.43333333333,-1.27777777778,-0.631485900879,0.121296721985,0.0667284931991,-1.80336500154,0.0862755405834,0.0274215391862,-1.08046023748,-0.0920820004022,-0.0136430548195,0.214535810551,0.089926518803,0.331583737349,0.194850103399,0.221142372876,0.331583737349,0.106942278168,0.0658601291787,48,0.00617760617761,-0.385927829495,-0.0810810810811,0.0810810810811,-0.027027027027,162,8,54,1108,0.75,0.992831541219,0.00716845878136,0.25,0.952941176471,0.75,0.839378238342,0.82058161815,0.742831541219,0.723214285714,106,152,0,0,0,0
929,WLNM_dir_neg,0.982989958449,0.620601327588,00:00:02,10,30,4,1233300828,threshold_sweep,0.2,0.936170212766,0.578947368421,0.715447154472,88,6,64,298,0.578947368421,0.980263157895,0.0197368421053,0.421052631579,0.936170212766,0.578947368421,0.715447154472,0.84649122807,0.597953216374,0.618181818182,0.65165196846,0.559210526316,216,64,152,0,216,0,64,0,152,37,216,0.162162162162,1.32432432432,11.6756756757,21.6,6,8.1990990496,0.702237650082,0.31006006006,10.329336629,1.76937710775,0.765265265265,3.0868314707,0.528762798222,0.252752752753,0.579945114934,0.437917739848,2,1.32432432432,0.579945114934,2,0.0121701261701,0.00597269624573,7,0.000900900900901,0.621196581197,37,37,37,1,0,0.72972972973,0.243243243243,0.027027027027,37,0.048048048048,1.33333333333,3.45945945946,6.4,2.37037037037,3.02392859442,0.874104359324,0.445945945946,3.29687266502,1.90600450947,0.800675675676,1.40729544889,0.813592681392,0.442567567568,0.60858061945,0.456435464588,2.33333333333,1.38541666667,0.639832947508,2.33333333333,0.0312169312169,0.0186335403727,2,0.0002574002574,0.106778787661,37,32,32,0.864864864865,0,0.594594594595,0.135135135135,0.135135135135,37,158,0.118618618619,1.33447800521,8.54054054054,15.8,4.38888888889,7.10865901792,0.832342986275,0.395826205953,8.00572242784,1.87475778373,0.795073554567,2.15572427438,0.504821507291,0.279165241191,0.601026515278,0.450383230695,2.13756861928,1.34376906091,0.606851363413,2.13756861928,0.11178194936,0.0762463343109,52,0.00669240669241,0.324298853033,37,36,36,0.972972972973,0,0.702702702703,0.27027027027,0,-58,-0.0435435435435,0.0101536808854,-3.13513513514,-5.8,-1.61111111111,-1.09044003169,0.130105336193,0.0857661458927,-2.32361420116,0.105380675989,0.029808289302,-0.931107196325,-0.0239412909311,0.0264124884378,0.0210814003438,0.0124654908469,0.137568619276,0.0194447365857,0.0269062484789,0.137568619276,0.0996118231895,0.0702736380651,45,0.00579150579151,-0.296897728164,-0.027027027027,0.027027027027,-0.027027027027,152,6,64,1110,0.703703703704,0.994623655914,0.00537634408602,0.296296296296,0.962025316456,0.703703703704,0.812834224599,0.796077663272,0.698327359618,0.684684684685,94,152,0,0,0,0
930,WLNM_dir_neg,0.982989958449,0.620601327588,00:00:02,10,30,4,1233300828,threshold_sweep,0.3,0.934065934066,0.559210526316,0.699588477366,85,6,67,298,0.559210526316,0.980263157895,0.0197368421053,0.440789473684,0.934065934066,0.559210526316,0.699588477366,0.839912280702,0.60014619883,0.599634369287,0.636299704908,0.539473684211,216,64,152,0,216,0,64,0,152,37,216,0.162162162162,1.32432432432,11.6756756757,21.6,6,8.1990990496,0.702237650082,0.31006006006,10.329336629,1.76937710775,0.765265265265,3.0868314707,0.528762798222,0.252752752753,0.579945114934,0.437917739848,2,1.32432432432,0.579945114934,2,0.0121701261701,0.00597269624573,7,0.000900900900901,0.621196581197,37,37,37,1,0,0.72972972973,0.243243243243,0.027027027027,37,0.048048048048,1.33333333333,3.45945945946,6.4,2.37037037037,3.02392859442,0.874104359324,0.445945945946,3.29687266502,1.90600450947,0.800675675676,1.40729544889,0.813592681392,0.442567567568,0.60858061945,0.456435464588,2.33333333333,1.38541666667,0.639832947508,2.33333333333,0.0312169312169,0.0186335403727,2,0.0002574002574,0.106778787661,37,32,32,0.864864864865,0,0.594594594595,0.135135135135,0.135135135135,37,155,0.116366366366,1.33447800521,8.37837837838,15.5,4.30555555556,7.08029876705,0.845067917357,0.398430688753,7.92968346656,1.89289218234,0.796861377507,2.09281625564,0.499575493282,0.277593722755,0.601026515278,0.450383230695,2.13756861928,1.34376906091,0.606851363413,2.13756861928,0.116840700133,0.0783525866399,52,0.00669240669241,0.310551020255,37,36,36,0.972972972973,0,0.702702702703,0.27027027027,0,-61,-0.0457957957958,0.0101536808854,-3.2972972973,-6.1,-1.69444444444,-1.11880028256,0.142830267275,0.0883706286932,-2.39965316244,0.123515074595,0.0315961122413,-0.994015215062,-0.0291873049401,0.0248409700023,0.0210814003438,0.0124654908469,0.137568619276,0.0194447365857,0.0269062484789,0.137568619276,0.104670573962,0.0723798903941,45,0.00579150579151,-0.310645560941,-0.027027027027,0.027027027027,-0.027027027027,149,6,67,1110,0.689814814815,0.994623655914,0.00537634408602,0.310185185185,0.961290322581,0.689814814815,0.803234501348,0.786754625002,0.684438470729,0.671171171171,91,152,0,0,0,0
931,WLNM_dir_neg,0.982989958449,0.620601327588,00:00:02,10,30,4,1233300828,threshold_sweep,0.4,0.941860465116,0.532894736842,0.680672268908,81,5,71,299,0.532894736842,0.983552631579,0.0164473684211,0.467105263158,0.941860465116,0.532894736842,0.680672268908,0.833333333333,0.603801169591,0.579335793358,0.622349818061,0.516447368421,216,64,152,0,216,0,64,0,152,37,216,0.162162162162,1.32432432432,11.6756756757,21.6,6,8.1990990496,0.702237650082,0.31006006006,10.329336629,1.76937710775,0.765265265265,3.0868314707,0.528762798222,0.252752752753,0.579945114934,0.437917739848,2,1.32432432432,0.579945114934,2,0.0121701261701,0.00597269624573,7,0.000900900900901,0.621196581197,37,37,37,1,0,0.72972972973,0.243243243243,0.027027027027,37,0.048048048048,1.33333333333,3.45945945946,6.4,2.37037037037,3.02392859442,0.874104359324,0.445945945946,3.29687266502,1.90600450947,0.800675675676,1.40729544889,0.813592681392,0.442567567568,0.60858061945,0.456435464588,2.33333333333,1.38541666667,0.639832947508,2.33333333333,0.0312169312169,0.0186335403727,2,0.0002574002574,0.106778787661,37,32,32,0.864864864865,0,0.594594594595,0.135135135135,0.135135135135,37,150,0.112612612613,1.33773679902,8.10810810811,15,4.16666666667,6.94335727226,0.856347396912,0.394054054054,7.87028852339,1.94133783577,0.805765765766,2.19780124905,0.542124308099,0.302342342342,0.611000780104,0.456742148792,2.24296667089,1.34711837677,0.616959263969,2.24296667089,0.119397709261,0.0731319554849,46,0.00592020592021,0.297778933654,37,36,36,0.972972972973,0,0.702702702703,0.27027027027,0,-66,-0.0495495495495,0.0134124746975,-3.56756756757,-6.6,-1.83333333333,-1.25574177735,0.15410974683,0.083993993994,-2.45904810561,0.171960728025,0.0405005005005,-0.889030221653,0.0133615098768,0.0495895895896,0.0310556651694,0.0188244089439,0.242966670891,0.0227940524481,0.0370141490345,0.242966670891,0.107227583091,0.0671592592392,39,0.00501930501931,-0.323417647543,-0.027027027027,0.027027027027,-0.027027027027,145,5,71,1111,0.671296296296,0.995519713262,0.00448028673835,0.328703703704,0.966666666667,0.671296296296,0.792349726776,0.777518306726,0.666816009558,0.656108597285,86,152,0,0,0,0
932,WLNM_dir_neg,0.982989958449,0.620601327588,00:00:02,10,30,4,1233300828,threshold_sweep,0.5,0.941176470588,0.526315789474,0.675105485232,80,5,72,299,0.526315789474,0.983552631579,0.0164473684211,0.473684210526,0.941176470588,0.526315789474,0.675105485232,0.831140350877,0.604532163743,0.573012939002,0.617191992242,0.509868421053,216,64,152,0,216,0,64,0,152,37,216,0.162162162162,1.32432432432,11.6756756757,21.6,6,8.1990990496,0.702237650082,0.31006006006,10.329336629,1.76937710775,0.765265265265,3.0868314707,0.528762798222,0.252752752753,0.579945114934,0.437917739848,2,1.32432432432,0.579945114934,2,0.0121701261701,0.00597269624573,7,0.000900900900901,0.621196581197,37,37,37,1,0,0.72972972973,0.243243243243,0.027027027027,37,0.048048048048,1.33333333333,3.45945945946,6.4,2.37037037037,3.02392859442,0.874104359324,0.445945945946,3.29687266502,1.90600450947,0.800675675676,1.40729544889,0.813592681392,0.442567567568,0.60858061945,0.456435464588,2.33333333333,1.38541666667,0.639832947508,2.33333333333,0.0312169312169,0.0186335403727,2,0.0002574002574,0.106778787661,37,32,32,0.864864864865,0,0.594594594595,0.135135135135,0.135135135135,37,149,0.111861861862,1.33773679902,8.05405405405,14.9,4.13888888889,6.94800509317,0.862671773314,0.395610375476,7.85453332119,1.95045458311,0.807183021948,2.17927723093,0.541162802311,0.302194812262,0.611000780104,0.456742148792,2.24296667089,1.34711837677,0.616959263969,2.24296667089,0.121302471166,0.0736785904965,46,0.00592020592021,0.2930252429,37,36,36,0.972972972973,0,0.702702702703,0.27027027027,0,-67,-0.0503003003003,0.0134124746975,-3.62162162162,-6.7,-1.86111111111,-1.25109395643,0.160434123232,0.0855503154161,-2.47480330781,0.181077475369,0.0419177566829,-0.907554239774,0.012400004089,0.0494420595092,0.0310556651694,0.0188244089439,0.242966670891,0.0227940524481,0.0370141490345,0.242966670891,0.109132344996,0.0677058942508,39,0.00501930501931,-0.328171338297,-0.027027027027,0.027027027027,-0.027027027027,144,5,72,1111,0.666666666667,0.995519713262,0.00448028673835,0.333333333333,0.96644295302,0.666666666667,0.78904109589,0.774379255169,0.662186379928,0.651583710407,85,152,0,0,0,0
933,WLNM_dir_neg,0.982989958449,0.620601327588,00:00:02,10,30,4,1233300828,threshold_sweep,0.6,0.932432432432,0.453947368421,0.610619469027,69,5,83,299,0.453947368421,0.983552631579,0.0164473684211,0.546052631579,0.932432432432,0.453947368421,0.610619469027,0.80701754386,0.612573099415,0.501886792453,0.55935703148,0.4375,216,64,152,0,216,0,64,0,152,37,216,0.162162162162,1.32432432432,11.6756756757,21.6,6,8.1990990496,0.702237650082,0.31006006006,10.329336629,1.76937710775,0.765265265265,3.0868314707,0.528762798222,0.252752752753,0.579945114934,0.437917739848,2,1.32432432432,0.579945114934,2,0.0121701261701,0.00597269624573,7,0.000900900900901,0.621196581197,37,37,37,1,0,0.72972972973,0.243243243243,0.027027027027,37,0.048048048048,1.33333333333,3.45945945946,6.4,2.37037037037,3.02392859442,0.874104359324,0.445945945946,3.29687266502,1.90600450947,0.800675675676,1.40729544889,0.813592681392,0.442567567568,0.60858061945,0.456435464588,2.33333333333,1.38541666667,0.639832947508,2.33333333333,0.0312169312169,0.0186335403727,2,0.0002574002574,0.106778787661,37,32,32,0.864864864865,0,0.594594594595,0.135135135135,0.135135135135,37,138,0.103603603604,1.34597443293,7.45945945946,13.8,4.75862068966,6.58953123689,0.883379187554,0.409322365844,7.35847451223,1.97292432574,0.810810810811,2.56740950991,0.688363419324,0.381120250685,0.635696907409,0.472294935071,2.29292929293,1.40003293808,0.668555839989,2.29292929293,0.144109812289,0.0809319435929,44,0.00566280566281,0.317218143738,37,32,32,0.864864864865,0,0.594594594595,0.189189189189,0.0810810810811,-78,-0.0585585585586,0.0216501086066,-4.21621621622,-7.8,-1.24137931034,-1.60956781272,0.181141537472,0.099262305784,-2.97086211677,0.203547217998,0.0455455455455,-0.519421960791,0.159600621102,0.128367497933,0.0557517924742,0.0343771952227,0.292929292929,0.0757086137521,0.0886107250543,0.292929292929,0.131939686119,0.0749592473472,37,0.0047619047619,-0.303978437459,-0.135135135135,-0.0540540540541,0.0540540540541,133,5,83,1111,0.615740740741,0.995519713262,0.00448028673835,0.384259259259,0.963768115942,0.615740740741,0.751412429379,0.739338915189,0.611260454002,0.601809954751,74,152,0,0,0,0
934,WLNM_dir_neg,0.982989958449,0.620601327588,00:00:02,10,30,4,1233300828,threshold_sweep,0.7,0.932432432432,0.453947368421,0.610619469027,69,5,83,299,0.453947368421,0.983552631579,0.0164473684211,0.546052631579,0.932432432432,0.453947368421,0.610619469027,0.80701754386,0.612573099415,0.501886792453,0.55935703148,0.4375,216,64,152,0,216,0,64,0,152,37,216,0.162162162162,1.32432432432,11.6756756757,21.6,6,8.1990990496,0.702237650082,0.31006006006,10.329336629,1.76937710775,0.765265265265,3.0868314707,0.528762798222,0.252752752753,0.579945114934,0.437917739848,2,1.32432432432,0.579945114934,2,0.0121701261701,0.00597269624573,7,0.000900900900901,0.621196581197,37,37,37,1,0,0.72972972973,0.243243243243,0.027027027027,37,0.048048048048,1.33333333333,3.45945945946,6.4,2.37037037037,3.02392859442,0.874104359324,0.445945945946,3.29687266502,1.90600450947,0.800675675676,1.40729544889,0.813592681392,0.442567567568,0.60858061945,0.456435464588,2.33333333333,1.38541666667,0.639832947508,2.33333333333,0.0312169312169,0.0186335403727,2,0.0002574002574,0.106778787661,37,32,32,0.864864864865,0,0.594594594595,0.135135135135,0.135135135135,37,138,0.103603603604,1.34597443293,7.45945945946,13.8,4.75862068966,6.58953123689,0.883379187554,0.409322365844,7.35847451223,1.97292432574,0.810810810811,2.56740950991,0.688363419324,0.381120250685,0.635696907409,0.472294935071,2.29292929293,1.40003293808,0.668555839989,2.29292929293,0.144109812289,0.0809319435929,44,0.00566280566281,0.317218143738,37,32,32,0.864864864865,0,0.594594594595,0.189189189189,0.0810810810811,-78,-0.0585585585586,0.0216501086066,-4.21621621622,-7.8,-1.24137931034,-1.60956781272,0.181141537472,0.099262305784,-2.97086211677,0.203547217998,0.0455455455455,-0.519421960791,0.159600621102,0.128367497933,0.0557517924742,0.0343771952227,0.292929292929,0.0757086137521,0.0886107250543,0.292929292929,0.131939686119,0.0749592473472,37,0.0047619047619,-0.303978437459,-0.135135135135,-0.0540540540541,0.0540540540541,133,5,83,1111,0.615740740741,0.995519713262,0.00448028673835,0.384259259259,0.963768115942,0.615740740741,0.751412429379,0.739338915189,0.611260454002,0.601809954751,74,152,0,0,0,0
935,WLNM_dir_neg,0.982989958449,0.620601327588,00:00:02,10,30,4,1233300828,threshold_sweep,0.8,0.929577464789,0.434210526316,0.591928251121,66,5,86,299,0.434210526316,0.983552631579,0.0164473684211,0.565789473684,0.929577464789,0.434210526316,0.591928251121,0.800438596491,0.614766081871,0.481973434535,0.543161756401,0.417763157895,216,64,152,0,216,0,64,0,152,37,216,0.162162162162,1.32432432432,11.6756756757,21.6,6,8.1990990496,0.702237650082,0.31006006006,10.329336629,1.76937710775,0.765265265265,3.0868314707,0.528762798222,0.252752752753,0.579945114934,0.437917739848,2,1.32432432432,0.579945114934,2,0.0121701261701,0.00597269624573,7,0.000900900900901,0.621196581197,37,37,37,1,0,0.72972972973,0.243243243243,0.027027027027,37,0.048048048048,1.33333333333,3.45945945946,6.4,2.37037037037,3.02392859442,0.874104359324,0.445945945946,3.29687266502,1.90600450947,0.800675675676,1.40729544889,0.813592681392,0.442567567568,0.60858061945,0.456435464588,2.33333333333,1.38541666667,0.639832947508,2.33333333333,0.0312169312169,0.0186335403727,2,0.0002574002574,0.106778787661,37,32,32,0.864864864865,0,0.594594594595,0.135135135135,0.135135135135,37,135,0.101351351351,1.34597443293,7.2972972973,13.5,4.65517241379,6.6201076899,0.90719994269,0.415215215215,7.32657346095,2.00802383745,0.815615615616,2.49684485586,0.684320441976,0.377977977978,0.635696907409,0.472294935071,2.29292929293,1.40003293808,0.668555839989,2.29292929293,0.14842528848,0.0826549780839,44,0.00566280566281,0.301058335752,37,32,32,0.864864864865,0,0.594594594595,0.189189189189,0.0810810810811,-81,-0.0608108108108,0.0216501086066,-4.37837837838,-8.1,-1.34482758621,-1.57899135971,0.204962292608,0.105155155155,-3.00276316805,0.2386467297,0.0503503503504,-0.589986614844,0.155557643754,0.125225225225,0.0557517924742,0.0343771952227,0.292929292929,0.0757086137521,0.0886107250543,0.292929292929,0.13625516231,0.0766822818382,37,0.0047619047619,-0.320138245445,-0.135135135135,-0.0540540540541,0.0540540540541,130,5,86,1111,0.601851851852,0.995519713262,0.00448028673835,0.398148148148,0.962962962963,0.601851851852,0.740740740741,0.729607953755,0.597371565114,0.588235294118,71,152,0,0,0,0
936,WLNM_dir_neg,0.982989958449,0.620601327588,00:00:02,10,30,4,1233300828,threshold_sweep,0.9,0.929577464789,0.434210526316,0.591928251121,66,5,86,299,0.434210526316,0.983552631579,0.0164473684211,0.565789473684,0.929577464789,0.434210526316,0.591928251121,0.800438596491,0.614766081871,0.481973434535,0.543161756401,0.417763157895,216,64,152,0,216,0,64,0,152,37,216,0.162162162162,1.32432432432,11.6756756757,21.6,6,8.1990990496,0.702237650082,0.31006006006,10.329336629,1.76937710775,0.765265265265,3.0868314707,0.528762798222,0.252752752753,0.579945114934,0.437917739848,2,1.32432432432,0.579945114934,2,0.0121701261701,0.00597269624573,7,0.000900900900901,0.621196581197,37,37,37,1,0,0.72972972973,0.243243243243,0.027027027027,37,0.048048048048,1.33333333333,3.45945945946,6.4,2.37037037037,3.02392859442,0.874104359324,0.445945945946,3.29687266502,1.90600450947,0.800675675676,1.40729544889,0.813592681392,0.442567567568,0.60858061945,0.456435464588,2.33333333333,1.38541666667,0.639832947508,2.33333333333,0.0312169312169,0.0186335403727,2,0.0002574002574,0.106778787661,37,32,32,0.864864864865,0,0.594594594595,0.135135135135,0.135135135135,37,135,0.101351351351,1.34597443293,7.2972972973,13.5,4.65517241379,6.6201076899,0.90719994269,0.415215215215,7.32657346095,2.00802383745,0.815615615616,2.49684485586,0.684320441976,0.377977977978,0.635696907409,0.472294935071,2.29292929293,1.40003293808,0.668555839989,2.29292929293,0.14842528848,0.0826549780839,44,0.00566280566281,0.301058335752,37,32,32,0.864864864865,0,0.594594594595,0.189189189189,0.0810810810811,-81,-0.0608108108108,0.0216501086066,-4.37837837838,-8.1,-1.34482758621,-1.57899135971,0.204962292608,0.105155155155,-3.00276316805,0.2386467297,0.0503503503504,-0.589986614844,0.155557643754,0.125225225225,0.0557517924742,0.0343771952227,0.292929292929,0.0757086137521,0.0886107250543,0.292929292929,0.13625516231,0.0766822818382,37,0.0047619047619,-0.320138245445,-0.135135135135,-0.0540540540541,0.0540540540541,130,5,86,1111,0.601851851852,0.995519713262,0.00448028673835,0.398148148148,0.962962962963,0.601851851852,0.740740740741,0.729607953755,0.597371565114,0.588235294118,71,152,0,0,0,0
937,WLNM_dir_neg,0.970167503463,0.566921841048,00:00:02,10,30,5,1233300829,threshold_sweep,0.1,0.920792079208,0.611842105263,0.735177865613,93,8,59,296,0.611842105263,0.973684210526,0.0263157894737,0.388157894737,0.920792079208,0.611842105263,0.735177865613,0.853070175439,0.59283625731,0.639138240575,0.664706829687,0.585526315789,216,64,152,0,216,0,64,0,152,37,216,0.162162162162,1.32432432432,11.6756756757,21.6,6,8.1990990496,0.702237650082,0.31006006006,10.329336629,1.76937710775,0.765265265265,3.0868314707,0.528762798222,0.252752752753,0.579945114934,0.437917739848,2,1.32432432432,0.579945114934,2,0.0121701261701,0.00597269624573,7,0.000900900900901,0.621196581197,37,37,37,1,0,0.72972972973,0.243243243243,0.027027027027,37,0.048048048048,1.27027027027,3.45945945946,7.11111111111,2.46153846154,2.95892805848,0.855315141904,0.451435810811,3.29687266502,1.90600450947,0.800675675676,1.5392755989,0.889893705614,0.490709459459,0.508191163105,0.400065383721,2,1.32258064516,0.540807838589,2,0,0,0,0,0.149319199319,37,31,31,0.837837837838,0,0.594594594595,0.108108108108,0.135135135135,37,165,0.123873873874,1.28127269632,8.91891891892,18.3333333333,4.58333333333,7.62808545362,0.855270187224,0.401146601147,8.66216099094,1.94242397979,0.805896805897,2.42205829128,0.543128222893,0.299754299754,0.519394882874,0.40537419112,1.85518997853,1.28908582677,0.524552752266,1.85518997853,0.225247450514,0.130885529158,101,0.0129987129987,0.427456290413,37,36,36,0.972972972973,0,0.72972972973,0.243243243243,0,-51,-0.0382882882883,-0.0430516280061,-2.75675675676,-3.26666666667,-1.41666666667,-0.571013595987,0.153032537142,0.0910865410865,-1.66717563806,0.173046872042,0.0406315406315,-0.664773179422,0.014365424671,0.0470015470015,-0.0605502320607,-0.0325435487288,-0.144810021475,-0.0352384975528,-0.0553923626688,-0.144810021475,0.213077324344,0.124912832912,94,0.0120978120978,-0.193740290783,0,0,-0.027027027027,157,8,59,1108,0.726851851852,0.992831541219,0.00716845878136,0.273148148148,0.951515151515,0.726851851852,0.824146981627,0.805235761261,0.71968339307,0.700892857143,101,152,0,0,0,0
938,WLNM_dir_neg,0.970167503463,0.566921841048,00:00:02,10,30,5,1233300829,threshold_sweep,0.2,0.939393939394,0.611842105263,0.741035856574,93,6,59,298,0.611842105263,0.980263157895,0.0197368421053,0.388157894737,0.939393939394,0.611842105263,0.741035856574,0.857456140351,0.594298245614,0.648648648649,0.677026708666,0.592105263158,216,64,152,0,216,0,64,0,152,37,216,0.162162162162,1.32432432432,11.6756756757,21.6,6,8.1990990496,0.702237650082,0.31006006006,10.329336629,1.76937710775,0.765265265265,3.0868314707,0.528762798222,0.252752752753,0.579945114934,0.437917739848,2,1.32432432432,0.579945114934,2,0.0121701261701,0.00597269624573,7,0.000900900900901,0.621196581197,37,37,37,1,0,0.72972972973,0.243243243243,0.027027027027,37,0.048048048048,1.27027027027,3.45945945946,7.11111111111,2.46153846154,2.95892805848,0.855315141904,0.451435810811,3.29687266502,1.90600450947,0.800675675676,1.5392755989,0.889893705614,0.490709459459,0.508191163105,0.400065383721,2,1.32258064516,0.540807838589,2,0,0,0,0,0.149319199319,37,31,31,0.837837837838,0,0.594594594595,0.108108108108,0.135135135135,37,163,0.122372372372,1.27643642102,8.81081081081,18.1111111111,4.52777777778,7.45668170851,0.84631050066,0.39645166639,8.61993638627,1.95667267664,0.807826231139,2.46598480958,0.559763423034,0.308406566075,0.510101318229,0.399629241087,1.83892250707,1.28411521049,0.515163801495,1.83892250707,0.189036628806,0.108676207513,81,0.0104247104247,0.426229058407,37,36,36,0.972972972973,0,0.72972972973,0.243243243243,0,-53,-0.0397897897898,-0.0478879033028,-2.86486486486,-3.48888888889,-1.47222222222,-0.742417341089,0.144072850578,0.0863916063303,-1.70940024273,0.187295568892,0.0425609658738,-0.620846661124,0.0310006248111,0.0556538133225,-0.0698437967057,-0.0382884987613,-0.161077492928,-0.04020911383,-0.0647813134397,-0.161077492928,0.176866502636,0.102703511268,74,0.00952380952381,-0.19496752279,0,0,-0.027027027027,157,6,59,1110,0.726851851852,0.994623655914,0.00537634408602,0.273148148148,0.963190184049,0.726851851852,0.828496042216,0.811483152287,0.721475507766,0.707207207207,99,152,0,0,0,0
939,WLNM_dir_neg,0.970167503463,0.566921841048,00:00:02,10,30,5,1233300829,threshold_sweep,0.3,0.939393939394,0.611842105263,0.741035856574,93,6,59,298,0.611842105263,0.980263157895,0.0197368421053,0.388157894737,0.939393939394,0.611842105263,0.741035856574,0.857456140351,0.594298245614,0.648648648649,0.677026708666,0.592105263158,216,64,152,0,216,0,64,0,152,37,216,0.162162162162,1.32432432432,11.6756756757,21.6,6,8.1990990496,0.702237650082,0.31006006006,10.329336629,1.76937710775,0.765265265265,3.0868314707,0.528762798222,0.252752752753,0.579945114934,0.437917739848,2,1.32432432432,0.579945114934,2,0.0121701261701,0.00597269624573,7,0.000900900900901,0.621196581197,37,37,37,1,0,0.72972972973,0.243243243243,0.027027027027,37,0.048048048048,1.27027027027,3.45945945946,7.11111111111,2.46153846154,2.95892805848,0.855315141904,0.451435810811,3.29687266502,1.90600450947,0.800675675676,1.5392755989,0.889893705614,0.490709459459,0.508191163105,0.400065383721,2,1.32258064516,0.540807838589,2,0,0,0,0,0.149319199319,37,31,31,0.837837837838,0,0.594594594595,0.108108108108,0.135135135135,37,163,0.122372372372,1.27643642102,8.81081081081,18.1111111111,4.52777777778,7.45668170851,0.84631050066,0.39645166639,8.61993638627,1.95667267664,0.807826231139,2.46598480958,0.559763423034,0.308406566075,0.510101318229,0.399629241087,1.83892250707,1.28411521049,0.515163801495,1.83892250707,0.189036628806,0.108676207513,81,0.0104247104247,0.426229058407,37,36,36,0.972972972973,0,0.72972972973,0.243243243243,0,-53,-0.0397897897898,-0.0478879033028,-2.86486486486,-3.48888888889,-1.47222222222,-0.742417341089,0.144072850578,0.0863916063303,-1.70940024273,0.187295568892,0.0425609658738,-0.620846661124,0.0310006248111,0.0556538133225,-0.0698437967057,-0.0382884987613,-0.161077492928,-0.04020911383,-0.0647813134397,-0.161077492928,0.176866502636,0.102703511268,74,0.00952380952381,-0.19496752279,0,0,-0.027027027027,157,6,59,1110,0.726851851852,0.994623655914,0.00537634408602,0.273148148148,0.963190184049,0.726851851852,0.828496042216,0.811483152287,0.721475507766,0.707207207207,99,152,0,0,0,0
940,WLNM_dir_neg,0.970167503463,0.566921841048,00:00:02,10,30,5,1233300829,threshold_sweep,0.4,0.939393939394,0.611842105263,0.741035856574,93,6,59,298,0.611842105263,0.980263157895,0.0197368421053,0.388157894737,0.939393939394,0.611842105263,0.741035856574,0.857456140351,0.594298245614,0.648648648649,0.677026708666,0.592105263158,216,64,152,0,216,0,64,0,152,37,216,0.162162162162,1.32432432432,11.6756756757,21.6,6,8.1990990496,0.702237650082,0.31006006006,10.329336629,1.76937710775,0.765265265265,3.0868314707,0.528762798222,0.252752752753,0.579945114934,0.437917739848,2,1.32432432432,0.579945114934,2,0.0121701261701,0.00597269624573,7,0.000900900900901,0.621196581197,37,37,37,1,0,0.72972972973,0.243243243243,0.027027027027,37,0.048048048048,1.27027027027,3.45945945946,7.11111111111,2.46153846154,2.95892805848,0.855315141904,0.451435810811,3.29687266502,1.90600450947,0.800675675676,1.5392755989,0.889893705614,0.490709459459,0.508191163105,0.400065383721,2,1.32258064516,0.540807838589,2,0,0,0,0,0.149319199319,37,31,31,0.837837837838,0,0.594594594595,0.108108108108,0.135135135135,37,163,0.122372372372,1.27643642102,8.81081081081,18.1111111111,4.52777777778,7.45668170851,0.84631050066,0.39645166639,8.61993638627,1.95667267664,0.807826231139,2.46598480958,0.559763423034,0.308406566075,0.510101318229,0.399629241087,1.83892250707,1.28411521049,0.515163801495,1.83892250707,0.189036628806,0.108676207513,81,0.0104247104247,0.426229058407,37,36,36,0.972972972973,0,0.72972972973,0.243243243243,0,-53,-0.0397897897898,-0.0478879033028,-2.86486486486,-3.48888888889,-1.47222222222,-0.742417341089,0.144072850578,0.0863916063303,-1.70940024273,0.187295568892,0.0425609658738,-0.620846661124,0.0310006248111,0.0556538133225,-0.0698437967057,-0.0382884987613,-0.161077492928,-0.04020911383,-0.0647813134397,-0.161077492928,0.176866502636,0.102703511268,74,0.00952380952381,-0.19496752279,0,0,-0.027027027027,157,6,59,1110,0.726851851852,0.994623655914,0.00537634408602,0.273148148148,0.963190184049,0.726851851852,0.828496042216,0.811483152287,0.721475507766,0.707207207207,99,152,0,0,0,0
941,WLNM_dir_neg,0.970167503463,0.566921841048,00:00:02,10,30,5,1233300829,threshold_sweep,0.5,0.939393939394,0.611842105263,0.741035856574,93,6,59,298,0.611842105263,0.980263157895,0.0197368421053,0.388157894737,0.939393939394,0.611842105263,0.741035856574,0.857456140351,0.594298245614,0.648648648649,0.677026708666,0.592105263158,216,64,152,0,216,0,64,0,152,37,216,0.162162162162,1.32432432432,11.6756756757,21.6,6,8.1990990496,0.702237650082,0.31006006006,10.329336629,1.76937710775,0.765265265265,3.0868314707,0.528762798222,0.252752752753,0.579945114934,0.437917739848,2,1.32432432432,0.579945114934,2,0.0121701261701,0.00597269624573,7,0.000900900900901,0.621196581197,37,37,37,1,0,0.72972972973,0.243243243243,0.027027027027,37,0.048048048048,1.27027027027,3.45945945946,7.11111111111,2.46153846154,2.95892805848,0.855315141904,0.451435810811,3.29687266502,1.90600450947,0.800675675676,1.5392755989,0.889893705614,0.490709459459,0.508191163105,0.400065383721,2,1.32258064516,0.540807838589,2,0,0,0,0,0.149319199319,37,31,31,0.837837837838,0,0.594594594595,0.108108108108,0.135135135135,37,163,0.122372372372,1.27643642102,8.81081081081,18.1111111111,4.52777777778,7.45668170851,0.84631050066,0.39645166639,8.61993638627,1.95667267664,0.807826231139,2.46598480958,0.559763423034,0.308406566075,0.510101318229,0.399629241087,1.83892250707,1.28411521049,0.515163801495,1.83892250707,0.189036628806,0.108676207513,81,0.0104247104247,0.426229058407,37,36,36,0.972972972973,0,0.72972972973,0.243243243243,0,-53,-0.0397897897898,-0.0478879033028,-2.86486486486,-3.48888888889,-1.47222222222,-0.742417341089,0.144072850578,0.0863916063303,-1.70940024273,0.187295568892,0.0425609658738,-0.620846661124,0.0310006248111,0.0556538133225,-0.0698437967057,-0.0382884987613,-0.161077492928,-0.04020911383,-0.0647813134397,-0.161077492928,0.176866502636,0.102703511268,74,0.00952380952381,-0.19496752279,0,0,-0.027027027027,157,6,59,1110,0.726851851852,0.994623655914,0.00537634408602,0.273148148148,0.963190184049,0.726851851852,0.828496042216,0.811483152287,0.721475507766,0.707207207207,99,152,0,0,0,0
942,WLNM_dir_neg,0.970167503463,0.566921841048,00:00:02,10,30,5,1233300829,threshold_sweep,0.6,0.939393939394,0.611842105263,0.741035856574,93,6,59,298,0.611842105263,0.980263157895,0.0197368421053,0.388157894737,0.939393939394,0.611842105263,0.741035856574,0.857456140351,0.594298245614,0.648648648649,0.677026708666,0.592105263158,216,64,152,0,216,0,64,0,152,37,216,0.162162162162,1.32432432432,11.6756756757,21.6,6,8.1990990496,0.702237650082,0.31006006006,10.329336629,1.76937710775,0.765265265265,3.0868314707,0.528762798222,0.252752752753,0.579945114934,0.437917739848,2,1.32432432432,0.579945114934,2,0.0121701261701,0.00597269624573,7,0.000900900900901,0.621196581197,37,37,37,1,0,0.72972972973,0.243243243243,0.027027027027,37,0.048048048048,1.27027027027,3.45945945946,7.11111111111,2.46153846154,2.95892805848,0.855315141904,0.451435810811,3.29687266502,1.90600450947,0.800675675676,1.5392755989,0.889893705614,0.490709459459,0.508191163105,0.400065383721,2,1.32258064516,0.540807838589,2,0,0,0,0,0.149319199319,37,31,31,0.837837837838,0,0.594594594595,0.108108108108,0.135135135135,37,163,0.122372372372,1.27643642102,8.81081081081,18.1111111111,4.52777777778,7.45668170851,0.84631050066,0.39645166639,8.61993638627,1.95667267664,0.807826231139,2.46598480958,0.559763423034,0.308406566075,0.510101318229,0.399629241087,1.83892250707,1.28411521049,0.515163801495,1.83892250707,0.189036628806,0.108676207513,81,0.0104247104247,0.426229058407,37,36,36,0.972972972973,0,0.72972972973,0.243243243243,0,-53,-0.0397897897898,-0.0478879033028,-2.86486486486,-3.48888888889,-1.47222222222,-0.742417341089,0.144072850578,0.0863916063303,-1.70940024273,0.187295568892,0.0425609658738,-0.620846661124,0.0310006248111,0.0556538133225,-0.0698437967057,-0.0382884987613,-0.161077492928,-0.04020911383,-0.0647813134397,-0.161077492928,0.176866502636,0.102703511268,74,0.00952380952381,-0.19496752279,0,0,-0.027027027027,157,6,59,1110,0.726851851852,0.994623655914,0.00537634408602,0.273148148148,0.963190184049,0.726851851852,0.828496042216,0.811483152287,0.721475507766,0.707207207207,99,152,0,0,0,0
943,WLNM_dir_neg,0.970167503463,0.566921841048,00:00:02,10,30,5,1233300829,threshold_sweep,0.7,0.939393939394,0.611842105263,0.741035856574,93,6,59,298,0.611842105263,0.980263157895,0.0197368421053,0.388157894737,0.939393939394,0.611842105263,0.741035856574,0.857456140351,0.594298245614,0.648648648649,0.677026708666,0.592105263158,216,64,152,0,216,0,64,0,152,37,216,0.162162162162,1.32432432432,11.6756756757,21.6,6,8.1990990496,0.702237650082,0.31006006006,10.329336629,1.76937710775,0.765265265265,3.0868314707,0.528762798222,0.252752752753,0.579945114934,0.437917739848,2,1.32432432432,0.579945114934,2,0.0121701261701,0.00597269624573,7,0.000900900900901,0.621196581197,37,37,37,1,0,0.72972972973,0.243243243243,0.027027027027,37,0.048048048048,1.27027027027,3.45945945946,7.11111111111,2.46153846154,2.95892805848,0.855315141904,0.451435810811,3.29687266502,1.90600450947,0.800675675676,1.5392755989,0.889893705614,0.490709459459,0.508191163105,0.400065383721,2,1.32258064516,0.540807838589,2,0,0,0,0,0.149319199319,37,31,31,0.837837837838,0,0.594594594595,0.108108108108,0.135135135135,37,163,0.122372372372,1.27643642102,8.81081081081,18.1111111111,4.52777777778,7.45668170851,0.84631050066,0.39645166639,8.61993638627,1.95667267664,0.807826231139,2.46598480958,0.559763423034,0.308406566075,0.510101318229,0.399629241087,1.83892250707,1.28411521049,0.515163801495,1.83892250707,0.189036628806,0.108676207513,81,0.0104247104247,0.426229058407,37,36,36,0.972972972973,0,0.72972972973,0.243243243243,0,-53,-0.0397897897898,-0.0478879033028,-2.86486486486,-3.48888888889,-1.47222222222,-0.742417341089,0.144072850578,0.0863916063303,-1.70940024273,0.187295568892,0.0425609658738,-0.620846661124,0.0310006248111,0.0556538133225,-0.0698437967057,-0.0382884987613,-0.161077492928,-0.04020911383,-0.0647813134397,-0.161077492928,0.176866502636,0.102703511268,74,0.00952380952381,-0.19496752279,0,0,-0.027027027027,157,6,59,1110,0.726851851852,0.994623655914,0.00537634408602,0.273148148148,0.963190184049,0.726851851852,0.828496042216,0.811483152287,0.721475507766,0.707207207207,99,152,0,0,0,0
944,WLNM_dir_neg,0.970167503463,0.566921841048,00:00:02,10,30,5,1233300829,threshold_sweep,0.8,0.939393939394,0.611842105263,0.741035856574,93,6,59,298,0.611842105263,0.980263157895,0.0197368421053,0.388157894737,0.939393939394,0.611842105263,0.741035856574,0.857456140351,0.594298245614,0.648648648649,0.677026708666,0.592105263158,216,64,152,0,216,0,64,0,152,37,216,0.162162162162,1.32432432432,11.6756756757,21.6,6,8.1990990496,0.702237650082,0.31006006006,10.329336629,1.76937710775,0.765265265265,3.0868314707,0.528762798222,0.252752752753,0.579945114934,0.437917739848,2,1.32432432432,0.579945114934,2,0.0121701261701,0.00597269624573,7,0.000900900900901,0.621196581197,37,37,37,1,0,0.72972972973,0.243243243243,0.027027027027,37,0.048048048048,1.27027027027,3.45945945946,7.11111111111,2.46153846154,2.95892805848,0.855315141904,0.451435810811,3.29687266502,1.90600450947,0.800675675676,1.5392755989,0.889893705614,0.490709459459,0.508191163105,0.400065383721,2,1.32258064516,0.540807838589,2,0,0,0,0,0.149319199319,37,31,31,0.837837837838,0,0.594594594595,0.108108108108,0.135135135135,37,163,0.122372372372,1.27643642102,8.81081081081,18.1111111111,4.52777777778,7.45668170851,0.84631050066,0.39645166639,8.61993638627,1.95667267664,0.807826231139,2.46598480958,0.559763423034,0.308406566075,0.510101318229,0.399629241087,1.83892250707,1.28411521049,0.515163801495,1.83892250707,0.189036628806,0.108676207513,81,0.0104247104247,0.426229058407,37,36,36,0.972972972973,0,0.72972972973,0.243243243243,0,-53,-0.0397897897898,-0.0478879033028,-2.86486486486,-3.48888888889,-1.47222222222,-0.742417341089,0.144072850578,0.0863916063303,-1.70940024273,0.187295568892,0.0425609658738,-0.620846661124,0.0310006248111,0.0556538133225,-0.0698437967057,-0.0382884987613,-0.161077492928,-0.04020911383,-0.0647813134397,-0.161077492928,0.176866502636,0.102703511268,74,0.00952380952381,-0.19496752279,0,0,-0.027027027027,157,6,59,1110,0.726851851852,0.994623655914,0.00537634408602,0.273148148148,0.963190184049,0.726851851852,0.828496042216,0.811483152287,0.721475507766,0.707207207207,99,152,0,0,0,0
945,WLNM_dir_neg,0.970167503463,0.566921841048,00:00:02,10,30,5,1233300829,threshold_sweep,0.9,0.965517241379,0.552631578947,0.702928870293,84,3,68,301,0.552631578947,0.990131578947,0.00986842105263,0.447368421053,0.965517241379,0.552631578947,0.702928870293,0.844298245614,0.603070175439,0.60773480663,0.651172628404,0.542763157895,216,64,152,0,216,0,64,0,152,37,216,0.162162162162,1.32432432432,11.6756756757,21.6,6,8.1990990496,0.702237650082,0.31006006006,10.329336629,1.76937710775,0.765265265265,3.0868314707,0.528762798222,0.252752752753,0.579945114934,0.437917739848,2,1.32432432432,0.579945114934,2,0.0121701261701,0.00597269624573,7,0.000900900900901,0.621196581197,37,37,37,1,0,0.72972972973,0.243243243243,0.027027027027,37,0.048048048048,1.27027027027,3.45945945946,7.11111111111,2.46153846154,2.95892805848,0.855315141904,0.451435810811,3.29687266502,1.90600450947,0.800675675676,1.5392755989,0.889893705614,0.490709459459,0.508191163105,0.400065383721,2,1.32258064516,0.540807838589,2,0,0,0,0,0.149319199319,37,31,31,0.837837837838,0,0.594594594595,0.108108108108,0.135135135135,37,151,0.113363363363,1.27396501853,8.16216216216,16.7777777778,5.20689655172,7.02184493608,0.86029226038,0.405942366207,8.25421905041,2.02255698586,0.817970288169,2.85168934706,0.698758316829,0.380884195454,0.51426971015,0.403676476724,2.00961538462,1.29813840252,0.530180117281,2.00961538462,0.205010034486,0.0883697308278,58,0.00746460746461,0.438119164871,37,34,34,0.918918918919,0,0.675675675676,0.108108108108,0.135135135135,-65,-0.0487987987988,-0.0503593057941,-3.51351351351,-4.82222222222,-0.793103448276,-1.17725411353,0.158054610298,0.0958823061472,-2.07511757859,0.253179878116,0.0527050229037,-0.235142123645,0.169995518607,0.128131442701,-0.0656754047843,-0.0342412631243,0.00961538461538,-0.0261859218061,-0.0497649976532,0.00961538461538,0.192839908316,0.0823970345821,51,0.00656370656371,-0.183077416326,-0.0540540540541,-0.135135135135,0.108108108108,148,3,68,1113,0.685185185185,0.997311827957,0.00268817204301,0.314814814815,0.980132450331,0.685185185185,0.806539509537,0.793498856997,0.682497013142,0.675799086758,87,152,0,0,0,0
946,WLNM_dir_neg,0.975945723684,0.66233129128,00:00:03,10,30,6,1233300830,threshold_sweep,0.1,0.884615384615,0.453947368421,0.6,69,9,83,295,0.453947368421,0.970394736842,0.0296052631579,0.546052631579,0.884615384615,0.453947368421,0.6,0.798245614035,0.609649122807,0.483146067416,0.53122867694,0.424342105263,216,64,152,0,216,0,64,0,152,37,216,0.162162162162,1.32432432432,11.6756756757,21.6,6,8.1990990496,0.702237650082,0.31006006006,10.329336629,1.76937710775,0.765265265265,3.0868314707,0.528762798222,0.252752752753,0.579945114934,0.437917739848,2,1.32432432432,0.579945114934,2,0.0121701261701,0.00597269624573,7,0.000900900900901,0.621196581197,37,37,37,1,0,0.72972972973,0.243243243243,0.027027027027,37,0.048048048048,1.32432432432,3.45945945946,6.4,2.28571428571,2.84404440693,0.822106586378,0.425253378378,3.24592606756,1.87655100781,0.796452702703,1.46531469219,0.847135056422,0.454391891892,0.579945114934,0.437917739848,2,1.34285714286,0.591252764842,2,0,0,0,0,0.116013091846,37,35,35,0.945945945946,0,0.675675675676,0.0810810810811,0.189189189189,37,142,0.106606606607,1.3522857845,7.67567567568,14.2,4.05714285714,6.98432393155,0.909929526293,0.405595736582,7.56275050462,1.97057583571,0.803197563761,1.75615605345,0.45758995759,0.248191853826,0.625859964484,0.462816345226,2.12591421229,1.36207150074,0.631860571928,2.12591421229,0.217840942127,0.117252931323,70,0.00900900900901,0.244251175836,37,36,36,0.972972972973,0,0.702702702703,0.243243243243,0.027027027027,-74,-0.0555555555556,0.0279614601753,-4,-7.4,-1.94285714286,-1.21477511806,0.207691876211,0.0955356765216,-2.76658612438,0.201198727967,0.0379322984957,-1.33067541725,-0.0711728406322,-0.0045608989271,0.0459148495492,0.0248986053778,0.125914212295,0.0377471764114,0.0519154569931,0.125914212295,0.205670815957,0.111280235078,63,0.00810810810811,-0.376945405361,-0.027027027027,0,0,133,9,83,1107,0.615740740741,0.991935483871,0.00806451612903,0.384259259259,0.93661971831,0.615740740741,0.743016759777,0.725794319545,0.607676224612,0.591111111111,78,152,0,0,0,0
947,WLNM_dir_neg,0.975945723684,0.66233129128,00:00:03,10,30,6,1233300830,threshold_sweep,0.2,0.884615384615,0.453947368421,0.6,69,9,83,295,0.453947368421,0.970394736842,0.0296052631579,0.546052631579,0.884615384615,0.453947368421,0.6,0.798245614035,0.609649122807,0.483146067416,0.53122867694,0.424342105263,216,64,152,0,216,0,64,0,152,37,216,0.162162162162,1.32432432432,11.6756756757,21.6,6,8.1990990496,0.702237650082,0.31006006006,10.329336629,1.76937710775,0.765265265265,3.0868314707,0.528762798222,0.252752752753,0.579945114934,0.437917739848,2,1.32432432432,0.579945114934,2,0.0121701261701,0.00597269624573,7,0.000900900900901,0.621196581197,37,37,37,1,0,0.72972972973,0.243243243243,0.027027027027,37,0.048048048048,1.32432432432,3.45945945946,6.4,2.28571428571,2.84404440693,0.822106586378,0.425253378378,3.24592606756,1.87655100781,0.796452702703,1.46531469219,0.847135056422,0.454391891892,0.579945114934,0.437917739848,2,1.34285714286,0.591252764842,2,0,0,0,0,0.116013091846,37,35,35,0.945945945946,0,0.675675675676,0.0810810810811,0.189189189189,37,142,0.106606606607,1.3522857845,7.67567567568,14.2,4.05714285714,6.98432393155,0.909929526293,0.405595736582,7.56275050462,1.97057583571,0.803197563761,1.75615605345,0.45758995759,0.248191853826,0.625859964484,0.462816345226,2.12591421229,1.36207150074,0.631860571928,2.12591421229,0.217840942127,0.117252931323,70,0.00900900900901,0.244251175836,37,36,36,0.972972972973,0,0.702702702703,0.243243243243,0.027027027027,-74,-0.0555555555556,0.0279614601753,-4,-7.4,-1.94285714286,-1.21477511806,0.207691876211,0.0955356765216,-2.76658612438,0.201198727967,0.0379322984957,-1.33067541725,-0.0711728406322,-0.0045608989271,0.0459148495492,0.0248986053778,0.125914212295,0.0377471764114,0.0519154569931,0.125914212295,0.205670815957,0.111280235078,63,0.00810810810811,-0.376945405361,-0.027027027027,0,0,133,9,83,1107,0.615740740741,0.991935483871,0.00806451612903,0.384259259259,0.93661971831,0.615740740741,0.743016759777,0.725794319545,0.607676224612,0.591111111111,78,152,0,0,0,0
948,WLNM_dir_neg,0.975945723684,0.66233129128,00:00:03,10,30,6,1233300830,threshold_sweep,0.3,0.884615384615,0.453947368421,0.6,69,9,83,295,0.453947368421,0.970394736842,0.0296052631579,0.546052631579,0.884615384615,0.453947368421,0.6,0.798245614035,0.609649122807,0.483146067416,0.53122867694,0.424342105263,216,64,152,0,216,0,64,0,152,37,216,0.162162162162,1.32432432432,11.6756756757,21.6,6,8.1990990496,0.702237650082,0.31006006006,10.329336629,1.76937710775,0.765265265265,3.0868314707,0.528762798222,0.252752752753,0.579945114934,0.437917739848,2,1.32432432432,0.579945114934,2,0.0121701261701,0.00597269624573,7,0.000900900900901,0.621196581197,37,37,37,1,0,0.72972972973,0.243243243243,0.027027027027,37,0.048048048048,1.32432432432,3.45945945946,6.4,2.28571428571,2.84404440693,0.822106586378,0.425253378378,3.24592606756,1.87655100781,0.796452702703,1.46531469219,0.847135056422,0.454391891892,0.579945114934,0.437917739848,2,1.34285714286,0.591252764842,2,0,0,0,0,0.116013091846,37,35,35,0.945945945946,0,0.675675675676,0.0810810810811,0.189189189189,37,142,0.106606606607,1.3522857845,7.67567567568,14.2,4.05714285714,6.98432393155,0.909929526293,0.405595736582,7.56275050462,1.97057583571,0.803197563761,1.75615605345,0.45758995759,0.248191853826,0.625859964484,0.462816345226,2.12591421229,1.36207150074,0.631860571928,2.12591421229,0.217840942127,0.117252931323,70,0.00900900900901,0.244251175836,37,36,36,0.972972972973,0,0.702702702703,0.243243243243,0.027027027027,-74,-0.0555555555556,0.0279614601753,-4,-7.4,-1.94285714286,-1.21477511806,0.207691876211,0.0955356765216,-2.76658612438,0.201198727967,0.0379322984957,-1.33067541725,-0.0711728406322,-0.0045608989271,0.0459148495492,0.0248986053778,0.125914212295,0.0377471764114,0.0519154569931,0.125914212295,0.205670815957,0.111280235078,63,0.00810810810811,-0.376945405361,-0.027027027027,0,0,133,9,83,1107,0.615740740741,0.991935483871,0.00806451612903,0.384259259259,0.93661971831,0.615740740741,0.743016759777,0.725794319545,0.607676224612,0.591111111111,78,152,0,0,0,0
949,WLNM_dir_neg,0.975945723684,0.66233129128,00:00:03,10,30,6,1233300830,threshold_sweep,0.4,0.896103896104,0.453947368421,0.602620087336,69,8,83,296,0.453947368421,0.973684210526,0.0263157894737,0.546052631579,0.896103896104,0.453947368421,0.602620087336,0.800438596491,0.610380116959,0.487804878049,0.538100489238,0.427631578947,216,64,152,0,216,0,64,0,152,37,216,0.162162162162,1.32432432432,11.6756756757,21.6,6,8.1990990496,0.702237650082,0.31006006006,10.329336629,1.76937710775,0.765265265265,3.0868314707,0.528762798222,0.252752752753,0.579945114934,0.437917739848,2,1.32432432432,0.579945114934,2,0.0121701261701,0.00597269624573,7,0.000900900900901,0.621196581197,37,37,37,1,0,0.72972972973,0.243243243243,0.027027027027,37,0.048048048048,1.32432432432,3.45945945946,6.4,2.28571428571,2.84404440693,0.822106586378,0.425253378378,3.24592606756,1.87655100781,0.796452702703,1.46531469219,0.847135056422,0.454391891892,0.579945114934,0.437917739848,2,1.34285714286,0.591252764842,2,0,0,0,0,0.116013091846,37,35,35,0.945945945946,0,0.675675675676,0.0810810810811,0.189189189189,37,141,0.105855855856,1.34946350324,7.62162162162,14.1,4.02857142857,6.88537641734,0.90340045192,0.40291355185,7.5381910512,1.97810687159,0.803143569101,1.77697992607,0.466299696912,0.25416906268,0.620662241133,0.459932587762,2.11019711315,1.35917082277,0.626611320368,2.11019711315,0.19390884248,0.104452054795,61,0.00785070785071,0.243753426077,37,36,36,0.972972972973,0,0.702702702703,0.243243243243,0.027027027027,-75,-0.0563063063063,0.025139178912,-4.05405405405,-7.5,-1.97142857143,-1.31372263227,0.201162801838,0.0928534917897,-2.7911455778,0.208729763845,0.0378783038358,-1.30985154463,-0.0624631013103,0.00141630992695,0.0407171261989,0.0220148479132,0.110197113146,0.0348464984463,0.046666205434,0.110197113146,0.18173871631,0.0984793585488,54,0.00694980694981,-0.37744315512,-0.027027027027,0,0,133,8,83,1108,0.615740740741,0.992831541219,0.00716845878136,0.384259259259,0.943262411348,0.615740740741,0.745098039216,0.729131236131,0.608572281959,0.59375,77,152,0,0,0,0
950,WLNM_dir_neg,0.975945723684,0.66233129128,00:00:03,10,30,6,1233300830,threshold_sweep,0.5,0.890410958904,0.427631578947,0.577777777778,65,8,87,296,0.427631578947,0.973684210526,0.0263157894737,0.572368421053,0.890410958904,0.427631578947,0.577777777778,0.791666666667,0.613304093567,0.461247637051,0.515921962341,0.401315789474,216,64,152,0,216,0,64,0,152,37,216,0.162162162162,1.32432432432,11.6756756757,21.6,6,8.1990990496,0.702237650082,0.31006006006,10.329336629,1.76937710775,0.765265265265,3.0868314707,0.528762798222,0.252752752753,0.579945114934,0.437917739848,2,1.32432432432,0.579945114934,2,0.0121701261701,0.00597269624573,7,0.000900900900901,0.621196581197,37,37,37,1,0,0.72972972973,0.243243243243,0.027027027027,37,0.048048048048,1.32432432432,3.45945945946,6.4,2.28571428571,2.84404440693,0.822106586378,0.425253378378,3.24592606756,1.87655100781,0.796452702703,1.46531469219,0.847135056422,0.454391891892,0.579945114934,0.437917739848,2,1.34285714286,0.591252764842,2,0,0,0,0,0.116013091846,37,35,35,0.945945945946,0,0.675675675676,0.0810810810811,0.189189189189,37,137,0.102852852853,1.34725321541,7.40540540541,13.7,3.91428571429,6.76781377576,0.91390186023,0.400276188597,7.54933722207,2.03887209647,0.812389031367,1.85389776874,0.500687718565,0.275794042217,0.614562076243,0.456159294493,2.07712445182,1.35689913806,0.620432597162,2.07712445182,0.19674463103,0.0969447708578,55,0.00707850707851,0.228271130594,37,36,36,0.972972972973,0,0.702702702703,0.243243243243,0.027027027027,-79,-0.0593093093093,0.0229288910814,-4.27027027027,-7.9,-2.08571428571,-1.43128527385,0.211664210148,0.0902161285373,-2.77999940693,0.269494988725,0.0471237661019,-1.23293370196,-0.0280750796578,0.0230412894646,0.0346169613087,0.0182415546447,0.0771244518194,0.0325748137316,0.040487482228,0.0771244518194,0.18457450486,0.0909720746121,48,0.00617760617761,-0.392925450602,-0.027027027027,0,0,129,8,87,1108,0.597222222222,0.992831541219,0.00716845878136,0.402777777778,0.941605839416,0.597222222222,0.730878186969,0.715988952548,0.590053763441,0.575892857143,73,152,0,0,0,0
951,WLNM_dir_neg,0.975945723684,0.66233129128,00:00:03,10,30,6,1233300830,threshold_sweep,0.6,0.890410958904,0.427631578947,0.577777777778,65,8,87,296,0.427631578947,0.973684210526,0.0263157894737,0.572368421053,0.890410958904,0.427631578947,0.577777777778,0.791666666667,0.613304093567,0.461247637051,0.515921962341,0.401315789474,216,64,152,0,216,0,64,0,152,37,216,0.162162162162,1.32432432432,11.6756756757,21.6,6,8.1990990496,0.702237650082,0.31006006006,10.329336629,1.76937710775,0.765265265265,3.0868314707,0.528762798222,0.252752752753,0.579945114934,0.437917739848,2,1.32432432432,0.579945114934,2,0.0121701261701,0.00597269624573,7,0.000900900900901,0.621196581197,37,37,37,1,0,0.72972972973,0.243243243243,0.027027027027,37,0.048048048048,1.32432432432,3.45945945946,6.4,2.28571428571,2.84404440693,0.822106586378,0.425253378378,3.24592606756,1.87655100781,0.796452702703,1.46531469219,0.847135056422,0.454391891892,0.579945114934,0.437917739848,2,1.34285714286,0.591252764842,2,0,0,0,0,0.116013091846,37,35,35,0.945945945946,0,0.675675675676,0.0810810810811,0.189189189189,37,137,0.102852852853,1.34725321541,7.40540540541,13.7,3.91428571429,6.76781377576,0.91390186023,0.400276188597,7.54933722207,2.03887209647,0.812389031367,1.85389776874,0.500687718565,0.275794042217,0.614562076243,0.456159294493,2.07712445182,1.35689913806,0.620432597162,2.07712445182,0.19674463103,0.0969447708578,55,0.00707850707851,0.228271130594,37,36,36,0.972972972973,0,0.702702702703,0.243243243243,0.027027027027,-79,-0.0593093093093,0.0229288910814,-4.27027027027,-7.9,-2.08571428571,-1.43128527385,0.211664210148,0.0902161285373,-2.77999940693,0.269494988725,0.0471237661019,-1.23293370196,-0.0280750796578,0.0230412894646,0.0346169613087,0.0182415546447,0.0771244518194,0.0325748137316,0.040487482228,0.0771244518194,0.18457450486,0.0909720746121,48,0.00617760617761,-0.392925450602,-0.027027027027,0,0,129,8,87,1108,0.597222222222,0.992831541219,0.00716845878136,0.402777777778,0.941605839416,0.597222222222,0.730878186969,0.715988952548,0.590053763441,0.575892857143,73,152,0,0,0,0
952,WLNM_dir_neg,0.975945723684,0.66233129128,00:00:03,10,30,6,1233300830,threshold_sweep,0.7,0.890410958904,0.427631578947,0.577777777778,65,8,87,296,0.427631578947,0.973684210526,0.0263157894737,0.572368421053,0.890410958904,0.427631578947,0.577777777778,0.791666666667,0.613304093567,0.461247637051,0.515921962341,0.401315789474,216,64,152,0,216,0,64,0,152,37,216,0.162162162162,1.32432432432,11.6756756757,21.6,6,8.1990990496,0.702237650082,0.31006006006,10.329336629,1.76937710775,0.765265265265,3.0868314707,0.528762798222,0.252752752753,0.579945114934,0.437917739848,2,1.32432432432,0.579945114934,2,0.0121701261701,0.00597269624573,7,0.000900900900901,0.621196581197,37,37,37,1,0,0.72972972973,0.243243243243,0.027027027027,37,0.048048048048,1.32432432432,3.45945945946,6.4,2.28571428571,2.84404440693,0.822106586378,0.425253378378,3.24592606756,1.87655100781,0.796452702703,1.46531469219,0.847135056422,0.454391891892,0.579945114934,0.437917739848,2,1.34285714286,0.591252764842,2,0,0,0,0,0.116013091846,37,35,35,0.945945945946,0,0.675675675676,0.0810810810811,0.189189189189,37,137,0.102852852853,1.34725321541,7.40540540541,13.7,3.91428571429,6.76781377576,0.91390186023,0.400276188597,7.54933722207,2.03887209647,0.812389031367,1.85389776874,0.500687718565,0.275794042217,0.614562076243,0.456159294493,2.07712445182,1.35689913806,0.620432597162,2.07712445182,0.19674463103,0.0969447708578,55,0.00707850707851,0.228271130594,37,36,36,0.972972972973,0,0.702702702703,0.243243243243,0.027027027027,-79,-0.0593093093093,0.0229288910814,-4.27027027027,-7.9,-2.08571428571,-1.43128527385,0.211664210148,0.0902161285373,-2.77999940693,0.269494988725,0.0471237661019,-1.23293370196,-0.0280750796578,0.0230412894646,0.0346169613087,0.0182415546447,0.0771244518194,0.0325748137316,0.040487482228,0.0771244518194,0.18457450486,0.0909720746121,48,0.00617760617761,-0.392925450602,-0.027027027027,0,0,129,8,87,1108,0.597222222222,0.992831541219,0.00716845878136,0.402777777778,0.941605839416,0.597222222222,0.730878186969,0.715988952548,0.590053763441,0.575892857143,73,152,0,0,0,0
953,WLNM_dir_neg,0.975945723684,0.66233129128,00:00:03,10,30,6,1233300830,threshold_sweep,0.8,0.890410958904,0.427631578947,0.577777777778,65,8,87,296,0.427631578947,0.973684210526,0.0263157894737,0.572368421053,0.890410958904,0.427631578947,0.577777777778,0.791666666667,0.613304093567,0.461247637051,0.515921962341,0.401315789474,216,64,152,0,216,0,64,0,152,37,216,0.162162162162,1.32432432432,11.6756756757,21.6,6,8.1990990496,0.702237650082,0.31006006006,10.329336629,1.76937710775,0.765265265265,3.0868314707,0.528762798222,0.252752752753,0.579945114934,0.437917739848,2,1.32432432432,0.579945114934,2,0.0121701261701,0.00597269624573,7,0.000900900900901,0.621196581197,37,37,37,1,0,0.72972972973,0.243243243243,0.027027027027,37,0.048048048048,1.32432432432,3.45945945946,6.4,2.28571428571,2.84404440693,0.822106586378,0.425253378378,3.24592606756,1.87655100781,0.796452702703,1.46531469219,0.847135056422,0.454391891892,0.579945114934,0.437917739848,2,1.34285714286,0.591252764842,2,0,0,0,0,0.116013091846,37,35,35,0.945945945946,0,0.675675675676,0.0810810810811,0.189189189189,37,137,0.102852852853,1.34725321541,7.40540540541,13.7,3.91428571429,6.76781377576,0.91390186023,0.400276188597,7.54933722207,2.03887209647,0.812389031367,1.85389776874,0.500687718565,0.275794042217,0.614562076243,0.456159294493,2.07712445182,1.35689913806,0.620432597162,2.07712445182,0.19674463103,0.0969447708578,55,0.00707850707851,0.228271130594,37,36,36,0.972972972973,0,0.702702702703,0.243243243243,0.027027027027,-79,-0.0593093093093,0.0229288910814,-4.27027027027,-7.9,-2.08571428571,-1.43128527385,0.211664210148,0.0902161285373,-2.77999940693,0.269494988725,0.0471237661019,-1.23293370196,-0.0280750796578,0.0230412894646,0.0346169613087,0.0182415546447,0.0771244518194,0.0325748137316,0.040487482228,0.0771244518194,0.18457450486,0.0909720746121,48,0.00617760617761,-0.392925450602,-0.027027027027,0,0,129,8,87,1108,0.597222222222,0.992831541219,0.00716845878136,0.402777777778,0.941605839416,0.597222222222,0.730878186969,0.715988952548,0.590053763441,0.575892857143,73,152,0,0,0,0
954,WLNM_dir_neg,0.975945723684,0.66233129128,00:00:03,10,30,6,1233300830,threshold_sweep,0.9,0.890410958904,0.427631578947,0.577777777778,65,8,87,296,0.427631578947,0.973684210526,0.0263157894737,0.572368421053,0.890410958904,0.427631578947,0.577777777778,0.791666666667,0.613304093567,0.461247637051,0.515921962341,0.401315789474,216,64,152,0,216,0,64,0,152,37,216,0.162162162162,1.32432432432,11.6756756757,21.6,6,8.1990990496,0.702237650082,0.31006006006,10.329336629,1.76937710775,0.765265265265,3.0868314707,0.528762798222,0.252752752753,0.579945114934,0.437917739848,2,1.32432432432,0.579945114934,2,0.0121701261701,0.00597269624573,7,0.000900900900901,0.621196581197,37,37,37,1,0,0.72972972973,0.243243243243,0.027027027027,37,0.048048048048,1.32432432432,3.45945945946,6.4,2.28571428571,2.84404440693,0.822106586378,0.425253378378,3.24592606756,1.87655100781,0.796452702703,1.46531469219,0.847135056422,0.454391891892,0.579945114934,0.437917739848,2,1.34285714286,0.591252764842,2,0,0,0,0,0.116013091846,37,35,35,0.945945945946,0,0.675675675676,0.0810810810811,0.189189189189,37,137,0.102852852853,1.34725321541,7.40540540541,13.7,3.91428571429,6.76781377576,0.91390186023,0.400276188597,7.54933722207,2.03887209647,0.812389031367,1.85389776874,0.500687718565,0.275794042217,0.614562076243,0.456159294493,2.07712445182,1.35689913806,0.620432597162,2.07712445182,0.19674463103,0.0969447708578,55,0.00707850707851,0.228271130594,37,36,36,0.972972972973,0,0.702702702703,0.243243243243,0.027027027027,-79,-0.0593093093093,0.0229288910814,-4.27027027027,-7.9,-2.08571428571,-1.43128527385,0.211664210148,0.0902161285373,-2.77999940693,0.269494988725,0.0471237661019,-1.23293370196,-0.0280750796578,0.0230412894646,0.0346169613087,0.0182415546447,0.0771244518194,0.0325748137316,0.040487482228,0.0771244518194,0.18457450486,0.0909720746121,48,0.00617760617761,-0.392925450602,-0.027027027027,0,0,129,8,87,1108,0.597222222222,0.992831541219,0.00716845878136,0.402777777778,0.941605839416,0.597222222222,0.730878186969,0.715988952548,0.590053763441,0.575892857143,73,152,0,0,0,0
955,WLNM_dir_neg,0.96987534626,0.71102726953,00:00:03,10,30,7,1233300831,threshold_sweep,0.1,1,0.526315789474,0.689655172414,80,0,72,304,0.526315789474,1,0,0.473684210526,1,0.526315789474,0.689655172414,0.842105263158,0.608187134503,0.597014925373,0.652328073053,0.526315789474,216,64,152,0,216,0,64,0,152,37,216,0.162162162162,1.32432432432,11.6756756757,21.6,6,8.1990990496,0.702237650082,0.31006006006,10.329336629,1.76937710775,0.765265265265,3.0868314707,0.528762798222,0.252752752753,0.579945114934,0.437917739848,2,1.32432432432,0.579945114934,2,0.0121701261701,0.00597269624573,7,0.000900900900901,0.621196581197,37,37,37,1,0,0.72972972973,0.243243243243,0.027027027027,37,0.048048048048,1.2972972973,3.45945945946,6.4,2.20689655172,2.79478278419,0.807866898555,0.386402027027,3.37184954726,1.94935051951,0.809121621622,1.23936920893,0.716510323911,0.387668918919,0.51987524491,0.400737167951,2,1.29411764706,0.523936831996,2,0,0,0,0,0.0877496577497,37,34,34,0.918918918919,0,0.702702702703,0.0810810810811,0.189189189189,37,144,0.108108108108,1.32432432432,7.78378378378,14.4,4.11428571429,6.36891380559,0.818228509746,0.356231231231,7.68036379269,1.97342680784,0.810810810811,2.25811848651,0.580211000005,0.308183183183,0.579945114934,0.437917739848,2,1.33333333333,0.585540043769,2,0,0,0,0,0.280626360221,37,36,36,0.972972972973,0,0.702702702703,0.243243243243,0.027027027027,-72,-0.0540540540541,0,-3.89189189189,-7.2,-1.88571428571,-1.83018524401,0.115990859664,0.0461711711712,-2.64897283631,0.204049700097,0.0455455455455,-0.828712984198,0.0514482017825,0.0554304304304,0,0,0,0.00900900900901,0.00559492883467,0,-0.0121701261701,-0.00597269624573,-7,-0.000900900900901,-0.340570220976,-0.027027027027,0,0,144,0,72,1116,0.666666666667,1,0,0.333333333333,1,0.666666666667,0.8,0.791367567103,0.666666666667,0.666666666667,80,152,0,0,0,0
956,WLNM_dir_neg,0.96987534626,0.71102726953,00:00:03,10,30,7,1233300831,threshold_sweep,0.2,1,0.526315789474,0.689655172414,80,0,72,304,0.526315789474,1,0,0.473684210526,1,0.526315789474,0.689655172414,0.842105263158,0.608187134503,0.597014925373,0.652328073053,0.526315789474,216,64,152,0,216,0,64,0,152,37,216,0.162162162162,1.32432432432,11.6756756757,21.6,6,8.1990990496,0.702237650082,0.31006006006,10.329336629,1.76937710775,0.765265265265,3.0868314707,0.528762798222,0.252752752753,0.579945114934,0.437917739848,2,1.32432432432,0.579945114934,2,0.0121701261701,0.00597269624573,7,0.000900900900901,0.621196581197,37,37,37,1,0,0.72972972973,0.243243243243,0.027027027027,37,0.048048048048,1.2972972973,3.45945945946,6.4,2.20689655172,2.79478278419,0.807866898555,0.386402027027,3.37184954726,1.94935051951,0.809121621622,1.23936920893,0.716510323911,0.387668918919,0.51987524491,0.400737167951,2,1.29411764706,0.523936831996,2,0,0,0,0,0.0877496577497,37,34,34,0.918918918919,0,0.702702702703,0.0810810810811,0.189189189189,37,144,0.108108108108,1.32432432432,7.78378378378,14.4,4.11428571429,6.36891380559,0.818228509746,0.356231231231,7.68036379269,1.97342680784,0.810810810811,2.25811848651,0.580211000005,0.308183183183,0.579945114934,0.437917739848,2,1.33333333333,0.585540043769,2,0,0,0,0,0.280626360221,37,36,36,0.972972972973,0,0.702702702703,0.243243243243,0.027027027027,-72,-0.0540540540541,0,-3.89189189189,-7.2,-1.88571428571,-1.83018524401,0.115990859664,0.0461711711712,-2.64897283631,0.204049700097,0.0455455455455,-0.828712984198,0.0514482017825,0.0554304304304,0,0,0,0.00900900900901,0.00559492883467,0,-0.0121701261701,-0.00597269624573,-7,-0.000900900900901,-0.340570220976,-0.027027027027,0,0,144,0,72,1116,0.666666666667,1,0,0.333333333333,1,0.666666666667,0.8,0.791367567103,0.666666666667,0.666666666667,80,152,0,0,0,0
957,WLNM_dir_neg,0.96987534626,0.71102726953,00:00:03,10,30,7,1233300831,threshold_sweep,0.3,1,0.526315789474,0.689655172414,80,0,72,304,0.526315789474,1,0,0.473684210526,1,0.526315789474,0.689655172414,0.842105263158,0.608187134503,0.597014925373,0.652328073053,0.526315789474,216,64,152,0,216,0,64,0,152,37,216,0.162162162162,1.32432432432,11.6756756757,21.6,6,8.1990990496,0.702237650082,0.31006006006,10.329336629,1.76937710775,0.765265265265,3.0868314707,0.528762798222,0.252752752753,0.579945114934,0.437917739848,2,1.32432432432,0.579945114934,2,0.0121701261701,0.00597269624573,7,0.000900900900901,0.621196581197,37,37,37,1,0,0.72972972973,0.243243243243,0.027027027027,37,0.048048048048,1.2972972973,3.45945945946,6.4,2.20689655172,2.79478278419,0.807866898555,0.386402027027,3.37184954726,1.94935051951,0.809121621622,1.23936920893,0.716510323911,0.387668918919,0.51987524491,0.400737167951,2,1.29411764706,0.523936831996,2,0,0,0,0,0.0877496577497,37,34,34,0.918918918919,0,0.702702702703,0.0810810810811,0.189189189189,37,144,0.108108108108,1.32432432432,7.78378378378,14.4,4.11428571429,6.36891380559,0.818228509746,0.356231231231,7.68036379269,1.97342680784,0.810810810811,2.25811848651,0.580211000005,0.308183183183,0.579945114934,0.437917739848,2,1.33333333333,0.585540043769,2,0,0,0,0,0.280626360221,37,36,36,0.972972972973,0,0.702702702703,0.243243243243,0.027027027027,-72,-0.0540540540541,0,-3.89189189189,-7.2,-1.88571428571,-1.83018524401,0.115990859664,0.0461711711712,-2.64897283631,0.204049700097,0.0455455455455,-0.828712984198,0.0514482017825,0.0554304304304,0,0,0,0.00900900900901,0.00559492883467,0,-0.0121701261701,-0.00597269624573,-7,-0.000900900900901,-0.340570220976,-0.027027027027,0,0,144,0,72,1116,0.666666666667,1,0,0.333333333333,1,0.666666666667,0.8,0.791367567103,0.666666666667,0.666666666667,80,152,0,0,0,0
958,WLNM_dir_neg,0.96987534626,0.71102726953,00:00:03,10,30,7,1233300831,threshold_sweep,0.4,1,0.526315789474,0.689655172414,80,0,72,304,0.526315789474,1,0,0.473684210526,1,0.526315789474,0.689655172414,0.842105263158,0.608187134503,0.597014925373,0.652328073053,0.526315789474,216,64,152,0,216,0,64,0,152,37,216,0.162162162162,1.32432432432,11.6756756757,21.6,6,8.1990990496,0.702237650082,0.31006006006,10.329336629,1.76937710775,0.765265265265,3.0868314707,0.528762798222,0.252752752753,0.579945114934,0.437917739848,2,1.32432432432,0.579945114934,2,0.0121701261701,0.00597269624573,7,0.000900900900901,0.621196581197,37,37,37,1,0,0.72972972973,0.243243243243,0.027027027027,37,0.048048048048,1.2972972973,3.45945945946,6.4,2.20689655172,2.79478278419,0.807866898555,0.386402027027,3.37184954726,1.94935051951,0.809121621622,1.23936920893,0.716510323911,0.387668918919,0.51987524491,0.400737167951,2,1.29411764706,0.523936831996,2,0,0,0,0,0.0877496577497,37,34,34,0.918918918919,0,0.702702702703,0.0810810810811,0.189189189189,37,144,0.108108108108,1.32432432432,7.78378378378,14.4,4.11428571429,6.36891380559,0.818228509746,0.356231231231,7.68036379269,1.97342680784,0.810810810811,2.25811848651,0.580211000005,0.308183183183,0.579945114934,0.437917739848,2,1.33333333333,0.585540043769,2,0,0,0,0,0.280626360221,37,36,36,0.972972972973,0,0.702702702703,0.243243243243,0.027027027027,-72,-0.0540540540541,0,-3.89189189189,-7.2,-1.88571428571,-1.83018524401,0.115990859664,0.0461711711712,-2.64897283631,0.204049700097,0.0455455455455,-0.828712984198,0.0514482017825,0.0554304304304,0,0,0,0.00900900900901,0.00559492883467,0,-0.0121701261701,-0.00597269624573,-7,-0.000900900900901,-0.340570220976,-0.027027027027,0,0,144,0,72,1116,0.666666666667,1,0,0.333333333333,1,0.666666666667,0.8,0.791367567103,0.666666666667,0.666666666667,80,152,0,0,0,0
959,WLNM_dir_neg,0.96987534626,0.71102726953,00:00:03,10,30,7,1233300831,threshold_sweep,0.5,1,0.486842105263,0.654867256637,74,0,78,304,0.486842105263,1,0,0.513157894737,1,0.486842105263,0.654867256637,0.828947368421,0.612573099415,0.558490566038,0.62244241097,0.486842105263,216,64,152,0,216,0,64,0,152,37,216,0.162162162162,1.32432432432,11.6756756757,21.6,6,8.1990990496,0.702237650082,0.31006006006,10.329336629,1.76937710775,0.765265265265,3.0868314707,0.528762798222,0.252752752753,0.579945114934,0.437917739848,2,1.32432432432,0.579945114934,2,0.0121701261701,0.00597269624573,7,0.000900900900901,0.621196581197,37,37,37,1,0,0.72972972973,0.243243243243,0.027027027027,37,0.048048048048,1.2972972973,3.45945945946,6.4,2.20689655172,2.79478278419,0.807866898555,0.386402027027,3.37184954726,1.94935051951,0.809121621622,1.23936920893,0.716510323911,0.387668918919,0.51987524491,0.400737167951,2,1.29411764706,0.523936831996,2,0,0,0,0,0.0877496577497,37,34,34,0.918918918919,0,0.702702702703,0.0810810810811,0.189189189189,37,138,0.103603603604,1.2972972973,7.45945945946,13.8,4.75862068966,6.29194632754,0.843485558402,0.370936153545,7.67625722113,2.0581269361,0.823345084215,2.49052257623,0.66774880667,0.353309831571,0.51987524491,0.400737167951,2,1.29411764706,0.523936831996,2,0,0,0,0,0.280626360221,37,34,34,0.918918918919,0,0.702702702703,0.0810810810811,0.189189189189,-78,-0.0585585585586,-0.027027027027,-4.21621621622,-7.8,-1.24137931034,-1.90715272207,0.14124790832,0.0608760934848,-2.65307940787,0.288749828354,0.0580798189494,-0.596308894476,0.138986008447,0.100557078818,-0.0600698700244,-0.037180571897,0,-0.0302066772655,-0.0560082829389,0,-0.0121701261701,-0.00597269624573,-7,-0.000900900900901,-0.340570220976,-0.027027027027,-0.162162162162,0.162162162162,138,0,78,1116,0.638888888889,1,0,0.361111111111,1,0.638888888889,0.779661016949,0.772756383869,0.638888888889,0.638888888889,74,152,0,0,0,0
960,WLNM_dir_neg,0.96987534626,0.71102726953,00:00:03,10,30,7,1233300831,threshold_sweep,0.6,1,0.486842105263,0.654867256637,74,0,78,304,0.486842105263,1,0,0.513157894737,1,0.486842105263,0.654867256637,0.828947368421,0.612573099415,0.558490566038,0.62244241097,0.486842105263,216,64,152,0,216,0,64,0,152,37,216,0.162162162162,1.32432432432,11.6756756757,21.6,6,8.1990990496,0.702237650082,0.31006006006,10.329336629,1.76937710775,0.765265265265,3.0868314707,0.528762798222,0.252752752753,0.579945114934,0.437917739848,2,1.32432432432,0.579945114934,2,0.0121701261701,0.00597269624573,7,0.000900900900901,0.621196581197,37,37,37,1,0,0.72972972973,0.243243243243,0.027027027027,37,0.048048048048,1.2972972973,3.45945945946,6.4,2.20689655172,2.79478278419,0.807866898555,0.386402027027,3.37184954726,1.94935051951,0.809121621622,1.23936920893,0.716510323911,0.387668918919,0.51987524491,0.400737167951,2,1.29411764706,0.523936831996,2,0,0,0,0,0.0877496577497,37,34,34,0.918918918919,0,0.702702702703,0.0810810810811,0.189189189189,37,138,0.103603603604,1.2972972973,7.45945945946,13.8,4.75862068966,6.29194632754,0.843485558402,0.370936153545,7.67625722113,2.0581269361,0.823345084215,2.49052257623,0.66774880667,0.353309831571,0.51987524491,0.400737167951,2,1.29411764706,0.523936831996,2,0,0,0,0,0.280626360221,37,34,34,0.918918918919,0,0.702702702703,0.0810810810811,0.189189189189,-78,-0.0585585585586,-0.027027027027,-4.21621621622,-7.8,-1.24137931034,-1.90715272207,0.14124790832,0.0608760934848,-2.65307940787,0.288749828354,0.0580798189494,-0.596308894476,0.138986008447,0.100557078818,-0.0600698700244,-0.037180571897,0,-0.0302066772655,-0.0560082829389,0,-0.0121701261701,-0.00597269624573,-7,-0.000900900900901,-0.340570220976,-0.027027027027,-0.162162162162,0.162162162162,138,0,78,1116,0.638888888889,1,0,0.361111111111,1,0.638888888889,0.779661016949,0.772756383869,0.638888888889,0.638888888889,74,152,0,0,0,0
961,WLNM_dir_neg,0.96987534626,0.71102726953,00:00:03,10,30,7,1233300831,threshold_sweep,0.7,1,0.486842105263,0.654867256637,74,0,78,304,0.486842105263,1,0,0.513157894737,1,0.486842105263,0.654867256637,0.828947368421,0.612573099415,0.558490566038,0.62244241097,0.486842105263,216,64,152,0,216,0,64,0,152,37,216,0.162162162162,1.32432432432,11.6756756757,21.6,6,8.1990990496,0.702237650082,0.31006006006,10.329336629,1.76937710775,0.765265265265,3.0868314707,0.528762798222,0.252752752753,0.579945114934,0.437917739848,2,1.32432432432,0.579945114934,2,0.0121701261701,0.00597269624573,7,0.000900900900901,0.621196581197,37,37,37,1,0,0.72972972973,0.243243243243,0.027027027027,37,0.048048048048,1.2972972973,3.45945945946,6.4,2.20689655172,2.79478278419,0.807866898555,0.386402027027,3.37184954726,1.94935051951,0.809121621622,1.23936920893,0.716510323911,0.387668918919,0.51987524491,0.400737167951,2,1.29411764706,0.523936831996,2,0,0,0,0,0.0877496577497,37,34,34,0.918918918919,0,0.702702702703,0.0810810810811,0.189189189189,37,138,0.103603603604,1.2972972973,7.45945945946,13.8,4.75862068966,6.29194632754,0.843485558402,0.370936153545,7.67625722113,2.0581269361,0.823345084215,2.49052257623,0.66774880667,0.353309831571,0.51987524491,0.400737167951,2,1.29411764706,0.523936831996,2,0,0,0,0,0.280626360221,37,34,34,0.918918918919,0,0.702702702703,0.0810810810811,0.189189189189,-78,-0.0585585585586,-0.027027027027,-4.21621621622,-7.8,-1.24137931034,-1.90715272207,0.14124790832,0.0608760934848,-2.65307940787,0.288749828354,0.0580798189494,-0.596308894476,0.138986008447,0.100557078818,-0.0600698700244,-0.037180571897,0,-0.0302066772655,-0.0560082829389,0,-0.0121701261701,-0.00597269624573,-7,-0.000900900900901,-0.340570220976,-0.027027027027,-0.162162162162,0.162162162162,138,0,78,1116,0.638888888889,1,0,0.361111111111,1,0.638888888889,0.779661016949,0.772756383869,0.638888888889,0.638888888889,74,152,0,0,0,0
962,WLNM_dir_neg,0.96987534626,0.71102726953,00:00:03,10,30,7,1233300831,threshold_sweep,0.8,1,0.486842105263,0.654867256637,74,0,78,304,0.486842105263,1,0,0.513157894737,1,0.486842105263,0.654867256637,0.828947368421,0.612573099415,0.558490566038,0.62244241097,0.486842105263,216,64,152,0,216,0,64,0,152,37,216,0.162162162162,1.32432432432,11.6756756757,21.6,6,8.1990990496,0.702237650082,0.31006006006,10.329336629,1.76937710775,0.765265265265,3.0868314707,0.528762798222,0.252752752753,0.579945114934,0.437917739848,2,1.32432432432,0.579945114934,2,0.0121701261701,0.00597269624573,7,0.000900900900901,0.621196581197,37,37,37,1,0,0.72972972973,0.243243243243,0.027027027027,37,0.048048048048,1.2972972973,3.45945945946,6.4,2.20689655172,2.79478278419,0.807866898555,0.386402027027,3.37184954726,1.94935051951,0.809121621622,1.23936920893,0.716510323911,0.387668918919,0.51987524491,0.400737167951,2,1.29411764706,0.523936831996,2,0,0,0,0,0.0877496577497,37,34,34,0.918918918919,0,0.702702702703,0.0810810810811,0.189189189189,37,138,0.103603603604,1.2972972973,7.45945945946,13.8,4.75862068966,6.29194632754,0.843485558402,0.370936153545,7.67625722113,2.0581269361,0.823345084215,2.49052257623,0.66774880667,0.353309831571,0.51987524491,0.400737167951,2,1.29411764706,0.523936831996,2,0,0,0,0,0.280626360221,37,34,34,0.918918918919,0,0.702702702703,0.0810810810811,0.189189189189,-78,-0.0585585585586,-0.027027027027,-4.21621621622,-7.8,-1.24137931034,-1.90715272207,0.14124790832,0.0608760934848,-2.65307940787,0.288749828354,0.0580798189494,-0.596308894476,0.138986008447,0.100557078818,-0.0600698700244,-0.037180571897,0,-0.0302066772655,-0.0560082829389,0,-0.0121701261701,-0.00597269624573,-7,-0.000900900900901,-0.340570220976,-0.027027027027,-0.162162162162,0.162162162162,138,0,78,1116,0.638888888889,1,0,0.361111111111,1,0.638888888889,0.779661016949,0.772756383869,0.638888888889,0.638888888889,74,152,0,0,0,0
963,WLNM_dir_neg,0.96987534626,0.71102726953,00:00:03,10,30,7,1233300831,threshold_sweep,0.9,1,0.486842105263,0.654867256637,74,0,78,304,0.486842105263,1,0,0.513157894737,1,0.486842105263,0.654867256637,0.828947368421,0.612573099415,0.558490566038,0.62244241097,0.486842105263,216,64,152,0,216,0,64,0,152,37,216,0.162162162162,1.32432432432,11.6756756757,21.6,6,8.1990990496,0.702237650082,0.31006006006,10.329336629,1.76937710775,0.765265265265,3.0868314707,0.528762798222,0.252752752753,0.579945114934,0.437917739848,2,1.32432432432,0.579945114934,2,0.0121701261701,0.00597269624573,7,0.000900900900901,0.621196581197,37,37,37,1,0,0.72972972973,0.243243243243,0.027027027027,37,0.048048048048,1.2972972973,3.45945945946,6.4,2.20689655172,2.79478278419,0.807866898555,0.386402027027,3.37184954726,1.94935051951,0.809121621622,1.23936920893,0.716510323911,0.387668918919,0.51987524491,0.400737167951,2,1.29411764706,0.523936831996,2,0,0,0,0,0.0877496577497,37,34,34,0.918918918919,0,0.702702702703,0.0810810810811,0.189189189189,37,138,0.103603603604,1.2972972973,7.45945945946,13.8,4.75862068966,6.29194632754,0.843485558402,0.370936153545,7.67625722113,2.0581269361,0.823345084215,2.49052257623,0.66774880667,0.353309831571,0.51987524491,0.400737167951,2,1.29411764706,0.523936831996,2,0,0,0,0,0.280626360221,37,34,34,0.918918918919,0,0.702702702703,0.0810810810811,0.189189189189,-78,-0.0585585585586,-0.027027027027,-4.21621621622,-7.8,-1.24137931034,-1.90715272207,0.14124790832,0.0608760934848,-2.65307940787,0.288749828354,0.0580798189494,-0.596308894476,0.138986008447,0.100557078818,-0.0600698700244,-0.037180571897,0,-0.0302066772655,-0.0560082829389,0,-0.0121701261701,-0.00597269624573,-7,-0.000900900900901,-0.340570220976,-0.027027027027,-0.162162162162,0.162162162162,138,0,78,1116,0.638888888889,1,0,0.361111111111,1,0.638888888889,0.779661016949,0.772756383869,0.638888888889,0.638888888889,74,152,0,0,0,0
964,WLNM_dir_neg,0.963361322715,0.939742473548,00:00:03,10,30,8,1233300832,threshold_sweep,0.1,0.942857142857,0.868421052632,0.904109589041,132,8,20,296,0.868421052632,0.973684210526,0.0263157894737,0.131578947368,0.942857142857,0.868421052632,0.904109589041,0.938596491228,0.56432748538,0.859060402685,0.86063183821,0.842105263158,216,64,152,0,216,0,64,0,152,37,216,0.162162162162,1.32432432432,11.6756756757,21.6,6,8.1990990496,0.702237650082,0.31006006006,10.329336629,1.76937710775,0.765265265265,3.0868314707,0.528762798222,0.252752752753,0.579945114934,0.437917739848,2,1.32432432432,0.579945114934,2,0.0121701261701,0.00597269624573,7,0.000900900900901,0.621196581197,37,37,37,1,0,0.72972972973,0.243243243243,0.027027027027,37,0.048048048048,1.33108108108,3.45945945946,6.4,2.37037037037,2.78482589317,0.804988734744,0.439189189189,3.01522662359,1.74317789176,0.769425675676,1.46531469219,0.847135056422,0.463682432432,0.601081357887,0.451573812016,2.25,1.3828125,0.631767793065,2.25,0.0334509112287,0.030303030303,3,0.0003861003861,0.124875741542,37,32,32,0.864864864865,0,0.594594594595,0.135135135135,0.135135135135,37,204,0.153153153153,1.33615120597,11.027027027,20.4,5.66666666667,8.36821528326,0.758882268335,0.359432962374,9.93764342069,1.80241571846,0.776364599894,3.1235807588,0.566531804292,0.283518812931,0.597346196647,0.447064818695,2.03978132918,1.34548873947,0.603074806422,2.03978132918,0.176319475706,0.132231404959,144,0.0185328185328,0.568181559004,37,36,36,0.972972972973,0,0.702702702703,0.27027027027,0,-12,-0.00900900900901,0.0118268816478,-0.648648648649,-1.2,-0.333333333333,0.169116233658,0.0566446182532,0.0493729023141,-0.391693208311,0.0330386107129,0.0110993346287,0.0367492880978,0.03776900607,0.0307660601778,0.0174010817125,0.0091470788465,0.039781329179,0.021164415147,0.0231296914874,0.039781329179,0.164149349536,0.126258708713,137,0.0176319176319,-0.0530150221923,-0.027027027027,0.027027027027,-0.027027027027,196,8,20,1108,0.907407407407,0.992831541219,0.00716845878136,0.0925925925926,0.960784313725,0.907407407407,0.933333333333,0.921397730059,0.900238948626,0.875,140,152,0,0,0,0
965,WLNM_dir_neg,0.963361322715,0.939742473548,00:00:03,10,30,8,1233300832,threshold_sweep,0.2,0.942857142857,0.868421052632,0.904109589041,132,8,20,296,0.868421052632,0.973684210526,0.0263157894737,0.131578947368,0.942857142857,0.868421052632,0.904109589041,0.938596491228,0.56432748538,0.859060402685,0.86063183821,0.842105263158,216,64,152,0,216,0,64,0,152,37,216,0.162162162162,1.32432432432,11.6756756757,21.6,6,8.1990990496,0.702237650082,0.31006006006,10.329336629,1.76937710775,0.765265265265,3.0868314707,0.528762798222,0.252752752753,0.579945114934,0.437917739848,2,1.32432432432,0.579945114934,2,0.0121701261701,0.00597269624573,7,0.000900900900901,0.621196581197,37,37,37,1,0,0.72972972973,0.243243243243,0.027027027027,37,0.048048048048,1.33108108108,3.45945945946,6.4,2.37037037037,2.78482589317,0.804988734744,0.439189189189,3.01522662359,1.74317789176,0.769425675676,1.46531469219,0.847135056422,0.463682432432,0.601081357887,0.451573812016,2.25,1.3828125,0.631767793065,2.25,0.0334509112287,0.030303030303,3,0.0003861003861,0.124875741542,37,32,32,0.864864864865,0,0.594594594595,0.135135135135,0.135135135135,37,204,0.153153153153,1.33615120597,11.027027027,20.4,5.66666666667,8.36821528326,0.758882268335,0.359432962374,9.93764342069,1.80241571846,0.776364599894,3.1235807588,0.566531804292,0.283518812931,0.597346196647,0.447064818695,2.03978132918,1.34548873947,0.603074806422,2.03978132918,0.176319475706,0.132231404959,144,0.0185328185328,0.568181559004,37,36,36,0.972972972973,0,0.702702702703,0.27027027027,0,-12,-0.00900900900901,0.0118268816478,-0.648648648649,-1.2,-0.333333333333,0.169116233658,0.0566446182532,0.0493729023141,-0.391693208311,0.0330386107129,0.0110993346287,0.0367492880978,0.03776900607,0.0307660601778,0.0174010817125,0.0091470788465,0.039781329179,0.021164415147,0.0231296914874,0.039781329179,0.164149349536,0.126258708713,137,0.0176319176319,-0.0530150221923,-0.027027027027,0.027027027027,-0.027027027027,196,8,20,1108,0.907407407407,0.992831541219,0.00716845878136,0.0925925925926,0.960784313725,0.907407407407,0.933333333333,0.921397730059,0.900238948626,0.875,140,152,0,0,0,0
966,WLNM_dir_neg,0.963361322715,0.939742473548,00:00:03,10,30,8,1233300832,threshold_sweep,0.3,0.942857142857,0.868421052632,0.904109589041,132,8,20,296,0.868421052632,0.973684210526,0.0263157894737,0.131578947368,0.942857142857,0.868421052632,0.904109589041,0.938596491228,0.56432748538,0.859060402685,0.86063183821,0.842105263158,216,64,152,0,216,0,64,0,152,37,216,0.162162162162,1.32432432432,11.6756756757,21.6,6,8.1990990496,0.702237650082,0.31006006006,10.329336629,1.76937710775,0.765265265265,3.0868314707,0.528762798222,0.252752752753,0.579945114934,0.437917739848,2,1.32432432432,0.579945114934,2,0.0121701261701,0.00597269624573,7,0.000900900900901,0.621196581197,37,37,37,1,0,0.72972972973,0.243243243243,0.027027027027,37,0.048048048048,1.33108108108,3.45945945946,6.4,2.37037037037,2.78482589317,0.804988734744,0.439189189189,3.01522662359,1.74317789176,0.769425675676,1.46531469219,0.847135056422,0.463682432432,0.601081357887,0.451573812016,2.25,1.3828125,0.631767793065,2.25,0.0334509112287,0.030303030303,3,0.0003861003861,0.124875741542,37,32,32,0.864864864865,0,0.594594594595,0.135135135135,0.135135135135,37,204,0.153153153153,1.33615120597,11.027027027,20.4,5.66666666667,8.36821528326,0.758882268335,0.359432962374,9.93764342069,1.80241571846,0.776364599894,3.1235807588,0.566531804292,0.283518812931,0.597346196647,0.447064818695,2.03978132918,1.34548873947,0.603074806422,2.03978132918,0.176319475706,0.132231404959,144,0.0185328185328,0.568181559004,37,36,36,0.972972972973,0,0.702702702703,0.27027027027,0,-12,-0.00900900900901,0.0118268816478,-0.648648648649,-1.2,-0.333333333333,0.169116233658,0.0566446182532,0.0493729023141,-0.391693208311,0.0330386107129,0.0110993346287,0.0367492880978,0.03776900607,0.0307660601778,0.0174010817125,0.0091470788465,0.039781329179,0.021164415147,0.0231296914874,0.039781329179,0.164149349536,0.126258708713,137,0.0176319176319,-0.0530150221923,-0.027027027027,0.027027027027,-0.027027027027,196,8,20,1108,0.907407407407,0.992831541219,0.00716845878136,0.0925925925926,0.960784313725,0.907407407407,0.933333333333,0.921397730059,0.900238948626,0.875,140,152,0,0,0,0
967,WLNM_dir_neg,0.963361322715,0.939742473548,00:00:03,10,30,8,1233300832,threshold_sweep,0.4,0.970873786408,0.657894736842,0.78431372549,100,3,52,301,0.657894736842,0.990131578947,0.00986842105263,0.342105263158,0.970873786408,0.657894736842,0.78431372549,0.879385964912,0.591374269006,0.704830053667,0.730542124524,0.648026315789,216,64,152,0,216,0,64,0,152,37,216,0.162162162162,1.32432432432,11.6756756757,21.6,6,8.1990990496,0.702237650082,0.31006006006,10.329336629,1.76937710775,0.765265265265,3.0868314707,0.528762798222,0.252752752753,0.579945114934,0.437917739848,2,1.32432432432,0.579945114934,2,0.0121701261701,0.00597269624573,7,0.000900900900901,0.621196581197,37,37,37,1,0,0.72972972973,0.243243243243,0.027027027027,37,0.048048048048,1.33108108108,3.45945945946,6.4,2.37037037037,2.78482589317,0.804988734744,0.439189189189,3.01522662359,1.74317789176,0.769425675676,1.46531469219,0.847135056422,0.463682432432,0.601081357887,0.451573812016,2.25,1.3828125,0.631767793065,2.25,0.0334509112287,0.030303030303,3,0.0003861003861,0.124875741542,37,32,32,0.864864864865,0,0.594594594595,0.135135135135,0.135135135135,37,167,0.125375375375,1.33179541243,9.02702702703,16.7,5.21875,7.33138794835,0.812159742782,0.386632141123,8.39517593496,1.86000903948,0.788800776825,2.9497798564,0.65354404004,0.352484220748,0.591023683749,0.443779636295,2.02513002364,1.37201303818,0.614445759743,2.02513002364,0.0772688211547,0.0506932409012,39,0.00501930501931,0.448038925013,37,33,33,0.891891891892,0,0.621621621622,0.243243243243,0.027027027027,-49,-0.0367867867868,0.00747108810939,-2.64864864865,-4.9,-0.78125,-0.867711101252,0.1099220927,0.0765720810631,-1.93416069404,0.0906319317375,0.0235355115595,-0.137051614308,0.124781241817,0.0997314679949,0.0110785688141,0.00586189644604,0.0251300236407,0.0476887138589,0.0345006448087,0.0251300236407,0.0650986949846,0.0447205446555,32,0.0041184041184,-0.173157656184,-0.108108108108,0,0,164,3,52,1113,0.759259259259,0.997311827957,0.00268817204301,0.240740740741,0.982035928144,0.759259259259,0.856396866841,0.842146242196,0.756571087216,0.748858447489,103,152,0,0,0,0
968,WLNM_dir_neg,0.963361322715,0.939742473548,00:00:03,10,30,8,1233300832,threshold_sweep,0.5,0.970873786408,0.657894736842,0.78431372549,100,3,52,301,0.657894736842,0.990131578947,0.00986842105263,0.342105263158,0.970873786408,0.657894736842,0.78431372549,0.879385964912,0.591374269006,0.704830053667,0.730542124524,0.648026315789,216,64,152,0,216,0,64,0,152,37,216,0.162162162162,1.32432432432,11.6756756757,21.6,6,8.1990990496,0.702237650082,0.31006006006,10.329336629,1.76937710775,0.765265265265,3.0868314707,0.528762798222,0.252752752753,0.579945114934,0.437917739848,2,1.32432432432,0.579945114934,2,0.0121701261701,0.00597269624573,7,0.000900900900901,0.621196581197,37,37,37,1,0,0.72972972973,0.243243243243,0.027027027027,37,0.048048048048,1.33108108108,3.45945945946,6.4,2.37037037037,2.78482589317,0.804988734744,0.439189189189,3.01522662359,1.74317789176,0.769425675676,1.46531469219,0.847135056422,0.463682432432,0.601081357887,0.451573812016,2.25,1.3828125,0.631767793065,2.25,0.0334509112287,0.030303030303,3,0.0003861003861,0.124875741542,37,32,32,0.864864864865,0,0.594594594595,0.135135135135,0.135135135135,37,167,0.125375375375,1.33179541243,9.02702702703,16.7,5.21875,7.33138794835,0.812159742782,0.386632141123,8.39517593496,1.86000903948,0.788800776825,2.9497798564,0.65354404004,0.352484220748,0.591023683749,0.443779636295,2.02513002364,1.37201303818,0.614445759743,2.02513002364,0.0772688211547,0.0506932409012,39,0.00501930501931,0.448038925013,37,33,33,0.891891891892,0,0.621621621622,0.243243243243,0.027027027027,-49,-0.0367867867868,0.00747108810939,-2.64864864865,-4.9,-0.78125,-0.867711101252,0.1099220927,0.0765720810631,-1.93416069404,0.0906319317375,0.0235355115595,-0.137051614308,0.124781241817,0.0997314679949,0.0110785688141,0.00586189644604,0.0251300236407,0.0476887138589,0.0345006448087,0.0251300236407,0.0650986949846,0.0447205446555,32,0.0041184041184,-0.173157656184,-0.108108108108,0,0,164,3,52,1113,0.759259259259,0.997311827957,0.00268817204301,0.240740740741,0.982035928144,0.759259259259,0.856396866841,0.842146242196,0.756571087216,0.748858447489,103,152,0,0,0,0
969,WLNM_dir_neg,0.963361322715,0.939742473548,00:00:03,10,30,8,1233300832,threshold_sweep,0.6,0.980392156863,0.657894736842,0.787401574803,100,2,52,302,0.657894736842,0.993421052632,0.00657894736842,0.342105263158,0.980392156863,0.657894736842,0.787401574803,0.881578947368,0.592105263158,0.709677419355,0.736798063137,0.651315789474,216,64,152,0,216,0,64,0,152,37,216,0.162162162162,1.32432432432,11.6756756757,21.6,6,8.1990990496,0.702237650082,0.31006006006,10.329336629,1.76937710775,0.765265265265,3.0868314707,0.528762798222,0.252752752753,0.579945114934,0.437917739848,2,1.32432432432,0.579945114934,2,0.0121701261701,0.00597269624573,7,0.000900900900901,0.621196581197,37,37,37,1,0,0.72972972973,0.243243243243,0.027027027027,37,0.048048048048,1.33108108108,3.45945945946,6.4,2.37037037037,2.78482589317,0.804988734744,0.439189189189,3.01522662359,1.74317789176,0.769425675676,1.46531469219,0.847135056422,0.463682432432,0.601081357887,0.451573812016,2.25,1.3828125,0.631767793065,2.25,0.0334509112287,0.030303030303,3,0.0003861003861,0.124875741542,37,32,32,0.864864864865,0,0.594594594595,0.135135135135,0.135135135135,37,166,0.124624624625,1.32868187336,8.97297297297,16.6,5.1875,7.26286783917,0.809415994124,0.384076847932,8.37861570913,1.86752277854,0.789970693585,2.96855390928,0.661665630382,0.355910126994,0.586621192254,0.441506130259,2.0146572104,1.36852210044,0.609917338094,2.0146572104,0.0582265786749,0.0382754069512,29,0.0037323037323,0.447888878432,37,33,33,0.891891891892,0,0.621621621622,0.243243243243,0.027027027027,-50,-0.0375375375375,0.0043575490384,-2.7027027027,-5,-0.8125,-0.936231210435,0.107178344042,0.0740167878722,-1.95072091987,0.0981456707947,0.0247054283199,-0.118277561422,0.13290283216,0.103157374242,0.00667607731905,0.00358839041042,0.0146572104019,0.0441977761127,0.0299722231595,0.0146572104019,0.0460564525048,0.0323027107054,22,0.0028314028314,-0.173307702764,-0.108108108108,0,0,164,2,52,1114,0.759259259259,0.998207885305,0.00179211469534,0.240740740741,0.987951807229,0.759259259259,0.858638743455,0.845316708935,0.757467144564,0.752293577982,102,152,0,0,0,0
970,WLNM_dir_neg,0.963361322715,0.939742473548,00:00:03,10,30,8,1233300832,threshold_sweep,0.7,0.989583333333,0.625,0.766129032258,95,1,57,303,0.625,0.996710526316,0.00328947368421,0.375,0.989583333333,0.625,0.766129032258,0.872807017544,0.59649122807,0.684782608696,0.718885856726,0.621710526316,216,64,152,0,216,0,64,0,152,37,216,0.162162162162,1.32432432432,11.6756756757,21.6,6,8.1990990496,0.702237650082,0.31006006006,10.329336629,1.76937710775,0.765265265265,3.0868314707,0.528762798222,0.252752752753,0.579945114934,0.437917739848,2,1.32432432432,0.579945114934,2,0.0121701261701,0.00597269624573,7,0.000900900900901,0.621196581197,37,37,37,1,0,0.72972972973,0.243243243243,0.027027027027,37,0.048048048048,1.33108108108,3.45945945946,6.4,2.37037037037,2.78482589317,0.804988734744,0.439189189189,3.01522662359,1.74317789176,0.769425675676,1.46531469219,0.847135056422,0.463682432432,0.601081357887,0.451573812016,2.25,1.3828125,0.631767793065,2.25,0.0334509112287,0.030303030303,3,0.0003861003861,0.124875741542,37,32,32,0.864864864865,0,0.594594594595,0.135135135135,0.135135135135,37,160,0.12012012012,1.33207990599,8.64864864865,16,5.92592592593,7.08369103495,0.819051775916,0.384966216216,8.26657948225,1.91164650527,0.796283783784,3.17152306606,0.733414709027,0.390878378378,0.599565192301,0.450097017156,2.2,1.3839673913,0.62999446586,2.2,0.0212862318841,0.00564174894217,4,0.000514800514801,0.46175284011,37,32,32,0.864864864865,0,0.594594594595,0.135135135135,0.135135135135,-56,-0.042042042042,0.00775558166862,-3.02702702703,-5.6,-0.0740740740741,-1.11540801465,0.116814125835,0.0749061561562,-2.06275714675,0.142269397525,0.0310185185185,0.0846915953573,0.204651910804,0.138125625626,0.0196200773663,0.0121792773075,0.2,0.05964306698,0.0500493509252,0.2,0.00911610571393,-0.000330947303562,-3,-0.0003861003861,-0.159443741086,-0.135135135135,-0.108108108108,0.108108108108,159,1,57,1115,0.736111111111,0.999103942652,0.00089605734767,0.263888888889,0.99375,0.736111111111,0.845744680851,0.833584376981,0.735215053763,0.732718894009,96,152,0,0,0,0
971,WLNM_dir_neg,0.963361322715,0.939742473548,00:00:03,10,30,8,1233300832,threshold_sweep,0.8,0.989583333333,0.625,0.766129032258,95,1,57,303,0.625,0.996710526316,0.00328947368421,0.375,0.989583333333,0.625,0.766129032258,0.872807017544,0.59649122807,0.684782608696,0.718885856726,0.621710526316,216,64,152,0,216,0,64,0,152,37,216,0.162162162162,1.32432432432,11.6756756757,21.6,6,8.1990990496,0.702237650082,0.31006006006,10.329336629,1.76937710775,0.765265265265,3.0868314707,0.528762798222,0.252752752753,0.579945114934,0.437917739848,2,1.32432432432,0.579945114934,2,0.0121701261701,0.00597269624573,7,0.000900900900901,0.621196581197,37,37,37,1,0,0.72972972973,0.243243243243,0.027027027027,37,0.048048048048,1.33108108108,3.45945945946,6.4,2.37037037037,2.78482589317,0.804988734744,0.439189189189,3.01522662359,1.74317789176,0.769425675676,1.46531469219,0.847135056422,0.463682432432,0.601081357887,0.451573812016,2.25,1.3828125,0.631767793065,2.25,0.0334509112287,0.030303030303,3,0.0003861003861,0.124875741542,37,32,32,0.864864864865,0,0.594594594595,0.135135135135,0.135135135135,37,160,0.12012012012,1.33207990599,8.64864864865,16,5.92592592593,7.08369103495,0.819051775916,0.384966216216,8.26657948225,1.91164650527,0.796283783784,3.17152306606,0.733414709027,0.390878378378,0.599565192301,0.450097017156,2.2,1.3839673913,0.62999446586,2.2,0.0212862318841,0.00564174894217,4,0.000514800514801,0.46175284011,37,32,32,0.864864864865,0,0.594594594595,0.135135135135,0.135135135135,-56,-0.042042042042,0.00775558166862,-3.02702702703,-5.6,-0.0740740740741,-1.11540801465,0.116814125835,0.0749061561562,-2.06275714675,0.142269397525,0.0310185185185,0.0846915953573,0.204651910804,0.138125625626,0.0196200773663,0.0121792773075,0.2,0.05964306698,0.0500493509252,0.2,0.00911610571393,-0.000330947303562,-3,-0.0003861003861,-0.159443741086,-0.135135135135,-0.108108108108,0.108108108108,159,1,57,1115,0.736111111111,0.999103942652,0.00089605734767,0.263888888889,0.99375,0.736111111111,0.845744680851,0.833584376981,0.735215053763,0.732718894009,96,152,0,0,0,0
972,WLNM_dir_neg,0.963361322715,0.939742473548,00:00:03,10,30,8,1233300832,threshold_sweep,0.9,0.989583333333,0.625,0.766129032258,95,1,57,303,0.625,0.996710526316,0.00328947368421,0.375,0.989583333333,0.625,0.766129032258,0.872807017544,0.59649122807,0.684782608696,0.718885856726,0.621710526316,216,64,152,0,216,0,64,0,152,37,216,0.162162162162,1.32432432432,11.6756756757,21.6,6,8.1990990496,0.702237650082,0.31006006006,10.329336629,1.76937710775,0.765265265265,3.0868314707,0.528762798222,0.252752752753,0.579945114934,0.437917739848,2,1.32432432432,0.579945114934,2,0.0121701261701,0.00597269624573,7,0.000900900900901,0.621196581197,37,37,37,1,0,0.72972972973,0.243243243243,0.027027027027,37,0.048048048048,1.33108108108,3.45945945946,6.4,2.37037037037,2.78482589317,0.804988734744,0.439189189189,3.01522662359,1.74317789176,0.769425675676,1.46531469219,0.847135056422,0.463682432432,0.601081357887,0.451573812016,2.25,1.3828125,0.631767793065,2.25,0.0334509112287,0.030303030303,3,0.0003861003861,0.124875741542,37,32,32,0.864864864865,0,0.594594594595,0.135135135135,0.135135135135,37,160,0.12012012012,1.33207990599,8.64864864865,16,5.92592592593,7.08369103495,0.819051775916,0.384966216216,8.26657948225,1.91164650527,0.796283783784,3.17152306606,0.733414709027,0.390878378378,0.599565192301,0.450097017156,2.2,1.3839673913,0.62999446586,2.2,0.0212862318841,0.00564174894217,4,0.000514800514801,0.46175284011,37,32,32,0.864864864865,0,0.594594594595,0.135135135135,0.135135135135,-56,-0.042042042042,0.00775558166862,-3.02702702703,-5.6,-0.0740740740741,-1.11540801465,0.116814125835,0.0749061561562,-2.06275714675,0.142269397525,0.0310185185185,0.0846915953573,0.204651910804,0.138125625626,0.0196200773663,0.0121792773075,0.2,0.05964306698,0.0500493509252,0.2,0.00911610571393,-0.000330947303562,-3,-0.0003861003861,-0.159443741086,-0.135135135135,-0.108108108108,0.108108108108,159,1,57,1115,0.736111111111,0.999103942652,0.00089605734767,0.263888888889,0.99375,0.736111111111,0.845744680851,0.833584376981,0.735215053763,0.732718894009,96,152,0,0,0,0
973,WLNM_dir_neg,0.966088123269,0.0816782266749,00:00:03,10,30,9,1233300833,threshold_sweep,0.1,0.875,0.967105263158,0.91875,147,21,5,283,0.967105263158,0.930921052632,0.0690789473684,0.0328947368421,0.875,0.967105263158,0.91875,0.94298245614,0.543859649123,0.875,0.877600302909,0.898026315789,216,64,152,0,216,0,64,0,152,37,216,0.162162162162,1.32432432432,11.6756756757,21.6,6,8.1990990496,0.702237650082,0.31006006006,10.329336629,1.76937710775,0.765265265265,3.0868314707,0.528762798222,0.252752752753,0.579945114934,0.437917739848,2,1.32432432432,0.579945114934,2,0.0121701261701,0.00597269624573,7,0.000900900900901,0.621196581197,37,37,37,1,0,0.72972972973,0.243243243243,0.027027027027,37,0.048048048048,1.31756756757,3.45945945946,6.4,2.20689655172,2.77483327422,0.802100243328,0.409206081081,3.2028515823,1.85164857102,0.79222972973,1.32599331004,0.766589882364,0.420608108108,0.561027853366,0.425805755375,2,1.33571428571,0.571835464377,2,0,0,0,0,0.0975452506825,37,35,35,0.945945945946,0,0.675675675676,0.108108108108,0.162162162162,37,232,0.174174174174,1.94403173766,12.5405405405,14.5,6.44444444444,9.71709431476,0.774854503548,0.355545200373,10.7900382263,1.72082506195,0.759785647717,2.61032829618,0.41630235758,0.202236719478,1.15178798918,0.592473860827,2.73556683432,1.94403173766,1.15178798918,2.73556683432,0.346436616073,0.218945263684,292,0.0375804375804,0.349544400573,37,37,37,1,0,0.567567567568,0.405405405405,0.027027027027,16,0.012012012012,0.619707413332,0.864864864865,-7.1,0.444444444444,1.51799526515,0.0726168534657,0.0454851403127,0.460701597296,-0.048552045793,-0.00547961754858,-0.476503174529,-0.112460440643,-0.0505160332747,0.571842874246,0.154556120979,0.735566834316,0.619707413332,0.571842874246,0.735566834316,0.334266489903,0.212972567438,285,0.0366795366795,-0.271652180623,-0.162162162162,0.162162162162,0,211,21,5,1095,0.976851851852,0.981182795699,0.0188172043011,0.0231481481481,0.909482758621,0.976851851852,0.941964285714,0.931107561544,0.958034647551,0.89029535865,168,152,0,0,0,0
974,WLNM_dir_neg,0.966088123269,0.0816782266749,00:00:03,10,30,9,1233300833,threshold_sweep,0.2,0.896341463415,0.967105263158,0.930379746835,147,17,5,287,0.967105263158,0.944078947368,0.0559210526316,0.0328947368421,0.896341463415,0.967105263158,0.930379746835,0.951754385965,0.546783625731,0.893548387097,0.895058500516,0.911184210526,216,64,152,0,216,0,64,0,152,37,216,0.162162162162,1.32432432432,11.6756756757,21.6,6,8.1990990496,0.702237650082,0.31006006006,10.329336629,1.76937710775,0.765265265265,3.0868314707,0.528762798222,0.252752752753,0.579945114934,0.437917739848,2,1.32432432432,0.579945114934,2,0.0121701261701,0.00597269624573,7,0.000900900900901,0.621196581197,37,37,37,1,0,0.72972972973,0.243243243243,0.027027027027,37,0.048048048048,1.31756756757,3.45945945946,6.4,2.20689655172,2.77483327422,0.802100243328,0.409206081081,3.2028515823,1.85164857102,0.79222972973,1.32599331004,0.766589882364,0.420608108108,0.561027853366,0.425805755375,2,1.33571428571,0.571835464377,2,0,0,0,0,0.0975452506825,37,35,35,0.945945945946,0,0.675675675676,0.108108108108,0.162162162162,37,228,0.171171171171,1.5304908566,12.3243243243,19,6.33333333333,9.51330662824,0.771913037818,0.353603603604,10.8487416411,1.76054140667,0.768847795164,2.57674982093,0.418156769185,0.205310573732,0.827094063651,0.540410979971,2.37802407379,1.54522671373,0.833886039802,2.37802407379,0.346855202863,0.220654911839,292,0.0375804375804,0.406530944765,37,36,36,0.972972972973,0,0.648648648649,0.324324324324,0,12,0.00900900900901,0.206166532274,0.648648648649,-2.6,0.333333333333,1.31420757864,0.0696753877362,0.0435435435435,0.519405012094,-0.00883570107665,0.00358252989832,-0.510081649778,-0.110606029037,-0.0474421790211,0.247148948717,0.102493240123,0.378024073792,0.220902389402,0.253940924868,0.378024073792,0.334685076693,0.214682215593,285,0.0366795366795,-0.214665636431,-0.0810810810811,0.0810810810811,-0.027027027027,211,17,5,1099,0.976851851852,0.98476702509,0.0152329749104,0.0231481481481,0.925438596491,0.976851851852,0.95045045045,0.941044135989,0.961618876941,0.905579399142,164,152,0,0,0,0
975,WLNM_dir_neg,0.966088123269,0.0816782266749,00:00:03,10,30,9,1233300833,threshold_sweep,0.3,0.896341463415,0.967105263158,0.930379746835,147,17,5,287,0.967105263158,0.944078947368,0.0559210526316,0.0328947368421,0.896341463415,0.967105263158,0.930379746835,0.951754385965,0.546783625731,0.893548387097,0.895058500516,0.911184210526,216,64,152,0,216,0,64,0,152,37,216,0.162162162162,1.32432432432,11.6756756757,21.6,6,8.1990990496,0.702237650082,0.31006006006,10.329336629,1.76937710775,0.765265265265,3.0868314707,0.528762798222,0.252752752753,0.579945114934,0.437917739848,2,1.32432432432,0.579945114934,2,0.0121701261701,0.00597269624573,7,0.000900900900901,0.621196581197,37,37,37,1,0,0.72972972973,0.243243243243,0.027027027027,37,0.048048048048,1.31756756757,3.45945945946,6.4,2.20689655172,2.77483327422,0.802100243328,0.409206081081,3.2028515823,1.85164857102,0.79222972973,1.32599331004,0.766589882364,0.420608108108,0.561027853366,0.425805755375,2,1.33571428571,0.571835464377,2,0,0,0,0,0.0975452506825,37,35,35,0.945945945946,0,0.675675675676,0.108108108108,0.162162162162,37,228,0.171171171171,1.5304908566,12.3243243243,19,6.33333333333,9.51330662824,0.771913037818,0.353603603604,10.8487416411,1.76054140667,0.768847795164,2.57674982093,0.418156769185,0.205310573732,0.827094063651,0.540410979971,2.37802407379,1.54522671373,0.833886039802,2.37802407379,0.346855202863,0.220654911839,292,0.0375804375804,0.406530944765,37,36,36,0.972972972973,0,0.648648648649,0.324324324324,0,12,0.00900900900901,0.206166532274,0.648648648649,-2.6,0.333333333333,1.31420757864,0.0696753877362,0.0435435435435,0.519405012094,-0.00883570107665,0.00358252989832,-0.510081649778,-0.110606029037,-0.0474421790211,0.247148948717,0.102493240123,0.378024073792,0.220902389402,0.253940924868,0.378024073792,0.334685076693,0.214682215593,285,0.0366795366795,-0.214665636431,-0.0810810810811,0.0810810810811,-0.027027027027,211,17,5,1099,0.976851851852,0.98476702509,0.0152329749104,0.0231481481481,0.925438596491,0.976851851852,0.95045045045,0.941044135989,0.961618876941,0.905579399142,164,152,0,0,0,0
976,WLNM_dir_neg,0.966088123269,0.0816782266749,00:00:03,10,30,9,1233300833,threshold_sweep,0.4,0.901840490798,0.967105263158,0.933333333333,147,16,5,288,0.967105263158,0.947368421053,0.0526315789474,0.0328947368421,0.901840490798,0.967105263158,0.933333333333,0.953947368421,0.547514619883,0.898222940226,0.899502108512,0.914473684211,216,64,152,0,216,0,64,0,152,37,216,0.162162162162,1.32432432432,11.6756756757,21.6,6,8.1990990496,0.702237650082,0.31006006006,10.329336629,1.76937710775,0.765265265265,3.0868314707,0.528762798222,0.252752752753,0.579945114934,0.437917739848,2,1.32432432432,0.579945114934,2,0.0121701261701,0.00597269624573,7,0.000900900900901,0.621196581197,37,37,37,1,0,0.72972972973,0.243243243243,0.027027027027,37,0.048048048048,1.31756756757,3.45945945946,6.4,2.20689655172,2.77483327422,0.802100243328,0.409206081081,3.2028515823,1.85164857102,0.79222972973,1.32599331004,0.766589882364,0.420608108108,0.561027853366,0.425805755375,2,1.33571428571,0.571835464377,2,0,0,0,0,0.0975452506825,37,35,35,0.945945945946,0,0.675675675676,0.108108108108,0.162162162162,37,227,0.17042042042,1.52911973331,12.2702702703,18.9166666667,6.30555555556,9.41526139558,0.767323065279,0.351827598524,10.7965070539,1.75978308808,0.768662936064,2.60514621217,0.424627356169,0.208834385046,0.825352268588,0.539756469432,2.37657734368,1.54381750367,0.832134684308,2.37657734368,0.317953331741,0.203935599284,266,0.0342342342342,0.407439185523,37,36,36,0.972972972973,0,0.648648648649,0.324324324324,0,11,0.00825825825826,0.204795408981,0.594594594595,-2.68333333333,0.305555555556,1.21616234598,0.0650854151969,0.0417675384636,0.467170424884,-0.00959401966733,0.00339767079855,-0.481685258533,-0.104135442054,-0.0439183677069,0.245407153654,0.101838729584,0.376577343681,0.21949317935,0.252189569373,0.376577343681,0.305783205571,0.197962903039,259,0.0333333333333,-0.213757395673,-0.0810810810811,0.0810810810811,-0.027027027027,211,16,5,1100,0.976851851852,0.985663082437,0.0143369175627,0.0231481481481,0.929515418502,0.976851851852,0.952595936795,0.943566214298,0.962514934289,0.909482758621,163,152,0,0,0,0
977,WLNM_dir_neg,0.966088123269,0.0816782266749,00:00:03,10,30,9,1233300833,threshold_sweep,0.5,0.901840490798,0.967105263158,0.933333333333,147,16,5,288,0.967105263158,0.947368421053,0.0526315789474,0.0328947368421,0.901840490798,0.967105263158,0.933333333333,0.953947368421,0.547514619883,0.898222940226,0.899502108512,0.914473684211,216,64,152,0,216,0,64,0,152,37,216,0.162162162162,1.32432432432,11.6756756757,21.6,6,8.1990990496,0.702237650082,0.31006006006,10.329336629,1.76937710775,0.765265265265,3.0868314707,0.528762798222,0.252752752753,0.579945114934,0.437917739848,2,1.32432432432,0.579945114934,2,0.0121701261701,0.00597269624573,7,0.000900900900901,0.621196581197,37,37,37,1,0,0.72972972973,0.243243243243,0.027027027027,37,0.048048048048,1.31756756757,3.45945945946,6.4,2.20689655172,2.77483327422,0.802100243328,0.409206081081,3.2028515823,1.85164857102,0.79222972973,1.32599331004,0.766589882364,0.420608108108,0.561027853366,0.425805755375,2,1.33571428571,0.571835464377,2,0,0,0,0,0.0975452506825,37,35,35,0.945945945946,0,0.675675675676,0.108108108108,0.162162162162,37,227,0.17042042042,1.52911973331,12.2702702703,18.9166666667,6.30555555556,9.41526139558,0.767323065279,0.351827598524,10.7965070539,1.75978308808,0.768662936064,2.60514621217,0.424627356169,0.208834385046,0.825352268588,0.539756469432,2.37657734368,1.54381750367,0.832134684308,2.37657734368,0.317953331741,0.203935599284,266,0.0342342342342,0.407439185523,37,36,36,0.972972972973,0,0.648648648649,0.324324324324,0,11,0.00825825825826,0.204795408981,0.594594594595,-2.68333333333,0.305555555556,1.21616234598,0.0650854151969,0.0417675384636,0.467170424884,-0.00959401966733,0.00339767079855,-0.481685258533,-0.104135442054,-0.0439183677069,0.245407153654,0.101838729584,0.376577343681,0.21949317935,0.252189569373,0.376577343681,0.305783205571,0.197962903039,259,0.0333333333333,-0.213757395673,-0.0810810810811,0.0810810810811,-0.027027027027,211,16,5,1100,0.976851851852,0.985663082437,0.0143369175627,0.0231481481481,0.929515418502,0.976851851852,0.952595936795,0.943566214298,0.962514934289,0.909482758621,163,152,0,0,0,0
978,WLNM_dir_neg,0.966088123269,0.0816782266749,00:00:03,10,30,9,1233300833,threshold_sweep,0.6,0.901840490798,0.967105263158,0.933333333333,147,16,5,288,0.967105263158,0.947368421053,0.0526315789474,0.0328947368421,0.901840490798,0.967105263158,0.933333333333,0.953947368421,0.547514619883,0.898222940226,0.899502108512,0.914473684211,216,64,152,0,216,0,64,0,152,37,216,0.162162162162,1.32432432432,11.6756756757,21.6,6,8.1990990496,0.702237650082,0.31006006006,10.329336629,1.76937710775,0.765265265265,3.0868314707,0.528762798222,0.252752752753,0.579945114934,0.437917739848,2,1.32432432432,0.579945114934,2,0.0121701261701,0.00597269624573,7,0.000900900900901,0.621196581197,37,37,37,1,0,0.72972972973,0.243243243243,0.027027027027,37,0.048048048048,1.31756756757,3.45945945946,6.4,2.20689655172,2.77483327422,0.802100243328,0.409206081081,3.2028515823,1.85164857102,0.79222972973,1.32599331004,0.766589882364,0.420608108108,0.561027853366,0.425805755375,2,1.33571428571,0.571835464377,2,0,0,0,0,0.0975452506825,37,35,35,0.945945945946,0,0.675675675676,0.108108108108,0.162162162162,37,227,0.17042042042,1.52911973331,12.2702702703,18.9166666667,6.30555555556,9.41526139558,0.767323065279,0.351827598524,10.7965070539,1.75978308808,0.768662936064,2.60514621217,0.424627356169,0.208834385046,0.825352268588,0.539756469432,2.37657734368,1.54381750367,0.832134684308,2.37657734368,0.317953331741,0.203935599284,266,0.0342342342342,0.407439185523,37,36,36,0.972972972973,0,0.648648648649,0.324324324324,0,11,0.00825825825826,0.204795408981,0.594594594595,-2.68333333333,0.305555555556,1.21616234598,0.0650854151969,0.0417675384636,0.467170424884,-0.00959401966733,0.00339767079855,-0.481685258533,-0.104135442054,-0.0439183677069,0.245407153654,0.101838729584,0.376577343681,0.21949317935,0.252189569373,0.376577343681,0.305783205571,0.197962903039,259,0.0333333333333,-0.213757395673,-0.0810810810811,0.0810810810811,-0.027027027027,211,16,5,1100,0.976851851852,0.985663082437,0.0143369175627,0.0231481481481,0.929515418502,0.976851851852,0.952595936795,0.943566214298,0.962514934289,0.909482758621,163,152,0,0,0,0
979,WLNM_dir_neg,0.966088123269,0.0816782266749,00:00:03,10,30,9,1233300833,threshold_sweep,0.7,0.901840490798,0.967105263158,0.933333333333,147,16,5,288,0.967105263158,0.947368421053,0.0526315789474,0.0328947368421,0.901840490798,0.967105263158,0.933333333333,0.953947368421,0.547514619883,0.898222940226,0.899502108512,0.914473684211,216,64,152,0,216,0,64,0,152,37,216,0.162162162162,1.32432432432,11.6756756757,21.6,6,8.1990990496,0.702237650082,0.31006006006,10.329336629,1.76937710775,0.765265265265,3.0868314707,0.528762798222,0.252752752753,0.579945114934,0.437917739848,2,1.32432432432,0.579945114934,2,0.0121701261701,0.00597269624573,7,0.000900900900901,0.621196581197,37,37,37,1,0,0.72972972973,0.243243243243,0.027027027027,37,0.048048048048,1.31756756757,3.45945945946,6.4,2.20689655172,2.77483327422,0.802100243328,0.409206081081,3.2028515823,1.85164857102,0.79222972973,1.32599331004,0.766589882364,0.420608108108,0.561027853366,0.425805755375,2,1.33571428571,0.571835464377,2,0,0,0,0,0.0975452506825,37,35,35,0.945945945946,0,0.675675675676,0.108108108108,0.162162162162,37,227,0.17042042042,1.52911973331,12.2702702703,18.9166666667,6.30555555556,9.41526139558,0.767323065279,0.351827598524,10.7965070539,1.75978308808,0.768662936064,2.60514621217,0.424627356169,0.208834385046,0.825352268588,0.539756469432,2.37657734368,1.54381750367,0.832134684308,2.37657734368,0.317953331741,0.203935599284,266,0.0342342342342,0.407439185523,37,36,36,0.972972972973,0,0.648648648649,0.324324324324,0,11,0.00825825825826,0.204795408981,0.594594594595,-2.68333333333,0.305555555556,1.21616234598,0.0650854151969,0.0417675384636,0.467170424884,-0.00959401966733,0.00339767079855,-0.481685258533,-0.104135442054,-0.0439183677069,0.245407153654,0.101838729584,0.376577343681,0.21949317935,0.252189569373,0.376577343681,0.305783205571,0.197962903039,259,0.0333333333333,-0.213757395673,-0.0810810810811,0.0810810810811,-0.027027027027,211,16,5,1100,0.976851851852,0.985663082437,0.0143369175627,0.0231481481481,0.929515418502,0.976851851852,0.952595936795,0.943566214298,0.962514934289,0.909482758621,163,152,0,0,0,0
980,WLNM_dir_neg,0.966088123269,0.0816782266749,00:00:03,10,30,9,1233300833,threshold_sweep,0.8,0.901840490798,0.967105263158,0.933333333333,147,16,5,288,0.967105263158,0.947368421053,0.0526315789474,0.0328947368421,0.901840490798,0.967105263158,0.933333333333,0.953947368421,0.547514619883,0.898222940226,0.899502108512,0.914473684211,216,64,152,0,216,0,64,0,152,37,216,0.162162162162,1.32432432432,11.6756756757,21.6,6,8.1990990496,0.702237650082,0.31006006006,10.329336629,1.76937710775,0.765265265265,3.0868314707,0.528762798222,0.252752752753,0.579945114934,0.437917739848,2,1.32432432432,0.579945114934,2,0.0121701261701,0.00597269624573,7,0.000900900900901,0.621196581197,37,37,37,1,0,0.72972972973,0.243243243243,0.027027027027,37,0.048048048048,1.31756756757,3.45945945946,6.4,2.20689655172,2.77483327422,0.802100243328,0.409206081081,3.2028515823,1.85164857102,0.79222972973,1.32599331004,0.766589882364,0.420608108108,0.561027853366,0.425805755375,2,1.33571428571,0.571835464377,2,0,0,0,0,0.0975452506825,37,35,35,0.945945945946,0,0.675675675676,0.108108108108,0.162162162162,37,227,0.17042042042,1.52911973331,12.2702702703,18.9166666667,6.30555555556,9.41526139558,0.767323065279,0.351827598524,10.7965070539,1.75978308808,0.768662936064,2.60514621217,0.424627356169,0.208834385046,0.825352268588,0.539756469432,2.37657734368,1.54381750367,0.832134684308,2.37657734368,0.317953331741,0.203935599284,266,0.0342342342342,0.407439185523,37,36,36,0.972972972973,0,0.648648648649,0.324324324324,0,11,0.00825825825826,0.204795408981,0.594594594595,-2.68333333333,0.305555555556,1.21616234598,0.0650854151969,0.0417675384636,0.467170424884,-0.00959401966733,0.00339767079855,-0.481685258533,-0.104135442054,-0.0439183677069,0.245407153654,0.101838729584,0.376577343681,0.21949317935,0.252189569373,0.376577343681,0.305783205571,0.197962903039,259,0.0333333333333,-0.213757395673,-0.0810810810811,0.0810810810811,-0.027027027027,211,16,5,1100,0.976851851852,0.985663082437,0.0143369175627,0.0231481481481,0.929515418502,0.976851851852,0.952595936795,0.943566214298,0.962514934289,0.909482758621,163,152,0,0,0,0
981,WLNM_dir_neg,0.966088123269,0.0816782266749,00:00:03,10,30,9,1233300833,threshold_sweep,0.9,0.91875,0.967105263158,0.942307692308,147,13,5,291,0.967105263158,0.957236842105,0.0427631578947,0.0328947368421,0.91875,0.967105263158,0.942307692308,0.960526315789,0.549707602339,0.912337662338,0.913030898873,0.924342105263,216,64,152,0,216,0,64,0,152,37,216,0.162162162162,1.32432432432,11.6756756757,21.6,6,8.1990990496,0.702237650082,0.31006006006,10.329336629,1.76937710775,0.765265265265,3.0868314707,0.528762798222,0.252752752753,0.579945114934,0.437917739848,2,1.32432432432,0.579945114934,2,0.0121701261701,0.00597269624573,7,0.000900900900901,0.621196581197,37,37,37,1,0,0.72972972973,0.243243243243,0.027027027027,37,0.048048048048,1.31756756757,3.45945945946,6.4,2.20689655172,2.77483327422,0.802100243328,0.409206081081,3.2028515823,1.85164857102,0.79222972973,1.32599331004,0.766589882364,0.420608108108,0.561027853366,0.425805755375,2,1.33571428571,0.571835464377,2,0,0,0,0,0.0975452506825,37,35,35,0.945945945946,0,0.675675675676,0.108108108108,0.162162162162,37,224,0.168168168168,1.34670565871,12.1081081081,22.4,6.22222222222,9.21587936295,0.761132893815,0.347007722008,10.7753472384,1.77985646349,0.771718146718,2.68686047632,0.443811775107,0.218629343629,0.615865190602,0.45731239534,2.09410333775,1.35633637145,0.621769221115,2.09410333775,0.289533411577,0.187402799378,241,0.0310167310167,0.566513657138,37,36,36,0.972972972973,0,0.702702702703,0.27027027027,0,8,0.00600600600601,0.0223813343847,0.432432432432,0.8,0.222222222222,1.01678031334,0.0588952437331,0.0369476619477,0.446010609401,0.0104793557405,0.00645288145288,-0.399970994382,-0.0849510231157,-0.0341234091234,0.0359200756671,0.0193946554911,0.094103337754,0.0320120471267,0.0418241061809,0.094103337754,0.277363285407,0.181430103132,234,0.0301158301158,-0.054682924059,-0.027027027027,0.027027027027,-0.027027027027,211,13,5,1103,0.976851851852,0.98835125448,0.0116487455197,0.0231481481481,0.941964285714,0.976851851852,0.959090909091,0.951226179696,0.965203106332,0.921397379913,160,152,0,0,0,0
982,WLNM_dir_neg,0.988194684903,0.317181047894,00:00:03,10,30,10,1233300834,threshold_sweep,0.1,0.924528301887,0.967105263158,0.945337620579,147,12,5,292,0.967105263158,0.960526315789,0.0394736842105,0.0328947368421,0.924528301887,0.967105263158,0.945337620579,0.962719298246,0.550438596491,0.917073170732,0.91760827983,0.927631578947,216,64,152,0,216,0,64,0,152,37,216,0.162162162162,1.32432432432,11.6756756757,21.6,6,8.1990990496,0.702237650082,0.31006006006,10.329336629,1.76937710775,0.765265265265,3.0868314707,0.528762798222,0.252752752753,0.579945114934,0.437917739848,2,1.32432432432,0.579945114934,2,0.0121701261701,0.00597269624573,7,0.000900900900901,0.621196581197,37,37,37,1,0,0.72972972973,0.243243243243,0.027027027027,37,0.048048048048,1.31981981982,3.45945945946,6.4,2.13333333333,2.9116108046,0.841637498205,0.436233108108,3.10598569655,1.79564798082,0.778716216216,1.38741663711,0.802100243328,0.428209459459,0.567072809762,0.429659262004,2,1.34803921569,0.583683368368,2,0,0,0,0,0.113260227427,37,34,34,0.918918918919,0,0.648648648649,0.162162162162,0.108108108108,37,223,0.167417417417,1.34600582526,12.0540540541,22.3,6.19444444444,9.05521932352,0.75121774657,0.341655556902,10.6939403571,1.77433091126,0.767664525512,2.68210620478,0.445013137115,0.221064113441,0.613960378048,0.456135008131,2.08036435263,1.35561709818,0.619840045305,2.08036435263,0.244936955035,0.161520190024,204,0.0262548262548,0.565625809101,37,36,36,0.972972972973,0,0.702702702703,0.27027027027,0,7,0.00525525525526,0.0216815009335,0.378378378378,0.7,0.194444444444,0.856120273913,0.0489800964879,0.0315954968421,0.36460372806,0.00495380351578,0.00239926024679,-0.404725265929,-0.0837496611073,-0.031688639312,0.034015263114,0.0182172682826,0.0803643526302,0.0312927738573,0.039894930371,0.0803643526302,0.232766828865,0.155547493778,197,0.0253539253539,-0.0555707720955,-0.027027027027,0.027027027027,-0.027027027027,211,12,5,1104,0.976851851852,0.989247311828,0.010752688172,0.0231481481481,0.946188340807,0.976851851852,0.961275626424,0.953811324439,0.96609916368,0.925438596491,159,152,0,0,0,0
983,WLNM_dir_neg,0.988194684903,0.317181047894,00:00:03,10,30,10,1233300834,threshold_sweep,0.2,0.924528301887,0.967105263158,0.945337620579,147,12,5,292,0.967105263158,0.960526315789,0.0394736842105,0.0328947368421,0.924528301887,0.967105263158,0.945337620579,0.962719298246,0.550438596491,0.917073170732,0.91760827983,0.927631578947,216,64,152,0,216,0,64,0,152,37,216,0.162162162162,1.32432432432,11.6756756757,21.6,6,8.1990990496,0.702237650082,0.31006006006,10.329336629,1.76937710775,0.765265265265,3.0868314707,0.528762798222,0.252752752753,0.579945114934,0.437917739848,2,1.32432432432,0.579945114934,2,0.0121701261701,0.00597269624573,7,0.000900900900901,0.621196581197,37,37,37,1,0,0.72972972973,0.243243243243,0.027027027027,37,0.048048048048,1.31981981982,3.45945945946,6.4,2.13333333333,2.9116108046,0.841637498205,0.436233108108,3.10598569655,1.79564798082,0.778716216216,1.38741663711,0.802100243328,0.428209459459,0.567072809762,0.429659262004,2,1.34803921569,0.583683368368,2,0,0,0,0,0.113260227427,37,34,34,0.918918918919,0,0.648648648649,0.162162162162,0.108108108108,37,223,0.167417417417,1.34600582526,12.0540540541,22.3,6.19444444444,9.05521932352,0.75121774657,0.341655556902,10.6939403571,1.77433091126,0.767664525512,2.68210620478,0.445013137115,0.221064113441,0.613960378048,0.456135008131,2.08036435263,1.35561709818,0.619840045305,2.08036435263,0.244936955035,0.161520190024,204,0.0262548262548,0.565625809101,37,36,36,0.972972972973,0,0.702702702703,0.27027027027,0,7,0.00525525525526,0.0216815009335,0.378378378378,0.7,0.194444444444,0.856120273913,0.0489800964879,0.0315954968421,0.36460372806,0.00495380351578,0.00239926024679,-0.404725265929,-0.0837496611073,-0.031688639312,0.034015263114,0.0182172682826,0.0803643526302,0.0312927738573,0.039894930371,0.0803643526302,0.232766828865,0.155547493778,197,0.0253539253539,-0.0555707720955,-0.027027027027,0.027027027027,-0.027027027027,211,12,5,1104,0.976851851852,0.989247311828,0.010752688172,0.0231481481481,0.946188340807,0.976851851852,0.961275626424,0.953811324439,0.96609916368,0.925438596491,159,152,0,0,0,0
984,WLNM_dir_neg,0.988194684903,0.317181047894,00:00:03,10,30,10,1233300834,threshold_sweep,0.3,0.928571428571,0.940789473684,0.934640522876,143,11,9,293,0.940789473684,0.963815789474,0.0361842105263,0.0592105263158,0.928571428571,0.940789473684,0.934640522876,0.956140350877,0.554093567251,0.901639344262,0.901682963413,0.904605263158,216,64,152,0,216,0,64,0,152,37,216,0.162162162162,1.32432432432,11.6756756757,21.6,6,8.1990990496,0.702237650082,0.31006006006,10.329336629,1.76937710775,0.765265265265,3.0868314707,0.528762798222,0.252752752753,0.579945114934,0.437917739848,2,1.32432432432,0.579945114934,2,0.0121701261701,0.00597269624573,7,0.000900900900901,0.621196581197,37,37,37,1,0,0.72972972973,0.243243243243,0.027027027027,37,0.048048048048,1.31981981982,3.45945945946,6.4,2.13333333333,2.9116108046,0.841637498205,0.436233108108,3.10598569655,1.79564798082,0.778716216216,1.38741663711,0.802100243328,0.428209459459,0.567072809762,0.429659262004,2,1.34803921569,0.583683368368,2,0,0,0,0,0.113260227427,37,34,34,0.918918918919,0,0.648648648649,0.162162162162,0.108108108108,37,218,0.163663663664,1.34413172854,11.7837837838,21.8,6.05555555556,8.88861673758,0.754309218556,0.344904537565,10.5456251692,1.78985381313,0.770890156211,2.80657743112,0.476345710787,0.238532110092,0.611533145436,0.454965188642,2.0897277071,1.35369094322,0.61739785948,2.0897277071,0.251447939034,0.164619164619,201,0.0258687258687,0.556770614547,37,36,36,0.972972972973,0,0.702702702703,0.27027027027,0,2,0.0015015015015,0.0198074042187,0.108108108108,0.2,0.0555555555556,0.689517687971,0.0520715684739,0.034844477505,0.216288540245,0.0204767053834,0.00562489094599,-0.280254039583,-0.0524170874359,-0.014220642661,0.0315880305016,0.0170474487933,0.0897277070999,0.0293666189005,0.0374527445451,0.0897277070999,0.239277812864,0.158646468373,194,0.0249678249678,-0.0644259666493,-0.027027027027,0.027027027027,-0.027027027027,207,11,9,1105,0.958333333333,0.990143369176,0.00985663082437,0.0416666666667,0.949541284404,0.958333333333,0.953917050691,0.944962987718,0.948476702509,0.911894273128,154,152,0,0,0,0
985,WLNM_dir_neg,0.988194684903,0.317181047894,00:00:03,10,30,10,1233300834,threshold_sweep,0.4,0.928571428571,0.940789473684,0.934640522876,143,11,9,293,0.940789473684,0.963815789474,0.0361842105263,0.0592105263158,0.928571428571,0.940789473684,0.934640522876,0.956140350877,0.554093567251,0.901639344262,0.901682963413,0.904605263158,216,64,152,0,216,0,64,0,152,37,216,0.162162162162,1.32432432432,11.6756756757,21.6,6,8.1990990496,0.702237650082,0.31006006006,10.329336629,1.76937710775,0.765265265265,3.0868314707,0.528762798222,0.252752752753,0.579945114934,0.437917739848,2,1.32432432432,0.579945114934,2,0.0121701261701,0.00597269624573,7,0.000900900900901,0.621196581197,37,37,37,1,0,0.72972972973,0.243243243243,0.027027027027,37,0.048048048048,1.31981981982,3.45945945946,6.4,2.13333333333,2.9116108046,0.841637498205,0.436233108108,3.10598569655,1.79564798082,0.778716216216,1.38741663711,0.802100243328,0.428209459459,0.567072809762,0.429659262004,2,1.34803921569,0.583683368368,2,0,0,0,0,0.113260227427,37,34,34,0.918918918919,0,0.648648648649,0.162162162162,0.108108108108,37,218,0.163663663664,1.34413172854,11.7837837838,21.8,6.05555555556,8.88861673758,0.754309218556,0.344904537565,10.5456251692,1.78985381313,0.770890156211,2.80657743112,0.476345710787,0.238532110092,0.611533145436,0.454965188642,2.0897277071,1.35369094322,0.61739785948,2.0897277071,0.251447939034,0.164619164619,201,0.0258687258687,0.556770614547,37,36,36,0.972972972973,0,0.702702702703,0.27027027027,0,2,0.0015015015015,0.0198074042187,0.108108108108,0.2,0.0555555555556,0.689517687971,0.0520715684739,0.034844477505,0.216288540245,0.0204767053834,0.00562489094599,-0.280254039583,-0.0524170874359,-0.014220642661,0.0315880305016,0.0170474487933,0.0897277070999,0.0293666189005,0.0374527445451,0.0897277070999,0.239277812864,0.158646468373,194,0.0249678249678,-0.0644259666493,-0.027027027027,0.027027027027,-0.027027027027,207,11,9,1105,0.958333333333,0.990143369176,0.00985663082437,0.0416666666667,0.949541284404,0.958333333333,0.953917050691,0.944962987718,0.948476702509,0.911894273128,154,152,0,0,0,0
986,WLNM_dir_neg,0.988194684903,0.317181047894,00:00:03,10,30,10,1233300834,threshold_sweep,0.5,0.933774834437,0.927631578947,0.930693069307,141,10,11,294,0.927631578947,0.967105263158,0.0328947368421,0.0723684210526,0.933774834437,0.927631578947,0.930693069307,0.953947368421,0.556286549708,0.896210873147,0.896221819093,0.894736842105,216,64,152,0,216,0,64,0,152,37,216,0.162162162162,1.32432432432,11.6756756757,21.6,6,8.1990990496,0.702237650082,0.31006006006,10.329336629,1.76937710775,0.765265265265,3.0868314707,0.528762798222,0.252752752753,0.579945114934,0.437917739848,2,1.32432432432,0.579945114934,2,0.0121701261701,0.00597269624573,7,0.000900900900901,0.621196581197,37,37,37,1,0,0.72972972973,0.243243243243,0.027027027027,37,0.048048048048,1.31981981982,3.45945945946,6.4,2.13333333333,2.9116108046,0.841637498205,0.436233108108,3.10598569655,1.79564798082,0.778716216216,1.38741663711,0.802100243328,0.428209459459,0.567072809762,0.429659262004,2,1.34803921569,0.583683368368,2,0,0,0,0,0.113260227427,37,34,34,0.918918918919,0,0.648648648649,0.162162162162,0.108108108108,37,215,0.161411411411,1.34123616174,11.6216216216,21.5,5.97222222222,8.8108246283,0.75814072383,0.350722815839,10.3972160746,1.78928834772,0.771841609051,2.87554669042,0.494861523467,0.248900062854,0.60690233744,0.452494761736,2.07356522188,1.35071494401,0.61272738001,2.07356522188,0.259080824667,0.16731409545,201,0.0258687258687,0.559380118708,37,36,36,0.972972972973,0,0.702702702703,0.27027027027,0,-1,-0.000750750750751,0.0169118374198,-0.0540540540541,-0.1,-0.0277777777778,0.611725578694,0.0559030737485,0.040662755779,0.067879445609,0.019911239978,0.00657634378565,-0.211284780287,-0.0339012747553,-0.0038526898992,0.0269572225055,0.0145770218874,0.0735652218798,0.0263906196904,0.0327822650754,0.0735652218798,0.246910698497,0.161341399204,194,0.0249678249678,-0.0618164624881,-0.027027027027,0.027027027027,-0.027027027027,205,10,11,1106,0.949074074074,0.991039426523,0.0089605734767,0.0509259259259,0.953488372093,0.949074074074,0.951276102088,0.941875382048,0.940113500597,0.907079646018,151,152,0,0,0,0
987,WLNM_dir_neg,0.988194684903,0.317181047894,00:00:03,10,30,10,1233300834,threshold_sweep,0.6,0.933774834437,0.927631578947,0.930693069307,141,10,11,294,0.927631578947,0.967105263158,0.0328947368421,0.0723684210526,0.933774834437,0.927631578947,0.930693069307,0.953947368421,0.556286549708,0.896210873147,0.896221819093,0.894736842105,216,64,152,0,216,0,64,0,152,37,216,0.162162162162,1.32432432432,11.6756756757,21.6,6,8.1990990496,0.702237650082,0.31006006006,10.329336629,1.76937710775,0.765265265265,3.0868314707,0.528762798222,0.252752752753,0.579945114934,0.437917739848,2,1.32432432432,0.579945114934,2,0.0121701261701,0.00597269624573,7,0.000900900900901,0.621196581197,37,37,37,1,0,0.72972972973,0.243243243243,0.027027027027,37,0.048048048048,1.31981981982,3.45945945946,6.4,2.13333333333,2.9116108046,0.841637498205,0.436233108108,3.10598569655,1.79564798082,0.778716216216,1.38741663711,0.802100243328,0.428209459459,0.567072809762,0.429659262004,2,1.34803921569,0.583683368368,2,0,0,0,0,0.113260227427,37,34,34,0.918918918919,0,0.648648648649,0.162162162162,0.108108108108,37,215,0.161411411411,1.34123616174,11.6216216216,21.5,5.97222222222,8.8108246283,0.75814072383,0.350722815839,10.3972160746,1.78928834772,0.771841609051,2.87554669042,0.494861523467,0.248900062854,0.60690233744,0.452494761736,2.07356522188,1.35071494401,0.61272738001,2.07356522188,0.259080824667,0.16731409545,201,0.0258687258687,0.559380118708,37,36,36,0.972972972973,0,0.702702702703,0.27027027027,0,-1,-0.000750750750751,0.0169118374198,-0.0540540540541,-0.1,-0.0277777777778,0.611725578694,0.0559030737485,0.040662755779,0.067879445609,0.019911239978,0.00657634378565,-0.211284780287,-0.0339012747553,-0.0038526898992,0.0269572225055,0.0145770218874,0.0735652218798,0.0263906196904,0.0327822650754,0.0735652218798,0.246910698497,0.161341399204,194,0.0249678249678,-0.0618164624881,-0.027027027027,0.027027027027,-0.027027027027,205,10,11,1106,0.949074074074,0.991039426523,0.0089605734767,0.0509259259259,0.953488372093,0.949074074074,0.951276102088,0.941875382048,0.940113500597,0.907079646018,151,152,0,0,0,0
988,WLNM_dir_neg,0.988194684903,0.317181047894,00:00:03,10,30,10,1233300834,threshold_sweep,0.7,0.933774834437,0.927631578947,0.930693069307,141,10,11,294,0.927631578947,0.967105263158,0.0328947368421,0.0723684210526,0.933774834437,0.927631578947,0.930693069307,0.953947368421,0.556286549708,0.896210873147,0.896221819093,0.894736842105,216,64,152,0,216,0,64,0,152,37,216,0.162162162162,1.32432432432,11.6756756757,21.6,6,8.1990990496,0.702237650082,0.31006006006,10.329336629,1.76937710775,0.765265265265,3.0868314707,0.528762798222,0.252752752753,0.579945114934,0.437917739848,2,1.32432432432,0.579945114934,2,0.0121701261701,0.00597269624573,7,0.000900900900901,0.621196581197,37,37,37,1,0,0.72972972973,0.243243243243,0.027027027027,37,0.048048048048,1.31981981982,3.45945945946,6.4,2.13333333333,2.9116108046,0.841637498205,0.436233108108,3.10598569655,1.79564798082,0.778716216216,1.38741663711,0.802100243328,0.428209459459,0.567072809762,0.429659262004,2,1.34803921569,0.583683368368,2,0,0,0,0,0.113260227427,37,34,34,0.918918918919,0,0.648648648649,0.162162162162,0.108108108108,37,215,0.161411411411,1.34123616174,11.6216216216,21.5,5.97222222222,8.8108246283,0.75814072383,0.350722815839,10.3972160746,1.78928834772,0.771841609051,2.87554669042,0.494861523467,0.248900062854,0.60690233744,0.452494761736,2.07356522188,1.35071494401,0.61272738001,2.07356522188,0.259080824667,0.16731409545,201,0.0258687258687,0.559380118708,37,36,36,0.972972972973,0,0.702702702703,0.27027027027,0,-1,-0.000750750750751,0.0169118374198,-0.0540540540541,-0.1,-0.0277777777778,0.611725578694,0.0559030737485,0.040662755779,0.067879445609,0.019911239978,0.00657634378565,-0.211284780287,-0.0339012747553,-0.0038526898992,0.0269572225055,0.0145770218874,0.0735652218798,0.0263906196904,0.0327822650754,0.0735652218798,0.246910698497,0.161341399204,194,0.0249678249678,-0.0618164624881,-0.027027027027,0.027027027027,-0.027027027027,205,10,11,1106,0.949074074074,0.991039426523,0.0089605734767,0.0509259259259,0.953488372093,0.949074074074,0.951276102088,0.941875382048,0.940113500597,0.907079646018,151,152,0,0,0,0
989,WLNM_dir_neg,0.988194684903,0.317181047894,00:00:03,10,30,10,1233300834,threshold_sweep,0.8,0.931972789116,0.901315789474,0.916387959866,137,10,15,294,0.901315789474,0.967105263158,0.0328947368421,0.0986842105263,0.931972789116,0.901315789474,0.916387959866,0.945175438596,0.559210526316,0.875621890547,0.875892932252,0.868421052632,216,64,152,0,216,0,64,0,152,37,216,0.162162162162,1.32432432432,11.6756756757,21.6,6,8.1990990496,0.702237650082,0.31006006006,10.329336629,1.76937710775,0.765265265265,3.0868314707,0.528762798222,0.252752752753,0.579945114934,0.437917739848,2,1.32432432432,0.579945114934,2,0.0121701261701,0.00597269624573,7,0.000900900900901,0.621196581197,37,37,37,1,0,0.72972972973,0.243243243243,0.027027027027,37,0.048048048048,1.31981981982,3.45945945946,6.4,2.13333333333,2.9116108046,0.841637498205,0.436233108108,3.10598569655,1.79564798082,0.778716216216,1.38741663711,0.802100243328,0.428209459459,0.567072809762,0.429659262004,2,1.34803921569,0.583683368368,2,0,0,0,0,0.113260227427,37,34,34,0.918918918919,0,0.648648648649,0.162162162162,0.108108108108,37,211,0.158408408408,1.34160537028,11.4054054054,21.1,6.02857142857,8.68414730497,0.761406280294,0.352376072755,10.276361399,1.80201597993,0.773920840272,3.00799734841,0.527468729342,0.2648904829,0.60777385026,0.453019840055,2.07367417686,1.35109440834,0.613609232907,2.07367417686,0.281720280449,0.171551724138,199,0.0256113256113,0.563077962589,37,36,36,0.972972972973,0,0.702702702703,0.243243243243,0.027027027027,-5,-0.00375375375375,0.0172810459531,-0.27027027027,-0.5,0.0285714285714,0.485048255365,0.0591686302117,0.0423160126952,-0.0529752299634,0.0326388721805,0.00865557500629,-0.0788341222929,-0.00129406888022,0.0121377301472,0.0278287353258,0.0151021002067,0.073674176857,0.0267700840164,0.0336641179725,0.073674176857,0.269550154279,0.165579027892,192,0.0247104247104,-0.0581186186077,-0.027027027027,0,0,201,10,15,1106,0.930555555556,0.991039426523,0.0089605734767,0.0694444444444,0.952606635071,0.930555555556,0.941451990632,0.930368591127,0.921594982079,0.889380530973,147,152,0,0,0,0
990,WLNM_dir_neg,0.988194684903,0.317181047894,00:00:03,10,30,10,1233300834,threshold_sweep,0.9,0.9375,0.888157894737,0.912162162162,135,9,17,295,0.888157894737,0.970394736842,0.0296052631579,0.111842105263,0.9375,0.888157894737,0.912162162162,0.94298245614,0.561403508772,0.87,0.870696836315,0.858552631579,216,64,152,0,216,0,64,0,152,37,216,0.162162162162,1.32432432432,11.6756756757,21.6,6,8.1990990496,0.702237650082,0.31006006006,10.329336629,1.76937710775,0.765265265265,3.0868314707,0.528762798222,0.252752752753,0.579945114934,0.437917739848,2,1.32432432432,0.579945114934,2,0.0121701261701,0.00597269624573,7,0.000900900900901,0.621196581197,37,37,37,1,0,0.72972972973,0.243243243243,0.027027027027,37,0.048048048048,1.31981981982,3.45945945946,6.4,2.13333333333,2.9116108046,0.841637498205,0.436233108108,3.10598569655,1.79564798082,0.778716216216,1.38741663711,0.802100243328,0.428209459459,0.567072809762,0.429659262004,2,1.34803921569,0.583683368368,2,0,0,0,0,0.113260227427,37,34,34,0.918918918919,0,0.648648648649,0.162162162162,0.108108108108,37,208,0.156156156156,1.338623762,11.2432432432,20.8,5.94285714286,8.59071011618,0.764077582449,0.35446985447,10.1279353807,1.80160388983,0.774168399168,3.10332573711,0.55203390516,0.277027027027,0.603569025126,0.450887726827,2.07220926333,1.34802997761,0.609374133986,2.07220926333,0.301077027333,0.172655565294,197,0.0253539253539,0.571551971091,37,36,36,0.972972972973,0,0.702702702703,0.243243243243,0.027027027027,-8,-0.00600600600601,0.0142994376791,-0.432432432432,-0.8,-0.0571428571429,0.391611066579,0.0618399323672,0.0444097944098,-0.201401248327,0.0322267820858,0.00890313390313,0.0164942664094,0.0232711069372,0.0242742742743,0.0236239101914,0.0129699869782,0.0722092633273,0.0237056532903,0.0294290190513,0.0722092633273,0.288906901163,0.166682869048,190,0.024453024453,-0.0496446101059,-0.027027027027,0,0,199,9,17,1107,0.921296296296,0.991935483871,0.00806451612903,0.0787037037037,0.956730769231,0.921296296296,0.938679245283,0.927310476104,0.913231780167,0.884444444444,144,152,0,0,0,0
991,WLNM_dir_neg,0.965914993075,0.939014839553,00:00:02,10,30,11,1233300835,threshold_sweep,0.1,0.932038834951,0.631578947368,0.752941176471,96,7,56,297,0.631578947368,0.976973684211,0.0230263157895,0.368421052632,0.932038834951,0.631578947368,0.752941176471,0.861842105263,0.591374269006,0.661896243292,0.686042096634,0.608552631579,216,64,152,0,216,0,64,0,152,37,216,0.162162162162,1.32432432432,11.6756756757,21.6,6,8.1990990496,0.702237650082,0.31006006006,10.329336629,1.76937710775,0.765265265265,3.0868314707,0.528762798222,0.252752752753,0.579945114934,0.437917739848,2,1.32432432432,0.579945114934,2,0.0121701261701,0.00597269624573,7,0.000900900900901,0.621196581197,37,37,37,1,0,0.72972972973,0.243243243243,0.027027027027,37,0.048048048048,1.32432432432,3.45945945946,6.4,2.37037037037,3.03310067418,0.87675566363,0.451858108108,3.26299665142,1.8864199391,0.795608108108,1.62700557686,0.940612599125,0.499155405405,0.579945114934,0.437917739848,2,1.36363636364,0.603022689156,2,0,0,0,0,0.135109309717,37,33,33,0.891891891892,0,0.621621621622,0.108108108108,0.162162162162,37,167,0.125375375375,1.61831923252,9.02702702703,12.8461538462,4.63888888889,7.5295214784,0.834108666769,0.385499271727,8.50693057853,1.88476905033,0.796892701084,2.36433713545,0.523835173723,0.28677779576,0.901757736201,0.557218698315,2.4517324467,1.63549476675,0.908390631773,2.4517324467,0.220063492063,0.104046242775,78,0.0100386100386,0.229166318609,37,36,36,0.972972972973,0,0.621621621622,0.351351351351,0,-49,-0.0367867867868,0.293994908192,-2.64864864865,-8.75384615385,-1.36111111111,-0.669577571204,0.131871016687,0.0754392116668,-1.82240605047,0.115391942587,0.0316274358191,-0.722494335249,-0.00492762449895,0.0340250430071,0.321812621266,0.119300958466,0.451732446704,0.311170442428,0.328445516839,0.451732446704,0.207893365893,0.0980735465288,71,0.00913770913771,-0.392030262587,-0.108108108108,0.108108108108,-0.027027027027,160,7,56,1109,0.740740740741,0.993727598566,0.00627240143369,0.259259259259,0.958083832335,0.740740740741,0.835509138381,0.817543470019,0.734468339307,0.717488789238,103,152,0,0,0,0
992,WLNM_dir_neg,0.965914993075,0.939014839553,00:00:02,10,30,11,1233300835,threshold_sweep,0.2,0.96,0.631578947368,0.761904761905,96,4,56,300,0.631578947368,0.986842105263,0.0131578947368,0.368421052632,0.96,0.631578947368,0.761904761905,0.868421052632,0.593567251462,0.676258992806,0.704559787656,0.618421052632,216,64,152,0,216,0,64,0,152,37,216,0.162162162162,1.32432432432,11.6756756757,21.6,6,8.1990990496,0.702237650082,0.31006006006,10.329336629,1.76937710775,0.765265265265,3.0868314707,0.528762798222,0.252752752753,0.579945114934,0.437917739848,2,1.32432432432,0.579945114934,2,0.0121701261701,0.00597269624573,7,0.000900900900901,0.621196581197,37,37,37,1,0,0.72972972973,0.243243243243,0.027027027027,37,0.048048048048,1.32432432432,3.45945945946,6.4,2.37037037037,3.03310067418,0.87675566363,0.451858108108,3.26299665142,1.8864199391,0.795608108108,1.62700557686,0.940612599125,0.499155405405,0.579945114934,0.437917739848,2,1.36363636364,0.603022689156,2,0,0,0,0,0.135109309717,37,33,33,0.891891891892,0,0.621621621622,0.108108108108,0.162162162162,37,164,0.123123123123,1.33120764744,8.86486486486,16.4,4.55555555556,7.43177174241,0.838340105089,0.383157547792,8.5457609392,1.92800704116,0.80454845089,2.42143828403,0.546300100665,0.297956493078,0.591201492637,0.44410914689,2.03149117704,1.34040785987,0.596895436879,2.03149117704,0.220063492063,0.104046242775,78,0.0100386100386,0.351666063367,37,36,36,0.972972972973,0,0.702702702703,0.27027027027,0,-52,-0.039039039039,0.00688332311369,-2.81081081081,-5.2,-1.44444444444,-0.767327307198,0.136102455007,0.0730974877316,-1.7835756898,0.158629933417,0.0392831856246,-0.665393186675,0.0175373024427,0.0452037403257,0.0112563777025,0.00619140704141,0.0314911770409,0.0160835355425,0.0169503219441,0.0314911770409,0.207893365893,0.0980735465288,71,0.00913770913771,-0.26953051783,-0.027027027027,0.027027027027,-0.027027027027,160,4,56,1112,0.740740740741,0.996415770609,0.00358422939068,0.259259259259,0.975609756098,0.740740740741,0.842105263158,0.826942539622,0.73715651135,0.727272727273,100,152,0,0,0,0
993,WLNM_dir_neg,0.965914993075,0.939014839553,00:00:02,10,30,11,1233300835,threshold_sweep,0.3,0.969696969697,0.631578947368,0.764940239044,96,3,56,301,0.631578947368,0.990131578947,0.00986842105263,0.368421052632,0.969696969697,0.631578947368,0.764940239044,0.870614035088,0.594298245614,0.681081081081,0.7108780441,0.621710526316,216,64,152,0,216,0,64,0,152,37,216,0.162162162162,1.32432432432,11.6756756757,21.6,6,8.1990990496,0.702237650082,0.31006006006,10.329336629,1.76937710775,0.765265265265,3.0868314707,0.528762798222,0.252752752753,0.579945114934,0.437917739848,2,1.32432432432,0.579945114934,2,0.0121701261701,0.00597269624573,7,0.000900900900901,0.621196581197,37,37,37,1,0,0.72972972973,0.243243243243,0.027027027027,37,0.048048048048,1.32432432432,3.45945945946,6.4,2.37037037037,3.03310067418,0.87675566363,0.451858108108,3.26299665142,1.8864199391,0.795608108108,1.62700557686,0.940612599125,0.499155405405,0.579945114934,0.437917739848,2,1.36363636364,0.603022689156,2,0,0,0,0,0.135109309717,37,33,33,0.891891891892,0,0.621621621622,0.108108108108,0.162162162162,37,163,0.122372372372,1.32978771121,8.81081081081,16.3,4.52777777778,7.30995454401,0.829657417571,0.380533908141,8.4835116532,1.92570509919,0.80417841154,2.44335219933,0.554625959357,0.301442546841,0.588661653602,0.442673404664,2.02193887877,1.33894848096,0.594331088185,2.02193887877,0.171744454303,0.0736029077692,54,0.00694980694981,0.354257170177,37,36,36,0.972972972973,0,0.702702702703,0.27027027027,0,-53,-0.0397897897898,0.00546338688415,-2.86486486486,-5.3,-1.47222222222,-0.889144505598,0.127419767489,0.0704738480812,-1.8458249758,0.156327991447,0.0389131462751,-0.643479271374,0.0258631611346,0.0486897940886,0.00871653866713,0.00475566481597,0.0219388787695,0.0146241566399,0.0143859732503,0.0219388787695,0.159574328133,0.0676302115235,47,0.00604890604891,-0.26693941102,-0.027027027027,0.027027027027,-0.027027027027,160,3,56,1113,0.740740740741,0.997311827957,0.00268817204301,0.259259259259,0.981595092025,0.740740740741,0.844327176781,0.83012828371,0.738052568698,0.730593607306,99,152,0,0,0,0
994,WLNM_dir_neg,0.965914993075,0.939014839553,00:00:02,10,30,11,1233300835,threshold_sweep,0.4,0.969696969697,0.631578947368,0.764940239044,96,3,56,301,0.631578947368,0.990131578947,0.00986842105263,0.368421052632,0.969696969697,0.631578947368,0.764940239044,0.870614035088,0.594298245614,0.681081081081,0.7108780441,0.621710526316,216,64,152,0,216,0,64,0,152,37,216,0.162162162162,1.32432432432,11.6756756757,21.6,6,8.1990990496,0.702237650082,0.31006006006,10.329336629,1.76937710775,0.765265265265,3.0868314707,0.528762798222,0.252752752753,0.579945114934,0.437917739848,2,1.32432432432,0.579945114934,2,0.0121701261701,0.00597269624573,7,0.000900900900901,0.621196581197,37,37,37,1,0,0.72972972973,0.243243243243,0.027027027027,37,0.048048048048,1.32432432432,3.45945945946,6.4,2.37037037037,3.03310067418,0.87675566363,0.451858108108,3.26299665142,1.8864199391,0.795608108108,1.62700557686,0.940612599125,0.499155405405,0.579945114934,0.437917739848,2,1.36363636364,0.603022689156,2,0,0,0,0,0.135109309717,37,33,33,0.891891891892,0,0.621621621622,0.108108108108,0.162162162162,37,163,0.122372372372,1.32978771121,8.81081081081,16.3,4.52777777778,7.30995454401,0.829657417571,0.380533908141,8.4835116532,1.92570509919,0.80417841154,2.44335219933,0.554625959357,0.301442546841,0.588661653602,0.442673404664,2.02193887877,1.33894848096,0.594331088185,2.02193887877,0.171744454303,0.0736029077692,54,0.00694980694981,0.354257170177,37,36,36,0.972972972973,0,0.702702702703,0.27027027027,0,-53,-0.0397897897898,0.00546338688415,-2.86486486486,-5.3,-1.47222222222,-0.889144505598,0.127419767489,0.0704738480812,-1.8458249758,0.156327991447,0.0389131462751,-0.643479271374,0.0258631611346,0.0486897940886,0.00871653866713,0.00475566481597,0.0219388787695,0.0146241566399,0.0143859732503,0.0219388787695,0.159574328133,0.0676302115235,47,0.00604890604891,-0.26693941102,-0.027027027027,0.027027027027,-0.027027027027,160,3,56,1113,0.740740740741,0.997311827957,0.00268817204301,0.259259259259,0.981595092025,0.740740740741,0.844327176781,0.83012828371,0.738052568698,0.730593607306,99,152,0,0,0,0
995,WLNM_dir_neg,0.965914993075,0.939014839553,00:00:02,10,30,11,1233300835,threshold_sweep,0.5,0.969696969697,0.631578947368,0.764940239044,96,3,56,301,0.631578947368,0.990131578947,0.00986842105263,0.368421052632,0.969696969697,0.631578947368,0.764940239044,0.870614035088,0.594298245614,0.681081081081,0.7108780441,0.621710526316,216,64,152,0,216,0,64,0,152,37,216,0.162162162162,1.32432432432,11.6756756757,21.6,6,8.1990990496,0.702237650082,0.31006006006,10.329336629,1.76937710775,0.765265265265,3.0868314707,0.528762798222,0.252752752753,0.579945114934,0.437917739848,2,1.32432432432,0.579945114934,2,0.0121701261701,0.00597269624573,7,0.000900900900901,0.621196581197,37,37,37,1,0,0.72972972973,0.243243243243,0.027027027027,37,0.048048048048,1.32432432432,3.45945945946,6.4,2.37037037037,3.03310067418,0.87675566363,0.451858108108,3.26299665142,1.8864199391,0.795608108108,1.62700557686,0.940612599125,0.499155405405,0.579945114934,0.437917739848,2,1.36363636364,0.603022689156,2,0,0,0,0,0.135109309717,37,33,33,0.891891891892,0,0.621621621622,0.108108108108,0.162162162162,37,163,0.122372372372,1.32978771121,8.81081081081,16.3,4.52777777778,7.30995454401,0.829657417571,0.380533908141,8.4835116532,1.92570509919,0.80417841154,2.44335219933,0.554625959357,0.301442546841,0.588661653602,0.442673404664,2.02193887877,1.33894848096,0.594331088185,2.02193887877,0.171744454303,0.0736029077692,54,0.00694980694981,0.354257170177,37,36,36,0.972972972973,0,0.702702702703,0.27027027027,0,-53,-0.0397897897898,0.00546338688415,-2.86486486486,-5.3,-1.47222222222,-0.889144505598,0.127419767489,0.0704738480812,-1.8458249758,0.156327991447,0.0389131462751,-0.643479271374,0.0258631611346,0.0486897940886,0.00871653866713,0.00475566481597,0.0219388787695,0.0146241566399,0.0143859732503,0.0219388787695,0.159574328133,0.0676302115235,47,0.00604890604891,-0.26693941102,-0.027027027027,0.027027027027,-0.027027027027,160,3,56,1113,0.740740740741,0.997311827957,0.00268817204301,0.259259259259,0.981595092025,0.740740740741,0.844327176781,0.83012828371,0.738052568698,0.730593607306,99,152,0,0,0,0
996,WLNM_dir_neg,0.965914993075,0.939014839553,00:00:02,10,30,11,1233300835,threshold_sweep,0.6,0.969696969697,0.631578947368,0.764940239044,96,3,56,301,0.631578947368,0.990131578947,0.00986842105263,0.368421052632,0.969696969697,0.631578947368,0.764940239044,0.870614035088,0.594298245614,0.681081081081,0.7108780441,0.621710526316,216,64,152,0,216,0,64,0,152,37,216,0.162162162162,1.32432432432,11.6756756757,21.6,6,8.1990990496,0.702237650082,0.31006006006,10.329336629,1.76937710775,0.765265265265,3.0868314707,0.528762798222,0.252752752753,0.579945114934,0.437917739848,2,1.32432432432,0.579945114934,2,0.0121701261701,0.00597269624573,7,0.000900900900901,0.621196581197,37,37,37,1,0,0.72972972973,0.243243243243,0.027027027027,37,0.048048048048,1.32432432432,3.45945945946,6.4,2.37037037037,3.03310067418,0.87675566363,0.451858108108,3.26299665142,1.8864199391,0.795608108108,1.62700557686,0.940612599125,0.499155405405,0.579945114934,0.437917739848,2,1.36363636364,0.603022689156,2,0,0,0,0,0.135109309717,37,33,33,0.891891891892,0,0.621621621622,0.108108108108,0.162162162162,37,163,0.122372372372,1.32978771121,8.81081081081,16.3,4.52777777778,7.30995454401,0.829657417571,0.380533908141,8.4835116532,1.92570509919,0.80417841154,2.44335219933,0.554625959357,0.301442546841,0.588661653602,0.442673404664,2.02193887877,1.33894848096,0.594331088185,2.02193887877,0.171744454303,0.0736029077692,54,0.00694980694981,0.354257170177,37,36,36,0.972972972973,0,0.702702702703,0.27027027027,0,-53,-0.0397897897898,0.00546338688415,-2.86486486486,-5.3,-1.47222222222,-0.889144505598,0.127419767489,0.0704738480812,-1.8458249758,0.156327991447,0.0389131462751,-0.643479271374,0.0258631611346,0.0486897940886,0.00871653866713,0.00475566481597,0.0219388787695,0.0146241566399,0.0143859732503,0.0219388787695,0.159574328133,0.0676302115235,47,0.00604890604891,-0.26693941102,-0.027027027027,0.027027027027,-0.027027027027,160,3,56,1113,0.740740740741,0.997311827957,0.00268817204301,0.259259259259,0.981595092025,0.740740740741,0.844327176781,0.83012828371,0.738052568698,0.730593607306,99,152,0,0,0,0
997,WLNM_dir_neg,0.965914993075,0.939014839553,00:00:02,10,30,11,1233300835,threshold_sweep,0.7,0.969696969697,0.631578947368,0.764940239044,96,3,56,301,0.631578947368,0.990131578947,0.00986842105263,0.368421052632,0.969696969697,0.631578947368,0.764940239044,0.870614035088,0.594298245614,0.681081081081,0.7108780441,0.621710526316,216,64,152,0,216,0,64,0,152,37,216,0.162162162162,1.32432432432,11.6756756757,21.6,6,8.1990990496,0.702237650082,0.31006006006,10.329336629,1.76937710775,0.765265265265,3.0868314707,0.528762798222,0.252752752753,0.579945114934,0.437917739848,2,1.32432432432,0.579945114934,2,0.0121701261701,0.00597269624573,7,0.000900900900901,0.621196581197,37,37,37,1,0,0.72972972973,0.243243243243,0.027027027027,37,0.048048048048,1.32432432432,3.45945945946,6.4,2.37037037037,3.03310067418,0.87675566363,0.451858108108,3.26299665142,1.8864199391,0.795608108108,1.62700557686,0.940612599125,0.499155405405,0.579945114934,0.437917739848,2,1.36363636364,0.603022689156,2,0,0,0,0,0.135109309717,37,33,33,0.891891891892,0,0.621621621622,0.108108108108,0.162162162162,37,163,0.122372372372,1.32978771121,8.81081081081,16.3,4.52777777778,7.30995454401,0.829657417571,0.380533908141,8.4835116532,1.92570509919,0.80417841154,2.44335219933,0.554625959357,0.301442546841,0.588661653602,0.442673404664,2.02193887877,1.33894848096,0.594331088185,2.02193887877,0.171744454303,0.0736029077692,54,0.00694980694981,0.354257170177,37,36,36,0.972972972973,0,0.702702702703,0.27027027027,0,-53,-0.0397897897898,0.00546338688415,-2.86486486486,-5.3,-1.47222222222,-0.889144505598,0.127419767489,0.0704738480812,-1.8458249758,0.156327991447,0.0389131462751,-0.643479271374,0.0258631611346,0.0486897940886,0.00871653866713,0.00475566481597,0.0219388787695,0.0146241566399,0.0143859732503,0.0219388787695,0.159574328133,0.0676302115235,47,0.00604890604891,-0.26693941102,-0.027027027027,0.027027027027,-0.027027027027,160,3,56,1113,0.740740740741,0.997311827957,0.00268817204301,0.259259259259,0.981595092025,0.740740740741,0.844327176781,0.83012828371,0.738052568698,0.730593607306,99,152,0,0,0,0
998,WLNM_dir_neg,0.965914993075,0.939014839553,00:00:02,10,30,11,1233300835,threshold_sweep,0.8,0.969387755102,0.625,0.76,95,3,57,301,0.625,0.990131578947,0.00986842105263,0.375,0.969387755102,0.625,0.76,0.868421052632,0.595029239766,0.675090252708,0.705946935877,0.615131578947,216,64,152,0,216,0,64,0,152,37,216,0.162162162162,1.32432432432,11.6756756757,21.6,6,8.1990990496,0.702237650082,0.31006006006,10.329336629,1.76937710775,0.765265265265,3.0868314707,0.528762798222,0.252752752753,0.579945114934,0.437917739848,2,1.32432432432,0.579945114934,2,0.0121701261701,0.00597269624573,7,0.000900900900901,0.621196581197,37,37,37,1,0,0.72972972973,0.243243243243,0.027027027027,37,0.048048048048,1.32432432432,3.45945945946,6.4,2.37037037037,3.03310067418,0.87675566363,0.451858108108,3.26299665142,1.8864199391,0.795608108108,1.62700557686,0.940612599125,0.499155405405,0.579945114934,0.437917739848,2,1.36363636364,0.603022689156,2,0,0,0,0,0.135109309717,37,33,33,0.891891891892,0,0.621621621622,0.108108108108,0.162162162162,37,162,0.121621621622,1.32659479868,8.75675675676,16.2,4.62857142857,7.3197047808,0.835892212622,0.383049716383,8.46676952481,1.93376834826,0.805138471805,2.48720449223,0.568065223535,0.308975642309,0.579681443031,0.436969482774,2.02072096368,1.33566687642,0.585234352529,2.02072096368,0.156979591837,0.0685557586837,50,0.00643500643501,0.35528217277,37,36,36,0.972972972973,0,0.702702702703,0.243243243243,0.027027027027,-54,-0.0405405405405,0.00227047435785,-2.91891891892,-5.4,-1.37142857143,-0.879394268804,0.13365456254,0.072989656323,-1.86256710419,0.164391240513,0.0398732065399,-0.599626978471,0.0393024253124,0.0562228895562,-0.000263671903103,-0.000948257074072,0.0207209636821,0.011342552099,0.0052892375942,0.0207209636821,0.144809465667,0.062583062438,43,0.00553410553411,-0.265914408426,-0.027027027027,0,0,159,3,57,1113,0.736111111111,0.997311827957,0.00268817204301,0.263888888889,0.981481481481,0.736111111111,0.84126984127,0.82710952821,0.733422939068,0.72602739726,98,152,0,0,0,0
999,WLNM_dir_neg,0.965914993075,0.939014839553,00:00:02,10,30,11,1233300835,threshold_sweep,0.9,0.967741935484,0.592105263158,0.734693877551,90,3,62,301,0.592105263158,0.990131578947,0.00986842105263,0.407894736842,0.967741935484,0.592105263158,0.734693877551,0.857456140351,0.598684210526,0.644808743169,0.681182499365,0.582236842105,216,64,152,0,216,0,64,0,152,37,216,0.162162162162,1.32432432432,11.6756756757,21.6,6,8.1990990496,0.702237650082,0.31006006006,10.329336629,1.76937710775,0.765265265265,3.0868314707,0.528762798222,0.252752752753,0.579945114934,0.437917739848,2,1.32432432432,0.579945114934,2,0.0121701261701,0.00597269624573,7,0.000900900900901,0.621196581197,37,37,37,1,0,0.72972972973,0.243243243243,0.027027027027,37,0.048048048048,1.32432432432,3.45945945946,6.4,2.37037037037,3.03310067418,0.87675566363,0.451858108108,3.26299665142,1.8864199391,0.795608108108,1.62700557686,0.940612599125,0.499155405405,0.579945114934,0.437917739848,2,1.36363636364,0.603022689156,2,0,0,0,0,0.135109309717,37,33,33,0.891891891892,0,0.621621621622,0.108108108108,0.162162162162,37,157,0.117867867868,1.32989032989,8.48648648649,15.7,4.90625,7.17101271951,0.844991944656,0.383714925116,8.43078158168,1.9868720925,0.812876570838,2.67088630114,0.629444542308,0.342227577896,0.588957548211,0.442861742035,2.02197802198,1.34874120588,0.600422965292,2.02197802198,0.15569684284,0.0694645441389,48,0.00617760617761,0.36632066224,37,35,35,0.945945945946,0,0.675675675676,0.189189189189,0.0810810810811,-59,-0.0442942942943,0.00556600556601,-3.18918918919,-5.9,-1.09375,-1.02808633009,0.142754294574,0.0736548650561,-1.89855504731,0.217494984754,0.0476113055731,-0.415945169561,0.100681744085,0.0894748251436,0.00901243327648,0.00494400218669,0.021978021978,0.0244168815597,0.0204778503574,0.021978021978,0.14352671667,0.0634918478932,41,0.00527670527671,-0.254875918956,-0.0540540540541,-0.0540540540541,0.0540540540541,154,3,62,1113,0.712962962963,0.997311827957,0.00268817204301,0.287037037037,0.980891719745,0.712962962963,0.825737265416,0.811926309319,0.71027479092,0.703196347032,93,152,0,0,0,0
1000,WLNM_dir_neg,0.989027873961,0.588127656516,00:00:02,10,30,12,1233300836,threshold_sweep,0.1,0.957142857143,0.881578947368,0.917808219178,134,6,18,298,0.881578947368,0.980263157895,0.0197368421053,0.118421052632,0.957142857143,0.881578947368,0.917808219178,0.947368421053,0.56432748538,0.879194630872,0.880802896918,0.861842105263,216,64,152,0,216,0,64,0,152,37,216,0.162162162162,1.32432432432,11.6756756757,21.6,6,8.1990990496,0.702237650082,0.31006006006,10.329336629,1.76937710775,0.765265265265,3.0868314707,0.528762798222,0.252752752753,0.579945114934,0.437917739848,2,1.32432432432,0.579945114934,2,0.0121701261701,0.00597269624573,7,0.000900900900901,0.621196581197,37,37,37,1,0,0.72972972973,0.243243243243,0.027027027027,37,0.048048048048,1.31531531532,3.45945945946,6.4,2.46153846154,2.90205477583,0.838875208639,0.454391891892,3.10598569655,1.79564798082,0.779560810811,1.77402005263,1.02560534293,0.539695945946,0.555255174049,0.422146056983,2,1.35353535354,0.576985665257,2,0,0,0,0,0.158095731429,37,33,33,0.891891891892,0,0.621621621622,0.0810810810811,0.189189189189,37,204,0.153153153153,1.3374585973,11.027027027,20.4,6,7.99821676822,0.725328481432,0.33346581876,10.2078989612,1.85143265472,0.783253842077,3.15895219637,0.572947212088,0.291467938527,0.600733635492,0.449160547253,2.05249343832,1.3374585973,0.600733635492,2.05249343832,0.0879714189652,0.0498084291188,52,0.00669240669241,0.55272451828,37,37,37,1,0,0.72972972973,0.189189189189,0.0810810810811,-12,-0.00900900900901,0.0131342729768,-0.648648648649,-1.2,0,-0.200882281382,0.0230908313501,0.0234057586999,-0.121437667842,0.0820555469744,0.0179885768121,0.0721207256705,0.0441844138651,0.038715185774,0.0207885205573,0.0112428074044,0.0524934383202,0.0131342729768,0.0207885205573,0.0524934383202,0.0758012927951,0.043835732873,45,0.00579150579151,-0.0684720629165,0,-0.0540540540541,0.0540540540541,198,6,18,1110,0.916666666667,0.994623655914,0.00537634408602,0.0833333333333,0.970588235294,0.916666666667,0.942857142857,0.932708850169,0.911290322581,0.891891891892,140,152,0,0,0,0
1001,WLNM_dir_neg,0.989027873961,0.588127656516,00:00:02,10,30,12,1233300836,threshold_sweep,0.2,0.957142857143,0.881578947368,0.917808219178,134,6,18,298,0.881578947368,0.980263157895,0.0197368421053,0.118421052632,0.957142857143,0.881578947368,0.917808219178,0.947368421053,0.56432748538,0.879194630872,0.880802896918,0.861842105263,216,64,152,0,216,0,64,0,152,37,216,0.162162162162,1.32432432432,11.6756756757,21.6,6,8.1990990496,0.702237650082,0.31006006006,10.329336629,1.76937710775,0.765265265265,3.0868314707,0.528762798222,0.252752752753,0.579945114934,0.437917739848,2,1.32432432432,0.579945114934,2,0.0121701261701,0.00597269624573,7,0.000900900900901,0.621196581197,37,37,37,1,0,0.72972972973,0.243243243243,0.027027027027,37,0.048048048048,1.31531531532,3.45945945946,6.4,2.46153846154,2.90205477583,0.838875208639,0.454391891892,3.10598569655,1.79564798082,0.779560810811,1.77402005263,1.02560534293,0.539695945946,0.555255174049,0.422146056983,2,1.35353535354,0.576985665257,2,0,0,0,0,0.158095731429,37,33,33,0.891891891892,0,0.621621621622,0.0810810810811,0.189189189189,37,204,0.153153153153,1.3374585973,11.027027027,20.4,6,7.99821676822,0.725328481432,0.33346581876,10.2078989612,1.85143265472,0.783253842077,3.15895219637,0.572947212088,0.291467938527,0.600733635492,0.449160547253,2.05249343832,1.3374585973,0.600733635492,2.05249343832,0.0879714189652,0.0498084291188,52,0.00669240669241,0.55272451828,37,37,37,1,0,0.72972972973,0.189189189189,0.0810810810811,-12,-0.00900900900901,0.0131342729768,-0.648648648649,-1.2,0,-0.200882281382,0.0230908313501,0.0234057586999,-0.121437667842,0.0820555469744,0.0179885768121,0.0721207256705,0.0441844138651,0.038715185774,0.0207885205573,0.0112428074044,0.0524934383202,0.0131342729768,0.0207885205573,0.0524934383202,0.0758012927951,0.043835732873,45,0.00579150579151,-0.0684720629165,0,-0.0540540540541,0.0540540540541,198,6,18,1110,0.916666666667,0.994623655914,0.00537634408602,0.0833333333333,0.970588235294,0.916666666667,0.942857142857,0.932708850169,0.911290322581,0.891891891892,140,152,0,0,0,0
1002,WLNM_dir_neg,0.989027873961,0.588127656516,00:00:02,10,30,12,1233300836,threshold_sweep,0.3,0.964028776978,0.881578947368,0.920962199313,134,5,18,299,0.881578947368,0.983552631579,0.0164473684211,0.118421052632,0.964028776978,0.881578947368,0.920962199313,0.949561403509,0.565058479532,0.884033613445,0.885938794373,0.865131578947,216,64,152,0,216,0,64,0,152,37,216,0.162162162162,1.32432432432,11.6756756757,21.6,6,8.1990990496,0.702237650082,0.31006006006,10.329336629,1.76937710775,0.765265265265,3.0868314707,0.528762798222,0.252752752753,0.579945114934,0.437917739848,2,1.32432432432,0.579945114934,2,0.0121701261701,0.00597269624573,7,0.000900900900901,0.621196581197,37,37,37,1,0,0.72972972973,0.243243243243,0.027027027027,37,0.048048048048,1.31531531532,3.45945945946,6.4,2.46153846154,2.90205477583,0.838875208639,0.454391891892,3.10598569655,1.79564798082,0.779560810811,1.77402005263,1.02560534293,0.539695945946,0.555255174049,0.422146056983,2,1.35353535354,0.576985665257,2,0,0,0,0,0.158095731429,37,33,33,0.891891891892,0,0.621621621622,0.0810810810811,0.189189189189,37,203,0.152402402402,1.33641909626,10.972972973,20.3,6.15151515152,7.88981934199,0.71902294496,0.331247503661,10.1505928169,1.85010805037,0.782319265078,3.20261717299,0.583728253206,0.296897883105,0.599379008052,0.448496291118,2.05249343832,1.33641909626,0.599379008052,2.05249343832,0.0526971588338,0.0262987012987,27,0.0034749034749,0.557809762254,37,37,37,1,0,0.72972972973,0.162162162162,0.108108108108,-13,-0.00975975975976,0.0120947719373,-0.702702702703,-1.3,0.151515151515,-0.309279707614,0.0167852948779,0.0211874436012,-0.178743812098,0.0807309426259,0.0170539998126,0.11578570229,0.0549654549834,0.044145130352,0.0194338931179,0.0105785512694,0.0524934383202,0.0120947719373,0.0194338931179,0.0524934383202,0.0405270326637,0.020326005053,20,0.002574002574,-0.0633868189424,0,-0.0810810810811,0.0810810810811,198,5,18,1111,0.916666666667,0.995519713262,0.00448028673835,0.0833333333333,0.975369458128,0.916666666667,0.945107398568,0.93550813061,0.912186379928,0.89592760181,139,152,0,0,0,0
1003,WLNM_dir_neg,0.989027873961,0.588127656516,00:00:02,10,30,12,1233300836,threshold_sweep,0.4,0.964028776978,0.881578947368,0.920962199313,134,5,18,299,0.881578947368,0.983552631579,0.0164473684211,0.118421052632,0.964028776978,0.881578947368,0.920962199313,0.949561403509,0.565058479532,0.884033613445,0.885938794373,0.865131578947,216,64,152,0,216,0,64,0,152,37,216,0.162162162162,1.32432432432,11.6756756757,21.6,6,8.1990990496,0.702237650082,0.31006006006,10.329336629,1.76937710775,0.765265265265,3.0868314707,0.528762798222,0.252752752753,0.579945114934,0.437917739848,2,1.32432432432,0.579945114934,2,0.0121701261701,0.00597269624573,7,0.000900900900901,0.621196581197,37,37,37,1,0,0.72972972973,0.243243243243,0.027027027027,37,0.048048048048,1.31531531532,3.45945945946,6.4,2.46153846154,2.90205477583,0.838875208639,0.454391891892,3.10598569655,1.79564798082,0.779560810811,1.77402005263,1.02560534293,0.539695945946,0.555255174049,0.422146056983,2,1.35353535354,0.576985665257,2,0,0,0,0,0.158095731429,37,33,33,0.891891891892,0,0.621621621622,0.0810810810811,0.189189189189,37,203,0.152402402402,1.33641909626,10.972972973,20.3,6.15151515152,7.88981934199,0.71902294496,0.331247503661,10.1505928169,1.85010805037,0.782319265078,3.20261717299,0.583728253206,0.296897883105,0.599379008052,0.448496291118,2.05249343832,1.33641909626,0.599379008052,2.05249343832,0.0526971588338,0.0262987012987,27,0.0034749034749,0.557809762254,37,37,37,1,0,0.72972972973,0.162162162162,0.108108108108,-13,-0.00975975975976,0.0120947719373,-0.702702702703,-1.3,0.151515151515,-0.309279707614,0.0167852948779,0.0211874436012,-0.178743812098,0.0807309426259,0.0170539998126,0.11578570229,0.0549654549834,0.044145130352,0.0194338931179,0.0105785512694,0.0524934383202,0.0120947719373,0.0194338931179,0.0524934383202,0.0405270326637,0.020326005053,20,0.002574002574,-0.0633868189424,0,-0.0810810810811,0.0810810810811,198,5,18,1111,0.916666666667,0.995519713262,0.00448028673835,0.0833333333333,0.975369458128,0.916666666667,0.945107398568,0.93550813061,0.912186379928,0.89592760181,139,152,0,0,0,0
1004,WLNM_dir_neg,0.989027873961,0.588127656516,00:00:02,10,30,12,1233300836,threshold_sweep,0.5,0.964028776978,0.881578947368,0.920962199313,134,5,18,299,0.881578947368,0.983552631579,0.0164473684211,0.118421052632,0.964028776978,0.881578947368,0.920962199313,0.949561403509,0.565058479532,0.884033613445,0.885938794373,0.865131578947,216,64,152,0,216,0,64,0,152,37,216,0.162162162162,1.32432432432,11.6756756757,21.6,6,8.1990990496,0.702237650082,0.31006006006,10.329336629,1.76937710775,0.765265265265,3.0868314707,0.528762798222,0.252752752753,0.579945114934,0.437917739848,2,1.32432432432,0.579945114934,2,0.0121701261701,0.00597269624573,7,0.000900900900901,0.621196581197,37,37,37,1,0,0.72972972973,0.243243243243,0.027027027027,37,0.048048048048,1.31531531532,3.45945945946,6.4,2.46153846154,2.90205477583,0.838875208639,0.454391891892,3.10598569655,1.79564798082,0.779560810811,1.77402005263,1.02560534293,0.539695945946,0.555255174049,0.422146056983,2,1.35353535354,0.576985665257,2,0,0,0,0,0.158095731429,37,33,33,0.891891891892,0,0.621621621622,0.0810810810811,0.189189189189,37,203,0.152402402402,1.33641909626,10.972972973,20.3,6.15151515152,7.88981934199,0.71902294496,0.331247503661,10.1505928169,1.85010805037,0.782319265078,3.20261717299,0.583728253206,0.296897883105,0.599379008052,0.448496291118,2.05249343832,1.33641909626,0.599379008052,2.05249343832,0.0526971588338,0.0262987012987,27,0.0034749034749,0.557809762254,37,37,37,1,0,0.72972972973,0.162162162162,0.108108108108,-13,-0.00975975975976,0.0120947719373,-0.702702702703,-1.3,0.151515151515,-0.309279707614,0.0167852948779,0.0211874436012,-0.178743812098,0.0807309426259,0.0170539998126,0.11578570229,0.0549654549834,0.044145130352,0.0194338931179,0.0105785512694,0.0524934383202,0.0120947719373,0.0194338931179,0.0524934383202,0.0405270326637,0.020326005053,20,0.002574002574,-0.0633868189424,0,-0.0810810810811,0.0810810810811,198,5,18,1111,0.916666666667,0.995519713262,0.00448028673835,0.0833333333333,0.975369458128,0.916666666667,0.945107398568,0.93550813061,0.912186379928,0.89592760181,139,152,0,0,0,0
1005,WLNM_dir_neg,0.989027873961,0.588127656516,00:00:02,10,30,12,1233300836,threshold_sweep,0.6,0.964028776978,0.881578947368,0.920962199313,134,5,18,299,0.881578947368,0.983552631579,0.0164473684211,0.118421052632,0.964028776978,0.881578947368,0.920962199313,0.949561403509,0.565058479532,0.884033613445,0.885938794373,0.865131578947,216,64,152,0,216,0,64,0,152,37,216,0.162162162162,1.32432432432,11.6756756757,21.6,6,8.1990990496,0.702237650082,0.31006006006,10.329336629,1.76937710775,0.765265265265,3.0868314707,0.528762798222,0.252752752753,0.579945114934,0.437917739848,2,1.32432432432,0.579945114934,2,0.0121701261701,0.00597269624573,7,0.000900900900901,0.621196581197,37,37,37,1,0,0.72972972973,0.243243243243,0.027027027027,37,0.048048048048,1.31531531532,3.45945945946,6.4,2.46153846154,2.90205477583,0.838875208639,0.454391891892,3.10598569655,1.79564798082,0.779560810811,1.77402005263,1.02560534293,0.539695945946,0.555255174049,0.422146056983,2,1.35353535354,0.576985665257,2,0,0,0,0,0.158095731429,37,33,33,0.891891891892,0,0.621621621622,0.0810810810811,0.189189189189,37,203,0.152402402402,1.33641909626,10.972972973,20.3,6.15151515152,7.88981934199,0.71902294496,0.331247503661,10.1505928169,1.85010805037,0.782319265078,3.20261717299,0.583728253206,0.296897883105,0.599379008052,0.448496291118,2.05249343832,1.33641909626,0.599379008052,2.05249343832,0.0526971588338,0.0262987012987,27,0.0034749034749,0.557809762254,37,37,37,1,0,0.72972972973,0.162162162162,0.108108108108,-13,-0.00975975975976,0.0120947719373,-0.702702702703,-1.3,0.151515151515,-0.309279707614,0.0167852948779,0.0211874436012,-0.178743812098,0.0807309426259,0.0170539998126,0.11578570229,0.0549654549834,0.044145130352,0.0194338931179,0.0105785512694,0.0524934383202,0.0120947719373,0.0194338931179,0.0524934383202,0.0405270326637,0.020326005053,20,0.002574002574,-0.0633868189424,0,-0.0810810810811,0.0810810810811,198,5,18,1111,0.916666666667,0.995519713262,0.00448028673835,0.0833333333333,0.975369458128,0.916666666667,0.945107398568,0.93550813061,0.912186379928,0.89592760181,139,152,0,0,0,0
1006,WLNM_dir_neg,0.989027873961,0.588127656516,00:00:02,10,30,12,1233300836,threshold_sweep,0.7,0.964028776978,0.881578947368,0.920962199313,134,5,18,299,0.881578947368,0.983552631579,0.0164473684211,0.118421052632,0.964028776978,0.881578947368,0.920962199313,0.949561403509,0.565058479532,0.884033613445,0.885938794373,0.865131578947,216,64,152,0,216,0,64,0,152,37,216,0.162162162162,1.32432432432,11.6756756757,21.6,6,8.1990990496,0.702237650082,0.31006006006,10.329336629,1.76937710775,0.765265265265,3.0868314707,0.528762798222,0.252752752753,0.579945114934,0.437917739848,2,1.32432432432,0.579945114934,2,0.0121701261701,0.00597269624573,7,0.000900900900901,0.621196581197,37,37,37,1,0,0.72972972973,0.243243243243,0.027027027027,37,0.048048048048,1.31531531532,3.45945945946,6.4,2.46153846154,2.90205477583,0.838875208639,0.454391891892,3.10598569655,1.79564798082,0.779560810811,1.77402005263,1.02560534293,0.539695945946,0.555255174049,0.422146056983,2,1.35353535354,0.576985665257,2,0,0,0,0,0.158095731429,37,33,33,0.891891891892,0,0.621621621622,0.0810810810811,0.189189189189,37,203,0.152402402402,1.33641909626,10.972972973,20.3,6.15151515152,7.88981934199,0.71902294496,0.331247503661,10.1505928169,1.85010805037,0.782319265078,3.20261717299,0.583728253206,0.296897883105,0.599379008052,0.448496291118,2.05249343832,1.33641909626,0.599379008052,2.05249343832,0.0526971588338,0.0262987012987,27,0.0034749034749,0.557809762254,37,37,37,1,0,0.72972972973,0.162162162162,0.108108108108,-13,-0.00975975975976,0.0120947719373,-0.702702702703,-1.3,0.151515151515,-0.309279707614,0.0167852948779,0.0211874436012,-0.178743812098,0.0807309426259,0.0170539998126,0.11578570229,0.0549654549834,0.044145130352,0.0194338931179,0.0105785512694,0.0524934383202,0.0120947719373,0.0194338931179,0.0524934383202,0.0405270326637,0.020326005053,20,0.002574002574,-0.0633868189424,0,-0.0810810810811,0.0810810810811,198,5,18,1111,0.916666666667,0.995519713262,0.00448028673835,0.0833333333333,0.975369458128,0.916666666667,0.945107398568,0.93550813061,0.912186379928,0.89592760181,139,152,0,0,0,0
1007,WLNM_dir_neg,0.989027873961,0.588127656516,00:00:02,10,30,12,1233300836,threshold_sweep,0.8,0.964028776978,0.881578947368,0.920962199313,134,5,18,299,0.881578947368,0.983552631579,0.0164473684211,0.118421052632,0.964028776978,0.881578947368,0.920962199313,0.949561403509,0.565058479532,0.884033613445,0.885938794373,0.865131578947,216,64,152,0,216,0,64,0,152,37,216,0.162162162162,1.32432432432,11.6756756757,21.6,6,8.1990990496,0.702237650082,0.31006006006,10.329336629,1.76937710775,0.765265265265,3.0868314707,0.528762798222,0.252752752753,0.579945114934,0.437917739848,2,1.32432432432,0.579945114934,2,0.0121701261701,0.00597269624573,7,0.000900900900901,0.621196581197,37,37,37,1,0,0.72972972973,0.243243243243,0.027027027027,37,0.048048048048,1.31531531532,3.45945945946,6.4,2.46153846154,2.90205477583,0.838875208639,0.454391891892,3.10598569655,1.79564798082,0.779560810811,1.77402005263,1.02560534293,0.539695945946,0.555255174049,0.422146056983,2,1.35353535354,0.576985665257,2,0,0,0,0,0.158095731429,37,33,33,0.891891891892,0,0.621621621622,0.0810810810811,0.189189189189,37,203,0.152402402402,1.33641909626,10.972972973,20.3,6.15151515152,7.88981934199,0.71902294496,0.331247503661,10.1505928169,1.85010805037,0.782319265078,3.20261717299,0.583728253206,0.296897883105,0.599379008052,0.448496291118,2.05249343832,1.33641909626,0.599379008052,2.05249343832,0.0526971588338,0.0262987012987,27,0.0034749034749,0.557809762254,37,37,37,1,0,0.72972972973,0.162162162162,0.108108108108,-13,-0.00975975975976,0.0120947719373,-0.702702702703,-1.3,0.151515151515,-0.309279707614,0.0167852948779,0.0211874436012,-0.178743812098,0.0807309426259,0.0170539998126,0.11578570229,0.0549654549834,0.044145130352,0.0194338931179,0.0105785512694,0.0524934383202,0.0120947719373,0.0194338931179,0.0524934383202,0.0405270326637,0.020326005053,20,0.002574002574,-0.0633868189424,0,-0.0810810810811,0.0810810810811,198,5,18,1111,0.916666666667,0.995519713262,0.00448028673835,0.0833333333333,0.975369458128,0.916666666667,0.945107398568,0.93550813061,0.912186379928,0.89592760181,139,152,0,0,0,0
1008,WLNM_dir_neg,0.989027873961,0.588127656516,00:00:02,10,30,12,1233300836,threshold_sweep,0.9,0.962962962963,0.855263157895,0.905923344948,130,5,22,299,0.855263157895,0.983552631579,0.0164473684211,0.144736842105,0.962962962963,0.855263157895,0.905923344948,0.940789473684,0.56798245614,0.862944162437,0.866175274064,0.838815789474,216,64,152,0,216,0,64,0,152,37,216,0.162162162162,1.32432432432,11.6756756757,21.6,6,8.1990990496,0.702237650082,0.31006006006,10.329336629,1.76937710775,0.765265265265,3.0868314707,0.528762798222,0.252752752753,0.579945114934,0.437917739848,2,1.32432432432,0.579945114934,2,0.0121701261701,0.00597269624573,7,0.000900900900901,0.621196581197,37,37,37,1,0,0.72972972973,0.243243243243,0.027027027027,37,0.048048048048,1.31531531532,3.45945945946,6.4,2.46153846154,2.90205477583,0.838875208639,0.454391891892,3.10598569655,1.79564798082,0.779560810811,1.77402005263,1.02560534293,0.539695945946,0.555255174049,0.422146056983,2,1.35353535354,0.576985665257,2,0,0,0,0,0.158095731429,37,33,33,0.891891891892,0,0.621621621622,0.0810810810811,0.189189189189,37,199,0.149399399399,1.33641909626,10.7567567568,19.9,6.21875,7.79389150199,0.724557752697,0.338720630178,9.94527065536,1.84912067462,0.782833084341,3.26897326177,0.607799048671,0.310742903708,0.599379008052,0.448496291118,2.05249343832,1.34576407116,0.605141433155,2.05249343832,0.044279933547,0.0242424242424,24,0.0030888030888,0.560828965273,37,36,36,0.972972972973,0,0.702702702703,0.162162162162,0.108108108108,-17,-0.0127627627628,0.0120947719373,-0.918918918919,-1.7,0.21875,-0.405207547618,0.0223201026154,0.0286605701179,-0.384065973638,0.0797435668698,0.0175678190754,0.182141791069,0.0790362504489,0.057990150955,0.0194338931179,0.0105785512694,0.0524934383202,0.0214397468334,0.0251963182208,0.0524934383202,0.0321098073769,0.0182697279967,17,0.0021879021879,-0.0603676159232,-0.027027027027,-0.0810810810811,0.0810810810811,194,5,22,1111,0.898148148148,0.995519713262,0.00448028673835,0.101851851852,0.974874371859,0.898148148148,0.934939759036,0.924046060018,0.89366786141,0.877828054299,135,152,0,0,0,0
1009,WLNM_dir_neg,0.991657288781,0.656986249355,00:00:02,10,30,13,1233300837,threshold_sweep,0.1,0.973154362416,0.953947368421,0.963455149502,145,4,7,300,0.953947368421,0.986842105263,0.0131578947368,0.0460526315789,0.973154362416,0.953947368421,0.963455149502,0.975877192982,0.557748538012,0.945454545455,0.945559175645,0.940789473684,216,64,152,0,216,0,64,0,152,37,216,0.162162162162,1.32432432432,11.6756756757,21.6,6,8.1990990496,0.702237650082,0.31006006006,10.329336629,1.76937710775,0.765265265265,3.0868314707,0.528762798222,0.252752752753,0.579945114934,0.437917739848,2,1.32432432432,0.579945114934,2,0.0121701261701,0.00597269624573,7,0.000900900900901,0.621196581197,37,37,37,1,0,0.72972972973,0.243243243243,0.027027027027,37,0.048048048048,1.33333333333,3.45945945946,6.4,2.20689655172,2.77483327422,0.802100243328,0.415118243243,3.23735702086,1.87159702768,0.795608108108,1.40729544889,0.813592681392,0.445945945946,0.60858061945,0.456435464588,2.33333333333,1.35238095238,0.620683036909,2.33333333333,0,0,0,0,0.107744853186,37,35,35,0.945945945946,0,0.675675675676,0.108108108108,0.162162162162,37,213,0.15990990991,1.33244228583,11.5135135135,21.3,5.75675675676,8.22469729812,0.714351643264,0.326481410988,10.5208929844,1.82757295973,0.77553609948,3.13940374209,0.545342434072,0.262149473417,0.591435393132,0.443873178914,2.02730587053,1.33244228583,0.591435393132,2.02730587053,0.050015117158,0.02394324564,27,0.0034749034749,0.582026181033,37,37,37,1,0,0.72972972973,0.27027027027,0,-3,-0.00225225225225,0.00811796150966,-0.162162162162,-0.3,-0.243243243243,0.0255982485121,0.0121139931818,0.0164213509284,0.1915563554,0.0581958519861,0.0102708342145,0.0525722713872,0.0165796358497,0.00939672066433,0.0114902781979,0.00595543906538,0.0273058705325,0.00811796150966,0.0114902781979,0.0273058705325,0.0378449909878,0.0179705493942,20,0.002574002574,-0.0391704001639,0,0.027027027027,-0.027027027027,209,4,7,1112,0.967592592593,0.996415770609,0.00358422939068,0.0324074074074,0.981220657277,0.967592592593,0.974358974359,0.969471238961,0.964008363202,0.95,149,152,0,0,0,0
1010,WLNM_dir_neg,0.991657288781,0.656986249355,00:00:02,10,30,13,1233300837,threshold_sweep,0.2,0.973154362416,0.953947368421,0.963455149502,145,4,7,300,0.953947368421,0.986842105263,0.0131578947368,0.0460526315789,0.973154362416,0.953947368421,0.963455149502,0.975877192982,0.557748538012,0.945454545455,0.945559175645,0.940789473684,216,64,152,0,216,0,64,0,152,37,216,0.162162162162,1.32432432432,11.6756756757,21.6,6,8.1990990496,0.702237650082,0.31006006006,10.329336629,1.76937710775,0.765265265265,3.0868314707,0.528762798222,0.252752752753,0.579945114934,0.437917739848,2,1.32432432432,0.579945114934,2,0.0121701261701,0.00597269624573,7,0.000900900900901,0.621196581197,37,37,37,1,0,0.72972972973,0.243243243243,0.027027027027,37,0.048048048048,1.33333333333,3.45945945946,6.4,2.20689655172,2.77483327422,0.802100243328,0.415118243243,3.23735702086,1.87159702768,0.795608108108,1.40729544889,0.813592681392,0.445945945946,0.60858061945,0.456435464588,2.33333333333,1.35238095238,0.620683036909,2.33333333333,0,0,0,0,0.107744853186,37,35,35,0.945945945946,0,0.675675675676,0.108108108108,0.162162162162,37,213,0.15990990991,1.33244228583,11.5135135135,21.3,5.75675675676,8.22469729812,0.714351643264,0.326481410988,10.5208929844,1.82757295973,0.77553609948,3.13940374209,0.545342434072,0.262149473417,0.591435393132,0.443873178914,2.02730587053,1.33244228583,0.591435393132,2.02730587053,0.050015117158,0.02394324564,27,0.0034749034749,0.582026181033,37,37,37,1,0,0.72972972973,0.27027027027,0,-3,-0.00225225225225,0.00811796150966,-0.162162162162,-0.3,-0.243243243243,0.0255982485121,0.0121139931818,0.0164213509284,0.1915563554,0.0581958519861,0.0102708342145,0.0525722713872,0.0165796358497,0.00939672066433,0.0114902781979,0.00595543906538,0.0273058705325,0.00811796150966,0.0114902781979,0.0273058705325,0.0378449909878,0.0179705493942,20,0.002574002574,-0.0391704001639,0,0.027027027027,-0.027027027027,209,4,7,1112,0.967592592593,0.996415770609,0.00358422939068,0.0324074074074,0.981220657277,0.967592592593,0.974358974359,0.969471238961,0.964008363202,0.95,149,152,0,0,0,0
1011,WLNM_dir_neg,0.991657288781,0.656986249355,00:00:02,10,30,13,1233300837,threshold_sweep,0.3,0.973154362416,0.953947368421,0.963455149502,145,4,7,300,0.953947368421,0.986842105263,0.0131578947368,0.0460526315789,0.973154362416,0.953947368421,0.963455149502,0.975877192982,0.557748538012,0.945454545455,0.945559175645,0.940789473684,216,64,152,0,216,0,64,0,152,37,216,0.162162162162,1.32432432432,11.6756756757,21.6,6,8.1990990496,0.702237650082,0.31006006006,10.329336629,1.76937710775,0.765265265265,3.0868314707,0.528762798222,0.252752752753,0.579945114934,0.437917739848,2,1.32432432432,0.579945114934,2,0.0121701261701,0.00597269624573,7,0.000900900900901,0.621196581197,37,37,37,1,0,0.72972972973,0.243243243243,0.027027027027,37,0.048048048048,1.33333333333,3.45945945946,6.4,2.20689655172,2.77483327422,0.802100243328,0.415118243243,3.23735702086,1.87159702768,0.795608108108,1.40729544889,0.813592681392,0.445945945946,0.60858061945,0.456435464588,2.33333333333,1.35238095238,0.620683036909,2.33333333333,0,0,0,0,0.107744853186,37,35,35,0.945945945946,0,0.675675675676,0.108108108108,0.162162162162,37,213,0.15990990991,1.33244228583,11.5135135135,21.3,5.75675675676,8.22469729812,0.714351643264,0.326481410988,10.5208929844,1.82757295973,0.77553609948,3.13940374209,0.545342434072,0.262149473417,0.591435393132,0.443873178914,2.02730587053,1.33244228583,0.591435393132,2.02730587053,0.050015117158,0.02394324564,27,0.0034749034749,0.582026181033,37,37,37,1,0,0.72972972973,0.27027027027,0,-3,-0.00225225225225,0.00811796150966,-0.162162162162,-0.3,-0.243243243243,0.0255982485121,0.0121139931818,0.0164213509284,0.1915563554,0.0581958519861,0.0102708342145,0.0525722713872,0.0165796358497,0.00939672066433,0.0114902781979,0.00595543906538,0.0273058705325,0.00811796150966,0.0114902781979,0.0273058705325,0.0378449909878,0.0179705493942,20,0.002574002574,-0.0391704001639,0,0.027027027027,-0.027027027027,209,4,7,1112,0.967592592593,0.996415770609,0.00358422939068,0.0324074074074,0.981220657277,0.967592592593,0.974358974359,0.969471238961,0.964008363202,0.95,149,152,0,0,0,0
1012,WLNM_dir_neg,0.991657288781,0.656986249355,00:00:02,10,30,13,1233300837,threshold_sweep,0.4,0.973154362416,0.953947368421,0.963455149502,145,4,7,300,0.953947368421,0.986842105263,0.0131578947368,0.0460526315789,0.973154362416,0.953947368421,0.963455149502,0.975877192982,0.557748538012,0.945454545455,0.945559175645,0.940789473684,216,64,152,0,216,0,64,0,152,37,216,0.162162162162,1.32432432432,11.6756756757,21.6,6,8.1990990496,0.702237650082,0.31006006006,10.329336629,1.76937710775,0.765265265265,3.0868314707,0.528762798222,0.252752752753,0.579945114934,0.437917739848,2,1.32432432432,0.579945114934,2,0.0121701261701,0.00597269624573,7,0.000900900900901,0.621196581197,37,37,37,1,0,0.72972972973,0.243243243243,0.027027027027,37,0.048048048048,1.33333333333,3.45945945946,6.4,2.20689655172,2.77483327422,0.802100243328,0.415118243243,3.23735702086,1.87159702768,0.795608108108,1.40729544889,0.813592681392,0.445945945946,0.60858061945,0.456435464588,2.33333333333,1.35238095238,0.620683036909,2.33333333333,0,0,0,0,0.107744853186,37,35,35,0.945945945946,0,0.675675675676,0.108108108108,0.162162162162,37,213,0.15990990991,1.33244228583,11.5135135135,21.3,5.75675675676,8.22469729812,0.714351643264,0.326481410988,10.5208929844,1.82757295973,0.77553609948,3.13940374209,0.545342434072,0.262149473417,0.591435393132,0.443873178914,2.02730587053,1.33244228583,0.591435393132,2.02730587053,0.050015117158,0.02394324564,27,0.0034749034749,0.582026181033,37,37,37,1,0,0.72972972973,0.27027027027,0,-3,-0.00225225225225,0.00811796150966,-0.162162162162,-0.3,-0.243243243243,0.0255982485121,0.0121139931818,0.0164213509284,0.1915563554,0.0581958519861,0.0102708342145,0.0525722713872,0.0165796358497,0.00939672066433,0.0114902781979,0.00595543906538,0.0273058705325,0.00811796150966,0.0114902781979,0.0273058705325,0.0378449909878,0.0179705493942,20,0.002574002574,-0.0391704001639,0,0.027027027027,-0.027027027027,209,4,7,1112,0.967592592593,0.996415770609,0.00358422939068,0.0324074074074,0.981220657277,0.967592592593,0.974358974359,0.969471238961,0.964008363202,0.95,149,152,0,0,0,0
1013,WLNM_dir_neg,0.991657288781,0.656986249355,00:00:02,10,30,13,1233300837,threshold_sweep,0.5,0.975903614458,0.532894736842,0.689361702128,81,2,71,302,0.532894736842,0.993421052632,0.00657894736842,0.467105263158,0.975903614458,0.532894736842,0.689361702128,0.839912280702,0.605994152047,0.593692022263,0.643000814024,0.526315789474,216,64,152,0,216,0,64,0,152,37,216,0.162162162162,1.32432432432,11.6756756757,21.6,6,8.1990990496,0.702237650082,0.31006006006,10.329336629,1.76937710775,0.765265265265,3.0868314707,0.528762798222,0.252752752753,0.579945114934,0.437917739848,2,1.32432432432,0.579945114934,2,0.0121701261701,0.00597269624573,7,0.000900900900901,0.621196581197,37,37,37,1,0,0.72972972973,0.243243243243,0.027027027027,37,0.048048048048,1.33333333333,3.45945945946,6.4,2.20689655172,2.77483327422,0.802100243328,0.415118243243,3.23735702086,1.87159702768,0.795608108108,1.40729544889,0.813592681392,0.445945945946,0.60858061945,0.456435464588,2.33333333333,1.35238095238,0.620683036909,2.33333333333,0,0,0,0,0.107744853186,37,35,35,0.945945945946,0,0.675675675676,0.108108108108,0.162162162162,37,147,0.11036036036,1.327813837,7.94594594595,14.7,3.97297297297,6.82701311762,0.859181922965,0.375988233131,8.08113883093,2.03402814112,0.817061959919,2.14069675166,0.53881482865,0.286817429675,0.584839310584,0.440452791112,2.01173745174,1.327813837,0.584839310584,2.01173745174,0.0543306851878,0.0164473684211,10,0.001287001287,0.27020008066,37,37,37,1,0,0.72972972973,0.27027027027,0,-69,-0.0518018018018,0.0034895126787,-3.72972972973,-6.9,-2.02702702703,-1.37208593199,0.156944272883,0.065928173071,-2.24819779807,0.264651033374,0.0517966946538,-0.946134719041,0.0100520304275,0.0340646769218,0.00489419565002,0.00253505126305,0.0117374517375,0.0034895126787,0.00489419565002,0.0117374517375,0.0421605590177,0.0104746721753,3,0.0003861003861,-0.350996500537,0,0.027027027027,-0.027027027027,145,2,71,1114,0.671296296296,0.998207885305,0.00179211469534,0.328703703704,0.986394557823,0.671296296296,0.798898071625,0.7875795379,0.669504181601,0.665137614679,83,152,0,0,0,0
1014,WLNM_dir_neg,0.991657288781,0.656986249355,00:00:02,10,30,13,1233300837,threshold_sweep,0.6,0.975903614458,0.532894736842,0.689361702128,81,2,71,302,0.532894736842,0.993421052632,0.00657894736842,0.467105263158,0.975903614458,0.532894736842,0.689361702128,0.839912280702,0.605994152047,0.593692022263,0.643000814024,0.526315789474,216,64,152,0,216,0,64,0,152,37,216,0.162162162162,1.32432432432,11.6756756757,21.6,6,8.1990990496,0.702237650082,0.31006006006,10.329336629,1.76937710775,0.765265265265,3.0868314707,0.528762798222,0.252752752753,0.579945114934,0.437917739848,2,1.32432432432,0.579945114934,2,0.0121701261701,0.00597269624573,7,0.000900900900901,0.621196581197,37,37,37,1,0,0.72972972973,0.243243243243,0.027027027027,37,0.048048048048,1.33333333333,3.45945945946,6.4,2.20689655172,2.77483327422,0.802100243328,0.415118243243,3.23735702086,1.87159702768,0.795608108108,1.40729544889,0.813592681392,0.445945945946,0.60858061945,0.456435464588,2.33333333333,1.35238095238,0.620683036909,2.33333333333,0,0,0,0,0.107744853186,37,35,35,0.945945945946,0,0.675675675676,0.108108108108,0.162162162162,37,147,0.11036036036,1.327813837,7.94594594595,14.7,3.97297297297,6.82701311762,0.859181922965,0.375988233131,8.08113883093,2.03402814112,0.817061959919,2.14069675166,0.53881482865,0.286817429675,0.584839310584,0.440452791112,2.01173745174,1.327813837,0.584839310584,2.01173745174,0.0543306851878,0.0164473684211,10,0.001287001287,0.27020008066,37,37,37,1,0,0.72972972973,0.27027027027,0,-69,-0.0518018018018,0.0034895126787,-3.72972972973,-6.9,-2.02702702703,-1.37208593199,0.156944272883,0.065928173071,-2.24819779807,0.264651033374,0.0517966946538,-0.946134719041,0.0100520304275,0.0340646769218,0.00489419565002,0.00253505126305,0.0117374517375,0.0034895126787,0.00489419565002,0.0117374517375,0.0421605590177,0.0104746721753,3,0.0003861003861,-0.350996500537,0,0.027027027027,-0.027027027027,145,2,71,1114,0.671296296296,0.998207885305,0.00179211469534,0.328703703704,0.986394557823,0.671296296296,0.798898071625,0.7875795379,0.669504181601,0.665137614679,83,152,0,0,0,0
1015,WLNM_dir_neg,0.991657288781,0.656986249355,00:00:02,10,30,13,1233300837,threshold_sweep,0.7,0.975903614458,0.532894736842,0.689361702128,81,2,71,302,0.532894736842,0.993421052632,0.00657894736842,0.467105263158,0.975903614458,0.532894736842,0.689361702128,0.839912280702,0.605994152047,0.593692022263,0.643000814024,0.526315789474,216,64,152,0,216,0,64,0,152,37,216,0.162162162162,1.32432432432,11.6756756757,21.6,6,8.1990990496,0.702237650082,0.31006006006,10.329336629,1.76937710775,0.765265265265,3.0868314707,0.528762798222,0.252752752753,0.579945114934,0.437917739848,2,1.32432432432,0.579945114934,2,0.0121701261701,0.00597269624573,7,0.000900900900901,0.621196581197,37,37,37,1,0,0.72972972973,0.243243243243,0.027027027027,37,0.048048048048,1.33333333333,3.45945945946,6.4,2.20689655172,2.77483327422,0.802100243328,0.415118243243,3.23735702086,1.87159702768,0.795608108108,1.40729544889,0.813592681392,0.445945945946,0.60858061945,0.456435464588,2.33333333333,1.35238095238,0.620683036909,2.33333333333,0,0,0,0,0.107744853186,37,35,35,0.945945945946,0,0.675675675676,0.108108108108,0.162162162162,37,147,0.11036036036,1.327813837,7.94594594595,14.7,3.97297297297,6.82701311762,0.859181922965,0.375988233131,8.08113883093,2.03402814112,0.817061959919,2.14069675166,0.53881482865,0.286817429675,0.584839310584,0.440452791112,2.01173745174,1.327813837,0.584839310584,2.01173745174,0.0543306851878,0.0164473684211,10,0.001287001287,0.27020008066,37,37,37,1,0,0.72972972973,0.27027027027,0,-69,-0.0518018018018,0.0034895126787,-3.72972972973,-6.9,-2.02702702703,-1.37208593199,0.156944272883,0.065928173071,-2.24819779807,0.264651033374,0.0517966946538,-0.946134719041,0.0100520304275,0.0340646769218,0.00489419565002,0.00253505126305,0.0117374517375,0.0034895126787,0.00489419565002,0.0117374517375,0.0421605590177,0.0104746721753,3,0.0003861003861,-0.350996500537,0,0.027027027027,-0.027027027027,145,2,71,1114,0.671296296296,0.998207885305,0.00179211469534,0.328703703704,0.986394557823,0.671296296296,0.798898071625,0.7875795379,0.669504181601,0.665137614679,83,152,0,0,0,0
1016,WLNM_dir_neg,0.991657288781,0.656986249355,00:00:02,10,30,13,1233300837,threshold_sweep,0.8,0.975903614458,0.532894736842,0.689361702128,81,2,71,302,0.532894736842,0.993421052632,0.00657894736842,0.467105263158,0.975903614458,0.532894736842,0.689361702128,0.839912280702,0.605994152047,0.593692022263,0.643000814024,0.526315789474,216,64,152,0,216,0,64,0,152,37,216,0.162162162162,1.32432432432,11.6756756757,21.6,6,8.1990990496,0.702237650082,0.31006006006,10.329336629,1.76937710775,0.765265265265,3.0868314707,0.528762798222,0.252752752753,0.579945114934,0.437917739848,2,1.32432432432,0.579945114934,2,0.0121701261701,0.00597269624573,7,0.000900900900901,0.621196581197,37,37,37,1,0,0.72972972973,0.243243243243,0.027027027027,37,0.048048048048,1.33333333333,3.45945945946,6.4,2.20689655172,2.77483327422,0.802100243328,0.415118243243,3.23735702086,1.87159702768,0.795608108108,1.40729544889,0.813592681392,0.445945945946,0.60858061945,0.456435464588,2.33333333333,1.35238095238,0.620683036909,2.33333333333,0,0,0,0,0.107744853186,37,35,35,0.945945945946,0,0.675675675676,0.108108108108,0.162162162162,37,147,0.11036036036,1.327813837,7.94594594595,14.7,3.97297297297,6.82701311762,0.859181922965,0.375988233131,8.08113883093,2.03402814112,0.817061959919,2.14069675166,0.53881482865,0.286817429675,0.584839310584,0.440452791112,2.01173745174,1.327813837,0.584839310584,2.01173745174,0.0543306851878,0.0164473684211,10,0.001287001287,0.27020008066,37,37,37,1,0,0.72972972973,0.27027027027,0,-69,-0.0518018018018,0.0034895126787,-3.72972972973,-6.9,-2.02702702703,-1.37208593199,0.156944272883,0.065928173071,-2.24819779807,0.264651033374,0.0517966946538,-0.946134719041,0.0100520304275,0.0340646769218,0.00489419565002,0.00253505126305,0.0117374517375,0.0034895126787,0.00489419565002,0.0117374517375,0.0421605590177,0.0104746721753,3,0.0003861003861,-0.350996500537,0,0.027027027027,-0.027027027027,145,2,71,1114,0.671296296296,0.998207885305,0.00179211469534,0.328703703704,0.986394557823,0.671296296296,0.798898071625,0.7875795379,0.669504181601,0.665137614679,83,152,0,0,0,0
1017,WLNM_dir_neg,0.991657288781,0.656986249355,00:00:02,10,30,13,1233300837,threshold_sweep,0.9,0.975609756098,0.526315789474,0.683760683761,80,2,72,302,0.526315789474,0.993421052632,0.00657894736842,0.473684210526,0.975609756098,0.526315789474,0.683760683761,0.837719298246,0.606725146199,0.587360594796,0.637968685205,0.519736842105,216,64,152,0,216,0,64,0,152,37,216,0.162162162162,1.32432432432,11.6756756757,21.6,6,8.1990990496,0.702237650082,0.31006006006,10.329336629,1.76937710775,0.765265265265,3.0868314707,0.528762798222,0.252752752753,0.579945114934,0.437917739848,2,1.32432432432,0.579945114934,2,0.0121701261701,0.00597269624573,7,0.000900900900901,0.621196581197,37,37,37,1,0,0.72972972973,0.243243243243,0.027027027027,37,0.048048048048,1.33333333333,3.45945945946,6.4,2.20689655172,2.77483327422,0.802100243328,0.415118243243,3.23735702086,1.87159702768,0.795608108108,1.40729544889,0.813592681392,0.445945945946,0.60858061945,0.456435464588,2.33333333333,1.35238095238,0.620683036909,2.33333333333,0,0,0,0,0.107744853186,37,35,35,0.945945945946,0,0.675675675676,0.108108108108,0.162162162162,37,146,0.10960960961,1.327813837,7.89189189189,14.6,3.94594594595,6.77734700546,0.858773421925,0.378378378378,8.0067539058,2.02910886654,0.816364309515,2.17237639907,0.550533744969,0.291743798593,0.584839310584,0.440452791112,2.01173745174,1.327813837,0.584839310584,2.01173745174,0.0559286465169,0.016694490818,10,0.001287001287,0.272153863503,37,37,37,1,0,0.72972972973,0.27027027027,0,-70,-0.0525525525526,0.0034895126787,-3.78378378378,-7,-2.05405405405,-1.42175204414,0.156535771843,0.0683183183183,-2.3225827232,0.259731758794,0.0510990442497,-0.914455071638,0.0217709467464,0.0389910458404,0.00489419565002,0.00253505126305,0.0117374517375,0.0034895126787,0.00489419565002,0.0117374517375,0.0437585203468,0.0107217945723,3,0.0003861003861,-0.349042717694,0,0.027027027027,-0.027027027027,144,2,72,1114,0.666666666667,0.998207885305,0.00179211469534,0.333333333333,0.986301369863,0.666666666667,0.795580110497,0.784476451009,0.664874551971,0.660550458716,82,152,0,0,0,0
1018,WLNM_dir_neg,0.973121537396,0.947797825661,00:00:03,10,30,14,1233300838,threshold_sweep,0.1,0.958904109589,0.460526315789,0.622222222222,70,3,82,301,0.460526315789,0.990131578947,0.00986842105263,0.539473684211,0.958904109589,0.460526315789,0.622222222222,0.813596491228,0.613304093567,0.517958412098,0.579354990498,0.450657894737,216,64,152,0,216,0,64,0,152,37,216,0.162162162162,1.32432432432,11.6756756757,21.6,6,8.1990990496,0.702237650082,0.31006006006,10.329336629,1.76937710775,0.765265265265,3.0868314707,0.528762798222,0.252752752753,0.579945114934,0.437917739848,2,1.32432432432,0.579945114934,2,0.0121701261701,0.00597269624573,7,0.000900900900901,0.621196581197,37,37,37,1,0,0.72972972973,0.243243243243,0.027027027027,37,0.048048048048,1.32432432432,3.45945945946,6.4,2.13333333333,2.5883778124,0.748202961395,0.386402027027,3.10598569655,1.79564798082,0.778716216216,1.34677905159,0.778606639203,0.412162162162,0.579945114934,0.437917739848,2,1.33333333333,0.585540043769,2,0,0,0,0,0.101701261701,37,36,36,0.972972972973,0,0.702702702703,0.108108108108,0.162162162162,37,137,0.102852852853,1.32736582737,7.40540540541,13.7,4.41935483871,6.52541807711,0.881169594354,0.368119944762,7.77411968887,2.09957976999,0.826198461235,2.2093848423,0.596695176387,0.313671335569,0.583733368575,0.439768266246,2,1.33645932257,0.589349810182,2,0.097026613598,0.0474452554745,26,0.0033462033462,0.252947817984,37,36,36,0.972972972973,0,0.702702702703,0.135135135135,0.135135135135,-79,-0.0593093093093,0.0030415030415,-4.27027027027,-7.9,-1.58064516129,-1.67368097249,0.178931944272,0.0580598847022,-2.55521694013,0.330202662243,0.0609331959697,-0.877446628405,0.0679323781649,0.0609185828164,0.00378825364058,0.00185052639766,0,0.0121349982461,0.00940469524763,0,0.0848564874279,0.0414725592287,19,0.0024453024453,-0.368248763213,-0.027027027027,-0.108108108108,0.108108108108,134,3,82,1113,0.62037037037,0.997311827957,0.00268817204301,0.37962962963,0.978102189781,0.62037037037,0.759206798867,0.749514124966,0.617682198327,0.611872146119,73,152,0,0,0,0
1019,WLNM_dir_neg,0.973121537396,0.947797825661,00:00:03,10,30,14,1233300838,threshold_sweep,0.2,0.958904109589,0.460526315789,0.622222222222,70,3,82,301,0.460526315789,0.990131578947,0.00986842105263,0.539473684211,0.958904109589,0.460526315789,0.622222222222,0.813596491228,0.613304093567,0.517958412098,0.579354990498,0.450657894737,216,64,152,0,216,0,64,0,152,37,216,0.162162162162,1.32432432432,11.6756756757,21.6,6,8.1990990496,0.702237650082,0.31006006006,10.329336629,1.76937710775,0.765265265265,3.0868314707,0.528762798222,0.252752752753,0.579945114934,0.437917739848,2,1.32432432432,0.579945114934,2,0.0121701261701,0.00597269624573,7,0.000900900900901,0.621196581197,37,37,37,1,0,0.72972972973,0.243243243243,0.027027027027,37,0.048048048048,1.32432432432,3.45945945946,6.4,2.13333333333,2.5883778124,0.748202961395,0.386402027027,3.10598569655,1.79564798082,0.778716216216,1.34677905159,0.778606639203,0.412162162162,0.579945114934,0.437917739848,2,1.33333333333,0.585540043769,2,0,0,0,0,0.101701261701,37,36,36,0.972972972973,0,0.702702702703,0.108108108108,0.162162162162,37,137,0.102852852853,1.32736582737,7.40540540541,13.7,4.41935483871,6.52541807711,0.881169594354,0.368119944762,7.77411968887,2.09957976999,0.826198461235,2.2093848423,0.596695176387,0.313671335569,0.583733368575,0.439768266246,2,1.33645932257,0.589349810182,2,0.097026613598,0.0474452554745,26,0.0033462033462,0.252947817984,37,36,36,0.972972972973,0,0.702702702703,0.135135135135,0.135135135135,-79,-0.0593093093093,0.0030415030415,-4.27027027027,-7.9,-1.58064516129,-1.67368097249,0.178931944272,0.0580598847022,-2.55521694013,0.330202662243,0.0609331959697,-0.877446628405,0.0679323781649,0.0609185828164,0.00378825364058,0.00185052639766,0,0.0121349982461,0.00940469524763,0,0.0848564874279,0.0414725592287,19,0.0024453024453,-0.368248763213,-0.027027027027,-0.108108108108,0.108108108108,134,3,82,1113,0.62037037037,0.997311827957,0.00268817204301,0.37962962963,0.978102189781,0.62037037037,0.759206798867,0.749514124966,0.617682198327,0.611872146119,73,152,0,0,0,0
1020,WLNM_dir_neg,0.973121537396,0.947797825661,00:00:03,10,30,14,1233300838,threshold_sweep,0.3,0.972222222222,0.460526315789,0.625,70,2,82,302,0.460526315789,0.993421052632,0.00657894736842,0.539473684211,0.972222222222,0.460526315789,0.625,0.815789473684,0.614035087719,0.522727272727,0.586856917542,0.453947368421,216,64,152,0,216,0,64,0,152,37,216,0.162162162162,1.32432432432,11.6756756757,21.6,6,8.1990990496,0.702237650082,0.31006006006,10.329336629,1.76937710775,0.765265265265,3.0868314707,0.528762798222,0.252752752753,0.579945114934,0.437917739848,2,1.32432432432,0.579945114934,2,0.0121701261701,0.00597269624573,7,0.000900900900901,0.621196581197,37,37,37,1,0,0.72972972973,0.243243243243,0.027027027027,37,0.048048048048,1.32432432432,3.45945945946,6.4,2.13333333333,2.5883778124,0.748202961395,0.386402027027,3.10598569655,1.79564798082,0.778716216216,1.34677905159,0.778606639203,0.412162162162,0.579945114934,0.437917739848,2,1.33333333333,0.585540043769,2,0,0,0,0,0.101701261701,37,36,36,0.972972972973,0,0.702702702703,0.108108108108,0.162162162162,37,136,0.102102102102,1.3264033264,7.35135135135,13.6,4.53333333333,6.43866884196,0.87584833512,0.365063593005,7.69218237366,2.09272608695,0.825119236884,2.24912395358,0.611894016782,0.320747217806,0.582495991133,0.439154501152,2,1.33547008547,0.588104906018,2,0.068717758432,0.0335403726708,18,0.0023166023166,0.256261632803,37,36,36,0.972972972973,0,0.702702702703,0.108108108108,0.162162162162,-80,-0.0600600600601,0.002079002079,-4.32432432432,-8,-1.46666666667,-1.76043020764,0.173610685038,0.0550035329447,-2.63715425534,0.323348979207,0.0598539716187,-0.837707517126,0.0831312185598,0.0679944650533,0.0025508761987,0.00123676130365,0,0.0111457611458,0.00815979108382,0,0.0565476322619,0.0275676764251,11,0.0014157014157,-0.364934948394,-0.027027027027,-0.135135135135,0.135135135135,134,2,82,1114,0.62037037037,0.998207885305,0.00179211469534,0.37962962963,0.985294117647,0.62037037037,0.761363636364,0.753040923769,0.618578255675,0.614678899083,72,152,0,0,0,0
1021,WLNM_dir_neg,0.973121537396,0.947797825661,00:00:03,10,30,14,1233300838,threshold_sweep,0.4,0.972222222222,0.460526315789,0.625,70,2,82,302,0.460526315789,0.993421052632,0.00657894736842,0.539473684211,0.972222222222,0.460526315789,0.625,0.815789473684,0.614035087719,0.522727272727,0.586856917542,0.453947368421,216,64,152,0,216,0,64,0,152,37,216,0.162162162162,1.32432432432,11.6756756757,21.6,6,8.1990990496,0.702237650082,0.31006006006,10.329336629,1.76937710775,0.765265265265,3.0868314707,0.528762798222,0.252752752753,0.579945114934,0.437917739848,2,1.32432432432,0.579945114934,2,0.0121701261701,0.00597269624573,7,0.000900900900901,0.621196581197,37,37,37,1,0,0.72972972973,0.243243243243,0.027027027027,37,0.048048048048,1.32432432432,3.45945945946,6.4,2.13333333333,2.5883778124,0.748202961395,0.386402027027,3.10598569655,1.79564798082,0.778716216216,1.34677905159,0.778606639203,0.412162162162,0.579945114934,0.437917739848,2,1.33333333333,0.585540043769,2,0,0,0,0,0.101701261701,37,36,36,0.972972972973,0,0.702702702703,0.108108108108,0.162162162162,37,136,0.102102102102,1.3264033264,7.35135135135,13.6,4.53333333333,6.43866884196,0.87584833512,0.365063593005,7.69218237366,2.09272608695,0.825119236884,2.24912395358,0.611894016782,0.320747217806,0.582495991133,0.439154501152,2,1.33547008547,0.588104906018,2,0.068717758432,0.0335403726708,18,0.0023166023166,0.256261632803,37,36,36,0.972972972973,0,0.702702702703,0.108108108108,0.162162162162,-80,-0.0600600600601,0.002079002079,-4.32432432432,-8,-1.46666666667,-1.76043020764,0.173610685038,0.0550035329447,-2.63715425534,0.323348979207,0.0598539716187,-0.837707517126,0.0831312185598,0.0679944650533,0.0025508761987,0.00123676130365,0,0.0111457611458,0.00815979108382,0,0.0565476322619,0.0275676764251,11,0.0014157014157,-0.364934948394,-0.027027027027,-0.135135135135,0.135135135135,134,2,82,1114,0.62037037037,0.998207885305,0.00179211469534,0.37962962963,0.985294117647,0.62037037037,0.761363636364,0.753040923769,0.618578255675,0.614678899083,72,152,0,0,0,0
1022,WLNM_dir_neg,0.973121537396,0.947797825661,00:00:03,10,30,14,1233300838,threshold_sweep,0.5,0.972222222222,0.460526315789,0.625,70,2,82,302,0.460526315789,0.993421052632,0.00657894736842,0.539473684211,0.972222222222,0.460526315789,0.625,0.815789473684,0.614035087719,0.522727272727,0.586856917542,0.453947368421,216,64,152,0,216,0,64,0,152,37,216,0.162162162162,1.32432432432,11.6756756757,21.6,6,8.1990990496,0.702237650082,0.31006006006,10.329336629,1.76937710775,0.765265265265,3.0868314707,0.528762798222,0.252752752753,0.579945114934,0.437917739848,2,1.32432432432,0.579945114934,2,0.0121701261701,0.00597269624573,7,0.000900900900901,0.621196581197,37,37,37,1,0,0.72972972973,0.243243243243,0.027027027027,37,0.048048048048,1.32432432432,3.45945945946,6.4,2.13333333333,2.5883778124,0.748202961395,0.386402027027,3.10598569655,1.79564798082,0.778716216216,1.34677905159,0.778606639203,0.412162162162,0.579945114934,0.437917739848,2,1.33333333333,0.585540043769,2,0,0,0,0,0.101701261701,37,36,36,0.972972972973,0,0.702702702703,0.108108108108,0.162162162162,37,136,0.102102102102,1.3264033264,7.35135135135,13.6,4.53333333333,6.43866884196,0.87584833512,0.365063593005,7.69218237366,2.09272608695,0.825119236884,2.24912395358,0.611894016782,0.320747217806,0.582495991133,0.439154501152,2,1.33547008547,0.588104906018,2,0.068717758432,0.0335403726708,18,0.0023166023166,0.256261632803,37,36,36,0.972972972973,0,0.702702702703,0.108108108108,0.162162162162,-80,-0.0600600600601,0.002079002079,-4.32432432432,-8,-1.46666666667,-1.76043020764,0.173610685038,0.0550035329447,-2.63715425534,0.323348979207,0.0598539716187,-0.837707517126,0.0831312185598,0.0679944650533,0.0025508761987,0.00123676130365,0,0.0111457611458,0.00815979108382,0,0.0565476322619,0.0275676764251,11,0.0014157014157,-0.364934948394,-0.027027027027,-0.135135135135,0.135135135135,134,2,82,1114,0.62037037037,0.998207885305,0.00179211469534,0.37962962963,0.985294117647,0.62037037037,0.761363636364,0.753040923769,0.618578255675,0.614678899083,72,152,0,0,0,0
1023,WLNM_dir_neg,0.973121537396,0.947797825661,00:00:03,10,30,14,1233300838,threshold_sweep,0.6,0.985714285714,0.453947368421,0.621621621622,69,1,83,303,0.453947368421,0.996710526316,0.00328947368421,0.546052631579,0.985714285714,0.453947368421,0.621621621622,0.815789473684,0.615497076023,0.520912547529,0.58933589944,0.450657894737,216,64,152,0,216,0,64,0,152,37,216,0.162162162162,1.32432432432,11.6756756757,21.6,6,8.1990990496,0.702237650082,0.31006006006,10.329336629,1.76937710775,0.765265265265,3.0868314707,0.528762798222,0.252752752753,0.579945114934,0.437917739848,2,1.32432432432,0.579945114934,2,0.0121701261701,0.00597269624573,7,0.000900900900901,0.621196581197,37,37,37,1,0,0.72972972973,0.243243243243,0.027027027027,37,0.048048048048,1.32432432432,3.45945945946,6.4,2.13333333333,2.5883778124,0.748202961395,0.386402027027,3.10598569655,1.79564798082,0.778716216216,1.34677905159,0.778606639203,0.412162162162,0.579945114934,0.437917739848,2,1.33333333333,0.585540043769,2,0,0,0,0,0.101701261701,37,36,36,0.972972972973,0,0.702702702703,0.108108108108,0.162162162162,37,134,0.100600600601,1.32536382536,7.24324324324,13.4,4.46666666667,6.29552488945,0.869158286976,0.360427591771,7.5548047675,2.08602818207,0.824526018556,2.22799550358,0.615192788301,0.323114158935,0.581222907833,0.438538382223,2,1.3344017094,0.586824876526,2,0.048731839589,0.0193548387097,10,0.001287001287,0.252199379079,37,36,36,0.972972972973,0,0.702702702703,0.108108108108,0.162162162162,-82,-0.0615615615616,0.0010395010395,-4.43243243243,-8.2,-1.53333333333,-1.90357416016,0.166920636894,0.0503675317108,-2.7745318615,0.316651074326,0.0592607532906,-0.858835967126,0.086429990079,0.0703614061823,0.00127779289807,0.00062064237498,0,0.0100773850774,0.00687976159141,0,0.0365617134189,0.0133821424639,3,0.0003861003861,-0.368997202118,-0.027027027027,-0.135135135135,0.135135135135,133,1,83,1115,0.615740740741,0.999103942652,0.00089605734767,0.384259259259,0.992537313433,0.615740740741,0.76,0.753431175828,0.614844683393,0.612903225806,70,152,0,0,0,0
1024,WLNM_dir_neg,0.973121537396,0.947797825661,00:00:03,10,30,14,1233300838,threshold_sweep,0.7,0.985714285714,0.453947368421,0.621621621622,69,1,83,303,0.453947368421,0.996710526316,0.00328947368421,0.546052631579,0.985714285714,0.453947368421,0.621621621622,0.815789473684,0.615497076023,0.520912547529,0.58933589944,0.450657894737,216,64,152,0,216,0,64,0,152,37,216,0.162162162162,1.32432432432,11.6756756757,21.6,6,8.1990990496,0.702237650082,0.31006006006,10.329336629,1.76937710775,0.765265265265,3.0868314707,0.528762798222,0.252752752753,0.579945114934,0.437917739848,2,1.32432432432,0.579945114934,2,0.0121701261701,0.00597269624573,7,0.000900900900901,0.621196581197,37,37,37,1,0,0.72972972973,0.243243243243,0.027027027027,37,0.048048048048,1.32432432432,3.45945945946,6.4,2.13333333333,2.5883778124,0.748202961395,0.386402027027,3.10598569655,1.79564798082,0.778716216216,1.34677905159,0.778606639203,0.412162162162,0.579945114934,0.437917739848,2,1.33333333333,0.585540043769,2,0,0,0,0,0.101701261701,37,36,36,0.972972972973,0,0.702702702703,0.108108108108,0.162162162162,37,134,0.100600600601,1.32536382536,7.24324324324,13.4,4.46666666667,6.29552488945,0.869158286976,0.360427591771,7.5548047675,2.08602818207,0.824526018556,2.22799550358,0.615192788301,0.323114158935,0.581222907833,0.438538382223,2,1.3344017094,0.586824876526,2,0.048731839589,0.0193548387097,10,0.001287001287,0.252199379079,37,36,36,0.972972972973,0,0.702702702703,0.108108108108,0.162162162162,-82,-0.0615615615616,0.0010395010395,-4.43243243243,-8.2,-1.53333333333,-1.90357416016,0.166920636894,0.0503675317108,-2.7745318615,0.316651074326,0.0592607532906,-0.858835967126,0.086429990079,0.0703614061823,0.00127779289807,0.00062064237498,0,0.0100773850774,0.00687976159141,0,0.0365617134189,0.0133821424639,3,0.0003861003861,-0.368997202118,-0.027027027027,-0.135135135135,0.135135135135,133,1,83,1115,0.615740740741,0.999103942652,0.00089605734767,0.384259259259,0.992537313433,0.615740740741,0.76,0.753431175828,0.614844683393,0.612903225806,70,152,0,0,0,0
1025,WLNM_dir_neg,0.973121537396,0.947797825661,00:00:03,10,30,14,1233300838,threshold_sweep,0.8,0.985507246377,0.447368421053,0.615384615385,68,1,84,303,0.447368421053,0.996710526316,0.00328947368421,0.552631578947,0.985507246377,0.447368421053,0.615384615385,0.813596491228,0.616228070175,0.514285714286,0.584169317672,0.444078947368,216,64,152,0,216,0,64,0,152,37,216,0.162162162162,1.32432432432,11.6756756757,21.6,6,8.1990990496,0.702237650082,0.31006006006,10.329336629,1.76937710775,0.765265265265,3.0868314707,0.528762798222,0.252752752753,0.579945114934,0.437917739848,2,1.32432432432,0.579945114934,2,0.0121701261701,0.00597269624573,7,0.000900900900901,0.621196581197,37,37,37,1,0,0.72972972973,0.243243243243,0.027027027027,37,0.048048048048,1.32432432432,3.45945945946,6.4,2.13333333333,2.5883778124,0.748202961395,0.386402027027,3.10598569655,1.79564798082,0.778716216216,1.34677905159,0.778606639203,0.412162162162,0.579945114934,0.437917739848,2,1.33333333333,0.585540043769,2,0,0,0,0,0.101701261701,37,36,36,0.972972972973,0,0.702702702703,0.108108108108,0.162162162162,37,133,0.0998498498498,1.32536382536,7.18918918919,13.3,4.43333333333,6.25316736559,0.869801475665,0.358870148344,7.49984984835,2.0864243939,0.824629140419,2.20428193724,0.613221290812,0.319853688275,0.581222907833,0.438538382223,2,1.3344017094,0.586824876526,2,0.0496842205414,0.0196463654224,10,0.001287001287,0.248071616342,37,36,36,0.972972972973,0,0.702702702703,0.108108108108,0.162162162162,-83,-0.0623123123123,0.0010395010395,-4.48648648649,-8.3,-1.56666666667,-1.94593168401,0.167563825583,0.0488100882838,-2.82948678065,0.317047286156,0.0593638751533,-0.88254953346,0.0844584925897,0.067100935522,0.00127779289807,0.00062064237498,0,0.0100773850774,0.00687976159141,0,0.0375140943712,0.0136736691767,3,0.0003861003861,-0.373124964854,-0.027027027027,-0.135135135135,0.135135135135,132,1,84,1115,0.611111111111,0.999103942652,0.00089605734767,0.388888888889,0.992481203008,0.611111111111,0.756446991404,0.750250818942,0.610215053763,0.608294930876,69,152,0,0,0,0
1026,WLNM_dir_neg,0.973121537396,0.947797825661,00:00:03,10,30,14,1233300838,threshold_sweep,0.9,1,0.434210526316,0.605504587156,66,0,86,304,0.434210526316,1,0,0.565789473684,1,0.434210526316,0.605504587156,0.811403508772,0.618421052632,0.505747126437,0.581774473883,0.434210526316,216,64,152,0,216,0,64,0,152,37,216,0.162162162162,1.32432432432,11.6756756757,21.6,6,8.1990990496,0.702237650082,0.31006006006,10.329336629,1.76937710775,0.765265265265,3.0868314707,0.528762798222,0.252752752753,0.579945114934,0.437917739848,2,1.32432432432,0.579945114934,2,0.0121701261701,0.00597269624573,7,0.000900900900901,0.621196581197,37,37,37,1,0,0.72972972973,0.243243243243,0.027027027027,37,0.048048048048,1.32432432432,3.45945945946,6.4,2.13333333333,2.5883778124,0.748202961395,0.386402027027,3.10598569655,1.79564798082,0.778716216216,1.34677905159,0.778606639203,0.412162162162,0.579945114934,0.437917739848,2,1.33333333333,0.585540043769,2,0,0,0,0,0.101701261701,37,36,36,0.972972972973,0,0.702702702703,0.108108108108,0.162162162162,37,130,0.0975975975976,1.32432432432,7.02702702703,13,4.33333333333,6.08954699322,0.866589379804,0.35841995842,7.3167297705,2.08245385776,0.823700623701,2.19369831844,0.624360290632,0.330561330561,0.579945114934,0.437917739848,2,1.33333333333,0.585540043769,2,0.0254847374847,0.00413507925569,2,0.0002574002574,0.243844568687,37,36,36,0.972972972973,0,0.702702702703,0.108108108108,0.162162162162,-86,-0.0645645645646,0,-4.64864864865,-8.6,-1.66666666667,-2.10955205639,0.164351729722,0.0483598983599,-3.0126068585,0.313076750013,0.0584353584354,-0.893133152267,0.0955974924096,0.0778085778086,0,0,0,0.00900900900901,0.00559492883467,0,0.0133146113146,-0.00183761699005,-5,-0.000643500643501,-0.37735201251,-0.027027027027,-0.135135135135,0.135135135135,130,0,86,1116,0.601851851852,1,0,0.398148148148,1,0.601851851852,0.751445086705,0.747523179606,0.601851851852,0.601851851852,66,152,0,0,0,0
1027,WLNM_dir_neg,0.991992728532,0.974867352289,00:00:02,10,30,15,1233300839,threshold_sweep,0.1,0.937888198758,0.993421052632,0.964856230032,151,10,1,294,0.993421052632,0.967105263158,0.0328947368421,0.00657894736842,0.937888198758,0.993421052632,0.964856230032,0.975877192982,0.548976608187,0.946515397083,0.947422965083,0.960526315789,216,64,152,0,216,0,64,0,152,37,216,0.162162162162,1.32432432432,11.6756756757,21.6,6,8.1990990496,0.702237650082,0.31006006006,10.329336629,1.76937710775,0.765265265265,3.0868314707,0.528762798222,0.252752752753,0.579945114934,0.437917739848,2,1.32432432432,0.579945114934,2,0.0121701261701,0.00597269624573,7,0.000900900900901,0.621196581197,37,37,37,1,0,0.72972972973,0.243243243243,0.027027027027,37,0.048048048048,1.33783783784,3.45945945946,6.4,2.46153846154,2.75473929594,0.796291827732,0.426942567568,3.24592606756,1.87655100781,0.793918918919,1.5572170449,0.900266104082,0.495777027027,0.624211213965,0.466582119529,2.5,1.37878787879,0.649883439432,2.5,0,0,0,0,0.11712908007,37,33,33,0.891891891892,0,0.621621621622,0.0810810810811,0.189189189189,37,225,0.168918918919,1.3424982114,12.1621621622,22.5,6.08108108108,8.93032758362,0.734271379098,0.32984984985,10.8663046422,1.78690343005,0.772372372372,2.75255818768,0.452642901974,0.217657657658,0.609441473387,0.45396073396,2.06663636972,1.3424982114,0.609441473387,2.06663636972,0.164794909889,0.108713029576,136,0.0175032175032,0.580537544135,37,37,37,1,0,0.72972972973,0.27027027027,0,9,0.00675675675676,0.0181738870751,0.486486486486,0.9,0.0810810810811,0.731228534015,0.0320337290157,0.0197897897898,0.536968013176,0.0175263223014,0.00710710710711,-0.334273283022,-0.076119896248,-0.0350950950951,0.0294963584528,0.0160429941118,0.0666363697155,0.0181738870751,0.0294963584528,0.0666363697155,0.152624783718,0.102740333331,129,0.0166023166023,-0.040659037062,0,0.027027027027,-0.027027027027,215,10,1,1106,0.99537037037,0.991039426523,0.0089605734767,0.00462962962963,0.955555555556,0.99537037037,0.975056689342,0.97040110043,0.986409796894,0.951327433628,161,152,0,0,0,0
1028,WLNM_dir_neg,0.991992728532,0.974867352289,00:00:02,10,30,15,1233300839,threshold_sweep,0.2,0.9375,0.986842105263,0.961538461538,150,10,2,294,0.986842105263,0.967105263158,0.0328947368421,0.0131578947368,0.9375,0.986842105263,0.961538461538,0.973684210526,0.549707602339,0.941558441558,0.942273881399,0.953947368421,216,64,152,0,216,0,64,0,152,37,216,0.162162162162,1.32432432432,11.6756756757,21.6,6,8.1990990496,0.702237650082,0.31006006006,10.329336629,1.76937710775,0.765265265265,3.0868314707,0.528762798222,0.252752752753,0.579945114934,0.437917739848,2,1.32432432432,0.579945114934,2,0.0121701261701,0.00597269624573,7,0.000900900900901,0.621196581197,37,37,37,1,0,0.72972972973,0.243243243243,0.027027027027,37,0.048048048048,1.33783783784,3.45945945946,6.4,2.46153846154,2.75473929594,0.796291827732,0.426942567568,3.24592606756,1.87655100781,0.793918918919,1.5572170449,0.900266104082,0.495777027027,0.624211213965,0.466582119529,2.5,1.37878787879,0.649883439432,2.5,0,0,0,0,0.11712908007,37,33,33,0.891891891892,0,0.621621621622,0.0810810810811,0.189189189189,37,224,0.168168168168,1.34286384495,12.1081081081,22.4,6.05405405405,8.89064359558,0.734271904099,0.328547297297,10.8651991492,1.79469807376,0.773648648649,2.78832831187,0.460572087228,0.221525096525,0.610469958092,0.454603019054,2.07788809391,1.34286384495,0.610469958092,2.07788809391,0.164275713704,0.108093573541,134,0.0172458172458,0.57770020718,37,37,37,1,0,0.72972972973,0.27027027027,0,8,0.00600600600601,0.0185395206235,0.432432432432,0.8,0.0540540540541,0.691544545971,0.032034254017,0.0184872372372,0.535862520236,0.0253209660124,0.00838338338338,-0.298503158834,-0.0681907109939,-0.0312276562277,0.0305248431571,0.0166852792054,0.0778880939085,0.0185395206235,0.0305248431571,0.0778880939085,0.152105587534,0.102120877296,127,0.0163449163449,-0.043496374017,0,0.027027027027,-0.027027027027,214,10,2,1106,0.990740740741,0.991039426523,0.0089605734767,0.00925925925926,0.955357142857,0.990740740741,0.972727272727,0.967563191293,0.981780167264,0.946902654867,160,152,0,0,0,0
1029,WLNM_dir_neg,0.991992728532,0.974867352289,00:00:02,10,30,15,1233300839,threshold_sweep,0.3,0.9375,0.986842105263,0.961538461538,150,10,2,294,0.986842105263,0.967105263158,0.0328947368421,0.0131578947368,0.9375,0.986842105263,0.961538461538,0.973684210526,0.549707602339,0.941558441558,0.942273881399,0.953947368421,216,64,152,0,216,0,64,0,152,37,216,0.162162162162,1.32432432432,11.6756756757,21.6,6,8.1990990496,0.702237650082,0.31006006006,10.329336629,1.76937710775,0.765265265265,3.0868314707,0.528762798222,0.252752752753,0.579945114934,0.437917739848,2,1.32432432432,0.579945114934,2,0.0121701261701,0.00597269624573,7,0.000900900900901,0.621196581197,37,37,37,1,0,0.72972972973,0.243243243243,0.027027027027,37,0.048048048048,1.33783783784,3.45945945946,6.4,2.46153846154,2.75473929594,0.796291827732,0.426942567568,3.24592606756,1.87655100781,0.793918918919,1.5572170449,0.900266104082,0.495777027027,0.624211213965,0.466582119529,2.5,1.37878787879,0.649883439432,2.5,0,0,0,0,0.11712908007,37,33,33,0.891891891892,0,0.621621621622,0.0810810810811,0.189189189189,37,224,0.168168168168,1.34286384495,12.1081081081,22.4,6.05405405405,8.89064359558,0.734271904099,0.328547297297,10.8651991492,1.79469807376,0.773648648649,2.78832831187,0.460572087228,0.221525096525,0.610469958092,0.454603019054,2.07788809391,1.34286384495,0.610469958092,2.07788809391,0.164275713704,0.108093573541,134,0.0172458172458,0.57770020718,37,37,37,1,0,0.72972972973,0.27027027027,0,8,0.00600600600601,0.0185395206235,0.432432432432,0.8,0.0540540540541,0.691544545971,0.032034254017,0.0184872372372,0.535862520236,0.0253209660124,0.00838338338338,-0.298503158834,-0.0681907109939,-0.0312276562277,0.0305248431571,0.0166852792054,0.0778880939085,0.0185395206235,0.0305248431571,0.0778880939085,0.152105587534,0.102120877296,127,0.0163449163449,-0.043496374017,0,0.027027027027,-0.027027027027,214,10,2,1106,0.990740740741,0.991039426523,0.0089605734767,0.00925925925926,0.955357142857,0.990740740741,0.972727272727,0.967563191293,0.981780167264,0.946902654867,160,152,0,0,0,0
1030,WLNM_dir_neg,0.991992728532,0.974867352289,00:00:02,10,30,15,1233300839,threshold_sweep,0.4,0.934640522876,0.940789473684,0.937704918033,143,10,9,294,0.940789473684,0.967105263158,0.0328947368421,0.0592105263158,0.934640522876,0.940789473684,0.937704918033,0.958333333333,0.554824561404,0.906403940887,0.906414938732,0.907894736842,216,64,152,0,216,0,64,0,152,37,216,0.162162162162,1.32432432432,11.6756756757,21.6,6,8.1990990496,0.702237650082,0.31006006006,10.329336629,1.76937710775,0.765265265265,3.0868314707,0.528762798222,0.252752752753,0.579945114934,0.437917739848,2,1.32432432432,0.579945114934,2,0.0121701261701,0.00597269624573,7,0.000900900900901,0.621196581197,37,37,37,1,0,0.72972972973,0.243243243243,0.027027027027,37,0.048048048048,1.33783783784,3.45945945946,6.4,2.46153846154,2.75473929594,0.796291827732,0.426942567568,3.24592606756,1.87655100781,0.793918918919,1.5572170449,0.900266104082,0.495777027027,0.624211213965,0.466582119529,2.5,1.37878787879,0.649883439432,2.5,0,0,0,0,0.11712908007,37,33,33,0.891891891892,0,0.621621621622,0.0810810810811,0.189189189189,37,217,0.162912912913,1.35734159891,11.7297297297,21.7,6.02777777778,8.68795030375,0.740677790873,0.330925395442,10.8734185623,1.85399302675,0.782164653132,3.06559910913,0.522705838884,0.251089799477,0.653783354151,0.48166456747,2.5418331461,1.36726775444,0.66022368987,2.5418331461,0.164257128021,0.107083563918,129,0.0166023166023,0.564353936592,37,36,36,0.972972972973,0,0.702702702703,0.27027027027,0,1,0.000750750750751,0.0330172745906,0.0540540540541,0.1,0.0277777777778,0.488851254148,0.0384401407911,0.0208653353815,0.544081933312,0.0846159190083,0.0168993878671,-0.0212323615741,-0.00605695933855,-0.00166295327586,0.0738382392161,0.0437468276216,0.541833146099,0.042943430116,0.080278574936,0.541833146099,0.152087001851,0.101110867672,122,0.0157014157014,-0.0568426446046,-0.027027027027,0.027027027027,-0.027027027027,207,10,9,1106,0.958333333333,0.991039426523,0.0089605734767,0.0416666666667,0.953917050691,0.958333333333,0.956120092379,0.94760738947,0.949372759857,0.91592920354,153,152,0,0,0,0
1031,WLNM_dir_neg,0.991992728532,0.974867352289,00:00:02,10,30,15,1233300839,threshold_sweep,0.5,0.934640522876,0.940789473684,0.937704918033,143,10,9,294,0.940789473684,0.967105263158,0.0328947368421,0.0592105263158,0.934640522876,0.940789473684,0.937704918033,0.958333333333,0.554824561404,0.906403940887,0.906414938732,0.907894736842,216,64,152,0,216,0,64,0,152,37,216,0.162162162162,1.32432432432,11.6756756757,21.6,6,8.1990990496,0.702237650082,0.31006006006,10.329336629,1.76937710775,0.765265265265,3.0868314707,0.528762798222,0.252752752753,0.579945114934,0.437917739848,2,1.32432432432,0.579945114934,2,0.0121701261701,0.00597269624573,7,0.000900900900901,0.621196581197,37,37,37,1,0,0.72972972973,0.243243243243,0.027027027027,37,0.048048048048,1.33783783784,3.45945945946,6.4,2.46153846154,2.75473929594,0.796291827732,0.426942567568,3.24592606756,1.87655100781,0.793918918919,1.5572170449,0.900266104082,0.495777027027,0.624211213965,0.466582119529,2.5,1.37878787879,0.649883439432,2.5,0,0,0,0,0.11712908007,37,33,33,0.891891891892,0,0.621621621622,0.0810810810811,0.189189189189,37,217,0.162912912913,1.35734159891,11.7297297297,21.7,6.02777777778,8.68795030375,0.740677790873,0.330925395442,10.8734185623,1.85399302675,0.782164653132,3.06559910913,0.522705838884,0.251089799477,0.653783354151,0.48166456747,2.5418331461,1.36726775444,0.66022368987,2.5418331461,0.164257128021,0.107083563918,129,0.0166023166023,0.564353936592,37,36,36,0.972972972973,0,0.702702702703,0.27027027027,0,1,0.000750750750751,0.0330172745906,0.0540540540541,0.1,0.0277777777778,0.488851254148,0.0384401407911,0.0208653353815,0.544081933312,0.0846159190083,0.0168993878671,-0.0212323615741,-0.00605695933855,-0.00166295327586,0.0738382392161,0.0437468276216,0.541833146099,0.042943430116,0.080278574936,0.541833146099,0.152087001851,0.101110867672,122,0.0157014157014,-0.0568426446046,-0.027027027027,0.027027027027,-0.027027027027,207,10,9,1106,0.958333333333,0.991039426523,0.0089605734767,0.0416666666667,0.953917050691,0.958333333333,0.956120092379,0.94760738947,0.949372759857,0.91592920354,153,152,0,0,0,0
1032,WLNM_dir_neg,0.991992728532,0.974867352289,00:00:02,10,30,15,1233300839,threshold_sweep,0.6,0.934640522876,0.940789473684,0.937704918033,143,10,9,294,0.940789473684,0.967105263158,0.0328947368421,0.0592105263158,0.934640522876,0.940789473684,0.937704918033,0.958333333333,0.554824561404,0.906403940887,0.906414938732,0.907894736842,216,64,152,0,216,0,64,0,152,37,216,0.162162162162,1.32432432432,11.6756756757,21.6,6,8.1990990496,0.702237650082,0.31006006006,10.329336629,1.76937710775,0.765265265265,3.0868314707,0.528762798222,0.252752752753,0.579945114934,0.437917739848,2,1.32432432432,0.579945114934,2,0.0121701261701,0.00597269624573,7,0.000900900900901,0.621196581197,37,37,37,1,0,0.72972972973,0.243243243243,0.027027027027,37,0.048048048048,1.33783783784,3.45945945946,6.4,2.46153846154,2.75473929594,0.796291827732,0.426942567568,3.24592606756,1.87655100781,0.793918918919,1.5572170449,0.900266104082,0.495777027027,0.624211213965,0.466582119529,2.5,1.37878787879,0.649883439432,2.5,0,0,0,0,0.11712908007,37,33,33,0.891891891892,0,0.621621621622,0.0810810810811,0.189189189189,37,217,0.162912912913,1.35734159891,11.7297297297,21.7,6.02777777778,8.68795030375,0.740677790873,0.330925395442,10.8734185623,1.85399302675,0.782164653132,3.06559910913,0.522705838884,0.251089799477,0.653783354151,0.48166456747,2.5418331461,1.36726775444,0.66022368987,2.5418331461,0.164257128021,0.107083563918,129,0.0166023166023,0.564353936592,37,36,36,0.972972972973,0,0.702702702703,0.27027027027,0,1,0.000750750750751,0.0330172745906,0.0540540540541,0.1,0.0277777777778,0.488851254148,0.0384401407911,0.0208653353815,0.544081933312,0.0846159190083,0.0168993878671,-0.0212323615741,-0.00605695933855,-0.00166295327586,0.0738382392161,0.0437468276216,0.541833146099,0.042943430116,0.080278574936,0.541833146099,0.152087001851,0.101110867672,122,0.0157014157014,-0.0568426446046,-0.027027027027,0.027027027027,-0.027027027027,207,10,9,1106,0.958333333333,0.991039426523,0.0089605734767,0.0416666666667,0.953917050691,0.958333333333,0.956120092379,0.94760738947,0.949372759857,0.91592920354,153,152,0,0,0,0
1033,WLNM_dir_neg,0.991992728532,0.974867352289,00:00:02,10,30,15,1233300839,threshold_sweep,0.7,0.933774834437,0.927631578947,0.930693069307,141,10,11,294,0.927631578947,0.967105263158,0.0328947368421,0.0723684210526,0.933774834437,0.927631578947,0.930693069307,0.953947368421,0.556286549708,0.896210873147,0.896221819093,0.894736842105,216,64,152,0,216,0,64,0,152,37,216,0.162162162162,1.32432432432,11.6756756757,21.6,6,8.1990990496,0.702237650082,0.31006006006,10.329336629,1.76937710775,0.765265265265,3.0868314707,0.528762798222,0.252752752753,0.579945114934,0.437917739848,2,1.32432432432,0.579945114934,2,0.0121701261701,0.00597269624573,7,0.000900900900901,0.621196581197,37,37,37,1,0,0.72972972973,0.243243243243,0.027027027027,37,0.048048048048,1.33783783784,3.45945945946,6.4,2.46153846154,2.75473929594,0.796291827732,0.426942567568,3.24592606756,1.87655100781,0.793918918919,1.5572170449,0.900266104082,0.495777027027,0.624211213965,0.466582119529,2.5,1.37878787879,0.649883439432,2.5,0,0,0,0,0.11712908007,37,33,33,0.891891891892,0,0.621621621622,0.0810810810811,0.189189189189,37,215,0.161411411411,1.35734159891,11.6216216216,21.5,5.97222222222,8.6292504868,0.742516902353,0.334632306725,10.7853754837,1.85608787394,0.783909490886,3.03532752981,0.522358691176,0.255688246386,0.653783354151,0.48166456747,2.5418331461,1.36726775444,0.66022368987,2.5418331461,0.164989187423,0.107293720079,127,0.0163449163449,0.552527951877,37,36,36,0.972972972973,0,0.702702702703,0.27027027027,0,-1,-0.000750750750751,0.0330172745906,-0.0540540540541,-0.1,-0.0277777777778,0.430151437197,0.0402792522708,0.0245722466653,0.456038854697,0.0867107661932,0.018644225621,-0.0515039408955,-0.0064041070461,0.00293549363317,0.0738382392161,0.0437468276216,0.541833146099,0.042943430116,0.080278574936,0.541833146099,0.152819061253,0.101321023833,120,0.015444015444,-0.0686686293195,-0.027027027027,0.027027027027,-0.027027027027,205,10,11,1106,0.949074074074,0.991039426523,0.0089605734767,0.0509259259259,0.953488372093,0.949074074074,0.951276102088,0.941875382048,0.940113500597,0.907079646018,151,152,0,0,0,0
1034,WLNM_dir_neg,0.991992728532,0.974867352289,00:00:02,10,30,15,1233300839,threshold_sweep,0.8,0.944444444444,0.894736842105,0.918918918919,136,8,16,296,0.894736842105,0.973684210526,0.0263157894737,0.105263157895,0.944444444444,0.894736842105,0.918918918919,0.947368421053,0.561403508772,0.88,0.880704845928,0.868421052632,216,64,152,0,216,0,64,0,152,37,216,0.162162162162,1.32432432432,11.6756756757,21.6,6,8.1990990496,0.702237650082,0.31006006006,10.329336629,1.76937710775,0.765265265265,3.0868314707,0.528762798222,0.252752752753,0.579945114934,0.437917739848,2,1.32432432432,0.579945114934,2,0.0121701261701,0.00597269624573,7,0.000900900900901,0.621196581197,37,37,37,1,0,0.72972972973,0.243243243243,0.027027027027,37,0.048048048048,1.33783783784,3.45945945946,6.4,2.46153846154,2.75473929594,0.796291827732,0.426942567568,3.24592606756,1.87655100781,0.793918918919,1.5572170449,0.900266104082,0.495777027027,0.624211213965,0.466582119529,2.5,1.37878787879,0.649883439432,2.5,0,0,0,0,0.11712908007,37,33,33,0.891891891892,0,0.621621621622,0.0810810810811,0.189189189189,37,208,0.156156156156,1.35168501835,11.2432432432,20.8,6.5,8.25431000349,0.734157380118,0.334979209979,10.7091636548,1.90499545783,0.790020790021,3.32792353805,0.591986398595,0.288981288981,0.641154519228,0.474337223926,2.5,1.36145404664,0.647450610536,2.5,0.109124633567,0.0679177837355,76,0.00978120978121,0.560058333807,37,36,36,0.972972972973,0,0.702702702703,0.162162162162,0.108108108108,-8,-0.00600600600601,0.0273606940274,-0.432432432432,-0.8,0.5,0.0552109538806,0.0319197300358,0.0249191499191,0.379827025842,0.135618350087,0.0247555247555,0.241092067341,0.0632236003721,0.0362285362285,0.0612094042934,0.0364194840779,0.5,0.0371297223149,0.0675054956016,0.5,0.0969545073966,0.0619450874897,69,0.00888030888031,-0.0611382473891,-0.027027027027,-0.0810810810811,0.0810810810811,200,8,16,1108,0.925925925926,0.992831541219,0.00716845878136,0.0740740740741,0.961538461538,0.925925925926,0.943396226415,0.932921348977,0.918757467145,0.892857142857,144,152,0,0,0,0
1035,WLNM_dir_neg,0.991992728532,0.974867352289,00:00:02,10,30,15,1233300839,threshold_sweep,0.9,0.97619047619,0.539473684211,0.694915254237,82,2,70,302,0.539473684211,0.993421052632,0.00657894736842,0.460526315789,0.97619047619,0.539473684211,0.694915254237,0.842105263158,0.605263157895,0.6,0.648020736995,0.532894736842,216,64,152,0,216,0,64,0,152,37,216,0.162162162162,1.32432432432,11.6756756757,21.6,6,8.1990990496,0.702237650082,0.31006006006,10.329336629,1.76937710775,0.765265265265,3.0868314707,0.528762798222,0.252752752753,0.579945114934,0.437917739848,2,1.32432432432,0.579945114934,2,0.0121701261701,0.00597269624573,7,0.000900900900901,0.621196581197,37,37,37,1,0,0.72972972973,0.243243243243,0.027027027027,37,0.048048048048,1.33783783784,3.45945945946,6.4,2.46153846154,2.75473929594,0.796291827732,0.426942567568,3.24592606756,1.87655100781,0.793918918919,1.5572170449,0.900266104082,0.495777027027,0.624211213965,0.466582119529,2.5,1.37878787879,0.649883439432,2.5,0,0,0,0,0.11712908007,37,33,33,0.891891891892,0,0.621621621622,0.0810810810811,0.189189189189,37,148,0.111111111111,1.34108108108,8,14.8,5.28571428571,6.87184270936,0.85898033867,0.398283418554,8.20907357068,2.05226839267,0.821402483565,2.93446947694,0.733617369236,0.398100803506,0.628047166416,0.468314090234,2.5,1.36057142857,0.640633614925,2.5,0.0577721044388,0.0365853658537,23,0.0029601029601,0.357056557811,37,35,35,0.945945945946,0,0.675675675676,0.0810810810811,0.189189189189,-68,-0.0510510510511,0.0167567567568,-3.67567567568,-6.8,-0.714285714286,-1.32725634024,0.156742688588,0.0882233584936,-2.12026305832,0.282891284925,0.0561372182994,-0.152361993761,0.204854571013,0.145348050753,0.0481020514816,0.0303963503852,0.5,0.0362471042471,0.0606884999902,0.5,0.0456019782686,0.0306126696079,16,0.0020592020592,-0.264140023386,-0.0540540540541,-0.162162162162,0.162162162162,146,2,70,1114,0.675925925926,0.998207885305,0.00179211469534,0.324074074074,0.986486486486,0.675925925926,0.802197802198,0.790675667232,0.674133811231,0.669724770642,84,152,0,0,0,0
1036,WLNM_dir_neg,0.985099982687,0.466261721037,00:00:02,10,30,16,1233300840,threshold_sweep,0.1,0.952702702703,0.927631578947,0.94,141,7,11,297,0.927631578947,0.976973684211,0.0230263157895,0.0723684210526,0.952702702703,0.927631578947,0.94,0.960526315789,0.558479532164,0.91059602649,0.910775794728,0.904605263158,216,64,152,0,216,0,64,0,152,37,216,0.162162162162,1.32432432432,11.6756756757,21.6,6,8.1990990496,0.702237650082,0.31006006006,10.329336629,1.76937710775,0.765265265265,3.0868314707,0.528762798222,0.252752752753,0.579945114934,0.437917739848,2,1.32432432432,0.579945114934,2,0.0121701261701,0.00597269624573,7,0.000900900900901,0.621196581197,37,37,37,1,0,0.72972972973,0.243243243243,0.027027027027,37,0.048048048048,1.27027027027,3.45945945946,7.11111111111,2.28571428571,2.89246717637,0.836103793169,0.419763513514,3.41279169407,1.97302019814,0.810810810811,1.38741663711,0.802100243328,0.434966216216,0.508191163105,0.400065383721,2,1.29411764706,0.523936831996,2,0,0,0,0,0.118460359085,37,34,34,0.918918918919,0,0.675675675676,0.0810810810811,0.162162162162,37,212,0.159159159159,1.27181704782,11.4594594595,23.5555555556,5.88888888889,8.55243498333,0.746320977319,0.341407445181,10.5268140391,1.83722697852,0.775114737379,3.18545870278,0.555952698128,0.267975522693,0.502043914246,0.394745388189,1.82338461538,1.27181704782,0.502043914246,1.82338461538,0.203392258171,0.12818336163,151,0.0194337194337,0.720839192277,37,37,37,1,0,0.756756756757,0.216216216216,0.027027027027,-4,-0.003003003003,-0.0525072765073,-0.216216216216,1.95555555556,-0.111111111111,0.353335933729,0.0440833272373,0.031347385121,0.197477410101,0.067849870777,0.00984947211362,0.0986272320808,0.0271898999051,0.0152227699398,-0.0779012006884,-0.0431723516594,-0.176615384615,-0.0525072765073,-0.0779012006884,-0.176615384615,0.191222132,0.122210665384,144,0.0185328185328,0.0996426110805,0.027027027027,-0.027027027027,0,205,7,11,1109,0.949074074074,0.993727598566,0.00627240143369,0.0509259259259,0.966981132075,0.949074074074,0.957943925234,0.949953561732,0.94280167264,0.919282511211,148,152,0,0,0,0
1037,WLNM_dir_neg,0.985099982687,0.466261721037,00:00:02,10,30,16,1233300840,threshold_sweep,0.2,0.959183673469,0.927631578947,0.943143812709,141,6,11,298,0.927631578947,0.980263157895,0.0197368421053,0.0723684210526,0.959183673469,0.927631578947,0.943143812709,0.962719298246,0.559210526316,0.915422885572,0.915706247355,0.907894736842,216,64,152,0,216,0,64,0,152,37,216,0.162162162162,1.32432432432,11.6756756757,21.6,6,8.1990990496,0.702237650082,0.31006006006,10.329336629,1.76937710775,0.765265265265,3.0868314707,0.528762798222,0.252752752753,0.579945114934,0.437917739848,2,1.32432432432,0.579945114934,2,0.0121701261701,0.00597269624573,7,0.000900900900901,0.621196581197,37,37,37,1,0,0.72972972973,0.243243243243,0.027027027027,37,0.048048048048,1.27027027027,3.45945945946,7.11111111111,2.28571428571,2.89246717637,0.836103793169,0.419763513514,3.41279169407,1.97302019814,0.810810810811,1.38741663711,0.802100243328,0.434966216216,0.508191163105,0.400065383721,2,1.29411764706,0.523936831996,2,0,0,0,0,0.118460359085,37,34,34,0.918918918919,0,0.675675675676,0.0810810810811,0.162162162162,37,211,0.158408408408,1.27062785863,11.4054054054,23.4444444444,5.86111111111,8.45070496553,0.740938587025,0.339310874856,10.4771308224,1.83722199256,0.775714102728,3.20472623952,0.561966212617,0.270782630972,0.500039659674,0.393537459673,1.81938461538,1.27062785863,0.500039659674,1.81938461538,0.174571055655,0.10858948578,126,0.0162162162162,0.723023148481,37,37,37,1,0,0.756756756757,0.216216216216,0.027027027027,-5,-0.00375375375375,-0.0536964656965,-0.27027027027,1.84444444444,-0.138888888889,0.251605915924,0.0387009369432,0.0292508147958,0.147794193428,0.0678448848131,0.0104488374631,0.117894768816,0.0332034143949,0.0180298782195,-0.0799054552603,-0.0443802801755,-0.180615384615,-0.0536964656965,-0.0799054552603,-0.180615384615,0.162400929485,0.102616789534,119,0.0153153153153,0.101826567284,0.027027027027,-0.027027027027,0,205,6,11,1110,0.949074074074,0.994623655914,0.00537634408602,0.0509259259259,0.971563981043,0.949074074074,0.96018735363,0.952681757791,0.943697729988,0.923423423423,147,152,0,0,0,0
1038,WLNM_dir_neg,0.985099982687,0.466261721037,00:00:02,10,30,16,1233300840,threshold_sweep,0.3,0.959183673469,0.927631578947,0.943143812709,141,6,11,298,0.927631578947,0.980263157895,0.0197368421053,0.0723684210526,0.959183673469,0.927631578947,0.943143812709,0.962719298246,0.559210526316,0.915422885572,0.915706247355,0.907894736842,216,64,152,0,216,0,64,0,152,37,216,0.162162162162,1.32432432432,11.6756756757,21.6,6,8.1990990496,0.702237650082,0.31006006006,10.329336629,1.76937710775,0.765265265265,3.0868314707,0.528762798222,0.252752752753,0.579945114934,0.437917739848,2,1.32432432432,0.579945114934,2,0.0121701261701,0.00597269624573,7,0.000900900900901,0.621196581197,37,37,37,1,0,0.72972972973,0.243243243243,0.027027027027,37,0.048048048048,1.27027027027,3.45945945946,7.11111111111,2.28571428571,2.89246717637,0.836103793169,0.419763513514,3.41279169407,1.97302019814,0.810810810811,1.38741663711,0.802100243328,0.434966216216,0.508191163105,0.400065383721,2,1.29411764706,0.523936831996,2,0,0,0,0,0.118460359085,37,34,34,0.918918918919,0,0.675675675676,0.0810810810811,0.162162162162,37,211,0.158408408408,1.27062785863,11.4054054054,23.4444444444,5.86111111111,8.45070496553,0.740938587025,0.339310874856,10.4771308224,1.83722199256,0.775714102728,3.20472623952,0.561966212617,0.270782630972,0.500039659674,0.393537459673,1.81938461538,1.27062785863,0.500039659674,1.81938461538,0.174571055655,0.10858948578,126,0.0162162162162,0.723023148481,37,37,37,1,0,0.756756756757,0.216216216216,0.027027027027,-5,-0.00375375375375,-0.0536964656965,-0.27027027027,1.84444444444,-0.138888888889,0.251605915924,0.0387009369432,0.0292508147958,0.147794193428,0.0678448848131,0.0104488374631,0.117894768816,0.0332034143949,0.0180298782195,-0.0799054552603,-0.0443802801755,-0.180615384615,-0.0536964656965,-0.0799054552603,-0.180615384615,0.162400929485,0.102616789534,119,0.0153153153153,0.101826567284,0.027027027027,-0.027027027027,0,205,6,11,1110,0.949074074074,0.994623655914,0.00537634408602,0.0509259259259,0.971563981043,0.949074074074,0.96018735363,0.952681757791,0.943697729988,0.923423423423,147,152,0,0,0,0
1039,WLNM_dir_neg,0.985099982687,0.466261721037,00:00:02,10,30,16,1233300840,threshold_sweep,0.4,0.959183673469,0.927631578947,0.943143812709,141,6,11,298,0.927631578947,0.980263157895,0.0197368421053,0.0723684210526,0.959183673469,0.927631578947,0.943143812709,0.962719298246,0.559210526316,0.915422885572,0.915706247355,0.907894736842,216,64,152,0,216,0,64,0,152,37,216,0.162162162162,1.32432432432,11.6756756757,21.6,6,8.1990990496,0.702237650082,0.31006006006,10.329336629,1.76937710775,0.765265265265,3.0868314707,0.528762798222,0.252752752753,0.579945114934,0.437917739848,2,1.32432432432,0.579945114934,2,0.0121701261701,0.00597269624573,7,0.000900900900901,0.621196581197,37,37,37,1,0,0.72972972973,0.243243243243,0.027027027027,37,0.048048048048,1.27027027027,3.45945945946,7.11111111111,2.28571428571,2.89246717637,0.836103793169,0.419763513514,3.41279169407,1.97302019814,0.810810810811,1.38741663711,0.802100243328,0.434966216216,0.508191163105,0.400065383721,2,1.29411764706,0.523936831996,2,0,0,0,0,0.118460359085,37,34,34,0.918918918919,0,0.675675675676,0.0810810810811,0.162162162162,37,211,0.158408408408,1.27062785863,11.4054054054,23.4444444444,5.86111111111,8.45070496553,0.740938587025,0.339310874856,10.4771308224,1.83722199256,0.775714102728,3.20472623952,0.561966212617,0.270782630972,0.500039659674,0.393537459673,1.81938461538,1.27062785863,0.500039659674,1.81938461538,0.174571055655,0.10858948578,126,0.0162162162162,0.723023148481,37,37,37,1,0,0.756756756757,0.216216216216,0.027027027027,-5,-0.00375375375375,-0.0536964656965,-0.27027027027,1.84444444444,-0.138888888889,0.251605915924,0.0387009369432,0.0292508147958,0.147794193428,0.0678448848131,0.0104488374631,0.117894768816,0.0332034143949,0.0180298782195,-0.0799054552603,-0.0443802801755,-0.180615384615,-0.0536964656965,-0.0799054552603,-0.180615384615,0.162400929485,0.102616789534,119,0.0153153153153,0.101826567284,0.027027027027,-0.027027027027,0,205,6,11,1110,0.949074074074,0.994623655914,0.00537634408602,0.0509259259259,0.971563981043,0.949074074074,0.96018735363,0.952681757791,0.943697729988,0.923423423423,147,152,0,0,0,0
1040,WLNM_dir_neg,0.985099982687,0.466261721037,00:00:02,10,30,16,1233300840,threshold_sweep,0.5,0.961165048544,0.651315789474,0.776470588235,99,4,53,300,0.651315789474,0.986842105263,0.0131578947368,0.348684210526,0.961165048544,0.651315789474,0.776470588235,0.875,0.591374269006,0.694096601073,0.719417117551,0.638157894737,216,64,152,0,216,0,64,0,152,37,216,0.162162162162,1.32432432432,11.6756756757,21.6,6,8.1990990496,0.702237650082,0.31006006006,10.329336629,1.76937710775,0.765265265265,3.0868314707,0.528762798222,0.252752752753,0.579945114934,0.437917739848,2,1.32432432432,0.579945114934,2,0.0121701261701,0.00597269624573,7,0.000900900900901,0.621196581197,37,37,37,1,0,0.72972972973,0.243243243243,0.027027027027,37,0.048048048048,1.27027027027,3.45945945946,7.11111111111,2.28571428571,2.89246717637,0.836103793169,0.419763513514,3.41279169407,1.97302019814,0.810810810811,1.38741663711,0.802100243328,0.434966216216,0.508191163105,0.400065383721,2,1.29411764706,0.523936831996,2,0,0,0,0,0.118460359085,37,34,34,0.918918918919,0,0.675675675676,0.0810810810811,0.162162162162,37,167,0.125375375375,1.27131392931,9.02702702703,18.5555555556,4.77142857143,7.40302673268,0.820095775776,0.382424340508,8.80852371797,1.95158908722,0.805308302314,2.64177572458,0.585303603649,0.314614015213,0.501284738132,0.394304448786,1.82169230769,1.27885042735,0.506265147569,1.82169230769,0.118182311516,0.0760636012033,59,0.00759330759331,0.466919041571,37,36,36,0.972972972973,0,0.72972972973,0.216216216216,0.027027027027,-49,-0.0367867867868,-0.0530103950104,-2.64864864865,-3.04444444444,-1.22857142857,-0.796072316922,0.117858125694,0.0723642804481,-1.52081291103,0.18221197947,0.040043037049,-0.445055746124,0.056540805427,0.0618612624601,-0.078660376802,-0.0436132910622,-0.178307692308,-0.0454738969739,-0.0736799673654,-0.178307692308,0.106012185346,0.0700909049575,52,0.00669240669241,-0.154277539626,0,-0.027027027027,0,163,4,53,1112,0.75462962963,0.996415770609,0.00358422939068,0.24537037037,0.976047904192,0.75462962963,0.851174934726,0.835995549152,0.751045400239,0.740909090909,103,152,0,0,0,0
1041,WLNM_dir_neg,0.985099982687,0.466261721037,00:00:02,10,30,16,1233300840,threshold_sweep,0.6,0.961165048544,0.651315789474,0.776470588235,99,4,53,300,0.651315789474,0.986842105263,0.0131578947368,0.348684210526,0.961165048544,0.651315789474,0.776470588235,0.875,0.591374269006,0.694096601073,0.719417117551,0.638157894737,216,64,152,0,216,0,64,0,152,37,216,0.162162162162,1.32432432432,11.6756756757,21.6,6,8.1990990496,0.702237650082,0.31006006006,10.329336629,1.76937710775,0.765265265265,3.0868314707,0.528762798222,0.252752752753,0.579945114934,0.437917739848,2,1.32432432432,0.579945114934,2,0.0121701261701,0.00597269624573,7,0.000900900900901,0.621196581197,37,37,37,1,0,0.72972972973,0.243243243243,0.027027027027,37,0.048048048048,1.27027027027,3.45945945946,7.11111111111,2.28571428571,2.89246717637,0.836103793169,0.419763513514,3.41279169407,1.97302019814,0.810810810811,1.38741663711,0.802100243328,0.434966216216,0.508191163105,0.400065383721,2,1.29411764706,0.523936831996,2,0,0,0,0,0.118460359085,37,34,34,0.918918918919,0,0.675675675676,0.0810810810811,0.162162162162,37,167,0.125375375375,1.27131392931,9.02702702703,18.5555555556,4.77142857143,7.40302673268,0.820095775776,0.382424340508,8.80852371797,1.95158908722,0.805308302314,2.64177572458,0.585303603649,0.314614015213,0.501284738132,0.394304448786,1.82169230769,1.27885042735,0.506265147569,1.82169230769,0.118182311516,0.0760636012033,59,0.00759330759331,0.466919041571,37,36,36,0.972972972973,0,0.72972972973,0.216216216216,0.027027027027,-49,-0.0367867867868,-0.0530103950104,-2.64864864865,-3.04444444444,-1.22857142857,-0.796072316922,0.117858125694,0.0723642804481,-1.52081291103,0.18221197947,0.040043037049,-0.445055746124,0.056540805427,0.0618612624601,-0.078660376802,-0.0436132910622,-0.178307692308,-0.0454738969739,-0.0736799673654,-0.178307692308,0.106012185346,0.0700909049575,52,0.00669240669241,-0.154277539626,0,-0.027027027027,0,163,4,53,1112,0.75462962963,0.996415770609,0.00358422939068,0.24537037037,0.976047904192,0.75462962963,0.851174934726,0.835995549152,0.751045400239,0.740909090909,103,152,0,0,0,0
1042,WLNM_dir_neg,0.985099982687,0.466261721037,00:00:02,10,30,16,1233300840,threshold_sweep,0.7,0.958333333333,0.605263157895,0.741935483871,92,4,60,300,0.605263157895,0.986842105263,0.0131578947368,0.394736842105,0.958333333333,0.605263157895,0.741935483871,0.859649122807,0.59649122807,0.652173913043,0.684653196881,0.592105263158,216,64,152,0,216,0,64,0,152,37,216,0.162162162162,1.32432432432,11.6756756757,21.6,6,8.1990990496,0.702237650082,0.31006006006,10.329336629,1.76937710775,0.765265265265,3.0868314707,0.528762798222,0.252752752753,0.579945114934,0.437917739848,2,1.32432432432,0.579945114934,2,0.0121701261701,0.00597269624573,7,0.000900900900901,0.621196581197,37,37,37,1,0,0.72972972973,0.243243243243,0.027027027027,37,0.048048048048,1.27027027027,3.45945945946,7.11111111111,2.28571428571,2.89246717637,0.836103793169,0.419763513514,3.41279169407,1.97302019814,0.810810810811,1.38741663711,0.802100243328,0.434966216216,0.508191163105,0.400065383721,2,1.29411764706,0.523936831996,2,0,0,0,0,0.118460359085,37,34,34,0.918918918919,0,0.675675675676,0.0810810810811,0.162162162162,37,160,0.12012012012,1.27718641719,8.64864864865,17.7777777778,5.16129032258,7.36061673222,0.851071309663,0.395101351351,8.76246430981,2.02631987164,0.816891891892,2.87763458083,0.665452996817,0.355067567568,0.520842914175,0.40780492743,2.03897435897,1.30164404223,0.536971005111,2.03897435897,0.115796347311,0.075034106412,55,0.00707850707851,0.463006072874,37,34,34,0.918918918919,0,0.675675675676,0.162162162162,0.0810810810811,-56,-0.042042042042,-0.0471379071379,-3.02702702703,-3.82222222222,-0.838709677419,-0.838482317382,0.148833659581,0.0850412912913,-1.56687231918,0.256942763899,0.0516266266266,-0.209196889875,0.136690198594,0.102314814815,-0.0591022007592,-0.0301128124185,0.0389743589744,-0.022680282092,-0.0429741098236,0.0389743589744,0.103626221141,0.0690614101663,48,0.00617760617761,-0.158190508322,-0.0540540540541,-0.0810810810811,0.0540540540541,156,4,60,1112,0.722222222222,0.996415770609,0.00358422939068,0.277777777778,0.975,0.722222222222,0.829787234043,0.814789360559,0.718637992832,0.709090909091,96,152,0,0,0,0
1043,WLNM_dir_neg,0.985099982687,0.466261721037,00:00:02,10,30,16,1233300840,threshold_sweep,0.8,0.958333333333,0.605263157895,0.741935483871,92,4,60,300,0.605263157895,0.986842105263,0.0131578947368,0.394736842105,0.958333333333,0.605263157895,0.741935483871,0.859649122807,0.59649122807,0.652173913043,0.684653196881,0.592105263158,216,64,152,0,216,0,64,0,152,37,216,0.162162162162,1.32432432432,11.6756756757,21.6,6,8.1990990496,0.702237650082,0.31006006006,10.329336629,1.76937710775,0.765265265265,3.0868314707,0.528762798222,0.252752752753,0.579945114934,0.437917739848,2,1.32432432432,0.579945114934,2,0.0121701261701,0.00597269624573,7,0.000900900900901,0.621196581197,37,37,37,1,0,0.72972972973,0.243243243243,0.027027027027,37,0.048048048048,1.27027027027,3.45945945946,7.11111111111,2.28571428571,2.89246717637,0.836103793169,0.419763513514,3.41279169407,1.97302019814,0.810810810811,1.38741663711,0.802100243328,0.434966216216,0.508191163105,0.400065383721,2,1.29411764706,0.523936831996,2,0,0,0,0,0.118460359085,37,34,34,0.918918918919,0,0.675675675676,0.0810810810811,0.162162162162,37,160,0.12012012012,1.27718641719,8.64864864865,17.7777777778,5.16129032258,7.36061673222,0.851071309663,0.395101351351,8.76246430981,2.02631987164,0.816891891892,2.87763458083,0.665452996817,0.355067567568,0.520842914175,0.40780492743,2.03897435897,1.30164404223,0.536971005111,2.03897435897,0.115796347311,0.075034106412,55,0.00707850707851,0.463006072874,37,34,34,0.918918918919,0,0.675675675676,0.162162162162,0.0810810810811,-56,-0.042042042042,-0.0471379071379,-3.02702702703,-3.82222222222,-0.838709677419,-0.838482317382,0.148833659581,0.0850412912913,-1.56687231918,0.256942763899,0.0516266266266,-0.209196889875,0.136690198594,0.102314814815,-0.0591022007592,-0.0301128124185,0.0389743589744,-0.022680282092,-0.0429741098236,0.0389743589744,0.103626221141,0.0690614101663,48,0.00617760617761,-0.158190508322,-0.0540540540541,-0.0810810810811,0.0540540540541,156,4,60,1112,0.722222222222,0.996415770609,0.00358422939068,0.277777777778,0.975,0.722222222222,0.829787234043,0.814789360559,0.718637992832,0.709090909091,96,152,0,0,0,0
1044,WLNM_dir_neg,0.985099982687,0.466261721037,00:00:02,10,30,16,1233300840,threshold_sweep,0.9,0.958333333333,0.605263157895,0.741935483871,92,4,60,300,0.605263157895,0.986842105263,0.0131578947368,0.394736842105,0.958333333333,0.605263157895,0.741935483871,0.859649122807,0.59649122807,0.652173913043,0.684653196881,0.592105263158,216,64,152,0,216,0,64,0,152,37,216,0.162162162162,1.32432432432,11.6756756757,21.6,6,8.1990990496,0.702237650082,0.31006006006,10.329336629,1.76937710775,0.765265265265,3.0868314707,0.528762798222,0.252752752753,0.579945114934,0.437917739848,2,1.32432432432,0.579945114934,2,0.0121701261701,0.00597269624573,7,0.000900900900901,0.621196581197,37,37,37,1,0,0.72972972973,0.243243243243,0.027027027027,37,0.048048048048,1.27027027027,3.45945945946,7.11111111111,2.28571428571,2.89246717637,0.836103793169,0.419763513514,3.41279169407,1.97302019814,0.810810810811,1.38741663711,0.802100243328,0.434966216216,0.508191163105,0.400065383721,2,1.29411764706,0.523936831996,2,0,0,0,0,0.118460359085,37,34,34,0.918918918919,0,0.675675675676,0.0810810810811,0.162162162162,37,160,0.12012012012,1.27718641719,8.64864864865,17.7777777778,5.16129032258,7.36061673222,0.851071309663,0.395101351351,8.76246430981,2.02631987164,0.816891891892,2.87763458083,0.665452996817,0.355067567568,0.520842914175,0.40780492743,2.03897435897,1.30164404223,0.536971005111,2.03897435897,0.115796347311,0.075034106412,55,0.00707850707851,0.463006072874,37,34,34,0.918918918919,0,0.675675675676,0.162162162162,0.0810810810811,-56,-0.042042042042,-0.0471379071379,-3.02702702703,-3.82222222222,-0.838709677419,-0.838482317382,0.148833659581,0.0850412912913,-1.56687231918,0.256942763899,0.0516266266266,-0.209196889875,0.136690198594,0.102314814815,-0.0591022007592,-0.0301128124185,0.0389743589744,-0.022680282092,-0.0429741098236,0.0389743589744,0.103626221141,0.0690614101663,48,0.00617760617761,-0.158190508322,-0.0540540540541,-0.0810810810811,0.0540540540541,156,4,60,1112,0.722222222222,0.996415770609,0.00358422939068,0.277777777778,0.975,0.722222222222,0.829787234043,0.814789360559,0.718637992832,0.709090909091,96,152,0,0,0,0
1045,WLNM_dir_neg,0.986917849723,0.964759293867,00:00:02,10,30,17,1233300841,threshold_sweep,0.1,0.94623655914,0.578947368421,0.718367346939,88,5,64,299,0.578947368421,0.983552631579,0.0164473684211,0.421052631579,0.94623655914,0.578947368421,0.718367346939,0.848684210526,0.598684210526,0.622950819672,0.658091567183,0.5625,216,64,152,0,216,0,64,0,152,37,216,0.162162162162,1.32432432432,11.6756756757,21.6,6,8.1990990496,0.702237650082,0.31006006006,10.329336629,1.76937710775,0.765265265265,3.0868314707,0.528762798222,0.252752752753,0.579945114934,0.437917739848,2,1.32432432432,0.579945114934,2,0.0121701261701,0.00597269624573,7,0.000900900900901,0.621196581197,37,37,37,1,0,0.72972972973,0.243243243243,0.027027027027,37,0.048048048048,1.31081081081,3.45945945946,6.4,2.28571428571,2.62037523389,0.757452216045,0.384290540541,3.16797033383,1.83148284925,0.786317567568,1.32599331004,0.766589882364,0.418074324324,0.544560874969,0.415438193275,2,1.31944444444,0.549711323953,2,0,0,0,0,0.102947586183,37,36,36,0.972972972973,0,0.702702702703,0.0540540540541,0.216216216216,37,157,0.117867867868,1.32965176715,8.48648648649,15.7,5.06451612903,7.17101271951,0.844991944656,0.382682045102,8.62620492519,2.03292727536,0.817352384231,2.67088630114,0.629444542308,0.339473231193,0.586592080384,0.441162186127,2,1.33880876068,0.592224879321,2,0.147954790308,0.0813898143741,57,0.00733590733591,0.34956448865,37,36,36,0.972972972973,0,0.702702702703,0.135135135135,0.135135135135,-59,-0.0442942942943,0.00532744282744,-3.18918918919,-5.9,-0.935483870968,-1.02808633009,0.142754294574,0.0726219850424,-1.70313170381,0.263550167618,0.0520871189661,-0.415945169561,0.100681744085,0.0867204784402,0.00664696545,0.00324444627865,0,0.0144844363594,0.0122797643863,0,0.135784664138,0.0754171181284,50,0.00643500643501,-0.271632092546,-0.027027027027,-0.108108108108,0.108108108108,152,5,64,1111,0.703703703704,0.995519713262,0.00448028673835,0.296296296296,0.968152866242,0.703703703704,0.815013404826,0.799293309552,0.699223416965,0.68778280543,93,152,0,0,0,0
1046,WLNM_dir_neg,0.986917849723,0.964759293867,00:00:02,10,30,17,1233300841,threshold_sweep,0.2,0.94623655914,0.578947368421,0.718367346939,88,5,64,299,0.578947368421,0.983552631579,0.0164473684211,0.421052631579,0.94623655914,0.578947368421,0.718367346939,0.848684210526,0.598684210526,0.622950819672,0.658091567183,0.5625,216,64,152,0,216,0,64,0,152,37,216,0.162162162162,1.32432432432,11.6756756757,21.6,6,8.1990990496,0.702237650082,0.31006006006,10.329336629,1.76937710775,0.765265265265,3.0868314707,0.528762798222,0.252752752753,0.579945114934,0.437917739848,2,1.32432432432,0.579945114934,2,0.0121701261701,0.00597269624573,7,0.000900900900901,0.621196581197,37,37,37,1,0,0.72972972973,0.243243243243,0.027027027027,37,0.048048048048,1.31081081081,3.45945945946,6.4,2.28571428571,2.62037523389,0.757452216045,0.384290540541,3.16797033383,1.83148284925,0.786317567568,1.32599331004,0.766589882364,0.418074324324,0.544560874969,0.415438193275,2,1.31944444444,0.549711323953,2,0,0,0,0,0.102947586183,37,36,36,0.972972972973,0,0.702702702703,0.0540540540541,0.216216216216,37,157,0.117867867868,1.32965176715,8.48648648649,15.7,5.06451612903,7.17101271951,0.844991944656,0.382682045102,8.62620492519,2.03292727536,0.817352384231,2.67088630114,0.629444542308,0.339473231193,0.586592080384,0.441162186127,2,1.33880876068,0.592224879321,2,0.147954790308,0.0813898143741,57,0.00733590733591,0.34956448865,37,36,36,0.972972972973,0,0.702702702703,0.135135135135,0.135135135135,-59,-0.0442942942943,0.00532744282744,-3.18918918919,-5.9,-0.935483870968,-1.02808633009,0.142754294574,0.0726219850424,-1.70313170381,0.263550167618,0.0520871189661,-0.415945169561,0.100681744085,0.0867204784402,0.00664696545,0.00324444627865,0,0.0144844363594,0.0122797643863,0,0.135784664138,0.0754171181284,50,0.00643500643501,-0.271632092546,-0.027027027027,-0.108108108108,0.108108108108,152,5,64,1111,0.703703703704,0.995519713262,0.00448028673835,0.296296296296,0.968152866242,0.703703703704,0.815013404826,0.799293309552,0.699223416965,0.68778280543,93,152,0,0,0,0
1047,WLNM_dir_neg,0.986917849723,0.964759293867,00:00:02,10,30,17,1233300841,threshold_sweep,0.3,0.94623655914,0.578947368421,0.718367346939,88,5,64,299,0.578947368421,0.983552631579,0.0164473684211,0.421052631579,0.94623655914,0.578947368421,0.718367346939,0.848684210526,0.598684210526,0.622950819672,0.658091567183,0.5625,216,64,152,0,216,0,64,0,152,37,216,0.162162162162,1.32432432432,11.6756756757,21.6,6,8.1990990496,0.702237650082,0.31006006006,10.329336629,1.76937710775,0.765265265265,3.0868314707,0.528762798222,0.252752752753,0.579945114934,0.437917739848,2,1.32432432432,0.579945114934,2,0.0121701261701,0.00597269624573,7,0.000900900900901,0.621196581197,37,37,37,1,0,0.72972972973,0.243243243243,0.027027027027,37,0.048048048048,1.31081081081,3.45945945946,6.4,2.28571428571,2.62037523389,0.757452216045,0.384290540541,3.16797033383,1.83148284925,0.786317567568,1.32599331004,0.766589882364,0.418074324324,0.544560874969,0.415438193275,2,1.31944444444,0.549711323953,2,0,0,0,0,0.102947586183,37,36,36,0.972972972973,0,0.702702702703,0.0540540540541,0.216216216216,37,157,0.117867867868,1.32965176715,8.48648648649,15.7,5.06451612903,7.17101271951,0.844991944656,0.382682045102,8.62620492519,2.03292727536,0.817352384231,2.67088630114,0.629444542308,0.339473231193,0.586592080384,0.441162186127,2,1.33880876068,0.592224879321,2,0.147954790308,0.0813898143741,57,0.00733590733591,0.34956448865,37,36,36,0.972972972973,0,0.702702702703,0.135135135135,0.135135135135,-59,-0.0442942942943,0.00532744282744,-3.18918918919,-5.9,-0.935483870968,-1.02808633009,0.142754294574,0.0726219850424,-1.70313170381,0.263550167618,0.0520871189661,-0.415945169561,0.100681744085,0.0867204784402,0.00664696545,0.00324444627865,0,0.0144844363594,0.0122797643863,0,0.135784664138,0.0754171181284,50,0.00643500643501,-0.271632092546,-0.027027027027,-0.108108108108,0.108108108108,152,5,64,1111,0.703703703704,0.995519713262,0.00448028673835,0.296296296296,0.968152866242,0.703703703704,0.815013404826,0.799293309552,0.699223416965,0.68778280543,93,152,0,0,0,0
1048,WLNM_dir_neg,0.986917849723,0.964759293867,00:00:02,10,30,17,1233300841,threshold_sweep,0.4,0.94623655914,0.578947368421,0.718367346939,88,5,64,299,0.578947368421,0.983552631579,0.0164473684211,0.421052631579,0.94623655914,0.578947368421,0.718367346939,0.848684210526,0.598684210526,0.622950819672,0.658091567183,0.5625,216,64,152,0,216,0,64,0,152,37,216,0.162162162162,1.32432432432,11.6756756757,21.6,6,8.1990990496,0.702237650082,0.31006006006,10.329336629,1.76937710775,0.765265265265,3.0868314707,0.528762798222,0.252752752753,0.579945114934,0.437917739848,2,1.32432432432,0.579945114934,2,0.0121701261701,0.00597269624573,7,0.000900900900901,0.621196581197,37,37,37,1,0,0.72972972973,0.243243243243,0.027027027027,37,0.048048048048,1.31081081081,3.45945945946,6.4,2.28571428571,2.62037523389,0.757452216045,0.384290540541,3.16797033383,1.83148284925,0.786317567568,1.32599331004,0.766589882364,0.418074324324,0.544560874969,0.415438193275,2,1.31944444444,0.549711323953,2,0,0,0,0,0.102947586183,37,36,36,0.972972972973,0,0.702702702703,0.0540540540541,0.216216216216,37,157,0.117867867868,1.32965176715,8.48648648649,15.7,5.06451612903,7.17101271951,0.844991944656,0.382682045102,8.62620492519,2.03292727536,0.817352384231,2.67088630114,0.629444542308,0.339473231193,0.586592080384,0.441162186127,2,1.33880876068,0.592224879321,2,0.147954790308,0.0813898143741,57,0.00733590733591,0.34956448865,37,36,36,0.972972972973,0,0.702702702703,0.135135135135,0.135135135135,-59,-0.0442942942943,0.00532744282744,-3.18918918919,-5.9,-0.935483870968,-1.02808633009,0.142754294574,0.0726219850424,-1.70313170381,0.263550167618,0.0520871189661,-0.415945169561,0.100681744085,0.0867204784402,0.00664696545,0.00324444627865,0,0.0144844363594,0.0122797643863,0,0.135784664138,0.0754171181284,50,0.00643500643501,-0.271632092546,-0.027027027027,-0.108108108108,0.108108108108,152,5,64,1111,0.703703703704,0.995519713262,0.00448028673835,0.296296296296,0.968152866242,0.703703703704,0.815013404826,0.799293309552,0.699223416965,0.68778280543,93,152,0,0,0,0
1049,WLNM_dir_neg,0.986917849723,0.964759293867,00:00:02,10,30,17,1233300841,threshold_sweep,0.5,0.95652173913,0.578947368421,0.72131147541,88,4,64,300,0.578947368421,0.986842105263,0.0131578947368,0.421052631579,0.95652173913,0.578947368421,0.72131147541,0.850877192982,0.599415204678,0.627737226277,0.664613017815,0.565789473684,216,64,152,0,216,0,64,0,152,37,216,0.162162162162,1.32432432432,11.6756756757,21.6,6,8.1990990496,0.702237650082,0.31006006006,10.329336629,1.76937710775,0.765265265265,3.0868314707,0.528762798222,0.252752752753,0.579945114934,0.437917739848,2,1.32432432432,0.579945114934,2,0.0121701261701,0.00597269624573,7,0.000900900900901,0.621196581197,37,37,37,1,0,0.72972972973,0.243243243243,0.027027027027,37,0.048048048048,1.31081081081,3.45945945946,6.4,2.28571428571,2.62037523389,0.757452216045,0.384290540541,3.16797033383,1.83148284925,0.786317567568,1.32599331004,0.766589882364,0.418074324324,0.544560874969,0.415438193275,2,1.31944444444,0.549711323953,2,0,0,0,0,0.102947586183,37,36,36,0.972972972973,0,0.702702702703,0.0540540540541,0.216216216216,37,156,0.117117117117,1.32865384615,8.43243243243,15.6,5.03225806452,7.09671496985,0.841597608605,0.380284130284,8.55743710054,2.02964854308,0.816701316701,2.69912676347,0.640177501592,0.344421344421,0.58531551394,0.440532735922,2,1.33778311966,0.590940637808,2,0.133109406933,0.0711519845111,49,0.00630630630631,0.352069855286,37,36,36,0.972972972973,0,0.702702702703,0.135135135135,0.135135135135,-60,-0.045045045045,0.00432952182952,-3.24324324324,-6,-0.967741935484,-1.10238407975,0.139359958523,0.0702240702241,-1.77189952846,0.260271435332,0.0514360514361,-0.387704707233,0.11141470337,0.0916685916686,0.00537039900513,0.00261499607364,0,0.0134587953338,0.0109955228737,0,0.120939280763,0.0651792882654,42,0.00540540540541,-0.269126725911,-0.027027027027,-0.108108108108,0.108108108108,152,4,64,1112,0.703703703704,0.996415770609,0.00358422939068,0.296296296296,0.974358974359,0.703703703704,0.817204301075,0.802537197158,0.700119474313,0.690909090909,92,152,0,0,0,0
1050,WLNM_dir_neg,0.986917849723,0.964759293867,00:00:02,10,30,17,1233300841,threshold_sweep,0.6,0.967032967033,0.578947368421,0.724279835391,88,3,64,301,0.578947368421,0.990131578947,0.00986842105263,0.421052631579,0.967032967033,0.578947368421,0.724279835391,0.853070175439,0.60014619883,0.632541133455,0.671218591153,0.569078947368,216,64,152,0,216,0,64,0,152,37,216,0.162162162162,1.32432432432,11.6756756757,21.6,6,8.1990990496,0.702237650082,0.31006006006,10.329336629,1.76937710775,0.765265265265,3.0868314707,0.528762798222,0.252752752753,0.579945114934,0.437917739848,2,1.32432432432,0.579945114934,2,0.0121701261701,0.00597269624573,7,0.000900900900901,0.621196581197,37,37,37,1,0,0.72972972973,0.243243243243,0.027027027027,37,0.048048048048,1.31081081081,3.45945945946,6.4,2.28571428571,2.62037523389,0.757452216045,0.384290540541,3.16797033383,1.83148284925,0.786317567568,1.32599331004,0.766589882364,0.418074324324,0.544560874969,0.415438193275,2,1.31944444444,0.549711323953,2,0,0,0,0,0.102947586183,37,36,36,0.972972972973,0,0.702702702703,0.0540540540541,0.216216216216,37,155,0.116366366366,1.32765765766,8.37837837838,15.5,5,7.0172460226,0.837542267214,0.377506538797,8.48802371265,2.02617340238,0.815693112467,2.70634889183,0.646031670954,0.348735832607,0.584033767238,0.439897863632,2,1.33675925926,0.589651086559,2,0.116700717583,0.0605911330049,41,0.00527670527671,0.352863559099,37,36,36,0.972972972973,0,0.702702702703,0.135135135135,0.135135135135,-61,-0.0457957957958,0.00333333333333,-3.2972972973,-6.1,-1,-1.181853027,0.135304617132,0.0674464787368,-1.84131291635,0.25679629463,0.050427847202,-0.380482578871,0.117268872731,0.095983079854,0.00408865230389,0.00198012378359,0,0.0124349349349,0.00970597162443,0,0.104530591413,0.0546184367592,34,0.0043758043758,-0.268333022098,-0.027027027027,-0.108108108108,0.108108108108,152,3,64,1113,0.703703703704,0.997311827957,0.00268817204301,0.296296296296,0.98064516129,0.703703703704,0.819407008086,0.805809777386,0.701015531661,0.694063926941,91,152,0,0,0,0
1051,WLNM_dir_neg,0.986917849723,0.964759293867,00:00:02,10,30,17,1233300841,threshold_sweep,0.7,0.967032967033,0.578947368421,0.724279835391,88,3,64,301,0.578947368421,0.990131578947,0.00986842105263,0.421052631579,0.967032967033,0.578947368421,0.724279835391,0.853070175439,0.60014619883,0.632541133455,0.671218591153,0.569078947368,216,64,152,0,216,0,64,0,152,37,216,0.162162162162,1.32432432432,11.6756756757,21.6,6,8.1990990496,0.702237650082,0.31006006006,10.329336629,1.76937710775,0.765265265265,3.0868314707,0.528762798222,0.252752752753,0.579945114934,0.437917739848,2,1.32432432432,0.579945114934,2,0.0121701261701,0.00597269624573,7,0.000900900900901,0.621196581197,37,37,37,1,0,0.72972972973,0.243243243243,0.027027027027,37,0.048048048048,1.31081081081,3.45945945946,6.4,2.28571428571,2.62037523389,0.757452216045,0.384290540541,3.16797033383,1.83148284925,0.786317567568,1.32599331004,0.766589882364,0.418074324324,0.544560874969,0.415438193275,2,1.31944444444,0.549711323953,2,0,0,0,0,0.102947586183,37,36,36,0.972972972973,0,0.702702702703,0.0540540540541,0.216216216216,37,155,0.116366366366,1.32765765766,8.37837837838,15.5,5,7.0172460226,0.837542267214,0.377506538797,8.48802371265,2.02617340238,0.815693112467,2.70634889183,0.646031670954,0.348735832607,0.584033767238,0.439897863632,2,1.33675925926,0.589651086559,2,0.116700717583,0.0605911330049,41,0.00527670527671,0.352863559099,37,36,36,0.972972972973,0,0.702702702703,0.135135135135,0.135135135135,-61,-0.0457957957958,0.00333333333333,-3.2972972973,-6.1,-1,-1.181853027,0.135304617132,0.0674464787368,-1.84131291635,0.25679629463,0.050427847202,-0.380482578871,0.117268872731,0.095983079854,0.00408865230389,0.00198012378359,0,0.0124349349349,0.00970597162443,0,0.104530591413,0.0546184367592,34,0.0043758043758,-0.268333022098,-0.027027027027,-0.108108108108,0.108108108108,152,3,64,1113,0.703703703704,0.997311827957,0.00268817204301,0.296296296296,0.98064516129,0.703703703704,0.819407008086,0.805809777386,0.701015531661,0.694063926941,91,152,0,0,0,0
1052,WLNM_dir_neg,0.986917849723,0.964759293867,00:00:02,10,30,17,1233300841,threshold_sweep,0.8,0.988764044944,0.578947368421,0.730290456432,88,1,64,303,0.578947368421,0.996710526316,0.00328947368421,0.421052631579,0.988764044944,0.578947368421,0.730290456432,0.857456140351,0.601608187135,0.642201834862,0.684691624531,0.575657894737,216,64,152,0,216,0,64,0,152,37,216,0.162162162162,1.32432432432,11.6756756757,21.6,6,8.1990990496,0.702237650082,0.31006006006,10.329336629,1.76937710775,0.765265265265,3.0868314707,0.528762798222,0.252752752753,0.579945114934,0.437917739848,2,1.32432432432,0.579945114934,2,0.0121701261701,0.00597269624573,7,0.000900900900901,0.621196581197,37,37,37,1,0,0.72972972973,0.243243243243,0.027027027027,37,0.048048048048,1.31081081081,3.45945945946,6.4,2.28571428571,2.62037523389,0.757452216045,0.384290540541,3.16797033383,1.83148284925,0.786317567568,1.32599331004,0.766589882364,0.418074324324,0.544560874969,0.415438193275,2,1.31944444444,0.549711323953,2,0,0,0,0,0.102947586183,37,36,36,0.972972972973,0,0.702702702703,0.0540540540541,0.216216216216,37,153,0.114864864865,1.32540540541,8.27027027027,15.3,5.1,6.87446421609,0.831226065344,0.372725666843,8.35717310712,2.02101571871,0.815403638933,2.76045650575,0.667561377207,0.359653771418,0.581275391773,0.438564222994,2,1.33444444444,0.586877667683,2,0.0819905911082,0.0382068262863,25,0.0032175032175,0.359833564938,37,36,36,0.972972972973,0,0.702702702703,0.108108108108,0.162162162162,-63,-0.0472972972973,0.00108108108108,-3.40540540541,-6.3,-0.9,-1.32463483352,0.128988415262,0.0626656067833,-1.97216352188,0.25163861097,0.0501383736678,-0.326374964957,0.138798578984,0.106901018666,0.00133027683874,0.000646483145177,0,0.0101201201201,0.00693255274885,0,0.0698204649381,0.0322341300406,18,0.0023166023166,-0.261363016258,-0.027027027027,-0.135135135135,0.135135135135,152,1,64,1115,0.703703703704,0.999103942652,0.00089605734767,0.296296296296,0.993464052288,0.703703703704,0.823848238482,0.812442872082,0.702807646356,0.700460829493,89,152,0,0,0,0
1053,WLNM_dir_neg,0.986917849723,0.964759293867,00:00:02,10,30,17,1233300841,threshold_sweep,0.9,1,0.578947368421,0.733333333333,88,0,64,304,0.578947368421,1,0,0.421052631579,1,0.578947368421,0.733333333333,0.859649122807,0.602339181287,0.647058823529,0.691564074808,0.578947368421,216,64,152,0,216,0,64,0,152,37,216,0.162162162162,1.32432432432,11.6756756757,21.6,6,8.1990990496,0.702237650082,0.31006006006,10.329336629,1.76937710775,0.765265265265,3.0868314707,0.528762798222,0.252752752753,0.579945114934,0.437917739848,2,1.32432432432,0.579945114934,2,0.0121701261701,0.00597269624573,7,0.000900900900901,0.621196581197,37,37,37,1,0,0.72972972973,0.243243243243,0.027027027027,37,0.048048048048,1.31081081081,3.45945945946,6.4,2.28571428571,2.62037523389,0.757452216045,0.384290540541,3.16797033383,1.83148284925,0.786317567568,1.32599331004,0.766589882364,0.418074324324,0.544560874969,0.415438193275,2,1.31944444444,0.549711323953,2,0,0,0,0,0.102947586183,37,36,36,0.972972972973,0,0.702702702703,0.0540540540541,0.216216216216,37,152,0.114114114114,1.32432432432,8.21621621622,15.2,5.24137931034,6.74592525214,0.821050112925,0.36966571835,8.28916221401,2.01775659157,0.814366998578,2.79666253261,0.680766537544,0.365931721195,0.579945114934,0.437917739848,2,1.33333333333,0.585540043769,2,0.0301558572147,0.00313152400835,2,0.0002574002574,0.364292254397,37,36,36,0.972972972973,0,0.702702702703,0.0810810810811,0.189189189189,-64,-0.048048048048,0,-3.45945945946,-6.4,-0.758620689655,-1.45317379746,0.118812462843,0.0596056582899,-2.04017441499,0.248379483823,0.0491017333123,-0.290168938091,0.152003739322,0.113178968442,0,0,0,0.00900900900901,0.00559492883467,0,0.0179857310446,-0.00284117223738,-5,-0.000643500643501,-0.256904326799,-0.027027027027,-0.162162162162,0.162162162162,152,0,64,1116,0.703703703704,1,0,0.296296296296,1,0.703703703704,0.826086956522,0.815804341226,0.703703703704,0.703703703704,88,152,0,0,0,0
1054,WLNM_dir_neg,0.972948407202,0.569853152766,00:00:02,10,30,18,1233300842,threshold_sweep,0.1,0.940298507463,0.828947368421,0.881118881119,126,8,26,296,0.828947368421,0.973684210526,0.0263157894737,0.171052631579,0.940298507463,0.828947368421,0.881118881119,0.925438596491,0.568713450292,0.827118644068,0.830604908903,0.802631578947,216,64,152,0,216,0,64,0,152,37,216,0.162162162162,1.32432432432,11.6756756757,21.6,6,8.1990990496,0.702237650082,0.31006006006,10.329336629,1.76937710775,0.765265265265,3.0868314707,0.528762798222,0.252752752753,0.579945114934,0.437917739848,2,1.32432432432,0.579945114934,2,0.0121701261701,0.00597269624573,7,0.000900900900901,0.621196581197,37,37,37,1,0,0.72972972973,0.243243243243,0.027027027027,37,0.048048048048,1.32432432432,3.45945945946,6.4,2.06451612903,3.06045198727,0.884661902569,0.413429054054,3.4451951134,1.99175342493,0.8125,1.2167499663,0.703433574265,0.386824324324,0.579945114934,0.437917739848,2,1.33333333333,0.585540043769,2,0.0161255411255,0.00920245398773,1,0.0001287001287,0.0831506003075,37,36,36,0.972972972973,0,0.702702702703,0.135135135135,0.135135135135,37,198,0.148648648649,1.4143222809,10.7027027027,16.5,5.35135135135,7.97170295784,0.744830831919,0.364182364182,9.58939291386,1.79195726168,0.779688779689,2.8598389253,0.534414344627,0.291564291564,0.646050471865,0.456791553515,2.14399134891,1.4143222809,0.646050471865,2.14399134891,0.166539736687,0.106390097022,106,0.0136422136422,0.358387347348,37,37,37,1,0,0.675675675676,0.324324324324,0,-18,-0.0135135135135,0.0899979565803,-0.972972972973,-5.1,-0.648648648649,-0.227396091764,0.0425931818376,0.0541223041223,-0.739943715136,0.0225801539363,0.0144235144235,-0.226992545401,0.0056515464049,0.0388115388115,0.0661053569303,0.0188738136661,0.143991348907,0.0899979565803,0.0661053569303,0.143991348907,0.154369610516,0.100417400777,99,0.0127413127413,-0.262809233849,-0.0540540540541,0.0810810810811,-0.027027027027,190,8,26,1108,0.87962962963,0.992831541219,0.00716845878136,0.12037037037,0.959595959596,0.87962962963,0.917874396135,0.903994853714,0.872461170848,0.848214285714,134,152,0,0,0,0
1055,WLNM_dir_neg,0.972948407202,0.569853152766,00:00:02,10,30,18,1233300842,threshold_sweep,0.2,0.939393939394,0.815789473684,0.87323943662,124,8,28,296,0.815789473684,0.973684210526,0.0263157894737,0.184210526316,0.939393939394,0.815789473684,0.87323943662,0.921052631579,0.570175438596,0.816326530612,0.820609939862,0.789473684211,216,64,152,0,216,0,64,0,152,37,216,0.162162162162,1.32432432432,11.6756756757,21.6,6,8.1990990496,0.702237650082,0.31006006006,10.329336629,1.76937710775,0.765265265265,3.0868314707,0.528762798222,0.252752752753,0.579945114934,0.437917739848,2,1.32432432432,0.579945114934,2,0.0121701261701,0.00597269624573,7,0.000900900900901,0.621196581197,37,37,37,1,0,0.72972972973,0.243243243243,0.027027027027,37,0.048048048048,1.32432432432,3.45945945946,6.4,2.06451612903,3.06045198727,0.884661902569,0.413429054054,3.4451951134,1.99175342493,0.8125,1.2167499663,0.703433574265,0.386824324324,0.579945114934,0.437917739848,2,1.33333333333,0.585540043769,2,0.0161255411255,0.00920245398773,1,0.0001287001287,0.0831506003075,37,36,36,0.972972972973,0,0.702702702703,0.135135135135,0.135135135135,37,196,0.147147147147,1.41478436083,10.5945945946,16.3333333333,5.2972972973,7.93186071577,0.748670526744,0.367071152785,9.50691229482,1.79467221892,0.780750137893,2.85642419104,0.539222934023,0.294815223387,0.646721644725,0.457116761134,2.1457807234,1.41478436083,0.646721644725,2.1457807234,0.166699912162,0.106230847804,104,0.0133848133848,0.354847338165,37,37,37,1,0,0.675675675676,0.324324324324,0,-20,-0.015015015015,0.0904600365028,-1.08108108108,-5.26666666667,-0.702702702703,-0.267238333832,0.046432876662,0.0570110927254,-0.822424334181,0.0252951111746,0.0154848726277,-0.230407279664,0.0104601358004,0.0420624706339,0.0667765297902,0.0191990212858,0.145780723399,0.0904600365028,0.0667765297902,0.145780723399,0.154529785992,0.100258151558,97,0.0124839124839,-0.266349243032,-0.0540540540541,0.0810810810811,-0.027027027027,188,8,28,1108,0.87037037037,0.992831541219,0.00716845878136,0.12962962963,0.959183673469,0.87037037037,0.912621359223,0.898160941619,0.863201911589,0.839285714286,132,152,0,0,0,0
1056,WLNM_dir_neg,0.972948407202,0.569853152766,00:00:02,10,30,18,1233300842,threshold_sweep,0.3,0.939393939394,0.815789473684,0.87323943662,124,8,28,296,0.815789473684,0.973684210526,0.0263157894737,0.184210526316,0.939393939394,0.815789473684,0.87323943662,0.921052631579,0.570175438596,0.816326530612,0.820609939862,0.789473684211,216,64,152,0,216,0,64,0,152,37,216,0.162162162162,1.32432432432,11.6756756757,21.6,6,8.1990990496,0.702237650082,0.31006006006,10.329336629,1.76937710775,0.765265265265,3.0868314707,0.528762798222,0.252752752753,0.579945114934,0.437917739848,2,1.32432432432,0.579945114934,2,0.0121701261701,0.00597269624573,7,0.000900900900901,0.621196581197,37,37,37,1,0,0.72972972973,0.243243243243,0.027027027027,37,0.048048048048,1.32432432432,3.45945945946,6.4,2.06451612903,3.06045198727,0.884661902569,0.413429054054,3.4451951134,1.99175342493,0.8125,1.2167499663,0.703433574265,0.386824324324,0.579945114934,0.437917739848,2,1.33333333333,0.585540043769,2,0.0161255411255,0.00920245398773,1,0.0001287001287,0.0831506003075,37,36,36,0.972972972973,0,0.702702702703,0.135135135135,0.135135135135,37,196,0.147147147147,1.41478436083,10.5945945946,16.3333333333,5.2972972973,7.93186071577,0.748670526744,0.367071152785,9.50691229482,1.79467221892,0.780750137893,2.85642419104,0.539222934023,0.294815223387,0.646721644725,0.457116761134,2.1457807234,1.41478436083,0.646721644725,2.1457807234,0.166699912162,0.106230847804,104,0.0133848133848,0.354847338165,37,37,37,1,0,0.675675675676,0.324324324324,0,-20,-0.015015015015,0.0904600365028,-1.08108108108,-5.26666666667,-0.702702702703,-0.267238333832,0.046432876662,0.0570110927254,-0.822424334181,0.0252951111746,0.0154848726277,-0.230407279664,0.0104601358004,0.0420624706339,0.0667765297902,0.0191990212858,0.145780723399,0.0904600365028,0.0667765297902,0.145780723399,0.154529785992,0.100258151558,97,0.0124839124839,-0.266349243032,-0.0540540540541,0.0810810810811,-0.027027027027,188,8,28,1108,0.87037037037,0.992831541219,0.00716845878136,0.12962962963,0.959183673469,0.87037037037,0.912621359223,0.898160941619,0.863201911589,0.839285714286,132,152,0,0,0,0
1057,WLNM_dir_neg,0.972948407202,0.569853152766,00:00:02,10,30,18,1233300842,threshold_sweep,0.4,0.946153846154,0.809210526316,0.872340425532,123,7,29,297,0.809210526316,0.976973684211,0.0230263157895,0.190789473684,0.946153846154,0.809210526316,0.872340425532,0.921052631579,0.571637426901,0.815699658703,0.820923006347,0.786184210526,216,64,152,0,216,0,64,0,152,37,216,0.162162162162,1.32432432432,11.6756756757,21.6,6,8.1990990496,0.702237650082,0.31006006006,10.329336629,1.76937710775,0.765265265265,3.0868314707,0.528762798222,0.252752752753,0.579945114934,0.437917739848,2,1.32432432432,0.579945114934,2,0.0121701261701,0.00597269624573,7,0.000900900900901,0.621196581197,37,37,37,1,0,0.72972972973,0.243243243243,0.027027027027,37,0.048048048048,1.32432432432,3.45945945946,6.4,2.06451612903,3.06045198727,0.884661902569,0.413429054054,3.4451951134,1.99175342493,0.8125,1.2167499663,0.703433574265,0.386824324324,0.579945114934,0.437917739848,2,1.33333333333,0.585540043769,2,0.0161255411255,0.00920245398773,1,0.0001287001287,0.0831506003075,37,36,36,0.972972972973,0,0.702702702703,0.135135135135,0.135135135135,37,194,0.145645645646,1.41308039544,10.4864864865,16.1666666667,5.24324324324,7.79822494625,0.7436451624,0.365282808582,9.42044291659,1.79668241193,0.780997492338,2.85195260017,0.543929104157,0.29869044302,0.644040954256,0.455770921694,2.13436183744,1.41308039544,0.644040954256,2.13436183744,0.137599091198,0.0870629370629,83,0.0106821106821,0.351771790877,37,37,37,1,0,0.675675675676,0.324324324324,0,-22,-0.0165165165165,0.088756071114,-1.18918918919,-5.43333333333,-0.756756756757,-0.400874103355,0.0414075123182,0.0552227485217,-0.908893712409,0.0273053041818,0.0157322270724,-0.234878870531,0.0151663059343,0.0459376902676,0.064095839322,0.0178531818454,0.134361837441,0.088756071114,0.064095839322,0.134361837441,0.125428965028,0.0810902408172,76,0.00978120978121,-0.26942479032,-0.0540540540541,0.0810810810811,-0.027027027027,187,7,29,1109,0.865740740741,0.993727598566,0.00627240143369,0.134259259259,0.963917525773,0.865740740741,0.912195121951,0.898083794587,0.859468339307,0.838565022422,130,152,0,0,0,0
1058,WLNM_dir_neg,0.972948407202,0.569853152766,00:00:02,10,30,18,1233300842,threshold_sweep,0.5,0.9453125,0.796052631579,0.864285714286,121,7,31,297,0.796052631579,0.976973684211,0.0230263157895,0.203947368421,0.9453125,0.796052631579,0.864285714286,0.916666666667,0.573099415205,0.804794520548,0.810981519612,0.773026315789,216,64,152,0,216,0,64,0,152,37,216,0.162162162162,1.32432432432,11.6756756757,21.6,6,8.1990990496,0.702237650082,0.31006006006,10.329336629,1.76937710775,0.765265265265,3.0868314707,0.528762798222,0.252752752753,0.579945114934,0.437917739848,2,1.32432432432,0.579945114934,2,0.0121701261701,0.00597269624573,7,0.000900900900901,0.621196581197,37,37,37,1,0,0.72972972973,0.243243243243,0.027027027027,37,0.048048048048,1.32432432432,3.45945945946,6.4,2.06451612903,3.06045198727,0.884661902569,0.413429054054,3.4451951134,1.99175342493,0.8125,1.2167499663,0.703433574265,0.386824324324,0.579945114934,0.437917739848,2,1.33333333333,0.585540043769,2,0.0161255411255,0.00920245398773,1,0.0001287001287,0.0831506003075,37,36,36,0.972972972973,0,0.702702702703,0.135135135135,0.135135135135,37,192,0.144144144144,1.41306228936,10.3783783784,16,5.18918918919,7.74722656952,0.746477560084,0.369228603604,9.43350364345,1.81791476462,0.784065315315,2.91393050552,0.561538691168,0.307432432432,0.643991468241,0.455741741247,2.13375759661,1.41306228936,0.643991468241,2.13375759661,0.143935310256,0.0865692910581,81,0.0104247104247,0.348236437342,37,37,37,1,0,0.675675675676,0.324324324324,0,-24,-0.018018018018,0.0887379650309,-1.2972972973,-5.6,-0.810810810811,-0.451872480082,0.0442399100024,0.0591685435435,-0.895832985549,0.0485376568779,0.0188000500501,-0.172900965186,0.0327758929452,0.0546796796797,0.0640463533064,0.0178240013983,0.133757596606,0.0887379650309,0.0640463533064,0.133757596606,0.131765184086,0.0805965948123,74,0.00952380952381,-0.272960143855,-0.0540540540541,0.0810810810811,-0.027027027027,185,7,31,1109,0.856481481481,0.993727598566,0.00627240143369,0.143518518519,0.963541666667,0.856481481481,0.906862745098,0.892239964027,0.850209080048,0.829596412556,128,152,0,0,0,0
1059,WLNM_dir_neg,0.972948407202,0.569853152766,00:00:02,10,30,18,1233300842,threshold_sweep,0.6,0.9453125,0.796052631579,0.864285714286,121,7,31,297,0.796052631579,0.976973684211,0.0230263157895,0.203947368421,0.9453125,0.796052631579,0.864285714286,0.916666666667,0.573099415205,0.804794520548,0.810981519612,0.773026315789,216,64,152,0,216,0,64,0,152,37,216,0.162162162162,1.32432432432,11.6756756757,21.6,6,8.1990990496,0.702237650082,0.31006006006,10.329336629,1.76937710775,0.765265265265,3.0868314707,0.528762798222,0.252752752753,0.579945114934,0.437917739848,2,1.32432432432,0.579945114934,2,0.0121701261701,0.00597269624573,7,0.000900900900901,0.621196581197,37,37,37,1,0,0.72972972973,0.243243243243,0.027027027027,37,0.048048048048,1.32432432432,3.45945945946,6.4,2.06451612903,3.06045198727,0.884661902569,0.413429054054,3.4451951134,1.99175342493,0.8125,1.2167499663,0.703433574265,0.386824324324,0.579945114934,0.437917739848,2,1.33333333333,0.585540043769,2,0.0161255411255,0.00920245398773,1,0.0001287001287,0.0831506003075,37,36,36,0.972972972973,0,0.702702702703,0.135135135135,0.135135135135,37,192,0.144144144144,1.41306228936,10.3783783784,16,5.18918918919,7.74722656952,0.746477560084,0.369228603604,9.43350364345,1.81791476462,0.784065315315,2.91393050552,0.561538691168,0.307432432432,0.643991468241,0.455741741247,2.13375759661,1.41306228936,0.643991468241,2.13375759661,0.143935310256,0.0865692910581,81,0.0104247104247,0.348236437342,37,37,37,1,0,0.675675675676,0.324324324324,0,-24,-0.018018018018,0.0887379650309,-1.2972972973,-5.6,-0.810810810811,-0.451872480082,0.0442399100024,0.0591685435435,-0.895832985549,0.0485376568779,0.0188000500501,-0.172900965186,0.0327758929452,0.0546796796797,0.0640463533064,0.0178240013983,0.133757596606,0.0887379650309,0.0640463533064,0.133757596606,0.131765184086,0.0805965948123,74,0.00952380952381,-0.272960143855,-0.0540540540541,0.0810810810811,-0.027027027027,185,7,31,1109,0.856481481481,0.993727598566,0.00627240143369,0.143518518519,0.963541666667,0.856481481481,0.906862745098,0.892239964027,0.850209080048,0.829596412556,128,152,0,0,0,0
1060,WLNM_dir_neg,0.972948407202,0.569853152766,00:00:02,10,30,18,1233300842,threshold_sweep,0.7,0.944881889764,0.789473684211,0.860215053763,120,7,32,297,0.789473684211,0.976973684211,0.0230263157895,0.210526315789,0.944881889764,0.789473684211,0.860215053763,0.914473684211,0.573830409357,0.799313893654,0.806011268885,0.766447368421,216,64,152,0,216,0,64,0,152,37,216,0.162162162162,1.32432432432,11.6756756757,21.6,6,8.1990990496,0.702237650082,0.31006006006,10.329336629,1.76937710775,0.765265265265,3.0868314707,0.528762798222,0.252752752753,0.579945114934,0.437917739848,2,1.32432432432,0.579945114934,2,0.0121701261701,0.00597269624573,7,0.000900900900901,0.621196581197,37,37,37,1,0,0.72972972973,0.243243243243,0.027027027027,37,0.048048048048,1.32432432432,3.45945945946,6.4,2.06451612903,3.06045198727,0.884661902569,0.413429054054,3.4451951134,1.99175342493,0.8125,1.2167499663,0.703433574265,0.386824324324,0.579945114934,0.437917739848,2,1.33333333333,0.585540043769,2,0.0161255411255,0.00920245398773,1,0.0001287001287,0.0831506003075,37,36,36,0.972972972973,0,0.702702702703,0.135135135135,0.135135135135,37,191,0.143393393393,1.41329486092,10.3243243243,15.9166666667,5.16216216216,7.7318032037,0.748891933343,0.370595726617,9.40009903468,1.82096159311,0.785057308618,2.90127858321,0.562027788371,0.308476015282,0.644294355363,0.455881057221,2.13389376218,1.41329486092,0.644294355363,2.13389376218,0.143799226784,0.0862378727991,80,0.010296010296,0.345082186574,37,37,37,1,0,0.675675675676,0.324324324324,0,-25,-0.0187687687688,0.0889705365998,-1.35135135135,-5.68333333333,-0.837837837838,-0.467295845902,0.046654283261,0.0605356665566,-0.929237594316,0.0515844853609,0.0197920433523,-0.18555288749,0.0332649901489,0.0557232625295,0.0643492404288,0.0179633173727,0.133893762183,0.0889705365998,0.0643492404288,0.133893762183,0.131629100614,0.0802651765534,73,0.00939510939511,-0.276114394623,-0.0540540540541,0.0810810810811,-0.027027027027,184,7,32,1109,0.851851851852,0.993727598566,0.00627240143369,0.148148148148,0.96335078534,0.851851851852,0.904176904177,0.889311456425,0.845579450418,0.825112107623,127,152,0,0,0,0
1061,WLNM_dir_neg,0.972948407202,0.569853152766,00:00:02,10,30,18,1233300842,threshold_sweep,0.8,0.959016393443,0.769736842105,0.85401459854,117,5,35,299,0.769736842105,0.983552631579,0.0164473684211,0.230263157895,0.959016393443,0.769736842105,0.85401459854,0.912280701754,0.577485380117,0.792387543253,0.802171698936,0.753289473684,216,64,152,0,216,0,64,0,152,37,216,0.162162162162,1.32432432432,11.6756756757,21.6,6,8.1990990496,0.702237650082,0.31006006006,10.329336629,1.76937710775,0.765265265265,3.0868314707,0.528762798222,0.252752752753,0.579945114934,0.437917739848,2,1.32432432432,0.579945114934,2,0.0121701261701,0.00597269624573,7,0.000900900900901,0.621196581197,37,37,37,1,0,0.72972972973,0.243243243243,0.027027027027,37,0.048048048048,1.32432432432,3.45945945946,6.4,2.06451612903,3.06045198727,0.884661902569,0.413429054054,3.4451951134,1.99175342493,0.8125,1.2167499663,0.703433574265,0.386824324324,0.579945114934,0.437917739848,2,1.33333333333,0.585540043769,2,0.0161255411255,0.00920245398773,1,0.0001287001287,0.0831506003075,37,36,36,0.972972972973,0,0.702702702703,0.135135135135,0.135135135135,37,186,0.13963963964,1.33346920162,10.0540540541,18.6,5.02702702703,7.69901128553,0.765761875174,0.373728567277,9.31690961665,1.85336374095,0.79104911363,2.80363342118,0.557712024643,0.305434466725,0.594547908307,0.445865496995,2.03703703704,1.33346920162,0.594547908307,2.03703703704,0.12289636161,0.0706014194994,63,0.00810810810811,0.457100090145,37,37,37,1,0,0.72972972973,0.27027027027,0,-30,-0.0225225225225,0.00914487729479,-1.62162162162,-3,-0.972972972973,-0.500087764071,0.0635242250922,0.0636685072169,-1.01242701235,0.083986633201,0.0257838483645,-0.283198049523,0.028949226421,0.052681713972,0.0146027933725,0.00794775714618,0.037037037037,0.00914487729479,0.0146027933725,0.037037037037,0.11072623544,0.0646287232537,56,0.00720720720721,-0.164096491052,0,0.027027027027,-0.027027027027,181,5,35,1111,0.837962962963,0.995519713262,0.00448028673835,0.162037037037,0.97311827957,0.837962962963,0.900497512438,0.886353103082,0.833482676225,0.819004524887,122,152,0,0,0,0
1062,WLNM_dir_neg,0.972948407202,0.569853152766,00:00:02,10,30,18,1233300842,threshold_sweep,0.9,0.956140350877,0.717105263158,0.81954887218,109,5,43,299,0.717105263158,0.983552631579,0.0164473684211,0.282894736842,0.956140350877,0.717105263158,0.81954887218,0.894736842105,0.583333333333,0.747368421053,0.762779700604,0.700657894737,216,64,152,0,216,0,64,0,152,37,216,0.162162162162,1.32432432432,11.6756756757,21.6,6,8.1990990496,0.702237650082,0.31006006006,10.329336629,1.76937710775,0.765265265265,3.0868314707,0.528762798222,0.252752752753,0.579945114934,0.437917739848,2,1.32432432432,0.579945114934,2,0.0121701261701,0.00597269624573,7,0.000900900900901,0.621196581197,37,37,37,1,0,0.72972972973,0.243243243243,0.027027027027,37,0.048048048048,1.32432432432,3.45945945946,6.4,2.06451612903,3.06045198727,0.884661902569,0.413429054054,3.4451951134,1.99175342493,0.8125,1.2167499663,0.703433574265,0.386824324324,0.579945114934,0.437917739848,2,1.33333333333,0.585540043769,2,0.0161255411255,0.00920245398773,1,0.0001287001287,0.0831506003075,37,36,36,0.972972972973,0,0.702702702703,0.135135135135,0.135135135135,37,178,0.133633633634,1.33350725819,9.62162162162,17.8,5.08571428571,7.44368244946,0.773641153455,0.371849377467,9.14038000012,1.89996662924,0.799574855755,2.89480221775,0.60172855088,0.332523534771,0.594655129718,0.44593317814,2.03703703704,1.33350725819,0.594655129718,2.03703703704,0.123723635048,0.0696278511405,58,0.00746460746461,0.438741913651,37,37,37,1,0,0.72972972973,0.216216216216,0.0540540540541,-38,-0.0285285285285,0.00918293386601,-2.05405405405,-3.8,-0.914285714286,-0.755416600144,0.0714035033733,0.0617893174073,-1.18895662888,0.130589521493,0.0343095904894,-0.192029252956,0.0729657526578,0.079770782018,0.0147100147837,0.00801543829196,0.037037037037,0.00918293386601,0.0147100147837,0.037037037037,0.111553508878,0.0636551548947,51,0.00656370656371,-0.182454667546,0,-0.027027027027,0.027027027027,173,5,43,1111,0.800925925926,0.995519713262,0.00448028673835,0.199074074074,0.97191011236,0.800925925926,0.878172588832,0.862784245011,0.796445639188,0.782805429864,114,152,0,0,0,0
1063,WLNM_dir_neg,0.990337171053,0.409689496005,00:00:02,10,30,19,1233300843,threshold_sweep,0.1,0.958041958042,0.901315789474,0.928813559322,137,6,15,298,0.901315789474,0.980263157895,0.0197368421053,0.0986842105263,0.958041958042,0.901315789474,0.928813559322,0.953947368421,0.562134502924,0.894824707846,0.895735133027,0.881578947368,216,64,152,0,216,0,64,0,152,37,216,0.162162162162,1.32432432432,11.6756756757,21.6,6,8.1990990496,0.702237650082,0.31006006006,10.329336629,1.76937710775,0.765265265265,3.0868314707,0.528762798222,0.252752752753,0.579945114934,0.437917739848,2,1.32432432432,0.579945114934,2,0.0121701261701,0.00597269624573,7,0.000900900900901,0.621196581197,37,37,37,1,0,0.72972972973,0.243243243243,0.027027027027,37,0.048048048048,1.33333333333,3.45945945946,6.4,2.13333333333,2.7243204514,0.787498880483,0.421452702703,3.01522662359,1.74317789176,0.767736486486,1.32599331004,0.766589882364,0.421452702703,0.60858061945,0.456435464588,2.33333333333,1.36274509804,0.626935505728,2.33333333333,0.0168724279835,0.0103092783505,1,0.0001287001287,0.106227106227,37,34,34,0.918918918919,0,0.648648648649,0.162162162162,0.108108108108,37,207,0.155405405405,1.33864694687,11.1891891892,20.7,5.59459459459,8.19158727611,0.732098379749,0.341297819559,9.98181529766,1.78418920779,0.77059668364,3.05922520565,0.546818031927,0.272359315838,0.610997704902,0.45642931195,2.22737810755,1.33864694687,0.610997704902,2.22737810755,0.129514506657,0.0917903665556,101,0.0129987129987,0.568828484564,37,37,37,1,0,0.72972972973,0.27027027027,0,-9,-0.00675675675676,0.0143226225415,-0.486486486486,-0.9,-0.405405405405,-0.00751177349602,0.029860729667,0.0312377594986,-0.347521331338,0.0148121000493,0.0053314183749,-0.0276062650581,0.0180552337046,0.0196065630848,0.0310525899676,0.0185115721016,0.227378107548,0.0143226225415,0.0310525899676,0.227378107548,0.117344380487,0.0858176703099,94,0.0120978120978,-0.0523680966324,0,0.027027027027,-0.027027027027,201,6,15,1110,0.930555555556,0.994623655914,0.00537634408602,0.0694444444444,0.971014492754,0.930555555556,0.950354609929,0.941289912785,0.92517921147,0.905405405405,143,152,0,0,0,0
1064,WLNM_dir_neg,0.990337171053,0.409689496005,00:00:02,10,30,19,1233300843,threshold_sweep,0.2,0.957142857143,0.881578947368,0.917808219178,134,6,18,298,0.881578947368,0.980263157895,0.0197368421053,0.118421052632,0.957142857143,0.881578947368,0.917808219178,0.947368421053,0.56432748538,0.879194630872,0.880802896918,0.861842105263,216,64,152,0,216,0,64,0,152,37,216,0.162162162162,1.32432432432,11.6756756757,21.6,6,8.1990990496,0.702237650082,0.31006006006,10.329336629,1.76937710775,0.765265265265,3.0868314707,0.528762798222,0.252752752753,0.579945114934,0.437917739848,2,1.32432432432,0.579945114934,2,0.0121701261701,0.00597269624573,7,0.000900900900901,0.621196581197,37,37,37,1,0,0.72972972973,0.243243243243,0.027027027027,37,0.048048048048,1.33333333333,3.45945945946,6.4,2.13333333333,2.7243204514,0.787498880483,0.421452702703,3.01522662359,1.74317789176,0.767736486486,1.32599331004,0.766589882364,0.421452702703,0.60858061945,0.456435464588,2.33333333333,1.36274509804,0.626935505728,2.33333333333,0.0168724279835,0.0103092783505,1,0.0001287001287,0.106227106227,37,34,34,0.918918918919,0,0.648648648649,0.162162162162,0.108108108108,37,204,0.153153153153,1.33891524805,11.027027027,20.4,5.51351351351,8.06393371916,0.731288106885,0.337175410705,9.95719065026,1.80596104931,0.773979862215,3.15895219637,0.572947212088,0.284578696343,0.611780786179,0.456922711927,2.22902209315,1.33891524805,0.611780786179,2.22902209315,0.121907062342,0.0889790821105,95,0.0122265122265,0.562336625992,37,37,37,1,0,0.72972972973,0.27027027027,0,-12,-0.00900900900901,0.0145909237269,-0.648648648649,-1.2,-0.486486486486,-0.135165330443,0.0290504568029,0.0271153506448,-0.372145978739,0.0365839415667,0.00871459694989,0.0721207256705,0.0441844138651,0.0318259435906,0.0318356712449,0.0190049720781,0.229022093155,0.0145909237269,0.0318356712449,0.229022093155,0.109736936172,0.0830063858648,88,0.0113256113256,-0.0588599552044,0,0.027027027027,-0.027027027027,198,6,18,1110,0.916666666667,0.994623655914,0.00537634408602,0.0833333333333,0.970588235294,0.916666666667,0.942857142857,0.932708850169,0.911290322581,0.891891891892,140,152,0,0,0,0
1065,WLNM_dir_neg,0.990337171053,0.409689496005,00:00:02,10,30,19,1233300843,threshold_sweep,0.3,0.957142857143,0.881578947368,0.917808219178,134,6,18,298,0.881578947368,0.980263157895,0.0197368421053,0.118421052632,0.957142857143,0.881578947368,0.917808219178,0.947368421053,0.56432748538,0.879194630872,0.880802896918,0.861842105263,216,64,152,0,216,0,64,0,152,37,216,0.162162162162,1.32432432432,11.6756756757,21.6,6,8.1990990496,0.702237650082,0.31006006006,10.329336629,1.76937710775,0.765265265265,3.0868314707,0.528762798222,0.252752752753,0.579945114934,0.437917739848,2,1.32432432432,0.579945114934,2,0.0121701261701,0.00597269624573,7,0.000900900900901,0.621196581197,37,37,37,1,0,0.72972972973,0.243243243243,0.027027027027,37,0.048048048048,1.33333333333,3.45945945946,6.4,2.13333333333,2.7243204514,0.787498880483,0.421452702703,3.01522662359,1.74317789176,0.767736486486,1.32599331004,0.766589882364,0.421452702703,0.60858061945,0.456435464588,2.33333333333,1.36274509804,0.626935505728,2.33333333333,0.0168724279835,0.0103092783505,1,0.0001287001287,0.106227106227,37,34,34,0.918918918919,0,0.648648648649,0.162162162162,0.108108108108,37,204,0.153153153153,1.33891524805,11.027027027,20.4,5.51351351351,8.06393371916,0.731288106885,0.337175410705,9.95719065026,1.80596104931,0.773979862215,3.15895219637,0.572947212088,0.284578696343,0.611780786179,0.456922711927,2.22902209315,1.33891524805,0.611780786179,2.22902209315,0.121907062342,0.0889790821105,95,0.0122265122265,0.562336625992,37,37,37,1,0,0.72972972973,0.27027027027,0,-12,-0.00900900900901,0.0145909237269,-0.648648648649,-1.2,-0.486486486486,-0.135165330443,0.0290504568029,0.0271153506448,-0.372145978739,0.0365839415667,0.00871459694989,0.0721207256705,0.0441844138651,0.0318259435906,0.0318356712449,0.0190049720781,0.229022093155,0.0145909237269,0.0318356712449,0.229022093155,0.109736936172,0.0830063858648,88,0.0113256113256,-0.0588599552044,0,0.027027027027,-0.027027027027,198,6,18,1110,0.916666666667,0.994623655914,0.00537634408602,0.0833333333333,0.970588235294,0.916666666667,0.942857142857,0.932708850169,0.911290322581,0.891891891892,140,152,0,0,0,0
1066,WLNM_dir_neg,0.990337171053,0.409689496005,00:00:02,10,30,19,1233300843,threshold_sweep,0.4,0.957142857143,0.881578947368,0.917808219178,134,6,18,298,0.881578947368,0.980263157895,0.0197368421053,0.118421052632,0.957142857143,0.881578947368,0.917808219178,0.947368421053,0.56432748538,0.879194630872,0.880802896918,0.861842105263,216,64,152,0,216,0,64,0,152,37,216,0.162162162162,1.32432432432,11.6756756757,21.6,6,8.1990990496,0.702237650082,0.31006006006,10.329336629,1.76937710775,0.765265265265,3.0868314707,0.528762798222,0.252752752753,0.579945114934,0.437917739848,2,1.32432432432,0.579945114934,2,0.0121701261701,0.00597269624573,7,0.000900900900901,0.621196581197,37,37,37,1,0,0.72972972973,0.243243243243,0.027027027027,37,0.048048048048,1.33333333333,3.45945945946,6.4,2.13333333333,2.7243204514,0.787498880483,0.421452702703,3.01522662359,1.74317789176,0.767736486486,1.32599331004,0.766589882364,0.421452702703,0.60858061945,0.456435464588,2.33333333333,1.36274509804,0.626935505728,2.33333333333,0.0168724279835,0.0103092783505,1,0.0001287001287,0.106227106227,37,34,34,0.918918918919,0,0.648648648649,0.162162162162,0.108108108108,37,204,0.153153153153,1.33891524805,11.027027027,20.4,5.51351351351,8.06393371916,0.731288106885,0.337175410705,9.95719065026,1.80596104931,0.773979862215,3.15895219637,0.572947212088,0.284578696343,0.611780786179,0.456922711927,2.22902209315,1.33891524805,0.611780786179,2.22902209315,0.121907062342,0.0889790821105,95,0.0122265122265,0.562336625992,37,37,37,1,0,0.72972972973,0.27027027027,0,-12,-0.00900900900901,0.0145909237269,-0.648648648649,-1.2,-0.486486486486,-0.135165330443,0.0290504568029,0.0271153506448,-0.372145978739,0.0365839415667,0.00871459694989,0.0721207256705,0.0441844138651,0.0318259435906,0.0318356712449,0.0190049720781,0.229022093155,0.0145909237269,0.0318356712449,0.229022093155,0.109736936172,0.0830063858648,88,0.0113256113256,-0.0588599552044,0,0.027027027027,-0.027027027027,198,6,18,1110,0.916666666667,0.994623655914,0.00537634408602,0.0833333333333,0.970588235294,0.916666666667,0.942857142857,0.932708850169,0.911290322581,0.891891891892,140,152,0,0,0,0
1067,WLNM_dir_neg,0.990337171053,0.409689496005,00:00:02,10,30,19,1233300843,threshold_sweep,0.5,0.957142857143,0.881578947368,0.917808219178,134,6,18,298,0.881578947368,0.980263157895,0.0197368421053,0.118421052632,0.957142857143,0.881578947368,0.917808219178,0.947368421053,0.56432748538,0.879194630872,0.880802896918,0.861842105263,216,64,152,0,216,0,64,0,152,37,216,0.162162162162,1.32432432432,11.6756756757,21.6,6,8.1990990496,0.702237650082,0.31006006006,10.329336629,1.76937710775,0.765265265265,3.0868314707,0.528762798222,0.252752752753,0.579945114934,0.437917739848,2,1.32432432432,0.579945114934,2,0.0121701261701,0.00597269624573,7,0.000900900900901,0.621196581197,37,37,37,1,0,0.72972972973,0.243243243243,0.027027027027,37,0.048048048048,1.33333333333,3.45945945946,6.4,2.13333333333,2.7243204514,0.787498880483,0.421452702703,3.01522662359,1.74317789176,0.767736486486,1.32599331004,0.766589882364,0.421452702703,0.60858061945,0.456435464588,2.33333333333,1.36274509804,0.626935505728,2.33333333333,0.0168724279835,0.0103092783505,1,0.0001287001287,0.106227106227,37,34,34,0.918918918919,0,0.648648648649,0.162162162162,0.108108108108,37,204,0.153153153153,1.33891524805,11.027027027,20.4,5.51351351351,8.06393371916,0.731288106885,0.337175410705,9.95719065026,1.80596104931,0.773979862215,3.15895219637,0.572947212088,0.284578696343,0.611780786179,0.456922711927,2.22902209315,1.33891524805,0.611780786179,2.22902209315,0.121907062342,0.0889790821105,95,0.0122265122265,0.562336625992,37,37,37,1,0,0.72972972973,0.27027027027,0,-12,-0.00900900900901,0.0145909237269,-0.648648648649,-1.2,-0.486486486486,-0.135165330443,0.0290504568029,0.0271153506448,-0.372145978739,0.0365839415667,0.00871459694989,0.0721207256705,0.0441844138651,0.0318259435906,0.0318356712449,0.0190049720781,0.229022093155,0.0145909237269,0.0318356712449,0.229022093155,0.109736936172,0.0830063858648,88,0.0113256113256,-0.0588599552044,0,0.027027027027,-0.027027027027,198,6,18,1110,0.916666666667,0.994623655914,0.00537634408602,0.0833333333333,0.970588235294,0.916666666667,0.942857142857,0.932708850169,0.911290322581,0.891891891892,140,152,0,0,0,0
1068,WLNM_dir_neg,0.990337171053,0.409689496005,00:00:02,10,30,19,1233300843,threshold_sweep,0.6,0.957142857143,0.881578947368,0.917808219178,134,6,18,298,0.881578947368,0.980263157895,0.0197368421053,0.118421052632,0.957142857143,0.881578947368,0.917808219178,0.947368421053,0.56432748538,0.879194630872,0.880802896918,0.861842105263,216,64,152,0,216,0,64,0,152,37,216,0.162162162162,1.32432432432,11.6756756757,21.6,6,8.1990990496,0.702237650082,0.31006006006,10.329336629,1.76937710775,0.765265265265,3.0868314707,0.528762798222,0.252752752753,0.579945114934,0.437917739848,2,1.32432432432,0.579945114934,2,0.0121701261701,0.00597269624573,7,0.000900900900901,0.621196581197,37,37,37,1,0,0.72972972973,0.243243243243,0.027027027027,37,0.048048048048,1.33333333333,3.45945945946,6.4,2.13333333333,2.7243204514,0.787498880483,0.421452702703,3.01522662359,1.74317789176,0.767736486486,1.32599331004,0.766589882364,0.421452702703,0.60858061945,0.456435464588,2.33333333333,1.36274509804,0.626935505728,2.33333333333,0.0168724279835,0.0103092783505,1,0.0001287001287,0.106227106227,37,34,34,0.918918918919,0,0.648648648649,0.162162162162,0.108108108108,37,204,0.153153153153,1.33891524805,11.027027027,20.4,5.51351351351,8.06393371916,0.731288106885,0.337175410705,9.95719065026,1.80596104931,0.773979862215,3.15895219637,0.572947212088,0.284578696343,0.611780786179,0.456922711927,2.22902209315,1.33891524805,0.611780786179,2.22902209315,0.121907062342,0.0889790821105,95,0.0122265122265,0.562336625992,37,37,37,1,0,0.72972972973,0.27027027027,0,-12,-0.00900900900901,0.0145909237269,-0.648648648649,-1.2,-0.486486486486,-0.135165330443,0.0290504568029,0.0271153506448,-0.372145978739,0.0365839415667,0.00871459694989,0.0721207256705,0.0441844138651,0.0318259435906,0.0318356712449,0.0190049720781,0.229022093155,0.0145909237269,0.0318356712449,0.229022093155,0.109736936172,0.0830063858648,88,0.0113256113256,-0.0588599552044,0,0.027027027027,-0.027027027027,198,6,18,1110,0.916666666667,0.994623655914,0.00537634408602,0.0833333333333,0.970588235294,0.916666666667,0.942857142857,0.932708850169,0.911290322581,0.891891891892,140,152,0,0,0,0
1069,WLNM_dir_neg,0.990337171053,0.409689496005,00:00:02,10,30,19,1233300843,threshold_sweep,0.7,0.957142857143,0.881578947368,0.917808219178,134,6,18,298,0.881578947368,0.980263157895,0.0197368421053,0.118421052632,0.957142857143,0.881578947368,0.917808219178,0.947368421053,0.56432748538,0.879194630872,0.880802896918,0.861842105263,216,64,152,0,216,0,64,0,152,37,216,0.162162162162,1.32432432432,11.6756756757,21.6,6,8.1990990496,0.702237650082,0.31006006006,10.329336629,1.76937710775,0.765265265265,3.0868314707,0.528762798222,0.252752752753,0.579945114934,0.437917739848,2,1.32432432432,0.579945114934,2,0.0121701261701,0.00597269624573,7,0.000900900900901,0.621196581197,37,37,37,1,0,0.72972972973,0.243243243243,0.027027027027,37,0.048048048048,1.33333333333,3.45945945946,6.4,2.13333333333,2.7243204514,0.787498880483,0.421452702703,3.01522662359,1.74317789176,0.767736486486,1.32599331004,0.766589882364,0.421452702703,0.60858061945,0.456435464588,2.33333333333,1.36274509804,0.626935505728,2.33333333333,0.0168724279835,0.0103092783505,1,0.0001287001287,0.106227106227,37,34,34,0.918918918919,0,0.648648648649,0.162162162162,0.108108108108,37,204,0.153153153153,1.33891524805,11.027027027,20.4,5.51351351351,8.06393371916,0.731288106885,0.337175410705,9.95719065026,1.80596104931,0.773979862215,3.15895219637,0.572947212088,0.284578696343,0.611780786179,0.456922711927,2.22902209315,1.33891524805,0.611780786179,2.22902209315,0.121907062342,0.0889790821105,95,0.0122265122265,0.562336625992,37,37,37,1,0,0.72972972973,0.27027027027,0,-12,-0.00900900900901,0.0145909237269,-0.648648648649,-1.2,-0.486486486486,-0.135165330443,0.0290504568029,0.0271153506448,-0.372145978739,0.0365839415667,0.00871459694989,0.0721207256705,0.0441844138651,0.0318259435906,0.0318356712449,0.0190049720781,0.229022093155,0.0145909237269,0.0318356712449,0.229022093155,0.109736936172,0.0830063858648,88,0.0113256113256,-0.0588599552044,0,0.027027027027,-0.027027027027,198,6,18,1110,0.916666666667,0.994623655914,0.00537634408602,0.0833333333333,0.970588235294,0.916666666667,0.942857142857,0.932708850169,0.911290322581,0.891891891892,140,152,0,0,0,0
1070,WLNM_dir_neg,0.990337171053,0.409689496005,00:00:02,10,30,19,1233300843,threshold_sweep,0.8,0.957142857143,0.881578947368,0.917808219178,134,6,18,298,0.881578947368,0.980263157895,0.0197368421053,0.118421052632,0.957142857143,0.881578947368,0.917808219178,0.947368421053,0.56432748538,0.879194630872,0.880802896918,0.861842105263,216,64,152,0,216,0,64,0,152,37,216,0.162162162162,1.32432432432,11.6756756757,21.6,6,8.1990990496,0.702237650082,0.31006006006,10.329336629,1.76937710775,0.765265265265,3.0868314707,0.528762798222,0.252752752753,0.579945114934,0.437917739848,2,1.32432432432,0.579945114934,2,0.0121701261701,0.00597269624573,7,0.000900900900901,0.621196581197,37,37,37,1,0,0.72972972973,0.243243243243,0.027027027027,37,0.048048048048,1.33333333333,3.45945945946,6.4,2.13333333333,2.7243204514,0.787498880483,0.421452702703,3.01522662359,1.74317789176,0.767736486486,1.32599331004,0.766589882364,0.421452702703,0.60858061945,0.456435464588,2.33333333333,1.36274509804,0.626935505728,2.33333333333,0.0168724279835,0.0103092783505,1,0.0001287001287,0.106227106227,37,34,34,0.918918918919,0,0.648648648649,0.162162162162,0.108108108108,37,204,0.153153153153,1.33891524805,11.027027027,20.4,5.51351351351,8.06393371916,0.731288106885,0.337175410705,9.95719065026,1.80596104931,0.773979862215,3.15895219637,0.572947212088,0.284578696343,0.611780786179,0.456922711927,2.22902209315,1.33891524805,0.611780786179,2.22902209315,0.121907062342,0.0889790821105,95,0.0122265122265,0.562336625992,37,37,37,1,0,0.72972972973,0.27027027027,0,-12,-0.00900900900901,0.0145909237269,-0.648648648649,-1.2,-0.486486486486,-0.135165330443,0.0290504568029,0.0271153506448,-0.372145978739,0.0365839415667,0.00871459694989,0.0721207256705,0.0441844138651,0.0318259435906,0.0318356712449,0.0190049720781,0.229022093155,0.0145909237269,0.0318356712449,0.229022093155,0.109736936172,0.0830063858648,88,0.0113256113256,-0.0588599552044,0,0.027027027027,-0.027027027027,198,6,18,1110,0.916666666667,0.994623655914,0.00537634408602,0.0833333333333,0.970588235294,0.916666666667,0.942857142857,0.932708850169,0.911290322581,0.891891891892,140,152,0,0,0,0
1071,WLNM_dir_neg,0.990337171053,0.409689496005,00:00:02,10,30,19,1233300843,threshold_sweep,0.9,0.964028776978,0.881578947368,0.920962199313,134,5,18,299,0.881578947368,0.983552631579,0.0164473684211,0.118421052632,0.964028776978,0.881578947368,0.920962199313,0.949561403509,0.565058479532,0.884033613445,0.885938794373,0.865131578947,216,64,152,0,216,0,64,0,152,37,216,0.162162162162,1.32432432432,11.6756756757,21.6,6,8.1990990496,0.702237650082,0.31006006006,10.329336629,1.76937710775,0.765265265265,3.0868314707,0.528762798222,0.252752752753,0.579945114934,0.437917739848,2,1.32432432432,0.579945114934,2,0.0121701261701,0.00597269624573,7,0.000900900900901,0.621196581197,37,37,37,1,0,0.72972972973,0.243243243243,0.027027027027,37,0.048048048048,1.33333333333,3.45945945946,6.4,2.13333333333,2.7243204514,0.787498880483,0.421452702703,3.01522662359,1.74317789176,0.767736486486,1.32599331004,0.766589882364,0.421452702703,0.60858061945,0.456435464588,2.33333333333,1.36274509804,0.626935505728,2.33333333333,0.0168724279835,0.0103092783505,1,0.0001287001287,0.106227106227,37,34,34,0.918918918919,0,0.648648648649,0.162162162162,0.108108108108,37,203,0.152402402402,1.33769494089,10.972972973,20.3,5.48648648649,7.95992213281,0.725411622941,0.33470909333,9.90404412804,1.80517060462,0.773532152842,3.18522301349,0.580557889158,0.287311942484,0.609982599082,0.455995294918,2.22789299238,1.33769494089,0.609982599082,2.22789299238,0.0924410468758,0.067576142132,71,0.00913770913771,0.565401726137,37,37,37,1,0,0.72972972973,0.27027027027,0,-13,-0.00975975975976,0.0133706165658,-0.702702702703,-1.3,-0.513513513514,-0.239176916797,0.0231739728587,0.0246490332697,-0.425292500963,0.0357934968721,0.00826688757723,0.0983915427828,0.0517950909352,0.0345591897316,0.0300374841473,0.0180775550697,0.227892992376,0.0133706165658,0.0300374841473,0.227892992376,0.0802709207057,0.0616034458862,64,0.00823680823681,-0.0557948550592,0,0.027027027027,-0.027027027027,198,5,18,1111,0.916666666667,0.995519713262,0.00448028673835,0.0833333333333,0.975369458128,0.916666666667,0.945107398568,0.93550813061,0.912186379928,0.89592760181,139,152,0,0,0,0
1072,WLNM_dir_neg,0.987404778393,0.964049724589,00:00:02,10,30,20,1233300844,threshold_sweep,0.1,0.933333333333,0.921052631579,0.927152317881,140,10,12,294,0.921052631579,0.967105263158,0.0328947368421,0.0789473684211,0.933333333333,0.921052631579,0.927152317881,0.951754385965,0.55701754386,0.891089108911,0.891132788679,0.888157894737,216,64,152,0,216,0,64,0,152,37,216,0.162162162162,1.32432432432,11.6756756757,21.6,6,8.1990990496,0.702237650082,0.31006006006,10.329336629,1.76937710775,0.765265265265,3.0868314707,0.528762798222,0.252752752753,0.579945114934,0.437917739848,2,1.32432432432,0.579945114934,2,0.0121701261701,0.00597269624573,7,0.000900900900901,0.621196581197,37,37,37,1,0,0.72972972973,0.243243243243,0.027027027027,37,0.048048048048,1.32432432432,3.45945945946,6.4,2.13333333333,2.75473929594,0.796291827732,0.408783783784,3.04273861156,1.75908325981,0.771959459459,1.2167499663,0.703433574265,0.387668918919,0.579945114934,0.437917739848,2,1.35294117647,0.597081434027,2,0,0,0,0,0.0970700904034,37,34,34,0.918918918919,0,0.648648648649,0.162162162162,0.108108108108,37,214,0.160660660661,1.34259020502,11.5675675676,21.4,6.29411764706,8.92730063887,0.771752625323,0.35046728972,10.5886079642,1.83074062932,0.778732003031,3.11033345064,0.537767933055,0.263955544329,0.616758847275,0.459379820417,2.24083347051,1.36216678816,0.628863202568,2.24083347051,0.31615172494,0.202922077922,250,0.032175032175,0.56611565532,37,35,35,0.945945945946,0,0.675675675676,0.243243243243,0.027027027027,-2,-0.0015015015015,0.0182658806955,-0.108108108108,-0.2,0.294117647059,0.728201589261,0.0695149752407,0.0404072296596,0.259271335158,0.0613635215716,0.0134667377658,0.0235019799367,0.00900513483225,0.0112027915766,0.0368137323408,0.0214620805682,0.240833470508,0.0378424638395,0.0489180876337,0.240833470508,0.30398159877,0.196949381676,243,0.0312741312741,-0.0550809258764,-0.0540540540541,0,0,204,10,12,1106,0.944444444444,0.991039426523,0.0089605734767,0.0555555555556,0.953271028037,0.944444444444,0.948837209302,0.939004099889,0.935483870968,0.902654867257,150,152,0,0,0,0
1073,WLNM_dir_neg,0.987404778393,0.964049724589,00:00:02,10,30,20,1233300844,threshold_sweep,0.2,0.933333333333,0.921052631579,0.927152317881,140,10,12,294,0.921052631579,0.967105263158,0.0328947368421,0.0789473684211,0.933333333333,0.921052631579,0.927152317881,0.951754385965,0.55701754386,0.891089108911,0.891132788679,0.888157894737,216,64,152,0,216,0,64,0,152,37,216,0.162162162162,1.32432432432,11.6756756757,21.6,6,8.1990990496,0.702237650082,0.31006006006,10.329336629,1.76937710775,0.765265265265,3.0868314707,0.528762798222,0.252752752753,0.579945114934,0.437917739848,2,1.32432432432,0.579945114934,2,0.0121701261701,0.00597269624573,7,0.000900900900901,0.621196581197,37,37,37,1,0,0.72972972973,0.243243243243,0.027027027027,37,0.048048048048,1.32432432432,3.45945945946,6.4,2.13333333333,2.75473929594,0.796291827732,0.408783783784,3.04273861156,1.75908325981,0.771959459459,1.2167499663,0.703433574265,0.387668918919,0.579945114934,0.437917739848,2,1.35294117647,0.597081434027,2,0,0,0,0,0.0970700904034,37,34,34,0.918918918919,0,0.648648648649,0.162162162162,0.108108108108,37,214,0.160660660661,1.34259020502,11.5675675676,21.4,6.29411764706,8.92730063887,0.771752625323,0.35046728972,10.5886079642,1.83074062932,0.778732003031,3.11033345064,0.537767933055,0.263955544329,0.616758847275,0.459379820417,2.24083347051,1.36216678816,0.628863202568,2.24083347051,0.31615172494,0.202922077922,250,0.032175032175,0.56611565532,37,35,35,0.945945945946,0,0.675675675676,0.243243243243,0.027027027027,-2,-0.0015015015015,0.0182658806955,-0.108108108108,-0.2,0.294117647059,0.728201589261,0.0695149752407,0.0404072296596,0.259271335158,0.0613635215716,0.0134667377658,0.0235019799367,0.00900513483225,0.0112027915766,0.0368137323408,0.0214620805682,0.240833470508,0.0378424638395,0.0489180876337,0.240833470508,0.30398159877,0.196949381676,243,0.0312741312741,-0.0550809258764,-0.0540540540541,0,0,204,10,12,1106,0.944444444444,0.991039426523,0.0089605734767,0.0555555555556,0.953271028037,0.944444444444,0.948837209302,0.939004099889,0.935483870968,0.902654867257,150,152,0,0,0,0
1074,WLNM_dir_neg,0.987404778393,0.964049724589,00:00:02,10,30,20,1233300844,threshold_sweep,0.3,0.939597315436,0.921052631579,0.93023255814,140,9,12,295,0.921052631579,0.970394736842,0.0296052631579,0.0789473684211,0.939597315436,0.921052631579,0.93023255814,0.953947368421,0.557748538012,0.895867768595,0.895966911188,0.891447368421,216,64,152,0,216,0,64,0,152,37,216,0.162162162162,1.32432432432,11.6756756757,21.6,6,8.1990990496,0.702237650082,0.31006006006,10.329336629,1.76937710775,0.765265265265,3.0868314707,0.528762798222,0.252752752753,0.579945114934,0.437917739848,2,1.32432432432,0.579945114934,2,0.0121701261701,0.00597269624573,7,0.000900900900901,0.621196581197,37,37,37,1,0,0.72972972973,0.243243243243,0.027027027027,37,0.048048048048,1.32432432432,3.45945945946,6.4,2.13333333333,2.75473929594,0.796291827732,0.408783783784,3.04273861156,1.75908325981,0.771959459459,1.2167499663,0.703433574265,0.387668918919,0.579945114934,0.437917739848,2,1.35294117647,0.597081434027,2,0,0,0,0,0.0970700904034,37,34,34,0.918918918919,0,0.648648648649,0.162162162162,0.108108108108,37,213,0.15990990991,1.341402079,11.5135135135,21.3,6.26470588235,8.83371578298,0.767247614954,0.348940489786,10.5340859578,1.8298646969,0.778327623398,3.13940374209,0.545342434072,0.267478746352,0.614942039511,0.458432299411,2.23941538462,1.36091076923,0.627016799114,2.23941538462,0.286940936823,0.185236004391,225,0.0289575289575,0.568935076569,37,35,35,0.945945945946,0,0.675675675676,0.243243243243,0.027027027027,-3,-0.00225225225225,0.0170777546778,-0.162162162162,-0.3,0.264705882353,0.634616733379,0.0650099648721,0.0388804297255,0.204749328831,0.0604875891549,0.0130623581328,0.0525722713872,0.0165796358497,0.0147259935992,0.0349969245769,0.0205145595623,0.239415384615,0.0365864449064,0.0470716841791,0.239415384615,0.274770810653,0.179263308145,218,0.0280566280566,-0.0522615046278,-0.0540540540541,0,0,204,9,12,1107,0.944444444444,0.991935483871,0.00806451612903,0.0555555555556,0.957746478873,0.944444444444,0.951048951049,0.941686238309,0.936379928315,0.906666666667,149,152,0,0,0,0
1075,WLNM_dir_neg,0.987404778393,0.964049724589,00:00:02,10,30,20,1233300844,threshold_sweep,0.4,0.939597315436,0.921052631579,0.93023255814,140,9,12,295,0.921052631579,0.970394736842,0.0296052631579,0.0789473684211,0.939597315436,0.921052631579,0.93023255814,0.953947368421,0.557748538012,0.895867768595,0.895966911188,0.891447368421,216,64,152,0,216,0,64,0,152,37,216,0.162162162162,1.32432432432,11.6756756757,21.6,6,8.1990990496,0.702237650082,0.31006006006,10.329336629,1.76937710775,0.765265265265,3.0868314707,0.528762798222,0.252752752753,0.579945114934,0.437917739848,2,1.32432432432,0.579945114934,2,0.0121701261701,0.00597269624573,7,0.000900900900901,0.621196581197,37,37,37,1,0,0.72972972973,0.243243243243,0.027027027027,37,0.048048048048,1.32432432432,3.45945945946,6.4,2.13333333333,2.75473929594,0.796291827732,0.408783783784,3.04273861156,1.75908325981,0.771959459459,1.2167499663,0.703433574265,0.387668918919,0.579945114934,0.437917739848,2,1.35294117647,0.597081434027,2,0,0,0,0,0.0970700904034,37,34,34,0.918918918919,0,0.648648648649,0.162162162162,0.108108108108,37,213,0.15990990991,1.341402079,11.5135135135,21.3,6.26470588235,8.83371578298,0.767247614954,0.348940489786,10.5340859578,1.8298646969,0.778327623398,3.13940374209,0.545342434072,0.267478746352,0.614942039511,0.458432299411,2.23941538462,1.36091076923,0.627016799114,2.23941538462,0.286940936823,0.185236004391,225,0.0289575289575,0.568935076569,37,35,35,0.945945945946,0,0.675675675676,0.243243243243,0.027027027027,-3,-0.00225225225225,0.0170777546778,-0.162162162162,-0.3,0.264705882353,0.634616733379,0.0650099648721,0.0388804297255,0.204749328831,0.0604875891549,0.0130623581328,0.0525722713872,0.0165796358497,0.0147259935992,0.0349969245769,0.0205145595623,0.239415384615,0.0365864449064,0.0470716841791,0.239415384615,0.274770810653,0.179263308145,218,0.0280566280566,-0.0522615046278,-0.0540540540541,0,0,204,9,12,1107,0.944444444444,0.991935483871,0.00806451612903,0.0555555555556,0.957746478873,0.944444444444,0.951048951049,0.941686238309,0.936379928315,0.906666666667,149,152,0,0,0,0
1076,WLNM_dir_neg,0.987404778393,0.964049724589,00:00:02,10,30,20,1233300844,threshold_sweep,0.5,0.939597315436,0.921052631579,0.93023255814,140,9,12,295,0.921052631579,0.970394736842,0.0296052631579,0.0789473684211,0.939597315436,0.921052631579,0.93023255814,0.953947368421,0.557748538012,0.895867768595,0.895966911188,0.891447368421,216,64,152,0,216,0,64,0,152,37,216,0.162162162162,1.32432432432,11.6756756757,21.6,6,8.1990990496,0.702237650082,0.31006006006,10.329336629,1.76937710775,0.765265265265,3.0868314707,0.528762798222,0.252752752753,0.579945114934,0.437917739848,2,1.32432432432,0.579945114934,2,0.0121701261701,0.00597269624573,7,0.000900900900901,0.621196581197,37,37,37,1,0,0.72972972973,0.243243243243,0.027027027027,37,0.048048048048,1.32432432432,3.45945945946,6.4,2.13333333333,2.75473929594,0.796291827732,0.408783783784,3.04273861156,1.75908325981,0.771959459459,1.2167499663,0.703433574265,0.387668918919,0.579945114934,0.437917739848,2,1.35294117647,0.597081434027,2,0,0,0,0,0.0970700904034,37,34,34,0.918918918919,0,0.648648648649,0.162162162162,0.108108108108,37,213,0.15990990991,1.341402079,11.5135135135,21.3,6.26470588235,8.83371578298,0.767247614954,0.348940489786,10.5340859578,1.8298646969,0.778327623398,3.13940374209,0.545342434072,0.267478746352,0.614942039511,0.458432299411,2.23941538462,1.36091076923,0.627016799114,2.23941538462,0.286940936823,0.185236004391,225,0.0289575289575,0.568935076569,37,35,35,0.945945945946,0,0.675675675676,0.243243243243,0.027027027027,-3,-0.00225225225225,0.0170777546778,-0.162162162162,-0.3,0.264705882353,0.634616733379,0.0650099648721,0.0388804297255,0.204749328831,0.0604875891549,0.0130623581328,0.0525722713872,0.0165796358497,0.0147259935992,0.0349969245769,0.0205145595623,0.239415384615,0.0365864449064,0.0470716841791,0.239415384615,0.274770810653,0.179263308145,218,0.0280566280566,-0.0522615046278,-0.0540540540541,0,0,204,9,12,1107,0.944444444444,0.991935483871,0.00806451612903,0.0555555555556,0.957746478873,0.944444444444,0.951048951049,0.941686238309,0.936379928315,0.906666666667,149,152,0,0,0,0
1077,WLNM_dir_neg,0.987404778393,0.964049724589,00:00:02,10,30,20,1233300844,threshold_sweep,0.6,0.958904109589,0.921052631579,0.939597315436,140,6,12,298,0.921052631579,0.980263157895,0.0197368421053,0.0789473684211,0.958904109589,0.921052631579,0.939597315436,0.960526315789,0.559941520468,0.910299003322,0.910706193621,0.901315789474,216,64,152,0,216,0,64,0,152,37,216,0.162162162162,1.32432432432,11.6756756757,21.6,6,8.1990990496,0.702237650082,0.31006006006,10.329336629,1.76937710775,0.765265265265,3.0868314707,0.528762798222,0.252752752753,0.579945114934,0.437917739848,2,1.32432432432,0.579945114934,2,0.0121701261701,0.00597269624573,7,0.000900900900901,0.621196581197,37,37,37,1,0,0.72972972973,0.243243243243,0.027027027027,37,0.048048048048,1.32432432432,3.45945945946,6.4,2.13333333333,2.75473929594,0.796291827732,0.408783783784,3.04273861156,1.75908325981,0.771959459459,1.2167499663,0.703433574265,0.387668918919,0.579945114934,0.437917739848,2,1.35294117647,0.597081434027,2,0,0,0,0,0.0970700904034,37,34,34,0.918918918919,0,0.648648648649,0.162162162162,0.108108108108,37,210,0.157657657658,1.33780660661,11.3513513514,21,6.17647058824,8.5219201547,0.750740585057,0.342213642214,10.3683654933,1.82680725358,0.776576576577,3.20636566548,0.564931093442,0.277734877735,0.609309299877,0.45545394743,2.22980740741,1.35710984127,0.621289302169,2.22980740741,0.198090947549,0.129273197357,150,0.019305019305,0.57534958025,37,35,35,0.945945945946,0,0.675675675676,0.243243243243,0.027027027027,-6,-0.0045045045045,0.0134822822823,-0.324324324324,-0.6,0.176470588235,0.322821105098,0.0485029349753,0.0321535821536,0.0390288643171,0.0574301458391,0.0113113113113,0.119534194778,0.0361682952196,0.0249821249821,0.0293641849425,0.0175362075816,0.229807407407,0.0327855169455,0.041344187235,0.229807407407,0.185920821379,0.123300501111,143,0.0184041184041,-0.0458470009462,-0.0540540540541,0,0,204,6,12,1110,0.944444444444,0.994623655914,0.00537634408602,0.0555555555556,0.971428571429,0.944444444444,0.957746478873,0.949838972727,0.939068100358,0.918918918919,146,152,0,0,0,0
1078,WLNM_dir_neg,0.987404778393,0.964049724589,00:00:02,10,30,20,1233300844,threshold_sweep,0.7,0.958904109589,0.921052631579,0.939597315436,140,6,12,298,0.921052631579,0.980263157895,0.0197368421053,0.0789473684211,0.958904109589,0.921052631579,0.939597315436,0.960526315789,0.559941520468,0.910299003322,0.910706193621,0.901315789474,216,64,152,0,216,0,64,0,152,37,216,0.162162162162,1.32432432432,11.6756756757,21.6,6,8.1990990496,0.702237650082,0.31006006006,10.329336629,1.76937710775,0.765265265265,3.0868314707,0.528762798222,0.252752752753,0.579945114934,0.437917739848,2,1.32432432432,0.579945114934,2,0.0121701261701,0.00597269624573,7,0.000900900900901,0.621196581197,37,37,37,1,0,0.72972972973,0.243243243243,0.027027027027,37,0.048048048048,1.32432432432,3.45945945946,6.4,2.13333333333,2.75473929594,0.796291827732,0.408783783784,3.04273861156,1.75908325981,0.771959459459,1.2167499663,0.703433574265,0.387668918919,0.579945114934,0.437917739848,2,1.35294117647,0.597081434027,2,0,0,0,0,0.0970700904034,37,34,34,0.918918918919,0,0.648648648649,0.162162162162,0.108108108108,37,210,0.157657657658,1.33780660661,11.3513513514,21,6.17647058824,8.5219201547,0.750740585057,0.342213642214,10.3683654933,1.82680725358,0.776576576577,3.20636566548,0.564931093442,0.277734877735,0.609309299877,0.45545394743,2.22980740741,1.35710984127,0.621289302169,2.22980740741,0.198090947549,0.129273197357,150,0.019305019305,0.57534958025,37,35,35,0.945945945946,0,0.675675675676,0.243243243243,0.027027027027,-6,-0.0045045045045,0.0134822822823,-0.324324324324,-0.6,0.176470588235,0.322821105098,0.0485029349753,0.0321535821536,0.0390288643171,0.0574301458391,0.0113113113113,0.119534194778,0.0361682952196,0.0249821249821,0.0293641849425,0.0175362075816,0.229807407407,0.0327855169455,0.041344187235,0.229807407407,0.185920821379,0.123300501111,143,0.0184041184041,-0.0458470009462,-0.0540540540541,0,0,204,6,12,1110,0.944444444444,0.994623655914,0.00537634408602,0.0555555555556,0.971428571429,0.944444444444,0.957746478873,0.949838972727,0.939068100358,0.918918918919,146,152,0,0,0,0
1079,WLNM_dir_neg,0.987404778393,0.964049724589,00:00:02,10,30,20,1233300844,threshold_sweep,0.8,0.958620689655,0.914473684211,0.936026936027,139,6,13,298,0.914473684211,0.980263157895,0.0197368421053,0.0855263157895,0.958620689655,0.914473684211,0.936026936027,0.958333333333,0.56067251462,0.905158069884,0.905711142277,0.894736842105,216,64,152,0,216,0,64,0,152,37,216,0.162162162162,1.32432432432,11.6756756757,21.6,6,8.1990990496,0.702237650082,0.31006006006,10.329336629,1.76937710775,0.765265265265,3.0868314707,0.528762798222,0.252752752753,0.579945114934,0.437917739848,2,1.32432432432,0.579945114934,2,0.0121701261701,0.00597269624573,7,0.000900900900901,0.621196581197,37,37,37,1,0,0.72972972973,0.243243243243,0.027027027027,37,0.048048048048,1.32432432432,3.45945945946,6.4,2.13333333333,2.75473929594,0.796291827732,0.408783783784,3.04273861156,1.75908325981,0.771959459459,1.2167499663,0.703433574265,0.387668918919,0.579945114934,0.437917739848,2,1.35294117647,0.597081434027,2,0,0,0,0,0.0970700904034,37,34,34,0.918918918919,0,0.648648648649,0.162162162162,0.108108108108,37,209,0.156906906907,1.3379027027,11.2972972973,20.9,6.14705882353,8.49465474043,0.751919199512,0.343851028062,10.3123879555,1.82563805911,0.7756368809,3.22504277505,0.570940586971,0.280874175611,0.609460449216,0.455534208867,2.2304,1.35721142857,0.621443007548,2.2304,0.193316812726,0.128658359896,148,0.0190476190476,0.575967227891,37,35,35,0.945945945946,0,0.675675675676,0.243243243243,0.027027027027,-7,-0.00525525525526,0.0135783783784,-0.378378378378,-0.7,0.147058823529,0.295555690828,0.0496815494301,0.0337909680015,-0.0169486734704,0.0562609513675,0.0103716156348,0.138211304346,0.0421777887481,0.0281214228583,0.029515334282,0.0176164690184,0.2304,0.0328871042471,0.0414978926135,0.2304,0.181146686556,0.12268566365,141,0.0181467181467,-0.045229353306,-0.0540540540541,0,0,203,6,13,1110,0.939814814815,0.994623655914,0.00537634408602,0.0601851851852,0.971291866029,0.939814814815,0.955294117647,0.94699276645,0.934438470729,0.914414414414,145,152,0,0,0,0
1080,WLNM_dir_neg,0.987404778393,0.964049724589,00:00:02,10,30,20,1233300844,threshold_sweep,0.9,0.965034965035,0.907894736842,0.935593220339,138,5,14,299,0.907894736842,0.983552631579,0.0164473684211,0.0921052631579,0.965034965035,0.907894736842,0.935593220339,0.958333333333,0.562134502924,0.904841402337,0.905762018845,0.891447368421,216,64,152,0,216,0,64,0,152,37,216,0.162162162162,1.32432432432,11.6756756757,21.6,6,8.1990990496,0.702237650082,0.31006006006,10.329336629,1.76937710775,0.765265265265,3.0868314707,0.528762798222,0.252752752753,0.579945114934,0.437917739848,2,1.32432432432,0.579945114934,2,0.0121701261701,0.00597269624573,7,0.000900900900901,0.621196581197,37,37,37,1,0,0.72972972973,0.243243243243,0.027027027027,37,0.048048048048,1.32432432432,3.45945945946,6.4,2.13333333333,2.75473929594,0.796291827732,0.408783783784,3.04273861156,1.75908325981,0.771959459459,1.2167499663,0.703433574265,0.387668918919,0.579945114934,0.437917739848,2,1.35294117647,0.597081434027,2,0,0,0,0,0.0970700904034,37,34,34,0.918918918919,0,0.648648648649,0.162162162162,0.108108108108,37,207,0.155405405405,1.33656216216,11.1891891892,20.7,6.08823529412,8.37269980963,0.748284765595,0.34377856117,10.2074576753,1.82452142022,0.775297036167,3.27837577891,0.585989873525,0.287504896201,0.607457912283,0.454492824561,2.2288,1.35579428571,0.619408882319,2.2288,0.183564966688,0.110353010976,124,0.0159588159588,0.581587858289,37,35,35,0.945945945946,0,0.675675675676,0.243243243243,0.027027027027,-9,-0.00675675675676,0.0122378378378,-0.486486486486,-0.9,0.0882352941176,0.173600760021,0.0460471155127,0.0337185011098,-0.121878953741,0.05514431247,0.0100317709013,0.191544308207,0.0572270753026,0.0347521434478,0.0275127973485,0.0165750847129,0.2288,0.03146996139,0.0394637673846,0.2288,0.171394840518,0.10438031473,117,0.0150579150579,-0.0396087229076,-0.0540540540541,0,0,202,5,14,1111,0.935185185185,0.995519713262,0.00448028673835,0.0648148148148,0.975845410628,0.935185185185,0.955082742317,0.946911821869,0.930704898447,0.914027149321,143,152,0,0,0,0
1081,WLNM_dir_neg,0.983357860111,0.752476525715,00:00:03,10,30,21,1233300845,threshold_sweep,0.1,0.9,0.532894736842,0.669421487603,81,9,71,295,0.532894736842,0.970394736842,0.0296052631579,0.467105263158,0.9,0.532894736842,0.669421487603,0.824561403509,0.600877192982,0.56043956044,0.596093842321,0.503289473684,216,64,152,0,216,0,64,0,152,37,216,0.162162162162,1.32432432432,11.6756756757,21.6,6,8.1990990496,0.702237650082,0.31006006006,10.329336629,1.76937710775,0.765265265265,3.0868314707,0.528762798222,0.252752752753,0.579945114934,0.437917739848,2,1.32432432432,0.579945114934,2,0.0121701261701,0.00597269624573,7,0.000900900900901,0.621196581197,37,37,37,1,0,0.72972972973,0.243243243243,0.027027027027,37,0.048048048048,1.31981981982,3.45945945946,6.4,2.06451612903,2.94009254006,0.849870499862,0.447212837838,3.09702947864,1.79047016734,0.780405405405,1.40729544889,0.813592681392,0.427364864865,0.567072809762,0.429659262004,2,1.34803921569,0.583683368368,2,0,0,0,0,0.115612720613,37,34,34,0.918918918919,0,0.648648648649,0.189189189189,0.0810810810811,37,154,0.115615615616,1.57451946283,8.32432432432,11.8461538462,4.27777777778,7.04372870816,0.846162214941,0.385749385749,7.68661720681,1.84678465359,0.786591786592,1.95097573186,0.46874092259,0.257985257985,0.861235947568,0.546983360891,2.46644518272,1.5904783368,0.867886489762,2.46644518272,0.12320050639,0.0776255707763,51,0.00656370656371,0.183763860756,37,36,36,0.972972972973,0,0.621621621622,0.351351351351,0,-62,-0.0465465465465,0.250195138507,-3.35135135135,-9.75384615385,-1.72222222222,-1.15537034145,0.143924564859,0.0756893256893,-2.64271942219,0.0774075458398,0.0213265213265,-1.13585573884,-0.0600218756327,0.00523250523251,0.281290832633,0.109065621043,0.466445182724,0.266154012475,0.287941374828,0.466445182724,0.11103038022,0.0716528745305,44,0.00566280566281,-0.437432720441,-0.108108108108,0.108108108108,-0.027027027027,145,9,71,1107,0.671296296296,0.991935483871,0.00806451612903,0.328703703704,0.941558441558,0.671296296296,0.783783783784,0.764524302875,0.663231780167,0.644444444444,90,152,0,0,0,0
1082,WLNM_dir_neg,0.983357860111,0.752476525715,00:00:03,10,30,21,1233300845,threshold_sweep,0.2,0.898876404494,0.526315789474,0.663900414938,80,9,72,295,0.526315789474,0.970394736842,0.0296052631579,0.473684210526,0.898876404494,0.526315789474,0.663900414938,0.822368421053,0.601608187135,0.554128440367,0.590791058881,0.496710526316,216,64,152,0,216,0,64,0,152,37,216,0.162162162162,1.32432432432,11.6756756757,21.6,6,8.1990990496,0.702237650082,0.31006006006,10.329336629,1.76937710775,0.765265265265,3.0868314707,0.528762798222,0.252752752753,0.579945114934,0.437917739848,2,1.32432432432,0.579945114934,2,0.0121701261701,0.00597269624573,7,0.000900900900901,0.621196581197,37,37,37,1,0,0.72972972973,0.243243243243,0.027027027027,37,0.048048048048,1.31981981982,3.45945945946,6.4,2.06451612903,2.94009254006,0.849870499862,0.447212837838,3.09702947864,1.79047016734,0.780405405405,1.40729544889,0.813592681392,0.427364864865,0.567072809762,0.429659262004,2,1.34803921569,0.583683368368,2,0,0,0,0,0.115612720613,37,34,34,0.918918918919,0,0.648648648649,0.189189189189,0.0810810810811,37,153,0.114864864865,1.5751825361,8.27027027027,11.7692307692,4.25,6.97076692994,0.842870511137,0.383677795443,7.66725418822,1.85417258147,0.787493375729,1.97430947369,0.477447389062,0.263204380851,0.8626891225,0.547675652014,2.46644518272,1.59115982877,0.869356839202,2.46644518272,0.122602987689,0.0758513931889,49,0.00630630630631,0.183028104138,37,36,36,0.972972972973,0,0.621621621622,0.351351351351,0,-63,-0.0472972972973,0.250858211778,-3.40540540541,-9.83076923077,-1.75,-1.22833211966,0.140632861055,0.0736177353824,-2.66208244078,0.0847954737198,0.0222281104634,-1.11252199702,-0.0513154091604,0.0104516280987,0.282744007566,0.109757912165,0.466445182724,0.266835504447,0.289411724267,0.466445182724,0.110432861519,0.0698786969431,42,0.00540540540541,-0.438168477059,-0.108108108108,0.108108108108,-0.027027027027,144,9,72,1107,0.666666666667,0.991935483871,0.00806451612903,0.333333333333,0.941176470588,0.666666666667,0.780487804878,0.761341492962,0.658602150538,0.64,89,152,0,0,0,0
1083,WLNM_dir_neg,0.983357860111,0.752476525715,00:00:03,10,30,21,1233300845,threshold_sweep,0.3,0.919540229885,0.526315789474,0.669456066946,80,7,72,297,0.526315789474,0.976973684211,0.0230263157895,0.473684210526,0.919540229885,0.526315789474,0.669456066946,0.826754385965,0.603070175439,0.563535911602,0.603814619065,0.503289473684,216,64,152,0,216,0,64,0,152,37,216,0.162162162162,1.32432432432,11.6756756757,21.6,6,8.1990990496,0.702237650082,0.31006006006,10.329336629,1.76937710775,0.765265265265,3.0868314707,0.528762798222,0.252752752753,0.579945114934,0.437917739848,2,1.32432432432,0.579945114934,2,0.0121701261701,0.00597269624573,7,0.000900900900901,0.621196581197,37,37,37,1,0,0.72972972973,0.243243243243,0.027027027027,37,0.048048048048,1.31981981982,3.45945945946,6.4,2.06451612903,2.94009254006,0.849870499862,0.447212837838,3.09702947864,1.79047016734,0.780405405405,1.40729544889,0.813592681392,0.427364864865,0.567072809762,0.429659262004,2,1.34803921569,0.583683368368,2,0,0,0,0,0.115612720613,37,34,34,0.918918918919,0,0.648648648649,0.189189189189,0.0810810810811,37,151,0.113363363363,1.39759694689,8.16216216216,13.7272727273,4.19444444444,6.96624206646,0.853479988275,0.385000894935,7.69335347477,1.88512634812,0.793270091283,2.01905338626,0.494734935707,0.272776087346,0.680463315269,0.486880940018,2.2711087035,1.40864130653,0.686744225781,2.2711087035,0.122602987689,0.0758513931889,49,0.00630630630631,0.250981270918,37,36,36,0.972972972973,0,0.675675675676,0.297297297297,0,-65,-0.0487987987988,0.0732726225684,-3.51351351351,-7.87272727273,-1.80555555556,-1.23285698314,0.151242338193,0.0749408348746,-2.63598315423,0.115749240376,0.0280048260181,-1.06777808444,-0.0340278625158,0.0200233345929,0.100518200335,0.0489632001694,0.271108703503,0.0843169822043,0.106799110847,0.271108703503,0.110432861519,0.0698786969431,42,0.00540540540541,-0.370215310278,-0.0540540540541,0.0540540540541,-0.027027027027,144,7,72,1109,0.666666666667,0.993727598566,0.00627240143369,0.333333333333,0.953642384106,0.666666666667,0.784741144414,0.767801301015,0.660394265233,0.645739910314,87,152,0,0,0,0
1084,WLNM_dir_neg,0.983357860111,0.752476525715,00:00:03,10,30,21,1233300845,threshold_sweep,0.4,0.952380952381,0.526315789474,0.677966101695,80,4,72,300,0.526315789474,0.986842105263,0.0131578947368,0.473684210526,0.952380952381,0.526315789474,0.677966101695,0.833333333333,0.605263157895,0.577777777778,0.624019968959,0.513157894737,216,64,152,0,216,0,64,0,152,37,216,0.162162162162,1.32432432432,11.6756756757,21.6,6,8.1990990496,0.702237650082,0.31006006006,10.329336629,1.76937710775,0.765265265265,3.0868314707,0.528762798222,0.252752752753,0.579945114934,0.437917739848,2,1.32432432432,0.579945114934,2,0.0121701261701,0.00597269624573,7,0.000900900900901,0.621196581197,37,37,37,1,0,0.72972972973,0.243243243243,0.027027027027,37,0.048048048048,1.31981981982,3.45945945946,6.4,2.06451612903,2.94009254006,0.849870499862,0.447212837838,3.09702947864,1.79047016734,0.780405405405,1.40729544889,0.813592681392,0.427364864865,0.567072809762,0.429659262004,2,1.34803921569,0.583683368368,2,0,0,0,0,0.115612720613,37,34,34,0.918918918919,0,0.648648648649,0.189189189189,0.0810810810811,37,148,0.111111111111,1.33630054757,8,14.8,4.11111111111,6.86375342732,0.857969178416,0.392439737034,7.7208232146,1.93020580365,0.800584368152,2.068278941,0.51706973525,0.284514243974,0.605073083617,0.452797153094,2.16034669556,1.34564222945,0.610944094791,2.16034669556,0.109078329078,0.073915372255,46,0.00592020592021,0.289162294086,37,36,36,0.972972972973,0,0.702702702703,0.27027027027,0,-68,-0.0510510510511,0.0119762232438,-3.67567567568,-6.8,-1.88888888889,-1.33534562228,0.155731528334,0.0823796769743,-2.6085134144,0.160828695905,0.0353191028867,-1.01855252971,-0.0116930629728,0.031761491221,0.0251279686823,0.0148794132455,0.160346695558,0.0213179051207,0.0309989798566,0.160346695558,0.0969082029082,0.0679426760092,39,0.00501930501931,-0.332034287111,-0.027027027027,0.027027027027,-0.027027027027,144,4,72,1112,0.666666666667,0.996415770609,0.00358422939068,0.333333333333,0.972972972973,0.666666666667,0.791208791209,0.777713771048,0.663082437276,0.654545454545,84,152,0,0,0,0
1085,WLNM_dir_neg,0.983357860111,0.752476525715,00:00:03,10,30,21,1233300845,threshold_sweep,0.5,0.952380952381,0.526315789474,0.677966101695,80,4,72,300,0.526315789474,0.986842105263,0.0131578947368,0.473684210526,0.952380952381,0.526315789474,0.677966101695,0.833333333333,0.605263157895,0.577777777778,0.624019968959,0.513157894737,216,64,152,0,216,0,64,0,152,37,216,0.162162162162,1.32432432432,11.6756756757,21.6,6,8.1990990496,0.702237650082,0.31006006006,10.329336629,1.76937710775,0.765265265265,3.0868314707,0.528762798222,0.252752752753,0.579945114934,0.437917739848,2,1.32432432432,0.579945114934,2,0.0121701261701,0.00597269624573,7,0.000900900900901,0.621196581197,37,37,37,1,0,0.72972972973,0.243243243243,0.027027027027,37,0.048048048048,1.31981981982,3.45945945946,6.4,2.06451612903,2.94009254006,0.849870499862,0.447212837838,3.09702947864,1.79047016734,0.780405405405,1.40729544889,0.813592681392,0.427364864865,0.567072809762,0.429659262004,2,1.34803921569,0.583683368368,2,0,0,0,0,0.115612720613,37,34,34,0.918918918919,0,0.648648648649,0.189189189189,0.0810810810811,37,148,0.111111111111,1.33630054757,8,14.8,4.11111111111,6.86375342732,0.857969178416,0.392439737034,7.7208232146,1.93020580365,0.800584368152,2.068278941,0.51706973525,0.284514243974,0.605073083617,0.452797153094,2.16034669556,1.34564222945,0.610944094791,2.16034669556,0.109078329078,0.073915372255,46,0.00592020592021,0.289162294086,37,36,36,0.972972972973,0,0.702702702703,0.27027027027,0,-68,-0.0510510510511,0.0119762232438,-3.67567567568,-6.8,-1.88888888889,-1.33534562228,0.155731528334,0.0823796769743,-2.6085134144,0.160828695905,0.0353191028867,-1.01855252971,-0.0116930629728,0.031761491221,0.0251279686823,0.0148794132455,0.160346695558,0.0213179051207,0.0309989798566,0.160346695558,0.0969082029082,0.0679426760092,39,0.00501930501931,-0.332034287111,-0.027027027027,0.027027027027,-0.027027027027,144,4,72,1112,0.666666666667,0.996415770609,0.00358422939068,0.333333333333,0.972972972973,0.666666666667,0.791208791209,0.777713771048,0.663082437276,0.654545454545,84,152,0,0,0,0
1086,WLNM_dir_neg,0.983357860111,0.752476525715,00:00:03,10,30,21,1233300845,threshold_sweep,0.6,0.963855421687,0.526315789474,0.68085106383,80,3,72,301,0.526315789474,0.990131578947,0.00986842105263,0.473684210526,0.963855421687,0.526315789474,0.68085106383,0.835526315789,0.605994152047,0.582560296846,0.630944548762,0.516447368421,216,64,152,0,216,0,64,0,152,37,216,0.162162162162,1.32432432432,11.6756756757,21.6,6,8.1990990496,0.702237650082,0.31006006006,10.329336629,1.76937710775,0.765265265265,3.0868314707,0.528762798222,0.252752752753,0.579945114934,0.437917739848,2,1.32432432432,0.579945114934,2,0.0121701261701,0.00597269624573,7,0.000900900900901,0.621196581197,37,37,37,1,0,0.72972972973,0.243243243243,0.027027027027,37,0.048048048048,1.31981981982,3.45945945946,6.4,2.06451612903,2.94009254006,0.849870499862,0.447212837838,3.09702947864,1.79047016734,0.780405405405,1.40729544889,0.813592681392,0.427364864865,0.567072809762,0.429659262004,2,1.34803921569,0.583683368368,2,0,0,0,0,0.115612720613,37,34,34,0.918918918919,0,0.648648648649,0.189189189189,0.0810810810811,37,147,0.11036036036,1.33325524875,7.94594594595,14.7,4.08333333333,6.77391215516,0.852499148779,0.389593675308,7.70096129096,1.93833719568,0.801250229822,2.08814759066,0.525588169077,0.288288288288,0.59977347644,0.449856452471,2.14782713374,1.34251233899,0.605594678093,2.14782713374,0.0882625945483,0.0590163934426,36,0.0046332046332,0.28869243357,37,36,36,0.972972972973,0,0.702702702703,0.27027027027,0,-69,-0.0518018018018,0.00893092442388,-3.72972972973,-6.9,-1.91666666667,-1.42518689444,0.150261498697,0.0795336152479,-2.62837533804,0.168960087938,0.0359849645564,-0.998683880048,-0.00317462914589,0.0355355355355,0.0198283615051,0.0119387126221,0.147827133743,0.0181880146669,0.0256495631589,0.147827133743,0.0760924683782,0.0530436971969,29,0.0037323037323,-0.332504147626,-0.027027027027,0.027027027027,-0.027027027027,144,3,72,1113,0.666666666667,0.997311827957,0.00268817204301,0.333333333333,0.979591836735,0.666666666667,0.793388429752,0.781079327571,0.663978494624,0.657534246575,83,152,0,0,0,0
1087,WLNM_dir_neg,0.983357860111,0.752476525715,00:00:03,10,30,21,1233300845,threshold_sweep,0.7,0.963855421687,0.526315789474,0.68085106383,80,3,72,301,0.526315789474,0.990131578947,0.00986842105263,0.473684210526,0.963855421687,0.526315789474,0.68085106383,0.835526315789,0.605994152047,0.582560296846,0.630944548762,0.516447368421,216,64,152,0,216,0,64,0,152,37,216,0.162162162162,1.32432432432,11.6756756757,21.6,6,8.1990990496,0.702237650082,0.31006006006,10.329336629,1.76937710775,0.765265265265,3.0868314707,0.528762798222,0.252752752753,0.579945114934,0.437917739848,2,1.32432432432,0.579945114934,2,0.0121701261701,0.00597269624573,7,0.000900900900901,0.621196581197,37,37,37,1,0,0.72972972973,0.243243243243,0.027027027027,37,0.048048048048,1.31981981982,3.45945945946,6.4,2.06451612903,2.94009254006,0.849870499862,0.447212837838,3.09702947864,1.79047016734,0.780405405405,1.40729544889,0.813592681392,0.427364864865,0.567072809762,0.429659262004,2,1.34803921569,0.583683368368,2,0,0,0,0,0.115612720613,37,34,34,0.918918918919,0,0.648648648649,0.189189189189,0.0810810810811,37,147,0.11036036036,1.33325524875,7.94594594595,14.7,4.08333333333,6.77391215516,0.852499148779,0.389593675308,7.70096129096,1.93833719568,0.801250229822,2.08814759066,0.525588169077,0.288288288288,0.59977347644,0.449856452471,2.14782713374,1.34251233899,0.605594678093,2.14782713374,0.0882625945483,0.0590163934426,36,0.0046332046332,0.28869243357,37,36,36,0.972972972973,0,0.702702702703,0.27027027027,0,-69,-0.0518018018018,0.00893092442388,-3.72972972973,-6.9,-1.91666666667,-1.42518689444,0.150261498697,0.0795336152479,-2.62837533804,0.168960087938,0.0359849645564,-0.998683880048,-0.00317462914589,0.0355355355355,0.0198283615051,0.0119387126221,0.147827133743,0.0181880146669,0.0256495631589,0.147827133743,0.0760924683782,0.0530436971969,29,0.0037323037323,-0.332504147626,-0.027027027027,0.027027027027,-0.027027027027,144,3,72,1113,0.666666666667,0.997311827957,0.00268817204301,0.333333333333,0.979591836735,0.666666666667,0.793388429752,0.781079327571,0.663978494624,0.657534246575,83,152,0,0,0,0
1088,WLNM_dir_neg,0.983357860111,0.752476525715,00:00:03,10,30,21,1233300845,threshold_sweep,0.8,0.963855421687,0.526315789474,0.68085106383,80,3,72,301,0.526315789474,0.990131578947,0.00986842105263,0.473684210526,0.963855421687,0.526315789474,0.68085106383,0.835526315789,0.605994152047,0.582560296846,0.630944548762,0.516447368421,216,64,152,0,216,0,64,0,152,37,216,0.162162162162,1.32432432432,11.6756756757,21.6,6,8.1990990496,0.702237650082,0.31006006006,10.329336629,1.76937710775,0.765265265265,3.0868314707,0.528762798222,0.252752752753,0.579945114934,0.437917739848,2,1.32432432432,0.579945114934,2,0.0121701261701,0.00597269624573,7,0.000900900900901,0.621196581197,37,37,37,1,0,0.72972972973,0.243243243243,0.027027027027,37,0.048048048048,1.31981981982,3.45945945946,6.4,2.06451612903,2.94009254006,0.849870499862,0.447212837838,3.09702947864,1.79047016734,0.780405405405,1.40729544889,0.813592681392,0.427364864865,0.567072809762,0.429659262004,2,1.34803921569,0.583683368368,2,0,0,0,0,0.115612720613,37,34,34,0.918918918919,0,0.648648648649,0.189189189189,0.0810810810811,37,147,0.11036036036,1.33325524875,7.94594594595,14.7,4.08333333333,6.77391215516,0.852499148779,0.389593675308,7.70096129096,1.93833719568,0.801250229822,2.08814759066,0.525588169077,0.288288288288,0.59977347644,0.449856452471,2.14782713374,1.34251233899,0.605594678093,2.14782713374,0.0882625945483,0.0590163934426,36,0.0046332046332,0.28869243357,37,36,36,0.972972972973,0,0.702702702703,0.27027027027,0,-69,-0.0518018018018,0.00893092442388,-3.72972972973,-6.9,-1.91666666667,-1.42518689444,0.150261498697,0.0795336152479,-2.62837533804,0.168960087938,0.0359849645564,-0.998683880048,-0.00317462914589,0.0355355355355,0.0198283615051,0.0119387126221,0.147827133743,0.0181880146669,0.0256495631589,0.147827133743,0.0760924683782,0.0530436971969,29,0.0037323037323,-0.332504147626,-0.027027027027,0.027027027027,-0.027027027027,144,3,72,1113,0.666666666667,0.997311827957,0.00268817204301,0.333333333333,0.979591836735,0.666666666667,0.793388429752,0.781079327571,0.663978494624,0.657534246575,83,152,0,0,0,0
1089,WLNM_dir_neg,0.983357860111,0.752476525715,00:00:03,10,30,21,1233300845,threshold_sweep,0.9,0.963855421687,0.526315789474,0.68085106383,80,3,72,301,0.526315789474,0.990131578947,0.00986842105263,0.473684210526,0.963855421687,0.526315789474,0.68085106383,0.835526315789,0.605994152047,0.582560296846,0.630944548762,0.516447368421,216,64,152,0,216,0,64,0,152,37,216,0.162162162162,1.32432432432,11.6756756757,21.6,6,8.1990990496,0.702237650082,0.31006006006,10.329336629,1.76937710775,0.765265265265,3.0868314707,0.528762798222,0.252752752753,0.579945114934,0.437917739848,2,1.32432432432,0.579945114934,2,0.0121701261701,0.00597269624573,7,0.000900900900901,0.621196581197,37,37,37,1,0,0.72972972973,0.243243243243,0.027027027027,37,0.048048048048,1.31981981982,3.45945945946,6.4,2.06451612903,2.94009254006,0.849870499862,0.447212837838,3.09702947864,1.79047016734,0.780405405405,1.40729544889,0.813592681392,0.427364864865,0.567072809762,0.429659262004,2,1.34803921569,0.583683368368,2,0,0,0,0,0.115612720613,37,34,34,0.918918918919,0,0.648648648649,0.189189189189,0.0810810810811,37,147,0.11036036036,1.33325524875,7.94594594595,14.7,4.08333333333,6.77391215516,0.852499148779,0.389593675308,7.70096129096,1.93833719568,0.801250229822,2.08814759066,0.525588169077,0.288288288288,0.59977347644,0.449856452471,2.14782713374,1.34251233899,0.605594678093,2.14782713374,0.0882625945483,0.0590163934426,36,0.0046332046332,0.28869243357,37,36,36,0.972972972973,0,0.702702702703,0.27027027027,0,-69,-0.0518018018018,0.00893092442388,-3.72972972973,-6.9,-1.91666666667,-1.42518689444,0.150261498697,0.0795336152479,-2.62837533804,0.168960087938,0.0359849645564,-0.998683880048,-0.00317462914589,0.0355355355355,0.0198283615051,0.0119387126221,0.147827133743,0.0181880146669,0.0256495631589,0.147827133743,0.0760924683782,0.0530436971969,29,0.0037323037323,-0.332504147626,-0.027027027027,0.027027027027,-0.027027027027,144,3,72,1113,0.666666666667,0.997311827957,0.00268817204301,0.333333333333,0.979591836735,0.666666666667,0.793388429752,0.781079327571,0.663978494624,0.657534246575,83,152,0,0,0,0
1090,WLNM_dir_neg,0.986106301939,0.595269687974,00:00:02,10,30,22,1233300846,threshold_sweep,0.1,0.961165048544,0.651315789474,0.776470588235,99,4,53,300,0.651315789474,0.986842105263,0.0131578947368,0.348684210526,0.961165048544,0.651315789474,0.776470588235,0.875,0.591374269006,0.694096601073,0.719417117551,0.638157894737,216,64,152,0,216,0,64,0,152,37,216,0.162162162162,1.32432432432,11.6756756757,21.6,6,8.1990990496,0.702237650082,0.31006006006,10.329336629,1.76937710775,0.765265265265,3.0868314707,0.528762798222,0.252752752753,0.579945114934,0.437917739848,2,1.32432432432,0.579945114934,2,0.0121701261701,0.00597269624573,7,0.000900900900901,0.621196581197,37,37,37,1,0,0.72972972973,0.243243243243,0.027027027027,37,0.048048048048,1.31081081081,3.45945945946,6.4,2.46153846154,2.88284769123,0.833323160745,0.445101351351,3.31368080546,1.91572171566,0.803209459459,1.69392129964,0.979298251354,0.526182432432,0.544560874969,0.415438193275,2,1.33823529412,0.560310901728,2,0,0,0,0,0.131203857871,37,34,34,0.918918918919,0,0.648648648649,0.0540540540541,0.216216216216,37,167,0.125375375375,1.33373246664,9.02702702703,16.7,4.63888888889,7.28196587654,0.80668484261,0.385822948697,8.37198244683,1.85487036247,0.790095484706,2.4790412755,0.54924866583,0.302961644279,0.600357220524,0.450133168037,2.14978902954,1.34300281294,0.606181616954,2.14978902954,0.0983514353211,0.0658761528327,50,0.00643500643501,0.385862987971,37,36,36,0.972972972973,0,0.702702702703,0.27027027027,0,-49,-0.0367867867868,0.00940814231953,-2.64864864865,-4.9,-1.36111111111,-0.917133173069,0.104447192528,0.0757628886371,-1.95735418217,0.0854932547268,0.024830219441,-0.607790195201,0.0204858676075,0.0502088915263,0.0204121055898,0.0122154281886,0.149789029536,0.0186784886152,0.0262365020195,0.149789029536,0.086181309151,0.0599034565869,43,0.00553410553411,-0.235333593225,-0.027027027027,0.027027027027,-0.027027027027,163,4,53,1112,0.75462962963,0.996415770609,0.00358422939068,0.24537037037,0.976047904192,0.75462962963,0.851174934726,0.835995549152,0.751045400239,0.740909090909,103,152,0,0,0,0
1091,WLNM_dir_neg,0.986106301939,0.595269687974,00:00:02,10,30,22,1233300846,threshold_sweep,0.2,0.961165048544,0.651315789474,0.776470588235,99,4,53,300,0.651315789474,0.986842105263,0.0131578947368,0.348684210526,0.961165048544,0.651315789474,0.776470588235,0.875,0.591374269006,0.694096601073,0.719417117551,0.638157894737,216,64,152,0,216,0,64,0,152,37,216,0.162162162162,1.32432432432,11.6756756757,21.6,6,8.1990990496,0.702237650082,0.31006006006,10.329336629,1.76937710775,0.765265265265,3.0868314707,0.528762798222,0.252752752753,0.579945114934,0.437917739848,2,1.32432432432,0.579945114934,2,0.0121701261701,0.00597269624573,7,0.000900900900901,0.621196581197,37,37,37,1,0,0.72972972973,0.243243243243,0.027027027027,37,0.048048048048,1.31081081081,3.45945945946,6.4,2.46153846154,2.88284769123,0.833323160745,0.445101351351,3.31368080546,1.91572171566,0.803209459459,1.69392129964,0.979298251354,0.526182432432,0.544560874969,0.415438193275,2,1.33823529412,0.560310901728,2,0,0,0,0,0.131203857871,37,34,34,0.918918918919,0,0.648648648649,0.0540540540541,0.216216216216,37,167,0.125375375375,1.33373246664,9.02702702703,16.7,4.63888888889,7.28196587654,0.80668484261,0.385822948697,8.37198244683,1.85487036247,0.790095484706,2.4790412755,0.54924866583,0.302961644279,0.600357220524,0.450133168037,2.14978902954,1.34300281294,0.606181616954,2.14978902954,0.0983514353211,0.0658761528327,50,0.00643500643501,0.385862987971,37,36,36,0.972972972973,0,0.702702702703,0.27027027027,0,-49,-0.0367867867868,0.00940814231953,-2.64864864865,-4.9,-1.36111111111,-0.917133173069,0.104447192528,0.0757628886371,-1.95735418217,0.0854932547268,0.024830219441,-0.607790195201,0.0204858676075,0.0502088915263,0.0204121055898,0.0122154281886,0.149789029536,0.0186784886152,0.0262365020195,0.149789029536,0.086181309151,0.0599034565869,43,0.00553410553411,-0.235333593225,-0.027027027027,0.027027027027,-0.027027027027,163,4,53,1112,0.75462962963,0.996415770609,0.00358422939068,0.24537037037,0.976047904192,0.75462962963,0.851174934726,0.835995549152,0.751045400239,0.740909090909,103,152,0,0,0,0
1092,WLNM_dir_neg,0.986106301939,0.595269687974,00:00:02,10,30,22,1233300846,threshold_sweep,0.3,0.961165048544,0.651315789474,0.776470588235,99,4,53,300,0.651315789474,0.986842105263,0.0131578947368,0.348684210526,0.961165048544,0.651315789474,0.776470588235,0.875,0.591374269006,0.694096601073,0.719417117551,0.638157894737,216,64,152,0,216,0,64,0,152,37,216,0.162162162162,1.32432432432,11.6756756757,21.6,6,8.1990990496,0.702237650082,0.31006006006,10.329336629,1.76937710775,0.765265265265,3.0868314707,0.528762798222,0.252752752753,0.579945114934,0.437917739848,2,1.32432432432,0.579945114934,2,0.0121701261701,0.00597269624573,7,0.000900900900901,0.621196581197,37,37,37,1,0,0.72972972973,0.243243243243,0.027027027027,37,0.048048048048,1.31081081081,3.45945945946,6.4,2.46153846154,2.88284769123,0.833323160745,0.445101351351,3.31368080546,1.91572171566,0.803209459459,1.69392129964,0.979298251354,0.526182432432,0.544560874969,0.415438193275,2,1.33823529412,0.560310901728,2,0,0,0,0,0.131203857871,37,34,34,0.918918918919,0,0.648648648649,0.0540540540541,0.216216216216,37,167,0.125375375375,1.33373246664,9.02702702703,16.7,4.63888888889,7.28196587654,0.80668484261,0.385822948697,8.37198244683,1.85487036247,0.790095484706,2.4790412755,0.54924866583,0.302961644279,0.600357220524,0.450133168037,2.14978902954,1.34300281294,0.606181616954,2.14978902954,0.0983514353211,0.0658761528327,50,0.00643500643501,0.385862987971,37,36,36,0.972972972973,0,0.702702702703,0.27027027027,0,-49,-0.0367867867868,0.00940814231953,-2.64864864865,-4.9,-1.36111111111,-0.917133173069,0.104447192528,0.0757628886371,-1.95735418217,0.0854932547268,0.024830219441,-0.607790195201,0.0204858676075,0.0502088915263,0.0204121055898,0.0122154281886,0.149789029536,0.0186784886152,0.0262365020195,0.149789029536,0.086181309151,0.0599034565869,43,0.00553410553411,-0.235333593225,-0.027027027027,0.027027027027,-0.027027027027,163,4,53,1112,0.75462962963,0.996415770609,0.00358422939068,0.24537037037,0.976047904192,0.75462962963,0.851174934726,0.835995549152,0.751045400239,0.740909090909,103,152,0,0,0,0
1093,WLNM_dir_neg,0.986106301939,0.595269687974,00:00:02,10,30,22,1233300846,threshold_sweep,0.4,0.961165048544,0.651315789474,0.776470588235,99,4,53,300,0.651315789474,0.986842105263,0.0131578947368,0.348684210526,0.961165048544,0.651315789474,0.776470588235,0.875,0.591374269006,0.694096601073,0.719417117551,0.638157894737,216,64,152,0,216,0,64,0,152,37,216,0.162162162162,1.32432432432,11.6756756757,21.6,6,8.1990990496,0.702237650082,0.31006006006,10.329336629,1.76937710775,0.765265265265,3.0868314707,0.528762798222,0.252752752753,0.579945114934,0.437917739848,2,1.32432432432,0.579945114934,2,0.0121701261701,0.00597269624573,7,0.000900900900901,0.621196581197,37,37,37,1,0,0.72972972973,0.243243243243,0.027027027027,37,0.048048048048,1.31081081081,3.45945945946,6.4,2.46153846154,2.88284769123,0.833323160745,0.445101351351,3.31368080546,1.91572171566,0.803209459459,1.69392129964,0.979298251354,0.526182432432,0.544560874969,0.415438193275,2,1.33823529412,0.560310901728,2,0,0,0,0,0.131203857871,37,34,34,0.918918918919,0,0.648648648649,0.0540540540541,0.216216216216,37,167,0.125375375375,1.33373246664,9.02702702703,16.7,4.63888888889,7.28196587654,0.80668484261,0.385822948697,8.37198244683,1.85487036247,0.790095484706,2.4790412755,0.54924866583,0.302961644279,0.600357220524,0.450133168037,2.14978902954,1.34300281294,0.606181616954,2.14978902954,0.0983514353211,0.0658761528327,50,0.00643500643501,0.385862987971,37,36,36,0.972972972973,0,0.702702702703,0.27027027027,0,-49,-0.0367867867868,0.00940814231953,-2.64864864865,-4.9,-1.36111111111,-0.917133173069,0.104447192528,0.0757628886371,-1.95735418217,0.0854932547268,0.024830219441,-0.607790195201,0.0204858676075,0.0502088915263,0.0204121055898,0.0122154281886,0.149789029536,0.0186784886152,0.0262365020195,0.149789029536,0.086181309151,0.0599034565869,43,0.00553410553411,-0.235333593225,-0.027027027027,0.027027027027,-0.027027027027,163,4,53,1112,0.75462962963,0.996415770609,0.00358422939068,0.24537037037,0.976047904192,0.75462962963,0.851174934726,0.835995549152,0.751045400239,0.740909090909,103,152,0,0,0,0
1094,WLNM_dir_neg,0.986106301939,0.595269687974,00:00:02,10,30,22,1233300846,threshold_sweep,0.5,0.970588235294,0.651315789474,0.779527559055,99,3,53,301,0.651315789474,0.990131578947,0.00986842105263,0.348684210526,0.970588235294,0.651315789474,0.779527559055,0.877192982456,0.592105263158,0.698924731183,0.72563445612,0.641447368421,216,64,152,0,216,0,64,0,152,37,216,0.162162162162,1.32432432432,11.6756756757,21.6,6,8.1990990496,0.702237650082,0.31006006006,10.329336629,1.76937710775,0.765265265265,3.0868314707,0.528762798222,0.252752752753,0.579945114934,0.437917739848,2,1.32432432432,0.579945114934,2,0.0121701261701,0.00597269624573,7,0.000900900900901,0.621196581197,37,37,37,1,0,0.72972972973,0.243243243243,0.027027027027,37,0.048048048048,1.31081081081,3.45945945946,6.4,2.46153846154,2.88284769123,0.833323160745,0.445101351351,3.31368080546,1.91572171566,0.803209459459,1.69392129964,0.979298251354,0.526182432432,0.544560874969,0.415438193275,2,1.33823529412,0.560310901728,2,0,0,0,0,0.131203857871,37,34,34,0.918918918919,0,0.648648648649,0.0540540540541,0.216216216216,37,166,0.124624624625,1.33091002395,8.97297297297,16.6,4.61111111111,7.24755317518,0.807709239402,0.384076847932,8.34872452541,1.86086028578,0.790621947248,2.49022111492,0.555049284651,0.306414848584,0.595888549366,0.447730153537,2.13818565401,1.34010196906,0.601675060069,2.13818565401,0.0848297717995,0.0559751221679,42,0.00540540540541,0.385432359654,37,36,36,0.972972972973,0,0.702702702703,0.27027027027,0,-50,-0.0375375375375,0.00658569962367,-2.7027027027,-5,-1.38888888889,-0.951545874427,0.10547158932,0.0740167878722,-1.98061210359,0.0914831780391,0.0253566819832,-0.596610355782,0.0262864864287,0.0536620958308,0.0159434344313,0.00981241368826,0.138185654008,0.0157776447333,0.0217299451347,0.138185654008,0.0726596456293,0.0500024259222,35,0.0045045045045,-0.235764221543,-0.027027027027,0.027027027027,-0.027027027027,163,3,53,1113,0.75462962963,0.997311827957,0.00268817204301,0.24537037037,0.981927710843,0.75462962963,0.853403141361,0.839150163542,0.751941457587,0.744292237443,102,152,0,0,0,0
1095,WLNM_dir_neg,0.986106301939,0.595269687974,00:00:02,10,30,22,1233300846,threshold_sweep,0.6,0.970588235294,0.651315789474,0.779527559055,99,3,53,301,0.651315789474,0.990131578947,0.00986842105263,0.348684210526,0.970588235294,0.651315789474,0.779527559055,0.877192982456,0.592105263158,0.698924731183,0.72563445612,0.641447368421,216,64,152,0,216,0,64,0,152,37,216,0.162162162162,1.32432432432,11.6756756757,21.6,6,8.1990990496,0.702237650082,0.31006006006,10.329336629,1.76937710775,0.765265265265,3.0868314707,0.528762798222,0.252752752753,0.579945114934,0.437917739848,2,1.32432432432,0.579945114934,2,0.0121701261701,0.00597269624573,7,0.000900900900901,0.621196581197,37,37,37,1,0,0.72972972973,0.243243243243,0.027027027027,37,0.048048048048,1.31081081081,3.45945945946,6.4,2.46153846154,2.88284769123,0.833323160745,0.445101351351,3.31368080546,1.91572171566,0.803209459459,1.69392129964,0.979298251354,0.526182432432,0.544560874969,0.415438193275,2,1.33823529412,0.560310901728,2,0,0,0,0,0.131203857871,37,34,34,0.918918918919,0,0.648648648649,0.0540540540541,0.216216216216,37,166,0.124624624625,1.33091002395,8.97297297297,16.6,4.61111111111,7.24755317518,0.807709239402,0.384076847932,8.34872452541,1.86086028578,0.790621947248,2.49022111492,0.555049284651,0.306414848584,0.595888549366,0.447730153537,2.13818565401,1.34010196906,0.601675060069,2.13818565401,0.0848297717995,0.0559751221679,42,0.00540540540541,0.385432359654,37,36,36,0.972972972973,0,0.702702702703,0.27027027027,0,-50,-0.0375375375375,0.00658569962367,-2.7027027027,-5,-1.38888888889,-0.951545874427,0.10547158932,0.0740167878722,-1.98061210359,0.0914831780391,0.0253566819832,-0.596610355782,0.0262864864287,0.0536620958308,0.0159434344313,0.00981241368826,0.138185654008,0.0157776447333,0.0217299451347,0.138185654008,0.0726596456293,0.0500024259222,35,0.0045045045045,-0.235764221543,-0.027027027027,0.027027027027,-0.027027027027,163,3,53,1113,0.75462962963,0.997311827957,0.00268817204301,0.24537037037,0.981927710843,0.75462962963,0.853403141361,0.839150163542,0.751941457587,0.744292237443,102,152,0,0,0,0
1096,WLNM_dir_neg,0.986106301939,0.595269687974,00:00:02,10,30,22,1233300846,threshold_sweep,0.7,0.97,0.638157894737,0.769841269841,97,3,55,301,0.638157894737,0.990131578947,0.00986842105263,0.361842105263,0.97,0.638157894737,0.769841269841,0.872807017544,0.593567251462,0.687050359712,0.715802762991,0.628289473684,216,64,152,0,216,0,64,0,152,37,216,0.162162162162,1.32432432432,11.6756756757,21.6,6,8.1990990496,0.702237650082,0.31006006006,10.329336629,1.76937710775,0.765265265265,3.0868314707,0.528762798222,0.252752752753,0.579945114934,0.437917739848,2,1.32432432432,0.579945114934,2,0.0121701261701,0.00597269624573,7,0.000900900900901,0.621196581197,37,37,37,1,0,0.72972972973,0.243243243243,0.027027027027,37,0.048048048048,1.31081081081,3.45945945946,6.4,2.46153846154,2.88284769123,0.833323160745,0.445101351351,3.31368080546,1.91572171566,0.803209459459,1.69392129964,0.979298251354,0.526182432432,0.544560874969,0.415438193275,2,1.33823529412,0.560310901728,2,0,0,0,0,0.131203857871,37,34,34,0.918918918919,0,0.648648648649,0.0540540540541,0.216216216216,37,164,0.123123123123,1.33091002395,8.86486486486,16.4,4.82352941176,7.18084706456,0.810034577404,0.388431114041,8.21766572878,1.85398556076,0.788727752142,2.57704116016,0.581405627596,0.321028345419,0.595888549366,0.447730153537,2.13818565401,1.36010796724,0.613620746295,2.13818565401,0.0848444484808,0.0572727272727,42,0.00540540540541,0.394533093238,37,34,34,0.918918918919,0,0.648648648649,0.27027027027,0,-52,-0.039039039039,0.00658569962367,-2.81081081081,-5.2,-1.17647058824,-1.01825198505,0.107796927322,0.0783710539808,-2.11167090022,0.0846084530169,0.0234624868771,-0.509790310547,0.0526428293739,0.0682755926658,0.0159434344313,0.00981241368826,0.138185654008,0.0357836429132,0.0336756313606,0.138185654008,0.0726743223107,0.051300031027,35,0.0045045045045,-0.226663487959,-0.0810810810811,0.027027027027,-0.027027027027,161,3,55,1113,0.74537037037,0.997311827957,0.00268817204301,0.25462962963,0.981707317073,0.74537037037,0.847368421053,0.833141258011,0.742682198327,0.735159817352,100,152,0,0,0,0
1097,WLNM_dir_neg,0.986106301939,0.595269687974,00:00:02,10,30,22,1233300846,threshold_sweep,0.8,0.967741935484,0.592105263158,0.734693877551,90,3,62,301,0.592105263158,0.990131578947,0.00986842105263,0.407894736842,0.967741935484,0.592105263158,0.734693877551,0.857456140351,0.598684210526,0.644808743169,0.681182499365,0.582236842105,216,64,152,0,216,0,64,0,152,37,216,0.162162162162,1.32432432432,11.6756756757,21.6,6,8.1990990496,0.702237650082,0.31006006006,10.329336629,1.76937710775,0.765265265265,3.0868314707,0.528762798222,0.252752752753,0.579945114934,0.437917739848,2,1.32432432432,0.579945114934,2,0.0121701261701,0.00597269624573,7,0.000900900900901,0.621196581197,37,37,37,1,0,0.72972972973,0.243243243243,0.027027027027,37,0.048048048048,1.31081081081,3.45945945946,6.4,2.46153846154,2.88284769123,0.833323160745,0.445101351351,3.31368080546,1.91572171566,0.803209459459,1.69392129964,0.979298251354,0.526182432432,0.544560874969,0.415438193275,2,1.33823529412,0.560310901728,2,0,0,0,0,0.131203857871,37,34,34,0.918918918919,0,0.648648648649,0.0540540540541,0.216216216216,37,157,0.117867867868,1.32010135135,8.48648648649,15.7,4.75757575758,6.98658087424,0.823259529767,0.387502151833,8.16634491001,1.9245526221,0.801170597349,2.78293814964,0.65585166584,0.359442244793,0.566273823912,0.428962384844,2.09375,1.34834558824,0.58282124425,2.09375,0.076075036075,0.0496592015579,34,0.0043758043758,0.382079713284,37,34,34,0.918918918919,0,0.648648648649,0.243243243243,0.027027027027,-59,-0.0442942942943,-0.00422297297297,-3.18918918919,-5.9,-1.24242424242,-1.21251817536,0.121021879685,0.0774420917733,-2.16299171899,0.155175514358,0.0359053320837,-0.30389332106,0.127088867617,0.10668949204,-0.0136712910225,-0.00895535500413,0.09375,0.024021263911,0.00287612931571,0.09375,0.0639049099049,0.0436865053122,27,0.0034749034749,-0.239116867912,-0.0810810810811,0,0,154,3,62,1113,0.712962962963,0.997311827957,0.00268817204301,0.287037037037,0.980891719745,0.712962962963,0.825737265416,0.811926309319,0.71027479092,0.703196347032,93,152,0,0,0,0
1098,WLNM_dir_neg,0.986106301939,0.595269687974,00:00:02,10,30,22,1233300846,threshold_sweep,0.9,0.967741935484,0.592105263158,0.734693877551,90,3,62,301,0.592105263158,0.990131578947,0.00986842105263,0.407894736842,0.967741935484,0.592105263158,0.734693877551,0.857456140351,0.598684210526,0.644808743169,0.681182499365,0.582236842105,216,64,152,0,216,0,64,0,152,37,216,0.162162162162,1.32432432432,11.6756756757,21.6,6,8.1990990496,0.702237650082,0.31006006006,10.329336629,1.76937710775,0.765265265265,3.0868314707,0.528762798222,0.252752752753,0.579945114934,0.437917739848,2,1.32432432432,0.579945114934,2,0.0121701261701,0.00597269624573,7,0.000900900900901,0.621196581197,37,37,37,1,0,0.72972972973,0.243243243243,0.027027027027,37,0.048048048048,1.31081081081,3.45945945946,6.4,2.46153846154,2.88284769123,0.833323160745,0.445101351351,3.31368080546,1.91572171566,0.803209459459,1.69392129964,0.979298251354,0.526182432432,0.544560874969,0.415438193275,2,1.33823529412,0.560310901728,2,0,0,0,0,0.131203857871,37,34,34,0.918918918919,0,0.648648648649,0.0540540540541,0.216216216216,37,157,0.117867867868,1.32010135135,8.48648648649,15.7,4.75757575758,6.98658087424,0.823259529767,0.387502151833,8.16634491001,1.9245526221,0.801170597349,2.78293814964,0.65585166584,0.359442244793,0.566273823912,0.428962384844,2.09375,1.34834558824,0.58282124425,2.09375,0.076075036075,0.0496592015579,34,0.0043758043758,0.382079713284,37,34,34,0.918918918919,0,0.648648648649,0.243243243243,0.027027027027,-59,-0.0442942942943,-0.00422297297297,-3.18918918919,-5.9,-1.24242424242,-1.21251817536,0.121021879685,0.0774420917733,-2.16299171899,0.155175514358,0.0359053320837,-0.30389332106,0.127088867617,0.10668949204,-0.0136712910225,-0.00895535500413,0.09375,0.024021263911,0.00287612931571,0.09375,0.0639049099049,0.0436865053122,27,0.0034749034749,-0.239116867912,-0.0810810810811,0,0,154,3,62,1113,0.712962962963,0.997311827957,0.00268817204301,0.287037037037,0.980891719745,0.712962962963,0.825737265416,0.811926309319,0.71027479092,0.703196347032,93,152,0,0,0,0
1099,WLNM_dir_neg,0.992609504848,0.928285989494,00:00:02,10,30,23,1233300847,threshold_sweep,0.1,0.959459459459,0.934210526316,0.946666666667,142,6,10,298,0.934210526316,0.980263157895,0.0197368421053,0.0657894736842,0.959459459459,0.934210526316,0.946666666667,0.964912280702,0.558479532164,0.920529801325,0.920711530671,0.914473684211,216,64,152,0,216,0,64,0,152,37,216,0.162162162162,1.32432432432,11.6756756757,21.6,6,8.1990990496,0.702237650082,0.31006006006,10.329336629,1.76937710775,0.765265265265,3.0868314707,0.528762798222,0.252752752753,0.579945114934,0.437917739848,2,1.32432432432,0.579945114934,2,0.0121701261701,0.00597269624573,7,0.000900900900901,0.621196581197,37,37,37,1,0,0.72972972973,0.243243243243,0.027027027027,37,0.048048048048,1.31081081081,3.45945945946,6.4,2.13333333333,2.7243204514,0.787498880483,0.407939189189,3.17672655285,1.83654503837,0.788006756757,1.46531469219,0.847135056422,0.449324324324,0.544560874969,0.415438193275,2,1.31081081081,0.544560874969,2,0,0,0,0,0.108686868687,37,37,37,1,0,0.72972972973,0.0810810810811,0.189189189189,37,212,0.159159159159,1.32993246055,11.4594594595,21.2,6.23529411765,8.37852610545,0.731144966749,0.328786333503,10.6422863266,1.85738016078,0.7809790923,3.26299665142,0.569485264634,0.273329933707,0.582991970387,0.438362088061,2.07443820225,1.32993246055,0.582991970387,2.07443820225,0.104352594678,0.0676625659051,77,0.00990990990991,0.592458179539,37,37,37,1,0,0.72972972973,0.189189189189,0.0810810810811,-4,-0.003003003003,0.00560813622611,-0.216216216216,-0.4,0.235294117647,0.179427055845,0.0289073166673,0.0187262734433,0.312949697644,0.0880030530368,0.0157138270346,0.176165180711,0.0407224664114,0.0205771809545,0.0030468554525,0.000444348212503,0.0744382022472,0.00560813622611,0.0030468554525,0.0744382022472,0.0921824685076,0.0616898696594,70,0.00900900900901,-0.0287384016579,0,-0.0540540540541,0.0540540540541,206,6,10,1110,0.953703703704,0.994623655914,0.00537634408602,0.0462962962963,0.971698113208,0.953703703704,0.96261682243,0.955521165373,0.948327359618,0.927927927928,148,152,0,0,0,0
1100,WLNM_dir_neg,0.992609504848,0.928285989494,00:00:02,10,30,23,1233300847,threshold_sweep,0.2,0.965753424658,0.927631578947,0.946308724832,141,5,11,299,0.927631578947,0.983552631579,0.0164473684211,0.0723684210526,0.965753424658,0.927631578947,0.946308724832,0.964912280702,0.559941520468,0.920265780731,0.920677429318,0.911184210526,216,64,152,0,216,0,64,0,152,37,216,0.162162162162,1.32432432432,11.6756756757,21.6,6,8.1990990496,0.702237650082,0.31006006006,10.329336629,1.76937710775,0.765265265265,3.0868314707,0.528762798222,0.252752752753,0.579945114934,0.437917739848,2,1.32432432432,0.579945114934,2,0.0121701261701,0.00597269624573,7,0.000900900900901,0.621196581197,37,37,37,1,0,0.72972972973,0.243243243243,0.027027027027,37,0.048048048048,1.31081081081,3.45945945946,6.4,2.13333333333,2.7243204514,0.787498880483,0.407939189189,3.17672655285,1.83654503837,0.788006756757,1.46531469219,0.847135056422,0.449324324324,0.544560874969,0.415438193275,2,1.31081081081,0.544560874969,2,0,0,0,0,0.108686868687,37,37,37,1,0,0.72972972973,0.0810810810811,0.189189189189,37,210,0.157657657658,1.32894471578,11.3513513514,21,6.36363636364,8.2536733109,0.727109315484,0.328571428571,10.5410679779,1.85723578658,0.78120978121,3.29185910032,0.579994222437,0.281081081081,0.581634745246,0.437666622501,2.07400254793,1.32894471578,0.581634745246,2.07400254793,0.0765944692053,0.047704770477,53,0.00682110682111,0.591680242703,37,37,37,1,0,0.72972972973,0.162162162162,0.108108108108,-6,-0.0045045045045,0.00462039145578,-0.324324324324,-0.6,0.363636363636,0.0545742612992,0.0248716654025,0.0185113685114,0.211731348872,0.0878586788321,0.0159445159445,0.205027629612,0.0512314242143,0.0283283283283,0.001689630312,-0.000251117347144,0.0740025479313,0.00462039145578,0.001689630312,0.0740025479313,0.0644243430352,0.0417320742313,46,0.00592020592021,-0.0295163384934,0,-0.0810810810811,0.0810810810811,205,5,11,1111,0.949074074074,0.995519713262,0.00448028673835,0.0509259259259,0.97619047619,0.949074074074,0.962441314554,0.955428037929,0.944593787336,0.927601809955,146,152,0,0,0,0
1101,WLNM_dir_neg,0.992609504848,0.928285989494,00:00:02,10,30,23,1233300847,threshold_sweep,0.3,0.965753424658,0.927631578947,0.946308724832,141,5,11,299,0.927631578947,0.983552631579,0.0164473684211,0.0723684210526,0.965753424658,0.927631578947,0.946308724832,0.964912280702,0.559941520468,0.920265780731,0.920677429318,0.911184210526,216,64,152,0,216,0,64,0,152,37,216,0.162162162162,1.32432432432,11.6756756757,21.6,6,8.1990990496,0.702237650082,0.31006006006,10.329336629,1.76937710775,0.765265265265,3.0868314707,0.528762798222,0.252752752753,0.579945114934,0.437917739848,2,1.32432432432,0.579945114934,2,0.0121701261701,0.00597269624573,7,0.000900900900901,0.621196581197,37,37,37,1,0,0.72972972973,0.243243243243,0.027027027027,37,0.048048048048,1.31081081081,3.45945945946,6.4,2.13333333333,2.7243204514,0.787498880483,0.407939189189,3.17672655285,1.83654503837,0.788006756757,1.46531469219,0.847135056422,0.449324324324,0.544560874969,0.415438193275,2,1.31081081081,0.544560874969,2,0,0,0,0,0.108686868687,37,37,37,1,0,0.72972972973,0.0810810810811,0.189189189189,37,210,0.157657657658,1.32894471578,11.3513513514,21,6.36363636364,8.2536733109,0.727109315484,0.328571428571,10.5410679779,1.85723578658,0.78120978121,3.29185910032,0.579994222437,0.281081081081,0.581634745246,0.437666622501,2.07400254793,1.32894471578,0.581634745246,2.07400254793,0.0765944692053,0.047704770477,53,0.00682110682111,0.591680242703,37,37,37,1,0,0.72972972973,0.162162162162,0.108108108108,-6,-0.0045045045045,0.00462039145578,-0.324324324324,-0.6,0.363636363636,0.0545742612992,0.0248716654025,0.0185113685114,0.211731348872,0.0878586788321,0.0159445159445,0.205027629612,0.0512314242143,0.0283283283283,0.001689630312,-0.000251117347144,0.0740025479313,0.00462039145578,0.001689630312,0.0740025479313,0.0644243430352,0.0417320742313,46,0.00592020592021,-0.0295163384934,0,-0.0810810810811,0.0810810810811,205,5,11,1111,0.949074074074,0.995519713262,0.00448028673835,0.0509259259259,0.97619047619,0.949074074074,0.962441314554,0.955428037929,0.944593787336,0.927601809955,146,152,0,0,0,0
1102,WLNM_dir_neg,0.992609504848,0.928285989494,00:00:02,10,30,23,1233300847,threshold_sweep,0.4,0.965753424658,0.927631578947,0.946308724832,141,5,11,299,0.927631578947,0.983552631579,0.0164473684211,0.0723684210526,0.965753424658,0.927631578947,0.946308724832,0.964912280702,0.559941520468,0.920265780731,0.920677429318,0.911184210526,216,64,152,0,216,0,64,0,152,37,216,0.162162162162,1.32432432432,11.6756756757,21.6,6,8.1990990496,0.702237650082,0.31006006006,10.329336629,1.76937710775,0.765265265265,3.0868314707,0.528762798222,0.252752752753,0.579945114934,0.437917739848,2,1.32432432432,0.579945114934,2,0.0121701261701,0.00597269624573,7,0.000900900900901,0.621196581197,37,37,37,1,0,0.72972972973,0.243243243243,0.027027027027,37,0.048048048048,1.31081081081,3.45945945946,6.4,2.13333333333,2.7243204514,0.787498880483,0.407939189189,3.17672655285,1.83654503837,0.788006756757,1.46531469219,0.847135056422,0.449324324324,0.544560874969,0.415438193275,2,1.31081081081,0.544560874969,2,0,0,0,0,0.108686868687,37,37,37,1,0,0.72972972973,0.0810810810811,0.189189189189,37,210,0.157657657658,1.32894471578,11.3513513514,21,6.36363636364,8.2536733109,0.727109315484,0.328571428571,10.5410679779,1.85723578658,0.78120978121,3.29185910032,0.579994222437,0.281081081081,0.581634745246,0.437666622501,2.07400254793,1.32894471578,0.581634745246,2.07400254793,0.0765944692053,0.047704770477,53,0.00682110682111,0.591680242703,37,37,37,1,0,0.72972972973,0.162162162162,0.108108108108,-6,-0.0045045045045,0.00462039145578,-0.324324324324,-0.6,0.363636363636,0.0545742612992,0.0248716654025,0.0185113685114,0.211731348872,0.0878586788321,0.0159445159445,0.205027629612,0.0512314242143,0.0283283283283,0.001689630312,-0.000251117347144,0.0740025479313,0.00462039145578,0.001689630312,0.0740025479313,0.0644243430352,0.0417320742313,46,0.00592020592021,-0.0295163384934,0,-0.0810810810811,0.0810810810811,205,5,11,1111,0.949074074074,0.995519713262,0.00448028673835,0.0509259259259,0.97619047619,0.949074074074,0.962441314554,0.955428037929,0.944593787336,0.927601809955,146,152,0,0,0,0
1103,WLNM_dir_neg,0.992609504848,0.928285989494,00:00:02,10,30,23,1233300847,threshold_sweep,0.5,0.972413793103,0.927631578947,0.949494949495,141,4,11,300,0.927631578947,0.986842105263,0.0131578947368,0.0723684210526,0.972413793103,0.927631578947,0.949494949495,0.967105263158,0.56067251462,0.925124792013,0.925690064533,0.914473684211,216,64,152,0,216,0,64,0,152,37,216,0.162162162162,1.32432432432,11.6756756757,21.6,6,8.1990990496,0.702237650082,0.31006006006,10.329336629,1.76937710775,0.765265265265,3.0868314707,0.528762798222,0.252752752753,0.579945114934,0.437917739848,2,1.32432432432,0.579945114934,2,0.0121701261701,0.00597269624573,7,0.000900900900901,0.621196581197,37,37,37,1,0,0.72972972973,0.243243243243,0.027027027027,37,0.048048048048,1.31081081081,3.45945945946,6.4,2.13333333333,2.7243204514,0.787498880483,0.407939189189,3.17672655285,1.83654503837,0.788006756757,1.46531469219,0.847135056422,0.449324324324,0.544560874969,0.415438193275,2,1.31081081081,0.544560874969,2,0,0,0,0,0.108686868687,37,37,37,1,0,0.72972972973,0.0810810810811,0.189189189189,37,209,0.156906906907,1.32695524587,11.2972972973,20.9,6.33333333333,8.22214105958,0.72779717513,0.33014354067,10.4886611163,1.85684431245,0.781068149489,3.3267953901,0.588954207816,0.285012285012,0.579059555901,0.436382129466,2.07312507313,1.32695524587,0.579059555901,2.07312507313,0.0756531153575,0.047229791099,52,0.00669240669241,0.595785610586,37,37,37,1,0,0.72972972973,0.162162162162,0.108108108108,-7,-0.00525525525526,0.00263092154984,-0.378378378378,-0.7,0.333333333333,0.0230420099738,0.0255595250483,0.0200834806098,0.159324487273,0.0874672047049,0.0158028842239,0.239963919393,0.0601914095937,0.0322595322595,-0.000885559033813,-0.00153561038247,0.0731250731251,0.00263092154984,-0.000885559033813,0.0731250731251,0.0634829891874,0.0412570948533,45,0.00579150579151,-0.0254109706102,0,-0.0810810810811,0.0810810810811,205,4,11,1112,0.949074074074,0.996415770609,0.00358422939068,0.0509259259259,0.980861244019,0.949074074074,0.964705882353,0.958192616972,0.945489844683,0.931818181818,145,152,0,0,0,0
1104,WLNM_dir_neg,0.992609504848,0.928285989494,00:00:02,10,30,23,1233300847,threshold_sweep,0.6,0.972222222222,0.921052631579,0.945945945946,140,4,12,300,0.921052631579,0.986842105263,0.0131578947368,0.0789473684211,0.972222222222,0.921052631579,0.945945945946,0.964912280702,0.561403508772,0.92,0.920736884379,0.907894736842,216,64,152,0,216,0,64,0,152,37,216,0.162162162162,1.32432432432,11.6756756757,21.6,6,8.1990990496,0.702237650082,0.31006006006,10.329336629,1.76937710775,0.765265265265,3.0868314707,0.528762798222,0.252752752753,0.579945114934,0.437917739848,2,1.32432432432,0.579945114934,2,0.0121701261701,0.00597269624573,7,0.000900900900901,0.621196581197,37,37,37,1,0,0.72972972973,0.243243243243,0.027027027027,37,0.048048048048,1.31081081081,3.45945945946,6.4,2.13333333333,2.7243204514,0.787498880483,0.407939189189,3.17672655285,1.83654503837,0.788006756757,1.46531469219,0.847135056422,0.449324324324,0.544560874969,0.415438193275,2,1.31081081081,0.544560874969,2,0,0,0,0,0.108686868687,37,37,37,1,0,0.72972972973,0.0810810810811,0.189189189189,37,208,0.156156156156,1.32695524587,11.2432432432,20.8,6.30303030303,8.1969011943,0.729051308147,0.331860706861,10.443901334,1.85780937192,0.781964656965,3.31118769688,0.589009349926,0.287422037422,0.579059555901,0.436382129466,2.07312507313,1.32695524587,0.579059555901,2.07312507313,0.0763333874664,0.0476481368357,52,0.00669240669241,0.589689965491,37,37,37,1,0,0.72972972973,0.162162162162,0.108108108108,-8,-0.00600600600601,0.00263092154984,-0.432432432432,-0.8,0.30303030303,-0.00219785530007,0.0268136580654,0.0218006468006,0.114564705036,0.0884322641745,0.0166993916994,0.224356226175,0.0602465517032,0.0346692846693,-0.000885559033813,-0.00153561038247,0.0731250731251,0.00263092154984,-0.000885559033813,0.0731250731251,0.0641632612963,0.0416754405899,45,0.00579150579151,-0.0315066157058,0,-0.0810810810811,0.0810810810811,204,4,12,1112,0.944444444444,0.996415770609,0.00358422939068,0.0555555555556,0.980769230769,0.944444444444,0.962264150943,0.955364840467,0.940860215054,0.927272727273,144,152,0,0,0,0
1105,WLNM_dir_neg,0.992609504848,0.928285989494,00:00:02,10,30,23,1233300847,threshold_sweep,0.7,0.972222222222,0.921052631579,0.945945945946,140,4,12,300,0.921052631579,0.986842105263,0.0131578947368,0.0789473684211,0.972222222222,0.921052631579,0.945945945946,0.964912280702,0.561403508772,0.92,0.920736884379,0.907894736842,216,64,152,0,216,0,64,0,152,37,216,0.162162162162,1.32432432432,11.6756756757,21.6,6,8.1990990496,0.702237650082,0.31006006006,10.329336629,1.76937710775,0.765265265265,3.0868314707,0.528762798222,0.252752752753,0.579945114934,0.437917739848,2,1.32432432432,0.579945114934,2,0.0121701261701,0.00597269624573,7,0.000900900900901,0.621196581197,37,37,37,1,0,0.72972972973,0.243243243243,0.027027027027,37,0.048048048048,1.31081081081,3.45945945946,6.4,2.13333333333,2.7243204514,0.787498880483,0.407939189189,3.17672655285,1.83654503837,0.788006756757,1.46531469219,0.847135056422,0.449324324324,0.544560874969,0.415438193275,2,1.31081081081,0.544560874969,2,0,0,0,0,0.108686868687,37,37,37,1,0,0.72972972973,0.0810810810811,0.189189189189,37,208,0.156156156156,1.32695524587,11.2432432432,20.8,6.30303030303,8.1969011943,0.729051308147,0.331860706861,10.443901334,1.85780937192,0.781964656965,3.31118769688,0.589009349926,0.287422037422,0.579059555901,0.436382129466,2.07312507313,1.32695524587,0.579059555901,2.07312507313,0.0763333874664,0.0476481368357,52,0.00669240669241,0.589689965491,37,37,37,1,0,0.72972972973,0.162162162162,0.108108108108,-8,-0.00600600600601,0.00263092154984,-0.432432432432,-0.8,0.30303030303,-0.00219785530007,0.0268136580654,0.0218006468006,0.114564705036,0.0884322641745,0.0166993916994,0.224356226175,0.0602465517032,0.0346692846693,-0.000885559033813,-0.00153561038247,0.0731250731251,0.00263092154984,-0.000885559033813,0.0731250731251,0.0641632612963,0.0416754405899,45,0.00579150579151,-0.0315066157058,0,-0.0810810810811,0.0810810810811,204,4,12,1112,0.944444444444,0.996415770609,0.00358422939068,0.0555555555556,0.980769230769,0.944444444444,0.962264150943,0.955364840467,0.940860215054,0.927272727273,144,152,0,0,0,0
1106,WLNM_dir_neg,0.992609504848,0.928285989494,00:00:02,10,30,23,1233300847,threshold_sweep,0.8,0.972222222222,0.921052631579,0.945945945946,140,4,12,300,0.921052631579,0.986842105263,0.0131578947368,0.0789473684211,0.972222222222,0.921052631579,0.945945945946,0.964912280702,0.561403508772,0.92,0.920736884379,0.907894736842,216,64,152,0,216,0,64,0,152,37,216,0.162162162162,1.32432432432,11.6756756757,21.6,6,8.1990990496,0.702237650082,0.31006006006,10.329336629,1.76937710775,0.765265265265,3.0868314707,0.528762798222,0.252752752753,0.579945114934,0.437917739848,2,1.32432432432,0.579945114934,2,0.0121701261701,0.00597269624573,7,0.000900900900901,0.621196581197,37,37,37,1,0,0.72972972973,0.243243243243,0.027027027027,37,0.048048048048,1.31081081081,3.45945945946,6.4,2.13333333333,2.7243204514,0.787498880483,0.407939189189,3.17672655285,1.83654503837,0.788006756757,1.46531469219,0.847135056422,0.449324324324,0.544560874969,0.415438193275,2,1.31081081081,0.544560874969,2,0,0,0,0,0.108686868687,37,37,37,1,0,0.72972972973,0.0810810810811,0.189189189189,37,208,0.156156156156,1.32695524587,11.2432432432,20.8,6.30303030303,8.1969011943,0.729051308147,0.331860706861,10.443901334,1.85780937192,0.781964656965,3.31118769688,0.589009349926,0.287422037422,0.579059555901,0.436382129466,2.07312507313,1.32695524587,0.579059555901,2.07312507313,0.0763333874664,0.0476481368357,52,0.00669240669241,0.589689965491,37,37,37,1,0,0.72972972973,0.162162162162,0.108108108108,-8,-0.00600600600601,0.00263092154984,-0.432432432432,-0.8,0.30303030303,-0.00219785530007,0.0268136580654,0.0218006468006,0.114564705036,0.0884322641745,0.0166993916994,0.224356226175,0.0602465517032,0.0346692846693,-0.000885559033813,-0.00153561038247,0.0731250731251,0.00263092154984,-0.000885559033813,0.0731250731251,0.0641632612963,0.0416754405899,45,0.00579150579151,-0.0315066157058,0,-0.0810810810811,0.0810810810811,204,4,12,1112,0.944444444444,0.996415770609,0.00358422939068,0.0555555555556,0.980769230769,0.944444444444,0.962264150943,0.955364840467,0.940860215054,0.927272727273,144,152,0,0,0,0
1107,WLNM_dir_neg,0.992609504848,0.928285989494,00:00:02,10,30,23,1233300847,threshold_sweep,0.9,0.972027972028,0.914473684211,0.942372881356,139,4,13,300,0.914473684211,0.986842105263,0.0131578947368,0.0855263157895,0.972027972028,0.914473684211,0.942372881356,0.962719298246,0.562134502924,0.914858096828,0.915788904662,0.901315789474,216,64,152,0,216,0,64,0,152,37,216,0.162162162162,1.32432432432,11.6756756757,21.6,6,8.1990990496,0.702237650082,0.31006006006,10.329336629,1.76937710775,0.765265265265,3.0868314707,0.528762798222,0.252752752753,0.579945114934,0.437917739848,2,1.32432432432,0.579945114934,2,0.0121701261701,0.00597269624573,7,0.000900900900901,0.621196581197,37,37,37,1,0,0.72972972973,0.243243243243,0.027027027027,37,0.048048048048,1.31081081081,3.45945945946,6.4,2.13333333333,2.7243204514,0.787498880483,0.407939189189,3.17672655285,1.83654503837,0.788006756757,1.46531469219,0.847135056422,0.449324324324,0.544560874969,0.415438193275,2,1.31081081081,0.544560874969,2,0,0,0,0,0.108686868687,37,37,37,1,0,0.72972972973,0.0810810810811,0.189189189189,37,207,0.155405405405,1.32695524587,11.1891891892,20.7,6.27272727273,8.17461462849,0.730581500614,0.333463898681,10.4015475864,1.85921381979,0.782869826348,3.29527826729,0.589011091254,0.289593941768,0.579059555901,0.436382129466,2.07312507313,1.32695524587,0.579059555901,2.07312507313,0.0770136595752,0.0480591497227,52,0.00669240669241,0.583594320395,37,37,37,1,0,0.72972972973,0.162162162162,0.108108108108,-9,-0.00675675675676,0.00263092154984,-0.486486486486,-0.9,0.272727272727,-0.0244844211144,0.028343850532,0.0234038386212,0.0722109574026,0.0898367120464,0.0176045610828,0.208446796584,0.0602482930319,0.0368411890151,-0.000885559033813,-0.00153561038247,0.0731250731251,0.00263092154984,-0.000885559033813,0.0731250731251,0.0648435334051,0.042086453477,45,0.00579150579151,-0.0376022608015,0,-0.0810810810811,0.0810810810811,203,4,13,1112,0.939814814815,0.996415770609,0.00358422939068,0.0601851851852,0.980676328502,0.939814814815,0.959810874704,0.952533730953,0.936230585424,0.922727272727,143,152,0,0,0,0
1108,WLNM_dir_neg,0.988227146814,0.966571961857,00:00:02,10,30,24,1233300848,threshold_sweep,0.1,0.987179487179,0.506578947368,0.669565217391,77,1,75,303,0.506578947368,0.996710526316,0.00328947368421,0.493421052632,0.987179487179,0.506578947368,0.669565217391,0.833333333333,0.609649122807,0.573033707865,0.630061919162,0.503289473684,216,64,152,0,216,0,64,0,152,37,216,0.162162162162,1.32432432432,11.6756756757,21.6,6,8.1990990496,0.702237650082,0.31006006006,10.329336629,1.76937710775,0.765265265265,3.0868314707,0.528762798222,0.252752752753,0.579945114934,0.437917739848,2,1.32432432432,0.579945114934,2,0.0121701261701,0.00597269624573,7,0.000900900900901,0.621196581197,37,37,37,1,0,0.72972972973,0.243243243243,0.027027027027,37,0.048048048048,1.32432432432,3.45945945946,6.4,2.20689655172,2.95892805848,0.855315141904,0.438766891892,3.22876523224,1.86662989989,0.796452702703,1.46531469219,0.847135056422,0.456925675676,0.579945114934,0.437917739848,2,1.35294117647,0.597081434027,2,0,0,0,0,0.11098352265,37,34,34,0.918918918919,0,0.648648648649,0.135135135135,0.135135135135,37,142,0.106606606607,1.32972972973,7.67567567568,14.2,4.4375,6.51517056165,0.848807432328,0.377236391321,7.65402404517,1.99435837797,0.811191473163,2.45530619853,0.639762882715,0.350590026646,0.59668755311,0.448728444412,2.2,1.35882352941,0.614529949493,2.2,0.0104291786645,0.0035046728972,2,0.0002574002574,0.304071390231,37,34,34,0.918918918919,0,0.648648648649,0.216216216216,0.0540540540541,-74,-0.0555555555556,0.00540540540541,-4,-7.4,-1.5625,-1.68392848795,0.146569782246,0.0671763312608,-2.67531258383,0.224981270222,0.045926207898,-0.631525272176,0.111000084493,0.0978372738936,0.0167424381752,0.0108107045633,0.2,0.0344992050874,0.0345848345583,0.2,-0.00174094750565,-0.00246802334854,-5,-0.000643500643501,-0.317125190966,-0.0810810810811,-0.027027027027,0.027027027027,141,1,75,1115,0.652777777778,0.999103942652,0.00089605734767,0.347222222222,0.992957746479,0.652777777778,0.787709497207,0.778592333451,0.65188172043,0.649769585253,78,152,0,0,0,0
1109,WLNM_dir_neg,0.988227146814,0.966571961857,00:00:02,10,30,24,1233300848,threshold_sweep,0.2,0.987179487179,0.506578947368,0.669565217391,77,1,75,303,0.506578947368,0.996710526316,0.00328947368421,0.493421052632,0.987179487179,0.506578947368,0.669565217391,0.833333333333,0.609649122807,0.573033707865,0.630061919162,0.503289473684,216,64,152,0,216,0,64,0,152,37,216,0.162162162162,1.32432432432,11.6756756757,21.6,6,8.1990990496,0.702237650082,0.31006006006,10.329336629,1.76937710775,0.765265265265,3.0868314707,0.528762798222,0.252752752753,0.579945114934,0.437917739848,2,1.32432432432,0.579945114934,2,0.0121701261701,0.00597269624573,7,0.000900900900901,0.621196581197,37,37,37,1,0,0.72972972973,0.243243243243,0.027027027027,37,0.048048048048,1.32432432432,3.45945945946,6.4,2.20689655172,2.95892805848,0.855315141904,0.438766891892,3.22876523224,1.86662989989,0.796452702703,1.46531469219,0.847135056422,0.456925675676,0.579945114934,0.437917739848,2,1.35294117647,0.597081434027,2,0,0,0,0,0.11098352265,37,34,34,0.918918918919,0,0.648648648649,0.135135135135,0.135135135135,37,142,0.106606606607,1.32972972973,7.67567567568,14.2,4.4375,6.51517056165,0.848807432328,0.377236391321,7.65402404517,1.99435837797,0.811191473163,2.45530619853,0.639762882715,0.350590026646,0.59668755311,0.448728444412,2.2,1.35882352941,0.614529949493,2.2,0.0104291786645,0.0035046728972,2,0.0002574002574,0.304071390231,37,34,34,0.918918918919,0,0.648648648649,0.216216216216,0.0540540540541,-74,-0.0555555555556,0.00540540540541,-4,-7.4,-1.5625,-1.68392848795,0.146569782246,0.0671763312608,-2.67531258383,0.224981270222,0.045926207898,-0.631525272176,0.111000084493,0.0978372738936,0.0167424381752,0.0108107045633,0.2,0.0344992050874,0.0345848345583,0.2,-0.00174094750565,-0.00246802334854,-5,-0.000643500643501,-0.317125190966,-0.0810810810811,-0.027027027027,0.027027027027,141,1,75,1115,0.652777777778,0.999103942652,0.00089605734767,0.347222222222,0.992957746479,0.652777777778,0.787709497207,0.778592333451,0.65188172043,0.649769585253,78,152,0,0,0,0
1110,WLNM_dir_neg,0.988227146814,0.966571961857,00:00:02,10,30,24,1233300848,threshold_sweep,0.3,0.987179487179,0.506578947368,0.669565217391,77,1,75,303,0.506578947368,0.996710526316,0.00328947368421,0.493421052632,0.987179487179,0.506578947368,0.669565217391,0.833333333333,0.609649122807,0.573033707865,0.630061919162,0.503289473684,216,64,152,0,216,0,64,0,152,37,216,0.162162162162,1.32432432432,11.6756756757,21.6,6,8.1990990496,0.702237650082,0.31006006006,10.329336629,1.76937710775,0.765265265265,3.0868314707,0.528762798222,0.252752752753,0.579945114934,0.437917739848,2,1.32432432432,0.579945114934,2,0.0121701261701,0.00597269624573,7,0.000900900900901,0.621196581197,37,37,37,1,0,0.72972972973,0.243243243243,0.027027027027,37,0.048048048048,1.32432432432,3.45945945946,6.4,2.20689655172,2.95892805848,0.855315141904,0.438766891892,3.22876523224,1.86662989989,0.796452702703,1.46531469219,0.847135056422,0.456925675676,0.579945114934,0.437917739848,2,1.35294117647,0.597081434027,2,0,0,0,0,0.11098352265,37,34,34,0.918918918919,0,0.648648648649,0.135135135135,0.135135135135,37,142,0.106606606607,1.32972972973,7.67567567568,14.2,4.4375,6.51517056165,0.848807432328,0.377236391321,7.65402404517,1.99435837797,0.811191473163,2.45530619853,0.639762882715,0.350590026646,0.59668755311,0.448728444412,2.2,1.35882352941,0.614529949493,2.2,0.0104291786645,0.0035046728972,2,0.0002574002574,0.304071390231,37,34,34,0.918918918919,0,0.648648648649,0.216216216216,0.0540540540541,-74,-0.0555555555556,0.00540540540541,-4,-7.4,-1.5625,-1.68392848795,0.146569782246,0.0671763312608,-2.67531258383,0.224981270222,0.045926207898,-0.631525272176,0.111000084493,0.0978372738936,0.0167424381752,0.0108107045633,0.2,0.0344992050874,0.0345848345583,0.2,-0.00174094750565,-0.00246802334854,-5,-0.000643500643501,-0.317125190966,-0.0810810810811,-0.027027027027,0.027027027027,141,1,75,1115,0.652777777778,0.999103942652,0.00089605734767,0.347222222222,0.992957746479,0.652777777778,0.787709497207,0.778592333451,0.65188172043,0.649769585253,78,152,0,0,0,0
1111,WLNM_dir_neg,0.988227146814,0.966571961857,00:00:02,10,30,24,1233300848,threshold_sweep,0.4,0.987179487179,0.506578947368,0.669565217391,77,1,75,303,0.506578947368,0.996710526316,0.00328947368421,0.493421052632,0.987179487179,0.506578947368,0.669565217391,0.833333333333,0.609649122807,0.573033707865,0.630061919162,0.503289473684,216,64,152,0,216,0,64,0,152,37,216,0.162162162162,1.32432432432,11.6756756757,21.6,6,8.1990990496,0.702237650082,0.31006006006,10.329336629,1.76937710775,0.765265265265,3.0868314707,0.528762798222,0.252752752753,0.579945114934,0.437917739848,2,1.32432432432,0.579945114934,2,0.0121701261701,0.00597269624573,7,0.000900900900901,0.621196581197,37,37,37,1,0,0.72972972973,0.243243243243,0.027027027027,37,0.048048048048,1.32432432432,3.45945945946,6.4,2.20689655172,2.95892805848,0.855315141904,0.438766891892,3.22876523224,1.86662989989,0.796452702703,1.46531469219,0.847135056422,0.456925675676,0.579945114934,0.437917739848,2,1.35294117647,0.597081434027,2,0,0,0,0,0.11098352265,37,34,34,0.918918918919,0,0.648648648649,0.135135135135,0.135135135135,37,142,0.106606606607,1.32972972973,7.67567567568,14.2,4.4375,6.51517056165,0.848807432328,0.377236391321,7.65402404517,1.99435837797,0.811191473163,2.45530619853,0.639762882715,0.350590026646,0.59668755311,0.448728444412,2.2,1.35882352941,0.614529949493,2.2,0.0104291786645,0.0035046728972,2,0.0002574002574,0.304071390231,37,34,34,0.918918918919,0,0.648648648649,0.216216216216,0.0540540540541,-74,-0.0555555555556,0.00540540540541,-4,-7.4,-1.5625,-1.68392848795,0.146569782246,0.0671763312608,-2.67531258383,0.224981270222,0.045926207898,-0.631525272176,0.111000084493,0.0978372738936,0.0167424381752,0.0108107045633,0.2,0.0344992050874,0.0345848345583,0.2,-0.00174094750565,-0.00246802334854,-5,-0.000643500643501,-0.317125190966,-0.0810810810811,-0.027027027027,0.027027027027,141,1,75,1115,0.652777777778,0.999103942652,0.00089605734767,0.347222222222,0.992957746479,0.652777777778,0.787709497207,0.778592333451,0.65188172043,0.649769585253,78,152,0,0,0,0
1112,WLNM_dir_neg,0.988227146814,0.966571961857,00:00:02,10,30,24,1233300848,threshold_sweep,0.5,0.987179487179,0.506578947368,0.669565217391,77,1,75,303,0.506578947368,0.996710526316,0.00328947368421,0.493421052632,0.987179487179,0.506578947368,0.669565217391,0.833333333333,0.609649122807,0.573033707865,0.630061919162,0.503289473684,216,64,152,0,216,0,64,0,152,37,216,0.162162162162,1.32432432432,11.6756756757,21.6,6,8.1990990496,0.702237650082,0.31006006006,10.329336629,1.76937710775,0.765265265265,3.0868314707,0.528762798222,0.252752752753,0.579945114934,0.437917739848,2,1.32432432432,0.579945114934,2,0.0121701261701,0.00597269624573,7,0.000900900900901,0.621196581197,37,37,37,1,0,0.72972972973,0.243243243243,0.027027027027,37,0.048048048048,1.32432432432,3.45945945946,6.4,2.20689655172,2.95892805848,0.855315141904,0.438766891892,3.22876523224,1.86662989989,0.796452702703,1.46531469219,0.847135056422,0.456925675676,0.579945114934,0.437917739848,2,1.35294117647,0.597081434027,2,0,0,0,0,0.11098352265,37,34,34,0.918918918919,0,0.648648648649,0.135135135135,0.135135135135,37,142,0.106606606607,1.32972972973,7.67567567568,14.2,4.4375,6.51517056165,0.848807432328,0.377236391321,7.65402404517,1.99435837797,0.811191473163,2.45530619853,0.639762882715,0.350590026646,0.59668755311,0.448728444412,2.2,1.35882352941,0.614529949493,2.2,0.0104291786645,0.0035046728972,2,0.0002574002574,0.304071390231,37,34,34,0.918918918919,0,0.648648648649,0.216216216216,0.0540540540541,-74,-0.0555555555556,0.00540540540541,-4,-7.4,-1.5625,-1.68392848795,0.146569782246,0.0671763312608,-2.67531258383,0.224981270222,0.045926207898,-0.631525272176,0.111000084493,0.0978372738936,0.0167424381752,0.0108107045633,0.2,0.0344992050874,0.0345848345583,0.2,-0.00174094750565,-0.00246802334854,-5,-0.000643500643501,-0.317125190966,-0.0810810810811,-0.027027027027,0.027027027027,141,1,75,1115,0.652777777778,0.999103942652,0.00089605734767,0.347222222222,0.992957746479,0.652777777778,0.787709497207,0.778592333451,0.65188172043,0.649769585253,78,152,0,0,0,0
1113,WLNM_dir_neg,0.988227146814,0.966571961857,00:00:02,10,30,24,1233300848,threshold_sweep,0.6,0.986842105263,0.493421052632,0.657894736842,75,1,77,303,0.493421052632,0.996710526316,0.00328947368421,0.506578947368,0.986842105263,0.493421052632,0.657894736842,0.828947368421,0.611111111111,0.56015037594,0.619972857059,0.490131578947,216,64,152,0,216,0,64,0,152,37,216,0.162162162162,1.32432432432,11.6756756757,21.6,6,8.1990990496,0.702237650082,0.31006006006,10.329336629,1.76937710775,0.765265265265,3.0868314707,0.528762798222,0.252752752753,0.579945114934,0.437917739848,2,1.32432432432,0.579945114934,2,0.0121701261701,0.00597269624573,7,0.000900900900901,0.621196581197,37,37,37,1,0,0.72972972973,0.243243243243,0.027027027027,37,0.048048048048,1.32432432432,3.45945945946,6.4,2.20689655172,2.95892805848,0.855315141904,0.438766891892,3.22876523224,1.86662989989,0.796452702703,1.46531469219,0.847135056422,0.456925675676,0.579945114934,0.437917739848,2,1.35294117647,0.597081434027,2,0,0,0,0,0.11098352265,37,34,34,0.918918918919,0,0.648648648649,0.135135135135,0.135135135135,37,140,0.105105105105,1.32972972973,7.56756756757,14,4.375,6.44868867178,0.852148145914,0.379150579151,7.65265072136,2.02248626207,0.81583011583,2.50704712466,0.66257674009,0.360617760618,0.59668755311,0.448728444412,2.2,1.35882352941,0.614529949493,2.2,0,0,0,0,0.298515834675,37,34,34,0.918918918919,0,0.648648648649,0.216216216216,0.0540540540541,-76,-0.0570570570571,0.00540540540541,-4.10810810811,-7.6,-1.625,-1.75041037782,0.149910495832,0.0690905190905,-2.67668590764,0.253109154327,0.0505648505649,-0.57978434604,0.133813941867,0.107865007865,0.0167424381752,0.0108107045633,0.2,0.0344992050874,0.0345848345583,0.2,-0.0121701261701,-0.00597269624573,-7,-0.000900900900901,-0.322680746521,-0.0810810810811,-0.027027027027,0.027027027027,139,1,77,1115,0.643518518519,0.999103942652,0.00089605734767,0.356481481481,0.992857142857,0.643518518519,0.780898876404,0.772347470316,0.642622461171,0.640552995392,76,152,0,0,0,0
1114,WLNM_dir_neg,0.988227146814,0.966571961857,00:00:02,10,30,24,1233300848,threshold_sweep,0.7,0.986842105263,0.493421052632,0.657894736842,75,1,77,303,0.493421052632,0.996710526316,0.00328947368421,0.506578947368,0.986842105263,0.493421052632,0.657894736842,0.828947368421,0.611111111111,0.56015037594,0.619972857059,0.490131578947,216,64,152,0,216,0,64,0,152,37,216,0.162162162162,1.32432432432,11.6756756757,21.6,6,8.1990990496,0.702237650082,0.31006006006,10.329336629,1.76937710775,0.765265265265,3.0868314707,0.528762798222,0.252752752753,0.579945114934,0.437917739848,2,1.32432432432,0.579945114934,2,0.0121701261701,0.00597269624573,7,0.000900900900901,0.621196581197,37,37,37,1,0,0.72972972973,0.243243243243,0.027027027027,37,0.048048048048,1.32432432432,3.45945945946,6.4,2.20689655172,2.95892805848,0.855315141904,0.438766891892,3.22876523224,1.86662989989,0.796452702703,1.46531469219,0.847135056422,0.456925675676,0.579945114934,0.437917739848,2,1.35294117647,0.597081434027,2,0,0,0,0,0.11098352265,37,34,34,0.918918918919,0,0.648648648649,0.135135135135,0.135135135135,37,140,0.105105105105,1.32972972973,7.56756756757,14,4.375,6.44868867178,0.852148145914,0.379150579151,7.65265072136,2.02248626207,0.81583011583,2.50704712466,0.66257674009,0.360617760618,0.59668755311,0.448728444412,2.2,1.35882352941,0.614529949493,2.2,0,0,0,0,0.298515834675,37,34,34,0.918918918919,0,0.648648648649,0.216216216216,0.0540540540541,-76,-0.0570570570571,0.00540540540541,-4.10810810811,-7.6,-1.625,-1.75041037782,0.149910495832,0.0690905190905,-2.67668590764,0.253109154327,0.0505648505649,-0.57978434604,0.133813941867,0.107865007865,0.0167424381752,0.0108107045633,0.2,0.0344992050874,0.0345848345583,0.2,-0.0121701261701,-0.00597269624573,-7,-0.000900900900901,-0.322680746521,-0.0810810810811,-0.027027027027,0.027027027027,139,1,77,1115,0.643518518519,0.999103942652,0.00089605734767,0.356481481481,0.992857142857,0.643518518519,0.780898876404,0.772347470316,0.642622461171,0.640552995392,76,152,0,0,0,0
1115,WLNM_dir_neg,0.988227146814,0.966571961857,00:00:02,10,30,24,1233300848,threshold_sweep,0.8,0.986842105263,0.493421052632,0.657894736842,75,1,77,303,0.493421052632,0.996710526316,0.00328947368421,0.506578947368,0.986842105263,0.493421052632,0.657894736842,0.828947368421,0.611111111111,0.56015037594,0.619972857059,0.490131578947,216,64,152,0,216,0,64,0,152,37,216,0.162162162162,1.32432432432,11.6756756757,21.6,6,8.1990990496,0.702237650082,0.31006006006,10.329336629,1.76937710775,0.765265265265,3.0868314707,0.528762798222,0.252752752753,0.579945114934,0.437917739848,2,1.32432432432,0.579945114934,2,0.0121701261701,0.00597269624573,7,0.000900900900901,0.621196581197,37,37,37,1,0,0.72972972973,0.243243243243,0.027027027027,37,0.048048048048,1.32432432432,3.45945945946,6.4,2.20689655172,2.95892805848,0.855315141904,0.438766891892,3.22876523224,1.86662989989,0.796452702703,1.46531469219,0.847135056422,0.456925675676,0.579945114934,0.437917739848,2,1.35294117647,0.597081434027,2,0,0,0,0,0.11098352265,37,34,34,0.918918918919,0,0.648648648649,0.135135135135,0.135135135135,37,140,0.105105105105,1.32972972973,7.56756756757,14,4.375,6.44868867178,0.852148145914,0.379150579151,7.65265072136,2.02248626207,0.81583011583,2.50704712466,0.66257674009,0.360617760618,0.59668755311,0.448728444412,2.2,1.35882352941,0.614529949493,2.2,0,0,0,0,0.298515834675,37,34,34,0.918918918919,0,0.648648648649,0.216216216216,0.0540540540541,-76,-0.0570570570571,0.00540540540541,-4.10810810811,-7.6,-1.625,-1.75041037782,0.149910495832,0.0690905190905,-2.67668590764,0.253109154327,0.0505648505649,-0.57978434604,0.133813941867,0.107865007865,0.0167424381752,0.0108107045633,0.2,0.0344992050874,0.0345848345583,0.2,-0.0121701261701,-0.00597269624573,-7,-0.000900900900901,-0.322680746521,-0.0810810810811,-0.027027027027,0.027027027027,139,1,77,1115,0.643518518519,0.999103942652,0.00089605734767,0.356481481481,0.992857142857,0.643518518519,0.780898876404,0.772347470316,0.642622461171,0.640552995392,76,152,0,0,0,0
1116,WLNM_dir_neg,0.988227146814,0.966571961857,00:00:02,10,30,24,1233300848,threshold_sweep,0.9,1,0.473684210526,0.642857142857,72,0,80,304,0.473684210526,1,0,0.526315789474,1,0.473684210526,0.642857142857,0.824561403509,0.614035087719,0.545454545455,0.612372435696,0.473684210526,216,64,152,0,216,0,64,0,152,37,216,0.162162162162,1.32432432432,11.6756756757,21.6,6,8.1990990496,0.702237650082,0.31006006006,10.329336629,1.76937710775,0.765265265265,3.0868314707,0.528762798222,0.252752752753,0.579945114934,0.437917739848,2,1.32432432432,0.579945114934,2,0.0121701261701,0.00597269624573,7,0.000900900900901,0.621196581197,37,37,37,1,0,0.72972972973,0.243243243243,0.027027027027,37,0.048048048048,1.32432432432,3.45945945946,6.4,2.20689655172,2.95892805848,0.855315141904,0.438766891892,3.22876523224,1.86662989989,0.796452702703,1.46531469219,0.847135056422,0.456925675676,0.579945114934,0.437917739848,2,1.35294117647,0.597081434027,2,0,0,0,0,0.11098352265,37,34,34,0.918918918919,0,0.648648648649,0.135135135135,0.135135135135,37,136,0.102102102102,1.32432432432,7.35135135135,13.6,4.68965517241,6.37362715595,0.867000752832,0.391096979332,7.58307345362,2.06304204253,0.821939586645,2.58257036103,0.702611054104,0.379570747218,0.579945114934,0.437917739848,2,1.35294117647,0.597081434027,2,0,0,0,0,0.29332259796,37,34,34,0.918918918919,0,0.648648648649,0.135135135135,0.135135135135,-80,-0.0600600600601,0,-4.32432432432,-8,-1.31034482759,-1.82547189365,0.16476310275,0.0810369192722,-2.74626317538,0.293664934784,0.0566743213802,-0.504261109674,0.173848255881,0.126817994465,0,0,0,0.0286168521463,0.0171363190921,0,-0.0121701261701,-0.00597269624573,-7,-0.000900900900901,-0.327873983236,-0.0810810810811,-0.108108108108,0.108108108108,136,0,80,1116,0.62962962963,1,0,0.37037037037,1,0.62962962963,0.772727272727,0.766494576197,0.62962962963,0.62962962963,72,152,0,0,0,0
1117,WLNM_dir_neg,0.957972645429,0.741523071375,00:00:03,10,30,25,1233300849,threshold_sweep,0.1,0.940740740741,0.835526315789,0.885017421603,127,8,25,296,0.835526315789,0.973684210526,0.0263157894737,0.164473684211,0.940740740741,0.835526315789,0.885017421603,0.927631578947,0.56798245614,0.832487309645,0.835604382038,0.809210526316,216,64,152,0,216,0,64,0,152,37,216,0.162162162162,1.32432432432,11.6756756757,21.6,6,8.1990990496,0.702237650082,0.31006006006,10.329336629,1.76937710775,0.765265265265,3.0868314707,0.528762798222,0.252752752753,0.579945114934,0.437917739848,2,1.32432432432,0.579945114934,2,0.0121701261701,0.00597269624573,7,0.000900900900901,0.621196581197,37,37,37,1,0,0.72972972973,0.243243243243,0.027027027027,37,0.048048048048,1.27027027027,3.45945945946,7.11111111111,2.78260869565,2.87319600015,0.830533218792,0.427364864865,3.39647405938,1.96358656558,0.806587837838,1.52112255056,0.879398974541,0.472972972973,0.508191163105,0.400065383721,2,1.32258064516,0.540807838589,2,0,0,0,0,0.138240540324,37,31,31,0.837837837838,0,0.594594594595,0.027027027027,0.216216216216,37,199,0.149399399399,1.28174577827,10.7567567568,22.1111111111,6.21875,8.28789413477,0.770482620569,0.365068586174,10.3745183325,1.92893054423,0.793969849246,3.33625997648,0.620309643867,0.314274073068,0.527853116379,0.411823565428,2.03846153846,1.29784553703,0.538593140224,2.03846153846,0.190483748988,0.128382630585,136,0.0175032175032,0.660721450211,37,35,35,0.945945945946,0,0.702702702703,0.162162162162,0.0810810810811,-17,-0.0127627627628,-0.0425785460568,-0.918918918919,0.511111111111,0.21875,0.0887950851676,0.0682449704874,0.0550085261141,0.0451817034642,0.159553436482,0.028704583981,0.249428505771,0.0915468456448,0.0615213203153,-0.0520919985555,-0.02609417442,0.0384615384615,-0.0264787872987,-0.0413519747101,0.0384615384615,0.178313622817,0.12240993434,129,0.0166023166023,0.0395248690143,-0.027027027027,-0.0810810810811,0.0540540540541,191,8,25,1108,0.884259259259,0.992831541219,0.00716845878136,0.115740740741,0.959798994975,0.884259259259,0.920481927711,0.906905499747,0.877090800478,0.852678571429,135,152,0,0,0,0
1118,WLNM_dir_neg,0.957972645429,0.741523071375,00:00:03,10,30,25,1233300849,threshold_sweep,0.2,0.940740740741,0.835526315789,0.885017421603,127,8,25,296,0.835526315789,0.973684210526,0.0263157894737,0.164473684211,0.940740740741,0.835526315789,0.885017421603,0.927631578947,0.56798245614,0.832487309645,0.835604382038,0.809210526316,216,64,152,0,216,0,64,0,152,37,216,0.162162162162,1.32432432432,11.6756756757,21.6,6,8.1990990496,0.702237650082,0.31006006006,10.329336629,1.76937710775,0.765265265265,3.0868314707,0.528762798222,0.252752752753,0.579945114934,0.437917739848,2,1.32432432432,0.579945114934,2,0.0121701261701,0.00597269624573,7,0.000900900900901,0.621196581197,37,37,37,1,0,0.72972972973,0.243243243243,0.027027027027,37,0.048048048048,1.27027027027,3.45945945946,7.11111111111,2.78260869565,2.87319600015,0.830533218792,0.427364864865,3.39647405938,1.96358656558,0.806587837838,1.52112255056,0.879398974541,0.472972972973,0.508191163105,0.400065383721,2,1.32258064516,0.540807838589,2,0,0,0,0,0.138240540324,37,31,31,0.837837837838,0,0.594594594595,0.027027027027,0.216216216216,37,199,0.149399399399,1.28174577827,10.7567567568,22.1111111111,6.21875,8.28789413477,0.770482620569,0.365068586174,10.3745183325,1.92893054423,0.793969849246,3.33625997648,0.620309643867,0.314274073068,0.527853116379,0.411823565428,2.03846153846,1.29784553703,0.538593140224,2.03846153846,0.190483748988,0.128382630585,136,0.0175032175032,0.660721450211,37,35,35,0.945945945946,0,0.702702702703,0.162162162162,0.0810810810811,-17,-0.0127627627628,-0.0425785460568,-0.918918918919,0.511111111111,0.21875,0.0887950851676,0.0682449704874,0.0550085261141,0.0451817034642,0.159553436482,0.028704583981,0.249428505771,0.0915468456448,0.0615213203153,-0.0520919985555,-0.02609417442,0.0384615384615,-0.0264787872987,-0.0413519747101,0.0384615384615,0.178313622817,0.12240993434,129,0.0166023166023,0.0395248690143,-0.027027027027,-0.0810810810811,0.0540540540541,191,8,25,1108,0.884259259259,0.992831541219,0.00716845878136,0.115740740741,0.959798994975,0.884259259259,0.920481927711,0.906905499747,0.877090800478,0.852678571429,135,152,0,0,0,0
1119,WLNM_dir_neg,0.957972645429,0.741523071375,00:00:03,10,30,25,1233300849,threshold_sweep,0.3,0.940740740741,0.835526315789,0.885017421603,127,8,25,296,0.835526315789,0.973684210526,0.0263157894737,0.164473684211,0.940740740741,0.835526315789,0.885017421603,0.927631578947,0.56798245614,0.832487309645,0.835604382038,0.809210526316,216,64,152,0,216,0,64,0,152,37,216,0.162162162162,1.32432432432,11.6756756757,21.6,6,8.1990990496,0.702237650082,0.31006006006,10.329336629,1.76937710775,0.765265265265,3.0868314707,0.528762798222,0.252752752753,0.579945114934,0.437917739848,2,1.32432432432,0.579945114934,2,0.0121701261701,0.00597269624573,7,0.000900900900901,0.621196581197,37,37,37,1,0,0.72972972973,0.243243243243,0.027027027027,37,0.048048048048,1.27027027027,3.45945945946,7.11111111111,2.78260869565,2.87319600015,0.830533218792,0.427364864865,3.39647405938,1.96358656558,0.806587837838,1.52112255056,0.879398974541,0.472972972973,0.508191163105,0.400065383721,2,1.32258064516,0.540807838589,2,0,0,0,0,0.138240540324,37,31,31,0.837837837838,0,0.594594594595,0.027027027027,0.216216216216,37,199,0.149399399399,1.28174577827,10.7567567568,22.1111111111,6.21875,8.28789413477,0.770482620569,0.365068586174,10.3745183325,1.92893054423,0.793969849246,3.33625997648,0.620309643867,0.314274073068,0.527853116379,0.411823565428,2.03846153846,1.29784553703,0.538593140224,2.03846153846,0.190483748988,0.128382630585,136,0.0175032175032,0.660721450211,37,35,35,0.945945945946,0,0.702702702703,0.162162162162,0.0810810810811,-17,-0.0127627627628,-0.0425785460568,-0.918918918919,0.511111111111,0.21875,0.0887950851676,0.0682449704874,0.0550085261141,0.0451817034642,0.159553436482,0.028704583981,0.249428505771,0.0915468456448,0.0615213203153,-0.0520919985555,-0.02609417442,0.0384615384615,-0.0264787872987,-0.0413519747101,0.0384615384615,0.178313622817,0.12240993434,129,0.0166023166023,0.0395248690143,-0.027027027027,-0.0810810810811,0.0540540540541,191,8,25,1108,0.884259259259,0.992831541219,0.00716845878136,0.115740740741,0.959798994975,0.884259259259,0.920481927711,0.906905499747,0.877090800478,0.852678571429,135,152,0,0,0,0
1120,WLNM_dir_neg,0.957972645429,0.741523071375,00:00:03,10,30,25,1233300849,threshold_sweep,0.4,0.94776119403,0.835526315789,0.888111888112,127,7,25,297,0.835526315789,0.976973684211,0.0230263157895,0.164473684211,0.94776119403,0.835526315789,0.888111888112,0.929824561404,0.568713450292,0.837288135593,0.84081726434,0.8125,216,64,152,0,216,0,64,0,152,37,216,0.162162162162,1.32432432432,11.6756756757,21.6,6,8.1990990496,0.702237650082,0.31006006006,10.329336629,1.76937710775,0.765265265265,3.0868314707,0.528762798222,0.252752752753,0.579945114934,0.437917739848,2,1.32432432432,0.579945114934,2,0.0121701261701,0.00597269624573,7,0.000900900900901,0.621196581197,37,37,37,1,0,0.72972972973,0.243243243243,0.027027027027,37,0.048048048048,1.27027027027,3.45945945946,7.11111111111,2.78260869565,2.87319600015,0.830533218792,0.427364864865,3.39647405938,1.96358656558,0.806587837838,1.52112255056,0.879398974541,0.472972972973,0.508191163105,0.400065383721,2,1.32258064516,0.540807838589,2,0,0,0,0,0.138240540324,37,31,31,0.837837837838,0,0.594594594595,0.027027027027,0.216216216216,37,198,0.148648648649,1.27958977611,10.7027027027,22,6.38709677419,8.1814996753,0.76443305047,0.362680862681,10.3204656877,1.92857187094,0.793884793885,3.3765220125,0.630966234659,0.31941031941,0.522686709473,0.408479904444,2,1.29556633475,0.533302022769,2,0.153450901661,0.106525911708,111,0.0142857142857,0.667142294869,37,35,35,0.945945945946,0,0.702702702703,0.135135135135,0.108108108108,-18,-0.0135135135135,-0.0447345482128,-0.972972972973,0.4,0.387096774194,-0.0175993743043,0.0621954003881,0.0526208026208,-0.00887094125035,0.159194763198,0.0286195286195,0.289690541797,0.102203436437,0.0666575666576,-0.0572584054612,-0.0294378354047,0,-0.0287579895779,-0.0466430921654,0,0.14128077549,0.100553215463,104,0.0133848133848,0.0459457136727,-0.027027027027,-0.108108108108,0.0810810810811,191,7,25,1109,0.884259259259,0.993727598566,0.00627240143369,0.115740740741,0.964646464646,0.884259259259,0.92270531401,0.909720257615,0.877986857826,0.856502242152,134,152,0,0,0,0
1121,WLNM_dir_neg,0.957972645429,0.741523071375,00:00:03,10,30,25,1233300849,threshold_sweep,0.5,0.954887218045,0.835526315789,0.891228070175,127,6,25,298,0.835526315789,0.980263157895,0.0197368421053,0.164473684211,0.954887218045,0.835526315789,0.891228070175,0.93201754386,0.569444444444,0.842105263158,0.846076439163,0.815789473684,216,64,152,0,216,0,64,0,152,37,216,0.162162162162,1.32432432432,11.6756756757,21.6,6,8.1990990496,0.702237650082,0.31006006006,10.329336629,1.76937710775,0.765265265265,3.0868314707,0.528762798222,0.252752752753,0.579945114934,0.437917739848,2,1.32432432432,0.579945114934,2,0.0121701261701,0.00597269624573,7,0.000900900900901,0.621196581197,37,37,37,1,0,0.72972972973,0.243243243243,0.027027027027,37,0.048048048048,1.27027027027,3.45945945946,7.11111111111,2.78260869565,2.87319600015,0.830533218792,0.427364864865,3.39647405938,1.96358656558,0.806587837838,1.52112255056,0.879398974541,0.472972972973,0.508191163105,0.400065383721,2,1.32258064516,0.540807838589,2,0,0,0,0,0.138240540324,37,31,31,0.837837837838,0,0.594594594595,0.027027027027,0.216216216216,37,197,0.147897897898,1.27832260832,10.6486486486,21.8888888889,6.35483870968,8.09394909868,0.760091666627,0.361092056524,10.2741694827,1.92966634954,0.79434764714,3.40794866659,0.640071576974,0.323501166141,0.520822742367,0.407426684764,2,1.29422675737,0.531409001831,2,0.127491047363,0.0876623376623,90,0.011583011583,0.671960800304,37,35,35,0.945945945946,0,0.702702702703,0.135135135135,0.108108108108,-19,-0.0142642642643,-0.0460017160017,-1.02702702703,0.288888888889,0.354838709677,-0.105149950925,0.0578540165454,0.0510319964635,-0.0551671463331,0.160289241791,0.0290823818743,0.321117195886,0.111308778751,0.070748413388,-0.0591223725672,-0.0304910550849,0,-0.0300975669547,-0.0485361131037,0,0.115320921193,0.0816896414166,83,0.0106821106821,0.0507642191071,-0.027027027027,-0.108108108108,0.0810810810811,191,6,25,1110,0.884259259259,0.994623655914,0.00537634408602,0.115740740741,0.969543147208,0.884259259259,0.924939467312,0.912554794566,0.878882915173,0.86036036036,133,152,0,0,0,0
1122,WLNM_dir_neg,0.957972645429,0.741523071375,00:00:03,10,30,25,1233300849,threshold_sweep,0.6,0.954887218045,0.835526315789,0.891228070175,127,6,25,298,0.835526315789,0.980263157895,0.0197368421053,0.164473684211,0.954887218045,0.835526315789,0.891228070175,0.93201754386,0.569444444444,0.842105263158,0.846076439163,0.815789473684,216,64,152,0,216,0,64,0,152,37,216,0.162162162162,1.32432432432,11.6756756757,21.6,6,8.1990990496,0.702237650082,0.31006006006,10.329336629,1.76937710775,0.765265265265,3.0868314707,0.528762798222,0.252752752753,0.579945114934,0.437917739848,2,1.32432432432,0.579945114934,2,0.0121701261701,0.00597269624573,7,0.000900900900901,0.621196581197,37,37,37,1,0,0.72972972973,0.243243243243,0.027027027027,37,0.048048048048,1.27027027027,3.45945945946,7.11111111111,2.78260869565,2.87319600015,0.830533218792,0.427364864865,3.39647405938,1.96358656558,0.806587837838,1.52112255056,0.879398974541,0.472972972973,0.508191163105,0.400065383721,2,1.32258064516,0.540807838589,2,0,0,0,0,0.138240540324,37,31,31,0.837837837838,0,0.594594594595,0.027027027027,0.216216216216,37,197,0.147897897898,1.27832260832,10.6486486486,21.8888888889,6.35483870968,8.09394909868,0.760091666627,0.361092056524,10.2741694827,1.92966634954,0.79434764714,3.40794866659,0.640071576974,0.323501166141,0.520822742367,0.407426684764,2,1.29422675737,0.531409001831,2,0.127491047363,0.0876623376623,90,0.011583011583,0.671960800304,37,35,35,0.945945945946,0,0.702702702703,0.135135135135,0.108108108108,-19,-0.0142642642643,-0.0460017160017,-1.02702702703,0.288888888889,0.354838709677,-0.105149950925,0.0578540165454,0.0510319964635,-0.0551671463331,0.160289241791,0.0290823818743,0.321117195886,0.111308778751,0.070748413388,-0.0591223725672,-0.0304910550849,0,-0.0300975669547,-0.0485361131037,0,0.115320921193,0.0816896414166,83,0.0106821106821,0.0507642191071,-0.027027027027,-0.108108108108,0.0810810810811,191,6,25,1110,0.884259259259,0.994623655914,0.00537634408602,0.115740740741,0.969543147208,0.884259259259,0.924939467312,0.912554794566,0.878882915173,0.86036036036,133,152,0,0,0,0
1123,WLNM_dir_neg,0.957972645429,0.741523071375,00:00:03,10,30,25,1233300849,threshold_sweep,0.7,0.954887218045,0.835526315789,0.891228070175,127,6,25,298,0.835526315789,0.980263157895,0.0197368421053,0.164473684211,0.954887218045,0.835526315789,0.891228070175,0.93201754386,0.569444444444,0.842105263158,0.846076439163,0.815789473684,216,64,152,0,216,0,64,0,152,37,216,0.162162162162,1.32432432432,11.6756756757,21.6,6,8.1990990496,0.702237650082,0.31006006006,10.329336629,1.76937710775,0.765265265265,3.0868314707,0.528762798222,0.252752752753,0.579945114934,0.437917739848,2,1.32432432432,0.579945114934,2,0.0121701261701,0.00597269624573,7,0.000900900900901,0.621196581197,37,37,37,1,0,0.72972972973,0.243243243243,0.027027027027,37,0.048048048048,1.27027027027,3.45945945946,7.11111111111,2.78260869565,2.87319600015,0.830533218792,0.427364864865,3.39647405938,1.96358656558,0.806587837838,1.52112255056,0.879398974541,0.472972972973,0.508191163105,0.400065383721,2,1.32258064516,0.540807838589,2,0,0,0,0,0.138240540324,37,31,31,0.837837837838,0,0.594594594595,0.027027027027,0.216216216216,37,197,0.147897897898,1.27832260832,10.6486486486,21.8888888889,6.35483870968,8.09394909868,0.760091666627,0.361092056524,10.2741694827,1.92966634954,0.79434764714,3.40794866659,0.640071576974,0.323501166141,0.520822742367,0.407426684764,2,1.29422675737,0.531409001831,2,0.127491047363,0.0876623376623,90,0.011583011583,0.671960800304,37,35,35,0.945945945946,0,0.702702702703,0.135135135135,0.108108108108,-19,-0.0142642642643,-0.0460017160017,-1.02702702703,0.288888888889,0.354838709677,-0.105149950925,0.0578540165454,0.0510319964635,-0.0551671463331,0.160289241791,0.0290823818743,0.321117195886,0.111308778751,0.070748413388,-0.0591223725672,-0.0304910550849,0,-0.0300975669547,-0.0485361131037,0,0.115320921193,0.0816896414166,83,0.0106821106821,0.0507642191071,-0.027027027027,-0.108108108108,0.0810810810811,191,6,25,1110,0.884259259259,0.994623655914,0.00537634408602,0.115740740741,0.969543147208,0.884259259259,0.924939467312,0.912554794566,0.878882915173,0.86036036036,133,152,0,0,0,0
1124,WLNM_dir_neg,0.957972645429,0.741523071375,00:00:03,10,30,25,1233300849,threshold_sweep,0.8,0.954887218045,0.835526315789,0.891228070175,127,6,25,298,0.835526315789,0.980263157895,0.0197368421053,0.164473684211,0.954887218045,0.835526315789,0.891228070175,0.93201754386,0.569444444444,0.842105263158,0.846076439163,0.815789473684,216,64,152,0,216,0,64,0,152,37,216,0.162162162162,1.32432432432,11.6756756757,21.6,6,8.1990990496,0.702237650082,0.31006006006,10.329336629,1.76937710775,0.765265265265,3.0868314707,0.528762798222,0.252752752753,0.579945114934,0.437917739848,2,1.32432432432,0.579945114934,2,0.0121701261701,0.00597269624573,7,0.000900900900901,0.621196581197,37,37,37,1,0,0.72972972973,0.243243243243,0.027027027027,37,0.048048048048,1.27027027027,3.45945945946,7.11111111111,2.78260869565,2.87319600015,0.830533218792,0.427364864865,3.39647405938,1.96358656558,0.806587837838,1.52112255056,0.879398974541,0.472972972973,0.508191163105,0.400065383721,2,1.32258064516,0.540807838589,2,0,0,0,0,0.138240540324,37,31,31,0.837837837838,0,0.594594594595,0.027027027027,0.216216216216,37,197,0.147897897898,1.27832260832,10.6486486486,21.8888888889,6.35483870968,8.09394909868,0.760091666627,0.361092056524,10.2741694827,1.92966634954,0.79434764714,3.40794866659,0.640071576974,0.323501166141,0.520822742367,0.407426684764,2,1.29422675737,0.531409001831,2,0.127491047363,0.0876623376623,90,0.011583011583,0.671960800304,37,35,35,0.945945945946,0,0.702702702703,0.135135135135,0.108108108108,-19,-0.0142642642643,-0.0460017160017,-1.02702702703,0.288888888889,0.354838709677,-0.105149950925,0.0578540165454,0.0510319964635,-0.0551671463331,0.160289241791,0.0290823818743,0.321117195886,0.111308778751,0.070748413388,-0.0591223725672,-0.0304910550849,0,-0.0300975669547,-0.0485361131037,0,0.115320921193,0.0816896414166,83,0.0106821106821,0.0507642191071,-0.027027027027,-0.108108108108,0.0810810810811,191,6,25,1110,0.884259259259,0.994623655914,0.00537634408602,0.115740740741,0.969543147208,0.884259259259,0.924939467312,0.912554794566,0.878882915173,0.86036036036,133,152,0,0,0,0
1125,WLNM_dir_neg,0.957972645429,0.741523071375,00:00:03,10,30,25,1233300849,threshold_sweep,0.9,0.976923076923,0.835526315789,0.900709219858,127,3,25,301,0.835526315789,0.990131578947,0.00986842105263,0.164473684211,0.976923076923,0.835526315789,0.900709219858,0.938596491228,0.571637426901,0.856655290102,0.862140897879,0.825657894737,216,64,152,0,216,0,64,0,152,37,216,0.162162162162,1.32432432432,11.6756756757,21.6,6,8.1990990496,0.702237650082,0.31006006006,10.329336629,1.76937710775,0.765265265265,3.0868314707,0.528762798222,0.252752752753,0.579945114934,0.437917739848,2,1.32432432432,0.579945114934,2,0.0121701261701,0.00597269624573,7,0.000900900900901,0.621196581197,37,37,37,1,0,0.72972972973,0.243243243243,0.027027027027,37,0.048048048048,1.27027027027,3.45945945946,7.11111111111,2.78260869565,2.87319600015,0.830533218792,0.427364864865,3.39647405938,1.96358656558,0.806587837838,1.52112255056,0.879398974541,0.472972972973,0.508191163105,0.400065383721,2,1.32258064516,0.540807838589,2,0,0,0,0,0.138240540324,37,31,31,0.837837837838,0,0.594594594595,0.027027027027,0.216216216216,37,194,0.145645645646,1.27535227535,10.4864864865,21.5555555556,6.68965517241,7.78753142181,0.74262541909,0.354137642797,10.1033696398,1.92693132305,0.792978545556,3.51508973653,0.670403712637,0.337141264976,0.516102725019,0.404674641661,2,1.29108669109,0.52660762417,2,0.0284206250319,0.0225102319236,22,0.0028314028314,0.68881360923,37,35,35,0.945945945946,0,0.702702702703,0.0810810810811,0.162162162162,-22,-0.0165165165165,-0.048972048972,-1.18918918919,-0.0444444444444,0.689655172414,-0.411567627797,0.0403877690081,0.0440775827374,-0.225966989217,0.157554215306,0.0277132802906,0.428258265826,0.141640914415,0.0843885122236,-0.0638423899152,-0.0332430981878,0,-0.0332376332376,-0.053337490764,0,0.0162504988618,0.0165375356779,15,0.0019305019305,0.0676170280337,-0.027027027027,-0.162162162162,0.135135135135,191,3,25,1113,0.884259259259,0.997311827957,0.00268817204301,0.115740740741,0.984536082474,0.884259259259,0.931707317073,0.921179607202,0.881571087216,0.872146118721,130,152,0,0,0,0
1126,WLNM_dir_neg,0.9779908241,0.893023271145,00:00:03,10,30,26,1233300850,threshold_sweep,0.1,0.888888888889,0.315789473684,0.466019417476,48,6,104,298,0.315789473684,0.980263157895,0.0197368421053,0.684210526316,0.888888888889,0.315789473684,0.466019417476,0.758771929825,0.627192982456,0.352941176471,0.431934212791,0.296052631579,216,64,152,0,216,0,64,0,152,37,216,0.162162162162,1.32432432432,11.6756756757,21.6,6,8.1990990496,0.702237650082,0.31006006006,10.329336629,1.76937710775,0.765265265265,3.0868314707,0.528762798222,0.252752752753,0.579945114934,0.437917739848,2,1.32432432432,0.579945114934,2,0.0121701261701,0.00597269624573,7,0.000900900900901,0.621196581197,37,37,37,1,0,0.72972972973,0.243243243243,0.027027027027,37,0.048048048048,1.33333333333,3.45945945946,6.4,2.28571428571,2.69355810319,0.778606639203,0.41089527027,3.16797033383,1.83148284925,0.783783783784,1.44623358818,0.836103793169,0.453547297297,0.60858061945,0.456435464588,2.33333333333,1.36274509804,0.626935505728,2.33333333333,0,0,0,0,0.10737965738,37,34,34,0.918918918919,0,0.648648648649,0.108108108108,0.162162162162,37,118,0.0885885885886,1.4038586325,6.37837837838,9.83333333333,3.27777777778,6.01549550629,0.943107346325,0.393495190105,6.65347794531,2.0862600337,0.80714612918,1.57828736008,0.494886714602,0.273018781493,0.632218885527,0.450343696217,2.11357132887,1.41507692785,0.63744116796,2.11357132887,0.13370396799,0.0616269515201,25,0.0032175032175,0.136011848943,37,36,36,0.972972972973,0,0.648648648649,0.324324324324,0,-98,-0.0735735735736,0.0795343081775,-5.2972972973,-11.7666666667,-2.72222222222,-2.18360354332,0.240869696243,0.0834351300453,-3.67585868369,0.316882925955,0.0418808639148,-1.50854411062,-0.0338760836208,0.0202660287406,0.052273770593,0.0124259563688,0.113571328867,0.0907526035248,0.0574960530258,0.113571328867,0.12153384182,0.0556542552744,18,0.0023166023166,-0.485184732254,-0.0810810810811,0.0810810810811,-0.027027027027,112,6,104,1110,0.518518518519,0.994623655914,0.00537634408602,0.481481481481,0.949152542373,0.518518518519,0.670658682635,0.665650612604,0.513142174432,0.504504504505,54,152,0,0,0,0
1127,WLNM_dir_neg,0.9779908241,0.893023271145,00:00:03,10,30,26,1233300850,threshold_sweep,0.2,0.888888888889,0.315789473684,0.466019417476,48,6,104,298,0.315789473684,0.980263157895,0.0197368421053,0.684210526316,0.888888888889,0.315789473684,0.466019417476,0.758771929825,0.627192982456,0.352941176471,0.431934212791,0.296052631579,216,64,152,0,216,0,64,0,152,37,216,0.162162162162,1.32432432432,11.6756756757,21.6,6,8.1990990496,0.702237650082,0.31006006006,10.329336629,1.76937710775,0.765265265265,3.0868314707,0.528762798222,0.252752752753,0.579945114934,0.437917739848,2,1.32432432432,0.579945114934,2,0.0121701261701,0.00597269624573,7,0.000900900900901,0.621196581197,37,37,37,1,0,0.72972972973,0.243243243243,0.027027027027,37,0.048048048048,1.33333333333,3.45945945946,6.4,2.28571428571,2.69355810319,0.778606639203,0.41089527027,3.16797033383,1.83148284925,0.783783783784,1.44623358818,0.836103793169,0.453547297297,0.60858061945,0.456435464588,2.33333333333,1.36274509804,0.626935505728,2.33333333333,0,0,0,0,0.10737965738,37,34,34,0.918918918919,0,0.648648648649,0.108108108108,0.162162162162,37,118,0.0885885885886,1.4038586325,6.37837837838,9.83333333333,3.27777777778,6.01549550629,0.943107346325,0.393495190105,6.65347794531,2.0862600337,0.80714612918,1.57828736008,0.494886714602,0.273018781493,0.632218885527,0.450343696217,2.11357132887,1.41507692785,0.63744116796,2.11357132887,0.13370396799,0.0616269515201,25,0.0032175032175,0.136011848943,37,36,36,0.972972972973,0,0.648648648649,0.324324324324,0,-98,-0.0735735735736,0.0795343081775,-5.2972972973,-11.7666666667,-2.72222222222,-2.18360354332,0.240869696243,0.0834351300453,-3.67585868369,0.316882925955,0.0418808639148,-1.50854411062,-0.0338760836208,0.0202660287406,0.052273770593,0.0124259563688,0.113571328867,0.0907526035248,0.0574960530258,0.113571328867,0.12153384182,0.0556542552744,18,0.0023166023166,-0.485184732254,-0.0810810810811,0.0810810810811,-0.027027027027,112,6,104,1110,0.518518518519,0.994623655914,0.00537634408602,0.481481481481,0.949152542373,0.518518518519,0.670658682635,0.665650612604,0.513142174432,0.504504504505,54,152,0,0,0,0
1128,WLNM_dir_neg,0.9779908241,0.893023271145,00:00:03,10,30,26,1233300850,threshold_sweep,0.3,0.875,0.276315789474,0.42,42,6,110,298,0.276315789474,0.980263157895,0.0197368421053,0.723684210526,0.875,0.276315789474,0.42,0.745614035088,0.631578947368,0.309523809524,0.394120390684,0.256578947368,216,64,152,0,216,0,64,0,152,37,216,0.162162162162,1.32432432432,11.6756756757,21.6,6,8.1990990496,0.702237650082,0.31006006006,10.329336629,1.76937710775,0.765265265265,3.0868314707,0.528762798222,0.252752752753,0.579945114934,0.437917739848,2,1.32432432432,0.579945114934,2,0.0121701261701,0.00597269624573,7,0.000900900900901,0.621196581197,37,37,37,1,0,0.72972972973,0.243243243243,0.027027027027,37,0.048048048048,1.33333333333,3.45945945946,6.4,2.28571428571,2.69355810319,0.778606639203,0.41089527027,3.16797033383,1.83148284925,0.783783783784,1.44623358818,0.836103793169,0.453547297297,0.60858061945,0.456435464588,2.33333333333,1.36274509804,0.626935505728,2.33333333333,0,0,0,0,0.10737965738,37,34,34,0.918918918919,0,0.648648648649,0.108108108108,0.162162162162,37,112,0.0840840840841,1.41184380583,6.05405405405,9.33333333333,3.5,5.84021473134,0.964678326158,0.387306949807,6.55526288348,2.16557791686,0.81611969112,1.80256740491,0.595491017694,0.328667953668,0.654940709972,0.463890344857,2.36708860759,1.43537773759,0.666057071393,2.36708860759,0.146038406038,0.0617726051925,23,0.0029601029601,0.142048404979,37,35,35,0.945945945946,0,0.621621621622,0.243243243243,0.0810810810811,-104,-0.0780780780781,0.0875194815068,-5.62162162162,-12.2666666667,-2.5,-2.35888431827,0.262440676076,0.0772468897469,-3.77407374552,0.396200809117,0.0508544258544,-1.28426406579,0.0667282194715,0.0759152009152,0.0749955950373,0.0259726050089,0.367088607595,0.111053413269,0.0861119564581,0.367088607595,0.133868279868,0.0557999089467,16,0.0020592020592,-0.479148176217,-0.108108108108,0,0.0540540540541,106,6,110,1110,0.490740740741,0.994623655914,0.00537634408602,0.509259259259,0.946428571429,0.490740740741,0.646341463415,0.644670744579,0.485364396655,0.477477477477,48,152,0,0,0,0
1129,WLNM_dir_neg,0.9779908241,0.893023271145,00:00:03,10,30,26,1233300850,threshold_sweep,0.4,0.863636363636,0.25,0.387755102041,38,6,114,298,0.25,0.980263157895,0.0197368421053,0.75,0.863636363636,0.25,0.387755102041,0.736842105263,0.634502923977,0.28,0.367627588914,0.230263157895,216,64,152,0,216,0,64,0,152,37,216,0.162162162162,1.32432432432,11.6756756757,21.6,6,8.1990990496,0.702237650082,0.31006006006,10.329336629,1.76937710775,0.765265265265,3.0868314707,0.528762798222,0.252752752753,0.579945114934,0.437917739848,2,1.32432432432,0.579945114934,2,0.0121701261701,0.00597269624573,7,0.000900900900901,0.621196581197,37,37,37,1,0,0.72972972973,0.243243243243,0.027027027027,37,0.048048048048,1.33333333333,3.45945945946,6.4,2.28571428571,2.69355810319,0.778606639203,0.41089527027,3.16797033383,1.83148284925,0.783783783784,1.44623358818,0.836103793169,0.453547297297,0.60858061945,0.456435464588,2.33333333333,1.36274509804,0.626935505728,2.33333333333,0,0,0,0,0.10737965738,37,34,34,0.918918918919,0,0.648648648649,0.108108108108,0.162162162162,37,108,0.0810810810811,1.41782473963,5.83783783784,9,3.375,5.63970799832,0.966061092305,0.392642642643,6.36561238382,2.18081165001,0.82032032032,1.86157607029,0.637762172228,0.353353353353,0.670727367562,0.473067896767,2.41134751773,1.44170043904,0.682262682628,2.41134751773,0.154089994972,0.0606936416185,21,0.0027027027027,0.134214891111,37,35,35,0.945945945946,0,0.621621621622,0.243243243243,0.0810810810811,-108,-0.0810810810811,0.0935004153089,-5.83783783784,-12.6,-2.625,-2.55939105129,0.263823442223,0.0825825825826,-3.96372424518,0.411434542267,0.0550550550551,-1.22525540042,0.108999374006,0.100600600601,0.0907822526276,0.0351501569182,0.41134751773,0.117376114717,0.102317567693,0.41134751773,0.141919868802,0.0547209453728,14,0.0018018018018,-0.486981690085,-0.108108108108,0,0.0540540540541,102,6,114,1110,0.472222222222,0.994623655914,0.00537634408602,0.527777777778,0.944444444444,0.472222222222,0.62962962963,0.630419901705,0.466845878136,0.459459459459,44,152,0,0,0,0
1130,WLNM_dir_neg,0.9779908241,0.893023271145,00:00:03,10,30,26,1233300850,threshold_sweep,0.5,0.863636363636,0.25,0.387755102041,38,6,114,298,0.25,0.980263157895,0.0197368421053,0.75,0.863636363636,0.25,0.387755102041,0.736842105263,0.634502923977,0.28,0.367627588914,0.230263157895,216,64,152,0,216,0,64,0,152,37,216,0.162162162162,1.32432432432,11.6756756757,21.6,6,8.1990990496,0.702237650082,0.31006006006,10.329336629,1.76937710775,0.765265265265,3.0868314707,0.528762798222,0.252752752753,0.579945114934,0.437917739848,2,1.32432432432,0.579945114934,2,0.0121701261701,0.00597269624573,7,0.000900900900901,0.621196581197,37,37,37,1,0,0.72972972973,0.243243243243,0.027027027027,37,0.048048048048,1.33333333333,3.45945945946,6.4,2.28571428571,2.69355810319,0.778606639203,0.41089527027,3.16797033383,1.83148284925,0.783783783784,1.44623358818,0.836103793169,0.453547297297,0.60858061945,0.456435464588,2.33333333333,1.36274509804,0.626935505728,2.33333333333,0,0,0,0,0.10737965738,37,34,34,0.918918918919,0,0.648648648649,0.108108108108,0.162162162162,37,108,0.0810810810811,1.41782473963,5.83783783784,9,3.375,5.63970799832,0.966061092305,0.392642642643,6.36561238382,2.18081165001,0.82032032032,1.86157607029,0.637762172228,0.353353353353,0.670727367562,0.473067896767,2.41134751773,1.44170043904,0.682262682628,2.41134751773,0.154089994972,0.0606936416185,21,0.0027027027027,0.134214891111,37,35,35,0.945945945946,0,0.621621621622,0.243243243243,0.0810810810811,-108,-0.0810810810811,0.0935004153089,-5.83783783784,-12.6,-2.625,-2.55939105129,0.263823442223,0.0825825825826,-3.96372424518,0.411434542267,0.0550550550551,-1.22525540042,0.108999374006,0.100600600601,0.0907822526276,0.0351501569182,0.41134751773,0.117376114717,0.102317567693,0.41134751773,0.141919868802,0.0547209453728,14,0.0018018018018,-0.486981690085,-0.108108108108,0,0.0540540540541,102,6,114,1110,0.472222222222,0.994623655914,0.00537634408602,0.527777777778,0.944444444444,0.472222222222,0.62962962963,0.630419901705,0.466845878136,0.459459459459,44,152,0,0,0,0
1131,WLNM_dir_neg,0.9779908241,0.893023271145,00:00:03,10,30,26,1233300850,threshold_sweep,0.6,0.863636363636,0.25,0.387755102041,38,6,114,298,0.25,0.980263157895,0.0197368421053,0.75,0.863636363636,0.25,0.387755102041,0.736842105263,0.634502923977,0.28,0.367627588914,0.230263157895,216,64,152,0,216,0,64,0,152,37,216,0.162162162162,1.32432432432,11.6756756757,21.6,6,8.1990990496,0.702237650082,0.31006006006,10.329336629,1.76937710775,0.765265265265,3.0868314707,0.528762798222,0.252752752753,0.579945114934,0.437917739848,2,1.32432432432,0.579945114934,2,0.0121701261701,0.00597269624573,7,0.000900900900901,0.621196581197,37,37,37,1,0,0.72972972973,0.243243243243,0.027027027027,37,0.048048048048,1.33333333333,3.45945945946,6.4,2.28571428571,2.69355810319,0.778606639203,0.41089527027,3.16797033383,1.83148284925,0.783783783784,1.44623358818,0.836103793169,0.453547297297,0.60858061945,0.456435464588,2.33333333333,1.36274509804,0.626935505728,2.33333333333,0,0,0,0,0.10737965738,37,34,34,0.918918918919,0,0.648648648649,0.108108108108,0.162162162162,37,108,0.0810810810811,1.41782473963,5.83783783784,9,3.375,5.63970799832,0.966061092305,0.392642642643,6.36561238382,2.18081165001,0.82032032032,1.86157607029,0.637762172228,0.353353353353,0.670727367562,0.473067896767,2.41134751773,1.44170043904,0.682262682628,2.41134751773,0.154089994972,0.0606936416185,21,0.0027027027027,0.134214891111,37,35,35,0.945945945946,0,0.621621621622,0.243243243243,0.0810810810811,-108,-0.0810810810811,0.0935004153089,-5.83783783784,-12.6,-2.625,-2.55939105129,0.263823442223,0.0825825825826,-3.96372424518,0.411434542267,0.0550550550551,-1.22525540042,0.108999374006,0.100600600601,0.0907822526276,0.0351501569182,0.41134751773,0.117376114717,0.102317567693,0.41134751773,0.141919868802,0.0547209453728,14,0.0018018018018,-0.486981690085,-0.108108108108,0,0.0540540540541,102,6,114,1110,0.472222222222,0.994623655914,0.00537634408602,0.527777777778,0.944444444444,0.472222222222,0.62962962963,0.630419901705,0.466845878136,0.459459459459,44,152,0,0,0,0
1132,WLNM_dir_neg,0.9779908241,0.893023271145,00:00:03,10,30,26,1233300850,threshold_sweep,0.7,0.863636363636,0.25,0.387755102041,38,6,114,298,0.25,0.980263157895,0.0197368421053,0.75,0.863636363636,0.25,0.387755102041,0.736842105263,0.634502923977,0.28,0.367627588914,0.230263157895,216,64,152,0,216,0,64,0,152,37,216,0.162162162162,1.32432432432,11.6756756757,21.6,6,8.1990990496,0.702237650082,0.31006006006,10.329336629,1.76937710775,0.765265265265,3.0868314707,0.528762798222,0.252752752753,0.579945114934,0.437917739848,2,1.32432432432,0.579945114934,2,0.0121701261701,0.00597269624573,7,0.000900900900901,0.621196581197,37,37,37,1,0,0.72972972973,0.243243243243,0.027027027027,37,0.048048048048,1.33333333333,3.45945945946,6.4,2.28571428571,2.69355810319,0.778606639203,0.41089527027,3.16797033383,1.83148284925,0.783783783784,1.44623358818,0.836103793169,0.453547297297,0.60858061945,0.456435464588,2.33333333333,1.36274509804,0.626935505728,2.33333333333,0,0,0,0,0.10737965738,37,34,34,0.918918918919,0,0.648648648649,0.108108108108,0.162162162162,37,108,0.0810810810811,1.41782473963,5.83783783784,9,3.375,5.63970799832,0.966061092305,0.392642642643,6.36561238382,2.18081165001,0.82032032032,1.86157607029,0.637762172228,0.353353353353,0.670727367562,0.473067896767,2.41134751773,1.44170043904,0.682262682628,2.41134751773,0.154089994972,0.0606936416185,21,0.0027027027027,0.134214891111,37,35,35,0.945945945946,0,0.621621621622,0.243243243243,0.0810810810811,-108,-0.0810810810811,0.0935004153089,-5.83783783784,-12.6,-2.625,-2.55939105129,0.263823442223,0.0825825825826,-3.96372424518,0.411434542267,0.0550550550551,-1.22525540042,0.108999374006,0.100600600601,0.0907822526276,0.0351501569182,0.41134751773,0.117376114717,0.102317567693,0.41134751773,0.141919868802,0.0547209453728,14,0.0018018018018,-0.486981690085,-0.108108108108,0,0.0540540540541,102,6,114,1110,0.472222222222,0.994623655914,0.00537634408602,0.527777777778,0.944444444444,0.472222222222,0.62962962963,0.630419901705,0.466845878136,0.459459459459,44,152,0,0,0,0
1133,WLNM_dir_neg,0.9779908241,0.893023271145,00:00:03,10,30,26,1233300850,threshold_sweep,0.8,0.863636363636,0.25,0.387755102041,38,6,114,298,0.25,0.980263157895,0.0197368421053,0.75,0.863636363636,0.25,0.387755102041,0.736842105263,0.634502923977,0.28,0.367627588914,0.230263157895,216,64,152,0,216,0,64,0,152,37,216,0.162162162162,1.32432432432,11.6756756757,21.6,6,8.1990990496,0.702237650082,0.31006006006,10.329336629,1.76937710775,0.765265265265,3.0868314707,0.528762798222,0.252752752753,0.579945114934,0.437917739848,2,1.32432432432,0.579945114934,2,0.0121701261701,0.00597269624573,7,0.000900900900901,0.621196581197,37,37,37,1,0,0.72972972973,0.243243243243,0.027027027027,37,0.048048048048,1.33333333333,3.45945945946,6.4,2.28571428571,2.69355810319,0.778606639203,0.41089527027,3.16797033383,1.83148284925,0.783783783784,1.44623358818,0.836103793169,0.453547297297,0.60858061945,0.456435464588,2.33333333333,1.36274509804,0.626935505728,2.33333333333,0,0,0,0,0.10737965738,37,34,34,0.918918918919,0,0.648648648649,0.108108108108,0.162162162162,37,108,0.0810810810811,1.41782473963,5.83783783784,9,3.375,5.63970799832,0.966061092305,0.392642642643,6.36561238382,2.18081165001,0.82032032032,1.86157607029,0.637762172228,0.353353353353,0.670727367562,0.473067896767,2.41134751773,1.44170043904,0.682262682628,2.41134751773,0.154089994972,0.0606936416185,21,0.0027027027027,0.134214891111,37,35,35,0.945945945946,0,0.621621621622,0.243243243243,0.0810810810811,-108,-0.0810810810811,0.0935004153089,-5.83783783784,-12.6,-2.625,-2.55939105129,0.263823442223,0.0825825825826,-3.96372424518,0.411434542267,0.0550550550551,-1.22525540042,0.108999374006,0.100600600601,0.0907822526276,0.0351501569182,0.41134751773,0.117376114717,0.102317567693,0.41134751773,0.141919868802,0.0547209453728,14,0.0018018018018,-0.486981690085,-0.108108108108,0,0.0540540540541,102,6,114,1110,0.472222222222,0.994623655914,0.00537634408602,0.527777777778,0.944444444444,0.472222222222,0.62962962963,0.630419901705,0.466845878136,0.459459459459,44,152,0,0,0,0
1134,WLNM_dir_neg,0.9779908241,0.893023271145,00:00:03,10,30,26,1233300850,threshold_sweep,0.9,0.857142857143,0.236842105263,0.371134020619,36,6,116,298,0.236842105263,0.980263157895,0.0197368421053,0.763157894737,0.857142857143,0.236842105263,0.371134020619,0.732456140351,0.635964912281,0.265060240964,0.353919198648,0.217105263158,216,64,152,0,216,0,64,0,152,37,216,0.162162162162,1.32432432432,11.6756756757,21.6,6,8.1990990496,0.702237650082,0.31006006006,10.329336629,1.76937710775,0.765265265265,3.0868314707,0.528762798222,0.252752752753,0.579945114934,0.437917739848,2,1.32432432432,0.579945114934,2,0.0121701261701,0.00597269624573,7,0.000900900900901,0.621196581197,37,37,37,1,0,0.72972972973,0.243243243243,0.027027027027,37,0.048048048048,1.33333333333,3.45945945946,6.4,2.28571428571,2.69355810319,0.778606639203,0.41089527027,3.16797033383,1.83148284925,0.783783783784,1.44623358818,0.836103793169,0.453547297297,0.60858061945,0.456435464588,2.33333333333,1.36274509804,0.626935505728,2.33333333333,0,0,0,0,0.10737965738,37,34,34,0.918918918919,0,0.648648648649,0.108108108108,0.162162162162,37,106,0.0795795795796,1.41950380613,5.72972972973,8.83333333333,3.3125,5.46020272644,0.952959909803,0.394696583376,6.17864675116,2.15669745088,0.818459969403,1.84333879086,0.643429577943,0.356450790413,0.674546240042,0.475198613155,2.42377260982,1.4434754522,0.686173863196,2.42377260982,0.154144633429,0.0639593908629,21,0.0027027027027,0.132441086455,37,35,35,0.945945945946,0,0.621621621622,0.243243243243,0.0810810810811,-110,-0.0825825825826,0.0951794818074,-5.94594594595,-12.7666666667,-2.6875,-2.73889632317,0.250722259721,0.0846365233158,-4.15068987784,0.387320343133,0.0531947041381,-1.24349267984,0.11466677972,0.10369803766,0.0946011251072,0.0372808733063,0.423772609819,0.119151127872,0.106228748261,0.423772609819,0.141974507258,0.0579866946172,14,0.0018018018018,-0.488755494741,-0.108108108108,0,0.0540540540541,100,6,116,1110,0.462962962963,0.994623655914,0.00537634408602,0.537037037037,0.943396226415,0.462962962963,0.621118012422,0.623209580605,0.457586618877,0.45045045045,42,152,0,0,0,0
1135,WLNM_dir_neg,0.950376558172,0.755351525801,00:00:02,10,30,27,1233300851,threshold_sweep,0.1,0.898550724638,0.815789473684,0.855172413793,124,14,28,290,0.815789473684,0.953947368421,0.0460526315789,0.184210526316,0.898550724638,0.815789473684,0.855172413793,0.907894736842,0.565789473684,0.787878787879,0.789855699638,0.769736842105,216,64,152,0,216,0,64,0,152,37,216,0.162162162162,1.32432432432,11.6756756757,21.6,6,8.1990990496,0.702237650082,0.31006006006,10.329336629,1.76937710775,0.765265265265,3.0868314707,0.528762798222,0.252752752753,0.579945114934,0.437917739848,2,1.32432432432,0.579945114934,2,0.0121701261701,0.00597269624573,7,0.000900900900901,0.621196581197,37,37,37,1,0,0.72972972973,0.243243243243,0.027027027027,37,0.048048048048,1.32432432432,3.45945945946,6.4,2.28571428571,2.90205477583,0.838875208639,0.432432432432,3.29687266502,1.90600450947,0.798141891892,1.50275023149,0.868777477583,0.469594594595,0.579945114934,0.437917739848,2,1.34285714286,0.591252764842,2,0,0,0,0,0.114979156646,37,35,35,0.945945945946,0,0.675675675676,0.0810810810811,0.189189189189,37,202,0.151651651652,1.35611429709,10.9189189189,20.2,5.77142857143,8.77616208949,0.803757419087,0.363393096066,10.6055399428,1.94259890041,0.797698688788,2.82444286143,0.517348444915,0.264650789403,0.644433583219,0.475205950266,2.43700925196,1.3660063609,0.650719756589,2.43700925196,0.3062292515,0.190291840381,213,0.0274131274131,0.467109007345,37,36,36,0.972972972973,0,0.702702702703,0.243243243243,0.027027027027,-14,-0.0105105105105,0.0317899727678,-0.756756756757,-1.4,-0.228571428571,0.577063039887,0.101519769005,0.0533330360063,0.27620331376,0.173221792661,0.0324334235225,-0.262388609275,-0.0114143533072,0.0118980366505,0.0644884682843,0.0372882104173,0.437009251955,0.0416820365759,0.0707746416547,0.437009251955,0.29405912533,0.184319144135,206,0.0265122265122,-0.154087573852,-0.027027027027,0,0,188,14,28,1102,0.87037037037,0.987455197133,0.0125448028674,0.12962962963,0.930693069307,0.87037037037,0.8995215311,0.881542089511,0.857825567503,0.817391304348,138,152,0,0,0,0
1136,WLNM_dir_neg,0.950376558172,0.755351525801,00:00:02,10,30,27,1233300851,threshold_sweep,0.2,0.897810218978,0.809210526316,0.851211072664,123,14,29,290,0.809210526316,0.953947368421,0.0460526315789,0.190789473684,0.897810218978,0.809210526316,0.851211072664,0.905701754386,0.566520467836,0.782462057336,0.78472477096,0.763157894737,216,64,152,0,216,0,64,0,152,37,216,0.162162162162,1.32432432432,11.6756756757,21.6,6,8.1990990496,0.702237650082,0.31006006006,10.329336629,1.76937710775,0.765265265265,3.0868314707,0.528762798222,0.252752752753,0.579945114934,0.437917739848,2,1.32432432432,0.579945114934,2,0.0121701261701,0.00597269624573,7,0.000900900900901,0.621196581197,37,37,37,1,0,0.72972972973,0.243243243243,0.027027027027,37,0.048048048048,1.32432432432,3.45945945946,6.4,2.28571428571,2.90205477583,0.838875208639,0.432432432432,3.29687266502,1.90600450947,0.798141891892,1.50275023149,0.868777477583,0.469594594595,0.579945114934,0.437917739848,2,1.34285714286,0.591252764842,2,0,0,0,0,0.114979156646,37,35,35,0.945945945946,0,0.675675675676,0.0810810810811,0.189189189189,37,201,0.150900900901,1.3466174267,10.8648648649,20.1,5.74285714286,8.81968178489,0.811761756321,0.369369369369,10.6132530895,1.95368340453,0.79897808256,2.86298737278,0.527017576084,0.26892564206,0.615883150651,0.45735569616,2.11629044707,1.35624568856,0.621788963404,2.11629044707,0.301391760948,0.189737470167,212,0.0272844272844,0.468191103266,37,36,36,0.972972972973,0,0.702702702703,0.243243243243,0.027027027027,-15,-0.0112612612613,0.0222931023798,-0.810810810811,-1.5,-0.257142857143,0.620582735289,0.109524106239,0.0593093093093,0.28391646047,0.184306296784,0.0337128172949,-0.223844097924,-0.00174522213859,0.0161728893072,0.0359380357165,0.0194379563111,0.116290447072,0.0319213642327,0.041843848469,0.116290447072,0.289221634778,0.183764773921,205,0.0263835263835,-0.153005477931,-0.027027027027,0,0,187,14,29,1102,0.865740740741,0.987455197133,0.0125448028674,0.134259259259,0.930348258706,0.865740740741,0.896882494005,0.878574149526,0.853195937873,0.813043478261,137,152,0,0,0,0
1137,WLNM_dir_neg,0.950376558172,0.755351525801,00:00:02,10,30,27,1233300851,threshold_sweep,0.3,0.666666666667,0.131578947368,0.21978021978,20,10,132,294,0.131578947368,0.967105263158,0.0328947368421,0.868421052632,0.666666666667,0.131578947368,0.21978021978,0.688596491228,0.644736842105,0.123456790123,0.18764665626,0.0986842105263,216,64,152,0,216,0,64,0,152,37,216,0.162162162162,1.32432432432,11.6756756757,21.6,6,8.1990990496,0.702237650082,0.31006006006,10.329336629,1.76937710775,0.765265265265,3.0868314707,0.528762798222,0.252752752753,0.579945114934,0.437917739848,2,1.32432432432,0.579945114934,2,0.0121701261701,0.00597269624573,7,0.000900900900901,0.621196581197,37,37,37,1,0,0.72972972973,0.243243243243,0.027027027027,37,0.048048048048,1.32432432432,3.45945945946,6.4,2.28571428571,2.90205477583,0.838875208639,0.432432432432,3.29687266502,1.90600450947,0.798141891892,1.50275023149,0.868777477583,0.469594594595,0.579945114934,0.437917739848,2,1.34285714286,0.591252764842,2,0,0,0,0,0.114979156646,37,35,35,0.945945945946,0,0.675675675676,0.0810810810811,0.189189189189,37,94,0.0705705705706,1.35265079895,5.08108108108,9.4,2.9375,5.18747625632,1.02093947598,0.450258769408,5.53069512707,2.17697574151,0.82403680276,1.57400046934,0.619553376229,0.341000575043,0.626441923236,0.463121689444,2.16714677641,1.37280227317,0.638576619286,2.16714677641,0.377230721348,0.162442396313,47,0.00604890604891,0.137054631297,37,35,35,0.945945945946,0,0.675675675676,0.189189189189,0.0810810810811,-122,-0.0915915915916,0.0283264746228,-6.59459459459,-12.2,-3.0625,-3.01162279328,0.318701825897,0.140198709348,-4.79864150193,0.407598633761,0.0587715374949,-1.51283100137,0.0907905780065,0.0882478222904,0.0464968083012,0.0252039495952,0.167146776406,0.0484779488483,0.0586315043519,0.167146776406,0.365060595178,0.156469700068,40,0.00514800514801,-0.4841419499,-0.0540540540541,-0.0540540540541,0.0540540540541,84,10,132,1106,0.388888888889,0.991039426523,0.0089605734767,0.611111111111,0.893617021277,0.388888888889,0.541935483871,0.546809921217,0.379928315412,0.371681415929,30,152,0,0,0,0
1138,WLNM_dir_neg,0.950376558172,0.755351525801,00:00:02,10,30,27,1233300851,threshold_sweep,0.4,0.642857142857,0.118421052632,0.2,18,10,134,294,0.118421052632,0.967105263158,0.0328947368421,0.881578947368,0.642857142857,0.118421052632,0.2,0.684210526316,0.646198830409,0.107438016529,0.167941276532,0.0855263157895,216,64,152,0,216,0,64,0,152,37,216,0.162162162162,1.32432432432,11.6756756757,21.6,6,8.1990990496,0.702237650082,0.31006006006,10.329336629,1.76937710775,0.765265265265,3.0868314707,0.528762798222,0.252752752753,0.579945114934,0.437917739848,2,1.32432432432,0.579945114934,2,0.0121701261701,0.00597269624573,7,0.000900900900901,0.621196581197,37,37,37,1,0,0.72972972973,0.243243243243,0.027027027027,37,0.048048048048,1.32432432432,3.45945945946,6.4,2.28571428571,2.90205477583,0.838875208639,0.432432432432,3.29687266502,1.90600450947,0.798141891892,1.50275023149,0.868777477583,0.469594594595,0.579945114934,0.437917739848,2,1.34285714286,0.591252764842,2,0,0,0,0,0.114979156646,37,35,35,0.945945945946,0,0.675675675676,0.0810810810811,0.189189189189,37,92,0.0690690690691,1.35265079895,4.97297297297,9.2,2.875,5.19340653824,1.04432631476,0.457403055229,5.52580623389,2.2223351158,0.829024676851,1.57447736693,0.633213723657,0.35017626322,0.626441923236,0.463121689444,2.16714677641,1.37280227317,0.638576619286,2.16714677641,0.380436448084,0.158636897767,45,0.00579150579151,0.133427928781,37,35,35,0.945945945946,0,0.675675675676,0.189189189189,0.0810810810811,-124,-0.0930930930931,0.0283264746228,-6.7027027027,-12.4,-3.125,-3.00569251136,0.342088664674,0.147342995169,-4.80353039511,0.45295800806,0.0637594115855,-1.51235410377,0.104450925435,0.097423510467,0.0464968083012,0.0252039495952,0.167146776406,0.0484779488483,0.0586315043519,0.167146776406,0.368266321913,0.152664201522,38,0.0048906048906,-0.487768652415,-0.0540540540541,-0.0540540540541,0.0540540540541,82,10,134,1106,0.37962962963,0.991039426523,0.0089605734767,0.62037037037,0.891304347826,0.37962962963,0.532467532468,0.538816081011,0.370669056153,0.362831858407,28,152,0,0,0,0
1139,WLNM_dir_neg,0.950376558172,0.755351525801,00:00:02,10,30,27,1233300851,threshold_sweep,0.5,0.642857142857,0.118421052632,0.2,18,10,134,294,0.118421052632,0.967105263158,0.0328947368421,0.881578947368,0.642857142857,0.118421052632,0.2,0.684210526316,0.646198830409,0.107438016529,0.167941276532,0.0855263157895,216,64,152,0,216,0,64,0,152,37,216,0.162162162162,1.32432432432,11.6756756757,21.6,6,8.1990990496,0.702237650082,0.31006006006,10.329336629,1.76937710775,0.765265265265,3.0868314707,0.528762798222,0.252752752753,0.579945114934,0.437917739848,2,1.32432432432,0.579945114934,2,0.0121701261701,0.00597269624573,7,0.000900900900901,0.621196581197,37,37,37,1,0,0.72972972973,0.243243243243,0.027027027027,37,0.048048048048,1.32432432432,3.45945945946,6.4,2.28571428571,2.90205477583,0.838875208639,0.432432432432,3.29687266502,1.90600450947,0.798141891892,1.50275023149,0.868777477583,0.469594594595,0.579945114934,0.437917739848,2,1.34285714286,0.591252764842,2,0,0,0,0,0.114979156646,37,35,35,0.945945945946,0,0.675675675676,0.0810810810811,0.189189189189,37,92,0.0690690690691,1.35265079895,4.97297297297,9.2,2.875,5.19340653824,1.04432631476,0.457403055229,5.52580623389,2.2223351158,0.829024676851,1.57447736693,0.633213723657,0.35017626322,0.626441923236,0.463121689444,2.16714677641,1.37280227317,0.638576619286,2.16714677641,0.380436448084,0.158636897767,45,0.00579150579151,0.133427928781,37,35,35,0.945945945946,0,0.675675675676,0.189189189189,0.0810810810811,-124,-0.0930930930931,0.0283264746228,-6.7027027027,-12.4,-3.125,-3.00569251136,0.342088664674,0.147342995169,-4.80353039511,0.45295800806,0.0637594115855,-1.51235410377,0.104450925435,0.097423510467,0.0464968083012,0.0252039495952,0.167146776406,0.0484779488483,0.0586315043519,0.167146776406,0.368266321913,0.152664201522,38,0.0048906048906,-0.487768652415,-0.0540540540541,-0.0540540540541,0.0540540540541,82,10,134,1106,0.37962962963,0.991039426523,0.0089605734767,0.62037037037,0.891304347826,0.37962962963,0.532467532468,0.538816081011,0.370669056153,0.362831858407,28,152,0,0,0,0
1140,WLNM_dir_neg,0.950376558172,0.755351525801,00:00:02,10,30,27,1233300851,threshold_sweep,0.6,0.666666666667,0.118421052632,0.201117318436,18,9,134,295,0.118421052632,0.970394736842,0.0296052631579,0.881578947368,0.666666666667,0.118421052632,0.201117318436,0.686403508772,0.646929824561,0.111801242236,0.177393718797,0.0888157894737,216,64,152,0,216,0,64,0,152,37,216,0.162162162162,1.32432432432,11.6756756757,21.6,6,8.1990990496,0.702237650082,0.31006006006,10.329336629,1.76937710775,0.765265265265,3.0868314707,0.528762798222,0.252752752753,0.579945114934,0.437917739848,2,1.32432432432,0.579945114934,2,0.0121701261701,0.00597269624573,7,0.000900900900901,0.621196581197,37,37,37,1,0,0.72972972973,0.243243243243,0.027027027027,37,0.048048048048,1.32432432432,3.45945945946,6.4,2.28571428571,2.90205477583,0.838875208639,0.432432432432,3.29687266502,1.90600450947,0.798141891892,1.50275023149,0.868777477583,0.469594594595,0.579945114934,0.437917739848,2,1.34285714286,0.591252764842,2,0,0,0,0,0.114979156646,37,35,35,0.945945945946,0,0.675675675676,0.0810810810811,0.189189189189,37,91,0.0683183183183,1.34919734549,4.91891891892,9.1,2.84375,5.1660127456,1.05023336037,0.455895455895,5.49542534293,2.23440371086,0.831006831007,1.55625252511,0.632762015705,0.348084348084,0.622081344495,0.461075132243,2.16159122085,1.36915147952,0.634165819302,2.16159122085,0.380273049391,0.15770609319,44,0.00566280566281,0.130316783088,37,35,35,0.945945945946,0,0.675675675676,0.189189189189,0.0810810810811,-125,-0.0938438438438,0.0248730211693,-6.75675675676,-12.5,-3.15625,-3.03308630401,0.347995710287,0.145835395835,-4.83391128607,0.465026603116,0.0657415657416,-1.53057894559,0.103999217483,0.0953315953316,0.0421362295603,0.023157392394,0.16159122085,0.0448271551975,0.0542207043671,0.16159122085,0.368102923221,0.151733396944,37,0.0047619047619,-0.490879798108,-0.0540540540541,-0.0540540540541,0.0540540540541,82,9,134,1107,0.37962962963,0.991935483871,0.00806451612903,0.62037037037,0.901098901099,0.37962962963,0.534201954397,0.542859343314,0.371565113501,0.364444444444,27,152,0,0,0,0
1141,WLNM_dir_neg,0.950376558172,0.755351525801,00:00:02,10,30,27,1233300851,threshold_sweep,0.7,0.666666666667,0.118421052632,0.201117318436,18,9,134,295,0.118421052632,0.970394736842,0.0296052631579,0.881578947368,0.666666666667,0.118421052632,0.201117318436,0.686403508772,0.646929824561,0.111801242236,0.177393718797,0.0888157894737,216,64,152,0,216,0,64,0,152,37,216,0.162162162162,1.32432432432,11.6756756757,21.6,6,8.1990990496,0.702237650082,0.31006006006,10.329336629,1.76937710775,0.765265265265,3.0868314707,0.528762798222,0.252752752753,0.579945114934,0.437917739848,2,1.32432432432,0.579945114934,2,0.0121701261701,0.00597269624573,7,0.000900900900901,0.621196581197,37,37,37,1,0,0.72972972973,0.243243243243,0.027027027027,37,0.048048048048,1.32432432432,3.45945945946,6.4,2.28571428571,2.90205477583,0.838875208639,0.432432432432,3.29687266502,1.90600450947,0.798141891892,1.50275023149,0.868777477583,0.469594594595,0.579945114934,0.437917739848,2,1.34285714286,0.591252764842,2,0,0,0,0,0.114979156646,37,35,35,0.945945945946,0,0.675675675676,0.0810810810811,0.189189189189,37,91,0.0683183183183,1.34919734549,4.91891891892,9.1,2.84375,5.1660127456,1.05023336037,0.455895455895,5.49542534293,2.23440371086,0.831006831007,1.55625252511,0.632762015705,0.348084348084,0.622081344495,0.461075132243,2.16159122085,1.36915147952,0.634165819302,2.16159122085,0.380273049391,0.15770609319,44,0.00566280566281,0.130316783088,37,35,35,0.945945945946,0,0.675675675676,0.189189189189,0.0810810810811,-125,-0.0938438438438,0.0248730211693,-6.75675675676,-12.5,-3.15625,-3.03308630401,0.347995710287,0.145835395835,-4.83391128607,0.465026603116,0.0657415657416,-1.53057894559,0.103999217483,0.0953315953316,0.0421362295603,0.023157392394,0.16159122085,0.0448271551975,0.0542207043671,0.16159122085,0.368102923221,0.151733396944,37,0.0047619047619,-0.490879798108,-0.0540540540541,-0.0540540540541,0.0540540540541,82,9,134,1107,0.37962962963,0.991935483871,0.00806451612903,0.62037037037,0.901098901099,0.37962962963,0.534201954397,0.542859343314,0.371565113501,0.364444444444,27,152,0,0,0,0
1142,WLNM_dir_neg,0.950376558172,0.755351525801,00:00:02,10,30,27,1233300851,threshold_sweep,0.8,0.666666666667,0.118421052632,0.201117318436,18,9,134,295,0.118421052632,0.970394736842,0.0296052631579,0.881578947368,0.666666666667,0.118421052632,0.201117318436,0.686403508772,0.646929824561,0.111801242236,0.177393718797,0.0888157894737,216,64,152,0,216,0,64,0,152,37,216,0.162162162162,1.32432432432,11.6756756757,21.6,6,8.1990990496,0.702237650082,0.31006006006,10.329336629,1.76937710775,0.765265265265,3.0868314707,0.528762798222,0.252752752753,0.579945114934,0.437917739848,2,1.32432432432,0.579945114934,2,0.0121701261701,0.00597269624573,7,0.000900900900901,0.621196581197,37,37,37,1,0,0.72972972973,0.243243243243,0.027027027027,37,0.048048048048,1.32432432432,3.45945945946,6.4,2.28571428571,2.90205477583,0.838875208639,0.432432432432,3.29687266502,1.90600450947,0.798141891892,1.50275023149,0.868777477583,0.469594594595,0.579945114934,0.437917739848,2,1.34285714286,0.591252764842,2,0,0,0,0,0.114979156646,37,35,35,0.945945945946,0,0.675675675676,0.0810810810811,0.189189189189,37,91,0.0683183183183,1.34919734549,4.91891891892,9.1,2.84375,5.1660127456,1.05023336037,0.455895455895,5.49542534293,2.23440371086,0.831006831007,1.55625252511,0.632762015705,0.348084348084,0.622081344495,0.461075132243,2.16159122085,1.36915147952,0.634165819302,2.16159122085,0.380273049391,0.15770609319,44,0.00566280566281,0.130316783088,37,35,35,0.945945945946,0,0.675675675676,0.189189189189,0.0810810810811,-125,-0.0938438438438,0.0248730211693,-6.75675675676,-12.5,-3.15625,-3.03308630401,0.347995710287,0.145835395835,-4.83391128607,0.465026603116,0.0657415657416,-1.53057894559,0.103999217483,0.0953315953316,0.0421362295603,0.023157392394,0.16159122085,0.0448271551975,0.0542207043671,0.16159122085,0.368102923221,0.151733396944,37,0.0047619047619,-0.490879798108,-0.0540540540541,-0.0540540540541,0.0540540540541,82,9,134,1107,0.37962962963,0.991935483871,0.00806451612903,0.62037037037,0.901098901099,0.37962962963,0.534201954397,0.542859343314,0.371565113501,0.364444444444,27,152,0,0,0,0
1143,WLNM_dir_neg,0.950376558172,0.755351525801,00:00:02,10,30,27,1233300851,threshold_sweep,0.9,0.692307692308,0.118421052632,0.202247191011,18,8,134,296,0.118421052632,0.973684210526,0.0263157894737,0.881578947368,0.692307692308,0.118421052632,0.202247191011,0.688596491228,0.647660818713,0.116182572614,0.18725013166,0.0921052631579,216,64,152,0,216,0,64,0,152,37,216,0.162162162162,1.32432432432,11.6756756757,21.6,6,8.1990990496,0.702237650082,0.31006006006,10.329336629,1.76937710775,0.765265265265,3.0868314707,0.528762798222,0.252752752753,0.579945114934,0.437917739848,2,1.32432432432,0.579945114934,2,0.0121701261701,0.00597269624573,7,0.000900900900901,0.621196581197,37,37,37,1,0,0.72972972973,0.243243243243,0.027027027027,37,0.048048048048,1.32432432432,3.45945945946,6.4,2.28571428571,2.90205477583,0.838875208639,0.432432432432,3.29687266502,1.90600450947,0.798141891892,1.50275023149,0.868777477583,0.469594594595,0.579945114934,0.437917739848,2,1.34285714286,0.591252764842,2,0,0,0,0,0.114979156646,37,35,35,0.945945945946,0,0.675675675676,0.0810810810811,0.189189189189,37,90,0.0675675675676,1.34783629784,4.86486486486,9,2.90322580645,5.00090081975,1.02796294628,0.45045045045,5.37246343527,2.20867941228,0.829429429429,1.59060681189,0.653916133777,0.35975975976,0.620266001586,0.460193869672,2.1594017094,1.36771265771,0.632326917471,2.1594017094,0.303068010421,0.124060150376,33,0.0042471042471,0.132041622744,37,35,35,0.945945945946,0,0.675675675676,0.162162162162,0.108108108108,-126,-0.0945945945946,0.023511973512,-6.81081081081,-12.6,-3.09677419355,-3.19819822985,0.325725296201,0.14039039039,-4.95687319373,0.439302304534,0.0641641641642,-1.49622465881,0.125153335554,0.107007007007,0.0403208866518,0.0222761298239,0.159401709402,0.0433883333883,0.0523818025369,0.159401709402,0.290897884251,0.11808745413,26,0.0033462033462,-0.489154958452,-0.0540540540541,-0.0810810810811,0.0810810810811,82,8,134,1108,0.37962962963,0.992831541219,0.00716845878136,0.62037037037,0.911111111111,0.37962962963,0.535947712418,0.546962969097,0.372461170848,0.366071428571,26,152,0,0,0,0
1144,WLNM_dir_neg,0.98741559903,0.859917336764,00:00:03,10,30,28,1233300852,threshold_sweep,0.1,0.87134502924,0.980263157895,0.922600619195,149,22,3,282,0.980263157895,0.927631578947,0.0723684210526,0.0197368421053,0.87134502924,0.980263157895,0.922600619195,0.945175438596,0.541666666667,0.88038277512,0.884043426149,0.907894736842,216,64,152,0,216,0,64,0,152,37,216,0.162162162162,1.32432432432,11.6756756757,21.6,6,8.1990990496,0.702237650082,0.31006006006,10.329336629,1.76937710775,0.765265265265,3.0868314707,0.528762798222,0.252752752753,0.579945114934,0.437917739848,2,1.32432432432,0.579945114934,2,0.0121701261701,0.00597269624573,7,0.000900900900901,0.621196581197,37,37,37,1,0,0.72972972973,0.243243243243,0.027027027027,37,0.048048048048,1.32432432432,3.45945945946,6.4,2.20689655172,3.05136212384,0.882034363923,0.437077702703,3.42903167939,1.98240893965,0.814189189189,1.44623358818,0.836103793169,0.446790540541,0.579945114934,0.437917739848,2,1.34285714286,0.591252764842,2,0,0,0,0,0.108537702312,37,35,35,0.945945945946,0,0.675675675676,0.108108108108,0.162162162162,37,235,0.176426426426,1.52439386885,12.7027027027,15.6666666667,6.35135135135,8.80613695374,0.693249079337,0.324899367453,10.7502356982,1.69259030142,0.753536515239,2.87919950503,0.453320773133,0.234157561817,0.699232182542,0.458695220985,2.36096966596,1.52439386885,0.699232182542,2.36096966596,0.233631439494,0.148908523909,191,0.0245817245817,0.29763004948,37,37,37,1,0,0.594594594595,0.405405405405,0,19,0.0142642642643,0.200069544528,1.02702702703,-5.93333333333,0.351351351351,0.607037904137,-0.00898857074478,0.0148393073925,0.420899069233,-0.0767868063214,-0.0117287500266,-0.20763196567,-0.0754420250894,-0.0185951909356,0.119287067607,0.0207774811369,0.360969665965,0.200069544528,0.119287067607,0.360969665965,0.221461313323,0.142935827663,184,0.0236808236808,-0.323566531717,-0.135135135135,0.162162162162,-0.027027027027,213,22,3,1094,0.986111111111,0.980286738351,0.0197132616487,0.0138888888889,0.906382978723,0.986111111111,0.944567627494,0.934496507852,0.966397849462,0.894957983193,171,152,0,0,0,0
1145,WLNM_dir_neg,0.98741559903,0.859917336764,00:00:03,10,30,28,1233300852,threshold_sweep,0.2,0.892215568862,0.980263157895,0.934169278997,149,18,3,286,0.980263157895,0.940789473684,0.0592105263158,0.0197368421053,0.892215568862,0.980263157895,0.934169278997,0.953947368421,0.544590643275,0.898876404494,0.901230490859,0.921052631579,216,64,152,0,216,0,64,0,152,37,216,0.162162162162,1.32432432432,11.6756756757,21.6,6,8.1990990496,0.702237650082,0.31006006006,10.329336629,1.76937710775,0.765265265265,3.0868314707,0.528762798222,0.252752752753,0.579945114934,0.437917739848,2,1.32432432432,0.579945114934,2,0.0121701261701,0.00597269624573,7,0.000900900900901,0.621196581197,37,37,37,1,0,0.72972972973,0.243243243243,0.027027027027,37,0.048048048048,1.32432432432,3.45945945946,6.4,2.20689655172,3.05136212384,0.882034363923,0.437077702703,3.42903167939,1.98240893965,0.814189189189,1.44623358818,0.836103793169,0.446790540541,0.579945114934,0.437917739848,2,1.34285714286,0.591252764842,2,0,0,0,0,0.108537702312,37,35,35,0.945945945946,0,0.675675675676,0.108108108108,0.162162162162,37,231,0.173423423423,1.52303678746,12.4864864865,15.4,6.24324324324,8.81482848394,0.705949467328,0.330759330759,10.7352105124,1.71949259289,0.757692757693,2.81272313096,0.450522752577,0.228618228618,0.697302918192,0.457837213082,2.35539055357,1.52303678746,0.697302918192,2.35539055357,0.213187768015,0.126929217669,159,0.0204633204633,0.29780804475,37,37,37,1,0,0.594594594595,0.405405405405,0,15,0.0112612612613,0.198712463136,0.810810810811,-6.2,0.243243243243,0.615729434331,0.0037118172463,0.0206992706993,0.405873883363,-0.049884514856,-0.00757250757251,-0.274108339749,-0.0782400456452,-0.0241345241345,0.117357803258,0.0199194732335,0.355390553574,0.198712463136,0.117357803258,0.355390553574,0.201017641845,0.120956521423,152,0.0195624195624,-0.323388536447,-0.135135135135,0.162162162162,-0.027027027027,213,18,3,1098,0.986111111111,0.983870967742,0.0161290322581,0.0138888888889,0.922077922078,0.986111111111,0.953020134228,0.944328362797,0.969982078853,0.910256410256,167,152,0,0,0,0
1146,WLNM_dir_neg,0.98741559903,0.859917336764,00:00:03,10,30,28,1233300852,threshold_sweep,0.3,0.914110429448,0.980263157895,0.946031746032,149,14,3,290,0.980263157895,0.953947368421,0.0460526315789,0.0197368421053,0.914110429448,0.980263157895,0.946031746032,0.962719298246,0.547514619883,0.91760904685,0.918915823084,0.934210526316,216,64,152,0,216,0,64,0,152,37,216,0.162162162162,1.32432432432,11.6756756757,21.6,6,8.1990990496,0.702237650082,0.31006006006,10.329336629,1.76937710775,0.765265265265,3.0868314707,0.528762798222,0.252752752753,0.579945114934,0.437917739848,2,1.32432432432,0.579945114934,2,0.0121701261701,0.00597269624573,7,0.000900900900901,0.621196581197,37,37,37,1,0,0.72972972973,0.243243243243,0.027027027027,37,0.048048048048,1.32432432432,3.45945945946,6.4,2.20689655172,3.05136212384,0.882034363923,0.437077702703,3.42903167939,1.98240893965,0.814189189189,1.44623358818,0.836103793169,0.446790540541,0.579945114934,0.437917739848,2,1.34285714286,0.591252764842,2,0,0,0,0,0.108537702312,37,35,35,0.945945945946,0,0.675675675676,0.108108108108,0.162162162162,37,227,0.17042042042,1.44915289223,12.2702702703,17.4615384615,6.13513513514,8.65912700452,0.705699777902,0.328729610668,10.6514531146,1.73613993499,0.760328610549,2.83001925948,0.46128067225,0.230503631385,0.669254106835,0.461824359889,2.28241488174,1.44915289223,0.669254106835,2.28241488174,0.136772736773,0.077943615257,94,0.0120978120978,0.384197226906,37,37,37,1,0,0.648648648649,0.351351351351,0,11,0.00825825825826,0.124828567907,0.594594594595,-4.13846153846,0.135135135135,0.46002795492,0.00346212781989,0.0186695506079,0.322116485644,-0.0332371727593,-0.00493665471639,-0.256812211227,-0.0674821259729,-0.0222491213681,0.0893089919007,0.0239066200401,0.282414881736,0.124828567907,0.0893089919007,0.282414881736,0.124602610603,0.0719709190113,87,0.0111969111969,-0.23699935429,-0.0810810810811,0.108108108108,-0.027027027027,213,14,3,1102,0.986111111111,0.987455197133,0.0125448028674,0.0138888888889,0.938325991189,0.986111111111,0.961625282167,0.95440002343,0.973566308244,0.926086956522,163,152,0,0,0,0
1147,WLNM_dir_neg,0.98741559903,0.859917336764,00:00:03,10,30,28,1233300852,threshold_sweep,0.4,0.914110429448,0.980263157895,0.946031746032,149,14,3,290,0.980263157895,0.953947368421,0.0460526315789,0.0197368421053,0.914110429448,0.980263157895,0.946031746032,0.962719298246,0.547514619883,0.91760904685,0.918915823084,0.934210526316,216,64,152,0,216,0,64,0,152,37,216,0.162162162162,1.32432432432,11.6756756757,21.6,6,8.1990990496,0.702237650082,0.31006006006,10.329336629,1.76937710775,0.765265265265,3.0868314707,0.528762798222,0.252752752753,0.579945114934,0.437917739848,2,1.32432432432,0.579945114934,2,0.0121701261701,0.00597269624573,7,0.000900900900901,0.621196581197,37,37,37,1,0,0.72972972973,0.243243243243,0.027027027027,37,0.048048048048,1.32432432432,3.45945945946,6.4,2.20689655172,3.05136212384,0.882034363923,0.437077702703,3.42903167939,1.98240893965,0.814189189189,1.44623358818,0.836103793169,0.446790540541,0.579945114934,0.437917739848,2,1.34285714286,0.591252764842,2,0,0,0,0,0.108537702312,37,35,35,0.945945945946,0,0.675675675676,0.108108108108,0.162162162162,37,227,0.17042042042,1.44915289223,12.2702702703,17.4615384615,6.13513513514,8.65912700452,0.705699777902,0.328729610668,10.6514531146,1.73613993499,0.760328610549,2.83001925948,0.46128067225,0.230503631385,0.669254106835,0.461824359889,2.28241488174,1.44915289223,0.669254106835,2.28241488174,0.136772736773,0.077943615257,94,0.0120978120978,0.384197226906,37,37,37,1,0,0.648648648649,0.351351351351,0,11,0.00825825825826,0.124828567907,0.594594594595,-4.13846153846,0.135135135135,0.46002795492,0.00346212781989,0.0186695506079,0.322116485644,-0.0332371727593,-0.00493665471639,-0.256812211227,-0.0674821259729,-0.0222491213681,0.0893089919007,0.0239066200401,0.282414881736,0.124828567907,0.0893089919007,0.282414881736,0.124602610603,0.0719709190113,87,0.0111969111969,-0.23699935429,-0.0810810810811,0.108108108108,-0.027027027027,213,14,3,1102,0.986111111111,0.987455197133,0.0125448028674,0.0138888888889,0.938325991189,0.986111111111,0.961625282167,0.95440002343,0.973566308244,0.926086956522,163,152,0,0,0,0
1148,WLNM_dir_neg,0.98741559903,0.859917336764,00:00:03,10,30,28,1233300852,threshold_sweep,0.5,0.914110429448,0.980263157895,0.946031746032,149,14,3,290,0.980263157895,0.953947368421,0.0460526315789,0.0197368421053,0.914110429448,0.980263157895,0.946031746032,0.962719298246,0.547514619883,0.91760904685,0.918915823084,0.934210526316,216,64,152,0,216,0,64,0,152,37,216,0.162162162162,1.32432432432,11.6756756757,21.6,6,8.1990990496,0.702237650082,0.31006006006,10.329336629,1.76937710775,0.765265265265,3.0868314707,0.528762798222,0.252752752753,0.579945114934,0.437917739848,2,1.32432432432,0.579945114934,2,0.0121701261701,0.00597269624573,7,0.000900900900901,0.621196581197,37,37,37,1,0,0.72972972973,0.243243243243,0.027027027027,37,0.048048048048,1.32432432432,3.45945945946,6.4,2.20689655172,3.05136212384,0.882034363923,0.437077702703,3.42903167939,1.98240893965,0.814189189189,1.44623358818,0.836103793169,0.446790540541,0.579945114934,0.437917739848,2,1.34285714286,0.591252764842,2,0,0,0,0,0.108537702312,37,35,35,0.945945945946,0,0.675675675676,0.108108108108,0.162162162162,37,227,0.17042042042,1.44915289223,12.2702702703,17.4615384615,6.13513513514,8.65912700452,0.705699777902,0.328729610668,10.6514531146,1.73613993499,0.760328610549,2.83001925948,0.46128067225,0.230503631385,0.669254106835,0.461824359889,2.28241488174,1.44915289223,0.669254106835,2.28241488174,0.136772736773,0.077943615257,94,0.0120978120978,0.384197226906,37,37,37,1,0,0.648648648649,0.351351351351,0,11,0.00825825825826,0.124828567907,0.594594594595,-4.13846153846,0.135135135135,0.46002795492,0.00346212781989,0.0186695506079,0.322116485644,-0.0332371727593,-0.00493665471639,-0.256812211227,-0.0674821259729,-0.0222491213681,0.0893089919007,0.0239066200401,0.282414881736,0.124828567907,0.0893089919007,0.282414881736,0.124602610603,0.0719709190113,87,0.0111969111969,-0.23699935429,-0.0810810810811,0.108108108108,-0.027027027027,213,14,3,1102,0.986111111111,0.987455197133,0.0125448028674,0.0138888888889,0.938325991189,0.986111111111,0.961625282167,0.95440002343,0.973566308244,0.926086956522,163,152,0,0,0,0
1149,WLNM_dir_neg,0.98741559903,0.859917336764,00:00:03,10,30,28,1233300852,threshold_sweep,0.6,0.913580246914,0.973684210526,0.942675159236,148,14,4,290,0.973684210526,0.953947368421,0.0460526315789,0.0263157894737,0.913580246914,0.973684210526,0.942675159236,0.960526315789,0.548245614035,0.912621359223,0.913698554848,0.927631578947,216,64,152,0,216,0,64,0,152,37,216,0.162162162162,1.32432432432,11.6756756757,21.6,6,8.1990990496,0.702237650082,0.31006006006,10.329336629,1.76937710775,0.765265265265,3.0868314707,0.528762798222,0.252752752753,0.579945114934,0.437917739848,2,1.32432432432,0.579945114934,2,0.0121701261701,0.00597269624573,7,0.000900900900901,0.621196581197,37,37,37,1,0,0.72972972973,0.243243243243,0.027027027027,37,0.048048048048,1.32432432432,3.45945945946,6.4,2.20689655172,3.05136212384,0.882034363923,0.437077702703,3.42903167939,1.98240893965,0.814189189189,1.44623358818,0.836103793169,0.446790540541,0.579945114934,0.437917739848,2,1.34285714286,0.591252764842,2,0,0,0,0,0.108537702312,37,35,35,0.945945945946,0,0.675675675676,0.108108108108,0.162162162162,37,226,0.16966966967,1.44946180349,12.2162162162,17.3846153846,6.10810810811,8.62211347877,0.705792475032,0.329944989237,10.6007960492,1.73552855673,0.760583592442,2.81645742599,0.461101436999,0.232480267878,0.669717178609,0.462045413682,2.28368485024,1.44946180349,0.669717178609,2.28368485024,0.136468806469,0.0778242677824,93,0.0119691119691,0.380986783748,37,37,37,1,0,0.648648648649,0.351351351351,0,10,0.00750750750751,0.125137479163,0.540540540541,-4.21538461538,0.108108108108,0.423014429169,0.00355482495045,0.019884929177,0.271459420207,-0.0338485510168,-0.00468167282327,-0.270374044711,-0.0676613612235,-0.0202724848743,0.0897720636742,0.0241276738335,0.283684850236,0.125137479163,0.0897720636742,0.283684850236,0.124298680299,0.0718515715367,86,0.0110682110682,-0.240209797449,-0.0810810810811,0.108108108108,-0.027027027027,212,14,4,1102,0.981481481481,0.987455197133,0.0125448028674,0.0185185185185,0.938053097345,0.981481481481,0.9592760181,0.951530220603,0.968936678614,0.921739130435,162,152,0,0,0,0
1150,WLNM_dir_neg,0.98741559903,0.859917336764,00:00:03,10,30,28,1233300852,threshold_sweep,0.7,0.930817610063,0.973684210526,0.951768488746,148,11,4,293,0.973684210526,0.963815789474,0.0361842105263,0.0263157894737,0.930817610063,0.973684210526,0.951768488746,0.967105263158,0.550438596491,0.926829268293,0.927370070041,0.9375,216,64,152,0,216,0,64,0,152,37,216,0.162162162162,1.32432432432,11.6756756757,21.6,6,8.1990990496,0.702237650082,0.31006006006,10.329336629,1.76937710775,0.765265265265,3.0868314707,0.528762798222,0.252752752753,0.579945114934,0.437917739848,2,1.32432432432,0.579945114934,2,0.0121701261701,0.00597269624573,7,0.000900900900901,0.621196581197,37,37,37,1,0,0.72972972973,0.243243243243,0.027027027027,37,0.048048048048,1.32432432432,3.45945945946,6.4,2.20689655172,3.05136212384,0.882034363923,0.437077702703,3.42903167939,1.98240893965,0.814189189189,1.44623358818,0.836103793169,0.446790540541,0.579945114934,0.437917739848,2,1.34285714286,0.591252764842,2,0,0,0,0,0.108537702312,37,35,35,0.945945945946,0,0.675675675676,0.108108108108,0.162162162162,37,223,0.167417417417,1.44358124258,12.0540540541,17.1538461538,6.02702702703,8.3796908785,0.695176149113,0.325051508908,10.4469200312,1.73334547603,0.760150284814,2.92010736567,0.484502118967,0.242879650951,0.661368539668,0.458144315097,2.25950921094,1.44358124258,0.661368539668,2.25950921094,0.0814706714707,0.0370583165757,43,0.00553410553411,0.387364000166,37,37,37,1,0,0.648648648649,0.351351351351,0,7,0.00525525525526,0.119256918255,0.378378378378,-4.44615384615,0.027027027027,0.180591828896,-0.00706150096862,0.014991448848,0.117583402193,-0.0360316317178,-0.0051149804513,-0.166724105036,-0.0442606792551,-0.00987310180135,0.0814234247336,0.0202265752485,0.259509210944,0.119256918255,0.0814234247336,0.259509210944,0.0693005453005,0.03108562033,36,0.0046332046332,-0.233832581031,-0.0810810810811,0.108108108108,-0.027027027027,212,11,4,1105,0.981481481481,0.990143369176,0.00985663082437,0.0185185185185,0.95067264574,0.981481481481,0.96583143508,0.959266730067,0.971624850657,0.933920704846,159,152,0,0,0,0
1151,WLNM_dir_neg,0.98741559903,0.859917336764,00:00:03,10,30,28,1233300852,threshold_sweep,0.8,0.954838709677,0.973684210526,0.964169381107,148,7,4,297,0.973684210526,0.976973684211,0.0230263157895,0.0263157894737,0.954838709677,0.973684210526,0.964169381107,0.975877192982,0.553362573099,0.945990180033,0.946092823168,0.950657894737,216,64,152,0,216,0,64,0,152,37,216,0.162162162162,1.32432432432,11.6756756757,21.6,6,8.1990990496,0.702237650082,0.31006006006,10.329336629,1.76937710775,0.765265265265,3.0868314707,0.528762798222,0.252752752753,0.579945114934,0.437917739848,2,1.32432432432,0.579945114934,2,0.0121701261701,0.00597269624573,7,0.000900900900901,0.621196581197,37,37,37,1,0,0.72972972973,0.243243243243,0.027027027027,37,0.048048048048,1.32432432432,3.45945945946,6.4,2.20689655172,3.05136212384,0.882034363923,0.437077702703,3.42903167939,1.98240893965,0.814189189189,1.44623358818,0.836103793169,0.446790540541,0.579945114934,0.437917739848,2,1.34285714286,0.591252764842,2,0,0,0,0,0.108537702312,37,35,35,0.945945945946,0,0.675675675676,0.108108108108,0.162162162162,37,219,0.164414414414,1.34361546617,11.8378378378,21.9,5.91891891892,8.44430614712,0.713331797816,0.328643712205,10.4413131847,1.76405747869,0.765642354683,2.86141358208,0.483435171401,0.237689744539,0.615686746153,0.458231362806,2.19041913872,1.34361546617,0.615686746153,2.19041913872,0.0464953776382,0.0296167247387,34,0.0043758043758,0.588262680635,37,37,37,1,0,0.72972972973,0.27027027027,0,3,0.00225225225225,0.0192911418506,0.162162162162,0.3,-0.0810810810811,0.245207097517,0.0110941477343,0.0185836521453,0.111976555702,-0.00531962905146,0.000377089418185,-0.225417888628,-0.0453276268215,-0.0150630082137,0.0357416312185,0.0203136229578,0.190419138719,0.0192911418506,0.0357416312185,0.190419138719,0.0343252514681,0.0236440284929,27,0.0034749034749,-0.0329339005611,0,0.027027027027,-0.027027027027,212,7,4,1109,0.981481481481,0.993727598566,0.00627240143369,0.0185185185185,0.96803652968,0.981481481481,0.974712643678,0.969810919213,0.975209080048,0.95067264574,155,152,0,0,0,0
1152,WLNM_dir_neg,0.98741559903,0.859917336764,00:00:03,10,30,28,1233300852,threshold_sweep,0.9,0.953333333333,0.940789473684,0.94701986755,143,7,9,297,0.940789473684,0.976973684211,0.0230263157895,0.0592105263158,0.953333333333,0.940789473684,0.94701986755,0.964912280702,0.55701754386,0.920792079208,0.920837214968,0.917763157895,216,64,152,0,216,0,64,0,152,37,216,0.162162162162,1.32432432432,11.6756756757,21.6,6,8.1990990496,0.702237650082,0.31006006006,10.329336629,1.76937710775,0.765265265265,3.0868314707,0.528762798222,0.252752752753,0.579945114934,0.437917739848,2,1.32432432432,0.579945114934,2,0.0121701261701,0.00597269624573,7,0.000900900900901,0.621196581197,37,37,37,1,0,0.72972972973,0.243243243243,0.027027027027,37,0.048048048048,1.32432432432,3.45945945946,6.4,2.20689655172,3.05136212384,0.882034363923,0.437077702703,3.42903167939,1.98240893965,0.814189189189,1.44623358818,0.836103793169,0.446790540541,0.579945114934,0.437917739848,2,1.34285714286,0.591252764842,2,0,0,0,0,0.108537702312,37,35,35,0.945945945946,0,0.675675675676,0.108108108108,0.162162162162,37,214,0.160660660661,1.3519057649,11.5675675676,21.4,5.94444444444,8.24803188828,0.71303079408,0.3248295024,10.4193600122,1.80147813294,0.771659509977,3.06535420407,0.529991147432,0.25966153069,0.638377807624,0.472205847624,2.29146157677,1.36168092504,0.644618746836,2.29146157677,0.0474570614571,0.0291090855631,33,0.0042471042471,0.580153012526,37,36,36,0.972972972973,0,0.702702702703,0.27027027027,0,-2,-0.0015015015015,0.0275814405802,-0.108108108108,-0.2,-0.0555555555556,0.0489328386723,0.0107931439981,0.0147694423395,0.0900233831634,0.0321010251988,0.006394244712,-0.0214772666361,0.00122834920985,0.00690877793682,0.0584326926894,0.0342881077751,0.291461576772,0.0373566007164,0.0646736319013,0.291461576772,0.0352869352869,0.0231363893173,26,0.0033462033462,-0.0410435686708,-0.027027027027,0.027027027027,-0.027027027027,207,7,9,1109,0.958333333333,0.993727598566,0.00627240143369,0.0416666666667,0.967289719626,0.958333333333,0.962790697674,0.955643540356,0.9520609319,0.928251121076,150,152,0,0,0,0
1153,WLNM_dir_neg,0.987751038781,0.960093838346,00:00:03,10,30,29,1233300853,threshold_sweep,0.1,0.926174496644,0.907894736842,0.916943521595,138,11,14,293,0.907894736842,0.963815789474,0.0361842105263,0.0921052631579,0.926174496644,0.907894736842,0.916943521595,0.945175438596,0.557748538012,0.876033057851,0.876130005405,0.871710526316,216,64,152,0,216,0,64,0,152,37,216,0.162162162162,1.32432432432,11.6756756757,21.6,6,8.1990990496,0.702237650082,0.31006006006,10.329336629,1.76937710775,0.765265265265,3.0868314707,0.528762798222,0.252752752753,0.579945114934,0.437917739848,2,1.32432432432,0.579945114934,2,0.0121701261701,0.00597269624573,7,0.000900900900901,0.621196581197,37,37,37,1,0,0.72972972973,0.243243243243,0.027027027027,37,0.048048048048,1.32432432432,3.45945945946,6.4,2.28571428571,2.86351177747,0.827733873174,0.434966216216,3.16797033383,1.83148284925,0.789695945946,1.46531469219,0.847135056422,0.461993243243,0.579945114934,0.437917739848,2,1.35294117647,0.597081434027,2,0,0,0,0,0.122329642036,37,34,34,0.918918918919,0,0.648648648649,0.108108108108,0.162162162162,37,213,0.15990990991,1.35378749761,11.5135135135,21.3,6.08571428571,8.55901610915,0.743388723096,0.334729095292,10.6102817153,1.84310057965,0.782134246923,2.98519872226,0.518555646591,0.260119274204,0.636382533032,0.470075646405,2.30462491438,1.36361492809,0.642555963211,2.30462491438,0.17629955352,0.110397196262,126,0.0162162162162,0.553853914434,37,36,36,0.972972972973,0,0.702702702703,0.243243243243,0.027027027027,-3,-0.00225225225225,0.0294631732815,-0.162162162162,-0.3,0.0857142857143,0.359917059549,0.0411510730137,0.0246690352324,0.280945086303,0.0737234719081,0.0168689816577,-0.101632748439,-0.0102071516318,0.00736652145103,0.0564374180977,0.0321579065566,0.304624914381,0.0392906037706,0.0626108482767,0.304624914381,0.16412942735,0.104424500016,119,0.0153153153153,-0.067342666763,-0.027027027027,0,0,202,11,14,1105,0.935185185185,0.990143369176,0.00985663082437,0.0648148148148,0.948356807512,0.935185185185,0.941724941725,0.930572238049,0.925328554361,0.88986784141,149,152,0,0,0,0
1154,WLNM_dir_neg,0.987751038781,0.960093838346,00:00:03,10,30,29,1233300853,threshold_sweep,0.2,0.932432432432,0.907894736842,0.92,138,10,14,294,0.907894736842,0.967105263158,0.0328947368421,0.0921052631579,0.932432432432,0.907894736842,0.92,0.947368421053,0.558479532164,0.880794701987,0.880968586901,0.875,216,64,152,0,216,0,64,0,152,37,216,0.162162162162,1.32432432432,11.6756756757,21.6,6,8.1990990496,0.702237650082,0.31006006006,10.329336629,1.76937710775,0.765265265265,3.0868314707,0.528762798222,0.252752752753,0.579945114934,0.437917739848,2,1.32432432432,0.579945114934,2,0.0121701261701,0.00597269624573,7,0.000900900900901,0.621196581197,37,37,37,1,0,0.72972972973,0.243243243243,0.027027027027,37,0.048048048048,1.32432432432,3.45945945946,6.4,2.28571428571,2.86351177747,0.827733873174,0.434966216216,3.16797033383,1.83148284925,0.789695945946,1.46531469219,0.847135056422,0.461993243243,0.579945114934,0.437917739848,2,1.35294117647,0.597081434027,2,0,0,0,0,0.122329642036,37,34,34,0.918918918919,0,0.648648648649,0.108108108108,0.162162162162,37,212,0.159159159159,1.35237825918,11.4594594595,21.2,6.05714285714,8.45114914801,0.737482354897,0.33222845487,10.5531686886,1.84182661074,0.781489036206,3.01522662359,0.526242382419,0.26364099949,0.633732113006,0.468605664652,2.29603336423,1.36216654416,0.639878793469,2.29603336423,0.144061981568,0.0898576512456,101,0.0129987129987,0.557192668906,37,36,36,0.972972972973,0,0.702702702703,0.243243243243,0.027027027027,-4,-0.003003003003,0.0280539348591,-0.216216216216,-0.4,0.0571428571429,0.252050098406,0.0352447048153,0.0221683948099,0.223832059568,0.0724495029953,0.0162237709408,-0.0716048471164,-0.00252041580385,0.0108882467373,0.0537869980713,0.0306879248037,0.296033364226,0.0378422198364,0.0599336785347,0.296033364226,0.131891855398,0.0838849549998,94,0.0120978120978,-0.0640039122909,-0.027027027027,0,0,202,10,14,1106,0.935185185185,0.991039426523,0.0089605734767,0.0648148148148,0.952830188679,0.935185185185,0.943925233645,0.93325075081,0.926224611708,0.893805309735,148,152,0,0,0,0
1155,WLNM_dir_neg,0.987751038781,0.960093838346,00:00:03,10,30,29,1233300853,threshold_sweep,0.3,0.932432432432,0.907894736842,0.92,138,10,14,294,0.907894736842,0.967105263158,0.0328947368421,0.0921052631579,0.932432432432,0.907894736842,0.92,0.947368421053,0.558479532164,0.880794701987,0.880968586901,0.875,216,64,152,0,216,0,64,0,152,37,216,0.162162162162,1.32432432432,11.6756756757,21.6,6,8.1990990496,0.702237650082,0.31006006006,10.329336629,1.76937710775,0.765265265265,3.0868314707,0.528762798222,0.252752752753,0.579945114934,0.437917739848,2,1.32432432432,0.579945114934,2,0.0121701261701,0.00597269624573,7,0.000900900900901,0.621196581197,37,37,37,1,0,0.72972972973,0.243243243243,0.027027027027,37,0.048048048048,1.32432432432,3.45945945946,6.4,2.28571428571,2.86351177747,0.827733873174,0.434966216216,3.16797033383,1.83148284925,0.789695945946,1.46531469219,0.847135056422,0.461993243243,0.579945114934,0.437917739848,2,1.35294117647,0.597081434027,2,0,0,0,0,0.122329642036,37,34,34,0.918918918919,0,0.648648648649,0.108108108108,0.162162162162,37,212,0.159159159159,1.35237825918,11.4594594595,21.2,6.05714285714,8.45114914801,0.737482354897,0.33222845487,10.5531686886,1.84182661074,0.781489036206,3.01522662359,0.526242382419,0.26364099949,0.633732113006,0.468605664652,2.29603336423,1.36216654416,0.639878793469,2.29603336423,0.144061981568,0.0898576512456,101,0.0129987129987,0.557192668906,37,36,36,0.972972972973,0,0.702702702703,0.243243243243,0.027027027027,-4,-0.003003003003,0.0280539348591,-0.216216216216,-0.4,0.0571428571429,0.252050098406,0.0352447048153,0.0221683948099,0.223832059568,0.0724495029953,0.0162237709408,-0.0716048471164,-0.00252041580385,0.0108882467373,0.0537869980713,0.0306879248037,0.296033364226,0.0378422198364,0.0599336785347,0.296033364226,0.131891855398,0.0838849549998,94,0.0120978120978,-0.0640039122909,-0.027027027027,0,0,202,10,14,1106,0.935185185185,0.991039426523,0.0089605734767,0.0648148148148,0.952830188679,0.935185185185,0.943925233645,0.93325075081,0.926224611708,0.893805309735,148,152,0,0,0,0
1156,WLNM_dir_neg,0.987751038781,0.960093838346,00:00:03,10,30,29,1233300853,threshold_sweep,0.4,0.932432432432,0.907894736842,0.92,138,10,14,294,0.907894736842,0.967105263158,0.0328947368421,0.0921052631579,0.932432432432,0.907894736842,0.92,0.947368421053,0.558479532164,0.880794701987,0.880968586901,0.875,216,64,152,0,216,0,64,0,152,37,216,0.162162162162,1.32432432432,11.6756756757,21.6,6,8.1990990496,0.702237650082,0.31006006006,10.329336629,1.76937710775,0.765265265265,3.0868314707,0.528762798222,0.252752752753,0.579945114934,0.437917739848,2,1.32432432432,0.579945114934,2,0.0121701261701,0.00597269624573,7,0.000900900900901,0.621196581197,37,37,37,1,0,0.72972972973,0.243243243243,0.027027027027,37,0.048048048048,1.32432432432,3.45945945946,6.4,2.28571428571,2.86351177747,0.827733873174,0.434966216216,3.16797033383,1.83148284925,0.789695945946,1.46531469219,0.847135056422,0.461993243243,0.579945114934,0.437917739848,2,1.35294117647,0.597081434027,2,0,0,0,0,0.122329642036,37,34,34,0.918918918919,0,0.648648648649,0.108108108108,0.162162162162,37,212,0.159159159159,1.35237825918,11.4594594595,21.2,6.05714285714,8.45114914801,0.737482354897,0.33222845487,10.5531686886,1.84182661074,0.781489036206,3.01522662359,0.526242382419,0.26364099949,0.633732113006,0.468605664652,2.29603336423,1.36216654416,0.639878793469,2.29603336423,0.144061981568,0.0898576512456,101,0.0129987129987,0.557192668906,37,36,36,0.972972972973,0,0.702702702703,0.243243243243,0.027027027027,-4,-0.003003003003,0.0280539348591,-0.216216216216,-0.4,0.0571428571429,0.252050098406,0.0352447048153,0.0221683948099,0.223832059568,0.0724495029953,0.0162237709408,-0.0716048471164,-0.00252041580385,0.0108882467373,0.0537869980713,0.0306879248037,0.296033364226,0.0378422198364,0.0599336785347,0.296033364226,0.131891855398,0.0838849549998,94,0.0120978120978,-0.0640039122909,-0.027027027027,0,0,202,10,14,1106,0.935185185185,0.991039426523,0.0089605734767,0.0648148148148,0.952830188679,0.935185185185,0.943925233645,0.93325075081,0.926224611708,0.893805309735,148,152,0,0,0,0
1157,WLNM_dir_neg,0.987751038781,0.960093838346,00:00:03,10,30,29,1233300853,threshold_sweep,0.5,0.932432432432,0.907894736842,0.92,138,10,14,294,0.907894736842,0.967105263158,0.0328947368421,0.0921052631579,0.932432432432,0.907894736842,0.92,0.947368421053,0.558479532164,0.880794701987,0.880968586901,0.875,216,64,152,0,216,0,64,0,152,37,216,0.162162162162,1.32432432432,11.6756756757,21.6,6,8.1990990496,0.702237650082,0.31006006006,10.329336629,1.76937710775,0.765265265265,3.0868314707,0.528762798222,0.252752752753,0.579945114934,0.437917739848,2,1.32432432432,0.579945114934,2,0.0121701261701,0.00597269624573,7,0.000900900900901,0.621196581197,37,37,37,1,0,0.72972972973,0.243243243243,0.027027027027,37,0.048048048048,1.32432432432,3.45945945946,6.4,2.28571428571,2.86351177747,0.827733873174,0.434966216216,3.16797033383,1.83148284925,0.789695945946,1.46531469219,0.847135056422,0.461993243243,0.579945114934,0.437917739848,2,1.35294117647,0.597081434027,2,0,0,0,0,0.122329642036,37,34,34,0.918918918919,0,0.648648648649,0.108108108108,0.162162162162,37,212,0.159159159159,1.35237825918,11.4594594595,21.2,6.05714285714,8.45114914801,0.737482354897,0.33222845487,10.5531686886,1.84182661074,0.781489036206,3.01522662359,0.526242382419,0.26364099949,0.633732113006,0.468605664652,2.29603336423,1.36216654416,0.639878793469,2.29603336423,0.144061981568,0.0898576512456,101,0.0129987129987,0.557192668906,37,36,36,0.972972972973,0,0.702702702703,0.243243243243,0.027027027027,-4,-0.003003003003,0.0280539348591,-0.216216216216,-0.4,0.0571428571429,0.252050098406,0.0352447048153,0.0221683948099,0.223832059568,0.0724495029953,0.0162237709408,-0.0716048471164,-0.00252041580385,0.0108882467373,0.0537869980713,0.0306879248037,0.296033364226,0.0378422198364,0.0599336785347,0.296033364226,0.131891855398,0.0838849549998,94,0.0120978120978,-0.0640039122909,-0.027027027027,0,0,202,10,14,1106,0.935185185185,0.991039426523,0.0089605734767,0.0648148148148,0.952830188679,0.935185185185,0.943925233645,0.93325075081,0.926224611708,0.893805309735,148,152,0,0,0,0
1158,WLNM_dir_neg,0.987751038781,0.960093838346,00:00:03,10,30,29,1233300853,threshold_sweep,0.6,0.932432432432,0.907894736842,0.92,138,10,14,294,0.907894736842,0.967105263158,0.0328947368421,0.0921052631579,0.932432432432,0.907894736842,0.92,0.947368421053,0.558479532164,0.880794701987,0.880968586901,0.875,216,64,152,0,216,0,64,0,152,37,216,0.162162162162,1.32432432432,11.6756756757,21.6,6,8.1990990496,0.702237650082,0.31006006006,10.329336629,1.76937710775,0.765265265265,3.0868314707,0.528762798222,0.252752752753,0.579945114934,0.437917739848,2,1.32432432432,0.579945114934,2,0.0121701261701,0.00597269624573,7,0.000900900900901,0.621196581197,37,37,37,1,0,0.72972972973,0.243243243243,0.027027027027,37,0.048048048048,1.32432432432,3.45945945946,6.4,2.28571428571,2.86351177747,0.827733873174,0.434966216216,3.16797033383,1.83148284925,0.789695945946,1.46531469219,0.847135056422,0.461993243243,0.579945114934,0.437917739848,2,1.35294117647,0.597081434027,2,0,0,0,0,0.122329642036,37,34,34,0.918918918919,0,0.648648648649,0.108108108108,0.162162162162,37,212,0.159159159159,1.35237825918,11.4594594595,21.2,6.05714285714,8.45114914801,0.737482354897,0.33222845487,10.5531686886,1.84182661074,0.781489036206,3.01522662359,0.526242382419,0.26364099949,0.633732113006,0.468605664652,2.29603336423,1.36216654416,0.639878793469,2.29603336423,0.144061981568,0.0898576512456,101,0.0129987129987,0.557192668906,37,36,36,0.972972972973,0,0.702702702703,0.243243243243,0.027027027027,-4,-0.003003003003,0.0280539348591,-0.216216216216,-0.4,0.0571428571429,0.252050098406,0.0352447048153,0.0221683948099,0.223832059568,0.0724495029953,0.0162237709408,-0.0716048471164,-0.00252041580385,0.0108882467373,0.0537869980713,0.0306879248037,0.296033364226,0.0378422198364,0.0599336785347,0.296033364226,0.131891855398,0.0838849549998,94,0.0120978120978,-0.0640039122909,-0.027027027027,0,0,202,10,14,1106,0.935185185185,0.991039426523,0.0089605734767,0.0648148148148,0.952830188679,0.935185185185,0.943925233645,0.93325075081,0.926224611708,0.893805309735,148,152,0,0,0,0
1159,WLNM_dir_neg,0.987751038781,0.960093838346,00:00:03,10,30,29,1233300853,threshold_sweep,0.7,0.938775510204,0.907894736842,0.923076923077,138,9,14,295,0.907894736842,0.970394736842,0.0296052631579,0.0921052631579,0.938775510204,0.907894736842,0.923076923077,0.949561403509,0.559210526316,0.885572139303,0.885846261028,0.878289473684,216,64,152,0,216,0,64,0,152,37,216,0.162162162162,1.32432432432,11.6756756757,21.6,6,8.1990990496,0.702237650082,0.31006006006,10.329336629,1.76937710775,0.765265265265,3.0868314707,0.528762798222,0.252752752753,0.579945114934,0.437917739848,2,1.32432432432,0.579945114934,2,0.0121701261701,0.00597269624573,7,0.000900900900901,0.621196581197,37,37,37,1,0,0.72972972973,0.243243243243,0.027027027027,37,0.048048048048,1.32432432432,3.45945945946,6.4,2.28571428571,2.86351177747,0.827733873174,0.434966216216,3.16797033383,1.83148284925,0.789695945946,1.46531469219,0.847135056422,0.461993243243,0.579945114934,0.437917739848,2,1.35294117647,0.597081434027,2,0,0,0,0,0.122329642036,37,34,34,0.918918918919,0,0.648648648649,0.108108108108,0.162162162162,37,211,0.158408408408,1.35073647807,11.4054054054,21.1,6.20588235294,8.36148398398,0.73311589433,0.330472652748,10.5009652066,1.84140148173,0.78135007045,3.06290407643,0.537096923354,0.268989368515,0.630906453909,0.467083301706,2.28602409639,1.36047915801,0.637026869555,2.28602409639,0.117471456841,0.0713210953957,79,0.0101673101673,0.562325517893,37,36,36,0.972972972973,0,0.702702702703,0.216216216216,0.0540540540541,-5,-0.00375375375375,0.0264121537408,-0.27027027027,-0.5,0.205882352941,0.162384934379,0.0308782442485,0.0204125926875,0.171628577602,0.0720243739811,0.0160848051843,-0.0239273942789,0.00833412513172,0.0162366157627,0.0509613389749,0.0291655618575,0.286024096386,0.036154833687,0.0570817546209,0.286024096386,0.105301330671,0.06534839915,72,0.00926640926641,-0.0588710633036,-0.027027027027,-0.027027027027,0.027027027027,202,9,14,1107,0.935185185185,0.991935483871,0.00806451612903,0.0648148148148,0.957345971564,0.935185185185,0.946135831382,0.935946882793,0.927120669056,0.897777777778,147,152,0,0,0,0
1160,WLNM_dir_neg,0.987751038781,0.960093838346,00:00:03,10,30,29,1233300853,threshold_sweep,0.8,0.945205479452,0.907894736842,0.926174496644,138,8,14,296,0.907894736842,0.973684210526,0.0263157894737,0.0921052631579,0.945205479452,0.907894736842,0.926174496644,0.951754385965,0.559941520468,0.890365448505,0.890763722228,0.881578947368,216,64,152,0,216,0,64,0,152,37,216,0.162162162162,1.32432432432,11.6756756757,21.6,6,8.1990990496,0.702237650082,0.31006006006,10.329336629,1.76937710775,0.765265265265,3.0868314707,0.528762798222,0.252752752753,0.579945114934,0.437917739848,2,1.32432432432,0.579945114934,2,0.0121701261701,0.00597269624573,7,0.000900900900901,0.621196581197,37,37,37,1,0,0.72972972973,0.243243243243,0.027027027027,37,0.048048048048,1.32432432432,3.45945945946,6.4,2.28571428571,2.86351177747,0.827733873174,0.434966216216,3.16797033383,1.83148284925,0.789695945946,1.46531469219,0.847135056422,0.461993243243,0.579945114934,0.437917739848,2,1.35294117647,0.597081434027,2,0,0,0,0,0.122329642036,37,34,34,0.918918918919,0,0.648648648649,0.108108108108,0.162162162162,37,210,0.157657657658,1.34671417955,11.3513513514,21,6.17647058824,8.32738526462,0.733602987597,0.332175032175,10.4537448209,1.84185027797,0.781981981982,3.09169186022,0.544726661087,0.272329472329,0.623831831685,0.463225115734,2.26150178784,1.35634512898,0.629885060785,2.26150178784,0.117471456841,0.0713210953957,79,0.0101673101673,0.56468453544,37,36,36,0.972972972973,0,0.702702702703,0.216216216216,0.0540540540541,-6,-0.0045045045045,0.0223898552286,-0.324324324324,-0.6,0.176470588235,0.128286215012,0.0313653375153,0.022114972115,0.124408191914,0.0724731702252,0.0167167167167,0.0048603895173,0.0159638628642,0.0195767195767,0.0438867167502,0.025307375886,0.261501787843,0.0320208046606,0.0499399458504,0.261501787843,0.105301330671,0.06534839915,72,0.00926640926641,-0.0565120457564,-0.027027027027,-0.027027027027,0.027027027027,202,8,14,1108,0.935185185185,0.992831541219,0.00716845878136,0.0648148148148,0.961904761905,0.935185185185,0.948356807512,0.938660842323,0.928016726404,0.901785714286,146,152,0,0,0,0
1161,WLNM_dir_neg,0.987751038781,0.960093838346,00:00:03,10,30,29,1233300853,threshold_sweep,0.9,0.958333333333,0.907894736842,0.932432432432,138,6,14,298,0.907894736842,0.980263157895,0.0197368421053,0.0921052631579,0.958333333333,0.907894736842,0.932432432432,0.956140350877,0.561403508772,0.9,0.900720865154,0.888157894737,216,64,152,0,216,0,64,0,152,37,216,0.162162162162,1.32432432432,11.6756756757,21.6,6,8.1990990496,0.702237650082,0.31006006006,10.329336629,1.76937710775,0.765265265265,3.0868314707,0.528762798222,0.252752752753,0.579945114934,0.437917739848,2,1.32432432432,0.579945114934,2,0.0121701261701,0.00597269624573,7,0.000900900900901,0.621196581197,37,37,37,1,0,0.72972972973,0.243243243243,0.027027027027,37,0.048048048048,1.32432432432,3.45945945946,6.4,2.28571428571,2.86351177747,0.827733873174,0.434966216216,3.16797033383,1.83148284925,0.789695945946,1.46531469219,0.847135056422,0.461993243243,0.579945114934,0.437917739848,2,1.35294117647,0.597081434027,2,0,0,0,0,0.122329642036,37,34,34,0.918918918919,0,0.648648648649,0.108108108108,0.162162162162,37,208,0.156156156156,1.34484102696,11.2432432432,20.8,6.30303030303,8.11516209671,0.721781244178,0.327442827443,10.3423384186,1.83974289176,0.781185031185,3.17412587575,0.564628160589,0.282224532225,0.621505697206,0.462140643203,2.26150178784,1.35441994438,0.627545727466,2.26150178784,0.0517395197395,0.027043829655,29,0.0037323037323,0.57309520803,37,36,36,0.972972972973,0,0.702702702703,0.189189189189,0.0810810810811,-8,-0.00600600600601,0.0205167026383,-0.432432432432,-0.8,0.30303030303,-0.0839369528959,0.0195435940965,0.0173827673828,0.0130017895575,0.0703657840173,0.0159197659198,0.0872944050412,0.0358653623668,0.0294717794718,0.0415605822713,0.0242229033541,0.261501787843,0.0300956200539,0.0476006125317,0.261501787843,0.0395693935694,0.0210711334092,22,0.0028314028314,-0.0481013731666,-0.027027027027,-0.0540540540541,0.0540540540541,202,6,14,1110,0.935185185185,0.994623655914,0.00537634408602,0.0648148148148,0.971153846154,0.935185185185,0.952830188679,0.944143094722,0.929808841099,0.90990990991,144,152,0,0,0,0
1162,WLNM_dir_neg,0.967581371191,0.594756087735,00:00:03,10,30,30,1233300854,threshold_sweep,0.1,0.851063829787,0.526315789474,0.650406504065,80,14,72,290,0.526315789474,0.953947368421,0.0460526315789,0.473684210526,0.851063829787,0.526315789474,0.650406504065,0.811403508772,0.597953216374,0.530909090909,0.559654043501,0.480263157895,216,64,152,0,216,0,64,0,152,37,216,0.162162162162,1.32432432432,11.6756756757,21.6,6,8.1990990496,0.702237650082,0.31006006006,10.329336629,1.76937710775,0.765265265265,3.0868314707,0.528762798222,0.252752752753,0.579945114934,0.437917739848,2,1.32432432432,0.579945114934,2,0.0121701261701,0.00597269624573,7,0.000900900900901,0.621196581197,37,37,37,1,0,0.72972972973,0.243243243243,0.027027027027,37,0.048048048048,1.31891891892,3.45945945946,6.4,2,2.67285318417,0.77262162355,0.391891891892,3.04273861156,1.75908325981,0.773648648649,1.1217211143,0.648495019203,0.350506756757,0.56462270482,0.428095083573,2,1.31891891892,0.56462270482,2,0,0,0,0,0.0876527176527,37,37,37,1,0,0.72972972973,0.135135135135,0.135135135135,37,158,0.118618618619,1.72558410595,8.54054054054,11.2857142857,4.27027027027,7.59603183904,0.88940879128,0.39120766336,8.08513261297,1.89335383975,0.792336640438,1.5572170449,0.364664751021,0.195005131714,1.00694251994,0.583537201387,2.58267716535,1.72558410595,1.00694251994,2.58267716535,0.271744261941,0.145772594752,100,0.01287001287,0.200541554712,37,37,37,1,0,0.621621621622,0.378378378378,0,-58,-0.0435435435435,0.401259781621,-3.13513513514,-10.3142857143,-1.72972972973,-0.603067210565,0.187171141198,0.0811476032995,-2.24420401603,0.123976732002,0.0270713751726,-1.5296144258,-0.164098047202,-0.0577476210388,0.426997405007,0.145619461539,0.582677165354,0.401259781621,0.426997405007,0.582677165354,0.259574135771,0.139799898506,93,0.0119691119691,-0.420655026485,-0.108108108108,0.135135135135,-0.027027027027,144,14,72,1102,0.666666666667,0.987455197133,0.0125448028674,0.333333333333,0.911392405063,0.666666666667,0.770053475936,0.745684380909,0.654121863799,0.626086956522,94,152,0,0,0,0
1163,WLNM_dir_neg,0.967581371191,0.594756087735,00:00:03,10,30,30,1233300854,threshold_sweep,0.2,0.865168539326,0.506578947368,0.639004149378,77,12,75,292,0.506578947368,0.960526315789,0.0394736842105,0.493421052632,0.865168539326,0.506578947368,0.639004149378,0.809210526316,0.601608187135,0.521100917431,0.555578346762,0.467105263158,216,64,152,0,216,0,64,0,152,37,216,0.162162162162,1.32432432432,11.6756756757,21.6,6,8.1990990496,0.702237650082,0.31006006006,10.329336629,1.76937710775,0.765265265265,3.0868314707,0.528762798222,0.252752752753,0.579945114934,0.437917739848,2,1.32432432432,0.579945114934,2,0.0121701261701,0.00597269624573,7,0.000900900900901,0.621196581197,37,37,37,1,0,0.72972972973,0.243243243243,0.027027027027,37,0.048048048048,1.31891891892,3.45945945946,6.4,2,2.67285318417,0.77262162355,0.391891891892,3.04273861156,1.75908325981,0.773648648649,1.1217211143,0.648495019203,0.350506756757,0.56462270482,0.428095083573,2,1.31891891892,0.56462270482,2,0,0,0,0,0.0876527176527,37,37,37,1,0,0.72972972973,0.135135135135,0.135135135135,37,153,0.114864864865,1.70317398505,8.27027027027,10.9285714286,4.13513513514,7.2289873605,0.874093242936,0.387387387387,7.81438190547,1.88975248694,0.791026320438,1.54851473932,0.37447742062,0.202437731849,0.972946549763,0.57125493831,2.51712836008,1.70317398505,0.972946549763,2.51712836008,0.180803592551,0.101509630401,65,0.00836550836551,0.195832050497,37,37,37,1,0,0.621621621622,0.378378378378,0,-63,-0.0472972972973,0.37884966073,-3.40540540541,-10.6714285714,-1.86486486486,-0.970111689105,0.171855592854,0.0773273273273,-2.51495472353,0.120375379199,0.0257610551728,-1.53831673138,-0.154285377602,-0.0503150209033,0.393001434829,0.133337198461,0.517128360084,0.37884966073,0.393001434829,0.517128360084,0.168633466381,0.0955369341551,58,0.00746460746461,-0.425364530699,-0.108108108108,0.135135135135,-0.027027027027,141,12,75,1104,0.652777777778,0.989247311828,0.010752688172,0.347222222222,0.921568627451,0.652777777778,0.764227642276,0.742178475792,0.642025089606,0.618421052632,89,152,0,0,0,0
1164,WLNM_dir_neg,0.967581371191,0.594756087735,00:00:03,10,30,30,1233300854,threshold_sweep,0.3,0.865168539326,0.506578947368,0.639004149378,77,12,75,292,0.506578947368,0.960526315789,0.0394736842105,0.493421052632,0.865168539326,0.506578947368,0.639004149378,0.809210526316,0.601608187135,0.521100917431,0.555578346762,0.467105263158,216,64,152,0,216,0,64,0,152,37,216,0.162162162162,1.32432432432,11.6756756757,21.6,6,8.1990990496,0.702237650082,0.31006006006,10.329336629,1.76937710775,0.765265265265,3.0868314707,0.528762798222,0.252752752753,0.579945114934,0.437917739848,2,1.32432432432,0.579945114934,2,0.0121701261701,0.00597269624573,7,0.000900900900901,0.621196581197,37,37,37,1,0,0.72972972973,0.243243243243,0.027027027027,37,0.048048048048,1.31891891892,3.45945945946,6.4,2,2.67285318417,0.77262162355,0.391891891892,3.04273861156,1.75908325981,0.773648648649,1.1217211143,0.648495019203,0.350506756757,0.56462270482,0.428095083573,2,1.31891891892,0.56462270482,2,0,0,0,0,0.0876527176527,37,37,37,1,0,0.72972972973,0.135135135135,0.135135135135,37,153,0.114864864865,1.70317398505,8.27027027027,10.9285714286,4.13513513514,7.2289873605,0.874093242936,0.387387387387,7.81438190547,1.88975248694,0.791026320438,1.54851473932,0.37447742062,0.202437731849,0.972946549763,0.57125493831,2.51712836008,1.70317398505,0.972946549763,2.51712836008,0.180803592551,0.101509630401,65,0.00836550836551,0.195832050497,37,37,37,1,0,0.621621621622,0.378378378378,0,-63,-0.0472972972973,0.37884966073,-3.40540540541,-10.6714285714,-1.86486486486,-0.970111689105,0.171855592854,0.0773273273273,-2.51495472353,0.120375379199,0.0257610551728,-1.53831673138,-0.154285377602,-0.0503150209033,0.393001434829,0.133337198461,0.517128360084,0.37884966073,0.393001434829,0.517128360084,0.168633466381,0.0955369341551,58,0.00746460746461,-0.425364530699,-0.108108108108,0.135135135135,-0.027027027027,141,12,75,1104,0.652777777778,0.989247311828,0.010752688172,0.347222222222,0.921568627451,0.652777777778,0.764227642276,0.742178475792,0.642025089606,0.618421052632,89,152,0,0,0,0
1165,WLNM_dir_neg,0.967581371191,0.594756087735,00:00:03,10,30,30,1233300854,threshold_sweep,0.4,0.875,0.506578947368,0.641666666667,77,11,75,293,0.506578947368,0.963815789474,0.0361842105263,0.493421052632,0.875,0.506578947368,0.641666666667,0.811403508772,0.602339181287,0.525735294118,0.561895810782,0.470394736842,216,64,152,0,216,0,64,0,152,37,216,0.162162162162,1.32432432432,11.6756756757,21.6,6,8.1990990496,0.702237650082,0.31006006006,10.329336629,1.76937710775,0.765265265265,3.0868314707,0.528762798222,0.252752752753,0.579945114934,0.437917739848,2,1.32432432432,0.579945114934,2,0.0121701261701,0.00597269624573,7,0.000900900900901,0.621196581197,37,37,37,1,0,0.72972972973,0.243243243243,0.027027027027,37,0.048048048048,1.31891891892,3.45945945946,6.4,2,2.67285318417,0.77262162355,0.391891891892,3.04273861156,1.75908325981,0.773648648649,1.1217211143,0.648495019203,0.350506756757,0.56462270482,0.428095083573,2,1.31891891892,0.56462270482,2,0,0,0,0,0.0876527176527,37,37,37,1,0,0.72972972973,0.135135135135,0.135135135135,37,152,0.114114114114,1.70076696807,8.21621621622,10.8571428571,4.10810810811,7.1380635996,0.868777477583,0.384957325747,7.73442443375,1.88272173716,0.789829302987,1.59484906607,0.388219838451,0.209103840683,0.97051696826,0.570634887954,2.50822239724,1.70076696807,0.97051696826,2.50822239724,0.180803592551,0.101509630401,65,0.00836550836551,0.19697094583,37,37,37,1,0,0.621621621622,0.378378378378,0,-64,-0.048048048048,0.376442643745,-3.45945945946,-10.7428571429,-1.89189189189,-1.06103545,0.166539827501,0.0748972656867,-2.59491219525,0.113344629416,0.0245640377219,-1.49198240463,-0.140542959771,-0.04364891207,0.390571853325,0.132717148105,0.508222397242,0.376442643745,0.390571853325,0.508222397242,0.168633466381,0.0955369341551,58,0.00746460746461,-0.424225635367,-0.108108108108,0.135135135135,-0.027027027027,141,11,75,1105,0.652777777778,0.990143369176,0.00985663082437,0.347222222222,0.927631578947,0.652777777778,0.766304347826,0.74533906812,0.642921146953,0.621145374449,88,152,0,0,0,0
1166,WLNM_dir_neg,0.967581371191,0.594756087735,00:00:03,10,30,30,1233300854,threshold_sweep,0.5,0.885057471264,0.506578947368,0.644351464435,77,10,75,294,0.506578947368,0.967105263158,0.0328947368421,0.493421052632,0.885057471264,0.506578947368,0.644351464435,0.813596491228,0.603070175439,0.530386740331,0.568296112061,0.473684210526,216,64,152,0,216,0,64,0,152,37,216,0.162162162162,1.32432432432,11.6756756757,21.6,6,8.1990990496,0.702237650082,0.31006006006,10.329336629,1.76937710775,0.765265265265,3.0868314707,0.528762798222,0.252752752753,0.579945114934,0.437917739848,2,1.32432432432,0.579945114934,2,0.0121701261701,0.00597269624573,7,0.000900900900901,0.621196581197,37,37,37,1,0,0.72972972973,0.243243243243,0.027027027027,37,0.048048048048,1.31891891892,3.45945945946,6.4,2,2.67285318417,0.77262162355,0.391891891892,3.04273861156,1.75908325981,0.773648648649,1.1217211143,0.648495019203,0.350506756757,0.56462270482,0.428095083573,2,1.31891891892,0.56462270482,2,0,0,0,0,0.0876527176527,37,37,37,1,0,0.72972972973,0.135135135135,0.135135135135,37,151,0.113363363363,1.69954772271,8.16216216216,10.7857142857,4.08108108108,7.04554040792,0.86319534799,0.382137103991,7.65716214613,1.87625827422,0.789332378736,1.60517182151,0.393320247655,0.213352425273,0.969343321371,0.570353693761,2.50371118942,1.69954772271,0.969343321371,2.50371118942,0.156055217409,0.0892667375133,56,0.00720720720721,0.197376941232,37,37,37,1,0,0.621621621622,0.378378378378,0,-65,-0.0487987987988,0.375223398387,-3.51351351351,-10.8142857143,-1.91891891892,-1.15355864168,0.160957697908,0.0720770439313,-2.67217448287,0.106881166472,0.0240671134711,-1.48165964919,-0.135442550567,-0.0394003274798,0.389398206437,0.132435953913,0.503711189416,0.375223398387,0.389398206437,0.503711189416,0.143885091238,0.0832940412675,49,0.00630630630631,-0.423819639964,-0.108108108108,0.135135135135,-0.027027027027,141,10,75,1106,0.652777777778,0.991039426523,0.0089605734767,0.347222222222,0.933774834437,0.652777777778,0.768392370572,0.748528134029,0.643817204301,0.62389380531,87,152,0,0,0,0
1167,WLNM_dir_neg,0.967581371191,0.594756087735,00:00:03,10,30,30,1233300854,threshold_sweep,0.6,0.883720930233,0.5,0.638655462185,76,10,76,294,0.5,0.967105263158,0.0328947368421,0.5,0.883720930233,0.5,0.638655462185,0.811403508772,0.603801169591,0.523985239852,0.562889644361,0.467105263158,216,64,152,0,216,0,64,0,152,37,216,0.162162162162,1.32432432432,11.6756756757,21.6,6,8.1990990496,0.702237650082,0.31006006006,10.329336629,1.76937710775,0.765265265265,3.0868314707,0.528762798222,0.252752752753,0.579945114934,0.437917739848,2,1.32432432432,0.579945114934,2,0.0121701261701,0.00597269624573,7,0.000900900900901,0.621196581197,37,37,37,1,0,0.72972972973,0.243243243243,0.027027027027,37,0.048048048048,1.31891891892,3.45945945946,6.4,2,2.67285318417,0.77262162355,0.391891891892,3.04273861156,1.75908325981,0.773648648649,1.1217211143,0.648495019203,0.350506756757,0.56462270482,0.428095083573,2,1.31891891892,0.56462270482,2,0,0,0,0,0.0876527176527,37,37,37,1,0,0.72972972973,0.135135135135,0.135135135135,37,150,0.112612612613,1.67270766212,8.10810810811,10.7142857143,4.05405405405,7.00310956244,0.863716846034,0.381801801802,7.61557594651,1.87850873347,0.789189189189,1.59767097756,0.394092174466,0.214414414414,0.928521862937,0.55510109983,2.46594142677,1.67270766212,0.928521862937,2.46594142677,0.156055217409,0.0892667375133,56,0.00720720720721,0.195946228124,37,37,37,1,0,0.621621621622,0.378378378378,0,-66,-0.0495495495495,0.348383337796,-3.56756756757,-10.8857142857,-1.94594594595,-1.19598948716,0.161479195952,0.0717417417417,-2.71376068249,0.109131625726,0.0239239239239,-1.48916049314,-0.134670623756,-0.0383383383383,0.348576748003,0.117183359982,0.465941426767,0.348383337796,0.348576748003,0.465941426767,0.143885091238,0.0832940412675,49,0.00630630630631,-0.425250353072,-0.108108108108,0.135135135135,-0.027027027027,140,10,76,1106,0.648148148148,0.991039426523,0.0089605734767,0.351851851852,0.933333333333,0.648148148148,0.765027322404,0.745303102528,0.639187574671,0.619469026549,86,152,0,0,0,0
1168,WLNM_dir_neg,0.967581371191,0.594756087735,00:00:03,10,30,30,1233300854,threshold_sweep,0.7,0.914634146341,0.493421052632,0.641025641026,75,7,77,297,0.493421052632,0.976973684211,0.0230263157895,0.506578947368,0.914634146341,0.493421052632,0.641025641026,0.815789473684,0.606725146199,0.531598513011,0.577402037876,0.470394736842,216,64,152,0,216,0,64,0,152,37,216,0.162162162162,1.32432432432,11.6756756757,21.6,6,8.1990990496,0.702237650082,0.31006006006,10.329336629,1.76937710775,0.765265265265,3.0868314707,0.528762798222,0.252752752753,0.579945114934,0.437917739848,2,1.32432432432,0.579945114934,2,0.0121701261701,0.00597269624573,7,0.000900900900901,0.621196581197,37,37,37,1,0,0.72972972973,0.243243243243,0.027027027027,37,0.048048048048,1.31891891892,3.45945945946,6.4,2,2.67285318417,0.77262162355,0.391891891892,3.04273861156,1.75908325981,0.773648648649,1.1217211143,0.648495019203,0.350506756757,0.56462270482,0.428095083573,2,1.31891891892,0.56462270482,2,0,0,0,0,0.0876527176527,37,37,37,1,0,0.72972972973,0.135135135135,0.135135135135,37,146,0.10960960961,1.40878930922,7.89189189189,13.2727272727,3.94594594595,6.8750102375,0.871148557492,0.383376527212,7.61557594651,1.92997472617,0.798593113662,1.56251126122,0.395978881268,0.216216216216,0.689557523358,0.489468168764,2.19713582873,1.40878930922,0.689557523358,2.19713582873,0.163745275888,0.0924092409241,56,0.00720720720721,0.200989259024,37,37,37,1,0,0.702702702703,0.297297297297,0,-70,-0.0525525525526,0.0844649848971,-3.78378378378,-8.32727272727,-2.05405405405,-1.3240888121,0.16891090741,0.0733164671521,-2.71376068249,0.160597618424,0.0333278483963,-1.52432020948,-0.132783916954,-0.0365365365365,0.109612408424,0.0515504289152,0.197135828735,0.0844649848971,0.109612408424,0.197135828735,0.151575149718,0.0864365446784,49,0.00630630630631,-0.420207322173,-0.027027027027,0.0540540540541,-0.027027027027,139,7,77,1109,0.643518518519,0.993727598566,0.00627240143369,0.356481481481,0.952054794521,0.643518518519,0.767955801105,0.751878036041,0.637246117085,0.62331838565,82,152,0,0,0,0
1169,WLNM_dir_neg,0.967581371191,0.594756087735,00:00:03,10,30,30,1233300854,threshold_sweep,0.8,0.911392405063,0.473684210526,0.623376623377,72,7,80,297,0.473684210526,0.976973684211,0.0230263157895,0.526315789474,0.911392405063,0.473684210526,0.623376623377,0.809210526316,0.608918128655,0.51214953271,0.561334000444,0.450657894737,216,64,152,0,216,0,64,0,152,37,216,0.162162162162,1.32432432432,11.6756756757,21.6,6,8.1990990496,0.702237650082,0.31006006006,10.329336629,1.76937710775,0.765265265265,3.0868314707,0.528762798222,0.252752752753,0.579945114934,0.437917739848,2,1.32432432432,0.579945114934,2,0.0121701261701,0.00597269624573,7,0.000900900900901,0.621196581197,37,37,37,1,0,0.72972972973,0.243243243243,0.027027027027,37,0.048048048048,1.31891891892,3.45945945946,6.4,2,2.67285318417,0.77262162355,0.391891891892,3.04273861156,1.75908325981,0.773648648649,1.1217211143,0.648495019203,0.350506756757,0.56462270482,0.428095083573,2,1.31891891892,0.56462270482,2,0,0,0,0,0.0876527176527,37,37,37,1,0,0.72972972973,0.135135135135,0.135135135135,37,143,0.107357357357,1.41176107828,7.72972972973,13,3.86486486486,6.82173262713,0.88253184337,0.386505386505,7.52094173389,1.94597793115,0.798336798337,1.53047128112,0.395996065745,0.216216216216,0.695251270285,0.492470915215,2.20351598963,1.41176107828,0.695251270285,2.20351598963,0.172444909588,0.0952380952381,56,0.00720720720721,0.193963045471,37,37,37,1,0,0.702702702703,0.297297297297,0,-73,-0.0548048048048,0.0874367539536,-3.94594594595,-8.6,-2.13513513514,-1.37736642248,0.180294193288,0.0764453264453,-2.80839489511,0.176600823401,0.0330715330715,-1.55636018958,-0.132766732477,-0.0365365365365,0.11530615535,0.0545531753667,0.203515989628,0.0874367539536,0.11530615535,0.203515989628,0.160274783418,0.0892653989924,49,0.00630630630631,-0.427233535726,-0.027027027027,0.0540540540541,-0.027027027027,136,7,80,1109,0.62962962963,0.993727598566,0.00627240143369,0.37037037037,0.951048951049,0.62962962963,0.757660167131,0.742227475016,0.623357228196,0.609865470852,79,152,0,0,0,0
1170,WLNM_dir_neg,0.967581371191,0.594756087735,00:00:03,10,30,30,1233300854,threshold_sweep,0.9,0.923076923077,0.473684210526,0.626086956522,72,6,80,298,0.473684210526,0.980263157895,0.0197368421053,0.526315789474,0.923076923077,0.473684210526,0.626086956522,0.811403508772,0.609649122807,0.516853932584,0.568291142774,0.453947368421,216,64,152,0,216,0,64,0,152,37,216,0.162162162162,1.32432432432,11.6756756757,21.6,6,8.1990990496,0.702237650082,0.31006006006,10.329336629,1.76937710775,0.765265265265,3.0868314707,0.528762798222,0.252752752753,0.579945114934,0.437917739848,2,1.32432432432,0.579945114934,2,0.0121701261701,0.00597269624573,7,0.000900900900901,0.621196581197,37,37,37,1,0,0.72972972973,0.243243243243,0.027027027027,37,0.048048048048,1.31891891892,3.45945945946,6.4,2,2.67285318417,0.77262162355,0.391891891892,3.04273861156,1.75908325981,0.773648648649,1.1217211143,0.648495019203,0.350506756757,0.56462270482,0.428095083573,2,1.31891891892,0.56462270482,2,0,0,0,0,0.0876527176527,37,37,37,1,0,0.72972972973,0.135135135135,0.135135135135,37,142,0.106606606607,1.33691513467,7.67567567568,14.2,3.83783783784,6.81115936474,0.887369353857,0.387514274838,7.53330941557,1.96290456603,0.800913589646,1.55480462355,0.40512514839,0.221926151504,0.604976962746,0.452517102289,2.14658599827,1.33691513467,0.604976962746,2.14658599827,0.172444909588,0.0952380952381,56,0.00720720720721,0.23237458644,37,37,37,1,0,0.72972972973,0.27027027027,0,-74,-0.0555555555556,0.0125908103436,-4,-7.4,-2.16216216216,-1.38793968486,0.185131703775,0.0774542147782,-2.79602721343,0.193527458284,0.0356483243807,-1.53202684715,-0.123637649832,-0.0308266012491,0.0250318478115,0.0145993624403,0.146585998271,0.0125908103436,0.0250318478115,0.146585998271,0.160274783418,0.0892653989924,49,0.00630630630631,-0.388821994757,0,0.027027027027,-0.027027027027,136,6,80,1110,0.62962962963,0.994623655914,0.00537634408602,0.37037037037,0.957746478873,0.62962962963,0.759776536313,0.74559357476,0.624253285544,0.612612612613,78,152,0,0,0,0
1171,WLNM_dir_neg,0.967310855263,0.876525897343,00:00:03,10,30,31,1233300855,threshold_sweep,0.1,0.897727272727,0.519736842105,0.658333333333,79,9,73,295,0.519736842105,0.970394736842,0.0296052631579,0.480263157895,0.897727272727,0.519736842105,0.658333333333,0.820175438596,0.602339181287,0.547794117647,0.585471858786,0.490131578947,216,64,152,0,216,0,64,0,152,37,216,0.162162162162,1.32432432432,11.6756756757,21.6,6,8.1990990496,0.702237650082,0.31006006006,10.329336629,1.76937710775,0.765265265265,3.0868314707,0.528762798222,0.252752752753,0.579945114934,0.437917739848,2,1.32432432432,0.579945114934,2,0.0121701261701,0.00597269624573,7,0.000900900900901,0.621196581197,37,37,37,1,0,0.72972972973,0.243243243243,0.027027027027,37,0.048048048048,1.32432432432,3.45945945946,6.4,2.20689655172,2.88284769123,0.833323160745,0.414695945946,3.36360131612,1.94458201088,0.808277027027,1.44623358818,0.836103793169,0.444256756757,0.579945114934,0.437917739848,2,1.34285714286,0.591252764842,2,0,0,0,0,0.103553547034,37,35,35,0.945945945946,0,0.675675675676,0.108108108108,0.162162162162,37,152,0.114114114114,1.86867708985,8.21621621622,10.1333333333,4.22222222222,6.83184998183,0.831508056999,0.367176386913,7.80592290715,1.90012597082,0.796230440967,2.07877880529,0.506018524972,0.2713371266,1.13672061045,0.608302320728,3,1.89280700901,1.14319419509,3,0.0361609713038,0.0201005025126,12,0.0015444015444,0.173588255096,37,36,36,0.972972972973,0,0.567567567568,0.405405405405,0,-64,-0.048048048048,0.544352765525,-3.45945945946,-11.4666666667,-1.77777777778,-1.36724906778,0.129270406917,0.0571163268532,-2.52341372185,0.130748863075,0.030965175702,-1.00805266541,-0.0227442732506,0.0185843738475,0.556775495513,0.17038458088,1,0.568482684687,0.563249080159,1,0.0239908451337,0.0141278062668,5,0.000643500643501,-0.4476083261,-0.162162162162,0.162162162162,-0.027027027027,143,9,73,1107,0.662037037037,0.991935483871,0.00806451612903,0.337962962963,0.940789473684,0.662037037037,0.777173913043,0.758150935957,0.653972520908,0.635555555556,88,152,0,0,0,0
1172,WLNM_dir_neg,0.967310855263,0.876525897343,00:00:03,10,30,31,1233300855,threshold_sweep,0.2,0.894117647059,0.5,0.64135021097,76,9,76,295,0.5,0.970394736842,0.0296052631579,0.5,0.894117647059,0.5,0.64135021097,0.813596491228,0.604532163743,0.52865064695,0.569409386391,0.470394736842,216,64,152,0,216,0,64,0,152,37,216,0.162162162162,1.32432432432,11.6756756757,21.6,6,8.1990990496,0.702237650082,0.31006006006,10.329336629,1.76937710775,0.765265265265,3.0868314707,0.528762798222,0.252752752753,0.579945114934,0.437917739848,2,1.32432432432,0.579945114934,2,0.0121701261701,0.00597269624573,7,0.000900900900901,0.621196581197,37,37,37,1,0,0.72972972973,0.243243243243,0.027027027027,37,0.048048048048,1.32432432432,3.45945945946,6.4,2.20689655172,2.88284769123,0.833323160745,0.414695945946,3.36360131612,1.94458201088,0.808277027027,1.44623358818,0.836103793169,0.444256756757,0.579945114934,0.437917739848,2,1.34285714286,0.591252764842,2,0,0,0,0,0.103553547034,37,35,35,0.945945945946,0,0.675675675676,0.108108108108,0.162162162162,37,149,0.111861861862,1.86504778841,8.05405405405,9.93333333333,4.13888888889,6.72865326605,0.835436814913,0.366406675132,7.66118095947,1.9024409094,0.795936876474,2.00674538171,0.498319322976,0.266279702521,1.13435851252,0.608219542455,3,1.88907689364,1.14085930592,3,0.0386099508957,0.020918070889,12,0.0015444015444,0.167668038207,37,36,36,0.972972972973,0,0.567567567568,0.405405405405,0,-67,-0.0503003003003,0.540723464086,-3.62162162162,-11.6666666667,-1.86111111111,-1.47044578355,0.133199164831,0.0563466150714,-2.66815566953,0.133063801652,0.0306716112085,-1.08008608899,-0.0304434752467,0.0135269497686,0.554413397589,0.170301802606,1,0.56475256932,0.56091419099,1,0.0264398247255,0.0149453746433,5,0.000643500643501,-0.453528542989,-0.162162162162,0.162162162162,-0.027027027027,140,9,76,1107,0.648148148148,0.991935483871,0.00806451612903,0.351851851852,0.939597315436,0.648148148148,0.767123287671,0.74853168418,0.640083632019,0.622222222222,85,152,0,0,0,0
1173,WLNM_dir_neg,0.967310855263,0.876525897343,00:00:03,10,30,31,1233300855,threshold_sweep,0.3,0.9125,0.480263157895,0.629310344828,73,7,79,297,0.480263157895,0.976973684211,0.0230263157895,0.519736842105,0.9125,0.480263157895,0.629310344828,0.811403508772,0.608187134503,0.518656716418,0.566710013465,0.457236842105,216,64,152,0,216,0,64,0,152,37,216,0.162162162162,1.32432432432,11.6756756757,21.6,6,8.1990990496,0.702237650082,0.31006006006,10.329336629,1.76937710775,0.765265265265,3.0868314707,0.528762798222,0.252752752753,0.579945114934,0.437917739848,2,1.32432432432,0.579945114934,2,0.0121701261701,0.00597269624573,7,0.000900900900901,0.621196581197,37,37,37,1,0,0.72972972973,0.243243243243,0.027027027027,37,0.048048048048,1.32432432432,3.45945945946,6.4,2.20689655172,2.88284769123,0.833323160745,0.414695945946,3.36360131612,1.94458201088,0.808277027027,1.44623358818,0.836103793169,0.444256756757,0.579945114934,0.437917739848,2,1.34285714286,0.591252764842,2,0,0,0,0,0.103553547034,37,35,35,0.945945945946,0,0.675675675676,0.108108108108,0.162162162162,37,144,0.108108108108,1.85733530356,7.78378378378,9.6,4,6.43831903154,0.827145153358,0.366929429429,7.31354824883,1.87917559171,0.792792792793,2.09209867761,0.537553132443,0.285660660661,1.12514316933,0.605783547629,3,1.8811501731,1.13160639677,3,0.038657316445,0.0204460966543,11,0.0014157014157,0.167554570032,37,36,36,0.972972972973,0,0.567567567568,0.405405405405,0,-72,-0.0540540540541,0.533010979237,-3.89189189189,-12,-2,-1.76078001806,0.124907503276,0.0568693693694,-3.01578838017,0.109798483968,0.0275275275275,-0.994732793089,0.00879033422021,0.0329079079079,0.545198054394,0.167865807781,1,0.55682584878,0.551661281836,1,0.0264871902749,0.0144734004085,4,0.000514800514801,-0.453642011164,-0.162162162162,0.162162162162,-0.027027027027,137,7,79,1109,0.634259259259,0.993727598566,0.00627240143369,0.365740740741,0.951388888889,0.634259259259,0.761111111111,0.745452647775,0.627986857826,0.614349775785,80,152,0,0,0,0
1174,WLNM_dir_neg,0.967310855263,0.876525897343,00:00:03,10,30,31,1233300855,threshold_sweep,0.4,0.924050632911,0.480263157895,0.632034632035,73,6,79,298,0.480263157895,0.980263157895,0.0197368421053,0.519736842105,0.924050632911,0.480263157895,0.632034632035,0.813596491228,0.608918128655,0.523364485981,0.573625985855,0.460526315789,216,64,152,0,216,0,64,0,152,37,216,0.162162162162,1.32432432432,11.6756756757,21.6,6,8.1990990496,0.702237650082,0.31006006006,10.329336629,1.76937710775,0.765265265265,3.0868314707,0.528762798222,0.252752752753,0.579945114934,0.437917739848,2,1.32432432432,0.579945114934,2,0.0121701261701,0.00597269624573,7,0.000900900900901,0.621196581197,37,37,37,1,0,0.72972972973,0.243243243243,0.027027027027,37,0.048048048048,1.32432432432,3.45945945946,6.4,2.20689655172,2.88284769123,0.833323160745,0.414695945946,3.36360131612,1.94458201088,0.808277027027,1.44623358818,0.836103793169,0.444256756757,0.579945114934,0.437917739848,2,1.34285714286,0.591252764842,2,0,0,0,0,0.103553547034,37,35,35,0.945945945946,0,0.675675675676,0.108108108108,0.162162162162,37,143,0.107357357357,1.85581984715,7.72972972973,9.53333333333,4.08571428571,6.35805983968,0.822546203035,0.364392364392,7.23480078111,1.87194146085,0.791910791911,2.13648415968,0.552796600756,0.294084294084,1.12388136701,0.605598312108,3,1.87959262069,1.13034966719,3,0.0108091515381,0.00569259962049,3,0.0003861003861,0.16910239258,37,36,36,0.972972972973,0,0.567567567568,0.378378378378,0.027027027027,-73,-0.0548048048048,0.531495522831,-3.94594594595,-12.0666666667,-1.91428571429,-1.84103920993,0.120308552953,0.0543323043323,-3.09453584789,0.102564353101,0.0266455266455,-0.950347311024,0.024033802534,0.0413315413315,0.54393625208,0.16768057226,1,0.555268296363,0.550404552257,1,-0.00136097463207,-0.00028009662524,-4,-0.000514800514801,-0.452094188617,-0.162162162162,0.135135135135,0,137,6,79,1110,0.634259259259,0.994623655914,0.00537634408602,0.365740740741,0.958041958042,0.634259259259,0.763231197772,0.74880687525,0.628882915173,0.617117117117,79,152,0,0,0,0
1175,WLNM_dir_neg,0.967310855263,0.876525897343,00:00:03,10,30,31,1233300855,threshold_sweep,0.5,0.924050632911,0.480263157895,0.632034632035,73,6,79,298,0.480263157895,0.980263157895,0.0197368421053,0.519736842105,0.924050632911,0.480263157895,0.632034632035,0.813596491228,0.608918128655,0.523364485981,0.573625985855,0.460526315789,216,64,152,0,216,0,64,0,152,37,216,0.162162162162,1.32432432432,11.6756756757,21.6,6,8.1990990496,0.702237650082,0.31006006006,10.329336629,1.76937710775,0.765265265265,3.0868314707,0.528762798222,0.252752752753,0.579945114934,0.437917739848,2,1.32432432432,0.579945114934,2,0.0121701261701,0.00597269624573,7,0.000900900900901,0.621196581197,37,37,37,1,0,0.72972972973,0.243243243243,0.027027027027,37,0.048048048048,1.32432432432,3.45945945946,6.4,2.20689655172,2.88284769123,0.833323160745,0.414695945946,3.36360131612,1.94458201088,0.808277027027,1.44623358818,0.836103793169,0.444256756757,0.579945114934,0.437917739848,2,1.34285714286,0.591252764842,2,0,0,0,0,0.103553547034,37,35,35,0.945945945946,0,0.675675675676,0.108108108108,0.162162162162,37,143,0.107357357357,1.85581984715,7.72972972973,9.53333333333,4.08571428571,6.35805983968,0.822546203035,0.364392364392,7.23480078111,1.87194146085,0.791910791911,2.13648415968,0.552796600756,0.294084294084,1.12388136701,0.605598312108,3,1.87959262069,1.13034966719,3,0.0108091515381,0.00569259962049,3,0.0003861003861,0.16910239258,37,36,36,0.972972972973,0,0.567567567568,0.378378378378,0.027027027027,-73,-0.0548048048048,0.531495522831,-3.94594594595,-12.0666666667,-1.91428571429,-1.84103920993,0.120308552953,0.0543323043323,-3.09453584789,0.102564353101,0.0266455266455,-0.950347311024,0.024033802534,0.0413315413315,0.54393625208,0.16768057226,1,0.555268296363,0.550404552257,1,-0.00136097463207,-0.00028009662524,-4,-0.000514800514801,-0.452094188617,-0.162162162162,0.135135135135,0,137,6,79,1110,0.634259259259,0.994623655914,0.00537634408602,0.365740740741,0.958041958042,0.634259259259,0.763231197772,0.74880687525,0.628882915173,0.617117117117,79,152,0,0,0,0
1176,WLNM_dir_neg,0.967310855263,0.876525897343,00:00:03,10,30,31,1233300855,threshold_sweep,0.6,0.931506849315,0.447368421053,0.604444444444,68,5,84,299,0.447368421053,0.983552631579,0.0164473684211,0.552631578947,0.931506849315,0.447368421053,0.604444444444,0.804824561404,0.613304093567,0.495274102079,0.553981779235,0.430921052632,216,64,152,0,216,0,64,0,152,37,216,0.162162162162,1.32432432432,11.6756756757,21.6,6,8.1990990496,0.702237650082,0.31006006006,10.329336629,1.76937710775,0.765265265265,3.0868314707,0.528762798222,0.252752752753,0.579945114934,0.437917739848,2,1.32432432432,0.579945114934,2,0.0121701261701,0.00597269624573,7,0.000900900900901,0.621196581197,37,37,37,1,0,0.72972972973,0.243243243243,0.027027027027,37,0.048048048048,1.32432432432,3.45945945946,6.4,2.20689655172,2.88284769123,0.833323160745,0.414695945946,3.36360131612,1.94458201088,0.808277027027,1.44623358818,0.836103793169,0.444256756757,0.579945114934,0.437917739848,2,1.34285714286,0.591252764842,2,0,0,0,0,0.103553547034,37,35,35,0.945945945946,0,0.675675675676,0.108108108108,0.162162162162,37,137,0.102852852853,1.85978705979,7.40540540541,9.13333333333,4.72413793103,6.08942370681,0.822294442161,0.369698165319,7.06660717296,1.90849974744,0.797790491221,2.37889872823,0.642476298864,0.33892286447,1.13161091379,0.608462623628,3,1.90891774892,1.14450870438,3,0.0261315198016,0.0041782729805,2,0.0002574002574,0.189751558229,37,35,35,0.945945945946,0,0.540540540541,0.243243243243,0.162162162162,-79,-0.0593093093093,0.535462735463,-4.27027027027,-12.4666666667,-1.27586206897,-2.10967534279,0.120056792079,0.0596381052585,-3.26272945604,0.139122639697,0.0325252259559,-0.707932742477,0.113713500642,0.0861701117176,0.551665798853,0.170544883779,1,0.584593424593,0.564563589443,1,0.0139613936315,-0.00179442326523,-5,-0.000643500643501,-0.431445022967,-0.189189189189,0,0.135135135135,132,5,84,1111,0.611111111111,0.995519713262,0.00448028673835,0.388888888889,0.963503649635,0.611111111111,0.747875354108,0.736104055999,0.606630824373,0.597285067873,73,152,0,0,0,0
1177,WLNM_dir_neg,0.967310855263,0.876525897343,00:00:03,10,30,31,1233300855,threshold_sweep,0.7,1,0.440789473684,0.611872146119,67,0,85,304,0.440789473684,1,0,0.559210526316,1,0.440789473684,0.611872146119,0.813596491228,0.61769005848,0.512428298279,0.586918229153,0.440789473684,216,64,152,0,216,0,64,0,152,37,216,0.162162162162,1.32432432432,11.6756756757,21.6,6,8.1990990496,0.702237650082,0.31006006006,10.329336629,1.76937710775,0.765265265265,3.0868314707,0.528762798222,0.252752752753,0.579945114934,0.437917739848,2,1.32432432432,0.579945114934,2,0.0121701261701,0.00597269624573,7,0.000900900900901,0.621196581197,37,37,37,1,0,0.72972972973,0.243243243243,0.027027027027,37,0.048048048048,1.32432432432,3.45945945946,6.4,2.20689655172,2.88284769123,0.833323160745,0.414695945946,3.36360131612,1.94458201088,0.808277027027,1.44623358818,0.836103793169,0.444256756757,0.579945114934,0.437917739848,2,1.34285714286,0.591252764842,2,0,0,0,0,0.103553547034,37,35,35,0.945945945946,0,0.675675675676,0.108108108108,0.162162162162,37,131,0.0983483483483,1.32432432432,7.08108108108,13.1,4.51724137931,5.83751458898,0.824381831268,0.372601609243,7.04980139434,1.99116527932,0.814937074479,2.39901130786,0.677583346496,0.367237466474,0.579945114934,0.437917739848,2,1.34285714286,0.591252764842,2,0.0261315198016,0.00425531914894,2,0.0002574002574,0.275483104467,37,35,35,0.945945945946,0,0.675675675676,0.108108108108,0.162162162162,-85,-0.0638138138138,0,-4.59459459459,-8.5,-1.48275862069,-2.36158446062,0.122144181187,0.0625415491828,-3.27953523466,0.221788171573,0.0496718092138,-0.687820162841,0.148820548273,0.114484713721,0,0,0,0.0185328185328,0.0113076499071,0,0.0139613936315,-0.0017173770968,-5,-0.000643500643501,-0.34571347673,-0.0540540540541,-0.135135135135,0.135135135135,131,0,85,1116,0.606481481481,1,0,0.393518518519,1,0.606481481481,0.755043227666,0.750705099216,0.606481481481,0.606481481481,67,152,0,0,0,0
1178,WLNM_dir_neg,0.967310855263,0.876525897343,00:00:03,10,30,31,1233300855,threshold_sweep,0.8,1,0.440789473684,0.611872146119,67,0,85,304,0.440789473684,1,0,0.559210526316,1,0.440789473684,0.611872146119,0.813596491228,0.61769005848,0.512428298279,0.586918229153,0.440789473684,216,64,152,0,216,0,64,0,152,37,216,0.162162162162,1.32432432432,11.6756756757,21.6,6,8.1990990496,0.702237650082,0.31006006006,10.329336629,1.76937710775,0.765265265265,3.0868314707,0.528762798222,0.252752752753,0.579945114934,0.437917739848,2,1.32432432432,0.579945114934,2,0.0121701261701,0.00597269624573,7,0.000900900900901,0.621196581197,37,37,37,1,0,0.72972972973,0.243243243243,0.027027027027,37,0.048048048048,1.32432432432,3.45945945946,6.4,2.20689655172,2.88284769123,0.833323160745,0.414695945946,3.36360131612,1.94458201088,0.808277027027,1.44623358818,0.836103793169,0.444256756757,0.579945114934,0.437917739848,2,1.34285714286,0.591252764842,2,0,0,0,0,0.103553547034,37,35,35,0.945945945946,0,0.675675675676,0.108108108108,0.162162162162,37,131,0.0983483483483,1.32432432432,7.08108108108,13.1,4.51724137931,5.83751458898,0.824381831268,0.372601609243,7.04980139434,1.99116527932,0.814937074479,2.39901130786,0.677583346496,0.367237466474,0.579945114934,0.437917739848,2,1.34285714286,0.591252764842,2,0.0261315198016,0.00425531914894,2,0.0002574002574,0.275483104467,37,35,35,0.945945945946,0,0.675675675676,0.108108108108,0.162162162162,-85,-0.0638138138138,0,-4.59459459459,-8.5,-1.48275862069,-2.36158446062,0.122144181187,0.0625415491828,-3.27953523466,0.221788171573,0.0496718092138,-0.687820162841,0.148820548273,0.114484713721,0,0,0,0.0185328185328,0.0113076499071,0,0.0139613936315,-0.0017173770968,-5,-0.000643500643501,-0.34571347673,-0.0540540540541,-0.135135135135,0.135135135135,131,0,85,1116,0.606481481481,1,0,0.393518518519,1,0.606481481481,0.755043227666,0.750705099216,0.606481481481,0.606481481481,67,152,0,0,0,0
1179,WLNM_dir_neg,0.967310855263,0.876525897343,00:00:03,10,30,31,1233300855,threshold_sweep,0.9,1,0.440789473684,0.611872146119,67,0,85,304,0.440789473684,1,0,0.559210526316,1,0.440789473684,0.611872146119,0.813596491228,0.61769005848,0.512428298279,0.586918229153,0.440789473684,216,64,152,0,216,0,64,0,152,37,216,0.162162162162,1.32432432432,11.6756756757,21.6,6,8.1990990496,0.702237650082,0.31006006006,10.329336629,1.76937710775,0.765265265265,3.0868314707,0.528762798222,0.252752752753,0.579945114934,0.437917739848,2,1.32432432432,0.579945114934,2,0.0121701261701,0.00597269624573,7,0.000900900900901,0.621196581197,37,37,37,1,0,0.72972972973,0.243243243243,0.027027027027,37,0.048048048048,1.32432432432,3.45945945946,6.4,2.20689655172,2.88284769123,0.833323160745,0.414695945946,3.36360131612,1.94458201088,0.808277027027,1.44623358818,0.836103793169,0.444256756757,0.579945114934,0.437917739848,2,1.34285714286,0.591252764842,2,0,0,0,0,0.103553547034,37,35,35,0.945945945946,0,0.675675675676,0.108108108108,0.162162162162,37,131,0.0983483483483,1.32432432432,7.08108108108,13.1,4.51724137931,5.83751458898,0.824381831268,0.372601609243,7.04980139434,1.99116527932,0.814937074479,2.39901130786,0.677583346496,0.367237466474,0.579945114934,0.437917739848,2,1.34285714286,0.591252764842,2,0.0261315198016,0.00425531914894,2,0.0002574002574,0.275483104467,37,35,35,0.945945945946,0,0.675675675676,0.108108108108,0.162162162162,-85,-0.0638138138138,0,-4.59459459459,-8.5,-1.48275862069,-2.36158446062,0.122144181187,0.0625415491828,-3.27953523466,0.221788171573,0.0496718092138,-0.687820162841,0.148820548273,0.114484713721,0,0,0,0.0185328185328,0.0113076499071,0,0.0139613936315,-0.0017173770968,-5,-0.000643500643501,-0.34571347673,-0.0540540540541,-0.135135135135,0.135135135135,131,0,85,1116,0.606481481481,1,0,0.393518518519,1,0.606481481481,0.755043227666,0.750705099216,0.606481481481,0.606481481481,67,152,0,0,0,0
1180,WLNM_dir_neg,0.974106215374,0.673180922596,00:00:02,10,30,32,1233300856,threshold_sweep,0.1,0.858974358974,0.440789473684,0.582608695652,67,11,85,293,0.440789473684,0.963815789474,0.0361842105263,0.559210526316,0.858974358974,0.440789473684,0.582608695652,0.789473684211,0.609649122807,0.460674157303,0.506520366385,0.404605263158,216,64,152,0,216,0,64,0,152,37,216,0.162162162162,1.32432432432,11.6756756757,21.6,6,8.1990990496,0.702237650082,0.31006006006,10.329336629,1.76937710775,0.765265265265,3.0868314707,0.528762798222,0.252752752753,0.579945114934,0.437917739848,2,1.32432432432,0.579945114934,2,0.0121701261701,0.00597269624573,7,0.000900900900901,0.621196581197,37,37,37,1,0,0.72972972973,0.243243243243,0.027027027027,37,0.048048048048,1.32432432432,3.45945945946,6.4,2.13333333333,2.57762373983,0.745094362295,0.382601351351,3.17672655285,1.83654503837,0.787162162162,1.26158297055,0.729352654851,0.397804054054,0.579945114934,0.437917739848,2,1.33333333333,0.585540043769,2,0,0,0,0,0.0917269331975,37,36,36,0.972972972973,0,0.702702702703,0.108108108108,0.162162162162,37,142,0.106606606607,1.46029947487,7.67567567568,12.9090909091,3.83783783784,6.7249702769,0.876140493822,0.389417586601,7.41062867896,1.9309384586,0.799010277884,1.38470842325,0.360804307466,0.195279786829,0.827994982084,0.567003547103,3.32667409232,1.46029947487,0.827994982084,3.32667409232,0.147736779681,0.0844817255842,47,0.00604890604891,0.182431911989,37,37,37,1,0,0.702702702703,0.297297297297,0,-74,-0.0555555555556,0.135975150545,-4,-8.69090909091,-2.16216216216,-1.4741287727,0.17390284374,0.0793575265406,-2.91870795004,0.161561350857,0.0337450126183,-1.70212304745,-0.167958490756,-0.0574729659237,0.248049867149,0.129085807255,1.32667409232,0.135975150545,0.248049867149,1.32667409232,0.135566653511,0.0785090293384,40,0.00514800514801,-0.438764669208,-0.027027027027,0.0540540540541,-0.027027027027,131,11,85,1105,0.606481481481,0.990143369176,0.00985663082437,0.393518518519,0.922535211268,0.606481481481,0.731843575419,0.712594816068,0.596624850657,0.577092511013,78,152,0,0,0,0
1181,WLNM_dir_neg,0.974106215374,0.673180922596,00:00:02,10,30,32,1233300856,threshold_sweep,0.2,0.929577464789,0.434210526316,0.591928251121,66,5,86,299,0.434210526316,0.983552631579,0.0164473684211,0.565789473684,0.929577464789,0.434210526316,0.591928251121,0.800438596491,0.614766081871,0.481973434535,0.543161756401,0.417763157895,216,64,152,0,216,0,64,0,152,37,216,0.162162162162,1.32432432432,11.6756756757,21.6,6,8.1990990496,0.702237650082,0.31006006006,10.329336629,1.76937710775,0.765265265265,3.0868314707,0.528762798222,0.252752752753,0.579945114934,0.437917739848,2,1.32432432432,0.579945114934,2,0.0121701261701,0.00597269624573,7,0.000900900900901,0.621196581197,37,37,37,1,0,0.72972972973,0.243243243243,0.027027027027,37,0.048048048048,1.32432432432,3.45945945946,6.4,2.13333333333,2.57762373983,0.745094362295,0.382601351351,3.17672655285,1.83654503837,0.787162162162,1.26158297055,0.729352654851,0.397804054054,0.579945114934,0.437917739848,2,1.33333333333,0.585540043769,2,0,0,0,0,0.0917269331975,37,36,36,0.972972972973,0,0.702702702703,0.108108108108,0.162162162162,37,135,0.101351351351,1.43583372819,7.2972972973,12.2727272727,3.64864864865,6.38516016011,0.875003429349,0.375975975976,7.20422798785,1.97449211519,0.802802802803,1.45709406804,0.399351707537,0.217817817818,0.792425201981,0.551892037654,3.22643134721,1.43583372819,0.792425201981,3.22643134721,0.0736564978232,0.0321715817694,16,0.0020592020592,0.171852248959,37,37,37,1,0,0.702702702703,0.297297297297,0,-81,-0.0608108108108,0.111509403863,-4.37837837838,-9.32727272727,-2.35135135135,-1.81393888949,0.172765779267,0.0659159159159,-3.12510864115,0.205115007443,0.0375375375375,-1.62973740266,-0.129411090685,-0.0349349349349,0.212480087047,0.113974297805,1.22643134721,0.111509403863,0.212480087047,1.22643134721,0.061486371653,0.0261988855237,9,0.0011583011583,-0.449344332237,-0.027027027027,0.0540540540541,-0.027027027027,130,5,86,1111,0.601851851852,0.995519713262,0.00448028673835,0.398148148148,0.962962962963,0.601851851852,0.740740740741,0.729607953755,0.597371565114,0.588235294118,71,152,0,0,0,0
1182,WLNM_dir_neg,0.974106215374,0.673180922596,00:00:02,10,30,32,1233300856,threshold_sweep,0.3,0.928571428571,0.427631578947,0.585585585586,65,5,87,299,0.427631578947,0.983552631579,0.0164473684211,0.572368421053,0.928571428571,0.427631578947,0.585585585586,0.798245614035,0.615497076023,0.475285171103,0.537715236715,0.411184210526,216,64,152,0,216,0,64,0,152,37,216,0.162162162162,1.32432432432,11.6756756757,21.6,6,8.1990990496,0.702237650082,0.31006006006,10.329336629,1.76937710775,0.765265265265,3.0868314707,0.528762798222,0.252752752753,0.579945114934,0.437917739848,2,1.32432432432,0.579945114934,2,0.0121701261701,0.00597269624573,7,0.000900900900901,0.621196581197,37,37,37,1,0,0.72972972973,0.243243243243,0.027027027027,37,0.048048048048,1.32432432432,3.45945945946,6.4,2.13333333333,2.57762373983,0.745094362295,0.382601351351,3.17672655285,1.83654503837,0.787162162162,1.26158297055,0.729352654851,0.397804054054,0.579945114934,0.437917739848,2,1.33333333333,0.585540043769,2,0,0,0,0,0.0917269331975,37,36,36,0.972972972973,0,0.702702702703,0.108108108108,0.162162162162,37,134,0.100600600601,1.43583372819,7.24324324324,12.1818181818,3.62162162162,6.33072492516,0.874017993399,0.3759580476,7.13501285272,1.97011548918,0.802339653086,1.44051208779,0.397753337674,0.216216216216,0.792425201981,0.551892037654,3.22643134721,1.43583372819,0.792425201981,3.22643134721,0.075508349675,0.0327421555252,16,0.0020592020592,0.16973738856,37,37,37,1,0,0.702702702703,0.297297297297,0,-82,-0.0615615615616,0.111509403863,-4.43243243243,-9.41818181818,-2.37837837838,-1.86837412444,0.171780343317,0.0658979875398,-3.19432377628,0.200738381437,0.0370743878207,-1.64631938291,-0.131009460549,-0.0365365365365,0.212480087047,0.113974297805,1.22643134721,0.111509403863,0.212480087047,1.22643134721,0.0633382235049,0.0267694592795,9,0.0011583011583,-0.451459192637,-0.027027027027,0.0540540540541,-0.027027027027,129,5,87,1111,0.597222222222,0.995519713262,0.00448028673835,0.402777777778,0.962686567164,0.597222222222,0.737142857143,0.726346450537,0.592741935484,0.58371040724,70,152,0,0,0,0
1183,WLNM_dir_neg,0.974106215374,0.673180922596,00:00:02,10,30,32,1233300856,threshold_sweep,0.4,0.928571428571,0.427631578947,0.585585585586,65,5,87,299,0.427631578947,0.983552631579,0.0164473684211,0.572368421053,0.928571428571,0.427631578947,0.585585585586,0.798245614035,0.615497076023,0.475285171103,0.537715236715,0.411184210526,216,64,152,0,216,0,64,0,152,37,216,0.162162162162,1.32432432432,11.6756756757,21.6,6,8.1990990496,0.702237650082,0.31006006006,10.329336629,1.76937710775,0.765265265265,3.0868314707,0.528762798222,0.252752752753,0.579945114934,0.437917739848,2,1.32432432432,0.579945114934,2,0.0121701261701,0.00597269624573,7,0.000900900900901,0.621196581197,37,37,37,1,0,0.72972972973,0.243243243243,0.027027027027,37,0.048048048048,1.32432432432,3.45945945946,6.4,2.13333333333,2.57762373983,0.745094362295,0.382601351351,3.17672655285,1.83654503837,0.787162162162,1.26158297055,0.729352654851,0.397804054054,0.579945114934,0.437917739848,2,1.33333333333,0.585540043769,2,0,0,0,0,0.0917269331975,37,36,36,0.972972972973,0,0.702702702703,0.108108108108,0.162162162162,37,134,0.100600600601,1.43583372819,7.24324324324,12.1818181818,3.62162162162,6.33072492516,0.874017993399,0.3759580476,7.13501285272,1.97011548918,0.802339653086,1.44051208779,0.397753337674,0.216216216216,0.792425201981,0.551892037654,3.22643134721,1.43583372819,0.792425201981,3.22643134721,0.075508349675,0.0327421555252,16,0.0020592020592,0.16973738856,37,37,37,1,0,0.702702702703,0.297297297297,0,-82,-0.0615615615616,0.111509403863,-4.43243243243,-9.41818181818,-2.37837837838,-1.86837412444,0.171780343317,0.0658979875398,-3.19432377628,0.200738381437,0.0370743878207,-1.64631938291,-0.131009460549,-0.0365365365365,0.212480087047,0.113974297805,1.22643134721,0.111509403863,0.212480087047,1.22643134721,0.0633382235049,0.0267694592795,9,0.0011583011583,-0.451459192637,-0.027027027027,0.0540540540541,-0.027027027027,129,5,87,1111,0.597222222222,0.995519713262,0.00448028673835,0.402777777778,0.962686567164,0.597222222222,0.737142857143,0.726346450537,0.592741935484,0.58371040724,70,152,0,0,0,0
1184,WLNM_dir_neg,0.974106215374,0.673180922596,00:00:02,10,30,32,1233300856,threshold_sweep,0.5,0.927536231884,0.421052631579,0.579185520362,64,5,88,299,0.421052631579,0.983552631579,0.0164473684211,0.578947368421,0.927536231884,0.421052631579,0.579185520362,0.796052631579,0.616228070175,0.468571428571,0.532243156101,0.404605263158,216,64,152,0,216,0,64,0,152,37,216,0.162162162162,1.32432432432,11.6756756757,21.6,6,8.1990990496,0.702237650082,0.31006006006,10.329336629,1.76937710775,0.765265265265,3.0868314707,0.528762798222,0.252752752753,0.579945114934,0.437917739848,2,1.32432432432,0.579945114934,2,0.0121701261701,0.00597269624573,7,0.000900900900901,0.621196581197,37,37,37,1,0,0.72972972973,0.243243243243,0.027027027027,37,0.048048048048,1.32432432432,3.45945945946,6.4,2.13333333333,2.57762373983,0.745094362295,0.382601351351,3.17672655285,1.83654503837,0.787162162162,1.26158297055,0.729352654851,0.397804054054,0.579945114934,0.437917739848,2,1.33333333333,0.585540043769,2,0,0,0,0,0.0917269331975,37,36,36,0.972972972973,0,0.702702702703,0.108108108108,0.162162162162,37,133,0.0998498498498,1.43583372819,7.18918918919,12.0909090909,3.59459459459,6.28418578584,0.874116067956,0.378581589108,7.06894404915,1.9665483445,0.801869538712,1.44259525893,0.401323493085,0.219874009348,0.792425201981,0.551892037654,3.22643134721,1.43583372819,0.792425201981,3.22643134721,0.075508349675,0.0332871012483,16,0.0020592020592,0.168487969702,37,37,37,1,0,0.702702702703,0.297297297297,0,-83,-0.0623123123123,0.111509403863,-4.48648648649,-9.50909090909,-2.40540540541,-1.91491326376,0.171878417874,0.0685215290478,-3.26039257985,0.197171236754,0.0366042734464,-1.64423621178,-0.127439305137,-0.0328787434051,0.212480087047,0.113974297805,1.22643134721,0.111509403863,0.212480087047,1.22643134721,0.0633382235049,0.0273144050025,9,0.0011583011583,-0.452708611495,-0.027027027027,0.0540540540541,-0.027027027027,128,5,88,1111,0.592592592593,0.995519713262,0.00448028673835,0.407407407407,0.962406015038,0.592592592593,0.733524355301,0.723075801516,0.588112305854,0.579185520362,69,152,0,0,0,0
1185,WLNM_dir_neg,0.974106215374,0.673180922596,00:00:02,10,30,32,1233300856,threshold_sweep,0.6,0.927536231884,0.421052631579,0.579185520362,64,5,88,299,0.421052631579,0.983552631579,0.0164473684211,0.578947368421,0.927536231884,0.421052631579,0.579185520362,0.796052631579,0.616228070175,0.468571428571,0.532243156101,0.404605263158,216,64,152,0,216,0,64,0,152,37,216,0.162162162162,1.32432432432,11.6756756757,21.6,6,8.1990990496,0.702237650082,0.31006006006,10.329336629,1.76937710775,0.765265265265,3.0868314707,0.528762798222,0.252752752753,0.579945114934,0.437917739848,2,1.32432432432,0.579945114934,2,0.0121701261701,0.00597269624573,7,0.000900900900901,0.621196581197,37,37,37,1,0,0.72972972973,0.243243243243,0.027027027027,37,0.048048048048,1.32432432432,3.45945945946,6.4,2.13333333333,2.57762373983,0.745094362295,0.382601351351,3.17672655285,1.83654503837,0.787162162162,1.26158297055,0.729352654851,0.397804054054,0.579945114934,0.437917739848,2,1.33333333333,0.585540043769,2,0,0,0,0,0.0917269331975,37,36,36,0.972972972973,0,0.702702702703,0.108108108108,0.162162162162,37,133,0.0998498498498,1.43583372819,7.18918918919,12.0909090909,3.59459459459,6.28418578584,0.874116067956,0.378581589108,7.06894404915,1.9665483445,0.801869538712,1.44259525893,0.401323493085,0.219874009348,0.792425201981,0.551892037654,3.22643134721,1.43583372819,0.792425201981,3.22643134721,0.075508349675,0.0332871012483,16,0.0020592020592,0.168487969702,37,37,37,1,0,0.702702702703,0.297297297297,0,-83,-0.0623123123123,0.111509403863,-4.48648648649,-9.50909090909,-2.40540540541,-1.91491326376,0.171878417874,0.0685215290478,-3.26039257985,0.197171236754,0.0366042734464,-1.64423621178,-0.127439305137,-0.0328787434051,0.212480087047,0.113974297805,1.22643134721,0.111509403863,0.212480087047,1.22643134721,0.0633382235049,0.0273144050025,9,0.0011583011583,-0.452708611495,-0.027027027027,0.0540540540541,-0.027027027027,128,5,88,1111,0.592592592593,0.995519713262,0.00448028673835,0.407407407407,0.962406015038,0.592592592593,0.733524355301,0.723075801516,0.588112305854,0.579185520362,69,152,0,0,0,0
1186,WLNM_dir_neg,0.974106215374,0.673180922596,00:00:02,10,30,32,1233300856,threshold_sweep,0.7,0.927536231884,0.421052631579,0.579185520362,64,5,88,299,0.421052631579,0.983552631579,0.0164473684211,0.578947368421,0.927536231884,0.421052631579,0.579185520362,0.796052631579,0.616228070175,0.468571428571,0.532243156101,0.404605263158,216,64,152,0,216,0,64,0,152,37,216,0.162162162162,1.32432432432,11.6756756757,21.6,6,8.1990990496,0.702237650082,0.31006006006,10.329336629,1.76937710775,0.765265265265,3.0868314707,0.528762798222,0.252752752753,0.579945114934,0.437917739848,2,1.32432432432,0.579945114934,2,0.0121701261701,0.00597269624573,7,0.000900900900901,0.621196581197,37,37,37,1,0,0.72972972973,0.243243243243,0.027027027027,37,0.048048048048,1.32432432432,3.45945945946,6.4,2.13333333333,2.57762373983,0.745094362295,0.382601351351,3.17672655285,1.83654503837,0.787162162162,1.26158297055,0.729352654851,0.397804054054,0.579945114934,0.437917739848,2,1.33333333333,0.585540043769,2,0,0,0,0,0.0917269331975,37,36,36,0.972972972973,0,0.702702702703,0.108108108108,0.162162162162,37,133,0.0998498498498,1.43583372819,7.18918918919,12.0909090909,3.59459459459,6.28418578584,0.874116067956,0.378581589108,7.06894404915,1.9665483445,0.801869538712,1.44259525893,0.401323493085,0.219874009348,0.792425201981,0.551892037654,3.22643134721,1.43583372819,0.792425201981,3.22643134721,0.075508349675,0.0332871012483,16,0.0020592020592,0.168487969702,37,37,37,1,0,0.702702702703,0.297297297297,0,-83,-0.0623123123123,0.111509403863,-4.48648648649,-9.50909090909,-2.40540540541,-1.91491326376,0.171878417874,0.0685215290478,-3.26039257985,0.197171236754,0.0366042734464,-1.64423621178,-0.127439305137,-0.0328787434051,0.212480087047,0.113974297805,1.22643134721,0.111509403863,0.212480087047,1.22643134721,0.0633382235049,0.0273144050025,9,0.0011583011583,-0.452708611495,-0.027027027027,0.0540540540541,-0.027027027027,128,5,88,1111,0.592592592593,0.995519713262,0.00448028673835,0.407407407407,0.962406015038,0.592592592593,0.733524355301,0.723075801516,0.588112305854,0.579185520362,69,152,0,0,0,0
1187,WLNM_dir_neg,0.974106215374,0.673180922596,00:00:02,10,30,32,1233300856,threshold_sweep,0.8,0.927536231884,0.421052631579,0.579185520362,64,5,88,299,0.421052631579,0.983552631579,0.0164473684211,0.578947368421,0.927536231884,0.421052631579,0.579185520362,0.796052631579,0.616228070175,0.468571428571,0.532243156101,0.404605263158,216,64,152,0,216,0,64,0,152,37,216,0.162162162162,1.32432432432,11.6756756757,21.6,6,8.1990990496,0.702237650082,0.31006006006,10.329336629,1.76937710775,0.765265265265,3.0868314707,0.528762798222,0.252752752753,0.579945114934,0.437917739848,2,1.32432432432,0.579945114934,2,0.0121701261701,0.00597269624573,7,0.000900900900901,0.621196581197,37,37,37,1,0,0.72972972973,0.243243243243,0.027027027027,37,0.048048048048,1.32432432432,3.45945945946,6.4,2.13333333333,2.57762373983,0.745094362295,0.382601351351,3.17672655285,1.83654503837,0.787162162162,1.26158297055,0.729352654851,0.397804054054,0.579945114934,0.437917739848,2,1.33333333333,0.585540043769,2,0,0,0,0,0.0917269331975,37,36,36,0.972972972973,0,0.702702702703,0.108108108108,0.162162162162,37,133,0.0998498498498,1.43583372819,7.18918918919,12.0909090909,3.59459459459,6.28418578584,0.874116067956,0.378581589108,7.06894404915,1.9665483445,0.801869538712,1.44259525893,0.401323493085,0.219874009348,0.792425201981,0.551892037654,3.22643134721,1.43583372819,0.792425201981,3.22643134721,0.075508349675,0.0332871012483,16,0.0020592020592,0.168487969702,37,37,37,1,0,0.702702702703,0.297297297297,0,-83,-0.0623123123123,0.111509403863,-4.48648648649,-9.50909090909,-2.40540540541,-1.91491326376,0.171878417874,0.0685215290478,-3.26039257985,0.197171236754,0.0366042734464,-1.64423621178,-0.127439305137,-0.0328787434051,0.212480087047,0.113974297805,1.22643134721,0.111509403863,0.212480087047,1.22643134721,0.0633382235049,0.0273144050025,9,0.0011583011583,-0.452708611495,-0.027027027027,0.0540540540541,-0.027027027027,128,5,88,1111,0.592592592593,0.995519713262,0.00448028673835,0.407407407407,0.962406015038,0.592592592593,0.733524355301,0.723075801516,0.588112305854,0.579185520362,69,152,0,0,0,0
1188,WLNM_dir_neg,0.974106215374,0.673180922596,00:00:02,10,30,32,1233300856,threshold_sweep,0.9,0.936507936508,0.388157894737,0.548837209302,59,4,93,300,0.388157894737,0.986842105263,0.0131578947368,0.611842105263,0.936507936508,0.388157894737,0.548837209302,0.787280701754,0.620614035088,0.439306358382,0.512298758709,0.375,216,64,152,0,216,0,64,0,152,37,216,0.162162162162,1.32432432432,11.6756756757,21.6,6,8.1990990496,0.702237650082,0.31006006006,10.329336629,1.76937710775,0.765265265265,3.0868314707,0.528762798222,0.252752752753,0.579945114934,0.437917739848,2,1.32432432432,0.579945114934,2,0.0121701261701,0.00597269624573,7,0.000900900900901,0.621196581197,37,37,37,1,0,0.72972972973,0.243243243243,0.027027027027,37,0.048048048048,1.32432432432,3.45945945946,6.4,2.13333333333,2.57762373983,0.745094362295,0.382601351351,3.17672655285,1.83654503837,0.787162162162,1.26158297055,0.729352654851,0.397804054054,0.579945114934,0.437917739848,2,1.33333333333,0.585540043769,2,0,0,0,0,0.0917269331975,37,36,36,0.972972972973,0,0.702702702703,0.108108108108,0.162162162162,37,127,0.0953453453453,1.42940061602,6.86486486486,11.5454545455,3.43243243243,6.12445989529,0.892145732778,0.370929985103,7.05746468697,2.0561117592,0.816769525431,1.6589913358,0.483328184445,0.262183443286,0.774032472611,0.541508422436,3.12079604295,1.42940061602,0.774032472611,3.12079604295,0.0777109310443,0.0260492040521,12,0.0015444015444,0.159837831961,37,37,37,1,0,0.702702702703,0.297297297297,0,-89,-0.0668168168168,0.105076291696,-4.81081081081,-10.0545454545,-2.56756756757,-2.07463915432,0.189908082697,0.0608699250432,-3.27187194203,0.28673465145,0.0515042601657,-1.42784013491,-0.0454346137774,0.00943069053305,0.194087357677,0.103590682588,1.12079604295,0.105076291696,0.194087357677,1.12079604295,0.0655408048741,0.0200765078064,5,0.000643500643501,-0.461358749236,-0.027027027027,0.0540540540541,-0.027027027027,123,4,93,1112,0.569444444444,0.996415770609,0.00358422939068,0.430555555556,0.968503937008,0.569444444444,0.717201166181,0.710187050646,0.565860215054,0.559090909091,63,152,0,0,0,0
1189,WLNM_dir_neg,0.994459833795,0.606326984175,00:00:02,10,30,33,1233300857,threshold_sweep,0.1,0.957446808511,0.888157894737,0.921501706485,135,6,17,298,0.888157894737,0.980263157895,0.0197368421053,0.111842105263,0.957446808511,0.888157894737,0.921501706485,0.949561403509,0.563596491228,0.884422110553,0.885776381129,0.868421052632,216,64,152,0,216,0,64,0,152,37,216,0.162162162162,1.32432432432,11.6756756757,21.6,6,8.1990990496,0.702237650082,0.31006006006,10.329336629,1.76937710775,0.765265265265,3.0868314707,0.528762798222,0.252752752753,0.579945114934,0.437917739848,2,1.32432432432,0.579945114934,2,0.0121701261701,0.00597269624573,7,0.000900900900901,0.621196581197,37,37,37,1,0,0.72972972973,0.243243243243,0.027027027027,37,0.048048048048,1.32432432432,3.45945945946,6.4,2.28571428571,2.9116108046,0.841637498205,0.423564189189,3.28843637825,1.90112728118,0.80152027027,1.46531469219,0.847135056422,0.465371621622,0.579945114934,0.437917739848,2,1.35294117647,0.597081434027,2,0,0,0,0,0.108658008658,37,34,34,0.918918918919,0,0.648648648649,0.108108108108,0.162162162162,37,205,0.153903903904,1.33938188997,11.0810810811,20.5,5.69444444444,7.99436738647,0.721442910487,0.333157547792,10.1121340604,1.82511687919,0.774950560316,3.18498730675,0.574851367559,0.287145682268,0.610880852292,0.456091617235,2.19464124111,1.34880916469,0.616810585686,2.19464124111,0.0981537045885,0.0671077504726,71,0.00913770913771,0.5596058088,37,36,36,0.972972972973,0,0.702702702703,0.27027027027,0,-11,-0.00825825825826,0.0150575656458,-0.594594594595,-1.1,-0.305555555556,-0.204731663131,0.0192052604048,0.0230974877316,-0.217202568612,0.0557397714466,0.00968529505115,0.0981558360437,0.0460885693369,0.0343929295149,0.0309357373571,0.0181738773864,0.194641241112,0.0244848403672,0.036865470752,0.194641241112,0.0859835784184,0.0611350542269,64,0.00823680823681,-0.0615907723963,-0.027027027027,0.027027027027,-0.027027027027,199,6,17,1110,0.921296296296,0.994623655914,0.00537634408602,0.0787037037037,0.970731707317,0.921296296296,0.945368171021,0.935572836607,0.91591995221,0.896396396396,141,152,0,0,0,0
1190,WLNM_dir_neg,0.994459833795,0.606326984175,00:00:02,10,30,33,1233300857,threshold_sweep,0.2,0.956834532374,0.875,0.914089347079,133,6,19,298,0.875,0.980263157895,0.0197368421053,0.125,0.956834532374,0.875,0.914089347079,0.945175438596,0.565058479532,0.873949579832,0.875833028658,0.855263157895,216,64,152,0,216,0,64,0,152,37,216,0.162162162162,1.32432432432,11.6756756757,21.6,6,8.1990990496,0.702237650082,0.31006006006,10.329336629,1.76937710775,0.765265265265,3.0868314707,0.528762798222,0.252752752753,0.579945114934,0.437917739848,2,1.32432432432,0.579945114934,2,0.0121701261701,0.00597269624573,7,0.000900900900901,0.621196581197,37,37,37,1,0,0.72972972973,0.243243243243,0.027027027027,37,0.048048048048,1.32432432432,3.45945945946,6.4,2.28571428571,2.9116108046,0.841637498205,0.423564189189,3.28843637825,1.90112728118,0.80152027027,1.46531469219,0.847135056422,0.465371621622,0.579945114934,0.437917739848,2,1.35294117647,0.597081434027,2,0,0,0,0,0.108658008658,37,34,34,0.918918918919,0,0.648648648649,0.108108108108,0.162162162162,37,203,0.152402402402,1.33938188997,10.972972973,20.3,5.63888888889,7.94245444322,0.723819739899,0.3363067501,10.0156034422,1.82550407568,0.776461190254,3.21991736973,0.586881491034,0.29290374118,0.610880852292,0.456091617235,2.19464124111,1.34880916469,0.616810585686,2.19464124111,0.0889408433756,0.0664100096246,69,0.00888030888031,0.560742189328,37,36,36,0.972972972973,0,0.702702702703,0.27027027027,0,-13,-0.00975975975976,0.0150575656458,-0.702702702703,-1.3,-0.361111111111,-0.256644606387,0.0215820898172,0.0262466900398,-0.313733186755,0.0561269679348,0.011195924989,0.133085899023,0.0581186928115,0.0401509884269,0.0309357373571,0.0181738773864,0.194641241112,0.0244848403672,0.036865470752,0.194641241112,0.0767707172055,0.0604373133789,62,0.00797940797941,-0.0604543918686,-0.027027027027,0.027027027027,-0.027027027027,197,6,19,1110,0.912037037037,0.994623655914,0.00537634408602,0.087962962963,0.970443349754,0.912037037037,0.940334128878,0.929841169112,0.906660692951,0.887387387387,139,152,0,0,0,0
1191,WLNM_dir_neg,0.994459833795,0.606326984175,00:00:02,10,30,33,1233300857,threshold_sweep,0.3,0.956834532374,0.875,0.914089347079,133,6,19,298,0.875,0.980263157895,0.0197368421053,0.125,0.956834532374,0.875,0.914089347079,0.945175438596,0.565058479532,0.873949579832,0.875833028658,0.855263157895,216,64,152,0,216,0,64,0,152,37,216,0.162162162162,1.32432432432,11.6756756757,21.6,6,8.1990990496,0.702237650082,0.31006006006,10.329336629,1.76937710775,0.765265265265,3.0868314707,0.528762798222,0.252752752753,0.579945114934,0.437917739848,2,1.32432432432,0.579945114934,2,0.0121701261701,0.00597269624573,7,0.000900900900901,0.621196581197,37,37,37,1,0,0.72972972973,0.243243243243,0.027027027027,37,0.048048048048,1.32432432432,3.45945945946,6.4,2.28571428571,2.9116108046,0.841637498205,0.423564189189,3.28843637825,1.90112728118,0.80152027027,1.46531469219,0.847135056422,0.465371621622,0.579945114934,0.437917739848,2,1.35294117647,0.597081434027,2,0,0,0,0,0.108658008658,37,34,34,0.918918918919,0,0.648648648649,0.108108108108,0.162162162162,37,203,0.152402402402,1.33938188997,10.972972973,20.3,5.63888888889,7.94245444322,0.723819739899,0.3363067501,10.0156034422,1.82550407568,0.776461190254,3.21991736973,0.586881491034,0.29290374118,0.610880852292,0.456091617235,2.19464124111,1.34880916469,0.616810585686,2.19464124111,0.0889408433756,0.0664100096246,69,0.00888030888031,0.560742189328,37,36,36,0.972972972973,0,0.702702702703,0.27027027027,0,-13,-0.00975975975976,0.0150575656458,-0.702702702703,-1.3,-0.361111111111,-0.256644606387,0.0215820898172,0.0262466900398,-0.313733186755,0.0561269679348,0.011195924989,0.133085899023,0.0581186928115,0.0401509884269,0.0309357373571,0.0181738773864,0.194641241112,0.0244848403672,0.036865470752,0.194641241112,0.0767707172055,0.0604373133789,62,0.00797940797941,-0.0604543918686,-0.027027027027,0.027027027027,-0.027027027027,197,6,19,1110,0.912037037037,0.994623655914,0.00537634408602,0.087962962963,0.970443349754,0.912037037037,0.940334128878,0.929841169112,0.906660692951,0.887387387387,139,152,0,0,0,0
1192,WLNM_dir_neg,0.994459833795,0.606326984175,00:00:02,10,30,33,1233300857,threshold_sweep,0.4,0.963768115942,0.875,0.91724137931,133,5,19,299,0.875,0.983552631579,0.0164473684211,0.125,0.963768115942,0.875,0.91724137931,0.947368421053,0.565789473684,0.878787878788,0.88099289575,0.858552631579,216,64,152,0,216,0,64,0,152,37,216,0.162162162162,1.32432432432,11.6756756757,21.6,6,8.1990990496,0.702237650082,0.31006006006,10.329336629,1.76937710775,0.765265265265,3.0868314707,0.528762798222,0.252752752753,0.579945114934,0.437917739848,2,1.32432432432,0.579945114934,2,0.0121701261701,0.00597269624573,7,0.000900900900901,0.621196581197,37,37,37,1,0,0.72972972973,0.243243243243,0.027027027027,37,0.048048048048,1.32432432432,3.45945945946,6.4,2.28571428571,2.9116108046,0.841637498205,0.423564189189,3.28843637825,1.90112728118,0.80152027027,1.46531469219,0.847135056422,0.465371621622,0.579945114934,0.437917739848,2,1.35294117647,0.597081434027,2,0,0,0,0,0.108658008658,37,34,34,0.918918918919,0,0.648648648649,0.108108108108,0.162162162162,37,202,0.151651651652,1.33801918273,10.9189189189,20.2,5.61111111111,7.84707439601,0.718667704585,0.334626705914,9.96548096234,1.82536037429,0.776826331282,3.24546345427,0.594466078258,0.296226919989,0.608877417096,0.455058810036,2.1883387201,1.34740860447,0.614791736008,2.1883387201,0.0609408433756,0.0449657869013,46,0.00592020592021,0.564144793344,37,36,36,0.972972972973,0,0.702702702703,0.27027027027,0,-14,-0.0105105105105,0.0136948584007,-0.756756756757,-1.4,-0.388888888889,-0.352024653591,0.0164300545036,0.0245666458538,-0.363855666657,0.0559832665451,0.0115610660165,0.158631983571,0.0657032800358,0.0434741672365,0.0289323021611,0.0171410701871,0.188338720103,0.0230842801431,0.0348466210731,0.188338720103,0.0487707172055,0.0389930906555,39,0.00501930501931,-0.0570517878525,-0.027027027027,0.027027027027,-0.027027027027,197,5,19,1111,0.912037037037,0.995519713262,0.00448028673835,0.087962962963,0.975247524752,0.912037037037,0.942583732057,0.932648202987,0.907556750299,0.891402714932,138,152,0,0,0,0
1193,WLNM_dir_neg,0.994459833795,0.606326984175,00:00:02,10,30,33,1233300857,threshold_sweep,0.5,0.963768115942,0.875,0.91724137931,133,5,19,299,0.875,0.983552631579,0.0164473684211,0.125,0.963768115942,0.875,0.91724137931,0.947368421053,0.565789473684,0.878787878788,0.88099289575,0.858552631579,216,64,152,0,216,0,64,0,152,37,216,0.162162162162,1.32432432432,11.6756756757,21.6,6,8.1990990496,0.702237650082,0.31006006006,10.329336629,1.76937710775,0.765265265265,3.0868314707,0.528762798222,0.252752752753,0.579945114934,0.437917739848,2,1.32432432432,0.579945114934,2,0.0121701261701,0.00597269624573,7,0.000900900900901,0.621196581197,37,37,37,1,0,0.72972972973,0.243243243243,0.027027027027,37,0.048048048048,1.32432432432,3.45945945946,6.4,2.28571428571,2.9116108046,0.841637498205,0.423564189189,3.28843637825,1.90112728118,0.80152027027,1.46531469219,0.847135056422,0.465371621622,0.579945114934,0.437917739848,2,1.35294117647,0.597081434027,2,0,0,0,0,0.108658008658,37,34,34,0.918918918919,0,0.648648648649,0.108108108108,0.162162162162,37,202,0.151651651652,1.33801918273,10.9189189189,20.2,5.61111111111,7.84707439601,0.718667704585,0.334626705914,9.96548096234,1.82536037429,0.776826331282,3.24546345427,0.594466078258,0.296226919989,0.608877417096,0.455058810036,2.1883387201,1.34740860447,0.614791736008,2.1883387201,0.0609408433756,0.0449657869013,46,0.00592020592021,0.564144793344,37,36,36,0.972972972973,0,0.702702702703,0.27027027027,0,-14,-0.0105105105105,0.0136948584007,-0.756756756757,-1.4,-0.388888888889,-0.352024653591,0.0164300545036,0.0245666458538,-0.363855666657,0.0559832665451,0.0115610660165,0.158631983571,0.0657032800358,0.0434741672365,0.0289323021611,0.0171410701871,0.188338720103,0.0230842801431,0.0348466210731,0.188338720103,0.0487707172055,0.0389930906555,39,0.00501930501931,-0.0570517878525,-0.027027027027,0.027027027027,-0.027027027027,197,5,19,1111,0.912037037037,0.995519713262,0.00448028673835,0.087962962963,0.975247524752,0.912037037037,0.942583732057,0.932648202987,0.907556750299,0.891402714932,138,152,0,0,0,0
1194,WLNM_dir_neg,0.994459833795,0.606326984175,00:00:02,10,30,33,1233300857,threshold_sweep,0.6,0.963768115942,0.875,0.91724137931,133,5,19,299,0.875,0.983552631579,0.0164473684211,0.125,0.963768115942,0.875,0.91724137931,0.947368421053,0.565789473684,0.878787878788,0.88099289575,0.858552631579,216,64,152,0,216,0,64,0,152,37,216,0.162162162162,1.32432432432,11.6756756757,21.6,6,8.1990990496,0.702237650082,0.31006006006,10.329336629,1.76937710775,0.765265265265,3.0868314707,0.528762798222,0.252752752753,0.579945114934,0.437917739848,2,1.32432432432,0.579945114934,2,0.0121701261701,0.00597269624573,7,0.000900900900901,0.621196581197,37,37,37,1,0,0.72972972973,0.243243243243,0.027027027027,37,0.048048048048,1.32432432432,3.45945945946,6.4,2.28571428571,2.9116108046,0.841637498205,0.423564189189,3.28843637825,1.90112728118,0.80152027027,1.46531469219,0.847135056422,0.465371621622,0.579945114934,0.437917739848,2,1.35294117647,0.597081434027,2,0,0,0,0,0.108658008658,37,34,34,0.918918918919,0,0.648648648649,0.108108108108,0.162162162162,37,202,0.151651651652,1.33801918273,10.9189189189,20.2,5.61111111111,7.84707439601,0.718667704585,0.334626705914,9.96548096234,1.82536037429,0.776826331282,3.24546345427,0.594466078258,0.296226919989,0.608877417096,0.455058810036,2.1883387201,1.34740860447,0.614791736008,2.1883387201,0.0609408433756,0.0449657869013,46,0.00592020592021,0.564144793344,37,36,36,0.972972972973,0,0.702702702703,0.27027027027,0,-14,-0.0105105105105,0.0136948584007,-0.756756756757,-1.4,-0.388888888889,-0.352024653591,0.0164300545036,0.0245666458538,-0.363855666657,0.0559832665451,0.0115610660165,0.158631983571,0.0657032800358,0.0434741672365,0.0289323021611,0.0171410701871,0.188338720103,0.0230842801431,0.0348466210731,0.188338720103,0.0487707172055,0.0389930906555,39,0.00501930501931,-0.0570517878525,-0.027027027027,0.027027027027,-0.027027027027,197,5,19,1111,0.912037037037,0.995519713262,0.00448028673835,0.087962962963,0.975247524752,0.912037037037,0.942583732057,0.932648202987,0.907556750299,0.891402714932,138,152,0,0,0,0
1195,WLNM_dir_neg,0.994459833795,0.606326984175,00:00:02,10,30,33,1233300857,threshold_sweep,0.7,0.963768115942,0.875,0.91724137931,133,5,19,299,0.875,0.983552631579,0.0164473684211,0.125,0.963768115942,0.875,0.91724137931,0.947368421053,0.565789473684,0.878787878788,0.88099289575,0.858552631579,216,64,152,0,216,0,64,0,152,37,216,0.162162162162,1.32432432432,11.6756756757,21.6,6,8.1990990496,0.702237650082,0.31006006006,10.329336629,1.76937710775,0.765265265265,3.0868314707,0.528762798222,0.252752752753,0.579945114934,0.437917739848,2,1.32432432432,0.579945114934,2,0.0121701261701,0.00597269624573,7,0.000900900900901,0.621196581197,37,37,37,1,0,0.72972972973,0.243243243243,0.027027027027,37,0.048048048048,1.32432432432,3.45945945946,6.4,2.28571428571,2.9116108046,0.841637498205,0.423564189189,3.28843637825,1.90112728118,0.80152027027,1.46531469219,0.847135056422,0.465371621622,0.579945114934,0.437917739848,2,1.35294117647,0.597081434027,2,0,0,0,0,0.108658008658,37,34,34,0.918918918919,0,0.648648648649,0.108108108108,0.162162162162,37,202,0.151651651652,1.33801918273,10.9189189189,20.2,5.61111111111,7.84707439601,0.718667704585,0.334626705914,9.96548096234,1.82536037429,0.776826331282,3.24546345427,0.594466078258,0.296226919989,0.608877417096,0.455058810036,2.1883387201,1.34740860447,0.614791736008,2.1883387201,0.0609408433756,0.0449657869013,46,0.00592020592021,0.564144793344,37,36,36,0.972972972973,0,0.702702702703,0.27027027027,0,-14,-0.0105105105105,0.0136948584007,-0.756756756757,-1.4,-0.388888888889,-0.352024653591,0.0164300545036,0.0245666458538,-0.363855666657,0.0559832665451,0.0115610660165,0.158631983571,0.0657032800358,0.0434741672365,0.0289323021611,0.0171410701871,0.188338720103,0.0230842801431,0.0348466210731,0.188338720103,0.0487707172055,0.0389930906555,39,0.00501930501931,-0.0570517878525,-0.027027027027,0.027027027027,-0.027027027027,197,5,19,1111,0.912037037037,0.995519713262,0.00448028673835,0.087962962963,0.975247524752,0.912037037037,0.942583732057,0.932648202987,0.907556750299,0.891402714932,138,152,0,0,0,0
1196,WLNM_dir_neg,0.994459833795,0.606326984175,00:00:02,10,30,33,1233300857,threshold_sweep,0.8,0.963768115942,0.875,0.91724137931,133,5,19,299,0.875,0.983552631579,0.0164473684211,0.125,0.963768115942,0.875,0.91724137931,0.947368421053,0.565789473684,0.878787878788,0.88099289575,0.858552631579,216,64,152,0,216,0,64,0,152,37,216,0.162162162162,1.32432432432,11.6756756757,21.6,6,8.1990990496,0.702237650082,0.31006006006,10.329336629,1.76937710775,0.765265265265,3.0868314707,0.528762798222,0.252752752753,0.579945114934,0.437917739848,2,1.32432432432,0.579945114934,2,0.0121701261701,0.00597269624573,7,0.000900900900901,0.621196581197,37,37,37,1,0,0.72972972973,0.243243243243,0.027027027027,37,0.048048048048,1.32432432432,3.45945945946,6.4,2.28571428571,2.9116108046,0.841637498205,0.423564189189,3.28843637825,1.90112728118,0.80152027027,1.46531469219,0.847135056422,0.465371621622,0.579945114934,0.437917739848,2,1.35294117647,0.597081434027,2,0,0,0,0,0.108658008658,37,34,34,0.918918918919,0,0.648648648649,0.108108108108,0.162162162162,37,202,0.151651651652,1.33801918273,10.9189189189,20.2,5.61111111111,7.84707439601,0.718667704585,0.334626705914,9.96548096234,1.82536037429,0.776826331282,3.24546345427,0.594466078258,0.296226919989,0.608877417096,0.455058810036,2.1883387201,1.34740860447,0.614791736008,2.1883387201,0.0609408433756,0.0449657869013,46,0.00592020592021,0.564144793344,37,36,36,0.972972972973,0,0.702702702703,0.27027027027,0,-14,-0.0105105105105,0.0136948584007,-0.756756756757,-1.4,-0.388888888889,-0.352024653591,0.0164300545036,0.0245666458538,-0.363855666657,0.0559832665451,0.0115610660165,0.158631983571,0.0657032800358,0.0434741672365,0.0289323021611,0.0171410701871,0.188338720103,0.0230842801431,0.0348466210731,0.188338720103,0.0487707172055,0.0389930906555,39,0.00501930501931,-0.0570517878525,-0.027027027027,0.027027027027,-0.027027027027,197,5,19,1111,0.912037037037,0.995519713262,0.00448028673835,0.087962962963,0.975247524752,0.912037037037,0.942583732057,0.932648202987,0.907556750299,0.891402714932,138,152,0,0,0,0
1197,WLNM_dir_neg,0.994459833795,0.606326984175,00:00:02,10,30,33,1233300857,threshold_sweep,0.9,0.963768115942,0.875,0.91724137931,133,5,19,299,0.875,0.983552631579,0.0164473684211,0.125,0.963768115942,0.875,0.91724137931,0.947368421053,0.565789473684,0.878787878788,0.88099289575,0.858552631579,216,64,152,0,216,0,64,0,152,37,216,0.162162162162,1.32432432432,11.6756756757,21.6,6,8.1990990496,0.702237650082,0.31006006006,10.329336629,1.76937710775,0.765265265265,3.0868314707,0.528762798222,0.252752752753,0.579945114934,0.437917739848,2,1.32432432432,0.579945114934,2,0.0121701261701,0.00597269624573,7,0.000900900900901,0.621196581197,37,37,37,1,0,0.72972972973,0.243243243243,0.027027027027,37,0.048048048048,1.32432432432,3.45945945946,6.4,2.28571428571,2.9116108046,0.841637498205,0.423564189189,3.28843637825,1.90112728118,0.80152027027,1.46531469219,0.847135056422,0.465371621622,0.579945114934,0.437917739848,2,1.35294117647,0.597081434027,2,0,0,0,0,0.108658008658,37,34,34,0.918918918919,0,0.648648648649,0.108108108108,0.162162162162,37,202,0.151651651652,1.33801918273,10.9189189189,20.2,5.61111111111,7.84707439601,0.718667704585,0.334626705914,9.96548096234,1.82536037429,0.776826331282,3.24546345427,0.594466078258,0.296226919989,0.608877417096,0.455058810036,2.1883387201,1.34740860447,0.614791736008,2.1883387201,0.0609408433756,0.0449657869013,46,0.00592020592021,0.564144793344,37,36,36,0.972972972973,0,0.702702702703,0.27027027027,0,-14,-0.0105105105105,0.0136948584007,-0.756756756757,-1.4,-0.388888888889,-0.352024653591,0.0164300545036,0.0245666458538,-0.363855666657,0.0559832665451,0.0115610660165,0.158631983571,0.0657032800358,0.0434741672365,0.0289323021611,0.0171410701871,0.188338720103,0.0230842801431,0.0348466210731,0.188338720103,0.0487707172055,0.0389930906555,39,0.00501930501931,-0.0570517878525,-0.027027027027,0.027027027027,-0.027027027027,197,5,19,1111,0.912037037037,0.995519713262,0.00448028673835,0.087962962963,0.975247524752,0.912037037037,0.942583732057,0.932648202987,0.907556750299,0.891402714932,138,152,0,0,0,0
1198,WLNM_dir_neg,0.988454380194,0.700826494266,00:00:03,10,30,34,1233300858,threshold_sweep,0.1,0.949367088608,0.986842105263,0.967741935484,150,8,2,296,0.986842105263,0.973684210526,0.0263157894737,0.0131578947368,0.949367088608,0.986842105263,0.967741935484,0.978070175439,0.551169590643,0.951140065147,0.951549045825,0.960526315789,216,64,152,0,216,0,64,0,152,37,216,0.162162162162,1.32432432432,11.6756756757,21.6,6,8.1990990496,0.702237650082,0.31006006006,10.329336629,1.76937710775,0.765265265265,3.0868314707,0.528762798222,0.252752752753,0.579945114934,0.437917739848,2,1.32432432432,0.579945114934,2,0.0121701261701,0.00597269624573,7,0.000900900900901,0.621196581197,37,37,37,1,0,0.72972972973,0.243243243243,0.027027027027,37,0.048048048048,1.32432432432,3.45945945946,6.4,2.20689655172,2.73449766456,0.790440731162,0.414695945946,3.11491616303,1.80081090675,0.780405405405,1.36724883228,0.790440731162,0.433277027027,0.579945114934,0.437917739848,2,1.35294117647,0.597081434027,2,0,0,0,0,0.102706922707,37,34,34,0.918918918919,0,0.648648648649,0.135135135135,0.135135135135,37,222,0.166666666667,1.34016935627,12,22.2,6.16666666667,8.75912222898,0.729926852415,0.330046262479,10.6484218966,1.77473698277,0.768687606525,2.83823106099,0.473038510165,0.228147065985,0.605273133404,0.451639287655,2.06662115705,1.34961850506,0.611085004022,2.06662115705,0.133117077777,0.0898448135039,110,0.014157014157,0.589918727467,37,36,36,0.972972972973,0,0.702702702703,0.27027027027,0,6,0.0045045045045,0.0158450319473,0.324324324324,0.6,0.166666666667,0.560023179376,0.0276892023332,0.0199862024186,0.319085267642,0.00535987502838,0.00342234126018,-0.248600409716,-0.0557242880578,-0.0246056867678,0.0253280184694,0.0137215478067,0.0666211570512,0.0252941807326,0.0311398890878,0.0666211570512,0.120946951607,0.0838721172582,103,0.0132561132561,-0.0312778537292,-0.027027027027,0.027027027027,-0.027027027027,214,8,2,1108,0.990740740741,0.992831541219,0.00716845878136,0.00925925925926,0.963963963964,0.990740740741,0.977168949772,0.97280832308,0.983572281959,0.955357142857,158,152,0,0,0,0
1199,WLNM_dir_neg,0.988454380194,0.700826494266,00:00:03,10,30,34,1233300858,threshold_sweep,0.2,0.949367088608,0.986842105263,0.967741935484,150,8,2,296,0.986842105263,0.973684210526,0.0263157894737,0.0131578947368,0.949367088608,0.986842105263,0.967741935484,0.978070175439,0.551169590643,0.951140065147,0.951549045825,0.960526315789,216,64,152,0,216,0,64,0,152,37,216,0.162162162162,1.32432432432,11.6756756757,21.6,6,8.1990990496,0.702237650082,0.31006006006,10.329336629,1.76937710775,0.765265265265,3.0868314707,0.528762798222,0.252752752753,0.579945114934,0.437917739848,2,1.32432432432,0.579945114934,2,0.0121701261701,0.00597269624573,7,0.000900900900901,0.621196581197,37,37,37,1,0,0.72972972973,0.243243243243,0.027027027027,37,0.048048048048,1.32432432432,3.45945945946,6.4,2.20689655172,2.73449766456,0.790440731162,0.414695945946,3.11491616303,1.80081090675,0.780405405405,1.36724883228,0.790440731162,0.433277027027,0.579945114934,0.437917739848,2,1.35294117647,0.597081434027,2,0,0,0,0,0.102706922707,37,34,34,0.918918918919,0,0.648648648649,0.135135135135,0.135135135135,37,222,0.166666666667,1.34016935627,12,22.2,6.16666666667,8.75912222898,0.729926852415,0.330046262479,10.6484218966,1.77473698277,0.768687606525,2.83823106099,0.473038510165,0.228147065985,0.605273133404,0.451639287655,2.06662115705,1.34961850506,0.611085004022,2.06662115705,0.133117077777,0.0898448135039,110,0.014157014157,0.589918727467,37,36,36,0.972972972973,0,0.702702702703,0.27027027027,0,6,0.0045045045045,0.0158450319473,0.324324324324,0.6,0.166666666667,0.560023179376,0.0276892023332,0.0199862024186,0.319085267642,0.00535987502838,0.00342234126018,-0.248600409716,-0.0557242880578,-0.0246056867678,0.0253280184694,0.0137215478067,0.0666211570512,0.0252941807326,0.0311398890878,0.0666211570512,0.120946951607,0.0838721172582,103,0.0132561132561,-0.0312778537292,-0.027027027027,0.027027027027,-0.027027027027,214,8,2,1108,0.990740740741,0.992831541219,0.00716845878136,0.00925925925926,0.963963963964,0.990740740741,0.977168949772,0.97280832308,0.983572281959,0.955357142857,158,152,0,0,0,0
1200,WLNM_dir_neg,0.988454380194,0.700826494266,00:00:03,10,30,34,1233300858,threshold_sweep,0.3,0.955414012739,0.986842105263,0.970873786408,150,7,2,297,0.986842105263,0.976973684211,0.0230263157895,0.0131578947368,0.955414012739,0.986842105263,0.970873786408,0.980263157895,0.551900584795,0.955954323002,0.956240650989,0.963815789474,216,64,152,0,216,0,64,0,152,37,216,0.162162162162,1.32432432432,11.6756756757,21.6,6,8.1990990496,0.702237650082,0.31006006006,10.329336629,1.76937710775,0.765265265265,3.0868314707,0.528762798222,0.252752752753,0.579945114934,0.437917739848,2,1.32432432432,0.579945114934,2,0.0121701261701,0.00597269624573,7,0.000900900900901,0.621196581197,37,37,37,1,0,0.72972972973,0.243243243243,0.027027027027,37,0.048048048048,1.32432432432,3.45945945946,6.4,2.20689655172,2.73449766456,0.790440731162,0.414695945946,3.11491616303,1.80081090675,0.780405405405,1.36724883228,0.790440731162,0.433277027027,0.579945114934,0.437917739848,2,1.35294117647,0.597081434027,2,0,0,0,0,0.102706922707,37,34,34,0.918918918919,0,0.648648648649,0.135135135135,0.135135135135,37,221,0.165915915916,1.3387318242,11.9459459459,22.1,6.13888888889,8.66328762956,0.725207335506,0.328360034242,10.6000169981,1.77466347932,0.768986180751,2.87215063136,0.480857798011,0.231625290449,0.603081652567,0.450487275842,2.06057698812,1.34814104154,0.60887584514,2.06057698812,0.104387500476,0.0704419889503,85,0.0109395109395,0.593211046864,37,36,36,0.972972972973,0,0.702702702703,0.27027027027,0,5,0.00375375375375,0.0144074998782,0.27027027027,0.5,0.138888888889,0.464188579959,0.0229696854246,0.0182999741823,0.270680369117,0.00528637157736,0.00372091548562,-0.214680839339,-0.0479050002111,-0.0211274623039,0.023136537633,0.0125695359931,0.0605769881244,0.0238167172172,0.0289307302051,0.0605769881244,0.092217374306,0.0644692927045,78,0.0100386100386,-0.0279855343323,-0.027027027027,0.027027027027,-0.027027027027,214,7,2,1109,0.990740740741,0.993727598566,0.00627240143369,0.00925925925926,0.968325791855,0.990740740741,0.979405034325,0.97545572118,0.984468339307,0.959641255605,157,152,0,0,0,0
1201,WLNM_dir_neg,0.988454380194,0.700826494266,00:00:03,10,30,34,1233300858,threshold_sweep,0.4,0.955414012739,0.986842105263,0.970873786408,150,7,2,297,0.986842105263,0.976973684211,0.0230263157895,0.0131578947368,0.955414012739,0.986842105263,0.970873786408,0.980263157895,0.551900584795,0.955954323002,0.956240650989,0.963815789474,216,64,152,0,216,0,64,0,152,37,216,0.162162162162,1.32432432432,11.6756756757,21.6,6,8.1990990496,0.702237650082,0.31006006006,10.329336629,1.76937710775,0.765265265265,3.0868314707,0.528762798222,0.252752752753,0.579945114934,0.437917739848,2,1.32432432432,0.579945114934,2,0.0121701261701,0.00597269624573,7,0.000900900900901,0.621196581197,37,37,37,1,0,0.72972972973,0.243243243243,0.027027027027,37,0.048048048048,1.32432432432,3.45945945946,6.4,2.20689655172,2.73449766456,0.790440731162,0.414695945946,3.11491616303,1.80081090675,0.780405405405,1.36724883228,0.790440731162,0.433277027027,0.579945114934,0.437917739848,2,1.35294117647,0.597081434027,2,0,0,0,0,0.102706922707,37,34,34,0.918918918919,0,0.648648648649,0.135135135135,0.135135135135,37,221,0.165915915916,1.3387318242,11.9459459459,22.1,6.13888888889,8.66328762956,0.725207335506,0.328360034242,10.6000169981,1.77466347932,0.768986180751,2.87215063136,0.480857798011,0.231625290449,0.603081652567,0.450487275842,2.06057698812,1.34814104154,0.60887584514,2.06057698812,0.104387500476,0.0704419889503,85,0.0109395109395,0.593211046864,37,36,36,0.972972972973,0,0.702702702703,0.27027027027,0,5,0.00375375375375,0.0144074998782,0.27027027027,0.5,0.138888888889,0.464188579959,0.0229696854246,0.0182999741823,0.270680369117,0.00528637157736,0.00372091548562,-0.214680839339,-0.0479050002111,-0.0211274623039,0.023136537633,0.0125695359931,0.0605769881244,0.0238167172172,0.0289307302051,0.0605769881244,0.092217374306,0.0644692927045,78,0.0100386100386,-0.0279855343323,-0.027027027027,0.027027027027,-0.027027027027,214,7,2,1109,0.990740740741,0.993727598566,0.00627240143369,0.00925925925926,0.968325791855,0.990740740741,0.979405034325,0.97545572118,0.984468339307,0.959641255605,157,152,0,0,0,0
1202,WLNM_dir_neg,0.988454380194,0.700826494266,00:00:03,10,30,34,1233300858,threshold_sweep,0.5,0.955414012739,0.986842105263,0.970873786408,150,7,2,297,0.986842105263,0.976973684211,0.0230263157895,0.0131578947368,0.955414012739,0.986842105263,0.970873786408,0.980263157895,0.551900584795,0.955954323002,0.956240650989,0.963815789474,216,64,152,0,216,0,64,0,152,37,216,0.162162162162,1.32432432432,11.6756756757,21.6,6,8.1990990496,0.702237650082,0.31006006006,10.329336629,1.76937710775,0.765265265265,3.0868314707,0.528762798222,0.252752752753,0.579945114934,0.437917739848,2,1.32432432432,0.579945114934,2,0.0121701261701,0.00597269624573,7,0.000900900900901,0.621196581197,37,37,37,1,0,0.72972972973,0.243243243243,0.027027027027,37,0.048048048048,1.32432432432,3.45945945946,6.4,2.20689655172,2.73449766456,0.790440731162,0.414695945946,3.11491616303,1.80081090675,0.780405405405,1.36724883228,0.790440731162,0.433277027027,0.579945114934,0.437917739848,2,1.35294117647,0.597081434027,2,0,0,0,0,0.102706922707,37,34,34,0.918918918919,0,0.648648648649,0.135135135135,0.135135135135,37,221,0.165915915916,1.3387318242,11.9459459459,22.1,6.13888888889,8.66328762956,0.725207335506,0.328360034242,10.6000169981,1.77466347932,0.768986180751,2.87215063136,0.480857798011,0.231625290449,0.603081652567,0.450487275842,2.06057698812,1.34814104154,0.60887584514,2.06057698812,0.104387500476,0.0704419889503,85,0.0109395109395,0.593211046864,37,36,36,0.972972972973,0,0.702702702703,0.27027027027,0,5,0.00375375375375,0.0144074998782,0.27027027027,0.5,0.138888888889,0.464188579959,0.0229696854246,0.0182999741823,0.270680369117,0.00528637157736,0.00372091548562,-0.214680839339,-0.0479050002111,-0.0211274623039,0.023136537633,0.0125695359931,0.0605769881244,0.0238167172172,0.0289307302051,0.0605769881244,0.092217374306,0.0644692927045,78,0.0100386100386,-0.0279855343323,-0.027027027027,0.027027027027,-0.027027027027,214,7,2,1109,0.990740740741,0.993727598566,0.00627240143369,0.00925925925926,0.968325791855,0.990740740741,0.979405034325,0.97545572118,0.984468339307,0.959641255605,157,152,0,0,0,0
1203,WLNM_dir_neg,0.988454380194,0.700826494266,00:00:03,10,30,34,1233300858,threshold_sweep,0.6,0.953947368421,0.953947368421,0.953947368421,145,7,7,297,0.953947368421,0.976973684211,0.0230263157895,0.0460526315789,0.953947368421,0.953947368421,0.953947368421,0.969298245614,0.555555555556,0.930921052632,0.930921052632,0.930921052632,216,64,152,0,216,0,64,0,152,37,216,0.162162162162,1.32432432432,11.6756756757,21.6,6,8.1990990496,0.702237650082,0.31006006006,10.329336629,1.76937710775,0.765265265265,3.0868314707,0.528762798222,0.252752752753,0.579945114934,0.437917739848,2,1.32432432432,0.579945114934,2,0.0121701261701,0.00597269624573,7,0.000900900900901,0.621196581197,37,37,37,1,0,0.72972972973,0.243243243243,0.027027027027,37,0.048048048048,1.32432432432,3.45945945946,6.4,2.20689655172,2.73449766456,0.790440731162,0.414695945946,3.11491616303,1.80081090675,0.780405405405,1.36724883228,0.790440731162,0.433277027027,0.579945114934,0.437917739848,2,1.35294117647,0.597081434027,2,0,0,0,0,0.102706922707,37,34,34,0.918918918919,0,0.648648648649,0.135135135135,0.135135135135,37,216,0.162162162162,1.33934248952,11.6756756757,21.6,6.17142857143,8.60572824104,0.737064687311,0.329204204204,10.5791028645,1.81216113882,0.774774774775,3.07781951598,0.527219083757,0.254754754755,0.604798904746,0.451564039427,2.06921327192,1.35873348893,0.616552910667,2.06921327192,0.0948439023119,0.0653835267478,77,0.00990990990991,0.591853022173,37,35,35,0.945945945946,0,0.675675675676,0.27027027027,0,0,0,0.0150181652004,0,0,0.171428571429,0.406629191431,0.0348270372291,0.0191441441441,0.249766235488,0.042784031079,0.00950950950951,-0.00901195471983,-0.0015437144659,0.002002002002,0.024853789812,0.0136462995789,0.0692132719183,0.0344091646018,0.0366077957323,0.0692132719183,0.0826737761418,0.0594108305021,70,0.00900900900901,-0.0293435590236,-0.0540540540541,0.027027027027,-0.027027027027,209,7,7,1109,0.967592592593,0.993727598566,0.00627240143369,0.0324074074074,0.967592592593,0.967592592593,0.967592592593,0.961320191159,0.961320191159,0.937219730942,152,152,0,0,0,0
1204,WLNM_dir_neg,0.988454380194,0.700826494266,00:00:03,10,30,34,1233300858,threshold_sweep,0.7,0.96875,0.407894736842,0.574074074074,62,2,90,302,0.407894736842,0.993421052632,0.00657894736842,0.592105263158,0.96875,0.407894736842,0.574074074074,0.798245614035,0.619883040936,0.469230769231,0.544642857143,0.401315789474,216,64,152,0,216,0,64,0,152,37,216,0.162162162162,1.32432432432,11.6756756757,21.6,6,8.1990990496,0.702237650082,0.31006006006,10.329336629,1.76937710775,0.765265265265,3.0868314707,0.528762798222,0.252752752753,0.579945114934,0.437917739848,2,1.32432432432,0.579945114934,2,0.0121701261701,0.00597269624573,7,0.000900900900901,0.621196581197,37,37,37,1,0,0.72972972973,0.243243243243,0.027027027027,37,0.048048048048,1.32432432432,3.45945945946,6.4,2.20689655172,2.73449766456,0.790440731162,0.414695945946,3.11491616303,1.80081090675,0.780405405405,1.36724883228,0.790440731162,0.433277027027,0.579945114934,0.437917739848,2,1.35294117647,0.597081434027,2,0,0,0,0,0.102706922707,37,34,34,0.918918918919,0,0.648648648649,0.135135135135,0.135135135135,37,128,0.0960960960961,1.32701272701,6.91891891892,12.8,4,6.4651990533,0.934423300672,0.395692567568,7.167033303,2.07172056415,0.814189189189,1.99436142098,0.576495098251,0.317567567568,0.584495815535,0.440459841596,2.01481481481,1.34569916856,0.595887298019,2.01481481481,0.138425499075,0.0715231788079,36,0.0046332046332,0.231831614887,37,35,35,0.945945945946,0,0.675675675676,0.189189189189,0.0810810810811,-88,-0.0660660660661,0.0026884026884,-4.75675675676,-8.8,-2,-1.7338999963,0.23218565059,0.0856325075075,-3.162303326,0.302343456404,0.0489239239239,-1.09247004973,0.0477323000284,0.0648148148148,0.004550700601,0.00254210174719,0.0148148148148,0.021374844232,0.015942183084,0.0148148148148,0.126255372904,0.0655504825622,29,0.0037323037323,-0.389364966309,-0.0540540540541,-0.0540540540541,0.0540540540541,126,2,90,1114,0.583333333333,0.998207885305,0.00179211469534,0.416666666667,0.984375,0.583333333333,0.732558139535,0.727312826778,0.581541218638,0.577981651376,64,152,0,0,0,0
1205,WLNM_dir_neg,0.988454380194,0.700826494266,00:00:03,10,30,34,1233300858,threshold_sweep,0.8,0.96875,0.407894736842,0.574074074074,62,2,90,302,0.407894736842,0.993421052632,0.00657894736842,0.592105263158,0.96875,0.407894736842,0.574074074074,0.798245614035,0.619883040936,0.469230769231,0.544642857143,0.401315789474,216,64,152,0,216,0,64,0,152,37,216,0.162162162162,1.32432432432,11.6756756757,21.6,6,8.1990990496,0.702237650082,0.31006006006,10.329336629,1.76937710775,0.765265265265,3.0868314707,0.528762798222,0.252752752753,0.579945114934,0.437917739848,2,1.32432432432,0.579945114934,2,0.0121701261701,0.00597269624573,7,0.000900900900901,0.621196581197,37,37,37,1,0,0.72972972973,0.243243243243,0.027027027027,37,0.048048048048,1.32432432432,3.45945945946,6.4,2.20689655172,2.73449766456,0.790440731162,0.414695945946,3.11491616303,1.80081090675,0.780405405405,1.36724883228,0.790440731162,0.433277027027,0.579945114934,0.437917739848,2,1.35294117647,0.597081434027,2,0,0,0,0,0.102706922707,37,34,34,0.918918918919,0,0.648648648649,0.135135135135,0.135135135135,37,128,0.0960960960961,1.32701272701,6.91891891892,12.8,4,6.4651990533,0.934423300672,0.395692567568,7.167033303,2.07172056415,0.814189189189,1.99436142098,0.576495098251,0.317567567568,0.584495815535,0.440459841596,2.01481481481,1.34569916856,0.595887298019,2.01481481481,0.138425499075,0.0715231788079,36,0.0046332046332,0.231831614887,37,35,35,0.945945945946,0,0.675675675676,0.189189189189,0.0810810810811,-88,-0.0660660660661,0.0026884026884,-4.75675675676,-8.8,-2,-1.7338999963,0.23218565059,0.0856325075075,-3.162303326,0.302343456404,0.0489239239239,-1.09247004973,0.0477323000284,0.0648148148148,0.004550700601,0.00254210174719,0.0148148148148,0.021374844232,0.015942183084,0.0148148148148,0.126255372904,0.0655504825622,29,0.0037323037323,-0.389364966309,-0.0540540540541,-0.0540540540541,0.0540540540541,126,2,90,1114,0.583333333333,0.998207885305,0.00179211469534,0.416666666667,0.984375,0.583333333333,0.732558139535,0.727312826778,0.581541218638,0.577981651376,64,152,0,0,0,0
1206,WLNM_dir_neg,0.988454380194,0.700826494266,00:00:03,10,30,34,1233300858,threshold_sweep,0.9,0.96875,0.407894736842,0.574074074074,62,2,90,302,0.407894736842,0.993421052632,0.00657894736842,0.592105263158,0.96875,0.407894736842,0.574074074074,0.798245614035,0.619883040936,0.469230769231,0.544642857143,0.401315789474,216,64,152,0,216,0,64,0,152,37,216,0.162162162162,1.32432432432,11.6756756757,21.6,6,8.1990990496,0.702237650082,0.31006006006,10.329336629,1.76937710775,0.765265265265,3.0868314707,0.528762798222,0.252752752753,0.579945114934,0.437917739848,2,1.32432432432,0.579945114934,2,0.0121701261701,0.00597269624573,7,0.000900900900901,0.621196581197,37,37,37,1,0,0.72972972973,0.243243243243,0.027027027027,37,0.048048048048,1.32432432432,3.45945945946,6.4,2.20689655172,2.73449766456,0.790440731162,0.414695945946,3.11491616303,1.80081090675,0.780405405405,1.36724883228,0.790440731162,0.433277027027,0.579945114934,0.437917739848,2,1.35294117647,0.597081434027,2,0,0,0,0,0.102706922707,37,34,34,0.918918918919,0,0.648648648649,0.135135135135,0.135135135135,37,128,0.0960960960961,1.32701272701,6.91891891892,12.8,4,6.4651990533,0.934423300672,0.395692567568,7.167033303,2.07172056415,0.814189189189,1.99436142098,0.576495098251,0.317567567568,0.584495815535,0.440459841596,2.01481481481,1.34569916856,0.595887298019,2.01481481481,0.138425499075,0.0715231788079,36,0.0046332046332,0.231831614887,37,35,35,0.945945945946,0,0.675675675676,0.189189189189,0.0810810810811,-88,-0.0660660660661,0.0026884026884,-4.75675675676,-8.8,-2,-1.7338999963,0.23218565059,0.0856325075075,-3.162303326,0.302343456404,0.0489239239239,-1.09247004973,0.0477323000284,0.0648148148148,0.004550700601,0.00254210174719,0.0148148148148,0.021374844232,0.015942183084,0.0148148148148,0.126255372904,0.0655504825622,29,0.0037323037323,-0.389364966309,-0.0540540540541,-0.0540540540541,0.0540540540541,126,2,90,1114,0.583333333333,0.998207885305,0.00179211469534,0.416666666667,0.984375,0.583333333333,0.732558139535,0.727312826778,0.581541218638,0.577981651376,64,152,0,0,0,0
1207,WLNM_dir_neg,0.96612058518,0.891383856036,00:00:02,10,30,35,1233300859,threshold_sweep,0.1,0.906976744186,0.513157894737,0.655462184874,78,8,74,296,0.513157894737,0.973684210526,0.0263157894737,0.486842105263,0.906976744186,0.513157894737,0.655462184874,0.820175438596,0.603801169591,0.546125461255,0.586673713841,0.486842105263,216,64,152,0,216,0,64,0,152,37,216,0.162162162162,1.32432432432,11.6756756757,21.6,6,8.1990990496,0.702237650082,0.31006006006,10.329336629,1.76937710775,0.765265265265,3.0868314707,0.528762798222,0.252752752753,0.579945114934,0.437917739848,2,1.32432432432,0.579945114934,2,0.0121701261701,0.00597269624573,7,0.000900900900901,0.621196581197,37,37,37,1,0,0.72972972973,0.243243243243,0.027027027027,37,0.048048048048,1.32432432432,3.45945945946,6.4,2.37037037037,2.94009254006,0.849870499862,0.429476351351,3.23735702086,1.87159702768,0.797297297297,1.426897346,0.824925028159,0.455236486486,0.579945114934,0.437917739848,2,1.35294117647,0.597081434027,2,0,0,0,0,0.118316917288,37,34,34,0.918918918919,0,0.648648648649,0.0810810810811,0.189189189189,37,150,0.112612612613,1.83856324962,8.10810810811,10.7142857143,4.28571428571,6.83448682859,0.842920042193,0.381621621622,7.75294190021,1.91239233539,0.798198198198,2.12061241084,0.523084394673,0.285405405405,1.18523712632,0.644653985423,3.14285714286,1.8864811496,1.2015381394,3.14285714286,0.0874081051224,0.0455056179775,27,0.0034749034749,0.218142127926,37,35,35,0.945945945946,0,0.567567567568,0.378378378378,0,-66,-0.0495495495495,0.514238925295,-3.56756756757,-10.8857142857,-1.71428571429,-1.36461222101,0.140682392111,0.0715615615616,-2.57639472878,0.143015227641,0.0329329329329,-0.966219059867,-0.00567840354925,0.0326526526527,0.605292011385,0.206736245575,1.14285714286,0.562156825273,0.621593024466,1.14285714286,0.0752379789523,0.0395329217318,20,0.002574002574,-0.40305445327,-0.162162162162,0.135135135135,-0.027027027027,142,8,74,1108,0.657407407407,0.992831541219,0.00716845878136,0.342592592593,0.946666666667,0.657407407407,0.775956284153,0.758189184208,0.650238948626,0.633928571429,86,152,0,0,0,0
1208,WLNM_dir_neg,0.96612058518,0.891383856036,00:00:02,10,30,35,1233300859,threshold_sweep,0.2,0.903614457831,0.493421052632,0.63829787234,75,8,77,296,0.493421052632,0.973684210526,0.0263157894737,0.506578947368,0.903614457831,0.493421052632,0.63829787234,0.813596491228,0.605994152047,0.526901669759,0.570663222447,0.467105263158,216,64,152,0,216,0,64,0,152,37,216,0.162162162162,1.32432432432,11.6756756757,21.6,6,8.1990990496,0.702237650082,0.31006006006,10.329336629,1.76937710775,0.765265265265,3.0868314707,0.528762798222,0.252752752753,0.579945114934,0.437917739848,2,1.32432432432,0.579945114934,2,0.0121701261701,0.00597269624573,7,0.000900900900901,0.621196581197,37,37,37,1,0,0.72972972973,0.243243243243,0.027027027027,37,0.048048048048,1.32432432432,3.45945945946,6.4,2.37037037037,2.94009254006,0.849870499862,0.429476351351,3.23735702086,1.87159702768,0.797297297297,1.426897346,0.824925028159,0.455236486486,0.579945114934,0.437917739848,2,1.35294117647,0.597081434027,2,0,0,0,0,0.118316917288,37,34,34,0.918918918919,0,0.648648648649,0.0810810810811,0.189189189189,37,147,0.11036036036,1.83128103614,7.94594594595,10.5,4.2,6.65810260737,0.837924477799,0.381871667586,7.54426377561,1.89889632447,0.796469939327,2.08814759066,0.525588169077,0.289759146902,1.18049133935,0.644625983699,3.14285714286,1.87878280963,1.1968969919,3.14285714286,0.0797674366122,0.0425029515939,24,0.0030888030888,0.213871369653,37,35,35,0.945945945946,0,0.567567567568,0.378378378378,0,-69,-0.0518018018018,0.506956711814,-3.72972972973,-11.1,-1.8,-1.54099644223,0.135686827717,0.0718116075259,-2.78507285339,0.129519216727,0.0312046740618,-0.998683880048,-0.00317462914589,0.0370063941493,0.600546224416,0.206708243851,1.14285714286,0.554458485307,0.616951876961,1.14285714286,0.067597310442,0.0365302553481,17,0.0021879021879,-0.407325211543,-0.162162162162,0.135135135135,-0.027027027027,139,8,77,1108,0.643518518519,0.992831541219,0.00716845878136,0.356481481481,0.945578231293,0.643518518519,0.765840220386,0.748578275929,0.636350059737,0.620535714286,83,152,0,0,0,0
1209,WLNM_dir_neg,0.96612058518,0.891383856036,00:00:02,10,30,35,1233300859,threshold_sweep,0.3,0.909090909091,0.460526315789,0.61135371179,70,7,82,297,0.460526315789,0.976973684211,0.0230263157895,0.539473684211,0.909090909091,0.460526315789,0.61135371179,0.804824561404,0.610380116959,0.499061913696,0.550518192835,0.4375,216,64,152,0,216,0,64,0,152,37,216,0.162162162162,1.32432432432,11.6756756757,21.6,6,8.1990990496,0.702237650082,0.31006006006,10.329336629,1.76937710775,0.765265265265,3.0868314707,0.528762798222,0.252752752753,0.579945114934,0.437917739848,2,1.32432432432,0.579945114934,2,0.0121701261701,0.00597269624573,7,0.000900900900901,0.621196581197,37,37,37,1,0,0.72972972973,0.243243243243,0.027027027027,37,0.048048048048,1.32432432432,3.45945945946,6.4,2.37037037037,2.94009254006,0.849870499862,0.429476351351,3.23735702086,1.87159702768,0.797297297297,1.426897346,0.824925028159,0.455236486486,0.579945114934,0.437917739848,2,1.35294117647,0.597081434027,2,0,0,0,0,0.118316917288,37,34,34,0.918918918919,0,0.648648648649,0.0810810810811,0.189189189189,37,141,0.105855855856,1.83871467014,7.62162162162,10.0714285714,4.54838709677,6.40464827446,0.840326192039,0.373202990224,7.43429679047,1.95084383863,0.804677017443,2.25878332341,0.592730375646,0.322024151811,1.19243291406,0.648514385306,3.14285714286,1.88664122272,1.20904662444,3.14285714286,0.0915835487264,0.0444587628866,23,0.0029601029601,0.220489847551,37,35,35,0.945945945946,0,0.567567567568,0.27027027027,0.108108108108,-75,-0.0563063063063,0.514390345819,-4.05405405405,-11.5285714286,-1.45161290323,-1.79445077515,0.138088541957,0.0631429301642,-2.89503983853,0.181466730888,0.0394117521777,-0.828048147297,0.0639675774234,0.0692713990586,0.612487799126,0.210596645457,1.14285714286,0.562316898399,0.629101509501,1.14285714286,0.0794134225563,0.0384860666409,16,0.0020592020592,-0.400706733645,-0.162162162162,0.027027027027,0.0810810810811,134,7,82,1109,0.62037037037,0.993727598566,0.00627240143369,0.37962962963,0.950354609929,0.62037037037,0.750700280112,0.735751568827,0.614097968937,0.600896860987,77,152,0,0,0,0
1210,WLNM_dir_neg,0.96612058518,0.891383856036,00:00:02,10,30,35,1233300859,threshold_sweep,0.4,0.909090909091,0.460526315789,0.61135371179,70,7,82,297,0.460526315789,0.976973684211,0.0230263157895,0.539473684211,0.909090909091,0.460526315789,0.61135371179,0.804824561404,0.610380116959,0.499061913696,0.550518192835,0.4375,216,64,152,0,216,0,64,0,152,37,216,0.162162162162,1.32432432432,11.6756756757,21.6,6,8.1990990496,0.702237650082,0.31006006006,10.329336629,1.76937710775,0.765265265265,3.0868314707,0.528762798222,0.252752752753,0.579945114934,0.437917739848,2,1.32432432432,0.579945114934,2,0.0121701261701,0.00597269624573,7,0.000900900900901,0.621196581197,37,37,37,1,0,0.72972972973,0.243243243243,0.027027027027,37,0.048048048048,1.32432432432,3.45945945946,6.4,2.37037037037,2.94009254006,0.849870499862,0.429476351351,3.23735702086,1.87159702768,0.797297297297,1.426897346,0.824925028159,0.455236486486,0.579945114934,0.437917739848,2,1.35294117647,0.597081434027,2,0,0,0,0,0.118316917288,37,34,34,0.918918918919,0,0.648648648649,0.0810810810811,0.189189189189,37,141,0.105855855856,1.83871467014,7.62162162162,10.0714285714,4.54838709677,6.40464827446,0.840326192039,0.373202990224,7.43429679047,1.95084383863,0.804677017443,2.25878332341,0.592730375646,0.322024151811,1.19243291406,0.648514385306,3.14285714286,1.88664122272,1.20904662444,3.14285714286,0.0915835487264,0.0444587628866,23,0.0029601029601,0.220489847551,37,35,35,0.945945945946,0,0.567567567568,0.27027027027,0.108108108108,-75,-0.0563063063063,0.514390345819,-4.05405405405,-11.5285714286,-1.45161290323,-1.79445077515,0.138088541957,0.0631429301642,-2.89503983853,0.181466730888,0.0394117521777,-0.828048147297,0.0639675774234,0.0692713990586,0.612487799126,0.210596645457,1.14285714286,0.562316898399,0.629101509501,1.14285714286,0.0794134225563,0.0384860666409,16,0.0020592020592,-0.400706733645,-0.162162162162,0.027027027027,0.0810810810811,134,7,82,1109,0.62037037037,0.993727598566,0.00627240143369,0.37962962963,0.950354609929,0.62037037037,0.750700280112,0.735751568827,0.614097968937,0.600896860987,77,152,0,0,0,0
1211,WLNM_dir_neg,0.96612058518,0.891383856036,00:00:02,10,30,35,1233300859,threshold_sweep,0.5,0.909090909091,0.460526315789,0.61135371179,70,7,82,297,0.460526315789,0.976973684211,0.0230263157895,0.539473684211,0.909090909091,0.460526315789,0.61135371179,0.804824561404,0.610380116959,0.499061913696,0.550518192835,0.4375,216,64,152,0,216,0,64,0,152,37,216,0.162162162162,1.32432432432,11.6756756757,21.6,6,8.1990990496,0.702237650082,0.31006006006,10.329336629,1.76937710775,0.765265265265,3.0868314707,0.528762798222,0.252752752753,0.579945114934,0.437917739848,2,1.32432432432,0.579945114934,2,0.0121701261701,0.00597269624573,7,0.000900900900901,0.621196581197,37,37,37,1,0,0.72972972973,0.243243243243,0.027027027027,37,0.048048048048,1.32432432432,3.45945945946,6.4,2.37037037037,2.94009254006,0.849870499862,0.429476351351,3.23735702086,1.87159702768,0.797297297297,1.426897346,0.824925028159,0.455236486486,0.579945114934,0.437917739848,2,1.35294117647,0.597081434027,2,0,0,0,0,0.118316917288,37,34,34,0.918918918919,0,0.648648648649,0.0810810810811,0.189189189189,37,141,0.105855855856,1.83871467014,7.62162162162,10.0714285714,4.54838709677,6.40464827446,0.840326192039,0.373202990224,7.43429679047,1.95084383863,0.804677017443,2.25878332341,0.592730375646,0.322024151811,1.19243291406,0.648514385306,3.14285714286,1.88664122272,1.20904662444,3.14285714286,0.0915835487264,0.0444587628866,23,0.0029601029601,0.220489847551,37,35,35,0.945945945946,0,0.567567567568,0.27027027027,0.108108108108,-75,-0.0563063063063,0.514390345819,-4.05405405405,-11.5285714286,-1.45161290323,-1.79445077515,0.138088541957,0.0631429301642,-2.89503983853,0.181466730888,0.0394117521777,-0.828048147297,0.0639675774234,0.0692713990586,0.612487799126,0.210596645457,1.14285714286,0.562316898399,0.629101509501,1.14285714286,0.0794134225563,0.0384860666409,16,0.0020592020592,-0.400706733645,-0.162162162162,0.027027027027,0.0810810810811,134,7,82,1109,0.62037037037,0.993727598566,0.00627240143369,0.37962962963,0.950354609929,0.62037037037,0.750700280112,0.735751568827,0.614097968937,0.600896860987,77,152,0,0,0,0
1212,WLNM_dir_neg,0.96612058518,0.891383856036,00:00:02,10,30,35,1233300859,threshold_sweep,0.6,0.906666666667,0.447368421053,0.599118942731,68,7,84,297,0.447368421053,0.976973684211,0.0230263157895,0.552631578947,0.906666666667,0.447368421053,0.599118942731,0.800438596491,0.611842105263,0.485875706215,0.539611992419,0.424342105263,216,64,152,0,216,0,64,0,152,37,216,0.162162162162,1.32432432432,11.6756756757,21.6,6,8.1990990496,0.702237650082,0.31006006006,10.329336629,1.76937710775,0.765265265265,3.0868314707,0.528762798222,0.252752752753,0.579945114934,0.437917739848,2,1.32432432432,0.579945114934,2,0.0121701261701,0.00597269624573,7,0.000900900900901,0.621196581197,37,37,37,1,0,0.72972972973,0.243243243243,0.027027027027,37,0.048048048048,1.32432432432,3.45945945946,6.4,2.37037037037,2.94009254006,0.849870499862,0.429476351351,3.23735702086,1.87159702768,0.797297297297,1.426897346,0.824925028159,0.455236486486,0.579945114934,0.437917739848,2,1.35294117647,0.597081434027,2,0,0,0,0,0.118316917288,37,34,34,0.918918918919,0,0.648648648649,0.0810810810811,0.189189189189,37,139,0.104354354354,1.8356124745,7.51351351351,9.92857142857,4.48387096774,6.31410071727,0.840365922803,0.373711841338,7.31211097885,1.94638925336,0.804199883337,2.24109850799,0.596551401408,0.322379933891,1.19166540076,0.64919225453,3.14285714286,1.88336175876,1.20837877748,3.14285714286,0.0902390836677,0.0438829787234,22,0.0028314028314,0.21799642045,37,35,35,0.945945945946,0,0.567567567568,0.27027027027,0.108108108108,-77,-0.0578078078078,0.511288150175,-4.16216216216,-11.6714285714,-1.51612903226,-1.88499833233,0.138128272721,0.0636517812777,-3.01722565015,0.177012145617,0.0389346180713,-0.845732962712,0.0677886031854,0.069627181138,0.61172028583,0.211274514682,1.14285714286,0.559037434432,0.628433662546,1.14285714286,0.0780689574975,0.0379102824777,15,0.0019305019305,-0.403200160747,-0.162162162162,0.027027027027,0.0810810810811,132,7,84,1109,0.611111111111,0.993727598566,0.00627240143369,0.388888888889,0.94964028777,0.611111111111,0.743661971831,0.729240750152,0.604838709677,0.591928251121,75,152,0,0,0,0
1213,WLNM_dir_neg,0.96612058518,0.891383856036,00:00:02,10,30,35,1233300859,threshold_sweep,0.7,0.906666666667,0.447368421053,0.599118942731,68,7,84,297,0.447368421053,0.976973684211,0.0230263157895,0.552631578947,0.906666666667,0.447368421053,0.599118942731,0.800438596491,0.611842105263,0.485875706215,0.539611992419,0.424342105263,216,64,152,0,216,0,64,0,152,37,216,0.162162162162,1.32432432432,11.6756756757,21.6,6,8.1990990496,0.702237650082,0.31006006006,10.329336629,1.76937710775,0.765265265265,3.0868314707,0.528762798222,0.252752752753,0.579945114934,0.437917739848,2,1.32432432432,0.579945114934,2,0.0121701261701,0.00597269624573,7,0.000900900900901,0.621196581197,37,37,37,1,0,0.72972972973,0.243243243243,0.027027027027,37,0.048048048048,1.32432432432,3.45945945946,6.4,2.37037037037,2.94009254006,0.849870499862,0.429476351351,3.23735702086,1.87159702768,0.797297297297,1.426897346,0.824925028159,0.455236486486,0.579945114934,0.437917739848,2,1.35294117647,0.597081434027,2,0,0,0,0,0.118316917288,37,34,34,0.918918918919,0,0.648648648649,0.0810810810811,0.189189189189,37,139,0.104354354354,1.8356124745,7.51351351351,9.92857142857,4.48387096774,6.31410071727,0.840365922803,0.373711841338,7.31211097885,1.94638925336,0.804199883337,2.24109850799,0.596551401408,0.322379933891,1.19166540076,0.64919225453,3.14285714286,1.88336175876,1.20837877748,3.14285714286,0.0902390836677,0.0438829787234,22,0.0028314028314,0.21799642045,37,35,35,0.945945945946,0,0.567567567568,0.27027027027,0.108108108108,-77,-0.0578078078078,0.511288150175,-4.16216216216,-11.6714285714,-1.51612903226,-1.88499833233,0.138128272721,0.0636517812777,-3.01722565015,0.177012145617,0.0389346180713,-0.845732962712,0.0677886031854,0.069627181138,0.61172028583,0.211274514682,1.14285714286,0.559037434432,0.628433662546,1.14285714286,0.0780689574975,0.0379102824777,15,0.0019305019305,-0.403200160747,-0.162162162162,0.027027027027,0.0810810810811,132,7,84,1109,0.611111111111,0.993727598566,0.00627240143369,0.388888888889,0.94964028777,0.611111111111,0.743661971831,0.729240750152,0.604838709677,0.591928251121,75,152,0,0,0,0
1214,WLNM_dir_neg,0.96612058518,0.891383856036,00:00:02,10,30,35,1233300859,threshold_sweep,0.8,0.905405405405,0.440789473684,0.592920353982,67,7,85,297,0.440789473684,0.976973684211,0.0230263157895,0.559210526316,0.905405405405,0.440789473684,0.592920353982,0.798245614035,0.612573099415,0.479245283019,0.534122879683,0.417763157895,216,64,152,0,216,0,64,0,152,37,216,0.162162162162,1.32432432432,11.6756756757,21.6,6,8.1990990496,0.702237650082,0.31006006006,10.329336629,1.76937710775,0.765265265265,3.0868314707,0.528762798222,0.252752752753,0.579945114934,0.437917739848,2,1.32432432432,0.579945114934,2,0.0121701261701,0.00597269624573,7,0.000900900900901,0.621196581197,37,37,37,1,0,0.72972972973,0.243243243243,0.027027027027,37,0.048048048048,1.32432432432,3.45945945946,6.4,2.37037037037,2.94009254006,0.849870499862,0.429476351351,3.23735702086,1.87159702768,0.797297297297,1.426897346,0.824925028159,0.455236486486,0.579945114934,0.437917739848,2,1.35294117647,0.597081434027,2,0,0,0,0,0.118316917288,37,34,34,0.918918918919,0,0.648648648649,0.0810810810811,0.189189189189,37,138,0.103603603604,1.83584494757,7.45945945946,9.85714285714,4.45161290323,6.26983339578,0.840521143637,0.375244810027,7.25200603913,1.94437843078,0.803760282021,2.23169901207,0.598354082947,0.324716020368,1.19173366429,0.649147231014,3.14285714286,1.88360751601,1.20844005914,3.14285714286,0.087408435619,0.0425675675676,21,0.0027027027027,0.216803690455,37,35,35,0.945945945946,0,0.567567567568,0.27027027027,0.108108108108,-78,-0.0585585585586,0.51152062325,-4.21621621622,-11.7428571429,-1.54838709677,-1.92926565383,0.138283493555,0.0651847499674,-3.07733058987,0.175001323036,0.0384950167559,-0.855132458633,0.0695912847242,0.0719632676154,0.611788549355,0.211229491166,1.14285714286,0.559283191683,0.628494944201,1.14285714286,0.0752383094488,0.0365948713218,14,0.0018018018018,-0.404392890742,-0.162162162162,0.027027027027,0.0810810810811,131,7,85,1109,0.606481481481,0.993727598566,0.00627240143369,0.393518518519,0.949275362319,0.606481481481,0.74011299435,0.725971927716,0.600209080048,0.587443946188,74,152,0,0,0,0
1215,WLNM_dir_neg,0.96612058518,0.891383856036,00:00:02,10,30,35,1233300859,threshold_sweep,0.9,0.95652173913,0.434210526316,0.597285067873,66,3,86,301,0.434210526316,0.990131578947,0.00986842105263,0.565789473684,0.95652173913,0.434210526316,0.597285067873,0.804824561404,0.616228070175,0.491428571429,0.558206236886,0.424342105263,216,64,152,0,216,0,64,0,152,37,216,0.162162162162,1.32432432432,11.6756756757,21.6,6,8.1990990496,0.702237650082,0.31006006006,10.329336629,1.76937710775,0.765265265265,3.0868314707,0.528762798222,0.252752752753,0.579945114934,0.437917739848,2,1.32432432432,0.579945114934,2,0.0121701261701,0.00597269624573,7,0.000900900900901,0.621196581197,37,37,37,1,0,0.72972972973,0.243243243243,0.027027027027,37,0.048048048048,1.32432432432,3.45945945946,6.4,2.37037037037,2.94009254006,0.849870499862,0.429476351351,3.23735702086,1.87159702768,0.797297297297,1.426897346,0.824925028159,0.455236486486,0.579945114934,0.437917739848,2,1.35294117647,0.597081434027,2,0,0,0,0,0.118316917288,37,34,34,0.918918918919,0,0.648648648649,0.0810810810811,0.189189189189,37,133,0.0998498498498,1.34751842752,7.18918918919,13.3,4.29032258065,6.11390872355,0.850430912674,0.372891688681,7.24361580773,2.01514123974,0.817313554156,2.19164397275,0.609705466104,0.334078439342,0.644997442662,0.478655749331,2.36363636364,1.36737662338,0.65801486092,2.36363636364,0.0855421031211,0.0412087912088,20,0.002574002574,0.256670518176,37,35,35,0.945945945946,0,0.675675675676,0.162162162162,0.108108108108,-83,-0.0623123123123,0.0231941031941,-4.48648648649,-8.3,-1.70967741935,-2.08519032606,0.148193262592,0.0628316286211,-3.08572082127,0.245764131999,0.0520482888904,-0.895187497951,0.0809426678817,0.0813256865888,0.0650523277271,0.0407380094828,0.363636363636,0.0430522990523,0.0780697459855,0.363636363636,0.0733719769509,0.0352360949631,13,0.0016731016731,-0.36452606302,-0.0540540540541,-0.0810810810811,0.0810810810811,130,3,86,1113,0.601851851852,0.997311827957,0.00268817204301,0.398148148148,0.977443609023,0.601851851852,0.744985673352,0.736663310229,0.599163679809,0.593607305936,69,152,0,0,0,0
1216,WLNM_dir_neg,0.984613054017,0.94468510027,00:00:03,10,30,36,1233300860,threshold_sweep,0.1,0.947712418301,0.953947368421,0.950819672131,145,8,7,296,0.953947368421,0.973684210526,0.0263157894737,0.0460526315789,0.947712418301,0.953947368421,0.950819672131,0.967105263158,0.554824561404,0.926108374384,0.926119611313,0.927631578947,216,64,152,0,216,0,64,0,152,37,216,0.162162162162,1.32432432432,11.6756756757,21.6,6,8.1990990496,0.702237650082,0.31006006006,10.329336629,1.76937710775,0.765265265265,3.0868314707,0.528762798222,0.252752752753,0.579945114934,0.437917739848,2,1.32432432432,0.579945114934,2,0.0121701261701,0.00597269624573,7,0.000900900900901,0.621196581197,37,37,37,1,0,0.72972972973,0.243243243243,0.027027027027,37,0.048048048048,1.33333333333,3.45945945946,6.4,2.28571428571,2.89246717637,0.836103793169,0.433699324324,3.21151269868,1.85665577893,0.793918918919,1.50275023149,0.868777477583,0.472972972973,0.60858061945,0.456435464588,2.33333333333,1.36274509804,0.626935505728,2.33333333333,0.0253647586981,0.00974025974026,1,0.0001287001287,0.117525776692,37,34,34,0.918918918919,0,0.648648648649,0.108108108108,0.162162162162,37,217,0.162912912913,1.33409870734,11.7297297297,21.7,5.86486486486,8.75483564364,0.746379997269,0.339519242745,10.690499838,1.82280411985,0.77817910076,3.01995366192,0.514922974612,0.249346120314,0.593938914421,0.445198628224,2.03287747013,1.33409870734,0.593938914421,2.03287747013,0.22441946304,0.143908421913,176,0.0226512226512,0.571561063316,37,37,37,1,0,0.72972972973,0.27027027027,0,1,0.000750750750751,0.00977438301101,0.0540540540541,0.1,-0.135135135135,0.555736594035,0.044142347187,0.029459182685,0.361163209024,0.0534270121021,0.0129138354945,-0.0668778087879,-0.01383982361,-0.00340663243889,0.0139937994866,0.00728088837548,0.0328774701279,0.00977438301101,0.0139937994866,0.0328774701279,0.21224933687,0.137935725668,169,0.0217503217503,-0.0496355178807,0,0.027027027027,-0.027027027027,209,8,7,1108,0.967592592593,0.992831541219,0.00716845878136,0.0324074074074,0.963133640553,0.967592592593,0.965357967667,0.958638213259,0.960424133811,0.933035714286,153,152,0,0,0,0
1217,WLNM_dir_neg,0.984613054017,0.94468510027,00:00:03,10,30,36,1233300860,threshold_sweep,0.2,0.947712418301,0.953947368421,0.950819672131,145,8,7,296,0.953947368421,0.973684210526,0.0263157894737,0.0460526315789,0.947712418301,0.953947368421,0.950819672131,0.967105263158,0.554824561404,0.926108374384,0.926119611313,0.927631578947,216,64,152,0,216,0,64,0,152,37,216,0.162162162162,1.32432432432,11.6756756757,21.6,6,8.1990990496,0.702237650082,0.31006006006,10.329336629,1.76937710775,0.765265265265,3.0868314707,0.528762798222,0.252752752753,0.579945114934,0.437917739848,2,1.32432432432,0.579945114934,2,0.0121701261701,0.00597269624573,7,0.000900900900901,0.621196581197,37,37,37,1,0,0.72972972973,0.243243243243,0.027027027027,37,0.048048048048,1.33333333333,3.45945945946,6.4,2.28571428571,2.89246717637,0.836103793169,0.433699324324,3.21151269868,1.85665577893,0.793918918919,1.50275023149,0.868777477583,0.472972972973,0.60858061945,0.456435464588,2.33333333333,1.36274509804,0.626935505728,2.33333333333,0.0253647586981,0.00974025974026,1,0.0001287001287,0.117525776692,37,34,34,0.918918918919,0,0.648648648649,0.108108108108,0.162162162162,37,217,0.162912912913,1.33409870734,11.7297297297,21.7,5.86486486486,8.75483564364,0.746379997269,0.339519242745,10.690499838,1.82280411985,0.77817910076,3.01995366192,0.514922974612,0.249346120314,0.593938914421,0.445198628224,2.03287747013,1.33409870734,0.593938914421,2.03287747013,0.22441946304,0.143908421913,176,0.0226512226512,0.571561063316,37,37,37,1,0,0.72972972973,0.27027027027,0,1,0.000750750750751,0.00977438301101,0.0540540540541,0.1,-0.135135135135,0.555736594035,0.044142347187,0.029459182685,0.361163209024,0.0534270121021,0.0129138354945,-0.0668778087879,-0.01383982361,-0.00340663243889,0.0139937994866,0.00728088837548,0.0328774701279,0.00977438301101,0.0139937994866,0.0328774701279,0.21224933687,0.137935725668,169,0.0217503217503,-0.0496355178807,0,0.027027027027,-0.027027027027,209,8,7,1108,0.967592592593,0.992831541219,0.00716845878136,0.0324074074074,0.963133640553,0.967592592593,0.965357967667,0.958638213259,0.960424133811,0.933035714286,153,152,0,0,0,0
1218,WLNM_dir_neg,0.984613054017,0.94468510027,00:00:03,10,30,36,1233300860,threshold_sweep,0.3,0.947712418301,0.953947368421,0.950819672131,145,8,7,296,0.953947368421,0.973684210526,0.0263157894737,0.0460526315789,0.947712418301,0.953947368421,0.950819672131,0.967105263158,0.554824561404,0.926108374384,0.926119611313,0.927631578947,216,64,152,0,216,0,64,0,152,37,216,0.162162162162,1.32432432432,11.6756756757,21.6,6,8.1990990496,0.702237650082,0.31006006006,10.329336629,1.76937710775,0.765265265265,3.0868314707,0.528762798222,0.252752752753,0.579945114934,0.437917739848,2,1.32432432432,0.579945114934,2,0.0121701261701,0.00597269624573,7,0.000900900900901,0.621196581197,37,37,37,1,0,0.72972972973,0.243243243243,0.027027027027,37,0.048048048048,1.33333333333,3.45945945946,6.4,2.28571428571,2.89246717637,0.836103793169,0.433699324324,3.21151269868,1.85665577893,0.793918918919,1.50275023149,0.868777477583,0.472972972973,0.60858061945,0.456435464588,2.33333333333,1.36274509804,0.626935505728,2.33333333333,0.0253647586981,0.00974025974026,1,0.0001287001287,0.117525776692,37,34,34,0.918918918919,0,0.648648648649,0.108108108108,0.162162162162,37,217,0.162912912913,1.33409870734,11.7297297297,21.7,5.86486486486,8.75483564364,0.746379997269,0.339519242745,10.690499838,1.82280411985,0.77817910076,3.01995366192,0.514922974612,0.249346120314,0.593938914421,0.445198628224,2.03287747013,1.33409870734,0.593938914421,2.03287747013,0.22441946304,0.143908421913,176,0.0226512226512,0.571561063316,37,37,37,1,0,0.72972972973,0.27027027027,0,1,0.000750750750751,0.00977438301101,0.0540540540541,0.1,-0.135135135135,0.555736594035,0.044142347187,0.029459182685,0.361163209024,0.0534270121021,0.0129138354945,-0.0668778087879,-0.01383982361,-0.00340663243889,0.0139937994866,0.00728088837548,0.0328774701279,0.00977438301101,0.0139937994866,0.0328774701279,0.21224933687,0.137935725668,169,0.0217503217503,-0.0496355178807,0,0.027027027027,-0.027027027027,209,8,7,1108,0.967592592593,0.992831541219,0.00716845878136,0.0324074074074,0.963133640553,0.967592592593,0.965357967667,0.958638213259,0.960424133811,0.933035714286,153,152,0,0,0,0
1219,WLNM_dir_neg,0.984613054017,0.94468510027,00:00:03,10,30,36,1233300860,threshold_sweep,0.4,0.947712418301,0.953947368421,0.950819672131,145,8,7,296,0.953947368421,0.973684210526,0.0263157894737,0.0460526315789,0.947712418301,0.953947368421,0.950819672131,0.967105263158,0.554824561404,0.926108374384,0.926119611313,0.927631578947,216,64,152,0,216,0,64,0,152,37,216,0.162162162162,1.32432432432,11.6756756757,21.6,6,8.1990990496,0.702237650082,0.31006006006,10.329336629,1.76937710775,0.765265265265,3.0868314707,0.528762798222,0.252752752753,0.579945114934,0.437917739848,2,1.32432432432,0.579945114934,2,0.0121701261701,0.00597269624573,7,0.000900900900901,0.621196581197,37,37,37,1,0,0.72972972973,0.243243243243,0.027027027027,37,0.048048048048,1.33333333333,3.45945945946,6.4,2.28571428571,2.89246717637,0.836103793169,0.433699324324,3.21151269868,1.85665577893,0.793918918919,1.50275023149,0.868777477583,0.472972972973,0.60858061945,0.456435464588,2.33333333333,1.36274509804,0.626935505728,2.33333333333,0.0253647586981,0.00974025974026,1,0.0001287001287,0.117525776692,37,34,34,0.918918918919,0,0.648648648649,0.108108108108,0.162162162162,37,217,0.162912912913,1.33409870734,11.7297297297,21.7,5.86486486486,8.75483564364,0.746379997269,0.339519242745,10.690499838,1.82280411985,0.77817910076,3.01995366192,0.514922974612,0.249346120314,0.593938914421,0.445198628224,2.03287747013,1.33409870734,0.593938914421,2.03287747013,0.22441946304,0.143908421913,176,0.0226512226512,0.571561063316,37,37,37,1,0,0.72972972973,0.27027027027,0,1,0.000750750750751,0.00977438301101,0.0540540540541,0.1,-0.135135135135,0.555736594035,0.044142347187,0.029459182685,0.361163209024,0.0534270121021,0.0129138354945,-0.0668778087879,-0.01383982361,-0.00340663243889,0.0139937994866,0.00728088837548,0.0328774701279,0.00977438301101,0.0139937994866,0.0328774701279,0.21224933687,0.137935725668,169,0.0217503217503,-0.0496355178807,0,0.027027027027,-0.027027027027,209,8,7,1108,0.967592592593,0.992831541219,0.00716845878136,0.0324074074074,0.963133640553,0.967592592593,0.965357967667,0.958638213259,0.960424133811,0.933035714286,153,152,0,0,0,0
1220,WLNM_dir_neg,0.984613054017,0.94468510027,00:00:03,10,30,36,1233300860,threshold_sweep,0.5,0.947712418301,0.953947368421,0.950819672131,145,8,7,296,0.953947368421,0.973684210526,0.0263157894737,0.0460526315789,0.947712418301,0.953947368421,0.950819672131,0.967105263158,0.554824561404,0.926108374384,0.926119611313,0.927631578947,216,64,152,0,216,0,64,0,152,37,216,0.162162162162,1.32432432432,11.6756756757,21.6,6,8.1990990496,0.702237650082,0.31006006006,10.329336629,1.76937710775,0.765265265265,3.0868314707,0.528762798222,0.252752752753,0.579945114934,0.437917739848,2,1.32432432432,0.579945114934,2,0.0121701261701,0.00597269624573,7,0.000900900900901,0.621196581197,37,37,37,1,0,0.72972972973,0.243243243243,0.027027027027,37,0.048048048048,1.33333333333,3.45945945946,6.4,2.28571428571,2.89246717637,0.836103793169,0.433699324324,3.21151269868,1.85665577893,0.793918918919,1.50275023149,0.868777477583,0.472972972973,0.60858061945,0.456435464588,2.33333333333,1.36274509804,0.626935505728,2.33333333333,0.0253647586981,0.00974025974026,1,0.0001287001287,0.117525776692,37,34,34,0.918918918919,0,0.648648648649,0.108108108108,0.162162162162,37,217,0.162912912913,1.33409870734,11.7297297297,21.7,5.86486486486,8.75483564364,0.746379997269,0.339519242745,10.690499838,1.82280411985,0.77817910076,3.01995366192,0.514922974612,0.249346120314,0.593938914421,0.445198628224,2.03287747013,1.33409870734,0.593938914421,2.03287747013,0.22441946304,0.143908421913,176,0.0226512226512,0.571561063316,37,37,37,1,0,0.72972972973,0.27027027027,0,1,0.000750750750751,0.00977438301101,0.0540540540541,0.1,-0.135135135135,0.555736594035,0.044142347187,0.029459182685,0.361163209024,0.0534270121021,0.0129138354945,-0.0668778087879,-0.01383982361,-0.00340663243889,0.0139937994866,0.00728088837548,0.0328774701279,0.00977438301101,0.0139937994866,0.0328774701279,0.21224933687,0.137935725668,169,0.0217503217503,-0.0496355178807,0,0.027027027027,-0.027027027027,209,8,7,1108,0.967592592593,0.992831541219,0.00716845878136,0.0324074074074,0.963133640553,0.967592592593,0.965357967667,0.958638213259,0.960424133811,0.933035714286,153,152,0,0,0,0
1221,WLNM_dir_neg,0.984613054017,0.94468510027,00:00:03,10,30,36,1233300860,threshold_sweep,0.6,0.947712418301,0.953947368421,0.950819672131,145,8,7,296,0.953947368421,0.973684210526,0.0263157894737,0.0460526315789,0.947712418301,0.953947368421,0.950819672131,0.967105263158,0.554824561404,0.926108374384,0.926119611313,0.927631578947,216,64,152,0,216,0,64,0,152,37,216,0.162162162162,1.32432432432,11.6756756757,21.6,6,8.1990990496,0.702237650082,0.31006006006,10.329336629,1.76937710775,0.765265265265,3.0868314707,0.528762798222,0.252752752753,0.579945114934,0.437917739848,2,1.32432432432,0.579945114934,2,0.0121701261701,0.00597269624573,7,0.000900900900901,0.621196581197,37,37,37,1,0,0.72972972973,0.243243243243,0.027027027027,37,0.048048048048,1.33333333333,3.45945945946,6.4,2.28571428571,2.89246717637,0.836103793169,0.433699324324,3.21151269868,1.85665577893,0.793918918919,1.50275023149,0.868777477583,0.472972972973,0.60858061945,0.456435464588,2.33333333333,1.36274509804,0.626935505728,2.33333333333,0.0253647586981,0.00974025974026,1,0.0001287001287,0.117525776692,37,34,34,0.918918918919,0,0.648648648649,0.108108108108,0.162162162162,37,217,0.162912912913,1.33409870734,11.7297297297,21.7,5.86486486486,8.75483564364,0.746379997269,0.339519242745,10.690499838,1.82280411985,0.77817910076,3.01995366192,0.514922974612,0.249346120314,0.593938914421,0.445198628224,2.03287747013,1.33409870734,0.593938914421,2.03287747013,0.22441946304,0.143908421913,176,0.0226512226512,0.571561063316,37,37,37,1,0,0.72972972973,0.27027027027,0,1,0.000750750750751,0.00977438301101,0.0540540540541,0.1,-0.135135135135,0.555736594035,0.044142347187,0.029459182685,0.361163209024,0.0534270121021,0.0129138354945,-0.0668778087879,-0.01383982361,-0.00340663243889,0.0139937994866,0.00728088837548,0.0328774701279,0.00977438301101,0.0139937994866,0.0328774701279,0.21224933687,0.137935725668,169,0.0217503217503,-0.0496355178807,0,0.027027027027,-0.027027027027,209,8,7,1108,0.967592592593,0.992831541219,0.00716845878136,0.0324074074074,0.963133640553,0.967592592593,0.965357967667,0.958638213259,0.960424133811,0.933035714286,153,152,0,0,0,0
1222,WLNM_dir_neg,0.984613054017,0.94468510027,00:00:03,10,30,36,1233300860,threshold_sweep,0.7,0.944827586207,0.901315789474,0.922558922559,137,8,15,296,0.901315789474,0.973684210526,0.0263157894737,0.0986842105263,0.944827586207,0.901315789474,0.922558922559,0.949561403509,0.56067251462,0.885191347754,0.885732220021,0.875,216,64,152,0,216,0,64,0,152,37,216,0.162162162162,1.32432432432,11.6756756757,21.6,6,8.1990990496,0.702237650082,0.31006006006,10.329336629,1.76937710775,0.765265265265,3.0868314707,0.528762798222,0.252752752753,0.579945114934,0.437917739848,2,1.32432432432,0.579945114934,2,0.0121701261701,0.00597269624573,7,0.000900900900901,0.621196581197,37,37,37,1,0,0.72972972973,0.243243243243,0.027027027027,37,0.048048048048,1.33333333333,3.45945945946,6.4,2.28571428571,2.89246717637,0.836103793169,0.433699324324,3.21151269868,1.85665577893,0.793918918919,1.50275023149,0.868777477583,0.472972972973,0.60858061945,0.456435464588,2.33333333333,1.36274509804,0.626935505728,2.33333333333,0.0253647586981,0.00974025974026,1,0.0001287001287,0.117525776692,37,34,34,0.918918918919,0,0.648648648649,0.108108108108,0.162162162162,37,209,0.156906906907,1.34155190586,11.2972972973,20.9,6.53125,8.53380488562,0.755384642985,0.3461787146,10.5704415345,1.87132218553,0.785464890728,3.25931329012,0.577007615953,0.283977757662,0.616466095542,0.459517140446,2.29601449275,1.3510394588,0.622465096993,2.29601449275,0.230979756241,0.144314868805,165,0.0212355212355,0.56857682647,37,36,36,0.972972972973,0,0.702702702703,0.162162162162,0.108108108108,-7,-0.00525525525526,0.0172275815392,-0.378378378378,-0.7,0.53125,0.334705836015,0.0531469929036,0.0361186545397,0.241104905498,0.101945077788,0.0201996254628,0.172481819411,0.048244817731,0.0312250049092,0.0365209806079,0.0215994005976,0.296014492754,0.0267151344798,0.042519982059,0.296014492754,0.218809630071,0.138342172559,158,0.0203346203346,-0.0526197547263,-0.027027027027,-0.0810810810811,0.0810810810811,201,8,15,1108,0.930555555556,0.992831541219,0.00716845878136,0.0694444444444,0.961722488038,0.930555555556,0.945882352941,0.935792915928,0.923387096774,0.897321428571,145,152,0,0,0,0
1223,WLNM_dir_neg,0.984613054017,0.94468510027,00:00:03,10,30,36,1233300860,threshold_sweep,0.8,0.943262411348,0.875,0.907849829352,133,8,19,296,0.875,0.973684210526,0.0263157894737,0.125,0.943262411348,0.875,0.907849829352,0.940789473684,0.563596491228,0.86432160804,0.86564509974,0.848684210526,216,64,152,0,216,0,64,0,152,37,216,0.162162162162,1.32432432432,11.6756756757,21.6,6,8.1990990496,0.702237650082,0.31006006006,10.329336629,1.76937710775,0.765265265265,3.0868314707,0.528762798222,0.252752752753,0.579945114934,0.437917739848,2,1.32432432432,0.579945114934,2,0.0121701261701,0.00597269624573,7,0.000900900900901,0.621196581197,37,37,37,1,0,0.72972972973,0.243243243243,0.027027027027,37,0.048048048048,1.33333333333,3.45945945946,6.4,2.28571428571,2.89246717637,0.836103793169,0.433699324324,3.21151269868,1.85665577893,0.793918918919,1.50275023149,0.868777477583,0.472972972973,0.60858061945,0.456435464588,2.33333333333,1.36274509804,0.626935505728,2.33333333333,0.0253647586981,0.00974025974026,1,0.0001287001287,0.117525776692,37,34,34,0.918918918919,0,0.648648648649,0.108108108108,0.162162162162,37,205,0.153903903904,1.34155190586,11.0810810811,20.5,6.40625,8.44057126285,0.761710089574,0.354251812788,10.3698135486,1.87162488438,0.78602504944,3.27952058314,0.591913471104,0.295847066579,0.616466095542,0.459517140446,2.29601449275,1.3510394588,0.622465096993,2.29601449275,0.236694041955,0.149276236429,165,0.0212355212355,0.561835503603,37,36,36,0.972972972973,0,0.702702702703,0.162162162162,0.108108108108,-11,-0.00825825825826,0.0172275815392,-0.594594594595,-1.1,0.40625,0.241472213245,0.0594724394924,0.0441917527283,0.040476919615,0.102247776639,0.0207597841744,0.192689112439,0.0631506728813,0.043094313826,0.0365209806079,0.0215994005976,0.296014492754,0.0267151344798,0.042519982059,0.296014492754,0.224523915785,0.143303540184,158,0.0203346203346,-0.0593610775936,-0.027027027027,-0.0810810810811,0.0810810810811,197,8,19,1108,0.912037037037,0.992831541219,0.00716845878136,0.087962962963,0.960975609756,0.912037037037,0.935866983373,0.924284333443,0.904868578256,0.879464285714,141,152,0,0,0,0
1224,WLNM_dir_neg,0.984613054017,0.94468510027,00:00:03,10,30,36,1233300860,threshold_sweep,0.9,0.945054945055,0.565789473684,0.707818930041,86,5,66,299,0.565789473684,0.983552631579,0.0164473684211,0.434210526316,0.945054945055,0.565789473684,0.707818930041,0.844298245614,0.60014619883,0.610603290676,0.647939333657,0.549342105263,216,64,152,0,216,0,64,0,152,37,216,0.162162162162,1.32432432432,11.6756756757,21.6,6,8.1990990496,0.702237650082,0.31006006006,10.329336629,1.76937710775,0.765265265265,3.0868314707,0.528762798222,0.252752752753,0.579945114934,0.437917739848,2,1.32432432432,0.579945114934,2,0.0121701261701,0.00597269624573,7,0.000900900900901,0.621196581197,37,37,37,1,0,0.72972972973,0.243243243243,0.027027027027,37,0.048048048048,1.33333333333,3.45945945946,6.4,2.28571428571,2.89246717637,0.836103793169,0.433699324324,3.21151269868,1.85665577893,0.793918918919,1.50275023149,0.868777477583,0.472972972973,0.60858061945,0.456435464588,2.33333333333,1.36274509804,0.626935505728,2.33333333333,0.0253647586981,0.00974025974026,1,0.0001287001287,0.117525776692,37,34,34,0.918918918919,0,0.648648648649,0.108108108108,0.162162162162,37,155,0.116366366366,1.34072018447,8.37837837838,15.5,5.34482758621,7.11161550388,0.848805721431,0.399825632084,8.28263859541,1.97714598729,0.810462074978,2.84641917189,0.679467802322,0.367218831735,0.616216415082,0.45961597522,2.30431547619,1.37078373016,0.63463221573,2.30431547619,0.193321627867,0.11100292113,76,0.00978120978121,0.376786402004,37,34,34,0.918918918919,0,0.648648648649,0.135135135135,0.135135135135,-61,-0.0457957957958,0.0163958601459,-3.2972972973,-6.1,-0.655172413793,-1.08748354572,0.146568071349,0.0897655720236,-2.04669803359,0.207768879545,0.0451968097129,-0.240412298814,0.1507050041,0.114466078982,0.036271300148,0.0216982353716,0.30431547619,0.0464594058344,0.0546871007956,0.30431547619,0.181151501697,0.105030224884,69,0.00888030888031,-0.244410179193,-0.0810810810811,-0.108108108108,0.108108108108,150,5,66,1111,0.694444444444,0.995519713262,0.00448028673835,0.305555555556,0.967741935484,0.694444444444,0.808625336927,0.793106342464,0.689964157706,0.678733031674,91,152,0,0,0,0
1225,WLNM_dir_neg,0.912796485457,0.376834866025,00:00:01,10,30,37,1233300861,threshold_sweep,0.1,0.875,0.552631578947,0.677419354839,84,12,68,292,0.552631578947,0.960526315789,0.0394736842105,0.447368421053,0.875,0.552631578947,0.677419354839,0.824561403509,0.59649122807,0.565217391304,0.593366103964,0.513157894737,216,64,152,0,216,0,64,0,152,37,216,0.162162162162,1.32432432432,11.6756756757,21.6,6,8.1990990496,0.702237650082,0.31006006006,10.329336629,1.76937710775,0.765265265265,3.0868314707,0.528762798222,0.252752752753,0.579945114934,0.437917739848,2,1.32432432432,0.579945114934,2,0.0121701261701,0.00597269624573,7,0.000900900900901,0.621196581197,37,37,37,1,0,0.72972972973,0.243243243243,0.027027027027,37,0.048048048048,1.32432432432,3.45945945946,6.4,2,2.57762373983,0.745094362295,0.388513513514,2.99674498089,1.73249319208,0.766047297297,1.14621717568,0.662656804687,0.353885135135,0.579945114934,0.437917739848,2,1.33333333333,0.585540043769,2,0.00981481481481,0.0108303249097,1,0.0001287001287,0.0899580666247,37,36,36,0.972972972973,0,0.702702702703,0.162162162162,0.108108108108,37,160,0.12012012012,1.43515993865,8.64864864865,14.5454545455,4.44444444444,7.76465001077,0.897787657496,0.391722972973,8.29676661937,1.91862728073,0.797972972973,1.68414261164,0.389457978941,0.2125,0.758132592397,0.528256518301,2.69606252444,1.44724771473,0.765262171835,2.69606252444,0.287059883851,0.142405063291,105,0.0135135135135,0.236311932551,37,36,36,0.972972972973,0,0.675675675676,0.297297297297,0,-56,-0.042042042042,0.110835614327,-3.02702702703,-7.05454545455,-1.55555555556,-0.434449038832,0.195550007414,0.0816629129129,-2.03257000963,0.149250172985,0.0327077077077,-1.40268885907,-0.139304819281,-0.0402527527528,0.178187477463,0.0903387784525,0.69606252444,0.122923390401,0.185317056901,0.69606252444,0.274889757681,0.136432367045,98,0.0126126126126,-0.384884648646,-0.0540540540541,0.0540540540541,-0.027027027027,148,12,68,1104,0.685185185185,0.989247311828,0.010752688172,0.314814814815,0.925,0.685185185185,0.787234042553,0.764669316768,0.674432497013,0.649122807018,96,152,0,0,0,0
1226,WLNM_dir_neg,0.912796485457,0.376834866025,00:00:01,10,30,37,1233300861,threshold_sweep,0.2,0.903225806452,0.552631578947,0.685714285714,84,9,68,295,0.552631578947,0.970394736842,0.0296052631579,0.447368421053,0.903225806452,0.552631578947,0.685714285714,0.831140350877,0.598684210526,0.579234972678,0.611909702819,0.523026315789,216,64,152,0,216,0,64,0,152,37,216,0.162162162162,1.32432432432,11.6756756757,21.6,6,8.1990990496,0.702237650082,0.31006006006,10.329336629,1.76937710775,0.765265265265,3.0868314707,0.528762798222,0.252752752753,0.579945114934,0.437917739848,2,1.32432432432,0.579945114934,2,0.0121701261701,0.00597269624573,7,0.000900900900901,0.621196581197,37,37,37,1,0,0.72972972973,0.243243243243,0.027027027027,37,0.048048048048,1.32432432432,3.45945945946,6.4,2,2.57762373983,0.745094362295,0.388513513514,2.99674498089,1.73249319208,0.766047297297,1.14621717568,0.662656804687,0.353885135135,0.579945114934,0.437917739848,2,1.33333333333,0.585540043769,2,0.00981481481481,0.0108303249097,1,0.0001287001287,0.0899580666247,37,36,36,0.972972972973,0,0.702702702703,0.162162162162,0.108108108108,37,157,0.117867867868,1.42493053233,8.48648648649,14.2727272727,4.36111111111,7.51894504133,0.885990339265,0.385092098468,8.2442080861,1.94290254258,0.800137717335,1.73854034251,0.409719698552,0.225856429678,0.743870970667,0.522040165319,2.67553845243,1.43673415823,0.750900470439,2.67553845243,0.22319023569,0.108778625954,76,0.00978120978121,0.232428755439,37,36,36,0.972972972973,0,0.675675675676,0.297297297297,0,-59,-0.0442942942943,0.100606208008,-3.18918918919,-7.32727272727,-1.63888888889,-0.680154008275,0.183752689183,0.0750320384078,-2.0851285429,0.173525434839,0.0348724520699,-1.3482911282,-0.11904309967,-0.0268963230747,0.163925855732,0.0841224254705,0.67553845243,0.112409833906,0.170955355504,0.67553845243,0.21102010952,0.102805929708,69,0.00888030888031,-0.388767825757,-0.0540540540541,0.0540540540541,-0.027027027027,148,9,68,1107,0.685185185185,0.991935483871,0.00806451612903,0.314814814815,0.942675159236,0.685185185185,0.793565683646,0.774027310019,0.677120669056,0.657777777778,93,152,0,0,0,0
1227,WLNM_dir_neg,0.912796485457,0.376834866025,00:00:01,10,30,37,1233300861,threshold_sweep,0.3,0.913043478261,0.552631578947,0.688524590164,84,8,68,296,0.552631578947,0.973684210526,0.0263157894737,0.447368421053,0.913043478261,0.552631578947,0.688524590164,0.833333333333,0.599415204678,0.583941605839,0.618244667735,0.526315789474,216,64,152,0,216,0,64,0,152,37,216,0.162162162162,1.32432432432,11.6756756757,21.6,6,8.1990990496,0.702237650082,0.31006006006,10.329336629,1.76937710775,0.765265265265,3.0868314707,0.528762798222,0.252752752753,0.579945114934,0.437917739848,2,1.32432432432,0.579945114934,2,0.0121701261701,0.00597269624573,7,0.000900900900901,0.621196581197,37,37,37,1,0,0.72972972973,0.243243243243,0.027027027027,37,0.048048048048,1.32432432432,3.45945945946,6.4,2,2.57762373983,0.745094362295,0.388513513514,2.99674498089,1.73249319208,0.766047297297,1.14621717568,0.662656804687,0.353885135135,0.579945114934,0.437917739848,2,1.33333333333,0.585540043769,2,0.00981481481481,0.0108303249097,1,0.0001287001287,0.0899580666247,37,36,36,0.972972972973,0,0.702702702703,0.162162162162,0.108108108108,37,156,0.117117117117,1.4418513259,8.43243243243,14.1818181818,4.33333333333,7.46302195472,0.885037860015,0.387387387387,8.25340042762,1.95753728091,0.802494802495,1.76596110337,0.418849748876,0.231115731116,0.799156154614,0.554256975221,3.23484990584,1.45412497385,0.806947766386,3.23484990584,0.221801346801,0.107454017425,74,0.00952380952381,0.228616271627,37,36,36,0.972972972973,0,0.675675675676,0.297297297297,0,-60,-0.045045045045,0.11752700158,-3.24324324324,-7.41818181818,-1.66666666667,-0.73607709488,0.182800209934,0.0773273273273,-2.07593620138,0.188160173164,0.0372295372295,-1.32087036733,-0.109913049346,-0.021637021637,0.219211039679,0.116339235372,1.23484990584,0.129800649522,0.227002651451,1.23484990584,0.209631220631,0.101481321179,67,0.00862290862291,-0.39258030957,-0.0540540540541,0.0540540540541,-0.027027027027,148,8,68,1108,0.685185185185,0.992831541219,0.00716845878136,0.314814814815,0.948717948718,0.685185185185,0.795698924731,0.777201125234,0.678016726404,0.660714285714,92,152,0,0,0,0
1228,WLNM_dir_neg,0.912796485457,0.376834866025,00:00:01,10,30,37,1233300861,threshold_sweep,0.4,0.913043478261,0.552631578947,0.688524590164,84,8,68,296,0.552631578947,0.973684210526,0.0263157894737,0.447368421053,0.913043478261,0.552631578947,0.688524590164,0.833333333333,0.599415204678,0.583941605839,0.618244667735,0.526315789474,216,64,152,0,216,0,64,0,152,37,216,0.162162162162,1.32432432432,11.6756756757,21.6,6,8.1990990496,0.702237650082,0.31006006006,10.329336629,1.76937710775,0.765265265265,3.0868314707,0.528762798222,0.252752752753,0.579945114934,0.437917739848,2,1.32432432432,0.579945114934,2,0.0121701261701,0.00597269624573,7,0.000900900900901,0.621196581197,37,37,37,1,0,0.72972972973,0.243243243243,0.027027027027,37,0.048048048048,1.32432432432,3.45945945946,6.4,2,2.57762373983,0.745094362295,0.388513513514,2.99674498089,1.73249319208,0.766047297297,1.14621717568,0.662656804687,0.353885135135,0.579945114934,0.437917739848,2,1.33333333333,0.585540043769,2,0.00981481481481,0.0108303249097,1,0.0001287001287,0.0899580666247,37,36,36,0.972972972973,0,0.702702702703,0.162162162162,0.108108108108,37,156,0.117117117117,1.4418513259,8.43243243243,14.1818181818,4.33333333333,7.46302195472,0.885037860015,0.387387387387,8.25340042762,1.95753728091,0.802494802495,1.76596110337,0.418849748876,0.231115731116,0.799156154614,0.554256975221,3.23484990584,1.45412497385,0.806947766386,3.23484990584,0.221801346801,0.107454017425,74,0.00952380952381,0.228616271627,37,36,36,0.972972972973,0,0.675675675676,0.297297297297,0,-60,-0.045045045045,0.11752700158,-3.24324324324,-7.41818181818,-1.66666666667,-0.73607709488,0.182800209934,0.0773273273273,-2.07593620138,0.188160173164,0.0372295372295,-1.32087036733,-0.109913049346,-0.021637021637,0.219211039679,0.116339235372,1.23484990584,0.129800649522,0.227002651451,1.23484990584,0.209631220631,0.101481321179,67,0.00862290862291,-0.39258030957,-0.0540540540541,0.0540540540541,-0.027027027027,148,8,68,1108,0.685185185185,0.992831541219,0.00716845878136,0.314814814815,0.948717948718,0.685185185185,0.795698924731,0.777201125234,0.678016726404,0.660714285714,92,152,0,0,0,0
1229,WLNM_dir_neg,0.912796485457,0.376834866025,00:00:01,10,30,37,1233300861,threshold_sweep,0.5,0.911111111111,0.539473684211,0.677685950413,82,8,70,296,0.539473684211,0.973684210526,0.0263157894737,0.460526315789,0.911111111111,0.539473684211,0.677685950413,0.828947368421,0.600877192982,0.571428571429,0.607781956876,0.513157894737,216,64,152,0,216,0,64,0,152,37,216,0.162162162162,1.32432432432,11.6756756757,21.6,6,8.1990990496,0.702237650082,0.31006006006,10.329336629,1.76937710775,0.765265265265,3.0868314707,0.528762798222,0.252752752753,0.579945114934,0.437917739848,2,1.32432432432,0.579945114934,2,0.0121701261701,0.00597269624573,7,0.000900900900901,0.621196581197,37,37,37,1,0,0.72972972973,0.243243243243,0.027027027027,37,0.048048048048,1.32432432432,3.45945945946,6.4,2,2.57762373983,0.745094362295,0.388513513514,2.99674498089,1.73249319208,0.766047297297,1.14621717568,0.662656804687,0.353885135135,0.579945114934,0.437917739848,2,1.33333333333,0.585540043769,2,0.00981481481481,0.0108303249097,1,0.0001287001287,0.0899580666247,37,36,36,0.972972972973,0,0.702702702703,0.162162162162,0.108108108108,37,154,0.115615615616,1.44565627104,8.32432432432,14,4.27777777778,7.43883971708,0.893626849129,0.385398385398,8.23445847074,1.97840885336,0.806598806599,1.84862581866,0.444150359029,0.244998244998,0.810100858859,0.560368930769,3.29727136465,1.4580356119,0.818035207277,3.29727136465,0.220426487093,0.104822834646,71,0.00913770913771,0.225668584288,37,36,36,0.972972972973,0,0.675675675676,0.297297297297,0,-62,-0.0465465465465,0.121331946711,-3.35135135135,-7.6,-1.72222222222,-0.760259332529,0.191389199047,0.0753383253383,-2.09487815826,0.209031745614,0.0413335413335,-1.23820565204,-0.0846124391937,-0.00775450775451,0.230155743925,0.12245119092,1.29727136465,0.133711287573,0.238090092343,1.29727136465,0.208256360923,0.0988501383999,64,0.00823680823681,-0.395527996909,-0.0540540540541,0.0540540540541,-0.027027027027,146,8,70,1108,0.675925925926,0.992831541219,0.00716845878136,0.324074074074,0.948051948052,0.675925925926,0.789189189189,0.770893904137,0.668757467145,0.651785714286,90,152,0,0,0,0
1230,WLNM_dir_neg,0.912796485457,0.376834866025,00:00:01,10,30,37,1233300861,threshold_sweep,0.6,0.910112359551,0.532894736842,0.672199170124,81,8,71,296,0.532894736842,0.973684210526,0.0263157894737,0.467105263158,0.910112359551,0.532894736842,0.672199170124,0.826754385965,0.601608187135,0.565137614679,0.602528629587,0.506578947368,216,64,152,0,216,0,64,0,152,37,216,0.162162162162,1.32432432432,11.6756756757,21.6,6,8.1990990496,0.702237650082,0.31006006006,10.329336629,1.76937710775,0.765265265265,3.0868314707,0.528762798222,0.252752752753,0.579945114934,0.437917739848,2,1.32432432432,0.579945114934,2,0.0121701261701,0.00597269624573,7,0.000900900900901,0.621196581197,37,37,37,1,0,0.72972972973,0.243243243243,0.027027027027,37,0.048048048048,1.32432432432,3.45945945946,6.4,2,2.57762373983,0.745094362295,0.388513513514,2.99674498089,1.73249319208,0.766047297297,1.14621717568,0.662656804687,0.353885135135,0.579945114934,0.437917739848,2,1.33333333333,0.585540043769,2,0.00981481481481,0.0108303249097,1,0.0001287001287,0.0899580666247,37,36,36,0.972972972973,0,0.702702702703,0.162162162162,0.108108108108,37,153,0.114864864865,1.44791975932,8.27027027027,13.9090909091,4.25,7.42985213195,0.898380813341,0.384207737149,8.2298986161,1.99023692023,0.808691043985,1.88800544612,0.456576480433,0.25154566331,0.816661911466,0.564024288093,3.33440468345,1.46036197485,0.824682019586,3.33440468345,0.219735716958,0.102678571429,69,0.00888030888031,0.224233820371,37,36,36,0.972972972973,0,0.675675675676,0.297297297297,0,-63,-0.0472972972973,0.123595434993,-3.40540540541,-7.69090909091,-1.75,-0.76924691765,0.196143163259,0.0741476770889,-2.0994380129,0.220859812487,0.0434257787199,-1.19882602459,-0.0721863177891,-0.00120708944238,0.236716796531,0.126106548245,1.33440468345,0.13603765053,0.244736904652,1.33440468345,0.207565590788,0.0967058751828,62,0.00797940797941,-0.396962760825,-0.0540540540541,0.0540540540541,-0.027027027027,145,8,71,1108,0.671296296296,0.992831541219,0.00716845878136,0.328703703704,0.947712418301,0.671296296296,0.785907859079,0.767729165352,0.664127837515,0.647321428571,89,152,0,0,0,0
1231,WLNM_dir_neg,0.912796485457,0.376834866025,00:00:01,10,30,37,1233300861,threshold_sweep,0.7,0.910112359551,0.532894736842,0.672199170124,81,8,71,296,0.532894736842,0.973684210526,0.0263157894737,0.467105263158,0.910112359551,0.532894736842,0.672199170124,0.826754385965,0.601608187135,0.565137614679,0.602528629587,0.506578947368,216,64,152,0,216,0,64,0,152,37,216,0.162162162162,1.32432432432,11.6756756757,21.6,6,8.1990990496,0.702237650082,0.31006006006,10.329336629,1.76937710775,0.765265265265,3.0868314707,0.528762798222,0.252752752753,0.579945114934,0.437917739848,2,1.32432432432,0.579945114934,2,0.0121701261701,0.00597269624573,7,0.000900900900901,0.621196581197,37,37,37,1,0,0.72972972973,0.243243243243,0.027027027027,37,0.048048048048,1.32432432432,3.45945945946,6.4,2,2.57762373983,0.745094362295,0.388513513514,2.99674498089,1.73249319208,0.766047297297,1.14621717568,0.662656804687,0.353885135135,0.579945114934,0.437917739848,2,1.33333333333,0.585540043769,2,0.00981481481481,0.0108303249097,1,0.0001287001287,0.0899580666247,37,36,36,0.972972972973,0,0.702702702703,0.162162162162,0.108108108108,37,153,0.114864864865,1.44791975932,8.27027027027,13.9090909091,4.25,7.42985213195,0.898380813341,0.384207737149,8.2298986161,1.99023692023,0.808691043985,1.88800544612,0.456576480433,0.25154566331,0.816661911466,0.564024288093,3.33440468345,1.46036197485,0.824682019586,3.33440468345,0.219735716958,0.102678571429,69,0.00888030888031,0.224233820371,37,36,36,0.972972972973,0,0.675675675676,0.297297297297,0,-63,-0.0472972972973,0.123595434993,-3.40540540541,-7.69090909091,-1.75,-0.76924691765,0.196143163259,0.0741476770889,-2.0994380129,0.220859812487,0.0434257787199,-1.19882602459,-0.0721863177891,-0.00120708944238,0.236716796531,0.126106548245,1.33440468345,0.13603765053,0.244736904652,1.33440468345,0.207565590788,0.0967058751828,62,0.00797940797941,-0.396962760825,-0.0540540540541,0.0540540540541,-0.027027027027,145,8,71,1108,0.671296296296,0.992831541219,0.00716845878136,0.328703703704,0.947712418301,0.671296296296,0.785907859079,0.767729165352,0.664127837515,0.647321428571,89,152,0,0,0,0
1232,WLNM_dir_neg,0.912796485457,0.376834866025,00:00:01,10,30,37,1233300861,threshold_sweep,0.8,0.910112359551,0.532894736842,0.672199170124,81,8,71,296,0.532894736842,0.973684210526,0.0263157894737,0.467105263158,0.910112359551,0.532894736842,0.672199170124,0.826754385965,0.601608187135,0.565137614679,0.602528629587,0.506578947368,216,64,152,0,216,0,64,0,152,37,216,0.162162162162,1.32432432432,11.6756756757,21.6,6,8.1990990496,0.702237650082,0.31006006006,10.329336629,1.76937710775,0.765265265265,3.0868314707,0.528762798222,0.252752752753,0.579945114934,0.437917739848,2,1.32432432432,0.579945114934,2,0.0121701261701,0.00597269624573,7,0.000900900900901,0.621196581197,37,37,37,1,0,0.72972972973,0.243243243243,0.027027027027,37,0.048048048048,1.32432432432,3.45945945946,6.4,2,2.57762373983,0.745094362295,0.388513513514,2.99674498089,1.73249319208,0.766047297297,1.14621717568,0.662656804687,0.353885135135,0.579945114934,0.437917739848,2,1.33333333333,0.585540043769,2,0.00981481481481,0.0108303249097,1,0.0001287001287,0.0899580666247,37,36,36,0.972972972973,0,0.702702702703,0.162162162162,0.108108108108,37,153,0.114864864865,1.44791975932,8.27027027027,13.9090909091,4.25,7.42985213195,0.898380813341,0.384207737149,8.2298986161,1.99023692023,0.808691043985,1.88800544612,0.456576480433,0.25154566331,0.816661911466,0.564024288093,3.33440468345,1.46036197485,0.824682019586,3.33440468345,0.219735716958,0.102678571429,69,0.00888030888031,0.224233820371,37,36,36,0.972972972973,0,0.675675675676,0.297297297297,0,-63,-0.0472972972973,0.123595434993,-3.40540540541,-7.69090909091,-1.75,-0.76924691765,0.196143163259,0.0741476770889,-2.0994380129,0.220859812487,0.0434257787199,-1.19882602459,-0.0721863177891,-0.00120708944238,0.236716796531,0.126106548245,1.33440468345,0.13603765053,0.244736904652,1.33440468345,0.207565590788,0.0967058751828,62,0.00797940797941,-0.396962760825,-0.0540540540541,0.0540540540541,-0.027027027027,145,8,71,1108,0.671296296296,0.992831541219,0.00716845878136,0.328703703704,0.947712418301,0.671296296296,0.785907859079,0.767729165352,0.664127837515,0.647321428571,89,152,0,0,0,0
1233,WLNM_dir_neg,0.912796485457,0.376834866025,00:00:01,10,30,37,1233300861,threshold_sweep,0.9,0.920454545455,0.532894736842,0.675,81,7,71,297,0.532894736842,0.976973684211,0.0230263157895,0.467105263158,0.920454545455,0.532894736842,0.675,0.828947368421,0.602339181287,0.569852941176,0.609047906791,0.509868421053,216,64,152,0,216,0,64,0,152,37,216,0.162162162162,1.32432432432,11.6756756757,21.6,6,8.1990990496,0.702237650082,0.31006006006,10.329336629,1.76937710775,0.765265265265,3.0868314707,0.528762798222,0.252752752753,0.579945114934,0.437917739848,2,1.32432432432,0.579945114934,2,0.0121701261701,0.00597269624573,7,0.000900900900901,0.621196581197,37,37,37,1,0,0.72972972973,0.243243243243,0.027027027027,37,0.048048048048,1.32432432432,3.45945945946,6.4,2,2.57762373983,0.745094362295,0.388513513514,2.99674498089,1.73249319208,0.766047297297,1.14621717568,0.662656804687,0.353885135135,0.579945114934,0.437917739848,2,1.33333333333,0.585540043769,2,0.00981481481481,0.0108303249097,1,0.0001287001287,0.0899580666247,37,36,36,0.972972972973,0,0.702702702703,0.162162162162,0.108108108108,37,152,0.114114114114,1.44406576385,8.21621621622,13.8181818182,4.22222222222,7.34141651157,0.893527667527,0.381223328592,8.15401667818,1.98485932298,0.807610241821,1.9261905955,0.468875342327,0.257823613087,0.810554354122,0.561300166802,3.31404599353,1.45640092396,0.818522518593,3.31404599353,0.219735716958,0.102678571429,69,0.00888030888031,0.226357192817,37,36,36,0.972972972973,0,0.675675675676,0.297297297297,0,-64,-0.048048048048,0.119741439524,-3.45945945946,-7.78181818182,-1.77777777778,-0.857682538032,0.191290017445,0.0711632685317,-2.17531995082,0.215482215232,0.0423449765555,-1.1606408752,-0.0598874558957,0.00507086033402,0.230609239187,0.123382426954,1.31404599353,0.132076599631,0.238577403659,1.31404599353,0.207565590788,0.0967058751828,62,0.00797940797941,-0.394839388379,-0.0540540540541,0.0540540540541,-0.027027027027,145,7,71,1109,0.671296296296,0.993727598566,0.00627240143369,0.328703703704,0.953947368421,0.671296296296,0.788043478261,0.770962803795,0.665023894863,0.650224215247,88,152,0,0,0,0
1234,WLNM_dir_neg,0.99091066482,0.690889978606,00:00:03,10,30,38,1233300862,threshold_sweep,0.1,0.964705882353,0.539473684211,0.691983122363,82,3,70,301,0.539473684211,0.990131578947,0.00986842105263,0.460526315789,0.964705882353,0.539473684211,0.691983122363,0.839912280702,0.604532163743,0.595194085028,0.641083295168,0.529605263158,216,64,152,0,216,0,64,0,152,37,216,0.162162162162,1.32432432432,11.6756756757,21.6,6,8.1990990496,0.702237650082,0.31006006006,10.329336629,1.76937710775,0.765265265265,3.0868314707,0.528762798222,0.252752752753,0.579945114934,0.437917739848,2,1.32432432432,0.579945114934,2,0.0121701261701,0.00597269624573,7,0.000900900900901,0.621196581197,37,37,37,1,0,0.72972972973,0.243243243243,0.027027027027,37,0.048048048048,1.32432432432,3.45945945946,6.4,2.20689655172,2.89246717637,0.836103793169,0.44214527027,3.14155524691,1.81621162712,0.786317567568,1.48415049867,0.858024507044,0.462837837838,0.579945114934,0.437917739848,2,1.36363636364,0.603022689156,2,0,0,0,0,0.113907820574,37,33,33,0.891891891892,0,0.621621621622,0.162162162162,0.108108108108,37,149,0.111861861862,1.32858563293,8.05405405405,14.9,4.13888888889,7.03541022237,0.873524088012,0.394522038817,7.84745707746,1.94869739507,0.803555233085,2.07480235319,0.515219376296,0.286958099039,0.58667587239,0.441579268846,2.01791686574,1.32858563293,0.58667587239,2.01791686574,0.210373393802,0.086508753862,56,0.00720720720721,0.288855230386,37,37,37,1,0,0.72972972973,0.243243243243,0.027027027027,-67,-0.0503003003003,0.00426130860913,-3.62162162162,-6.7,-1.86111111111,-1.16368882724,0.17128643793,0.0844619787573,-2.48187955154,0.179320287329,0.0382899678202,-1.01202911751,-0.0135434219268,0.0342053462859,0.00673075745581,0.00366152899769,0.017916865743,0.00426130860913,0.00673075745581,0.017916865743,0.198203267632,0.0805360576163,49,0.00630630630631,-0.332341350811,0,0,0,146,3,70,1113,0.675925925926,0.997311827957,0.00268817204301,0.324074074074,0.979865771812,0.675925925926,0.8,0.787303040663,0.673237753883,0.666666666667,85,152,0,0,0,0
1235,WLNM_dir_neg,0.99091066482,0.690889978606,00:00:03,10,30,38,1233300862,threshold_sweep,0.2,0.963414634146,0.519736842105,0.675213675214,79,3,73,301,0.519736842105,0.990131578947,0.00986842105263,0.480263157895,0.963414634146,0.519736842105,0.675213675214,0.833333333333,0.606725146199,0.576208178439,0.625855355739,0.509868421053,216,64,152,0,216,0,64,0,152,37,216,0.162162162162,1.32432432432,11.6756756757,21.6,6,8.1990990496,0.702237650082,0.31006006006,10.329336629,1.76937710775,0.765265265265,3.0868314707,0.528762798222,0.252752752753,0.579945114934,0.437917739848,2,1.32432432432,0.579945114934,2,0.0121701261701,0.00597269624573,7,0.000900900900901,0.621196581197,37,37,37,1,0,0.72972972973,0.243243243243,0.027027027027,37,0.048048048048,1.32432432432,3.45945945946,6.4,2.20689655172,2.89246717637,0.836103793169,0.44214527027,3.14155524691,1.81621162712,0.786317567568,1.48415049867,0.858024507044,0.462837837838,0.579945114934,0.437917739848,2,1.36363636364,0.603022689156,2,0,0,0,0,0.113907820574,37,33,33,0.891891891892,0,0.621621621622,0.162162162162,0.108108108108,37,146,0.10960960961,1.32875608528,7.89189189189,14.6,4.05555555556,6.891152878,0.873194029062,0.401517956312,7.62651058241,1.93274583253,0.800814513143,2.17237639907,0.550533744969,0.306182895224,0.586948102533,0.441727499152,2.01863354037,1.32875608528,0.586948102533,2.01863354037,0.13638723545,0.0854379365932,53,0.00682110682111,0.294670835675,37,37,37,1,0,0.72972972973,0.243243243243,0.027027027027,-70,-0.0525525525526,0.0044317609535,-3.78378378378,-7,-1.94444444444,-1.3079461716,0.17095637898,0.0914578962524,-2.70282604659,0.163368724784,0.035549247878,-0.914455071638,0.0217709467464,0.0534301424712,0.00700298759854,0.0038097593037,0.0186335403727,0.0044317609535,0.00700298759854,0.0186335403727,0.12421710928,0.0794652403475,46,0.00592020592021,-0.326525745522,0,0,0,143,3,73,1113,0.662037037037,0.997311827957,0.00268817204301,0.337962962963,0.979452054795,0.662037037037,0.790055248619,0.777956768015,0.659348864994,0.65296803653,82,152,0,0,0,0
1236,WLNM_dir_neg,0.99091066482,0.690889978606,00:00:03,10,30,38,1233300862,threshold_sweep,0.3,0.963414634146,0.519736842105,0.675213675214,79,3,73,301,0.519736842105,0.990131578947,0.00986842105263,0.480263157895,0.963414634146,0.519736842105,0.675213675214,0.833333333333,0.606725146199,0.576208178439,0.625855355739,0.509868421053,216,64,152,0,216,0,64,0,152,37,216,0.162162162162,1.32432432432,11.6756756757,21.6,6,8.1990990496,0.702237650082,0.31006006006,10.329336629,1.76937710775,0.765265265265,3.0868314707,0.528762798222,0.252752752753,0.579945114934,0.437917739848,2,1.32432432432,0.579945114934,2,0.0121701261701,0.00597269624573,7,0.000900900900901,0.621196581197,37,37,37,1,0,0.72972972973,0.243243243243,0.027027027027,37,0.048048048048,1.32432432432,3.45945945946,6.4,2.20689655172,2.89246717637,0.836103793169,0.44214527027,3.14155524691,1.81621162712,0.786317567568,1.48415049867,0.858024507044,0.462837837838,0.579945114934,0.437917739848,2,1.36363636364,0.603022689156,2,0,0,0,0,0.113907820574,37,33,33,0.891891891892,0,0.621621621622,0.162162162162,0.108108108108,37,146,0.10960960961,1.32875608528,7.89189189189,14.6,4.05555555556,6.891152878,0.873194029062,0.401517956312,7.62651058241,1.93274583253,0.800814513143,2.17237639907,0.550533744969,0.306182895224,0.586948102533,0.441727499152,2.01863354037,1.32875608528,0.586948102533,2.01863354037,0.13638723545,0.0854379365932,53,0.00682110682111,0.294670835675,37,37,37,1,0,0.72972972973,0.243243243243,0.027027027027,-70,-0.0525525525526,0.0044317609535,-3.78378378378,-7,-1.94444444444,-1.3079461716,0.17095637898,0.0914578962524,-2.70282604659,0.163368724784,0.035549247878,-0.914455071638,0.0217709467464,0.0534301424712,0.00700298759854,0.0038097593037,0.0186335403727,0.0044317609535,0.00700298759854,0.0186335403727,0.12421710928,0.0794652403475,46,0.00592020592021,-0.326525745522,0,0,0,143,3,73,1113,0.662037037037,0.997311827957,0.00268817204301,0.337962962963,0.979452054795,0.662037037037,0.790055248619,0.777956768015,0.659348864994,0.65296803653,82,152,0,0,0,0
1237,WLNM_dir_neg,0.99091066482,0.690889978606,00:00:03,10,30,38,1233300862,threshold_sweep,0.4,0.963414634146,0.519736842105,0.675213675214,79,3,73,301,0.519736842105,0.990131578947,0.00986842105263,0.480263157895,0.963414634146,0.519736842105,0.675213675214,0.833333333333,0.606725146199,0.576208178439,0.625855355739,0.509868421053,216,64,152,0,216,0,64,0,152,37,216,0.162162162162,1.32432432432,11.6756756757,21.6,6,8.1990990496,0.702237650082,0.31006006006,10.329336629,1.76937710775,0.765265265265,3.0868314707,0.528762798222,0.252752752753,0.579945114934,0.437917739848,2,1.32432432432,0.579945114934,2,0.0121701261701,0.00597269624573,7,0.000900900900901,0.621196581197,37,37,37,1,0,0.72972972973,0.243243243243,0.027027027027,37,0.048048048048,1.32432432432,3.45945945946,6.4,2.20689655172,2.89246717637,0.836103793169,0.44214527027,3.14155524691,1.81621162712,0.786317567568,1.48415049867,0.858024507044,0.462837837838,0.579945114934,0.437917739848,2,1.36363636364,0.603022689156,2,0,0,0,0,0.113907820574,37,33,33,0.891891891892,0,0.621621621622,0.162162162162,0.108108108108,37,146,0.10960960961,1.32875608528,7.89189189189,14.6,4.05555555556,6.891152878,0.873194029062,0.401517956312,7.62651058241,1.93274583253,0.800814513143,2.17237639907,0.550533744969,0.306182895224,0.586948102533,0.441727499152,2.01863354037,1.32875608528,0.586948102533,2.01863354037,0.13638723545,0.0854379365932,53,0.00682110682111,0.294670835675,37,37,37,1,0,0.72972972973,0.243243243243,0.027027027027,-70,-0.0525525525526,0.0044317609535,-3.78378378378,-7,-1.94444444444,-1.3079461716,0.17095637898,0.0914578962524,-2.70282604659,0.163368724784,0.035549247878,-0.914455071638,0.0217709467464,0.0534301424712,0.00700298759854,0.0038097593037,0.0186335403727,0.0044317609535,0.00700298759854,0.0186335403727,0.12421710928,0.0794652403475,46,0.00592020592021,-0.326525745522,0,0,0,143,3,73,1113,0.662037037037,0.997311827957,0.00268817204301,0.337962962963,0.979452054795,0.662037037037,0.790055248619,0.777956768015,0.659348864994,0.65296803653,82,152,0,0,0,0
1238,WLNM_dir_neg,0.99091066482,0.690889978606,00:00:03,10,30,38,1233300862,threshold_sweep,0.5,0.963414634146,0.519736842105,0.675213675214,79,3,73,301,0.519736842105,0.990131578947,0.00986842105263,0.480263157895,0.963414634146,0.519736842105,0.675213675214,0.833333333333,0.606725146199,0.576208178439,0.625855355739,0.509868421053,216,64,152,0,216,0,64,0,152,37,216,0.162162162162,1.32432432432,11.6756756757,21.6,6,8.1990990496,0.702237650082,0.31006006006,10.329336629,1.76937710775,0.765265265265,3.0868314707,0.528762798222,0.252752752753,0.579945114934,0.437917739848,2,1.32432432432,0.579945114934,2,0.0121701261701,0.00597269624573,7,0.000900900900901,0.621196581197,37,37,37,1,0,0.72972972973,0.243243243243,0.027027027027,37,0.048048048048,1.32432432432,3.45945945946,6.4,2.20689655172,2.89246717637,0.836103793169,0.44214527027,3.14155524691,1.81621162712,0.786317567568,1.48415049867,0.858024507044,0.462837837838,0.579945114934,0.437917739848,2,1.36363636364,0.603022689156,2,0,0,0,0,0.113907820574,37,33,33,0.891891891892,0,0.621621621622,0.162162162162,0.108108108108,37,146,0.10960960961,1.32875608528,7.89189189189,14.6,4.05555555556,6.891152878,0.873194029062,0.401517956312,7.62651058241,1.93274583253,0.800814513143,2.17237639907,0.550533744969,0.306182895224,0.586948102533,0.441727499152,2.01863354037,1.32875608528,0.586948102533,2.01863354037,0.13638723545,0.0854379365932,53,0.00682110682111,0.294670835675,37,37,37,1,0,0.72972972973,0.243243243243,0.027027027027,-70,-0.0525525525526,0.0044317609535,-3.78378378378,-7,-1.94444444444,-1.3079461716,0.17095637898,0.0914578962524,-2.70282604659,0.163368724784,0.035549247878,-0.914455071638,0.0217709467464,0.0534301424712,0.00700298759854,0.0038097593037,0.0186335403727,0.0044317609535,0.00700298759854,0.0186335403727,0.12421710928,0.0794652403475,46,0.00592020592021,-0.326525745522,0,0,0,143,3,73,1113,0.662037037037,0.997311827957,0.00268817204301,0.337962962963,0.979452054795,0.662037037037,0.790055248619,0.777956768015,0.659348864994,0.65296803653,82,152,0,0,0,0
1239,WLNM_dir_neg,0.99091066482,0.690889978606,00:00:03,10,30,38,1233300862,threshold_sweep,0.6,0.963414634146,0.519736842105,0.675213675214,79,3,73,301,0.519736842105,0.990131578947,0.00986842105263,0.480263157895,0.963414634146,0.519736842105,0.675213675214,0.833333333333,0.606725146199,0.576208178439,0.625855355739,0.509868421053,216,64,152,0,216,0,64,0,152,37,216,0.162162162162,1.32432432432,11.6756756757,21.6,6,8.1990990496,0.702237650082,0.31006006006,10.329336629,1.76937710775,0.765265265265,3.0868314707,0.528762798222,0.252752752753,0.579945114934,0.437917739848,2,1.32432432432,0.579945114934,2,0.0121701261701,0.00597269624573,7,0.000900900900901,0.621196581197,37,37,37,1,0,0.72972972973,0.243243243243,0.027027027027,37,0.048048048048,1.32432432432,3.45945945946,6.4,2.20689655172,2.89246717637,0.836103793169,0.44214527027,3.14155524691,1.81621162712,0.786317567568,1.48415049867,0.858024507044,0.462837837838,0.579945114934,0.437917739848,2,1.36363636364,0.603022689156,2,0,0,0,0,0.113907820574,37,33,33,0.891891891892,0,0.621621621622,0.162162162162,0.108108108108,37,146,0.10960960961,1.32875608528,7.89189189189,14.6,4.05555555556,6.891152878,0.873194029062,0.401517956312,7.62651058241,1.93274583253,0.800814513143,2.17237639907,0.550533744969,0.306182895224,0.586948102533,0.441727499152,2.01863354037,1.32875608528,0.586948102533,2.01863354037,0.13638723545,0.0854379365932,53,0.00682110682111,0.294670835675,37,37,37,1,0,0.72972972973,0.243243243243,0.027027027027,-70,-0.0525525525526,0.0044317609535,-3.78378378378,-7,-1.94444444444,-1.3079461716,0.17095637898,0.0914578962524,-2.70282604659,0.163368724784,0.035549247878,-0.914455071638,0.0217709467464,0.0534301424712,0.00700298759854,0.0038097593037,0.0186335403727,0.0044317609535,0.00700298759854,0.0186335403727,0.12421710928,0.0794652403475,46,0.00592020592021,-0.326525745522,0,0,0,143,3,73,1113,0.662037037037,0.997311827957,0.00268817204301,0.337962962963,0.979452054795,0.662037037037,0.790055248619,0.777956768015,0.659348864994,0.65296803653,82,152,0,0,0,0
1240,WLNM_dir_neg,0.99091066482,0.690889978606,00:00:03,10,30,38,1233300862,threshold_sweep,0.7,0.963414634146,0.519736842105,0.675213675214,79,3,73,301,0.519736842105,0.990131578947,0.00986842105263,0.480263157895,0.963414634146,0.519736842105,0.675213675214,0.833333333333,0.606725146199,0.576208178439,0.625855355739,0.509868421053,216,64,152,0,216,0,64,0,152,37,216,0.162162162162,1.32432432432,11.6756756757,21.6,6,8.1990990496,0.702237650082,0.31006006006,10.329336629,1.76937710775,0.765265265265,3.0868314707,0.528762798222,0.252752752753,0.579945114934,0.437917739848,2,1.32432432432,0.579945114934,2,0.0121701261701,0.00597269624573,7,0.000900900900901,0.621196581197,37,37,37,1,0,0.72972972973,0.243243243243,0.027027027027,37,0.048048048048,1.32432432432,3.45945945946,6.4,2.20689655172,2.89246717637,0.836103793169,0.44214527027,3.14155524691,1.81621162712,0.786317567568,1.48415049867,0.858024507044,0.462837837838,0.579945114934,0.437917739848,2,1.36363636364,0.603022689156,2,0,0,0,0,0.113907820574,37,33,33,0.891891891892,0,0.621621621622,0.162162162162,0.108108108108,37,146,0.10960960961,1.32875608528,7.89189189189,14.6,4.05555555556,6.891152878,0.873194029062,0.401517956312,7.62651058241,1.93274583253,0.800814513143,2.17237639907,0.550533744969,0.306182895224,0.586948102533,0.441727499152,2.01863354037,1.32875608528,0.586948102533,2.01863354037,0.13638723545,0.0854379365932,53,0.00682110682111,0.294670835675,37,37,37,1,0,0.72972972973,0.243243243243,0.027027027027,-70,-0.0525525525526,0.0044317609535,-3.78378378378,-7,-1.94444444444,-1.3079461716,0.17095637898,0.0914578962524,-2.70282604659,0.163368724784,0.035549247878,-0.914455071638,0.0217709467464,0.0534301424712,0.00700298759854,0.0038097593037,0.0186335403727,0.0044317609535,0.00700298759854,0.0186335403727,0.12421710928,0.0794652403475,46,0.00592020592021,-0.326525745522,0,0,0,143,3,73,1113,0.662037037037,0.997311827957,0.00268817204301,0.337962962963,0.979452054795,0.662037037037,0.790055248619,0.777956768015,0.659348864994,0.65296803653,82,152,0,0,0,0
1241,WLNM_dir_neg,0.99091066482,0.690889978606,00:00:03,10,30,38,1233300862,threshold_sweep,0.8,0.960526315789,0.480263157895,0.640350877193,73,3,79,301,0.480263157895,0.990131578947,0.00986842105263,0.519736842105,0.960526315789,0.480263157895,0.640350877193,0.820175438596,0.611111111111,0.537593984962,0.595007507111,0.470394736842,216,64,152,0,216,0,64,0,152,37,216,0.162162162162,1.32432432432,11.6756756757,21.6,6,8.1990990496,0.702237650082,0.31006006006,10.329336629,1.76937710775,0.765265265265,3.0868314707,0.528762798222,0.252752752753,0.579945114934,0.437917739848,2,1.32432432432,0.579945114934,2,0.0121701261701,0.00597269624573,7,0.000900900900901,0.621196581197,37,37,37,1,0,0.72972972973,0.243243243243,0.027027027027,37,0.048048048048,1.32432432432,3.45945945946,6.4,2.20689655172,2.89246717637,0.836103793169,0.44214527027,3.14155524691,1.81621162712,0.786317567568,1.48415049867,0.858024507044,0.462837837838,0.579945114934,0.437917739848,2,1.36363636364,0.603022689156,2,0,0,0,0,0.113907820574,37,33,33,0.891891891892,0,0.621621621622,0.162162162162,0.108108108108,37,140,0.105105105105,1.32828045437,7.56756756757,14,4.375,6.6647519773,0.880699368429,0.400965250965,7.55033161573,1.99544478416,0.810810810811,2.39368538654,0.632616852157,0.350579150579,0.58554387786,0.44082849818,2.00869565217,1.33739935588,0.591179382265,2.00869565217,0.120294130185,0.0732984293194,42,0.00540540540541,0.298101702913,37,36,36,0.972972972973,0,0.702702702703,0.162162162162,0.108108108108,-76,-0.0570570570571,0.00395613004309,-4.10810810811,-7.6,-1.625,-1.5343470723,0.178461718347,0.0909051909052,-2.77900501327,0.226067676412,0.0455455455455,-0.693146084165,0.103854053934,0.0978263978264,0.00559876292564,0.00291075833113,0.00869565217391,0.0130750315533,0.0112342673305,0.00869565217391,0.108124004015,0.0673257330736,35,0.0045045045045,-0.323094878283,-0.027027027027,-0.0810810810811,0.0810810810811,137,3,79,1113,0.634259259259,0.997311827957,0.00268817204301,0.365740740741,0.978571428571,0.634259259259,0.769662921348,0.759065175916,0.631571087216,0.625570776256,76,152,0,0,0,0
1242,WLNM_dir_neg,0.99091066482,0.690889978606,00:00:03,10,30,38,1233300862,threshold_sweep,0.9,0.957746478873,0.447368421053,0.609865470852,68,3,84,301,0.447368421053,0.990131578947,0.00986842105263,0.552631578947,0.957746478873,0.447368421053,0.609865470852,0.809210526316,0.614766081871,0.504743833017,0.568822941742,0.4375,216,64,152,0,216,0,64,0,152,37,216,0.162162162162,1.32432432432,11.6756756757,21.6,6,8.1990990496,0.702237650082,0.31006006006,10.329336629,1.76937710775,0.765265265265,3.0868314707,0.528762798222,0.252752752753,0.579945114934,0.437917739848,2,1.32432432432,0.579945114934,2,0.0121701261701,0.00597269624573,7,0.000900900900901,0.621196581197,37,37,37,1,0,0.72972972973,0.243243243243,0.027027027027,37,0.048048048048,1.32432432432,3.45945945946,6.4,2.20689655172,2.89246717637,0.836103793169,0.44214527027,3.14155524691,1.81621162712,0.786317567568,1.48415049867,0.858024507044,0.462837837838,0.579945114934,0.437917739848,2,1.36363636364,0.603022689156,2,0,0,0,0,0.113907820574,37,33,33,0.891891891892,0,0.621621621622,0.162162162162,0.108108108108,37,135,0.101351351351,1.32824128476,7.2972972973,13.5,4.21875,6.53139794831,0.895043422546,0.41021021021,7.53958522369,2.06640483909,0.821621621622,2.48569480803,0.681264502942,0.375575575576,0.585430873595,0.44075642002,2.01449275362,1.33735909823,0.591064896013,2.01449275362,0.116045206806,0.0741656365884,40,0.00514800514801,0.277399762878,37,36,36,0.972972972973,0,0.702702702703,0.162162162162,0.108108108108,-81,-0.0608108108108,0.0039169604387,-4.37837837838,-8.1,-1.78125,-1.6677011013,0.192805772464,0.10015015015,-2.78975140531,0.297027731341,0.0563563563564,-0.601136662672,0.15250170472,0.122822822823,0.00548575866008,0.00283868017125,0.0144927536232,0.0130347739043,0.0111197810782,0.0144927536232,0.103875080636,0.0681929403426,33,0.0042471042471,-0.343796818319,-0.027027027027,-0.0810810810811,0.0810810810811,132,3,84,1113,0.611111111111,0.997311827957,0.00268817204301,0.388888888889,0.977777777778,0.611111111111,0.752136752137,0.7431057009,0.608422939068,0.602739726027,71,152,0,0,0,0
1243,WLNM_dir_neg,0.962841932133,0.585433279849,00:00:03,10,30,39,1233300863,threshold_sweep,0.1,0.949494949495,0.618421052632,0.749003984064,94,5,58,299,0.618421052632,0.983552631579,0.0164473684211,0.381578947368,0.949494949495,0.618421052632,0.749003984064,0.861842105263,0.594298245614,0.659459459459,0.688310487144,0.601973684211,216,64,152,0,216,0,64,0,152,37,216,0.162162162162,1.32432432432,11.6756756757,21.6,6,8.1990990496,0.702237650082,0.31006006006,10.329336629,1.76937710775,0.765265265265,3.0868314707,0.528762798222,0.252752752753,0.579945114934,0.437917739848,2,1.32432432432,0.579945114934,2,0.0121701261701,0.00597269624573,7,0.000900900900901,0.621196581197,37,37,37,1,0,0.72972972973,0.243243243243,0.027027027027,37,0.048048048048,1.31891891892,3.45945945946,6.4,2.13333333333,2.76480453995,0.79920131233,0.422719594595,3.19416698103,1.84662778591,0.790540540541,1.36724883228,0.790440731162,0.429898648649,0.56462270482,0.428095083573,2,1.33714285714,0.575523145283,2,0,0,0,0,0.104515947016,37,35,35,0.945945945946,0,0.675675675676,0.135135135135,0.135135135135,37,163,0.122372372372,1.33365488565,8.81081081081,16.3,4.79411764706,7.4529555578,0.845887593983,0.388326977284,8.65210141289,1.96397394035,0.807162991212,2.53266942462,0.57490042154,0.31072790582,0.594865997257,0.44604192858,2.04,1.35272087912,0.606430876711,2.04,0.18256979404,0.0976682798064,74,0.00952380952381,0.35164371359,37,35,35,0.945945945946,0,0.675675675676,0.243243243243,0.027027027027,-53,-0.0397897897898,0.00933056133056,-2.86486486486,-5.3,-1.20588235294,-0.746143491804,0.143649943902,0.078266917224,-1.67723521611,0.194596832603,0.0418977259468,-0.554162046082,0.0461376233175,0.0579751530672,0.0149208823225,0.00812418873104,0.04,0.0283965547966,0.0264857617761,0.04,0.17039966787,0.0916955835607,67,0.00862290862291,-0.269552867606,-0.0540540540541,0,0,158,5,58,1111,0.731481481481,0.995519713262,0.00448028673835,0.268518518519,0.969325153374,0.731481481481,0.833773087071,0.817698196095,0.727001194743,0.714932126697,99,152,0,0,0,0
1244,WLNM_dir_neg,0.962841932133,0.585433279849,00:00:03,10,30,39,1233300863,threshold_sweep,0.2,0.949494949495,0.618421052632,0.749003984064,94,5,58,299,0.618421052632,0.983552631579,0.0164473684211,0.381578947368,0.949494949495,0.618421052632,0.749003984064,0.861842105263,0.594298245614,0.659459459459,0.688310487144,0.601973684211,216,64,152,0,216,0,64,0,152,37,216,0.162162162162,1.32432432432,11.6756756757,21.6,6,8.1990990496,0.702237650082,0.31006006006,10.329336629,1.76937710775,0.765265265265,3.0868314707,0.528762798222,0.252752752753,0.579945114934,0.437917739848,2,1.32432432432,0.579945114934,2,0.0121701261701,0.00597269624573,7,0.000900900900901,0.621196581197,37,37,37,1,0,0.72972972973,0.243243243243,0.027027027027,37,0.048048048048,1.31891891892,3.45945945946,6.4,2.13333333333,2.76480453995,0.79920131233,0.422719594595,3.19416698103,1.84662778591,0.790540540541,1.36724883228,0.790440731162,0.429898648649,0.56462270482,0.428095083573,2,1.33714285714,0.575523145283,2,0,0,0,0,0.104515947016,37,35,35,0.945945945946,0,0.675675675676,0.135135135135,0.135135135135,37,163,0.122372372372,1.33365488565,8.81081081081,16.3,4.79411764706,7.4529555578,0.845887593983,0.388326977284,8.65210141289,1.96397394035,0.807162991212,2.53266942462,0.57490042154,0.31072790582,0.594865997257,0.44604192858,2.04,1.35272087912,0.606430876711,2.04,0.18256979404,0.0976682798064,74,0.00952380952381,0.35164371359,37,35,35,0.945945945946,0,0.675675675676,0.243243243243,0.027027027027,-53,-0.0397897897898,0.00933056133056,-2.86486486486,-5.3,-1.20588235294,-0.746143491804,0.143649943902,0.078266917224,-1.67723521611,0.194596832603,0.0418977259468,-0.554162046082,0.0461376233175,0.0579751530672,0.0149208823225,0.00812418873104,0.04,0.0283965547966,0.0264857617761,0.04,0.17039966787,0.0916955835607,67,0.00862290862291,-0.269552867606,-0.0540540540541,0,0,158,5,58,1111,0.731481481481,0.995519713262,0.00448028673835,0.268518518519,0.969325153374,0.731481481481,0.833773087071,0.817698196095,0.727001194743,0.714932126697,99,152,0,0,0,0
1245,WLNM_dir_neg,0.962841932133,0.585433279849,00:00:03,10,30,39,1233300863,threshold_sweep,0.3,0.949494949495,0.618421052632,0.749003984064,94,5,58,299,0.618421052632,0.983552631579,0.0164473684211,0.381578947368,0.949494949495,0.618421052632,0.749003984064,0.861842105263,0.594298245614,0.659459459459,0.688310487144,0.601973684211,216,64,152,0,216,0,64,0,152,37,216,0.162162162162,1.32432432432,11.6756756757,21.6,6,8.1990990496,0.702237650082,0.31006006006,10.329336629,1.76937710775,0.765265265265,3.0868314707,0.528762798222,0.252752752753,0.579945114934,0.437917739848,2,1.32432432432,0.579945114934,2,0.0121701261701,0.00597269624573,7,0.000900900900901,0.621196581197,37,37,37,1,0,0.72972972973,0.243243243243,0.027027027027,37,0.048048048048,1.31891891892,3.45945945946,6.4,2.13333333333,2.76480453995,0.79920131233,0.422719594595,3.19416698103,1.84662778591,0.790540540541,1.36724883228,0.790440731162,0.429898648649,0.56462270482,0.428095083573,2,1.33714285714,0.575523145283,2,0,0,0,0,0.104515947016,37,35,35,0.945945945946,0,0.675675675676,0.135135135135,0.135135135135,37,163,0.122372372372,1.33365488565,8.81081081081,16.3,4.79411764706,7.4529555578,0.845887593983,0.388326977284,8.65210141289,1.96397394035,0.807162991212,2.53266942462,0.57490042154,0.31072790582,0.594865997257,0.44604192858,2.04,1.35272087912,0.606430876711,2.04,0.18256979404,0.0976682798064,74,0.00952380952381,0.35164371359,37,35,35,0.945945945946,0,0.675675675676,0.243243243243,0.027027027027,-53,-0.0397897897898,0.00933056133056,-2.86486486486,-5.3,-1.20588235294,-0.746143491804,0.143649943902,0.078266917224,-1.67723521611,0.194596832603,0.0418977259468,-0.554162046082,0.0461376233175,0.0579751530672,0.0149208823225,0.00812418873104,0.04,0.0283965547966,0.0264857617761,0.04,0.17039966787,0.0916955835607,67,0.00862290862291,-0.269552867606,-0.0540540540541,0,0,158,5,58,1111,0.731481481481,0.995519713262,0.00448028673835,0.268518518519,0.969325153374,0.731481481481,0.833773087071,0.817698196095,0.727001194743,0.714932126697,99,152,0,0,0,0
1246,WLNM_dir_neg,0.962841932133,0.585433279849,00:00:03,10,30,39,1233300863,threshold_sweep,0.4,0.949494949495,0.618421052632,0.749003984064,94,5,58,299,0.618421052632,0.983552631579,0.0164473684211,0.381578947368,0.949494949495,0.618421052632,0.749003984064,0.861842105263,0.594298245614,0.659459459459,0.688310487144,0.601973684211,216,64,152,0,216,0,64,0,152,37,216,0.162162162162,1.32432432432,11.6756756757,21.6,6,8.1990990496,0.702237650082,0.31006006006,10.329336629,1.76937710775,0.765265265265,3.0868314707,0.528762798222,0.252752752753,0.579945114934,0.437917739848,2,1.32432432432,0.579945114934,2,0.0121701261701,0.00597269624573,7,0.000900900900901,0.621196581197,37,37,37,1,0,0.72972972973,0.243243243243,0.027027027027,37,0.048048048048,1.31891891892,3.45945945946,6.4,2.13333333333,2.76480453995,0.79920131233,0.422719594595,3.19416698103,1.84662778591,0.790540540541,1.36724883228,0.790440731162,0.429898648649,0.56462270482,0.428095083573,2,1.33714285714,0.575523145283,2,0,0,0,0,0.104515947016,37,35,35,0.945945945946,0,0.675675675676,0.135135135135,0.135135135135,37,163,0.122372372372,1.33365488565,8.81081081081,16.3,4.79411764706,7.4529555578,0.845887593983,0.388326977284,8.65210141289,1.96397394035,0.807162991212,2.53266942462,0.57490042154,0.31072790582,0.594865997257,0.44604192858,2.04,1.35272087912,0.606430876711,2.04,0.18256979404,0.0976682798064,74,0.00952380952381,0.35164371359,37,35,35,0.945945945946,0,0.675675675676,0.243243243243,0.027027027027,-53,-0.0397897897898,0.00933056133056,-2.86486486486,-5.3,-1.20588235294,-0.746143491804,0.143649943902,0.078266917224,-1.67723521611,0.194596832603,0.0418977259468,-0.554162046082,0.0461376233175,0.0579751530672,0.0149208823225,0.00812418873104,0.04,0.0283965547966,0.0264857617761,0.04,0.17039966787,0.0916955835607,67,0.00862290862291,-0.269552867606,-0.0540540540541,0,0,158,5,58,1111,0.731481481481,0.995519713262,0.00448028673835,0.268518518519,0.969325153374,0.731481481481,0.833773087071,0.817698196095,0.727001194743,0.714932126697,99,152,0,0,0,0
1247,WLNM_dir_neg,0.962841932133,0.585433279849,00:00:03,10,30,39,1233300863,threshold_sweep,0.5,0.949494949495,0.618421052632,0.749003984064,94,5,58,299,0.618421052632,0.983552631579,0.0164473684211,0.381578947368,0.949494949495,0.618421052632,0.749003984064,0.861842105263,0.594298245614,0.659459459459,0.688310487144,0.601973684211,216,64,152,0,216,0,64,0,152,37,216,0.162162162162,1.32432432432,11.6756756757,21.6,6,8.1990990496,0.702237650082,0.31006006006,10.329336629,1.76937710775,0.765265265265,3.0868314707,0.528762798222,0.252752752753,0.579945114934,0.437917739848,2,1.32432432432,0.579945114934,2,0.0121701261701,0.00597269624573,7,0.000900900900901,0.621196581197,37,37,37,1,0,0.72972972973,0.243243243243,0.027027027027,37,0.048048048048,1.31891891892,3.45945945946,6.4,2.13333333333,2.76480453995,0.79920131233,0.422719594595,3.19416698103,1.84662778591,0.790540540541,1.36724883228,0.790440731162,0.429898648649,0.56462270482,0.428095083573,2,1.33714285714,0.575523145283,2,0,0,0,0,0.104515947016,37,35,35,0.945945945946,0,0.675675675676,0.135135135135,0.135135135135,37,163,0.122372372372,1.33365488565,8.81081081081,16.3,4.79411764706,7.4529555578,0.845887593983,0.388326977284,8.65210141289,1.96397394035,0.807162991212,2.53266942462,0.57490042154,0.31072790582,0.594865997257,0.44604192858,2.04,1.35272087912,0.606430876711,2.04,0.18256979404,0.0976682798064,74,0.00952380952381,0.35164371359,37,35,35,0.945945945946,0,0.675675675676,0.243243243243,0.027027027027,-53,-0.0397897897898,0.00933056133056,-2.86486486486,-5.3,-1.20588235294,-0.746143491804,0.143649943902,0.078266917224,-1.67723521611,0.194596832603,0.0418977259468,-0.554162046082,0.0461376233175,0.0579751530672,0.0149208823225,0.00812418873104,0.04,0.0283965547966,0.0264857617761,0.04,0.17039966787,0.0916955835607,67,0.00862290862291,-0.269552867606,-0.0540540540541,0,0,158,5,58,1111,0.731481481481,0.995519713262,0.00448028673835,0.268518518519,0.969325153374,0.731481481481,0.833773087071,0.817698196095,0.727001194743,0.714932126697,99,152,0,0,0,0
1248,WLNM_dir_neg,0.962841932133,0.585433279849,00:00:03,10,30,39,1233300863,threshold_sweep,0.6,0.949494949495,0.618421052632,0.749003984064,94,5,58,299,0.618421052632,0.983552631579,0.0164473684211,0.381578947368,0.949494949495,0.618421052632,0.749003984064,0.861842105263,0.594298245614,0.659459459459,0.688310487144,0.601973684211,216,64,152,0,216,0,64,0,152,37,216,0.162162162162,1.32432432432,11.6756756757,21.6,6,8.1990990496,0.702237650082,0.31006006006,10.329336629,1.76937710775,0.765265265265,3.0868314707,0.528762798222,0.252752752753,0.579945114934,0.437917739848,2,1.32432432432,0.579945114934,2,0.0121701261701,0.00597269624573,7,0.000900900900901,0.621196581197,37,37,37,1,0,0.72972972973,0.243243243243,0.027027027027,37,0.048048048048,1.31891891892,3.45945945946,6.4,2.13333333333,2.76480453995,0.79920131233,0.422719594595,3.19416698103,1.84662778591,0.790540540541,1.36724883228,0.790440731162,0.429898648649,0.56462270482,0.428095083573,2,1.33714285714,0.575523145283,2,0,0,0,0,0.104515947016,37,35,35,0.945945945946,0,0.675675675676,0.135135135135,0.135135135135,37,163,0.122372372372,1.33365488565,8.81081081081,16.3,4.79411764706,7.4529555578,0.845887593983,0.388326977284,8.65210141289,1.96397394035,0.807162991212,2.53266942462,0.57490042154,0.31072790582,0.594865997257,0.44604192858,2.04,1.35272087912,0.606430876711,2.04,0.18256979404,0.0976682798064,74,0.00952380952381,0.35164371359,37,35,35,0.945945945946,0,0.675675675676,0.243243243243,0.027027027027,-53,-0.0397897897898,0.00933056133056,-2.86486486486,-5.3,-1.20588235294,-0.746143491804,0.143649943902,0.078266917224,-1.67723521611,0.194596832603,0.0418977259468,-0.554162046082,0.0461376233175,0.0579751530672,0.0149208823225,0.00812418873104,0.04,0.0283965547966,0.0264857617761,0.04,0.17039966787,0.0916955835607,67,0.00862290862291,-0.269552867606,-0.0540540540541,0,0,158,5,58,1111,0.731481481481,0.995519713262,0.00448028673835,0.268518518519,0.969325153374,0.731481481481,0.833773087071,0.817698196095,0.727001194743,0.714932126697,99,152,0,0,0,0
1249,WLNM_dir_neg,0.962841932133,0.585433279849,00:00:03,10,30,39,1233300863,threshold_sweep,0.7,0.949494949495,0.618421052632,0.749003984064,94,5,58,299,0.618421052632,0.983552631579,0.0164473684211,0.381578947368,0.949494949495,0.618421052632,0.749003984064,0.861842105263,0.594298245614,0.659459459459,0.688310487144,0.601973684211,216,64,152,0,216,0,64,0,152,37,216,0.162162162162,1.32432432432,11.6756756757,21.6,6,8.1990990496,0.702237650082,0.31006006006,10.329336629,1.76937710775,0.765265265265,3.0868314707,0.528762798222,0.252752752753,0.579945114934,0.437917739848,2,1.32432432432,0.579945114934,2,0.0121701261701,0.00597269624573,7,0.000900900900901,0.621196581197,37,37,37,1,0,0.72972972973,0.243243243243,0.027027027027,37,0.048048048048,1.31891891892,3.45945945946,6.4,2.13333333333,2.76480453995,0.79920131233,0.422719594595,3.19416698103,1.84662778591,0.790540540541,1.36724883228,0.790440731162,0.429898648649,0.56462270482,0.428095083573,2,1.33714285714,0.575523145283,2,0,0,0,0,0.104515947016,37,35,35,0.945945945946,0,0.675675675676,0.135135135135,0.135135135135,37,163,0.122372372372,1.33365488565,8.81081081081,16.3,4.79411764706,7.4529555578,0.845887593983,0.388326977284,8.65210141289,1.96397394035,0.807162991212,2.53266942462,0.57490042154,0.31072790582,0.594865997257,0.44604192858,2.04,1.35272087912,0.606430876711,2.04,0.18256979404,0.0976682798064,74,0.00952380952381,0.35164371359,37,35,35,0.945945945946,0,0.675675675676,0.243243243243,0.027027027027,-53,-0.0397897897898,0.00933056133056,-2.86486486486,-5.3,-1.20588235294,-0.746143491804,0.143649943902,0.078266917224,-1.67723521611,0.194596832603,0.0418977259468,-0.554162046082,0.0461376233175,0.0579751530672,0.0149208823225,0.00812418873104,0.04,0.0283965547966,0.0264857617761,0.04,0.17039966787,0.0916955835607,67,0.00862290862291,-0.269552867606,-0.0540540540541,0,0,158,5,58,1111,0.731481481481,0.995519713262,0.00448028673835,0.268518518519,0.969325153374,0.731481481481,0.833773087071,0.817698196095,0.727001194743,0.714932126697,99,152,0,0,0,0
1250,WLNM_dir_neg,0.962841932133,0.585433279849,00:00:03,10,30,39,1233300863,threshold_sweep,0.8,0.949494949495,0.618421052632,0.749003984064,94,5,58,299,0.618421052632,0.983552631579,0.0164473684211,0.381578947368,0.949494949495,0.618421052632,0.749003984064,0.861842105263,0.594298245614,0.659459459459,0.688310487144,0.601973684211,216,64,152,0,216,0,64,0,152,37,216,0.162162162162,1.32432432432,11.6756756757,21.6,6,8.1990990496,0.702237650082,0.31006006006,10.329336629,1.76937710775,0.765265265265,3.0868314707,0.528762798222,0.252752752753,0.579945114934,0.437917739848,2,1.32432432432,0.579945114934,2,0.0121701261701,0.00597269624573,7,0.000900900900901,0.621196581197,37,37,37,1,0,0.72972972973,0.243243243243,0.027027027027,37,0.048048048048,1.31891891892,3.45945945946,6.4,2.13333333333,2.76480453995,0.79920131233,0.422719594595,3.19416698103,1.84662778591,0.790540540541,1.36724883228,0.790440731162,0.429898648649,0.56462270482,0.428095083573,2,1.33714285714,0.575523145283,2,0,0,0,0,0.104515947016,37,35,35,0.945945945946,0,0.675675675676,0.135135135135,0.135135135135,37,163,0.122372372372,1.33365488565,8.81081081081,16.3,4.79411764706,7.4529555578,0.845887593983,0.388326977284,8.65210141289,1.96397394035,0.807162991212,2.53266942462,0.57490042154,0.31072790582,0.594865997257,0.44604192858,2.04,1.35272087912,0.606430876711,2.04,0.18256979404,0.0976682798064,74,0.00952380952381,0.35164371359,37,35,35,0.945945945946,0,0.675675675676,0.243243243243,0.027027027027,-53,-0.0397897897898,0.00933056133056,-2.86486486486,-5.3,-1.20588235294,-0.746143491804,0.143649943902,0.078266917224,-1.67723521611,0.194596832603,0.0418977259468,-0.554162046082,0.0461376233175,0.0579751530672,0.0149208823225,0.00812418873104,0.04,0.0283965547966,0.0264857617761,0.04,0.17039966787,0.0916955835607,67,0.00862290862291,-0.269552867606,-0.0540540540541,0,0,158,5,58,1111,0.731481481481,0.995519713262,0.00448028673835,0.268518518519,0.969325153374,0.731481481481,0.833773087071,0.817698196095,0.727001194743,0.714932126697,99,152,0,0,0,0
1251,WLNM_dir_neg,0.962841932133,0.585433279849,00:00:03,10,30,39,1233300863,threshold_sweep,0.9,0.959183673469,0.618421052632,0.752,94,4,58,300,0.618421052632,0.986842105263,0.0131578947368,0.381578947368,0.959183673469,0.618421052632,0.752,0.864035087719,0.595029239766,0.664259927798,0.694621583965,0.605263157895,216,64,152,0,216,0,64,0,152,37,216,0.162162162162,1.32432432432,11.6756756757,21.6,6,8.1990990496,0.702237650082,0.31006006006,10.329336629,1.76937710775,0.765265265265,3.0868314707,0.528762798222,0.252752752753,0.579945114934,0.437917739848,2,1.32432432432,0.579945114934,2,0.0121701261701,0.00597269624573,7,0.000900900900901,0.621196581197,37,37,37,1,0,0.72972972973,0.243243243243,0.027027027027,37,0.048048048048,1.31891891892,3.45945945946,6.4,2.13333333333,2.76480453995,0.79920131233,0.422719594595,3.19416698103,1.84662778591,0.790540540541,1.36724883228,0.790440731162,0.429898648649,0.56462270482,0.428095083573,2,1.33714285714,0.575523145283,2,0,0,0,0,0.104515947016,37,35,35,0.945945945946,0,0.675675675676,0.135135135135,0.135135135135,37,162,0.121621621622,1.33246569647,8.75675675676,16.2,4.76470588235,7.37640911361,0.842367707419,0.385885885886,8.58730119081,1.96129718556,0.806806806807,2.55333497989,0.583169100345,0.314981648315,0.593263905058,0.445237657248,2.04,1.35146373626,0.604807575765,2.04,0.159049947873,0.0845259391771,63,0.00810810810811,0.354162958325,37,35,35,0.945945945946,0,0.675675675676,0.243243243243,0.027027027027,-54,-0.0405405405405,0.00814137214137,-2.91891891892,-5.4,-1.23529411765,-0.82268993599,0.140130057337,0.0758258258258,-1.74203543819,0.191920077811,0.0415415415415,-0.533496490816,0.0544063021223,0.0622288955622,0.0133187901239,0.00731991739999,0.04,0.0271394119394,0.0248624608308,0.04,0.146879821703,0.0785532429314,56,0.00720720720721,-0.267033622872,-0.0540540540541,0,0,158,4,58,1112,0.731481481481,0.996415770609,0.00358422939068,0.268518518519,0.975308641975,0.731481481481,0.835978835979,0.820877996435,0.727897252091,0.718181818182,98,152,0,0,0,0
1252,WLNM_dir_neg,0.984710439751,0.813124716442,00:00:02,10,30,40,1233300864,threshold_sweep,0.1,0.966666666667,0.381578947368,0.547169811321,58,2,94,302,0.381578947368,0.993421052632,0.00657894736842,0.618421052632,0.966666666667,0.381578947368,0.547169811321,0.789473684211,0.622807017544,0.441860465116,0.522957788435,0.375,216,64,152,0,216,0,64,0,152,37,216,0.162162162162,1.32432432432,11.6756756757,21.6,6,8.1990990496,0.702237650082,0.31006006006,10.329336629,1.76937710775,0.765265265265,3.0868314707,0.528762798222,0.252752752753,0.579945114934,0.437917739848,2,1.32432432432,0.579945114934,2,0.0121701261701,0.00597269624573,7,0.000900900900901,0.621196581197,37,37,37,1,0,0.72972972973,0.243243243243,0.027027027027,37,0.048048048048,1.32432432432,3.45945945946,6.4,2.46153846154,2.98695864081,0.86341773211,0.443834459459,3.40464265255,1.96830903351,0.811655405405,1.57495412012,0.910520350694,0.494932432432,0.579945114934,0.437917739848,2,1.35294117647,0.597081434027,2,0,0,0,0,0.116347487795,37,34,34,0.918918918919,0,0.648648648649,0.0540540540541,0.216216216216,37,124,0.0930930930931,1.32852852853,6.7027027027,12.4,4.42857142857,5.95755759456,0.888829157253,0.412162162162,7.04831034211,2.10312486015,0.826068003487,2.41771490158,0.721414930312,0.399738448126,0.585282109534,0.440549146643,2,1.35751633987,0.602510464324,2,0.0412944571768,0.0312035661218,14,0.0018018018018,0.271556156743,37,34,34,0.918918918919,0,0.648648648649,0.108108108108,0.162162162162,-92,-0.0690690690691,0.0042042042042,-4.97297297297,-9.2,-1.57142857143,-2.24154145505,0.186591507171,0.102102102102,-3.28102628689,0.3337477524,0.0608027382221,-0.669116569119,0.192652132089,0.146985695373,0.00533699459934,0.00263140679429,0,0.033192015545,0.0225653493897,0,0.0291243310067,0.0252308698761,7,0.000900900900901,-0.349640424454,-0.0810810810811,-0.135135135135,0.135135135135,122,2,94,1114,0.564814814815,0.998207885305,0.00179211469534,0.435185185185,0.983870967742,0.564814814815,0.717647058824,0.714234079121,0.563022700119,0.559633027523,60,152,0,0,0,0
1253,WLNM_dir_neg,0.984710439751,0.813124716442,00:00:02,10,30,40,1233300864,threshold_sweep,0.2,0.966666666667,0.381578947368,0.547169811321,58,2,94,302,0.381578947368,0.993421052632,0.00657894736842,0.618421052632,0.966666666667,0.381578947368,0.547169811321,0.789473684211,0.622807017544,0.441860465116,0.522957788435,0.375,216,64,152,0,216,0,64,0,152,37,216,0.162162162162,1.32432432432,11.6756756757,21.6,6,8.1990990496,0.702237650082,0.31006006006,10.329336629,1.76937710775,0.765265265265,3.0868314707,0.528762798222,0.252752752753,0.579945114934,0.437917739848,2,1.32432432432,0.579945114934,2,0.0121701261701,0.00597269624573,7,0.000900900900901,0.621196581197,37,37,37,1,0,0.72972972973,0.243243243243,0.027027027027,37,0.048048048048,1.32432432432,3.45945945946,6.4,2.46153846154,2.98695864081,0.86341773211,0.443834459459,3.40464265255,1.96830903351,0.811655405405,1.57495412012,0.910520350694,0.494932432432,0.579945114934,0.437917739848,2,1.35294117647,0.597081434027,2,0,0,0,0,0.116347487795,37,34,34,0.918918918919,0,0.648648648649,0.0540540540541,0.216216216216,37,124,0.0930930930931,1.32852852853,6.7027027027,12.4,4.42857142857,5.95755759456,0.888829157253,0.412162162162,7.04831034211,2.10312486015,0.826068003487,2.41771490158,0.721414930312,0.399738448126,0.585282109534,0.440549146643,2,1.35751633987,0.602510464324,2,0.0412944571768,0.0312035661218,14,0.0018018018018,0.271556156743,37,34,34,0.918918918919,0,0.648648648649,0.108108108108,0.162162162162,-92,-0.0690690690691,0.0042042042042,-4.97297297297,-9.2,-1.57142857143,-2.24154145505,0.186591507171,0.102102102102,-3.28102628689,0.3337477524,0.0608027382221,-0.669116569119,0.192652132089,0.146985695373,0.00533699459934,0.00263140679429,0,0.033192015545,0.0225653493897,0,0.0291243310067,0.0252308698761,7,0.000900900900901,-0.349640424454,-0.0810810810811,-0.135135135135,0.135135135135,122,2,94,1114,0.564814814815,0.998207885305,0.00179211469534,0.435185185185,0.983870967742,0.564814814815,0.717647058824,0.714234079121,0.563022700119,0.559633027523,60,152,0,0,0,0
1254,WLNM_dir_neg,0.984710439751,0.813124716442,00:00:02,10,30,40,1233300864,threshold_sweep,0.3,0.982456140351,0.368421052632,0.535885167464,56,1,96,303,0.368421052632,0.996710526316,0.00328947368421,0.631578947368,0.982456140351,0.368421052632,0.535885167464,0.787280701754,0.625,0.432748538012,0.520456102672,0.365131578947,216,64,152,0,216,0,64,0,152,37,216,0.162162162162,1.32432432432,11.6756756757,21.6,6,8.1990990496,0.702237650082,0.31006006006,10.329336629,1.76937710775,0.765265265265,3.0868314707,0.528762798222,0.252752752753,0.579945114934,0.437917739848,2,1.32432432432,0.579945114934,2,0.0121701261701,0.00597269624573,7,0.000900900900901,0.621196581197,37,37,37,1,0,0.72972972973,0.243243243243,0.027027027027,37,0.048048048048,1.32432432432,3.45945945946,6.4,2.46153846154,2.98695864081,0.86341773211,0.443834459459,3.40464265255,1.96830903351,0.811655405405,1.57495412012,0.910520350694,0.494932432432,0.579945114934,0.437917739848,2,1.35294117647,0.597081434027,2,0,0,0,0,0.116347487795,37,34,34,0.918918918919,0,0.648648648649,0.0540540540541,0.216216216216,37,121,0.0908408408408,1.32732732733,6.54054054054,12.1,4.48148148148,5.87175250479,0.89774728379,0.416350234532,6.97873217015,2.13399248178,0.830020102747,2.49052257623,0.761564754714,0.419477328568,0.583815759329,0.439843094698,2,1.35620915033,0.601021335345,2,0.0199269480519,0.013942680093,6,0.000772200772201,0.252792623979,37,34,34,0.918918918919,0,0.648648648649,0.0810810810811,0.189189189189,-95,-0.0713213213213,0.003003003003,-5.13513513514,-9.5,-1.51851851852,-2.32734654482,0.195509633708,0.106290174472,-3.35060445885,0.364615374036,0.0647548374821,-0.596308894476,0.232801956492,0.166724575815,0.0038706443945,0.00192535484959,0,0.0318848260025,0.0210762204109,0,0.00775682188182,0.00796998384722,-1,-0.0001287001287,-0.368403957217,-0.0810810810811,-0.162162162162,0.162162162162,120,1,96,1115,0.555555555556,0.999103942652,0.00089605734767,0.444444444444,0.99173553719,0.555555555556,0.712166172107,0.711411154803,0.554659498208,0.552995391705,57,152,0,0,0,0
1255,WLNM_dir_neg,0.984710439751,0.813124716442,00:00:02,10,30,40,1233300864,threshold_sweep,0.4,0.982456140351,0.368421052632,0.535885167464,56,1,96,303,0.368421052632,0.996710526316,0.00328947368421,0.631578947368,0.982456140351,0.368421052632,0.535885167464,0.787280701754,0.625,0.432748538012,0.520456102672,0.365131578947,216,64,152,0,216,0,64,0,152,37,216,0.162162162162,1.32432432432,11.6756756757,21.6,6,8.1990990496,0.702237650082,0.31006006006,10.329336629,1.76937710775,0.765265265265,3.0868314707,0.528762798222,0.252752752753,0.579945114934,0.437917739848,2,1.32432432432,0.579945114934,2,0.0121701261701,0.00597269624573,7,0.000900900900901,0.621196581197,37,37,37,1,0,0.72972972973,0.243243243243,0.027027027027,37,0.048048048048,1.32432432432,3.45945945946,6.4,2.46153846154,2.98695864081,0.86341773211,0.443834459459,3.40464265255,1.96830903351,0.811655405405,1.57495412012,0.910520350694,0.494932432432,0.579945114934,0.437917739848,2,1.35294117647,0.597081434027,2,0,0,0,0,0.116347487795,37,34,34,0.918918918919,0,0.648648648649,0.0540540540541,0.216216216216,37,121,0.0908408408408,1.32732732733,6.54054054054,12.1,4.48148148148,5.87175250479,0.89774728379,0.416350234532,6.97873217015,2.13399248178,0.830020102747,2.49052257623,0.761564754714,0.419477328568,0.583815759329,0.439843094698,2,1.35620915033,0.601021335345,2,0.0199269480519,0.013942680093,6,0.000772200772201,0.252792623979,37,34,34,0.918918918919,0,0.648648648649,0.0810810810811,0.189189189189,-95,-0.0713213213213,0.003003003003,-5.13513513514,-9.5,-1.51851851852,-2.32734654482,0.195509633708,0.106290174472,-3.35060445885,0.364615374036,0.0647548374821,-0.596308894476,0.232801956492,0.166724575815,0.0038706443945,0.00192535484959,0,0.0318848260025,0.0210762204109,0,0.00775682188182,0.00796998384722,-1,-0.0001287001287,-0.368403957217,-0.0810810810811,-0.162162162162,0.162162162162,120,1,96,1115,0.555555555556,0.999103942652,0.00089605734767,0.444444444444,0.99173553719,0.555555555556,0.712166172107,0.711411154803,0.554659498208,0.552995391705,57,152,0,0,0,0
1256,WLNM_dir_neg,0.984710439751,0.813124716442,00:00:02,10,30,40,1233300864,threshold_sweep,0.5,0.982456140351,0.368421052632,0.535885167464,56,1,96,303,0.368421052632,0.996710526316,0.00328947368421,0.631578947368,0.982456140351,0.368421052632,0.535885167464,0.787280701754,0.625,0.432748538012,0.520456102672,0.365131578947,216,64,152,0,216,0,64,0,152,37,216,0.162162162162,1.32432432432,11.6756756757,21.6,6,8.1990990496,0.702237650082,0.31006006006,10.329336629,1.76937710775,0.765265265265,3.0868314707,0.528762798222,0.252752752753,0.579945114934,0.437917739848,2,1.32432432432,0.579945114934,2,0.0121701261701,0.00597269624573,7,0.000900900900901,0.621196581197,37,37,37,1,0,0.72972972973,0.243243243243,0.027027027027,37,0.048048048048,1.32432432432,3.45945945946,6.4,2.46153846154,2.98695864081,0.86341773211,0.443834459459,3.40464265255,1.96830903351,0.811655405405,1.57495412012,0.910520350694,0.494932432432,0.579945114934,0.437917739848,2,1.35294117647,0.597081434027,2,0,0,0,0,0.116347487795,37,34,34,0.918918918919,0,0.648648648649,0.0540540540541,0.216216216216,37,121,0.0908408408408,1.32732732733,6.54054054054,12.1,4.48148148148,5.87175250479,0.89774728379,0.416350234532,6.97873217015,2.13399248178,0.830020102747,2.49052257623,0.761564754714,0.419477328568,0.583815759329,0.439843094698,2,1.35620915033,0.601021335345,2,0.0199269480519,0.013942680093,6,0.000772200772201,0.252792623979,37,34,34,0.918918918919,0,0.648648648649,0.0810810810811,0.189189189189,-95,-0.0713213213213,0.003003003003,-5.13513513514,-9.5,-1.51851851852,-2.32734654482,0.195509633708,0.106290174472,-3.35060445885,0.364615374036,0.0647548374821,-0.596308894476,0.232801956492,0.166724575815,0.0038706443945,0.00192535484959,0,0.0318848260025,0.0210762204109,0,0.00775682188182,0.00796998384722,-1,-0.0001287001287,-0.368403957217,-0.0810810810811,-0.162162162162,0.162162162162,120,1,96,1115,0.555555555556,0.999103942652,0.00089605734767,0.444444444444,0.99173553719,0.555555555556,0.712166172107,0.711411154803,0.554659498208,0.552995391705,57,152,0,0,0,0
1257,WLNM_dir_neg,0.984710439751,0.813124716442,00:00:02,10,30,40,1233300864,threshold_sweep,0.6,0.982456140351,0.368421052632,0.535885167464,56,1,96,303,0.368421052632,0.996710526316,0.00328947368421,0.631578947368,0.982456140351,0.368421052632,0.535885167464,0.787280701754,0.625,0.432748538012,0.520456102672,0.365131578947,216,64,152,0,216,0,64,0,152,37,216,0.162162162162,1.32432432432,11.6756756757,21.6,6,8.1990990496,0.702237650082,0.31006006006,10.329336629,1.76937710775,0.765265265265,3.0868314707,0.528762798222,0.252752752753,0.579945114934,0.437917739848,2,1.32432432432,0.579945114934,2,0.0121701261701,0.00597269624573,7,0.000900900900901,0.621196581197,37,37,37,1,0,0.72972972973,0.243243243243,0.027027027027,37,0.048048048048,1.32432432432,3.45945945946,6.4,2.46153846154,2.98695864081,0.86341773211,0.443834459459,3.40464265255,1.96830903351,0.811655405405,1.57495412012,0.910520350694,0.494932432432,0.579945114934,0.437917739848,2,1.35294117647,0.597081434027,2,0,0,0,0,0.116347487795,37,34,34,0.918918918919,0,0.648648648649,0.0540540540541,0.216216216216,37,121,0.0908408408408,1.32732732733,6.54054054054,12.1,4.48148148148,5.87175250479,0.89774728379,0.416350234532,6.97873217015,2.13399248178,0.830020102747,2.49052257623,0.761564754714,0.419477328568,0.583815759329,0.439843094698,2,1.35620915033,0.601021335345,2,0.0199269480519,0.013942680093,6,0.000772200772201,0.252792623979,37,34,34,0.918918918919,0,0.648648648649,0.0810810810811,0.189189189189,-95,-0.0713213213213,0.003003003003,-5.13513513514,-9.5,-1.51851851852,-2.32734654482,0.195509633708,0.106290174472,-3.35060445885,0.364615374036,0.0647548374821,-0.596308894476,0.232801956492,0.166724575815,0.0038706443945,0.00192535484959,0,0.0318848260025,0.0210762204109,0,0.00775682188182,0.00796998384722,-1,-0.0001287001287,-0.368403957217,-0.0810810810811,-0.162162162162,0.162162162162,120,1,96,1115,0.555555555556,0.999103942652,0.00089605734767,0.444444444444,0.99173553719,0.555555555556,0.712166172107,0.711411154803,0.554659498208,0.552995391705,57,152,0,0,0,0
1258,WLNM_dir_neg,0.984710439751,0.813124716442,00:00:02,10,30,40,1233300864,threshold_sweep,0.7,0.982456140351,0.368421052632,0.535885167464,56,1,96,303,0.368421052632,0.996710526316,0.00328947368421,0.631578947368,0.982456140351,0.368421052632,0.535885167464,0.787280701754,0.625,0.432748538012,0.520456102672,0.365131578947,216,64,152,0,216,0,64,0,152,37,216,0.162162162162,1.32432432432,11.6756756757,21.6,6,8.1990990496,0.702237650082,0.31006006006,10.329336629,1.76937710775,0.765265265265,3.0868314707,0.528762798222,0.252752752753,0.579945114934,0.437917739848,2,1.32432432432,0.579945114934,2,0.0121701261701,0.00597269624573,7,0.000900900900901,0.621196581197,37,37,37,1,0,0.72972972973,0.243243243243,0.027027027027,37,0.048048048048,1.32432432432,3.45945945946,6.4,2.46153846154,2.98695864081,0.86341773211,0.443834459459,3.40464265255,1.96830903351,0.811655405405,1.57495412012,0.910520350694,0.494932432432,0.579945114934,0.437917739848,2,1.35294117647,0.597081434027,2,0,0,0,0,0.116347487795,37,34,34,0.918918918919,0,0.648648648649,0.0540540540541,0.216216216216,37,121,0.0908408408408,1.32732732733,6.54054054054,12.1,4.48148148148,5.87175250479,0.89774728379,0.416350234532,6.97873217015,2.13399248178,0.830020102747,2.49052257623,0.761564754714,0.419477328568,0.583815759329,0.439843094698,2,1.35620915033,0.601021335345,2,0.0199269480519,0.013942680093,6,0.000772200772201,0.252792623979,37,34,34,0.918918918919,0,0.648648648649,0.0810810810811,0.189189189189,-95,-0.0713213213213,0.003003003003,-5.13513513514,-9.5,-1.51851851852,-2.32734654482,0.195509633708,0.106290174472,-3.35060445885,0.364615374036,0.0647548374821,-0.596308894476,0.232801956492,0.166724575815,0.0038706443945,0.00192535484959,0,0.0318848260025,0.0210762204109,0,0.00775682188182,0.00796998384722,-1,-0.0001287001287,-0.368403957217,-0.0810810810811,-0.162162162162,0.162162162162,120,1,96,1115,0.555555555556,0.999103942652,0.00089605734767,0.444444444444,0.99173553719,0.555555555556,0.712166172107,0.711411154803,0.554659498208,0.552995391705,57,152,0,0,0,0
1259,WLNM_dir_neg,0.984710439751,0.813124716442,00:00:02,10,30,40,1233300864,threshold_sweep,0.8,0.982456140351,0.368421052632,0.535885167464,56,1,96,303,0.368421052632,0.996710526316,0.00328947368421,0.631578947368,0.982456140351,0.368421052632,0.535885167464,0.787280701754,0.625,0.432748538012,0.520456102672,0.365131578947,216,64,152,0,216,0,64,0,152,37,216,0.162162162162,1.32432432432,11.6756756757,21.6,6,8.1990990496,0.702237650082,0.31006006006,10.329336629,1.76937710775,0.765265265265,3.0868314707,0.528762798222,0.252752752753,0.579945114934,0.437917739848,2,1.32432432432,0.579945114934,2,0.0121701261701,0.00597269624573,7,0.000900900900901,0.621196581197,37,37,37,1,0,0.72972972973,0.243243243243,0.027027027027,37,0.048048048048,1.32432432432,3.45945945946,6.4,2.46153846154,2.98695864081,0.86341773211,0.443834459459,3.40464265255,1.96830903351,0.811655405405,1.57495412012,0.910520350694,0.494932432432,0.579945114934,0.437917739848,2,1.35294117647,0.597081434027,2,0,0,0,0,0.116347487795,37,34,34,0.918918918919,0,0.648648648649,0.0540540540541,0.216216216216,37,121,0.0908408408408,1.32732732733,6.54054054054,12.1,4.48148148148,5.87175250479,0.89774728379,0.416350234532,6.97873217015,2.13399248178,0.830020102747,2.49052257623,0.761564754714,0.419477328568,0.583815759329,0.439843094698,2,1.35620915033,0.601021335345,2,0.0199269480519,0.013942680093,6,0.000772200772201,0.252792623979,37,34,34,0.918918918919,0,0.648648648649,0.0810810810811,0.189189189189,-95,-0.0713213213213,0.003003003003,-5.13513513514,-9.5,-1.51851851852,-2.32734654482,0.195509633708,0.106290174472,-3.35060445885,0.364615374036,0.0647548374821,-0.596308894476,0.232801956492,0.166724575815,0.0038706443945,0.00192535484959,0,0.0318848260025,0.0210762204109,0,0.00775682188182,0.00796998384722,-1,-0.0001287001287,-0.368403957217,-0.0810810810811,-0.162162162162,0.162162162162,120,1,96,1115,0.555555555556,0.999103942652,0.00089605734767,0.444444444444,0.99173553719,0.555555555556,0.712166172107,0.711411154803,0.554659498208,0.552995391705,57,152,0,0,0,0
1260,WLNM_dir_neg,0.984710439751,0.813124716442,00:00:02,10,30,40,1233300864,threshold_sweep,0.9,0.982456140351,0.368421052632,0.535885167464,56,1,96,303,0.368421052632,0.996710526316,0.00328947368421,0.631578947368,0.982456140351,0.368421052632,0.535885167464,0.787280701754,0.625,0.432748538012,0.520456102672,0.365131578947,216,64,152,0,216,0,64,0,152,37,216,0.162162162162,1.32432432432,11.6756756757,21.6,6,8.1990990496,0.702237650082,0.31006006006,10.329336629,1.76937710775,0.765265265265,3.0868314707,0.528762798222,0.252752752753,0.579945114934,0.437917739848,2,1.32432432432,0.579945114934,2,0.0121701261701,0.00597269624573,7,0.000900900900901,0.621196581197,37,37,37,1,0,0.72972972973,0.243243243243,0.027027027027,37,0.048048048048,1.32432432432,3.45945945946,6.4,2.46153846154,2.98695864081,0.86341773211,0.443834459459,3.40464265255,1.96830903351,0.811655405405,1.57495412012,0.910520350694,0.494932432432,0.579945114934,0.437917739848,2,1.35294117647,0.597081434027,2,0,0,0,0,0.116347487795,37,34,34,0.918918918919,0,0.648648648649,0.0540540540541,0.216216216216,37,121,0.0908408408408,1.32732732733,6.54054054054,12.1,4.48148148148,5.87175250479,0.89774728379,0.416350234532,6.97873217015,2.13399248178,0.830020102747,2.49052257623,0.761564754714,0.419477328568,0.583815759329,0.439843094698,2,1.35620915033,0.601021335345,2,0.0199269480519,0.013942680093,6,0.000772200772201,0.252792623979,37,34,34,0.918918918919,0,0.648648648649,0.0810810810811,0.189189189189,-95,-0.0713213213213,0.003003003003,-5.13513513514,-9.5,-1.51851851852,-2.32734654482,0.195509633708,0.106290174472,-3.35060445885,0.364615374036,0.0647548374821,-0.596308894476,0.232801956492,0.166724575815,0.0038706443945,0.00192535484959,0,0.0318848260025,0.0210762204109,0,0.00775682188182,0.00796998384722,-1,-0.0001287001287,-0.368403957217,-0.0810810810811,-0.162162162162,0.162162162162,120,1,96,1115,0.555555555556,0.999103942652,0.00089605734767,0.444444444444,0.99173553719,0.555555555556,0.712166172107,0.711411154803,0.554659498208,0.552995391705,57,152,0,0,0,0
1261,WLNM_dir_neg,0.886112794321,0.476031995254,00:00:03,10,30,41,1233300865,threshold_sweep,0.1,0.888888888889,0.526315789474,0.661157024793,80,10,72,294,0.526315789474,0.967105263158,0.0328947368421,0.473684210526,0.888888888889,0.526315789474,0.661157024793,0.820175438596,0.600877192982,0.549450549451,0.584405727765,0.493421052632,216,64,152,0,216,0,64,0,152,37,216,0.162162162162,1.32432432432,11.6756756757,21.6,6,8.1990990496,0.702237650082,0.31006006006,10.329336629,1.76937710775,0.765265265265,3.0868314707,0.528762798222,0.252752752753,0.579945114934,0.437917739848,2,1.32432432432,0.579945114934,2,0.0121701261701,0.00597269624573,7,0.000900900900901,0.621196581197,37,37,37,1,0,0.72972972973,0.243243243243,0.027027027027,37,0.048048048048,1.32432432432,3.45945945946,6.4,2.46153846154,2.84404440693,0.822106586378,0.443412162162,3.19416698103,1.84662778591,0.789695945946,1.57495412012,0.910520350694,0.497466216216,0.579945114934,0.437917739848,2,1.375,0.609071212532,2,0,0,0,0,0.123506493506,37,32,32,0.864864864865,0,0.594594594595,0.108108108108,0.162162162162,37,154,0.115615615616,1.42231825306,8.32432432432,14,4.96774193548,7.2343856917,0.869065813614,0.425236925237,7.88639304088,1.89478274359,0.798174798175,2.78401701697,0.668887205375,0.368901368901,0.707242291739,0.49724616148,2.27610984599,1.4883054801,0.740004318764,2.27610984599,0.240650035351,0.138167564919,94,0.0120978120978,0.310933686272,37,32,32,0.864864864865,0,0.567567567568,0.27027027027,0.027027027027,-62,-0.0465465465465,0.0979939287393,-3.35135135135,-7.6,-1.03225806452,-0.9647133579,0.166828163532,0.115176865177,-2.44294358812,0.125405635842,0.0329095329095,-0.302814453739,0.140124407152,0.116148616149,0.127297176805,0.0593284216319,0.276109845986,0.16398115578,0.16005920383,0.276109845986,0.228479909181,0.132194868673,87,0.0111969111969,-0.310262894924,-0.162162162162,0.027027027027,0,144,10,72,1106,0.666666666667,0.991039426523,0.0089605734767,0.333333333333,0.935064935065,0.666666666667,0.778378378378,0.758154701612,0.65770609319,0.637168141593,90,152,0,0,0,0
1262,WLNM_dir_neg,0.886112794321,0.476031995254,00:00:03,10,30,41,1233300865,threshold_sweep,0.2,0.898876404494,0.526315789474,0.663900414938,80,9,72,295,0.526315789474,0.970394736842,0.0296052631579,0.473684210526,0.898876404494,0.526315789474,0.663900414938,0.822368421053,0.601608187135,0.554128440367,0.590791058881,0.496710526316,216,64,152,0,216,0,64,0,152,37,216,0.162162162162,1.32432432432,11.6756756757,21.6,6,8.1990990496,0.702237650082,0.31006006006,10.329336629,1.76937710775,0.765265265265,3.0868314707,0.528762798222,0.252752752753,0.579945114934,0.437917739848,2,1.32432432432,0.579945114934,2,0.0121701261701,0.00597269624573,7,0.000900900900901,0.621196581197,37,37,37,1,0,0.72972972973,0.243243243243,0.027027027027,37,0.048048048048,1.32432432432,3.45945945946,6.4,2.46153846154,2.84404440693,0.822106586378,0.443412162162,3.19416698103,1.84662778591,0.789695945946,1.57495412012,0.910520350694,0.497466216216,0.579945114934,0.437917739848,2,1.375,0.609071212532,2,0,0,0,0,0.123506493506,37,32,32,0.864864864865,0,0.594594594595,0.108108108108,0.162162162162,37,153,0.114864864865,1.34565566631,8.27027027027,15.3,4.93548387097,7.18272870096,0.868499875606,0.426426426426,7.89923400703,1.91027227621,0.800565271154,2.81031989245,0.679619843272,0.374138844727,0.617685916313,0.45902226831,2.19880662815,1.39966436417,0.648685042696,2.19880662815,0.240650035351,0.138167564919,94,0.0120978120978,0.377252283222,37,32,32,0.864864864865,0,0.594594594595,0.243243243243,0.027027027027,-63,-0.0472972972973,0.0213313419835,-3.40540540541,-6.3,-1.06451612903,-1.01637034864,0.166262225524,0.116366366366,-2.43010262196,0.140895168466,0.0353000058882,-0.276511578254,0.15085704505,0.121386091974,0.0377408013788,0.0211045284619,0.198806628154,0.0753400398441,0.0687399277616,0.198806628154,0.228479909181,0.132194868673,87,0.0111969111969,-0.243944297975,-0.135135135135,0,0,144,9,72,1107,0.666666666667,0.991935483871,0.00806451612903,0.333333333333,0.941176470588,0.666666666667,0.780487804878,0.761341492962,0.658602150538,0.64,89,152,0,0,0,0
1263,WLNM_dir_neg,0.886112794321,0.476031995254,00:00:03,10,30,41,1233300865,threshold_sweep,0.3,0.898876404494,0.526315789474,0.663900414938,80,9,72,295,0.526315789474,0.970394736842,0.0296052631579,0.473684210526,0.898876404494,0.526315789474,0.663900414938,0.822368421053,0.601608187135,0.554128440367,0.590791058881,0.496710526316,216,64,152,0,216,0,64,0,152,37,216,0.162162162162,1.32432432432,11.6756756757,21.6,6,8.1990990496,0.702237650082,0.31006006006,10.329336629,1.76937710775,0.765265265265,3.0868314707,0.528762798222,0.252752752753,0.579945114934,0.437917739848,2,1.32432432432,0.579945114934,2,0.0121701261701,0.00597269624573,7,0.000900900900901,0.621196581197,37,37,37,1,0,0.72972972973,0.243243243243,0.027027027027,37,0.048048048048,1.32432432432,3.45945945946,6.4,2.46153846154,2.84404440693,0.822106586378,0.443412162162,3.19416698103,1.84662778591,0.789695945946,1.57495412012,0.910520350694,0.497466216216,0.579945114934,0.437917739848,2,1.375,0.609071212532,2,0,0,0,0,0.123506493506,37,32,32,0.864864864865,0,0.594594594595,0.108108108108,0.162162162162,37,153,0.114864864865,1.34565566631,8.27027027027,15.3,4.93548387097,7.18272870096,0.868499875606,0.426426426426,7.89923400703,1.91027227621,0.800565271154,2.81031989245,0.679619843272,0.374138844727,0.617685916313,0.45902226831,2.19880662815,1.39966436417,0.648685042696,2.19880662815,0.240650035351,0.138167564919,94,0.0120978120978,0.377252283222,37,32,32,0.864864864865,0,0.594594594595,0.243243243243,0.027027027027,-63,-0.0472972972973,0.0213313419835,-3.40540540541,-6.3,-1.06451612903,-1.01637034864,0.166262225524,0.116366366366,-2.43010262196,0.140895168466,0.0353000058882,-0.276511578254,0.15085704505,0.121386091974,0.0377408013788,0.0211045284619,0.198806628154,0.0753400398441,0.0687399277616,0.198806628154,0.228479909181,0.132194868673,87,0.0111969111969,-0.243944297975,-0.135135135135,0,0,144,9,72,1107,0.666666666667,0.991935483871,0.00806451612903,0.333333333333,0.941176470588,0.666666666667,0.780487804878,0.761341492962,0.658602150538,0.64,89,152,0,0,0,0
1264,WLNM_dir_neg,0.886112794321,0.476031995254,00:00:03,10,30,41,1233300865,threshold_sweep,0.4,0.898876404494,0.526315789474,0.663900414938,80,9,72,295,0.526315789474,0.970394736842,0.0296052631579,0.473684210526,0.898876404494,0.526315789474,0.663900414938,0.822368421053,0.601608187135,0.554128440367,0.590791058881,0.496710526316,216,64,152,0,216,0,64,0,152,37,216,0.162162162162,1.32432432432,11.6756756757,21.6,6,8.1990990496,0.702237650082,0.31006006006,10.329336629,1.76937710775,0.765265265265,3.0868314707,0.528762798222,0.252752752753,0.579945114934,0.437917739848,2,1.32432432432,0.579945114934,2,0.0121701261701,0.00597269624573,7,0.000900900900901,0.621196581197,37,37,37,1,0,0.72972972973,0.243243243243,0.027027027027,37,0.048048048048,1.32432432432,3.45945945946,6.4,2.46153846154,2.84404440693,0.822106586378,0.443412162162,3.19416698103,1.84662778591,0.789695945946,1.57495412012,0.910520350694,0.497466216216,0.579945114934,0.437917739848,2,1.375,0.609071212532,2,0,0,0,0,0.123506493506,37,32,32,0.864864864865,0,0.594594594595,0.108108108108,0.162162162162,37,153,0.114864864865,1.34565566631,8.27027027027,15.3,4.93548387097,7.18272870096,0.868499875606,0.426426426426,7.89923400703,1.91027227621,0.800565271154,2.81031989245,0.679619843272,0.374138844727,0.617685916313,0.45902226831,2.19880662815,1.39966436417,0.648685042696,2.19880662815,0.240650035351,0.138167564919,94,0.0120978120978,0.377252283222,37,32,32,0.864864864865,0,0.594594594595,0.243243243243,0.027027027027,-63,-0.0472972972973,0.0213313419835,-3.40540540541,-6.3,-1.06451612903,-1.01637034864,0.166262225524,0.116366366366,-2.43010262196,0.140895168466,0.0353000058882,-0.276511578254,0.15085704505,0.121386091974,0.0377408013788,0.0211045284619,0.198806628154,0.0753400398441,0.0687399277616,0.198806628154,0.228479909181,0.132194868673,87,0.0111969111969,-0.243944297975,-0.135135135135,0,0,144,9,72,1107,0.666666666667,0.991935483871,0.00806451612903,0.333333333333,0.941176470588,0.666666666667,0.780487804878,0.761341492962,0.658602150538,0.64,89,152,0,0,0,0
1265,WLNM_dir_neg,0.886112794321,0.476031995254,00:00:03,10,30,41,1233300865,threshold_sweep,0.5,0.898876404494,0.526315789474,0.663900414938,80,9,72,295,0.526315789474,0.970394736842,0.0296052631579,0.473684210526,0.898876404494,0.526315789474,0.663900414938,0.822368421053,0.601608187135,0.554128440367,0.590791058881,0.496710526316,216,64,152,0,216,0,64,0,152,37,216,0.162162162162,1.32432432432,11.6756756757,21.6,6,8.1990990496,0.702237650082,0.31006006006,10.329336629,1.76937710775,0.765265265265,3.0868314707,0.528762798222,0.252752752753,0.579945114934,0.437917739848,2,1.32432432432,0.579945114934,2,0.0121701261701,0.00597269624573,7,0.000900900900901,0.621196581197,37,37,37,1,0,0.72972972973,0.243243243243,0.027027027027,37,0.048048048048,1.32432432432,3.45945945946,6.4,2.46153846154,2.84404440693,0.822106586378,0.443412162162,3.19416698103,1.84662778591,0.789695945946,1.57495412012,0.910520350694,0.497466216216,0.579945114934,0.437917739848,2,1.375,0.609071212532,2,0,0,0,0,0.123506493506,37,32,32,0.864864864865,0,0.594594594595,0.108108108108,0.162162162162,37,153,0.114864864865,1.34565566631,8.27027027027,15.3,4.93548387097,7.18272870096,0.868499875606,0.426426426426,7.89923400703,1.91027227621,0.800565271154,2.81031989245,0.679619843272,0.374138844727,0.617685916313,0.45902226831,2.19880662815,1.39966436417,0.648685042696,2.19880662815,0.240650035351,0.138167564919,94,0.0120978120978,0.377252283222,37,32,32,0.864864864865,0,0.594594594595,0.243243243243,0.027027027027,-63,-0.0472972972973,0.0213313419835,-3.40540540541,-6.3,-1.06451612903,-1.01637034864,0.166262225524,0.116366366366,-2.43010262196,0.140895168466,0.0353000058882,-0.276511578254,0.15085704505,0.121386091974,0.0377408013788,0.0211045284619,0.198806628154,0.0753400398441,0.0687399277616,0.198806628154,0.228479909181,0.132194868673,87,0.0111969111969,-0.243944297975,-0.135135135135,0,0,144,9,72,1107,0.666666666667,0.991935483871,0.00806451612903,0.333333333333,0.941176470588,0.666666666667,0.780487804878,0.761341492962,0.658602150538,0.64,89,152,0,0,0,0
1266,WLNM_dir_neg,0.886112794321,0.476031995254,00:00:03,10,30,41,1233300865,threshold_sweep,0.6,0.898876404494,0.526315789474,0.663900414938,80,9,72,295,0.526315789474,0.970394736842,0.0296052631579,0.473684210526,0.898876404494,0.526315789474,0.663900414938,0.822368421053,0.601608187135,0.554128440367,0.590791058881,0.496710526316,216,64,152,0,216,0,64,0,152,37,216,0.162162162162,1.32432432432,11.6756756757,21.6,6,8.1990990496,0.702237650082,0.31006006006,10.329336629,1.76937710775,0.765265265265,3.0868314707,0.528762798222,0.252752752753,0.579945114934,0.437917739848,2,1.32432432432,0.579945114934,2,0.0121701261701,0.00597269624573,7,0.000900900900901,0.621196581197,37,37,37,1,0,0.72972972973,0.243243243243,0.027027027027,37,0.048048048048,1.32432432432,3.45945945946,6.4,2.46153846154,2.84404440693,0.822106586378,0.443412162162,3.19416698103,1.84662778591,0.789695945946,1.57495412012,0.910520350694,0.497466216216,0.579945114934,0.437917739848,2,1.375,0.609071212532,2,0,0,0,0,0.123506493506,37,32,32,0.864864864865,0,0.594594594595,0.108108108108,0.162162162162,37,153,0.114864864865,1.34565566631,8.27027027027,15.3,4.93548387097,7.18272870096,0.868499875606,0.426426426426,7.89923400703,1.91027227621,0.800565271154,2.81031989245,0.679619843272,0.374138844727,0.617685916313,0.45902226831,2.19880662815,1.39966436417,0.648685042696,2.19880662815,0.240650035351,0.138167564919,94,0.0120978120978,0.377252283222,37,32,32,0.864864864865,0,0.594594594595,0.243243243243,0.027027027027,-63,-0.0472972972973,0.0213313419835,-3.40540540541,-6.3,-1.06451612903,-1.01637034864,0.166262225524,0.116366366366,-2.43010262196,0.140895168466,0.0353000058882,-0.276511578254,0.15085704505,0.121386091974,0.0377408013788,0.0211045284619,0.198806628154,0.0753400398441,0.0687399277616,0.198806628154,0.228479909181,0.132194868673,87,0.0111969111969,-0.243944297975,-0.135135135135,0,0,144,9,72,1107,0.666666666667,0.991935483871,0.00806451612903,0.333333333333,0.941176470588,0.666666666667,0.780487804878,0.761341492962,0.658602150538,0.64,89,152,0,0,0,0
1267,WLNM_dir_neg,0.886112794321,0.476031995254,00:00:03,10,30,41,1233300865,threshold_sweep,0.7,0.919540229885,0.526315789474,0.669456066946,80,7,72,297,0.526315789474,0.976973684211,0.0230263157895,0.473684210526,0.919540229885,0.526315789474,0.669456066946,0.826754385965,0.603070175439,0.563535911602,0.603814619065,0.503289473684,216,64,152,0,216,0,64,0,152,37,216,0.162162162162,1.32432432432,11.6756756757,21.6,6,8.1990990496,0.702237650082,0.31006006006,10.329336629,1.76937710775,0.765265265265,3.0868314707,0.528762798222,0.252752752753,0.579945114934,0.437917739848,2,1.32432432432,0.579945114934,2,0.0121701261701,0.00597269624573,7,0.000900900900901,0.621196581197,37,37,37,1,0,0.72972972973,0.243243243243,0.027027027027,37,0.048048048048,1.32432432432,3.45945945946,6.4,2.46153846154,2.84404440693,0.822106586378,0.443412162162,3.19416698103,1.84662778591,0.789695945946,1.57495412012,0.910520350694,0.497466216216,0.579945114934,0.437917739848,2,1.375,0.609071212532,2,0,0,0,0,0.123506493506,37,32,32,0.864864864865,0,0.594594594595,0.108108108108,0.162162162162,37,151,0.113363363363,1.34190573074,8.16216216216,15.1,4.87096774194,7.01392865627,0.859322385039,0.421693216395,7.84353370752,1.921925478,0.801861464113,2.82231562116,0.691560781345,0.381958117057,0.611290394822,0.455539000109,2.18339022637,1.39532850117,0.641985546126,2.18339022637,0.202413478731,0.111337061515,73,0.00939510939511,0.373745460737,37,32,32,0.864864864865,0,0.594594594595,0.243243243243,0.027027027027,-65,-0.0487987987988,0.0175814064154,-3.51351351351,-6.5,-1.12903225806,-1.18517039334,0.157084734957,0.111633156335,-2.48580292148,0.152548370257,0.0365961988479,-0.26451584954,0.162797983122,0.129205364305,0.0313452798874,0.0176212602607,0.183390226374,0.0710041768435,0.0620404311918,0.183390226374,0.190243352561,0.105364365269,66,0.00849420849421,-0.247451120459,-0.135135135135,0,0,144,7,72,1109,0.666666666667,0.993727598566,0.00627240143369,0.333333333333,0.953642384106,0.666666666667,0.784741144414,0.767801301015,0.660394265233,0.645739910314,87,152,0,0,0,0
1268,WLNM_dir_neg,0.886112794321,0.476031995254,00:00:03,10,30,41,1233300865,threshold_sweep,0.8,0.919540229885,0.526315789474,0.669456066946,80,7,72,297,0.526315789474,0.976973684211,0.0230263157895,0.473684210526,0.919540229885,0.526315789474,0.669456066946,0.826754385965,0.603070175439,0.563535911602,0.603814619065,0.503289473684,216,64,152,0,216,0,64,0,152,37,216,0.162162162162,1.32432432432,11.6756756757,21.6,6,8.1990990496,0.702237650082,0.31006006006,10.329336629,1.76937710775,0.765265265265,3.0868314707,0.528762798222,0.252752752753,0.579945114934,0.437917739848,2,1.32432432432,0.579945114934,2,0.0121701261701,0.00597269624573,7,0.000900900900901,0.621196581197,37,37,37,1,0,0.72972972973,0.243243243243,0.027027027027,37,0.048048048048,1.32432432432,3.45945945946,6.4,2.46153846154,2.84404440693,0.822106586378,0.443412162162,3.19416698103,1.84662778591,0.789695945946,1.57495412012,0.910520350694,0.497466216216,0.579945114934,0.437917739848,2,1.375,0.609071212532,2,0,0,0,0,0.123506493506,37,32,32,0.864864864865,0,0.594594594595,0.108108108108,0.162162162162,37,151,0.113363363363,1.34190573074,8.16216216216,15.1,4.87096774194,7.01392865627,0.859322385039,0.421693216395,7.84353370752,1.921925478,0.801861464113,2.82231562116,0.691560781345,0.381958117057,0.611290394822,0.455539000109,2.18339022637,1.39532850117,0.641985546126,2.18339022637,0.202413478731,0.111337061515,73,0.00939510939511,0.373745460737,37,32,32,0.864864864865,0,0.594594594595,0.243243243243,0.027027027027,-65,-0.0487987987988,0.0175814064154,-3.51351351351,-6.5,-1.12903225806,-1.18517039334,0.157084734957,0.111633156335,-2.48580292148,0.152548370257,0.0365961988479,-0.26451584954,0.162797983122,0.129205364305,0.0313452798874,0.0176212602607,0.183390226374,0.0710041768435,0.0620404311918,0.183390226374,0.190243352561,0.105364365269,66,0.00849420849421,-0.247451120459,-0.135135135135,0,0,144,7,72,1109,0.666666666667,0.993727598566,0.00627240143369,0.333333333333,0.953642384106,0.666666666667,0.784741144414,0.767801301015,0.660394265233,0.645739910314,87,152,0,0,0,0
1269,WLNM_dir_neg,0.886112794321,0.476031995254,00:00:03,10,30,41,1233300865,threshold_sweep,0.9,0.919540229885,0.526315789474,0.669456066946,80,7,72,297,0.526315789474,0.976973684211,0.0230263157895,0.473684210526,0.919540229885,0.526315789474,0.669456066946,0.826754385965,0.603070175439,0.563535911602,0.603814619065,0.503289473684,216,64,152,0,216,0,64,0,152,37,216,0.162162162162,1.32432432432,11.6756756757,21.6,6,8.1990990496,0.702237650082,0.31006006006,10.329336629,1.76937710775,0.765265265265,3.0868314707,0.528762798222,0.252752752753,0.579945114934,0.437917739848,2,1.32432432432,0.579945114934,2,0.0121701261701,0.00597269624573,7,0.000900900900901,0.621196581197,37,37,37,1,0,0.72972972973,0.243243243243,0.027027027027,37,0.048048048048,1.32432432432,3.45945945946,6.4,2.46153846154,2.84404440693,0.822106586378,0.443412162162,3.19416698103,1.84662778591,0.789695945946,1.57495412012,0.910520350694,0.497466216216,0.579945114934,0.437917739848,2,1.375,0.609071212532,2,0,0,0,0,0.123506493506,37,32,32,0.864864864865,0,0.594594594595,0.108108108108,0.162162162162,37,151,0.113363363363,1.34190573074,8.16216216216,15.1,4.87096774194,7.01392865627,0.859322385039,0.421693216395,7.84353370752,1.921925478,0.801861464113,2.82231562116,0.691560781345,0.381958117057,0.611290394822,0.455539000109,2.18339022637,1.39532850117,0.641985546126,2.18339022637,0.202413478731,0.111337061515,73,0.00939510939511,0.373745460737,37,32,32,0.864864864865,0,0.594594594595,0.243243243243,0.027027027027,-65,-0.0487987987988,0.0175814064154,-3.51351351351,-6.5,-1.12903225806,-1.18517039334,0.157084734957,0.111633156335,-2.48580292148,0.152548370257,0.0365961988479,-0.26451584954,0.162797983122,0.129205364305,0.0313452798874,0.0176212602607,0.183390226374,0.0710041768435,0.0620404311918,0.183390226374,0.190243352561,0.105364365269,66,0.00849420849421,-0.247451120459,-0.135135135135,0,0,144,7,72,1109,0.666666666667,0.993727598566,0.00627240143369,0.333333333333,0.953642384106,0.666666666667,0.784741144414,0.767801301015,0.660394265233,0.645739910314,87,152,0,0,0,0
1270,WLNM_dir_neg,0.98103142313,0.659877467059,00:00:03,10,30,42,1233300866,threshold_sweep,0.1,0.918238993711,0.960526315789,0.938906752412,146,13,6,291,0.960526315789,0.957236842105,0.0427631578947,0.0394736842105,0.918238993711,0.960526315789,0.938906752412,0.958333333333,0.550438596491,0.907317073171,0.907846489619,0.917763157895,216,64,152,0,216,0,64,0,152,37,216,0.162162162162,1.32432432432,11.6756756757,21.6,6,8.1990990496,0.702237650082,0.31006006006,10.329336629,1.76937710775,0.765265265265,3.0868314707,0.528762798222,0.252752752753,0.579945114934,0.437917739848,2,1.32432432432,0.579945114934,2,0.0121701261701,0.00597269624573,7,0.000900900900901,0.621196581197,37,37,37,1,0,0.72972972973,0.243243243243,0.027027027027,37,0.048048048048,1.32432432432,3.45945945946,6.4,2.28571428571,2.82444286143,0.816440514632,0.41722972973,3.26299665142,1.8864199391,0.798986486486,1.36724883228,0.790440731162,0.434966216216,0.579945114934,0.437917739848,2,1.35294117647,0.597081434027,2,0,0,0,0,0.101428805399,37,34,34,0.918918918919,0,0.648648648649,0.108108108108,0.162162162162,37,223,0.167417417417,1.34964440879,12.0540540541,22.3,6.02702702703,9.06748141543,0.752235005316,0.340807174888,10.8153350143,1.79447262569,0.77323960732,2.71299840773,0.450138749265,0.221548903163,0.628823000392,0.465917538203,2.27281393727,1.34964440879,0.628823000392,2.27281393727,0.290317356061,0.18410700236,234,0.0301158301158,0.557500969393,37,37,37,1,0,0.72972972973,0.27027027027,0,7,0.00525525525526,0.0253200844641,0.378378378378,0.7,0.027027027027,0.868382365828,0.0499973552343,0.0307471148278,0.485998385297,0.0250955179452,0.00797434205506,-0.373833062971,-0.0786240489574,-0.0312038495895,0.0488778854574,0.0279997983543,0.272813937268,0.0253200844641,0.0488778854574,0.272813937268,0.278147229891,0.178134306115,227,0.0292149292149,-0.0636956118039,0,0.027027027027,-0.027027027027,210,13,6,1103,0.972222222222,0.98835125448,0.0116487455197,0.0277777777778,0.941704035874,0.972222222222,0.956719817768,0.948355918812,0.960573476703,0.917030567686,159,152,0,0,0,0
1271,WLNM_dir_neg,0.98103142313,0.659877467059,00:00:03,10,30,42,1233300866,threshold_sweep,0.2,0.922077922078,0.934210526316,0.928104575163,142,12,10,292,0.934210526316,0.960526315789,0.0394736842105,0.0657894736842,0.922077922078,0.934210526316,0.928104575163,0.951754385965,0.554093567251,0.891803278689,0.891846421994,0.894736842105,216,64,152,0,216,0,64,0,152,37,216,0.162162162162,1.32432432432,11.6756756757,21.6,6,8.1990990496,0.702237650082,0.31006006006,10.329336629,1.76937710775,0.765265265265,3.0868314707,0.528762798222,0.252752752753,0.579945114934,0.437917739848,2,1.32432432432,0.579945114934,2,0.0121701261701,0.00597269624573,7,0.000900900900901,0.621196581197,37,37,37,1,0,0.72972972973,0.243243243243,0.027027027027,37,0.048048048048,1.32432432432,3.45945945946,6.4,2.28571428571,2.82444286143,0.816440514632,0.41722972973,3.26299665142,1.8864199391,0.798986486486,1.36724883228,0.790440731162,0.434966216216,0.579945114934,0.437917739848,2,1.35294117647,0.597081434027,2,0,0,0,0,0.101428805399,37,34,34,0.918918918919,0,0.648648648649,0.108108108108,0.162162162162,37,218,0.163663663664,1.34519057613,11.7837837838,21.8,5.89189189189,8.9787871463,0.761961294526,0.349987602281,10.7903861114,1.83139580789,0.77783287875,2.88467005415,0.489599963319,0.240515745103,0.615271816431,0.457386356511,2.12243358515,1.34519057613,0.615271816431,2.12243358515,0.293883369322,0.184528605963,229,0.0294723294723,0.548338823573,37,37,37,1,0,0.72972972973,0.27027027027,0,2,0.0015015015015,0.0208662518096,0.108108108108,0.2,-0.108108108108,0.779688096699,0.0597236444439,0.0399275422211,0.46104948237,0.0620187001476,0.012567613485,-0.202161416552,-0.0391628349031,-0.0122370076499,0.0353267014963,0.0194686166625,0.122433585154,0.0208662518096,0.0353267014963,0.122433585154,0.281713243152,0.178555909717,222,0.0285714285714,-0.0728577576231,0,0.027027027027,-0.027027027027,206,12,10,1104,0.953703703704,0.989247311828,0.010752688172,0.0462962962963,0.94495412844,0.953703703704,0.94930875576,0.93945777113,0.942951015532,0.90350877193,154,152,0,0,0,0
1272,WLNM_dir_neg,0.98103142313,0.659877467059,00:00:03,10,30,42,1233300866,threshold_sweep,0.3,0.922077922078,0.934210526316,0.928104575163,142,12,10,292,0.934210526316,0.960526315789,0.0394736842105,0.0657894736842,0.922077922078,0.934210526316,0.928104575163,0.951754385965,0.554093567251,0.891803278689,0.891846421994,0.894736842105,216,64,152,0,216,0,64,0,152,37,216,0.162162162162,1.32432432432,11.6756756757,21.6,6,8.1990990496,0.702237650082,0.31006006006,10.329336629,1.76937710775,0.765265265265,3.0868314707,0.528762798222,0.252752752753,0.579945114934,0.437917739848,2,1.32432432432,0.579945114934,2,0.0121701261701,0.00597269624573,7,0.000900900900901,0.621196581197,37,37,37,1,0,0.72972972973,0.243243243243,0.027027027027,37,0.048048048048,1.32432432432,3.45945945946,6.4,2.28571428571,2.82444286143,0.816440514632,0.41722972973,3.26299665142,1.8864199391,0.798986486486,1.36724883228,0.790440731162,0.434966216216,0.579945114934,0.437917739848,2,1.35294117647,0.597081434027,2,0,0,0,0,0.101428805399,37,34,34,0.918918918919,0,0.648648648649,0.108108108108,0.162162162162,37,218,0.163663663664,1.34519057613,11.7837837838,21.8,5.89189189189,8.9787871463,0.761961294526,0.349987602281,10.7903861114,1.83139580789,0.77783287875,2.88467005415,0.489599963319,0.240515745103,0.615271816431,0.457386356511,2.12243358515,1.34519057613,0.615271816431,2.12243358515,0.293883369322,0.184528605963,229,0.0294723294723,0.548338823573,37,37,37,1,0,0.72972972973,0.27027027027,0,2,0.0015015015015,0.0208662518096,0.108108108108,0.2,-0.108108108108,0.779688096699,0.0597236444439,0.0399275422211,0.46104948237,0.0620187001476,0.012567613485,-0.202161416552,-0.0391628349031,-0.0122370076499,0.0353267014963,0.0194686166625,0.122433585154,0.0208662518096,0.0353267014963,0.122433585154,0.281713243152,0.178555909717,222,0.0285714285714,-0.0728577576231,0,0.027027027027,-0.027027027027,206,12,10,1104,0.953703703704,0.989247311828,0.010752688172,0.0462962962963,0.94495412844,0.953703703704,0.94930875576,0.93945777113,0.942951015532,0.90350877193,154,152,0,0,0,0
1273,WLNM_dir_neg,0.98103142313,0.659877467059,00:00:03,10,30,42,1233300866,threshold_sweep,0.4,0.922077922078,0.934210526316,0.928104575163,142,12,10,292,0.934210526316,0.960526315789,0.0394736842105,0.0657894736842,0.922077922078,0.934210526316,0.928104575163,0.951754385965,0.554093567251,0.891803278689,0.891846421994,0.894736842105,216,64,152,0,216,0,64,0,152,37,216,0.162162162162,1.32432432432,11.6756756757,21.6,6,8.1990990496,0.702237650082,0.31006006006,10.329336629,1.76937710775,0.765265265265,3.0868314707,0.528762798222,0.252752752753,0.579945114934,0.437917739848,2,1.32432432432,0.579945114934,2,0.0121701261701,0.00597269624573,7,0.000900900900901,0.621196581197,37,37,37,1,0,0.72972972973,0.243243243243,0.027027027027,37,0.048048048048,1.32432432432,3.45945945946,6.4,2.28571428571,2.82444286143,0.816440514632,0.41722972973,3.26299665142,1.8864199391,0.798986486486,1.36724883228,0.790440731162,0.434966216216,0.579945114934,0.437917739848,2,1.35294117647,0.597081434027,2,0,0,0,0,0.101428805399,37,34,34,0.918918918919,0,0.648648648649,0.108108108108,0.162162162162,37,218,0.163663663664,1.34519057613,11.7837837838,21.8,5.89189189189,8.9787871463,0.761961294526,0.349987602281,10.7903861114,1.83139580789,0.77783287875,2.88467005415,0.489599963319,0.240515745103,0.615271816431,0.457386356511,2.12243358515,1.34519057613,0.615271816431,2.12243358515,0.293883369322,0.184528605963,229,0.0294723294723,0.548338823573,37,37,37,1,0,0.72972972973,0.27027027027,0,2,0.0015015015015,0.0208662518096,0.108108108108,0.2,-0.108108108108,0.779688096699,0.0597236444439,0.0399275422211,0.46104948237,0.0620187001476,0.012567613485,-0.202161416552,-0.0391628349031,-0.0122370076499,0.0353267014963,0.0194686166625,0.122433585154,0.0208662518096,0.0353267014963,0.122433585154,0.281713243152,0.178555909717,222,0.0285714285714,-0.0728577576231,0,0.027027027027,-0.027027027027,206,12,10,1104,0.953703703704,0.989247311828,0.010752688172,0.0462962962963,0.94495412844,0.953703703704,0.94930875576,0.93945777113,0.942951015532,0.90350877193,154,152,0,0,0,0
1274,WLNM_dir_neg,0.98103142313,0.659877467059,00:00:03,10,30,42,1233300866,threshold_sweep,0.5,0.922077922078,0.934210526316,0.928104575163,142,12,10,292,0.934210526316,0.960526315789,0.0394736842105,0.0657894736842,0.922077922078,0.934210526316,0.928104575163,0.951754385965,0.554093567251,0.891803278689,0.891846421994,0.894736842105,216,64,152,0,216,0,64,0,152,37,216,0.162162162162,1.32432432432,11.6756756757,21.6,6,8.1990990496,0.702237650082,0.31006006006,10.329336629,1.76937710775,0.765265265265,3.0868314707,0.528762798222,0.252752752753,0.579945114934,0.437917739848,2,1.32432432432,0.579945114934,2,0.0121701261701,0.00597269624573,7,0.000900900900901,0.621196581197,37,37,37,1,0,0.72972972973,0.243243243243,0.027027027027,37,0.048048048048,1.32432432432,3.45945945946,6.4,2.28571428571,2.82444286143,0.816440514632,0.41722972973,3.26299665142,1.8864199391,0.798986486486,1.36724883228,0.790440731162,0.434966216216,0.579945114934,0.437917739848,2,1.35294117647,0.597081434027,2,0,0,0,0,0.101428805399,37,34,34,0.918918918919,0,0.648648648649,0.108108108108,0.162162162162,37,218,0.163663663664,1.34519057613,11.7837837838,21.8,5.89189189189,8.9787871463,0.761961294526,0.349987602281,10.7903861114,1.83139580789,0.77783287875,2.88467005415,0.489599963319,0.240515745103,0.615271816431,0.457386356511,2.12243358515,1.34519057613,0.615271816431,2.12243358515,0.293883369322,0.184528605963,229,0.0294723294723,0.548338823573,37,37,37,1,0,0.72972972973,0.27027027027,0,2,0.0015015015015,0.0208662518096,0.108108108108,0.2,-0.108108108108,0.779688096699,0.0597236444439,0.0399275422211,0.46104948237,0.0620187001476,0.012567613485,-0.202161416552,-0.0391628349031,-0.0122370076499,0.0353267014963,0.0194686166625,0.122433585154,0.0208662518096,0.0353267014963,0.122433585154,0.281713243152,0.178555909717,222,0.0285714285714,-0.0728577576231,0,0.027027027027,-0.027027027027,206,12,10,1104,0.953703703704,0.989247311828,0.010752688172,0.0462962962963,0.94495412844,0.953703703704,0.94930875576,0.93945777113,0.942951015532,0.90350877193,154,152,0,0,0,0
1275,WLNM_dir_neg,0.98103142313,0.659877467059,00:00:03,10,30,42,1233300866,threshold_sweep,0.6,0.922077922078,0.934210526316,0.928104575163,142,12,10,292,0.934210526316,0.960526315789,0.0394736842105,0.0657894736842,0.922077922078,0.934210526316,0.928104575163,0.951754385965,0.554093567251,0.891803278689,0.891846421994,0.894736842105,216,64,152,0,216,0,64,0,152,37,216,0.162162162162,1.32432432432,11.6756756757,21.6,6,8.1990990496,0.702237650082,0.31006006006,10.329336629,1.76937710775,0.765265265265,3.0868314707,0.528762798222,0.252752752753,0.579945114934,0.437917739848,2,1.32432432432,0.579945114934,2,0.0121701261701,0.00597269624573,7,0.000900900900901,0.621196581197,37,37,37,1,0,0.72972972973,0.243243243243,0.027027027027,37,0.048048048048,1.32432432432,3.45945945946,6.4,2.28571428571,2.82444286143,0.816440514632,0.41722972973,3.26299665142,1.8864199391,0.798986486486,1.36724883228,0.790440731162,0.434966216216,0.579945114934,0.437917739848,2,1.35294117647,0.597081434027,2,0,0,0,0,0.101428805399,37,34,34,0.918918918919,0,0.648648648649,0.108108108108,0.162162162162,37,218,0.163663663664,1.34519057613,11.7837837838,21.8,5.89189189189,8.9787871463,0.761961294526,0.349987602281,10.7903861114,1.83139580789,0.77783287875,2.88467005415,0.489599963319,0.240515745103,0.615271816431,0.457386356511,2.12243358515,1.34519057613,0.615271816431,2.12243358515,0.293883369322,0.184528605963,229,0.0294723294723,0.548338823573,37,37,37,1,0,0.72972972973,0.27027027027,0,2,0.0015015015015,0.0208662518096,0.108108108108,0.2,-0.108108108108,0.779688096699,0.0597236444439,0.0399275422211,0.46104948237,0.0620187001476,0.012567613485,-0.202161416552,-0.0391628349031,-0.0122370076499,0.0353267014963,0.0194686166625,0.122433585154,0.0208662518096,0.0353267014963,0.122433585154,0.281713243152,0.178555909717,222,0.0285714285714,-0.0728577576231,0,0.027027027027,-0.027027027027,206,12,10,1104,0.953703703704,0.989247311828,0.010752688172,0.0462962962963,0.94495412844,0.953703703704,0.94930875576,0.93945777113,0.942951015532,0.90350877193,154,152,0,0,0,0
1276,WLNM_dir_neg,0.98103142313,0.659877467059,00:00:03,10,30,42,1233300866,threshold_sweep,0.7,0.918918918919,0.894736842105,0.906666666667,136,12,16,292,0.894736842105,0.960526315789,0.0394736842105,0.105263157895,0.918918918919,0.894736842105,0.906666666667,0.938596491228,0.558479532164,0.860927152318,0.861097115016,0.855263157895,216,64,152,0,216,0,64,0,152,37,216,0.162162162162,1.32432432432,11.6756756757,21.6,6,8.1990990496,0.702237650082,0.31006006006,10.329336629,1.76937710775,0.765265265265,3.0868314707,0.528762798222,0.252752752753,0.579945114934,0.437917739848,2,1.32432432432,0.579945114934,2,0.0121701261701,0.00597269624573,7,0.000900900900901,0.621196581197,37,37,37,1,0,0.72972972973,0.243243243243,0.027027027027,37,0.048048048048,1.32432432432,3.45945945946,6.4,2.28571428571,2.82444286143,0.816440514632,0.41722972973,3.26299665142,1.8864199391,0.798986486486,1.36724883228,0.790440731162,0.434966216216,0.579945114934,0.437917739848,2,1.35294117647,0.597081434027,2,0,0,0,0,0.101428805399,37,34,34,0.918918918919,0,0.648648648649,0.108108108108,0.162162162162,37,212,0.159159159159,1.34629011108,11.4594594595,21.2,6.23529411765,8.89942131263,0.776600444734,0.355558388577,10.7720024153,1.88001928947,0.784548699643,3.13270072203,0.546744937336,0.269250382458,0.618339651164,0.45929153462,2.12253860504,1.35590928084,0.624296939578,2.12253860504,0.286836476058,0.186241610738,222,0.0285714285714,0.549067081424,37,36,36,0.972972972973,0,0.702702702703,0.216216216216,0.0540540540541,-4,-0.003003003003,0.0219657867601,-0.216216216216,-0.4,0.235294117647,0.700322263026,0.0743627946524,0.0454983285172,0.442665786338,0.110642181724,0.0192834343778,0.0458692513271,0.0179821391132,0.0164976297052,0.0383945362292,0.0213737947715,0.122538605037,0.0315849565124,0.044351824644,0.122538605037,0.274666349888,0.180268914493,215,0.0276705276705,-0.0721294997728,-0.027027027027,-0.027027027027,0.027027027027,200,12,16,1104,0.925925925926,0.989247311828,0.010752688172,0.0740740740741,0.943396226415,0.925925925926,0.934579439252,0.922115543528,0.915173237754,0.877192982456,148,152,0,0,0,0
1277,WLNM_dir_neg,0.98103142313,0.659877467059,00:00:03,10,30,42,1233300866,threshold_sweep,0.8,0.918918918919,0.894736842105,0.906666666667,136,12,16,292,0.894736842105,0.960526315789,0.0394736842105,0.105263157895,0.918918918919,0.894736842105,0.906666666667,0.938596491228,0.558479532164,0.860927152318,0.861097115016,0.855263157895,216,64,152,0,216,0,64,0,152,37,216,0.162162162162,1.32432432432,11.6756756757,21.6,6,8.1990990496,0.702237650082,0.31006006006,10.329336629,1.76937710775,0.765265265265,3.0868314707,0.528762798222,0.252752752753,0.579945114934,0.437917739848,2,1.32432432432,0.579945114934,2,0.0121701261701,0.00597269624573,7,0.000900900900901,0.621196581197,37,37,37,1,0,0.72972972973,0.243243243243,0.027027027027,37,0.048048048048,1.32432432432,3.45945945946,6.4,2.28571428571,2.82444286143,0.816440514632,0.41722972973,3.26299665142,1.8864199391,0.798986486486,1.36724883228,0.790440731162,0.434966216216,0.579945114934,0.437917739848,2,1.35294117647,0.597081434027,2,0,0,0,0,0.101428805399,37,34,34,0.918918918919,0,0.648648648649,0.108108108108,0.162162162162,37,212,0.159159159159,1.34629011108,11.4594594595,21.2,6.23529411765,8.89942131263,0.776600444734,0.355558388577,10.7720024153,1.88001928947,0.784548699643,3.13270072203,0.546744937336,0.269250382458,0.618339651164,0.45929153462,2.12253860504,1.35590928084,0.624296939578,2.12253860504,0.286836476058,0.186241610738,222,0.0285714285714,0.549067081424,37,36,36,0.972972972973,0,0.702702702703,0.216216216216,0.0540540540541,-4,-0.003003003003,0.0219657867601,-0.216216216216,-0.4,0.235294117647,0.700322263026,0.0743627946524,0.0454983285172,0.442665786338,0.110642181724,0.0192834343778,0.0458692513271,0.0179821391132,0.0164976297052,0.0383945362292,0.0213737947715,0.122538605037,0.0315849565124,0.044351824644,0.122538605037,0.274666349888,0.180268914493,215,0.0276705276705,-0.0721294997728,-0.027027027027,-0.027027027027,0.027027027027,200,12,16,1104,0.925925925926,0.989247311828,0.010752688172,0.0740740740741,0.943396226415,0.925925925926,0.934579439252,0.922115543528,0.915173237754,0.877192982456,148,152,0,0,0,0
1278,WLNM_dir_neg,0.98103142313,0.659877467059,00:00:03,10,30,42,1233300866,threshold_sweep,0.9,0.918918918919,0.894736842105,0.906666666667,136,12,16,292,0.894736842105,0.960526315789,0.0394736842105,0.105263157895,0.918918918919,0.894736842105,0.906666666667,0.938596491228,0.558479532164,0.860927152318,0.861097115016,0.855263157895,216,64,152,0,216,0,64,0,152,37,216,0.162162162162,1.32432432432,11.6756756757,21.6,6,8.1990990496,0.702237650082,0.31006006006,10.329336629,1.76937710775,0.765265265265,3.0868314707,0.528762798222,0.252752752753,0.579945114934,0.437917739848,2,1.32432432432,0.579945114934,2,0.0121701261701,0.00597269624573,7,0.000900900900901,0.621196581197,37,37,37,1,0,0.72972972973,0.243243243243,0.027027027027,37,0.048048048048,1.32432432432,3.45945945946,6.4,2.28571428571,2.82444286143,0.816440514632,0.41722972973,3.26299665142,1.8864199391,0.798986486486,1.36724883228,0.790440731162,0.434966216216,0.579945114934,0.437917739848,2,1.35294117647,0.597081434027,2,0,0,0,0,0.101428805399,37,34,34,0.918918918919,0,0.648648648649,0.108108108108,0.162162162162,37,212,0.159159159159,1.34629011108,11.4594594595,21.2,6.23529411765,8.89942131263,0.776600444734,0.355558388577,10.7720024153,1.88001928947,0.784548699643,3.13270072203,0.546744937336,0.269250382458,0.618339651164,0.45929153462,2.12253860504,1.35590928084,0.624296939578,2.12253860504,0.286836476058,0.186241610738,222,0.0285714285714,0.549067081424,37,36,36,0.972972972973,0,0.702702702703,0.216216216216,0.0540540540541,-4,-0.003003003003,0.0219657867601,-0.216216216216,-0.4,0.235294117647,0.700322263026,0.0743627946524,0.0454983285172,0.442665786338,0.110642181724,0.0192834343778,0.0458692513271,0.0179821391132,0.0164976297052,0.0383945362292,0.0213737947715,0.122538605037,0.0315849565124,0.044351824644,0.122538605037,0.274666349888,0.180268914493,215,0.0276705276705,-0.0721294997728,-0.027027027027,-0.027027027027,0.027027027027,200,12,16,1104,0.925925925926,0.989247311828,0.010752688172,0.0740740740741,0.943396226415,0.925925925926,0.934579439252,0.922115543528,0.915173237754,0.877192982456,148,152,0,0,0,0
1279,WLNM_dir_neg,0.978521035319,0.940815835947,00:00:03,10,30,43,1233300867,threshold_sweep,0.1,0.955223880597,0.421052631579,0.584474885845,64,3,88,301,0.421052631579,0.990131578947,0.00986842105263,0.578947368421,0.955223880597,0.421052631579,0.584474885845,0.800438596491,0.61769005848,0.478011472275,0.54749834809,0.411184210526,216,64,152,0,216,0,64,0,152,37,216,0.162162162162,1.32432432432,11.6756756757,21.6,6,8.1990990496,0.702237650082,0.31006006006,10.329336629,1.76937710775,0.765265265265,3.0868314707,0.528762798222,0.252752752753,0.579945114934,0.437917739848,2,1.32432432432,0.579945114934,2,0.0121701261701,0.00597269624573,7,0.000900900900901,0.621196581197,37,37,37,1,0,0.72972972973,0.243243243243,0.027027027027,37,0.048048048048,1.33108108108,3.45945945946,6.4,2.20689655172,2.82444286143,0.816440514632,0.422297297297,3.23735702086,1.87159702768,0.795608108108,1.40729544889,0.813592681392,0.441722972973,0.601081357887,0.451573812016,2.25,1.36029411765,0.619112195707,2.25,0,0,0,0,0.103320938321,37,34,34,0.918918918919,0,0.648648648649,0.135135135135,0.135135135135,37,131,0.0983483483483,1.3326981982,7.08108108108,13.1,3.63888888889,6.52507291734,0.921479763136,0.396121312152,7.37712152007,2.08361447514,0.820713843615,1.95212981403,0.551364909305,0.306994016918,0.597491750341,0.448332376489,2.12,1.3326981982,0.597491750341,2.12,0.150016280016,0.0664928292047,34,0.0043758043758,0.222428177608,37,37,37,1,0,0.72972972973,0.243243243243,0.027027027027,-85,-0.0638138138138,0.00837387387387,-4.59459459459,-8.5,-2.36111111111,-1.67402613227,0.219242113054,0.0860612520918,-2.95221510893,0.31423736739,0.0554485783493,-1.13470165668,0.0226021110827,0.0542412641649,0.0175466354061,0.0104146366404,0.12,0.00837387387387,0.0175466354061,0.12,0.137846153846,0.060520132959,27,0.0034749034749,-0.398768403589,0,0,0,128,3,88,1113,0.592592592593,0.997311827957,0.00268817204301,0.407407407407,0.977099236641,0.592592592593,0.737752161383,0.730185949743,0.58990442055,0.584474885845,67,152,0,0,0,0
1280,WLNM_dir_neg,0.978521035319,0.940815835947,00:00:03,10,30,43,1233300867,threshold_sweep,0.2,0.955223880597,0.421052631579,0.584474885845,64,3,88,301,0.421052631579,0.990131578947,0.00986842105263,0.578947368421,0.955223880597,0.421052631579,0.584474885845,0.800438596491,0.61769005848,0.478011472275,0.54749834809,0.411184210526,216,64,152,0,216,0,64,0,152,37,216,0.162162162162,1.32432432432,11.6756756757,21.6,6,8.1990990496,0.702237650082,0.31006006006,10.329336629,1.76937710775,0.765265265265,3.0868314707,0.528762798222,0.252752752753,0.579945114934,0.437917739848,2,1.32432432432,0.579945114934,2,0.0121701261701,0.00597269624573,7,0.000900900900901,0.621196581197,37,37,37,1,0,0.72972972973,0.243243243243,0.027027027027,37,0.048048048048,1.33108108108,3.45945945946,6.4,2.20689655172,2.82444286143,0.816440514632,0.422297297297,3.23735702086,1.87159702768,0.795608108108,1.40729544889,0.813592681392,0.441722972973,0.601081357887,0.451573812016,2.25,1.36029411765,0.619112195707,2.25,0,0,0,0,0.103320938321,37,34,34,0.918918918919,0,0.648648648649,0.135135135135,0.135135135135,37,131,0.0983483483483,1.3326981982,7.08108108108,13.1,3.63888888889,6.52507291734,0.921479763136,0.396121312152,7.37712152007,2.08361447514,0.820713843615,1.95212981403,0.551364909305,0.306994016918,0.597491750341,0.448332376489,2.12,1.3326981982,0.597491750341,2.12,0.150016280016,0.0664928292047,34,0.0043758043758,0.222428177608,37,37,37,1,0,0.72972972973,0.243243243243,0.027027027027,-85,-0.0638138138138,0.00837387387387,-4.59459459459,-8.5,-2.36111111111,-1.67402613227,0.219242113054,0.0860612520918,-2.95221510893,0.31423736739,0.0554485783493,-1.13470165668,0.0226021110827,0.0542412641649,0.0175466354061,0.0104146366404,0.12,0.00837387387387,0.0175466354061,0.12,0.137846153846,0.060520132959,27,0.0034749034749,-0.398768403589,0,0,0,128,3,88,1113,0.592592592593,0.997311827957,0.00268817204301,0.407407407407,0.977099236641,0.592592592593,0.737752161383,0.730185949743,0.58990442055,0.584474885845,67,152,0,0,0,0
1281,WLNM_dir_neg,0.978521035319,0.940815835947,00:00:03,10,30,43,1233300867,threshold_sweep,0.3,0.955223880597,0.421052631579,0.584474885845,64,3,88,301,0.421052631579,0.990131578947,0.00986842105263,0.578947368421,0.955223880597,0.421052631579,0.584474885845,0.800438596491,0.61769005848,0.478011472275,0.54749834809,0.411184210526,216,64,152,0,216,0,64,0,152,37,216,0.162162162162,1.32432432432,11.6756756757,21.6,6,8.1990990496,0.702237650082,0.31006006006,10.329336629,1.76937710775,0.765265265265,3.0868314707,0.528762798222,0.252752752753,0.579945114934,0.437917739848,2,1.32432432432,0.579945114934,2,0.0121701261701,0.00597269624573,7,0.000900900900901,0.621196581197,37,37,37,1,0,0.72972972973,0.243243243243,0.027027027027,37,0.048048048048,1.33108108108,3.45945945946,6.4,2.20689655172,2.82444286143,0.816440514632,0.422297297297,3.23735702086,1.87159702768,0.795608108108,1.40729544889,0.813592681392,0.441722972973,0.601081357887,0.451573812016,2.25,1.36029411765,0.619112195707,2.25,0,0,0,0,0.103320938321,37,34,34,0.918918918919,0,0.648648648649,0.135135135135,0.135135135135,37,131,0.0983483483483,1.3326981982,7.08108108108,13.1,3.63888888889,6.52507291734,0.921479763136,0.396121312152,7.37712152007,2.08361447514,0.820713843615,1.95212981403,0.551364909305,0.306994016918,0.597491750341,0.448332376489,2.12,1.3326981982,0.597491750341,2.12,0.150016280016,0.0664928292047,34,0.0043758043758,0.222428177608,37,37,37,1,0,0.72972972973,0.243243243243,0.027027027027,-85,-0.0638138138138,0.00837387387387,-4.59459459459,-8.5,-2.36111111111,-1.67402613227,0.219242113054,0.0860612520918,-2.95221510893,0.31423736739,0.0554485783493,-1.13470165668,0.0226021110827,0.0542412641649,0.0175466354061,0.0104146366404,0.12,0.00837387387387,0.0175466354061,0.12,0.137846153846,0.060520132959,27,0.0034749034749,-0.398768403589,0,0,0,128,3,88,1113,0.592592592593,0.997311827957,0.00268817204301,0.407407407407,0.977099236641,0.592592592593,0.737752161383,0.730185949743,0.58990442055,0.584474885845,67,152,0,0,0,0
1282,WLNM_dir_neg,0.978521035319,0.940815835947,00:00:03,10,30,43,1233300867,threshold_sweep,0.4,0.955223880597,0.421052631579,0.584474885845,64,3,88,301,0.421052631579,0.990131578947,0.00986842105263,0.578947368421,0.955223880597,0.421052631579,0.584474885845,0.800438596491,0.61769005848,0.478011472275,0.54749834809,0.411184210526,216,64,152,0,216,0,64,0,152,37,216,0.162162162162,1.32432432432,11.6756756757,21.6,6,8.1990990496,0.702237650082,0.31006006006,10.329336629,1.76937710775,0.765265265265,3.0868314707,0.528762798222,0.252752752753,0.579945114934,0.437917739848,2,1.32432432432,0.579945114934,2,0.0121701261701,0.00597269624573,7,0.000900900900901,0.621196581197,37,37,37,1,0,0.72972972973,0.243243243243,0.027027027027,37,0.048048048048,1.33108108108,3.45945945946,6.4,2.20689655172,2.82444286143,0.816440514632,0.422297297297,3.23735702086,1.87159702768,0.795608108108,1.40729544889,0.813592681392,0.441722972973,0.601081357887,0.451573812016,2.25,1.36029411765,0.619112195707,2.25,0,0,0,0,0.103320938321,37,34,34,0.918918918919,0,0.648648648649,0.135135135135,0.135135135135,37,131,0.0983483483483,1.3326981982,7.08108108108,13.1,3.63888888889,6.52507291734,0.921479763136,0.396121312152,7.37712152007,2.08361447514,0.820713843615,1.95212981403,0.551364909305,0.306994016918,0.597491750341,0.448332376489,2.12,1.3326981982,0.597491750341,2.12,0.150016280016,0.0664928292047,34,0.0043758043758,0.222428177608,37,37,37,1,0,0.72972972973,0.243243243243,0.027027027027,-85,-0.0638138138138,0.00837387387387,-4.59459459459,-8.5,-2.36111111111,-1.67402613227,0.219242113054,0.0860612520918,-2.95221510893,0.31423736739,0.0554485783493,-1.13470165668,0.0226021110827,0.0542412641649,0.0175466354061,0.0104146366404,0.12,0.00837387387387,0.0175466354061,0.12,0.137846153846,0.060520132959,27,0.0034749034749,-0.398768403589,0,0,0,128,3,88,1113,0.592592592593,0.997311827957,0.00268817204301,0.407407407407,0.977099236641,0.592592592593,0.737752161383,0.730185949743,0.58990442055,0.584474885845,67,152,0,0,0,0
1283,WLNM_dir_neg,0.978521035319,0.940815835947,00:00:03,10,30,43,1233300867,threshold_sweep,0.5,0.954545454545,0.414473684211,0.577981651376,63,3,89,301,0.414473684211,0.990131578947,0.00986842105263,0.585526315789,0.954545454545,0.414473684211,0.577981651376,0.798245614035,0.618421052632,0.471264367816,0.542108032482,0.404605263158,216,64,152,0,216,0,64,0,152,37,216,0.162162162162,1.32432432432,11.6756756757,21.6,6,8.1990990496,0.702237650082,0.31006006006,10.329336629,1.76937710775,0.765265265265,3.0868314707,0.528762798222,0.252752752753,0.579945114934,0.437917739848,2,1.32432432432,0.579945114934,2,0.0121701261701,0.00597269624573,7,0.000900900900901,0.621196581197,37,37,37,1,0,0.72972972973,0.243243243243,0.027027027027,37,0.048048048048,1.33108108108,3.45945945946,6.4,2.20689655172,2.82444286143,0.816440514632,0.422297297297,3.23735702086,1.87159702768,0.795608108108,1.40729544889,0.813592681392,0.441722972973,0.601081357887,0.451573812016,2.25,1.36029411765,0.619112195707,2.25,0,0,0,0,0.103320938321,37,34,34,0.918918918919,0,0.648648648649,0.135135135135,0.135135135135,37,130,0.0975975975976,1.33242242242,7.02702702703,13,3.61111111111,6.42688142141,0.914594663815,0.393139293139,7.35459652803,2.09323131952,0.821205821206,1.98076334362,0.563755720876,0.313097713098,0.596689275362,0.447822901597,2.12,1.33242242242,0.596689275362,2.12,0.118693169576,0.0640426951301,32,0.0041184041184,0.220266610961,37,37,37,1,0,0.72972972973,0.243243243243,0.027027027027,-86,-0.0645645645646,0.0080980980981,-4.64864864865,-8.6,-2.38888888889,-1.7722176282,0.212357013734,0.0830792330792,-2.97474010097,0.323854211771,0.0559405559406,-1.10606812709,0.0349929226536,0.060344960345,0.0167441604276,0.00990516174848,0.12,0.0080980980981,0.0167441604276,0.12,0.106523043405,0.0580699988844,25,0.0032175032175,-0.400929970236,0,0,0,127,3,89,1113,0.587962962963,0.997311827957,0.00268817204301,0.412037037037,0.976923076923,0.587962962963,0.734104046243,0.726933831483,0.58527479092,0.579908675799,66,152,0,0,0,0
1284,WLNM_dir_neg,0.978521035319,0.940815835947,00:00:03,10,30,43,1233300867,threshold_sweep,0.6,0.954545454545,0.414473684211,0.577981651376,63,3,89,301,0.414473684211,0.990131578947,0.00986842105263,0.585526315789,0.954545454545,0.414473684211,0.577981651376,0.798245614035,0.618421052632,0.471264367816,0.542108032482,0.404605263158,216,64,152,0,216,0,64,0,152,37,216,0.162162162162,1.32432432432,11.6756756757,21.6,6,8.1990990496,0.702237650082,0.31006006006,10.329336629,1.76937710775,0.765265265265,3.0868314707,0.528762798222,0.252752752753,0.579945114934,0.437917739848,2,1.32432432432,0.579945114934,2,0.0121701261701,0.00597269624573,7,0.000900900900901,0.621196581197,37,37,37,1,0,0.72972972973,0.243243243243,0.027027027027,37,0.048048048048,1.33108108108,3.45945945946,6.4,2.20689655172,2.82444286143,0.816440514632,0.422297297297,3.23735702086,1.87159702768,0.795608108108,1.40729544889,0.813592681392,0.441722972973,0.601081357887,0.451573812016,2.25,1.36029411765,0.619112195707,2.25,0,0,0,0,0.103320938321,37,34,34,0.918918918919,0,0.648648648649,0.135135135135,0.135135135135,37,130,0.0975975975976,1.33242242242,7.02702702703,13,3.61111111111,6.42688142141,0.914594663815,0.393139293139,7.35459652803,2.09323131952,0.821205821206,1.98076334362,0.563755720876,0.313097713098,0.596689275362,0.447822901597,2.12,1.33242242242,0.596689275362,2.12,0.118693169576,0.0640426951301,32,0.0041184041184,0.220266610961,37,37,37,1,0,0.72972972973,0.243243243243,0.027027027027,-86,-0.0645645645646,0.0080980980981,-4.64864864865,-8.6,-2.38888888889,-1.7722176282,0.212357013734,0.0830792330792,-2.97474010097,0.323854211771,0.0559405559406,-1.10606812709,0.0349929226536,0.060344960345,0.0167441604276,0.00990516174848,0.12,0.0080980980981,0.0167441604276,0.12,0.106523043405,0.0580699988844,25,0.0032175032175,-0.400929970236,0,0,0,127,3,89,1113,0.587962962963,0.997311827957,0.00268817204301,0.412037037037,0.976923076923,0.587962962963,0.734104046243,0.726933831483,0.58527479092,0.579908675799,66,152,0,0,0,0
1285,WLNM_dir_neg,0.978521035319,0.940815835947,00:00:03,10,30,43,1233300867,threshold_sweep,0.7,0.954545454545,0.414473684211,0.577981651376,63,3,89,301,0.414473684211,0.990131578947,0.00986842105263,0.585526315789,0.954545454545,0.414473684211,0.577981651376,0.798245614035,0.618421052632,0.471264367816,0.542108032482,0.404605263158,216,64,152,0,216,0,64,0,152,37,216,0.162162162162,1.32432432432,11.6756756757,21.6,6,8.1990990496,0.702237650082,0.31006006006,10.329336629,1.76937710775,0.765265265265,3.0868314707,0.528762798222,0.252752752753,0.579945114934,0.437917739848,2,1.32432432432,0.579945114934,2,0.0121701261701,0.00597269624573,7,0.000900900900901,0.621196581197,37,37,37,1,0,0.72972972973,0.243243243243,0.027027027027,37,0.048048048048,1.33108108108,3.45945945946,6.4,2.20689655172,2.82444286143,0.816440514632,0.422297297297,3.23735702086,1.87159702768,0.795608108108,1.40729544889,0.813592681392,0.441722972973,0.601081357887,0.451573812016,2.25,1.36029411765,0.619112195707,2.25,0,0,0,0,0.103320938321,37,34,34,0.918918918919,0,0.648648648649,0.135135135135,0.135135135135,37,130,0.0975975975976,1.33242242242,7.02702702703,13,3.61111111111,6.42688142141,0.914594663815,0.393139293139,7.35459652803,2.09323131952,0.821205821206,1.98076334362,0.563755720876,0.313097713098,0.596689275362,0.447822901597,2.12,1.33242242242,0.596689275362,2.12,0.118693169576,0.0640426951301,32,0.0041184041184,0.220266610961,37,37,37,1,0,0.72972972973,0.243243243243,0.027027027027,-86,-0.0645645645646,0.0080980980981,-4.64864864865,-8.6,-2.38888888889,-1.7722176282,0.212357013734,0.0830792330792,-2.97474010097,0.323854211771,0.0559405559406,-1.10606812709,0.0349929226536,0.060344960345,0.0167441604276,0.00990516174848,0.12,0.0080980980981,0.0167441604276,0.12,0.106523043405,0.0580699988844,25,0.0032175032175,-0.400929970236,0,0,0,127,3,89,1113,0.587962962963,0.997311827957,0.00268817204301,0.412037037037,0.976923076923,0.587962962963,0.734104046243,0.726933831483,0.58527479092,0.579908675799,66,152,0,0,0,0
1286,WLNM_dir_neg,0.978521035319,0.940815835947,00:00:03,10,30,43,1233300867,threshold_sweep,0.8,0.954545454545,0.414473684211,0.577981651376,63,3,89,301,0.414473684211,0.990131578947,0.00986842105263,0.585526315789,0.954545454545,0.414473684211,0.577981651376,0.798245614035,0.618421052632,0.471264367816,0.542108032482,0.404605263158,216,64,152,0,216,0,64,0,152,37,216,0.162162162162,1.32432432432,11.6756756757,21.6,6,8.1990990496,0.702237650082,0.31006006006,10.329336629,1.76937710775,0.765265265265,3.0868314707,0.528762798222,0.252752752753,0.579945114934,0.437917739848,2,1.32432432432,0.579945114934,2,0.0121701261701,0.00597269624573,7,0.000900900900901,0.621196581197,37,37,37,1,0,0.72972972973,0.243243243243,0.027027027027,37,0.048048048048,1.33108108108,3.45945945946,6.4,2.20689655172,2.82444286143,0.816440514632,0.422297297297,3.23735702086,1.87159702768,0.795608108108,1.40729544889,0.813592681392,0.441722972973,0.601081357887,0.451573812016,2.25,1.36029411765,0.619112195707,2.25,0,0,0,0,0.103320938321,37,34,34,0.918918918919,0,0.648648648649,0.135135135135,0.135135135135,37,130,0.0975975975976,1.33242242242,7.02702702703,13,3.61111111111,6.42688142141,0.914594663815,0.393139293139,7.35459652803,2.09323131952,0.821205821206,1.98076334362,0.563755720876,0.313097713098,0.596689275362,0.447822901597,2.12,1.33242242242,0.596689275362,2.12,0.118693169576,0.0640426951301,32,0.0041184041184,0.220266610961,37,37,37,1,0,0.72972972973,0.243243243243,0.027027027027,-86,-0.0645645645646,0.0080980980981,-4.64864864865,-8.6,-2.38888888889,-1.7722176282,0.212357013734,0.0830792330792,-2.97474010097,0.323854211771,0.0559405559406,-1.10606812709,0.0349929226536,0.060344960345,0.0167441604276,0.00990516174848,0.12,0.0080980980981,0.0167441604276,0.12,0.106523043405,0.0580699988844,25,0.0032175032175,-0.400929970236,0,0,0,127,3,89,1113,0.587962962963,0.997311827957,0.00268817204301,0.412037037037,0.976923076923,0.587962962963,0.734104046243,0.726933831483,0.58527479092,0.579908675799,66,152,0,0,0,0
1287,WLNM_dir_neg,0.978521035319,0.940815835947,00:00:03,10,30,43,1233300867,threshold_sweep,0.9,0.954545454545,0.414473684211,0.577981651376,63,3,89,301,0.414473684211,0.990131578947,0.00986842105263,0.585526315789,0.954545454545,0.414473684211,0.577981651376,0.798245614035,0.618421052632,0.471264367816,0.542108032482,0.404605263158,216,64,152,0,216,0,64,0,152,37,216,0.162162162162,1.32432432432,11.6756756757,21.6,6,8.1990990496,0.702237650082,0.31006006006,10.329336629,1.76937710775,0.765265265265,3.0868314707,0.528762798222,0.252752752753,0.579945114934,0.437917739848,2,1.32432432432,0.579945114934,2,0.0121701261701,0.00597269624573,7,0.000900900900901,0.621196581197,37,37,37,1,0,0.72972972973,0.243243243243,0.027027027027,37,0.048048048048,1.33108108108,3.45945945946,6.4,2.20689655172,2.82444286143,0.816440514632,0.422297297297,3.23735702086,1.87159702768,0.795608108108,1.40729544889,0.813592681392,0.441722972973,0.601081357887,0.451573812016,2.25,1.36029411765,0.619112195707,2.25,0,0,0,0,0.103320938321,37,34,34,0.918918918919,0,0.648648648649,0.135135135135,0.135135135135,37,130,0.0975975975976,1.33242242242,7.02702702703,13,3.61111111111,6.42688142141,0.914594663815,0.393139293139,7.35459652803,2.09323131952,0.821205821206,1.98076334362,0.563755720876,0.313097713098,0.596689275362,0.447822901597,2.12,1.33242242242,0.596689275362,2.12,0.118693169576,0.0640426951301,32,0.0041184041184,0.220266610961,37,37,37,1,0,0.72972972973,0.243243243243,0.027027027027,-86,-0.0645645645646,0.0080980980981,-4.64864864865,-8.6,-2.38888888889,-1.7722176282,0.212357013734,0.0830792330792,-2.97474010097,0.323854211771,0.0559405559406,-1.10606812709,0.0349929226536,0.060344960345,0.0167441604276,0.00990516174848,0.12,0.0080980980981,0.0167441604276,0.12,0.106523043405,0.0580699988844,25,0.0032175032175,-0.400929970236,0,0,0,127,3,89,1113,0.587962962963,0.997311827957,0.00268817204301,0.412037037037,0.976923076923,0.587962962963,0.734104046243,0.726933831483,0.58527479092,0.579908675799,66,152,0,0,0,0
1288,WLNM_dir_neg,0.986279432133,0.911415490248,00:00:02,10,30,44,1233300868,threshold_sweep,0.1,0.914893617021,0.565789473684,0.69918699187,86,8,66,296,0.565789473684,0.973684210526,0.0263157894737,0.434210526316,0.914893617021,0.565789473684,0.69918699187,0.837719298246,0.597953216374,0.596363636364,0.62865248722,0.539473684211,216,64,152,0,216,0,64,0,152,37,216,0.162162162162,1.32432432432,11.6756756757,21.6,6,8.1990990496,0.702237650082,0.31006006006,10.329336629,1.76937710775,0.765265265265,3.0868314707,0.528762798222,0.252752752753,0.579945114934,0.437917739848,2,1.32432432432,0.579945114934,2,0.0121701261701,0.00597269624573,7,0.000900900900901,0.621196581197,37,37,37,1,0,0.72972972973,0.243243243243,0.027027027027,37,0.048048048048,1.32432432432,3.45945945946,6.4,2.28571428571,2.94009254006,0.849870499862,0.420608108108,3.19416698103,1.84662778591,0.79222972973,1.38741663711,0.802100243328,0.434966216216,0.579945114934,0.437917739848,2,1.34285714286,0.591252764842,2,0,0,0,0,0.11547608528,37,35,35,0.945945945946,0,0.675675675676,0.0810810810811,0.189189189189,37,158,0.118618618619,1.67149226781,8.54054054054,10.5333333333,4.27027027027,7.13206606576,0.835083684915,0.375299349983,8.02651387122,1.87962666605,0.790283954841,2.02276829904,0.473686247243,0.257612042422,0.872442787763,0.521954426332,2.27399930176,1.67149226781,0.872442787763,2.27399930176,0.0988346391795,0.0608695652174,42,0.00540540540541,0.231795787188,37,37,37,1,0,0.594594594595,0.405405405405,0,-58,-0.0435435435435,0.347167943486,-3.13513513514,-11.0666666667,-1.72972972973,-1.06703298384,0.132846034833,0.0652392899228,-2.30282275778,0.1102495583,0.0250186895757,-1.06406317167,-0.0550765509795,0.00485928966942,0.292497672829,0.0840366864835,0.273999301761,0.347167943486,0.292497672829,0.273999301761,0.0866645130093,0.0548968689717,35,0.0045045045045,-0.389400794009,-0.135135135135,0.162162162162,-0.027027027027,150,8,66,1108,0.694444444444,0.992831541219,0.00716845878136,0.305555555556,0.949367088608,0.694444444444,0.802139037433,0.783479342682,0.687275985663,0.669642857143,94,152,0,0,0,0
1289,WLNM_dir_neg,0.986279432133,0.911415490248,00:00:02,10,30,44,1233300868,threshold_sweep,0.2,0.924731182796,0.565789473684,0.702040816327,86,7,66,297,0.565789473684,0.976973684211,0.0230263157895,0.434210526316,0.924731182796,0.565789473684,0.702040816327,0.839912280702,0.598684210526,0.601092896175,0.635000635001,0.542763157895,216,64,152,0,216,0,64,0,152,37,216,0.162162162162,1.32432432432,11.6756756757,21.6,6,8.1990990496,0.702237650082,0.31006006006,10.329336629,1.76937710775,0.765265265265,3.0868314707,0.528762798222,0.252752752753,0.579945114934,0.437917739848,2,1.32432432432,0.579945114934,2,0.0121701261701,0.00597269624573,7,0.000900900900901,0.621196581197,37,37,37,1,0,0.72972972973,0.243243243243,0.027027027027,37,0.048048048048,1.32432432432,3.45945945946,6.4,2.28571428571,2.94009254006,0.849870499862,0.420608108108,3.19416698103,1.84662778591,0.79222972973,1.38741663711,0.802100243328,0.434966216216,0.579945114934,0.437917739848,2,1.34285714286,0.591252764842,2,0,0,0,0,0.11547608528,37,35,35,0.945945945946,0,0.675675675676,0.0810810810811,0.189189189189,37,157,0.117867867868,1.66918167857,8.48648648649,10.4666666667,4.36111111111,7.04990788601,0.83072162988,0.373041831641,7.95265645836,1.87419292331,0.78946462386,2.0737165429,0.488710268072,0.265450163539,0.870325499771,0.521408490726,2.27360478491,1.66918167857,0.870325499771,2.27360478491,0.0988346391795,0.0608695652174,42,0.00540540540541,0.233293396311,37,37,37,1,0,0.594594594595,0.378378378378,0.027027027027,-59,-0.0442942942943,0.344857354249,-3.18918918919,-11.1333333333,-1.63888888889,-1.1491911636,0.128483979798,0.0629817715805,-2.37668017064,0.104815815563,0.0241993585943,-1.0131149278,-0.0400525301503,0.0126974107866,0.290380384837,0.0834907508771,0.273604784909,0.344857354249,0.290380384837,0.273604784909,0.0866645130093,0.0548968689717,35,0.0045045045045,-0.387903184886,-0.135135135135,0.135135135135,0,150,7,66,1109,0.694444444444,0.993727598566,0.00627240143369,0.305555555556,0.955414012739,0.694444444444,0.804289544236,0.786660309786,0.688172043011,0.67264573991,93,152,0,0,0,0
1290,WLNM_dir_neg,0.986279432133,0.911415490248,00:00:02,10,30,44,1233300868,threshold_sweep,0.3,0.924731182796,0.565789473684,0.702040816327,86,7,66,297,0.565789473684,0.976973684211,0.0230263157895,0.434210526316,0.924731182796,0.565789473684,0.702040816327,0.839912280702,0.598684210526,0.601092896175,0.635000635001,0.542763157895,216,64,152,0,216,0,64,0,152,37,216,0.162162162162,1.32432432432,11.6756756757,21.6,6,8.1990990496,0.702237650082,0.31006006006,10.329336629,1.76937710775,0.765265265265,3.0868314707,0.528762798222,0.252752752753,0.579945114934,0.437917739848,2,1.32432432432,0.579945114934,2,0.0121701261701,0.00597269624573,7,0.000900900900901,0.621196581197,37,37,37,1,0,0.72972972973,0.243243243243,0.027027027027,37,0.048048048048,1.32432432432,3.45945945946,6.4,2.28571428571,2.94009254006,0.849870499862,0.420608108108,3.19416698103,1.84662778591,0.79222972973,1.38741663711,0.802100243328,0.434966216216,0.579945114934,0.437917739848,2,1.34285714286,0.591252764842,2,0,0,0,0,0.11547608528,37,35,35,0.945945945946,0,0.675675675676,0.0810810810811,0.189189189189,37,157,0.117867867868,1.66918167857,8.48648648649,10.4666666667,4.36111111111,7.04990788601,0.83072162988,0.373041831641,7.95265645836,1.87419292331,0.78946462386,2.0737165429,0.488710268072,0.265450163539,0.870325499771,0.521408490726,2.27360478491,1.66918167857,0.870325499771,2.27360478491,0.0988346391795,0.0608695652174,42,0.00540540540541,0.233293396311,37,37,37,1,0,0.594594594595,0.378378378378,0.027027027027,-59,-0.0442942942943,0.344857354249,-3.18918918919,-11.1333333333,-1.63888888889,-1.1491911636,0.128483979798,0.0629817715805,-2.37668017064,0.104815815563,0.0241993585943,-1.0131149278,-0.0400525301503,0.0126974107866,0.290380384837,0.0834907508771,0.273604784909,0.344857354249,0.290380384837,0.273604784909,0.0866645130093,0.0548968689717,35,0.0045045045045,-0.387903184886,-0.135135135135,0.135135135135,0,150,7,66,1109,0.694444444444,0.993727598566,0.00627240143369,0.305555555556,0.955414012739,0.694444444444,0.804289544236,0.786660309786,0.688172043011,0.67264573991,93,152,0,0,0,0
1291,WLNM_dir_neg,0.986279432133,0.911415490248,00:00:02,10,30,44,1233300868,threshold_sweep,0.4,0.924731182796,0.565789473684,0.702040816327,86,7,66,297,0.565789473684,0.976973684211,0.0230263157895,0.434210526316,0.924731182796,0.565789473684,0.702040816327,0.839912280702,0.598684210526,0.601092896175,0.635000635001,0.542763157895,216,64,152,0,216,0,64,0,152,37,216,0.162162162162,1.32432432432,11.6756756757,21.6,6,8.1990990496,0.702237650082,0.31006006006,10.329336629,1.76937710775,0.765265265265,3.0868314707,0.528762798222,0.252752752753,0.579945114934,0.437917739848,2,1.32432432432,0.579945114934,2,0.0121701261701,0.00597269624573,7,0.000900900900901,0.621196581197,37,37,37,1,0,0.72972972973,0.243243243243,0.027027027027,37,0.048048048048,1.32432432432,3.45945945946,6.4,2.28571428571,2.94009254006,0.849870499862,0.420608108108,3.19416698103,1.84662778591,0.79222972973,1.38741663711,0.802100243328,0.434966216216,0.579945114934,0.437917739848,2,1.34285714286,0.591252764842,2,0,0,0,0,0.11547608528,37,35,35,0.945945945946,0,0.675675675676,0.0810810810811,0.189189189189,37,157,0.117867867868,1.66918167857,8.48648648649,10.4666666667,4.36111111111,7.04990788601,0.83072162988,0.373041831641,7.95265645836,1.87419292331,0.78946462386,2.0737165429,0.488710268072,0.265450163539,0.870325499771,0.521408490726,2.27360478491,1.66918167857,0.870325499771,2.27360478491,0.0988346391795,0.0608695652174,42,0.00540540540541,0.233293396311,37,37,37,1,0,0.594594594595,0.378378378378,0.027027027027,-59,-0.0442942942943,0.344857354249,-3.18918918919,-11.1333333333,-1.63888888889,-1.1491911636,0.128483979798,0.0629817715805,-2.37668017064,0.104815815563,0.0241993585943,-1.0131149278,-0.0400525301503,0.0126974107866,0.290380384837,0.0834907508771,0.273604784909,0.344857354249,0.290380384837,0.273604784909,0.0866645130093,0.0548968689717,35,0.0045045045045,-0.387903184886,-0.135135135135,0.135135135135,0,150,7,66,1109,0.694444444444,0.993727598566,0.00627240143369,0.305555555556,0.955414012739,0.694444444444,0.804289544236,0.786660309786,0.688172043011,0.67264573991,93,152,0,0,0,0
1292,WLNM_dir_neg,0.986279432133,0.911415490248,00:00:02,10,30,44,1233300868,threshold_sweep,0.5,0.924731182796,0.565789473684,0.702040816327,86,7,66,297,0.565789473684,0.976973684211,0.0230263157895,0.434210526316,0.924731182796,0.565789473684,0.702040816327,0.839912280702,0.598684210526,0.601092896175,0.635000635001,0.542763157895,216,64,152,0,216,0,64,0,152,37,216,0.162162162162,1.32432432432,11.6756756757,21.6,6,8.1990990496,0.702237650082,0.31006006006,10.329336629,1.76937710775,0.765265265265,3.0868314707,0.528762798222,0.252752752753,0.579945114934,0.437917739848,2,1.32432432432,0.579945114934,2,0.0121701261701,0.00597269624573,7,0.000900900900901,0.621196581197,37,37,37,1,0,0.72972972973,0.243243243243,0.027027027027,37,0.048048048048,1.32432432432,3.45945945946,6.4,2.28571428571,2.94009254006,0.849870499862,0.420608108108,3.19416698103,1.84662778591,0.79222972973,1.38741663711,0.802100243328,0.434966216216,0.579945114934,0.437917739848,2,1.34285714286,0.591252764842,2,0,0,0,0,0.11547608528,37,35,35,0.945945945946,0,0.675675675676,0.0810810810811,0.189189189189,37,157,0.117867867868,1.66918167857,8.48648648649,10.4666666667,4.36111111111,7.04990788601,0.83072162988,0.373041831641,7.95265645836,1.87419292331,0.78946462386,2.0737165429,0.488710268072,0.265450163539,0.870325499771,0.521408490726,2.27360478491,1.66918167857,0.870325499771,2.27360478491,0.0988346391795,0.0608695652174,42,0.00540540540541,0.233293396311,37,37,37,1,0,0.594594594595,0.378378378378,0.027027027027,-59,-0.0442942942943,0.344857354249,-3.18918918919,-11.1333333333,-1.63888888889,-1.1491911636,0.128483979798,0.0629817715805,-2.37668017064,0.104815815563,0.0241993585943,-1.0131149278,-0.0400525301503,0.0126974107866,0.290380384837,0.0834907508771,0.273604784909,0.344857354249,0.290380384837,0.273604784909,0.0866645130093,0.0548968689717,35,0.0045045045045,-0.387903184886,-0.135135135135,0.135135135135,0,150,7,66,1109,0.694444444444,0.993727598566,0.00627240143369,0.305555555556,0.955414012739,0.694444444444,0.804289544236,0.786660309786,0.688172043011,0.67264573991,93,152,0,0,0,0
1293,WLNM_dir_neg,0.986279432133,0.911415490248,00:00:02,10,30,44,1233300868,threshold_sweep,0.6,0.924731182796,0.565789473684,0.702040816327,86,7,66,297,0.565789473684,0.976973684211,0.0230263157895,0.434210526316,0.924731182796,0.565789473684,0.702040816327,0.839912280702,0.598684210526,0.601092896175,0.635000635001,0.542763157895,216,64,152,0,216,0,64,0,152,37,216,0.162162162162,1.32432432432,11.6756756757,21.6,6,8.1990990496,0.702237650082,0.31006006006,10.329336629,1.76937710775,0.765265265265,3.0868314707,0.528762798222,0.252752752753,0.579945114934,0.437917739848,2,1.32432432432,0.579945114934,2,0.0121701261701,0.00597269624573,7,0.000900900900901,0.621196581197,37,37,37,1,0,0.72972972973,0.243243243243,0.027027027027,37,0.048048048048,1.32432432432,3.45945945946,6.4,2.28571428571,2.94009254006,0.849870499862,0.420608108108,3.19416698103,1.84662778591,0.79222972973,1.38741663711,0.802100243328,0.434966216216,0.579945114934,0.437917739848,2,1.34285714286,0.591252764842,2,0,0,0,0,0.11547608528,37,35,35,0.945945945946,0,0.675675675676,0.0810810810811,0.189189189189,37,157,0.117867867868,1.66918167857,8.48648648649,10.4666666667,4.36111111111,7.04990788601,0.83072162988,0.373041831641,7.95265645836,1.87419292331,0.78946462386,2.0737165429,0.488710268072,0.265450163539,0.870325499771,0.521408490726,2.27360478491,1.66918167857,0.870325499771,2.27360478491,0.0988346391795,0.0608695652174,42,0.00540540540541,0.233293396311,37,37,37,1,0,0.594594594595,0.378378378378,0.027027027027,-59,-0.0442942942943,0.344857354249,-3.18918918919,-11.1333333333,-1.63888888889,-1.1491911636,0.128483979798,0.0629817715805,-2.37668017064,0.104815815563,0.0241993585943,-1.0131149278,-0.0400525301503,0.0126974107866,0.290380384837,0.0834907508771,0.273604784909,0.344857354249,0.290380384837,0.273604784909,0.0866645130093,0.0548968689717,35,0.0045045045045,-0.387903184886,-0.135135135135,0.135135135135,0,150,7,66,1109,0.694444444444,0.993727598566,0.00627240143369,0.305555555556,0.955414012739,0.694444444444,0.804289544236,0.786660309786,0.688172043011,0.67264573991,93,152,0,0,0,0
1294,WLNM_dir_neg,0.986279432133,0.911415490248,00:00:02,10,30,44,1233300868,threshold_sweep,0.7,0.919540229885,0.526315789474,0.669456066946,80,7,72,297,0.526315789474,0.976973684211,0.0230263157895,0.473684210526,0.919540229885,0.526315789474,0.669456066946,0.826754385965,0.603070175439,0.563535911602,0.603814619065,0.503289473684,216,64,152,0,216,0,64,0,152,37,216,0.162162162162,1.32432432432,11.6756756757,21.6,6,8.1990990496,0.702237650082,0.31006006006,10.329336629,1.76937710775,0.765265265265,3.0868314707,0.528762798222,0.252752752753,0.579945114934,0.437917739848,2,1.32432432432,0.579945114934,2,0.0121701261701,0.00597269624573,7,0.000900900900901,0.621196581197,37,37,37,1,0,0.72972972973,0.243243243243,0.027027027027,37,0.048048048048,1.32432432432,3.45945945946,6.4,2.28571428571,2.94009254006,0.849870499862,0.420608108108,3.19416698103,1.84662778591,0.79222972973,1.38741663711,0.802100243328,0.434966216216,0.579945114934,0.437917739848,2,1.34285714286,0.591252764842,2,0,0,0,0,0.11547608528,37,35,35,0.945945945946,0,0.675675675676,0.0810810810811,0.189189189189,37,151,0.113363363363,1.67100647231,8.16216216216,10.0666666667,4.31428571429,6.81710884268,0.835208699269,0.374261678897,7.89295881142,1.93403626505,0.798639699302,2.27764959721,0.558099570178,0.30105602291,0.87379779702,0.522917063159,2.31840119623,1.68964554099,0.878701259508,2.31840119623,0.103177076891,0.0563086548488,36,0.0046332046332,0.236796797671,37,36,36,0.972972972973,0,0.567567567568,0.378378378378,0.027027027027,-65,-0.0487987987988,0.346682147986,-3.51351351351,-11.5333333333,-1.68571428571,-1.38199020692,0.132971049187,0.0642016188374,-2.43637781758,0.164659157305,0.0333744340367,-0.80918187349,0.0293367719557,0.0483032701576,0.293852682085,0.0849993233101,0.318401196227,0.365321216662,0.298756144574,0.318401196227,0.0910069507212,0.0503359586031,29,0.0037323037323,-0.384399783525,-0.162162162162,0.135135135135,0,144,7,72,1109,0.666666666667,0.993727598566,0.00627240143369,0.333333333333,0.953642384106,0.666666666667,0.784741144414,0.767801301015,0.660394265233,0.645739910314,87,152,0,0,0,0
1295,WLNM_dir_neg,0.986279432133,0.911415490248,00:00:02,10,30,44,1233300868,threshold_sweep,0.8,0.929411764706,0.519736842105,0.666666666667,79,6,73,298,0.519736842105,0.980263157895,0.0197368421053,0.480263157895,0.929411764706,0.519736842105,0.666666666667,0.826754385965,0.604532163743,0.561922365989,0.605246340779,0.5,216,64,152,0,216,0,64,0,152,37,216,0.162162162162,1.32432432432,11.6756756757,21.6,6,8.1990990496,0.702237650082,0.31006006006,10.329336629,1.76937710775,0.765265265265,3.0868314707,0.528762798222,0.252752752753,0.579945114934,0.437917739848,2,1.32432432432,0.579945114934,2,0.0121701261701,0.00597269624573,7,0.000900900900901,0.621196581197,37,37,37,1,0,0.72972972973,0.243243243243,0.027027027027,37,0.048048048048,1.32432432432,3.45945945946,6.4,2.28571428571,2.94009254006,0.849870499862,0.420608108108,3.19416698103,1.84662778591,0.79222972973,1.38741663711,0.802100243328,0.434966216216,0.579945114934,0.437917739848,2,1.34285714286,0.591252764842,2,0,0,0,0,0.11547608528,37,35,35,0.945945945946,0,0.675675675676,0.0810810810811,0.189189189189,37,149,0.111861861862,1.66800990431,8.05405405405,9.93333333333,4.51515151515,6.61625080954,0.821480805212,0.372573916198,7.73694774187,1.92125547952,0.79629965536,2.36274894616,0.586722892671,0.316343188826,0.870638347335,0.521962336724,2.31504140787,1.68656573499,0.875536864454,2.31504140787,0.0433229515582,0.0195758564437,12,0.0015444015444,0.239785512205,37,36,36,0.972972972973,0,0.567567567568,0.324324324324,0.0810810810811,-67,-0.0503003003003,0.34368557999,-3.62162162162,-11.6666666667,-1.48484848485,-1.58284824006,0.11924315513,0.062513856138,-2.59238888713,0.151878371778,0.0310343900948,-0.724082524543,0.0579600944483,0.0635904360737,0.2906932324,0.0840445968755,0.315041407867,0.362241410665,0.29559174952,0.315041407867,0.0311528253881,0.013603160198,5,0.000643500643501,-0.381411068991,-0.162162162162,0.0810810810811,0.0540540540541,143,6,73,1110,0.662037037037,0.994623655914,0.00537634408602,0.337962962963,0.959731543624,0.662037037037,0.783561643836,0.767917362421,0.656660692951,0.644144144144,85,152,0,0,0,0
1296,WLNM_dir_neg,0.986279432133,0.911415490248,00:00:02,10,30,44,1233300868,threshold_sweep,0.9,0.925925925926,0.493421052632,0.643776824034,75,6,77,298,0.493421052632,0.980263157895,0.0197368421053,0.506578947368,0.925925925926,0.493421052632,0.643776824034,0.81798245614,0.607456140351,0.536312849162,0.584237394672,0.473684210526,216,64,152,0,216,0,64,0,152,37,216,0.162162162162,1.32432432432,11.6756756757,21.6,6,8.1990990496,0.702237650082,0.31006006006,10.329336629,1.76937710775,0.765265265265,3.0868314707,0.528762798222,0.252752752753,0.579945114934,0.437917739848,2,1.32432432432,0.579945114934,2,0.0121701261701,0.00597269624573,7,0.000900900900901,0.621196581197,37,37,37,1,0,0.72972972973,0.243243243243,0.027027027027,37,0.048048048048,1.32432432432,3.45945945946,6.4,2.28571428571,2.94009254006,0.849870499862,0.420608108108,3.19416698103,1.84662778591,0.79222972973,1.38741663711,0.802100243328,0.434966216216,0.579945114934,0.437917739848,2,1.34285714286,0.591252764842,2,0,0,0,0,0.11547608528,37,35,35,0.945945945946,0,0.675675675676,0.0810810810811,0.189189189189,37,145,0.108858858859,1.65922052487,7.83783783784,9.66666666667,4.83333333333,6.43131882757,0.820547574552,0.371481826654,7.72218441454,1.97048843681,0.803727865797,2.50974078319,0.640416613641,0.342963653308,0.854965236837,0.515281256482,2.25,1.67753220612,0.859702886993,2.25,0.0544505820976,0.0190092165899,11,0.0014157014157,0.252120015899,37,36,36,0.972972972973,0,0.567567567568,0.243243243243,0.162162162162,-71,-0.0533033033033,0.334896200548,-3.83783783784,-11.9333333333,-1.16666666667,-1.76778022203,0.11830992447,0.0614217665942,-2.60715221446,0.201111329068,0.0384626005316,-0.577090687516,0.111653815419,0.0902109005557,0.275020121902,0.0773635166332,0.25,0.353207881795,0.279757772058,0.25,0.0422804559275,0.0130365203441,4,0.000514800514801,-0.369076565297,-0.162162162162,0,0.135135135135,139,6,77,1110,0.643518518519,0.994623655914,0.00537634408602,0.356481481481,0.958620689655,0.643518518519,0.770083102493,0.75520883168,0.638142174432,0.626126126126,81,152,0,0,0,0
1297,WLNM_dir_neg,0.993377770083,0.602145057989,00:00:02,10,30,45,1233300869,threshold_sweep,0.1,0.962025316456,1,0.98064516129,152,6,0,298,1,0.980263157895,0.0197368421053,0,0.962025316456,1,0.98064516129,0.986842105263,0.551169590643,0.970684039088,0.971101423479,0.980263157895,216,64,152,0,216,0,64,0,152,37,216,0.162162162162,1.32432432432,11.6756756757,21.6,6,8.1990990496,0.702237650082,0.31006006006,10.329336629,1.76937710775,0.765265265265,3.0868314707,0.528762798222,0.252752752753,0.579945114934,0.437917739848,2,1.32432432432,0.579945114934,2,0.0121701261701,0.00597269624573,7,0.000900900900901,0.621196581197,37,37,37,1,0,0.72972972973,0.243243243243,0.027027027027,37,0.048048048048,1.32432432432,3.45945945946,6.4,2.28571428571,2.73449766456,0.790440731162,0.419763513514,3.1503848852,1.82131626176,0.783783783784,1.46531469219,0.847135056422,0.461993243243,0.579945114934,0.437917739848,2,1.35294117647,0.597081434027,2,0,0,0,0,0.113103933104,37,34,34,0.918918918919,0,0.648648648649,0.108108108108,0.162162162162,37,222,0.166666666667,1.33907187909,12,22.2,6,8.54075198355,0.711729331962,0.3212807402,10.640593133,1.77343218883,0.766983199416,2.86744175568,0.47790695928,0.229121012905,0.603645084286,0.450793638273,2.06200676437,1.33907187909,0.603645084286,2.06200676437,0.0423845572417,0.0277388624264,33,0.0042471042471,0.597246874343,37,37,37,1,0,0.72972972973,0.27027027027,0,6,0.0045045045045,0.0147475547701,0.324324324324,0.6,0,0.341652933941,0.0094916818803,0.0112206801396,0.311256504009,0.00405508108939,0.00171793415037,-0.219389715023,-0.0508558389423,-0.023631739848,0.0236999693514,0.0128758984244,0.0620067643743,0.0147475547701,0.0236999693514,0.0620067643743,0.0302144310716,0.0217661661807,26,0.0033462033462,-0.0239497068533,0,0.027027027027,-0.027027027027,216,6,0,1110,1,0.994623655914,0.00537634408602,0,0.972972972973,1,0.986301369863,0.983738753676,0.994623655914,0.972972972973,158,152,0,0,0,0
1298,WLNM_dir_neg,0.993377770083,0.602145057989,00:00:02,10,30,45,1233300869,threshold_sweep,0.2,0.962025316456,1,0.98064516129,152,6,0,298,1,0.980263157895,0.0197368421053,0,0.962025316456,1,0.98064516129,0.986842105263,0.551169590643,0.970684039088,0.971101423479,0.980263157895,216,64,152,0,216,0,64,0,152,37,216,0.162162162162,1.32432432432,11.6756756757,21.6,6,8.1990990496,0.702237650082,0.31006006006,10.329336629,1.76937710775,0.765265265265,3.0868314707,0.528762798222,0.252752752753,0.579945114934,0.437917739848,2,1.32432432432,0.579945114934,2,0.0121701261701,0.00597269624573,7,0.000900900900901,0.621196581197,37,37,37,1,0,0.72972972973,0.243243243243,0.027027027027,37,0.048048048048,1.32432432432,3.45945945946,6.4,2.28571428571,2.73449766456,0.790440731162,0.419763513514,3.1503848852,1.82131626176,0.783783783784,1.46531469219,0.847135056422,0.461993243243,0.579945114934,0.437917739848,2,1.35294117647,0.597081434027,2,0,0,0,0,0.113103933104,37,34,34,0.918918918919,0,0.648648648649,0.108108108108,0.162162162162,37,222,0.166666666667,1.33907187909,12,22.2,6,8.54075198355,0.711729331962,0.3212807402,10.640593133,1.77343218883,0.766983199416,2.86744175568,0.47790695928,0.229121012905,0.603645084286,0.450793638273,2.06200676437,1.33907187909,0.603645084286,2.06200676437,0.0423845572417,0.0277388624264,33,0.0042471042471,0.597246874343,37,37,37,1,0,0.72972972973,0.27027027027,0,6,0.0045045045045,0.0147475547701,0.324324324324,0.6,0,0.341652933941,0.0094916818803,0.0112206801396,0.311256504009,0.00405508108939,0.00171793415037,-0.219389715023,-0.0508558389423,-0.023631739848,0.0236999693514,0.0128758984244,0.0620067643743,0.0147475547701,0.0236999693514,0.0620067643743,0.0302144310716,0.0217661661807,26,0.0033462033462,-0.0239497068533,0,0.027027027027,-0.027027027027,216,6,0,1110,1,0.994623655914,0.00537634408602,0,0.972972972973,1,0.986301369863,0.983738753676,0.994623655914,0.972972972973,158,152,0,0,0,0
1299,WLNM_dir_neg,0.993377770083,0.602145057989,00:00:02,10,30,45,1233300869,threshold_sweep,0.3,0.962025316456,1,0.98064516129,152,6,0,298,1,0.980263157895,0.0197368421053,0,0.962025316456,1,0.98064516129,0.986842105263,0.551169590643,0.970684039088,0.971101423479,0.980263157895,216,64,152,0,216,0,64,0,152,37,216,0.162162162162,1.32432432432,11.6756756757,21.6,6,8.1990990496,0.702237650082,0.31006006006,10.329336629,1.76937710775,0.765265265265,3.0868314707,0.528762798222,0.252752752753,0.579945114934,0.437917739848,2,1.32432432432,0.579945114934,2,0.0121701261701,0.00597269624573,7,0.000900900900901,0.621196581197,37,37,37,1,0,0.72972972973,0.243243243243,0.027027027027,37,0.048048048048,1.32432432432,3.45945945946,6.4,2.28571428571,2.73449766456,0.790440731162,0.419763513514,3.1503848852,1.82131626176,0.783783783784,1.46531469219,0.847135056422,0.461993243243,0.579945114934,0.437917739848,2,1.35294117647,0.597081434027,2,0,0,0,0,0.113103933104,37,34,34,0.918918918919,0,0.648648648649,0.108108108108,0.162162162162,37,222,0.166666666667,1.33907187909,12,22.2,6,8.54075198355,0.711729331962,0.3212807402,10.640593133,1.77343218883,0.766983199416,2.86744175568,0.47790695928,0.229121012905,0.603645084286,0.450793638273,2.06200676437,1.33907187909,0.603645084286,2.06200676437,0.0423845572417,0.0277388624264,33,0.0042471042471,0.597246874343,37,37,37,1,0,0.72972972973,0.27027027027,0,6,0.0045045045045,0.0147475547701,0.324324324324,0.6,0,0.341652933941,0.0094916818803,0.0112206801396,0.311256504009,0.00405508108939,0.00171793415037,-0.219389715023,-0.0508558389423,-0.023631739848,0.0236999693514,0.0128758984244,0.0620067643743,0.0147475547701,0.0236999693514,0.0620067643743,0.0302144310716,0.0217661661807,26,0.0033462033462,-0.0239497068533,0,0.027027027027,-0.027027027027,216,6,0,1110,1,0.994623655914,0.00537634408602,0,0.972972972973,1,0.986301369863,0.983738753676,0.994623655914,0.972972972973,158,152,0,0,0,0
1300,WLNM_dir_neg,0.993377770083,0.602145057989,00:00:02,10,30,45,1233300869,threshold_sweep,0.4,0.962025316456,1,0.98064516129,152,6,0,298,1,0.980263157895,0.0197368421053,0,0.962025316456,1,0.98064516129,0.986842105263,0.551169590643,0.970684039088,0.971101423479,0.980263157895,216,64,152,0,216,0,64,0,152,37,216,0.162162162162,1.32432432432,11.6756756757,21.6,6,8.1990990496,0.702237650082,0.31006006006,10.329336629,1.76937710775,0.765265265265,3.0868314707,0.528762798222,0.252752752753,0.579945114934,0.437917739848,2,1.32432432432,0.579945114934,2,0.0121701261701,0.00597269624573,7,0.000900900900901,0.621196581197,37,37,37,1,0,0.72972972973,0.243243243243,0.027027027027,37,0.048048048048,1.32432432432,3.45945945946,6.4,2.28571428571,2.73449766456,0.790440731162,0.419763513514,3.1503848852,1.82131626176,0.783783783784,1.46531469219,0.847135056422,0.461993243243,0.579945114934,0.437917739848,2,1.35294117647,0.597081434027,2,0,0,0,0,0.113103933104,37,34,34,0.918918918919,0,0.648648648649,0.108108108108,0.162162162162,37,222,0.166666666667,1.33907187909,12,22.2,6,8.54075198355,0.711729331962,0.3212807402,10.640593133,1.77343218883,0.766983199416,2.86744175568,0.47790695928,0.229121012905,0.603645084286,0.450793638273,2.06200676437,1.33907187909,0.603645084286,2.06200676437,0.0423845572417,0.0277388624264,33,0.0042471042471,0.597246874343,37,37,37,1,0,0.72972972973,0.27027027027,0,6,0.0045045045045,0.0147475547701,0.324324324324,0.6,0,0.341652933941,0.0094916818803,0.0112206801396,0.311256504009,0.00405508108939,0.00171793415037,-0.219389715023,-0.0508558389423,-0.023631739848,0.0236999693514,0.0128758984244,0.0620067643743,0.0147475547701,0.0236999693514,0.0620067643743,0.0302144310716,0.0217661661807,26,0.0033462033462,-0.0239497068533,0,0.027027027027,-0.027027027027,216,6,0,1110,1,0.994623655914,0.00537634408602,0,0.972972972973,1,0.986301369863,0.983738753676,0.994623655914,0.972972972973,158,152,0,0,0,0
1301,WLNM_dir_neg,0.993377770083,0.602145057989,00:00:02,10,30,45,1233300869,threshold_sweep,0.5,0.962025316456,1,0.98064516129,152,6,0,298,1,0.980263157895,0.0197368421053,0,0.962025316456,1,0.98064516129,0.986842105263,0.551169590643,0.970684039088,0.971101423479,0.980263157895,216,64,152,0,216,0,64,0,152,37,216,0.162162162162,1.32432432432,11.6756756757,21.6,6,8.1990990496,0.702237650082,0.31006006006,10.329336629,1.76937710775,0.765265265265,3.0868314707,0.528762798222,0.252752752753,0.579945114934,0.437917739848,2,1.32432432432,0.579945114934,2,0.0121701261701,0.00597269624573,7,0.000900900900901,0.621196581197,37,37,37,1,0,0.72972972973,0.243243243243,0.027027027027,37,0.048048048048,1.32432432432,3.45945945946,6.4,2.28571428571,2.73449766456,0.790440731162,0.419763513514,3.1503848852,1.82131626176,0.783783783784,1.46531469219,0.847135056422,0.461993243243,0.579945114934,0.437917739848,2,1.35294117647,0.597081434027,2,0,0,0,0,0.113103933104,37,34,34,0.918918918919,0,0.648648648649,0.108108108108,0.162162162162,37,222,0.166666666667,1.33907187909,12,22.2,6,8.54075198355,0.711729331962,0.3212807402,10.640593133,1.77343218883,0.766983199416,2.86744175568,0.47790695928,0.229121012905,0.603645084286,0.450793638273,2.06200676437,1.33907187909,0.603645084286,2.06200676437,0.0423845572417,0.0277388624264,33,0.0042471042471,0.597246874343,37,37,37,1,0,0.72972972973,0.27027027027,0,6,0.0045045045045,0.0147475547701,0.324324324324,0.6,0,0.341652933941,0.0094916818803,0.0112206801396,0.311256504009,0.00405508108939,0.00171793415037,-0.219389715023,-0.0508558389423,-0.023631739848,0.0236999693514,0.0128758984244,0.0620067643743,0.0147475547701,0.0236999693514,0.0620067643743,0.0302144310716,0.0217661661807,26,0.0033462033462,-0.0239497068533,0,0.027027027027,-0.027027027027,216,6,0,1110,1,0.994623655914,0.00537634408602,0,0.972972972973,1,0.986301369863,0.983738753676,0.994623655914,0.972972972973,158,152,0,0,0,0
1302,WLNM_dir_neg,0.993377770083,0.602145057989,00:00:02,10,30,45,1233300869,threshold_sweep,0.6,0.96178343949,0.993421052632,0.977346278317,151,6,1,298,0.993421052632,0.980263157895,0.0197368421053,0.00657894736842,0.96178343949,0.993421052632,0.977346278317,0.984649122807,0.551900584795,0.965742251223,0.966031510897,0.973684210526,216,64,152,0,216,0,64,0,152,37,216,0.162162162162,1.32432432432,11.6756756757,21.6,6,8.1990990496,0.702237650082,0.31006006006,10.329336629,1.76937710775,0.765265265265,3.0868314707,0.528762798222,0.252752752753,0.579945114934,0.437917739848,2,1.32432432432,0.579945114934,2,0.0121701261701,0.00597269624573,7,0.000900900900901,0.621196581197,37,37,37,1,0,0.72972972973,0.243243243243,0.027027027027,37,0.048048048048,1.32432432432,3.45945945946,6.4,2.28571428571,2.73449766456,0.790440731162,0.419763513514,3.1503848852,1.82131626176,0.783783783784,1.46531469219,0.847135056422,0.461993243243,0.579945114934,0.437917739848,2,1.35294117647,0.597081434027,2,0,0,0,0,0.113103933104,37,34,34,0.918918918919,0,0.648648648649,0.108108108108,0.162162162162,37,221,0.165915915916,1.33924429474,11.9459459459,22.1,5.97297297297,8.50472400083,0.711933909572,0.322734499205,10.5895296467,1.77290767841,0.767029472912,2.85274221375,0.477608424927,0.231380701969,0.603931868819,0.450949741724,2.06273169379,1.33924429474,0.603931868819,2.06273169379,0.0413764753765,0.027149321267,32,0.0041184041184,0.591604098543,37,37,37,1,0,0.72972972973,0.27027027027,0,5,0.00375375375375,0.0149199704147,0.27027027027,0.5,-0.027027027027,0.305624951228,0.00969625949006,0.012674439145,0.260193017691,0.00353057065988,0.00176420764656,-0.234089256949,-0.0511543732952,-0.0213720507838,0.0239867538841,0.013032001876,0.0627316937891,0.0149199704147,0.0239867538841,0.0627316937891,0.0292063492063,0.0211766250212,25,0.0032175032175,-0.0295924826534,0,0.027027027027,-0.027027027027,215,6,1,1110,0.99537037037,0.994623655914,0.00537634408602,0.00462962962963,0.972850678733,0.99537037037,0.983981693364,0.980930821557,0.989994026284,0.968468468468,157,152,0,0,0,0
1303,WLNM_dir_neg,0.993377770083,0.602145057989,00:00:02,10,30,45,1233300869,threshold_sweep,0.7,0.96178343949,0.993421052632,0.977346278317,151,6,1,298,0.993421052632,0.980263157895,0.0197368421053,0.00657894736842,0.96178343949,0.993421052632,0.977346278317,0.984649122807,0.551900584795,0.965742251223,0.966031510897,0.973684210526,216,64,152,0,216,0,64,0,152,37,216,0.162162162162,1.32432432432,11.6756756757,21.6,6,8.1990990496,0.702237650082,0.31006006006,10.329336629,1.76937710775,0.765265265265,3.0868314707,0.528762798222,0.252752752753,0.579945114934,0.437917739848,2,1.32432432432,0.579945114934,2,0.0121701261701,0.00597269624573,7,0.000900900900901,0.621196581197,37,37,37,1,0,0.72972972973,0.243243243243,0.027027027027,37,0.048048048048,1.32432432432,3.45945945946,6.4,2.28571428571,2.73449766456,0.790440731162,0.419763513514,3.1503848852,1.82131626176,0.783783783784,1.46531469219,0.847135056422,0.461993243243,0.579945114934,0.437917739848,2,1.35294117647,0.597081434027,2,0,0,0,0,0.113103933104,37,34,34,0.918918918919,0,0.648648648649,0.108108108108,0.162162162162,37,221,0.165915915916,1.33924429474,11.9459459459,22.1,5.97297297297,8.50472400083,0.711933909572,0.322734499205,10.5895296467,1.77290767841,0.767029472912,2.85274221375,0.477608424927,0.231380701969,0.603931868819,0.450949741724,2.06273169379,1.33924429474,0.603931868819,2.06273169379,0.0413764753765,0.027149321267,32,0.0041184041184,0.591604098543,37,37,37,1,0,0.72972972973,0.27027027027,0,5,0.00375375375375,0.0149199704147,0.27027027027,0.5,-0.027027027027,0.305624951228,0.00969625949006,0.012674439145,0.260193017691,0.00353057065988,0.00176420764656,-0.234089256949,-0.0511543732952,-0.0213720507838,0.0239867538841,0.013032001876,0.0627316937891,0.0149199704147,0.0239867538841,0.0627316937891,0.0292063492063,0.0211766250212,25,0.0032175032175,-0.0295924826534,0,0.027027027027,-0.027027027027,215,6,1,1110,0.99537037037,0.994623655914,0.00537634408602,0.00462962962963,0.972850678733,0.99537037037,0.983981693364,0.980930821557,0.989994026284,0.968468468468,157,152,0,0,0,0
1304,WLNM_dir_neg,0.993377770083,0.602145057989,00:00:02,10,30,45,1233300869,threshold_sweep,0.8,0.96178343949,0.993421052632,0.977346278317,151,6,1,298,0.993421052632,0.980263157895,0.0197368421053,0.00657894736842,0.96178343949,0.993421052632,0.977346278317,0.984649122807,0.551900584795,0.965742251223,0.966031510897,0.973684210526,216,64,152,0,216,0,64,0,152,37,216,0.162162162162,1.32432432432,11.6756756757,21.6,6,8.1990990496,0.702237650082,0.31006006006,10.329336629,1.76937710775,0.765265265265,3.0868314707,0.528762798222,0.252752752753,0.579945114934,0.437917739848,2,1.32432432432,0.579945114934,2,0.0121701261701,0.00597269624573,7,0.000900900900901,0.621196581197,37,37,37,1,0,0.72972972973,0.243243243243,0.027027027027,37,0.048048048048,1.32432432432,3.45945945946,6.4,2.28571428571,2.73449766456,0.790440731162,0.419763513514,3.1503848852,1.82131626176,0.783783783784,1.46531469219,0.847135056422,0.461993243243,0.579945114934,0.437917739848,2,1.35294117647,0.597081434027,2,0,0,0,0,0.113103933104,37,34,34,0.918918918919,0,0.648648648649,0.108108108108,0.162162162162,37,221,0.165915915916,1.33924429474,11.9459459459,22.1,5.97297297297,8.50472400083,0.711933909572,0.322734499205,10.5895296467,1.77290767841,0.767029472912,2.85274221375,0.477608424927,0.231380701969,0.603931868819,0.450949741724,2.06273169379,1.33924429474,0.603931868819,2.06273169379,0.0413764753765,0.027149321267,32,0.0041184041184,0.591604098543,37,37,37,1,0,0.72972972973,0.27027027027,0,5,0.00375375375375,0.0149199704147,0.27027027027,0.5,-0.027027027027,0.305624951228,0.00969625949006,0.012674439145,0.260193017691,0.00353057065988,0.00176420764656,-0.234089256949,-0.0511543732952,-0.0213720507838,0.0239867538841,0.013032001876,0.0627316937891,0.0149199704147,0.0239867538841,0.0627316937891,0.0292063492063,0.0211766250212,25,0.0032175032175,-0.0295924826534,0,0.027027027027,-0.027027027027,215,6,1,1110,0.99537037037,0.994623655914,0.00537634408602,0.00462962962963,0.972850678733,0.99537037037,0.983981693364,0.980930821557,0.989994026284,0.968468468468,157,152,0,0,0,0
1305,WLNM_dir_neg,0.993377770083,0.602145057989,00:00:02,10,30,45,1233300869,threshold_sweep,0.9,0.961290322581,0.980263157895,0.970684039088,149,6,3,298,0.980263157895,0.980263157895,0.0197368421053,0.0197368421053,0.961290322581,0.980263157895,0.970684039088,0.980263157895,0.553362573099,0.9558101473,0.955913855935,0.960526315789,216,64,152,0,216,0,64,0,152,37,216,0.162162162162,1.32432432432,11.6756756757,21.6,6,8.1990990496,0.702237650082,0.31006006006,10.329336629,1.76937710775,0.765265265265,3.0868314707,0.528762798222,0.252752752753,0.579945114934,0.437917739848,2,1.32432432432,0.579945114934,2,0.0121701261701,0.00597269624573,7,0.000900900900901,0.621196581197,37,37,37,1,0,0.72972972973,0.243243243243,0.027027027027,37,0.048048048048,1.32432432432,3.45945945946,6.4,2.28571428571,2.73449766456,0.790440731162,0.419763513514,3.1503848852,1.82131626176,0.783783783784,1.46531469219,0.847135056422,0.461993243243,0.579945114934,0.437917739848,2,1.35294117647,0.597081434027,2,0,0,0,0,0.113103933104,37,34,34,0.918918918919,0,0.648648648649,0.108108108108,0.162162162162,37,219,0.164414414414,1.33924429474,11.8378378378,21.9,6.08333333333,8.46730152972,0.715274330136,0.326915957053,10.4890905717,1.77212945732,0.767370109836,2.89998446718,0.489951713634,0.239170677527,0.603931868819,0.450949741724,2.06273169379,1.34866774737,0.609733659284,2.06273169379,0.0413764753765,0.027594136246,32,0.0041184041184,0.59265669204,37,36,36,0.972972972973,0,0.702702702703,0.27027027027,0,3,0.00225225225225,0.0149199704147,0.162162162162,0.3,0.0833333333333,0.268202480115,0.0130366800543,0.0168558969929,0.159753942686,0.0027523495714,0.0021048445706,-0.18684700352,-0.0388110845886,-0.0135820752259,0.0239867538841,0.013032001876,0.0627316937891,0.0243434230464,0.0297885443495,0.0627316937891,0.0292063492063,0.0216214400003,25,0.0032175032175,-0.0285398891564,-0.027027027027,0.027027027027,-0.027027027027,213,6,3,1110,0.986111111111,0.994623655914,0.00537634408602,0.0138888888889,0.972602739726,0.986111111111,0.979310344828,0.975306019368,0.980734767025,0.959459459459,155,152,0,0,0,0
1306,WLNM_dir_neg,0.933193386427,0.745034575363,00:00:02,10,30,46,1233300870,threshold_sweep,0.1,0.922077922078,0.467105263158,0.620087336245,71,6,81,298,0.467105263158,0.980263157895,0.0197368421053,0.532894736842,0.922077922078,0.467105263158,0.620087336245,0.809210526316,0.610380116959,0.510318949343,0.562935896433,0.447368421053,216,64,152,0,216,0,64,0,152,37,216,0.162162162162,1.32432432432,11.6756756757,21.6,6,8.1990990496,0.702237650082,0.31006006006,10.329336629,1.76937710775,0.765265265265,3.0868314707,0.528762798222,0.252752752753,0.579945114934,0.437917739848,2,1.32432432432,0.579945114934,2,0.0121701261701,0.00597269624573,7,0.000900900900901,0.621196581197,37,37,37,1,0,0.72972972973,0.243243243243,0.027027027027,37,0.048048048048,1.32432432432,3.45945945946,6.4,2.13333333333,2.94009254006,0.849870499862,0.441300675676,3.14155524691,1.81621162712,0.786317567568,1.36724883228,0.790440731162,0.420608108108,0.579945114934,0.437917739848,2,1.36363636364,0.603022689156,2,0.00779220779221,0.00958466453674,1,0.0001287001287,0.106351087184,37,33,33,0.891891891892,0,0.621621621622,0.189189189189,0.0810810810811,37,141,0.105855855856,1.34129824561,7.62162162162,14.1,3.91666666667,6.68892680045,0.877625147576,0.423423423423,7.17185021005,1.88197487782,0.795859689477,2.28324620074,0.599149712252,0.335825186889,0.606580257349,0.452233691748,2.05709409888,1.34129824561,0.606580257349,2.05709409888,0.243932082151,0.134560092007,78,0.0100386100386,0.298816221641,37,37,37,1,0,0.72972972973,0.243243243243,0.027027027027,-75,-0.0563063063063,0.0169739212897,-4.05405405405,-7.5,-2.08333333333,-1.51017224916,0.175387497495,0.113363363363,-3.15748641895,0.11259777007,0.0305944242114,-0.80358526996,0.0703869140296,0.0830724341363,0.0266351424146,0.0143159518994,0.0570940988836,0.0169739212897,0.0266351424146,0.0570940988836,0.231761955981,0.128587395761,71,0.00913770913771,-0.322380359556,0,0,0,135,6,81,1110,0.625,0.994623655914,0.00537634408602,0.375,0.957446808511,0.625,0.756302521008,0.742371901523,0.619623655914,0.608108108108,77,152,0,0,0,0
1307,WLNM_dir_neg,0.933193386427,0.745034575363,00:00:02,10,30,46,1233300870,threshold_sweep,0.2,0.921052631579,0.460526315789,0.614035087719,70,6,82,298,0.460526315789,0.980263157895,0.0197368421053,0.539473684211,0.921052631579,0.460526315789,0.614035087719,0.80701754386,0.611111111111,0.503759398496,0.557559482188,0.440789473684,216,64,152,0,216,0,64,0,152,37,216,0.162162162162,1.32432432432,11.6756756757,21.6,6,8.1990990496,0.702237650082,0.31006006006,10.329336629,1.76937710775,0.765265265265,3.0868314707,0.528762798222,0.252752752753,0.579945114934,0.437917739848,2,1.32432432432,0.579945114934,2,0.0121701261701,0.00597269624573,7,0.000900900900901,0.621196581197,37,37,37,1,0,0.72972972973,0.243243243243,0.027027027027,37,0.048048048048,1.32432432432,3.45945945946,6.4,2.13333333333,2.94009254006,0.849870499862,0.441300675676,3.14155524691,1.81621162712,0.786317567568,1.36724883228,0.790440731162,0.420608108108,0.579945114934,0.437917739848,2,1.36363636364,0.603022689156,2,0.00779220779221,0.00958466453674,1,0.0001287001287,0.106351087184,37,33,33,0.891891891892,0,0.621621621622,0.189189189189,0.0810810810811,37,140,0.105105105105,1.34132685317,7.56756756757,14,3.88888888889,6.63969770288,0.877388625023,0.423745173745,7.16912800809,1.89469811642,0.798069498069,2.29897483355,0.607586206009,0.339768339768,0.606663413535,0.452286042065,2.05744284955,1.34132685317,0.606663413535,2.05744284955,0.243269542779,0.133099824869,76,0.00978120978121,0.295084803301,37,37,37,1,0,0.72972972973,0.243243243243,0.027027027027,-76,-0.0570570570571,0.0170025288446,-4.10810810811,-7.6,-2.11111111111,-1.55940134673,0.175150974941,0.113685113685,-3.16020862091,0.125321008679,0.0328042328042,-0.787856637156,0.0788234077866,0.0870155870156,0.0267182986009,0.0143683022166,0.0574428495481,0.0170025288446,0.0267182986009,0.0574428495481,0.231099416609,0.127127128623,69,0.00888030888031,-0.326111777896,0,0,0,134,6,82,1110,0.62037037037,0.994623655914,0.00537634408602,0.37962962963,0.957142857143,0.62037037037,0.752808988764,0.739141734316,0.614994026284,0.603603603604,76,152,0,0,0,0
1308,WLNM_dir_neg,0.933193386427,0.745034575363,00:00:02,10,30,46,1233300870,threshold_sweep,0.3,0.933333333333,0.460526315789,0.616740088106,70,5,82,299,0.460526315789,0.983552631579,0.0164473684211,0.539473684211,0.933333333333,0.460526315789,0.616740088106,0.809210526316,0.611842105263,0.508474576271,0.564710224624,0.444078947368,216,64,152,0,216,0,64,0,152,37,216,0.162162162162,1.32432432432,11.6756756757,21.6,6,8.1990990496,0.702237650082,0.31006006006,10.329336629,1.76937710775,0.765265265265,3.0868314707,0.528762798222,0.252752752753,0.579945114934,0.437917739848,2,1.32432432432,0.579945114934,2,0.0121701261701,0.00597269624573,7,0.000900900900901,0.621196581197,37,37,37,1,0,0.72972972973,0.243243243243,0.027027027027,37,0.048048048048,1.32432432432,3.45945945946,6.4,2.13333333333,2.94009254006,0.849870499862,0.441300675676,3.14155524691,1.81621162712,0.786317567568,1.36724883228,0.790440731162,0.420608108108,0.579945114934,0.437917739848,2,1.36363636364,0.603022689156,2,0.00779220779221,0.00958466453674,1,0.0001287001287,0.106351087184,37,33,33,0.891891891892,0,0.621621621622,0.189189189189,0.0810810810811,37,139,0.104354354354,1.3396021021,7.51351351351,13.9,3.86111111111,6.50051972974,0.865177086332,0.420377211744,7.11182663442,1.89307615449,0.797977833949,2.30223810678,0.612825970869,0.342990472487,0.604339593875,0.451133655977,2.05732323232,1.3396021021,0.604339593875,2.05732323232,0.191587919365,0.100840336134,56,0.00720720720721,0.295812888335,37,37,37,1,0,0.72972972973,0.243243243243,0.027027027027,-77,-0.0578078078078,0.0152777777778,-4.16216216216,-7.7,-2.13888888889,-1.69857931986,0.162939436251,0.110317151684,-3.21750999458,0.123699046741,0.0327125686838,-0.784593363926,0.0840631726465,0.0902377197341,0.024394478941,0.0132159161283,0.0573232323232,0.0152777777778,0.024394478941,0.0573232323232,0.179417793195,0.0948676398887,49,0.00630630630631,-0.325383692861,0,0,0,134,5,82,1111,0.62037037037,0.995519713262,0.00448028673835,0.37962962963,0.964028776978,0.62037037037,0.754929577465,0.742565149044,0.615890083632,0.606334841629,75,152,0,0,0,0
1309,WLNM_dir_neg,0.933193386427,0.745034575363,00:00:02,10,30,46,1233300870,threshold_sweep,0.4,0.933333333333,0.460526315789,0.616740088106,70,5,82,299,0.460526315789,0.983552631579,0.0164473684211,0.539473684211,0.933333333333,0.460526315789,0.616740088106,0.809210526316,0.611842105263,0.508474576271,0.564710224624,0.444078947368,216,64,152,0,216,0,64,0,152,37,216,0.162162162162,1.32432432432,11.6756756757,21.6,6,8.1990990496,0.702237650082,0.31006006006,10.329336629,1.76937710775,0.765265265265,3.0868314707,0.528762798222,0.252752752753,0.579945114934,0.437917739848,2,1.32432432432,0.579945114934,2,0.0121701261701,0.00597269624573,7,0.000900900900901,0.621196581197,37,37,37,1,0,0.72972972973,0.243243243243,0.027027027027,37,0.048048048048,1.32432432432,3.45945945946,6.4,2.13333333333,2.94009254006,0.849870499862,0.441300675676,3.14155524691,1.81621162712,0.786317567568,1.36724883228,0.790440731162,0.420608108108,0.579945114934,0.437917739848,2,1.36363636364,0.603022689156,2,0.00779220779221,0.00958466453674,1,0.0001287001287,0.106351087184,37,33,33,0.891891891892,0,0.621621621622,0.189189189189,0.0810810810811,37,139,0.104354354354,1.3396021021,7.51351351351,13.9,3.86111111111,6.50051972974,0.865177086332,0.420377211744,7.11182663442,1.89307615449,0.797977833949,2.30223810678,0.612825970869,0.342990472487,0.604339593875,0.451133655977,2.05732323232,1.3396021021,0.604339593875,2.05732323232,0.191587919365,0.100840336134,56,0.00720720720721,0.295812888335,37,37,37,1,0,0.72972972973,0.243243243243,0.027027027027,-77,-0.0578078078078,0.0152777777778,-4.16216216216,-7.7,-2.13888888889,-1.69857931986,0.162939436251,0.110317151684,-3.21750999458,0.123699046741,0.0327125686838,-0.784593363926,0.0840631726465,0.0902377197341,0.024394478941,0.0132159161283,0.0573232323232,0.0152777777778,0.024394478941,0.0573232323232,0.179417793195,0.0948676398887,49,0.00630630630631,-0.325383692861,0,0,0,134,5,82,1111,0.62037037037,0.995519713262,0.00448028673835,0.37962962963,0.964028776978,0.62037037037,0.754929577465,0.742565149044,0.615890083632,0.606334841629,75,152,0,0,0,0
1310,WLNM_dir_neg,0.933193386427,0.745034575363,00:00:02,10,30,46,1233300870,threshold_sweep,0.5,0.945205479452,0.453947368421,0.613333333333,69,4,83,300,0.453947368421,0.986842105263,0.0131578947368,0.546052631579,0.945205479452,0.453947368421,0.613333333333,0.809210526316,0.613304093567,0.506616257089,0.566668384866,0.440789473684,216,64,152,0,216,0,64,0,152,37,216,0.162162162162,1.32432432432,11.6756756757,21.6,6,8.1990990496,0.702237650082,0.31006006006,10.329336629,1.76937710775,0.765265265265,3.0868314707,0.528762798222,0.252752752753,0.579945114934,0.437917739848,2,1.32432432432,0.579945114934,2,0.0121701261701,0.00597269624573,7,0.000900900900901,0.621196581197,37,37,37,1,0,0.72972972973,0.243243243243,0.027027027027,37,0.048048048048,1.32432432432,3.45945945946,6.4,2.13333333333,2.94009254006,0.849870499862,0.441300675676,3.14155524691,1.81621162712,0.786317567568,1.36724883228,0.790440731162,0.420608108108,0.579945114934,0.437917739848,2,1.36363636364,0.603022689156,2,0.00779220779221,0.00958466453674,1,0.0001287001287,0.106351087184,37,33,33,0.891891891892,0,0.621621621622,0.189189189189,0.0810810810811,37,137,0.102852852853,1.33686561562,7.40540540541,13.7,3.80555555556,6.38774633993,0.862578885319,0.417833892286,7.03114051466,1.89892116089,0.79818504636,2.30777508129,0.623267722684,0.347997632669,0.600130179254,0.448908381099,2.05527777778,1.33686561562,0.600130179254,2.05527777778,0.167887577074,0.0856079404467,46,0.00592020592021,0.292581593257,37,37,37,1,0,0.72972972973,0.243243243243,0.027027027027,-79,-0.0593093093093,0.0125412912913,-4.27027027027,-7.9,-2.19444444444,-1.81135270967,0.160341235237,0.107773832226,-3.29819611434,0.129544053149,0.032919781095,-0.779056389413,0.0945049244619,0.0952448799164,0.0201850643191,0.010990641251,0.0552777777778,0.0125412912913,0.0201850643191,0.0552777777778,0.155717450904,0.0796352442009,39,0.00501930501931,-0.328614987939,0,0,0,133,4,83,1112,0.615740740741,0.996415770609,0.00358422939068,0.384259259259,0.970802919708,0.615740740741,0.753541076487,0.742809090482,0.61215651135,0.604545454545,73,152,0,0,0,0
1311,WLNM_dir_neg,0.933193386427,0.745034575363,00:00:02,10,30,46,1233300870,threshold_sweep,0.6,0.944444444444,0.447368421053,0.607142857143,68,4,84,300,0.447368421053,0.986842105263,0.0131578947368,0.552631578947,0.944444444444,0.447368421053,0.607142857143,0.80701754386,0.614035087719,0.5,0.561341399388,0.434210526316,216,64,152,0,216,0,64,0,152,37,216,0.162162162162,1.32432432432,11.6756756757,21.6,6,8.1990990496,0.702237650082,0.31006006006,10.329336629,1.76937710775,0.765265265265,3.0868314707,0.528762798222,0.252752752753,0.579945114934,0.437917739848,2,1.32432432432,0.579945114934,2,0.0121701261701,0.00597269624573,7,0.000900900900901,0.621196581197,37,37,37,1,0,0.72972972973,0.243243243243,0.027027027027,37,0.048048048048,1.32432432432,3.45945945946,6.4,2.13333333333,2.94009254006,0.849870499862,0.441300675676,3.14155524691,1.81621162712,0.786317567568,1.36724883228,0.790440731162,0.420608108108,0.579945114934,0.437917739848,2,1.36363636364,0.603022689156,2,0.00779220779221,0.00958466453674,1,0.0001287001287,0.106351087184,37,33,33,0.891891891892,0,0.621621621622,0.189189189189,0.0810810810811,37,136,0.102102102102,1.33686561562,7.35135135135,13.6,3.77777777778,6.35179859137,0.864031426032,0.417726550079,6.98034563795,1.89906462209,0.798092209857,2.28587515521,0.621892505463,0.346581875994,0.600130179254,0.448908381099,2.05527777778,1.33686561562,0.600130179254,2.05527777778,0.168962845891,0.0867924528302,46,0.00592020592021,0.288222842846,37,37,37,1,0,0.72972972973,0.243243243243,0.027027027027,-80,-0.0600600600601,0.0125412912913,-4.32432432432,-8,-2.22222222222,-1.84730045823,0.16179377595,0.107666490019,-3.34899099105,0.129687514344,0.0328269445917,-0.80095631549,0.0931297072402,0.0938291232409,0.0201850643191,0.010990641251,0.0552777777778,0.0125412912913,0.0201850643191,0.0552777777778,0.156792719721,0.0808197565845,39,0.00501930501931,-0.332973738351,0,0,0,132,4,84,1112,0.611111111111,0.996415770609,0.00358422939068,0.388888888889,0.970588235294,0.611111111111,0.75,0.73958727134,0.60752688172,0.6,72,152,0,0,0,0
1312,WLNM_dir_neg,0.933193386427,0.745034575363,00:00:02,10,30,46,1233300870,threshold_sweep,0.7,0.941176470588,0.421052631579,0.581818181818,64,4,88,300,0.421052631579,0.986842105263,0.0131578947368,0.578947368421,0.941176470588,0.421052631579,0.581818181818,0.798245614035,0.616959064327,0.473282442748,0.539804335326,0.407894736842,216,64,152,0,216,0,64,0,152,37,216,0.162162162162,1.32432432432,11.6756756757,21.6,6,8.1990990496,0.702237650082,0.31006006006,10.329336629,1.76937710775,0.765265265265,3.0868314707,0.528762798222,0.252752752753,0.579945114934,0.437917739848,2,1.32432432432,0.579945114934,2,0.0121701261701,0.00597269624573,7,0.000900900900901,0.621196581197,37,37,37,1,0,0.72972972973,0.243243243243,0.027027027027,37,0.048048048048,1.32432432432,3.45945945946,6.4,2.13333333333,2.94009254006,0.849870499862,0.441300675676,3.14155524691,1.81621162712,0.786317567568,1.36724883228,0.790440731162,0.420608108108,0.579945114934,0.437917739848,2,1.36363636364,0.603022689156,2,0.00779220779221,0.00958466453674,1,0.0001287001287,0.106351087184,37,33,33,0.891891891892,0,0.621621621622,0.189189189189,0.0810810810811,37,132,0.0990990990991,1.33686561562,7.13513513514,13.2,4.125,6.1561268585,0.862790506683,0.429361179361,6.68140263277,1.87281740464,0.794021294021,2.43288284118,0.681944432756,0.382473382473,0.600130179254,0.448908381099,2.05527777778,1.37769781145,0.623916328794,2.05527777778,0.169354433941,0.0924932975871,46,0.00592020592021,0.303605978229,37,33,33,0.891891891892,0,0.621621621622,0.243243243243,0.027027027027,-84,-0.0630630630631,0.0125412912913,-4.54054054054,-8.4,-1.875,-2.04297219111,0.160552856601,0.119301119301,-3.64793399623,0.103440296894,0.028756028756,-0.653948629522,0.153181634533,0.129720629721,0.0201850643191,0.010990641251,0.0552777777778,0.0533734871235,0.0439712138597,0.0552777777778,0.157184307771,0.0865206013414,39,0.00501930501931,-0.317590602968,-0.108108108108,0,0,128,4,88,1112,0.592592592593,0.996415770609,0.00358422939068,0.407407407407,0.969696969697,0.592592592593,0.735632183908,0.726612467749,0.589008363202,0.581818181818,68,152,0,0,0,0
1313,WLNM_dir_neg,0.933193386427,0.745034575363,00:00:02,10,30,46,1233300870,threshold_sweep,0.8,0.941176470588,0.421052631579,0.581818181818,64,4,88,300,0.421052631579,0.986842105263,0.0131578947368,0.578947368421,0.941176470588,0.421052631579,0.581818181818,0.798245614035,0.616959064327,0.473282442748,0.539804335326,0.407894736842,216,64,152,0,216,0,64,0,152,37,216,0.162162162162,1.32432432432,11.6756756757,21.6,6,8.1990990496,0.702237650082,0.31006006006,10.329336629,1.76937710775,0.765265265265,3.0868314707,0.528762798222,0.252752752753,0.579945114934,0.437917739848,2,1.32432432432,0.579945114934,2,0.0121701261701,0.00597269624573,7,0.000900900900901,0.621196581197,37,37,37,1,0,0.72972972973,0.243243243243,0.027027027027,37,0.048048048048,1.32432432432,3.45945945946,6.4,2.13333333333,2.94009254006,0.849870499862,0.441300675676,3.14155524691,1.81621162712,0.786317567568,1.36724883228,0.790440731162,0.420608108108,0.579945114934,0.437917739848,2,1.36363636364,0.603022689156,2,0.00779220779221,0.00958466453674,1,0.0001287001287,0.106351087184,37,33,33,0.891891891892,0,0.621621621622,0.189189189189,0.0810810810811,37,132,0.0990990990991,1.33686561562,7.13513513514,13.2,4.125,6.1561268585,0.862790506683,0.429361179361,6.68140263277,1.87281740464,0.794021294021,2.43288284118,0.681944432756,0.382473382473,0.600130179254,0.448908381099,2.05527777778,1.37769781145,0.623916328794,2.05527777778,0.169354433941,0.0924932975871,46,0.00592020592021,0.303605978229,37,33,33,0.891891891892,0,0.621621621622,0.243243243243,0.027027027027,-84,-0.0630630630631,0.0125412912913,-4.54054054054,-8.4,-1.875,-2.04297219111,0.160552856601,0.119301119301,-3.64793399623,0.103440296894,0.028756028756,-0.653948629522,0.153181634533,0.129720629721,0.0201850643191,0.010990641251,0.0552777777778,0.0533734871235,0.0439712138597,0.0552777777778,0.157184307771,0.0865206013414,39,0.00501930501931,-0.317590602968,-0.108108108108,0,0,128,4,88,1112,0.592592592593,0.996415770609,0.00358422939068,0.407407407407,0.969696969697,0.592592592593,0.735632183908,0.726612467749,0.589008363202,0.581818181818,68,152,0,0,0,0
1314,WLNM_dir_neg,0.933193386427,0.745034575363,00:00:02,10,30,46,1233300870,threshold_sweep,0.9,0.941176470588,0.421052631579,0.581818181818,64,4,88,300,0.421052631579,0.986842105263,0.0131578947368,0.578947368421,0.941176470588,0.421052631579,0.581818181818,0.798245614035,0.616959064327,0.473282442748,0.539804335326,0.407894736842,216,64,152,0,216,0,64,0,152,37,216,0.162162162162,1.32432432432,11.6756756757,21.6,6,8.1990990496,0.702237650082,0.31006006006,10.329336629,1.76937710775,0.765265265265,3.0868314707,0.528762798222,0.252752752753,0.579945114934,0.437917739848,2,1.32432432432,0.579945114934,2,0.0121701261701,0.00597269624573,7,0.000900900900901,0.621196581197,37,37,37,1,0,0.72972972973,0.243243243243,0.027027027027,37,0.048048048048,1.32432432432,3.45945945946,6.4,2.13333333333,2.94009254006,0.849870499862,0.441300675676,3.14155524691,1.81621162712,0.786317567568,1.36724883228,0.790440731162,0.420608108108,0.579945114934,0.437917739848,2,1.36363636364,0.603022689156,2,0.00779220779221,0.00958466453674,1,0.0001287001287,0.106351087184,37,33,33,0.891891891892,0,0.621621621622,0.189189189189,0.0810810810811,37,132,0.0990990990991,1.33686561562,7.13513513514,13.2,4.125,6.1561268585,0.862790506683,0.429361179361,6.68140263277,1.87281740464,0.794021294021,2.43288284118,0.681944432756,0.382473382473,0.600130179254,0.448908381099,2.05527777778,1.37769781145,0.623916328794,2.05527777778,0.169354433941,0.0924932975871,46,0.00592020592021,0.303605978229,37,33,33,0.891891891892,0,0.621621621622,0.243243243243,0.027027027027,-84,-0.0630630630631,0.0125412912913,-4.54054054054,-8.4,-1.875,-2.04297219111,0.160552856601,0.119301119301,-3.64793399623,0.103440296894,0.028756028756,-0.653948629522,0.153181634533,0.129720629721,0.0201850643191,0.010990641251,0.0552777777778,0.0533734871235,0.0439712138597,0.0552777777778,0.157184307771,0.0865206013414,39,0.00501930501931,-0.317590602968,-0.108108108108,0,0,128,4,88,1112,0.592592592593,0.996415770609,0.00358422939068,0.407407407407,0.969696969697,0.592592592593,0.735632183908,0.726612467749,0.589008363202,0.581818181818,68,152,0,0,0,0
1315,WLNM_dir_neg,0.944479310942,0.714939089641,00:00:03,10,30,47,1233300871,threshold_sweep,0.1,0.865853658537,0.467105263158,0.606837606838,71,11,81,293,0.467105263158,0.963815789474,0.0361842105263,0.532894736842,0.865853658537,0.467105263158,0.606837606838,0.798245614035,0.606725146199,0.486988847584,0.528948720012,0.430921052632,216,64,152,0,216,0,64,0,152,37,216,0.162162162162,1.32432432432,11.6756756757,21.6,6,8.1990990496,0.702237650082,0.31006006006,10.329336629,1.76937710775,0.765265265265,3.0868314707,0.528762798222,0.252752752753,0.579945114934,0.437917739848,2,1.32432432432,0.579945114934,2,0.0121701261701,0.00597269624573,7,0.000900900900901,0.621196581197,37,37,37,1,0,0.72972972973,0.243243243243,0.027027027027,37,0.048048048048,1.32432432432,3.45945945946,6.4,2.46153846154,2.88284769123,0.833323160745,0.418918918919,3.27149854084,1.89133509392,0.799831081081,1.40729544889,0.813592681392,0.44847972973,0.579945114934,0.437917739848,2,1.36363636364,0.603022689156,2,0,0,0,0,0.108171524325,37,33,33,0.891891891892,0,0.621621621622,0.0810810810811,0.189189189189,37,146,0.10960960961,2.05581542045,7.89189189189,9.73333333333,5.40740740741,6.66576570489,0.844634695482,0.406886338393,7.50535344473,1.9020416264,0.794520547945,2.62409715634,0.665010923181,0.348389485376,1.38198224073,0.672230700767,3.45206463196,2.18379304717,1.41151546527,3.45206463196,0.0889462389462,0.0516647531573,30,0.003861003861,0.269084463029,37,33,33,0.891891891892,0,0.486486486486,0.243243243243,0.162162162162,-70,-0.0525525525526,0.731491096123,-3.78378378378,-11.8666666667,-0.592592592593,-1.53333334472,0.1423970454,0.0968262783331,-2.82398318427,0.132664518659,0.0292552826799,-0.462734314369,0.136248124958,0.095636732623,0.8020371258,0.234312960918,1.45206463196,0.859468722844,0.831570350334,1.45206463196,0.0767761127761,0.0456920569116,23,0.0029601029601,-0.352112118168,-0.243243243243,0,0.135135135135,135,11,81,1105,0.625,0.990143369176,0.00985663082437,0.375,0.924657534247,0.625,0.745856353591,0.725799304067,0.615143369176,0.594713656388,82,152,0,0,0,0
1316,WLNM_dir_neg,0.944479310942,0.714939089641,00:00:03,10,30,47,1233300871,threshold_sweep,0.2,0.865853658537,0.467105263158,0.606837606838,71,11,81,293,0.467105263158,0.963815789474,0.0361842105263,0.532894736842,0.865853658537,0.467105263158,0.606837606838,0.798245614035,0.606725146199,0.486988847584,0.528948720012,0.430921052632,216,64,152,0,216,0,64,0,152,37,216,0.162162162162,1.32432432432,11.6756756757,21.6,6,8.1990990496,0.702237650082,0.31006006006,10.329336629,1.76937710775,0.765265265265,3.0868314707,0.528762798222,0.252752752753,0.579945114934,0.437917739848,2,1.32432432432,0.579945114934,2,0.0121701261701,0.00597269624573,7,0.000900900900901,0.621196581197,37,37,37,1,0,0.72972972973,0.243243243243,0.027027027027,37,0.048048048048,1.32432432432,3.45945945946,6.4,2.46153846154,2.88284769123,0.833323160745,0.418918918919,3.27149854084,1.89133509392,0.799831081081,1.40729544889,0.813592681392,0.44847972973,0.579945114934,0.437917739848,2,1.36363636364,0.603022689156,2,0,0,0,0,0.108171524325,37,33,33,0.891891891892,0,0.621621621622,0.0810810810811,0.189189189189,37,146,0.10960960961,2.05581542045,7.89189189189,9.73333333333,5.40740740741,6.66576570489,0.844634695482,0.406886338393,7.50535344473,1.9020416264,0.794520547945,2.62409715634,0.665010923181,0.348389485376,1.38198224073,0.672230700767,3.45206463196,2.18379304717,1.41151546527,3.45206463196,0.0889462389462,0.0516647531573,30,0.003861003861,0.269084463029,37,33,33,0.891891891892,0,0.486486486486,0.243243243243,0.162162162162,-70,-0.0525525525526,0.731491096123,-3.78378378378,-11.8666666667,-0.592592592593,-1.53333334472,0.1423970454,0.0968262783331,-2.82398318427,0.132664518659,0.0292552826799,-0.462734314369,0.136248124958,0.095636732623,0.8020371258,0.234312960918,1.45206463196,0.859468722844,0.831570350334,1.45206463196,0.0767761127761,0.0456920569116,23,0.0029601029601,-0.352112118168,-0.243243243243,0,0.135135135135,135,11,81,1105,0.625,0.990143369176,0.00985663082437,0.375,0.924657534247,0.625,0.745856353591,0.725799304067,0.615143369176,0.594713656388,82,152,0,0,0,0
1317,WLNM_dir_neg,0.944479310942,0.714939089641,00:00:03,10,30,47,1233300871,threshold_sweep,0.3,0.865853658537,0.467105263158,0.606837606838,71,11,81,293,0.467105263158,0.963815789474,0.0361842105263,0.532894736842,0.865853658537,0.467105263158,0.606837606838,0.798245614035,0.606725146199,0.486988847584,0.528948720012,0.430921052632,216,64,152,0,216,0,64,0,152,37,216,0.162162162162,1.32432432432,11.6756756757,21.6,6,8.1990990496,0.702237650082,0.31006006006,10.329336629,1.76937710775,0.765265265265,3.0868314707,0.528762798222,0.252752752753,0.579945114934,0.437917739848,2,1.32432432432,0.579945114934,2,0.0121701261701,0.00597269624573,7,0.000900900900901,0.621196581197,37,37,37,1,0,0.72972972973,0.243243243243,0.027027027027,37,0.048048048048,1.32432432432,3.45945945946,6.4,2.46153846154,2.88284769123,0.833323160745,0.418918918919,3.27149854084,1.89133509392,0.799831081081,1.40729544889,0.813592681392,0.44847972973,0.579945114934,0.437917739848,2,1.36363636364,0.603022689156,2,0,0,0,0,0.108171524325,37,33,33,0.891891891892,0,0.621621621622,0.0810810810811,0.189189189189,37,146,0.10960960961,2.05581542045,7.89189189189,9.73333333333,5.40740740741,6.66576570489,0.844634695482,0.406886338393,7.50535344473,1.9020416264,0.794520547945,2.62409715634,0.665010923181,0.348389485376,1.38198224073,0.672230700767,3.45206463196,2.18379304717,1.41151546527,3.45206463196,0.0889462389462,0.0516647531573,30,0.003861003861,0.269084463029,37,33,33,0.891891891892,0,0.486486486486,0.243243243243,0.162162162162,-70,-0.0525525525526,0.731491096123,-3.78378378378,-11.8666666667,-0.592592592593,-1.53333334472,0.1423970454,0.0968262783331,-2.82398318427,0.132664518659,0.0292552826799,-0.462734314369,0.136248124958,0.095636732623,0.8020371258,0.234312960918,1.45206463196,0.859468722844,0.831570350334,1.45206463196,0.0767761127761,0.0456920569116,23,0.0029601029601,-0.352112118168,-0.243243243243,0,0.135135135135,135,11,81,1105,0.625,0.990143369176,0.00985663082437,0.375,0.924657534247,0.625,0.745856353591,0.725799304067,0.615143369176,0.594713656388,82,152,0,0,0,0
1318,WLNM_dir_neg,0.944479310942,0.714939089641,00:00:03,10,30,47,1233300871,threshold_sweep,0.4,0.865853658537,0.467105263158,0.606837606838,71,11,81,293,0.467105263158,0.963815789474,0.0361842105263,0.532894736842,0.865853658537,0.467105263158,0.606837606838,0.798245614035,0.606725146199,0.486988847584,0.528948720012,0.430921052632,216,64,152,0,216,0,64,0,152,37,216,0.162162162162,1.32432432432,11.6756756757,21.6,6,8.1990990496,0.702237650082,0.31006006006,10.329336629,1.76937710775,0.765265265265,3.0868314707,0.528762798222,0.252752752753,0.579945114934,0.437917739848,2,1.32432432432,0.579945114934,2,0.0121701261701,0.00597269624573,7,0.000900900900901,0.621196581197,37,37,37,1,0,0.72972972973,0.243243243243,0.027027027027,37,0.048048048048,1.32432432432,3.45945945946,6.4,2.46153846154,2.88284769123,0.833323160745,0.418918918919,3.27149854084,1.89133509392,0.799831081081,1.40729544889,0.813592681392,0.44847972973,0.579945114934,0.437917739848,2,1.36363636364,0.603022689156,2,0,0,0,0,0.108171524325,37,33,33,0.891891891892,0,0.621621621622,0.0810810810811,0.189189189189,37,146,0.10960960961,2.05581542045,7.89189189189,9.73333333333,5.40740740741,6.66576570489,0.844634695482,0.406886338393,7.50535344473,1.9020416264,0.794520547945,2.62409715634,0.665010923181,0.348389485376,1.38198224073,0.672230700767,3.45206463196,2.18379304717,1.41151546527,3.45206463196,0.0889462389462,0.0516647531573,30,0.003861003861,0.269084463029,37,33,33,0.891891891892,0,0.486486486486,0.243243243243,0.162162162162,-70,-0.0525525525526,0.731491096123,-3.78378378378,-11.8666666667,-0.592592592593,-1.53333334472,0.1423970454,0.0968262783331,-2.82398318427,0.132664518659,0.0292552826799,-0.462734314369,0.136248124958,0.095636732623,0.8020371258,0.234312960918,1.45206463196,0.859468722844,0.831570350334,1.45206463196,0.0767761127761,0.0456920569116,23,0.0029601029601,-0.352112118168,-0.243243243243,0,0.135135135135,135,11,81,1105,0.625,0.990143369176,0.00985663082437,0.375,0.924657534247,0.625,0.745856353591,0.725799304067,0.615143369176,0.594713656388,82,152,0,0,0,0
1319,WLNM_dir_neg,0.944479310942,0.714939089641,00:00:03,10,30,47,1233300871,threshold_sweep,0.5,0.8875,0.467105263158,0.612068965517,71,9,81,295,0.467105263158,0.970394736842,0.0296052631579,0.532894736842,0.8875,0.467105263158,0.612068965517,0.802631578947,0.608187134503,0.496268656716,0.542247710726,0.4375,216,64,152,0,216,0,64,0,152,37,216,0.162162162162,1.32432432432,11.6756756757,21.6,6,8.1990990496,0.702237650082,0.31006006006,10.329336629,1.76937710775,0.765265265265,3.0868314707,0.528762798222,0.252752752753,0.579945114934,0.437917739848,2,1.32432432432,0.579945114934,2,0.0121701261701,0.00597269624573,7,0.000900900900901,0.621196581197,37,37,37,1,0,0.72972972973,0.243243243243,0.027027027027,37,0.048048048048,1.32432432432,3.45945945946,6.4,2.46153846154,2.88284769123,0.833323160745,0.418918918919,3.27149854084,1.89133509392,0.799831081081,1.40729544889,0.813592681392,0.44847972973,0.579945114934,0.437917739848,2,1.36363636364,0.603022689156,2,0,0,0,0,0.108171524325,37,33,33,0.891891891892,0,0.621621621622,0.0810810810811,0.189189189189,37,144,0.108108108108,1.76698948727,7.78378378378,11.0769230769,5.33333333333,6.60864389827,0.849027167486,0.405968468468,7.53061818247,1.93495050522,0.802177177177,2.5796617326,0.662829750738,0.345345345345,1.16281615058,0.658077571462,3.31158350556,1.85995790997,1.19946310511,3.31158350556,0.0862877862878,0.0475073313783,27,0.0034749034749,0.255391478009,37,33,33,0.891891891892,0,0.540540540541,0.189189189189,0.162162162162,-72,-0.0540540540541,0.442665162949,-3.89189189189,-10.5230769231,-0.666666666667,-1.59045515133,0.146789517405,0.0959084084084,-2.79871844653,0.165573397474,0.0369119119119,-0.507169738101,0.134066952516,0.0925925925926,0.58287103565,0.220159831614,1.31158350556,0.535633585648,0.619517990172,1.31158350556,0.0741176601177,0.0415346351326,20,0.002574002574,-0.365805103188,-0.189189189189,-0.0540540540541,0.135135135135,135,9,81,1107,0.625,0.991935483871,0.00806451612903,0.375,0.9375,0.625,0.75,0.732334099396,0.616935483871,0.6,80,152,0,0,0,0
1320,WLNM_dir_neg,0.944479310942,0.714939089641,00:00:03,10,30,47,1233300871,threshold_sweep,0.6,0.898734177215,0.467105263158,0.614718614719,71,8,81,296,0.467105263158,0.973684210526,0.0263157894737,0.532894736842,0.898734177215,0.467105263158,0.614718614719,0.804824561404,0.608918128655,0.500934579439,0.549042015033,0.440789473684,216,64,152,0,216,0,64,0,152,37,216,0.162162162162,1.32432432432,11.6756756757,21.6,6,8.1990990496,0.702237650082,0.31006006006,10.329336629,1.76937710775,0.765265265265,3.0868314707,0.528762798222,0.252752752753,0.579945114934,0.437917739848,2,1.32432432432,0.579945114934,2,0.0121701261701,0.00597269624573,7,0.000900900900901,0.621196581197,37,37,37,1,0,0.72972972973,0.243243243243,0.027027027027,37,0.048048048048,1.32432432432,3.45945945946,6.4,2.46153846154,2.88284769123,0.833323160745,0.418918918919,3.27149854084,1.89133509392,0.799831081081,1.40729544889,0.813592681392,0.44847972973,0.579945114934,0.437917739848,2,1.36363636364,0.603022689156,2,0,0,0,0,0.108171524325,37,33,33,0.891891891892,0,0.621621621622,0.0810810810811,0.189189189189,37,143,0.107357357357,1.75912255559,7.72972972973,11,5.2962962963,6.55595000595,0.848147378392,0.404082404082,7.50245205162,1.94119388748,0.802494802495,2.58373289557,0.668518301652,0.350028350028,1.15475581526,0.656438524755,3.28958210712,1.85113741081,1.19137689929,3.28958210712,0.0823210459574,0.0429082240763,24,0.0030888030888,0.253827666907,37,33,33,0.891891891892,0,0.540540540541,0.189189189189,0.162162162162,-73,-0.0548048048048,0.434798231267,-3.94594594595,-10.6,-0.703703703704,-1.64314904366,0.14590972831,0.0940223440223,-2.82688457738,0.171816779736,0.0372295372295,-0.503098575129,0.13975550343,0.0972755972756,0.574810700321,0.218520784906,1.28958210712,0.52681308649,0.611431784358,1.28958210712,0.0701509197873,0.0369355278305,17,0.0021879021879,-0.367368914289,-0.189189189189,-0.0540540540541,0.135135135135,135,8,81,1108,0.625,0.992831541219,0.00716845878136,0.375,0.944055944056,0.625,0.75208913649,0.735648074783,0.617831541219,0.602678571429,79,152,0,0,0,0
1321,WLNM_dir_neg,0.944479310942,0.714939089641,00:00:03,10,30,47,1233300871,threshold_sweep,0.7,0.910256410256,0.467105263158,0.617391304348,71,7,81,297,0.467105263158,0.976973684211,0.0230263157895,0.532894736842,0.910256410256,0.467105263158,0.617391304348,0.80701754386,0.609649122807,0.505617977528,0.555936987496,0.444078947368,216,64,152,0,216,0,64,0,152,37,216,0.162162162162,1.32432432432,11.6756756757,21.6,6,8.1990990496,0.702237650082,0.31006006006,10.329336629,1.76937710775,0.765265265265,3.0868314707,0.528762798222,0.252752752753,0.579945114934,0.437917739848,2,1.32432432432,0.579945114934,2,0.0121701261701,0.00597269624573,7,0.000900900900901,0.621196581197,37,37,37,1,0,0.72972972973,0.243243243243,0.027027027027,37,0.048048048048,1.32432432432,3.45945945946,6.4,2.46153846154,2.88284769123,0.833323160745,0.418918918919,3.27149854084,1.89133509392,0.799831081081,1.40729544889,0.813592681392,0.44847972973,0.579945114934,0.437917739848,2,1.36363636364,0.603022689156,2,0,0,0,0,0.108171524325,37,33,33,0.891891891892,0,0.621621621622,0.0810810810811,0.189189189189,37,142,0.106606606607,1.7635250157,7.67567567568,10.9230769231,5.25925925926,6.50663786731,0.847695778488,0.401979444233,7.48150873641,1.94940720597,0.803958888466,2.6088898609,0.679781160939,0.355538637229,1.16269726028,0.659302958526,3.31746031746,1.85607350245,1.19964321453,3.31746031746,0.0788860970679,0.0398791540785,22,0.0028314028314,0.254434701198,37,33,33,0.891891891892,0,0.540540540541,0.189189189189,0.162162162162,-74,-0.0555555555556,0.439200691375,-4,-10.6769230769,-0.740740740741,-1.69246118229,0.145458128406,0.0919193841729,-2.84782789259,0.180030098221,0.0386936232007,-0.477941609804,0.151018362716,0.102785884476,0.58275214535,0.221385218677,1.31746031746,0.531749178126,0.619698099591,1.31746031746,0.0667159708978,0.0339064578328,15,0.0019305019305,-0.366761879998,-0.189189189189,-0.0540540540541,0.135135135135,135,7,81,1109,0.625,0.993727598566,0.00627240143369,0.375,0.950704225352,0.625,0.754189944134,0.738993823021,0.618727598566,0.605381165919,78,152,0,0,0,0
1322,WLNM_dir_neg,0.944479310942,0.714939089641,00:00:03,10,30,47,1233300871,threshold_sweep,0.8,0.910256410256,0.467105263158,0.617391304348,71,7,81,297,0.467105263158,0.976973684211,0.0230263157895,0.532894736842,0.910256410256,0.467105263158,0.617391304348,0.80701754386,0.609649122807,0.505617977528,0.555936987496,0.444078947368,216,64,152,0,216,0,64,0,152,37,216,0.162162162162,1.32432432432,11.6756756757,21.6,6,8.1990990496,0.702237650082,0.31006006006,10.329336629,1.76937710775,0.765265265265,3.0868314707,0.528762798222,0.252752752753,0.579945114934,0.437917739848,2,1.32432432432,0.579945114934,2,0.0121701261701,0.00597269624573,7,0.000900900900901,0.621196581197,37,37,37,1,0,0.72972972973,0.243243243243,0.027027027027,37,0.048048048048,1.32432432432,3.45945945946,6.4,2.46153846154,2.88284769123,0.833323160745,0.418918918919,3.27149854084,1.89133509392,0.799831081081,1.40729544889,0.813592681392,0.44847972973,0.579945114934,0.437917739848,2,1.36363636364,0.603022689156,2,0,0,0,0,0.108171524325,37,33,33,0.891891891892,0,0.621621621622,0.0810810810811,0.189189189189,37,142,0.106606606607,1.7635250157,7.67567567568,10.9230769231,5.25925925926,6.50663786731,0.847695778488,0.401979444233,7.48150873641,1.94940720597,0.803958888466,2.6088898609,0.679781160939,0.355538637229,1.16269726028,0.659302958526,3.31746031746,1.85607350245,1.19964321453,3.31746031746,0.0788860970679,0.0398791540785,22,0.0028314028314,0.254434701198,37,33,33,0.891891891892,0,0.540540540541,0.189189189189,0.162162162162,-74,-0.0555555555556,0.439200691375,-4,-10.6769230769,-0.740740740741,-1.69246118229,0.145458128406,0.0919193841729,-2.84782789259,0.180030098221,0.0386936232007,-0.477941609804,0.151018362716,0.102785884476,0.58275214535,0.221385218677,1.31746031746,0.531749178126,0.619698099591,1.31746031746,0.0667159708978,0.0339064578328,15,0.0019305019305,-0.366761879998,-0.189189189189,-0.0540540540541,0.135135135135,135,7,81,1109,0.625,0.993727598566,0.00627240143369,0.375,0.950704225352,0.625,0.754189944134,0.738993823021,0.618727598566,0.605381165919,78,152,0,0,0,0
1323,WLNM_dir_neg,0.944479310942,0.714939089641,00:00:03,10,30,47,1233300871,threshold_sweep,0.9,0.910256410256,0.467105263158,0.617391304348,71,7,81,297,0.467105263158,0.976973684211,0.0230263157895,0.532894736842,0.910256410256,0.467105263158,0.617391304348,0.80701754386,0.609649122807,0.505617977528,0.555936987496,0.444078947368,216,64,152,0,216,0,64,0,152,37,216,0.162162162162,1.32432432432,11.6756756757,21.6,6,8.1990990496,0.702237650082,0.31006006006,10.329336629,1.76937710775,0.765265265265,3.0868314707,0.528762798222,0.252752752753,0.579945114934,0.437917739848,2,1.32432432432,0.579945114934,2,0.0121701261701,0.00597269624573,7,0.000900900900901,0.621196581197,37,37,37,1,0,0.72972972973,0.243243243243,0.027027027027,37,0.048048048048,1.32432432432,3.45945945946,6.4,2.46153846154,2.88284769123,0.833323160745,0.418918918919,3.27149854084,1.89133509392,0.799831081081,1.40729544889,0.813592681392,0.44847972973,0.579945114934,0.437917739848,2,1.36363636364,0.603022689156,2,0,0,0,0,0.108171524325,37,33,33,0.891891891892,0,0.621621621622,0.0810810810811,0.189189189189,37,142,0.106606606607,1.7635250157,7.67567567568,10.9230769231,5.25925925926,6.50663786731,0.847695778488,0.401979444233,7.48150873641,1.94940720597,0.803958888466,2.6088898609,0.679781160939,0.355538637229,1.16269726028,0.659302958526,3.31746031746,1.85607350245,1.19964321453,3.31746031746,0.0788860970679,0.0398791540785,22,0.0028314028314,0.254434701198,37,33,33,0.891891891892,0,0.540540540541,0.189189189189,0.162162162162,-74,-0.0555555555556,0.439200691375,-4,-10.6769230769,-0.740740740741,-1.69246118229,0.145458128406,0.0919193841729,-2.84782789259,0.180030098221,0.0386936232007,-0.477941609804,0.151018362716,0.102785884476,0.58275214535,0.221385218677,1.31746031746,0.531749178126,0.619698099591,1.31746031746,0.0667159708978,0.0339064578328,15,0.0019305019305,-0.366761879998,-0.189189189189,-0.0540540540541,0.135135135135,135,7,81,1109,0.625,0.993727598566,0.00627240143369,0.375,0.950704225352,0.625,0.754189944134,0.738993823021,0.618727598566,0.605381165919,78,152,0,0,0,0
1324,WLNM_dir_neg,0.968782461911,0.411988427381,00:00:03,10,30,48,1233300872,threshold_sweep,0.1,0.938356164384,0.901315789474,0.919463087248,137,9,15,295,0.901315789474,0.970394736842,0.0296052631579,0.0986842105263,0.938356164384,0.901315789474,0.919463087248,0.947368421053,0.559941520468,0.880398671096,0.880792486532,0.871710526316,216,64,152,0,216,0,64,0,152,37,216,0.162162162162,1.32432432432,11.6756756757,21.6,6,8.1990990496,0.702237650082,0.31006006006,10.329336629,1.76937710775,0.765265265265,3.0868314707,0.528762798222,0.252752752753,0.579945114934,0.437917739848,2,1.32432432432,0.579945114934,2,0.0121701261701,0.00597269624573,7,0.000900900900901,0.621196581197,37,37,37,1,0,0.72972972973,0.243243243243,0.027027027027,37,0.048048048048,1.33333333333,3.45945945946,6.4,2.37037037037,2.81459089779,0.813592681392,0.421030405405,3.19416698103,1.84662778591,0.79222972973,1.46531469219,0.847135056422,0.45777027027,0.60858061945,0.456435464588,2.33333333333,1.37373737374,0.633320042391,2.33333333333,0.0239463601533,0.01,1,0.0001287001287,0.117657373491,37,33,33,0.891891891892,0,0.621621621622,0.108108108108,0.162162162162,37,210,0.157657657658,1.3458263505,11.3513513514,21,5.83333333333,8.50887189355,0.749591095384,0.348391248391,10.2633491774,1.80830437887,0.775032175032,3.11852933692,0.549455168886,0.271042471042,0.627810814787,0.466487236301,2.35744166572,1.35543263802,0.633952524537,2.35744166572,0.221831357477,0.150736355761,174,0.0223938223938,0.572802999753,37,36,36,0.972972972973,0,0.702702702703,0.27027027027,0,-6,-0.0045045045045,0.0215020261783,-0.324324324324,-0.6,-0.166666666667,0.309772843949,0.0473534453026,0.0383311883312,-0.0659874516436,0.0389272711222,0.00976690976691,0.0316978662151,0.0206923706633,0.0182897182897,0.0478656998526,0.0285694964526,0.357441665715,0.0311083136922,0.0540074096025,0.357441665715,0.209661231307,0.144763659515,167,0.0214929214929,-0.0483935814434,-0.027027027027,0.027027027027,-0.027027027027,201,9,15,1107,0.930555555556,0.991935483871,0.00806451612903,0.0694444444444,0.957142857143,0.930555555556,0.943661971831,0.93307177712,0.922491039427,0.893333333333,146,152,0,0,0,0
1325,WLNM_dir_neg,0.968782461911,0.411988427381,00:00:03,10,30,48,1233300872,threshold_sweep,0.2,0.964788732394,0.901315789474,0.931972789116,137,5,15,299,0.901315789474,0.983552631579,0.0164473684211,0.0986842105263,0.964788732394,0.901315789474,0.931972789116,0.956140350877,0.562865497076,0.899665551839,0.900799810079,0.884868421053,216,64,152,0,216,0,64,0,152,37,216,0.162162162162,1.32432432432,11.6756756757,21.6,6,8.1990990496,0.702237650082,0.31006006006,10.329336629,1.76937710775,0.765265265265,3.0868314707,0.528762798222,0.252752752753,0.579945114934,0.437917739848,2,1.32432432432,0.579945114934,2,0.0121701261701,0.00597269624573,7,0.000900900900901,0.621196581197,37,37,37,1,0,0.72972972973,0.243243243243,0.027027027027,37,0.048048048048,1.33333333333,3.45945945946,6.4,2.37037037037,2.81459089779,0.813592681392,0.421030405405,3.19416698103,1.84662778591,0.79222972973,1.46531469219,0.847135056422,0.45777027027,0.60858061945,0.456435464588,2.33333333333,1.37373737374,0.633320042391,2.33333333333,0.0239463601533,0.01,1,0.0001287001287,0.117657373491,37,33,33,0.891891891892,0,0.621621621622,0.108108108108,0.162162162162,37,206,0.154654654655,1.34138560254,11.1351351351,20.6,5.72222222222,8.08346103735,0.725941889277,0.337969036998,10.034774372,1.8023623872,0.771713461034,3.2019138421,0.575101029892,0.282865389662,0.621653515916,0.463441321228,2.35246264527,1.35086853594,0.627751768776,2.35246264527,0.101629164486,0.0692307692308,75,0.00965250965251,0.581992772659,37,36,36,0.972972972973,0,0.702702702703,0.27027027027,0,-10,-0.00750750750751,0.0170612782124,-0.540540540541,-1,-0.277777777778,-0.115638012255,0.0237042391946,0.0279089769381,-0.294562257012,0.0329852794563,0.00644819576858,0.115082371399,0.0463382316699,0.0301126369088,0.0417084009812,0.0255235813794,0.352462645268,0.0265442116162,0.0478066538417,0.352462645268,0.0894590383162,0.063258072985,68,0.00875160875161,-0.0392038085371,-0.027027027027,0.027027027027,-0.027027027027,201,5,15,1111,0.930555555556,0.995519713262,0.00448028673835,0.0694444444444,0.97572815534,0.930555555556,0.952606635071,0.944066210314,0.926075268817,0.909502262443,142,152,0,0,0,0
1326,WLNM_dir_neg,0.968782461911,0.411988427381,00:00:03,10,30,48,1233300872,threshold_sweep,0.3,0.964788732394,0.901315789474,0.931972789116,137,5,15,299,0.901315789474,0.983552631579,0.0164473684211,0.0986842105263,0.964788732394,0.901315789474,0.931972789116,0.956140350877,0.562865497076,0.899665551839,0.900799810079,0.884868421053,216,64,152,0,216,0,64,0,152,37,216,0.162162162162,1.32432432432,11.6756756757,21.6,6,8.1990990496,0.702237650082,0.31006006006,10.329336629,1.76937710775,0.765265265265,3.0868314707,0.528762798222,0.252752752753,0.579945114934,0.437917739848,2,1.32432432432,0.579945114934,2,0.0121701261701,0.00597269624573,7,0.000900900900901,0.621196581197,37,37,37,1,0,0.72972972973,0.243243243243,0.027027027027,37,0.048048048048,1.33333333333,3.45945945946,6.4,2.37037037037,2.81459089779,0.813592681392,0.421030405405,3.19416698103,1.84662778591,0.79222972973,1.46531469219,0.847135056422,0.45777027027,0.60858061945,0.456435464588,2.33333333333,1.37373737374,0.633320042391,2.33333333333,0.0239463601533,0.01,1,0.0001287001287,0.117657373491,37,33,33,0.891891891892,0,0.621621621622,0.108108108108,0.162162162162,37,206,0.154654654655,1.34138560254,11.1351351351,20.6,5.72222222222,8.08346103735,0.725941889277,0.337969036998,10.034774372,1.8023623872,0.771713461034,3.2019138421,0.575101029892,0.282865389662,0.621653515916,0.463441321228,2.35246264527,1.35086853594,0.627751768776,2.35246264527,0.101629164486,0.0692307692308,75,0.00965250965251,0.581992772659,37,36,36,0.972972972973,0,0.702702702703,0.27027027027,0,-10,-0.00750750750751,0.0170612782124,-0.540540540541,-1,-0.277777777778,-0.115638012255,0.0237042391946,0.0279089769381,-0.294562257012,0.0329852794563,0.00644819576858,0.115082371399,0.0463382316699,0.0301126369088,0.0417084009812,0.0255235813794,0.352462645268,0.0265442116162,0.0478066538417,0.352462645268,0.0894590383162,0.063258072985,68,0.00875160875161,-0.0392038085371,-0.027027027027,0.027027027027,-0.027027027027,201,5,15,1111,0.930555555556,0.995519713262,0.00448028673835,0.0694444444444,0.97572815534,0.930555555556,0.952606635071,0.944066210314,0.926075268817,0.909502262443,142,152,0,0,0,0
1327,WLNM_dir_neg,0.968782461911,0.411988427381,00:00:03,10,30,48,1233300872,threshold_sweep,0.4,0.971631205674,0.901315789474,0.935153583618,137,4,15,300,0.901315789474,0.986842105263,0.0131578947368,0.0986842105263,0.971631205674,0.901315789474,0.935153583618,0.958333333333,0.563596491228,0.904522613065,0.905907662518,0.888157894737,216,64,152,0,216,0,64,0,152,37,216,0.162162162162,1.32432432432,11.6756756757,21.6,6,8.1990990496,0.702237650082,0.31006006006,10.329336629,1.76937710775,0.765265265265,3.0868314707,0.528762798222,0.252752752753,0.579945114934,0.437917739848,2,1.32432432432,0.579945114934,2,0.0121701261701,0.00597269624573,7,0.000900900900901,0.621196581197,37,37,37,1,0,0.72972972973,0.243243243243,0.027027027027,37,0.048048048048,1.33333333333,3.45945945946,6.4,2.37037037037,2.81459089779,0.813592681392,0.421030405405,3.19416698103,1.84662778591,0.79222972973,1.46531469219,0.847135056422,0.45777027027,0.60858061945,0.456435464588,2.33333333333,1.37373737374,0.633320042391,2.33333333333,0.0239463601533,0.01,1,0.0001287001287,0.117657373491,37,33,33,0.891891891892,0,0.621621621622,0.108108108108,0.162162162162,37,205,0.153903903904,1.34010230485,11.0810810811,20.5,5.69444444444,7.99089196238,0.721129274653,0.336585365854,9.98497369549,1.80216598406,0.772050098879,3.2368931829,0.584219745206,0.287145682268,0.61992289178,0.46259370612,2.35102379635,1.3495495911,0.626009481478,2.35102379635,0.0729534275249,0.0477826358526,51,0.00656370656371,0.587241182686,37,36,36,0.972972972973,0,0.702702702703,0.27027027027,0,-11,-0.00825825825826,0.0157779805262,-0.594594594595,-1.1,-0.305555555556,-0.208207087229,0.0188916245715,0.0265253057936,-0.344362933506,0.0327888763194,0.0067848336141,0.150061712192,0.0554569469831,0.0343929295149,0.0399777768458,0.0246759662711,0.351023796348,0.025225266772,0.0460643665438,0.351023796348,0.0607833013547,0.0418099396069,44,0.00566280566281,-0.033955398511,-0.027027027027,0.027027027027,-0.027027027027,201,4,15,1112,0.930555555556,0.996415770609,0.00358422939068,0.0694444444444,0.980487804878,0.930555555556,0.95486935867,0.946861339772,0.926971326165,0.913636363636,141,152,0,0,0,0
1328,WLNM_dir_neg,0.968782461911,0.411988427381,00:00:03,10,30,48,1233300872,threshold_sweep,0.5,0.968421052632,0.605263157895,0.744939271255,92,3,60,301,0.605263157895,0.990131578947,0.00986842105263,0.394736842105,0.968421052632,0.605263157895,0.744939271255,0.861842105263,0.597222222222,0.656987295826,0.691111585631,0.595394736842,216,64,152,0,216,0,64,0,152,37,216,0.162162162162,1.32432432432,11.6756756757,21.6,6,8.1990990496,0.702237650082,0.31006006006,10.329336629,1.76937710775,0.765265265265,3.0868314707,0.528762798222,0.252752752753,0.579945114934,0.437917739848,2,1.32432432432,0.579945114934,2,0.0121701261701,0.00597269624573,7,0.000900900900901,0.621196581197,37,37,37,1,0,0.72972972973,0.243243243243,0.027027027027,37,0.048048048048,1.33333333333,3.45945945946,6.4,2.37037037037,2.81459089779,0.813592681392,0.421030405405,3.19416698103,1.84662778591,0.79222972973,1.46531469219,0.847135056422,0.45777027027,0.60858061945,0.456435464588,2.33333333333,1.37373737374,0.633320042391,2.33333333333,0.0239463601533,0.01,1,0.0001287001287,0.117657373491,37,33,33,0.891891891892,0,0.621621621622,0.108108108108,0.162162162162,37,159,0.119369369369,1.33886836477,8.59459459459,15.9,4.67647058824,7.02163109992,0.816982234896,0.381438041815,8.24238660443,1.91803965009,0.799592044875,2.6860220987,0.625049167622,0.337922828489,0.618253999555,0.461773551325,2.34964028777,1.3687685146,0.636888181428,2.34964028777,0.0683264546901,0.0389235944258,27,0.0034749034749,0.376551200008,37,34,34,0.918918918919,0,0.648648648649,0.27027027027,0,-57,-0.0427927927928,0.0145440404433,-3.08108108108,-5.7,-1.32352941176,-1.17746794969,0.114744584814,0.0713779817553,-2.08695002457,0.148662542343,0.0343267796098,-0.400809372002,0.0962863694,0.0851700757361,0.0383088846205,0.0238558114762,0.34964028777,0.0444441902758,0.0569430664935,0.34964028777,0.05615632852,0.03295089818,20,0.002574002574,-0.244645381189,-0.0810810810811,0.027027027027,-0.027027027027,156,3,60,1113,0.722222222222,0.997311827957,0.00268817204301,0.277777777778,0.981132075472,0.722222222222,0.832,0.818017802541,0.719534050179,0.712328767123,95,152,0,0,0,0
1329,WLNM_dir_neg,0.968782461911,0.411988427381,00:00:03,10,30,48,1233300872,threshold_sweep,0.6,0.968421052632,0.605263157895,0.744939271255,92,3,60,301,0.605263157895,0.990131578947,0.00986842105263,0.394736842105,0.968421052632,0.605263157895,0.744939271255,0.861842105263,0.597222222222,0.656987295826,0.691111585631,0.595394736842,216,64,152,0,216,0,64,0,152,37,216,0.162162162162,1.32432432432,11.6756756757,21.6,6,8.1990990496,0.702237650082,0.31006006006,10.329336629,1.76937710775,0.765265265265,3.0868314707,0.528762798222,0.252752752753,0.579945114934,0.437917739848,2,1.32432432432,0.579945114934,2,0.0121701261701,0.00597269624573,7,0.000900900900901,0.621196581197,37,37,37,1,0,0.72972972973,0.243243243243,0.027027027027,37,0.048048048048,1.33333333333,3.45945945946,6.4,2.37037037037,2.81459089779,0.813592681392,0.421030405405,3.19416698103,1.84662778591,0.79222972973,1.46531469219,0.847135056422,0.45777027027,0.60858061945,0.456435464588,2.33333333333,1.37373737374,0.633320042391,2.33333333333,0.0239463601533,0.01,1,0.0001287001287,0.117657373491,37,33,33,0.891891891892,0,0.621621621622,0.108108108108,0.162162162162,37,159,0.119369369369,1.33886836477,8.59459459459,15.9,4.67647058824,7.02163109992,0.816982234896,0.381438041815,8.24238660443,1.91803965009,0.799592044875,2.6860220987,0.625049167622,0.337922828489,0.618253999555,0.461773551325,2.34964028777,1.3687685146,0.636888181428,2.34964028777,0.0683264546901,0.0389235944258,27,0.0034749034749,0.376551200008,37,34,34,0.918918918919,0,0.648648648649,0.27027027027,0,-57,-0.0427927927928,0.0145440404433,-3.08108108108,-5.7,-1.32352941176,-1.17746794969,0.114744584814,0.0713779817553,-2.08695002457,0.148662542343,0.0343267796098,-0.400809372002,0.0962863694,0.0851700757361,0.0383088846205,0.0238558114762,0.34964028777,0.0444441902758,0.0569430664935,0.34964028777,0.05615632852,0.03295089818,20,0.002574002574,-0.244645381189,-0.0810810810811,0.027027027027,-0.027027027027,156,3,60,1113,0.722222222222,0.997311827957,0.00268817204301,0.277777777778,0.981132075472,0.722222222222,0.832,0.818017802541,0.719534050179,0.712328767123,95,152,0,0,0,0
1330,WLNM_dir_neg,0.968782461911,0.411988427381,00:00:03,10,30,48,1233300872,threshold_sweep,0.7,0.968421052632,0.605263157895,0.744939271255,92,3,60,301,0.605263157895,0.990131578947,0.00986842105263,0.394736842105,0.968421052632,0.605263157895,0.744939271255,0.861842105263,0.597222222222,0.656987295826,0.691111585631,0.595394736842,216,64,152,0,216,0,64,0,152,37,216,0.162162162162,1.32432432432,11.6756756757,21.6,6,8.1990990496,0.702237650082,0.31006006006,10.329336629,1.76937710775,0.765265265265,3.0868314707,0.528762798222,0.252752752753,0.579945114934,0.437917739848,2,1.32432432432,0.579945114934,2,0.0121701261701,0.00597269624573,7,0.000900900900901,0.621196581197,37,37,37,1,0,0.72972972973,0.243243243243,0.027027027027,37,0.048048048048,1.33333333333,3.45945945946,6.4,2.37037037037,2.81459089779,0.813592681392,0.421030405405,3.19416698103,1.84662778591,0.79222972973,1.46531469219,0.847135056422,0.45777027027,0.60858061945,0.456435464588,2.33333333333,1.37373737374,0.633320042391,2.33333333333,0.0239463601533,0.01,1,0.0001287001287,0.117657373491,37,33,33,0.891891891892,0,0.621621621622,0.108108108108,0.162162162162,37,159,0.119369369369,1.33886836477,8.59459459459,15.9,4.67647058824,7.02163109992,0.816982234896,0.381438041815,8.24238660443,1.91803965009,0.799592044875,2.6860220987,0.625049167622,0.337922828489,0.618253999555,0.461773551325,2.34964028777,1.3687685146,0.636888181428,2.34964028777,0.0683264546901,0.0389235944258,27,0.0034749034749,0.376551200008,37,34,34,0.918918918919,0,0.648648648649,0.27027027027,0,-57,-0.0427927927928,0.0145440404433,-3.08108108108,-5.7,-1.32352941176,-1.17746794969,0.114744584814,0.0713779817553,-2.08695002457,0.148662542343,0.0343267796098,-0.400809372002,0.0962863694,0.0851700757361,0.0383088846205,0.0238558114762,0.34964028777,0.0444441902758,0.0569430664935,0.34964028777,0.05615632852,0.03295089818,20,0.002574002574,-0.244645381189,-0.0810810810811,0.027027027027,-0.027027027027,156,3,60,1113,0.722222222222,0.997311827957,0.00268817204301,0.277777777778,0.981132075472,0.722222222222,0.832,0.818017802541,0.719534050179,0.712328767123,95,152,0,0,0,0
1331,WLNM_dir_neg,0.968782461911,0.411988427381,00:00:03,10,30,48,1233300872,threshold_sweep,0.8,0.968421052632,0.605263157895,0.744939271255,92,3,60,301,0.605263157895,0.990131578947,0.00986842105263,0.394736842105,0.968421052632,0.605263157895,0.744939271255,0.861842105263,0.597222222222,0.656987295826,0.691111585631,0.595394736842,216,64,152,0,216,0,64,0,152,37,216,0.162162162162,1.32432432432,11.6756756757,21.6,6,8.1990990496,0.702237650082,0.31006006006,10.329336629,1.76937710775,0.765265265265,3.0868314707,0.528762798222,0.252752752753,0.579945114934,0.437917739848,2,1.32432432432,0.579945114934,2,0.0121701261701,0.00597269624573,7,0.000900900900901,0.621196581197,37,37,37,1,0,0.72972972973,0.243243243243,0.027027027027,37,0.048048048048,1.33333333333,3.45945945946,6.4,2.37037037037,2.81459089779,0.813592681392,0.421030405405,3.19416698103,1.84662778591,0.79222972973,1.46531469219,0.847135056422,0.45777027027,0.60858061945,0.456435464588,2.33333333333,1.37373737374,0.633320042391,2.33333333333,0.0239463601533,0.01,1,0.0001287001287,0.117657373491,37,33,33,0.891891891892,0,0.621621621622,0.108108108108,0.162162162162,37,159,0.119369369369,1.33886836477,8.59459459459,15.9,4.67647058824,7.02163109992,0.816982234896,0.381438041815,8.24238660443,1.91803965009,0.799592044875,2.6860220987,0.625049167622,0.337922828489,0.618253999555,0.461773551325,2.34964028777,1.3687685146,0.636888181428,2.34964028777,0.0683264546901,0.0389235944258,27,0.0034749034749,0.376551200008,37,34,34,0.918918918919,0,0.648648648649,0.27027027027,0,-57,-0.0427927927928,0.0145440404433,-3.08108108108,-5.7,-1.32352941176,-1.17746794969,0.114744584814,0.0713779817553,-2.08695002457,0.148662542343,0.0343267796098,-0.400809372002,0.0962863694,0.0851700757361,0.0383088846205,0.0238558114762,0.34964028777,0.0444441902758,0.0569430664935,0.34964028777,0.05615632852,0.03295089818,20,0.002574002574,-0.244645381189,-0.0810810810811,0.027027027027,-0.027027027027,156,3,60,1113,0.722222222222,0.997311827957,0.00268817204301,0.277777777778,0.981132075472,0.722222222222,0.832,0.818017802541,0.719534050179,0.712328767123,95,152,0,0,0,0
1332,WLNM_dir_neg,0.968782461911,0.411988427381,00:00:03,10,30,48,1233300872,threshold_sweep,0.9,0.968421052632,0.605263157895,0.744939271255,92,3,60,301,0.605263157895,0.990131578947,0.00986842105263,0.394736842105,0.968421052632,0.605263157895,0.744939271255,0.861842105263,0.597222222222,0.656987295826,0.691111585631,0.595394736842,216,64,152,0,216,0,64,0,152,37,216,0.162162162162,1.32432432432,11.6756756757,21.6,6,8.1990990496,0.702237650082,0.31006006006,10.329336629,1.76937710775,0.765265265265,3.0868314707,0.528762798222,0.252752752753,0.579945114934,0.437917739848,2,1.32432432432,0.579945114934,2,0.0121701261701,0.00597269624573,7,0.000900900900901,0.621196581197,37,37,37,1,0,0.72972972973,0.243243243243,0.027027027027,37,0.048048048048,1.33333333333,3.45945945946,6.4,2.37037037037,2.81459089779,0.813592681392,0.421030405405,3.19416698103,1.84662778591,0.79222972973,1.46531469219,0.847135056422,0.45777027027,0.60858061945,0.456435464588,2.33333333333,1.37373737374,0.633320042391,2.33333333333,0.0239463601533,0.01,1,0.0001287001287,0.117657373491,37,33,33,0.891891891892,0,0.621621621622,0.108108108108,0.162162162162,37,159,0.119369369369,1.33886836477,8.59459459459,15.9,4.67647058824,7.02163109992,0.816982234896,0.381438041815,8.24238660443,1.91803965009,0.799592044875,2.6860220987,0.625049167622,0.337922828489,0.618253999555,0.461773551325,2.34964028777,1.3687685146,0.636888181428,2.34964028777,0.0683264546901,0.0389235944258,27,0.0034749034749,0.376551200008,37,34,34,0.918918918919,0,0.648648648649,0.27027027027,0,-57,-0.0427927927928,0.0145440404433,-3.08108108108,-5.7,-1.32352941176,-1.17746794969,0.114744584814,0.0713779817553,-2.08695002457,0.148662542343,0.0343267796098,-0.400809372002,0.0962863694,0.0851700757361,0.0383088846205,0.0238558114762,0.34964028777,0.0444441902758,0.0569430664935,0.34964028777,0.05615632852,0.03295089818,20,0.002574002574,-0.244645381189,-0.0810810810811,0.027027027027,-0.027027027027,156,3,60,1113,0.722222222222,0.997311827957,0.00268817204301,0.277777777778,0.981132075472,0.722222222222,0.832,0.818017802541,0.719534050179,0.712328767123,95,152,0,0,0,0
1333,WLNM_dir_neg,0.954466759003,0.654620294562,00:00:02,10,30,49,1233300873,threshold_sweep,0.1,0.922077922078,0.934210526316,0.928104575163,142,12,10,292,0.934210526316,0.960526315789,0.0394736842105,0.0657894736842,0.922077922078,0.934210526316,0.928104575163,0.951754385965,0.554093567251,0.891803278689,0.891846421994,0.894736842105,216,64,152,0,216,0,64,0,152,37,216,0.162162162162,1.32432432432,11.6756756757,21.6,6,8.1990990496,0.702237650082,0.31006006006,10.329336629,1.76937710775,0.765265265265,3.0868314707,0.528762798222,0.252752752753,0.579945114934,0.437917739848,2,1.32432432432,0.579945114934,2,0.0121701261701,0.00597269624573,7,0.000900900900901,0.621196581197,37,37,37,1,0,0.72972972973,0.243243243243,0.027027027027,37,0.048048048048,1.32432432432,3.45945945946,6.4,2.20689655172,2.83426057959,0.819278448789,0.422719594595,3.28843637825,1.90112728118,0.799831081081,1.40729544889,0.813592681392,0.441722972973,0.579945114934,0.437917739848,2,1.34285714286,0.591252764842,2,0,0,0,0,0.102291118468,37,35,35,0.945945945946,0,0.675675675676,0.108108108108,0.162162162162,37,218,0.163663663664,1.34006750916,11.7837837838,21.8,5.89189189189,9.06193238877,0.769017198129,0.345152491941,10.7671924118,1.82745926255,0.779320605009,2.91341517604,0.494478722539,0.243243243243,0.604070327354,0.450776041674,2.05332508999,1.34006750916,0.604070327354,2.05332508999,0.344133408248,0.220161922173,281,0.0361647361647,0.551531192014,37,37,37,1,0,0.72972972973,0.27027027027,0,2,0.0015015015015,0.0157431848321,0.108108108108,0.2,-0.108108108108,0.862833339164,0.0667795480476,0.0350924318814,0.437855782787,0.0580821548056,0.0140553397434,-0.173416294663,-0.0342840756833,-0.00950950950951,0.0241252124192,0.0128583018256,0.0533250899927,0.0157431848321,0.0241252124192,0.0533250899927,0.331963282078,0.214189225927,274,0.0352638352638,-0.0696653891827,0,0.027027027027,-0.027027027027,206,12,10,1104,0.953703703704,0.989247311828,0.010752688172,0.0462962962963,0.94495412844,0.953703703704,0.94930875576,0.93945777113,0.942951015532,0.90350877193,154,152,0,0,0,0
1334,WLNM_dir_neg,0.954466759003,0.654620294562,00:00:02,10,30,49,1233300873,threshold_sweep,0.2,0.923611111111,0.875,0.898648648649,133,11,19,293,0.875,0.963815789474,0.0361842105263,0.125,0.923611111111,0.875,0.898648648649,0.934210526316,0.561403508772,0.85,0.85068081709,0.838815789474,216,64,152,0,216,0,64,0,152,37,216,0.162162162162,1.32432432432,11.6756756757,21.6,6,8.1990990496,0.702237650082,0.31006006006,10.329336629,1.76937710775,0.765265265265,3.0868314707,0.528762798222,0.252752752753,0.579945114934,0.437917739848,2,1.32432432432,0.579945114934,2,0.0121701261701,0.00597269624573,7,0.000900900900901,0.621196581197,37,37,37,1,0,0.72972972973,0.243243243243,0.027027027027,37,0.048048048048,1.32432432432,3.45945945946,6.4,2.20689655172,2.83426057959,0.819278448789,0.422719594595,3.28843637825,1.90112728118,0.799831081081,1.40729544889,0.813592681392,0.441722972973,0.579945114934,0.437917739848,2,1.34285714286,0.591252764842,2,0,0,0,0,0.102291118468,37,35,35,0.945945945946,0,0.675675675676,0.108108108108,0.162162162162,37,208,0.156156156156,1.33735273735,11.2432432432,20.8,6.11764705882,8.85188431103,0.787307018048,0.365514553015,10.6153749904,1.88831189733,0.789501039501,3.15657472016,0.561506080029,0.280925155925,0.598381110535,0.447437010313,2.03846153846,1.34672364672,0.604109501727,2.03846153846,0.30813344437,0.205026828579,242,0.0311454311454,0.54126851164,37,36,36,0.972972972973,0,0.702702702703,0.216216216216,0.0540540540541,-8,-0.00600600600601,0.0130284130284,-0.432432432432,-0.8,0.117647058824,0.652785261425,0.0850693679665,0.0554544929545,0.286038361371,0.11893478958,0.0242357742358,0.0697432494577,0.0327432818063,0.0281724031724,0.0184359956001,0.00951927046419,0.0384615384615,0.0223993223993,0.0241643867923,0.0384615384615,0.2959633182,0.199054132334,235,0.0302445302445,-0.079928069557,-0.027027027027,-0.027027027027,0.027027027027,197,11,19,1105,0.912037037037,0.990143369176,0.00985663082437,0.087962962963,0.947115384615,0.912037037037,0.929245283019,0.916088730359,0.902180406213,0.867841409692,144,152,0,0,0,0
1335,WLNM_dir_neg,0.954466759003,0.654620294562,00:00:02,10,30,49,1233300873,threshold_sweep,0.3,0.923611111111,0.875,0.898648648649,133,11,19,293,0.875,0.963815789474,0.0361842105263,0.125,0.923611111111,0.875,0.898648648649,0.934210526316,0.561403508772,0.85,0.85068081709,0.838815789474,216,64,152,0,216,0,64,0,152,37,216,0.162162162162,1.32432432432,11.6756756757,21.6,6,8.1990990496,0.702237650082,0.31006006006,10.329336629,1.76937710775,0.765265265265,3.0868314707,0.528762798222,0.252752752753,0.579945114934,0.437917739848,2,1.32432432432,0.579945114934,2,0.0121701261701,0.00597269624573,7,0.000900900900901,0.621196581197,37,37,37,1,0,0.72972972973,0.243243243243,0.027027027027,37,0.048048048048,1.32432432432,3.45945945946,6.4,2.20689655172,2.83426057959,0.819278448789,0.422719594595,3.28843637825,1.90112728118,0.799831081081,1.40729544889,0.813592681392,0.441722972973,0.579945114934,0.437917739848,2,1.34285714286,0.591252764842,2,0,0,0,0,0.102291118468,37,35,35,0.945945945946,0,0.675675675676,0.108108108108,0.162162162162,37,208,0.156156156156,1.33735273735,11.2432432432,20.8,6.11764705882,8.85188431103,0.787307018048,0.365514553015,10.6153749904,1.88831189733,0.789501039501,3.15657472016,0.561506080029,0.280925155925,0.598381110535,0.447437010313,2.03846153846,1.34672364672,0.604109501727,2.03846153846,0.30813344437,0.205026828579,242,0.0311454311454,0.54126851164,37,36,36,0.972972972973,0,0.702702702703,0.216216216216,0.0540540540541,-8,-0.00600600600601,0.0130284130284,-0.432432432432,-0.8,0.117647058824,0.652785261425,0.0850693679665,0.0554544929545,0.286038361371,0.11893478958,0.0242357742358,0.0697432494577,0.0327432818063,0.0281724031724,0.0184359956001,0.00951927046419,0.0384615384615,0.0223993223993,0.0241643867923,0.0384615384615,0.2959633182,0.199054132334,235,0.0302445302445,-0.079928069557,-0.027027027027,-0.027027027027,0.027027027027,197,11,19,1105,0.912037037037,0.990143369176,0.00985663082437,0.087962962963,0.947115384615,0.912037037037,0.929245283019,0.916088730359,0.902180406213,0.867841409692,144,152,0,0,0,0
1336,WLNM_dir_neg,0.954466759003,0.654620294562,00:00:02,10,30,49,1233300873,threshold_sweep,0.4,0.923611111111,0.875,0.898648648649,133,11,19,293,0.875,0.963815789474,0.0361842105263,0.125,0.923611111111,0.875,0.898648648649,0.934210526316,0.561403508772,0.85,0.85068081709,0.838815789474,216,64,152,0,216,0,64,0,152,37,216,0.162162162162,1.32432432432,11.6756756757,21.6,6,8.1990990496,0.702237650082,0.31006006006,10.329336629,1.76937710775,0.765265265265,3.0868314707,0.528762798222,0.252752752753,0.579945114934,0.437917739848,2,1.32432432432,0.579945114934,2,0.0121701261701,0.00597269624573,7,0.000900900900901,0.621196581197,37,37,37,1,0,0.72972972973,0.243243243243,0.027027027027,37,0.048048048048,1.32432432432,3.45945945946,6.4,2.20689655172,2.83426057959,0.819278448789,0.422719594595,3.28843637825,1.90112728118,0.799831081081,1.40729544889,0.813592681392,0.441722972973,0.579945114934,0.437917739848,2,1.34285714286,0.591252764842,2,0,0,0,0,0.102291118468,37,35,35,0.945945945946,0,0.675675675676,0.108108108108,0.162162162162,37,208,0.156156156156,1.33735273735,11.2432432432,20.8,6.11764705882,8.85188431103,0.787307018048,0.365514553015,10.6153749904,1.88831189733,0.789501039501,3.15657472016,0.561506080029,0.280925155925,0.598381110535,0.447437010313,2.03846153846,1.34672364672,0.604109501727,2.03846153846,0.30813344437,0.205026828579,242,0.0311454311454,0.54126851164,37,36,36,0.972972972973,0,0.702702702703,0.216216216216,0.0540540540541,-8,-0.00600600600601,0.0130284130284,-0.432432432432,-0.8,0.117647058824,0.652785261425,0.0850693679665,0.0554544929545,0.286038361371,0.11893478958,0.0242357742358,0.0697432494577,0.0327432818063,0.0281724031724,0.0184359956001,0.00951927046419,0.0384615384615,0.0223993223993,0.0241643867923,0.0384615384615,0.2959633182,0.199054132334,235,0.0302445302445,-0.079928069557,-0.027027027027,-0.027027027027,0.027027027027,197,11,19,1105,0.912037037037,0.990143369176,0.00985663082437,0.087962962963,0.947115384615,0.912037037037,0.929245283019,0.916088730359,0.902180406213,0.867841409692,144,152,0,0,0,0
1337,WLNM_dir_neg,0.954466759003,0.654620294562,00:00:02,10,30,49,1233300873,threshold_sweep,0.5,0.923076923077,0.868421052632,0.894915254237,132,11,20,293,0.868421052632,0.963815789474,0.0361842105263,0.131578947368,0.923076923077,0.868421052632,0.894915254237,0.93201754386,0.562134502924,0.844741235392,0.84560070394,0.832236842105,216,64,152,0,216,0,64,0,152,37,216,0.162162162162,1.32432432432,11.6756756757,21.6,6,8.1990990496,0.702237650082,0.31006006006,10.329336629,1.76937710775,0.765265265265,3.0868314707,0.528762798222,0.252752752753,0.579945114934,0.437917739848,2,1.32432432432,0.579945114934,2,0.0121701261701,0.00597269624573,7,0.000900900900901,0.621196581197,37,37,37,1,0,0.72972972973,0.243243243243,0.027027027027,37,0.048048048048,1.32432432432,3.45945945946,6.4,2.20689655172,2.83426057959,0.819278448789,0.422719594595,3.28843637825,1.90112728118,0.799831081081,1.40729544889,0.813592681392,0.441722972973,0.579945114934,0.437917739848,2,1.34285714286,0.591252764842,2,0,0,0,0,0.102291118468,37,35,35,0.945945945946,0,0.675675675676,0.108108108108,0.162162162162,37,207,0.155405405405,1.33735273735,11.1891891892,20.7,6.08823529412,8.8312508169,0.789266377356,0.367019193106,10.5789609326,1.8909253841,0.79044261653,3.13988198168,0.561234943585,0.282543412978,0.598381110535,0.447437010313,2.03846153846,1.34672364672,0.604109501727,2.03846153846,0.310219896506,0.205807002562,241,0.0310167310167,0.535288771215,37,36,36,0.972972972973,0,0.702702702703,0.216216216216,0.0540540540541,-9,-0.00675675675676,0.0130284130284,-0.486486486486,-0.9,0.0882352941176,0.632151767295,0.0870287272739,0.0569591330461,0.249624303645,0.121548276351,0.0251773512643,0.0530505109729,0.0324721453623,0.0297906602254,0.0184359956001,0.00951927046419,0.0384615384615,0.0223993223993,0.0241643867923,0.0384615384615,0.298049770335,0.199834306316,234,0.0301158301158,-0.0859078099812,-0.027027027027,-0.027027027027,0.027027027027,196,11,20,1105,0.907407407407,0.990143369176,0.00985663082437,0.0925925925926,0.946859903382,0.907407407407,0.926713947991,0.913180367367,0.897550776583,0.863436123348,143,152,0,0,0,0
1338,WLNM_dir_neg,0.954466759003,0.654620294562,00:00:02,10,30,49,1233300873,threshold_sweep,0.6,0.923076923077,0.868421052632,0.894915254237,132,11,20,293,0.868421052632,0.963815789474,0.0361842105263,0.131578947368,0.923076923077,0.868421052632,0.894915254237,0.93201754386,0.562134502924,0.844741235392,0.84560070394,0.832236842105,216,64,152,0,216,0,64,0,152,37,216,0.162162162162,1.32432432432,11.6756756757,21.6,6,8.1990990496,0.702237650082,0.31006006006,10.329336629,1.76937710775,0.765265265265,3.0868314707,0.528762798222,0.252752752753,0.579945114934,0.437917739848,2,1.32432432432,0.579945114934,2,0.0121701261701,0.00597269624573,7,0.000900900900901,0.621196581197,37,37,37,1,0,0.72972972973,0.243243243243,0.027027027027,37,0.048048048048,1.32432432432,3.45945945946,6.4,2.20689655172,2.83426057959,0.819278448789,0.422719594595,3.28843637825,1.90112728118,0.799831081081,1.40729544889,0.813592681392,0.441722972973,0.579945114934,0.437917739848,2,1.34285714286,0.591252764842,2,0,0,0,0,0.102291118468,37,35,35,0.945945945946,0,0.675675675676,0.108108108108,0.162162162162,37,207,0.155405405405,1.33735273735,11.1891891892,20.7,6.08823529412,8.8312508169,0.789266377356,0.367019193106,10.5789609326,1.8909253841,0.79044261653,3.13988198168,0.561234943585,0.282543412978,0.598381110535,0.447437010313,2.03846153846,1.34672364672,0.604109501727,2.03846153846,0.310219896506,0.205807002562,241,0.0310167310167,0.535288771215,37,36,36,0.972972972973,0,0.702702702703,0.216216216216,0.0540540540541,-9,-0.00675675675676,0.0130284130284,-0.486486486486,-0.9,0.0882352941176,0.632151767295,0.0870287272739,0.0569591330461,0.249624303645,0.121548276351,0.0251773512643,0.0530505109729,0.0324721453623,0.0297906602254,0.0184359956001,0.00951927046419,0.0384615384615,0.0223993223993,0.0241643867923,0.0384615384615,0.298049770335,0.199834306316,234,0.0301158301158,-0.0859078099812,-0.027027027027,-0.027027027027,0.027027027027,196,11,20,1105,0.907407407407,0.990143369176,0.00985663082437,0.0925925925926,0.946859903382,0.907407407407,0.926713947991,0.913180367367,0.897550776583,0.863436123348,143,152,0,0,0,0
1339,WLNM_dir_neg,0.954466759003,0.654620294562,00:00:02,10,30,49,1233300873,threshold_sweep,0.7,0.921985815603,0.855263157895,0.887372013652,130,11,22,293,0.855263157895,0.963815789474,0.0361842105263,0.144736842105,0.921985815603,0.855263157895,0.887372013652,0.927631578947,0.563596491228,0.834170854271,0.835448177656,0.819078947368,216,64,152,0,216,0,64,0,152,37,216,0.162162162162,1.32432432432,11.6756756757,21.6,6,8.1990990496,0.702237650082,0.31006006006,10.329336629,1.76937710775,0.765265265265,3.0868314707,0.528762798222,0.252752752753,0.579945114934,0.437917739848,2,1.32432432432,0.579945114934,2,0.0121701261701,0.00597269624573,7,0.000900900900901,0.621196581197,37,37,37,1,0,0.72972972973,0.243243243243,0.027027027027,37,0.048048048048,1.32432432432,3.45945945946,6.4,2.20689655172,2.83426057959,0.819278448789,0.422719594595,3.28843637825,1.90112728118,0.799831081081,1.40729544889,0.813592681392,0.441722972973,0.579945114934,0.437917739848,2,1.34285714286,0.591252764842,2,0,0,0,0,0.102291118468,37,35,35,0.945945945946,0,0.675675675676,0.108108108108,0.162162162162,37,205,0.153903903904,1.33735273735,11.0810810811,20.5,6.02941176471,8.79829016968,0.793992039703,0.369676994067,10.5134691246,1.89755296394,0.792353328939,3.10550223702,0.560505281804,0.285036255768,0.598381110535,0.447437010313,2.03846153846,1.34672364672,0.604109501727,2.03846153846,0.314425566674,0.207225433526,239,0.0307593307593,0.523329290367,37,36,36,0.972972972973,0,0.702702702703,0.216216216216,0.0540540540541,-11,-0.00825825825826,0.0130284130284,-0.594594594595,-1.1,0.0294117647059,0.599191120077,0.0917543896211,0.0596169340072,0.184132495558,0.128175856199,0.0270880636734,0.0186707663173,0.0317424835814,0.0322835030152,0.0184359956001,0.00951927046419,0.0384615384615,0.0223993223993,0.0241643867923,0.0384615384615,0.302255440504,0.20125273728,232,0.0298584298584,-0.0978672908295,-0.027027027027,-0.027027027027,0.027027027027,194,11,22,1105,0.898148148148,0.990143369176,0.00985663082437,0.101851851852,0.946341463415,0.898148148148,0.9216152019,0.907351578696,0.888291517324,0.854625550661,141,152,0,0,0,0
1340,WLNM_dir_neg,0.954466759003,0.654620294562,00:00:02,10,30,49,1233300873,threshold_sweep,0.8,0.921428571429,0.848684210526,0.883561643836,129,11,23,293,0.848684210526,0.963815789474,0.0361842105263,0.151315789474,0.921428571429,0.848684210526,0.883561643836,0.925438596491,0.56432748538,0.828859060403,0.830375250148,0.8125,216,64,152,0,216,0,64,0,152,37,216,0.162162162162,1.32432432432,11.6756756757,21.6,6,8.1990990496,0.702237650082,0.31006006006,10.329336629,1.76937710775,0.765265265265,3.0868314707,0.528762798222,0.252752752753,0.579945114934,0.437917739848,2,1.32432432432,0.579945114934,2,0.0121701261701,0.00597269624573,7,0.000900900900901,0.621196581197,37,37,37,1,0,0.72972972973,0.243243243243,0.027027027027,37,0.048048048048,1.32432432432,3.45945945946,6.4,2.20689655172,2.83426057959,0.819278448789,0.422719594595,3.28843637825,1.90112728118,0.799831081081,1.40729544889,0.813592681392,0.441722972973,0.579945114934,0.437917739848,2,1.34285714286,0.591252764842,2,0,0,0,0,0.102291118468,37,35,35,0.945945945946,0,0.675675675676,0.108108108108,0.162162162162,37,204,0.153153153153,1.33735273735,11.027027027,20.4,6,8.78599417788,0.796769079857,0.370826709062,10.4844372011,1.9015891002,0.793322734499,3.08780416065,0.560042911491,0.285903550609,0.598381110535,0.447437010313,2.03846153846,1.34672364672,0.604109501727,2.03846153846,0.316548128948,0.207860262009,238,0.0306306306306,0.517349549943,37,36,36,0.972972972973,0,0.702702702703,0.216216216216,0.0540540540541,-12,-0.00900900900901,0.0130284130284,-0.648648648649,-1.2,0,0.586895128273,0.0945314297747,0.0607666490019,0.155100572082,0.132211992451,0.0280574692339,0.000972689947161,0.0312801132682,0.0331507978567,0.0184359956001,0.00951927046419,0.0384615384615,0.0223993223993,0.0241643867923,0.0384615384615,0.304378002778,0.201887565763,231,0.0297297297297,-0.103847031254,-0.027027027027,-0.027027027027,0.027027027027,193,11,23,1105,0.893518518519,0.990143369176,0.00985663082437,0.106481481481,0.946078431373,0.893518518519,0.919047619048,0.904431049894,0.883661887694,0.850220264317,140,152,0,0,0,0
1341,WLNM_dir_neg,0.954466759003,0.654620294562,00:00:02,10,30,49,1233300873,threshold_sweep,0.9,0.919117647059,0.822368421053,0.868055555556,125,11,27,293,0.822368421053,0.963815789474,0.0361842105263,0.177631578947,0.919117647059,0.822368421053,0.868055555556,0.916666666667,0.567251461988,0.807432432432,0.810099678417,0.786184210526,216,64,152,0,216,0,64,0,152,37,216,0.162162162162,1.32432432432,11.6756756757,21.6,6,8.1990990496,0.702237650082,0.31006006006,10.329336629,1.76937710775,0.765265265265,3.0868314707,0.528762798222,0.252752752753,0.579945114934,0.437917739848,2,1.32432432432,0.579945114934,2,0.0121701261701,0.00597269624573,7,0.000900900900901,0.621196581197,37,37,37,1,0,0.72972972973,0.243243243243,0.027027027027,37,0.048048048048,1.32432432432,3.45945945946,6.4,2.20689655172,2.83426057959,0.819278448789,0.422719594595,3.28843637825,1.90112728118,0.799831081081,1.40729544889,0.813592681392,0.441722972973,0.579945114934,0.437917739848,2,1.34285714286,0.591252764842,2,0,0,0,0,0.102291118468,37,35,35,0.945945945946,0,0.675675675676,0.108108108108,0.162162162162,37,200,0.15015015015,1.3376992377,10.8108108108,20,5.88235294118,8.68855517281,0.803691353485,0.377567567568,10.3694515537,1.91834853744,0.797027027027,3.07733163146,0.56930635182,0.295675675676,0.599396372788,0.448080073529,2.05128205128,1.34707977208,0.605138186041,2.05128205128,0.324845716259,0.212285456188,235,0.0302445302445,0.496247770572,37,36,36,0.972972972973,0,0.702702702703,0.216216216216,0.0540540540541,-16,-0.012012012012,0.0133749133749,-0.864864864865,-1.6,-0.117647058824,0.489456123207,0.101453703403,0.0675075075075,0.0401149247482,0.148971429698,0.0317617617618,-0.00949983924631,0.0405435535972,0.0429229229229,0.019451257854,0.0101623336809,0.0512820512821,0.0227554477554,0.0251930711066,0.0512820512821,0.312675590089,0.206312759942,228,0.0293436293436,-0.124948810625,-0.027027027027,-0.027027027027,0.027027027027,189,11,27,1105,0.875,0.990143369176,0.00985663082437,0.125,0.945,0.875,0.908653846154,0.892706804526,0.865143369176,0.832599118943,136,152,0,0,0,0
1342,WLNM_dir_neg,0.947693040166,0.884236752703,00:00:02,10,30,50,1233300874,threshold_sweep,0.1,0.901234567901,0.480263157895,0.62660944206,73,8,79,296,0.480263157895,0.973684210526,0.0263157894737,0.519736842105,0.901234567901,0.480263157895,0.62660944206,0.809210526316,0.607456140351,0.513966480447,0.559894169894,0.453947368421,216,64,152,0,216,0,64,0,152,37,216,0.162162162162,1.32432432432,11.6756756757,21.6,6,8.1990990496,0.702237650082,0.31006006006,10.329336629,1.76937710775,0.765265265265,3.0868314707,0.528762798222,0.252752752753,0.579945114934,0.437917739848,2,1.32432432432,0.579945114934,2,0.0121701261701,0.00597269624573,7,0.000900900900901,0.621196581197,37,37,37,1,0,0.72972972973,0.243243243243,0.027027027027,37,0.048048048048,1.32432432432,3.45945945946,6.4,2.28571428571,2.81459089779,0.813592681392,0.440033783784,3.09702947864,1.79047016734,0.780405405405,1.5572170449,0.900266104082,0.480574324324,0.579945114934,0.437917739848,2,1.36363636364,0.603022689156,2,0.0170781893004,0.01,1,0.0001287001287,0.127637300971,37,33,33,0.891891891892,0,0.621621621622,0.135135135135,0.135135135135,37,145,0.108858858859,1.48414930768,7.83783783784,10.3571428571,4.02777777778,6.48722468272,0.827680390554,0.384715750233,7.15455712729,1.82564561179,0.782479030755,2.21583165198,0.565419111195,0.3064305685,0.681565296487,0.459229602413,2.2648658531,1.49759789956,0.686236390819,2.2648658531,0.125672728087,0.071098265896,41,0.00527670527671,0.206195973854,37,36,36,0.972972972973,0,0.594594594595,0.378378378378,0,-71,-0.0533033033033,0.159824983354,-3.83783783784,-11.2428571429,-1.97222222222,-1.71187436689,0.125442740472,0.0746556901729,-3.17477950171,0.0562685040465,0.0172137654896,-0.870999818725,0.0366563129721,0.0536778157468,0.101620181553,0.0213118625649,0.264865853101,0.173273575234,0.106291275885,0.264865853101,0.113502601916,0.0651255696502,34,0.0043758043758,-0.415000607343,-0.135135135135,0.135135135135,-0.027027027027,137,8,79,1108,0.634259259259,0.992831541219,0.00716845878136,0.365740740741,0.944827586207,0.634259259259,0.759002770083,0.742130092259,0.627090800478,0.611607142857,81,152,0,0,0,0
1343,WLNM_dir_neg,0.947693040166,0.884236752703,00:00:02,10,30,50,1233300874,threshold_sweep,0.2,0.901234567901,0.480263157895,0.62660944206,73,8,79,296,0.480263157895,0.973684210526,0.0263157894737,0.519736842105,0.901234567901,0.480263157895,0.62660944206,0.809210526316,0.607456140351,0.513966480447,0.559894169894,0.453947368421,216,64,152,0,216,0,64,0,152,37,216,0.162162162162,1.32432432432,11.6756756757,21.6,6,8.1990990496,0.702237650082,0.31006006006,10.329336629,1.76937710775,0.765265265265,3.0868314707,0.528762798222,0.252752752753,0.579945114934,0.437917739848,2,1.32432432432,0.579945114934,2,0.0121701261701,0.00597269624573,7,0.000900900900901,0.621196581197,37,37,37,1,0,0.72972972973,0.243243243243,0.027027027027,37,0.048048048048,1.32432432432,3.45945945946,6.4,2.28571428571,2.81459089779,0.813592681392,0.440033783784,3.09702947864,1.79047016734,0.780405405405,1.5572170449,0.900266104082,0.480574324324,0.579945114934,0.437917739848,2,1.36363636364,0.603022689156,2,0.0170781893004,0.01,1,0.0001287001287,0.127637300971,37,33,33,0.891891891892,0,0.621621621622,0.135135135135,0.135135135135,37,145,0.108858858859,1.48414930768,7.83783783784,10.3571428571,4.02777777778,6.48722468272,0.827680390554,0.384715750233,7.15455712729,1.82564561179,0.782479030755,2.21583165198,0.565419111195,0.3064305685,0.681565296487,0.459229602413,2.2648658531,1.49759789956,0.686236390819,2.2648658531,0.125672728087,0.071098265896,41,0.00527670527671,0.206195973854,37,36,36,0.972972972973,0,0.594594594595,0.378378378378,0,-71,-0.0533033033033,0.159824983354,-3.83783783784,-11.2428571429,-1.97222222222,-1.71187436689,0.125442740472,0.0746556901729,-3.17477950171,0.0562685040465,0.0172137654896,-0.870999818725,0.0366563129721,0.0536778157468,0.101620181553,0.0213118625649,0.264865853101,0.173273575234,0.106291275885,0.264865853101,0.113502601916,0.0651255696502,34,0.0043758043758,-0.415000607343,-0.135135135135,0.135135135135,-0.027027027027,137,8,79,1108,0.634259259259,0.992831541219,0.00716845878136,0.365740740741,0.944827586207,0.634259259259,0.759002770083,0.742130092259,0.627090800478,0.611607142857,81,152,0,0,0,0
1344,WLNM_dir_neg,0.947693040166,0.884236752703,00:00:02,10,30,50,1233300874,threshold_sweep,0.3,0.921052631579,0.460526315789,0.614035087719,70,6,82,298,0.460526315789,0.980263157895,0.0197368421053,0.539473684211,0.921052631579,0.460526315789,0.614035087719,0.80701754386,0.611111111111,0.503759398496,0.557559482188,0.440789473684,216,64,152,0,216,0,64,0,152,37,216,0.162162162162,1.32432432432,11.6756756757,21.6,6,8.1990990496,0.702237650082,0.31006006006,10.329336629,1.76937710775,0.765265265265,3.0868314707,0.528762798222,0.252752752753,0.579945114934,0.437917739848,2,1.32432432432,0.579945114934,2,0.0121701261701,0.00597269624573,7,0.000900900900901,0.621196581197,37,37,37,1,0,0.72972972973,0.243243243243,0.027027027027,37,0.048048048048,1.32432432432,3.45945945946,6.4,2.28571428571,2.81459089779,0.813592681392,0.440033783784,3.09702947864,1.79047016734,0.780405405405,1.5572170449,0.900266104082,0.480574324324,0.579945114934,0.437917739848,2,1.36363636364,0.603022689156,2,0.0170781893004,0.01,1,0.0001287001287,0.127637300971,37,33,33,0.891891891892,0,0.621621621622,0.135135135135,0.135135135135,37,140,0.105105105105,1.46625690462,7.56756756757,10,4.24242424242,6.15783394701,0.813713771569,0.390347490347,6.8440368819,1.80878117593,0.779536679537,2.37036255004,0.626452959653,0.339382239382,0.656728601502,0.447894635266,2.22515054711,1.52277289306,0.674340940599,2.22515054711,0.0529599440771,0.0379027163613,20,0.002574002574,0.227921912893,37,33,33,0.891891891892,0,0.513513513514,0.378378378378,0,-76,-0.0570570570571,0.1419325803,-4.10810810811,-11.6,-1.75757575758,-2.0412651026,0.111476121487,0.0802874302874,-3.4852997471,0.039404068186,0.0142714142714,-0.716468920667,0.0976901614302,0.0866294866295,0.0767834865679,0.00997689541709,0.22515054711,0.198448568739,0.0943958256642,0.22515054711,0.0407898179069,0.0319300201156,13,0.0016731016731,-0.393274668304,-0.216216216216,0.135135135135,-0.027027027027,134,6,82,1110,0.62037037037,0.994623655914,0.00537634408602,0.37962962963,0.957142857143,0.62037037037,0.752808988764,0.739141734316,0.614994026284,0.603603603604,76,152,0,0,0,0
1345,WLNM_dir_neg,0.947693040166,0.884236752703,00:00:02,10,30,50,1233300874,threshold_sweep,0.4,0.921052631579,0.460526315789,0.614035087719,70,6,82,298,0.460526315789,0.980263157895,0.0197368421053,0.539473684211,0.921052631579,0.460526315789,0.614035087719,0.80701754386,0.611111111111,0.503759398496,0.557559482188,0.440789473684,216,64,152,0,216,0,64,0,152,37,216,0.162162162162,1.32432432432,11.6756756757,21.6,6,8.1990990496,0.702237650082,0.31006006006,10.329336629,1.76937710775,0.765265265265,3.0868314707,0.528762798222,0.252752752753,0.579945114934,0.437917739848,2,1.32432432432,0.579945114934,2,0.0121701261701,0.00597269624573,7,0.000900900900901,0.621196581197,37,37,37,1,0,0.72972972973,0.243243243243,0.027027027027,37,0.048048048048,1.32432432432,3.45945945946,6.4,2.28571428571,2.81459089779,0.813592681392,0.440033783784,3.09702947864,1.79047016734,0.780405405405,1.5572170449,0.900266104082,0.480574324324,0.579945114934,0.437917739848,2,1.36363636364,0.603022689156,2,0.0170781893004,0.01,1,0.0001287001287,0.127637300971,37,33,33,0.891891891892,0,0.621621621622,0.135135135135,0.135135135135,37,140,0.105105105105,1.46625690462,7.56756756757,10,4.24242424242,6.15783394701,0.813713771569,0.390347490347,6.8440368819,1.80878117593,0.779536679537,2.37036255004,0.626452959653,0.339382239382,0.656728601502,0.447894635266,2.22515054711,1.52277289306,0.674340940599,2.22515054711,0.0529599440771,0.0379027163613,20,0.002574002574,0.227921912893,37,33,33,0.891891891892,0,0.513513513514,0.378378378378,0,-76,-0.0570570570571,0.1419325803,-4.10810810811,-11.6,-1.75757575758,-2.0412651026,0.111476121487,0.0802874302874,-3.4852997471,0.039404068186,0.0142714142714,-0.716468920667,0.0976901614302,0.0866294866295,0.0767834865679,0.00997689541709,0.22515054711,0.198448568739,0.0943958256642,0.22515054711,0.0407898179069,0.0319300201156,13,0.0016731016731,-0.393274668304,-0.216216216216,0.135135135135,-0.027027027027,134,6,82,1110,0.62037037037,0.994623655914,0.00537634408602,0.37962962963,0.957142857143,0.62037037037,0.752808988764,0.739141734316,0.614994026284,0.603603603604,76,152,0,0,0,0
1346,WLNM_dir_neg,0.947693040166,0.884236752703,00:00:02,10,30,50,1233300874,threshold_sweep,0.5,0.921052631579,0.460526315789,0.614035087719,70,6,82,298,0.460526315789,0.980263157895,0.0197368421053,0.539473684211,0.921052631579,0.460526315789,0.614035087719,0.80701754386,0.611111111111,0.503759398496,0.557559482188,0.440789473684,216,64,152,0,216,0,64,0,152,37,216,0.162162162162,1.32432432432,11.6756756757,21.6,6,8.1990990496,0.702237650082,0.31006006006,10.329336629,1.76937710775,0.765265265265,3.0868314707,0.528762798222,0.252752752753,0.579945114934,0.437917739848,2,1.32432432432,0.579945114934,2,0.0121701261701,0.00597269624573,7,0.000900900900901,0.621196581197,37,37,37,1,0,0.72972972973,0.243243243243,0.027027027027,37,0.048048048048,1.32432432432,3.45945945946,6.4,2.28571428571,2.81459089779,0.813592681392,0.440033783784,3.09702947864,1.79047016734,0.780405405405,1.5572170449,0.900266104082,0.480574324324,0.579945114934,0.437917739848,2,1.36363636364,0.603022689156,2,0.0170781893004,0.01,1,0.0001287001287,0.127637300971,37,33,33,0.891891891892,0,0.621621621622,0.135135135135,0.135135135135,37,140,0.105105105105,1.46625690462,7.56756756757,10,4.24242424242,6.15783394701,0.813713771569,0.390347490347,6.8440368819,1.80878117593,0.779536679537,2.37036255004,0.626452959653,0.339382239382,0.656728601502,0.447894635266,2.22515054711,1.52277289306,0.674340940599,2.22515054711,0.0529599440771,0.0379027163613,20,0.002574002574,0.227921912893,37,33,33,0.891891891892,0,0.513513513514,0.378378378378,0,-76,-0.0570570570571,0.1419325803,-4.10810810811,-11.6,-1.75757575758,-2.0412651026,0.111476121487,0.0802874302874,-3.4852997471,0.039404068186,0.0142714142714,-0.716468920667,0.0976901614302,0.0866294866295,0.0767834865679,0.00997689541709,0.22515054711,0.198448568739,0.0943958256642,0.22515054711,0.0407898179069,0.0319300201156,13,0.0016731016731,-0.393274668304,-0.216216216216,0.135135135135,-0.027027027027,134,6,82,1110,0.62037037037,0.994623655914,0.00537634408602,0.37962962963,0.957142857143,0.62037037037,0.752808988764,0.739141734316,0.614994026284,0.603603603604,76,152,0,0,0,0
1347,WLNM_dir_neg,0.947693040166,0.884236752703,00:00:02,10,30,50,1233300874,threshold_sweep,0.6,0.921052631579,0.460526315789,0.614035087719,70,6,82,298,0.460526315789,0.980263157895,0.0197368421053,0.539473684211,0.921052631579,0.460526315789,0.614035087719,0.80701754386,0.611111111111,0.503759398496,0.557559482188,0.440789473684,216,64,152,0,216,0,64,0,152,37,216,0.162162162162,1.32432432432,11.6756756757,21.6,6,8.1990990496,0.702237650082,0.31006006006,10.329336629,1.76937710775,0.765265265265,3.0868314707,0.528762798222,0.252752752753,0.579945114934,0.437917739848,2,1.32432432432,0.579945114934,2,0.0121701261701,0.00597269624573,7,0.000900900900901,0.621196581197,37,37,37,1,0,0.72972972973,0.243243243243,0.027027027027,37,0.048048048048,1.32432432432,3.45945945946,6.4,2.28571428571,2.81459089779,0.813592681392,0.440033783784,3.09702947864,1.79047016734,0.780405405405,1.5572170449,0.900266104082,0.480574324324,0.579945114934,0.437917739848,2,1.36363636364,0.603022689156,2,0.0170781893004,0.01,1,0.0001287001287,0.127637300971,37,33,33,0.891891891892,0,0.621621621622,0.135135135135,0.135135135135,37,140,0.105105105105,1.46625690462,7.56756756757,10,4.24242424242,6.15783394701,0.813713771569,0.390347490347,6.8440368819,1.80878117593,0.779536679537,2.37036255004,0.626452959653,0.339382239382,0.656728601502,0.447894635266,2.22515054711,1.52277289306,0.674340940599,2.22515054711,0.0529599440771,0.0379027163613,20,0.002574002574,0.227921912893,37,33,33,0.891891891892,0,0.513513513514,0.378378378378,0,-76,-0.0570570570571,0.1419325803,-4.10810810811,-11.6,-1.75757575758,-2.0412651026,0.111476121487,0.0802874302874,-3.4852997471,0.039404068186,0.0142714142714,-0.716468920667,0.0976901614302,0.0866294866295,0.0767834865679,0.00997689541709,0.22515054711,0.198448568739,0.0943958256642,0.22515054711,0.0407898179069,0.0319300201156,13,0.0016731016731,-0.393274668304,-0.216216216216,0.135135135135,-0.027027027027,134,6,82,1110,0.62037037037,0.994623655914,0.00537634408602,0.37962962963,0.957142857143,0.62037037037,0.752808988764,0.739141734316,0.614994026284,0.603603603604,76,152,0,0,0,0
1348,WLNM_dir_neg,0.947693040166,0.884236752703,00:00:02,10,30,50,1233300874,threshold_sweep,0.7,0.921052631579,0.460526315789,0.614035087719,70,6,82,298,0.460526315789,0.980263157895,0.0197368421053,0.539473684211,0.921052631579,0.460526315789,0.614035087719,0.80701754386,0.611111111111,0.503759398496,0.557559482188,0.440789473684,216,64,152,0,216,0,64,0,152,37,216,0.162162162162,1.32432432432,11.6756756757,21.6,6,8.1990990496,0.702237650082,0.31006006006,10.329336629,1.76937710775,0.765265265265,3.0868314707,0.528762798222,0.252752752753,0.579945114934,0.437917739848,2,1.32432432432,0.579945114934,2,0.0121701261701,0.00597269624573,7,0.000900900900901,0.621196581197,37,37,37,1,0,0.72972972973,0.243243243243,0.027027027027,37,0.048048048048,1.32432432432,3.45945945946,6.4,2.28571428571,2.81459089779,0.813592681392,0.440033783784,3.09702947864,1.79047016734,0.780405405405,1.5572170449,0.900266104082,0.480574324324,0.579945114934,0.437917739848,2,1.36363636364,0.603022689156,2,0.0170781893004,0.01,1,0.0001287001287,0.127637300971,37,33,33,0.891891891892,0,0.621621621622,0.135135135135,0.135135135135,37,140,0.105105105105,1.46625690462,7.56756756757,10,4.24242424242,6.15783394701,0.813713771569,0.390347490347,6.8440368819,1.80878117593,0.779536679537,2.37036255004,0.626452959653,0.339382239382,0.656728601502,0.447894635266,2.22515054711,1.52277289306,0.674340940599,2.22515054711,0.0529599440771,0.0379027163613,20,0.002574002574,0.227921912893,37,33,33,0.891891891892,0,0.513513513514,0.378378378378,0,-76,-0.0570570570571,0.1419325803,-4.10810810811,-11.6,-1.75757575758,-2.0412651026,0.111476121487,0.0802874302874,-3.4852997471,0.039404068186,0.0142714142714,-0.716468920667,0.0976901614302,0.0866294866295,0.0767834865679,0.00997689541709,0.22515054711,0.198448568739,0.0943958256642,0.22515054711,0.0407898179069,0.0319300201156,13,0.0016731016731,-0.393274668304,-0.216216216216,0.135135135135,-0.027027027027,134,6,82,1110,0.62037037037,0.994623655914,0.00537634408602,0.37962962963,0.957142857143,0.62037037037,0.752808988764,0.739141734316,0.614994026284,0.603603603604,76,152,0,0,0,0
1349,WLNM_dir_neg,0.947693040166,0.884236752703,00:00:02,10,30,50,1233300874,threshold_sweep,0.8,0.985294117647,0.440789473684,0.609090909091,67,1,85,303,0.440789473684,0.996710526316,0.00328947368421,0.559210526316,0.985294117647,0.440789473684,0.609090909091,0.811403508772,0.616959064327,0.507633587786,0.578983682245,0.4375,216,64,152,0,216,0,64,0,152,37,216,0.162162162162,1.32432432432,11.6756756757,21.6,6,8.1990990496,0.702237650082,0.31006006006,10.329336629,1.76937710775,0.765265265265,3.0868314707,0.528762798222,0.252752752753,0.579945114934,0.437917739848,2,1.32432432432,0.579945114934,2,0.0121701261701,0.00597269624573,7,0.000900900900901,0.621196581197,37,37,37,1,0,0.72972972973,0.243243243243,0.027027027027,37,0.048048048048,1.32432432432,3.45945945946,6.4,2.28571428571,2.81459089779,0.813592681392,0.440033783784,3.09702947864,1.79047016734,0.780405405405,1.5572170449,0.900266104082,0.480574324324,0.579945114934,0.437917739848,2,1.36363636364,0.603022689156,2,0.0170781893004,0.01,1,0.0001287001287,0.127637300971,37,33,33,0.891891891892,0,0.621621621622,0.135135135135,0.135135135135,37,132,0.0990990990991,1.33039161611,7.13513513514,13.2,4,6.10629075518,0.855805901294,0.396396396396,6.84162318517,1.91772771099,0.800573300573,2.26740846367,0.635561463303,0.346027846028,0.598636321842,0.449970004768,2.20408163265,1.37043908472,0.622785982962,2.20408163265,0.016185633509,0.00818553888131,4,0.000514800514801,0.281156991157,37,33,33,0.891891891892,0,0.621621621622,0.27027027027,0,-84,-0.0630630630631,0.00606729178158,-4.54054054054,-8.4,-2,-2.09280829443,0.153568251212,0.0863363363363,-3.48771344383,0.148350603248,0.035308035308,-0.81942300703,0.10679866508,0.0932750932751,0.018691206908,0.0120522649195,0.204081632653,0.0461147604005,0.0428408680274,0.204081632653,0.00401550733888,0.00221284263558,-3,-0.0003861003861,-0.34003959004,-0.108108108108,0.027027027027,-0.027027027027,131,1,85,1115,0.606481481481,0.999103942652,0.00089605734767,0.393518518519,0.992424242424,0.606481481481,0.752873563218,0.747062260832,0.605585424134,0.603686635945,68,152,0,0,0,0
1350,WLNM_dir_neg,0.947693040166,0.884236752703,00:00:02,10,30,50,1233300874,threshold_sweep,0.9,0.984848484848,0.427631578947,0.596330275229,65,1,87,303,0.427631578947,0.996710526316,0.00328947368421,0.572368421053,0.984848484848,0.427631578947,0.596330275229,0.80701754386,0.618421052632,0.494252873563,0.568552326749,0.424342105263,216,64,152,0,216,0,64,0,152,37,216,0.162162162162,1.32432432432,11.6756756757,21.6,6,8.1990990496,0.702237650082,0.31006006006,10.329336629,1.76937710775,0.765265265265,3.0868314707,0.528762798222,0.252752752753,0.579945114934,0.437917739848,2,1.32432432432,0.579945114934,2,0.0121701261701,0.00597269624573,7,0.000900900900901,0.621196581197,37,37,37,1,0,0.72972972973,0.243243243243,0.027027027027,37,0.048048048048,1.32432432432,3.45945945946,6.4,2.28571428571,2.81459089779,0.813592681392,0.440033783784,3.09702947864,1.79047016734,0.780405405405,1.5572170449,0.900266104082,0.480574324324,0.579945114934,0.437917739848,2,1.36363636364,0.603022689156,2,0.0170781893004,0.01,1,0.0001287001287,0.127637300971,37,33,33,0.891891891892,0,0.621621621622,0.135135135135,0.135135135135,37,130,0.0975975975976,1.33457595527,7.02702702703,13,3.93939393939,5.97441994621,0.850205915422,0.397920997921,6.83789125073,1.94616904828,0.805405405405,2.31686595811,0.659415695771,0.356756756757,0.612270748934,0.458775498328,2.34482758621,1.37513061651,0.637217539938,2.34482758621,0.0229036286781,0.00424628450106,2,0.0002574002574,0.277116587117,37,33,33,0.891891891892,0,0.621621621622,0.27027027027,0,-86,-0.0645645645646,0.0102516309413,-4.64864864865,-8.6,-2.06060606061,-2.22467910339,0.147968265341,0.0878609378609,-3.49144537827,0.176791940538,0.0401401401401,-0.76996551259,0.130652897548,0.104004004004,0.0323256339996,0.0208577584799,0.344827586207,0.0508062921856,0.0572724250033,0.344827586207,0.010733502508,-0.00172641174467,-5,-0.000643500643501,-0.34407999408,-0.108108108108,0.027027027027,-0.027027027027,129,1,87,1115,0.597222222222,0.999103942652,0.00089605734767,0.402777777778,0.992307692308,0.597222222222,0.745664739884,0.740660063565,0.596326164875,0.594470046083,66,152,0,0,0,0
1351,WLNM_dir_neg,0.949733727811,0.634835299836,00:00:02,10,40,1,1234218125,threshold_sweep,0.1,0.875,0.0538461538462,0.101449275362,7,1,123,259,0.0538461538462,0.996153846154,0.00384615384615,0.946153846154,0.875,0.0538461538462,0.101449275362,0.682051282051,0.659829059829,0.0653266331658,0.166284465781,0.05,216,86,130,0,216,0,86,0,130,37,216,0.162162162162,1.32432432432,11.6756756757,21.6,6,8.1990990496,0.702237650082,0.31006006006,10.329336629,1.76937710775,0.765265265265,3.0868314707,0.528762798222,0.252752752753,0.579945114934,0.437917739848,2,1.32432432432,0.579945114934,2,0.0121701261701,0.00597269624573,7,0.000900900900901,0.621196581197,37,37,37,1,0,0.72972972973,0.243243243243,0.027027027027,37,0.0645645645646,1.32432432432,4.64864864865,8.6,2.6875,3.48979636636,0.750712009043,0.391891891892,4.18365904478,1.79994633322,0.780641106223,1.70055634776,0.731634707755,0.404776869893,0.579945114934,0.437917739848,2,1.32432432432,0.579945114934,2,0.0145650048876,0.00562851782364,1,0.0001287001287,0.156963648857,37,37,37,1,0,0.72972972973,0.135135135135,0.135135135135,37,94,0.0705705705706,1.32702702703,5.08108108108,9.4,2.61111111111,4.01648255718,0.790477950083,0.41201840138,4.40703096448,1.73468240091,0.76538240368,1.52013512913,0.598351061466,0.327774583094,0.583797479596,0.439928854278,2.00909090909,1.32702702703,0.583797479596,2.00909090909,0.0614106323784,0.0489614243323,11,0.0014157014157,0.162081522518,37,37,37,1,0,0.72972972973,0.243243243243,0.027027027027,-122,-0.0915915915916,0.0027027027027,-6.59459459459,-12.2,-3.38888888889,-4.18261649242,0.0882403000015,0.10195834132,-5.92230566452,-0.0346947068314,0.000117138415011,-1.56669634158,0.0695882632431,0.075021830341,0.00385236466197,0.0020111144299,0.00909090909091,0.0027027027027,0.00385236466197,0.00909090909091,0.0492405062082,0.0429887280866,4,0.000514800514801,-0.459115058679,0,0,0,93,1,123,1115,0.430555555556,0.999103942652,0.00089605734767,0.569444444444,0.989361702128,0.430555555556,0.6,0.618385276471,0.429659498208,0.428571428571,8,130,0,0,0,0
1352,WLNM_dir_neg,0.949733727811,0.634835299836,00:00:02,10,40,1,1234218125,threshold_sweep,0.2,0.875,0.0538461538462,0.101449275362,7,1,123,259,0.0538461538462,0.996153846154,0.00384615384615,0.946153846154,0.875,0.0538461538462,0.101449275362,0.682051282051,0.659829059829,0.0653266331658,0.166284465781,0.05,216,86,130,0,216,0,86,0,130,37,216,0.162162162162,1.32432432432,11.6756756757,21.6,6,8.1990990496,0.702237650082,0.31006006006,10.329336629,1.76937710775,0.765265265265,3.0868314707,0.528762798222,0.252752752753,0.579945114934,0.437917739848,2,1.32432432432,0.579945114934,2,0.0121701261701,0.00597269624573,7,0.000900900900901,0.621196581197,37,37,37,1,0,0.72972972973,0.243243243243,0.027027027027,37,0.0645645645646,1.32432432432,4.64864864865,8.6,2.6875,3.48979636636,0.750712009043,0.391891891892,4.18365904478,1.79994633322,0.780641106223,1.70055634776,0.731634707755,0.404776869893,0.579945114934,0.437917739848,2,1.32432432432,0.579945114934,2,0.0145650048876,0.00562851782364,1,0.0001287001287,0.156963648857,37,37,37,1,0,0.72972972973,0.135135135135,0.135135135135,37,94,0.0705705705706,1.32702702703,5.08108108108,9.4,2.61111111111,4.01648255718,0.790477950083,0.41201840138,4.40703096448,1.73468240091,0.76538240368,1.52013512913,0.598351061466,0.327774583094,0.583797479596,0.439928854278,2.00909090909,1.32702702703,0.583797479596,2.00909090909,0.0614106323784,0.0489614243323,11,0.0014157014157,0.162081522518,37,37,37,1,0,0.72972972973,0.243243243243,0.027027027027,-122,-0.0915915915916,0.0027027027027,-6.59459459459,-12.2,-3.38888888889,-4.18261649242,0.0882403000015,0.10195834132,-5.92230566452,-0.0346947068314,0.000117138415011,-1.56669634158,0.0695882632431,0.075021830341,0.00385236466197,0.0020111144299,0.00909090909091,0.0027027027027,0.00385236466197,0.00909090909091,0.0492405062082,0.0429887280866,4,0.000514800514801,-0.459115058679,0,0,0,93,1,123,1115,0.430555555556,0.999103942652,0.00089605734767,0.569444444444,0.989361702128,0.430555555556,0.6,0.618385276471,0.429659498208,0.428571428571,8,130,0,0,0,0
1353,WLNM_dir_neg,0.949733727811,0.634835299836,00:00:02,10,40,1,1234218125,threshold_sweep,0.3,0.75,0.0230769230769,0.044776119403,3,1,127,259,0.0230769230769,0.996153846154,0.00384615384615,0.976923076923,0.75,0.0230769230769,0.044776119403,0.671794871795,0.663247863248,0.0253807106599,0.0899769688436,0.0192307692308,216,86,130,0,216,0,86,0,130,37,216,0.162162162162,1.32432432432,11.6756756757,21.6,6,8.1990990496,0.702237650082,0.31006006006,10.329336629,1.76937710775,0.765265265265,3.0868314707,0.528762798222,0.252752752753,0.579945114934,0.437917739848,2,1.32432432432,0.579945114934,2,0.0121701261701,0.00597269624573,7,0.000900900900901,0.621196581197,37,37,37,1,0,0.72972972973,0.243243243243,0.027027027027,37,0.0645645645646,1.32432432432,4.64864864865,8.6,2.6875,3.48979636636,0.750712009043,0.391891891892,4.18365904478,1.79994633322,0.780641106223,1.70055634776,0.731634707755,0.404776869893,0.579945114934,0.437917739848,2,1.32432432432,0.579945114934,2,0.0145650048876,0.00562851782364,1,0.0001287001287,0.156963648857,37,37,37,1,0,0.72972972973,0.135135135135,0.135135135135,37,90,0.0675675675676,1.32678132678,4.86486486486,9,2.8125,3.77978660599,0.776956135675,0.401801801802,4.26575863085,1.75370077046,0.771771771772,1.6589913358,0.682029771384,0.37957957958,0.583071353788,0.439463038874,2,1.32678132678,0.583071353788,2,0.0662574880317,0.0495867768595,10,0.001287001287,0.168285226221,37,37,37,1,0,0.72972972973,0.135135135135,0.135135135135,-126,-0.0945945945946,0.002457002457,-6.81081081081,-12.6,-3.1875,-4.41931244362,0.0747184855929,0.0917417417417,-6.06357799815,-0.0156763372835,0.00650650650651,-1.42784013491,0.153266973161,0.126826826827,0.00312623885389,0.00154529902534,0,0.002457002457,0.00312623885389,0,0.0540873618616,0.0436140806138,3,0.0003861003861,-0.452911354975,0,-0.108108108108,0.108108108108,89,1,127,1115,0.412037037037,0.999103942652,0.00089605734767,0.587962962963,0.988888888889,0.412037037037,0.581699346405,0.603764656746,0.411140979689,0.410138248848,4,130,0,0,0,0
1354,WLNM_dir_neg,0.949733727811,0.634835299836,00:00:02,10,40,1,1234218125,threshold_sweep,0.4,1,0.0230769230769,0.0451127819549,3,0,127,260,0.0230769230769,1,0,0.976923076923,1,0.0230769230769,0.0451127819549,0.674358974359,0.664102564103,0.030534351145,0.124514561273,0.0230769230769,216,86,130,0,216,0,86,0,130,37,216,0.162162162162,1.32432432432,11.6756756757,21.6,6,8.1990990496,0.702237650082,0.31006006006,10.329336629,1.76937710775,0.765265265265,3.0868314707,0.528762798222,0.252752752753,0.579945114934,0.437917739848,2,1.32432432432,0.579945114934,2,0.0121701261701,0.00597269624573,7,0.000900900900901,0.621196581197,37,37,37,1,0,0.72972972973,0.243243243243,0.027027027027,37,0.0645645645646,1.32432432432,4.64864864865,8.6,2.6875,3.48979636636,0.750712009043,0.391891891892,4.18365904478,1.79994633322,0.780641106223,1.70055634776,0.731634707755,0.404776869893,0.579945114934,0.437917739848,2,1.32432432432,0.579945114934,2,0.0145650048876,0.00562851782364,1,0.0001287001287,0.156963648857,37,37,37,1,0,0.72972972973,0.135135135135,0.135135135135,37,89,0.0668168168168,1.32432432432,4.81081081081,8.9,2.78125,3.65785181218,0.760339983431,0.396598846037,4.21280758494,1.75139191734,0.771333130884,1.65763317647,0.689128399208,0.38202247191,0.579945114934,0.437917739848,2,1.32432432432,0.579945114934,2,0.0235295170779,0.0206896551724,4,0.000514800514801,0.168074759968,37,37,37,1,0,0.72972972973,0.135135135135,0.135135135135,-127,-0.0953453453453,0,-6.86486486486,-12.7,-3.21875,-4.54124723742,0.0581023333491,0.086538785977,-6.11652904406,-0.0179851904097,0.00606786561843,-1.42919829423,0.160365600986,0.129269719157,0,0,0,0,0,0,0.0113593909078,0.0147169589267,-3,-0.0003861003861,-0.453121821228,0,-0.108108108108,0.108108108108,89,0,127,1116,0.412037037037,1,0,0.587962962963,1,0.412037037037,0.583606557377,0.60822555131,0.412037037037,0.412037037037,3,130,0,0,0,0
1355,WLNM_dir_neg,0.949733727811,0.634835299836,00:00:02,10,40,1,1234218125,threshold_sweep,0.5,1,0.0230769230769,0.0451127819549,3,0,127,260,0.0230769230769,1,0,0.976923076923,1,0.0230769230769,0.0451127819549,0.674358974359,0.664102564103,0.030534351145,0.124514561273,0.0230769230769,216,86,130,0,216,0,86,0,130,37,216,0.162162162162,1.32432432432,11.6756756757,21.6,6,8.1990990496,0.702237650082,0.31006006006,10.329336629,1.76937710775,0.765265265265,3.0868314707,0.528762798222,0.252752752753,0.579945114934,0.437917739848,2,1.32432432432,0.579945114934,2,0.0121701261701,0.00597269624573,7,0.000900900900901,0.621196581197,37,37,37,1,0,0.72972972973,0.243243243243,0.027027027027,37,0.0645645645646,1.32432432432,4.64864864865,8.6,2.6875,3.48979636636,0.750712009043,0.391891891892,4.18365904478,1.79994633322,0.780641106223,1.70055634776,0.731634707755,0.404776869893,0.579945114934,0.437917739848,2,1.32432432432,0.579945114934,2,0.0145650048876,0.00562851782364,1,0.0001287001287,0.156963648857,37,37,37,1,0,0.72972972973,0.135135135135,0.135135135135,37,89,0.0668168168168,1.32432432432,4.81081081081,8.9,2.78125,3.65785181218,0.760339983431,0.396598846037,4.21280758494,1.75139191734,0.771333130884,1.65763317647,0.689128399208,0.38202247191,0.579945114934,0.437917739848,2,1.32432432432,0.579945114934,2,0.0235295170779,0.0206896551724,4,0.000514800514801,0.168074759968,37,37,37,1,0,0.72972972973,0.135135135135,0.135135135135,-127,-0.0953453453453,0,-6.86486486486,-12.7,-3.21875,-4.54124723742,0.0581023333491,0.086538785977,-6.11652904406,-0.0179851904097,0.00606786561843,-1.42919829423,0.160365600986,0.129269719157,0,0,0,0,0,0,0.0113593909078,0.0147169589267,-3,-0.0003861003861,-0.453121821228,0,-0.108108108108,0.108108108108,89,0,127,1116,0.412037037037,1,0,0.587962962963,1,0.412037037037,0.583606557377,0.60822555131,0.412037037037,0.412037037037,3,130,0,0,0,0
1356,WLNM_dir_neg,0.949733727811,0.634835299836,00:00:02,10,40,1,1234218125,threshold_sweep,0.6,1,0.0230769230769,0.0451127819549,3,0,127,260,0.0230769230769,1,0,0.976923076923,1,0.0230769230769,0.0451127819549,0.674358974359,0.664102564103,0.030534351145,0.124514561273,0.0230769230769,216,86,130,0,216,0,86,0,130,37,216,0.162162162162,1.32432432432,11.6756756757,21.6,6,8.1990990496,0.702237650082,0.31006006006,10.329336629,1.76937710775,0.765265265265,3.0868314707,0.528762798222,0.252752752753,0.579945114934,0.437917739848,2,1.32432432432,0.579945114934,2,0.0121701261701,0.00597269624573,7,0.000900900900901,0.621196581197,37,37,37,1,0,0.72972972973,0.243243243243,0.027027027027,37,0.0645645645646,1.32432432432,4.64864864865,8.6,2.6875,3.48979636636,0.750712009043,0.391891891892,4.18365904478,1.79994633322,0.780641106223,1.70055634776,0.731634707755,0.404776869893,0.579945114934,0.437917739848,2,1.32432432432,0.579945114934,2,0.0145650048876,0.00562851782364,1,0.0001287001287,0.156963648857,37,37,37,1,0,0.72972972973,0.135135135135,0.135135135135,37,89,0.0668168168168,1.32432432432,4.81081081081,8.9,2.78125,3.65785181218,0.760339983431,0.396598846037,4.21280758494,1.75139191734,0.771333130884,1.65763317647,0.689128399208,0.38202247191,0.579945114934,0.437917739848,2,1.32432432432,0.579945114934,2,0.0235295170779,0.0206896551724,4,0.000514800514801,0.168074759968,37,37,37,1,0,0.72972972973,0.135135135135,0.135135135135,-127,-0.0953453453453,0,-6.86486486486,-12.7,-3.21875,-4.54124723742,0.0581023333491,0.086538785977,-6.11652904406,-0.0179851904097,0.00606786561843,-1.42919829423,0.160365600986,0.129269719157,0,0,0,0,0,0,0.0113593909078,0.0147169589267,-3,-0.0003861003861,-0.453121821228,0,-0.108108108108,0.108108108108,89,0,127,1116,0.412037037037,1,0,0.587962962963,1,0.412037037037,0.583606557377,0.60822555131,0.412037037037,0.412037037037,3,130,0,0,0,0
1357,WLNM_dir_neg,0.949733727811,0.634835299836,00:00:02,10,40,1,1234218125,threshold_sweep,0.7,1,0.0230769230769,0.0451127819549,3,0,127,260,0.0230769230769,1,0,0.976923076923,1,0.0230769230769,0.0451127819549,0.674358974359,0.664102564103,0.030534351145,0.124514561273,0.0230769230769,216,86,130,0,216,0,86,0,130,37,216,0.162162162162,1.32432432432,11.6756756757,21.6,6,8.1990990496,0.702237650082,0.31006006006,10.329336629,1.76937710775,0.765265265265,3.0868314707,0.528762798222,0.252752752753,0.579945114934,0.437917739848,2,1.32432432432,0.579945114934,2,0.0121701261701,0.00597269624573,7,0.000900900900901,0.621196581197,37,37,37,1,0,0.72972972973,0.243243243243,0.027027027027,37,0.0645645645646,1.32432432432,4.64864864865,8.6,2.6875,3.48979636636,0.750712009043,0.391891891892,4.18365904478,1.79994633322,0.780641106223,1.70055634776,0.731634707755,0.404776869893,0.579945114934,0.437917739848,2,1.32432432432,0.579945114934,2,0.0145650048876,0.00562851782364,1,0.0001287001287,0.156963648857,37,37,37,1,0,0.72972972973,0.135135135135,0.135135135135,37,89,0.0668168168168,1.32432432432,4.81081081081,8.9,2.78125,3.65785181218,0.760339983431,0.396598846037,4.21280758494,1.75139191734,0.771333130884,1.65763317647,0.689128399208,0.38202247191,0.579945114934,0.437917739848,2,1.32432432432,0.579945114934,2,0.0235295170779,0.0206896551724,4,0.000514800514801,0.168074759968,37,37,37,1,0,0.72972972973,0.135135135135,0.135135135135,-127,-0.0953453453453,0,-6.86486486486,-12.7,-3.21875,-4.54124723742,0.0581023333491,0.086538785977,-6.11652904406,-0.0179851904097,0.00606786561843,-1.42919829423,0.160365600986,0.129269719157,0,0,0,0,0,0,0.0113593909078,0.0147169589267,-3,-0.0003861003861,-0.453121821228,0,-0.108108108108,0.108108108108,89,0,127,1116,0.412037037037,1,0,0.587962962963,1,0.412037037037,0.583606557377,0.60822555131,0.412037037037,0.412037037037,3,130,0,0,0,0
1358,WLNM_dir_neg,0.949733727811,0.634835299836,00:00:02,10,40,1,1234218125,threshold_sweep,0.8,1,0.0230769230769,0.0451127819549,3,0,127,260,0.0230769230769,1,0,0.976923076923,1,0.0230769230769,0.0451127819549,0.674358974359,0.664102564103,0.030534351145,0.124514561273,0.0230769230769,216,86,130,0,216,0,86,0,130,37,216,0.162162162162,1.32432432432,11.6756756757,21.6,6,8.1990990496,0.702237650082,0.31006006006,10.329336629,1.76937710775,0.765265265265,3.0868314707,0.528762798222,0.252752752753,0.579945114934,0.437917739848,2,1.32432432432,0.579945114934,2,0.0121701261701,0.00597269624573,7,0.000900900900901,0.621196581197,37,37,37,1,0,0.72972972973,0.243243243243,0.027027027027,37,0.0645645645646,1.32432432432,4.64864864865,8.6,2.6875,3.48979636636,0.750712009043,0.391891891892,4.18365904478,1.79994633322,0.780641106223,1.70055634776,0.731634707755,0.404776869893,0.579945114934,0.437917739848,2,1.32432432432,0.579945114934,2,0.0145650048876,0.00562851782364,1,0.0001287001287,0.156963648857,37,37,37,1,0,0.72972972973,0.135135135135,0.135135135135,37,89,0.0668168168168,1.32432432432,4.81081081081,8.9,2.78125,3.65785181218,0.760339983431,0.396598846037,4.21280758494,1.75139191734,0.771333130884,1.65763317647,0.689128399208,0.38202247191,0.579945114934,0.437917739848,2,1.32432432432,0.579945114934,2,0.0235295170779,0.0206896551724,4,0.000514800514801,0.168074759968,37,37,37,1,0,0.72972972973,0.135135135135,0.135135135135,-127,-0.0953453453453,0,-6.86486486486,-12.7,-3.21875,-4.54124723742,0.0581023333491,0.086538785977,-6.11652904406,-0.0179851904097,0.00606786561843,-1.42919829423,0.160365600986,0.129269719157,0,0,0,0,0,0,0.0113593909078,0.0147169589267,-3,-0.0003861003861,-0.453121821228,0,-0.108108108108,0.108108108108,89,0,127,1116,0.412037037037,1,0,0.587962962963,1,0.412037037037,0.583606557377,0.60822555131,0.412037037037,0.412037037037,3,130,0,0,0,0
1359,WLNM_dir_neg,0.949733727811,0.634835299836,00:00:02,10,40,1,1234218125,threshold_sweep,0.9,1,0.0230769230769,0.0451127819549,3,0,127,260,0.0230769230769,1,0,0.976923076923,1,0.0230769230769,0.0451127819549,0.674358974359,0.664102564103,0.030534351145,0.124514561273,0.0230769230769,216,86,130,0,216,0,86,0,130,37,216,0.162162162162,1.32432432432,11.6756756757,21.6,6,8.1990990496,0.702237650082,0.31006006006,10.329336629,1.76937710775,0.765265265265,3.0868314707,0.528762798222,0.252752752753,0.579945114934,0.437917739848,2,1.32432432432,0.579945114934,2,0.0121701261701,0.00597269624573,7,0.000900900900901,0.621196581197,37,37,37,1,0,0.72972972973,0.243243243243,0.027027027027,37,0.0645645645646,1.32432432432,4.64864864865,8.6,2.6875,3.48979636636,0.750712009043,0.391891891892,4.18365904478,1.79994633322,0.780641106223,1.70055634776,0.731634707755,0.404776869893,0.579945114934,0.437917739848,2,1.32432432432,0.579945114934,2,0.0145650048876,0.00562851782364,1,0.0001287001287,0.156963648857,37,37,37,1,0,0.72972972973,0.135135135135,0.135135135135,37,89,0.0668168168168,1.32432432432,4.81081081081,8.9,2.78125,3.65785181218,0.760339983431,0.396598846037,4.21280758494,1.75139191734,0.771333130884,1.65763317647,0.689128399208,0.38202247191,0.579945114934,0.437917739848,2,1.32432432432,0.579945114934,2,0.0235295170779,0.0206896551724,4,0.000514800514801,0.168074759968,37,37,37,1,0,0.72972972973,0.135135135135,0.135135135135,-127,-0.0953453453453,0,-6.86486486486,-12.7,-3.21875,-4.54124723742,0.0581023333491,0.086538785977,-6.11652904406,-0.0179851904097,0.00606786561843,-1.42919829423,0.160365600986,0.129269719157,0,0,0,0,0,0,0.0113593909078,0.0147169589267,-3,-0.0003861003861,-0.453121821228,0,-0.108108108108,0.108108108108,89,0,127,1116,0.412037037037,1,0,0.587962962963,1,0.412037037037,0.583606557377,0.60822555131,0.412037037037,0.412037037037,3,130,0,0,0,0
1360,WLNM_dir_neg,0.966849112426,0.734846045567,00:00:02,10,40,2,1234218126,threshold_sweep,0.1,0.774193548387,0.184615384615,0.298136645963,24,7,106,253,0.184615384615,0.973076923077,0.0269230769231,0.815384615385,0.774193548387,0.184615384615,0.298136645963,0.710256410256,0.640170940171,0.194774346793,0.274815223949,0.157692307692,216,86,130,0,216,0,86,0,130,37,216,0.162162162162,1.32432432432,11.6756756757,21.6,6,8.1990990496,0.702237650082,0.31006006006,10.329336629,1.76937710775,0.765265265265,3.0868314707,0.528762798222,0.252752752753,0.579945114934,0.437917739848,2,1.32432432432,0.579945114934,2,0.0121701261701,0.00597269624573,7,0.000900900900901,0.621196581197,37,37,37,1,0,0.72972972973,0.243243243243,0.027027027027,37,0.0645645645646,1.32432432432,4.64864864865,8.6,3.18518518519,3.80216470664,0.817907524104,0.417661847894,4.28857690754,1.84508541371,0.790069138906,1.82656407945,0.785847336507,0.438717787555,0.579945114934,0.437917739848,2,1.36363636364,0.603022689156,2,0,0,0,0,0.171056679532,37,33,33,0.891891891892,0,0.621621621622,0.108108108108,0.162162162162,37,117,0.0878378378378,1.34404690193,6.32432432432,11.7,3.54545454545,5.56304300248,0.879626457657,0.430122430122,5.87609807002,1.85825323582,0.786786786787,1.89316773797,0.598694070981,0.335874335874,0.610776050357,0.454430607652,2.06633957922,1.37440398151,0.628689551539,2.06633957922,0.250314575918,0.15,59,0.00759330759331,0.217869915278,37,34,34,0.918918918919,0,0.648648648649,0.243243243243,0.027027027027,-99,-0.0743243243243,0.0197225776072,-5.35135135135,-9.9,-2.45454545455,-2.63605604712,0.177388807575,0.120062370062,-4.45323855898,0.0888761280739,0.0215215215215,-1.19366373274,0.069931272759,0.0831215831216,0.0308309354224,0.0165128678031,0.0663395792242,0.0500796571894,0.048744436605,0.0663395792242,0.238144449748,0.144027303754,52,0.00669240669241,-0.403326665919,-0.0810810810811,0,0,110,7,106,1109,0.509259259259,0.993727598566,0.00627240143369,0.490740740741,0.940170940171,0.509259259259,0.660660660661,0.65498980603,0.502986857826,0.493273542601,31,130,0,0,0,0
1361,WLNM_dir_neg,0.966849112426,0.734846045567,00:00:02,10,40,2,1234218126,threshold_sweep,0.2,0.774193548387,0.184615384615,0.298136645963,24,7,106,253,0.184615384615,0.973076923077,0.0269230769231,0.815384615385,0.774193548387,0.184615384615,0.298136645963,0.710256410256,0.640170940171,0.194774346793,0.274815223949,0.157692307692,216,86,130,0,216,0,86,0,130,37,216,0.162162162162,1.32432432432,11.6756756757,21.6,6,8.1990990496,0.702237650082,0.31006006006,10.329336629,1.76937710775,0.765265265265,3.0868314707,0.528762798222,0.252752752753,0.579945114934,0.437917739848,2,1.32432432432,0.579945114934,2,0.0121701261701,0.00597269624573,7,0.000900900900901,0.621196581197,37,37,37,1,0,0.72972972973,0.243243243243,0.027027027027,37,0.0645645645646,1.32432432432,4.64864864865,8.6,3.18518518519,3.80216470664,0.817907524104,0.417661847894,4.28857690754,1.84508541371,0.790069138906,1.82656407945,0.785847336507,0.438717787555,0.579945114934,0.437917739848,2,1.36363636364,0.603022689156,2,0,0,0,0,0.171056679532,37,33,33,0.891891891892,0,0.621621621622,0.108108108108,0.162162162162,37,117,0.0878378378378,1.34404690193,6.32432432432,11.7,3.54545454545,5.56304300248,0.879626457657,0.430122430122,5.87609807002,1.85825323582,0.786786786787,1.89316773797,0.598694070981,0.335874335874,0.610776050357,0.454430607652,2.06633957922,1.37440398151,0.628689551539,2.06633957922,0.250314575918,0.15,59,0.00759330759331,0.217869915278,37,34,34,0.918918918919,0,0.648648648649,0.243243243243,0.027027027027,-99,-0.0743243243243,0.0197225776072,-5.35135135135,-9.9,-2.45454545455,-2.63605604712,0.177388807575,0.120062370062,-4.45323855898,0.0888761280739,0.0215215215215,-1.19366373274,0.069931272759,0.0831215831216,0.0308309354224,0.0165128678031,0.0663395792242,0.0500796571894,0.048744436605,0.0663395792242,0.238144449748,0.144027303754,52,0.00669240669241,-0.403326665919,-0.0810810810811,0,0,110,7,106,1109,0.509259259259,0.993727598566,0.00627240143369,0.490740740741,0.940170940171,0.509259259259,0.660660660661,0.65498980603,0.502986857826,0.493273542601,31,130,0,0,0,0
1362,WLNM_dir_neg,0.966849112426,0.734846045567,00:00:02,10,40,2,1234218126,threshold_sweep,0.3,0.774193548387,0.184615384615,0.298136645963,24,7,106,253,0.184615384615,0.973076923077,0.0269230769231,0.815384615385,0.774193548387,0.184615384615,0.298136645963,0.710256410256,0.640170940171,0.194774346793,0.274815223949,0.157692307692,216,86,130,0,216,0,86,0,130,37,216,0.162162162162,1.32432432432,11.6756756757,21.6,6,8.1990990496,0.702237650082,0.31006006006,10.329336629,1.76937710775,0.765265265265,3.0868314707,0.528762798222,0.252752752753,0.579945114934,0.437917739848,2,1.32432432432,0.579945114934,2,0.0121701261701,0.00597269624573,7,0.000900900900901,0.621196581197,37,37,37,1,0,0.72972972973,0.243243243243,0.027027027027,37,0.0645645645646,1.32432432432,4.64864864865,8.6,3.18518518519,3.80216470664,0.817907524104,0.417661847894,4.28857690754,1.84508541371,0.790069138906,1.82656407945,0.785847336507,0.438717787555,0.579945114934,0.437917739848,2,1.36363636364,0.603022689156,2,0,0,0,0,0.171056679532,37,33,33,0.891891891892,0,0.621621621622,0.108108108108,0.162162162162,37,117,0.0878378378378,1.34404690193,6.32432432432,11.7,3.54545454545,5.56304300248,0.879626457657,0.430122430122,5.87609807002,1.85825323582,0.786786786787,1.89316773797,0.598694070981,0.335874335874,0.610776050357,0.454430607652,2.06633957922,1.37440398151,0.628689551539,2.06633957922,0.250314575918,0.15,59,0.00759330759331,0.217869915278,37,34,34,0.918918918919,0,0.648648648649,0.243243243243,0.027027027027,-99,-0.0743243243243,0.0197225776072,-5.35135135135,-9.9,-2.45454545455,-2.63605604712,0.177388807575,0.120062370062,-4.45323855898,0.0888761280739,0.0215215215215,-1.19366373274,0.069931272759,0.0831215831216,0.0308309354224,0.0165128678031,0.0663395792242,0.0500796571894,0.048744436605,0.0663395792242,0.238144449748,0.144027303754,52,0.00669240669241,-0.403326665919,-0.0810810810811,0,0,110,7,106,1109,0.509259259259,0.993727598566,0.00627240143369,0.490740740741,0.940170940171,0.509259259259,0.660660660661,0.65498980603,0.502986857826,0.493273542601,31,130,0,0,0,0
1363,WLNM_dir_neg,0.966849112426,0.734846045567,00:00:02,10,40,2,1234218126,threshold_sweep,0.4,0.774193548387,0.184615384615,0.298136645963,24,7,106,253,0.184615384615,0.973076923077,0.0269230769231,0.815384615385,0.774193548387,0.184615384615,0.298136645963,0.710256410256,0.640170940171,0.194774346793,0.274815223949,0.157692307692,216,86,130,0,216,0,86,0,130,37,216,0.162162162162,1.32432432432,11.6756756757,21.6,6,8.1990990496,0.702237650082,0.31006006006,10.329336629,1.76937710775,0.765265265265,3.0868314707,0.528762798222,0.252752752753,0.579945114934,0.437917739848,2,1.32432432432,0.579945114934,2,0.0121701261701,0.00597269624573,7,0.000900900900901,0.621196581197,37,37,37,1,0,0.72972972973,0.243243243243,0.027027027027,37,0.0645645645646,1.32432432432,4.64864864865,8.6,3.18518518519,3.80216470664,0.817907524104,0.417661847894,4.28857690754,1.84508541371,0.790069138906,1.82656407945,0.785847336507,0.438717787555,0.579945114934,0.437917739848,2,1.36363636364,0.603022689156,2,0,0,0,0,0.171056679532,37,33,33,0.891891891892,0,0.621621621622,0.108108108108,0.162162162162,37,117,0.0878378378378,1.34404690193,6.32432432432,11.7,3.54545454545,5.56304300248,0.879626457657,0.430122430122,5.87609807002,1.85825323582,0.786786786787,1.89316773797,0.598694070981,0.335874335874,0.610776050357,0.454430607652,2.06633957922,1.37440398151,0.628689551539,2.06633957922,0.250314575918,0.15,59,0.00759330759331,0.217869915278,37,34,34,0.918918918919,0,0.648648648649,0.243243243243,0.027027027027,-99,-0.0743243243243,0.0197225776072,-5.35135135135,-9.9,-2.45454545455,-2.63605604712,0.177388807575,0.120062370062,-4.45323855898,0.0888761280739,0.0215215215215,-1.19366373274,0.069931272759,0.0831215831216,0.0308309354224,0.0165128678031,0.0663395792242,0.0500796571894,0.048744436605,0.0663395792242,0.238144449748,0.144027303754,52,0.00669240669241,-0.403326665919,-0.0810810810811,0,0,110,7,106,1109,0.509259259259,0.993727598566,0.00627240143369,0.490740740741,0.940170940171,0.509259259259,0.660660660661,0.65498980603,0.502986857826,0.493273542601,31,130,0,0,0,0
1364,WLNM_dir_neg,0.966849112426,0.734846045567,00:00:02,10,40,2,1234218126,threshold_sweep,0.5,0.774193548387,0.184615384615,0.298136645963,24,7,106,253,0.184615384615,0.973076923077,0.0269230769231,0.815384615385,0.774193548387,0.184615384615,0.298136645963,0.710256410256,0.640170940171,0.194774346793,0.274815223949,0.157692307692,216,86,130,0,216,0,86,0,130,37,216,0.162162162162,1.32432432432,11.6756756757,21.6,6,8.1990990496,0.702237650082,0.31006006006,10.329336629,1.76937710775,0.765265265265,3.0868314707,0.528762798222,0.252752752753,0.579945114934,0.437917739848,2,1.32432432432,0.579945114934,2,0.0121701261701,0.00597269624573,7,0.000900900900901,0.621196581197,37,37,37,1,0,0.72972972973,0.243243243243,0.027027027027,37,0.0645645645646,1.32432432432,4.64864864865,8.6,3.18518518519,3.80216470664,0.817907524104,0.417661847894,4.28857690754,1.84508541371,0.790069138906,1.82656407945,0.785847336507,0.438717787555,0.579945114934,0.437917739848,2,1.36363636364,0.603022689156,2,0,0,0,0,0.171056679532,37,33,33,0.891891891892,0,0.621621621622,0.108108108108,0.162162162162,37,117,0.0878378378378,1.34404690193,6.32432432432,11.7,3.54545454545,5.56304300248,0.879626457657,0.430122430122,5.87609807002,1.85825323582,0.786786786787,1.89316773797,0.598694070981,0.335874335874,0.610776050357,0.454430607652,2.06633957922,1.37440398151,0.628689551539,2.06633957922,0.250314575918,0.15,59,0.00759330759331,0.217869915278,37,34,34,0.918918918919,0,0.648648648649,0.243243243243,0.027027027027,-99,-0.0743243243243,0.0197225776072,-5.35135135135,-9.9,-2.45454545455,-2.63605604712,0.177388807575,0.120062370062,-4.45323855898,0.0888761280739,0.0215215215215,-1.19366373274,0.069931272759,0.0831215831216,0.0308309354224,0.0165128678031,0.0663395792242,0.0500796571894,0.048744436605,0.0663395792242,0.238144449748,0.144027303754,52,0.00669240669241,-0.403326665919,-0.0810810810811,0,0,110,7,106,1109,0.509259259259,0.993727598566,0.00627240143369,0.490740740741,0.940170940171,0.509259259259,0.660660660661,0.65498980603,0.502986857826,0.493273542601,31,130,0,0,0,0
1365,WLNM_dir_neg,0.966849112426,0.734846045567,00:00:02,10,40,2,1234218126,threshold_sweep,0.6,0.888888888889,0.184615384615,0.305732484076,24,3,106,257,0.184615384615,0.988461538462,0.0115384615385,0.815384615385,0.888888888889,0.184615384615,0.305732484076,0.720512820513,0.64358974359,0.215827338129,0.321412173267,0.173076923077,216,86,130,0,216,0,86,0,130,37,216,0.162162162162,1.32432432432,11.6756756757,21.6,6,8.1990990496,0.702237650082,0.31006006006,10.329336629,1.76937710775,0.765265265265,3.0868314707,0.528762798222,0.252752752753,0.579945114934,0.437917739848,2,1.32432432432,0.579945114934,2,0.0121701261701,0.00597269624573,7,0.000900900900901,0.621196581197,37,37,37,1,0,0.72972972973,0.243243243243,0.027027027027,37,0.0645645645646,1.32432432432,4.64864864865,8.6,3.18518518519,3.80216470664,0.817907524104,0.417661847894,4.28857690754,1.84508541371,0.790069138906,1.82656407945,0.785847336507,0.438717787555,0.579945114934,0.437917739848,2,1.36363636364,0.603022689156,2,0,0,0,0,0.171056679532,37,33,33,0.891891891892,0,0.621621621622,0.108108108108,0.162162162162,37,113,0.0848348348348,1.33255082005,6.10810810811,11.3,3.42424242424,5.22166312259,0.854874051043,0.417364266922,5.72977576615,1.87612126856,0.789763214542,1.84007768474,0.602503312703,0.338196603683,0.593699847461,0.445536364188,2.04700854701,1.36189353947,0.611213852858,2.04700854701,0.132962786867,0.0842696629213,30,0.003861003861,0.207266836382,37,34,34,0.918918918919,0,0.648648648649,0.243243243243,0.027027027027,-103,-0.0773273273273,0.0082264957265,-5.56756756757,-10.3,-2.57575757576,-2.97743592702,0.152636400961,0.107304206862,-4.59956086285,0.106744160816,0.0244979492767,-1.24675378596,0.0737405144807,0.0854438509306,0.0137547325268,0.00761862433959,0.0470085470085,0.0375692151427,0.0312687379239,0.0470085470085,0.120792660696,0.0782969666756,23,0.0029601029601,-0.413929744815,-0.0810810810811,0,0,110,3,106,1113,0.509259259259,0.997311827957,0.00268817204301,0.490740740741,0.973451327434,0.509259259259,0.668693009119,0.670128821595,0.506571087216,0.502283105023,27,130,0,0,0,0
1366,WLNM_dir_neg,0.966849112426,0.734846045567,00:00:02,10,40,2,1234218126,threshold_sweep,0.7,0.888888888889,0.184615384615,0.305732484076,24,3,106,257,0.184615384615,0.988461538462,0.0115384615385,0.815384615385,0.888888888889,0.184615384615,0.305732484076,0.720512820513,0.64358974359,0.215827338129,0.321412173267,0.173076923077,216,86,130,0,216,0,86,0,130,37,216,0.162162162162,1.32432432432,11.6756756757,21.6,6,8.1990990496,0.702237650082,0.31006006006,10.329336629,1.76937710775,0.765265265265,3.0868314707,0.528762798222,0.252752752753,0.579945114934,0.437917739848,2,1.32432432432,0.579945114934,2,0.0121701261701,0.00597269624573,7,0.000900900900901,0.621196581197,37,37,37,1,0,0.72972972973,0.243243243243,0.027027027027,37,0.0645645645646,1.32432432432,4.64864864865,8.6,3.18518518519,3.80216470664,0.817907524104,0.417661847894,4.28857690754,1.84508541371,0.790069138906,1.82656407945,0.785847336507,0.438717787555,0.579945114934,0.437917739848,2,1.36363636364,0.603022689156,2,0,0,0,0,0.171056679532,37,33,33,0.891891891892,0,0.621621621622,0.108108108108,0.162162162162,37,113,0.0848348348348,1.33255082005,6.10810810811,11.3,3.42424242424,5.22166312259,0.854874051043,0.417364266922,5.72977576615,1.87612126856,0.789763214542,1.84007768474,0.602503312703,0.338196603683,0.593699847461,0.445536364188,2.04700854701,1.36189353947,0.611213852858,2.04700854701,0.132962786867,0.0842696629213,30,0.003861003861,0.207266836382,37,34,34,0.918918918919,0,0.648648648649,0.243243243243,0.027027027027,-103,-0.0773273273273,0.0082264957265,-5.56756756757,-10.3,-2.57575757576,-2.97743592702,0.152636400961,0.107304206862,-4.59956086285,0.106744160816,0.0244979492767,-1.24675378596,0.0737405144807,0.0854438509306,0.0137547325268,0.00761862433959,0.0470085470085,0.0375692151427,0.0312687379239,0.0470085470085,0.120792660696,0.0782969666756,23,0.0029601029601,-0.413929744815,-0.0810810810811,0,0,110,3,106,1113,0.509259259259,0.997311827957,0.00268817204301,0.490740740741,0.973451327434,0.509259259259,0.668693009119,0.670128821595,0.506571087216,0.502283105023,27,130,0,0,0,0
1367,WLNM_dir_neg,0.966849112426,0.734846045567,00:00:02,10,40,2,1234218126,threshold_sweep,0.8,0.888888888889,0.184615384615,0.305732484076,24,3,106,257,0.184615384615,0.988461538462,0.0115384615385,0.815384615385,0.888888888889,0.184615384615,0.305732484076,0.720512820513,0.64358974359,0.215827338129,0.321412173267,0.173076923077,216,86,130,0,216,0,86,0,130,37,216,0.162162162162,1.32432432432,11.6756756757,21.6,6,8.1990990496,0.702237650082,0.31006006006,10.329336629,1.76937710775,0.765265265265,3.0868314707,0.528762798222,0.252752752753,0.579945114934,0.437917739848,2,1.32432432432,0.579945114934,2,0.0121701261701,0.00597269624573,7,0.000900900900901,0.621196581197,37,37,37,1,0,0.72972972973,0.243243243243,0.027027027027,37,0.0645645645646,1.32432432432,4.64864864865,8.6,3.18518518519,3.80216470664,0.817907524104,0.417661847894,4.28857690754,1.84508541371,0.790069138906,1.82656407945,0.785847336507,0.438717787555,0.579945114934,0.437917739848,2,1.36363636364,0.603022689156,2,0,0,0,0,0.171056679532,37,33,33,0.891891891892,0,0.621621621622,0.108108108108,0.162162162162,37,113,0.0848348348348,1.33255082005,6.10810810811,11.3,3.42424242424,5.22166312259,0.854874051043,0.417364266922,5.72977576615,1.87612126856,0.789763214542,1.84007768474,0.602503312703,0.338196603683,0.593699847461,0.445536364188,2.04700854701,1.36189353947,0.611213852858,2.04700854701,0.132962786867,0.0842696629213,30,0.003861003861,0.207266836382,37,34,34,0.918918918919,0,0.648648648649,0.243243243243,0.027027027027,-103,-0.0773273273273,0.0082264957265,-5.56756756757,-10.3,-2.57575757576,-2.97743592702,0.152636400961,0.107304206862,-4.59956086285,0.106744160816,0.0244979492767,-1.24675378596,0.0737405144807,0.0854438509306,0.0137547325268,0.00761862433959,0.0470085470085,0.0375692151427,0.0312687379239,0.0470085470085,0.120792660696,0.0782969666756,23,0.0029601029601,-0.413929744815,-0.0810810810811,0,0,110,3,106,1113,0.509259259259,0.997311827957,0.00268817204301,0.490740740741,0.973451327434,0.509259259259,0.668693009119,0.670128821595,0.506571087216,0.502283105023,27,130,0,0,0,0
1368,WLNM_dir_neg,0.966849112426,0.734846045567,00:00:02,10,40,2,1234218126,threshold_sweep,0.9,0.904761904762,0.146153846154,0.251655629139,19,2,111,258,0.146153846154,0.992307692308,0.00769230769231,0.853846153846,0.904761904762,0.146153846154,0.251655629139,0.710256410256,0.648717948718,0.175182481752,0.289177615627,0.138461538462,216,86,130,0,216,0,86,0,130,37,216,0.162162162162,1.32432432432,11.6756756757,21.6,6,8.1990990496,0.702237650082,0.31006006006,10.329336629,1.76937710775,0.765265265265,3.0868314707,0.528762798222,0.252752752753,0.579945114934,0.437917739848,2,1.32432432432,0.579945114934,2,0.0121701261701,0.00597269624573,7,0.000900900900901,0.621196581197,37,37,37,1,0,0.72972972973,0.243243243243,0.027027027027,37,0.0645645645646,1.32432432432,4.64864864865,8.6,3.18518518519,3.80216470664,0.817907524104,0.417661847894,4.28857690754,1.84508541371,0.790069138906,1.82656407945,0.785847336507,0.438717787555,0.579945114934,0.437917739848,2,1.36363636364,0.603022689156,2,0,0,0,0,0.171056679532,37,33,33,0.891891891892,0,0.621621621622,0.108108108108,0.162162162162,37,107,0.0803303303303,1.33735273735,5.78378378378,10.7,3.82142857143,4.9280102765,0.852039159956,0.410962364233,5.51655983675,1.90759545757,0.797171002778,2.03829699864,0.704831672426,0.392018186411,0.610618276124,0.45658730047,2.24700854701,1.37824397824,0.635225400034,2.24700854701,0.106127770032,0.0663856691254,21,0.0027027027027,0.219128643073,37,33,33,0.891891891892,0,0.621621621622,0.135135135135,0.135135135135,-109,-0.0818318318318,0.0130284130284,-5.89189189189,-10.9,-2.17857142857,-3.2710887731,0.149801509874,0.100902304173,-4.81277679225,0.138218349822,0.0319057375132,-1.04853447207,0.176068874204,0.139265433658,0.0306731611896,0.0186695606215,0.247008547009,0.0539196539197,0.0552802850991,0.247008547009,0.0939576438614,0.0604129728797,14,0.0018018018018,-0.402067938123,-0.108108108108,-0.108108108108,0.108108108108,105,2,111,1114,0.486111111111,0.998207885305,0.00179211469534,0.513888888889,0.981308411215,0.486111111111,0.650154798762,0.656796066814,0.484318996416,0.481651376147,21,130,0,0,0,0
1369,WLNM_dir_neg,0.98926035503,0.94956824327,00:00:04,10,40,3,1234218127,threshold_sweep,0.1,1,0.169230769231,0.289473684211,22,0,108,260,0.169230769231,1,0,0.830769230769,1,0.169230769231,0.289473684211,0.723076923077,0.647863247863,0.21359223301,0.345782037404,0.169230769231,216,86,130,0,216,0,86,0,130,37,216,0.162162162162,1.32432432432,11.6756756757,21.6,6,8.1990990496,0.702237650082,0.31006006006,10.329336629,1.76937710775,0.765265265265,3.0868314707,0.528762798222,0.252752752753,0.579945114934,0.437917739848,2,1.32432432432,0.579945114934,2,0.0121701261701,0.00597269624573,7,0.000900900900901,0.621196581197,37,37,37,1,0,0.72972972973,0.243243243243,0.027027027027,37,0.0645645645646,1.31981981982,4.64864864865,8.6,2.6875,3.58404036603,0.770985427577,0.391891891892,4.24953627571,1.8282888628,0.787554996857,1.58208817801,0.680665844028,0.372721558768,0.567072809762,0.429659262004,2,1.31981981982,0.567072809762,2,0,0,0,0,0.149367839667,37,37,37,1,0,0.72972972973,0.135135135135,0.135135135135,37,108,0.0810810810811,1.32432432432,5.83783783784,10.8,3.27272727273,4.89054367299,0.837732018058,0.37037037037,5.64888572286,1.93526640505,0.797297297297,1.65627390345,0.567427170626,0.30980980981,0.579945114934,0.437917739848,2,1.32432432432,0.579945114934,2,0.0185882900169,0.01259181532,4,0.000514800514801,0.178458267758,37,37,37,1,0,0.72972972973,0.162162162162,0.108108108108,-108,-0.0810810810811,0,-5.83783783784,-10.8,-2.72727272727,-3.30855537662,0.135494367977,0.0603103103103,-4.68045090614,0.165889297308,0.032032032032,-1.43055756726,0.0386643724033,0.0570570570571,0,0,0,0,0,0,0.00641816384674,0.00661911907431,-3,-0.0003861003861,-0.442738313439,0,-0.0810810810811,0.0810810810811,108,0,108,1116,0.5,1,0,0.5,1,0.5,0.666666666667,0.675190604897,0.5,0.5,22,130,0,0,0,0
1370,WLNM_dir_neg,0.98926035503,0.94956824327,00:00:04,10,40,3,1234218127,threshold_sweep,0.2,1,0.169230769231,0.289473684211,22,0,108,260,0.169230769231,1,0,0.830769230769,1,0.169230769231,0.289473684211,0.723076923077,0.647863247863,0.21359223301,0.345782037404,0.169230769231,216,86,130,0,216,0,86,0,130,37,216,0.162162162162,1.32432432432,11.6756756757,21.6,6,8.1990990496,0.702237650082,0.31006006006,10.329336629,1.76937710775,0.765265265265,3.0868314707,0.528762798222,0.252752752753,0.579945114934,0.437917739848,2,1.32432432432,0.579945114934,2,0.0121701261701,0.00597269624573,7,0.000900900900901,0.621196581197,37,37,37,1,0,0.72972972973,0.243243243243,0.027027027027,37,0.0645645645646,1.31981981982,4.64864864865,8.6,2.6875,3.58404036603,0.770985427577,0.391891891892,4.24953627571,1.8282888628,0.787554996857,1.58208817801,0.680665844028,0.372721558768,0.567072809762,0.429659262004,2,1.31981981982,0.567072809762,2,0,0,0,0,0.149367839667,37,37,37,1,0,0.72972972973,0.135135135135,0.135135135135,37,108,0.0810810810811,1.32432432432,5.83783783784,10.8,3.27272727273,4.89054367299,0.837732018058,0.37037037037,5.64888572286,1.93526640505,0.797297297297,1.65627390345,0.567427170626,0.30980980981,0.579945114934,0.437917739848,2,1.32432432432,0.579945114934,2,0.0185882900169,0.01259181532,4,0.000514800514801,0.178458267758,37,37,37,1,0,0.72972972973,0.162162162162,0.108108108108,-108,-0.0810810810811,0,-5.83783783784,-10.8,-2.72727272727,-3.30855537662,0.135494367977,0.0603103103103,-4.68045090614,0.165889297308,0.032032032032,-1.43055756726,0.0386643724033,0.0570570570571,0,0,0,0,0,0,0.00641816384674,0.00661911907431,-3,-0.0003861003861,-0.442738313439,0,-0.0810810810811,0.0810810810811,108,0,108,1116,0.5,1,0,0.5,1,0.5,0.666666666667,0.675190604897,0.5,0.5,22,130,0,0,0,0
1371,WLNM_dir_neg,0.98926035503,0.94956824327,00:00:04,10,40,3,1234218127,threshold_sweep,0.3,1,0.169230769231,0.289473684211,22,0,108,260,0.169230769231,1,0,0.830769230769,1,0.169230769231,0.289473684211,0.723076923077,0.647863247863,0.21359223301,0.345782037404,0.169230769231,216,86,130,0,216,0,86,0,130,37,216,0.162162162162,1.32432432432,11.6756756757,21.6,6,8.1990990496,0.702237650082,0.31006006006,10.329336629,1.76937710775,0.765265265265,3.0868314707,0.528762798222,0.252752752753,0.579945114934,0.437917739848,2,1.32432432432,0.579945114934,2,0.0121701261701,0.00597269624573,7,0.000900900900901,0.621196581197,37,37,37,1,0,0.72972972973,0.243243243243,0.027027027027,37,0.0645645645646,1.31981981982,4.64864864865,8.6,2.6875,3.58404036603,0.770985427577,0.391891891892,4.24953627571,1.8282888628,0.787554996857,1.58208817801,0.680665844028,0.372721558768,0.567072809762,0.429659262004,2,1.31981981982,0.567072809762,2,0,0,0,0,0.149367839667,37,37,37,1,0,0.72972972973,0.135135135135,0.135135135135,37,108,0.0810810810811,1.32432432432,5.83783783784,10.8,3.27272727273,4.89054367299,0.837732018058,0.37037037037,5.64888572286,1.93526640505,0.797297297297,1.65627390345,0.567427170626,0.30980980981,0.579945114934,0.437917739848,2,1.32432432432,0.579945114934,2,0.0185882900169,0.01259181532,4,0.000514800514801,0.178458267758,37,37,37,1,0,0.72972972973,0.162162162162,0.108108108108,-108,-0.0810810810811,0,-5.83783783784,-10.8,-2.72727272727,-3.30855537662,0.135494367977,0.0603103103103,-4.68045090614,0.165889297308,0.032032032032,-1.43055756726,0.0386643724033,0.0570570570571,0,0,0,0,0,0,0.00641816384674,0.00661911907431,-3,-0.0003861003861,-0.442738313439,0,-0.0810810810811,0.0810810810811,108,0,108,1116,0.5,1,0,0.5,1,0.5,0.666666666667,0.675190604897,0.5,0.5,22,130,0,0,0,0
1372,WLNM_dir_neg,0.98926035503,0.94956824327,00:00:04,10,40,3,1234218127,threshold_sweep,0.4,1,0.169230769231,0.289473684211,22,0,108,260,0.169230769231,1,0,0.830769230769,1,0.169230769231,0.289473684211,0.723076923077,0.647863247863,0.21359223301,0.345782037404,0.169230769231,216,86,130,0,216,0,86,0,130,37,216,0.162162162162,1.32432432432,11.6756756757,21.6,6,8.1990990496,0.702237650082,0.31006006006,10.329336629,1.76937710775,0.765265265265,3.0868314707,0.528762798222,0.252752752753,0.579945114934,0.437917739848,2,1.32432432432,0.579945114934,2,0.0121701261701,0.00597269624573,7,0.000900900900901,0.621196581197,37,37,37,1,0,0.72972972973,0.243243243243,0.027027027027,37,0.0645645645646,1.31981981982,4.64864864865,8.6,2.6875,3.58404036603,0.770985427577,0.391891891892,4.24953627571,1.8282888628,0.787554996857,1.58208817801,0.680665844028,0.372721558768,0.567072809762,0.429659262004,2,1.31981981982,0.567072809762,2,0,0,0,0,0.149367839667,37,37,37,1,0,0.72972972973,0.135135135135,0.135135135135,37,108,0.0810810810811,1.32432432432,5.83783783784,10.8,3.27272727273,4.89054367299,0.837732018058,0.37037037037,5.64888572286,1.93526640505,0.797297297297,1.65627390345,0.567427170626,0.30980980981,0.579945114934,0.437917739848,2,1.32432432432,0.579945114934,2,0.0185882900169,0.01259181532,4,0.000514800514801,0.178458267758,37,37,37,1,0,0.72972972973,0.162162162162,0.108108108108,-108,-0.0810810810811,0,-5.83783783784,-10.8,-2.72727272727,-3.30855537662,0.135494367977,0.0603103103103,-4.68045090614,0.165889297308,0.032032032032,-1.43055756726,0.0386643724033,0.0570570570571,0,0,0,0,0,0,0.00641816384674,0.00661911907431,-3,-0.0003861003861,-0.442738313439,0,-0.0810810810811,0.0810810810811,108,0,108,1116,0.5,1,0,0.5,1,0.5,0.666666666667,0.675190604897,0.5,0.5,22,130,0,0,0,0
1373,WLNM_dir_neg,0.98926035503,0.94956824327,00:00:04,10,40,3,1234218127,threshold_sweep,0.5,1,0.169230769231,0.289473684211,22,0,108,260,0.169230769231,1,0,0.830769230769,1,0.169230769231,0.289473684211,0.723076923077,0.647863247863,0.21359223301,0.345782037404,0.169230769231,216,86,130,0,216,0,86,0,130,37,216,0.162162162162,1.32432432432,11.6756756757,21.6,6,8.1990990496,0.702237650082,0.31006006006,10.329336629,1.76937710775,0.765265265265,3.0868314707,0.528762798222,0.252752752753,0.579945114934,0.437917739848,2,1.32432432432,0.579945114934,2,0.0121701261701,0.00597269624573,7,0.000900900900901,0.621196581197,37,37,37,1,0,0.72972972973,0.243243243243,0.027027027027,37,0.0645645645646,1.31981981982,4.64864864865,8.6,2.6875,3.58404036603,0.770985427577,0.391891891892,4.24953627571,1.8282888628,0.787554996857,1.58208817801,0.680665844028,0.372721558768,0.567072809762,0.429659262004,2,1.31981981982,0.567072809762,2,0,0,0,0,0.149367839667,37,37,37,1,0,0.72972972973,0.135135135135,0.135135135135,37,108,0.0810810810811,1.32432432432,5.83783783784,10.8,3.27272727273,4.89054367299,0.837732018058,0.37037037037,5.64888572286,1.93526640505,0.797297297297,1.65627390345,0.567427170626,0.30980980981,0.579945114934,0.437917739848,2,1.32432432432,0.579945114934,2,0.0185882900169,0.01259181532,4,0.000514800514801,0.178458267758,37,37,37,1,0,0.72972972973,0.162162162162,0.108108108108,-108,-0.0810810810811,0,-5.83783783784,-10.8,-2.72727272727,-3.30855537662,0.135494367977,0.0603103103103,-4.68045090614,0.165889297308,0.032032032032,-1.43055756726,0.0386643724033,0.0570570570571,0,0,0,0,0,0,0.00641816384674,0.00661911907431,-3,-0.0003861003861,-0.442738313439,0,-0.0810810810811,0.0810810810811,108,0,108,1116,0.5,1,0,0.5,1,0.5,0.666666666667,0.675190604897,0.5,0.5,22,130,0,0,0,0
1374,WLNM_dir_neg,0.98926035503,0.94956824327,00:00:04,10,40,3,1234218127,threshold_sweep,0.6,1,0.169230769231,0.289473684211,22,0,108,260,0.169230769231,1,0,0.830769230769,1,0.169230769231,0.289473684211,0.723076923077,0.647863247863,0.21359223301,0.345782037404,0.169230769231,216,86,130,0,216,0,86,0,130,37,216,0.162162162162,1.32432432432,11.6756756757,21.6,6,8.1990990496,0.702237650082,0.31006006006,10.329336629,1.76937710775,0.765265265265,3.0868314707,0.528762798222,0.252752752753,0.579945114934,0.437917739848,2,1.32432432432,0.579945114934,2,0.0121701261701,0.00597269624573,7,0.000900900900901,0.621196581197,37,37,37,1,0,0.72972972973,0.243243243243,0.027027027027,37,0.0645645645646,1.31981981982,4.64864864865,8.6,2.6875,3.58404036603,0.770985427577,0.391891891892,4.24953627571,1.8282888628,0.787554996857,1.58208817801,0.680665844028,0.372721558768,0.567072809762,0.429659262004,2,1.31981981982,0.567072809762,2,0,0,0,0,0.149367839667,37,37,37,1,0,0.72972972973,0.135135135135,0.135135135135,37,108,0.0810810810811,1.32432432432,5.83783783784,10.8,3.27272727273,4.89054367299,0.837732018058,0.37037037037,5.64888572286,1.93526640505,0.797297297297,1.65627390345,0.567427170626,0.30980980981,0.579945114934,0.437917739848,2,1.32432432432,0.579945114934,2,0.0185882900169,0.01259181532,4,0.000514800514801,0.178458267758,37,37,37,1,0,0.72972972973,0.162162162162,0.108108108108,-108,-0.0810810810811,0,-5.83783783784,-10.8,-2.72727272727,-3.30855537662,0.135494367977,0.0603103103103,-4.68045090614,0.165889297308,0.032032032032,-1.43055756726,0.0386643724033,0.0570570570571,0,0,0,0,0,0,0.00641816384674,0.00661911907431,-3,-0.0003861003861,-0.442738313439,0,-0.0810810810811,0.0810810810811,108,0,108,1116,0.5,1,0,0.5,1,0.5,0.666666666667,0.675190604897,0.5,0.5,22,130,0,0,0,0
1375,WLNM_dir_neg,0.98926035503,0.94956824327,00:00:04,10,40,3,1234218127,threshold_sweep,0.7,1,0.169230769231,0.289473684211,22,0,108,260,0.169230769231,1,0,0.830769230769,1,0.169230769231,0.289473684211,0.723076923077,0.647863247863,0.21359223301,0.345782037404,0.169230769231,216,86,130,0,216,0,86,0,130,37,216,0.162162162162,1.32432432432,11.6756756757,21.6,6,8.1990990496,0.702237650082,0.31006006006,10.329336629,1.76937710775,0.765265265265,3.0868314707,0.528762798222,0.252752752753,0.579945114934,0.437917739848,2,1.32432432432,0.579945114934,2,0.0121701261701,0.00597269624573,7,0.000900900900901,0.621196581197,37,37,37,1,0,0.72972972973,0.243243243243,0.027027027027,37,0.0645645645646,1.31981981982,4.64864864865,8.6,2.6875,3.58404036603,0.770985427577,0.391891891892,4.24953627571,1.8282888628,0.787554996857,1.58208817801,0.680665844028,0.372721558768,0.567072809762,0.429659262004,2,1.31981981982,0.567072809762,2,0,0,0,0,0.149367839667,37,37,37,1,0,0.72972972973,0.135135135135,0.135135135135,37,108,0.0810810810811,1.32432432432,5.83783783784,10.8,3.27272727273,4.89054367299,0.837732018058,0.37037037037,5.64888572286,1.93526640505,0.797297297297,1.65627390345,0.567427170626,0.30980980981,0.579945114934,0.437917739848,2,1.32432432432,0.579945114934,2,0.0185882900169,0.01259181532,4,0.000514800514801,0.178458267758,37,37,37,1,0,0.72972972973,0.162162162162,0.108108108108,-108,-0.0810810810811,0,-5.83783783784,-10.8,-2.72727272727,-3.30855537662,0.135494367977,0.0603103103103,-4.68045090614,0.165889297308,0.032032032032,-1.43055756726,0.0386643724033,0.0570570570571,0,0,0,0,0,0,0.00641816384674,0.00661911907431,-3,-0.0003861003861,-0.442738313439,0,-0.0810810810811,0.0810810810811,108,0,108,1116,0.5,1,0,0.5,1,0.5,0.666666666667,0.675190604897,0.5,0.5,22,130,0,0,0,0
1376,WLNM_dir_neg,0.98926035503,0.94956824327,00:00:04,10,40,3,1234218127,threshold_sweep,0.8,1,0.169230769231,0.289473684211,22,0,108,260,0.169230769231,1,0,0.830769230769,1,0.169230769231,0.289473684211,0.723076923077,0.647863247863,0.21359223301,0.345782037404,0.169230769231,216,86,130,0,216,0,86,0,130,37,216,0.162162162162,1.32432432432,11.6756756757,21.6,6,8.1990990496,0.702237650082,0.31006006006,10.329336629,1.76937710775,0.765265265265,3.0868314707,0.528762798222,0.252752752753,0.579945114934,0.437917739848,2,1.32432432432,0.579945114934,2,0.0121701261701,0.00597269624573,7,0.000900900900901,0.621196581197,37,37,37,1,0,0.72972972973,0.243243243243,0.027027027027,37,0.0645645645646,1.31981981982,4.64864864865,8.6,2.6875,3.58404036603,0.770985427577,0.391891891892,4.24953627571,1.8282888628,0.787554996857,1.58208817801,0.680665844028,0.372721558768,0.567072809762,0.429659262004,2,1.31981981982,0.567072809762,2,0,0,0,0,0.149367839667,37,37,37,1,0,0.72972972973,0.135135135135,0.135135135135,37,108,0.0810810810811,1.32432432432,5.83783783784,10.8,3.27272727273,4.89054367299,0.837732018058,0.37037037037,5.64888572286,1.93526640505,0.797297297297,1.65627390345,0.567427170626,0.30980980981,0.579945114934,0.437917739848,2,1.32432432432,0.579945114934,2,0.0185882900169,0.01259181532,4,0.000514800514801,0.178458267758,37,37,37,1,0,0.72972972973,0.162162162162,0.108108108108,-108,-0.0810810810811,0,-5.83783783784,-10.8,-2.72727272727,-3.30855537662,0.135494367977,0.0603103103103,-4.68045090614,0.165889297308,0.032032032032,-1.43055756726,0.0386643724033,0.0570570570571,0,0,0,0,0,0,0.00641816384674,0.00661911907431,-3,-0.0003861003861,-0.442738313439,0,-0.0810810810811,0.0810810810811,108,0,108,1116,0.5,1,0,0.5,1,0.5,0.666666666667,0.675190604897,0.5,0.5,22,130,0,0,0,0
1377,WLNM_dir_neg,0.98926035503,0.94956824327,00:00:04,10,40,3,1234218127,threshold_sweep,0.9,1,0.169230769231,0.289473684211,22,0,108,260,0.169230769231,1,0,0.830769230769,1,0.169230769231,0.289473684211,0.723076923077,0.647863247863,0.21359223301,0.345782037404,0.169230769231,216,86,130,0,216,0,86,0,130,37,216,0.162162162162,1.32432432432,11.6756756757,21.6,6,8.1990990496,0.702237650082,0.31006006006,10.329336629,1.76937710775,0.765265265265,3.0868314707,0.528762798222,0.252752752753,0.579945114934,0.437917739848,2,1.32432432432,0.579945114934,2,0.0121701261701,0.00597269624573,7,0.000900900900901,0.621196581197,37,37,37,1,0,0.72972972973,0.243243243243,0.027027027027,37,0.0645645645646,1.31981981982,4.64864864865,8.6,2.6875,3.58404036603,0.770985427577,0.391891891892,4.24953627571,1.8282888628,0.787554996857,1.58208817801,0.680665844028,0.372721558768,0.567072809762,0.429659262004,2,1.31981981982,0.567072809762,2,0,0,0,0,0.149367839667,37,37,37,1,0,0.72972972973,0.135135135135,0.135135135135,37,108,0.0810810810811,1.32432432432,5.83783783784,10.8,3.27272727273,4.89054367299,0.837732018058,0.37037037037,5.64888572286,1.93526640505,0.797297297297,1.65627390345,0.567427170626,0.30980980981,0.579945114934,0.437917739848,2,1.32432432432,0.579945114934,2,0.0185882900169,0.01259181532,4,0.000514800514801,0.178458267758,37,37,37,1,0,0.72972972973,0.162162162162,0.108108108108,-108,-0.0810810810811,0,-5.83783783784,-10.8,-2.72727272727,-3.30855537662,0.135494367977,0.0603103103103,-4.68045090614,0.165889297308,0.032032032032,-1.43055756726,0.0386643724033,0.0570570570571,0,0,0,0,0,0,0.00641816384674,0.00661911907431,-3,-0.0003861003861,-0.442738313439,0,-0.0810810810811,0.0810810810811,108,0,108,1116,0.5,1,0,0.5,1,0.5,0.666666666667,0.675190604897,0.5,0.5,22,130,0,0,0,0
1378,WLNM_dir_neg,0.982692307692,0.854892224241,00:00:02,10,40,4,1234218128,threshold_sweep,0.1,0.928571428571,0.2,0.329113924051,26,2,104,258,0.2,0.992307692308,0.00769230769231,0.8,0.928571428571,0.2,0.329113924051,0.728205128205,0.642735042735,0.239234449761,0.351173475346,0.192307692308,216,86,130,0,216,0,86,0,130,37,216,0.162162162162,1.32432432432,11.6756756757,21.6,6,8.1990990496,0.702237650082,0.31006006006,10.329336629,1.76937710775,0.765265265265,3.0868314707,0.528762798222,0.252752752753,0.579945114934,0.437917739848,2,1.32432432432,0.579945114934,2,0.0121701261701,0.00597269624573,7,0.000900900900901,0.621196581197,37,37,37,1,0,0.72972972973,0.243243243243,0.027027027027,37,0.0645645645646,1.32432432432,4.64864864865,8.6,2.77419354839,3.68341791921,0.79236315704,0.414833438089,4.22330869536,1.81700490382,0.783155248272,1.7958912064,0.77265086787,0.427404148334,0.579945114934,0.437917739848,2,1.34285714286,0.591252764842,2,0,0,0,0,0.164646342172,37,35,35,0.945945945946,0,0.675675675676,0.162162162162,0.108108108108,37,114,0.0855855855856,1.33231278374,6.16216216216,11.4,3.35294117647,5.2784336561,0.856587917876,0.417022285443,5.74639200029,1.86505705273,0.782361308677,1.89118390871,0.613805303705,0.341394025605,0.598528116351,0.449239940992,2.1619466248,1.35130208567,0.610279788058,2.1619466248,0.0927739471857,0.0715596330275,26,0.0033462033462,0.215929207191,37,35,35,0.945945945946,0,0.675675675676,0.243243243243,0.027027027027,-102,-0.0765765765766,0.00798845941703,-5.51351351351,-10.2,-2.64705882353,-2.9206653935,0.154350267794,0.106962225383,-4.58294462871,0.0956799449811,0.0170960434118,-1.19564756199,0.0850425054828,0.0886412728518,0.0185830014162,0.0113222011434,0.161946624804,0.0269777613451,0.0303346731231,0.161946624804,0.0806038210156,0.0655869367818,19,0.0024453024453,-0.405267374005,-0.0540540540541,0,0,112,2,104,1114,0.518518518519,0.998207885305,0.00179211469534,0.481481481481,0.982456140351,0.518518518519,0.678787878788,0.680837638787,0.516726403823,0.51376146789,28,130,0,0,0,0
1379,WLNM_dir_neg,0.982692307692,0.854892224241,00:00:02,10,40,4,1234218128,threshold_sweep,0.2,0.928571428571,0.2,0.329113924051,26,2,104,258,0.2,0.992307692308,0.00769230769231,0.8,0.928571428571,0.2,0.329113924051,0.728205128205,0.642735042735,0.239234449761,0.351173475346,0.192307692308,216,86,130,0,216,0,86,0,130,37,216,0.162162162162,1.32432432432,11.6756756757,21.6,6,8.1990990496,0.702237650082,0.31006006006,10.329336629,1.76937710775,0.765265265265,3.0868314707,0.528762798222,0.252752752753,0.579945114934,0.437917739848,2,1.32432432432,0.579945114934,2,0.0121701261701,0.00597269624573,7,0.000900900900901,0.621196581197,37,37,37,1,0,0.72972972973,0.243243243243,0.027027027027,37,0.0645645645646,1.32432432432,4.64864864865,8.6,2.77419354839,3.68341791921,0.79236315704,0.414833438089,4.22330869536,1.81700490382,0.783155248272,1.7958912064,0.77265086787,0.427404148334,0.579945114934,0.437917739848,2,1.34285714286,0.591252764842,2,0,0,0,0,0.164646342172,37,35,35,0.945945945946,0,0.675675675676,0.162162162162,0.108108108108,37,114,0.0855855855856,1.33231278374,6.16216216216,11.4,3.35294117647,5.2784336561,0.856587917876,0.417022285443,5.74639200029,1.86505705273,0.782361308677,1.89118390871,0.613805303705,0.341394025605,0.598528116351,0.449239940992,2.1619466248,1.35130208567,0.610279788058,2.1619466248,0.0927739471857,0.0715596330275,26,0.0033462033462,0.215929207191,37,35,35,0.945945945946,0,0.675675675676,0.243243243243,0.027027027027,-102,-0.0765765765766,0.00798845941703,-5.51351351351,-10.2,-2.64705882353,-2.9206653935,0.154350267794,0.106962225383,-4.58294462871,0.0956799449811,0.0170960434118,-1.19564756199,0.0850425054828,0.0886412728518,0.0185830014162,0.0113222011434,0.161946624804,0.0269777613451,0.0303346731231,0.161946624804,0.0806038210156,0.0655869367818,19,0.0024453024453,-0.405267374005,-0.0540540540541,0,0,112,2,104,1114,0.518518518519,0.998207885305,0.00179211469534,0.481481481481,0.982456140351,0.518518518519,0.678787878788,0.680837638787,0.516726403823,0.51376146789,28,130,0,0,0,0
1380,WLNM_dir_neg,0.982692307692,0.854892224241,00:00:02,10,40,4,1234218128,threshold_sweep,0.3,0.928571428571,0.2,0.329113924051,26,2,104,258,0.2,0.992307692308,0.00769230769231,0.8,0.928571428571,0.2,0.329113924051,0.728205128205,0.642735042735,0.239234449761,0.351173475346,0.192307692308,216,86,130,0,216,0,86,0,130,37,216,0.162162162162,1.32432432432,11.6756756757,21.6,6,8.1990990496,0.702237650082,0.31006006006,10.329336629,1.76937710775,0.765265265265,3.0868314707,0.528762798222,0.252752752753,0.579945114934,0.437917739848,2,1.32432432432,0.579945114934,2,0.0121701261701,0.00597269624573,7,0.000900900900901,0.621196581197,37,37,37,1,0,0.72972972973,0.243243243243,0.027027027027,37,0.0645645645646,1.32432432432,4.64864864865,8.6,2.77419354839,3.68341791921,0.79236315704,0.414833438089,4.22330869536,1.81700490382,0.783155248272,1.7958912064,0.77265086787,0.427404148334,0.579945114934,0.437917739848,2,1.34285714286,0.591252764842,2,0,0,0,0,0.164646342172,37,35,35,0.945945945946,0,0.675675675676,0.162162162162,0.108108108108,37,114,0.0855855855856,1.33231278374,6.16216216216,11.4,3.35294117647,5.2784336561,0.856587917876,0.417022285443,5.74639200029,1.86505705273,0.782361308677,1.89118390871,0.613805303705,0.341394025605,0.598528116351,0.449239940992,2.1619466248,1.35130208567,0.610279788058,2.1619466248,0.0927739471857,0.0715596330275,26,0.0033462033462,0.215929207191,37,35,35,0.945945945946,0,0.675675675676,0.243243243243,0.027027027027,-102,-0.0765765765766,0.00798845941703,-5.51351351351,-10.2,-2.64705882353,-2.9206653935,0.154350267794,0.106962225383,-4.58294462871,0.0956799449811,0.0170960434118,-1.19564756199,0.0850425054828,0.0886412728518,0.0185830014162,0.0113222011434,0.161946624804,0.0269777613451,0.0303346731231,0.161946624804,0.0806038210156,0.0655869367818,19,0.0024453024453,-0.405267374005,-0.0540540540541,0,0,112,2,104,1114,0.518518518519,0.998207885305,0.00179211469534,0.481481481481,0.982456140351,0.518518518519,0.678787878788,0.680837638787,0.516726403823,0.51376146789,28,130,0,0,0,0
1381,WLNM_dir_neg,0.982692307692,0.854892224241,00:00:02,10,40,4,1234218128,threshold_sweep,0.4,0.928571428571,0.2,0.329113924051,26,2,104,258,0.2,0.992307692308,0.00769230769231,0.8,0.928571428571,0.2,0.329113924051,0.728205128205,0.642735042735,0.239234449761,0.351173475346,0.192307692308,216,86,130,0,216,0,86,0,130,37,216,0.162162162162,1.32432432432,11.6756756757,21.6,6,8.1990990496,0.702237650082,0.31006006006,10.329336629,1.76937710775,0.765265265265,3.0868314707,0.528762798222,0.252752752753,0.579945114934,0.437917739848,2,1.32432432432,0.579945114934,2,0.0121701261701,0.00597269624573,7,0.000900900900901,0.621196581197,37,37,37,1,0,0.72972972973,0.243243243243,0.027027027027,37,0.0645645645646,1.32432432432,4.64864864865,8.6,2.77419354839,3.68341791921,0.79236315704,0.414833438089,4.22330869536,1.81700490382,0.783155248272,1.7958912064,0.77265086787,0.427404148334,0.579945114934,0.437917739848,2,1.34285714286,0.591252764842,2,0,0,0,0,0.164646342172,37,35,35,0.945945945946,0,0.675675675676,0.162162162162,0.108108108108,37,114,0.0855855855856,1.33231278374,6.16216216216,11.4,3.35294117647,5.2784336561,0.856587917876,0.417022285443,5.74639200029,1.86505705273,0.782361308677,1.89118390871,0.613805303705,0.341394025605,0.598528116351,0.449239940992,2.1619466248,1.35130208567,0.610279788058,2.1619466248,0.0927739471857,0.0715596330275,26,0.0033462033462,0.215929207191,37,35,35,0.945945945946,0,0.675675675676,0.243243243243,0.027027027027,-102,-0.0765765765766,0.00798845941703,-5.51351351351,-10.2,-2.64705882353,-2.9206653935,0.154350267794,0.106962225383,-4.58294462871,0.0956799449811,0.0170960434118,-1.19564756199,0.0850425054828,0.0886412728518,0.0185830014162,0.0113222011434,0.161946624804,0.0269777613451,0.0303346731231,0.161946624804,0.0806038210156,0.0655869367818,19,0.0024453024453,-0.405267374005,-0.0540540540541,0,0,112,2,104,1114,0.518518518519,0.998207885305,0.00179211469534,0.481481481481,0.982456140351,0.518518518519,0.678787878788,0.680837638787,0.516726403823,0.51376146789,28,130,0,0,0,0
1382,WLNM_dir_neg,0.982692307692,0.854892224241,00:00:02,10,40,4,1234218128,threshold_sweep,0.5,0.962962962963,0.2,0.331210191083,26,1,104,259,0.2,0.996153846154,0.00384615384615,0.8,0.962962962963,0.2,0.331210191083,0.730769230769,0.64358974359,0.244604316547,0.364267129702,0.196153846154,216,86,130,0,216,0,86,0,130,37,216,0.162162162162,1.32432432432,11.6756756757,21.6,6,8.1990990496,0.702237650082,0.31006006006,10.329336629,1.76937710775,0.765265265265,3.0868314707,0.528762798222,0.252752752753,0.579945114934,0.437917739848,2,1.32432432432,0.579945114934,2,0.0121701261701,0.00597269624573,7,0.000900900900901,0.621196581197,37,37,37,1,0,0.72972972973,0.243243243243,0.027027027027,37,0.0645645645646,1.32432432432,4.64864864865,8.6,2.77419354839,3.68341791921,0.79236315704,0.414833438089,4.22330869536,1.81700490382,0.783155248272,1.7958912064,0.77265086787,0.427404148334,0.579945114934,0.437917739848,2,1.34285714286,0.591252764842,2,0,0,0,0,0.164646342172,37,35,35,0.945945945946,0,0.675675675676,0.162162162162,0.108108108108,37,113,0.0848348348348,1.32959735245,6.10810810811,11.3,3.32352941176,5.19499643773,0.850508266353,0.412819899546,5.70061373862,1.86657264008,0.78115283425,1.88482162354,0.617153982928,0.34298014829,0.594065189374,0.446800821525,2.1493877551,1.34843148688,0.605737275144,2.1493877551,0.0636476812947,0.0479774223895,17,0.0021879021879,0.215444323959,37,35,35,0.945945945946,0,0.675675675676,0.243243243243,0.027027027027,-103,-0.0773273273273,0.00527302813017,-5.56756756757,-10.3,-2.67647058824,-3.00410261188,0.148270616272,0.102759839486,-4.62872289037,0.0971955323353,0.0158875689849,-1.20200984717,0.0883911847056,0.0902273955371,0.0141200744396,0.00888308167645,0.149387755102,0.0241071625561,0.0257921602095,0.149387755102,0.0514775551246,0.0420047261437,10,0.001287001287,-0.405752257237,-0.0540540540541,0,0,112,1,104,1115,0.518518518519,0.999103942652,0.00089605734767,0.481481481481,0.991150442478,0.518518518519,0.68085106383,0.684748377255,0.517622461171,0.516129032258,27,130,0,0,0,0
1383,WLNM_dir_neg,0.982692307692,0.854892224241,00:00:02,10,40,4,1234218128,threshold_sweep,0.6,0.962962962963,0.2,0.331210191083,26,1,104,259,0.2,0.996153846154,0.00384615384615,0.8,0.962962962963,0.2,0.331210191083,0.730769230769,0.64358974359,0.244604316547,0.364267129702,0.196153846154,216,86,130,0,216,0,86,0,130,37,216,0.162162162162,1.32432432432,11.6756756757,21.6,6,8.1990990496,0.702237650082,0.31006006006,10.329336629,1.76937710775,0.765265265265,3.0868314707,0.528762798222,0.252752752753,0.579945114934,0.437917739848,2,1.32432432432,0.579945114934,2,0.0121701261701,0.00597269624573,7,0.000900900900901,0.621196581197,37,37,37,1,0,0.72972972973,0.243243243243,0.027027027027,37,0.0645645645646,1.32432432432,4.64864864865,8.6,2.77419354839,3.68341791921,0.79236315704,0.414833438089,4.22330869536,1.81700490382,0.783155248272,1.7958912064,0.77265086787,0.427404148334,0.579945114934,0.437917739848,2,1.34285714286,0.591252764842,2,0,0,0,0,0.164646342172,37,35,35,0.945945945946,0,0.675675675676,0.162162162162,0.108108108108,37,113,0.0848348348348,1.32959735245,6.10810810811,11.3,3.32352941176,5.19499643773,0.850508266353,0.412819899546,5.70061373862,1.86657264008,0.78115283425,1.88482162354,0.617153982928,0.34298014829,0.594065189374,0.446800821525,2.1493877551,1.34843148688,0.605737275144,2.1493877551,0.0636476812947,0.0479774223895,17,0.0021879021879,0.215444323959,37,35,35,0.945945945946,0,0.675675675676,0.243243243243,0.027027027027,-103,-0.0773273273273,0.00527302813017,-5.56756756757,-10.3,-2.67647058824,-3.00410261188,0.148270616272,0.102759839486,-4.62872289037,0.0971955323353,0.0158875689849,-1.20200984717,0.0883911847056,0.0902273955371,0.0141200744396,0.00888308167645,0.149387755102,0.0241071625561,0.0257921602095,0.149387755102,0.0514775551246,0.0420047261437,10,0.001287001287,-0.405752257237,-0.0540540540541,0,0,112,1,104,1115,0.518518518519,0.999103942652,0.00089605734767,0.481481481481,0.991150442478,0.518518518519,0.68085106383,0.684748377255,0.517622461171,0.516129032258,27,130,0,0,0,0
1384,WLNM_dir_neg,0.982692307692,0.854892224241,00:00:02,10,40,4,1234218128,threshold_sweep,0.7,0.962962962963,0.2,0.331210191083,26,1,104,259,0.2,0.996153846154,0.00384615384615,0.8,0.962962962963,0.2,0.331210191083,0.730769230769,0.64358974359,0.244604316547,0.364267129702,0.196153846154,216,86,130,0,216,0,86,0,130,37,216,0.162162162162,1.32432432432,11.6756756757,21.6,6,8.1990990496,0.702237650082,0.31006006006,10.329336629,1.76937710775,0.765265265265,3.0868314707,0.528762798222,0.252752752753,0.579945114934,0.437917739848,2,1.32432432432,0.579945114934,2,0.0121701261701,0.00597269624573,7,0.000900900900901,0.621196581197,37,37,37,1,0,0.72972972973,0.243243243243,0.027027027027,37,0.0645645645646,1.32432432432,4.64864864865,8.6,2.77419354839,3.68341791921,0.79236315704,0.414833438089,4.22330869536,1.81700490382,0.783155248272,1.7958912064,0.77265086787,0.427404148334,0.579945114934,0.437917739848,2,1.34285714286,0.591252764842,2,0,0,0,0,0.164646342172,37,35,35,0.945945945946,0,0.675675675676,0.162162162162,0.108108108108,37,113,0.0848348348348,1.32959735245,6.10810810811,11.3,3.32352941176,5.19499643773,0.850508266353,0.412819899546,5.70061373862,1.86657264008,0.78115283425,1.88482162354,0.617153982928,0.34298014829,0.594065189374,0.446800821525,2.1493877551,1.34843148688,0.605737275144,2.1493877551,0.0636476812947,0.0479774223895,17,0.0021879021879,0.215444323959,37,35,35,0.945945945946,0,0.675675675676,0.243243243243,0.027027027027,-103,-0.0773273273273,0.00527302813017,-5.56756756757,-10.3,-2.67647058824,-3.00410261188,0.148270616272,0.102759839486,-4.62872289037,0.0971955323353,0.0158875689849,-1.20200984717,0.0883911847056,0.0902273955371,0.0141200744396,0.00888308167645,0.149387755102,0.0241071625561,0.0257921602095,0.149387755102,0.0514775551246,0.0420047261437,10,0.001287001287,-0.405752257237,-0.0540540540541,0,0,112,1,104,1115,0.518518518519,0.999103942652,0.00089605734767,0.481481481481,0.991150442478,0.518518518519,0.68085106383,0.684748377255,0.517622461171,0.516129032258,27,130,0,0,0,0
1385,WLNM_dir_neg,0.982692307692,0.854892224241,00:00:02,10,40,4,1234218128,threshold_sweep,0.8,0.962962962963,0.2,0.331210191083,26,1,104,259,0.2,0.996153846154,0.00384615384615,0.8,0.962962962963,0.2,0.331210191083,0.730769230769,0.64358974359,0.244604316547,0.364267129702,0.196153846154,216,86,130,0,216,0,86,0,130,37,216,0.162162162162,1.32432432432,11.6756756757,21.6,6,8.1990990496,0.702237650082,0.31006006006,10.329336629,1.76937710775,0.765265265265,3.0868314707,0.528762798222,0.252752752753,0.579945114934,0.437917739848,2,1.32432432432,0.579945114934,2,0.0121701261701,0.00597269624573,7,0.000900900900901,0.621196581197,37,37,37,1,0,0.72972972973,0.243243243243,0.027027027027,37,0.0645645645646,1.32432432432,4.64864864865,8.6,2.77419354839,3.68341791921,0.79236315704,0.414833438089,4.22330869536,1.81700490382,0.783155248272,1.7958912064,0.77265086787,0.427404148334,0.579945114934,0.437917739848,2,1.34285714286,0.591252764842,2,0,0,0,0,0.164646342172,37,35,35,0.945945945946,0,0.675675675676,0.162162162162,0.108108108108,37,113,0.0848348348348,1.32959735245,6.10810810811,11.3,3.32352941176,5.19499643773,0.850508266353,0.412819899546,5.70061373862,1.86657264008,0.78115283425,1.88482162354,0.617153982928,0.34298014829,0.594065189374,0.446800821525,2.1493877551,1.34843148688,0.605737275144,2.1493877551,0.0636476812947,0.0479774223895,17,0.0021879021879,0.215444323959,37,35,35,0.945945945946,0,0.675675675676,0.243243243243,0.027027027027,-103,-0.0773273273273,0.00527302813017,-5.56756756757,-10.3,-2.67647058824,-3.00410261188,0.148270616272,0.102759839486,-4.62872289037,0.0971955323353,0.0158875689849,-1.20200984717,0.0883911847056,0.0902273955371,0.0141200744396,0.00888308167645,0.149387755102,0.0241071625561,0.0257921602095,0.149387755102,0.0514775551246,0.0420047261437,10,0.001287001287,-0.405752257237,-0.0540540540541,0,0,112,1,104,1115,0.518518518519,0.999103942652,0.00089605734767,0.481481481481,0.991150442478,0.518518518519,0.68085106383,0.684748377255,0.517622461171,0.516129032258,27,130,0,0,0,0
1386,WLNM_dir_neg,0.982692307692,0.854892224241,00:00:02,10,40,4,1234218128,threshold_sweep,0.9,0.962962962963,0.2,0.331210191083,26,1,104,259,0.2,0.996153846154,0.00384615384615,0.8,0.962962962963,0.2,0.331210191083,0.730769230769,0.64358974359,0.244604316547,0.364267129702,0.196153846154,216,86,130,0,216,0,86,0,130,37,216,0.162162162162,1.32432432432,11.6756756757,21.6,6,8.1990990496,0.702237650082,0.31006006006,10.329336629,1.76937710775,0.765265265265,3.0868314707,0.528762798222,0.252752752753,0.579945114934,0.437917739848,2,1.32432432432,0.579945114934,2,0.0121701261701,0.00597269624573,7,0.000900900900901,0.621196581197,37,37,37,1,0,0.72972972973,0.243243243243,0.027027027027,37,0.0645645645646,1.32432432432,4.64864864865,8.6,2.77419354839,3.68341791921,0.79236315704,0.414833438089,4.22330869536,1.81700490382,0.783155248272,1.7958912064,0.77265086787,0.427404148334,0.579945114934,0.437917739848,2,1.34285714286,0.591252764842,2,0,0,0,0,0.164646342172,37,35,35,0.945945945946,0,0.675675675676,0.162162162162,0.108108108108,37,113,0.0848348348348,1.32959735245,6.10810810811,11.3,3.32352941176,5.19499643773,0.850508266353,0.412819899546,5.70061373862,1.86657264008,0.78115283425,1.88482162354,0.617153982928,0.34298014829,0.594065189374,0.446800821525,2.1493877551,1.34843148688,0.605737275144,2.1493877551,0.0636476812947,0.0479774223895,17,0.0021879021879,0.215444323959,37,35,35,0.945945945946,0,0.675675675676,0.243243243243,0.027027027027,-103,-0.0773273273273,0.00527302813017,-5.56756756757,-10.3,-2.67647058824,-3.00410261188,0.148270616272,0.102759839486,-4.62872289037,0.0971955323353,0.0158875689849,-1.20200984717,0.0883911847056,0.0902273955371,0.0141200744396,0.00888308167645,0.149387755102,0.0241071625561,0.0257921602095,0.149387755102,0.0514775551246,0.0420047261437,10,0.001287001287,-0.405752257237,-0.0540540540541,0,0,112,1,104,1115,0.518518518519,0.999103942652,0.00089605734767,0.481481481481,0.991150442478,0.518518518519,0.68085106383,0.684748377255,0.517622461171,0.516129032258,27,130,0,0,0,0
1387,WLNM_dir_neg,0.99399408284,0.966850953955,00:00:03,10,40,5,1234218129,threshold_sweep,0.1,1,0.476923076923,0.645833333333,62,0,68,260,0.476923076923,1,0,0.523076923077,1,0.476923076923,0.645833333333,0.825641025641,0.613675213675,0.548672566372,0.614856715412,0.476923076923,216,86,130,0,216,0,86,0,130,37,216,0.162162162162,1.32432432432,11.6756756757,21.6,6,8.1990990496,0.702237650082,0.31006006006,10.329336629,1.76937710775,0.765265265265,3.0868314707,0.528762798222,0.252752752753,0.579945114934,0.437917739848,2,1.32432432432,0.579945114934,2,0.0121701261701,0.00597269624573,7,0.000900900900901,0.621196581197,37,37,37,1,0,0.72972972973,0.243243243243,0.027027027027,37,0.0645645645646,1.32432432432,4.64864864865,8.6,2.60606060606,3.67586887851,0.790739235494,0.400691389063,4.16369263231,1.7913561325,0.779384035198,1.5465742439,0.665386593305,0.366436203646,0.579945114934,0.437917739848,2,1.33333333333,0.585540043769,2,0.0115207373272,0.0107719928187,2,0.0002574002574,0.145452339867,37,36,36,0.972972972973,0,0.702702702703,0.189189189189,0.0810810810811,37,148,0.111111111111,1.32432432432,8,14.8,4.22857142857,6.48930744464,0.81116343058,0.370343316289,7.58287544405,1.89571886101,0.793644996348,2.12132034356,0.53033008589,0.294375456538,0.579945114934,0.437917739848,2,1.33333333333,0.585540043769,2,0.0134961334961,0.0100334448161,6,0.000772200772201,0.296300730039,37,36,36,0.972972972973,0,0.702702702703,0.243243243243,0.027027027027,-68,-0.0510510510511,0,-3.67567567568,-6.8,-1.77142857143,-1.70979160496,0.108925780499,0.0602832562292,-2.74646118495,0.126341753268,0.0283797310824,-0.965511127144,0.00156728766747,0.0416227037849,0,0,0,0.00900900900901,0.00559492883467,0,0.00132600732601,0.00406074857032,-1,-0.0001287001287,-0.324895851158,-0.027027027027,0,0,148,0,68,1116,0.685185185185,1,0,0.314814814815,1,0.685185185185,0.813186813187,0.803637563416,0.685185185185,0.685185185185,62,130,0,0,0,0
1388,WLNM_dir_neg,0.99399408284,0.966850953955,00:00:03,10,40,5,1234218129,threshold_sweep,0.2,1,0.476923076923,0.645833333333,62,0,68,260,0.476923076923,1,0,0.523076923077,1,0.476923076923,0.645833333333,0.825641025641,0.613675213675,0.548672566372,0.614856715412,0.476923076923,216,86,130,0,216,0,86,0,130,37,216,0.162162162162,1.32432432432,11.6756756757,21.6,6,8.1990990496,0.702237650082,0.31006006006,10.329336629,1.76937710775,0.765265265265,3.0868314707,0.528762798222,0.252752752753,0.579945114934,0.437917739848,2,1.32432432432,0.579945114934,2,0.0121701261701,0.00597269624573,7,0.000900900900901,0.621196581197,37,37,37,1,0,0.72972972973,0.243243243243,0.027027027027,37,0.0645645645646,1.32432432432,4.64864864865,8.6,2.60606060606,3.67586887851,0.790739235494,0.400691389063,4.16369263231,1.7913561325,0.779384035198,1.5465742439,0.665386593305,0.366436203646,0.579945114934,0.437917739848,2,1.33333333333,0.585540043769,2,0.0115207373272,0.0107719928187,2,0.0002574002574,0.145452339867,37,36,36,0.972972972973,0,0.702702702703,0.189189189189,0.0810810810811,37,148,0.111111111111,1.32432432432,8,14.8,4.22857142857,6.48930744464,0.81116343058,0.370343316289,7.58287544405,1.89571886101,0.793644996348,2.12132034356,0.53033008589,0.294375456538,0.579945114934,0.437917739848,2,1.33333333333,0.585540043769,2,0.0134961334961,0.0100334448161,6,0.000772200772201,0.296300730039,37,36,36,0.972972972973,0,0.702702702703,0.243243243243,0.027027027027,-68,-0.0510510510511,0,-3.67567567568,-6.8,-1.77142857143,-1.70979160496,0.108925780499,0.0602832562292,-2.74646118495,0.126341753268,0.0283797310824,-0.965511127144,0.00156728766747,0.0416227037849,0,0,0,0.00900900900901,0.00559492883467,0,0.00132600732601,0.00406074857032,-1,-0.0001287001287,-0.324895851158,-0.027027027027,0,0,148,0,68,1116,0.685185185185,1,0,0.314814814815,1,0.685185185185,0.813186813187,0.803637563416,0.685185185185,0.685185185185,62,130,0,0,0,0
1389,WLNM_dir_neg,0.99399408284,0.966850953955,00:00:03,10,40,5,1234218129,threshold_sweep,0.3,1,0.315384615385,0.479532163743,41,0,89,260,0.315384615385,1,0,0.684615384615,1,0.315384615385,0.479532163743,0.771794871795,0.631623931624,0.380510440835,0.484723653288,0.315384615385,216,86,130,0,216,0,86,0,130,37,216,0.162162162162,1.32432432432,11.6756756757,21.6,6,8.1990990496,0.702237650082,0.31006006006,10.329336629,1.76937710775,0.765265265265,3.0868314707,0.528762798222,0.252752752753,0.579945114934,0.437917739848,2,1.32432432432,0.579945114934,2,0.0121701261701,0.00597269624573,7,0.000900900900901,0.621196581197,37,37,37,1,0,0.72972972973,0.243243243243,0.027027027027,37,0.0645645645646,1.32432432432,4.64864864865,8.6,2.60606060606,3.67586887851,0.790739235494,0.400691389063,4.16369263231,1.7913561325,0.779384035198,1.5465742439,0.665386593305,0.366436203646,0.579945114934,0.437917739848,2,1.33333333333,0.585540043769,2,0.0115207373272,0.0107719928187,2,0.0002574002574,0.145452339867,37,36,36,0.972972972973,0,0.702702702703,0.189189189189,0.0810810810811,37,127,0.0953453453453,1.32432432432,6.86486486486,12.7,3.62857142857,5.47297482668,0.797244364516,0.38008086827,6.28287151504,1.83044288233,0.779740370292,1.80340019193,0.525400055917,0.294105128751,0.579945114934,0.437917739848,2,1.33333333333,0.585540043769,2,0.0135651093546,0.0140186915888,6,0.000772200772201,0.235111040926,37,36,36,0.972972972973,0,0.702702702703,0.243243243243,0.027027027027,-89,-0.0668168168168,0,-4.81081081081,-8.9,-2.37142857143,-2.72612422293,0.0950067144343,0.0700208082098,-4.04646511396,0.0610657745886,0.0144751050263,-1.28343127877,-0.0033627423059,0.041352375998,0,0,0,0.00900900900901,0.00559492883467,0,0.00139498318446,0.00804599534305,-1,-0.0001287001287,-0.38608554027,-0.027027027027,0,0,127,0,89,1116,0.587962962963,1,0,0.412037037037,1,0.587962962963,0.740524781341,0.737927267985,0.587962962963,0.587962962963,41,130,0,0,0,0
1390,WLNM_dir_neg,0.99399408284,0.966850953955,00:00:03,10,40,5,1234218129,threshold_sweep,0.4,1,0.315384615385,0.479532163743,41,0,89,260,0.315384615385,1,0,0.684615384615,1,0.315384615385,0.479532163743,0.771794871795,0.631623931624,0.380510440835,0.484723653288,0.315384615385,216,86,130,0,216,0,86,0,130,37,216,0.162162162162,1.32432432432,11.6756756757,21.6,6,8.1990990496,0.702237650082,0.31006006006,10.329336629,1.76937710775,0.765265265265,3.0868314707,0.528762798222,0.252752752753,0.579945114934,0.437917739848,2,1.32432432432,0.579945114934,2,0.0121701261701,0.00597269624573,7,0.000900900900901,0.621196581197,37,37,37,1,0,0.72972972973,0.243243243243,0.027027027027,37,0.0645645645646,1.32432432432,4.64864864865,8.6,2.60606060606,3.67586887851,0.790739235494,0.400691389063,4.16369263231,1.7913561325,0.779384035198,1.5465742439,0.665386593305,0.366436203646,0.579945114934,0.437917739848,2,1.33333333333,0.585540043769,2,0.0115207373272,0.0107719928187,2,0.0002574002574,0.145452339867,37,36,36,0.972972972973,0,0.702702702703,0.189189189189,0.0810810810811,37,127,0.0953453453453,1.32432432432,6.86486486486,12.7,3.62857142857,5.47297482668,0.797244364516,0.38008086827,6.28287151504,1.83044288233,0.779740370292,1.80340019193,0.525400055917,0.294105128751,0.579945114934,0.437917739848,2,1.33333333333,0.585540043769,2,0.0135651093546,0.0140186915888,6,0.000772200772201,0.235111040926,37,36,36,0.972972972973,0,0.702702702703,0.243243243243,0.027027027027,-89,-0.0668168168168,0,-4.81081081081,-8.9,-2.37142857143,-2.72612422293,0.0950067144343,0.0700208082098,-4.04646511396,0.0610657745886,0.0144751050263,-1.28343127877,-0.0033627423059,0.041352375998,0,0,0,0.00900900900901,0.00559492883467,0,0.00139498318446,0.00804599534305,-1,-0.0001287001287,-0.38608554027,-0.027027027027,0,0,127,0,89,1116,0.587962962963,1,0,0.412037037037,1,0.587962962963,0.740524781341,0.737927267985,0.587962962963,0.587962962963,41,130,0,0,0,0
1391,WLNM_dir_neg,0.99399408284,0.966850953955,00:00:03,10,40,5,1234218129,threshold_sweep,0.5,1,0.315384615385,0.479532163743,41,0,89,260,0.315384615385,1,0,0.684615384615,1,0.315384615385,0.479532163743,0.771794871795,0.631623931624,0.380510440835,0.484723653288,0.315384615385,216,86,130,0,216,0,86,0,130,37,216,0.162162162162,1.32432432432,11.6756756757,21.6,6,8.1990990496,0.702237650082,0.31006006006,10.329336629,1.76937710775,0.765265265265,3.0868314707,0.528762798222,0.252752752753,0.579945114934,0.437917739848,2,1.32432432432,0.579945114934,2,0.0121701261701,0.00597269624573,7,0.000900900900901,0.621196581197,37,37,37,1,0,0.72972972973,0.243243243243,0.027027027027,37,0.0645645645646,1.32432432432,4.64864864865,8.6,2.60606060606,3.67586887851,0.790739235494,0.400691389063,4.16369263231,1.7913561325,0.779384035198,1.5465742439,0.665386593305,0.366436203646,0.579945114934,0.437917739848,2,1.33333333333,0.585540043769,2,0.0115207373272,0.0107719928187,2,0.0002574002574,0.145452339867,37,36,36,0.972972972973,0,0.702702702703,0.189189189189,0.0810810810811,37,127,0.0953453453453,1.32432432432,6.86486486486,12.7,3.62857142857,5.47297482668,0.797244364516,0.38008086827,6.28287151504,1.83044288233,0.779740370292,1.80340019193,0.525400055917,0.294105128751,0.579945114934,0.437917739848,2,1.33333333333,0.585540043769,2,0.0135651093546,0.0140186915888,6,0.000772200772201,0.235111040926,37,36,36,0.972972972973,0,0.702702702703,0.243243243243,0.027027027027,-89,-0.0668168168168,0,-4.81081081081,-8.9,-2.37142857143,-2.72612422293,0.0950067144343,0.0700208082098,-4.04646511396,0.0610657745886,0.0144751050263,-1.28343127877,-0.0033627423059,0.041352375998,0,0,0,0.00900900900901,0.00559492883467,0,0.00139498318446,0.00804599534305,-1,-0.0001287001287,-0.38608554027,-0.027027027027,0,0,127,0,89,1116,0.587962962963,1,0,0.412037037037,1,0.587962962963,0.740524781341,0.737927267985,0.587962962963,0.587962962963,41,130,0,0,0,0
1392,WLNM_dir_neg,0.99399408284,0.966850953955,00:00:03,10,40,5,1234218129,threshold_sweep,0.6,1,0.315384615385,0.479532163743,41,0,89,260,0.315384615385,1,0,0.684615384615,1,0.315384615385,0.479532163743,0.771794871795,0.631623931624,0.380510440835,0.484723653288,0.315384615385,216,86,130,0,216,0,86,0,130,37,216,0.162162162162,1.32432432432,11.6756756757,21.6,6,8.1990990496,0.702237650082,0.31006006006,10.329336629,1.76937710775,0.765265265265,3.0868314707,0.528762798222,0.252752752753,0.579945114934,0.437917739848,2,1.32432432432,0.579945114934,2,0.0121701261701,0.00597269624573,7,0.000900900900901,0.621196581197,37,37,37,1,0,0.72972972973,0.243243243243,0.027027027027,37,0.0645645645646,1.32432432432,4.64864864865,8.6,2.60606060606,3.67586887851,0.790739235494,0.400691389063,4.16369263231,1.7913561325,0.779384035198,1.5465742439,0.665386593305,0.366436203646,0.579945114934,0.437917739848,2,1.33333333333,0.585540043769,2,0.0115207373272,0.0107719928187,2,0.0002574002574,0.145452339867,37,36,36,0.972972972973,0,0.702702702703,0.189189189189,0.0810810810811,37,127,0.0953453453453,1.32432432432,6.86486486486,12.7,3.62857142857,5.47297482668,0.797244364516,0.38008086827,6.28287151504,1.83044288233,0.779740370292,1.80340019193,0.525400055917,0.294105128751,0.579945114934,0.437917739848,2,1.33333333333,0.585540043769,2,0.0135651093546,0.0140186915888,6,0.000772200772201,0.235111040926,37,36,36,0.972972972973,0,0.702702702703,0.243243243243,0.027027027027,-89,-0.0668168168168,0,-4.81081081081,-8.9,-2.37142857143,-2.72612422293,0.0950067144343,0.0700208082098,-4.04646511396,0.0610657745886,0.0144751050263,-1.28343127877,-0.0033627423059,0.041352375998,0,0,0,0.00900900900901,0.00559492883467,0,0.00139498318446,0.00804599534305,-1,-0.0001287001287,-0.38608554027,-0.027027027027,0,0,127,0,89,1116,0.587962962963,1,0,0.412037037037,1,0.587962962963,0.740524781341,0.737927267985,0.587962962963,0.587962962963,41,130,0,0,0,0
1393,WLNM_dir_neg,0.99399408284,0.966850953955,00:00:03,10,40,5,1234218129,threshold_sweep,0.7,1,0.292307692308,0.452380952381,38,0,92,260,0.292307692308,1,0,0.707692307692,1,0.292307692308,0.452380952381,0.764102564103,0.634188034188,0.355140186916,0.464660188642,0.292307692308,216,86,130,0,216,0,86,0,130,37,216,0.162162162162,1.32432432432,11.6756756757,21.6,6,8.1990990496,0.702237650082,0.31006006006,10.329336629,1.76937710775,0.765265265265,3.0868314707,0.528762798222,0.252752752753,0.579945114934,0.437917739848,2,1.32432432432,0.579945114934,2,0.0121701261701,0.00597269624573,7,0.000900900900901,0.621196581197,37,37,37,1,0,0.72972972973,0.243243243243,0.027027027027,37,0.0645645645646,1.32432432432,4.64864864865,8.6,2.60606060606,3.67586887851,0.790739235494,0.400691389063,4.16369263231,1.7913561325,0.779384035198,1.5465742439,0.665386593305,0.366436203646,0.579945114934,0.437917739848,2,1.33333333333,0.585540043769,2,0.0115207373272,0.0107719928187,2,0.0002574002574,0.145452339867,37,36,36,0.972972972973,0,0.702702702703,0.189189189189,0.0810810810811,37,124,0.0930930930931,1.32432432432,6.7027027027,12.4,3.54285714286,5.24862344316,0.783060755632,0.386442894507,6.01025150248,1.79338149671,0.775065387969,1.84415316633,0.550271509309,0.308631211857,0.579945114934,0.437917739848,2,1.33333333333,0.585540043769,2,0.0139868533226,0.0149625935162,6,0.000772200772201,0.236338972415,37,36,36,0.972972972973,0,0.702702702703,0.243243243243,0.027027027027,-92,-0.0690690690691,0,-4.97297297297,-9.2,-2.45714285714,-2.95047560645,0.0808231055503,0.0763828344474,-4.31908512651,0.0240043889639,0.00980012270335,-1.24267830437,0.021508711087,0.0558784591043,0,0,0,0.00900900900901,0.00559492883467,0,0.00181672715244,0.00898989727048,-1,-0.0001287001287,-0.384857608782,-0.027027027027,0,0,124,0,92,1116,0.574074074074,1,0,0.425925925926,1,0.574074074074,0.729411764706,0.728253527889,0.574074074074,0.574074074074,38,130,0,0,0,0
1394,WLNM_dir_neg,0.99399408284,0.966850953955,00:00:03,10,40,5,1234218129,threshold_sweep,0.8,1,0.207692307692,0.343949044586,27,0,103,260,0.207692307692,1,0,0.792307692308,1,0.207692307692,0.343949044586,0.735897435897,0.64358974359,0.258992805755,0.38569460792,0.207692307692,216,86,130,0,216,0,86,0,130,37,216,0.162162162162,1.32432432432,11.6756756757,21.6,6,8.1990990496,0.702237650082,0.31006006006,10.329336629,1.76937710775,0.765265265265,3.0868314707,0.528762798222,0.252752752753,0.579945114934,0.437917739848,2,1.32432432432,0.579945114934,2,0.0121701261701,0.00597269624573,7,0.000900900900901,0.621196581197,37,37,37,1,0,0.72972972973,0.243243243243,0.027027027027,37,0.0645645645646,1.32432432432,4.64864864865,8.6,2.60606060606,3.67586887851,0.790739235494,0.400691389063,4.16369263231,1.7913561325,0.779384035198,1.5465742439,0.665386593305,0.366436203646,0.579945114934,0.437917739848,2,1.33333333333,0.585540043769,2,0.0115207373272,0.0107719928187,2,0.0002574002574,0.145452339867,37,36,36,0.972972972973,0,0.702702702703,0.189189189189,0.0810810810811,37,113,0.0848348348348,1.32432432432,6.10810810811,11.3,3.22857142857,4.89775336129,0.801844576848,0.39416407558,5.51737631864,1.80657454681,0.774934226262,1.68235856176,0.55086076801,0.30662520928,0.579945114934,0.437917739848,2,1.33333333333,0.585540043769,2,0.0150929585712,0.017839444995,6,0.000772200772201,0.201582556922,37,36,36,0.972972972973,0,0.702702702703,0.243243243243,0.027027027027,-103,-0.0773273273273,0,-5.56756756757,-10.3,-2.77142857143,-3.30134568832,0.0996069267658,0.0841040155199,-4.81196031036,0.0371974390646,0.00966896099639,-1.40447290894,0.0220979697878,0.0538724565273,0,0,0,0.00900900900901,0.00559492883467,0,0.00292283240109,0.0118667487493,-1,-0.0001287001287,-0.419614024274,-0.027027027027,0,0,113,0,103,1116,0.523148148148,1,0,0.476851851852,1,0.523148148148,0.686930091185,0.692058155085,0.523148148148,0.523148148148,27,130,0,0,0,0
1395,WLNM_dir_neg,0.99399408284,0.966850953955,00:00:03,10,40,5,1234218129,threshold_sweep,0.9,1,0.207692307692,0.343949044586,27,0,103,260,0.207692307692,1,0,0.792307692308,1,0.207692307692,0.343949044586,0.735897435897,0.64358974359,0.258992805755,0.38569460792,0.207692307692,216,86,130,0,216,0,86,0,130,37,216,0.162162162162,1.32432432432,11.6756756757,21.6,6,8.1990990496,0.702237650082,0.31006006006,10.329336629,1.76937710775,0.765265265265,3.0868314707,0.528762798222,0.252752752753,0.579945114934,0.437917739848,2,1.32432432432,0.579945114934,2,0.0121701261701,0.00597269624573,7,0.000900900900901,0.621196581197,37,37,37,1,0,0.72972972973,0.243243243243,0.027027027027,37,0.0645645645646,1.32432432432,4.64864864865,8.6,2.60606060606,3.67586887851,0.790739235494,0.400691389063,4.16369263231,1.7913561325,0.779384035198,1.5465742439,0.665386593305,0.366436203646,0.579945114934,0.437917739848,2,1.33333333333,0.585540043769,2,0.0115207373272,0.0107719928187,2,0.0002574002574,0.145452339867,37,36,36,0.972972972973,0,0.702702702703,0.189189189189,0.0810810810811,37,113,0.0848348348348,1.32432432432,6.10810810811,11.3,3.22857142857,4.89775336129,0.801844576848,0.39416407558,5.51737631864,1.80657454681,0.774934226262,1.68235856176,0.55086076801,0.30662520928,0.579945114934,0.437917739848,2,1.33333333333,0.585540043769,2,0.0150929585712,0.017839444995,6,0.000772200772201,0.201582556922,37,36,36,0.972972972973,0,0.702702702703,0.243243243243,0.027027027027,-103,-0.0773273273273,0,-5.56756756757,-10.3,-2.77142857143,-3.30134568832,0.0996069267658,0.0841040155199,-4.81196031036,0.0371974390646,0.00966896099639,-1.40447290894,0.0220979697878,0.0538724565273,0,0,0,0.00900900900901,0.00559492883467,0,0.00292283240109,0.0118667487493,-1,-0.0001287001287,-0.419614024274,-0.027027027027,0,0,113,0,103,1116,0.523148148148,1,0,0.476851851852,1,0.523148148148,0.686930091185,0.692058155085,0.523148148148,0.523148148148,27,130,0,0,0,0
1396,WLNM_dir_neg,0.988579881657,0.945731132139,00:00:02,10,40,6,1234218130,threshold_sweep,0.1,1,0.184615384615,0.311688311688,24,0,106,260,0.184615384615,1,0,0.815384615385,1,0.184615384615,0.311688311688,0.728205128205,0.646153846154,0.231884057971,0.36214298417,0.184615384615,216,86,130,0,216,0,86,0,130,37,216,0.162162162162,1.32432432432,11.6756756757,21.6,6,8.1990990496,0.702237650082,0.31006006006,10.329336629,1.76937710775,0.765265265265,3.0868314707,0.528762798222,0.252752752753,0.579945114934,0.437917739848,2,1.32432432432,0.579945114934,2,0.0121701261701,0.00597269624573,7,0.000900900900901,0.621196581197,37,37,37,1,0,0.72972972973,0.243243243243,0.027027027027,37,0.0645645645646,1.32432432432,4.64864864865,8.6,3.07142857143,3.7059727784,0.797215074423,0.405719673162,4.31440773619,1.8561986772,0.791954745443,1.81129257183,0.779277036719,0.427404148334,0.579945114934,0.437917739848,2,1.34285714286,0.591252764842,2,0,0,0,0,0.170460474338,37,35,35,0.945945945946,0,0.675675675676,0.0810810810811,0.189189189189,37,110,0.0825825825826,1.33108108108,5.94594594595,11,3.33333333333,4.89867298327,0.823867729004,0.39312039312,5.61489332285,1.88864593587,0.790663390663,1.86318852279,0.626708866758,0.345945945946,0.601081357887,0.451573812016,2.25,1.35,0.61297250682,2.25,0.0185466914038,0.00922131147541,3,0.0003861003861,0.200828402706,37,35,35,0.945945945946,0,0.675675675676,0.216216216216,0.0540540540541,-106,-0.0795795795796,0.00675675675676,-5.72972972973,-10.6,-2.66666666667,-3.30042606634,0.121630078922,0.0830603330603,-4.71444330615,0.119268828124,0.0253981253981,-1.22364294791,0.0979460685356,0.0931931931932,0.0211362429521,0.0136560721679,0.25,0.0256756756757,0.0330273918859,0.25,0.00637656523371,0.00324861522968,-4,-0.000514800514801,-0.42036817849,-0.0540540540541,-0.027027027027,0.027027027027,110,0,106,1116,0.509259259259,1,0,0.490740740741,1,0.509259259259,0.674846625767,0.681971085039,0.509259259259,0.509259259259,24,130,0,0,0,0
1397,WLNM_dir_neg,0.988579881657,0.945731132139,00:00:02,10,40,6,1234218130,threshold_sweep,0.2,1,0.176923076923,0.300653594771,23,0,107,260,0.176923076923,1,0,0.823076923077,1,0.176923076923,0.300653594771,0.725641025641,0.647008547009,0.222760290557,0.354034743288,0.176923076923,216,86,130,0,216,0,86,0,130,37,216,0.162162162162,1.32432432432,11.6756756757,21.6,6,8.1990990496,0.702237650082,0.31006006006,10.329336629,1.76937710775,0.765265265265,3.0868314707,0.528762798222,0.252752752753,0.579945114934,0.437917739848,2,1.32432432432,0.579945114934,2,0.0121701261701,0.00597269624573,7,0.000900900900901,0.621196581197,37,37,37,1,0,0.72972972973,0.243243243243,0.027027027027,37,0.0645645645646,1.32432432432,4.64864864865,8.6,3.07142857143,3.7059727784,0.797215074423,0.405719673162,4.31440773619,1.8561986772,0.791954745443,1.81129257183,0.779277036719,0.427404148334,0.579945114934,0.437917739848,2,1.34285714286,0.591252764842,2,0,0,0,0,0.170460474338,37,35,35,0.945945945946,0,0.675675675676,0.0810810810811,0.189189189189,37,109,0.0818318318318,1.33108108108,5.89189189189,10.9,3.30303030303,4.81192837173,0.816703439238,0.39548723035,5.51233942042,1.87116108766,0.788990825688,1.87002593485,0.634779445773,0.350607488222,0.601081357887,0.451573812016,2.25,1.35,0.61297250682,2.25,0.0185466914038,0.00947368421053,3,0.0003861003861,0.20115368451,37,35,35,0.945945945946,0,0.675675675676,0.216216216216,0.0540540540541,-107,-0.0803303303303,0.00675675675676,-5.78378378378,-10.7,-2.69696969697,-3.38717067788,0.114465789157,0.0854271702896,-4.81699720858,0.101783979919,0.0237255604228,-1.21680553586,0.106016647551,0.0978547354694,0.0211362429521,0.0136560721679,0.25,0.0256756756757,0.0330273918859,0.25,0.00637656523371,0.00350098796479,-4,-0.000514800514801,-0.420042896687,-0.0540540540541,-0.027027027027,0.027027027027,109,0,107,1116,0.50462962963,1,0,0.49537037037,1,0.50462962963,0.670769230769,0.67858654182,0.50462962963,0.50462962963,23,130,0,0,0,0
1398,WLNM_dir_neg,0.988579881657,0.945731132139,00:00:02,10,40,6,1234218130,threshold_sweep,0.3,1,0.169230769231,0.289473684211,22,0,108,260,0.169230769231,1,0,0.830769230769,1,0.169230769231,0.289473684211,0.723076923077,0.647863247863,0.21359223301,0.345782037404,0.169230769231,216,86,130,0,216,0,86,0,130,37,216,0.162162162162,1.32432432432,11.6756756757,21.6,6,8.1990990496,0.702237650082,0.31006006006,10.329336629,1.76937710775,0.765265265265,3.0868314707,0.528762798222,0.252752752753,0.579945114934,0.437917739848,2,1.32432432432,0.579945114934,2,0.0121701261701,0.00597269624573,7,0.000900900900901,0.621196581197,37,37,37,1,0,0.72972972973,0.243243243243,0.027027027027,37,0.0645645645646,1.32432432432,4.64864864865,8.6,3.07142857143,3.7059727784,0.797215074423,0.405719673162,4.31440773619,1.8561986772,0.791954745443,1.81129257183,0.779277036719,0.427404148334,0.579945114934,0.437917739848,2,1.34285714286,0.591252764842,2,0,0,0,0,0.170460474338,37,35,35,0.945945945946,0,0.675675675676,0.0810810810811,0.189189189189,37,108,0.0810810810811,1.33108108108,5.83783783784,10.8,3.27272727273,4.72295525136,0.80902474213,0.396396396396,5.41283648366,1.85439768422,0.787287287287,1.86157607029,0.637762172228,0.352352352352,0.601081357887,0.451573812016,2.25,1.35,0.61297250682,2.25,0.0185466914038,0.00974025974026,3,0.0003861003861,0.200301393483,37,35,35,0.945945945946,0,0.675675675676,0.216216216216,0.0540540540541,-108,-0.0810810810811,0.00675675675676,-5.83783783784,-10.8,-2.72727272727,-3.47614379825,0.106787092048,0.0863363363363,-4.91650014534,0.0850205764702,0.022022022022,-1.22525540042,0.108999374006,0.0995995995996,0.0211362429521,0.0136560721679,0.25,0.0256756756757,0.0330273918859,0.25,0.00637656523371,0.00376756349453,-4,-0.000514800514801,-0.420895187713,-0.0540540540541,-0.027027027027,0.027027027027,108,0,108,1116,0.5,1,0,0.5,1,0.5,0.666666666667,0.675190604897,0.5,0.5,22,130,0,0,0,0
1399,WLNM_dir_neg,0.988579881657,0.945731132139,00:00:02,10,40,6,1234218130,threshold_sweep,0.4,1,0.161538461538,0.278145695364,21,0,109,260,0.161538461538,1,0,0.838461538462,1,0.161538461538,0.278145695364,0.720512820513,0.648717948718,0.204379562044,0.337373884898,0.161538461538,216,86,130,0,216,0,86,0,130,37,216,0.162162162162,1.32432432432,11.6756756757,21.6,6,8.1990990496,0.702237650082,0.31006006006,10.329336629,1.76937710775,0.765265265265,3.0868314707,0.528762798222,0.252752752753,0.579945114934,0.437917739848,2,1.32432432432,0.579945114934,2,0.0121701261701,0.00597269624573,7,0.000900900900901,0.621196581197,37,37,37,1,0,0.72972972973,0.243243243243,0.027027027027,37,0.0645645645646,1.32432432432,4.64864864865,8.6,3.07142857143,3.7059727784,0.797215074423,0.405719673162,4.31440773619,1.8561986772,0.791954745443,1.81129257183,0.779277036719,0.427404148334,0.579945114934,0.437917739848,2,1.34285714286,0.591252764842,2,0,0,0,0,0.170460474338,37,35,35,0.945945945946,0,0.675675675676,0.0810810810811,0.189189189189,37,107,0.0803303303303,1.33108108108,5.78378378378,10.7,3.24242424242,4.64360453345,0.802866204381,0.398585501389,5.31655581799,1.8384351894,0.785551907047,1.86761558892,0.645810998039,0.356655721142,0.601081357887,0.451573812016,2.25,1.35,0.61297250682,2.25,0.0185466914038,0.01,3,0.0003861003861,0.200720093946,37,35,35,0.945945945946,0,0.675675675676,0.216216216216,0.0540540540541,-109,-0.0818318318318,0.00675675675676,-5.89189189189,-10.9,-2.75757575758,-3.55549451616,0.100628554299,0.0885254413292,-5.01278081101,0.0690580816519,0.020286641782,-1.21921588178,0.117048199816,0.103902968389,0.0211362429521,0.0136560721679,0.25,0.0256756756757,0.0330273918859,0.25,0.00637656523371,0.00402730375427,-4,-0.000514800514801,-0.420476487251,-0.0540540540541,-0.027027027027,0.027027027027,107,0,109,1116,0.49537037037,1,0,0.50462962963,1,0.49537037037,0.66253869969,0.671783087765,0.49537037037,0.49537037037,21,130,0,0,0,0
1400,WLNM_dir_neg,0.988579881657,0.945731132139,00:00:02,10,40,6,1234218130,threshold_sweep,0.5,1,0.153846153846,0.266666666667,20,0,110,260,0.153846153846,1,0,0.846153846154,1,0.153846153846,0.266666666667,0.717948717949,0.649572649573,0.19512195122,0.328797974611,0.153846153846,216,86,130,0,216,0,86,0,130,37,216,0.162162162162,1.32432432432,11.6756756757,21.6,6,8.1990990496,0.702237650082,0.31006006006,10.329336629,1.76937710775,0.765265265265,3.0868314707,0.528762798222,0.252752752753,0.579945114934,0.437917739848,2,1.32432432432,0.579945114934,2,0.0121701261701,0.00597269624573,7,0.000900900900901,0.621196581197,37,37,37,1,0,0.72972972973,0.243243243243,0.027027027027,37,0.0645645645646,1.32432432432,4.64864864865,8.6,3.07142857143,3.7059727784,0.797215074423,0.405719673162,4.31440773619,1.8561986772,0.791954745443,1.81129257183,0.779277036719,0.427404148334,0.579945114934,0.437917739848,2,1.34285714286,0.591252764842,2,0,0,0,0,0.170460474338,37,35,35,0.945945945946,0,0.675675675676,0.0810810810811,0.189189189189,37,106,0.0795795795796,1.33108108108,5.72972972973,10.6,3.21212121212,4.56830049027,0.797297727075,0.400560938297,5.22367560122,1.82335846458,0.783783783784,1.87323490492,0.653865013981,0.360530341662,0.601081357887,0.451573812016,2.25,1.35,0.61297250682,2.25,0.0185466914038,0.0102622576967,3,0.0003861003861,0.201116521994,37,35,35,0.945945945946,0,0.675675675676,0.216216216216,0.0540540540541,-110,-0.0825825825826,0.00675675675676,-5.94594594595,-11,-2.78787878788,-3.63079855934,0.095060076993,0.0905008782367,-5.10566102778,0.0539813568317,0.0185185185185,-1.21359656578,0.125102215759,0.10777758891,0.0211362429521,0.0136560721679,0.25,0.0256756756757,0.0330273918859,0.25,0.00637656523371,0.00428956145096,-4,-0.000514800514801,-0.420080059202,-0.0540540540541,-0.027027027027,0.027027027027,106,0,110,1116,0.490740740741,1,0,0.509259259259,1,0.490740740741,0.658385093168,0.668363799566,0.490740740741,0.490740740741,20,130,0,0,0,0
1401,WLNM_dir_neg,0.988579881657,0.945731132139,00:00:02,10,40,6,1234218130,threshold_sweep,0.6,1,0.138461538462,0.243243243243,18,0,112,260,0.138461538462,1,0,0.861538461538,1,0.138461538462,0.243243243243,0.712820512821,0.651282051282,0.176470588235,0.311085508419,0.138461538462,216,86,130,0,216,0,86,0,130,37,216,0.162162162162,1.32432432432,11.6756756757,21.6,6,8.1990990496,0.702237650082,0.31006006006,10.329336629,1.76937710775,0.765265265265,3.0868314707,0.528762798222,0.252752752753,0.579945114934,0.437917739848,2,1.32432432432,0.579945114934,2,0.0121701261701,0.00597269624573,7,0.000900900900901,0.621196581197,37,37,37,1,0,0.72972972973,0.243243243243,0.027027027027,37,0.0645645645646,1.32432432432,4.64864864865,8.6,3.07142857143,3.7059727784,0.797215074423,0.405719673162,4.31440773619,1.8561986772,0.791954745443,1.81129257183,0.779277036719,0.427404148334,0.579945114934,0.437917739848,2,1.34285714286,0.591252764842,2,0,0,0,0,0.170460474338,37,35,35,0.945945945946,0,0.675675675676,0.0810810810811,0.189189189189,37,104,0.0780780780781,1.33108108108,5.62162162162,10.4,3.15151515152,4.41809003072,0.785910245849,0.401767151767,5.04886036557,1.79622916852,0.780145530146,1.85349276649,0.659415695771,0.362785862786,0.601081357887,0.451573812016,2.25,1.35,0.61297250682,2.25,0.0185466914038,0.0108173076923,3,0.0003861003861,0.198224515958,37,35,35,0.945945945946,0,0.675675675676,0.216216216216,0.0540540540541,-112,-0.0840840840841,0.00675675675676,-6.05405405405,-11.2,-2.84848484848,-3.78100901889,0.0836725957668,0.0917070917071,-5.28047626343,0.0268520607736,0.0148802648803,-1.23333870421,0.130652897548,0.110033110033,0.0211362429521,0.0136560721679,0.25,0.0256756756757,0.0330273918859,0.25,0.00637656523371,0.00484461144657,-4,-0.000514800514801,-0.422972065239,-0.0540540540541,-0.027027027027,0.027027027027,104,0,112,1116,0.481481481481,1,0,0.518518518519,1,0.481481481481,0.65,0.661489123887,0.481481481481,0.481481481481,18,130,0,0,0,0
1402,WLNM_dir_neg,0.988579881657,0.945731132139,00:00:02,10,40,6,1234218130,threshold_sweep,0.7,1,0.138461538462,0.243243243243,18,0,112,260,0.138461538462,1,0,0.861538461538,1,0.138461538462,0.243243243243,0.712820512821,0.651282051282,0.176470588235,0.311085508419,0.138461538462,216,86,130,0,216,0,86,0,130,37,216,0.162162162162,1.32432432432,11.6756756757,21.6,6,8.1990990496,0.702237650082,0.31006006006,10.329336629,1.76937710775,0.765265265265,3.0868314707,0.528762798222,0.252752752753,0.579945114934,0.437917739848,2,1.32432432432,0.579945114934,2,0.0121701261701,0.00597269624573,7,0.000900900900901,0.621196581197,37,37,37,1,0,0.72972972973,0.243243243243,0.027027027027,37,0.0645645645646,1.32432432432,4.64864864865,8.6,3.07142857143,3.7059727784,0.797215074423,0.405719673162,4.31440773619,1.8561986772,0.791954745443,1.81129257183,0.779277036719,0.427404148334,0.579945114934,0.437917739848,2,1.34285714286,0.591252764842,2,0,0,0,0,0.170460474338,37,35,35,0.945945945946,0,0.675675675676,0.0810810810811,0.189189189189,37,104,0.0780780780781,1.33108108108,5.62162162162,10.4,3.15151515152,4.41809003072,0.785910245849,0.401767151767,5.04886036557,1.79622916852,0.780145530146,1.85349276649,0.659415695771,0.362785862786,0.601081357887,0.451573812016,2.25,1.35,0.61297250682,2.25,0.0185466914038,0.0108173076923,3,0.0003861003861,0.198224515958,37,35,35,0.945945945946,0,0.675675675676,0.216216216216,0.0540540540541,-112,-0.0840840840841,0.00675675675676,-6.05405405405,-11.2,-2.84848484848,-3.78100901889,0.0836725957668,0.0917070917071,-5.28047626343,0.0268520607736,0.0148802648803,-1.23333870421,0.130652897548,0.110033110033,0.0211362429521,0.0136560721679,0.25,0.0256756756757,0.0330273918859,0.25,0.00637656523371,0.00484461144657,-4,-0.000514800514801,-0.422972065239,-0.0540540540541,-0.027027027027,0.027027027027,104,0,112,1116,0.481481481481,1,0,0.518518518519,1,0.481481481481,0.65,0.661489123887,0.481481481481,0.481481481481,18,130,0,0,0,0
1403,WLNM_dir_neg,0.988579881657,0.945731132139,00:00:02,10,40,6,1234218130,threshold_sweep,0.8,1,0.1,0.181818181818,13,0,117,260,0.1,1,0,0.9,1,0.1,0.181818181818,0.7,0.655555555556,0.129032258065,0.262612865719,0.1,216,86,130,0,216,0,86,0,130,37,216,0.162162162162,1.32432432432,11.6756756757,21.6,6,8.1990990496,0.702237650082,0.31006006006,10.329336629,1.76937710775,0.765265265265,3.0868314707,0.528762798222,0.252752752753,0.579945114934,0.437917739848,2,1.32432432432,0.579945114934,2,0.0121701261701,0.00597269624573,7,0.000900900900901,0.621196581197,37,37,37,1,0,0.72972972973,0.243243243243,0.027027027027,37,0.0645645645646,1.32432432432,4.64864864865,8.6,3.07142857143,3.7059727784,0.797215074423,0.405719673162,4.31440773619,1.8561986772,0.791954745443,1.81129257183,0.779277036719,0.427404148334,0.579945114934,0.437917739848,2,1.34285714286,0.591252764842,2,0,0,0,0,0.170460474338,37,35,35,0.945945945946,0,0.675675675676,0.0810810810811,0.189189189189,37,99,0.0743243243243,1.33108108108,5.35135135135,9.9,3.41379310345,4.12456203881,0.770751492101,0.391482391482,4.91626582577,1.83739227832,0.788424788425,1.95865676838,0.732023236669,0.40131040131,0.601081357887,0.451573812016,2.25,1.35,0.61297250682,2.25,0.0297711811998,0.0122116689281,3,0.0003861003861,0.203696692593,37,35,35,0.945945945946,0,0.675675675676,0.108108108108,0.162162162162,-117,-0.0878378378378,0.00675675675676,-6.32432432432,-11.7,-2.58620689655,-4.07453701079,0.0685138420194,0.0814223314223,-5.41307080323,0.0680151705741,0.0231595231595,-1.12817470232,0.203260438446,0.148557648558,0.0211362429521,0.0136560721679,0.25,0.0256756756757,0.0330273918859,0.25,0.0176010550296,0.00623897268235,-4,-0.000514800514801,-0.417499888603,-0.0540540540541,-0.135135135135,0.135135135135,99,0,117,1116,0.458333333333,1,0,0.541666666667,1,0.458333333333,0.628571428571,0.644082175773,0.458333333333,0.458333333333,13,130,0,0,0,0
1404,WLNM_dir_neg,0.988579881657,0.945731132139,00:00:02,10,40,6,1234218130,threshold_sweep,0.9,1,0.0923076923077,0.169014084507,12,0,118,260,0.0923076923077,1,0,0.907692307692,1,0.0923076923077,0.169014084507,0.697435897436,0.65641025641,0.119402985075,0.251976315339,0.0923076923077,216,86,130,0,216,0,86,0,130,37,216,0.162162162162,1.32432432432,11.6756756757,21.6,6,8.1990990496,0.702237650082,0.31006006006,10.329336629,1.76937710775,0.765265265265,3.0868314707,0.528762798222,0.252752752753,0.579945114934,0.437917739848,2,1.32432432432,0.579945114934,2,0.0121701261701,0.00597269624573,7,0.000900900900901,0.621196581197,37,37,37,1,0,0.72972972973,0.243243243243,0.027027027027,37,0.0645645645646,1.32432432432,4.64864864865,8.6,3.07142857143,3.7059727784,0.797215074423,0.405719673162,4.31440773619,1.8561986772,0.791954745443,1.81129257183,0.779277036719,0.427404148334,0.579945114934,0.437917739848,2,1.34285714286,0.591252764842,2,0,0,0,0,0.170460474338,37,35,35,0.945945945946,0,0.675675675676,0.0810810810811,0.189189189189,37,98,0.0735735735736,1.33108108108,5.2972972973,9.8,3.37931034483,4.06109498688,0.766635278136,0.391616105902,4.83744776725,1.8263833407,0.786541643685,1.94673824378,0.734993010406,0.402095973525,0.601081357887,0.451573812016,2.25,1.35,0.61297250682,2.25,0.0297711811998,0.0125348189415,3,0.0003861003861,0.202195058601,37,35,35,0.945945945946,0,0.675675675676,0.108108108108,0.162162162162,-118,-0.0885885885886,0.00675675675676,-6.37837837838,-11.8,-2.62068965517,-4.13800406272,0.0643976280544,0.0815560458418,-5.49188886175,0.0570062329522,0.0212763784192,-1.14009322693,0.206230212184,0.149343220772,0.0211362429521,0.0136560721679,0.25,0.0256756756757,0.0330273918859,0.25,0.0176010550296,0.00656212269577,-4,-0.000514800514801,-0.419001522595,-0.0540540540541,-0.135135135135,0.135135135135,98,0,118,1116,0.453703703704,1,0,0.546296296296,1,0.453703703704,0.624203821656,0.640561274683,0.453703703704,0.453703703704,12,130,0,0,0,0
1405,WLNM_dir_neg,0.988668639053,0.917061743234,00:00:02,10,40,7,1234218131,threshold_sweep,0.1,1,0.0230769230769,0.0451127819549,3,0,127,260,0.0230769230769,1,0,0.976923076923,1,0.0230769230769,0.0451127819549,0.674358974359,0.664102564103,0.030534351145,0.124514561273,0.0230769230769,216,86,130,0,216,0,86,0,130,37,216,0.162162162162,1.32432432432,11.6756756757,21.6,6,8.1990990496,0.702237650082,0.31006006006,10.329336629,1.76937710775,0.765265265265,3.0868314707,0.528762798222,0.252752752753,0.579945114934,0.437917739848,2,1.32432432432,0.579945114934,2,0.0121701261701,0.00597269624573,7,0.000900900900901,0.621196581197,37,37,37,1,0,0.72972972973,0.243243243243,0.027027027027,37,0.0645645645646,1.32432432432,4.64864864865,8.6,2.96551724138,3.51359436266,0.755831345457,0.390320553111,4.359243398,1.87548843867,0.791326209931,1.71681316614,0.738628920318,0.413576367065,0.579945114934,0.437917739848,2,1.33333333333,0.585540043769,2,0,0,0,0,0.146927783259,37,36,36,0.972972972973,0,0.702702702703,0.0810810810811,0.189189189189,37,89,0.0668168168168,1.32432432432,4.81081081081,8.9,3.06896551724,3.58885495386,0.745997939848,0.379593076222,4.35545290067,1.81069390253,0.781658062557,1.67430681277,0.696060135648,0.386881263286,0.579945114934,0.437917739848,2,1.33333333333,0.585540043769,2,0,0,0,0,0.169150005481,37,36,36,0.972972972973,0,0.702702702703,0.0810810810811,0.189189189189,-127,-0.0953453453453,0,-6.86486486486,-12.7,-2.93103448276,-4.61024409574,0.0437602897664,0.0695330161622,-5.97388372833,0.0413167947811,0.0163927972917,-1.41252465793,0.167297337425,0.134128510533,0,0,0,0.00900900900901,0.00559492883467,0,-0.0121701261701,-0.00597269624573,-7,-0.000900900900901,-0.452046575715,-0.027027027027,-0.162162162162,0.162162162162,89,0,127,1116,0.412037037037,1,0,0.587962962963,1,0.412037037037,0.583606557377,0.60822555131,0.412037037037,0.412037037037,3,130,0,0,0,0
1406,WLNM_dir_neg,0.988668639053,0.917061743234,00:00:02,10,40,7,1234218131,threshold_sweep,0.2,1,0.0230769230769,0.0451127819549,3,0,127,260,0.0230769230769,1,0,0.976923076923,1,0.0230769230769,0.0451127819549,0.674358974359,0.664102564103,0.030534351145,0.124514561273,0.0230769230769,216,86,130,0,216,0,86,0,130,37,216,0.162162162162,1.32432432432,11.6756756757,21.6,6,8.1990990496,0.702237650082,0.31006006006,10.329336629,1.76937710775,0.765265265265,3.0868314707,0.528762798222,0.252752752753,0.579945114934,0.437917739848,2,1.32432432432,0.579945114934,2,0.0121701261701,0.00597269624573,7,0.000900900900901,0.621196581197,37,37,37,1,0,0.72972972973,0.243243243243,0.027027027027,37,0.0645645645646,1.32432432432,4.64864864865,8.6,2.96551724138,3.51359436266,0.755831345457,0.390320553111,4.359243398,1.87548843867,0.791326209931,1.71681316614,0.738628920318,0.413576367065,0.579945114934,0.437917739848,2,1.33333333333,0.585540043769,2,0,0,0,0,0.146927783259,37,36,36,0.972972972973,0,0.702702702703,0.0810810810811,0.189189189189,37,89,0.0668168168168,1.32432432432,4.81081081081,8.9,3.06896551724,3.58885495386,0.745997939848,0.379593076222,4.35545290067,1.81069390253,0.781658062557,1.67430681277,0.696060135648,0.386881263286,0.579945114934,0.437917739848,2,1.33333333333,0.585540043769,2,0,0,0,0,0.169150005481,37,36,36,0.972972972973,0,0.702702702703,0.0810810810811,0.189189189189,-127,-0.0953453453453,0,-6.86486486486,-12.7,-2.93103448276,-4.61024409574,0.0437602897664,0.0695330161622,-5.97388372833,0.0413167947811,0.0163927972917,-1.41252465793,0.167297337425,0.134128510533,0,0,0,0.00900900900901,0.00559492883467,0,-0.0121701261701,-0.00597269624573,-7,-0.000900900900901,-0.452046575715,-0.027027027027,-0.162162162162,0.162162162162,89,0,127,1116,0.412037037037,1,0,0.587962962963,1,0.412037037037,0.583606557377,0.60822555131,0.412037037037,0.412037037037,3,130,0,0,0,0
1407,WLNM_dir_neg,0.988668639053,0.917061743234,00:00:02,10,40,7,1234218131,threshold_sweep,0.3,1,0.0230769230769,0.0451127819549,3,0,127,260,0.0230769230769,1,0,0.976923076923,1,0.0230769230769,0.0451127819549,0.674358974359,0.664102564103,0.030534351145,0.124514561273,0.0230769230769,216,86,130,0,216,0,86,0,130,37,216,0.162162162162,1.32432432432,11.6756756757,21.6,6,8.1990990496,0.702237650082,0.31006006006,10.329336629,1.76937710775,0.765265265265,3.0868314707,0.528762798222,0.252752752753,0.579945114934,0.437917739848,2,1.32432432432,0.579945114934,2,0.0121701261701,0.00597269624573,7,0.000900900900901,0.621196581197,37,37,37,1,0,0.72972972973,0.243243243243,0.027027027027,37,0.0645645645646,1.32432432432,4.64864864865,8.6,2.96551724138,3.51359436266,0.755831345457,0.390320553111,4.359243398,1.87548843867,0.791326209931,1.71681316614,0.738628920318,0.413576367065,0.579945114934,0.437917739848,2,1.33333333333,0.585540043769,2,0,0,0,0,0.146927783259,37,36,36,0.972972972973,0,0.702702702703,0.0810810810811,0.189189189189,37,89,0.0668168168168,1.32432432432,4.81081081081,8.9,3.06896551724,3.58885495386,0.745997939848,0.379593076222,4.35545290067,1.81069390253,0.781658062557,1.67430681277,0.696060135648,0.386881263286,0.579945114934,0.437917739848,2,1.33333333333,0.585540043769,2,0,0,0,0,0.169150005481,37,36,36,0.972972972973,0,0.702702702703,0.0810810810811,0.189189189189,-127,-0.0953453453453,0,-6.86486486486,-12.7,-2.93103448276,-4.61024409574,0.0437602897664,0.0695330161622,-5.97388372833,0.0413167947811,0.0163927972917,-1.41252465793,0.167297337425,0.134128510533,0,0,0,0.00900900900901,0.00559492883467,0,-0.0121701261701,-0.00597269624573,-7,-0.000900900900901,-0.452046575715,-0.027027027027,-0.162162162162,0.162162162162,89,0,127,1116,0.412037037037,1,0,0.587962962963,1,0.412037037037,0.583606557377,0.60822555131,0.412037037037,0.412037037037,3,130,0,0,0,0
1408,WLNM_dir_neg,0.988668639053,0.917061743234,00:00:02,10,40,7,1234218131,threshold_sweep,0.4,1,0.0230769230769,0.0451127819549,3,0,127,260,0.0230769230769,1,0,0.976923076923,1,0.0230769230769,0.0451127819549,0.674358974359,0.664102564103,0.030534351145,0.124514561273,0.0230769230769,216,86,130,0,216,0,86,0,130,37,216,0.162162162162,1.32432432432,11.6756756757,21.6,6,8.1990990496,0.702237650082,0.31006006006,10.329336629,1.76937710775,0.765265265265,3.0868314707,0.528762798222,0.252752752753,0.579945114934,0.437917739848,2,1.32432432432,0.579945114934,2,0.0121701261701,0.00597269624573,7,0.000900900900901,0.621196581197,37,37,37,1,0,0.72972972973,0.243243243243,0.027027027027,37,0.0645645645646,1.32432432432,4.64864864865,8.6,2.96551724138,3.51359436266,0.755831345457,0.390320553111,4.359243398,1.87548843867,0.791326209931,1.71681316614,0.738628920318,0.413576367065,0.579945114934,0.437917739848,2,1.33333333333,0.585540043769,2,0,0,0,0,0.146927783259,37,36,36,0.972972972973,0,0.702702702703,0.0810810810811,0.189189189189,37,89,0.0668168168168,1.32432432432,4.81081081081,8.9,3.06896551724,3.58885495386,0.745997939848,0.379593076222,4.35545290067,1.81069390253,0.781658062557,1.67430681277,0.696060135648,0.386881263286,0.579945114934,0.437917739848,2,1.33333333333,0.585540043769,2,0,0,0,0,0.169150005481,37,36,36,0.972972972973,0,0.702702702703,0.0810810810811,0.189189189189,-127,-0.0953453453453,0,-6.86486486486,-12.7,-2.93103448276,-4.61024409574,0.0437602897664,0.0695330161622,-5.97388372833,0.0413167947811,0.0163927972917,-1.41252465793,0.167297337425,0.134128510533,0,0,0,0.00900900900901,0.00559492883467,0,-0.0121701261701,-0.00597269624573,-7,-0.000900900900901,-0.452046575715,-0.027027027027,-0.162162162162,0.162162162162,89,0,127,1116,0.412037037037,1,0,0.587962962963,1,0.412037037037,0.583606557377,0.60822555131,0.412037037037,0.412037037037,3,130,0,0,0,0
1409,WLNM_dir_neg,0.988668639053,0.917061743234,00:00:02,10,40,7,1234218131,threshold_sweep,0.5,1,0.0230769230769,0.0451127819549,3,0,127,260,0.0230769230769,1,0,0.976923076923,1,0.0230769230769,0.0451127819549,0.674358974359,0.664102564103,0.030534351145,0.124514561273,0.0230769230769,216,86,130,0,216,0,86,0,130,37,216,0.162162162162,1.32432432432,11.6756756757,21.6,6,8.1990990496,0.702237650082,0.31006006006,10.329336629,1.76937710775,0.765265265265,3.0868314707,0.528762798222,0.252752752753,0.579945114934,0.437917739848,2,1.32432432432,0.579945114934,2,0.0121701261701,0.00597269624573,7,0.000900900900901,0.621196581197,37,37,37,1,0,0.72972972973,0.243243243243,0.027027027027,37,0.0645645645646,1.32432432432,4.64864864865,8.6,2.96551724138,3.51359436266,0.755831345457,0.390320553111,4.359243398,1.87548843867,0.791326209931,1.71681316614,0.738628920318,0.413576367065,0.579945114934,0.437917739848,2,1.33333333333,0.585540043769,2,0,0,0,0,0.146927783259,37,36,36,0.972972972973,0,0.702702702703,0.0810810810811,0.189189189189,37,89,0.0668168168168,1.32432432432,4.81081081081,8.9,3.06896551724,3.58885495386,0.745997939848,0.379593076222,4.35545290067,1.81069390253,0.781658062557,1.67430681277,0.696060135648,0.386881263286,0.579945114934,0.437917739848,2,1.33333333333,0.585540043769,2,0,0,0,0,0.169150005481,37,36,36,0.972972972973,0,0.702702702703,0.0810810810811,0.189189189189,-127,-0.0953453453453,0,-6.86486486486,-12.7,-2.93103448276,-4.61024409574,0.0437602897664,0.0695330161622,-5.97388372833,0.0413167947811,0.0163927972917,-1.41252465793,0.167297337425,0.134128510533,0,0,0,0.00900900900901,0.00559492883467,0,-0.0121701261701,-0.00597269624573,-7,-0.000900900900901,-0.452046575715,-0.027027027027,-0.162162162162,0.162162162162,89,0,127,1116,0.412037037037,1,0,0.587962962963,1,0.412037037037,0.583606557377,0.60822555131,0.412037037037,0.412037037037,3,130,0,0,0,0
1410,WLNM_dir_neg,0.988668639053,0.917061743234,00:00:02,10,40,7,1234218131,threshold_sweep,0.6,1,0.0230769230769,0.0451127819549,3,0,127,260,0.0230769230769,1,0,0.976923076923,1,0.0230769230769,0.0451127819549,0.674358974359,0.664102564103,0.030534351145,0.124514561273,0.0230769230769,216,86,130,0,216,0,86,0,130,37,216,0.162162162162,1.32432432432,11.6756756757,21.6,6,8.1990990496,0.702237650082,0.31006006006,10.329336629,1.76937710775,0.765265265265,3.0868314707,0.528762798222,0.252752752753,0.579945114934,0.437917739848,2,1.32432432432,0.579945114934,2,0.0121701261701,0.00597269624573,7,0.000900900900901,0.621196581197,37,37,37,1,0,0.72972972973,0.243243243243,0.027027027027,37,0.0645645645646,1.32432432432,4.64864864865,8.6,2.96551724138,3.51359436266,0.755831345457,0.390320553111,4.359243398,1.87548843867,0.791326209931,1.71681316614,0.738628920318,0.413576367065,0.579945114934,0.437917739848,2,1.33333333333,0.585540043769,2,0,0,0,0,0.146927783259,37,36,36,0.972972972973,0,0.702702702703,0.0810810810811,0.189189189189,37,89,0.0668168168168,1.32432432432,4.81081081081,8.9,3.06896551724,3.58885495386,0.745997939848,0.379593076222,4.35545290067,1.81069390253,0.781658062557,1.67430681277,0.696060135648,0.386881263286,0.579945114934,0.437917739848,2,1.33333333333,0.585540043769,2,0,0,0,0,0.169150005481,37,36,36,0.972972972973,0,0.702702702703,0.0810810810811,0.189189189189,-127,-0.0953453453453,0,-6.86486486486,-12.7,-2.93103448276,-4.61024409574,0.0437602897664,0.0695330161622,-5.97388372833,0.0413167947811,0.0163927972917,-1.41252465793,0.167297337425,0.134128510533,0,0,0,0.00900900900901,0.00559492883467,0,-0.0121701261701,-0.00597269624573,-7,-0.000900900900901,-0.452046575715,-0.027027027027,-0.162162162162,0.162162162162,89,0,127,1116,0.412037037037,1,0,0.587962962963,1,0.412037037037,0.583606557377,0.60822555131,0.412037037037,0.412037037037,3,130,0,0,0,0
1411,WLNM_dir_neg,0.988668639053,0.917061743234,00:00:02,10,40,7,1234218131,threshold_sweep,0.7,1,0.0230769230769,0.0451127819549,3,0,127,260,0.0230769230769,1,0,0.976923076923,1,0.0230769230769,0.0451127819549,0.674358974359,0.664102564103,0.030534351145,0.124514561273,0.0230769230769,216,86,130,0,216,0,86,0,130,37,216,0.162162162162,1.32432432432,11.6756756757,21.6,6,8.1990990496,0.702237650082,0.31006006006,10.329336629,1.76937710775,0.765265265265,3.0868314707,0.528762798222,0.252752752753,0.579945114934,0.437917739848,2,1.32432432432,0.579945114934,2,0.0121701261701,0.00597269624573,7,0.000900900900901,0.621196581197,37,37,37,1,0,0.72972972973,0.243243243243,0.027027027027,37,0.0645645645646,1.32432432432,4.64864864865,8.6,2.96551724138,3.51359436266,0.755831345457,0.390320553111,4.359243398,1.87548843867,0.791326209931,1.71681316614,0.738628920318,0.413576367065,0.579945114934,0.437917739848,2,1.33333333333,0.585540043769,2,0,0,0,0,0.146927783259,37,36,36,0.972972972973,0,0.702702702703,0.0810810810811,0.189189189189,37,89,0.0668168168168,1.32432432432,4.81081081081,8.9,3.06896551724,3.58885495386,0.745997939848,0.379593076222,4.35545290067,1.81069390253,0.781658062557,1.67430681277,0.696060135648,0.386881263286,0.579945114934,0.437917739848,2,1.33333333333,0.585540043769,2,0,0,0,0,0.169150005481,37,36,36,0.972972972973,0,0.702702702703,0.0810810810811,0.189189189189,-127,-0.0953453453453,0,-6.86486486486,-12.7,-2.93103448276,-4.61024409574,0.0437602897664,0.0695330161622,-5.97388372833,0.0413167947811,0.0163927972917,-1.41252465793,0.167297337425,0.134128510533,0,0,0,0.00900900900901,0.00559492883467,0,-0.0121701261701,-0.00597269624573,-7,-0.000900900900901,-0.452046575715,-0.027027027027,-0.162162162162,0.162162162162,89,0,127,1116,0.412037037037,1,0,0.587962962963,1,0.412037037037,0.583606557377,0.60822555131,0.412037037037,0.412037037037,3,130,0,0,0,0
1412,WLNM_dir_neg,0.988668639053,0.917061743234,00:00:02,10,40,7,1234218131,threshold_sweep,0.8,1,0.0230769230769,0.0451127819549,3,0,127,260,0.0230769230769,1,0,0.976923076923,1,0.0230769230769,0.0451127819549,0.674358974359,0.664102564103,0.030534351145,0.124514561273,0.0230769230769,216,86,130,0,216,0,86,0,130,37,216,0.162162162162,1.32432432432,11.6756756757,21.6,6,8.1990990496,0.702237650082,0.31006006006,10.329336629,1.76937710775,0.765265265265,3.0868314707,0.528762798222,0.252752752753,0.579945114934,0.437917739848,2,1.32432432432,0.579945114934,2,0.0121701261701,0.00597269624573,7,0.000900900900901,0.621196581197,37,37,37,1,0,0.72972972973,0.243243243243,0.027027027027,37,0.0645645645646,1.32432432432,4.64864864865,8.6,2.96551724138,3.51359436266,0.755831345457,0.390320553111,4.359243398,1.87548843867,0.791326209931,1.71681316614,0.738628920318,0.413576367065,0.579945114934,0.437917739848,2,1.33333333333,0.585540043769,2,0,0,0,0,0.146927783259,37,36,36,0.972972972973,0,0.702702702703,0.0810810810811,0.189189189189,37,89,0.0668168168168,1.32432432432,4.81081081081,8.9,3.06896551724,3.58885495386,0.745997939848,0.379593076222,4.35545290067,1.81069390253,0.781658062557,1.67430681277,0.696060135648,0.386881263286,0.579945114934,0.437917739848,2,1.33333333333,0.585540043769,2,0,0,0,0,0.169150005481,37,36,36,0.972972972973,0,0.702702702703,0.0810810810811,0.189189189189,-127,-0.0953453453453,0,-6.86486486486,-12.7,-2.93103448276,-4.61024409574,0.0437602897664,0.0695330161622,-5.97388372833,0.0413167947811,0.0163927972917,-1.41252465793,0.167297337425,0.134128510533,0,0,0,0.00900900900901,0.00559492883467,0,-0.0121701261701,-0.00597269624573,-7,-0.000900900900901,-0.452046575715,-0.027027027027,-0.162162162162,0.162162162162,89,0,127,1116,0.412037037037,1,0,0.587962962963,1,0.412037037037,0.583606557377,0.60822555131,0.412037037037,0.412037037037,3,130,0,0,0,0
1413,WLNM_dir_neg,0.988668639053,0.917061743234,00:00:02,10,40,7,1234218131,threshold_sweep,0.9,1,0.0230769230769,0.0451127819549,3,0,127,260,0.0230769230769,1,0,0.976923076923,1,0.0230769230769,0.0451127819549,0.674358974359,0.664102564103,0.030534351145,0.124514561273,0.0230769230769,216,86,130,0,216,0,86,0,130,37,216,0.162162162162,1.32432432432,11.6756756757,21.6,6,8.1990990496,0.702237650082,0.31006006006,10.329336629,1.76937710775,0.765265265265,3.0868314707,0.528762798222,0.252752752753,0.579945114934,0.437917739848,2,1.32432432432,0.579945114934,2,0.0121701261701,0.00597269624573,7,0.000900900900901,0.621196581197,37,37,37,1,0,0.72972972973,0.243243243243,0.027027027027,37,0.0645645645646,1.32432432432,4.64864864865,8.6,2.96551724138,3.51359436266,0.755831345457,0.390320553111,4.359243398,1.87548843867,0.791326209931,1.71681316614,0.738628920318,0.413576367065,0.579945114934,0.437917739848,2,1.33333333333,0.585540043769,2,0,0,0,0,0.146927783259,37,36,36,0.972972972973,0,0.702702702703,0.0810810810811,0.189189189189,37,89,0.0668168168168,1.32432432432,4.81081081081,8.9,3.06896551724,3.58885495386,0.745997939848,0.379593076222,4.35545290067,1.81069390253,0.781658062557,1.67430681277,0.696060135648,0.386881263286,0.579945114934,0.437917739848,2,1.33333333333,0.585540043769,2,0,0,0,0,0.169150005481,37,36,36,0.972972972973,0,0.702702702703,0.0810810810811,0.189189189189,-127,-0.0953453453453,0,-6.86486486486,-12.7,-2.93103448276,-4.61024409574,0.0437602897664,0.0695330161622,-5.97388372833,0.0413167947811,0.0163927972917,-1.41252465793,0.167297337425,0.134128510533,0,0,0,0.00900900900901,0.00559492883467,0,-0.0121701261701,-0.00597269624573,-7,-0.000900900900901,-0.452046575715,-0.027027027027,-0.162162162162,0.162162162162,89,0,127,1116,0.412037037037,1,0,0.587962962963,1,0.412037037037,0.583606557377,0.60822555131,0.412037037037,0.412037037037,3,130,0,0,0,0
1414,WLNM_dir_neg,0.980828402367,0.850591937918,00:00:03,10,40,8,1234218132,threshold_sweep,0.1,0.952380952381,0.153846153846,0.264900662252,20,1,110,259,0.153846153846,0.996153846154,0.00384615384615,0.846153846154,0.952380952381,0.153846153846,0.264900662252,0.715384615385,0.648717948718,0.189781021898,0.313275750263,0.15,216,86,130,0,216,0,86,0,130,37,216,0.162162162162,1.32432432432,11.6756756757,21.6,6,8.1990990496,0.702237650082,0.31006006006,10.329336629,1.76937710775,0.765265265265,3.0868314707,0.528762798222,0.252752752753,0.579945114934,0.437917739848,2,1.32432432432,0.579945114934,2,0.0121701261701,0.00597269624573,7,0.000900900900901,0.621196581197,37,37,37,1,0,0.72972972973,0.243243243243,0.027027027027,37,0.0645645645646,1.32432432432,4.64864864865,8.6,2.77419354839,3.68341791921,0.79236315704,0.411062225016,4.13692084939,1.77983803985,0.775612822124,1.63391238127,0.70296230357,0.391577624136,0.579945114934,0.437917739848,2,1.35294117647,0.597081434027,2,0,0,0,0,0.153326020767,37,34,34,0.918918918919,0,0.648648648649,0.189189189189,0.0810810810811,37,107,0.0803303303303,1.33653007847,5.78378378378,10.7,3.24242424242,4.73248311105,0.818233061257,0.40060621369,5.38920620718,1.8635572866,0.782520838596,1.85268249639,0.640647218378,0.357666077292,0.617486192256,0.462006955328,2.29032258065,1.36622390892,0.636197868785,2.29032258065,0.0197050424323,0.00996677740864,3,0.0003861003861,0.198775667738,37,34,34,0.918918918919,0,0.648648648649,0.243243243243,0.027027027027,-109,-0.0818318318318,0.0122057541412,-5.89189189189,-10.9,-2.75757575758,-3.46661593855,0.115995411175,0.0905461536303,-4.94013042182,0.0941801788508,0.0172555733303,-1.23414897431,0.111884420156,0.104913324539,0.0375410773212,0.0240892154791,0.290322580645,0.0418995845941,0.0562527538505,0.290322580645,0.00753491626219,0.0039940811629,-4,-0.000514800514801,-0.422420913459,-0.0810810810811,0,0,106,1,110,1115,0.490740740741,0.999103942652,0.00089605734767,0.509259259259,0.990654205607,0.490740740741,0.656346749226,0.664289577289,0.489844683393,0.488479262673,21,130,0,0,0,0
1415,WLNM_dir_neg,0.980828402367,0.850591937918,00:00:03,10,40,8,1234218132,threshold_sweep,0.2,0.952380952381,0.153846153846,0.264900662252,20,1,110,259,0.153846153846,0.996153846154,0.00384615384615,0.846153846154,0.952380952381,0.153846153846,0.264900662252,0.715384615385,0.648717948718,0.189781021898,0.313275750263,0.15,216,86,130,0,216,0,86,0,130,37,216,0.162162162162,1.32432432432,11.6756756757,21.6,6,8.1990990496,0.702237650082,0.31006006006,10.329336629,1.76937710775,0.765265265265,3.0868314707,0.528762798222,0.252752752753,0.579945114934,0.437917739848,2,1.32432432432,0.579945114934,2,0.0121701261701,0.00597269624573,7,0.000900900900901,0.621196581197,37,37,37,1,0,0.72972972973,0.243243243243,0.027027027027,37,0.0645645645646,1.32432432432,4.64864864865,8.6,2.77419354839,3.68341791921,0.79236315704,0.411062225016,4.13692084939,1.77983803985,0.775612822124,1.63391238127,0.70296230357,0.391577624136,0.579945114934,0.437917739848,2,1.35294117647,0.597081434027,2,0,0,0,0,0.153326020767,37,34,34,0.918918918919,0,0.648648648649,0.189189189189,0.0810810810811,37,107,0.0803303303303,1.33653007847,5.78378378378,10.7,3.24242424242,4.73248311105,0.818233061257,0.40060621369,5.38920620718,1.8635572866,0.782520838596,1.85268249639,0.640647218378,0.357666077292,0.617486192256,0.462006955328,2.29032258065,1.36622390892,0.636197868785,2.29032258065,0.0197050424323,0.00996677740864,3,0.0003861003861,0.198775667738,37,34,34,0.918918918919,0,0.648648648649,0.243243243243,0.027027027027,-109,-0.0818318318318,0.0122057541412,-5.89189189189,-10.9,-2.75757575758,-3.46661593855,0.115995411175,0.0905461536303,-4.94013042182,0.0941801788508,0.0172555733303,-1.23414897431,0.111884420156,0.104913324539,0.0375410773212,0.0240892154791,0.290322580645,0.0418995845941,0.0562527538505,0.290322580645,0.00753491626219,0.0039940811629,-4,-0.000514800514801,-0.422420913459,-0.0810810810811,0,0,106,1,110,1115,0.490740740741,0.999103942652,0.00089605734767,0.509259259259,0.990654205607,0.490740740741,0.656346749226,0.664289577289,0.489844683393,0.488479262673,21,130,0,0,0,0
1416,WLNM_dir_neg,0.980828402367,0.850591937918,00:00:03,10,40,8,1234218132,threshold_sweep,0.3,0.952380952381,0.153846153846,0.264900662252,20,1,110,259,0.153846153846,0.996153846154,0.00384615384615,0.846153846154,0.952380952381,0.153846153846,0.264900662252,0.715384615385,0.648717948718,0.189781021898,0.313275750263,0.15,216,86,130,0,216,0,86,0,130,37,216,0.162162162162,1.32432432432,11.6756756757,21.6,6,8.1990990496,0.702237650082,0.31006006006,10.329336629,1.76937710775,0.765265265265,3.0868314707,0.528762798222,0.252752752753,0.579945114934,0.437917739848,2,1.32432432432,0.579945114934,2,0.0121701261701,0.00597269624573,7,0.000900900900901,0.621196581197,37,37,37,1,0,0.72972972973,0.243243243243,0.027027027027,37,0.0645645645646,1.32432432432,4.64864864865,8.6,2.77419354839,3.68341791921,0.79236315704,0.411062225016,4.13692084939,1.77983803985,0.775612822124,1.63391238127,0.70296230357,0.391577624136,0.579945114934,0.437917739848,2,1.35294117647,0.597081434027,2,0,0,0,0,0.153326020767,37,34,34,0.918918918919,0,0.648648648649,0.189189189189,0.0810810810811,37,107,0.0803303303303,1.33653007847,5.78378378378,10.7,3.24242424242,4.73248311105,0.818233061257,0.40060621369,5.38920620718,1.8635572866,0.782520838596,1.85268249639,0.640647218378,0.357666077292,0.617486192256,0.462006955328,2.29032258065,1.36622390892,0.636197868785,2.29032258065,0.0197050424323,0.00996677740864,3,0.0003861003861,0.198775667738,37,34,34,0.918918918919,0,0.648648648649,0.243243243243,0.027027027027,-109,-0.0818318318318,0.0122057541412,-5.89189189189,-10.9,-2.75757575758,-3.46661593855,0.115995411175,0.0905461536303,-4.94013042182,0.0941801788508,0.0172555733303,-1.23414897431,0.111884420156,0.104913324539,0.0375410773212,0.0240892154791,0.290322580645,0.0418995845941,0.0562527538505,0.290322580645,0.00753491626219,0.0039940811629,-4,-0.000514800514801,-0.422420913459,-0.0810810810811,0,0,106,1,110,1115,0.490740740741,0.999103942652,0.00089605734767,0.509259259259,0.990654205607,0.490740740741,0.656346749226,0.664289577289,0.489844683393,0.488479262673,21,130,0,0,0,0
1417,WLNM_dir_neg,0.980828402367,0.850591937918,00:00:03,10,40,8,1234218132,threshold_sweep,0.4,0.952380952381,0.153846153846,0.264900662252,20,1,110,259,0.153846153846,0.996153846154,0.00384615384615,0.846153846154,0.952380952381,0.153846153846,0.264900662252,0.715384615385,0.648717948718,0.189781021898,0.313275750263,0.15,216,86,130,0,216,0,86,0,130,37,216,0.162162162162,1.32432432432,11.6756756757,21.6,6,8.1990990496,0.702237650082,0.31006006006,10.329336629,1.76937710775,0.765265265265,3.0868314707,0.528762798222,0.252752752753,0.579945114934,0.437917739848,2,1.32432432432,0.579945114934,2,0.0121701261701,0.00597269624573,7,0.000900900900901,0.621196581197,37,37,37,1,0,0.72972972973,0.243243243243,0.027027027027,37,0.0645645645646,1.32432432432,4.64864864865,8.6,2.77419354839,3.68341791921,0.79236315704,0.411062225016,4.13692084939,1.77983803985,0.775612822124,1.63391238127,0.70296230357,0.391577624136,0.579945114934,0.437917739848,2,1.35294117647,0.597081434027,2,0,0,0,0,0.153326020767,37,34,34,0.918918918919,0,0.648648648649,0.189189189189,0.0810810810811,37,107,0.0803303303303,1.33653007847,5.78378378378,10.7,3.24242424242,4.73248311105,0.818233061257,0.40060621369,5.38920620718,1.8635572866,0.782520838596,1.85268249639,0.640647218378,0.357666077292,0.617486192256,0.462006955328,2.29032258065,1.36622390892,0.636197868785,2.29032258065,0.0197050424323,0.00996677740864,3,0.0003861003861,0.198775667738,37,34,34,0.918918918919,0,0.648648648649,0.243243243243,0.027027027027,-109,-0.0818318318318,0.0122057541412,-5.89189189189,-10.9,-2.75757575758,-3.46661593855,0.115995411175,0.0905461536303,-4.94013042182,0.0941801788508,0.0172555733303,-1.23414897431,0.111884420156,0.104913324539,0.0375410773212,0.0240892154791,0.290322580645,0.0418995845941,0.0562527538505,0.290322580645,0.00753491626219,0.0039940811629,-4,-0.000514800514801,-0.422420913459,-0.0810810810811,0,0,106,1,110,1115,0.490740740741,0.999103942652,0.00089605734767,0.509259259259,0.990654205607,0.490740740741,0.656346749226,0.664289577289,0.489844683393,0.488479262673,21,130,0,0,0,0
1418,WLNM_dir_neg,0.980828402367,0.850591937918,00:00:03,10,40,8,1234218132,threshold_sweep,0.5,0.952380952381,0.153846153846,0.264900662252,20,1,110,259,0.153846153846,0.996153846154,0.00384615384615,0.846153846154,0.952380952381,0.153846153846,0.264900662252,0.715384615385,0.648717948718,0.189781021898,0.313275750263,0.15,216,86,130,0,216,0,86,0,130,37,216,0.162162162162,1.32432432432,11.6756756757,21.6,6,8.1990990496,0.702237650082,0.31006006006,10.329336629,1.76937710775,0.765265265265,3.0868314707,0.528762798222,0.252752752753,0.579945114934,0.437917739848,2,1.32432432432,0.579945114934,2,0.0121701261701,0.00597269624573,7,0.000900900900901,0.621196581197,37,37,37,1,0,0.72972972973,0.243243243243,0.027027027027,37,0.0645645645646,1.32432432432,4.64864864865,8.6,2.77419354839,3.68341791921,0.79236315704,0.411062225016,4.13692084939,1.77983803985,0.775612822124,1.63391238127,0.70296230357,0.391577624136,0.579945114934,0.437917739848,2,1.35294117647,0.597081434027,2,0,0,0,0,0.153326020767,37,34,34,0.918918918919,0,0.648648648649,0.189189189189,0.0810810810811,37,107,0.0803303303303,1.33653007847,5.78378378378,10.7,3.24242424242,4.73248311105,0.818233061257,0.40060621369,5.38920620718,1.8635572866,0.782520838596,1.85268249639,0.640647218378,0.357666077292,0.617486192256,0.462006955328,2.29032258065,1.36622390892,0.636197868785,2.29032258065,0.0197050424323,0.00996677740864,3,0.0003861003861,0.198775667738,37,34,34,0.918918918919,0,0.648648648649,0.243243243243,0.027027027027,-109,-0.0818318318318,0.0122057541412,-5.89189189189,-10.9,-2.75757575758,-3.46661593855,0.115995411175,0.0905461536303,-4.94013042182,0.0941801788508,0.0172555733303,-1.23414897431,0.111884420156,0.104913324539,0.0375410773212,0.0240892154791,0.290322580645,0.0418995845941,0.0562527538505,0.290322580645,0.00753491626219,0.0039940811629,-4,-0.000514800514801,-0.422420913459,-0.0810810810811,0,0,106,1,110,1115,0.490740740741,0.999103942652,0.00089605734767,0.509259259259,0.990654205607,0.490740740741,0.656346749226,0.664289577289,0.489844683393,0.488479262673,21,130,0,0,0,0
1419,WLNM_dir_neg,0.980828402367,0.850591937918,00:00:03,10,40,8,1234218132,threshold_sweep,0.6,0.952380952381,0.153846153846,0.264900662252,20,1,110,259,0.153846153846,0.996153846154,0.00384615384615,0.846153846154,0.952380952381,0.153846153846,0.264900662252,0.715384615385,0.648717948718,0.189781021898,0.313275750263,0.15,216,86,130,0,216,0,86,0,130,37,216,0.162162162162,1.32432432432,11.6756756757,21.6,6,8.1990990496,0.702237650082,0.31006006006,10.329336629,1.76937710775,0.765265265265,3.0868314707,0.528762798222,0.252752752753,0.579945114934,0.437917739848,2,1.32432432432,0.579945114934,2,0.0121701261701,0.00597269624573,7,0.000900900900901,0.621196581197,37,37,37,1,0,0.72972972973,0.243243243243,0.027027027027,37,0.0645645645646,1.32432432432,4.64864864865,8.6,2.77419354839,3.68341791921,0.79236315704,0.411062225016,4.13692084939,1.77983803985,0.775612822124,1.63391238127,0.70296230357,0.391577624136,0.579945114934,0.437917739848,2,1.35294117647,0.597081434027,2,0,0,0,0,0.153326020767,37,34,34,0.918918918919,0,0.648648648649,0.189189189189,0.0810810810811,37,107,0.0803303303303,1.33653007847,5.78378378378,10.7,3.24242424242,4.73248311105,0.818233061257,0.40060621369,5.38920620718,1.8635572866,0.782520838596,1.85268249639,0.640647218378,0.357666077292,0.617486192256,0.462006955328,2.29032258065,1.36622390892,0.636197868785,2.29032258065,0.0197050424323,0.00996677740864,3,0.0003861003861,0.198775667738,37,34,34,0.918918918919,0,0.648648648649,0.243243243243,0.027027027027,-109,-0.0818318318318,0.0122057541412,-5.89189189189,-10.9,-2.75757575758,-3.46661593855,0.115995411175,0.0905461536303,-4.94013042182,0.0941801788508,0.0172555733303,-1.23414897431,0.111884420156,0.104913324539,0.0375410773212,0.0240892154791,0.290322580645,0.0418995845941,0.0562527538505,0.290322580645,0.00753491626219,0.0039940811629,-4,-0.000514800514801,-0.422420913459,-0.0810810810811,0,0,106,1,110,1115,0.490740740741,0.999103942652,0.00089605734767,0.509259259259,0.990654205607,0.490740740741,0.656346749226,0.664289577289,0.489844683393,0.488479262673,21,130,0,0,0,0
1420,WLNM_dir_neg,0.980828402367,0.850591937918,00:00:03,10,40,8,1234218132,threshold_sweep,0.7,0.952380952381,0.153846153846,0.264900662252,20,1,110,259,0.153846153846,0.996153846154,0.00384615384615,0.846153846154,0.952380952381,0.153846153846,0.264900662252,0.715384615385,0.648717948718,0.189781021898,0.313275750263,0.15,216,86,130,0,216,0,86,0,130,37,216,0.162162162162,1.32432432432,11.6756756757,21.6,6,8.1990990496,0.702237650082,0.31006006006,10.329336629,1.76937710775,0.765265265265,3.0868314707,0.528762798222,0.252752752753,0.579945114934,0.437917739848,2,1.32432432432,0.579945114934,2,0.0121701261701,0.00597269624573,7,0.000900900900901,0.621196581197,37,37,37,1,0,0.72972972973,0.243243243243,0.027027027027,37,0.0645645645646,1.32432432432,4.64864864865,8.6,2.77419354839,3.68341791921,0.79236315704,0.411062225016,4.13692084939,1.77983803985,0.775612822124,1.63391238127,0.70296230357,0.391577624136,0.579945114934,0.437917739848,2,1.35294117647,0.597081434027,2,0,0,0,0,0.153326020767,37,34,34,0.918918918919,0,0.648648648649,0.189189189189,0.0810810810811,37,107,0.0803303303303,1.33653007847,5.78378378378,10.7,3.24242424242,4.73248311105,0.818233061257,0.40060621369,5.38920620718,1.8635572866,0.782520838596,1.85268249639,0.640647218378,0.357666077292,0.617486192256,0.462006955328,2.29032258065,1.36622390892,0.636197868785,2.29032258065,0.0197050424323,0.00996677740864,3,0.0003861003861,0.198775667738,37,34,34,0.918918918919,0,0.648648648649,0.243243243243,0.027027027027,-109,-0.0818318318318,0.0122057541412,-5.89189189189,-10.9,-2.75757575758,-3.46661593855,0.115995411175,0.0905461536303,-4.94013042182,0.0941801788508,0.0172555733303,-1.23414897431,0.111884420156,0.104913324539,0.0375410773212,0.0240892154791,0.290322580645,0.0418995845941,0.0562527538505,0.290322580645,0.00753491626219,0.0039940811629,-4,-0.000514800514801,-0.422420913459,-0.0810810810811,0,0,106,1,110,1115,0.490740740741,0.999103942652,0.00089605734767,0.509259259259,0.990654205607,0.490740740741,0.656346749226,0.664289577289,0.489844683393,0.488479262673,21,130,0,0,0,0
1421,WLNM_dir_neg,0.980828402367,0.850591937918,00:00:03,10,40,8,1234218132,threshold_sweep,0.8,0.952380952381,0.153846153846,0.264900662252,20,1,110,259,0.153846153846,0.996153846154,0.00384615384615,0.846153846154,0.952380952381,0.153846153846,0.264900662252,0.715384615385,0.648717948718,0.189781021898,0.313275750263,0.15,216,86,130,0,216,0,86,0,130,37,216,0.162162162162,1.32432432432,11.6756756757,21.6,6,8.1990990496,0.702237650082,0.31006006006,10.329336629,1.76937710775,0.765265265265,3.0868314707,0.528762798222,0.252752752753,0.579945114934,0.437917739848,2,1.32432432432,0.579945114934,2,0.0121701261701,0.00597269624573,7,0.000900900900901,0.621196581197,37,37,37,1,0,0.72972972973,0.243243243243,0.027027027027,37,0.0645645645646,1.32432432432,4.64864864865,8.6,2.77419354839,3.68341791921,0.79236315704,0.411062225016,4.13692084939,1.77983803985,0.775612822124,1.63391238127,0.70296230357,0.391577624136,0.579945114934,0.437917739848,2,1.35294117647,0.597081434027,2,0,0,0,0,0.153326020767,37,34,34,0.918918918919,0,0.648648648649,0.189189189189,0.0810810810811,37,107,0.0803303303303,1.33653007847,5.78378378378,10.7,3.24242424242,4.73248311105,0.818233061257,0.40060621369,5.38920620718,1.8635572866,0.782520838596,1.85268249639,0.640647218378,0.357666077292,0.617486192256,0.462006955328,2.29032258065,1.36622390892,0.636197868785,2.29032258065,0.0197050424323,0.00996677740864,3,0.0003861003861,0.198775667738,37,34,34,0.918918918919,0,0.648648648649,0.243243243243,0.027027027027,-109,-0.0818318318318,0.0122057541412,-5.89189189189,-10.9,-2.75757575758,-3.46661593855,0.115995411175,0.0905461536303,-4.94013042182,0.0941801788508,0.0172555733303,-1.23414897431,0.111884420156,0.104913324539,0.0375410773212,0.0240892154791,0.290322580645,0.0418995845941,0.0562527538505,0.290322580645,0.00753491626219,0.0039940811629,-4,-0.000514800514801,-0.422420913459,-0.0810810810811,0,0,106,1,110,1115,0.490740740741,0.999103942652,0.00089605734767,0.509259259259,0.990654205607,0.490740740741,0.656346749226,0.664289577289,0.489844683393,0.488479262673,21,130,0,0,0,0
1422,WLNM_dir_neg,0.980828402367,0.850591937918,00:00:03,10,40,8,1234218132,threshold_sweep,0.9,0.952380952381,0.153846153846,0.264900662252,20,1,110,259,0.153846153846,0.996153846154,0.00384615384615,0.846153846154,0.952380952381,0.153846153846,0.264900662252,0.715384615385,0.648717948718,0.189781021898,0.313275750263,0.15,216,86,130,0,216,0,86,0,130,37,216,0.162162162162,1.32432432432,11.6756756757,21.6,6,8.1990990496,0.702237650082,0.31006006006,10.329336629,1.76937710775,0.765265265265,3.0868314707,0.528762798222,0.252752752753,0.579945114934,0.437917739848,2,1.32432432432,0.579945114934,2,0.0121701261701,0.00597269624573,7,0.000900900900901,0.621196581197,37,37,37,1,0,0.72972972973,0.243243243243,0.027027027027,37,0.0645645645646,1.32432432432,4.64864864865,8.6,2.77419354839,3.68341791921,0.79236315704,0.411062225016,4.13692084939,1.77983803985,0.775612822124,1.63391238127,0.70296230357,0.391577624136,0.579945114934,0.437917739848,2,1.35294117647,0.597081434027,2,0,0,0,0,0.153326020767,37,34,34,0.918918918919,0,0.648648648649,0.189189189189,0.0810810810811,37,107,0.0803303303303,1.33653007847,5.78378378378,10.7,3.24242424242,4.73248311105,0.818233061257,0.40060621369,5.38920620718,1.8635572866,0.782520838596,1.85268249639,0.640647218378,0.357666077292,0.617486192256,0.462006955328,2.29032258065,1.36622390892,0.636197868785,2.29032258065,0.0197050424323,0.00996677740864,3,0.0003861003861,0.198775667738,37,34,34,0.918918918919,0,0.648648648649,0.243243243243,0.027027027027,-109,-0.0818318318318,0.0122057541412,-5.89189189189,-10.9,-2.75757575758,-3.46661593855,0.115995411175,0.0905461536303,-4.94013042182,0.0941801788508,0.0172555733303,-1.23414897431,0.111884420156,0.104913324539,0.0375410773212,0.0240892154791,0.290322580645,0.0418995845941,0.0562527538505,0.290322580645,0.00753491626219,0.0039940811629,-4,-0.000514800514801,-0.422420913459,-0.0810810810811,0,0,106,1,110,1115,0.490740740741,0.999103942652,0.00089605734767,0.509259259259,0.990654205607,0.490740740741,0.656346749226,0.664289577289,0.489844683393,0.488479262673,21,130,0,0,0,0
1423,WLNM_dir_neg,0.974201183432,0.945604605435,00:00:02,10,40,9,1234218133,threshold_sweep,0.1,1,0.292307692308,0.452380952381,38,0,92,260,0.292307692308,1,0,0.707692307692,1,0.292307692308,0.452380952381,0.764102564103,0.634188034188,0.355140186916,0.464660188642,0.292307692308,216,86,130,0,216,0,86,0,130,37,216,0.162162162162,1.32432432432,11.6756756757,21.6,6,8.1990990496,0.702237650082,0.31006006006,10.329336629,1.76937710775,0.765265265265,3.0868314707,0.528762798222,0.252752752753,0.579945114934,0.437917739848,2,1.32432432432,0.579945114934,2,0.0121701261701,0.00597269624573,7,0.000900900900901,0.621196581197,37,37,37,1,0,0.72972972973,0.243243243243,0.027027027027,37,0.0645645645646,1.32972972973,4.64864864865,8.6,2.6875,3.72839119472,0.802037640726,0.432432432432,4.06238882962,1.74777193832,0.771213073539,1.76468527339,0.759225059481,0.41231929604,0.59668755311,0.448728444412,2.2,1.3696969697,0.620727823046,2.2,0.0111646418098,0.0106382978723,2,0.0002574002574,0.173759905576,37,33,33,0.891891891892,0,0.621621621622,0.243243243243,0.027027027027,37,124,0.0930930930931,1.32432432432,6.7027027027,12.4,3.75757575758,5.64143827635,0.841666194455,0.41368788143,6.29469007364,1.87825429617,0.788578901482,2.17582955082,0.649239462746,0.362685265911,0.579945114934,0.437917739848,2,1.35294117647,0.597081434027,2,0.0149195249195,0.0140625,6,0.000772200772201,0.270300243928,37,34,34,0.918918918919,0,0.648648648649,0.243243243243,0.027027027027,-92,-0.0690690690691,0,-4.97297297297,-9.2,-2.24242424242,-2.55766077326,0.139428544373,0.10362782137,-4.03464655536,0.10887718842,0.0233136362169,-0.911001919881,0.120476664523,0.109932513158,0,0,0,0.0286168521463,0.0171363190921,0,0.0027493987494,0.00808980375427,-1,-0.0001287001287,-0.350896337268,-0.0810810810811,0,0,124,0,92,1116,0.574074074074,1,0,0.425925925926,1,0.574074074074,0.729411764706,0.728253527889,0.574074074074,0.574074074074,38,130,0,0,0,0
1424,WLNM_dir_neg,0.974201183432,0.945604605435,00:00:02,10,40,9,1234218133,threshold_sweep,0.2,1,0.292307692308,0.452380952381,38,0,92,260,0.292307692308,1,0,0.707692307692,1,0.292307692308,0.452380952381,0.764102564103,0.634188034188,0.355140186916,0.464660188642,0.292307692308,216,86,130,0,216,0,86,0,130,37,216,0.162162162162,1.32432432432,11.6756756757,21.6,6,8.1990990496,0.702237650082,0.31006006006,10.329336629,1.76937710775,0.765265265265,3.0868314707,0.528762798222,0.252752752753,0.579945114934,0.437917739848,2,1.32432432432,0.579945114934,2,0.0121701261701,0.00597269624573,7,0.000900900900901,0.621196581197,37,37,37,1,0,0.72972972973,0.243243243243,0.027027027027,37,0.0645645645646,1.32972972973,4.64864864865,8.6,2.6875,3.72839119472,0.802037640726,0.432432432432,4.06238882962,1.74777193832,0.771213073539,1.76468527339,0.759225059481,0.41231929604,0.59668755311,0.448728444412,2.2,1.3696969697,0.620727823046,2.2,0.0111646418098,0.0106382978723,2,0.0002574002574,0.173759905576,37,33,33,0.891891891892,0,0.621621621622,0.243243243243,0.027027027027,37,124,0.0930930930931,1.32432432432,6.7027027027,12.4,3.75757575758,5.64143827635,0.841666194455,0.41368788143,6.29469007364,1.87825429617,0.788578901482,2.17582955082,0.649239462746,0.362685265911,0.579945114934,0.437917739848,2,1.35294117647,0.597081434027,2,0.0149195249195,0.0140625,6,0.000772200772201,0.270300243928,37,34,34,0.918918918919,0,0.648648648649,0.243243243243,0.027027027027,-92,-0.0690690690691,0,-4.97297297297,-9.2,-2.24242424242,-2.55766077326,0.139428544373,0.10362782137,-4.03464655536,0.10887718842,0.0233136362169,-0.911001919881,0.120476664523,0.109932513158,0,0,0,0.0286168521463,0.0171363190921,0,0.0027493987494,0.00808980375427,-1,-0.0001287001287,-0.350896337268,-0.0810810810811,0,0,124,0,92,1116,0.574074074074,1,0,0.425925925926,1,0.574074074074,0.729411764706,0.728253527889,0.574074074074,0.574074074074,38,130,0,0,0,0
1425,WLNM_dir_neg,0.974201183432,0.945604605435,00:00:02,10,40,9,1234218133,threshold_sweep,0.3,1,0.292307692308,0.452380952381,38,0,92,260,0.292307692308,1,0,0.707692307692,1,0.292307692308,0.452380952381,0.764102564103,0.634188034188,0.355140186916,0.464660188642,0.292307692308,216,86,130,0,216,0,86,0,130,37,216,0.162162162162,1.32432432432,11.6756756757,21.6,6,8.1990990496,0.702237650082,0.31006006006,10.329336629,1.76937710775,0.765265265265,3.0868314707,0.528762798222,0.252752752753,0.579945114934,0.437917739848,2,1.32432432432,0.579945114934,2,0.0121701261701,0.00597269624573,7,0.000900900900901,0.621196581197,37,37,37,1,0,0.72972972973,0.243243243243,0.027027027027,37,0.0645645645646,1.32972972973,4.64864864865,8.6,2.6875,3.72839119472,0.802037640726,0.432432432432,4.06238882962,1.74777193832,0.771213073539,1.76468527339,0.759225059481,0.41231929604,0.59668755311,0.448728444412,2.2,1.3696969697,0.620727823046,2.2,0.0111646418098,0.0106382978723,2,0.0002574002574,0.173759905576,37,33,33,0.891891891892,0,0.621621621622,0.243243243243,0.027027027027,37,124,0.0930930930931,1.32432432432,6.7027027027,12.4,3.75757575758,5.64143827635,0.841666194455,0.41368788143,6.29469007364,1.87825429617,0.788578901482,2.17582955082,0.649239462746,0.362685265911,0.579945114934,0.437917739848,2,1.35294117647,0.597081434027,2,0.0149195249195,0.0140625,6,0.000772200772201,0.270300243928,37,34,34,0.918918918919,0,0.648648648649,0.243243243243,0.027027027027,-92,-0.0690690690691,0,-4.97297297297,-9.2,-2.24242424242,-2.55766077326,0.139428544373,0.10362782137,-4.03464655536,0.10887718842,0.0233136362169,-0.911001919881,0.120476664523,0.109932513158,0,0,0,0.0286168521463,0.0171363190921,0,0.0027493987494,0.00808980375427,-1,-0.0001287001287,-0.350896337268,-0.0810810810811,0,0,124,0,92,1116,0.574074074074,1,0,0.425925925926,1,0.574074074074,0.729411764706,0.728253527889,0.574074074074,0.574074074074,38,130,0,0,0,0
1426,WLNM_dir_neg,0.974201183432,0.945604605435,00:00:02,10,40,9,1234218133,threshold_sweep,0.4,1,0.292307692308,0.452380952381,38,0,92,260,0.292307692308,1,0,0.707692307692,1,0.292307692308,0.452380952381,0.764102564103,0.634188034188,0.355140186916,0.464660188642,0.292307692308,216,86,130,0,216,0,86,0,130,37,216,0.162162162162,1.32432432432,11.6756756757,21.6,6,8.1990990496,0.702237650082,0.31006006006,10.329336629,1.76937710775,0.765265265265,3.0868314707,0.528762798222,0.252752752753,0.579945114934,0.437917739848,2,1.32432432432,0.579945114934,2,0.0121701261701,0.00597269624573,7,0.000900900900901,0.621196581197,37,37,37,1,0,0.72972972973,0.243243243243,0.027027027027,37,0.0645645645646,1.32972972973,4.64864864865,8.6,2.6875,3.72839119472,0.802037640726,0.432432432432,4.06238882962,1.74777193832,0.771213073539,1.76468527339,0.759225059481,0.41231929604,0.59668755311,0.448728444412,2.2,1.3696969697,0.620727823046,2.2,0.0111646418098,0.0106382978723,2,0.0002574002574,0.173759905576,37,33,33,0.891891891892,0,0.621621621622,0.243243243243,0.027027027027,37,124,0.0930930930931,1.32432432432,6.7027027027,12.4,3.75757575758,5.64143827635,0.841666194455,0.41368788143,6.29469007364,1.87825429617,0.788578901482,2.17582955082,0.649239462746,0.362685265911,0.579945114934,0.437917739848,2,1.35294117647,0.597081434027,2,0.0149195249195,0.0140625,6,0.000772200772201,0.270300243928,37,34,34,0.918918918919,0,0.648648648649,0.243243243243,0.027027027027,-92,-0.0690690690691,0,-4.97297297297,-9.2,-2.24242424242,-2.55766077326,0.139428544373,0.10362782137,-4.03464655536,0.10887718842,0.0233136362169,-0.911001919881,0.120476664523,0.109932513158,0,0,0,0.0286168521463,0.0171363190921,0,0.0027493987494,0.00808980375427,-1,-0.0001287001287,-0.350896337268,-0.0810810810811,0,0,124,0,92,1116,0.574074074074,1,0,0.425925925926,1,0.574074074074,0.729411764706,0.728253527889,0.574074074074,0.574074074074,38,130,0,0,0,0
1427,WLNM_dir_neg,0.974201183432,0.945604605435,00:00:02,10,40,9,1234218133,threshold_sweep,0.5,1,0.292307692308,0.452380952381,38,0,92,260,0.292307692308,1,0,0.707692307692,1,0.292307692308,0.452380952381,0.764102564103,0.634188034188,0.355140186916,0.464660188642,0.292307692308,216,86,130,0,216,0,86,0,130,37,216,0.162162162162,1.32432432432,11.6756756757,21.6,6,8.1990990496,0.702237650082,0.31006006006,10.329336629,1.76937710775,0.765265265265,3.0868314707,0.528762798222,0.252752752753,0.579945114934,0.437917739848,2,1.32432432432,0.579945114934,2,0.0121701261701,0.00597269624573,7,0.000900900900901,0.621196581197,37,37,37,1,0,0.72972972973,0.243243243243,0.027027027027,37,0.0645645645646,1.32972972973,4.64864864865,8.6,2.6875,3.72839119472,0.802037640726,0.432432432432,4.06238882962,1.74777193832,0.771213073539,1.76468527339,0.759225059481,0.41231929604,0.59668755311,0.448728444412,2.2,1.3696969697,0.620727823046,2.2,0.0111646418098,0.0106382978723,2,0.0002574002574,0.173759905576,37,33,33,0.891891891892,0,0.621621621622,0.243243243243,0.027027027027,37,124,0.0930930930931,1.32432432432,6.7027027027,12.4,3.75757575758,5.64143827635,0.841666194455,0.41368788143,6.29469007364,1.87825429617,0.788578901482,2.17582955082,0.649239462746,0.362685265911,0.579945114934,0.437917739848,2,1.35294117647,0.597081434027,2,0.0149195249195,0.0140625,6,0.000772200772201,0.270300243928,37,34,34,0.918918918919,0,0.648648648649,0.243243243243,0.027027027027,-92,-0.0690690690691,0,-4.97297297297,-9.2,-2.24242424242,-2.55766077326,0.139428544373,0.10362782137,-4.03464655536,0.10887718842,0.0233136362169,-0.911001919881,0.120476664523,0.109932513158,0,0,0,0.0286168521463,0.0171363190921,0,0.0027493987494,0.00808980375427,-1,-0.0001287001287,-0.350896337268,-0.0810810810811,0,0,124,0,92,1116,0.574074074074,1,0,0.425925925926,1,0.574074074074,0.729411764706,0.728253527889,0.574074074074,0.574074074074,38,130,0,0,0,0
1428,WLNM_dir_neg,0.974201183432,0.945604605435,00:00:02,10,40,9,1234218133,threshold_sweep,0.6,1,0.292307692308,0.452380952381,38,0,92,260,0.292307692308,1,0,0.707692307692,1,0.292307692308,0.452380952381,0.764102564103,0.634188034188,0.355140186916,0.464660188642,0.292307692308,216,86,130,0,216,0,86,0,130,37,216,0.162162162162,1.32432432432,11.6756756757,21.6,6,8.1990990496,0.702237650082,0.31006006006,10.329336629,1.76937710775,0.765265265265,3.0868314707,0.528762798222,0.252752752753,0.579945114934,0.437917739848,2,1.32432432432,0.579945114934,2,0.0121701261701,0.00597269624573,7,0.000900900900901,0.621196581197,37,37,37,1,0,0.72972972973,0.243243243243,0.027027027027,37,0.0645645645646,1.32972972973,4.64864864865,8.6,2.6875,3.72839119472,0.802037640726,0.432432432432,4.06238882962,1.74777193832,0.771213073539,1.76468527339,0.759225059481,0.41231929604,0.59668755311,0.448728444412,2.2,1.3696969697,0.620727823046,2.2,0.0111646418098,0.0106382978723,2,0.0002574002574,0.173759905576,37,33,33,0.891891891892,0,0.621621621622,0.243243243243,0.027027027027,37,124,0.0930930930931,1.32432432432,6.7027027027,12.4,3.75757575758,5.64143827635,0.841666194455,0.41368788143,6.29469007364,1.87825429617,0.788578901482,2.17582955082,0.649239462746,0.362685265911,0.579945114934,0.437917739848,2,1.35294117647,0.597081434027,2,0.0149195249195,0.0140625,6,0.000772200772201,0.270300243928,37,34,34,0.918918918919,0,0.648648648649,0.243243243243,0.027027027027,-92,-0.0690690690691,0,-4.97297297297,-9.2,-2.24242424242,-2.55766077326,0.139428544373,0.10362782137,-4.03464655536,0.10887718842,0.0233136362169,-0.911001919881,0.120476664523,0.109932513158,0,0,0,0.0286168521463,0.0171363190921,0,0.0027493987494,0.00808980375427,-1,-0.0001287001287,-0.350896337268,-0.0810810810811,0,0,124,0,92,1116,0.574074074074,1,0,0.425925925926,1,0.574074074074,0.729411764706,0.728253527889,0.574074074074,0.574074074074,38,130,0,0,0,0
1429,WLNM_dir_neg,0.974201183432,0.945604605435,00:00:02,10,40,9,1234218133,threshold_sweep,0.7,1,0.292307692308,0.452380952381,38,0,92,260,0.292307692308,1,0,0.707692307692,1,0.292307692308,0.452380952381,0.764102564103,0.634188034188,0.355140186916,0.464660188642,0.292307692308,216,86,130,0,216,0,86,0,130,37,216,0.162162162162,1.32432432432,11.6756756757,21.6,6,8.1990990496,0.702237650082,0.31006006006,10.329336629,1.76937710775,0.765265265265,3.0868314707,0.528762798222,0.252752752753,0.579945114934,0.437917739848,2,1.32432432432,0.579945114934,2,0.0121701261701,0.00597269624573,7,0.000900900900901,0.621196581197,37,37,37,1,0,0.72972972973,0.243243243243,0.027027027027,37,0.0645645645646,1.32972972973,4.64864864865,8.6,2.6875,3.72839119472,0.802037640726,0.432432432432,4.06238882962,1.74777193832,0.771213073539,1.76468527339,0.759225059481,0.41231929604,0.59668755311,0.448728444412,2.2,1.3696969697,0.620727823046,2.2,0.0111646418098,0.0106382978723,2,0.0002574002574,0.173759905576,37,33,33,0.891891891892,0,0.621621621622,0.243243243243,0.027027027027,37,124,0.0930930930931,1.32432432432,6.7027027027,12.4,3.75757575758,5.64143827635,0.841666194455,0.41368788143,6.29469007364,1.87825429617,0.788578901482,2.17582955082,0.649239462746,0.362685265911,0.579945114934,0.437917739848,2,1.35294117647,0.597081434027,2,0.0149195249195,0.0140625,6,0.000772200772201,0.270300243928,37,34,34,0.918918918919,0,0.648648648649,0.243243243243,0.027027027027,-92,-0.0690690690691,0,-4.97297297297,-9.2,-2.24242424242,-2.55766077326,0.139428544373,0.10362782137,-4.03464655536,0.10887718842,0.0233136362169,-0.911001919881,0.120476664523,0.109932513158,0,0,0,0.0286168521463,0.0171363190921,0,0.0027493987494,0.00808980375427,-1,-0.0001287001287,-0.350896337268,-0.0810810810811,0,0,124,0,92,1116,0.574074074074,1,0,0.425925925926,1,0.574074074074,0.729411764706,0.728253527889,0.574074074074,0.574074074074,38,130,0,0,0,0
1430,WLNM_dir_neg,0.974201183432,0.945604605435,00:00:02,10,40,9,1234218133,threshold_sweep,0.8,1,0.292307692308,0.452380952381,38,0,92,260,0.292307692308,1,0,0.707692307692,1,0.292307692308,0.452380952381,0.764102564103,0.634188034188,0.355140186916,0.464660188642,0.292307692308,216,86,130,0,216,0,86,0,130,37,216,0.162162162162,1.32432432432,11.6756756757,21.6,6,8.1990990496,0.702237650082,0.31006006006,10.329336629,1.76937710775,0.765265265265,3.0868314707,0.528762798222,0.252752752753,0.579945114934,0.437917739848,2,1.32432432432,0.579945114934,2,0.0121701261701,0.00597269624573,7,0.000900900900901,0.621196581197,37,37,37,1,0,0.72972972973,0.243243243243,0.027027027027,37,0.0645645645646,1.32972972973,4.64864864865,8.6,2.6875,3.72839119472,0.802037640726,0.432432432432,4.06238882962,1.74777193832,0.771213073539,1.76468527339,0.759225059481,0.41231929604,0.59668755311,0.448728444412,2.2,1.3696969697,0.620727823046,2.2,0.0111646418098,0.0106382978723,2,0.0002574002574,0.173759905576,37,33,33,0.891891891892,0,0.621621621622,0.243243243243,0.027027027027,37,124,0.0930930930931,1.32432432432,6.7027027027,12.4,3.75757575758,5.64143827635,0.841666194455,0.41368788143,6.29469007364,1.87825429617,0.788578901482,2.17582955082,0.649239462746,0.362685265911,0.579945114934,0.437917739848,2,1.35294117647,0.597081434027,2,0.0149195249195,0.0140625,6,0.000772200772201,0.270300243928,37,34,34,0.918918918919,0,0.648648648649,0.243243243243,0.027027027027,-92,-0.0690690690691,0,-4.97297297297,-9.2,-2.24242424242,-2.55766077326,0.139428544373,0.10362782137,-4.03464655536,0.10887718842,0.0233136362169,-0.911001919881,0.120476664523,0.109932513158,0,0,0,0.0286168521463,0.0171363190921,0,0.0027493987494,0.00808980375427,-1,-0.0001287001287,-0.350896337268,-0.0810810810811,0,0,124,0,92,1116,0.574074074074,1,0,0.425925925926,1,0.574074074074,0.729411764706,0.728253527889,0.574074074074,0.574074074074,38,130,0,0,0,0
1431,WLNM_dir_neg,0.974201183432,0.945604605435,00:00:02,10,40,9,1234218133,threshold_sweep,0.9,1,0.292307692308,0.452380952381,38,0,92,260,0.292307692308,1,0,0.707692307692,1,0.292307692308,0.452380952381,0.764102564103,0.634188034188,0.355140186916,0.464660188642,0.292307692308,216,86,130,0,216,0,86,0,130,37,216,0.162162162162,1.32432432432,11.6756756757,21.6,6,8.1990990496,0.702237650082,0.31006006006,10.329336629,1.76937710775,0.765265265265,3.0868314707,0.528762798222,0.252752752753,0.579945114934,0.437917739848,2,1.32432432432,0.579945114934,2,0.0121701261701,0.00597269624573,7,0.000900900900901,0.621196581197,37,37,37,1,0,0.72972972973,0.243243243243,0.027027027027,37,0.0645645645646,1.32972972973,4.64864864865,8.6,2.6875,3.72839119472,0.802037640726,0.432432432432,4.06238882962,1.74777193832,0.771213073539,1.76468527339,0.759225059481,0.41231929604,0.59668755311,0.448728444412,2.2,1.3696969697,0.620727823046,2.2,0.0111646418098,0.0106382978723,2,0.0002574002574,0.173759905576,37,33,33,0.891891891892,0,0.621621621622,0.243243243243,0.027027027027,37,124,0.0930930930931,1.32432432432,6.7027027027,12.4,3.75757575758,5.64143827635,0.841666194455,0.41368788143,6.29469007364,1.87825429617,0.788578901482,2.17582955082,0.649239462746,0.362685265911,0.579945114934,0.437917739848,2,1.35294117647,0.597081434027,2,0.0149195249195,0.0140625,6,0.000772200772201,0.270300243928,37,34,34,0.918918918919,0,0.648648648649,0.243243243243,0.027027027027,-92,-0.0690690690691,0,-4.97297297297,-9.2,-2.24242424242,-2.55766077326,0.139428544373,0.10362782137,-4.03464655536,0.10887718842,0.0233136362169,-0.911001919881,0.120476664523,0.109932513158,0,0,0,0.0286168521463,0.0171363190921,0,0.0027493987494,0.00808980375427,-1,-0.0001287001287,-0.350896337268,-0.0810810810811,0,0,124,0,92,1116,0.574074074074,1,0,0.425925925926,1,0.574074074074,0.729411764706,0.728253527889,0.574074074074,0.574074074074,38,130,0,0,0,0
1432,WLNM_dir_neg,0.976908284024,0.646538255325,00:00:03,10,40,10,1234218134,threshold_sweep,0.1,0.923076923077,0.276923076923,0.426035502959,36,3,94,257,0.276923076923,0.988461538462,0.0115384615385,0.723076923077,0.923076923077,0.276923076923,0.426035502959,0.751282051282,0.633333333333,0.321678321678,0.417011691469,0.265384615385,216,86,130,0,216,0,86,0,130,37,216,0.162162162162,1.32432432432,11.6756756757,21.6,6,8.1990990496,0.702237650082,0.31006006006,10.329336629,1.76937710775,0.765265265265,3.0868314707,0.528762798222,0.252752752753,0.579945114934,0.437917739848,2,1.32432432432,0.579945114934,2,0.0121701261701,0.00597269624573,7,0.000900900900901,0.621196581197,37,37,37,1,0,0.72972972973,0.243243243243,0.027027027027,37,0.0645645645646,1.32432432432,4.64864864865,8.6,2.96551724138,3.52937054678,0.759225059481,0.364550597109,4.35286657818,1.87274492317,0.796983029541,1.5465742439,0.665386593305,0.365807668133,0.579945114934,0.437917739848,2,1.33333333333,0.585540043769,2,0.0307422969188,0.0111524163569,2,0.0002574002574,0.144762613357,37,36,36,0.972972972973,0,0.702702702703,0.0810810810811,0.189189189189,37,125,0.0938438438438,1.33310810811,6.75675675676,12.5,3.90625,5.71744603728,0.846182013517,0.385081081081,6.71793350895,1.98850831865,0.812972972973,2.12591616004,0.629271183372,0.350702702703,0.596666572687,0.44757553349,2.06888888889,1.34236111111,0.602432040047,2.06888888889,0.120110634464,0.052752293578,23,0.0029601029601,0.237709463052,37,36,36,0.972972972973,0,0.702702702703,0.162162162162,0.108108108108,-91,-0.0683183183183,0.00878378378378,-4.91891891892,-9.1,-2.09375,-2.48165301233,0.143944363435,0.075021021021,-3.61140312005,0.219131210903,0.0477077077077,-0.960915310664,0.100508385149,0.0979499499499,0.0167214577524,0.00965779364196,0.0688888888889,0.0180367867868,0.0224869251122,0.0688888888889,0.107940508293,0.0467795973322,16,0.0020592020592,-0.383487118145,-0.027027027027,-0.0810810810811,0.0810810810811,122,3,94,1113,0.564814814815,0.997311827957,0.00268817204301,0.435185185185,0.976,0.564814814815,0.715542521994,0.71053340572,0.562126642772,0.557077625571,39,130,0,0,0,0
1433,WLNM_dir_neg,0.976908284024,0.646538255325,00:00:03,10,40,10,1234218134,threshold_sweep,0.2,0.923076923077,0.276923076923,0.426035502959,36,3,94,257,0.276923076923,0.988461538462,0.0115384615385,0.723076923077,0.923076923077,0.276923076923,0.426035502959,0.751282051282,0.633333333333,0.321678321678,0.417011691469,0.265384615385,216,86,130,0,216,0,86,0,130,37,216,0.162162162162,1.32432432432,11.6756756757,21.6,6,8.1990990496,0.702237650082,0.31006006006,10.329336629,1.76937710775,0.765265265265,3.0868314707,0.528762798222,0.252752752753,0.579945114934,0.437917739848,2,1.32432432432,0.579945114934,2,0.0121701261701,0.00597269624573,7,0.000900900900901,0.621196581197,37,37,37,1,0,0.72972972973,0.243243243243,0.027027027027,37,0.0645645645646,1.32432432432,4.64864864865,8.6,2.96551724138,3.52937054678,0.759225059481,0.364550597109,4.35286657818,1.87274492317,0.796983029541,1.5465742439,0.665386593305,0.365807668133,0.579945114934,0.437917739848,2,1.33333333333,0.585540043769,2,0.0307422969188,0.0111524163569,2,0.0002574002574,0.144762613357,37,36,36,0.972972972973,0,0.702702702703,0.0810810810811,0.189189189189,37,125,0.0938438438438,1.33310810811,6.75675675676,12.5,3.90625,5.71744603728,0.846182013517,0.385081081081,6.71793350895,1.98850831865,0.812972972973,2.12591616004,0.629271183372,0.350702702703,0.596666572687,0.44757553349,2.06888888889,1.34236111111,0.602432040047,2.06888888889,0.120110634464,0.052752293578,23,0.0029601029601,0.237709463052,37,36,36,0.972972972973,0,0.702702702703,0.162162162162,0.108108108108,-91,-0.0683183183183,0.00878378378378,-4.91891891892,-9.1,-2.09375,-2.48165301233,0.143944363435,0.075021021021,-3.61140312005,0.219131210903,0.0477077077077,-0.960915310664,0.100508385149,0.0979499499499,0.0167214577524,0.00965779364196,0.0688888888889,0.0180367867868,0.0224869251122,0.0688888888889,0.107940508293,0.0467795973322,16,0.0020592020592,-0.383487118145,-0.027027027027,-0.0810810810811,0.0810810810811,122,3,94,1113,0.564814814815,0.997311827957,0.00268817204301,0.435185185185,0.976,0.564814814815,0.715542521994,0.71053340572,0.562126642772,0.557077625571,39,130,0,0,0,0
1434,WLNM_dir_neg,0.976908284024,0.646538255325,00:00:03,10,40,10,1234218134,threshold_sweep,0.3,0.923076923077,0.276923076923,0.426035502959,36,3,94,257,0.276923076923,0.988461538462,0.0115384615385,0.723076923077,0.923076923077,0.276923076923,0.426035502959,0.751282051282,0.633333333333,0.321678321678,0.417011691469,0.265384615385,216,86,130,0,216,0,86,0,130,37,216,0.162162162162,1.32432432432,11.6756756757,21.6,6,8.1990990496,0.702237650082,0.31006006006,10.329336629,1.76937710775,0.765265265265,3.0868314707,0.528762798222,0.252752752753,0.579945114934,0.437917739848,2,1.32432432432,0.579945114934,2,0.0121701261701,0.00597269624573,7,0.000900900900901,0.621196581197,37,37,37,1,0,0.72972972973,0.243243243243,0.027027027027,37,0.0645645645646,1.32432432432,4.64864864865,8.6,2.96551724138,3.52937054678,0.759225059481,0.364550597109,4.35286657818,1.87274492317,0.796983029541,1.5465742439,0.665386593305,0.365807668133,0.579945114934,0.437917739848,2,1.33333333333,0.585540043769,2,0.0307422969188,0.0111524163569,2,0.0002574002574,0.144762613357,37,36,36,0.972972972973,0,0.702702702703,0.0810810810811,0.189189189189,37,125,0.0938438438438,1.33310810811,6.75675675676,12.5,3.90625,5.71744603728,0.846182013517,0.385081081081,6.71793350895,1.98850831865,0.812972972973,2.12591616004,0.629271183372,0.350702702703,0.596666572687,0.44757553349,2.06888888889,1.34236111111,0.602432040047,2.06888888889,0.120110634464,0.052752293578,23,0.0029601029601,0.237709463052,37,36,36,0.972972972973,0,0.702702702703,0.162162162162,0.108108108108,-91,-0.0683183183183,0.00878378378378,-4.91891891892,-9.1,-2.09375,-2.48165301233,0.143944363435,0.075021021021,-3.61140312005,0.219131210903,0.0477077077077,-0.960915310664,0.100508385149,0.0979499499499,0.0167214577524,0.00965779364196,0.0688888888889,0.0180367867868,0.0224869251122,0.0688888888889,0.107940508293,0.0467795973322,16,0.0020592020592,-0.383487118145,-0.027027027027,-0.0810810810811,0.0810810810811,122,3,94,1113,0.564814814815,0.997311827957,0.00268817204301,0.435185185185,0.976,0.564814814815,0.715542521994,0.71053340572,0.562126642772,0.557077625571,39,130,0,0,0,0
1435,WLNM_dir_neg,0.976908284024,0.646538255325,00:00:03,10,40,10,1234218134,threshold_sweep,0.4,0.923076923077,0.276923076923,0.426035502959,36,3,94,257,0.276923076923,0.988461538462,0.0115384615385,0.723076923077,0.923076923077,0.276923076923,0.426035502959,0.751282051282,0.633333333333,0.321678321678,0.417011691469,0.265384615385,216,86,130,0,216,0,86,0,130,37,216,0.162162162162,1.32432432432,11.6756756757,21.6,6,8.1990990496,0.702237650082,0.31006006006,10.329336629,1.76937710775,0.765265265265,3.0868314707,0.528762798222,0.252752752753,0.579945114934,0.437917739848,2,1.32432432432,0.579945114934,2,0.0121701261701,0.00597269624573,7,0.000900900900901,0.621196581197,37,37,37,1,0,0.72972972973,0.243243243243,0.027027027027,37,0.0645645645646,1.32432432432,4.64864864865,8.6,2.96551724138,3.52937054678,0.759225059481,0.364550597109,4.35286657818,1.87274492317,0.796983029541,1.5465742439,0.665386593305,0.365807668133,0.579945114934,0.437917739848,2,1.33333333333,0.585540043769,2,0.0307422969188,0.0111524163569,2,0.0002574002574,0.144762613357,37,36,36,0.972972972973,0,0.702702702703,0.0810810810811,0.189189189189,37,125,0.0938438438438,1.33310810811,6.75675675676,12.5,3.90625,5.71744603728,0.846182013517,0.385081081081,6.71793350895,1.98850831865,0.812972972973,2.12591616004,0.629271183372,0.350702702703,0.596666572687,0.44757553349,2.06888888889,1.34236111111,0.602432040047,2.06888888889,0.120110634464,0.052752293578,23,0.0029601029601,0.237709463052,37,36,36,0.972972972973,0,0.702702702703,0.162162162162,0.108108108108,-91,-0.0683183183183,0.00878378378378,-4.91891891892,-9.1,-2.09375,-2.48165301233,0.143944363435,0.075021021021,-3.61140312005,0.219131210903,0.0477077077077,-0.960915310664,0.100508385149,0.0979499499499,0.0167214577524,0.00965779364196,0.0688888888889,0.0180367867868,0.0224869251122,0.0688888888889,0.107940508293,0.0467795973322,16,0.0020592020592,-0.383487118145,-0.027027027027,-0.0810810810811,0.0810810810811,122,3,94,1113,0.564814814815,0.997311827957,0.00268817204301,0.435185185185,0.976,0.564814814815,0.715542521994,0.71053340572,0.562126642772,0.557077625571,39,130,0,0,0,0
1436,WLNM_dir_neg,0.976908284024,0.646538255325,00:00:03,10,40,10,1234218134,threshold_sweep,0.5,0.923076923077,0.276923076923,0.426035502959,36,3,94,257,0.276923076923,0.988461538462,0.0115384615385,0.723076923077,0.923076923077,0.276923076923,0.426035502959,0.751282051282,0.633333333333,0.321678321678,0.417011691469,0.265384615385,216,86,130,0,216,0,86,0,130,37,216,0.162162162162,1.32432432432,11.6756756757,21.6,6,8.1990990496,0.702237650082,0.31006006006,10.329336629,1.76937710775,0.765265265265,3.0868314707,0.528762798222,0.252752752753,0.579945114934,0.437917739848,2,1.32432432432,0.579945114934,2,0.0121701261701,0.00597269624573,7,0.000900900900901,0.621196581197,37,37,37,1,0,0.72972972973,0.243243243243,0.027027027027,37,0.0645645645646,1.32432432432,4.64864864865,8.6,2.96551724138,3.52937054678,0.759225059481,0.364550597109,4.35286657818,1.87274492317,0.796983029541,1.5465742439,0.665386593305,0.365807668133,0.579945114934,0.437917739848,2,1.33333333333,0.585540043769,2,0.0307422969188,0.0111524163569,2,0.0002574002574,0.144762613357,37,36,36,0.972972972973,0,0.702702702703,0.0810810810811,0.189189189189,37,125,0.0938438438438,1.33310810811,6.75675675676,12.5,3.90625,5.71744603728,0.846182013517,0.385081081081,6.71793350895,1.98850831865,0.812972972973,2.12591616004,0.629271183372,0.350702702703,0.596666572687,0.44757553349,2.06888888889,1.34236111111,0.602432040047,2.06888888889,0.120110634464,0.052752293578,23,0.0029601029601,0.237709463052,37,36,36,0.972972972973,0,0.702702702703,0.162162162162,0.108108108108,-91,-0.0683183183183,0.00878378378378,-4.91891891892,-9.1,-2.09375,-2.48165301233,0.143944363435,0.075021021021,-3.61140312005,0.219131210903,0.0477077077077,-0.960915310664,0.100508385149,0.0979499499499,0.0167214577524,0.00965779364196,0.0688888888889,0.0180367867868,0.0224869251122,0.0688888888889,0.107940508293,0.0467795973322,16,0.0020592020592,-0.383487118145,-0.027027027027,-0.0810810810811,0.0810810810811,122,3,94,1113,0.564814814815,0.997311827957,0.00268817204301,0.435185185185,0.976,0.564814814815,0.715542521994,0.71053340572,0.562126642772,0.557077625571,39,130,0,0,0,0
1437,WLNM_dir_neg,0.976908284024,0.646538255325,00:00:03,10,40,10,1234218134,threshold_sweep,0.6,0.923076923077,0.276923076923,0.426035502959,36,3,94,257,0.276923076923,0.988461538462,0.0115384615385,0.723076923077,0.923076923077,0.276923076923,0.426035502959,0.751282051282,0.633333333333,0.321678321678,0.417011691469,0.265384615385,216,86,130,0,216,0,86,0,130,37,216,0.162162162162,1.32432432432,11.6756756757,21.6,6,8.1990990496,0.702237650082,0.31006006006,10.329336629,1.76937710775,0.765265265265,3.0868314707,0.528762798222,0.252752752753,0.579945114934,0.437917739848,2,1.32432432432,0.579945114934,2,0.0121701261701,0.00597269624573,7,0.000900900900901,0.621196581197,37,37,37,1,0,0.72972972973,0.243243243243,0.027027027027,37,0.0645645645646,1.32432432432,4.64864864865,8.6,2.96551724138,3.52937054678,0.759225059481,0.364550597109,4.35286657818,1.87274492317,0.796983029541,1.5465742439,0.665386593305,0.365807668133,0.579945114934,0.437917739848,2,1.33333333333,0.585540043769,2,0.0307422969188,0.0111524163569,2,0.0002574002574,0.144762613357,37,36,36,0.972972972973,0,0.702702702703,0.0810810810811,0.189189189189,37,125,0.0938438438438,1.33310810811,6.75675675676,12.5,3.90625,5.71744603728,0.846182013517,0.385081081081,6.71793350895,1.98850831865,0.812972972973,2.12591616004,0.629271183372,0.350702702703,0.596666572687,0.44757553349,2.06888888889,1.34236111111,0.602432040047,2.06888888889,0.120110634464,0.052752293578,23,0.0029601029601,0.237709463052,37,36,36,0.972972972973,0,0.702702702703,0.162162162162,0.108108108108,-91,-0.0683183183183,0.00878378378378,-4.91891891892,-9.1,-2.09375,-2.48165301233,0.143944363435,0.075021021021,-3.61140312005,0.219131210903,0.0477077077077,-0.960915310664,0.100508385149,0.0979499499499,0.0167214577524,0.00965779364196,0.0688888888889,0.0180367867868,0.0224869251122,0.0688888888889,0.107940508293,0.0467795973322,16,0.0020592020592,-0.383487118145,-0.027027027027,-0.0810810810811,0.0810810810811,122,3,94,1113,0.564814814815,0.997311827957,0.00268817204301,0.435185185185,0.976,0.564814814815,0.715542521994,0.71053340572,0.562126642772,0.557077625571,39,130,0,0,0,0
1438,WLNM_dir_neg,0.976908284024,0.646538255325,00:00:03,10,40,10,1234218134,threshold_sweep,0.7,0.972972972973,0.276923076923,0.431137724551,36,1,94,259,0.276923076923,0.996153846154,0.00384615384615,0.723076923077,0.972972972973,0.276923076923,0.431137724551,0.75641025641,0.635042735043,0.332552693208,0.43929386301,0.273076923077,216,86,130,0,216,0,86,0,130,37,216,0.162162162162,1.32432432432,11.6756756757,21.6,6,8.1990990496,0.702237650082,0.31006006006,10.329336629,1.76937710775,0.765265265265,3.0868314707,0.528762798222,0.252752752753,0.579945114934,0.437917739848,2,1.32432432432,0.579945114934,2,0.0121701261701,0.00597269624573,7,0.000900900900901,0.621196581197,37,37,37,1,0,0.72972972973,0.243243243243,0.027027027027,37,0.0645645645646,1.32432432432,4.64864864865,8.6,2.96551724138,3.52937054678,0.759225059481,0.364550597109,4.35286657818,1.87274492317,0.796983029541,1.5465742439,0.665386593305,0.365807668133,0.579945114934,0.437917739848,2,1.33333333333,0.585540043769,2,0.0307422969188,0.0111524163569,2,0.0002574002574,0.144762613357,37,36,36,0.972972972973,0,0.702702702703,0.0810810810811,0.189189189189,37,123,0.0923423423423,1.32794401544,6.64864864865,12.3,4.1,5.57881018884,0.839089337346,0.378598110305,6.62509561379,1.99291494073,0.812568666227,2.19916719154,0.661538098267,0.367391782026,0.587383626998,0.442325595181,2.03571428571,1.33705357143,0.593059096258,2.03571428571,0.0529790685505,0.0239043824701,10,0.001287001287,0.242957805734,37,36,36,0.972972972973,0,0.702702702703,0.108108108108,0.162162162162,-93,-0.0698198198198,0.00361969111969,-5.02702702703,-9.3,-1.9,-2.62028886076,0.136851687264,0.0685380502454,-3.70424101521,0.223537832989,0.0473034009619,-0.887664279166,0.132775300045,0.114639029273,0.00743851206332,0.00440785533212,0.0357142857143,0.0127292471042,0.0131139813237,0.0357142857143,0.0408089423804,0.0179316862244,3,0.0003861003861,-0.378238775462,-0.027027027027,-0.135135135135,0.135135135135,122,1,94,1115,0.564814814815,0.999103942652,0.00089605734767,0.435185185185,0.991869918699,0.564814814815,0.719764011799,0.717975801904,0.563918757467,0.562211981567,37,130,0,0,0,0
1439,WLNM_dir_neg,0.976908284024,0.646538255325,00:00:03,10,40,10,1234218134,threshold_sweep,0.8,0.972972972973,0.276923076923,0.431137724551,36,1,94,259,0.276923076923,0.996153846154,0.00384615384615,0.723076923077,0.972972972973,0.276923076923,0.431137724551,0.75641025641,0.635042735043,0.332552693208,0.43929386301,0.273076923077,216,86,130,0,216,0,86,0,130,37,216,0.162162162162,1.32432432432,11.6756756757,21.6,6,8.1990990496,0.702237650082,0.31006006006,10.329336629,1.76937710775,0.765265265265,3.0868314707,0.528762798222,0.252752752753,0.579945114934,0.437917739848,2,1.32432432432,0.579945114934,2,0.0121701261701,0.00597269624573,7,0.000900900900901,0.621196581197,37,37,37,1,0,0.72972972973,0.243243243243,0.027027027027,37,0.0645645645646,1.32432432432,4.64864864865,8.6,2.96551724138,3.52937054678,0.759225059481,0.364550597109,4.35286657818,1.87274492317,0.796983029541,1.5465742439,0.665386593305,0.365807668133,0.579945114934,0.437917739848,2,1.33333333333,0.585540043769,2,0.0307422969188,0.0111524163569,2,0.0002574002574,0.144762613357,37,36,36,0.972972972973,0,0.702702702703,0.0810810810811,0.189189189189,37,123,0.0923423423423,1.32794401544,6.64864864865,12.3,4.1,5.57881018884,0.839089337346,0.378598110305,6.62509561379,1.99291494073,0.812568666227,2.19916719154,0.661538098267,0.367391782026,0.587383626998,0.442325595181,2.03571428571,1.33705357143,0.593059096258,2.03571428571,0.0529790685505,0.0239043824701,10,0.001287001287,0.242957805734,37,36,36,0.972972972973,0,0.702702702703,0.108108108108,0.162162162162,-93,-0.0698198198198,0.00361969111969,-5.02702702703,-9.3,-1.9,-2.62028886076,0.136851687264,0.0685380502454,-3.70424101521,0.223537832989,0.0473034009619,-0.887664279166,0.132775300045,0.114639029273,0.00743851206332,0.00440785533212,0.0357142857143,0.0127292471042,0.0131139813237,0.0357142857143,0.0408089423804,0.0179316862244,3,0.0003861003861,-0.378238775462,-0.027027027027,-0.135135135135,0.135135135135,122,1,94,1115,0.564814814815,0.999103942652,0.00089605734767,0.435185185185,0.991869918699,0.564814814815,0.719764011799,0.717975801904,0.563918757467,0.562211981567,37,130,0,0,0,0
1440,WLNM_dir_neg,0.976908284024,0.646538255325,00:00:03,10,40,10,1234218134,threshold_sweep,0.9,0.972972972973,0.276923076923,0.431137724551,36,1,94,259,0.276923076923,0.996153846154,0.00384615384615,0.723076923077,0.972972972973,0.276923076923,0.431137724551,0.75641025641,0.635042735043,0.332552693208,0.43929386301,0.273076923077,216,86,130,0,216,0,86,0,130,37,216,0.162162162162,1.32432432432,11.6756756757,21.6,6,8.1990990496,0.702237650082,0.31006006006,10.329336629,1.76937710775,0.765265265265,3.0868314707,0.528762798222,0.252752752753,0.579945114934,0.437917739848,2,1.32432432432,0.579945114934,2,0.0121701261701,0.00597269624573,7,0.000900900900901,0.621196581197,37,37,37,1,0,0.72972972973,0.243243243243,0.027027027027,37,0.0645645645646,1.32432432432,4.64864864865,8.6,2.96551724138,3.52937054678,0.759225059481,0.364550597109,4.35286657818,1.87274492317,0.796983029541,1.5465742439,0.665386593305,0.365807668133,0.579945114934,0.437917739848,2,1.33333333333,0.585540043769,2,0.0307422969188,0.0111524163569,2,0.0002574002574,0.144762613357,37,36,36,0.972972972973,0,0.702702702703,0.0810810810811,0.189189189189,37,123,0.0923423423423,1.32794401544,6.64864864865,12.3,4.1,5.57881018884,0.839089337346,0.378598110305,6.62509561379,1.99291494073,0.812568666227,2.19916719154,0.661538098267,0.367391782026,0.587383626998,0.442325595181,2.03571428571,1.33705357143,0.593059096258,2.03571428571,0.0529790685505,0.0239043824701,10,0.001287001287,0.242957805734,37,36,36,0.972972972973,0,0.702702702703,0.108108108108,0.162162162162,-93,-0.0698198198198,0.00361969111969,-5.02702702703,-9.3,-1.9,-2.62028886076,0.136851687264,0.0685380502454,-3.70424101521,0.223537832989,0.0473034009619,-0.887664279166,0.132775300045,0.114639029273,0.00743851206332,0.00440785533212,0.0357142857143,0.0127292471042,0.0131139813237,0.0357142857143,0.0408089423804,0.0179316862244,3,0.0003861003861,-0.378238775462,-0.027027027027,-0.135135135135,0.135135135135,122,1,94,1115,0.564814814815,0.999103942652,0.00089605734767,0.435185185185,0.991869918699,0.564814814815,0.719764011799,0.717975801904,0.563918757467,0.562211981567,37,130,0,0,0,0
1441,WLNM_dir_neg,0.992840236686,0.915432851292,00:00:02,10,40,11,1234218135,threshold_sweep,0.1,0.95,0.146153846154,0.253333333333,19,1,111,259,0.146153846154,0.996153846154,0.00384615384615,0.853846153846,0.95,0.146153846154,0.253333333333,0.712820512821,0.649572649573,0.180487804878,0.304138126515,0.142307692308,216,86,130,0,216,0,86,0,130,37,216,0.162162162162,1.32432432432,11.6756756757,21.6,6,8.1990990496,0.702237650082,0.31006006006,10.329336629,1.76937710775,0.765265265265,3.0868314707,0.528762798222,0.252752752753,0.579945114934,0.437917739848,2,1.32432432432,0.579945114934,2,0.0121701261701,0.00597269624573,7,0.000900900900901,0.621196581197,37,37,37,1,0,0.72972972973,0.243243243243,0.027027027027,37,0.0645645645646,1.32432432432,4.64864864865,8.6,2.77419354839,3.75067561481,0.806831382257,0.414833438089,4.20353061957,1.80849573168,0.783783783784,1.78035661306,0.765967380038,0.413576367065,0.579945114934,0.437917739848,2,1.33333333333,0.585540043769,2,0,0,0,0,0.172334752164,37,36,36,0.972972972973,0,0.702702702703,0.135135135135,0.135135135135,37,106,0.0795795795796,1.32583160083,5.72972972973,10.6,3.41935483871,5.15131401062,0.89905008676,0.405915349312,5.69679326055,1.98850330793,0.804181540031,1.90266132565,0.664136500462,0.368179500255,0.58260988891,0.43942978018,2.00961538462,1.33488247863,0.588230248445,2.00961538462,0.0558826358826,0.0306435137896,10,0.001287001287,0.200647568073,37,36,36,0.972972972973,0,0.702702702703,0.135135135135,0.135135135135,-110,-0.0825825825826,0.00150727650728,-5.94594594595,-11,-2.58064516129,-3.04778503898,0.196812436678,0.0958552892515,-4.63254336845,0.219126200183,0.0389162747653,-1.18417014506,0.13537370224,0.115426747502,0.0026647739753,0.00151204033201,0.00961538461538,0.0105581543082,0.0082851335104,0.00961538461538,0.0437125097125,0.0246708175438,3,0.0003861003861,-0.420549013124,-0.027027027027,-0.108108108108,0.108108108108,105,1,111,1115,0.486111111111,0.999103942652,0.00089605734767,0.513888888889,0.990566037736,0.486111111111,0.652173913043,0.660838096406,0.485215053763,0.483870967742,20,130,0,0,0,0
1442,WLNM_dir_neg,0.992840236686,0.915432851292,00:00:02,10,40,11,1234218135,threshold_sweep,0.2,1,0.146153846154,0.255033557047,19,0,111,260,0.146153846154,1,0,0.853846153846,1,0.146153846154,0.255033557047,0.715384615385,0.650427350427,0.185819070905,0.320040428713,0.146153846154,216,86,130,0,216,0,86,0,130,37,216,0.162162162162,1.32432432432,11.6756756757,21.6,6,8.1990990496,0.702237650082,0.31006006006,10.329336629,1.76937710775,0.765265265265,3.0868314707,0.528762798222,0.252752752753,0.579945114934,0.437917739848,2,1.32432432432,0.579945114934,2,0.0121701261701,0.00597269624573,7,0.000900900900901,0.621196581197,37,37,37,1,0,0.72972972973,0.243243243243,0.027027027027,37,0.0645645645646,1.32432432432,4.64864864865,8.6,2.77419354839,3.75067561481,0.806831382257,0.414833438089,4.20353061957,1.80849573168,0.783783783784,1.78035661306,0.765967380038,0.413576367065,0.579945114934,0.437917739848,2,1.33333333333,0.585540043769,2,0,0,0,0,0.172334752164,37,36,36,0.972972972973,0,0.702702702703,0.135135135135,0.135135135135,37,105,0.0788288288288,1.32432432432,5.67567567568,10.5,3.38709677419,5.00585243076,0.881983523515,0.401287001287,5.58526590192,1.96814131782,0.802574002574,1.90778396042,0.67226672891,0.372715572716,0.579945114934,0.437917739848,2,1.33333333333,0.585540043769,2,0,0,0,0,0.201500784389,37,36,36,0.972972972973,0,0.702702702703,0.135135135135,0.135135135135,-111,-0.0833333333333,0,-6,-11.1,-2.61290322581,-3.19324661884,0.179745873433,0.0912269412269,-4.74407072708,0.198764210076,0.0373087373087,-1.17904751028,0.143503930688,0.119962819963,0,0,0,0.00900900900901,0.00559492883467,0,-0.0121701261701,-0.00597269624573,-7,-0.000900900900901,-0.419695796807,-0.027027027027,-0.108108108108,0.108108108108,105,0,111,1116,0.486111111111,1,0,0.513888888889,1,0.486111111111,0.654205607477,0.664932544942,0.486111111111,0.486111111111,19,130,0,0,0,0
1443,WLNM_dir_neg,0.992840236686,0.915432851292,00:00:02,10,40,11,1234218135,threshold_sweep,0.3,1,0.146153846154,0.255033557047,19,0,111,260,0.146153846154,1,0,0.853846153846,1,0.146153846154,0.255033557047,0.715384615385,0.650427350427,0.185819070905,0.320040428713,0.146153846154,216,86,130,0,216,0,86,0,130,37,216,0.162162162162,1.32432432432,11.6756756757,21.6,6,8.1990990496,0.702237650082,0.31006006006,10.329336629,1.76937710775,0.765265265265,3.0868314707,0.528762798222,0.252752752753,0.579945114934,0.437917739848,2,1.32432432432,0.579945114934,2,0.0121701261701,0.00597269624573,7,0.000900900900901,0.621196581197,37,37,37,1,0,0.72972972973,0.243243243243,0.027027027027,37,0.0645645645646,1.32432432432,4.64864864865,8.6,2.77419354839,3.75067561481,0.806831382257,0.414833438089,4.20353061957,1.80849573168,0.783783783784,1.78035661306,0.765967380038,0.413576367065,0.579945114934,0.437917739848,2,1.33333333333,0.585540043769,2,0,0,0,0,0.172334752164,37,36,36,0.972972972973,0,0.702702702703,0.135135135135,0.135135135135,37,105,0.0788288288288,1.32432432432,5.67567567568,10.5,3.38709677419,5.00585243076,0.881983523515,0.401287001287,5.58526590192,1.96814131782,0.802574002574,1.90778396042,0.67226672891,0.372715572716,0.579945114934,0.437917739848,2,1.33333333333,0.585540043769,2,0,0,0,0,0.201500784389,37,36,36,0.972972972973,0,0.702702702703,0.135135135135,0.135135135135,-111,-0.0833333333333,0,-6,-11.1,-2.61290322581,-3.19324661884,0.179745873433,0.0912269412269,-4.74407072708,0.198764210076,0.0373087373087,-1.17904751028,0.143503930688,0.119962819963,0,0,0,0.00900900900901,0.00559492883467,0,-0.0121701261701,-0.00597269624573,-7,-0.000900900900901,-0.419695796807,-0.027027027027,-0.108108108108,0.108108108108,105,0,111,1116,0.486111111111,1,0,0.513888888889,1,0.486111111111,0.654205607477,0.664932544942,0.486111111111,0.486111111111,19,130,0,0,0,0
1444,WLNM_dir_neg,0.992840236686,0.915432851292,00:00:02,10,40,11,1234218135,threshold_sweep,0.4,1,0.146153846154,0.255033557047,19,0,111,260,0.146153846154,1,0,0.853846153846,1,0.146153846154,0.255033557047,0.715384615385,0.650427350427,0.185819070905,0.320040428713,0.146153846154,216,86,130,0,216,0,86,0,130,37,216,0.162162162162,1.32432432432,11.6756756757,21.6,6,8.1990990496,0.702237650082,0.31006006006,10.329336629,1.76937710775,0.765265265265,3.0868314707,0.528762798222,0.252752752753,0.579945114934,0.437917739848,2,1.32432432432,0.579945114934,2,0.0121701261701,0.00597269624573,7,0.000900900900901,0.621196581197,37,37,37,1,0,0.72972972973,0.243243243243,0.027027027027,37,0.0645645645646,1.32432432432,4.64864864865,8.6,2.77419354839,3.75067561481,0.806831382257,0.414833438089,4.20353061957,1.80849573168,0.783783783784,1.78035661306,0.765967380038,0.413576367065,0.579945114934,0.437917739848,2,1.33333333333,0.585540043769,2,0,0,0,0,0.172334752164,37,36,36,0.972972972973,0,0.702702702703,0.135135135135,0.135135135135,37,105,0.0788288288288,1.32432432432,5.67567567568,10.5,3.38709677419,5.00585243076,0.881983523515,0.401287001287,5.58526590192,1.96814131782,0.802574002574,1.90778396042,0.67226672891,0.372715572716,0.579945114934,0.437917739848,2,1.33333333333,0.585540043769,2,0,0,0,0,0.201500784389,37,36,36,0.972972972973,0,0.702702702703,0.135135135135,0.135135135135,-111,-0.0833333333333,0,-6,-11.1,-2.61290322581,-3.19324661884,0.179745873433,0.0912269412269,-4.74407072708,0.198764210076,0.0373087373087,-1.17904751028,0.143503930688,0.119962819963,0,0,0,0.00900900900901,0.00559492883467,0,-0.0121701261701,-0.00597269624573,-7,-0.000900900900901,-0.419695796807,-0.027027027027,-0.108108108108,0.108108108108,105,0,111,1116,0.486111111111,1,0,0.513888888889,1,0.486111111111,0.654205607477,0.664932544942,0.486111111111,0.486111111111,19,130,0,0,0,0
1445,WLNM_dir_neg,0.992840236686,0.915432851292,00:00:02,10,40,11,1234218135,threshold_sweep,0.5,1,0.146153846154,0.255033557047,19,0,111,260,0.146153846154,1,0,0.853846153846,1,0.146153846154,0.255033557047,0.715384615385,0.650427350427,0.185819070905,0.320040428713,0.146153846154,216,86,130,0,216,0,86,0,130,37,216,0.162162162162,1.32432432432,11.6756756757,21.6,6,8.1990990496,0.702237650082,0.31006006006,10.329336629,1.76937710775,0.765265265265,3.0868314707,0.528762798222,0.252752752753,0.579945114934,0.437917739848,2,1.32432432432,0.579945114934,2,0.0121701261701,0.00597269624573,7,0.000900900900901,0.621196581197,37,37,37,1,0,0.72972972973,0.243243243243,0.027027027027,37,0.0645645645646,1.32432432432,4.64864864865,8.6,2.77419354839,3.75067561481,0.806831382257,0.414833438089,4.20353061957,1.80849573168,0.783783783784,1.78035661306,0.765967380038,0.413576367065,0.579945114934,0.437917739848,2,1.33333333333,0.585540043769,2,0,0,0,0,0.172334752164,37,36,36,0.972972972973,0,0.702702702703,0.135135135135,0.135135135135,37,105,0.0788288288288,1.32432432432,5.67567567568,10.5,3.38709677419,5.00585243076,0.881983523515,0.401287001287,5.58526590192,1.96814131782,0.802574002574,1.90778396042,0.67226672891,0.372715572716,0.579945114934,0.437917739848,2,1.33333333333,0.585540043769,2,0,0,0,0,0.201500784389,37,36,36,0.972972972973,0,0.702702702703,0.135135135135,0.135135135135,-111,-0.0833333333333,0,-6,-11.1,-2.61290322581,-3.19324661884,0.179745873433,0.0912269412269,-4.74407072708,0.198764210076,0.0373087373087,-1.17904751028,0.143503930688,0.119962819963,0,0,0,0.00900900900901,0.00559492883467,0,-0.0121701261701,-0.00597269624573,-7,-0.000900900900901,-0.419695796807,-0.027027027027,-0.108108108108,0.108108108108,105,0,111,1116,0.486111111111,1,0,0.513888888889,1,0.486111111111,0.654205607477,0.664932544942,0.486111111111,0.486111111111,19,130,0,0,0,0
1446,WLNM_dir_neg,0.992840236686,0.915432851292,00:00:02,10,40,11,1234218135,threshold_sweep,0.6,1,0.146153846154,0.255033557047,19,0,111,260,0.146153846154,1,0,0.853846153846,1,0.146153846154,0.255033557047,0.715384615385,0.650427350427,0.185819070905,0.320040428713,0.146153846154,216,86,130,0,216,0,86,0,130,37,216,0.162162162162,1.32432432432,11.6756756757,21.6,6,8.1990990496,0.702237650082,0.31006006006,10.329336629,1.76937710775,0.765265265265,3.0868314707,0.528762798222,0.252752752753,0.579945114934,0.437917739848,2,1.32432432432,0.579945114934,2,0.0121701261701,0.00597269624573,7,0.000900900900901,0.621196581197,37,37,37,1,0,0.72972972973,0.243243243243,0.027027027027,37,0.0645645645646,1.32432432432,4.64864864865,8.6,2.77419354839,3.75067561481,0.806831382257,0.414833438089,4.20353061957,1.80849573168,0.783783783784,1.78035661306,0.765967380038,0.413576367065,0.579945114934,0.437917739848,2,1.33333333333,0.585540043769,2,0,0,0,0,0.172334752164,37,36,36,0.972972972973,0,0.702702702703,0.135135135135,0.135135135135,37,105,0.0788288288288,1.32432432432,5.67567567568,10.5,3.38709677419,5.00585243076,0.881983523515,0.401287001287,5.58526590192,1.96814131782,0.802574002574,1.90778396042,0.67226672891,0.372715572716,0.579945114934,0.437917739848,2,1.33333333333,0.585540043769,2,0,0,0,0,0.201500784389,37,36,36,0.972972972973,0,0.702702702703,0.135135135135,0.135135135135,-111,-0.0833333333333,0,-6,-11.1,-2.61290322581,-3.19324661884,0.179745873433,0.0912269412269,-4.74407072708,0.198764210076,0.0373087373087,-1.17904751028,0.143503930688,0.119962819963,0,0,0,0.00900900900901,0.00559492883467,0,-0.0121701261701,-0.00597269624573,-7,-0.000900900900901,-0.419695796807,-0.027027027027,-0.108108108108,0.108108108108,105,0,111,1116,0.486111111111,1,0,0.513888888889,1,0.486111111111,0.654205607477,0.664932544942,0.486111111111,0.486111111111,19,130,0,0,0,0
1447,WLNM_dir_neg,0.992840236686,0.915432851292,00:00:02,10,40,11,1234218135,threshold_sweep,0.7,1,0.146153846154,0.255033557047,19,0,111,260,0.146153846154,1,0,0.853846153846,1,0.146153846154,0.255033557047,0.715384615385,0.650427350427,0.185819070905,0.320040428713,0.146153846154,216,86,130,0,216,0,86,0,130,37,216,0.162162162162,1.32432432432,11.6756756757,21.6,6,8.1990990496,0.702237650082,0.31006006006,10.329336629,1.76937710775,0.765265265265,3.0868314707,0.528762798222,0.252752752753,0.579945114934,0.437917739848,2,1.32432432432,0.579945114934,2,0.0121701261701,0.00597269624573,7,0.000900900900901,0.621196581197,37,37,37,1,0,0.72972972973,0.243243243243,0.027027027027,37,0.0645645645646,1.32432432432,4.64864864865,8.6,2.77419354839,3.75067561481,0.806831382257,0.414833438089,4.20353061957,1.80849573168,0.783783783784,1.78035661306,0.765967380038,0.413576367065,0.579945114934,0.437917739848,2,1.33333333333,0.585540043769,2,0,0,0,0,0.172334752164,37,36,36,0.972972972973,0,0.702702702703,0.135135135135,0.135135135135,37,105,0.0788288288288,1.32432432432,5.67567567568,10.5,3.38709677419,5.00585243076,0.881983523515,0.401287001287,5.58526590192,1.96814131782,0.802574002574,1.90778396042,0.67226672891,0.372715572716,0.579945114934,0.437917739848,2,1.33333333333,0.585540043769,2,0,0,0,0,0.201500784389,37,36,36,0.972972972973,0,0.702702702703,0.135135135135,0.135135135135,-111,-0.0833333333333,0,-6,-11.1,-2.61290322581,-3.19324661884,0.179745873433,0.0912269412269,-4.74407072708,0.198764210076,0.0373087373087,-1.17904751028,0.143503930688,0.119962819963,0,0,0,0.00900900900901,0.00559492883467,0,-0.0121701261701,-0.00597269624573,-7,-0.000900900900901,-0.419695796807,-0.027027027027,-0.108108108108,0.108108108108,105,0,111,1116,0.486111111111,1,0,0.513888888889,1,0.486111111111,0.654205607477,0.664932544942,0.486111111111,0.486111111111,19,130,0,0,0,0
1448,WLNM_dir_neg,0.992840236686,0.915432851292,00:00:02,10,40,11,1234218135,threshold_sweep,0.8,1,0.146153846154,0.255033557047,19,0,111,260,0.146153846154,1,0,0.853846153846,1,0.146153846154,0.255033557047,0.715384615385,0.650427350427,0.185819070905,0.320040428713,0.146153846154,216,86,130,0,216,0,86,0,130,37,216,0.162162162162,1.32432432432,11.6756756757,21.6,6,8.1990990496,0.702237650082,0.31006006006,10.329336629,1.76937710775,0.765265265265,3.0868314707,0.528762798222,0.252752752753,0.579945114934,0.437917739848,2,1.32432432432,0.579945114934,2,0.0121701261701,0.00597269624573,7,0.000900900900901,0.621196581197,37,37,37,1,0,0.72972972973,0.243243243243,0.027027027027,37,0.0645645645646,1.32432432432,4.64864864865,8.6,2.77419354839,3.75067561481,0.806831382257,0.414833438089,4.20353061957,1.80849573168,0.783783783784,1.78035661306,0.765967380038,0.413576367065,0.579945114934,0.437917739848,2,1.33333333333,0.585540043769,2,0,0,0,0,0.172334752164,37,36,36,0.972972972973,0,0.702702702703,0.135135135135,0.135135135135,37,105,0.0788288288288,1.32432432432,5.67567567568,10.5,3.38709677419,5.00585243076,0.881983523515,0.401287001287,5.58526590192,1.96814131782,0.802574002574,1.90778396042,0.67226672891,0.372715572716,0.579945114934,0.437917739848,2,1.33333333333,0.585540043769,2,0,0,0,0,0.201500784389,37,36,36,0.972972972973,0,0.702702702703,0.135135135135,0.135135135135,-111,-0.0833333333333,0,-6,-11.1,-2.61290322581,-3.19324661884,0.179745873433,0.0912269412269,-4.74407072708,0.198764210076,0.0373087373087,-1.17904751028,0.143503930688,0.119962819963,0,0,0,0.00900900900901,0.00559492883467,0,-0.0121701261701,-0.00597269624573,-7,-0.000900900900901,-0.419695796807,-0.027027027027,-0.108108108108,0.108108108108,105,0,111,1116,0.486111111111,1,0,0.513888888889,1,0.486111111111,0.654205607477,0.664932544942,0.486111111111,0.486111111111,19,130,0,0,0,0
1449,WLNM_dir_neg,0.992840236686,0.915432851292,00:00:02,10,40,11,1234218135,threshold_sweep,0.9,1,0.146153846154,0.255033557047,19,0,111,260,0.146153846154,1,0,0.853846153846,1,0.146153846154,0.255033557047,0.715384615385,0.650427350427,0.185819070905,0.320040428713,0.146153846154,216,86,130,0,216,0,86,0,130,37,216,0.162162162162,1.32432432432,11.6756756757,21.6,6,8.1990990496,0.702237650082,0.31006006006,10.329336629,1.76937710775,0.765265265265,3.0868314707,0.528762798222,0.252752752753,0.579945114934,0.437917739848,2,1.32432432432,0.579945114934,2,0.0121701261701,0.00597269624573,7,0.000900900900901,0.621196581197,37,37,37,1,0,0.72972972973,0.243243243243,0.027027027027,37,0.0645645645646,1.32432432432,4.64864864865,8.6,2.77419354839,3.75067561481,0.806831382257,0.414833438089,4.20353061957,1.80849573168,0.783783783784,1.78035661306,0.765967380038,0.413576367065,0.579945114934,0.437917739848,2,1.33333333333,0.585540043769,2,0,0,0,0,0.172334752164,37,36,36,0.972972972973,0,0.702702702703,0.135135135135,0.135135135135,37,105,0.0788288288288,1.32432432432,5.67567567568,10.5,3.38709677419,5.00585243076,0.881983523515,0.401287001287,5.58526590192,1.96814131782,0.802574002574,1.90778396042,0.67226672891,0.372715572716,0.579945114934,0.437917739848,2,1.33333333333,0.585540043769,2,0,0,0,0,0.201500784389,37,36,36,0.972972972973,0,0.702702702703,0.135135135135,0.135135135135,-111,-0.0833333333333,0,-6,-11.1,-2.61290322581,-3.19324661884,0.179745873433,0.0912269412269,-4.74407072708,0.198764210076,0.0373087373087,-1.17904751028,0.143503930688,0.119962819963,0,0,0,0.00900900900901,0.00559492883467,0,-0.0121701261701,-0.00597269624573,-7,-0.000900900900901,-0.419695796807,-0.027027027027,-0.108108108108,0.108108108108,105,0,111,1116,0.486111111111,1,0,0.513888888889,1,0.486111111111,0.654205607477,0.664932544942,0.486111111111,0.486111111111,19,130,0,0,0,0
1450,WLNM_dir_neg,0.973106508876,0.769809626993,00:00:02,10,40,12,1234218136,threshold_sweep,0.1,0.828571428571,0.223076923077,0.351515151515,29,6,101,254,0.223076923077,0.976923076923,0.0230769230769,0.776923076923,0.828571428571,0.223076923077,0.351515151515,0.725641025641,0.636752136752,0.244705882353,0.329867969442,0.2,216,86,130,0,216,0,86,0,130,37,216,0.162162162162,1.32432432432,11.6756756757,21.6,6,8.1990990496,0.702237650082,0.31006006006,10.329336629,1.76937710775,0.765265265265,3.0868314707,0.528762798222,0.252752752753,0.579945114934,0.437917739848,2,1.32432432432,0.579945114934,2,0.0121701261701,0.00597269624573,7,0.000900900900901,0.621196581197,37,37,37,1,0,0.72972972973,0.243243243243,0.027027027027,37,0.0645645645646,1.32432432432,4.64864864865,8.6,2.96551724138,3.57628155908,0.769316381894,0.379635449403,4.36561090325,1.87822794675,0.795097423004,1.59954948612,0.688178267286,0.380263984915,0.579945114934,0.437917739848,2,1.34285714286,0.591252764842,2,0,0,0,0,0.141793215634,37,35,35,0.945945945946,0,0.675675675676,0.108108108108,0.162162162162,37,121,0.0908408408408,2.04673504674,6.54054054054,8.06666666667,3.45714285714,5.34682976993,0.817490502014,0.395354031718,5.71376820908,1.74718532013,0.761670761671,1.59249365337,0.486960869213,0.27027027027,1.42526704004,0.696361281504,3.94805194805,2.07581102026,1.43431229691,3.94805194805,0.0442049312425,0.040834845735,15,0.0019305019305,0.152294859006,37,36,36,0.972972972973,0,0.567567567568,0.378378378378,0.027027027027,-95,-0.0713213213213,0.722410722411,-5.13513513514,-13.5333333333,-2.54285714286,-2.85226927968,0.115252851932,0.0852939716576,-4.61556841991,-0.022191787612,-0.0035945035945,-1.49433781733,-0.0418019290089,0.0175175175175,0.845321925109,0.258443541656,1.94805194805,0.751486695931,0.854367181973,1.94805194805,0.0320348050724,0.0348621494893,8,0.0010296010296,-0.46890172219,-0.162162162162,0.135135135135,0,115,6,101,1110,0.532407407407,0.994623655914,0.00537634408602,0.467592592593,0.95041322314,0.532407407407,0.682492581602,0.675974681018,0.527031063321,0.518018018018,35,130,0,0,0,0
1451,WLNM_dir_neg,0.973106508876,0.769809626993,00:00:02,10,40,12,1234218136,threshold_sweep,0.2,0.966666666667,0.223076923077,0.3625,29,1,101,259,0.223076923077,0.996153846154,0.00384615384615,0.776923076923,0.966666666667,0.223076923077,0.3625,0.738461538462,0.641025641026,0.271428571429,0.387835875941,0.219230769231,216,86,130,0,216,0,86,0,130,37,216,0.162162162162,1.32432432432,11.6756756757,21.6,6,8.1990990496,0.702237650082,0.31006006006,10.329336629,1.76937710775,0.765265265265,3.0868314707,0.528762798222,0.252752752753,0.579945114934,0.437917739848,2,1.32432432432,0.579945114934,2,0.0121701261701,0.00597269624573,7,0.000900900900901,0.621196581197,37,37,37,1,0,0.72972972973,0.243243243243,0.027027027027,37,0.0645645645646,1.32432432432,4.64864864865,8.6,2.96551724138,3.57628155908,0.769316381894,0.379635449403,4.36561090325,1.87822794675,0.795097423004,1.59954948612,0.688178267286,0.380263984915,0.579945114934,0.437917739848,2,1.34285714286,0.591252764842,2,0,0,0,0,0.141793215634,37,35,35,0.945945945946,0,0.675675675676,0.108108108108,0.162162162162,37,116,0.0870870870871,1.3280995281,6.27027027027,11.6,3.31428571429,5.22094419222,0.83265058238,0.394920782852,5.77909144225,1.84333089106,0.780521901212,1.54851473932,0.493922804784,0.273998136067,0.586094481985,0.441303132472,2.01587301587,1.33721340388,0.591743263505,2.01587301587,0.0442049312425,0.040834845735,15,0.0019305019305,0.195037210697,37,36,36,0.972972972973,0,0.702702702703,0.243243243243,0.027027027027,-100,-0.0750750750751,0.0037752037752,-5.40540540541,-10,-2.68571428571,-2.97815485739,0.130412932298,0.0848607227918,-4.55024518675,0.0739537833175,0.0152566359463,-1.53831673138,-0.0348399934387,0.0212453833143,0.00614936705085,0.00338539262383,0.015873015873,0.0128890795557,0.0117981485702,0.015873015873,0.0320348050724,0.0348621494893,8,0.0010296010296,-0.426159370499,-0.027027027027,0,0,115,1,101,1115,0.532407407407,0.999103942652,0.00089605734767,0.467592592593,0.991379310345,0.532407407407,0.692771084337,0.694825476318,0.53151135006,0.529953917051,30,130,0,0,0,0
1452,WLNM_dir_neg,0.973106508876,0.769809626993,00:00:02,10,40,12,1234218136,threshold_sweep,0.3,0.966666666667,0.223076923077,0.3625,29,1,101,259,0.223076923077,0.996153846154,0.00384615384615,0.776923076923,0.966666666667,0.223076923077,0.3625,0.738461538462,0.641025641026,0.271428571429,0.387835875941,0.219230769231,216,86,130,0,216,0,86,0,130,37,216,0.162162162162,1.32432432432,11.6756756757,21.6,6,8.1990990496,0.702237650082,0.31006006006,10.329336629,1.76937710775,0.765265265265,3.0868314707,0.528762798222,0.252752752753,0.579945114934,0.437917739848,2,1.32432432432,0.579945114934,2,0.0121701261701,0.00597269624573,7,0.000900900900901,0.621196581197,37,37,37,1,0,0.72972972973,0.243243243243,0.027027027027,37,0.0645645645646,1.32432432432,4.64864864865,8.6,2.96551724138,3.57628155908,0.769316381894,0.379635449403,4.36561090325,1.87822794675,0.795097423004,1.59954948612,0.688178267286,0.380263984915,0.579945114934,0.437917739848,2,1.34285714286,0.591252764842,2,0,0,0,0,0.141793215634,37,35,35,0.945945945946,0,0.675675675676,0.108108108108,0.162162162162,37,116,0.0870870870871,1.3280995281,6.27027027027,11.6,3.31428571429,5.22094419222,0.83265058238,0.394920782852,5.77909144225,1.84333089106,0.780521901212,1.54851473932,0.493922804784,0.273998136067,0.586094481985,0.441303132472,2.01587301587,1.33721340388,0.591743263505,2.01587301587,0.0442049312425,0.040834845735,15,0.0019305019305,0.195037210697,37,36,36,0.972972972973,0,0.702702702703,0.243243243243,0.027027027027,-100,-0.0750750750751,0.0037752037752,-5.40540540541,-10,-2.68571428571,-2.97815485739,0.130412932298,0.0848607227918,-4.55024518675,0.0739537833175,0.0152566359463,-1.53831673138,-0.0348399934387,0.0212453833143,0.00614936705085,0.00338539262383,0.015873015873,0.0128890795557,0.0117981485702,0.015873015873,0.0320348050724,0.0348621494893,8,0.0010296010296,-0.426159370499,-0.027027027027,0,0,115,1,101,1115,0.532407407407,0.999103942652,0.00089605734767,0.467592592593,0.991379310345,0.532407407407,0.692771084337,0.694825476318,0.53151135006,0.529953917051,30,130,0,0,0,0
1453,WLNM_dir_neg,0.973106508876,0.769809626993,00:00:02,10,40,12,1234218136,threshold_sweep,0.4,0.966666666667,0.223076923077,0.3625,29,1,101,259,0.223076923077,0.996153846154,0.00384615384615,0.776923076923,0.966666666667,0.223076923077,0.3625,0.738461538462,0.641025641026,0.271428571429,0.387835875941,0.219230769231,216,86,130,0,216,0,86,0,130,37,216,0.162162162162,1.32432432432,11.6756756757,21.6,6,8.1990990496,0.702237650082,0.31006006006,10.329336629,1.76937710775,0.765265265265,3.0868314707,0.528762798222,0.252752752753,0.579945114934,0.437917739848,2,1.32432432432,0.579945114934,2,0.0121701261701,0.00597269624573,7,0.000900900900901,0.621196581197,37,37,37,1,0,0.72972972973,0.243243243243,0.027027027027,37,0.0645645645646,1.32432432432,4.64864864865,8.6,2.96551724138,3.57628155908,0.769316381894,0.379635449403,4.36561090325,1.87822794675,0.795097423004,1.59954948612,0.688178267286,0.380263984915,0.579945114934,0.437917739848,2,1.34285714286,0.591252764842,2,0,0,0,0,0.141793215634,37,35,35,0.945945945946,0,0.675675675676,0.108108108108,0.162162162162,37,116,0.0870870870871,1.3280995281,6.27027027027,11.6,3.31428571429,5.22094419222,0.83265058238,0.394920782852,5.77909144225,1.84333089106,0.780521901212,1.54851473932,0.493922804784,0.273998136067,0.586094481985,0.441303132472,2.01587301587,1.33721340388,0.591743263505,2.01587301587,0.0442049312425,0.040834845735,15,0.0019305019305,0.195037210697,37,36,36,0.972972972973,0,0.702702702703,0.243243243243,0.027027027027,-100,-0.0750750750751,0.0037752037752,-5.40540540541,-10,-2.68571428571,-2.97815485739,0.130412932298,0.0848607227918,-4.55024518675,0.0739537833175,0.0152566359463,-1.53831673138,-0.0348399934387,0.0212453833143,0.00614936705085,0.00338539262383,0.015873015873,0.0128890795557,0.0117981485702,0.015873015873,0.0320348050724,0.0348621494893,8,0.0010296010296,-0.426159370499,-0.027027027027,0,0,115,1,101,1115,0.532407407407,0.999103942652,0.00089605734767,0.467592592593,0.991379310345,0.532407407407,0.692771084337,0.694825476318,0.53151135006,0.529953917051,30,130,0,0,0,0
1454,WLNM_dir_neg,0.973106508876,0.769809626993,00:00:02,10,40,12,1234218136,threshold_sweep,0.5,0.966666666667,0.223076923077,0.3625,29,1,101,259,0.223076923077,0.996153846154,0.00384615384615,0.776923076923,0.966666666667,0.223076923077,0.3625,0.738461538462,0.641025641026,0.271428571429,0.387835875941,0.219230769231,216,86,130,0,216,0,86,0,130,37,216,0.162162162162,1.32432432432,11.6756756757,21.6,6,8.1990990496,0.702237650082,0.31006006006,10.329336629,1.76937710775,0.765265265265,3.0868314707,0.528762798222,0.252752752753,0.579945114934,0.437917739848,2,1.32432432432,0.579945114934,2,0.0121701261701,0.00597269624573,7,0.000900900900901,0.621196581197,37,37,37,1,0,0.72972972973,0.243243243243,0.027027027027,37,0.0645645645646,1.32432432432,4.64864864865,8.6,2.96551724138,3.57628155908,0.769316381894,0.379635449403,4.36561090325,1.87822794675,0.795097423004,1.59954948612,0.688178267286,0.380263984915,0.579945114934,0.437917739848,2,1.34285714286,0.591252764842,2,0,0,0,0,0.141793215634,37,35,35,0.945945945946,0,0.675675675676,0.108108108108,0.162162162162,37,116,0.0870870870871,1.3280995281,6.27027027027,11.6,3.31428571429,5.22094419222,0.83265058238,0.394920782852,5.77909144225,1.84333089106,0.780521901212,1.54851473932,0.493922804784,0.273998136067,0.586094481985,0.441303132472,2.01587301587,1.33721340388,0.591743263505,2.01587301587,0.0442049312425,0.040834845735,15,0.0019305019305,0.195037210697,37,36,36,0.972972972973,0,0.702702702703,0.243243243243,0.027027027027,-100,-0.0750750750751,0.0037752037752,-5.40540540541,-10,-2.68571428571,-2.97815485739,0.130412932298,0.0848607227918,-4.55024518675,0.0739537833175,0.0152566359463,-1.53831673138,-0.0348399934387,0.0212453833143,0.00614936705085,0.00338539262383,0.015873015873,0.0128890795557,0.0117981485702,0.015873015873,0.0320348050724,0.0348621494893,8,0.0010296010296,-0.426159370499,-0.027027027027,0,0,115,1,101,1115,0.532407407407,0.999103942652,0.00089605734767,0.467592592593,0.991379310345,0.532407407407,0.692771084337,0.694825476318,0.53151135006,0.529953917051,30,130,0,0,0,0
1455,WLNM_dir_neg,0.973106508876,0.769809626993,00:00:02,10,40,12,1234218136,threshold_sweep,0.6,0.966666666667,0.223076923077,0.3625,29,1,101,259,0.223076923077,0.996153846154,0.00384615384615,0.776923076923,0.966666666667,0.223076923077,0.3625,0.738461538462,0.641025641026,0.271428571429,0.387835875941,0.219230769231,216,86,130,0,216,0,86,0,130,37,216,0.162162162162,1.32432432432,11.6756756757,21.6,6,8.1990990496,0.702237650082,0.31006006006,10.329336629,1.76937710775,0.765265265265,3.0868314707,0.528762798222,0.252752752753,0.579945114934,0.437917739848,2,1.32432432432,0.579945114934,2,0.0121701261701,0.00597269624573,7,0.000900900900901,0.621196581197,37,37,37,1,0,0.72972972973,0.243243243243,0.027027027027,37,0.0645645645646,1.32432432432,4.64864864865,8.6,2.96551724138,3.57628155908,0.769316381894,0.379635449403,4.36561090325,1.87822794675,0.795097423004,1.59954948612,0.688178267286,0.380263984915,0.579945114934,0.437917739848,2,1.34285714286,0.591252764842,2,0,0,0,0,0.141793215634,37,35,35,0.945945945946,0,0.675675675676,0.108108108108,0.162162162162,37,116,0.0870870870871,1.3280995281,6.27027027027,11.6,3.31428571429,5.22094419222,0.83265058238,0.394920782852,5.77909144225,1.84333089106,0.780521901212,1.54851473932,0.493922804784,0.273998136067,0.586094481985,0.441303132472,2.01587301587,1.33721340388,0.591743263505,2.01587301587,0.0442049312425,0.040834845735,15,0.0019305019305,0.195037210697,37,36,36,0.972972972973,0,0.702702702703,0.243243243243,0.027027027027,-100,-0.0750750750751,0.0037752037752,-5.40540540541,-10,-2.68571428571,-2.97815485739,0.130412932298,0.0848607227918,-4.55024518675,0.0739537833175,0.0152566359463,-1.53831673138,-0.0348399934387,0.0212453833143,0.00614936705085,0.00338539262383,0.015873015873,0.0128890795557,0.0117981485702,0.015873015873,0.0320348050724,0.0348621494893,8,0.0010296010296,-0.426159370499,-0.027027027027,0,0,115,1,101,1115,0.532407407407,0.999103942652,0.00089605734767,0.467592592593,0.991379310345,0.532407407407,0.692771084337,0.694825476318,0.53151135006,0.529953917051,30,130,0,0,0,0
1456,WLNM_dir_neg,0.973106508876,0.769809626993,00:00:02,10,40,12,1234218136,threshold_sweep,0.7,1,0.223076923077,0.364779874214,29,0,101,260,0.223076923077,1,0,0.776923076923,1,0.223076923077,0.364779874214,0.741025641026,0.64188034188,0.276849642005,0.400830163467,0.223076923077,216,86,130,0,216,0,86,0,130,37,216,0.162162162162,1.32432432432,11.6756756757,21.6,6,8.1990990496,0.702237650082,0.31006006006,10.329336629,1.76937710775,0.765265265265,3.0868314707,0.528762798222,0.252752752753,0.579945114934,0.437917739848,2,1.32432432432,0.579945114934,2,0.0121701261701,0.00597269624573,7,0.000900900900901,0.621196581197,37,37,37,1,0,0.72972972973,0.243243243243,0.027027027027,37,0.0645645645646,1.32432432432,4.64864864865,8.6,2.96551724138,3.57628155908,0.769316381894,0.379635449403,4.36561090325,1.87822794675,0.795097423004,1.59954948612,0.688178267286,0.380263984915,0.579945114934,0.437917739848,2,1.34285714286,0.591252764842,2,0,0,0,0,0.141793215634,37,35,35,0.945945945946,0,0.675675675676,0.108108108108,0.162162162162,37,115,0.0863363363363,1.32432432432,6.21621621622,11.5,3.28571428571,5.13233288484,0.825636159736,0.391774383079,5.7531816501,1.85102366134,0.782608695652,1.55962573473,0.501792627696,0.278260869565,0.579945114934,0.437917739848,2,1.33333333333,0.585540043769,2,0.0143350375115,0.0195530726257,7,0.000900900900901,0.194429667875,37,36,36,0.972972972973,0,0.702702702703,0.243243243243,0.027027027027,-101,-0.0758258258258,0,-5.45945945946,-10.1,-2.71428571429,-3.06676616476,0.123398509654,0.0817143230187,-4.5761549789,0.0816465535926,0.0173434303869,-1.52720573597,-0.0269701705267,0.0255081168125,0,0,0,0.00900900900901,0.00559492883467,0,0.00216491134138,0.01358037638,0,0,-0.426766913321,-0.027027027027,0,0,115,0,101,1116,0.532407407407,1,0,0.467592592593,1,0.532407407407,0.694864048338,0.698729135517,0.532407407407,0.532407407407,29,130,0,0,0,0
1457,WLNM_dir_neg,0.973106508876,0.769809626993,00:00:02,10,40,12,1234218136,threshold_sweep,0.8,1,0.223076923077,0.364779874214,29,0,101,260,0.223076923077,1,0,0.776923076923,1,0.223076923077,0.364779874214,0.741025641026,0.64188034188,0.276849642005,0.400830163467,0.223076923077,216,86,130,0,216,0,86,0,130,37,216,0.162162162162,1.32432432432,11.6756756757,21.6,6,8.1990990496,0.702237650082,0.31006006006,10.329336629,1.76937710775,0.765265265265,3.0868314707,0.528762798222,0.252752752753,0.579945114934,0.437917739848,2,1.32432432432,0.579945114934,2,0.0121701261701,0.00597269624573,7,0.000900900900901,0.621196581197,37,37,37,1,0,0.72972972973,0.243243243243,0.027027027027,37,0.0645645645646,1.32432432432,4.64864864865,8.6,2.96551724138,3.57628155908,0.769316381894,0.379635449403,4.36561090325,1.87822794675,0.795097423004,1.59954948612,0.688178267286,0.380263984915,0.579945114934,0.437917739848,2,1.34285714286,0.591252764842,2,0,0,0,0,0.141793215634,37,35,35,0.945945945946,0,0.675675675676,0.108108108108,0.162162162162,37,115,0.0863363363363,1.32432432432,6.21621621622,11.5,3.28571428571,5.13233288484,0.825636159736,0.391774383079,5.7531816501,1.85102366134,0.782608695652,1.55962573473,0.501792627696,0.278260869565,0.579945114934,0.437917739848,2,1.33333333333,0.585540043769,2,0.0143350375115,0.0195530726257,7,0.000900900900901,0.194429667875,37,36,36,0.972972972973,0,0.702702702703,0.243243243243,0.027027027027,-101,-0.0758258258258,0,-5.45945945946,-10.1,-2.71428571429,-3.06676616476,0.123398509654,0.0817143230187,-4.5761549789,0.0816465535926,0.0173434303869,-1.52720573597,-0.0269701705267,0.0255081168125,0,0,0,0.00900900900901,0.00559492883467,0,0.00216491134138,0.01358037638,0,0,-0.426766913321,-0.027027027027,0,0,115,0,101,1116,0.532407407407,1,0,0.467592592593,1,0.532407407407,0.694864048338,0.698729135517,0.532407407407,0.532407407407,29,130,0,0,0,0
1458,WLNM_dir_neg,0.973106508876,0.769809626993,00:00:02,10,40,12,1234218136,threshold_sweep,0.9,1,0.223076923077,0.364779874214,29,0,101,260,0.223076923077,1,0,0.776923076923,1,0.223076923077,0.364779874214,0.741025641026,0.64188034188,0.276849642005,0.400830163467,0.223076923077,216,86,130,0,216,0,86,0,130,37,216,0.162162162162,1.32432432432,11.6756756757,21.6,6,8.1990990496,0.702237650082,0.31006006006,10.329336629,1.76937710775,0.765265265265,3.0868314707,0.528762798222,0.252752752753,0.579945114934,0.437917739848,2,1.32432432432,0.579945114934,2,0.0121701261701,0.00597269624573,7,0.000900900900901,0.621196581197,37,37,37,1,0,0.72972972973,0.243243243243,0.027027027027,37,0.0645645645646,1.32432432432,4.64864864865,8.6,2.96551724138,3.57628155908,0.769316381894,0.379635449403,4.36561090325,1.87822794675,0.795097423004,1.59954948612,0.688178267286,0.380263984915,0.579945114934,0.437917739848,2,1.34285714286,0.591252764842,2,0,0,0,0,0.141793215634,37,35,35,0.945945945946,0,0.675675675676,0.108108108108,0.162162162162,37,115,0.0863363363363,1.32432432432,6.21621621622,11.5,3.28571428571,5.13233288484,0.825636159736,0.391774383079,5.7531816501,1.85102366134,0.782608695652,1.55962573473,0.501792627696,0.278260869565,0.579945114934,0.437917739848,2,1.33333333333,0.585540043769,2,0.0143350375115,0.0195530726257,7,0.000900900900901,0.194429667875,37,36,36,0.972972972973,0,0.702702702703,0.243243243243,0.027027027027,-101,-0.0758258258258,0,-5.45945945946,-10.1,-2.71428571429,-3.06676616476,0.123398509654,0.0817143230187,-4.5761549789,0.0816465535926,0.0173434303869,-1.52720573597,-0.0269701705267,0.0255081168125,0,0,0,0.00900900900901,0.00559492883467,0,0.00216491134138,0.01358037638,0,0,-0.426766913321,-0.027027027027,0,0,115,0,101,1116,0.532407407407,1,0,0.467592592593,1,0.532407407407,0.694864048338,0.698729135517,0.532407407407,0.532407407407,29,130,0,0,0,0
1459,WLNM_dir_neg,0.974881656805,0.772733059379,00:00:02,10,40,13,1234218137,threshold_sweep,0.1,1,0.0538461538462,0.102189781022,7,0,123,260,0.0538461538462,1,0,0.946153846154,1,0.0538461538462,0.102189781022,0.684615384615,0.660683760684,0.0705289672544,0.191189761243,0.0538461538462,216,86,130,0,216,0,86,0,130,37,216,0.162162162162,1.32432432432,11.6756756757,21.6,6,8.1990990496,0.702237650082,0.31006006006,10.329336629,1.76937710775,0.765265265265,3.0868314707,0.528762798222,0.252752752753,0.579945114934,0.437917739848,2,1.32432432432,0.579945114934,2,0.0121701261701,0.00597269624573,7,0.000900900900901,0.621196581197,37,37,37,1,0,0.72972972973,0.243243243243,0.027027027027,37,0.0645645645646,1.32432432432,4.64864864865,8.6,2.86666666667,3.64551639549,0.784209922286,0.403834066625,4.36561090325,1.87822794675,0.79384035198,1.76468527339,0.759225059481,0.421118793212,0.579945114934,0.437917739848,2,1.33333333333,0.585540043769,2,0,0,0,0,0.156308361497,37,36,36,0.972972972973,0,0.702702702703,0.108108108108,0.162162162162,37,93,0.0698198198198,1.32432432432,5.02702702703,9.3,2.58333333333,3.78216932524,0.752367016312,0.388549840163,4.43234087652,1.76340443474,0.773031095612,1.55673485971,0.61934612698,0.337111304853,0.579945114934,0.437917739848,2,1.32432432432,0.579945114934,2,0.00547875064004,0.00474683544304,1,0.0001287001287,0.158530583719,37,37,37,1,0,0.72972972973,0.243243243243,0.027027027027,-123,-0.0923423423423,0,-6.64864864865,-12.3,-3.41666666667,-4.41692972436,0.0501293662298,0.0784897801027,-5.89699575248,-0.0059726730019,0.00776583034648,-1.530096611,0.0905833287573,0.0843585521005,0,0,0,0,0,0,-0.00669137553009,-0.0012258608027,-6,-0.000772200772201,-0.462665997478,0,0,0,93,0,123,1116,0.430555555556,1,0,0.569444444444,1,0.430555555556,0.601941747573,0.62274613786,0.430555555556,0.430555555556,7,130,0,0,0,0
1460,WLNM_dir_neg,0.974881656805,0.772733059379,00:00:02,10,40,13,1234218137,threshold_sweep,0.2,1,0.0538461538462,0.102189781022,7,0,123,260,0.0538461538462,1,0,0.946153846154,1,0.0538461538462,0.102189781022,0.684615384615,0.660683760684,0.0705289672544,0.191189761243,0.0538461538462,216,86,130,0,216,0,86,0,130,37,216,0.162162162162,1.32432432432,11.6756756757,21.6,6,8.1990990496,0.702237650082,0.31006006006,10.329336629,1.76937710775,0.765265265265,3.0868314707,0.528762798222,0.252752752753,0.579945114934,0.437917739848,2,1.32432432432,0.579945114934,2,0.0121701261701,0.00597269624573,7,0.000900900900901,0.621196581197,37,37,37,1,0,0.72972972973,0.243243243243,0.027027027027,37,0.0645645645646,1.32432432432,4.64864864865,8.6,2.86666666667,3.64551639549,0.784209922286,0.403834066625,4.36561090325,1.87822794675,0.79384035198,1.76468527339,0.759225059481,0.421118793212,0.579945114934,0.437917739848,2,1.33333333333,0.585540043769,2,0,0,0,0,0.156308361497,37,36,36,0.972972972973,0,0.702702702703,0.108108108108,0.162162162162,37,93,0.0698198198198,1.32432432432,5.02702702703,9.3,2.58333333333,3.78216932524,0.752367016312,0.388549840163,4.43234087652,1.76340443474,0.773031095612,1.55673485971,0.61934612698,0.337111304853,0.579945114934,0.437917739848,2,1.32432432432,0.579945114934,2,0.00547875064004,0.00474683544304,1,0.0001287001287,0.158530583719,37,37,37,1,0,0.72972972973,0.243243243243,0.027027027027,-123,-0.0923423423423,0,-6.64864864865,-12.3,-3.41666666667,-4.41692972436,0.0501293662298,0.0784897801027,-5.89699575248,-0.0059726730019,0.00776583034648,-1.530096611,0.0905833287573,0.0843585521005,0,0,0,0,0,0,-0.00669137553009,-0.0012258608027,-6,-0.000772200772201,-0.462665997478,0,0,0,93,0,123,1116,0.430555555556,1,0,0.569444444444,1,0.430555555556,0.601941747573,0.62274613786,0.430555555556,0.430555555556,7,130,0,0,0,0
1461,WLNM_dir_neg,0.974881656805,0.772733059379,00:00:02,10,40,13,1234218137,threshold_sweep,0.3,1,0.0538461538462,0.102189781022,7,0,123,260,0.0538461538462,1,0,0.946153846154,1,0.0538461538462,0.102189781022,0.684615384615,0.660683760684,0.0705289672544,0.191189761243,0.0538461538462,216,86,130,0,216,0,86,0,130,37,216,0.162162162162,1.32432432432,11.6756756757,21.6,6,8.1990990496,0.702237650082,0.31006006006,10.329336629,1.76937710775,0.765265265265,3.0868314707,0.528762798222,0.252752752753,0.579945114934,0.437917739848,2,1.32432432432,0.579945114934,2,0.0121701261701,0.00597269624573,7,0.000900900900901,0.621196581197,37,37,37,1,0,0.72972972973,0.243243243243,0.027027027027,37,0.0645645645646,1.32432432432,4.64864864865,8.6,2.86666666667,3.64551639549,0.784209922286,0.403834066625,4.36561090325,1.87822794675,0.79384035198,1.76468527339,0.759225059481,0.421118793212,0.579945114934,0.437917739848,2,1.33333333333,0.585540043769,2,0,0,0,0,0.156308361497,37,36,36,0.972972972973,0,0.702702702703,0.108108108108,0.162162162162,37,93,0.0698198198198,1.32432432432,5.02702702703,9.3,2.58333333333,3.78216932524,0.752367016312,0.388549840163,4.43234087652,1.76340443474,0.773031095612,1.55673485971,0.61934612698,0.337111304853,0.579945114934,0.437917739848,2,1.32432432432,0.579945114934,2,0.00547875064004,0.00474683544304,1,0.0001287001287,0.158530583719,37,37,37,1,0,0.72972972973,0.243243243243,0.027027027027,-123,-0.0923423423423,0,-6.64864864865,-12.3,-3.41666666667,-4.41692972436,0.0501293662298,0.0784897801027,-5.89699575248,-0.0059726730019,0.00776583034648,-1.530096611,0.0905833287573,0.0843585521005,0,0,0,0,0,0,-0.00669137553009,-0.0012258608027,-6,-0.000772200772201,-0.462665997478,0,0,0,93,0,123,1116,0.430555555556,1,0,0.569444444444,1,0.430555555556,0.601941747573,0.62274613786,0.430555555556,0.430555555556,7,130,0,0,0,0
1462,WLNM_dir_neg,0.974881656805,0.772733059379,00:00:02,10,40,13,1234218137,threshold_sweep,0.4,1,0.0538461538462,0.102189781022,7,0,123,260,0.0538461538462,1,0,0.946153846154,1,0.0538461538462,0.102189781022,0.684615384615,0.660683760684,0.0705289672544,0.191189761243,0.0538461538462,216,86,130,0,216,0,86,0,130,37,216,0.162162162162,1.32432432432,11.6756756757,21.6,6,8.1990990496,0.702237650082,0.31006006006,10.329336629,1.76937710775,0.765265265265,3.0868314707,0.528762798222,0.252752752753,0.579945114934,0.437917739848,2,1.32432432432,0.579945114934,2,0.0121701261701,0.00597269624573,7,0.000900900900901,0.621196581197,37,37,37,1,0,0.72972972973,0.243243243243,0.027027027027,37,0.0645645645646,1.32432432432,4.64864864865,8.6,2.86666666667,3.64551639549,0.784209922286,0.403834066625,4.36561090325,1.87822794675,0.79384035198,1.76468527339,0.759225059481,0.421118793212,0.579945114934,0.437917739848,2,1.33333333333,0.585540043769,2,0,0,0,0,0.156308361497,37,36,36,0.972972972973,0,0.702702702703,0.108108108108,0.162162162162,37,93,0.0698198198198,1.32432432432,5.02702702703,9.3,2.58333333333,3.78216932524,0.752367016312,0.388549840163,4.43234087652,1.76340443474,0.773031095612,1.55673485971,0.61934612698,0.337111304853,0.579945114934,0.437917739848,2,1.32432432432,0.579945114934,2,0.00547875064004,0.00474683544304,1,0.0001287001287,0.158530583719,37,37,37,1,0,0.72972972973,0.243243243243,0.027027027027,-123,-0.0923423423423,0,-6.64864864865,-12.3,-3.41666666667,-4.41692972436,0.0501293662298,0.0784897801027,-5.89699575248,-0.0059726730019,0.00776583034648,-1.530096611,0.0905833287573,0.0843585521005,0,0,0,0,0,0,-0.00669137553009,-0.0012258608027,-6,-0.000772200772201,-0.462665997478,0,0,0,93,0,123,1116,0.430555555556,1,0,0.569444444444,1,0.430555555556,0.601941747573,0.62274613786,0.430555555556,0.430555555556,7,130,0,0,0,0
1463,WLNM_dir_neg,0.974881656805,0.772733059379,00:00:02,10,40,13,1234218137,threshold_sweep,0.5,1,0.0538461538462,0.102189781022,7,0,123,260,0.0538461538462,1,0,0.946153846154,1,0.0538461538462,0.102189781022,0.684615384615,0.660683760684,0.0705289672544,0.191189761243,0.0538461538462,216,86,130,0,216,0,86,0,130,37,216,0.162162162162,1.32432432432,11.6756756757,21.6,6,8.1990990496,0.702237650082,0.31006006006,10.329336629,1.76937710775,0.765265265265,3.0868314707,0.528762798222,0.252752752753,0.579945114934,0.437917739848,2,1.32432432432,0.579945114934,2,0.0121701261701,0.00597269624573,7,0.000900900900901,0.621196581197,37,37,37,1,0,0.72972972973,0.243243243243,0.027027027027,37,0.0645645645646,1.32432432432,4.64864864865,8.6,2.86666666667,3.64551639549,0.784209922286,0.403834066625,4.36561090325,1.87822794675,0.79384035198,1.76468527339,0.759225059481,0.421118793212,0.579945114934,0.437917739848,2,1.33333333333,0.585540043769,2,0,0,0,0,0.156308361497,37,36,36,0.972972972973,0,0.702702702703,0.108108108108,0.162162162162,37,93,0.0698198198198,1.32432432432,5.02702702703,9.3,2.58333333333,3.78216932524,0.752367016312,0.388549840163,4.43234087652,1.76340443474,0.773031095612,1.55673485971,0.61934612698,0.337111304853,0.579945114934,0.437917739848,2,1.32432432432,0.579945114934,2,0.00547875064004,0.00474683544304,1,0.0001287001287,0.158530583719,37,37,37,1,0,0.72972972973,0.243243243243,0.027027027027,-123,-0.0923423423423,0,-6.64864864865,-12.3,-3.41666666667,-4.41692972436,0.0501293662298,0.0784897801027,-5.89699575248,-0.0059726730019,0.00776583034648,-1.530096611,0.0905833287573,0.0843585521005,0,0,0,0,0,0,-0.00669137553009,-0.0012258608027,-6,-0.000772200772201,-0.462665997478,0,0,0,93,0,123,1116,0.430555555556,1,0,0.569444444444,1,0.430555555556,0.601941747573,0.62274613786,0.430555555556,0.430555555556,7,130,0,0,0,0
1464,WLNM_dir_neg,0.974881656805,0.772733059379,00:00:02,10,40,13,1234218137,threshold_sweep,0.6,1,0.00769230769231,0.0152671755725,1,0,129,260,0.00769230769231,1,0,0.992307692308,1,0.00769230769231,0.0152671755725,0.669230769231,0.665811965812,0.0102301790281,0.0717034739382,0.00769230769231,216,86,130,0,216,0,86,0,130,37,216,0.162162162162,1.32432432432,11.6756756757,21.6,6,8.1990990496,0.702237650082,0.31006006006,10.329336629,1.76937710775,0.765265265265,3.0868314707,0.528762798222,0.252752752753,0.579945114934,0.437917739848,2,1.32432432432,0.579945114934,2,0.0121701261701,0.00597269624573,7,0.000900900900901,0.621196581197,37,37,37,1,0,0.72972972973,0.243243243243,0.027027027027,37,0.0645645645646,1.32432432432,4.64864864865,8.6,2.86666666667,3.64551639549,0.784209922286,0.403834066625,4.36561090325,1.87822794675,0.79384035198,1.76468527339,0.759225059481,0.421118793212,0.579945114934,0.437917739848,2,1.33333333333,0.585540043769,2,0,0,0,0,0.156308361497,37,36,36,0.972972972973,0,0.702702702703,0.108108108108,0.162162162162,37,87,0.0653153153153,1.32432432432,4.7027027027,8.7,2.9,3.67321282973,0.781085486782,0.401988195092,4.37299932805,1.85978132342,0.790928859894,1.75144727799,0.744868382592,0.414414414414,0.579945114934,0.437917739848,2,1.33333333333,0.585540043769,2,0,0,0,0,0.161863917052,37,36,36,0.972972972973,0,0.702702702703,0.108108108108,0.162162162162,-129,-0.0968468468468,0,-6.97297297297,-12.9,-3.1,-4.52588621987,0.0788478366998,0.0919281350316,-5.95633730095,0.0904042156781,0.0256635946291,-1.33538419272,0.21610558437,0.161661661662,0,0,0,0.00900900900901,0.00559492883467,0,-0.0121701261701,-0.00597269624573,-7,-0.000900900900901,-0.459332664144,-0.027027027027,-0.135135135135,0.135135135135,87,0,129,1116,0.402777777778,1,0,0.597222222222,1,0.402777777778,0.574257425743,0.600869517206,0.402777777778,0.402777777778,1,130,0,0,0,0
1465,WLNM_dir_neg,0.974881656805,0.772733059379,00:00:02,10,40,13,1234218137,threshold_sweep,0.7,1,0.00769230769231,0.0152671755725,1,0,129,260,0.00769230769231,1,0,0.992307692308,1,0.00769230769231,0.0152671755725,0.669230769231,0.665811965812,0.0102301790281,0.0717034739382,0.00769230769231,216,86,130,0,216,0,86,0,130,37,216,0.162162162162,1.32432432432,11.6756756757,21.6,6,8.1990990496,0.702237650082,0.31006006006,10.329336629,1.76937710775,0.765265265265,3.0868314707,0.528762798222,0.252752752753,0.579945114934,0.437917739848,2,1.32432432432,0.579945114934,2,0.0121701261701,0.00597269624573,7,0.000900900900901,0.621196581197,37,37,37,1,0,0.72972972973,0.243243243243,0.027027027027,37,0.0645645645646,1.32432432432,4.64864864865,8.6,2.86666666667,3.64551639549,0.784209922286,0.403834066625,4.36561090325,1.87822794675,0.79384035198,1.76468527339,0.759225059481,0.421118793212,0.579945114934,0.437917739848,2,1.33333333333,0.585540043769,2,0,0,0,0,0.156308361497,37,36,36,0.972972972973,0,0.702702702703,0.108108108108,0.162162162162,37,87,0.0653153153153,1.32432432432,4.7027027027,8.7,2.9,3.67321282973,0.781085486782,0.401988195092,4.37299932805,1.85978132342,0.790928859894,1.75144727799,0.744868382592,0.414414414414,0.579945114934,0.437917739848,2,1.33333333333,0.585540043769,2,0,0,0,0,0.161863917052,37,36,36,0.972972972973,0,0.702702702703,0.108108108108,0.162162162162,-129,-0.0968468468468,0,-6.97297297297,-12.9,-3.1,-4.52588621987,0.0788478366998,0.0919281350316,-5.95633730095,0.0904042156781,0.0256635946291,-1.33538419272,0.21610558437,0.161661661662,0,0,0,0.00900900900901,0.00559492883467,0,-0.0121701261701,-0.00597269624573,-7,-0.000900900900901,-0.459332664144,-0.027027027027,-0.135135135135,0.135135135135,87,0,129,1116,0.402777777778,1,0,0.597222222222,1,0.402777777778,0.574257425743,0.600869517206,0.402777777778,0.402777777778,1,130,0,0,0,0
1466,WLNM_dir_neg,0.974881656805,0.772733059379,00:00:02,10,40,13,1234218137,threshold_sweep,0.8,1,0.00769230769231,0.0152671755725,1,0,129,260,0.00769230769231,1,0,0.992307692308,1,0.00769230769231,0.0152671755725,0.669230769231,0.665811965812,0.0102301790281,0.0717034739382,0.00769230769231,216,86,130,0,216,0,86,0,130,37,216,0.162162162162,1.32432432432,11.6756756757,21.6,6,8.1990990496,0.702237650082,0.31006006006,10.329336629,1.76937710775,0.765265265265,3.0868314707,0.528762798222,0.252752752753,0.579945114934,0.437917739848,2,1.32432432432,0.579945114934,2,0.0121701261701,0.00597269624573,7,0.000900900900901,0.621196581197,37,37,37,1,0,0.72972972973,0.243243243243,0.027027027027,37,0.0645645645646,1.32432432432,4.64864864865,8.6,2.86666666667,3.64551639549,0.784209922286,0.403834066625,4.36561090325,1.87822794675,0.79384035198,1.76468527339,0.759225059481,0.421118793212,0.579945114934,0.437917739848,2,1.33333333333,0.585540043769,2,0,0,0,0,0.156308361497,37,36,36,0.972972972973,0,0.702702702703,0.108108108108,0.162162162162,37,87,0.0653153153153,1.32432432432,4.7027027027,8.7,2.9,3.67321282973,0.781085486782,0.401988195092,4.37299932805,1.85978132342,0.790928859894,1.75144727799,0.744868382592,0.414414414414,0.579945114934,0.437917739848,2,1.33333333333,0.585540043769,2,0,0,0,0,0.161863917052,37,36,36,0.972972972973,0,0.702702702703,0.108108108108,0.162162162162,-129,-0.0968468468468,0,-6.97297297297,-12.9,-3.1,-4.52588621987,0.0788478366998,0.0919281350316,-5.95633730095,0.0904042156781,0.0256635946291,-1.33538419272,0.21610558437,0.161661661662,0,0,0,0.00900900900901,0.00559492883467,0,-0.0121701261701,-0.00597269624573,-7,-0.000900900900901,-0.459332664144,-0.027027027027,-0.135135135135,0.135135135135,87,0,129,1116,0.402777777778,1,0,0.597222222222,1,0.402777777778,0.574257425743,0.600869517206,0.402777777778,0.402777777778,1,130,0,0,0,0
1467,WLNM_dir_neg,0.974881656805,0.772733059379,00:00:02,10,40,13,1234218137,threshold_sweep,0.9,1,0.00769230769231,0.0152671755725,1,0,129,260,0.00769230769231,1,0,0.992307692308,1,0.00769230769231,0.0152671755725,0.669230769231,0.665811965812,0.0102301790281,0.0717034739382,0.00769230769231,216,86,130,0,216,0,86,0,130,37,216,0.162162162162,1.32432432432,11.6756756757,21.6,6,8.1990990496,0.702237650082,0.31006006006,10.329336629,1.76937710775,0.765265265265,3.0868314707,0.528762798222,0.252752752753,0.579945114934,0.437917739848,2,1.32432432432,0.579945114934,2,0.0121701261701,0.00597269624573,7,0.000900900900901,0.621196581197,37,37,37,1,0,0.72972972973,0.243243243243,0.027027027027,37,0.0645645645646,1.32432432432,4.64864864865,8.6,2.86666666667,3.64551639549,0.784209922286,0.403834066625,4.36561090325,1.87822794675,0.79384035198,1.76468527339,0.759225059481,0.421118793212,0.579945114934,0.437917739848,2,1.33333333333,0.585540043769,2,0,0,0,0,0.156308361497,37,36,36,0.972972972973,0,0.702702702703,0.108108108108,0.162162162162,37,87,0.0653153153153,1.32432432432,4.7027027027,8.7,2.9,3.67321282973,0.781085486782,0.401988195092,4.37299932805,1.85978132342,0.790928859894,1.75144727799,0.744868382592,0.414414414414,0.579945114934,0.437917739848,2,1.33333333333,0.585540043769,2,0,0,0,0,0.161863917052,37,36,36,0.972972972973,0,0.702702702703,0.108108108108,0.162162162162,-129,-0.0968468468468,0,-6.97297297297,-12.9,-3.1,-4.52588621987,0.0788478366998,0.0919281350316,-5.95633730095,0.0904042156781,0.0256635946291,-1.33538419272,0.21610558437,0.161661661662,0,0,0,0.00900900900901,0.00559492883467,0,-0.0121701261701,-0.00597269624573,-7,-0.000900900900901,-0.459332664144,-0.027027027027,-0.135135135135,0.135135135135,87,0,129,1116,0.402777777778,1,0,0.597222222222,1,0.402777777778,0.574257425743,0.600869517206,0.402777777778,0.402777777778,1,130,0,0,0,0
1468,WLNM_dir_neg,0.983180473373,0.915614695788,00:00:03,10,40,14,1234218138,threshold_sweep,0.1,0.925925925926,0.192307692308,0.31847133758,25,2,105,258,0.192307692308,0.992307692308,0.00769230769231,0.807692307692,0.925925925926,0.192307692308,0.31847133758,0.725641025641,0.64358974359,0.230215827338,0.342839651484,0.184615384615,216,86,130,0,216,0,86,0,130,37,216,0.162162162162,1.32432432432,11.6756756757,21.6,6,8.1990990496,0.702237650082,0.31006006006,10.329336629,1.76937710775,0.765265265265,3.0868314707,0.528762798222,0.252752752753,0.579945114934,0.437917739848,2,1.32432432432,0.579945114934,2,0.0121701261701,0.00597269624573,7,0.000900900900901,0.621196581197,37,37,37,1,0,0.72972972973,0.243243243243,0.027027027027,37,0.0645645645646,1.32432432432,4.64864864865,8.6,3.07142857143,3.80946348086,0.819477609255,0.426775612822,4.35286657818,1.87274492317,0.794468887492,1.90108235332,0.817907524104,0.456316781898,0.579945114934,0.437917739848,2,1.35294117647,0.597081434027,2,0,0,0,0,0.179374830345,37,34,34,0.918918918919,0,0.648648648649,0.108108108108,0.162162162162,37,113,0.0848348348348,1.44012474012,6.10810810811,9.41666666667,3.13888888889,5.19499643773,0.850508266353,0.397990911265,5.89230169112,1.92933772187,0.794068404688,1.85511224497,0.607426133309,0.336761540301,0.704477870579,0.489178368339,2.20769230769,1.44012474012,0.704477870579,2.20769230769,0.0589657401422,0.00564440263405,2,0.0002574002574,0.158825315109,37,37,37,1,0,0.675675675676,0.297297297297,0.027027027027,-103,-0.0773273273273,0.1158004158,-5.56756756757,-12.1833333333,-2.86111111111,-3.00410261188,0.148270616272,0.0879308512052,-4.43703493788,0.159960614127,0.0288031394226,-1.23171922573,0.0786633350867,0.0840087875486,0.124532755644,0.0512606284905,0.207692307692,0.1158004158,0.124532755644,0.207692307692,0.0467956139721,-0.000328293611679,-5,-0.000643500643501,-0.462371266088,-0.0540540540541,0.0540540540541,0,111,2,105,1114,0.513888888889,0.998207885305,0.00179211469534,0.486111111111,0.982300884956,0.513888888889,0.674772036474,0.677438599425,0.512096774194,0.509174311927,27,130,0,0,0,0
1469,WLNM_dir_neg,0.983180473373,0.915614695788,00:00:03,10,40,14,1234218138,threshold_sweep,0.2,0.925925925926,0.192307692308,0.31847133758,25,2,105,258,0.192307692308,0.992307692308,0.00769230769231,0.807692307692,0.925925925926,0.192307692308,0.31847133758,0.725641025641,0.64358974359,0.230215827338,0.342839651484,0.184615384615,216,86,130,0,216,0,86,0,130,37,216,0.162162162162,1.32432432432,11.6756756757,21.6,6,8.1990990496,0.702237650082,0.31006006006,10.329336629,1.76937710775,0.765265265265,3.0868314707,0.528762798222,0.252752752753,0.579945114934,0.437917739848,2,1.32432432432,0.579945114934,2,0.0121701261701,0.00597269624573,7,0.000900900900901,0.621196581197,37,37,37,1,0,0.72972972973,0.243243243243,0.027027027027,37,0.0645645645646,1.32432432432,4.64864864865,8.6,3.07142857143,3.80946348086,0.819477609255,0.426775612822,4.35286657818,1.87274492317,0.794468887492,1.90108235332,0.817907524104,0.456316781898,0.579945114934,0.437917739848,2,1.35294117647,0.597081434027,2,0,0,0,0,0.179374830345,37,34,34,0.918918918919,0,0.648648648649,0.108108108108,0.162162162162,37,113,0.0848348348348,1.44012474012,6.10810810811,9.41666666667,3.13888888889,5.19499643773,0.850508266353,0.397990911265,5.89230169112,1.92933772187,0.794068404688,1.85511224497,0.607426133309,0.336761540301,0.704477870579,0.489178368339,2.20769230769,1.44012474012,0.704477870579,2.20769230769,0.0589657401422,0.00564440263405,2,0.0002574002574,0.158825315109,37,37,37,1,0,0.675675675676,0.297297297297,0.027027027027,-103,-0.0773273273273,0.1158004158,-5.56756756757,-12.1833333333,-2.86111111111,-3.00410261188,0.148270616272,0.0879308512052,-4.43703493788,0.159960614127,0.0288031394226,-1.23171922573,0.0786633350867,0.0840087875486,0.124532755644,0.0512606284905,0.207692307692,0.1158004158,0.124532755644,0.207692307692,0.0467956139721,-0.000328293611679,-5,-0.000643500643501,-0.462371266088,-0.0540540540541,0.0540540540541,0,111,2,105,1114,0.513888888889,0.998207885305,0.00179211469534,0.486111111111,0.982300884956,0.513888888889,0.674772036474,0.677438599425,0.512096774194,0.509174311927,27,130,0,0,0,0
1470,WLNM_dir_neg,0.983180473373,0.915614695788,00:00:03,10,40,14,1234218138,threshold_sweep,0.3,0.925925925926,0.192307692308,0.31847133758,25,2,105,258,0.192307692308,0.992307692308,0.00769230769231,0.807692307692,0.925925925926,0.192307692308,0.31847133758,0.725641025641,0.64358974359,0.230215827338,0.342839651484,0.184615384615,216,86,130,0,216,0,86,0,130,37,216,0.162162162162,1.32432432432,11.6756756757,21.6,6,8.1990990496,0.702237650082,0.31006006006,10.329336629,1.76937710775,0.765265265265,3.0868314707,0.528762798222,0.252752752753,0.579945114934,0.437917739848,2,1.32432432432,0.579945114934,2,0.0121701261701,0.00597269624573,7,0.000900900900901,0.621196581197,37,37,37,1,0,0.72972972973,0.243243243243,0.027027027027,37,0.0645645645646,1.32432432432,4.64864864865,8.6,3.07142857143,3.80946348086,0.819477609255,0.426775612822,4.35286657818,1.87274492317,0.794468887492,1.90108235332,0.817907524104,0.456316781898,0.579945114934,0.437917739848,2,1.35294117647,0.597081434027,2,0,0,0,0,0.179374830345,37,34,34,0.918918918919,0,0.648648648649,0.108108108108,0.162162162162,37,113,0.0848348348348,1.44012474012,6.10810810811,9.41666666667,3.13888888889,5.19499643773,0.850508266353,0.397990911265,5.89230169112,1.92933772187,0.794068404688,1.85511224497,0.607426133309,0.336761540301,0.704477870579,0.489178368339,2.20769230769,1.44012474012,0.704477870579,2.20769230769,0.0589657401422,0.00564440263405,2,0.0002574002574,0.158825315109,37,37,37,1,0,0.675675675676,0.297297297297,0.027027027027,-103,-0.0773273273273,0.1158004158,-5.56756756757,-12.1833333333,-2.86111111111,-3.00410261188,0.148270616272,0.0879308512052,-4.43703493788,0.159960614127,0.0288031394226,-1.23171922573,0.0786633350867,0.0840087875486,0.124532755644,0.0512606284905,0.207692307692,0.1158004158,0.124532755644,0.207692307692,0.0467956139721,-0.000328293611679,-5,-0.000643500643501,-0.462371266088,-0.0540540540541,0.0540540540541,0,111,2,105,1114,0.513888888889,0.998207885305,0.00179211469534,0.486111111111,0.982300884956,0.513888888889,0.674772036474,0.677438599425,0.512096774194,0.509174311927,27,130,0,0,0,0
1471,WLNM_dir_neg,0.983180473373,0.915614695788,00:00:03,10,40,14,1234218138,threshold_sweep,0.4,1,0.176923076923,0.300653594771,23,0,107,260,0.176923076923,1,0,0.823076923077,1,0.176923076923,0.300653594771,0.725641025641,0.647008547009,0.222760290557,0.354034743288,0.176923076923,216,86,130,0,216,0,86,0,130,37,216,0.162162162162,1.32432432432,11.6756756757,21.6,6,8.1990990496,0.702237650082,0.31006006006,10.329336629,1.76937710775,0.765265265265,3.0868314707,0.528762798222,0.252752752753,0.579945114934,0.437917739848,2,1.32432432432,0.579945114934,2,0.0121701261701,0.00597269624573,7,0.000900900900901,0.621196581197,37,37,37,1,0,0.72972972973,0.243243243243,0.027027027027,37,0.0645645645646,1.32432432432,4.64864864865,8.6,3.07142857143,3.80946348086,0.819477609255,0.426775612822,4.35286657818,1.87274492317,0.794468887492,1.90108235332,0.817907524104,0.456316781898,0.579945114934,0.437917739848,2,1.35294117647,0.597081434027,2,0,0,0,0,0.179374830345,37,34,34,0.918918918919,0,0.648648648649,0.108108108108,0.162162162162,37,109,0.0818318318318,1.32432432432,5.89189189189,10.9,3.20588235294,4.96534537114,0.842742104275,0.411604264815,5.70548442751,1.93672407172,0.797917183238,1.95712297272,0.664344495325,0.370443838334,0.579945114934,0.437917739848,2,1.34285714286,0.591252764842,2,0.0313649313649,0.00307062436029,1,0.0001287001287,0.211547784097,37,35,35,0.945945945946,0,0.675675675676,0.243243243243,0.027027027027,-107,-0.0803303303303,0,-5.78378378378,-10.7,-2.79411764706,-3.23375367847,0.140504454193,0.101544204755,-4.62385220149,0.167346963978,0.032651917973,-1.12970849799,0.135581697103,0.117691085581,0,0,0,0.0185328185328,0.0113076499071,0,0.0191948051948,-0.00290207188545,-6,-0.000772200772201,-0.4096487971,-0.0540540540541,0,0,109,0,107,1116,0.50462962963,1,0,0.49537037037,1,0.50462962963,0.670769230769,0.67858654182,0.50462962963,0.50462962963,23,130,0,0,0,0
1472,WLNM_dir_neg,0.983180473373,0.915614695788,00:00:03,10,40,14,1234218138,threshold_sweep,0.5,1,0.176923076923,0.300653594771,23,0,107,260,0.176923076923,1,0,0.823076923077,1,0.176923076923,0.300653594771,0.725641025641,0.647008547009,0.222760290557,0.354034743288,0.176923076923,216,86,130,0,216,0,86,0,130,37,216,0.162162162162,1.32432432432,11.6756756757,21.6,6,8.1990990496,0.702237650082,0.31006006006,10.329336629,1.76937710775,0.765265265265,3.0868314707,0.528762798222,0.252752752753,0.579945114934,0.437917739848,2,1.32432432432,0.579945114934,2,0.0121701261701,0.00597269624573,7,0.000900900900901,0.621196581197,37,37,37,1,0,0.72972972973,0.243243243243,0.027027027027,37,0.0645645645646,1.32432432432,4.64864864865,8.6,3.07142857143,3.80946348086,0.819477609255,0.426775612822,4.35286657818,1.87274492317,0.794468887492,1.90108235332,0.817907524104,0.456316781898,0.579945114934,0.437917739848,2,1.35294117647,0.597081434027,2,0,0,0,0,0.179374830345,37,34,34,0.918918918919,0,0.648648648649,0.108108108108,0.162162162162,37,109,0.0818318318318,1.32432432432,5.89189189189,10.9,3.20588235294,4.96534537114,0.842742104275,0.411604264815,5.70548442751,1.93672407172,0.797917183238,1.95712297272,0.664344495325,0.370443838334,0.579945114934,0.437917739848,2,1.34285714286,0.591252764842,2,0.0313649313649,0.00307062436029,1,0.0001287001287,0.211547784097,37,35,35,0.945945945946,0,0.675675675676,0.243243243243,0.027027027027,-107,-0.0803303303303,0,-5.78378378378,-10.7,-2.79411764706,-3.23375367847,0.140504454193,0.101544204755,-4.62385220149,0.167346963978,0.032651917973,-1.12970849799,0.135581697103,0.117691085581,0,0,0,0.0185328185328,0.0113076499071,0,0.0191948051948,-0.00290207188545,-6,-0.000772200772201,-0.4096487971,-0.0540540540541,0,0,109,0,107,1116,0.50462962963,1,0,0.49537037037,1,0.50462962963,0.670769230769,0.67858654182,0.50462962963,0.50462962963,23,130,0,0,0,0
1473,WLNM_dir_neg,0.983180473373,0.915614695788,00:00:03,10,40,14,1234218138,threshold_sweep,0.6,1,0.176923076923,0.300653594771,23,0,107,260,0.176923076923,1,0,0.823076923077,1,0.176923076923,0.300653594771,0.725641025641,0.647008547009,0.222760290557,0.354034743288,0.176923076923,216,86,130,0,216,0,86,0,130,37,216,0.162162162162,1.32432432432,11.6756756757,21.6,6,8.1990990496,0.702237650082,0.31006006006,10.329336629,1.76937710775,0.765265265265,3.0868314707,0.528762798222,0.252752752753,0.579945114934,0.437917739848,2,1.32432432432,0.579945114934,2,0.0121701261701,0.00597269624573,7,0.000900900900901,0.621196581197,37,37,37,1,0,0.72972972973,0.243243243243,0.027027027027,37,0.0645645645646,1.32432432432,4.64864864865,8.6,3.07142857143,3.80946348086,0.819477609255,0.426775612822,4.35286657818,1.87274492317,0.794468887492,1.90108235332,0.817907524104,0.456316781898,0.579945114934,0.437917739848,2,1.35294117647,0.597081434027,2,0,0,0,0,0.179374830345,37,34,34,0.918918918919,0,0.648648648649,0.108108108108,0.162162162162,37,109,0.0818318318318,1.32432432432,5.89189189189,10.9,3.20588235294,4.96534537114,0.842742104275,0.411604264815,5.70548442751,1.93672407172,0.797917183238,1.95712297272,0.664344495325,0.370443838334,0.579945114934,0.437917739848,2,1.34285714286,0.591252764842,2,0.0313649313649,0.00307062436029,1,0.0001287001287,0.211547784097,37,35,35,0.945945945946,0,0.675675675676,0.243243243243,0.027027027027,-107,-0.0803303303303,0,-5.78378378378,-10.7,-2.79411764706,-3.23375367847,0.140504454193,0.101544204755,-4.62385220149,0.167346963978,0.032651917973,-1.12970849799,0.135581697103,0.117691085581,0,0,0,0.0185328185328,0.0113076499071,0,0.0191948051948,-0.00290207188545,-6,-0.000772200772201,-0.4096487971,-0.0540540540541,0,0,109,0,107,1116,0.50462962963,1,0,0.49537037037,1,0.50462962963,0.670769230769,0.67858654182,0.50462962963,0.50462962963,23,130,0,0,0,0
1474,WLNM_dir_neg,0.983180473373,0.915614695788,00:00:03,10,40,14,1234218138,threshold_sweep,0.7,1,0.176923076923,0.300653594771,23,0,107,260,0.176923076923,1,0,0.823076923077,1,0.176923076923,0.300653594771,0.725641025641,0.647008547009,0.222760290557,0.354034743288,0.176923076923,216,86,130,0,216,0,86,0,130,37,216,0.162162162162,1.32432432432,11.6756756757,21.6,6,8.1990990496,0.702237650082,0.31006006006,10.329336629,1.76937710775,0.765265265265,3.0868314707,0.528762798222,0.252752752753,0.579945114934,0.437917739848,2,1.32432432432,0.579945114934,2,0.0121701261701,0.00597269624573,7,0.000900900900901,0.621196581197,37,37,37,1,0,0.72972972973,0.243243243243,0.027027027027,37,0.0645645645646,1.32432432432,4.64864864865,8.6,3.07142857143,3.80946348086,0.819477609255,0.426775612822,4.35286657818,1.87274492317,0.794468887492,1.90108235332,0.817907524104,0.456316781898,0.579945114934,0.437917739848,2,1.35294117647,0.597081434027,2,0,0,0,0,0.179374830345,37,34,34,0.918918918919,0,0.648648648649,0.108108108108,0.162162162162,37,109,0.0818318318318,1.32432432432,5.89189189189,10.9,3.20588235294,4.96534537114,0.842742104275,0.411604264815,5.70548442751,1.93672407172,0.797917183238,1.95712297272,0.664344495325,0.370443838334,0.579945114934,0.437917739848,2,1.34285714286,0.591252764842,2,0.0313649313649,0.00307062436029,1,0.0001287001287,0.211547784097,37,35,35,0.945945945946,0,0.675675675676,0.243243243243,0.027027027027,-107,-0.0803303303303,0,-5.78378378378,-10.7,-2.79411764706,-3.23375367847,0.140504454193,0.101544204755,-4.62385220149,0.167346963978,0.032651917973,-1.12970849799,0.135581697103,0.117691085581,0,0,0,0.0185328185328,0.0113076499071,0,0.0191948051948,-0.00290207188545,-6,-0.000772200772201,-0.4096487971,-0.0540540540541,0,0,109,0,107,1116,0.50462962963,1,0,0.49537037037,1,0.50462962963,0.670769230769,0.67858654182,0.50462962963,0.50462962963,23,130,0,0,0,0
1475,WLNM_dir_neg,0.983180473373,0.915614695788,00:00:03,10,40,14,1234218138,threshold_sweep,0.8,1,0.176923076923,0.300653594771,23,0,107,260,0.176923076923,1,0,0.823076923077,1,0.176923076923,0.300653594771,0.725641025641,0.647008547009,0.222760290557,0.354034743288,0.176923076923,216,86,130,0,216,0,86,0,130,37,216,0.162162162162,1.32432432432,11.6756756757,21.6,6,8.1990990496,0.702237650082,0.31006006006,10.329336629,1.76937710775,0.765265265265,3.0868314707,0.528762798222,0.252752752753,0.579945114934,0.437917739848,2,1.32432432432,0.579945114934,2,0.0121701261701,0.00597269624573,7,0.000900900900901,0.621196581197,37,37,37,1,0,0.72972972973,0.243243243243,0.027027027027,37,0.0645645645646,1.32432432432,4.64864864865,8.6,3.07142857143,3.80946348086,0.819477609255,0.426775612822,4.35286657818,1.87274492317,0.794468887492,1.90108235332,0.817907524104,0.456316781898,0.579945114934,0.437917739848,2,1.35294117647,0.597081434027,2,0,0,0,0,0.179374830345,37,34,34,0.918918918919,0,0.648648648649,0.108108108108,0.162162162162,37,109,0.0818318318318,1.32432432432,5.89189189189,10.9,3.20588235294,4.96534537114,0.842742104275,0.411604264815,5.70548442751,1.93672407172,0.797917183238,1.95712297272,0.664344495325,0.370443838334,0.579945114934,0.437917739848,2,1.34285714286,0.591252764842,2,0.0313649313649,0.00307062436029,1,0.0001287001287,0.211547784097,37,35,35,0.945945945946,0,0.675675675676,0.243243243243,0.027027027027,-107,-0.0803303303303,0,-5.78378378378,-10.7,-2.79411764706,-3.23375367847,0.140504454193,0.101544204755,-4.62385220149,0.167346963978,0.032651917973,-1.12970849799,0.135581697103,0.117691085581,0,0,0,0.0185328185328,0.0113076499071,0,0.0191948051948,-0.00290207188545,-6,-0.000772200772201,-0.4096487971,-0.0540540540541,0,0,109,0,107,1116,0.50462962963,1,0,0.49537037037,1,0.50462962963,0.670769230769,0.67858654182,0.50462962963,0.50462962963,23,130,0,0,0,0
1476,WLNM_dir_neg,0.983180473373,0.915614695788,00:00:03,10,40,14,1234218138,threshold_sweep,0.9,1,0.176923076923,0.300653594771,23,0,107,260,0.176923076923,1,0,0.823076923077,1,0.176923076923,0.300653594771,0.725641025641,0.647008547009,0.222760290557,0.354034743288,0.176923076923,216,86,130,0,216,0,86,0,130,37,216,0.162162162162,1.32432432432,11.6756756757,21.6,6,8.1990990496,0.702237650082,0.31006006006,10.329336629,1.76937710775,0.765265265265,3.0868314707,0.528762798222,0.252752752753,0.579945114934,0.437917739848,2,1.32432432432,0.579945114934,2,0.0121701261701,0.00597269624573,7,0.000900900900901,0.621196581197,37,37,37,1,0,0.72972972973,0.243243243243,0.027027027027,37,0.0645645645646,1.32432432432,4.64864864865,8.6,3.07142857143,3.80946348086,0.819477609255,0.426775612822,4.35286657818,1.87274492317,0.794468887492,1.90108235332,0.817907524104,0.456316781898,0.579945114934,0.437917739848,2,1.35294117647,0.597081434027,2,0,0,0,0,0.179374830345,37,34,34,0.918918918919,0,0.648648648649,0.108108108108,0.162162162162,37,109,0.0818318318318,1.32432432432,5.89189189189,10.9,3.20588235294,4.96534537114,0.842742104275,0.411604264815,5.70548442751,1.93672407172,0.797917183238,1.95712297272,0.664344495325,0.370443838334,0.579945114934,0.437917739848,2,1.34285714286,0.591252764842,2,0.0313649313649,0.00307062436029,1,0.0001287001287,0.211547784097,37,35,35,0.945945945946,0,0.675675675676,0.243243243243,0.027027027027,-107,-0.0803303303303,0,-5.78378378378,-10.7,-2.79411764706,-3.23375367847,0.140504454193,0.101544204755,-4.62385220149,0.167346963978,0.032651917973,-1.12970849799,0.135581697103,0.117691085581,0,0,0,0.0185328185328,0.0113076499071,0,0.0191948051948,-0.00290207188545,-6,-0.000772200772201,-0.4096487971,-0.0540540540541,0,0,109,0,107,1116,0.50462962963,1,0,0.49537037037,1,0.50462962963,0.670769230769,0.67858654182,0.50462962963,0.50462962963,23,130,0,0,0,0
1477,WLNM_dir_neg,0.976183431953,0.829548120358,00:00:03,10,40,15,1234218139,threshold_sweep,0.1,0.964285714286,0.207692307692,0.341772151899,27,1,103,259,0.207692307692,0.996153846154,0.00384615384615,0.792307692308,0.964285714286,0.207692307692,0.341772151899,0.733333333333,0.642735042735,0.253588516746,0.372243883867,0.203846153846,216,86,130,0,216,0,86,0,130,37,216,0.162162162162,1.32432432432,11.6756756757,21.6,6,8.1990990496,0.702237650082,0.31006006006,10.329336629,1.76937710775,0.765265265265,3.0868314707,0.528762798222,0.252752752753,0.579945114934,0.437917739848,2,1.32432432432,0.579945114934,2,0.0121701261701,0.00597269624573,7,0.000900900900901,0.621196581197,37,37,37,1,0,0.72972972973,0.243243243243,0.027027027027,37,0.0645645645646,1.32432432432,4.64864864865,8.6,2.6875,3.64551639549,0.784209922286,0.385920804525,4.28209485373,1.84229662312,0.790069138906,1.51022540728,0.64974814034,0.362664990572,0.579945114934,0.437917739848,2,1.33333333333,0.585540043769,2,0.0120879120879,0.00542495479204,1,0.0001287001287,0.139649773553,37,36,36,0.972972972973,0,0.702702702703,0.162162162162,0.108108108108,37,114,0.0855855855856,1.32936326157,6.16216216216,11.4,3.16666666667,5.06904282831,0.8226078274,0.387387387387,5.78493435274,1.87756641273,0.786154575628,1.55238845329,0.503845375191,0.280227596017,0.595375966984,0.447865518927,2.16949152542,1.33851224105,0.601177844342,2.16949152542,0.0148097700619,0.0144927536232,5,0.000643500643501,0.188447696878,37,36,36,0.972972972973,0,0.702702702703,0.27027027027,0,-102,-0.0765765765766,0.00503893724233,-5.51351351351,-10.2,-2.83333333333,-3.1300562213,0.120370177319,0.0773273273273,-4.54440227626,0.108189304985,0.020889310363,-1.53444301741,-0.0249174230316,0.0274748432643,0.0154308520497,0.00994777907862,0.169491525424,0.0141879167303,0.0212327294071,0.169491525424,0.00263964389174,0.00852005737745,-2,-0.0002574002574,-0.432748884319,-0.027027027027,0.027027027027,-0.027027027027,113,1,103,1115,0.523148148148,0.999103942652,0.00089605734767,0.476851851852,0.991228070175,0.523148148148,0.684848484848,0.688118272496,0.5222520908,0.520737327189,28,130,0,0,0,0
1478,WLNM_dir_neg,0.976183431953,0.829548120358,00:00:03,10,40,15,1234218139,threshold_sweep,0.2,0.964285714286,0.207692307692,0.341772151899,27,1,103,259,0.207692307692,0.996153846154,0.00384615384615,0.792307692308,0.964285714286,0.207692307692,0.341772151899,0.733333333333,0.642735042735,0.253588516746,0.372243883867,0.203846153846,216,86,130,0,216,0,86,0,130,37,216,0.162162162162,1.32432432432,11.6756756757,21.6,6,8.1990990496,0.702237650082,0.31006006006,10.329336629,1.76937710775,0.765265265265,3.0868314707,0.528762798222,0.252752752753,0.579945114934,0.437917739848,2,1.32432432432,0.579945114934,2,0.0121701261701,0.00597269624573,7,0.000900900900901,0.621196581197,37,37,37,1,0,0.72972972973,0.243243243243,0.027027027027,37,0.0645645645646,1.32432432432,4.64864864865,8.6,2.6875,3.64551639549,0.784209922286,0.385920804525,4.28209485373,1.84229662312,0.790069138906,1.51022540728,0.64974814034,0.362664990572,0.579945114934,0.437917739848,2,1.33333333333,0.585540043769,2,0.0120879120879,0.00542495479204,1,0.0001287001287,0.139649773553,37,36,36,0.972972972973,0,0.702702702703,0.162162162162,0.108108108108,37,114,0.0855855855856,1.32936326157,6.16216216216,11.4,3.16666666667,5.06904282831,0.8226078274,0.387387387387,5.78493435274,1.87756641273,0.786154575628,1.55238845329,0.503845375191,0.280227596017,0.595375966984,0.447865518927,2.16949152542,1.33851224105,0.601177844342,2.16949152542,0.0148097700619,0.0144927536232,5,0.000643500643501,0.188447696878,37,36,36,0.972972972973,0,0.702702702703,0.27027027027,0,-102,-0.0765765765766,0.00503893724233,-5.51351351351,-10.2,-2.83333333333,-3.1300562213,0.120370177319,0.0773273273273,-4.54440227626,0.108189304985,0.020889310363,-1.53444301741,-0.0249174230316,0.0274748432643,0.0154308520497,0.00994777907862,0.169491525424,0.0141879167303,0.0212327294071,0.169491525424,0.00263964389174,0.00852005737745,-2,-0.0002574002574,-0.432748884319,-0.027027027027,0.027027027027,-0.027027027027,113,1,103,1115,0.523148148148,0.999103942652,0.00089605734767,0.476851851852,0.991228070175,0.523148148148,0.684848484848,0.688118272496,0.5222520908,0.520737327189,28,130,0,0,0,0
1479,WLNM_dir_neg,0.976183431953,0.829548120358,00:00:03,10,40,15,1234218139,threshold_sweep,0.3,0.964285714286,0.207692307692,0.341772151899,27,1,103,259,0.207692307692,0.996153846154,0.00384615384615,0.792307692308,0.964285714286,0.207692307692,0.341772151899,0.733333333333,0.642735042735,0.253588516746,0.372243883867,0.203846153846,216,86,130,0,216,0,86,0,130,37,216,0.162162162162,1.32432432432,11.6756756757,21.6,6,8.1990990496,0.702237650082,0.31006006006,10.329336629,1.76937710775,0.765265265265,3.0868314707,0.528762798222,0.252752752753,0.579945114934,0.437917739848,2,1.32432432432,0.579945114934,2,0.0121701261701,0.00597269624573,7,0.000900900900901,0.621196581197,37,37,37,1,0,0.72972972973,0.243243243243,0.027027027027,37,0.0645645645646,1.32432432432,4.64864864865,8.6,2.6875,3.64551639549,0.784209922286,0.385920804525,4.28209485373,1.84229662312,0.790069138906,1.51022540728,0.64974814034,0.362664990572,0.579945114934,0.437917739848,2,1.33333333333,0.585540043769,2,0.0120879120879,0.00542495479204,1,0.0001287001287,0.139649773553,37,36,36,0.972972972973,0,0.702702702703,0.162162162162,0.108108108108,37,114,0.0855855855856,1.32936326157,6.16216216216,11.4,3.16666666667,5.06904282831,0.8226078274,0.387387387387,5.78493435274,1.87756641273,0.786154575628,1.55238845329,0.503845375191,0.280227596017,0.595375966984,0.447865518927,2.16949152542,1.33851224105,0.601177844342,2.16949152542,0.0148097700619,0.0144927536232,5,0.000643500643501,0.188447696878,37,36,36,0.972972972973,0,0.702702702703,0.27027027027,0,-102,-0.0765765765766,0.00503893724233,-5.51351351351,-10.2,-2.83333333333,-3.1300562213,0.120370177319,0.0773273273273,-4.54440227626,0.108189304985,0.020889310363,-1.53444301741,-0.0249174230316,0.0274748432643,0.0154308520497,0.00994777907862,0.169491525424,0.0141879167303,0.0212327294071,0.169491525424,0.00263964389174,0.00852005737745,-2,-0.0002574002574,-0.432748884319,-0.027027027027,0.027027027027,-0.027027027027,113,1,103,1115,0.523148148148,0.999103942652,0.00089605734767,0.476851851852,0.991228070175,0.523148148148,0.684848484848,0.688118272496,0.5222520908,0.520737327189,28,130,0,0,0,0
1480,WLNM_dir_neg,0.976183431953,0.829548120358,00:00:03,10,40,15,1234218139,threshold_sweep,0.4,0.964285714286,0.207692307692,0.341772151899,27,1,103,259,0.207692307692,0.996153846154,0.00384615384615,0.792307692308,0.964285714286,0.207692307692,0.341772151899,0.733333333333,0.642735042735,0.253588516746,0.372243883867,0.203846153846,216,86,130,0,216,0,86,0,130,37,216,0.162162162162,1.32432432432,11.6756756757,21.6,6,8.1990990496,0.702237650082,0.31006006006,10.329336629,1.76937710775,0.765265265265,3.0868314707,0.528762798222,0.252752752753,0.579945114934,0.437917739848,2,1.32432432432,0.579945114934,2,0.0121701261701,0.00597269624573,7,0.000900900900901,0.621196581197,37,37,37,1,0,0.72972972973,0.243243243243,0.027027027027,37,0.0645645645646,1.32432432432,4.64864864865,8.6,2.6875,3.64551639549,0.784209922286,0.385920804525,4.28209485373,1.84229662312,0.790069138906,1.51022540728,0.64974814034,0.362664990572,0.579945114934,0.437917739848,2,1.33333333333,0.585540043769,2,0.0120879120879,0.00542495479204,1,0.0001287001287,0.139649773553,37,36,36,0.972972972973,0,0.702702702703,0.162162162162,0.108108108108,37,114,0.0855855855856,1.32936326157,6.16216216216,11.4,3.16666666667,5.06904282831,0.8226078274,0.387387387387,5.78493435274,1.87756641273,0.786154575628,1.55238845329,0.503845375191,0.280227596017,0.595375966984,0.447865518927,2.16949152542,1.33851224105,0.601177844342,2.16949152542,0.0148097700619,0.0144927536232,5,0.000643500643501,0.188447696878,37,36,36,0.972972972973,0,0.702702702703,0.27027027027,0,-102,-0.0765765765766,0.00503893724233,-5.51351351351,-10.2,-2.83333333333,-3.1300562213,0.120370177319,0.0773273273273,-4.54440227626,0.108189304985,0.020889310363,-1.53444301741,-0.0249174230316,0.0274748432643,0.0154308520497,0.00994777907862,0.169491525424,0.0141879167303,0.0212327294071,0.169491525424,0.00263964389174,0.00852005737745,-2,-0.0002574002574,-0.432748884319,-0.027027027027,0.027027027027,-0.027027027027,113,1,103,1115,0.523148148148,0.999103942652,0.00089605734767,0.476851851852,0.991228070175,0.523148148148,0.684848484848,0.688118272496,0.5222520908,0.520737327189,28,130,0,0,0,0
1481,WLNM_dir_neg,0.976183431953,0.829548120358,00:00:03,10,40,15,1234218139,threshold_sweep,0.5,0.964285714286,0.207692307692,0.341772151899,27,1,103,259,0.207692307692,0.996153846154,0.00384615384615,0.792307692308,0.964285714286,0.207692307692,0.341772151899,0.733333333333,0.642735042735,0.253588516746,0.372243883867,0.203846153846,216,86,130,0,216,0,86,0,130,37,216,0.162162162162,1.32432432432,11.6756756757,21.6,6,8.1990990496,0.702237650082,0.31006006006,10.329336629,1.76937710775,0.765265265265,3.0868314707,0.528762798222,0.252752752753,0.579945114934,0.437917739848,2,1.32432432432,0.579945114934,2,0.0121701261701,0.00597269624573,7,0.000900900900901,0.621196581197,37,37,37,1,0,0.72972972973,0.243243243243,0.027027027027,37,0.0645645645646,1.32432432432,4.64864864865,8.6,2.6875,3.64551639549,0.784209922286,0.385920804525,4.28209485373,1.84229662312,0.790069138906,1.51022540728,0.64974814034,0.362664990572,0.579945114934,0.437917739848,2,1.33333333333,0.585540043769,2,0.0120879120879,0.00542495479204,1,0.0001287001287,0.139649773553,37,36,36,0.972972972973,0,0.702702702703,0.162162162162,0.108108108108,37,114,0.0855855855856,1.32936326157,6.16216216216,11.4,3.16666666667,5.06904282831,0.8226078274,0.387387387387,5.78493435274,1.87756641273,0.786154575628,1.55238845329,0.503845375191,0.280227596017,0.595375966984,0.447865518927,2.16949152542,1.33851224105,0.601177844342,2.16949152542,0.0148097700619,0.0144927536232,5,0.000643500643501,0.188447696878,37,36,36,0.972972972973,0,0.702702702703,0.27027027027,0,-102,-0.0765765765766,0.00503893724233,-5.51351351351,-10.2,-2.83333333333,-3.1300562213,0.120370177319,0.0773273273273,-4.54440227626,0.108189304985,0.020889310363,-1.53444301741,-0.0249174230316,0.0274748432643,0.0154308520497,0.00994777907862,0.169491525424,0.0141879167303,0.0212327294071,0.169491525424,0.00263964389174,0.00852005737745,-2,-0.0002574002574,-0.432748884319,-0.027027027027,0.027027027027,-0.027027027027,113,1,103,1115,0.523148148148,0.999103942652,0.00089605734767,0.476851851852,0.991228070175,0.523148148148,0.684848484848,0.688118272496,0.5222520908,0.520737327189,28,130,0,0,0,0
1482,WLNM_dir_neg,0.976183431953,0.829548120358,00:00:03,10,40,15,1234218139,threshold_sweep,0.6,0.964285714286,0.207692307692,0.341772151899,27,1,103,259,0.207692307692,0.996153846154,0.00384615384615,0.792307692308,0.964285714286,0.207692307692,0.341772151899,0.733333333333,0.642735042735,0.253588516746,0.372243883867,0.203846153846,216,86,130,0,216,0,86,0,130,37,216,0.162162162162,1.32432432432,11.6756756757,21.6,6,8.1990990496,0.702237650082,0.31006006006,10.329336629,1.76937710775,0.765265265265,3.0868314707,0.528762798222,0.252752752753,0.579945114934,0.437917739848,2,1.32432432432,0.579945114934,2,0.0121701261701,0.00597269624573,7,0.000900900900901,0.621196581197,37,37,37,1,0,0.72972972973,0.243243243243,0.027027027027,37,0.0645645645646,1.32432432432,4.64864864865,8.6,2.6875,3.64551639549,0.784209922286,0.385920804525,4.28209485373,1.84229662312,0.790069138906,1.51022540728,0.64974814034,0.362664990572,0.579945114934,0.437917739848,2,1.33333333333,0.585540043769,2,0.0120879120879,0.00542495479204,1,0.0001287001287,0.139649773553,37,36,36,0.972972972973,0,0.702702702703,0.162162162162,0.108108108108,37,114,0.0855855855856,1.32936326157,6.16216216216,11.4,3.16666666667,5.06904282831,0.8226078274,0.387387387387,5.78493435274,1.87756641273,0.786154575628,1.55238845329,0.503845375191,0.280227596017,0.595375966984,0.447865518927,2.16949152542,1.33851224105,0.601177844342,2.16949152542,0.0148097700619,0.0144927536232,5,0.000643500643501,0.188447696878,37,36,36,0.972972972973,0,0.702702702703,0.27027027027,0,-102,-0.0765765765766,0.00503893724233,-5.51351351351,-10.2,-2.83333333333,-3.1300562213,0.120370177319,0.0773273273273,-4.54440227626,0.108189304985,0.020889310363,-1.53444301741,-0.0249174230316,0.0274748432643,0.0154308520497,0.00994777907862,0.169491525424,0.0141879167303,0.0212327294071,0.169491525424,0.00263964389174,0.00852005737745,-2,-0.0002574002574,-0.432748884319,-0.027027027027,0.027027027027,-0.027027027027,113,1,103,1115,0.523148148148,0.999103942652,0.00089605734767,0.476851851852,0.991228070175,0.523148148148,0.684848484848,0.688118272496,0.5222520908,0.520737327189,28,130,0,0,0,0
1483,WLNM_dir_neg,0.976183431953,0.829548120358,00:00:03,10,40,15,1234218139,threshold_sweep,0.7,0.964285714286,0.207692307692,0.341772151899,27,1,103,259,0.207692307692,0.996153846154,0.00384615384615,0.792307692308,0.964285714286,0.207692307692,0.341772151899,0.733333333333,0.642735042735,0.253588516746,0.372243883867,0.203846153846,216,86,130,0,216,0,86,0,130,37,216,0.162162162162,1.32432432432,11.6756756757,21.6,6,8.1990990496,0.702237650082,0.31006006006,10.329336629,1.76937710775,0.765265265265,3.0868314707,0.528762798222,0.252752752753,0.579945114934,0.437917739848,2,1.32432432432,0.579945114934,2,0.0121701261701,0.00597269624573,7,0.000900900900901,0.621196581197,37,37,37,1,0,0.72972972973,0.243243243243,0.027027027027,37,0.0645645645646,1.32432432432,4.64864864865,8.6,2.6875,3.64551639549,0.784209922286,0.385920804525,4.28209485373,1.84229662312,0.790069138906,1.51022540728,0.64974814034,0.362664990572,0.579945114934,0.437917739848,2,1.33333333333,0.585540043769,2,0.0120879120879,0.00542495479204,1,0.0001287001287,0.139649773553,37,36,36,0.972972972973,0,0.702702702703,0.162162162162,0.108108108108,37,114,0.0855855855856,1.32936326157,6.16216216216,11.4,3.16666666667,5.06904282831,0.8226078274,0.387387387387,5.78493435274,1.87756641273,0.786154575628,1.55238845329,0.503845375191,0.280227596017,0.595375966984,0.447865518927,2.16949152542,1.33851224105,0.601177844342,2.16949152542,0.0148097700619,0.0144927536232,5,0.000643500643501,0.188447696878,37,36,36,0.972972972973,0,0.702702702703,0.27027027027,0,-102,-0.0765765765766,0.00503893724233,-5.51351351351,-10.2,-2.83333333333,-3.1300562213,0.120370177319,0.0773273273273,-4.54440227626,0.108189304985,0.020889310363,-1.53444301741,-0.0249174230316,0.0274748432643,0.0154308520497,0.00994777907862,0.169491525424,0.0141879167303,0.0212327294071,0.169491525424,0.00263964389174,0.00852005737745,-2,-0.0002574002574,-0.432748884319,-0.027027027027,0.027027027027,-0.027027027027,113,1,103,1115,0.523148148148,0.999103942652,0.00089605734767,0.476851851852,0.991228070175,0.523148148148,0.684848484848,0.688118272496,0.5222520908,0.520737327189,28,130,0,0,0,0
1484,WLNM_dir_neg,0.976183431953,0.829548120358,00:00:03,10,40,15,1234218139,threshold_sweep,0.8,0.964285714286,0.207692307692,0.341772151899,27,1,103,259,0.207692307692,0.996153846154,0.00384615384615,0.792307692308,0.964285714286,0.207692307692,0.341772151899,0.733333333333,0.642735042735,0.253588516746,0.372243883867,0.203846153846,216,86,130,0,216,0,86,0,130,37,216,0.162162162162,1.32432432432,11.6756756757,21.6,6,8.1990990496,0.702237650082,0.31006006006,10.329336629,1.76937710775,0.765265265265,3.0868314707,0.528762798222,0.252752752753,0.579945114934,0.437917739848,2,1.32432432432,0.579945114934,2,0.0121701261701,0.00597269624573,7,0.000900900900901,0.621196581197,37,37,37,1,0,0.72972972973,0.243243243243,0.027027027027,37,0.0645645645646,1.32432432432,4.64864864865,8.6,2.6875,3.64551639549,0.784209922286,0.385920804525,4.28209485373,1.84229662312,0.790069138906,1.51022540728,0.64974814034,0.362664990572,0.579945114934,0.437917739848,2,1.33333333333,0.585540043769,2,0.0120879120879,0.00542495479204,1,0.0001287001287,0.139649773553,37,36,36,0.972972972973,0,0.702702702703,0.162162162162,0.108108108108,37,114,0.0855855855856,1.32936326157,6.16216216216,11.4,3.16666666667,5.06904282831,0.8226078274,0.387387387387,5.78493435274,1.87756641273,0.786154575628,1.55238845329,0.503845375191,0.280227596017,0.595375966984,0.447865518927,2.16949152542,1.33851224105,0.601177844342,2.16949152542,0.0148097700619,0.0144927536232,5,0.000643500643501,0.188447696878,37,36,36,0.972972972973,0,0.702702702703,0.27027027027,0,-102,-0.0765765765766,0.00503893724233,-5.51351351351,-10.2,-2.83333333333,-3.1300562213,0.120370177319,0.0773273273273,-4.54440227626,0.108189304985,0.020889310363,-1.53444301741,-0.0249174230316,0.0274748432643,0.0154308520497,0.00994777907862,0.169491525424,0.0141879167303,0.0212327294071,0.169491525424,0.00263964389174,0.00852005737745,-2,-0.0002574002574,-0.432748884319,-0.027027027027,0.027027027027,-0.027027027027,113,1,103,1115,0.523148148148,0.999103942652,0.00089605734767,0.476851851852,0.991228070175,0.523148148148,0.684848484848,0.688118272496,0.5222520908,0.520737327189,28,130,0,0,0,0
1485,WLNM_dir_neg,0.976183431953,0.829548120358,00:00:03,10,40,15,1234218139,threshold_sweep,0.9,0.964285714286,0.207692307692,0.341772151899,27,1,103,259,0.207692307692,0.996153846154,0.00384615384615,0.792307692308,0.964285714286,0.207692307692,0.341772151899,0.733333333333,0.642735042735,0.253588516746,0.372243883867,0.203846153846,216,86,130,0,216,0,86,0,130,37,216,0.162162162162,1.32432432432,11.6756756757,21.6,6,8.1990990496,0.702237650082,0.31006006006,10.329336629,1.76937710775,0.765265265265,3.0868314707,0.528762798222,0.252752752753,0.579945114934,0.437917739848,2,1.32432432432,0.579945114934,2,0.0121701261701,0.00597269624573,7,0.000900900900901,0.621196581197,37,37,37,1,0,0.72972972973,0.243243243243,0.027027027027,37,0.0645645645646,1.32432432432,4.64864864865,8.6,2.6875,3.64551639549,0.784209922286,0.385920804525,4.28209485373,1.84229662312,0.790069138906,1.51022540728,0.64974814034,0.362664990572,0.579945114934,0.437917739848,2,1.33333333333,0.585540043769,2,0.0120879120879,0.00542495479204,1,0.0001287001287,0.139649773553,37,36,36,0.972972972973,0,0.702702702703,0.162162162162,0.108108108108,37,114,0.0855855855856,1.32936326157,6.16216216216,11.4,3.16666666667,5.06904282831,0.8226078274,0.387387387387,5.78493435274,1.87756641273,0.786154575628,1.55238845329,0.503845375191,0.280227596017,0.595375966984,0.447865518927,2.16949152542,1.33851224105,0.601177844342,2.16949152542,0.0148097700619,0.0144927536232,5,0.000643500643501,0.188447696878,37,36,36,0.972972972973,0,0.702702702703,0.27027027027,0,-102,-0.0765765765766,0.00503893724233,-5.51351351351,-10.2,-2.83333333333,-3.1300562213,0.120370177319,0.0773273273273,-4.54440227626,0.108189304985,0.020889310363,-1.53444301741,-0.0249174230316,0.0274748432643,0.0154308520497,0.00994777907862,0.169491525424,0.0141879167303,0.0212327294071,0.169491525424,0.00263964389174,0.00852005737745,-2,-0.0002574002574,-0.432748884319,-0.027027027027,0.027027027027,-0.027027027027,113,1,103,1115,0.523148148148,0.999103942652,0.00089605734767,0.476851851852,0.991228070175,0.523148148148,0.684848484848,0.688118272496,0.5222520908,0.520737327189,28,130,0,0,0,0
1486,WLNM_dir_neg,0.974807692308,0.789526403772,00:00:02,10,40,16,1234218140,threshold_sweep,0.1,0.901960784314,0.353846153846,0.508287292818,46,5,84,255,0.353846153846,0.980769230769,0.0192307692308,0.646153846154,0.901960784314,0.353846153846,0.508287292818,0.771794871795,0.623076923077,0.394557823129,0.467863664031,0.334615384615,216,86,130,0,216,0,86,0,130,37,216,0.162162162162,1.32432432432,11.6756756757,21.6,6,8.1990990496,0.702237650082,0.31006006006,10.329336629,1.76937710775,0.765265265265,3.0868314707,0.528762798222,0.252752752753,0.579945114934,0.437917739848,2,1.32432432432,0.579945114934,2,0.0121701261701,0.00597269624573,7,0.000900900900901,0.621196581197,37,37,37,1,0,0.72972972973,0.243243243243,0.027027027027,37,0.0645645645646,1.33108108108,4.64864864865,8.6,2.60606060606,3.78018383016,0.813179079743,0.403205531113,4.30151171136,1.85065038745,0.791954745443,1.52850787906,0.657613854943,0.358265241986,0.601081357887,0.451573812016,2.25,1.35,0.61297250682,2.25,0.00851370851371,0.00525394045534,1,0.0001287001287,0.13855338628,37,35,35,0.945945945946,0,0.675675675676,0.216216216216,0.0540540540541,37,137,0.102852852853,1.33361974691,7.40540540541,13.7,3.91428571429,6.4181143798,0.866679679024,0.39475241665,7.15256311815,1.9317141268,0.798579601499,1.72988221925,0.467194467974,0.256855395542,0.595449067463,0.446490889806,2.04466631634,1.34288696211,0.601183391283,2.04466631634,0.186188647696,0.0967130214918,51,0.00656370656371,0.234450084017,37,36,36,0.972972972973,0,0.702702702703,0.243243243243,0.027027027027,-79,-0.0593093093093,0.00929542259022,-4.27027027027,-7.9,-2.08571428571,-1.7809846698,0.164442028942,0.0846923565902,-3.17677351085,0.162337019055,0.033314336234,-1.35694925145,-0.0615683302486,0.00410264278877,0.0155039525286,0.00857314995777,0.0446663163426,0.0185626377823,0.0212382763487,0.0446663163426,0.174018521526,0.090740325246,44,0.00566280566281,-0.38674649718,-0.027027027027,0,0,132,5,84,1111,0.611111111111,0.995519713262,0.00448028673835,0.388888888889,0.963503649635,0.611111111111,0.747875354108,0.736104055999,0.606630824373,0.597285067873,51,130,0,0,0,0
1487,WLNM_dir_neg,0.974807692308,0.789526403772,00:00:02,10,40,16,1234218140,threshold_sweep,0.2,0.901960784314,0.353846153846,0.508287292818,46,5,84,255,0.353846153846,0.980769230769,0.0192307692308,0.646153846154,0.901960784314,0.353846153846,0.508287292818,0.771794871795,0.623076923077,0.394557823129,0.467863664031,0.334615384615,216,86,130,0,216,0,86,0,130,37,216,0.162162162162,1.32432432432,11.6756756757,21.6,6,8.1990990496,0.702237650082,0.31006006006,10.329336629,1.76937710775,0.765265265265,3.0868314707,0.528762798222,0.252752752753,0.579945114934,0.437917739848,2,1.32432432432,0.579945114934,2,0.0121701261701,0.00597269624573,7,0.000900900900901,0.621196581197,37,37,37,1,0,0.72972972973,0.243243243243,0.027027027027,37,0.0645645645646,1.33108108108,4.64864864865,8.6,2.60606060606,3.78018383016,0.813179079743,0.403205531113,4.30151171136,1.85065038745,0.791954745443,1.52850787906,0.657613854943,0.358265241986,0.601081357887,0.451573812016,2.25,1.35,0.61297250682,2.25,0.00851370851371,0.00525394045534,1,0.0001287001287,0.13855338628,37,35,35,0.945945945946,0,0.675675675676,0.216216216216,0.0540540540541,37,137,0.102852852853,1.33361974691,7.40540540541,13.7,3.91428571429,6.4181143798,0.866679679024,0.39475241665,7.15256311815,1.9317141268,0.798579601499,1.72988221925,0.467194467974,0.256855395542,0.595449067463,0.446490889806,2.04466631634,1.34288696211,0.601183391283,2.04466631634,0.186188647696,0.0967130214918,51,0.00656370656371,0.234450084017,37,36,36,0.972972972973,0,0.702702702703,0.243243243243,0.027027027027,-79,-0.0593093093093,0.00929542259022,-4.27027027027,-7.9,-2.08571428571,-1.7809846698,0.164442028942,0.0846923565902,-3.17677351085,0.162337019055,0.033314336234,-1.35694925145,-0.0615683302486,0.00410264278877,0.0155039525286,0.00857314995777,0.0446663163426,0.0185626377823,0.0212382763487,0.0446663163426,0.174018521526,0.090740325246,44,0.00566280566281,-0.38674649718,-0.027027027027,0,0,132,5,84,1111,0.611111111111,0.995519713262,0.00448028673835,0.388888888889,0.963503649635,0.611111111111,0.747875354108,0.736104055999,0.606630824373,0.597285067873,51,130,0,0,0,0
1488,WLNM_dir_neg,0.974807692308,0.789526403772,00:00:02,10,40,16,1234218140,threshold_sweep,0.3,0.92,0.353846153846,0.511111111111,46,4,84,256,0.353846153846,0.984615384615,0.0153846153846,0.646153846154,0.92,0.353846153846,0.511111111111,0.774358974359,0.623931623932,0.4,0.477247007201,0.338461538462,216,86,130,0,216,0,86,0,130,37,216,0.162162162162,1.32432432432,11.6756756757,21.6,6,8.1990990496,0.702237650082,0.31006006006,10.329336629,1.76937710775,0.765265265265,3.0868314707,0.528762798222,0.252752752753,0.579945114934,0.437917739848,2,1.32432432432,0.579945114934,2,0.0121701261701,0.00597269624573,7,0.000900900900901,0.621196581197,37,37,37,1,0,0.72972972973,0.243243243243,0.027027027027,37,0.0645645645646,1.33108108108,4.64864864865,8.6,2.60606060606,3.78018383016,0.813179079743,0.403205531113,4.30151171136,1.85065038745,0.791954745443,1.52850787906,0.657613854943,0.358265241986,0.601081357887,0.451573812016,2.25,1.35,0.61297250682,2.25,0.00851370851371,0.00525394045534,1,0.0001287001287,0.13855338628,37,35,35,0.945945945946,0,0.675675675676,0.216216216216,0.0540540540541,37,136,0.102102102102,1.33033900953,7.35135135135,13.6,3.88571428571,6.35617030144,0.864626107181,0.391891891892,7.1260634842,1.93870844791,0.799284578696,1.76468527339,0.480098199378,0.264705882353,0.590129117623,0.443593034103,2.0289017341,1.33951509313,0.595817096509,2.0289017341,0.161008986088,0.0849420849421,44,0.00566280566281,0.235184424701,37,36,36,0.972972972973,0,0.702702702703,0.243243243243,0.027027027027,-80,-0.0600600600601,0.00601468520544,-4.32432432432,-8,-2.11428571429,-1.84292874817,0.162388457099,0.0818318318318,-3.2032731448,0.169331340161,0.0340193134311,-1.32214619732,-0.0486645988447,0.0119531296002,0.0101840026888,0.0056752942548,0.028901734104,0.0151907688035,0.0158719815742,0.028901734104,0.148838859918,0.0789693886964,37,0.0047619047619,-0.386012156496,-0.027027027027,0,0,132,4,84,1112,0.611111111111,0.996415770609,0.00358422939068,0.388888888889,0.970588235294,0.611111111111,0.75,0.73958727134,0.60752688172,0.6,50,130,0,0,0,0
1489,WLNM_dir_neg,0.974807692308,0.789526403772,00:00:02,10,40,16,1234218140,threshold_sweep,0.4,0.92,0.353846153846,0.511111111111,46,4,84,256,0.353846153846,0.984615384615,0.0153846153846,0.646153846154,0.92,0.353846153846,0.511111111111,0.774358974359,0.623931623932,0.4,0.477247007201,0.338461538462,216,86,130,0,216,0,86,0,130,37,216,0.162162162162,1.32432432432,11.6756756757,21.6,6,8.1990990496,0.702237650082,0.31006006006,10.329336629,1.76937710775,0.765265265265,3.0868314707,0.528762798222,0.252752752753,0.579945114934,0.437917739848,2,1.32432432432,0.579945114934,2,0.0121701261701,0.00597269624573,7,0.000900900900901,0.621196581197,37,37,37,1,0,0.72972972973,0.243243243243,0.027027027027,37,0.0645645645646,1.33108108108,4.64864864865,8.6,2.60606060606,3.78018383016,0.813179079743,0.403205531113,4.30151171136,1.85065038745,0.791954745443,1.52850787906,0.657613854943,0.358265241986,0.601081357887,0.451573812016,2.25,1.35,0.61297250682,2.25,0.00851370851371,0.00525394045534,1,0.0001287001287,0.13855338628,37,35,35,0.945945945946,0,0.675675675676,0.216216216216,0.0540540540541,37,136,0.102102102102,1.33033900953,7.35135135135,13.6,3.88571428571,6.35617030144,0.864626107181,0.391891891892,7.1260634842,1.93870844791,0.799284578696,1.76468527339,0.480098199378,0.264705882353,0.590129117623,0.443593034103,2.0289017341,1.33951509313,0.595817096509,2.0289017341,0.161008986088,0.0849420849421,44,0.00566280566281,0.235184424701,37,36,36,0.972972972973,0,0.702702702703,0.243243243243,0.027027027027,-80,-0.0600600600601,0.00601468520544,-4.32432432432,-8,-2.11428571429,-1.84292874817,0.162388457099,0.0818318318318,-3.2032731448,0.169331340161,0.0340193134311,-1.32214619732,-0.0486645988447,0.0119531296002,0.0101840026888,0.0056752942548,0.028901734104,0.0151907688035,0.0158719815742,0.028901734104,0.148838859918,0.0789693886964,37,0.0047619047619,-0.386012156496,-0.027027027027,0,0,132,4,84,1112,0.611111111111,0.996415770609,0.00358422939068,0.388888888889,0.970588235294,0.611111111111,0.75,0.73958727134,0.60752688172,0.6,50,130,0,0,0,0
1490,WLNM_dir_neg,0.974807692308,0.789526403772,00:00:02,10,40,16,1234218140,threshold_sweep,0.5,0.92,0.353846153846,0.511111111111,46,4,84,256,0.353846153846,0.984615384615,0.0153846153846,0.646153846154,0.92,0.353846153846,0.511111111111,0.774358974359,0.623931623932,0.4,0.477247007201,0.338461538462,216,86,130,0,216,0,86,0,130,37,216,0.162162162162,1.32432432432,11.6756756757,21.6,6,8.1990990496,0.702237650082,0.31006006006,10.329336629,1.76937710775,0.765265265265,3.0868314707,0.528762798222,0.252752752753,0.579945114934,0.437917739848,2,1.32432432432,0.579945114934,2,0.0121701261701,0.00597269624573,7,0.000900900900901,0.621196581197,37,37,37,1,0,0.72972972973,0.243243243243,0.027027027027,37,0.0645645645646,1.33108108108,4.64864864865,8.6,2.60606060606,3.78018383016,0.813179079743,0.403205531113,4.30151171136,1.85065038745,0.791954745443,1.52850787906,0.657613854943,0.358265241986,0.601081357887,0.451573812016,2.25,1.35,0.61297250682,2.25,0.00851370851371,0.00525394045534,1,0.0001287001287,0.13855338628,37,35,35,0.945945945946,0,0.675675675676,0.216216216216,0.0540540540541,37,136,0.102102102102,1.33033900953,7.35135135135,13.6,3.88571428571,6.35617030144,0.864626107181,0.391891891892,7.1260634842,1.93870844791,0.799284578696,1.76468527339,0.480098199378,0.264705882353,0.590129117623,0.443593034103,2.0289017341,1.33951509313,0.595817096509,2.0289017341,0.161008986088,0.0849420849421,44,0.00566280566281,0.235184424701,37,36,36,0.972972972973,0,0.702702702703,0.243243243243,0.027027027027,-80,-0.0600600600601,0.00601468520544,-4.32432432432,-8,-2.11428571429,-1.84292874817,0.162388457099,0.0818318318318,-3.2032731448,0.169331340161,0.0340193134311,-1.32214619732,-0.0486645988447,0.0119531296002,0.0101840026888,0.0056752942548,0.028901734104,0.0151907688035,0.0158719815742,0.028901734104,0.148838859918,0.0789693886964,37,0.0047619047619,-0.386012156496,-0.027027027027,0,0,132,4,84,1112,0.611111111111,0.996415770609,0.00358422939068,0.388888888889,0.970588235294,0.611111111111,0.75,0.73958727134,0.60752688172,0.6,50,130,0,0,0,0
1491,WLNM_dir_neg,0.974807692308,0.789526403772,00:00:02,10,40,16,1234218140,threshold_sweep,0.6,0.938775510204,0.353846153846,0.513966480447,46,3,84,257,0.353846153846,0.988461538462,0.0115384615385,0.646153846154,0.938775510204,0.353846153846,0.513966480447,0.776923076923,0.624786324786,0.405466970387,0.48685516225,0.342307692308,216,86,130,0,216,0,86,0,130,37,216,0.162162162162,1.32432432432,11.6756756757,21.6,6,8.1990990496,0.702237650082,0.31006006006,10.329336629,1.76937710775,0.765265265265,3.0868314707,0.528762798222,0.252752752753,0.579945114934,0.437917739848,2,1.32432432432,0.579945114934,2,0.0121701261701,0.00597269624573,7,0.000900900900901,0.621196581197,37,37,37,1,0,0.72972972973,0.243243243243,0.027027027027,37,0.0645645645646,1.33108108108,4.64864864865,8.6,2.60606060606,3.78018383016,0.813179079743,0.403205531113,4.30151171136,1.85065038745,0.791954745443,1.52850787906,0.657613854943,0.358265241986,0.601081357887,0.451573812016,2.25,1.35,0.61297250682,2.25,0.00851370851371,0.00525394045534,1,0.0001287001287,0.13855338628,37,35,35,0.945945945946,0,0.675675675676,0.216216216216,0.0540540540541,37,135,0.101351351351,1.32930894967,7.2972972973,13.5,3.85714285714,6.23549367584,0.8544935778,0.388788788789,7.02857744504,1.92635085531,0.797997997998,1.78288493142,0.488642536759,0.26986986987,0.588297102341,0.442558595944,2.02395209581,1.33845642049,0.593967497285,2.02395209581,0.120005566956,0.0653896961691,33,0.0042471042471,0.236366524848,37,36,36,0.972972972973,0,0.702702702703,0.243243243243,0.027027027027,-81,-0.0608108108108,0.00498462534391,-4.37837837838,-8.1,-2.14285714286,-1.96360537377,0.152255927718,0.0787287287287,-3.30075918396,0.156973747561,0.0327327327327,-1.30394653929,-0.0401202614633,0.0171171171171,0.00835198740628,0.00464085609536,0.0239520958084,0.014132096168,0.0140223823502,0.0239520958084,0.107835440786,0.0594169999234,26,0.0033462033462,-0.384830056348,-0.027027027027,0,0,132,3,84,1113,0.611111111111,0.997311827957,0.00268817204301,0.388888888889,0.977777777778,0.611111111111,0.752136752137,0.7431057009,0.608422939068,0.602739726027,49,130,0,0,0,0
1492,WLNM_dir_neg,0.974807692308,0.789526403772,00:00:02,10,40,16,1234218140,threshold_sweep,0.7,0.938775510204,0.353846153846,0.513966480447,46,3,84,257,0.353846153846,0.988461538462,0.0115384615385,0.646153846154,0.938775510204,0.353846153846,0.513966480447,0.776923076923,0.624786324786,0.405466970387,0.48685516225,0.342307692308,216,86,130,0,216,0,86,0,130,37,216,0.162162162162,1.32432432432,11.6756756757,21.6,6,8.1990990496,0.702237650082,0.31006006006,10.329336629,1.76937710775,0.765265265265,3.0868314707,0.528762798222,0.252752752753,0.579945114934,0.437917739848,2,1.32432432432,0.579945114934,2,0.0121701261701,0.00597269624573,7,0.000900900900901,0.621196581197,37,37,37,1,0,0.72972972973,0.243243243243,0.027027027027,37,0.0645645645646,1.33108108108,4.64864864865,8.6,2.60606060606,3.78018383016,0.813179079743,0.403205531113,4.30151171136,1.85065038745,0.791954745443,1.52850787906,0.657613854943,0.358265241986,0.601081357887,0.451573812016,2.25,1.35,0.61297250682,2.25,0.00851370851371,0.00525394045534,1,0.0001287001287,0.13855338628,37,35,35,0.945945945946,0,0.675675675676,0.216216216216,0.0540540540541,37,135,0.101351351351,1.32930894967,7.2972972973,13.5,3.85714285714,6.23549367584,0.8544935778,0.388788788789,7.02857744504,1.92635085531,0.797997997998,1.78288493142,0.488642536759,0.26986986987,0.588297102341,0.442558595944,2.02395209581,1.33845642049,0.593967497285,2.02395209581,0.120005566956,0.0653896961691,33,0.0042471042471,0.236366524848,37,36,36,0.972972972973,0,0.702702702703,0.243243243243,0.027027027027,-81,-0.0608108108108,0.00498462534391,-4.37837837838,-8.1,-2.14285714286,-1.96360537377,0.152255927718,0.0787287287287,-3.30075918396,0.156973747561,0.0327327327327,-1.30394653929,-0.0401202614633,0.0171171171171,0.00835198740628,0.00464085609536,0.0239520958084,0.014132096168,0.0140223823502,0.0239520958084,0.107835440786,0.0594169999234,26,0.0033462033462,-0.384830056348,-0.027027027027,0,0,132,3,84,1113,0.611111111111,0.997311827957,0.00268817204301,0.388888888889,0.977777777778,0.611111111111,0.752136752137,0.7431057009,0.608422939068,0.602739726027,49,130,0,0,0,0
1493,WLNM_dir_neg,0.974807692308,0.789526403772,00:00:02,10,40,16,1234218140,threshold_sweep,0.8,0.938775510204,0.353846153846,0.513966480447,46,3,84,257,0.353846153846,0.988461538462,0.0115384615385,0.646153846154,0.938775510204,0.353846153846,0.513966480447,0.776923076923,0.624786324786,0.405466970387,0.48685516225,0.342307692308,216,86,130,0,216,0,86,0,130,37,216,0.162162162162,1.32432432432,11.6756756757,21.6,6,8.1990990496,0.702237650082,0.31006006006,10.329336629,1.76937710775,0.765265265265,3.0868314707,0.528762798222,0.252752752753,0.579945114934,0.437917739848,2,1.32432432432,0.579945114934,2,0.0121701261701,0.00597269624573,7,0.000900900900901,0.621196581197,37,37,37,1,0,0.72972972973,0.243243243243,0.027027027027,37,0.0645645645646,1.33108108108,4.64864864865,8.6,2.60606060606,3.78018383016,0.813179079743,0.403205531113,4.30151171136,1.85065038745,0.791954745443,1.52850787906,0.657613854943,0.358265241986,0.601081357887,0.451573812016,2.25,1.35,0.61297250682,2.25,0.00851370851371,0.00525394045534,1,0.0001287001287,0.13855338628,37,35,35,0.945945945946,0,0.675675675676,0.216216216216,0.0540540540541,37,135,0.101351351351,1.32930894967,7.2972972973,13.5,3.85714285714,6.23549367584,0.8544935778,0.388788788789,7.02857744504,1.92635085531,0.797997997998,1.78288493142,0.488642536759,0.26986986987,0.588297102341,0.442558595944,2.02395209581,1.33845642049,0.593967497285,2.02395209581,0.120005566956,0.0653896961691,33,0.0042471042471,0.236366524848,37,36,36,0.972972972973,0,0.702702702703,0.243243243243,0.027027027027,-81,-0.0608108108108,0.00498462534391,-4.37837837838,-8.1,-2.14285714286,-1.96360537377,0.152255927718,0.0787287287287,-3.30075918396,0.156973747561,0.0327327327327,-1.30394653929,-0.0401202614633,0.0171171171171,0.00835198740628,0.00464085609536,0.0239520958084,0.014132096168,0.0140223823502,0.0239520958084,0.107835440786,0.0594169999234,26,0.0033462033462,-0.384830056348,-0.027027027027,0,0,132,3,84,1113,0.611111111111,0.997311827957,0.00268817204301,0.388888888889,0.977777777778,0.611111111111,0.752136752137,0.7431057009,0.608422939068,0.602739726027,49,130,0,0,0,0
1494,WLNM_dir_neg,0.974807692308,0.789526403772,00:00:02,10,40,16,1234218140,threshold_sweep,0.9,0.938775510204,0.353846153846,0.513966480447,46,3,84,257,0.353846153846,0.988461538462,0.0115384615385,0.646153846154,0.938775510204,0.353846153846,0.513966480447,0.776923076923,0.624786324786,0.405466970387,0.48685516225,0.342307692308,216,86,130,0,216,0,86,0,130,37,216,0.162162162162,1.32432432432,11.6756756757,21.6,6,8.1990990496,0.702237650082,0.31006006006,10.329336629,1.76937710775,0.765265265265,3.0868314707,0.528762798222,0.252752752753,0.579945114934,0.437917739848,2,1.32432432432,0.579945114934,2,0.0121701261701,0.00597269624573,7,0.000900900900901,0.621196581197,37,37,37,1,0,0.72972972973,0.243243243243,0.027027027027,37,0.0645645645646,1.33108108108,4.64864864865,8.6,2.60606060606,3.78018383016,0.813179079743,0.403205531113,4.30151171136,1.85065038745,0.791954745443,1.52850787906,0.657613854943,0.358265241986,0.601081357887,0.451573812016,2.25,1.35,0.61297250682,2.25,0.00851370851371,0.00525394045534,1,0.0001287001287,0.13855338628,37,35,35,0.945945945946,0,0.675675675676,0.216216216216,0.0540540540541,37,135,0.101351351351,1.32930894967,7.2972972973,13.5,3.85714285714,6.23549367584,0.8544935778,0.388788788789,7.02857744504,1.92635085531,0.797997997998,1.78288493142,0.488642536759,0.26986986987,0.588297102341,0.442558595944,2.02395209581,1.33845642049,0.593967497285,2.02395209581,0.120005566956,0.0653896961691,33,0.0042471042471,0.236366524848,37,36,36,0.972972972973,0,0.702702702703,0.243243243243,0.027027027027,-81,-0.0608108108108,0.00498462534391,-4.37837837838,-8.1,-2.14285714286,-1.96360537377,0.152255927718,0.0787287287287,-3.30075918396,0.156973747561,0.0327327327327,-1.30394653929,-0.0401202614633,0.0171171171171,0.00835198740628,0.00464085609536,0.0239520958084,0.014132096168,0.0140223823502,0.0239520958084,0.107835440786,0.0594169999234,26,0.0033462033462,-0.384830056348,-0.027027027027,0,0,132,3,84,1113,0.611111111111,0.997311827957,0.00268817204301,0.388888888889,0.977777777778,0.611111111111,0.752136752137,0.7431057009,0.608422939068,0.602739726027,49,130,0,0,0,0
1495,WLNM_dir_neg,0.989334319527,0.935261889108,00:00:02,10,40,17,1234218141,threshold_sweep,0.1,0.923076923077,0.0923076923077,0.167832167832,12,1,118,259,0.0923076923077,0.996153846154,0.00384615384615,0.907692307692,0.923076923077,0.0923076923077,0.167832167832,0.694871794872,0.655555555556,0.114143920596,0.232311381213,0.0884615384615,216,86,130,0,216,0,86,0,130,37,216,0.162162162162,1.32432432432,11.6756756757,21.6,6,8.1990990496,0.702237650082,0.31006006006,10.329336629,1.76937710775,0.765265265265,3.0868314707,0.528762798222,0.252752752753,0.579945114934,0.437917739848,2,1.32432432432,0.579945114934,2,0.0121701261701,0.00597269624573,7,0.000900900900901,0.621196581197,37,37,37,1,0,0.72972972973,0.243243243243,0.027027027027,37,0.0645645645646,1.32432432432,4.64864864865,8.6,2.96551724138,3.7059727784,0.797215074423,0.421747328724,4.26258954975,1.83390480629,0.786297925833,2.0007506099,0.860788053095,0.464487743558,0.579945114934,0.437917739848,2,1.34285714286,0.591252764842,2,0,0,0,0,0.189218160199,37,35,35,0.945945945946,0,0.675675675676,0.108108108108,0.162162162162,37,99,0.0743243243243,1.32432432432,5.35135135135,9.9,2.82857142857,4.27015623066,0.797958487547,0.427518427518,4.53415466857,1.69458305795,0.753480753481,1.71681316614,0.641637243913,0.328692328692,0.579945114934,0.437917739848,2,1.33333333333,0.585540043769,2,0.0164141414141,0.0316205533597,8,0.0010296010296,0.201440382421,37,36,36,0.972972972973,0,0.702702702703,0.243243243243,0.027027027027,-117,-0.0878378378378,0,-6.32432432432,-11.7,-3.17142857143,-3.92894281895,0.0957208374655,0.117458367458,-5.79518196042,-0.0747940497931,-0.0117845117845,-1.37001830456,0.11287444569,0.0759395759396,0,0,0,0.00900900900901,0.00559492883467,0,0.00424401524402,0.025647857114,1,0.0001287001287,-0.419756198776,-0.027027027027,0,0,98,1,118,1115,0.453703703704,0.999103942652,0.00089605734767,0.546296296296,0.989898989899,0.453703703704,0.622222222222,0.63631709252,0.452807646356,0.451612903226,13,130,0,0,0,0
1496,WLNM_dir_neg,0.989334319527,0.935261889108,00:00:02,10,40,17,1234218141,threshold_sweep,0.2,0.923076923077,0.0923076923077,0.167832167832,12,1,118,259,0.0923076923077,0.996153846154,0.00384615384615,0.907692307692,0.923076923077,0.0923076923077,0.167832167832,0.694871794872,0.655555555556,0.114143920596,0.232311381213,0.0884615384615,216,86,130,0,216,0,86,0,130,37,216,0.162162162162,1.32432432432,11.6756756757,21.6,6,8.1990990496,0.702237650082,0.31006006006,10.329336629,1.76937710775,0.765265265265,3.0868314707,0.528762798222,0.252752752753,0.579945114934,0.437917739848,2,1.32432432432,0.579945114934,2,0.0121701261701,0.00597269624573,7,0.000900900900901,0.621196581197,37,37,37,1,0,0.72972972973,0.243243243243,0.027027027027,37,0.0645645645646,1.32432432432,4.64864864865,8.6,2.96551724138,3.7059727784,0.797215074423,0.421747328724,4.26258954975,1.83390480629,0.786297925833,2.0007506099,0.860788053095,0.464487743558,0.579945114934,0.437917739848,2,1.34285714286,0.591252764842,2,0,0,0,0,0.189218160199,37,35,35,0.945945945946,0,0.675675675676,0.108108108108,0.162162162162,37,99,0.0743243243243,1.32432432432,5.35135135135,9.9,2.82857142857,4.27015623066,0.797958487547,0.427518427518,4.53415466857,1.69458305795,0.753480753481,1.71681316614,0.641637243913,0.328692328692,0.579945114934,0.437917739848,2,1.33333333333,0.585540043769,2,0.0164141414141,0.0316205533597,8,0.0010296010296,0.201440382421,37,36,36,0.972972972973,0,0.702702702703,0.243243243243,0.027027027027,-117,-0.0878378378378,0,-6.32432432432,-11.7,-3.17142857143,-3.92894281895,0.0957208374655,0.117458367458,-5.79518196042,-0.0747940497931,-0.0117845117845,-1.37001830456,0.11287444569,0.0759395759396,0,0,0,0.00900900900901,0.00559492883467,0,0.00424401524402,0.025647857114,1,0.0001287001287,-0.419756198776,-0.027027027027,0,0,98,1,118,1115,0.453703703704,0.999103942652,0.00089605734767,0.546296296296,0.989898989899,0.453703703704,0.622222222222,0.63631709252,0.452807646356,0.451612903226,13,130,0,0,0,0
1497,WLNM_dir_neg,0.989334319527,0.935261889108,00:00:02,10,40,17,1234218141,threshold_sweep,0.3,0.923076923077,0.0923076923077,0.167832167832,12,1,118,259,0.0923076923077,0.996153846154,0.00384615384615,0.907692307692,0.923076923077,0.0923076923077,0.167832167832,0.694871794872,0.655555555556,0.114143920596,0.232311381213,0.0884615384615,216,86,130,0,216,0,86,0,130,37,216,0.162162162162,1.32432432432,11.6756756757,21.6,6,8.1990990496,0.702237650082,0.31006006006,10.329336629,1.76937710775,0.765265265265,3.0868314707,0.528762798222,0.252752752753,0.579945114934,0.437917739848,2,1.32432432432,0.579945114934,2,0.0121701261701,0.00597269624573,7,0.000900900900901,0.621196581197,37,37,37,1,0,0.72972972973,0.243243243243,0.027027027027,37,0.0645645645646,1.32432432432,4.64864864865,8.6,2.96551724138,3.7059727784,0.797215074423,0.421747328724,4.26258954975,1.83390480629,0.786297925833,2.0007506099,0.860788053095,0.464487743558,0.579945114934,0.437917739848,2,1.34285714286,0.591252764842,2,0,0,0,0,0.189218160199,37,35,35,0.945945945946,0,0.675675675676,0.108108108108,0.162162162162,37,99,0.0743243243243,1.32432432432,5.35135135135,9.9,2.82857142857,4.27015623066,0.797958487547,0.427518427518,4.53415466857,1.69458305795,0.753480753481,1.71681316614,0.641637243913,0.328692328692,0.579945114934,0.437917739848,2,1.33333333333,0.585540043769,2,0.0164141414141,0.0316205533597,8,0.0010296010296,0.201440382421,37,36,36,0.972972972973,0,0.702702702703,0.243243243243,0.027027027027,-117,-0.0878378378378,0,-6.32432432432,-11.7,-3.17142857143,-3.92894281895,0.0957208374655,0.117458367458,-5.79518196042,-0.0747940497931,-0.0117845117845,-1.37001830456,0.11287444569,0.0759395759396,0,0,0,0.00900900900901,0.00559492883467,0,0.00424401524402,0.025647857114,1,0.0001287001287,-0.419756198776,-0.027027027027,0,0,98,1,118,1115,0.453703703704,0.999103942652,0.00089605734767,0.546296296296,0.989898989899,0.453703703704,0.622222222222,0.63631709252,0.452807646356,0.451612903226,13,130,0,0,0,0
1498,WLNM_dir_neg,0.989334319527,0.935261889108,00:00:02,10,40,17,1234218141,threshold_sweep,0.4,0.923076923077,0.0923076923077,0.167832167832,12,1,118,259,0.0923076923077,0.996153846154,0.00384615384615,0.907692307692,0.923076923077,0.0923076923077,0.167832167832,0.694871794872,0.655555555556,0.114143920596,0.232311381213,0.0884615384615,216,86,130,0,216,0,86,0,130,37,216,0.162162162162,1.32432432432,11.6756756757,21.6,6,8.1990990496,0.702237650082,0.31006006006,10.329336629,1.76937710775,0.765265265265,3.0868314707,0.528762798222,0.252752752753,0.579945114934,0.437917739848,2,1.32432432432,0.579945114934,2,0.0121701261701,0.00597269624573,7,0.000900900900901,0.621196581197,37,37,37,1,0,0.72972972973,0.243243243243,0.027027027027,37,0.0645645645646,1.32432432432,4.64864864865,8.6,2.96551724138,3.7059727784,0.797215074423,0.421747328724,4.26258954975,1.83390480629,0.786297925833,2.0007506099,0.860788053095,0.464487743558,0.579945114934,0.437917739848,2,1.34285714286,0.591252764842,2,0,0,0,0,0.189218160199,37,35,35,0.945945945946,0,0.675675675676,0.108108108108,0.162162162162,37,99,0.0743243243243,1.32432432432,5.35135135135,9.9,2.82857142857,4.27015623066,0.797958487547,0.427518427518,4.53415466857,1.69458305795,0.753480753481,1.71681316614,0.641637243913,0.328692328692,0.579945114934,0.437917739848,2,1.33333333333,0.585540043769,2,0.0164141414141,0.0316205533597,8,0.0010296010296,0.201440382421,37,36,36,0.972972972973,0,0.702702702703,0.243243243243,0.027027027027,-117,-0.0878378378378,0,-6.32432432432,-11.7,-3.17142857143,-3.92894281895,0.0957208374655,0.117458367458,-5.79518196042,-0.0747940497931,-0.0117845117845,-1.37001830456,0.11287444569,0.0759395759396,0,0,0,0.00900900900901,0.00559492883467,0,0.00424401524402,0.025647857114,1,0.0001287001287,-0.419756198776,-0.027027027027,0,0,98,1,118,1115,0.453703703704,0.999103942652,0.00089605734767,0.546296296296,0.989898989899,0.453703703704,0.622222222222,0.63631709252,0.452807646356,0.451612903226,13,130,0,0,0,0
1499,WLNM_dir_neg,0.989334319527,0.935261889108,00:00:02,10,40,17,1234218141,threshold_sweep,0.5,0.923076923077,0.0923076923077,0.167832167832,12,1,118,259,0.0923076923077,0.996153846154,0.00384615384615,0.907692307692,0.923076923077,0.0923076923077,0.167832167832,0.694871794872,0.655555555556,0.114143920596,0.232311381213,0.0884615384615,216,86,130,0,216,0,86,0,130,37,216,0.162162162162,1.32432432432,11.6756756757,21.6,6,8.1990990496,0.702237650082,0.31006006006,10.329336629,1.76937710775,0.765265265265,3.0868314707,0.528762798222,0.252752752753,0.579945114934,0.437917739848,2,1.32432432432,0.579945114934,2,0.0121701261701,0.00597269624573,7,0.000900900900901,0.621196581197,37,37,37,1,0,0.72972972973,0.243243243243,0.027027027027,37,0.0645645645646,1.32432432432,4.64864864865,8.6,2.96551724138,3.7059727784,0.797215074423,0.421747328724,4.26258954975,1.83390480629,0.786297925833,2.0007506099,0.860788053095,0.464487743558,0.579945114934,0.437917739848,2,1.34285714286,0.591252764842,2,0,0,0,0,0.189218160199,37,35,35,0.945945945946,0,0.675675675676,0.108108108108,0.162162162162,37,99,0.0743243243243,1.32432432432,5.35135135135,9.9,2.82857142857,4.27015623066,0.797958487547,0.427518427518,4.53415466857,1.69458305795,0.753480753481,1.71681316614,0.641637243913,0.328692328692,0.579945114934,0.437917739848,2,1.33333333333,0.585540043769,2,0.0164141414141,0.0316205533597,8,0.0010296010296,0.201440382421,37,36,36,0.972972972973,0,0.702702702703,0.243243243243,0.027027027027,-117,-0.0878378378378,0,-6.32432432432,-11.7,-3.17142857143,-3.92894281895,0.0957208374655,0.117458367458,-5.79518196042,-0.0747940497931,-0.0117845117845,-1.37001830456,0.11287444569,0.0759395759396,0,0,0,0.00900900900901,0.00559492883467,0,0.00424401524402,0.025647857114,1,0.0001287001287,-0.419756198776,-0.027027027027,0,0,98,1,118,1115,0.453703703704,0.999103942652,0.00089605734767,0.546296296296,0.989898989899,0.453703703704,0.622222222222,0.63631709252,0.452807646356,0.451612903226,13,130,0,0,0,0
1500,WLNM_dir_neg,0.989334319527,0.935261889108,00:00:02,10,40,17,1234218141,threshold_sweep,0.6,0.875,0.0538461538462,0.101449275362,7,1,123,259,0.0538461538462,0.996153846154,0.00384615384615,0.946153846154,0.875,0.0538461538462,0.101449275362,0.682051282051,0.659829059829,0.0653266331658,0.166284465781,0.05,216,86,130,0,216,0,86,0,130,37,216,0.162162162162,1.32432432432,11.6756756757,21.6,6,8.1990990496,0.702237650082,0.31006006006,10.329336629,1.76937710775,0.765265265265,3.0868314707,0.528762798222,0.252752752753,0.579945114934,0.437917739848,2,1.32432432432,0.579945114934,2,0.0121701261701,0.00597269624573,7,0.000900900900901,0.621196581197,37,37,37,1,0,0.72972972973,0.243243243243,0.027027027027,37,0.0645645645646,1.32432432432,4.64864864865,8.6,2.96551724138,3.7059727784,0.797215074423,0.421747328724,4.26258954975,1.83390480629,0.786297925833,2.0007506099,0.860788053095,0.464487743558,0.579945114934,0.437917739848,2,1.34285714286,0.591252764842,2,0,0,0,0,0.189218160199,37,35,35,0.945945945946,0,0.675675675676,0.108108108108,0.162162162162,37,94,0.0705705705706,1.32972972973,5.08108108108,9.4,2.76470588235,4.0509147004,0.797254488908,0.426969522714,4.38174619298,1.72472988447,0.763657274296,1.81956335719,0.716211108679,0.377228292122,0.59668755311,0.448728444412,2.2,1.34857142857,0.608455822057,2.2,0.018005952381,0.0176730486009,4,0.000514800514801,0.193539147853,37,35,35,0.945945945946,0,0.675675675676,0.243243243243,0.027027027027,-122,-0.0915915915916,0.00540540540541,-6.59459459459,-12.2,-3.23529411765,-4.14818434921,0.0950168388265,0.116909462654,-5.94759043602,-0.0446472232742,-0.00160799096969,-1.26726811352,0.187448310457,0.124475539369,0.0167424381752,0.0108107045633,0.2,0.0242471042471,0.0285107071225,0.2,0.00583582621083,0.0117003523551,-3,-0.0003861003861,-0.427657433344,-0.0540540540541,0,0,93,1,123,1115,0.430555555556,0.999103942652,0.00089605734767,0.569444444444,0.989361702128,0.430555555556,0.6,0.618385276471,0.429659498208,0.428571428571,8,130,0,0,0,0
1501,WLNM_dir_neg,0.989334319527,0.935261889108,00:00:02,10,40,17,1234218141,threshold_sweep,0.7,0.875,0.0538461538462,0.101449275362,7,1,123,259,0.0538461538462,0.996153846154,0.00384615384615,0.946153846154,0.875,0.0538461538462,0.101449275362,0.682051282051,0.659829059829,0.0653266331658,0.166284465781,0.05,216,86,130,0,216,0,86,0,130,37,216,0.162162162162,1.32432432432,11.6756756757,21.6,6,8.1990990496,0.702237650082,0.31006006006,10.329336629,1.76937710775,0.765265265265,3.0868314707,0.528762798222,0.252752752753,0.579945114934,0.437917739848,2,1.32432432432,0.579945114934,2,0.0121701261701,0.00597269624573,7,0.000900900900901,0.621196581197,37,37,37,1,0,0.72972972973,0.243243243243,0.027027027027,37,0.0645645645646,1.32432432432,4.64864864865,8.6,2.96551724138,3.7059727784,0.797215074423,0.421747328724,4.26258954975,1.83390480629,0.786297925833,2.0007506099,0.860788053095,0.464487743558,0.579945114934,0.437917739848,2,1.34285714286,0.591252764842,2,0,0,0,0,0.189218160199,37,35,35,0.945945945946,0,0.675675675676,0.108108108108,0.162162162162,37,94,0.0705705705706,1.32972972973,5.08108108108,9.4,2.76470588235,4.0509147004,0.797254488908,0.426969522714,4.38174619298,1.72472988447,0.763657274296,1.81956335719,0.716211108679,0.377228292122,0.59668755311,0.448728444412,2.2,1.34857142857,0.608455822057,2.2,0.018005952381,0.0176730486009,4,0.000514800514801,0.193539147853,37,35,35,0.945945945946,0,0.675675675676,0.243243243243,0.027027027027,-122,-0.0915915915916,0.00540540540541,-6.59459459459,-12.2,-3.23529411765,-4.14818434921,0.0950168388265,0.116909462654,-5.94759043602,-0.0446472232742,-0.00160799096969,-1.26726811352,0.187448310457,0.124475539369,0.0167424381752,0.0108107045633,0.2,0.0242471042471,0.0285107071225,0.2,0.00583582621083,0.0117003523551,-3,-0.0003861003861,-0.427657433344,-0.0540540540541,0,0,93,1,123,1115,0.430555555556,0.999103942652,0.00089605734767,0.569444444444,0.989361702128,0.430555555556,0.6,0.618385276471,0.429659498208,0.428571428571,8,130,0,0,0,0
1502,WLNM_dir_neg,0.989334319527,0.935261889108,00:00:02,10,40,17,1234218141,threshold_sweep,0.8,0.875,0.0538461538462,0.101449275362,7,1,123,259,0.0538461538462,0.996153846154,0.00384615384615,0.946153846154,0.875,0.0538461538462,0.101449275362,0.682051282051,0.659829059829,0.0653266331658,0.166284465781,0.05,216,86,130,0,216,0,86,0,130,37,216,0.162162162162,1.32432432432,11.6756756757,21.6,6,8.1990990496,0.702237650082,0.31006006006,10.329336629,1.76937710775,0.765265265265,3.0868314707,0.528762798222,0.252752752753,0.579945114934,0.437917739848,2,1.32432432432,0.579945114934,2,0.0121701261701,0.00597269624573,7,0.000900900900901,0.621196581197,37,37,37,1,0,0.72972972973,0.243243243243,0.027027027027,37,0.0645645645646,1.32432432432,4.64864864865,8.6,2.96551724138,3.7059727784,0.797215074423,0.421747328724,4.26258954975,1.83390480629,0.786297925833,2.0007506099,0.860788053095,0.464487743558,0.579945114934,0.437917739848,2,1.34285714286,0.591252764842,2,0,0,0,0,0.189218160199,37,35,35,0.945945945946,0,0.675675675676,0.108108108108,0.162162162162,37,94,0.0705705705706,1.32972972973,5.08108108108,9.4,2.76470588235,4.0509147004,0.797254488908,0.426969522714,4.38174619298,1.72472988447,0.763657274296,1.81956335719,0.716211108679,0.377228292122,0.59668755311,0.448728444412,2.2,1.34857142857,0.608455822057,2.2,0.018005952381,0.0176730486009,4,0.000514800514801,0.193539147853,37,35,35,0.945945945946,0,0.675675675676,0.243243243243,0.027027027027,-122,-0.0915915915916,0.00540540540541,-6.59459459459,-12.2,-3.23529411765,-4.14818434921,0.0950168388265,0.116909462654,-5.94759043602,-0.0446472232742,-0.00160799096969,-1.26726811352,0.187448310457,0.124475539369,0.0167424381752,0.0108107045633,0.2,0.0242471042471,0.0285107071225,0.2,0.00583582621083,0.0117003523551,-3,-0.0003861003861,-0.427657433344,-0.0540540540541,0,0,93,1,123,1115,0.430555555556,0.999103942652,0.00089605734767,0.569444444444,0.989361702128,0.430555555556,0.6,0.618385276471,0.429659498208,0.428571428571,8,130,0,0,0,0
1503,WLNM_dir_neg,0.989334319527,0.935261889108,00:00:02,10,40,17,1234218141,threshold_sweep,0.9,1,0.0307692307692,0.0597014925373,4,0,126,260,0.0307692307692,1,0,0.969230769231,1,0.0307692307692,0.0597014925373,0.676923076923,0.663247863248,0.0406091370558,0.14396315015,0.0307692307692,216,86,130,0,216,0,86,0,130,37,216,0.162162162162,1.32432432432,11.6756756757,21.6,6,8.1990990496,0.702237650082,0.31006006006,10.329336629,1.76937710775,0.765265265265,3.0868314707,0.528762798222,0.252752752753,0.579945114934,0.437917739848,2,1.32432432432,0.579945114934,2,0.0121701261701,0.00597269624573,7,0.000900900900901,0.621196581197,37,37,37,1,0,0.72972972973,0.243243243243,0.027027027027,37,0.0645645645646,1.32432432432,4.64864864865,8.6,2.96551724138,3.7059727784,0.797215074423,0.421747328724,4.26258954975,1.83390480629,0.786297925833,2.0007506099,0.860788053095,0.464487743558,0.579945114934,0.437917739848,2,1.34285714286,0.591252764842,2,0,0,0,0,0.189218160199,37,35,35,0.945945945946,0,0.675675675676,0.108108108108,0.162162162162,37,90,0.0675675675676,1.32972972973,4.86486486486,9,3,3.83088445084,0.787459581561,0.419219219219,4.29172679919,1.764376573,0.774174174174,1.93707311484,0.796352280547,0.426426426426,0.59668755311,0.448728444412,2.2,1.34857142857,0.608455822057,2.2,0.0270337301587,0.0196078431373,4,0.000514800514801,0.201440382421,37,35,35,0.945945945946,0,0.675675675676,0.135135135135,0.135135135135,-126,-0.0945945945946,0.00540540540541,-6.81081081081,-12.6,-3,-4.36821459877,0.0852219314794,0.109159159159,-6.03760982981,-0.00500053474339,0.00890890890891,-1.14975835586,0.267589482325,0.173673673674,0.0167424381752,0.0108107045633,0.2,0.0242471042471,0.0285107071225,0.2,0.0148636039886,0.0136351468915,-3,-0.0003861003861,-0.419756198776,-0.0540540540541,-0.108108108108,0.108108108108,90,0,126,1116,0.416666666667,1,0,0.583333333333,1,0.416666666667,0.588235294118,0.611879183553,0.416666666667,0.416666666667,4,130,0,0,0,0
1504,WLNM_dir_neg,0.979615384615,0.949425004283,00:00:02,10,40,18,1234218142,threshold_sweep,0.1,1,0.276923076923,0.433734939759,36,0,94,260,0.276923076923,1,0,0.723076923077,1,0.276923076923,0.433734939759,0.758974358974,0.635897435897,0.338028169014,0.450987616802,0.276923076923,216,86,130,0,216,0,86,0,130,37,216,0.162162162162,1.32432432432,11.6756756757,21.6,6,8.1990990496,0.702237650082,0.31006006006,10.329336629,1.76937710775,0.765265265265,3.0868314707,0.528762798222,0.252752752753,0.579945114934,0.437917739848,2,1.32432432432,0.579945114934,2,0.0121701261701,0.00597269624573,7,0.000900900900901,0.621196581197,37,37,37,1,0,0.72972972973,0.243243243243,0.027027027027,37,0.0645645645646,1.32432432432,4.64864864865,8.6,2.86666666667,3.787524963,0.814758276924,0.401948460088,4.45380021289,1.91616985903,0.803896920176,1.68414261164,0.724572984077,0.398491514771,0.579945114934,0.437917739848,2,1.34285714286,0.591252764842,2,0,0,0,0,0.141800193462,37,35,35,0.945945945946,0,0.675675675676,0.135135135135,0.135135135135,37,122,0.0915915915916,1.32432432432,6.59459459459,12.2,3.8125,5.54005344669,0.840090071834,0.402303943288,6.48872896672,1.96789321122,0.80948161276,2.31978045974,0.703539975494,0.389011962782,0.579945114934,0.437917739848,2,1.34285714286,0.591252764842,2,0,0,0,0,0.250073968548,37,35,35,0.945945945946,0,0.675675675676,0.189189189189,0.0810810810811,-94,-0.0705705705706,0,-5.08108108108,-9.4,-2.1875,-2.65904560291,0.137852421752,0.0922438832275,-3.84060766228,0.198516103474,0.044216347495,-0.767051010966,0.174777177272,0.13625921003,0,0,0,0.0185328185328,0.0113076499071,0,-0.0121701261701,-0.00597269624573,-7,-0.000900900900901,-0.371122612648,-0.0540540540541,-0.0540540540541,0.0540540540541,122,0,94,1116,0.564814814815,1,0,0.435185185185,1,0.564814814815,0.721893491124,0.721759405286,0.564814814815,0.564814814815,36,130,0,0,0,0
1505,WLNM_dir_neg,0.979615384615,0.949425004283,00:00:02,10,40,18,1234218142,threshold_sweep,0.2,1,0.2,0.333333333333,26,0,104,260,0.2,1,0,0.8,1,0.2,0.333333333333,0.733333333333,0.644444444444,0.25,0.377964473009,0.2,216,86,130,0,216,0,86,0,130,37,216,0.162162162162,1.32432432432,11.6756756757,21.6,6,8.1990990496,0.702237650082,0.31006006006,10.329336629,1.76937710775,0.765265265265,3.0868314707,0.528762798222,0.252752752753,0.579945114934,0.437917739848,2,1.32432432432,0.579945114934,2,0.0121701261701,0.00597269624573,7,0.000900900900901,0.621196581197,37,37,37,1,0,0.72972972973,0.243243243243,0.027027027027,37,0.0645645645646,1.32432432432,4.64864864865,8.6,2.86666666667,3.787524963,0.814758276924,0.401948460088,4.45380021289,1.91616985903,0.803896920176,1.68414261164,0.724572984077,0.398491514771,0.579945114934,0.437917739848,2,1.34285714286,0.591252764842,2,0,0,0,0,0.141800193462,37,35,35,0.945945945946,0,0.675675675676,0.135135135135,0.135135135135,37,112,0.0840840840841,1.32432432432,6.05405405405,11.2,3.5,4.89867298327,0.809155805272,0.399372586873,5.77584282684,1.90809093387,0.79971042471,2.11458541361,0.698568395569,0.385135135135,0.579945114934,0.437917739848,2,1.34285714286,0.591252764842,2,0,0,0,0,0.219813025787,37,35,35,0.945945945946,0,0.675675675676,0.189189189189,0.0810810810811,-104,-0.0780780780781,0,-5.62162162162,-10.4,-2.5,-3.30042606634,0.10691815519,0.0893125268125,-4.55349380216,0.138713826122,0.0344451594452,-0.972246057089,0.169805597347,0.132382382382,0,0,0,0.0185328185328,0.0113076499071,0,-0.0121701261701,-0.00597269624573,-7,-0.000900900900901,-0.401383555409,-0.0540540540541,-0.0540540540541,0.0540540540541,112,0,104,1116,0.518518518519,1,0,0.481481481481,1,0.518518518519,0.682926829268,0.688706715439,0.518518518519,0.518518518519,26,130,0,0,0,0
1506,WLNM_dir_neg,0.979615384615,0.949425004283,00:00:02,10,40,18,1234218142,threshold_sweep,0.3,1,0.169230769231,0.289473684211,22,0,108,260,0.169230769231,1,0,0.830769230769,1,0.169230769231,0.289473684211,0.723076923077,0.647863247863,0.21359223301,0.345782037404,0.169230769231,216,86,130,0,216,0,86,0,130,37,216,0.162162162162,1.32432432432,11.6756756757,21.6,6,8.1990990496,0.702237650082,0.31006006006,10.329336629,1.76937710775,0.765265265265,3.0868314707,0.528762798222,0.252752752753,0.579945114934,0.437917739848,2,1.32432432432,0.579945114934,2,0.0121701261701,0.00597269624573,7,0.000900900900901,0.621196581197,37,37,37,1,0,0.72972972973,0.243243243243,0.027027027027,37,0.0645645645646,1.32432432432,4.64864864865,8.6,2.86666666667,3.787524963,0.814758276924,0.401948460088,4.45380021289,1.91616985903,0.803896920176,1.68414261164,0.724572984077,0.398491514771,0.579945114934,0.437917739848,2,1.34285714286,0.591252764842,2,0,0,0,0,0.141800193462,37,35,35,0.945945945946,0,0.675675675676,0.135135135135,0.135135135135,37,108,0.0810810810811,1.32432432432,5.83783783784,10.8,3.375,4.75227146574,0.814046501076,0.395895895896,5.59949590181,1.91834581821,0.7997997998,1.99134765058,0.682220954365,0.374874874875,0.579945114934,0.437917739848,2,1.34285714286,0.591252764842,2,0,0,0,0,0.20064167863,37,35,35,0.945945945946,0,0.675675675676,0.189189189189,0.0810810810811,-108,-0.0810810810811,0,-5.83783783784,-10.8,-2.625,-3.44682758386,0.111808850994,0.0858358358358,-4.72984072719,0.148968710466,0.0345345345345,-1.09548382013,0.153458156142,0.122122122122,0,0,0,0.0185328185328,0.0113076499071,0,-0.0121701261701,-0.00597269624573,-7,-0.000900900900901,-0.420554902566,-0.0540540540541,-0.0540540540541,0.0540540540541,108,0,108,1116,0.5,1,0,0.5,1,0.5,0.666666666667,0.675190604897,0.5,0.5,22,130,0,0,0,0
1507,WLNM_dir_neg,0.979615384615,0.949425004283,00:00:02,10,40,18,1234218142,threshold_sweep,0.4,1,0.146153846154,0.255033557047,19,0,111,260,0.146153846154,1,0,0.853846153846,1,0.146153846154,0.255033557047,0.715384615385,0.650427350427,0.185819070905,0.320040428713,0.146153846154,216,86,130,0,216,0,86,0,130,37,216,0.162162162162,1.32432432432,11.6756756757,21.6,6,8.1990990496,0.702237650082,0.31006006006,10.329336629,1.76937710775,0.765265265265,3.0868314707,0.528762798222,0.252752752753,0.579945114934,0.437917739848,2,1.32432432432,0.579945114934,2,0.0121701261701,0.00597269624573,7,0.000900900900901,0.621196581197,37,37,37,1,0,0.72972972973,0.243243243243,0.027027027027,37,0.0645645645646,1.32432432432,4.64864864865,8.6,2.86666666667,3.787524963,0.814758276924,0.401948460088,4.45380021289,1.91616985903,0.803896920176,1.68414261164,0.724572984077,0.398491514771,0.579945114934,0.437917739848,2,1.34285714286,0.591252764842,2,0,0,0,0,0.141800193462,37,35,35,0.945945945946,0,0.675675675676,0.135135135135,0.135135135135,37,105,0.0788288288288,1.32432432432,5.67567567568,10.5,3.28125,4.743733024,0.835800580419,0.404890604891,5.515198765,1.94345099338,0.805148005148,2.00711946045,0.707270667017,0.384555984556,0.579945114934,0.437917739848,2,1.34285714286,0.591252764842,2,0,0,0,0,0.19565060657,37,35,35,0.945945945946,0,0.675675675676,0.189189189189,0.0810810810811,-111,-0.0833333333333,0,-6,-11.1,-2.71875,-3.4553660256,0.133562930337,0.0948305448305,-4.814137864,0.174073885634,0.0398827398827,-1.07971201025,0.178507868794,0.131803231803,0,0,0,0.0185328185328,0.0113076499071,0,-0.0121701261701,-0.00597269624573,-7,-0.000900900900901,-0.425545974626,-0.0540540540541,-0.0540540540541,0.0540540540541,105,0,111,1116,0.486111111111,1,0,0.513888888889,1,0.486111111111,0.654205607477,0.664932544942,0.486111111111,0.486111111111,19,130,0,0,0,0
1508,WLNM_dir_neg,0.979615384615,0.949425004283,00:00:02,10,40,18,1234218142,threshold_sweep,0.5,1,0.146153846154,0.255033557047,19,0,111,260,0.146153846154,1,0,0.853846153846,1,0.146153846154,0.255033557047,0.715384615385,0.650427350427,0.185819070905,0.320040428713,0.146153846154,216,86,130,0,216,0,86,0,130,37,216,0.162162162162,1.32432432432,11.6756756757,21.6,6,8.1990990496,0.702237650082,0.31006006006,10.329336629,1.76937710775,0.765265265265,3.0868314707,0.528762798222,0.252752752753,0.579945114934,0.437917739848,2,1.32432432432,0.579945114934,2,0.0121701261701,0.00597269624573,7,0.000900900900901,0.621196581197,37,37,37,1,0,0.72972972973,0.243243243243,0.027027027027,37,0.0645645645646,1.32432432432,4.64864864865,8.6,2.86666666667,3.787524963,0.814758276924,0.401948460088,4.45380021289,1.91616985903,0.803896920176,1.68414261164,0.724572984077,0.398491514771,0.579945114934,0.437917739848,2,1.34285714286,0.591252764842,2,0,0,0,0,0.141800193462,37,35,35,0.945945945946,0,0.675675675676,0.135135135135,0.135135135135,37,105,0.0788288288288,1.32432432432,5.67567567568,10.5,3.28125,4.743733024,0.835800580419,0.404890604891,5.515198765,1.94345099338,0.805148005148,2.00711946045,0.707270667017,0.384555984556,0.579945114934,0.437917739848,2,1.34285714286,0.591252764842,2,0,0,0,0,0.19565060657,37,35,35,0.945945945946,0,0.675675675676,0.189189189189,0.0810810810811,-111,-0.0833333333333,0,-6,-11.1,-2.71875,-3.4553660256,0.133562930337,0.0948305448305,-4.814137864,0.174073885634,0.0398827398827,-1.07971201025,0.178507868794,0.131803231803,0,0,0,0.0185328185328,0.0113076499071,0,-0.0121701261701,-0.00597269624573,-7,-0.000900900900901,-0.425545974626,-0.0540540540541,-0.0540540540541,0.0540540540541,105,0,111,1116,0.486111111111,1,0,0.513888888889,1,0.486111111111,0.654205607477,0.664932544942,0.486111111111,0.486111111111,19,130,0,0,0,0
1509,WLNM_dir_neg,0.979615384615,0.949425004283,00:00:02,10,40,18,1234218142,threshold_sweep,0.6,1,0.146153846154,0.255033557047,19,0,111,260,0.146153846154,1,0,0.853846153846,1,0.146153846154,0.255033557047,0.715384615385,0.650427350427,0.185819070905,0.320040428713,0.146153846154,216,86,130,0,216,0,86,0,130,37,216,0.162162162162,1.32432432432,11.6756756757,21.6,6,8.1990990496,0.702237650082,0.31006006006,10.329336629,1.76937710775,0.765265265265,3.0868314707,0.528762798222,0.252752752753,0.579945114934,0.437917739848,2,1.32432432432,0.579945114934,2,0.0121701261701,0.00597269624573,7,0.000900900900901,0.621196581197,37,37,37,1,0,0.72972972973,0.243243243243,0.027027027027,37,0.0645645645646,1.32432432432,4.64864864865,8.6,2.86666666667,3.787524963,0.814758276924,0.401948460088,4.45380021289,1.91616985903,0.803896920176,1.68414261164,0.724572984077,0.398491514771,0.579945114934,0.437917739848,2,1.34285714286,0.591252764842,2,0,0,0,0,0.141800193462,37,35,35,0.945945945946,0,0.675675675676,0.135135135135,0.135135135135,37,105,0.0788288288288,1.32432432432,5.67567567568,10.5,3.28125,4.743733024,0.835800580419,0.404890604891,5.515198765,1.94345099338,0.805148005148,2.00711946045,0.707270667017,0.384555984556,0.579945114934,0.437917739848,2,1.34285714286,0.591252764842,2,0,0,0,0,0.19565060657,37,35,35,0.945945945946,0,0.675675675676,0.189189189189,0.0810810810811,-111,-0.0833333333333,0,-6,-11.1,-2.71875,-3.4553660256,0.133562930337,0.0948305448305,-4.814137864,0.174073885634,0.0398827398827,-1.07971201025,0.178507868794,0.131803231803,0,0,0,0.0185328185328,0.0113076499071,0,-0.0121701261701,-0.00597269624573,-7,-0.000900900900901,-0.425545974626,-0.0540540540541,-0.0540540540541,0.0540540540541,105,0,111,1116,0.486111111111,1,0,0.513888888889,1,0.486111111111,0.654205607477,0.664932544942,0.486111111111,0.486111111111,19,130,0,0,0,0
1510,WLNM_dir_neg,0.979615384615,0.949425004283,00:00:02,10,40,18,1234218142,threshold_sweep,0.7,1,0.146153846154,0.255033557047,19,0,111,260,0.146153846154,1,0,0.853846153846,1,0.146153846154,0.255033557047,0.715384615385,0.650427350427,0.185819070905,0.320040428713,0.146153846154,216,86,130,0,216,0,86,0,130,37,216,0.162162162162,1.32432432432,11.6756756757,21.6,6,8.1990990496,0.702237650082,0.31006006006,10.329336629,1.76937710775,0.765265265265,3.0868314707,0.528762798222,0.252752752753,0.579945114934,0.437917739848,2,1.32432432432,0.579945114934,2,0.0121701261701,0.00597269624573,7,0.000900900900901,0.621196581197,37,37,37,1,0,0.72972972973,0.243243243243,0.027027027027,37,0.0645645645646,1.32432432432,4.64864864865,8.6,2.86666666667,3.787524963,0.814758276924,0.401948460088,4.45380021289,1.91616985903,0.803896920176,1.68414261164,0.724572984077,0.398491514771,0.579945114934,0.437917739848,2,1.34285714286,0.591252764842,2,0,0,0,0,0.141800193462,37,35,35,0.945945945946,0,0.675675675676,0.135135135135,0.135135135135,37,105,0.0788288288288,1.32432432432,5.67567567568,10.5,3.28125,4.743733024,0.835800580419,0.404890604891,5.515198765,1.94345099338,0.805148005148,2.00711946045,0.707270667017,0.384555984556,0.579945114934,0.437917739848,2,1.34285714286,0.591252764842,2,0,0,0,0,0.19565060657,37,35,35,0.945945945946,0,0.675675675676,0.189189189189,0.0810810810811,-111,-0.0833333333333,0,-6,-11.1,-2.71875,-3.4553660256,0.133562930337,0.0948305448305,-4.814137864,0.174073885634,0.0398827398827,-1.07971201025,0.178507868794,0.131803231803,0,0,0,0.0185328185328,0.0113076499071,0,-0.0121701261701,-0.00597269624573,-7,-0.000900900900901,-0.425545974626,-0.0540540540541,-0.0540540540541,0.0540540540541,105,0,111,1116,0.486111111111,1,0,0.513888888889,1,0.486111111111,0.654205607477,0.664932544942,0.486111111111,0.486111111111,19,130,0,0,0,0
1511,WLNM_dir_neg,0.979615384615,0.949425004283,00:00:02,10,40,18,1234218142,threshold_sweep,0.8,1,0.146153846154,0.255033557047,19,0,111,260,0.146153846154,1,0,0.853846153846,1,0.146153846154,0.255033557047,0.715384615385,0.650427350427,0.185819070905,0.320040428713,0.146153846154,216,86,130,0,216,0,86,0,130,37,216,0.162162162162,1.32432432432,11.6756756757,21.6,6,8.1990990496,0.702237650082,0.31006006006,10.329336629,1.76937710775,0.765265265265,3.0868314707,0.528762798222,0.252752752753,0.579945114934,0.437917739848,2,1.32432432432,0.579945114934,2,0.0121701261701,0.00597269624573,7,0.000900900900901,0.621196581197,37,37,37,1,0,0.72972972973,0.243243243243,0.027027027027,37,0.0645645645646,1.32432432432,4.64864864865,8.6,2.86666666667,3.787524963,0.814758276924,0.401948460088,4.45380021289,1.91616985903,0.803896920176,1.68414261164,0.724572984077,0.398491514771,0.579945114934,0.437917739848,2,1.34285714286,0.591252764842,2,0,0,0,0,0.141800193462,37,35,35,0.945945945946,0,0.675675675676,0.135135135135,0.135135135135,37,105,0.0788288288288,1.32432432432,5.67567567568,10.5,3.28125,4.743733024,0.835800580419,0.404890604891,5.515198765,1.94345099338,0.805148005148,2.00711946045,0.707270667017,0.384555984556,0.579945114934,0.437917739848,2,1.34285714286,0.591252764842,2,0,0,0,0,0.19565060657,37,35,35,0.945945945946,0,0.675675675676,0.189189189189,0.0810810810811,-111,-0.0833333333333,0,-6,-11.1,-2.71875,-3.4553660256,0.133562930337,0.0948305448305,-4.814137864,0.174073885634,0.0398827398827,-1.07971201025,0.178507868794,0.131803231803,0,0,0,0.0185328185328,0.0113076499071,0,-0.0121701261701,-0.00597269624573,-7,-0.000900900900901,-0.425545974626,-0.0540540540541,-0.0540540540541,0.0540540540541,105,0,111,1116,0.486111111111,1,0,0.513888888889,1,0.486111111111,0.654205607477,0.664932544942,0.486111111111,0.486111111111,19,130,0,0,0,0
1512,WLNM_dir_neg,0.979615384615,0.949425004283,00:00:02,10,40,18,1234218142,threshold_sweep,0.9,1,0.146153846154,0.255033557047,19,0,111,260,0.146153846154,1,0,0.853846153846,1,0.146153846154,0.255033557047,0.715384615385,0.650427350427,0.185819070905,0.320040428713,0.146153846154,216,86,130,0,216,0,86,0,130,37,216,0.162162162162,1.32432432432,11.6756756757,21.6,6,8.1990990496,0.702237650082,0.31006006006,10.329336629,1.76937710775,0.765265265265,3.0868314707,0.528762798222,0.252752752753,0.579945114934,0.437917739848,2,1.32432432432,0.579945114934,2,0.0121701261701,0.00597269624573,7,0.000900900900901,0.621196581197,37,37,37,1,0,0.72972972973,0.243243243243,0.027027027027,37,0.0645645645646,1.32432432432,4.64864864865,8.6,2.86666666667,3.787524963,0.814758276924,0.401948460088,4.45380021289,1.91616985903,0.803896920176,1.68414261164,0.724572984077,0.398491514771,0.579945114934,0.437917739848,2,1.34285714286,0.591252764842,2,0,0,0,0,0.141800193462,37,35,35,0.945945945946,0,0.675675675676,0.135135135135,0.135135135135,37,105,0.0788288288288,1.32432432432,5.67567567568,10.5,3.28125,4.743733024,0.835800580419,0.404890604891,5.515198765,1.94345099338,0.805148005148,2.00711946045,0.707270667017,0.384555984556,0.579945114934,0.437917739848,2,1.34285714286,0.591252764842,2,0,0,0,0,0.19565060657,37,35,35,0.945945945946,0,0.675675675676,0.189189189189,0.0810810810811,-111,-0.0833333333333,0,-6,-11.1,-2.71875,-3.4553660256,0.133562930337,0.0948305448305,-4.814137864,0.174073885634,0.0398827398827,-1.07971201025,0.178507868794,0.131803231803,0,0,0,0.0185328185328,0.0113076499071,0,-0.0121701261701,-0.00597269624573,-7,-0.000900900900901,-0.425545974626,-0.0540540540541,-0.0540540540541,0.0540540540541,105,0,111,1116,0.486111111111,1,0,0.513888888889,1,0.486111111111,0.654205607477,0.664932544942,0.486111111111,0.486111111111,19,130,0,0,0,0
1513,WLNM_dir_neg,0.959201183432,0.70052762394,00:00:02,10,40,19,1234218143,threshold_sweep,0.1,0.848484848485,0.215384615385,0.343558282209,28,5,102,255,0.215384615385,0.980769230769,0.0192307692308,0.784615384615,0.848484848485,0.215384615385,0.343558282209,0.725641025641,0.638461538462,0.241134751773,0.332249319622,0.196153846154,216,86,130,0,216,0,86,0,130,37,216,0.162162162162,1.32432432432,11.6756756757,21.6,6,8.1990990496,0.702237650082,0.31006006006,10.329336629,1.76937710775,0.765265265265,3.0868314707,0.528762798222,0.252752752753,0.579945114934,0.437917739848,2,1.32432432432,0.579945114934,2,0.0121701261701,0.00597269624573,7,0.000900900900901,0.621196581197,37,37,37,1,0,0.72972972973,0.243243243243,0.027027027027,37,0.0645645645646,1.33108108108,4.64864864865,8.6,2.77419354839,3.61490906768,0.777625787814,0.413576367065,4.20353061957,1.80849573168,0.784412319296,1.82656407945,0.785847336507,0.434946574481,0.601081357887,0.451573812016,2.25,1.35,0.61297250682,2.25,0.0118518518519,0.00546448087432,1,0.0001287001287,0.172224233932,37,35,35,0.945945945946,0,0.675675675676,0.162162162162,0.108108108108,37,119,0.0893393393393,1.57542603828,6.43243243243,9.15384615385,3.4,5.50020474639,0.855073847128,0.406540994776,5.91671424927,1.83965064893,0.774926186691,1.66891739918,0.518907090501,0.287076992959,0.848443796589,0.538548796308,2.28571428571,1.5914100949,0.854810501423,2.28571428571,0.103910604994,0.0716112531969,28,0.0036036036036,0.165477938098,37,36,36,0.972972972973,0,0.621621621622,0.324324324324,0.027027027027,-97,-0.0728228228228,0.251101713959,-5.24324324324,-12.4461538462,-2.6,-2.69889430321,0.152836197047,0.0964809347162,-4.41262237973,0.0702735411872,0.00966092142563,-1.41791407152,-0.00985570772114,0.0343242402066,0.268498681655,0.100631056459,0.285714285714,0.267085770578,0.274865386489,0.285714285714,0.0917404788242,0.0656385569512,21,0.0027027027027,-0.455718643099,-0.108108108108,0.0810810810811,0,114,5,102,1111,0.527777777778,0.995519713262,0.00448028673835,0.472222222222,0.957983193277,0.527777777778,0.680597014925,0.676244497372,0.523297491039,0.515837104072,33,130,0,0,0,0
1514,WLNM_dir_neg,0.959201183432,0.70052762394,00:00:02,10,40,19,1234218143,threshold_sweep,0.2,0.848484848485,0.215384615385,0.343558282209,28,5,102,255,0.215384615385,0.980769230769,0.0192307692308,0.784615384615,0.848484848485,0.215384615385,0.343558282209,0.725641025641,0.638461538462,0.241134751773,0.332249319622,0.196153846154,216,86,130,0,216,0,86,0,130,37,216,0.162162162162,1.32432432432,11.6756756757,21.6,6,8.1990990496,0.702237650082,0.31006006006,10.329336629,1.76937710775,0.765265265265,3.0868314707,0.528762798222,0.252752752753,0.579945114934,0.437917739848,2,1.32432432432,0.579945114934,2,0.0121701261701,0.00597269624573,7,0.000900900900901,0.621196581197,37,37,37,1,0,0.72972972973,0.243243243243,0.027027027027,37,0.0645645645646,1.33108108108,4.64864864865,8.6,2.77419354839,3.61490906768,0.777625787814,0.413576367065,4.20353061957,1.80849573168,0.784412319296,1.82656407945,0.785847336507,0.434946574481,0.601081357887,0.451573812016,2.25,1.35,0.61297250682,2.25,0.0118518518519,0.00546448087432,1,0.0001287001287,0.172224233932,37,35,35,0.945945945946,0,0.675675675676,0.162162162162,0.108108108108,37,119,0.0893393393393,1.57542603828,6.43243243243,9.15384615385,3.4,5.50020474639,0.855073847128,0.406540994776,5.91671424927,1.83965064893,0.774926186691,1.66891739918,0.518907090501,0.287076992959,0.848443796589,0.538548796308,2.28571428571,1.5914100949,0.854810501423,2.28571428571,0.103910604994,0.0716112531969,28,0.0036036036036,0.165477938098,37,36,36,0.972972972973,0,0.621621621622,0.324324324324,0.027027027027,-97,-0.0728228228228,0.251101713959,-5.24324324324,-12.4461538462,-2.6,-2.69889430321,0.152836197047,0.0964809347162,-4.41262237973,0.0702735411872,0.00966092142563,-1.41791407152,-0.00985570772114,0.0343242402066,0.268498681655,0.100631056459,0.285714285714,0.267085770578,0.274865386489,0.285714285714,0.0917404788242,0.0656385569512,21,0.0027027027027,-0.455718643099,-0.108108108108,0.0810810810811,0,114,5,102,1111,0.527777777778,0.995519713262,0.00448028673835,0.472222222222,0.957983193277,0.527777777778,0.680597014925,0.676244497372,0.523297491039,0.515837104072,33,130,0,0,0,0
1515,WLNM_dir_neg,0.959201183432,0.70052762394,00:00:02,10,40,19,1234218143,threshold_sweep,0.3,0.848484848485,0.215384615385,0.343558282209,28,5,102,255,0.215384615385,0.980769230769,0.0192307692308,0.784615384615,0.848484848485,0.215384615385,0.343558282209,0.725641025641,0.638461538462,0.241134751773,0.332249319622,0.196153846154,216,86,130,0,216,0,86,0,130,37,216,0.162162162162,1.32432432432,11.6756756757,21.6,6,8.1990990496,0.702237650082,0.31006006006,10.329336629,1.76937710775,0.765265265265,3.0868314707,0.528762798222,0.252752752753,0.579945114934,0.437917739848,2,1.32432432432,0.579945114934,2,0.0121701261701,0.00597269624573,7,0.000900900900901,0.621196581197,37,37,37,1,0,0.72972972973,0.243243243243,0.027027027027,37,0.0645645645646,1.33108108108,4.64864864865,8.6,2.77419354839,3.61490906768,0.777625787814,0.413576367065,4.20353061957,1.80849573168,0.784412319296,1.82656407945,0.785847336507,0.434946574481,0.601081357887,0.451573812016,2.25,1.35,0.61297250682,2.25,0.0118518518519,0.00546448087432,1,0.0001287001287,0.172224233932,37,35,35,0.945945945946,0,0.675675675676,0.162162162162,0.108108108108,37,119,0.0893393393393,1.57542603828,6.43243243243,9.15384615385,3.4,5.50020474639,0.855073847128,0.406540994776,5.91671424927,1.83965064893,0.774926186691,1.66891739918,0.518907090501,0.287076992959,0.848443796589,0.538548796308,2.28571428571,1.5914100949,0.854810501423,2.28571428571,0.103910604994,0.0716112531969,28,0.0036036036036,0.165477938098,37,36,36,0.972972972973,0,0.621621621622,0.324324324324,0.027027027027,-97,-0.0728228228228,0.251101713959,-5.24324324324,-12.4461538462,-2.6,-2.69889430321,0.152836197047,0.0964809347162,-4.41262237973,0.0702735411872,0.00966092142563,-1.41791407152,-0.00985570772114,0.0343242402066,0.268498681655,0.100631056459,0.285714285714,0.267085770578,0.274865386489,0.285714285714,0.0917404788242,0.0656385569512,21,0.0027027027027,-0.455718643099,-0.108108108108,0.0810810810811,0,114,5,102,1111,0.527777777778,0.995519713262,0.00448028673835,0.472222222222,0.957983193277,0.527777777778,0.680597014925,0.676244497372,0.523297491039,0.515837104072,33,130,0,0,0,0
1516,WLNM_dir_neg,0.959201183432,0.70052762394,00:00:02,10,40,19,1234218143,threshold_sweep,0.4,0.838709677419,0.2,0.32298136646,26,5,104,255,0.2,0.980769230769,0.0192307692308,0.8,0.838709677419,0.2,0.32298136646,0.720512820513,0.640170940171,0.223277909739,0.31503208599,0.180769230769,216,86,130,0,216,0,86,0,130,37,216,0.162162162162,1.32432432432,11.6756756757,21.6,6,8.1990990496,0.702237650082,0.31006006006,10.329336629,1.76937710775,0.765265265265,3.0868314707,0.528762798222,0.252752752753,0.579945114934,0.437917739848,2,1.32432432432,0.579945114934,2,0.0121701261701,0.00597269624573,7,0.000900900900901,0.621196581197,37,37,37,1,0,0.72972972973,0.243243243243,0.027027027027,37,0.0645645645646,1.33108108108,4.64864864865,8.6,2.77419354839,3.61490906768,0.777625787814,0.413576367065,4.20353061957,1.80849573168,0.784412319296,1.82656407945,0.785847336507,0.434946574481,0.601081357887,0.451573812016,2.25,1.35,0.61297250682,2.25,0.0118518518519,0.00546448087432,1,0.0001287001287,0.172224233932,37,35,35,0.945945945946,0,0.675675675676,0.162162162162,0.108108108108,37,117,0.0878378378378,1.57574829003,6.32432432432,9,3.34285714286,5.31796773033,0.84087523941,0.400785400785,5.86189916852,1.85376298492,0.777084777085,1.72423112516,0.545269672059,0.304458304458,0.849088284439,0.538847663557,2.28571428571,1.59174129809,0.855462095533,2.28571428571,0.0999209784924,0.064631956912,24,0.0030888030888,0.16391977404,37,36,36,0.972972972973,0,0.621621621622,0.324324324324,0.027027027027,-99,-0.0743243243243,0.25142396571,-5.35135135135,-12.6,-2.65714285714,-2.88113131928,0.138637589329,0.0907253407253,-4.46743746048,0.0843858771704,0.0118195118195,-1.36260034554,0.0165068738369,0.0517055517056,0.269143169505,0.100929923709,0.285714285714,0.267416973766,0.275516980598,0.285714285714,0.0877508523223,0.0586592606663,17,0.0021879021879,-0.457276807157,-0.108108108108,0.0810810810811,0,112,5,104,1111,0.518518518519,0.995519713262,0.00448028673835,0.481481481481,0.957264957265,0.518518518519,0.672672672673,0.66938091222,0.51403823178,0.506787330317,31,130,0,0,0,0
1517,WLNM_dir_neg,0.959201183432,0.70052762394,00:00:02,10,40,19,1234218143,threshold_sweep,0.5,0.821428571429,0.176923076923,0.291139240506,23,5,107,255,0.176923076923,0.980769230769,0.0192307692308,0.823076923077,0.821428571429,0.176923076923,0.291139240506,0.712820512821,0.642735042735,0.196172248804,0.287962249784,0.157692307692,216,86,130,0,216,0,86,0,130,37,216,0.162162162162,1.32432432432,11.6756756757,21.6,6,8.1990990496,0.702237650082,0.31006006006,10.329336629,1.76937710775,0.765265265265,3.0868314707,0.528762798222,0.252752752753,0.579945114934,0.437917739848,2,1.32432432432,0.579945114934,2,0.0121701261701,0.00597269624573,7,0.000900900900901,0.621196581197,37,37,37,1,0,0.72972972973,0.243243243243,0.027027027027,37,0.0645645645646,1.33108108108,4.64864864865,8.6,2.77419354839,3.61490906768,0.777625787814,0.413576367065,4.20353061957,1.80849573168,0.784412319296,1.82656407945,0.785847336507,0.434946574481,0.601081357887,0.451573812016,2.25,1.35,0.61297250682,2.25,0.0118518518519,0.00546448087432,1,0.0001287001287,0.172224233932,37,35,35,0.945945945946,0,0.675675675676,0.162162162162,0.108108108108,37,114,0.0855855855856,1.57519045019,6.16216216216,8.76923076923,3.25714285714,5.21490126418,0.846277836732,0.396159317212,5.82798983059,1.89154055905,0.784732100522,1.80090067556,0.584502850841,0.328117591275,0.847964907027,0.538325322455,2.28571428571,1.5911679627,0.854326254863,2.28571428571,0.0981955610527,0.0594339622642,21,0.0027027027027,0.164233349353,37,36,36,0.972972972973,0,0.621621621622,0.324324324324,0.027027027027,-102,-0.0765765765766,0.250866125866,-5.51351351351,-12.8307692308,-2.74285714286,-2.98419778542,0.14404018665,0.0860992571519,-4.50134679841,0.122163451306,0.0194668352563,-1.28593079514,0.0557400526182,0.0753648385227,0.268019792093,0.100407582607,0.285714285714,0.266843638371,0.274381139928,0.285714285714,0.0860254348826,0.0534612660184,14,0.0018018018018,-0.456963231843,-0.108108108108,0.0810810810811,0,109,5,107,1111,0.50462962963,0.995519713262,0.00448028673835,0.49537037037,0.956140350877,0.50462962963,0.660606060606,0.658995737658,0.500149342891,0.493212669683,28,130,0,0,0,0
1518,WLNM_dir_neg,0.959201183432,0.70052762394,00:00:02,10,40,19,1234218143,threshold_sweep,0.6,0.851851851852,0.176923076923,0.292993630573,23,4,107,256,0.176923076923,0.984615384615,0.0153846153846,0.823076923077,0.851851851852,0.176923076923,0.292993630573,0.715384615385,0.64358974359,0.201438848921,0.299984695049,0.161538461538,216,86,130,0,216,0,86,0,130,37,216,0.162162162162,1.32432432432,11.6756756757,21.6,6,8.1990990496,0.702237650082,0.31006006006,10.329336629,1.76937710775,0.765265265265,3.0868314707,0.528762798222,0.252752752753,0.579945114934,0.437917739848,2,1.32432432432,0.579945114934,2,0.0121701261701,0.00597269624573,7,0.000900900900901,0.621196581197,37,37,37,1,0,0.72972972973,0.243243243243,0.027027027027,37,0.0645645645646,1.33108108108,4.64864864865,8.6,2.77419354839,3.61490906768,0.777625787814,0.413576367065,4.20353061957,1.80849573168,0.784412319296,1.82656407945,0.785847336507,0.434946574481,0.601081357887,0.451573812016,2.25,1.35,0.61297250682,2.25,0.0118518518519,0.00546448087432,1,0.0001287001287,0.172224233932,37,35,35,0.945945945946,0,0.675675675676,0.162162162162,0.108108108108,37,113,0.0848348348348,1.50323992824,6.10810810811,9.41666666667,3.22857142857,5.20034071418,0.851383214268,0.399186797417,5.84021473134,1.91228269964,0.788806505621,1.77866907087,0.582396067452,0.326716096628,0.791231998539,0.526351105818,2.28571428571,1.51721881514,0.797808526241,2.28571428571,0.117329760187,0.0601719197708,21,0.0027027027027,0.158109109842,37,36,36,0.972972972973,0,0.648648648649,0.297297297297,0.027027027027,-103,-0.0773273273273,0.178915603916,-5.56756756757,-12.1833333333,-2.77142857143,-2.99875833543,0.149145564186,0.0891267373568,-4.48912189766,0.142905591896,0.0235412403554,-1.30816239984,0.05363326923,0.0739633438748,0.211286883605,0.0884333659696,0.285714285714,0.192894490811,0.217863411307,0.285714285714,0.105159634017,0.054199223525,14,0.0018018018018,-0.463087471355,-0.0810810810811,0.0540540540541,0,109,4,107,1112,0.50462962963,0.996415770609,0.00358422939068,0.49537037037,0.964601769912,0.50462962963,0.662613981763,0.662819043765,0.501045400239,0.495454545455,27,130,0,0,0,0
1519,WLNM_dir_neg,0.959201183432,0.70052762394,00:00:02,10,40,19,1234218143,threshold_sweep,0.7,0.884615384615,0.176923076923,0.294871794872,23,3,107,257,0.176923076923,0.988461538462,0.0115384615385,0.823076923077,0.884615384615,0.176923076923,0.294871794872,0.717948717949,0.644444444444,0.206730769231,0.312547544988,0.165384615385,216,86,130,0,216,0,86,0,130,37,216,0.162162162162,1.32432432432,11.6756756757,21.6,6,8.1990990496,0.702237650082,0.31006006006,10.329336629,1.76937710775,0.765265265265,3.0868314707,0.528762798222,0.252752752753,0.579945114934,0.437917739848,2,1.32432432432,0.579945114934,2,0.0121701261701,0.00597269624573,7,0.000900900900901,0.621196581197,37,37,37,1,0,0.72972972973,0.243243243243,0.027027027027,37,0.0645645645646,1.33108108108,4.64864864865,8.6,2.77419354839,3.61490906768,0.777625787814,0.413576367065,4.20353061957,1.80849573168,0.784412319296,1.82656407945,0.785847336507,0.434946574481,0.601081357887,0.451573812016,2.25,1.35,0.61297250682,2.25,0.0118518518519,0.00546448087432,1,0.0001287001287,0.172224233932,37,35,35,0.945945945946,0,0.675675675676,0.162162162162,0.108108108108,37,112,0.0840840840841,1.43274085774,6.05405405405,10.1818181818,3.2,5.19051456423,0.857361780698,0.40250965251,5.85228581404,1.93334442071,0.792471042471,1.77147908205,0.585220768177,0.327702702703,0.723632060733,0.505068349816,2.28571428571,1.44476143712,0.730140778789,2.28571428571,0.117445200302,0.0608695652174,21,0.0027027027027,0.16473093181,37,36,36,0.972972972973,0,0.675675675676,0.27027027027,0.027027027027,-104,-0.0780780780781,0.108416533417,-5.62162162162,-11.4181818182,-2.8,-3.00858448538,0.155124130616,0.0924495924496,-4.47705081496,0.163967312965,0.0272057772058,-1.31535238865,0.0564579699546,0.0749499499499,0.143686945799,0.0671506099678,0.285714285714,0.120437112798,0.150195663855,0.285714285714,0.105275074132,0.0548968689717,14,0.0018018018018,-0.456465649386,-0.0540540540541,0.027027027027,0,109,3,107,1113,0.50462962963,0.997311827957,0.00268817204301,0.49537037037,0.973214285714,0.50462962963,0.664634146341,0.666688730009,0.501941457587,0.497716894977,26,130,0,0,0,0
1520,WLNM_dir_neg,0.959201183432,0.70052762394,00:00:02,10,40,19,1234218143,threshold_sweep,0.8,0.92,0.176923076923,0.296774193548,23,2,107,258,0.176923076923,0.992307692308,0.00769230769231,0.823076923077,0.92,0.176923076923,0.296774193548,0.720512820513,0.645299145299,0.212048192771,0.325702612487,0.169230769231,216,86,130,0,216,0,86,0,130,37,216,0.162162162162,1.32432432432,11.6756756757,21.6,6,8.1990990496,0.702237650082,0.31006006006,10.329336629,1.76937710775,0.765265265265,3.0868314707,0.528762798222,0.252752752753,0.579945114934,0.437917739848,2,1.32432432432,0.579945114934,2,0.0121701261701,0.00597269624573,7,0.000900900900901,0.621196581197,37,37,37,1,0,0.72972972973,0.243243243243,0.027027027027,37,0.0645645645646,1.33108108108,4.64864864865,8.6,2.77419354839,3.61490906768,0.777625787814,0.413576367065,4.20353061957,1.80849573168,0.784412319296,1.82656407945,0.785847336507,0.434946574481,0.601081357887,0.451573812016,2.25,1.35,0.61297250682,2.25,0.0118518518519,0.00546448087432,1,0.0001287001287,0.172224233932,37,35,35,0.945945945946,0,0.675675675676,0.162162162162,0.108108108108,37,111,0.0833333333333,1.32688938939,6,11.1,3.17142857143,5.16397779494,0.860662965824,0.401266130996,5.86420402859,1.9547346762,0.795714633552,1.77951304201,0.593171014002,0.332115899683,0.584133257406,0.440227544268,2.01851851852,1.33596965021,0.589764963666,2.01851851852,0.117445200302,0.0608695652174,21,0.0027027027027,0.193004472212,37,36,36,0.972972972973,0,0.702702702703,0.243243243243,0.027027027027,-105,-0.0788288288288,0.00256506506507,-5.67567567568,-10.5,-2.82857142857,-3.03512125466,0.158425315742,0.0912060709358,-4.46513260041,0.18535756845,0.0304493682872,-1.3073184287,0.0644082157793,0.0793631469307,0.00418814247202,0.00230980441977,0.0185185185185,0.0116453258814,0.00981984873181,0.0185185185185,0.105275074132,0.0548968689717,14,0.0018018018018,-0.428192108984,-0.027027027027,0,0,109,2,107,1114,0.50462962963,0.998207885305,0.00179211469534,0.49537037037,0.981981981982,0.50462962963,0.666666666667,0.670605827233,0.502837514934,0.5,25,130,0,0,0,0
1521,WLNM_dir_neg,0.959201183432,0.70052762394,00:00:02,10,40,19,1234218143,threshold_sweep,0.9,0.916666666667,0.169230769231,0.285714285714,22,2,108,258,0.169230769231,0.992307692308,0.00769230769231,0.830769230769,0.916666666667,0.169230769231,0.285714285714,0.717948717949,0.646153846154,0.202898550725,0.316875111149,0.161538461538,216,86,130,0,216,0,86,0,130,37,216,0.162162162162,1.32432432432,11.6756756757,21.6,6,8.1990990496,0.702237650082,0.31006006006,10.329336629,1.76937710775,0.765265265265,3.0868314707,0.528762798222,0.252752752753,0.579945114934,0.437917739848,2,1.32432432432,0.579945114934,2,0.0121701261701,0.00597269624573,7,0.000900900900901,0.621196581197,37,37,37,1,0,0.72972972973,0.243243243243,0.027027027027,37,0.0645645645646,1.33108108108,4.64864864865,8.6,2.77419354839,3.61490906768,0.777625787814,0.413576367065,4.20353061957,1.80849573168,0.784412319296,1.82656407945,0.785847336507,0.434946574481,0.601081357887,0.451573812016,2.25,1.35,0.61297250682,2.25,0.0118518518519,0.00546448087432,1,0.0001287001287,0.172224233932,37,35,35,0.945945945946,0,0.675675675676,0.162162162162,0.108108108108,37,110,0.0825825825826,1.32707707708,5.94594594595,11,3.14285714286,5.14752338479,0.865719841988,0.401965601966,5.86177109416,1.97168664076,0.798525798526,1.78709084651,0.601112375646,0.336117936118,0.584691919968,0.440586255363,2.02469135802,1.33616255144,0.590331045654,2.02469135802,0.112424242424,0.0558276199804,19,0.0024453024453,0.190041509249,37,36,36,0.972972972973,0,0.702702702703,0.243243243243,0.027027027027,-106,-0.0795795795796,0.00275275275275,-5.72972972973,-10.6,-2.85714285714,-3.05157566481,0.163482191906,0.0919055419055,-4.46756553484,0.202309533018,0.0332605332605,-1.29974062419,0.0723495774231,0.0833651833652,0.00474680503361,0.00266851551498,0.0246913580247,0.011838227116,0.0103859307191,0.0246913580247,0.100254116254,0.0498549237347,12,0.0015444015444,-0.431155071947,-0.027027027027,0,0,108,2,108,1114,0.5,0.998207885305,0.00179211469534,0.5,0.981818181818,0.5,0.662576687117,0.667171712519,0.498207885305,0.495412844037,24,130,0,0,0,0
1522,WLNM_dir_neg,0.982647928994,0.731983681265,00:00:02,10,40,20,1234218144,threshold_sweep,0.1,0.97619047619,0.315384615385,0.476744186047,41,1,89,259,0.315384615385,0.996153846154,0.00384615384615,0.684615384615,0.97619047619,0.315384615385,0.476744186047,0.769230769231,0.630769230769,0.375,0.473757124282,0.311538461538,216,86,130,0,216,0,86,0,130,37,216,0.162162162162,1.32432432432,11.6756756757,21.6,6,8.1990990496,0.702237650082,0.31006006006,10.329336629,1.76937710775,0.765265265265,3.0868314707,0.528762798222,0.252752752753,0.579945114934,0.437917739848,2,1.32432432432,0.579945114934,2,0.0121701261701,0.00597269624573,7,0.000900900900901,0.621196581197,37,37,37,1,0,0.72972972973,0.243243243243,0.027027027027,37,0.0645645645646,1.33108108108,4.64864864865,8.6,2.86666666667,3.78018383016,0.813179079743,0.412947831552,4.30151171136,1.85065038745,0.791954745443,1.78035661306,0.765967380038,0.42614707731,0.601081357887,0.451573812016,2.25,1.35,0.61297250682,2.25,0.0228946417277,0.0105078809107,2,0.0002574002574,0.164367953836,37,35,35,0.945945945946,0,0.675675675676,0.135135135135,0.135135135135,37,128,0.0960960960961,1.3272972973,6.91891891892,12.8,3.65714285714,5.75122391988,0.83123158217,0.397170608108,6.58109495531,1.90234776052,0.794763513514,2.102836637,0.607851215384,0.339527027027,0.584202441361,0.440144376509,2.01,1.33638888889,0.589828802173,2.01,0.0362108892645,0.0221729490022,10,0.001287001287,0.2533033391,37,36,36,0.972972972973,0,0.702702702703,0.243243243243,0.027027027027,-88,-0.0660660660661,0.00297297297297,-4.75675675676,-8.8,-2.34285714286,-2.44787512973,0.128993932088,0.087110548048,-3.74824167369,0.132970652774,0.0294982482482,-0.983994833701,0.0790884171612,0.0867742742743,0.00425732642684,0.00222663666075,0.01,0.0120645645646,0.0098836872387,0.01,0.0240407630944,0.0162002527565,3,0.0003861003861,-0.367893242097,-0.027027027027,0,0,127,1,89,1115,0.587962962963,0.999103942652,0.00089605734767,0.412037037037,0.9921875,0.587962962963,0.738372093023,0.734223606077,0.587066905615,0.585253456221,42,130,0,0,0,0
1523,WLNM_dir_neg,0.982647928994,0.731983681265,00:00:02,10,40,20,1234218144,threshold_sweep,0.2,0.972972972973,0.276923076923,0.431137724551,36,1,94,259,0.276923076923,0.996153846154,0.00384615384615,0.723076923077,0.972972972973,0.276923076923,0.431137724551,0.75641025641,0.635042735043,0.332552693208,0.43929386301,0.273076923077,216,86,130,0,216,0,86,0,130,37,216,0.162162162162,1.32432432432,11.6756756757,21.6,6,8.1990990496,0.702237650082,0.31006006006,10.329336629,1.76937710775,0.765265265265,3.0868314707,0.528762798222,0.252752752753,0.579945114934,0.437917739848,2,1.32432432432,0.579945114934,2,0.0121701261701,0.00597269624573,7,0.000900900900901,0.621196581197,37,37,37,1,0,0.72972972973,0.243243243243,0.027027027027,37,0.0645645645646,1.33108108108,4.64864864865,8.6,2.86666666667,3.78018383016,0.813179079743,0.412947831552,4.30151171136,1.85065038745,0.791954745443,1.78035661306,0.765967380038,0.42614707731,0.601081357887,0.451573812016,2.25,1.35,0.61297250682,2.25,0.0228946417277,0.0105078809107,2,0.0002574002574,0.164367953836,37,35,35,0.945945945946,0,0.675675675676,0.135135135135,0.135135135135,37,123,0.0923423423423,1.33243243243,6.64864864865,12.3,4.1,5.62344406242,0.845802562233,0.396616128323,6.49381780386,1.95342486783,0.805097780708,2.28587515521,0.68762098165,0.384091408482,0.600025024503,0.450323040702,2.2,1.35142857143,0.611830151638,2.2,0.0422750865052,0.0213607594937,9,0.0011583011583,0.260387716711,37,35,35,0.945945945946,0,0.675675675676,0.135135135135,0.135135135135,-93,-0.0698198198198,0.00810810810811,-5.02702702703,-9.3,-1.9,-2.57565498719,0.143564912151,0.0865560682634,-3.83551882514,0.184047760081,0.0398325154423,-0.80095631549,0.158858183427,0.131338655729,0.0200799095687,0.0124053008537,0.2,0.0271042471042,0.0318850367039,0.2,0.0301049603351,0.0153880632479,2,0.0002574002574,-0.360808864486,-0.0540540540541,-0.108108108108,0.108108108108,122,1,94,1115,0.564814814815,0.999103942652,0.00089605734767,0.435185185185,0.991869918699,0.564814814815,0.719764011799,0.717975801904,0.563918757467,0.562211981567,37,130,0,0,0,0
1524,WLNM_dir_neg,0.982647928994,0.731983681265,00:00:02,10,40,20,1234218144,threshold_sweep,0.3,0.972972972973,0.276923076923,0.431137724551,36,1,94,259,0.276923076923,0.996153846154,0.00384615384615,0.723076923077,0.972972972973,0.276923076923,0.431137724551,0.75641025641,0.635042735043,0.332552693208,0.43929386301,0.273076923077,216,86,130,0,216,0,86,0,130,37,216,0.162162162162,1.32432432432,11.6756756757,21.6,6,8.1990990496,0.702237650082,0.31006006006,10.329336629,1.76937710775,0.765265265265,3.0868314707,0.528762798222,0.252752752753,0.579945114934,0.437917739848,2,1.32432432432,0.579945114934,2,0.0121701261701,0.00597269624573,7,0.000900900900901,0.621196581197,37,37,37,1,0,0.72972972973,0.243243243243,0.027027027027,37,0.0645645645646,1.33108108108,4.64864864865,8.6,2.86666666667,3.78018383016,0.813179079743,0.412947831552,4.30151171136,1.85065038745,0.791954745443,1.78035661306,0.765967380038,0.42614707731,0.601081357887,0.451573812016,2.25,1.35,0.61297250682,2.25,0.0228946417277,0.0105078809107,2,0.0002574002574,0.164367953836,37,35,35,0.945945945946,0,0.675675675676,0.135135135135,0.135135135135,37,123,0.0923423423423,1.33243243243,6.64864864865,12.3,4.1,5.62344406242,0.845802562233,0.396616128323,6.49381780386,1.95342486783,0.805097780708,2.28587515521,0.68762098165,0.384091408482,0.600025024503,0.450323040702,2.2,1.35142857143,0.611830151638,2.2,0.0422750865052,0.0213607594937,9,0.0011583011583,0.260387716711,37,35,35,0.945945945946,0,0.675675675676,0.135135135135,0.135135135135,-93,-0.0698198198198,0.00810810810811,-5.02702702703,-9.3,-1.9,-2.57565498719,0.143564912151,0.0865560682634,-3.83551882514,0.184047760081,0.0398325154423,-0.80095631549,0.158858183427,0.131338655729,0.0200799095687,0.0124053008537,0.2,0.0271042471042,0.0318850367039,0.2,0.0301049603351,0.0153880632479,2,0.0002574002574,-0.360808864486,-0.0540540540541,-0.108108108108,0.108108108108,122,1,94,1115,0.564814814815,0.999103942652,0.00089605734767,0.435185185185,0.991869918699,0.564814814815,0.719764011799,0.717975801904,0.563918757467,0.562211981567,37,130,0,0,0,0
1525,WLNM_dir_neg,0.982647928994,0.731983681265,00:00:02,10,40,20,1234218144,threshold_sweep,0.4,0.972972972973,0.276923076923,0.431137724551,36,1,94,259,0.276923076923,0.996153846154,0.00384615384615,0.723076923077,0.972972972973,0.276923076923,0.431137724551,0.75641025641,0.635042735043,0.332552693208,0.43929386301,0.273076923077,216,86,130,0,216,0,86,0,130,37,216,0.162162162162,1.32432432432,11.6756756757,21.6,6,8.1990990496,0.702237650082,0.31006006006,10.329336629,1.76937710775,0.765265265265,3.0868314707,0.528762798222,0.252752752753,0.579945114934,0.437917739848,2,1.32432432432,0.579945114934,2,0.0121701261701,0.00597269624573,7,0.000900900900901,0.621196581197,37,37,37,1,0,0.72972972973,0.243243243243,0.027027027027,37,0.0645645645646,1.33108108108,4.64864864865,8.6,2.86666666667,3.78018383016,0.813179079743,0.412947831552,4.30151171136,1.85065038745,0.791954745443,1.78035661306,0.765967380038,0.42614707731,0.601081357887,0.451573812016,2.25,1.35,0.61297250682,2.25,0.0228946417277,0.0105078809107,2,0.0002574002574,0.164367953836,37,35,35,0.945945945946,0,0.675675675676,0.135135135135,0.135135135135,37,123,0.0923423423423,1.33243243243,6.64864864865,12.3,4.1,5.62344406242,0.845802562233,0.396616128323,6.49381780386,1.95342486783,0.805097780708,2.28587515521,0.68762098165,0.384091408482,0.600025024503,0.450323040702,2.2,1.35142857143,0.611830151638,2.2,0.0422750865052,0.0213607594937,9,0.0011583011583,0.260387716711,37,35,35,0.945945945946,0,0.675675675676,0.135135135135,0.135135135135,-93,-0.0698198198198,0.00810810810811,-5.02702702703,-9.3,-1.9,-2.57565498719,0.143564912151,0.0865560682634,-3.83551882514,0.184047760081,0.0398325154423,-0.80095631549,0.158858183427,0.131338655729,0.0200799095687,0.0124053008537,0.2,0.0271042471042,0.0318850367039,0.2,0.0301049603351,0.0153880632479,2,0.0002574002574,-0.360808864486,-0.0540540540541,-0.108108108108,0.108108108108,122,1,94,1115,0.564814814815,0.999103942652,0.00089605734767,0.435185185185,0.991869918699,0.564814814815,0.719764011799,0.717975801904,0.563918757467,0.562211981567,37,130,0,0,0,0
1526,WLNM_dir_neg,0.982647928994,0.731983681265,00:00:02,10,40,20,1234218144,threshold_sweep,0.5,0.972972972973,0.276923076923,0.431137724551,36,1,94,259,0.276923076923,0.996153846154,0.00384615384615,0.723076923077,0.972972972973,0.276923076923,0.431137724551,0.75641025641,0.635042735043,0.332552693208,0.43929386301,0.273076923077,216,86,130,0,216,0,86,0,130,37,216,0.162162162162,1.32432432432,11.6756756757,21.6,6,8.1990990496,0.702237650082,0.31006006006,10.329336629,1.76937710775,0.765265265265,3.0868314707,0.528762798222,0.252752752753,0.579945114934,0.437917739848,2,1.32432432432,0.579945114934,2,0.0121701261701,0.00597269624573,7,0.000900900900901,0.621196581197,37,37,37,1,0,0.72972972973,0.243243243243,0.027027027027,37,0.0645645645646,1.33108108108,4.64864864865,8.6,2.86666666667,3.78018383016,0.813179079743,0.412947831552,4.30151171136,1.85065038745,0.791954745443,1.78035661306,0.765967380038,0.42614707731,0.601081357887,0.451573812016,2.25,1.35,0.61297250682,2.25,0.0228946417277,0.0105078809107,2,0.0002574002574,0.164367953836,37,35,35,0.945945945946,0,0.675675675676,0.135135135135,0.135135135135,37,123,0.0923423423423,1.33243243243,6.64864864865,12.3,4.1,5.62344406242,0.845802562233,0.396616128323,6.49381780386,1.95342486783,0.805097780708,2.28587515521,0.68762098165,0.384091408482,0.600025024503,0.450323040702,2.2,1.35142857143,0.611830151638,2.2,0.0422750865052,0.0213607594937,9,0.0011583011583,0.260387716711,37,35,35,0.945945945946,0,0.675675675676,0.135135135135,0.135135135135,-93,-0.0698198198198,0.00810810810811,-5.02702702703,-9.3,-1.9,-2.57565498719,0.143564912151,0.0865560682634,-3.83551882514,0.184047760081,0.0398325154423,-0.80095631549,0.158858183427,0.131338655729,0.0200799095687,0.0124053008537,0.2,0.0271042471042,0.0318850367039,0.2,0.0301049603351,0.0153880632479,2,0.0002574002574,-0.360808864486,-0.0540540540541,-0.108108108108,0.108108108108,122,1,94,1115,0.564814814815,0.999103942652,0.00089605734767,0.435185185185,0.991869918699,0.564814814815,0.719764011799,0.717975801904,0.563918757467,0.562211981567,37,130,0,0,0,0
1527,WLNM_dir_neg,0.982647928994,0.731983681265,00:00:02,10,40,20,1234218144,threshold_sweep,0.6,0.972972972973,0.276923076923,0.431137724551,36,1,94,259,0.276923076923,0.996153846154,0.00384615384615,0.723076923077,0.972972972973,0.276923076923,0.431137724551,0.75641025641,0.635042735043,0.332552693208,0.43929386301,0.273076923077,216,86,130,0,216,0,86,0,130,37,216,0.162162162162,1.32432432432,11.6756756757,21.6,6,8.1990990496,0.702237650082,0.31006006006,10.329336629,1.76937710775,0.765265265265,3.0868314707,0.528762798222,0.252752752753,0.579945114934,0.437917739848,2,1.32432432432,0.579945114934,2,0.0121701261701,0.00597269624573,7,0.000900900900901,0.621196581197,37,37,37,1,0,0.72972972973,0.243243243243,0.027027027027,37,0.0645645645646,1.33108108108,4.64864864865,8.6,2.86666666667,3.78018383016,0.813179079743,0.412947831552,4.30151171136,1.85065038745,0.791954745443,1.78035661306,0.765967380038,0.42614707731,0.601081357887,0.451573812016,2.25,1.35,0.61297250682,2.25,0.0228946417277,0.0105078809107,2,0.0002574002574,0.164367953836,37,35,35,0.945945945946,0,0.675675675676,0.135135135135,0.135135135135,37,123,0.0923423423423,1.33243243243,6.64864864865,12.3,4.1,5.62344406242,0.845802562233,0.396616128323,6.49381780386,1.95342486783,0.805097780708,2.28587515521,0.68762098165,0.384091408482,0.600025024503,0.450323040702,2.2,1.35142857143,0.611830151638,2.2,0.0422750865052,0.0213607594937,9,0.0011583011583,0.260387716711,37,35,35,0.945945945946,0,0.675675675676,0.135135135135,0.135135135135,-93,-0.0698198198198,0.00810810810811,-5.02702702703,-9.3,-1.9,-2.57565498719,0.143564912151,0.0865560682634,-3.83551882514,0.184047760081,0.0398325154423,-0.80095631549,0.158858183427,0.131338655729,0.0200799095687,0.0124053008537,0.2,0.0271042471042,0.0318850367039,0.2,0.0301049603351,0.0153880632479,2,0.0002574002574,-0.360808864486,-0.0540540540541,-0.108108108108,0.108108108108,122,1,94,1115,0.564814814815,0.999103942652,0.00089605734767,0.435185185185,0.991869918699,0.564814814815,0.719764011799,0.717975801904,0.563918757467,0.562211981567,37,130,0,0,0,0
1528,WLNM_dir_neg,0.982647928994,0.731983681265,00:00:02,10,40,20,1234218144,threshold_sweep,0.7,0.972972972973,0.276923076923,0.431137724551,36,1,94,259,0.276923076923,0.996153846154,0.00384615384615,0.723076923077,0.972972972973,0.276923076923,0.431137724551,0.75641025641,0.635042735043,0.332552693208,0.43929386301,0.273076923077,216,86,130,0,216,0,86,0,130,37,216,0.162162162162,1.32432432432,11.6756756757,21.6,6,8.1990990496,0.702237650082,0.31006006006,10.329336629,1.76937710775,0.765265265265,3.0868314707,0.528762798222,0.252752752753,0.579945114934,0.437917739848,2,1.32432432432,0.579945114934,2,0.0121701261701,0.00597269624573,7,0.000900900900901,0.621196581197,37,37,37,1,0,0.72972972973,0.243243243243,0.027027027027,37,0.0645645645646,1.33108108108,4.64864864865,8.6,2.86666666667,3.78018383016,0.813179079743,0.412947831552,4.30151171136,1.85065038745,0.791954745443,1.78035661306,0.765967380038,0.42614707731,0.601081357887,0.451573812016,2.25,1.35,0.61297250682,2.25,0.0228946417277,0.0105078809107,2,0.0002574002574,0.164367953836,37,35,35,0.945945945946,0,0.675675675676,0.135135135135,0.135135135135,37,123,0.0923423423423,1.33243243243,6.64864864865,12.3,4.1,5.62344406242,0.845802562233,0.396616128323,6.49381780386,1.95342486783,0.805097780708,2.28587515521,0.68762098165,0.384091408482,0.600025024503,0.450323040702,2.2,1.35142857143,0.611830151638,2.2,0.0422750865052,0.0213607594937,9,0.0011583011583,0.260387716711,37,35,35,0.945945945946,0,0.675675675676,0.135135135135,0.135135135135,-93,-0.0698198198198,0.00810810810811,-5.02702702703,-9.3,-1.9,-2.57565498719,0.143564912151,0.0865560682634,-3.83551882514,0.184047760081,0.0398325154423,-0.80095631549,0.158858183427,0.131338655729,0.0200799095687,0.0124053008537,0.2,0.0271042471042,0.0318850367039,0.2,0.0301049603351,0.0153880632479,2,0.0002574002574,-0.360808864486,-0.0540540540541,-0.108108108108,0.108108108108,122,1,94,1115,0.564814814815,0.999103942652,0.00089605734767,0.435185185185,0.991869918699,0.564814814815,0.719764011799,0.717975801904,0.563918757467,0.562211981567,37,130,0,0,0,0
1529,WLNM_dir_neg,0.982647928994,0.731983681265,00:00:02,10,40,20,1234218144,threshold_sweep,0.8,0.972972972973,0.276923076923,0.431137724551,36,1,94,259,0.276923076923,0.996153846154,0.00384615384615,0.723076923077,0.972972972973,0.276923076923,0.431137724551,0.75641025641,0.635042735043,0.332552693208,0.43929386301,0.273076923077,216,86,130,0,216,0,86,0,130,37,216,0.162162162162,1.32432432432,11.6756756757,21.6,6,8.1990990496,0.702237650082,0.31006006006,10.329336629,1.76937710775,0.765265265265,3.0868314707,0.528762798222,0.252752752753,0.579945114934,0.437917739848,2,1.32432432432,0.579945114934,2,0.0121701261701,0.00597269624573,7,0.000900900900901,0.621196581197,37,37,37,1,0,0.72972972973,0.243243243243,0.027027027027,37,0.0645645645646,1.33108108108,4.64864864865,8.6,2.86666666667,3.78018383016,0.813179079743,0.412947831552,4.30151171136,1.85065038745,0.791954745443,1.78035661306,0.765967380038,0.42614707731,0.601081357887,0.451573812016,2.25,1.35,0.61297250682,2.25,0.0228946417277,0.0105078809107,2,0.0002574002574,0.164367953836,37,35,35,0.945945945946,0,0.675675675676,0.135135135135,0.135135135135,37,123,0.0923423423423,1.33243243243,6.64864864865,12.3,4.1,5.62344406242,0.845802562233,0.396616128323,6.49381780386,1.95342486783,0.805097780708,2.28587515521,0.68762098165,0.384091408482,0.600025024503,0.450323040702,2.2,1.35142857143,0.611830151638,2.2,0.0422750865052,0.0213607594937,9,0.0011583011583,0.260387716711,37,35,35,0.945945945946,0,0.675675675676,0.135135135135,0.135135135135,-93,-0.0698198198198,0.00810810810811,-5.02702702703,-9.3,-1.9,-2.57565498719,0.143564912151,0.0865560682634,-3.83551882514,0.184047760081,0.0398325154423,-0.80095631549,0.158858183427,0.131338655729,0.0200799095687,0.0124053008537,0.2,0.0271042471042,0.0318850367039,0.2,0.0301049603351,0.0153880632479,2,0.0002574002574,-0.360808864486,-0.0540540540541,-0.108108108108,0.108108108108,122,1,94,1115,0.564814814815,0.999103942652,0.00089605734767,0.435185185185,0.991869918699,0.564814814815,0.719764011799,0.717975801904,0.563918757467,0.562211981567,37,130,0,0,0,0
1530,WLNM_dir_neg,0.982647928994,0.731983681265,00:00:02,10,40,20,1234218144,threshold_sweep,0.9,1,0.276923076923,0.433734939759,36,0,94,260,0.276923076923,1,0,0.723076923077,1,0.276923076923,0.433734939759,0.758974358974,0.635897435897,0.338028169014,0.450987616802,0.276923076923,216,86,130,0,216,0,86,0,130,37,216,0.162162162162,1.32432432432,11.6756756757,21.6,6,8.1990990496,0.702237650082,0.31006006006,10.329336629,1.76937710775,0.765265265265,3.0868314707,0.528762798222,0.252752752753,0.579945114934,0.437917739848,2,1.32432432432,0.579945114934,2,0.0121701261701,0.00597269624573,7,0.000900900900901,0.621196581197,37,37,37,1,0,0.72972972973,0.243243243243,0.027027027027,37,0.0645645645646,1.33108108108,4.64864864865,8.6,2.86666666667,3.78018383016,0.813179079743,0.412947831552,4.30151171136,1.85065038745,0.791954745443,1.78035661306,0.765967380038,0.42614707731,0.601081357887,0.451573812016,2.25,1.35,0.61297250682,2.25,0.0228946417277,0.0105078809107,2,0.0002574002574,0.164367953836,37,35,35,0.945945945946,0,0.675675675676,0.135135135135,0.135135135135,37,122,0.0915915915916,1.32972972973,6.59459459459,12.2,4.06666666667,5.57504090398,0.845395546915,0.394107221976,6.46728890849,1.96139089848,0.806823216659,2.29570692168,0.696238984445,0.389455028799,0.59668755311,0.448728444412,2.2,1.34857142857,0.608455822057,2.2,0.0242132463845,0.00724637681159,3,0.0003861003861,0.259468799046,37,35,35,0.945945945946,0,0.675675675676,0.135135135135,0.135135135135,-94,-0.0705705705706,0.00540540540541,-5.08108108108,-9.4,-1.93333333333,-2.62405814562,0.143157896834,0.084047161916,-3.86204772051,0.19201379073,0.041557951394,-0.791124549019,0.167476186223,0.136702276047,0.0167424381752,0.0108107045633,0.2,0.0242471042471,0.0285107071225,0.2,0.0120431202144,0.00127368056586,-4,-0.000514800514801,-0.361727782151,-0.0540540540541,-0.108108108108,0.108108108108,122,0,94,1116,0.564814814815,1,0,0.435185185185,1,0.564814814815,0.721893491124,0.721759405286,0.564814814815,0.564814814815,36,130,0,0,0,0
1531,WLNM_dir_neg,0.964718934911,0.830815548028,00:00:02,10,40,21,1234218145,threshold_sweep,0.1,0.870967741935,0.207692307692,0.335403726708,27,4,103,256,0.207692307692,0.984615384615,0.0153846153846,0.792307692308,0.870967741935,0.207692307692,0.335403726708,0.725641025641,0.640170940171,0.237529691211,0.335140517011,0.192307692308,216,86,130,0,216,0,86,0,130,37,216,0.162162162162,1.32432432432,11.6756756757,21.6,6,8.1990990496,0.702237650082,0.31006006006,10.329336629,1.76937710775,0.765265265265,3.0868314707,0.528762798222,0.252752752753,0.579945114934,0.437917739848,2,1.32432432432,0.579945114934,2,0.0121701261701,0.00597269624573,7,0.000900900900901,0.621196581197,37,37,37,1,0,0.72972972973,0.243243243243,0.027027027027,37,0.0645645645646,1.32432432432,4.64864864865,8.6,2.77419354839,3.74326221524,0.805236639324,0.41640477687,4.22330869536,1.81700490382,0.786297925833,1.74887351131,0.752422324633,0.417976115651,0.579945114934,0.437917739848,2,1.35294117647,0.597081434027,2,0,0,0,0,0.161431306529,37,34,34,0.918918918919,0,0.648648648649,0.189189189189,0.0810810810811,37,117,0.0878378378378,1.33789892967,6.32432432432,11.7,3.34285714286,5.31796773033,0.84087523941,0.420189420189,5.70337869412,1.80363257848,0.774312774313,1.67520336267,0.529765165973,0.294294294294,0.606997387303,0.453694501013,2.16691782198,1.35720743994,0.618885378337,2.16691782198,0.103286656634,0.08078994614,30,0.003861003861,0.208915327945,37,35,35,0.945945945946,0,0.675675675676,0.27027027027,0,-99,-0.0743243243243,0.0135746053468,-5.35135135135,-9.9,-2.65714285714,-2.88113131928,0.138637589329,0.110129360129,-4.62595793488,0.0342554707367,0.00904750904751,-1.41162810803,0.00100236775063,0.0415415415415,0.0270522723682,0.0157767611643,0.166917821981,0.0328831156137,0.0389402634029,0.166917821981,0.0911165304643,0.0748172498943,23,0.0029601029601,-0.412281253252,-0.0540540540541,0.027027027027,-0.027027027027,113,4,103,1112,0.523148148148,0.996415770609,0.00358422939068,0.476851851852,0.965811965812,0.523148148148,0.678678678679,0.676576465315,0.519563918757,0.513636363636,31,130,0,0,0,0
1532,WLNM_dir_neg,0.964718934911,0.830815548028,00:00:02,10,40,21,1234218145,threshold_sweep,0.2,0.964285714286,0.207692307692,0.341772151899,27,1,103,259,0.207692307692,0.996153846154,0.00384615384615,0.792307692308,0.964285714286,0.207692307692,0.341772151899,0.733333333333,0.642735042735,0.253588516746,0.372243883867,0.203846153846,216,86,130,0,216,0,86,0,130,37,216,0.162162162162,1.32432432432,11.6756756757,21.6,6,8.1990990496,0.702237650082,0.31006006006,10.329336629,1.76937710775,0.765265265265,3.0868314707,0.528762798222,0.252752752753,0.579945114934,0.437917739848,2,1.32432432432,0.579945114934,2,0.0121701261701,0.00597269624573,7,0.000900900900901,0.621196581197,37,37,37,1,0,0.72972972973,0.243243243243,0.027027027027,37,0.0645645645646,1.32432432432,4.64864864865,8.6,2.77419354839,3.74326221524,0.805236639324,0.41640477687,4.22330869536,1.81700490382,0.786297925833,1.74887351131,0.752422324633,0.417976115651,0.579945114934,0.437917739848,2,1.35294117647,0.597081434027,2,0,0,0,0,0.161431306529,37,34,34,0.918918918919,0,0.648648648649,0.189189189189,0.0810810810811,37,114,0.0855855855856,1.32808758125,6.16216216216,11.4,3.25714285714,5.06904282831,0.8226078274,0.410146989094,5.5945329384,1.81576946246,0.776197249881,1.72205268951,0.558911837825,0.309625414889,0.591382825656,0.445289026119,2.12658227848,1.34683544304,0.603002938002,2.12658227848,0.0148520760285,0.0203291384318,7,0.000900900900901,0.209908835442,37,35,35,0.945945945946,0,0.675675675676,0.27027027027,0,-102,-0.0765765765766,0.00376325692781,-5.51351351351,-10.2,-2.74285714286,-3.1300562213,0.120370177319,0.100086929034,-4.7348036906,0.0463923547166,0.0109319846162,-1.36477878119,0.0301490396026,0.0568726621358,0.0114377107216,0.00737128627021,0.126582278481,0.0225111187136,0.0230578230673,0.126582278481,0.00268194985842,0.014356442186,0,0,-0.411287745755,-0.0540540540541,0.027027027027,-0.027027027027,113,1,103,1115,0.523148148148,0.999103942652,0.00089605734767,0.476851851852,0.991228070175,0.523148148148,0.684848484848,0.688118272496,0.5222520908,0.520737327189,28,130,0,0,0,0
1533,WLNM_dir_neg,0.964718934911,0.830815548028,00:00:02,10,40,21,1234218145,threshold_sweep,0.3,0.964285714286,0.207692307692,0.341772151899,27,1,103,259,0.207692307692,0.996153846154,0.00384615384615,0.792307692308,0.964285714286,0.207692307692,0.341772151899,0.733333333333,0.642735042735,0.253588516746,0.372243883867,0.203846153846,216,86,130,0,216,0,86,0,130,37,216,0.162162162162,1.32432432432,11.6756756757,21.6,6,8.1990990496,0.702237650082,0.31006006006,10.329336629,1.76937710775,0.765265265265,3.0868314707,0.528762798222,0.252752752753,0.579945114934,0.437917739848,2,1.32432432432,0.579945114934,2,0.0121701261701,0.00597269624573,7,0.000900900900901,0.621196581197,37,37,37,1,0,0.72972972973,0.243243243243,0.027027027027,37,0.0645645645646,1.32432432432,4.64864864865,8.6,2.77419354839,3.74326221524,0.805236639324,0.41640477687,4.22330869536,1.81700490382,0.786297925833,1.74887351131,0.752422324633,0.417976115651,0.579945114934,0.437917739848,2,1.35294117647,0.597081434027,2,0,0,0,0,0.161431306529,37,34,34,0.918918918919,0,0.648648648649,0.189189189189,0.0810810810811,37,114,0.0855855855856,1.32808758125,6.16216216216,11.4,3.25714285714,5.06904282831,0.8226078274,0.410146989094,5.5945329384,1.81576946246,0.776197249881,1.72205268951,0.558911837825,0.309625414889,0.591382825656,0.445289026119,2.12658227848,1.34683544304,0.603002938002,2.12658227848,0.0148520760285,0.0203291384318,7,0.000900900900901,0.209908835442,37,35,35,0.945945945946,0,0.675675675676,0.27027027027,0,-102,-0.0765765765766,0.00376325692781,-5.51351351351,-10.2,-2.74285714286,-3.1300562213,0.120370177319,0.100086929034,-4.7348036906,0.0463923547166,0.0109319846162,-1.36477878119,0.0301490396026,0.0568726621358,0.0114377107216,0.00737128627021,0.126582278481,0.0225111187136,0.0230578230673,0.126582278481,0.00268194985842,0.014356442186,0,0,-0.411287745755,-0.0540540540541,0.027027027027,-0.027027027027,113,1,103,1115,0.523148148148,0.999103942652,0.00089605734767,0.476851851852,0.991228070175,0.523148148148,0.684848484848,0.688118272496,0.5222520908,0.520737327189,28,130,0,0,0,0
1534,WLNM_dir_neg,0.964718934911,0.830815548028,00:00:02,10,40,21,1234218145,threshold_sweep,0.4,0.964285714286,0.207692307692,0.341772151899,27,1,103,259,0.207692307692,0.996153846154,0.00384615384615,0.792307692308,0.964285714286,0.207692307692,0.341772151899,0.733333333333,0.642735042735,0.253588516746,0.372243883867,0.203846153846,216,86,130,0,216,0,86,0,130,37,216,0.162162162162,1.32432432432,11.6756756757,21.6,6,8.1990990496,0.702237650082,0.31006006006,10.329336629,1.76937710775,0.765265265265,3.0868314707,0.528762798222,0.252752752753,0.579945114934,0.437917739848,2,1.32432432432,0.579945114934,2,0.0121701261701,0.00597269624573,7,0.000900900900901,0.621196581197,37,37,37,1,0,0.72972972973,0.243243243243,0.027027027027,37,0.0645645645646,1.32432432432,4.64864864865,8.6,2.77419354839,3.74326221524,0.805236639324,0.41640477687,4.22330869536,1.81700490382,0.786297925833,1.74887351131,0.752422324633,0.417976115651,0.579945114934,0.437917739848,2,1.35294117647,0.597081434027,2,0,0,0,0,0.161431306529,37,34,34,0.918918918919,0,0.648648648649,0.189189189189,0.0810810810811,37,114,0.0855855855856,1.32808758125,6.16216216216,11.4,3.25714285714,5.06904282831,0.8226078274,0.410146989094,5.5945329384,1.81576946246,0.776197249881,1.72205268951,0.558911837825,0.309625414889,0.591382825656,0.445289026119,2.12658227848,1.34683544304,0.603002938002,2.12658227848,0.0148520760285,0.0203291384318,7,0.000900900900901,0.209908835442,37,35,35,0.945945945946,0,0.675675675676,0.27027027027,0,-102,-0.0765765765766,0.00376325692781,-5.51351351351,-10.2,-2.74285714286,-3.1300562213,0.120370177319,0.100086929034,-4.7348036906,0.0463923547166,0.0109319846162,-1.36477878119,0.0301490396026,0.0568726621358,0.0114377107216,0.00737128627021,0.126582278481,0.0225111187136,0.0230578230673,0.126582278481,0.00268194985842,0.014356442186,0,0,-0.411287745755,-0.0540540540541,0.027027027027,-0.027027027027,113,1,103,1115,0.523148148148,0.999103942652,0.00089605734767,0.476851851852,0.991228070175,0.523148148148,0.684848484848,0.688118272496,0.5222520908,0.520737327189,28,130,0,0,0,0
1535,WLNM_dir_neg,0.964718934911,0.830815548028,00:00:02,10,40,21,1234218145,threshold_sweep,0.5,0.964285714286,0.207692307692,0.341772151899,27,1,103,259,0.207692307692,0.996153846154,0.00384615384615,0.792307692308,0.964285714286,0.207692307692,0.341772151899,0.733333333333,0.642735042735,0.253588516746,0.372243883867,0.203846153846,216,86,130,0,216,0,86,0,130,37,216,0.162162162162,1.32432432432,11.6756756757,21.6,6,8.1990990496,0.702237650082,0.31006006006,10.329336629,1.76937710775,0.765265265265,3.0868314707,0.528762798222,0.252752752753,0.579945114934,0.437917739848,2,1.32432432432,0.579945114934,2,0.0121701261701,0.00597269624573,7,0.000900900900901,0.621196581197,37,37,37,1,0,0.72972972973,0.243243243243,0.027027027027,37,0.0645645645646,1.32432432432,4.64864864865,8.6,2.77419354839,3.74326221524,0.805236639324,0.41640477687,4.22330869536,1.81700490382,0.786297925833,1.74887351131,0.752422324633,0.417976115651,0.579945114934,0.437917739848,2,1.35294117647,0.597081434027,2,0,0,0,0,0.161431306529,37,34,34,0.918918918919,0,0.648648648649,0.189189189189,0.0810810810811,37,114,0.0855855855856,1.32808758125,6.16216216216,11.4,3.25714285714,5.06904282831,0.8226078274,0.410146989094,5.5945329384,1.81576946246,0.776197249881,1.72205268951,0.558911837825,0.309625414889,0.591382825656,0.445289026119,2.12658227848,1.34683544304,0.603002938002,2.12658227848,0.0148520760285,0.0203291384318,7,0.000900900900901,0.209908835442,37,35,35,0.945945945946,0,0.675675675676,0.27027027027,0,-102,-0.0765765765766,0.00376325692781,-5.51351351351,-10.2,-2.74285714286,-3.1300562213,0.120370177319,0.100086929034,-4.7348036906,0.0463923547166,0.0109319846162,-1.36477878119,0.0301490396026,0.0568726621358,0.0114377107216,0.00737128627021,0.126582278481,0.0225111187136,0.0230578230673,0.126582278481,0.00268194985842,0.014356442186,0,0,-0.411287745755,-0.0540540540541,0.027027027027,-0.027027027027,113,1,103,1115,0.523148148148,0.999103942652,0.00089605734767,0.476851851852,0.991228070175,0.523148148148,0.684848484848,0.688118272496,0.5222520908,0.520737327189,28,130,0,0,0,0
1536,WLNM_dir_neg,0.964718934911,0.830815548028,00:00:02,10,40,21,1234218145,threshold_sweep,0.6,0.964285714286,0.207692307692,0.341772151899,27,1,103,259,0.207692307692,0.996153846154,0.00384615384615,0.792307692308,0.964285714286,0.207692307692,0.341772151899,0.733333333333,0.642735042735,0.253588516746,0.372243883867,0.203846153846,216,86,130,0,216,0,86,0,130,37,216,0.162162162162,1.32432432432,11.6756756757,21.6,6,8.1990990496,0.702237650082,0.31006006006,10.329336629,1.76937710775,0.765265265265,3.0868314707,0.528762798222,0.252752752753,0.579945114934,0.437917739848,2,1.32432432432,0.579945114934,2,0.0121701261701,0.00597269624573,7,0.000900900900901,0.621196581197,37,37,37,1,0,0.72972972973,0.243243243243,0.027027027027,37,0.0645645645646,1.32432432432,4.64864864865,8.6,2.77419354839,3.74326221524,0.805236639324,0.41640477687,4.22330869536,1.81700490382,0.786297925833,1.74887351131,0.752422324633,0.417976115651,0.579945114934,0.437917739848,2,1.35294117647,0.597081434027,2,0,0,0,0,0.161431306529,37,34,34,0.918918918919,0,0.648648648649,0.189189189189,0.0810810810811,37,114,0.0855855855856,1.32808758125,6.16216216216,11.4,3.25714285714,5.06904282831,0.8226078274,0.410146989094,5.5945329384,1.81576946246,0.776197249881,1.72205268951,0.558911837825,0.309625414889,0.591382825656,0.445289026119,2.12658227848,1.34683544304,0.603002938002,2.12658227848,0.0148520760285,0.0203291384318,7,0.000900900900901,0.209908835442,37,35,35,0.945945945946,0,0.675675675676,0.27027027027,0,-102,-0.0765765765766,0.00376325692781,-5.51351351351,-10.2,-2.74285714286,-3.1300562213,0.120370177319,0.100086929034,-4.7348036906,0.0463923547166,0.0109319846162,-1.36477878119,0.0301490396026,0.0568726621358,0.0114377107216,0.00737128627021,0.126582278481,0.0225111187136,0.0230578230673,0.126582278481,0.00268194985842,0.014356442186,0,0,-0.411287745755,-0.0540540540541,0.027027027027,-0.027027027027,113,1,103,1115,0.523148148148,0.999103942652,0.00089605734767,0.476851851852,0.991228070175,0.523148148148,0.684848484848,0.688118272496,0.5222520908,0.520737327189,28,130,0,0,0,0
1537,WLNM_dir_neg,0.964718934911,0.830815548028,00:00:02,10,40,21,1234218145,threshold_sweep,0.7,0.964285714286,0.207692307692,0.341772151899,27,1,103,259,0.207692307692,0.996153846154,0.00384615384615,0.792307692308,0.964285714286,0.207692307692,0.341772151899,0.733333333333,0.642735042735,0.253588516746,0.372243883867,0.203846153846,216,86,130,0,216,0,86,0,130,37,216,0.162162162162,1.32432432432,11.6756756757,21.6,6,8.1990990496,0.702237650082,0.31006006006,10.329336629,1.76937710775,0.765265265265,3.0868314707,0.528762798222,0.252752752753,0.579945114934,0.437917739848,2,1.32432432432,0.579945114934,2,0.0121701261701,0.00597269624573,7,0.000900900900901,0.621196581197,37,37,37,1,0,0.72972972973,0.243243243243,0.027027027027,37,0.0645645645646,1.32432432432,4.64864864865,8.6,2.77419354839,3.74326221524,0.805236639324,0.41640477687,4.22330869536,1.81700490382,0.786297925833,1.74887351131,0.752422324633,0.417976115651,0.579945114934,0.437917739848,2,1.35294117647,0.597081434027,2,0,0,0,0,0.161431306529,37,34,34,0.918918918919,0,0.648648648649,0.189189189189,0.0810810810811,37,114,0.0855855855856,1.32808758125,6.16216216216,11.4,3.25714285714,5.06904282831,0.8226078274,0.410146989094,5.5945329384,1.81576946246,0.776197249881,1.72205268951,0.558911837825,0.309625414889,0.591382825656,0.445289026119,2.12658227848,1.34683544304,0.603002938002,2.12658227848,0.0148520760285,0.0203291384318,7,0.000900900900901,0.209908835442,37,35,35,0.945945945946,0,0.675675675676,0.27027027027,0,-102,-0.0765765765766,0.00376325692781,-5.51351351351,-10.2,-2.74285714286,-3.1300562213,0.120370177319,0.100086929034,-4.7348036906,0.0463923547166,0.0109319846162,-1.36477878119,0.0301490396026,0.0568726621358,0.0114377107216,0.00737128627021,0.126582278481,0.0225111187136,0.0230578230673,0.126582278481,0.00268194985842,0.014356442186,0,0,-0.411287745755,-0.0540540540541,0.027027027027,-0.027027027027,113,1,103,1115,0.523148148148,0.999103942652,0.00089605734767,0.476851851852,0.991228070175,0.523148148148,0.684848484848,0.688118272496,0.5222520908,0.520737327189,28,130,0,0,0,0
1538,WLNM_dir_neg,0.964718934911,0.830815548028,00:00:02,10,40,21,1234218145,threshold_sweep,0.8,0.964285714286,0.207692307692,0.341772151899,27,1,103,259,0.207692307692,0.996153846154,0.00384615384615,0.792307692308,0.964285714286,0.207692307692,0.341772151899,0.733333333333,0.642735042735,0.253588516746,0.372243883867,0.203846153846,216,86,130,0,216,0,86,0,130,37,216,0.162162162162,1.32432432432,11.6756756757,21.6,6,8.1990990496,0.702237650082,0.31006006006,10.329336629,1.76937710775,0.765265265265,3.0868314707,0.528762798222,0.252752752753,0.579945114934,0.437917739848,2,1.32432432432,0.579945114934,2,0.0121701261701,0.00597269624573,7,0.000900900900901,0.621196581197,37,37,37,1,0,0.72972972973,0.243243243243,0.027027027027,37,0.0645645645646,1.32432432432,4.64864864865,8.6,2.77419354839,3.74326221524,0.805236639324,0.41640477687,4.22330869536,1.81700490382,0.786297925833,1.74887351131,0.752422324633,0.417976115651,0.579945114934,0.437917739848,2,1.35294117647,0.597081434027,2,0,0,0,0,0.161431306529,37,34,34,0.918918918919,0,0.648648648649,0.189189189189,0.0810810810811,37,114,0.0855855855856,1.32808758125,6.16216216216,11.4,3.25714285714,5.06904282831,0.8226078274,0.410146989094,5.5945329384,1.81576946246,0.776197249881,1.72205268951,0.558911837825,0.309625414889,0.591382825656,0.445289026119,2.12658227848,1.34683544304,0.603002938002,2.12658227848,0.0148520760285,0.0203291384318,7,0.000900900900901,0.209908835442,37,35,35,0.945945945946,0,0.675675675676,0.27027027027,0,-102,-0.0765765765766,0.00376325692781,-5.51351351351,-10.2,-2.74285714286,-3.1300562213,0.120370177319,0.100086929034,-4.7348036906,0.0463923547166,0.0109319846162,-1.36477878119,0.0301490396026,0.0568726621358,0.0114377107216,0.00737128627021,0.126582278481,0.0225111187136,0.0230578230673,0.126582278481,0.00268194985842,0.014356442186,0,0,-0.411287745755,-0.0540540540541,0.027027027027,-0.027027027027,113,1,103,1115,0.523148148148,0.999103942652,0.00089605734767,0.476851851852,0.991228070175,0.523148148148,0.684848484848,0.688118272496,0.5222520908,0.520737327189,28,130,0,0,0,0
1539,WLNM_dir_neg,0.964718934911,0.830815548028,00:00:02,10,40,21,1234218145,threshold_sweep,0.9,0.964285714286,0.207692307692,0.341772151899,27,1,103,259,0.207692307692,0.996153846154,0.00384615384615,0.792307692308,0.964285714286,0.207692307692,0.341772151899,0.733333333333,0.642735042735,0.253588516746,0.372243883867,0.203846153846,216,86,130,0,216,0,86,0,130,37,216,0.162162162162,1.32432432432,11.6756756757,21.6,6,8.1990990496,0.702237650082,0.31006006006,10.329336629,1.76937710775,0.765265265265,3.0868314707,0.528762798222,0.252752752753,0.579945114934,0.437917739848,2,1.32432432432,0.579945114934,2,0.0121701261701,0.00597269624573,7,0.000900900900901,0.621196581197,37,37,37,1,0,0.72972972973,0.243243243243,0.027027027027,37,0.0645645645646,1.32432432432,4.64864864865,8.6,2.77419354839,3.74326221524,0.805236639324,0.41640477687,4.22330869536,1.81700490382,0.786297925833,1.74887351131,0.752422324633,0.417976115651,0.579945114934,0.437917739848,2,1.35294117647,0.597081434027,2,0,0,0,0,0.161431306529,37,34,34,0.918918918919,0,0.648648648649,0.189189189189,0.0810810810811,37,114,0.0855855855856,1.32808758125,6.16216216216,11.4,3.25714285714,5.06904282831,0.8226078274,0.410146989094,5.5945329384,1.81576946246,0.776197249881,1.72205268951,0.558911837825,0.309625414889,0.591382825656,0.445289026119,2.12658227848,1.34683544304,0.603002938002,2.12658227848,0.0148520760285,0.0203291384318,7,0.000900900900901,0.209908835442,37,35,35,0.945945945946,0,0.675675675676,0.27027027027,0,-102,-0.0765765765766,0.00376325692781,-5.51351351351,-10.2,-2.74285714286,-3.1300562213,0.120370177319,0.100086929034,-4.7348036906,0.0463923547166,0.0109319846162,-1.36477878119,0.0301490396026,0.0568726621358,0.0114377107216,0.00737128627021,0.126582278481,0.0225111187136,0.0230578230673,0.126582278481,0.00268194985842,0.014356442186,0,0,-0.411287745755,-0.0540540540541,0.027027027027,-0.027027027027,113,1,103,1115,0.523148148148,0.999103942652,0.00089605734767,0.476851851852,0.991228070175,0.523148148148,0.684848484848,0.688118272496,0.5222520908,0.520737327189,28,130,0,0,0,0
1540,WLNM_dir_neg,0.991789940828,0.828502540345,00:00:02,10,40,22,1234218146,threshold_sweep,0.1,0.962962962963,0.2,0.331210191083,26,1,104,259,0.2,0.996153846154,0.00384615384615,0.8,0.962962962963,0.2,0.331210191083,0.730769230769,0.64358974359,0.244604316547,0.364267129702,0.196153846154,216,86,130,0,216,0,86,0,130,37,216,0.162162162162,1.32432432432,11.6756756757,21.6,6,8.1990990496,0.702237650082,0.31006006006,10.329336629,1.76937710775,0.765265265265,3.0868314707,0.528762798222,0.252752752753,0.579945114934,0.437917739848,2,1.32432432432,0.579945114934,2,0.0121701261701,0.00597269624573,7,0.000900900900901,0.621196581197,37,37,37,1,0,0.72972972973,0.243243243243,0.027027027027,37,0.0645645645646,1.32432432432,4.64864864865,8.6,2.60606060606,3.6531281589,0.785847336507,0.404148334381,4.1503283274,1.78560637342,0.779384035198,1.63391238127,0.70296230357,0.385292269013,0.579945114934,0.437917739848,2,1.33333333333,0.585540043769,2,0,0,0,0,0.151594486048,37,36,36,0.972972972973,0,0.702702702703,0.189189189189,0.0810810810811,37,113,0.0848348348348,1.32568339768,6.10810810811,11.3,3.13888888889,5.20034071418,0.851383214268,0.410428127242,5.69573888459,1.86497644894,0.78115283425,1.64900552431,0.539939861944,0.293231284382,0.582099132777,0.439093628082,2.00571428571,1.32568339768,0.582099132777,2.00571428571,0.0992004183181,0.0563909774436,20,0.002574002574,0.200964333702,37,37,37,1,0,0.72972972973,0.243243243243,0.027027027027,-103,-0.0773273273273,0.00135907335907,-5.56756756757,-10.3,-2.86111111111,-2.99875833543,0.149145564186,0.100368067182,-4.63359774441,0.0955993411915,0.0158875689849,-1.43782594639,0.0111770637212,0.040478531629,0.00215401784275,0.00117588823378,0.00571428571428,0.00135907335907,0.00215401784275,0.00571428571428,0.0870302921479,0.0504182811979,13,0.0016731016731,-0.420232247495,0,0,0,112,1,104,1115,0.518518518519,0.999103942652,0.00089605734767,0.481481481481,0.991150442478,0.518518518519,0.68085106383,0.684748377255,0.517622461171,0.516129032258,27,130,0,0,0,0
1541,WLNM_dir_neg,0.991789940828,0.828502540345,00:00:02,10,40,22,1234218146,threshold_sweep,0.2,0.962962962963,0.2,0.331210191083,26,1,104,259,0.2,0.996153846154,0.00384615384615,0.8,0.962962962963,0.2,0.331210191083,0.730769230769,0.64358974359,0.244604316547,0.364267129702,0.196153846154,216,86,130,0,216,0,86,0,130,37,216,0.162162162162,1.32432432432,11.6756756757,21.6,6,8.1990990496,0.702237650082,0.31006006006,10.329336629,1.76937710775,0.765265265265,3.0868314707,0.528762798222,0.252752752753,0.579945114934,0.437917739848,2,1.32432432432,0.579945114934,2,0.0121701261701,0.00597269624573,7,0.000900900900901,0.621196581197,37,37,37,1,0,0.72972972973,0.243243243243,0.027027027027,37,0.0645645645646,1.32432432432,4.64864864865,8.6,2.60606060606,3.6531281589,0.785847336507,0.404148334381,4.1503283274,1.78560637342,0.779384035198,1.63391238127,0.70296230357,0.385292269013,0.579945114934,0.437917739848,2,1.33333333333,0.585540043769,2,0,0,0,0,0.151594486048,37,36,36,0.972972972973,0,0.702702702703,0.189189189189,0.0810810810811,37,113,0.0848348348348,1.32568339768,6.10810810811,11.3,3.13888888889,5.20034071418,0.851383214268,0.410428127242,5.69573888459,1.86497644894,0.78115283425,1.64900552431,0.539939861944,0.293231284382,0.582099132777,0.439093628082,2.00571428571,1.32568339768,0.582099132777,2.00571428571,0.0992004183181,0.0563909774436,20,0.002574002574,0.200964333702,37,37,37,1,0,0.72972972973,0.243243243243,0.027027027027,-103,-0.0773273273273,0.00135907335907,-5.56756756757,-10.3,-2.86111111111,-2.99875833543,0.149145564186,0.100368067182,-4.63359774441,0.0955993411915,0.0158875689849,-1.43782594639,0.0111770637212,0.040478531629,0.00215401784275,0.00117588823378,0.00571428571428,0.00135907335907,0.00215401784275,0.00571428571428,0.0870302921479,0.0504182811979,13,0.0016731016731,-0.420232247495,0,0,0,112,1,104,1115,0.518518518519,0.999103942652,0.00089605734767,0.481481481481,0.991150442478,0.518518518519,0.68085106383,0.684748377255,0.517622461171,0.516129032258,27,130,0,0,0,0
1542,WLNM_dir_neg,0.991789940828,0.828502540345,00:00:02,10,40,22,1234218146,threshold_sweep,0.3,0.962962962963,0.2,0.331210191083,26,1,104,259,0.2,0.996153846154,0.00384615384615,0.8,0.962962962963,0.2,0.331210191083,0.730769230769,0.64358974359,0.244604316547,0.364267129702,0.196153846154,216,86,130,0,216,0,86,0,130,37,216,0.162162162162,1.32432432432,11.6756756757,21.6,6,8.1990990496,0.702237650082,0.31006006006,10.329336629,1.76937710775,0.765265265265,3.0868314707,0.528762798222,0.252752752753,0.579945114934,0.437917739848,2,1.32432432432,0.579945114934,2,0.0121701261701,0.00597269624573,7,0.000900900900901,0.621196581197,37,37,37,1,0,0.72972972973,0.243243243243,0.027027027027,37,0.0645645645646,1.32432432432,4.64864864865,8.6,2.60606060606,3.6531281589,0.785847336507,0.404148334381,4.1503283274,1.78560637342,0.779384035198,1.63391238127,0.70296230357,0.385292269013,0.579945114934,0.437917739848,2,1.33333333333,0.585540043769,2,0,0,0,0,0.151594486048,37,36,36,0.972972972973,0,0.702702702703,0.189189189189,0.0810810810811,37,113,0.0848348348348,1.32568339768,6.10810810811,11.3,3.13888888889,5.20034071418,0.851383214268,0.410428127242,5.69573888459,1.86497644894,0.78115283425,1.64900552431,0.539939861944,0.293231284382,0.582099132777,0.439093628082,2.00571428571,1.32568339768,0.582099132777,2.00571428571,0.0992004183181,0.0563909774436,20,0.002574002574,0.200964333702,37,37,37,1,0,0.72972972973,0.243243243243,0.027027027027,-103,-0.0773273273273,0.00135907335907,-5.56756756757,-10.3,-2.86111111111,-2.99875833543,0.149145564186,0.100368067182,-4.63359774441,0.0955993411915,0.0158875689849,-1.43782594639,0.0111770637212,0.040478531629,0.00215401784275,0.00117588823378,0.00571428571428,0.00135907335907,0.00215401784275,0.00571428571428,0.0870302921479,0.0504182811979,13,0.0016731016731,-0.420232247495,0,0,0,112,1,104,1115,0.518518518519,0.999103942652,0.00089605734767,0.481481481481,0.991150442478,0.518518518519,0.68085106383,0.684748377255,0.517622461171,0.516129032258,27,130,0,0,0,0
1543,WLNM_dir_neg,0.991789940828,0.828502540345,00:00:02,10,40,22,1234218146,threshold_sweep,0.4,0.962962962963,0.2,0.331210191083,26,1,104,259,0.2,0.996153846154,0.00384615384615,0.8,0.962962962963,0.2,0.331210191083,0.730769230769,0.64358974359,0.244604316547,0.364267129702,0.196153846154,216,86,130,0,216,0,86,0,130,37,216,0.162162162162,1.32432432432,11.6756756757,21.6,6,8.1990990496,0.702237650082,0.31006006006,10.329336629,1.76937710775,0.765265265265,3.0868314707,0.528762798222,0.252752752753,0.579945114934,0.437917739848,2,1.32432432432,0.579945114934,2,0.0121701261701,0.00597269624573,7,0.000900900900901,0.621196581197,37,37,37,1,0,0.72972972973,0.243243243243,0.027027027027,37,0.0645645645646,1.32432432432,4.64864864865,8.6,2.60606060606,3.6531281589,0.785847336507,0.404148334381,4.1503283274,1.78560637342,0.779384035198,1.63391238127,0.70296230357,0.385292269013,0.579945114934,0.437917739848,2,1.33333333333,0.585540043769,2,0,0,0,0,0.151594486048,37,36,36,0.972972972973,0,0.702702702703,0.189189189189,0.0810810810811,37,113,0.0848348348348,1.32568339768,6.10810810811,11.3,3.13888888889,5.20034071418,0.851383214268,0.410428127242,5.69573888459,1.86497644894,0.78115283425,1.64900552431,0.539939861944,0.293231284382,0.582099132777,0.439093628082,2.00571428571,1.32568339768,0.582099132777,2.00571428571,0.0992004183181,0.0563909774436,20,0.002574002574,0.200964333702,37,37,37,1,0,0.72972972973,0.243243243243,0.027027027027,-103,-0.0773273273273,0.00135907335907,-5.56756756757,-10.3,-2.86111111111,-2.99875833543,0.149145564186,0.100368067182,-4.63359774441,0.0955993411915,0.0158875689849,-1.43782594639,0.0111770637212,0.040478531629,0.00215401784275,0.00117588823378,0.00571428571428,0.00135907335907,0.00215401784275,0.00571428571428,0.0870302921479,0.0504182811979,13,0.0016731016731,-0.420232247495,0,0,0,112,1,104,1115,0.518518518519,0.999103942652,0.00089605734767,0.481481481481,0.991150442478,0.518518518519,0.68085106383,0.684748377255,0.517622461171,0.516129032258,27,130,0,0,0,0
1544,WLNM_dir_neg,0.991789940828,0.828502540345,00:00:02,10,40,22,1234218146,threshold_sweep,0.5,0.962962962963,0.2,0.331210191083,26,1,104,259,0.2,0.996153846154,0.00384615384615,0.8,0.962962962963,0.2,0.331210191083,0.730769230769,0.64358974359,0.244604316547,0.364267129702,0.196153846154,216,86,130,0,216,0,86,0,130,37,216,0.162162162162,1.32432432432,11.6756756757,21.6,6,8.1990990496,0.702237650082,0.31006006006,10.329336629,1.76937710775,0.765265265265,3.0868314707,0.528762798222,0.252752752753,0.579945114934,0.437917739848,2,1.32432432432,0.579945114934,2,0.0121701261701,0.00597269624573,7,0.000900900900901,0.621196581197,37,37,37,1,0,0.72972972973,0.243243243243,0.027027027027,37,0.0645645645646,1.32432432432,4.64864864865,8.6,2.60606060606,3.6531281589,0.785847336507,0.404148334381,4.1503283274,1.78560637342,0.779384035198,1.63391238127,0.70296230357,0.385292269013,0.579945114934,0.437917739848,2,1.33333333333,0.585540043769,2,0,0,0,0,0.151594486048,37,36,36,0.972972972973,0,0.702702702703,0.189189189189,0.0810810810811,37,113,0.0848348348348,1.32568339768,6.10810810811,11.3,3.13888888889,5.20034071418,0.851383214268,0.410428127242,5.69573888459,1.86497644894,0.78115283425,1.64900552431,0.539939861944,0.293231284382,0.582099132777,0.439093628082,2.00571428571,1.32568339768,0.582099132777,2.00571428571,0.0992004183181,0.0563909774436,20,0.002574002574,0.200964333702,37,37,37,1,0,0.72972972973,0.243243243243,0.027027027027,-103,-0.0773273273273,0.00135907335907,-5.56756756757,-10.3,-2.86111111111,-2.99875833543,0.149145564186,0.100368067182,-4.63359774441,0.0955993411915,0.0158875689849,-1.43782594639,0.0111770637212,0.040478531629,0.00215401784275,0.00117588823378,0.00571428571428,0.00135907335907,0.00215401784275,0.00571428571428,0.0870302921479,0.0504182811979,13,0.0016731016731,-0.420232247495,0,0,0,112,1,104,1115,0.518518518519,0.999103942652,0.00089605734767,0.481481481481,0.991150442478,0.518518518519,0.68085106383,0.684748377255,0.517622461171,0.516129032258,27,130,0,0,0,0
1545,WLNM_dir_neg,0.991789940828,0.828502540345,00:00:02,10,40,22,1234218146,threshold_sweep,0.6,0.962962962963,0.2,0.331210191083,26,1,104,259,0.2,0.996153846154,0.00384615384615,0.8,0.962962962963,0.2,0.331210191083,0.730769230769,0.64358974359,0.244604316547,0.364267129702,0.196153846154,216,86,130,0,216,0,86,0,130,37,216,0.162162162162,1.32432432432,11.6756756757,21.6,6,8.1990990496,0.702237650082,0.31006006006,10.329336629,1.76937710775,0.765265265265,3.0868314707,0.528762798222,0.252752752753,0.579945114934,0.437917739848,2,1.32432432432,0.579945114934,2,0.0121701261701,0.00597269624573,7,0.000900900900901,0.621196581197,37,37,37,1,0,0.72972972973,0.243243243243,0.027027027027,37,0.0645645645646,1.32432432432,4.64864864865,8.6,2.60606060606,3.6531281589,0.785847336507,0.404148334381,4.1503283274,1.78560637342,0.779384035198,1.63391238127,0.70296230357,0.385292269013,0.579945114934,0.437917739848,2,1.33333333333,0.585540043769,2,0,0,0,0,0.151594486048,37,36,36,0.972972972973,0,0.702702702703,0.189189189189,0.0810810810811,37,113,0.0848348348348,1.32568339768,6.10810810811,11.3,3.13888888889,5.20034071418,0.851383214268,0.410428127242,5.69573888459,1.86497644894,0.78115283425,1.64900552431,0.539939861944,0.293231284382,0.582099132777,0.439093628082,2.00571428571,1.32568339768,0.582099132777,2.00571428571,0.0992004183181,0.0563909774436,20,0.002574002574,0.200964333702,37,37,37,1,0,0.72972972973,0.243243243243,0.027027027027,-103,-0.0773273273273,0.00135907335907,-5.56756756757,-10.3,-2.86111111111,-2.99875833543,0.149145564186,0.100368067182,-4.63359774441,0.0955993411915,0.0158875689849,-1.43782594639,0.0111770637212,0.040478531629,0.00215401784275,0.00117588823378,0.00571428571428,0.00135907335907,0.00215401784275,0.00571428571428,0.0870302921479,0.0504182811979,13,0.0016731016731,-0.420232247495,0,0,0,112,1,104,1115,0.518518518519,0.999103942652,0.00089605734767,0.481481481481,0.991150442478,0.518518518519,0.68085106383,0.684748377255,0.517622461171,0.516129032258,27,130,0,0,0,0
1546,WLNM_dir_neg,0.991789940828,0.828502540345,00:00:02,10,40,22,1234218146,threshold_sweep,0.7,0.962962962963,0.2,0.331210191083,26,1,104,259,0.2,0.996153846154,0.00384615384615,0.8,0.962962962963,0.2,0.331210191083,0.730769230769,0.64358974359,0.244604316547,0.364267129702,0.196153846154,216,86,130,0,216,0,86,0,130,37,216,0.162162162162,1.32432432432,11.6756756757,21.6,6,8.1990990496,0.702237650082,0.31006006006,10.329336629,1.76937710775,0.765265265265,3.0868314707,0.528762798222,0.252752752753,0.579945114934,0.437917739848,2,1.32432432432,0.579945114934,2,0.0121701261701,0.00597269624573,7,0.000900900900901,0.621196581197,37,37,37,1,0,0.72972972973,0.243243243243,0.027027027027,37,0.0645645645646,1.32432432432,4.64864864865,8.6,2.60606060606,3.6531281589,0.785847336507,0.404148334381,4.1503283274,1.78560637342,0.779384035198,1.63391238127,0.70296230357,0.385292269013,0.579945114934,0.437917739848,2,1.33333333333,0.585540043769,2,0,0,0,0,0.151594486048,37,36,36,0.972972972973,0,0.702702702703,0.189189189189,0.0810810810811,37,113,0.0848348348348,1.32568339768,6.10810810811,11.3,3.13888888889,5.20034071418,0.851383214268,0.410428127242,5.69573888459,1.86497644894,0.78115283425,1.64900552431,0.539939861944,0.293231284382,0.582099132777,0.439093628082,2.00571428571,1.32568339768,0.582099132777,2.00571428571,0.0992004183181,0.0563909774436,20,0.002574002574,0.200964333702,37,37,37,1,0,0.72972972973,0.243243243243,0.027027027027,-103,-0.0773273273273,0.00135907335907,-5.56756756757,-10.3,-2.86111111111,-2.99875833543,0.149145564186,0.100368067182,-4.63359774441,0.0955993411915,0.0158875689849,-1.43782594639,0.0111770637212,0.040478531629,0.00215401784275,0.00117588823378,0.00571428571428,0.00135907335907,0.00215401784275,0.00571428571428,0.0870302921479,0.0504182811979,13,0.0016731016731,-0.420232247495,0,0,0,112,1,104,1115,0.518518518519,0.999103942652,0.00089605734767,0.481481481481,0.991150442478,0.518518518519,0.68085106383,0.684748377255,0.517622461171,0.516129032258,27,130,0,0,0,0
1547,WLNM_dir_neg,0.991789940828,0.828502540345,00:00:02,10,40,22,1234218146,threshold_sweep,0.8,0.962962962963,0.2,0.331210191083,26,1,104,259,0.2,0.996153846154,0.00384615384615,0.8,0.962962962963,0.2,0.331210191083,0.730769230769,0.64358974359,0.244604316547,0.364267129702,0.196153846154,216,86,130,0,216,0,86,0,130,37,216,0.162162162162,1.32432432432,11.6756756757,21.6,6,8.1990990496,0.702237650082,0.31006006006,10.329336629,1.76937710775,0.765265265265,3.0868314707,0.528762798222,0.252752752753,0.579945114934,0.437917739848,2,1.32432432432,0.579945114934,2,0.0121701261701,0.00597269624573,7,0.000900900900901,0.621196581197,37,37,37,1,0,0.72972972973,0.243243243243,0.027027027027,37,0.0645645645646,1.32432432432,4.64864864865,8.6,2.60606060606,3.6531281589,0.785847336507,0.404148334381,4.1503283274,1.78560637342,0.779384035198,1.63391238127,0.70296230357,0.385292269013,0.579945114934,0.437917739848,2,1.33333333333,0.585540043769,2,0,0,0,0,0.151594486048,37,36,36,0.972972972973,0,0.702702702703,0.189189189189,0.0810810810811,37,113,0.0848348348348,1.32568339768,6.10810810811,11.3,3.13888888889,5.20034071418,0.851383214268,0.410428127242,5.69573888459,1.86497644894,0.78115283425,1.64900552431,0.539939861944,0.293231284382,0.582099132777,0.439093628082,2.00571428571,1.32568339768,0.582099132777,2.00571428571,0.0992004183181,0.0563909774436,20,0.002574002574,0.200964333702,37,37,37,1,0,0.72972972973,0.243243243243,0.027027027027,-103,-0.0773273273273,0.00135907335907,-5.56756756757,-10.3,-2.86111111111,-2.99875833543,0.149145564186,0.100368067182,-4.63359774441,0.0955993411915,0.0158875689849,-1.43782594639,0.0111770637212,0.040478531629,0.00215401784275,0.00117588823378,0.00571428571428,0.00135907335907,0.00215401784275,0.00571428571428,0.0870302921479,0.0504182811979,13,0.0016731016731,-0.420232247495,0,0,0,112,1,104,1115,0.518518518519,0.999103942652,0.00089605734767,0.481481481481,0.991150442478,0.518518518519,0.68085106383,0.684748377255,0.517622461171,0.516129032258,27,130,0,0,0,0
1548,WLNM_dir_neg,0.991789940828,0.828502540345,00:00:02,10,40,22,1234218146,threshold_sweep,0.9,0.962962962963,0.2,0.331210191083,26,1,104,259,0.2,0.996153846154,0.00384615384615,0.8,0.962962962963,0.2,0.331210191083,0.730769230769,0.64358974359,0.244604316547,0.364267129702,0.196153846154,216,86,130,0,216,0,86,0,130,37,216,0.162162162162,1.32432432432,11.6756756757,21.6,6,8.1990990496,0.702237650082,0.31006006006,10.329336629,1.76937710775,0.765265265265,3.0868314707,0.528762798222,0.252752752753,0.579945114934,0.437917739848,2,1.32432432432,0.579945114934,2,0.0121701261701,0.00597269624573,7,0.000900900900901,0.621196581197,37,37,37,1,0,0.72972972973,0.243243243243,0.027027027027,37,0.0645645645646,1.32432432432,4.64864864865,8.6,2.60606060606,3.6531281589,0.785847336507,0.404148334381,4.1503283274,1.78560637342,0.779384035198,1.63391238127,0.70296230357,0.385292269013,0.579945114934,0.437917739848,2,1.33333333333,0.585540043769,2,0,0,0,0,0.151594486048,37,36,36,0.972972972973,0,0.702702702703,0.189189189189,0.0810810810811,37,113,0.0848348348348,1.32568339768,6.10810810811,11.3,3.13888888889,5.20034071418,0.851383214268,0.410428127242,5.69573888459,1.86497644894,0.78115283425,1.64900552431,0.539939861944,0.293231284382,0.582099132777,0.439093628082,2.00571428571,1.32568339768,0.582099132777,2.00571428571,0.0992004183181,0.0563909774436,20,0.002574002574,0.200964333702,37,37,37,1,0,0.72972972973,0.243243243243,0.027027027027,-103,-0.0773273273273,0.00135907335907,-5.56756756757,-10.3,-2.86111111111,-2.99875833543,0.149145564186,0.100368067182,-4.63359774441,0.0955993411915,0.0158875689849,-1.43782594639,0.0111770637212,0.040478531629,0.00215401784275,0.00117588823378,0.00571428571428,0.00135907335907,0.00215401784275,0.00571428571428,0.0870302921479,0.0504182811979,13,0.0016731016731,-0.420232247495,0,0,0,112,1,104,1115,0.518518518519,0.999103942652,0.00089605734767,0.481481481481,0.991150442478,0.518518518519,0.68085106383,0.684748377255,0.517622461171,0.516129032258,27,130,0,0,0,0
1549,WLNM_dir_neg,0.981301775148,0.875726810255,00:00:02,10,40,23,1234218147,threshold_sweep,0.1,0.965517241379,0.215384615385,0.352201257862,28,1,102,259,0.215384615385,0.996153846154,0.00384615384615,0.784615384615,0.965517241379,0.215384615385,0.352201257862,0.735897435897,0.64188034188,0.262529832936,0.380097568804,0.211538461538,216,86,130,0,216,0,86,0,130,37,216,0.162162162162,1.32432432432,11.6756756757,21.6,6,8.1990990496,0.702237650082,0.31006006006,10.329336629,1.76937710775,0.765265265265,3.0868314707,0.528762798222,0.252752752753,0.579945114934,0.437917739848,2,1.32432432432,0.579945114934,2,0.0121701261701,0.00597269624573,7,0.000900900900901,0.621196581197,37,37,37,1,0,0.72972972973,0.243243243243,0.027027027027,37,0.0645645645646,1.32972972973,4.64864864865,8.6,2.77419354839,3.63788870559,0.782569082016,0.390634820867,4.26258954975,1.83390480629,0.788812067882,1.59954948612,0.688178267286,0.379006913891,0.59668755311,0.448728444412,2.2,1.34857142857,0.608455822057,2.2,0.0138850732601,0.0054347826087,1,0.0001287001287,0.146634565698,37,35,35,0.945945945946,0,0.675675675676,0.162162162162,0.108108108108,37,115,0.0863363363363,1.4076729791,6.21621621622,10.4545454545,3.28571428571,5.09975563214,0.820395471257,0.395064629847,5.67050744243,1.82442413365,0.778378378378,1.62931109818,0.524213135936,0.289071680376,0.690547063542,0.490559294519,2.28571428571,1.41899722852,0.696849543966,2.28571428571,0.0148797934092,0.0199052132701,7,0.000900900900901,0.168309026543,37,36,36,0.972972972973,0,0.675675675676,0.27027027027,0.027027027027,-101,-0.0758258258258,0.0833486547772,-5.45945945946,-11.1454545455,-2.71428571429,-3.09934341747,0.118157821175,0.0850045697872,-4.65882918657,0.0550470259061,0.0131131131131,-1.45752037252,-0.00454966228606,0.0363189276233,0.110601948608,0.0526415546709,0.285714285714,0.0946729041967,0.116904429032,0.285714285714,0.00270966723908,0.0139325170244,0,0,-0.452887554654,-0.0540540540541,0.027027027027,0,114,1,102,1115,0.527777777778,0.999103942652,0.00089605734767,0.472222222222,0.991304347826,0.527777777778,0.688821752266,0.691477248276,0.52688172043,0.52534562212,29,130,0,0,0,0
1550,WLNM_dir_neg,0.981301775148,0.875726810255,00:00:02,10,40,23,1234218147,threshold_sweep,0.2,1,0.192307692308,0.322580645161,25,0,105,260,0.192307692308,1,0,0.807692307692,1,0.192307692308,0.322580645161,0.730769230769,0.645299145299,0.240963855422,0.370116605099,0.192307692308,216,86,130,0,216,0,86,0,130,37,216,0.162162162162,1.32432432432,11.6756756757,21.6,6,8.1990990496,0.702237650082,0.31006006006,10.329336629,1.76937710775,0.765265265265,3.0868314707,0.528762798222,0.252752752753,0.579945114934,0.437917739848,2,1.32432432432,0.579945114934,2,0.0121701261701,0.00597269624573,7,0.000900900900901,0.621196581197,37,37,37,1,0,0.72972972973,0.243243243243,0.027027027027,37,0.0645645645646,1.32972972973,4.64864864865,8.6,2.77419354839,3.63788870559,0.782569082016,0.390634820867,4.26258954975,1.83390480629,0.788812067882,1.59954948612,0.688178267286,0.379006913891,0.59668755311,0.448728444412,2.2,1.34857142857,0.608455822057,2.2,0.0138850732601,0.0054347826087,1,0.0001287001287,0.146634565698,37,35,35,0.945945945946,0,0.675675675676,0.162162162162,0.108108108108,37,111,0.0833333333333,1.32432432432,6,11.1,3.17142857143,4.90464632319,0.817441053865,0.391283175067,5.64702478203,1.88234159401,0.789383978573,1.71593835683,0.571979452277,0.317506695885,0.579945114934,0.437917739848,2,1.33333333333,0.585540043769,2,0.0164254046607,0.0121457489879,4,0.000514800514801,0.193647540378,37,36,36,0.972972972973,0,0.702702702703,0.243243243243,0.027027027027,-105,-0.0788288288288,0,-5.67567567568,-10.5,-2.82857142857,-3.29445272642,0.115203403783,0.0812231150069,-4.68231184697,0.112964486266,0.0241187133079,-1.37089311387,0.0432166540546,0.0647539431323,0,0,0,0.00900900900901,0.00559492883467,0,0.00425527849057,0.00617305274212,-3,-0.0003861003861,-0.427549040819,-0.027027027027,0,0,111,0,105,1116,0.513888888889,1,0,0.486111111111,1,0.513888888889,0.678899082569,0.685344416842,0.513888888889,0.513888888889,25,130,0,0,0,0
1551,WLNM_dir_neg,0.981301775148,0.875726810255,00:00:02,10,40,23,1234218147,threshold_sweep,0.3,1,0.192307692308,0.322580645161,25,0,105,260,0.192307692308,1,0,0.807692307692,1,0.192307692308,0.322580645161,0.730769230769,0.645299145299,0.240963855422,0.370116605099,0.192307692308,216,86,130,0,216,0,86,0,130,37,216,0.162162162162,1.32432432432,11.6756756757,21.6,6,8.1990990496,0.702237650082,0.31006006006,10.329336629,1.76937710775,0.765265265265,3.0868314707,0.528762798222,0.252752752753,0.579945114934,0.437917739848,2,1.32432432432,0.579945114934,2,0.0121701261701,0.00597269624573,7,0.000900900900901,0.621196581197,37,37,37,1,0,0.72972972973,0.243243243243,0.027027027027,37,0.0645645645646,1.32972972973,4.64864864865,8.6,2.77419354839,3.63788870559,0.782569082016,0.390634820867,4.26258954975,1.83390480629,0.788812067882,1.59954948612,0.688178267286,0.379006913891,0.59668755311,0.448728444412,2.2,1.34857142857,0.608455822057,2.2,0.0138850732601,0.0054347826087,1,0.0001287001287,0.146634565698,37,35,35,0.945945945946,0,0.675675675676,0.162162162162,0.108108108108,37,111,0.0833333333333,1.32432432432,6,11.1,3.17142857143,4.90464632319,0.817441053865,0.391283175067,5.64702478203,1.88234159401,0.789383978573,1.71593835683,0.571979452277,0.317506695885,0.579945114934,0.437917739848,2,1.33333333333,0.585540043769,2,0.0164254046607,0.0121457489879,4,0.000514800514801,0.193647540378,37,36,36,0.972972972973,0,0.702702702703,0.243243243243,0.027027027027,-105,-0.0788288288288,0,-5.67567567568,-10.5,-2.82857142857,-3.29445272642,0.115203403783,0.0812231150069,-4.68231184697,0.112964486266,0.0241187133079,-1.37089311387,0.0432166540546,0.0647539431323,0,0,0,0.00900900900901,0.00559492883467,0,0.00425527849057,0.00617305274212,-3,-0.0003861003861,-0.427549040819,-0.027027027027,0,0,111,0,105,1116,0.513888888889,1,0,0.486111111111,1,0.513888888889,0.678899082569,0.685344416842,0.513888888889,0.513888888889,25,130,0,0,0,0
1552,WLNM_dir_neg,0.981301775148,0.875726810255,00:00:02,10,40,23,1234218147,threshold_sweep,0.4,1,0.192307692308,0.322580645161,25,0,105,260,0.192307692308,1,0,0.807692307692,1,0.192307692308,0.322580645161,0.730769230769,0.645299145299,0.240963855422,0.370116605099,0.192307692308,216,86,130,0,216,0,86,0,130,37,216,0.162162162162,1.32432432432,11.6756756757,21.6,6,8.1990990496,0.702237650082,0.31006006006,10.329336629,1.76937710775,0.765265265265,3.0868314707,0.528762798222,0.252752752753,0.579945114934,0.437917739848,2,1.32432432432,0.579945114934,2,0.0121701261701,0.00597269624573,7,0.000900900900901,0.621196581197,37,37,37,1,0,0.72972972973,0.243243243243,0.027027027027,37,0.0645645645646,1.32972972973,4.64864864865,8.6,2.77419354839,3.63788870559,0.782569082016,0.390634820867,4.26258954975,1.83390480629,0.788812067882,1.59954948612,0.688178267286,0.379006913891,0.59668755311,0.448728444412,2.2,1.34857142857,0.608455822057,2.2,0.0138850732601,0.0054347826087,1,0.0001287001287,0.146634565698,37,35,35,0.945945945946,0,0.675675675676,0.162162162162,0.108108108108,37,111,0.0833333333333,1.32432432432,6,11.1,3.17142857143,4.90464632319,0.817441053865,0.391283175067,5.64702478203,1.88234159401,0.789383978573,1.71593835683,0.571979452277,0.317506695885,0.579945114934,0.437917739848,2,1.33333333333,0.585540043769,2,0.0164254046607,0.0121457489879,4,0.000514800514801,0.193647540378,37,36,36,0.972972972973,0,0.702702702703,0.243243243243,0.027027027027,-105,-0.0788288288288,0,-5.67567567568,-10.5,-2.82857142857,-3.29445272642,0.115203403783,0.0812231150069,-4.68231184697,0.112964486266,0.0241187133079,-1.37089311387,0.0432166540546,0.0647539431323,0,0,0,0.00900900900901,0.00559492883467,0,0.00425527849057,0.00617305274212,-3,-0.0003861003861,-0.427549040819,-0.027027027027,0,0,111,0,105,1116,0.513888888889,1,0,0.486111111111,1,0.513888888889,0.678899082569,0.685344416842,0.513888888889,0.513888888889,25,130,0,0,0,0
1553,WLNM_dir_neg,0.981301775148,0.875726810255,00:00:02,10,40,23,1234218147,threshold_sweep,0.5,1,0.192307692308,0.322580645161,25,0,105,260,0.192307692308,1,0,0.807692307692,1,0.192307692308,0.322580645161,0.730769230769,0.645299145299,0.240963855422,0.370116605099,0.192307692308,216,86,130,0,216,0,86,0,130,37,216,0.162162162162,1.32432432432,11.6756756757,21.6,6,8.1990990496,0.702237650082,0.31006006006,10.329336629,1.76937710775,0.765265265265,3.0868314707,0.528762798222,0.252752752753,0.579945114934,0.437917739848,2,1.32432432432,0.579945114934,2,0.0121701261701,0.00597269624573,7,0.000900900900901,0.621196581197,37,37,37,1,0,0.72972972973,0.243243243243,0.027027027027,37,0.0645645645646,1.32972972973,4.64864864865,8.6,2.77419354839,3.63788870559,0.782569082016,0.390634820867,4.26258954975,1.83390480629,0.788812067882,1.59954948612,0.688178267286,0.379006913891,0.59668755311,0.448728444412,2.2,1.34857142857,0.608455822057,2.2,0.0138850732601,0.0054347826087,1,0.0001287001287,0.146634565698,37,35,35,0.945945945946,0,0.675675675676,0.162162162162,0.108108108108,37,111,0.0833333333333,1.32432432432,6,11.1,3.17142857143,4.90464632319,0.817441053865,0.391283175067,5.64702478203,1.88234159401,0.789383978573,1.71593835683,0.571979452277,0.317506695885,0.579945114934,0.437917739848,2,1.33333333333,0.585540043769,2,0.0164254046607,0.0121457489879,4,0.000514800514801,0.193647540378,37,36,36,0.972972972973,0,0.702702702703,0.243243243243,0.027027027027,-105,-0.0788288288288,0,-5.67567567568,-10.5,-2.82857142857,-3.29445272642,0.115203403783,0.0812231150069,-4.68231184697,0.112964486266,0.0241187133079,-1.37089311387,0.0432166540546,0.0647539431323,0,0,0,0.00900900900901,0.00559492883467,0,0.00425527849057,0.00617305274212,-3,-0.0003861003861,-0.427549040819,-0.027027027027,0,0,111,0,105,1116,0.513888888889,1,0,0.486111111111,1,0.513888888889,0.678899082569,0.685344416842,0.513888888889,0.513888888889,25,130,0,0,0,0
1554,WLNM_dir_neg,0.981301775148,0.875726810255,00:00:02,10,40,23,1234218147,threshold_sweep,0.6,1,0.192307692308,0.322580645161,25,0,105,260,0.192307692308,1,0,0.807692307692,1,0.192307692308,0.322580645161,0.730769230769,0.645299145299,0.240963855422,0.370116605099,0.192307692308,216,86,130,0,216,0,86,0,130,37,216,0.162162162162,1.32432432432,11.6756756757,21.6,6,8.1990990496,0.702237650082,0.31006006006,10.329336629,1.76937710775,0.765265265265,3.0868314707,0.528762798222,0.252752752753,0.579945114934,0.437917739848,2,1.32432432432,0.579945114934,2,0.0121701261701,0.00597269624573,7,0.000900900900901,0.621196581197,37,37,37,1,0,0.72972972973,0.243243243243,0.027027027027,37,0.0645645645646,1.32972972973,4.64864864865,8.6,2.77419354839,3.63788870559,0.782569082016,0.390634820867,4.26258954975,1.83390480629,0.788812067882,1.59954948612,0.688178267286,0.379006913891,0.59668755311,0.448728444412,2.2,1.34857142857,0.608455822057,2.2,0.0138850732601,0.0054347826087,1,0.0001287001287,0.146634565698,37,35,35,0.945945945946,0,0.675675675676,0.162162162162,0.108108108108,37,111,0.0833333333333,1.32432432432,6,11.1,3.17142857143,4.90464632319,0.817441053865,0.391283175067,5.64702478203,1.88234159401,0.789383978573,1.71593835683,0.571979452277,0.317506695885,0.579945114934,0.437917739848,2,1.33333333333,0.585540043769,2,0.0164254046607,0.0121457489879,4,0.000514800514801,0.193647540378,37,36,36,0.972972972973,0,0.702702702703,0.243243243243,0.027027027027,-105,-0.0788288288288,0,-5.67567567568,-10.5,-2.82857142857,-3.29445272642,0.115203403783,0.0812231150069,-4.68231184697,0.112964486266,0.0241187133079,-1.37089311387,0.0432166540546,0.0647539431323,0,0,0,0.00900900900901,0.00559492883467,0,0.00425527849057,0.00617305274212,-3,-0.0003861003861,-0.427549040819,-0.027027027027,0,0,111,0,105,1116,0.513888888889,1,0,0.486111111111,1,0.513888888889,0.678899082569,0.685344416842,0.513888888889,0.513888888889,25,130,0,0,0,0
1555,WLNM_dir_neg,0.981301775148,0.875726810255,00:00:02,10,40,23,1234218147,threshold_sweep,0.7,1,0.192307692308,0.322580645161,25,0,105,260,0.192307692308,1,0,0.807692307692,1,0.192307692308,0.322580645161,0.730769230769,0.645299145299,0.240963855422,0.370116605099,0.192307692308,216,86,130,0,216,0,86,0,130,37,216,0.162162162162,1.32432432432,11.6756756757,21.6,6,8.1990990496,0.702237650082,0.31006006006,10.329336629,1.76937710775,0.765265265265,3.0868314707,0.528762798222,0.252752752753,0.579945114934,0.437917739848,2,1.32432432432,0.579945114934,2,0.0121701261701,0.00597269624573,7,0.000900900900901,0.621196581197,37,37,37,1,0,0.72972972973,0.243243243243,0.027027027027,37,0.0645645645646,1.32972972973,4.64864864865,8.6,2.77419354839,3.63788870559,0.782569082016,0.390634820867,4.26258954975,1.83390480629,0.788812067882,1.59954948612,0.688178267286,0.379006913891,0.59668755311,0.448728444412,2.2,1.34857142857,0.608455822057,2.2,0.0138850732601,0.0054347826087,1,0.0001287001287,0.146634565698,37,35,35,0.945945945946,0,0.675675675676,0.162162162162,0.108108108108,37,111,0.0833333333333,1.32432432432,6,11.1,3.17142857143,4.90464632319,0.817441053865,0.391283175067,5.64702478203,1.88234159401,0.789383978573,1.71593835683,0.571979452277,0.317506695885,0.579945114934,0.437917739848,2,1.33333333333,0.585540043769,2,0.0164254046607,0.0121457489879,4,0.000514800514801,0.193647540378,37,36,36,0.972972972973,0,0.702702702703,0.243243243243,0.027027027027,-105,-0.0788288288288,0,-5.67567567568,-10.5,-2.82857142857,-3.29445272642,0.115203403783,0.0812231150069,-4.68231184697,0.112964486266,0.0241187133079,-1.37089311387,0.0432166540546,0.0647539431323,0,0,0,0.00900900900901,0.00559492883467,0,0.00425527849057,0.00617305274212,-3,-0.0003861003861,-0.427549040819,-0.027027027027,0,0,111,0,105,1116,0.513888888889,1,0,0.486111111111,1,0.513888888889,0.678899082569,0.685344416842,0.513888888889,0.513888888889,25,130,0,0,0,0
1556,WLNM_dir_neg,0.981301775148,0.875726810255,00:00:02,10,40,23,1234218147,threshold_sweep,0.8,1,0.192307692308,0.322580645161,25,0,105,260,0.192307692308,1,0,0.807692307692,1,0.192307692308,0.322580645161,0.730769230769,0.645299145299,0.240963855422,0.370116605099,0.192307692308,216,86,130,0,216,0,86,0,130,37,216,0.162162162162,1.32432432432,11.6756756757,21.6,6,8.1990990496,0.702237650082,0.31006006006,10.329336629,1.76937710775,0.765265265265,3.0868314707,0.528762798222,0.252752752753,0.579945114934,0.437917739848,2,1.32432432432,0.579945114934,2,0.0121701261701,0.00597269624573,7,0.000900900900901,0.621196581197,37,37,37,1,0,0.72972972973,0.243243243243,0.027027027027,37,0.0645645645646,1.32972972973,4.64864864865,8.6,2.77419354839,3.63788870559,0.782569082016,0.390634820867,4.26258954975,1.83390480629,0.788812067882,1.59954948612,0.688178267286,0.379006913891,0.59668755311,0.448728444412,2.2,1.34857142857,0.608455822057,2.2,0.0138850732601,0.0054347826087,1,0.0001287001287,0.146634565698,37,35,35,0.945945945946,0,0.675675675676,0.162162162162,0.108108108108,37,111,0.0833333333333,1.32432432432,6,11.1,3.17142857143,4.90464632319,0.817441053865,0.391283175067,5.64702478203,1.88234159401,0.789383978573,1.71593835683,0.571979452277,0.317506695885,0.579945114934,0.437917739848,2,1.33333333333,0.585540043769,2,0.0164254046607,0.0121457489879,4,0.000514800514801,0.193647540378,37,36,36,0.972972972973,0,0.702702702703,0.243243243243,0.027027027027,-105,-0.0788288288288,0,-5.67567567568,-10.5,-2.82857142857,-3.29445272642,0.115203403783,0.0812231150069,-4.68231184697,0.112964486266,0.0241187133079,-1.37089311387,0.0432166540546,0.0647539431323,0,0,0,0.00900900900901,0.00559492883467,0,0.00425527849057,0.00617305274212,-3,-0.0003861003861,-0.427549040819,-0.027027027027,0,0,111,0,105,1116,0.513888888889,1,0,0.486111111111,1,0.513888888889,0.678899082569,0.685344416842,0.513888888889,0.513888888889,25,130,0,0,0,0
1557,WLNM_dir_neg,0.981301775148,0.875726810255,00:00:02,10,40,23,1234218147,threshold_sweep,0.9,1,0.192307692308,0.322580645161,25,0,105,260,0.192307692308,1,0,0.807692307692,1,0.192307692308,0.322580645161,0.730769230769,0.645299145299,0.240963855422,0.370116605099,0.192307692308,216,86,130,0,216,0,86,0,130,37,216,0.162162162162,1.32432432432,11.6756756757,21.6,6,8.1990990496,0.702237650082,0.31006006006,10.329336629,1.76937710775,0.765265265265,3.0868314707,0.528762798222,0.252752752753,0.579945114934,0.437917739848,2,1.32432432432,0.579945114934,2,0.0121701261701,0.00597269624573,7,0.000900900900901,0.621196581197,37,37,37,1,0,0.72972972973,0.243243243243,0.027027027027,37,0.0645645645646,1.32972972973,4.64864864865,8.6,2.77419354839,3.63788870559,0.782569082016,0.390634820867,4.26258954975,1.83390480629,0.788812067882,1.59954948612,0.688178267286,0.379006913891,0.59668755311,0.448728444412,2.2,1.34857142857,0.608455822057,2.2,0.0138850732601,0.0054347826087,1,0.0001287001287,0.146634565698,37,35,35,0.945945945946,0,0.675675675676,0.162162162162,0.108108108108,37,111,0.0833333333333,1.32432432432,6,11.1,3.17142857143,4.90464632319,0.817441053865,0.391283175067,5.64702478203,1.88234159401,0.789383978573,1.71593835683,0.571979452277,0.317506695885,0.579945114934,0.437917739848,2,1.33333333333,0.585540043769,2,0.0164254046607,0.0121457489879,4,0.000514800514801,0.193647540378,37,36,36,0.972972972973,0,0.702702702703,0.243243243243,0.027027027027,-105,-0.0788288288288,0,-5.67567567568,-10.5,-2.82857142857,-3.29445272642,0.115203403783,0.0812231150069,-4.68231184697,0.112964486266,0.0241187133079,-1.37089311387,0.0432166540546,0.0647539431323,0,0,0,0.00900900900901,0.00559492883467,0,0.00425527849057,0.00617305274212,-3,-0.0003861003861,-0.427549040819,-0.027027027027,0,0,111,0,105,1116,0.513888888889,1,0,0.486111111111,1,0.513888888889,0.678899082569,0.685344416842,0.513888888889,0.513888888889,25,130,0,0,0,0
1558,WLNM_dir_neg,0.953284023669,0.683946943575,00:00:02,10,40,24,1234218148,threshold_sweep,0.1,0.692307692308,0.0692307692308,0.125874125874,9,4,121,256,0.0692307692308,0.984615384615,0.0153846153846,0.930769230769,0.692307692308,0.0692307692308,0.125874125874,0.679487179487,0.655555555556,0.0694789081886,0.141406927695,0.0538461538462,216,86,130,0,216,0,86,0,130,37,216,0.162162162162,1.32432432432,11.6756756757,21.6,6,8.1990990496,0.702237650082,0.31006006006,10.329336629,1.76937710775,0.765265265265,3.0868314707,0.528762798222,0.252752752753,0.579945114934,0.437917739848,2,1.32432432432,0.579945114934,2,0.0121701261701,0.00597269624573,7,0.000900900900901,0.621196581197,37,37,37,1,0,0.72972972973,0.243243243243,0.027027027027,37,0.0645645645646,1.32432432432,4.64864864865,8.6,2.86666666667,3.69095152002,0.793983757213,0.417661847894,4.24953627571,1.8282888628,0.786926461345,1.85673031091,0.798825831438,0.441231929604,0.579945114934,0.437917739848,2,1.34285714286,0.591252764842,2,0,0,0,0,0.170365899246,37,35,35,0.945945945946,0,0.675675675676,0.135135135135,0.135135135135,37,99,0.0743243243243,1.39312345312,5.35135135135,9,2.82857142857,4.38568514992,0.819547224985,0.427791427791,4.59500969685,1.7173268564,0.764946764947,1.65082561927,0.616975231443,0.340158340158,0.658540037044,0.472707594986,2.0495970696,1.40404354904,0.664475309631,2.0495970696,0.173894346394,0.11583011583,30,0.003861003861,0.151276537723,37,36,36,0.972972972973,0,0.675675675676,0.27027027027,0.027027027027,-117,-0.0878378378378,0.0687991287991,-6.32432432432,-12.6,-3.17142857143,-3.81341389968,0.117309574903,0.117731367731,-5.73432693215,-0.0520502513481,-0.0003185003185,-1.43600585144,0.0882124332204,0.0874055874056,0.0785949221095,0.0347898551371,0.0495970695971,0.0797192247192,0.0845301946966,0.0495970695971,0.161724220224,0.109857419584,23,0.0029601029601,-0.469920043473,-0.0540540540541,0.027027027027,0,95,4,121,1112,0.439814814815,0.996415770609,0.00358422939068,0.560185185185,0.959595959596,0.439814814815,0.603174603175,0.613021842761,0.436230585424,0.431818181818,13,130,0,0,0,0
1559,WLNM_dir_neg,0.953284023669,0.683946943575,00:00:02,10,40,24,1234218148,threshold_sweep,0.2,0.75,0.0692307692308,0.12676056338,9,3,121,257,0.0692307692308,0.988461538462,0.0115384615385,0.930769230769,0.75,0.0692307692308,0.12676056338,0.682051282051,0.65641025641,0.0746268656716,0.157485197087,0.0576923076923,216,86,130,0,216,0,86,0,130,37,216,0.162162162162,1.32432432432,11.6756756757,21.6,6,8.1990990496,0.702237650082,0.31006006006,10.329336629,1.76937710775,0.765265265265,3.0868314707,0.528762798222,0.252752752753,0.579945114934,0.437917739848,2,1.32432432432,0.579945114934,2,0.0121701261701,0.00597269624573,7,0.000900900900901,0.621196581197,37,37,37,1,0,0.72972972973,0.243243243243,0.027027027027,37,0.0645645645646,1.32432432432,4.64864864865,8.6,2.86666666667,3.69095152002,0.793983757213,0.417661847894,4.24953627571,1.8282888628,0.786926461345,1.85673031091,0.798825831438,0.441231929604,0.579945114934,0.437917739848,2,1.34285714286,0.591252764842,2,0,0,0,0,0.170365899246,37,35,35,0.945945945946,0,0.675675675676,0.135135135135,0.135135135135,37,98,0.0735735735736,1.33312345312,5.2972972973,9.8,2.8,4.3771176771,0.826292622717,0.431880860452,4.60806187396,1.73977846262,0.76833976834,1.6535520053,0.624300246899,0.344180915609,0.594020752142,0.445585703822,2.03650793651,1.34237688238,0.599736365266,2.03650793651,0.180030027444,0.117493472585,30,0.003861003861,0.17822687944,37,36,36,0.972972972973,0,0.702702702703,0.243243243243,0.027027027027,-118,-0.0885885885886,0.00879912879913,-6.37837837838,-11.8,-3.2,-3.82198137251,0.124054972636,0.121820800392,-5.72127475504,-0.0295986451282,0.0030745030745,-1.4332794654,0.0955374486768,0.0914281628567,0.0140756372078,0.00766796397397,0.0365079365079,0.0180525580526,0.0197912503317,0.0365079365079,0.167859901274,0.111520776339,23,0.0029601029601,-0.442969701757,-0.027027027027,0,0,95,3,121,1113,0.439814814815,0.997311827957,0.00268817204301,0.560185185185,0.969387755102,0.439814814815,0.605095541401,0.617156962145,0.437126642772,0.433789954338,12,130,0,0,0,0
1560,WLNM_dir_neg,0.953284023669,0.683946943575,00:00:02,10,40,24,1234218148,threshold_sweep,0.3,0.75,0.0692307692308,0.12676056338,9,3,121,257,0.0692307692308,0.988461538462,0.0115384615385,0.930769230769,0.75,0.0692307692308,0.12676056338,0.682051282051,0.65641025641,0.0746268656716,0.157485197087,0.0576923076923,216,86,130,0,216,0,86,0,130,37,216,0.162162162162,1.32432432432,11.6756756757,21.6,6,8.1990990496,0.702237650082,0.31006006006,10.329336629,1.76937710775,0.765265265265,3.0868314707,0.528762798222,0.252752752753,0.579945114934,0.437917739848,2,1.32432432432,0.579945114934,2,0.0121701261701,0.00597269624573,7,0.000900900900901,0.621196581197,37,37,37,1,0,0.72972972973,0.243243243243,0.027027027027,37,0.0645645645646,1.32432432432,4.64864864865,8.6,2.86666666667,3.69095152002,0.793983757213,0.417661847894,4.24953627571,1.8282888628,0.786926461345,1.85673031091,0.798825831438,0.441231929604,0.579945114934,0.437917739848,2,1.34285714286,0.591252764842,2,0,0,0,0,0.170365899246,37,35,35,0.945945945946,0,0.675675675676,0.135135135135,0.135135135135,37,98,0.0735735735736,1.33312345312,5.2972972973,9.8,2.8,4.3771176771,0.826292622717,0.431880860452,4.60806187396,1.73977846262,0.76833976834,1.6535520053,0.624300246899,0.344180915609,0.594020752142,0.445585703822,2.03650793651,1.34237688238,0.599736365266,2.03650793651,0.180030027444,0.117493472585,30,0.003861003861,0.17822687944,37,36,36,0.972972972973,0,0.702702702703,0.243243243243,0.027027027027,-118,-0.0885885885886,0.00879912879913,-6.37837837838,-11.8,-3.2,-3.82198137251,0.124054972636,0.121820800392,-5.72127475504,-0.0295986451282,0.0030745030745,-1.4332794654,0.0955374486768,0.0914281628567,0.0140756372078,0.00766796397397,0.0365079365079,0.0180525580526,0.0197912503317,0.0365079365079,0.167859901274,0.111520776339,23,0.0029601029601,-0.442969701757,-0.027027027027,0,0,95,3,121,1113,0.439814814815,0.997311827957,0.00268817204301,0.560185185185,0.969387755102,0.439814814815,0.605095541401,0.617156962145,0.437126642772,0.433789954338,12,130,0,0,0,0
1561,WLNM_dir_neg,0.953284023669,0.683946943575,00:00:02,10,40,24,1234218148,threshold_sweep,0.4,0.818181818182,0.0692307692308,0.127659574468,9,2,121,258,0.0692307692308,0.992307692308,0.00769230769231,0.930769230769,0.818181818182,0.0692307692308,0.127659574468,0.684615384615,0.657264957265,0.0798004987531,0.175222163063,0.0615384615385,216,86,130,0,216,0,86,0,130,37,216,0.162162162162,1.32432432432,11.6756756757,21.6,6,8.1990990496,0.702237650082,0.31006006006,10.329336629,1.76937710775,0.765265265265,3.0868314707,0.528762798222,0.252752752753,0.579945114934,0.437917739848,2,1.32432432432,0.579945114934,2,0.0121701261701,0.00597269624573,7,0.000900900900901,0.621196581197,37,37,37,1,0,0.72972972973,0.243243243243,0.027027027027,37,0.0645645645646,1.32432432432,4.64864864865,8.6,2.86666666667,3.69095152002,0.793983757213,0.417661847894,4.24953627571,1.8282888628,0.786926461345,1.85673031091,0.798825831438,0.441231929604,0.579945114934,0.437917739848,2,1.34285714286,0.591252764842,2,0,0,0,0,0.170365899246,37,35,35,0.945945945946,0,0.675675675676,0.135135135135,0.135135135135,37,97,0.0728228228228,1.32915948916,5.24324324324,9.7,2.77142857143,4.27788502654,0.815885288567,0.427974366119,4.57257131256,1.74417668623,0.769573697409,1.63895887263,0.625169879252,0.344942881025,0.587404555509,0.441936848287,2.01626373626,1.3383028083,0.593060643645,2.01626373626,0.146976586632,0.0931174089069,23,0.0029601029601,0.175730051649,37,36,36,0.972972972973,0,0.702702702703,0.243243243243,0.027027027027,-119,-0.0893393393393,0.00483516483516,-6.43243243243,-11.9,-3.22857142857,-3.92121402306,0.113647638485,0.117914306059,-5.75676531644,-0.0252004215127,0.00430843214348,-1.44787259807,0.0964070810298,0.0921901282726,0.00745944057488,0.00401910843811,0.0162637362637,0.0139784839785,0.0131155287108,0.0162637362637,0.134806460462,0.0871447126611,16,0.0020592020592,-0.445466529548,-0.027027027027,0,0,95,2,121,1114,0.439814814815,0.998207885305,0.00179211469534,0.560185185185,0.979381443299,0.439814814815,0.607028753994,0.621349917403,0.438022700119,0.435779816514,11,130,0,0,0,0
1562,WLNM_dir_neg,0.953284023669,0.683946943575,00:00:02,10,40,24,1234218148,threshold_sweep,0.5,0.818181818182,0.0692307692308,0.127659574468,9,2,121,258,0.0692307692308,0.992307692308,0.00769230769231,0.930769230769,0.818181818182,0.0692307692308,0.127659574468,0.684615384615,0.657264957265,0.0798004987531,0.175222163063,0.0615384615385,216,86,130,0,216,0,86,0,130,37,216,0.162162162162,1.32432432432,11.6756756757,21.6,6,8.1990990496,0.702237650082,0.31006006006,10.329336629,1.76937710775,0.765265265265,3.0868314707,0.528762798222,0.252752752753,0.579945114934,0.437917739848,2,1.32432432432,0.579945114934,2,0.0121701261701,0.00597269624573,7,0.000900900900901,0.621196581197,37,37,37,1,0,0.72972972973,0.243243243243,0.027027027027,37,0.0645645645646,1.32432432432,4.64864864865,8.6,2.86666666667,3.69095152002,0.793983757213,0.417661847894,4.24953627571,1.8282888628,0.786926461345,1.85673031091,0.798825831438,0.441231929604,0.579945114934,0.437917739848,2,1.34285714286,0.591252764842,2,0,0,0,0,0.170365899246,37,35,35,0.945945945946,0,0.675675675676,0.135135135135,0.135135135135,37,97,0.0728228228228,1.32915948916,5.24324324324,9.7,2.77142857143,4.27788502654,0.815885288567,0.427974366119,4.57257131256,1.74417668623,0.769573697409,1.63895887263,0.625169879252,0.344942881025,0.587404555509,0.441936848287,2.01626373626,1.3383028083,0.593060643645,2.01626373626,0.146976586632,0.0931174089069,23,0.0029601029601,0.175730051649,37,36,36,0.972972972973,0,0.702702702703,0.243243243243,0.027027027027,-119,-0.0893393393393,0.00483516483516,-6.43243243243,-11.9,-3.22857142857,-3.92121402306,0.113647638485,0.117914306059,-5.75676531644,-0.0252004215127,0.00430843214348,-1.44787259807,0.0964070810298,0.0921901282726,0.00745944057488,0.00401910843811,0.0162637362637,0.0139784839785,0.0131155287108,0.0162637362637,0.134806460462,0.0871447126611,16,0.0020592020592,-0.445466529548,-0.027027027027,0,0,95,2,121,1114,0.439814814815,0.998207885305,0.00179211469534,0.560185185185,0.979381443299,0.439814814815,0.607028753994,0.621349917403,0.438022700119,0.435779816514,11,130,0,0,0,0
1563,WLNM_dir_neg,0.953284023669,0.683946943575,00:00:02,10,40,24,1234218148,threshold_sweep,0.6,0.818181818182,0.0692307692308,0.127659574468,9,2,121,258,0.0692307692308,0.992307692308,0.00769230769231,0.930769230769,0.818181818182,0.0692307692308,0.127659574468,0.684615384615,0.657264957265,0.0798004987531,0.175222163063,0.0615384615385,216,86,130,0,216,0,86,0,130,37,216,0.162162162162,1.32432432432,11.6756756757,21.6,6,8.1990990496,0.702237650082,0.31006006006,10.329336629,1.76937710775,0.765265265265,3.0868314707,0.528762798222,0.252752752753,0.579945114934,0.437917739848,2,1.32432432432,0.579945114934,2,0.0121701261701,0.00597269624573,7,0.000900900900901,0.621196581197,37,37,37,1,0,0.72972972973,0.243243243243,0.027027027027,37,0.0645645645646,1.32432432432,4.64864864865,8.6,2.86666666667,3.69095152002,0.793983757213,0.417661847894,4.24953627571,1.8282888628,0.786926461345,1.85673031091,0.798825831438,0.441231929604,0.579945114934,0.437917739848,2,1.34285714286,0.591252764842,2,0,0,0,0,0.170365899246,37,35,35,0.945945945946,0,0.675675675676,0.135135135135,0.135135135135,37,97,0.0728228228228,1.32915948916,5.24324324324,9.7,2.77142857143,4.27788502654,0.815885288567,0.427974366119,4.57257131256,1.74417668623,0.769573697409,1.63895887263,0.625169879252,0.344942881025,0.587404555509,0.441936848287,2.01626373626,1.3383028083,0.593060643645,2.01626373626,0.146976586632,0.0931174089069,23,0.0029601029601,0.175730051649,37,36,36,0.972972972973,0,0.702702702703,0.243243243243,0.027027027027,-119,-0.0893393393393,0.00483516483516,-6.43243243243,-11.9,-3.22857142857,-3.92121402306,0.113647638485,0.117914306059,-5.75676531644,-0.0252004215127,0.00430843214348,-1.44787259807,0.0964070810298,0.0921901282726,0.00745944057488,0.00401910843811,0.0162637362637,0.0139784839785,0.0131155287108,0.0162637362637,0.134806460462,0.0871447126611,16,0.0020592020592,-0.445466529548,-0.027027027027,0,0,95,2,121,1114,0.439814814815,0.998207885305,0.00179211469534,0.560185185185,0.979381443299,0.439814814815,0.607028753994,0.621349917403,0.438022700119,0.435779816514,11,130,0,0,0,0
1564,WLNM_dir_neg,0.953284023669,0.683946943575,00:00:02,10,40,24,1234218148,threshold_sweep,0.7,0.818181818182,0.0692307692308,0.127659574468,9,2,121,258,0.0692307692308,0.992307692308,0.00769230769231,0.930769230769,0.818181818182,0.0692307692308,0.127659574468,0.684615384615,0.657264957265,0.0798004987531,0.175222163063,0.0615384615385,216,86,130,0,216,0,86,0,130,37,216,0.162162162162,1.32432432432,11.6756756757,21.6,6,8.1990990496,0.702237650082,0.31006006006,10.329336629,1.76937710775,0.765265265265,3.0868314707,0.528762798222,0.252752752753,0.579945114934,0.437917739848,2,1.32432432432,0.579945114934,2,0.0121701261701,0.00597269624573,7,0.000900900900901,0.621196581197,37,37,37,1,0,0.72972972973,0.243243243243,0.027027027027,37,0.0645645645646,1.32432432432,4.64864864865,8.6,2.86666666667,3.69095152002,0.793983757213,0.417661847894,4.24953627571,1.8282888628,0.786926461345,1.85673031091,0.798825831438,0.441231929604,0.579945114934,0.437917739848,2,1.34285714286,0.591252764842,2,0,0,0,0,0.170365899246,37,35,35,0.945945945946,0,0.675675675676,0.135135135135,0.135135135135,37,97,0.0728228228228,1.32915948916,5.24324324324,9.7,2.77142857143,4.27788502654,0.815885288567,0.427974366119,4.57257131256,1.74417668623,0.769573697409,1.63895887263,0.625169879252,0.344942881025,0.587404555509,0.441936848287,2.01626373626,1.3383028083,0.593060643645,2.01626373626,0.146976586632,0.0931174089069,23,0.0029601029601,0.175730051649,37,36,36,0.972972972973,0,0.702702702703,0.243243243243,0.027027027027,-119,-0.0893393393393,0.00483516483516,-6.43243243243,-11.9,-3.22857142857,-3.92121402306,0.113647638485,0.117914306059,-5.75676531644,-0.0252004215127,0.00430843214348,-1.44787259807,0.0964070810298,0.0921901282726,0.00745944057488,0.00401910843811,0.0162637362637,0.0139784839785,0.0131155287108,0.0162637362637,0.134806460462,0.0871447126611,16,0.0020592020592,-0.445466529548,-0.027027027027,0,0,95,2,121,1114,0.439814814815,0.998207885305,0.00179211469534,0.560185185185,0.979381443299,0.439814814815,0.607028753994,0.621349917403,0.438022700119,0.435779816514,11,130,0,0,0,0
1565,WLNM_dir_neg,0.953284023669,0.683946943575,00:00:02,10,40,24,1234218148,threshold_sweep,0.8,0.818181818182,0.0692307692308,0.127659574468,9,2,121,258,0.0692307692308,0.992307692308,0.00769230769231,0.930769230769,0.818181818182,0.0692307692308,0.127659574468,0.684615384615,0.657264957265,0.0798004987531,0.175222163063,0.0615384615385,216,86,130,0,216,0,86,0,130,37,216,0.162162162162,1.32432432432,11.6756756757,21.6,6,8.1990990496,0.702237650082,0.31006006006,10.329336629,1.76937710775,0.765265265265,3.0868314707,0.528762798222,0.252752752753,0.579945114934,0.437917739848,2,1.32432432432,0.579945114934,2,0.0121701261701,0.00597269624573,7,0.000900900900901,0.621196581197,37,37,37,1,0,0.72972972973,0.243243243243,0.027027027027,37,0.0645645645646,1.32432432432,4.64864864865,8.6,2.86666666667,3.69095152002,0.793983757213,0.417661847894,4.24953627571,1.8282888628,0.786926461345,1.85673031091,0.798825831438,0.441231929604,0.579945114934,0.437917739848,2,1.34285714286,0.591252764842,2,0,0,0,0,0.170365899246,37,35,35,0.945945945946,0,0.675675675676,0.135135135135,0.135135135135,37,97,0.0728228228228,1.32915948916,5.24324324324,9.7,2.77142857143,4.27788502654,0.815885288567,0.427974366119,4.57257131256,1.74417668623,0.769573697409,1.63895887263,0.625169879252,0.344942881025,0.587404555509,0.441936848287,2.01626373626,1.3383028083,0.593060643645,2.01626373626,0.146976586632,0.0931174089069,23,0.0029601029601,0.175730051649,37,36,36,0.972972972973,0,0.702702702703,0.243243243243,0.027027027027,-119,-0.0893393393393,0.00483516483516,-6.43243243243,-11.9,-3.22857142857,-3.92121402306,0.113647638485,0.117914306059,-5.75676531644,-0.0252004215127,0.00430843214348,-1.44787259807,0.0964070810298,0.0921901282726,0.00745944057488,0.00401910843811,0.0162637362637,0.0139784839785,0.0131155287108,0.0162637362637,0.134806460462,0.0871447126611,16,0.0020592020592,-0.445466529548,-0.027027027027,0,0,95,2,121,1114,0.439814814815,0.998207885305,0.00179211469534,0.560185185185,0.979381443299,0.439814814815,0.607028753994,0.621349917403,0.438022700119,0.435779816514,11,130,0,0,0,0
1566,WLNM_dir_neg,0.953284023669,0.683946943575,00:00:02,10,40,24,1234218148,threshold_sweep,0.9,0.818181818182,0.0692307692308,0.127659574468,9,2,121,258,0.0692307692308,0.992307692308,0.00769230769231,0.930769230769,0.818181818182,0.0692307692308,0.127659574468,0.684615384615,0.657264957265,0.0798004987531,0.175222163063,0.0615384615385,216,86,130,0,216,0,86,0,130,37,216,0.162162162162,1.32432432432,11.6756756757,21.6,6,8.1990990496,0.702237650082,0.31006006006,10.329336629,1.76937710775,0.765265265265,3.0868314707,0.528762798222,0.252752752753,0.579945114934,0.437917739848,2,1.32432432432,0.579945114934,2,0.0121701261701,0.00597269624573,7,0.000900900900901,0.621196581197,37,37,37,1,0,0.72972972973,0.243243243243,0.027027027027,37,0.0645645645646,1.32432432432,4.64864864865,8.6,2.86666666667,3.69095152002,0.793983757213,0.417661847894,4.24953627571,1.8282888628,0.786926461345,1.85673031091,0.798825831438,0.441231929604,0.579945114934,0.437917739848,2,1.34285714286,0.591252764842,2,0,0,0,0,0.170365899246,37,35,35,0.945945945946,0,0.675675675676,0.135135135135,0.135135135135,37,97,0.0728228228228,1.32915948916,5.24324324324,9.7,2.77142857143,4.27788502654,0.815885288567,0.427974366119,4.57257131256,1.74417668623,0.769573697409,1.63895887263,0.625169879252,0.344942881025,0.587404555509,0.441936848287,2.01626373626,1.3383028083,0.593060643645,2.01626373626,0.146976586632,0.0931174089069,23,0.0029601029601,0.175730051649,37,36,36,0.972972972973,0,0.702702702703,0.243243243243,0.027027027027,-119,-0.0893393393393,0.00483516483516,-6.43243243243,-11.9,-3.22857142857,-3.92121402306,0.113647638485,0.117914306059,-5.75676531644,-0.0252004215127,0.00430843214348,-1.44787259807,0.0964070810298,0.0921901282726,0.00745944057488,0.00401910843811,0.0162637362637,0.0139784839785,0.0131155287108,0.0162637362637,0.134806460462,0.0871447126611,16,0.0020592020592,-0.445466529548,-0.027027027027,0,0,95,2,121,1114,0.439814814815,0.998207885305,0.00179211469534,0.560185185185,0.979381443299,0.439814814815,0.607028753994,0.621349917403,0.438022700119,0.435779816514,11,130,0,0,0,0
1567,WLNM_dir_neg,0.986079881657,0.915115392147,00:00:02,10,40,25,1234218149,threshold_sweep,0.1,0.96875,0.238461538462,0.382716049383,31,1,99,259,0.238461538462,0.996153846154,0.00384615384615,0.761538461538,0.96875,0.238461538462,0.382716049383,0.74358974359,0.639316239316,0.289099526066,0.402993772219,0.234615384615,216,86,130,0,216,0,86,0,130,37,216,0.162162162162,1.32432432432,11.6756756757,21.6,6,8.1990990496,0.702237650082,0.31006006006,10.329336629,1.76937710775,0.765265265265,3.0868314707,0.528762798222,0.252752752753,0.579945114934,0.437917739848,2,1.32432432432,0.579945114934,2,0.0121701261701,0.00597269624573,7,0.000900900900901,0.621196581197,37,37,37,1,0,0.72972972973,0.243243243243,0.027027027027,37,0.0645645645646,1.33108108108,4.64864864865,8.6,2.96551724138,3.6302449888,0.780924794101,0.397234443746,4.32084131503,1.85896661228,0.791326209931,1.73291748303,0.74555752177,0.417347580138,0.601081357887,0.451573812016,2.25,1.35,0.61297250682,2.25,0.036858974359,0.005444646098,1,0.0001287001287,0.155046148764,37,35,35,0.945945945946,0,0.675675675676,0.108108108108,0.162162162162,37,118,0.0885885885886,1.32563112563,6.37837837838,11.8,3.37142857143,5.35594867285,0.839703817353,0.399221255153,5.93407222851,1.86068366487,0.780119102153,1.64718341821,0.516489715878,0.287219422813,0.582015034363,0.439047502062,2.00549450549,1.33467643468,0.587627504558,2.00549450549,0.05965431394,0.0547350130321,21,0.0027027027027,0.20515786439,37,36,36,0.972972972973,0,0.702702702703,0.243243243243,0.027027027027,-98,-0.0735735735736,0.0013068013068,-5.2972972973,-9.8,-2.62857142857,-2.84315037676,0.137466167271,0.0891611950934,-4.39526440049,0.0913065571275,0.0148538368877,-1.4396480525,-0.0122730823443,0.0344666700599,0.00206991942893,0.00112976221309,0.0054945054945,0.0103521103521,0.00768238962349,0.0054945054945,0.0474841877699,0.0487623167864,14,0.0018018018018,-0.416038716806,-0.027027027027,0,0,117,1,99,1115,0.541666666667,0.999103942652,0.00089605734767,0.458333333333,0.991525423729,0.541666666667,0.700598802395,0.701490357462,0.540770609319,0.539170506912,32,130,0,0,0,0
1568,WLNM_dir_neg,0.986079881657,0.915115392147,00:00:02,10,40,25,1234218149,threshold_sweep,0.2,0.964285714286,0.207692307692,0.341772151899,27,1,103,259,0.207692307692,0.996153846154,0.00384615384615,0.792307692308,0.964285714286,0.207692307692,0.341772151899,0.733333333333,0.642735042735,0.253588516746,0.372243883867,0.203846153846,216,86,130,0,216,0,86,0,130,37,216,0.162162162162,1.32432432432,11.6756756757,21.6,6,8.1990990496,0.702237650082,0.31006006006,10.329336629,1.76937710775,0.765265265265,3.0868314707,0.528762798222,0.252752752753,0.579945114934,0.437917739848,2,1.32432432432,0.579945114934,2,0.0121701261701,0.00597269624573,7,0.000900900900901,0.621196581197,37,37,37,1,0,0.72972972973,0.243243243243,0.027027027027,37,0.0645645645646,1.33108108108,4.64864864865,8.6,2.96551724138,3.6302449888,0.780924794101,0.397234443746,4.32084131503,1.85896661228,0.791326209931,1.73291748303,0.74555752177,0.417347580138,0.601081357887,0.451573812016,2.25,1.35,0.61297250682,2.25,0.036858974359,0.005444646098,1,0.0001287001287,0.155046148764,37,35,35,0.945945945946,0,0.675675675676,0.108108108108,0.162162162162,37,114,0.0855855855856,1.32546777547,6.16216216216,11.4,3.25714285714,5.1721127937,0.839334093714,0.394499762921,5.89905066929,1.91460416459,0.790422000948,1.75401726804,0.569286306293,0.319108582266,0.581530993705,0.438736425335,2.00384615385,1.33450854701,0.587137047189,2.00384615385,0.0614210128496,0.0448598130841,16,0.0020592020592,0.196368181851,37,36,36,0.972972972973,0,0.702702702703,0.243243243243,0.027027027027,-102,-0.0765765765766,0.00114345114345,-5.51351351351,-10.2,-2.74285714286,-3.0269862559,0.137096443633,0.0844397028608,-4.43028595971,0.145227056847,0.0251567356831,-1.33281420267,0.0405235080707,0.0663558295137,0.00158587877081,0.000818685486384,0.00384615384615,0.0101842226842,0.00719193225456,0.00384615384615,0.0492508866795,0.0388871168384,9,0.0011583011583,-0.424828399346,-0.027027027027,0,0,113,1,103,1115,0.523148148148,0.999103942652,0.00089605734767,0.476851851852,0.991228070175,0.523148148148,0.684848484848,0.688118272496,0.5222520908,0.520737327189,28,130,0,0,0,0
1569,WLNM_dir_neg,0.986079881657,0.915115392147,00:00:02,10,40,25,1234218149,threshold_sweep,0.3,0.964285714286,0.207692307692,0.341772151899,27,1,103,259,0.207692307692,0.996153846154,0.00384615384615,0.792307692308,0.964285714286,0.207692307692,0.341772151899,0.733333333333,0.642735042735,0.253588516746,0.372243883867,0.203846153846,216,86,130,0,216,0,86,0,130,37,216,0.162162162162,1.32432432432,11.6756756757,21.6,6,8.1990990496,0.702237650082,0.31006006006,10.329336629,1.76937710775,0.765265265265,3.0868314707,0.528762798222,0.252752752753,0.579945114934,0.437917739848,2,1.32432432432,0.579945114934,2,0.0121701261701,0.00597269624573,7,0.000900900900901,0.621196581197,37,37,37,1,0,0.72972972973,0.243243243243,0.027027027027,37,0.0645645645646,1.33108108108,4.64864864865,8.6,2.96551724138,3.6302449888,0.780924794101,0.397234443746,4.32084131503,1.85896661228,0.791326209931,1.73291748303,0.74555752177,0.417347580138,0.601081357887,0.451573812016,2.25,1.35,0.61297250682,2.25,0.036858974359,0.005444646098,1,0.0001287001287,0.155046148764,37,35,35,0.945945945946,0,0.675675675676,0.108108108108,0.162162162162,37,114,0.0855855855856,1.32546777547,6.16216216216,11.4,3.25714285714,5.1721127937,0.839334093714,0.394499762921,5.89905066929,1.91460416459,0.790422000948,1.75401726804,0.569286306293,0.319108582266,0.581530993705,0.438736425335,2.00384615385,1.33450854701,0.587137047189,2.00384615385,0.0614210128496,0.0448598130841,16,0.0020592020592,0.196368181851,37,36,36,0.972972972973,0,0.702702702703,0.243243243243,0.027027027027,-102,-0.0765765765766,0.00114345114345,-5.51351351351,-10.2,-2.74285714286,-3.0269862559,0.137096443633,0.0844397028608,-4.43028595971,0.145227056847,0.0251567356831,-1.33281420267,0.0405235080707,0.0663558295137,0.00158587877081,0.000818685486384,0.00384615384615,0.0101842226842,0.00719193225456,0.00384615384615,0.0492508866795,0.0388871168384,9,0.0011583011583,-0.424828399346,-0.027027027027,0,0,113,1,103,1115,0.523148148148,0.999103942652,0.00089605734767,0.476851851852,0.991228070175,0.523148148148,0.684848484848,0.688118272496,0.5222520908,0.520737327189,28,130,0,0,0,0
1570,WLNM_dir_neg,0.986079881657,0.915115392147,00:00:02,10,40,25,1234218149,threshold_sweep,0.4,0.964285714286,0.207692307692,0.341772151899,27,1,103,259,0.207692307692,0.996153846154,0.00384615384615,0.792307692308,0.964285714286,0.207692307692,0.341772151899,0.733333333333,0.642735042735,0.253588516746,0.372243883867,0.203846153846,216,86,130,0,216,0,86,0,130,37,216,0.162162162162,1.32432432432,11.6756756757,21.6,6,8.1990990496,0.702237650082,0.31006006006,10.329336629,1.76937710775,0.765265265265,3.0868314707,0.528762798222,0.252752752753,0.579945114934,0.437917739848,2,1.32432432432,0.579945114934,2,0.0121701261701,0.00597269624573,7,0.000900900900901,0.621196581197,37,37,37,1,0,0.72972972973,0.243243243243,0.027027027027,37,0.0645645645646,1.33108108108,4.64864864865,8.6,2.96551724138,3.6302449888,0.780924794101,0.397234443746,4.32084131503,1.85896661228,0.791326209931,1.73291748303,0.74555752177,0.417347580138,0.601081357887,0.451573812016,2.25,1.35,0.61297250682,2.25,0.036858974359,0.005444646098,1,0.0001287001287,0.155046148764,37,35,35,0.945945945946,0,0.675675675676,0.108108108108,0.162162162162,37,114,0.0855855855856,1.32546777547,6.16216216216,11.4,3.25714285714,5.1721127937,0.839334093714,0.394499762921,5.89905066929,1.91460416459,0.790422000948,1.75401726804,0.569286306293,0.319108582266,0.581530993705,0.438736425335,2.00384615385,1.33450854701,0.587137047189,2.00384615385,0.0614210128496,0.0448598130841,16,0.0020592020592,0.196368181851,37,36,36,0.972972972973,0,0.702702702703,0.243243243243,0.027027027027,-102,-0.0765765765766,0.00114345114345,-5.51351351351,-10.2,-2.74285714286,-3.0269862559,0.137096443633,0.0844397028608,-4.43028595971,0.145227056847,0.0251567356831,-1.33281420267,0.0405235080707,0.0663558295137,0.00158587877081,0.000818685486384,0.00384615384615,0.0101842226842,0.00719193225456,0.00384615384615,0.0492508866795,0.0388871168384,9,0.0011583011583,-0.424828399346,-0.027027027027,0,0,113,1,103,1115,0.523148148148,0.999103942652,0.00089605734767,0.476851851852,0.991228070175,0.523148148148,0.684848484848,0.688118272496,0.5222520908,0.520737327189,28,130,0,0,0,0
1571,WLNM_dir_neg,0.986079881657,0.915115392147,00:00:02,10,40,25,1234218149,threshold_sweep,0.5,0.964285714286,0.207692307692,0.341772151899,27,1,103,259,0.207692307692,0.996153846154,0.00384615384615,0.792307692308,0.964285714286,0.207692307692,0.341772151899,0.733333333333,0.642735042735,0.253588516746,0.372243883867,0.203846153846,216,86,130,0,216,0,86,0,130,37,216,0.162162162162,1.32432432432,11.6756756757,21.6,6,8.1990990496,0.702237650082,0.31006006006,10.329336629,1.76937710775,0.765265265265,3.0868314707,0.528762798222,0.252752752753,0.579945114934,0.437917739848,2,1.32432432432,0.579945114934,2,0.0121701261701,0.00597269624573,7,0.000900900900901,0.621196581197,37,37,37,1,0,0.72972972973,0.243243243243,0.027027027027,37,0.0645645645646,1.33108108108,4.64864864865,8.6,2.96551724138,3.6302449888,0.780924794101,0.397234443746,4.32084131503,1.85896661228,0.791326209931,1.73291748303,0.74555752177,0.417347580138,0.601081357887,0.451573812016,2.25,1.35,0.61297250682,2.25,0.036858974359,0.005444646098,1,0.0001287001287,0.155046148764,37,35,35,0.945945945946,0,0.675675675676,0.108108108108,0.162162162162,37,114,0.0855855855856,1.32546777547,6.16216216216,11.4,3.25714285714,5.1721127937,0.839334093714,0.394499762921,5.89905066929,1.91460416459,0.790422000948,1.75401726804,0.569286306293,0.319108582266,0.581530993705,0.438736425335,2.00384615385,1.33450854701,0.587137047189,2.00384615385,0.0614210128496,0.0448598130841,16,0.0020592020592,0.196368181851,37,36,36,0.972972972973,0,0.702702702703,0.243243243243,0.027027027027,-102,-0.0765765765766,0.00114345114345,-5.51351351351,-10.2,-2.74285714286,-3.0269862559,0.137096443633,0.0844397028608,-4.43028595971,0.145227056847,0.0251567356831,-1.33281420267,0.0405235080707,0.0663558295137,0.00158587877081,0.000818685486384,0.00384615384615,0.0101842226842,0.00719193225456,0.00384615384615,0.0492508866795,0.0388871168384,9,0.0011583011583,-0.424828399346,-0.027027027027,0,0,113,1,103,1115,0.523148148148,0.999103942652,0.00089605734767,0.476851851852,0.991228070175,0.523148148148,0.684848484848,0.688118272496,0.5222520908,0.520737327189,28,130,0,0,0,0
1572,WLNM_dir_neg,0.986079881657,0.915115392147,00:00:02,10,40,25,1234218149,threshold_sweep,0.6,0.964285714286,0.207692307692,0.341772151899,27,1,103,259,0.207692307692,0.996153846154,0.00384615384615,0.792307692308,0.964285714286,0.207692307692,0.341772151899,0.733333333333,0.642735042735,0.253588516746,0.372243883867,0.203846153846,216,86,130,0,216,0,86,0,130,37,216,0.162162162162,1.32432432432,11.6756756757,21.6,6,8.1990990496,0.702237650082,0.31006006006,10.329336629,1.76937710775,0.765265265265,3.0868314707,0.528762798222,0.252752752753,0.579945114934,0.437917739848,2,1.32432432432,0.579945114934,2,0.0121701261701,0.00597269624573,7,0.000900900900901,0.621196581197,37,37,37,1,0,0.72972972973,0.243243243243,0.027027027027,37,0.0645645645646,1.33108108108,4.64864864865,8.6,2.96551724138,3.6302449888,0.780924794101,0.397234443746,4.32084131503,1.85896661228,0.791326209931,1.73291748303,0.74555752177,0.417347580138,0.601081357887,0.451573812016,2.25,1.35,0.61297250682,2.25,0.036858974359,0.005444646098,1,0.0001287001287,0.155046148764,37,35,35,0.945945945946,0,0.675675675676,0.108108108108,0.162162162162,37,114,0.0855855855856,1.32546777547,6.16216216216,11.4,3.25714285714,5.1721127937,0.839334093714,0.394499762921,5.89905066929,1.91460416459,0.790422000948,1.75401726804,0.569286306293,0.319108582266,0.581530993705,0.438736425335,2.00384615385,1.33450854701,0.587137047189,2.00384615385,0.0614210128496,0.0448598130841,16,0.0020592020592,0.196368181851,37,36,36,0.972972972973,0,0.702702702703,0.243243243243,0.027027027027,-102,-0.0765765765766,0.00114345114345,-5.51351351351,-10.2,-2.74285714286,-3.0269862559,0.137096443633,0.0844397028608,-4.43028595971,0.145227056847,0.0251567356831,-1.33281420267,0.0405235080707,0.0663558295137,0.00158587877081,0.000818685486384,0.00384615384615,0.0101842226842,0.00719193225456,0.00384615384615,0.0492508866795,0.0388871168384,9,0.0011583011583,-0.424828399346,-0.027027027027,0,0,113,1,103,1115,0.523148148148,0.999103942652,0.00089605734767,0.476851851852,0.991228070175,0.523148148148,0.684848484848,0.688118272496,0.5222520908,0.520737327189,28,130,0,0,0,0
1573,WLNM_dir_neg,0.986079881657,0.915115392147,00:00:02,10,40,25,1234218149,threshold_sweep,0.7,0.964285714286,0.207692307692,0.341772151899,27,1,103,259,0.207692307692,0.996153846154,0.00384615384615,0.792307692308,0.964285714286,0.207692307692,0.341772151899,0.733333333333,0.642735042735,0.253588516746,0.372243883867,0.203846153846,216,86,130,0,216,0,86,0,130,37,216,0.162162162162,1.32432432432,11.6756756757,21.6,6,8.1990990496,0.702237650082,0.31006006006,10.329336629,1.76937710775,0.765265265265,3.0868314707,0.528762798222,0.252752752753,0.579945114934,0.437917739848,2,1.32432432432,0.579945114934,2,0.0121701261701,0.00597269624573,7,0.000900900900901,0.621196581197,37,37,37,1,0,0.72972972973,0.243243243243,0.027027027027,37,0.0645645645646,1.33108108108,4.64864864865,8.6,2.96551724138,3.6302449888,0.780924794101,0.397234443746,4.32084131503,1.85896661228,0.791326209931,1.73291748303,0.74555752177,0.417347580138,0.601081357887,0.451573812016,2.25,1.35,0.61297250682,2.25,0.036858974359,0.005444646098,1,0.0001287001287,0.155046148764,37,35,35,0.945945945946,0,0.675675675676,0.108108108108,0.162162162162,37,114,0.0855855855856,1.32546777547,6.16216216216,11.4,3.25714285714,5.1721127937,0.839334093714,0.394499762921,5.89905066929,1.91460416459,0.790422000948,1.75401726804,0.569286306293,0.319108582266,0.581530993705,0.438736425335,2.00384615385,1.33450854701,0.587137047189,2.00384615385,0.0614210128496,0.0448598130841,16,0.0020592020592,0.196368181851,37,36,36,0.972972972973,0,0.702702702703,0.243243243243,0.027027027027,-102,-0.0765765765766,0.00114345114345,-5.51351351351,-10.2,-2.74285714286,-3.0269862559,0.137096443633,0.0844397028608,-4.43028595971,0.145227056847,0.0251567356831,-1.33281420267,0.0405235080707,0.0663558295137,0.00158587877081,0.000818685486384,0.00384615384615,0.0101842226842,0.00719193225456,0.00384615384615,0.0492508866795,0.0388871168384,9,0.0011583011583,-0.424828399346,-0.027027027027,0,0,113,1,103,1115,0.523148148148,0.999103942652,0.00089605734767,0.476851851852,0.991228070175,0.523148148148,0.684848484848,0.688118272496,0.5222520908,0.520737327189,28,130,0,0,0,0
1574,WLNM_dir_neg,0.986079881657,0.915115392147,00:00:02,10,40,25,1234218149,threshold_sweep,0.8,0.964285714286,0.207692307692,0.341772151899,27,1,103,259,0.207692307692,0.996153846154,0.00384615384615,0.792307692308,0.964285714286,0.207692307692,0.341772151899,0.733333333333,0.642735042735,0.253588516746,0.372243883867,0.203846153846,216,86,130,0,216,0,86,0,130,37,216,0.162162162162,1.32432432432,11.6756756757,21.6,6,8.1990990496,0.702237650082,0.31006006006,10.329336629,1.76937710775,0.765265265265,3.0868314707,0.528762798222,0.252752752753,0.579945114934,0.437917739848,2,1.32432432432,0.579945114934,2,0.0121701261701,0.00597269624573,7,0.000900900900901,0.621196581197,37,37,37,1,0,0.72972972973,0.243243243243,0.027027027027,37,0.0645645645646,1.33108108108,4.64864864865,8.6,2.96551724138,3.6302449888,0.780924794101,0.397234443746,4.32084131503,1.85896661228,0.791326209931,1.73291748303,0.74555752177,0.417347580138,0.601081357887,0.451573812016,2.25,1.35,0.61297250682,2.25,0.036858974359,0.005444646098,1,0.0001287001287,0.155046148764,37,35,35,0.945945945946,0,0.675675675676,0.108108108108,0.162162162162,37,114,0.0855855855856,1.32546777547,6.16216216216,11.4,3.25714285714,5.1721127937,0.839334093714,0.394499762921,5.89905066929,1.91460416459,0.790422000948,1.75401726804,0.569286306293,0.319108582266,0.581530993705,0.438736425335,2.00384615385,1.33450854701,0.587137047189,2.00384615385,0.0614210128496,0.0448598130841,16,0.0020592020592,0.196368181851,37,36,36,0.972972972973,0,0.702702702703,0.243243243243,0.027027027027,-102,-0.0765765765766,0.00114345114345,-5.51351351351,-10.2,-2.74285714286,-3.0269862559,0.137096443633,0.0844397028608,-4.43028595971,0.145227056847,0.0251567356831,-1.33281420267,0.0405235080707,0.0663558295137,0.00158587877081,0.000818685486384,0.00384615384615,0.0101842226842,0.00719193225456,0.00384615384615,0.0492508866795,0.0388871168384,9,0.0011583011583,-0.424828399346,-0.027027027027,0,0,113,1,103,1115,0.523148148148,0.999103942652,0.00089605734767,0.476851851852,0.991228070175,0.523148148148,0.684848484848,0.688118272496,0.5222520908,0.520737327189,28,130,0,0,0,0
1575,WLNM_dir_neg,0.986079881657,0.915115392147,00:00:02,10,40,25,1234218149,threshold_sweep,0.9,0.964285714286,0.207692307692,0.341772151899,27,1,103,259,0.207692307692,0.996153846154,0.00384615384615,0.792307692308,0.964285714286,0.207692307692,0.341772151899,0.733333333333,0.642735042735,0.253588516746,0.372243883867,0.203846153846,216,86,130,0,216,0,86,0,130,37,216,0.162162162162,1.32432432432,11.6756756757,21.6,6,8.1990990496,0.702237650082,0.31006006006,10.329336629,1.76937710775,0.765265265265,3.0868314707,0.528762798222,0.252752752753,0.579945114934,0.437917739848,2,1.32432432432,0.579945114934,2,0.0121701261701,0.00597269624573,7,0.000900900900901,0.621196581197,37,37,37,1,0,0.72972972973,0.243243243243,0.027027027027,37,0.0645645645646,1.33108108108,4.64864864865,8.6,2.96551724138,3.6302449888,0.780924794101,0.397234443746,4.32084131503,1.85896661228,0.791326209931,1.73291748303,0.74555752177,0.417347580138,0.601081357887,0.451573812016,2.25,1.35,0.61297250682,2.25,0.036858974359,0.005444646098,1,0.0001287001287,0.155046148764,37,35,35,0.945945945946,0,0.675675675676,0.108108108108,0.162162162162,37,114,0.0855855855856,1.32546777547,6.16216216216,11.4,3.25714285714,5.1721127937,0.839334093714,0.394499762921,5.89905066929,1.91460416459,0.790422000948,1.75401726804,0.569286306293,0.319108582266,0.581530993705,0.438736425335,2.00384615385,1.33450854701,0.587137047189,2.00384615385,0.0614210128496,0.0448598130841,16,0.0020592020592,0.196368181851,37,36,36,0.972972972973,0,0.702702702703,0.243243243243,0.027027027027,-102,-0.0765765765766,0.00114345114345,-5.51351351351,-10.2,-2.74285714286,-3.0269862559,0.137096443633,0.0844397028608,-4.43028595971,0.145227056847,0.0251567356831,-1.33281420267,0.0405235080707,0.0663558295137,0.00158587877081,0.000818685486384,0.00384615384615,0.0101842226842,0.00719193225456,0.00384615384615,0.0492508866795,0.0388871168384,9,0.0011583011583,-0.424828399346,-0.027027027027,0,0,113,1,103,1115,0.523148148148,0.999103942652,0.00089605734767,0.476851851852,0.991228070175,0.523148148148,0.684848484848,0.688118272496,0.5222520908,0.520737327189,28,130,0,0,0,0
1576,WLNM_dir_neg,0.96350591716,0.812957638848,00:00:03,10,40,26,1234218150,threshold_sweep,0.1,0.88,0.169230769231,0.283870967742,22,3,108,257,0.169230769231,0.988461538462,0.0115384615385,0.830769230769,0.88,0.169230769231,0.283870967742,0.715384615385,0.645299145299,0.197590361446,0.303495616181,0.157692307692,216,86,130,0,216,0,86,0,130,37,216,0.162162162162,1.32432432432,11.6756756757,21.6,6,8.1990990496,0.702237650082,0.31006006006,10.329336629,1.76937710775,0.765265265265,3.0868314707,0.528762798222,0.252752752753,0.579945114934,0.437917739848,2,1.32432432432,0.579945114934,2,0.0121701261701,0.00597269624573,7,0.000900900900901,0.621196581197,37,37,37,1,0,0.72972972973,0.243243243243,0.027027027027,37,0.0645645645646,1.31891891892,4.64864864865,8.6,2.6875,3.59950780753,0.774312726038,0.401319924576,4.17035872461,1.79422410245,0.781898177247,1.68414261164,0.724572984077,0.397862979258,0.56462270482,0.428095083573,2,1.32777777778,0.57001810052,2,0,0,0,0,0.156221061074,37,36,36,0.972972972973,0,0.702702702703,0.162162162162,0.108108108108,37,111,0.0833333333333,1.63124494687,6,8.53846153846,3.46875,5.05525029603,0.842541716006,0.396152909666,5.46198986939,1.8206632898,0.777209642075,1.77951304201,0.593171014002,0.330168005844,0.950261113195,0.582537352847,2.75,1.64877952873,0.957650753487,2.75,0,0,0,0,0.163346830185,37,36,36,0.972972972973,0,0.621621621622,0.243243243243,0.108108108108,-105,-0.0788288288288,0.306920622546,-5.67567567568,-13.0615384615,-2.53125,-3.14384875357,0.140304065924,0.0860928496064,-4.86734675961,0.0512861820518,0.0119443768092,-1.3073184287,0.0644082157793,0.0774152530909,0.37031599826,0.144619612999,0.75,0.324455204403,0.377705638552,0.75,-0.0121701261701,-0.00597269624573,-7,-0.000900900900901,-0.457849751012,-0.108108108108,0,0.0810810810811,108,3,108,1113,0.5,0.997311827957,0.00268817204301,0.5,0.972972972973,0.5,0.660550458716,0.663236532428,0.497311827957,0.493150684932,25,130,0,0,0,0
1577,WLNM_dir_neg,0.96350591716,0.812957638848,00:00:03,10,40,26,1234218150,threshold_sweep,0.2,1,0.169230769231,0.289473684211,22,0,108,260,0.169230769231,1,0,0.830769230769,1,0.169230769231,0.289473684211,0.723076923077,0.647863247863,0.21359223301,0.345782037404,0.169230769231,216,86,130,0,216,0,86,0,130,37,216,0.162162162162,1.32432432432,11.6756756757,21.6,6,8.1990990496,0.702237650082,0.31006006006,10.329336629,1.76937710775,0.765265265265,3.0868314707,0.528762798222,0.252752752753,0.579945114934,0.437917739848,2,1.32432432432,0.579945114934,2,0.0121701261701,0.00597269624573,7,0.000900900900901,0.621196581197,37,37,37,1,0,0.72972972973,0.243243243243,0.027027027027,37,0.0645645645646,1.31891891892,4.64864864865,8.6,2.6875,3.59950780753,0.774312726038,0.401319924576,4.17035872461,1.79422410245,0.781898177247,1.68414261164,0.724572984077,0.397862979258,0.56462270482,0.428095083573,2,1.32777777778,0.57001810052,2,0,0,0,0,0.156221061074,37,36,36,0.972972972973,0,0.702702702703,0.162162162162,0.108108108108,37,108,0.0810810810811,1.32046332046,5.83783783784,10.8,3.375,4.93577368422,0.845479751464,0.395145145145,5.49938571508,1.8840488098,0.788288288288,1.75401726804,0.600913323309,0.333833833834,0.56884874529,0.430794810029,2,1.32936507937,0.574298349383,2,0,0,0,0,0.195832918353,37,36,36,0.972972972973,0,0.702702702703,0.162162162162,0.108108108108,-108,-0.0810810810811,-0.003861003861,-5.83783783784,-10.8,-2.625,-3.26332536538,0.143242101382,0.0850850850851,-4.82995091392,0.114671702051,0.023023023023,-1.33281420267,0.072150525087,0.0810810810811,-0.0110963696449,-0.00712292981926,0,0.00504075504075,-0.00564676555122,0,-0.0121701261701,-0.00597269624573,-7,-0.000900900900901,-0.425363662844,-0.027027027027,-0.0810810810811,0.0810810810811,108,0,108,1116,0.5,1,0,0.5,1,0.5,0.666666666667,0.675190604897,0.5,0.5,22,130,0,0,0,0
1578,WLNM_dir_neg,0.96350591716,0.812957638848,00:00:03,10,40,26,1234218150,threshold_sweep,0.3,1,0.169230769231,0.289473684211,22,0,108,260,0.169230769231,1,0,0.830769230769,1,0.169230769231,0.289473684211,0.723076923077,0.647863247863,0.21359223301,0.345782037404,0.169230769231,216,86,130,0,216,0,86,0,130,37,216,0.162162162162,1.32432432432,11.6756756757,21.6,6,8.1990990496,0.702237650082,0.31006006006,10.329336629,1.76937710775,0.765265265265,3.0868314707,0.528762798222,0.252752752753,0.579945114934,0.437917739848,2,1.32432432432,0.579945114934,2,0.0121701261701,0.00597269624573,7,0.000900900900901,0.621196581197,37,37,37,1,0,0.72972972973,0.243243243243,0.027027027027,37,0.0645645645646,1.31891891892,4.64864864865,8.6,2.6875,3.59950780753,0.774312726038,0.401319924576,4.17035872461,1.79422410245,0.781898177247,1.68414261164,0.724572984077,0.397862979258,0.56462270482,0.428095083573,2,1.32777777778,0.57001810052,2,0,0,0,0,0.156221061074,37,36,36,0.972972972973,0,0.702702702703,0.162162162162,0.108108108108,37,108,0.0810810810811,1.32046332046,5.83783783784,10.8,3.375,4.93577368422,0.845479751464,0.395145145145,5.49938571508,1.8840488098,0.788288288288,1.75401726804,0.600913323309,0.333833833834,0.56884874529,0.430794810029,2,1.32936507937,0.574298349383,2,0,0,0,0,0.195832918353,37,36,36,0.972972972973,0,0.702702702703,0.162162162162,0.108108108108,-108,-0.0810810810811,-0.003861003861,-5.83783783784,-10.8,-2.625,-3.26332536538,0.143242101382,0.0850850850851,-4.82995091392,0.114671702051,0.023023023023,-1.33281420267,0.072150525087,0.0810810810811,-0.0110963696449,-0.00712292981926,0,0.00504075504075,-0.00564676555122,0,-0.0121701261701,-0.00597269624573,-7,-0.000900900900901,-0.425363662844,-0.027027027027,-0.0810810810811,0.0810810810811,108,0,108,1116,0.5,1,0,0.5,1,0.5,0.666666666667,0.675190604897,0.5,0.5,22,130,0,0,0,0
1579,WLNM_dir_neg,0.96350591716,0.812957638848,00:00:03,10,40,26,1234218150,threshold_sweep,0.4,1,0.169230769231,0.289473684211,22,0,108,260,0.169230769231,1,0,0.830769230769,1,0.169230769231,0.289473684211,0.723076923077,0.647863247863,0.21359223301,0.345782037404,0.169230769231,216,86,130,0,216,0,86,0,130,37,216,0.162162162162,1.32432432432,11.6756756757,21.6,6,8.1990990496,0.702237650082,0.31006006006,10.329336629,1.76937710775,0.765265265265,3.0868314707,0.528762798222,0.252752752753,0.579945114934,0.437917739848,2,1.32432432432,0.579945114934,2,0.0121701261701,0.00597269624573,7,0.000900900900901,0.621196581197,37,37,37,1,0,0.72972972973,0.243243243243,0.027027027027,37,0.0645645645646,1.31891891892,4.64864864865,8.6,2.6875,3.59950780753,0.774312726038,0.401319924576,4.17035872461,1.79422410245,0.781898177247,1.68414261164,0.724572984077,0.397862979258,0.56462270482,0.428095083573,2,1.32777777778,0.57001810052,2,0,0,0,0,0.156221061074,37,36,36,0.972972972973,0,0.702702702703,0.162162162162,0.108108108108,37,108,0.0810810810811,1.32046332046,5.83783783784,10.8,3.375,4.93577368422,0.845479751464,0.395145145145,5.49938571508,1.8840488098,0.788288288288,1.75401726804,0.600913323309,0.333833833834,0.56884874529,0.430794810029,2,1.32936507937,0.574298349383,2,0,0,0,0,0.195832918353,37,36,36,0.972972972973,0,0.702702702703,0.162162162162,0.108108108108,-108,-0.0810810810811,-0.003861003861,-5.83783783784,-10.8,-2.625,-3.26332536538,0.143242101382,0.0850850850851,-4.82995091392,0.114671702051,0.023023023023,-1.33281420267,0.072150525087,0.0810810810811,-0.0110963696449,-0.00712292981926,0,0.00504075504075,-0.00564676555122,0,-0.0121701261701,-0.00597269624573,-7,-0.000900900900901,-0.425363662844,-0.027027027027,-0.0810810810811,0.0810810810811,108,0,108,1116,0.5,1,0,0.5,1,0.5,0.666666666667,0.675190604897,0.5,0.5,22,130,0,0,0,0
1580,WLNM_dir_neg,0.96350591716,0.812957638848,00:00:03,10,40,26,1234218150,threshold_sweep,0.5,1,0.169230769231,0.289473684211,22,0,108,260,0.169230769231,1,0,0.830769230769,1,0.169230769231,0.289473684211,0.723076923077,0.647863247863,0.21359223301,0.345782037404,0.169230769231,216,86,130,0,216,0,86,0,130,37,216,0.162162162162,1.32432432432,11.6756756757,21.6,6,8.1990990496,0.702237650082,0.31006006006,10.329336629,1.76937710775,0.765265265265,3.0868314707,0.528762798222,0.252752752753,0.579945114934,0.437917739848,2,1.32432432432,0.579945114934,2,0.0121701261701,0.00597269624573,7,0.000900900900901,0.621196581197,37,37,37,1,0,0.72972972973,0.243243243243,0.027027027027,37,0.0645645645646,1.31891891892,4.64864864865,8.6,2.6875,3.59950780753,0.774312726038,0.401319924576,4.17035872461,1.79422410245,0.781898177247,1.68414261164,0.724572984077,0.397862979258,0.56462270482,0.428095083573,2,1.32777777778,0.57001810052,2,0,0,0,0,0.156221061074,37,36,36,0.972972972973,0,0.702702702703,0.162162162162,0.108108108108,37,108,0.0810810810811,1.32046332046,5.83783783784,10.8,3.375,4.93577368422,0.845479751464,0.395145145145,5.49938571508,1.8840488098,0.788288288288,1.75401726804,0.600913323309,0.333833833834,0.56884874529,0.430794810029,2,1.32936507937,0.574298349383,2,0,0,0,0,0.195832918353,37,36,36,0.972972972973,0,0.702702702703,0.162162162162,0.108108108108,-108,-0.0810810810811,-0.003861003861,-5.83783783784,-10.8,-2.625,-3.26332536538,0.143242101382,0.0850850850851,-4.82995091392,0.114671702051,0.023023023023,-1.33281420267,0.072150525087,0.0810810810811,-0.0110963696449,-0.00712292981926,0,0.00504075504075,-0.00564676555122,0,-0.0121701261701,-0.00597269624573,-7,-0.000900900900901,-0.425363662844,-0.027027027027,-0.0810810810811,0.0810810810811,108,0,108,1116,0.5,1,0,0.5,1,0.5,0.666666666667,0.675190604897,0.5,0.5,22,130,0,0,0,0
1581,WLNM_dir_neg,0.96350591716,0.812957638848,00:00:03,10,40,26,1234218150,threshold_sweep,0.6,1,0.169230769231,0.289473684211,22,0,108,260,0.169230769231,1,0,0.830769230769,1,0.169230769231,0.289473684211,0.723076923077,0.647863247863,0.21359223301,0.345782037404,0.169230769231,216,86,130,0,216,0,86,0,130,37,216,0.162162162162,1.32432432432,11.6756756757,21.6,6,8.1990990496,0.702237650082,0.31006006006,10.329336629,1.76937710775,0.765265265265,3.0868314707,0.528762798222,0.252752752753,0.579945114934,0.437917739848,2,1.32432432432,0.579945114934,2,0.0121701261701,0.00597269624573,7,0.000900900900901,0.621196581197,37,37,37,1,0,0.72972972973,0.243243243243,0.027027027027,37,0.0645645645646,1.31891891892,4.64864864865,8.6,2.6875,3.59950780753,0.774312726038,0.401319924576,4.17035872461,1.79422410245,0.781898177247,1.68414261164,0.724572984077,0.397862979258,0.56462270482,0.428095083573,2,1.32777777778,0.57001810052,2,0,0,0,0,0.156221061074,37,36,36,0.972972972973,0,0.702702702703,0.162162162162,0.108108108108,37,108,0.0810810810811,1.32046332046,5.83783783784,10.8,3.375,4.93577368422,0.845479751464,0.395145145145,5.49938571508,1.8840488098,0.788288288288,1.75401726804,0.600913323309,0.333833833834,0.56884874529,0.430794810029,2,1.32936507937,0.574298349383,2,0,0,0,0,0.195832918353,37,36,36,0.972972972973,0,0.702702702703,0.162162162162,0.108108108108,-108,-0.0810810810811,-0.003861003861,-5.83783783784,-10.8,-2.625,-3.26332536538,0.143242101382,0.0850850850851,-4.82995091392,0.114671702051,0.023023023023,-1.33281420267,0.072150525087,0.0810810810811,-0.0110963696449,-0.00712292981926,0,0.00504075504075,-0.00564676555122,0,-0.0121701261701,-0.00597269624573,-7,-0.000900900900901,-0.425363662844,-0.027027027027,-0.0810810810811,0.0810810810811,108,0,108,1116,0.5,1,0,0.5,1,0.5,0.666666666667,0.675190604897,0.5,0.5,22,130,0,0,0,0
1582,WLNM_dir_neg,0.96350591716,0.812957638848,00:00:03,10,40,26,1234218150,threshold_sweep,0.7,1,0.169230769231,0.289473684211,22,0,108,260,0.169230769231,1,0,0.830769230769,1,0.169230769231,0.289473684211,0.723076923077,0.647863247863,0.21359223301,0.345782037404,0.169230769231,216,86,130,0,216,0,86,0,130,37,216,0.162162162162,1.32432432432,11.6756756757,21.6,6,8.1990990496,0.702237650082,0.31006006006,10.329336629,1.76937710775,0.765265265265,3.0868314707,0.528762798222,0.252752752753,0.579945114934,0.437917739848,2,1.32432432432,0.579945114934,2,0.0121701261701,0.00597269624573,7,0.000900900900901,0.621196581197,37,37,37,1,0,0.72972972973,0.243243243243,0.027027027027,37,0.0645645645646,1.31891891892,4.64864864865,8.6,2.6875,3.59950780753,0.774312726038,0.401319924576,4.17035872461,1.79422410245,0.781898177247,1.68414261164,0.724572984077,0.397862979258,0.56462270482,0.428095083573,2,1.32777777778,0.57001810052,2,0,0,0,0,0.156221061074,37,36,36,0.972972972973,0,0.702702702703,0.162162162162,0.108108108108,37,108,0.0810810810811,1.32046332046,5.83783783784,10.8,3.375,4.93577368422,0.845479751464,0.395145145145,5.49938571508,1.8840488098,0.788288288288,1.75401726804,0.600913323309,0.333833833834,0.56884874529,0.430794810029,2,1.32936507937,0.574298349383,2,0,0,0,0,0.195832918353,37,36,36,0.972972972973,0,0.702702702703,0.162162162162,0.108108108108,-108,-0.0810810810811,-0.003861003861,-5.83783783784,-10.8,-2.625,-3.26332536538,0.143242101382,0.0850850850851,-4.82995091392,0.114671702051,0.023023023023,-1.33281420267,0.072150525087,0.0810810810811,-0.0110963696449,-0.00712292981926,0,0.00504075504075,-0.00564676555122,0,-0.0121701261701,-0.00597269624573,-7,-0.000900900900901,-0.425363662844,-0.027027027027,-0.0810810810811,0.0810810810811,108,0,108,1116,0.5,1,0,0.5,1,0.5,0.666666666667,0.675190604897,0.5,0.5,22,130,0,0,0,0
1583,WLNM_dir_neg,0.96350591716,0.812957638848,00:00:03,10,40,26,1234218150,threshold_sweep,0.8,1,0.169230769231,0.289473684211,22,0,108,260,0.169230769231,1,0,0.830769230769,1,0.169230769231,0.289473684211,0.723076923077,0.647863247863,0.21359223301,0.345782037404,0.169230769231,216,86,130,0,216,0,86,0,130,37,216,0.162162162162,1.32432432432,11.6756756757,21.6,6,8.1990990496,0.702237650082,0.31006006006,10.329336629,1.76937710775,0.765265265265,3.0868314707,0.528762798222,0.252752752753,0.579945114934,0.437917739848,2,1.32432432432,0.579945114934,2,0.0121701261701,0.00597269624573,7,0.000900900900901,0.621196581197,37,37,37,1,0,0.72972972973,0.243243243243,0.027027027027,37,0.0645645645646,1.31891891892,4.64864864865,8.6,2.6875,3.59950780753,0.774312726038,0.401319924576,4.17035872461,1.79422410245,0.781898177247,1.68414261164,0.724572984077,0.397862979258,0.56462270482,0.428095083573,2,1.32777777778,0.57001810052,2,0,0,0,0,0.156221061074,37,36,36,0.972972972973,0,0.702702702703,0.162162162162,0.108108108108,37,108,0.0810810810811,1.32046332046,5.83783783784,10.8,3.375,4.93577368422,0.845479751464,0.395145145145,5.49938571508,1.8840488098,0.788288288288,1.75401726804,0.600913323309,0.333833833834,0.56884874529,0.430794810029,2,1.32936507937,0.574298349383,2,0,0,0,0,0.195832918353,37,36,36,0.972972972973,0,0.702702702703,0.162162162162,0.108108108108,-108,-0.0810810810811,-0.003861003861,-5.83783783784,-10.8,-2.625,-3.26332536538,0.143242101382,0.0850850850851,-4.82995091392,0.114671702051,0.023023023023,-1.33281420267,0.072150525087,0.0810810810811,-0.0110963696449,-0.00712292981926,0,0.00504075504075,-0.00564676555122,0,-0.0121701261701,-0.00597269624573,-7,-0.000900900900901,-0.425363662844,-0.027027027027,-0.0810810810811,0.0810810810811,108,0,108,1116,0.5,1,0,0.5,1,0.5,0.666666666667,0.675190604897,0.5,0.5,22,130,0,0,0,0
1584,WLNM_dir_neg,0.96350591716,0.812957638848,00:00:03,10,40,26,1234218150,threshold_sweep,0.9,1,0.169230769231,0.289473684211,22,0,108,260,0.169230769231,1,0,0.830769230769,1,0.169230769231,0.289473684211,0.723076923077,0.647863247863,0.21359223301,0.345782037404,0.169230769231,216,86,130,0,216,0,86,0,130,37,216,0.162162162162,1.32432432432,11.6756756757,21.6,6,8.1990990496,0.702237650082,0.31006006006,10.329336629,1.76937710775,0.765265265265,3.0868314707,0.528762798222,0.252752752753,0.579945114934,0.437917739848,2,1.32432432432,0.579945114934,2,0.0121701261701,0.00597269624573,7,0.000900900900901,0.621196581197,37,37,37,1,0,0.72972972973,0.243243243243,0.027027027027,37,0.0645645645646,1.31891891892,4.64864864865,8.6,2.6875,3.59950780753,0.774312726038,0.401319924576,4.17035872461,1.79422410245,0.781898177247,1.68414261164,0.724572984077,0.397862979258,0.56462270482,0.428095083573,2,1.32777777778,0.57001810052,2,0,0,0,0,0.156221061074,37,36,36,0.972972972973,0,0.702702702703,0.162162162162,0.108108108108,37,108,0.0810810810811,1.32046332046,5.83783783784,10.8,3.375,4.93577368422,0.845479751464,0.395145145145,5.49938571508,1.8840488098,0.788288288288,1.75401726804,0.600913323309,0.333833833834,0.56884874529,0.430794810029,2,1.32936507937,0.574298349383,2,0,0,0,0,0.195832918353,37,36,36,0.972972972973,0,0.702702702703,0.162162162162,0.108108108108,-108,-0.0810810810811,-0.003861003861,-5.83783783784,-10.8,-2.625,-3.26332536538,0.143242101382,0.0850850850851,-4.82995091392,0.114671702051,0.023023023023,-1.33281420267,0.072150525087,0.0810810810811,-0.0110963696449,-0.00712292981926,0,0.00504075504075,-0.00564676555122,0,-0.0121701261701,-0.00597269624573,-7,-0.000900900900901,-0.425363662844,-0.027027027027,-0.0810810810811,0.0810810810811,108,0,108,1116,0.5,1,0,0.5,1,0.5,0.666666666667,0.675190604897,0.5,0.5,22,130,0,0,0,0
1585,WLNM_dir_neg,0.983816568047,0.87654916198,00:00:02,10,40,27,1234218151,threshold_sweep,0.1,1,0.0692307692308,0.129496402878,9,0,121,260,0.0692307692308,1,0,0.930769230769,1,0.0692307692308,0.129496402878,0.689743589744,0.658974358974,0.0902255639098,0.217357066801,0.0692307692308,216,86,130,0,216,0,86,0,130,37,216,0.162162162162,1.32432432432,11.6756756757,21.6,6,8.1990990496,0.702237650082,0.31006006006,10.329336629,1.76937710775,0.765265265265,3.0868314707,0.528762798222,0.252752752753,0.579945114934,0.437917739848,2,1.32432432432,0.579945114934,2,0.0121701261701,0.00597269624573,7,0.000900900900901,0.621196581197,37,37,37,1,0,0.72972972973,0.243243243243,0.027027027027,37,0.0645645645646,1.31531531532,4.64864864865,8.6,2.6875,3.53723225305,0.760916240482,0.387492143306,4.20353061957,1.80849573168,0.783155248272,1.65082561927,0.710238929219,0.388434946574,0.555255174049,0.422146056983,2,1.32407407407,0.560533255806,2,0,0,0,0,0.150614337503,37,36,36,0.972972972973,0,0.702702702703,0.162162162162,0.108108108108,37,95,0.0713213213213,1.32432432432,5.13513513514,9.5,2.71428571429,4.00112596765,0.779166635806,0.405974395448,4.41927935641,1.7211930125,0.763015647226,1.44415566529,0.562460627534,0.300426742532,0.579945114934,0.437917739848,2,1.33333333333,0.585540043769,2,0.0158131430859,0.0264317180617,6,0.000772200772201,0.163947670836,37,36,36,0.972972972973,0,0.702702702703,0.243243243243,0.027027027027,-121,-0.0908408408408,0,-6.54054054054,-12.1,-3.28571428571,-4.19797308195,0.0769289857238,0.095914335388,-5.91005727259,-0.0481840952471,-0.00224961803909,-1.64267580542,0.0336978293111,0.0476739897793,0,0,0,0.00900900900901,0.00559492883467,0,0.00364301691574,0.0204590218159,-1,-0.0001287001287,-0.45724891036,-0.027027027027,0,0,95,0,121,1116,0.439814814815,1,0,0.560185185185,1,0.439814814815,0.610932475884,0.629915325393,0.439814814815,0.439814814815,9,130,0,0,0,0
1586,WLNM_dir_neg,0.983816568047,0.87654916198,00:00:02,10,40,27,1234218151,threshold_sweep,0.2,1,0.0692307692308,0.129496402878,9,0,121,260,0.0692307692308,1,0,0.930769230769,1,0.0692307692308,0.129496402878,0.689743589744,0.658974358974,0.0902255639098,0.217357066801,0.0692307692308,216,86,130,0,216,0,86,0,130,37,216,0.162162162162,1.32432432432,11.6756756757,21.6,6,8.1990990496,0.702237650082,0.31006006006,10.329336629,1.76937710775,0.765265265265,3.0868314707,0.528762798222,0.252752752753,0.579945114934,0.437917739848,2,1.32432432432,0.579945114934,2,0.0121701261701,0.00597269624573,7,0.000900900900901,0.621196581197,37,37,37,1,0,0.72972972973,0.243243243243,0.027027027027,37,0.0645645645646,1.31531531532,4.64864864865,8.6,2.6875,3.53723225305,0.760916240482,0.387492143306,4.20353061957,1.80849573168,0.783155248272,1.65082561927,0.710238929219,0.388434946574,0.555255174049,0.422146056983,2,1.32407407407,0.560533255806,2,0,0,0,0,0.150614337503,37,36,36,0.972972972973,0,0.702702702703,0.162162162162,0.108108108108,37,95,0.0713213213213,1.32432432432,5.13513513514,9.5,2.71428571429,4.00112596765,0.779166635806,0.405974395448,4.41927935641,1.7211930125,0.763015647226,1.44415566529,0.562460627534,0.300426742532,0.579945114934,0.437917739848,2,1.33333333333,0.585540043769,2,0.0158131430859,0.0264317180617,6,0.000772200772201,0.163947670836,37,36,36,0.972972972973,0,0.702702702703,0.243243243243,0.027027027027,-121,-0.0908408408408,0,-6.54054054054,-12.1,-3.28571428571,-4.19797308195,0.0769289857238,0.095914335388,-5.91005727259,-0.0481840952471,-0.00224961803909,-1.64267580542,0.0336978293111,0.0476739897793,0,0,0,0.00900900900901,0.00559492883467,0,0.00364301691574,0.0204590218159,-1,-0.0001287001287,-0.45724891036,-0.027027027027,0,0,95,0,121,1116,0.439814814815,1,0,0.560185185185,1,0.439814814815,0.610932475884,0.629915325393,0.439814814815,0.439814814815,9,130,0,0,0,0
1587,WLNM_dir_neg,0.983816568047,0.87654916198,00:00:02,10,40,27,1234218151,threshold_sweep,0.3,1,0.0692307692308,0.129496402878,9,0,121,260,0.0692307692308,1,0,0.930769230769,1,0.0692307692308,0.129496402878,0.689743589744,0.658974358974,0.0902255639098,0.217357066801,0.0692307692308,216,86,130,0,216,0,86,0,130,37,216,0.162162162162,1.32432432432,11.6756756757,21.6,6,8.1990990496,0.702237650082,0.31006006006,10.329336629,1.76937710775,0.765265265265,3.0868314707,0.528762798222,0.252752752753,0.579945114934,0.437917739848,2,1.32432432432,0.579945114934,2,0.0121701261701,0.00597269624573,7,0.000900900900901,0.621196581197,37,37,37,1,0,0.72972972973,0.243243243243,0.027027027027,37,0.0645645645646,1.31531531532,4.64864864865,8.6,2.6875,3.53723225305,0.760916240482,0.387492143306,4.20353061957,1.80849573168,0.783155248272,1.65082561927,0.710238929219,0.388434946574,0.555255174049,0.422146056983,2,1.32407407407,0.560533255806,2,0,0,0,0,0.150614337503,37,36,36,0.972972972973,0,0.702702702703,0.162162162162,0.108108108108,37,95,0.0713213213213,1.32432432432,5.13513513514,9.5,2.71428571429,4.00112596765,0.779166635806,0.405974395448,4.41927935641,1.7211930125,0.763015647226,1.44415566529,0.562460627534,0.300426742532,0.579945114934,0.437917739848,2,1.33333333333,0.585540043769,2,0.0158131430859,0.0264317180617,6,0.000772200772201,0.163947670836,37,36,36,0.972972972973,0,0.702702702703,0.243243243243,0.027027027027,-121,-0.0908408408408,0,-6.54054054054,-12.1,-3.28571428571,-4.19797308195,0.0769289857238,0.095914335388,-5.91005727259,-0.0481840952471,-0.00224961803909,-1.64267580542,0.0336978293111,0.0476739897793,0,0,0,0.00900900900901,0.00559492883467,0,0.00364301691574,0.0204590218159,-1,-0.0001287001287,-0.45724891036,-0.027027027027,0,0,95,0,121,1116,0.439814814815,1,0,0.560185185185,1,0.439814814815,0.610932475884,0.629915325393,0.439814814815,0.439814814815,9,130,0,0,0,0
1588,WLNM_dir_neg,0.983816568047,0.87654916198,00:00:02,10,40,27,1234218151,threshold_sweep,0.4,1,0.0692307692308,0.129496402878,9,0,121,260,0.0692307692308,1,0,0.930769230769,1,0.0692307692308,0.129496402878,0.689743589744,0.658974358974,0.0902255639098,0.217357066801,0.0692307692308,216,86,130,0,216,0,86,0,130,37,216,0.162162162162,1.32432432432,11.6756756757,21.6,6,8.1990990496,0.702237650082,0.31006006006,10.329336629,1.76937710775,0.765265265265,3.0868314707,0.528762798222,0.252752752753,0.579945114934,0.437917739848,2,1.32432432432,0.579945114934,2,0.0121701261701,0.00597269624573,7,0.000900900900901,0.621196581197,37,37,37,1,0,0.72972972973,0.243243243243,0.027027027027,37,0.0645645645646,1.31531531532,4.64864864865,8.6,2.6875,3.53723225305,0.760916240482,0.387492143306,4.20353061957,1.80849573168,0.783155248272,1.65082561927,0.710238929219,0.388434946574,0.555255174049,0.422146056983,2,1.32407407407,0.560533255806,2,0,0,0,0,0.150614337503,37,36,36,0.972972972973,0,0.702702702703,0.162162162162,0.108108108108,37,95,0.0713213213213,1.32432432432,5.13513513514,9.5,2.71428571429,4.00112596765,0.779166635806,0.405974395448,4.41927935641,1.7211930125,0.763015647226,1.44415566529,0.562460627534,0.300426742532,0.579945114934,0.437917739848,2,1.33333333333,0.585540043769,2,0.0158131430859,0.0264317180617,6,0.000772200772201,0.163947670836,37,36,36,0.972972972973,0,0.702702702703,0.243243243243,0.027027027027,-121,-0.0908408408408,0,-6.54054054054,-12.1,-3.28571428571,-4.19797308195,0.0769289857238,0.095914335388,-5.91005727259,-0.0481840952471,-0.00224961803909,-1.64267580542,0.0336978293111,0.0476739897793,0,0,0,0.00900900900901,0.00559492883467,0,0.00364301691574,0.0204590218159,-1,-0.0001287001287,-0.45724891036,-0.027027027027,0,0,95,0,121,1116,0.439814814815,1,0,0.560185185185,1,0.439814814815,0.610932475884,0.629915325393,0.439814814815,0.439814814815,9,130,0,0,0,0
1589,WLNM_dir_neg,0.983816568047,0.87654916198,00:00:02,10,40,27,1234218151,threshold_sweep,0.5,1,0.0692307692308,0.129496402878,9,0,121,260,0.0692307692308,1,0,0.930769230769,1,0.0692307692308,0.129496402878,0.689743589744,0.658974358974,0.0902255639098,0.217357066801,0.0692307692308,216,86,130,0,216,0,86,0,130,37,216,0.162162162162,1.32432432432,11.6756756757,21.6,6,8.1990990496,0.702237650082,0.31006006006,10.329336629,1.76937710775,0.765265265265,3.0868314707,0.528762798222,0.252752752753,0.579945114934,0.437917739848,2,1.32432432432,0.579945114934,2,0.0121701261701,0.00597269624573,7,0.000900900900901,0.621196581197,37,37,37,1,0,0.72972972973,0.243243243243,0.027027027027,37,0.0645645645646,1.31531531532,4.64864864865,8.6,2.6875,3.53723225305,0.760916240482,0.387492143306,4.20353061957,1.80849573168,0.783155248272,1.65082561927,0.710238929219,0.388434946574,0.555255174049,0.422146056983,2,1.32407407407,0.560533255806,2,0,0,0,0,0.150614337503,37,36,36,0.972972972973,0,0.702702702703,0.162162162162,0.108108108108,37,95,0.0713213213213,1.32432432432,5.13513513514,9.5,2.71428571429,4.00112596765,0.779166635806,0.405974395448,4.41927935641,1.7211930125,0.763015647226,1.44415566529,0.562460627534,0.300426742532,0.579945114934,0.437917739848,2,1.33333333333,0.585540043769,2,0.0158131430859,0.0264317180617,6,0.000772200772201,0.163947670836,37,36,36,0.972972972973,0,0.702702702703,0.243243243243,0.027027027027,-121,-0.0908408408408,0,-6.54054054054,-12.1,-3.28571428571,-4.19797308195,0.0769289857238,0.095914335388,-5.91005727259,-0.0481840952471,-0.00224961803909,-1.64267580542,0.0336978293111,0.0476739897793,0,0,0,0.00900900900901,0.00559492883467,0,0.00364301691574,0.0204590218159,-1,-0.0001287001287,-0.45724891036,-0.027027027027,0,0,95,0,121,1116,0.439814814815,1,0,0.560185185185,1,0.439814814815,0.610932475884,0.629915325393,0.439814814815,0.439814814815,9,130,0,0,0,0
1590,WLNM_dir_neg,0.983816568047,0.87654916198,00:00:02,10,40,27,1234218151,threshold_sweep,0.6,1,0.0692307692308,0.129496402878,9,0,121,260,0.0692307692308,1,0,0.930769230769,1,0.0692307692308,0.129496402878,0.689743589744,0.658974358974,0.0902255639098,0.217357066801,0.0692307692308,216,86,130,0,216,0,86,0,130,37,216,0.162162162162,1.32432432432,11.6756756757,21.6,6,8.1990990496,0.702237650082,0.31006006006,10.329336629,1.76937710775,0.765265265265,3.0868314707,0.528762798222,0.252752752753,0.579945114934,0.437917739848,2,1.32432432432,0.579945114934,2,0.0121701261701,0.00597269624573,7,0.000900900900901,0.621196581197,37,37,37,1,0,0.72972972973,0.243243243243,0.027027027027,37,0.0645645645646,1.31531531532,4.64864864865,8.6,2.6875,3.53723225305,0.760916240482,0.387492143306,4.20353061957,1.80849573168,0.783155248272,1.65082561927,0.710238929219,0.388434946574,0.555255174049,0.422146056983,2,1.32407407407,0.560533255806,2,0,0,0,0,0.150614337503,37,36,36,0.972972972973,0,0.702702702703,0.162162162162,0.108108108108,37,95,0.0713213213213,1.32432432432,5.13513513514,9.5,2.71428571429,4.00112596765,0.779166635806,0.405974395448,4.41927935641,1.7211930125,0.763015647226,1.44415566529,0.562460627534,0.300426742532,0.579945114934,0.437917739848,2,1.33333333333,0.585540043769,2,0.0158131430859,0.0264317180617,6,0.000772200772201,0.163947670836,37,36,36,0.972972972973,0,0.702702702703,0.243243243243,0.027027027027,-121,-0.0908408408408,0,-6.54054054054,-12.1,-3.28571428571,-4.19797308195,0.0769289857238,0.095914335388,-5.91005727259,-0.0481840952471,-0.00224961803909,-1.64267580542,0.0336978293111,0.0476739897793,0,0,0,0.00900900900901,0.00559492883467,0,0.00364301691574,0.0204590218159,-1,-0.0001287001287,-0.45724891036,-0.027027027027,0,0,95,0,121,1116,0.439814814815,1,0,0.560185185185,1,0.439814814815,0.610932475884,0.629915325393,0.439814814815,0.439814814815,9,130,0,0,0,0
1591,WLNM_dir_neg,0.983816568047,0.87654916198,00:00:02,10,40,27,1234218151,threshold_sweep,0.7,1,0.0692307692308,0.129496402878,9,0,121,260,0.0692307692308,1,0,0.930769230769,1,0.0692307692308,0.129496402878,0.689743589744,0.658974358974,0.0902255639098,0.217357066801,0.0692307692308,216,86,130,0,216,0,86,0,130,37,216,0.162162162162,1.32432432432,11.6756756757,21.6,6,8.1990990496,0.702237650082,0.31006006006,10.329336629,1.76937710775,0.765265265265,3.0868314707,0.528762798222,0.252752752753,0.579945114934,0.437917739848,2,1.32432432432,0.579945114934,2,0.0121701261701,0.00597269624573,7,0.000900900900901,0.621196581197,37,37,37,1,0,0.72972972973,0.243243243243,0.027027027027,37,0.0645645645646,1.31531531532,4.64864864865,8.6,2.6875,3.53723225305,0.760916240482,0.387492143306,4.20353061957,1.80849573168,0.783155248272,1.65082561927,0.710238929219,0.388434946574,0.555255174049,0.422146056983,2,1.32407407407,0.560533255806,2,0,0,0,0,0.150614337503,37,36,36,0.972972972973,0,0.702702702703,0.162162162162,0.108108108108,37,95,0.0713213213213,1.32432432432,5.13513513514,9.5,2.71428571429,4.00112596765,0.779166635806,0.405974395448,4.41927935641,1.7211930125,0.763015647226,1.44415566529,0.562460627534,0.300426742532,0.579945114934,0.437917739848,2,1.33333333333,0.585540043769,2,0.0158131430859,0.0264317180617,6,0.000772200772201,0.163947670836,37,36,36,0.972972972973,0,0.702702702703,0.243243243243,0.027027027027,-121,-0.0908408408408,0,-6.54054054054,-12.1,-3.28571428571,-4.19797308195,0.0769289857238,0.095914335388,-5.91005727259,-0.0481840952471,-0.00224961803909,-1.64267580542,0.0336978293111,0.0476739897793,0,0,0,0.00900900900901,0.00559492883467,0,0.00364301691574,0.0204590218159,-1,-0.0001287001287,-0.45724891036,-0.027027027027,0,0,95,0,121,1116,0.439814814815,1,0,0.560185185185,1,0.439814814815,0.610932475884,0.629915325393,0.439814814815,0.439814814815,9,130,0,0,0,0
1592,WLNM_dir_neg,0.983816568047,0.87654916198,00:00:02,10,40,27,1234218151,threshold_sweep,0.8,1,0.0692307692308,0.129496402878,9,0,121,260,0.0692307692308,1,0,0.930769230769,1,0.0692307692308,0.129496402878,0.689743589744,0.658974358974,0.0902255639098,0.217357066801,0.0692307692308,216,86,130,0,216,0,86,0,130,37,216,0.162162162162,1.32432432432,11.6756756757,21.6,6,8.1990990496,0.702237650082,0.31006006006,10.329336629,1.76937710775,0.765265265265,3.0868314707,0.528762798222,0.252752752753,0.579945114934,0.437917739848,2,1.32432432432,0.579945114934,2,0.0121701261701,0.00597269624573,7,0.000900900900901,0.621196581197,37,37,37,1,0,0.72972972973,0.243243243243,0.027027027027,37,0.0645645645646,1.31531531532,4.64864864865,8.6,2.6875,3.53723225305,0.760916240482,0.387492143306,4.20353061957,1.80849573168,0.783155248272,1.65082561927,0.710238929219,0.388434946574,0.555255174049,0.422146056983,2,1.32407407407,0.560533255806,2,0,0,0,0,0.150614337503,37,36,36,0.972972972973,0,0.702702702703,0.162162162162,0.108108108108,37,95,0.0713213213213,1.32432432432,5.13513513514,9.5,2.71428571429,4.00112596765,0.779166635806,0.405974395448,4.41927935641,1.7211930125,0.763015647226,1.44415566529,0.562460627534,0.300426742532,0.579945114934,0.437917739848,2,1.33333333333,0.585540043769,2,0.0158131430859,0.0264317180617,6,0.000772200772201,0.163947670836,37,36,36,0.972972972973,0,0.702702702703,0.243243243243,0.027027027027,-121,-0.0908408408408,0,-6.54054054054,-12.1,-3.28571428571,-4.19797308195,0.0769289857238,0.095914335388,-5.91005727259,-0.0481840952471,-0.00224961803909,-1.64267580542,0.0336978293111,0.0476739897793,0,0,0,0.00900900900901,0.00559492883467,0,0.00364301691574,0.0204590218159,-1,-0.0001287001287,-0.45724891036,-0.027027027027,0,0,95,0,121,1116,0.439814814815,1,0,0.560185185185,1,0.439814814815,0.610932475884,0.629915325393,0.439814814815,0.439814814815,9,130,0,0,0,0
1593,WLNM_dir_neg,0.983816568047,0.87654916198,00:00:02,10,40,27,1234218151,threshold_sweep,0.9,1,0.0384615384615,0.0740740740741,5,0,125,260,0.0384615384615,1,0,0.961538461538,1,0.0384615384615,0.0740740740741,0.679487179487,0.662393162393,0.0506329113924,0.161164592805,0.0384615384615,216,86,130,0,216,0,86,0,130,37,216,0.162162162162,1.32432432432,11.6756756757,21.6,6,8.1990990496,0.702237650082,0.31006006006,10.329336629,1.76937710775,0.765265265265,3.0868314707,0.528762798222,0.252752752753,0.579945114934,0.437917739848,2,1.32432432432,0.579945114934,2,0.0121701261701,0.00597269624573,7,0.000900900900901,0.621196581197,37,37,37,1,0,0.72972972973,0.243243243243,0.027027027027,37,0.0645645645646,1.31531531532,4.64864864865,8.6,2.6875,3.53723225305,0.760916240482,0.387492143306,4.20353061957,1.80849573168,0.783155248272,1.65082561927,0.710238929219,0.388434946574,0.555255174049,0.422146056983,2,1.32407407407,0.560533255806,2,0,0,0,0,0.150614337503,37,36,36,0.972972972973,0,0.702702702703,0.162162162162,0.108108108108,37,91,0.0683183183183,1.32432432432,4.91891891892,9.1,2.6,3.72214378475,0.756699560636,0.394416394416,4.27911332063,1.73985926224,0.768042768043,1.52013512913,0.618076920635,0.333828333828,0.579945114934,0.437917739848,2,1.33333333333,0.585540043769,2,0.00815077178714,0.00990099009901,2,0.0002574002574,0.155058781947,37,36,36,0.972972972973,0,0.702702702703,0.243243243243,0.027027027027,-125,-0.0938438438438,0,-6.75675675676,-12.5,-3.4,-4.47695526485,0.0544619105542,0.0843563343563,-6.05022330837,-0.0295178455103,0.0027775027775,-1.56669634158,0.0893141224123,0.0810755810756,0,0,0,0.00900900900901,0.00559492883467,0,-0.00401935438299,0.00392829385328,-5,-0.000643500643501,-0.466137799249,-0.027027027027,0,0,91,0,125,1116,0.421296296296,1,0,0.578703703704,1,0.421296296296,0.592833876221,0.615516964425,0.421296296296,0.421296296296,5,130,0,0,0,0
1594,WLNM_dir_neg,0.98224852071,0.89463383332,00:00:02,10,40,28,1234218152,threshold_sweep,0.1,1,0.184615384615,0.311688311688,24,0,106,260,0.184615384615,1,0,0.815384615385,1,0.184615384615,0.311688311688,0.728205128205,0.646153846154,0.231884057971,0.36214298417,0.184615384615,216,86,130,0,216,0,86,0,130,37,216,0.162162162162,1.32432432432,11.6756756757,21.6,6,8.1990990496,0.702237650082,0.31006006006,10.329336629,1.76937710775,0.765265265265,3.0868314707,0.528762798222,0.252752752753,0.579945114934,0.437917739848,2,1.32432432432,0.579945114934,2,0.0121701261701,0.00597269624573,7,0.000900900900901,0.621196581197,37,37,37,1,0,0.72972972973,0.243243243243,0.027027027027,37,0.0645645645646,1.32432432432,4.64864864865,8.6,2.86666666667,3.75067561481,0.806831382257,0.394406033941,4.3973101251,1.89186598406,0.79949717159,1.61682222712,0.695609562831,0.383406662476,0.579945114934,0.437917739848,2,1.34285714286,0.591252764842,2,0,0,0,0,0.136713792648,37,35,35,0.945945945946,0,0.675675675676,0.135135135135,0.135135135135,37,110,0.0825825825826,1.32432432432,5.94594594595,11,3.14285714286,4.926943756,0.828622358963,0.389434889435,5.75657347197,1.93630198602,0.8,1.7398353448,0.585217343252,0.321867321867,0.579945114934,0.437917739848,2,1.33333333333,0.585540043769,2,0.0294784580499,0.00305810397554,1,0.0001287001287,0.183250965352,37,36,36,0.972972972973,0,0.702702702703,0.243243243243,0.027027027027,-106,-0.0795795795796,0,-5.72972972973,-10.6,-2.85714285714,-3.27215529361,0.126384708882,0.0793748293748,-4.57276315703,0.166924878279,0.0347347347347,-1.3469961259,0.0564545450296,0.0691145691146,0,0,0,0.00900900900901,0.00559492883467,0,0.0173083318798,-0.0029145922702,-6,-0.000772200772201,-0.437945615845,-0.027027027027,0,0,110,0,106,1116,0.509259259259,1,0,0.490740740741,1,0.509259259259,0.674846625767,0.681971085039,0.509259259259,0.509259259259,24,130,0,0,0,0
1595,WLNM_dir_neg,0.98224852071,0.89463383332,00:00:02,10,40,28,1234218152,threshold_sweep,0.2,1,0.184615384615,0.311688311688,24,0,106,260,0.184615384615,1,0,0.815384615385,1,0.184615384615,0.311688311688,0.728205128205,0.646153846154,0.231884057971,0.36214298417,0.184615384615,216,86,130,0,216,0,86,0,130,37,216,0.162162162162,1.32432432432,11.6756756757,21.6,6,8.1990990496,0.702237650082,0.31006006006,10.329336629,1.76937710775,0.765265265265,3.0868314707,0.528762798222,0.252752752753,0.579945114934,0.437917739848,2,1.32432432432,0.579945114934,2,0.0121701261701,0.00597269624573,7,0.000900900900901,0.621196581197,37,37,37,1,0,0.72972972973,0.243243243243,0.027027027027,37,0.0645645645646,1.32432432432,4.64864864865,8.6,2.86666666667,3.75067561481,0.806831382257,0.394406033941,4.3973101251,1.89186598406,0.79949717159,1.61682222712,0.695609562831,0.383406662476,0.579945114934,0.437917739848,2,1.34285714286,0.591252764842,2,0,0,0,0,0.136713792648,37,35,35,0.945945945946,0,0.675675675676,0.135135135135,0.135135135135,37,110,0.0825825825826,1.32432432432,5.94594594595,11,3.14285714286,4.926943756,0.828622358963,0.389434889435,5.75657347197,1.93630198602,0.8,1.7398353448,0.585217343252,0.321867321867,0.579945114934,0.437917739848,2,1.33333333333,0.585540043769,2,0.0294784580499,0.00305810397554,1,0.0001287001287,0.183250965352,37,36,36,0.972972972973,0,0.702702702703,0.243243243243,0.027027027027,-106,-0.0795795795796,0,-5.72972972973,-10.6,-2.85714285714,-3.27215529361,0.126384708882,0.0793748293748,-4.57276315703,0.166924878279,0.0347347347347,-1.3469961259,0.0564545450296,0.0691145691146,0,0,0,0.00900900900901,0.00559492883467,0,0.0173083318798,-0.0029145922702,-6,-0.000772200772201,-0.437945615845,-0.027027027027,0,0,110,0,106,1116,0.509259259259,1,0,0.490740740741,1,0.509259259259,0.674846625767,0.681971085039,0.509259259259,0.509259259259,24,130,0,0,0,0
1596,WLNM_dir_neg,0.98224852071,0.89463383332,00:00:02,10,40,28,1234218152,threshold_sweep,0.3,1,0.184615384615,0.311688311688,24,0,106,260,0.184615384615,1,0,0.815384615385,1,0.184615384615,0.311688311688,0.728205128205,0.646153846154,0.231884057971,0.36214298417,0.184615384615,216,86,130,0,216,0,86,0,130,37,216,0.162162162162,1.32432432432,11.6756756757,21.6,6,8.1990990496,0.702237650082,0.31006006006,10.329336629,1.76937710775,0.765265265265,3.0868314707,0.528762798222,0.252752752753,0.579945114934,0.437917739848,2,1.32432432432,0.579945114934,2,0.0121701261701,0.00597269624573,7,0.000900900900901,0.621196581197,37,37,37,1,0,0.72972972973,0.243243243243,0.027027027027,37,0.0645645645646,1.32432432432,4.64864864865,8.6,2.86666666667,3.75067561481,0.806831382257,0.394406033941,4.3973101251,1.89186598406,0.79949717159,1.61682222712,0.695609562831,0.383406662476,0.579945114934,0.437917739848,2,1.34285714286,0.591252764842,2,0,0,0,0,0.136713792648,37,35,35,0.945945945946,0,0.675675675676,0.135135135135,0.135135135135,37,110,0.0825825825826,1.32432432432,5.94594594595,11,3.14285714286,4.926943756,0.828622358963,0.389434889435,5.75657347197,1.93630198602,0.8,1.7398353448,0.585217343252,0.321867321867,0.579945114934,0.437917739848,2,1.33333333333,0.585540043769,2,0.0294784580499,0.00305810397554,1,0.0001287001287,0.183250965352,37,36,36,0.972972972973,0,0.702702702703,0.243243243243,0.027027027027,-106,-0.0795795795796,0,-5.72972972973,-10.6,-2.85714285714,-3.27215529361,0.126384708882,0.0793748293748,-4.57276315703,0.166924878279,0.0347347347347,-1.3469961259,0.0564545450296,0.0691145691146,0,0,0,0.00900900900901,0.00559492883467,0,0.0173083318798,-0.0029145922702,-6,-0.000772200772201,-0.437945615845,-0.027027027027,0,0,110,0,106,1116,0.509259259259,1,0,0.490740740741,1,0.509259259259,0.674846625767,0.681971085039,0.509259259259,0.509259259259,24,130,0,0,0,0
1597,WLNM_dir_neg,0.98224852071,0.89463383332,00:00:02,10,40,28,1234218152,threshold_sweep,0.4,1,0.184615384615,0.311688311688,24,0,106,260,0.184615384615,1,0,0.815384615385,1,0.184615384615,0.311688311688,0.728205128205,0.646153846154,0.231884057971,0.36214298417,0.184615384615,216,86,130,0,216,0,86,0,130,37,216,0.162162162162,1.32432432432,11.6756756757,21.6,6,8.1990990496,0.702237650082,0.31006006006,10.329336629,1.76937710775,0.765265265265,3.0868314707,0.528762798222,0.252752752753,0.579945114934,0.437917739848,2,1.32432432432,0.579945114934,2,0.0121701261701,0.00597269624573,7,0.000900900900901,0.621196581197,37,37,37,1,0,0.72972972973,0.243243243243,0.027027027027,37,0.0645645645646,1.32432432432,4.64864864865,8.6,2.86666666667,3.75067561481,0.806831382257,0.394406033941,4.3973101251,1.89186598406,0.79949717159,1.61682222712,0.695609562831,0.383406662476,0.579945114934,0.437917739848,2,1.34285714286,0.591252764842,2,0,0,0,0,0.136713792648,37,35,35,0.945945945946,0,0.675675675676,0.135135135135,0.135135135135,37,110,0.0825825825826,1.32432432432,5.94594594595,11,3.14285714286,4.926943756,0.828622358963,0.389434889435,5.75657347197,1.93630198602,0.8,1.7398353448,0.585217343252,0.321867321867,0.579945114934,0.437917739848,2,1.33333333333,0.585540043769,2,0.0294784580499,0.00305810397554,1,0.0001287001287,0.183250965352,37,36,36,0.972972972973,0,0.702702702703,0.243243243243,0.027027027027,-106,-0.0795795795796,0,-5.72972972973,-10.6,-2.85714285714,-3.27215529361,0.126384708882,0.0793748293748,-4.57276315703,0.166924878279,0.0347347347347,-1.3469961259,0.0564545450296,0.0691145691146,0,0,0,0.00900900900901,0.00559492883467,0,0.0173083318798,-0.0029145922702,-6,-0.000772200772201,-0.437945615845,-0.027027027027,0,0,110,0,106,1116,0.509259259259,1,0,0.490740740741,1,0.509259259259,0.674846625767,0.681971085039,0.509259259259,0.509259259259,24,130,0,0,0,0
1598,WLNM_dir_neg,0.98224852071,0.89463383332,00:00:02,10,40,28,1234218152,threshold_sweep,0.5,1,0.184615384615,0.311688311688,24,0,106,260,0.184615384615,1,0,0.815384615385,1,0.184615384615,0.311688311688,0.728205128205,0.646153846154,0.231884057971,0.36214298417,0.184615384615,216,86,130,0,216,0,86,0,130,37,216,0.162162162162,1.32432432432,11.6756756757,21.6,6,8.1990990496,0.702237650082,0.31006006006,10.329336629,1.76937710775,0.765265265265,3.0868314707,0.528762798222,0.252752752753,0.579945114934,0.437917739848,2,1.32432432432,0.579945114934,2,0.0121701261701,0.00597269624573,7,0.000900900900901,0.621196581197,37,37,37,1,0,0.72972972973,0.243243243243,0.027027027027,37,0.0645645645646,1.32432432432,4.64864864865,8.6,2.86666666667,3.75067561481,0.806831382257,0.394406033941,4.3973101251,1.89186598406,0.79949717159,1.61682222712,0.695609562831,0.383406662476,0.579945114934,0.437917739848,2,1.34285714286,0.591252764842,2,0,0,0,0,0.136713792648,37,35,35,0.945945945946,0,0.675675675676,0.135135135135,0.135135135135,37,110,0.0825825825826,1.32432432432,5.94594594595,11,3.14285714286,4.926943756,0.828622358963,0.389434889435,5.75657347197,1.93630198602,0.8,1.7398353448,0.585217343252,0.321867321867,0.579945114934,0.437917739848,2,1.33333333333,0.585540043769,2,0.0294784580499,0.00305810397554,1,0.0001287001287,0.183250965352,37,36,36,0.972972972973,0,0.702702702703,0.243243243243,0.027027027027,-106,-0.0795795795796,0,-5.72972972973,-10.6,-2.85714285714,-3.27215529361,0.126384708882,0.0793748293748,-4.57276315703,0.166924878279,0.0347347347347,-1.3469961259,0.0564545450296,0.0691145691146,0,0,0,0.00900900900901,0.00559492883467,0,0.0173083318798,-0.0029145922702,-6,-0.000772200772201,-0.437945615845,-0.027027027027,0,0,110,0,106,1116,0.509259259259,1,0,0.490740740741,1,0.509259259259,0.674846625767,0.681971085039,0.509259259259,0.509259259259,24,130,0,0,0,0
1599,WLNM_dir_neg,0.98224852071,0.89463383332,00:00:02,10,40,28,1234218152,threshold_sweep,0.6,1,0.184615384615,0.311688311688,24,0,106,260,0.184615384615,1,0,0.815384615385,1,0.184615384615,0.311688311688,0.728205128205,0.646153846154,0.231884057971,0.36214298417,0.184615384615,216,86,130,0,216,0,86,0,130,37,216,0.162162162162,1.32432432432,11.6756756757,21.6,6,8.1990990496,0.702237650082,0.31006006006,10.329336629,1.76937710775,0.765265265265,3.0868314707,0.528762798222,0.252752752753,0.579945114934,0.437917739848,2,1.32432432432,0.579945114934,2,0.0121701261701,0.00597269624573,7,0.000900900900901,0.621196581197,37,37,37,1,0,0.72972972973,0.243243243243,0.027027027027,37,0.0645645645646,1.32432432432,4.64864864865,8.6,2.86666666667,3.75067561481,0.806831382257,0.394406033941,4.3973101251,1.89186598406,0.79949717159,1.61682222712,0.695609562831,0.383406662476,0.579945114934,0.437917739848,2,1.34285714286,0.591252764842,2,0,0,0,0,0.136713792648,37,35,35,0.945945945946,0,0.675675675676,0.135135135135,0.135135135135,37,110,0.0825825825826,1.32432432432,5.94594594595,11,3.14285714286,4.926943756,0.828622358963,0.389434889435,5.75657347197,1.93630198602,0.8,1.7398353448,0.585217343252,0.321867321867,0.579945114934,0.437917739848,2,1.33333333333,0.585540043769,2,0.0294784580499,0.00305810397554,1,0.0001287001287,0.183250965352,37,36,36,0.972972972973,0,0.702702702703,0.243243243243,0.027027027027,-106,-0.0795795795796,0,-5.72972972973,-10.6,-2.85714285714,-3.27215529361,0.126384708882,0.0793748293748,-4.57276315703,0.166924878279,0.0347347347347,-1.3469961259,0.0564545450296,0.0691145691146,0,0,0,0.00900900900901,0.00559492883467,0,0.0173083318798,-0.0029145922702,-6,-0.000772200772201,-0.437945615845,-0.027027027027,0,0,110,0,106,1116,0.509259259259,1,0,0.490740740741,1,0.509259259259,0.674846625767,0.681971085039,0.509259259259,0.509259259259,24,130,0,0,0,0
1600,WLNM_dir_neg,0.98224852071,0.89463383332,00:00:02,10,40,28,1234218152,threshold_sweep,0.7,1,0.184615384615,0.311688311688,24,0,106,260,0.184615384615,1,0,0.815384615385,1,0.184615384615,0.311688311688,0.728205128205,0.646153846154,0.231884057971,0.36214298417,0.184615384615,216,86,130,0,216,0,86,0,130,37,216,0.162162162162,1.32432432432,11.6756756757,21.6,6,8.1990990496,0.702237650082,0.31006006006,10.329336629,1.76937710775,0.765265265265,3.0868314707,0.528762798222,0.252752752753,0.579945114934,0.437917739848,2,1.32432432432,0.579945114934,2,0.0121701261701,0.00597269624573,7,0.000900900900901,0.621196581197,37,37,37,1,0,0.72972972973,0.243243243243,0.027027027027,37,0.0645645645646,1.32432432432,4.64864864865,8.6,2.86666666667,3.75067561481,0.806831382257,0.394406033941,4.3973101251,1.89186598406,0.79949717159,1.61682222712,0.695609562831,0.383406662476,0.579945114934,0.437917739848,2,1.34285714286,0.591252764842,2,0,0,0,0,0.136713792648,37,35,35,0.945945945946,0,0.675675675676,0.135135135135,0.135135135135,37,110,0.0825825825826,1.32432432432,5.94594594595,11,3.14285714286,4.926943756,0.828622358963,0.389434889435,5.75657347197,1.93630198602,0.8,1.7398353448,0.585217343252,0.321867321867,0.579945114934,0.437917739848,2,1.33333333333,0.585540043769,2,0.0294784580499,0.00305810397554,1,0.0001287001287,0.183250965352,37,36,36,0.972972972973,0,0.702702702703,0.243243243243,0.027027027027,-106,-0.0795795795796,0,-5.72972972973,-10.6,-2.85714285714,-3.27215529361,0.126384708882,0.0793748293748,-4.57276315703,0.166924878279,0.0347347347347,-1.3469961259,0.0564545450296,0.0691145691146,0,0,0,0.00900900900901,0.00559492883467,0,0.0173083318798,-0.0029145922702,-6,-0.000772200772201,-0.437945615845,-0.027027027027,0,0,110,0,106,1116,0.509259259259,1,0,0.490740740741,1,0.509259259259,0.674846625767,0.681971085039,0.509259259259,0.509259259259,24,130,0,0,0,0
1601,WLNM_dir_neg,0.98224852071,0.89463383332,00:00:02,10,40,28,1234218152,threshold_sweep,0.8,1,0.184615384615,0.311688311688,24,0,106,260,0.184615384615,1,0,0.815384615385,1,0.184615384615,0.311688311688,0.728205128205,0.646153846154,0.231884057971,0.36214298417,0.184615384615,216,86,130,0,216,0,86,0,130,37,216,0.162162162162,1.32432432432,11.6756756757,21.6,6,8.1990990496,0.702237650082,0.31006006006,10.329336629,1.76937710775,0.765265265265,3.0868314707,0.528762798222,0.252752752753,0.579945114934,0.437917739848,2,1.32432432432,0.579945114934,2,0.0121701261701,0.00597269624573,7,0.000900900900901,0.621196581197,37,37,37,1,0,0.72972972973,0.243243243243,0.027027027027,37,0.0645645645646,1.32432432432,4.64864864865,8.6,2.86666666667,3.75067561481,0.806831382257,0.394406033941,4.3973101251,1.89186598406,0.79949717159,1.61682222712,0.695609562831,0.383406662476,0.579945114934,0.437917739848,2,1.34285714286,0.591252764842,2,0,0,0,0,0.136713792648,37,35,35,0.945945945946,0,0.675675675676,0.135135135135,0.135135135135,37,110,0.0825825825826,1.32432432432,5.94594594595,11,3.14285714286,4.926943756,0.828622358963,0.389434889435,5.75657347197,1.93630198602,0.8,1.7398353448,0.585217343252,0.321867321867,0.579945114934,0.437917739848,2,1.33333333333,0.585540043769,2,0.0294784580499,0.00305810397554,1,0.0001287001287,0.183250965352,37,36,36,0.972972972973,0,0.702702702703,0.243243243243,0.027027027027,-106,-0.0795795795796,0,-5.72972972973,-10.6,-2.85714285714,-3.27215529361,0.126384708882,0.0793748293748,-4.57276315703,0.166924878279,0.0347347347347,-1.3469961259,0.0564545450296,0.0691145691146,0,0,0,0.00900900900901,0.00559492883467,0,0.0173083318798,-0.0029145922702,-6,-0.000772200772201,-0.437945615845,-0.027027027027,0,0,110,0,106,1116,0.509259259259,1,0,0.490740740741,1,0.509259259259,0.674846625767,0.681971085039,0.509259259259,0.509259259259,24,130,0,0,0,0
1602,WLNM_dir_neg,0.98224852071,0.89463383332,00:00:02,10,40,28,1234218152,threshold_sweep,0.9,1,0.184615384615,0.311688311688,24,0,106,260,0.184615384615,1,0,0.815384615385,1,0.184615384615,0.311688311688,0.728205128205,0.646153846154,0.231884057971,0.36214298417,0.184615384615,216,86,130,0,216,0,86,0,130,37,216,0.162162162162,1.32432432432,11.6756756757,21.6,6,8.1990990496,0.702237650082,0.31006006006,10.329336629,1.76937710775,0.765265265265,3.0868314707,0.528762798222,0.252752752753,0.579945114934,0.437917739848,2,1.32432432432,0.579945114934,2,0.0121701261701,0.00597269624573,7,0.000900900900901,0.621196581197,37,37,37,1,0,0.72972972973,0.243243243243,0.027027027027,37,0.0645645645646,1.32432432432,4.64864864865,8.6,2.86666666667,3.75067561481,0.806831382257,0.394406033941,4.3973101251,1.89186598406,0.79949717159,1.61682222712,0.695609562831,0.383406662476,0.579945114934,0.437917739848,2,1.34285714286,0.591252764842,2,0,0,0,0,0.136713792648,37,35,35,0.945945945946,0,0.675675675676,0.135135135135,0.135135135135,37,110,0.0825825825826,1.32432432432,5.94594594595,11,3.14285714286,4.926943756,0.828622358963,0.389434889435,5.75657347197,1.93630198602,0.8,1.7398353448,0.585217343252,0.321867321867,0.579945114934,0.437917739848,2,1.33333333333,0.585540043769,2,0.0294784580499,0.00305810397554,1,0.0001287001287,0.183250965352,37,36,36,0.972972972973,0,0.702702702703,0.243243243243,0.027027027027,-106,-0.0795795795796,0,-5.72972972973,-10.6,-2.85714285714,-3.27215529361,0.126384708882,0.0793748293748,-4.57276315703,0.166924878279,0.0347347347347,-1.3469961259,0.0564545450296,0.0691145691146,0,0,0,0.00900900900901,0.00559492883467,0,0.0173083318798,-0.0029145922702,-6,-0.000772200772201,-0.437945615845,-0.027027027027,0,0,110,0,106,1116,0.509259259259,1,0,0.490740740741,1,0.509259259259,0.674846625767,0.681971085039,0.509259259259,0.509259259259,24,130,0,0,0,0
1603,WLNM_dir_neg,0.992677514793,0.971254594525,00:00:02,10,40,29,1234218153,threshold_sweep,0.1,0.908450704225,0.992307692308,0.948529411765,129,13,1,247,0.992307692308,0.95,0.05,0.00769230769231,0.908450704225,0.992307692308,0.948529411765,0.964102564103,0.545299145299,0.921052631579,0.923168705537,0.942307692308,216,86,130,0,216,0,86,0,130,37,216,0.162162162162,1.32432432432,11.6756756757,21.6,6,8.1990990496,0.702237650082,0.31006006006,10.329336629,1.76937710775,0.765265265265,3.0868314707,0.528762798222,0.252752752753,0.579945114934,0.437917739848,2,1.32432432432,0.579945114934,2,0.0121701261701,0.00597269624573,7,0.000900900900901,0.621196581197,37,37,37,1,0,0.72972972973,0.243243243243,0.027027027027,37,0.0645645645646,1.32432432432,4.64864864865,8.6,2.52941176471,3.66072409516,0.787481346052,0.401319924576,4.12346977714,1.77405095063,0.7743557511,1.39550974466,0.600393727355,0.332495285984,0.579945114934,0.437917739848,2,1.34285714286,0.591252764842,2,0.00811167998668,0.0108108108108,2,0.0002574002574,0.133842526964,37,35,35,0.945945945946,0,0.675675675676,0.243243243243,0.027027027027,37,228,0.171171171171,1.34726901214,12.3243243243,22.8,6.16216216216,9.24077333841,0.749799591055,0.337719298246,10.9252854362,1.77296298745,0.77027027027,2.64063874337,0.428524708353,0.208629682314,0.621874855177,0.461581799605,2.20543927214,1.34726901214,0.621874855177,2.20543927214,0.286412461831,0.182595573441,242,0.0311454311454,0.574518345132,37,37,37,1,0,0.72972972973,0.27027027027,0,12,0.00900900900901,0.0229446878184,0.648648648649,1.2,0.162162162162,1.04167428881,0.0475619409734,0.0276592381856,0.595948807174,0.00358587970386,0.00500500500501,-0.446192727337,-0.100238089869,-0.0441230704389,0.0419297402426,0.0236640597566,0.205439272143,0.0229446878184,0.0419297402426,0.205439272143,0.274242335661,0.176622877195,235,0.0302445302445,-0.0466782360641,0,0.027027027027,-0.027027027027,215,13,1,1103,0.99537037037,0.98835125448,0.0116487455197,0.00462962962963,0.94298245614,0.99537037037,0.968468468468,0.962673974803,0.983721624851,0.938864628821,142,130,0,0,0,0
1604,WLNM_dir_neg,0.992677514793,0.971254594525,00:00:02,10,40,29,1234218153,threshold_sweep,0.2,0.969696969697,0.984615384615,0.977099236641,128,4,2,256,0.984615384615,0.984615384615,0.0153846153846,0.0153846153846,0.969696969697,0.984615384615,0.977099236641,0.984615384615,0.553846153846,0.965517241379,0.965581028731,0.969230769231,216,86,130,0,216,0,86,0,130,37,216,0.162162162162,1.32432432432,11.6756756757,21.6,6,8.1990990496,0.702237650082,0.31006006006,10.329336629,1.76937710775,0.765265265265,3.0868314707,0.528762798222,0.252752752753,0.579945114934,0.437917739848,2,1.32432432432,0.579945114934,2,0.0121701261701,0.00597269624573,7,0.000900900900901,0.621196581197,37,37,37,1,0,0.72972972973,0.243243243243,0.027027027027,37,0.0645645645646,1.32432432432,4.64864864865,8.6,2.52941176471,3.66072409516,0.787481346052,0.401319924576,4.12346977714,1.77405095063,0.7743557511,1.39550974466,0.600393727355,0.332495285984,0.579945114934,0.437917739848,2,1.34285714286,0.591252764842,2,0.00811167998668,0.0108108108108,2,0.0002574002574,0.133842526964,37,35,35,0.945945945946,0,0.675675675676,0.243243243243,0.027027027027,37,218,0.163663663664,1.33686346715,11.7837837838,21.8,5.89189189189,8.28363559185,0.702969075455,0.317133647409,10.4370701077,1.7714293302,0.766674931813,2.97007092867,0.504094607159,0.243739151996,0.606306350947,0.453528999668,2.18299353555,1.33686346715,0.606306350947,2.18299353555,0.0124677016106,0.00521285838401,6,0.000772200772201,0.601354518905,37,37,37,1,0,0.72972972973,0.27027027027,0,2,0.0015015015015,0.0125391428226,0.108108108108,0.2,-0.108108108108,0.0845365422488,0.000731425373574,0.00707358734882,0.107733478671,0.00205222245566,0.00140966654728,-0.116760542036,-0.0246681910631,-0.00901360075672,0.0263612360128,0.0156112598191,0.182993535554,0.0125391428226,0.0263612360128,0.182993535554,0.000297575440433,-0.00075983786172,-1,-0.0001287001287,-0.0198420622919,0,0.027027027027,-0.027027027027,214,4,2,1112,0.990740740741,0.996415770609,0.00358422939068,0.00925925925926,0.981651376147,0.990740740741,0.986175115207,0.983499503828,0.98715651135,0.972727272727,132,130,0,0,0,0
1605,WLNM_dir_neg,0.992677514793,0.971254594525,00:00:02,10,40,29,1234218153,threshold_sweep,0.3,0.975,0.3,0.458823529412,39,1,91,259,0.3,0.996153846154,0.00384615384615,0.7,0.975,0.3,0.458823529412,0.764102564103,0.632478632479,0.358139534884,0.460163014594,0.296153846154,216,86,130,0,216,0,86,0,130,37,216,0.162162162162,1.32432432432,11.6756756757,21.6,6,8.1990990496,0.702237650082,0.31006006006,10.329336629,1.76937710775,0.765265265265,3.0868314707,0.528762798222,0.252752752753,0.579945114934,0.437917739848,2,1.32432432432,0.579945114934,2,0.0121701261701,0.00597269624573,7,0.000900900900901,0.621196581197,37,37,37,1,0,0.72972972973,0.243243243243,0.027027027027,37,0.0645645645646,1.32432432432,4.64864864865,8.6,2.52941176471,3.66072409516,0.787481346052,0.401319924576,4.12346977714,1.77405095063,0.7743557511,1.39550974466,0.600393727355,0.332495285984,0.579945114934,0.437917739848,2,1.34285714286,0.591252764842,2,0.00811167998668,0.0108108108108,2,0.0002574002574,0.133842526964,37,35,35,0.945945945946,0,0.675675675676,0.243243243243,0.027027027027,37,126,0.0945945945946,1.32863298081,6.81081081081,12.6,3.5,5.75344263047,0.844751497331,0.393822393822,6.51689880004,1.91369250477,0.795795795796,1.80215086709,0.529203032399,0.295152295152,0.593083014972,0.446385889512,2.14492753623,1.33776167472,0.598853882235,2.14492753623,0.0148440099565,0.0137299771167,6,0.000772200772201,0.226511133988,37,36,36,0.972972972973,0,0.702702702703,0.27027027027,0,-90,-0.0675675675676,0.00430865648257,-4.86486486486,-9,-2.5,-2.44565641914,0.142513847249,0.0837623337623,-3.81243782896,0.144315397028,0.0305305305305,-1.28468060362,0.000440234176555,0.0423995423995,0.0131379000378,0.00846814966335,0.144927536232,0.0134373503939,0.0189087673007,0.144927536232,0.00267388378634,0.00775728087097,-1,-0.0001287001287,-0.394685447209,-0.027027027027,0.027027027027,-0.027027027027,125,1,91,1115,0.578703703704,0.999103942652,0.00089605734767,0.421296296296,0.992063492063,0.578703703704,0.730994152047,0.727751871834,0.577807646356,0.576036866359,40,130,0,0,0,0
1606,WLNM_dir_neg,0.992677514793,0.971254594525,00:00:02,10,40,29,1234218153,threshold_sweep,0.4,0.974358974359,0.292307692308,0.449704142012,38,1,92,259,0.292307692308,0.996153846154,0.00384615384615,0.707692307692,0.974358974359,0.292307692308,0.449704142012,0.761538461538,0.633333333333,0.34965034965,0.453273577684,0.288461538462,216,86,130,0,216,0,86,0,130,37,216,0.162162162162,1.32432432432,11.6756756757,21.6,6,8.1990990496,0.702237650082,0.31006006006,10.329336629,1.76937710775,0.765265265265,3.0868314707,0.528762798222,0.252752752753,0.579945114934,0.437917739848,2,1.32432432432,0.579945114934,2,0.0121701261701,0.00597269624573,7,0.000900900900901,0.621196581197,37,37,37,1,0,0.72972972973,0.243243243243,0.027027027027,37,0.0645645645646,1.32432432432,4.64864864865,8.6,2.52941176471,3.66072409516,0.787481346052,0.401319924576,4.12346977714,1.77405095063,0.7743557511,1.39550974466,0.600393727355,0.332495285984,0.579945114934,0.437917739848,2,1.34285714286,0.591252764842,2,0.00811167998668,0.0108108108108,2,0.0002574002574,0.133842526964,37,35,35,0.945945945946,0,0.675675675676,0.243243243243,0.027027027027,37,125,0.0938438438438,1.32863298081,6.75675675676,12.5,3.57142857143,5.6882207988,0.841856678222,0.396756756757,6.42629732407,1.90218400792,0.794378378378,1.84618753338,0.546471509881,0.304864864865,0.593083014972,0.446385889512,2.14492753623,1.34741200828,0.604749986447,2.14492753623,0.0148507134926,0.0140077821012,6,0.000772200772201,0.229622245099,37,35,35,0.945945945946,0,0.675675675676,0.27027027027,0,-91,-0.0683183183183,0.00430865648257,-4.91891891892,-9.1,-2.42857142857,-2.51087825081,0.13961902814,0.0866966966967,-3.90303930493,0.132806900178,0.0291131131131,-1.24064393732,0.0177087116581,0.0521121121121,0.0131379000378,0.00846814966335,0.144927536232,0.0230876839572,0.0248048715123,0.144927536232,0.00268058732246,0.00803508585543,-1,-0.0001287001287,-0.391574336097,-0.0540540540541,0.027027027027,-0.027027027027,124,1,92,1115,0.574074074074,0.999103942652,0.00089605734767,0.425925925926,0.992,0.574074074074,0.727272727273,0.724502447171,0.573178016726,0.571428571429,39,130,0,0,0,0
1607,WLNM_dir_neg,0.992677514793,0.971254594525,00:00:02,10,40,29,1234218153,threshold_sweep,0.5,0.974358974359,0.292307692308,0.449704142012,38,1,92,259,0.292307692308,0.996153846154,0.00384615384615,0.707692307692,0.974358974359,0.292307692308,0.449704142012,0.761538461538,0.633333333333,0.34965034965,0.453273577684,0.288461538462,216,86,130,0,216,0,86,0,130,37,216,0.162162162162,1.32432432432,11.6756756757,21.6,6,8.1990990496,0.702237650082,0.31006006006,10.329336629,1.76937710775,0.765265265265,3.0868314707,0.528762798222,0.252752752753,0.579945114934,0.437917739848,2,1.32432432432,0.579945114934,2,0.0121701261701,0.00597269624573,7,0.000900900900901,0.621196581197,37,37,37,1,0,0.72972972973,0.243243243243,0.027027027027,37,0.0645645645646,1.32432432432,4.64864864865,8.6,2.52941176471,3.66072409516,0.787481346052,0.401319924576,4.12346977714,1.77405095063,0.7743557511,1.39550974466,0.600393727355,0.332495285984,0.579945114934,0.437917739848,2,1.34285714286,0.591252764842,2,0.00811167998668,0.0108108108108,2,0.0002574002574,0.133842526964,37,35,35,0.945945945946,0,0.675675675676,0.243243243243,0.027027027027,37,125,0.0938438438438,1.32863298081,6.75675675676,12.5,3.57142857143,5.6882207988,0.841856678222,0.396756756757,6.42629732407,1.90218400792,0.794378378378,1.84618753338,0.546471509881,0.304864864865,0.593083014972,0.446385889512,2.14492753623,1.34741200828,0.604749986447,2.14492753623,0.0148507134926,0.0140077821012,6,0.000772200772201,0.229622245099,37,35,35,0.945945945946,0,0.675675675676,0.27027027027,0,-91,-0.0683183183183,0.00430865648257,-4.91891891892,-9.1,-2.42857142857,-2.51087825081,0.13961902814,0.0866966966967,-3.90303930493,0.132806900178,0.0291131131131,-1.24064393732,0.0177087116581,0.0521121121121,0.0131379000378,0.00846814966335,0.144927536232,0.0230876839572,0.0248048715123,0.144927536232,0.00268058732246,0.00803508585543,-1,-0.0001287001287,-0.391574336097,-0.0540540540541,0.027027027027,-0.027027027027,124,1,92,1115,0.574074074074,0.999103942652,0.00089605734767,0.425925925926,0.992,0.574074074074,0.727272727273,0.724502447171,0.573178016726,0.571428571429,39,130,0,0,0,0
1608,WLNM_dir_neg,0.992677514793,0.971254594525,00:00:02,10,40,29,1234218153,threshold_sweep,0.6,0.974358974359,0.292307692308,0.449704142012,38,1,92,259,0.292307692308,0.996153846154,0.00384615384615,0.707692307692,0.974358974359,0.292307692308,0.449704142012,0.761538461538,0.633333333333,0.34965034965,0.453273577684,0.288461538462,216,86,130,0,216,0,86,0,130,37,216,0.162162162162,1.32432432432,11.6756756757,21.6,6,8.1990990496,0.702237650082,0.31006006006,10.329336629,1.76937710775,0.765265265265,3.0868314707,0.528762798222,0.252752752753,0.579945114934,0.437917739848,2,1.32432432432,0.579945114934,2,0.0121701261701,0.00597269624573,7,0.000900900900901,0.621196581197,37,37,37,1,0,0.72972972973,0.243243243243,0.027027027027,37,0.0645645645646,1.32432432432,4.64864864865,8.6,2.52941176471,3.66072409516,0.787481346052,0.401319924576,4.12346977714,1.77405095063,0.7743557511,1.39550974466,0.600393727355,0.332495285984,0.579945114934,0.437917739848,2,1.34285714286,0.591252764842,2,0.00811167998668,0.0108108108108,2,0.0002574002574,0.133842526964,37,35,35,0.945945945946,0,0.675675675676,0.243243243243,0.027027027027,37,125,0.0938438438438,1.32863298081,6.75675675676,12.5,3.57142857143,5.6882207988,0.841856678222,0.396756756757,6.42629732407,1.90218400792,0.794378378378,1.84618753338,0.546471509881,0.304864864865,0.593083014972,0.446385889512,2.14492753623,1.34741200828,0.604749986447,2.14492753623,0.0148507134926,0.0140077821012,6,0.000772200772201,0.229622245099,37,35,35,0.945945945946,0,0.675675675676,0.27027027027,0,-91,-0.0683183183183,0.00430865648257,-4.91891891892,-9.1,-2.42857142857,-2.51087825081,0.13961902814,0.0866966966967,-3.90303930493,0.132806900178,0.0291131131131,-1.24064393732,0.0177087116581,0.0521121121121,0.0131379000378,0.00846814966335,0.144927536232,0.0230876839572,0.0248048715123,0.144927536232,0.00268058732246,0.00803508585543,-1,-0.0001287001287,-0.391574336097,-0.0540540540541,0.027027027027,-0.027027027027,124,1,92,1115,0.574074074074,0.999103942652,0.00089605734767,0.425925925926,0.992,0.574074074074,0.727272727273,0.724502447171,0.573178016726,0.571428571429,39,130,0,0,0,0
1609,WLNM_dir_neg,0.992677514793,0.971254594525,00:00:02,10,40,29,1234218153,threshold_sweep,0.7,0.974358974359,0.292307692308,0.449704142012,38,1,92,259,0.292307692308,0.996153846154,0.00384615384615,0.707692307692,0.974358974359,0.292307692308,0.449704142012,0.761538461538,0.633333333333,0.34965034965,0.453273577684,0.288461538462,216,86,130,0,216,0,86,0,130,37,216,0.162162162162,1.32432432432,11.6756756757,21.6,6,8.1990990496,0.702237650082,0.31006006006,10.329336629,1.76937710775,0.765265265265,3.0868314707,0.528762798222,0.252752752753,0.579945114934,0.437917739848,2,1.32432432432,0.579945114934,2,0.0121701261701,0.00597269624573,7,0.000900900900901,0.621196581197,37,37,37,1,0,0.72972972973,0.243243243243,0.027027027027,37,0.0645645645646,1.32432432432,4.64864864865,8.6,2.52941176471,3.66072409516,0.787481346052,0.401319924576,4.12346977714,1.77405095063,0.7743557511,1.39550974466,0.600393727355,0.332495285984,0.579945114934,0.437917739848,2,1.34285714286,0.591252764842,2,0.00811167998668,0.0108108108108,2,0.0002574002574,0.133842526964,37,35,35,0.945945945946,0,0.675675675676,0.243243243243,0.027027027027,37,125,0.0938438438438,1.32863298081,6.75675675676,12.5,3.57142857143,5.6882207988,0.841856678222,0.396756756757,6.42629732407,1.90218400792,0.794378378378,1.84618753338,0.546471509881,0.304864864865,0.593083014972,0.446385889512,2.14492753623,1.34741200828,0.604749986447,2.14492753623,0.0148507134926,0.0140077821012,6,0.000772200772201,0.229622245099,37,35,35,0.945945945946,0,0.675675675676,0.27027027027,0,-91,-0.0683183183183,0.00430865648257,-4.91891891892,-9.1,-2.42857142857,-2.51087825081,0.13961902814,0.0866966966967,-3.90303930493,0.132806900178,0.0291131131131,-1.24064393732,0.0177087116581,0.0521121121121,0.0131379000378,0.00846814966335,0.144927536232,0.0230876839572,0.0248048715123,0.144927536232,0.00268058732246,0.00803508585543,-1,-0.0001287001287,-0.391574336097,-0.0540540540541,0.027027027027,-0.027027027027,124,1,92,1115,0.574074074074,0.999103942652,0.00089605734767,0.425925925926,0.992,0.574074074074,0.727272727273,0.724502447171,0.573178016726,0.571428571429,39,130,0,0,0,0
1610,WLNM_dir_neg,0.992677514793,0.971254594525,00:00:02,10,40,29,1234218153,threshold_sweep,0.8,0.974358974359,0.292307692308,0.449704142012,38,1,92,259,0.292307692308,0.996153846154,0.00384615384615,0.707692307692,0.974358974359,0.292307692308,0.449704142012,0.761538461538,0.633333333333,0.34965034965,0.453273577684,0.288461538462,216,86,130,0,216,0,86,0,130,37,216,0.162162162162,1.32432432432,11.6756756757,21.6,6,8.1990990496,0.702237650082,0.31006006006,10.329336629,1.76937710775,0.765265265265,3.0868314707,0.528762798222,0.252752752753,0.579945114934,0.437917739848,2,1.32432432432,0.579945114934,2,0.0121701261701,0.00597269624573,7,0.000900900900901,0.621196581197,37,37,37,1,0,0.72972972973,0.243243243243,0.027027027027,37,0.0645645645646,1.32432432432,4.64864864865,8.6,2.52941176471,3.66072409516,0.787481346052,0.401319924576,4.12346977714,1.77405095063,0.7743557511,1.39550974466,0.600393727355,0.332495285984,0.579945114934,0.437917739848,2,1.34285714286,0.591252764842,2,0.00811167998668,0.0108108108108,2,0.0002574002574,0.133842526964,37,35,35,0.945945945946,0,0.675675675676,0.243243243243,0.027027027027,37,125,0.0938438438438,1.32863298081,6.75675675676,12.5,3.57142857143,5.6882207988,0.841856678222,0.396756756757,6.42629732407,1.90218400792,0.794378378378,1.84618753338,0.546471509881,0.304864864865,0.593083014972,0.446385889512,2.14492753623,1.34741200828,0.604749986447,2.14492753623,0.0148507134926,0.0140077821012,6,0.000772200772201,0.229622245099,37,35,35,0.945945945946,0,0.675675675676,0.27027027027,0,-91,-0.0683183183183,0.00430865648257,-4.91891891892,-9.1,-2.42857142857,-2.51087825081,0.13961902814,0.0866966966967,-3.90303930493,0.132806900178,0.0291131131131,-1.24064393732,0.0177087116581,0.0521121121121,0.0131379000378,0.00846814966335,0.144927536232,0.0230876839572,0.0248048715123,0.144927536232,0.00268058732246,0.00803508585543,-1,-0.0001287001287,-0.391574336097,-0.0540540540541,0.027027027027,-0.027027027027,124,1,92,1115,0.574074074074,0.999103942652,0.00089605734767,0.425925925926,0.992,0.574074074074,0.727272727273,0.724502447171,0.573178016726,0.571428571429,39,130,0,0,0,0
1611,WLNM_dir_neg,0.992677514793,0.971254594525,00:00:02,10,40,29,1234218153,threshold_sweep,0.9,0.971428571429,0.261538461538,0.412121212121,34,1,96,259,0.261538461538,0.996153846154,0.00384615384615,0.738461538462,0.971428571429,0.261538461538,0.412121212121,0.751282051282,0.636752136752,0.315294117647,0.425022191396,0.257692307692,216,86,130,0,216,0,86,0,130,37,216,0.162162162162,1.32432432432,11.6756756757,21.6,6,8.1990990496,0.702237650082,0.31006006006,10.329336629,1.76937710775,0.765265265265,3.0868314707,0.528762798222,0.252752752753,0.579945114934,0.437917739848,2,1.32432432432,0.579945114934,2,0.0121701261701,0.00597269624573,7,0.000900900900901,0.621196581197,37,37,37,1,0,0.72972972973,0.243243243243,0.027027027027,37,0.0645645645646,1.32432432432,4.64864864865,8.6,2.52941176471,3.66072409516,0.787481346052,0.401319924576,4.12346977714,1.77405095063,0.7743557511,1.39550974466,0.600393727355,0.332495285984,0.579945114934,0.437917739848,2,1.34285714286,0.591252764842,2,0.00811167998668,0.0108108108108,2,0.0002574002574,0.133842526964,37,35,35,0.945945945946,0,0.675675675676,0.243243243243,0.027027027027,37,121,0.0908408408408,1.32863298081,6.54054054054,12.1,3.45714285714,5.37791055354,0.822242522649,0.394907303998,6.09484594942,1.8637132242,0.789814607996,1.75829223726,0.537659609739,0.298414116596,0.593083014972,0.446385889512,2.14492753623,1.34741200828,0.604749986447,2.14492753623,0.0148875394118,0.015332197615,6,0.000772200772201,0.218476731997,37,35,35,0.945945945946,0,0.675675675676,0.27027027027,0,-95,-0.0713213213213,0.00430865648257,-5.13513513514,-9.5,-2.54285714286,-2.82118849606,0.120004872567,0.0848472439382,-4.23449067958,0.0943361164571,0.0245493427312,-1.32853923345,0.00889681151672,0.0456613638432,0.0131379000378,0.00846814966335,0.144927536232,0.0230876839572,0.0248048715123,0.144927536232,0.00271741324163,0.00935950136926,-1,-0.0001287001287,-0.4027198492,-0.0540540540541,0.027027027027,-0.027027027027,120,1,96,1115,0.555555555556,0.999103942652,0.00089605734767,0.444444444444,0.99173553719,0.555555555556,0.712166172107,0.711411154803,0.554659498208,0.552995391705,35,130,0,0,0,0
1612,WLNM_dir_neg,0.948860946746,0.796027068897,00:00:04,10,40,30,1234218154,threshold_sweep,0.1,0.648648648649,0.184615384615,0.287425149701,24,13,106,247,0.184615384615,0.95,0.05,0.815384615385,0.648648648649,0.184615384615,0.287425149701,0.694871794872,0.635042735043,0.16393442623,0.216553312751,0.134615384615,216,86,130,0,216,0,86,0,130,37,216,0.162162162162,1.32432432432,11.6756756757,21.6,6,8.1990990496,0.702237650082,0.31006006006,10.329336629,1.76937710775,0.765265265265,3.0868314707,0.528762798222,0.252752752753,0.579945114934,0.437917739848,2,1.32432432432,0.579945114934,2,0.0121701261701,0.00597269624573,7,0.000900900900901,0.621196581197,37,37,37,1,0,0.72972972973,0.243243243243,0.027027027027,37,0.0645645645646,1.32432432432,4.64864864865,8.6,2.86666666667,3.69846977528,0.795601056311,0.425832809554,4.16369263231,1.7913561325,0.778755499686,1.91563818861,0.824169918356,0.453802639849,0.579945114934,0.437917739848,2,1.35294117647,0.597081434027,2,0,0,0,0,0.183768803818,37,34,34,0.918918918919,0,0.648648648649,0.162162162162,0.108108108108,37,123,0.0923423423423,1.3538543068,6.64864864865,12.3,3.61764705882,6.06545874521,0.912284445417,0.455504284773,6.04636738534,1.81882596145,0.783564051857,1.82656407945,0.549454235282,0.303230059328,0.629309673373,0.464828209515,2.12891030538,1.3740745529,0.641514021597,2.12891030538,0.304321682065,0.212232866618,96,0.0123552123552,0.226543709817,37,35,35,0.945945945946,0,0.675675675676,0.243243243243,0.027027027027,-93,-0.0698198198198,0.0295299824712,-5.02702702703,-9.3,-2.38235294118,-2.1336403044,0.210046795335,0.145444224713,-4.28296924366,0.0494488536998,0.0182987865915,-1.26026739125,0.0206914370592,0.0504773065749,0.0493645584381,0.026910469667,0.128910305381,0.0497502285738,0.0615689066628,0.128910305381,0.292151555895,0.206260170372,89,0.0114543114543,-0.39465287138,-0.0540540540541,0,0,110,13,106,1103,0.509259259259,0.98835125448,0.0116487455197,0.490740740741,0.894308943089,0.509259259259,0.648967551622,0.633552799774,0.49761051374,0.480349344978,37,130,0,0,0,0
1613,WLNM_dir_neg,0.948860946746,0.796027068897,00:00:04,10,40,30,1234218154,threshold_sweep,0.2,0.96,0.184615384615,0.309677419355,24,1,106,259,0.184615384615,0.996153846154,0.00384615384615,0.815384615385,0.96,0.184615384615,0.309677419355,0.725641025641,0.645299145299,0.226506024096,0.347909608793,0.180769230769,216,86,130,0,216,0,86,0,130,37,216,0.162162162162,1.32432432432,11.6756756757,21.6,6,8.1990990496,0.702237650082,0.31006006006,10.329336629,1.76937710775,0.765265265265,3.0868314707,0.528762798222,0.252752752753,0.579945114934,0.437917739848,2,1.32432432432,0.579945114934,2,0.0121701261701,0.00597269624573,7,0.000900900900901,0.621196581197,37,37,37,1,0,0.72972972973,0.243243243243,0.027027027027,37,0.0645645645646,1.32432432432,4.64864864865,8.6,2.86666666667,3.69846977528,0.795601056311,0.425832809554,4.16369263231,1.7913561325,0.778755499686,1.91563818861,0.824169918356,0.453802639849,0.579945114934,0.437917739848,2,1.35294117647,0.597081434027,2,0,0,0,0,0.183768803818,37,34,34,0.918918918919,0,0.648648648649,0.162162162162,0.108108108108,37,111,0.0833333333333,1.32432432432,6,11.1,3.26470588235,4.99444135459,0.832406892432,0.417092768444,5.48229473447,1.82743157816,0.775748721695,1.91485421551,0.638284738504,0.349646944242,0.579945114934,0.437917739848,2,1.34285714286,0.591252764842,2,0.0146681096681,0.0179282868526,6,0.000772200772201,0.227087493984,37,35,35,0.945945945946,0,0.675675675676,0.243243243243,0.027027027027,-105,-0.0788288288288,0,-5.67567567568,-10.5,-2.73529411765,-3.20465769501,0.13016924235,0.107032708384,-4.84704189453,0.0580544704101,0.0104834564294,-1.17197725519,0.109521940282,0.0968941914888,0,0,0,0.0185328185328,0.0113076499071,0,0.00249798349798,0.0119555906069,-1,-0.0001287001287,-0.394109087212,-0.0540540540541,0,0,110,1,106,1115,0.509259259259,0.999103942652,0.00089605734767,0.490740740741,0.990990990991,0.509259259259,0.672782874618,0.677975122038,0.508363201912,0.506912442396,25,130,0,0,0,0
1614,WLNM_dir_neg,0.948860946746,0.796027068897,00:00:04,10,40,30,1234218154,threshold_sweep,0.3,0.96,0.184615384615,0.309677419355,24,1,106,259,0.184615384615,0.996153846154,0.00384615384615,0.815384615385,0.96,0.184615384615,0.309677419355,0.725641025641,0.645299145299,0.226506024096,0.347909608793,0.180769230769,216,86,130,0,216,0,86,0,130,37,216,0.162162162162,1.32432432432,11.6756756757,21.6,6,8.1990990496,0.702237650082,0.31006006006,10.329336629,1.76937710775,0.765265265265,3.0868314707,0.528762798222,0.252752752753,0.579945114934,0.437917739848,2,1.32432432432,0.579945114934,2,0.0121701261701,0.00597269624573,7,0.000900900900901,0.621196581197,37,37,37,1,0,0.72972972973,0.243243243243,0.027027027027,37,0.0645645645646,1.32432432432,4.64864864865,8.6,2.86666666667,3.69846977528,0.795601056311,0.425832809554,4.16369263231,1.7913561325,0.778755499686,1.91563818861,0.824169918356,0.453802639849,0.579945114934,0.437917739848,2,1.35294117647,0.597081434027,2,0,0,0,0,0.183768803818,37,34,34,0.918918918919,0,0.648648648649,0.162162162162,0.108108108108,37,111,0.0833333333333,1.32432432432,6,11.1,3.26470588235,4.99444135459,0.832406892432,0.417092768444,5.48229473447,1.82743157816,0.775748721695,1.91485421551,0.638284738504,0.349646944242,0.579945114934,0.437917739848,2,1.34285714286,0.591252764842,2,0.0146681096681,0.0179282868526,6,0.000772200772201,0.227087493984,37,35,35,0.945945945946,0,0.675675675676,0.243243243243,0.027027027027,-105,-0.0788288288288,0,-5.67567567568,-10.5,-2.73529411765,-3.20465769501,0.13016924235,0.107032708384,-4.84704189453,0.0580544704101,0.0104834564294,-1.17197725519,0.109521940282,0.0968941914888,0,0,0,0.0185328185328,0.0113076499071,0,0.00249798349798,0.0119555906069,-1,-0.0001287001287,-0.394109087212,-0.0540540540541,0,0,110,1,106,1115,0.509259259259,0.999103942652,0.00089605734767,0.490740740741,0.990990990991,0.509259259259,0.672782874618,0.677975122038,0.508363201912,0.506912442396,25,130,0,0,0,0
1615,WLNM_dir_neg,0.948860946746,0.796027068897,00:00:04,10,40,30,1234218154,threshold_sweep,0.4,0.96,0.184615384615,0.309677419355,24,1,106,259,0.184615384615,0.996153846154,0.00384615384615,0.815384615385,0.96,0.184615384615,0.309677419355,0.725641025641,0.645299145299,0.226506024096,0.347909608793,0.180769230769,216,86,130,0,216,0,86,0,130,37,216,0.162162162162,1.32432432432,11.6756756757,21.6,6,8.1990990496,0.702237650082,0.31006006006,10.329336629,1.76937710775,0.765265265265,3.0868314707,0.528762798222,0.252752752753,0.579945114934,0.437917739848,2,1.32432432432,0.579945114934,2,0.0121701261701,0.00597269624573,7,0.000900900900901,0.621196581197,37,37,37,1,0,0.72972972973,0.243243243243,0.027027027027,37,0.0645645645646,1.32432432432,4.64864864865,8.6,2.86666666667,3.69846977528,0.795601056311,0.425832809554,4.16369263231,1.7913561325,0.778755499686,1.91563818861,0.824169918356,0.453802639849,0.579945114934,0.437917739848,2,1.35294117647,0.597081434027,2,0,0,0,0,0.183768803818,37,34,34,0.918918918919,0,0.648648648649,0.162162162162,0.108108108108,37,111,0.0833333333333,1.32432432432,6,11.1,3.26470588235,4.99444135459,0.832406892432,0.417092768444,5.48229473447,1.82743157816,0.775748721695,1.91485421551,0.638284738504,0.349646944242,0.579945114934,0.437917739848,2,1.34285714286,0.591252764842,2,0.0146681096681,0.0179282868526,6,0.000772200772201,0.227087493984,37,35,35,0.945945945946,0,0.675675675676,0.243243243243,0.027027027027,-105,-0.0788288288288,0,-5.67567567568,-10.5,-2.73529411765,-3.20465769501,0.13016924235,0.107032708384,-4.84704189453,0.0580544704101,0.0104834564294,-1.17197725519,0.109521940282,0.0968941914888,0,0,0,0.0185328185328,0.0113076499071,0,0.00249798349798,0.0119555906069,-1,-0.0001287001287,-0.394109087212,-0.0540540540541,0,0,110,1,106,1115,0.509259259259,0.999103942652,0.00089605734767,0.490740740741,0.990990990991,0.509259259259,0.672782874618,0.677975122038,0.508363201912,0.506912442396,25,130,0,0,0,0
1616,WLNM_dir_neg,0.948860946746,0.796027068897,00:00:04,10,40,30,1234218154,threshold_sweep,0.5,0.96,0.184615384615,0.309677419355,24,1,106,259,0.184615384615,0.996153846154,0.00384615384615,0.815384615385,0.96,0.184615384615,0.309677419355,0.725641025641,0.645299145299,0.226506024096,0.347909608793,0.180769230769,216,86,130,0,216,0,86,0,130,37,216,0.162162162162,1.32432432432,11.6756756757,21.6,6,8.1990990496,0.702237650082,0.31006006006,10.329336629,1.76937710775,0.765265265265,3.0868314707,0.528762798222,0.252752752753,0.579945114934,0.437917739848,2,1.32432432432,0.579945114934,2,0.0121701261701,0.00597269624573,7,0.000900900900901,0.621196581197,37,37,37,1,0,0.72972972973,0.243243243243,0.027027027027,37,0.0645645645646,1.32432432432,4.64864864865,8.6,2.86666666667,3.69846977528,0.795601056311,0.425832809554,4.16369263231,1.7913561325,0.778755499686,1.91563818861,0.824169918356,0.453802639849,0.579945114934,0.437917739848,2,1.35294117647,0.597081434027,2,0,0,0,0,0.183768803818,37,34,34,0.918918918919,0,0.648648648649,0.162162162162,0.108108108108,37,111,0.0833333333333,1.32432432432,6,11.1,3.26470588235,4.99444135459,0.832406892432,0.417092768444,5.48229473447,1.82743157816,0.775748721695,1.91485421551,0.638284738504,0.349646944242,0.579945114934,0.437917739848,2,1.34285714286,0.591252764842,2,0.0146681096681,0.0179282868526,6,0.000772200772201,0.227087493984,37,35,35,0.945945945946,0,0.675675675676,0.243243243243,0.027027027027,-105,-0.0788288288288,0,-5.67567567568,-10.5,-2.73529411765,-3.20465769501,0.13016924235,0.107032708384,-4.84704189453,0.0580544704101,0.0104834564294,-1.17197725519,0.109521940282,0.0968941914888,0,0,0,0.0185328185328,0.0113076499071,0,0.00249798349798,0.0119555906069,-1,-0.0001287001287,-0.394109087212,-0.0540540540541,0,0,110,1,106,1115,0.509259259259,0.999103942652,0.00089605734767,0.490740740741,0.990990990991,0.509259259259,0.672782874618,0.677975122038,0.508363201912,0.506912442396,25,130,0,0,0,0
1617,WLNM_dir_neg,0.948860946746,0.796027068897,00:00:04,10,40,30,1234218154,threshold_sweep,0.6,0.96,0.184615384615,0.309677419355,24,1,106,259,0.184615384615,0.996153846154,0.00384615384615,0.815384615385,0.96,0.184615384615,0.309677419355,0.725641025641,0.645299145299,0.226506024096,0.347909608793,0.180769230769,216,86,130,0,216,0,86,0,130,37,216,0.162162162162,1.32432432432,11.6756756757,21.6,6,8.1990990496,0.702237650082,0.31006006006,10.329336629,1.76937710775,0.765265265265,3.0868314707,0.528762798222,0.252752752753,0.579945114934,0.437917739848,2,1.32432432432,0.579945114934,2,0.0121701261701,0.00597269624573,7,0.000900900900901,0.621196581197,37,37,37,1,0,0.72972972973,0.243243243243,0.027027027027,37,0.0645645645646,1.32432432432,4.64864864865,8.6,2.86666666667,3.69846977528,0.795601056311,0.425832809554,4.16369263231,1.7913561325,0.778755499686,1.91563818861,0.824169918356,0.453802639849,0.579945114934,0.437917739848,2,1.35294117647,0.597081434027,2,0,0,0,0,0.183768803818,37,34,34,0.918918918919,0,0.648648648649,0.162162162162,0.108108108108,37,111,0.0833333333333,1.32432432432,6,11.1,3.26470588235,4.99444135459,0.832406892432,0.417092768444,5.48229473447,1.82743157816,0.775748721695,1.91485421551,0.638284738504,0.349646944242,0.579945114934,0.437917739848,2,1.34285714286,0.591252764842,2,0.0146681096681,0.0179282868526,6,0.000772200772201,0.227087493984,37,35,35,0.945945945946,0,0.675675675676,0.243243243243,0.027027027027,-105,-0.0788288288288,0,-5.67567567568,-10.5,-2.73529411765,-3.20465769501,0.13016924235,0.107032708384,-4.84704189453,0.0580544704101,0.0104834564294,-1.17197725519,0.109521940282,0.0968941914888,0,0,0,0.0185328185328,0.0113076499071,0,0.00249798349798,0.0119555906069,-1,-0.0001287001287,-0.394109087212,-0.0540540540541,0,0,110,1,106,1115,0.509259259259,0.999103942652,0.00089605734767,0.490740740741,0.990990990991,0.509259259259,0.672782874618,0.677975122038,0.508363201912,0.506912442396,25,130,0,0,0,0
1618,WLNM_dir_neg,0.948860946746,0.796027068897,00:00:04,10,40,30,1234218154,threshold_sweep,0.7,0.96,0.184615384615,0.309677419355,24,1,106,259,0.184615384615,0.996153846154,0.00384615384615,0.815384615385,0.96,0.184615384615,0.309677419355,0.725641025641,0.645299145299,0.226506024096,0.347909608793,0.180769230769,216,86,130,0,216,0,86,0,130,37,216,0.162162162162,1.32432432432,11.6756756757,21.6,6,8.1990990496,0.702237650082,0.31006006006,10.329336629,1.76937710775,0.765265265265,3.0868314707,0.528762798222,0.252752752753,0.579945114934,0.437917739848,2,1.32432432432,0.579945114934,2,0.0121701261701,0.00597269624573,7,0.000900900900901,0.621196581197,37,37,37,1,0,0.72972972973,0.243243243243,0.027027027027,37,0.0645645645646,1.32432432432,4.64864864865,8.6,2.86666666667,3.69846977528,0.795601056311,0.425832809554,4.16369263231,1.7913561325,0.778755499686,1.91563818861,0.824169918356,0.453802639849,0.579945114934,0.437917739848,2,1.35294117647,0.597081434027,2,0,0,0,0,0.183768803818,37,34,34,0.918918918919,0,0.648648648649,0.162162162162,0.108108108108,37,111,0.0833333333333,1.32432432432,6,11.1,3.26470588235,4.99444135459,0.832406892432,0.417092768444,5.48229473447,1.82743157816,0.775748721695,1.91485421551,0.638284738504,0.349646944242,0.579945114934,0.437917739848,2,1.34285714286,0.591252764842,2,0.0146681096681,0.0179282868526,6,0.000772200772201,0.227087493984,37,35,35,0.945945945946,0,0.675675675676,0.243243243243,0.027027027027,-105,-0.0788288288288,0,-5.67567567568,-10.5,-2.73529411765,-3.20465769501,0.13016924235,0.107032708384,-4.84704189453,0.0580544704101,0.0104834564294,-1.17197725519,0.109521940282,0.0968941914888,0,0,0,0.0185328185328,0.0113076499071,0,0.00249798349798,0.0119555906069,-1,-0.0001287001287,-0.394109087212,-0.0540540540541,0,0,110,1,106,1115,0.509259259259,0.999103942652,0.00089605734767,0.490740740741,0.990990990991,0.509259259259,0.672782874618,0.677975122038,0.508363201912,0.506912442396,25,130,0,0,0,0
1619,WLNM_dir_neg,0.948860946746,0.796027068897,00:00:04,10,40,30,1234218154,threshold_sweep,0.8,0.96,0.184615384615,0.309677419355,24,1,106,259,0.184615384615,0.996153846154,0.00384615384615,0.815384615385,0.96,0.184615384615,0.309677419355,0.725641025641,0.645299145299,0.226506024096,0.347909608793,0.180769230769,216,86,130,0,216,0,86,0,130,37,216,0.162162162162,1.32432432432,11.6756756757,21.6,6,8.1990990496,0.702237650082,0.31006006006,10.329336629,1.76937710775,0.765265265265,3.0868314707,0.528762798222,0.252752752753,0.579945114934,0.437917739848,2,1.32432432432,0.579945114934,2,0.0121701261701,0.00597269624573,7,0.000900900900901,0.621196581197,37,37,37,1,0,0.72972972973,0.243243243243,0.027027027027,37,0.0645645645646,1.32432432432,4.64864864865,8.6,2.86666666667,3.69846977528,0.795601056311,0.425832809554,4.16369263231,1.7913561325,0.778755499686,1.91563818861,0.824169918356,0.453802639849,0.579945114934,0.437917739848,2,1.35294117647,0.597081434027,2,0,0,0,0,0.183768803818,37,34,34,0.918918918919,0,0.648648648649,0.162162162162,0.108108108108,37,111,0.0833333333333,1.32432432432,6,11.1,3.26470588235,4.99444135459,0.832406892432,0.417092768444,5.48229473447,1.82743157816,0.775748721695,1.91485421551,0.638284738504,0.349646944242,0.579945114934,0.437917739848,2,1.34285714286,0.591252764842,2,0.0146681096681,0.0179282868526,6,0.000772200772201,0.227087493984,37,35,35,0.945945945946,0,0.675675675676,0.243243243243,0.027027027027,-105,-0.0788288288288,0,-5.67567567568,-10.5,-2.73529411765,-3.20465769501,0.13016924235,0.107032708384,-4.84704189453,0.0580544704101,0.0104834564294,-1.17197725519,0.109521940282,0.0968941914888,0,0,0,0.0185328185328,0.0113076499071,0,0.00249798349798,0.0119555906069,-1,-0.0001287001287,-0.394109087212,-0.0540540540541,0,0,110,1,106,1115,0.509259259259,0.999103942652,0.00089605734767,0.490740740741,0.990990990991,0.509259259259,0.672782874618,0.677975122038,0.508363201912,0.506912442396,25,130,0,0,0,0
1620,WLNM_dir_neg,0.948860946746,0.796027068897,00:00:04,10,40,30,1234218154,threshold_sweep,0.9,0.96,0.184615384615,0.309677419355,24,1,106,259,0.184615384615,0.996153846154,0.00384615384615,0.815384615385,0.96,0.184615384615,0.309677419355,0.725641025641,0.645299145299,0.226506024096,0.347909608793,0.180769230769,216,86,130,0,216,0,86,0,130,37,216,0.162162162162,1.32432432432,11.6756756757,21.6,6,8.1990990496,0.702237650082,0.31006006006,10.329336629,1.76937710775,0.765265265265,3.0868314707,0.528762798222,0.252752752753,0.579945114934,0.437917739848,2,1.32432432432,0.579945114934,2,0.0121701261701,0.00597269624573,7,0.000900900900901,0.621196581197,37,37,37,1,0,0.72972972973,0.243243243243,0.027027027027,37,0.0645645645646,1.32432432432,4.64864864865,8.6,2.86666666667,3.69846977528,0.795601056311,0.425832809554,4.16369263231,1.7913561325,0.778755499686,1.91563818861,0.824169918356,0.453802639849,0.579945114934,0.437917739848,2,1.35294117647,0.597081434027,2,0,0,0,0,0.183768803818,37,34,34,0.918918918919,0,0.648648648649,0.162162162162,0.108108108108,37,111,0.0833333333333,1.32432432432,6,11.1,3.26470588235,4.99444135459,0.832406892432,0.417092768444,5.48229473447,1.82743157816,0.775748721695,1.91485421551,0.638284738504,0.349646944242,0.579945114934,0.437917739848,2,1.34285714286,0.591252764842,2,0.0146681096681,0.0179282868526,6,0.000772200772201,0.227087493984,37,35,35,0.945945945946,0,0.675675675676,0.243243243243,0.027027027027,-105,-0.0788288288288,0,-5.67567567568,-10.5,-2.73529411765,-3.20465769501,0.13016924235,0.107032708384,-4.84704189453,0.0580544704101,0.0104834564294,-1.17197725519,0.109521940282,0.0968941914888,0,0,0,0.0185328185328,0.0113076499071,0,0.00249798349798,0.0119555906069,-1,-0.0001287001287,-0.394109087212,-0.0540540540541,0,0,110,1,106,1115,0.509259259259,0.999103942652,0.00089605734767,0.490740740741,0.990990990991,0.509259259259,0.672782874618,0.677975122038,0.508363201912,0.506912442396,25,130,0,0,0,0
1621,WLNM_dir_neg,0.979230769231,0.87245815927,00:00:02,10,40,31,1234218155,threshold_sweep,0.1,0.848484848485,0.215384615385,0.343558282209,28,5,102,255,0.215384615385,0.980769230769,0.0192307692308,0.784615384615,0.848484848485,0.215384615385,0.343558282209,0.725641025641,0.638461538462,0.241134751773,0.332249319622,0.196153846154,216,86,130,0,216,0,86,0,130,37,216,0.162162162162,1.32432432432,11.6756756757,21.6,6,8.1990990496,0.702237650082,0.31006006006,10.329336629,1.76937710775,0.765265265265,3.0868314707,0.528762798222,0.252752752753,0.579945114934,0.437917739848,2,1.32432432432,0.579945114934,2,0.0121701261701,0.00597269624573,7,0.000900900900901,0.621196581197,37,37,37,1,0,0.72972972973,0.243243243243,0.027027027027,37,0.0645645645646,1.32432432432,4.64864864865,8.6,2.86666666667,3.64551639549,0.784209922286,0.390320553111,4.24299457966,1.82547441218,0.786926461345,1.59954948612,0.688178267286,0.379635449403,0.579945114934,0.437917739848,2,1.34285714286,0.591252764842,2,0,0,0,0,0.147630468946,37,35,35,0.945945945946,0,0.675675675676,0.135135135135,0.135135135135,37,119,0.0893393393393,1.33310521236,6.43243243243,11.9,3.4,5.45965271861,0.848769540288,0.403361344538,5.88847808641,1.83087133779,0.775380422439,1.51171600682,0.470029346659,0.248921190098,0.593829452579,0.445448301511,2.03281746032,1.34235813492,0.599541772541,2.03281746032,0.175027015468,0.119188503804,47,0.00604890604891,0.196815092298,37,36,36,0.972972972973,0,0.702702702703,0.243243243243,0.027027027027,-97,-0.0728228228228,0.00878088803089,-5.24324324324,-9.7,-2.6,-2.739446331,0.146531890206,0.0933012844778,-4.44085854259,0.0614942300472,0.010115157174,-1.57511546388,-0.0587334515631,-0.00383156265509,0.0138843376445,0.00753056166242,0.0328174603175,0.0180338105963,0.0195966576069,0.0328174603175,0.162856889298,0.113215807558,40,0.00514800514801,-0.424381488898,-0.027027027027,0,0,114,5,102,1111,0.527777777778,0.995519713262,0.00448028673835,0.472222222222,0.957983193277,0.527777777778,0.680597014925,0.676244497372,0.523297491039,0.515837104072,33,130,0,0,0,0
1622,WLNM_dir_neg,0.979230769231,0.87245815927,00:00:02,10,40,31,1234218155,threshold_sweep,0.2,0.848484848485,0.215384615385,0.343558282209,28,5,102,255,0.215384615385,0.980769230769,0.0192307692308,0.784615384615,0.848484848485,0.215384615385,0.343558282209,0.725641025641,0.638461538462,0.241134751773,0.332249319622,0.196153846154,216,86,130,0,216,0,86,0,130,37,216,0.162162162162,1.32432432432,11.6756756757,21.6,6,8.1990990496,0.702237650082,0.31006006006,10.329336629,1.76937710775,0.765265265265,3.0868314707,0.528762798222,0.252752752753,0.579945114934,0.437917739848,2,1.32432432432,0.579945114934,2,0.0121701261701,0.00597269624573,7,0.000900900900901,0.621196581197,37,37,37,1,0,0.72972972973,0.243243243243,0.027027027027,37,0.0645645645646,1.32432432432,4.64864864865,8.6,2.86666666667,3.64551639549,0.784209922286,0.390320553111,4.24299457966,1.82547441218,0.786926461345,1.59954948612,0.688178267286,0.379635449403,0.579945114934,0.437917739848,2,1.34285714286,0.591252764842,2,0,0,0,0,0.147630468946,37,35,35,0.945945945946,0,0.675675675676,0.135135135135,0.135135135135,37,119,0.0893393393393,1.33310521236,6.43243243243,11.9,3.4,5.45965271861,0.848769540288,0.403361344538,5.88847808641,1.83087133779,0.775380422439,1.51171600682,0.470029346659,0.248921190098,0.593829452579,0.445448301511,2.03281746032,1.34235813492,0.599541772541,2.03281746032,0.175027015468,0.119188503804,47,0.00604890604891,0.196815092298,37,36,36,0.972972972973,0,0.702702702703,0.243243243243,0.027027027027,-97,-0.0728228228228,0.00878088803089,-5.24324324324,-9.7,-2.6,-2.739446331,0.146531890206,0.0933012844778,-4.44085854259,0.0614942300472,0.010115157174,-1.57511546388,-0.0587334515631,-0.00383156265509,0.0138843376445,0.00753056166242,0.0328174603175,0.0180338105963,0.0195966576069,0.0328174603175,0.162856889298,0.113215807558,40,0.00514800514801,-0.424381488898,-0.027027027027,0,0,114,5,102,1111,0.527777777778,0.995519713262,0.00448028673835,0.472222222222,0.957983193277,0.527777777778,0.680597014925,0.676244497372,0.523297491039,0.515837104072,33,130,0,0,0,0
1623,WLNM_dir_neg,0.979230769231,0.87245815927,00:00:02,10,40,31,1234218155,threshold_sweep,0.3,0.848484848485,0.215384615385,0.343558282209,28,5,102,255,0.215384615385,0.980769230769,0.0192307692308,0.784615384615,0.848484848485,0.215384615385,0.343558282209,0.725641025641,0.638461538462,0.241134751773,0.332249319622,0.196153846154,216,86,130,0,216,0,86,0,130,37,216,0.162162162162,1.32432432432,11.6756756757,21.6,6,8.1990990496,0.702237650082,0.31006006006,10.329336629,1.76937710775,0.765265265265,3.0868314707,0.528762798222,0.252752752753,0.579945114934,0.437917739848,2,1.32432432432,0.579945114934,2,0.0121701261701,0.00597269624573,7,0.000900900900901,0.621196581197,37,37,37,1,0,0.72972972973,0.243243243243,0.027027027027,37,0.0645645645646,1.32432432432,4.64864864865,8.6,2.86666666667,3.64551639549,0.784209922286,0.390320553111,4.24299457966,1.82547441218,0.786926461345,1.59954948612,0.688178267286,0.379635449403,0.579945114934,0.437917739848,2,1.34285714286,0.591252764842,2,0,0,0,0,0.147630468946,37,35,35,0.945945945946,0,0.675675675676,0.135135135135,0.135135135135,37,119,0.0893393393393,1.33310521236,6.43243243243,11.9,3.4,5.45965271861,0.848769540288,0.403361344538,5.88847808641,1.83087133779,0.775380422439,1.51171600682,0.470029346659,0.248921190098,0.593829452579,0.445448301511,2.03281746032,1.34235813492,0.599541772541,2.03281746032,0.175027015468,0.119188503804,47,0.00604890604891,0.196815092298,37,36,36,0.972972972973,0,0.702702702703,0.243243243243,0.027027027027,-97,-0.0728228228228,0.00878088803089,-5.24324324324,-9.7,-2.6,-2.739446331,0.146531890206,0.0933012844778,-4.44085854259,0.0614942300472,0.010115157174,-1.57511546388,-0.0587334515631,-0.00383156265509,0.0138843376445,0.00753056166242,0.0328174603175,0.0180338105963,0.0195966576069,0.0328174603175,0.162856889298,0.113215807558,40,0.00514800514801,-0.424381488898,-0.027027027027,0,0,114,5,102,1111,0.527777777778,0.995519713262,0.00448028673835,0.472222222222,0.957983193277,0.527777777778,0.680597014925,0.676244497372,0.523297491039,0.515837104072,33,130,0,0,0,0
1624,WLNM_dir_neg,0.979230769231,0.87245815927,00:00:02,10,40,31,1234218155,threshold_sweep,0.4,0.857142857143,0.184615384615,0.303797468354,24,4,106,256,0.184615384615,0.984615384615,0.0153846153846,0.815384615385,0.857142857143,0.184615384615,0.303797468354,0.717948717949,0.642735042735,0.210526315789,0.309032658305,0.169230769231,216,86,130,0,216,0,86,0,130,37,216,0.162162162162,1.32432432432,11.6756756757,21.6,6,8.1990990496,0.702237650082,0.31006006006,10.329336629,1.76937710775,0.765265265265,3.0868314707,0.528762798222,0.252752752753,0.579945114934,0.437917739848,2,1.32432432432,0.579945114934,2,0.0121701261701,0.00597269624573,7,0.000900900900901,0.621196581197,37,37,37,1,0,0.72972972973,0.243243243243,0.027027027027,37,0.0645645645646,1.32432432432,4.64864864865,8.6,2.86666666667,3.64551639549,0.784209922286,0.390320553111,4.24299457966,1.82547441218,0.786926461345,1.59954948612,0.688178267286,0.379635449403,0.579945114934,0.437917739848,2,1.34285714286,0.591252764842,2,0,0,0,0,0.147630468946,37,35,35,0.945945945946,0,0.675675675676,0.135135135135,0.135135135135,37,114,0.0855855855856,1.33627265659,6.16216216216,11.4,3.35294117647,5.1343803776,0.833210850751,0.397818871503,5.6929702186,1.84771840428,0.782361308677,1.63941687428,0.532091441654,0.285443338075,0.605347031468,0.453011612926,2.18985615079,1.35548823696,0.617226697762,2.18985615079,0.139567083244,0.0903104421449,32,0.0041184041184,0.191904911821,37,35,35,0.945945945946,0,0.675675675676,0.243243243243,0.027027027027,-102,-0.0765765765766,0.0119483322608,-5.51351351351,-10.2,-2.64705882353,-3.06471867201,0.130973200669,0.087758811443,-4.6363664104,0.0783412965384,0.0170960434118,-1.44741459642,0.00332864343119,0.0326905853222,0.0254019165337,0.0150938730772,0.189856150794,0.0311639126371,0.0372815828271,0.189856150794,0.127396957073,0.0843377458991,25,0.0032175032175,-0.429291669375,-0.0540540540541,0,0,110,4,106,1112,0.509259259259,0.996415770609,0.00358422939068,0.490740740741,0.964912280702,0.509259259259,0.666666666667,0.666276371367,0.505675029869,0.5,28,130,0,0,0,0
1625,WLNM_dir_neg,0.979230769231,0.87245815927,00:00:02,10,40,31,1234218155,threshold_sweep,0.5,0.888888888889,0.184615384615,0.305732484076,24,3,106,257,0.184615384615,0.988461538462,0.0115384615385,0.815384615385,0.888888888889,0.184615384615,0.305732484076,0.720512820513,0.64358974359,0.215827338129,0.321412173267,0.173076923077,216,86,130,0,216,0,86,0,130,37,216,0.162162162162,1.32432432432,11.6756756757,21.6,6,8.1990990496,0.702237650082,0.31006006006,10.329336629,1.76937710775,0.765265265265,3.0868314707,0.528762798222,0.252752752753,0.579945114934,0.437917739848,2,1.32432432432,0.579945114934,2,0.0121701261701,0.00597269624573,7,0.000900900900901,0.621196581197,37,37,37,1,0,0.72972972973,0.243243243243,0.027027027027,37,0.0645645645646,1.32432432432,4.64864864865,8.6,2.86666666667,3.64551639549,0.784209922286,0.390320553111,4.24299457966,1.82547441218,0.786926461345,1.59954948612,0.688178267286,0.379635449403,0.579945114934,0.437917739848,2,1.34285714286,0.591252764842,2,0,0,0,0,0.147630468946,37,35,35,0.945945945946,0,0.675675675676,0.135135135135,0.135135135135,37,113,0.0848348348348,1.33406062312,6.10810810811,11.3,3.32352941176,5.0595552274,0.828334262893,0.394642430041,5.64183749592,1.84732732167,0.78115283425,1.66576552215,0.545427648845,0.293231284382,0.602224468763,0.45142211555,2.18836805556,1.35314980159,0.614059019543,2.18836805556,0.109720296044,0.0722543352601,25,0.0032175032175,0.19334286946,37,35,35,0.945945945946,0,0.675675675676,0.243243243243,0.027027027027,-103,-0.0773273273273,0.0097362987988,-5.56756756757,-10.3,-2.67647058824,-3.13954382221,0.126096612811,0.0845823699806,-4.68749913308,0.0779502139265,0.0158875689849,-1.42106594856,0.0166648506223,0.040478531629,0.0222793538281,0.0135043757018,0.188368055556,0.028825477263,0.0341139046087,0.188368055556,0.0975501698737,0.0662816390144,18,0.0023166023166,-0.427853711736,-0.0540540540541,0,0,110,3,106,1113,0.509259259259,0.997311827957,0.00268817204301,0.490740740741,0.973451327434,0.509259259259,0.668693009119,0.670128821595,0.506571087216,0.502283105023,27,130,0,0,0,0
1626,WLNM_dir_neg,0.979230769231,0.87245815927,00:00:02,10,40,31,1234218155,threshold_sweep,0.6,0.888888888889,0.184615384615,0.305732484076,24,3,106,257,0.184615384615,0.988461538462,0.0115384615385,0.815384615385,0.888888888889,0.184615384615,0.305732484076,0.720512820513,0.64358974359,0.215827338129,0.321412173267,0.173076923077,216,86,130,0,216,0,86,0,130,37,216,0.162162162162,1.32432432432,11.6756756757,21.6,6,8.1990990496,0.702237650082,0.31006006006,10.329336629,1.76937710775,0.765265265265,3.0868314707,0.528762798222,0.252752752753,0.579945114934,0.437917739848,2,1.32432432432,0.579945114934,2,0.0121701261701,0.00597269624573,7,0.000900900900901,0.621196581197,37,37,37,1,0,0.72972972973,0.243243243243,0.027027027027,37,0.0645645645646,1.32432432432,4.64864864865,8.6,2.86666666667,3.64551639549,0.784209922286,0.390320553111,4.24299457966,1.82547441218,0.786926461345,1.59954948612,0.688178267286,0.379635449403,0.579945114934,0.437917739848,2,1.34285714286,0.591252764842,2,0,0,0,0,0.147630468946,37,35,35,0.945945945946,0,0.675675675676,0.135135135135,0.135135135135,37,113,0.0848348348348,1.33406062312,6.10810810811,11.3,3.32352941176,5.0595552274,0.828334262893,0.394642430041,5.64183749592,1.84732732167,0.78115283425,1.66576552215,0.545427648845,0.293231284382,0.602224468763,0.45142211555,2.18836805556,1.35314980159,0.614059019543,2.18836805556,0.109720296044,0.0722543352601,25,0.0032175032175,0.19334286946,37,35,35,0.945945945946,0,0.675675675676,0.243243243243,0.027027027027,-103,-0.0773273273273,0.0097362987988,-5.56756756757,-10.3,-2.67647058824,-3.13954382221,0.126096612811,0.0845823699806,-4.68749913308,0.0779502139265,0.0158875689849,-1.42106594856,0.0166648506223,0.040478531629,0.0222793538281,0.0135043757018,0.188368055556,0.028825477263,0.0341139046087,0.188368055556,0.0975501698737,0.0662816390144,18,0.0023166023166,-0.427853711736,-0.0540540540541,0,0,110,3,106,1113,0.509259259259,0.997311827957,0.00268817204301,0.490740740741,0.973451327434,0.509259259259,0.668693009119,0.670128821595,0.506571087216,0.502283105023,27,130,0,0,0,0
1627,WLNM_dir_neg,0.979230769231,0.87245815927,00:00:02,10,40,31,1234218155,threshold_sweep,0.7,0.888888888889,0.184615384615,0.305732484076,24,3,106,257,0.184615384615,0.988461538462,0.0115384615385,0.815384615385,0.888888888889,0.184615384615,0.305732484076,0.720512820513,0.64358974359,0.215827338129,0.321412173267,0.173076923077,216,86,130,0,216,0,86,0,130,37,216,0.162162162162,1.32432432432,11.6756756757,21.6,6,8.1990990496,0.702237650082,0.31006006006,10.329336629,1.76937710775,0.765265265265,3.0868314707,0.528762798222,0.252752752753,0.579945114934,0.437917739848,2,1.32432432432,0.579945114934,2,0.0121701261701,0.00597269624573,7,0.000900900900901,0.621196581197,37,37,37,1,0,0.72972972973,0.243243243243,0.027027027027,37,0.0645645645646,1.32432432432,4.64864864865,8.6,2.86666666667,3.64551639549,0.784209922286,0.390320553111,4.24299457966,1.82547441218,0.786926461345,1.59954948612,0.688178267286,0.379635449403,0.579945114934,0.437917739848,2,1.34285714286,0.591252764842,2,0,0,0,0,0.147630468946,37,35,35,0.945945945946,0,0.675675675676,0.135135135135,0.135135135135,37,113,0.0848348348348,1.33406062312,6.10810810811,11.3,3.32352941176,5.0595552274,0.828334262893,0.394642430041,5.64183749592,1.84732732167,0.78115283425,1.66576552215,0.545427648845,0.293231284382,0.602224468763,0.45142211555,2.18836805556,1.35314980159,0.614059019543,2.18836805556,0.109720296044,0.0722543352601,25,0.0032175032175,0.19334286946,37,35,35,0.945945945946,0,0.675675675676,0.243243243243,0.027027027027,-103,-0.0773273273273,0.0097362987988,-5.56756756757,-10.3,-2.67647058824,-3.13954382221,0.126096612811,0.0845823699806,-4.68749913308,0.0779502139265,0.0158875689849,-1.42106594856,0.0166648506223,0.040478531629,0.0222793538281,0.0135043757018,0.188368055556,0.028825477263,0.0341139046087,0.188368055556,0.0975501698737,0.0662816390144,18,0.0023166023166,-0.427853711736,-0.0540540540541,0,0,110,3,106,1113,0.509259259259,0.997311827957,0.00268817204301,0.490740740741,0.973451327434,0.509259259259,0.668693009119,0.670128821595,0.506571087216,0.502283105023,27,130,0,0,0,0
1628,WLNM_dir_neg,0.979230769231,0.87245815927,00:00:02,10,40,31,1234218155,threshold_sweep,0.8,0.923076923077,0.184615384615,0.307692307692,24,2,106,258,0.184615384615,0.992307692308,0.00769230769231,0.815384615385,0.923076923077,0.184615384615,0.307692307692,0.723076923077,0.644444444444,0.221153846154,0.334353187662,0.176923076923,216,86,130,0,216,0,86,0,130,37,216,0.162162162162,1.32432432432,11.6756756757,21.6,6,8.1990990496,0.702237650082,0.31006006006,10.329336629,1.76937710775,0.765265265265,3.0868314707,0.528762798222,0.252752752753,0.579945114934,0.437917739848,2,1.32432432432,0.579945114934,2,0.0121701261701,0.00597269624573,7,0.000900900900901,0.621196581197,37,37,37,1,0,0.72972972973,0.243243243243,0.027027027027,37,0.0645645645646,1.32432432432,4.64864864865,8.6,2.86666666667,3.64551639549,0.784209922286,0.390320553111,4.24299457966,1.82547441218,0.786926461345,1.59954948612,0.688178267286,0.379635449403,0.579945114934,0.437917739848,2,1.34285714286,0.591252764842,2,0,0,0,0,0.147630468946,37,35,35,0.945945945946,0,0.675675675676,0.135135135135,0.135135135135,37,112,0.0840840840841,1.33277027027,6.05405405405,11.2,3.29411764706,4.90434017504,0.810091903914,0.38972007722,5.5401889583,1.83024099515,0.77944015444,1.65808601986,0.547760560132,0.295849420849,0.600422042662,0.450506779792,2.1875,1.35178571429,0.612230997372,2.1875,0.0497786527198,0.039039039039,13,0.0016731016731,0.193353856247,37,35,35,0.945945945946,0,0.675675675676,0.243243243243,0.027027027027,-104,-0.0780780780781,0.00844594594595,-5.62162162162,-10.4,-2.70588235294,-3.29475887456,0.107854253832,0.07966001716,-4.7891476707,0.0608638874081,0.0141748891749,-1.42874545085,0.0189977619093,0.0430966680967,0.0204769277276,0.0125890399436,0.1875,0.0274613899614,0.0322858824379,0.1875,0.0376085265497,0.0330663427933,6,0.000772200772201,-0.427842724949,-0.0540540540541,0,0,110,2,106,1114,0.509259259259,0.998207885305,0.00179211469534,0.490740740741,0.982142857143,0.509259259259,0.670731707317,0.674028058485,0.507467144564,0.504587155963,26,130,0,0,0,0
1629,WLNM_dir_neg,0.979230769231,0.87245815927,00:00:02,10,40,31,1234218155,threshold_sweep,0.9,0.92,0.176923076923,0.296774193548,23,2,107,258,0.176923076923,0.992307692308,0.00769230769231,0.823076923077,0.92,0.176923076923,0.296774193548,0.720512820513,0.645299145299,0.212048192771,0.325702612487,0.169230769231,216,86,130,0,216,0,86,0,130,37,216,0.162162162162,1.32432432432,11.6756756757,21.6,6,8.1990990496,0.702237650082,0.31006006006,10.329336629,1.76937710775,0.765265265265,3.0868314707,0.528762798222,0.252752752753,0.579945114934,0.437917739848,2,1.32432432432,0.579945114934,2,0.0121701261701,0.00597269624573,7,0.000900900900901,0.621196581197,37,37,37,1,0,0.72972972973,0.243243243243,0.027027027027,37,0.0645645645646,1.32432432432,4.64864864865,8.6,2.86666666667,3.64551639549,0.784209922286,0.390320553111,4.24299457966,1.82547441218,0.786926461345,1.59954948612,0.688178267286,0.379635449403,0.579945114934,0.437917739848,2,1.34285714286,0.591252764842,2,0,0,0,0,0.147630468946,37,35,35,0.945945945946,0,0.675675675676,0.135135135135,0.135135135135,37,111,0.0833333333333,1.33378378378,6,11.1,3.26470588235,4.87054639873,0.811757733122,0.387874360847,5.52770798393,1.84256932798,0.782079376674,1.68325082306,0.561083607687,0.303384465547,0.603662700804,0.452594122183,2.225,1.35285714286,0.615561810432,2.225,0.0515257618199,0.0366598778004,12,0.0015444015444,0.191006820567,37,35,35,0.945945945946,0,0.675675675676,0.243243243243,0.027027027027,-105,-0.0788288288288,0.00945945945946,-5.67567567568,-10.5,-2.73529411765,-3.32855265087,0.10952008304,0.0778143007873,-4.80162864507,0.0731922202299,0.0168141114087,-1.40358064764,0.0323208094643,0.0506317127939,0.0237175858692,0.0146763823346,0.225,0.0285328185328,0.035616695498,0.225,0.0393556356498,0.0306871815547,5,0.000643500643501,-0.43018976063,-0.0540540540541,0,0,109,2,107,1114,0.50462962963,0.998207885305,0.00179211469534,0.49537037037,0.981981981982,0.50462962963,0.666666666667,0.670605827233,0.502837514934,0.5,25,130,0,0,0,0
1630,WLNM_dir_neg,0.989556213018,0.957280042867,00:00:02,10,40,32,1234218156,threshold_sweep,0.1,1,0.215384615385,0.354430379747,28,0,102,260,0.215384615385,1,0,0.784615384615,1,0.215384615385,0.354430379747,0.738461538462,0.642735042735,0.267942583732,0.393314292388,0.215384615385,216,86,130,0,216,0,86,0,130,37,216,0.162162162162,1.32432432432,11.6756756757,21.6,6,8.1990990496,0.702237650082,0.31006006006,10.329336629,1.76937710775,0.765265265265,3.0868314707,0.528762798222,0.252752752753,0.579945114934,0.437917739848,2,1.32432432432,0.579945114934,2,0.0121701261701,0.00597269624573,7,0.000900900900901,0.621196581197,37,37,37,1,0,0.72972972973,0.243243243243,0.027027027027,37,0.0645645645646,1.31081081081,4.64864864865,8.6,2.96551724138,3.72839119472,0.802037640726,0.401634192332,4.42878246408,1.90540640896,0.798868636078,1.84170895961,0.79236315704,0.435575109994,0.544560874969,0.415438193275,2,1.31944444444,0.549711323953,2,0,0,0,0,0.161662433904,37,36,36,0.972972972973,0,0.702702702703,0.0810810810811,0.189189189189,37,114,0.0855855855856,1.31756756757,6.16216216216,11.4,3.93103448276,4.98616705114,0.809158688123,0.389046941679,6.01100092598,1.95093889703,0.805120910384,2.19061607745,0.710989428647,0.398293029872,0.561027853366,0.425805755375,2,1.32638888889,0.566377727456,2,0,0,0,0,0.234218054048,37,36,36,0.972972972973,0,0.702702702703,0.0810810810811,0.189189189189,-102,-0.0765765765766,-0.00675675675676,-5.51351351351,-10.2,-2.06896551724,-3.21293199847,0.106921038042,0.0789868816185,-4.31833570302,0.181561789283,0.0398556451188,-0.89621539325,0.182226630425,0.145540277119,-0.0189172615686,-0.0121119844734,0,0.00206456456456,-0.013567387478,0,-0.0121701261701,-0.00597269624573,-7,-0.000900900900901,-0.386978527149,-0.027027027027,-0.162162162162,0.162162162162,114,0,102,1116,0.527777777778,1,0,0.472222222222,1,0.527777777778,0.690909090909,0.695398906206,0.527777777778,0.527777777778,28,130,0,0,0,0
1631,WLNM_dir_neg,0.989556213018,0.957280042867,00:00:02,10,40,32,1234218156,threshold_sweep,0.2,1,0.130769230769,0.231292517007,17,0,113,260,0.130769230769,1,0,0.869230769231,1,0.130769230769,0.231292517007,0.710256410256,0.652136752137,0.167076167076,0.301915244752,0.130769230769,216,86,130,0,216,0,86,0,130,37,216,0.162162162162,1.32432432432,11.6756756757,21.6,6,8.1990990496,0.702237650082,0.31006006006,10.329336629,1.76937710775,0.765265265265,3.0868314707,0.528762798222,0.252752752753,0.579945114934,0.437917739848,2,1.32432432432,0.579945114934,2,0.0121701261701,0.00597269624573,7,0.000900900900901,0.621196581197,37,37,37,1,0,0.72972972973,0.243243243243,0.027027027027,37,0.0645645645646,1.31081081081,4.64864864865,8.6,2.96551724138,3.72839119472,0.802037640726,0.401634192332,4.42878246408,1.90540640896,0.798868636078,1.84170895961,0.79236315704,0.435575109994,0.544560874969,0.415438193275,2,1.31944444444,0.549711323953,2,0,0,0,0,0.161662433904,37,36,36,0.972972972973,0,0.702702702703,0.0810810810811,0.189189189189,37,103,0.0773273273273,1.31756756757,5.56756756757,10.3,3.55172413793,4.32396770301,0.776634975784,0.401994227237,5.14854421245,1.84947704719,0.789818945159,2.16198385151,0.776634975784,0.434531618998,0.561027853366,0.425805755375,2,1.32638888889,0.566377727456,2,0,0,0,0,0.229946189002,37,36,36,0.972972972973,0,0.702702702703,0.0810810810811,0.189189189189,-113,-0.0848348348348,-0.00675675675676,-6.10810810811,-11.3,-2.44827586207,-3.87513134659,0.074397325702,0.0919341671769,-5.18079241655,0.0800999394439,0.0245536798935,-0.924847619198,0.247872177561,0.181778866245,-0.0189172615686,-0.0121119844734,0,0.00206456456456,-0.013567387478,0,-0.0121701261701,-0.00597269624573,-7,-0.000900900900901,-0.391250392195,-0.027027027027,-0.162162162162,0.162162162162,103,0,113,1116,0.476851851852,1,0,0.523148148148,1,0.476851851852,0.645768025078,0.658033331582,0.476851851852,0.476851851852,17,130,0,0,0,0
1632,WLNM_dir_neg,0.989556213018,0.957280042867,00:00:02,10,40,32,1234218156,threshold_sweep,0.3,1,0.130769230769,0.231292517007,17,0,113,260,0.130769230769,1,0,0.869230769231,1,0.130769230769,0.231292517007,0.710256410256,0.652136752137,0.167076167076,0.301915244752,0.130769230769,216,86,130,0,216,0,86,0,130,37,216,0.162162162162,1.32432432432,11.6756756757,21.6,6,8.1990990496,0.702237650082,0.31006006006,10.329336629,1.76937710775,0.765265265265,3.0868314707,0.528762798222,0.252752752753,0.579945114934,0.437917739848,2,1.32432432432,0.579945114934,2,0.0121701261701,0.00597269624573,7,0.000900900900901,0.621196581197,37,37,37,1,0,0.72972972973,0.243243243243,0.027027027027,37,0.0645645645646,1.31081081081,4.64864864865,8.6,2.96551724138,3.72839119472,0.802037640726,0.401634192332,4.42878246408,1.90540640896,0.798868636078,1.84170895961,0.79236315704,0.435575109994,0.544560874969,0.415438193275,2,1.31944444444,0.549711323953,2,0,0,0,0,0.161662433904,37,36,36,0.972972972973,0,0.702702702703,0.0810810810811,0.189189189189,37,103,0.0773273273273,1.31756756757,5.56756756757,10.3,3.55172413793,4.32396770301,0.776634975784,0.401994227237,5.14854421245,1.84947704719,0.789818945159,2.16198385151,0.776634975784,0.434531618998,0.561027853366,0.425805755375,2,1.32638888889,0.566377727456,2,0,0,0,0,0.229946189002,37,36,36,0.972972972973,0,0.702702702703,0.0810810810811,0.189189189189,-113,-0.0848348348348,-0.00675675675676,-6.10810810811,-11.3,-2.44827586207,-3.87513134659,0.074397325702,0.0919341671769,-5.18079241655,0.0800999394439,0.0245536798935,-0.924847619198,0.247872177561,0.181778866245,-0.0189172615686,-0.0121119844734,0,0.00206456456456,-0.013567387478,0,-0.0121701261701,-0.00597269624573,-7,-0.000900900900901,-0.391250392195,-0.027027027027,-0.162162162162,0.162162162162,103,0,113,1116,0.476851851852,1,0,0.523148148148,1,0.476851851852,0.645768025078,0.658033331582,0.476851851852,0.476851851852,17,130,0,0,0,0
1633,WLNM_dir_neg,0.989556213018,0.957280042867,00:00:02,10,40,32,1234218156,threshold_sweep,0.4,1,0.0153846153846,0.030303030303,2,0,128,260,0.0153846153846,1,0,0.984615384615,1,0.0153846153846,0.030303030303,0.671794871795,0.664957264957,0.0204081632653,0.101534616513,0.0153846153846,216,86,130,0,216,0,86,0,130,37,216,0.162162162162,1.32432432432,11.6756756757,21.6,6,8.1990990496,0.702237650082,0.31006006006,10.329336629,1.76937710775,0.765265265265,3.0868314707,0.528762798222,0.252752752753,0.579945114934,0.437917739848,2,1.32432432432,0.579945114934,2,0.0121701261701,0.00597269624573,7,0.000900900900901,0.621196581197,37,37,37,1,0,0.72972972973,0.243243243243,0.027027027027,37,0.0645645645646,1.31081081081,4.64864864865,8.6,2.96551724138,3.72839119472,0.802037640726,0.401634192332,4.42878246408,1.90540640896,0.798868636078,1.84170895961,0.79236315704,0.435575109994,0.544560874969,0.415438193275,2,1.31944444444,0.549711323953,2,0,0,0,0,0.161662433904,37,36,36,0.972972972973,0,0.702702702703,0.0810810810811,0.189189189189,37,88,0.0660660660661,1.31756756757,4.75675675676,8.8,3.03448275862,3.84711584181,0.808768671289,0.400798525799,4.43691178481,1.8655197277,0.792997542998,1.81584616565,0.763480774193,0.418918918919,0.561027853366,0.425805755375,2,1.32638888889,0.566377727456,2,0,0,0,0,0.172773545016,37,36,36,0.972972972973,0,0.702702702703,0.0810810810811,0.189189189189,-128,-0.0960960960961,-0.00675675675676,-6.91891891892,-12.8,-2.96551724138,-4.3519832078,0.106531021208,0.0907384657385,-5.89242484419,0.0961426199589,0.0277322777323,-1.27098530506,0.23471797597,0.166166166166,-0.0189172615686,-0.0121119844734,0,0.00206456456456,-0.013567387478,0,-0.0121701261701,-0.00597269624573,-7,-0.000900900900901,-0.448423036181,-0.027027027027,-0.162162162162,0.162162162162,88,0,128,1116,0.407407407407,1,0,0.592592592593,1,0.407407407407,0.578947368421,0.604555765971,0.407407407407,0.407407407407,2,130,0,0,0,0
1634,WLNM_dir_neg,0.989556213018,0.957280042867,00:00:02,10,40,32,1234218156,threshold_sweep,0.5,1,0.0153846153846,0.030303030303,2,0,128,260,0.0153846153846,1,0,0.984615384615,1,0.0153846153846,0.030303030303,0.671794871795,0.664957264957,0.0204081632653,0.101534616513,0.0153846153846,216,86,130,0,216,0,86,0,130,37,216,0.162162162162,1.32432432432,11.6756756757,21.6,6,8.1990990496,0.702237650082,0.31006006006,10.329336629,1.76937710775,0.765265265265,3.0868314707,0.528762798222,0.252752752753,0.579945114934,0.437917739848,2,1.32432432432,0.579945114934,2,0.0121701261701,0.00597269624573,7,0.000900900900901,0.621196581197,37,37,37,1,0,0.72972972973,0.243243243243,0.027027027027,37,0.0645645645646,1.31081081081,4.64864864865,8.6,2.96551724138,3.72839119472,0.802037640726,0.401634192332,4.42878246408,1.90540640896,0.798868636078,1.84170895961,0.79236315704,0.435575109994,0.544560874969,0.415438193275,2,1.31944444444,0.549711323953,2,0,0,0,0,0.161662433904,37,36,36,0.972972972973,0,0.702702702703,0.0810810810811,0.189189189189,37,88,0.0660660660661,1.31756756757,4.75675675676,8.8,3.03448275862,3.84711584181,0.808768671289,0.400798525799,4.43691178481,1.8655197277,0.792997542998,1.81584616565,0.763480774193,0.418918918919,0.561027853366,0.425805755375,2,1.32638888889,0.566377727456,2,0,0,0,0,0.172773545016,37,36,36,0.972972972973,0,0.702702702703,0.0810810810811,0.189189189189,-128,-0.0960960960961,-0.00675675675676,-6.91891891892,-12.8,-2.96551724138,-4.3519832078,0.106531021208,0.0907384657385,-5.89242484419,0.0961426199589,0.0277322777323,-1.27098530506,0.23471797597,0.166166166166,-0.0189172615686,-0.0121119844734,0,0.00206456456456,-0.013567387478,0,-0.0121701261701,-0.00597269624573,-7,-0.000900900900901,-0.448423036181,-0.027027027027,-0.162162162162,0.162162162162,88,0,128,1116,0.407407407407,1,0,0.592592592593,1,0.407407407407,0.578947368421,0.604555765971,0.407407407407,0.407407407407,2,130,0,0,0,0
1635,WLNM_dir_neg,0.989556213018,0.957280042867,00:00:02,10,40,32,1234218156,threshold_sweep,0.6,1,0.0153846153846,0.030303030303,2,0,128,260,0.0153846153846,1,0,0.984615384615,1,0.0153846153846,0.030303030303,0.671794871795,0.664957264957,0.0204081632653,0.101534616513,0.0153846153846,216,86,130,0,216,0,86,0,130,37,216,0.162162162162,1.32432432432,11.6756756757,21.6,6,8.1990990496,0.702237650082,0.31006006006,10.329336629,1.76937710775,0.765265265265,3.0868314707,0.528762798222,0.252752752753,0.579945114934,0.437917739848,2,1.32432432432,0.579945114934,2,0.0121701261701,0.00597269624573,7,0.000900900900901,0.621196581197,37,37,37,1,0,0.72972972973,0.243243243243,0.027027027027,37,0.0645645645646,1.31081081081,4.64864864865,8.6,2.96551724138,3.72839119472,0.802037640726,0.401634192332,4.42878246408,1.90540640896,0.798868636078,1.84170895961,0.79236315704,0.435575109994,0.544560874969,0.415438193275,2,1.31944444444,0.549711323953,2,0,0,0,0,0.161662433904,37,36,36,0.972972972973,0,0.702702702703,0.0810810810811,0.189189189189,37,88,0.0660660660661,1.31756756757,4.75675675676,8.8,3.03448275862,3.84711584181,0.808768671289,0.400798525799,4.43691178481,1.8655197277,0.792997542998,1.81584616565,0.763480774193,0.418918918919,0.561027853366,0.425805755375,2,1.32638888889,0.566377727456,2,0,0,0,0,0.172773545016,37,36,36,0.972972972973,0,0.702702702703,0.0810810810811,0.189189189189,-128,-0.0960960960961,-0.00675675675676,-6.91891891892,-12.8,-2.96551724138,-4.3519832078,0.106531021208,0.0907384657385,-5.89242484419,0.0961426199589,0.0277322777323,-1.27098530506,0.23471797597,0.166166166166,-0.0189172615686,-0.0121119844734,0,0.00206456456456,-0.013567387478,0,-0.0121701261701,-0.00597269624573,-7,-0.000900900900901,-0.448423036181,-0.027027027027,-0.162162162162,0.162162162162,88,0,128,1116,0.407407407407,1,0,0.592592592593,1,0.407407407407,0.578947368421,0.604555765971,0.407407407407,0.407407407407,2,130,0,0,0,0
1636,WLNM_dir_neg,0.989556213018,0.957280042867,00:00:02,10,40,32,1234218156,threshold_sweep,0.7,1,0.0153846153846,0.030303030303,2,0,128,260,0.0153846153846,1,0,0.984615384615,1,0.0153846153846,0.030303030303,0.671794871795,0.664957264957,0.0204081632653,0.101534616513,0.0153846153846,216,86,130,0,216,0,86,0,130,37,216,0.162162162162,1.32432432432,11.6756756757,21.6,6,8.1990990496,0.702237650082,0.31006006006,10.329336629,1.76937710775,0.765265265265,3.0868314707,0.528762798222,0.252752752753,0.579945114934,0.437917739848,2,1.32432432432,0.579945114934,2,0.0121701261701,0.00597269624573,7,0.000900900900901,0.621196581197,37,37,37,1,0,0.72972972973,0.243243243243,0.027027027027,37,0.0645645645646,1.31081081081,4.64864864865,8.6,2.96551724138,3.72839119472,0.802037640726,0.401634192332,4.42878246408,1.90540640896,0.798868636078,1.84170895961,0.79236315704,0.435575109994,0.544560874969,0.415438193275,2,1.31944444444,0.549711323953,2,0,0,0,0,0.161662433904,37,36,36,0.972972972973,0,0.702702702703,0.0810810810811,0.189189189189,37,88,0.0660660660661,1.31756756757,4.75675675676,8.8,3.03448275862,3.84711584181,0.808768671289,0.400798525799,4.43691178481,1.8655197277,0.792997542998,1.81584616565,0.763480774193,0.418918918919,0.561027853366,0.425805755375,2,1.32638888889,0.566377727456,2,0,0,0,0,0.172773545016,37,36,36,0.972972972973,0,0.702702702703,0.0810810810811,0.189189189189,-128,-0.0960960960961,-0.00675675675676,-6.91891891892,-12.8,-2.96551724138,-4.3519832078,0.106531021208,0.0907384657385,-5.89242484419,0.0961426199589,0.0277322777323,-1.27098530506,0.23471797597,0.166166166166,-0.0189172615686,-0.0121119844734,0,0.00206456456456,-0.013567387478,0,-0.0121701261701,-0.00597269624573,-7,-0.000900900900901,-0.448423036181,-0.027027027027,-0.162162162162,0.162162162162,88,0,128,1116,0.407407407407,1,0,0.592592592593,1,0.407407407407,0.578947368421,0.604555765971,0.407407407407,0.407407407407,2,130,0,0,0,0
1637,WLNM_dir_neg,0.989556213018,0.957280042867,00:00:02,10,40,32,1234218156,threshold_sweep,0.8,1,0.0153846153846,0.030303030303,2,0,128,260,0.0153846153846,1,0,0.984615384615,1,0.0153846153846,0.030303030303,0.671794871795,0.664957264957,0.0204081632653,0.101534616513,0.0153846153846,216,86,130,0,216,0,86,0,130,37,216,0.162162162162,1.32432432432,11.6756756757,21.6,6,8.1990990496,0.702237650082,0.31006006006,10.329336629,1.76937710775,0.765265265265,3.0868314707,0.528762798222,0.252752752753,0.579945114934,0.437917739848,2,1.32432432432,0.579945114934,2,0.0121701261701,0.00597269624573,7,0.000900900900901,0.621196581197,37,37,37,1,0,0.72972972973,0.243243243243,0.027027027027,37,0.0645645645646,1.31081081081,4.64864864865,8.6,2.96551724138,3.72839119472,0.802037640726,0.401634192332,4.42878246408,1.90540640896,0.798868636078,1.84170895961,0.79236315704,0.435575109994,0.544560874969,0.415438193275,2,1.31944444444,0.549711323953,2,0,0,0,0,0.161662433904,37,36,36,0.972972972973,0,0.702702702703,0.0810810810811,0.189189189189,37,88,0.0660660660661,1.31756756757,4.75675675676,8.8,3.03448275862,3.84711584181,0.808768671289,0.400798525799,4.43691178481,1.8655197277,0.792997542998,1.81584616565,0.763480774193,0.418918918919,0.561027853366,0.425805755375,2,1.32638888889,0.566377727456,2,0,0,0,0,0.172773545016,37,36,36,0.972972972973,0,0.702702702703,0.0810810810811,0.189189189189,-128,-0.0960960960961,-0.00675675675676,-6.91891891892,-12.8,-2.96551724138,-4.3519832078,0.106531021208,0.0907384657385,-5.89242484419,0.0961426199589,0.0277322777323,-1.27098530506,0.23471797597,0.166166166166,-0.0189172615686,-0.0121119844734,0,0.00206456456456,-0.013567387478,0,-0.0121701261701,-0.00597269624573,-7,-0.000900900900901,-0.448423036181,-0.027027027027,-0.162162162162,0.162162162162,88,0,128,1116,0.407407407407,1,0,0.592592592593,1,0.407407407407,0.578947368421,0.604555765971,0.407407407407,0.407407407407,2,130,0,0,0,0
1638,WLNM_dir_neg,0.989556213018,0.957280042867,00:00:02,10,40,32,1234218156,threshold_sweep,0.9,1,0.0153846153846,0.030303030303,2,0,128,260,0.0153846153846,1,0,0.984615384615,1,0.0153846153846,0.030303030303,0.671794871795,0.664957264957,0.0204081632653,0.101534616513,0.0153846153846,216,86,130,0,216,0,86,0,130,37,216,0.162162162162,1.32432432432,11.6756756757,21.6,6,8.1990990496,0.702237650082,0.31006006006,10.329336629,1.76937710775,0.765265265265,3.0868314707,0.528762798222,0.252752752753,0.579945114934,0.437917739848,2,1.32432432432,0.579945114934,2,0.0121701261701,0.00597269624573,7,0.000900900900901,0.621196581197,37,37,37,1,0,0.72972972973,0.243243243243,0.027027027027,37,0.0645645645646,1.31081081081,4.64864864865,8.6,2.96551724138,3.72839119472,0.802037640726,0.401634192332,4.42878246408,1.90540640896,0.798868636078,1.84170895961,0.79236315704,0.435575109994,0.544560874969,0.415438193275,2,1.31944444444,0.549711323953,2,0,0,0,0,0.161662433904,37,36,36,0.972972972973,0,0.702702702703,0.0810810810811,0.189189189189,37,88,0.0660660660661,1.31756756757,4.75675675676,8.8,3.03448275862,3.84711584181,0.808768671289,0.400798525799,4.43691178481,1.8655197277,0.792997542998,1.81584616565,0.763480774193,0.418918918919,0.561027853366,0.425805755375,2,1.32638888889,0.566377727456,2,0,0,0,0,0.172773545016,37,36,36,0.972972972973,0,0.702702702703,0.0810810810811,0.189189189189,-128,-0.0960960960961,-0.00675675675676,-6.91891891892,-12.8,-2.96551724138,-4.3519832078,0.106531021208,0.0907384657385,-5.89242484419,0.0961426199589,0.0277322777323,-1.27098530506,0.23471797597,0.166166166166,-0.0189172615686,-0.0121119844734,0,0.00206456456456,-0.013567387478,0,-0.0121701261701,-0.00597269624573,-7,-0.000900900900901,-0.448423036181,-0.027027027027,-0.162162162162,0.162162162162,88,0,128,1116,0.407407407407,1,0,0.592592592593,1,0.407407407407,0.578947368421,0.604555765971,0.407407407407,0.407407407407,2,130,0,0,0,0
1639,WLNM_dir_neg,0.968905325444,0.878047195125,00:00:02,10,40,33,1234218157,threshold_sweep,0.1,0.934782608696,0.330769230769,0.488636363636,43,3,87,257,0.330769230769,0.988461538462,0.0115384615385,0.669230769231,0.934782608696,0.330769230769,0.488636363636,0.769230769231,0.62735042735,0.380733944954,0.466557266054,0.319230769231,216,86,130,0,216,0,86,0,130,37,216,0.162162162162,1.32432432432,11.6756756757,21.6,6,8.1990990496,0.702237650082,0.31006006006,10.329336629,1.76937710775,0.765265265265,3.0868314707,0.528762798222,0.252752752753,0.579945114934,0.437917739848,2,1.32432432432,0.579945114934,2,0.0121701261701,0.00597269624573,7,0.000900900900901,0.621196581197,37,37,37,1,0,0.72972972973,0.243243243243,0.027027027027,37,0.0645645645646,1.32818532819,4.64864864865,8.6,2.60606060606,3.78018383016,0.813179079743,0.388749214331,4.359243398,1.87548843867,0.78818353237,1.39550974466,0.600393727355,0.331238214959,0.591765934822,0.445544700927,2.14285714286,1.34693877551,0.603397458181,2.14285714286,0.011739241151,0.00525394045534,1,0.0001287001287,0.12792513978,37,35,35,0.945945945946,0,0.675675675676,0.216216216216,0.0540540540541,37,132,0.0990990990991,1.33353264769,7.13513513514,13.2,3.66666666667,6.14709580101,0.861524790293,0.39352989353,6.92636083918,1.94147993219,0.798116298116,1.6421622017,0.460303041386,0.256347256347,0.600330132218,0.450180303615,2.14896755162,1.34279744346,0.606157252026,2.14896755162,0.0144807122702,0.0150107219442,7,0.000900900900901,0.22168185837,37,36,36,0.972972972973,0,0.702702702703,0.27027027027,0,-84,-0.0630630630631,0.00920832336762,-4.54054054054,-8.4,-2.33333333333,-2.0520032486,0.159287140211,0.0834698334698,-3.40297578982,0.172102824448,0.032851032851,-1.444669269,-0.0684597568365,0.0035945035945,0.0203850172835,0.0122625637662,0.148967551622,0.0184731191368,0.0262121370913,0.148967551622,0.00231058610006,0.00903802569851,0,0,-0.399514722826,-0.027027027027,0.027027027027,-0.027027027027,129,3,87,1113,0.597222222222,0.997311827957,0.00268817204301,0.402777777778,0.977272727273,0.597222222222,0.741379310345,0.733429065443,0.594534050179,0.58904109589,46,130,0,0,0,0
1640,WLNM_dir_neg,0.968905325444,0.878047195125,00:00:02,10,40,33,1234218157,threshold_sweep,0.2,0.934782608696,0.330769230769,0.488636363636,43,3,87,257,0.330769230769,0.988461538462,0.0115384615385,0.669230769231,0.934782608696,0.330769230769,0.488636363636,0.769230769231,0.62735042735,0.380733944954,0.466557266054,0.319230769231,216,86,130,0,216,0,86,0,130,37,216,0.162162162162,1.32432432432,11.6756756757,21.6,6,8.1990990496,0.702237650082,0.31006006006,10.329336629,1.76937710775,0.765265265265,3.0868314707,0.528762798222,0.252752752753,0.579945114934,0.437917739848,2,1.32432432432,0.579945114934,2,0.0121701261701,0.00597269624573,7,0.000900900900901,0.621196581197,37,37,37,1,0,0.72972972973,0.243243243243,0.027027027027,37,0.0645645645646,1.32818532819,4.64864864865,8.6,2.60606060606,3.78018383016,0.813179079743,0.388749214331,4.359243398,1.87548843867,0.78818353237,1.39550974466,0.600393727355,0.331238214959,0.591765934822,0.445544700927,2.14285714286,1.34693877551,0.603397458181,2.14285714286,0.011739241151,0.00525394045534,1,0.0001287001287,0.12792513978,37,35,35,0.945945945946,0,0.675675675676,0.216216216216,0.0540540540541,37,132,0.0990990990991,1.33353264769,7.13513513514,13.2,3.66666666667,6.14709580101,0.861524790293,0.39352989353,6.92636083918,1.94147993219,0.798116298116,1.6421622017,0.460303041386,0.256347256347,0.600330132218,0.450180303615,2.14896755162,1.34279744346,0.606157252026,2.14896755162,0.0144807122702,0.0150107219442,7,0.000900900900901,0.22168185837,37,36,36,0.972972972973,0,0.702702702703,0.27027027027,0,-84,-0.0630630630631,0.00920832336762,-4.54054054054,-8.4,-2.33333333333,-2.0520032486,0.159287140211,0.0834698334698,-3.40297578982,0.172102824448,0.032851032851,-1.444669269,-0.0684597568365,0.0035945035945,0.0203850172835,0.0122625637662,0.148967551622,0.0184731191368,0.0262121370913,0.148967551622,0.00231058610006,0.00903802569851,0,0,-0.399514722826,-0.027027027027,0.027027027027,-0.027027027027,129,3,87,1113,0.597222222222,0.997311827957,0.00268817204301,0.402777777778,0.977272727273,0.597222222222,0.741379310345,0.733429065443,0.594534050179,0.58904109589,46,130,0,0,0,0
1641,WLNM_dir_neg,0.968905325444,0.878047195125,00:00:02,10,40,33,1234218157,threshold_sweep,0.3,0.934782608696,0.330769230769,0.488636363636,43,3,87,257,0.330769230769,0.988461538462,0.0115384615385,0.669230769231,0.934782608696,0.330769230769,0.488636363636,0.769230769231,0.62735042735,0.380733944954,0.466557266054,0.319230769231,216,86,130,0,216,0,86,0,130,37,216,0.162162162162,1.32432432432,11.6756756757,21.6,6,8.1990990496,0.702237650082,0.31006006006,10.329336629,1.76937710775,0.765265265265,3.0868314707,0.528762798222,0.252752752753,0.579945114934,0.437917739848,2,1.32432432432,0.579945114934,2,0.0121701261701,0.00597269624573,7,0.000900900900901,0.621196581197,37,37,37,1,0,0.72972972973,0.243243243243,0.027027027027,37,0.0645645645646,1.32818532819,4.64864864865,8.6,2.60606060606,3.78018383016,0.813179079743,0.388749214331,4.359243398,1.87548843867,0.78818353237,1.39550974466,0.600393727355,0.331238214959,0.591765934822,0.445544700927,2.14285714286,1.34693877551,0.603397458181,2.14285714286,0.011739241151,0.00525394045534,1,0.0001287001287,0.12792513978,37,35,35,0.945945945946,0,0.675675675676,0.216216216216,0.0540540540541,37,132,0.0990990990991,1.33353264769,7.13513513514,13.2,3.66666666667,6.14709580101,0.861524790293,0.39352989353,6.92636083918,1.94147993219,0.798116298116,1.6421622017,0.460303041386,0.256347256347,0.600330132218,0.450180303615,2.14896755162,1.34279744346,0.606157252026,2.14896755162,0.0144807122702,0.0150107219442,7,0.000900900900901,0.22168185837,37,36,36,0.972972972973,0,0.702702702703,0.27027027027,0,-84,-0.0630630630631,0.00920832336762,-4.54054054054,-8.4,-2.33333333333,-2.0520032486,0.159287140211,0.0834698334698,-3.40297578982,0.172102824448,0.032851032851,-1.444669269,-0.0684597568365,0.0035945035945,0.0203850172835,0.0122625637662,0.148967551622,0.0184731191368,0.0262121370913,0.148967551622,0.00231058610006,0.00903802569851,0,0,-0.399514722826,-0.027027027027,0.027027027027,-0.027027027027,129,3,87,1113,0.597222222222,0.997311827957,0.00268817204301,0.402777777778,0.977272727273,0.597222222222,0.741379310345,0.733429065443,0.594534050179,0.58904109589,46,130,0,0,0,0
1642,WLNM_dir_neg,0.968905325444,0.878047195125,00:00:02,10,40,33,1234218157,threshold_sweep,0.4,0.934782608696,0.330769230769,0.488636363636,43,3,87,257,0.330769230769,0.988461538462,0.0115384615385,0.669230769231,0.934782608696,0.330769230769,0.488636363636,0.769230769231,0.62735042735,0.380733944954,0.466557266054,0.319230769231,216,86,130,0,216,0,86,0,130,37,216,0.162162162162,1.32432432432,11.6756756757,21.6,6,8.1990990496,0.702237650082,0.31006006006,10.329336629,1.76937710775,0.765265265265,3.0868314707,0.528762798222,0.252752752753,0.579945114934,0.437917739848,2,1.32432432432,0.579945114934,2,0.0121701261701,0.00597269624573,7,0.000900900900901,0.621196581197,37,37,37,1,0,0.72972972973,0.243243243243,0.027027027027,37,0.0645645645646,1.32818532819,4.64864864865,8.6,2.60606060606,3.78018383016,0.813179079743,0.388749214331,4.359243398,1.87548843867,0.78818353237,1.39550974466,0.600393727355,0.331238214959,0.591765934822,0.445544700927,2.14285714286,1.34693877551,0.603397458181,2.14285714286,0.011739241151,0.00525394045534,1,0.0001287001287,0.12792513978,37,35,35,0.945945945946,0,0.675675675676,0.216216216216,0.0540540540541,37,132,0.0990990990991,1.33353264769,7.13513513514,13.2,3.66666666667,6.14709580101,0.861524790293,0.39352989353,6.92636083918,1.94147993219,0.798116298116,1.6421622017,0.460303041386,0.256347256347,0.600330132218,0.450180303615,2.14896755162,1.34279744346,0.606157252026,2.14896755162,0.0144807122702,0.0150107219442,7,0.000900900900901,0.22168185837,37,36,36,0.972972972973,0,0.702702702703,0.27027027027,0,-84,-0.0630630630631,0.00920832336762,-4.54054054054,-8.4,-2.33333333333,-2.0520032486,0.159287140211,0.0834698334698,-3.40297578982,0.172102824448,0.032851032851,-1.444669269,-0.0684597568365,0.0035945035945,0.0203850172835,0.0122625637662,0.148967551622,0.0184731191368,0.0262121370913,0.148967551622,0.00231058610006,0.00903802569851,0,0,-0.399514722826,-0.027027027027,0.027027027027,-0.027027027027,129,3,87,1113,0.597222222222,0.997311827957,0.00268817204301,0.402777777778,0.977272727273,0.597222222222,0.741379310345,0.733429065443,0.594534050179,0.58904109589,46,130,0,0,0,0
1643,WLNM_dir_neg,0.968905325444,0.878047195125,00:00:02,10,40,33,1234218157,threshold_sweep,0.5,0.934782608696,0.330769230769,0.488636363636,43,3,87,257,0.330769230769,0.988461538462,0.0115384615385,0.669230769231,0.934782608696,0.330769230769,0.488636363636,0.769230769231,0.62735042735,0.380733944954,0.466557266054,0.319230769231,216,86,130,0,216,0,86,0,130,37,216,0.162162162162,1.32432432432,11.6756756757,21.6,6,8.1990990496,0.702237650082,0.31006006006,10.329336629,1.76937710775,0.765265265265,3.0868314707,0.528762798222,0.252752752753,0.579945114934,0.437917739848,2,1.32432432432,0.579945114934,2,0.0121701261701,0.00597269624573,7,0.000900900900901,0.621196581197,37,37,37,1,0,0.72972972973,0.243243243243,0.027027027027,37,0.0645645645646,1.32818532819,4.64864864865,8.6,2.60606060606,3.78018383016,0.813179079743,0.388749214331,4.359243398,1.87548843867,0.78818353237,1.39550974466,0.600393727355,0.331238214959,0.591765934822,0.445544700927,2.14285714286,1.34693877551,0.603397458181,2.14285714286,0.011739241151,0.00525394045534,1,0.0001287001287,0.12792513978,37,35,35,0.945945945946,0,0.675675675676,0.216216216216,0.0540540540541,37,132,0.0990990990991,1.33353264769,7.13513513514,13.2,3.66666666667,6.14709580101,0.861524790293,0.39352989353,6.92636083918,1.94147993219,0.798116298116,1.6421622017,0.460303041386,0.256347256347,0.600330132218,0.450180303615,2.14896755162,1.34279744346,0.606157252026,2.14896755162,0.0144807122702,0.0150107219442,7,0.000900900900901,0.22168185837,37,36,36,0.972972972973,0,0.702702702703,0.27027027027,0,-84,-0.0630630630631,0.00920832336762,-4.54054054054,-8.4,-2.33333333333,-2.0520032486,0.159287140211,0.0834698334698,-3.40297578982,0.172102824448,0.032851032851,-1.444669269,-0.0684597568365,0.0035945035945,0.0203850172835,0.0122625637662,0.148967551622,0.0184731191368,0.0262121370913,0.148967551622,0.00231058610006,0.00903802569851,0,0,-0.399514722826,-0.027027027027,0.027027027027,-0.027027027027,129,3,87,1113,0.597222222222,0.997311827957,0.00268817204301,0.402777777778,0.977272727273,0.597222222222,0.741379310345,0.733429065443,0.594534050179,0.58904109589,46,130,0,0,0,0
1644,WLNM_dir_neg,0.968905325444,0.878047195125,00:00:02,10,40,33,1234218157,threshold_sweep,0.6,0.934782608696,0.330769230769,0.488636363636,43,3,87,257,0.330769230769,0.988461538462,0.0115384615385,0.669230769231,0.934782608696,0.330769230769,0.488636363636,0.769230769231,0.62735042735,0.380733944954,0.466557266054,0.319230769231,216,86,130,0,216,0,86,0,130,37,216,0.162162162162,1.32432432432,11.6756756757,21.6,6,8.1990990496,0.702237650082,0.31006006006,10.329336629,1.76937710775,0.765265265265,3.0868314707,0.528762798222,0.252752752753,0.579945114934,0.437917739848,2,1.32432432432,0.579945114934,2,0.0121701261701,0.00597269624573,7,0.000900900900901,0.621196581197,37,37,37,1,0,0.72972972973,0.243243243243,0.027027027027,37,0.0645645645646,1.32818532819,4.64864864865,8.6,2.60606060606,3.78018383016,0.813179079743,0.388749214331,4.359243398,1.87548843867,0.78818353237,1.39550974466,0.600393727355,0.331238214959,0.591765934822,0.445544700927,2.14285714286,1.34693877551,0.603397458181,2.14285714286,0.011739241151,0.00525394045534,1,0.0001287001287,0.12792513978,37,35,35,0.945945945946,0,0.675675675676,0.216216216216,0.0540540540541,37,132,0.0990990990991,1.33353264769,7.13513513514,13.2,3.66666666667,6.14709580101,0.861524790293,0.39352989353,6.92636083918,1.94147993219,0.798116298116,1.6421622017,0.460303041386,0.256347256347,0.600330132218,0.450180303615,2.14896755162,1.34279744346,0.606157252026,2.14896755162,0.0144807122702,0.0150107219442,7,0.000900900900901,0.22168185837,37,36,36,0.972972972973,0,0.702702702703,0.27027027027,0,-84,-0.0630630630631,0.00920832336762,-4.54054054054,-8.4,-2.33333333333,-2.0520032486,0.159287140211,0.0834698334698,-3.40297578982,0.172102824448,0.032851032851,-1.444669269,-0.0684597568365,0.0035945035945,0.0203850172835,0.0122625637662,0.148967551622,0.0184731191368,0.0262121370913,0.148967551622,0.00231058610006,0.00903802569851,0,0,-0.399514722826,-0.027027027027,0.027027027027,-0.027027027027,129,3,87,1113,0.597222222222,0.997311827957,0.00268817204301,0.402777777778,0.977272727273,0.597222222222,0.741379310345,0.733429065443,0.594534050179,0.58904109589,46,130,0,0,0,0
1645,WLNM_dir_neg,0.968905325444,0.878047195125,00:00:02,10,40,33,1234218157,threshold_sweep,0.7,0.934782608696,0.330769230769,0.488636363636,43,3,87,257,0.330769230769,0.988461538462,0.0115384615385,0.669230769231,0.934782608696,0.330769230769,0.488636363636,0.769230769231,0.62735042735,0.380733944954,0.466557266054,0.319230769231,216,86,130,0,216,0,86,0,130,37,216,0.162162162162,1.32432432432,11.6756756757,21.6,6,8.1990990496,0.702237650082,0.31006006006,10.329336629,1.76937710775,0.765265265265,3.0868314707,0.528762798222,0.252752752753,0.579945114934,0.437917739848,2,1.32432432432,0.579945114934,2,0.0121701261701,0.00597269624573,7,0.000900900900901,0.621196581197,37,37,37,1,0,0.72972972973,0.243243243243,0.027027027027,37,0.0645645645646,1.32818532819,4.64864864865,8.6,2.60606060606,3.78018383016,0.813179079743,0.388749214331,4.359243398,1.87548843867,0.78818353237,1.39550974466,0.600393727355,0.331238214959,0.591765934822,0.445544700927,2.14285714286,1.34693877551,0.603397458181,2.14285714286,0.011739241151,0.00525394045534,1,0.0001287001287,0.12792513978,37,35,35,0.945945945946,0,0.675675675676,0.216216216216,0.0540540540541,37,132,0.0990990990991,1.33353264769,7.13513513514,13.2,3.66666666667,6.14709580101,0.861524790293,0.39352989353,6.92636083918,1.94147993219,0.798116298116,1.6421622017,0.460303041386,0.256347256347,0.600330132218,0.450180303615,2.14896755162,1.34279744346,0.606157252026,2.14896755162,0.0144807122702,0.0150107219442,7,0.000900900900901,0.22168185837,37,36,36,0.972972972973,0,0.702702702703,0.27027027027,0,-84,-0.0630630630631,0.00920832336762,-4.54054054054,-8.4,-2.33333333333,-2.0520032486,0.159287140211,0.0834698334698,-3.40297578982,0.172102824448,0.032851032851,-1.444669269,-0.0684597568365,0.0035945035945,0.0203850172835,0.0122625637662,0.148967551622,0.0184731191368,0.0262121370913,0.148967551622,0.00231058610006,0.00903802569851,0,0,-0.399514722826,-0.027027027027,0.027027027027,-0.027027027027,129,3,87,1113,0.597222222222,0.997311827957,0.00268817204301,0.402777777778,0.977272727273,0.597222222222,0.741379310345,0.733429065443,0.594534050179,0.58904109589,46,130,0,0,0,0
1646,WLNM_dir_neg,0.968905325444,0.878047195125,00:00:02,10,40,33,1234218157,threshold_sweep,0.8,0.928571428571,0.3,0.453488372093,39,3,91,257,0.3,0.988461538462,0.0115384615385,0.7,0.928571428571,0.3,0.453488372093,0.758974358974,0.630769230769,0.347222222222,0.438664003965,0.288461538462,216,86,130,0,216,0,86,0,130,37,216,0.162162162162,1.32432432432,11.6756756757,21.6,6,8.1990990496,0.702237650082,0.31006006006,10.329336629,1.76937710775,0.765265265265,3.0868314707,0.528762798222,0.252752752753,0.579945114934,0.437917739848,2,1.32432432432,0.579945114934,2,0.0121701261701,0.00597269624573,7,0.000900900900901,0.621196581197,37,37,37,1,0,0.72972972973,0.243243243243,0.027027027027,37,0.0645645645646,1.32818532819,4.64864864865,8.6,2.60606060606,3.78018383016,0.813179079743,0.388749214331,4.359243398,1.87548843867,0.78818353237,1.39550974466,0.600393727355,0.331238214959,0.591765934822,0.445544700927,2.14285714286,1.34693877551,0.603397458181,2.14285714286,0.011739241151,0.00525394045534,1,0.0001287001287,0.12792513978,37,35,35,0.945945945946,0,0.675675675676,0.216216216216,0.0540540540541,37,128,0.0960960960961,1.33832529925,6.91891891892,12.8,3.55555555556,6.02023614514,0.870112255352,0.387035472973,6.8863576673,1.9905877632,0.80785472973,1.77317346702,0.512557955311,0.287162162162,0.615194249914,0.459674677196,2.30360721443,1.34772322423,0.62122135877,2.30360721443,0.0174327894328,0.00678221552374,3,0.0003861003861,0.213693933141,37,36,36,0.972972972973,0,0.702702702703,0.27027027027,0,-88,-0.0660660660661,0.0140009749228,-4.75675675676,-8.8,-2.44444444444,-2.17886290447,0.16787460527,0.0769754129129,-3.4429789617,0.221210655457,0.0425894644645,-1.31365800368,-0.0162048429119,0.0344094094094,0.03524913498,0.0217569373474,0.303607214429,0.0233988999019,0.0412762438352,0.303607214429,0.00526266326266,0.000809519278004,-4,-0.000514800514801,-0.407502648056,-0.027027027027,0.027027027027,-0.027027027027,125,3,91,1113,0.578703703704,0.997311827957,0.00268817204301,0.421296296296,0.9765625,0.578703703704,0.726744186047,0.720402047479,0.576015531661,0.570776255708,42,130,0,0,0,0
1647,WLNM_dir_neg,0.968905325444,0.878047195125,00:00:02,10,40,33,1234218157,threshold_sweep,0.9,0.928571428571,0.3,0.453488372093,39,3,91,257,0.3,0.988461538462,0.0115384615385,0.7,0.928571428571,0.3,0.453488372093,0.758974358974,0.630769230769,0.347222222222,0.438664003965,0.288461538462,216,86,130,0,216,0,86,0,130,37,216,0.162162162162,1.32432432432,11.6756756757,21.6,6,8.1990990496,0.702237650082,0.31006006006,10.329336629,1.76937710775,0.765265265265,3.0868314707,0.528762798222,0.252752752753,0.579945114934,0.437917739848,2,1.32432432432,0.579945114934,2,0.0121701261701,0.00597269624573,7,0.000900900900901,0.621196581197,37,37,37,1,0,0.72972972973,0.243243243243,0.027027027027,37,0.0645645645646,1.32818532819,4.64864864865,8.6,2.60606060606,3.78018383016,0.813179079743,0.388749214331,4.359243398,1.87548843867,0.78818353237,1.39550974466,0.600393727355,0.331238214959,0.591765934822,0.445544700927,2.14285714286,1.34693877551,0.603397458181,2.14285714286,0.011739241151,0.00525394045534,1,0.0001287001287,0.12792513978,37,35,35,0.945945945946,0,0.675675675676,0.216216216216,0.0540540540541,37,128,0.0960960960961,1.33832529925,6.91891891892,12.8,3.55555555556,6.02023614514,0.870112255352,0.387035472973,6.8863576673,1.9905877632,0.80785472973,1.77317346702,0.512557955311,0.287162162162,0.615194249914,0.459674677196,2.30360721443,1.34772322423,0.62122135877,2.30360721443,0.0174327894328,0.00678221552374,3,0.0003861003861,0.213693933141,37,36,36,0.972972972973,0,0.702702702703,0.27027027027,0,-88,-0.0660660660661,0.0140009749228,-4.75675675676,-8.8,-2.44444444444,-2.17886290447,0.16787460527,0.0769754129129,-3.4429789617,0.221210655457,0.0425894644645,-1.31365800368,-0.0162048429119,0.0344094094094,0.03524913498,0.0217569373474,0.303607214429,0.0233988999019,0.0412762438352,0.303607214429,0.00526266326266,0.000809519278004,-4,-0.000514800514801,-0.407502648056,-0.027027027027,0.027027027027,-0.027027027027,125,3,91,1113,0.578703703704,0.997311827957,0.00268817204301,0.421296296296,0.9765625,0.578703703704,0.726744186047,0.720402047479,0.576015531661,0.570776255708,42,130,0,0,0,0
1648,WLNM_dir_neg,0.968949704142,0.851792911508,00:00:02,10,40,34,1234218158,threshold_sweep,0.1,0.92,0.176923076923,0.296774193548,23,2,107,258,0.176923076923,0.992307692308,0.00769230769231,0.823076923077,0.92,0.176923076923,0.296774193548,0.720512820513,0.645299145299,0.212048192771,0.325702612487,0.169230769231,216,86,130,0,216,0,86,0,130,37,216,0.162162162162,1.32432432432,11.6756756757,21.6,6,8.1990990496,0.702237650082,0.31006006006,10.329336629,1.76937710775,0.765265265265,3.0868314707,0.528762798222,0.252752752753,0.579945114934,0.437917739848,2,1.32432432432,0.579945114934,2,0.0121701261701,0.00597269624573,7,0.000900900900901,0.621196581197,37,37,37,1,0,0.72972972973,0.243243243243,0.027027027027,37,0.0645645645646,1.31891891892,4.64864864865,8.6,2.96551724138,3.6302449888,0.780924794101,0.408862350723,4.19691721554,1.80565042994,0.782526712759,1.81129257183,0.779277036719,0.430546825896,0.56462270482,0.428095083573,2,1.33714285714,0.575523145283,2,0,0,0,0,0.174899476169,37,35,35,0.945945945946,0,0.675675675676,0.108108108108,0.162162162162,37,111,0.0833333333333,1.32551351351,6,11.1,3.26470588235,5.03322295685,0.838870492808,0.402483564646,5.68624070308,1.89541356769,0.787436084733,1.77951304201,0.593171014002,0.331141952764,0.581595775127,0.438770159035,2.004,1.34411428571,0.592926529097,2.004,0.0574020750491,0.0415430267062,14,0.0018018018018,0.199872033024,37,35,35,0.945945945946,0,0.675675675676,0.243243243243,0.027027027027,-105,-0.0788288288288,0.00118918918919,-5.67567567568,-10.5,-2.73529411765,-3.16587609276,0.136632842726,0.0924235045857,-4.64309592592,0.126036459947,0.0221708194681,-1.3073184287,0.0644082157793,0.0783892000108,0.00165066019261,0.000852419186304,0.004,0.01978996139,0.012981414163,0.004,0.045231948879,0.0355703304605,7,0.000900900900901,-0.421324548173,-0.0540540540541,0,0,109,2,107,1114,0.50462962963,0.998207885305,0.00179211469534,0.49537037037,0.981981981982,0.50462962963,0.666666666667,0.670605827233,0.502837514934,0.5,25,130,0,0,0,0
1649,WLNM_dir_neg,0.968949704142,0.851792911508,00:00:02,10,40,34,1234218158,threshold_sweep,0.2,0.92,0.176923076923,0.296774193548,23,2,107,258,0.176923076923,0.992307692308,0.00769230769231,0.823076923077,0.92,0.176923076923,0.296774193548,0.720512820513,0.645299145299,0.212048192771,0.325702612487,0.169230769231,216,86,130,0,216,0,86,0,130,37,216,0.162162162162,1.32432432432,11.6756756757,21.6,6,8.1990990496,0.702237650082,0.31006006006,10.329336629,1.76937710775,0.765265265265,3.0868314707,0.528762798222,0.252752752753,0.579945114934,0.437917739848,2,1.32432432432,0.579945114934,2,0.0121701261701,0.00597269624573,7,0.000900900900901,0.621196581197,37,37,37,1,0,0.72972972973,0.243243243243,0.027027027027,37,0.0645645645646,1.31891891892,4.64864864865,8.6,2.96551724138,3.6302449888,0.780924794101,0.408862350723,4.19691721554,1.80565042994,0.782526712759,1.81129257183,0.779277036719,0.430546825896,0.56462270482,0.428095083573,2,1.33714285714,0.575523145283,2,0,0,0,0,0.174899476169,37,35,35,0.945945945946,0,0.675675675676,0.108108108108,0.162162162162,37,111,0.0833333333333,1.32551351351,6,11.1,3.26470588235,5.03322295685,0.838870492808,0.402483564646,5.68624070308,1.89541356769,0.787436084733,1.77951304201,0.593171014002,0.331141952764,0.581595775127,0.438770159035,2.004,1.34411428571,0.592926529097,2.004,0.0574020750491,0.0415430267062,14,0.0018018018018,0.199872033024,37,35,35,0.945945945946,0,0.675675675676,0.243243243243,0.027027027027,-105,-0.0788288288288,0.00118918918919,-5.67567567568,-10.5,-2.73529411765,-3.16587609276,0.136632842726,0.0924235045857,-4.64309592592,0.126036459947,0.0221708194681,-1.3073184287,0.0644082157793,0.0783892000108,0.00165066019261,0.000852419186304,0.004,0.01978996139,0.012981414163,0.004,0.045231948879,0.0355703304605,7,0.000900900900901,-0.421324548173,-0.0540540540541,0,0,109,2,107,1114,0.50462962963,0.998207885305,0.00179211469534,0.49537037037,0.981981981982,0.50462962963,0.666666666667,0.670605827233,0.502837514934,0.5,25,130,0,0,0,0
1650,WLNM_dir_neg,0.968949704142,0.851792911508,00:00:02,10,40,34,1234218158,threshold_sweep,0.3,0.92,0.176923076923,0.296774193548,23,2,107,258,0.176923076923,0.992307692308,0.00769230769231,0.823076923077,0.92,0.176923076923,0.296774193548,0.720512820513,0.645299145299,0.212048192771,0.325702612487,0.169230769231,216,86,130,0,216,0,86,0,130,37,216,0.162162162162,1.32432432432,11.6756756757,21.6,6,8.1990990496,0.702237650082,0.31006006006,10.329336629,1.76937710775,0.765265265265,3.0868314707,0.528762798222,0.252752752753,0.579945114934,0.437917739848,2,1.32432432432,0.579945114934,2,0.0121701261701,0.00597269624573,7,0.000900900900901,0.621196581197,37,37,37,1,0,0.72972972973,0.243243243243,0.027027027027,37,0.0645645645646,1.31891891892,4.64864864865,8.6,2.96551724138,3.6302449888,0.780924794101,0.408862350723,4.19691721554,1.80565042994,0.782526712759,1.81129257183,0.779277036719,0.430546825896,0.56462270482,0.428095083573,2,1.33714285714,0.575523145283,2,0,0,0,0,0.174899476169,37,35,35,0.945945945946,0,0.675675675676,0.108108108108,0.162162162162,37,111,0.0833333333333,1.32551351351,6,11.1,3.26470588235,5.03322295685,0.838870492808,0.402483564646,5.68624070308,1.89541356769,0.787436084733,1.77951304201,0.593171014002,0.331141952764,0.581595775127,0.438770159035,2.004,1.34411428571,0.592926529097,2.004,0.0574020750491,0.0415430267062,14,0.0018018018018,0.199872033024,37,35,35,0.945945945946,0,0.675675675676,0.243243243243,0.027027027027,-105,-0.0788288288288,0.00118918918919,-5.67567567568,-10.5,-2.73529411765,-3.16587609276,0.136632842726,0.0924235045857,-4.64309592592,0.126036459947,0.0221708194681,-1.3073184287,0.0644082157793,0.0783892000108,0.00165066019261,0.000852419186304,0.004,0.01978996139,0.012981414163,0.004,0.045231948879,0.0355703304605,7,0.000900900900901,-0.421324548173,-0.0540540540541,0,0,109,2,107,1114,0.50462962963,0.998207885305,0.00179211469534,0.49537037037,0.981981981982,0.50462962963,0.666666666667,0.670605827233,0.502837514934,0.5,25,130,0,0,0,0
1651,WLNM_dir_neg,0.968949704142,0.851792911508,00:00:02,10,40,34,1234218158,threshold_sweep,0.4,0.92,0.176923076923,0.296774193548,23,2,107,258,0.176923076923,0.992307692308,0.00769230769231,0.823076923077,0.92,0.176923076923,0.296774193548,0.720512820513,0.645299145299,0.212048192771,0.325702612487,0.169230769231,216,86,130,0,216,0,86,0,130,37,216,0.162162162162,1.32432432432,11.6756756757,21.6,6,8.1990990496,0.702237650082,0.31006006006,10.329336629,1.76937710775,0.765265265265,3.0868314707,0.528762798222,0.252752752753,0.579945114934,0.437917739848,2,1.32432432432,0.579945114934,2,0.0121701261701,0.00597269624573,7,0.000900900900901,0.621196581197,37,37,37,1,0,0.72972972973,0.243243243243,0.027027027027,37,0.0645645645646,1.31891891892,4.64864864865,8.6,2.96551724138,3.6302449888,0.780924794101,0.408862350723,4.19691721554,1.80565042994,0.782526712759,1.81129257183,0.779277036719,0.430546825896,0.56462270482,0.428095083573,2,1.33714285714,0.575523145283,2,0,0,0,0,0.174899476169,37,35,35,0.945945945946,0,0.675675675676,0.108108108108,0.162162162162,37,111,0.0833333333333,1.32551351351,6,11.1,3.26470588235,5.03322295685,0.838870492808,0.402483564646,5.68624070308,1.89541356769,0.787436084733,1.77951304201,0.593171014002,0.331141952764,0.581595775127,0.438770159035,2.004,1.34411428571,0.592926529097,2.004,0.0574020750491,0.0415430267062,14,0.0018018018018,0.199872033024,37,35,35,0.945945945946,0,0.675675675676,0.243243243243,0.027027027027,-105,-0.0788288288288,0.00118918918919,-5.67567567568,-10.5,-2.73529411765,-3.16587609276,0.136632842726,0.0924235045857,-4.64309592592,0.126036459947,0.0221708194681,-1.3073184287,0.0644082157793,0.0783892000108,0.00165066019261,0.000852419186304,0.004,0.01978996139,0.012981414163,0.004,0.045231948879,0.0355703304605,7,0.000900900900901,-0.421324548173,-0.0540540540541,0,0,109,2,107,1114,0.50462962963,0.998207885305,0.00179211469534,0.49537037037,0.981981981982,0.50462962963,0.666666666667,0.670605827233,0.502837514934,0.5,25,130,0,0,0,0
1652,WLNM_dir_neg,0.968949704142,0.851792911508,00:00:02,10,40,34,1234218158,threshold_sweep,0.5,0.92,0.176923076923,0.296774193548,23,2,107,258,0.176923076923,0.992307692308,0.00769230769231,0.823076923077,0.92,0.176923076923,0.296774193548,0.720512820513,0.645299145299,0.212048192771,0.325702612487,0.169230769231,216,86,130,0,216,0,86,0,130,37,216,0.162162162162,1.32432432432,11.6756756757,21.6,6,8.1990990496,0.702237650082,0.31006006006,10.329336629,1.76937710775,0.765265265265,3.0868314707,0.528762798222,0.252752752753,0.579945114934,0.437917739848,2,1.32432432432,0.579945114934,2,0.0121701261701,0.00597269624573,7,0.000900900900901,0.621196581197,37,37,37,1,0,0.72972972973,0.243243243243,0.027027027027,37,0.0645645645646,1.31891891892,4.64864864865,8.6,2.96551724138,3.6302449888,0.780924794101,0.408862350723,4.19691721554,1.80565042994,0.782526712759,1.81129257183,0.779277036719,0.430546825896,0.56462270482,0.428095083573,2,1.33714285714,0.575523145283,2,0,0,0,0,0.174899476169,37,35,35,0.945945945946,0,0.675675675676,0.108108108108,0.162162162162,37,111,0.0833333333333,1.32551351351,6,11.1,3.26470588235,5.03322295685,0.838870492808,0.402483564646,5.68624070308,1.89541356769,0.787436084733,1.77951304201,0.593171014002,0.331141952764,0.581595775127,0.438770159035,2.004,1.34411428571,0.592926529097,2.004,0.0574020750491,0.0415430267062,14,0.0018018018018,0.199872033024,37,35,35,0.945945945946,0,0.675675675676,0.243243243243,0.027027027027,-105,-0.0788288288288,0.00118918918919,-5.67567567568,-10.5,-2.73529411765,-3.16587609276,0.136632842726,0.0924235045857,-4.64309592592,0.126036459947,0.0221708194681,-1.3073184287,0.0644082157793,0.0783892000108,0.00165066019261,0.000852419186304,0.004,0.01978996139,0.012981414163,0.004,0.045231948879,0.0355703304605,7,0.000900900900901,-0.421324548173,-0.0540540540541,0,0,109,2,107,1114,0.50462962963,0.998207885305,0.00179211469534,0.49537037037,0.981981981982,0.50462962963,0.666666666667,0.670605827233,0.502837514934,0.5,25,130,0,0,0,0
1653,WLNM_dir_neg,0.968949704142,0.851792911508,00:00:02,10,40,34,1234218158,threshold_sweep,0.6,0.92,0.176923076923,0.296774193548,23,2,107,258,0.176923076923,0.992307692308,0.00769230769231,0.823076923077,0.92,0.176923076923,0.296774193548,0.720512820513,0.645299145299,0.212048192771,0.325702612487,0.169230769231,216,86,130,0,216,0,86,0,130,37,216,0.162162162162,1.32432432432,11.6756756757,21.6,6,8.1990990496,0.702237650082,0.31006006006,10.329336629,1.76937710775,0.765265265265,3.0868314707,0.528762798222,0.252752752753,0.579945114934,0.437917739848,2,1.32432432432,0.579945114934,2,0.0121701261701,0.00597269624573,7,0.000900900900901,0.621196581197,37,37,37,1,0,0.72972972973,0.243243243243,0.027027027027,37,0.0645645645646,1.31891891892,4.64864864865,8.6,2.96551724138,3.6302449888,0.780924794101,0.408862350723,4.19691721554,1.80565042994,0.782526712759,1.81129257183,0.779277036719,0.430546825896,0.56462270482,0.428095083573,2,1.33714285714,0.575523145283,2,0,0,0,0,0.174899476169,37,35,35,0.945945945946,0,0.675675675676,0.108108108108,0.162162162162,37,111,0.0833333333333,1.32551351351,6,11.1,3.26470588235,5.03322295685,0.838870492808,0.402483564646,5.68624070308,1.89541356769,0.787436084733,1.77951304201,0.593171014002,0.331141952764,0.581595775127,0.438770159035,2.004,1.34411428571,0.592926529097,2.004,0.0574020750491,0.0415430267062,14,0.0018018018018,0.199872033024,37,35,35,0.945945945946,0,0.675675675676,0.243243243243,0.027027027027,-105,-0.0788288288288,0.00118918918919,-5.67567567568,-10.5,-2.73529411765,-3.16587609276,0.136632842726,0.0924235045857,-4.64309592592,0.126036459947,0.0221708194681,-1.3073184287,0.0644082157793,0.0783892000108,0.00165066019261,0.000852419186304,0.004,0.01978996139,0.012981414163,0.004,0.045231948879,0.0355703304605,7,0.000900900900901,-0.421324548173,-0.0540540540541,0,0,109,2,107,1114,0.50462962963,0.998207885305,0.00179211469534,0.49537037037,0.981981981982,0.50462962963,0.666666666667,0.670605827233,0.502837514934,0.5,25,130,0,0,0,0
1654,WLNM_dir_neg,0.968949704142,0.851792911508,00:00:02,10,40,34,1234218158,threshold_sweep,0.7,0.92,0.176923076923,0.296774193548,23,2,107,258,0.176923076923,0.992307692308,0.00769230769231,0.823076923077,0.92,0.176923076923,0.296774193548,0.720512820513,0.645299145299,0.212048192771,0.325702612487,0.169230769231,216,86,130,0,216,0,86,0,130,37,216,0.162162162162,1.32432432432,11.6756756757,21.6,6,8.1990990496,0.702237650082,0.31006006006,10.329336629,1.76937710775,0.765265265265,3.0868314707,0.528762798222,0.252752752753,0.579945114934,0.437917739848,2,1.32432432432,0.579945114934,2,0.0121701261701,0.00597269624573,7,0.000900900900901,0.621196581197,37,37,37,1,0,0.72972972973,0.243243243243,0.027027027027,37,0.0645645645646,1.31891891892,4.64864864865,8.6,2.96551724138,3.6302449888,0.780924794101,0.408862350723,4.19691721554,1.80565042994,0.782526712759,1.81129257183,0.779277036719,0.430546825896,0.56462270482,0.428095083573,2,1.33714285714,0.575523145283,2,0,0,0,0,0.174899476169,37,35,35,0.945945945946,0,0.675675675676,0.108108108108,0.162162162162,37,111,0.0833333333333,1.32551351351,6,11.1,3.26470588235,5.03322295685,0.838870492808,0.402483564646,5.68624070308,1.89541356769,0.787436084733,1.77951304201,0.593171014002,0.331141952764,0.581595775127,0.438770159035,2.004,1.34411428571,0.592926529097,2.004,0.0574020750491,0.0415430267062,14,0.0018018018018,0.199872033024,37,35,35,0.945945945946,0,0.675675675676,0.243243243243,0.027027027027,-105,-0.0788288288288,0.00118918918919,-5.67567567568,-10.5,-2.73529411765,-3.16587609276,0.136632842726,0.0924235045857,-4.64309592592,0.126036459947,0.0221708194681,-1.3073184287,0.0644082157793,0.0783892000108,0.00165066019261,0.000852419186304,0.004,0.01978996139,0.012981414163,0.004,0.045231948879,0.0355703304605,7,0.000900900900901,-0.421324548173,-0.0540540540541,0,0,109,2,107,1114,0.50462962963,0.998207885305,0.00179211469534,0.49537037037,0.981981981982,0.50462962963,0.666666666667,0.670605827233,0.502837514934,0.5,25,130,0,0,0,0
1655,WLNM_dir_neg,0.968949704142,0.851792911508,00:00:02,10,40,34,1234218158,threshold_sweep,0.8,0.92,0.176923076923,0.296774193548,23,2,107,258,0.176923076923,0.992307692308,0.00769230769231,0.823076923077,0.92,0.176923076923,0.296774193548,0.720512820513,0.645299145299,0.212048192771,0.325702612487,0.169230769231,216,86,130,0,216,0,86,0,130,37,216,0.162162162162,1.32432432432,11.6756756757,21.6,6,8.1990990496,0.702237650082,0.31006006006,10.329336629,1.76937710775,0.765265265265,3.0868314707,0.528762798222,0.252752752753,0.579945114934,0.437917739848,2,1.32432432432,0.579945114934,2,0.0121701261701,0.00597269624573,7,0.000900900900901,0.621196581197,37,37,37,1,0,0.72972972973,0.243243243243,0.027027027027,37,0.0645645645646,1.31891891892,4.64864864865,8.6,2.96551724138,3.6302449888,0.780924794101,0.408862350723,4.19691721554,1.80565042994,0.782526712759,1.81129257183,0.779277036719,0.430546825896,0.56462270482,0.428095083573,2,1.33714285714,0.575523145283,2,0,0,0,0,0.174899476169,37,35,35,0.945945945946,0,0.675675675676,0.108108108108,0.162162162162,37,111,0.0833333333333,1.32551351351,6,11.1,3.26470588235,5.03322295685,0.838870492808,0.402483564646,5.68624070308,1.89541356769,0.787436084733,1.77951304201,0.593171014002,0.331141952764,0.581595775127,0.438770159035,2.004,1.34411428571,0.592926529097,2.004,0.0574020750491,0.0415430267062,14,0.0018018018018,0.199872033024,37,35,35,0.945945945946,0,0.675675675676,0.243243243243,0.027027027027,-105,-0.0788288288288,0.00118918918919,-5.67567567568,-10.5,-2.73529411765,-3.16587609276,0.136632842726,0.0924235045857,-4.64309592592,0.126036459947,0.0221708194681,-1.3073184287,0.0644082157793,0.0783892000108,0.00165066019261,0.000852419186304,0.004,0.01978996139,0.012981414163,0.004,0.045231948879,0.0355703304605,7,0.000900900900901,-0.421324548173,-0.0540540540541,0,0,109,2,107,1114,0.50462962963,0.998207885305,0.00179211469534,0.49537037037,0.981981981982,0.50462962963,0.666666666667,0.670605827233,0.502837514934,0.5,25,130,0,0,0,0
1656,WLNM_dir_neg,0.968949704142,0.851792911508,00:00:02,10,40,34,1234218158,threshold_sweep,0.9,0.92,0.176923076923,0.296774193548,23,2,107,258,0.176923076923,0.992307692308,0.00769230769231,0.823076923077,0.92,0.176923076923,0.296774193548,0.720512820513,0.645299145299,0.212048192771,0.325702612487,0.169230769231,216,86,130,0,216,0,86,0,130,37,216,0.162162162162,1.32432432432,11.6756756757,21.6,6,8.1990990496,0.702237650082,0.31006006006,10.329336629,1.76937710775,0.765265265265,3.0868314707,0.528762798222,0.252752752753,0.579945114934,0.437917739848,2,1.32432432432,0.579945114934,2,0.0121701261701,0.00597269624573,7,0.000900900900901,0.621196581197,37,37,37,1,0,0.72972972973,0.243243243243,0.027027027027,37,0.0645645645646,1.31891891892,4.64864864865,8.6,2.96551724138,3.6302449888,0.780924794101,0.408862350723,4.19691721554,1.80565042994,0.782526712759,1.81129257183,0.779277036719,0.430546825896,0.56462270482,0.428095083573,2,1.33714285714,0.575523145283,2,0,0,0,0,0.174899476169,37,35,35,0.945945945946,0,0.675675675676,0.108108108108,0.162162162162,37,111,0.0833333333333,1.32551351351,6,11.1,3.26470588235,5.03322295685,0.838870492808,0.402483564646,5.68624070308,1.89541356769,0.787436084733,1.77951304201,0.593171014002,0.331141952764,0.581595775127,0.438770159035,2.004,1.34411428571,0.592926529097,2.004,0.0574020750491,0.0415430267062,14,0.0018018018018,0.199872033024,37,35,35,0.945945945946,0,0.675675675676,0.243243243243,0.027027027027,-105,-0.0788288288288,0.00118918918919,-5.67567567568,-10.5,-2.73529411765,-3.16587609276,0.136632842726,0.0924235045857,-4.64309592592,0.126036459947,0.0221708194681,-1.3073184287,0.0644082157793,0.0783892000108,0.00165066019261,0.000852419186304,0.004,0.01978996139,0.012981414163,0.004,0.045231948879,0.0355703304605,7,0.000900900900901,-0.421324548173,-0.0540540540541,0,0,109,2,107,1114,0.50462962963,0.998207885305,0.00179211469534,0.49537037037,0.981981981982,0.50462962963,0.666666666667,0.670605827233,0.502837514934,0.5,25,130,0,0,0,0
1657,WLNM_dir_neg,0.962381656805,0.761579575044,00:00:02,10,40,35,1234218159,threshold_sweep,0.1,0.95,0.146153846154,0.253333333333,19,1,111,259,0.146153846154,0.996153846154,0.00384615384615,0.853846153846,0.95,0.146153846154,0.253333333333,0.712820512821,0.649572649573,0.180487804878,0.304138126515,0.142307692308,216,86,130,0,216,0,86,0,130,37,216,0.162162162162,1.32432432432,11.6756756757,21.6,6,8.1990990496,0.702237650082,0.31006006006,10.329336629,1.76937710775,0.765265265265,3.0868314707,0.528762798222,0.252752752753,0.579945114934,0.437917739848,2,1.32432432432,0.579945114934,2,0.0121701261701,0.00597269624573,7,0.000900900900901,0.621196581197,37,37,37,1,0,0.72972972973,0.243243243243,0.027027027027,37,0.0645645645646,1.32432432432,4.64864864865,8.6,2.96551724138,3.81674829764,0.821044691935,0.408548082967,4.37831813253,1.88369501051,0.796354494029,1.74887351131,0.752422324633,0.414833438089,0.579945114934,0.437917739848,2,1.34285714286,0.591252764842,2,0,0,0,0,0.167684467236,37,35,35,0.945945945946,0,0.675675675676,0.108108108108,0.162162162162,37,106,0.0795795795796,1.33783783784,5.72972972973,10.6,3.41935483871,4.87993993957,0.851687630963,0.386282508924,5.51846477324,1.92625657179,0.799592044875,1.79756258062,0.62745108946,0.343192248853,0.621423702008,0.464498524733,2.25,1.35714285714,0.633865691046,2.25,0.024820514933,0.0130434782609,4,0.000514800514801,0.191668310742,37,35,35,0.945945945946,0,0.675675675676,0.162162162162,0.108108108108,-110,-0.0825825825826,0.0135135135135,-5.94594594595,-11,-2.58064516129,-3.31915911003,0.149449980881,0.076222448864,-4.81087185576,0.156879464045,0.0343267796098,-1.28926889009,0.0986882912379,0.0904394960999,0.0414785870736,0.0265807848848,0.25,0.0328185328185,0.0539205761119,0.25,0.0126503887628,0.00707078201514,-3,-0.0003861003861,-0.429528270455,-0.0540540540541,-0.0810810810811,0.0810810810811,105,1,111,1115,0.486111111111,0.999103942652,0.00089605734767,0.513888888889,0.990566037736,0.486111111111,0.652173913043,0.660838096406,0.485215053763,0.483870967742,20,130,0,0,0,0
1658,WLNM_dir_neg,0.962381656805,0.761579575044,00:00:02,10,40,35,1234218159,threshold_sweep,0.2,0.95,0.146153846154,0.253333333333,19,1,111,259,0.146153846154,0.996153846154,0.00384615384615,0.853846153846,0.95,0.146153846154,0.253333333333,0.712820512821,0.649572649573,0.180487804878,0.304138126515,0.142307692308,216,86,130,0,216,0,86,0,130,37,216,0.162162162162,1.32432432432,11.6756756757,21.6,6,8.1990990496,0.702237650082,0.31006006006,10.329336629,1.76937710775,0.765265265265,3.0868314707,0.528762798222,0.252752752753,0.579945114934,0.437917739848,2,1.32432432432,0.579945114934,2,0.0121701261701,0.00597269624573,7,0.000900900900901,0.621196581197,37,37,37,1,0,0.72972972973,0.243243243243,0.027027027027,37,0.0645645645646,1.32432432432,4.64864864865,8.6,2.96551724138,3.81674829764,0.821044691935,0.408548082967,4.37831813253,1.88369501051,0.796354494029,1.74887351131,0.752422324633,0.414833438089,0.579945114934,0.437917739848,2,1.34285714286,0.591252764842,2,0,0,0,0,0.167684467236,37,35,35,0.945945945946,0,0.675675675676,0.108108108108,0.162162162162,37,106,0.0795795795796,1.33783783784,5.72972972973,10.6,3.41935483871,4.87993993957,0.851687630963,0.386282508924,5.51846477324,1.92625657179,0.799592044875,1.79756258062,0.62745108946,0.343192248853,0.621423702008,0.464498524733,2.25,1.35714285714,0.633865691046,2.25,0.024820514933,0.0130434782609,4,0.000514800514801,0.191668310742,37,35,35,0.945945945946,0,0.675675675676,0.162162162162,0.108108108108,-110,-0.0825825825826,0.0135135135135,-5.94594594595,-11,-2.58064516129,-3.31915911003,0.149449980881,0.076222448864,-4.81087185576,0.156879464045,0.0343267796098,-1.28926889009,0.0986882912379,0.0904394960999,0.0414785870736,0.0265807848848,0.25,0.0328185328185,0.0539205761119,0.25,0.0126503887628,0.00707078201514,-3,-0.0003861003861,-0.429528270455,-0.0540540540541,-0.0810810810811,0.0810810810811,105,1,111,1115,0.486111111111,0.999103942652,0.00089605734767,0.513888888889,0.990566037736,0.486111111111,0.652173913043,0.660838096406,0.485215053763,0.483870967742,20,130,0,0,0,0
1659,WLNM_dir_neg,0.962381656805,0.761579575044,00:00:02,10,40,35,1234218159,threshold_sweep,0.3,0.95,0.146153846154,0.253333333333,19,1,111,259,0.146153846154,0.996153846154,0.00384615384615,0.853846153846,0.95,0.146153846154,0.253333333333,0.712820512821,0.649572649573,0.180487804878,0.304138126515,0.142307692308,216,86,130,0,216,0,86,0,130,37,216,0.162162162162,1.32432432432,11.6756756757,21.6,6,8.1990990496,0.702237650082,0.31006006006,10.329336629,1.76937710775,0.765265265265,3.0868314707,0.528762798222,0.252752752753,0.579945114934,0.437917739848,2,1.32432432432,0.579945114934,2,0.0121701261701,0.00597269624573,7,0.000900900900901,0.621196581197,37,37,37,1,0,0.72972972973,0.243243243243,0.027027027027,37,0.0645645645646,1.32432432432,4.64864864865,8.6,2.96551724138,3.81674829764,0.821044691935,0.408548082967,4.37831813253,1.88369501051,0.796354494029,1.74887351131,0.752422324633,0.414833438089,0.579945114934,0.437917739848,2,1.34285714286,0.591252764842,2,0,0,0,0,0.167684467236,37,35,35,0.945945945946,0,0.675675675676,0.108108108108,0.162162162162,37,106,0.0795795795796,1.33783783784,5.72972972973,10.6,3.41935483871,4.87993993957,0.851687630963,0.386282508924,5.51846477324,1.92625657179,0.799592044875,1.79756258062,0.62745108946,0.343192248853,0.621423702008,0.464498524733,2.25,1.35714285714,0.633865691046,2.25,0.024820514933,0.0130434782609,4,0.000514800514801,0.191668310742,37,35,35,0.945945945946,0,0.675675675676,0.162162162162,0.108108108108,-110,-0.0825825825826,0.0135135135135,-5.94594594595,-11,-2.58064516129,-3.31915911003,0.149449980881,0.076222448864,-4.81087185576,0.156879464045,0.0343267796098,-1.28926889009,0.0986882912379,0.0904394960999,0.0414785870736,0.0265807848848,0.25,0.0328185328185,0.0539205761119,0.25,0.0126503887628,0.00707078201514,-3,-0.0003861003861,-0.429528270455,-0.0540540540541,-0.0810810810811,0.0810810810811,105,1,111,1115,0.486111111111,0.999103942652,0.00089605734767,0.513888888889,0.990566037736,0.486111111111,0.652173913043,0.660838096406,0.485215053763,0.483870967742,20,130,0,0,0,0
1660,WLNM_dir_neg,0.962381656805,0.761579575044,00:00:02,10,40,35,1234218159,threshold_sweep,0.4,0.95,0.146153846154,0.253333333333,19,1,111,259,0.146153846154,0.996153846154,0.00384615384615,0.853846153846,0.95,0.146153846154,0.253333333333,0.712820512821,0.649572649573,0.180487804878,0.304138126515,0.142307692308,216,86,130,0,216,0,86,0,130,37,216,0.162162162162,1.32432432432,11.6756756757,21.6,6,8.1990990496,0.702237650082,0.31006006006,10.329336629,1.76937710775,0.765265265265,3.0868314707,0.528762798222,0.252752752753,0.579945114934,0.437917739848,2,1.32432432432,0.579945114934,2,0.0121701261701,0.00597269624573,7,0.000900900900901,0.621196581197,37,37,37,1,0,0.72972972973,0.243243243243,0.027027027027,37,0.0645645645646,1.32432432432,4.64864864865,8.6,2.96551724138,3.81674829764,0.821044691935,0.408548082967,4.37831813253,1.88369501051,0.796354494029,1.74887351131,0.752422324633,0.414833438089,0.579945114934,0.437917739848,2,1.34285714286,0.591252764842,2,0,0,0,0,0.167684467236,37,35,35,0.945945945946,0,0.675675675676,0.108108108108,0.162162162162,37,106,0.0795795795796,1.33783783784,5.72972972973,10.6,3.41935483871,4.87993993957,0.851687630963,0.386282508924,5.51846477324,1.92625657179,0.799592044875,1.79756258062,0.62745108946,0.343192248853,0.621423702008,0.464498524733,2.25,1.35714285714,0.633865691046,2.25,0.024820514933,0.0130434782609,4,0.000514800514801,0.191668310742,37,35,35,0.945945945946,0,0.675675675676,0.162162162162,0.108108108108,-110,-0.0825825825826,0.0135135135135,-5.94594594595,-11,-2.58064516129,-3.31915911003,0.149449980881,0.076222448864,-4.81087185576,0.156879464045,0.0343267796098,-1.28926889009,0.0986882912379,0.0904394960999,0.0414785870736,0.0265807848848,0.25,0.0328185328185,0.0539205761119,0.25,0.0126503887628,0.00707078201514,-3,-0.0003861003861,-0.429528270455,-0.0540540540541,-0.0810810810811,0.0810810810811,105,1,111,1115,0.486111111111,0.999103942652,0.00089605734767,0.513888888889,0.990566037736,0.486111111111,0.652173913043,0.660838096406,0.485215053763,0.483870967742,20,130,0,0,0,0
1661,WLNM_dir_neg,0.962381656805,0.761579575044,00:00:02,10,40,35,1234218159,threshold_sweep,0.5,0.95,0.146153846154,0.253333333333,19,1,111,259,0.146153846154,0.996153846154,0.00384615384615,0.853846153846,0.95,0.146153846154,0.253333333333,0.712820512821,0.649572649573,0.180487804878,0.304138126515,0.142307692308,216,86,130,0,216,0,86,0,130,37,216,0.162162162162,1.32432432432,11.6756756757,21.6,6,8.1990990496,0.702237650082,0.31006006006,10.329336629,1.76937710775,0.765265265265,3.0868314707,0.528762798222,0.252752752753,0.579945114934,0.437917739848,2,1.32432432432,0.579945114934,2,0.0121701261701,0.00597269624573,7,0.000900900900901,0.621196581197,37,37,37,1,0,0.72972972973,0.243243243243,0.027027027027,37,0.0645645645646,1.32432432432,4.64864864865,8.6,2.96551724138,3.81674829764,0.821044691935,0.408548082967,4.37831813253,1.88369501051,0.796354494029,1.74887351131,0.752422324633,0.414833438089,0.579945114934,0.437917739848,2,1.34285714286,0.591252764842,2,0,0,0,0,0.167684467236,37,35,35,0.945945945946,0,0.675675675676,0.108108108108,0.162162162162,37,106,0.0795795795796,1.33783783784,5.72972972973,10.6,3.41935483871,4.87993993957,0.851687630963,0.386282508924,5.51846477324,1.92625657179,0.799592044875,1.79756258062,0.62745108946,0.343192248853,0.621423702008,0.464498524733,2.25,1.35714285714,0.633865691046,2.25,0.024820514933,0.0130434782609,4,0.000514800514801,0.191668310742,37,35,35,0.945945945946,0,0.675675675676,0.162162162162,0.108108108108,-110,-0.0825825825826,0.0135135135135,-5.94594594595,-11,-2.58064516129,-3.31915911003,0.149449980881,0.076222448864,-4.81087185576,0.156879464045,0.0343267796098,-1.28926889009,0.0986882912379,0.0904394960999,0.0414785870736,0.0265807848848,0.25,0.0328185328185,0.0539205761119,0.25,0.0126503887628,0.00707078201514,-3,-0.0003861003861,-0.429528270455,-0.0540540540541,-0.0810810810811,0.0810810810811,105,1,111,1115,0.486111111111,0.999103942652,0.00089605734767,0.513888888889,0.990566037736,0.486111111111,0.652173913043,0.660838096406,0.485215053763,0.483870967742,20,130,0,0,0,0
1662,WLNM_dir_neg,0.962381656805,0.761579575044,00:00:02,10,40,35,1234218159,threshold_sweep,0.6,0.95,0.146153846154,0.253333333333,19,1,111,259,0.146153846154,0.996153846154,0.00384615384615,0.853846153846,0.95,0.146153846154,0.253333333333,0.712820512821,0.649572649573,0.180487804878,0.304138126515,0.142307692308,216,86,130,0,216,0,86,0,130,37,216,0.162162162162,1.32432432432,11.6756756757,21.6,6,8.1990990496,0.702237650082,0.31006006006,10.329336629,1.76937710775,0.765265265265,3.0868314707,0.528762798222,0.252752752753,0.579945114934,0.437917739848,2,1.32432432432,0.579945114934,2,0.0121701261701,0.00597269624573,7,0.000900900900901,0.621196581197,37,37,37,1,0,0.72972972973,0.243243243243,0.027027027027,37,0.0645645645646,1.32432432432,4.64864864865,8.6,2.96551724138,3.81674829764,0.821044691935,0.408548082967,4.37831813253,1.88369501051,0.796354494029,1.74887351131,0.752422324633,0.414833438089,0.579945114934,0.437917739848,2,1.34285714286,0.591252764842,2,0,0,0,0,0.167684467236,37,35,35,0.945945945946,0,0.675675675676,0.108108108108,0.162162162162,37,106,0.0795795795796,1.33783783784,5.72972972973,10.6,3.41935483871,4.87993993957,0.851687630963,0.386282508924,5.51846477324,1.92625657179,0.799592044875,1.79756258062,0.62745108946,0.343192248853,0.621423702008,0.464498524733,2.25,1.35714285714,0.633865691046,2.25,0.024820514933,0.0130434782609,4,0.000514800514801,0.191668310742,37,35,35,0.945945945946,0,0.675675675676,0.162162162162,0.108108108108,-110,-0.0825825825826,0.0135135135135,-5.94594594595,-11,-2.58064516129,-3.31915911003,0.149449980881,0.076222448864,-4.81087185576,0.156879464045,0.0343267796098,-1.28926889009,0.0986882912379,0.0904394960999,0.0414785870736,0.0265807848848,0.25,0.0328185328185,0.0539205761119,0.25,0.0126503887628,0.00707078201514,-3,-0.0003861003861,-0.429528270455,-0.0540540540541,-0.0810810810811,0.0810810810811,105,1,111,1115,0.486111111111,0.999103942652,0.00089605734767,0.513888888889,0.990566037736,0.486111111111,0.652173913043,0.660838096406,0.485215053763,0.483870967742,20,130,0,0,0,0
1663,WLNM_dir_neg,0.962381656805,0.761579575044,00:00:02,10,40,35,1234218159,threshold_sweep,0.7,0.95,0.146153846154,0.253333333333,19,1,111,259,0.146153846154,0.996153846154,0.00384615384615,0.853846153846,0.95,0.146153846154,0.253333333333,0.712820512821,0.649572649573,0.180487804878,0.304138126515,0.142307692308,216,86,130,0,216,0,86,0,130,37,216,0.162162162162,1.32432432432,11.6756756757,21.6,6,8.1990990496,0.702237650082,0.31006006006,10.329336629,1.76937710775,0.765265265265,3.0868314707,0.528762798222,0.252752752753,0.579945114934,0.437917739848,2,1.32432432432,0.579945114934,2,0.0121701261701,0.00597269624573,7,0.000900900900901,0.621196581197,37,37,37,1,0,0.72972972973,0.243243243243,0.027027027027,37,0.0645645645646,1.32432432432,4.64864864865,8.6,2.96551724138,3.81674829764,0.821044691935,0.408548082967,4.37831813253,1.88369501051,0.796354494029,1.74887351131,0.752422324633,0.414833438089,0.579945114934,0.437917739848,2,1.34285714286,0.591252764842,2,0,0,0,0,0.167684467236,37,35,35,0.945945945946,0,0.675675675676,0.108108108108,0.162162162162,37,106,0.0795795795796,1.33783783784,5.72972972973,10.6,3.41935483871,4.87993993957,0.851687630963,0.386282508924,5.51846477324,1.92625657179,0.799592044875,1.79756258062,0.62745108946,0.343192248853,0.621423702008,0.464498524733,2.25,1.35714285714,0.633865691046,2.25,0.024820514933,0.0130434782609,4,0.000514800514801,0.191668310742,37,35,35,0.945945945946,0,0.675675675676,0.162162162162,0.108108108108,-110,-0.0825825825826,0.0135135135135,-5.94594594595,-11,-2.58064516129,-3.31915911003,0.149449980881,0.076222448864,-4.81087185576,0.156879464045,0.0343267796098,-1.28926889009,0.0986882912379,0.0904394960999,0.0414785870736,0.0265807848848,0.25,0.0328185328185,0.0539205761119,0.25,0.0126503887628,0.00707078201514,-3,-0.0003861003861,-0.429528270455,-0.0540540540541,-0.0810810810811,0.0810810810811,105,1,111,1115,0.486111111111,0.999103942652,0.00089605734767,0.513888888889,0.990566037736,0.486111111111,0.652173913043,0.660838096406,0.485215053763,0.483870967742,20,130,0,0,0,0
1664,WLNM_dir_neg,0.962381656805,0.761579575044,00:00:02,10,40,35,1234218159,threshold_sweep,0.8,0.95,0.146153846154,0.253333333333,19,1,111,259,0.146153846154,0.996153846154,0.00384615384615,0.853846153846,0.95,0.146153846154,0.253333333333,0.712820512821,0.649572649573,0.180487804878,0.304138126515,0.142307692308,216,86,130,0,216,0,86,0,130,37,216,0.162162162162,1.32432432432,11.6756756757,21.6,6,8.1990990496,0.702237650082,0.31006006006,10.329336629,1.76937710775,0.765265265265,3.0868314707,0.528762798222,0.252752752753,0.579945114934,0.437917739848,2,1.32432432432,0.579945114934,2,0.0121701261701,0.00597269624573,7,0.000900900900901,0.621196581197,37,37,37,1,0,0.72972972973,0.243243243243,0.027027027027,37,0.0645645645646,1.32432432432,4.64864864865,8.6,2.96551724138,3.81674829764,0.821044691935,0.408548082967,4.37831813253,1.88369501051,0.796354494029,1.74887351131,0.752422324633,0.414833438089,0.579945114934,0.437917739848,2,1.34285714286,0.591252764842,2,0,0,0,0,0.167684467236,37,35,35,0.945945945946,0,0.675675675676,0.108108108108,0.162162162162,37,106,0.0795795795796,1.33783783784,5.72972972973,10.6,3.41935483871,4.87993993957,0.851687630963,0.386282508924,5.51846477324,1.92625657179,0.799592044875,1.79756258062,0.62745108946,0.343192248853,0.621423702008,0.464498524733,2.25,1.35714285714,0.633865691046,2.25,0.024820514933,0.0130434782609,4,0.000514800514801,0.191668310742,37,35,35,0.945945945946,0,0.675675675676,0.162162162162,0.108108108108,-110,-0.0825825825826,0.0135135135135,-5.94594594595,-11,-2.58064516129,-3.31915911003,0.149449980881,0.076222448864,-4.81087185576,0.156879464045,0.0343267796098,-1.28926889009,0.0986882912379,0.0904394960999,0.0414785870736,0.0265807848848,0.25,0.0328185328185,0.0539205761119,0.25,0.0126503887628,0.00707078201514,-3,-0.0003861003861,-0.429528270455,-0.0540540540541,-0.0810810810811,0.0810810810811,105,1,111,1115,0.486111111111,0.999103942652,0.00089605734767,0.513888888889,0.990566037736,0.486111111111,0.652173913043,0.660838096406,0.485215053763,0.483870967742,20,130,0,0,0,0
1665,WLNM_dir_neg,0.962381656805,0.761579575044,00:00:02,10,40,35,1234218159,threshold_sweep,0.9,0.947368421053,0.138461538462,0.241610738255,18,1,112,259,0.138461538462,0.996153846154,0.00384615384615,0.861538461538,0.947368421053,0.138461538462,0.241610738255,0.710256410256,0.650427350427,0.171149144254,0.294774079078,0.134615384615,216,86,130,0,216,0,86,0,130,37,216,0.162162162162,1.32432432432,11.6756756757,21.6,6,8.1990990496,0.702237650082,0.31006006006,10.329336629,1.76937710775,0.765265265265,3.0868314707,0.528762798222,0.252752752753,0.579945114934,0.437917739848,2,1.32432432432,0.579945114934,2,0.0121701261701,0.00597269624573,7,0.000900900900901,0.621196581197,37,37,37,1,0,0.72972972973,0.243243243243,0.027027027027,37,0.0645645645646,1.32432432432,4.64864864865,8.6,2.96551724138,3.81674829764,0.821044691935,0.408548082967,4.37831813253,1.88369501051,0.796354494029,1.74887351131,0.752422324633,0.414833438089,0.579945114934,0.437917739848,2,1.34285714286,0.591252764842,2,0,0,0,0,0.167684467236,37,35,35,0.945945945946,0,0.675675675676,0.108108108108,0.162162162162,37,105,0.0788288288288,1.32972972973,5.67567567568,10.5,3.5,4.8822470581,0.860205434046,0.3861003861,5.51015987625,1.94167538497,0.802574002574,1.83353807211,0.646103892075,0.352638352638,0.59668755311,0.448728444412,2.2,1.34857142857,0.608455822057,2.2,0.024820514933,0.0130434782609,4,0.000514800514801,0.194631273705,37,35,35,0.945945945946,0,0.675675675676,0.135135135135,0.135135135135,-111,-0.0833333333333,0.00540540540541,-6,-11.1,-2.5,-3.3168519915,0.157967783965,0.0760403260403,-4.81917675275,0.17229827722,0.0373087373087,-1.2532933986,0.117341093853,0.0998855998856,0.0167424381752,0.0108107045633,0.2,0.0242471042471,0.0285107071225,0.2,0.0126503887628,0.00707078201514,-3,-0.0003861003861,-0.426565307492,-0.0540540540541,-0.108108108108,0.108108108108,104,1,112,1115,0.481481481481,0.999103942652,0.00089605734767,0.518518518519,0.990476190476,0.481481481481,0.647975077882,0.657374171928,0.480585424134,0.479262672811,19,130,0,0,0,0
1666,WLNM_dir_neg,0.964275147929,0.847951740714,00:00:02,10,40,36,1234218160,threshold_sweep,0.1,0.764705882353,0.2,0.317073170732,26,8,104,252,0.2,0.969230769231,0.0307692307692,0.8,0.764705882353,0.2,0.317073170732,0.712820512821,0.637606837607,0.207547169811,0.282795973201,0.169230769231,216,86,130,0,216,0,86,0,130,37,216,0.162162162162,1.32432432432,11.6756756757,21.6,6,8.1990990496,0.702237650082,0.31006006006,10.329336629,1.76937710775,0.765265265265,3.0868314707,0.528762798222,0.252752752753,0.579945114934,0.437917739848,2,1.32432432432,0.579945114934,2,0.0121701261701,0.00597269624573,7,0.000900900900901,0.621196581197,37,37,37,1,0,0.72972972973,0.243243243243,0.027027027027,37,0.0645645645646,1.32432432432,4.64864864865,8.6,2.52941176471,3.59950780753,0.774312726038,0.398491514771,4.21672631087,1.8141729477,0.785669390321,1.61682222712,0.695609562831,0.379635449403,0.579945114934,0.437917739848,2,1.32432432432,0.579945114934,2,0.00798771121352,0.0054844606947,1,0.0001287001287,0.151009407116,37,37,37,1,0,0.72972972973,0.189189189189,0.0810810810811,37,120,0.0900900900901,1.34891099433,6.48648648649,12,3.33333333333,5.64024044809,0.869537069081,0.426126126126,5.94607903209,1.83337436823,0.781981981982,1.67340978254,0.515968016283,0.288738738739,0.619572133381,0.459312835306,2.10385802469,1.34891099433,0.619572133381,2.10385802469,0.160984611313,0.131600324939,54,0.00694980694981,0.208587202488,37,37,37,1,0,0.72972972973,0.243243243243,0.027027027027,-96,-0.0720720720721,0.0245866700033,-5.18918918919,-9.6,-2.66666666667,-2.55885860151,0.167299418999,0.116066066066,-4.38325759691,0.0639972604823,0.0167167167167,-1.41342168816,-0.0127947819393,0.035985985986,0.0396270184462,0.021395095458,0.103858024691,0.0245866700033,0.0396270184462,0.103858024691,0.148814485143,0.125627628693,47,0.00604890604891,-0.412609378709,0,0,0,112,8,104,1108,0.518518518519,0.992831541219,0.00716845878136,0.481481481481,0.933333333333,0.518518518519,0.666666666667,0.658317425568,0.511350059737,0.5,34,130,0,0,0,0
1667,WLNM_dir_neg,0.964275147929,0.847951740714,00:00:02,10,40,36,1234218160,threshold_sweep,0.2,0.764705882353,0.2,0.317073170732,26,8,104,252,0.2,0.969230769231,0.0307692307692,0.8,0.764705882353,0.2,0.317073170732,0.712820512821,0.637606837607,0.207547169811,0.282795973201,0.169230769231,216,86,130,0,216,0,86,0,130,37,216,0.162162162162,1.32432432432,11.6756756757,21.6,6,8.1990990496,0.702237650082,0.31006006006,10.329336629,1.76937710775,0.765265265265,3.0868314707,0.528762798222,0.252752752753,0.579945114934,0.437917739848,2,1.32432432432,0.579945114934,2,0.0121701261701,0.00597269624573,7,0.000900900900901,0.621196581197,37,37,37,1,0,0.72972972973,0.243243243243,0.027027027027,37,0.0645645645646,1.32432432432,4.64864864865,8.6,2.52941176471,3.59950780753,0.774312726038,0.398491514771,4.21672631087,1.8141729477,0.785669390321,1.61682222712,0.695609562831,0.379635449403,0.579945114934,0.437917739848,2,1.32432432432,0.579945114934,2,0.00798771121352,0.0054844606947,1,0.0001287001287,0.151009407116,37,37,37,1,0,0.72972972973,0.189189189189,0.0810810810811,37,120,0.0900900900901,1.34891099433,6.48648648649,12,3.33333333333,5.64024044809,0.869537069081,0.426126126126,5.94607903209,1.83337436823,0.781981981982,1.67340978254,0.515968016283,0.288738738739,0.619572133381,0.459312835306,2.10385802469,1.34891099433,0.619572133381,2.10385802469,0.160984611313,0.131600324939,54,0.00694980694981,0.208587202488,37,37,37,1,0,0.72972972973,0.243243243243,0.027027027027,-96,-0.0720720720721,0.0245866700033,-5.18918918919,-9.6,-2.66666666667,-2.55885860151,0.167299418999,0.116066066066,-4.38325759691,0.0639972604823,0.0167167167167,-1.41342168816,-0.0127947819393,0.035985985986,0.0396270184462,0.021395095458,0.103858024691,0.0245866700033,0.0396270184462,0.103858024691,0.148814485143,0.125627628693,47,0.00604890604891,-0.412609378709,0,0,0,112,8,104,1108,0.518518518519,0.992831541219,0.00716845878136,0.481481481481,0.933333333333,0.518518518519,0.666666666667,0.658317425568,0.511350059737,0.5,34,130,0,0,0,0
1668,WLNM_dir_neg,0.964275147929,0.847951740714,00:00:02,10,40,36,1234218160,threshold_sweep,0.3,0.764705882353,0.2,0.317073170732,26,8,104,252,0.2,0.969230769231,0.0307692307692,0.8,0.764705882353,0.2,0.317073170732,0.712820512821,0.637606837607,0.207547169811,0.282795973201,0.169230769231,216,86,130,0,216,0,86,0,130,37,216,0.162162162162,1.32432432432,11.6756756757,21.6,6,8.1990990496,0.702237650082,0.31006006006,10.329336629,1.76937710775,0.765265265265,3.0868314707,0.528762798222,0.252752752753,0.579945114934,0.437917739848,2,1.32432432432,0.579945114934,2,0.0121701261701,0.00597269624573,7,0.000900900900901,0.621196581197,37,37,37,1,0,0.72972972973,0.243243243243,0.027027027027,37,0.0645645645646,1.32432432432,4.64864864865,8.6,2.52941176471,3.59950780753,0.774312726038,0.398491514771,4.21672631087,1.8141729477,0.785669390321,1.61682222712,0.695609562831,0.379635449403,0.579945114934,0.437917739848,2,1.32432432432,0.579945114934,2,0.00798771121352,0.0054844606947,1,0.0001287001287,0.151009407116,37,37,37,1,0,0.72972972973,0.189189189189,0.0810810810811,37,120,0.0900900900901,1.34891099433,6.48648648649,12,3.33333333333,5.64024044809,0.869537069081,0.426126126126,5.94607903209,1.83337436823,0.781981981982,1.67340978254,0.515968016283,0.288738738739,0.619572133381,0.459312835306,2.10385802469,1.34891099433,0.619572133381,2.10385802469,0.160984611313,0.131600324939,54,0.00694980694981,0.208587202488,37,37,37,1,0,0.72972972973,0.243243243243,0.027027027027,-96,-0.0720720720721,0.0245866700033,-5.18918918919,-9.6,-2.66666666667,-2.55885860151,0.167299418999,0.116066066066,-4.38325759691,0.0639972604823,0.0167167167167,-1.41342168816,-0.0127947819393,0.035985985986,0.0396270184462,0.021395095458,0.103858024691,0.0245866700033,0.0396270184462,0.103858024691,0.148814485143,0.125627628693,47,0.00604890604891,-0.412609378709,0,0,0,112,8,104,1108,0.518518518519,0.992831541219,0.00716845878136,0.481481481481,0.933333333333,0.518518518519,0.666666666667,0.658317425568,0.511350059737,0.5,34,130,0,0,0,0
1669,WLNM_dir_neg,0.964275147929,0.847951740714,00:00:02,10,40,36,1234218160,threshold_sweep,0.4,0.896551724138,0.2,0.327044025157,26,3,104,257,0.2,0.988461538462,0.0115384615385,0.8,0.896551724138,0.2,0.327044025157,0.725641025641,0.64188034188,0.233890214797,0.33863237948,0.188461538462,216,86,130,0,216,0,86,0,130,37,216,0.162162162162,1.32432432432,11.6756756757,21.6,6,8.1990990496,0.702237650082,0.31006006006,10.329336629,1.76937710775,0.765265265265,3.0868314707,0.528762798222,0.252752752753,0.579945114934,0.437917739848,2,1.32432432432,0.579945114934,2,0.0121701261701,0.00597269624573,7,0.000900900900901,0.621196581197,37,37,37,1,0,0.72972972973,0.243243243243,0.027027027027,37,0.0645645645646,1.32432432432,4.64864864865,8.6,2.52941176471,3.59950780753,0.774312726038,0.398491514771,4.21672631087,1.8141729477,0.785669390321,1.61682222712,0.695609562831,0.379635449403,0.579945114934,0.437917739848,2,1.32432432432,0.579945114934,2,0.00798771121352,0.0054844606947,1,0.0001287001287,0.151009407116,37,37,37,1,0,0.72972972973,0.189189189189,0.0810810810811,37,115,0.0863363363363,1.33477255033,6.21621621622,11.5,3.19444444444,5.26590255604,0.847123454668,0.411280846063,5.7531816501,1.85102366134,0.783078730905,1.61217216795,0.518698871426,0.288601645123,0.597052186906,0.447306312045,2.05020576132,1.33477255033,0.597052186906,2.05020576132,0.0848089943505,0.0709736123749,26,0.0033462033462,0.196676953822,37,37,37,1,0,0.72972972973,0.243243243243,0.027027027027,-101,-0.0758258258258,0.0104482260038,-5.45945945946,-10.1,-2.80555555556,-2.93319649356,0.144885804586,0.101220786003,-4.5761549789,0.0816465535926,0.0178134656396,-1.47465930276,-0.0100639267964,0.0358488923706,0.0171070719711,0.00938857219607,0.0502057613169,0.0104482260038,0.0171070719711,0.0502057613169,0.0726388681804,0.0650009161292,19,0.0024453024453,-0.424519627374,0,0,0,112,3,104,1113,0.518518518519,0.997311827957,0.00268817204301,0.481481481481,0.973913043478,0.518518518519,0.676737160121,0.676973473794,0.515830346476,0.511415525114,29,130,0,0,0,0
1670,WLNM_dir_neg,0.964275147929,0.847951740714,00:00:02,10,40,36,1234218160,threshold_sweep,0.5,0.896551724138,0.2,0.327044025157,26,3,104,257,0.2,0.988461538462,0.0115384615385,0.8,0.896551724138,0.2,0.327044025157,0.725641025641,0.64188034188,0.233890214797,0.33863237948,0.188461538462,216,86,130,0,216,0,86,0,130,37,216,0.162162162162,1.32432432432,11.6756756757,21.6,6,8.1990990496,0.702237650082,0.31006006006,10.329336629,1.76937710775,0.765265265265,3.0868314707,0.528762798222,0.252752752753,0.579945114934,0.437917739848,2,1.32432432432,0.579945114934,2,0.0121701261701,0.00597269624573,7,0.000900900900901,0.621196581197,37,37,37,1,0,0.72972972973,0.243243243243,0.027027027027,37,0.0645645645646,1.32432432432,4.64864864865,8.6,2.52941176471,3.59950780753,0.774312726038,0.398491514771,4.21672631087,1.8141729477,0.785669390321,1.61682222712,0.695609562831,0.379635449403,0.579945114934,0.437917739848,2,1.32432432432,0.579945114934,2,0.00798771121352,0.0054844606947,1,0.0001287001287,0.151009407116,37,37,37,1,0,0.72972972973,0.189189189189,0.0810810810811,37,115,0.0863363363363,1.33477255033,6.21621621622,11.5,3.19444444444,5.26590255604,0.847123454668,0.411280846063,5.7531816501,1.85102366134,0.783078730905,1.61217216795,0.518698871426,0.288601645123,0.597052186906,0.447306312045,2.05020576132,1.33477255033,0.597052186906,2.05020576132,0.0848089943505,0.0709736123749,26,0.0033462033462,0.196676953822,37,37,37,1,0,0.72972972973,0.243243243243,0.027027027027,-101,-0.0758258258258,0.0104482260038,-5.45945945946,-10.1,-2.80555555556,-2.93319649356,0.144885804586,0.101220786003,-4.5761549789,0.0816465535926,0.0178134656396,-1.47465930276,-0.0100639267964,0.0358488923706,0.0171070719711,0.00938857219607,0.0502057613169,0.0104482260038,0.0171070719711,0.0502057613169,0.0726388681804,0.0650009161292,19,0.0024453024453,-0.424519627374,0,0,0,112,3,104,1113,0.518518518519,0.997311827957,0.00268817204301,0.481481481481,0.973913043478,0.518518518519,0.676737160121,0.676973473794,0.515830346476,0.511415525114,29,130,0,0,0,0
1671,WLNM_dir_neg,0.964275147929,0.847951740714,00:00:02,10,40,36,1234218160,threshold_sweep,0.6,0.896551724138,0.2,0.327044025157,26,3,104,257,0.2,0.988461538462,0.0115384615385,0.8,0.896551724138,0.2,0.327044025157,0.725641025641,0.64188034188,0.233890214797,0.33863237948,0.188461538462,216,86,130,0,216,0,86,0,130,37,216,0.162162162162,1.32432432432,11.6756756757,21.6,6,8.1990990496,0.702237650082,0.31006006006,10.329336629,1.76937710775,0.765265265265,3.0868314707,0.528762798222,0.252752752753,0.579945114934,0.437917739848,2,1.32432432432,0.579945114934,2,0.0121701261701,0.00597269624573,7,0.000900900900901,0.621196581197,37,37,37,1,0,0.72972972973,0.243243243243,0.027027027027,37,0.0645645645646,1.32432432432,4.64864864865,8.6,2.52941176471,3.59950780753,0.774312726038,0.398491514771,4.21672631087,1.8141729477,0.785669390321,1.61682222712,0.695609562831,0.379635449403,0.579945114934,0.437917739848,2,1.32432432432,0.579945114934,2,0.00798771121352,0.0054844606947,1,0.0001287001287,0.151009407116,37,37,37,1,0,0.72972972973,0.189189189189,0.0810810810811,37,115,0.0863363363363,1.33477255033,6.21621621622,11.5,3.19444444444,5.26590255604,0.847123454668,0.411280846063,5.7531816501,1.85102366134,0.783078730905,1.61217216795,0.518698871426,0.288601645123,0.597052186906,0.447306312045,2.05020576132,1.33477255033,0.597052186906,2.05020576132,0.0848089943505,0.0709736123749,26,0.0033462033462,0.196676953822,37,37,37,1,0,0.72972972973,0.243243243243,0.027027027027,-101,-0.0758258258258,0.0104482260038,-5.45945945946,-10.1,-2.80555555556,-2.93319649356,0.144885804586,0.101220786003,-4.5761549789,0.0816465535926,0.0178134656396,-1.47465930276,-0.0100639267964,0.0358488923706,0.0171070719711,0.00938857219607,0.0502057613169,0.0104482260038,0.0171070719711,0.0502057613169,0.0726388681804,0.0650009161292,19,0.0024453024453,-0.424519627374,0,0,0,112,3,104,1113,0.518518518519,0.997311827957,0.00268817204301,0.481481481481,0.973913043478,0.518518518519,0.676737160121,0.676973473794,0.515830346476,0.511415525114,29,130,0,0,0,0
1672,WLNM_dir_neg,0.964275147929,0.847951740714,00:00:02,10,40,36,1234218160,threshold_sweep,0.7,0.896551724138,0.2,0.327044025157,26,3,104,257,0.2,0.988461538462,0.0115384615385,0.8,0.896551724138,0.2,0.327044025157,0.725641025641,0.64188034188,0.233890214797,0.33863237948,0.188461538462,216,86,130,0,216,0,86,0,130,37,216,0.162162162162,1.32432432432,11.6756756757,21.6,6,8.1990990496,0.702237650082,0.31006006006,10.329336629,1.76937710775,0.765265265265,3.0868314707,0.528762798222,0.252752752753,0.579945114934,0.437917739848,2,1.32432432432,0.579945114934,2,0.0121701261701,0.00597269624573,7,0.000900900900901,0.621196581197,37,37,37,1,0,0.72972972973,0.243243243243,0.027027027027,37,0.0645645645646,1.32432432432,4.64864864865,8.6,2.52941176471,3.59950780753,0.774312726038,0.398491514771,4.21672631087,1.8141729477,0.785669390321,1.61682222712,0.695609562831,0.379635449403,0.579945114934,0.437917739848,2,1.32432432432,0.579945114934,2,0.00798771121352,0.0054844606947,1,0.0001287001287,0.151009407116,37,37,37,1,0,0.72972972973,0.189189189189,0.0810810810811,37,115,0.0863363363363,1.33477255033,6.21621621622,11.5,3.19444444444,5.26590255604,0.847123454668,0.411280846063,5.7531816501,1.85102366134,0.783078730905,1.61217216795,0.518698871426,0.288601645123,0.597052186906,0.447306312045,2.05020576132,1.33477255033,0.597052186906,2.05020576132,0.0848089943505,0.0709736123749,26,0.0033462033462,0.196676953822,37,37,37,1,0,0.72972972973,0.243243243243,0.027027027027,-101,-0.0758258258258,0.0104482260038,-5.45945945946,-10.1,-2.80555555556,-2.93319649356,0.144885804586,0.101220786003,-4.5761549789,0.0816465535926,0.0178134656396,-1.47465930276,-0.0100639267964,0.0358488923706,0.0171070719711,0.00938857219607,0.0502057613169,0.0104482260038,0.0171070719711,0.0502057613169,0.0726388681804,0.0650009161292,19,0.0024453024453,-0.424519627374,0,0,0,112,3,104,1113,0.518518518519,0.997311827957,0.00268817204301,0.481481481481,0.973913043478,0.518518518519,0.676737160121,0.676973473794,0.515830346476,0.511415525114,29,130,0,0,0,0
1673,WLNM_dir_neg,0.964275147929,0.847951740714,00:00:02,10,40,36,1234218160,threshold_sweep,0.8,0.896551724138,0.2,0.327044025157,26,3,104,257,0.2,0.988461538462,0.0115384615385,0.8,0.896551724138,0.2,0.327044025157,0.725641025641,0.64188034188,0.233890214797,0.33863237948,0.188461538462,216,86,130,0,216,0,86,0,130,37,216,0.162162162162,1.32432432432,11.6756756757,21.6,6,8.1990990496,0.702237650082,0.31006006006,10.329336629,1.76937710775,0.765265265265,3.0868314707,0.528762798222,0.252752752753,0.579945114934,0.437917739848,2,1.32432432432,0.579945114934,2,0.0121701261701,0.00597269624573,7,0.000900900900901,0.621196581197,37,37,37,1,0,0.72972972973,0.243243243243,0.027027027027,37,0.0645645645646,1.32432432432,4.64864864865,8.6,2.52941176471,3.59950780753,0.774312726038,0.398491514771,4.21672631087,1.8141729477,0.785669390321,1.61682222712,0.695609562831,0.379635449403,0.579945114934,0.437917739848,2,1.32432432432,0.579945114934,2,0.00798771121352,0.0054844606947,1,0.0001287001287,0.151009407116,37,37,37,1,0,0.72972972973,0.189189189189,0.0810810810811,37,115,0.0863363363363,1.33477255033,6.21621621622,11.5,3.19444444444,5.26590255604,0.847123454668,0.411280846063,5.7531816501,1.85102366134,0.783078730905,1.61217216795,0.518698871426,0.288601645123,0.597052186906,0.447306312045,2.05020576132,1.33477255033,0.597052186906,2.05020576132,0.0848089943505,0.0709736123749,26,0.0033462033462,0.196676953822,37,37,37,1,0,0.72972972973,0.243243243243,0.027027027027,-101,-0.0758258258258,0.0104482260038,-5.45945945946,-10.1,-2.80555555556,-2.93319649356,0.144885804586,0.101220786003,-4.5761549789,0.0816465535926,0.0178134656396,-1.47465930276,-0.0100639267964,0.0358488923706,0.0171070719711,0.00938857219607,0.0502057613169,0.0104482260038,0.0171070719711,0.0502057613169,0.0726388681804,0.0650009161292,19,0.0024453024453,-0.424519627374,0,0,0,112,3,104,1113,0.518518518519,0.997311827957,0.00268817204301,0.481481481481,0.973913043478,0.518518518519,0.676737160121,0.676973473794,0.515830346476,0.511415525114,29,130,0,0,0,0
1674,WLNM_dir_neg,0.964275147929,0.847951740714,00:00:02,10,40,36,1234218160,threshold_sweep,0.9,0.928571428571,0.2,0.329113924051,26,2,104,258,0.2,0.992307692308,0.00769230769231,0.8,0.928571428571,0.2,0.329113924051,0.728205128205,0.642735042735,0.239234449761,0.351173475346,0.192307692308,216,86,130,0,216,0,86,0,130,37,216,0.162162162162,1.32432432432,11.6756756757,21.6,6,8.1990990496,0.702237650082,0.31006006006,10.329336629,1.76937710775,0.765265265265,3.0868314707,0.528762798222,0.252752752753,0.579945114934,0.437917739848,2,1.32432432432,0.579945114934,2,0.0121701261701,0.00597269624573,7,0.000900900900901,0.621196581197,37,37,37,1,0,0.72972972973,0.243243243243,0.027027027027,37,0.0645645645646,1.32432432432,4.64864864865,8.6,2.52941176471,3.59950780753,0.774312726038,0.398491514771,4.21672631087,1.8141729477,0.785669390321,1.61682222712,0.695609562831,0.379635449403,0.579945114934,0.437917739848,2,1.32432432432,0.579945114934,2,0.00798771121352,0.0054844606947,1,0.0001287001287,0.151009407116,37,37,37,1,0,0.72972972973,0.189189189189,0.0810810810811,37,114,0.0855855855856,1.33049049049,6.16216216216,11.4,3.16666666667,5.21490126418,0.846277836732,0.408961593172,5.72702355494,1.85877080292,0.78520625889,1.62238470534,0.526563456997,0.292555713608,0.59005293017,0.443485266815,2.02962962963,1.33049049049,0.59005293017,2.02962962963,0.0688808048929,0.0584415584416,21,0.0027027027027,0.196341899663,37,37,37,1,0,0.72972972973,0.243243243243,0.027027027027,-102,-0.0765765765766,0.00616616616617,-5.51351351351,-10.2,-2.83333333333,-2.98419778542,0.14404018665,0.0989015331121,-4.60231307406,0.0893936951727,0.0199409936252,-1.46444676536,-0.00219934122503,0.0398029608556,0.010107815236,0.00556752696691,0.0296296296296,0.00616616616617,0.010107815236,0.0296296296296,0.0567106787228,0.0524688621958,14,0.0018018018018,-0.424854681534,0,0,0,112,2,104,1114,0.518518518519,0.998207885305,0.00179211469534,0.481481481481,0.982456140351,0.518518518519,0.678787878788,0.680837638787,0.516726403823,0.51376146789,28,130,0,0,0,0
1675,WLNM_dir_neg,0.982781065089,0.904561521109,00:00:02,10,40,37,1234218161,threshold_sweep,0.1,0.94776119403,0.976923076923,0.962121212121,127,7,3,253,0.976923076923,0.973076923077,0.0269230769231,0.0230769230769,0.94776119403,0.976923076923,0.962121212121,0.974358974359,0.552136752137,0.942748091603,0.942995398625,0.95,216,86,130,0,216,0,86,0,130,37,216,0.162162162162,1.32432432432,11.6756756757,21.6,6,8.1990990496,0.702237650082,0.31006006006,10.329336629,1.76937710775,0.765265265265,3.0868314707,0.528762798222,0.252752752753,0.579945114934,0.437917739848,2,1.32432432432,0.579945114934,2,0.0121701261701,0.00597269624573,7,0.000900900900901,0.621196581197,37,37,37,1,0,0.72972972973,0.243243243243,0.027027027027,37,0.0645645645646,1.31891891892,4.64864864865,8.6,2.6875,3.61490906768,0.777625787814,0.405719673162,4.23644278227,1.82265561563,0.786297925833,1.74887351131,0.752422324633,0.415461973602,0.56462270482,0.428095083573,2,1.31891891892,0.56462270482,2,0,0,0,0,0.160127860711,37,37,37,1,0,0.72972972973,0.135135135135,0.135135135135,37,220,0.165165165165,1.33909176846,11.8918918919,22,5.94594594595,8.3957124765,0.706003094614,0.317199017199,10.6430622837,1.7899695659,0.77027027027,2.95283240622,0.496612722864,0.238329238329,0.602116912753,0.449645742686,2.04967231208,1.33909176846,0.602116912753,2.04967231208,0.0121643118786,0.00597099800967,7,0.000900900900901,0.59456541135,37,37,37,1,0,0.72972972973,0.27027027027,0,4,0.003003003003,0.0147674441331,0.216216216216,0.4,-0.0540540540541,0.196613426891,0.00376544453256,0.00713895713896,0.313725654703,0.0205924581501,0.00500500500501,-0.133999064485,-0.0321500753583,-0.0144235144235,0.0221717978184,0.0117280028376,0.0496723120842,0.0147674441331,0.0221717978184,0.0496723120842,-5.81429152858e-06,-1.69823606646e-06,0,0,-0.0266311698469,0,0.027027027027,-0.027027027027,213,7,3,1109,0.986111111111,0.993727598566,0.00627240143369,0.0138888888889,0.968181818182,0.986111111111,0.977064220183,0.972634861448,0.979838709677,0.955156950673,134,130,0,0,0,0
1676,WLNM_dir_neg,0.982781065089,0.904561521109,00:00:02,10,40,37,1234218161,threshold_sweep,0.2,0.94776119403,0.976923076923,0.962121212121,127,7,3,253,0.976923076923,0.973076923077,0.0269230769231,0.0230769230769,0.94776119403,0.976923076923,0.962121212121,0.974358974359,0.552136752137,0.942748091603,0.942995398625,0.95,216,86,130,0,216,0,86,0,130,37,216,0.162162162162,1.32432432432,11.6756756757,21.6,6,8.1990990496,0.702237650082,0.31006006006,10.329336629,1.76937710775,0.765265265265,3.0868314707,0.528762798222,0.252752752753,0.579945114934,0.437917739848,2,1.32432432432,0.579945114934,2,0.0121701261701,0.00597269624573,7,0.000900900900901,0.621196581197,37,37,37,1,0,0.72972972973,0.243243243243,0.027027027027,37,0.0645645645646,1.31891891892,4.64864864865,8.6,2.6875,3.61490906768,0.777625787814,0.405719673162,4.23644278227,1.82265561563,0.786297925833,1.74887351131,0.752422324633,0.415461973602,0.56462270482,0.428095083573,2,1.31891891892,0.56462270482,2,0,0,0,0,0.160127860711,37,37,37,1,0,0.72972972973,0.135135135135,0.135135135135,37,220,0.165165165165,1.33909176846,11.8918918919,22,5.94594594595,8.3957124765,0.706003094614,0.317199017199,10.6430622837,1.7899695659,0.77027027027,2.95283240622,0.496612722864,0.238329238329,0.602116912753,0.449645742686,2.04967231208,1.33909176846,0.602116912753,2.04967231208,0.0121643118786,0.00597099800967,7,0.000900900900901,0.59456541135,37,37,37,1,0,0.72972972973,0.27027027027,0,4,0.003003003003,0.0147674441331,0.216216216216,0.4,-0.0540540540541,0.196613426891,0.00376544453256,0.00713895713896,0.313725654703,0.0205924581501,0.00500500500501,-0.133999064485,-0.0321500753583,-0.0144235144235,0.0221717978184,0.0117280028376,0.0496723120842,0.0147674441331,0.0221717978184,0.0496723120842,-5.81429152858e-06,-1.69823606646e-06,0,0,-0.0266311698469,0,0.027027027027,-0.027027027027,213,7,3,1109,0.986111111111,0.993727598566,0.00627240143369,0.0138888888889,0.968181818182,0.986111111111,0.977064220183,0.972634861448,0.979838709677,0.955156950673,134,130,0,0,0,0
1677,WLNM_dir_neg,0.982781065089,0.904561521109,00:00:02,10,40,37,1234218161,threshold_sweep,0.3,0.94776119403,0.976923076923,0.962121212121,127,7,3,253,0.976923076923,0.973076923077,0.0269230769231,0.0230769230769,0.94776119403,0.976923076923,0.962121212121,0.974358974359,0.552136752137,0.942748091603,0.942995398625,0.95,216,86,130,0,216,0,86,0,130,37,216,0.162162162162,1.32432432432,11.6756756757,21.6,6,8.1990990496,0.702237650082,0.31006006006,10.329336629,1.76937710775,0.765265265265,3.0868314707,0.528762798222,0.252752752753,0.579945114934,0.437917739848,2,1.32432432432,0.579945114934,2,0.0121701261701,0.00597269624573,7,0.000900900900901,0.621196581197,37,37,37,1,0,0.72972972973,0.243243243243,0.027027027027,37,0.0645645645646,1.31891891892,4.64864864865,8.6,2.6875,3.61490906768,0.777625787814,0.405719673162,4.23644278227,1.82265561563,0.786297925833,1.74887351131,0.752422324633,0.415461973602,0.56462270482,0.428095083573,2,1.31891891892,0.56462270482,2,0,0,0,0,0.160127860711,37,37,37,1,0,0.72972972973,0.135135135135,0.135135135135,37,220,0.165165165165,1.33909176846,11.8918918919,22,5.94594594595,8.3957124765,0.706003094614,0.317199017199,10.6430622837,1.7899695659,0.77027027027,2.95283240622,0.496612722864,0.238329238329,0.602116912753,0.449645742686,2.04967231208,1.33909176846,0.602116912753,2.04967231208,0.0121643118786,0.00597099800967,7,0.000900900900901,0.59456541135,37,37,37,1,0,0.72972972973,0.27027027027,0,4,0.003003003003,0.0147674441331,0.216216216216,0.4,-0.0540540540541,0.196613426891,0.00376544453256,0.00713895713896,0.313725654703,0.0205924581501,0.00500500500501,-0.133999064485,-0.0321500753583,-0.0144235144235,0.0221717978184,0.0117280028376,0.0496723120842,0.0147674441331,0.0221717978184,0.0496723120842,-5.81429152858e-06,-1.69823606646e-06,0,0,-0.0266311698469,0,0.027027027027,-0.027027027027,213,7,3,1109,0.986111111111,0.993727598566,0.00627240143369,0.0138888888889,0.968181818182,0.986111111111,0.977064220183,0.972634861448,0.979838709677,0.955156950673,134,130,0,0,0,0
1678,WLNM_dir_neg,0.982781065089,0.904561521109,00:00:02,10,40,37,1234218161,threshold_sweep,0.4,0.94776119403,0.976923076923,0.962121212121,127,7,3,253,0.976923076923,0.973076923077,0.0269230769231,0.0230769230769,0.94776119403,0.976923076923,0.962121212121,0.974358974359,0.552136752137,0.942748091603,0.942995398625,0.95,216,86,130,0,216,0,86,0,130,37,216,0.162162162162,1.32432432432,11.6756756757,21.6,6,8.1990990496,0.702237650082,0.31006006006,10.329336629,1.76937710775,0.765265265265,3.0868314707,0.528762798222,0.252752752753,0.579945114934,0.437917739848,2,1.32432432432,0.579945114934,2,0.0121701261701,0.00597269624573,7,0.000900900900901,0.621196581197,37,37,37,1,0,0.72972972973,0.243243243243,0.027027027027,37,0.0645645645646,1.31891891892,4.64864864865,8.6,2.6875,3.61490906768,0.777625787814,0.405719673162,4.23644278227,1.82265561563,0.786297925833,1.74887351131,0.752422324633,0.415461973602,0.56462270482,0.428095083573,2,1.31891891892,0.56462270482,2,0,0,0,0,0.160127860711,37,37,37,1,0,0.72972972973,0.135135135135,0.135135135135,37,220,0.165165165165,1.33909176846,11.8918918919,22,5.94594594595,8.3957124765,0.706003094614,0.317199017199,10.6430622837,1.7899695659,0.77027027027,2.95283240622,0.496612722864,0.238329238329,0.602116912753,0.449645742686,2.04967231208,1.33909176846,0.602116912753,2.04967231208,0.0121643118786,0.00597099800967,7,0.000900900900901,0.59456541135,37,37,37,1,0,0.72972972973,0.27027027027,0,4,0.003003003003,0.0147674441331,0.216216216216,0.4,-0.0540540540541,0.196613426891,0.00376544453256,0.00713895713896,0.313725654703,0.0205924581501,0.00500500500501,-0.133999064485,-0.0321500753583,-0.0144235144235,0.0221717978184,0.0117280028376,0.0496723120842,0.0147674441331,0.0221717978184,0.0496723120842,-5.81429152858e-06,-1.69823606646e-06,0,0,-0.0266311698469,0,0.027027027027,-0.027027027027,213,7,3,1109,0.986111111111,0.993727598566,0.00627240143369,0.0138888888889,0.968181818182,0.986111111111,0.977064220183,0.972634861448,0.979838709677,0.955156950673,134,130,0,0,0,0
1679,WLNM_dir_neg,0.982781065089,0.904561521109,00:00:02,10,40,37,1234218161,threshold_sweep,0.5,0.94776119403,0.976923076923,0.962121212121,127,7,3,253,0.976923076923,0.973076923077,0.0269230769231,0.0230769230769,0.94776119403,0.976923076923,0.962121212121,0.974358974359,0.552136752137,0.942748091603,0.942995398625,0.95,216,86,130,0,216,0,86,0,130,37,216,0.162162162162,1.32432432432,11.6756756757,21.6,6,8.1990990496,0.702237650082,0.31006006006,10.329336629,1.76937710775,0.765265265265,3.0868314707,0.528762798222,0.252752752753,0.579945114934,0.437917739848,2,1.32432432432,0.579945114934,2,0.0121701261701,0.00597269624573,7,0.000900900900901,0.621196581197,37,37,37,1,0,0.72972972973,0.243243243243,0.027027027027,37,0.0645645645646,1.31891891892,4.64864864865,8.6,2.6875,3.61490906768,0.777625787814,0.405719673162,4.23644278227,1.82265561563,0.786297925833,1.74887351131,0.752422324633,0.415461973602,0.56462270482,0.428095083573,2,1.31891891892,0.56462270482,2,0,0,0,0,0.160127860711,37,37,37,1,0,0.72972972973,0.135135135135,0.135135135135,37,220,0.165165165165,1.33909176846,11.8918918919,22,5.94594594595,8.3957124765,0.706003094614,0.317199017199,10.6430622837,1.7899695659,0.77027027027,2.95283240622,0.496612722864,0.238329238329,0.602116912753,0.449645742686,2.04967231208,1.33909176846,0.602116912753,2.04967231208,0.0121643118786,0.00597099800967,7,0.000900900900901,0.59456541135,37,37,37,1,0,0.72972972973,0.27027027027,0,4,0.003003003003,0.0147674441331,0.216216216216,0.4,-0.0540540540541,0.196613426891,0.00376544453256,0.00713895713896,0.313725654703,0.0205924581501,0.00500500500501,-0.133999064485,-0.0321500753583,-0.0144235144235,0.0221717978184,0.0117280028376,0.0496723120842,0.0147674441331,0.0221717978184,0.0496723120842,-5.81429152858e-06,-1.69823606646e-06,0,0,-0.0266311698469,0,0.027027027027,-0.027027027027,213,7,3,1109,0.986111111111,0.993727598566,0.00627240143369,0.0138888888889,0.968181818182,0.986111111111,0.977064220183,0.972634861448,0.979838709677,0.955156950673,134,130,0,0,0,0
1680,WLNM_dir_neg,0.982781065089,0.904561521109,00:00:02,10,40,37,1234218161,threshold_sweep,0.6,0.94776119403,0.976923076923,0.962121212121,127,7,3,253,0.976923076923,0.973076923077,0.0269230769231,0.0230769230769,0.94776119403,0.976923076923,0.962121212121,0.974358974359,0.552136752137,0.942748091603,0.942995398625,0.95,216,86,130,0,216,0,86,0,130,37,216,0.162162162162,1.32432432432,11.6756756757,21.6,6,8.1990990496,0.702237650082,0.31006006006,10.329336629,1.76937710775,0.765265265265,3.0868314707,0.528762798222,0.252752752753,0.579945114934,0.437917739848,2,1.32432432432,0.579945114934,2,0.0121701261701,0.00597269624573,7,0.000900900900901,0.621196581197,37,37,37,1,0,0.72972972973,0.243243243243,0.027027027027,37,0.0645645645646,1.31891891892,4.64864864865,8.6,2.6875,3.61490906768,0.777625787814,0.405719673162,4.23644278227,1.82265561563,0.786297925833,1.74887351131,0.752422324633,0.415461973602,0.56462270482,0.428095083573,2,1.31891891892,0.56462270482,2,0,0,0,0,0.160127860711,37,37,37,1,0,0.72972972973,0.135135135135,0.135135135135,37,220,0.165165165165,1.33909176846,11.8918918919,22,5.94594594595,8.3957124765,0.706003094614,0.317199017199,10.6430622837,1.7899695659,0.77027027027,2.95283240622,0.496612722864,0.238329238329,0.602116912753,0.449645742686,2.04967231208,1.33909176846,0.602116912753,2.04967231208,0.0121643118786,0.00597099800967,7,0.000900900900901,0.59456541135,37,37,37,1,0,0.72972972973,0.27027027027,0,4,0.003003003003,0.0147674441331,0.216216216216,0.4,-0.0540540540541,0.196613426891,0.00376544453256,0.00713895713896,0.313725654703,0.0205924581501,0.00500500500501,-0.133999064485,-0.0321500753583,-0.0144235144235,0.0221717978184,0.0117280028376,0.0496723120842,0.0147674441331,0.0221717978184,0.0496723120842,-5.81429152858e-06,-1.69823606646e-06,0,0,-0.0266311698469,0,0.027027027027,-0.027027027027,213,7,3,1109,0.986111111111,0.993727598566,0.00627240143369,0.0138888888889,0.968181818182,0.986111111111,0.977064220183,0.972634861448,0.979838709677,0.955156950673,134,130,0,0,0,0
1681,WLNM_dir_neg,0.982781065089,0.904561521109,00:00:02,10,40,37,1234218161,threshold_sweep,0.7,0.97619047619,0.315384615385,0.476744186047,41,1,89,259,0.315384615385,0.996153846154,0.00384615384615,0.684615384615,0.97619047619,0.315384615385,0.476744186047,0.769230769231,0.630769230769,0.375,0.473757124282,0.311538461538,216,86,130,0,216,0,86,0,130,37,216,0.162162162162,1.32432432432,11.6756756757,21.6,6,8.1990990496,0.702237650082,0.31006006006,10.329336629,1.76937710775,0.765265265265,3.0868314707,0.528762798222,0.252752752753,0.579945114934,0.437917739848,2,1.32432432432,0.579945114934,2,0.0121701261701,0.00597269624573,7,0.000900900900901,0.621196581197,37,37,37,1,0,0.72972972973,0.243243243243,0.027027027027,37,0.0645645645646,1.31891891892,4.64864864865,8.6,2.6875,3.61490906768,0.777625787814,0.405719673162,4.23644278227,1.82265561563,0.786297925833,1.74887351131,0.752422324633,0.415461973602,0.56462270482,0.428095083573,2,1.31891891892,0.56462270482,2,0,0,0,0,0.160127860711,37,37,37,1,0,0.72972972973,0.135135135135,0.135135135135,37,128,0.0960960960961,1.32432432432,6.91891891892,12.8,3.55555555556,5.73187180198,0.82843459638,0.381545608108,6.63155166439,1.91693290299,0.796030405405,1.90896415476,0.551809950984,0.309966216216,0.579945114934,0.437917739848,2,1.32432432432,0.579945114934,2,0.0120129605844,0.00889547813195,4,0.000514800514801,0.233059620309,37,37,37,1,0,0.72972972973,0.243243243243,0.027027027027,-88,-0.0660660660661,0,-4.75675675676,-8.8,-2.44444444444,-2.46722724762,0.126196946298,0.071485548048,-3.69778496461,0.147555795242,0.0307651401401,-1.17786731595,0.0230471527618,0.0572134634635,0,0,0,0,0,0,-0.000157165585737,0.00292278188622,-3,-0.0003861003861,-0.388136960887,0,0,0,127,1,89,1115,0.587962962963,0.999103942652,0.00089605734767,0.412037037037,0.9921875,0.587962962963,0.738372093023,0.734223606077,0.587066905615,0.585253456221,42,130,0,0,0,0
1682,WLNM_dir_neg,0.982781065089,0.904561521109,00:00:02,10,40,37,1234218161,threshold_sweep,0.8,0.97619047619,0.315384615385,0.476744186047,41,1,89,259,0.315384615385,0.996153846154,0.00384615384615,0.684615384615,0.97619047619,0.315384615385,0.476744186047,0.769230769231,0.630769230769,0.375,0.473757124282,0.311538461538,216,86,130,0,216,0,86,0,130,37,216,0.162162162162,1.32432432432,11.6756756757,21.6,6,8.1990990496,0.702237650082,0.31006006006,10.329336629,1.76937710775,0.765265265265,3.0868314707,0.528762798222,0.252752752753,0.579945114934,0.437917739848,2,1.32432432432,0.579945114934,2,0.0121701261701,0.00597269624573,7,0.000900900900901,0.621196581197,37,37,37,1,0,0.72972972973,0.243243243243,0.027027027027,37,0.0645645645646,1.31891891892,4.64864864865,8.6,2.6875,3.61490906768,0.777625787814,0.405719673162,4.23644278227,1.82265561563,0.786297925833,1.74887351131,0.752422324633,0.415461973602,0.56462270482,0.428095083573,2,1.31891891892,0.56462270482,2,0,0,0,0,0.160127860711,37,37,37,1,0,0.72972972973,0.135135135135,0.135135135135,37,128,0.0960960960961,1.32432432432,6.91891891892,12.8,3.55555555556,5.73187180198,0.82843459638,0.381545608108,6.63155166439,1.91693290299,0.796030405405,1.90896415476,0.551809950984,0.309966216216,0.579945114934,0.437917739848,2,1.32432432432,0.579945114934,2,0.0120129605844,0.00889547813195,4,0.000514800514801,0.233059620309,37,37,37,1,0,0.72972972973,0.243243243243,0.027027027027,-88,-0.0660660660661,0,-4.75675675676,-8.8,-2.44444444444,-2.46722724762,0.126196946298,0.071485548048,-3.69778496461,0.147555795242,0.0307651401401,-1.17786731595,0.0230471527618,0.0572134634635,0,0,0,0,0,0,-0.000157165585737,0.00292278188622,-3,-0.0003861003861,-0.388136960887,0,0,0,127,1,89,1115,0.587962962963,0.999103942652,0.00089605734767,0.412037037037,0.9921875,0.587962962963,0.738372093023,0.734223606077,0.587066905615,0.585253456221,42,130,0,0,0,0
1683,WLNM_dir_neg,0.982781065089,0.904561521109,00:00:02,10,40,37,1234218161,threshold_sweep,0.9,0.97619047619,0.315384615385,0.476744186047,41,1,89,259,0.315384615385,0.996153846154,0.00384615384615,0.684615384615,0.97619047619,0.315384615385,0.476744186047,0.769230769231,0.630769230769,0.375,0.473757124282,0.311538461538,216,86,130,0,216,0,86,0,130,37,216,0.162162162162,1.32432432432,11.6756756757,21.6,6,8.1990990496,0.702237650082,0.31006006006,10.329336629,1.76937710775,0.765265265265,3.0868314707,0.528762798222,0.252752752753,0.579945114934,0.437917739848,2,1.32432432432,0.579945114934,2,0.0121701261701,0.00597269624573,7,0.000900900900901,0.621196581197,37,37,37,1,0,0.72972972973,0.243243243243,0.027027027027,37,0.0645645645646,1.31891891892,4.64864864865,8.6,2.6875,3.61490906768,0.777625787814,0.405719673162,4.23644278227,1.82265561563,0.786297925833,1.74887351131,0.752422324633,0.415461973602,0.56462270482,0.428095083573,2,1.31891891892,0.56462270482,2,0,0,0,0,0.160127860711,37,37,37,1,0,0.72972972973,0.135135135135,0.135135135135,37,128,0.0960960960961,1.32432432432,6.91891891892,12.8,3.55555555556,5.73187180198,0.82843459638,0.381545608108,6.63155166439,1.91693290299,0.796030405405,1.90896415476,0.551809950984,0.309966216216,0.579945114934,0.437917739848,2,1.32432432432,0.579945114934,2,0.0120129605844,0.00889547813195,4,0.000514800514801,0.233059620309,37,37,37,1,0,0.72972972973,0.243243243243,0.027027027027,-88,-0.0660660660661,0,-4.75675675676,-8.8,-2.44444444444,-2.46722724762,0.126196946298,0.071485548048,-3.69778496461,0.147555795242,0.0307651401401,-1.17786731595,0.0230471527618,0.0572134634635,0,0,0,0,0,0,-0.000157165585737,0.00292278188622,-3,-0.0003861003861,-0.388136960887,0,0,0,127,1,89,1115,0.587962962963,0.999103942652,0.00089605734767,0.412037037037,0.9921875,0.587962962963,0.738372093023,0.734223606077,0.587066905615,0.585253456221,42,130,0,0,0,0
1684,WLNM_dir_neg,0.990014792899,0.934044050831,00:00:03,10,40,38,1234218162,threshold_sweep,0.1,0.958333333333,0.353846153846,0.516853932584,46,2,84,258,0.353846153846,0.992307692308,0.00769230769231,0.646153846154,0.958333333333,0.353846153846,0.516853932584,0.779487179487,0.625641025641,0.41095890411,0.496699633899,0.346153846154,216,86,130,0,216,0,86,0,130,37,216,0.162162162162,1.32432432432,11.6756756757,21.6,6,8.1990990496,0.702237650082,0.31006006006,10.329336629,1.76937710775,0.765265265265,3.0868314707,0.528762798222,0.252752752753,0.579945114934,0.437917739848,2,1.32432432432,0.579945114934,2,0.0121701261701,0.00597269624573,7,0.000900900900901,0.621196581197,37,37,37,1,0,0.72972972973,0.243243243243,0.027027027027,37,0.0645645645646,1.31756756757,4.64864864865,8.6,2.6875,3.57628155908,0.769316381894,0.383406662476,4.24953627571,1.8282888628,0.788812067882,1.5465742439,0.665386593305,0.364550597109,0.561027853366,0.425805755375,2,1.31756756757,0.561027853366,2,0,0,0,0,0.144152788884,37,37,37,1,0,0.72972972973,0.135135135135,0.135135135135,37,134,0.100600600601,1.32902880903,7.24324324324,13.4,3.72222222222,6.11648685206,0.844440348978,0.38906817265,6.8286624335,1.88552619432,0.790641387656,1.76935881907,0.488554300789,0.271883824123,0.587505158266,0.442055999294,2.01978021978,1.32902880903,0.587505158266,2.01978021978,0.159955996385,0.0814569536424,41,0.00527670527671,0.240470837133,37,37,37,1,0,0.72972972973,0.243243243243,0.027027027027,-82,-0.0615615615616,0.00470448470448,-4.43243243243,-8.2,-2.27777777778,-2.08261219755,0.142202698896,0.0790081125902,-3.5006741955,0.116149086578,0.025376122391,-1.31747265163,-0.0402084974337,0.0191310713699,0.00756004333114,0.00413825944542,0.0197802197802,0.00470448470448,0.00756004333114,0.0197802197802,0.147785870214,0.0754842573967,34,0.0043758043758,-0.380725744064,0,0,0,132,2,84,1114,0.611111111111,0.998207885305,0.00179211469534,0.388888888889,0.985074626866,0.611111111111,0.754285714286,0.746659994505,0.609318996416,0.605504587156,48,130,0,0,0,0
1685,WLNM_dir_neg,0.990014792899,0.934044050831,00:00:03,10,40,38,1234218162,threshold_sweep,0.2,0.953488372093,0.315384615385,0.473988439306,41,2,89,258,0.315384615385,0.992307692308,0.00769230769231,0.684615384615,0.953488372093,0.315384615385,0.473988439306,0.766666666667,0.629914529915,0.369515011547,0.463101325426,0.307692307692,216,86,130,0,216,0,86,0,130,37,216,0.162162162162,1.32432432432,11.6756756757,21.6,6,8.1990990496,0.702237650082,0.31006006006,10.329336629,1.76937710775,0.765265265265,3.0868314707,0.528762798222,0.252752752753,0.579945114934,0.437917739848,2,1.32432432432,0.579945114934,2,0.0121701261701,0.00597269624573,7,0.000900900900901,0.621196581197,37,37,37,1,0,0.72972972973,0.243243243243,0.027027027027,37,0.0645645645646,1.31756756757,4.64864864865,8.6,2.6875,3.57628155908,0.769316381894,0.383406662476,4.24953627571,1.8282888628,0.788812067882,1.5465742439,0.665386593305,0.364550597109,0.561027853366,0.425805755375,2,1.31756756757,0.561027853366,2,0,0,0,0,0.144152788884,37,37,37,1,0,0.72972972973,0.135135135135,0.135135135135,37,129,0.0968468468468,1.32907038907,6.97297297297,12.9,3.90909090909,5.83802899809,0.837236716781,0.378797402053,6.74792816608,1.93545226469,0.800754242615,1.96668957079,0.564089256739,0.313010685104,0.587627924544,0.442134539583,2.02,1.32907038907,0.587627924544,2.02,0.164242175814,0.0802023121387,37,0.0047619047619,0.2413118285,37,37,37,1,0,0.72972972973,0.162162162162,0.108108108108,-87,-0.0653153153153,0.00474606474606,-4.7027027027,-8.7,-2.09090909091,-2.36107005151,0.134999066699,0.0687373419932,-3.58140846292,0.166075156943,0.0354889773494,-1.12014189991,0.0353264585168,0.060257932351,0.00768280960996,0.00421679973407,0.02,0.00474606474606,0.00768280960996,0.02,0.152072049643,0.074229615893,30,0.003861003861,-0.379884752697,0,-0.0810810810811,0.0810810810811,127,2,89,1114,0.587962962963,0.998207885305,0.00179211469534,0.412037037037,0.984496124031,0.587962962963,0.736231884058,0.730559378171,0.586170848268,0.582568807339,43,130,0,0,0,0
1686,WLNM_dir_neg,0.990014792899,0.934044050831,00:00:03,10,40,38,1234218162,threshold_sweep,0.3,0.953488372093,0.315384615385,0.473988439306,41,2,89,258,0.315384615385,0.992307692308,0.00769230769231,0.684615384615,0.953488372093,0.315384615385,0.473988439306,0.766666666667,0.629914529915,0.369515011547,0.463101325426,0.307692307692,216,86,130,0,216,0,86,0,130,37,216,0.162162162162,1.32432432432,11.6756756757,21.6,6,8.1990990496,0.702237650082,0.31006006006,10.329336629,1.76937710775,0.765265265265,3.0868314707,0.528762798222,0.252752752753,0.579945114934,0.437917739848,2,1.32432432432,0.579945114934,2,0.0121701261701,0.00597269624573,7,0.000900900900901,0.621196581197,37,37,37,1,0,0.72972972973,0.243243243243,0.027027027027,37,0.0645645645646,1.31756756757,4.64864864865,8.6,2.6875,3.57628155908,0.769316381894,0.383406662476,4.24953627571,1.8282888628,0.788812067882,1.5465742439,0.665386593305,0.364550597109,0.561027853366,0.425805755375,2,1.31756756757,0.561027853366,2,0,0,0,0,0.144152788884,37,37,37,1,0,0.72972972973,0.135135135135,0.135135135135,37,129,0.0968468468468,1.32907038907,6.97297297297,12.9,3.90909090909,5.83802899809,0.837236716781,0.378797402053,6.74792816608,1.93545226469,0.800754242615,1.96668957079,0.564089256739,0.313010685104,0.587627924544,0.442134539583,2.02,1.32907038907,0.587627924544,2.02,0.164242175814,0.0802023121387,37,0.0047619047619,0.2413118285,37,37,37,1,0,0.72972972973,0.162162162162,0.108108108108,-87,-0.0653153153153,0.00474606474606,-4.7027027027,-8.7,-2.09090909091,-2.36107005151,0.134999066699,0.0687373419932,-3.58140846292,0.166075156943,0.0354889773494,-1.12014189991,0.0353264585168,0.060257932351,0.00768280960996,0.00421679973407,0.02,0.00474606474606,0.00768280960996,0.02,0.152072049643,0.074229615893,30,0.003861003861,-0.379884752697,0,-0.0810810810811,0.0810810810811,127,2,89,1114,0.587962962963,0.998207885305,0.00179211469534,0.412037037037,0.984496124031,0.587962962963,0.736231884058,0.730559378171,0.586170848268,0.582568807339,43,130,0,0,0,0
1687,WLNM_dir_neg,0.990014792899,0.934044050831,00:00:03,10,40,38,1234218162,threshold_sweep,0.4,0.953488372093,0.315384615385,0.473988439306,41,2,89,258,0.315384615385,0.992307692308,0.00769230769231,0.684615384615,0.953488372093,0.315384615385,0.473988439306,0.766666666667,0.629914529915,0.369515011547,0.463101325426,0.307692307692,216,86,130,0,216,0,86,0,130,37,216,0.162162162162,1.32432432432,11.6756756757,21.6,6,8.1990990496,0.702237650082,0.31006006006,10.329336629,1.76937710775,0.765265265265,3.0868314707,0.528762798222,0.252752752753,0.579945114934,0.437917739848,2,1.32432432432,0.579945114934,2,0.0121701261701,0.00597269624573,7,0.000900900900901,0.621196581197,37,37,37,1,0,0.72972972973,0.243243243243,0.027027027027,37,0.0645645645646,1.31756756757,4.64864864865,8.6,2.6875,3.57628155908,0.769316381894,0.383406662476,4.24953627571,1.8282888628,0.788812067882,1.5465742439,0.665386593305,0.364550597109,0.561027853366,0.425805755375,2,1.31756756757,0.561027853366,2,0,0,0,0,0.144152788884,37,37,37,1,0,0.72972972973,0.135135135135,0.135135135135,37,129,0.0968468468468,1.32907038907,6.97297297297,12.9,3.90909090909,5.83802899809,0.837236716781,0.378797402053,6.74792816608,1.93545226469,0.800754242615,1.96668957079,0.564089256739,0.313010685104,0.587627924544,0.442134539583,2.02,1.32907038907,0.587627924544,2.02,0.164242175814,0.0802023121387,37,0.0047619047619,0.2413118285,37,37,37,1,0,0.72972972973,0.162162162162,0.108108108108,-87,-0.0653153153153,0.00474606474606,-4.7027027027,-8.7,-2.09090909091,-2.36107005151,0.134999066699,0.0687373419932,-3.58140846292,0.166075156943,0.0354889773494,-1.12014189991,0.0353264585168,0.060257932351,0.00768280960996,0.00421679973407,0.02,0.00474606474606,0.00768280960996,0.02,0.152072049643,0.074229615893,30,0.003861003861,-0.379884752697,0,-0.0810810810811,0.0810810810811,127,2,89,1114,0.587962962963,0.998207885305,0.00179211469534,0.412037037037,0.984496124031,0.587962962963,0.736231884058,0.730559378171,0.586170848268,0.582568807339,43,130,0,0,0,0
1688,WLNM_dir_neg,0.990014792899,0.934044050831,00:00:03,10,40,38,1234218162,threshold_sweep,0.5,0.953488372093,0.315384615385,0.473988439306,41,2,89,258,0.315384615385,0.992307692308,0.00769230769231,0.684615384615,0.953488372093,0.315384615385,0.473988439306,0.766666666667,0.629914529915,0.369515011547,0.463101325426,0.307692307692,216,86,130,0,216,0,86,0,130,37,216,0.162162162162,1.32432432432,11.6756756757,21.6,6,8.1990990496,0.702237650082,0.31006006006,10.329336629,1.76937710775,0.765265265265,3.0868314707,0.528762798222,0.252752752753,0.579945114934,0.437917739848,2,1.32432432432,0.579945114934,2,0.0121701261701,0.00597269624573,7,0.000900900900901,0.621196581197,37,37,37,1,0,0.72972972973,0.243243243243,0.027027027027,37,0.0645645645646,1.31756756757,4.64864864865,8.6,2.6875,3.57628155908,0.769316381894,0.383406662476,4.24953627571,1.8282888628,0.788812067882,1.5465742439,0.665386593305,0.364550597109,0.561027853366,0.425805755375,2,1.31756756757,0.561027853366,2,0,0,0,0,0.144152788884,37,37,37,1,0,0.72972972973,0.135135135135,0.135135135135,37,129,0.0968468468468,1.32907038907,6.97297297297,12.9,3.90909090909,5.83802899809,0.837236716781,0.378797402053,6.74792816608,1.93545226469,0.800754242615,1.96668957079,0.564089256739,0.313010685104,0.587627924544,0.442134539583,2.02,1.32907038907,0.587627924544,2.02,0.164242175814,0.0802023121387,37,0.0047619047619,0.2413118285,37,37,37,1,0,0.72972972973,0.162162162162,0.108108108108,-87,-0.0653153153153,0.00474606474606,-4.7027027027,-8.7,-2.09090909091,-2.36107005151,0.134999066699,0.0687373419932,-3.58140846292,0.166075156943,0.0354889773494,-1.12014189991,0.0353264585168,0.060257932351,0.00768280960996,0.00421679973407,0.02,0.00474606474606,0.00768280960996,0.02,0.152072049643,0.074229615893,30,0.003861003861,-0.379884752697,0,-0.0810810810811,0.0810810810811,127,2,89,1114,0.587962962963,0.998207885305,0.00179211469534,0.412037037037,0.984496124031,0.587962962963,0.736231884058,0.730559378171,0.586170848268,0.582568807339,43,130,0,0,0,0
1689,WLNM_dir_neg,0.990014792899,0.934044050831,00:00:03,10,40,38,1234218162,threshold_sweep,0.6,0.953488372093,0.315384615385,0.473988439306,41,2,89,258,0.315384615385,0.992307692308,0.00769230769231,0.684615384615,0.953488372093,0.315384615385,0.473988439306,0.766666666667,0.629914529915,0.369515011547,0.463101325426,0.307692307692,216,86,130,0,216,0,86,0,130,37,216,0.162162162162,1.32432432432,11.6756756757,21.6,6,8.1990990496,0.702237650082,0.31006006006,10.329336629,1.76937710775,0.765265265265,3.0868314707,0.528762798222,0.252752752753,0.579945114934,0.437917739848,2,1.32432432432,0.579945114934,2,0.0121701261701,0.00597269624573,7,0.000900900900901,0.621196581197,37,37,37,1,0,0.72972972973,0.243243243243,0.027027027027,37,0.0645645645646,1.31756756757,4.64864864865,8.6,2.6875,3.57628155908,0.769316381894,0.383406662476,4.24953627571,1.8282888628,0.788812067882,1.5465742439,0.665386593305,0.364550597109,0.561027853366,0.425805755375,2,1.31756756757,0.561027853366,2,0,0,0,0,0.144152788884,37,37,37,1,0,0.72972972973,0.135135135135,0.135135135135,37,129,0.0968468468468,1.32907038907,6.97297297297,12.9,3.90909090909,5.83802899809,0.837236716781,0.378797402053,6.74792816608,1.93545226469,0.800754242615,1.96668957079,0.564089256739,0.313010685104,0.587627924544,0.442134539583,2.02,1.32907038907,0.587627924544,2.02,0.164242175814,0.0802023121387,37,0.0047619047619,0.2413118285,37,37,37,1,0,0.72972972973,0.162162162162,0.108108108108,-87,-0.0653153153153,0.00474606474606,-4.7027027027,-8.7,-2.09090909091,-2.36107005151,0.134999066699,0.0687373419932,-3.58140846292,0.166075156943,0.0354889773494,-1.12014189991,0.0353264585168,0.060257932351,0.00768280960996,0.00421679973407,0.02,0.00474606474606,0.00768280960996,0.02,0.152072049643,0.074229615893,30,0.003861003861,-0.379884752697,0,-0.0810810810811,0.0810810810811,127,2,89,1114,0.587962962963,0.998207885305,0.00179211469534,0.412037037037,0.984496124031,0.587962962963,0.736231884058,0.730559378171,0.586170848268,0.582568807339,43,130,0,0,0,0
1690,WLNM_dir_neg,0.990014792899,0.934044050831,00:00:03,10,40,38,1234218162,threshold_sweep,0.7,0.953488372093,0.315384615385,0.473988439306,41,2,89,258,0.315384615385,0.992307692308,0.00769230769231,0.684615384615,0.953488372093,0.315384615385,0.473988439306,0.766666666667,0.629914529915,0.369515011547,0.463101325426,0.307692307692,216,86,130,0,216,0,86,0,130,37,216,0.162162162162,1.32432432432,11.6756756757,21.6,6,8.1990990496,0.702237650082,0.31006006006,10.329336629,1.76937710775,0.765265265265,3.0868314707,0.528762798222,0.252752752753,0.579945114934,0.437917739848,2,1.32432432432,0.579945114934,2,0.0121701261701,0.00597269624573,7,0.000900900900901,0.621196581197,37,37,37,1,0,0.72972972973,0.243243243243,0.027027027027,37,0.0645645645646,1.31756756757,4.64864864865,8.6,2.6875,3.57628155908,0.769316381894,0.383406662476,4.24953627571,1.8282888628,0.788812067882,1.5465742439,0.665386593305,0.364550597109,0.561027853366,0.425805755375,2,1.31756756757,0.561027853366,2,0,0,0,0,0.144152788884,37,37,37,1,0,0.72972972973,0.135135135135,0.135135135135,37,129,0.0968468468468,1.32907038907,6.97297297297,12.9,3.90909090909,5.83802899809,0.837236716781,0.378797402053,6.74792816608,1.93545226469,0.800754242615,1.96668957079,0.564089256739,0.313010685104,0.587627924544,0.442134539583,2.02,1.32907038907,0.587627924544,2.02,0.164242175814,0.0802023121387,37,0.0047619047619,0.2413118285,37,37,37,1,0,0.72972972973,0.162162162162,0.108108108108,-87,-0.0653153153153,0.00474606474606,-4.7027027027,-8.7,-2.09090909091,-2.36107005151,0.134999066699,0.0687373419932,-3.58140846292,0.166075156943,0.0354889773494,-1.12014189991,0.0353264585168,0.060257932351,0.00768280960996,0.00421679973407,0.02,0.00474606474606,0.00768280960996,0.02,0.152072049643,0.074229615893,30,0.003861003861,-0.379884752697,0,-0.0810810810811,0.0810810810811,127,2,89,1114,0.587962962963,0.998207885305,0.00179211469534,0.412037037037,0.984496124031,0.587962962963,0.736231884058,0.730559378171,0.586170848268,0.582568807339,43,130,0,0,0,0
1691,WLNM_dir_neg,0.990014792899,0.934044050831,00:00:03,10,40,38,1234218162,threshold_sweep,0.8,0.953488372093,0.315384615385,0.473988439306,41,2,89,258,0.315384615385,0.992307692308,0.00769230769231,0.684615384615,0.953488372093,0.315384615385,0.473988439306,0.766666666667,0.629914529915,0.369515011547,0.463101325426,0.307692307692,216,86,130,0,216,0,86,0,130,37,216,0.162162162162,1.32432432432,11.6756756757,21.6,6,8.1990990496,0.702237650082,0.31006006006,10.329336629,1.76937710775,0.765265265265,3.0868314707,0.528762798222,0.252752752753,0.579945114934,0.437917739848,2,1.32432432432,0.579945114934,2,0.0121701261701,0.00597269624573,7,0.000900900900901,0.621196581197,37,37,37,1,0,0.72972972973,0.243243243243,0.027027027027,37,0.0645645645646,1.31756756757,4.64864864865,8.6,2.6875,3.57628155908,0.769316381894,0.383406662476,4.24953627571,1.8282888628,0.788812067882,1.5465742439,0.665386593305,0.364550597109,0.561027853366,0.425805755375,2,1.31756756757,0.561027853366,2,0,0,0,0,0.144152788884,37,37,37,1,0,0.72972972973,0.135135135135,0.135135135135,37,129,0.0968468468468,1.32907038907,6.97297297297,12.9,3.90909090909,5.83802899809,0.837236716781,0.378797402053,6.74792816608,1.93545226469,0.800754242615,1.96668957079,0.564089256739,0.313010685104,0.587627924544,0.442134539583,2.02,1.32907038907,0.587627924544,2.02,0.164242175814,0.0802023121387,37,0.0047619047619,0.2413118285,37,37,37,1,0,0.72972972973,0.162162162162,0.108108108108,-87,-0.0653153153153,0.00474606474606,-4.7027027027,-8.7,-2.09090909091,-2.36107005151,0.134999066699,0.0687373419932,-3.58140846292,0.166075156943,0.0354889773494,-1.12014189991,0.0353264585168,0.060257932351,0.00768280960996,0.00421679973407,0.02,0.00474606474606,0.00768280960996,0.02,0.152072049643,0.074229615893,30,0.003861003861,-0.379884752697,0,-0.0810810810811,0.0810810810811,127,2,89,1114,0.587962962963,0.998207885305,0.00179211469534,0.412037037037,0.984496124031,0.587962962963,0.736231884058,0.730559378171,0.586170848268,0.582568807339,43,130,0,0,0,0
1692,WLNM_dir_neg,0.990014792899,0.934044050831,00:00:03,10,40,38,1234218162,threshold_sweep,0.9,0.953488372093,0.315384615385,0.473988439306,41,2,89,258,0.315384615385,0.992307692308,0.00769230769231,0.684615384615,0.953488372093,0.315384615385,0.473988439306,0.766666666667,0.629914529915,0.369515011547,0.463101325426,0.307692307692,216,86,130,0,216,0,86,0,130,37,216,0.162162162162,1.32432432432,11.6756756757,21.6,6,8.1990990496,0.702237650082,0.31006006006,10.329336629,1.76937710775,0.765265265265,3.0868314707,0.528762798222,0.252752752753,0.579945114934,0.437917739848,2,1.32432432432,0.579945114934,2,0.0121701261701,0.00597269624573,7,0.000900900900901,0.621196581197,37,37,37,1,0,0.72972972973,0.243243243243,0.027027027027,37,0.0645645645646,1.31756756757,4.64864864865,8.6,2.6875,3.57628155908,0.769316381894,0.383406662476,4.24953627571,1.8282888628,0.788812067882,1.5465742439,0.665386593305,0.364550597109,0.561027853366,0.425805755375,2,1.31756756757,0.561027853366,2,0,0,0,0,0.144152788884,37,37,37,1,0,0.72972972973,0.135135135135,0.135135135135,37,129,0.0968468468468,1.32907038907,6.97297297297,12.9,3.90909090909,5.83802899809,0.837236716781,0.378797402053,6.74792816608,1.93545226469,0.800754242615,1.96668957079,0.564089256739,0.313010685104,0.587627924544,0.442134539583,2.02,1.32907038907,0.587627924544,2.02,0.164242175814,0.0802023121387,37,0.0047619047619,0.2413118285,37,37,37,1,0,0.72972972973,0.162162162162,0.108108108108,-87,-0.0653153153153,0.00474606474606,-4.7027027027,-8.7,-2.09090909091,-2.36107005151,0.134999066699,0.0687373419932,-3.58140846292,0.166075156943,0.0354889773494,-1.12014189991,0.0353264585168,0.060257932351,0.00768280960996,0.00421679973407,0.02,0.00474606474606,0.00768280960996,0.02,0.152072049643,0.074229615893,30,0.003861003861,-0.379884752697,0,-0.0810810810811,0.0810810810811,127,2,89,1114,0.587962962963,0.998207885305,0.00179211469534,0.412037037037,0.984496124031,0.587962962963,0.736231884058,0.730559378171,0.586170848268,0.582568807339,43,130,0,0,0,0
1693,WLNM_dir_neg,0.985562130178,0.870067873303,00:00:03,10,40,39,1234218163,threshold_sweep,0.1,1,0.0615384615385,0.115942028986,8,0,122,260,0.0615384615385,1,0,0.938461538462,1,0.0615384615385,0.115942028986,0.687179487179,0.659829059829,0.0804020100503,0.204657804039,0.0615384615385,216,86,130,0,216,0,86,0,130,37,216,0.162162162162,1.32432432432,11.6756756757,21.6,6,8.1990990496,0.702237650082,0.31006006006,10.329336629,1.76937710775,0.765265265265,3.0868314707,0.528762798222,0.252752752753,0.579945114934,0.437917739848,2,1.32432432432,0.579945114934,2,0.0121701261701,0.00597269624573,7,0.000900900900901,0.621196581197,37,37,37,1,0,0.72972972973,0.243243243243,0.027027027027,37,0.0645645645646,1.32972972973,4.64864864865,8.6,2.52941176471,3.48979636636,0.750712009043,0.395034569453,4.04869014521,1.74187831829,0.766813324953,1.56443198876,0.673069576558,0.365807668133,0.59668755311,0.448728444412,2.2,1.33888888889,0.602507985852,2.2,0.00672348484848,0.00562851782364,1,0.0001287001287,0.153677951831,37,36,36,0.972972972973,0,0.702702702703,0.216216216216,0.0540540540541,37,94,0.0705705705706,1.32432432432,5.08108108108,9.4,2.61111111111,3.91136789356,0.769790489691,0.40569292697,4.27911332063,1.68433183897,0.748706152961,1.38633398643,0.545684654232,0.28982173663,0.579945114934,0.437917739848,2,1.32432432432,0.579945114934,2,0.0164202117327,0.0318664643399,7,0.000900900900901,0.166455729608,37,37,37,1,0,0.72972972973,0.243243243243,0.027027027027,-122,-0.0915915915916,0,-6.59459459459,-12.2,-3.38888888889,-4.28773115604,0.0675528396088,0.0956328669095,-6.05022330837,-0.0850452687731,-0.0165591123038,-1.70049748428,0.0169218560094,0.0370689838775,0,0,0,0,0,0,0.00425008556259,0.0258937680942,0,0,-0.454740851588,0,0,0,94,0,122,1116,0.435185185185,1,0,0.564814814815,1,0.435185185185,0.606451612903,0.626338093722,0.435185185185,0.435185185185,8,130,0,0,0,0
1694,WLNM_dir_neg,0.985562130178,0.870067873303,00:00:03,10,40,39,1234218163,threshold_sweep,0.2,1,0.0615384615385,0.115942028986,8,0,122,260,0.0615384615385,1,0,0.938461538462,1,0.0615384615385,0.115942028986,0.687179487179,0.659829059829,0.0804020100503,0.204657804039,0.0615384615385,216,86,130,0,216,0,86,0,130,37,216,0.162162162162,1.32432432432,11.6756756757,21.6,6,8.1990990496,0.702237650082,0.31006006006,10.329336629,1.76937710775,0.765265265265,3.0868314707,0.528762798222,0.252752752753,0.579945114934,0.437917739848,2,1.32432432432,0.579945114934,2,0.0121701261701,0.00597269624573,7,0.000900900900901,0.621196581197,37,37,37,1,0,0.72972972973,0.243243243243,0.027027027027,37,0.0645645645646,1.32972972973,4.64864864865,8.6,2.52941176471,3.48979636636,0.750712009043,0.395034569453,4.04869014521,1.74187831829,0.766813324953,1.56443198876,0.673069576558,0.365807668133,0.59668755311,0.448728444412,2.2,1.33888888889,0.602507985852,2.2,0.00672348484848,0.00562851782364,1,0.0001287001287,0.153677951831,37,36,36,0.972972972973,0,0.702702702703,0.216216216216,0.0540540540541,37,94,0.0705705705706,1.32432432432,5.08108108108,9.4,2.61111111111,3.91136789356,0.769790489691,0.40569292697,4.27911332063,1.68433183897,0.748706152961,1.38633398643,0.545684654232,0.28982173663,0.579945114934,0.437917739848,2,1.32432432432,0.579945114934,2,0.0164202117327,0.0318664643399,7,0.000900900900901,0.166455729608,37,37,37,1,0,0.72972972973,0.243243243243,0.027027027027,-122,-0.0915915915916,0,-6.59459459459,-12.2,-3.38888888889,-4.28773115604,0.0675528396088,0.0956328669095,-6.05022330837,-0.0850452687731,-0.0165591123038,-1.70049748428,0.0169218560094,0.0370689838775,0,0,0,0,0,0,0.00425008556259,0.0258937680942,0,0,-0.454740851588,0,0,0,94,0,122,1116,0.435185185185,1,0,0.564814814815,1,0.435185185185,0.606451612903,0.626338093722,0.435185185185,0.435185185185,8,130,0,0,0,0
1695,WLNM_dir_neg,0.985562130178,0.870067873303,00:00:03,10,40,39,1234218163,threshold_sweep,0.3,1,0.0615384615385,0.115942028986,8,0,122,260,0.0615384615385,1,0,0.938461538462,1,0.0615384615385,0.115942028986,0.687179487179,0.659829059829,0.0804020100503,0.204657804039,0.0615384615385,216,86,130,0,216,0,86,0,130,37,216,0.162162162162,1.32432432432,11.6756756757,21.6,6,8.1990990496,0.702237650082,0.31006006006,10.329336629,1.76937710775,0.765265265265,3.0868314707,0.528762798222,0.252752752753,0.579945114934,0.437917739848,2,1.32432432432,0.579945114934,2,0.0121701261701,0.00597269624573,7,0.000900900900901,0.621196581197,37,37,37,1,0,0.72972972973,0.243243243243,0.027027027027,37,0.0645645645646,1.32972972973,4.64864864865,8.6,2.52941176471,3.48979636636,0.750712009043,0.395034569453,4.04869014521,1.74187831829,0.766813324953,1.56443198876,0.673069576558,0.365807668133,0.59668755311,0.448728444412,2.2,1.33888888889,0.602507985852,2.2,0.00672348484848,0.00562851782364,1,0.0001287001287,0.153677951831,37,36,36,0.972972972973,0,0.702702702703,0.216216216216,0.0540540540541,37,94,0.0705705705706,1.32432432432,5.08108108108,9.4,2.61111111111,3.91136789356,0.769790489691,0.40569292697,4.27911332063,1.68433183897,0.748706152961,1.38633398643,0.545684654232,0.28982173663,0.579945114934,0.437917739848,2,1.32432432432,0.579945114934,2,0.0164202117327,0.0318664643399,7,0.000900900900901,0.166455729608,37,37,37,1,0,0.72972972973,0.243243243243,0.027027027027,-122,-0.0915915915916,0,-6.59459459459,-12.2,-3.38888888889,-4.28773115604,0.0675528396088,0.0956328669095,-6.05022330837,-0.0850452687731,-0.0165591123038,-1.70049748428,0.0169218560094,0.0370689838775,0,0,0,0,0,0,0.00425008556259,0.0258937680942,0,0,-0.454740851588,0,0,0,94,0,122,1116,0.435185185185,1,0,0.564814814815,1,0.435185185185,0.606451612903,0.626338093722,0.435185185185,0.435185185185,8,130,0,0,0,0
1696,WLNM_dir_neg,0.985562130178,0.870067873303,00:00:03,10,40,39,1234218163,threshold_sweep,0.4,1,0.0615384615385,0.115942028986,8,0,122,260,0.0615384615385,1,0,0.938461538462,1,0.0615384615385,0.115942028986,0.687179487179,0.659829059829,0.0804020100503,0.204657804039,0.0615384615385,216,86,130,0,216,0,86,0,130,37,216,0.162162162162,1.32432432432,11.6756756757,21.6,6,8.1990990496,0.702237650082,0.31006006006,10.329336629,1.76937710775,0.765265265265,3.0868314707,0.528762798222,0.252752752753,0.579945114934,0.437917739848,2,1.32432432432,0.579945114934,2,0.0121701261701,0.00597269624573,7,0.000900900900901,0.621196581197,37,37,37,1,0,0.72972972973,0.243243243243,0.027027027027,37,0.0645645645646,1.32972972973,4.64864864865,8.6,2.52941176471,3.48979636636,0.750712009043,0.395034569453,4.04869014521,1.74187831829,0.766813324953,1.56443198876,0.673069576558,0.365807668133,0.59668755311,0.448728444412,2.2,1.33888888889,0.602507985852,2.2,0.00672348484848,0.00562851782364,1,0.0001287001287,0.153677951831,37,36,36,0.972972972973,0,0.702702702703,0.216216216216,0.0540540540541,37,94,0.0705705705706,1.32432432432,5.08108108108,9.4,2.61111111111,3.91136789356,0.769790489691,0.40569292697,4.27911332063,1.68433183897,0.748706152961,1.38633398643,0.545684654232,0.28982173663,0.579945114934,0.437917739848,2,1.32432432432,0.579945114934,2,0.0164202117327,0.0318664643399,7,0.000900900900901,0.166455729608,37,37,37,1,0,0.72972972973,0.243243243243,0.027027027027,-122,-0.0915915915916,0,-6.59459459459,-12.2,-3.38888888889,-4.28773115604,0.0675528396088,0.0956328669095,-6.05022330837,-0.0850452687731,-0.0165591123038,-1.70049748428,0.0169218560094,0.0370689838775,0,0,0,0,0,0,0.00425008556259,0.0258937680942,0,0,-0.454740851588,0,0,0,94,0,122,1116,0.435185185185,1,0,0.564814814815,1,0.435185185185,0.606451612903,0.626338093722,0.435185185185,0.435185185185,8,130,0,0,0,0
1697,WLNM_dir_neg,0.985562130178,0.870067873303,00:00:03,10,40,39,1234218163,threshold_sweep,0.5,1,0.0384615384615,0.0740740740741,5,0,125,260,0.0384615384615,1,0,0.961538461538,1,0.0384615384615,0.0740740740741,0.679487179487,0.662393162393,0.0506329113924,0.161164592805,0.0384615384615,216,86,130,0,216,0,86,0,130,37,216,0.162162162162,1.32432432432,11.6756756757,21.6,6,8.1990990496,0.702237650082,0.31006006006,10.329336629,1.76937710775,0.765265265265,3.0868314707,0.528762798222,0.252752752753,0.579945114934,0.437917739848,2,1.32432432432,0.579945114934,2,0.0121701261701,0.00597269624573,7,0.000900900900901,0.621196581197,37,37,37,1,0,0.72972972973,0.243243243243,0.027027027027,37,0.0645645645646,1.32972972973,4.64864864865,8.6,2.52941176471,3.48979636636,0.750712009043,0.395034569453,4.04869014521,1.74187831829,0.766813324953,1.56443198876,0.673069576558,0.365807668133,0.59668755311,0.448728444412,2.2,1.33888888889,0.602507985852,2.2,0.00672348484848,0.00562851782364,1,0.0001287001287,0.153677951831,37,36,36,0.972972972973,0,0.702702702703,0.216216216216,0.0540540540541,37,91,0.0683183183183,1.32432432432,4.91891891892,9.1,2.52777777778,3.75927281959,0.764247771016,0.400653400653,4.22028563142,1.71594031168,0.757350757351,1.44519500019,0.587606758321,0.315414315414,0.579945114934,0.437917739848,2,1.32432432432,0.579945114934,2,0.0172882672883,0.0196399345336,4,0.000514800514801,0.159789062942,37,37,37,1,0,0.72972972973,0.243243243243,0.027027027027,-125,-0.0938438438438,0,-6.75675675676,-12.5,-3.47222222222,-4.43982623001,0.0620101209343,0.0905933405933,-6.10905099757,-0.0534367960671,-0.00791450791451,-1.64163647051,0.0588439600986,0.0626615626616,0,0,0,0,0,0,0.00511814111814,0.0136672382878,-3,-0.0003861003861,-0.461407518255,0,0,0,91,0,125,1116,0.421296296296,1,0,0.578703703704,1,0.421296296296,0.592833876221,0.615516964425,0.421296296296,0.421296296296,5,130,0,0,0,0
1698,WLNM_dir_neg,0.985562130178,0.870067873303,00:00:03,10,40,39,1234218163,threshold_sweep,0.6,1,0.0384615384615,0.0740740740741,5,0,125,260,0.0384615384615,1,0,0.961538461538,1,0.0384615384615,0.0740740740741,0.679487179487,0.662393162393,0.0506329113924,0.161164592805,0.0384615384615,216,86,130,0,216,0,86,0,130,37,216,0.162162162162,1.32432432432,11.6756756757,21.6,6,8.1990990496,0.702237650082,0.31006006006,10.329336629,1.76937710775,0.765265265265,3.0868314707,0.528762798222,0.252752752753,0.579945114934,0.437917739848,2,1.32432432432,0.579945114934,2,0.0121701261701,0.00597269624573,7,0.000900900900901,0.621196581197,37,37,37,1,0,0.72972972973,0.243243243243,0.027027027027,37,0.0645645645646,1.32972972973,4.64864864865,8.6,2.52941176471,3.48979636636,0.750712009043,0.395034569453,4.04869014521,1.74187831829,0.766813324953,1.56443198876,0.673069576558,0.365807668133,0.59668755311,0.448728444412,2.2,1.33888888889,0.602507985852,2.2,0.00672348484848,0.00562851782364,1,0.0001287001287,0.153677951831,37,36,36,0.972972972973,0,0.702702702703,0.216216216216,0.0540540540541,37,91,0.0683183183183,1.32432432432,4.91891891892,9.1,2.52777777778,3.75927281959,0.764247771016,0.400653400653,4.22028563142,1.71594031168,0.757350757351,1.44519500019,0.587606758321,0.315414315414,0.579945114934,0.437917739848,2,1.32432432432,0.579945114934,2,0.0172882672883,0.0196399345336,4,0.000514800514801,0.159789062942,37,37,37,1,0,0.72972972973,0.243243243243,0.027027027027,-125,-0.0938438438438,0,-6.75675675676,-12.5,-3.47222222222,-4.43982623001,0.0620101209343,0.0905933405933,-6.10905099757,-0.0534367960671,-0.00791450791451,-1.64163647051,0.0588439600986,0.0626615626616,0,0,0,0,0,0,0.00511814111814,0.0136672382878,-3,-0.0003861003861,-0.461407518255,0,0,0,91,0,125,1116,0.421296296296,1,0,0.578703703704,1,0.421296296296,0.592833876221,0.615516964425,0.421296296296,0.421296296296,5,130,0,0,0,0
1699,WLNM_dir_neg,0.985562130178,0.870067873303,00:00:03,10,40,39,1234218163,threshold_sweep,0.7,1,0.0384615384615,0.0740740740741,5,0,125,260,0.0384615384615,1,0,0.961538461538,1,0.0384615384615,0.0740740740741,0.679487179487,0.662393162393,0.0506329113924,0.161164592805,0.0384615384615,216,86,130,0,216,0,86,0,130,37,216,0.162162162162,1.32432432432,11.6756756757,21.6,6,8.1990990496,0.702237650082,0.31006006006,10.329336629,1.76937710775,0.765265265265,3.0868314707,0.528762798222,0.252752752753,0.579945114934,0.437917739848,2,1.32432432432,0.579945114934,2,0.0121701261701,0.00597269624573,7,0.000900900900901,0.621196581197,37,37,37,1,0,0.72972972973,0.243243243243,0.027027027027,37,0.0645645645646,1.32972972973,4.64864864865,8.6,2.52941176471,3.48979636636,0.750712009043,0.395034569453,4.04869014521,1.74187831829,0.766813324953,1.56443198876,0.673069576558,0.365807668133,0.59668755311,0.448728444412,2.2,1.33888888889,0.602507985852,2.2,0.00672348484848,0.00562851782364,1,0.0001287001287,0.153677951831,37,36,36,0.972972972973,0,0.702702702703,0.216216216216,0.0540540540541,37,91,0.0683183183183,1.32432432432,4.91891891892,9.1,2.52777777778,3.75927281959,0.764247771016,0.400653400653,4.22028563142,1.71594031168,0.757350757351,1.44519500019,0.587606758321,0.315414315414,0.579945114934,0.437917739848,2,1.32432432432,0.579945114934,2,0.0172882672883,0.0196399345336,4,0.000514800514801,0.159789062942,37,37,37,1,0,0.72972972973,0.243243243243,0.027027027027,-125,-0.0938438438438,0,-6.75675675676,-12.5,-3.47222222222,-4.43982623001,0.0620101209343,0.0905933405933,-6.10905099757,-0.0534367960671,-0.00791450791451,-1.64163647051,0.0588439600986,0.0626615626616,0,0,0,0,0,0,0.00511814111814,0.0136672382878,-3,-0.0003861003861,-0.461407518255,0,0,0,91,0,125,1116,0.421296296296,1,0,0.578703703704,1,0.421296296296,0.592833876221,0.615516964425,0.421296296296,0.421296296296,5,130,0,0,0,0
1700,WLNM_dir_neg,0.985562130178,0.870067873303,00:00:03,10,40,39,1234218163,threshold_sweep,0.8,1,0.0384615384615,0.0740740740741,5,0,125,260,0.0384615384615,1,0,0.961538461538,1,0.0384615384615,0.0740740740741,0.679487179487,0.662393162393,0.0506329113924,0.161164592805,0.0384615384615,216,86,130,0,216,0,86,0,130,37,216,0.162162162162,1.32432432432,11.6756756757,21.6,6,8.1990990496,0.702237650082,0.31006006006,10.329336629,1.76937710775,0.765265265265,3.0868314707,0.528762798222,0.252752752753,0.579945114934,0.437917739848,2,1.32432432432,0.579945114934,2,0.0121701261701,0.00597269624573,7,0.000900900900901,0.621196581197,37,37,37,1,0,0.72972972973,0.243243243243,0.027027027027,37,0.0645645645646,1.32972972973,4.64864864865,8.6,2.52941176471,3.48979636636,0.750712009043,0.395034569453,4.04869014521,1.74187831829,0.766813324953,1.56443198876,0.673069576558,0.365807668133,0.59668755311,0.448728444412,2.2,1.33888888889,0.602507985852,2.2,0.00672348484848,0.00562851782364,1,0.0001287001287,0.153677951831,37,36,36,0.972972972973,0,0.702702702703,0.216216216216,0.0540540540541,37,91,0.0683183183183,1.32432432432,4.91891891892,9.1,2.52777777778,3.75927281959,0.764247771016,0.400653400653,4.22028563142,1.71594031168,0.757350757351,1.44519500019,0.587606758321,0.315414315414,0.579945114934,0.437917739848,2,1.32432432432,0.579945114934,2,0.0172882672883,0.0196399345336,4,0.000514800514801,0.159789062942,37,37,37,1,0,0.72972972973,0.243243243243,0.027027027027,-125,-0.0938438438438,0,-6.75675675676,-12.5,-3.47222222222,-4.43982623001,0.0620101209343,0.0905933405933,-6.10905099757,-0.0534367960671,-0.00791450791451,-1.64163647051,0.0588439600986,0.0626615626616,0,0,0,0,0,0,0.00511814111814,0.0136672382878,-3,-0.0003861003861,-0.461407518255,0,0,0,91,0,125,1116,0.421296296296,1,0,0.578703703704,1,0.421296296296,0.592833876221,0.615516964425,0.421296296296,0.421296296296,5,130,0,0,0,0
1701,WLNM_dir_neg,0.985562130178,0.870067873303,00:00:03,10,40,39,1234218163,threshold_sweep,0.9,1,0.0384615384615,0.0740740740741,5,0,125,260,0.0384615384615,1,0,0.961538461538,1,0.0384615384615,0.0740740740741,0.679487179487,0.662393162393,0.0506329113924,0.161164592805,0.0384615384615,216,86,130,0,216,0,86,0,130,37,216,0.162162162162,1.32432432432,11.6756756757,21.6,6,8.1990990496,0.702237650082,0.31006006006,10.329336629,1.76937710775,0.765265265265,3.0868314707,0.528762798222,0.252752752753,0.579945114934,0.437917739848,2,1.32432432432,0.579945114934,2,0.0121701261701,0.00597269624573,7,0.000900900900901,0.621196581197,37,37,37,1,0,0.72972972973,0.243243243243,0.027027027027,37,0.0645645645646,1.32972972973,4.64864864865,8.6,2.52941176471,3.48979636636,0.750712009043,0.395034569453,4.04869014521,1.74187831829,0.766813324953,1.56443198876,0.673069576558,0.365807668133,0.59668755311,0.448728444412,2.2,1.33888888889,0.602507985852,2.2,0.00672348484848,0.00562851782364,1,0.0001287001287,0.153677951831,37,36,36,0.972972972973,0,0.702702702703,0.216216216216,0.0540540540541,37,91,0.0683183183183,1.32432432432,4.91891891892,9.1,2.52777777778,3.75927281959,0.764247771016,0.400653400653,4.22028563142,1.71594031168,0.757350757351,1.44519500019,0.587606758321,0.315414315414,0.579945114934,0.437917739848,2,1.32432432432,0.579945114934,2,0.0172882672883,0.0196399345336,4,0.000514800514801,0.159789062942,37,37,37,1,0,0.72972972973,0.243243243243,0.027027027027,-125,-0.0938438438438,0,-6.75675675676,-12.5,-3.47222222222,-4.43982623001,0.0620101209343,0.0905933405933,-6.10905099757,-0.0534367960671,-0.00791450791451,-1.64163647051,0.0588439600986,0.0626615626616,0,0,0,0,0,0,0.00511814111814,0.0136672382878,-3,-0.0003861003861,-0.461407518255,0,0,0,91,0,125,1116,0.421296296296,1,0,0.578703703704,1,0.421296296296,0.592833876221,0.615516964425,0.421296296296,0.421296296296,5,130,0,0,0,0
1702,WLNM_dir_neg,0.96599112426,0.834953430045,00:00:02,10,40,40,1234218164,threshold_sweep,0.1,0.923076923077,0.184615384615,0.307692307692,24,2,106,258,0.184615384615,0.992307692308,0.00769230769231,0.815384615385,0.923076923077,0.184615384615,0.307692307692,0.723076923077,0.644444444444,0.221153846154,0.334353187662,0.176923076923,216,86,130,0,216,0,86,0,130,37,216,0.162162162162,1.32432432432,11.6756756757,21.6,6,8.1990990496,0.702237650082,0.31006006006,10.329336629,1.76937710775,0.765265265265,3.0868314707,0.528762798222,0.252752752753,0.579945114934,0.437917739848,2,1.32432432432,0.579945114934,2,0.0121701261701,0.00597269624573,7,0.000900900900901,0.621196581197,37,37,37,1,0,0.72972972973,0.243243243243,0.027027027027,37,0.0645645645646,1.27027027027,4.64864864865,9.55555555556,2.96551724138,3.68341791921,0.79236315704,0.408233815211,4.37831813253,1.88369501051,0.795097423004,1.74887351131,0.752422324633,0.421747328724,0.508191163105,0.400065383721,2,1.29411764706,0.523936831996,2,0,0,0,0,0.190040733642,37,34,34,0.918918918919,0,0.675675675676,0.108108108108,0.135135135135,37,112,0.0840840840841,1.26911196911,6.05405405405,12.4444444444,3.2,5.13671936998,0.848475967362,0.403474903475,5.92305517302,1.95672358394,0.800193050193,1.7557285048,0.58001745248,0.324324324324,0.497721720024,0.392181093661,1.81428571429,1.27658730159,0.502671032092,1.81428571429,0.0622019320549,0.0432276657061,15,0.0019305019305,0.231776615866,37,36,36,0.972972972973,0,0.72972972973,0.216216216216,0.027027027027,-104,-0.0780780780781,-0.0552123552124,-5.62162162162,-9.15555555556,-2.8,-3.06237967963,0.14623831728,0.0934148434148,-4.40628145598,0.187346476197,0.0349277849278,-1.3311029659,0.0512546542576,0.0715715715716,-0.08222339491,-0.0457366461876,-0.185714285714,-0.047737022737,-0.0772740828422,-0.185714285714,0.0500318058847,0.0372549694603,8,0.0010296010296,-0.389419965331,0,-0.027027027027,0,110,2,106,1114,0.509259259259,0.998207885305,0.00179211469534,0.490740740741,0.982142857143,0.509259259259,0.670731707317,0.674028058485,0.507467144564,0.504587155963,26,130,0,0,0,0
1703,WLNM_dir_neg,0.96599112426,0.834953430045,00:00:02,10,40,40,1234218164,threshold_sweep,0.2,0.96,0.184615384615,0.309677419355,24,1,106,259,0.184615384615,0.996153846154,0.00384615384615,0.815384615385,0.96,0.184615384615,0.309677419355,0.725641025641,0.645299145299,0.226506024096,0.347909608793,0.180769230769,216,86,130,0,216,0,86,0,130,37,216,0.162162162162,1.32432432432,11.6756756757,21.6,6,8.1990990496,0.702237650082,0.31006006006,10.329336629,1.76937710775,0.765265265265,3.0868314707,0.528762798222,0.252752752753,0.579945114934,0.437917739848,2,1.32432432432,0.579945114934,2,0.0121701261701,0.00597269624573,7,0.000900900900901,0.621196581197,37,37,37,1,0,0.72972972973,0.243243243243,0.027027027027,37,0.0645645645646,1.27027027027,4.64864864865,9.55555555556,2.96551724138,3.68341791921,0.79236315704,0.408233815211,4.37831813253,1.88369501051,0.795097423004,1.74887351131,0.752422324633,0.421747328724,0.508191163105,0.400065383721,2,1.29411764706,0.523936831996,2,0,0,0,0,0.190040733642,37,34,34,0.918918918919,0,0.675675675676,0.108108108108,0.135135135135,37,111,0.0833333333333,1.26715176715,6,12.3333333333,3.17142857143,5.03873881928,0.839789803213,0.399074750426,5.87367006224,1.95789002075,0.799610421232,1.77951304201,0.593171014002,0.331141952764,0.494042911015,0.389884561441,1.80769230769,1.27457264957,0.49895518713,1.80769230769,0.0337068160598,0.0237154150198,8,0.0010296010296,0.23325439028,37,36,36,0.972972972973,0,0.72972972973,0.216216216216,0.027027027027,-105,-0.0788288288288,-0.0571725571726,-5.67567567568,-9.26666666667,-2.82857142857,-3.16036023033,0.137552153131,0.089014690366,-4.45566656676,0.188512913,0.0343451559668,-1.3073184287,0.0644082157793,0.0783892000108,-0.0859022039191,-0.0480331784073,-0.192307692308,-0.0497516747517,-0.0809899278044,-0.192307692308,0.0215366898896,0.017742718774,1,0.0001287001287,-0.387942190917,0,-0.027027027027,0,110,1,106,1115,0.509259259259,0.999103942652,0.00089605734767,0.490740740741,0.990990990991,0.509259259259,0.672782874618,0.677975122038,0.508363201912,0.506912442396,25,130,0,0,0,0
1704,WLNM_dir_neg,0.96599112426,0.834953430045,00:00:02,10,40,40,1234218164,threshold_sweep,0.3,0.96,0.184615384615,0.309677419355,24,1,106,259,0.184615384615,0.996153846154,0.00384615384615,0.815384615385,0.96,0.184615384615,0.309677419355,0.725641025641,0.645299145299,0.226506024096,0.347909608793,0.180769230769,216,86,130,0,216,0,86,0,130,37,216,0.162162162162,1.32432432432,11.6756756757,21.6,6,8.1990990496,0.702237650082,0.31006006006,10.329336629,1.76937710775,0.765265265265,3.0868314707,0.528762798222,0.252752752753,0.579945114934,0.437917739848,2,1.32432432432,0.579945114934,2,0.0121701261701,0.00597269624573,7,0.000900900900901,0.621196581197,37,37,37,1,0,0.72972972973,0.243243243243,0.027027027027,37,0.0645645645646,1.27027027027,4.64864864865,9.55555555556,2.96551724138,3.68341791921,0.79236315704,0.408233815211,4.37831813253,1.88369501051,0.795097423004,1.74887351131,0.752422324633,0.421747328724,0.508191163105,0.400065383721,2,1.29411764706,0.523936831996,2,0,0,0,0,0.190040733642,37,34,34,0.918918918919,0,0.675675675676,0.108108108108,0.135135135135,37,111,0.0833333333333,1.26715176715,6,12.3333333333,3.17142857143,5.03873881928,0.839789803213,0.399074750426,5.87367006224,1.95789002075,0.799610421232,1.77951304201,0.593171014002,0.331141952764,0.494042911015,0.389884561441,1.80769230769,1.27457264957,0.49895518713,1.80769230769,0.0337068160598,0.0237154150198,8,0.0010296010296,0.23325439028,37,36,36,0.972972972973,0,0.72972972973,0.216216216216,0.027027027027,-105,-0.0788288288288,-0.0571725571726,-5.67567567568,-9.26666666667,-2.82857142857,-3.16036023033,0.137552153131,0.089014690366,-4.45566656676,0.188512913,0.0343451559668,-1.3073184287,0.0644082157793,0.0783892000108,-0.0859022039191,-0.0480331784073,-0.192307692308,-0.0497516747517,-0.0809899278044,-0.192307692308,0.0215366898896,0.017742718774,1,0.0001287001287,-0.387942190917,0,-0.027027027027,0,110,1,106,1115,0.509259259259,0.999103942652,0.00089605734767,0.490740740741,0.990990990991,0.509259259259,0.672782874618,0.677975122038,0.508363201912,0.506912442396,25,130,0,0,0,0
1705,WLNM_dir_neg,0.96599112426,0.834953430045,00:00:02,10,40,40,1234218164,threshold_sweep,0.4,0.96,0.184615384615,0.309677419355,24,1,106,259,0.184615384615,0.996153846154,0.00384615384615,0.815384615385,0.96,0.184615384615,0.309677419355,0.725641025641,0.645299145299,0.226506024096,0.347909608793,0.180769230769,216,86,130,0,216,0,86,0,130,37,216,0.162162162162,1.32432432432,11.6756756757,21.6,6,8.1990990496,0.702237650082,0.31006006006,10.329336629,1.76937710775,0.765265265265,3.0868314707,0.528762798222,0.252752752753,0.579945114934,0.437917739848,2,1.32432432432,0.579945114934,2,0.0121701261701,0.00597269624573,7,0.000900900900901,0.621196581197,37,37,37,1,0,0.72972972973,0.243243243243,0.027027027027,37,0.0645645645646,1.27027027027,4.64864864865,9.55555555556,2.96551724138,3.68341791921,0.79236315704,0.408233815211,4.37831813253,1.88369501051,0.795097423004,1.74887351131,0.752422324633,0.421747328724,0.508191163105,0.400065383721,2,1.29411764706,0.523936831996,2,0,0,0,0,0.190040733642,37,34,34,0.918918918919,0,0.675675675676,0.108108108108,0.135135135135,37,111,0.0833333333333,1.26715176715,6,12.3333333333,3.17142857143,5.03873881928,0.839789803213,0.399074750426,5.87367006224,1.95789002075,0.799610421232,1.77951304201,0.593171014002,0.331141952764,0.494042911015,0.389884561441,1.80769230769,1.27457264957,0.49895518713,1.80769230769,0.0337068160598,0.0237154150198,8,0.0010296010296,0.23325439028,37,36,36,0.972972972973,0,0.72972972973,0.216216216216,0.027027027027,-105,-0.0788288288288,-0.0571725571726,-5.67567567568,-9.26666666667,-2.82857142857,-3.16036023033,0.137552153131,0.089014690366,-4.45566656676,0.188512913,0.0343451559668,-1.3073184287,0.0644082157793,0.0783892000108,-0.0859022039191,-0.0480331784073,-0.192307692308,-0.0497516747517,-0.0809899278044,-0.192307692308,0.0215366898896,0.017742718774,1,0.0001287001287,-0.387942190917,0,-0.027027027027,0,110,1,106,1115,0.509259259259,0.999103942652,0.00089605734767,0.490740740741,0.990990990991,0.509259259259,0.672782874618,0.677975122038,0.508363201912,0.506912442396,25,130,0,0,0,0
1706,WLNM_dir_neg,0.96599112426,0.834953430045,00:00:02,10,40,40,1234218164,threshold_sweep,0.5,0.941176470588,0.123076923077,0.21768707483,16,1,114,259,0.123076923077,0.996153846154,0.00384615384615,0.876923076923,0.941176470588,0.123076923077,0.21768707483,0.705128205128,0.652136752137,0.152334152334,0.275275664332,0.119230769231,216,86,130,0,216,0,86,0,130,37,216,0.162162162162,1.32432432432,11.6756756757,21.6,6,8.1990990496,0.702237650082,0.31006006006,10.329336629,1.76937710775,0.765265265265,3.0868314707,0.528762798222,0.252752752753,0.579945114934,0.437917739848,2,1.32432432432,0.579945114934,2,0.0121701261701,0.00597269624573,7,0.000900900900901,0.621196581197,37,37,37,1,0,0.72972972973,0.243243243243,0.027027027027,37,0.0645645645646,1.27027027027,4.64864864865,9.55555555556,2.96551724138,3.68341791921,0.79236315704,0.408233815211,4.37831813253,1.88369501051,0.795097423004,1.74887351131,0.752422324633,0.421747328724,0.508191163105,0.400065383721,2,1.29411764706,0.523936831996,2,0,0,0,0,0.190040733642,37,34,34,0.918918918919,0,0.675675675676,0.108108108108,0.135135135135,37,103,0.0773273273273,1.26715176715,5.56756756757,11.4444444444,2.94285714286,4.36870525277,0.784670360935,0.398583049068,5.14314611419,1.84753792452,0.78614536867,1.66891739918,0.599514017181,0.332196273944,0.494042911015,0.389884561441,1.80769230769,1.27457264957,0.49895518713,1.80769230769,0.0367484367484,0.029484029484,8,0.0010296010296,0.217446421445,37,36,36,0.972972972973,0,0.72972972973,0.216216216216,0.027027027027,-113,-0.0848348348348,-0.0571725571726,-6.10810810811,-10.1555555556,-3.05714285714,-3.83039379683,0.0824327108527,0.0885229890084,-5.18619051481,0.0781608167711,0.0208801034044,-1.41791407152,0.0707512189587,0.0794435211911,-0.0859022039191,-0.0480331784073,-0.192307692308,-0.0497516747517,-0.0809899278044,-0.192307692308,0.0245783105783,0.0235113332383,1,0.0001287001287,-0.403750159751,0,-0.027027027027,0,102,1,114,1115,0.472222222222,0.999103942652,0.00089605734767,0.527777777778,0.990291262136,0.472222222222,0.639498432602,0.650408141082,0.471326164875,0.470046082949,17,130,0,0,0,0
1707,WLNM_dir_neg,0.96599112426,0.834953430045,00:00:02,10,40,40,1234218164,threshold_sweep,0.6,0.857142857143,0.0461538461538,0.0875912408759,6,1,124,259,0.0461538461538,0.996153846154,0.00384615384615,0.953846153846,0.857142857143,0.0461538461538,0.0875912408759,0.679487179487,0.660683760684,0.0554156171285,0.150220526691,0.0423076923077,216,86,130,0,216,0,86,0,130,37,216,0.162162162162,1.32432432432,11.6756756757,21.6,6,8.1990990496,0.702237650082,0.31006006006,10.329336629,1.76937710775,0.765265265265,3.0868314707,0.528762798222,0.252752752753,0.579945114934,0.437917739848,2,1.32432432432,0.579945114934,2,0.0121701261701,0.00597269624573,7,0.000900900900901,0.621196581197,37,37,37,1,0,0.72972972973,0.243243243243,0.027027027027,37,0.0645645645646,1.27027027027,4.64864864865,9.55555555556,2.96551724138,3.68341791921,0.79236315704,0.408233815211,4.37831813253,1.88369501051,0.795097423004,1.74887351131,0.752422324633,0.421747328724,0.508191163105,0.400065383721,2,1.29411764706,0.523936831996,2,0,0,0,0,0.190040733642,37,34,34,0.918918918919,0,0.675675675676,0.108108108108,0.135135135135,37,93,0.0698198198198,1.26715176715,5.02702702703,10.3333333333,2.65714285714,3.98250679351,0.792219093333,0.409764603313,4.61050504357,1.83428695282,0.78349317059,1.53878779169,0.61220589562,0.340017436792,0.494042911015,0.389884561441,1.80769230769,1.27457264957,0.49895518713,1.80769230769,0.0545634920635,0.0363636363636,8,0.0010296010296,0.188468215126,37,36,36,0.972972972973,0,0.72972972973,0.216216216216,0.027027027027,-123,-0.0923423423423,-0.0571725571726,-6.64864864865,-11.2666666667,-3.34285714286,-4.21659225609,0.0899814432509,0.0997045432529,-5.71883158543,0.0649098450717,0.0182279053247,-1.54804367901,0.0834430973979,0.0872646840389,-0.0859022039191,-0.0480331784073,-0.192307692308,-0.0497516747517,-0.0809899278044,-0.192307692308,0.0423933658934,0.0303909401179,1,0.0001287001287,-0.432728366071,0,-0.027027027027,0,92,1,124,1115,0.425925925926,0.999103942652,0.00089605734767,0.574074074074,0.989247311828,0.425925925926,0.595469255663,0.614753905081,0.425029868578,0.423963133641,7,130,0,0,0,0
1708,WLNM_dir_neg,0.96599112426,0.834953430045,00:00:02,10,40,40,1234218164,threshold_sweep,0.7,0.857142857143,0.0461538461538,0.0875912408759,6,1,124,259,0.0461538461538,0.996153846154,0.00384615384615,0.953846153846,0.857142857143,0.0461538461538,0.0875912408759,0.679487179487,0.660683760684,0.0554156171285,0.150220526691,0.0423076923077,216,86,130,0,216,0,86,0,130,37,216,0.162162162162,1.32432432432,11.6756756757,21.6,6,8.1990990496,0.702237650082,0.31006006006,10.329336629,1.76937710775,0.765265265265,3.0868314707,0.528762798222,0.252752752753,0.579945114934,0.437917739848,2,1.32432432432,0.579945114934,2,0.0121701261701,0.00597269624573,7,0.000900900900901,0.621196581197,37,37,37,1,0,0.72972972973,0.243243243243,0.027027027027,37,0.0645645645646,1.27027027027,4.64864864865,9.55555555556,2.96551724138,3.68341791921,0.79236315704,0.408233815211,4.37831813253,1.88369501051,0.795097423004,1.74887351131,0.752422324633,0.421747328724,0.508191163105,0.400065383721,2,1.29411764706,0.523936831996,2,0,0,0,0,0.190040733642,37,34,34,0.918918918919,0,0.675675675676,0.108108108108,0.135135135135,37,93,0.0698198198198,1.26715176715,5.02702702703,10.3333333333,2.65714285714,3.98250679351,0.792219093333,0.409764603313,4.61050504357,1.83428695282,0.78349317059,1.53878779169,0.61220589562,0.340017436792,0.494042911015,0.389884561441,1.80769230769,1.27457264957,0.49895518713,1.80769230769,0.0545634920635,0.0363636363636,8,0.0010296010296,0.188468215126,37,36,36,0.972972972973,0,0.72972972973,0.216216216216,0.027027027027,-123,-0.0923423423423,-0.0571725571726,-6.64864864865,-11.2666666667,-3.34285714286,-4.21659225609,0.0899814432509,0.0997045432529,-5.71883158543,0.0649098450717,0.0182279053247,-1.54804367901,0.0834430973979,0.0872646840389,-0.0859022039191,-0.0480331784073,-0.192307692308,-0.0497516747517,-0.0809899278044,-0.192307692308,0.0423933658934,0.0303909401179,1,0.0001287001287,-0.432728366071,0,-0.027027027027,0,92,1,124,1115,0.425925925926,0.999103942652,0.00089605734767,0.574074074074,0.989247311828,0.425925925926,0.595469255663,0.614753905081,0.425029868578,0.423963133641,7,130,0,0,0,0
1709,WLNM_dir_neg,0.96599112426,0.834953430045,00:00:02,10,40,40,1234218164,threshold_sweep,0.8,0.857142857143,0.0461538461538,0.0875912408759,6,1,124,259,0.0461538461538,0.996153846154,0.00384615384615,0.953846153846,0.857142857143,0.0461538461538,0.0875912408759,0.679487179487,0.660683760684,0.0554156171285,0.150220526691,0.0423076923077,216,86,130,0,216,0,86,0,130,37,216,0.162162162162,1.32432432432,11.6756756757,21.6,6,8.1990990496,0.702237650082,0.31006006006,10.329336629,1.76937710775,0.765265265265,3.0868314707,0.528762798222,0.252752752753,0.579945114934,0.437917739848,2,1.32432432432,0.579945114934,2,0.0121701261701,0.00597269624573,7,0.000900900900901,0.621196581197,37,37,37,1,0,0.72972972973,0.243243243243,0.027027027027,37,0.0645645645646,1.27027027027,4.64864864865,9.55555555556,2.96551724138,3.68341791921,0.79236315704,0.408233815211,4.37831813253,1.88369501051,0.795097423004,1.74887351131,0.752422324633,0.421747328724,0.508191163105,0.400065383721,2,1.29411764706,0.523936831996,2,0,0,0,0,0.190040733642,37,34,34,0.918918918919,0,0.675675675676,0.108108108108,0.135135135135,37,93,0.0698198198198,1.26715176715,5.02702702703,10.3333333333,2.65714285714,3.98250679351,0.792219093333,0.409764603313,4.61050504357,1.83428695282,0.78349317059,1.53878779169,0.61220589562,0.340017436792,0.494042911015,0.389884561441,1.80769230769,1.27457264957,0.49895518713,1.80769230769,0.0545634920635,0.0363636363636,8,0.0010296010296,0.188468215126,37,36,36,0.972972972973,0,0.72972972973,0.216216216216,0.027027027027,-123,-0.0923423423423,-0.0571725571726,-6.64864864865,-11.2666666667,-3.34285714286,-4.21659225609,0.0899814432509,0.0997045432529,-5.71883158543,0.0649098450717,0.0182279053247,-1.54804367901,0.0834430973979,0.0872646840389,-0.0859022039191,-0.0480331784073,-0.192307692308,-0.0497516747517,-0.0809899278044,-0.192307692308,0.0423933658934,0.0303909401179,1,0.0001287001287,-0.432728366071,0,-0.027027027027,0,92,1,124,1115,0.425925925926,0.999103942652,0.00089605734767,0.574074074074,0.989247311828,0.425925925926,0.595469255663,0.614753905081,0.425029868578,0.423963133641,7,130,0,0,0,0
1710,WLNM_dir_neg,0.96599112426,0.834953430045,00:00:02,10,40,40,1234218164,threshold_sweep,0.9,1,0.0461538461538,0.0882352941176,6,0,124,260,0.0461538461538,1,0,0.953846153846,1,0.0461538461538,0.0882352941176,0.682051282051,0.661538461538,0.0606060606061,0.176776695297,0.0461538461538,216,86,130,0,216,0,86,0,130,37,216,0.162162162162,1.32432432432,11.6756756757,21.6,6,8.1990990496,0.702237650082,0.31006006006,10.329336629,1.76937710775,0.765265265265,3.0868314707,0.528762798222,0.252752752753,0.579945114934,0.437917739848,2,1.32432432432,0.579945114934,2,0.0121701261701,0.00597269624573,7,0.000900900900901,0.621196581197,37,37,37,1,0,0.72972972973,0.243243243243,0.027027027027,37,0.0645645645646,1.27027027027,4.64864864865,9.55555555556,2.96551724138,3.68341791921,0.79236315704,0.408233815211,4.37831813253,1.88369501051,0.795097423004,1.74887351131,0.752422324633,0.421747328724,0.508191163105,0.400065383721,2,1.29411764706,0.523936831996,2,0,0,0,0,0.190040733642,37,34,34,0.918918918919,0,0.675675675676,0.108108108108,0.135135135135,37,92,0.0690690690691,1.26486486486,4.97297297297,10.2222222222,2.62857142857,3.86929857616,0.778065474554,0.404524089307,4.54985727262,1.82983390312,0.782021151586,1.55673485971,0.626078150099,0.346650998825,0.490020530305,0.387409393617,1.8,1.27222222222,0.4948945695,1.8,0,0,0,0,0.190040733642,37,36,36,0.972972972973,0,0.72972972973,0.216216216216,0.027027027027,-124,-0.0930930930931,-0.0594594594595,-6.7027027027,-11.3777777778,-3.37142857143,-4.32980047344,0.075827824472,0.0944640292466,-5.77947935638,0.0604567953731,0.0167558863211,-1.530096611,0.0973153518767,0.0938982460722,-0.0899245846297,-0.0505083462315,-0.2,-0.0521021021021,-0.0850505454344,-0.2,-0.0121701261701,-0.00597269624573,-7,-0.000900900900901,-0.431155847554,0,-0.027027027027,0,92,0,124,1116,0.425925925926,1,0,0.574074074074,1,0.425925925926,0.597402597403,0.619139187367,0.425925925926,0.425925925926,6,130,0,0,0,0
1711,WLNM_dir_neg,0.991893491124,0.968557374372,00:00:02,10,40,41,1234218165,threshold_sweep,0.1,1,0.2,0.333333333333,26,0,104,260,0.2,1,0,0.8,1,0.2,0.333333333333,0.733333333333,0.644444444444,0.25,0.377964473009,0.2,216,86,130,0,216,0,86,0,130,37,216,0.162162162162,1.32432432432,11.6756756757,21.6,6,8.1990990496,0.702237650082,0.31006006006,10.329336629,1.76937710775,0.765265265265,3.0868314707,0.528762798222,0.252752752753,0.579945114934,0.437917739848,2,1.32432432432,0.579945114934,2,0.0121701261701,0.00597269624573,7,0.000900900900901,0.621196581197,37,37,37,1,0,0.72972972973,0.243243243243,0.027027027027,37,0.0645645645646,1.32432432432,4.64864864865,8.6,2.86666666667,3.63788870559,0.782569082016,0.388749214331,4.256067917,1.83109898755,0.787554996857,1.58208817801,0.680665844028,0.375864236329,0.579945114934,0.437917739848,2,1.34285714286,0.591252764842,2,0,0,0,0,0.146546177707,37,35,35,0.945945945946,0,0.675675675676,0.135135135135,0.135135135135,37,112,0.0840840840841,1.32882882883,6.05405405405,11.2,3.39393939394,5.09327413767,0.841299745954,0.389237451737,5.70811550186,1.88571672829,0.787162162162,1.72379565827,0.569468208536,0.313706563707,0.593803505044,0.446862298711,2.16666666667,1.34761904762,0.605491520441,2.16666666667,0.0162116983546,0.0145208131655,5,0.000643500643501,0.196504157998,37,35,35,0.945945945946,0,0.675675675676,0.216216216216,0.0540540540541,-104,-0.0780780780781,0.0045045045045,-5.62162162162,-10.4,-2.60606060606,-3.10582491194,0.139062095872,0.0791773916774,-4.62122112714,0.116339620548,0.0218968968969,-1.36303581243,0.0407054103133,0.0609538109538,0.0138583901096,0.00894455886265,0.166666666667,0.0232947232947,0.0255464055065,0.166666666667,0.00404157218443,0.0085481169198,-2,-0.0002574002574,-0.424692423198,-0.0540540540541,-0.027027027027,0.027027027027,112,0,104,1116,0.518518518519,1,0,0.481481481481,1,0.518518518519,0.682926829268,0.688706715439,0.518518518519,0.518518518519,26,130,0,0,0,0
1712,WLNM_dir_neg,0.991893491124,0.968557374372,00:00:02,10,40,41,1234218165,threshold_sweep,0.2,1,0.2,0.333333333333,26,0,104,260,0.2,1,0,0.8,1,0.2,0.333333333333,0.733333333333,0.644444444444,0.25,0.377964473009,0.2,216,86,130,0,216,0,86,0,130,37,216,0.162162162162,1.32432432432,11.6756756757,21.6,6,8.1990990496,0.702237650082,0.31006006006,10.329336629,1.76937710775,0.765265265265,3.0868314707,0.528762798222,0.252752752753,0.579945114934,0.437917739848,2,1.32432432432,0.579945114934,2,0.0121701261701,0.00597269624573,7,0.000900900900901,0.621196581197,37,37,37,1,0,0.72972972973,0.243243243243,0.027027027027,37,0.0645645645646,1.32432432432,4.64864864865,8.6,2.86666666667,3.63788870559,0.782569082016,0.388749214331,4.256067917,1.83109898755,0.787554996857,1.58208817801,0.680665844028,0.375864236329,0.579945114934,0.437917739848,2,1.34285714286,0.591252764842,2,0,0,0,0,0.146546177707,37,35,35,0.945945945946,0,0.675675675676,0.135135135135,0.135135135135,37,112,0.0840840840841,1.32882882883,6.05405405405,11.2,3.39393939394,5.09327413767,0.841299745954,0.389237451737,5.70811550186,1.88571672829,0.787162162162,1.72379565827,0.569468208536,0.313706563707,0.593803505044,0.446862298711,2.16666666667,1.34761904762,0.605491520441,2.16666666667,0.0162116983546,0.0145208131655,5,0.000643500643501,0.196504157998,37,35,35,0.945945945946,0,0.675675675676,0.216216216216,0.0540540540541,-104,-0.0780780780781,0.0045045045045,-5.62162162162,-10.4,-2.60606060606,-3.10582491194,0.139062095872,0.0791773916774,-4.62122112714,0.116339620548,0.0218968968969,-1.36303581243,0.0407054103133,0.0609538109538,0.0138583901096,0.00894455886265,0.166666666667,0.0232947232947,0.0255464055065,0.166666666667,0.00404157218443,0.0085481169198,-2,-0.0002574002574,-0.424692423198,-0.0540540540541,-0.027027027027,0.027027027027,112,0,104,1116,0.518518518519,1,0,0.481481481481,1,0.518518518519,0.682926829268,0.688706715439,0.518518518519,0.518518518519,26,130,0,0,0,0
1713,WLNM_dir_neg,0.991893491124,0.968557374372,00:00:02,10,40,41,1234218165,threshold_sweep,0.3,1,0.2,0.333333333333,26,0,104,260,0.2,1,0,0.8,1,0.2,0.333333333333,0.733333333333,0.644444444444,0.25,0.377964473009,0.2,216,86,130,0,216,0,86,0,130,37,216,0.162162162162,1.32432432432,11.6756756757,21.6,6,8.1990990496,0.702237650082,0.31006006006,10.329336629,1.76937710775,0.765265265265,3.0868314707,0.528762798222,0.252752752753,0.579945114934,0.437917739848,2,1.32432432432,0.579945114934,2,0.0121701261701,0.00597269624573,7,0.000900900900901,0.621196581197,37,37,37,1,0,0.72972972973,0.243243243243,0.027027027027,37,0.0645645645646,1.32432432432,4.64864864865,8.6,2.86666666667,3.63788870559,0.782569082016,0.388749214331,4.256067917,1.83109898755,0.787554996857,1.58208817801,0.680665844028,0.375864236329,0.579945114934,0.437917739848,2,1.34285714286,0.591252764842,2,0,0,0,0,0.146546177707,37,35,35,0.945945945946,0,0.675675675676,0.135135135135,0.135135135135,37,112,0.0840840840841,1.32882882883,6.05405405405,11.2,3.39393939394,5.09327413767,0.841299745954,0.389237451737,5.70811550186,1.88571672829,0.787162162162,1.72379565827,0.569468208536,0.313706563707,0.593803505044,0.446862298711,2.16666666667,1.34761904762,0.605491520441,2.16666666667,0.0162116983546,0.0145208131655,5,0.000643500643501,0.196504157998,37,35,35,0.945945945946,0,0.675675675676,0.216216216216,0.0540540540541,-104,-0.0780780780781,0.0045045045045,-5.62162162162,-10.4,-2.60606060606,-3.10582491194,0.139062095872,0.0791773916774,-4.62122112714,0.116339620548,0.0218968968969,-1.36303581243,0.0407054103133,0.0609538109538,0.0138583901096,0.00894455886265,0.166666666667,0.0232947232947,0.0255464055065,0.166666666667,0.00404157218443,0.0085481169198,-2,-0.0002574002574,-0.424692423198,-0.0540540540541,-0.027027027027,0.027027027027,112,0,104,1116,0.518518518519,1,0,0.481481481481,1,0.518518518519,0.682926829268,0.688706715439,0.518518518519,0.518518518519,26,130,0,0,0,0
1714,WLNM_dir_neg,0.991893491124,0.968557374372,00:00:02,10,40,41,1234218165,threshold_sweep,0.4,1,0.2,0.333333333333,26,0,104,260,0.2,1,0,0.8,1,0.2,0.333333333333,0.733333333333,0.644444444444,0.25,0.377964473009,0.2,216,86,130,0,216,0,86,0,130,37,216,0.162162162162,1.32432432432,11.6756756757,21.6,6,8.1990990496,0.702237650082,0.31006006006,10.329336629,1.76937710775,0.765265265265,3.0868314707,0.528762798222,0.252752752753,0.579945114934,0.437917739848,2,1.32432432432,0.579945114934,2,0.0121701261701,0.00597269624573,7,0.000900900900901,0.621196581197,37,37,37,1,0,0.72972972973,0.243243243243,0.027027027027,37,0.0645645645646,1.32432432432,4.64864864865,8.6,2.86666666667,3.63788870559,0.782569082016,0.388749214331,4.256067917,1.83109898755,0.787554996857,1.58208817801,0.680665844028,0.375864236329,0.579945114934,0.437917739848,2,1.34285714286,0.591252764842,2,0,0,0,0,0.146546177707,37,35,35,0.945945945946,0,0.675675675676,0.135135135135,0.135135135135,37,112,0.0840840840841,1.32882882883,6.05405405405,11.2,3.39393939394,5.09327413767,0.841299745954,0.389237451737,5.70811550186,1.88571672829,0.787162162162,1.72379565827,0.569468208536,0.313706563707,0.593803505044,0.446862298711,2.16666666667,1.34761904762,0.605491520441,2.16666666667,0.0162116983546,0.0145208131655,5,0.000643500643501,0.196504157998,37,35,35,0.945945945946,0,0.675675675676,0.216216216216,0.0540540540541,-104,-0.0780780780781,0.0045045045045,-5.62162162162,-10.4,-2.60606060606,-3.10582491194,0.139062095872,0.0791773916774,-4.62122112714,0.116339620548,0.0218968968969,-1.36303581243,0.0407054103133,0.0609538109538,0.0138583901096,0.00894455886265,0.166666666667,0.0232947232947,0.0255464055065,0.166666666667,0.00404157218443,0.0085481169198,-2,-0.0002574002574,-0.424692423198,-0.0540540540541,-0.027027027027,0.027027027027,112,0,104,1116,0.518518518519,1,0,0.481481481481,1,0.518518518519,0.682926829268,0.688706715439,0.518518518519,0.518518518519,26,130,0,0,0,0
1715,WLNM_dir_neg,0.991893491124,0.968557374372,00:00:02,10,40,41,1234218165,threshold_sweep,0.5,1,0.2,0.333333333333,26,0,104,260,0.2,1,0,0.8,1,0.2,0.333333333333,0.733333333333,0.644444444444,0.25,0.377964473009,0.2,216,86,130,0,216,0,86,0,130,37,216,0.162162162162,1.32432432432,11.6756756757,21.6,6,8.1990990496,0.702237650082,0.31006006006,10.329336629,1.76937710775,0.765265265265,3.0868314707,0.528762798222,0.252752752753,0.579945114934,0.437917739848,2,1.32432432432,0.579945114934,2,0.0121701261701,0.00597269624573,7,0.000900900900901,0.621196581197,37,37,37,1,0,0.72972972973,0.243243243243,0.027027027027,37,0.0645645645646,1.32432432432,4.64864864865,8.6,2.86666666667,3.63788870559,0.782569082016,0.388749214331,4.256067917,1.83109898755,0.787554996857,1.58208817801,0.680665844028,0.375864236329,0.579945114934,0.437917739848,2,1.34285714286,0.591252764842,2,0,0,0,0,0.146546177707,37,35,35,0.945945945946,0,0.675675675676,0.135135135135,0.135135135135,37,112,0.0840840840841,1.32882882883,6.05405405405,11.2,3.39393939394,5.09327413767,0.841299745954,0.389237451737,5.70811550186,1.88571672829,0.787162162162,1.72379565827,0.569468208536,0.313706563707,0.593803505044,0.446862298711,2.16666666667,1.34761904762,0.605491520441,2.16666666667,0.0162116983546,0.0145208131655,5,0.000643500643501,0.196504157998,37,35,35,0.945945945946,0,0.675675675676,0.216216216216,0.0540540540541,-104,-0.0780780780781,0.0045045045045,-5.62162162162,-10.4,-2.60606060606,-3.10582491194,0.139062095872,0.0791773916774,-4.62122112714,0.116339620548,0.0218968968969,-1.36303581243,0.0407054103133,0.0609538109538,0.0138583901096,0.00894455886265,0.166666666667,0.0232947232947,0.0255464055065,0.166666666667,0.00404157218443,0.0085481169198,-2,-0.0002574002574,-0.424692423198,-0.0540540540541,-0.027027027027,0.027027027027,112,0,104,1116,0.518518518519,1,0,0.481481481481,1,0.518518518519,0.682926829268,0.688706715439,0.518518518519,0.518518518519,26,130,0,0,0,0
1716,WLNM_dir_neg,0.991893491124,0.968557374372,00:00:02,10,40,41,1234218165,threshold_sweep,0.6,1,0.2,0.333333333333,26,0,104,260,0.2,1,0,0.8,1,0.2,0.333333333333,0.733333333333,0.644444444444,0.25,0.377964473009,0.2,216,86,130,0,216,0,86,0,130,37,216,0.162162162162,1.32432432432,11.6756756757,21.6,6,8.1990990496,0.702237650082,0.31006006006,10.329336629,1.76937710775,0.765265265265,3.0868314707,0.528762798222,0.252752752753,0.579945114934,0.437917739848,2,1.32432432432,0.579945114934,2,0.0121701261701,0.00597269624573,7,0.000900900900901,0.621196581197,37,37,37,1,0,0.72972972973,0.243243243243,0.027027027027,37,0.0645645645646,1.32432432432,4.64864864865,8.6,2.86666666667,3.63788870559,0.782569082016,0.388749214331,4.256067917,1.83109898755,0.787554996857,1.58208817801,0.680665844028,0.375864236329,0.579945114934,0.437917739848,2,1.34285714286,0.591252764842,2,0,0,0,0,0.146546177707,37,35,35,0.945945945946,0,0.675675675676,0.135135135135,0.135135135135,37,112,0.0840840840841,1.32882882883,6.05405405405,11.2,3.39393939394,5.09327413767,0.841299745954,0.389237451737,5.70811550186,1.88571672829,0.787162162162,1.72379565827,0.569468208536,0.313706563707,0.593803505044,0.446862298711,2.16666666667,1.34761904762,0.605491520441,2.16666666667,0.0162116983546,0.0145208131655,5,0.000643500643501,0.196504157998,37,35,35,0.945945945946,0,0.675675675676,0.216216216216,0.0540540540541,-104,-0.0780780780781,0.0045045045045,-5.62162162162,-10.4,-2.60606060606,-3.10582491194,0.139062095872,0.0791773916774,-4.62122112714,0.116339620548,0.0218968968969,-1.36303581243,0.0407054103133,0.0609538109538,0.0138583901096,0.00894455886265,0.166666666667,0.0232947232947,0.0255464055065,0.166666666667,0.00404157218443,0.0085481169198,-2,-0.0002574002574,-0.424692423198,-0.0540540540541,-0.027027027027,0.027027027027,112,0,104,1116,0.518518518519,1,0,0.481481481481,1,0.518518518519,0.682926829268,0.688706715439,0.518518518519,0.518518518519,26,130,0,0,0,0
1717,WLNM_dir_neg,0.991893491124,0.968557374372,00:00:02,10,40,41,1234218165,threshold_sweep,0.7,1,0.2,0.333333333333,26,0,104,260,0.2,1,0,0.8,1,0.2,0.333333333333,0.733333333333,0.644444444444,0.25,0.377964473009,0.2,216,86,130,0,216,0,86,0,130,37,216,0.162162162162,1.32432432432,11.6756756757,21.6,6,8.1990990496,0.702237650082,0.31006006006,10.329336629,1.76937710775,0.765265265265,3.0868314707,0.528762798222,0.252752752753,0.579945114934,0.437917739848,2,1.32432432432,0.579945114934,2,0.0121701261701,0.00597269624573,7,0.000900900900901,0.621196581197,37,37,37,1,0,0.72972972973,0.243243243243,0.027027027027,37,0.0645645645646,1.32432432432,4.64864864865,8.6,2.86666666667,3.63788870559,0.782569082016,0.388749214331,4.256067917,1.83109898755,0.787554996857,1.58208817801,0.680665844028,0.375864236329,0.579945114934,0.437917739848,2,1.34285714286,0.591252764842,2,0,0,0,0,0.146546177707,37,35,35,0.945945945946,0,0.675675675676,0.135135135135,0.135135135135,37,112,0.0840840840841,1.32882882883,6.05405405405,11.2,3.39393939394,5.09327413767,0.841299745954,0.389237451737,5.70811550186,1.88571672829,0.787162162162,1.72379565827,0.569468208536,0.313706563707,0.593803505044,0.446862298711,2.16666666667,1.34761904762,0.605491520441,2.16666666667,0.0162116983546,0.0145208131655,5,0.000643500643501,0.196504157998,37,35,35,0.945945945946,0,0.675675675676,0.216216216216,0.0540540540541,-104,-0.0780780780781,0.0045045045045,-5.62162162162,-10.4,-2.60606060606,-3.10582491194,0.139062095872,0.0791773916774,-4.62122112714,0.116339620548,0.0218968968969,-1.36303581243,0.0407054103133,0.0609538109538,0.0138583901096,0.00894455886265,0.166666666667,0.0232947232947,0.0255464055065,0.166666666667,0.00404157218443,0.0085481169198,-2,-0.0002574002574,-0.424692423198,-0.0540540540541,-0.027027027027,0.027027027027,112,0,104,1116,0.518518518519,1,0,0.481481481481,1,0.518518518519,0.682926829268,0.688706715439,0.518518518519,0.518518518519,26,130,0,0,0,0
1718,WLNM_dir_neg,0.991893491124,0.968557374372,00:00:02,10,40,41,1234218165,threshold_sweep,0.8,1,0.2,0.333333333333,26,0,104,260,0.2,1,0,0.8,1,0.2,0.333333333333,0.733333333333,0.644444444444,0.25,0.377964473009,0.2,216,86,130,0,216,0,86,0,130,37,216,0.162162162162,1.32432432432,11.6756756757,21.6,6,8.1990990496,0.702237650082,0.31006006006,10.329336629,1.76937710775,0.765265265265,3.0868314707,0.528762798222,0.252752752753,0.579945114934,0.437917739848,2,1.32432432432,0.579945114934,2,0.0121701261701,0.00597269624573,7,0.000900900900901,0.621196581197,37,37,37,1,0,0.72972972973,0.243243243243,0.027027027027,37,0.0645645645646,1.32432432432,4.64864864865,8.6,2.86666666667,3.63788870559,0.782569082016,0.388749214331,4.256067917,1.83109898755,0.787554996857,1.58208817801,0.680665844028,0.375864236329,0.579945114934,0.437917739848,2,1.34285714286,0.591252764842,2,0,0,0,0,0.146546177707,37,35,35,0.945945945946,0,0.675675675676,0.135135135135,0.135135135135,37,112,0.0840840840841,1.32882882883,6.05405405405,11.2,3.39393939394,5.09327413767,0.841299745954,0.389237451737,5.70811550186,1.88571672829,0.787162162162,1.72379565827,0.569468208536,0.313706563707,0.593803505044,0.446862298711,2.16666666667,1.34761904762,0.605491520441,2.16666666667,0.0162116983546,0.0145208131655,5,0.000643500643501,0.196504157998,37,35,35,0.945945945946,0,0.675675675676,0.216216216216,0.0540540540541,-104,-0.0780780780781,0.0045045045045,-5.62162162162,-10.4,-2.60606060606,-3.10582491194,0.139062095872,0.0791773916774,-4.62122112714,0.116339620548,0.0218968968969,-1.36303581243,0.0407054103133,0.0609538109538,0.0138583901096,0.00894455886265,0.166666666667,0.0232947232947,0.0255464055065,0.166666666667,0.00404157218443,0.0085481169198,-2,-0.0002574002574,-0.424692423198,-0.0540540540541,-0.027027027027,0.027027027027,112,0,104,1116,0.518518518519,1,0,0.481481481481,1,0.518518518519,0.682926829268,0.688706715439,0.518518518519,0.518518518519,26,130,0,0,0,0
1719,WLNM_dir_neg,0.991893491124,0.968557374372,00:00:02,10,40,41,1234218165,threshold_sweep,0.9,1,0.2,0.333333333333,26,0,104,260,0.2,1,0,0.8,1,0.2,0.333333333333,0.733333333333,0.644444444444,0.25,0.377964473009,0.2,216,86,130,0,216,0,86,0,130,37,216,0.162162162162,1.32432432432,11.6756756757,21.6,6,8.1990990496,0.702237650082,0.31006006006,10.329336629,1.76937710775,0.765265265265,3.0868314707,0.528762798222,0.252752752753,0.579945114934,0.437917739848,2,1.32432432432,0.579945114934,2,0.0121701261701,0.00597269624573,7,0.000900900900901,0.621196581197,37,37,37,1,0,0.72972972973,0.243243243243,0.027027027027,37,0.0645645645646,1.32432432432,4.64864864865,8.6,2.86666666667,3.63788870559,0.782569082016,0.388749214331,4.256067917,1.83109898755,0.787554996857,1.58208817801,0.680665844028,0.375864236329,0.579945114934,0.437917739848,2,1.34285714286,0.591252764842,2,0,0,0,0,0.146546177707,37,35,35,0.945945945946,0,0.675675675676,0.135135135135,0.135135135135,37,112,0.0840840840841,1.32882882883,6.05405405405,11.2,3.39393939394,5.09327413767,0.841299745954,0.389237451737,5.70811550186,1.88571672829,0.787162162162,1.72379565827,0.569468208536,0.313706563707,0.593803505044,0.446862298711,2.16666666667,1.34761904762,0.605491520441,2.16666666667,0.0162116983546,0.0145208131655,5,0.000643500643501,0.196504157998,37,35,35,0.945945945946,0,0.675675675676,0.216216216216,0.0540540540541,-104,-0.0780780780781,0.0045045045045,-5.62162162162,-10.4,-2.60606060606,-3.10582491194,0.139062095872,0.0791773916774,-4.62122112714,0.116339620548,0.0218968968969,-1.36303581243,0.0407054103133,0.0609538109538,0.0138583901096,0.00894455886265,0.166666666667,0.0232947232947,0.0255464055065,0.166666666667,0.00404157218443,0.0085481169198,-2,-0.0002574002574,-0.424692423198,-0.0540540540541,-0.027027027027,0.027027027027,112,0,104,1116,0.518518518519,1,0,0.481481481481,1,0.518518518519,0.682926829268,0.688706715439,0.518518518519,0.518518518519,26,130,0,0,0,0
1720,WLNM_dir_neg,0.962485207101,0.871799710457,00:00:02,10,40,42,1234218166,threshold_sweep,0.1,0.857142857143,0.0461538461538,0.0875912408759,6,1,124,259,0.0461538461538,0.996153846154,0.00384615384615,0.953846153846,0.857142857143,0.0461538461538,0.0875912408759,0.679487179487,0.660683760684,0.0554156171285,0.150220526691,0.0423076923077,216,86,130,0,216,0,86,0,130,37,216,0.162162162162,1.32432432432,11.6756756757,21.6,6,8.1990990496,0.702237650082,0.31006006006,10.329336629,1.76937710775,0.765265265265,3.0868314707,0.528762798222,0.252752752753,0.579945114934,0.437917739848,2,1.32432432432,0.579945114934,2,0.0121701261701,0.00597269624573,7,0.000900900900901,0.621196581197,37,37,37,1,0,0.72972972973,0.243243243243,0.027027027027,37,0.0645645645646,1.33108108108,4.64864864865,8.6,2.86666666667,3.68341791921,0.79236315704,0.404148334381,4.35286657818,1.87274492317,0.795725958517,1.7958912064,0.77265086787,0.42614707731,0.601081357887,0.451573812016,2.25,1.34027777778,0.606961924488,2.25,0.0380479735318,0.00537634408602,1,0.0001287001287,0.163402738663,37,36,36,0.972972972973,0,0.702702702703,0.108108108108,0.162162162162,37,93,0.0698198198198,1.3399715505,5.02702702703,9.3,2.51351351351,3.96152668724,0.788045631332,0.406858471375,4.51922818891,1.79797250526,0.780005812264,1.57447736693,0.62640497394,0.333042720139,0.630676084024,0.470663786697,2.52631578947,1.3399715505,0.630676084024,2.52631578947,0.033388475324,0.0046511627907,1,0.0001287001287,0.159867385128,37,37,37,1,0,0.72972972973,0.27027027027,0,-123,-0.0923423423423,0.0156472261735,-6.64864864865,-12.3,-3.48648648649,-4.23757236237,0.0858079812503,0.0967984113145,-5.81010844009,0.0285953975193,0.0147405469986,-1.51235410377,0.097642175718,0.0802899673867,0.0507309690897,0.032746046849,0.526315789474,0.0156472261735,0.0507309690897,0.526315789474,0.0212183491538,-0.00132153345504,-6,-0.000772200772201,-0.461329196069,0,0.027027027027,-0.027027027027,92,1,124,1115,0.425925925926,0.999103942652,0.00089605734767,0.574074074074,0.989247311828,0.425925925926,0.595469255663,0.614753905081,0.425029868578,0.423963133641,7,130,0,0,0,0
1721,WLNM_dir_neg,0.962485207101,0.871799710457,00:00:02,10,40,42,1234218166,threshold_sweep,0.2,0.857142857143,0.0461538461538,0.0875912408759,6,1,124,259,0.0461538461538,0.996153846154,0.00384615384615,0.953846153846,0.857142857143,0.0461538461538,0.0875912408759,0.679487179487,0.660683760684,0.0554156171285,0.150220526691,0.0423076923077,216,86,130,0,216,0,86,0,130,37,216,0.162162162162,1.32432432432,11.6756756757,21.6,6,8.1990990496,0.702237650082,0.31006006006,10.329336629,1.76937710775,0.765265265265,3.0868314707,0.528762798222,0.252752752753,0.579945114934,0.437917739848,2,1.32432432432,0.579945114934,2,0.0121701261701,0.00597269624573,7,0.000900900900901,0.621196581197,37,37,37,1,0,0.72972972973,0.243243243243,0.027027027027,37,0.0645645645646,1.33108108108,4.64864864865,8.6,2.86666666667,3.68341791921,0.79236315704,0.404148334381,4.35286657818,1.87274492317,0.795725958517,1.7958912064,0.77265086787,0.42614707731,0.601081357887,0.451573812016,2.25,1.34027777778,0.606961924488,2.25,0.0380479735318,0.00537634408602,1,0.0001287001287,0.163402738663,37,36,36,0.972972972973,0,0.702702702703,0.108108108108,0.162162162162,37,93,0.0698198198198,1.3399715505,5.02702702703,9.3,2.51351351351,3.96152668724,0.788045631332,0.406858471375,4.51922818891,1.79797250526,0.780005812264,1.57447736693,0.62640497394,0.333042720139,0.630676084024,0.470663786697,2.52631578947,1.3399715505,0.630676084024,2.52631578947,0.033388475324,0.0046511627907,1,0.0001287001287,0.159867385128,37,37,37,1,0,0.72972972973,0.27027027027,0,-123,-0.0923423423423,0.0156472261735,-6.64864864865,-12.3,-3.48648648649,-4.23757236237,0.0858079812503,0.0967984113145,-5.81010844009,0.0285953975193,0.0147405469986,-1.51235410377,0.097642175718,0.0802899673867,0.0507309690897,0.032746046849,0.526315789474,0.0156472261735,0.0507309690897,0.526315789474,0.0212183491538,-0.00132153345504,-6,-0.000772200772201,-0.461329196069,0,0.027027027027,-0.027027027027,92,1,124,1115,0.425925925926,0.999103942652,0.00089605734767,0.574074074074,0.989247311828,0.425925925926,0.595469255663,0.614753905081,0.425029868578,0.423963133641,7,130,0,0,0,0
1722,WLNM_dir_neg,0.962485207101,0.871799710457,00:00:02,10,40,42,1234218166,threshold_sweep,0.3,0.857142857143,0.0461538461538,0.0875912408759,6,1,124,259,0.0461538461538,0.996153846154,0.00384615384615,0.953846153846,0.857142857143,0.0461538461538,0.0875912408759,0.679487179487,0.660683760684,0.0554156171285,0.150220526691,0.0423076923077,216,86,130,0,216,0,86,0,130,37,216,0.162162162162,1.32432432432,11.6756756757,21.6,6,8.1990990496,0.702237650082,0.31006006006,10.329336629,1.76937710775,0.765265265265,3.0868314707,0.528762798222,0.252752752753,0.579945114934,0.437917739848,2,1.32432432432,0.579945114934,2,0.0121701261701,0.00597269624573,7,0.000900900900901,0.621196581197,37,37,37,1,0,0.72972972973,0.243243243243,0.027027027027,37,0.0645645645646,1.33108108108,4.64864864865,8.6,2.86666666667,3.68341791921,0.79236315704,0.404148334381,4.35286657818,1.87274492317,0.795725958517,1.7958912064,0.77265086787,0.42614707731,0.601081357887,0.451573812016,2.25,1.34027777778,0.606961924488,2.25,0.0380479735318,0.00537634408602,1,0.0001287001287,0.163402738663,37,36,36,0.972972972973,0,0.702702702703,0.108108108108,0.162162162162,37,93,0.0698198198198,1.3399715505,5.02702702703,9.3,2.51351351351,3.96152668724,0.788045631332,0.406858471375,4.51922818891,1.79797250526,0.780005812264,1.57447736693,0.62640497394,0.333042720139,0.630676084024,0.470663786697,2.52631578947,1.3399715505,0.630676084024,2.52631578947,0.033388475324,0.0046511627907,1,0.0001287001287,0.159867385128,37,37,37,1,0,0.72972972973,0.27027027027,0,-123,-0.0923423423423,0.0156472261735,-6.64864864865,-12.3,-3.48648648649,-4.23757236237,0.0858079812503,0.0967984113145,-5.81010844009,0.0285953975193,0.0147405469986,-1.51235410377,0.097642175718,0.0802899673867,0.0507309690897,0.032746046849,0.526315789474,0.0156472261735,0.0507309690897,0.526315789474,0.0212183491538,-0.00132153345504,-6,-0.000772200772201,-0.461329196069,0,0.027027027027,-0.027027027027,92,1,124,1115,0.425925925926,0.999103942652,0.00089605734767,0.574074074074,0.989247311828,0.425925925926,0.595469255663,0.614753905081,0.425029868578,0.423963133641,7,130,0,0,0,0
1723,WLNM_dir_neg,0.962485207101,0.871799710457,00:00:02,10,40,42,1234218166,threshold_sweep,0.4,0,0,0,0,1,130,259,0,0.996153846154,0.00384615384615,1,0,0,0,0.664102564103,0.665811965812,-0.00511508951407,-0.0358517369691,-0.00384615384615,216,86,130,0,216,0,86,0,130,37,216,0.162162162162,1.32432432432,11.6756756757,21.6,6,8.1990990496,0.702237650082,0.31006006006,10.329336629,1.76937710775,0.765265265265,3.0868314707,0.528762798222,0.252752752753,0.579945114934,0.437917739848,2,1.32432432432,0.579945114934,2,0.0121701261701,0.00597269624573,7,0.000900900900901,0.621196581197,37,37,37,1,0,0.72972972973,0.243243243243,0.027027027027,37,0.0645645645646,1.33108108108,4.64864864865,8.6,2.86666666667,3.68341791921,0.79236315704,0.404148334381,4.35286657818,1.87274492317,0.795725958517,1.7958912064,0.77265086787,0.42614707731,0.601081357887,0.451573812016,2.25,1.34027777778,0.606961924488,2.25,0.0380479735318,0.00537634408602,1,0.0001287001287,0.163402738663,37,36,36,0.972972972973,0,0.702702702703,0.108108108108,0.162162162162,37,87,0.0653153153153,1.35521235521,4.7027027027,8.7,2.8064516129,3.66564277268,0.779475762008,0.398570984778,4.34751663607,1.84894385672,0.792171481827,1.76723601229,0.751583131662,0.413793103448,0.678986190387,0.501018300029,2.71428571429,1.36507936508,0.685922115141,2.71428571429,0.0380479735318,0.00537634408602,1,0.0001287001287,0.162291627552,37,36,36,0.972972972973,0,0.702702702703,0.135135135135,0.135135135135,-129,-0.0968468468468,0.030888030888,-6.97297297297,-12.9,-3.1935483871,-4.53345627692,0.0772381119258,0.0885109247178,-5.98181999293,0.0795667489739,0.0269062165614,-1.31959545842,0.22282033344,0.161040350696,0.0990410754528,0.0631005601808,0.714285714286,0.040755040755,0.105977000207,0.714285714286,0.0258778473617,-0.000596352159712,-6,-0.000772200772201,-0.458904953644,-0.027027027027,-0.108108108108,0.108108108108,86,1,130,1115,0.398148148148,0.999103942652,0.00089605734767,0.601851851852,0.988505747126,0.398148148148,0.567656765677,0.592626220158,0.3972520908,0.396313364055,1,130,0,0,0,0
1724,WLNM_dir_neg,0.962485207101,0.871799710457,00:00:02,10,40,42,1234218166,threshold_sweep,0.5,0,0,0,0,1,130,259,0,0.996153846154,0.00384615384615,1,0,0,0,0.664102564103,0.665811965812,-0.00511508951407,-0.0358517369691,-0.00384615384615,216,86,130,0,216,0,86,0,130,37,216,0.162162162162,1.32432432432,11.6756756757,21.6,6,8.1990990496,0.702237650082,0.31006006006,10.329336629,1.76937710775,0.765265265265,3.0868314707,0.528762798222,0.252752752753,0.579945114934,0.437917739848,2,1.32432432432,0.579945114934,2,0.0121701261701,0.00597269624573,7,0.000900900900901,0.621196581197,37,37,37,1,0,0.72972972973,0.243243243243,0.027027027027,37,0.0645645645646,1.33108108108,4.64864864865,8.6,2.86666666667,3.68341791921,0.79236315704,0.404148334381,4.35286657818,1.87274492317,0.795725958517,1.7958912064,0.77265086787,0.42614707731,0.601081357887,0.451573812016,2.25,1.34027777778,0.606961924488,2.25,0.0380479735318,0.00537634408602,1,0.0001287001287,0.163402738663,37,36,36,0.972972972973,0,0.702702702703,0.108108108108,0.162162162162,37,87,0.0653153153153,1.35521235521,4.7027027027,8.7,2.8064516129,3.66564277268,0.779475762008,0.398570984778,4.34751663607,1.84894385672,0.792171481827,1.76723601229,0.751583131662,0.413793103448,0.678986190387,0.501018300029,2.71428571429,1.36507936508,0.685922115141,2.71428571429,0.0380479735318,0.00537634408602,1,0.0001287001287,0.162291627552,37,36,36,0.972972972973,0,0.702702702703,0.135135135135,0.135135135135,-129,-0.0968468468468,0.030888030888,-6.97297297297,-12.9,-3.1935483871,-4.53345627692,0.0772381119258,0.0885109247178,-5.98181999293,0.0795667489739,0.0269062165614,-1.31959545842,0.22282033344,0.161040350696,0.0990410754528,0.0631005601808,0.714285714286,0.040755040755,0.105977000207,0.714285714286,0.0258778473617,-0.000596352159712,-6,-0.000772200772201,-0.458904953644,-0.027027027027,-0.108108108108,0.108108108108,86,1,130,1115,0.398148148148,0.999103942652,0.00089605734767,0.601851851852,0.988505747126,0.398148148148,0.567656765677,0.592626220158,0.3972520908,0.396313364055,1,130,0,0,0,0
1725,WLNM_dir_neg,0.962485207101,0.871799710457,00:00:02,10,40,42,1234218166,threshold_sweep,0.6,0,0,0,0,1,130,259,0,0.996153846154,0.00384615384615,1,0,0,0,0.664102564103,0.665811965812,-0.00511508951407,-0.0358517369691,-0.00384615384615,216,86,130,0,216,0,86,0,130,37,216,0.162162162162,1.32432432432,11.6756756757,21.6,6,8.1990990496,0.702237650082,0.31006006006,10.329336629,1.76937710775,0.765265265265,3.0868314707,0.528762798222,0.252752752753,0.579945114934,0.437917739848,2,1.32432432432,0.579945114934,2,0.0121701261701,0.00597269624573,7,0.000900900900901,0.621196581197,37,37,37,1,0,0.72972972973,0.243243243243,0.027027027027,37,0.0645645645646,1.33108108108,4.64864864865,8.6,2.86666666667,3.68341791921,0.79236315704,0.404148334381,4.35286657818,1.87274492317,0.795725958517,1.7958912064,0.77265086787,0.42614707731,0.601081357887,0.451573812016,2.25,1.34027777778,0.606961924488,2.25,0.0380479735318,0.00537634408602,1,0.0001287001287,0.163402738663,37,36,36,0.972972972973,0,0.702702702703,0.108108108108,0.162162162162,37,87,0.0653153153153,1.35521235521,4.7027027027,8.7,2.8064516129,3.66564277268,0.779475762008,0.398570984778,4.34751663607,1.84894385672,0.792171481827,1.76723601229,0.751583131662,0.413793103448,0.678986190387,0.501018300029,2.71428571429,1.36507936508,0.685922115141,2.71428571429,0.0380479735318,0.00537634408602,1,0.0001287001287,0.162291627552,37,36,36,0.972972972973,0,0.702702702703,0.135135135135,0.135135135135,-129,-0.0968468468468,0.030888030888,-6.97297297297,-12.9,-3.1935483871,-4.53345627692,0.0772381119258,0.0885109247178,-5.98181999293,0.0795667489739,0.0269062165614,-1.31959545842,0.22282033344,0.161040350696,0.0990410754528,0.0631005601808,0.714285714286,0.040755040755,0.105977000207,0.714285714286,0.0258778473617,-0.000596352159712,-6,-0.000772200772201,-0.458904953644,-0.027027027027,-0.108108108108,0.108108108108,86,1,130,1115,0.398148148148,0.999103942652,0.00089605734767,0.601851851852,0.988505747126,0.398148148148,0.567656765677,0.592626220158,0.3972520908,0.396313364055,1,130,0,0,0,0
1726,WLNM_dir_neg,0.962485207101,0.871799710457,00:00:02,10,40,42,1234218166,threshold_sweep,0.7,0,0,0,0,1,130,259,0,0.996153846154,0.00384615384615,1,0,0,0,0.664102564103,0.665811965812,-0.00511508951407,-0.0358517369691,-0.00384615384615,216,86,130,0,216,0,86,0,130,37,216,0.162162162162,1.32432432432,11.6756756757,21.6,6,8.1990990496,0.702237650082,0.31006006006,10.329336629,1.76937710775,0.765265265265,3.0868314707,0.528762798222,0.252752752753,0.579945114934,0.437917739848,2,1.32432432432,0.579945114934,2,0.0121701261701,0.00597269624573,7,0.000900900900901,0.621196581197,37,37,37,1,0,0.72972972973,0.243243243243,0.027027027027,37,0.0645645645646,1.33108108108,4.64864864865,8.6,2.86666666667,3.68341791921,0.79236315704,0.404148334381,4.35286657818,1.87274492317,0.795725958517,1.7958912064,0.77265086787,0.42614707731,0.601081357887,0.451573812016,2.25,1.34027777778,0.606961924488,2.25,0.0380479735318,0.00537634408602,1,0.0001287001287,0.163402738663,37,36,36,0.972972972973,0,0.702702702703,0.108108108108,0.162162162162,37,87,0.0653153153153,1.35521235521,4.7027027027,8.7,2.8064516129,3.66564277268,0.779475762008,0.398570984778,4.34751663607,1.84894385672,0.792171481827,1.76723601229,0.751583131662,0.413793103448,0.678986190387,0.501018300029,2.71428571429,1.36507936508,0.685922115141,2.71428571429,0.0380479735318,0.00537634408602,1,0.0001287001287,0.162291627552,37,36,36,0.972972972973,0,0.702702702703,0.135135135135,0.135135135135,-129,-0.0968468468468,0.030888030888,-6.97297297297,-12.9,-3.1935483871,-4.53345627692,0.0772381119258,0.0885109247178,-5.98181999293,0.0795667489739,0.0269062165614,-1.31959545842,0.22282033344,0.161040350696,0.0990410754528,0.0631005601808,0.714285714286,0.040755040755,0.105977000207,0.714285714286,0.0258778473617,-0.000596352159712,-6,-0.000772200772201,-0.458904953644,-0.027027027027,-0.108108108108,0.108108108108,86,1,130,1115,0.398148148148,0.999103942652,0.00089605734767,0.601851851852,0.988505747126,0.398148148148,0.567656765677,0.592626220158,0.3972520908,0.396313364055,1,130,0,0,0,0
1727,WLNM_dir_neg,0.962485207101,0.871799710457,00:00:02,10,40,42,1234218166,threshold_sweep,0.8,0,0,0,0,1,130,259,0,0.996153846154,0.00384615384615,1,0,0,0,0.664102564103,0.665811965812,-0.00511508951407,-0.0358517369691,-0.00384615384615,216,86,130,0,216,0,86,0,130,37,216,0.162162162162,1.32432432432,11.6756756757,21.6,6,8.1990990496,0.702237650082,0.31006006006,10.329336629,1.76937710775,0.765265265265,3.0868314707,0.528762798222,0.252752752753,0.579945114934,0.437917739848,2,1.32432432432,0.579945114934,2,0.0121701261701,0.00597269624573,7,0.000900900900901,0.621196581197,37,37,37,1,0,0.72972972973,0.243243243243,0.027027027027,37,0.0645645645646,1.33108108108,4.64864864865,8.6,2.86666666667,3.68341791921,0.79236315704,0.404148334381,4.35286657818,1.87274492317,0.795725958517,1.7958912064,0.77265086787,0.42614707731,0.601081357887,0.451573812016,2.25,1.34027777778,0.606961924488,2.25,0.0380479735318,0.00537634408602,1,0.0001287001287,0.163402738663,37,36,36,0.972972972973,0,0.702702702703,0.108108108108,0.162162162162,37,87,0.0653153153153,1.35521235521,4.7027027027,8.7,2.8064516129,3.66564277268,0.779475762008,0.398570984778,4.34751663607,1.84894385672,0.792171481827,1.76723601229,0.751583131662,0.413793103448,0.678986190387,0.501018300029,2.71428571429,1.36507936508,0.685922115141,2.71428571429,0.0380479735318,0.00537634408602,1,0.0001287001287,0.162291627552,37,36,36,0.972972972973,0,0.702702702703,0.135135135135,0.135135135135,-129,-0.0968468468468,0.030888030888,-6.97297297297,-12.9,-3.1935483871,-4.53345627692,0.0772381119258,0.0885109247178,-5.98181999293,0.0795667489739,0.0269062165614,-1.31959545842,0.22282033344,0.161040350696,0.0990410754528,0.0631005601808,0.714285714286,0.040755040755,0.105977000207,0.714285714286,0.0258778473617,-0.000596352159712,-6,-0.000772200772201,-0.458904953644,-0.027027027027,-0.108108108108,0.108108108108,86,1,130,1115,0.398148148148,0.999103942652,0.00089605734767,0.601851851852,0.988505747126,0.398148148148,0.567656765677,0.592626220158,0.3972520908,0.396313364055,1,130,0,0,0,0
1728,WLNM_dir_neg,0.962485207101,0.871799710457,00:00:02,10,40,42,1234218166,threshold_sweep,0.9,0,0,0,0,0,130,260,0,1,0,1,0,0,0,0.666666666667,0.666666666667,0,0,0,216,86,130,0,216,0,86,0,130,37,216,0.162162162162,1.32432432432,11.6756756757,21.6,6,8.1990990496,0.702237650082,0.31006006006,10.329336629,1.76937710775,0.765265265265,3.0868314707,0.528762798222,0.252752752753,0.579945114934,0.437917739848,2,1.32432432432,0.579945114934,2,0.0121701261701,0.00597269624573,7,0.000900900900901,0.621196581197,37,37,37,1,0,0.72972972973,0.243243243243,0.027027027027,37,0.0645645645646,1.33108108108,4.64864864865,8.6,2.86666666667,3.68341791921,0.79236315704,0.404148334381,4.35286657818,1.87274492317,0.795725958517,1.7958912064,0.77265086787,0.42614707731,0.601081357887,0.451573812016,2.25,1.34027777778,0.606961924488,2.25,0.0380479735318,0.00537634408602,1,0.0001287001287,0.163402738663,37,36,36,0.972972972973,0,0.702702702703,0.108108108108,0.162162162162,37,86,0.0645645645646,1.33108108108,4.64864864865,8.6,2.86666666667,3.68341791921,0.79236315704,0.404148334381,4.35286657818,1.87274492317,0.795725958517,1.7958912064,0.77265086787,0.42614707731,0.601081357887,0.451573812016,2.25,1.34027777778,0.606961924488,2.25,0.0380479735318,0.00537634408602,1,0.0001287001287,0.163402738663,37,36,36,0.972972972973,0,0.702702702703,0.108108108108,0.162162162162,-130,-0.0975975975976,0.00675675675676,-7.02702702703,-13,-3.13333333333,-4.51568113039,0.0901255069578,0.0940882743208,-5.97647005082,0.103367815426,0.0304606932514,-1.2909402643,0.243888069647,0.173394324557,0.0211362429521,0.0136560721679,0.25,0.0159534534535,0.0270168095532,0.25,0.0258778473617,-0.000596352159712,-6,-0.000772200772201,-0.457793842533,-0.027027027027,-0.135135135135,0.135135135135,86,0,130,1116,0.398148148148,1,0,0.601851851852,1,0.398148148148,0.569536423841,0.597166485717,0.398148148148,0.398148148148,0,130,0,0,0,0
1729,WLNM_dir_neg,0.994970414201,0.974712103817,00:00:02,10,40,43,1234218167,threshold_sweep,0.1,0.969696969697,0.984615384615,0.977099236641,128,4,2,256,0.984615384615,0.984615384615,0.0153846153846,0.0153846153846,0.969696969697,0.984615384615,0.977099236641,0.984615384615,0.553846153846,0.965517241379,0.965581028731,0.969230769231,216,86,130,0,216,0,86,0,130,37,216,0.162162162162,1.32432432432,11.6756756757,21.6,6,8.1990990496,0.702237650082,0.31006006006,10.329336629,1.76937710775,0.765265265265,3.0868314707,0.528762798222,0.252752752753,0.579945114934,0.437917739848,2,1.32432432432,0.579945114934,2,0.0121701261701,0.00597269624573,7,0.000900900900901,0.621196581197,37,37,37,1,0,0.72972972973,0.243243243243,0.027027027027,37,0.0645645645646,1.32432432432,4.64864864865,8.6,2.86666666667,3.78018383016,0.813179079743,0.396291640478,4.48487615371,1.92953974055,0.805782526713,1.61682222712,0.695609562831,0.385920804525,0.579945114934,0.437917739848,2,1.34285714286,0.591252764842,2,0,0,0,0,0.135416649108,37,35,35,0.945945945946,0,0.675675675676,0.135135135135,0.135135135135,37,218,0.163663663664,1.33519246613,11.7837837838,21.8,5.89189189189,8.29033954249,0.703537988697,0.313910240516,10.5350836726,1.78806466002,0.768658566824,3.02566598531,0.513530465396,0.245722787007,0.597325799153,0.447370558406,2.04780053514,1.33519246613,0.597325799153,2.04780053514,0.0124742136171,0.00516795865633,6,0.000772200772201,0.600617959624,37,37,37,1,0,0.72972972973,0.27027027027,0,2,0.0015015015015,0.010868141808,0.108108108108,0.2,-0.108108108108,0.0912404928829,0.00130033861546,0.00385018045569,0.205747043567,0.0186875522775,0.00339330155844,-0.0611654853952,-0.015232332826,-0.00702996574556,0.0173806842181,0.00945281855709,0.0478005351437,0.010868141808,0.0173806842181,0.0478005351437,0.000304087446945,-0.000804737589403,-1,-0.0001287001287,-0.0205786215721,0,0.027027027027,-0.027027027027,214,4,2,1112,0.990740740741,0.996415770609,0.00358422939068,0.00925925925926,0.981651376147,0.990740740741,0.986175115207,0.983499503828,0.98715651135,0.972727272727,132,130,0,0,0,0
1730,WLNM_dir_neg,0.994970414201,0.974712103817,00:00:02,10,40,43,1234218167,threshold_sweep,0.2,0.969696969697,0.984615384615,0.977099236641,128,4,2,256,0.984615384615,0.984615384615,0.0153846153846,0.0153846153846,0.969696969697,0.984615384615,0.977099236641,0.984615384615,0.553846153846,0.965517241379,0.965581028731,0.969230769231,216,86,130,0,216,0,86,0,130,37,216,0.162162162162,1.32432432432,11.6756756757,21.6,6,8.1990990496,0.702237650082,0.31006006006,10.329336629,1.76937710775,0.765265265265,3.0868314707,0.528762798222,0.252752752753,0.579945114934,0.437917739848,2,1.32432432432,0.579945114934,2,0.0121701261701,0.00597269624573,7,0.000900900900901,0.621196581197,37,37,37,1,0,0.72972972973,0.243243243243,0.027027027027,37,0.0645645645646,1.32432432432,4.64864864865,8.6,2.86666666667,3.78018383016,0.813179079743,0.396291640478,4.48487615371,1.92953974055,0.805782526713,1.61682222712,0.695609562831,0.385920804525,0.579945114934,0.437917739848,2,1.34285714286,0.591252764842,2,0,0,0,0,0.135416649108,37,35,35,0.945945945946,0,0.675675675676,0.135135135135,0.135135135135,37,218,0.163663663664,1.33519246613,11.7837837838,21.8,5.89189189189,8.29033954249,0.703537988697,0.313910240516,10.5350836726,1.78806466002,0.768658566824,3.02566598531,0.513530465396,0.245722787007,0.597325799153,0.447370558406,2.04780053514,1.33519246613,0.597325799153,2.04780053514,0.0124742136171,0.00516795865633,6,0.000772200772201,0.600617959624,37,37,37,1,0,0.72972972973,0.27027027027,0,2,0.0015015015015,0.010868141808,0.108108108108,0.2,-0.108108108108,0.0912404928829,0.00130033861546,0.00385018045569,0.205747043567,0.0186875522775,0.00339330155844,-0.0611654853952,-0.015232332826,-0.00702996574556,0.0173806842181,0.00945281855709,0.0478005351437,0.010868141808,0.0173806842181,0.0478005351437,0.000304087446945,-0.000804737589403,-1,-0.0001287001287,-0.0205786215721,0,0.027027027027,-0.027027027027,214,4,2,1112,0.990740740741,0.996415770609,0.00358422939068,0.00925925925926,0.981651376147,0.990740740741,0.986175115207,0.983499503828,0.98715651135,0.972727272727,132,130,0,0,0,0
1731,WLNM_dir_neg,0.994970414201,0.974712103817,00:00:02,10,40,43,1234218167,threshold_sweep,0.3,1,0.361538461538,0.531073446328,47,0,83,260,0.361538461538,1,0,0.638461538462,1,0.361538461538,0.531073446328,0.787179487179,0.626495726496,0.430205949657,0.523500217893,0.361538461538,216,86,130,0,216,0,86,0,130,37,216,0.162162162162,1.32432432432,11.6756756757,21.6,6,8.1990990496,0.702237650082,0.31006006006,10.329336629,1.76937710775,0.765265265265,3.0868314707,0.528762798222,0.252752752753,0.579945114934,0.437917739848,2,1.32432432432,0.579945114934,2,0.0121701261701,0.00597269624573,7,0.000900900900901,0.621196581197,37,37,37,1,0,0.72972972973,0.243243243243,0.027027027027,37,0.0645645645646,1.32432432432,4.64864864865,8.6,2.86666666667,3.78018383016,0.813179079743,0.396291640478,4.48487615371,1.92953974055,0.805782526713,1.61682222712,0.695609562831,0.385920804525,0.579945114934,0.437917739848,2,1.34285714286,0.591252764842,2,0,0,0,0,0.135416649108,37,35,35,0.945945945946,0,0.675675675676,0.135135135135,0.135135135135,37,133,0.0998498498498,1.32432432432,7.18918918919,13.3,3.69444444444,5.92470270158,0.824112781799,0.373094899411,6.91399329645,1.92344174412,0.801463117253,1.84781341439,0.514053355884,0.285307864255,0.579945114934,0.437917739848,2,1.32432432432,0.579945114934,2,0.0146991505227,0.0103092783505,5,0.000643500643501,0.236900484063,37,37,37,1,0,0.72972972973,0.243243243243,0.027027027027,-83,-0.0623123123123,0,-4.48648648649,-8.3,-2.30555555556,-2.27439634803,0.121875131717,0.0630348393506,-3.41534333255,0.154064636379,0.0361978519873,-1.23901805631,-0.0147094423384,0.0325551115025,0,0,0,0,0,0,0.00252902435255,0.00433658210478,-2,-0.0002574002574,-0.384296097133,0,0,0,133,0,83,1116,0.615740740741,1,0,0.384259259259,1,0.615740740741,0.76217765043,0.757044573298,0.615740740741,0.615740740741,47,130,0,0,0,0
1732,WLNM_dir_neg,0.994970414201,0.974712103817,00:00:02,10,40,43,1234218167,threshold_sweep,0.4,1,0.330769230769,0.49710982659,43,0,87,260,0.330769230769,1,0,0.669230769231,1,0.330769230769,0.49710982659,0.776923076923,0.629914529915,0.397228637413,0.497833924833,0.330769230769,216,86,130,0,216,0,86,0,130,37,216,0.162162162162,1.32432432432,11.6756756757,21.6,6,8.1990990496,0.702237650082,0.31006006006,10.329336629,1.76937710775,0.765265265265,3.0868314707,0.528762798222,0.252752752753,0.579945114934,0.437917739848,2,1.32432432432,0.579945114934,2,0.0121701261701,0.00597269624573,7,0.000900900900901,0.621196581197,37,37,37,1,0,0.72972972973,0.243243243243,0.027027027027,37,0.0645645645646,1.32432432432,4.64864864865,8.6,2.86666666667,3.78018383016,0.813179079743,0.396291640478,4.48487615371,1.92953974055,0.805782526713,1.61682222712,0.695609562831,0.385920804525,0.579945114934,0.437917739848,2,1.34285714286,0.591252764842,2,0,0,0,0,0.135416649108,37,35,35,0.945945945946,0,0.675675675676,0.135135135135,0.135135135135,37,129,0.0968468468468,1.32432432432,6.97297297297,12.9,3.58333333333,5.85228581404,0.839281298913,0.380473496753,6.92267458598,1.98557333086,0.811229834486,1.96668957079,0.564089256739,0.31007751938,0.579945114934,0.437917739848,2,1.32432432432,0.579945114934,2,0.02941643324,0.00216294160058,1,0.0001287001287,0.228011595174,37,37,37,1,0,0.72972972973,0.243243243243,0.027027027027,-87,-0.0653153153153,0,-4.7027027027,-8.7,-2.41666666667,-2.34681323556,0.137043648831,0.0704134366925,-3.40666204302,0.216196223118,0.0459645692204,-1.12014189991,0.0353264585168,0.0573247666271,0,0,0,0,0,0,0.0172463070698,-0.00380975464516,-6,-0.000772200772201,-0.393184986022,0,0,0,129,0,87,1116,0.597222222222,1,0,0.402777777778,1,0.597222222222,0.747826086957,0.744332981734,0.597222222222,0.597222222222,43,130,0,0,0,0
1733,WLNM_dir_neg,0.994970414201,0.974712103817,00:00:02,10,40,43,1234218167,threshold_sweep,0.5,1,0.330769230769,0.49710982659,43,0,87,260,0.330769230769,1,0,0.669230769231,1,0.330769230769,0.49710982659,0.776923076923,0.629914529915,0.397228637413,0.497833924833,0.330769230769,216,86,130,0,216,0,86,0,130,37,216,0.162162162162,1.32432432432,11.6756756757,21.6,6,8.1990990496,0.702237650082,0.31006006006,10.329336629,1.76937710775,0.765265265265,3.0868314707,0.528762798222,0.252752752753,0.579945114934,0.437917739848,2,1.32432432432,0.579945114934,2,0.0121701261701,0.00597269624573,7,0.000900900900901,0.621196581197,37,37,37,1,0,0.72972972973,0.243243243243,0.027027027027,37,0.0645645645646,1.32432432432,4.64864864865,8.6,2.86666666667,3.78018383016,0.813179079743,0.396291640478,4.48487615371,1.92953974055,0.805782526713,1.61682222712,0.695609562831,0.385920804525,0.579945114934,0.437917739848,2,1.34285714286,0.591252764842,2,0,0,0,0,0.135416649108,37,35,35,0.945945945946,0,0.675675675676,0.135135135135,0.135135135135,37,129,0.0968468468468,1.32432432432,6.97297297297,12.9,3.58333333333,5.85228581404,0.839281298913,0.380473496753,6.92267458598,1.98557333086,0.811229834486,1.96668957079,0.564089256739,0.31007751938,0.579945114934,0.437917739848,2,1.32432432432,0.579945114934,2,0.02941643324,0.00216294160058,1,0.0001287001287,0.228011595174,37,37,37,1,0,0.72972972973,0.243243243243,0.027027027027,-87,-0.0653153153153,0,-4.7027027027,-8.7,-2.41666666667,-2.34681323556,0.137043648831,0.0704134366925,-3.40666204302,0.216196223118,0.0459645692204,-1.12014189991,0.0353264585168,0.0573247666271,0,0,0,0,0,0,0.0172463070698,-0.00380975464516,-6,-0.000772200772201,-0.393184986022,0,0,0,129,0,87,1116,0.597222222222,1,0,0.402777777778,1,0.597222222222,0.747826086957,0.744332981734,0.597222222222,0.597222222222,43,130,0,0,0,0
1734,WLNM_dir_neg,0.994970414201,0.974712103817,00:00:02,10,40,43,1234218167,threshold_sweep,0.6,1,0.323076923077,0.488372093023,42,0,88,260,0.323076923077,1,0,0.676923076923,1,0.323076923077,0.488372093023,0.774358974359,0.630769230769,0.388888888889,0.491303684441,0.323076923077,216,86,130,0,216,0,86,0,130,37,216,0.162162162162,1.32432432432,11.6756756757,21.6,6,8.1990990496,0.702237650082,0.31006006006,10.329336629,1.76937710775,0.765265265265,3.0868314707,0.528762798222,0.252752752753,0.579945114934,0.437917739848,2,1.32432432432,0.579945114934,2,0.0121701261701,0.00597269624573,7,0.000900900900901,0.621196581197,37,37,37,1,0,0.72972972973,0.243243243243,0.027027027027,37,0.0645645645646,1.32432432432,4.64864864865,8.6,2.86666666667,3.78018383016,0.813179079743,0.396291640478,4.48487615371,1.92953974055,0.805782526713,1.61682222712,0.695609562831,0.385920804525,0.579945114934,0.437917739848,2,1.34285714286,0.591252764842,2,0,0,0,0,0.135416649108,37,35,35,0.945945945946,0,0.675675675676,0.135135135135,0.135135135135,37,128,0.0960960960961,1.32432432432,6.91891891892,12.8,3.65714285714,5.78973410625,0.836797507543,0.383445945946,6.83371785339,1.97537156699,0.809966216216,2.00824127859,0.580507244592,0.319679054054,0.579945114934,0.437917739848,2,1.33333333333,0.585540043769,2,0.02941643324,0.00220426157237,1,0.0001287001287,0.23115689432,37,36,36,0.972972972973,0,0.702702702703,0.243243243243,0.027027027027,-88,-0.0660660660661,0,-4.75675675676,-8.8,-2.34285714286,-2.40936494336,0.134559857461,0.0733858858859,-3.49561877561,0.205994459249,0.044700950951,-1.07859019211,0.05174444637,0.0669263013013,0,0,0,0.00900900900901,0.00559492883467,0,0.0172463070698,-0.00376843467336,-6,-0.000772200772201,-0.390039686877,-0.027027027027,0,0,128,0,88,1116,0.592592592593,1,0,0.407407407407,1,0.592592592593,0.744186046512,0.741134385376,0.592592592593,0.592592592593,42,130,0,0,0,0
1735,WLNM_dir_neg,0.994970414201,0.974712103817,00:00:02,10,40,43,1234218167,threshold_sweep,0.7,1,0.323076923077,0.488372093023,42,0,88,260,0.323076923077,1,0,0.676923076923,1,0.323076923077,0.488372093023,0.774358974359,0.630769230769,0.388888888889,0.491303684441,0.323076923077,216,86,130,0,216,0,86,0,130,37,216,0.162162162162,1.32432432432,11.6756756757,21.6,6,8.1990990496,0.702237650082,0.31006006006,10.329336629,1.76937710775,0.765265265265,3.0868314707,0.528762798222,0.252752752753,0.579945114934,0.437917739848,2,1.32432432432,0.579945114934,2,0.0121701261701,0.00597269624573,7,0.000900900900901,0.621196581197,37,37,37,1,0,0.72972972973,0.243243243243,0.027027027027,37,0.0645645645646,1.32432432432,4.64864864865,8.6,2.86666666667,3.78018383016,0.813179079743,0.396291640478,4.48487615371,1.92953974055,0.805782526713,1.61682222712,0.695609562831,0.385920804525,0.579945114934,0.437917739848,2,1.34285714286,0.591252764842,2,0,0,0,0,0.135416649108,37,35,35,0.945945945946,0,0.675675675676,0.135135135135,0.135135135135,37,128,0.0960960960961,1.32432432432,6.91891891892,12.8,3.65714285714,5.78973410625,0.836797507543,0.383445945946,6.83371785339,1.97537156699,0.809966216216,2.00824127859,0.580507244592,0.319679054054,0.579945114934,0.437917739848,2,1.33333333333,0.585540043769,2,0.02941643324,0.00220426157237,1,0.0001287001287,0.23115689432,37,36,36,0.972972972973,0,0.702702702703,0.243243243243,0.027027027027,-88,-0.0660660660661,0,-4.75675675676,-8.8,-2.34285714286,-2.40936494336,0.134559857461,0.0733858858859,-3.49561877561,0.205994459249,0.044700950951,-1.07859019211,0.05174444637,0.0669263013013,0,0,0,0.00900900900901,0.00559492883467,0,0.0172463070698,-0.00376843467336,-6,-0.000772200772201,-0.390039686877,-0.027027027027,0,0,128,0,88,1116,0.592592592593,1,0,0.407407407407,1,0.592592592593,0.744186046512,0.741134385376,0.592592592593,0.592592592593,42,130,0,0,0,0
1736,WLNM_dir_neg,0.994970414201,0.974712103817,00:00:02,10,40,43,1234218167,threshold_sweep,0.8,1,0.323076923077,0.488372093023,42,0,88,260,0.323076923077,1,0,0.676923076923,1,0.323076923077,0.488372093023,0.774358974359,0.630769230769,0.388888888889,0.491303684441,0.323076923077,216,86,130,0,216,0,86,0,130,37,216,0.162162162162,1.32432432432,11.6756756757,21.6,6,8.1990990496,0.702237650082,0.31006006006,10.329336629,1.76937710775,0.765265265265,3.0868314707,0.528762798222,0.252752752753,0.579945114934,0.437917739848,2,1.32432432432,0.579945114934,2,0.0121701261701,0.00597269624573,7,0.000900900900901,0.621196581197,37,37,37,1,0,0.72972972973,0.243243243243,0.027027027027,37,0.0645645645646,1.32432432432,4.64864864865,8.6,2.86666666667,3.78018383016,0.813179079743,0.396291640478,4.48487615371,1.92953974055,0.805782526713,1.61682222712,0.695609562831,0.385920804525,0.579945114934,0.437917739848,2,1.34285714286,0.591252764842,2,0,0,0,0,0.135416649108,37,35,35,0.945945945946,0,0.675675675676,0.135135135135,0.135135135135,37,128,0.0960960960961,1.32432432432,6.91891891892,12.8,3.65714285714,5.78973410625,0.836797507543,0.383445945946,6.83371785339,1.97537156699,0.809966216216,2.00824127859,0.580507244592,0.319679054054,0.579945114934,0.437917739848,2,1.33333333333,0.585540043769,2,0.02941643324,0.00220426157237,1,0.0001287001287,0.23115689432,37,36,36,0.972972972973,0,0.702702702703,0.243243243243,0.027027027027,-88,-0.0660660660661,0,-4.75675675676,-8.8,-2.34285714286,-2.40936494336,0.134559857461,0.0733858858859,-3.49561877561,0.205994459249,0.044700950951,-1.07859019211,0.05174444637,0.0669263013013,0,0,0,0.00900900900901,0.00559492883467,0,0.0172463070698,-0.00376843467336,-6,-0.000772200772201,-0.390039686877,-0.027027027027,0,0,128,0,88,1116,0.592592592593,1,0,0.407407407407,1,0.592592592593,0.744186046512,0.741134385376,0.592592592593,0.592592592593,42,130,0,0,0,0
1737,WLNM_dir_neg,0.994970414201,0.974712103817,00:00:02,10,40,43,1234218167,threshold_sweep,0.9,1,0.323076923077,0.488372093023,42,0,88,260,0.323076923077,1,0,0.676923076923,1,0.323076923077,0.488372093023,0.774358974359,0.630769230769,0.388888888889,0.491303684441,0.323076923077,216,86,130,0,216,0,86,0,130,37,216,0.162162162162,1.32432432432,11.6756756757,21.6,6,8.1990990496,0.702237650082,0.31006006006,10.329336629,1.76937710775,0.765265265265,3.0868314707,0.528762798222,0.252752752753,0.579945114934,0.437917739848,2,1.32432432432,0.579945114934,2,0.0121701261701,0.00597269624573,7,0.000900900900901,0.621196581197,37,37,37,1,0,0.72972972973,0.243243243243,0.027027027027,37,0.0645645645646,1.32432432432,4.64864864865,8.6,2.86666666667,3.78018383016,0.813179079743,0.396291640478,4.48487615371,1.92953974055,0.805782526713,1.61682222712,0.695609562831,0.385920804525,0.579945114934,0.437917739848,2,1.34285714286,0.591252764842,2,0,0,0,0,0.135416649108,37,35,35,0.945945945946,0,0.675675675676,0.135135135135,0.135135135135,37,128,0.0960960960961,1.32432432432,6.91891891892,12.8,3.65714285714,5.78973410625,0.836797507543,0.383445945946,6.83371785339,1.97537156699,0.809966216216,2.00824127859,0.580507244592,0.319679054054,0.579945114934,0.437917739848,2,1.33333333333,0.585540043769,2,0.02941643324,0.00220426157237,1,0.0001287001287,0.23115689432,37,36,36,0.972972972973,0,0.702702702703,0.243243243243,0.027027027027,-88,-0.0660660660661,0,-4.75675675676,-8.8,-2.34285714286,-2.40936494336,0.134559857461,0.0733858858859,-3.49561877561,0.205994459249,0.044700950951,-1.07859019211,0.05174444637,0.0669263013013,0,0,0,0.00900900900901,0.00559492883467,0,0.0172463070698,-0.00376843467336,-6,-0.000772200772201,-0.390039686877,-0.027027027027,0,0,128,0,88,1116,0.592592592593,1,0,0.407407407407,1,0.592592592593,0.744186046512,0.741134385376,0.592592592593,0.592592592593,42,130,0,0,0,0
1738,WLNM_dir_neg,0.988402366864,0.954137980221,00:00:02,10,40,44,1234218168,threshold_sweep,0.1,0.938775510204,0.353846153846,0.513966480447,46,3,84,257,0.353846153846,0.988461538462,0.0115384615385,0.646153846154,0.938775510204,0.353846153846,0.513966480447,0.776923076923,0.624786324786,0.405466970387,0.48685516225,0.342307692308,216,86,130,0,216,0,86,0,130,37,216,0.162162162162,1.32432432432,11.6756756757,21.6,6,8.1990990496,0.702237650082,0.31006006006,10.329336629,1.76937710775,0.765265265265,3.0868314707,0.528762798222,0.252752752753,0.579945114934,0.437917739848,2,1.32432432432,0.579945114934,2,0.0121701261701,0.00597269624573,7,0.000900900900901,0.621196581197,37,37,37,1,0,0.72972972973,0.243243243243,0.027027027027,37,0.0645645645646,1.32432432432,4.64864864865,8.6,3.07142857143,3.79485189446,0.816334419157,0.414833438089,4.42250591391,1.90270603273,0.800754242615,1.84170895961,0.79236315704,0.43746071653,0.579945114934,0.437917739848,2,1.34285714286,0.591252764842,2,0,0,0,0,0.16694626409,37,35,35,0.945945945946,0,0.675675675676,0.0810810810811,0.189189189189,37,135,0.101351351351,1.50981606607,7.2972972973,10.3846153846,3.85714285714,6.12311134085,0.839093035598,0.373973973974,6.8281127058,1.87140866752,0.789189189189,2.05772550021,0.56396921117,0.313113113113,0.768859009562,0.509240182855,2.24513888889,1.50981606607,0.768859009562,2.24513888889,0.0448093705996,0.0080375083724,4,0.000514800514801,0.201562489368,37,37,37,1,0,0.648648648649,0.297297297297,0.0540540540541,-81,-0.0608108108108,0.185491741742,-4.37837837838,-11.2153846154,-2.14285714286,-2.07598770875,0.136855385517,0.0639139139139,-3.5012239232,0.102031559771,0.0239239239239,-1.02910597049,0.0352064129475,0.0603603603604,0.188913894627,0.071322443007,0.245138888889,0.185491741742,0.188913894627,0.245138888889,0.0326392444295,0.00206481212667,-3,-0.0003861003861,-0.419634091828,-0.0810810810811,0.0540540540541,0.027027027027,132,3,84,1113,0.611111111111,0.997311827957,0.00268817204301,0.388888888889,0.977777777778,0.611111111111,0.752136752137,0.7431057009,0.608422939068,0.602739726027,49,130,0,0,0,0
1739,WLNM_dir_neg,0.988402366864,0.954137980221,00:00:02,10,40,44,1234218168,threshold_sweep,0.2,0.938775510204,0.353846153846,0.513966480447,46,3,84,257,0.353846153846,0.988461538462,0.0115384615385,0.646153846154,0.938775510204,0.353846153846,0.513966480447,0.776923076923,0.624786324786,0.405466970387,0.48685516225,0.342307692308,216,86,130,0,216,0,86,0,130,37,216,0.162162162162,1.32432432432,11.6756756757,21.6,6,8.1990990496,0.702237650082,0.31006006006,10.329336629,1.76937710775,0.765265265265,3.0868314707,0.528762798222,0.252752752753,0.579945114934,0.437917739848,2,1.32432432432,0.579945114934,2,0.0121701261701,0.00597269624573,7,0.000900900900901,0.621196581197,37,37,37,1,0,0.72972972973,0.243243243243,0.027027027027,37,0.0645645645646,1.32432432432,4.64864864865,8.6,3.07142857143,3.79485189446,0.816334419157,0.414833438089,4.42250591391,1.90270603273,0.800754242615,1.84170895961,0.79236315704,0.43746071653,0.579945114934,0.437917739848,2,1.34285714286,0.591252764842,2,0,0,0,0,0.16694626409,37,35,35,0.945945945946,0,0.675675675676,0.0810810810811,0.189189189189,37,135,0.101351351351,1.50981606607,7.2972972973,10.3846153846,3.85714285714,6.12311134085,0.839093035598,0.373973973974,6.8281127058,1.87140866752,0.789189189189,2.05772550021,0.56396921117,0.313113113113,0.768859009562,0.509240182855,2.24513888889,1.50981606607,0.768859009562,2.24513888889,0.0448093705996,0.0080375083724,4,0.000514800514801,0.201562489368,37,37,37,1,0,0.648648648649,0.297297297297,0.0540540540541,-81,-0.0608108108108,0.185491741742,-4.37837837838,-11.2153846154,-2.14285714286,-2.07598770875,0.136855385517,0.0639139139139,-3.5012239232,0.102031559771,0.0239239239239,-1.02910597049,0.0352064129475,0.0603603603604,0.188913894627,0.071322443007,0.245138888889,0.185491741742,0.188913894627,0.245138888889,0.0326392444295,0.00206481212667,-3,-0.0003861003861,-0.419634091828,-0.0810810810811,0.0540540540541,0.027027027027,132,3,84,1113,0.611111111111,0.997311827957,0.00268817204301,0.388888888889,0.977777777778,0.611111111111,0.752136752137,0.7431057009,0.608422939068,0.602739726027,49,130,0,0,0,0
1740,WLNM_dir_neg,0.988402366864,0.954137980221,00:00:02,10,40,44,1234218168,threshold_sweep,0.3,1,0.353846153846,0.522727272727,46,0,84,260,0.353846153846,1,0,0.646153846154,1,0.353846153846,0.522727272727,0.784615384615,0.62735042735,0.422018348624,0.517147812975,0.353846153846,216,86,130,0,216,0,86,0,130,37,216,0.162162162162,1.32432432432,11.6756756757,21.6,6,8.1990990496,0.702237650082,0.31006006006,10.329336629,1.76937710775,0.765265265265,3.0868314707,0.528762798222,0.252752752753,0.579945114934,0.437917739848,2,1.32432432432,0.579945114934,2,0.0121701261701,0.00597269624573,7,0.000900900900901,0.621196581197,37,37,37,1,0,0.72972972973,0.243243243243,0.027027027027,37,0.0645645645646,1.32432432432,4.64864864865,8.6,3.07142857143,3.79485189446,0.816334419157,0.414833438089,4.42250591391,1.90270603273,0.800754242615,1.84170895961,0.79236315704,0.43746071653,0.579945114934,0.437917739848,2,1.34285714286,0.591252764842,2,0,0,0,0,0.16694626409,37,35,35,0.945945945946,0,0.675675675676,0.0810810810811,0.189189189189,37,132,0.0990990990991,1.32432432432,7.13513513514,13.2,3.77142857143,5.90274024012,0.827277988199,0.38144963145,6.8659406596,1.92454397277,0.798525798526,2.06209899187,0.578012596205,0.321867321867,0.579945114934,0.437917739848,2,1.33333333333,0.585540043769,2,0.0168239432525,0.0062630480167,3,0.0003861003861,0.253819426016,37,36,36,0.972972972973,0,0.702702702703,0.243243243243,0.027027027027,-84,-0.0630630630631,0,-4.54054054054,-8.4,-2.22857142857,-2.29635880948,0.125040338117,0.0713895713896,-3.4633959694,0.155166865021,0.0332605332605,-1.02473247884,0.0492497979823,0.0691145691146,0,0,0,0.00900900900901,0.00559492883467,0,0.00465381708239,0.000290351770968,-4,-0.000514800514801,-0.367377155181,-0.027027027027,0,0,132,0,84,1116,0.611111111111,1,0,0.388888888889,1,0.611111111111,0.758620689655,0.753878858527,0.611111111111,0.611111111111,46,130,0,0,0,0
1741,WLNM_dir_neg,0.988402366864,0.954137980221,00:00:02,10,40,44,1234218168,threshold_sweep,0.4,1,0.353846153846,0.522727272727,46,0,84,260,0.353846153846,1,0,0.646153846154,1,0.353846153846,0.522727272727,0.784615384615,0.62735042735,0.422018348624,0.517147812975,0.353846153846,216,86,130,0,216,0,86,0,130,37,216,0.162162162162,1.32432432432,11.6756756757,21.6,6,8.1990990496,0.702237650082,0.31006006006,10.329336629,1.76937710775,0.765265265265,3.0868314707,0.528762798222,0.252752752753,0.579945114934,0.437917739848,2,1.32432432432,0.579945114934,2,0.0121701261701,0.00597269624573,7,0.000900900900901,0.621196581197,37,37,37,1,0,0.72972972973,0.243243243243,0.027027027027,37,0.0645645645646,1.32432432432,4.64864864865,8.6,3.07142857143,3.79485189446,0.816334419157,0.414833438089,4.42250591391,1.90270603273,0.800754242615,1.84170895961,0.79236315704,0.43746071653,0.579945114934,0.437917739848,2,1.34285714286,0.591252764842,2,0,0,0,0,0.16694626409,37,35,35,0.945945945946,0,0.675675675676,0.0810810810811,0.189189189189,37,132,0.0990990990991,1.32432432432,7.13513513514,13.2,3.77142857143,5.90274024012,0.827277988199,0.38144963145,6.8659406596,1.92454397277,0.798525798526,2.06209899187,0.578012596205,0.321867321867,0.579945114934,0.437917739848,2,1.33333333333,0.585540043769,2,0.0168239432525,0.0062630480167,3,0.0003861003861,0.253819426016,37,36,36,0.972972972973,0,0.702702702703,0.243243243243,0.027027027027,-84,-0.0630630630631,0,-4.54054054054,-8.4,-2.22857142857,-2.29635880948,0.125040338117,0.0713895713896,-3.4633959694,0.155166865021,0.0332605332605,-1.02473247884,0.0492497979823,0.0691145691146,0,0,0,0.00900900900901,0.00559492883467,0,0.00465381708239,0.000290351770968,-4,-0.000514800514801,-0.367377155181,-0.027027027027,0,0,132,0,84,1116,0.611111111111,1,0,0.388888888889,1,0.611111111111,0.758620689655,0.753878858527,0.611111111111,0.611111111111,46,130,0,0,0,0
1742,WLNM_dir_neg,0.988402366864,0.954137980221,00:00:02,10,40,44,1234218168,threshold_sweep,0.5,1,0.353846153846,0.522727272727,46,0,84,260,0.353846153846,1,0,0.646153846154,1,0.353846153846,0.522727272727,0.784615384615,0.62735042735,0.422018348624,0.517147812975,0.353846153846,216,86,130,0,216,0,86,0,130,37,216,0.162162162162,1.32432432432,11.6756756757,21.6,6,8.1990990496,0.702237650082,0.31006006006,10.329336629,1.76937710775,0.765265265265,3.0868314707,0.528762798222,0.252752752753,0.579945114934,0.437917739848,2,1.32432432432,0.579945114934,2,0.0121701261701,0.00597269624573,7,0.000900900900901,0.621196581197,37,37,37,1,0,0.72972972973,0.243243243243,0.027027027027,37,0.0645645645646,1.32432432432,4.64864864865,8.6,3.07142857143,3.79485189446,0.816334419157,0.414833438089,4.42250591391,1.90270603273,0.800754242615,1.84170895961,0.79236315704,0.43746071653,0.579945114934,0.437917739848,2,1.34285714286,0.591252764842,2,0,0,0,0,0.16694626409,37,35,35,0.945945945946,0,0.675675675676,0.0810810810811,0.189189189189,37,132,0.0990990990991,1.32432432432,7.13513513514,13.2,3.77142857143,5.90274024012,0.827277988199,0.38144963145,6.8659406596,1.92454397277,0.798525798526,2.06209899187,0.578012596205,0.321867321867,0.579945114934,0.437917739848,2,1.33333333333,0.585540043769,2,0.0168239432525,0.0062630480167,3,0.0003861003861,0.253819426016,37,36,36,0.972972972973,0,0.702702702703,0.243243243243,0.027027027027,-84,-0.0630630630631,0,-4.54054054054,-8.4,-2.22857142857,-2.29635880948,0.125040338117,0.0713895713896,-3.4633959694,0.155166865021,0.0332605332605,-1.02473247884,0.0492497979823,0.0691145691146,0,0,0,0.00900900900901,0.00559492883467,0,0.00465381708239,0.000290351770968,-4,-0.000514800514801,-0.367377155181,-0.027027027027,0,0,132,0,84,1116,0.611111111111,1,0,0.388888888889,1,0.611111111111,0.758620689655,0.753878858527,0.611111111111,0.611111111111,46,130,0,0,0,0
1743,WLNM_dir_neg,0.988402366864,0.954137980221,00:00:02,10,40,44,1234218168,threshold_sweep,0.6,1,0.353846153846,0.522727272727,46,0,84,260,0.353846153846,1,0,0.646153846154,1,0.353846153846,0.522727272727,0.784615384615,0.62735042735,0.422018348624,0.517147812975,0.353846153846,216,86,130,0,216,0,86,0,130,37,216,0.162162162162,1.32432432432,11.6756756757,21.6,6,8.1990990496,0.702237650082,0.31006006006,10.329336629,1.76937710775,0.765265265265,3.0868314707,0.528762798222,0.252752752753,0.579945114934,0.437917739848,2,1.32432432432,0.579945114934,2,0.0121701261701,0.00597269624573,7,0.000900900900901,0.621196581197,37,37,37,1,0,0.72972972973,0.243243243243,0.027027027027,37,0.0645645645646,1.32432432432,4.64864864865,8.6,3.07142857143,3.79485189446,0.816334419157,0.414833438089,4.42250591391,1.90270603273,0.800754242615,1.84170895961,0.79236315704,0.43746071653,0.579945114934,0.437917739848,2,1.34285714286,0.591252764842,2,0,0,0,0,0.16694626409,37,35,35,0.945945945946,0,0.675675675676,0.0810810810811,0.189189189189,37,132,0.0990990990991,1.32432432432,7.13513513514,13.2,3.77142857143,5.90274024012,0.827277988199,0.38144963145,6.8659406596,1.92454397277,0.798525798526,2.06209899187,0.578012596205,0.321867321867,0.579945114934,0.437917739848,2,1.33333333333,0.585540043769,2,0.0168239432525,0.0062630480167,3,0.0003861003861,0.253819426016,37,36,36,0.972972972973,0,0.702702702703,0.243243243243,0.027027027027,-84,-0.0630630630631,0,-4.54054054054,-8.4,-2.22857142857,-2.29635880948,0.125040338117,0.0713895713896,-3.4633959694,0.155166865021,0.0332605332605,-1.02473247884,0.0492497979823,0.0691145691146,0,0,0,0.00900900900901,0.00559492883467,0,0.00465381708239,0.000290351770968,-4,-0.000514800514801,-0.367377155181,-0.027027027027,0,0,132,0,84,1116,0.611111111111,1,0,0.388888888889,1,0.611111111111,0.758620689655,0.753878858527,0.611111111111,0.611111111111,46,130,0,0,0,0
1744,WLNM_dir_neg,0.988402366864,0.954137980221,00:00:02,10,40,44,1234218168,threshold_sweep,0.7,1,0.353846153846,0.522727272727,46,0,84,260,0.353846153846,1,0,0.646153846154,1,0.353846153846,0.522727272727,0.784615384615,0.62735042735,0.422018348624,0.517147812975,0.353846153846,216,86,130,0,216,0,86,0,130,37,216,0.162162162162,1.32432432432,11.6756756757,21.6,6,8.1990990496,0.702237650082,0.31006006006,10.329336629,1.76937710775,0.765265265265,3.0868314707,0.528762798222,0.252752752753,0.579945114934,0.437917739848,2,1.32432432432,0.579945114934,2,0.0121701261701,0.00597269624573,7,0.000900900900901,0.621196581197,37,37,37,1,0,0.72972972973,0.243243243243,0.027027027027,37,0.0645645645646,1.32432432432,4.64864864865,8.6,3.07142857143,3.79485189446,0.816334419157,0.414833438089,4.42250591391,1.90270603273,0.800754242615,1.84170895961,0.79236315704,0.43746071653,0.579945114934,0.437917739848,2,1.34285714286,0.591252764842,2,0,0,0,0,0.16694626409,37,35,35,0.945945945946,0,0.675675675676,0.0810810810811,0.189189189189,37,132,0.0990990990991,1.32432432432,7.13513513514,13.2,3.77142857143,5.90274024012,0.827277988199,0.38144963145,6.8659406596,1.92454397277,0.798525798526,2.06209899187,0.578012596205,0.321867321867,0.579945114934,0.437917739848,2,1.33333333333,0.585540043769,2,0.0168239432525,0.0062630480167,3,0.0003861003861,0.253819426016,37,36,36,0.972972972973,0,0.702702702703,0.243243243243,0.027027027027,-84,-0.0630630630631,0,-4.54054054054,-8.4,-2.22857142857,-2.29635880948,0.125040338117,0.0713895713896,-3.4633959694,0.155166865021,0.0332605332605,-1.02473247884,0.0492497979823,0.0691145691146,0,0,0,0.00900900900901,0.00559492883467,0,0.00465381708239,0.000290351770968,-4,-0.000514800514801,-0.367377155181,-0.027027027027,0,0,132,0,84,1116,0.611111111111,1,0,0.388888888889,1,0.611111111111,0.758620689655,0.753878858527,0.611111111111,0.611111111111,46,130,0,0,0,0
1745,WLNM_dir_neg,0.988402366864,0.954137980221,00:00:02,10,40,44,1234218168,threshold_sweep,0.8,1,0.307692307692,0.470588235294,40,0,90,260,0.307692307692,1,0,0.692307692308,1,0.307692307692,0.470588235294,0.769230769231,0.632478632479,0.372093023256,0.478091443734,0.307692307692,216,86,130,0,216,0,86,0,130,37,216,0.162162162162,1.32432432432,11.6756756757,21.6,6,8.1990990496,0.702237650082,0.31006006006,10.329336629,1.76937710775,0.765265265265,3.0868314707,0.528762798222,0.252752752753,0.579945114934,0.437917739848,2,1.32432432432,0.579945114934,2,0.0121701261701,0.00597269624573,7,0.000900900900901,0.621196581197,37,37,37,1,0,0.72972972973,0.243243243243,0.027027027027,37,0.0645645645646,1.32432432432,4.64864864865,8.6,3.07142857143,3.79485189446,0.816334419157,0.414833438089,4.42250591391,1.90270603273,0.800754242615,1.84170895961,0.79236315704,0.43746071653,0.579945114934,0.437917739848,2,1.34285714286,0.591252764842,2,0,0,0,0,0.16694626409,37,35,35,0.945945945946,0,0.675675675676,0.0810810810811,0.189189189189,37,126,0.0945945945946,1.33108108108,6.81081081081,12.6,4.34482758621,5.76309059561,0.846168063641,0.380737880738,6.78011577851,1.9909863794,0.810381810382,2.29079631302,0.672694155411,0.371943371943,0.601081357887,0.451573812016,2.25,1.35,0.61297250682,2.25,0.0292048956335,0.00676691729323,3,0.0003861003861,0.263819426016,37,35,35,0.945945945946,0,0.675675675676,0.108108108108,0.162162162162,-90,-0.0675675675676,0.00675675675676,-4.86486486486,-9,-1.65517241379,-2.43600845399,0.143930413559,0.0706778206778,-3.54922085049,0.221609271658,0.0451165451165,-0.796035157684,0.143931357188,0.119190619191,0.0211362429521,0.0136560721679,0.25,0.0256756756757,0.0330273918859,0.25,0.0170347694633,0.000794221047499,-4,-0.000514800514801,-0.357377155181,-0.0540540540541,-0.135135135135,0.135135135135,126,0,90,1116,0.583333333333,1,0,0.416666666667,1,0.583333333333,0.736842105263,0.734711504623,0.583333333333,0.583333333333,40,130,0,0,0,0
1746,WLNM_dir_neg,0.988402366864,0.954137980221,00:00:02,10,40,44,1234218168,threshold_sweep,0.9,1,0.292307692308,0.452380952381,38,0,92,260,0.292307692308,1,0,0.707692307692,1,0.292307692308,0.452380952381,0.764102564103,0.634188034188,0.355140186916,0.464660188642,0.292307692308,216,86,130,0,216,0,86,0,130,37,216,0.162162162162,1.32432432432,11.6756756757,21.6,6,8.1990990496,0.702237650082,0.31006006006,10.329336629,1.76937710775,0.765265265265,3.0868314707,0.528762798222,0.252752752753,0.579945114934,0.437917739848,2,1.32432432432,0.579945114934,2,0.0121701261701,0.00597269624573,7,0.000900900900901,0.621196581197,37,37,37,1,0,0.72972972973,0.243243243243,0.027027027027,37,0.0645645645646,1.32432432432,4.64864864865,8.6,3.07142857143,3.79485189446,0.816334419157,0.414833438089,4.42250591391,1.90270603273,0.800754242615,1.84170895961,0.79236315704,0.43746071653,0.579945114934,0.437917739848,2,1.34285714286,0.591252764842,2,0,0,0,0,0.16694626409,37,35,35,0.945945945946,0,0.675675675676,0.0810810810811,0.189189189189,37,124,0.0930930930931,1.33108108108,6.7027027027,12.4,4.27586206897,5.67090461559,0.846062382165,0.386006974717,6.79140067461,2.02646633033,0.815605928509,2.33590591772,0.697004185127,0.385353095031,0.601081357887,0.451573812016,2.25,1.35,0.61297250682,2.25,0.0335714285714,0.00233281493002,1,0.0001287001287,0.252708314905,37,35,35,0.945945945946,0,0.675675675676,0.108108108108,0.162162162162,-92,-0.0690690690691,0.00675675675676,-4.97297297297,-9.2,-1.72413793103,-2.52819443401,0.143824732083,0.0759469146566,-3.53793595439,0.257089222583,0.0503406632439,-0.75092555298,0.168241386905,0.132600342278,0.0211362429521,0.0136560721679,0.25,0.0256756756757,0.0330273918859,0.25,0.0214013024013,-0.00363988131572,-6,-0.000772200772201,-0.368488266292,-0.0540540540541,-0.135135135135,0.135135135135,124,0,92,1116,0.574074074074,1,0,0.425925925926,1,0.574074074074,0.729411764706,0.728253527889,0.574074074074,0.574074074074,38,130,0,0,0,0
1747,WLNM_dir_neg,0.987159763314,0.830370430944,00:00:02,10,40,45,1234218169,threshold_sweep,0.1,0.942307692308,0.376923076923,0.538461538462,49,3,81,257,0.376923076923,0.988461538462,0.0115384615385,0.623076923077,0.942307692308,0.376923076923,0.538461538462,0.784615384615,0.622222222222,0.429864253394,0.506697294629,0.365384615385,216,86,130,0,216,0,86,0,130,37,216,0.162162162162,1.32432432432,11.6756756757,21.6,6,8.1990990496,0.702237650082,0.31006006006,10.329336629,1.76937710775,0.765265265265,3.0868314707,0.528762798222,0.252752752753,0.579945114934,0.437917739848,2,1.32432432432,0.579945114934,2,0.0121701261701,0.00597269624573,7,0.000900900900901,0.621196581197,37,37,37,1,0,0.72972972973,0.243243243243,0.027027027027,37,0.0645645645646,1.33108108108,4.64864864865,8.6,2.6875,3.80946348086,0.819477609255,0.414519170333,4.42878246408,1.90540640896,0.802639849151,1.78035661306,0.765967380038,0.419861722187,0.601081357887,0.451573812016,2.25,1.34027777778,0.606961924488,2.25,0,0,0,0,0.159346149589,37,36,36,0.972972972973,0,0.702702702703,0.162162162162,0.108108108108,37,138,0.103603603604,1.33423423423,7.45945945946,13.8,3.83333333333,6.14000811886,0.823117030427,0.391108499804,6.90671432033,1.85180021632,0.787309048179,1.80506461332,0.483966599223,0.27027027027,0.595853676756,0.446588508575,2.04166666667,1.33423423423,0.595853676756,2.04166666667,0.0814121403029,0.0630573248408,33,0.0042471042471,0.253706301782,37,37,37,1,0,0.72972972973,0.243243243243,0.027027027027,-78,-0.0585585585586,0.00990990990991,-4.21621621622,-7.8,-2.16666666667,-2.05909093074,0.120879380345,0.0810484397441,-3.42262230867,0.082423108576,0.0220437829133,-1.28176685738,-0.0447961989991,0.0175175175175,0.0159085618219,0.00867076872654,0.0416666666667,0.00990990990991,0.0159085618219,0.0416666666667,0.0692420141328,0.057084628595,26,0.0033462033462,-0.367490279414,0,0,0,135,3,81,1113,0.625,0.997311827957,0.00268817204301,0.375,0.978260869565,0.625,0.762711864407,0.752705902661,0.622311827957,0.616438356164,52,130,0,0,0,0
1748,WLNM_dir_neg,0.987159763314,0.830370430944,00:00:02,10,40,45,1234218169,threshold_sweep,0.2,0.942307692308,0.376923076923,0.538461538462,49,3,81,257,0.376923076923,0.988461538462,0.0115384615385,0.623076923077,0.942307692308,0.376923076923,0.538461538462,0.784615384615,0.622222222222,0.429864253394,0.506697294629,0.365384615385,216,86,130,0,216,0,86,0,130,37,216,0.162162162162,1.32432432432,11.6756756757,21.6,6,8.1990990496,0.702237650082,0.31006006006,10.329336629,1.76937710775,0.765265265265,3.0868314707,0.528762798222,0.252752752753,0.579945114934,0.437917739848,2,1.32432432432,0.579945114934,2,0.0121701261701,0.00597269624573,7,0.000900900900901,0.621196581197,37,37,37,1,0,0.72972972973,0.243243243243,0.027027027027,37,0.0645645645646,1.33108108108,4.64864864865,8.6,2.6875,3.80946348086,0.819477609255,0.414519170333,4.42878246408,1.90540640896,0.802639849151,1.78035661306,0.765967380038,0.419861722187,0.601081357887,0.451573812016,2.25,1.34027777778,0.606961924488,2.25,0,0,0,0,0.159346149589,37,36,36,0.972972972973,0,0.702702702703,0.162162162162,0.108108108108,37,138,0.103603603604,1.33423423423,7.45945945946,13.8,3.83333333333,6.14000811886,0.823117030427,0.391108499804,6.90671432033,1.85180021632,0.787309048179,1.80506461332,0.483966599223,0.27027027027,0.595853676756,0.446588508575,2.04166666667,1.33423423423,0.595853676756,2.04166666667,0.0814121403029,0.0630573248408,33,0.0042471042471,0.253706301782,37,37,37,1,0,0.72972972973,0.243243243243,0.027027027027,-78,-0.0585585585586,0.00990990990991,-4.21621621622,-7.8,-2.16666666667,-2.05909093074,0.120879380345,0.0810484397441,-3.42262230867,0.082423108576,0.0220437829133,-1.28176685738,-0.0447961989991,0.0175175175175,0.0159085618219,0.00867076872654,0.0416666666667,0.00990990990991,0.0159085618219,0.0416666666667,0.0692420141328,0.057084628595,26,0.0033462033462,-0.367490279414,0,0,0,135,3,81,1113,0.625,0.997311827957,0.00268817204301,0.375,0.978260869565,0.625,0.762711864407,0.752705902661,0.622311827957,0.616438356164,52,130,0,0,0,0
1749,WLNM_dir_neg,0.987159763314,0.830370430944,00:00:02,10,40,45,1234218169,threshold_sweep,0.3,0.942307692308,0.376923076923,0.538461538462,49,3,81,257,0.376923076923,0.988461538462,0.0115384615385,0.623076923077,0.942307692308,0.376923076923,0.538461538462,0.784615384615,0.622222222222,0.429864253394,0.506697294629,0.365384615385,216,86,130,0,216,0,86,0,130,37,216,0.162162162162,1.32432432432,11.6756756757,21.6,6,8.1990990496,0.702237650082,0.31006006006,10.329336629,1.76937710775,0.765265265265,3.0868314707,0.528762798222,0.252752752753,0.579945114934,0.437917739848,2,1.32432432432,0.579945114934,2,0.0121701261701,0.00597269624573,7,0.000900900900901,0.621196581197,37,37,37,1,0,0.72972972973,0.243243243243,0.027027027027,37,0.0645645645646,1.33108108108,4.64864864865,8.6,2.6875,3.80946348086,0.819477609255,0.414519170333,4.42878246408,1.90540640896,0.802639849151,1.78035661306,0.765967380038,0.419861722187,0.601081357887,0.451573812016,2.25,1.34027777778,0.606961924488,2.25,0,0,0,0,0.159346149589,37,36,36,0.972972972973,0,0.702702702703,0.162162162162,0.108108108108,37,138,0.103603603604,1.33423423423,7.45945945946,13.8,3.83333333333,6.14000811886,0.823117030427,0.391108499804,6.90671432033,1.85180021632,0.787309048179,1.80506461332,0.483966599223,0.27027027027,0.595853676756,0.446588508575,2.04166666667,1.33423423423,0.595853676756,2.04166666667,0.0814121403029,0.0630573248408,33,0.0042471042471,0.253706301782,37,37,37,1,0,0.72972972973,0.243243243243,0.027027027027,-78,-0.0585585585586,0.00990990990991,-4.21621621622,-7.8,-2.16666666667,-2.05909093074,0.120879380345,0.0810484397441,-3.42262230867,0.082423108576,0.0220437829133,-1.28176685738,-0.0447961989991,0.0175175175175,0.0159085618219,0.00867076872654,0.0416666666667,0.00990990990991,0.0159085618219,0.0416666666667,0.0692420141328,0.057084628595,26,0.0033462033462,-0.367490279414,0,0,0,135,3,81,1113,0.625,0.997311827957,0.00268817204301,0.375,0.978260869565,0.625,0.762711864407,0.752705902661,0.622311827957,0.616438356164,52,130,0,0,0,0
1750,WLNM_dir_neg,0.987159763314,0.830370430944,00:00:02,10,40,45,1234218169,threshold_sweep,0.4,0.938775510204,0.353846153846,0.513966480447,46,3,84,257,0.353846153846,0.988461538462,0.0115384615385,0.646153846154,0.938775510204,0.353846153846,0.513966480447,0.776923076923,0.624786324786,0.405466970387,0.48685516225,0.342307692308,216,86,130,0,216,0,86,0,130,37,216,0.162162162162,1.32432432432,11.6756756757,21.6,6,8.1990990496,0.702237650082,0.31006006006,10.329336629,1.76937710775,0.765265265265,3.0868314707,0.528762798222,0.252752752753,0.579945114934,0.437917739848,2,1.32432432432,0.579945114934,2,0.0121701261701,0.00597269624573,7,0.000900900900901,0.621196581197,37,37,37,1,0,0.72972972973,0.243243243243,0.027027027027,37,0.0645645645646,1.33108108108,4.64864864865,8.6,2.6875,3.80946348086,0.819477609255,0.414519170333,4.42878246408,1.90540640896,0.802639849151,1.78035661306,0.765967380038,0.419861722187,0.601081357887,0.451573812016,2.25,1.34027777778,0.606961924488,2.25,0,0,0,0,0.159346149589,37,36,36,0.972972972973,0,0.702702702703,0.162162162162,0.108108108108,37,135,0.101351351351,1.3329954955,7.2972972973,13.5,3.75,6.08214538568,0.833479182481,0.388988988989,6.88483121804,1.88695374124,0.793993993994,1.88880056321,0.517671265471,0.29029029029,0.59223562431,0.444289291532,2.02916666667,1.3329954955,0.59223562431,2.02916666667,0.0829848533042,0.0573878627968,29,0.0037323037323,0.245650746227,37,37,37,1,0,0.72972972973,0.243243243243,0.027027027027,-81,-0.0608108108108,0.00867117117117,-4.37837837838,-8.1,-2.25,-2.11695366393,0.1312415324,0.0789289289289,-3.44450541096,0.117576633495,0.0287287287287,-1.1980309075,-0.0110915327511,0.0375375375375,0.0122905093751,0.00637155168395,0.0291666666667,0.00867117117117,0.0122905093751,0.0291666666667,0.0708147271341,0.0514151665511,22,0.0028314028314,-0.37554583497,0,0,0,132,3,84,1113,0.611111111111,0.997311827957,0.00268817204301,0.388888888889,0.977777777778,0.611111111111,0.752136752137,0.7431057009,0.608422939068,0.602739726027,49,130,0,0,0,0
1751,WLNM_dir_neg,0.987159763314,0.830370430944,00:00:02,10,40,45,1234218169,threshold_sweep,0.5,0.938775510204,0.353846153846,0.513966480447,46,3,84,257,0.353846153846,0.988461538462,0.0115384615385,0.646153846154,0.938775510204,0.353846153846,0.513966480447,0.776923076923,0.624786324786,0.405466970387,0.48685516225,0.342307692308,216,86,130,0,216,0,86,0,130,37,216,0.162162162162,1.32432432432,11.6756756757,21.6,6,8.1990990496,0.702237650082,0.31006006006,10.329336629,1.76937710775,0.765265265265,3.0868314707,0.528762798222,0.252752752753,0.579945114934,0.437917739848,2,1.32432432432,0.579945114934,2,0.0121701261701,0.00597269624573,7,0.000900900900901,0.621196581197,37,37,37,1,0,0.72972972973,0.243243243243,0.027027027027,37,0.0645645645646,1.33108108108,4.64864864865,8.6,2.6875,3.80946348086,0.819477609255,0.414519170333,4.42878246408,1.90540640896,0.802639849151,1.78035661306,0.765967380038,0.419861722187,0.601081357887,0.451573812016,2.25,1.34027777778,0.606961924488,2.25,0,0,0,0,0.159346149589,37,36,36,0.972972972973,0,0.702702702703,0.162162162162,0.108108108108,37,135,0.101351351351,1.3329954955,7.2972972973,13.5,3.75,6.08214538568,0.833479182481,0.388988988989,6.88483121804,1.88695374124,0.793993993994,1.88880056321,0.517671265471,0.29029029029,0.59223562431,0.444289291532,2.02916666667,1.3329954955,0.59223562431,2.02916666667,0.0829848533042,0.0573878627968,29,0.0037323037323,0.245650746227,37,37,37,1,0,0.72972972973,0.243243243243,0.027027027027,-81,-0.0608108108108,0.00867117117117,-4.37837837838,-8.1,-2.25,-2.11695366393,0.1312415324,0.0789289289289,-3.44450541096,0.117576633495,0.0287287287287,-1.1980309075,-0.0110915327511,0.0375375375375,0.0122905093751,0.00637155168395,0.0291666666667,0.00867117117117,0.0122905093751,0.0291666666667,0.0708147271341,0.0514151665511,22,0.0028314028314,-0.37554583497,0,0,0,132,3,84,1113,0.611111111111,0.997311827957,0.00268817204301,0.388888888889,0.977777777778,0.611111111111,0.752136752137,0.7431057009,0.608422939068,0.602739726027,49,130,0,0,0,0
1752,WLNM_dir_neg,0.987159763314,0.830370430944,00:00:02,10,40,45,1234218169,threshold_sweep,0.6,0.938775510204,0.353846153846,0.513966480447,46,3,84,257,0.353846153846,0.988461538462,0.0115384615385,0.646153846154,0.938775510204,0.353846153846,0.513966480447,0.776923076923,0.624786324786,0.405466970387,0.48685516225,0.342307692308,216,86,130,0,216,0,86,0,130,37,216,0.162162162162,1.32432432432,11.6756756757,21.6,6,8.1990990496,0.702237650082,0.31006006006,10.329336629,1.76937710775,0.765265265265,3.0868314707,0.528762798222,0.252752752753,0.579945114934,0.437917739848,2,1.32432432432,0.579945114934,2,0.0121701261701,0.00597269624573,7,0.000900900900901,0.621196581197,37,37,37,1,0,0.72972972973,0.243243243243,0.027027027027,37,0.0645645645646,1.33108108108,4.64864864865,8.6,2.6875,3.80946348086,0.819477609255,0.414519170333,4.42878246408,1.90540640896,0.802639849151,1.78035661306,0.765967380038,0.419861722187,0.601081357887,0.451573812016,2.25,1.34027777778,0.606961924488,2.25,0,0,0,0,0.159346149589,37,36,36,0.972972972973,0,0.702702702703,0.162162162162,0.108108108108,37,135,0.101351351351,1.3329954955,7.2972972973,13.5,3.75,6.08214538568,0.833479182481,0.388988988989,6.88483121804,1.88695374124,0.793993993994,1.88880056321,0.517671265471,0.29029029029,0.59223562431,0.444289291532,2.02916666667,1.3329954955,0.59223562431,2.02916666667,0.0829848533042,0.0573878627968,29,0.0037323037323,0.245650746227,37,37,37,1,0,0.72972972973,0.243243243243,0.027027027027,-81,-0.0608108108108,0.00867117117117,-4.37837837838,-8.1,-2.25,-2.11695366393,0.1312415324,0.0789289289289,-3.44450541096,0.117576633495,0.0287287287287,-1.1980309075,-0.0110915327511,0.0375375375375,0.0122905093751,0.00637155168395,0.0291666666667,0.00867117117117,0.0122905093751,0.0291666666667,0.0708147271341,0.0514151665511,22,0.0028314028314,-0.37554583497,0,0,0,132,3,84,1113,0.611111111111,0.997311827957,0.00268817204301,0.388888888889,0.977777777778,0.611111111111,0.752136752137,0.7431057009,0.608422939068,0.602739726027,49,130,0,0,0,0
1753,WLNM_dir_neg,0.987159763314,0.830370430944,00:00:02,10,40,45,1234218169,threshold_sweep,0.7,0.938775510204,0.353846153846,0.513966480447,46,3,84,257,0.353846153846,0.988461538462,0.0115384615385,0.646153846154,0.938775510204,0.353846153846,0.513966480447,0.776923076923,0.624786324786,0.405466970387,0.48685516225,0.342307692308,216,86,130,0,216,0,86,0,130,37,216,0.162162162162,1.32432432432,11.6756756757,21.6,6,8.1990990496,0.702237650082,0.31006006006,10.329336629,1.76937710775,0.765265265265,3.0868314707,0.528762798222,0.252752752753,0.579945114934,0.437917739848,2,1.32432432432,0.579945114934,2,0.0121701261701,0.00597269624573,7,0.000900900900901,0.621196581197,37,37,37,1,0,0.72972972973,0.243243243243,0.027027027027,37,0.0645645645646,1.33108108108,4.64864864865,8.6,2.6875,3.80946348086,0.819477609255,0.414519170333,4.42878246408,1.90540640896,0.802639849151,1.78035661306,0.765967380038,0.419861722187,0.601081357887,0.451573812016,2.25,1.34027777778,0.606961924488,2.25,0,0,0,0,0.159346149589,37,36,36,0.972972972973,0,0.702702702703,0.162162162162,0.108108108108,37,135,0.101351351351,1.3329954955,7.2972972973,13.5,3.75,6.08214538568,0.833479182481,0.388988988989,6.88483121804,1.88695374124,0.793993993994,1.88880056321,0.517671265471,0.29029029029,0.59223562431,0.444289291532,2.02916666667,1.3329954955,0.59223562431,2.02916666667,0.0829848533042,0.0573878627968,29,0.0037323037323,0.245650746227,37,37,37,1,0,0.72972972973,0.243243243243,0.027027027027,-81,-0.0608108108108,0.00867117117117,-4.37837837838,-8.1,-2.25,-2.11695366393,0.1312415324,0.0789289289289,-3.44450541096,0.117576633495,0.0287287287287,-1.1980309075,-0.0110915327511,0.0375375375375,0.0122905093751,0.00637155168395,0.0291666666667,0.00867117117117,0.0122905093751,0.0291666666667,0.0708147271341,0.0514151665511,22,0.0028314028314,-0.37554583497,0,0,0,132,3,84,1113,0.611111111111,0.997311827957,0.00268817204301,0.388888888889,0.977777777778,0.611111111111,0.752136752137,0.7431057009,0.608422939068,0.602739726027,49,130,0,0,0,0
1754,WLNM_dir_neg,0.987159763314,0.830370430944,00:00:02,10,40,45,1234218169,threshold_sweep,0.8,0.958333333333,0.353846153846,0.516853932584,46,2,84,258,0.353846153846,0.992307692308,0.00769230769231,0.646153846154,0.958333333333,0.353846153846,0.516853932584,0.779487179487,0.625641025641,0.41095890411,0.496699633899,0.346153846154,216,86,130,0,216,0,86,0,130,37,216,0.162162162162,1.32432432432,11.6756756757,21.6,6,8.1990990496,0.702237650082,0.31006006006,10.329336629,1.76937710775,0.765265265265,3.0868314707,0.528762798222,0.252752752753,0.579945114934,0.437917739848,2,1.32432432432,0.579945114934,2,0.0121701261701,0.00597269624573,7,0.000900900900901,0.621196581197,37,37,37,1,0,0.72972972973,0.243243243243,0.027027027027,37,0.0645645645646,1.33108108108,4.64864864865,8.6,2.6875,3.80946348086,0.819477609255,0.414519170333,4.42878246408,1.90540640896,0.802639849151,1.78035661306,0.765967380038,0.419861722187,0.601081357887,0.451573812016,2.25,1.34027777778,0.606961924488,2.25,0,0,0,0,0.159346149589,37,36,36,0.972972972973,0,0.702702702703,0.162162162162,0.108108108108,37,134,0.100600600601,1.32977477477,7.24324324324,13.4,3.72222222222,6.03878853471,0.833713342479,0.387051230335,6.86112782821,1.89449051973,0.795885437676,1.91994431851,0.530133878992,0.297297297297,0.587685636834,0.441943739633,2.01833333333,1.32977477477,0.587685636834,2.01833333333,0.0622928468979,0.0442062960482,22,0.0028314028314,0.24692444014,37,37,37,1,0,0.72972972973,0.243243243243,0.027027027027,-82,-0.0615615615616,0.00545045045045,-4.43243243243,-8.2,-2.27777777778,-2.16031051489,0.131475692397,0.0769911702748,-3.46820880079,0.125113411985,0.0306201724112,-1.16688715219,0.00137108076965,0.0445445445445,0.00774052189962,0.0040259997849,0.0183333333333,0.00545045045045,0.00774052189962,0.0183333333333,0.0501227207278,0.0382335998025,15,0.0019305019305,-0.374272141057,0,0,0,132,2,84,1114,0.611111111111,0.998207885305,0.00179211469534,0.388888888889,0.985074626866,0.611111111111,0.754285714286,0.746659994505,0.609318996416,0.605504587156,48,130,0,0,0,0
1755,WLNM_dir_neg,0.987159763314,0.830370430944,00:00:02,10,40,45,1234218169,threshold_sweep,0.9,0.957446808511,0.346153846154,0.508474576271,45,2,85,258,0.346153846154,0.992307692308,0.00769230769231,0.653846153846,0.957446808511,0.346153846154,0.508474576271,0.776923076923,0.626495726496,0.402745995423,0.490085310368,0.338461538462,216,86,130,0,216,0,86,0,130,37,216,0.162162162162,1.32432432432,11.6756756757,21.6,6,8.1990990496,0.702237650082,0.31006006006,10.329336629,1.76937710775,0.765265265265,3.0868314707,0.528762798222,0.252752752753,0.579945114934,0.437917739848,2,1.32432432432,0.579945114934,2,0.0121701261701,0.00597269624573,7,0.000900900900901,0.621196581197,37,37,37,1,0,0.72972972973,0.243243243243,0.027027027027,37,0.0645645645646,1.33108108108,4.64864864865,8.6,2.6875,3.80946348086,0.819477609255,0.414519170333,4.42878246408,1.90540640896,0.802639849151,1.78035661306,0.765967380038,0.419861722187,0.601081357887,0.451573812016,2.25,1.34027777778,0.606961924488,2.25,0,0,0,0,0.159346149589,37,36,36,0.972972972973,0,0.702702702703,0.162162162162,0.108108108108,37,133,0.0998498498498,1.32977477477,7.18918918919,13.3,3.69444444444,5.95743157669,0.828665294503,0.385897175371,6.77601759254,1.88505752574,0.794553952449,1.89237445583,0.526450036585,0.295061979273,0.587685636834,0.441943739633,2.01833333333,1.32977477477,0.587685636834,2.01833333333,0.0632517398568,0.0451436388509,22,0.0028314028314,0.243337545553,37,37,37,1,0,0.72972972973,0.243243243243,0.027027027027,-83,-0.0623123123123,0.00545045045045,-4.48648648649,-8.3,-2.30555555556,-2.24166747291,0.126427644421,0.0758371153108,-3.55331903646,0.115680417999,0.0292886871834,-1.19445701487,-0.00231276163792,0.0423092265198,0.00774052189962,0.0040259997849,0.0183333333333,0.00545045045045,0.00774052189962,0.0183333333333,0.0510816136867,0.0391709426052,15,0.0019305019305,-0.377859035644,0,0,0,131,2,85,1114,0.606481481481,0.998207885305,0.00179211469534,0.393518518519,0.984962406015,0.606481481481,0.750716332378,0.743457064585,0.604689366786,0.600917431193,47,130,0,0,0,0
1756,WLNM_dir_neg,0.984097633136,0.814339045694,00:00:02,10,40,46,1234218170,threshold_sweep,0.1,0.961538461538,0.192307692308,0.320512820513,25,1,105,259,0.192307692308,0.996153846154,0.00384615384615,0.807692307692,0.961538461538,0.192307692308,0.320512820513,0.728205128205,0.644444444444,0.235576923077,0.356158830336,0.188461538462,216,86,130,0,216,0,86,0,130,37,216,0.162162162162,1.32432432432,11.6756756757,21.6,6,8.1990990496,0.702237650082,0.31006006006,10.329336629,1.76937710775,0.765265265265,3.0868314707,0.528762798222,0.252752752753,0.579945114934,0.437917739848,2,1.32432432432,0.579945114934,2,0.0121701261701,0.00597269624573,7,0.000900900900901,0.621196581197,37,37,37,1,0,0.72972972973,0.243243243243,0.027027027027,37,0.0645645645646,1.33333333333,4.64864864865,8.6,2.60606060606,3.69095152002,0.793983757213,0.393463230673,4.23644278227,1.82265561563,0.786297925833,1.5465742439,0.665386593305,0.359522313011,0.60858061945,0.456435464588,2.33333333333,1.34259259259,0.614564556704,2.33333333333,0.0123440285205,0.00536672629696,1,0.0001287001287,0.142278775958,37,36,36,0.972972972973,0,0.702702702703,0.189189189189,0.0810810810811,37,112,0.0840840840841,1.32571171171,6.05405405405,11.2,3.11111111111,5.19586345057,0.858245302104,0.399855212355,5.73723939852,1.89533801558,0.790057915058,1.58966255131,0.525156378557,0.279922779923,0.582183131439,0.439147611276,2.00666666667,1.32571171171,0.582183131439,2.00666666667,0.0535489145153,0.0456273764259,16,0.0020592020592,0.189114463509,37,37,37,1,0,0.72972972973,0.243243243243,0.027027027027,-104,-0.0780780780781,0.00138738738739,-5.62162162162,-10.4,-2.88888888889,-3.00323559903,0.156007652022,0.0897951522952,-4.59209723048,0.125960907837,0.0247926497926,-1.4971689194,-0.00360641966575,0.02717002717,0.00223801650433,0.00122987142751,0.00666666666667,0.00138738738739,0.00223801650433,0.00666666666667,0.0413787883452,0.0396546801801,9,0.0011583011583,-0.432082117687,0,0,0,111,1,105,1115,0.513888888889,0.999103942652,0.00089605734767,0.486111111111,0.991071428571,0.513888888889,0.676829268293,0.681367386962,0.512992831541,0.511520737327,26,130,0,0,0,0
1757,WLNM_dir_neg,0.984097633136,0.814339045694,00:00:02,10,40,46,1234218170,threshold_sweep,0.2,0.961538461538,0.192307692308,0.320512820513,25,1,105,259,0.192307692308,0.996153846154,0.00384615384615,0.807692307692,0.961538461538,0.192307692308,0.320512820513,0.728205128205,0.644444444444,0.235576923077,0.356158830336,0.188461538462,216,86,130,0,216,0,86,0,130,37,216,0.162162162162,1.32432432432,11.6756756757,21.6,6,8.1990990496,0.702237650082,0.31006006006,10.329336629,1.76937710775,0.765265265265,3.0868314707,0.528762798222,0.252752752753,0.579945114934,0.437917739848,2,1.32432432432,0.579945114934,2,0.0121701261701,0.00597269624573,7,0.000900900900901,0.621196581197,37,37,37,1,0,0.72972972973,0.243243243243,0.027027027027,37,0.0645645645646,1.33333333333,4.64864864865,8.6,2.60606060606,3.69095152002,0.793983757213,0.393463230673,4.23644278227,1.82265561563,0.786297925833,1.5465742439,0.665386593305,0.359522313011,0.60858061945,0.456435464588,2.33333333333,1.34259259259,0.614564556704,2.33333333333,0.0123440285205,0.00536672629696,1,0.0001287001287,0.142278775958,37,36,36,0.972972972973,0,0.702702702703,0.189189189189,0.0810810810811,37,112,0.0840840840841,1.32571171171,6.05405405405,11.2,3.11111111111,5.19586345057,0.858245302104,0.399855212355,5.73723939852,1.89533801558,0.790057915058,1.58966255131,0.525156378557,0.279922779923,0.582183131439,0.439147611276,2.00666666667,1.32571171171,0.582183131439,2.00666666667,0.0535489145153,0.0456273764259,16,0.0020592020592,0.189114463509,37,37,37,1,0,0.72972972973,0.243243243243,0.027027027027,-104,-0.0780780780781,0.00138738738739,-5.62162162162,-10.4,-2.88888888889,-3.00323559903,0.156007652022,0.0897951522952,-4.59209723048,0.125960907837,0.0247926497926,-1.4971689194,-0.00360641966575,0.02717002717,0.00223801650433,0.00122987142751,0.00666666666667,0.00138738738739,0.00223801650433,0.00666666666667,0.0413787883452,0.0396546801801,9,0.0011583011583,-0.432082117687,0,0,0,111,1,105,1115,0.513888888889,0.999103942652,0.00089605734767,0.486111111111,0.991071428571,0.513888888889,0.676829268293,0.681367386962,0.512992831541,0.511520737327,26,130,0,0,0,0
1758,WLNM_dir_neg,0.984097633136,0.814339045694,00:00:02,10,40,46,1234218170,threshold_sweep,0.3,0.961538461538,0.192307692308,0.320512820513,25,1,105,259,0.192307692308,0.996153846154,0.00384615384615,0.807692307692,0.961538461538,0.192307692308,0.320512820513,0.728205128205,0.644444444444,0.235576923077,0.356158830336,0.188461538462,216,86,130,0,216,0,86,0,130,37,216,0.162162162162,1.32432432432,11.6756756757,21.6,6,8.1990990496,0.702237650082,0.31006006006,10.329336629,1.76937710775,0.765265265265,3.0868314707,0.528762798222,0.252752752753,0.579945114934,0.437917739848,2,1.32432432432,0.579945114934,2,0.0121701261701,0.00597269624573,7,0.000900900900901,0.621196581197,37,37,37,1,0,0.72972972973,0.243243243243,0.027027027027,37,0.0645645645646,1.33333333333,4.64864864865,8.6,2.60606060606,3.69095152002,0.793983757213,0.393463230673,4.23644278227,1.82265561563,0.786297925833,1.5465742439,0.665386593305,0.359522313011,0.60858061945,0.456435464588,2.33333333333,1.34259259259,0.614564556704,2.33333333333,0.0123440285205,0.00536672629696,1,0.0001287001287,0.142278775958,37,36,36,0.972972972973,0,0.702702702703,0.189189189189,0.0810810810811,37,112,0.0840840840841,1.32571171171,6.05405405405,11.2,3.11111111111,5.19586345057,0.858245302104,0.399855212355,5.73723939852,1.89533801558,0.790057915058,1.58966255131,0.525156378557,0.279922779923,0.582183131439,0.439147611276,2.00666666667,1.32571171171,0.582183131439,2.00666666667,0.0535489145153,0.0456273764259,16,0.0020592020592,0.189114463509,37,37,37,1,0,0.72972972973,0.243243243243,0.027027027027,-104,-0.0780780780781,0.00138738738739,-5.62162162162,-10.4,-2.88888888889,-3.00323559903,0.156007652022,0.0897951522952,-4.59209723048,0.125960907837,0.0247926497926,-1.4971689194,-0.00360641966575,0.02717002717,0.00223801650433,0.00122987142751,0.00666666666667,0.00138738738739,0.00223801650433,0.00666666666667,0.0413787883452,0.0396546801801,9,0.0011583011583,-0.432082117687,0,0,0,111,1,105,1115,0.513888888889,0.999103942652,0.00089605734767,0.486111111111,0.991071428571,0.513888888889,0.676829268293,0.681367386962,0.512992831541,0.511520737327,26,130,0,0,0,0
1759,WLNM_dir_neg,0.984097633136,0.814339045694,00:00:02,10,40,46,1234218170,threshold_sweep,0.4,0.95652173913,0.169230769231,0.287581699346,22,1,108,259,0.169230769231,0.996153846154,0.00384615384615,0.830769230769,0.95652173913,0.169230769231,0.287581699346,0.720512820513,0.647008547009,0.208232445521,0.3309455209,0.165384615385,216,86,130,0,216,0,86,0,130,37,216,0.162162162162,1.32432432432,11.6756756757,21.6,6,8.1990990496,0.702237650082,0.31006006006,10.329336629,1.76937710775,0.765265265265,3.0868314707,0.528762798222,0.252752752753,0.579945114934,0.437917739848,2,1.32432432432,0.579945114934,2,0.0121701261701,0.00597269624573,7,0.000900900900901,0.621196581197,37,37,37,1,0,0.72972972973,0.243243243243,0.027027027027,37,0.0645645645646,1.33333333333,4.64864864865,8.6,2.60606060606,3.69095152002,0.793983757213,0.393463230673,4.23644278227,1.82265561563,0.786297925833,1.5465742439,0.665386593305,0.359522313011,0.60858061945,0.456435464588,2.33333333333,1.34259259259,0.614564556704,2.33333333333,0.0123440285205,0.00536672629696,1,0.0001287001287,0.142278775958,37,36,36,0.972972972973,0,0.702702702703,0.189189189189,0.0810810810811,37,109,0.0818318318318,1.32962676963,5.89189189189,10.9,3.30303030303,5.14124813955,0.8725971613,0.401190181007,5.65658881279,1.92012647774,0.793454004463,1.7150631013,0.58217738301,0.311430696752,0.594151422207,0.446855791249,2.14952380952,1.33878306878,0.599926206934,2.14952380952,0.0586282795947,0.0475718533201,16,0.0020592020592,0.19489200033,37,36,36,0.972972972973,0,0.702702702703,0.189189189189,0.0810810810811,-107,-0.0803303303303,0.00530244530245,-5.78378378378,-10.7,-2.69696969697,-3.05785091005,0.170359511218,0.0911301209466,-4.67274781621,0.150749369991,0.0281887391979,-1.3717683694,0.0534145847877,0.058677943999,0.014206307273,0.00893805140057,0.149523809524,0.0144587444587,0.0199810919999,0.149523809524,0.0464581534245,0.0415991570744,9,0.0011583011583,-0.426304580866,-0.027027027027,-0.0540540540541,0.0540540540541,108,1,108,1115,0.5,0.999103942652,0.00089605734767,0.5,0.990825688073,0.5,0.664615384615,0.671156029229,0.499103942652,0.497695852535,23,130,0,0,0,0
1760,WLNM_dir_neg,0.984097633136,0.814339045694,00:00:02,10,40,46,1234218170,threshold_sweep,0.5,0.95652173913,0.169230769231,0.287581699346,22,1,108,259,0.169230769231,0.996153846154,0.00384615384615,0.830769230769,0.95652173913,0.169230769231,0.287581699346,0.720512820513,0.647008547009,0.208232445521,0.3309455209,0.165384615385,216,86,130,0,216,0,86,0,130,37,216,0.162162162162,1.32432432432,11.6756756757,21.6,6,8.1990990496,0.702237650082,0.31006006006,10.329336629,1.76937710775,0.765265265265,3.0868314707,0.528762798222,0.252752752753,0.579945114934,0.437917739848,2,1.32432432432,0.579945114934,2,0.0121701261701,0.00597269624573,7,0.000900900900901,0.621196581197,37,37,37,1,0,0.72972972973,0.243243243243,0.027027027027,37,0.0645645645646,1.33333333333,4.64864864865,8.6,2.60606060606,3.69095152002,0.793983757213,0.393463230673,4.23644278227,1.82265561563,0.786297925833,1.5465742439,0.665386593305,0.359522313011,0.60858061945,0.456435464588,2.33333333333,1.34259259259,0.614564556704,2.33333333333,0.0123440285205,0.00536672629696,1,0.0001287001287,0.142278775958,37,36,36,0.972972972973,0,0.702702702703,0.189189189189,0.0810810810811,37,109,0.0818318318318,1.32962676963,5.89189189189,10.9,3.30303030303,5.14124813955,0.8725971613,0.401190181007,5.65658881279,1.92012647774,0.793454004463,1.7150631013,0.58217738301,0.311430696752,0.594151422207,0.446855791249,2.14952380952,1.33878306878,0.599926206934,2.14952380952,0.0586282795947,0.0475718533201,16,0.0020592020592,0.19489200033,37,36,36,0.972972972973,0,0.702702702703,0.189189189189,0.0810810810811,-107,-0.0803303303303,0.00530244530245,-5.78378378378,-10.7,-2.69696969697,-3.05785091005,0.170359511218,0.0911301209466,-4.67274781621,0.150749369991,0.0281887391979,-1.3717683694,0.0534145847877,0.058677943999,0.014206307273,0.00893805140057,0.149523809524,0.0144587444587,0.0199810919999,0.149523809524,0.0464581534245,0.0415991570744,9,0.0011583011583,-0.426304580866,-0.027027027027,-0.0540540540541,0.0540540540541,108,1,108,1115,0.5,0.999103942652,0.00089605734767,0.5,0.990825688073,0.5,0.664615384615,0.671156029229,0.499103942652,0.497695852535,23,130,0,0,0,0
1761,WLNM_dir_neg,0.984097633136,0.814339045694,00:00:02,10,40,46,1234218170,threshold_sweep,0.6,0.95652173913,0.169230769231,0.287581699346,22,1,108,259,0.169230769231,0.996153846154,0.00384615384615,0.830769230769,0.95652173913,0.169230769231,0.287581699346,0.720512820513,0.647008547009,0.208232445521,0.3309455209,0.165384615385,216,86,130,0,216,0,86,0,130,37,216,0.162162162162,1.32432432432,11.6756756757,21.6,6,8.1990990496,0.702237650082,0.31006006006,10.329336629,1.76937710775,0.765265265265,3.0868314707,0.528762798222,0.252752752753,0.579945114934,0.437917739848,2,1.32432432432,0.579945114934,2,0.0121701261701,0.00597269624573,7,0.000900900900901,0.621196581197,37,37,37,1,0,0.72972972973,0.243243243243,0.027027027027,37,0.0645645645646,1.33333333333,4.64864864865,8.6,2.60606060606,3.69095152002,0.793983757213,0.393463230673,4.23644278227,1.82265561563,0.786297925833,1.5465742439,0.665386593305,0.359522313011,0.60858061945,0.456435464588,2.33333333333,1.34259259259,0.614564556704,2.33333333333,0.0123440285205,0.00536672629696,1,0.0001287001287,0.142278775958,37,36,36,0.972972972973,0,0.702702702703,0.189189189189,0.0810810810811,37,109,0.0818318318318,1.32962676963,5.89189189189,10.9,3.30303030303,5.14124813955,0.8725971613,0.401190181007,5.65658881279,1.92012647774,0.793454004463,1.7150631013,0.58217738301,0.311430696752,0.594151422207,0.446855791249,2.14952380952,1.33878306878,0.599926206934,2.14952380952,0.0586282795947,0.0475718533201,16,0.0020592020592,0.19489200033,37,36,36,0.972972972973,0,0.702702702703,0.189189189189,0.0810810810811,-107,-0.0803303303303,0.00530244530245,-5.78378378378,-10.7,-2.69696969697,-3.05785091005,0.170359511218,0.0911301209466,-4.67274781621,0.150749369991,0.0281887391979,-1.3717683694,0.0534145847877,0.058677943999,0.014206307273,0.00893805140057,0.149523809524,0.0144587444587,0.0199810919999,0.149523809524,0.0464581534245,0.0415991570744,9,0.0011583011583,-0.426304580866,-0.027027027027,-0.0540540540541,0.0540540540541,108,1,108,1115,0.5,0.999103942652,0.00089605734767,0.5,0.990825688073,0.5,0.664615384615,0.671156029229,0.499103942652,0.497695852535,23,130,0,0,0,0
1762,WLNM_dir_neg,0.984097633136,0.814339045694,00:00:02,10,40,46,1234218170,threshold_sweep,0.7,0.95652173913,0.169230769231,0.287581699346,22,1,108,259,0.169230769231,0.996153846154,0.00384615384615,0.830769230769,0.95652173913,0.169230769231,0.287581699346,0.720512820513,0.647008547009,0.208232445521,0.3309455209,0.165384615385,216,86,130,0,216,0,86,0,130,37,216,0.162162162162,1.32432432432,11.6756756757,21.6,6,8.1990990496,0.702237650082,0.31006006006,10.329336629,1.76937710775,0.765265265265,3.0868314707,0.528762798222,0.252752752753,0.579945114934,0.437917739848,2,1.32432432432,0.579945114934,2,0.0121701261701,0.00597269624573,7,0.000900900900901,0.621196581197,37,37,37,1,0,0.72972972973,0.243243243243,0.027027027027,37,0.0645645645646,1.33333333333,4.64864864865,8.6,2.60606060606,3.69095152002,0.793983757213,0.393463230673,4.23644278227,1.82265561563,0.786297925833,1.5465742439,0.665386593305,0.359522313011,0.60858061945,0.456435464588,2.33333333333,1.34259259259,0.614564556704,2.33333333333,0.0123440285205,0.00536672629696,1,0.0001287001287,0.142278775958,37,36,36,0.972972972973,0,0.702702702703,0.189189189189,0.0810810810811,37,109,0.0818318318318,1.32962676963,5.89189189189,10.9,3.30303030303,5.14124813955,0.8725971613,0.401190181007,5.65658881279,1.92012647774,0.793454004463,1.7150631013,0.58217738301,0.311430696752,0.594151422207,0.446855791249,2.14952380952,1.33878306878,0.599926206934,2.14952380952,0.0586282795947,0.0475718533201,16,0.0020592020592,0.19489200033,37,36,36,0.972972972973,0,0.702702702703,0.189189189189,0.0810810810811,-107,-0.0803303303303,0.00530244530245,-5.78378378378,-10.7,-2.69696969697,-3.05785091005,0.170359511218,0.0911301209466,-4.67274781621,0.150749369991,0.0281887391979,-1.3717683694,0.0534145847877,0.058677943999,0.014206307273,0.00893805140057,0.149523809524,0.0144587444587,0.0199810919999,0.149523809524,0.0464581534245,0.0415991570744,9,0.0011583011583,-0.426304580866,-0.027027027027,-0.0540540540541,0.0540540540541,108,1,108,1115,0.5,0.999103942652,0.00089605734767,0.5,0.990825688073,0.5,0.664615384615,0.671156029229,0.499103942652,0.497695852535,23,130,0,0,0,0
1763,WLNM_dir_neg,0.984097633136,0.814339045694,00:00:02,10,40,46,1234218170,threshold_sweep,0.8,0.95652173913,0.169230769231,0.287581699346,22,1,108,259,0.169230769231,0.996153846154,0.00384615384615,0.830769230769,0.95652173913,0.169230769231,0.287581699346,0.720512820513,0.647008547009,0.208232445521,0.3309455209,0.165384615385,216,86,130,0,216,0,86,0,130,37,216,0.162162162162,1.32432432432,11.6756756757,21.6,6,8.1990990496,0.702237650082,0.31006006006,10.329336629,1.76937710775,0.765265265265,3.0868314707,0.528762798222,0.252752752753,0.579945114934,0.437917739848,2,1.32432432432,0.579945114934,2,0.0121701261701,0.00597269624573,7,0.000900900900901,0.621196581197,37,37,37,1,0,0.72972972973,0.243243243243,0.027027027027,37,0.0645645645646,1.33333333333,4.64864864865,8.6,2.60606060606,3.69095152002,0.793983757213,0.393463230673,4.23644278227,1.82265561563,0.786297925833,1.5465742439,0.665386593305,0.359522313011,0.60858061945,0.456435464588,2.33333333333,1.34259259259,0.614564556704,2.33333333333,0.0123440285205,0.00536672629696,1,0.0001287001287,0.142278775958,37,36,36,0.972972972973,0,0.702702702703,0.189189189189,0.0810810810811,37,109,0.0818318318318,1.32962676963,5.89189189189,10.9,3.30303030303,5.14124813955,0.8725971613,0.401190181007,5.65658881279,1.92012647774,0.793454004463,1.7150631013,0.58217738301,0.311430696752,0.594151422207,0.446855791249,2.14952380952,1.33878306878,0.599926206934,2.14952380952,0.0586282795947,0.0475718533201,16,0.0020592020592,0.19489200033,37,36,36,0.972972972973,0,0.702702702703,0.189189189189,0.0810810810811,-107,-0.0803303303303,0.00530244530245,-5.78378378378,-10.7,-2.69696969697,-3.05785091005,0.170359511218,0.0911301209466,-4.67274781621,0.150749369991,0.0281887391979,-1.3717683694,0.0534145847877,0.058677943999,0.014206307273,0.00893805140057,0.149523809524,0.0144587444587,0.0199810919999,0.149523809524,0.0464581534245,0.0415991570744,9,0.0011583011583,-0.426304580866,-0.027027027027,-0.0540540540541,0.0540540540541,108,1,108,1115,0.5,0.999103942652,0.00089605734767,0.5,0.990825688073,0.5,0.664615384615,0.671156029229,0.499103942652,0.497695852535,23,130,0,0,0,0
1764,WLNM_dir_neg,0.984097633136,0.814339045694,00:00:02,10,40,46,1234218170,threshold_sweep,0.9,0.95652173913,0.169230769231,0.287581699346,22,1,108,259,0.169230769231,0.996153846154,0.00384615384615,0.830769230769,0.95652173913,0.169230769231,0.287581699346,0.720512820513,0.647008547009,0.208232445521,0.3309455209,0.165384615385,216,86,130,0,216,0,86,0,130,37,216,0.162162162162,1.32432432432,11.6756756757,21.6,6,8.1990990496,0.702237650082,0.31006006006,10.329336629,1.76937710775,0.765265265265,3.0868314707,0.528762798222,0.252752752753,0.579945114934,0.437917739848,2,1.32432432432,0.579945114934,2,0.0121701261701,0.00597269624573,7,0.000900900900901,0.621196581197,37,37,37,1,0,0.72972972973,0.243243243243,0.027027027027,37,0.0645645645646,1.33333333333,4.64864864865,8.6,2.60606060606,3.69095152002,0.793983757213,0.393463230673,4.23644278227,1.82265561563,0.786297925833,1.5465742439,0.665386593305,0.359522313011,0.60858061945,0.456435464588,2.33333333333,1.34259259259,0.614564556704,2.33333333333,0.0123440285205,0.00536672629696,1,0.0001287001287,0.142278775958,37,36,36,0.972972972973,0,0.702702702703,0.189189189189,0.0810810810811,37,109,0.0818318318318,1.32962676963,5.89189189189,10.9,3.30303030303,5.14124813955,0.8725971613,0.401190181007,5.65658881279,1.92012647774,0.793454004463,1.7150631013,0.58217738301,0.311430696752,0.594151422207,0.446855791249,2.14952380952,1.33878306878,0.599926206934,2.14952380952,0.0586282795947,0.0475718533201,16,0.0020592020592,0.19489200033,37,36,36,0.972972972973,0,0.702702702703,0.189189189189,0.0810810810811,-107,-0.0803303303303,0.00530244530245,-5.78378378378,-10.7,-2.69696969697,-3.05785091005,0.170359511218,0.0911301209466,-4.67274781621,0.150749369991,0.0281887391979,-1.3717683694,0.0534145847877,0.058677943999,0.014206307273,0.00893805140057,0.149523809524,0.0144587444587,0.0199810919999,0.149523809524,0.0464581534245,0.0415991570744,9,0.0011583011583,-0.426304580866,-0.027027027027,-0.0540540540541,0.0540540540541,108,1,108,1115,0.5,0.999103942652,0.00089605734767,0.5,0.990825688073,0.5,0.664615384615,0.671156029229,0.499103942652,0.497695852535,23,130,0,0,0,0
1765,WLNM_dir_neg,0.978520710059,0.840601499949,00:00:03,10,40,47,1234218171,threshold_sweep,0.1,0.75,0.0461538461538,0.0869565217391,6,2,124,258,0.0461538461538,0.992307692308,0.00769230769231,0.953846153846,0.75,0.0461538461538,0.0869565217391,0.676923076923,0.659829059829,0.0502512562814,0.127911127524,0.0384615384615,216,86,130,0,216,0,86,0,130,37,216,0.162162162162,1.32432432432,11.6756756757,21.6,6,8.1990990496,0.702237650082,0.31006006006,10.329336629,1.76937710775,0.765265265265,3.0868314707,0.528762798222,0.252752752753,0.579945114934,0.437917739848,2,1.32432432432,0.579945114934,2,0.0121701261701,0.00597269624573,7,0.000900900900901,0.621196581197,37,37,37,1,0,0.72972972973,0.243243243243,0.027027027027,37,0.0645645645646,1.32432432432,4.64864864865,8.6,3.07142857143,3.79485189446,0.816334419157,0.435260842238,4.2950491787,1.84786999549,0.788812067882,2.02832791089,0.87265270585,0.481458202388,0.579945114934,0.437917739848,2,1.35294117647,0.597081434027,2,0,0,0,0,0.191115496131,37,34,34,0.918918918919,0,0.648648648649,0.108108108108,0.162162162162,37,94,0.0705705705706,1.44581081081,5.08108108108,7.83333333333,2.76470588235,4.0509147004,0.797254488908,0.424381828637,4.44468843174,1.749505021,0.767682576193,1.83476602497,0.722195137486,0.394479585969,0.703777025841,0.486769790749,2.045,1.47128571429,0.715596566075,2.045,0.033388475324,0.00441826215022,1,0.0001287001287,0.131063595847,37,35,35,0.945945945946,0,0.621621621622,0.297297297297,0.027027027027,-122,-0.0915915915916,0.121486486486,-6.59459459459,-13.7666666667,-3.23529411765,-4.14818434921,0.0950168388265,0.114321768577,-5.88464819726,-0.0198720867408,0.00241731092795,-1.25206544574,0.193432339264,0.141726833216,0.123831910907,0.0488520509008,0.045,0.146961389961,0.13565145114,0.045,0.0212183491538,-0.00155443409551,-6,-0.000772200772201,-0.49013298535,-0.108108108108,0.0540540540541,0,92,2,124,1114,0.425925925926,0.998207885305,0.00179211469534,0.574074074074,0.978723404255,0.425925925926,0.593548387097,0.610432459221,0.424133811231,0.422018348624,8,130,0,0,0,0
1766,WLNM_dir_neg,0.978520710059,0.840601499949,00:00:03,10,40,47,1234218171,threshold_sweep,0.2,1,0.0461538461538,0.0882352941176,6,0,124,260,0.0461538461538,1,0,0.953846153846,1,0.0461538461538,0.0882352941176,0.682051282051,0.661538461538,0.0606060606061,0.176776695297,0.0461538461538,216,86,130,0,216,0,86,0,130,37,216,0.162162162162,1.32432432432,11.6756756757,21.6,6,8.1990990496,0.702237650082,0.31006006006,10.329336629,1.76937710775,0.765265265265,3.0868314707,0.528762798222,0.252752752753,0.579945114934,0.437917739848,2,1.32432432432,0.579945114934,2,0.0121701261701,0.00597269624573,7,0.000900900900901,0.621196581197,37,37,37,1,0,0.72972972973,0.243243243243,0.027027027027,37,0.0645645645646,1.32432432432,4.64864864865,8.6,3.07142857143,3.79485189446,0.816334419157,0.435260842238,4.2950491787,1.84786999549,0.788812067882,2.02832791089,0.87265270585,0.481458202388,0.579945114934,0.437917739848,2,1.35294117647,0.597081434027,2,0,0,0,0,0.191115496131,37,34,34,0.918918918919,0,0.648648648649,0.108108108108,0.162162162162,37,92,0.0690690690691,1.32432432432,4.97297297297,9.2,2.70588235294,3.98947564423,0.802231515416,0.431257344301,4.46978511553,1.79763097037,0.775558166863,1.86520212818,0.750135638508,0.405992949471,0.579945114934,0.437917739848,2,1.34285714286,0.591252764842,2,0.0356911287946,0.00460122699387,1,0.0001287001287,0.187782162798,37,35,35,0.945945945946,0,0.675675675676,0.243243243243,0.027027027027,-124,-0.0930930930931,0,-6.7027027027,-12.4,-3.29411764706,-4.20962340537,0.0999938653342,0.121197284241,-5.85955151347,0.0282538626293,0.0102929015972,-1.22162934252,0.221372840286,0.153240196718,0,0,0,0.0185328185328,0.0113076499071,0,0.0235210026245,-0.00137146925187,-6,-0.000772200772201,-0.433414418399,-0.0540540540541,0,0,92,0,124,1116,0.425925925926,1,0,0.574074074074,1,0.425925925926,0.597402597403,0.619139187367,0.425925925926,0.425925925926,6,130,0,0,0,0
1767,WLNM_dir_neg,0.978520710059,0.840601499949,00:00:03,10,40,47,1234218171,threshold_sweep,0.3,1,0.0461538461538,0.0882352941176,6,0,124,260,0.0461538461538,1,0,0.953846153846,1,0.0461538461538,0.0882352941176,0.682051282051,0.661538461538,0.0606060606061,0.176776695297,0.0461538461538,216,86,130,0,216,0,86,0,130,37,216,0.162162162162,1.32432432432,11.6756756757,21.6,6,8.1990990496,0.702237650082,0.31006006006,10.329336629,1.76937710775,0.765265265265,3.0868314707,0.528762798222,0.252752752753,0.579945114934,0.437917739848,2,1.32432432432,0.579945114934,2,0.0121701261701,0.00597269624573,7,0.000900900900901,0.621196581197,37,37,37,1,0,0.72972972973,0.243243243243,0.027027027027,37,0.0645645645646,1.32432432432,4.64864864865,8.6,3.07142857143,3.79485189446,0.816334419157,0.435260842238,4.2950491787,1.84786999549,0.788812067882,2.02832791089,0.87265270585,0.481458202388,0.579945114934,0.437917739848,2,1.35294117647,0.597081434027,2,0,0,0,0,0.191115496131,37,34,34,0.918918918919,0,0.648648648649,0.108108108108,0.162162162162,37,92,0.0690690690691,1.32432432432,4.97297297297,9.2,2.70588235294,3.98947564423,0.802231515416,0.431257344301,4.46978511553,1.79763097037,0.775558166863,1.86520212818,0.750135638508,0.405992949471,0.579945114934,0.437917739848,2,1.34285714286,0.591252764842,2,0.0356911287946,0.00460122699387,1,0.0001287001287,0.187782162798,37,35,35,0.945945945946,0,0.675675675676,0.243243243243,0.027027027027,-124,-0.0930930930931,0,-6.7027027027,-12.4,-3.29411764706,-4.20962340537,0.0999938653342,0.121197284241,-5.85955151347,0.0282538626293,0.0102929015972,-1.22162934252,0.221372840286,0.153240196718,0,0,0,0.0185328185328,0.0113076499071,0,0.0235210026245,-0.00137146925187,-6,-0.000772200772201,-0.433414418399,-0.0540540540541,0,0,92,0,124,1116,0.425925925926,1,0,0.574074074074,1,0.425925925926,0.597402597403,0.619139187367,0.425925925926,0.425925925926,6,130,0,0,0,0
1768,WLNM_dir_neg,0.978520710059,0.840601499949,00:00:03,10,40,47,1234218171,threshold_sweep,0.4,1,0.0461538461538,0.0882352941176,6,0,124,260,0.0461538461538,1,0,0.953846153846,1,0.0461538461538,0.0882352941176,0.682051282051,0.661538461538,0.0606060606061,0.176776695297,0.0461538461538,216,86,130,0,216,0,86,0,130,37,216,0.162162162162,1.32432432432,11.6756756757,21.6,6,8.1990990496,0.702237650082,0.31006006006,10.329336629,1.76937710775,0.765265265265,3.0868314707,0.528762798222,0.252752752753,0.579945114934,0.437917739848,2,1.32432432432,0.579945114934,2,0.0121701261701,0.00597269624573,7,0.000900900900901,0.621196581197,37,37,37,1,0,0.72972972973,0.243243243243,0.027027027027,37,0.0645645645646,1.32432432432,4.64864864865,8.6,3.07142857143,3.79485189446,0.816334419157,0.435260842238,4.2950491787,1.84786999549,0.788812067882,2.02832791089,0.87265270585,0.481458202388,0.579945114934,0.437917739848,2,1.35294117647,0.597081434027,2,0,0,0,0,0.191115496131,37,34,34,0.918918918919,0,0.648648648649,0.108108108108,0.162162162162,37,92,0.0690690690691,1.32432432432,4.97297297297,9.2,2.70588235294,3.98947564423,0.802231515416,0.431257344301,4.46978511553,1.79763097037,0.775558166863,1.86520212818,0.750135638508,0.405992949471,0.579945114934,0.437917739848,2,1.34285714286,0.591252764842,2,0.0356911287946,0.00460122699387,1,0.0001287001287,0.187782162798,37,35,35,0.945945945946,0,0.675675675676,0.243243243243,0.027027027027,-124,-0.0930930930931,0,-6.7027027027,-12.4,-3.29411764706,-4.20962340537,0.0999938653342,0.121197284241,-5.85955151347,0.0282538626293,0.0102929015972,-1.22162934252,0.221372840286,0.153240196718,0,0,0,0.0185328185328,0.0113076499071,0,0.0235210026245,-0.00137146925187,-6,-0.000772200772201,-0.433414418399,-0.0540540540541,0,0,92,0,124,1116,0.425925925926,1,0,0.574074074074,1,0.425925925926,0.597402597403,0.619139187367,0.425925925926,0.425925925926,6,130,0,0,0,0
1769,WLNM_dir_neg,0.978520710059,0.840601499949,00:00:03,10,40,47,1234218171,threshold_sweep,0.5,1,0.0461538461538,0.0882352941176,6,0,124,260,0.0461538461538,1,0,0.953846153846,1,0.0461538461538,0.0882352941176,0.682051282051,0.661538461538,0.0606060606061,0.176776695297,0.0461538461538,216,86,130,0,216,0,86,0,130,37,216,0.162162162162,1.32432432432,11.6756756757,21.6,6,8.1990990496,0.702237650082,0.31006006006,10.329336629,1.76937710775,0.765265265265,3.0868314707,0.528762798222,0.252752752753,0.579945114934,0.437917739848,2,1.32432432432,0.579945114934,2,0.0121701261701,0.00597269624573,7,0.000900900900901,0.621196581197,37,37,37,1,0,0.72972972973,0.243243243243,0.027027027027,37,0.0645645645646,1.32432432432,4.64864864865,8.6,3.07142857143,3.79485189446,0.816334419157,0.435260842238,4.2950491787,1.84786999549,0.788812067882,2.02832791089,0.87265270585,0.481458202388,0.579945114934,0.437917739848,2,1.35294117647,0.597081434027,2,0,0,0,0,0.191115496131,37,34,34,0.918918918919,0,0.648648648649,0.108108108108,0.162162162162,37,92,0.0690690690691,1.32432432432,4.97297297297,9.2,2.70588235294,3.98947564423,0.802231515416,0.431257344301,4.46978511553,1.79763097037,0.775558166863,1.86520212818,0.750135638508,0.405992949471,0.579945114934,0.437917739848,2,1.34285714286,0.591252764842,2,0.0356911287946,0.00460122699387,1,0.0001287001287,0.187782162798,37,35,35,0.945945945946,0,0.675675675676,0.243243243243,0.027027027027,-124,-0.0930930930931,0,-6.7027027027,-12.4,-3.29411764706,-4.20962340537,0.0999938653342,0.121197284241,-5.85955151347,0.0282538626293,0.0102929015972,-1.22162934252,0.221372840286,0.153240196718,0,0,0,0.0185328185328,0.0113076499071,0,0.0235210026245,-0.00137146925187,-6,-0.000772200772201,-0.433414418399,-0.0540540540541,0,0,92,0,124,1116,0.425925925926,1,0,0.574074074074,1,0.425925925926,0.597402597403,0.619139187367,0.425925925926,0.425925925926,6,130,0,0,0,0
1770,WLNM_dir_neg,0.978520710059,0.840601499949,00:00:03,10,40,47,1234218171,threshold_sweep,0.6,1,0.0461538461538,0.0882352941176,6,0,124,260,0.0461538461538,1,0,0.953846153846,1,0.0461538461538,0.0882352941176,0.682051282051,0.661538461538,0.0606060606061,0.176776695297,0.0461538461538,216,86,130,0,216,0,86,0,130,37,216,0.162162162162,1.32432432432,11.6756756757,21.6,6,8.1990990496,0.702237650082,0.31006006006,10.329336629,1.76937710775,0.765265265265,3.0868314707,0.528762798222,0.252752752753,0.579945114934,0.437917739848,2,1.32432432432,0.579945114934,2,0.0121701261701,0.00597269624573,7,0.000900900900901,0.621196581197,37,37,37,1,0,0.72972972973,0.243243243243,0.027027027027,37,0.0645645645646,1.32432432432,4.64864864865,8.6,3.07142857143,3.79485189446,0.816334419157,0.435260842238,4.2950491787,1.84786999549,0.788812067882,2.02832791089,0.87265270585,0.481458202388,0.579945114934,0.437917739848,2,1.35294117647,0.597081434027,2,0,0,0,0,0.191115496131,37,34,34,0.918918918919,0,0.648648648649,0.108108108108,0.162162162162,37,92,0.0690690690691,1.32432432432,4.97297297297,9.2,2.70588235294,3.98947564423,0.802231515416,0.431257344301,4.46978511553,1.79763097037,0.775558166863,1.86520212818,0.750135638508,0.405992949471,0.579945114934,0.437917739848,2,1.34285714286,0.591252764842,2,0.0356911287946,0.00460122699387,1,0.0001287001287,0.187782162798,37,35,35,0.945945945946,0,0.675675675676,0.243243243243,0.027027027027,-124,-0.0930930930931,0,-6.7027027027,-12.4,-3.29411764706,-4.20962340537,0.0999938653342,0.121197284241,-5.85955151347,0.0282538626293,0.0102929015972,-1.22162934252,0.221372840286,0.153240196718,0,0,0,0.0185328185328,0.0113076499071,0,0.0235210026245,-0.00137146925187,-6,-0.000772200772201,-0.433414418399,-0.0540540540541,0,0,92,0,124,1116,0.425925925926,1,0,0.574074074074,1,0.425925925926,0.597402597403,0.619139187367,0.425925925926,0.425925925926,6,130,0,0,0,0
1771,WLNM_dir_neg,0.978520710059,0.840601499949,00:00:03,10,40,47,1234218171,threshold_sweep,0.7,1,0.0461538461538,0.0882352941176,6,0,124,260,0.0461538461538,1,0,0.953846153846,1,0.0461538461538,0.0882352941176,0.682051282051,0.661538461538,0.0606060606061,0.176776695297,0.0461538461538,216,86,130,0,216,0,86,0,130,37,216,0.162162162162,1.32432432432,11.6756756757,21.6,6,8.1990990496,0.702237650082,0.31006006006,10.329336629,1.76937710775,0.765265265265,3.0868314707,0.528762798222,0.252752752753,0.579945114934,0.437917739848,2,1.32432432432,0.579945114934,2,0.0121701261701,0.00597269624573,7,0.000900900900901,0.621196581197,37,37,37,1,0,0.72972972973,0.243243243243,0.027027027027,37,0.0645645645646,1.32432432432,4.64864864865,8.6,3.07142857143,3.79485189446,0.816334419157,0.435260842238,4.2950491787,1.84786999549,0.788812067882,2.02832791089,0.87265270585,0.481458202388,0.579945114934,0.437917739848,2,1.35294117647,0.597081434027,2,0,0,0,0,0.191115496131,37,34,34,0.918918918919,0,0.648648648649,0.108108108108,0.162162162162,37,92,0.0690690690691,1.32432432432,4.97297297297,9.2,2.70588235294,3.98947564423,0.802231515416,0.431257344301,4.46978511553,1.79763097037,0.775558166863,1.86520212818,0.750135638508,0.405992949471,0.579945114934,0.437917739848,2,1.34285714286,0.591252764842,2,0.0356911287946,0.00460122699387,1,0.0001287001287,0.187782162798,37,35,35,0.945945945946,0,0.675675675676,0.243243243243,0.027027027027,-124,-0.0930930930931,0,-6.7027027027,-12.4,-3.29411764706,-4.20962340537,0.0999938653342,0.121197284241,-5.85955151347,0.0282538626293,0.0102929015972,-1.22162934252,0.221372840286,0.153240196718,0,0,0,0.0185328185328,0.0113076499071,0,0.0235210026245,-0.00137146925187,-6,-0.000772200772201,-0.433414418399,-0.0540540540541,0,0,92,0,124,1116,0.425925925926,1,0,0.574074074074,1,0.425925925926,0.597402597403,0.619139187367,0.425925925926,0.425925925926,6,130,0,0,0,0
1772,WLNM_dir_neg,0.978520710059,0.840601499949,00:00:03,10,40,47,1234218171,threshold_sweep,0.8,1,0.0461538461538,0.0882352941176,6,0,124,260,0.0461538461538,1,0,0.953846153846,1,0.0461538461538,0.0882352941176,0.682051282051,0.661538461538,0.0606060606061,0.176776695297,0.0461538461538,216,86,130,0,216,0,86,0,130,37,216,0.162162162162,1.32432432432,11.6756756757,21.6,6,8.1990990496,0.702237650082,0.31006006006,10.329336629,1.76937710775,0.765265265265,3.0868314707,0.528762798222,0.252752752753,0.579945114934,0.437917739848,2,1.32432432432,0.579945114934,2,0.0121701261701,0.00597269624573,7,0.000900900900901,0.621196581197,37,37,37,1,0,0.72972972973,0.243243243243,0.027027027027,37,0.0645645645646,1.32432432432,4.64864864865,8.6,3.07142857143,3.79485189446,0.816334419157,0.435260842238,4.2950491787,1.84786999549,0.788812067882,2.02832791089,0.87265270585,0.481458202388,0.579945114934,0.437917739848,2,1.35294117647,0.597081434027,2,0,0,0,0,0.191115496131,37,34,34,0.918918918919,0,0.648648648649,0.108108108108,0.162162162162,37,92,0.0690690690691,1.32432432432,4.97297297297,9.2,2.70588235294,3.98947564423,0.802231515416,0.431257344301,4.46978511553,1.79763097037,0.775558166863,1.86520212818,0.750135638508,0.405992949471,0.579945114934,0.437917739848,2,1.34285714286,0.591252764842,2,0.0356911287946,0.00460122699387,1,0.0001287001287,0.187782162798,37,35,35,0.945945945946,0,0.675675675676,0.243243243243,0.027027027027,-124,-0.0930930930931,0,-6.7027027027,-12.4,-3.29411764706,-4.20962340537,0.0999938653342,0.121197284241,-5.85955151347,0.0282538626293,0.0102929015972,-1.22162934252,0.221372840286,0.153240196718,0,0,0,0.0185328185328,0.0113076499071,0,0.0235210026245,-0.00137146925187,-6,-0.000772200772201,-0.433414418399,-0.0540540540541,0,0,92,0,124,1116,0.425925925926,1,0,0.574074074074,1,0.425925925926,0.597402597403,0.619139187367,0.425925925926,0.425925925926,6,130,0,0,0,0
1773,WLNM_dir_neg,0.978520710059,0.840601499949,00:00:03,10,40,47,1234218171,threshold_sweep,0.9,1,0.0461538461538,0.0882352941176,6,0,124,260,0.0461538461538,1,0,0.953846153846,1,0.0461538461538,0.0882352941176,0.682051282051,0.661538461538,0.0606060606061,0.176776695297,0.0461538461538,216,86,130,0,216,0,86,0,130,37,216,0.162162162162,1.32432432432,11.6756756757,21.6,6,8.1990990496,0.702237650082,0.31006006006,10.329336629,1.76937710775,0.765265265265,3.0868314707,0.528762798222,0.252752752753,0.579945114934,0.437917739848,2,1.32432432432,0.579945114934,2,0.0121701261701,0.00597269624573,7,0.000900900900901,0.621196581197,37,37,37,1,0,0.72972972973,0.243243243243,0.027027027027,37,0.0645645645646,1.32432432432,4.64864864865,8.6,3.07142857143,3.79485189446,0.816334419157,0.435260842238,4.2950491787,1.84786999549,0.788812067882,2.02832791089,0.87265270585,0.481458202388,0.579945114934,0.437917739848,2,1.35294117647,0.597081434027,2,0,0,0,0,0.191115496131,37,34,34,0.918918918919,0,0.648648648649,0.108108108108,0.162162162162,37,92,0.0690690690691,1.32432432432,4.97297297297,9.2,2.70588235294,3.98947564423,0.802231515416,0.431257344301,4.46978511553,1.79763097037,0.775558166863,1.86520212818,0.750135638508,0.405992949471,0.579945114934,0.437917739848,2,1.34285714286,0.591252764842,2,0.0356911287946,0.00460122699387,1,0.0001287001287,0.187782162798,37,35,35,0.945945945946,0,0.675675675676,0.243243243243,0.027027027027,-124,-0.0930930930931,0,-6.7027027027,-12.4,-3.29411764706,-4.20962340537,0.0999938653342,0.121197284241,-5.85955151347,0.0282538626293,0.0102929015972,-1.22162934252,0.221372840286,0.153240196718,0,0,0,0.0185328185328,0.0113076499071,0,0.0235210026245,-0.00137146925187,-6,-0.000772200772201,-0.433414418399,-0.0540540540541,0,0,92,0,124,1116,0.425925925926,1,0,0.574074074074,1,0.425925925926,0.597402597403,0.619139187367,0.425925925926,0.425925925926,6,130,0,0,0,0
1774,WLNM_dir_neg,0.994171597633,0.916670451963,00:00:03,10,40,48,1234218172,threshold_sweep,0.1,0.947368421053,0.138461538462,0.241610738255,18,1,112,259,0.138461538462,0.996153846154,0.00384615384615,0.861538461538,0.947368421053,0.138461538462,0.241610738255,0.710256410256,0.650427350427,0.171149144254,0.294774079078,0.134615384615,216,86,130,0,216,0,86,0,130,37,216,0.162162162162,1.32432432432,11.6756756757,21.6,6,8.1990990496,0.702237650082,0.31006006006,10.329336629,1.76937710775,0.765265265265,3.0868314707,0.528762798222,0.252752752753,0.579945114934,0.437917739848,2,1.32432432432,0.579945114934,2,0.0121701261701,0.00597269624573,7,0.000900900900901,0.621196581197,37,37,37,1,0,0.72972972973,0.243243243243,0.027027027027,37,0.0645645645646,1.32432432432,4.64864864865,8.6,3.18518518519,3.78018383016,0.813179079743,0.418918918919,4.37831813253,1.88369501051,0.796983029541,1.90108235332,0.817907524104,0.454431175361,0.579945114934,0.437917739848,2,1.35294117647,0.597081434027,2,0,0,0,0,0.177013674416,37,34,34,0.918918918919,0,0.648648648649,0.0810810810811,0.189189189189,37,105,0.0788288288288,1.35135135135,5.67567567568,10.5,3.62068965517,4.743733024,0.835800580419,0.403861003861,5.6001662352,1.97339191145,0.806692406692,2.179621699,0.768057170124,0.429343629344,0.665257519738,0.492290564606,2.5,1.38235294118,0.68599434057,2.5,0.0199849170437,0.00337078651685,1,0.0001287001287,0.221468932302,37,34,34,0.918918918919,0,0.648648648649,0.135135135135,0.135135135135,-111,-0.0833333333333,0.027027027027,-6,-11.1,-2.37931034483,-3.4553660256,0.133562930337,0.0938009438009,-4.7291703938,0.204014803706,0.0414271414271,-0.907209771704,0.239294371901,0.176590876591,0.0853124048033,0.0543728247574,0.5,0.0580286168521,0.106049225636,0.5,0.00781479087361,-0.00260190972888,-6,-0.000772200772201,-0.399727648894,-0.0810810810811,-0.108108108108,0.108108108108,104,1,112,1115,0.481481481481,0.999103942652,0.00089605734767,0.518518518519,0.990476190476,0.481481481481,0.647975077882,0.657374171928,0.480585424134,0.479262672811,19,130,0,0,0,0
1775,WLNM_dir_neg,0.994171597633,0.916670451963,00:00:03,10,40,48,1234218172,threshold_sweep,0.2,0.947368421053,0.138461538462,0.241610738255,18,1,112,259,0.138461538462,0.996153846154,0.00384615384615,0.861538461538,0.947368421053,0.138461538462,0.241610738255,0.710256410256,0.650427350427,0.171149144254,0.294774079078,0.134615384615,216,86,130,0,216,0,86,0,130,37,216,0.162162162162,1.32432432432,11.6756756757,21.6,6,8.1990990496,0.702237650082,0.31006006006,10.329336629,1.76937710775,0.765265265265,3.0868314707,0.528762798222,0.252752752753,0.579945114934,0.437917739848,2,1.32432432432,0.579945114934,2,0.0121701261701,0.00597269624573,7,0.000900900900901,0.621196581197,37,37,37,1,0,0.72972972973,0.243243243243,0.027027027027,37,0.0645645645646,1.32432432432,4.64864864865,8.6,3.18518518519,3.78018383016,0.813179079743,0.418918918919,4.37831813253,1.88369501051,0.796983029541,1.90108235332,0.817907524104,0.454431175361,0.579945114934,0.437917739848,2,1.35294117647,0.597081434027,2,0,0,0,0,0.177013674416,37,34,34,0.918918918919,0,0.648648648649,0.0810810810811,0.189189189189,37,105,0.0788288288288,1.35135135135,5.67567567568,10.5,3.62068965517,4.743733024,0.835800580419,0.403861003861,5.6001662352,1.97339191145,0.806692406692,2.179621699,0.768057170124,0.429343629344,0.665257519738,0.492290564606,2.5,1.38235294118,0.68599434057,2.5,0.0199849170437,0.00337078651685,1,0.0001287001287,0.221468932302,37,34,34,0.918918918919,0,0.648648648649,0.135135135135,0.135135135135,-111,-0.0833333333333,0.027027027027,-6,-11.1,-2.37931034483,-3.4553660256,0.133562930337,0.0938009438009,-4.7291703938,0.204014803706,0.0414271414271,-0.907209771704,0.239294371901,0.176590876591,0.0853124048033,0.0543728247574,0.5,0.0580286168521,0.106049225636,0.5,0.00781479087361,-0.00260190972888,-6,-0.000772200772201,-0.399727648894,-0.0810810810811,-0.108108108108,0.108108108108,104,1,112,1115,0.481481481481,0.999103942652,0.00089605734767,0.518518518519,0.990476190476,0.481481481481,0.647975077882,0.657374171928,0.480585424134,0.479262672811,19,130,0,0,0,0
1776,WLNM_dir_neg,0.994171597633,0.916670451963,00:00:03,10,40,48,1234218172,threshold_sweep,0.3,0.947368421053,0.138461538462,0.241610738255,18,1,112,259,0.138461538462,0.996153846154,0.00384615384615,0.861538461538,0.947368421053,0.138461538462,0.241610738255,0.710256410256,0.650427350427,0.171149144254,0.294774079078,0.134615384615,216,86,130,0,216,0,86,0,130,37,216,0.162162162162,1.32432432432,11.6756756757,21.6,6,8.1990990496,0.702237650082,0.31006006006,10.329336629,1.76937710775,0.765265265265,3.0868314707,0.528762798222,0.252752752753,0.579945114934,0.437917739848,2,1.32432432432,0.579945114934,2,0.0121701261701,0.00597269624573,7,0.000900900900901,0.621196581197,37,37,37,1,0,0.72972972973,0.243243243243,0.027027027027,37,0.0645645645646,1.32432432432,4.64864864865,8.6,3.18518518519,3.78018383016,0.813179079743,0.418918918919,4.37831813253,1.88369501051,0.796983029541,1.90108235332,0.817907524104,0.454431175361,0.579945114934,0.437917739848,2,1.35294117647,0.597081434027,2,0,0,0,0,0.177013674416,37,34,34,0.918918918919,0,0.648648648649,0.0810810810811,0.189189189189,37,105,0.0788288288288,1.35135135135,5.67567567568,10.5,3.62068965517,4.743733024,0.835800580419,0.403861003861,5.6001662352,1.97339191145,0.806692406692,2.179621699,0.768057170124,0.429343629344,0.665257519738,0.492290564606,2.5,1.38235294118,0.68599434057,2.5,0.0199849170437,0.00337078651685,1,0.0001287001287,0.221468932302,37,34,34,0.918918918919,0,0.648648648649,0.135135135135,0.135135135135,-111,-0.0833333333333,0.027027027027,-6,-11.1,-2.37931034483,-3.4553660256,0.133562930337,0.0938009438009,-4.7291703938,0.204014803706,0.0414271414271,-0.907209771704,0.239294371901,0.176590876591,0.0853124048033,0.0543728247574,0.5,0.0580286168521,0.106049225636,0.5,0.00781479087361,-0.00260190972888,-6,-0.000772200772201,-0.399727648894,-0.0810810810811,-0.108108108108,0.108108108108,104,1,112,1115,0.481481481481,0.999103942652,0.00089605734767,0.518518518519,0.990476190476,0.481481481481,0.647975077882,0.657374171928,0.480585424134,0.479262672811,19,130,0,0,0,0
1777,WLNM_dir_neg,0.994171597633,0.916670451963,00:00:03,10,40,48,1234218172,threshold_sweep,0.4,0.947368421053,0.138461538462,0.241610738255,18,1,112,259,0.138461538462,0.996153846154,0.00384615384615,0.861538461538,0.947368421053,0.138461538462,0.241610738255,0.710256410256,0.650427350427,0.171149144254,0.294774079078,0.134615384615,216,86,130,0,216,0,86,0,130,37,216,0.162162162162,1.32432432432,11.6756756757,21.6,6,8.1990990496,0.702237650082,0.31006006006,10.329336629,1.76937710775,0.765265265265,3.0868314707,0.528762798222,0.252752752753,0.579945114934,0.437917739848,2,1.32432432432,0.579945114934,2,0.0121701261701,0.00597269624573,7,0.000900900900901,0.621196581197,37,37,37,1,0,0.72972972973,0.243243243243,0.027027027027,37,0.0645645645646,1.32432432432,4.64864864865,8.6,3.18518518519,3.78018383016,0.813179079743,0.418918918919,4.37831813253,1.88369501051,0.796983029541,1.90108235332,0.817907524104,0.454431175361,0.579945114934,0.437917739848,2,1.35294117647,0.597081434027,2,0,0,0,0,0.177013674416,37,34,34,0.918918918919,0,0.648648648649,0.0810810810811,0.189189189189,37,105,0.0788288288288,1.35135135135,5.67567567568,10.5,3.62068965517,4.743733024,0.835800580419,0.403861003861,5.6001662352,1.97339191145,0.806692406692,2.179621699,0.768057170124,0.429343629344,0.665257519738,0.492290564606,2.5,1.38235294118,0.68599434057,2.5,0.0199849170437,0.00337078651685,1,0.0001287001287,0.221468932302,37,34,34,0.918918918919,0,0.648648648649,0.135135135135,0.135135135135,-111,-0.0833333333333,0.027027027027,-6,-11.1,-2.37931034483,-3.4553660256,0.133562930337,0.0938009438009,-4.7291703938,0.204014803706,0.0414271414271,-0.907209771704,0.239294371901,0.176590876591,0.0853124048033,0.0543728247574,0.5,0.0580286168521,0.106049225636,0.5,0.00781479087361,-0.00260190972888,-6,-0.000772200772201,-0.399727648894,-0.0810810810811,-0.108108108108,0.108108108108,104,1,112,1115,0.481481481481,0.999103942652,0.00089605734767,0.518518518519,0.990476190476,0.481481481481,0.647975077882,0.657374171928,0.480585424134,0.479262672811,19,130,0,0,0,0
1778,WLNM_dir_neg,0.994171597633,0.916670451963,00:00:03,10,40,48,1234218172,threshold_sweep,0.5,0.947368421053,0.138461538462,0.241610738255,18,1,112,259,0.138461538462,0.996153846154,0.00384615384615,0.861538461538,0.947368421053,0.138461538462,0.241610738255,0.710256410256,0.650427350427,0.171149144254,0.294774079078,0.134615384615,216,86,130,0,216,0,86,0,130,37,216,0.162162162162,1.32432432432,11.6756756757,21.6,6,8.1990990496,0.702237650082,0.31006006006,10.329336629,1.76937710775,0.765265265265,3.0868314707,0.528762798222,0.252752752753,0.579945114934,0.437917739848,2,1.32432432432,0.579945114934,2,0.0121701261701,0.00597269624573,7,0.000900900900901,0.621196581197,37,37,37,1,0,0.72972972973,0.243243243243,0.027027027027,37,0.0645645645646,1.32432432432,4.64864864865,8.6,3.18518518519,3.78018383016,0.813179079743,0.418918918919,4.37831813253,1.88369501051,0.796983029541,1.90108235332,0.817907524104,0.454431175361,0.579945114934,0.437917739848,2,1.35294117647,0.597081434027,2,0,0,0,0,0.177013674416,37,34,34,0.918918918919,0,0.648648648649,0.0810810810811,0.189189189189,37,105,0.0788288288288,1.35135135135,5.67567567568,10.5,3.62068965517,4.743733024,0.835800580419,0.403861003861,5.6001662352,1.97339191145,0.806692406692,2.179621699,0.768057170124,0.429343629344,0.665257519738,0.492290564606,2.5,1.38235294118,0.68599434057,2.5,0.0199849170437,0.00337078651685,1,0.0001287001287,0.221468932302,37,34,34,0.918918918919,0,0.648648648649,0.135135135135,0.135135135135,-111,-0.0833333333333,0.027027027027,-6,-11.1,-2.37931034483,-3.4553660256,0.133562930337,0.0938009438009,-4.7291703938,0.204014803706,0.0414271414271,-0.907209771704,0.239294371901,0.176590876591,0.0853124048033,0.0543728247574,0.5,0.0580286168521,0.106049225636,0.5,0.00781479087361,-0.00260190972888,-6,-0.000772200772201,-0.399727648894,-0.0810810810811,-0.108108108108,0.108108108108,104,1,112,1115,0.481481481481,0.999103942652,0.00089605734767,0.518518518519,0.990476190476,0.481481481481,0.647975077882,0.657374171928,0.480585424134,0.479262672811,19,130,0,0,0,0
1779,WLNM_dir_neg,0.994171597633,0.916670451963,00:00:03,10,40,48,1234218172,threshold_sweep,0.6,0.947368421053,0.138461538462,0.241610738255,18,1,112,259,0.138461538462,0.996153846154,0.00384615384615,0.861538461538,0.947368421053,0.138461538462,0.241610738255,0.710256410256,0.650427350427,0.171149144254,0.294774079078,0.134615384615,216,86,130,0,216,0,86,0,130,37,216,0.162162162162,1.32432432432,11.6756756757,21.6,6,8.1990990496,0.702237650082,0.31006006006,10.329336629,1.76937710775,0.765265265265,3.0868314707,0.528762798222,0.252752752753,0.579945114934,0.437917739848,2,1.32432432432,0.579945114934,2,0.0121701261701,0.00597269624573,7,0.000900900900901,0.621196581197,37,37,37,1,0,0.72972972973,0.243243243243,0.027027027027,37,0.0645645645646,1.32432432432,4.64864864865,8.6,3.18518518519,3.78018383016,0.813179079743,0.418918918919,4.37831813253,1.88369501051,0.796983029541,1.90108235332,0.817907524104,0.454431175361,0.579945114934,0.437917739848,2,1.35294117647,0.597081434027,2,0,0,0,0,0.177013674416,37,34,34,0.918918918919,0,0.648648648649,0.0810810810811,0.189189189189,37,105,0.0788288288288,1.35135135135,5.67567567568,10.5,3.62068965517,4.743733024,0.835800580419,0.403861003861,5.6001662352,1.97339191145,0.806692406692,2.179621699,0.768057170124,0.429343629344,0.665257519738,0.492290564606,2.5,1.38235294118,0.68599434057,2.5,0.0199849170437,0.00337078651685,1,0.0001287001287,0.221468932302,37,34,34,0.918918918919,0,0.648648648649,0.135135135135,0.135135135135,-111,-0.0833333333333,0.027027027027,-6,-11.1,-2.37931034483,-3.4553660256,0.133562930337,0.0938009438009,-4.7291703938,0.204014803706,0.0414271414271,-0.907209771704,0.239294371901,0.176590876591,0.0853124048033,0.0543728247574,0.5,0.0580286168521,0.106049225636,0.5,0.00781479087361,-0.00260190972888,-6,-0.000772200772201,-0.399727648894,-0.0810810810811,-0.108108108108,0.108108108108,104,1,112,1115,0.481481481481,0.999103942652,0.00089605734767,0.518518518519,0.990476190476,0.481481481481,0.647975077882,0.657374171928,0.480585424134,0.479262672811,19,130,0,0,0,0
1780,WLNM_dir_neg,0.994171597633,0.916670451963,00:00:03,10,40,48,1234218172,threshold_sweep,0.7,0.947368421053,0.138461538462,0.241610738255,18,1,112,259,0.138461538462,0.996153846154,0.00384615384615,0.861538461538,0.947368421053,0.138461538462,0.241610738255,0.710256410256,0.650427350427,0.171149144254,0.294774079078,0.134615384615,216,86,130,0,216,0,86,0,130,37,216,0.162162162162,1.32432432432,11.6756756757,21.6,6,8.1990990496,0.702237650082,0.31006006006,10.329336629,1.76937710775,0.765265265265,3.0868314707,0.528762798222,0.252752752753,0.579945114934,0.437917739848,2,1.32432432432,0.579945114934,2,0.0121701261701,0.00597269624573,7,0.000900900900901,0.621196581197,37,37,37,1,0,0.72972972973,0.243243243243,0.027027027027,37,0.0645645645646,1.32432432432,4.64864864865,8.6,3.18518518519,3.78018383016,0.813179079743,0.418918918919,4.37831813253,1.88369501051,0.796983029541,1.90108235332,0.817907524104,0.454431175361,0.579945114934,0.437917739848,2,1.35294117647,0.597081434027,2,0,0,0,0,0.177013674416,37,34,34,0.918918918919,0,0.648648648649,0.0810810810811,0.189189189189,37,105,0.0788288288288,1.35135135135,5.67567567568,10.5,3.62068965517,4.743733024,0.835800580419,0.403861003861,5.6001662352,1.97339191145,0.806692406692,2.179621699,0.768057170124,0.429343629344,0.665257519738,0.492290564606,2.5,1.38235294118,0.68599434057,2.5,0.0199849170437,0.00337078651685,1,0.0001287001287,0.221468932302,37,34,34,0.918918918919,0,0.648648648649,0.135135135135,0.135135135135,-111,-0.0833333333333,0.027027027027,-6,-11.1,-2.37931034483,-3.4553660256,0.133562930337,0.0938009438009,-4.7291703938,0.204014803706,0.0414271414271,-0.907209771704,0.239294371901,0.176590876591,0.0853124048033,0.0543728247574,0.5,0.0580286168521,0.106049225636,0.5,0.00781479087361,-0.00260190972888,-6,-0.000772200772201,-0.399727648894,-0.0810810810811,-0.108108108108,0.108108108108,104,1,112,1115,0.481481481481,0.999103942652,0.00089605734767,0.518518518519,0.990476190476,0.481481481481,0.647975077882,0.657374171928,0.480585424134,0.479262672811,19,130,0,0,0,0
1781,WLNM_dir_neg,0.994171597633,0.916670451963,00:00:03,10,40,48,1234218172,threshold_sweep,0.8,0.947368421053,0.138461538462,0.241610738255,18,1,112,259,0.138461538462,0.996153846154,0.00384615384615,0.861538461538,0.947368421053,0.138461538462,0.241610738255,0.710256410256,0.650427350427,0.171149144254,0.294774079078,0.134615384615,216,86,130,0,216,0,86,0,130,37,216,0.162162162162,1.32432432432,11.6756756757,21.6,6,8.1990990496,0.702237650082,0.31006006006,10.329336629,1.76937710775,0.765265265265,3.0868314707,0.528762798222,0.252752752753,0.579945114934,0.437917739848,2,1.32432432432,0.579945114934,2,0.0121701261701,0.00597269624573,7,0.000900900900901,0.621196581197,37,37,37,1,0,0.72972972973,0.243243243243,0.027027027027,37,0.0645645645646,1.32432432432,4.64864864865,8.6,3.18518518519,3.78018383016,0.813179079743,0.418918918919,4.37831813253,1.88369501051,0.796983029541,1.90108235332,0.817907524104,0.454431175361,0.579945114934,0.437917739848,2,1.35294117647,0.597081434027,2,0,0,0,0,0.177013674416,37,34,34,0.918918918919,0,0.648648648649,0.0810810810811,0.189189189189,37,105,0.0788288288288,1.35135135135,5.67567567568,10.5,3.62068965517,4.743733024,0.835800580419,0.403861003861,5.6001662352,1.97339191145,0.806692406692,2.179621699,0.768057170124,0.429343629344,0.665257519738,0.492290564606,2.5,1.38235294118,0.68599434057,2.5,0.0199849170437,0.00337078651685,1,0.0001287001287,0.221468932302,37,34,34,0.918918918919,0,0.648648648649,0.135135135135,0.135135135135,-111,-0.0833333333333,0.027027027027,-6,-11.1,-2.37931034483,-3.4553660256,0.133562930337,0.0938009438009,-4.7291703938,0.204014803706,0.0414271414271,-0.907209771704,0.239294371901,0.176590876591,0.0853124048033,0.0543728247574,0.5,0.0580286168521,0.106049225636,0.5,0.00781479087361,-0.00260190972888,-6,-0.000772200772201,-0.399727648894,-0.0810810810811,-0.108108108108,0.108108108108,104,1,112,1115,0.481481481481,0.999103942652,0.00089605734767,0.518518518519,0.990476190476,0.481481481481,0.647975077882,0.657374171928,0.480585424134,0.479262672811,19,130,0,0,0,0
1782,WLNM_dir_neg,0.994171597633,0.916670451963,00:00:03,10,40,48,1234218172,threshold_sweep,0.9,0.947368421053,0.138461538462,0.241610738255,18,1,112,259,0.138461538462,0.996153846154,0.00384615384615,0.861538461538,0.947368421053,0.138461538462,0.241610738255,0.710256410256,0.650427350427,0.171149144254,0.294774079078,0.134615384615,216,86,130,0,216,0,86,0,130,37,216,0.162162162162,1.32432432432,11.6756756757,21.6,6,8.1990990496,0.702237650082,0.31006006006,10.329336629,1.76937710775,0.765265265265,3.0868314707,0.528762798222,0.252752752753,0.579945114934,0.437917739848,2,1.32432432432,0.579945114934,2,0.0121701261701,0.00597269624573,7,0.000900900900901,0.621196581197,37,37,37,1,0,0.72972972973,0.243243243243,0.027027027027,37,0.0645645645646,1.32432432432,4.64864864865,8.6,3.18518518519,3.78018383016,0.813179079743,0.418918918919,4.37831813253,1.88369501051,0.796983029541,1.90108235332,0.817907524104,0.454431175361,0.579945114934,0.437917739848,2,1.35294117647,0.597081434027,2,0,0,0,0,0.177013674416,37,34,34,0.918918918919,0,0.648648648649,0.0810810810811,0.189189189189,37,105,0.0788288288288,1.35135135135,5.67567567568,10.5,3.62068965517,4.743733024,0.835800580419,0.403861003861,5.6001662352,1.97339191145,0.806692406692,2.179621699,0.768057170124,0.429343629344,0.665257519738,0.492290564606,2.5,1.38235294118,0.68599434057,2.5,0.0199849170437,0.00337078651685,1,0.0001287001287,0.221468932302,37,34,34,0.918918918919,0,0.648648648649,0.135135135135,0.135135135135,-111,-0.0833333333333,0.027027027027,-6,-11.1,-2.37931034483,-3.4553660256,0.133562930337,0.0938009438009,-4.7291703938,0.204014803706,0.0414271414271,-0.907209771704,0.239294371901,0.176590876591,0.0853124048033,0.0543728247574,0.5,0.0580286168521,0.106049225636,0.5,0.00781479087361,-0.00260190972888,-6,-0.000772200772201,-0.399727648894,-0.0810810810811,-0.108108108108,0.108108108108,104,1,112,1115,0.481481481481,0.999103942652,0.00089605734767,0.518518518519,0.990476190476,0.481481481481,0.647975077882,0.657374171928,0.480585424134,0.479262672811,19,130,0,0,0,0
1783,WLNM_dir_neg,0.996982248521,0.986363636364,00:00:02,10,40,49,1234218173,threshold_sweep,0.1,1,0.2,0.333333333333,26,0,104,260,0.2,1,0,0.8,1,0.2,0.333333333333,0.733333333333,0.644444444444,0.25,0.377964473009,0.2,216,86,130,0,216,0,86,0,130,37,216,0.162162162162,1.32432432432,11.6756756757,21.6,6,8.1990990496,0.702237650082,0.31006006006,10.329336629,1.76937710775,0.765265265265,3.0868314707,0.528762798222,0.252752752753,0.579945114934,0.437917739848,2,1.32432432432,0.579945114934,2,0.0121701261701,0.00597269624573,7,0.000900900900901,0.621196581197,37,37,37,1,0,0.72972972973,0.243243243243,0.027027027027,37,0.0645645645646,1.33333333333,4.64864864865,8.6,2.77419354839,3.52937054678,0.759225059481,0.393148962916,4.21672631087,1.8141729477,0.783155248272,1.68414261164,0.724572984077,0.404776869893,0.60858061945,0.456435464588,2.33333333333,1.35238095238,0.620683036909,2.33333333333,0,0,0,0,0.151226995972,37,35,35,0.945945945946,0,0.675675675676,0.162162162162,0.108108108108,37,112,0.0840840840841,1.32432432432,6.05405405405,11.2,3.2,4.97184263822,0.821241864349,0.388272200772,5.61489332285,1.85492011559,0.780888030888,1.6412476028,0.542197868782,0.302123552124,0.579945114934,0.437917739848,2,1.33333333333,0.585540043769,2,0.0148890978303,0.0148367952522,5,0.000643500643501,0.193446057955,37,36,36,0.972972972973,0,0.702702702703,0.243243243243,0.027027027027,-104,-0.0780780780781,0,-5.62162162162,-10.4,-2.8,-3.22725641138,0.119004214267,0.0782121407121,-4.71444330615,0.0855430078403,0.0156227656228,-1.4455838679,0.0134350705594,0.0493707993708,0,0,0,0.00900900900901,0.00559492883467,0,0.00271897166015,0.00886409900649,-2,-0.0002574002574,-0.427750523241,-0.027027027027,0,0,112,0,104,1116,0.518518518519,1,0,0.481481481481,1,0.518518518519,0.682926829268,0.688706715439,0.518518518519,0.518518518519,26,130,0,0,0,0
1784,WLNM_dir_neg,0.996982248521,0.986363636364,00:00:02,10,40,49,1234218173,threshold_sweep,0.2,1,0.2,0.333333333333,26,0,104,260,0.2,1,0,0.8,1,0.2,0.333333333333,0.733333333333,0.644444444444,0.25,0.377964473009,0.2,216,86,130,0,216,0,86,0,130,37,216,0.162162162162,1.32432432432,11.6756756757,21.6,6,8.1990990496,0.702237650082,0.31006006006,10.329336629,1.76937710775,0.765265265265,3.0868314707,0.528762798222,0.252752752753,0.579945114934,0.437917739848,2,1.32432432432,0.579945114934,2,0.0121701261701,0.00597269624573,7,0.000900900900901,0.621196581197,37,37,37,1,0,0.72972972973,0.243243243243,0.027027027027,37,0.0645645645646,1.33333333333,4.64864864865,8.6,2.77419354839,3.52937054678,0.759225059481,0.393148962916,4.21672631087,1.8141729477,0.783155248272,1.68414261164,0.724572984077,0.404776869893,0.60858061945,0.456435464588,2.33333333333,1.35238095238,0.620683036909,2.33333333333,0,0,0,0,0.151226995972,37,35,35,0.945945945946,0,0.675675675676,0.162162162162,0.108108108108,37,112,0.0840840840841,1.32432432432,6.05405405405,11.2,3.2,4.97184263822,0.821241864349,0.388272200772,5.61489332285,1.85492011559,0.780888030888,1.6412476028,0.542197868782,0.302123552124,0.579945114934,0.437917739848,2,1.33333333333,0.585540043769,2,0.0148890978303,0.0148367952522,5,0.000643500643501,0.193446057955,37,36,36,0.972972972973,0,0.702702702703,0.243243243243,0.027027027027,-104,-0.0780780780781,0,-5.62162162162,-10.4,-2.8,-3.22725641138,0.119004214267,0.0782121407121,-4.71444330615,0.0855430078403,0.0156227656228,-1.4455838679,0.0134350705594,0.0493707993708,0,0,0,0.00900900900901,0.00559492883467,0,0.00271897166015,0.00886409900649,-2,-0.0002574002574,-0.427750523241,-0.027027027027,0,0,112,0,104,1116,0.518518518519,1,0,0.481481481481,1,0.518518518519,0.682926829268,0.688706715439,0.518518518519,0.518518518519,26,130,0,0,0,0
1785,WLNM_dir_neg,0.996982248521,0.986363636364,00:00:02,10,40,49,1234218173,threshold_sweep,0.3,1,0.2,0.333333333333,26,0,104,260,0.2,1,0,0.8,1,0.2,0.333333333333,0.733333333333,0.644444444444,0.25,0.377964473009,0.2,216,86,130,0,216,0,86,0,130,37,216,0.162162162162,1.32432432432,11.6756756757,21.6,6,8.1990990496,0.702237650082,0.31006006006,10.329336629,1.76937710775,0.765265265265,3.0868314707,0.528762798222,0.252752752753,0.579945114934,0.437917739848,2,1.32432432432,0.579945114934,2,0.0121701261701,0.00597269624573,7,0.000900900900901,0.621196581197,37,37,37,1,0,0.72972972973,0.243243243243,0.027027027027,37,0.0645645645646,1.33333333333,4.64864864865,8.6,2.77419354839,3.52937054678,0.759225059481,0.393148962916,4.21672631087,1.8141729477,0.783155248272,1.68414261164,0.724572984077,0.404776869893,0.60858061945,0.456435464588,2.33333333333,1.35238095238,0.620683036909,2.33333333333,0,0,0,0,0.151226995972,37,35,35,0.945945945946,0,0.675675675676,0.162162162162,0.108108108108,37,112,0.0840840840841,1.32432432432,6.05405405405,11.2,3.2,4.97184263822,0.821241864349,0.388272200772,5.61489332285,1.85492011559,0.780888030888,1.6412476028,0.542197868782,0.302123552124,0.579945114934,0.437917739848,2,1.33333333333,0.585540043769,2,0.0148890978303,0.0148367952522,5,0.000643500643501,0.193446057955,37,36,36,0.972972972973,0,0.702702702703,0.243243243243,0.027027027027,-104,-0.0780780780781,0,-5.62162162162,-10.4,-2.8,-3.22725641138,0.119004214267,0.0782121407121,-4.71444330615,0.0855430078403,0.0156227656228,-1.4455838679,0.0134350705594,0.0493707993708,0,0,0,0.00900900900901,0.00559492883467,0,0.00271897166015,0.00886409900649,-2,-0.0002574002574,-0.427750523241,-0.027027027027,0,0,112,0,104,1116,0.518518518519,1,0,0.481481481481,1,0.518518518519,0.682926829268,0.688706715439,0.518518518519,0.518518518519,26,130,0,0,0,0
1786,WLNM_dir_neg,0.996982248521,0.986363636364,00:00:02,10,40,49,1234218173,threshold_sweep,0.4,1,0.176923076923,0.300653594771,23,0,107,260,0.176923076923,1,0,0.823076923077,1,0.176923076923,0.300653594771,0.725641025641,0.647008547009,0.222760290557,0.354034743288,0.176923076923,216,86,130,0,216,0,86,0,130,37,216,0.162162162162,1.32432432432,11.6756756757,21.6,6,8.1990990496,0.702237650082,0.31006006006,10.329336629,1.76937710775,0.765265265265,3.0868314707,0.528762798222,0.252752752753,0.579945114934,0.437917739848,2,1.32432432432,0.579945114934,2,0.0121701261701,0.00597269624573,7,0.000900900900901,0.621196581197,37,37,37,1,0,0.72972972973,0.243243243243,0.027027027027,37,0.0645645645646,1.33333333333,4.64864864865,8.6,2.77419354839,3.52937054678,0.759225059481,0.393148962916,4.21672631087,1.8141729477,0.783155248272,1.68414261164,0.724572984077,0.404776869893,0.60858061945,0.456435464588,2.33333333333,1.35238095238,0.620683036909,2.33333333333,0,0,0,0,0.151226995972,37,35,35,0.945945945946,0,0.675675675676,0.162162162162,0.108108108108,37,109,0.0818318318318,1.32432432432,5.89189189189,10.9,3.11428571429,4.74215014397,0.804860345537,0.380114059013,5.532459499,1.87799083911,0.786511281924,1.7150631013,0.58217738301,0.323828415572,0.579945114934,0.437917739848,2,1.33333333333,0.585540043769,2,0.0076345223404,0.00639658848614,2,0.0002574002574,0.186779391289,37,36,36,0.972972972973,0,0.702702702703,0.243243243243,0.027027027027,-107,-0.0803303303303,0,-5.78378378378,-10.7,-2.88571428571,-3.45694890563,0.102622695455,0.0700539989531,-4.79687713,0.108613731366,0.0212460166589,-1.3717683694,0.0534145847877,0.0710756628188,0,0,0,0.00900900900901,0.00559492883467,0,-0.00453560382972,0.000423892240407,-5,-0.000643500643501,-0.434417189908,-0.027027027027,0,0,109,0,107,1116,0.50462962963,1,0,0.49537037037,1,0.50462962963,0.670769230769,0.67858654182,0.50462962963,0.50462962963,23,130,0,0,0,0
1787,WLNM_dir_neg,0.996982248521,0.986363636364,00:00:02,10,40,49,1234218173,threshold_sweep,0.5,1,0.130769230769,0.231292517007,17,0,113,260,0.130769230769,1,0,0.869230769231,1,0.130769230769,0.231292517007,0.710256410256,0.652136752137,0.167076167076,0.301915244752,0.130769230769,216,86,130,0,216,0,86,0,130,37,216,0.162162162162,1.32432432432,11.6756756757,21.6,6,8.1990990496,0.702237650082,0.31006006006,10.329336629,1.76937710775,0.765265265265,3.0868314707,0.528762798222,0.252752752753,0.579945114934,0.437917739848,2,1.32432432432,0.579945114934,2,0.0121701261701,0.00597269624573,7,0.000900900900901,0.621196581197,37,37,37,1,0,0.72972972973,0.243243243243,0.027027027027,37,0.0645645645646,1.33333333333,4.64864864865,8.6,2.77419354839,3.52937054678,0.759225059481,0.393148962916,4.21672631087,1.8141729477,0.783155248272,1.68414261164,0.724572984077,0.404776869893,0.60858061945,0.456435464588,2.33333333333,1.35238095238,0.620683036909,2.33333333333,0,0,0,0,0.151226995972,37,35,35,0.945945945946,0,0.675675675676,0.162162162162,0.108108108108,37,103,0.0773273273273,1.33333333333,5.56756756757,10.3,3.32258064516,4.64602901256,0.83448093915,0.383363946471,5.47791087072,1.9677932254,0.801889267909,1.90226670544,0.683338525254,0.379952768302,0.60858061945,0.456435464588,2.33333333333,1.35238095238,0.620683036909,2.33333333333,0,0,0,0,0.182334946844,37,35,35,0.945945945946,0,0.675675675676,0.162162162162,0.108108108108,-113,-0.0848348348348,0.00900900900901,-6.10810810811,-11.3,-2.67741935484,-3.55307003704,0.132243289068,0.0733038864107,-4.85142575828,0.198416117657,0.0366240026434,-1.18456476527,0.154575727032,0.12720001555,0.0286355045157,0.0185177247392,0.333333333333,0.0280566280566,0.0407379219743,0.333333333333,-0.0121701261701,-0.00597269624573,-7,-0.000900900900901,-0.438861634352,-0.0540540540541,-0.0810810810811,0.0810810810811,103,0,113,1116,0.476851851852,1,0,0.523148148148,1,0.476851851852,0.645768025078,0.658033331582,0.476851851852,0.476851851852,17,130,0,0,0,0
1788,WLNM_dir_neg,0.996982248521,0.986363636364,00:00:02,10,40,49,1234218173,threshold_sweep,0.6,1,0.130769230769,0.231292517007,17,0,113,260,0.130769230769,1,0,0.869230769231,1,0.130769230769,0.231292517007,0.710256410256,0.652136752137,0.167076167076,0.301915244752,0.130769230769,216,86,130,0,216,0,86,0,130,37,216,0.162162162162,1.32432432432,11.6756756757,21.6,6,8.1990990496,0.702237650082,0.31006006006,10.329336629,1.76937710775,0.765265265265,3.0868314707,0.528762798222,0.252752752753,0.579945114934,0.437917739848,2,1.32432432432,0.579945114934,2,0.0121701261701,0.00597269624573,7,0.000900900900901,0.621196581197,37,37,37,1,0,0.72972972973,0.243243243243,0.027027027027,37,0.0645645645646,1.33333333333,4.64864864865,8.6,2.77419354839,3.52937054678,0.759225059481,0.393148962916,4.21672631087,1.8141729477,0.783155248272,1.68414261164,0.724572984077,0.404776869893,0.60858061945,0.456435464588,2.33333333333,1.35238095238,0.620683036909,2.33333333333,0,0,0,0,0.151226995972,37,35,35,0.945945945946,0,0.675675675676,0.162162162162,0.108108108108,37,103,0.0773273273273,1.33333333333,5.56756756757,10.3,3.32258064516,4.64602901256,0.83448093915,0.383363946471,5.47791087072,1.9677932254,0.801889267909,1.90226670544,0.683338525254,0.379952768302,0.60858061945,0.456435464588,2.33333333333,1.35238095238,0.620683036909,2.33333333333,0,0,0,0,0.182334946844,37,35,35,0.945945945946,0,0.675675675676,0.162162162162,0.108108108108,-113,-0.0848348348348,0.00900900900901,-6.10810810811,-11.3,-2.67741935484,-3.55307003704,0.132243289068,0.0733038864107,-4.85142575828,0.198416117657,0.0366240026434,-1.18456476527,0.154575727032,0.12720001555,0.0286355045157,0.0185177247392,0.333333333333,0.0280566280566,0.0407379219743,0.333333333333,-0.0121701261701,-0.00597269624573,-7,-0.000900900900901,-0.438861634352,-0.0540540540541,-0.0810810810811,0.0810810810811,103,0,113,1116,0.476851851852,1,0,0.523148148148,1,0.476851851852,0.645768025078,0.658033331582,0.476851851852,0.476851851852,17,130,0,0,0,0
1789,WLNM_dir_neg,0.996982248521,0.986363636364,00:00:02,10,40,49,1234218173,threshold_sweep,0.7,1,0.130769230769,0.231292517007,17,0,113,260,0.130769230769,1,0,0.869230769231,1,0.130769230769,0.231292517007,0.710256410256,0.652136752137,0.167076167076,0.301915244752,0.130769230769,216,86,130,0,216,0,86,0,130,37,216,0.162162162162,1.32432432432,11.6756756757,21.6,6,8.1990990496,0.702237650082,0.31006006006,10.329336629,1.76937710775,0.765265265265,3.0868314707,0.528762798222,0.252752752753,0.579945114934,0.437917739848,2,1.32432432432,0.579945114934,2,0.0121701261701,0.00597269624573,7,0.000900900900901,0.621196581197,37,37,37,1,0,0.72972972973,0.243243243243,0.027027027027,37,0.0645645645646,1.33333333333,4.64864864865,8.6,2.77419354839,3.52937054678,0.759225059481,0.393148962916,4.21672631087,1.8141729477,0.783155248272,1.68414261164,0.724572984077,0.404776869893,0.60858061945,0.456435464588,2.33333333333,1.35238095238,0.620683036909,2.33333333333,0,0,0,0,0.151226995972,37,35,35,0.945945945946,0,0.675675675676,0.162162162162,0.108108108108,37,103,0.0773273273273,1.33333333333,5.56756756757,10.3,3.32258064516,4.64602901256,0.83448093915,0.383363946471,5.47791087072,1.9677932254,0.801889267909,1.90226670544,0.683338525254,0.379952768302,0.60858061945,0.456435464588,2.33333333333,1.35238095238,0.620683036909,2.33333333333,0,0,0,0,0.182334946844,37,35,35,0.945945945946,0,0.675675675676,0.162162162162,0.108108108108,-113,-0.0848348348348,0.00900900900901,-6.10810810811,-11.3,-2.67741935484,-3.55307003704,0.132243289068,0.0733038864107,-4.85142575828,0.198416117657,0.0366240026434,-1.18456476527,0.154575727032,0.12720001555,0.0286355045157,0.0185177247392,0.333333333333,0.0280566280566,0.0407379219743,0.333333333333,-0.0121701261701,-0.00597269624573,-7,-0.000900900900901,-0.438861634352,-0.0540540540541,-0.0810810810811,0.0810810810811,103,0,113,1116,0.476851851852,1,0,0.523148148148,1,0.476851851852,0.645768025078,0.658033331582,0.476851851852,0.476851851852,17,130,0,0,0,0
1790,WLNM_dir_neg,0.996982248521,0.986363636364,00:00:02,10,40,49,1234218173,threshold_sweep,0.8,1,0.130769230769,0.231292517007,17,0,113,260,0.130769230769,1,0,0.869230769231,1,0.130769230769,0.231292517007,0.710256410256,0.652136752137,0.167076167076,0.301915244752,0.130769230769,216,86,130,0,216,0,86,0,130,37,216,0.162162162162,1.32432432432,11.6756756757,21.6,6,8.1990990496,0.702237650082,0.31006006006,10.329336629,1.76937710775,0.765265265265,3.0868314707,0.528762798222,0.252752752753,0.579945114934,0.437917739848,2,1.32432432432,0.579945114934,2,0.0121701261701,0.00597269624573,7,0.000900900900901,0.621196581197,37,37,37,1,0,0.72972972973,0.243243243243,0.027027027027,37,0.0645645645646,1.33333333333,4.64864864865,8.6,2.77419354839,3.52937054678,0.759225059481,0.393148962916,4.21672631087,1.8141729477,0.783155248272,1.68414261164,0.724572984077,0.404776869893,0.60858061945,0.456435464588,2.33333333333,1.35238095238,0.620683036909,2.33333333333,0,0,0,0,0.151226995972,37,35,35,0.945945945946,0,0.675675675676,0.162162162162,0.108108108108,37,103,0.0773273273273,1.33333333333,5.56756756757,10.3,3.32258064516,4.64602901256,0.83448093915,0.383363946471,5.47791087072,1.9677932254,0.801889267909,1.90226670544,0.683338525254,0.379952768302,0.60858061945,0.456435464588,2.33333333333,1.35238095238,0.620683036909,2.33333333333,0,0,0,0,0.182334946844,37,35,35,0.945945945946,0,0.675675675676,0.162162162162,0.108108108108,-113,-0.0848348348348,0.00900900900901,-6.10810810811,-11.3,-2.67741935484,-3.55307003704,0.132243289068,0.0733038864107,-4.85142575828,0.198416117657,0.0366240026434,-1.18456476527,0.154575727032,0.12720001555,0.0286355045157,0.0185177247392,0.333333333333,0.0280566280566,0.0407379219743,0.333333333333,-0.0121701261701,-0.00597269624573,-7,-0.000900900900901,-0.438861634352,-0.0540540540541,-0.0810810810811,0.0810810810811,103,0,113,1116,0.476851851852,1,0,0.523148148148,1,0.476851851852,0.645768025078,0.658033331582,0.476851851852,0.476851851852,17,130,0,0,0,0
1791,WLNM_dir_neg,0.996982248521,0.986363636364,00:00:02,10,40,49,1234218173,threshold_sweep,0.9,1,0.130769230769,0.231292517007,17,0,113,260,0.130769230769,1,0,0.869230769231,1,0.130769230769,0.231292517007,0.710256410256,0.652136752137,0.167076167076,0.301915244752,0.130769230769,216,86,130,0,216,0,86,0,130,37,216,0.162162162162,1.32432432432,11.6756756757,21.6,6,8.1990990496,0.702237650082,0.31006006006,10.329336629,1.76937710775,0.765265265265,3.0868314707,0.528762798222,0.252752752753,0.579945114934,0.437917739848,2,1.32432432432,0.579945114934,2,0.0121701261701,0.00597269624573,7,0.000900900900901,0.621196581197,37,37,37,1,0,0.72972972973,0.243243243243,0.027027027027,37,0.0645645645646,1.33333333333,4.64864864865,8.6,2.77419354839,3.52937054678,0.759225059481,0.393148962916,4.21672631087,1.8141729477,0.783155248272,1.68414261164,0.724572984077,0.404776869893,0.60858061945,0.456435464588,2.33333333333,1.35238095238,0.620683036909,2.33333333333,0,0,0,0,0.151226995972,37,35,35,0.945945945946,0,0.675675675676,0.162162162162,0.108108108108,37,103,0.0773273273273,1.33333333333,5.56756756757,10.3,3.32258064516,4.64602901256,0.83448093915,0.383363946471,5.47791087072,1.9677932254,0.801889267909,1.90226670544,0.683338525254,0.379952768302,0.60858061945,0.456435464588,2.33333333333,1.35238095238,0.620683036909,2.33333333333,0,0,0,0,0.182334946844,37,35,35,0.945945945946,0,0.675675675676,0.162162162162,0.108108108108,-113,-0.0848348348348,0.00900900900901,-6.10810810811,-11.3,-2.67741935484,-3.55307003704,0.132243289068,0.0733038864107,-4.85142575828,0.198416117657,0.0366240026434,-1.18456476527,0.154575727032,0.12720001555,0.0286355045157,0.0185177247392,0.333333333333,0.0280566280566,0.0407379219743,0.333333333333,-0.0121701261701,-0.00597269624573,-7,-0.000900900900901,-0.438861634352,-0.0540540540541,-0.0810810810811,0.0810810810811,103,0,113,1116,0.476851851852,1,0,0.523148148148,1,0.476851851852,0.645768025078,0.658033331582,0.476851851852,0.476851851852,17,130,0,0,0,0
1792,WLNM_dir_neg,0.966952662722,0.611861521844,00:00:02,10,40,50,1234218174,threshold_sweep,0.1,0.333333333333,0.00769230769231,0.015037593985,1,2,129,258,0.00769230769231,0.992307692308,0.00769230769231,0.992307692308,0.333333333333,0.00769230769231,0.015037593985,0.664102564103,0.664102564103,0,0,0,216,86,130,0,216,0,86,0,130,37,216,0.162162162162,1.32432432432,11.6756756757,21.6,6,8.1990990496,0.702237650082,0.31006006006,10.329336629,1.76937710775,0.765265265265,3.0868314707,0.528762798222,0.252752752753,0.579945114934,0.437917739848,2,1.32432432432,0.579945114934,2,0.0121701261701,0.00597269624573,7,0.000900900900901,0.621196581197,37,37,37,1,0,0.72972972973,0.243243243243,0.027027027027,37,0.0645645645646,1.32972972973,4.64864864865,8.6,2.77419354839,3.53723225305,0.760916240482,0.390006285355,4.18365904478,1.79994633322,0.780641106223,1.59954948612,0.688178267286,0.384663733501,0.59668755311,0.448728444412,2.2,1.34857142857,0.608455822057,2.2,0.0134643134643,0.00556586270872,1,0.0001287001287,0.145600999734,37,35,35,0.945945945946,0,0.675675675676,0.162162162162,0.108108108108,37,89,0.0668168168168,1.34426940309,4.81081081081,8.9,2.78125,3.66543795957,0.761916879236,0.394776799271,4.25871302586,1.77047620176,0.774977224415,1.53585769486,0.638502637189,0.355906468266,0.637223552763,0.474029648593,2.41176470588,1.36394194041,0.650053180491,2.41176470588,0.0647039828858,0.0367132867133,7,0.000900900900901,0.14717571434,37,35,35,0.945945945946,0,0.675675675676,0.189189189189,0.0810810810811,-127,-0.0953453453453,0.0199450787686,-6.86486486486,-12.7,-3.21875,-4.53366109004,0.059679229154,0.0847167392111,-6.07062360314,0.00109909401704,0.00971195915016,-1.55097377584,0.109739838966,0.103153715513,0.0572784378282,0.0361119087446,0.411764705882,0.0396176160882,0.0701080655566,0.411764705882,0.0525338567157,0.0307405904676,0,0,-0.474020866856,-0.0540540540541,-0.0540540540541,0.0540540540541,87,2,129,1114,0.402777777778,0.998207885305,0.00179211469534,0.597222222222,0.977528089888,0.402777777778,0.570491803279,0.591912143989,0.400985663082,0.399082568807,3,130,0,0,0,0
1793,WLNM_dir_neg,0.966952662722,0.611861521844,00:00:02,10,40,50,1234218174,threshold_sweep,0.2,0.333333333333,0.00769230769231,0.015037593985,1,2,129,258,0.00769230769231,0.992307692308,0.00769230769231,0.992307692308,0.333333333333,0.00769230769231,0.015037593985,0.664102564103,0.664102564103,0,0,0,216,86,130,0,216,0,86,0,130,37,216,0.162162162162,1.32432432432,11.6756756757,21.6,6,8.1990990496,0.702237650082,0.31006006006,10.329336629,1.76937710775,0.765265265265,3.0868314707,0.528762798222,0.252752752753,0.579945114934,0.437917739848,2,1.32432432432,0.579945114934,2,0.0121701261701,0.00597269624573,7,0.000900900900901,0.621196581197,37,37,37,1,0,0.72972972973,0.243243243243,0.027027027027,37,0.0645645645646,1.32972972973,4.64864864865,8.6,2.77419354839,3.53723225305,0.760916240482,0.390006285355,4.18365904478,1.79994633322,0.780641106223,1.59954948612,0.688178267286,0.384663733501,0.59668755311,0.448728444412,2.2,1.34857142857,0.608455822057,2.2,0.0134643134643,0.00556586270872,1,0.0001287001287,0.145600999734,37,35,35,0.945945945946,0,0.675675675676,0.162162162162,0.108108108108,37,89,0.0668168168168,1.34426940309,4.81081081081,8.9,2.78125,3.66543795957,0.761916879236,0.394776799271,4.25871302586,1.77047620176,0.774977224415,1.53585769486,0.638502637189,0.355906468266,0.637223552763,0.474029648593,2.41176470588,1.36394194041,0.650053180491,2.41176470588,0.0647039828858,0.0367132867133,7,0.000900900900901,0.14717571434,37,35,35,0.945945945946,0,0.675675675676,0.189189189189,0.0810810810811,-127,-0.0953453453453,0.0199450787686,-6.86486486486,-12.7,-3.21875,-4.53366109004,0.059679229154,0.0847167392111,-6.07062360314,0.00109909401704,0.00971195915016,-1.55097377584,0.109739838966,0.103153715513,0.0572784378282,0.0361119087446,0.411764705882,0.0396176160882,0.0701080655566,0.411764705882,0.0525338567157,0.0307405904676,0,0,-0.474020866856,-0.0540540540541,-0.0540540540541,0.0540540540541,87,2,129,1114,0.402777777778,0.998207885305,0.00179211469534,0.597222222222,0.977528089888,0.402777777778,0.570491803279,0.591912143989,0.400985663082,0.399082568807,3,130,0,0,0,0
1794,WLNM_dir_neg,0.966952662722,0.611861521844,00:00:02,10,40,50,1234218174,threshold_sweep,0.3,0.5,0.00769230769231,0.0151515151515,1,1,129,259,0.00769230769231,0.996153846154,0.00384615384615,0.992307692308,0.5,0.00769230769231,0.0151515151515,0.666666666667,0.664957264957,0.00510204081633,0.0253836541283,0.00384615384615,216,86,130,0,216,0,86,0,130,37,216,0.162162162162,1.32432432432,11.6756756757,21.6,6,8.1990990496,0.702237650082,0.31006006006,10.329336629,1.76937710775,0.765265265265,3.0868314707,0.528762798222,0.252752752753,0.579945114934,0.437917739848,2,1.32432432432,0.579945114934,2,0.0121701261701,0.00597269624573,7,0.000900900900901,0.621196581197,37,37,37,1,0,0.72972972973,0.243243243243,0.027027027027,37,0.0645645645646,1.32972972973,4.64864864865,8.6,2.77419354839,3.53723225305,0.760916240482,0.390006285355,4.18365904478,1.79994633322,0.780641106223,1.59954948612,0.688178267286,0.384663733501,0.59668755311,0.448728444412,2.2,1.34857142857,0.608455822057,2.2,0.0134643134643,0.00556586270872,1,0.0001287001287,0.145600999734,37,35,35,0.945945945946,0,0.675675675676,0.162162162162,0.108108108108,37,88,0.0660660660661,1.34181240064,4.75675675676,8.8,2.75,3.58550635976,0.753771223358,0.391277641278,4.20549476116,1.76821938822,0.77457002457,1.55190476783,0.652505413746,0.364250614251,0.634433851982,0.47281859348,2.41176470588,1.36134453782,0.647238549614,2.41176470588,0.0252488252488,0.0108499095841,2,0.0002574002574,0.14824650238,37,35,35,0.945945945946,0,0.675675675676,0.189189189189,0.0810810810811,-128,-0.0960960960961,0.0174880763116,-6.91891891892,-12.8,-3.25,-4.61359268985,0.0515335732761,0.0812175812176,-6.12384186783,-0.00115771952822,0.00930475930476,-1.53492670288,0.123742615524,0.111497861498,0.0544887370477,0.0349008536311,0.411764705882,0.0370202134908,0.0672934346795,0.411764705882,0.0130786990787,0.00487721333835,-5,-0.000643500643501,-0.472950078817,-0.0540540540541,-0.0540540540541,0.0540540540541,87,1,129,1115,0.402777777778,0.999103942652,0.00089605734767,0.597222222222,0.988636363636,0.402777777778,0.572368421053,0.596356145978,0.40188172043,0.400921658986,2,130,0,0,0,0
1795,WLNM_dir_neg,0.966952662722,0.611861521844,00:00:02,10,40,50,1234218174,threshold_sweep,0.4,0.5,0.00769230769231,0.0151515151515,1,1,129,259,0.00769230769231,0.996153846154,0.00384615384615,0.992307692308,0.5,0.00769230769231,0.0151515151515,0.666666666667,0.664957264957,0.00510204081633,0.0253836541283,0.00384615384615,216,86,130,0,216,0,86,0,130,37,216,0.162162162162,1.32432432432,11.6756756757,21.6,6,8.1990990496,0.702237650082,0.31006006006,10.329336629,1.76937710775,0.765265265265,3.0868314707,0.528762798222,0.252752752753,0.579945114934,0.437917739848,2,1.32432432432,0.579945114934,2,0.0121701261701,0.00597269624573,7,0.000900900900901,0.621196581197,37,37,37,1,0,0.72972972973,0.243243243243,0.027027027027,37,0.0645645645646,1.32972972973,4.64864864865,8.6,2.77419354839,3.53723225305,0.760916240482,0.390006285355,4.18365904478,1.79994633322,0.780641106223,1.59954948612,0.688178267286,0.384663733501,0.59668755311,0.448728444412,2.2,1.34857142857,0.608455822057,2.2,0.0134643134643,0.00556586270872,1,0.0001287001287,0.145600999734,37,35,35,0.945945945946,0,0.675675675676,0.162162162162,0.108108108108,37,88,0.0660660660661,1.34181240064,4.75675675676,8.8,2.75,3.58550635976,0.753771223358,0.391277641278,4.20549476116,1.76821938822,0.77457002457,1.55190476783,0.652505413746,0.364250614251,0.634433851982,0.47281859348,2.41176470588,1.36134453782,0.647238549614,2.41176470588,0.0252488252488,0.0108499095841,2,0.0002574002574,0.14824650238,37,35,35,0.945945945946,0,0.675675675676,0.189189189189,0.0810810810811,-128,-0.0960960960961,0.0174880763116,-6.91891891892,-12.8,-3.25,-4.61359268985,0.0515335732761,0.0812175812176,-6.12384186783,-0.00115771952822,0.00930475930476,-1.53492670288,0.123742615524,0.111497861498,0.0544887370477,0.0349008536311,0.411764705882,0.0370202134908,0.0672934346795,0.411764705882,0.0130786990787,0.00487721333835,-5,-0.000643500643501,-0.472950078817,-0.0540540540541,-0.0540540540541,0.0540540540541,87,1,129,1115,0.402777777778,0.999103942652,0.00089605734767,0.597222222222,0.988636363636,0.402777777778,0.572368421053,0.596356145978,0.40188172043,0.400921658986,2,130,0,0,0,0
1796,WLNM_dir_neg,0.966952662722,0.611861521844,00:00:02,10,40,50,1234218174,threshold_sweep,0.5,0.5,0.00769230769231,0.0151515151515,1,1,129,259,0.00769230769231,0.996153846154,0.00384615384615,0.992307692308,0.5,0.00769230769231,0.0151515151515,0.666666666667,0.664957264957,0.00510204081633,0.0253836541283,0.00384615384615,216,86,130,0,216,0,86,0,130,37,216,0.162162162162,1.32432432432,11.6756756757,21.6,6,8.1990990496,0.702237650082,0.31006006006,10.329336629,1.76937710775,0.765265265265,3.0868314707,0.528762798222,0.252752752753,0.579945114934,0.437917739848,2,1.32432432432,0.579945114934,2,0.0121701261701,0.00597269624573,7,0.000900900900901,0.621196581197,37,37,37,1,0,0.72972972973,0.243243243243,0.027027027027,37,0.0645645645646,1.32972972973,4.64864864865,8.6,2.77419354839,3.53723225305,0.760916240482,0.390006285355,4.18365904478,1.79994633322,0.780641106223,1.59954948612,0.688178267286,0.384663733501,0.59668755311,0.448728444412,2.2,1.34857142857,0.608455822057,2.2,0.0134643134643,0.00556586270872,1,0.0001287001287,0.145600999734,37,35,35,0.945945945946,0,0.675675675676,0.162162162162,0.108108108108,37,88,0.0660660660661,1.34181240064,4.75675675676,8.8,2.75,3.58550635976,0.753771223358,0.391277641278,4.20549476116,1.76821938822,0.77457002457,1.55190476783,0.652505413746,0.364250614251,0.634433851982,0.47281859348,2.41176470588,1.36134453782,0.647238549614,2.41176470588,0.0252488252488,0.0108499095841,2,0.0002574002574,0.14824650238,37,35,35,0.945945945946,0,0.675675675676,0.189189189189,0.0810810810811,-128,-0.0960960960961,0.0174880763116,-6.91891891892,-12.8,-3.25,-4.61359268985,0.0515335732761,0.0812175812176,-6.12384186783,-0.00115771952822,0.00930475930476,-1.53492670288,0.123742615524,0.111497861498,0.0544887370477,0.0349008536311,0.411764705882,0.0370202134908,0.0672934346795,0.411764705882,0.0130786990787,0.00487721333835,-5,-0.000643500643501,-0.472950078817,-0.0540540540541,-0.0540540540541,0.0540540540541,87,1,129,1115,0.402777777778,0.999103942652,0.00089605734767,0.597222222222,0.988636363636,0.402777777778,0.572368421053,0.596356145978,0.40188172043,0.400921658986,2,130,0,0,0,0
1797,WLNM_dir_neg,0.966952662722,0.611861521844,00:00:02,10,40,50,1234218174,threshold_sweep,0.6,0.5,0.00769230769231,0.0151515151515,1,1,129,259,0.00769230769231,0.996153846154,0.00384615384615,0.992307692308,0.5,0.00769230769231,0.0151515151515,0.666666666667,0.664957264957,0.00510204081633,0.0253836541283,0.00384615384615,216,86,130,0,216,0,86,0,130,37,216,0.162162162162,1.32432432432,11.6756756757,21.6,6,8.1990990496,0.702237650082,0.31006006006,10.329336629,1.76937710775,0.765265265265,3.0868314707,0.528762798222,0.252752752753,0.579945114934,0.437917739848,2,1.32432432432,0.579945114934,2,0.0121701261701,0.00597269624573,7,0.000900900900901,0.621196581197,37,37,37,1,0,0.72972972973,0.243243243243,0.027027027027,37,0.0645645645646,1.32972972973,4.64864864865,8.6,2.77419354839,3.53723225305,0.760916240482,0.390006285355,4.18365904478,1.79994633322,0.780641106223,1.59954948612,0.688178267286,0.384663733501,0.59668755311,0.448728444412,2.2,1.34857142857,0.608455822057,2.2,0.0134643134643,0.00556586270872,1,0.0001287001287,0.145600999734,37,35,35,0.945945945946,0,0.675675675676,0.162162162162,0.108108108108,37,88,0.0660660660661,1.34181240064,4.75675675676,8.8,2.75,3.58550635976,0.753771223358,0.391277641278,4.20549476116,1.76821938822,0.77457002457,1.55190476783,0.652505413746,0.364250614251,0.634433851982,0.47281859348,2.41176470588,1.36134453782,0.647238549614,2.41176470588,0.0252488252488,0.0108499095841,2,0.0002574002574,0.14824650238,37,35,35,0.945945945946,0,0.675675675676,0.189189189189,0.0810810810811,-128,-0.0960960960961,0.0174880763116,-6.91891891892,-12.8,-3.25,-4.61359268985,0.0515335732761,0.0812175812176,-6.12384186783,-0.00115771952822,0.00930475930476,-1.53492670288,0.123742615524,0.111497861498,0.0544887370477,0.0349008536311,0.411764705882,0.0370202134908,0.0672934346795,0.411764705882,0.0130786990787,0.00487721333835,-5,-0.000643500643501,-0.472950078817,-0.0540540540541,-0.0540540540541,0.0540540540541,87,1,129,1115,0.402777777778,0.999103942652,0.00089605734767,0.597222222222,0.988636363636,0.402777777778,0.572368421053,0.596356145978,0.40188172043,0.400921658986,2,130,0,0,0,0
1798,WLNM_dir_neg,0.966952662722,0.611861521844,00:00:02,10,40,50,1234218174,threshold_sweep,0.7,0.5,0.00769230769231,0.0151515151515,1,1,129,259,0.00769230769231,0.996153846154,0.00384615384615,0.992307692308,0.5,0.00769230769231,0.0151515151515,0.666666666667,0.664957264957,0.00510204081633,0.0253836541283,0.00384615384615,216,86,130,0,216,0,86,0,130,37,216,0.162162162162,1.32432432432,11.6756756757,21.6,6,8.1990990496,0.702237650082,0.31006006006,10.329336629,1.76937710775,0.765265265265,3.0868314707,0.528762798222,0.252752752753,0.579945114934,0.437917739848,2,1.32432432432,0.579945114934,2,0.0121701261701,0.00597269624573,7,0.000900900900901,0.621196581197,37,37,37,1,0,0.72972972973,0.243243243243,0.027027027027,37,0.0645645645646,1.32972972973,4.64864864865,8.6,2.77419354839,3.53723225305,0.760916240482,0.390006285355,4.18365904478,1.79994633322,0.780641106223,1.59954948612,0.688178267286,0.384663733501,0.59668755311,0.448728444412,2.2,1.34857142857,0.608455822057,2.2,0.0134643134643,0.00556586270872,1,0.0001287001287,0.145600999734,37,35,35,0.945945945946,0,0.675675675676,0.162162162162,0.108108108108,37,88,0.0660660660661,1.34181240064,4.75675675676,8.8,2.75,3.58550635976,0.753771223358,0.391277641278,4.20549476116,1.76821938822,0.77457002457,1.55190476783,0.652505413746,0.364250614251,0.634433851982,0.47281859348,2.41176470588,1.36134453782,0.647238549614,2.41176470588,0.0252488252488,0.0108499095841,2,0.0002574002574,0.14824650238,37,35,35,0.945945945946,0,0.675675675676,0.189189189189,0.0810810810811,-128,-0.0960960960961,0.0174880763116,-6.91891891892,-12.8,-3.25,-4.61359268985,0.0515335732761,0.0812175812176,-6.12384186783,-0.00115771952822,0.00930475930476,-1.53492670288,0.123742615524,0.111497861498,0.0544887370477,0.0349008536311,0.411764705882,0.0370202134908,0.0672934346795,0.411764705882,0.0130786990787,0.00487721333835,-5,-0.000643500643501,-0.472950078817,-0.0540540540541,-0.0540540540541,0.0540540540541,87,1,129,1115,0.402777777778,0.999103942652,0.00089605734767,0.597222222222,0.988636363636,0.402777777778,0.572368421053,0.596356145978,0.40188172043,0.400921658986,2,130,0,0,0,0
1799,WLNM_dir_neg,0.966952662722,0.611861521844,00:00:02,10,40,50,1234218174,threshold_sweep,0.8,0.5,0.00769230769231,0.0151515151515,1,1,129,259,0.00769230769231,0.996153846154,0.00384615384615,0.992307692308,0.5,0.00769230769231,0.0151515151515,0.666666666667,0.664957264957,0.00510204081633,0.0253836541283,0.00384615384615,216,86,130,0,216,0,86,0,130,37,216,0.162162162162,1.32432432432,11.6756756757,21.6,6,8.1990990496,0.702237650082,0.31006006006,10.329336629,1.76937710775,0.765265265265,3.0868314707,0.528762798222,0.252752752753,0.579945114934,0.437917739848,2,1.32432432432,0.579945114934,2,0.0121701261701,0.00597269624573,7,0.000900900900901,0.621196581197,37,37,37,1,0,0.72972972973,0.243243243243,0.027027027027,37,0.0645645645646,1.32972972973,4.64864864865,8.6,2.77419354839,3.53723225305,0.760916240482,0.390006285355,4.18365904478,1.79994633322,0.780641106223,1.59954948612,0.688178267286,0.384663733501,0.59668755311,0.448728444412,2.2,1.34857142857,0.608455822057,2.2,0.0134643134643,0.00556586270872,1,0.0001287001287,0.145600999734,37,35,35,0.945945945946,0,0.675675675676,0.162162162162,0.108108108108,37,88,0.0660660660661,1.34181240064,4.75675675676,8.8,2.75,3.58550635976,0.753771223358,0.391277641278,4.20549476116,1.76821938822,0.77457002457,1.55190476783,0.652505413746,0.364250614251,0.634433851982,0.47281859348,2.41176470588,1.36134453782,0.647238549614,2.41176470588,0.0252488252488,0.0108499095841,2,0.0002574002574,0.14824650238,37,35,35,0.945945945946,0,0.675675675676,0.189189189189,0.0810810810811,-128,-0.0960960960961,0.0174880763116,-6.91891891892,-12.8,-3.25,-4.61359268985,0.0515335732761,0.0812175812176,-6.12384186783,-0.00115771952822,0.00930475930476,-1.53492670288,0.123742615524,0.111497861498,0.0544887370477,0.0349008536311,0.411764705882,0.0370202134908,0.0672934346795,0.411764705882,0.0130786990787,0.00487721333835,-5,-0.000643500643501,-0.472950078817,-0.0540540540541,-0.0540540540541,0.0540540540541,87,1,129,1115,0.402777777778,0.999103942652,0.00089605734767,0.597222222222,0.988636363636,0.402777777778,0.572368421053,0.596356145978,0.40188172043,0.400921658986,2,130,0,0,0,0
1800,WLNM_dir_neg,0.966952662722,0.611861521844,00:00:02,10,40,50,1234218174,threshold_sweep,0.9,0.5,0.00769230769231,0.0151515151515,1,1,129,259,0.00769230769231,0.996153846154,0.00384615384615,0.992307692308,0.5,0.00769230769231,0.0151515151515,0.666666666667,0.664957264957,0.00510204081633,0.0253836541283,0.00384615384615,216,86,130,0,216,0,86,0,130,37,216,0.162162162162,1.32432432432,11.6756756757,21.6,6,8.1990990496,0.702237650082,0.31006006006,10.329336629,1.76937710775,0.765265265265,3.0868314707,0.528762798222,0.252752752753,0.579945114934,0.437917739848,2,1.32432432432,0.579945114934,2,0.0121701261701,0.00597269624573,7,0.000900900900901,0.621196581197,37,37,37,1,0,0.72972972973,0.243243243243,0.027027027027,37,0.0645645645646,1.32972972973,4.64864864865,8.6,2.77419354839,3.53723225305,0.760916240482,0.390006285355,4.18365904478,1.79994633322,0.780641106223,1.59954948612,0.688178267286,0.384663733501,0.59668755311,0.448728444412,2.2,1.34857142857,0.608455822057,2.2,0.0134643134643,0.00556586270872,1,0.0001287001287,0.145600999734,37,35,35,0.945945945946,0,0.675675675676,0.162162162162,0.108108108108,37,88,0.0660660660661,1.34181240064,4.75675675676,8.8,2.75,3.58550635976,0.753771223358,0.391277641278,4.20549476116,1.76821938822,0.77457002457,1.55190476783,0.652505413746,0.364250614251,0.634433851982,0.47281859348,2.41176470588,1.36134453782,0.647238549614,2.41176470588,0.0252488252488,0.0108499095841,2,0.0002574002574,0.14824650238,37,35,35,0.945945945946,0,0.675675675676,0.189189189189,0.0810810810811,-128,-0.0960960960961,0.0174880763116,-6.91891891892,-12.8,-3.25,-4.61359268985,0.0515335732761,0.0812175812176,-6.12384186783,-0.00115771952822,0.00930475930476,-1.53492670288,0.123742615524,0.111497861498,0.0544887370477,0.0349008536311,0.411764705882,0.0370202134908,0.0672934346795,0.411764705882,0.0130786990787,0.00487721333835,-5,-0.000643500643501,-0.472950078817,-0.0540540540541,-0.0540540540541,0.0540540540541,87,1,129,1115,0.402777777778,0.999103942652,0.00089605734767,0.597222222222,0.988636363636,0.402777777778,0.572368421053,0.596356145978,0.40188172043,0.400921658986,2,130,0,0,0,0
1801,WLNM_dir_neg,0.98480366941,0.887922932331,00:00:04,10,50,1,1235135425,threshold_sweep,0.1,0.857142857143,0.0555555555556,0.104347826087,6,1,102,215,0.0555555555556,0.99537037037,0.00462962962963,0.944444444444,0.857142857143,0.0555555555556,0.104347826087,0.682098765432,0.659465020576,0.0664652567976,0.16511975525,0.0509259259259,216,108,108,0,216,0,108,0,108,37,216,0.162162162162,1.32432432432,11.6756756757,21.6,6,8.1990990496,0.702237650082,0.31006006006,10.329336629,1.76937710775,0.765265265265,3.0868314707,0.528762798222,0.252752752753,0.579945114934,0.437917739848,2,1.32432432432,0.579945114934,2,0.0121701261701,0.00597269624573,7,0.000900900900901,0.621196581197,37,37,37,1,0,0.72972972973,0.243243243243,0.027027027027,37,0.0810810810811,1.32432432432,5.83783783784,10.8,3.27272727273,4.41281916386,0.755899578995,0.388638638639,5.15524747966,1.76614959951,0.773273273273,1.90581534576,0.652918220306,0.365365365365,0.579945114934,0.437917739848,2,1.34285714286,0.591252764842,2,0,0,0,0,0.208205492192,37,35,35,0.945945945946,0,0.675675675676,0.216216216216,0.0540540540541,37,115,0.0863363363363,1.40430907098,6.21621621622,10.4545454545,3.38235294118,4.73248311105,0.761312500474,0.39741480611,5.25348447215,1.69025152582,0.756756756757,1.74457546227,0.561298192208,0.308813160987,0.683768767675,0.486907605887,2.17927689594,1.42741244646,0.696331072733,2.17927689594,0.0147792450313,0.0213197969543,7,0.000900900900901,0.18456351237,37,35,35,0.945945945946,0,0.648648648649,0.27027027027,0.027027027027,-101,-0.0758258258258,0.0799847466514,-5.45945945946,-11.1454545455,-2.61764705882,-3.46661593855,0.0590748503918,0.0873547460504,-5.07585215685,-0.0791255819238,-0.00850850850851,-1.34225600844,0.0325353939851,0.0560604082343,0.10382365274,0.048989866039,0.179276895944,0.103088122136,0.116385957798,0.179276895944,0.00260911886122,0.0153471007086,0,0,-0.436633068826,-0.0810810810811,0.027027027027,0,114,1,102,1115,0.527777777778,0.999103942652,0.00089605734767,0.472222222222,0.991304347826,0.527777777778,0.688821752266,0.691477248276,0.52688172043,0.52534562212,7,108,0,0,0,0
1802,WLNM_dir_neg,0.98480366941,0.887922932331,00:00:04,10,50,1,1235135425,threshold_sweep,0.2,0.857142857143,0.0555555555556,0.104347826087,6,1,102,215,0.0555555555556,0.99537037037,0.00462962962963,0.944444444444,0.857142857143,0.0555555555556,0.104347826087,0.682098765432,0.659465020576,0.0664652567976,0.16511975525,0.0509259259259,216,108,108,0,216,0,108,0,108,37,216,0.162162162162,1.32432432432,11.6756756757,21.6,6,8.1990990496,0.702237650082,0.31006006006,10.329336629,1.76937710775,0.765265265265,3.0868314707,0.528762798222,0.252752752753,0.579945114934,0.437917739848,2,1.32432432432,0.579945114934,2,0.0121701261701,0.00597269624573,7,0.000900900900901,0.621196581197,37,37,37,1,0,0.72972972973,0.243243243243,0.027027027027,37,0.0810810810811,1.32432432432,5.83783783784,10.8,3.27272727273,4.41281916386,0.755899578995,0.388638638639,5.15524747966,1.76614959951,0.773273273273,1.90581534576,0.652918220306,0.365365365365,0.579945114934,0.437917739848,2,1.34285714286,0.591252764842,2,0,0,0,0,0.208205492192,37,35,35,0.945945945946,0,0.675675675676,0.216216216216,0.0540540540541,37,115,0.0863363363363,1.40430907098,6.21621621622,10.4545454545,3.38235294118,4.73248311105,0.761312500474,0.39741480611,5.25348447215,1.69025152582,0.756756756757,1.74457546227,0.561298192208,0.308813160987,0.683768767675,0.486907605887,2.17927689594,1.42741244646,0.696331072733,2.17927689594,0.0147792450313,0.0213197969543,7,0.000900900900901,0.18456351237,37,35,35,0.945945945946,0,0.648648648649,0.27027027027,0.027027027027,-101,-0.0758258258258,0.0799847466514,-5.45945945946,-11.1454545455,-2.61764705882,-3.46661593855,0.0590748503918,0.0873547460504,-5.07585215685,-0.0791255819238,-0.00850850850851,-1.34225600844,0.0325353939851,0.0560604082343,0.10382365274,0.048989866039,0.179276895944,0.103088122136,0.116385957798,0.179276895944,0.00260911886122,0.0153471007086,0,0,-0.436633068826,-0.0810810810811,0.027027027027,0,114,1,102,1115,0.527777777778,0.999103942652,0.00089605734767,0.472222222222,0.991304347826,0.527777777778,0.688821752266,0.691477248276,0.52688172043,0.52534562212,7,108,0,0,0,0
1803,WLNM_dir_neg,0.98480366941,0.887922932331,00:00:04,10,50,1,1235135425,threshold_sweep,0.3,1,0.0555555555556,0.105263157895,6,0,102,216,0.0555555555556,1,0,0.944444444444,1,0.0555555555556,0.105263157895,0.685185185185,0.66049382716,0.0727272727273,0.194257172471,0.0555555555556,216,108,108,0,216,0,108,0,108,37,216,0.162162162162,1.32432432432,11.6756756757,21.6,6,8.1990990496,0.702237650082,0.31006006006,10.329336629,1.76937710775,0.765265265265,3.0868314707,0.528762798222,0.252752752753,0.579945114934,0.437917739848,2,1.32432432432,0.579945114934,2,0.0121701261701,0.00597269624573,7,0.000900900900901,0.621196581197,37,37,37,1,0,0.72972972973,0.243243243243,0.027027027027,37,0.0810810810811,1.32432432432,5.83783783784,10.8,3.27272727273,4.41281916386,0.755899578995,0.388638638639,5.15524747966,1.76614959951,0.773273273273,1.90581534576,0.652918220306,0.365365365365,0.579945114934,0.437917739848,2,1.34285714286,0.591252764842,2,0,0,0,0,0.208205492192,37,35,35,0.945945945946,0,0.675675675676,0.216216216216,0.0540540540541,37,114,0.0855855855856,1.32732732733,6.16216216216,11.4,3.35294117647,4.69345592592,0.761657321311,0.398530109056,5.26718551441,1.7095251231,0.75960170697,1.75401726804,0.569286306293,0.312944523471,0.589078670762,0.443808138832,2.11111111111,1.34603174603,0.600635966859,2.11111111111,0.0147792450313,0.0213197969543,7,0.000900900900901,0.219933887253,37,35,35,0.945945945946,0,0.675675675676,0.243243243243,0.027027027027,-102,-0.0765765765766,0.003003003003,-5.51351351351,-10.2,-2.64705882353,-3.50564312369,0.0594196712293,0.0884700489964,-5.06215111459,-0.0598519846463,-0.00566355829514,-1.33281420267,0.0405235080707,0.0601917707181,0.00913355582779,0.00589039898372,0.111111111111,0.0217074217074,0.020690851925,0.111111111111,0.00260911886122,0.0153471007086,0,0,-0.401262693943,-0.0540540540541,0,0,114,0,102,1116,0.527777777778,1,0,0.472222222222,1,0.527777777778,0.690909090909,0.695398906206,0.527777777778,0.527777777778,6,108,0,0,0,0
1804,WLNM_dir_neg,0.98480366941,0.887922932331,00:00:04,10,50,1,1235135425,threshold_sweep,0.4,1,0.0555555555556,0.105263157895,6,0,102,216,0.0555555555556,1,0,0.944444444444,1,0.0555555555556,0.105263157895,0.685185185185,0.66049382716,0.0727272727273,0.194257172471,0.0555555555556,216,108,108,0,216,0,108,0,108,37,216,0.162162162162,1.32432432432,11.6756756757,21.6,6,8.1990990496,0.702237650082,0.31006006006,10.329336629,1.76937710775,0.765265265265,3.0868314707,0.528762798222,0.252752752753,0.579945114934,0.437917739848,2,1.32432432432,0.579945114934,2,0.0121701261701,0.00597269624573,7,0.000900900900901,0.621196581197,37,37,37,1,0,0.72972972973,0.243243243243,0.027027027027,37,0.0810810810811,1.32432432432,5.83783783784,10.8,3.27272727273,4.41281916386,0.755899578995,0.388638638639,5.15524747966,1.76614959951,0.773273273273,1.90581534576,0.652918220306,0.365365365365,0.579945114934,0.437917739848,2,1.34285714286,0.591252764842,2,0,0,0,0,0.208205492192,37,35,35,0.945945945946,0,0.675675675676,0.216216216216,0.0540540540541,37,114,0.0855855855856,1.32732732733,6.16216216216,11.4,3.35294117647,4.69345592592,0.761657321311,0.398530109056,5.26718551441,1.7095251231,0.75960170697,1.75401726804,0.569286306293,0.312944523471,0.589078670762,0.443808138832,2.11111111111,1.34603174603,0.600635966859,2.11111111111,0.0147792450313,0.0213197969543,7,0.000900900900901,0.219933887253,37,35,35,0.945945945946,0,0.675675675676,0.243243243243,0.027027027027,-102,-0.0765765765766,0.003003003003,-5.51351351351,-10.2,-2.64705882353,-3.50564312369,0.0594196712293,0.0884700489964,-5.06215111459,-0.0598519846463,-0.00566355829514,-1.33281420267,0.0405235080707,0.0601917707181,0.00913355582779,0.00589039898372,0.111111111111,0.0217074217074,0.020690851925,0.111111111111,0.00260911886122,0.0153471007086,0,0,-0.401262693943,-0.0540540540541,0,0,114,0,102,1116,0.527777777778,1,0,0.472222222222,1,0.527777777778,0.690909090909,0.695398906206,0.527777777778,0.527777777778,6,108,0,0,0,0
1805,WLNM_dir_neg,0.98480366941,0.887922932331,00:00:04,10,50,1,1235135425,threshold_sweep,0.5,1,0.0555555555556,0.105263157895,6,0,102,216,0.0555555555556,1,0,0.944444444444,1,0.0555555555556,0.105263157895,0.685185185185,0.66049382716,0.0727272727273,0.194257172471,0.0555555555556,216,108,108,0,216,0,108,0,108,37,216,0.162162162162,1.32432432432,11.6756756757,21.6,6,8.1990990496,0.702237650082,0.31006006006,10.329336629,1.76937710775,0.765265265265,3.0868314707,0.528762798222,0.252752752753,0.579945114934,0.437917739848,2,1.32432432432,0.579945114934,2,0.0121701261701,0.00597269624573,7,0.000900900900901,0.621196581197,37,37,37,1,0,0.72972972973,0.243243243243,0.027027027027,37,0.0810810810811,1.32432432432,5.83783783784,10.8,3.27272727273,4.41281916386,0.755899578995,0.388638638639,5.15524747966,1.76614959951,0.773273273273,1.90581534576,0.652918220306,0.365365365365,0.579945114934,0.437917739848,2,1.34285714286,0.591252764842,2,0,0,0,0,0.208205492192,37,35,35,0.945945945946,0,0.675675675676,0.216216216216,0.0540540540541,37,114,0.0855855855856,1.32732732733,6.16216216216,11.4,3.35294117647,4.69345592592,0.761657321311,0.398530109056,5.26718551441,1.7095251231,0.75960170697,1.75401726804,0.569286306293,0.312944523471,0.589078670762,0.443808138832,2.11111111111,1.34603174603,0.600635966859,2.11111111111,0.0147792450313,0.0213197969543,7,0.000900900900901,0.219933887253,37,35,35,0.945945945946,0,0.675675675676,0.243243243243,0.027027027027,-102,-0.0765765765766,0.003003003003,-5.51351351351,-10.2,-2.64705882353,-3.50564312369,0.0594196712293,0.0884700489964,-5.06215111459,-0.0598519846463,-0.00566355829514,-1.33281420267,0.0405235080707,0.0601917707181,0.00913355582779,0.00589039898372,0.111111111111,0.0217074217074,0.020690851925,0.111111111111,0.00260911886122,0.0153471007086,0,0,-0.401262693943,-0.0540540540541,0,0,114,0,102,1116,0.527777777778,1,0,0.472222222222,1,0.527777777778,0.690909090909,0.695398906206,0.527777777778,0.527777777778,6,108,0,0,0,0
1806,WLNM_dir_neg,0.98480366941,0.887922932331,00:00:04,10,50,1,1235135425,threshold_sweep,0.6,1,0.0555555555556,0.105263157895,6,0,102,216,0.0555555555556,1,0,0.944444444444,1,0.0555555555556,0.105263157895,0.685185185185,0.66049382716,0.0727272727273,0.194257172471,0.0555555555556,216,108,108,0,216,0,108,0,108,37,216,0.162162162162,1.32432432432,11.6756756757,21.6,6,8.1990990496,0.702237650082,0.31006006006,10.329336629,1.76937710775,0.765265265265,3.0868314707,0.528762798222,0.252752752753,0.579945114934,0.437917739848,2,1.32432432432,0.579945114934,2,0.0121701261701,0.00597269624573,7,0.000900900900901,0.621196581197,37,37,37,1,0,0.72972972973,0.243243243243,0.027027027027,37,0.0810810810811,1.32432432432,5.83783783784,10.8,3.27272727273,4.41281916386,0.755899578995,0.388638638639,5.15524747966,1.76614959951,0.773273273273,1.90581534576,0.652918220306,0.365365365365,0.579945114934,0.437917739848,2,1.34285714286,0.591252764842,2,0,0,0,0,0.208205492192,37,35,35,0.945945945946,0,0.675675675676,0.216216216216,0.0540540540541,37,114,0.0855855855856,1.32732732733,6.16216216216,11.4,3.35294117647,4.69345592592,0.761657321311,0.398530109056,5.26718551441,1.7095251231,0.75960170697,1.75401726804,0.569286306293,0.312944523471,0.589078670762,0.443808138832,2.11111111111,1.34603174603,0.600635966859,2.11111111111,0.0147792450313,0.0213197969543,7,0.000900900900901,0.219933887253,37,35,35,0.945945945946,0,0.675675675676,0.243243243243,0.027027027027,-102,-0.0765765765766,0.003003003003,-5.51351351351,-10.2,-2.64705882353,-3.50564312369,0.0594196712293,0.0884700489964,-5.06215111459,-0.0598519846463,-0.00566355829514,-1.33281420267,0.0405235080707,0.0601917707181,0.00913355582779,0.00589039898372,0.111111111111,0.0217074217074,0.020690851925,0.111111111111,0.00260911886122,0.0153471007086,0,0,-0.401262693943,-0.0540540540541,0,0,114,0,102,1116,0.527777777778,1,0,0.472222222222,1,0.527777777778,0.690909090909,0.695398906206,0.527777777778,0.527777777778,6,108,0,0,0,0
1807,WLNM_dir_neg,0.98480366941,0.887922932331,00:00:04,10,50,1,1235135425,threshold_sweep,0.7,1,0.0555555555556,0.105263157895,6,0,102,216,0.0555555555556,1,0,0.944444444444,1,0.0555555555556,0.105263157895,0.685185185185,0.66049382716,0.0727272727273,0.194257172471,0.0555555555556,216,108,108,0,216,0,108,0,108,37,216,0.162162162162,1.32432432432,11.6756756757,21.6,6,8.1990990496,0.702237650082,0.31006006006,10.329336629,1.76937710775,0.765265265265,3.0868314707,0.528762798222,0.252752752753,0.579945114934,0.437917739848,2,1.32432432432,0.579945114934,2,0.0121701261701,0.00597269624573,7,0.000900900900901,0.621196581197,37,37,37,1,0,0.72972972973,0.243243243243,0.027027027027,37,0.0810810810811,1.32432432432,5.83783783784,10.8,3.27272727273,4.41281916386,0.755899578995,0.388638638639,5.15524747966,1.76614959951,0.773273273273,1.90581534576,0.652918220306,0.365365365365,0.579945114934,0.437917739848,2,1.34285714286,0.591252764842,2,0,0,0,0,0.208205492192,37,35,35,0.945945945946,0,0.675675675676,0.216216216216,0.0540540540541,37,114,0.0855855855856,1.32732732733,6.16216216216,11.4,3.35294117647,4.69345592592,0.761657321311,0.398530109056,5.26718551441,1.7095251231,0.75960170697,1.75401726804,0.569286306293,0.312944523471,0.589078670762,0.443808138832,2.11111111111,1.34603174603,0.600635966859,2.11111111111,0.0147792450313,0.0213197969543,7,0.000900900900901,0.219933887253,37,35,35,0.945945945946,0,0.675675675676,0.243243243243,0.027027027027,-102,-0.0765765765766,0.003003003003,-5.51351351351,-10.2,-2.64705882353,-3.50564312369,0.0594196712293,0.0884700489964,-5.06215111459,-0.0598519846463,-0.00566355829514,-1.33281420267,0.0405235080707,0.0601917707181,0.00913355582779,0.00589039898372,0.111111111111,0.0217074217074,0.020690851925,0.111111111111,0.00260911886122,0.0153471007086,0,0,-0.401262693943,-0.0540540540541,0,0,114,0,102,1116,0.527777777778,1,0,0.472222222222,1,0.527777777778,0.690909090909,0.695398906206,0.527777777778,0.527777777778,6,108,0,0,0,0
1808,WLNM_dir_neg,0.98480366941,0.887922932331,00:00:04,10,50,1,1235135425,threshold_sweep,0.8,1,0.0555555555556,0.105263157895,6,0,102,216,0.0555555555556,1,0,0.944444444444,1,0.0555555555556,0.105263157895,0.685185185185,0.66049382716,0.0727272727273,0.194257172471,0.0555555555556,216,108,108,0,216,0,108,0,108,37,216,0.162162162162,1.32432432432,11.6756756757,21.6,6,8.1990990496,0.702237650082,0.31006006006,10.329336629,1.76937710775,0.765265265265,3.0868314707,0.528762798222,0.252752752753,0.579945114934,0.437917739848,2,1.32432432432,0.579945114934,2,0.0121701261701,0.00597269624573,7,0.000900900900901,0.621196581197,37,37,37,1,0,0.72972972973,0.243243243243,0.027027027027,37,0.0810810810811,1.32432432432,5.83783783784,10.8,3.27272727273,4.41281916386,0.755899578995,0.388638638639,5.15524747966,1.76614959951,0.773273273273,1.90581534576,0.652918220306,0.365365365365,0.579945114934,0.437917739848,2,1.34285714286,0.591252764842,2,0,0,0,0,0.208205492192,37,35,35,0.945945945946,0,0.675675675676,0.216216216216,0.0540540540541,37,114,0.0855855855856,1.32732732733,6.16216216216,11.4,3.35294117647,4.69345592592,0.761657321311,0.398530109056,5.26718551441,1.7095251231,0.75960170697,1.75401726804,0.569286306293,0.312944523471,0.589078670762,0.443808138832,2.11111111111,1.34603174603,0.600635966859,2.11111111111,0.0147792450313,0.0213197969543,7,0.000900900900901,0.219933887253,37,35,35,0.945945945946,0,0.675675675676,0.243243243243,0.027027027027,-102,-0.0765765765766,0.003003003003,-5.51351351351,-10.2,-2.64705882353,-3.50564312369,0.0594196712293,0.0884700489964,-5.06215111459,-0.0598519846463,-0.00566355829514,-1.33281420267,0.0405235080707,0.0601917707181,0.00913355582779,0.00589039898372,0.111111111111,0.0217074217074,0.020690851925,0.111111111111,0.00260911886122,0.0153471007086,0,0,-0.401262693943,-0.0540540540541,0,0,114,0,102,1116,0.527777777778,1,0,0.472222222222,1,0.527777777778,0.690909090909,0.695398906206,0.527777777778,0.527777777778,6,108,0,0,0,0
1809,WLNM_dir_neg,0.98480366941,0.887922932331,00:00:04,10,50,1,1235135425,threshold_sweep,0.9,1,0.0555555555556,0.105263157895,6,0,102,216,0.0555555555556,1,0,0.944444444444,1,0.0555555555556,0.105263157895,0.685185185185,0.66049382716,0.0727272727273,0.194257172471,0.0555555555556,216,108,108,0,216,0,108,0,108,37,216,0.162162162162,1.32432432432,11.6756756757,21.6,6,8.1990990496,0.702237650082,0.31006006006,10.329336629,1.76937710775,0.765265265265,3.0868314707,0.528762798222,0.252752752753,0.579945114934,0.437917739848,2,1.32432432432,0.579945114934,2,0.0121701261701,0.00597269624573,7,0.000900900900901,0.621196581197,37,37,37,1,0,0.72972972973,0.243243243243,0.027027027027,37,0.0810810810811,1.32432432432,5.83783783784,10.8,3.27272727273,4.41281916386,0.755899578995,0.388638638639,5.15524747966,1.76614959951,0.773273273273,1.90581534576,0.652918220306,0.365365365365,0.579945114934,0.437917739848,2,1.34285714286,0.591252764842,2,0,0,0,0,0.208205492192,37,35,35,0.945945945946,0,0.675675675676,0.216216216216,0.0540540540541,37,114,0.0855855855856,1.32732732733,6.16216216216,11.4,3.35294117647,4.69345592592,0.761657321311,0.398530109056,5.26718551441,1.7095251231,0.75960170697,1.75401726804,0.569286306293,0.312944523471,0.589078670762,0.443808138832,2.11111111111,1.34603174603,0.600635966859,2.11111111111,0.0147792450313,0.0213197969543,7,0.000900900900901,0.219933887253,37,35,35,0.945945945946,0,0.675675675676,0.243243243243,0.027027027027,-102,-0.0765765765766,0.003003003003,-5.51351351351,-10.2,-2.64705882353,-3.50564312369,0.0594196712293,0.0884700489964,-5.06215111459,-0.0598519846463,-0.00566355829514,-1.33281420267,0.0405235080707,0.0601917707181,0.00913355582779,0.00589039898372,0.111111111111,0.0217074217074,0.020690851925,0.111111111111,0.00260911886122,0.0153471007086,0,0,-0.401262693943,-0.0540540540541,0,0,114,0,102,1116,0.527777777778,1,0,0.472222222222,1,0.527777777778,0.690909090909,0.695398906206,0.527777777778,0.527777777778,6,108,0,0,0,0
1810,WLNM_dir_neg,0.984482167353,0.900672459988,00:00:04,10,50,2,1235135426,threshold_sweep,0.1,1,0.0648148148148,0.121739130435,7,0,101,216,0.0648148148148,1,0,0.935185185185,1,0.0648148148148,0.121739130435,0.688271604938,0.659465020576,0.0845921450151,0.210152415772,0.0648148148148,216,108,108,0,216,0,108,0,108,37,216,0.162162162162,1.32432432432,11.6756756757,21.6,6,8.1990990496,0.702237650082,0.31006006006,10.329336629,1.76937710775,0.765265265265,3.0868314707,0.528762798222,0.252752752753,0.579945114934,0.437917739848,2,1.32432432432,0.579945114934,2,0.0121701261701,0.00597269624573,7,0.000900900900901,0.621196581197,37,37,37,1,0,0.72972972973,0.243243243243,0.027027027027,37,0.0810810810811,1.32432432432,5.83783783784,10.8,3.375,4.36853340197,0.748313592003,0.375375375375,5.34050756212,1.82961833147,0.786786786787,1.89118390871,0.647905598356,0.360860860861,0.579945114934,0.437917739848,2,1.33333333333,0.585540043769,2,0,0,0,0,0.197938385041,37,36,36,0.972972972973,0,0.702702702703,0.162162162162,0.108108108108,37,115,0.0863363363363,1.32818532819,6.21621621622,11.5,3.28571428571,4.63162519554,0.745087531456,0.378378378378,5.40978426241,1.74053928443,0.769447708578,1.679678934,0.540418439635,0.301762632197,0.591765934822,0.445544700927,2.14285714286,1.3373015873,0.597519437724,2.14285714286,0.0140832783134,0.0152129817444,5,0.000643500643501,0.206580360349,37,36,36,0.972972972973,0,0.702702702703,0.243243243243,0.027027027027,-101,-0.0758258258258,0.003861003861,-5.45945945946,-10.1,-2.71428571429,-3.56747385407,0.0428498813744,0.0683183183183,-4.91955236659,-0.0288378233193,0.00418244331288,-1.4071525367,0.0116556414121,0.0490098794447,0.0118208198873,0.0076269610784,0.142857142857,0.0129772629773,0.0175743227896,0.142857142857,0.00191315214326,0.00924028549869,-2,-0.0002574002574,-0.414616220847,-0.027027027027,0,0,115,0,101,1116,0.532407407407,1,0,0.467592592593,1,0.532407407407,0.694864048338,0.698729135517,0.532407407407,0.532407407407,7,108,0,0,0,0
1811,WLNM_dir_neg,0.984482167353,0.900672459988,00:00:04,10,50,2,1235135426,threshold_sweep,0.2,1,0.0648148148148,0.121739130435,7,0,101,216,0.0648148148148,1,0,0.935185185185,1,0.0648148148148,0.121739130435,0.688271604938,0.659465020576,0.0845921450151,0.210152415772,0.0648148148148,216,108,108,0,216,0,108,0,108,37,216,0.162162162162,1.32432432432,11.6756756757,21.6,6,8.1990990496,0.702237650082,0.31006006006,10.329336629,1.76937710775,0.765265265265,3.0868314707,0.528762798222,0.252752752753,0.579945114934,0.437917739848,2,1.32432432432,0.579945114934,2,0.0121701261701,0.00597269624573,7,0.000900900900901,0.621196581197,37,37,37,1,0,0.72972972973,0.243243243243,0.027027027027,37,0.0810810810811,1.32432432432,5.83783783784,10.8,3.375,4.36853340197,0.748313592003,0.375375375375,5.34050756212,1.82961833147,0.786786786787,1.89118390871,0.647905598356,0.360860860861,0.579945114934,0.437917739848,2,1.33333333333,0.585540043769,2,0,0,0,0,0.197938385041,37,36,36,0.972972972973,0,0.702702702703,0.162162162162,0.108108108108,37,115,0.0863363363363,1.32818532819,6.21621621622,11.5,3.28571428571,4.63162519554,0.745087531456,0.378378378378,5.40978426241,1.74053928443,0.769447708578,1.679678934,0.540418439635,0.301762632197,0.591765934822,0.445544700927,2.14285714286,1.3373015873,0.597519437724,2.14285714286,0.0140832783134,0.0152129817444,5,0.000643500643501,0.206580360349,37,36,36,0.972972972973,0,0.702702702703,0.243243243243,0.027027027027,-101,-0.0758258258258,0.003861003861,-5.45945945946,-10.1,-2.71428571429,-3.56747385407,0.0428498813744,0.0683183183183,-4.91955236659,-0.0288378233193,0.00418244331288,-1.4071525367,0.0116556414121,0.0490098794447,0.0118208198873,0.0076269610784,0.142857142857,0.0129772629773,0.0175743227896,0.142857142857,0.00191315214326,0.00924028549869,-2,-0.0002574002574,-0.414616220847,-0.027027027027,0,0,115,0,101,1116,0.532407407407,1,0,0.467592592593,1,0.532407407407,0.694864048338,0.698729135517,0.532407407407,0.532407407407,7,108,0,0,0,0
1812,WLNM_dir_neg,0.984482167353,0.900672459988,00:00:04,10,50,2,1235135426,threshold_sweep,0.3,1,0.0648148148148,0.121739130435,7,0,101,216,0.0648148148148,1,0,0.935185185185,1,0.0648148148148,0.121739130435,0.688271604938,0.659465020576,0.0845921450151,0.210152415772,0.0648148148148,216,108,108,0,216,0,108,0,108,37,216,0.162162162162,1.32432432432,11.6756756757,21.6,6,8.1990990496,0.702237650082,0.31006006006,10.329336629,1.76937710775,0.765265265265,3.0868314707,0.528762798222,0.252752752753,0.579945114934,0.437917739848,2,1.32432432432,0.579945114934,2,0.0121701261701,0.00597269624573,7,0.000900900900901,0.621196581197,37,37,37,1,0,0.72972972973,0.243243243243,0.027027027027,37,0.0810810810811,1.32432432432,5.83783783784,10.8,3.375,4.36853340197,0.748313592003,0.375375375375,5.34050756212,1.82961833147,0.786786786787,1.89118390871,0.647905598356,0.360860860861,0.579945114934,0.437917739848,2,1.33333333333,0.585540043769,2,0,0,0,0,0.197938385041,37,36,36,0.972972972973,0,0.702702702703,0.162162162162,0.108108108108,37,115,0.0863363363363,1.32818532819,6.21621621622,11.5,3.28571428571,4.63162519554,0.745087531456,0.378378378378,5.40978426241,1.74053928443,0.769447708578,1.679678934,0.540418439635,0.301762632197,0.591765934822,0.445544700927,2.14285714286,1.3373015873,0.597519437724,2.14285714286,0.0140832783134,0.0152129817444,5,0.000643500643501,0.206580360349,37,36,36,0.972972972973,0,0.702702702703,0.243243243243,0.027027027027,-101,-0.0758258258258,0.003861003861,-5.45945945946,-10.1,-2.71428571429,-3.56747385407,0.0428498813744,0.0683183183183,-4.91955236659,-0.0288378233193,0.00418244331288,-1.4071525367,0.0116556414121,0.0490098794447,0.0118208198873,0.0076269610784,0.142857142857,0.0129772629773,0.0175743227896,0.142857142857,0.00191315214326,0.00924028549869,-2,-0.0002574002574,-0.414616220847,-0.027027027027,0,0,115,0,101,1116,0.532407407407,1,0,0.467592592593,1,0.532407407407,0.694864048338,0.698729135517,0.532407407407,0.532407407407,7,108,0,0,0,0
1813,WLNM_dir_neg,0.984482167353,0.900672459988,00:00:04,10,50,2,1235135426,threshold_sweep,0.4,1,0.0648148148148,0.121739130435,7,0,101,216,0.0648148148148,1,0,0.935185185185,1,0.0648148148148,0.121739130435,0.688271604938,0.659465020576,0.0845921450151,0.210152415772,0.0648148148148,216,108,108,0,216,0,108,0,108,37,216,0.162162162162,1.32432432432,11.6756756757,21.6,6,8.1990990496,0.702237650082,0.31006006006,10.329336629,1.76937710775,0.765265265265,3.0868314707,0.528762798222,0.252752752753,0.579945114934,0.437917739848,2,1.32432432432,0.579945114934,2,0.0121701261701,0.00597269624573,7,0.000900900900901,0.621196581197,37,37,37,1,0,0.72972972973,0.243243243243,0.027027027027,37,0.0810810810811,1.32432432432,5.83783783784,10.8,3.375,4.36853340197,0.748313592003,0.375375375375,5.34050756212,1.82961833147,0.786786786787,1.89118390871,0.647905598356,0.360860860861,0.579945114934,0.437917739848,2,1.33333333333,0.585540043769,2,0,0,0,0,0.197938385041,37,36,36,0.972972972973,0,0.702702702703,0.162162162162,0.108108108108,37,115,0.0863363363363,1.32818532819,6.21621621622,11.5,3.28571428571,4.63162519554,0.745087531456,0.378378378378,5.40978426241,1.74053928443,0.769447708578,1.679678934,0.540418439635,0.301762632197,0.591765934822,0.445544700927,2.14285714286,1.3373015873,0.597519437724,2.14285714286,0.0140832783134,0.0152129817444,5,0.000643500643501,0.206580360349,37,36,36,0.972972972973,0,0.702702702703,0.243243243243,0.027027027027,-101,-0.0758258258258,0.003861003861,-5.45945945946,-10.1,-2.71428571429,-3.56747385407,0.0428498813744,0.0683183183183,-4.91955236659,-0.0288378233193,0.00418244331288,-1.4071525367,0.0116556414121,0.0490098794447,0.0118208198873,0.0076269610784,0.142857142857,0.0129772629773,0.0175743227896,0.142857142857,0.00191315214326,0.00924028549869,-2,-0.0002574002574,-0.414616220847,-0.027027027027,0,0,115,0,101,1116,0.532407407407,1,0,0.467592592593,1,0.532407407407,0.694864048338,0.698729135517,0.532407407407,0.532407407407,7,108,0,0,0,0
1814,WLNM_dir_neg,0.984482167353,0.900672459988,00:00:04,10,50,2,1235135426,threshold_sweep,0.5,1,0.0648148148148,0.121739130435,7,0,101,216,0.0648148148148,1,0,0.935185185185,1,0.0648148148148,0.121739130435,0.688271604938,0.659465020576,0.0845921450151,0.210152415772,0.0648148148148,216,108,108,0,216,0,108,0,108,37,216,0.162162162162,1.32432432432,11.6756756757,21.6,6,8.1990990496,0.702237650082,0.31006006006,10.329336629,1.76937710775,0.765265265265,3.0868314707,0.528762798222,0.252752752753,0.579945114934,0.437917739848,2,1.32432432432,0.579945114934,2,0.0121701261701,0.00597269624573,7,0.000900900900901,0.621196581197,37,37,37,1,0,0.72972972973,0.243243243243,0.027027027027,37,0.0810810810811,1.32432432432,5.83783783784,10.8,3.375,4.36853340197,0.748313592003,0.375375375375,5.34050756212,1.82961833147,0.786786786787,1.89118390871,0.647905598356,0.360860860861,0.579945114934,0.437917739848,2,1.33333333333,0.585540043769,2,0,0,0,0,0.197938385041,37,36,36,0.972972972973,0,0.702702702703,0.162162162162,0.108108108108,37,115,0.0863363363363,1.32818532819,6.21621621622,11.5,3.28571428571,4.63162519554,0.745087531456,0.378378378378,5.40978426241,1.74053928443,0.769447708578,1.679678934,0.540418439635,0.301762632197,0.591765934822,0.445544700927,2.14285714286,1.3373015873,0.597519437724,2.14285714286,0.0140832783134,0.0152129817444,5,0.000643500643501,0.206580360349,37,36,36,0.972972972973,0,0.702702702703,0.243243243243,0.027027027027,-101,-0.0758258258258,0.003861003861,-5.45945945946,-10.1,-2.71428571429,-3.56747385407,0.0428498813744,0.0683183183183,-4.91955236659,-0.0288378233193,0.00418244331288,-1.4071525367,0.0116556414121,0.0490098794447,0.0118208198873,0.0076269610784,0.142857142857,0.0129772629773,0.0175743227896,0.142857142857,0.00191315214326,0.00924028549869,-2,-0.0002574002574,-0.414616220847,-0.027027027027,0,0,115,0,101,1116,0.532407407407,1,0,0.467592592593,1,0.532407407407,0.694864048338,0.698729135517,0.532407407407,0.532407407407,7,108,0,0,0,0
1815,WLNM_dir_neg,0.984482167353,0.900672459988,00:00:04,10,50,2,1235135426,threshold_sweep,0.6,1,0.0648148148148,0.121739130435,7,0,101,216,0.0648148148148,1,0,0.935185185185,1,0.0648148148148,0.121739130435,0.688271604938,0.659465020576,0.0845921450151,0.210152415772,0.0648148148148,216,108,108,0,216,0,108,0,108,37,216,0.162162162162,1.32432432432,11.6756756757,21.6,6,8.1990990496,0.702237650082,0.31006006006,10.329336629,1.76937710775,0.765265265265,3.0868314707,0.528762798222,0.252752752753,0.579945114934,0.437917739848,2,1.32432432432,0.579945114934,2,0.0121701261701,0.00597269624573,7,0.000900900900901,0.621196581197,37,37,37,1,0,0.72972972973,0.243243243243,0.027027027027,37,0.0810810810811,1.32432432432,5.83783783784,10.8,3.375,4.36853340197,0.748313592003,0.375375375375,5.34050756212,1.82961833147,0.786786786787,1.89118390871,0.647905598356,0.360860860861,0.579945114934,0.437917739848,2,1.33333333333,0.585540043769,2,0,0,0,0,0.197938385041,37,36,36,0.972972972973,0,0.702702702703,0.162162162162,0.108108108108,37,115,0.0863363363363,1.32818532819,6.21621621622,11.5,3.28571428571,4.63162519554,0.745087531456,0.378378378378,5.40978426241,1.74053928443,0.769447708578,1.679678934,0.540418439635,0.301762632197,0.591765934822,0.445544700927,2.14285714286,1.3373015873,0.597519437724,2.14285714286,0.0140832783134,0.0152129817444,5,0.000643500643501,0.206580360349,37,36,36,0.972972972973,0,0.702702702703,0.243243243243,0.027027027027,-101,-0.0758258258258,0.003861003861,-5.45945945946,-10.1,-2.71428571429,-3.56747385407,0.0428498813744,0.0683183183183,-4.91955236659,-0.0288378233193,0.00418244331288,-1.4071525367,0.0116556414121,0.0490098794447,0.0118208198873,0.0076269610784,0.142857142857,0.0129772629773,0.0175743227896,0.142857142857,0.00191315214326,0.00924028549869,-2,-0.0002574002574,-0.414616220847,-0.027027027027,0,0,115,0,101,1116,0.532407407407,1,0,0.467592592593,1,0.532407407407,0.694864048338,0.698729135517,0.532407407407,0.532407407407,7,108,0,0,0,0
1816,WLNM_dir_neg,0.984482167353,0.900672459988,00:00:04,10,50,2,1235135426,threshold_sweep,0.7,1,0.0648148148148,0.121739130435,7,0,101,216,0.0648148148148,1,0,0.935185185185,1,0.0648148148148,0.121739130435,0.688271604938,0.659465020576,0.0845921450151,0.210152415772,0.0648148148148,216,108,108,0,216,0,108,0,108,37,216,0.162162162162,1.32432432432,11.6756756757,21.6,6,8.1990990496,0.702237650082,0.31006006006,10.329336629,1.76937710775,0.765265265265,3.0868314707,0.528762798222,0.252752752753,0.579945114934,0.437917739848,2,1.32432432432,0.579945114934,2,0.0121701261701,0.00597269624573,7,0.000900900900901,0.621196581197,37,37,37,1,0,0.72972972973,0.243243243243,0.027027027027,37,0.0810810810811,1.32432432432,5.83783783784,10.8,3.375,4.36853340197,0.748313592003,0.375375375375,5.34050756212,1.82961833147,0.786786786787,1.89118390871,0.647905598356,0.360860860861,0.579945114934,0.437917739848,2,1.33333333333,0.585540043769,2,0,0,0,0,0.197938385041,37,36,36,0.972972972973,0,0.702702702703,0.162162162162,0.108108108108,37,115,0.0863363363363,1.32818532819,6.21621621622,11.5,3.28571428571,4.63162519554,0.745087531456,0.378378378378,5.40978426241,1.74053928443,0.769447708578,1.679678934,0.540418439635,0.301762632197,0.591765934822,0.445544700927,2.14285714286,1.3373015873,0.597519437724,2.14285714286,0.0140832783134,0.0152129817444,5,0.000643500643501,0.206580360349,37,36,36,0.972972972973,0,0.702702702703,0.243243243243,0.027027027027,-101,-0.0758258258258,0.003861003861,-5.45945945946,-10.1,-2.71428571429,-3.56747385407,0.0428498813744,0.0683183183183,-4.91955236659,-0.0288378233193,0.00418244331288,-1.4071525367,0.0116556414121,0.0490098794447,0.0118208198873,0.0076269610784,0.142857142857,0.0129772629773,0.0175743227896,0.142857142857,0.00191315214326,0.00924028549869,-2,-0.0002574002574,-0.414616220847,-0.027027027027,0,0,115,0,101,1116,0.532407407407,1,0,0.467592592593,1,0.532407407407,0.694864048338,0.698729135517,0.532407407407,0.532407407407,7,108,0,0,0,0
1817,WLNM_dir_neg,0.984482167353,0.900672459988,00:00:04,10,50,2,1235135426,threshold_sweep,0.8,1,0.0648148148148,0.121739130435,7,0,101,216,0.0648148148148,1,0,0.935185185185,1,0.0648148148148,0.121739130435,0.688271604938,0.659465020576,0.0845921450151,0.210152415772,0.0648148148148,216,108,108,0,216,0,108,0,108,37,216,0.162162162162,1.32432432432,11.6756756757,21.6,6,8.1990990496,0.702237650082,0.31006006006,10.329336629,1.76937710775,0.765265265265,3.0868314707,0.528762798222,0.252752752753,0.579945114934,0.437917739848,2,1.32432432432,0.579945114934,2,0.0121701261701,0.00597269624573,7,0.000900900900901,0.621196581197,37,37,37,1,0,0.72972972973,0.243243243243,0.027027027027,37,0.0810810810811,1.32432432432,5.83783783784,10.8,3.375,4.36853340197,0.748313592003,0.375375375375,5.34050756212,1.82961833147,0.786786786787,1.89118390871,0.647905598356,0.360860860861,0.579945114934,0.437917739848,2,1.33333333333,0.585540043769,2,0,0,0,0,0.197938385041,37,36,36,0.972972972973,0,0.702702702703,0.162162162162,0.108108108108,37,115,0.0863363363363,1.32818532819,6.21621621622,11.5,3.28571428571,4.63162519554,0.745087531456,0.378378378378,5.40978426241,1.74053928443,0.769447708578,1.679678934,0.540418439635,0.301762632197,0.591765934822,0.445544700927,2.14285714286,1.3373015873,0.597519437724,2.14285714286,0.0140832783134,0.0152129817444,5,0.000643500643501,0.206580360349,37,36,36,0.972972972973,0,0.702702702703,0.243243243243,0.027027027027,-101,-0.0758258258258,0.003861003861,-5.45945945946,-10.1,-2.71428571429,-3.56747385407,0.0428498813744,0.0683183183183,-4.91955236659,-0.0288378233193,0.00418244331288,-1.4071525367,0.0116556414121,0.0490098794447,0.0118208198873,0.0076269610784,0.142857142857,0.0129772629773,0.0175743227896,0.142857142857,0.00191315214326,0.00924028549869,-2,-0.0002574002574,-0.414616220847,-0.027027027027,0,0,115,0,101,1116,0.532407407407,1,0,0.467592592593,1,0.532407407407,0.694864048338,0.698729135517,0.532407407407,0.532407407407,7,108,0,0,0,0
1818,WLNM_dir_neg,0.984482167353,0.900672459988,00:00:04,10,50,2,1235135426,threshold_sweep,0.9,1,0.0648148148148,0.121739130435,7,0,101,216,0.0648148148148,1,0,0.935185185185,1,0.0648148148148,0.121739130435,0.688271604938,0.659465020576,0.0845921450151,0.210152415772,0.0648148148148,216,108,108,0,216,0,108,0,108,37,216,0.162162162162,1.32432432432,11.6756756757,21.6,6,8.1990990496,0.702237650082,0.31006006006,10.329336629,1.76937710775,0.765265265265,3.0868314707,0.528762798222,0.252752752753,0.579945114934,0.437917739848,2,1.32432432432,0.579945114934,2,0.0121701261701,0.00597269624573,7,0.000900900900901,0.621196581197,37,37,37,1,0,0.72972972973,0.243243243243,0.027027027027,37,0.0810810810811,1.32432432432,5.83783783784,10.8,3.375,4.36853340197,0.748313592003,0.375375375375,5.34050756212,1.82961833147,0.786786786787,1.89118390871,0.647905598356,0.360860860861,0.579945114934,0.437917739848,2,1.33333333333,0.585540043769,2,0,0,0,0,0.197938385041,37,36,36,0.972972972973,0,0.702702702703,0.162162162162,0.108108108108,37,115,0.0863363363363,1.32818532819,6.21621621622,11.5,3.28571428571,4.63162519554,0.745087531456,0.378378378378,5.40978426241,1.74053928443,0.769447708578,1.679678934,0.540418439635,0.301762632197,0.591765934822,0.445544700927,2.14285714286,1.3373015873,0.597519437724,2.14285714286,0.0140832783134,0.0152129817444,5,0.000643500643501,0.206580360349,37,36,36,0.972972972973,0,0.702702702703,0.243243243243,0.027027027027,-101,-0.0758258258258,0.003861003861,-5.45945945946,-10.1,-2.71428571429,-3.56747385407,0.0428498813744,0.0683183183183,-4.91955236659,-0.0288378233193,0.00418244331288,-1.4071525367,0.0116556414121,0.0490098794447,0.0118208198873,0.0076269610784,0.142857142857,0.0129772629773,0.0175743227896,0.142857142857,0.00191315214326,0.00924028549869,-2,-0.0002574002574,-0.414616220847,-0.027027027027,0,0,115,0,101,1116,0.532407407407,1,0,0.467592592593,1,0.532407407407,0.694864048338,0.698729135517,0.532407407407,0.532407407407,7,108,0,0,0,0
1819,WLNM_dir_neg,0.986711248285,0.838403880071,00:00:06,10,50,3,1235135427,threshold_sweep,0.1,0.857142857143,0.0555555555556,0.104347826087,6,1,102,215,0.0555555555556,0.99537037037,0.00462962962963,0.944444444444,0.857142857143,0.0555555555556,0.104347826087,0.682098765432,0.659465020576,0.0664652567976,0.16511975525,0.0509259259259,216,108,108,0,216,0,108,0,108,37,216,0.162162162162,1.32432432432,11.6756756757,21.6,6,8.1990990496,0.702237650082,0.31006006006,10.329336629,1.76937710775,0.765265265265,3.0868314707,0.528762798222,0.252752752753,0.579945114934,0.437917739848,2,1.32432432432,0.579945114934,2,0.0121701261701,0.00597269624573,7,0.000900900900901,0.621196581197,37,37,37,1,0,0.72972972973,0.243243243243,0.027027027027,37,0.0810810810811,1.32432432432,5.83783783784,10.8,3.08571428571,4.37488738594,0.749402005925,0.387387387387,5.19817477784,1.78085617389,0.778778778779,1.89118390871,0.647905598356,0.358858858859,0.579945114934,0.437917739848,2,1.32432432432,0.579945114934,2,0.00945231239349,0.00692041522491,2,0.0002574002574,0.2082362048,37,37,37,1,0,0.72972972973,0.216216216216,0.0540540540541,37,115,0.0863363363363,1.32808758125,6.21621621622,11.5,3.10810810811,4.75590355439,0.76508013701,0.401410105758,5.34781255273,1.72060056044,0.763337250294,1.69613586628,0.545713278716,0.297062279671,0.591382825656,0.445289026119,2.12658227848,1.32808758125,0.591382825656,2.12658227848,0.0145088091455,0.0212335692619,7,0.000900900900901,0.217439347336,37,37,37,1,0,0.72972972973,0.27027027027,0,-101,-0.0758258258258,0.00376325692781,-5.45945945946,-10.1,-2.89189189189,-3.44319549522,0.062842486928,0.0913500456979,-4.98152407627,-0.0487765473029,-0.00192801497149,-1.39069560443,0.0169504804933,0.0443095269182,0.0114377107216,0.00737128627021,0.126582278481,0.00376325692781,0.0114377107216,0.126582278481,0.00233868297536,0.0152608730161,0,0,-0.40375723386,0,0.027027027027,-0.027027027027,114,1,102,1115,0.527777777778,0.999103942652,0.00089605734767,0.472222222222,0.991304347826,0.527777777778,0.688821752266,0.691477248276,0.52688172043,0.52534562212,7,108,0,0,0,0
1820,WLNM_dir_neg,0.986711248285,0.838403880071,00:00:06,10,50,3,1235135427,threshold_sweep,0.2,0.857142857143,0.0555555555556,0.104347826087,6,1,102,215,0.0555555555556,0.99537037037,0.00462962962963,0.944444444444,0.857142857143,0.0555555555556,0.104347826087,0.682098765432,0.659465020576,0.0664652567976,0.16511975525,0.0509259259259,216,108,108,0,216,0,108,0,108,37,216,0.162162162162,1.32432432432,11.6756756757,21.6,6,8.1990990496,0.702237650082,0.31006006006,10.329336629,1.76937710775,0.765265265265,3.0868314707,0.528762798222,0.252752752753,0.579945114934,0.437917739848,2,1.32432432432,0.579945114934,2,0.0121701261701,0.00597269624573,7,0.000900900900901,0.621196581197,37,37,37,1,0,0.72972972973,0.243243243243,0.027027027027,37,0.0810810810811,1.32432432432,5.83783783784,10.8,3.08571428571,4.37488738594,0.749402005925,0.387387387387,5.19817477784,1.78085617389,0.778778778779,1.89118390871,0.647905598356,0.358858858859,0.579945114934,0.437917739848,2,1.32432432432,0.579945114934,2,0.00945231239349,0.00692041522491,2,0.0002574002574,0.2082362048,37,37,37,1,0,0.72972972973,0.216216216216,0.0540540540541,37,115,0.0863363363363,1.32808758125,6.21621621622,11.5,3.10810810811,4.75590355439,0.76508013701,0.401410105758,5.34781255273,1.72060056044,0.763337250294,1.69613586628,0.545713278716,0.297062279671,0.591382825656,0.445289026119,2.12658227848,1.32808758125,0.591382825656,2.12658227848,0.0145088091455,0.0212335692619,7,0.000900900900901,0.217439347336,37,37,37,1,0,0.72972972973,0.27027027027,0,-101,-0.0758258258258,0.00376325692781,-5.45945945946,-10.1,-2.89189189189,-3.44319549522,0.062842486928,0.0913500456979,-4.98152407627,-0.0487765473029,-0.00192801497149,-1.39069560443,0.0169504804933,0.0443095269182,0.0114377107216,0.00737128627021,0.126582278481,0.00376325692781,0.0114377107216,0.126582278481,0.00233868297536,0.0152608730161,0,0,-0.40375723386,0,0.027027027027,-0.027027027027,114,1,102,1115,0.527777777778,0.999103942652,0.00089605734767,0.472222222222,0.991304347826,0.527777777778,0.688821752266,0.691477248276,0.52688172043,0.52534562212,7,108,0,0,0,0
1821,WLNM_dir_neg,0.986711248285,0.838403880071,00:00:06,10,50,3,1235135427,threshold_sweep,0.3,0.857142857143,0.0555555555556,0.104347826087,6,1,102,215,0.0555555555556,0.99537037037,0.00462962962963,0.944444444444,0.857142857143,0.0555555555556,0.104347826087,0.682098765432,0.659465020576,0.0664652567976,0.16511975525,0.0509259259259,216,108,108,0,216,0,108,0,108,37,216,0.162162162162,1.32432432432,11.6756756757,21.6,6,8.1990990496,0.702237650082,0.31006006006,10.329336629,1.76937710775,0.765265265265,3.0868314707,0.528762798222,0.252752752753,0.579945114934,0.437917739848,2,1.32432432432,0.579945114934,2,0.0121701261701,0.00597269624573,7,0.000900900900901,0.621196581197,37,37,37,1,0,0.72972972973,0.243243243243,0.027027027027,37,0.0810810810811,1.32432432432,5.83783783784,10.8,3.08571428571,4.37488738594,0.749402005925,0.387387387387,5.19817477784,1.78085617389,0.778778778779,1.89118390871,0.647905598356,0.358858858859,0.579945114934,0.437917739848,2,1.32432432432,0.579945114934,2,0.00945231239349,0.00692041522491,2,0.0002574002574,0.2082362048,37,37,37,1,0,0.72972972973,0.216216216216,0.0540540540541,37,115,0.0863363363363,1.32808758125,6.21621621622,11.5,3.10810810811,4.75590355439,0.76508013701,0.401410105758,5.34781255273,1.72060056044,0.763337250294,1.69613586628,0.545713278716,0.297062279671,0.591382825656,0.445289026119,2.12658227848,1.32808758125,0.591382825656,2.12658227848,0.0145088091455,0.0212335692619,7,0.000900900900901,0.217439347336,37,37,37,1,0,0.72972972973,0.27027027027,0,-101,-0.0758258258258,0.00376325692781,-5.45945945946,-10.1,-2.89189189189,-3.44319549522,0.062842486928,0.0913500456979,-4.98152407627,-0.0487765473029,-0.00192801497149,-1.39069560443,0.0169504804933,0.0443095269182,0.0114377107216,0.00737128627021,0.126582278481,0.00376325692781,0.0114377107216,0.126582278481,0.00233868297536,0.0152608730161,0,0,-0.40375723386,0,0.027027027027,-0.027027027027,114,1,102,1115,0.527777777778,0.999103942652,0.00089605734767,0.472222222222,0.991304347826,0.527777777778,0.688821752266,0.691477248276,0.52688172043,0.52534562212,7,108,0,0,0,0
1822,WLNM_dir_neg,0.986711248285,0.838403880071,00:00:06,10,50,3,1235135427,threshold_sweep,0.4,0.857142857143,0.0555555555556,0.104347826087,6,1,102,215,0.0555555555556,0.99537037037,0.00462962962963,0.944444444444,0.857142857143,0.0555555555556,0.104347826087,0.682098765432,0.659465020576,0.0664652567976,0.16511975525,0.0509259259259,216,108,108,0,216,0,108,0,108,37,216,0.162162162162,1.32432432432,11.6756756757,21.6,6,8.1990990496,0.702237650082,0.31006006006,10.329336629,1.76937710775,0.765265265265,3.0868314707,0.528762798222,0.252752752753,0.579945114934,0.437917739848,2,1.32432432432,0.579945114934,2,0.0121701261701,0.00597269624573,7,0.000900900900901,0.621196581197,37,37,37,1,0,0.72972972973,0.243243243243,0.027027027027,37,0.0810810810811,1.32432432432,5.83783783784,10.8,3.08571428571,4.37488738594,0.749402005925,0.387387387387,5.19817477784,1.78085617389,0.778778778779,1.89118390871,0.647905598356,0.358858858859,0.579945114934,0.437917739848,2,1.32432432432,0.579945114934,2,0.00945231239349,0.00692041522491,2,0.0002574002574,0.2082362048,37,37,37,1,0,0.72972972973,0.216216216216,0.0540540540541,37,115,0.0863363363363,1.32808758125,6.21621621622,11.5,3.10810810811,4.75590355439,0.76508013701,0.401410105758,5.34781255273,1.72060056044,0.763337250294,1.69613586628,0.545713278716,0.297062279671,0.591382825656,0.445289026119,2.12658227848,1.32808758125,0.591382825656,2.12658227848,0.0145088091455,0.0212335692619,7,0.000900900900901,0.217439347336,37,37,37,1,0,0.72972972973,0.27027027027,0,-101,-0.0758258258258,0.00376325692781,-5.45945945946,-10.1,-2.89189189189,-3.44319549522,0.062842486928,0.0913500456979,-4.98152407627,-0.0487765473029,-0.00192801497149,-1.39069560443,0.0169504804933,0.0443095269182,0.0114377107216,0.00737128627021,0.126582278481,0.00376325692781,0.0114377107216,0.126582278481,0.00233868297536,0.0152608730161,0,0,-0.40375723386,0,0.027027027027,-0.027027027027,114,1,102,1115,0.527777777778,0.999103942652,0.00089605734767,0.472222222222,0.991304347826,0.527777777778,0.688821752266,0.691477248276,0.52688172043,0.52534562212,7,108,0,0,0,0
1823,WLNM_dir_neg,0.986711248285,0.838403880071,00:00:06,10,50,3,1235135427,threshold_sweep,0.5,0.75,0.0277777777778,0.0535714285714,3,1,105,215,0.0277777777778,0.99537037037,0.00462962962963,0.972222222222,0.75,0.0277777777778,0.0535714285714,0.672839506173,0.662551440329,0.030487804878,0.0988211768803,0.0231481481481,216,108,108,0,216,0,108,0,108,37,216,0.162162162162,1.32432432432,11.6756756757,21.6,6,8.1990990496,0.702237650082,0.31006006006,10.329336629,1.76937710775,0.765265265265,3.0868314707,0.528762798222,0.252752752753,0.579945114934,0.437917739848,2,1.32432432432,0.579945114934,2,0.0121701261701,0.00597269624573,7,0.000900900900901,0.621196581197,37,37,37,1,0,0.72972972973,0.243243243243,0.027027027027,37,0.0810810810811,1.32432432432,5.83783783784,10.8,3.08571428571,4.37488738594,0.749402005925,0.387387387387,5.19817477784,1.78085617389,0.778778778779,1.89118390871,0.647905598356,0.358858858859,0.579945114934,0.437917739848,2,1.32432432432,0.579945114934,2,0.00945231239349,0.00692041522491,2,0.0002574002574,0.2082362048,37,37,37,1,0,0.72972972973,0.216216216216,0.0540540540541,37,112,0.0840840840841,1.33039161611,6.05405405405,11.2,3.02702702703,4.5883060657,0.75788984121,0.395028957529,5.29405582017,1.74892915488,0.770752895753,1.77147908205,0.585220768177,0.320945945946,0.598636321842,0.449970004768,2.20408163265,1.33039161611,0.598636321842,2.20408163265,0.0158736688148,0.0129032258065,4,0.000514800514801,0.211378741276,37,37,37,1,0,0.72972972973,0.27027027027,0,-104,-0.0780780780781,0.00606729178158,-5.62162162162,-10.4,-2.97297297297,-3.6107929839,0.0556521911277,0.0849688974689,-5.03528080883,-0.0204479528693,0.00548763048763,-1.31535238865,0.0564579699546,0.0681931931932,0.018691206908,0.0120522649195,0.204081632653,0.00606729178158,0.018691206908,0.204081632653,0.00370354264472,0.00693052956072,-3,-0.0003861003861,-0.409817839921,0,0.027027027027,-0.027027027027,111,1,105,1115,0.513888888889,0.999103942652,0.00089605734767,0.486111111111,0.991071428571,0.513888888889,0.676829268293,0.681367386962,0.512992831541,0.511520737327,4,108,0,0,0,0
1824,WLNM_dir_neg,0.986711248285,0.838403880071,00:00:06,10,50,3,1235135427,threshold_sweep,0.6,0.75,0.0277777777778,0.0535714285714,3,1,105,215,0.0277777777778,0.99537037037,0.00462962962963,0.972222222222,0.75,0.0277777777778,0.0535714285714,0.672839506173,0.662551440329,0.030487804878,0.0988211768803,0.0231481481481,216,108,108,0,216,0,108,0,108,37,216,0.162162162162,1.32432432432,11.6756756757,21.6,6,8.1990990496,0.702237650082,0.31006006006,10.329336629,1.76937710775,0.765265265265,3.0868314707,0.528762798222,0.252752752753,0.579945114934,0.437917739848,2,1.32432432432,0.579945114934,2,0.0121701261701,0.00597269624573,7,0.000900900900901,0.621196581197,37,37,37,1,0,0.72972972973,0.243243243243,0.027027027027,37,0.0810810810811,1.32432432432,5.83783783784,10.8,3.08571428571,4.37488738594,0.749402005925,0.387387387387,5.19817477784,1.78085617389,0.778778778779,1.89118390871,0.647905598356,0.358858858859,0.579945114934,0.437917739848,2,1.32432432432,0.579945114934,2,0.00945231239349,0.00692041522491,2,0.0002574002574,0.2082362048,37,37,37,1,0,0.72972972973,0.216216216216,0.0540540540541,37,112,0.0840840840841,1.33039161611,6.05405405405,11.2,3.02702702703,4.5883060657,0.75788984121,0.395028957529,5.29405582017,1.74892915488,0.770752895753,1.77147908205,0.585220768177,0.320945945946,0.598636321842,0.449970004768,2.20408163265,1.33039161611,0.598636321842,2.20408163265,0.0158736688148,0.0129032258065,4,0.000514800514801,0.211378741276,37,37,37,1,0,0.72972972973,0.27027027027,0,-104,-0.0780780780781,0.00606729178158,-5.62162162162,-10.4,-2.97297297297,-3.6107929839,0.0556521911277,0.0849688974689,-5.03528080883,-0.0204479528693,0.00548763048763,-1.31535238865,0.0564579699546,0.0681931931932,0.018691206908,0.0120522649195,0.204081632653,0.00606729178158,0.018691206908,0.204081632653,0.00370354264472,0.00693052956072,-3,-0.0003861003861,-0.409817839921,0,0.027027027027,-0.027027027027,111,1,105,1115,0.513888888889,0.999103942652,0.00089605734767,0.486111111111,0.991071428571,0.513888888889,0.676829268293,0.681367386962,0.512992831541,0.511520737327,4,108,0,0,0,0
1825,WLNM_dir_neg,0.986711248285,0.838403880071,00:00:06,10,50,3,1235135427,threshold_sweep,0.7,0.75,0.0277777777778,0.0535714285714,3,1,105,215,0.0277777777778,0.99537037037,0.00462962962963,0.972222222222,0.75,0.0277777777778,0.0535714285714,0.672839506173,0.662551440329,0.030487804878,0.0988211768803,0.0231481481481,216,108,108,0,216,0,108,0,108,37,216,0.162162162162,1.32432432432,11.6756756757,21.6,6,8.1990990496,0.702237650082,0.31006006006,10.329336629,1.76937710775,0.765265265265,3.0868314707,0.528762798222,0.252752752753,0.579945114934,0.437917739848,2,1.32432432432,0.579945114934,2,0.0121701261701,0.00597269624573,7,0.000900900900901,0.621196581197,37,37,37,1,0,0.72972972973,0.243243243243,0.027027027027,37,0.0810810810811,1.32432432432,5.83783783784,10.8,3.08571428571,4.37488738594,0.749402005925,0.387387387387,5.19817477784,1.78085617389,0.778778778779,1.89118390871,0.647905598356,0.358858858859,0.579945114934,0.437917739848,2,1.32432432432,0.579945114934,2,0.00945231239349,0.00692041522491,2,0.0002574002574,0.2082362048,37,37,37,1,0,0.72972972973,0.216216216216,0.0540540540541,37,112,0.0840840840841,1.33039161611,6.05405405405,11.2,3.02702702703,4.5883060657,0.75788984121,0.395028957529,5.29405582017,1.74892915488,0.770752895753,1.77147908205,0.585220768177,0.320945945946,0.598636321842,0.449970004768,2.20408163265,1.33039161611,0.598636321842,2.20408163265,0.0158736688148,0.0129032258065,4,0.000514800514801,0.211378741276,37,37,37,1,0,0.72972972973,0.27027027027,0,-104,-0.0780780780781,0.00606729178158,-5.62162162162,-10.4,-2.97297297297,-3.6107929839,0.0556521911277,0.0849688974689,-5.03528080883,-0.0204479528693,0.00548763048763,-1.31535238865,0.0564579699546,0.0681931931932,0.018691206908,0.0120522649195,0.204081632653,0.00606729178158,0.018691206908,0.204081632653,0.00370354264472,0.00693052956072,-3,-0.0003861003861,-0.409817839921,0,0.027027027027,-0.027027027027,111,1,105,1115,0.513888888889,0.999103942652,0.00089605734767,0.486111111111,0.991071428571,0.513888888889,0.676829268293,0.681367386962,0.512992831541,0.511520737327,4,108,0,0,0,0
1826,WLNM_dir_neg,0.986711248285,0.838403880071,00:00:06,10,50,3,1235135427,threshold_sweep,0.8,0.75,0.0277777777778,0.0535714285714,3,1,105,215,0.0277777777778,0.99537037037,0.00462962962963,0.972222222222,0.75,0.0277777777778,0.0535714285714,0.672839506173,0.662551440329,0.030487804878,0.0988211768803,0.0231481481481,216,108,108,0,216,0,108,0,108,37,216,0.162162162162,1.32432432432,11.6756756757,21.6,6,8.1990990496,0.702237650082,0.31006006006,10.329336629,1.76937710775,0.765265265265,3.0868314707,0.528762798222,0.252752752753,0.579945114934,0.437917739848,2,1.32432432432,0.579945114934,2,0.0121701261701,0.00597269624573,7,0.000900900900901,0.621196581197,37,37,37,1,0,0.72972972973,0.243243243243,0.027027027027,37,0.0810810810811,1.32432432432,5.83783783784,10.8,3.08571428571,4.37488738594,0.749402005925,0.387387387387,5.19817477784,1.78085617389,0.778778778779,1.89118390871,0.647905598356,0.358858858859,0.579945114934,0.437917739848,2,1.32432432432,0.579945114934,2,0.00945231239349,0.00692041522491,2,0.0002574002574,0.2082362048,37,37,37,1,0,0.72972972973,0.216216216216,0.0540540540541,37,112,0.0840840840841,1.33039161611,6.05405405405,11.2,3.02702702703,4.5883060657,0.75788984121,0.395028957529,5.29405582017,1.74892915488,0.770752895753,1.77147908205,0.585220768177,0.320945945946,0.598636321842,0.449970004768,2.20408163265,1.33039161611,0.598636321842,2.20408163265,0.0158736688148,0.0129032258065,4,0.000514800514801,0.211378741276,37,37,37,1,0,0.72972972973,0.27027027027,0,-104,-0.0780780780781,0.00606729178158,-5.62162162162,-10.4,-2.97297297297,-3.6107929839,0.0556521911277,0.0849688974689,-5.03528080883,-0.0204479528693,0.00548763048763,-1.31535238865,0.0564579699546,0.0681931931932,0.018691206908,0.0120522649195,0.204081632653,0.00606729178158,0.018691206908,0.204081632653,0.00370354264472,0.00693052956072,-3,-0.0003861003861,-0.409817839921,0,0.027027027027,-0.027027027027,111,1,105,1115,0.513888888889,0.999103942652,0.00089605734767,0.486111111111,0.991071428571,0.513888888889,0.676829268293,0.681367386962,0.512992831541,0.511520737327,4,108,0,0,0,0
1827,WLNM_dir_neg,0.986711248285,0.838403880071,00:00:06,10,50,3,1235135427,threshold_sweep,0.9,0.75,0.0277777777778,0.0535714285714,3,1,105,215,0.0277777777778,0.99537037037,0.00462962962963,0.972222222222,0.75,0.0277777777778,0.0535714285714,0.672839506173,0.662551440329,0.030487804878,0.0988211768803,0.0231481481481,216,108,108,0,216,0,108,0,108,37,216,0.162162162162,1.32432432432,11.6756756757,21.6,6,8.1990990496,0.702237650082,0.31006006006,10.329336629,1.76937710775,0.765265265265,3.0868314707,0.528762798222,0.252752752753,0.579945114934,0.437917739848,2,1.32432432432,0.579945114934,2,0.0121701261701,0.00597269624573,7,0.000900900900901,0.621196581197,37,37,37,1,0,0.72972972973,0.243243243243,0.027027027027,37,0.0810810810811,1.32432432432,5.83783783784,10.8,3.08571428571,4.37488738594,0.749402005925,0.387387387387,5.19817477784,1.78085617389,0.778778778779,1.89118390871,0.647905598356,0.358858858859,0.579945114934,0.437917739848,2,1.32432432432,0.579945114934,2,0.00945231239349,0.00692041522491,2,0.0002574002574,0.2082362048,37,37,37,1,0,0.72972972973,0.216216216216,0.0540540540541,37,112,0.0840840840841,1.33039161611,6.05405405405,11.2,3.02702702703,4.5883060657,0.75788984121,0.395028957529,5.29405582017,1.74892915488,0.770752895753,1.77147908205,0.585220768177,0.320945945946,0.598636321842,0.449970004768,2.20408163265,1.33039161611,0.598636321842,2.20408163265,0.0158736688148,0.0129032258065,4,0.000514800514801,0.211378741276,37,37,37,1,0,0.72972972973,0.27027027027,0,-104,-0.0780780780781,0.00606729178158,-5.62162162162,-10.4,-2.97297297297,-3.6107929839,0.0556521911277,0.0849688974689,-5.03528080883,-0.0204479528693,0.00548763048763,-1.31535238865,0.0564579699546,0.0681931931932,0.018691206908,0.0120522649195,0.204081632653,0.00606729178158,0.018691206908,0.204081632653,0.00370354264472,0.00693052956072,-3,-0.0003861003861,-0.409817839921,0,0.027027027027,-0.027027027027,111,1,105,1115,0.513888888889,0.999103942652,0.00089605734767,0.486111111111,0.991071428571,0.513888888889,0.676829268293,0.681367386962,0.512992831541,0.511520737327,4,108,0,0,0,0
1828,WLNM_dir_neg,0.969264403292,0.769740325414,00:00:04,10,50,4,1235135428,threshold_sweep,0.1,0.833333333333,0.0462962962963,0.0877192982456,5,1,103,215,0.0462962962963,0.99537037037,0.00462962962963,0.953703703704,0.833333333333,0.0462962962963,0.0877192982456,0.679012345679,0.66049382716,0.0545454545455,0.145692879354,0.0416666666667,216,108,108,0,216,0,108,0,108,37,216,0.162162162162,1.32432432432,11.6756756757,21.6,6,8.1990990496,0.702237650082,0.31006006006,10.329336629,1.76937710775,0.765265265265,3.0868314707,0.528762798222,0.252752752753,0.579945114934,0.437917739848,2,1.32432432432,0.579945114934,2,0.0121701261701,0.00597269624573,7,0.000900900900901,0.621196581197,37,37,37,1,0,0.72972972973,0.243243243243,0.027027027027,37,0.0810810810811,1.32432432432,5.83783783784,10.8,3.17647058824,4.29155186587,0.735126939986,0.372622622623,5.19282827229,1.77902450069,0.776276276276,1.80090067556,0.616975231443,0.344344344344,0.579945114934,0.437917739848,2,1.32432432432,0.579945114934,2,0.0128492935636,0.00702576112412,2,0.0002574002574,0.198034401473,37,37,37,1,0,0.72972972973,0.189189189189,0.0810810810811,37,114,0.0855855855856,1.3272972973,6.16216216216,11.4,3.16666666667,4.64586741999,0.753934625173,0.385016595543,5.33530369009,1.7316336538,0.764817449028,1.63941687428,0.532091441654,0.294926505453,0.584928421197,0.440691337494,2.01666666667,1.3272972973,0.584928421197,2.01666666667,0.0509765444639,0.0460593654043,15,0.0019305019305,0.203071271972,37,37,37,1,0,0.72972972973,0.243243243243,0.027027027027,-102,-0.0765765765766,0.00297297297297,-5.51351351351,-10.2,-2.83333333333,-3.55323162962,0.0516969750912,0.0749565354829,-4.99403293891,-0.0377434539449,-0.00044781623729,-1.44741459642,0.00332864343119,0.0421737527001,0.00498330626304,0.00277359764506,0.0166666666667,0.00297297297297,0.00498330626304,0.0166666666667,0.0388064182938,0.0400866691586,8,0.0010296010296,-0.418125309225,0,0,0,113,1,103,1115,0.523148148148,0.999103942652,0.00089605734767,0.476851851852,0.991228070175,0.523148148148,0.684848484848,0.688118272496,0.5222520908,0.520737327189,6,108,0,0,0,0
1829,WLNM_dir_neg,0.969264403292,0.769740325414,00:00:04,10,50,4,1235135428,threshold_sweep,0.2,0.833333333333,0.0462962962963,0.0877192982456,5,1,103,215,0.0462962962963,0.99537037037,0.00462962962963,0.953703703704,0.833333333333,0.0462962962963,0.0877192982456,0.679012345679,0.66049382716,0.0545454545455,0.145692879354,0.0416666666667,216,108,108,0,216,0,108,0,108,37,216,0.162162162162,1.32432432432,11.6756756757,21.6,6,8.1990990496,0.702237650082,0.31006006006,10.329336629,1.76937710775,0.765265265265,3.0868314707,0.528762798222,0.252752752753,0.579945114934,0.437917739848,2,1.32432432432,0.579945114934,2,0.0121701261701,0.00597269624573,7,0.000900900900901,0.621196581197,37,37,37,1,0,0.72972972973,0.243243243243,0.027027027027,37,0.0810810810811,1.32432432432,5.83783783784,10.8,3.17647058824,4.29155186587,0.735126939986,0.372622622623,5.19282827229,1.77902450069,0.776276276276,1.80090067556,0.616975231443,0.344344344344,0.579945114934,0.437917739848,2,1.32432432432,0.579945114934,2,0.0128492935636,0.00702576112412,2,0.0002574002574,0.198034401473,37,37,37,1,0,0.72972972973,0.189189189189,0.0810810810811,37,114,0.0855855855856,1.3272972973,6.16216216216,11.4,3.16666666667,4.64586741999,0.753934625173,0.385016595543,5.33530369009,1.7316336538,0.764817449028,1.63941687428,0.532091441654,0.294926505453,0.584928421197,0.440691337494,2.01666666667,1.3272972973,0.584928421197,2.01666666667,0.0509765444639,0.0460593654043,15,0.0019305019305,0.203071271972,37,37,37,1,0,0.72972972973,0.243243243243,0.027027027027,-102,-0.0765765765766,0.00297297297297,-5.51351351351,-10.2,-2.83333333333,-3.55323162962,0.0516969750912,0.0749565354829,-4.99403293891,-0.0377434539449,-0.00044781623729,-1.44741459642,0.00332864343119,0.0421737527001,0.00498330626304,0.00277359764506,0.0166666666667,0.00297297297297,0.00498330626304,0.0166666666667,0.0388064182938,0.0400866691586,8,0.0010296010296,-0.418125309225,0,0,0,113,1,103,1115,0.523148148148,0.999103942652,0.00089605734767,0.476851851852,0.991228070175,0.523148148148,0.684848484848,0.688118272496,0.5222520908,0.520737327189,6,108,0,0,0,0
1830,WLNM_dir_neg,0.969264403292,0.769740325414,00:00:04,10,50,4,1235135428,threshold_sweep,0.3,0.833333333333,0.0462962962963,0.0877192982456,5,1,103,215,0.0462962962963,0.99537037037,0.00462962962963,0.953703703704,0.833333333333,0.0462962962963,0.0877192982456,0.679012345679,0.66049382716,0.0545454545455,0.145692879354,0.0416666666667,216,108,108,0,216,0,108,0,108,37,216,0.162162162162,1.32432432432,11.6756756757,21.6,6,8.1990990496,0.702237650082,0.31006006006,10.329336629,1.76937710775,0.765265265265,3.0868314707,0.528762798222,0.252752752753,0.579945114934,0.437917739848,2,1.32432432432,0.579945114934,2,0.0121701261701,0.00597269624573,7,0.000900900900901,0.621196581197,37,37,37,1,0,0.72972972973,0.243243243243,0.027027027027,37,0.0810810810811,1.32432432432,5.83783783784,10.8,3.17647058824,4.29155186587,0.735126939986,0.372622622623,5.19282827229,1.77902450069,0.776276276276,1.80090067556,0.616975231443,0.344344344344,0.579945114934,0.437917739848,2,1.32432432432,0.579945114934,2,0.0128492935636,0.00702576112412,2,0.0002574002574,0.198034401473,37,37,37,1,0,0.72972972973,0.189189189189,0.0810810810811,37,114,0.0855855855856,1.3272972973,6.16216216216,11.4,3.16666666667,4.64586741999,0.753934625173,0.385016595543,5.33530369009,1.7316336538,0.764817449028,1.63941687428,0.532091441654,0.294926505453,0.584928421197,0.440691337494,2.01666666667,1.3272972973,0.584928421197,2.01666666667,0.0509765444639,0.0460593654043,15,0.0019305019305,0.203071271972,37,37,37,1,0,0.72972972973,0.243243243243,0.027027027027,-102,-0.0765765765766,0.00297297297297,-5.51351351351,-10.2,-2.83333333333,-3.55323162962,0.0516969750912,0.0749565354829,-4.99403293891,-0.0377434539449,-0.00044781623729,-1.44741459642,0.00332864343119,0.0421737527001,0.00498330626304,0.00277359764506,0.0166666666667,0.00297297297297,0.00498330626304,0.0166666666667,0.0388064182938,0.0400866691586,8,0.0010296010296,-0.418125309225,0,0,0,113,1,103,1115,0.523148148148,0.999103942652,0.00089605734767,0.476851851852,0.991228070175,0.523148148148,0.684848484848,0.688118272496,0.5222520908,0.520737327189,6,108,0,0,0,0
1831,WLNM_dir_neg,0.969264403292,0.769740325414,00:00:04,10,50,4,1235135428,threshold_sweep,0.4,0.833333333333,0.0462962962963,0.0877192982456,5,1,103,215,0.0462962962963,0.99537037037,0.00462962962963,0.953703703704,0.833333333333,0.0462962962963,0.0877192982456,0.679012345679,0.66049382716,0.0545454545455,0.145692879354,0.0416666666667,216,108,108,0,216,0,108,0,108,37,216,0.162162162162,1.32432432432,11.6756756757,21.6,6,8.1990990496,0.702237650082,0.31006006006,10.329336629,1.76937710775,0.765265265265,3.0868314707,0.528762798222,0.252752752753,0.579945114934,0.437917739848,2,1.32432432432,0.579945114934,2,0.0121701261701,0.00597269624573,7,0.000900900900901,0.621196581197,37,37,37,1,0,0.72972972973,0.243243243243,0.027027027027,37,0.0810810810811,1.32432432432,5.83783783784,10.8,3.17647058824,4.29155186587,0.735126939986,0.372622622623,5.19282827229,1.77902450069,0.776276276276,1.80090067556,0.616975231443,0.344344344344,0.579945114934,0.437917739848,2,1.32432432432,0.579945114934,2,0.0128492935636,0.00702576112412,2,0.0002574002574,0.198034401473,37,37,37,1,0,0.72972972973,0.189189189189,0.0810810810811,37,114,0.0855855855856,1.3272972973,6.16216216216,11.4,3.16666666667,4.64586741999,0.753934625173,0.385016595543,5.33530369009,1.7316336538,0.764817449028,1.63941687428,0.532091441654,0.294926505453,0.584928421197,0.440691337494,2.01666666667,1.3272972973,0.584928421197,2.01666666667,0.0509765444639,0.0460593654043,15,0.0019305019305,0.203071271972,37,37,37,1,0,0.72972972973,0.243243243243,0.027027027027,-102,-0.0765765765766,0.00297297297297,-5.51351351351,-10.2,-2.83333333333,-3.55323162962,0.0516969750912,0.0749565354829,-4.99403293891,-0.0377434539449,-0.00044781623729,-1.44741459642,0.00332864343119,0.0421737527001,0.00498330626304,0.00277359764506,0.0166666666667,0.00297297297297,0.00498330626304,0.0166666666667,0.0388064182938,0.0400866691586,8,0.0010296010296,-0.418125309225,0,0,0,113,1,103,1115,0.523148148148,0.999103942652,0.00089605734767,0.476851851852,0.991228070175,0.523148148148,0.684848484848,0.688118272496,0.5222520908,0.520737327189,6,108,0,0,0,0
1832,WLNM_dir_neg,0.969264403292,0.769740325414,00:00:04,10,50,4,1235135428,threshold_sweep,0.5,0.833333333333,0.0462962962963,0.0877192982456,5,1,103,215,0.0462962962963,0.99537037037,0.00462962962963,0.953703703704,0.833333333333,0.0462962962963,0.0877192982456,0.679012345679,0.66049382716,0.0545454545455,0.145692879354,0.0416666666667,216,108,108,0,216,0,108,0,108,37,216,0.162162162162,1.32432432432,11.6756756757,21.6,6,8.1990990496,0.702237650082,0.31006006006,10.329336629,1.76937710775,0.765265265265,3.0868314707,0.528762798222,0.252752752753,0.579945114934,0.437917739848,2,1.32432432432,0.579945114934,2,0.0121701261701,0.00597269624573,7,0.000900900900901,0.621196581197,37,37,37,1,0,0.72972972973,0.243243243243,0.027027027027,37,0.0810810810811,1.32432432432,5.83783783784,10.8,3.17647058824,4.29155186587,0.735126939986,0.372622622623,5.19282827229,1.77902450069,0.776276276276,1.80090067556,0.616975231443,0.344344344344,0.579945114934,0.437917739848,2,1.32432432432,0.579945114934,2,0.0128492935636,0.00702576112412,2,0.0002574002574,0.198034401473,37,37,37,1,0,0.72972972973,0.189189189189,0.0810810810811,37,114,0.0855855855856,1.3272972973,6.16216216216,11.4,3.16666666667,4.64586741999,0.753934625173,0.385016595543,5.33530369009,1.7316336538,0.764817449028,1.63941687428,0.532091441654,0.294926505453,0.584928421197,0.440691337494,2.01666666667,1.3272972973,0.584928421197,2.01666666667,0.0509765444639,0.0460593654043,15,0.0019305019305,0.203071271972,37,37,37,1,0,0.72972972973,0.243243243243,0.027027027027,-102,-0.0765765765766,0.00297297297297,-5.51351351351,-10.2,-2.83333333333,-3.55323162962,0.0516969750912,0.0749565354829,-4.99403293891,-0.0377434539449,-0.00044781623729,-1.44741459642,0.00332864343119,0.0421737527001,0.00498330626304,0.00277359764506,0.0166666666667,0.00297297297297,0.00498330626304,0.0166666666667,0.0388064182938,0.0400866691586,8,0.0010296010296,-0.418125309225,0,0,0,113,1,103,1115,0.523148148148,0.999103942652,0.00089605734767,0.476851851852,0.991228070175,0.523148148148,0.684848484848,0.688118272496,0.5222520908,0.520737327189,6,108,0,0,0,0
1833,WLNM_dir_neg,0.969264403292,0.769740325414,00:00:04,10,50,4,1235135428,threshold_sweep,0.6,0.833333333333,0.0462962962963,0.0877192982456,5,1,103,215,0.0462962962963,0.99537037037,0.00462962962963,0.953703703704,0.833333333333,0.0462962962963,0.0877192982456,0.679012345679,0.66049382716,0.0545454545455,0.145692879354,0.0416666666667,216,108,108,0,216,0,108,0,108,37,216,0.162162162162,1.32432432432,11.6756756757,21.6,6,8.1990990496,0.702237650082,0.31006006006,10.329336629,1.76937710775,0.765265265265,3.0868314707,0.528762798222,0.252752752753,0.579945114934,0.437917739848,2,1.32432432432,0.579945114934,2,0.0121701261701,0.00597269624573,7,0.000900900900901,0.621196581197,37,37,37,1,0,0.72972972973,0.243243243243,0.027027027027,37,0.0810810810811,1.32432432432,5.83783783784,10.8,3.17647058824,4.29155186587,0.735126939986,0.372622622623,5.19282827229,1.77902450069,0.776276276276,1.80090067556,0.616975231443,0.344344344344,0.579945114934,0.437917739848,2,1.32432432432,0.579945114934,2,0.0128492935636,0.00702576112412,2,0.0002574002574,0.198034401473,37,37,37,1,0,0.72972972973,0.189189189189,0.0810810810811,37,114,0.0855855855856,1.3272972973,6.16216216216,11.4,3.16666666667,4.64586741999,0.753934625173,0.385016595543,5.33530369009,1.7316336538,0.764817449028,1.63941687428,0.532091441654,0.294926505453,0.584928421197,0.440691337494,2.01666666667,1.3272972973,0.584928421197,2.01666666667,0.0509765444639,0.0460593654043,15,0.0019305019305,0.203071271972,37,37,37,1,0,0.72972972973,0.243243243243,0.027027027027,-102,-0.0765765765766,0.00297297297297,-5.51351351351,-10.2,-2.83333333333,-3.55323162962,0.0516969750912,0.0749565354829,-4.99403293891,-0.0377434539449,-0.00044781623729,-1.44741459642,0.00332864343119,0.0421737527001,0.00498330626304,0.00277359764506,0.0166666666667,0.00297297297297,0.00498330626304,0.0166666666667,0.0388064182938,0.0400866691586,8,0.0010296010296,-0.418125309225,0,0,0,113,1,103,1115,0.523148148148,0.999103942652,0.00089605734767,0.476851851852,0.991228070175,0.523148148148,0.684848484848,0.688118272496,0.5222520908,0.520737327189,6,108,0,0,0,0
1834,WLNM_dir_neg,0.969264403292,0.769740325414,00:00:04,10,50,4,1235135428,threshold_sweep,0.7,0.833333333333,0.0462962962963,0.0877192982456,5,1,103,215,0.0462962962963,0.99537037037,0.00462962962963,0.953703703704,0.833333333333,0.0462962962963,0.0877192982456,0.679012345679,0.66049382716,0.0545454545455,0.145692879354,0.0416666666667,216,108,108,0,216,0,108,0,108,37,216,0.162162162162,1.32432432432,11.6756756757,21.6,6,8.1990990496,0.702237650082,0.31006006006,10.329336629,1.76937710775,0.765265265265,3.0868314707,0.528762798222,0.252752752753,0.579945114934,0.437917739848,2,1.32432432432,0.579945114934,2,0.0121701261701,0.00597269624573,7,0.000900900900901,0.621196581197,37,37,37,1,0,0.72972972973,0.243243243243,0.027027027027,37,0.0810810810811,1.32432432432,5.83783783784,10.8,3.17647058824,4.29155186587,0.735126939986,0.372622622623,5.19282827229,1.77902450069,0.776276276276,1.80090067556,0.616975231443,0.344344344344,0.579945114934,0.437917739848,2,1.32432432432,0.579945114934,2,0.0128492935636,0.00702576112412,2,0.0002574002574,0.198034401473,37,37,37,1,0,0.72972972973,0.189189189189,0.0810810810811,37,114,0.0855855855856,1.3272972973,6.16216216216,11.4,3.16666666667,4.64586741999,0.753934625173,0.385016595543,5.33530369009,1.7316336538,0.764817449028,1.63941687428,0.532091441654,0.294926505453,0.584928421197,0.440691337494,2.01666666667,1.3272972973,0.584928421197,2.01666666667,0.0509765444639,0.0460593654043,15,0.0019305019305,0.203071271972,37,37,37,1,0,0.72972972973,0.243243243243,0.027027027027,-102,-0.0765765765766,0.00297297297297,-5.51351351351,-10.2,-2.83333333333,-3.55323162962,0.0516969750912,0.0749565354829,-4.99403293891,-0.0377434539449,-0.00044781623729,-1.44741459642,0.00332864343119,0.0421737527001,0.00498330626304,0.00277359764506,0.0166666666667,0.00297297297297,0.00498330626304,0.0166666666667,0.0388064182938,0.0400866691586,8,0.0010296010296,-0.418125309225,0,0,0,113,1,103,1115,0.523148148148,0.999103942652,0.00089605734767,0.476851851852,0.991228070175,0.523148148148,0.684848484848,0.688118272496,0.5222520908,0.520737327189,6,108,0,0,0,0
1835,WLNM_dir_neg,0.969264403292,0.769740325414,00:00:04,10,50,4,1235135428,threshold_sweep,0.8,0.833333333333,0.0462962962963,0.0877192982456,5,1,103,215,0.0462962962963,0.99537037037,0.00462962962963,0.953703703704,0.833333333333,0.0462962962963,0.0877192982456,0.679012345679,0.66049382716,0.0545454545455,0.145692879354,0.0416666666667,216,108,108,0,216,0,108,0,108,37,216,0.162162162162,1.32432432432,11.6756756757,21.6,6,8.1990990496,0.702237650082,0.31006006006,10.329336629,1.76937710775,0.765265265265,3.0868314707,0.528762798222,0.252752752753,0.579945114934,0.437917739848,2,1.32432432432,0.579945114934,2,0.0121701261701,0.00597269624573,7,0.000900900900901,0.621196581197,37,37,37,1,0,0.72972972973,0.243243243243,0.027027027027,37,0.0810810810811,1.32432432432,5.83783783784,10.8,3.17647058824,4.29155186587,0.735126939986,0.372622622623,5.19282827229,1.77902450069,0.776276276276,1.80090067556,0.616975231443,0.344344344344,0.579945114934,0.437917739848,2,1.32432432432,0.579945114934,2,0.0128492935636,0.00702576112412,2,0.0002574002574,0.198034401473,37,37,37,1,0,0.72972972973,0.189189189189,0.0810810810811,37,114,0.0855855855856,1.3272972973,6.16216216216,11.4,3.16666666667,4.64586741999,0.753934625173,0.385016595543,5.33530369009,1.7316336538,0.764817449028,1.63941687428,0.532091441654,0.294926505453,0.584928421197,0.440691337494,2.01666666667,1.3272972973,0.584928421197,2.01666666667,0.0509765444639,0.0460593654043,15,0.0019305019305,0.203071271972,37,37,37,1,0,0.72972972973,0.243243243243,0.027027027027,-102,-0.0765765765766,0.00297297297297,-5.51351351351,-10.2,-2.83333333333,-3.55323162962,0.0516969750912,0.0749565354829,-4.99403293891,-0.0377434539449,-0.00044781623729,-1.44741459642,0.00332864343119,0.0421737527001,0.00498330626304,0.00277359764506,0.0166666666667,0.00297297297297,0.00498330626304,0.0166666666667,0.0388064182938,0.0400866691586,8,0.0010296010296,-0.418125309225,0,0,0,113,1,103,1115,0.523148148148,0.999103942652,0.00089605734767,0.476851851852,0.991228070175,0.523148148148,0.684848484848,0.688118272496,0.5222520908,0.520737327189,6,108,0,0,0,0
1836,WLNM_dir_neg,0.969264403292,0.769740325414,00:00:04,10,50,4,1235135428,threshold_sweep,0.9,1,0.0277777777778,0.0540540540541,3,0,105,216,0.0277777777778,1,0,0.972222222222,1,0.0277777777778,0.0540540540541,0.675925925926,0.663580246914,0.0366972477064,0.136717185405,0.0277777777778,216,108,108,0,216,0,108,0,108,37,216,0.162162162162,1.32432432432,11.6756756757,21.6,6,8.1990990496,0.702237650082,0.31006006006,10.329336629,1.76937710775,0.765265265265,3.0868314707,0.528762798222,0.252752752753,0.579945114934,0.437917739848,2,1.32432432432,0.579945114934,2,0.0121701261701,0.00597269624573,7,0.000900900900901,0.621196581197,37,37,37,1,0,0.72972972973,0.243243243243,0.027027027027,37,0.0810810810811,1.32432432432,5.83783783784,10.8,3.17647058824,4.29155186587,0.735126939986,0.372622622623,5.19282827229,1.77902450069,0.776276276276,1.80090067556,0.616975231443,0.344344344344,0.579945114934,0.437917739848,2,1.32432432432,0.579945114934,2,0.0128492935636,0.00702576112412,2,0.0002574002574,0.198034401473,37,37,37,1,0,0.72972972973,0.189189189189,0.0810810810811,37,111,0.0833333333333,1.32432432432,6,11.1,3.08333333333,4.41588043316,0.735980072194,0.376673971269,5.22812904712,1.74270968237,0.768931093255,1.6996731712,0.566557723733,0.314584855125,0.579945114934,0.437917739848,2,1.32432432432,0.579945114934,2,0.00969387755102,0.00993377483444,3,0.0003861003861,0.199145512584,37,37,37,1,0,0.72972972973,0.243243243243,0.027027027027,-105,-0.0788288288288,0,-5.67567567568,-10.5,-2.91666666667,-3.78321861644,0.0337424221121,0.0666139112085,-5.10120758188,-0.0266674253722,0.00366582799015,-1.38715829951,0.0377949255101,0.0618321023726,0,0,0,0,0,0,-0.00247624861911,0.0039610785887,-4,-0.000514800514801,-0.422051068613,0,0,0,111,0,105,1116,0.513888888889,1,0,0.486111111111,1,0.513888888889,0.678899082569,0.685344416842,0.513888888889,0.513888888889,3,108,0,0,0,0
1837,WLNM_dir_neg,0.983367626886,0.837165072339,00:00:04,10,50,5,1235135429,threshold_sweep,0.1,1,0.0277777777778,0.0540540540541,3,0,105,216,0.0277777777778,1,0,0.972222222222,1,0.0277777777778,0.0540540540541,0.675925925926,0.663580246914,0.0366972477064,0.136717185405,0.0277777777778,216,108,108,0,216,0,108,0,108,37,216,0.162162162162,1.32432432432,11.6756756757,21.6,6,8.1990990496,0.702237650082,0.31006006006,10.329336629,1.76937710775,0.765265265265,3.0868314707,0.528762798222,0.252752752753,0.579945114934,0.437917739848,2,1.32432432432,0.579945114934,2,0.0121701261701,0.00597269624573,7,0.000900900900901,0.621196581197,37,37,37,1,0,0.72972972973,0.243243243243,0.027027027027,37,0.0810810810811,1.32432432432,5.83783783784,10.8,3.17647058824,4.4253908397,0.758053060504,0.376126126126,5.34570636835,1.83139940397,0.78978978979,1.87643838722,0.642853891917,0.359359359359,0.579945114934,0.437917739848,2,1.32432432432,0.579945114934,2,0.00625942684766,0.00342857142857,1,0.0001287001287,0.19930791293,37,37,37,1,0,0.72972972973,0.189189189189,0.0810810810811,37,111,0.0833333333333,1.32432432432,6,11.1,3.08333333333,4.52769256907,0.754615428178,0.381056732408,5.38516480713,1.79505493571,0.782566350134,1.77951304201,0.593171014002,0.330168005844,0.579945114934,0.437917739848,2,1.32432432432,0.579945114934,2,0.00775335775336,0.00649350649351,2,0.0002574002574,0.200974579597,37,37,37,1,0,0.72972972973,0.243243243243,0.027027027027,-105,-0.0788288288288,0,-5.67567567568,-10.5,-2.91666666667,-3.67140648054,0.0523777780963,0.070996672348,-4.94417182187,0.0256778279662,0.0173010848687,-1.3073184287,0.0644082157793,0.0774152530909,0,0,0,0,0,0,-0.00441676841677,0.000520810247773,-5,-0.000643500643501,-0.4202220016,0,0,0,111,0,105,1116,0.513888888889,1,0,0.486111111111,1,0.513888888889,0.678899082569,0.685344416842,0.513888888889,0.513888888889,3,108,0,0,0,0
1838,WLNM_dir_neg,0.983367626886,0.837165072339,00:00:04,10,50,5,1235135429,threshold_sweep,0.2,1,0.0277777777778,0.0540540540541,3,0,105,216,0.0277777777778,1,0,0.972222222222,1,0.0277777777778,0.0540540540541,0.675925925926,0.663580246914,0.0366972477064,0.136717185405,0.0277777777778,216,108,108,0,216,0,108,0,108,37,216,0.162162162162,1.32432432432,11.6756756757,21.6,6,8.1990990496,0.702237650082,0.31006006006,10.329336629,1.76937710775,0.765265265265,3.0868314707,0.528762798222,0.252752752753,0.579945114934,0.437917739848,2,1.32432432432,0.579945114934,2,0.0121701261701,0.00597269624573,7,0.000900900900901,0.621196581197,37,37,37,1,0,0.72972972973,0.243243243243,0.027027027027,37,0.0810810810811,1.32432432432,5.83783783784,10.8,3.17647058824,4.4253908397,0.758053060504,0.376126126126,5.34570636835,1.83139940397,0.78978978979,1.87643838722,0.642853891917,0.359359359359,0.579945114934,0.437917739848,2,1.32432432432,0.579945114934,2,0.00625942684766,0.00342857142857,1,0.0001287001287,0.19930791293,37,37,37,1,0,0.72972972973,0.189189189189,0.0810810810811,37,111,0.0833333333333,1.32432432432,6,11.1,3.08333333333,4.52769256907,0.754615428178,0.381056732408,5.38516480713,1.79505493571,0.782566350134,1.77951304201,0.593171014002,0.330168005844,0.579945114934,0.437917739848,2,1.32432432432,0.579945114934,2,0.00775335775336,0.00649350649351,2,0.0002574002574,0.200974579597,37,37,37,1,0,0.72972972973,0.243243243243,0.027027027027,-105,-0.0788288288288,0,-5.67567567568,-10.5,-2.91666666667,-3.67140648054,0.0523777780963,0.070996672348,-4.94417182187,0.0256778279662,0.0173010848687,-1.3073184287,0.0644082157793,0.0774152530909,0,0,0,0,0,0,-0.00441676841677,0.000520810247773,-5,-0.000643500643501,-0.4202220016,0,0,0,111,0,105,1116,0.513888888889,1,0,0.486111111111,1,0.513888888889,0.678899082569,0.685344416842,0.513888888889,0.513888888889,3,108,0,0,0,0
1839,WLNM_dir_neg,0.983367626886,0.837165072339,00:00:04,10,50,5,1235135429,threshold_sweep,0.3,1,0.0277777777778,0.0540540540541,3,0,105,216,0.0277777777778,1,0,0.972222222222,1,0.0277777777778,0.0540540540541,0.675925925926,0.663580246914,0.0366972477064,0.136717185405,0.0277777777778,216,108,108,0,216,0,108,0,108,37,216,0.162162162162,1.32432432432,11.6756756757,21.6,6,8.1990990496,0.702237650082,0.31006006006,10.329336629,1.76937710775,0.765265265265,3.0868314707,0.528762798222,0.252752752753,0.579945114934,0.437917739848,2,1.32432432432,0.579945114934,2,0.0121701261701,0.00597269624573,7,0.000900900900901,0.621196581197,37,37,37,1,0,0.72972972973,0.243243243243,0.027027027027,37,0.0810810810811,1.32432432432,5.83783783784,10.8,3.17647058824,4.4253908397,0.758053060504,0.376126126126,5.34570636835,1.83139940397,0.78978978979,1.87643838722,0.642853891917,0.359359359359,0.579945114934,0.437917739848,2,1.32432432432,0.579945114934,2,0.00625942684766,0.00342857142857,1,0.0001287001287,0.19930791293,37,37,37,1,0,0.72972972973,0.189189189189,0.0810810810811,37,111,0.0833333333333,1.32432432432,6,11.1,3.08333333333,4.52769256907,0.754615428178,0.381056732408,5.38516480713,1.79505493571,0.782566350134,1.77951304201,0.593171014002,0.330168005844,0.579945114934,0.437917739848,2,1.32432432432,0.579945114934,2,0.00775335775336,0.00649350649351,2,0.0002574002574,0.200974579597,37,37,37,1,0,0.72972972973,0.243243243243,0.027027027027,-105,-0.0788288288288,0,-5.67567567568,-10.5,-2.91666666667,-3.67140648054,0.0523777780963,0.070996672348,-4.94417182187,0.0256778279662,0.0173010848687,-1.3073184287,0.0644082157793,0.0774152530909,0,0,0,0,0,0,-0.00441676841677,0.000520810247773,-5,-0.000643500643501,-0.4202220016,0,0,0,111,0,105,1116,0.513888888889,1,0,0.486111111111,1,0.513888888889,0.678899082569,0.685344416842,0.513888888889,0.513888888889,3,108,0,0,0,0
1840,WLNM_dir_neg,0.983367626886,0.837165072339,00:00:04,10,50,5,1235135429,threshold_sweep,0.4,1,0.0277777777778,0.0540540540541,3,0,105,216,0.0277777777778,1,0,0.972222222222,1,0.0277777777778,0.0540540540541,0.675925925926,0.663580246914,0.0366972477064,0.136717185405,0.0277777777778,216,108,108,0,216,0,108,0,108,37,216,0.162162162162,1.32432432432,11.6756756757,21.6,6,8.1990990496,0.702237650082,0.31006006006,10.329336629,1.76937710775,0.765265265265,3.0868314707,0.528762798222,0.252752752753,0.579945114934,0.437917739848,2,1.32432432432,0.579945114934,2,0.0121701261701,0.00597269624573,7,0.000900900900901,0.621196581197,37,37,37,1,0,0.72972972973,0.243243243243,0.027027027027,37,0.0810810810811,1.32432432432,5.83783783784,10.8,3.17647058824,4.4253908397,0.758053060504,0.376126126126,5.34570636835,1.83139940397,0.78978978979,1.87643838722,0.642853891917,0.359359359359,0.579945114934,0.437917739848,2,1.32432432432,0.579945114934,2,0.00625942684766,0.00342857142857,1,0.0001287001287,0.19930791293,37,37,37,1,0,0.72972972973,0.189189189189,0.0810810810811,37,111,0.0833333333333,1.32432432432,6,11.1,3.08333333333,4.52769256907,0.754615428178,0.381056732408,5.38516480713,1.79505493571,0.782566350134,1.77951304201,0.593171014002,0.330168005844,0.579945114934,0.437917739848,2,1.32432432432,0.579945114934,2,0.00775335775336,0.00649350649351,2,0.0002574002574,0.200974579597,37,37,37,1,0,0.72972972973,0.243243243243,0.027027027027,-105,-0.0788288288288,0,-5.67567567568,-10.5,-2.91666666667,-3.67140648054,0.0523777780963,0.070996672348,-4.94417182187,0.0256778279662,0.0173010848687,-1.3073184287,0.0644082157793,0.0774152530909,0,0,0,0,0,0,-0.00441676841677,0.000520810247773,-5,-0.000643500643501,-0.4202220016,0,0,0,111,0,105,1116,0.513888888889,1,0,0.486111111111,1,0.513888888889,0.678899082569,0.685344416842,0.513888888889,0.513888888889,3,108,0,0,0,0
1841,WLNM_dir_neg,0.983367626886,0.837165072339,00:00:04,10,50,5,1235135429,threshold_sweep,0.5,1,0.0277777777778,0.0540540540541,3,0,105,216,0.0277777777778,1,0,0.972222222222,1,0.0277777777778,0.0540540540541,0.675925925926,0.663580246914,0.0366972477064,0.136717185405,0.0277777777778,216,108,108,0,216,0,108,0,108,37,216,0.162162162162,1.32432432432,11.6756756757,21.6,6,8.1990990496,0.702237650082,0.31006006006,10.329336629,1.76937710775,0.765265265265,3.0868314707,0.528762798222,0.252752752753,0.579945114934,0.437917739848,2,1.32432432432,0.579945114934,2,0.0121701261701,0.00597269624573,7,0.000900900900901,0.621196581197,37,37,37,1,0,0.72972972973,0.243243243243,0.027027027027,37,0.0810810810811,1.32432432432,5.83783783784,10.8,3.17647058824,4.4253908397,0.758053060504,0.376126126126,5.34570636835,1.83139940397,0.78978978979,1.87643838722,0.642853891917,0.359359359359,0.579945114934,0.437917739848,2,1.32432432432,0.579945114934,2,0.00625942684766,0.00342857142857,1,0.0001287001287,0.19930791293,37,37,37,1,0,0.72972972973,0.189189189189,0.0810810810811,37,111,0.0833333333333,1.32432432432,6,11.1,3.08333333333,4.52769256907,0.754615428178,0.381056732408,5.38516480713,1.79505493571,0.782566350134,1.77951304201,0.593171014002,0.330168005844,0.579945114934,0.437917739848,2,1.32432432432,0.579945114934,2,0.00775335775336,0.00649350649351,2,0.0002574002574,0.200974579597,37,37,37,1,0,0.72972972973,0.243243243243,0.027027027027,-105,-0.0788288288288,0,-5.67567567568,-10.5,-2.91666666667,-3.67140648054,0.0523777780963,0.070996672348,-4.94417182187,0.0256778279662,0.0173010848687,-1.3073184287,0.0644082157793,0.0774152530909,0,0,0,0,0,0,-0.00441676841677,0.000520810247773,-5,-0.000643500643501,-0.4202220016,0,0,0,111,0,105,1116,0.513888888889,1,0,0.486111111111,1,0.513888888889,0.678899082569,0.685344416842,0.513888888889,0.513888888889,3,108,0,0,0,0
1842,WLNM_dir_neg,0.983367626886,0.837165072339,00:00:04,10,50,5,1235135429,threshold_sweep,0.6,1,0.0277777777778,0.0540540540541,3,0,105,216,0.0277777777778,1,0,0.972222222222,1,0.0277777777778,0.0540540540541,0.675925925926,0.663580246914,0.0366972477064,0.136717185405,0.0277777777778,216,108,108,0,216,0,108,0,108,37,216,0.162162162162,1.32432432432,11.6756756757,21.6,6,8.1990990496,0.702237650082,0.31006006006,10.329336629,1.76937710775,0.765265265265,3.0868314707,0.528762798222,0.252752752753,0.579945114934,0.437917739848,2,1.32432432432,0.579945114934,2,0.0121701261701,0.00597269624573,7,0.000900900900901,0.621196581197,37,37,37,1,0,0.72972972973,0.243243243243,0.027027027027,37,0.0810810810811,1.32432432432,5.83783783784,10.8,3.17647058824,4.4253908397,0.758053060504,0.376126126126,5.34570636835,1.83139940397,0.78978978979,1.87643838722,0.642853891917,0.359359359359,0.579945114934,0.437917739848,2,1.32432432432,0.579945114934,2,0.00625942684766,0.00342857142857,1,0.0001287001287,0.19930791293,37,37,37,1,0,0.72972972973,0.189189189189,0.0810810810811,37,111,0.0833333333333,1.32432432432,6,11.1,3.08333333333,4.52769256907,0.754615428178,0.381056732408,5.38516480713,1.79505493571,0.782566350134,1.77951304201,0.593171014002,0.330168005844,0.579945114934,0.437917739848,2,1.32432432432,0.579945114934,2,0.00775335775336,0.00649350649351,2,0.0002574002574,0.200974579597,37,37,37,1,0,0.72972972973,0.243243243243,0.027027027027,-105,-0.0788288288288,0,-5.67567567568,-10.5,-2.91666666667,-3.67140648054,0.0523777780963,0.070996672348,-4.94417182187,0.0256778279662,0.0173010848687,-1.3073184287,0.0644082157793,0.0774152530909,0,0,0,0,0,0,-0.00441676841677,0.000520810247773,-5,-0.000643500643501,-0.4202220016,0,0,0,111,0,105,1116,0.513888888889,1,0,0.486111111111,1,0.513888888889,0.678899082569,0.685344416842,0.513888888889,0.513888888889,3,108,0,0,0,0
1843,WLNM_dir_neg,0.983367626886,0.837165072339,00:00:04,10,50,5,1235135429,threshold_sweep,0.7,1,0.0277777777778,0.0540540540541,3,0,105,216,0.0277777777778,1,0,0.972222222222,1,0.0277777777778,0.0540540540541,0.675925925926,0.663580246914,0.0366972477064,0.136717185405,0.0277777777778,216,108,108,0,216,0,108,0,108,37,216,0.162162162162,1.32432432432,11.6756756757,21.6,6,8.1990990496,0.702237650082,0.31006006006,10.329336629,1.76937710775,0.765265265265,3.0868314707,0.528762798222,0.252752752753,0.579945114934,0.437917739848,2,1.32432432432,0.579945114934,2,0.0121701261701,0.00597269624573,7,0.000900900900901,0.621196581197,37,37,37,1,0,0.72972972973,0.243243243243,0.027027027027,37,0.0810810810811,1.32432432432,5.83783783784,10.8,3.17647058824,4.4253908397,0.758053060504,0.376126126126,5.34570636835,1.83139940397,0.78978978979,1.87643838722,0.642853891917,0.359359359359,0.579945114934,0.437917739848,2,1.32432432432,0.579945114934,2,0.00625942684766,0.00342857142857,1,0.0001287001287,0.19930791293,37,37,37,1,0,0.72972972973,0.189189189189,0.0810810810811,37,111,0.0833333333333,1.32432432432,6,11.1,3.08333333333,4.52769256907,0.754615428178,0.381056732408,5.38516480713,1.79505493571,0.782566350134,1.77951304201,0.593171014002,0.330168005844,0.579945114934,0.437917739848,2,1.32432432432,0.579945114934,2,0.00775335775336,0.00649350649351,2,0.0002574002574,0.200974579597,37,37,37,1,0,0.72972972973,0.243243243243,0.027027027027,-105,-0.0788288288288,0,-5.67567567568,-10.5,-2.91666666667,-3.67140648054,0.0523777780963,0.070996672348,-4.94417182187,0.0256778279662,0.0173010848687,-1.3073184287,0.0644082157793,0.0774152530909,0,0,0,0,0,0,-0.00441676841677,0.000520810247773,-5,-0.000643500643501,-0.4202220016,0,0,0,111,0,105,1116,0.513888888889,1,0,0.486111111111,1,0.513888888889,0.678899082569,0.685344416842,0.513888888889,0.513888888889,3,108,0,0,0,0
1844,WLNM_dir_neg,0.983367626886,0.837165072339,00:00:04,10,50,5,1235135429,threshold_sweep,0.8,1,0.0277777777778,0.0540540540541,3,0,105,216,0.0277777777778,1,0,0.972222222222,1,0.0277777777778,0.0540540540541,0.675925925926,0.663580246914,0.0366972477064,0.136717185405,0.0277777777778,216,108,108,0,216,0,108,0,108,37,216,0.162162162162,1.32432432432,11.6756756757,21.6,6,8.1990990496,0.702237650082,0.31006006006,10.329336629,1.76937710775,0.765265265265,3.0868314707,0.528762798222,0.252752752753,0.579945114934,0.437917739848,2,1.32432432432,0.579945114934,2,0.0121701261701,0.00597269624573,7,0.000900900900901,0.621196581197,37,37,37,1,0,0.72972972973,0.243243243243,0.027027027027,37,0.0810810810811,1.32432432432,5.83783783784,10.8,3.17647058824,4.4253908397,0.758053060504,0.376126126126,5.34570636835,1.83139940397,0.78978978979,1.87643838722,0.642853891917,0.359359359359,0.579945114934,0.437917739848,2,1.32432432432,0.579945114934,2,0.00625942684766,0.00342857142857,1,0.0001287001287,0.19930791293,37,37,37,1,0,0.72972972973,0.189189189189,0.0810810810811,37,111,0.0833333333333,1.32432432432,6,11.1,3.08333333333,4.52769256907,0.754615428178,0.381056732408,5.38516480713,1.79505493571,0.782566350134,1.77951304201,0.593171014002,0.330168005844,0.579945114934,0.437917739848,2,1.32432432432,0.579945114934,2,0.00775335775336,0.00649350649351,2,0.0002574002574,0.200974579597,37,37,37,1,0,0.72972972973,0.243243243243,0.027027027027,-105,-0.0788288288288,0,-5.67567567568,-10.5,-2.91666666667,-3.67140648054,0.0523777780963,0.070996672348,-4.94417182187,0.0256778279662,0.0173010848687,-1.3073184287,0.0644082157793,0.0774152530909,0,0,0,0,0,0,-0.00441676841677,0.000520810247773,-5,-0.000643500643501,-0.4202220016,0,0,0,111,0,105,1116,0.513888888889,1,0,0.486111111111,1,0.513888888889,0.678899082569,0.685344416842,0.513888888889,0.513888888889,3,108,0,0,0,0
1845,WLNM_dir_neg,0.983367626886,0.837165072339,00:00:04,10,50,5,1235135429,threshold_sweep,0.9,1,0.0277777777778,0.0540540540541,3,0,105,216,0.0277777777778,1,0,0.972222222222,1,0.0277777777778,0.0540540540541,0.675925925926,0.663580246914,0.0366972477064,0.136717185405,0.0277777777778,216,108,108,0,216,0,108,0,108,37,216,0.162162162162,1.32432432432,11.6756756757,21.6,6,8.1990990496,0.702237650082,0.31006006006,10.329336629,1.76937710775,0.765265265265,3.0868314707,0.528762798222,0.252752752753,0.579945114934,0.437917739848,2,1.32432432432,0.579945114934,2,0.0121701261701,0.00597269624573,7,0.000900900900901,0.621196581197,37,37,37,1,0,0.72972972973,0.243243243243,0.027027027027,37,0.0810810810811,1.32432432432,5.83783783784,10.8,3.17647058824,4.4253908397,0.758053060504,0.376126126126,5.34570636835,1.83139940397,0.78978978979,1.87643838722,0.642853891917,0.359359359359,0.579945114934,0.437917739848,2,1.32432432432,0.579945114934,2,0.00625942684766,0.00342857142857,1,0.0001287001287,0.19930791293,37,37,37,1,0,0.72972972973,0.189189189189,0.0810810810811,37,111,0.0833333333333,1.32432432432,6,11.1,3.08333333333,4.52769256907,0.754615428178,0.381056732408,5.38516480713,1.79505493571,0.782566350134,1.77951304201,0.593171014002,0.330168005844,0.579945114934,0.437917739848,2,1.32432432432,0.579945114934,2,0.00775335775336,0.00649350649351,2,0.0002574002574,0.200974579597,37,37,37,1,0,0.72972972973,0.243243243243,0.027027027027,-105,-0.0788288288288,0,-5.67567567568,-10.5,-2.91666666667,-3.67140648054,0.0523777780963,0.070996672348,-4.94417182187,0.0256778279662,0.0173010848687,-1.3073184287,0.0644082157793,0.0774152530909,0,0,0,0,0,0,-0.00441676841677,0.000520810247773,-5,-0.000643500643501,-0.4202220016,0,0,0,111,0,105,1116,0.513888888889,1,0,0.486111111111,1,0.513888888889,0.678899082569,0.685344416842,0.513888888889,0.513888888889,3,108,0,0,0,0
1846,WLNM_dir_neg,0.991426611797,0.964947089947,00:00:04,10,50,6,1235135430,threshold_sweep,0.1,1,0.0740740740741,0.137931034483,8,0,100,216,0.0740740740741,1,0,0.925925925926,1,0.0740740740741,0.137931034483,0.691358024691,0.658436213992,0.0963855421687,0.225017580185,0.0740740740741,216,108,108,0,216,0,108,0,108,37,216,0.162162162162,1.32432432432,11.6756756757,21.6,6,8.1990990496,0.702237650082,0.31006006006,10.329336629,1.76937710775,0.765265265265,3.0868314707,0.528762798222,0.252752752753,0.579945114934,0.437917739848,2,1.32432432432,0.579945114934,2,0.0121701261701,0.00597269624573,7,0.000900900900901,0.621196581197,37,37,37,1,0,0.72972972973,0.243243243243,0.027027027027,37,0.0810810810811,1.31891891892,5.83783783784,10.8,3.27272727273,4.35579762764,0.746132001031,0.376126126126,5.21418140149,1.78633992459,0.777777777778,1.90581534576,0.652918220306,0.362862862863,0.56462270482,0.428095083573,2,1.31891891892,0.56462270482,2,0,0,0,0,0.205787992882,37,37,37,1,0,0.72972972973,0.162162162162,0.108108108108,37,116,0.0870870870871,1.32432432432,6.27027027027,11.6,3.22222222222,4.71786585844,0.752418261907,0.388863000932,5.37050671188,1.7130064512,0.760484622554,1.66936718154,0.532470566524,0.289841565704,0.579945114934,0.437917739848,2,1.32432432432,0.579945114934,2,0.0136852596516,0.0207509881423,7,0.000900900900901,0.214994342088,37,37,37,1,0,0.72972972973,0.243243243243,0.027027027027,-100,-0.0750750750751,0,-5.40540540541,-10,-2.77777777778,-3.48123319116,0.0501806118249,0.0788029408719,-4.95882991712,-0.0563706565424,-0.00478064271168,-1.41746428917,0.00370776830172,0.0370888129509,0,0,0,0,0,0,0.00151513348152,0.0147782918966,0,0,-0.406202239109,0,0,0,116,0,100,1116,0.537037037037,1,0,0.462962962963,1,0.537037037037,0.698795180723,0.702049006137,0.537037037037,0.537037037037,8,108,0,0,0,0
1847,WLNM_dir_neg,0.991426611797,0.964947089947,00:00:04,10,50,6,1235135430,threshold_sweep,0.2,1,0.0740740740741,0.137931034483,8,0,100,216,0.0740740740741,1,0,0.925925925926,1,0.0740740740741,0.137931034483,0.691358024691,0.658436213992,0.0963855421687,0.225017580185,0.0740740740741,216,108,108,0,216,0,108,0,108,37,216,0.162162162162,1.32432432432,11.6756756757,21.6,6,8.1990990496,0.702237650082,0.31006006006,10.329336629,1.76937710775,0.765265265265,3.0868314707,0.528762798222,0.252752752753,0.579945114934,0.437917739848,2,1.32432432432,0.579945114934,2,0.0121701261701,0.00597269624573,7,0.000900900900901,0.621196581197,37,37,37,1,0,0.72972972973,0.243243243243,0.027027027027,37,0.0810810810811,1.31891891892,5.83783783784,10.8,3.27272727273,4.35579762764,0.746132001031,0.376126126126,5.21418140149,1.78633992459,0.777777777778,1.90581534576,0.652918220306,0.362862862863,0.56462270482,0.428095083573,2,1.31891891892,0.56462270482,2,0,0,0,0,0.205787992882,37,37,37,1,0,0.72972972973,0.162162162162,0.108108108108,37,116,0.0870870870871,1.32432432432,6.27027027027,11.6,3.22222222222,4.71786585844,0.752418261907,0.388863000932,5.37050671188,1.7130064512,0.760484622554,1.66936718154,0.532470566524,0.289841565704,0.579945114934,0.437917739848,2,1.32432432432,0.579945114934,2,0.0136852596516,0.0207509881423,7,0.000900900900901,0.214994342088,37,37,37,1,0,0.72972972973,0.243243243243,0.027027027027,-100,-0.0750750750751,0,-5.40540540541,-10,-2.77777777778,-3.48123319116,0.0501806118249,0.0788029408719,-4.95882991712,-0.0563706565424,-0.00478064271168,-1.41746428917,0.00370776830172,0.0370888129509,0,0,0,0,0,0,0.00151513348152,0.0147782918966,0,0,-0.406202239109,0,0,0,116,0,100,1116,0.537037037037,1,0,0.462962962963,1,0.537037037037,0.698795180723,0.702049006137,0.537037037037,0.537037037037,8,108,0,0,0,0
1848,WLNM_dir_neg,0.991426611797,0.964947089947,00:00:04,10,50,6,1235135430,threshold_sweep,0.3,1,0.0555555555556,0.105263157895,6,0,102,216,0.0555555555556,1,0,0.944444444444,1,0.0555555555556,0.105263157895,0.685185185185,0.66049382716,0.0727272727273,0.194257172471,0.0555555555556,216,108,108,0,216,0,108,0,108,37,216,0.162162162162,1.32432432432,11.6756756757,21.6,6,8.1990990496,0.702237650082,0.31006006006,10.329336629,1.76937710775,0.765265265265,3.0868314707,0.528762798222,0.252752752753,0.579945114934,0.437917739848,2,1.32432432432,0.579945114934,2,0.0121701261701,0.00597269624573,7,0.000900900900901,0.621196581197,37,37,37,1,0,0.72972972973,0.243243243243,0.027027027027,37,0.0810810810811,1.31891891892,5.83783783784,10.8,3.27272727273,4.35579762764,0.746132001031,0.376126126126,5.21418140149,1.78633992459,0.777777777778,1.90581534576,0.652918220306,0.362862862863,0.56462270482,0.428095083573,2,1.31891891892,0.56462270482,2,0,0,0,0,0.205787992882,37,37,37,1,0,0.72972972973,0.162162162162,0.108108108108,37,114,0.0855855855856,1.32432432432,6.16216216216,11.4,3.16666666667,4.5917408555,0.745150928305,0.384542437174,5.30920782111,1.72316394194,0.76386913229,1.72205268951,0.558911837825,0.306780464675,0.579945114934,0.437917739848,2,1.32432432432,0.579945114934,2,0.0117159591109,0.0154958677686,5,0.000643500643501,0.210549897644,37,37,37,1,0,0.72972972973,0.243243243243,0.027027027027,-102,-0.0765765765766,0,-5.51351351351,-10.2,-2.83333333333,-3.6073581941,0.0429132782232,0.074482377114,-5.02012880789,-0.0462131658076,-0.00139613297508,-1.36477878119,0.0301490396026,0.0540277119224,0,0,0,0,0,0,-0.000454167059209,0.00952317152286,-2,-0.0002574002574,-0.410646683553,0,0,0,114,0,102,1116,0.527777777778,1,0,0.472222222222,1,0.527777777778,0.690909090909,0.695398906206,0.527777777778,0.527777777778,6,108,0,0,0,0
1849,WLNM_dir_neg,0.991426611797,0.964947089947,00:00:04,10,50,6,1235135430,threshold_sweep,0.4,1,0.0555555555556,0.105263157895,6,0,102,216,0.0555555555556,1,0,0.944444444444,1,0.0555555555556,0.105263157895,0.685185185185,0.66049382716,0.0727272727273,0.194257172471,0.0555555555556,216,108,108,0,216,0,108,0,108,37,216,0.162162162162,1.32432432432,11.6756756757,21.6,6,8.1990990496,0.702237650082,0.31006006006,10.329336629,1.76937710775,0.765265265265,3.0868314707,0.528762798222,0.252752752753,0.579945114934,0.437917739848,2,1.32432432432,0.579945114934,2,0.0121701261701,0.00597269624573,7,0.000900900900901,0.621196581197,37,37,37,1,0,0.72972972973,0.243243243243,0.027027027027,37,0.0810810810811,1.31891891892,5.83783783784,10.8,3.27272727273,4.35579762764,0.746132001031,0.376126126126,5.21418140149,1.78633992459,0.777777777778,1.90581534576,0.652918220306,0.362862862863,0.56462270482,0.428095083573,2,1.31891891892,0.56462270482,2,0,0,0,0,0.205787992882,37,37,37,1,0,0.72972972973,0.162162162162,0.108108108108,37,114,0.0855855855856,1.32432432432,6.16216216216,11.4,3.16666666667,4.5917408555,0.745150928305,0.384542437174,5.30920782111,1.72316394194,0.76386913229,1.72205268951,0.558911837825,0.306780464675,0.579945114934,0.437917739848,2,1.32432432432,0.579945114934,2,0.0117159591109,0.0154958677686,5,0.000643500643501,0.210549897644,37,37,37,1,0,0.72972972973,0.243243243243,0.027027027027,-102,-0.0765765765766,0,-5.51351351351,-10.2,-2.83333333333,-3.6073581941,0.0429132782232,0.074482377114,-5.02012880789,-0.0462131658076,-0.00139613297508,-1.36477878119,0.0301490396026,0.0540277119224,0,0,0,0,0,0,-0.000454167059209,0.00952317152286,-2,-0.0002574002574,-0.410646683553,0,0,0,114,0,102,1116,0.527777777778,1,0,0.472222222222,1,0.527777777778,0.690909090909,0.695398906206,0.527777777778,0.527777777778,6,108,0,0,0,0
1850,WLNM_dir_neg,0.991426611797,0.964947089947,00:00:04,10,50,6,1235135430,threshold_sweep,0.5,1,0.0555555555556,0.105263157895,6,0,102,216,0.0555555555556,1,0,0.944444444444,1,0.0555555555556,0.105263157895,0.685185185185,0.66049382716,0.0727272727273,0.194257172471,0.0555555555556,216,108,108,0,216,0,108,0,108,37,216,0.162162162162,1.32432432432,11.6756756757,21.6,6,8.1990990496,0.702237650082,0.31006006006,10.329336629,1.76937710775,0.765265265265,3.0868314707,0.528762798222,0.252752752753,0.579945114934,0.437917739848,2,1.32432432432,0.579945114934,2,0.0121701261701,0.00597269624573,7,0.000900900900901,0.621196581197,37,37,37,1,0,0.72972972973,0.243243243243,0.027027027027,37,0.0810810810811,1.31891891892,5.83783783784,10.8,3.27272727273,4.35579762764,0.746132001031,0.376126126126,5.21418140149,1.78633992459,0.777777777778,1.90581534576,0.652918220306,0.362862862863,0.56462270482,0.428095083573,2,1.31891891892,0.56462270482,2,0,0,0,0,0.205787992882,37,37,37,1,0,0.72972972973,0.162162162162,0.108108108108,37,114,0.0855855855856,1.32432432432,6.16216216216,11.4,3.16666666667,4.5917408555,0.745150928305,0.384542437174,5.30920782111,1.72316394194,0.76386913229,1.72205268951,0.558911837825,0.306780464675,0.579945114934,0.437917739848,2,1.32432432432,0.579945114934,2,0.0117159591109,0.0154958677686,5,0.000643500643501,0.210549897644,37,37,37,1,0,0.72972972973,0.243243243243,0.027027027027,-102,-0.0765765765766,0,-5.51351351351,-10.2,-2.83333333333,-3.6073581941,0.0429132782232,0.074482377114,-5.02012880789,-0.0462131658076,-0.00139613297508,-1.36477878119,0.0301490396026,0.0540277119224,0,0,0,0,0,0,-0.000454167059209,0.00952317152286,-2,-0.0002574002574,-0.410646683553,0,0,0,114,0,102,1116,0.527777777778,1,0,0.472222222222,1,0.527777777778,0.690909090909,0.695398906206,0.527777777778,0.527777777778,6,108,0,0,0,0
1851,WLNM_dir_neg,0.991426611797,0.964947089947,00:00:04,10,50,6,1235135430,threshold_sweep,0.6,1,0.0555555555556,0.105263157895,6,0,102,216,0.0555555555556,1,0,0.944444444444,1,0.0555555555556,0.105263157895,0.685185185185,0.66049382716,0.0727272727273,0.194257172471,0.0555555555556,216,108,108,0,216,0,108,0,108,37,216,0.162162162162,1.32432432432,11.6756756757,21.6,6,8.1990990496,0.702237650082,0.31006006006,10.329336629,1.76937710775,0.765265265265,3.0868314707,0.528762798222,0.252752752753,0.579945114934,0.437917739848,2,1.32432432432,0.579945114934,2,0.0121701261701,0.00597269624573,7,0.000900900900901,0.621196581197,37,37,37,1,0,0.72972972973,0.243243243243,0.027027027027,37,0.0810810810811,1.31891891892,5.83783783784,10.8,3.27272727273,4.35579762764,0.746132001031,0.376126126126,5.21418140149,1.78633992459,0.777777777778,1.90581534576,0.652918220306,0.362862862863,0.56462270482,0.428095083573,2,1.31891891892,0.56462270482,2,0,0,0,0,0.205787992882,37,37,37,1,0,0.72972972973,0.162162162162,0.108108108108,37,114,0.0855855855856,1.32432432432,6.16216216216,11.4,3.16666666667,4.5917408555,0.745150928305,0.384542437174,5.30920782111,1.72316394194,0.76386913229,1.72205268951,0.558911837825,0.306780464675,0.579945114934,0.437917739848,2,1.32432432432,0.579945114934,2,0.0117159591109,0.0154958677686,5,0.000643500643501,0.210549897644,37,37,37,1,0,0.72972972973,0.243243243243,0.027027027027,-102,-0.0765765765766,0,-5.51351351351,-10.2,-2.83333333333,-3.6073581941,0.0429132782232,0.074482377114,-5.02012880789,-0.0462131658076,-0.00139613297508,-1.36477878119,0.0301490396026,0.0540277119224,0,0,0,0,0,0,-0.000454167059209,0.00952317152286,-2,-0.0002574002574,-0.410646683553,0,0,0,114,0,102,1116,0.527777777778,1,0,0.472222222222,1,0.527777777778,0.690909090909,0.695398906206,0.527777777778,0.527777777778,6,108,0,0,0,0
1852,WLNM_dir_neg,0.991426611797,0.964947089947,00:00:04,10,50,6,1235135430,threshold_sweep,0.7,1,0.0555555555556,0.105263157895,6,0,102,216,0.0555555555556,1,0,0.944444444444,1,0.0555555555556,0.105263157895,0.685185185185,0.66049382716,0.0727272727273,0.194257172471,0.0555555555556,216,108,108,0,216,0,108,0,108,37,216,0.162162162162,1.32432432432,11.6756756757,21.6,6,8.1990990496,0.702237650082,0.31006006006,10.329336629,1.76937710775,0.765265265265,3.0868314707,0.528762798222,0.252752752753,0.579945114934,0.437917739848,2,1.32432432432,0.579945114934,2,0.0121701261701,0.00597269624573,7,0.000900900900901,0.621196581197,37,37,37,1,0,0.72972972973,0.243243243243,0.027027027027,37,0.0810810810811,1.31891891892,5.83783783784,10.8,3.27272727273,4.35579762764,0.746132001031,0.376126126126,5.21418140149,1.78633992459,0.777777777778,1.90581534576,0.652918220306,0.362862862863,0.56462270482,0.428095083573,2,1.31891891892,0.56462270482,2,0,0,0,0,0.205787992882,37,37,37,1,0,0.72972972973,0.162162162162,0.108108108108,37,114,0.0855855855856,1.32432432432,6.16216216216,11.4,3.16666666667,4.5917408555,0.745150928305,0.384542437174,5.30920782111,1.72316394194,0.76386913229,1.72205268951,0.558911837825,0.306780464675,0.579945114934,0.437917739848,2,1.32432432432,0.579945114934,2,0.0117159591109,0.0154958677686,5,0.000643500643501,0.210549897644,37,37,37,1,0,0.72972972973,0.243243243243,0.027027027027,-102,-0.0765765765766,0,-5.51351351351,-10.2,-2.83333333333,-3.6073581941,0.0429132782232,0.074482377114,-5.02012880789,-0.0462131658076,-0.00139613297508,-1.36477878119,0.0301490396026,0.0540277119224,0,0,0,0,0,0,-0.000454167059209,0.00952317152286,-2,-0.0002574002574,-0.410646683553,0,0,0,114,0,102,1116,0.527777777778,1,0,0.472222222222,1,0.527777777778,0.690909090909,0.695398906206,0.527777777778,0.527777777778,6,108,0,0,0,0
1853,WLNM_dir_neg,0.991426611797,0.964947089947,00:00:04,10,50,6,1235135430,threshold_sweep,0.8,1,0.0555555555556,0.105263157895,6,0,102,216,0.0555555555556,1,0,0.944444444444,1,0.0555555555556,0.105263157895,0.685185185185,0.66049382716,0.0727272727273,0.194257172471,0.0555555555556,216,108,108,0,216,0,108,0,108,37,216,0.162162162162,1.32432432432,11.6756756757,21.6,6,8.1990990496,0.702237650082,0.31006006006,10.329336629,1.76937710775,0.765265265265,3.0868314707,0.528762798222,0.252752752753,0.579945114934,0.437917739848,2,1.32432432432,0.579945114934,2,0.0121701261701,0.00597269624573,7,0.000900900900901,0.621196581197,37,37,37,1,0,0.72972972973,0.243243243243,0.027027027027,37,0.0810810810811,1.31891891892,5.83783783784,10.8,3.27272727273,4.35579762764,0.746132001031,0.376126126126,5.21418140149,1.78633992459,0.777777777778,1.90581534576,0.652918220306,0.362862862863,0.56462270482,0.428095083573,2,1.31891891892,0.56462270482,2,0,0,0,0,0.205787992882,37,37,37,1,0,0.72972972973,0.162162162162,0.108108108108,37,114,0.0855855855856,1.32432432432,6.16216216216,11.4,3.16666666667,4.5917408555,0.745150928305,0.384542437174,5.30920782111,1.72316394194,0.76386913229,1.72205268951,0.558911837825,0.306780464675,0.579945114934,0.437917739848,2,1.32432432432,0.579945114934,2,0.0117159591109,0.0154958677686,5,0.000643500643501,0.210549897644,37,37,37,1,0,0.72972972973,0.243243243243,0.027027027027,-102,-0.0765765765766,0,-5.51351351351,-10.2,-2.83333333333,-3.6073581941,0.0429132782232,0.074482377114,-5.02012880789,-0.0462131658076,-0.00139613297508,-1.36477878119,0.0301490396026,0.0540277119224,0,0,0,0,0,0,-0.000454167059209,0.00952317152286,-2,-0.0002574002574,-0.410646683553,0,0,0,114,0,102,1116,0.527777777778,1,0,0.472222222222,1,0.527777777778,0.690909090909,0.695398906206,0.527777777778,0.527777777778,6,108,0,0,0,0
1854,WLNM_dir_neg,0.991426611797,0.964947089947,00:00:04,10,50,6,1235135430,threshold_sweep,0.9,1,0.0555555555556,0.105263157895,6,0,102,216,0.0555555555556,1,0,0.944444444444,1,0.0555555555556,0.105263157895,0.685185185185,0.66049382716,0.0727272727273,0.194257172471,0.0555555555556,216,108,108,0,216,0,108,0,108,37,216,0.162162162162,1.32432432432,11.6756756757,21.6,6,8.1990990496,0.702237650082,0.31006006006,10.329336629,1.76937710775,0.765265265265,3.0868314707,0.528762798222,0.252752752753,0.579945114934,0.437917739848,2,1.32432432432,0.579945114934,2,0.0121701261701,0.00597269624573,7,0.000900900900901,0.621196581197,37,37,37,1,0,0.72972972973,0.243243243243,0.027027027027,37,0.0810810810811,1.31891891892,5.83783783784,10.8,3.27272727273,4.35579762764,0.746132001031,0.376126126126,5.21418140149,1.78633992459,0.777777777778,1.90581534576,0.652918220306,0.362862862863,0.56462270482,0.428095083573,2,1.31891891892,0.56462270482,2,0,0,0,0,0.205787992882,37,37,37,1,0,0.72972972973,0.162162162162,0.108108108108,37,114,0.0855855855856,1.32432432432,6.16216216216,11.4,3.16666666667,4.5917408555,0.745150928305,0.384542437174,5.30920782111,1.72316394194,0.76386913229,1.72205268951,0.558911837825,0.306780464675,0.579945114934,0.437917739848,2,1.32432432432,0.579945114934,2,0.0117159591109,0.0154958677686,5,0.000643500643501,0.210549897644,37,37,37,1,0,0.72972972973,0.243243243243,0.027027027027,-102,-0.0765765765766,0,-5.51351351351,-10.2,-2.83333333333,-3.6073581941,0.0429132782232,0.074482377114,-5.02012880789,-0.0462131658076,-0.00139613297508,-1.36477878119,0.0301490396026,0.0540277119224,0,0,0,0,0,0,-0.000454167059209,0.00952317152286,-2,-0.0002574002574,-0.410646683553,0,0,0,114,0,102,1116,0.527777777778,1,0,0.472222222222,1,0.527777777778,0.690909090909,0.695398906206,0.527777777778,0.527777777778,6,108,0,0,0,0
1855,WLNM_dir_neg,0.903549382716,0.57131661442,00:00:05,10,50,7,1235135431,threshold_sweep,0.1,1,0.0555555555556,0.105263157895,6,0,102,216,0.0555555555556,1,0,0.944444444444,1,0.0555555555556,0.105263157895,0.685185185185,0.66049382716,0.0727272727273,0.194257172471,0.0555555555556,216,108,108,0,216,0,108,0,108,37,216,0.162162162162,1.32432432432,11.6756756757,21.6,6,8.1990990496,0.702237650082,0.31006006006,10.329336629,1.76937710775,0.765265265265,3.0868314707,0.528762798222,0.252752752753,0.579945114934,0.437917739848,2,1.32432432432,0.579945114934,2,0.0121701261701,0.00597269624573,7,0.000900900900901,0.621196581197,37,37,37,1,0,0.72972972973,0.243243243243,0.027027027027,37,0.0810810810811,1.32046332046,5.83783783784,10.8,3.08571428571,4.37488738594,0.749402005925,0.372122122122,5.30397324014,1.81710194338,0.784284284284,1.73810846066,0.595463083745,0.327827827828,0.56884874529,0.430794810029,2,1.32046332046,0.56884874529,2,0,0,0,0,0.183506652621,37,37,37,1,0,0.72972972973,0.216216216216,0.0540540540541,37,114,0.0855855855856,1.32432432432,6.16216216216,11.4,3.16666666667,4.64586741999,0.753934625173,0.375059269796,5.36645122952,1.74174294291,0.769084874348,1.57018007422,0.509619848649,0.283546704599,0.579945114934,0.437917739848,2,1.32432432432,0.579945114934,2,0.0117132146976,0.0153531218014,5,0.000643500643501,0.194617763732,37,37,37,1,0,0.72972972973,0.243243243243,0.027027027027,-102,-0.0765765765766,0,-5.51351351351,-10.2,-2.83333333333,-3.55323162962,0.0516969750912,0.0649992097361,-4.96288539948,-0.0276341648315,0.00381960908277,-1.51665139649,-0.0191429495733,0.0307939518466,0,0,0,0,0,0,-0.000456911472482,0.0093804255557,-2,-0.0002574002574,-0.426578817465,0,0,0,114,0,102,1116,0.527777777778,1,0,0.472222222222,1,0.527777777778,0.690909090909,0.695398906206,0.527777777778,0.527777777778,6,108,0,0,0,0
1856,WLNM_dir_neg,0.903549382716,0.57131661442,00:00:05,10,50,7,1235135431,threshold_sweep,0.2,1,0.00925925925926,0.0183486238532,1,0,107,216,0.00925925925926,1,0,0.990740740741,1,0.00925925925926,0.0183486238532,0.66975308642,0.665637860082,0.0123076923077,0.0786889475365,0.00925925925926,216,108,108,0,216,0,108,0,108,37,216,0.162162162162,1.32432432432,11.6756756757,21.6,6,8.1990990496,0.702237650082,0.31006006006,10.329336629,1.76937710775,0.765265265265,3.0868314707,0.528762798222,0.252752752753,0.579945114934,0.437917739848,2,1.32432432432,0.579945114934,2,0.0121701261701,0.00597269624573,7,0.000900900900901,0.621196581197,37,37,37,1,0,0.72972972973,0.243243243243,0.027027027027,37,0.0810810810811,1.32046332046,5.83783783784,10.8,3.08571428571,4.37488738594,0.749402005925,0.372122122122,5.30397324014,1.81710194338,0.784284284284,1.73810846066,0.595463083745,0.327827827828,0.56884874529,0.430794810029,2,1.32046332046,0.56884874529,2,0,0,0,0,0.183506652621,37,37,37,1,0,0.72972972973,0.216216216216,0.0540540540541,37,109,0.0818318318318,1.32432432432,5.89189189189,10.9,3.02777777778,4.36389087209,0.740660377374,0.367468385817,5.32784064006,1.80853306131,0.782048103149,1.69878953549,0.57665332856,0.31638978428,0.579945114934,0.437917739848,2,1.32432432432,0.579945114934,2,0,0,0,0,0.183506652621,37,37,37,1,0,0.72972972973,0.243243243243,0.027027027027,-107,-0.0803303303303,0,-5.78378378378,-10.7,-2.97222222222,-3.83520817751,0.0384227272919,0.0574083257569,-5.00149598894,0.0391559535598,0.0167828378838,-1.38804193522,0.0478905303379,0.0636370315269,0,0,0,0,0,0,-0.0121701261701,-0.00597269624573,-7,-0.000900900900901,-0.437689928576,0,0,0,109,0,107,1116,0.50462962963,1,0,0.49537037037,1,0.50462962963,0.670769230769,0.67858654182,0.50462962963,0.50462962963,1,108,0,0,0,0
1857,WLNM_dir_neg,0.903549382716,0.57131661442,00:00:05,10,50,7,1235135431,threshold_sweep,0.3,1,0.00925925925926,0.0183486238532,1,0,107,216,0.00925925925926,1,0,0.990740740741,1,0.00925925925926,0.0183486238532,0.66975308642,0.665637860082,0.0123076923077,0.0786889475365,0.00925925925926,216,108,108,0,216,0,108,0,108,37,216,0.162162162162,1.32432432432,11.6756756757,21.6,6,8.1990990496,0.702237650082,0.31006006006,10.329336629,1.76937710775,0.765265265265,3.0868314707,0.528762798222,0.252752752753,0.579945114934,0.437917739848,2,1.32432432432,0.579945114934,2,0.0121701261701,0.00597269624573,7,0.000900900900901,0.621196581197,37,37,37,1,0,0.72972972973,0.243243243243,0.027027027027,37,0.0810810810811,1.32046332046,5.83783783784,10.8,3.08571428571,4.37488738594,0.749402005925,0.372122122122,5.30397324014,1.81710194338,0.784284284284,1.73810846066,0.595463083745,0.327827827828,0.56884874529,0.430794810029,2,1.32046332046,0.56884874529,2,0,0,0,0,0.183506652621,37,37,37,1,0,0.72972972973,0.216216216216,0.0540540540541,37,109,0.0818318318318,1.32432432432,5.89189189189,10.9,3.02777777778,4.36389087209,0.740660377374,0.367468385817,5.32784064006,1.80853306131,0.782048103149,1.69878953549,0.57665332856,0.31638978428,0.579945114934,0.437917739848,2,1.32432432432,0.579945114934,2,0,0,0,0,0.183506652621,37,37,37,1,0,0.72972972973,0.243243243243,0.027027027027,-107,-0.0803303303303,0,-5.78378378378,-10.7,-2.97222222222,-3.83520817751,0.0384227272919,0.0574083257569,-5.00149598894,0.0391559535598,0.0167828378838,-1.38804193522,0.0478905303379,0.0636370315269,0,0,0,0,0,0,-0.0121701261701,-0.00597269624573,-7,-0.000900900900901,-0.437689928576,0,0,0,109,0,107,1116,0.50462962963,1,0,0.49537037037,1,0.50462962963,0.670769230769,0.67858654182,0.50462962963,0.50462962963,1,108,0,0,0,0
1858,WLNM_dir_neg,0.903549382716,0.57131661442,00:00:05,10,50,7,1235135431,threshold_sweep,0.4,1,0.00925925925926,0.0183486238532,1,0,107,216,0.00925925925926,1,0,0.990740740741,1,0.00925925925926,0.0183486238532,0.66975308642,0.665637860082,0.0123076923077,0.0786889475365,0.00925925925926,216,108,108,0,216,0,108,0,108,37,216,0.162162162162,1.32432432432,11.6756756757,21.6,6,8.1990990496,0.702237650082,0.31006006006,10.329336629,1.76937710775,0.765265265265,3.0868314707,0.528762798222,0.252752752753,0.579945114934,0.437917739848,2,1.32432432432,0.579945114934,2,0.0121701261701,0.00597269624573,7,0.000900900900901,0.621196581197,37,37,37,1,0,0.72972972973,0.243243243243,0.027027027027,37,0.0810810810811,1.32046332046,5.83783783784,10.8,3.08571428571,4.37488738594,0.749402005925,0.372122122122,5.30397324014,1.81710194338,0.784284284284,1.73810846066,0.595463083745,0.327827827828,0.56884874529,0.430794810029,2,1.32046332046,0.56884874529,2,0,0,0,0,0.183506652621,37,37,37,1,0,0.72972972973,0.216216216216,0.0540540540541,37,109,0.0818318318318,1.32432432432,5.89189189189,10.9,3.02777777778,4.36389087209,0.740660377374,0.367468385817,5.32784064006,1.80853306131,0.782048103149,1.69878953549,0.57665332856,0.31638978428,0.579945114934,0.437917739848,2,1.32432432432,0.579945114934,2,0,0,0,0,0.183506652621,37,37,37,1,0,0.72972972973,0.243243243243,0.027027027027,-107,-0.0803303303303,0,-5.78378378378,-10.7,-2.97222222222,-3.83520817751,0.0384227272919,0.0574083257569,-5.00149598894,0.0391559535598,0.0167828378838,-1.38804193522,0.0478905303379,0.0636370315269,0,0,0,0,0,0,-0.0121701261701,-0.00597269624573,-7,-0.000900900900901,-0.437689928576,0,0,0,109,0,107,1116,0.50462962963,1,0,0.49537037037,1,0.50462962963,0.670769230769,0.67858654182,0.50462962963,0.50462962963,1,108,0,0,0,0
1859,WLNM_dir_neg,0.903549382716,0.57131661442,00:00:05,10,50,7,1235135431,threshold_sweep,0.5,1,0.00925925925926,0.0183486238532,1,0,107,216,0.00925925925926,1,0,0.990740740741,1,0.00925925925926,0.0183486238532,0.66975308642,0.665637860082,0.0123076923077,0.0786889475365,0.00925925925926,216,108,108,0,216,0,108,0,108,37,216,0.162162162162,1.32432432432,11.6756756757,21.6,6,8.1990990496,0.702237650082,0.31006006006,10.329336629,1.76937710775,0.765265265265,3.0868314707,0.528762798222,0.252752752753,0.579945114934,0.437917739848,2,1.32432432432,0.579945114934,2,0.0121701261701,0.00597269624573,7,0.000900900900901,0.621196581197,37,37,37,1,0,0.72972972973,0.243243243243,0.027027027027,37,0.0810810810811,1.32046332046,5.83783783784,10.8,3.08571428571,4.37488738594,0.749402005925,0.372122122122,5.30397324014,1.81710194338,0.784284284284,1.73810846066,0.595463083745,0.327827827828,0.56884874529,0.430794810029,2,1.32046332046,0.56884874529,2,0,0,0,0,0.183506652621,37,37,37,1,0,0.72972972973,0.216216216216,0.0540540540541,37,109,0.0818318318318,1.32432432432,5.89189189189,10.9,3.02777777778,4.36389087209,0.740660377374,0.367468385817,5.32784064006,1.80853306131,0.782048103149,1.69878953549,0.57665332856,0.31638978428,0.579945114934,0.437917739848,2,1.32432432432,0.579945114934,2,0,0,0,0,0.183506652621,37,37,37,1,0,0.72972972973,0.243243243243,0.027027027027,-107,-0.0803303303303,0,-5.78378378378,-10.7,-2.97222222222,-3.83520817751,0.0384227272919,0.0574083257569,-5.00149598894,0.0391559535598,0.0167828378838,-1.38804193522,0.0478905303379,0.0636370315269,0,0,0,0,0,0,-0.0121701261701,-0.00597269624573,-7,-0.000900900900901,-0.437689928576,0,0,0,109,0,107,1116,0.50462962963,1,0,0.49537037037,1,0.50462962963,0.670769230769,0.67858654182,0.50462962963,0.50462962963,1,108,0,0,0,0
1860,WLNM_dir_neg,0.903549382716,0.57131661442,00:00:05,10,50,7,1235135431,threshold_sweep,0.6,1,0.00925925925926,0.0183486238532,1,0,107,216,0.00925925925926,1,0,0.990740740741,1,0.00925925925926,0.0183486238532,0.66975308642,0.665637860082,0.0123076923077,0.0786889475365,0.00925925925926,216,108,108,0,216,0,108,0,108,37,216,0.162162162162,1.32432432432,11.6756756757,21.6,6,8.1990990496,0.702237650082,0.31006006006,10.329336629,1.76937710775,0.765265265265,3.0868314707,0.528762798222,0.252752752753,0.579945114934,0.437917739848,2,1.32432432432,0.579945114934,2,0.0121701261701,0.00597269624573,7,0.000900900900901,0.621196581197,37,37,37,1,0,0.72972972973,0.243243243243,0.027027027027,37,0.0810810810811,1.32046332046,5.83783783784,10.8,3.08571428571,4.37488738594,0.749402005925,0.372122122122,5.30397324014,1.81710194338,0.784284284284,1.73810846066,0.595463083745,0.327827827828,0.56884874529,0.430794810029,2,1.32046332046,0.56884874529,2,0,0,0,0,0.183506652621,37,37,37,1,0,0.72972972973,0.216216216216,0.0540540540541,37,109,0.0818318318318,1.32432432432,5.89189189189,10.9,3.02777777778,4.36389087209,0.740660377374,0.367468385817,5.32784064006,1.80853306131,0.782048103149,1.69878953549,0.57665332856,0.31638978428,0.579945114934,0.437917739848,2,1.32432432432,0.579945114934,2,0,0,0,0,0.183506652621,37,37,37,1,0,0.72972972973,0.243243243243,0.027027027027,-107,-0.0803303303303,0,-5.78378378378,-10.7,-2.97222222222,-3.83520817751,0.0384227272919,0.0574083257569,-5.00149598894,0.0391559535598,0.0167828378838,-1.38804193522,0.0478905303379,0.0636370315269,0,0,0,0,0,0,-0.0121701261701,-0.00597269624573,-7,-0.000900900900901,-0.437689928576,0,0,0,109,0,107,1116,0.50462962963,1,0,0.49537037037,1,0.50462962963,0.670769230769,0.67858654182,0.50462962963,0.50462962963,1,108,0,0,0,0
1861,WLNM_dir_neg,0.903549382716,0.57131661442,00:00:05,10,50,7,1235135431,threshold_sweep,0.7,1,0.00925925925926,0.0183486238532,1,0,107,216,0.00925925925926,1,0,0.990740740741,1,0.00925925925926,0.0183486238532,0.66975308642,0.665637860082,0.0123076923077,0.0786889475365,0.00925925925926,216,108,108,0,216,0,108,0,108,37,216,0.162162162162,1.32432432432,11.6756756757,21.6,6,8.1990990496,0.702237650082,0.31006006006,10.329336629,1.76937710775,0.765265265265,3.0868314707,0.528762798222,0.252752752753,0.579945114934,0.437917739848,2,1.32432432432,0.579945114934,2,0.0121701261701,0.00597269624573,7,0.000900900900901,0.621196581197,37,37,37,1,0,0.72972972973,0.243243243243,0.027027027027,37,0.0810810810811,1.32046332046,5.83783783784,10.8,3.08571428571,4.37488738594,0.749402005925,0.372122122122,5.30397324014,1.81710194338,0.784284284284,1.73810846066,0.595463083745,0.327827827828,0.56884874529,0.430794810029,2,1.32046332046,0.56884874529,2,0,0,0,0,0.183506652621,37,37,37,1,0,0.72972972973,0.216216216216,0.0540540540541,37,109,0.0818318318318,1.32432432432,5.89189189189,10.9,3.02777777778,4.36389087209,0.740660377374,0.367468385817,5.32784064006,1.80853306131,0.782048103149,1.69878953549,0.57665332856,0.31638978428,0.579945114934,0.437917739848,2,1.32432432432,0.579945114934,2,0,0,0,0,0.183506652621,37,37,37,1,0,0.72972972973,0.243243243243,0.027027027027,-107,-0.0803303303303,0,-5.78378378378,-10.7,-2.97222222222,-3.83520817751,0.0384227272919,0.0574083257569,-5.00149598894,0.0391559535598,0.0167828378838,-1.38804193522,0.0478905303379,0.0636370315269,0,0,0,0,0,0,-0.0121701261701,-0.00597269624573,-7,-0.000900900900901,-0.437689928576,0,0,0,109,0,107,1116,0.50462962963,1,0,0.49537037037,1,0.50462962963,0.670769230769,0.67858654182,0.50462962963,0.50462962963,1,108,0,0,0,0
1862,WLNM_dir_neg,0.903549382716,0.57131661442,00:00:05,10,50,7,1235135431,threshold_sweep,0.8,1,0.00925925925926,0.0183486238532,1,0,107,216,0.00925925925926,1,0,0.990740740741,1,0.00925925925926,0.0183486238532,0.66975308642,0.665637860082,0.0123076923077,0.0786889475365,0.00925925925926,216,108,108,0,216,0,108,0,108,37,216,0.162162162162,1.32432432432,11.6756756757,21.6,6,8.1990990496,0.702237650082,0.31006006006,10.329336629,1.76937710775,0.765265265265,3.0868314707,0.528762798222,0.252752752753,0.579945114934,0.437917739848,2,1.32432432432,0.579945114934,2,0.0121701261701,0.00597269624573,7,0.000900900900901,0.621196581197,37,37,37,1,0,0.72972972973,0.243243243243,0.027027027027,37,0.0810810810811,1.32046332046,5.83783783784,10.8,3.08571428571,4.37488738594,0.749402005925,0.372122122122,5.30397324014,1.81710194338,0.784284284284,1.73810846066,0.595463083745,0.327827827828,0.56884874529,0.430794810029,2,1.32046332046,0.56884874529,2,0,0,0,0,0.183506652621,37,37,37,1,0,0.72972972973,0.216216216216,0.0540540540541,37,109,0.0818318318318,1.32432432432,5.89189189189,10.9,3.02777777778,4.36389087209,0.740660377374,0.367468385817,5.32784064006,1.80853306131,0.782048103149,1.69878953549,0.57665332856,0.31638978428,0.579945114934,0.437917739848,2,1.32432432432,0.579945114934,2,0,0,0,0,0.183506652621,37,37,37,1,0,0.72972972973,0.243243243243,0.027027027027,-107,-0.0803303303303,0,-5.78378378378,-10.7,-2.97222222222,-3.83520817751,0.0384227272919,0.0574083257569,-5.00149598894,0.0391559535598,0.0167828378838,-1.38804193522,0.0478905303379,0.0636370315269,0,0,0,0,0,0,-0.0121701261701,-0.00597269624573,-7,-0.000900900900901,-0.437689928576,0,0,0,109,0,107,1116,0.50462962963,1,0,0.49537037037,1,0.50462962963,0.670769230769,0.67858654182,0.50462962963,0.50462962963,1,108,0,0,0,0
1863,WLNM_dir_neg,0.903549382716,0.57131661442,00:00:05,10,50,7,1235135431,threshold_sweep,0.9,1,0.00925925925926,0.0183486238532,1,0,107,216,0.00925925925926,1,0,0.990740740741,1,0.00925925925926,0.0183486238532,0.66975308642,0.665637860082,0.0123076923077,0.0786889475365,0.00925925925926,216,108,108,0,216,0,108,0,108,37,216,0.162162162162,1.32432432432,11.6756756757,21.6,6,8.1990990496,0.702237650082,0.31006006006,10.329336629,1.76937710775,0.765265265265,3.0868314707,0.528762798222,0.252752752753,0.579945114934,0.437917739848,2,1.32432432432,0.579945114934,2,0.0121701261701,0.00597269624573,7,0.000900900900901,0.621196581197,37,37,37,1,0,0.72972972973,0.243243243243,0.027027027027,37,0.0810810810811,1.32046332046,5.83783783784,10.8,3.08571428571,4.37488738594,0.749402005925,0.372122122122,5.30397324014,1.81710194338,0.784284284284,1.73810846066,0.595463083745,0.327827827828,0.56884874529,0.430794810029,2,1.32046332046,0.56884874529,2,0,0,0,0,0.183506652621,37,37,37,1,0,0.72972972973,0.216216216216,0.0540540540541,37,109,0.0818318318318,1.32432432432,5.89189189189,10.9,3.02777777778,4.36389087209,0.740660377374,0.367468385817,5.32784064006,1.80853306131,0.782048103149,1.69878953549,0.57665332856,0.31638978428,0.579945114934,0.437917739848,2,1.32432432432,0.579945114934,2,0,0,0,0,0.183506652621,37,37,37,1,0,0.72972972973,0.243243243243,0.027027027027,-107,-0.0803303303303,0,-5.78378378378,-10.7,-2.97222222222,-3.83520817751,0.0384227272919,0.0574083257569,-5.00149598894,0.0391559535598,0.0167828378838,-1.38804193522,0.0478905303379,0.0636370315269,0,0,0,0,0,0,-0.0121701261701,-0.00597269624573,-7,-0.000900900900901,-0.437689928576,0,0,0,109,0,107,1116,0.50462962963,1,0,0.49537037037,1,0.50462962963,0.670769230769,0.67858654182,0.50462962963,0.50462962963,1,108,0,0,0,0
1864,WLNM_dir_neg,0.986025377229,0.868010263928,00:00:04,10,50,8,1235135432,threshold_sweep,0.1,0.8,0.037037037037,0.070796460177,4,1,104,215,0.037037037037,0.99537037037,0.00462962962963,0.962962962963,0.8,0.037037037037,0.070796460177,0.675925925926,0.661522633745,0.0425531914894,0.123937490564,0.0324074074074,216,108,108,0,216,0,108,0,108,37,216,0.162162162162,1.32432432432,11.6756756757,21.6,6,8.1990990496,0.702237650082,0.31006006006,10.329336629,1.76937710775,0.765265265265,3.0868314707,0.528762798222,0.252752752753,0.579945114934,0.437917739848,2,1.32432432432,0.579945114934,2,0.0121701261701,0.00597269624573,7,0.000900900900901,0.621196581197,37,37,37,1,0,0.72972972973,0.243243243243,0.027027027027,37,0.0810810810811,1.32432432432,5.83783783784,10.8,3.27272727273,4.47532440484,0.766606495273,0.389139139139,5.21418140149,1.78633992459,0.778278278278,1.83148965445,0.627454789024,0.352352352352,0.579945114934,0.437917739848,2,1.34285714286,0.591252764842,2,0.0130090497738,0.0101925254813,3,0.0003861003861,0.20197129202,37,35,35,0.945945945946,0,0.675675675676,0.216216216216,0.0540540540541,37,113,0.0848348348348,1.39296439296,6.10810810811,10.2727272727,3.32352941176,4.73628888819,0.775410127713,0.39440325281,5.27017786937,1.72563346165,0.765367137049,1.7150631013,0.561569334054,0.31380052619,0.663015128496,0.475974211433,2.11764705882,1.41541950113,0.675162639185,2.11764705882,0.0133053736769,0.0187695516163,6,0.000772200772201,0.174715328392,37,35,35,0.945945945946,0,0.648648648649,0.27027027027,0.027027027027,-103,-0.0773273273273,0.0686400686401,-5.56756756757,-11.3272727273,-2.67647058824,-3.46281016141,0.0731724776314,0.0843431927503,-5.05915875963,-0.0437436460939,0.000101871783288,-1.3717683694,0.0328065358316,0.0610477734372,0.0830700135611,0.0380564715846,0.117647058824,0.0910951768095,0.0952175242502,0.117647058824,0.00113524750676,0.0127968553705,-1,-0.0001287001287,-0.446481252805,-0.0810810810811,0.027027027027,0,112,1,104,1115,0.518518518519,0.999103942652,0.00089605734767,0.481481481481,0.991150442478,0.518518518519,0.68085106383,0.684748377255,0.517622461171,0.516129032258,5,108,0,0,0,0
1865,WLNM_dir_neg,0.986025377229,0.868010263928,00:00:04,10,50,8,1235135432,threshold_sweep,0.2,0.8,0.037037037037,0.070796460177,4,1,104,215,0.037037037037,0.99537037037,0.00462962962963,0.962962962963,0.8,0.037037037037,0.070796460177,0.675925925926,0.661522633745,0.0425531914894,0.123937490564,0.0324074074074,216,108,108,0,216,0,108,0,108,37,216,0.162162162162,1.32432432432,11.6756756757,21.6,6,8.1990990496,0.702237650082,0.31006006006,10.329336629,1.76937710775,0.765265265265,3.0868314707,0.528762798222,0.252752752753,0.579945114934,0.437917739848,2,1.32432432432,0.579945114934,2,0.0121701261701,0.00597269624573,7,0.000900900900901,0.621196581197,37,37,37,1,0,0.72972972973,0.243243243243,0.027027027027,37,0.0810810810811,1.32432432432,5.83783783784,10.8,3.27272727273,4.47532440484,0.766606495273,0.389139139139,5.21418140149,1.78633992459,0.778278278278,1.83148965445,0.627454789024,0.352352352352,0.579945114934,0.437917739848,2,1.34285714286,0.591252764842,2,0.0130090497738,0.0101925254813,3,0.0003861003861,0.20197129202,37,35,35,0.945945945946,0,0.675675675676,0.216216216216,0.0540540540541,37,113,0.0848348348348,1.39296439296,6.10810810811,10.2727272727,3.32352941176,4.73628888819,0.775410127713,0.39440325281,5.27017786937,1.72563346165,0.765367137049,1.7150631013,0.561569334054,0.31380052619,0.663015128496,0.475974211433,2.11764705882,1.41541950113,0.675162639185,2.11764705882,0.0133053736769,0.0187695516163,6,0.000772200772201,0.174715328392,37,35,35,0.945945945946,0,0.648648648649,0.27027027027,0.027027027027,-103,-0.0773273273273,0.0686400686401,-5.56756756757,-11.3272727273,-2.67647058824,-3.46281016141,0.0731724776314,0.0843431927503,-5.05915875963,-0.0437436460939,0.000101871783288,-1.3717683694,0.0328065358316,0.0610477734372,0.0830700135611,0.0380564715846,0.117647058824,0.0910951768095,0.0952175242502,0.117647058824,0.00113524750676,0.0127968553705,-1,-0.0001287001287,-0.446481252805,-0.0810810810811,0.027027027027,0,112,1,104,1115,0.518518518519,0.999103942652,0.00089605734767,0.481481481481,0.991150442478,0.518518518519,0.68085106383,0.684748377255,0.517622461171,0.516129032258,5,108,0,0,0,0
1866,WLNM_dir_neg,0.986025377229,0.868010263928,00:00:04,10,50,8,1235135432,threshold_sweep,0.3,0.8,0.037037037037,0.070796460177,4,1,104,215,0.037037037037,0.99537037037,0.00462962962963,0.962962962963,0.8,0.037037037037,0.070796460177,0.675925925926,0.661522633745,0.0425531914894,0.123937490564,0.0324074074074,216,108,108,0,216,0,108,0,108,37,216,0.162162162162,1.32432432432,11.6756756757,21.6,6,8.1990990496,0.702237650082,0.31006006006,10.329336629,1.76937710775,0.765265265265,3.0868314707,0.528762798222,0.252752752753,0.579945114934,0.437917739848,2,1.32432432432,0.579945114934,2,0.0121701261701,0.00597269624573,7,0.000900900900901,0.621196581197,37,37,37,1,0,0.72972972973,0.243243243243,0.027027027027,37,0.0810810810811,1.32432432432,5.83783783784,10.8,3.27272727273,4.47532440484,0.766606495273,0.389139139139,5.21418140149,1.78633992459,0.778278278278,1.83148965445,0.627454789024,0.352352352352,0.579945114934,0.437917739848,2,1.34285714286,0.591252764842,2,0.0130090497738,0.0101925254813,3,0.0003861003861,0.20197129202,37,35,35,0.945945945946,0,0.675675675676,0.216216216216,0.0540540540541,37,113,0.0848348348348,1.39296439296,6.10810810811,10.2727272727,3.32352941176,4.73628888819,0.775410127713,0.39440325281,5.27017786937,1.72563346165,0.765367137049,1.7150631013,0.561569334054,0.31380052619,0.663015128496,0.475974211433,2.11764705882,1.41541950113,0.675162639185,2.11764705882,0.0133053736769,0.0187695516163,6,0.000772200772201,0.174715328392,37,35,35,0.945945945946,0,0.648648648649,0.27027027027,0.027027027027,-103,-0.0773273273273,0.0686400686401,-5.56756756757,-11.3272727273,-2.67647058824,-3.46281016141,0.0731724776314,0.0843431927503,-5.05915875963,-0.0437436460939,0.000101871783288,-1.3717683694,0.0328065358316,0.0610477734372,0.0830700135611,0.0380564715846,0.117647058824,0.0910951768095,0.0952175242502,0.117647058824,0.00113524750676,0.0127968553705,-1,-0.0001287001287,-0.446481252805,-0.0810810810811,0.027027027027,0,112,1,104,1115,0.518518518519,0.999103942652,0.00089605734767,0.481481481481,0.991150442478,0.518518518519,0.68085106383,0.684748377255,0.517622461171,0.516129032258,5,108,0,0,0,0
1867,WLNM_dir_neg,0.986025377229,0.868010263928,00:00:04,10,50,8,1235135432,threshold_sweep,0.4,0.8,0.037037037037,0.070796460177,4,1,104,215,0.037037037037,0.99537037037,0.00462962962963,0.962962962963,0.8,0.037037037037,0.070796460177,0.675925925926,0.661522633745,0.0425531914894,0.123937490564,0.0324074074074,216,108,108,0,216,0,108,0,108,37,216,0.162162162162,1.32432432432,11.6756756757,21.6,6,8.1990990496,0.702237650082,0.31006006006,10.329336629,1.76937710775,0.765265265265,3.0868314707,0.528762798222,0.252752752753,0.579945114934,0.437917739848,2,1.32432432432,0.579945114934,2,0.0121701261701,0.00597269624573,7,0.000900900900901,0.621196581197,37,37,37,1,0,0.72972972973,0.243243243243,0.027027027027,37,0.0810810810811,1.32432432432,5.83783783784,10.8,3.27272727273,4.47532440484,0.766606495273,0.389139139139,5.21418140149,1.78633992459,0.778278278278,1.83148965445,0.627454789024,0.352352352352,0.579945114934,0.437917739848,2,1.34285714286,0.591252764842,2,0.0130090497738,0.0101925254813,3,0.0003861003861,0.20197129202,37,35,35,0.945945945946,0,0.675675675676,0.216216216216,0.0540540540541,37,113,0.0848348348348,1.39296439296,6.10810810811,10.2727272727,3.32352941176,4.73628888819,0.775410127713,0.39440325281,5.27017786937,1.72563346165,0.765367137049,1.7150631013,0.561569334054,0.31380052619,0.663015128496,0.475974211433,2.11764705882,1.41541950113,0.675162639185,2.11764705882,0.0133053736769,0.0187695516163,6,0.000772200772201,0.174715328392,37,35,35,0.945945945946,0,0.648648648649,0.27027027027,0.027027027027,-103,-0.0773273273273,0.0686400686401,-5.56756756757,-11.3272727273,-2.67647058824,-3.46281016141,0.0731724776314,0.0843431927503,-5.05915875963,-0.0437436460939,0.000101871783288,-1.3717683694,0.0328065358316,0.0610477734372,0.0830700135611,0.0380564715846,0.117647058824,0.0910951768095,0.0952175242502,0.117647058824,0.00113524750676,0.0127968553705,-1,-0.0001287001287,-0.446481252805,-0.0810810810811,0.027027027027,0,112,1,104,1115,0.518518518519,0.999103942652,0.00089605734767,0.481481481481,0.991150442478,0.518518518519,0.68085106383,0.684748377255,0.517622461171,0.516129032258,5,108,0,0,0,0
1868,WLNM_dir_neg,0.986025377229,0.868010263928,00:00:04,10,50,8,1235135432,threshold_sweep,0.5,0.8,0.037037037037,0.070796460177,4,1,104,215,0.037037037037,0.99537037037,0.00462962962963,0.962962962963,0.8,0.037037037037,0.070796460177,0.675925925926,0.661522633745,0.0425531914894,0.123937490564,0.0324074074074,216,108,108,0,216,0,108,0,108,37,216,0.162162162162,1.32432432432,11.6756756757,21.6,6,8.1990990496,0.702237650082,0.31006006006,10.329336629,1.76937710775,0.765265265265,3.0868314707,0.528762798222,0.252752752753,0.579945114934,0.437917739848,2,1.32432432432,0.579945114934,2,0.0121701261701,0.00597269624573,7,0.000900900900901,0.621196581197,37,37,37,1,0,0.72972972973,0.243243243243,0.027027027027,37,0.0810810810811,1.32432432432,5.83783783784,10.8,3.27272727273,4.47532440484,0.766606495273,0.389139139139,5.21418140149,1.78633992459,0.778278278278,1.83148965445,0.627454789024,0.352352352352,0.579945114934,0.437917739848,2,1.34285714286,0.591252764842,2,0.0130090497738,0.0101925254813,3,0.0003861003861,0.20197129202,37,35,35,0.945945945946,0,0.675675675676,0.216216216216,0.0540540540541,37,113,0.0848348348348,1.39296439296,6.10810810811,10.2727272727,3.32352941176,4.73628888819,0.775410127713,0.39440325281,5.27017786937,1.72563346165,0.765367137049,1.7150631013,0.561569334054,0.31380052619,0.663015128496,0.475974211433,2.11764705882,1.41541950113,0.675162639185,2.11764705882,0.0133053736769,0.0187695516163,6,0.000772200772201,0.174715328392,37,35,35,0.945945945946,0,0.648648648649,0.27027027027,0.027027027027,-103,-0.0773273273273,0.0686400686401,-5.56756756757,-11.3272727273,-2.67647058824,-3.46281016141,0.0731724776314,0.0843431927503,-5.05915875963,-0.0437436460939,0.000101871783288,-1.3717683694,0.0328065358316,0.0610477734372,0.0830700135611,0.0380564715846,0.117647058824,0.0910951768095,0.0952175242502,0.117647058824,0.00113524750676,0.0127968553705,-1,-0.0001287001287,-0.446481252805,-0.0810810810811,0.027027027027,0,112,1,104,1115,0.518518518519,0.999103942652,0.00089605734767,0.481481481481,0.991150442478,0.518518518519,0.68085106383,0.684748377255,0.517622461171,0.516129032258,5,108,0,0,0,0
1869,WLNM_dir_neg,0.986025377229,0.868010263928,00:00:04,10,50,8,1235135432,threshold_sweep,0.6,0.8,0.037037037037,0.070796460177,4,1,104,215,0.037037037037,0.99537037037,0.00462962962963,0.962962962963,0.8,0.037037037037,0.070796460177,0.675925925926,0.661522633745,0.0425531914894,0.123937490564,0.0324074074074,216,108,108,0,216,0,108,0,108,37,216,0.162162162162,1.32432432432,11.6756756757,21.6,6,8.1990990496,0.702237650082,0.31006006006,10.329336629,1.76937710775,0.765265265265,3.0868314707,0.528762798222,0.252752752753,0.579945114934,0.437917739848,2,1.32432432432,0.579945114934,2,0.0121701261701,0.00597269624573,7,0.000900900900901,0.621196581197,37,37,37,1,0,0.72972972973,0.243243243243,0.027027027027,37,0.0810810810811,1.32432432432,5.83783783784,10.8,3.27272727273,4.47532440484,0.766606495273,0.389139139139,5.21418140149,1.78633992459,0.778278278278,1.83148965445,0.627454789024,0.352352352352,0.579945114934,0.437917739848,2,1.34285714286,0.591252764842,2,0.0130090497738,0.0101925254813,3,0.0003861003861,0.20197129202,37,35,35,0.945945945946,0,0.675675675676,0.216216216216,0.0540540540541,37,113,0.0848348348348,1.39296439296,6.10810810811,10.2727272727,3.32352941176,4.73628888819,0.775410127713,0.39440325281,5.27017786937,1.72563346165,0.765367137049,1.7150631013,0.561569334054,0.31380052619,0.663015128496,0.475974211433,2.11764705882,1.41541950113,0.675162639185,2.11764705882,0.0133053736769,0.0187695516163,6,0.000772200772201,0.174715328392,37,35,35,0.945945945946,0,0.648648648649,0.27027027027,0.027027027027,-103,-0.0773273273273,0.0686400686401,-5.56756756757,-11.3272727273,-2.67647058824,-3.46281016141,0.0731724776314,0.0843431927503,-5.05915875963,-0.0437436460939,0.000101871783288,-1.3717683694,0.0328065358316,0.0610477734372,0.0830700135611,0.0380564715846,0.117647058824,0.0910951768095,0.0952175242502,0.117647058824,0.00113524750676,0.0127968553705,-1,-0.0001287001287,-0.446481252805,-0.0810810810811,0.027027027027,0,112,1,104,1115,0.518518518519,0.999103942652,0.00089605734767,0.481481481481,0.991150442478,0.518518518519,0.68085106383,0.684748377255,0.517622461171,0.516129032258,5,108,0,0,0,0
1870,WLNM_dir_neg,0.986025377229,0.868010263928,00:00:04,10,50,8,1235135432,threshold_sweep,0.7,0.8,0.037037037037,0.070796460177,4,1,104,215,0.037037037037,0.99537037037,0.00462962962963,0.962962962963,0.8,0.037037037037,0.070796460177,0.675925925926,0.661522633745,0.0425531914894,0.123937490564,0.0324074074074,216,108,108,0,216,0,108,0,108,37,216,0.162162162162,1.32432432432,11.6756756757,21.6,6,8.1990990496,0.702237650082,0.31006006006,10.329336629,1.76937710775,0.765265265265,3.0868314707,0.528762798222,0.252752752753,0.579945114934,0.437917739848,2,1.32432432432,0.579945114934,2,0.0121701261701,0.00597269624573,7,0.000900900900901,0.621196581197,37,37,37,1,0,0.72972972973,0.243243243243,0.027027027027,37,0.0810810810811,1.32432432432,5.83783783784,10.8,3.27272727273,4.47532440484,0.766606495273,0.389139139139,5.21418140149,1.78633992459,0.778278278278,1.83148965445,0.627454789024,0.352352352352,0.579945114934,0.437917739848,2,1.34285714286,0.591252764842,2,0.0130090497738,0.0101925254813,3,0.0003861003861,0.20197129202,37,35,35,0.945945945946,0,0.675675675676,0.216216216216,0.0540540540541,37,113,0.0848348348348,1.39296439296,6.10810810811,10.2727272727,3.32352941176,4.73628888819,0.775410127713,0.39440325281,5.27017786937,1.72563346165,0.765367137049,1.7150631013,0.561569334054,0.31380052619,0.663015128496,0.475974211433,2.11764705882,1.41541950113,0.675162639185,2.11764705882,0.0133053736769,0.0187695516163,6,0.000772200772201,0.174715328392,37,35,35,0.945945945946,0,0.648648648649,0.27027027027,0.027027027027,-103,-0.0773273273273,0.0686400686401,-5.56756756757,-11.3272727273,-2.67647058824,-3.46281016141,0.0731724776314,0.0843431927503,-5.05915875963,-0.0437436460939,0.000101871783288,-1.3717683694,0.0328065358316,0.0610477734372,0.0830700135611,0.0380564715846,0.117647058824,0.0910951768095,0.0952175242502,0.117647058824,0.00113524750676,0.0127968553705,-1,-0.0001287001287,-0.446481252805,-0.0810810810811,0.027027027027,0,112,1,104,1115,0.518518518519,0.999103942652,0.00089605734767,0.481481481481,0.991150442478,0.518518518519,0.68085106383,0.684748377255,0.517622461171,0.516129032258,5,108,0,0,0,0
1871,WLNM_dir_neg,0.986025377229,0.868010263928,00:00:04,10,50,8,1235135432,threshold_sweep,0.8,0.666666666667,0.0185185185185,0.036036036036,2,1,106,215,0.0185185185185,0.99537037037,0.00462962962963,0.981481481481,0.666666666667,0.0185185185185,0.036036036036,0.66975308642,0.663580246914,0.0183486238532,0.0683585927025,0.0138888888889,216,108,108,0,216,0,108,0,108,37,216,0.162162162162,1.32432432432,11.6756756757,21.6,6,8.1990990496,0.702237650082,0.31006006006,10.329336629,1.76937710775,0.765265265265,3.0868314707,0.528762798222,0.252752752753,0.579945114934,0.437917739848,2,1.32432432432,0.579945114934,2,0.0121701261701,0.00597269624573,7,0.000900900900901,0.621196581197,37,37,37,1,0,0.72972972973,0.243243243243,0.027027027027,37,0.0810810810811,1.32432432432,5.83783783784,10.8,3.27272727273,4.47532440484,0.766606495273,0.389139139139,5.21418140149,1.78633992459,0.778278278278,1.83148965445,0.627454789024,0.352352352352,0.579945114934,0.437917739848,2,1.34285714286,0.591252764842,2,0.0130090497738,0.0101925254813,3,0.0003861003861,0.20197129202,37,35,35,0.945945945946,0,0.675675675676,0.216216216216,0.0540540540541,37,111,0.0833333333333,1.39286345169,6,10.0909090909,3.26470588235,4.6127841677,0.768797361283,0.389822254687,5.2387445485,1.74624818283,0.770392013635,1.74801474695,0.582671582317,0.326272218164,0.662756456324,0.47582299293,2.11764705882,1.41531279178,0.674897332074,2.11764705882,0.0125224448754,0.0130861504907,4,0.000514800514801,0.168481562158,37,35,35,0.945945945946,0,0.648648648649,0.27027027027,0.027027027027,-105,-0.0788288288288,0.0685391273627,-5.67567567568,-11.5090909091,-2.73529411765,-3.58631488191,0.0665597112014,0.0797621946271,-5.0905920805,-0.0231289249118,0.00512674836999,-1.33881672375,0.0539087840943,0.0735194654114,0.0828113413898,0.0379052530814,0.117647058824,0.0909884674591,0.0949522171392,0.117647058824,0.00035231870526,0.007113454245,-3,-0.0003861003861,-0.452715019038,-0.0810810810811,0.027027027027,0,110,1,106,1115,0.509259259259,0.999103942652,0.00089605734767,0.490740740741,0.990990990991,0.509259259259,0.672782874618,0.677975122038,0.508363201912,0.506912442396,3,108,0,0,0,0
1872,WLNM_dir_neg,0.986025377229,0.868010263928,00:00:04,10,50,8,1235135432,threshold_sweep,0.9,0.666666666667,0.0185185185185,0.036036036036,2,1,106,215,0.0185185185185,0.99537037037,0.00462962962963,0.981481481481,0.666666666667,0.0185185185185,0.036036036036,0.66975308642,0.663580246914,0.0183486238532,0.0683585927025,0.0138888888889,216,108,108,0,216,0,108,0,108,37,216,0.162162162162,1.32432432432,11.6756756757,21.6,6,8.1990990496,0.702237650082,0.31006006006,10.329336629,1.76937710775,0.765265265265,3.0868314707,0.528762798222,0.252752752753,0.579945114934,0.437917739848,2,1.32432432432,0.579945114934,2,0.0121701261701,0.00597269624573,7,0.000900900900901,0.621196581197,37,37,37,1,0,0.72972972973,0.243243243243,0.027027027027,37,0.0810810810811,1.32432432432,5.83783783784,10.8,3.27272727273,4.47532440484,0.766606495273,0.389139139139,5.21418140149,1.78633992459,0.778278278278,1.83148965445,0.627454789024,0.352352352352,0.579945114934,0.437917739848,2,1.34285714286,0.591252764842,2,0.0130090497738,0.0101925254813,3,0.0003861003861,0.20197129202,37,35,35,0.945945945946,0,0.675675675676,0.216216216216,0.0540540540541,37,111,0.0833333333333,1.39286345169,6,10.0909090909,3.26470588235,4.6127841677,0.768797361283,0.389822254687,5.2387445485,1.74624818283,0.770392013635,1.74801474695,0.582671582317,0.326272218164,0.662756456324,0.47582299293,2.11764705882,1.41531279178,0.674897332074,2.11764705882,0.0125224448754,0.0130861504907,4,0.000514800514801,0.168481562158,37,35,35,0.945945945946,0,0.648648648649,0.27027027027,0.027027027027,-105,-0.0788288288288,0.0685391273627,-5.67567567568,-11.5090909091,-2.73529411765,-3.58631488191,0.0665597112014,0.0797621946271,-5.0905920805,-0.0231289249118,0.00512674836999,-1.33881672375,0.0539087840943,0.0735194654114,0.0828113413898,0.0379052530814,0.117647058824,0.0909884674591,0.0949522171392,0.117647058824,0.00035231870526,0.007113454245,-3,-0.0003861003861,-0.452715019038,-0.0810810810811,0.027027027027,0,110,1,106,1115,0.509259259259,0.999103942652,0.00089605734767,0.490740740741,0.990990990991,0.509259259259,0.672782874618,0.677975122038,0.508363201912,0.506912442396,3,108,0,0,0,0
1873,WLNM_dir_neg,0.986775548697,0.900606358571,00:00:03,10,50,9,1235135433,threshold_sweep,0.1,0.875,0.0648148148148,0.120689655172,7,1,101,215,0.0648148148148,0.99537037037,0.00462962962963,0.935185185185,0.875,0.0648148148148,0.120689655172,0.685185185185,0.658436213992,0.078313253012,0.1828267839,0.0601851851852,216,108,108,0,216,0,108,0,108,37,216,0.162162162162,1.32432432432,11.6756756757,21.6,6,8.1990990496,0.702237650082,0.31006006006,10.329336629,1.76937710775,0.765265265265,3.0868314707,0.528762798222,0.252752752753,0.579945114934,0.437917739848,2,1.32432432432,0.579945114934,2,0.0121701261701,0.00597269624573,7,0.000900900900901,0.621196581197,37,37,37,1,0,0.72972972973,0.243243243243,0.027027027027,37,0.0810810810811,1.32972972973,5.83783783784,10.8,3.375,4.48772098505,0.76872998355,0.391141141141,5.28823840853,1.81171130663,0.785285285285,1.93474629945,0.662829750738,0.37037037037,0.59668755311,0.448728444412,2.2,1.34857142857,0.608455822057,2.2,0.0159409218233,0.0101694915254,3,0.0003861003861,0.209762204268,37,35,35,0.945945945946,0,0.675675675676,0.189189189189,0.0810810810811,37,116,0.0870870870871,1.32432432432,6.27027027027,11.6,3.31428571429,4.87993993957,0.778266283466,0.400978564772,5.45772725471,1.74082679676,0.767940354147,1.70232132628,0.542981802347,0.298229263747,0.579945114934,0.437917739848,2,1.33333333333,0.585540043769,2,0.0145962972862,0.0230769230769,8,0.0010296010296,0.218016172522,37,36,36,0.972972972973,0,0.702702702703,0.243243243243,0.027027027027,-100,-0.0750750750751,0,-5.40540540541,-10,-2.68571428571,-3.31915911003,0.0760286333841,0.0909185047116,-4.87160937429,-0.0285503109849,0.00267508888199,-1.38451014443,0.0142190041246,0.0454765109938,0,0,0,0.00900900900901,0.00559492883467,0,0.00242617111603,0.0171042268312,1,0.0001287001287,-0.403180408675,-0.027027027027,0,0,115,1,101,1115,0.532407407407,0.999103942652,0.00089605734767,0.467592592593,0.991379310345,0.532407407407,0.692771084337,0.694825476318,0.53151135006,0.529953917051,8,108,0,0,0,0
1874,WLNM_dir_neg,0.986775548697,0.900606358571,00:00:03,10,50,9,1235135433,threshold_sweep,0.2,0.875,0.0648148148148,0.120689655172,7,1,101,215,0.0648148148148,0.99537037037,0.00462962962963,0.935185185185,0.875,0.0648148148148,0.120689655172,0.685185185185,0.658436213992,0.078313253012,0.1828267839,0.0601851851852,216,108,108,0,216,0,108,0,108,37,216,0.162162162162,1.32432432432,11.6756756757,21.6,6,8.1990990496,0.702237650082,0.31006006006,10.329336629,1.76937710775,0.765265265265,3.0868314707,0.528762798222,0.252752752753,0.579945114934,0.437917739848,2,1.32432432432,0.579945114934,2,0.0121701261701,0.00597269624573,7,0.000900900900901,0.621196581197,37,37,37,1,0,0.72972972973,0.243243243243,0.027027027027,37,0.0810810810811,1.32972972973,5.83783783784,10.8,3.375,4.48772098505,0.76872998355,0.391141141141,5.28823840853,1.81171130663,0.785285285285,1.93474629945,0.662829750738,0.37037037037,0.59668755311,0.448728444412,2.2,1.34857142857,0.608455822057,2.2,0.0159409218233,0.0101694915254,3,0.0003861003861,0.209762204268,37,35,35,0.945945945946,0,0.675675675676,0.189189189189,0.0810810810811,37,116,0.0870870870871,1.32432432432,6.27027027027,11.6,3.31428571429,4.87993993957,0.778266283466,0.400978564772,5.45772725471,1.74082679676,0.767940354147,1.70232132628,0.542981802347,0.298229263747,0.579945114934,0.437917739848,2,1.33333333333,0.585540043769,2,0.0145962972862,0.0230769230769,8,0.0010296010296,0.218016172522,37,36,36,0.972972972973,0,0.702702702703,0.243243243243,0.027027027027,-100,-0.0750750750751,0,-5.40540540541,-10,-2.68571428571,-3.31915911003,0.0760286333841,0.0909185047116,-4.87160937429,-0.0285503109849,0.00267508888199,-1.38451014443,0.0142190041246,0.0454765109938,0,0,0,0.00900900900901,0.00559492883467,0,0.00242617111603,0.0171042268312,1,0.0001287001287,-0.403180408675,-0.027027027027,0,0,115,1,101,1115,0.532407407407,0.999103942652,0.00089605734767,0.467592592593,0.991379310345,0.532407407407,0.692771084337,0.694825476318,0.53151135006,0.529953917051,8,108,0,0,0,0
1875,WLNM_dir_neg,0.986775548697,0.900606358571,00:00:03,10,50,9,1235135433,threshold_sweep,0.3,0.875,0.0648148148148,0.120689655172,7,1,101,215,0.0648148148148,0.99537037037,0.00462962962963,0.935185185185,0.875,0.0648148148148,0.120689655172,0.685185185185,0.658436213992,0.078313253012,0.1828267839,0.0601851851852,216,108,108,0,216,0,108,0,108,37,216,0.162162162162,1.32432432432,11.6756756757,21.6,6,8.1990990496,0.702237650082,0.31006006006,10.329336629,1.76937710775,0.765265265265,3.0868314707,0.528762798222,0.252752752753,0.579945114934,0.437917739848,2,1.32432432432,0.579945114934,2,0.0121701261701,0.00597269624573,7,0.000900900900901,0.621196581197,37,37,37,1,0,0.72972972973,0.243243243243,0.027027027027,37,0.0810810810811,1.32972972973,5.83783783784,10.8,3.375,4.48772098505,0.76872998355,0.391141141141,5.28823840853,1.81171130663,0.785285285285,1.93474629945,0.662829750738,0.37037037037,0.59668755311,0.448728444412,2.2,1.34857142857,0.608455822057,2.2,0.0159409218233,0.0101694915254,3,0.0003861003861,0.209762204268,37,35,35,0.945945945946,0,0.675675675676,0.189189189189,0.0810810810811,37,116,0.0870870870871,1.32432432432,6.27027027027,11.6,3.31428571429,4.87993993957,0.778266283466,0.400978564772,5.45772725471,1.74082679676,0.767940354147,1.70232132628,0.542981802347,0.298229263747,0.579945114934,0.437917739848,2,1.33333333333,0.585540043769,2,0.0145962972862,0.0230769230769,8,0.0010296010296,0.218016172522,37,36,36,0.972972972973,0,0.702702702703,0.243243243243,0.027027027027,-100,-0.0750750750751,0,-5.40540540541,-10,-2.68571428571,-3.31915911003,0.0760286333841,0.0909185047116,-4.87160937429,-0.0285503109849,0.00267508888199,-1.38451014443,0.0142190041246,0.0454765109938,0,0,0,0.00900900900901,0.00559492883467,0,0.00242617111603,0.0171042268312,1,0.0001287001287,-0.403180408675,-0.027027027027,0,0,115,1,101,1115,0.532407407407,0.999103942652,0.00089605734767,0.467592592593,0.991379310345,0.532407407407,0.692771084337,0.694825476318,0.53151135006,0.529953917051,8,108,0,0,0,0
1876,WLNM_dir_neg,0.986775548697,0.900606358571,00:00:03,10,50,9,1235135433,threshold_sweep,0.4,0.8,0.037037037037,0.070796460177,4,1,104,215,0.037037037037,0.99537037037,0.00462962962963,0.962962962963,0.8,0.037037037037,0.070796460177,0.675925925926,0.661522633745,0.0425531914894,0.123937490564,0.0324074074074,216,108,108,0,216,0,108,0,108,37,216,0.162162162162,1.32432432432,11.6756756757,21.6,6,8.1990990496,0.702237650082,0.31006006006,10.329336629,1.76937710775,0.765265265265,3.0868314707,0.528762798222,0.252752752753,0.579945114934,0.437917739848,2,1.32432432432,0.579945114934,2,0.0121701261701,0.00597269624573,7,0.000900900900901,0.621196581197,37,37,37,1,0,0.72972972973,0.243243243243,0.027027027027,37,0.0810810810811,1.32972972973,5.83783783784,10.8,3.375,4.48772098505,0.76872998355,0.391141141141,5.28823840853,1.81171130663,0.785285285285,1.93474629945,0.662829750738,0.37037037037,0.59668755311,0.448728444412,2.2,1.34857142857,0.608455822057,2.2,0.0159409218233,0.0101694915254,3,0.0003861003861,0.209762204268,37,35,35,0.945945945946,0,0.675675675676,0.189189189189,0.0810810810811,37,113,0.0848348348348,1.32818532819,6.10810810811,11.3,3.32352941176,4.76552307834,0.780196256189,0.40157856972,5.3745591341,1.75981139789,0.77349916288,1.79421827524,0.587487399859,0.325759387706,0.591765934822,0.445544700927,2.14285714286,1.34693877551,0.603397458181,2.14285714286,0.0155364819725,0.0182555780933,6,0.000772200772201,0.215053209559,37,35,35,0.945945945946,0,0.675675675676,0.243243243243,0.027027027027,-103,-0.0773273273273,0.003861003861,-5.56756756757,-10.3,-2.67647058824,-3.43357597126,0.0779586061069,0.0915185096601,-4.9547774949,-0.00956570985575,0.00823389761443,-1.29261319546,0.0587246016362,0.0730066349535,0.0118208198873,0.0076269610784,0.142857142857,0.0226144511859,0.023452343247,0.142857142857,0.00336635580234,0.0122828818476,-1,-0.0001287001287,-0.406143371638,-0.0540540540541,0,0,112,1,104,1115,0.518518518519,0.999103942652,0.00089605734767,0.481481481481,0.991150442478,0.518518518519,0.68085106383,0.684748377255,0.517622461171,0.516129032258,5,108,0,0,0,0
1877,WLNM_dir_neg,0.986775548697,0.900606358571,00:00:03,10,50,9,1235135433,threshold_sweep,0.5,0.8,0.037037037037,0.070796460177,4,1,104,215,0.037037037037,0.99537037037,0.00462962962963,0.962962962963,0.8,0.037037037037,0.070796460177,0.675925925926,0.661522633745,0.0425531914894,0.123937490564,0.0324074074074,216,108,108,0,216,0,108,0,108,37,216,0.162162162162,1.32432432432,11.6756756757,21.6,6,8.1990990496,0.702237650082,0.31006006006,10.329336629,1.76937710775,0.765265265265,3.0868314707,0.528762798222,0.252752752753,0.579945114934,0.437917739848,2,1.32432432432,0.579945114934,2,0.0121701261701,0.00597269624573,7,0.000900900900901,0.621196581197,37,37,37,1,0,0.72972972973,0.243243243243,0.027027027027,37,0.0810810810811,1.32972972973,5.83783783784,10.8,3.375,4.48772098505,0.76872998355,0.391141141141,5.28823840853,1.81171130663,0.785285285285,1.93474629945,0.662829750738,0.37037037037,0.59668755311,0.448728444412,2.2,1.34857142857,0.608455822057,2.2,0.0159409218233,0.0101694915254,3,0.0003861003861,0.209762204268,37,35,35,0.945945945946,0,0.675675675676,0.189189189189,0.0810810810811,37,113,0.0848348348348,1.32818532819,6.10810810811,11.3,3.32352941176,4.76552307834,0.780196256189,0.40157856972,5.3745591341,1.75981139789,0.77349916288,1.79421827524,0.587487399859,0.325759387706,0.591765934822,0.445544700927,2.14285714286,1.34693877551,0.603397458181,2.14285714286,0.0155364819725,0.0182555780933,6,0.000772200772201,0.215053209559,37,35,35,0.945945945946,0,0.675675675676,0.243243243243,0.027027027027,-103,-0.0773273273273,0.003861003861,-5.56756756757,-10.3,-2.67647058824,-3.43357597126,0.0779586061069,0.0915185096601,-4.9547774949,-0.00956570985575,0.00823389761443,-1.29261319546,0.0587246016362,0.0730066349535,0.0118208198873,0.0076269610784,0.142857142857,0.0226144511859,0.023452343247,0.142857142857,0.00336635580234,0.0122828818476,-1,-0.0001287001287,-0.406143371638,-0.0540540540541,0,0,112,1,104,1115,0.518518518519,0.999103942652,0.00089605734767,0.481481481481,0.991150442478,0.518518518519,0.68085106383,0.684748377255,0.517622461171,0.516129032258,5,108,0,0,0,0
1878,WLNM_dir_neg,0.986775548697,0.900606358571,00:00:03,10,50,9,1235135433,threshold_sweep,0.6,0.8,0.037037037037,0.070796460177,4,1,104,215,0.037037037037,0.99537037037,0.00462962962963,0.962962962963,0.8,0.037037037037,0.070796460177,0.675925925926,0.661522633745,0.0425531914894,0.123937490564,0.0324074074074,216,108,108,0,216,0,108,0,108,37,216,0.162162162162,1.32432432432,11.6756756757,21.6,6,8.1990990496,0.702237650082,0.31006006006,10.329336629,1.76937710775,0.765265265265,3.0868314707,0.528762798222,0.252752752753,0.579945114934,0.437917739848,2,1.32432432432,0.579945114934,2,0.0121701261701,0.00597269624573,7,0.000900900900901,0.621196581197,37,37,37,1,0,0.72972972973,0.243243243243,0.027027027027,37,0.0810810810811,1.32972972973,5.83783783784,10.8,3.375,4.48772098505,0.76872998355,0.391141141141,5.28823840853,1.81171130663,0.785285285285,1.93474629945,0.662829750738,0.37037037037,0.59668755311,0.448728444412,2.2,1.34857142857,0.608455822057,2.2,0.0159409218233,0.0101694915254,3,0.0003861003861,0.209762204268,37,35,35,0.945945945946,0,0.675675675676,0.189189189189,0.0810810810811,37,113,0.0848348348348,1.32818532819,6.10810810811,11.3,3.32352941176,4.76552307834,0.780196256189,0.40157856972,5.3745591341,1.75981139789,0.77349916288,1.79421827524,0.587487399859,0.325759387706,0.591765934822,0.445544700927,2.14285714286,1.34693877551,0.603397458181,2.14285714286,0.0155364819725,0.0182555780933,6,0.000772200772201,0.215053209559,37,35,35,0.945945945946,0,0.675675675676,0.243243243243,0.027027027027,-103,-0.0773273273273,0.003861003861,-5.56756756757,-10.3,-2.67647058824,-3.43357597126,0.0779586061069,0.0915185096601,-4.9547774949,-0.00956570985575,0.00823389761443,-1.29261319546,0.0587246016362,0.0730066349535,0.0118208198873,0.0076269610784,0.142857142857,0.0226144511859,0.023452343247,0.142857142857,0.00336635580234,0.0122828818476,-1,-0.0001287001287,-0.406143371638,-0.0540540540541,0,0,112,1,104,1115,0.518518518519,0.999103942652,0.00089605734767,0.481481481481,0.991150442478,0.518518518519,0.68085106383,0.684748377255,0.517622461171,0.516129032258,5,108,0,0,0,0
1879,WLNM_dir_neg,0.986775548697,0.900606358571,00:00:03,10,50,9,1235135433,threshold_sweep,0.7,0.8,0.037037037037,0.070796460177,4,1,104,215,0.037037037037,0.99537037037,0.00462962962963,0.962962962963,0.8,0.037037037037,0.070796460177,0.675925925926,0.661522633745,0.0425531914894,0.123937490564,0.0324074074074,216,108,108,0,216,0,108,0,108,37,216,0.162162162162,1.32432432432,11.6756756757,21.6,6,8.1990990496,0.702237650082,0.31006006006,10.329336629,1.76937710775,0.765265265265,3.0868314707,0.528762798222,0.252752752753,0.579945114934,0.437917739848,2,1.32432432432,0.579945114934,2,0.0121701261701,0.00597269624573,7,0.000900900900901,0.621196581197,37,37,37,1,0,0.72972972973,0.243243243243,0.027027027027,37,0.0810810810811,1.32972972973,5.83783783784,10.8,3.375,4.48772098505,0.76872998355,0.391141141141,5.28823840853,1.81171130663,0.785285285285,1.93474629945,0.662829750738,0.37037037037,0.59668755311,0.448728444412,2.2,1.34857142857,0.608455822057,2.2,0.0159409218233,0.0101694915254,3,0.0003861003861,0.209762204268,37,35,35,0.945945945946,0,0.675675675676,0.189189189189,0.0810810810811,37,113,0.0848348348348,1.32818532819,6.10810810811,11.3,3.32352941176,4.76552307834,0.780196256189,0.40157856972,5.3745591341,1.75981139789,0.77349916288,1.79421827524,0.587487399859,0.325759387706,0.591765934822,0.445544700927,2.14285714286,1.34693877551,0.603397458181,2.14285714286,0.0155364819725,0.0182555780933,6,0.000772200772201,0.215053209559,37,35,35,0.945945945946,0,0.675675675676,0.243243243243,0.027027027027,-103,-0.0773273273273,0.003861003861,-5.56756756757,-10.3,-2.67647058824,-3.43357597126,0.0779586061069,0.0915185096601,-4.9547774949,-0.00956570985575,0.00823389761443,-1.29261319546,0.0587246016362,0.0730066349535,0.0118208198873,0.0076269610784,0.142857142857,0.0226144511859,0.023452343247,0.142857142857,0.00336635580234,0.0122828818476,-1,-0.0001287001287,-0.406143371638,-0.0540540540541,0,0,112,1,104,1115,0.518518518519,0.999103942652,0.00089605734767,0.481481481481,0.991150442478,0.518518518519,0.68085106383,0.684748377255,0.517622461171,0.516129032258,5,108,0,0,0,0
1880,WLNM_dir_neg,0.986775548697,0.900606358571,00:00:03,10,50,9,1235135433,threshold_sweep,0.8,0.8,0.037037037037,0.070796460177,4,1,104,215,0.037037037037,0.99537037037,0.00462962962963,0.962962962963,0.8,0.037037037037,0.070796460177,0.675925925926,0.661522633745,0.0425531914894,0.123937490564,0.0324074074074,216,108,108,0,216,0,108,0,108,37,216,0.162162162162,1.32432432432,11.6756756757,21.6,6,8.1990990496,0.702237650082,0.31006006006,10.329336629,1.76937710775,0.765265265265,3.0868314707,0.528762798222,0.252752752753,0.579945114934,0.437917739848,2,1.32432432432,0.579945114934,2,0.0121701261701,0.00597269624573,7,0.000900900900901,0.621196581197,37,37,37,1,0,0.72972972973,0.243243243243,0.027027027027,37,0.0810810810811,1.32972972973,5.83783783784,10.8,3.375,4.48772098505,0.76872998355,0.391141141141,5.28823840853,1.81171130663,0.785285285285,1.93474629945,0.662829750738,0.37037037037,0.59668755311,0.448728444412,2.2,1.34857142857,0.608455822057,2.2,0.0159409218233,0.0101694915254,3,0.0003861003861,0.209762204268,37,35,35,0.945945945946,0,0.675675675676,0.189189189189,0.0810810810811,37,113,0.0848348348348,1.32818532819,6.10810810811,11.3,3.32352941176,4.76552307834,0.780196256189,0.40157856972,5.3745591341,1.75981139789,0.77349916288,1.79421827524,0.587487399859,0.325759387706,0.591765934822,0.445544700927,2.14285714286,1.34693877551,0.603397458181,2.14285714286,0.0155364819725,0.0182555780933,6,0.000772200772201,0.215053209559,37,35,35,0.945945945946,0,0.675675675676,0.243243243243,0.027027027027,-103,-0.0773273273273,0.003861003861,-5.56756756757,-10.3,-2.67647058824,-3.43357597126,0.0779586061069,0.0915185096601,-4.9547774949,-0.00956570985575,0.00823389761443,-1.29261319546,0.0587246016362,0.0730066349535,0.0118208198873,0.0076269610784,0.142857142857,0.0226144511859,0.023452343247,0.142857142857,0.00336635580234,0.0122828818476,-1,-0.0001287001287,-0.406143371638,-0.0540540540541,0,0,112,1,104,1115,0.518518518519,0.999103942652,0.00089605734767,0.481481481481,0.991150442478,0.518518518519,0.68085106383,0.684748377255,0.517622461171,0.516129032258,5,108,0,0,0,0
1881,WLNM_dir_neg,0.986775548697,0.900606358571,00:00:03,10,50,9,1235135433,threshold_sweep,0.9,0.8,0.037037037037,0.070796460177,4,1,104,215,0.037037037037,0.99537037037,0.00462962962963,0.962962962963,0.8,0.037037037037,0.070796460177,0.675925925926,0.661522633745,0.0425531914894,0.123937490564,0.0324074074074,216,108,108,0,216,0,108,0,108,37,216,0.162162162162,1.32432432432,11.6756756757,21.6,6,8.1990990496,0.702237650082,0.31006006006,10.329336629,1.76937710775,0.765265265265,3.0868314707,0.528762798222,0.252752752753,0.579945114934,0.437917739848,2,1.32432432432,0.579945114934,2,0.0121701261701,0.00597269624573,7,0.000900900900901,0.621196581197,37,37,37,1,0,0.72972972973,0.243243243243,0.027027027027,37,0.0810810810811,1.32972972973,5.83783783784,10.8,3.375,4.48772098505,0.76872998355,0.391141141141,5.28823840853,1.81171130663,0.785285285285,1.93474629945,0.662829750738,0.37037037037,0.59668755311,0.448728444412,2.2,1.34857142857,0.608455822057,2.2,0.0159409218233,0.0101694915254,3,0.0003861003861,0.209762204268,37,35,35,0.945945945946,0,0.675675675676,0.189189189189,0.0810810810811,37,113,0.0848348348348,1.32818532819,6.10810810811,11.3,3.32352941176,4.76552307834,0.780196256189,0.40157856972,5.3745591341,1.75981139789,0.77349916288,1.79421827524,0.587487399859,0.325759387706,0.591765934822,0.445544700927,2.14285714286,1.34693877551,0.603397458181,2.14285714286,0.0155364819725,0.0182555780933,6,0.000772200772201,0.215053209559,37,35,35,0.945945945946,0,0.675675675676,0.243243243243,0.027027027027,-103,-0.0773273273273,0.003861003861,-5.56756756757,-10.3,-2.67647058824,-3.43357597126,0.0779586061069,0.0915185096601,-4.9547774949,-0.00956570985575,0.00823389761443,-1.29261319546,0.0587246016362,0.0730066349535,0.0118208198873,0.0076269610784,0.142857142857,0.0226144511859,0.023452343247,0.142857142857,0.00336635580234,0.0122828818476,-1,-0.0001287001287,-0.406143371638,-0.0540540540541,0,0,112,1,104,1115,0.518518518519,0.999103942652,0.00089605734767,0.481481481481,0.991150442478,0.518518518519,0.68085106383,0.684748377255,0.517622461171,0.516129032258,5,108,0,0,0,0
1882,WLNM_dir_neg,0.980259773663,0.842012211487,00:00:06,10,50,10,1235135434,threshold_sweep,0.1,0.833333333333,0.0462962962963,0.0877192982456,5,1,103,215,0.0462962962963,0.99537037037,0.00462962962963,0.953703703704,0.833333333333,0.0462962962963,0.0877192982456,0.679012345679,0.66049382716,0.0545454545455,0.145692879354,0.0416666666667,216,108,108,0,216,0,108,0,108,37,216,0.162162162162,1.32432432432,11.6756756757,21.6,6,8.1990990496,0.702237650082,0.31006006006,10.329336629,1.76937710775,0.765265265265,3.0868314707,0.528762798222,0.252752752753,0.579945114934,0.437917739848,2,1.32432432432,0.579945114934,2,0.0121701261701,0.00597269624573,7,0.000900900900901,0.621196581197,37,37,37,1,0,0.72972972973,0.243243243243,0.027027027027,37,0.0810810810811,1.32972972973,5.83783783784,10.8,3.17647058824,4.46289339077,0.764477108605,0.381381381381,5.21418140149,1.78633992459,0.778778778779,1.73810846066,0.595463083745,0.331831831832,0.59668755311,0.448728444412,2.2,1.34857142857,0.608455822057,2.2,0.00898841587917,0.00681044267877,2,0.0002574002574,0.190138342457,37,35,35,0.945945945946,0,0.675675675676,0.243243243243,0.027027027027,37,114,0.0855855855856,1.39520932697,6.16216216216,10.3636363636,3.25714285714,4.69345592592,0.761657321311,0.382408724514,5.31966153047,1.72655681252,0.765291607397,1.58777234546,0.515329620896,0.284969179706,0.669874578115,0.48012478498,2.2,1.40618736383,0.675992839774,2.2,0.0138060877645,0.0185567010309,6,0.000772200772201,0.167284906455,37,36,36,0.972972972973,0,0.675675675676,0.27027027027,0.027027027027,-102,-0.0765765765766,0.0708850026497,-5.51351351351,-11.2363636364,-2.74285714286,-3.50564312369,0.0594196712293,0.0723486644539,-5.00967509853,-0.0428202952232,2.63421316051e-05,-1.49905912524,-0.0134331773262,0.0322164269533,0.0899294631806,0.0422070451312,0.2,0.0818630395101,0.0960477248393,0.2,0.00163596159439,0.0125840047852,-1,-0.0001287001287,-0.453911674742,-0.0540540540541,0.027027027027,0,113,1,103,1115,0.523148148148,0.999103942652,0.00089605734767,0.476851851852,0.991228070175,0.523148148148,0.684848484848,0.688118272496,0.5222520908,0.520737327189,6,108,0,0,0,0
1883,WLNM_dir_neg,0.980259773663,0.842012211487,00:00:06,10,50,10,1235135434,threshold_sweep,0.2,1,0.0462962962963,0.0884955752212,5,0,103,216,0.0462962962963,1,0,0.953703703704,1,0.0462962962963,0.0884955752212,0.682098765432,0.661522633745,0.0607902735562,0.177053557949,0.0462962962963,216,108,108,0,216,0,108,0,108,37,216,0.162162162162,1.32432432432,11.6756756757,21.6,6,8.1990990496,0.702237650082,0.31006006006,10.329336629,1.76937710775,0.765265265265,3.0868314707,0.528762798222,0.252752752753,0.579945114934,0.437917739848,2,1.32432432432,0.579945114934,2,0.0121701261701,0.00597269624573,7,0.000900900900901,0.621196581197,37,37,37,1,0,0.72972972973,0.243243243243,0.027027027027,37,0.0810810810811,1.32972972973,5.83783783784,10.8,3.17647058824,4.46289339077,0.764477108605,0.381381381381,5.21418140149,1.78633992459,0.778778778779,1.73810846066,0.595463083745,0.331831831832,0.59668755311,0.448728444412,2.2,1.34857142857,0.608455822057,2.2,0.00898841587917,0.00681044267877,2,0.0002574002574,0.190138342457,37,35,35,0.945945945946,0,0.675675675676,0.243243243243,0.027027027027,37,113,0.0848348348348,1.32432432432,6.10810810811,11.3,3.22857142857,4.67132971661,0.764775219092,0.385553695288,5.33305179437,1.74622049904,0.768237263812,1.59767097756,0.523131205043,0.289404448696,0.579945114934,0.437917739848,2,1.33333333333,0.585540043769,2,0.0138060877645,0.0185567010309,6,0.000772200772201,0.198533404185,37,36,36,0.972972972973,0,0.702702702703,0.243243243243,0.027027027027,-103,-0.0773273273273,0,-5.56756756757,-10.3,-2.77142857143,-3.52776933299,0.0625375690098,0.0754936352281,-4.99628483463,-0.0231566087036,0.00297199854722,-1.48916049314,-0.00563159317913,0.0366516959437,0,0,0,0.00900900900901,0.00559492883467,0,0.00163596159439,0.0125840047852,-1,-0.0001287001287,-0.422663177011,-0.027027027027,0,0,113,0,103,1116,0.523148148148,1,0,0.476851851852,1,0.523148148148,0.686930091185,0.692058155085,0.523148148148,0.523148148148,5,108,0,0,0,0
1884,WLNM_dir_neg,0.980259773663,0.842012211487,00:00:06,10,50,10,1235135434,threshold_sweep,0.3,1,0.0462962962963,0.0884955752212,5,0,103,216,0.0462962962963,1,0,0.953703703704,1,0.0462962962963,0.0884955752212,0.682098765432,0.661522633745,0.0607902735562,0.177053557949,0.0462962962963,216,108,108,0,216,0,108,0,108,37,216,0.162162162162,1.32432432432,11.6756756757,21.6,6,8.1990990496,0.702237650082,0.31006006006,10.329336629,1.76937710775,0.765265265265,3.0868314707,0.528762798222,0.252752752753,0.579945114934,0.437917739848,2,1.32432432432,0.579945114934,2,0.0121701261701,0.00597269624573,7,0.000900900900901,0.621196581197,37,37,37,1,0,0.72972972973,0.243243243243,0.027027027027,37,0.0810810810811,1.32972972973,5.83783783784,10.8,3.17647058824,4.46289339077,0.764477108605,0.381381381381,5.21418140149,1.78633992459,0.778778778779,1.73810846066,0.595463083745,0.331831831832,0.59668755311,0.448728444412,2.2,1.34857142857,0.608455822057,2.2,0.00898841587917,0.00681044267877,2,0.0002574002574,0.190138342457,37,35,35,0.945945945946,0,0.675675675676,0.243243243243,0.027027027027,37,113,0.0848348348348,1.32432432432,6.10810810811,11.3,3.22857142857,4.67132971661,0.764775219092,0.385553695288,5.33305179437,1.74622049904,0.768237263812,1.59767097756,0.523131205043,0.289404448696,0.579945114934,0.437917739848,2,1.33333333333,0.585540043769,2,0.0138060877645,0.0185567010309,6,0.000772200772201,0.198533404185,37,36,36,0.972972972973,0,0.702702702703,0.243243243243,0.027027027027,-103,-0.0773273273273,0,-5.56756756757,-10.3,-2.77142857143,-3.52776933299,0.0625375690098,0.0754936352281,-4.99628483463,-0.0231566087036,0.00297199854722,-1.48916049314,-0.00563159317913,0.0366516959437,0,0,0,0.00900900900901,0.00559492883467,0,0.00163596159439,0.0125840047852,-1,-0.0001287001287,-0.422663177011,-0.027027027027,0,0,113,0,103,1116,0.523148148148,1,0,0.476851851852,1,0.523148148148,0.686930091185,0.692058155085,0.523148148148,0.523148148148,5,108,0,0,0,0
1885,WLNM_dir_neg,0.980259773663,0.842012211487,00:00:06,10,50,10,1235135434,threshold_sweep,0.4,1,0.0462962962963,0.0884955752212,5,0,103,216,0.0462962962963,1,0,0.953703703704,1,0.0462962962963,0.0884955752212,0.682098765432,0.661522633745,0.0607902735562,0.177053557949,0.0462962962963,216,108,108,0,216,0,108,0,108,37,216,0.162162162162,1.32432432432,11.6756756757,21.6,6,8.1990990496,0.702237650082,0.31006006006,10.329336629,1.76937710775,0.765265265265,3.0868314707,0.528762798222,0.252752752753,0.579945114934,0.437917739848,2,1.32432432432,0.579945114934,2,0.0121701261701,0.00597269624573,7,0.000900900900901,0.621196581197,37,37,37,1,0,0.72972972973,0.243243243243,0.027027027027,37,0.0810810810811,1.32972972973,5.83783783784,10.8,3.17647058824,4.46289339077,0.764477108605,0.381381381381,5.21418140149,1.78633992459,0.778778778779,1.73810846066,0.595463083745,0.331831831832,0.59668755311,0.448728444412,2.2,1.34857142857,0.608455822057,2.2,0.00898841587917,0.00681044267877,2,0.0002574002574,0.190138342457,37,35,35,0.945945945946,0,0.675675675676,0.243243243243,0.027027027027,37,113,0.0848348348348,1.32432432432,6.10810810811,11.3,3.22857142857,4.67132971661,0.764775219092,0.385553695288,5.33305179437,1.74622049904,0.768237263812,1.59767097756,0.523131205043,0.289404448696,0.579945114934,0.437917739848,2,1.33333333333,0.585540043769,2,0.0138060877645,0.0185567010309,6,0.000772200772201,0.198533404185,37,36,36,0.972972972973,0,0.702702702703,0.243243243243,0.027027027027,-103,-0.0773273273273,0,-5.56756756757,-10.3,-2.77142857143,-3.52776933299,0.0625375690098,0.0754936352281,-4.99628483463,-0.0231566087036,0.00297199854722,-1.48916049314,-0.00563159317913,0.0366516959437,0,0,0,0.00900900900901,0.00559492883467,0,0.00163596159439,0.0125840047852,-1,-0.0001287001287,-0.422663177011,-0.027027027027,0,0,113,0,103,1116,0.523148148148,1,0,0.476851851852,1,0.523148148148,0.686930091185,0.692058155085,0.523148148148,0.523148148148,5,108,0,0,0,0
1886,WLNM_dir_neg,0.980259773663,0.842012211487,00:00:06,10,50,10,1235135434,threshold_sweep,0.5,1,0.0462962962963,0.0884955752212,5,0,103,216,0.0462962962963,1,0,0.953703703704,1,0.0462962962963,0.0884955752212,0.682098765432,0.661522633745,0.0607902735562,0.177053557949,0.0462962962963,216,108,108,0,216,0,108,0,108,37,216,0.162162162162,1.32432432432,11.6756756757,21.6,6,8.1990990496,0.702237650082,0.31006006006,10.329336629,1.76937710775,0.765265265265,3.0868314707,0.528762798222,0.252752752753,0.579945114934,0.437917739848,2,1.32432432432,0.579945114934,2,0.0121701261701,0.00597269624573,7,0.000900900900901,0.621196581197,37,37,37,1,0,0.72972972973,0.243243243243,0.027027027027,37,0.0810810810811,1.32972972973,5.83783783784,10.8,3.17647058824,4.46289339077,0.764477108605,0.381381381381,5.21418140149,1.78633992459,0.778778778779,1.73810846066,0.595463083745,0.331831831832,0.59668755311,0.448728444412,2.2,1.34857142857,0.608455822057,2.2,0.00898841587917,0.00681044267877,2,0.0002574002574,0.190138342457,37,35,35,0.945945945946,0,0.675675675676,0.243243243243,0.027027027027,37,113,0.0848348348348,1.32432432432,6.10810810811,11.3,3.22857142857,4.67132971661,0.764775219092,0.385553695288,5.33305179437,1.74622049904,0.768237263812,1.59767097756,0.523131205043,0.289404448696,0.579945114934,0.437917739848,2,1.33333333333,0.585540043769,2,0.0138060877645,0.0185567010309,6,0.000772200772201,0.198533404185,37,36,36,0.972972972973,0,0.702702702703,0.243243243243,0.027027027027,-103,-0.0773273273273,0,-5.56756756757,-10.3,-2.77142857143,-3.52776933299,0.0625375690098,0.0754936352281,-4.99628483463,-0.0231566087036,0.00297199854722,-1.48916049314,-0.00563159317913,0.0366516959437,0,0,0,0.00900900900901,0.00559492883467,0,0.00163596159439,0.0125840047852,-1,-0.0001287001287,-0.422663177011,-0.027027027027,0,0,113,0,103,1116,0.523148148148,1,0,0.476851851852,1,0.523148148148,0.686930091185,0.692058155085,0.523148148148,0.523148148148,5,108,0,0,0,0
1887,WLNM_dir_neg,0.980259773663,0.842012211487,00:00:06,10,50,10,1235135434,threshold_sweep,0.6,1,0.0462962962963,0.0884955752212,5,0,103,216,0.0462962962963,1,0,0.953703703704,1,0.0462962962963,0.0884955752212,0.682098765432,0.661522633745,0.0607902735562,0.177053557949,0.0462962962963,216,108,108,0,216,0,108,0,108,37,216,0.162162162162,1.32432432432,11.6756756757,21.6,6,8.1990990496,0.702237650082,0.31006006006,10.329336629,1.76937710775,0.765265265265,3.0868314707,0.528762798222,0.252752752753,0.579945114934,0.437917739848,2,1.32432432432,0.579945114934,2,0.0121701261701,0.00597269624573,7,0.000900900900901,0.621196581197,37,37,37,1,0,0.72972972973,0.243243243243,0.027027027027,37,0.0810810810811,1.32972972973,5.83783783784,10.8,3.17647058824,4.46289339077,0.764477108605,0.381381381381,5.21418140149,1.78633992459,0.778778778779,1.73810846066,0.595463083745,0.331831831832,0.59668755311,0.448728444412,2.2,1.34857142857,0.608455822057,2.2,0.00898841587917,0.00681044267877,2,0.0002574002574,0.190138342457,37,35,35,0.945945945946,0,0.675675675676,0.243243243243,0.027027027027,37,113,0.0848348348348,1.32432432432,6.10810810811,11.3,3.22857142857,4.67132971661,0.764775219092,0.385553695288,5.33305179437,1.74622049904,0.768237263812,1.59767097756,0.523131205043,0.289404448696,0.579945114934,0.437917739848,2,1.33333333333,0.585540043769,2,0.0138060877645,0.0185567010309,6,0.000772200772201,0.198533404185,37,36,36,0.972972972973,0,0.702702702703,0.243243243243,0.027027027027,-103,-0.0773273273273,0,-5.56756756757,-10.3,-2.77142857143,-3.52776933299,0.0625375690098,0.0754936352281,-4.99628483463,-0.0231566087036,0.00297199854722,-1.48916049314,-0.00563159317913,0.0366516959437,0,0,0,0.00900900900901,0.00559492883467,0,0.00163596159439,0.0125840047852,-1,-0.0001287001287,-0.422663177011,-0.027027027027,0,0,113,0,103,1116,0.523148148148,1,0,0.476851851852,1,0.523148148148,0.686930091185,0.692058155085,0.523148148148,0.523148148148,5,108,0,0,0,0
1888,WLNM_dir_neg,0.980259773663,0.842012211487,00:00:06,10,50,10,1235135434,threshold_sweep,0.7,1,0.0462962962963,0.0884955752212,5,0,103,216,0.0462962962963,1,0,0.953703703704,1,0.0462962962963,0.0884955752212,0.682098765432,0.661522633745,0.0607902735562,0.177053557949,0.0462962962963,216,108,108,0,216,0,108,0,108,37,216,0.162162162162,1.32432432432,11.6756756757,21.6,6,8.1990990496,0.702237650082,0.31006006006,10.329336629,1.76937710775,0.765265265265,3.0868314707,0.528762798222,0.252752752753,0.579945114934,0.437917739848,2,1.32432432432,0.579945114934,2,0.0121701261701,0.00597269624573,7,0.000900900900901,0.621196581197,37,37,37,1,0,0.72972972973,0.243243243243,0.027027027027,37,0.0810810810811,1.32972972973,5.83783783784,10.8,3.17647058824,4.46289339077,0.764477108605,0.381381381381,5.21418140149,1.78633992459,0.778778778779,1.73810846066,0.595463083745,0.331831831832,0.59668755311,0.448728444412,2.2,1.34857142857,0.608455822057,2.2,0.00898841587917,0.00681044267877,2,0.0002574002574,0.190138342457,37,35,35,0.945945945946,0,0.675675675676,0.243243243243,0.027027027027,37,113,0.0848348348348,1.32432432432,6.10810810811,11.3,3.22857142857,4.67132971661,0.764775219092,0.385553695288,5.33305179437,1.74622049904,0.768237263812,1.59767097756,0.523131205043,0.289404448696,0.579945114934,0.437917739848,2,1.33333333333,0.585540043769,2,0.0138060877645,0.0185567010309,6,0.000772200772201,0.198533404185,37,36,36,0.972972972973,0,0.702702702703,0.243243243243,0.027027027027,-103,-0.0773273273273,0,-5.56756756757,-10.3,-2.77142857143,-3.52776933299,0.0625375690098,0.0754936352281,-4.99628483463,-0.0231566087036,0.00297199854722,-1.48916049314,-0.00563159317913,0.0366516959437,0,0,0,0.00900900900901,0.00559492883467,0,0.00163596159439,0.0125840047852,-1,-0.0001287001287,-0.422663177011,-0.027027027027,0,0,113,0,103,1116,0.523148148148,1,0,0.476851851852,1,0.523148148148,0.686930091185,0.692058155085,0.523148148148,0.523148148148,5,108,0,0,0,0
1889,WLNM_dir_neg,0.980259773663,0.842012211487,00:00:06,10,50,10,1235135434,threshold_sweep,0.8,1,0.0462962962963,0.0884955752212,5,0,103,216,0.0462962962963,1,0,0.953703703704,1,0.0462962962963,0.0884955752212,0.682098765432,0.661522633745,0.0607902735562,0.177053557949,0.0462962962963,216,108,108,0,216,0,108,0,108,37,216,0.162162162162,1.32432432432,11.6756756757,21.6,6,8.1990990496,0.702237650082,0.31006006006,10.329336629,1.76937710775,0.765265265265,3.0868314707,0.528762798222,0.252752752753,0.579945114934,0.437917739848,2,1.32432432432,0.579945114934,2,0.0121701261701,0.00597269624573,7,0.000900900900901,0.621196581197,37,37,37,1,0,0.72972972973,0.243243243243,0.027027027027,37,0.0810810810811,1.32972972973,5.83783783784,10.8,3.17647058824,4.46289339077,0.764477108605,0.381381381381,5.21418140149,1.78633992459,0.778778778779,1.73810846066,0.595463083745,0.331831831832,0.59668755311,0.448728444412,2.2,1.34857142857,0.608455822057,2.2,0.00898841587917,0.00681044267877,2,0.0002574002574,0.190138342457,37,35,35,0.945945945946,0,0.675675675676,0.243243243243,0.027027027027,37,113,0.0848348348348,1.32432432432,6.10810810811,11.3,3.22857142857,4.67132971661,0.764775219092,0.385553695288,5.33305179437,1.74622049904,0.768237263812,1.59767097756,0.523131205043,0.289404448696,0.579945114934,0.437917739848,2,1.33333333333,0.585540043769,2,0.0138060877645,0.0185567010309,6,0.000772200772201,0.198533404185,37,36,36,0.972972972973,0,0.702702702703,0.243243243243,0.027027027027,-103,-0.0773273273273,0,-5.56756756757,-10.3,-2.77142857143,-3.52776933299,0.0625375690098,0.0754936352281,-4.99628483463,-0.0231566087036,0.00297199854722,-1.48916049314,-0.00563159317913,0.0366516959437,0,0,0,0.00900900900901,0.00559492883467,0,0.00163596159439,0.0125840047852,-1,-0.0001287001287,-0.422663177011,-0.027027027027,0,0,113,0,103,1116,0.523148148148,1,0,0.476851851852,1,0.523148148148,0.686930091185,0.692058155085,0.523148148148,0.523148148148,5,108,0,0,0,0
1890,WLNM_dir_neg,0.980259773663,0.842012211487,00:00:06,10,50,10,1235135434,threshold_sweep,0.9,1,0.00925925925926,0.0183486238532,1,0,107,216,0.00925925925926,1,0,0.990740740741,1,0.00925925925926,0.0183486238532,0.66975308642,0.665637860082,0.0123076923077,0.0786889475365,0.00925925925926,216,108,108,0,216,0,108,0,108,37,216,0.162162162162,1.32432432432,11.6756756757,21.6,6,8.1990990496,0.702237650082,0.31006006006,10.329336629,1.76937710775,0.765265265265,3.0868314707,0.528762798222,0.252752752753,0.579945114934,0.437917739848,2,1.32432432432,0.579945114934,2,0.0121701261701,0.00597269624573,7,0.000900900900901,0.621196581197,37,37,37,1,0,0.72972972973,0.243243243243,0.027027027027,37,0.0810810810811,1.32972972973,5.83783783784,10.8,3.17647058824,4.46289339077,0.764477108605,0.381381381381,5.21418140149,1.78633992459,0.778778778779,1.73810846066,0.595463083745,0.331831831832,0.59668755311,0.448728444412,2.2,1.34857142857,0.608455822057,2.2,0.00898841587917,0.00681044267877,2,0.0002574002574,0.190138342457,37,35,35,0.945945945946,0,0.675675675676,0.243243243243,0.027027027027,37,109,0.0818318318318,1.32432432432,5.89189189189,10.9,3.11428571429,4.42708697668,0.75138632173,0.375154971485,5.22784184251,1.77458851535,0.776097198116,1.69878953549,0.57665332856,0.320852963055,0.579945114934,0.437917739848,2,1.33333333333,0.585540043769,2,0.00708365397441,0.00677200902935,2,0.0002574002574,0.189644515296,37,36,36,0.972972972973,0,0.702702702703,0.243243243243,0.027027027027,-107,-0.0803303303303,0,-5.78378378378,-10.7,-2.88571428571,-3.77201207292,0.0491486716484,0.0650949114252,-5.10149478649,0.00521140760315,0.0108319328503,-1.38804193522,0.0478905303379,0.068100210302,0,0,0,0.00900900900901,0.00559492883467,0,-0.00508647219572,0.000799312783612,-5,-0.000643500643501,-0.4315520659,-0.027027027027,0,0,109,0,107,1116,0.50462962963,1,0,0.49537037037,1,0.50462962963,0.670769230769,0.67858654182,0.50462962963,0.50462962963,1,108,0,0,0,0
1891,WLNM_dir_neg,0.982038751715,0.824165448343,00:00:04,10,50,11,1235135435,threshold_sweep,0.1,0.714285714286,0.0462962962963,0.0869565217391,5,2,103,214,0.0462962962963,0.990740740741,0.00925925925926,0.953703703704,0.714285714286,0.0462962962963,0.0869565217391,0.675925925926,0.659465020576,0.0483383685801,0.120087094727,0.037037037037,216,108,108,0,216,0,108,0,108,37,216,0.162162162162,1.32432432432,11.6756756757,21.6,6,8.1990990496,0.702237650082,0.31006006006,10.329336629,1.76937710775,0.765265265265,3.0868314707,0.528762798222,0.252752752753,0.579945114934,0.437917739848,2,1.32432432432,0.579945114934,2,0.0121701261701,0.00597269624573,7,0.000900900900901,0.621196581197,37,37,37,1,0,0.72972972973,0.243243243243,0.027027027027,37,0.0810810810811,1.32432432432,5.83783783784,10.8,3.17647058824,4.33021370728,0.741749570229,0.386136136136,5.14445968645,1.76245378147,0.771771771772,1.99134765058,0.682220954365,0.378878878879,0.579945114934,0.437917739848,2,1.33333333333,0.585540043769,2,0.00533910533911,0.00348837209302,1,0.0001287001287,0.216638038699,37,36,36,0.972972972973,0,0.702702702703,0.216216216216,0.0540540540541,37,115,0.0863363363363,1.40074820583,6.21621621622,10.4545454545,3.19444444444,4.63162519554,0.745087531456,0.392714453584,5.25876930989,1.69195186492,0.755816686251,1.8224492644,0.58635324159,0.32526439483,0.683039845698,0.487625001306,2.23728813559,1.41188010044,0.689316499936,2.23728813559,0.0153257516894,0.0157397691501,5,0.000643500643501,0.188342050029,37,36,36,0.972972972973,0,0.675675675676,0.297297297297,0,-101,-0.0758258258258,0.0764238815086,-5.45945945946,-11.1454545455,-2.80555555556,-3.56747385407,0.0428498813744,0.082654393524,-5.07056731911,-0.0774252428238,-0.0094485790138,-1.2643822063,0.0575904433679,0.0725116420769,0.103094730764,0.0497072614573,0.237288135593,0.0875557761151,0.109371385002,0.237288135593,0.00315562551926,0.00976707290432,-2,-0.0002574002574,-0.432854531168,-0.0540540540541,0.0540540540541,-0.027027027027,113,2,103,1114,0.523148148148,0.998207885305,0.00179211469534,0.476851851852,0.982608695652,0.523148148148,0.682779456193,0.684225361035,0.521356033453,0.518348623853,7,108,0,0,0,0
1892,WLNM_dir_neg,0.982038751715,0.824165448343,00:00:04,10,50,11,1235135435,threshold_sweep,0.2,0.714285714286,0.0462962962963,0.0869565217391,5,2,103,214,0.0462962962963,0.990740740741,0.00925925925926,0.953703703704,0.714285714286,0.0462962962963,0.0869565217391,0.675925925926,0.659465020576,0.0483383685801,0.120087094727,0.037037037037,216,108,108,0,216,0,108,0,108,37,216,0.162162162162,1.32432432432,11.6756756757,21.6,6,8.1990990496,0.702237650082,0.31006006006,10.329336629,1.76937710775,0.765265265265,3.0868314707,0.528762798222,0.252752752753,0.579945114934,0.437917739848,2,1.32432432432,0.579945114934,2,0.0121701261701,0.00597269624573,7,0.000900900900901,0.621196581197,37,37,37,1,0,0.72972972973,0.243243243243,0.027027027027,37,0.0810810810811,1.32432432432,5.83783783784,10.8,3.17647058824,4.33021370728,0.741749570229,0.386136136136,5.14445968645,1.76245378147,0.771771771772,1.99134765058,0.682220954365,0.378878878879,0.579945114934,0.437917739848,2,1.33333333333,0.585540043769,2,0.00533910533911,0.00348837209302,1,0.0001287001287,0.216638038699,37,36,36,0.972972972973,0,0.702702702703,0.216216216216,0.0540540540541,37,115,0.0863363363363,1.40074820583,6.21621621622,10.4545454545,3.19444444444,4.63162519554,0.745087531456,0.392714453584,5.25876930989,1.69195186492,0.755816686251,1.8224492644,0.58635324159,0.32526439483,0.683039845698,0.487625001306,2.23728813559,1.41188010044,0.689316499936,2.23728813559,0.0153257516894,0.0157397691501,5,0.000643500643501,0.188342050029,37,36,36,0.972972972973,0,0.675675675676,0.297297297297,0,-101,-0.0758258258258,0.0764238815086,-5.45945945946,-11.1454545455,-2.80555555556,-3.56747385407,0.0428498813744,0.082654393524,-5.07056731911,-0.0774252428238,-0.0094485790138,-1.2643822063,0.0575904433679,0.0725116420769,0.103094730764,0.0497072614573,0.237288135593,0.0875557761151,0.109371385002,0.237288135593,0.00315562551926,0.00976707290432,-2,-0.0002574002574,-0.432854531168,-0.0540540540541,0.0540540540541,-0.027027027027,113,2,103,1114,0.523148148148,0.998207885305,0.00179211469534,0.476851851852,0.982608695652,0.523148148148,0.682779456193,0.684225361035,0.521356033453,0.518348623853,7,108,0,0,0,0
1893,WLNM_dir_neg,0.982038751715,0.824165448343,00:00:04,10,50,11,1235135435,threshold_sweep,0.3,0.833333333333,0.0462962962963,0.0877192982456,5,1,103,215,0.0462962962963,0.99537037037,0.00462962962963,0.953703703704,0.833333333333,0.0462962962963,0.0877192982456,0.679012345679,0.66049382716,0.0545454545455,0.145692879354,0.0416666666667,216,108,108,0,216,0,108,0,108,37,216,0.162162162162,1.32432432432,11.6756756757,21.6,6,8.1990990496,0.702237650082,0.31006006006,10.329336629,1.76937710775,0.765265265265,3.0868314707,0.528762798222,0.252752752753,0.579945114934,0.437917739848,2,1.32432432432,0.579945114934,2,0.0121701261701,0.00597269624573,7,0.000900900900901,0.621196581197,37,37,37,1,0,0.72972972973,0.243243243243,0.027027027027,37,0.0810810810811,1.32432432432,5.83783783784,10.8,3.17647058824,4.33021370728,0.741749570229,0.386136136136,5.14445968645,1.76245378147,0.771771771772,1.99134765058,0.682220954365,0.378878878879,0.579945114934,0.437917739848,2,1.33333333333,0.585540043769,2,0.00533910533911,0.00348837209302,1,0.0001287001287,0.216638038699,37,36,36,0.972972972973,0,0.702702702703,0.216216216216,0.0540540540541,37,114,0.0855855855856,1.32936326157,6.16216216216,11.4,3.16666666667,4.59778638473,0.746132001031,0.394736842105,5.27245661896,1.71123592019,0.758653390232,1.83148965445,0.59443085276,0.329065908013,0.595375966984,0.447865518927,2.16949152542,1.33851224105,0.601177844342,2.16949152542,0.0153257516894,0.0157397691501,5,0.000643500643501,0.224269912998,37,36,36,0.972972972973,0,0.702702702703,0.27027027027,0,-102,-0.0765765765766,0.00503893724233,-5.51351351351,-10.2,-2.83333333333,-3.60131266487,0.0438943509494,0.0846767820452,-5.05688001004,-0.0581411875571,-0.00661187503293,-1.25534181625,0.0656680545374,0.0763131552605,0.0154308520497,0.00994777907862,0.169491525424,0.0141879167303,0.0212327294071,0.169491525424,0.00315562551926,0.00976707290432,-2,-0.0002574002574,-0.396926668199,-0.027027027027,0.027027027027,-0.027027027027,113,1,103,1115,0.523148148148,0.999103942652,0.00089605734767,0.476851851852,0.991228070175,0.523148148148,0.684848484848,0.688118272496,0.5222520908,0.520737327189,6,108,0,0,0,0
1894,WLNM_dir_neg,0.982038751715,0.824165448343,00:00:04,10,50,11,1235135435,threshold_sweep,0.4,0.833333333333,0.0462962962963,0.0877192982456,5,1,103,215,0.0462962962963,0.99537037037,0.00462962962963,0.953703703704,0.833333333333,0.0462962962963,0.0877192982456,0.679012345679,0.66049382716,0.0545454545455,0.145692879354,0.0416666666667,216,108,108,0,216,0,108,0,108,37,216,0.162162162162,1.32432432432,11.6756756757,21.6,6,8.1990990496,0.702237650082,0.31006006006,10.329336629,1.76937710775,0.765265265265,3.0868314707,0.528762798222,0.252752752753,0.579945114934,0.437917739848,2,1.32432432432,0.579945114934,2,0.0121701261701,0.00597269624573,7,0.000900900900901,0.621196581197,37,37,37,1,0,0.72972972973,0.243243243243,0.027027027027,37,0.0810810810811,1.32432432432,5.83783783784,10.8,3.17647058824,4.33021370728,0.741749570229,0.386136136136,5.14445968645,1.76245378147,0.771771771772,1.99134765058,0.682220954365,0.378878878879,0.579945114934,0.437917739848,2,1.33333333333,0.585540043769,2,0.00533910533911,0.00348837209302,1,0.0001287001287,0.216638038699,37,36,36,0.972972972973,0,0.702702702703,0.216216216216,0.0540540540541,37,114,0.0855855855856,1.32936326157,6.16216216216,11.4,3.16666666667,4.59778638473,0.746132001031,0.394736842105,5.27245661896,1.71123592019,0.758653390232,1.83148965445,0.59443085276,0.329065908013,0.595375966984,0.447865518927,2.16949152542,1.33851224105,0.601177844342,2.16949152542,0.0153257516894,0.0157397691501,5,0.000643500643501,0.224269912998,37,36,36,0.972972972973,0,0.702702702703,0.27027027027,0,-102,-0.0765765765766,0.00503893724233,-5.51351351351,-10.2,-2.83333333333,-3.60131266487,0.0438943509494,0.0846767820452,-5.05688001004,-0.0581411875571,-0.00661187503293,-1.25534181625,0.0656680545374,0.0763131552605,0.0154308520497,0.00994777907862,0.169491525424,0.0141879167303,0.0212327294071,0.169491525424,0.00315562551926,0.00976707290432,-2,-0.0002574002574,-0.396926668199,-0.027027027027,0.027027027027,-0.027027027027,113,1,103,1115,0.523148148148,0.999103942652,0.00089605734767,0.476851851852,0.991228070175,0.523148148148,0.684848484848,0.688118272496,0.5222520908,0.520737327189,6,108,0,0,0,0
1895,WLNM_dir_neg,0.982038751715,0.824165448343,00:00:04,10,50,11,1235135435,threshold_sweep,0.5,0.833333333333,0.0462962962963,0.0877192982456,5,1,103,215,0.0462962962963,0.99537037037,0.00462962962963,0.953703703704,0.833333333333,0.0462962962963,0.0877192982456,0.679012345679,0.66049382716,0.0545454545455,0.145692879354,0.0416666666667,216,108,108,0,216,0,108,0,108,37,216,0.162162162162,1.32432432432,11.6756756757,21.6,6,8.1990990496,0.702237650082,0.31006006006,10.329336629,1.76937710775,0.765265265265,3.0868314707,0.528762798222,0.252752752753,0.579945114934,0.437917739848,2,1.32432432432,0.579945114934,2,0.0121701261701,0.00597269624573,7,0.000900900900901,0.621196581197,37,37,37,1,0,0.72972972973,0.243243243243,0.027027027027,37,0.0810810810811,1.32432432432,5.83783783784,10.8,3.17647058824,4.33021370728,0.741749570229,0.386136136136,5.14445968645,1.76245378147,0.771771771772,1.99134765058,0.682220954365,0.378878878879,0.579945114934,0.437917739848,2,1.33333333333,0.585540043769,2,0.00533910533911,0.00348837209302,1,0.0001287001287,0.216638038699,37,36,36,0.972972972973,0,0.702702702703,0.216216216216,0.0540540540541,37,114,0.0855855855856,1.32936326157,6.16216216216,11.4,3.16666666667,4.59778638473,0.746132001031,0.394736842105,5.27245661896,1.71123592019,0.758653390232,1.83148965445,0.59443085276,0.329065908013,0.595375966984,0.447865518927,2.16949152542,1.33851224105,0.601177844342,2.16949152542,0.0153257516894,0.0157397691501,5,0.000643500643501,0.224269912998,37,36,36,0.972972972973,0,0.702702702703,0.27027027027,0,-102,-0.0765765765766,0.00503893724233,-5.51351351351,-10.2,-2.83333333333,-3.60131266487,0.0438943509494,0.0846767820452,-5.05688001004,-0.0581411875571,-0.00661187503293,-1.25534181625,0.0656680545374,0.0763131552605,0.0154308520497,0.00994777907862,0.169491525424,0.0141879167303,0.0212327294071,0.169491525424,0.00315562551926,0.00976707290432,-2,-0.0002574002574,-0.396926668199,-0.027027027027,0.027027027027,-0.027027027027,113,1,103,1115,0.523148148148,0.999103942652,0.00089605734767,0.476851851852,0.991228070175,0.523148148148,0.684848484848,0.688118272496,0.5222520908,0.520737327189,6,108,0,0,0,0
1896,WLNM_dir_neg,0.982038751715,0.824165448343,00:00:04,10,50,11,1235135435,threshold_sweep,0.6,0.833333333333,0.0462962962963,0.0877192982456,5,1,103,215,0.0462962962963,0.99537037037,0.00462962962963,0.953703703704,0.833333333333,0.0462962962963,0.0877192982456,0.679012345679,0.66049382716,0.0545454545455,0.145692879354,0.0416666666667,216,108,108,0,216,0,108,0,108,37,216,0.162162162162,1.32432432432,11.6756756757,21.6,6,8.1990990496,0.702237650082,0.31006006006,10.329336629,1.76937710775,0.765265265265,3.0868314707,0.528762798222,0.252752752753,0.579945114934,0.437917739848,2,1.32432432432,0.579945114934,2,0.0121701261701,0.00597269624573,7,0.000900900900901,0.621196581197,37,37,37,1,0,0.72972972973,0.243243243243,0.027027027027,37,0.0810810810811,1.32432432432,5.83783783784,10.8,3.17647058824,4.33021370728,0.741749570229,0.386136136136,5.14445968645,1.76245378147,0.771771771772,1.99134765058,0.682220954365,0.378878878879,0.579945114934,0.437917739848,2,1.33333333333,0.585540043769,2,0.00533910533911,0.00348837209302,1,0.0001287001287,0.216638038699,37,36,36,0.972972972973,0,0.702702702703,0.216216216216,0.0540540540541,37,114,0.0855855855856,1.32936326157,6.16216216216,11.4,3.16666666667,4.59778638473,0.746132001031,0.394736842105,5.27245661896,1.71123592019,0.758653390232,1.83148965445,0.59443085276,0.329065908013,0.595375966984,0.447865518927,2.16949152542,1.33851224105,0.601177844342,2.16949152542,0.0153257516894,0.0157397691501,5,0.000643500643501,0.224269912998,37,36,36,0.972972972973,0,0.702702702703,0.27027027027,0,-102,-0.0765765765766,0.00503893724233,-5.51351351351,-10.2,-2.83333333333,-3.60131266487,0.0438943509494,0.0846767820452,-5.05688001004,-0.0581411875571,-0.00661187503293,-1.25534181625,0.0656680545374,0.0763131552605,0.0154308520497,0.00994777907862,0.169491525424,0.0141879167303,0.0212327294071,0.169491525424,0.00315562551926,0.00976707290432,-2,-0.0002574002574,-0.396926668199,-0.027027027027,0.027027027027,-0.027027027027,113,1,103,1115,0.523148148148,0.999103942652,0.00089605734767,0.476851851852,0.991228070175,0.523148148148,0.684848484848,0.688118272496,0.5222520908,0.520737327189,6,108,0,0,0,0
1897,WLNM_dir_neg,0.982038751715,0.824165448343,00:00:04,10,50,11,1235135435,threshold_sweep,0.7,0.666666666667,0.0185185185185,0.036036036036,2,1,106,215,0.0185185185185,0.99537037037,0.00462962962963,0.981481481481,0.666666666667,0.0185185185185,0.036036036036,0.66975308642,0.663580246914,0.0183486238532,0.0683585927025,0.0138888888889,216,108,108,0,216,0,108,0,108,37,216,0.162162162162,1.32432432432,11.6756756757,21.6,6,8.1990990496,0.702237650082,0.31006006006,10.329336629,1.76937710775,0.765265265265,3.0868314707,0.528762798222,0.252752752753,0.579945114934,0.437917739848,2,1.32432432432,0.579945114934,2,0.0121701261701,0.00597269624573,7,0.000900900900901,0.621196581197,37,37,37,1,0,0.72972972973,0.243243243243,0.027027027027,37,0.0810810810811,1.32432432432,5.83783783784,10.8,3.17647058824,4.33021370728,0.741749570229,0.386136136136,5.14445968645,1.76245378147,0.771771771772,1.99134765058,0.682220954365,0.378878878879,0.579945114934,0.437917739848,2,1.33333333333,0.585540043769,2,0.00533910533911,0.00348837209302,1,0.0001287001287,0.216638038699,37,36,36,0.972972972973,0,0.702702702703,0.216216216216,0.0540540540541,37,111,0.0833333333333,1.32959789057,6,11.1,3.08333333333,4.40958551844,0.73493091974,0.388604821037,5.1854497287,1.7284832429,0.764548332116,1.90029237517,0.633430791722,0.349646944242,0.596069196541,0.448307868693,2.17073170732,1.33875338753,0.601880223784,2.17073170732,0.00767414403778,0.0067264573991,2,0.0002574002574,0.218209306937,37,36,36,0.972972972973,0,0.702702702703,0.27027027027,0,-105,-0.0788288288288,0.00527356624918,-5.67567567568,-10.5,-2.91666666667,-3.78951353116,0.0326932696583,0.0785447609772,-5.1438869003,-0.0408938648449,-0.000716933149366,-1.18653909554,0.104667993499,0.0968941914888,0.0161240816068,0.0103901288442,0.170731707317,0.0144290632096,0.0219351088499,0.170731707317,-0.00449598213235,0.000753761153369,-5,-0.000643500643501,-0.402987274259,-0.027027027027,0.027027027027,-0.027027027027,110,1,106,1115,0.509259259259,0.999103942652,0.00089605734767,0.490740740741,0.990990990991,0.509259259259,0.672782874618,0.677975122038,0.508363201912,0.506912442396,3,108,0,0,0,0
1898,WLNM_dir_neg,0.982038751715,0.824165448343,00:00:04,10,50,11,1235135435,threshold_sweep,0.8,0.666666666667,0.0185185185185,0.036036036036,2,1,106,215,0.0185185185185,0.99537037037,0.00462962962963,0.981481481481,0.666666666667,0.0185185185185,0.036036036036,0.66975308642,0.663580246914,0.0183486238532,0.0683585927025,0.0138888888889,216,108,108,0,216,0,108,0,108,37,216,0.162162162162,1.32432432432,11.6756756757,21.6,6,8.1990990496,0.702237650082,0.31006006006,10.329336629,1.76937710775,0.765265265265,3.0868314707,0.528762798222,0.252752752753,0.579945114934,0.437917739848,2,1.32432432432,0.579945114934,2,0.0121701261701,0.00597269624573,7,0.000900900900901,0.621196581197,37,37,37,1,0,0.72972972973,0.243243243243,0.027027027027,37,0.0810810810811,1.32432432432,5.83783783784,10.8,3.17647058824,4.33021370728,0.741749570229,0.386136136136,5.14445968645,1.76245378147,0.771771771772,1.99134765058,0.682220954365,0.378878878879,0.579945114934,0.437917739848,2,1.33333333333,0.585540043769,2,0.00533910533911,0.00348837209302,1,0.0001287001287,0.216638038699,37,36,36,0.972972972973,0,0.702702702703,0.216216216216,0.0540540540541,37,111,0.0833333333333,1.32959789057,6,11.1,3.08333333333,4.40958551844,0.73493091974,0.388604821037,5.1854497287,1.7284832429,0.764548332116,1.90029237517,0.633430791722,0.349646944242,0.596069196541,0.448307868693,2.17073170732,1.33875338753,0.601880223784,2.17073170732,0.00767414403778,0.0067264573991,2,0.0002574002574,0.218209306937,37,36,36,0.972972972973,0,0.702702702703,0.27027027027,0,-105,-0.0788288288288,0.00527356624918,-5.67567567568,-10.5,-2.91666666667,-3.78951353116,0.0326932696583,0.0785447609772,-5.1438869003,-0.0408938648449,-0.000716933149366,-1.18653909554,0.104667993499,0.0968941914888,0.0161240816068,0.0103901288442,0.170731707317,0.0144290632096,0.0219351088499,0.170731707317,-0.00449598213235,0.000753761153369,-5,-0.000643500643501,-0.402987274259,-0.027027027027,0.027027027027,-0.027027027027,110,1,106,1115,0.509259259259,0.999103942652,0.00089605734767,0.490740740741,0.990990990991,0.509259259259,0.672782874618,0.677975122038,0.508363201912,0.506912442396,3,108,0,0,0,0
1899,WLNM_dir_neg,0.982038751715,0.824165448343,00:00:04,10,50,11,1235135435,threshold_sweep,0.9,0.666666666667,0.0185185185185,0.036036036036,2,1,106,215,0.0185185185185,0.99537037037,0.00462962962963,0.981481481481,0.666666666667,0.0185185185185,0.036036036036,0.66975308642,0.663580246914,0.0183486238532,0.0683585927025,0.0138888888889,216,108,108,0,216,0,108,0,108,37,216,0.162162162162,1.32432432432,11.6756756757,21.6,6,8.1990990496,0.702237650082,0.31006006006,10.329336629,1.76937710775,0.765265265265,3.0868314707,0.528762798222,0.252752752753,0.579945114934,0.437917739848,2,1.32432432432,0.579945114934,2,0.0121701261701,0.00597269624573,7,0.000900900900901,0.621196581197,37,37,37,1,0,0.72972972973,0.243243243243,0.027027027027,37,0.0810810810811,1.32432432432,5.83783783784,10.8,3.17647058824,4.33021370728,0.741749570229,0.386136136136,5.14445968645,1.76245378147,0.771771771772,1.99134765058,0.682220954365,0.378878878879,0.579945114934,0.437917739848,2,1.33333333333,0.585540043769,2,0.00533910533911,0.00348837209302,1,0.0001287001287,0.216638038699,37,36,36,0.972972972973,0,0.702702702703,0.216216216216,0.0540540540541,37,111,0.0833333333333,1.32959789057,6,11.1,3.08333333333,4.40958551844,0.73493091974,0.388604821037,5.1854497287,1.7284832429,0.764548332116,1.90029237517,0.633430791722,0.349646944242,0.596069196541,0.448307868693,2.17073170732,1.33875338753,0.601880223784,2.17073170732,0.00767414403778,0.0067264573991,2,0.0002574002574,0.218209306937,37,36,36,0.972972972973,0,0.702702702703,0.27027027027,0,-105,-0.0788288288288,0.00527356624918,-5.67567567568,-10.5,-2.91666666667,-3.78951353116,0.0326932696583,0.0785447609772,-5.1438869003,-0.0408938648449,-0.000716933149366,-1.18653909554,0.104667993499,0.0968941914888,0.0161240816068,0.0103901288442,0.170731707317,0.0144290632096,0.0219351088499,0.170731707317,-0.00449598213235,0.000753761153369,-5,-0.000643500643501,-0.402987274259,-0.027027027027,0.027027027027,-0.027027027027,110,1,106,1115,0.509259259259,0.999103942652,0.00089605734767,0.490740740741,0.990990990991,0.509259259259,0.672782874618,0.677975122038,0.508363201912,0.506912442396,3,108,0,0,0,0
1900,WLNM_dir_neg,0.988940329218,0.889406719192,00:00:03,10,50,12,1235135436,threshold_sweep,0.1,0.954545454545,0.194444444444,0.323076923077,21,1,87,215,0.194444444444,0.99537037037,0.00462962962963,0.805555555556,0.954545454545,0.194444444444,0.323076923077,0.728395061728,0.644032921811,0.236994219653,0.355675578862,0.189814814815,216,108,108,0,216,0,108,0,108,37,216,0.162162162162,1.32432432432,11.6756756757,21.6,6,8.1990990496,0.702237650082,0.31006006006,10.329336629,1.76937710775,0.765265265265,3.0868314707,0.528762798222,0.252752752753,0.579945114934,0.437917739848,2,1.32432432432,0.579945114934,2,0.0121701261701,0.00597269624573,7,0.000900900900901,0.621196581197,37,37,37,1,0,0.72972972973,0.243243243243,0.027027027027,37,0.0810810810811,1.32432432432,5.83783783784,10.8,3.375,4.58568735617,0.785511260085,0.392142142142,5.27245661896,1.80630458242,0.784284284284,1.87643838722,0.642853891917,0.360860860861,0.579945114934,0.437917739848,2,1.34285714286,0.591252764842,2,0,0,0,0,0.203542610628,37,35,35,0.945945945946,0,0.675675675676,0.189189189189,0.0810810810811,37,130,0.0975975975976,1.32887214137,7.02702702703,13,3.82352941176,5.60994398113,0.798338181931,0.383575883576,6.50479148877,1.85136373142,0.788357588358,2.00861507874,0.571682753179,0.318918918919,0.591905548358,0.445419487647,2.12980769231,1.34766483516,0.603519185735,2.12980769231,0.0594294298916,0.04,18,0.0023166023166,0.249079094936,37,35,35,0.945945945946,0,0.675675675676,0.243243243243,0.027027027027,-86,-0.0645645645646,0.00454781704782,-4.64864864865,-8.6,-2.17647058824,-2.58915506847,0.0961005318489,0.0735158235158,-3.82454514023,0.0819866236725,0.0230923230923,-1.07821639197,0.0429199549569,0.0661661661662,0.0119604334233,0.00750174779809,0.129807692308,0.0233405108405,0.0235740708008,0.129807692308,0.0472593037215,0.0340273037543,11,0.0014157014157,-0.37211748626,-0.0540540540541,0,0,129,1,87,1115,0.597222222222,0.999103942652,0.00089605734767,0.402777777778,0.992307692308,0.597222222222,0.745664739884,0.740660063565,0.596326164875,0.594470046083,22,108,0,0,0,0
1901,WLNM_dir_neg,0.988940329218,0.889406719192,00:00:03,10,50,12,1235135436,threshold_sweep,0.2,0.954545454545,0.194444444444,0.323076923077,21,1,87,215,0.194444444444,0.99537037037,0.00462962962963,0.805555555556,0.954545454545,0.194444444444,0.323076923077,0.728395061728,0.644032921811,0.236994219653,0.355675578862,0.189814814815,216,108,108,0,216,0,108,0,108,37,216,0.162162162162,1.32432432432,11.6756756757,21.6,6,8.1990990496,0.702237650082,0.31006006006,10.329336629,1.76937710775,0.765265265265,3.0868314707,0.528762798222,0.252752752753,0.579945114934,0.437917739848,2,1.32432432432,0.579945114934,2,0.0121701261701,0.00597269624573,7,0.000900900900901,0.621196581197,37,37,37,1,0,0.72972972973,0.243243243243,0.027027027027,37,0.0810810810811,1.32432432432,5.83783783784,10.8,3.375,4.58568735617,0.785511260085,0.392142142142,5.27245661896,1.80630458242,0.784284284284,1.87643838722,0.642853891917,0.360860860861,0.579945114934,0.437917739848,2,1.34285714286,0.591252764842,2,0,0,0,0,0.203542610628,37,35,35,0.945945945946,0,0.675675675676,0.189189189189,0.0810810810811,37,130,0.0975975975976,1.32887214137,7.02702702703,13,3.82352941176,5.60994398113,0.798338181931,0.383575883576,6.50479148877,1.85136373142,0.788357588358,2.00861507874,0.571682753179,0.318918918919,0.591905548358,0.445419487647,2.12980769231,1.34766483516,0.603519185735,2.12980769231,0.0594294298916,0.04,18,0.0023166023166,0.249079094936,37,35,35,0.945945945946,0,0.675675675676,0.243243243243,0.027027027027,-86,-0.0645645645646,0.00454781704782,-4.64864864865,-8.6,-2.17647058824,-2.58915506847,0.0961005318489,0.0735158235158,-3.82454514023,0.0819866236725,0.0230923230923,-1.07821639197,0.0429199549569,0.0661661661662,0.0119604334233,0.00750174779809,0.129807692308,0.0233405108405,0.0235740708008,0.129807692308,0.0472593037215,0.0340273037543,11,0.0014157014157,-0.37211748626,-0.0540540540541,0,0,129,1,87,1115,0.597222222222,0.999103942652,0.00089605734767,0.402777777778,0.992307692308,0.597222222222,0.745664739884,0.740660063565,0.596326164875,0.594470046083,22,108,0,0,0,0
1902,WLNM_dir_neg,0.988940329218,0.889406719192,00:00:03,10,50,12,1235135436,threshold_sweep,0.3,0.954545454545,0.194444444444,0.323076923077,21,1,87,215,0.194444444444,0.99537037037,0.00462962962963,0.805555555556,0.954545454545,0.194444444444,0.323076923077,0.728395061728,0.644032921811,0.236994219653,0.355675578862,0.189814814815,216,108,108,0,216,0,108,0,108,37,216,0.162162162162,1.32432432432,11.6756756757,21.6,6,8.1990990496,0.702237650082,0.31006006006,10.329336629,1.76937710775,0.765265265265,3.0868314707,0.528762798222,0.252752752753,0.579945114934,0.437917739848,2,1.32432432432,0.579945114934,2,0.0121701261701,0.00597269624573,7,0.000900900900901,0.621196581197,37,37,37,1,0,0.72972972973,0.243243243243,0.027027027027,37,0.0810810810811,1.32432432432,5.83783783784,10.8,3.375,4.58568735617,0.785511260085,0.392142142142,5.27245661896,1.80630458242,0.784284284284,1.87643838722,0.642853891917,0.360860860861,0.579945114934,0.437917739848,2,1.34285714286,0.591252764842,2,0,0,0,0,0.203542610628,37,35,35,0.945945945946,0,0.675675675676,0.189189189189,0.0810810810811,37,130,0.0975975975976,1.32887214137,7.02702702703,13,3.82352941176,5.60994398113,0.798338181931,0.383575883576,6.50479148877,1.85136373142,0.788357588358,2.00861507874,0.571682753179,0.318918918919,0.591905548358,0.445419487647,2.12980769231,1.34766483516,0.603519185735,2.12980769231,0.0594294298916,0.04,18,0.0023166023166,0.249079094936,37,35,35,0.945945945946,0,0.675675675676,0.243243243243,0.027027027027,-86,-0.0645645645646,0.00454781704782,-4.64864864865,-8.6,-2.17647058824,-2.58915506847,0.0961005318489,0.0735158235158,-3.82454514023,0.0819866236725,0.0230923230923,-1.07821639197,0.0429199549569,0.0661661661662,0.0119604334233,0.00750174779809,0.129807692308,0.0233405108405,0.0235740708008,0.129807692308,0.0472593037215,0.0340273037543,11,0.0014157014157,-0.37211748626,-0.0540540540541,0,0,129,1,87,1115,0.597222222222,0.999103942652,0.00089605734767,0.402777777778,0.992307692308,0.597222222222,0.745664739884,0.740660063565,0.596326164875,0.594470046083,22,108,0,0,0,0
1903,WLNM_dir_neg,0.988940329218,0.889406719192,00:00:03,10,50,12,1235135436,threshold_sweep,0.4,0.954545454545,0.194444444444,0.323076923077,21,1,87,215,0.194444444444,0.99537037037,0.00462962962963,0.805555555556,0.954545454545,0.194444444444,0.323076923077,0.728395061728,0.644032921811,0.236994219653,0.355675578862,0.189814814815,216,108,108,0,216,0,108,0,108,37,216,0.162162162162,1.32432432432,11.6756756757,21.6,6,8.1990990496,0.702237650082,0.31006006006,10.329336629,1.76937710775,0.765265265265,3.0868314707,0.528762798222,0.252752752753,0.579945114934,0.437917739848,2,1.32432432432,0.579945114934,2,0.0121701261701,0.00597269624573,7,0.000900900900901,0.621196581197,37,37,37,1,0,0.72972972973,0.243243243243,0.027027027027,37,0.0810810810811,1.32432432432,5.83783783784,10.8,3.375,4.58568735617,0.785511260085,0.392142142142,5.27245661896,1.80630458242,0.784284284284,1.87643838722,0.642853891917,0.360860860861,0.579945114934,0.437917739848,2,1.34285714286,0.591252764842,2,0,0,0,0,0.203542610628,37,35,35,0.945945945946,0,0.675675675676,0.189189189189,0.0810810810811,37,130,0.0975975975976,1.32887214137,7.02702702703,13,3.82352941176,5.60994398113,0.798338181931,0.383575883576,6.50479148877,1.85136373142,0.788357588358,2.00861507874,0.571682753179,0.318918918919,0.591905548358,0.445419487647,2.12980769231,1.34766483516,0.603519185735,2.12980769231,0.0594294298916,0.04,18,0.0023166023166,0.249079094936,37,35,35,0.945945945946,0,0.675675675676,0.243243243243,0.027027027027,-86,-0.0645645645646,0.00454781704782,-4.64864864865,-8.6,-2.17647058824,-2.58915506847,0.0961005318489,0.0735158235158,-3.82454514023,0.0819866236725,0.0230923230923,-1.07821639197,0.0429199549569,0.0661661661662,0.0119604334233,0.00750174779809,0.129807692308,0.0233405108405,0.0235740708008,0.129807692308,0.0472593037215,0.0340273037543,11,0.0014157014157,-0.37211748626,-0.0540540540541,0,0,129,1,87,1115,0.597222222222,0.999103942652,0.00089605734767,0.402777777778,0.992307692308,0.597222222222,0.745664739884,0.740660063565,0.596326164875,0.594470046083,22,108,0,0,0,0
1904,WLNM_dir_neg,0.988940329218,0.889406719192,00:00:03,10,50,12,1235135436,threshold_sweep,0.5,0.952380952381,0.185185185185,0.31007751938,20,1,88,215,0.185185185185,0.99537037037,0.00462962962963,0.814814814815,0.952380952381,0.185185185185,0.31007751938,0.725308641975,0.645061728395,0.226086956522,0.345715337766,0.180555555556,216,108,108,0,216,0,108,0,108,37,216,0.162162162162,1.32432432432,11.6756756757,21.6,6,8.1990990496,0.702237650082,0.31006006006,10.329336629,1.76937710775,0.765265265265,3.0868314707,0.528762798222,0.252752752753,0.579945114934,0.437917739848,2,1.32432432432,0.579945114934,2,0.0121701261701,0.00597269624573,7,0.000900900900901,0.621196581197,37,37,37,1,0,0.72972972973,0.243243243243,0.027027027027,37,0.0810810810811,1.32432432432,5.83783783784,10.8,3.375,4.58568735617,0.785511260085,0.392142142142,5.27245661896,1.80630458242,0.784284284284,1.87643838722,0.642853891917,0.360860860861,0.579945114934,0.437917739848,2,1.34285714286,0.591252764842,2,0,0,0,0,0.203542610628,37,35,35,0.945945945946,0,0.675675675676,0.189189189189,0.0810810810811,37,129,0.0968468468468,1.32937332937,6.97297297297,12.9,3.79411764706,5.57517556518,0.799540681828,0.381730567777,6.48768757649,1.86080961496,0.790278650744,2.03608586402,0.583993619912,0.325581395349,0.593478585639,0.446434852066,2.14835164835,1.34819466248,0.605135713207,2.14835164835,0.0575508322987,0.0383458646617,17,0.0021879021879,0.246631002905,37,35,35,0.945945945946,0,0.675675675676,0.243243243243,0.027027027027,-87,-0.0653153153153,0.005049005049,-4.7027027027,-8.7,-2.20588235294,-2.62392348442,0.0973030317463,0.071670507717,-3.84164905251,0.0914325072158,0.0250133854785,-1.05074560669,0.0552308216891,0.0728286425961,0.0135334707049,0.00851711221757,0.148351648352,0.0238703381561,0.0251905982724,0.148351648352,0.0453807061286,0.0323731684159,10,0.001287001287,-0.374565578292,-0.0540540540541,0,0,128,1,88,1115,0.592592592593,0.999103942652,0.00089605734767,0.407407407407,0.992248062016,0.592592592593,0.742028985507,0.737446179953,0.591696535245,0.589861751152,21,108,0,0,0,0
1905,WLNM_dir_neg,0.988940329218,0.889406719192,00:00:03,10,50,12,1235135436,threshold_sweep,0.6,0.952380952381,0.185185185185,0.31007751938,20,1,88,215,0.185185185185,0.99537037037,0.00462962962963,0.814814814815,0.952380952381,0.185185185185,0.31007751938,0.725308641975,0.645061728395,0.226086956522,0.345715337766,0.180555555556,216,108,108,0,216,0,108,0,108,37,216,0.162162162162,1.32432432432,11.6756756757,21.6,6,8.1990990496,0.702237650082,0.31006006006,10.329336629,1.76937710775,0.765265265265,3.0868314707,0.528762798222,0.252752752753,0.579945114934,0.437917739848,2,1.32432432432,0.579945114934,2,0.0121701261701,0.00597269624573,7,0.000900900900901,0.621196581197,37,37,37,1,0,0.72972972973,0.243243243243,0.027027027027,37,0.0810810810811,1.32432432432,5.83783783784,10.8,3.375,4.58568735617,0.785511260085,0.392142142142,5.27245661896,1.80630458242,0.784284284284,1.87643838722,0.642853891917,0.360860860861,0.579945114934,0.437917739848,2,1.34285714286,0.591252764842,2,0,0,0,0,0.203542610628,37,35,35,0.945945945946,0,0.675675675676,0.189189189189,0.0810810810811,37,129,0.0968468468468,1.32937332937,6.97297297297,12.9,3.79411764706,5.57517556518,0.799540681828,0.381730567777,6.48768757649,1.86080961496,0.790278650744,2.03608586402,0.583993619912,0.325581395349,0.593478585639,0.446434852066,2.14835164835,1.34819466248,0.605135713207,2.14835164835,0.0575508322987,0.0383458646617,17,0.0021879021879,0.246631002905,37,35,35,0.945945945946,0,0.675675675676,0.243243243243,0.027027027027,-87,-0.0653153153153,0.005049005049,-4.7027027027,-8.7,-2.20588235294,-2.62392348442,0.0973030317463,0.071670507717,-3.84164905251,0.0914325072158,0.0250133854785,-1.05074560669,0.0552308216891,0.0728286425961,0.0135334707049,0.00851711221757,0.148351648352,0.0238703381561,0.0251905982724,0.148351648352,0.0453807061286,0.0323731684159,10,0.001287001287,-0.374565578292,-0.0540540540541,0,0,128,1,88,1115,0.592592592593,0.999103942652,0.00089605734767,0.407407407407,0.992248062016,0.592592592593,0.742028985507,0.737446179953,0.591696535245,0.589861751152,21,108,0,0,0,0
1906,WLNM_dir_neg,0.988940329218,0.889406719192,00:00:03,10,50,12,1235135436,threshold_sweep,0.7,0.952380952381,0.185185185185,0.31007751938,20,1,88,215,0.185185185185,0.99537037037,0.00462962962963,0.814814814815,0.952380952381,0.185185185185,0.31007751938,0.725308641975,0.645061728395,0.226086956522,0.345715337766,0.180555555556,216,108,108,0,216,0,108,0,108,37,216,0.162162162162,1.32432432432,11.6756756757,21.6,6,8.1990990496,0.702237650082,0.31006006006,10.329336629,1.76937710775,0.765265265265,3.0868314707,0.528762798222,0.252752752753,0.579945114934,0.437917739848,2,1.32432432432,0.579945114934,2,0.0121701261701,0.00597269624573,7,0.000900900900901,0.621196581197,37,37,37,1,0,0.72972972973,0.243243243243,0.027027027027,37,0.0810810810811,1.32432432432,5.83783783784,10.8,3.375,4.58568735617,0.785511260085,0.392142142142,5.27245661896,1.80630458242,0.784284284284,1.87643838722,0.642853891917,0.360860860861,0.579945114934,0.437917739848,2,1.34285714286,0.591252764842,2,0,0,0,0,0.203542610628,37,35,35,0.945945945946,0,0.675675675676,0.189189189189,0.0810810810811,37,129,0.0968468468468,1.32937332937,6.97297297297,12.9,3.79411764706,5.57517556518,0.799540681828,0.381730567777,6.48768757649,1.86080961496,0.790278650744,2.03608586402,0.583993619912,0.325581395349,0.593478585639,0.446434852066,2.14835164835,1.34819466248,0.605135713207,2.14835164835,0.0575508322987,0.0383458646617,17,0.0021879021879,0.246631002905,37,35,35,0.945945945946,0,0.675675675676,0.243243243243,0.027027027027,-87,-0.0653153153153,0.005049005049,-4.7027027027,-8.7,-2.20588235294,-2.62392348442,0.0973030317463,0.071670507717,-3.84164905251,0.0914325072158,0.0250133854785,-1.05074560669,0.0552308216891,0.0728286425961,0.0135334707049,0.00851711221757,0.148351648352,0.0238703381561,0.0251905982724,0.148351648352,0.0453807061286,0.0323731684159,10,0.001287001287,-0.374565578292,-0.0540540540541,0,0,128,1,88,1115,0.592592592593,0.999103942652,0.00089605734767,0.407407407407,0.992248062016,0.592592592593,0.742028985507,0.737446179953,0.591696535245,0.589861751152,21,108,0,0,0,0
1907,WLNM_dir_neg,0.988940329218,0.889406719192,00:00:03,10,50,12,1235135436,threshold_sweep,0.8,0.95,0.175925925926,0.296875,19,1,89,215,0.175925925926,0.99537037037,0.00462962962963,0.824074074074,0.95,0.175925925926,0.296875,0.722222222222,0.646090534979,0.21511627907,0.335532765676,0.171296296296,216,108,108,0,216,0,108,0,108,37,216,0.162162162162,1.32432432432,11.6756756757,21.6,6,8.1990990496,0.702237650082,0.31006006006,10.329336629,1.76937710775,0.765265265265,3.0868314707,0.528762798222,0.252752752753,0.579945114934,0.437917739848,2,1.32432432432,0.579945114934,2,0.0121701261701,0.00597269624573,7,0.000900900900901,0.621196581197,37,37,37,1,0,0.72972972973,0.243243243243,0.027027027027,37,0.0810810810811,1.32432432432,5.83783783784,10.8,3.375,4.58568735617,0.785511260085,0.392142142142,5.27245661896,1.80630458242,0.784284284284,1.87643838722,0.642853891917,0.360860860861,0.579945114934,0.437917739848,2,1.34285714286,0.591252764842,2,0,0,0,0,0.203542610628,37,35,35,0.945945945946,0,0.675675675676,0.189189189189,0.0810810810811,37,128,0.0960960960961,1.32937332937,6.91891891892,12.8,3.87878787879,5.56466220587,0.804267584443,0.381545608108,6.48328875132,1.87407565468,0.792652027027,2.07624921693,0.600165789269,0.334459459459,0.593478585639,0.446434852066,2.14835164835,1.34819466248,0.605135713207,2.14835164835,0.0604079751559,0.038783269962,17,0.0021879021879,0.247582471615,37,35,35,0.945945945946,0,0.675675675676,0.216216216216,0.0540540540541,-88,-0.0660660660661,0.005049005049,-4.75675675676,-8.8,-2.12121212121,-2.63443684373,0.102029934361,0.071485548048,-3.84604787768,0.104698546934,0.0273867617618,-1.01058225377,0.071402991047,0.0817067067067,0.0135334707049,0.00851711221757,0.148351648352,0.0238703381561,0.0251905982724,0.148351648352,0.0482378489857,0.0328105737162,10,0.001287001287,-0.373614109582,-0.0540540540541,-0.027027027027,0.027027027027,127,1,89,1115,0.587962962963,0.999103942652,0.00089605734767,0.412037037037,0.9921875,0.587962962963,0.738372093023,0.734223606077,0.587066905615,0.585253456221,20,108,0,0,0,0
1908,WLNM_dir_neg,0.988940329218,0.889406719192,00:00:03,10,50,12,1235135436,threshold_sweep,0.9,0.95,0.175925925926,0.296875,19,1,89,215,0.175925925926,0.99537037037,0.00462962962963,0.824074074074,0.95,0.175925925926,0.296875,0.722222222222,0.646090534979,0.21511627907,0.335532765676,0.171296296296,216,108,108,0,216,0,108,0,108,37,216,0.162162162162,1.32432432432,11.6756756757,21.6,6,8.1990990496,0.702237650082,0.31006006006,10.329336629,1.76937710775,0.765265265265,3.0868314707,0.528762798222,0.252752752753,0.579945114934,0.437917739848,2,1.32432432432,0.579945114934,2,0.0121701261701,0.00597269624573,7,0.000900900900901,0.621196581197,37,37,37,1,0,0.72972972973,0.243243243243,0.027027027027,37,0.0810810810811,1.32432432432,5.83783783784,10.8,3.375,4.58568735617,0.785511260085,0.392142142142,5.27245661896,1.80630458242,0.784284284284,1.87643838722,0.642853891917,0.360860860861,0.579945114934,0.437917739848,2,1.34285714286,0.591252764842,2,0,0,0,0,0.203542610628,37,35,35,0.945945945946,0,0.675675675676,0.189189189189,0.0810810810811,37,128,0.0960960960961,1.32937332937,6.91891891892,12.8,3.87878787879,5.56466220587,0.804267584443,0.381545608108,6.48328875132,1.87407565468,0.792652027027,2.07624921693,0.600165789269,0.334459459459,0.593478585639,0.446434852066,2.14835164835,1.34819466248,0.605135713207,2.14835164835,0.0604079751559,0.038783269962,17,0.0021879021879,0.247582471615,37,35,35,0.945945945946,0,0.675675675676,0.216216216216,0.0540540540541,-88,-0.0660660660661,0.005049005049,-4.75675675676,-8.8,-2.12121212121,-2.63443684373,0.102029934361,0.071485548048,-3.84604787768,0.104698546934,0.0273867617618,-1.01058225377,0.071402991047,0.0817067067067,0.0135334707049,0.00851711221757,0.148351648352,0.0238703381561,0.0251905982724,0.148351648352,0.0482378489857,0.0328105737162,10,0.001287001287,-0.373614109582,-0.0540540540541,-0.027027027027,0.027027027027,127,1,89,1115,0.587962962963,0.999103942652,0.00089605734767,0.412037037037,0.9921875,0.587962962963,0.738372093023,0.734223606077,0.587066905615,0.585253456221,20,108,0,0,0,0
1909,WLNM_dir_neg,0.991426611797,0.923734611235,00:00:04,10,50,13,1235135437,threshold_sweep,0.1,0.875,0.0648148148148,0.120689655172,7,1,101,215,0.0648148148148,0.99537037037,0.00462962962963,0.935185185185,0.875,0.0648148148148,0.120689655172,0.685185185185,0.658436213992,0.078313253012,0.1828267839,0.0601851851852,216,108,108,0,216,0,108,0,108,37,216,0.162162162162,1.32432432432,11.6756756757,21.6,6,8.1990990496,0.702237650082,0.31006006006,10.329336629,1.76937710775,0.765265265265,3.0868314707,0.528762798222,0.252752752753,0.579945114934,0.437917739848,2,1.32432432432,0.579945114934,2,0.0121701261701,0.00597269624573,7,0.000900900900901,0.621196581197,37,37,37,1,0,0.72972972973,0.243243243243,0.027027027027,37,0.0810810810811,1.33108108108,5.83783783784,10.8,3.48387096774,4.34302450625,0.743944012644,0.366366366366,5.32488068921,1.82426468056,0.785785785786,1.89118390871,0.647905598356,0.36036036036,0.601081357887,0.451573812016,2.25,1.35,0.61297250682,2.25,0.00983778126635,0.00348027842227,1,0.0001287001287,0.19680965014,37,35,35,0.945945945946,0,0.675675675676,0.162162162162,0.108108108108,37,116,0.0870870870871,1.40842751843,6.27027027027,10.5454545455,3.31428571429,4.65264947607,0.742017373338,0.371155638397,5.43733064698,1.73432098223,0.767474370923,1.65264370971,0.527136355682,0.2935694315,0.686056344639,0.487108023425,2.18181818182,1.41977272727,0.692259083526,2.18181818182,0.0151307189542,0.0122075279756,4,0.000514800514801,0.171632137994,37,36,36,0.972972972973,0,0.675675675676,0.27027027027,0.027027027027,-100,-0.0750750750751,0.0841031941032,-5.40540540541,-11.0545454545,-2.68571428571,-3.54644957354,0.0397797232564,0.061095578337,-4.89200598202,-0.0350561255196,0.00220910565738,-1.434187761,-0.00162644254032,0.0408166787477,0.106111229704,0.0491902835765,0.181818181818,0.0954484029484,0.112313968592,0.181818181818,0.00296059278412,0.00623483172985,-3,-0.0003861003861,-0.449564443203,-0.0540540540541,0.027027027027,0,115,1,101,1115,0.532407407407,0.999103942652,0.00089605734767,0.467592592593,0.991379310345,0.532407407407,0.692771084337,0.694825476318,0.53151135006,0.529953917051,8,108,0,0,0,0
1910,WLNM_dir_neg,0.991426611797,0.923734611235,00:00:04,10,50,13,1235135437,threshold_sweep,0.2,0.857142857143,0.0555555555556,0.104347826087,6,1,102,215,0.0555555555556,0.99537037037,0.00462962962963,0.944444444444,0.857142857143,0.0555555555556,0.104347826087,0.682098765432,0.659465020576,0.0664652567976,0.16511975525,0.0509259259259,216,108,108,0,216,0,108,0,108,37,216,0.162162162162,1.32432432432,11.6756756757,21.6,6,8.1990990496,0.702237650082,0.31006006006,10.329336629,1.76937710775,0.765265265265,3.0868314707,0.528762798222,0.252752752753,0.579945114934,0.437917739848,2,1.32432432432,0.579945114934,2,0.0121701261701,0.00597269624573,7,0.000900900900901,0.621196581197,37,37,37,1,0,0.72972972973,0.243243243243,0.027027027027,37,0.0810810810811,1.33108108108,5.83783783784,10.8,3.48387096774,4.34302450625,0.743944012644,0.366366366366,5.32488068921,1.82426468056,0.785785785786,1.89118390871,0.647905598356,0.36036036036,0.601081357887,0.451573812016,2.25,1.35,0.61297250682,2.25,0.00983778126635,0.00348027842227,1,0.0001287001287,0.19680965014,37,35,35,0.945945945946,0,0.675675675676,0.162162162162,0.108108108108,37,115,0.0863363363363,1.4077968878,6.21621621622,10.4545454545,3.28571428571,4.60154041318,0.740247805599,0.370857814336,5.43539727559,1.74877999302,0.769917743831,1.679678934,0.540418439635,0.300822561692,0.684482279883,0.486208121225,2.18181818182,1.41912457912,0.690665476067,2.18181818182,0.0171428571429,0.00934579439252,3,0.0003861003861,0.171329107691,37,36,36,0.972972972973,0,0.675675675676,0.27027027027,0.027027027027,-101,-0.0758258258258,0.0834725634726,-5.45945945946,-11.1454545455,-2.71428571429,-3.59755863642,0.0380101555174,0.060797754276,-4.8939393534,-0.0205971147279,0.00465247856552,-1.4071525367,0.0116556414121,0.0480698089394,0.104537164948,0.048290381377,0.181818181818,0.0948002548003,0.110720361133,0.181818181818,0.00497273097273,0.00337309814679,-4,-0.000514800514801,-0.449867473506,-0.0540540540541,0.027027027027,0,114,1,102,1115,0.527777777778,0.999103942652,0.00089605734767,0.472222222222,0.991304347826,0.527777777778,0.688821752266,0.691477248276,0.52688172043,0.52534562212,7,108,0,0,0,0
1911,WLNM_dir_neg,0.991426611797,0.923734611235,00:00:04,10,50,13,1235135437,threshold_sweep,0.3,0.857142857143,0.0555555555556,0.104347826087,6,1,102,215,0.0555555555556,0.99537037037,0.00462962962963,0.944444444444,0.857142857143,0.0555555555556,0.104347826087,0.682098765432,0.659465020576,0.0664652567976,0.16511975525,0.0509259259259,216,108,108,0,216,0,108,0,108,37,216,0.162162162162,1.32432432432,11.6756756757,21.6,6,8.1990990496,0.702237650082,0.31006006006,10.329336629,1.76937710775,0.765265265265,3.0868314707,0.528762798222,0.252752752753,0.579945114934,0.437917739848,2,1.32432432432,0.579945114934,2,0.0121701261701,0.00597269624573,7,0.000900900900901,0.621196581197,37,37,37,1,0,0.72972972973,0.243243243243,0.027027027027,37,0.0810810810811,1.33108108108,5.83783783784,10.8,3.48387096774,4.34302450625,0.743944012644,0.366366366366,5.32488068921,1.82426468056,0.785785785786,1.89118390871,0.647905598356,0.36036036036,0.601081357887,0.451573812016,2.25,1.35,0.61297250682,2.25,0.00983778126635,0.00348027842227,1,0.0001287001287,0.19680965014,37,35,35,0.945945945946,0,0.675675675676,0.162162162162,0.108108108108,37,115,0.0863363363363,1.4077968878,6.21621621622,10.4545454545,3.28571428571,4.60154041318,0.740247805599,0.370857814336,5.43539727559,1.74877999302,0.769917743831,1.679678934,0.540418439635,0.300822561692,0.684482279883,0.486208121225,2.18181818182,1.41912457912,0.690665476067,2.18181818182,0.0171428571429,0.00934579439252,3,0.0003861003861,0.171329107691,37,36,36,0.972972972973,0,0.675675675676,0.27027027027,0.027027027027,-101,-0.0758258258258,0.0834725634726,-5.45945945946,-11.1454545455,-2.71428571429,-3.59755863642,0.0380101555174,0.060797754276,-4.8939393534,-0.0205971147279,0.00465247856552,-1.4071525367,0.0116556414121,0.0480698089394,0.104537164948,0.048290381377,0.181818181818,0.0948002548003,0.110720361133,0.181818181818,0.00497273097273,0.00337309814679,-4,-0.000514800514801,-0.449867473506,-0.0540540540541,0.027027027027,0,114,1,102,1115,0.527777777778,0.999103942652,0.00089605734767,0.472222222222,0.991304347826,0.527777777778,0.688821752266,0.691477248276,0.52688172043,0.52534562212,7,108,0,0,0,0
1912,WLNM_dir_neg,0.991426611797,0.923734611235,00:00:04,10,50,13,1235135437,threshold_sweep,0.4,0.857142857143,0.0555555555556,0.104347826087,6,1,102,215,0.0555555555556,0.99537037037,0.00462962962963,0.944444444444,0.857142857143,0.0555555555556,0.104347826087,0.682098765432,0.659465020576,0.0664652567976,0.16511975525,0.0509259259259,216,108,108,0,216,0,108,0,108,37,216,0.162162162162,1.32432432432,11.6756756757,21.6,6,8.1990990496,0.702237650082,0.31006006006,10.329336629,1.76937710775,0.765265265265,3.0868314707,0.528762798222,0.252752752753,0.579945114934,0.437917739848,2,1.32432432432,0.579945114934,2,0.0121701261701,0.00597269624573,7,0.000900900900901,0.621196581197,37,37,37,1,0,0.72972972973,0.243243243243,0.027027027027,37,0.0810810810811,1.33108108108,5.83783783784,10.8,3.48387096774,4.34302450625,0.743944012644,0.366366366366,5.32488068921,1.82426468056,0.785785785786,1.89118390871,0.647905598356,0.36036036036,0.601081357887,0.451573812016,2.25,1.35,0.61297250682,2.25,0.00983778126635,0.00348027842227,1,0.0001287001287,0.19680965014,37,35,35,0.945945945946,0,0.675675675676,0.162162162162,0.108108108108,37,115,0.0863363363363,1.4077968878,6.21621621622,10.4545454545,3.28571428571,4.60154041318,0.740247805599,0.370857814336,5.43539727559,1.74877999302,0.769917743831,1.679678934,0.540418439635,0.300822561692,0.684482279883,0.486208121225,2.18181818182,1.41912457912,0.690665476067,2.18181818182,0.0171428571429,0.00934579439252,3,0.0003861003861,0.171329107691,37,36,36,0.972972972973,0,0.675675675676,0.27027027027,0.027027027027,-101,-0.0758258258258,0.0834725634726,-5.45945945946,-11.1454545455,-2.71428571429,-3.59755863642,0.0380101555174,0.060797754276,-4.8939393534,-0.0205971147279,0.00465247856552,-1.4071525367,0.0116556414121,0.0480698089394,0.104537164948,0.048290381377,0.181818181818,0.0948002548003,0.110720361133,0.181818181818,0.00497273097273,0.00337309814679,-4,-0.000514800514801,-0.449867473506,-0.0540540540541,0.027027027027,0,114,1,102,1115,0.527777777778,0.999103942652,0.00089605734767,0.472222222222,0.991304347826,0.527777777778,0.688821752266,0.691477248276,0.52688172043,0.52534562212,7,108,0,0,0,0
1913,WLNM_dir_neg,0.991426611797,0.923734611235,00:00:04,10,50,13,1235135437,threshold_sweep,0.5,0.857142857143,0.0555555555556,0.104347826087,6,1,102,215,0.0555555555556,0.99537037037,0.00462962962963,0.944444444444,0.857142857143,0.0555555555556,0.104347826087,0.682098765432,0.659465020576,0.0664652567976,0.16511975525,0.0509259259259,216,108,108,0,216,0,108,0,108,37,216,0.162162162162,1.32432432432,11.6756756757,21.6,6,8.1990990496,0.702237650082,0.31006006006,10.329336629,1.76937710775,0.765265265265,3.0868314707,0.528762798222,0.252752752753,0.579945114934,0.437917739848,2,1.32432432432,0.579945114934,2,0.0121701261701,0.00597269624573,7,0.000900900900901,0.621196581197,37,37,37,1,0,0.72972972973,0.243243243243,0.027027027027,37,0.0810810810811,1.33108108108,5.83783783784,10.8,3.48387096774,4.34302450625,0.743944012644,0.366366366366,5.32488068921,1.82426468056,0.785785785786,1.89118390871,0.647905598356,0.36036036036,0.601081357887,0.451573812016,2.25,1.35,0.61297250682,2.25,0.00983778126635,0.00348027842227,1,0.0001287001287,0.19680965014,37,35,35,0.945945945946,0,0.675675675676,0.162162162162,0.108108108108,37,115,0.0863363363363,1.4077968878,6.21621621622,10.4545454545,3.28571428571,4.60154041318,0.740247805599,0.370857814336,5.43539727559,1.74877999302,0.769917743831,1.679678934,0.540418439635,0.300822561692,0.684482279883,0.486208121225,2.18181818182,1.41912457912,0.690665476067,2.18181818182,0.0171428571429,0.00934579439252,3,0.0003861003861,0.171329107691,37,36,36,0.972972972973,0,0.675675675676,0.27027027027,0.027027027027,-101,-0.0758258258258,0.0834725634726,-5.45945945946,-11.1454545455,-2.71428571429,-3.59755863642,0.0380101555174,0.060797754276,-4.8939393534,-0.0205971147279,0.00465247856552,-1.4071525367,0.0116556414121,0.0480698089394,0.104537164948,0.048290381377,0.181818181818,0.0948002548003,0.110720361133,0.181818181818,0.00497273097273,0.00337309814679,-4,-0.000514800514801,-0.449867473506,-0.0540540540541,0.027027027027,0,114,1,102,1115,0.527777777778,0.999103942652,0.00089605734767,0.472222222222,0.991304347826,0.527777777778,0.688821752266,0.691477248276,0.52688172043,0.52534562212,7,108,0,0,0,0
1914,WLNM_dir_neg,0.991426611797,0.923734611235,00:00:04,10,50,13,1235135437,threshold_sweep,0.6,1,0.0555555555556,0.105263157895,6,0,102,216,0.0555555555556,1,0,0.944444444444,1,0.0555555555556,0.105263157895,0.685185185185,0.66049382716,0.0727272727273,0.194257172471,0.0555555555556,216,108,108,0,216,0,108,0,108,37,216,0.162162162162,1.32432432432,11.6756756757,21.6,6,8.1990990496,0.702237650082,0.31006006006,10.329336629,1.76937710775,0.765265265265,3.0868314707,0.528762798222,0.252752752753,0.579945114934,0.437917739848,2,1.32432432432,0.579945114934,2,0.0121701261701,0.00597269624573,7,0.000900900900901,0.621196581197,37,37,37,1,0,0.72972972973,0.243243243243,0.027027027027,37,0.0810810810811,1.33108108108,5.83783783784,10.8,3.48387096774,4.34302450625,0.743944012644,0.366366366366,5.32488068921,1.82426468056,0.785785785786,1.89118390871,0.647905598356,0.36036036036,0.601081357887,0.451573812016,2.25,1.35,0.61297250682,2.25,0.00983778126635,0.00348027842227,1,0.0001287001287,0.19680965014,37,35,35,0.945945945946,0,0.675675675676,0.162162162162,0.108108108108,37,114,0.0855855855856,1.32432432432,6.16216216216,11.4,3.25714285714,4.56139302257,0.740226060679,0.371028923661,5.4486409028,1.76841853863,0.772878141299,1.68948345785,0.548341122285,0.305832147937,0.579945114934,0.437917739848,2,1.33333333333,0.585540043769,2,0.0171428571429,0.00934579439252,3,0.0003861003861,0.199772613103,37,36,36,0.972972972973,0,0.702702702703,0.243243243243,0.027027027027,-102,-0.0765765765766,0,-5.51351351351,-10.2,-2.74285714286,-3.63770602704,0.0379884105976,0.0609688636004,-4.8806957262,-0.000958569116582,0.00761287603393,-1.39734801285,0.0195783240627,0.0530793951847,0,0,0,0.00900900900901,0.00559492883467,0,0.00497273097273,0.00337309814679,-4,-0.000514800514801,-0.421423968093,-0.027027027027,0,0,114,0,102,1116,0.527777777778,1,0,0.472222222222,1,0.527777777778,0.690909090909,0.695398906206,0.527777777778,0.527777777778,6,108,0,0,0,0
1915,WLNM_dir_neg,0.991426611797,0.923734611235,00:00:04,10,50,13,1235135437,threshold_sweep,0.7,1,0.0555555555556,0.105263157895,6,0,102,216,0.0555555555556,1,0,0.944444444444,1,0.0555555555556,0.105263157895,0.685185185185,0.66049382716,0.0727272727273,0.194257172471,0.0555555555556,216,108,108,0,216,0,108,0,108,37,216,0.162162162162,1.32432432432,11.6756756757,21.6,6,8.1990990496,0.702237650082,0.31006006006,10.329336629,1.76937710775,0.765265265265,3.0868314707,0.528762798222,0.252752752753,0.579945114934,0.437917739848,2,1.32432432432,0.579945114934,2,0.0121701261701,0.00597269624573,7,0.000900900900901,0.621196581197,37,37,37,1,0,0.72972972973,0.243243243243,0.027027027027,37,0.0810810810811,1.33108108108,5.83783783784,10.8,3.48387096774,4.34302450625,0.743944012644,0.366366366366,5.32488068921,1.82426468056,0.785785785786,1.89118390871,0.647905598356,0.36036036036,0.601081357887,0.451573812016,2.25,1.35,0.61297250682,2.25,0.00983778126635,0.00348027842227,1,0.0001287001287,0.19680965014,37,35,35,0.945945945946,0,0.675675675676,0.162162162162,0.108108108108,37,114,0.0855855855856,1.32432432432,6.16216216216,11.4,3.25714285714,4.56139302257,0.740226060679,0.371028923661,5.4486409028,1.76841853863,0.772878141299,1.68948345785,0.548341122285,0.305832147937,0.579945114934,0.437917739848,2,1.33333333333,0.585540043769,2,0.0171428571429,0.00934579439252,3,0.0003861003861,0.199772613103,37,36,36,0.972972972973,0,0.702702702703,0.243243243243,0.027027027027,-102,-0.0765765765766,0,-5.51351351351,-10.2,-2.74285714286,-3.63770602704,0.0379884105976,0.0609688636004,-4.8806957262,-0.000958569116582,0.00761287603393,-1.39734801285,0.0195783240627,0.0530793951847,0,0,0,0.00900900900901,0.00559492883467,0,0.00497273097273,0.00337309814679,-4,-0.000514800514801,-0.421423968093,-0.027027027027,0,0,114,0,102,1116,0.527777777778,1,0,0.472222222222,1,0.527777777778,0.690909090909,0.695398906206,0.527777777778,0.527777777778,6,108,0,0,0,0
1916,WLNM_dir_neg,0.991426611797,0.923734611235,00:00:04,10,50,13,1235135437,threshold_sweep,0.8,1,0.0555555555556,0.105263157895,6,0,102,216,0.0555555555556,1,0,0.944444444444,1,0.0555555555556,0.105263157895,0.685185185185,0.66049382716,0.0727272727273,0.194257172471,0.0555555555556,216,108,108,0,216,0,108,0,108,37,216,0.162162162162,1.32432432432,11.6756756757,21.6,6,8.1990990496,0.702237650082,0.31006006006,10.329336629,1.76937710775,0.765265265265,3.0868314707,0.528762798222,0.252752752753,0.579945114934,0.437917739848,2,1.32432432432,0.579945114934,2,0.0121701261701,0.00597269624573,7,0.000900900900901,0.621196581197,37,37,37,1,0,0.72972972973,0.243243243243,0.027027027027,37,0.0810810810811,1.33108108108,5.83783783784,10.8,3.48387096774,4.34302450625,0.743944012644,0.366366366366,5.32488068921,1.82426468056,0.785785785786,1.89118390871,0.647905598356,0.36036036036,0.601081357887,0.451573812016,2.25,1.35,0.61297250682,2.25,0.00983778126635,0.00348027842227,1,0.0001287001287,0.19680965014,37,35,35,0.945945945946,0,0.675675675676,0.162162162162,0.108108108108,37,114,0.0855855855856,1.32432432432,6.16216216216,11.4,3.25714285714,4.56139302257,0.740226060679,0.371028923661,5.4486409028,1.76841853863,0.772878141299,1.68948345785,0.548341122285,0.305832147937,0.579945114934,0.437917739848,2,1.33333333333,0.585540043769,2,0.0171428571429,0.00934579439252,3,0.0003861003861,0.199772613103,37,36,36,0.972972972973,0,0.702702702703,0.243243243243,0.027027027027,-102,-0.0765765765766,0,-5.51351351351,-10.2,-2.74285714286,-3.63770602704,0.0379884105976,0.0609688636004,-4.8806957262,-0.000958569116582,0.00761287603393,-1.39734801285,0.0195783240627,0.0530793951847,0,0,0,0.00900900900901,0.00559492883467,0,0.00497273097273,0.00337309814679,-4,-0.000514800514801,-0.421423968093,-0.027027027027,0,0,114,0,102,1116,0.527777777778,1,0,0.472222222222,1,0.527777777778,0.690909090909,0.695398906206,0.527777777778,0.527777777778,6,108,0,0,0,0
1917,WLNM_dir_neg,0.991426611797,0.923734611235,00:00:04,10,50,13,1235135437,threshold_sweep,0.9,1,0.0555555555556,0.105263157895,6,0,102,216,0.0555555555556,1,0,0.944444444444,1,0.0555555555556,0.105263157895,0.685185185185,0.66049382716,0.0727272727273,0.194257172471,0.0555555555556,216,108,108,0,216,0,108,0,108,37,216,0.162162162162,1.32432432432,11.6756756757,21.6,6,8.1990990496,0.702237650082,0.31006006006,10.329336629,1.76937710775,0.765265265265,3.0868314707,0.528762798222,0.252752752753,0.579945114934,0.437917739848,2,1.32432432432,0.579945114934,2,0.0121701261701,0.00597269624573,7,0.000900900900901,0.621196581197,37,37,37,1,0,0.72972972973,0.243243243243,0.027027027027,37,0.0810810810811,1.33108108108,5.83783783784,10.8,3.48387096774,4.34302450625,0.743944012644,0.366366366366,5.32488068921,1.82426468056,0.785785785786,1.89118390871,0.647905598356,0.36036036036,0.601081357887,0.451573812016,2.25,1.35,0.61297250682,2.25,0.00983778126635,0.00348027842227,1,0.0001287001287,0.19680965014,37,35,35,0.945945945946,0,0.675675675676,0.162162162162,0.108108108108,37,114,0.0855855855856,1.32432432432,6.16216216216,11.4,3.25714285714,4.56139302257,0.740226060679,0.371028923661,5.4486409028,1.76841853863,0.772878141299,1.68948345785,0.548341122285,0.305832147937,0.579945114934,0.437917739848,2,1.33333333333,0.585540043769,2,0.0171428571429,0.00934579439252,3,0.0003861003861,0.199772613103,37,36,36,0.972972972973,0,0.702702702703,0.243243243243,0.027027027027,-102,-0.0765765765766,0,-5.51351351351,-10.2,-2.74285714286,-3.63770602704,0.0379884105976,0.0609688636004,-4.8806957262,-0.000958569116582,0.00761287603393,-1.39734801285,0.0195783240627,0.0530793951847,0,0,0,0.00900900900901,0.00559492883467,0,0.00497273097273,0.00337309814679,-4,-0.000514800514801,-0.421423968093,-0.027027027027,0,0,114,0,102,1116,0.527777777778,1,0,0.472222222222,1,0.527777777778,0.690909090909,0.695398906206,0.527777777778,0.527777777778,6,108,0,0,0,0
1918,WLNM_dir_neg,0.881880144033,0.507031095266,00:00:06,10,50,14,1235135438,threshold_sweep,0.1,1,0.037037037037,0.0714285714286,4,0,104,216,0.037037037037,1,0,0.962962962963,1,0.037037037037,0.0714285714286,0.679012345679,0.662551440329,0.0487804878049,0.158113883008,0.037037037037,216,108,108,0,216,0,108,0,108,37,216,0.162162162162,1.32432432432,11.6756756757,21.6,6,8.1990990496,0.702237650082,0.31006006006,10.329336629,1.76937710775,0.765265265265,3.0868314707,0.528762798222,0.252752752753,0.579945114934,0.437917739848,2,1.32432432432,0.579945114934,2,0.0121701261701,0.00597269624573,7,0.000900900900901,0.621196581197,37,37,37,1,0,0.72972972973,0.243243243243,0.027027027027,37,0.0810810810811,1.32432432432,5.83783783784,10.8,3.27272727273,4.25253854587,0.728444102764,0.375125125125,5.24075046777,1.79544228989,0.776276276276,1.97734921294,0.677425193322,0.377877877878,0.579945114934,0.437917739848,2,1.33333333333,0.585540043769,2,0,0,0,0,0.208505228957,37,36,36,0.972972972973,0,0.702702702703,0.189189189189,0.0810810810811,37,112,0.0840840840841,1.32432432432,6.05405405405,11.2,3.2,4.50275191131,0.743758128207,0.385376447876,5.34626809864,1.76617785402,0.767857142857,1.86318852279,0.615517636994,0.343146718147,0.579945114934,0.437917739848,2,1.33333333333,0.585540043769,2,0.0215372046254,0.00644468313641,2,0.0002574002574,0.212949673401,37,36,36,0.972972972973,0,0.702702702703,0.243243243243,0.027027027027,-104,-0.0780780780781,0,-5.62162162162,-10.4,-2.8,-3.6963471383,0.041520478125,0.0753163878164,-4.98306853036,-0.00319925372888,0.00259187759188,-1.22364294791,0.086754838772,0.090393965394,0,0,0,0.00900900900901,0.00559492883467,0,0.00936707845531,0.000471986890679,-5,-0.000643500643501,-0.408246907795,-0.027027027027,0,0,112,0,104,1116,0.518518518519,1,0,0.481481481481,1,0.518518518519,0.682926829268,0.688706715439,0.518518518519,0.518518518519,4,108,0,0,0,0
1919,WLNM_dir_neg,0.881880144033,0.507031095266,00:00:06,10,50,14,1235135438,threshold_sweep,0.2,1,0.037037037037,0.0714285714286,4,0,104,216,0.037037037037,1,0,0.962962962963,1,0.037037037037,0.0714285714286,0.679012345679,0.662551440329,0.0487804878049,0.158113883008,0.037037037037,216,108,108,0,216,0,108,0,108,37,216,0.162162162162,1.32432432432,11.6756756757,21.6,6,8.1990990496,0.702237650082,0.31006006006,10.329336629,1.76937710775,0.765265265265,3.0868314707,0.528762798222,0.252752752753,0.579945114934,0.437917739848,2,1.32432432432,0.579945114934,2,0.0121701261701,0.00597269624573,7,0.000900900900901,0.621196581197,37,37,37,1,0,0.72972972973,0.243243243243,0.027027027027,37,0.0810810810811,1.32432432432,5.83783783784,10.8,3.27272727273,4.25253854587,0.728444102764,0.375125125125,5.24075046777,1.79544228989,0.776276276276,1.97734921294,0.677425193322,0.377877877878,0.579945114934,0.437917739848,2,1.33333333333,0.585540043769,2,0,0,0,0,0.208505228957,37,36,36,0.972972972973,0,0.702702702703,0.189189189189,0.0810810810811,37,112,0.0840840840841,1.32432432432,6.05405405405,11.2,3.2,4.50275191131,0.743758128207,0.385376447876,5.34626809864,1.76617785402,0.767857142857,1.86318852279,0.615517636994,0.343146718147,0.579945114934,0.437917739848,2,1.33333333333,0.585540043769,2,0.0215372046254,0.00644468313641,2,0.0002574002574,0.212949673401,37,36,36,0.972972972973,0,0.702702702703,0.243243243243,0.027027027027,-104,-0.0780780780781,0,-5.62162162162,-10.4,-2.8,-3.6963471383,0.041520478125,0.0753163878164,-4.98306853036,-0.00319925372888,0.00259187759188,-1.22364294791,0.086754838772,0.090393965394,0,0,0,0.00900900900901,0.00559492883467,0,0.00936707845531,0.000471986890679,-5,-0.000643500643501,-0.408246907795,-0.027027027027,0,0,112,0,104,1116,0.518518518519,1,0,0.481481481481,1,0.518518518519,0.682926829268,0.688706715439,0.518518518519,0.518518518519,4,108,0,0,0,0
1920,WLNM_dir_neg,0.881880144033,0.507031095266,00:00:06,10,50,14,1235135438,threshold_sweep,0.3,1,0.037037037037,0.0714285714286,4,0,104,216,0.037037037037,1,0,0.962962962963,1,0.037037037037,0.0714285714286,0.679012345679,0.662551440329,0.0487804878049,0.158113883008,0.037037037037,216,108,108,0,216,0,108,0,108,37,216,0.162162162162,1.32432432432,11.6756756757,21.6,6,8.1990990496,0.702237650082,0.31006006006,10.329336629,1.76937710775,0.765265265265,3.0868314707,0.528762798222,0.252752752753,0.579945114934,0.437917739848,2,1.32432432432,0.579945114934,2,0.0121701261701,0.00597269624573,7,0.000900900900901,0.621196581197,37,37,37,1,0,0.72972972973,0.243243243243,0.027027027027,37,0.0810810810811,1.32432432432,5.83783783784,10.8,3.27272727273,4.25253854587,0.728444102764,0.375125125125,5.24075046777,1.79544228989,0.776276276276,1.97734921294,0.677425193322,0.377877877878,0.579945114934,0.437917739848,2,1.33333333333,0.585540043769,2,0,0,0,0,0.208505228957,37,36,36,0.972972972973,0,0.702702702703,0.189189189189,0.0810810810811,37,112,0.0840840840841,1.32432432432,6.05405405405,11.2,3.2,4.50275191131,0.743758128207,0.385376447876,5.34626809864,1.76617785402,0.767857142857,1.86318852279,0.615517636994,0.343146718147,0.579945114934,0.437917739848,2,1.33333333333,0.585540043769,2,0.0215372046254,0.00644468313641,2,0.0002574002574,0.212949673401,37,36,36,0.972972972973,0,0.702702702703,0.243243243243,0.027027027027,-104,-0.0780780780781,0,-5.62162162162,-10.4,-2.8,-3.6963471383,0.041520478125,0.0753163878164,-4.98306853036,-0.00319925372888,0.00259187759188,-1.22364294791,0.086754838772,0.090393965394,0,0,0,0.00900900900901,0.00559492883467,0,0.00936707845531,0.000471986890679,-5,-0.000643500643501,-0.408246907795,-0.027027027027,0,0,112,0,104,1116,0.518518518519,1,0,0.481481481481,1,0.518518518519,0.682926829268,0.688706715439,0.518518518519,0.518518518519,4,108,0,0,0,0
1921,WLNM_dir_neg,0.881880144033,0.507031095266,00:00:06,10,50,14,1235135438,threshold_sweep,0.4,1,0.037037037037,0.0714285714286,4,0,104,216,0.037037037037,1,0,0.962962962963,1,0.037037037037,0.0714285714286,0.679012345679,0.662551440329,0.0487804878049,0.158113883008,0.037037037037,216,108,108,0,216,0,108,0,108,37,216,0.162162162162,1.32432432432,11.6756756757,21.6,6,8.1990990496,0.702237650082,0.31006006006,10.329336629,1.76937710775,0.765265265265,3.0868314707,0.528762798222,0.252752752753,0.579945114934,0.437917739848,2,1.32432432432,0.579945114934,2,0.0121701261701,0.00597269624573,7,0.000900900900901,0.621196581197,37,37,37,1,0,0.72972972973,0.243243243243,0.027027027027,37,0.0810810810811,1.32432432432,5.83783783784,10.8,3.27272727273,4.25253854587,0.728444102764,0.375125125125,5.24075046777,1.79544228989,0.776276276276,1.97734921294,0.677425193322,0.377877877878,0.579945114934,0.437917739848,2,1.33333333333,0.585540043769,2,0,0,0,0,0.208505228957,37,36,36,0.972972972973,0,0.702702702703,0.189189189189,0.0810810810811,37,112,0.0840840840841,1.32432432432,6.05405405405,11.2,3.2,4.50275191131,0.743758128207,0.385376447876,5.34626809864,1.76617785402,0.767857142857,1.86318852279,0.615517636994,0.343146718147,0.579945114934,0.437917739848,2,1.33333333333,0.585540043769,2,0.0215372046254,0.00644468313641,2,0.0002574002574,0.212949673401,37,36,36,0.972972972973,0,0.702702702703,0.243243243243,0.027027027027,-104,-0.0780780780781,0,-5.62162162162,-10.4,-2.8,-3.6963471383,0.041520478125,0.0753163878164,-4.98306853036,-0.00319925372888,0.00259187759188,-1.22364294791,0.086754838772,0.090393965394,0,0,0,0.00900900900901,0.00559492883467,0,0.00936707845531,0.000471986890679,-5,-0.000643500643501,-0.408246907795,-0.027027027027,0,0,112,0,104,1116,0.518518518519,1,0,0.481481481481,1,0.518518518519,0.682926829268,0.688706715439,0.518518518519,0.518518518519,4,108,0,0,0,0
1922,WLNM_dir_neg,0.881880144033,0.507031095266,00:00:06,10,50,14,1235135438,threshold_sweep,0.5,1,0.037037037037,0.0714285714286,4,0,104,216,0.037037037037,1,0,0.962962962963,1,0.037037037037,0.0714285714286,0.679012345679,0.662551440329,0.0487804878049,0.158113883008,0.037037037037,216,108,108,0,216,0,108,0,108,37,216,0.162162162162,1.32432432432,11.6756756757,21.6,6,8.1990990496,0.702237650082,0.31006006006,10.329336629,1.76937710775,0.765265265265,3.0868314707,0.528762798222,0.252752752753,0.579945114934,0.437917739848,2,1.32432432432,0.579945114934,2,0.0121701261701,0.00597269624573,7,0.000900900900901,0.621196581197,37,37,37,1,0,0.72972972973,0.243243243243,0.027027027027,37,0.0810810810811,1.32432432432,5.83783783784,10.8,3.27272727273,4.25253854587,0.728444102764,0.375125125125,5.24075046777,1.79544228989,0.776276276276,1.97734921294,0.677425193322,0.377877877878,0.579945114934,0.437917739848,2,1.33333333333,0.585540043769,2,0,0,0,0,0.208505228957,37,36,36,0.972972972973,0,0.702702702703,0.189189189189,0.0810810810811,37,112,0.0840840840841,1.32432432432,6.05405405405,11.2,3.2,4.50275191131,0.743758128207,0.385376447876,5.34626809864,1.76617785402,0.767857142857,1.86318852279,0.615517636994,0.343146718147,0.579945114934,0.437917739848,2,1.33333333333,0.585540043769,2,0.0215372046254,0.00644468313641,2,0.0002574002574,0.212949673401,37,36,36,0.972972972973,0,0.702702702703,0.243243243243,0.027027027027,-104,-0.0780780780781,0,-5.62162162162,-10.4,-2.8,-3.6963471383,0.041520478125,0.0753163878164,-4.98306853036,-0.00319925372888,0.00259187759188,-1.22364294791,0.086754838772,0.090393965394,0,0,0,0.00900900900901,0.00559492883467,0,0.00936707845531,0.000471986890679,-5,-0.000643500643501,-0.408246907795,-0.027027027027,0,0,112,0,104,1116,0.518518518519,1,0,0.481481481481,1,0.518518518519,0.682926829268,0.688706715439,0.518518518519,0.518518518519,4,108,0,0,0,0
1923,WLNM_dir_neg,0.881880144033,0.507031095266,00:00:06,10,50,14,1235135438,threshold_sweep,0.6,1,0.037037037037,0.0714285714286,4,0,104,216,0.037037037037,1,0,0.962962962963,1,0.037037037037,0.0714285714286,0.679012345679,0.662551440329,0.0487804878049,0.158113883008,0.037037037037,216,108,108,0,216,0,108,0,108,37,216,0.162162162162,1.32432432432,11.6756756757,21.6,6,8.1990990496,0.702237650082,0.31006006006,10.329336629,1.76937710775,0.765265265265,3.0868314707,0.528762798222,0.252752752753,0.579945114934,0.437917739848,2,1.32432432432,0.579945114934,2,0.0121701261701,0.00597269624573,7,0.000900900900901,0.621196581197,37,37,37,1,0,0.72972972973,0.243243243243,0.027027027027,37,0.0810810810811,1.32432432432,5.83783783784,10.8,3.27272727273,4.25253854587,0.728444102764,0.375125125125,5.24075046777,1.79544228989,0.776276276276,1.97734921294,0.677425193322,0.377877877878,0.579945114934,0.437917739848,2,1.33333333333,0.585540043769,2,0,0,0,0,0.208505228957,37,36,36,0.972972972973,0,0.702702702703,0.189189189189,0.0810810810811,37,112,0.0840840840841,1.32432432432,6.05405405405,11.2,3.2,4.50275191131,0.743758128207,0.385376447876,5.34626809864,1.76617785402,0.767857142857,1.86318852279,0.615517636994,0.343146718147,0.579945114934,0.437917739848,2,1.33333333333,0.585540043769,2,0.0215372046254,0.00644468313641,2,0.0002574002574,0.212949673401,37,36,36,0.972972972973,0,0.702702702703,0.243243243243,0.027027027027,-104,-0.0780780780781,0,-5.62162162162,-10.4,-2.8,-3.6963471383,0.041520478125,0.0753163878164,-4.98306853036,-0.00319925372888,0.00259187759188,-1.22364294791,0.086754838772,0.090393965394,0,0,0,0.00900900900901,0.00559492883467,0,0.00936707845531,0.000471986890679,-5,-0.000643500643501,-0.408246907795,-0.027027027027,0,0,112,0,104,1116,0.518518518519,1,0,0.481481481481,1,0.518518518519,0.682926829268,0.688706715439,0.518518518519,0.518518518519,4,108,0,0,0,0
1924,WLNM_dir_neg,0.881880144033,0.507031095266,00:00:06,10,50,14,1235135438,threshold_sweep,0.7,1,0.0185185185185,0.0363636363636,2,0,106,216,0.0185185185185,1,0,0.981481481481,1,0.0185185185185,0.0363636363636,0.672839506173,0.664609053498,0.0245398773006,0.111455642515,0.0185185185185,216,108,108,0,216,0,108,0,108,37,216,0.162162162162,1.32432432432,11.6756756757,21.6,6,8.1990990496,0.702237650082,0.31006006006,10.329336629,1.76937710775,0.765265265265,3.0868314707,0.528762798222,0.252752752753,0.579945114934,0.437917739848,2,1.32432432432,0.579945114934,2,0.0121701261701,0.00597269624573,7,0.000900900900901,0.621196581197,37,37,37,1,0,0.72972972973,0.243243243243,0.027027027027,37,0.0810810810811,1.32432432432,5.83783783784,10.8,3.27272727273,4.25253854587,0.728444102764,0.375125125125,5.24075046777,1.79544228989,0.776276276276,1.97734921294,0.677425193322,0.377877877878,0.579945114934,0.437917739848,2,1.33333333333,0.585540043769,2,0,0,0,0,0.208505228957,37,36,36,0.972972972973,0,0.702702702703,0.189189189189,0.0810810810811,37,110,0.0825825825826,1.32432432432,5.94594594595,11,3.14285714286,4.36492297212,0.734100681675,0.380098280098,5.28355144916,1.77719457835,0.77199017199,1.90739040003,0.64157677092,0.355773955774,0.579945114934,0.437917739848,2,1.33333333333,0.585540043769,2,0,0,0,0,0.208505228957,37,36,36,0.972972972973,0,0.702702702703,0.243243243243,0.027027027027,-106,-0.0795795795796,0,-5.72972972973,-10.6,-2.85714285714,-3.83417607748,0.0318630315931,0.0700382200382,-5.04578517984,0.00781747060834,0.00672490672491,-1.17944107067,0.112813972698,0.103021203021,0,0,0,0.00900900900901,0.00559492883467,0,-0.0121701261701,-0.00597269624573,-7,-0.000900900900901,-0.41269135224,-0.027027027027,0,0,110,0,106,1116,0.509259259259,1,0,0.490740740741,1,0.509259259259,0.674846625767,0.681971085039,0.509259259259,0.509259259259,2,108,0,0,0,0
1925,WLNM_dir_neg,0.881880144033,0.507031095266,00:00:06,10,50,14,1235135438,threshold_sweep,0.8,1,0.0185185185185,0.0363636363636,2,0,106,216,0.0185185185185,1,0,0.981481481481,1,0.0185185185185,0.0363636363636,0.672839506173,0.664609053498,0.0245398773006,0.111455642515,0.0185185185185,216,108,108,0,216,0,108,0,108,37,216,0.162162162162,1.32432432432,11.6756756757,21.6,6,8.1990990496,0.702237650082,0.31006006006,10.329336629,1.76937710775,0.765265265265,3.0868314707,0.528762798222,0.252752752753,0.579945114934,0.437917739848,2,1.32432432432,0.579945114934,2,0.0121701261701,0.00597269624573,7,0.000900900900901,0.621196581197,37,37,37,1,0,0.72972972973,0.243243243243,0.027027027027,37,0.0810810810811,1.32432432432,5.83783783784,10.8,3.27272727273,4.25253854587,0.728444102764,0.375125125125,5.24075046777,1.79544228989,0.776276276276,1.97734921294,0.677425193322,0.377877877878,0.579945114934,0.437917739848,2,1.33333333333,0.585540043769,2,0,0,0,0,0.208505228957,37,36,36,0.972972972973,0,0.702702702703,0.189189189189,0.0810810810811,37,110,0.0825825825826,1.32432432432,5.94594594595,11,3.14285714286,4.36492297212,0.734100681675,0.380098280098,5.28355144916,1.77719457835,0.77199017199,1.90739040003,0.64157677092,0.355773955774,0.579945114934,0.437917739848,2,1.33333333333,0.585540043769,2,0,0,0,0,0.208505228957,37,36,36,0.972972972973,0,0.702702702703,0.243243243243,0.027027027027,-106,-0.0795795795796,0,-5.72972972973,-10.6,-2.85714285714,-3.83417607748,0.0318630315931,0.0700382200382,-5.04578517984,0.00781747060834,0.00672490672491,-1.17944107067,0.112813972698,0.103021203021,0,0,0,0.00900900900901,0.00559492883467,0,-0.0121701261701,-0.00597269624573,-7,-0.000900900900901,-0.41269135224,-0.027027027027,0,0,110,0,106,1116,0.509259259259,1,0,0.490740740741,1,0.509259259259,0.674846625767,0.681971085039,0.509259259259,0.509259259259,2,108,0,0,0,0
1926,WLNM_dir_neg,0.881880144033,0.507031095266,00:00:06,10,50,14,1235135438,threshold_sweep,0.9,1,0.0185185185185,0.0363636363636,2,0,106,216,0.0185185185185,1,0,0.981481481481,1,0.0185185185185,0.0363636363636,0.672839506173,0.664609053498,0.0245398773006,0.111455642515,0.0185185185185,216,108,108,0,216,0,108,0,108,37,216,0.162162162162,1.32432432432,11.6756756757,21.6,6,8.1990990496,0.702237650082,0.31006006006,10.329336629,1.76937710775,0.765265265265,3.0868314707,0.528762798222,0.252752752753,0.579945114934,0.437917739848,2,1.32432432432,0.579945114934,2,0.0121701261701,0.00597269624573,7,0.000900900900901,0.621196581197,37,37,37,1,0,0.72972972973,0.243243243243,0.027027027027,37,0.0810810810811,1.32432432432,5.83783783784,10.8,3.27272727273,4.25253854587,0.728444102764,0.375125125125,5.24075046777,1.79544228989,0.776276276276,1.97734921294,0.677425193322,0.377877877878,0.579945114934,0.437917739848,2,1.33333333333,0.585540043769,2,0,0,0,0,0.208505228957,37,36,36,0.972972972973,0,0.702702702703,0.189189189189,0.0810810810811,37,110,0.0825825825826,1.32432432432,5.94594594595,11,3.14285714286,4.36492297212,0.734100681675,0.380098280098,5.28355144916,1.77719457835,0.77199017199,1.90739040003,0.64157677092,0.355773955774,0.579945114934,0.437917739848,2,1.33333333333,0.585540043769,2,0,0,0,0,0.208505228957,37,36,36,0.972972972973,0,0.702702702703,0.243243243243,0.027027027027,-106,-0.0795795795796,0,-5.72972972973,-10.6,-2.85714285714,-3.83417607748,0.0318630315931,0.0700382200382,-5.04578517984,0.00781747060834,0.00672490672491,-1.17944107067,0.112813972698,0.103021203021,0,0,0,0.00900900900901,0.00559492883467,0,-0.0121701261701,-0.00597269624573,-7,-0.000900900900901,-0.41269135224,-0.027027027027,0,0,110,0,106,1116,0.509259259259,1,0,0.490740740741,1,0.509259259259,0.674846625767,0.681971085039,0.509259259259,0.509259259259,2,108,0,0,0,0
1927,WLNM_dir_neg,0.962448559671,0.713726514677,00:00:04,10,50,15,1235135439,threshold_sweep,0.1,1,0.0555555555556,0.105263157895,6,0,102,216,0.0555555555556,1,0,0.944444444444,1,0.0555555555556,0.105263157895,0.685185185185,0.66049382716,0.0727272727273,0.194257172471,0.0555555555556,216,108,108,0,216,0,108,0,108,37,216,0.162162162162,1.32432432432,11.6756756757,21.6,6,8.1990990496,0.702237650082,0.31006006006,10.329336629,1.76937710775,0.765265265265,3.0868314707,0.528762798222,0.252752752753,0.579945114934,0.437917739848,2,1.32432432432,0.579945114934,2,0.0121701261701,0.00597269624573,7,0.000900900900901,0.621196581197,37,37,37,1,0,0.72972972973,0.243243243243,0.027027027027,37,0.0810810810811,1.32882882883,5.83783783784,10.8,3.27272727273,4.36217016272,0.747223592688,0.372372372372,5.22482524098,1.78998642515,0.778278278278,1.84659413784,0.632629473149,0.347347347347,0.593803505044,0.446862298711,2.16666666667,1.34761904762,0.605491520441,2.16666666667,0.00714285714286,0.00346820809249,1,0.0001287001287,0.197518210013,37,35,35,0.945945945946,0,0.675675675676,0.216216216216,0.0540540540541,37,114,0.0855855855856,1.3277027027,6.16216216216,11.4,3.35294117647,4.65184260693,0.754904282703,0.384068278805,5.30920782111,1.72316394194,0.76386913229,1.68948345785,0.548341122285,0.30061640588,0.590250176002,0.444565018057,2.125,1.34642857143,0.601839791351,2.125,0.0144845926853,0.0184049079755,6,0.000772200772201,0.20955524705,37,35,35,0.945945945946,0,0.675675675676,0.243243243243,0.027027027027,-102,-0.0765765765766,0.00337837837838,-5.51351351351,-10.2,-2.64705882353,-3.54725644268,0.0526666326215,0.0740082187451,-5.02012880789,-0.0462131658076,-0.00139613297508,-1.39734801285,0.0195783240627,0.0478636531268,0.0103050610674,0.00664727820894,0.125,0.0221042471042,0.0218946764169,0.125,0.00231446651516,0.0124322117297,-1,-0.0001287001287,-0.411641334146,-0.0540540540541,0,0,114,0,102,1116,0.527777777778,1,0,0.472222222222,1,0.527777777778,0.690909090909,0.695398906206,0.527777777778,0.527777777778,6,108,0,0,0,0
1928,WLNM_dir_neg,0.962448559671,0.713726514677,00:00:04,10,50,15,1235135439,threshold_sweep,0.2,1,0.0555555555556,0.105263157895,6,0,102,216,0.0555555555556,1,0,0.944444444444,1,0.0555555555556,0.105263157895,0.685185185185,0.66049382716,0.0727272727273,0.194257172471,0.0555555555556,216,108,108,0,216,0,108,0,108,37,216,0.162162162162,1.32432432432,11.6756756757,21.6,6,8.1990990496,0.702237650082,0.31006006006,10.329336629,1.76937710775,0.765265265265,3.0868314707,0.528762798222,0.252752752753,0.579945114934,0.437917739848,2,1.32432432432,0.579945114934,2,0.0121701261701,0.00597269624573,7,0.000900900900901,0.621196581197,37,37,37,1,0,0.72972972973,0.243243243243,0.027027027027,37,0.0810810810811,1.32882882883,5.83783783784,10.8,3.27272727273,4.36217016272,0.747223592688,0.372372372372,5.22482524098,1.78998642515,0.778278278278,1.84659413784,0.632629473149,0.347347347347,0.593803505044,0.446862298711,2.16666666667,1.34761904762,0.605491520441,2.16666666667,0.00714285714286,0.00346820809249,1,0.0001287001287,0.197518210013,37,35,35,0.945945945946,0,0.675675675676,0.216216216216,0.0540540540541,37,114,0.0855855855856,1.3277027027,6.16216216216,11.4,3.35294117647,4.65184260693,0.754904282703,0.384068278805,5.30920782111,1.72316394194,0.76386913229,1.68948345785,0.548341122285,0.30061640588,0.590250176002,0.444565018057,2.125,1.34642857143,0.601839791351,2.125,0.0144845926853,0.0184049079755,6,0.000772200772201,0.20955524705,37,35,35,0.945945945946,0,0.675675675676,0.243243243243,0.027027027027,-102,-0.0765765765766,0.00337837837838,-5.51351351351,-10.2,-2.64705882353,-3.54725644268,0.0526666326215,0.0740082187451,-5.02012880789,-0.0462131658076,-0.00139613297508,-1.39734801285,0.0195783240627,0.0478636531268,0.0103050610674,0.00664727820894,0.125,0.0221042471042,0.0218946764169,0.125,0.00231446651516,0.0124322117297,-1,-0.0001287001287,-0.411641334146,-0.0540540540541,0,0,114,0,102,1116,0.527777777778,1,0,0.472222222222,1,0.527777777778,0.690909090909,0.695398906206,0.527777777778,0.527777777778,6,108,0,0,0,0
1929,WLNM_dir_neg,0.962448559671,0.713726514677,00:00:04,10,50,15,1235135439,threshold_sweep,0.3,1,0.0555555555556,0.105263157895,6,0,102,216,0.0555555555556,1,0,0.944444444444,1,0.0555555555556,0.105263157895,0.685185185185,0.66049382716,0.0727272727273,0.194257172471,0.0555555555556,216,108,108,0,216,0,108,0,108,37,216,0.162162162162,1.32432432432,11.6756756757,21.6,6,8.1990990496,0.702237650082,0.31006006006,10.329336629,1.76937710775,0.765265265265,3.0868314707,0.528762798222,0.252752752753,0.579945114934,0.437917739848,2,1.32432432432,0.579945114934,2,0.0121701261701,0.00597269624573,7,0.000900900900901,0.621196581197,37,37,37,1,0,0.72972972973,0.243243243243,0.027027027027,37,0.0810810810811,1.32882882883,5.83783783784,10.8,3.27272727273,4.36217016272,0.747223592688,0.372372372372,5.22482524098,1.78998642515,0.778278278278,1.84659413784,0.632629473149,0.347347347347,0.593803505044,0.446862298711,2.16666666667,1.34761904762,0.605491520441,2.16666666667,0.00714285714286,0.00346820809249,1,0.0001287001287,0.197518210013,37,35,35,0.945945945946,0,0.675675675676,0.216216216216,0.0540540540541,37,114,0.0855855855856,1.3277027027,6.16216216216,11.4,3.35294117647,4.65184260693,0.754904282703,0.384068278805,5.30920782111,1.72316394194,0.76386913229,1.68948345785,0.548341122285,0.30061640588,0.590250176002,0.444565018057,2.125,1.34642857143,0.601839791351,2.125,0.0144845926853,0.0184049079755,6,0.000772200772201,0.20955524705,37,35,35,0.945945945946,0,0.675675675676,0.243243243243,0.027027027027,-102,-0.0765765765766,0.00337837837838,-5.51351351351,-10.2,-2.64705882353,-3.54725644268,0.0526666326215,0.0740082187451,-5.02012880789,-0.0462131658076,-0.00139613297508,-1.39734801285,0.0195783240627,0.0478636531268,0.0103050610674,0.00664727820894,0.125,0.0221042471042,0.0218946764169,0.125,0.00231446651516,0.0124322117297,-1,-0.0001287001287,-0.411641334146,-0.0540540540541,0,0,114,0,102,1116,0.527777777778,1,0,0.472222222222,1,0.527777777778,0.690909090909,0.695398906206,0.527777777778,0.527777777778,6,108,0,0,0,0
1930,WLNM_dir_neg,0.962448559671,0.713726514677,00:00:04,10,50,15,1235135439,threshold_sweep,0.4,1,0.0555555555556,0.105263157895,6,0,102,216,0.0555555555556,1,0,0.944444444444,1,0.0555555555556,0.105263157895,0.685185185185,0.66049382716,0.0727272727273,0.194257172471,0.0555555555556,216,108,108,0,216,0,108,0,108,37,216,0.162162162162,1.32432432432,11.6756756757,21.6,6,8.1990990496,0.702237650082,0.31006006006,10.329336629,1.76937710775,0.765265265265,3.0868314707,0.528762798222,0.252752752753,0.579945114934,0.437917739848,2,1.32432432432,0.579945114934,2,0.0121701261701,0.00597269624573,7,0.000900900900901,0.621196581197,37,37,37,1,0,0.72972972973,0.243243243243,0.027027027027,37,0.0810810810811,1.32882882883,5.83783783784,10.8,3.27272727273,4.36217016272,0.747223592688,0.372372372372,5.22482524098,1.78998642515,0.778278278278,1.84659413784,0.632629473149,0.347347347347,0.593803505044,0.446862298711,2.16666666667,1.34761904762,0.605491520441,2.16666666667,0.00714285714286,0.00346820809249,1,0.0001287001287,0.197518210013,37,35,35,0.945945945946,0,0.675675675676,0.216216216216,0.0540540540541,37,114,0.0855855855856,1.3277027027,6.16216216216,11.4,3.35294117647,4.65184260693,0.754904282703,0.384068278805,5.30920782111,1.72316394194,0.76386913229,1.68948345785,0.548341122285,0.30061640588,0.590250176002,0.444565018057,2.125,1.34642857143,0.601839791351,2.125,0.0144845926853,0.0184049079755,6,0.000772200772201,0.20955524705,37,35,35,0.945945945946,0,0.675675675676,0.243243243243,0.027027027027,-102,-0.0765765765766,0.00337837837838,-5.51351351351,-10.2,-2.64705882353,-3.54725644268,0.0526666326215,0.0740082187451,-5.02012880789,-0.0462131658076,-0.00139613297508,-1.39734801285,0.0195783240627,0.0478636531268,0.0103050610674,0.00664727820894,0.125,0.0221042471042,0.0218946764169,0.125,0.00231446651516,0.0124322117297,-1,-0.0001287001287,-0.411641334146,-0.0540540540541,0,0,114,0,102,1116,0.527777777778,1,0,0.472222222222,1,0.527777777778,0.690909090909,0.695398906206,0.527777777778,0.527777777778,6,108,0,0,0,0
1931,WLNM_dir_neg,0.962448559671,0.713726514677,00:00:04,10,50,15,1235135439,threshold_sweep,0.5,1,0.0555555555556,0.105263157895,6,0,102,216,0.0555555555556,1,0,0.944444444444,1,0.0555555555556,0.105263157895,0.685185185185,0.66049382716,0.0727272727273,0.194257172471,0.0555555555556,216,108,108,0,216,0,108,0,108,37,216,0.162162162162,1.32432432432,11.6756756757,21.6,6,8.1990990496,0.702237650082,0.31006006006,10.329336629,1.76937710775,0.765265265265,3.0868314707,0.528762798222,0.252752752753,0.579945114934,0.437917739848,2,1.32432432432,0.579945114934,2,0.0121701261701,0.00597269624573,7,0.000900900900901,0.621196581197,37,37,37,1,0,0.72972972973,0.243243243243,0.027027027027,37,0.0810810810811,1.32882882883,5.83783783784,10.8,3.27272727273,4.36217016272,0.747223592688,0.372372372372,5.22482524098,1.78998642515,0.778278278278,1.84659413784,0.632629473149,0.347347347347,0.593803505044,0.446862298711,2.16666666667,1.34761904762,0.605491520441,2.16666666667,0.00714285714286,0.00346820809249,1,0.0001287001287,0.197518210013,37,35,35,0.945945945946,0,0.675675675676,0.216216216216,0.0540540540541,37,114,0.0855855855856,1.3277027027,6.16216216216,11.4,3.35294117647,4.65184260693,0.754904282703,0.384068278805,5.30920782111,1.72316394194,0.76386913229,1.68948345785,0.548341122285,0.30061640588,0.590250176002,0.444565018057,2.125,1.34642857143,0.601839791351,2.125,0.0144845926853,0.0184049079755,6,0.000772200772201,0.20955524705,37,35,35,0.945945945946,0,0.675675675676,0.243243243243,0.027027027027,-102,-0.0765765765766,0.00337837837838,-5.51351351351,-10.2,-2.64705882353,-3.54725644268,0.0526666326215,0.0740082187451,-5.02012880789,-0.0462131658076,-0.00139613297508,-1.39734801285,0.0195783240627,0.0478636531268,0.0103050610674,0.00664727820894,0.125,0.0221042471042,0.0218946764169,0.125,0.00231446651516,0.0124322117297,-1,-0.0001287001287,-0.411641334146,-0.0540540540541,0,0,114,0,102,1116,0.527777777778,1,0,0.472222222222,1,0.527777777778,0.690909090909,0.695398906206,0.527777777778,0.527777777778,6,108,0,0,0,0
1932,WLNM_dir_neg,0.962448559671,0.713726514677,00:00:04,10,50,15,1235135439,threshold_sweep,0.6,1,0.0555555555556,0.105263157895,6,0,102,216,0.0555555555556,1,0,0.944444444444,1,0.0555555555556,0.105263157895,0.685185185185,0.66049382716,0.0727272727273,0.194257172471,0.0555555555556,216,108,108,0,216,0,108,0,108,37,216,0.162162162162,1.32432432432,11.6756756757,21.6,6,8.1990990496,0.702237650082,0.31006006006,10.329336629,1.76937710775,0.765265265265,3.0868314707,0.528762798222,0.252752752753,0.579945114934,0.437917739848,2,1.32432432432,0.579945114934,2,0.0121701261701,0.00597269624573,7,0.000900900900901,0.621196581197,37,37,37,1,0,0.72972972973,0.243243243243,0.027027027027,37,0.0810810810811,1.32882882883,5.83783783784,10.8,3.27272727273,4.36217016272,0.747223592688,0.372372372372,5.22482524098,1.78998642515,0.778278278278,1.84659413784,0.632629473149,0.347347347347,0.593803505044,0.446862298711,2.16666666667,1.34761904762,0.605491520441,2.16666666667,0.00714285714286,0.00346820809249,1,0.0001287001287,0.197518210013,37,35,35,0.945945945946,0,0.675675675676,0.216216216216,0.0540540540541,37,114,0.0855855855856,1.3277027027,6.16216216216,11.4,3.35294117647,4.65184260693,0.754904282703,0.384068278805,5.30920782111,1.72316394194,0.76386913229,1.68948345785,0.548341122285,0.30061640588,0.590250176002,0.444565018057,2.125,1.34642857143,0.601839791351,2.125,0.0144845926853,0.0184049079755,6,0.000772200772201,0.20955524705,37,35,35,0.945945945946,0,0.675675675676,0.243243243243,0.027027027027,-102,-0.0765765765766,0.00337837837838,-5.51351351351,-10.2,-2.64705882353,-3.54725644268,0.0526666326215,0.0740082187451,-5.02012880789,-0.0462131658076,-0.00139613297508,-1.39734801285,0.0195783240627,0.0478636531268,0.0103050610674,0.00664727820894,0.125,0.0221042471042,0.0218946764169,0.125,0.00231446651516,0.0124322117297,-1,-0.0001287001287,-0.411641334146,-0.0540540540541,0,0,114,0,102,1116,0.527777777778,1,0,0.472222222222,1,0.527777777778,0.690909090909,0.695398906206,0.527777777778,0.527777777778,6,108,0,0,0,0
1933,WLNM_dir_neg,0.962448559671,0.713726514677,00:00:04,10,50,15,1235135439,threshold_sweep,0.7,1,0.0555555555556,0.105263157895,6,0,102,216,0.0555555555556,1,0,0.944444444444,1,0.0555555555556,0.105263157895,0.685185185185,0.66049382716,0.0727272727273,0.194257172471,0.0555555555556,216,108,108,0,216,0,108,0,108,37,216,0.162162162162,1.32432432432,11.6756756757,21.6,6,8.1990990496,0.702237650082,0.31006006006,10.329336629,1.76937710775,0.765265265265,3.0868314707,0.528762798222,0.252752752753,0.579945114934,0.437917739848,2,1.32432432432,0.579945114934,2,0.0121701261701,0.00597269624573,7,0.000900900900901,0.621196581197,37,37,37,1,0,0.72972972973,0.243243243243,0.027027027027,37,0.0810810810811,1.32882882883,5.83783783784,10.8,3.27272727273,4.36217016272,0.747223592688,0.372372372372,5.22482524098,1.78998642515,0.778278278278,1.84659413784,0.632629473149,0.347347347347,0.593803505044,0.446862298711,2.16666666667,1.34761904762,0.605491520441,2.16666666667,0.00714285714286,0.00346820809249,1,0.0001287001287,0.197518210013,37,35,35,0.945945945946,0,0.675675675676,0.216216216216,0.0540540540541,37,114,0.0855855855856,1.3277027027,6.16216216216,11.4,3.35294117647,4.65184260693,0.754904282703,0.384068278805,5.30920782111,1.72316394194,0.76386913229,1.68948345785,0.548341122285,0.30061640588,0.590250176002,0.444565018057,2.125,1.34642857143,0.601839791351,2.125,0.0144845926853,0.0184049079755,6,0.000772200772201,0.20955524705,37,35,35,0.945945945946,0,0.675675675676,0.243243243243,0.027027027027,-102,-0.0765765765766,0.00337837837838,-5.51351351351,-10.2,-2.64705882353,-3.54725644268,0.0526666326215,0.0740082187451,-5.02012880789,-0.0462131658076,-0.00139613297508,-1.39734801285,0.0195783240627,0.0478636531268,0.0103050610674,0.00664727820894,0.125,0.0221042471042,0.0218946764169,0.125,0.00231446651516,0.0124322117297,-1,-0.0001287001287,-0.411641334146,-0.0540540540541,0,0,114,0,102,1116,0.527777777778,1,0,0.472222222222,1,0.527777777778,0.690909090909,0.695398906206,0.527777777778,0.527777777778,6,108,0,0,0,0
1934,WLNM_dir_neg,0.962448559671,0.713726514677,00:00:04,10,50,15,1235135439,threshold_sweep,0.8,1,0.0555555555556,0.105263157895,6,0,102,216,0.0555555555556,1,0,0.944444444444,1,0.0555555555556,0.105263157895,0.685185185185,0.66049382716,0.0727272727273,0.194257172471,0.0555555555556,216,108,108,0,216,0,108,0,108,37,216,0.162162162162,1.32432432432,11.6756756757,21.6,6,8.1990990496,0.702237650082,0.31006006006,10.329336629,1.76937710775,0.765265265265,3.0868314707,0.528762798222,0.252752752753,0.579945114934,0.437917739848,2,1.32432432432,0.579945114934,2,0.0121701261701,0.00597269624573,7,0.000900900900901,0.621196581197,37,37,37,1,0,0.72972972973,0.243243243243,0.027027027027,37,0.0810810810811,1.32882882883,5.83783783784,10.8,3.27272727273,4.36217016272,0.747223592688,0.372372372372,5.22482524098,1.78998642515,0.778278278278,1.84659413784,0.632629473149,0.347347347347,0.593803505044,0.446862298711,2.16666666667,1.34761904762,0.605491520441,2.16666666667,0.00714285714286,0.00346820809249,1,0.0001287001287,0.197518210013,37,35,35,0.945945945946,0,0.675675675676,0.216216216216,0.0540540540541,37,114,0.0855855855856,1.3277027027,6.16216216216,11.4,3.35294117647,4.65184260693,0.754904282703,0.384068278805,5.30920782111,1.72316394194,0.76386913229,1.68948345785,0.548341122285,0.30061640588,0.590250176002,0.444565018057,2.125,1.34642857143,0.601839791351,2.125,0.0144845926853,0.0184049079755,6,0.000772200772201,0.20955524705,37,35,35,0.945945945946,0,0.675675675676,0.243243243243,0.027027027027,-102,-0.0765765765766,0.00337837837838,-5.51351351351,-10.2,-2.64705882353,-3.54725644268,0.0526666326215,0.0740082187451,-5.02012880789,-0.0462131658076,-0.00139613297508,-1.39734801285,0.0195783240627,0.0478636531268,0.0103050610674,0.00664727820894,0.125,0.0221042471042,0.0218946764169,0.125,0.00231446651516,0.0124322117297,-1,-0.0001287001287,-0.411641334146,-0.0540540540541,0,0,114,0,102,1116,0.527777777778,1,0,0.472222222222,1,0.527777777778,0.690909090909,0.695398906206,0.527777777778,0.527777777778,6,108,0,0,0,0
1935,WLNM_dir_neg,0.962448559671,0.713726514677,00:00:04,10,50,15,1235135439,threshold_sweep,0.9,1,0.037037037037,0.0714285714286,4,0,104,216,0.037037037037,1,0,0.962962962963,1,0.037037037037,0.0714285714286,0.679012345679,0.662551440329,0.0487804878049,0.158113883008,0.037037037037,216,108,108,0,216,0,108,0,108,37,216,0.162162162162,1.32432432432,11.6756756757,21.6,6,8.1990990496,0.702237650082,0.31006006006,10.329336629,1.76937710775,0.765265265265,3.0868314707,0.528762798222,0.252752752753,0.579945114934,0.437917739848,2,1.32432432432,0.579945114934,2,0.0121701261701,0.00597269624573,7,0.000900900900901,0.621196581197,37,37,37,1,0,0.72972972973,0.243243243243,0.027027027027,37,0.0810810810811,1.32882882883,5.83783783784,10.8,3.27272727273,4.36217016272,0.747223592688,0.372372372372,5.22482524098,1.78998642515,0.778278278278,1.84659413784,0.632629473149,0.347347347347,0.593803505044,0.446862298711,2.16666666667,1.34761904762,0.605491520441,2.16666666667,0.00714285714286,0.00346820809249,1,0.0001287001287,0.197518210013,37,35,35,0.945945945946,0,0.675675675676,0.216216216216,0.0540540540541,37,112,0.0840840840841,1.32882882883,6.05405405405,11.2,3.29411764706,4.53349231306,0.748835783853,0.379343629344,5.26775561784,1.74024069518,0.76833976834,1.7398353448,0.574767033551,0.31611969112,0.593803505044,0.446862298711,2.16666666667,1.34761904762,0.605491520441,2.16666666667,0.0133848994143,0.0128205128205,4,0.000514800514801,0.204616975445,37,35,35,0.945945945946,0,0.675675675676,0.243243243243,0.027027027027,-104,-0.0780780780781,0.0045045045045,-5.62162162162,-10.4,-2.70588235294,-3.66560673655,0.0465981337714,0.0692835692836,-5.06158101116,-0.0291364125672,0.0030745030745,-1.3469961259,0.0460042353287,0.0633669383669,0.0138583901096,0.00894455886265,0.166666666667,0.0232947232947,0.0255464055065,0.166666666667,0.00121477324419,0.00684781657478,-3,-0.0003861003861,-0.416579605751,-0.0540540540541,0,0,112,0,104,1116,0.518518518519,1,0,0.481481481481,1,0.518518518519,0.682926829268,0.688706715439,0.518518518519,0.518518518519,4,108,0,0,0,0
1936,WLNM_dir_neg,0.997856652949,0.986493374108,00:00:04,10,50,16,1235135440,threshold_sweep,0.1,1,0.0740740740741,0.137931034483,8,0,100,216,0.0740740740741,1,0,0.925925925926,1,0.0740740740741,0.137931034483,0.691358024691,0.658436213992,0.0963855421687,0.225017580185,0.0740740740741,216,108,108,0,216,0,108,0,108,37,216,0.162162162162,1.32432432432,11.6756756757,21.6,6,8.1990990496,0.702237650082,0.31006006006,10.329336629,1.76937710775,0.765265265265,3.0868314707,0.528762798222,0.252752752753,0.579945114934,0.437917739848,2,1.32432432432,0.579945114934,2,0.0121701261701,0.00597269624573,7,0.000900900900901,0.621196581197,37,37,37,1,0,0.72972972973,0.243243243243,0.027027027027,37,0.0810810810811,1.32432432432,5.83783783784,10.8,3.6,4.87917065763,0.83578386265,0.393393393393,5.51451810314,1.88923305386,0.795795795796,1.949050743,0.66773034714,0.371871871872,0.579945114934,0.437917739848,2,1.34285714286,0.591252764842,2,0,0,0,0,0.213169666591,37,35,35,0.945945945946,0,0.675675675676,0.135135135135,0.135135135135,37,116,0.0870870870871,1.32432432432,6.27027027027,11.6,3.31428571429,5.05331930874,0.805917303548,0.397483690587,5.66255812902,1.80616078253,0.778191985089,1.68592477363,0.537751867451,0.298229263747,0.579945114934,0.437917739848,2,1.33333333333,0.585540043769,2,0.0145150601033,0.0196078431373,7,0.000900900900901,0.210947444368,37,36,36,0.972972972973,0,0.702702702703,0.243243243243,0.027027027027,-100,-0.0750750750751,0,-5.40540540541,-10,-2.68571428571,-3.14577974087,0.103679653466,0.0874236305271,-4.66677849998,0.0367836747879,0.0129267198233,-1.40090669707,0.00898906922879,0.0454765109938,0,0,0,0.00900900900901,0.00559492883467,0,0.00234493393317,0.0136351468915,0,0,-0.410249136828,-0.027027027027,0,0,116,0,100,1116,0.537037037037,1,0,0.462962962963,1,0.537037037037,0.698795180723,0.702049006137,0.537037037037,0.537037037037,8,108,0,0,0,0
1937,WLNM_dir_neg,0.997856652949,0.986493374108,00:00:04,10,50,16,1235135440,threshold_sweep,0.2,1,0.0740740740741,0.137931034483,8,0,100,216,0.0740740740741,1,0,0.925925925926,1,0.0740740740741,0.137931034483,0.691358024691,0.658436213992,0.0963855421687,0.225017580185,0.0740740740741,216,108,108,0,216,0,108,0,108,37,216,0.162162162162,1.32432432432,11.6756756757,21.6,6,8.1990990496,0.702237650082,0.31006006006,10.329336629,1.76937710775,0.765265265265,3.0868314707,0.528762798222,0.252752752753,0.579945114934,0.437917739848,2,1.32432432432,0.579945114934,2,0.0121701261701,0.00597269624573,7,0.000900900900901,0.621196581197,37,37,37,1,0,0.72972972973,0.243243243243,0.027027027027,37,0.0810810810811,1.32432432432,5.83783783784,10.8,3.6,4.87917065763,0.83578386265,0.393393393393,5.51451810314,1.88923305386,0.795795795796,1.949050743,0.66773034714,0.371871871872,0.579945114934,0.437917739848,2,1.34285714286,0.591252764842,2,0,0,0,0,0.213169666591,37,35,35,0.945945945946,0,0.675675675676,0.135135135135,0.135135135135,37,116,0.0870870870871,1.32432432432,6.27027027027,11.6,3.31428571429,5.05331930874,0.805917303548,0.397483690587,5.66255812902,1.80616078253,0.778191985089,1.68592477363,0.537751867451,0.298229263747,0.579945114934,0.437917739848,2,1.33333333333,0.585540043769,2,0.0145150601033,0.0196078431373,7,0.000900900900901,0.210947444368,37,36,36,0.972972972973,0,0.702702702703,0.243243243243,0.027027027027,-100,-0.0750750750751,0,-5.40540540541,-10,-2.68571428571,-3.14577974087,0.103679653466,0.0874236305271,-4.66677849998,0.0367836747879,0.0129267198233,-1.40090669707,0.00898906922879,0.0454765109938,0,0,0,0.00900900900901,0.00559492883467,0,0.00234493393317,0.0136351468915,0,0,-0.410249136828,-0.027027027027,0,0,116,0,100,1116,0.537037037037,1,0,0.462962962963,1,0.537037037037,0.698795180723,0.702049006137,0.537037037037,0.537037037037,8,108,0,0,0,0
1938,WLNM_dir_neg,0.997856652949,0.986493374108,00:00:04,10,50,16,1235135440,threshold_sweep,0.3,1,0.0740740740741,0.137931034483,8,0,100,216,0.0740740740741,1,0,0.925925925926,1,0.0740740740741,0.137931034483,0.691358024691,0.658436213992,0.0963855421687,0.225017580185,0.0740740740741,216,108,108,0,216,0,108,0,108,37,216,0.162162162162,1.32432432432,11.6756756757,21.6,6,8.1990990496,0.702237650082,0.31006006006,10.329336629,1.76937710775,0.765265265265,3.0868314707,0.528762798222,0.252752752753,0.579945114934,0.437917739848,2,1.32432432432,0.579945114934,2,0.0121701261701,0.00597269624573,7,0.000900900900901,0.621196581197,37,37,37,1,0,0.72972972973,0.243243243243,0.027027027027,37,0.0810810810811,1.32432432432,5.83783783784,10.8,3.6,4.87917065763,0.83578386265,0.393393393393,5.51451810314,1.88923305386,0.795795795796,1.949050743,0.66773034714,0.371871871872,0.579945114934,0.437917739848,2,1.34285714286,0.591252764842,2,0,0,0,0,0.213169666591,37,35,35,0.945945945946,0,0.675675675676,0.135135135135,0.135135135135,37,116,0.0870870870871,1.32432432432,6.27027027027,11.6,3.31428571429,5.05331930874,0.805917303548,0.397483690587,5.66255812902,1.80616078253,0.778191985089,1.68592477363,0.537751867451,0.298229263747,0.579945114934,0.437917739848,2,1.33333333333,0.585540043769,2,0.0145150601033,0.0196078431373,7,0.000900900900901,0.210947444368,37,36,36,0.972972972973,0,0.702702702703,0.243243243243,0.027027027027,-100,-0.0750750750751,0,-5.40540540541,-10,-2.68571428571,-3.14577974087,0.103679653466,0.0874236305271,-4.66677849998,0.0367836747879,0.0129267198233,-1.40090669707,0.00898906922879,0.0454765109938,0,0,0,0.00900900900901,0.00559492883467,0,0.00234493393317,0.0136351468915,0,0,-0.410249136828,-0.027027027027,0,0,116,0,100,1116,0.537037037037,1,0,0.462962962963,1,0.537037037037,0.698795180723,0.702049006137,0.537037037037,0.537037037037,8,108,0,0,0,0
1939,WLNM_dir_neg,0.997856652949,0.986493374108,00:00:04,10,50,16,1235135440,threshold_sweep,0.4,1,0.0740740740741,0.137931034483,8,0,100,216,0.0740740740741,1,0,0.925925925926,1,0.0740740740741,0.137931034483,0.691358024691,0.658436213992,0.0963855421687,0.225017580185,0.0740740740741,216,108,108,0,216,0,108,0,108,37,216,0.162162162162,1.32432432432,11.6756756757,21.6,6,8.1990990496,0.702237650082,0.31006006006,10.329336629,1.76937710775,0.765265265265,3.0868314707,0.528762798222,0.252752752753,0.579945114934,0.437917739848,2,1.32432432432,0.579945114934,2,0.0121701261701,0.00597269624573,7,0.000900900900901,0.621196581197,37,37,37,1,0,0.72972972973,0.243243243243,0.027027027027,37,0.0810810810811,1.32432432432,5.83783783784,10.8,3.6,4.87917065763,0.83578386265,0.393393393393,5.51451810314,1.88923305386,0.795795795796,1.949050743,0.66773034714,0.371871871872,0.579945114934,0.437917739848,2,1.34285714286,0.591252764842,2,0,0,0,0,0.213169666591,37,35,35,0.945945945946,0,0.675675675676,0.135135135135,0.135135135135,37,116,0.0870870870871,1.32432432432,6.27027027027,11.6,3.31428571429,5.05331930874,0.805917303548,0.397483690587,5.66255812902,1.80616078253,0.778191985089,1.68592477363,0.537751867451,0.298229263747,0.579945114934,0.437917739848,2,1.33333333333,0.585540043769,2,0.0145150601033,0.0196078431373,7,0.000900900900901,0.210947444368,37,36,36,0.972972972973,0,0.702702702703,0.243243243243,0.027027027027,-100,-0.0750750750751,0,-5.40540540541,-10,-2.68571428571,-3.14577974087,0.103679653466,0.0874236305271,-4.66677849998,0.0367836747879,0.0129267198233,-1.40090669707,0.00898906922879,0.0454765109938,0,0,0,0.00900900900901,0.00559492883467,0,0.00234493393317,0.0136351468915,0,0,-0.410249136828,-0.027027027027,0,0,116,0,100,1116,0.537037037037,1,0,0.462962962963,1,0.537037037037,0.698795180723,0.702049006137,0.537037037037,0.537037037037,8,108,0,0,0,0
1940,WLNM_dir_neg,0.997856652949,0.986493374108,00:00:04,10,50,16,1235135440,threshold_sweep,0.5,1,0.0740740740741,0.137931034483,8,0,100,216,0.0740740740741,1,0,0.925925925926,1,0.0740740740741,0.137931034483,0.691358024691,0.658436213992,0.0963855421687,0.225017580185,0.0740740740741,216,108,108,0,216,0,108,0,108,37,216,0.162162162162,1.32432432432,11.6756756757,21.6,6,8.1990990496,0.702237650082,0.31006006006,10.329336629,1.76937710775,0.765265265265,3.0868314707,0.528762798222,0.252752752753,0.579945114934,0.437917739848,2,1.32432432432,0.579945114934,2,0.0121701261701,0.00597269624573,7,0.000900900900901,0.621196581197,37,37,37,1,0,0.72972972973,0.243243243243,0.027027027027,37,0.0810810810811,1.32432432432,5.83783783784,10.8,3.6,4.87917065763,0.83578386265,0.393393393393,5.51451810314,1.88923305386,0.795795795796,1.949050743,0.66773034714,0.371871871872,0.579945114934,0.437917739848,2,1.34285714286,0.591252764842,2,0,0,0,0,0.213169666591,37,35,35,0.945945945946,0,0.675675675676,0.135135135135,0.135135135135,37,116,0.0870870870871,1.32432432432,6.27027027027,11.6,3.31428571429,5.05331930874,0.805917303548,0.397483690587,5.66255812902,1.80616078253,0.778191985089,1.68592477363,0.537751867451,0.298229263747,0.579945114934,0.437917739848,2,1.33333333333,0.585540043769,2,0.0145150601033,0.0196078431373,7,0.000900900900901,0.210947444368,37,36,36,0.972972972973,0,0.702702702703,0.243243243243,0.027027027027,-100,-0.0750750750751,0,-5.40540540541,-10,-2.68571428571,-3.14577974087,0.103679653466,0.0874236305271,-4.66677849998,0.0367836747879,0.0129267198233,-1.40090669707,0.00898906922879,0.0454765109938,0,0,0,0.00900900900901,0.00559492883467,0,0.00234493393317,0.0136351468915,0,0,-0.410249136828,-0.027027027027,0,0,116,0,100,1116,0.537037037037,1,0,0.462962962963,1,0.537037037037,0.698795180723,0.702049006137,0.537037037037,0.537037037037,8,108,0,0,0,0
1941,WLNM_dir_neg,0.997856652949,0.986493374108,00:00:04,10,50,16,1235135440,threshold_sweep,0.6,1,0.0740740740741,0.137931034483,8,0,100,216,0.0740740740741,1,0,0.925925925926,1,0.0740740740741,0.137931034483,0.691358024691,0.658436213992,0.0963855421687,0.225017580185,0.0740740740741,216,108,108,0,216,0,108,0,108,37,216,0.162162162162,1.32432432432,11.6756756757,21.6,6,8.1990990496,0.702237650082,0.31006006006,10.329336629,1.76937710775,0.765265265265,3.0868314707,0.528762798222,0.252752752753,0.579945114934,0.437917739848,2,1.32432432432,0.579945114934,2,0.0121701261701,0.00597269624573,7,0.000900900900901,0.621196581197,37,37,37,1,0,0.72972972973,0.243243243243,0.027027027027,37,0.0810810810811,1.32432432432,5.83783783784,10.8,3.6,4.87917065763,0.83578386265,0.393393393393,5.51451810314,1.88923305386,0.795795795796,1.949050743,0.66773034714,0.371871871872,0.579945114934,0.437917739848,2,1.34285714286,0.591252764842,2,0,0,0,0,0.213169666591,37,35,35,0.945945945946,0,0.675675675676,0.135135135135,0.135135135135,37,116,0.0870870870871,1.32432432432,6.27027027027,11.6,3.31428571429,5.05331930874,0.805917303548,0.397483690587,5.66255812902,1.80616078253,0.778191985089,1.68592477363,0.537751867451,0.298229263747,0.579945114934,0.437917739848,2,1.33333333333,0.585540043769,2,0.0145150601033,0.0196078431373,7,0.000900900900901,0.210947444368,37,36,36,0.972972972973,0,0.702702702703,0.243243243243,0.027027027027,-100,-0.0750750750751,0,-5.40540540541,-10,-2.68571428571,-3.14577974087,0.103679653466,0.0874236305271,-4.66677849998,0.0367836747879,0.0129267198233,-1.40090669707,0.00898906922879,0.0454765109938,0,0,0,0.00900900900901,0.00559492883467,0,0.00234493393317,0.0136351468915,0,0,-0.410249136828,-0.027027027027,0,0,116,0,100,1116,0.537037037037,1,0,0.462962962963,1,0.537037037037,0.698795180723,0.702049006137,0.537037037037,0.537037037037,8,108,0,0,0,0
1942,WLNM_dir_neg,0.997856652949,0.986493374108,00:00:04,10,50,16,1235135440,threshold_sweep,0.7,1,0.0740740740741,0.137931034483,8,0,100,216,0.0740740740741,1,0,0.925925925926,1,0.0740740740741,0.137931034483,0.691358024691,0.658436213992,0.0963855421687,0.225017580185,0.0740740740741,216,108,108,0,216,0,108,0,108,37,216,0.162162162162,1.32432432432,11.6756756757,21.6,6,8.1990990496,0.702237650082,0.31006006006,10.329336629,1.76937710775,0.765265265265,3.0868314707,0.528762798222,0.252752752753,0.579945114934,0.437917739848,2,1.32432432432,0.579945114934,2,0.0121701261701,0.00597269624573,7,0.000900900900901,0.621196581197,37,37,37,1,0,0.72972972973,0.243243243243,0.027027027027,37,0.0810810810811,1.32432432432,5.83783783784,10.8,3.6,4.87917065763,0.83578386265,0.393393393393,5.51451810314,1.88923305386,0.795795795796,1.949050743,0.66773034714,0.371871871872,0.579945114934,0.437917739848,2,1.34285714286,0.591252764842,2,0,0,0,0,0.213169666591,37,35,35,0.945945945946,0,0.675675675676,0.135135135135,0.135135135135,37,116,0.0870870870871,1.32432432432,6.27027027027,11.6,3.31428571429,5.05331930874,0.805917303548,0.397483690587,5.66255812902,1.80616078253,0.778191985089,1.68592477363,0.537751867451,0.298229263747,0.579945114934,0.437917739848,2,1.33333333333,0.585540043769,2,0.0145150601033,0.0196078431373,7,0.000900900900901,0.210947444368,37,36,36,0.972972972973,0,0.702702702703,0.243243243243,0.027027027027,-100,-0.0750750750751,0,-5.40540540541,-10,-2.68571428571,-3.14577974087,0.103679653466,0.0874236305271,-4.66677849998,0.0367836747879,0.0129267198233,-1.40090669707,0.00898906922879,0.0454765109938,0,0,0,0.00900900900901,0.00559492883467,0,0.00234493393317,0.0136351468915,0,0,-0.410249136828,-0.027027027027,0,0,116,0,100,1116,0.537037037037,1,0,0.462962962963,1,0.537037037037,0.698795180723,0.702049006137,0.537037037037,0.537037037037,8,108,0,0,0,0
1943,WLNM_dir_neg,0.997856652949,0.986493374108,00:00:04,10,50,16,1235135440,threshold_sweep,0.8,1,0.0740740740741,0.137931034483,8,0,100,216,0.0740740740741,1,0,0.925925925926,1,0.0740740740741,0.137931034483,0.691358024691,0.658436213992,0.0963855421687,0.225017580185,0.0740740740741,216,108,108,0,216,0,108,0,108,37,216,0.162162162162,1.32432432432,11.6756756757,21.6,6,8.1990990496,0.702237650082,0.31006006006,10.329336629,1.76937710775,0.765265265265,3.0868314707,0.528762798222,0.252752752753,0.579945114934,0.437917739848,2,1.32432432432,0.579945114934,2,0.0121701261701,0.00597269624573,7,0.000900900900901,0.621196581197,37,37,37,1,0,0.72972972973,0.243243243243,0.027027027027,37,0.0810810810811,1.32432432432,5.83783783784,10.8,3.6,4.87917065763,0.83578386265,0.393393393393,5.51451810314,1.88923305386,0.795795795796,1.949050743,0.66773034714,0.371871871872,0.579945114934,0.437917739848,2,1.34285714286,0.591252764842,2,0,0,0,0,0.213169666591,37,35,35,0.945945945946,0,0.675675675676,0.135135135135,0.135135135135,37,116,0.0870870870871,1.32432432432,6.27027027027,11.6,3.31428571429,5.05331930874,0.805917303548,0.397483690587,5.66255812902,1.80616078253,0.778191985089,1.68592477363,0.537751867451,0.298229263747,0.579945114934,0.437917739848,2,1.33333333333,0.585540043769,2,0.0145150601033,0.0196078431373,7,0.000900900900901,0.210947444368,37,36,36,0.972972972973,0,0.702702702703,0.243243243243,0.027027027027,-100,-0.0750750750751,0,-5.40540540541,-10,-2.68571428571,-3.14577974087,0.103679653466,0.0874236305271,-4.66677849998,0.0367836747879,0.0129267198233,-1.40090669707,0.00898906922879,0.0454765109938,0,0,0,0.00900900900901,0.00559492883467,0,0.00234493393317,0.0136351468915,0,0,-0.410249136828,-0.027027027027,0,0,116,0,100,1116,0.537037037037,1,0,0.462962962963,1,0.537037037037,0.698795180723,0.702049006137,0.537037037037,0.537037037037,8,108,0,0,0,0
1944,WLNM_dir_neg,0.997856652949,0.986493374108,00:00:04,10,50,16,1235135440,threshold_sweep,0.9,1,0.0740740740741,0.137931034483,8,0,100,216,0.0740740740741,1,0,0.925925925926,1,0.0740740740741,0.137931034483,0.691358024691,0.658436213992,0.0963855421687,0.225017580185,0.0740740740741,216,108,108,0,216,0,108,0,108,37,216,0.162162162162,1.32432432432,11.6756756757,21.6,6,8.1990990496,0.702237650082,0.31006006006,10.329336629,1.76937710775,0.765265265265,3.0868314707,0.528762798222,0.252752752753,0.579945114934,0.437917739848,2,1.32432432432,0.579945114934,2,0.0121701261701,0.00597269624573,7,0.000900900900901,0.621196581197,37,37,37,1,0,0.72972972973,0.243243243243,0.027027027027,37,0.0810810810811,1.32432432432,5.83783783784,10.8,3.6,4.87917065763,0.83578386265,0.393393393393,5.51451810314,1.88923305386,0.795795795796,1.949050743,0.66773034714,0.371871871872,0.579945114934,0.437917739848,2,1.34285714286,0.591252764842,2,0,0,0,0,0.213169666591,37,35,35,0.945945945946,0,0.675675675676,0.135135135135,0.135135135135,37,116,0.0870870870871,1.32432432432,6.27027027027,11.6,3.31428571429,5.05331930874,0.805917303548,0.397483690587,5.66255812902,1.80616078253,0.778191985089,1.68592477363,0.537751867451,0.298229263747,0.579945114934,0.437917739848,2,1.33333333333,0.585540043769,2,0.0145150601033,0.0196078431373,7,0.000900900900901,0.210947444368,37,36,36,0.972972972973,0,0.702702702703,0.243243243243,0.027027027027,-100,-0.0750750750751,0,-5.40540540541,-10,-2.68571428571,-3.14577974087,0.103679653466,0.0874236305271,-4.66677849998,0.0367836747879,0.0129267198233,-1.40090669707,0.00898906922879,0.0454765109938,0,0,0,0.00900900900901,0.00559492883467,0,0.00234493393317,0.0136351468915,0,0,-0.410249136828,-0.027027027027,0,0,116,0,100,1116,0.537037037037,1,0,0.462962962963,1,0.537037037037,0.698795180723,0.702049006137,0.537037037037,0.537037037037,8,108,0,0,0,0
1945,WLNM_dir_neg,0.972608024691,0.816180888315,00:00:04,10,50,17,1235135441,threshold_sweep,0.1,0.857142857143,0.0555555555556,0.104347826087,6,1,102,215,0.0555555555556,0.99537037037,0.00462962962963,0.944444444444,0.857142857143,0.0555555555556,0.104347826087,0.682098765432,0.659465020576,0.0664652567976,0.16511975525,0.0509259259259,216,108,108,0,216,0,108,0,108,37,216,0.162162162162,1.32432432432,11.6756756757,21.6,6,8.1990990496,0.702237650082,0.31006006006,10.329336629,1.76937710775,0.765265265265,3.0868314707,0.528762798222,0.252752752753,0.579945114934,0.437917739848,2,1.32432432432,0.579945114934,2,0.0121701261701,0.00597269624573,7,0.000900900900901,0.621196581197,37,37,37,1,0,0.72972972973,0.243243243243,0.027027027027,37,0.0810810810811,1.31756756757,5.83783783784,10.8,3.6,4.3237940741,0.740649910841,0.379129129129,5.38195740093,1.84381873921,0.784284284284,2.07335447977,0.710315886589,0.398398398398,0.561027853366,0.425805755375,2,1.31756756757,0.561027853366,2,0,0,0,0,0.21598089475,37,37,37,1,0,0.72972972973,0.0810810810811,0.189189189189,37,115,0.0863363363363,1.32661122661,6.21621621622,11.5,3.19444444444,4.65555304708,0.74893679453,0.385898942421,5.55169535559,1.78619763615,0.770857814336,1.83762805727,0.59123685321,0.329494712103,0.583181424556,0.439602358896,2.00769230769,1.32661122661,0.583181424556,2.00769230769,0.0606523635095,0.0272727272727,9,0.0011583011583,0.210973635068,37,37,37,1,0,0.72972972973,0.243243243243,0.027027027027,-101,-0.0758258258258,0.0022869022869,-5.45945945946,-10.1,-2.80555555556,-3.54354600252,0.0466991444484,0.0758388823606,-4.77764127341,0.0168205284022,0.00559254907081,-1.24920341343,0.0624740549871,0.0767419593507,0.00323630962117,0.00168461904709,0.00769230769231,0.0022869022869,0.00323630962117,0.00769230769231,0.0484822373394,0.021300031027,2,0.0002574002574,-0.410222946129,0,0,0,114,1,102,1115,0.527777777778,0.999103942652,0.00089605734767,0.472222222222,0.991304347826,0.527777777778,0.688821752266,0.691477248276,0.52688172043,0.52534562212,7,108,0,0,0,0
1946,WLNM_dir_neg,0.972608024691,0.816180888315,00:00:04,10,50,17,1235135441,threshold_sweep,0.2,0.5,0.00925925925926,0.0181818181818,1,1,107,215,0.00925925925926,0.99537037037,0.00462962962963,0.990740740741,0.5,0.00925925925926,0.0181818181818,0.666666666667,0.664609053498,0.00613496932515,0.0278639106288,0.00462962962963,216,108,108,0,216,0,108,0,108,37,216,0.162162162162,1.32432432432,11.6756756757,21.6,6,8.1990990496,0.702237650082,0.31006006006,10.329336629,1.76937710775,0.765265265265,3.0868314707,0.528762798222,0.252752752753,0.579945114934,0.437917739848,2,1.32432432432,0.579945114934,2,0.0121701261701,0.00597269624573,7,0.000900900900901,0.621196581197,37,37,37,1,0,0.72972972973,0.243243243243,0.027027027027,37,0.0810810810811,1.31756756757,5.83783783784,10.8,3.6,4.3237940741,0.740649910841,0.379129129129,5.38195740093,1.84381873921,0.784284284284,2.07335447977,0.710315886589,0.398398398398,0.561027853366,0.425805755375,2,1.31756756757,0.561027853366,2,0,0,0,0,0.21598089475,37,37,37,1,0,0.72972972973,0.0810810810811,0.189189189189,37,110,0.0825825825826,1.32681912682,5.94594594595,11,3.4375,4.39030463348,0.738369415631,0.37542997543,5.43898727546,1.82947753811,0.781326781327,2.00674538171,0.674996173849,0.37886977887,0.583798410325,0.439998488508,2.01538461538,1.32681912682,0.583798410325,2.01538461538,0.0619256933543,0.026936026936,8,0.0010296010296,0.21218575628,37,37,37,1,0,0.72972972973,0.135135135135,0.135135135135,-106,-0.0795795795796,0.0024948024948,-5.72972972973,-10.6,-2.5625,-3.80879441612,0.0361317655492,0.0653699153699,-4.89034935354,0.0601004303629,0.0160615160615,-1.08008608899,0.146233375627,0.126117026117,0.00385329539013,0.00208074866003,0.0153846153846,0.0024948024948,0.00385329539013,0.0153846153846,0.0497555671841,0.0209633306903,1,0.0001287001287,-0.409010824916,0,-0.108108108108,0.108108108108,109,1,107,1115,0.50462962963,0.999103942652,0.00089605734767,0.49537037037,0.990909090909,0.50462962963,0.668711656442,0.674571398779,0.503733572282,0.502304147465,2,108,0,0,0,0
1947,WLNM_dir_neg,0.972608024691,0.816180888315,00:00:04,10,50,17,1235135441,threshold_sweep,0.3,0.5,0.00925925925926,0.0181818181818,1,1,107,215,0.00925925925926,0.99537037037,0.00462962962963,0.990740740741,0.5,0.00925925925926,0.0181818181818,0.666666666667,0.664609053498,0.00613496932515,0.0278639106288,0.00462962962963,216,108,108,0,216,0,108,0,108,37,216,0.162162162162,1.32432432432,11.6756756757,21.6,6,8.1990990496,0.702237650082,0.31006006006,10.329336629,1.76937710775,0.765265265265,3.0868314707,0.528762798222,0.252752752753,0.579945114934,0.437917739848,2,1.32432432432,0.579945114934,2,0.0121701261701,0.00597269624573,7,0.000900900900901,0.621196581197,37,37,37,1,0,0.72972972973,0.243243243243,0.027027027027,37,0.0810810810811,1.31756756757,5.83783783784,10.8,3.6,4.3237940741,0.740649910841,0.379129129129,5.38195740093,1.84381873921,0.784284284284,2.07335447977,0.710315886589,0.398398398398,0.561027853366,0.425805755375,2,1.31756756757,0.561027853366,2,0,0,0,0,0.21598089475,37,37,37,1,0,0.72972972973,0.0810810810811,0.189189189189,37,110,0.0825825825826,1.32681912682,5.94594594595,11,3.4375,4.39030463348,0.738369415631,0.37542997543,5.43898727546,1.82947753811,0.781326781327,2.00674538171,0.674996173849,0.37886977887,0.583798410325,0.439998488508,2.01538461538,1.32681912682,0.583798410325,2.01538461538,0.0619256933543,0.026936026936,8,0.0010296010296,0.21218575628,37,37,37,1,0,0.72972972973,0.135135135135,0.135135135135,-106,-0.0795795795796,0.0024948024948,-5.72972972973,-10.6,-2.5625,-3.80879441612,0.0361317655492,0.0653699153699,-4.89034935354,0.0601004303629,0.0160615160615,-1.08008608899,0.146233375627,0.126117026117,0.00385329539013,0.00208074866003,0.0153846153846,0.0024948024948,0.00385329539013,0.0153846153846,0.0497555671841,0.0209633306903,1,0.0001287001287,-0.409010824916,0,-0.108108108108,0.108108108108,109,1,107,1115,0.50462962963,0.999103942652,0.00089605734767,0.49537037037,0.990909090909,0.50462962963,0.668711656442,0.674571398779,0.503733572282,0.502304147465,2,108,0,0,0,0
1948,WLNM_dir_neg,0.972608024691,0.816180888315,00:00:04,10,50,17,1235135441,threshold_sweep,0.4,0.5,0.00925925925926,0.0181818181818,1,1,107,215,0.00925925925926,0.99537037037,0.00462962962963,0.990740740741,0.5,0.00925925925926,0.0181818181818,0.666666666667,0.664609053498,0.00613496932515,0.0278639106288,0.00462962962963,216,108,108,0,216,0,108,0,108,37,216,0.162162162162,1.32432432432,11.6756756757,21.6,6,8.1990990496,0.702237650082,0.31006006006,10.329336629,1.76937710775,0.765265265265,3.0868314707,0.528762798222,0.252752752753,0.579945114934,0.437917739848,2,1.32432432432,0.579945114934,2,0.0121701261701,0.00597269624573,7,0.000900900900901,0.621196581197,37,37,37,1,0,0.72972972973,0.243243243243,0.027027027027,37,0.0810810810811,1.31756756757,5.83783783784,10.8,3.6,4.3237940741,0.740649910841,0.379129129129,5.38195740093,1.84381873921,0.784284284284,2.07335447977,0.710315886589,0.398398398398,0.561027853366,0.425805755375,2,1.31756756757,0.561027853366,2,0,0,0,0,0.21598089475,37,37,37,1,0,0.72972972973,0.0810810810811,0.189189189189,37,110,0.0825825825826,1.32681912682,5.94594594595,11,3.4375,4.39030463348,0.738369415631,0.37542997543,5.43898727546,1.82947753811,0.781326781327,2.00674538171,0.674996173849,0.37886977887,0.583798410325,0.439998488508,2.01538461538,1.32681912682,0.583798410325,2.01538461538,0.0619256933543,0.026936026936,8,0.0010296010296,0.21218575628,37,37,37,1,0,0.72972972973,0.135135135135,0.135135135135,-106,-0.0795795795796,0.0024948024948,-5.72972972973,-10.6,-2.5625,-3.80879441612,0.0361317655492,0.0653699153699,-4.89034935354,0.0601004303629,0.0160615160615,-1.08008608899,0.146233375627,0.126117026117,0.00385329539013,0.00208074866003,0.0153846153846,0.0024948024948,0.00385329539013,0.0153846153846,0.0497555671841,0.0209633306903,1,0.0001287001287,-0.409010824916,0,-0.108108108108,0.108108108108,109,1,107,1115,0.50462962963,0.999103942652,0.00089605734767,0.49537037037,0.990909090909,0.50462962963,0.668711656442,0.674571398779,0.503733572282,0.502304147465,2,108,0,0,0,0
1949,WLNM_dir_neg,0.972608024691,0.816180888315,00:00:04,10,50,17,1235135441,threshold_sweep,0.5,0.5,0.00925925925926,0.0181818181818,1,1,107,215,0.00925925925926,0.99537037037,0.00462962962963,0.990740740741,0.5,0.00925925925926,0.0181818181818,0.666666666667,0.664609053498,0.00613496932515,0.0278639106288,0.00462962962963,216,108,108,0,216,0,108,0,108,37,216,0.162162162162,1.32432432432,11.6756756757,21.6,6,8.1990990496,0.702237650082,0.31006006006,10.329336629,1.76937710775,0.765265265265,3.0868314707,0.528762798222,0.252752752753,0.579945114934,0.437917739848,2,1.32432432432,0.579945114934,2,0.0121701261701,0.00597269624573,7,0.000900900900901,0.621196581197,37,37,37,1,0,0.72972972973,0.243243243243,0.027027027027,37,0.0810810810811,1.31756756757,5.83783783784,10.8,3.6,4.3237940741,0.740649910841,0.379129129129,5.38195740093,1.84381873921,0.784284284284,2.07335447977,0.710315886589,0.398398398398,0.561027853366,0.425805755375,2,1.31756756757,0.561027853366,2,0,0,0,0,0.21598089475,37,37,37,1,0,0.72972972973,0.0810810810811,0.189189189189,37,110,0.0825825825826,1.32681912682,5.94594594595,11,3.4375,4.39030463348,0.738369415631,0.37542997543,5.43898727546,1.82947753811,0.781326781327,2.00674538171,0.674996173849,0.37886977887,0.583798410325,0.439998488508,2.01538461538,1.32681912682,0.583798410325,2.01538461538,0.0619256933543,0.026936026936,8,0.0010296010296,0.21218575628,37,37,37,1,0,0.72972972973,0.135135135135,0.135135135135,-106,-0.0795795795796,0.0024948024948,-5.72972972973,-10.6,-2.5625,-3.80879441612,0.0361317655492,0.0653699153699,-4.89034935354,0.0601004303629,0.0160615160615,-1.08008608899,0.146233375627,0.126117026117,0.00385329539013,0.00208074866003,0.0153846153846,0.0024948024948,0.00385329539013,0.0153846153846,0.0497555671841,0.0209633306903,1,0.0001287001287,-0.409010824916,0,-0.108108108108,0.108108108108,109,1,107,1115,0.50462962963,0.999103942652,0.00089605734767,0.49537037037,0.990909090909,0.50462962963,0.668711656442,0.674571398779,0.503733572282,0.502304147465,2,108,0,0,0,0
1950,WLNM_dir_neg,0.972608024691,0.816180888315,00:00:04,10,50,17,1235135441,threshold_sweep,0.6,0.5,0.00925925925926,0.0181818181818,1,1,107,215,0.00925925925926,0.99537037037,0.00462962962963,0.990740740741,0.5,0.00925925925926,0.0181818181818,0.666666666667,0.664609053498,0.00613496932515,0.0278639106288,0.00462962962963,216,108,108,0,216,0,108,0,108,37,216,0.162162162162,1.32432432432,11.6756756757,21.6,6,8.1990990496,0.702237650082,0.31006006006,10.329336629,1.76937710775,0.765265265265,3.0868314707,0.528762798222,0.252752752753,0.579945114934,0.437917739848,2,1.32432432432,0.579945114934,2,0.0121701261701,0.00597269624573,7,0.000900900900901,0.621196581197,37,37,37,1,0,0.72972972973,0.243243243243,0.027027027027,37,0.0810810810811,1.31756756757,5.83783783784,10.8,3.6,4.3237940741,0.740649910841,0.379129129129,5.38195740093,1.84381873921,0.784284284284,2.07335447977,0.710315886589,0.398398398398,0.561027853366,0.425805755375,2,1.31756756757,0.561027853366,2,0,0,0,0,0.21598089475,37,37,37,1,0,0.72972972973,0.0810810810811,0.189189189189,37,110,0.0825825825826,1.32681912682,5.94594594595,11,3.4375,4.39030463348,0.738369415631,0.37542997543,5.43898727546,1.82947753811,0.781326781327,2.00674538171,0.674996173849,0.37886977887,0.583798410325,0.439998488508,2.01538461538,1.32681912682,0.583798410325,2.01538461538,0.0619256933543,0.026936026936,8,0.0010296010296,0.21218575628,37,37,37,1,0,0.72972972973,0.135135135135,0.135135135135,-106,-0.0795795795796,0.0024948024948,-5.72972972973,-10.6,-2.5625,-3.80879441612,0.0361317655492,0.0653699153699,-4.89034935354,0.0601004303629,0.0160615160615,-1.08008608899,0.146233375627,0.126117026117,0.00385329539013,0.00208074866003,0.0153846153846,0.0024948024948,0.00385329539013,0.0153846153846,0.0497555671841,0.0209633306903,1,0.0001287001287,-0.409010824916,0,-0.108108108108,0.108108108108,109,1,107,1115,0.50462962963,0.999103942652,0.00089605734767,0.49537037037,0.990909090909,0.50462962963,0.668711656442,0.674571398779,0.503733572282,0.502304147465,2,108,0,0,0,0
1951,WLNM_dir_neg,0.972608024691,0.816180888315,00:00:04,10,50,17,1235135441,threshold_sweep,0.7,1,0.00925925925926,0.0183486238532,1,0,107,216,0.00925925925926,1,0,0.990740740741,1,0.00925925925926,0.0183486238532,0.66975308642,0.665637860082,0.0123076923077,0.0786889475365,0.00925925925926,216,108,108,0,216,0,108,0,108,37,216,0.162162162162,1.32432432432,11.6756756757,21.6,6,8.1990990496,0.702237650082,0.31006006006,10.329336629,1.76937710775,0.765265265265,3.0868314707,0.528762798222,0.252752752753,0.579945114934,0.437917739848,2,1.32432432432,0.579945114934,2,0.0121701261701,0.00597269624573,7,0.000900900900901,0.621196581197,37,37,37,1,0,0.72972972973,0.243243243243,0.027027027027,37,0.0810810810811,1.31756756757,5.83783783784,10.8,3.6,4.3237940741,0.740649910841,0.379129129129,5.38195740093,1.84381873921,0.784284284284,2.07335447977,0.710315886589,0.398398398398,0.561027853366,0.425805755375,2,1.31756756757,0.561027853366,2,0,0,0,0,0.21598089475,37,37,37,1,0,0.72972972973,0.0810810810811,0.189189189189,37,109,0.0818318318318,1.32432432432,5.89189189189,10.9,3.51612903226,4.28682596765,0.727580554142,0.371435655839,5.39004198059,1.82964727782,0.782048103149,2.04050573723,0.692648736491,0.388792462187,0.579945114934,0.437917739848,2,1.32432432432,0.579945114934,2,0.0317006802721,0.00347222222222,1,0.0001287001287,0.214869783639,37,37,37,1,0,0.72972972973,0.108108108108,0.162162162162,-107,-0.0803303303303,0,-5.78378378378,-10.7,-2.48387096774,-3.91227308196,0.0253429040597,0.0613755957793,-4.93929464841,0.0602701700706,0.0167828378838,-1.04632573348,0.163885938268,0.136039709434,0,0,0,0,0,0,0.019530554102,-0.00250047402351,-6,-0.000772200772201,-0.406326797557,0,-0.135135135135,0.135135135135,109,0,107,1116,0.50462962963,1,0,0.49537037037,1,0.50462962963,0.670769230769,0.67858654182,0.50462962963,0.50462962963,1,108,0,0,0,0
1952,WLNM_dir_neg,0.972608024691,0.816180888315,00:00:04,10,50,17,1235135441,threshold_sweep,0.8,1,0.00925925925926,0.0183486238532,1,0,107,216,0.00925925925926,1,0,0.990740740741,1,0.00925925925926,0.0183486238532,0.66975308642,0.665637860082,0.0123076923077,0.0786889475365,0.00925925925926,216,108,108,0,216,0,108,0,108,37,216,0.162162162162,1.32432432432,11.6756756757,21.6,6,8.1990990496,0.702237650082,0.31006006006,10.329336629,1.76937710775,0.765265265265,3.0868314707,0.528762798222,0.252752752753,0.579945114934,0.437917739848,2,1.32432432432,0.579945114934,2,0.0121701261701,0.00597269624573,7,0.000900900900901,0.621196581197,37,37,37,1,0,0.72972972973,0.243243243243,0.027027027027,37,0.0810810810811,1.31756756757,5.83783783784,10.8,3.6,4.3237940741,0.740649910841,0.379129129129,5.38195740093,1.84381873921,0.784284284284,2.07335447977,0.710315886589,0.398398398398,0.561027853366,0.425805755375,2,1.31756756757,0.561027853366,2,0,0,0,0,0.21598089475,37,37,37,1,0,0.72972972973,0.0810810810811,0.189189189189,37,109,0.0818318318318,1.32432432432,5.89189189189,10.9,3.51612903226,4.28682596765,0.727580554142,0.371435655839,5.39004198059,1.82964727782,0.782048103149,2.04050573723,0.692648736491,0.388792462187,0.579945114934,0.437917739848,2,1.32432432432,0.579945114934,2,0.0317006802721,0.00347222222222,1,0.0001287001287,0.214869783639,37,37,37,1,0,0.72972972973,0.108108108108,0.162162162162,-107,-0.0803303303303,0,-5.78378378378,-10.7,-2.48387096774,-3.91227308196,0.0253429040597,0.0613755957793,-4.93929464841,0.0602701700706,0.0167828378838,-1.04632573348,0.163885938268,0.136039709434,0,0,0,0,0,0,0.019530554102,-0.00250047402351,-6,-0.000772200772201,-0.406326797557,0,-0.135135135135,0.135135135135,109,0,107,1116,0.50462962963,1,0,0.49537037037,1,0.50462962963,0.670769230769,0.67858654182,0.50462962963,0.50462962963,1,108,0,0,0,0
1953,WLNM_dir_neg,0.972608024691,0.816180888315,00:00:04,10,50,17,1235135441,threshold_sweep,0.9,0,0,0,0,0,108,216,0,1,0,1,0,0,0,0.666666666667,0.666666666667,0,0,0,216,108,108,0,216,0,108,0,108,37,216,0.162162162162,1.32432432432,11.6756756757,21.6,6,8.1990990496,0.702237650082,0.31006006006,10.329336629,1.76937710775,0.765265265265,3.0868314707,0.528762798222,0.252752752753,0.579945114934,0.437917739848,2,1.32432432432,0.579945114934,2,0.0121701261701,0.00597269624573,7,0.000900900900901,0.621196581197,37,37,37,1,0,0.72972972973,0.243243243243,0.027027027027,37,0.0810810810811,1.31756756757,5.83783783784,10.8,3.6,4.3237940741,0.740649910841,0.379129129129,5.38195740093,1.84381873921,0.784284284284,2.07335447977,0.710315886589,0.398398398398,0.561027853366,0.425805755375,2,1.31756756757,0.561027853366,2,0,0,0,0,0.21598089475,37,37,37,1,0,0.72972972973,0.0810810810811,0.189189189189,37,108,0.0810810810811,1.31756756757,5.83783783784,10.8,3.6,4.3237940741,0.740649910841,0.379129129129,5.38195740093,1.84381873921,0.784284284284,2.07335447977,0.710315886589,0.398398398398,0.561027853366,0.425805755375,2,1.31756756757,0.561027853366,2,0,0,0,0,0.21598089475,37,37,37,1,0,0.72972972973,0.0810810810811,0.189189189189,-108,-0.0810810810811,-0.00675675675676,-5.83783783784,-10.8,-2.4,-3.87530497551,0.0384122607588,0.0690690690691,-4.94737922807,0.0744416314635,0.019019019019,-1.01347699093,0.181553088367,0.145645645646,-0.0189172615686,-0.0121119844734,0,-0.00675675675676,-0.0189172615686,0,-0.0121701261701,-0.00597269624573,-7,-0.000900900900901,-0.405215686446,0,-0.162162162162,0.162162162162,108,0,108,1116,0.5,1,0,0.5,1,0.5,0.666666666667,0.675190604897,0.5,0.5,0,108,0,0,0,0
1954,WLNM_dir_neg,0.995456104252,0.981494187155,00:00:03,10,50,18,1235135442,threshold_sweep,0.1,1,0.0555555555556,0.105263157895,6,0,102,216,0.0555555555556,1,0,0.944444444444,1,0.0555555555556,0.105263157895,0.685185185185,0.66049382716,0.0727272727273,0.194257172471,0.0555555555556,216,108,108,0,216,0,108,0,108,37,216,0.162162162162,1.32432432432,11.6756756757,21.6,6,8.1990990496,0.702237650082,0.31006006006,10.329336629,1.76937710775,0.765265265265,3.0868314707,0.528762798222,0.252752752753,0.579945114934,0.437917739848,2,1.32432432432,0.579945114934,2,0.0121701261701,0.00597269624573,7,0.000900900900901,0.621196581197,37,37,37,1,0,0.72972972973,0.243243243243,0.027027027027,37,0.0810810810811,1.32432432432,5.83783783784,10.8,3.48387096774,4.46911321998,0.765542542311,0.383133133133,5.33530369009,1.82783552346,0.786286286286,1.99134765058,0.682220954365,0.37987987988,0.579945114934,0.437917739848,2,1.33333333333,0.585540043769,2,0,0,0,0,0.211596144263,37,36,36,0.972972972973,0,0.702702702703,0.135135135135,0.135135135135,37,114,0.0855855855856,1.32882882883,6.16216216216,11.4,3.25714285714,4.66972229435,0.757805810924,0.385490753912,5.39741902506,1.7517938941,0.771929824561,1.80090067556,0.584502850841,0.325272641062,0.593803505044,0.446862298711,2.16666666667,1.33796296296,0.5995846593,2.16666666667,0.0136081337953,0.0122324159021,4,0.000514800514801,0.212583798584,37,36,36,0.972972972973,0,0.702702702703,0.243243243243,0.027027027027,-102,-0.0765765765766,0.0045045045045,-5.51351351351,-10.2,-2.74285714286,-3.52937675526,0.0555681608426,0.0754306938517,-4.93191760393,-0.0175832136453,0.00666455929614,-1.28593079514,0.0557400526182,0.0725198883094,0.0138583901096,0.00894455886265,0.166666666667,0.0136386386386,0.019639544366,0.166666666667,0.00143800762517,0.00625971965641,-3,-0.0003861003861,-0.408612782612,-0.027027027027,0,0,114,0,102,1116,0.527777777778,1,0,0.472222222222,1,0.527777777778,0.690909090909,0.695398906206,0.527777777778,0.527777777778,6,108,0,0,0,0
1955,WLNM_dir_neg,0.995456104252,0.981494187155,00:00:03,10,50,18,1235135442,threshold_sweep,0.2,1,0.0555555555556,0.105263157895,6,0,102,216,0.0555555555556,1,0,0.944444444444,1,0.0555555555556,0.105263157895,0.685185185185,0.66049382716,0.0727272727273,0.194257172471,0.0555555555556,216,108,108,0,216,0,108,0,108,37,216,0.162162162162,1.32432432432,11.6756756757,21.6,6,8.1990990496,0.702237650082,0.31006006006,10.329336629,1.76937710775,0.765265265265,3.0868314707,0.528762798222,0.252752752753,0.579945114934,0.437917739848,2,1.32432432432,0.579945114934,2,0.0121701261701,0.00597269624573,7,0.000900900900901,0.621196581197,37,37,37,1,0,0.72972972973,0.243243243243,0.027027027027,37,0.0810810810811,1.32432432432,5.83783783784,10.8,3.48387096774,4.46911321998,0.765542542311,0.383133133133,5.33530369009,1.82783552346,0.786286286286,1.99134765058,0.682220954365,0.37987987988,0.579945114934,0.437917739848,2,1.33333333333,0.585540043769,2,0,0,0,0,0.211596144263,37,36,36,0.972972972973,0,0.702702702703,0.135135135135,0.135135135135,37,114,0.0855855855856,1.32882882883,6.16216216216,11.4,3.25714285714,4.66972229435,0.757805810924,0.385490753912,5.39741902506,1.7517938941,0.771929824561,1.80090067556,0.584502850841,0.325272641062,0.593803505044,0.446862298711,2.16666666667,1.33796296296,0.5995846593,2.16666666667,0.0136081337953,0.0122324159021,4,0.000514800514801,0.212583798584,37,36,36,0.972972972973,0,0.702702702703,0.243243243243,0.027027027027,-102,-0.0765765765766,0.0045045045045,-5.51351351351,-10.2,-2.74285714286,-3.52937675526,0.0555681608426,0.0754306938517,-4.93191760393,-0.0175832136453,0.00666455929614,-1.28593079514,0.0557400526182,0.0725198883094,0.0138583901096,0.00894455886265,0.166666666667,0.0136386386386,0.019639544366,0.166666666667,0.00143800762517,0.00625971965641,-3,-0.0003861003861,-0.408612782612,-0.027027027027,0,0,114,0,102,1116,0.527777777778,1,0,0.472222222222,1,0.527777777778,0.690909090909,0.695398906206,0.527777777778,0.527777777778,6,108,0,0,0,0
1956,WLNM_dir_neg,0.995456104252,0.981494187155,00:00:03,10,50,18,1235135442,threshold_sweep,0.3,1,0.0555555555556,0.105263157895,6,0,102,216,0.0555555555556,1,0,0.944444444444,1,0.0555555555556,0.105263157895,0.685185185185,0.66049382716,0.0727272727273,0.194257172471,0.0555555555556,216,108,108,0,216,0,108,0,108,37,216,0.162162162162,1.32432432432,11.6756756757,21.6,6,8.1990990496,0.702237650082,0.31006006006,10.329336629,1.76937710775,0.765265265265,3.0868314707,0.528762798222,0.252752752753,0.579945114934,0.437917739848,2,1.32432432432,0.579945114934,2,0.0121701261701,0.00597269624573,7,0.000900900900901,0.621196581197,37,37,37,1,0,0.72972972973,0.243243243243,0.027027027027,37,0.0810810810811,1.32432432432,5.83783783784,10.8,3.48387096774,4.46911321998,0.765542542311,0.383133133133,5.33530369009,1.82783552346,0.786286286286,1.99134765058,0.682220954365,0.37987987988,0.579945114934,0.437917739848,2,1.33333333333,0.585540043769,2,0,0,0,0,0.211596144263,37,36,36,0.972972972973,0,0.702702702703,0.135135135135,0.135135135135,37,114,0.0855855855856,1.32882882883,6.16216216216,11.4,3.25714285714,4.66972229435,0.757805810924,0.385490753912,5.39741902506,1.7517938941,0.771929824561,1.80090067556,0.584502850841,0.325272641062,0.593803505044,0.446862298711,2.16666666667,1.33796296296,0.5995846593,2.16666666667,0.0136081337953,0.0122324159021,4,0.000514800514801,0.212583798584,37,36,36,0.972972972973,0,0.702702702703,0.243243243243,0.027027027027,-102,-0.0765765765766,0.0045045045045,-5.51351351351,-10.2,-2.74285714286,-3.52937675526,0.0555681608426,0.0754306938517,-4.93191760393,-0.0175832136453,0.00666455929614,-1.28593079514,0.0557400526182,0.0725198883094,0.0138583901096,0.00894455886265,0.166666666667,0.0136386386386,0.019639544366,0.166666666667,0.00143800762517,0.00625971965641,-3,-0.0003861003861,-0.408612782612,-0.027027027027,0,0,114,0,102,1116,0.527777777778,1,0,0.472222222222,1,0.527777777778,0.690909090909,0.695398906206,0.527777777778,0.527777777778,6,108,0,0,0,0
1957,WLNM_dir_neg,0.995456104252,0.981494187155,00:00:03,10,50,18,1235135442,threshold_sweep,0.4,1,0.0555555555556,0.105263157895,6,0,102,216,0.0555555555556,1,0,0.944444444444,1,0.0555555555556,0.105263157895,0.685185185185,0.66049382716,0.0727272727273,0.194257172471,0.0555555555556,216,108,108,0,216,0,108,0,108,37,216,0.162162162162,1.32432432432,11.6756756757,21.6,6,8.1990990496,0.702237650082,0.31006006006,10.329336629,1.76937710775,0.765265265265,3.0868314707,0.528762798222,0.252752752753,0.579945114934,0.437917739848,2,1.32432432432,0.579945114934,2,0.0121701261701,0.00597269624573,7,0.000900900900901,0.621196581197,37,37,37,1,0,0.72972972973,0.243243243243,0.027027027027,37,0.0810810810811,1.32432432432,5.83783783784,10.8,3.48387096774,4.46911321998,0.765542542311,0.383133133133,5.33530369009,1.82783552346,0.786286286286,1.99134765058,0.682220954365,0.37987987988,0.579945114934,0.437917739848,2,1.33333333333,0.585540043769,2,0,0,0,0,0.211596144263,37,36,36,0.972972972973,0,0.702702702703,0.135135135135,0.135135135135,37,114,0.0855855855856,1.32882882883,6.16216216216,11.4,3.25714285714,4.66972229435,0.757805810924,0.385490753912,5.39741902506,1.7517938941,0.771929824561,1.80090067556,0.584502850841,0.325272641062,0.593803505044,0.446862298711,2.16666666667,1.33796296296,0.5995846593,2.16666666667,0.0136081337953,0.0122324159021,4,0.000514800514801,0.212583798584,37,36,36,0.972972972973,0,0.702702702703,0.243243243243,0.027027027027,-102,-0.0765765765766,0.0045045045045,-5.51351351351,-10.2,-2.74285714286,-3.52937675526,0.0555681608426,0.0754306938517,-4.93191760393,-0.0175832136453,0.00666455929614,-1.28593079514,0.0557400526182,0.0725198883094,0.0138583901096,0.00894455886265,0.166666666667,0.0136386386386,0.019639544366,0.166666666667,0.00143800762517,0.00625971965641,-3,-0.0003861003861,-0.408612782612,-0.027027027027,0,0,114,0,102,1116,0.527777777778,1,0,0.472222222222,1,0.527777777778,0.690909090909,0.695398906206,0.527777777778,0.527777777778,6,108,0,0,0,0
1958,WLNM_dir_neg,0.995456104252,0.981494187155,00:00:03,10,50,18,1235135442,threshold_sweep,0.5,1,0.0555555555556,0.105263157895,6,0,102,216,0.0555555555556,1,0,0.944444444444,1,0.0555555555556,0.105263157895,0.685185185185,0.66049382716,0.0727272727273,0.194257172471,0.0555555555556,216,108,108,0,216,0,108,0,108,37,216,0.162162162162,1.32432432432,11.6756756757,21.6,6,8.1990990496,0.702237650082,0.31006006006,10.329336629,1.76937710775,0.765265265265,3.0868314707,0.528762798222,0.252752752753,0.579945114934,0.437917739848,2,1.32432432432,0.579945114934,2,0.0121701261701,0.00597269624573,7,0.000900900900901,0.621196581197,37,37,37,1,0,0.72972972973,0.243243243243,0.027027027027,37,0.0810810810811,1.32432432432,5.83783783784,10.8,3.48387096774,4.46911321998,0.765542542311,0.383133133133,5.33530369009,1.82783552346,0.786286286286,1.99134765058,0.682220954365,0.37987987988,0.579945114934,0.437917739848,2,1.33333333333,0.585540043769,2,0,0,0,0,0.211596144263,37,36,36,0.972972972973,0,0.702702702703,0.135135135135,0.135135135135,37,114,0.0855855855856,1.32882882883,6.16216216216,11.4,3.25714285714,4.66972229435,0.757805810924,0.385490753912,5.39741902506,1.7517938941,0.771929824561,1.80090067556,0.584502850841,0.325272641062,0.593803505044,0.446862298711,2.16666666667,1.33796296296,0.5995846593,2.16666666667,0.0136081337953,0.0122324159021,4,0.000514800514801,0.212583798584,37,36,36,0.972972972973,0,0.702702702703,0.243243243243,0.027027027027,-102,-0.0765765765766,0.0045045045045,-5.51351351351,-10.2,-2.74285714286,-3.52937675526,0.0555681608426,0.0754306938517,-4.93191760393,-0.0175832136453,0.00666455929614,-1.28593079514,0.0557400526182,0.0725198883094,0.0138583901096,0.00894455886265,0.166666666667,0.0136386386386,0.019639544366,0.166666666667,0.00143800762517,0.00625971965641,-3,-0.0003861003861,-0.408612782612,-0.027027027027,0,0,114,0,102,1116,0.527777777778,1,0,0.472222222222,1,0.527777777778,0.690909090909,0.695398906206,0.527777777778,0.527777777778,6,108,0,0,0,0
1959,WLNM_dir_neg,0.995456104252,0.981494187155,00:00:03,10,50,18,1235135442,threshold_sweep,0.6,1,0.0555555555556,0.105263157895,6,0,102,216,0.0555555555556,1,0,0.944444444444,1,0.0555555555556,0.105263157895,0.685185185185,0.66049382716,0.0727272727273,0.194257172471,0.0555555555556,216,108,108,0,216,0,108,0,108,37,216,0.162162162162,1.32432432432,11.6756756757,21.6,6,8.1990990496,0.702237650082,0.31006006006,10.329336629,1.76937710775,0.765265265265,3.0868314707,0.528762798222,0.252752752753,0.579945114934,0.437917739848,2,1.32432432432,0.579945114934,2,0.0121701261701,0.00597269624573,7,0.000900900900901,0.621196581197,37,37,37,1,0,0.72972972973,0.243243243243,0.027027027027,37,0.0810810810811,1.32432432432,5.83783783784,10.8,3.48387096774,4.46911321998,0.765542542311,0.383133133133,5.33530369009,1.82783552346,0.786286286286,1.99134765058,0.682220954365,0.37987987988,0.579945114934,0.437917739848,2,1.33333333333,0.585540043769,2,0,0,0,0,0.211596144263,37,36,36,0.972972972973,0,0.702702702703,0.135135135135,0.135135135135,37,114,0.0855855855856,1.32882882883,6.16216216216,11.4,3.25714285714,4.66972229435,0.757805810924,0.385490753912,5.39741902506,1.7517938941,0.771929824561,1.80090067556,0.584502850841,0.325272641062,0.593803505044,0.446862298711,2.16666666667,1.33796296296,0.5995846593,2.16666666667,0.0136081337953,0.0122324159021,4,0.000514800514801,0.212583798584,37,36,36,0.972972972973,0,0.702702702703,0.243243243243,0.027027027027,-102,-0.0765765765766,0.0045045045045,-5.51351351351,-10.2,-2.74285714286,-3.52937675526,0.0555681608426,0.0754306938517,-4.93191760393,-0.0175832136453,0.00666455929614,-1.28593079514,0.0557400526182,0.0725198883094,0.0138583901096,0.00894455886265,0.166666666667,0.0136386386386,0.019639544366,0.166666666667,0.00143800762517,0.00625971965641,-3,-0.0003861003861,-0.408612782612,-0.027027027027,0,0,114,0,102,1116,0.527777777778,1,0,0.472222222222,1,0.527777777778,0.690909090909,0.695398906206,0.527777777778,0.527777777778,6,108,0,0,0,0
1960,WLNM_dir_neg,0.995456104252,0.981494187155,00:00:03,10,50,18,1235135442,threshold_sweep,0.7,1,0.0555555555556,0.105263157895,6,0,102,216,0.0555555555556,1,0,0.944444444444,1,0.0555555555556,0.105263157895,0.685185185185,0.66049382716,0.0727272727273,0.194257172471,0.0555555555556,216,108,108,0,216,0,108,0,108,37,216,0.162162162162,1.32432432432,11.6756756757,21.6,6,8.1990990496,0.702237650082,0.31006006006,10.329336629,1.76937710775,0.765265265265,3.0868314707,0.528762798222,0.252752752753,0.579945114934,0.437917739848,2,1.32432432432,0.579945114934,2,0.0121701261701,0.00597269624573,7,0.000900900900901,0.621196581197,37,37,37,1,0,0.72972972973,0.243243243243,0.027027027027,37,0.0810810810811,1.32432432432,5.83783783784,10.8,3.48387096774,4.46911321998,0.765542542311,0.383133133133,5.33530369009,1.82783552346,0.786286286286,1.99134765058,0.682220954365,0.37987987988,0.579945114934,0.437917739848,2,1.33333333333,0.585540043769,2,0,0,0,0,0.211596144263,37,36,36,0.972972972973,0,0.702702702703,0.135135135135,0.135135135135,37,114,0.0855855855856,1.32882882883,6.16216216216,11.4,3.25714285714,4.66972229435,0.757805810924,0.385490753912,5.39741902506,1.7517938941,0.771929824561,1.80090067556,0.584502850841,0.325272641062,0.593803505044,0.446862298711,2.16666666667,1.33796296296,0.5995846593,2.16666666667,0.0136081337953,0.0122324159021,4,0.000514800514801,0.212583798584,37,36,36,0.972972972973,0,0.702702702703,0.243243243243,0.027027027027,-102,-0.0765765765766,0.0045045045045,-5.51351351351,-10.2,-2.74285714286,-3.52937675526,0.0555681608426,0.0754306938517,-4.93191760393,-0.0175832136453,0.00666455929614,-1.28593079514,0.0557400526182,0.0725198883094,0.0138583901096,0.00894455886265,0.166666666667,0.0136386386386,0.019639544366,0.166666666667,0.00143800762517,0.00625971965641,-3,-0.0003861003861,-0.408612782612,-0.027027027027,0,0,114,0,102,1116,0.527777777778,1,0,0.472222222222,1,0.527777777778,0.690909090909,0.695398906206,0.527777777778,0.527777777778,6,108,0,0,0,0
1961,WLNM_dir_neg,0.995456104252,0.981494187155,00:00:03,10,50,18,1235135442,threshold_sweep,0.8,1,0.0555555555556,0.105263157895,6,0,102,216,0.0555555555556,1,0,0.944444444444,1,0.0555555555556,0.105263157895,0.685185185185,0.66049382716,0.0727272727273,0.194257172471,0.0555555555556,216,108,108,0,216,0,108,0,108,37,216,0.162162162162,1.32432432432,11.6756756757,21.6,6,8.1990990496,0.702237650082,0.31006006006,10.329336629,1.76937710775,0.765265265265,3.0868314707,0.528762798222,0.252752752753,0.579945114934,0.437917739848,2,1.32432432432,0.579945114934,2,0.0121701261701,0.00597269624573,7,0.000900900900901,0.621196581197,37,37,37,1,0,0.72972972973,0.243243243243,0.027027027027,37,0.0810810810811,1.32432432432,5.83783783784,10.8,3.48387096774,4.46911321998,0.765542542311,0.383133133133,5.33530369009,1.82783552346,0.786286286286,1.99134765058,0.682220954365,0.37987987988,0.579945114934,0.437917739848,2,1.33333333333,0.585540043769,2,0,0,0,0,0.211596144263,37,36,36,0.972972972973,0,0.702702702703,0.135135135135,0.135135135135,37,114,0.0855855855856,1.32882882883,6.16216216216,11.4,3.25714285714,4.66972229435,0.757805810924,0.385490753912,5.39741902506,1.7517938941,0.771929824561,1.80090067556,0.584502850841,0.325272641062,0.593803505044,0.446862298711,2.16666666667,1.33796296296,0.5995846593,2.16666666667,0.0136081337953,0.0122324159021,4,0.000514800514801,0.212583798584,37,36,36,0.972972972973,0,0.702702702703,0.243243243243,0.027027027027,-102,-0.0765765765766,0.0045045045045,-5.51351351351,-10.2,-2.74285714286,-3.52937675526,0.0555681608426,0.0754306938517,-4.93191760393,-0.0175832136453,0.00666455929614,-1.28593079514,0.0557400526182,0.0725198883094,0.0138583901096,0.00894455886265,0.166666666667,0.0136386386386,0.019639544366,0.166666666667,0.00143800762517,0.00625971965641,-3,-0.0003861003861,-0.408612782612,-0.027027027027,0,0,114,0,102,1116,0.527777777778,1,0,0.472222222222,1,0.527777777778,0.690909090909,0.695398906206,0.527777777778,0.527777777778,6,108,0,0,0,0
1962,WLNM_dir_neg,0.995456104252,0.981494187155,00:00:03,10,50,18,1235135442,threshold_sweep,0.9,1,0.0555555555556,0.105263157895,6,0,102,216,0.0555555555556,1,0,0.944444444444,1,0.0555555555556,0.105263157895,0.685185185185,0.66049382716,0.0727272727273,0.194257172471,0.0555555555556,216,108,108,0,216,0,108,0,108,37,216,0.162162162162,1.32432432432,11.6756756757,21.6,6,8.1990990496,0.702237650082,0.31006006006,10.329336629,1.76937710775,0.765265265265,3.0868314707,0.528762798222,0.252752752753,0.579945114934,0.437917739848,2,1.32432432432,0.579945114934,2,0.0121701261701,0.00597269624573,7,0.000900900900901,0.621196581197,37,37,37,1,0,0.72972972973,0.243243243243,0.027027027027,37,0.0810810810811,1.32432432432,5.83783783784,10.8,3.48387096774,4.46911321998,0.765542542311,0.383133133133,5.33530369009,1.82783552346,0.786286286286,1.99134765058,0.682220954365,0.37987987988,0.579945114934,0.437917739848,2,1.33333333333,0.585540043769,2,0,0,0,0,0.211596144263,37,36,36,0.972972972973,0,0.702702702703,0.135135135135,0.135135135135,37,114,0.0855855855856,1.32882882883,6.16216216216,11.4,3.25714285714,4.66972229435,0.757805810924,0.385490753912,5.39741902506,1.7517938941,0.771929824561,1.80090067556,0.584502850841,0.325272641062,0.593803505044,0.446862298711,2.16666666667,1.33796296296,0.5995846593,2.16666666667,0.0136081337953,0.0122324159021,4,0.000514800514801,0.212583798584,37,36,36,0.972972972973,0,0.702702702703,0.243243243243,0.027027027027,-102,-0.0765765765766,0.0045045045045,-5.51351351351,-10.2,-2.74285714286,-3.52937675526,0.0555681608426,0.0754306938517,-4.93191760393,-0.0175832136453,0.00666455929614,-1.28593079514,0.0557400526182,0.0725198883094,0.0138583901096,0.00894455886265,0.166666666667,0.0136386386386,0.019639544366,0.166666666667,0.00143800762517,0.00625971965641,-3,-0.0003861003861,-0.408612782612,-0.027027027027,0,0,114,0,102,1116,0.527777777778,1,0,0.472222222222,1,0.527777777778,0.690909090909,0.695398906206,0.527777777778,0.527777777778,6,108,0,0,0,0
1963,WLNM_dir_neg,0.993634259259,0.950575575576,00:00:02,10,50,19,1235135443,threshold_sweep,0.1,1,0.037037037037,0.0714285714286,4,0,104,216,0.037037037037,1,0,0.962962962963,1,0.037037037037,0.0714285714286,0.679012345679,0.662551440329,0.0487804878049,0.158113883008,0.037037037037,216,108,108,0,216,0,108,0,108,37,216,0.162162162162,1.32432432432,11.6756756757,21.6,6,8.1990990496,0.702237650082,0.31006006006,10.329336629,1.76937710775,0.765265265265,3.0868314707,0.528762798222,0.252752752753,0.579945114934,0.437917739848,2,1.32432432432,0.579945114934,2,0.0121701261701,0.00597269624573,7,0.000900900900901,0.621196581197,37,37,37,1,0,0.72972972973,0.243243243243,0.027027027027,37,0.0810810810811,1.32432432432,5.83783783784,10.8,3.48387096774,4.54308701652,0.778213979681,0.382382382382,5.39227007638,1.84735178543,0.791291291291,1.949050743,0.66773034714,0.371371371371,0.579945114934,0.437917739848,2,1.34285714286,0.591252764842,2,0,0,0,0,0.204602676758,37,35,35,0.945945945946,0,0.675675675676,0.162162162162,0.108108108108,37,112,0.0840840840841,1.32432432432,6.05405405405,11.2,3.61290322581,4.73137251608,0.781521353102,0.387065637066,5.4338777155,1.79512031673,0.781370656371,1.86318852279,0.615517636994,0.339768339768,0.579945114934,0.437917739848,2,1.34285714286,0.591252764842,2,0,0,0,0,0.219417491573,37,35,35,0.945945945946,0,0.675675675676,0.162162162162,0.108108108108,-104,-0.0780780780781,0,-5.62162162162,-10.4,-2.38709677419,-3.46772653353,0.0792837030201,0.0770055770056,-4.8954589135,0.025743208983,0.0161053911054,-1.22364294791,0.086754838772,0.0870155870156,0,0,0,0.0185328185328,0.0113076499071,0,-0.0121701261701,-0.00597269624573,-7,-0.000900900900901,-0.401779089624,-0.0540540540541,-0.0810810810811,0.0810810810811,112,0,104,1116,0.518518518519,1,0,0.481481481481,1,0.518518518519,0.682926829268,0.688706715439,0.518518518519,0.518518518519,4,108,0,0,0,0
1964,WLNM_dir_neg,0.993634259259,0.950575575576,00:00:02,10,50,19,1235135443,threshold_sweep,0.2,1,0.037037037037,0.0714285714286,4,0,104,216,0.037037037037,1,0,0.962962962963,1,0.037037037037,0.0714285714286,0.679012345679,0.662551440329,0.0487804878049,0.158113883008,0.037037037037,216,108,108,0,216,0,108,0,108,37,216,0.162162162162,1.32432432432,11.6756756757,21.6,6,8.1990990496,0.702237650082,0.31006006006,10.329336629,1.76937710775,0.765265265265,3.0868314707,0.528762798222,0.252752752753,0.579945114934,0.437917739848,2,1.32432432432,0.579945114934,2,0.0121701261701,0.00597269624573,7,0.000900900900901,0.621196581197,37,37,37,1,0,0.72972972973,0.243243243243,0.027027027027,37,0.0810810810811,1.32432432432,5.83783783784,10.8,3.48387096774,4.54308701652,0.778213979681,0.382382382382,5.39227007638,1.84735178543,0.791291291291,1.949050743,0.66773034714,0.371371371371,0.579945114934,0.437917739848,2,1.34285714286,0.591252764842,2,0,0,0,0,0.204602676758,37,35,35,0.945945945946,0,0.675675675676,0.162162162162,0.108108108108,37,112,0.0840840840841,1.32432432432,6.05405405405,11.2,3.61290322581,4.73137251608,0.781521353102,0.387065637066,5.4338777155,1.79512031673,0.781370656371,1.86318852279,0.615517636994,0.339768339768,0.579945114934,0.437917739848,2,1.34285714286,0.591252764842,2,0,0,0,0,0.219417491573,37,35,35,0.945945945946,0,0.675675675676,0.162162162162,0.108108108108,-104,-0.0780780780781,0,-5.62162162162,-10.4,-2.38709677419,-3.46772653353,0.0792837030201,0.0770055770056,-4.8954589135,0.025743208983,0.0161053911054,-1.22364294791,0.086754838772,0.0870155870156,0,0,0,0.0185328185328,0.0113076499071,0,-0.0121701261701,-0.00597269624573,-7,-0.000900900900901,-0.401779089624,-0.0540540540541,-0.0810810810811,0.0810810810811,112,0,104,1116,0.518518518519,1,0,0.481481481481,1,0.518518518519,0.682926829268,0.688706715439,0.518518518519,0.518518518519,4,108,0,0,0,0
1965,WLNM_dir_neg,0.993634259259,0.950575575576,00:00:02,10,50,19,1235135443,threshold_sweep,0.3,1,0.037037037037,0.0714285714286,4,0,104,216,0.037037037037,1,0,0.962962962963,1,0.037037037037,0.0714285714286,0.679012345679,0.662551440329,0.0487804878049,0.158113883008,0.037037037037,216,108,108,0,216,0,108,0,108,37,216,0.162162162162,1.32432432432,11.6756756757,21.6,6,8.1990990496,0.702237650082,0.31006006006,10.329336629,1.76937710775,0.765265265265,3.0868314707,0.528762798222,0.252752752753,0.579945114934,0.437917739848,2,1.32432432432,0.579945114934,2,0.0121701261701,0.00597269624573,7,0.000900900900901,0.621196581197,37,37,37,1,0,0.72972972973,0.243243243243,0.027027027027,37,0.0810810810811,1.32432432432,5.83783783784,10.8,3.48387096774,4.54308701652,0.778213979681,0.382382382382,5.39227007638,1.84735178543,0.791291291291,1.949050743,0.66773034714,0.371371371371,0.579945114934,0.437917739848,2,1.34285714286,0.591252764842,2,0,0,0,0,0.204602676758,37,35,35,0.945945945946,0,0.675675675676,0.162162162162,0.108108108108,37,112,0.0840840840841,1.32432432432,6.05405405405,11.2,3.61290322581,4.73137251608,0.781521353102,0.387065637066,5.4338777155,1.79512031673,0.781370656371,1.86318852279,0.615517636994,0.339768339768,0.579945114934,0.437917739848,2,1.34285714286,0.591252764842,2,0,0,0,0,0.219417491573,37,35,35,0.945945945946,0,0.675675675676,0.162162162162,0.108108108108,-104,-0.0780780780781,0,-5.62162162162,-10.4,-2.38709677419,-3.46772653353,0.0792837030201,0.0770055770056,-4.8954589135,0.025743208983,0.0161053911054,-1.22364294791,0.086754838772,0.0870155870156,0,0,0,0.0185328185328,0.0113076499071,0,-0.0121701261701,-0.00597269624573,-7,-0.000900900900901,-0.401779089624,-0.0540540540541,-0.0810810810811,0.0810810810811,112,0,104,1116,0.518518518519,1,0,0.481481481481,1,0.518518518519,0.682926829268,0.688706715439,0.518518518519,0.518518518519,4,108,0,0,0,0
1966,WLNM_dir_neg,0.993634259259,0.950575575576,00:00:02,10,50,19,1235135443,threshold_sweep,0.4,1,0.037037037037,0.0714285714286,4,0,104,216,0.037037037037,1,0,0.962962962963,1,0.037037037037,0.0714285714286,0.679012345679,0.662551440329,0.0487804878049,0.158113883008,0.037037037037,216,108,108,0,216,0,108,0,108,37,216,0.162162162162,1.32432432432,11.6756756757,21.6,6,8.1990990496,0.702237650082,0.31006006006,10.329336629,1.76937710775,0.765265265265,3.0868314707,0.528762798222,0.252752752753,0.579945114934,0.437917739848,2,1.32432432432,0.579945114934,2,0.0121701261701,0.00597269624573,7,0.000900900900901,0.621196581197,37,37,37,1,0,0.72972972973,0.243243243243,0.027027027027,37,0.0810810810811,1.32432432432,5.83783783784,10.8,3.48387096774,4.54308701652,0.778213979681,0.382382382382,5.39227007638,1.84735178543,0.791291291291,1.949050743,0.66773034714,0.371371371371,0.579945114934,0.437917739848,2,1.34285714286,0.591252764842,2,0,0,0,0,0.204602676758,37,35,35,0.945945945946,0,0.675675675676,0.162162162162,0.108108108108,37,112,0.0840840840841,1.32432432432,6.05405405405,11.2,3.61290322581,4.73137251608,0.781521353102,0.387065637066,5.4338777155,1.79512031673,0.781370656371,1.86318852279,0.615517636994,0.339768339768,0.579945114934,0.437917739848,2,1.34285714286,0.591252764842,2,0,0,0,0,0.219417491573,37,35,35,0.945945945946,0,0.675675675676,0.162162162162,0.108108108108,-104,-0.0780780780781,0,-5.62162162162,-10.4,-2.38709677419,-3.46772653353,0.0792837030201,0.0770055770056,-4.8954589135,0.025743208983,0.0161053911054,-1.22364294791,0.086754838772,0.0870155870156,0,0,0,0.0185328185328,0.0113076499071,0,-0.0121701261701,-0.00597269624573,-7,-0.000900900900901,-0.401779089624,-0.0540540540541,-0.0810810810811,0.0810810810811,112,0,104,1116,0.518518518519,1,0,0.481481481481,1,0.518518518519,0.682926829268,0.688706715439,0.518518518519,0.518518518519,4,108,0,0,0,0
1967,WLNM_dir_neg,0.993634259259,0.950575575576,00:00:02,10,50,19,1235135443,threshold_sweep,0.5,1,0.037037037037,0.0714285714286,4,0,104,216,0.037037037037,1,0,0.962962962963,1,0.037037037037,0.0714285714286,0.679012345679,0.662551440329,0.0487804878049,0.158113883008,0.037037037037,216,108,108,0,216,0,108,0,108,37,216,0.162162162162,1.32432432432,11.6756756757,21.6,6,8.1990990496,0.702237650082,0.31006006006,10.329336629,1.76937710775,0.765265265265,3.0868314707,0.528762798222,0.252752752753,0.579945114934,0.437917739848,2,1.32432432432,0.579945114934,2,0.0121701261701,0.00597269624573,7,0.000900900900901,0.621196581197,37,37,37,1,0,0.72972972973,0.243243243243,0.027027027027,37,0.0810810810811,1.32432432432,5.83783783784,10.8,3.48387096774,4.54308701652,0.778213979681,0.382382382382,5.39227007638,1.84735178543,0.791291291291,1.949050743,0.66773034714,0.371371371371,0.579945114934,0.437917739848,2,1.34285714286,0.591252764842,2,0,0,0,0,0.204602676758,37,35,35,0.945945945946,0,0.675675675676,0.162162162162,0.108108108108,37,112,0.0840840840841,1.32432432432,6.05405405405,11.2,3.61290322581,4.73137251608,0.781521353102,0.387065637066,5.4338777155,1.79512031673,0.781370656371,1.86318852279,0.615517636994,0.339768339768,0.579945114934,0.437917739848,2,1.34285714286,0.591252764842,2,0,0,0,0,0.219417491573,37,35,35,0.945945945946,0,0.675675675676,0.162162162162,0.108108108108,-104,-0.0780780780781,0,-5.62162162162,-10.4,-2.38709677419,-3.46772653353,0.0792837030201,0.0770055770056,-4.8954589135,0.025743208983,0.0161053911054,-1.22364294791,0.086754838772,0.0870155870156,0,0,0,0.0185328185328,0.0113076499071,0,-0.0121701261701,-0.00597269624573,-7,-0.000900900900901,-0.401779089624,-0.0540540540541,-0.0810810810811,0.0810810810811,112,0,104,1116,0.518518518519,1,0,0.481481481481,1,0.518518518519,0.682926829268,0.688706715439,0.518518518519,0.518518518519,4,108,0,0,0,0
1968,WLNM_dir_neg,0.993634259259,0.950575575576,00:00:02,10,50,19,1235135443,threshold_sweep,0.6,1,0.037037037037,0.0714285714286,4,0,104,216,0.037037037037,1,0,0.962962962963,1,0.037037037037,0.0714285714286,0.679012345679,0.662551440329,0.0487804878049,0.158113883008,0.037037037037,216,108,108,0,216,0,108,0,108,37,216,0.162162162162,1.32432432432,11.6756756757,21.6,6,8.1990990496,0.702237650082,0.31006006006,10.329336629,1.76937710775,0.765265265265,3.0868314707,0.528762798222,0.252752752753,0.579945114934,0.437917739848,2,1.32432432432,0.579945114934,2,0.0121701261701,0.00597269624573,7,0.000900900900901,0.621196581197,37,37,37,1,0,0.72972972973,0.243243243243,0.027027027027,37,0.0810810810811,1.32432432432,5.83783783784,10.8,3.48387096774,4.54308701652,0.778213979681,0.382382382382,5.39227007638,1.84735178543,0.791291291291,1.949050743,0.66773034714,0.371371371371,0.579945114934,0.437917739848,2,1.34285714286,0.591252764842,2,0,0,0,0,0.204602676758,37,35,35,0.945945945946,0,0.675675675676,0.162162162162,0.108108108108,37,112,0.0840840840841,1.32432432432,6.05405405405,11.2,3.61290322581,4.73137251608,0.781521353102,0.387065637066,5.4338777155,1.79512031673,0.781370656371,1.86318852279,0.615517636994,0.339768339768,0.579945114934,0.437917739848,2,1.34285714286,0.591252764842,2,0,0,0,0,0.219417491573,37,35,35,0.945945945946,0,0.675675675676,0.162162162162,0.108108108108,-104,-0.0780780780781,0,-5.62162162162,-10.4,-2.38709677419,-3.46772653353,0.0792837030201,0.0770055770056,-4.8954589135,0.025743208983,0.0161053911054,-1.22364294791,0.086754838772,0.0870155870156,0,0,0,0.0185328185328,0.0113076499071,0,-0.0121701261701,-0.00597269624573,-7,-0.000900900900901,-0.401779089624,-0.0540540540541,-0.0810810810811,0.0810810810811,112,0,104,1116,0.518518518519,1,0,0.481481481481,1,0.518518518519,0.682926829268,0.688706715439,0.518518518519,0.518518518519,4,108,0,0,0,0
1969,WLNM_dir_neg,0.993634259259,0.950575575576,00:00:02,10,50,19,1235135443,threshold_sweep,0.7,1,0.037037037037,0.0714285714286,4,0,104,216,0.037037037037,1,0,0.962962962963,1,0.037037037037,0.0714285714286,0.679012345679,0.662551440329,0.0487804878049,0.158113883008,0.037037037037,216,108,108,0,216,0,108,0,108,37,216,0.162162162162,1.32432432432,11.6756756757,21.6,6,8.1990990496,0.702237650082,0.31006006006,10.329336629,1.76937710775,0.765265265265,3.0868314707,0.528762798222,0.252752752753,0.579945114934,0.437917739848,2,1.32432432432,0.579945114934,2,0.0121701261701,0.00597269624573,7,0.000900900900901,0.621196581197,37,37,37,1,0,0.72972972973,0.243243243243,0.027027027027,37,0.0810810810811,1.32432432432,5.83783783784,10.8,3.48387096774,4.54308701652,0.778213979681,0.382382382382,5.39227007638,1.84735178543,0.791291291291,1.949050743,0.66773034714,0.371371371371,0.579945114934,0.437917739848,2,1.34285714286,0.591252764842,2,0,0,0,0,0.204602676758,37,35,35,0.945945945946,0,0.675675675676,0.162162162162,0.108108108108,37,112,0.0840840840841,1.32432432432,6.05405405405,11.2,3.61290322581,4.73137251608,0.781521353102,0.387065637066,5.4338777155,1.79512031673,0.781370656371,1.86318852279,0.615517636994,0.339768339768,0.579945114934,0.437917739848,2,1.34285714286,0.591252764842,2,0,0,0,0,0.219417491573,37,35,35,0.945945945946,0,0.675675675676,0.162162162162,0.108108108108,-104,-0.0780780780781,0,-5.62162162162,-10.4,-2.38709677419,-3.46772653353,0.0792837030201,0.0770055770056,-4.8954589135,0.025743208983,0.0161053911054,-1.22364294791,0.086754838772,0.0870155870156,0,0,0,0.0185328185328,0.0113076499071,0,-0.0121701261701,-0.00597269624573,-7,-0.000900900900901,-0.401779089624,-0.0540540540541,-0.0810810810811,0.0810810810811,112,0,104,1116,0.518518518519,1,0,0.481481481481,1,0.518518518519,0.682926829268,0.688706715439,0.518518518519,0.518518518519,4,108,0,0,0,0
1970,WLNM_dir_neg,0.993634259259,0.950575575576,00:00:02,10,50,19,1235135443,threshold_sweep,0.8,1,0.037037037037,0.0714285714286,4,0,104,216,0.037037037037,1,0,0.962962962963,1,0.037037037037,0.0714285714286,0.679012345679,0.662551440329,0.0487804878049,0.158113883008,0.037037037037,216,108,108,0,216,0,108,0,108,37,216,0.162162162162,1.32432432432,11.6756756757,21.6,6,8.1990990496,0.702237650082,0.31006006006,10.329336629,1.76937710775,0.765265265265,3.0868314707,0.528762798222,0.252752752753,0.579945114934,0.437917739848,2,1.32432432432,0.579945114934,2,0.0121701261701,0.00597269624573,7,0.000900900900901,0.621196581197,37,37,37,1,0,0.72972972973,0.243243243243,0.027027027027,37,0.0810810810811,1.32432432432,5.83783783784,10.8,3.48387096774,4.54308701652,0.778213979681,0.382382382382,5.39227007638,1.84735178543,0.791291291291,1.949050743,0.66773034714,0.371371371371,0.579945114934,0.437917739848,2,1.34285714286,0.591252764842,2,0,0,0,0,0.204602676758,37,35,35,0.945945945946,0,0.675675675676,0.162162162162,0.108108108108,37,112,0.0840840840841,1.32432432432,6.05405405405,11.2,3.61290322581,4.73137251608,0.781521353102,0.387065637066,5.4338777155,1.79512031673,0.781370656371,1.86318852279,0.615517636994,0.339768339768,0.579945114934,0.437917739848,2,1.34285714286,0.591252764842,2,0,0,0,0,0.219417491573,37,35,35,0.945945945946,0,0.675675675676,0.162162162162,0.108108108108,-104,-0.0780780780781,0,-5.62162162162,-10.4,-2.38709677419,-3.46772653353,0.0792837030201,0.0770055770056,-4.8954589135,0.025743208983,0.0161053911054,-1.22364294791,0.086754838772,0.0870155870156,0,0,0,0.0185328185328,0.0113076499071,0,-0.0121701261701,-0.00597269624573,-7,-0.000900900900901,-0.401779089624,-0.0540540540541,-0.0810810810811,0.0810810810811,112,0,104,1116,0.518518518519,1,0,0.481481481481,1,0.518518518519,0.682926829268,0.688706715439,0.518518518519,0.518518518519,4,108,0,0,0,0
1971,WLNM_dir_neg,0.993634259259,0.950575575576,00:00:02,10,50,19,1235135443,threshold_sweep,0.9,1,0.037037037037,0.0714285714286,4,0,104,216,0.037037037037,1,0,0.962962962963,1,0.037037037037,0.0714285714286,0.679012345679,0.662551440329,0.0487804878049,0.158113883008,0.037037037037,216,108,108,0,216,0,108,0,108,37,216,0.162162162162,1.32432432432,11.6756756757,21.6,6,8.1990990496,0.702237650082,0.31006006006,10.329336629,1.76937710775,0.765265265265,3.0868314707,0.528762798222,0.252752752753,0.579945114934,0.437917739848,2,1.32432432432,0.579945114934,2,0.0121701261701,0.00597269624573,7,0.000900900900901,0.621196581197,37,37,37,1,0,0.72972972973,0.243243243243,0.027027027027,37,0.0810810810811,1.32432432432,5.83783783784,10.8,3.48387096774,4.54308701652,0.778213979681,0.382382382382,5.39227007638,1.84735178543,0.791291291291,1.949050743,0.66773034714,0.371371371371,0.579945114934,0.437917739848,2,1.34285714286,0.591252764842,2,0,0,0,0,0.204602676758,37,35,35,0.945945945946,0,0.675675675676,0.162162162162,0.108108108108,37,112,0.0840840840841,1.32432432432,6.05405405405,11.2,3.61290322581,4.73137251608,0.781521353102,0.387065637066,5.4338777155,1.79512031673,0.781370656371,1.86318852279,0.615517636994,0.339768339768,0.579945114934,0.437917739848,2,1.34285714286,0.591252764842,2,0,0,0,0,0.219417491573,37,35,35,0.945945945946,0,0.675675675676,0.162162162162,0.108108108108,-104,-0.0780780780781,0,-5.62162162162,-10.4,-2.38709677419,-3.46772653353,0.0792837030201,0.0770055770056,-4.8954589135,0.025743208983,0.0161053911054,-1.22364294791,0.086754838772,0.0870155870156,0,0,0,0.0185328185328,0.0113076499071,0,-0.0121701261701,-0.00597269624573,-7,-0.000900900900901,-0.401779089624,-0.0540540540541,-0.0810810810811,0.0810810810811,112,0,104,1116,0.518518518519,1,0,0.481481481481,1,0.518518518519,0.682926829268,0.688706715439,0.518518518519,0.518518518519,4,108,0,0,0,0
1972,WLNM_dir_neg,0.991340877915,0.974041005291,00:00:03,10,50,20,1235135444,threshold_sweep,0.1,1,0.0648148148148,0.121739130435,7,0,101,216,0.0648148148148,1,0,0.935185185185,1,0.0648148148148,0.121739130435,0.688271604938,0.659465020576,0.0845921450151,0.210152415772,0.0648148148148,216,108,108,0,216,0,108,0,108,37,216,0.162162162162,1.32432432432,11.6756756757,21.6,6,8.1990990496,0.702237650082,0.31006006006,10.329336629,1.76937710775,0.765265265265,3.0868314707,0.528762798222,0.252752752753,0.579945114934,0.437917739848,2,1.32432432432,0.579945114934,2,0.0121701261701,0.00597269624573,7,0.000900900900901,0.621196581197,37,37,37,1,0,0.72972972973,0.243243243243,0.027027027027,37,0.0810810810811,1.31981981982,5.83783783784,10.8,3.375,4.46289339077,0.764477108605,0.374874874875,5.25662744848,1.80088162587,0.778278278278,1.84659413784,0.632629473149,0.350850850851,0.567072809762,0.429659262004,2,1.3287037037,0.57249954753,2,0,0,0,0,0.201307388044,37,36,36,0.972972972973,0,0.702702702703,0.162162162162,0.108108108108,37,115,0.0863363363363,1.32432432432,6.21621621622,11.5,3.28571428571,4.75590355439,0.76508013701,0.387309048179,5.39950503793,1.73723205568,0.762397179788,1.62931109818,0.524213135936,0.286721504113,0.579945114934,0.437917739848,2,1.33333333333,0.585540043769,2,0.013845043845,0.0208540218471,7,0.000900900900901,0.207339134076,37,36,36,0.972972972973,0,0.702702702703,0.243243243243,0.027027027027,-101,-0.0758258258258,0,-5.45945945946,-10.1,-2.71428571429,-3.44319549522,0.062842486928,0.0772489881186,-4.92983159107,-0.0321450520628,-0.00286808547678,-1.45752037252,-0.00454966228606,0.0339687513601,0,0,0,0.00900900900901,0.00559492883467,0,0.00167491767492,0.0148813256013,0,0,-0.413857447121,-0.027027027027,0,0,115,0,101,1116,0.532407407407,1,0,0.467592592593,1,0.532407407407,0.694864048338,0.698729135517,0.532407407407,0.532407407407,7,108,0,0,0,0
1973,WLNM_dir_neg,0.991340877915,0.974041005291,00:00:03,10,50,20,1235135444,threshold_sweep,0.2,1,0.0648148148148,0.121739130435,7,0,101,216,0.0648148148148,1,0,0.935185185185,1,0.0648148148148,0.121739130435,0.688271604938,0.659465020576,0.0845921450151,0.210152415772,0.0648148148148,216,108,108,0,216,0,108,0,108,37,216,0.162162162162,1.32432432432,11.6756756757,21.6,6,8.1990990496,0.702237650082,0.31006006006,10.329336629,1.76937710775,0.765265265265,3.0868314707,0.528762798222,0.252752752753,0.579945114934,0.437917739848,2,1.32432432432,0.579945114934,2,0.0121701261701,0.00597269624573,7,0.000900900900901,0.621196581197,37,37,37,1,0,0.72972972973,0.243243243243,0.027027027027,37,0.0810810810811,1.31981981982,5.83783783784,10.8,3.375,4.46289339077,0.764477108605,0.374874874875,5.25662744848,1.80088162587,0.778278278278,1.84659413784,0.632629473149,0.350850850851,0.567072809762,0.429659262004,2,1.3287037037,0.57249954753,2,0,0,0,0,0.201307388044,37,36,36,0.972972972973,0,0.702702702703,0.162162162162,0.108108108108,37,115,0.0863363363363,1.32432432432,6.21621621622,11.5,3.28571428571,4.75590355439,0.76508013701,0.387309048179,5.39950503793,1.73723205568,0.762397179788,1.62931109818,0.524213135936,0.286721504113,0.579945114934,0.437917739848,2,1.33333333333,0.585540043769,2,0.013845043845,0.0208540218471,7,0.000900900900901,0.207339134076,37,36,36,0.972972972973,0,0.702702702703,0.243243243243,0.027027027027,-101,-0.0758258258258,0,-5.45945945946,-10.1,-2.71428571429,-3.44319549522,0.062842486928,0.0772489881186,-4.92983159107,-0.0321450520628,-0.00286808547678,-1.45752037252,-0.00454966228606,0.0339687513601,0,0,0,0.00900900900901,0.00559492883467,0,0.00167491767492,0.0148813256013,0,0,-0.413857447121,-0.027027027027,0,0,115,0,101,1116,0.532407407407,1,0,0.467592592593,1,0.532407407407,0.694864048338,0.698729135517,0.532407407407,0.532407407407,7,108,0,0,0,0
1974,WLNM_dir_neg,0.991340877915,0.974041005291,00:00:03,10,50,20,1235135444,threshold_sweep,0.3,1,0.0462962962963,0.0884955752212,5,0,103,216,0.0462962962963,1,0,0.953703703704,1,0.0462962962963,0.0884955752212,0.682098765432,0.661522633745,0.0607902735562,0.177053557949,0.0462962962963,216,108,108,0,216,0,108,0,108,37,216,0.162162162162,1.32432432432,11.6756756757,21.6,6,8.1990990496,0.702237650082,0.31006006006,10.329336629,1.76937710775,0.765265265265,3.0868314707,0.528762798222,0.252752752753,0.579945114934,0.437917739848,2,1.32432432432,0.579945114934,2,0.0121701261701,0.00597269624573,7,0.000900900900901,0.621196581197,37,37,37,1,0,0.72972972973,0.243243243243,0.027027027027,37,0.0810810810811,1.31981981982,5.83783783784,10.8,3.375,4.46289339077,0.764477108605,0.374874874875,5.25662744848,1.80088162587,0.778278278278,1.84659413784,0.632629473149,0.350850850851,0.567072809762,0.429659262004,2,1.3287037037,0.57249954753,2,0,0,0,0,0.201307388044,37,36,36,0.972972972973,0,0.702702702703,0.162162162162,0.108108108108,37,113,0.0848348348348,1.32432432432,6.10810810811,11.3,3.22857142857,4.63551377821,0.75891154776,0.382444391294,5.33825786161,1.74792514053,0.76632384597,1.68235856176,0.55086076801,0.303755082516,0.579945114934,0.437917739848,2,1.33333333333,0.585540043769,2,0.0118338804053,0.0155601659751,5,0.000643500643501,0.202894689631,37,36,36,0.972972972973,0,0.702702702703,0.243243243243,0.027027027027,-103,-0.0773273273273,0,-5.56756756757,-10.3,-2.77142857143,-3.56358527139,0.0566738976784,0.0723843312339,-4.99107876739,-0.0214519672195,0.0010585807046,-1.40447290894,0.0220979697878,0.0510023297634,0,0,0,0.00900900900901,0.00559492883467,0,-0.000336245764817,0.00958746972937,-2,-0.0002574002574,-0.418301891565,-0.027027027027,0,0,113,0,103,1116,0.523148148148,1,0,0.476851851852,1,0.523148148148,0.686930091185,0.692058155085,0.523148148148,0.523148148148,5,108,0,0,0,0
1975,WLNM_dir_neg,0.991340877915,0.974041005291,00:00:03,10,50,20,1235135444,threshold_sweep,0.4,1,0.0462962962963,0.0884955752212,5,0,103,216,0.0462962962963,1,0,0.953703703704,1,0.0462962962963,0.0884955752212,0.682098765432,0.661522633745,0.0607902735562,0.177053557949,0.0462962962963,216,108,108,0,216,0,108,0,108,37,216,0.162162162162,1.32432432432,11.6756756757,21.6,6,8.1990990496,0.702237650082,0.31006006006,10.329336629,1.76937710775,0.765265265265,3.0868314707,0.528762798222,0.252752752753,0.579945114934,0.437917739848,2,1.32432432432,0.579945114934,2,0.0121701261701,0.00597269624573,7,0.000900900900901,0.621196581197,37,37,37,1,0,0.72972972973,0.243243243243,0.027027027027,37,0.0810810810811,1.31981981982,5.83783783784,10.8,3.375,4.46289339077,0.764477108605,0.374874874875,5.25662744848,1.80088162587,0.778278278278,1.84659413784,0.632629473149,0.350850850851,0.567072809762,0.429659262004,2,1.3287037037,0.57249954753,2,0,0,0,0,0.201307388044,37,36,36,0.972972972973,0,0.702702702703,0.162162162162,0.108108108108,37,113,0.0848348348348,1.32432432432,6.10810810811,11.3,3.22857142857,4.63551377821,0.75891154776,0.382444391294,5.33825786161,1.74792514053,0.76632384597,1.68235856176,0.55086076801,0.303755082516,0.579945114934,0.437917739848,2,1.33333333333,0.585540043769,2,0.0118338804053,0.0155601659751,5,0.000643500643501,0.202894689631,37,36,36,0.972972972973,0,0.702702702703,0.243243243243,0.027027027027,-103,-0.0773273273273,0,-5.56756756757,-10.3,-2.77142857143,-3.56358527139,0.0566738976784,0.0723843312339,-4.99107876739,-0.0214519672195,0.0010585807046,-1.40447290894,0.0220979697878,0.0510023297634,0,0,0,0.00900900900901,0.00559492883467,0,-0.000336245764817,0.00958746972937,-2,-0.0002574002574,-0.418301891565,-0.027027027027,0,0,113,0,103,1116,0.523148148148,1,0,0.476851851852,1,0.523148148148,0.686930091185,0.692058155085,0.523148148148,0.523148148148,5,108,0,0,0,0
1976,WLNM_dir_neg,0.991340877915,0.974041005291,00:00:03,10,50,20,1235135444,threshold_sweep,0.5,1,0.0462962962963,0.0884955752212,5,0,103,216,0.0462962962963,1,0,0.953703703704,1,0.0462962962963,0.0884955752212,0.682098765432,0.661522633745,0.0607902735562,0.177053557949,0.0462962962963,216,108,108,0,216,0,108,0,108,37,216,0.162162162162,1.32432432432,11.6756756757,21.6,6,8.1990990496,0.702237650082,0.31006006006,10.329336629,1.76937710775,0.765265265265,3.0868314707,0.528762798222,0.252752752753,0.579945114934,0.437917739848,2,1.32432432432,0.579945114934,2,0.0121701261701,0.00597269624573,7,0.000900900900901,0.621196581197,37,37,37,1,0,0.72972972973,0.243243243243,0.027027027027,37,0.0810810810811,1.31981981982,5.83783783784,10.8,3.375,4.46289339077,0.764477108605,0.374874874875,5.25662744848,1.80088162587,0.778278278278,1.84659413784,0.632629473149,0.350850850851,0.567072809762,0.429659262004,2,1.3287037037,0.57249954753,2,0,0,0,0,0.201307388044,37,36,36,0.972972972973,0,0.702702702703,0.162162162162,0.108108108108,37,113,0.0848348348348,1.32432432432,6.10810810811,11.3,3.22857142857,4.63551377821,0.75891154776,0.382444391294,5.33825786161,1.74792514053,0.76632384597,1.68235856176,0.55086076801,0.303755082516,0.579945114934,0.437917739848,2,1.33333333333,0.585540043769,2,0.0118338804053,0.0155601659751,5,0.000643500643501,0.202894689631,37,36,36,0.972972972973,0,0.702702702703,0.243243243243,0.027027027027,-103,-0.0773273273273,0,-5.56756756757,-10.3,-2.77142857143,-3.56358527139,0.0566738976784,0.0723843312339,-4.99107876739,-0.0214519672195,0.0010585807046,-1.40447290894,0.0220979697878,0.0510023297634,0,0,0,0.00900900900901,0.00559492883467,0,-0.000336245764817,0.00958746972937,-2,-0.0002574002574,-0.418301891565,-0.027027027027,0,0,113,0,103,1116,0.523148148148,1,0,0.476851851852,1,0.523148148148,0.686930091185,0.692058155085,0.523148148148,0.523148148148,5,108,0,0,0,0
1977,WLNM_dir_neg,0.991340877915,0.974041005291,00:00:03,10,50,20,1235135444,threshold_sweep,0.6,1,0.0462962962963,0.0884955752212,5,0,103,216,0.0462962962963,1,0,0.953703703704,1,0.0462962962963,0.0884955752212,0.682098765432,0.661522633745,0.0607902735562,0.177053557949,0.0462962962963,216,108,108,0,216,0,108,0,108,37,216,0.162162162162,1.32432432432,11.6756756757,21.6,6,8.1990990496,0.702237650082,0.31006006006,10.329336629,1.76937710775,0.765265265265,3.0868314707,0.528762798222,0.252752752753,0.579945114934,0.437917739848,2,1.32432432432,0.579945114934,2,0.0121701261701,0.00597269624573,7,0.000900900900901,0.621196581197,37,37,37,1,0,0.72972972973,0.243243243243,0.027027027027,37,0.0810810810811,1.31981981982,5.83783783784,10.8,3.375,4.46289339077,0.764477108605,0.374874874875,5.25662744848,1.80088162587,0.778278278278,1.84659413784,0.632629473149,0.350850850851,0.567072809762,0.429659262004,2,1.3287037037,0.57249954753,2,0,0,0,0,0.201307388044,37,36,36,0.972972972973,0,0.702702702703,0.162162162162,0.108108108108,37,113,0.0848348348348,1.32432432432,6.10810810811,11.3,3.22857142857,4.63551377821,0.75891154776,0.382444391294,5.33825786161,1.74792514053,0.76632384597,1.68235856176,0.55086076801,0.303755082516,0.579945114934,0.437917739848,2,1.33333333333,0.585540043769,2,0.0118338804053,0.0155601659751,5,0.000643500643501,0.202894689631,37,36,36,0.972972972973,0,0.702702702703,0.243243243243,0.027027027027,-103,-0.0773273273273,0,-5.56756756757,-10.3,-2.77142857143,-3.56358527139,0.0566738976784,0.0723843312339,-4.99107876739,-0.0214519672195,0.0010585807046,-1.40447290894,0.0220979697878,0.0510023297634,0,0,0,0.00900900900901,0.00559492883467,0,-0.000336245764817,0.00958746972937,-2,-0.0002574002574,-0.418301891565,-0.027027027027,0,0,113,0,103,1116,0.523148148148,1,0,0.476851851852,1,0.523148148148,0.686930091185,0.692058155085,0.523148148148,0.523148148148,5,108,0,0,0,0
1978,WLNM_dir_neg,0.991340877915,0.974041005291,00:00:03,10,50,20,1235135444,threshold_sweep,0.7,1,0.0462962962963,0.0884955752212,5,0,103,216,0.0462962962963,1,0,0.953703703704,1,0.0462962962963,0.0884955752212,0.682098765432,0.661522633745,0.0607902735562,0.177053557949,0.0462962962963,216,108,108,0,216,0,108,0,108,37,216,0.162162162162,1.32432432432,11.6756756757,21.6,6,8.1990990496,0.702237650082,0.31006006006,10.329336629,1.76937710775,0.765265265265,3.0868314707,0.528762798222,0.252752752753,0.579945114934,0.437917739848,2,1.32432432432,0.579945114934,2,0.0121701261701,0.00597269624573,7,0.000900900900901,0.621196581197,37,37,37,1,0,0.72972972973,0.243243243243,0.027027027027,37,0.0810810810811,1.31981981982,5.83783783784,10.8,3.375,4.46289339077,0.764477108605,0.374874874875,5.25662744848,1.80088162587,0.778278278278,1.84659413784,0.632629473149,0.350850850851,0.567072809762,0.429659262004,2,1.3287037037,0.57249954753,2,0,0,0,0,0.201307388044,37,36,36,0.972972972973,0,0.702702702703,0.162162162162,0.108108108108,37,113,0.0848348348348,1.32432432432,6.10810810811,11.3,3.22857142857,4.63551377821,0.75891154776,0.382444391294,5.33825786161,1.74792514053,0.76632384597,1.68235856176,0.55086076801,0.303755082516,0.579945114934,0.437917739848,2,1.33333333333,0.585540043769,2,0.0118338804053,0.0155601659751,5,0.000643500643501,0.202894689631,37,36,36,0.972972972973,0,0.702702702703,0.243243243243,0.027027027027,-103,-0.0773273273273,0,-5.56756756757,-10.3,-2.77142857143,-3.56358527139,0.0566738976784,0.0723843312339,-4.99107876739,-0.0214519672195,0.0010585807046,-1.40447290894,0.0220979697878,0.0510023297634,0,0,0,0.00900900900901,0.00559492883467,0,-0.000336245764817,0.00958746972937,-2,-0.0002574002574,-0.418301891565,-0.027027027027,0,0,113,0,103,1116,0.523148148148,1,0,0.476851851852,1,0.523148148148,0.686930091185,0.692058155085,0.523148148148,0.523148148148,5,108,0,0,0,0
1979,WLNM_dir_neg,0.991340877915,0.974041005291,00:00:03,10,50,20,1235135444,threshold_sweep,0.8,1,0.0462962962963,0.0884955752212,5,0,103,216,0.0462962962963,1,0,0.953703703704,1,0.0462962962963,0.0884955752212,0.682098765432,0.661522633745,0.0607902735562,0.177053557949,0.0462962962963,216,108,108,0,216,0,108,0,108,37,216,0.162162162162,1.32432432432,11.6756756757,21.6,6,8.1990990496,0.702237650082,0.31006006006,10.329336629,1.76937710775,0.765265265265,3.0868314707,0.528762798222,0.252752752753,0.579945114934,0.437917739848,2,1.32432432432,0.579945114934,2,0.0121701261701,0.00597269624573,7,0.000900900900901,0.621196581197,37,37,37,1,0,0.72972972973,0.243243243243,0.027027027027,37,0.0810810810811,1.31981981982,5.83783783784,10.8,3.375,4.46289339077,0.764477108605,0.374874874875,5.25662744848,1.80088162587,0.778278278278,1.84659413784,0.632629473149,0.350850850851,0.567072809762,0.429659262004,2,1.3287037037,0.57249954753,2,0,0,0,0,0.201307388044,37,36,36,0.972972972973,0,0.702702702703,0.162162162162,0.108108108108,37,113,0.0848348348348,1.32432432432,6.10810810811,11.3,3.22857142857,4.63551377821,0.75891154776,0.382444391294,5.33825786161,1.74792514053,0.76632384597,1.68235856176,0.55086076801,0.303755082516,0.579945114934,0.437917739848,2,1.33333333333,0.585540043769,2,0.0118338804053,0.0155601659751,5,0.000643500643501,0.202894689631,37,36,36,0.972972972973,0,0.702702702703,0.243243243243,0.027027027027,-103,-0.0773273273273,0,-5.56756756757,-10.3,-2.77142857143,-3.56358527139,0.0566738976784,0.0723843312339,-4.99107876739,-0.0214519672195,0.0010585807046,-1.40447290894,0.0220979697878,0.0510023297634,0,0,0,0.00900900900901,0.00559492883467,0,-0.000336245764817,0.00958746972937,-2,-0.0002574002574,-0.418301891565,-0.027027027027,0,0,113,0,103,1116,0.523148148148,1,0,0.476851851852,1,0.523148148148,0.686930091185,0.692058155085,0.523148148148,0.523148148148,5,108,0,0,0,0
1980,WLNM_dir_neg,0.991340877915,0.974041005291,00:00:03,10,50,20,1235135444,threshold_sweep,0.9,1,0.0277777777778,0.0540540540541,3,0,105,216,0.0277777777778,1,0,0.972222222222,1,0.0277777777778,0.0540540540541,0.675925925926,0.663580246914,0.0366972477064,0.136717185405,0.0277777777778,216,108,108,0,216,0,108,0,108,37,216,0.162162162162,1.32432432432,11.6756756757,21.6,6,8.1990990496,0.702237650082,0.31006006006,10.329336629,1.76937710775,0.765265265265,3.0868314707,0.528762798222,0.252752752753,0.579945114934,0.437917739848,2,1.32432432432,0.579945114934,2,0.0121701261701,0.00597269624573,7,0.000900900900901,0.621196581197,37,37,37,1,0,0.72972972973,0.243243243243,0.027027027027,37,0.0810810810811,1.31981981982,5.83783783784,10.8,3.375,4.46289339077,0.764477108605,0.374874874875,5.25662744848,1.80088162587,0.778278278278,1.84659413784,0.632629473149,0.350850850851,0.567072809762,0.429659262004,2,1.3287037037,0.57249954753,2,0,0,0,0,0.201307388044,37,36,36,0.972972972973,0,0.702702702703,0.162162162162,0.108108108108,37,111,0.0833333333333,1.32432432432,6,11.1,3.36363636364,4.54606056566,0.757676760944,0.378134891648,5.30722777603,1.76907592534,0.771365960555,1.76383420738,0.587944735792,0.324324324324,0.579945114934,0.437917739848,2,1.33333333333,0.585540043769,2,0.0162556491128,0.0161812297735,5,0.000643500643501,0.205672467409,37,36,36,0.972972972973,0,0.702702702703,0.189189189189,0.0810810810811,-105,-0.0788288288288,0,-5.67567567568,-10.5,-2.63636363636,-3.65303848394,0.0554391108618,0.0680748315883,-5.02210885297,-0.000301182401915,0.00610069528988,-1.32299726333,0.0591819375697,0.0715715715716,0,0,0,0.00900900900901,0.00559492883467,0,0.00408552294267,0.0102085335277,-2,-0.0002574002574,-0.415524113788,-0.027027027027,-0.0540540540541,0.0540540540541,111,0,105,1116,0.513888888889,1,0,0.486111111111,1,0.513888888889,0.678899082569,0.685344416842,0.513888888889,0.513888888889,3,108,0,0,0,0
1981,WLNM_dir_neg,0.986711248285,0.964148289905,00:00:04,10,50,21,1235135445,threshold_sweep,0.1,1,0.00925925925926,0.0183486238532,1,0,107,216,0.00925925925926,1,0,0.990740740741,1,0.00925925925926,0.0183486238532,0.66975308642,0.665637860082,0.0123076923077,0.0786889475365,0.00925925925926,216,108,108,0,216,0,108,0,108,37,216,0.162162162162,1.32432432432,11.6756756757,21.6,6,8.1990990496,0.702237650082,0.31006006006,10.329336629,1.76937710775,0.765265265265,3.0868314707,0.528762798222,0.252752752753,0.579945114934,0.437917739848,2,1.32432432432,0.579945114934,2,0.0121701261701,0.00597269624573,7,0.000900900900901,0.621196581197,37,37,37,1,0,0.72972972973,0.243243243243,0.027027027027,37,0.0810810810811,1.32432432432,5.83783783784,10.8,3.72413793103,4.46911321998,0.765542542311,0.392392392392,5.47407211,1.8753765562,0.791791791792,2.15223886503,0.737341092648,0.411411411411,0.579945114934,0.437917739848,2,1.34285714286,0.591252764842,2,0,0,0,0,0.218558479953,37,35,35,0.945945945946,0,0.675675675676,0.108108108108,0.162162162162,37,109,0.0818318318318,1.32432432432,5.89189189189,10.9,3.75862068966,4.50791762584,0.765105285119,0.391024051575,5.47695143278,1.85914865149,0.789486734441,2.13367114443,0.724273691227,0.404165633523,0.579945114934,0.437917739848,2,1.34285714286,0.591252764842,2,0,0,0,0,0.224114035509,37,35,35,0.945945945946,0,0.675675675676,0.108108108108,0.162162162162,-107,-0.0803303303303,0,-5.78378378378,-10.7,-2.24137931034,-3.69118142377,0.0628676350371,0.0809639915145,-4.85238519622,0.0897715437478,0.0242214691756,-0.953160326279,0.195510893004,0.151412880771,0,0,0,0.0185328185328,0.0113076499071,0,-0.0121701261701,-0.00597269624573,-7,-0.000900900900901,-0.397082545688,-0.0540540540541,-0.135135135135,0.135135135135,109,0,107,1116,0.50462962963,1,0,0.49537037037,1,0.50462962963,0.670769230769,0.67858654182,0.50462962963,0.50462962963,1,108,0,0,0,0
1982,WLNM_dir_neg,0.986711248285,0.964148289905,00:00:04,10,50,21,1235135445,threshold_sweep,0.2,0,0,0,0,0,108,216,0,1,0,1,0,0,0,0.666666666667,0.666666666667,0,0,0,216,108,108,0,216,0,108,0,108,37,216,0.162162162162,1.32432432432,11.6756756757,21.6,6,8.1990990496,0.702237650082,0.31006006006,10.329336629,1.76937710775,0.765265265265,3.0868314707,0.528762798222,0.252752752753,0.579945114934,0.437917739848,2,1.32432432432,0.579945114934,2,0.0121701261701,0.00597269624573,7,0.000900900900901,0.621196581197,37,37,37,1,0,0.72972972973,0.243243243243,0.027027027027,37,0.0810810810811,1.32432432432,5.83783783784,10.8,3.72413793103,4.46911321998,0.765542542311,0.392392392392,5.47407211,1.8753765562,0.791791791792,2.15223886503,0.737341092648,0.411411411411,0.579945114934,0.437917739848,2,1.34285714286,0.591252764842,2,0,0,0,0,0.218558479953,37,35,35,0.945945945946,0,0.675675675676,0.108108108108,0.162162162162,37,108,0.0810810810811,1.32432432432,5.83783783784,10.8,3.72413793103,4.46911321998,0.765542542311,0.392392392392,5.47407211,1.8753765562,0.791791791792,2.15223886503,0.737341092648,0.411411411411,0.579945114934,0.437917739848,2,1.34285714286,0.591252764842,2,0,0,0,0,0.218558479953,37,35,35,0.945945945946,0,0.675675675676,0.108108108108,0.162162162162,-108,-0.0810810810811,0,-5.83783783784,-10.8,-2.27586206897,-3.72998582963,0.063304892229,0.0823323323323,-4.855264519,0.105999448458,0.0265265265265,-0.934592605677,0.208578294426,0.158658658659,0,0,0,0.0185328185328,0.0113076499071,0,-0.0121701261701,-0.00597269624573,-7,-0.000900900900901,-0.402638101244,-0.0540540540541,-0.135135135135,0.135135135135,108,0,108,1116,0.5,1,0,0.5,1,0.5,0.666666666667,0.675190604897,0.5,0.5,0,108,0,0,0,0
1983,WLNM_dir_neg,0.986711248285,0.964148289905,00:00:04,10,50,21,1235135445,threshold_sweep,0.3,0,0,0,0,0,108,216,0,1,0,1,0,0,0,0.666666666667,0.666666666667,0,0,0,216,108,108,0,216,0,108,0,108,37,216,0.162162162162,1.32432432432,11.6756756757,21.6,6,8.1990990496,0.702237650082,0.31006006006,10.329336629,1.76937710775,0.765265265265,3.0868314707,0.528762798222,0.252752752753,0.579945114934,0.437917739848,2,1.32432432432,0.579945114934,2,0.0121701261701,0.00597269624573,7,0.000900900900901,0.621196581197,37,37,37,1,0,0.72972972973,0.243243243243,0.027027027027,37,0.0810810810811,1.32432432432,5.83783783784,10.8,3.72413793103,4.46911321998,0.765542542311,0.392392392392,5.47407211,1.8753765562,0.791791791792,2.15223886503,0.737341092648,0.411411411411,0.579945114934,0.437917739848,2,1.34285714286,0.591252764842,2,0,0,0,0,0.218558479953,37,35,35,0.945945945946,0,0.675675675676,0.108108108108,0.162162162162,37,108,0.0810810810811,1.32432432432,5.83783783784,10.8,3.72413793103,4.46911321998,0.765542542311,0.392392392392,5.47407211,1.8753765562,0.791791791792,2.15223886503,0.737341092648,0.411411411411,0.579945114934,0.437917739848,2,1.34285714286,0.591252764842,2,0,0,0,0,0.218558479953,37,35,35,0.945945945946,0,0.675675675676,0.108108108108,0.162162162162,-108,-0.0810810810811,0,-5.83783783784,-10.8,-2.27586206897,-3.72998582963,0.063304892229,0.0823323323323,-4.855264519,0.105999448458,0.0265265265265,-0.934592605677,0.208578294426,0.158658658659,0,0,0,0.0185328185328,0.0113076499071,0,-0.0121701261701,-0.00597269624573,-7,-0.000900900900901,-0.402638101244,-0.0540540540541,-0.135135135135,0.135135135135,108,0,108,1116,0.5,1,0,0.5,1,0.5,0.666666666667,0.675190604897,0.5,0.5,0,108,0,0,0,0
1984,WLNM_dir_neg,0.986711248285,0.964148289905,00:00:04,10,50,21,1235135445,threshold_sweep,0.4,0,0,0,0,0,108,216,0,1,0,1,0,0,0,0.666666666667,0.666666666667,0,0,0,216,108,108,0,216,0,108,0,108,37,216,0.162162162162,1.32432432432,11.6756756757,21.6,6,8.1990990496,0.702237650082,0.31006006006,10.329336629,1.76937710775,0.765265265265,3.0868314707,0.528762798222,0.252752752753,0.579945114934,0.437917739848,2,1.32432432432,0.579945114934,2,0.0121701261701,0.00597269624573,7,0.000900900900901,0.621196581197,37,37,37,1,0,0.72972972973,0.243243243243,0.027027027027,37,0.0810810810811,1.32432432432,5.83783783784,10.8,3.72413793103,4.46911321998,0.765542542311,0.392392392392,5.47407211,1.8753765562,0.791791791792,2.15223886503,0.737341092648,0.411411411411,0.579945114934,0.437917739848,2,1.34285714286,0.591252764842,2,0,0,0,0,0.218558479953,37,35,35,0.945945945946,0,0.675675675676,0.108108108108,0.162162162162,37,108,0.0810810810811,1.32432432432,5.83783783784,10.8,3.72413793103,4.46911321998,0.765542542311,0.392392392392,5.47407211,1.8753765562,0.791791791792,2.15223886503,0.737341092648,0.411411411411,0.579945114934,0.437917739848,2,1.34285714286,0.591252764842,2,0,0,0,0,0.218558479953,37,35,35,0.945945945946,0,0.675675675676,0.108108108108,0.162162162162,-108,-0.0810810810811,0,-5.83783783784,-10.8,-2.27586206897,-3.72998582963,0.063304892229,0.0823323323323,-4.855264519,0.105999448458,0.0265265265265,-0.934592605677,0.208578294426,0.158658658659,0,0,0,0.0185328185328,0.0113076499071,0,-0.0121701261701,-0.00597269624573,-7,-0.000900900900901,-0.402638101244,-0.0540540540541,-0.135135135135,0.135135135135,108,0,108,1116,0.5,1,0,0.5,1,0.5,0.666666666667,0.675190604897,0.5,0.5,0,108,0,0,0,0
1985,WLNM_dir_neg,0.986711248285,0.964148289905,00:00:04,10,50,21,1235135445,threshold_sweep,0.5,0,0,0,0,0,108,216,0,1,0,1,0,0,0,0.666666666667,0.666666666667,0,0,0,216,108,108,0,216,0,108,0,108,37,216,0.162162162162,1.32432432432,11.6756756757,21.6,6,8.1990990496,0.702237650082,0.31006006006,10.329336629,1.76937710775,0.765265265265,3.0868314707,0.528762798222,0.252752752753,0.579945114934,0.437917739848,2,1.32432432432,0.579945114934,2,0.0121701261701,0.00597269624573,7,0.000900900900901,0.621196581197,37,37,37,1,0,0.72972972973,0.243243243243,0.027027027027,37,0.0810810810811,1.32432432432,5.83783783784,10.8,3.72413793103,4.46911321998,0.765542542311,0.392392392392,5.47407211,1.8753765562,0.791791791792,2.15223886503,0.737341092648,0.411411411411,0.579945114934,0.437917739848,2,1.34285714286,0.591252764842,2,0,0,0,0,0.218558479953,37,35,35,0.945945945946,0,0.675675675676,0.108108108108,0.162162162162,37,108,0.0810810810811,1.32432432432,5.83783783784,10.8,3.72413793103,4.46911321998,0.765542542311,0.392392392392,5.47407211,1.8753765562,0.791791791792,2.15223886503,0.737341092648,0.411411411411,0.579945114934,0.437917739848,2,1.34285714286,0.591252764842,2,0,0,0,0,0.218558479953,37,35,35,0.945945945946,0,0.675675675676,0.108108108108,0.162162162162,-108,-0.0810810810811,0,-5.83783783784,-10.8,-2.27586206897,-3.72998582963,0.063304892229,0.0823323323323,-4.855264519,0.105999448458,0.0265265265265,-0.934592605677,0.208578294426,0.158658658659,0,0,0,0.0185328185328,0.0113076499071,0,-0.0121701261701,-0.00597269624573,-7,-0.000900900900901,-0.402638101244,-0.0540540540541,-0.135135135135,0.135135135135,108,0,108,1116,0.5,1,0,0.5,1,0.5,0.666666666667,0.675190604897,0.5,0.5,0,108,0,0,0,0
1986,WLNM_dir_neg,0.986711248285,0.964148289905,00:00:04,10,50,21,1235135445,threshold_sweep,0.6,0,0,0,0,0,108,216,0,1,0,1,0,0,0,0.666666666667,0.666666666667,0,0,0,216,108,108,0,216,0,108,0,108,37,216,0.162162162162,1.32432432432,11.6756756757,21.6,6,8.1990990496,0.702237650082,0.31006006006,10.329336629,1.76937710775,0.765265265265,3.0868314707,0.528762798222,0.252752752753,0.579945114934,0.437917739848,2,1.32432432432,0.579945114934,2,0.0121701261701,0.00597269624573,7,0.000900900900901,0.621196581197,37,37,37,1,0,0.72972972973,0.243243243243,0.027027027027,37,0.0810810810811,1.32432432432,5.83783783784,10.8,3.72413793103,4.46911321998,0.765542542311,0.392392392392,5.47407211,1.8753765562,0.791791791792,2.15223886503,0.737341092648,0.411411411411,0.579945114934,0.437917739848,2,1.34285714286,0.591252764842,2,0,0,0,0,0.218558479953,37,35,35,0.945945945946,0,0.675675675676,0.108108108108,0.162162162162,37,108,0.0810810810811,1.32432432432,5.83783783784,10.8,3.72413793103,4.46911321998,0.765542542311,0.392392392392,5.47407211,1.8753765562,0.791791791792,2.15223886503,0.737341092648,0.411411411411,0.579945114934,0.437917739848,2,1.34285714286,0.591252764842,2,0,0,0,0,0.218558479953,37,35,35,0.945945945946,0,0.675675675676,0.108108108108,0.162162162162,-108,-0.0810810810811,0,-5.83783783784,-10.8,-2.27586206897,-3.72998582963,0.063304892229,0.0823323323323,-4.855264519,0.105999448458,0.0265265265265,-0.934592605677,0.208578294426,0.158658658659,0,0,0,0.0185328185328,0.0113076499071,0,-0.0121701261701,-0.00597269624573,-7,-0.000900900900901,-0.402638101244,-0.0540540540541,-0.135135135135,0.135135135135,108,0,108,1116,0.5,1,0,0.5,1,0.5,0.666666666667,0.675190604897,0.5,0.5,0,108,0,0,0,0
1987,WLNM_dir_neg,0.986711248285,0.964148289905,00:00:04,10,50,21,1235135445,threshold_sweep,0.7,0,0,0,0,0,108,216,0,1,0,1,0,0,0,0.666666666667,0.666666666667,0,0,0,216,108,108,0,216,0,108,0,108,37,216,0.162162162162,1.32432432432,11.6756756757,21.6,6,8.1990990496,0.702237650082,0.31006006006,10.329336629,1.76937710775,0.765265265265,3.0868314707,0.528762798222,0.252752752753,0.579945114934,0.437917739848,2,1.32432432432,0.579945114934,2,0.0121701261701,0.00597269624573,7,0.000900900900901,0.621196581197,37,37,37,1,0,0.72972972973,0.243243243243,0.027027027027,37,0.0810810810811,1.32432432432,5.83783783784,10.8,3.72413793103,4.46911321998,0.765542542311,0.392392392392,5.47407211,1.8753765562,0.791791791792,2.15223886503,0.737341092648,0.411411411411,0.579945114934,0.437917739848,2,1.34285714286,0.591252764842,2,0,0,0,0,0.218558479953,37,35,35,0.945945945946,0,0.675675675676,0.108108108108,0.162162162162,37,108,0.0810810810811,1.32432432432,5.83783783784,10.8,3.72413793103,4.46911321998,0.765542542311,0.392392392392,5.47407211,1.8753765562,0.791791791792,2.15223886503,0.737341092648,0.411411411411,0.579945114934,0.437917739848,2,1.34285714286,0.591252764842,2,0,0,0,0,0.218558479953,37,35,35,0.945945945946,0,0.675675675676,0.108108108108,0.162162162162,-108,-0.0810810810811,0,-5.83783783784,-10.8,-2.27586206897,-3.72998582963,0.063304892229,0.0823323323323,-4.855264519,0.105999448458,0.0265265265265,-0.934592605677,0.208578294426,0.158658658659,0,0,0,0.0185328185328,0.0113076499071,0,-0.0121701261701,-0.00597269624573,-7,-0.000900900900901,-0.402638101244,-0.0540540540541,-0.135135135135,0.135135135135,108,0,108,1116,0.5,1,0,0.5,1,0.5,0.666666666667,0.675190604897,0.5,0.5,0,108,0,0,0,0
1988,WLNM_dir_neg,0.986711248285,0.964148289905,00:00:04,10,50,21,1235135445,threshold_sweep,0.8,0,0,0,0,0,108,216,0,1,0,1,0,0,0,0.666666666667,0.666666666667,0,0,0,216,108,108,0,216,0,108,0,108,37,216,0.162162162162,1.32432432432,11.6756756757,21.6,6,8.1990990496,0.702237650082,0.31006006006,10.329336629,1.76937710775,0.765265265265,3.0868314707,0.528762798222,0.252752752753,0.579945114934,0.437917739848,2,1.32432432432,0.579945114934,2,0.0121701261701,0.00597269624573,7,0.000900900900901,0.621196581197,37,37,37,1,0,0.72972972973,0.243243243243,0.027027027027,37,0.0810810810811,1.32432432432,5.83783783784,10.8,3.72413793103,4.46911321998,0.765542542311,0.392392392392,5.47407211,1.8753765562,0.791791791792,2.15223886503,0.737341092648,0.411411411411,0.579945114934,0.437917739848,2,1.34285714286,0.591252764842,2,0,0,0,0,0.218558479953,37,35,35,0.945945945946,0,0.675675675676,0.108108108108,0.162162162162,37,108,0.0810810810811,1.32432432432,5.83783783784,10.8,3.72413793103,4.46911321998,0.765542542311,0.392392392392,5.47407211,1.8753765562,0.791791791792,2.15223886503,0.737341092648,0.411411411411,0.579945114934,0.437917739848,2,1.34285714286,0.591252764842,2,0,0,0,0,0.218558479953,37,35,35,0.945945945946,0,0.675675675676,0.108108108108,0.162162162162,-108,-0.0810810810811,0,-5.83783783784,-10.8,-2.27586206897,-3.72998582963,0.063304892229,0.0823323323323,-4.855264519,0.105999448458,0.0265265265265,-0.934592605677,0.208578294426,0.158658658659,0,0,0,0.0185328185328,0.0113076499071,0,-0.0121701261701,-0.00597269624573,-7,-0.000900900900901,-0.402638101244,-0.0540540540541,-0.135135135135,0.135135135135,108,0,108,1116,0.5,1,0,0.5,1,0.5,0.666666666667,0.675190604897,0.5,0.5,0,108,0,0,0,0
1989,WLNM_dir_neg,0.986711248285,0.964148289905,00:00:04,10,50,21,1235135445,threshold_sweep,0.9,0,0,0,0,0,108,216,0,1,0,1,0,0,0,0.666666666667,0.666666666667,0,0,0,216,108,108,0,216,0,108,0,108,37,216,0.162162162162,1.32432432432,11.6756756757,21.6,6,8.1990990496,0.702237650082,0.31006006006,10.329336629,1.76937710775,0.765265265265,3.0868314707,0.528762798222,0.252752752753,0.579945114934,0.437917739848,2,1.32432432432,0.579945114934,2,0.0121701261701,0.00597269624573,7,0.000900900900901,0.621196581197,37,37,37,1,0,0.72972972973,0.243243243243,0.027027027027,37,0.0810810810811,1.32432432432,5.83783783784,10.8,3.72413793103,4.46911321998,0.765542542311,0.392392392392,5.47407211,1.8753765562,0.791791791792,2.15223886503,0.737341092648,0.411411411411,0.579945114934,0.437917739848,2,1.34285714286,0.591252764842,2,0,0,0,0,0.218558479953,37,35,35,0.945945945946,0,0.675675675676,0.108108108108,0.162162162162,37,108,0.0810810810811,1.32432432432,5.83783783784,10.8,3.72413793103,4.46911321998,0.765542542311,0.392392392392,5.47407211,1.8753765562,0.791791791792,2.15223886503,0.737341092648,0.411411411411,0.579945114934,0.437917739848,2,1.34285714286,0.591252764842,2,0,0,0,0,0.218558479953,37,35,35,0.945945945946,0,0.675675675676,0.108108108108,0.162162162162,-108,-0.0810810810811,0,-5.83783783784,-10.8,-2.27586206897,-3.72998582963,0.063304892229,0.0823323323323,-4.855264519,0.105999448458,0.0265265265265,-0.934592605677,0.208578294426,0.158658658659,0,0,0,0.0185328185328,0.0113076499071,0,-0.0121701261701,-0.00597269624573,-7,-0.000900900900901,-0.402638101244,-0.0540540540541,-0.135135135135,0.135135135135,108,0,108,1116,0.5,1,0,0.5,1,0.5,0.666666666667,0.675190604897,0.5,0.5,0,108,0,0,0,0
1990,WLNM_dir_neg,0.99112654321,0.910008967301,00:00:03,10,50,22,1235135446,threshold_sweep,0.1,0.875,0.0648148148148,0.120689655172,7,1,101,215,0.0648148148148,0.99537037037,0.00462962962963,0.935185185185,0.875,0.0648148148148,0.120689655172,0.685185185185,0.658436213992,0.078313253012,0.1828267839,0.0601851851852,216,108,108,0,216,0,108,0,108,37,216,0.162162162162,1.32432432432,11.6756756757,21.6,6,8.1990990496,0.702237650082,0.31006006006,10.329336629,1.76937710775,0.765265265265,3.0868314707,0.528762798222,0.252752752753,0.579945114934,0.437917739848,2,1.32432432432,0.579945114934,2,0.0121701261701,0.00597269624573,7,0.000900900900901,0.621196581197,37,37,37,1,0,0.72972972973,0.243243243243,0.027027027027,37,0.0810810810811,1.32818532819,5.83783783784,10.8,3.27272727273,4.5124119783,0.772959459245,0.408908908909,5.18211871288,1.77535548497,0.775275275275,2.12626927293,0.728444102764,0.402402402402,0.591765934822,0.445544700927,2.14285714286,1.34693877551,0.603397458181,2.14285714286,0.0130664030318,0.00674915635546,2,0.0002574002574,0.235518968189,37,35,35,0.945945945946,0,0.675675675676,0.216216216216,0.0540540540541,37,116,0.0870870870871,1.32808758125,6.27027027027,11.6,3.22222222222,4.81114821505,0.767295189469,0.411230195713,5.33417786106,1.70141880051,0.756756756757,1.91720517308,0.611522339689,0.32898415657,0.591382825656,0.445289026119,2.12658227848,1.33720112518,0.597130753132,2.12658227848,0.0142180291834,0.0207920792079,7,0.000900900900901,0.244104826775,37,36,36,0.972972972973,0,0.702702702703,0.27027027027,0,-100,-0.0750750750751,0.00376325692781,-5.40540540541,-10,-2.77777777778,-3.38795083456,0.0650575393868,0.101170135653,-4.99515876794,-0.0679583072339,-0.00850850850851,-1.16962629763,0.0827595414661,0.0762314038176,0.0114377107216,0.00737128627021,0.126582278481,0.0128768008515,0.0171856381976,0.126582278481,0.0020479030133,0.0148193829622,0,0,-0.377091754421,-0.027027027027,0.027027027027,-0.027027027027,115,1,101,1115,0.532407407407,0.999103942652,0.00089605734767,0.467592592593,0.991379310345,0.532407407407,0.692771084337,0.694825476318,0.53151135006,0.529953917051,8,108,0,0,0,0
1991,WLNM_dir_neg,0.99112654321,0.910008967301,00:00:03,10,50,22,1235135446,threshold_sweep,0.2,0.833333333333,0.0462962962963,0.0877192982456,5,1,103,215,0.0462962962963,0.99537037037,0.00462962962963,0.953703703704,0.833333333333,0.0462962962963,0.0877192982456,0.679012345679,0.66049382716,0.0545454545455,0.145692879354,0.0416666666667,216,108,108,0,216,0,108,0,108,37,216,0.162162162162,1.32432432432,11.6756756757,21.6,6,8.1990990496,0.702237650082,0.31006006006,10.329336629,1.76937710775,0.765265265265,3.0868314707,0.528762798222,0.252752752753,0.579945114934,0.437917739848,2,1.32432432432,0.579945114934,2,0.0121701261701,0.00597269624573,7,0.000900900900901,0.621196581197,37,37,37,1,0,0.72972972973,0.243243243243,0.027027027027,37,0.0810810810811,1.32818532819,5.83783783784,10.8,3.27272727273,4.5124119783,0.772959459245,0.408908908909,5.18211871288,1.77535548497,0.775275275275,2.12626927293,0.728444102764,0.402402402402,0.591765934822,0.445544700927,2.14285714286,1.34693877551,0.603397458181,2.14285714286,0.0130664030318,0.00674915635546,2,0.0002574002574,0.235518968189,37,35,35,0.945945945946,0,0.675675675676,0.216216216216,0.0540540540541,37,114,0.0855855855856,1.33204633205,6.16216216216,11.4,3.25714285714,4.75227146574,0.771201948388,0.41417733523,5.27245661896,1.71123592019,0.760550023708,1.97734921294,0.641771235778,0.348506401138,0.603329813623,0.452934555735,2.14285714286,1.35102040816,0.615274616503,2.14285714286,0.0146148545803,0.0183861082737,6,0.000772200772201,0.243296745967,37,35,35,0.945945945946,0,0.675675675676,0.27027027027,0,-102,-0.0765765765766,0.00772200772201,-5.51351351351,-10.2,-2.74285714286,-3.44682758386,0.0689642983057,0.10411727517,-5.05688001004,-0.0581411875571,-0.00471524155735,-1.10948225777,0.113008437556,0.0957536483852,0.023384698689,0.0150168158862,0.142857142857,0.0266960838389,0.0353295015685,0.142857142857,0.00244472841013,0.012413412028,-1,-0.0001287001287,-0.37789983523,-0.0540540540541,0.027027027027,-0.027027027027,113,1,103,1115,0.523148148148,0.999103942652,0.00089605734767,0.476851851852,0.991228070175,0.523148148148,0.684848484848,0.688118272496,0.5222520908,0.520737327189,6,108,0,0,0,0
1992,WLNM_dir_neg,0.99112654321,0.910008967301,00:00:03,10,50,22,1235135446,threshold_sweep,0.3,0.666666666667,0.0185185185185,0.036036036036,2,1,106,215,0.0185185185185,0.99537037037,0.00462962962963,0.981481481481,0.666666666667,0.0185185185185,0.036036036036,0.66975308642,0.663580246914,0.0183486238532,0.0683585927025,0.0138888888889,216,108,108,0,216,0,108,0,108,37,216,0.162162162162,1.32432432432,11.6756756757,21.6,6,8.1990990496,0.702237650082,0.31006006006,10.329336629,1.76937710775,0.765265265265,3.0868314707,0.528762798222,0.252752752753,0.579945114934,0.437917739848,2,1.32432432432,0.579945114934,2,0.0121701261701,0.00597269624573,7,0.000900900900901,0.621196581197,37,37,37,1,0,0.72972972973,0.243243243243,0.027027027027,37,0.0810810810811,1.32818532819,5.83783783784,10.8,3.27272727273,4.5124119783,0.772959459245,0.408908908909,5.18211871288,1.77535548497,0.775275275275,2.12626927293,0.728444102764,0.402402402402,0.591765934822,0.445544700927,2.14285714286,1.34693877551,0.603397458181,2.14285714286,0.0130664030318,0.00674915635546,2,0.0002574002574,0.235518968189,37,35,35,0.945945945946,0,0.675675675676,0.216216216216,0.0540540540541,37,111,0.0833333333333,1.33471933472,6,11.1,3.17142857143,4.6127841677,0.768797361283,0.409544679815,5.2174919475,1.7391639825,0.767957146336,2.04124145232,0.68041381744,0.372534696859,0.611691970255,0.458292582076,2.23076923077,1.35384615385,0.623866880943,2.23076923077,0.0128132248374,0.00972972972973,3,0.0003861003861,0.2366300793,37,35,35,0.945945945946,0,0.675675675676,0.27027027027,0,-105,-0.0788288288288,0.010395010395,-5.67567567568,-10.5,-2.82857142857,-3.58631488191,0.0665597112014,0.0994846197549,-5.1118446815,-0.0302131252455,0.00269188107026,-1.04559001838,0.151651019217,0.119781944106,0.0317468553208,0.0203748422275,0.230769230769,0.0295218295218,0.0439217660085,0.230769230769,0.00064309866732,0.003757033484,-4,-0.000514800514801,-0.384566501896,-0.0540540540541,0.027027027027,-0.027027027027,110,1,106,1115,0.509259259259,0.999103942652,0.00089605734767,0.490740740741,0.990990990991,0.509259259259,0.672782874618,0.677975122038,0.508363201912,0.506912442396,3,108,0,0,0,0
1993,WLNM_dir_neg,0.99112654321,0.910008967301,00:00:03,10,50,22,1235135446,threshold_sweep,0.4,0.666666666667,0.0185185185185,0.036036036036,2,1,106,215,0.0185185185185,0.99537037037,0.00462962962963,0.981481481481,0.666666666667,0.0185185185185,0.036036036036,0.66975308642,0.663580246914,0.0183486238532,0.0683585927025,0.0138888888889,216,108,108,0,216,0,108,0,108,37,216,0.162162162162,1.32432432432,11.6756756757,21.6,6,8.1990990496,0.702237650082,0.31006006006,10.329336629,1.76937710775,0.765265265265,3.0868314707,0.528762798222,0.252752752753,0.579945114934,0.437917739848,2,1.32432432432,0.579945114934,2,0.0121701261701,0.00597269624573,7,0.000900900900901,0.621196581197,37,37,37,1,0,0.72972972973,0.243243243243,0.027027027027,37,0.0810810810811,1.32818532819,5.83783783784,10.8,3.27272727273,4.5124119783,0.772959459245,0.408908908909,5.18211871288,1.77535548497,0.775275275275,2.12626927293,0.728444102764,0.402402402402,0.591765934822,0.445544700927,2.14285714286,1.34693877551,0.603397458181,2.14285714286,0.0130664030318,0.00674915635546,2,0.0002574002574,0.235518968189,37,35,35,0.945945945946,0,0.675675675676,0.216216216216,0.0540540540541,37,111,0.0833333333333,1.33471933472,6,11.1,3.17142857143,4.6127841677,0.768797361283,0.409544679815,5.2174919475,1.7391639825,0.767957146336,2.04124145232,0.68041381744,0.372534696859,0.611691970255,0.458292582076,2.23076923077,1.35384615385,0.623866880943,2.23076923077,0.0128132248374,0.00972972972973,3,0.0003861003861,0.2366300793,37,35,35,0.945945945946,0,0.675675675676,0.27027027027,0,-105,-0.0788288288288,0.010395010395,-5.67567567568,-10.5,-2.82857142857,-3.58631488191,0.0665597112014,0.0994846197549,-5.1118446815,-0.0302131252455,0.00269188107026,-1.04559001838,0.151651019217,0.119781944106,0.0317468553208,0.0203748422275,0.230769230769,0.0295218295218,0.0439217660085,0.230769230769,0.00064309866732,0.003757033484,-4,-0.000514800514801,-0.384566501896,-0.0540540540541,0.027027027027,-0.027027027027,110,1,106,1115,0.509259259259,0.999103942652,0.00089605734767,0.490740740741,0.990990990991,0.509259259259,0.672782874618,0.677975122038,0.508363201912,0.506912442396,3,108,0,0,0,0
1994,WLNM_dir_neg,0.99112654321,0.910008967301,00:00:03,10,50,22,1235135446,threshold_sweep,0.5,1,0.0185185185185,0.0363636363636,2,0,106,216,0.0185185185185,1,0,0.981481481481,1,0.0185185185185,0.0363636363636,0.672839506173,0.664609053498,0.0245398773006,0.111455642515,0.0185185185185,216,108,108,0,216,0,108,0,108,37,216,0.162162162162,1.32432432432,11.6756756757,21.6,6,8.1990990496,0.702237650082,0.31006006006,10.329336629,1.76937710775,0.765265265265,3.0868314707,0.528762798222,0.252752752753,0.579945114934,0.437917739848,2,1.32432432432,0.579945114934,2,0.0121701261701,0.00597269624573,7,0.000900900900901,0.621196581197,37,37,37,1,0,0.72972972973,0.243243243243,0.027027027027,37,0.0810810810811,1.32818532819,5.83783783784,10.8,3.27272727273,4.5124119783,0.772959459245,0.408908908909,5.18211871288,1.77535548497,0.775275275275,2.12626927293,0.728444102764,0.402402402402,0.591765934822,0.445544700927,2.14285714286,1.34693877551,0.603397458181,2.14285714286,0.0130664030318,0.00674915635546,2,0.0002574002574,0.235518968189,37,35,35,0.945945945946,0,0.675675675676,0.216216216216,0.0540540540541,37,110,0.0825825825826,1.3277027027,5.94594594595,11,3.23529411765,4.60039820708,0.773703334826,0.410319410319,5.20942781293,1.75226208253,0.770515970516,2.07480235319,0.697888064255,0.383783783784,0.590250176002,0.444565018057,2.125,1.34642857143,0.601839791351,2.125,0.0128132248374,0.00972972972973,3,0.0003861003861,0.237370820041,37,35,35,0.945945945946,0,0.675675675676,0.243243243243,0.027027027027,-106,-0.0795795795796,0.00337837837838,-5.72972972973,-10.6,-2.76470588235,-3.59870084253,0.0714656847445,0.100259350259,-5.11990881607,-0.017115025214,0.00525070525071,-1.01202911751,0.169125266033,0.131031031031,0.0103050610674,0.00664727820894,0.125,0.0221042471042,0.0218946764169,0.125,0.00064309866732,0.003757033484,-4,-0.000514800514801,-0.383825761155,-0.0540540540541,0,0,110,0,106,1116,0.509259259259,1,0,0.490740740741,1,0.509259259259,0.674846625767,0.681971085039,0.509259259259,0.509259259259,2,108,0,0,0,0
1995,WLNM_dir_neg,0.99112654321,0.910008967301,00:00:03,10,50,22,1235135446,threshold_sweep,0.6,1,0.0185185185185,0.0363636363636,2,0,106,216,0.0185185185185,1,0,0.981481481481,1,0.0185185185185,0.0363636363636,0.672839506173,0.664609053498,0.0245398773006,0.111455642515,0.0185185185185,216,108,108,0,216,0,108,0,108,37,216,0.162162162162,1.32432432432,11.6756756757,21.6,6,8.1990990496,0.702237650082,0.31006006006,10.329336629,1.76937710775,0.765265265265,3.0868314707,0.528762798222,0.252752752753,0.579945114934,0.437917739848,2,1.32432432432,0.579945114934,2,0.0121701261701,0.00597269624573,7,0.000900900900901,0.621196581197,37,37,37,1,0,0.72972972973,0.243243243243,0.027027027027,37,0.0810810810811,1.32818532819,5.83783783784,10.8,3.27272727273,4.5124119783,0.772959459245,0.408908908909,5.18211871288,1.77535548497,0.775275275275,2.12626927293,0.728444102764,0.402402402402,0.591765934822,0.445544700927,2.14285714286,1.34693877551,0.603397458181,2.14285714286,0.0130664030318,0.00674915635546,2,0.0002574002574,0.235518968189,37,35,35,0.945945945946,0,0.675675675676,0.216216216216,0.0540540540541,37,110,0.0825825825826,1.3277027027,5.94594594595,11,3.23529411765,4.60039820708,0.773703334826,0.410319410319,5.20942781293,1.75226208253,0.770515970516,2.07480235319,0.697888064255,0.383783783784,0.590250176002,0.444565018057,2.125,1.34642857143,0.601839791351,2.125,0.0128132248374,0.00972972972973,3,0.0003861003861,0.237370820041,37,35,35,0.945945945946,0,0.675675675676,0.243243243243,0.027027027027,-106,-0.0795795795796,0.00337837837838,-5.72972972973,-10.6,-2.76470588235,-3.59870084253,0.0714656847445,0.100259350259,-5.11990881607,-0.017115025214,0.00525070525071,-1.01202911751,0.169125266033,0.131031031031,0.0103050610674,0.00664727820894,0.125,0.0221042471042,0.0218946764169,0.125,0.00064309866732,0.003757033484,-4,-0.000514800514801,-0.383825761155,-0.0540540540541,0,0,110,0,106,1116,0.509259259259,1,0,0.490740740741,1,0.509259259259,0.674846625767,0.681971085039,0.509259259259,0.509259259259,2,108,0,0,0,0
1996,WLNM_dir_neg,0.99112654321,0.910008967301,00:00:03,10,50,22,1235135446,threshold_sweep,0.7,1,0.0185185185185,0.0363636363636,2,0,106,216,0.0185185185185,1,0,0.981481481481,1,0.0185185185185,0.0363636363636,0.672839506173,0.664609053498,0.0245398773006,0.111455642515,0.0185185185185,216,108,108,0,216,0,108,0,108,37,216,0.162162162162,1.32432432432,11.6756756757,21.6,6,8.1990990496,0.702237650082,0.31006006006,10.329336629,1.76937710775,0.765265265265,3.0868314707,0.528762798222,0.252752752753,0.579945114934,0.437917739848,2,1.32432432432,0.579945114934,2,0.0121701261701,0.00597269624573,7,0.000900900900901,0.621196581197,37,37,37,1,0,0.72972972973,0.243243243243,0.027027027027,37,0.0810810810811,1.32818532819,5.83783783784,10.8,3.27272727273,4.5124119783,0.772959459245,0.408908908909,5.18211871288,1.77535548497,0.775275275275,2.12626927293,0.728444102764,0.402402402402,0.591765934822,0.445544700927,2.14285714286,1.34693877551,0.603397458181,2.14285714286,0.0130664030318,0.00674915635546,2,0.0002574002574,0.235518968189,37,35,35,0.945945945946,0,0.675675675676,0.216216216216,0.0540540540541,37,110,0.0825825825826,1.3277027027,5.94594594595,11,3.23529411765,4.60039820708,0.773703334826,0.410319410319,5.20942781293,1.75226208253,0.770515970516,2.07480235319,0.697888064255,0.383783783784,0.590250176002,0.444565018057,2.125,1.34642857143,0.601839791351,2.125,0.0128132248374,0.00972972972973,3,0.0003861003861,0.237370820041,37,35,35,0.945945945946,0,0.675675675676,0.243243243243,0.027027027027,-106,-0.0795795795796,0.00337837837838,-5.72972972973,-10.6,-2.76470588235,-3.59870084253,0.0714656847445,0.100259350259,-5.11990881607,-0.017115025214,0.00525070525071,-1.01202911751,0.169125266033,0.131031031031,0.0103050610674,0.00664727820894,0.125,0.0221042471042,0.0218946764169,0.125,0.00064309866732,0.003757033484,-4,-0.000514800514801,-0.383825761155,-0.0540540540541,0,0,110,0,106,1116,0.509259259259,1,0,0.490740740741,1,0.509259259259,0.674846625767,0.681971085039,0.509259259259,0.509259259259,2,108,0,0,0,0
1997,WLNM_dir_neg,0.99112654321,0.910008967301,00:00:03,10,50,22,1235135446,threshold_sweep,0.8,1,0.0185185185185,0.0363636363636,2,0,106,216,0.0185185185185,1,0,0.981481481481,1,0.0185185185185,0.0363636363636,0.672839506173,0.664609053498,0.0245398773006,0.111455642515,0.0185185185185,216,108,108,0,216,0,108,0,108,37,216,0.162162162162,1.32432432432,11.6756756757,21.6,6,8.1990990496,0.702237650082,0.31006006006,10.329336629,1.76937710775,0.765265265265,3.0868314707,0.528762798222,0.252752752753,0.579945114934,0.437917739848,2,1.32432432432,0.579945114934,2,0.0121701261701,0.00597269624573,7,0.000900900900901,0.621196581197,37,37,37,1,0,0.72972972973,0.243243243243,0.027027027027,37,0.0810810810811,1.32818532819,5.83783783784,10.8,3.27272727273,4.5124119783,0.772959459245,0.408908908909,5.18211871288,1.77535548497,0.775275275275,2.12626927293,0.728444102764,0.402402402402,0.591765934822,0.445544700927,2.14285714286,1.34693877551,0.603397458181,2.14285714286,0.0130664030318,0.00674915635546,2,0.0002574002574,0.235518968189,37,35,35,0.945945945946,0,0.675675675676,0.216216216216,0.0540540540541,37,110,0.0825825825826,1.3277027027,5.94594594595,11,3.23529411765,4.60039820708,0.773703334826,0.410319410319,5.20942781293,1.75226208253,0.770515970516,2.07480235319,0.697888064255,0.383783783784,0.590250176002,0.444565018057,2.125,1.34642857143,0.601839791351,2.125,0.0128132248374,0.00972972972973,3,0.0003861003861,0.237370820041,37,35,35,0.945945945946,0,0.675675675676,0.243243243243,0.027027027027,-106,-0.0795795795796,0.00337837837838,-5.72972972973,-10.6,-2.76470588235,-3.59870084253,0.0714656847445,0.100259350259,-5.11990881607,-0.017115025214,0.00525070525071,-1.01202911751,0.169125266033,0.131031031031,0.0103050610674,0.00664727820894,0.125,0.0221042471042,0.0218946764169,0.125,0.00064309866732,0.003757033484,-4,-0.000514800514801,-0.383825761155,-0.0540540540541,0,0,110,0,106,1116,0.509259259259,1,0,0.490740740741,1,0.509259259259,0.674846625767,0.681971085039,0.509259259259,0.509259259259,2,108,0,0,0,0
1998,WLNM_dir_neg,0.99112654321,0.910008967301,00:00:03,10,50,22,1235135446,threshold_sweep,0.9,1,0.0185185185185,0.0363636363636,2,0,106,216,0.0185185185185,1,0,0.981481481481,1,0.0185185185185,0.0363636363636,0.672839506173,0.664609053498,0.0245398773006,0.111455642515,0.0185185185185,216,108,108,0,216,0,108,0,108,37,216,0.162162162162,1.32432432432,11.6756756757,21.6,6,8.1990990496,0.702237650082,0.31006006006,10.329336629,1.76937710775,0.765265265265,3.0868314707,0.528762798222,0.252752752753,0.579945114934,0.437917739848,2,1.32432432432,0.579945114934,2,0.0121701261701,0.00597269624573,7,0.000900900900901,0.621196581197,37,37,37,1,0,0.72972972973,0.243243243243,0.027027027027,37,0.0810810810811,1.32818532819,5.83783783784,10.8,3.27272727273,4.5124119783,0.772959459245,0.408908908909,5.18211871288,1.77535548497,0.775275275275,2.12626927293,0.728444102764,0.402402402402,0.591765934822,0.445544700927,2.14285714286,1.34693877551,0.603397458181,2.14285714286,0.0130664030318,0.00674915635546,2,0.0002574002574,0.235518968189,37,35,35,0.945945945946,0,0.675675675676,0.216216216216,0.0540540540541,37,110,0.0825825825826,1.3277027027,5.94594594595,11,3.23529411765,4.60039820708,0.773703334826,0.410319410319,5.20942781293,1.75226208253,0.770515970516,2.07480235319,0.697888064255,0.383783783784,0.590250176002,0.444565018057,2.125,1.34642857143,0.601839791351,2.125,0.0128132248374,0.00972972972973,3,0.0003861003861,0.237370820041,37,35,35,0.945945945946,0,0.675675675676,0.243243243243,0.027027027027,-106,-0.0795795795796,0.00337837837838,-5.72972972973,-10.6,-2.76470588235,-3.59870084253,0.0714656847445,0.100259350259,-5.11990881607,-0.017115025214,0.00525070525071,-1.01202911751,0.169125266033,0.131031031031,0.0103050610674,0.00664727820894,0.125,0.0221042471042,0.0218946764169,0.125,0.00064309866732,0.003757033484,-4,-0.000514800514801,-0.383825761155,-0.0540540540541,0,0,110,0,106,1116,0.509259259259,1,0,0.490740740741,1,0.509259259259,0.674846625767,0.681971085039,0.509259259259,0.509259259259,2,108,0,0,0,0
1999,WLNM_dir_neg,0.953789437586,0.555325192342,00:00:04,10,50,23,1235135447,threshold_sweep,0.1,1,0.00925925925926,0.0183486238532,1,0,107,216,0.00925925925926,1,0,0.990740740741,1,0.00925925925926,0.0183486238532,0.66975308642,0.665637860082,0.0123076923077,0.0786889475365,0.00925925925926,216,108,108,0,216,0,108,0,108,37,216,0.162162162162,1.32432432432,11.6756756757,21.6,6,8.1990990496,0.702237650082,0.31006006006,10.329336629,1.76937710775,0.765265265265,3.0868314707,0.528762798222,0.252752752753,0.579945114934,0.437917739848,2,1.32432432432,0.579945114934,2,0.0121701261701,0.00597269624573,7,0.000900900900901,0.621196581197,37,37,37,1,0,0.72972972973,0.243243243243,0.027027027027,37,0.0810810810811,1.32432432432,5.83783783784,10.8,3.08571428571,4.4815269813,0.767668973648,0.388888888889,5.34050756212,1.82961833147,0.787287287287,1.89118390871,0.647905598356,0.356856856857,0.579945114934,0.437917739848,2,1.32432432432,0.579945114934,2,0.0109105180534,0.00339366515837,1,0.0001287001287,0.204252224139,37,37,37,1,0,0.72972972973,0.216216216216,0.0540540540541,37,109,0.0818318318318,1.32432432432,5.89189189189,10.9,3.11428571429,4.58126488952,0.777554132626,0.392263823456,5.36938826407,1.82263638322,0.785519464419,1.87002593485,0.634779445773,0.349615670717,0.579945114934,0.437917739848,2,1.32432432432,0.579945114934,2,0.0211515969411,0.00658616904501,2,0.0002574002574,0.206721359941,37,37,37,1,0,0.72972972973,0.216216216216,0.0540540540541,-107,-0.0803303303303,0,-5.78378378378,-10.7,-2.88571428571,-3.61783416008,0.0753164825438,0.0822037633964,-4.95994836493,0.053259275471,0.0202541991533,-1.21680553586,0.106016647551,0.0968629179638,0,0,0,0,0,0,0.00898147077094,0.000613472799272,-5,-0.000643500643501,-0.414475221255,0,-0.027027027027,0.027027027027,109,0,107,1116,0.50462962963,1,0,0.49537037037,1,0.50462962963,0.670769230769,0.67858654182,0.50462962963,0.50462962963,1,108,0,0,0,0
2000,WLNM_dir_neg,0.953789437586,0.555325192342,00:00:04,10,50,23,1235135447,threshold_sweep,0.2,1,0.00925925925926,0.0183486238532,1,0,107,216,0.00925925925926,1,0,0.990740740741,1,0.00925925925926,0.0183486238532,0.66975308642,0.665637860082,0.0123076923077,0.0786889475365,0.00925925925926,216,108,108,0,216,0,108,0,108,37,216,0.162162162162,1.32432432432,11.6756756757,21.6,6,8.1990990496,0.702237650082,0.31006006006,10.329336629,1.76937710775,0.765265265265,3.0868314707,0.528762798222,0.252752752753,0.579945114934,0.437917739848,2,1.32432432432,0.579945114934,2,0.0121701261701,0.00597269624573,7,0.000900900900901,0.621196581197,37,37,37,1,0,0.72972972973,0.243243243243,0.027027027027,37,0.0810810810811,1.32432432432,5.83783783784,10.8,3.08571428571,4.4815269813,0.767668973648,0.388888888889,5.34050756212,1.82961833147,0.787287287287,1.89118390871,0.647905598356,0.356856856857,0.579945114934,0.437917739848,2,1.32432432432,0.579945114934,2,0.0109105180534,0.00339366515837,1,0.0001287001287,0.204252224139,37,37,37,1,0,0.72972972973,0.216216216216,0.0540540540541,37,109,0.0818318318318,1.32432432432,5.89189189189,10.9,3.11428571429,4.58126488952,0.777554132626,0.392263823456,5.36938826407,1.82263638322,0.785519464419,1.87002593485,0.634779445773,0.349615670717,0.579945114934,0.437917739848,2,1.32432432432,0.579945114934,2,0.0211515969411,0.00658616904501,2,0.0002574002574,0.206721359941,37,37,37,1,0,0.72972972973,0.216216216216,0.0540540540541,-107,-0.0803303303303,0,-5.78378378378,-10.7,-2.88571428571,-3.61783416008,0.0753164825438,0.0822037633964,-4.95994836493,0.053259275471,0.0202541991533,-1.21680553586,0.106016647551,0.0968629179638,0,0,0,0,0,0,0.00898147077094,0.000613472799272,-5,-0.000643500643501,-0.414475221255,0,-0.027027027027,0.027027027027,109,0,107,1116,0.50462962963,1,0,0.49537037037,1,0.50462962963,0.670769230769,0.67858654182,0.50462962963,0.50462962963,1,108,0,0,0,0
2001,WLNM_dir_neg,0.953789437586,0.555325192342,00:00:04,10,50,23,1235135447,threshold_sweep,0.3,1,0.00925925925926,0.0183486238532,1,0,107,216,0.00925925925926,1,0,0.990740740741,1,0.00925925925926,0.0183486238532,0.66975308642,0.665637860082,0.0123076923077,0.0786889475365,0.00925925925926,216,108,108,0,216,0,108,0,108,37,216,0.162162162162,1.32432432432,11.6756756757,21.6,6,8.1990990496,0.702237650082,0.31006006006,10.329336629,1.76937710775,0.765265265265,3.0868314707,0.528762798222,0.252752752753,0.579945114934,0.437917739848,2,1.32432432432,0.579945114934,2,0.0121701261701,0.00597269624573,7,0.000900900900901,0.621196581197,37,37,37,1,0,0.72972972973,0.243243243243,0.027027027027,37,0.0810810810811,1.32432432432,5.83783783784,10.8,3.08571428571,4.4815269813,0.767668973648,0.388888888889,5.34050756212,1.82961833147,0.787287287287,1.89118390871,0.647905598356,0.356856856857,0.579945114934,0.437917739848,2,1.32432432432,0.579945114934,2,0.0109105180534,0.00339366515837,1,0.0001287001287,0.204252224139,37,37,37,1,0,0.72972972973,0.216216216216,0.0540540540541,37,109,0.0818318318318,1.32432432432,5.89189189189,10.9,3.11428571429,4.58126488952,0.777554132626,0.392263823456,5.36938826407,1.82263638322,0.785519464419,1.87002593485,0.634779445773,0.349615670717,0.579945114934,0.437917739848,2,1.32432432432,0.579945114934,2,0.0211515969411,0.00658616904501,2,0.0002574002574,0.206721359941,37,37,37,1,0,0.72972972973,0.216216216216,0.0540540540541,-107,-0.0803303303303,0,-5.78378378378,-10.7,-2.88571428571,-3.61783416008,0.0753164825438,0.0822037633964,-4.95994836493,0.053259275471,0.0202541991533,-1.21680553586,0.106016647551,0.0968629179638,0,0,0,0,0,0,0.00898147077094,0.000613472799272,-5,-0.000643500643501,-0.414475221255,0,-0.027027027027,0.027027027027,109,0,107,1116,0.50462962963,1,0,0.49537037037,1,0.50462962963,0.670769230769,0.67858654182,0.50462962963,0.50462962963,1,108,0,0,0,0
2002,WLNM_dir_neg,0.953789437586,0.555325192342,00:00:04,10,50,23,1235135447,threshold_sweep,0.4,1,0.00925925925926,0.0183486238532,1,0,107,216,0.00925925925926,1,0,0.990740740741,1,0.00925925925926,0.0183486238532,0.66975308642,0.665637860082,0.0123076923077,0.0786889475365,0.00925925925926,216,108,108,0,216,0,108,0,108,37,216,0.162162162162,1.32432432432,11.6756756757,21.6,6,8.1990990496,0.702237650082,0.31006006006,10.329336629,1.76937710775,0.765265265265,3.0868314707,0.528762798222,0.252752752753,0.579945114934,0.437917739848,2,1.32432432432,0.579945114934,2,0.0121701261701,0.00597269624573,7,0.000900900900901,0.621196581197,37,37,37,1,0,0.72972972973,0.243243243243,0.027027027027,37,0.0810810810811,1.32432432432,5.83783783784,10.8,3.08571428571,4.4815269813,0.767668973648,0.388888888889,5.34050756212,1.82961833147,0.787287287287,1.89118390871,0.647905598356,0.356856856857,0.579945114934,0.437917739848,2,1.32432432432,0.579945114934,2,0.0109105180534,0.00339366515837,1,0.0001287001287,0.204252224139,37,37,37,1,0,0.72972972973,0.216216216216,0.0540540540541,37,109,0.0818318318318,1.32432432432,5.89189189189,10.9,3.11428571429,4.58126488952,0.777554132626,0.392263823456,5.36938826407,1.82263638322,0.785519464419,1.87002593485,0.634779445773,0.349615670717,0.579945114934,0.437917739848,2,1.32432432432,0.579945114934,2,0.0211515969411,0.00658616904501,2,0.0002574002574,0.206721359941,37,37,37,1,0,0.72972972973,0.216216216216,0.0540540540541,-107,-0.0803303303303,0,-5.78378378378,-10.7,-2.88571428571,-3.61783416008,0.0753164825438,0.0822037633964,-4.95994836493,0.053259275471,0.0202541991533,-1.21680553586,0.106016647551,0.0968629179638,0,0,0,0,0,0,0.00898147077094,0.000613472799272,-5,-0.000643500643501,-0.414475221255,0,-0.027027027027,0.027027027027,109,0,107,1116,0.50462962963,1,0,0.49537037037,1,0.50462962963,0.670769230769,0.67858654182,0.50462962963,0.50462962963,1,108,0,0,0,0
2003,WLNM_dir_neg,0.953789437586,0.555325192342,00:00:04,10,50,23,1235135447,threshold_sweep,0.5,1,0.00925925925926,0.0183486238532,1,0,107,216,0.00925925925926,1,0,0.990740740741,1,0.00925925925926,0.0183486238532,0.66975308642,0.665637860082,0.0123076923077,0.0786889475365,0.00925925925926,216,108,108,0,216,0,108,0,108,37,216,0.162162162162,1.32432432432,11.6756756757,21.6,6,8.1990990496,0.702237650082,0.31006006006,10.329336629,1.76937710775,0.765265265265,3.0868314707,0.528762798222,0.252752752753,0.579945114934,0.437917739848,2,1.32432432432,0.579945114934,2,0.0121701261701,0.00597269624573,7,0.000900900900901,0.621196581197,37,37,37,1,0,0.72972972973,0.243243243243,0.027027027027,37,0.0810810810811,1.32432432432,5.83783783784,10.8,3.08571428571,4.4815269813,0.767668973648,0.388888888889,5.34050756212,1.82961833147,0.787287287287,1.89118390871,0.647905598356,0.356856856857,0.579945114934,0.437917739848,2,1.32432432432,0.579945114934,2,0.0109105180534,0.00339366515837,1,0.0001287001287,0.204252224139,37,37,37,1,0,0.72972972973,0.216216216216,0.0540540540541,37,109,0.0818318318318,1.32432432432,5.89189189189,10.9,3.11428571429,4.58126488952,0.777554132626,0.392263823456,5.36938826407,1.82263638322,0.785519464419,1.87002593485,0.634779445773,0.349615670717,0.579945114934,0.437917739848,2,1.32432432432,0.579945114934,2,0.0211515969411,0.00658616904501,2,0.0002574002574,0.206721359941,37,37,37,1,0,0.72972972973,0.216216216216,0.0540540540541,-107,-0.0803303303303,0,-5.78378378378,-10.7,-2.88571428571,-3.61783416008,0.0753164825438,0.0822037633964,-4.95994836493,0.053259275471,0.0202541991533,-1.21680553586,0.106016647551,0.0968629179638,0,0,0,0,0,0,0.00898147077094,0.000613472799272,-5,-0.000643500643501,-0.414475221255,0,-0.027027027027,0.027027027027,109,0,107,1116,0.50462962963,1,0,0.49537037037,1,0.50462962963,0.670769230769,0.67858654182,0.50462962963,0.50462962963,1,108,0,0,0,0
2004,WLNM_dir_neg,0.953789437586,0.555325192342,00:00:04,10,50,23,1235135447,threshold_sweep,0.6,1,0.00925925925926,0.0183486238532,1,0,107,216,0.00925925925926,1,0,0.990740740741,1,0.00925925925926,0.0183486238532,0.66975308642,0.665637860082,0.0123076923077,0.0786889475365,0.00925925925926,216,108,108,0,216,0,108,0,108,37,216,0.162162162162,1.32432432432,11.6756756757,21.6,6,8.1990990496,0.702237650082,0.31006006006,10.329336629,1.76937710775,0.765265265265,3.0868314707,0.528762798222,0.252752752753,0.579945114934,0.437917739848,2,1.32432432432,0.579945114934,2,0.0121701261701,0.00597269624573,7,0.000900900900901,0.621196581197,37,37,37,1,0,0.72972972973,0.243243243243,0.027027027027,37,0.0810810810811,1.32432432432,5.83783783784,10.8,3.08571428571,4.4815269813,0.767668973648,0.388888888889,5.34050756212,1.82961833147,0.787287287287,1.89118390871,0.647905598356,0.356856856857,0.579945114934,0.437917739848,2,1.32432432432,0.579945114934,2,0.0109105180534,0.00339366515837,1,0.0001287001287,0.204252224139,37,37,37,1,0,0.72972972973,0.216216216216,0.0540540540541,37,109,0.0818318318318,1.32432432432,5.89189189189,10.9,3.11428571429,4.58126488952,0.777554132626,0.392263823456,5.36938826407,1.82263638322,0.785519464419,1.87002593485,0.634779445773,0.349615670717,0.579945114934,0.437917739848,2,1.32432432432,0.579945114934,2,0.0211515969411,0.00658616904501,2,0.0002574002574,0.206721359941,37,37,37,1,0,0.72972972973,0.216216216216,0.0540540540541,-107,-0.0803303303303,0,-5.78378378378,-10.7,-2.88571428571,-3.61783416008,0.0753164825438,0.0822037633964,-4.95994836493,0.053259275471,0.0202541991533,-1.21680553586,0.106016647551,0.0968629179638,0,0,0,0,0,0,0.00898147077094,0.000613472799272,-5,-0.000643500643501,-0.414475221255,0,-0.027027027027,0.027027027027,109,0,107,1116,0.50462962963,1,0,0.49537037037,1,0.50462962963,0.670769230769,0.67858654182,0.50462962963,0.50462962963,1,108,0,0,0,0
2005,WLNM_dir_neg,0.953789437586,0.555325192342,00:00:04,10,50,23,1235135447,threshold_sweep,0.7,1,0.00925925925926,0.0183486238532,1,0,107,216,0.00925925925926,1,0,0.990740740741,1,0.00925925925926,0.0183486238532,0.66975308642,0.665637860082,0.0123076923077,0.0786889475365,0.00925925925926,216,108,108,0,216,0,108,0,108,37,216,0.162162162162,1.32432432432,11.6756756757,21.6,6,8.1990990496,0.702237650082,0.31006006006,10.329336629,1.76937710775,0.765265265265,3.0868314707,0.528762798222,0.252752752753,0.579945114934,0.437917739848,2,1.32432432432,0.579945114934,2,0.0121701261701,0.00597269624573,7,0.000900900900901,0.621196581197,37,37,37,1,0,0.72972972973,0.243243243243,0.027027027027,37,0.0810810810811,1.32432432432,5.83783783784,10.8,3.08571428571,4.4815269813,0.767668973648,0.388888888889,5.34050756212,1.82961833147,0.787287287287,1.89118390871,0.647905598356,0.356856856857,0.579945114934,0.437917739848,2,1.32432432432,0.579945114934,2,0.0109105180534,0.00339366515837,1,0.0001287001287,0.204252224139,37,37,37,1,0,0.72972972973,0.216216216216,0.0540540540541,37,109,0.0818318318318,1.32432432432,5.89189189189,10.9,3.11428571429,4.58126488952,0.777554132626,0.392263823456,5.36938826407,1.82263638322,0.785519464419,1.87002593485,0.634779445773,0.349615670717,0.579945114934,0.437917739848,2,1.32432432432,0.579945114934,2,0.0211515969411,0.00658616904501,2,0.0002574002574,0.206721359941,37,37,37,1,0,0.72972972973,0.216216216216,0.0540540540541,-107,-0.0803303303303,0,-5.78378378378,-10.7,-2.88571428571,-3.61783416008,0.0753164825438,0.0822037633964,-4.95994836493,0.053259275471,0.0202541991533,-1.21680553586,0.106016647551,0.0968629179638,0,0,0,0,0,0,0.00898147077094,0.000613472799272,-5,-0.000643500643501,-0.414475221255,0,-0.027027027027,0.027027027027,109,0,107,1116,0.50462962963,1,0,0.49537037037,1,0.50462962963,0.670769230769,0.67858654182,0.50462962963,0.50462962963,1,108,0,0,0,0
2006,WLNM_dir_neg,0.953789437586,0.555325192342,00:00:04,10,50,23,1235135447,threshold_sweep,0.8,1,0.00925925925926,0.0183486238532,1,0,107,216,0.00925925925926,1,0,0.990740740741,1,0.00925925925926,0.0183486238532,0.66975308642,0.665637860082,0.0123076923077,0.0786889475365,0.00925925925926,216,108,108,0,216,0,108,0,108,37,216,0.162162162162,1.32432432432,11.6756756757,21.6,6,8.1990990496,0.702237650082,0.31006006006,10.329336629,1.76937710775,0.765265265265,3.0868314707,0.528762798222,0.252752752753,0.579945114934,0.437917739848,2,1.32432432432,0.579945114934,2,0.0121701261701,0.00597269624573,7,0.000900900900901,0.621196581197,37,37,37,1,0,0.72972972973,0.243243243243,0.027027027027,37,0.0810810810811,1.32432432432,5.83783783784,10.8,3.08571428571,4.4815269813,0.767668973648,0.388888888889,5.34050756212,1.82961833147,0.787287287287,1.89118390871,0.647905598356,0.356856856857,0.579945114934,0.437917739848,2,1.32432432432,0.579945114934,2,0.0109105180534,0.00339366515837,1,0.0001287001287,0.204252224139,37,37,37,1,0,0.72972972973,0.216216216216,0.0540540540541,37,109,0.0818318318318,1.32432432432,5.89189189189,10.9,3.11428571429,4.58126488952,0.777554132626,0.392263823456,5.36938826407,1.82263638322,0.785519464419,1.87002593485,0.634779445773,0.349615670717,0.579945114934,0.437917739848,2,1.32432432432,0.579945114934,2,0.0211515969411,0.00658616904501,2,0.0002574002574,0.206721359941,37,37,37,1,0,0.72972972973,0.216216216216,0.0540540540541,-107,-0.0803303303303,0,-5.78378378378,-10.7,-2.88571428571,-3.61783416008,0.0753164825438,0.0822037633964,-4.95994836493,0.053259275471,0.0202541991533,-1.21680553586,0.106016647551,0.0968629179638,0,0,0,0,0,0,0.00898147077094,0.000613472799272,-5,-0.000643500643501,-0.414475221255,0,-0.027027027027,0.027027027027,109,0,107,1116,0.50462962963,1,0,0.49537037037,1,0.50462962963,0.670769230769,0.67858654182,0.50462962963,0.50462962963,1,108,0,0,0,0
2007,WLNM_dir_neg,0.953789437586,0.555325192342,00:00:04,10,50,23,1235135447,threshold_sweep,0.9,1,0.00925925925926,0.0183486238532,1,0,107,216,0.00925925925926,1,0,0.990740740741,1,0.00925925925926,0.0183486238532,0.66975308642,0.665637860082,0.0123076923077,0.0786889475365,0.00925925925926,216,108,108,0,216,0,108,0,108,37,216,0.162162162162,1.32432432432,11.6756756757,21.6,6,8.1990990496,0.702237650082,0.31006006006,10.329336629,1.76937710775,0.765265265265,3.0868314707,0.528762798222,0.252752752753,0.579945114934,0.437917739848,2,1.32432432432,0.579945114934,2,0.0121701261701,0.00597269624573,7,0.000900900900901,0.621196581197,37,37,37,1,0,0.72972972973,0.243243243243,0.027027027027,37,0.0810810810811,1.32432432432,5.83783783784,10.8,3.08571428571,4.4815269813,0.767668973648,0.388888888889,5.34050756212,1.82961833147,0.787287287287,1.89118390871,0.647905598356,0.356856856857,0.579945114934,0.437917739848,2,1.32432432432,0.579945114934,2,0.0109105180534,0.00339366515837,1,0.0001287001287,0.204252224139,37,37,37,1,0,0.72972972973,0.216216216216,0.0540540540541,37,109,0.0818318318318,1.32432432432,5.89189189189,10.9,3.11428571429,4.58126488952,0.777554132626,0.392263823456,5.36938826407,1.82263638322,0.785519464419,1.87002593485,0.634779445773,0.349615670717,0.579945114934,0.437917739848,2,1.32432432432,0.579945114934,2,0.0211515969411,0.00658616904501,2,0.0002574002574,0.206721359941,37,37,37,1,0,0.72972972973,0.216216216216,0.0540540540541,-107,-0.0803303303303,0,-5.78378378378,-10.7,-2.88571428571,-3.61783416008,0.0753164825438,0.0822037633964,-4.95994836493,0.053259275471,0.0202541991533,-1.21680553586,0.106016647551,0.0968629179638,0,0,0,0,0,0,0.00898147077094,0.000613472799272,-5,-0.000643500643501,-0.414475221255,0,-0.027027027027,0.027027027027,109,0,107,1116,0.50462962963,1,0,0.49537037037,1,0.50462962963,0.670769230769,0.67858654182,0.50462962963,0.50462962963,1,108,0,0,0,0
2008,WLNM_dir_neg,0.991512345679,0.946593915344,00:00:03,10,50,24,1235135448,threshold_sweep,0.1,1,0.0740740740741,0.137931034483,8,0,100,216,0.0740740740741,1,0,0.925925925926,1,0.0740740740741,0.137931034483,0.691358024691,0.658436213992,0.0963855421687,0.225017580185,0.0740740740741,216,108,108,0,216,0,108,0,108,37,216,0.162162162162,1.32432432432,11.6756756757,21.6,6,8.1990990496,0.702237650082,0.31006006006,10.329336629,1.76937710775,0.765265265265,3.0868314707,0.528762798222,0.252752752753,0.579945114934,0.437917739848,2,1.32432432432,0.579945114934,2,0.0121701261701,0.00597269624573,7,0.000900900900901,0.621196581197,37,37,37,1,0,0.72972972973,0.243243243243,0.027027027027,37,0.0810810810811,1.32432432432,5.83783783784,10.8,3.375,4.5308419227,0.776116440463,0.398148148148,5.29348854925,1.81350996595,0.783783783784,2.11316479846,0.723954606881,0.399399399399,0.579945114934,0.437917739848,2,1.33333333333,0.585540043769,2,0,0,0,0,0.226580843573,37,36,36,0.972972972973,0,0.702702702703,0.162162162162,0.108108108108,37,116,0.0870870870871,1.32132132132,6.27027027027,11.6,3.31428571429,4.8169183824,0.768215431676,0.400046598322,5.42198283821,1.72942556047,0.765610438024,1.90266132565,0.606883353871,0.327586206897,0.571249793283,0.432332229917,2,1.32132132132,0.571249793283,2,0,0,0,0,0.236457386782,37,37,37,1,0,0.72972972973,0.216216216216,0.0540540540541,-100,-0.0750750750751,-0.003003003003,-5.40540540541,-10,-2.68571428571,-3.3821806672,0.065977781594,0.0899865382624,-4.90735379078,-0.0399515472802,0.000345172758966,-1.18417014506,0.0781205556483,0.0748334541438,-0.00869532165105,-0.00558550993171,0,-0.003003003003,-0.00869532165105,0,-0.0121701261701,-0.00597269624573,-7,-0.000900900900901,-0.384739194414,0,-0.027027027027,0.027027027027,116,0,100,1116,0.537037037037,1,0,0.462962962963,1,0.537037037037,0.698795180723,0.702049006137,0.537037037037,0.537037037037,8,108,0,0,0,0
2009,WLNM_dir_neg,0.991512345679,0.946593915344,00:00:03,10,50,24,1235135448,threshold_sweep,0.2,1,0.0740740740741,0.137931034483,8,0,100,216,0.0740740740741,1,0,0.925925925926,1,0.0740740740741,0.137931034483,0.691358024691,0.658436213992,0.0963855421687,0.225017580185,0.0740740740741,216,108,108,0,216,0,108,0,108,37,216,0.162162162162,1.32432432432,11.6756756757,21.6,6,8.1990990496,0.702237650082,0.31006006006,10.329336629,1.76937710775,0.765265265265,3.0868314707,0.528762798222,0.252752752753,0.579945114934,0.437917739848,2,1.32432432432,0.579945114934,2,0.0121701261701,0.00597269624573,7,0.000900900900901,0.621196581197,37,37,37,1,0,0.72972972973,0.243243243243,0.027027027027,37,0.0810810810811,1.32432432432,5.83783783784,10.8,3.375,4.5308419227,0.776116440463,0.398148148148,5.29348854925,1.81350996595,0.783783783784,2.11316479846,0.723954606881,0.399399399399,0.579945114934,0.437917739848,2,1.33333333333,0.585540043769,2,0,0,0,0,0.226580843573,37,36,36,0.972972972973,0,0.702702702703,0.162162162162,0.108108108108,37,116,0.0870870870871,1.32132132132,6.27027027027,11.6,3.31428571429,4.8169183824,0.768215431676,0.400046598322,5.42198283821,1.72942556047,0.765610438024,1.90266132565,0.606883353871,0.327586206897,0.571249793283,0.432332229917,2,1.32132132132,0.571249793283,2,0,0,0,0,0.236457386782,37,37,37,1,0,0.72972972973,0.216216216216,0.0540540540541,-100,-0.0750750750751,-0.003003003003,-5.40540540541,-10,-2.68571428571,-3.3821806672,0.065977781594,0.0899865382624,-4.90735379078,-0.0399515472802,0.000345172758966,-1.18417014506,0.0781205556483,0.0748334541438,-0.00869532165105,-0.00558550993171,0,-0.003003003003,-0.00869532165105,0,-0.0121701261701,-0.00597269624573,-7,-0.000900900900901,-0.384739194414,0,-0.027027027027,0.027027027027,116,0,100,1116,0.537037037037,1,0,0.462962962963,1,0.537037037037,0.698795180723,0.702049006137,0.537037037037,0.537037037037,8,108,0,0,0,0
2010,WLNM_dir_neg,0.991512345679,0.946593915344,00:00:03,10,50,24,1235135448,threshold_sweep,0.3,1,0.0740740740741,0.137931034483,8,0,100,216,0.0740740740741,1,0,0.925925925926,1,0.0740740740741,0.137931034483,0.691358024691,0.658436213992,0.0963855421687,0.225017580185,0.0740740740741,216,108,108,0,216,0,108,0,108,37,216,0.162162162162,1.32432432432,11.6756756757,21.6,6,8.1990990496,0.702237650082,0.31006006006,10.329336629,1.76937710775,0.765265265265,3.0868314707,0.528762798222,0.252752752753,0.579945114934,0.437917739848,2,1.32432432432,0.579945114934,2,0.0121701261701,0.00597269624573,7,0.000900900900901,0.621196581197,37,37,37,1,0,0.72972972973,0.243243243243,0.027027027027,37,0.0810810810811,1.32432432432,5.83783783784,10.8,3.375,4.5308419227,0.776116440463,0.398148148148,5.29348854925,1.81350996595,0.783783783784,2.11316479846,0.723954606881,0.399399399399,0.579945114934,0.437917739848,2,1.33333333333,0.585540043769,2,0,0,0,0,0.226580843573,37,36,36,0.972972972973,0,0.702702702703,0.162162162162,0.108108108108,37,116,0.0870870870871,1.32132132132,6.27027027027,11.6,3.31428571429,4.8169183824,0.768215431676,0.400046598322,5.42198283821,1.72942556047,0.765610438024,1.90266132565,0.606883353871,0.327586206897,0.571249793283,0.432332229917,2,1.32132132132,0.571249793283,2,0,0,0,0,0.236457386782,37,37,37,1,0,0.72972972973,0.216216216216,0.0540540540541,-100,-0.0750750750751,-0.003003003003,-5.40540540541,-10,-2.68571428571,-3.3821806672,0.065977781594,0.0899865382624,-4.90735379078,-0.0399515472802,0.000345172758966,-1.18417014506,0.0781205556483,0.0748334541438,-0.00869532165105,-0.00558550993171,0,-0.003003003003,-0.00869532165105,0,-0.0121701261701,-0.00597269624573,-7,-0.000900900900901,-0.384739194414,0,-0.027027027027,0.027027027027,116,0,100,1116,0.537037037037,1,0,0.462962962963,1,0.537037037037,0.698795180723,0.702049006137,0.537037037037,0.537037037037,8,108,0,0,0,0
2011,WLNM_dir_neg,0.991512345679,0.946593915344,00:00:03,10,50,24,1235135448,threshold_sweep,0.4,1,0.0740740740741,0.137931034483,8,0,100,216,0.0740740740741,1,0,0.925925925926,1,0.0740740740741,0.137931034483,0.691358024691,0.658436213992,0.0963855421687,0.225017580185,0.0740740740741,216,108,108,0,216,0,108,0,108,37,216,0.162162162162,1.32432432432,11.6756756757,21.6,6,8.1990990496,0.702237650082,0.31006006006,10.329336629,1.76937710775,0.765265265265,3.0868314707,0.528762798222,0.252752752753,0.579945114934,0.437917739848,2,1.32432432432,0.579945114934,2,0.0121701261701,0.00597269624573,7,0.000900900900901,0.621196581197,37,37,37,1,0,0.72972972973,0.243243243243,0.027027027027,37,0.0810810810811,1.32432432432,5.83783783784,10.8,3.375,4.5308419227,0.776116440463,0.398148148148,5.29348854925,1.81350996595,0.783783783784,2.11316479846,0.723954606881,0.399399399399,0.579945114934,0.437917739848,2,1.33333333333,0.585540043769,2,0,0,0,0,0.226580843573,37,36,36,0.972972972973,0,0.702702702703,0.162162162162,0.108108108108,37,116,0.0870870870871,1.32132132132,6.27027027027,11.6,3.31428571429,4.8169183824,0.768215431676,0.400046598322,5.42198283821,1.72942556047,0.765610438024,1.90266132565,0.606883353871,0.327586206897,0.571249793283,0.432332229917,2,1.32132132132,0.571249793283,2,0,0,0,0,0.236457386782,37,37,37,1,0,0.72972972973,0.216216216216,0.0540540540541,-100,-0.0750750750751,-0.003003003003,-5.40540540541,-10,-2.68571428571,-3.3821806672,0.065977781594,0.0899865382624,-4.90735379078,-0.0399515472802,0.000345172758966,-1.18417014506,0.0781205556483,0.0748334541438,-0.00869532165105,-0.00558550993171,0,-0.003003003003,-0.00869532165105,0,-0.0121701261701,-0.00597269624573,-7,-0.000900900900901,-0.384739194414,0,-0.027027027027,0.027027027027,116,0,100,1116,0.537037037037,1,0,0.462962962963,1,0.537037037037,0.698795180723,0.702049006137,0.537037037037,0.537037037037,8,108,0,0,0,0
2012,WLNM_dir_neg,0.991512345679,0.946593915344,00:00:03,10,50,24,1235135448,threshold_sweep,0.5,1,0.0740740740741,0.137931034483,8,0,100,216,0.0740740740741,1,0,0.925925925926,1,0.0740740740741,0.137931034483,0.691358024691,0.658436213992,0.0963855421687,0.225017580185,0.0740740740741,216,108,108,0,216,0,108,0,108,37,216,0.162162162162,1.32432432432,11.6756756757,21.6,6,8.1990990496,0.702237650082,0.31006006006,10.329336629,1.76937710775,0.765265265265,3.0868314707,0.528762798222,0.252752752753,0.579945114934,0.437917739848,2,1.32432432432,0.579945114934,2,0.0121701261701,0.00597269624573,7,0.000900900900901,0.621196581197,37,37,37,1,0,0.72972972973,0.243243243243,0.027027027027,37,0.0810810810811,1.32432432432,5.83783783784,10.8,3.375,4.5308419227,0.776116440463,0.398148148148,5.29348854925,1.81350996595,0.783783783784,2.11316479846,0.723954606881,0.399399399399,0.579945114934,0.437917739848,2,1.33333333333,0.585540043769,2,0,0,0,0,0.226580843573,37,36,36,0.972972972973,0,0.702702702703,0.162162162162,0.108108108108,37,116,0.0870870870871,1.32132132132,6.27027027027,11.6,3.31428571429,4.8169183824,0.768215431676,0.400046598322,5.42198283821,1.72942556047,0.765610438024,1.90266132565,0.606883353871,0.327586206897,0.571249793283,0.432332229917,2,1.32132132132,0.571249793283,2,0,0,0,0,0.236457386782,37,37,37,1,0,0.72972972973,0.216216216216,0.0540540540541,-100,-0.0750750750751,-0.003003003003,-5.40540540541,-10,-2.68571428571,-3.3821806672,0.065977781594,0.0899865382624,-4.90735379078,-0.0399515472802,0.000345172758966,-1.18417014506,0.0781205556483,0.0748334541438,-0.00869532165105,-0.00558550993171,0,-0.003003003003,-0.00869532165105,0,-0.0121701261701,-0.00597269624573,-7,-0.000900900900901,-0.384739194414,0,-0.027027027027,0.027027027027,116,0,100,1116,0.537037037037,1,0,0.462962962963,1,0.537037037037,0.698795180723,0.702049006137,0.537037037037,0.537037037037,8,108,0,0,0,0
2013,WLNM_dir_neg,0.991512345679,0.946593915344,00:00:03,10,50,24,1235135448,threshold_sweep,0.6,1,0.0740740740741,0.137931034483,8,0,100,216,0.0740740740741,1,0,0.925925925926,1,0.0740740740741,0.137931034483,0.691358024691,0.658436213992,0.0963855421687,0.225017580185,0.0740740740741,216,108,108,0,216,0,108,0,108,37,216,0.162162162162,1.32432432432,11.6756756757,21.6,6,8.1990990496,0.702237650082,0.31006006006,10.329336629,1.76937710775,0.765265265265,3.0868314707,0.528762798222,0.252752752753,0.579945114934,0.437917739848,2,1.32432432432,0.579945114934,2,0.0121701261701,0.00597269624573,7,0.000900900900901,0.621196581197,37,37,37,1,0,0.72972972973,0.243243243243,0.027027027027,37,0.0810810810811,1.32432432432,5.83783783784,10.8,3.375,4.5308419227,0.776116440463,0.398148148148,5.29348854925,1.81350996595,0.783783783784,2.11316479846,0.723954606881,0.399399399399,0.579945114934,0.437917739848,2,1.33333333333,0.585540043769,2,0,0,0,0,0.226580843573,37,36,36,0.972972972973,0,0.702702702703,0.162162162162,0.108108108108,37,116,0.0870870870871,1.32132132132,6.27027027027,11.6,3.31428571429,4.8169183824,0.768215431676,0.400046598322,5.42198283821,1.72942556047,0.765610438024,1.90266132565,0.606883353871,0.327586206897,0.571249793283,0.432332229917,2,1.32132132132,0.571249793283,2,0,0,0,0,0.236457386782,37,37,37,1,0,0.72972972973,0.216216216216,0.0540540540541,-100,-0.0750750750751,-0.003003003003,-5.40540540541,-10,-2.68571428571,-3.3821806672,0.065977781594,0.0899865382624,-4.90735379078,-0.0399515472802,0.000345172758966,-1.18417014506,0.0781205556483,0.0748334541438,-0.00869532165105,-0.00558550993171,0,-0.003003003003,-0.00869532165105,0,-0.0121701261701,-0.00597269624573,-7,-0.000900900900901,-0.384739194414,0,-0.027027027027,0.027027027027,116,0,100,1116,0.537037037037,1,0,0.462962962963,1,0.537037037037,0.698795180723,0.702049006137,0.537037037037,0.537037037037,8,108,0,0,0,0
2014,WLNM_dir_neg,0.991512345679,0.946593915344,00:00:03,10,50,24,1235135448,threshold_sweep,0.7,1,0.037037037037,0.0714285714286,4,0,104,216,0.037037037037,1,0,0.962962962963,1,0.037037037037,0.0714285714286,0.679012345679,0.662551440329,0.0487804878049,0.158113883008,0.037037037037,216,108,108,0,216,0,108,0,108,37,216,0.162162162162,1.32432432432,11.6756756757,21.6,6,8.1990990496,0.702237650082,0.31006006006,10.329336629,1.76937710775,0.765265265265,3.0868314707,0.528762798222,0.252752752753,0.579945114934,0.437917739848,2,1.32432432432,0.579945114934,2,0.0121701261701,0.00597269624573,7,0.000900900900901,0.621196581197,37,37,37,1,0,0.72972972973,0.243243243243,0.027027027027,37,0.0810810810811,1.32432432432,5.83783783784,10.8,3.375,4.5308419227,0.776116440463,0.398148148148,5.29348854925,1.81350996595,0.783783783784,2.11316479846,0.723954606881,0.399399399399,0.579945114934,0.437917739848,2,1.33333333333,0.585540043769,2,0,0,0,0,0.226580843573,37,36,36,0.972972972973,0,0.702702702703,0.162162162162,0.108108108108,37,112,0.0840840840841,1.32432432432,6.05405405405,11.2,3.5,4.73723985475,0.782490511722,0.401544401544,5.33586651552,1.76274161674,0.774131274131,2.03424141589,0.672026182036,0.366795366795,0.579945114934,0.437917739848,2,1.33333333333,0.585540043769,2,0,0,0,0,0.241395658387,37,36,36,0.972972972973,0,0.702702702703,0.162162162162,0.108108108108,-104,-0.0780780780781,0,-5.62162162162,-10.4,-2.5,-3.46185919485,0.0802528616404,0.0914843414843,-4.99347011348,-0.0066354910103,0.00886600886601,-1.05259005481,0.143263383814,0.114042614043,0,0,0,0.00900900900901,0.00559492883467,0,-0.0121701261701,-0.00597269624573,-7,-0.000900900900901,-0.379800922809,-0.027027027027,-0.0810810810811,0.0810810810811,112,0,104,1116,0.518518518519,1,0,0.481481481481,1,0.518518518519,0.682926829268,0.688706715439,0.518518518519,0.518518518519,4,108,0,0,0,0
2015,WLNM_dir_neg,0.991512345679,0.946593915344,00:00:03,10,50,24,1235135448,threshold_sweep,0.8,1,0.037037037037,0.0714285714286,4,0,104,216,0.037037037037,1,0,0.962962962963,1,0.037037037037,0.0714285714286,0.679012345679,0.662551440329,0.0487804878049,0.158113883008,0.037037037037,216,108,108,0,216,0,108,0,108,37,216,0.162162162162,1.32432432432,11.6756756757,21.6,6,8.1990990496,0.702237650082,0.31006006006,10.329336629,1.76937710775,0.765265265265,3.0868314707,0.528762798222,0.252752752753,0.579945114934,0.437917739848,2,1.32432432432,0.579945114934,2,0.0121701261701,0.00597269624573,7,0.000900900900901,0.621196581197,37,37,37,1,0,0.72972972973,0.243243243243,0.027027027027,37,0.0810810810811,1.32432432432,5.83783783784,10.8,3.375,4.5308419227,0.776116440463,0.398148148148,5.29348854925,1.81350996595,0.783783783784,2.11316479846,0.723954606881,0.399399399399,0.579945114934,0.437917739848,2,1.33333333333,0.585540043769,2,0,0,0,0,0.226580843573,37,36,36,0.972972972973,0,0.702702702703,0.162162162162,0.108108108108,37,112,0.0840840840841,1.32432432432,6.05405405405,11.2,3.5,4.73723985475,0.782490511722,0.401544401544,5.33586651552,1.76274161674,0.774131274131,2.03424141589,0.672026182036,0.366795366795,0.579945114934,0.437917739848,2,1.33333333333,0.585540043769,2,0,0,0,0,0.241395658387,37,36,36,0.972972972973,0,0.702702702703,0.162162162162,0.108108108108,-104,-0.0780780780781,0,-5.62162162162,-10.4,-2.5,-3.46185919485,0.0802528616404,0.0914843414843,-4.99347011348,-0.0066354910103,0.00886600886601,-1.05259005481,0.143263383814,0.114042614043,0,0,0,0.00900900900901,0.00559492883467,0,-0.0121701261701,-0.00597269624573,-7,-0.000900900900901,-0.379800922809,-0.027027027027,-0.0810810810811,0.0810810810811,112,0,104,1116,0.518518518519,1,0,0.481481481481,1,0.518518518519,0.682926829268,0.688706715439,0.518518518519,0.518518518519,4,108,0,0,0,0
2016,WLNM_dir_neg,0.991512345679,0.946593915344,00:00:03,10,50,24,1235135448,threshold_sweep,0.9,1,0.037037037037,0.0714285714286,4,0,104,216,0.037037037037,1,0,0.962962962963,1,0.037037037037,0.0714285714286,0.679012345679,0.662551440329,0.0487804878049,0.158113883008,0.037037037037,216,108,108,0,216,0,108,0,108,37,216,0.162162162162,1.32432432432,11.6756756757,21.6,6,8.1990990496,0.702237650082,0.31006006006,10.329336629,1.76937710775,0.765265265265,3.0868314707,0.528762798222,0.252752752753,0.579945114934,0.437917739848,2,1.32432432432,0.579945114934,2,0.0121701261701,0.00597269624573,7,0.000900900900901,0.621196581197,37,37,37,1,0,0.72972972973,0.243243243243,0.027027027027,37,0.0810810810811,1.32432432432,5.83783783784,10.8,3.375,4.5308419227,0.776116440463,0.398148148148,5.29348854925,1.81350996595,0.783783783784,2.11316479846,0.723954606881,0.399399399399,0.579945114934,0.437917739848,2,1.33333333333,0.585540043769,2,0,0,0,0,0.226580843573,37,36,36,0.972972972973,0,0.702702702703,0.162162162162,0.108108108108,37,112,0.0840840840841,1.32432432432,6.05405405405,11.2,3.5,4.73723985475,0.782490511722,0.401544401544,5.33586651552,1.76274161674,0.774131274131,2.03424141589,0.672026182036,0.366795366795,0.579945114934,0.437917739848,2,1.33333333333,0.585540043769,2,0,0,0,0,0.241395658387,37,36,36,0.972972972973,0,0.702702702703,0.162162162162,0.108108108108,-104,-0.0780780780781,0,-5.62162162162,-10.4,-2.5,-3.46185919485,0.0802528616404,0.0914843414843,-4.99347011348,-0.0066354910103,0.00886600886601,-1.05259005481,0.143263383814,0.114042614043,0,0,0,0.00900900900901,0.00559492883467,0,-0.0121701261701,-0.00597269624573,-7,-0.000900900900901,-0.379800922809,-0.027027027027,-0.0810810810811,0.0810810810811,112,0,104,1116,0.518518518519,1,0,0.481481481481,1,0.518518518519,0.682926829268,0.688706715439,0.518518518519,0.518518518519,4,108,0,0,0,0
2017,WLNM_dir_neg,0.990740740741,0.962999751487,00:00:04,10,50,25,1235135449,threshold_sweep,0.1,1,0.0185185185185,0.0363636363636,2,0,106,216,0.0185185185185,1,0,0.981481481481,1,0.0185185185185,0.0363636363636,0.672839506173,0.664609053498,0.0245398773006,0.111455642515,0.0185185185185,216,108,108,0,216,0,108,0,108,37,216,0.162162162162,1.32432432432,11.6756756757,21.6,6,8.1990990496,0.702237650082,0.31006006006,10.329336629,1.76937710775,0.765265265265,3.0868314707,0.528762798222,0.252752752753,0.579945114934,0.437917739848,2,1.32432432432,0.579945114934,2,0.0121701261701,0.00597269624573,7,0.000900900900901,0.621196581197,37,37,37,1,0,0.72972972973,0.243243243243,0.027027027027,37,0.0810810810811,1.32432432432,5.83783783784,10.8,3.27272727273,4.36853340197,0.748313592003,0.386136136136,5.29873348797,1.8153068431,0.783783783784,2.07335447977,0.710315886589,0.396396396396,0.579945114934,0.437917739848,2,1.32432432432,0.579945114934,2,0.00816634346046,0.00346420323326,1,0.0001287001287,0.219412305769,37,37,37,1,0,0.72972972973,0.162162162162,0.108108108108,37,110,0.0825825825826,1.32432432432,5.94594594595,11,3.33333333333,4.47800765437,0.753119469143,0.390417690418,5.33065811283,1.79303954704,0.779361179361,2.03424141589,0.684244839892,0.381818181818,0.579945114934,0.437917739848,2,1.32432432432,0.579945114934,2,0.019824106113,0.00994475138122,3,0.0003861003861,0.225761512119,37,37,37,1,0,0.72972972973,0.162162162162,0.108108108108,-106,-0.0795795795796,0,-5.72972972973,-10.6,-2.66666666667,-3.72109139524,0.0508818190614,0.0803576303576,-4.99867851617,0.0236624392986,0.0140959140959,-1.05259005481,0.155482041669,0.129065429065,0,0,0,0,0,0,0.00765397994291,0.00397205513548,-4,-0.000514800514801,-0.395435069078,0,-0.0810810810811,0.0810810810811,110,0,106,1116,0.509259259259,1,0,0.490740740741,1,0.509259259259,0.674846625767,0.681971085039,0.509259259259,0.509259259259,2,108,0,0,0,0
2018,WLNM_dir_neg,0.990740740741,0.962999751487,00:00:04,10,50,25,1235135449,threshold_sweep,0.2,1,0.0185185185185,0.0363636363636,2,0,106,216,0.0185185185185,1,0,0.981481481481,1,0.0185185185185,0.0363636363636,0.672839506173,0.664609053498,0.0245398773006,0.111455642515,0.0185185185185,216,108,108,0,216,0,108,0,108,37,216,0.162162162162,1.32432432432,11.6756756757,21.6,6,8.1990990496,0.702237650082,0.31006006006,10.329336629,1.76937710775,0.765265265265,3.0868314707,0.528762798222,0.252752752753,0.579945114934,0.437917739848,2,1.32432432432,0.579945114934,2,0.0121701261701,0.00597269624573,7,0.000900900900901,0.621196581197,37,37,37,1,0,0.72972972973,0.243243243243,0.027027027027,37,0.0810810810811,1.32432432432,5.83783783784,10.8,3.27272727273,4.36853340197,0.748313592003,0.386136136136,5.29873348797,1.8153068431,0.783783783784,2.07335447977,0.710315886589,0.396396396396,0.579945114934,0.437917739848,2,1.32432432432,0.579945114934,2,0.00816634346046,0.00346420323326,1,0.0001287001287,0.219412305769,37,37,37,1,0,0.72972972973,0.162162162162,0.108108108108,37,110,0.0825825825826,1.32432432432,5.94594594595,11,3.33333333333,4.47800765437,0.753119469143,0.390417690418,5.33065811283,1.79303954704,0.779361179361,2.03424141589,0.684244839892,0.381818181818,0.579945114934,0.437917739848,2,1.32432432432,0.579945114934,2,0.019824106113,0.00994475138122,3,0.0003861003861,0.225761512119,37,37,37,1,0,0.72972972973,0.162162162162,0.108108108108,-106,-0.0795795795796,0,-5.72972972973,-10.6,-2.66666666667,-3.72109139524,0.0508818190614,0.0803576303576,-4.99867851617,0.0236624392986,0.0140959140959,-1.05259005481,0.155482041669,0.129065429065,0,0,0,0,0,0,0.00765397994291,0.00397205513548,-4,-0.000514800514801,-0.395435069078,0,-0.0810810810811,0.0810810810811,110,0,106,1116,0.509259259259,1,0,0.490740740741,1,0.509259259259,0.674846625767,0.681971085039,0.509259259259,0.509259259259,2,108,0,0,0,0
2019,WLNM_dir_neg,0.990740740741,0.962999751487,00:00:04,10,50,25,1235135449,threshold_sweep,0.3,1,0.0185185185185,0.0363636363636,2,0,106,216,0.0185185185185,1,0,0.981481481481,1,0.0185185185185,0.0363636363636,0.672839506173,0.664609053498,0.0245398773006,0.111455642515,0.0185185185185,216,108,108,0,216,0,108,0,108,37,216,0.162162162162,1.32432432432,11.6756756757,21.6,6,8.1990990496,0.702237650082,0.31006006006,10.329336629,1.76937710775,0.765265265265,3.0868314707,0.528762798222,0.252752752753,0.579945114934,0.437917739848,2,1.32432432432,0.579945114934,2,0.0121701261701,0.00597269624573,7,0.000900900900901,0.621196581197,37,37,37,1,0,0.72972972973,0.243243243243,0.027027027027,37,0.0810810810811,1.32432432432,5.83783783784,10.8,3.27272727273,4.36853340197,0.748313592003,0.386136136136,5.29873348797,1.8153068431,0.783783783784,2.07335447977,0.710315886589,0.396396396396,0.579945114934,0.437917739848,2,1.32432432432,0.579945114934,2,0.00816634346046,0.00346420323326,1,0.0001287001287,0.219412305769,37,37,37,1,0,0.72972972973,0.162162162162,0.108108108108,37,110,0.0825825825826,1.32432432432,5.94594594595,11,3.33333333333,4.47800765437,0.753119469143,0.390417690418,5.33065811283,1.79303954704,0.779361179361,2.03424141589,0.684244839892,0.381818181818,0.579945114934,0.437917739848,2,1.32432432432,0.579945114934,2,0.019824106113,0.00994475138122,3,0.0003861003861,0.225761512119,37,37,37,1,0,0.72972972973,0.162162162162,0.108108108108,-106,-0.0795795795796,0,-5.72972972973,-10.6,-2.66666666667,-3.72109139524,0.0508818190614,0.0803576303576,-4.99867851617,0.0236624392986,0.0140959140959,-1.05259005481,0.155482041669,0.129065429065,0,0,0,0,0,0,0.00765397994291,0.00397205513548,-4,-0.000514800514801,-0.395435069078,0,-0.0810810810811,0.0810810810811,110,0,106,1116,0.509259259259,1,0,0.490740740741,1,0.509259259259,0.674846625767,0.681971085039,0.509259259259,0.509259259259,2,108,0,0,0,0
2020,WLNM_dir_neg,0.990740740741,0.962999751487,00:00:04,10,50,25,1235135449,threshold_sweep,0.4,1,0.0185185185185,0.0363636363636,2,0,106,216,0.0185185185185,1,0,0.981481481481,1,0.0185185185185,0.0363636363636,0.672839506173,0.664609053498,0.0245398773006,0.111455642515,0.0185185185185,216,108,108,0,216,0,108,0,108,37,216,0.162162162162,1.32432432432,11.6756756757,21.6,6,8.1990990496,0.702237650082,0.31006006006,10.329336629,1.76937710775,0.765265265265,3.0868314707,0.528762798222,0.252752752753,0.579945114934,0.437917739848,2,1.32432432432,0.579945114934,2,0.0121701261701,0.00597269624573,7,0.000900900900901,0.621196581197,37,37,37,1,0,0.72972972973,0.243243243243,0.027027027027,37,0.0810810810811,1.32432432432,5.83783783784,10.8,3.27272727273,4.36853340197,0.748313592003,0.386136136136,5.29873348797,1.8153068431,0.783783783784,2.07335447977,0.710315886589,0.396396396396,0.579945114934,0.437917739848,2,1.32432432432,0.579945114934,2,0.00816634346046,0.00346420323326,1,0.0001287001287,0.219412305769,37,37,37,1,0,0.72972972973,0.162162162162,0.108108108108,37,110,0.0825825825826,1.32432432432,5.94594594595,11,3.33333333333,4.47800765437,0.753119469143,0.390417690418,5.33065811283,1.79303954704,0.779361179361,2.03424141589,0.684244839892,0.381818181818,0.579945114934,0.437917739848,2,1.32432432432,0.579945114934,2,0.019824106113,0.00994475138122,3,0.0003861003861,0.225761512119,37,37,37,1,0,0.72972972973,0.162162162162,0.108108108108,-106,-0.0795795795796,0,-5.72972972973,-10.6,-2.66666666667,-3.72109139524,0.0508818190614,0.0803576303576,-4.99867851617,0.0236624392986,0.0140959140959,-1.05259005481,0.155482041669,0.129065429065,0,0,0,0,0,0,0.00765397994291,0.00397205513548,-4,-0.000514800514801,-0.395435069078,0,-0.0810810810811,0.0810810810811,110,0,106,1116,0.509259259259,1,0,0.490740740741,1,0.509259259259,0.674846625767,0.681971085039,0.509259259259,0.509259259259,2,108,0,0,0,0
2021,WLNM_dir_neg,0.990740740741,0.962999751487,00:00:04,10,50,25,1235135449,threshold_sweep,0.5,1,0.0185185185185,0.0363636363636,2,0,106,216,0.0185185185185,1,0,0.981481481481,1,0.0185185185185,0.0363636363636,0.672839506173,0.664609053498,0.0245398773006,0.111455642515,0.0185185185185,216,108,108,0,216,0,108,0,108,37,216,0.162162162162,1.32432432432,11.6756756757,21.6,6,8.1990990496,0.702237650082,0.31006006006,10.329336629,1.76937710775,0.765265265265,3.0868314707,0.528762798222,0.252752752753,0.579945114934,0.437917739848,2,1.32432432432,0.579945114934,2,0.0121701261701,0.00597269624573,7,0.000900900900901,0.621196581197,37,37,37,1,0,0.72972972973,0.243243243243,0.027027027027,37,0.0810810810811,1.32432432432,5.83783783784,10.8,3.27272727273,4.36853340197,0.748313592003,0.386136136136,5.29873348797,1.8153068431,0.783783783784,2.07335447977,0.710315886589,0.396396396396,0.579945114934,0.437917739848,2,1.32432432432,0.579945114934,2,0.00816634346046,0.00346420323326,1,0.0001287001287,0.219412305769,37,37,37,1,0,0.72972972973,0.162162162162,0.108108108108,37,110,0.0825825825826,1.32432432432,5.94594594595,11,3.33333333333,4.47800765437,0.753119469143,0.390417690418,5.33065811283,1.79303954704,0.779361179361,2.03424141589,0.684244839892,0.381818181818,0.579945114934,0.437917739848,2,1.32432432432,0.579945114934,2,0.019824106113,0.00994475138122,3,0.0003861003861,0.225761512119,37,37,37,1,0,0.72972972973,0.162162162162,0.108108108108,-106,-0.0795795795796,0,-5.72972972973,-10.6,-2.66666666667,-3.72109139524,0.0508818190614,0.0803576303576,-4.99867851617,0.0236624392986,0.0140959140959,-1.05259005481,0.155482041669,0.129065429065,0,0,0,0,0,0,0.00765397994291,0.00397205513548,-4,-0.000514800514801,-0.395435069078,0,-0.0810810810811,0.0810810810811,110,0,106,1116,0.509259259259,1,0,0.490740740741,1,0.509259259259,0.674846625767,0.681971085039,0.509259259259,0.509259259259,2,108,0,0,0,0
2022,WLNM_dir_neg,0.990740740741,0.962999751487,00:00:04,10,50,25,1235135449,threshold_sweep,0.6,1,0.0185185185185,0.0363636363636,2,0,106,216,0.0185185185185,1,0,0.981481481481,1,0.0185185185185,0.0363636363636,0.672839506173,0.664609053498,0.0245398773006,0.111455642515,0.0185185185185,216,108,108,0,216,0,108,0,108,37,216,0.162162162162,1.32432432432,11.6756756757,21.6,6,8.1990990496,0.702237650082,0.31006006006,10.329336629,1.76937710775,0.765265265265,3.0868314707,0.528762798222,0.252752752753,0.579945114934,0.437917739848,2,1.32432432432,0.579945114934,2,0.0121701261701,0.00597269624573,7,0.000900900900901,0.621196581197,37,37,37,1,0,0.72972972973,0.243243243243,0.027027027027,37,0.0810810810811,1.32432432432,5.83783783784,10.8,3.27272727273,4.36853340197,0.748313592003,0.386136136136,5.29873348797,1.8153068431,0.783783783784,2.07335447977,0.710315886589,0.396396396396,0.579945114934,0.437917739848,2,1.32432432432,0.579945114934,2,0.00816634346046,0.00346420323326,1,0.0001287001287,0.219412305769,37,37,37,1,0,0.72972972973,0.162162162162,0.108108108108,37,110,0.0825825825826,1.32432432432,5.94594594595,11,3.33333333333,4.47800765437,0.753119469143,0.390417690418,5.33065811283,1.79303954704,0.779361179361,2.03424141589,0.684244839892,0.381818181818,0.579945114934,0.437917739848,2,1.32432432432,0.579945114934,2,0.019824106113,0.00994475138122,3,0.0003861003861,0.225761512119,37,37,37,1,0,0.72972972973,0.162162162162,0.108108108108,-106,-0.0795795795796,0,-5.72972972973,-10.6,-2.66666666667,-3.72109139524,0.0508818190614,0.0803576303576,-4.99867851617,0.0236624392986,0.0140959140959,-1.05259005481,0.155482041669,0.129065429065,0,0,0,0,0,0,0.00765397994291,0.00397205513548,-4,-0.000514800514801,-0.395435069078,0,-0.0810810810811,0.0810810810811,110,0,106,1116,0.509259259259,1,0,0.490740740741,1,0.509259259259,0.674846625767,0.681971085039,0.509259259259,0.509259259259,2,108,0,0,0,0
2023,WLNM_dir_neg,0.990740740741,0.962999751487,00:00:04,10,50,25,1235135449,threshold_sweep,0.7,1,0.0185185185185,0.0363636363636,2,0,106,216,0.0185185185185,1,0,0.981481481481,1,0.0185185185185,0.0363636363636,0.672839506173,0.664609053498,0.0245398773006,0.111455642515,0.0185185185185,216,108,108,0,216,0,108,0,108,37,216,0.162162162162,1.32432432432,11.6756756757,21.6,6,8.1990990496,0.702237650082,0.31006006006,10.329336629,1.76937710775,0.765265265265,3.0868314707,0.528762798222,0.252752752753,0.579945114934,0.437917739848,2,1.32432432432,0.579945114934,2,0.0121701261701,0.00597269624573,7,0.000900900900901,0.621196581197,37,37,37,1,0,0.72972972973,0.243243243243,0.027027027027,37,0.0810810810811,1.32432432432,5.83783783784,10.8,3.27272727273,4.36853340197,0.748313592003,0.386136136136,5.29873348797,1.8153068431,0.783783783784,2.07335447977,0.710315886589,0.396396396396,0.579945114934,0.437917739848,2,1.32432432432,0.579945114934,2,0.00816634346046,0.00346420323326,1,0.0001287001287,0.219412305769,37,37,37,1,0,0.72972972973,0.162162162162,0.108108108108,37,110,0.0825825825826,1.32432432432,5.94594594595,11,3.33333333333,4.47800765437,0.753119469143,0.390417690418,5.33065811283,1.79303954704,0.779361179361,2.03424141589,0.684244839892,0.381818181818,0.579945114934,0.437917739848,2,1.32432432432,0.579945114934,2,0.019824106113,0.00994475138122,3,0.0003861003861,0.225761512119,37,37,37,1,0,0.72972972973,0.162162162162,0.108108108108,-106,-0.0795795795796,0,-5.72972972973,-10.6,-2.66666666667,-3.72109139524,0.0508818190614,0.0803576303576,-4.99867851617,0.0236624392986,0.0140959140959,-1.05259005481,0.155482041669,0.129065429065,0,0,0,0,0,0,0.00765397994291,0.00397205513548,-4,-0.000514800514801,-0.395435069078,0,-0.0810810810811,0.0810810810811,110,0,106,1116,0.509259259259,1,0,0.490740740741,1,0.509259259259,0.674846625767,0.681971085039,0.509259259259,0.509259259259,2,108,0,0,0,0
2024,WLNM_dir_neg,0.990740740741,0.962999751487,00:00:04,10,50,25,1235135449,threshold_sweep,0.8,1,0.0185185185185,0.0363636363636,2,0,106,216,0.0185185185185,1,0,0.981481481481,1,0.0185185185185,0.0363636363636,0.672839506173,0.664609053498,0.0245398773006,0.111455642515,0.0185185185185,216,108,108,0,216,0,108,0,108,37,216,0.162162162162,1.32432432432,11.6756756757,21.6,6,8.1990990496,0.702237650082,0.31006006006,10.329336629,1.76937710775,0.765265265265,3.0868314707,0.528762798222,0.252752752753,0.579945114934,0.437917739848,2,1.32432432432,0.579945114934,2,0.0121701261701,0.00597269624573,7,0.000900900900901,0.621196581197,37,37,37,1,0,0.72972972973,0.243243243243,0.027027027027,37,0.0810810810811,1.32432432432,5.83783783784,10.8,3.27272727273,4.36853340197,0.748313592003,0.386136136136,5.29873348797,1.8153068431,0.783783783784,2.07335447977,0.710315886589,0.396396396396,0.579945114934,0.437917739848,2,1.32432432432,0.579945114934,2,0.00816634346046,0.00346420323326,1,0.0001287001287,0.219412305769,37,37,37,1,0,0.72972972973,0.162162162162,0.108108108108,37,110,0.0825825825826,1.32432432432,5.94594594595,11,3.33333333333,4.47800765437,0.753119469143,0.390417690418,5.33065811283,1.79303954704,0.779361179361,2.03424141589,0.684244839892,0.381818181818,0.579945114934,0.437917739848,2,1.32432432432,0.579945114934,2,0.019824106113,0.00994475138122,3,0.0003861003861,0.225761512119,37,37,37,1,0,0.72972972973,0.162162162162,0.108108108108,-106,-0.0795795795796,0,-5.72972972973,-10.6,-2.66666666667,-3.72109139524,0.0508818190614,0.0803576303576,-4.99867851617,0.0236624392986,0.0140959140959,-1.05259005481,0.155482041669,0.129065429065,0,0,0,0,0,0,0.00765397994291,0.00397205513548,-4,-0.000514800514801,-0.395435069078,0,-0.0810810810811,0.0810810810811,110,0,106,1116,0.509259259259,1,0,0.490740740741,1,0.509259259259,0.674846625767,0.681971085039,0.509259259259,0.509259259259,2,108,0,0,0,0
2025,WLNM_dir_neg,0.990740740741,0.962999751487,00:00:04,10,50,25,1235135449,threshold_sweep,0.9,1,0.0185185185185,0.0363636363636,2,0,106,216,0.0185185185185,1,0,0.981481481481,1,0.0185185185185,0.0363636363636,0.672839506173,0.664609053498,0.0245398773006,0.111455642515,0.0185185185185,216,108,108,0,216,0,108,0,108,37,216,0.162162162162,1.32432432432,11.6756756757,21.6,6,8.1990990496,0.702237650082,0.31006006006,10.329336629,1.76937710775,0.765265265265,3.0868314707,0.528762798222,0.252752752753,0.579945114934,0.437917739848,2,1.32432432432,0.579945114934,2,0.0121701261701,0.00597269624573,7,0.000900900900901,0.621196581197,37,37,37,1,0,0.72972972973,0.243243243243,0.027027027027,37,0.0810810810811,1.32432432432,5.83783783784,10.8,3.27272727273,4.36853340197,0.748313592003,0.386136136136,5.29873348797,1.8153068431,0.783783783784,2.07335447977,0.710315886589,0.396396396396,0.579945114934,0.437917739848,2,1.32432432432,0.579945114934,2,0.00816634346046,0.00346420323326,1,0.0001287001287,0.219412305769,37,37,37,1,0,0.72972972973,0.162162162162,0.108108108108,37,110,0.0825825825826,1.32432432432,5.94594594595,11,3.33333333333,4.47800765437,0.753119469143,0.390417690418,5.33065811283,1.79303954704,0.779361179361,2.03424141589,0.684244839892,0.381818181818,0.579945114934,0.437917739848,2,1.32432432432,0.579945114934,2,0.019824106113,0.00994475138122,3,0.0003861003861,0.225761512119,37,37,37,1,0,0.72972972973,0.162162162162,0.108108108108,-106,-0.0795795795796,0,-5.72972972973,-10.6,-2.66666666667,-3.72109139524,0.0508818190614,0.0803576303576,-4.99867851617,0.0236624392986,0.0140959140959,-1.05259005481,0.155482041669,0.129065429065,0,0,0,0,0,0,0.00765397994291,0.00397205513548,-4,-0.000514800514801,-0.395435069078,0,-0.0810810810811,0.0810810810811,110,0,106,1116,0.509259259259,1,0,0.490740740741,1,0.509259259259,0.674846625767,0.681971085039,0.509259259259,0.509259259259,2,108,0,0,0,0
2026,WLNM_dir_neg,0.95818329904,0.690637865498,00:00:06,10,50,26,1235135450,threshold_sweep,0.1,0,0,0,0,0,108,216,0,1,0,1,0,0,0,0.666666666667,0.666666666667,0,0,0,216,108,108,0,216,0,108,0,108,37,216,0.162162162162,1.32432432432,11.6756756757,21.6,6,8.1990990496,0.702237650082,0.31006006006,10.329336629,1.76937710775,0.765265265265,3.0868314707,0.528762798222,0.252752752753,0.579945114934,0.437917739848,2,1.32432432432,0.579945114934,2,0.0121701261701,0.00597269624573,7,0.000900900900901,0.621196581197,37,37,37,1,0,0.72972972973,0.243243243243,0.027027027027,37,0.0810810810811,1.32432432432,5.83783783784,10.8,3.48387096774,4.29155186587,0.735126939986,0.382132132132,5.31443724615,1.82068683433,0.78028028028,2.17789881382,0.746132001031,0.416416416416,0.579945114934,0.437917739848,2,1.33333333333,0.585540043769,2,0,0,0,0,0.225305340992,37,36,36,0.972972972973,0,0.702702702703,0.135135135135,0.135135135135,37,108,0.0810810810811,1.32432432432,5.83783783784,10.8,3.48387096774,4.29155186587,0.735126939986,0.382132132132,5.31443724615,1.82068683433,0.78028028028,2.17789881382,0.746132001031,0.416416416416,0.579945114934,0.437917739848,2,1.33333333333,0.585540043769,2,0,0,0,0,0.225305340992,37,36,36,0.972972972973,0,0.702702702703,0.135135135135,0.135135135135,-108,-0.0810810810811,0,-5.83783783784,-10.8,-2.51612903226,-3.90754718374,0.0328892899044,0.0720720720721,-5.01489938285,0.0513097265831,0.015015015015,-0.908932656883,0.217369202809,0.163663663664,0,0,0,0.00900900900901,0.00559492883467,0,-0.0121701261701,-0.00597269624573,-7,-0.000900900900901,-0.395891240205,-0.027027027027,-0.108108108108,0.108108108108,108,0,108,1116,0.5,1,0,0.5,1,0.5,0.666666666667,0.675190604897,0.5,0.5,0,108,0,0,0,0
2027,WLNM_dir_neg,0.95818329904,0.690637865498,00:00:06,10,50,26,1235135450,threshold_sweep,0.2,0,0,0,0,0,108,216,0,1,0,1,0,0,0,0.666666666667,0.666666666667,0,0,0,216,108,108,0,216,0,108,0,108,37,216,0.162162162162,1.32432432432,11.6756756757,21.6,6,8.1990990496,0.702237650082,0.31006006006,10.329336629,1.76937710775,0.765265265265,3.0868314707,0.528762798222,0.252752752753,0.579945114934,0.437917739848,2,1.32432432432,0.579945114934,2,0.0121701261701,0.00597269624573,7,0.000900900900901,0.621196581197,37,37,37,1,0,0.72972972973,0.243243243243,0.027027027027,37,0.0810810810811,1.32432432432,5.83783783784,10.8,3.48387096774,4.29155186587,0.735126939986,0.382132132132,5.31443724615,1.82068683433,0.78028028028,2.17789881382,0.746132001031,0.416416416416,0.579945114934,0.437917739848,2,1.33333333333,0.585540043769,2,0,0,0,0,0.225305340992,37,36,36,0.972972972973,0,0.702702702703,0.135135135135,0.135135135135,37,108,0.0810810810811,1.32432432432,5.83783783784,10.8,3.48387096774,4.29155186587,0.735126939986,0.382132132132,5.31443724615,1.82068683433,0.78028028028,2.17789881382,0.746132001031,0.416416416416,0.579945114934,0.437917739848,2,1.33333333333,0.585540043769,2,0,0,0,0,0.225305340992,37,36,36,0.972972972973,0,0.702702702703,0.135135135135,0.135135135135,-108,-0.0810810810811,0,-5.83783783784,-10.8,-2.51612903226,-3.90754718374,0.0328892899044,0.0720720720721,-5.01489938285,0.0513097265831,0.015015015015,-0.908932656883,0.217369202809,0.163663663664,0,0,0,0.00900900900901,0.00559492883467,0,-0.0121701261701,-0.00597269624573,-7,-0.000900900900901,-0.395891240205,-0.027027027027,-0.108108108108,0.108108108108,108,0,108,1116,0.5,1,0,0.5,1,0.5,0.666666666667,0.675190604897,0.5,0.5,0,108,0,0,0,0
2028,WLNM_dir_neg,0.95818329904,0.690637865498,00:00:06,10,50,26,1235135450,threshold_sweep,0.3,0,0,0,0,0,108,216,0,1,0,1,0,0,0,0.666666666667,0.666666666667,0,0,0,216,108,108,0,216,0,108,0,108,37,216,0.162162162162,1.32432432432,11.6756756757,21.6,6,8.1990990496,0.702237650082,0.31006006006,10.329336629,1.76937710775,0.765265265265,3.0868314707,0.528762798222,0.252752752753,0.579945114934,0.437917739848,2,1.32432432432,0.579945114934,2,0.0121701261701,0.00597269624573,7,0.000900900900901,0.621196581197,37,37,37,1,0,0.72972972973,0.243243243243,0.027027027027,37,0.0810810810811,1.32432432432,5.83783783784,10.8,3.48387096774,4.29155186587,0.735126939986,0.382132132132,5.31443724615,1.82068683433,0.78028028028,2.17789881382,0.746132001031,0.416416416416,0.579945114934,0.437917739848,2,1.33333333333,0.585540043769,2,0,0,0,0,0.225305340992,37,36,36,0.972972972973,0,0.702702702703,0.135135135135,0.135135135135,37,108,0.0810810810811,1.32432432432,5.83783783784,10.8,3.48387096774,4.29155186587,0.735126939986,0.382132132132,5.31443724615,1.82068683433,0.78028028028,2.17789881382,0.746132001031,0.416416416416,0.579945114934,0.437917739848,2,1.33333333333,0.585540043769,2,0,0,0,0,0.225305340992,37,36,36,0.972972972973,0,0.702702702703,0.135135135135,0.135135135135,-108,-0.0810810810811,0,-5.83783783784,-10.8,-2.51612903226,-3.90754718374,0.0328892899044,0.0720720720721,-5.01489938285,0.0513097265831,0.015015015015,-0.908932656883,0.217369202809,0.163663663664,0,0,0,0.00900900900901,0.00559492883467,0,-0.0121701261701,-0.00597269624573,-7,-0.000900900900901,-0.395891240205,-0.027027027027,-0.108108108108,0.108108108108,108,0,108,1116,0.5,1,0,0.5,1,0.5,0.666666666667,0.675190604897,0.5,0.5,0,108,0,0,0,0
2029,WLNM_dir_neg,0.95818329904,0.690637865498,00:00:06,10,50,26,1235135450,threshold_sweep,0.4,0,0,0,0,0,108,216,0,1,0,1,0,0,0,0.666666666667,0.666666666667,0,0,0,216,108,108,0,216,0,108,0,108,37,216,0.162162162162,1.32432432432,11.6756756757,21.6,6,8.1990990496,0.702237650082,0.31006006006,10.329336629,1.76937710775,0.765265265265,3.0868314707,0.528762798222,0.252752752753,0.579945114934,0.437917739848,2,1.32432432432,0.579945114934,2,0.0121701261701,0.00597269624573,7,0.000900900900901,0.621196581197,37,37,37,1,0,0.72972972973,0.243243243243,0.027027027027,37,0.0810810810811,1.32432432432,5.83783783784,10.8,3.48387096774,4.29155186587,0.735126939986,0.382132132132,5.31443724615,1.82068683433,0.78028028028,2.17789881382,0.746132001031,0.416416416416,0.579945114934,0.437917739848,2,1.33333333333,0.585540043769,2,0,0,0,0,0.225305340992,37,36,36,0.972972972973,0,0.702702702703,0.135135135135,0.135135135135,37,108,0.0810810810811,1.32432432432,5.83783783784,10.8,3.48387096774,4.29155186587,0.735126939986,0.382132132132,5.31443724615,1.82068683433,0.78028028028,2.17789881382,0.746132001031,0.416416416416,0.579945114934,0.437917739848,2,1.33333333333,0.585540043769,2,0,0,0,0,0.225305340992,37,36,36,0.972972972973,0,0.702702702703,0.135135135135,0.135135135135,-108,-0.0810810810811,0,-5.83783783784,-10.8,-2.51612903226,-3.90754718374,0.0328892899044,0.0720720720721,-5.01489938285,0.0513097265831,0.015015015015,-0.908932656883,0.217369202809,0.163663663664,0,0,0,0.00900900900901,0.00559492883467,0,-0.0121701261701,-0.00597269624573,-7,-0.000900900900901,-0.395891240205,-0.027027027027,-0.108108108108,0.108108108108,108,0,108,1116,0.5,1,0,0.5,1,0.5,0.666666666667,0.675190604897,0.5,0.5,0,108,0,0,0,0
2030,WLNM_dir_neg,0.95818329904,0.690637865498,00:00:06,10,50,26,1235135450,threshold_sweep,0.5,0,0,0,0,0,108,216,0,1,0,1,0,0,0,0.666666666667,0.666666666667,0,0,0,216,108,108,0,216,0,108,0,108,37,216,0.162162162162,1.32432432432,11.6756756757,21.6,6,8.1990990496,0.702237650082,0.31006006006,10.329336629,1.76937710775,0.765265265265,3.0868314707,0.528762798222,0.252752752753,0.579945114934,0.437917739848,2,1.32432432432,0.579945114934,2,0.0121701261701,0.00597269624573,7,0.000900900900901,0.621196581197,37,37,37,1,0,0.72972972973,0.243243243243,0.027027027027,37,0.0810810810811,1.32432432432,5.83783783784,10.8,3.48387096774,4.29155186587,0.735126939986,0.382132132132,5.31443724615,1.82068683433,0.78028028028,2.17789881382,0.746132001031,0.416416416416,0.579945114934,0.437917739848,2,1.33333333333,0.585540043769,2,0,0,0,0,0.225305340992,37,36,36,0.972972972973,0,0.702702702703,0.135135135135,0.135135135135,37,108,0.0810810810811,1.32432432432,5.83783783784,10.8,3.48387096774,4.29155186587,0.735126939986,0.382132132132,5.31443724615,1.82068683433,0.78028028028,2.17789881382,0.746132001031,0.416416416416,0.579945114934,0.437917739848,2,1.33333333333,0.585540043769,2,0,0,0,0,0.225305340992,37,36,36,0.972972972973,0,0.702702702703,0.135135135135,0.135135135135,-108,-0.0810810810811,0,-5.83783783784,-10.8,-2.51612903226,-3.90754718374,0.0328892899044,0.0720720720721,-5.01489938285,0.0513097265831,0.015015015015,-0.908932656883,0.217369202809,0.163663663664,0,0,0,0.00900900900901,0.00559492883467,0,-0.0121701261701,-0.00597269624573,-7,-0.000900900900901,-0.395891240205,-0.027027027027,-0.108108108108,0.108108108108,108,0,108,1116,0.5,1,0,0.5,1,0.5,0.666666666667,0.675190604897,0.5,0.5,0,108,0,0,0,0
2031,WLNM_dir_neg,0.95818329904,0.690637865498,00:00:06,10,50,26,1235135450,threshold_sweep,0.6,0,0,0,0,0,108,216,0,1,0,1,0,0,0,0.666666666667,0.666666666667,0,0,0,216,108,108,0,216,0,108,0,108,37,216,0.162162162162,1.32432432432,11.6756756757,21.6,6,8.1990990496,0.702237650082,0.31006006006,10.329336629,1.76937710775,0.765265265265,3.0868314707,0.528762798222,0.252752752753,0.579945114934,0.437917739848,2,1.32432432432,0.579945114934,2,0.0121701261701,0.00597269624573,7,0.000900900900901,0.621196581197,37,37,37,1,0,0.72972972973,0.243243243243,0.027027027027,37,0.0810810810811,1.32432432432,5.83783783784,10.8,3.48387096774,4.29155186587,0.735126939986,0.382132132132,5.31443724615,1.82068683433,0.78028028028,2.17789881382,0.746132001031,0.416416416416,0.579945114934,0.437917739848,2,1.33333333333,0.585540043769,2,0,0,0,0,0.225305340992,37,36,36,0.972972972973,0,0.702702702703,0.135135135135,0.135135135135,37,108,0.0810810810811,1.32432432432,5.83783783784,10.8,3.48387096774,4.29155186587,0.735126939986,0.382132132132,5.31443724615,1.82068683433,0.78028028028,2.17789881382,0.746132001031,0.416416416416,0.579945114934,0.437917739848,2,1.33333333333,0.585540043769,2,0,0,0,0,0.225305340992,37,36,36,0.972972972973,0,0.702702702703,0.135135135135,0.135135135135,-108,-0.0810810810811,0,-5.83783783784,-10.8,-2.51612903226,-3.90754718374,0.0328892899044,0.0720720720721,-5.01489938285,0.0513097265831,0.015015015015,-0.908932656883,0.217369202809,0.163663663664,0,0,0,0.00900900900901,0.00559492883467,0,-0.0121701261701,-0.00597269624573,-7,-0.000900900900901,-0.395891240205,-0.027027027027,-0.108108108108,0.108108108108,108,0,108,1116,0.5,1,0,0.5,1,0.5,0.666666666667,0.675190604897,0.5,0.5,0,108,0,0,0,0
2032,WLNM_dir_neg,0.95818329904,0.690637865498,00:00:06,10,50,26,1235135450,threshold_sweep,0.7,0,0,0,0,0,108,216,0,1,0,1,0,0,0,0.666666666667,0.666666666667,0,0,0,216,108,108,0,216,0,108,0,108,37,216,0.162162162162,1.32432432432,11.6756756757,21.6,6,8.1990990496,0.702237650082,0.31006006006,10.329336629,1.76937710775,0.765265265265,3.0868314707,0.528762798222,0.252752752753,0.579945114934,0.437917739848,2,1.32432432432,0.579945114934,2,0.0121701261701,0.00597269624573,7,0.000900900900901,0.621196581197,37,37,37,1,0,0.72972972973,0.243243243243,0.027027027027,37,0.0810810810811,1.32432432432,5.83783783784,10.8,3.48387096774,4.29155186587,0.735126939986,0.382132132132,5.31443724615,1.82068683433,0.78028028028,2.17789881382,0.746132001031,0.416416416416,0.579945114934,0.437917739848,2,1.33333333333,0.585540043769,2,0,0,0,0,0.225305340992,37,36,36,0.972972972973,0,0.702702702703,0.135135135135,0.135135135135,37,108,0.0810810810811,1.32432432432,5.83783783784,10.8,3.48387096774,4.29155186587,0.735126939986,0.382132132132,5.31443724615,1.82068683433,0.78028028028,2.17789881382,0.746132001031,0.416416416416,0.579945114934,0.437917739848,2,1.33333333333,0.585540043769,2,0,0,0,0,0.225305340992,37,36,36,0.972972972973,0,0.702702702703,0.135135135135,0.135135135135,-108,-0.0810810810811,0,-5.83783783784,-10.8,-2.51612903226,-3.90754718374,0.0328892899044,0.0720720720721,-5.01489938285,0.0513097265831,0.015015015015,-0.908932656883,0.217369202809,0.163663663664,0,0,0,0.00900900900901,0.00559492883467,0,-0.0121701261701,-0.00597269624573,-7,-0.000900900900901,-0.395891240205,-0.027027027027,-0.108108108108,0.108108108108,108,0,108,1116,0.5,1,0,0.5,1,0.5,0.666666666667,0.675190604897,0.5,0.5,0,108,0,0,0,0
2033,WLNM_dir_neg,0.95818329904,0.690637865498,00:00:06,10,50,26,1235135450,threshold_sweep,0.8,0,0,0,0,0,108,216,0,1,0,1,0,0,0,0.666666666667,0.666666666667,0,0,0,216,108,108,0,216,0,108,0,108,37,216,0.162162162162,1.32432432432,11.6756756757,21.6,6,8.1990990496,0.702237650082,0.31006006006,10.329336629,1.76937710775,0.765265265265,3.0868314707,0.528762798222,0.252752752753,0.579945114934,0.437917739848,2,1.32432432432,0.579945114934,2,0.0121701261701,0.00597269624573,7,0.000900900900901,0.621196581197,37,37,37,1,0,0.72972972973,0.243243243243,0.027027027027,37,0.0810810810811,1.32432432432,5.83783783784,10.8,3.48387096774,4.29155186587,0.735126939986,0.382132132132,5.31443724615,1.82068683433,0.78028028028,2.17789881382,0.746132001031,0.416416416416,0.579945114934,0.437917739848,2,1.33333333333,0.585540043769,2,0,0,0,0,0.225305340992,37,36,36,0.972972972973,0,0.702702702703,0.135135135135,0.135135135135,37,108,0.0810810810811,1.32432432432,5.83783783784,10.8,3.48387096774,4.29155186587,0.735126939986,0.382132132132,5.31443724615,1.82068683433,0.78028028028,2.17789881382,0.746132001031,0.416416416416,0.579945114934,0.437917739848,2,1.33333333333,0.585540043769,2,0,0,0,0,0.225305340992,37,36,36,0.972972972973,0,0.702702702703,0.135135135135,0.135135135135,-108,-0.0810810810811,0,-5.83783783784,-10.8,-2.51612903226,-3.90754718374,0.0328892899044,0.0720720720721,-5.01489938285,0.0513097265831,0.015015015015,-0.908932656883,0.217369202809,0.163663663664,0,0,0,0.00900900900901,0.00559492883467,0,-0.0121701261701,-0.00597269624573,-7,-0.000900900900901,-0.395891240205,-0.027027027027,-0.108108108108,0.108108108108,108,0,108,1116,0.5,1,0,0.5,1,0.5,0.666666666667,0.675190604897,0.5,0.5,0,108,0,0,0,0
2034,WLNM_dir_neg,0.95818329904,0.690637865498,00:00:06,10,50,26,1235135450,threshold_sweep,0.9,0,0,0,0,0,108,216,0,1,0,1,0,0,0,0.666666666667,0.666666666667,0,0,0,216,108,108,0,216,0,108,0,108,37,216,0.162162162162,1.32432432432,11.6756756757,21.6,6,8.1990990496,0.702237650082,0.31006006006,10.329336629,1.76937710775,0.765265265265,3.0868314707,0.528762798222,0.252752752753,0.579945114934,0.437917739848,2,1.32432432432,0.579945114934,2,0.0121701261701,0.00597269624573,7,0.000900900900901,0.621196581197,37,37,37,1,0,0.72972972973,0.243243243243,0.027027027027,37,0.0810810810811,1.32432432432,5.83783783784,10.8,3.48387096774,4.29155186587,0.735126939986,0.382132132132,5.31443724615,1.82068683433,0.78028028028,2.17789881382,0.746132001031,0.416416416416,0.579945114934,0.437917739848,2,1.33333333333,0.585540043769,2,0,0,0,0,0.225305340992,37,36,36,0.972972972973,0,0.702702702703,0.135135135135,0.135135135135,37,108,0.0810810810811,1.32432432432,5.83783783784,10.8,3.48387096774,4.29155186587,0.735126939986,0.382132132132,5.31443724615,1.82068683433,0.78028028028,2.17789881382,0.746132001031,0.416416416416,0.579945114934,0.437917739848,2,1.33333333333,0.585540043769,2,0,0,0,0,0.225305340992,37,36,36,0.972972972973,0,0.702702702703,0.135135135135,0.135135135135,-108,-0.0810810810811,0,-5.83783783784,-10.8,-2.51612903226,-3.90754718374,0.0328892899044,0.0720720720721,-5.01489938285,0.0513097265831,0.015015015015,-0.908932656883,0.217369202809,0.163663663664,0,0,0,0.00900900900901,0.00559492883467,0,-0.0121701261701,-0.00597269624573,-7,-0.000900900900901,-0.395891240205,-0.027027027027,-0.108108108108,0.108108108108,108,0,108,1116,0.5,1,0,0.5,1,0.5,0.666666666667,0.675190604897,0.5,0.5,0,108,0,0,0,0
2035,WLNM_dir_neg,0.991083676269,0.911159922118,00:00:04,10,50,27,1235135451,threshold_sweep,0.1,1,0.0648148148148,0.121739130435,7,0,101,216,0.0648148148148,1,0,0.935185185185,1,0.0648148148148,0.121739130435,0.688271604938,0.659465020576,0.0845921450151,0.210152415772,0.0648148148148,216,108,108,0,216,0,108,0,108,37,216,0.162162162162,1.32432432432,11.6756756757,21.6,6,8.1990990496,0.702237650082,0.31006006006,10.329336629,1.76937710775,0.765265265265,3.0868314707,0.528762798222,0.252752752753,0.579945114934,0.437917739848,2,1.32432432432,0.579945114934,2,0.0121701261701,0.00597269624573,7,0.000900900900901,0.621196581197,37,37,37,1,0,0.72972972973,0.243243243243,0.027027027027,37,0.0810810810811,1.31756756757,5.83783783784,10.8,3.375,4.33021370728,0.741749570229,0.381631631632,5.26718551441,1.80449874105,0.777277277277,2.07335447977,0.710315886589,0.396896896897,0.561027853366,0.425805755375,2,1.31756756757,0.561027853366,2,0,0,0,0,0.21921160472,37,37,37,1,0,0.72972972973,0.135135135135,0.135135135135,37,115,0.0863363363363,1.32432432432,6.21621621622,11.5,3.28571428571,4.58945128126,0.738303032203,0.385193889542,5.34781255273,1.72060056044,0.760987074031,1.88243022276,0.605651462974,0.337485311398,0.579945114934,0.437917739848,2,1.32432432432,0.579945114934,2,0.0142037255674,0.0153217568948,5,0.000643500643501,0.227853580029,37,37,37,1,0,0.72972972973,0.216216216216,0.0540540540541,-101,-0.0758258258258,0,-5.45945945946,-10.1,-2.71428571429,-3.60964776834,0.0360653821209,0.0751338294817,-4.98152407627,-0.0487765473029,-0.00427819123471,-1.20440124795,0.0768886647511,0.0847325586456,0,0,0,0,0,0,0.00203359939724,0.00934906064906,-2,-0.0002574002574,-0.393343001168,0,-0.027027027027,0.027027027027,115,0,101,1116,0.532407407407,1,0,0.467592592593,1,0.532407407407,0.694864048338,0.698729135517,0.532407407407,0.532407407407,7,108,0,0,0,0
2036,WLNM_dir_neg,0.991083676269,0.911159922118,00:00:04,10,50,27,1235135451,threshold_sweep,0.2,1,0.0648148148148,0.121739130435,7,0,101,216,0.0648148148148,1,0,0.935185185185,1,0.0648148148148,0.121739130435,0.688271604938,0.659465020576,0.0845921450151,0.210152415772,0.0648148148148,216,108,108,0,216,0,108,0,108,37,216,0.162162162162,1.32432432432,11.6756756757,21.6,6,8.1990990496,0.702237650082,0.31006006006,10.329336629,1.76937710775,0.765265265265,3.0868314707,0.528762798222,0.252752752753,0.579945114934,0.437917739848,2,1.32432432432,0.579945114934,2,0.0121701261701,0.00597269624573,7,0.000900900900901,0.621196581197,37,37,37,1,0,0.72972972973,0.243243243243,0.027027027027,37,0.0810810810811,1.31756756757,5.83783783784,10.8,3.375,4.33021370728,0.741749570229,0.381631631632,5.26718551441,1.80449874105,0.777277277277,2.07335447977,0.710315886589,0.396896896897,0.561027853366,0.425805755375,2,1.31756756757,0.561027853366,2,0,0,0,0,0.21921160472,37,37,37,1,0,0.72972972973,0.135135135135,0.135135135135,37,115,0.0863363363363,1.32432432432,6.21621621622,11.5,3.28571428571,4.58945128126,0.738303032203,0.385193889542,5.34781255273,1.72060056044,0.760987074031,1.88243022276,0.605651462974,0.337485311398,0.579945114934,0.437917739848,2,1.32432432432,0.579945114934,2,0.0142037255674,0.0153217568948,5,0.000643500643501,0.227853580029,37,37,37,1,0,0.72972972973,0.216216216216,0.0540540540541,-101,-0.0758258258258,0,-5.45945945946,-10.1,-2.71428571429,-3.60964776834,0.0360653821209,0.0751338294817,-4.98152407627,-0.0487765473029,-0.00427819123471,-1.20440124795,0.0768886647511,0.0847325586456,0,0,0,0,0,0,0.00203359939724,0.00934906064906,-2,-0.0002574002574,-0.393343001168,0,-0.027027027027,0.027027027027,115,0,101,1116,0.532407407407,1,0,0.467592592593,1,0.532407407407,0.694864048338,0.698729135517,0.532407407407,0.532407407407,7,108,0,0,0,0
2037,WLNM_dir_neg,0.991083676269,0.911159922118,00:00:04,10,50,27,1235135451,threshold_sweep,0.3,1,0.0648148148148,0.121739130435,7,0,101,216,0.0648148148148,1,0,0.935185185185,1,0.0648148148148,0.121739130435,0.688271604938,0.659465020576,0.0845921450151,0.210152415772,0.0648148148148,216,108,108,0,216,0,108,0,108,37,216,0.162162162162,1.32432432432,11.6756756757,21.6,6,8.1990990496,0.702237650082,0.31006006006,10.329336629,1.76937710775,0.765265265265,3.0868314707,0.528762798222,0.252752752753,0.579945114934,0.437917739848,2,1.32432432432,0.579945114934,2,0.0121701261701,0.00597269624573,7,0.000900900900901,0.621196581197,37,37,37,1,0,0.72972972973,0.243243243243,0.027027027027,37,0.0810810810811,1.31756756757,5.83783783784,10.8,3.375,4.33021370728,0.741749570229,0.381631631632,5.26718551441,1.80449874105,0.777277277277,2.07335447977,0.710315886589,0.396896896897,0.561027853366,0.425805755375,2,1.31756756757,0.561027853366,2,0,0,0,0,0.21921160472,37,37,37,1,0,0.72972972973,0.135135135135,0.135135135135,37,115,0.0863363363363,1.32432432432,6.21621621622,11.5,3.28571428571,4.58945128126,0.738303032203,0.385193889542,5.34781255273,1.72060056044,0.760987074031,1.88243022276,0.605651462974,0.337485311398,0.579945114934,0.437917739848,2,1.32432432432,0.579945114934,2,0.0142037255674,0.0153217568948,5,0.000643500643501,0.227853580029,37,37,37,1,0,0.72972972973,0.216216216216,0.0540540540541,-101,-0.0758258258258,0,-5.45945945946,-10.1,-2.71428571429,-3.60964776834,0.0360653821209,0.0751338294817,-4.98152407627,-0.0487765473029,-0.00427819123471,-1.20440124795,0.0768886647511,0.0847325586456,0,0,0,0,0,0,0.00203359939724,0.00934906064906,-2,-0.0002574002574,-0.393343001168,0,-0.027027027027,0.027027027027,115,0,101,1116,0.532407407407,1,0,0.467592592593,1,0.532407407407,0.694864048338,0.698729135517,0.532407407407,0.532407407407,7,108,0,0,0,0
2038,WLNM_dir_neg,0.991083676269,0.911159922118,00:00:04,10,50,27,1235135451,threshold_sweep,0.4,1,0.0648148148148,0.121739130435,7,0,101,216,0.0648148148148,1,0,0.935185185185,1,0.0648148148148,0.121739130435,0.688271604938,0.659465020576,0.0845921450151,0.210152415772,0.0648148148148,216,108,108,0,216,0,108,0,108,37,216,0.162162162162,1.32432432432,11.6756756757,21.6,6,8.1990990496,0.702237650082,0.31006006006,10.329336629,1.76937710775,0.765265265265,3.0868314707,0.528762798222,0.252752752753,0.579945114934,0.437917739848,2,1.32432432432,0.579945114934,2,0.0121701261701,0.00597269624573,7,0.000900900900901,0.621196581197,37,37,37,1,0,0.72972972973,0.243243243243,0.027027027027,37,0.0810810810811,1.31756756757,5.83783783784,10.8,3.375,4.33021370728,0.741749570229,0.381631631632,5.26718551441,1.80449874105,0.777277277277,2.07335447977,0.710315886589,0.396896896897,0.561027853366,0.425805755375,2,1.31756756757,0.561027853366,2,0,0,0,0,0.21921160472,37,37,37,1,0,0.72972972973,0.135135135135,0.135135135135,37,115,0.0863363363363,1.32432432432,6.21621621622,11.5,3.28571428571,4.58945128126,0.738303032203,0.385193889542,5.34781255273,1.72060056044,0.760987074031,1.88243022276,0.605651462974,0.337485311398,0.579945114934,0.437917739848,2,1.32432432432,0.579945114934,2,0.0142037255674,0.0153217568948,5,0.000643500643501,0.227853580029,37,37,37,1,0,0.72972972973,0.216216216216,0.0540540540541,-101,-0.0758258258258,0,-5.45945945946,-10.1,-2.71428571429,-3.60964776834,0.0360653821209,0.0751338294817,-4.98152407627,-0.0487765473029,-0.00427819123471,-1.20440124795,0.0768886647511,0.0847325586456,0,0,0,0,0,0,0.00203359939724,0.00934906064906,-2,-0.0002574002574,-0.393343001168,0,-0.027027027027,0.027027027027,115,0,101,1116,0.532407407407,1,0,0.467592592593,1,0.532407407407,0.694864048338,0.698729135517,0.532407407407,0.532407407407,7,108,0,0,0,0
2039,WLNM_dir_neg,0.991083676269,0.911159922118,00:00:04,10,50,27,1235135451,threshold_sweep,0.5,1,0.0648148148148,0.121739130435,7,0,101,216,0.0648148148148,1,0,0.935185185185,1,0.0648148148148,0.121739130435,0.688271604938,0.659465020576,0.0845921450151,0.210152415772,0.0648148148148,216,108,108,0,216,0,108,0,108,37,216,0.162162162162,1.32432432432,11.6756756757,21.6,6,8.1990990496,0.702237650082,0.31006006006,10.329336629,1.76937710775,0.765265265265,3.0868314707,0.528762798222,0.252752752753,0.579945114934,0.437917739848,2,1.32432432432,0.579945114934,2,0.0121701261701,0.00597269624573,7,0.000900900900901,0.621196581197,37,37,37,1,0,0.72972972973,0.243243243243,0.027027027027,37,0.0810810810811,1.31756756757,5.83783783784,10.8,3.375,4.33021370728,0.741749570229,0.381631631632,5.26718551441,1.80449874105,0.777277277277,2.07335447977,0.710315886589,0.396896896897,0.561027853366,0.425805755375,2,1.31756756757,0.561027853366,2,0,0,0,0,0.21921160472,37,37,37,1,0,0.72972972973,0.135135135135,0.135135135135,37,115,0.0863363363363,1.32432432432,6.21621621622,11.5,3.28571428571,4.58945128126,0.738303032203,0.385193889542,5.34781255273,1.72060056044,0.760987074031,1.88243022276,0.605651462974,0.337485311398,0.579945114934,0.437917739848,2,1.32432432432,0.579945114934,2,0.0142037255674,0.0153217568948,5,0.000643500643501,0.227853580029,37,37,37,1,0,0.72972972973,0.216216216216,0.0540540540541,-101,-0.0758258258258,0,-5.45945945946,-10.1,-2.71428571429,-3.60964776834,0.0360653821209,0.0751338294817,-4.98152407627,-0.0487765473029,-0.00427819123471,-1.20440124795,0.0768886647511,0.0847325586456,0,0,0,0,0,0,0.00203359939724,0.00934906064906,-2,-0.0002574002574,-0.393343001168,0,-0.027027027027,0.027027027027,115,0,101,1116,0.532407407407,1,0,0.467592592593,1,0.532407407407,0.694864048338,0.698729135517,0.532407407407,0.532407407407,7,108,0,0,0,0
2040,WLNM_dir_neg,0.991083676269,0.911159922118,00:00:04,10,50,27,1235135451,threshold_sweep,0.6,1,0.0648148148148,0.121739130435,7,0,101,216,0.0648148148148,1,0,0.935185185185,1,0.0648148148148,0.121739130435,0.688271604938,0.659465020576,0.0845921450151,0.210152415772,0.0648148148148,216,108,108,0,216,0,108,0,108,37,216,0.162162162162,1.32432432432,11.6756756757,21.6,6,8.1990990496,0.702237650082,0.31006006006,10.329336629,1.76937710775,0.765265265265,3.0868314707,0.528762798222,0.252752752753,0.579945114934,0.437917739848,2,1.32432432432,0.579945114934,2,0.0121701261701,0.00597269624573,7,0.000900900900901,0.621196581197,37,37,37,1,0,0.72972972973,0.243243243243,0.027027027027,37,0.0810810810811,1.31756756757,5.83783783784,10.8,3.375,4.33021370728,0.741749570229,0.381631631632,5.26718551441,1.80449874105,0.777277277277,2.07335447977,0.710315886589,0.396896896897,0.561027853366,0.425805755375,2,1.31756756757,0.561027853366,2,0,0,0,0,0.21921160472,37,37,37,1,0,0.72972972973,0.135135135135,0.135135135135,37,115,0.0863363363363,1.32432432432,6.21621621622,11.5,3.28571428571,4.58945128126,0.738303032203,0.385193889542,5.34781255273,1.72060056044,0.760987074031,1.88243022276,0.605651462974,0.337485311398,0.579945114934,0.437917739848,2,1.32432432432,0.579945114934,2,0.0142037255674,0.0153217568948,5,0.000643500643501,0.227853580029,37,37,37,1,0,0.72972972973,0.216216216216,0.0540540540541,-101,-0.0758258258258,0,-5.45945945946,-10.1,-2.71428571429,-3.60964776834,0.0360653821209,0.0751338294817,-4.98152407627,-0.0487765473029,-0.00427819123471,-1.20440124795,0.0768886647511,0.0847325586456,0,0,0,0,0,0,0.00203359939724,0.00934906064906,-2,-0.0002574002574,-0.393343001168,0,-0.027027027027,0.027027027027,115,0,101,1116,0.532407407407,1,0,0.467592592593,1,0.532407407407,0.694864048338,0.698729135517,0.532407407407,0.532407407407,7,108,0,0,0,0
2041,WLNM_dir_neg,0.991083676269,0.911159922118,00:00:04,10,50,27,1235135451,threshold_sweep,0.7,1,0.0648148148148,0.121739130435,7,0,101,216,0.0648148148148,1,0,0.935185185185,1,0.0648148148148,0.121739130435,0.688271604938,0.659465020576,0.0845921450151,0.210152415772,0.0648148148148,216,108,108,0,216,0,108,0,108,37,216,0.162162162162,1.32432432432,11.6756756757,21.6,6,8.1990990496,0.702237650082,0.31006006006,10.329336629,1.76937710775,0.765265265265,3.0868314707,0.528762798222,0.252752752753,0.579945114934,0.437917739848,2,1.32432432432,0.579945114934,2,0.0121701261701,0.00597269624573,7,0.000900900900901,0.621196581197,37,37,37,1,0,0.72972972973,0.243243243243,0.027027027027,37,0.0810810810811,1.31756756757,5.83783783784,10.8,3.375,4.33021370728,0.741749570229,0.381631631632,5.26718551441,1.80449874105,0.777277277277,2.07335447977,0.710315886589,0.396896896897,0.561027853366,0.425805755375,2,1.31756756757,0.561027853366,2,0,0,0,0,0.21921160472,37,37,37,1,0,0.72972972973,0.135135135135,0.135135135135,37,115,0.0863363363363,1.32432432432,6.21621621622,11.5,3.28571428571,4.58945128126,0.738303032203,0.385193889542,5.34781255273,1.72060056044,0.760987074031,1.88243022276,0.605651462974,0.337485311398,0.579945114934,0.437917739848,2,1.32432432432,0.579945114934,2,0.0142037255674,0.0153217568948,5,0.000643500643501,0.227853580029,37,37,37,1,0,0.72972972973,0.216216216216,0.0540540540541,-101,-0.0758258258258,0,-5.45945945946,-10.1,-2.71428571429,-3.60964776834,0.0360653821209,0.0751338294817,-4.98152407627,-0.0487765473029,-0.00427819123471,-1.20440124795,0.0768886647511,0.0847325586456,0,0,0,0,0,0,0.00203359939724,0.00934906064906,-2,-0.0002574002574,-0.393343001168,0,-0.027027027027,0.027027027027,115,0,101,1116,0.532407407407,1,0,0.467592592593,1,0.532407407407,0.694864048338,0.698729135517,0.532407407407,0.532407407407,7,108,0,0,0,0
2042,WLNM_dir_neg,0.991083676269,0.911159922118,00:00:04,10,50,27,1235135451,threshold_sweep,0.8,1,0.0648148148148,0.121739130435,7,0,101,216,0.0648148148148,1,0,0.935185185185,1,0.0648148148148,0.121739130435,0.688271604938,0.659465020576,0.0845921450151,0.210152415772,0.0648148148148,216,108,108,0,216,0,108,0,108,37,216,0.162162162162,1.32432432432,11.6756756757,21.6,6,8.1990990496,0.702237650082,0.31006006006,10.329336629,1.76937710775,0.765265265265,3.0868314707,0.528762798222,0.252752752753,0.579945114934,0.437917739848,2,1.32432432432,0.579945114934,2,0.0121701261701,0.00597269624573,7,0.000900900900901,0.621196581197,37,37,37,1,0,0.72972972973,0.243243243243,0.027027027027,37,0.0810810810811,1.31756756757,5.83783783784,10.8,3.375,4.33021370728,0.741749570229,0.381631631632,5.26718551441,1.80449874105,0.777277277277,2.07335447977,0.710315886589,0.396896896897,0.561027853366,0.425805755375,2,1.31756756757,0.561027853366,2,0,0,0,0,0.21921160472,37,37,37,1,0,0.72972972973,0.135135135135,0.135135135135,37,115,0.0863363363363,1.32432432432,6.21621621622,11.5,3.28571428571,4.58945128126,0.738303032203,0.385193889542,5.34781255273,1.72060056044,0.760987074031,1.88243022276,0.605651462974,0.337485311398,0.579945114934,0.437917739848,2,1.32432432432,0.579945114934,2,0.0142037255674,0.0153217568948,5,0.000643500643501,0.227853580029,37,37,37,1,0,0.72972972973,0.216216216216,0.0540540540541,-101,-0.0758258258258,0,-5.45945945946,-10.1,-2.71428571429,-3.60964776834,0.0360653821209,0.0751338294817,-4.98152407627,-0.0487765473029,-0.00427819123471,-1.20440124795,0.0768886647511,0.0847325586456,0,0,0,0,0,0,0.00203359939724,0.00934906064906,-2,-0.0002574002574,-0.393343001168,0,-0.027027027027,0.027027027027,115,0,101,1116,0.532407407407,1,0,0.467592592593,1,0.532407407407,0.694864048338,0.698729135517,0.532407407407,0.532407407407,7,108,0,0,0,0
2043,WLNM_dir_neg,0.991083676269,0.911159922118,00:00:04,10,50,27,1235135451,threshold_sweep,0.9,1,0.0648148148148,0.121739130435,7,0,101,216,0.0648148148148,1,0,0.935185185185,1,0.0648148148148,0.121739130435,0.688271604938,0.659465020576,0.0845921450151,0.210152415772,0.0648148148148,216,108,108,0,216,0,108,0,108,37,216,0.162162162162,1.32432432432,11.6756756757,21.6,6,8.1990990496,0.702237650082,0.31006006006,10.329336629,1.76937710775,0.765265265265,3.0868314707,0.528762798222,0.252752752753,0.579945114934,0.437917739848,2,1.32432432432,0.579945114934,2,0.0121701261701,0.00597269624573,7,0.000900900900901,0.621196581197,37,37,37,1,0,0.72972972973,0.243243243243,0.027027027027,37,0.0810810810811,1.31756756757,5.83783783784,10.8,3.375,4.33021370728,0.741749570229,0.381631631632,5.26718551441,1.80449874105,0.777277277277,2.07335447977,0.710315886589,0.396896896897,0.561027853366,0.425805755375,2,1.31756756757,0.561027853366,2,0,0,0,0,0.21921160472,37,37,37,1,0,0.72972972973,0.135135135135,0.135135135135,37,115,0.0863363363363,1.32432432432,6.21621621622,11.5,3.28571428571,4.58945128126,0.738303032203,0.385193889542,5.34781255273,1.72060056044,0.760987074031,1.88243022276,0.605651462974,0.337485311398,0.579945114934,0.437917739848,2,1.32432432432,0.579945114934,2,0.0142037255674,0.0153217568948,5,0.000643500643501,0.227853580029,37,37,37,1,0,0.72972972973,0.216216216216,0.0540540540541,-101,-0.0758258258258,0,-5.45945945946,-10.1,-2.71428571429,-3.60964776834,0.0360653821209,0.0751338294817,-4.98152407627,-0.0487765473029,-0.00427819123471,-1.20440124795,0.0768886647511,0.0847325586456,0,0,0,0,0,0,0.00203359939724,0.00934906064906,-2,-0.0002574002574,-0.393343001168,0,-0.027027027027,0.027027027027,115,0,101,1116,0.532407407407,1,0,0.467592592593,1,0.532407407407,0.694864048338,0.698729135517,0.532407407407,0.532407407407,7,108,0,0,0,0
2044,WLNM_dir_neg,0.969050068587,0.803162107374,00:00:04,10,50,28,1235135452,threshold_sweep,0.1,1,0.0740740740741,0.137931034483,8,0,100,216,0.0740740740741,1,0,0.925925925926,1,0.0740740740741,0.137931034483,0.691358024691,0.658436213992,0.0963855421687,0.225017580185,0.0740740740741,216,108,108,0,216,0,108,0,108,37,216,0.162162162162,1.32432432432,11.6756756757,21.6,6,8.1990990496,0.702237650082,0.31006006006,10.329336629,1.76937710775,0.765265265265,3.0868314707,0.528762798222,0.252752752753,0.579945114934,0.437917739848,2,1.32432432432,0.579945114934,2,0.0121701261701,0.00597269624573,7,0.000900900900901,0.621196581197,37,37,37,1,0,0.72972972973,0.243243243243,0.027027027027,37,0.0810810810811,1.31531531532,5.83783783784,10.8,3.375,4.34941575587,0.745038810033,0.378128128128,5.34050756212,1.82961833147,0.786286286286,2.01905338626,0.691712734182,0.387387387387,0.555255174049,0.422146056983,2,1.31531531532,0.555255174049,2,0,0,0,0,0.210597762285,37,37,37,1,0,0.72972972973,0.135135135135,0.135135135135,37,116,0.0870870870871,1.32432432432,6.27027027027,11.6,3.22222222222,4.69425564238,0.748652839518,0.386300093197,5.47297482668,1.74569024644,0.769338303821,1.7820425572,0.568410126004,0.315936626281,0.579945114934,0.437917739848,2,1.32432432432,0.579945114934,2,0.0149652394895,0.014880952381,5,0.000643500643501,0.218005169692,37,37,37,1,0,0.72972972973,0.243243243243,0.027027027027,-100,-0.0750750750751,0,-5.40540540541,-10,-2.77777777778,-3.50484340722,0.046415189436,0.0762400331366,-4.85636180232,-0.0236868613049,0.0040730385558,-1.3047889135,0.0396473277813,0.0631838735287,0,0,0,0,0,0,0.00279511331933,0.00890825613522,-2,-0.0002574002574,-0.403191411504,0,0,0,116,0,100,1116,0.537037037037,1,0,0.462962962963,1,0.537037037037,0.698795180723,0.702049006137,0.537037037037,0.537037037037,8,108,0,0,0,0
2045,WLNM_dir_neg,0.969050068587,0.803162107374,00:00:04,10,50,28,1235135452,threshold_sweep,0.2,1,0.0740740740741,0.137931034483,8,0,100,216,0.0740740740741,1,0,0.925925925926,1,0.0740740740741,0.137931034483,0.691358024691,0.658436213992,0.0963855421687,0.225017580185,0.0740740740741,216,108,108,0,216,0,108,0,108,37,216,0.162162162162,1.32432432432,11.6756756757,21.6,6,8.1990990496,0.702237650082,0.31006006006,10.329336629,1.76937710775,0.765265265265,3.0868314707,0.528762798222,0.252752752753,0.579945114934,0.437917739848,2,1.32432432432,0.579945114934,2,0.0121701261701,0.00597269624573,7,0.000900900900901,0.621196581197,37,37,37,1,0,0.72972972973,0.243243243243,0.027027027027,37,0.0810810810811,1.31531531532,5.83783783784,10.8,3.375,4.34941575587,0.745038810033,0.378128128128,5.34050756212,1.82961833147,0.786286286286,2.01905338626,0.691712734182,0.387387387387,0.555255174049,0.422146056983,2,1.31531531532,0.555255174049,2,0,0,0,0,0.210597762285,37,37,37,1,0,0.72972972973,0.135135135135,0.135135135135,37,116,0.0870870870871,1.32432432432,6.27027027027,11.6,3.22222222222,4.69425564238,0.748652839518,0.386300093197,5.47297482668,1.74569024644,0.769338303821,1.7820425572,0.568410126004,0.315936626281,0.579945114934,0.437917739848,2,1.32432432432,0.579945114934,2,0.0149652394895,0.014880952381,5,0.000643500643501,0.218005169692,37,37,37,1,0,0.72972972973,0.243243243243,0.027027027027,-100,-0.0750750750751,0,-5.40540540541,-10,-2.77777777778,-3.50484340722,0.046415189436,0.0762400331366,-4.85636180232,-0.0236868613049,0.0040730385558,-1.3047889135,0.0396473277813,0.0631838735287,0,0,0,0,0,0,0.00279511331933,0.00890825613522,-2,-0.0002574002574,-0.403191411504,0,0,0,116,0,100,1116,0.537037037037,1,0,0.462962962963,1,0.537037037037,0.698795180723,0.702049006137,0.537037037037,0.537037037037,8,108,0,0,0,0
2046,WLNM_dir_neg,0.969050068587,0.803162107374,00:00:04,10,50,28,1235135452,threshold_sweep,0.3,1,0.0740740740741,0.137931034483,8,0,100,216,0.0740740740741,1,0,0.925925925926,1,0.0740740740741,0.137931034483,0.691358024691,0.658436213992,0.0963855421687,0.225017580185,0.0740740740741,216,108,108,0,216,0,108,0,108,37,216,0.162162162162,1.32432432432,11.6756756757,21.6,6,8.1990990496,0.702237650082,0.31006006006,10.329336629,1.76937710775,0.765265265265,3.0868314707,0.528762798222,0.252752752753,0.579945114934,0.437917739848,2,1.32432432432,0.579945114934,2,0.0121701261701,0.00597269624573,7,0.000900900900901,0.621196581197,37,37,37,1,0,0.72972972973,0.243243243243,0.027027027027,37,0.0810810810811,1.31531531532,5.83783783784,10.8,3.375,4.34941575587,0.745038810033,0.378128128128,5.34050756212,1.82961833147,0.786286286286,2.01905338626,0.691712734182,0.387387387387,0.555255174049,0.422146056983,2,1.31531531532,0.555255174049,2,0,0,0,0,0.210597762285,37,37,37,1,0,0.72972972973,0.135135135135,0.135135135135,37,116,0.0870870870871,1.32432432432,6.27027027027,11.6,3.22222222222,4.69425564238,0.748652839518,0.386300093197,5.47297482668,1.74569024644,0.769338303821,1.7820425572,0.568410126004,0.315936626281,0.579945114934,0.437917739848,2,1.32432432432,0.579945114934,2,0.0149652394895,0.014880952381,5,0.000643500643501,0.218005169692,37,37,37,1,0,0.72972972973,0.243243243243,0.027027027027,-100,-0.0750750750751,0,-5.40540540541,-10,-2.77777777778,-3.50484340722,0.046415189436,0.0762400331366,-4.85636180232,-0.0236868613049,0.0040730385558,-1.3047889135,0.0396473277813,0.0631838735287,0,0,0,0,0,0,0.00279511331933,0.00890825613522,-2,-0.0002574002574,-0.403191411504,0,0,0,116,0,100,1116,0.537037037037,1,0,0.462962962963,1,0.537037037037,0.698795180723,0.702049006137,0.537037037037,0.537037037037,8,108,0,0,0,0
2047,WLNM_dir_neg,0.969050068587,0.803162107374,00:00:04,10,50,28,1235135452,threshold_sweep,0.4,1,0.0740740740741,0.137931034483,8,0,100,216,0.0740740740741,1,0,0.925925925926,1,0.0740740740741,0.137931034483,0.691358024691,0.658436213992,0.0963855421687,0.225017580185,0.0740740740741,216,108,108,0,216,0,108,0,108,37,216,0.162162162162,1.32432432432,11.6756756757,21.6,6,8.1990990496,0.702237650082,0.31006006006,10.329336629,1.76937710775,0.765265265265,3.0868314707,0.528762798222,0.252752752753,0.579945114934,0.437917739848,2,1.32432432432,0.579945114934,2,0.0121701261701,0.00597269624573,7,0.000900900900901,0.621196581197,37,37,37,1,0,0.72972972973,0.243243243243,0.027027027027,37,0.0810810810811,1.31531531532,5.83783783784,10.8,3.375,4.34941575587,0.745038810033,0.378128128128,5.34050756212,1.82961833147,0.786286286286,2.01905338626,0.691712734182,0.387387387387,0.555255174049,0.422146056983,2,1.31531531532,0.555255174049,2,0,0,0,0,0.210597762285,37,37,37,1,0,0.72972972973,0.135135135135,0.135135135135,37,116,0.0870870870871,1.32432432432,6.27027027027,11.6,3.22222222222,4.69425564238,0.748652839518,0.386300093197,5.47297482668,1.74569024644,0.769338303821,1.7820425572,0.568410126004,0.315936626281,0.579945114934,0.437917739848,2,1.32432432432,0.579945114934,2,0.0149652394895,0.014880952381,5,0.000643500643501,0.218005169692,37,37,37,1,0,0.72972972973,0.243243243243,0.027027027027,-100,-0.0750750750751,0,-5.40540540541,-10,-2.77777777778,-3.50484340722,0.046415189436,0.0762400331366,-4.85636180232,-0.0236868613049,0.0040730385558,-1.3047889135,0.0396473277813,0.0631838735287,0,0,0,0,0,0,0.00279511331933,0.00890825613522,-2,-0.0002574002574,-0.403191411504,0,0,0,116,0,100,1116,0.537037037037,1,0,0.462962962963,1,0.537037037037,0.698795180723,0.702049006137,0.537037037037,0.537037037037,8,108,0,0,0,0
2048,WLNM_dir_neg,0.969050068587,0.803162107374,00:00:04,10,50,28,1235135452,threshold_sweep,0.5,1,0.0740740740741,0.137931034483,8,0,100,216,0.0740740740741,1,0,0.925925925926,1,0.0740740740741,0.137931034483,0.691358024691,0.658436213992,0.0963855421687,0.225017580185,0.0740740740741,216,108,108,0,216,0,108,0,108,37,216,0.162162162162,1.32432432432,11.6756756757,21.6,6,8.1990990496,0.702237650082,0.31006006006,10.329336629,1.76937710775,0.765265265265,3.0868314707,0.528762798222,0.252752752753,0.579945114934,0.437917739848,2,1.32432432432,0.579945114934,2,0.0121701261701,0.00597269624573,7,0.000900900900901,0.621196581197,37,37,37,1,0,0.72972972973,0.243243243243,0.027027027027,37,0.0810810810811,1.31531531532,5.83783783784,10.8,3.375,4.34941575587,0.745038810033,0.378128128128,5.34050756212,1.82961833147,0.786286286286,2.01905338626,0.691712734182,0.387387387387,0.555255174049,0.422146056983,2,1.31531531532,0.555255174049,2,0,0,0,0,0.210597762285,37,37,37,1,0,0.72972972973,0.135135135135,0.135135135135,37,116,0.0870870870871,1.32432432432,6.27027027027,11.6,3.22222222222,4.69425564238,0.748652839518,0.386300093197,5.47297482668,1.74569024644,0.769338303821,1.7820425572,0.568410126004,0.315936626281,0.579945114934,0.437917739848,2,1.32432432432,0.579945114934,2,0.0149652394895,0.014880952381,5,0.000643500643501,0.218005169692,37,37,37,1,0,0.72972972973,0.243243243243,0.027027027027,-100,-0.0750750750751,0,-5.40540540541,-10,-2.77777777778,-3.50484340722,0.046415189436,0.0762400331366,-4.85636180232,-0.0236868613049,0.0040730385558,-1.3047889135,0.0396473277813,0.0631838735287,0,0,0,0,0,0,0.00279511331933,0.00890825613522,-2,-0.0002574002574,-0.403191411504,0,0,0,116,0,100,1116,0.537037037037,1,0,0.462962962963,1,0.537037037037,0.698795180723,0.702049006137,0.537037037037,0.537037037037,8,108,0,0,0,0
2049,WLNM_dir_neg,0.969050068587,0.803162107374,00:00:04,10,50,28,1235135452,threshold_sweep,0.6,1,0.0740740740741,0.137931034483,8,0,100,216,0.0740740740741,1,0,0.925925925926,1,0.0740740740741,0.137931034483,0.691358024691,0.658436213992,0.0963855421687,0.225017580185,0.0740740740741,216,108,108,0,216,0,108,0,108,37,216,0.162162162162,1.32432432432,11.6756756757,21.6,6,8.1990990496,0.702237650082,0.31006006006,10.329336629,1.76937710775,0.765265265265,3.0868314707,0.528762798222,0.252752752753,0.579945114934,0.437917739848,2,1.32432432432,0.579945114934,2,0.0121701261701,0.00597269624573,7,0.000900900900901,0.621196581197,37,37,37,1,0,0.72972972973,0.243243243243,0.027027027027,37,0.0810810810811,1.31531531532,5.83783783784,10.8,3.375,4.34941575587,0.745038810033,0.378128128128,5.34050756212,1.82961833147,0.786286286286,2.01905338626,0.691712734182,0.387387387387,0.555255174049,0.422146056983,2,1.31531531532,0.555255174049,2,0,0,0,0,0.210597762285,37,37,37,1,0,0.72972972973,0.135135135135,0.135135135135,37,116,0.0870870870871,1.32432432432,6.27027027027,11.6,3.22222222222,4.69425564238,0.748652839518,0.386300093197,5.47297482668,1.74569024644,0.769338303821,1.7820425572,0.568410126004,0.315936626281,0.579945114934,0.437917739848,2,1.32432432432,0.579945114934,2,0.0149652394895,0.014880952381,5,0.000643500643501,0.218005169692,37,37,37,1,0,0.72972972973,0.243243243243,0.027027027027,-100,-0.0750750750751,0,-5.40540540541,-10,-2.77777777778,-3.50484340722,0.046415189436,0.0762400331366,-4.85636180232,-0.0236868613049,0.0040730385558,-1.3047889135,0.0396473277813,0.0631838735287,0,0,0,0,0,0,0.00279511331933,0.00890825613522,-2,-0.0002574002574,-0.403191411504,0,0,0,116,0,100,1116,0.537037037037,1,0,0.462962962963,1,0.537037037037,0.698795180723,0.702049006137,0.537037037037,0.537037037037,8,108,0,0,0,0
2050,WLNM_dir_neg,0.969050068587,0.803162107374,00:00:04,10,50,28,1235135452,threshold_sweep,0.7,1,0.0740740740741,0.137931034483,8,0,100,216,0.0740740740741,1,0,0.925925925926,1,0.0740740740741,0.137931034483,0.691358024691,0.658436213992,0.0963855421687,0.225017580185,0.0740740740741,216,108,108,0,216,0,108,0,108,37,216,0.162162162162,1.32432432432,11.6756756757,21.6,6,8.1990990496,0.702237650082,0.31006006006,10.329336629,1.76937710775,0.765265265265,3.0868314707,0.528762798222,0.252752752753,0.579945114934,0.437917739848,2,1.32432432432,0.579945114934,2,0.0121701261701,0.00597269624573,7,0.000900900900901,0.621196581197,37,37,37,1,0,0.72972972973,0.243243243243,0.027027027027,37,0.0810810810811,1.31531531532,5.83783783784,10.8,3.375,4.34941575587,0.745038810033,0.378128128128,5.34050756212,1.82961833147,0.786286286286,2.01905338626,0.691712734182,0.387387387387,0.555255174049,0.422146056983,2,1.31531531532,0.555255174049,2,0,0,0,0,0.210597762285,37,37,37,1,0,0.72972972973,0.135135135135,0.135135135135,37,116,0.0870870870871,1.32432432432,6.27027027027,11.6,3.22222222222,4.69425564238,0.748652839518,0.386300093197,5.47297482668,1.74569024644,0.769338303821,1.7820425572,0.568410126004,0.315936626281,0.579945114934,0.437917739848,2,1.32432432432,0.579945114934,2,0.0149652394895,0.014880952381,5,0.000643500643501,0.218005169692,37,37,37,1,0,0.72972972973,0.243243243243,0.027027027027,-100,-0.0750750750751,0,-5.40540540541,-10,-2.77777777778,-3.50484340722,0.046415189436,0.0762400331366,-4.85636180232,-0.0236868613049,0.0040730385558,-1.3047889135,0.0396473277813,0.0631838735287,0,0,0,0,0,0,0.00279511331933,0.00890825613522,-2,-0.0002574002574,-0.403191411504,0,0,0,116,0,100,1116,0.537037037037,1,0,0.462962962963,1,0.537037037037,0.698795180723,0.702049006137,0.537037037037,0.537037037037,8,108,0,0,0,0
2051,WLNM_dir_neg,0.969050068587,0.803162107374,00:00:04,10,50,28,1235135452,threshold_sweep,0.8,1,0.0740740740741,0.137931034483,8,0,100,216,0.0740740740741,1,0,0.925925925926,1,0.0740740740741,0.137931034483,0.691358024691,0.658436213992,0.0963855421687,0.225017580185,0.0740740740741,216,108,108,0,216,0,108,0,108,37,216,0.162162162162,1.32432432432,11.6756756757,21.6,6,8.1990990496,0.702237650082,0.31006006006,10.329336629,1.76937710775,0.765265265265,3.0868314707,0.528762798222,0.252752752753,0.579945114934,0.437917739848,2,1.32432432432,0.579945114934,2,0.0121701261701,0.00597269624573,7,0.000900900900901,0.621196581197,37,37,37,1,0,0.72972972973,0.243243243243,0.027027027027,37,0.0810810810811,1.31531531532,5.83783783784,10.8,3.375,4.34941575587,0.745038810033,0.378128128128,5.34050756212,1.82961833147,0.786286286286,2.01905338626,0.691712734182,0.387387387387,0.555255174049,0.422146056983,2,1.31531531532,0.555255174049,2,0,0,0,0,0.210597762285,37,37,37,1,0,0.72972972973,0.135135135135,0.135135135135,37,116,0.0870870870871,1.32432432432,6.27027027027,11.6,3.22222222222,4.69425564238,0.748652839518,0.386300093197,5.47297482668,1.74569024644,0.769338303821,1.7820425572,0.568410126004,0.315936626281,0.579945114934,0.437917739848,2,1.32432432432,0.579945114934,2,0.0149652394895,0.014880952381,5,0.000643500643501,0.218005169692,37,37,37,1,0,0.72972972973,0.243243243243,0.027027027027,-100,-0.0750750750751,0,-5.40540540541,-10,-2.77777777778,-3.50484340722,0.046415189436,0.0762400331366,-4.85636180232,-0.0236868613049,0.0040730385558,-1.3047889135,0.0396473277813,0.0631838735287,0,0,0,0,0,0,0.00279511331933,0.00890825613522,-2,-0.0002574002574,-0.403191411504,0,0,0,116,0,100,1116,0.537037037037,1,0,0.462962962963,1,0.537037037037,0.698795180723,0.702049006137,0.537037037037,0.537037037037,8,108,0,0,0,0
2052,WLNM_dir_neg,0.969050068587,0.803162107374,00:00:04,10,50,28,1235135452,threshold_sweep,0.9,1,0.0740740740741,0.137931034483,8,0,100,216,0.0740740740741,1,0,0.925925925926,1,0.0740740740741,0.137931034483,0.691358024691,0.658436213992,0.0963855421687,0.225017580185,0.0740740740741,216,108,108,0,216,0,108,0,108,37,216,0.162162162162,1.32432432432,11.6756756757,21.6,6,8.1990990496,0.702237650082,0.31006006006,10.329336629,1.76937710775,0.765265265265,3.0868314707,0.528762798222,0.252752752753,0.579945114934,0.437917739848,2,1.32432432432,0.579945114934,2,0.0121701261701,0.00597269624573,7,0.000900900900901,0.621196581197,37,37,37,1,0,0.72972972973,0.243243243243,0.027027027027,37,0.0810810810811,1.31531531532,5.83783783784,10.8,3.375,4.34941575587,0.745038810033,0.378128128128,5.34050756212,1.82961833147,0.786286286286,2.01905338626,0.691712734182,0.387387387387,0.555255174049,0.422146056983,2,1.31531531532,0.555255174049,2,0,0,0,0,0.210597762285,37,37,37,1,0,0.72972972973,0.135135135135,0.135135135135,37,116,0.0870870870871,1.32432432432,6.27027027027,11.6,3.22222222222,4.69425564238,0.748652839518,0.386300093197,5.47297482668,1.74569024644,0.769338303821,1.7820425572,0.568410126004,0.315936626281,0.579945114934,0.437917739848,2,1.32432432432,0.579945114934,2,0.0149652394895,0.014880952381,5,0.000643500643501,0.218005169692,37,37,37,1,0,0.72972972973,0.243243243243,0.027027027027,-100,-0.0750750750751,0,-5.40540540541,-10,-2.77777777778,-3.50484340722,0.046415189436,0.0762400331366,-4.85636180232,-0.0236868613049,0.0040730385558,-1.3047889135,0.0396473277813,0.0631838735287,0,0,0,0,0,0,0.00279511331933,0.00890825613522,-2,-0.0002574002574,-0.403191411504,0,0,0,116,0,100,1116,0.537037037037,1,0,0.462962962963,1,0.537037037037,0.698795180723,0.702049006137,0.537037037037,0.537037037037,8,108,0,0,0,0
2053,WLNM_dir_neg,0.957175925926,0.721119281046,00:00:04,10,50,29,1235135453,threshold_sweep,0.1,1,0.0555555555556,0.105263157895,6,0,102,216,0.0555555555556,1,0,0.944444444444,1,0.0555555555556,0.105263157895,0.685185185185,0.66049382716,0.0727272727273,0.194257172471,0.0555555555556,216,108,108,0,216,0,108,0,108,37,216,0.162162162162,1.32432432432,11.6756756757,21.6,6,8.1990990496,0.702237650082,0.31006006006,10.329336629,1.76937710775,0.765265265265,3.0868314707,0.528762798222,0.252752752753,0.579945114934,0.437917739848,2,1.32432432432,0.579945114934,2,0.0121701261701,0.00597269624573,7,0.000900900900901,0.621196581197,37,37,37,1,0,0.72972972973,0.243243243243,0.027027027027,37,0.0810810810811,1.32432432432,5.83783783784,10.8,3.375,4.25253854587,0.728444102764,0.367617617618,5.29873348797,1.8153068431,0.784284284284,1.92033530606,0.657892651149,0.369369369369,0.579945114934,0.437917739848,2,1.33333333333,0.585540043769,2,0.00813852813853,0.00353773584906,1,0.0001287001287,0.202247370452,37,36,36,0.972972972973,0,0.702702702703,0.162162162162,0.108108108108,37,114,0.0855855855856,1.32432432432,6.16216216216,11.4,3.25714285714,4.56139302257,0.740226060679,0.379326695116,5.37162492681,1.74342212537,0.769559032717,1.73810846066,0.564122921443,0.315789473684,0.579945114934,0.437917739848,2,1.33333333333,0.585540043769,2,0.011013986014,0.01246105919,4,0.000514800514801,0.207961656166,37,36,36,0.972972972973,0,0.702702702703,0.243243243243,0.027027027027,-102,-0.0765765765766,0,-5.51351351351,-10.2,-2.74285714286,-3.63770602704,0.0379884105976,0.0692666350561,-4.95771170219,-0.0259549823763,0.00429376745166,-1.34872301004,0.0353601232201,0.0630367209315,0,0,0,0.00900900900901,0.00559492883467,0,-0.00115614015614,0.0064883629443,-3,-0.0003861003861,-0.41323492503,-0.027027027027,0,0,114,0,102,1116,0.527777777778,1,0,0.472222222222,1,0.527777777778,0.690909090909,0.695398906206,0.527777777778,0.527777777778,6,108,0,0,0,0
2054,WLNM_dir_neg,0.957175925926,0.721119281046,00:00:04,10,50,29,1235135453,threshold_sweep,0.2,1,0.0555555555556,0.105263157895,6,0,102,216,0.0555555555556,1,0,0.944444444444,1,0.0555555555556,0.105263157895,0.685185185185,0.66049382716,0.0727272727273,0.194257172471,0.0555555555556,216,108,108,0,216,0,108,0,108,37,216,0.162162162162,1.32432432432,11.6756756757,21.6,6,8.1990990496,0.702237650082,0.31006006006,10.329336629,1.76937710775,0.765265265265,3.0868314707,0.528762798222,0.252752752753,0.579945114934,0.437917739848,2,1.32432432432,0.579945114934,2,0.0121701261701,0.00597269624573,7,0.000900900900901,0.621196581197,37,37,37,1,0,0.72972972973,0.243243243243,0.027027027027,37,0.0810810810811,1.32432432432,5.83783783784,10.8,3.375,4.25253854587,0.728444102764,0.367617617618,5.29873348797,1.8153068431,0.784284284284,1.92033530606,0.657892651149,0.369369369369,0.579945114934,0.437917739848,2,1.33333333333,0.585540043769,2,0.00813852813853,0.00353773584906,1,0.0001287001287,0.202247370452,37,36,36,0.972972972973,0,0.702702702703,0.162162162162,0.108108108108,37,114,0.0855855855856,1.32432432432,6.16216216216,11.4,3.25714285714,4.56139302257,0.740226060679,0.379326695116,5.37162492681,1.74342212537,0.769559032717,1.73810846066,0.564122921443,0.315789473684,0.579945114934,0.437917739848,2,1.33333333333,0.585540043769,2,0.011013986014,0.01246105919,4,0.000514800514801,0.207961656166,37,36,36,0.972972972973,0,0.702702702703,0.243243243243,0.027027027027,-102,-0.0765765765766,0,-5.51351351351,-10.2,-2.74285714286,-3.63770602704,0.0379884105976,0.0692666350561,-4.95771170219,-0.0259549823763,0.00429376745166,-1.34872301004,0.0353601232201,0.0630367209315,0,0,0,0.00900900900901,0.00559492883467,0,-0.00115614015614,0.0064883629443,-3,-0.0003861003861,-0.41323492503,-0.027027027027,0,0,114,0,102,1116,0.527777777778,1,0,0.472222222222,1,0.527777777778,0.690909090909,0.695398906206,0.527777777778,0.527777777778,6,108,0,0,0,0
2055,WLNM_dir_neg,0.957175925926,0.721119281046,00:00:04,10,50,29,1235135453,threshold_sweep,0.3,1,0.0555555555556,0.105263157895,6,0,102,216,0.0555555555556,1,0,0.944444444444,1,0.0555555555556,0.105263157895,0.685185185185,0.66049382716,0.0727272727273,0.194257172471,0.0555555555556,216,108,108,0,216,0,108,0,108,37,216,0.162162162162,1.32432432432,11.6756756757,21.6,6,8.1990990496,0.702237650082,0.31006006006,10.329336629,1.76937710775,0.765265265265,3.0868314707,0.528762798222,0.252752752753,0.579945114934,0.437917739848,2,1.32432432432,0.579945114934,2,0.0121701261701,0.00597269624573,7,0.000900900900901,0.621196581197,37,37,37,1,0,0.72972972973,0.243243243243,0.027027027027,37,0.0810810810811,1.32432432432,5.83783783784,10.8,3.375,4.25253854587,0.728444102764,0.367617617618,5.29873348797,1.8153068431,0.784284284284,1.92033530606,0.657892651149,0.369369369369,0.579945114934,0.437917739848,2,1.33333333333,0.585540043769,2,0.00813852813853,0.00353773584906,1,0.0001287001287,0.202247370452,37,36,36,0.972972972973,0,0.702702702703,0.162162162162,0.108108108108,37,114,0.0855855855856,1.32432432432,6.16216216216,11.4,3.25714285714,4.56139302257,0.740226060679,0.379326695116,5.37162492681,1.74342212537,0.769559032717,1.73810846066,0.564122921443,0.315789473684,0.579945114934,0.437917739848,2,1.33333333333,0.585540043769,2,0.011013986014,0.01246105919,4,0.000514800514801,0.207961656166,37,36,36,0.972972972973,0,0.702702702703,0.243243243243,0.027027027027,-102,-0.0765765765766,0,-5.51351351351,-10.2,-2.74285714286,-3.63770602704,0.0379884105976,0.0692666350561,-4.95771170219,-0.0259549823763,0.00429376745166,-1.34872301004,0.0353601232201,0.0630367209315,0,0,0,0.00900900900901,0.00559492883467,0,-0.00115614015614,0.0064883629443,-3,-0.0003861003861,-0.41323492503,-0.027027027027,0,0,114,0,102,1116,0.527777777778,1,0,0.472222222222,1,0.527777777778,0.690909090909,0.695398906206,0.527777777778,0.527777777778,6,108,0,0,0,0
2056,WLNM_dir_neg,0.957175925926,0.721119281046,00:00:04,10,50,29,1235135453,threshold_sweep,0.4,1,0.0555555555556,0.105263157895,6,0,102,216,0.0555555555556,1,0,0.944444444444,1,0.0555555555556,0.105263157895,0.685185185185,0.66049382716,0.0727272727273,0.194257172471,0.0555555555556,216,108,108,0,216,0,108,0,108,37,216,0.162162162162,1.32432432432,11.6756756757,21.6,6,8.1990990496,0.702237650082,0.31006006006,10.329336629,1.76937710775,0.765265265265,3.0868314707,0.528762798222,0.252752752753,0.579945114934,0.437917739848,2,1.32432432432,0.579945114934,2,0.0121701261701,0.00597269624573,7,0.000900900900901,0.621196581197,37,37,37,1,0,0.72972972973,0.243243243243,0.027027027027,37,0.0810810810811,1.32432432432,5.83783783784,10.8,3.375,4.25253854587,0.728444102764,0.367617617618,5.29873348797,1.8153068431,0.784284284284,1.92033530606,0.657892651149,0.369369369369,0.579945114934,0.437917739848,2,1.33333333333,0.585540043769,2,0.00813852813853,0.00353773584906,1,0.0001287001287,0.202247370452,37,36,36,0.972972972973,0,0.702702702703,0.162162162162,0.108108108108,37,114,0.0855855855856,1.32432432432,6.16216216216,11.4,3.25714285714,4.56139302257,0.740226060679,0.379326695116,5.37162492681,1.74342212537,0.769559032717,1.73810846066,0.564122921443,0.315789473684,0.579945114934,0.437917739848,2,1.33333333333,0.585540043769,2,0.011013986014,0.01246105919,4,0.000514800514801,0.207961656166,37,36,36,0.972972972973,0,0.702702702703,0.243243243243,0.027027027027,-102,-0.0765765765766,0,-5.51351351351,-10.2,-2.74285714286,-3.63770602704,0.0379884105976,0.0692666350561,-4.95771170219,-0.0259549823763,0.00429376745166,-1.34872301004,0.0353601232201,0.0630367209315,0,0,0,0.00900900900901,0.00559492883467,0,-0.00115614015614,0.0064883629443,-3,-0.0003861003861,-0.41323492503,-0.027027027027,0,0,114,0,102,1116,0.527777777778,1,0,0.472222222222,1,0.527777777778,0.690909090909,0.695398906206,0.527777777778,0.527777777778,6,108,0,0,0,0
2057,WLNM_dir_neg,0.957175925926,0.721119281046,00:00:04,10,50,29,1235135453,threshold_sweep,0.5,1,0.0555555555556,0.105263157895,6,0,102,216,0.0555555555556,1,0,0.944444444444,1,0.0555555555556,0.105263157895,0.685185185185,0.66049382716,0.0727272727273,0.194257172471,0.0555555555556,216,108,108,0,216,0,108,0,108,37,216,0.162162162162,1.32432432432,11.6756756757,21.6,6,8.1990990496,0.702237650082,0.31006006006,10.329336629,1.76937710775,0.765265265265,3.0868314707,0.528762798222,0.252752752753,0.579945114934,0.437917739848,2,1.32432432432,0.579945114934,2,0.0121701261701,0.00597269624573,7,0.000900900900901,0.621196581197,37,37,37,1,0,0.72972972973,0.243243243243,0.027027027027,37,0.0810810810811,1.32432432432,5.83783783784,10.8,3.375,4.25253854587,0.728444102764,0.367617617618,5.29873348797,1.8153068431,0.784284284284,1.92033530606,0.657892651149,0.369369369369,0.579945114934,0.437917739848,2,1.33333333333,0.585540043769,2,0.00813852813853,0.00353773584906,1,0.0001287001287,0.202247370452,37,36,36,0.972972972973,0,0.702702702703,0.162162162162,0.108108108108,37,114,0.0855855855856,1.32432432432,6.16216216216,11.4,3.25714285714,4.56139302257,0.740226060679,0.379326695116,5.37162492681,1.74342212537,0.769559032717,1.73810846066,0.564122921443,0.315789473684,0.579945114934,0.437917739848,2,1.33333333333,0.585540043769,2,0.011013986014,0.01246105919,4,0.000514800514801,0.207961656166,37,36,36,0.972972972973,0,0.702702702703,0.243243243243,0.027027027027,-102,-0.0765765765766,0,-5.51351351351,-10.2,-2.74285714286,-3.63770602704,0.0379884105976,0.0692666350561,-4.95771170219,-0.0259549823763,0.00429376745166,-1.34872301004,0.0353601232201,0.0630367209315,0,0,0,0.00900900900901,0.00559492883467,0,-0.00115614015614,0.0064883629443,-3,-0.0003861003861,-0.41323492503,-0.027027027027,0,0,114,0,102,1116,0.527777777778,1,0,0.472222222222,1,0.527777777778,0.690909090909,0.695398906206,0.527777777778,0.527777777778,6,108,0,0,0,0
2058,WLNM_dir_neg,0.957175925926,0.721119281046,00:00:04,10,50,29,1235135453,threshold_sweep,0.6,1,0.0555555555556,0.105263157895,6,0,102,216,0.0555555555556,1,0,0.944444444444,1,0.0555555555556,0.105263157895,0.685185185185,0.66049382716,0.0727272727273,0.194257172471,0.0555555555556,216,108,108,0,216,0,108,0,108,37,216,0.162162162162,1.32432432432,11.6756756757,21.6,6,8.1990990496,0.702237650082,0.31006006006,10.329336629,1.76937710775,0.765265265265,3.0868314707,0.528762798222,0.252752752753,0.579945114934,0.437917739848,2,1.32432432432,0.579945114934,2,0.0121701261701,0.00597269624573,7,0.000900900900901,0.621196581197,37,37,37,1,0,0.72972972973,0.243243243243,0.027027027027,37,0.0810810810811,1.32432432432,5.83783783784,10.8,3.375,4.25253854587,0.728444102764,0.367617617618,5.29873348797,1.8153068431,0.784284284284,1.92033530606,0.657892651149,0.369369369369,0.579945114934,0.437917739848,2,1.33333333333,0.585540043769,2,0.00813852813853,0.00353773584906,1,0.0001287001287,0.202247370452,37,36,36,0.972972972973,0,0.702702702703,0.162162162162,0.108108108108,37,114,0.0855855855856,1.32432432432,6.16216216216,11.4,3.25714285714,4.56139302257,0.740226060679,0.379326695116,5.37162492681,1.74342212537,0.769559032717,1.73810846066,0.564122921443,0.315789473684,0.579945114934,0.437917739848,2,1.33333333333,0.585540043769,2,0.011013986014,0.01246105919,4,0.000514800514801,0.207961656166,37,36,36,0.972972972973,0,0.702702702703,0.243243243243,0.027027027027,-102,-0.0765765765766,0,-5.51351351351,-10.2,-2.74285714286,-3.63770602704,0.0379884105976,0.0692666350561,-4.95771170219,-0.0259549823763,0.00429376745166,-1.34872301004,0.0353601232201,0.0630367209315,0,0,0,0.00900900900901,0.00559492883467,0,-0.00115614015614,0.0064883629443,-3,-0.0003861003861,-0.41323492503,-0.027027027027,0,0,114,0,102,1116,0.527777777778,1,0,0.472222222222,1,0.527777777778,0.690909090909,0.695398906206,0.527777777778,0.527777777778,6,108,0,0,0,0
2059,WLNM_dir_neg,0.957175925926,0.721119281046,00:00:04,10,50,29,1235135453,threshold_sweep,0.7,1,0.0277777777778,0.0540540540541,3,0,105,216,0.0277777777778,1,0,0.972222222222,1,0.0277777777778,0.0540540540541,0.675925925926,0.663580246914,0.0366972477064,0.136717185405,0.0277777777778,216,108,108,0,216,0,108,0,108,37,216,0.162162162162,1.32432432432,11.6756756757,21.6,6,8.1990990496,0.702237650082,0.31006006006,10.329336629,1.76937710775,0.765265265265,3.0868314707,0.528762798222,0.252752752753,0.579945114934,0.437917739848,2,1.32432432432,0.579945114934,2,0.0121701261701,0.00597269624573,7,0.000900900900901,0.621196581197,37,37,37,1,0,0.72972972973,0.243243243243,0.027027027027,37,0.0810810810811,1.32432432432,5.83783783784,10.8,3.375,4.25253854587,0.728444102764,0.367617617618,5.29873348797,1.8153068431,0.784284284284,1.92033530606,0.657892651149,0.369369369369,0.579945114934,0.437917739848,2,1.33333333333,0.585540043769,2,0.00813852813853,0.00353773584906,1,0.0001287001287,0.202247370452,37,36,36,0.972972972973,0,0.702702702703,0.162162162162,0.108108108108,37,111,0.0833333333333,1.32432432432,6,11.1,3.46875,4.39064662411,0.731774437351,0.372534696859,5.33333333333,1.77777777778,0.777209642075,1.85592145428,0.618640484759,0.346238130022,0.579945114934,0.437917739848,2,1.33333333333,0.585540043769,2,0.0183609247895,0.0133037694013,4,0.000514800514801,0.211771179976,37,36,36,0.972972972973,0,0.702702702703,0.162162162162,0.108108108108,-105,-0.0788288288288,0,-5.67567567568,-10.5,-2.53125,-3.8084524255,0.0295367872692,0.062474636799,-4.99600329567,0.00840067003246,0.0119443768092,-1.23091001643,0.0898776865364,0.0934853772692,0,0,0,0.00900900900901,0.00559492883467,0,0.00619079861937,0.0073310731556,-3,-0.0003861003861,-0.409425401221,-0.027027027027,-0.0810810810811,0.0810810810811,111,0,105,1116,0.513888888889,1,0,0.486111111111,1,0.513888888889,0.678899082569,0.685344416842,0.513888888889,0.513888888889,3,108,0,0,0,0
2060,WLNM_dir_neg,0.957175925926,0.721119281046,00:00:04,10,50,29,1235135453,threshold_sweep,0.8,1,0.00925925925926,0.0183486238532,1,0,107,216,0.00925925925926,1,0,0.990740740741,1,0.00925925925926,0.0183486238532,0.66975308642,0.665637860082,0.0123076923077,0.0786889475365,0.00925925925926,216,108,108,0,216,0,108,0,108,37,216,0.162162162162,1.32432432432,11.6756756757,21.6,6,8.1990990496,0.702237650082,0.31006006006,10.329336629,1.76937710775,0.765265265265,3.0868314707,0.528762798222,0.252752752753,0.579945114934,0.437917739848,2,1.32432432432,0.579945114934,2,0.0121701261701,0.00597269624573,7,0.000900900900901,0.621196581197,37,37,37,1,0,0.72972972973,0.243243243243,0.027027027027,37,0.0810810810811,1.32432432432,5.83783783784,10.8,3.375,4.25253854587,0.728444102764,0.367617617618,5.29873348797,1.8153068431,0.784284284284,1.92033530606,0.657892651149,0.369369369369,0.579945114934,0.437917739848,2,1.33333333333,0.585540043769,2,0.00813852813853,0.00353773584906,1,0.0001287001287,0.202247370452,37,36,36,0.972972972973,0,0.702702702703,0.162162162162,0.108108108108,37,109,0.0818318318318,1.32432432432,5.89189189189,10.9,3.40625,4.30622149262,0.73087245517,0.368708157699,5.30170803686,1.79966236114,0.781552194396,1.89950206847,0.64478510581,0.362013389536,0.579945114934,0.437917739848,2,1.33333333333,0.585540043769,2,0.0121861471861,0.00692041522491,2,0.0002574002574,0.205421973627,37,36,36,0.972972972973,0,0.702702702703,0.162162162162,0.108108108108,-107,-0.0803303303303,0,-5.78378378378,-10.7,-2.59375,-3.89287755698,0.0286348050884,0.0586480976389,-5.02762859214,0.0302852533907,0.016286929131,-1.18732940224,0.116022307587,0.109260636784,0,0,0,0.00900900900901,0.00559492883467,0,1.6021016021e-05,0.00094771897918,-5,-0.000643500643501,-0.41577460757,-0.027027027027,-0.0810810810811,0.0810810810811,109,0,107,1116,0.50462962963,1,0,0.49537037037,1,0.50462962963,0.670769230769,0.67858654182,0.50462962963,0.50462962963,1,108,0,0,0,0
2061,WLNM_dir_neg,0.957175925926,0.721119281046,00:00:04,10,50,29,1235135453,threshold_sweep,0.9,1,0.00925925925926,0.0183486238532,1,0,107,216,0.00925925925926,1,0,0.990740740741,1,0.00925925925926,0.0183486238532,0.66975308642,0.665637860082,0.0123076923077,0.0786889475365,0.00925925925926,216,108,108,0,216,0,108,0,108,37,216,0.162162162162,1.32432432432,11.6756756757,21.6,6,8.1990990496,0.702237650082,0.31006006006,10.329336629,1.76937710775,0.765265265265,3.0868314707,0.528762798222,0.252752752753,0.579945114934,0.437917739848,2,1.32432432432,0.579945114934,2,0.0121701261701,0.00597269624573,7,0.000900900900901,0.621196581197,37,37,37,1,0,0.72972972973,0.243243243243,0.027027027027,37,0.0810810810811,1.32432432432,5.83783783784,10.8,3.375,4.25253854587,0.728444102764,0.367617617618,5.29873348797,1.8153068431,0.784284284284,1.92033530606,0.657892651149,0.369369369369,0.579945114934,0.437917739848,2,1.33333333333,0.585540043769,2,0.00813852813853,0.00353773584906,1,0.0001287001287,0.202247370452,37,36,36,0.972972972973,0,0.702702702703,0.162162162162,0.108108108108,37,109,0.0818318318318,1.32432432432,5.89189189189,10.9,3.40625,4.30622149262,0.73087245517,0.368708157699,5.30170803686,1.79966236114,0.781552194396,1.89950206847,0.64478510581,0.362013389536,0.579945114934,0.437917739848,2,1.33333333333,0.585540043769,2,0.0121861471861,0.00692041522491,2,0.0002574002574,0.205421973627,37,36,36,0.972972972973,0,0.702702702703,0.162162162162,0.108108108108,-107,-0.0803303303303,0,-5.78378378378,-10.7,-2.59375,-3.89287755698,0.0286348050884,0.0586480976389,-5.02762859214,0.0302852533907,0.016286929131,-1.18732940224,0.116022307587,0.109260636784,0,0,0,0.00900900900901,0.00559492883467,0,1.6021016021e-05,0.00094771897918,-5,-0.000643500643501,-0.41577460757,-0.027027027027,-0.0810810810811,0.0810810810811,109,0,107,1116,0.50462962963,1,0,0.49537037037,1,0.50462962963,0.670769230769,0.67858654182,0.50462962963,0.50462962963,1,108,0,0,0,0
2062,WLNM_dir_neg,0.991876714678,0.938542684675,00:00:05,10,50,30,1235135454,threshold_sweep,0.1,0.962962962963,0.240740740741,0.385185185185,26,1,82,215,0.240740740741,0.99537037037,0.00462962962963,0.759259259259,0.962962962963,0.240740740741,0.385185185185,0.743827160494,0.638888888889,0.290598290598,0.402712464227,0.236111111111,216,108,108,0,216,0,108,0,108,37,216,0.162162162162,1.32432432432,11.6756756757,21.6,6,8.1990990496,0.702237650082,0.31006006006,10.329336629,1.76937710775,0.765265265265,3.0868314707,0.528762798222,0.252752752753,0.579945114934,0.437917739848,2,1.32432432432,0.579945114934,2,0.0121701261701,0.00597269624573,7,0.000900900900901,0.621196581197,37,37,37,1,0,0.72972972973,0.243243243243,0.027027027027,37,0.0810810810811,1.32432432432,5.83783783784,10.8,3.375,4.5124119783,0.772959459245,0.394394394394,5.28298305031,1.80991085983,0.783783783784,2.00524836891,0.686983237497,0.385385385385,0.579945114934,0.437917739848,2,1.33333333333,0.585540043769,2,0,0,0,0,0.219719644401,37,36,36,0.972972972973,0,0.702702702703,0.162162162162,0.108108108108,37,135,0.101351351351,1.32432432432,7.2972972973,13.5,3.75,5.68558051793,0.779135108012,0.388988988989,6.51159741545,1.78466003238,0.773973973974,1.96095521248,0.537446984161,0.299499499499,0.579945114934,0.437917739848,2,1.32432432432,0.579945114934,2,0.0134531077388,0.0167597765363,8,0.0010296010296,0.274634544774,37,37,37,1,0,0.72972972973,0.243243243243,0.027027027027,-81,-0.0608108108108,0,-4.37837837838,-8.1,-2.25,-2.51351853168,0.0768974579303,0.0789289289289,-3.81773921355,0.0152829246374,0.00870870870871,-1.12587625823,0.00868418593824,0.0467467467467,0,0,0,0,0,0,0.0012829815687,0.0107870802906,1,0.0001287001287,-0.346562036422,0,0,0,134,1,82,1115,0.62037037037,0.999103942652,0.00089605734767,0.37962962963,0.992592592593,0.62037037037,0.763532763533,0.756603448044,0.619474313023,0.617511520737,27,108,0,0,0,0
2063,WLNM_dir_neg,0.991876714678,0.938542684675,00:00:05,10,50,30,1235135454,threshold_sweep,0.2,0.962962962963,0.240740740741,0.385185185185,26,1,82,215,0.240740740741,0.99537037037,0.00462962962963,0.759259259259,0.962962962963,0.240740740741,0.385185185185,0.743827160494,0.638888888889,0.290598290598,0.402712464227,0.236111111111,216,108,108,0,216,0,108,0,108,37,216,0.162162162162,1.32432432432,11.6756756757,21.6,6,8.1990990496,0.702237650082,0.31006006006,10.329336629,1.76937710775,0.765265265265,3.0868314707,0.528762798222,0.252752752753,0.579945114934,0.437917739848,2,1.32432432432,0.579945114934,2,0.0121701261701,0.00597269624573,7,0.000900900900901,0.621196581197,37,37,37,1,0,0.72972972973,0.243243243243,0.027027027027,37,0.0810810810811,1.32432432432,5.83783783784,10.8,3.375,4.5124119783,0.772959459245,0.394394394394,5.28298305031,1.80991085983,0.783783783784,2.00524836891,0.686983237497,0.385385385385,0.579945114934,0.437917739848,2,1.33333333333,0.585540043769,2,0,0,0,0,0.219719644401,37,36,36,0.972972972973,0,0.702702702703,0.162162162162,0.108108108108,37,135,0.101351351351,1.32432432432,7.2972972973,13.5,3.75,5.68558051793,0.779135108012,0.388988988989,6.51159741545,1.78466003238,0.773973973974,1.96095521248,0.537446984161,0.299499499499,0.579945114934,0.437917739848,2,1.32432432432,0.579945114934,2,0.0134531077388,0.0167597765363,8,0.0010296010296,0.274634544774,37,37,37,1,0,0.72972972973,0.243243243243,0.027027027027,-81,-0.0608108108108,0,-4.37837837838,-8.1,-2.25,-2.51351853168,0.0768974579303,0.0789289289289,-3.81773921355,0.0152829246374,0.00870870870871,-1.12587625823,0.00868418593824,0.0467467467467,0,0,0,0,0,0,0.0012829815687,0.0107870802906,1,0.0001287001287,-0.346562036422,0,0,0,134,1,82,1115,0.62037037037,0.999103942652,0.00089605734767,0.37962962963,0.992592592593,0.62037037037,0.763532763533,0.756603448044,0.619474313023,0.617511520737,27,108,0,0,0,0
2064,WLNM_dir_neg,0.991876714678,0.938542684675,00:00:05,10,50,30,1235135454,threshold_sweep,0.3,0.962962962963,0.240740740741,0.385185185185,26,1,82,215,0.240740740741,0.99537037037,0.00462962962963,0.759259259259,0.962962962963,0.240740740741,0.385185185185,0.743827160494,0.638888888889,0.290598290598,0.402712464227,0.236111111111,216,108,108,0,216,0,108,0,108,37,216,0.162162162162,1.32432432432,11.6756756757,21.6,6,8.1990990496,0.702237650082,0.31006006006,10.329336629,1.76937710775,0.765265265265,3.0868314707,0.528762798222,0.252752752753,0.579945114934,0.437917739848,2,1.32432432432,0.579945114934,2,0.0121701261701,0.00597269624573,7,0.000900900900901,0.621196581197,37,37,37,1,0,0.72972972973,0.243243243243,0.027027027027,37,0.0810810810811,1.32432432432,5.83783783784,10.8,3.375,4.5124119783,0.772959459245,0.394394394394,5.28298305031,1.80991085983,0.783783783784,2.00524836891,0.686983237497,0.385385385385,0.579945114934,0.437917739848,2,1.33333333333,0.585540043769,2,0,0,0,0,0.219719644401,37,36,36,0.972972972973,0,0.702702702703,0.162162162162,0.108108108108,37,135,0.101351351351,1.32432432432,7.2972972973,13.5,3.75,5.68558051793,0.779135108012,0.388988988989,6.51159741545,1.78466003238,0.773973973974,1.96095521248,0.537446984161,0.299499499499,0.579945114934,0.437917739848,2,1.32432432432,0.579945114934,2,0.0134531077388,0.0167597765363,8,0.0010296010296,0.274634544774,37,37,37,1,0,0.72972972973,0.243243243243,0.027027027027,-81,-0.0608108108108,0,-4.37837837838,-8.1,-2.25,-2.51351853168,0.0768974579303,0.0789289289289,-3.81773921355,0.0152829246374,0.00870870870871,-1.12587625823,0.00868418593824,0.0467467467467,0,0,0,0,0,0,0.0012829815687,0.0107870802906,1,0.0001287001287,-0.346562036422,0,0,0,134,1,82,1115,0.62037037037,0.999103942652,0.00089605734767,0.37962962963,0.992592592593,0.62037037037,0.763532763533,0.756603448044,0.619474313023,0.617511520737,27,108,0,0,0,0
2065,WLNM_dir_neg,0.991876714678,0.938542684675,00:00:05,10,50,30,1235135454,threshold_sweep,0.4,0.962962962963,0.240740740741,0.385185185185,26,1,82,215,0.240740740741,0.99537037037,0.00462962962963,0.759259259259,0.962962962963,0.240740740741,0.385185185185,0.743827160494,0.638888888889,0.290598290598,0.402712464227,0.236111111111,216,108,108,0,216,0,108,0,108,37,216,0.162162162162,1.32432432432,11.6756756757,21.6,6,8.1990990496,0.702237650082,0.31006006006,10.329336629,1.76937710775,0.765265265265,3.0868314707,0.528762798222,0.252752752753,0.579945114934,0.437917739848,2,1.32432432432,0.579945114934,2,0.0121701261701,0.00597269624573,7,0.000900900900901,0.621196581197,37,37,37,1,0,0.72972972973,0.243243243243,0.027027027027,37,0.0810810810811,1.32432432432,5.83783783784,10.8,3.375,4.5124119783,0.772959459245,0.394394394394,5.28298305031,1.80991085983,0.783783783784,2.00524836891,0.686983237497,0.385385385385,0.579945114934,0.437917739848,2,1.33333333333,0.585540043769,2,0,0,0,0,0.219719644401,37,36,36,0.972972972973,0,0.702702702703,0.162162162162,0.108108108108,37,135,0.101351351351,1.32432432432,7.2972972973,13.5,3.75,5.68558051793,0.779135108012,0.388988988989,6.51159741545,1.78466003238,0.773973973974,1.96095521248,0.537446984161,0.299499499499,0.579945114934,0.437917739848,2,1.32432432432,0.579945114934,2,0.0134531077388,0.0167597765363,8,0.0010296010296,0.274634544774,37,37,37,1,0,0.72972972973,0.243243243243,0.027027027027,-81,-0.0608108108108,0,-4.37837837838,-8.1,-2.25,-2.51351853168,0.0768974579303,0.0789289289289,-3.81773921355,0.0152829246374,0.00870870870871,-1.12587625823,0.00868418593824,0.0467467467467,0,0,0,0,0,0,0.0012829815687,0.0107870802906,1,0.0001287001287,-0.346562036422,0,0,0,134,1,82,1115,0.62037037037,0.999103942652,0.00089605734767,0.37962962963,0.992592592593,0.62037037037,0.763532763533,0.756603448044,0.619474313023,0.617511520737,27,108,0,0,0,0
2066,WLNM_dir_neg,0.991876714678,0.938542684675,00:00:05,10,50,30,1235135454,threshold_sweep,0.5,0.962962962963,0.240740740741,0.385185185185,26,1,82,215,0.240740740741,0.99537037037,0.00462962962963,0.759259259259,0.962962962963,0.240740740741,0.385185185185,0.743827160494,0.638888888889,0.290598290598,0.402712464227,0.236111111111,216,108,108,0,216,0,108,0,108,37,216,0.162162162162,1.32432432432,11.6756756757,21.6,6,8.1990990496,0.702237650082,0.31006006006,10.329336629,1.76937710775,0.765265265265,3.0868314707,0.528762798222,0.252752752753,0.579945114934,0.437917739848,2,1.32432432432,0.579945114934,2,0.0121701261701,0.00597269624573,7,0.000900900900901,0.621196581197,37,37,37,1,0,0.72972972973,0.243243243243,0.027027027027,37,0.0810810810811,1.32432432432,5.83783783784,10.8,3.375,4.5124119783,0.772959459245,0.394394394394,5.28298305031,1.80991085983,0.783783783784,2.00524836891,0.686983237497,0.385385385385,0.579945114934,0.437917739848,2,1.33333333333,0.585540043769,2,0,0,0,0,0.219719644401,37,36,36,0.972972972973,0,0.702702702703,0.162162162162,0.108108108108,37,135,0.101351351351,1.32432432432,7.2972972973,13.5,3.75,5.68558051793,0.779135108012,0.388988988989,6.51159741545,1.78466003238,0.773973973974,1.96095521248,0.537446984161,0.299499499499,0.579945114934,0.437917739848,2,1.32432432432,0.579945114934,2,0.0134531077388,0.0167597765363,8,0.0010296010296,0.274634544774,37,37,37,1,0,0.72972972973,0.243243243243,0.027027027027,-81,-0.0608108108108,0,-4.37837837838,-8.1,-2.25,-2.51351853168,0.0768974579303,0.0789289289289,-3.81773921355,0.0152829246374,0.00870870870871,-1.12587625823,0.00868418593824,0.0467467467467,0,0,0,0,0,0,0.0012829815687,0.0107870802906,1,0.0001287001287,-0.346562036422,0,0,0,134,1,82,1115,0.62037037037,0.999103942652,0.00089605734767,0.37962962963,0.992592592593,0.62037037037,0.763532763533,0.756603448044,0.619474313023,0.617511520737,27,108,0,0,0,0
2067,WLNM_dir_neg,0.991876714678,0.938542684675,00:00:05,10,50,30,1235135454,threshold_sweep,0.6,0.962962962963,0.240740740741,0.385185185185,26,1,82,215,0.240740740741,0.99537037037,0.00462962962963,0.759259259259,0.962962962963,0.240740740741,0.385185185185,0.743827160494,0.638888888889,0.290598290598,0.402712464227,0.236111111111,216,108,108,0,216,0,108,0,108,37,216,0.162162162162,1.32432432432,11.6756756757,21.6,6,8.1990990496,0.702237650082,0.31006006006,10.329336629,1.76937710775,0.765265265265,3.0868314707,0.528762798222,0.252752752753,0.579945114934,0.437917739848,2,1.32432432432,0.579945114934,2,0.0121701261701,0.00597269624573,7,0.000900900900901,0.621196581197,37,37,37,1,0,0.72972972973,0.243243243243,0.027027027027,37,0.0810810810811,1.32432432432,5.83783783784,10.8,3.375,4.5124119783,0.772959459245,0.394394394394,5.28298305031,1.80991085983,0.783783783784,2.00524836891,0.686983237497,0.385385385385,0.579945114934,0.437917739848,2,1.33333333333,0.585540043769,2,0,0,0,0,0.219719644401,37,36,36,0.972972972973,0,0.702702702703,0.162162162162,0.108108108108,37,135,0.101351351351,1.32432432432,7.2972972973,13.5,3.75,5.68558051793,0.779135108012,0.388988988989,6.51159741545,1.78466003238,0.773973973974,1.96095521248,0.537446984161,0.299499499499,0.579945114934,0.437917739848,2,1.32432432432,0.579945114934,2,0.0134531077388,0.0167597765363,8,0.0010296010296,0.274634544774,37,37,37,1,0,0.72972972973,0.243243243243,0.027027027027,-81,-0.0608108108108,0,-4.37837837838,-8.1,-2.25,-2.51351853168,0.0768974579303,0.0789289289289,-3.81773921355,0.0152829246374,0.00870870870871,-1.12587625823,0.00868418593824,0.0467467467467,0,0,0,0,0,0,0.0012829815687,0.0107870802906,1,0.0001287001287,-0.346562036422,0,0,0,134,1,82,1115,0.62037037037,0.999103942652,0.00089605734767,0.37962962963,0.992592592593,0.62037037037,0.763532763533,0.756603448044,0.619474313023,0.617511520737,27,108,0,0,0,0
2068,WLNM_dir_neg,0.991876714678,0.938542684675,00:00:05,10,50,30,1235135454,threshold_sweep,0.7,0.962962962963,0.240740740741,0.385185185185,26,1,82,215,0.240740740741,0.99537037037,0.00462962962963,0.759259259259,0.962962962963,0.240740740741,0.385185185185,0.743827160494,0.638888888889,0.290598290598,0.402712464227,0.236111111111,216,108,108,0,216,0,108,0,108,37,216,0.162162162162,1.32432432432,11.6756756757,21.6,6,8.1990990496,0.702237650082,0.31006006006,10.329336629,1.76937710775,0.765265265265,3.0868314707,0.528762798222,0.252752752753,0.579945114934,0.437917739848,2,1.32432432432,0.579945114934,2,0.0121701261701,0.00597269624573,7,0.000900900900901,0.621196581197,37,37,37,1,0,0.72972972973,0.243243243243,0.027027027027,37,0.0810810810811,1.32432432432,5.83783783784,10.8,3.375,4.5124119783,0.772959459245,0.394394394394,5.28298305031,1.80991085983,0.783783783784,2.00524836891,0.686983237497,0.385385385385,0.579945114934,0.437917739848,2,1.33333333333,0.585540043769,2,0,0,0,0,0.219719644401,37,36,36,0.972972972973,0,0.702702702703,0.162162162162,0.108108108108,37,135,0.101351351351,1.32432432432,7.2972972973,13.5,3.75,5.68558051793,0.779135108012,0.388988988989,6.51159741545,1.78466003238,0.773973973974,1.96095521248,0.537446984161,0.299499499499,0.579945114934,0.437917739848,2,1.32432432432,0.579945114934,2,0.0134531077388,0.0167597765363,8,0.0010296010296,0.274634544774,37,37,37,1,0,0.72972972973,0.243243243243,0.027027027027,-81,-0.0608108108108,0,-4.37837837838,-8.1,-2.25,-2.51351853168,0.0768974579303,0.0789289289289,-3.81773921355,0.0152829246374,0.00870870870871,-1.12587625823,0.00868418593824,0.0467467467467,0,0,0,0,0,0,0.0012829815687,0.0107870802906,1,0.0001287001287,-0.346562036422,0,0,0,134,1,82,1115,0.62037037037,0.999103942652,0.00089605734767,0.37962962963,0.992592592593,0.62037037037,0.763532763533,0.756603448044,0.619474313023,0.617511520737,27,108,0,0,0,0
2069,WLNM_dir_neg,0.991876714678,0.938542684675,00:00:05,10,50,30,1235135454,threshold_sweep,0.8,0.96,0.222222222222,0.360902255639,24,1,84,215,0.222222222222,0.99537037037,0.00462962962963,0.777777777778,0.96,0.222222222222,0.360902255639,0.737654320988,0.640946502058,0.269340974212,0.384394585451,0.217592592593,216,108,108,0,216,0,108,0,108,37,216,0.162162162162,1.32432432432,11.6756756757,21.6,6,8.1990990496,0.702237650082,0.31006006006,10.329336629,1.76937710775,0.765265265265,3.0868314707,0.528762798222,0.252752752753,0.579945114934,0.437917739848,2,1.32432432432,0.579945114934,2,0.0121701261701,0.00597269624573,7,0.000900900900901,0.621196581197,37,37,37,1,0,0.72972972973,0.243243243243,0.027027027027,37,0.0810810810811,1.32432432432,5.83783783784,10.8,3.375,4.5124119783,0.772959459245,0.394394394394,5.28298305031,1.80991085983,0.783783783784,2.00524836891,0.686983237497,0.385385385385,0.579945114934,0.437917739848,2,1.33333333333,0.585540043769,2,0,0,0,0,0.219719644401,37,36,36,0.972972972973,0,0.702702702703,0.162162162162,0.108108108108,37,133,0.0998498498498,1.32132132132,7.18918918919,13.3,3.8,5.62651381031,0.78263537963,0.3861003861,6.46984225919,1.79988092925,0.777890672628,2.03387232555,0.565814105604,0.316602316602,0.571249793283,0.432332229917,2,1.32132132132,0.571249793283,2,0,0,0,0,0.274140717614,37,37,37,1,0,0.72972972973,0.216216216216,0.0540540540541,-83,-0.0623123123123,-0.003003003003,-4.48648648649,-8.3,-2.2,-2.57258523929,0.0803977295483,0.0760403260403,-3.85949436981,0.0305038215043,0.0126254073622,-1.05295914515,0.0370513073816,0.0638495638496,-0.00869532165105,-0.00558550993171,0,-0.003003003003,-0.00869532165105,0,-0.0121701261701,-0.00597269624573,-7,-0.000900900900901,-0.347055863583,0,-0.027027027027,0.027027027027,132,1,84,1115,0.611111111111,0.999103942652,0.00089605734767,0.388888888889,0.992481203008,0.611111111111,0.756446991404,0.750250818942,0.610215053763,0.608294930876,25,108,0,0,0,0
2070,WLNM_dir_neg,0.991876714678,0.938542684675,00:00:05,10,50,30,1235135454,threshold_sweep,0.9,0.96,0.222222222222,0.360902255639,24,1,84,215,0.222222222222,0.99537037037,0.00462962962963,0.777777777778,0.96,0.222222222222,0.360902255639,0.737654320988,0.640946502058,0.269340974212,0.384394585451,0.217592592593,216,108,108,0,216,0,108,0,108,37,216,0.162162162162,1.32432432432,11.6756756757,21.6,6,8.1990990496,0.702237650082,0.31006006006,10.329336629,1.76937710775,0.765265265265,3.0868314707,0.528762798222,0.252752752753,0.579945114934,0.437917739848,2,1.32432432432,0.579945114934,2,0.0121701261701,0.00597269624573,7,0.000900900900901,0.621196581197,37,37,37,1,0,0.72972972973,0.243243243243,0.027027027027,37,0.0810810810811,1.32432432432,5.83783783784,10.8,3.375,4.5124119783,0.772959459245,0.394394394394,5.28298305031,1.80991085983,0.783783783784,2.00524836891,0.686983237497,0.385385385385,0.579945114934,0.437917739848,2,1.33333333333,0.585540043769,2,0,0,0,0,0.219719644401,37,36,36,0.972972972973,0,0.702702702703,0.162162162162,0.108108108108,37,133,0.0998498498498,1.32132132132,7.18918918919,13.3,3.8,5.62651381031,0.78263537963,0.3861003861,6.46984225919,1.79988092925,0.777890672628,2.03387232555,0.565814105604,0.316602316602,0.571249793283,0.432332229917,2,1.32132132132,0.571249793283,2,0,0,0,0,0.274140717614,37,37,37,1,0,0.72972972973,0.216216216216,0.0540540540541,-83,-0.0623123123123,-0.003003003003,-4.48648648649,-8.3,-2.2,-2.57258523929,0.0803977295483,0.0760403260403,-3.85949436981,0.0305038215043,0.0126254073622,-1.05295914515,0.0370513073816,0.0638495638496,-0.00869532165105,-0.00558550993171,0,-0.003003003003,-0.00869532165105,0,-0.0121701261701,-0.00597269624573,-7,-0.000900900900901,-0.347055863583,0,-0.027027027027,0.027027027027,132,1,84,1115,0.611111111111,0.999103942652,0.00089605734767,0.388888888889,0.992481203008,0.611111111111,0.756446991404,0.750250818942,0.610215053763,0.608294930876,25,108,0,0,0,0
2071,WLNM_dir_neg,0.987439986283,0.928025491534,00:00:05,10,50,31,1235135455,threshold_sweep,0.1,0.961538461538,0.231481481481,0.373134328358,25,1,83,215,0.231481481481,0.99537037037,0.00462962962963,0.768518518519,0.961538461538,0.231481481481,0.373134328358,0.740740740741,0.639917695473,0.28,0.393628265183,0.226851851852,216,108,108,0,216,0,108,0,108,37,216,0.162162162162,1.32432432432,11.6756756757,21.6,6,8.1990990496,0.702237650082,0.31006006006,10.329336629,1.76937710775,0.765265265265,3.0868314707,0.528762798222,0.252752752753,0.579945114934,0.437917739848,2,1.32432432432,0.579945114934,2,0.0121701261701,0.00597269624573,7,0.000900900900901,0.621196581197,37,37,37,1,0,0.72972972973,0.243243243243,0.027027027027,37,0.0810810810811,1.32432432432,5.83783783784,10.8,3.48387096774,4.51856364539,0.774013217034,0.389389389389,5.42821015303,1.85966458946,0.792792792793,1.99134765058,0.682220954365,0.383383383383,0.579945114934,0.437917739848,2,1.33333333333,0.585540043769,2,0,0,0,0,0.210096430917,37,36,36,0.972972972973,0,0.702702702703,0.135135135135,0.135135135135,37,134,0.100600600601,1.33039161611,7.24324324324,13.4,3.62162162162,5.58969987967,0.77171229682,0.375151270674,6.58850577964,1.81921428244,0.782977006858,1.97696950113,0.545879638372,0.304558289633,0.598636321842,0.449970004768,2.20408163265,1.33039161611,0.598636321842,2.20408163265,0.0150513274463,0.00867052023121,4,0.000514800514801,0.259596425476,37,37,37,1,0,0.72972972973,0.27027027027,0,-82,-0.0615615615616,0.00606729178158,-4.43243243243,-8.2,-2.37837837838,-2.60939916994,0.0694746467378,0.0650912106136,-3.74083084936,0.0498371746938,0.0177117415923,-1.10986196957,0.01711684015,0.0518055368802,0.018691206908,0.0120522649195,0.204081632653,0.00606729178158,0.018691206908,0.204081632653,0.00288120127616,0.00269782398548,-3,-0.0003861003861,-0.361600155721,0,0.027027027027,-0.027027027027,133,1,83,1115,0.615740740741,0.999103942652,0.00089605734767,0.384259259259,0.992537313433,0.615740740741,0.76,0.753431175828,0.614844683393,0.612903225806,26,108,0,0,0,0
2072,WLNM_dir_neg,0.987439986283,0.928025491534,00:00:05,10,50,31,1235135455,threshold_sweep,0.2,0.961538461538,0.231481481481,0.373134328358,25,1,83,215,0.231481481481,0.99537037037,0.00462962962963,0.768518518519,0.961538461538,0.231481481481,0.373134328358,0.740740740741,0.639917695473,0.28,0.393628265183,0.226851851852,216,108,108,0,216,0,108,0,108,37,216,0.162162162162,1.32432432432,11.6756756757,21.6,6,8.1990990496,0.702237650082,0.31006006006,10.329336629,1.76937710775,0.765265265265,3.0868314707,0.528762798222,0.252752752753,0.579945114934,0.437917739848,2,1.32432432432,0.579945114934,2,0.0121701261701,0.00597269624573,7,0.000900900900901,0.621196581197,37,37,37,1,0,0.72972972973,0.243243243243,0.027027027027,37,0.0810810810811,1.32432432432,5.83783783784,10.8,3.48387096774,4.51856364539,0.774013217034,0.389389389389,5.42821015303,1.85966458946,0.792792792793,1.99134765058,0.682220954365,0.383383383383,0.579945114934,0.437917739848,2,1.33333333333,0.585540043769,2,0,0,0,0,0.210096430917,37,36,36,0.972972972973,0,0.702702702703,0.135135135135,0.135135135135,37,134,0.100600600601,1.33039161611,7.24324324324,13.4,3.62162162162,5.58969987967,0.77171229682,0.375151270674,6.58850577964,1.81921428244,0.782977006858,1.97696950113,0.545879638372,0.304558289633,0.598636321842,0.449970004768,2.20408163265,1.33039161611,0.598636321842,2.20408163265,0.0150513274463,0.00867052023121,4,0.000514800514801,0.259596425476,37,37,37,1,0,0.72972972973,0.27027027027,0,-82,-0.0615615615616,0.00606729178158,-4.43243243243,-8.2,-2.37837837838,-2.60939916994,0.0694746467378,0.0650912106136,-3.74083084936,0.0498371746938,0.0177117415923,-1.10986196957,0.01711684015,0.0518055368802,0.018691206908,0.0120522649195,0.204081632653,0.00606729178158,0.018691206908,0.204081632653,0.00288120127616,0.00269782398548,-3,-0.0003861003861,-0.361600155721,0,0.027027027027,-0.027027027027,133,1,83,1115,0.615740740741,0.999103942652,0.00089605734767,0.384259259259,0.992537313433,0.615740740741,0.76,0.753431175828,0.614844683393,0.612903225806,26,108,0,0,0,0
2073,WLNM_dir_neg,0.987439986283,0.928025491534,00:00:05,10,50,31,1235135455,threshold_sweep,0.3,0.961538461538,0.231481481481,0.373134328358,25,1,83,215,0.231481481481,0.99537037037,0.00462962962963,0.768518518519,0.961538461538,0.231481481481,0.373134328358,0.740740740741,0.639917695473,0.28,0.393628265183,0.226851851852,216,108,108,0,216,0,108,0,108,37,216,0.162162162162,1.32432432432,11.6756756757,21.6,6,8.1990990496,0.702237650082,0.31006006006,10.329336629,1.76937710775,0.765265265265,3.0868314707,0.528762798222,0.252752752753,0.579945114934,0.437917739848,2,1.32432432432,0.579945114934,2,0.0121701261701,0.00597269624573,7,0.000900900900901,0.621196581197,37,37,37,1,0,0.72972972973,0.243243243243,0.027027027027,37,0.0810810810811,1.32432432432,5.83783783784,10.8,3.48387096774,4.51856364539,0.774013217034,0.389389389389,5.42821015303,1.85966458946,0.792792792793,1.99134765058,0.682220954365,0.383383383383,0.579945114934,0.437917739848,2,1.33333333333,0.585540043769,2,0,0,0,0,0.210096430917,37,36,36,0.972972972973,0,0.702702702703,0.135135135135,0.135135135135,37,134,0.100600600601,1.33039161611,7.24324324324,13.4,3.62162162162,5.58969987967,0.77171229682,0.375151270674,6.58850577964,1.81921428244,0.782977006858,1.97696950113,0.545879638372,0.304558289633,0.598636321842,0.449970004768,2.20408163265,1.33039161611,0.598636321842,2.20408163265,0.0150513274463,0.00867052023121,4,0.000514800514801,0.259596425476,37,37,37,1,0,0.72972972973,0.27027027027,0,-82,-0.0615615615616,0.00606729178158,-4.43243243243,-8.2,-2.37837837838,-2.60939916994,0.0694746467378,0.0650912106136,-3.74083084936,0.0498371746938,0.0177117415923,-1.10986196957,0.01711684015,0.0518055368802,0.018691206908,0.0120522649195,0.204081632653,0.00606729178158,0.018691206908,0.204081632653,0.00288120127616,0.00269782398548,-3,-0.0003861003861,-0.361600155721,0,0.027027027027,-0.027027027027,133,1,83,1115,0.615740740741,0.999103942652,0.00089605734767,0.384259259259,0.992537313433,0.615740740741,0.76,0.753431175828,0.614844683393,0.612903225806,26,108,0,0,0,0
2074,WLNM_dir_neg,0.987439986283,0.928025491534,00:00:05,10,50,31,1235135455,threshold_sweep,0.4,0.961538461538,0.231481481481,0.373134328358,25,1,83,215,0.231481481481,0.99537037037,0.00462962962963,0.768518518519,0.961538461538,0.231481481481,0.373134328358,0.740740740741,0.639917695473,0.28,0.393628265183,0.226851851852,216,108,108,0,216,0,108,0,108,37,216,0.162162162162,1.32432432432,11.6756756757,21.6,6,8.1990990496,0.702237650082,0.31006006006,10.329336629,1.76937710775,0.765265265265,3.0868314707,0.528762798222,0.252752752753,0.579945114934,0.437917739848,2,1.32432432432,0.579945114934,2,0.0121701261701,0.00597269624573,7,0.000900900900901,0.621196581197,37,37,37,1,0,0.72972972973,0.243243243243,0.027027027027,37,0.0810810810811,1.32432432432,5.83783783784,10.8,3.48387096774,4.51856364539,0.774013217034,0.389389389389,5.42821015303,1.85966458946,0.792792792793,1.99134765058,0.682220954365,0.383383383383,0.579945114934,0.437917739848,2,1.33333333333,0.585540043769,2,0,0,0,0,0.210096430917,37,36,36,0.972972972973,0,0.702702702703,0.135135135135,0.135135135135,37,134,0.100600600601,1.33039161611,7.24324324324,13.4,3.62162162162,5.58969987967,0.77171229682,0.375151270674,6.58850577964,1.81921428244,0.782977006858,1.97696950113,0.545879638372,0.304558289633,0.598636321842,0.449970004768,2.20408163265,1.33039161611,0.598636321842,2.20408163265,0.0150513274463,0.00867052023121,4,0.000514800514801,0.259596425476,37,37,37,1,0,0.72972972973,0.27027027027,0,-82,-0.0615615615616,0.00606729178158,-4.43243243243,-8.2,-2.37837837838,-2.60939916994,0.0694746467378,0.0650912106136,-3.74083084936,0.0498371746938,0.0177117415923,-1.10986196957,0.01711684015,0.0518055368802,0.018691206908,0.0120522649195,0.204081632653,0.00606729178158,0.018691206908,0.204081632653,0.00288120127616,0.00269782398548,-3,-0.0003861003861,-0.361600155721,0,0.027027027027,-0.027027027027,133,1,83,1115,0.615740740741,0.999103942652,0.00089605734767,0.384259259259,0.992537313433,0.615740740741,0.76,0.753431175828,0.614844683393,0.612903225806,26,108,0,0,0,0
2075,WLNM_dir_neg,0.987439986283,0.928025491534,00:00:05,10,50,31,1235135455,threshold_sweep,0.5,0.961538461538,0.231481481481,0.373134328358,25,1,83,215,0.231481481481,0.99537037037,0.00462962962963,0.768518518519,0.961538461538,0.231481481481,0.373134328358,0.740740740741,0.639917695473,0.28,0.393628265183,0.226851851852,216,108,108,0,216,0,108,0,108,37,216,0.162162162162,1.32432432432,11.6756756757,21.6,6,8.1990990496,0.702237650082,0.31006006006,10.329336629,1.76937710775,0.765265265265,3.0868314707,0.528762798222,0.252752752753,0.579945114934,0.437917739848,2,1.32432432432,0.579945114934,2,0.0121701261701,0.00597269624573,7,0.000900900900901,0.621196581197,37,37,37,1,0,0.72972972973,0.243243243243,0.027027027027,37,0.0810810810811,1.32432432432,5.83783783784,10.8,3.48387096774,4.51856364539,0.774013217034,0.389389389389,5.42821015303,1.85966458946,0.792792792793,1.99134765058,0.682220954365,0.383383383383,0.579945114934,0.437917739848,2,1.33333333333,0.585540043769,2,0,0,0,0,0.210096430917,37,36,36,0.972972972973,0,0.702702702703,0.135135135135,0.135135135135,37,134,0.100600600601,1.33039161611,7.24324324324,13.4,3.62162162162,5.58969987967,0.77171229682,0.375151270674,6.58850577964,1.81921428244,0.782977006858,1.97696950113,0.545879638372,0.304558289633,0.598636321842,0.449970004768,2.20408163265,1.33039161611,0.598636321842,2.20408163265,0.0150513274463,0.00867052023121,4,0.000514800514801,0.259596425476,37,37,37,1,0,0.72972972973,0.27027027027,0,-82,-0.0615615615616,0.00606729178158,-4.43243243243,-8.2,-2.37837837838,-2.60939916994,0.0694746467378,0.0650912106136,-3.74083084936,0.0498371746938,0.0177117415923,-1.10986196957,0.01711684015,0.0518055368802,0.018691206908,0.0120522649195,0.204081632653,0.00606729178158,0.018691206908,0.204081632653,0.00288120127616,0.00269782398548,-3,-0.0003861003861,-0.361600155721,0,0.027027027027,-0.027027027027,133,1,83,1115,0.615740740741,0.999103942652,0.00089605734767,0.384259259259,0.992537313433,0.615740740741,0.76,0.753431175828,0.614844683393,0.612903225806,26,108,0,0,0,0
2076,WLNM_dir_neg,0.987439986283,0.928025491534,00:00:05,10,50,31,1235135455,threshold_sweep,0.6,0.961538461538,0.231481481481,0.373134328358,25,1,83,215,0.231481481481,0.99537037037,0.00462962962963,0.768518518519,0.961538461538,0.231481481481,0.373134328358,0.740740740741,0.639917695473,0.28,0.393628265183,0.226851851852,216,108,108,0,216,0,108,0,108,37,216,0.162162162162,1.32432432432,11.6756756757,21.6,6,8.1990990496,0.702237650082,0.31006006006,10.329336629,1.76937710775,0.765265265265,3.0868314707,0.528762798222,0.252752752753,0.579945114934,0.437917739848,2,1.32432432432,0.579945114934,2,0.0121701261701,0.00597269624573,7,0.000900900900901,0.621196581197,37,37,37,1,0,0.72972972973,0.243243243243,0.027027027027,37,0.0810810810811,1.32432432432,5.83783783784,10.8,3.48387096774,4.51856364539,0.774013217034,0.389389389389,5.42821015303,1.85966458946,0.792792792793,1.99134765058,0.682220954365,0.383383383383,0.579945114934,0.437917739848,2,1.33333333333,0.585540043769,2,0,0,0,0,0.210096430917,37,36,36,0.972972972973,0,0.702702702703,0.135135135135,0.135135135135,37,134,0.100600600601,1.33039161611,7.24324324324,13.4,3.62162162162,5.58969987967,0.77171229682,0.375151270674,6.58850577964,1.81921428244,0.782977006858,1.97696950113,0.545879638372,0.304558289633,0.598636321842,0.449970004768,2.20408163265,1.33039161611,0.598636321842,2.20408163265,0.0150513274463,0.00867052023121,4,0.000514800514801,0.259596425476,37,37,37,1,0,0.72972972973,0.27027027027,0,-82,-0.0615615615616,0.00606729178158,-4.43243243243,-8.2,-2.37837837838,-2.60939916994,0.0694746467378,0.0650912106136,-3.74083084936,0.0498371746938,0.0177117415923,-1.10986196957,0.01711684015,0.0518055368802,0.018691206908,0.0120522649195,0.204081632653,0.00606729178158,0.018691206908,0.204081632653,0.00288120127616,0.00269782398548,-3,-0.0003861003861,-0.361600155721,0,0.027027027027,-0.027027027027,133,1,83,1115,0.615740740741,0.999103942652,0.00089605734767,0.384259259259,0.992537313433,0.615740740741,0.76,0.753431175828,0.614844683393,0.612903225806,26,108,0,0,0,0
2077,WLNM_dir_neg,0.987439986283,0.928025491534,00:00:05,10,50,31,1235135455,threshold_sweep,0.7,0.961538461538,0.231481481481,0.373134328358,25,1,83,215,0.231481481481,0.99537037037,0.00462962962963,0.768518518519,0.961538461538,0.231481481481,0.373134328358,0.740740740741,0.639917695473,0.28,0.393628265183,0.226851851852,216,108,108,0,216,0,108,0,108,37,216,0.162162162162,1.32432432432,11.6756756757,21.6,6,8.1990990496,0.702237650082,0.31006006006,10.329336629,1.76937710775,0.765265265265,3.0868314707,0.528762798222,0.252752752753,0.579945114934,0.437917739848,2,1.32432432432,0.579945114934,2,0.0121701261701,0.00597269624573,7,0.000900900900901,0.621196581197,37,37,37,1,0,0.72972972973,0.243243243243,0.027027027027,37,0.0810810810811,1.32432432432,5.83783783784,10.8,3.48387096774,4.51856364539,0.774013217034,0.389389389389,5.42821015303,1.85966458946,0.792792792793,1.99134765058,0.682220954365,0.383383383383,0.579945114934,0.437917739848,2,1.33333333333,0.585540043769,2,0,0,0,0,0.210096430917,37,36,36,0.972972972973,0,0.702702702703,0.135135135135,0.135135135135,37,134,0.100600600601,1.33039161611,7.24324324324,13.4,3.62162162162,5.58969987967,0.77171229682,0.375151270674,6.58850577964,1.81921428244,0.782977006858,1.97696950113,0.545879638372,0.304558289633,0.598636321842,0.449970004768,2.20408163265,1.33039161611,0.598636321842,2.20408163265,0.0150513274463,0.00867052023121,4,0.000514800514801,0.259596425476,37,37,37,1,0,0.72972972973,0.27027027027,0,-82,-0.0615615615616,0.00606729178158,-4.43243243243,-8.2,-2.37837837838,-2.60939916994,0.0694746467378,0.0650912106136,-3.74083084936,0.0498371746938,0.0177117415923,-1.10986196957,0.01711684015,0.0518055368802,0.018691206908,0.0120522649195,0.204081632653,0.00606729178158,0.018691206908,0.204081632653,0.00288120127616,0.00269782398548,-3,-0.0003861003861,-0.361600155721,0,0.027027027027,-0.027027027027,133,1,83,1115,0.615740740741,0.999103942652,0.00089605734767,0.384259259259,0.992537313433,0.615740740741,0.76,0.753431175828,0.614844683393,0.612903225806,26,108,0,0,0,0
2078,WLNM_dir_neg,0.987439986283,0.928025491534,00:00:05,10,50,31,1235135455,threshold_sweep,0.8,0.961538461538,0.231481481481,0.373134328358,25,1,83,215,0.231481481481,0.99537037037,0.00462962962963,0.768518518519,0.961538461538,0.231481481481,0.373134328358,0.740740740741,0.639917695473,0.28,0.393628265183,0.226851851852,216,108,108,0,216,0,108,0,108,37,216,0.162162162162,1.32432432432,11.6756756757,21.6,6,8.1990990496,0.702237650082,0.31006006006,10.329336629,1.76937710775,0.765265265265,3.0868314707,0.528762798222,0.252752752753,0.579945114934,0.437917739848,2,1.32432432432,0.579945114934,2,0.0121701261701,0.00597269624573,7,0.000900900900901,0.621196581197,37,37,37,1,0,0.72972972973,0.243243243243,0.027027027027,37,0.0810810810811,1.32432432432,5.83783783784,10.8,3.48387096774,4.51856364539,0.774013217034,0.389389389389,5.42821015303,1.85966458946,0.792792792793,1.99134765058,0.682220954365,0.383383383383,0.579945114934,0.437917739848,2,1.33333333333,0.585540043769,2,0,0,0,0,0.210096430917,37,36,36,0.972972972973,0,0.702702702703,0.135135135135,0.135135135135,37,134,0.100600600601,1.33039161611,7.24324324324,13.4,3.62162162162,5.58969987967,0.77171229682,0.375151270674,6.58850577964,1.81921428244,0.782977006858,1.97696950113,0.545879638372,0.304558289633,0.598636321842,0.449970004768,2.20408163265,1.33039161611,0.598636321842,2.20408163265,0.0150513274463,0.00867052023121,4,0.000514800514801,0.259596425476,37,37,37,1,0,0.72972972973,0.27027027027,0,-82,-0.0615615615616,0.00606729178158,-4.43243243243,-8.2,-2.37837837838,-2.60939916994,0.0694746467378,0.0650912106136,-3.74083084936,0.0498371746938,0.0177117415923,-1.10986196957,0.01711684015,0.0518055368802,0.018691206908,0.0120522649195,0.204081632653,0.00606729178158,0.018691206908,0.204081632653,0.00288120127616,0.00269782398548,-3,-0.0003861003861,-0.361600155721,0,0.027027027027,-0.027027027027,133,1,83,1115,0.615740740741,0.999103942652,0.00089605734767,0.384259259259,0.992537313433,0.615740740741,0.76,0.753431175828,0.614844683393,0.612903225806,26,108,0,0,0,0
2079,WLNM_dir_neg,0.987439986283,0.928025491534,00:00:05,10,50,31,1235135455,threshold_sweep,0.9,0.961538461538,0.231481481481,0.373134328358,25,1,83,215,0.231481481481,0.99537037037,0.00462962962963,0.768518518519,0.961538461538,0.231481481481,0.373134328358,0.740740740741,0.639917695473,0.28,0.393628265183,0.226851851852,216,108,108,0,216,0,108,0,108,37,216,0.162162162162,1.32432432432,11.6756756757,21.6,6,8.1990990496,0.702237650082,0.31006006006,10.329336629,1.76937710775,0.765265265265,3.0868314707,0.528762798222,0.252752752753,0.579945114934,0.437917739848,2,1.32432432432,0.579945114934,2,0.0121701261701,0.00597269624573,7,0.000900900900901,0.621196581197,37,37,37,1,0,0.72972972973,0.243243243243,0.027027027027,37,0.0810810810811,1.32432432432,5.83783783784,10.8,3.48387096774,4.51856364539,0.774013217034,0.389389389389,5.42821015303,1.85966458946,0.792792792793,1.99134765058,0.682220954365,0.383383383383,0.579945114934,0.437917739848,2,1.33333333333,0.585540043769,2,0,0,0,0,0.210096430917,37,36,36,0.972972972973,0,0.702702702703,0.135135135135,0.135135135135,37,134,0.100600600601,1.33039161611,7.24324324324,13.4,3.62162162162,5.58969987967,0.77171229682,0.375151270674,6.58850577964,1.81921428244,0.782977006858,1.97696950113,0.545879638372,0.304558289633,0.598636321842,0.449970004768,2.20408163265,1.33039161611,0.598636321842,2.20408163265,0.0150513274463,0.00867052023121,4,0.000514800514801,0.259596425476,37,37,37,1,0,0.72972972973,0.27027027027,0,-82,-0.0615615615616,0.00606729178158,-4.43243243243,-8.2,-2.37837837838,-2.60939916994,0.0694746467378,0.0650912106136,-3.74083084936,0.0498371746938,0.0177117415923,-1.10986196957,0.01711684015,0.0518055368802,0.018691206908,0.0120522649195,0.204081632653,0.00606729178158,0.018691206908,0.204081632653,0.00288120127616,0.00269782398548,-3,-0.0003861003861,-0.361600155721,0,0.027027027027,-0.027027027027,133,1,83,1115,0.615740740741,0.999103942652,0.00089605734767,0.384259259259,0.992537313433,0.615740740741,0.76,0.753431175828,0.614844683393,0.612903225806,26,108,0,0,0,0
2080,WLNM_dir_neg,0.980409807956,0.800925113026,00:00:04,10,50,32,1235135456,threshold_sweep,0.1,0.888888888889,0.0740740740741,0.136752136752,8,1,100,215,0.0740740740741,0.99537037037,0.00462962962963,0.925925925926,0.888888888889,0.0740740740741,0.136752136752,0.688271604938,0.657407407407,0.0900900900901,0.199204768222,0.0694444444444,216,108,108,0,216,0,108,0,108,37,216,0.162162162162,1.32432432432,11.6756756757,21.6,6,8.1990990496,0.702237650082,0.31006006006,10.329336629,1.76937710775,0.765265265265,3.0868314707,0.528762798222,0.252752752753,0.579945114934,0.437917739848,2,1.32432432432,0.579945114934,2,0.0121701261701,0.00597269624573,7,0.000900900900901,0.621196581197,37,37,37,1,0,0.72972972973,0.243243243243,0.027027027027,37,0.0810810810811,1.31756756757,5.83783783784,10.8,3.27272727273,4.34941575587,0.745038810033,0.371621621622,5.25134045521,1.79907034114,0.781781781782,1.84659413784,0.632629473149,0.354854854855,0.561027853366,0.425805755375,2,1.32638888889,0.566377727456,2,0,0,0,0,0.196822785876,37,36,36,0.972972972973,0,0.702702702703,0.189189189189,0.0810810810811,37,117,0.0878378378378,1.32808758125,6.32432432432,11.7,3.25,4.75542996101,0.751926959648,0.387156387156,5.42890163596,1.71683214129,0.761838761839,1.57256890882,0.497308116463,0.276276276276,0.591382825656,0.445289026119,2.12658227848,1.33720112518,0.597130753132,2.12658227848,0.013941637261,0.0207509881423,7,0.000900900900901,0.208186422239,37,36,36,0.972972972973,0,0.702702702703,0.27027027027,0,-99,-0.0743243243243,0.00376325692781,-5.35135135135,-9.9,-2.75,-3.44366908859,0.0496893095657,0.0770963270963,-4.90043499304,-0.0525449664576,-0.0034265034265,-1.51426256189,-0.0314546817594,0.0235235235235,0.0114377107216,0.00737128627021,0.126582278481,0.0128768008515,0.0171856381976,0.126582278481,0.00177151109084,0.0147782918966,0,0,-0.413010158957,-0.027027027027,0.027027027027,-0.027027027027,116,1,100,1115,0.537037037037,0.999103942652,0.00089605734767,0.462962962963,0.991452991453,0.537037037037,0.696696696697,0.698163124599,0.536140979689,0.534562211982,9,108,0,0,0,0
2081,WLNM_dir_neg,0.980409807956,0.800925113026,00:00:04,10,50,32,1235135456,threshold_sweep,0.2,0.888888888889,0.0740740740741,0.136752136752,8,1,100,215,0.0740740740741,0.99537037037,0.00462962962963,0.925925925926,0.888888888889,0.0740740740741,0.136752136752,0.688271604938,0.657407407407,0.0900900900901,0.199204768222,0.0694444444444,216,108,108,0,216,0,108,0,108,37,216,0.162162162162,1.32432432432,11.6756756757,21.6,6,8.1990990496,0.702237650082,0.31006006006,10.329336629,1.76937710775,0.765265265265,3.0868314707,0.528762798222,0.252752752753,0.579945114934,0.437917739848,2,1.32432432432,0.579945114934,2,0.0121701261701,0.00597269624573,7,0.000900900900901,0.621196581197,37,37,37,1,0,0.72972972973,0.243243243243,0.027027027027,37,0.0810810810811,1.31756756757,5.83783783784,10.8,3.27272727273,4.34941575587,0.745038810033,0.371621621622,5.25134045521,1.79907034114,0.781781781782,1.84659413784,0.632629473149,0.354854854855,0.561027853366,0.425805755375,2,1.32638888889,0.566377727456,2,0,0,0,0,0.196822785876,37,36,36,0.972972972973,0,0.702702702703,0.189189189189,0.0810810810811,37,117,0.0878378378378,1.32808758125,6.32432432432,11.7,3.25,4.75542996101,0.751926959648,0.387156387156,5.42890163596,1.71683214129,0.761838761839,1.57256890882,0.497308116463,0.276276276276,0.591382825656,0.445289026119,2.12658227848,1.33720112518,0.597130753132,2.12658227848,0.013941637261,0.0207509881423,7,0.000900900900901,0.208186422239,37,36,36,0.972972972973,0,0.702702702703,0.27027027027,0,-99,-0.0743243243243,0.00376325692781,-5.35135135135,-9.9,-2.75,-3.44366908859,0.0496893095657,0.0770963270963,-4.90043499304,-0.0525449664576,-0.0034265034265,-1.51426256189,-0.0314546817594,0.0235235235235,0.0114377107216,0.00737128627021,0.126582278481,0.0128768008515,0.0171856381976,0.126582278481,0.00177151109084,0.0147782918966,0,0,-0.413010158957,-0.027027027027,0.027027027027,-0.027027027027,116,1,100,1115,0.537037037037,0.999103942652,0.00089605734767,0.462962962963,0.991452991453,0.537037037037,0.696696696697,0.698163124599,0.536140979689,0.534562211982,9,108,0,0,0,0
2082,WLNM_dir_neg,0.980409807956,0.800925113026,00:00:04,10,50,32,1235135456,threshold_sweep,0.3,0.888888888889,0.0740740740741,0.136752136752,8,1,100,215,0.0740740740741,0.99537037037,0.00462962962963,0.925925925926,0.888888888889,0.0740740740741,0.136752136752,0.688271604938,0.657407407407,0.0900900900901,0.199204768222,0.0694444444444,216,108,108,0,216,0,108,0,108,37,216,0.162162162162,1.32432432432,11.6756756757,21.6,6,8.1990990496,0.702237650082,0.31006006006,10.329336629,1.76937710775,0.765265265265,3.0868314707,0.528762798222,0.252752752753,0.579945114934,0.437917739848,2,1.32432432432,0.579945114934,2,0.0121701261701,0.00597269624573,7,0.000900900900901,0.621196581197,37,37,37,1,0,0.72972972973,0.243243243243,0.027027027027,37,0.0810810810811,1.31756756757,5.83783783784,10.8,3.27272727273,4.34941575587,0.745038810033,0.371621621622,5.25134045521,1.79907034114,0.781781781782,1.84659413784,0.632629473149,0.354854854855,0.561027853366,0.425805755375,2,1.32638888889,0.566377727456,2,0,0,0,0,0.196822785876,37,36,36,0.972972972973,0,0.702702702703,0.189189189189,0.0810810810811,37,117,0.0878378378378,1.32808758125,6.32432432432,11.7,3.25,4.75542996101,0.751926959648,0.387156387156,5.42890163596,1.71683214129,0.761838761839,1.57256890882,0.497308116463,0.276276276276,0.591382825656,0.445289026119,2.12658227848,1.33720112518,0.597130753132,2.12658227848,0.013941637261,0.0207509881423,7,0.000900900900901,0.208186422239,37,36,36,0.972972972973,0,0.702702702703,0.27027027027,0,-99,-0.0743243243243,0.00376325692781,-5.35135135135,-9.9,-2.75,-3.44366908859,0.0496893095657,0.0770963270963,-4.90043499304,-0.0525449664576,-0.0034265034265,-1.51426256189,-0.0314546817594,0.0235235235235,0.0114377107216,0.00737128627021,0.126582278481,0.0128768008515,0.0171856381976,0.126582278481,0.00177151109084,0.0147782918966,0,0,-0.413010158957,-0.027027027027,0.027027027027,-0.027027027027,116,1,100,1115,0.537037037037,0.999103942652,0.00089605734767,0.462962962963,0.991452991453,0.537037037037,0.696696696697,0.698163124599,0.536140979689,0.534562211982,9,108,0,0,0,0
2083,WLNM_dir_neg,0.980409807956,0.800925113026,00:00:04,10,50,32,1235135456,threshold_sweep,0.4,0.888888888889,0.0740740740741,0.136752136752,8,1,100,215,0.0740740740741,0.99537037037,0.00462962962963,0.925925925926,0.888888888889,0.0740740740741,0.136752136752,0.688271604938,0.657407407407,0.0900900900901,0.199204768222,0.0694444444444,216,108,108,0,216,0,108,0,108,37,216,0.162162162162,1.32432432432,11.6756756757,21.6,6,8.1990990496,0.702237650082,0.31006006006,10.329336629,1.76937710775,0.765265265265,3.0868314707,0.528762798222,0.252752752753,0.579945114934,0.437917739848,2,1.32432432432,0.579945114934,2,0.0121701261701,0.00597269624573,7,0.000900900900901,0.621196581197,37,37,37,1,0,0.72972972973,0.243243243243,0.027027027027,37,0.0810810810811,1.31756756757,5.83783783784,10.8,3.27272727273,4.34941575587,0.745038810033,0.371621621622,5.25134045521,1.79907034114,0.781781781782,1.84659413784,0.632629473149,0.354854854855,0.561027853366,0.425805755375,2,1.32638888889,0.566377727456,2,0,0,0,0,0.196822785876,37,36,36,0.972972972973,0,0.702702702703,0.189189189189,0.0810810810811,37,117,0.0878378378378,1.32808758125,6.32432432432,11.7,3.25,4.75542996101,0.751926959648,0.387156387156,5.42890163596,1.71683214129,0.761838761839,1.57256890882,0.497308116463,0.276276276276,0.591382825656,0.445289026119,2.12658227848,1.33720112518,0.597130753132,2.12658227848,0.013941637261,0.0207509881423,7,0.000900900900901,0.208186422239,37,36,36,0.972972972973,0,0.702702702703,0.27027027027,0,-99,-0.0743243243243,0.00376325692781,-5.35135135135,-9.9,-2.75,-3.44366908859,0.0496893095657,0.0770963270963,-4.90043499304,-0.0525449664576,-0.0034265034265,-1.51426256189,-0.0314546817594,0.0235235235235,0.0114377107216,0.00737128627021,0.126582278481,0.0128768008515,0.0171856381976,0.126582278481,0.00177151109084,0.0147782918966,0,0,-0.413010158957,-0.027027027027,0.027027027027,-0.027027027027,116,1,100,1115,0.537037037037,0.999103942652,0.00089605734767,0.462962962963,0.991452991453,0.537037037037,0.696696696697,0.698163124599,0.536140979689,0.534562211982,9,108,0,0,0,0
2084,WLNM_dir_neg,0.980409807956,0.800925113026,00:00:04,10,50,32,1235135456,threshold_sweep,0.5,0.888888888889,0.0740740740741,0.136752136752,8,1,100,215,0.0740740740741,0.99537037037,0.00462962962963,0.925925925926,0.888888888889,0.0740740740741,0.136752136752,0.688271604938,0.657407407407,0.0900900900901,0.199204768222,0.0694444444444,216,108,108,0,216,0,108,0,108,37,216,0.162162162162,1.32432432432,11.6756756757,21.6,6,8.1990990496,0.702237650082,0.31006006006,10.329336629,1.76937710775,0.765265265265,3.0868314707,0.528762798222,0.252752752753,0.579945114934,0.437917739848,2,1.32432432432,0.579945114934,2,0.0121701261701,0.00597269624573,7,0.000900900900901,0.621196581197,37,37,37,1,0,0.72972972973,0.243243243243,0.027027027027,37,0.0810810810811,1.31756756757,5.83783783784,10.8,3.27272727273,4.34941575587,0.745038810033,0.371621621622,5.25134045521,1.79907034114,0.781781781782,1.84659413784,0.632629473149,0.354854854855,0.561027853366,0.425805755375,2,1.32638888889,0.566377727456,2,0,0,0,0,0.196822785876,37,36,36,0.972972972973,0,0.702702702703,0.189189189189,0.0810810810811,37,117,0.0878378378378,1.32808758125,6.32432432432,11.7,3.25,4.75542996101,0.751926959648,0.387156387156,5.42890163596,1.71683214129,0.761838761839,1.57256890882,0.497308116463,0.276276276276,0.591382825656,0.445289026119,2.12658227848,1.33720112518,0.597130753132,2.12658227848,0.013941637261,0.0207509881423,7,0.000900900900901,0.208186422239,37,36,36,0.972972972973,0,0.702702702703,0.27027027027,0,-99,-0.0743243243243,0.00376325692781,-5.35135135135,-9.9,-2.75,-3.44366908859,0.0496893095657,0.0770963270963,-4.90043499304,-0.0525449664576,-0.0034265034265,-1.51426256189,-0.0314546817594,0.0235235235235,0.0114377107216,0.00737128627021,0.126582278481,0.0128768008515,0.0171856381976,0.126582278481,0.00177151109084,0.0147782918966,0,0,-0.413010158957,-0.027027027027,0.027027027027,-0.027027027027,116,1,100,1115,0.537037037037,0.999103942652,0.00089605734767,0.462962962963,0.991452991453,0.537037037037,0.696696696697,0.698163124599,0.536140979689,0.534562211982,9,108,0,0,0,0
2085,WLNM_dir_neg,0.980409807956,0.800925113026,00:00:04,10,50,32,1235135456,threshold_sweep,0.6,0.888888888889,0.0740740740741,0.136752136752,8,1,100,215,0.0740740740741,0.99537037037,0.00462962962963,0.925925925926,0.888888888889,0.0740740740741,0.136752136752,0.688271604938,0.657407407407,0.0900900900901,0.199204768222,0.0694444444444,216,108,108,0,216,0,108,0,108,37,216,0.162162162162,1.32432432432,11.6756756757,21.6,6,8.1990990496,0.702237650082,0.31006006006,10.329336629,1.76937710775,0.765265265265,3.0868314707,0.528762798222,0.252752752753,0.579945114934,0.437917739848,2,1.32432432432,0.579945114934,2,0.0121701261701,0.00597269624573,7,0.000900900900901,0.621196581197,37,37,37,1,0,0.72972972973,0.243243243243,0.027027027027,37,0.0810810810811,1.31756756757,5.83783783784,10.8,3.27272727273,4.34941575587,0.745038810033,0.371621621622,5.25134045521,1.79907034114,0.781781781782,1.84659413784,0.632629473149,0.354854854855,0.561027853366,0.425805755375,2,1.32638888889,0.566377727456,2,0,0,0,0,0.196822785876,37,36,36,0.972972972973,0,0.702702702703,0.189189189189,0.0810810810811,37,117,0.0878378378378,1.32808758125,6.32432432432,11.7,3.25,4.75542996101,0.751926959648,0.387156387156,5.42890163596,1.71683214129,0.761838761839,1.57256890882,0.497308116463,0.276276276276,0.591382825656,0.445289026119,2.12658227848,1.33720112518,0.597130753132,2.12658227848,0.013941637261,0.0207509881423,7,0.000900900900901,0.208186422239,37,36,36,0.972972972973,0,0.702702702703,0.27027027027,0,-99,-0.0743243243243,0.00376325692781,-5.35135135135,-9.9,-2.75,-3.44366908859,0.0496893095657,0.0770963270963,-4.90043499304,-0.0525449664576,-0.0034265034265,-1.51426256189,-0.0314546817594,0.0235235235235,0.0114377107216,0.00737128627021,0.126582278481,0.0128768008515,0.0171856381976,0.126582278481,0.00177151109084,0.0147782918966,0,0,-0.413010158957,-0.027027027027,0.027027027027,-0.027027027027,116,1,100,1115,0.537037037037,0.999103942652,0.00089605734767,0.462962962963,0.991452991453,0.537037037037,0.696696696697,0.698163124599,0.536140979689,0.534562211982,9,108,0,0,0,0
2086,WLNM_dir_neg,0.980409807956,0.800925113026,00:00:04,10,50,32,1235135456,threshold_sweep,0.7,0.888888888889,0.0740740740741,0.136752136752,8,1,100,215,0.0740740740741,0.99537037037,0.00462962962963,0.925925925926,0.888888888889,0.0740740740741,0.136752136752,0.688271604938,0.657407407407,0.0900900900901,0.199204768222,0.0694444444444,216,108,108,0,216,0,108,0,108,37,216,0.162162162162,1.32432432432,11.6756756757,21.6,6,8.1990990496,0.702237650082,0.31006006006,10.329336629,1.76937710775,0.765265265265,3.0868314707,0.528762798222,0.252752752753,0.579945114934,0.437917739848,2,1.32432432432,0.579945114934,2,0.0121701261701,0.00597269624573,7,0.000900900900901,0.621196581197,37,37,37,1,0,0.72972972973,0.243243243243,0.027027027027,37,0.0810810810811,1.31756756757,5.83783783784,10.8,3.27272727273,4.34941575587,0.745038810033,0.371621621622,5.25134045521,1.79907034114,0.781781781782,1.84659413784,0.632629473149,0.354854854855,0.561027853366,0.425805755375,2,1.32638888889,0.566377727456,2,0,0,0,0,0.196822785876,37,36,36,0.972972972973,0,0.702702702703,0.189189189189,0.0810810810811,37,117,0.0878378378378,1.32808758125,6.32432432432,11.7,3.25,4.75542996101,0.751926959648,0.387156387156,5.42890163596,1.71683214129,0.761838761839,1.57256890882,0.497308116463,0.276276276276,0.591382825656,0.445289026119,2.12658227848,1.33720112518,0.597130753132,2.12658227848,0.013941637261,0.0207509881423,7,0.000900900900901,0.208186422239,37,36,36,0.972972972973,0,0.702702702703,0.27027027027,0,-99,-0.0743243243243,0.00376325692781,-5.35135135135,-9.9,-2.75,-3.44366908859,0.0496893095657,0.0770963270963,-4.90043499304,-0.0525449664576,-0.0034265034265,-1.51426256189,-0.0314546817594,0.0235235235235,0.0114377107216,0.00737128627021,0.126582278481,0.0128768008515,0.0171856381976,0.126582278481,0.00177151109084,0.0147782918966,0,0,-0.413010158957,-0.027027027027,0.027027027027,-0.027027027027,116,1,100,1115,0.537037037037,0.999103942652,0.00089605734767,0.462962962963,0.991452991453,0.537037037037,0.696696696697,0.698163124599,0.536140979689,0.534562211982,9,108,0,0,0,0
2087,WLNM_dir_neg,0.980409807956,0.800925113026,00:00:04,10,50,32,1235135456,threshold_sweep,0.8,0.888888888889,0.0740740740741,0.136752136752,8,1,100,215,0.0740740740741,0.99537037037,0.00462962962963,0.925925925926,0.888888888889,0.0740740740741,0.136752136752,0.688271604938,0.657407407407,0.0900900900901,0.199204768222,0.0694444444444,216,108,108,0,216,0,108,0,108,37,216,0.162162162162,1.32432432432,11.6756756757,21.6,6,8.1990990496,0.702237650082,0.31006006006,10.329336629,1.76937710775,0.765265265265,3.0868314707,0.528762798222,0.252752752753,0.579945114934,0.437917739848,2,1.32432432432,0.579945114934,2,0.0121701261701,0.00597269624573,7,0.000900900900901,0.621196581197,37,37,37,1,0,0.72972972973,0.243243243243,0.027027027027,37,0.0810810810811,1.31756756757,5.83783783784,10.8,3.27272727273,4.34941575587,0.745038810033,0.371621621622,5.25134045521,1.79907034114,0.781781781782,1.84659413784,0.632629473149,0.354854854855,0.561027853366,0.425805755375,2,1.32638888889,0.566377727456,2,0,0,0,0,0.196822785876,37,36,36,0.972972972973,0,0.702702702703,0.189189189189,0.0810810810811,37,117,0.0878378378378,1.32808758125,6.32432432432,11.7,3.25,4.75542996101,0.751926959648,0.387156387156,5.42890163596,1.71683214129,0.761838761839,1.57256890882,0.497308116463,0.276276276276,0.591382825656,0.445289026119,2.12658227848,1.33720112518,0.597130753132,2.12658227848,0.013941637261,0.0207509881423,7,0.000900900900901,0.208186422239,37,36,36,0.972972972973,0,0.702702702703,0.27027027027,0,-99,-0.0743243243243,0.00376325692781,-5.35135135135,-9.9,-2.75,-3.44366908859,0.0496893095657,0.0770963270963,-4.90043499304,-0.0525449664576,-0.0034265034265,-1.51426256189,-0.0314546817594,0.0235235235235,0.0114377107216,0.00737128627021,0.126582278481,0.0128768008515,0.0171856381976,0.126582278481,0.00177151109084,0.0147782918966,0,0,-0.413010158957,-0.027027027027,0.027027027027,-0.027027027027,116,1,100,1115,0.537037037037,0.999103942652,0.00089605734767,0.462962962963,0.991452991453,0.537037037037,0.696696696697,0.698163124599,0.536140979689,0.534562211982,9,108,0,0,0,0
2088,WLNM_dir_neg,0.980409807956,0.800925113026,00:00:04,10,50,32,1235135456,threshold_sweep,0.9,0.888888888889,0.0740740740741,0.136752136752,8,1,100,215,0.0740740740741,0.99537037037,0.00462962962963,0.925925925926,0.888888888889,0.0740740740741,0.136752136752,0.688271604938,0.657407407407,0.0900900900901,0.199204768222,0.0694444444444,216,108,108,0,216,0,108,0,108,37,216,0.162162162162,1.32432432432,11.6756756757,21.6,6,8.1990990496,0.702237650082,0.31006006006,10.329336629,1.76937710775,0.765265265265,3.0868314707,0.528762798222,0.252752752753,0.579945114934,0.437917739848,2,1.32432432432,0.579945114934,2,0.0121701261701,0.00597269624573,7,0.000900900900901,0.621196581197,37,37,37,1,0,0.72972972973,0.243243243243,0.027027027027,37,0.0810810810811,1.31756756757,5.83783783784,10.8,3.27272727273,4.34941575587,0.745038810033,0.371621621622,5.25134045521,1.79907034114,0.781781781782,1.84659413784,0.632629473149,0.354854854855,0.561027853366,0.425805755375,2,1.32638888889,0.566377727456,2,0,0,0,0,0.196822785876,37,36,36,0.972972972973,0,0.702702702703,0.189189189189,0.0810810810811,37,117,0.0878378378378,1.32808758125,6.32432432432,11.7,3.25,4.75542996101,0.751926959648,0.387156387156,5.42890163596,1.71683214129,0.761838761839,1.57256890882,0.497308116463,0.276276276276,0.591382825656,0.445289026119,2.12658227848,1.33720112518,0.597130753132,2.12658227848,0.013941637261,0.0207509881423,7,0.000900900900901,0.208186422239,37,36,36,0.972972972973,0,0.702702702703,0.27027027027,0,-99,-0.0743243243243,0.00376325692781,-5.35135135135,-9.9,-2.75,-3.44366908859,0.0496893095657,0.0770963270963,-4.90043499304,-0.0525449664576,-0.0034265034265,-1.51426256189,-0.0314546817594,0.0235235235235,0.0114377107216,0.00737128627021,0.126582278481,0.0128768008515,0.0171856381976,0.126582278481,0.00177151109084,0.0147782918966,0,0,-0.413010158957,-0.027027027027,0.027027027027,-0.027027027027,116,1,100,1115,0.537037037037,0.999103942652,0.00089605734767,0.462962962963,0.991452991453,0.537037037037,0.696696696697,0.698163124599,0.536140979689,0.534562211982,9,108,0,0,0,0
2089,WLNM_dir_neg,0.980624142661,0.809982307058,00:00:02,10,50,33,1235135457,threshold_sweep,0.1,0.8,0.0740740740741,0.135593220339,8,2,100,214,0.0740740740741,0.990740740741,0.00925925925926,0.925925925926,0.8,0.0740740740741,0.135593220339,0.685185185185,0.656378600823,0.0838323353293,0.176664062794,0.0648148148148,216,108,108,0,216,0,108,0,108,37,216,0.162162162162,1.32432432432,11.6756756757,21.6,6,8.1990990496,0.702237650082,0.31006006006,10.329336629,1.76937710775,0.765265265265,3.0868314707,0.528762798222,0.252752752753,0.579945114934,0.437917739848,2,1.32432432432,0.579945114934,2,0.0121701261701,0.00597269624573,7,0.000900900900901,0.621196581197,37,37,37,1,0,0.72972972973,0.243243243243,0.027027027027,37,0.0810810810811,1.32432432432,5.83783783784,10.8,3.17647058824,4.25253854587,0.728444102764,0.368118118118,5.20351578998,1.78268596509,0.776776776777,1.84659413784,0.632629473149,0.352852852853,0.579945114934,0.437917739848,2,1.32432432432,0.579945114934,2,0.00714285714286,0.00353773584906,1,0.0001287001287,0.19688352144,37,37,37,1,0,0.72972972973,0.189189189189,0.0810810810811,37,118,0.0885885885886,1.3862107005,6.37837837838,10.7272727273,3.27777777778,4.80943142488,0.754021028477,0.385478699038,5.39978311209,1.69315233176,0.757214841961,1.57828736008,0.494886714602,0.273934951901,0.657140111649,0.474054998575,2.20816326531,1.3862107005,0.657140111649,2.20816326531,0.0771804805838,0.0542340627973,19,0.0024453024453,0.17275918531,37,37,37,1,0,0.702702702703,0.27027027027,0.027027027027,-98,-0.0735735735736,0.0618863761721,-5.2972972973,-10.8727272727,-2.72222222222,-3.38966762472,0.0517833783952,0.075418638978,-4.92955351691,-0.076224775987,-0.00805042330466,-1.50854411062,-0.0338760836208,0.0211821991483,0.0771949967141,0.0361372587266,0.208163265306,0.0618863761721,0.0771949967141,0.208163265306,0.0650103544137,0.0482613665516,12,0.0015444015444,-0.448437395886,-0.027027027027,0.027027027027,0,116,2,100,1114,0.537037037037,0.998207885305,0.00179211469534,0.462962962963,0.983050847458,0.537037037037,0.694610778443,0.69432240849,0.535244922342,0.532110091743,10,108,0,0,0,0
2090,WLNM_dir_neg,0.980624142661,0.809982307058,00:00:02,10,50,33,1235135457,threshold_sweep,0.2,0.8,0.0740740740741,0.135593220339,8,2,100,214,0.0740740740741,0.990740740741,0.00925925925926,0.925925925926,0.8,0.0740740740741,0.135593220339,0.685185185185,0.656378600823,0.0838323353293,0.176664062794,0.0648148148148,216,108,108,0,216,0,108,0,108,37,216,0.162162162162,1.32432432432,11.6756756757,21.6,6,8.1990990496,0.702237650082,0.31006006006,10.329336629,1.76937710775,0.765265265265,3.0868314707,0.528762798222,0.252752752753,0.579945114934,0.437917739848,2,1.32432432432,0.579945114934,2,0.0121701261701,0.00597269624573,7,0.000900900900901,0.621196581197,37,37,37,1,0,0.72972972973,0.243243243243,0.027027027027,37,0.0810810810811,1.32432432432,5.83783783784,10.8,3.17647058824,4.25253854587,0.728444102764,0.368118118118,5.20351578998,1.78268596509,0.776776776777,1.84659413784,0.632629473149,0.352852852853,0.579945114934,0.437917739848,2,1.32432432432,0.579945114934,2,0.00714285714286,0.00353773584906,1,0.0001287001287,0.19688352144,37,37,37,1,0,0.72972972973,0.189189189189,0.0810810810811,37,118,0.0885885885886,1.3862107005,6.37837837838,10.7272727273,3.27777777778,4.80943142488,0.754021028477,0.385478699038,5.39978311209,1.69315233176,0.757214841961,1.57828736008,0.494886714602,0.273934951901,0.657140111649,0.474054998575,2.20816326531,1.3862107005,0.657140111649,2.20816326531,0.0771804805838,0.0542340627973,19,0.0024453024453,0.17275918531,37,37,37,1,0,0.702702702703,0.27027027027,0.027027027027,-98,-0.0735735735736,0.0618863761721,-5.2972972973,-10.8727272727,-2.72222222222,-3.38966762472,0.0517833783952,0.075418638978,-4.92955351691,-0.076224775987,-0.00805042330466,-1.50854411062,-0.0338760836208,0.0211821991483,0.0771949967141,0.0361372587266,0.208163265306,0.0618863761721,0.0771949967141,0.208163265306,0.0650103544137,0.0482613665516,12,0.0015444015444,-0.448437395886,-0.027027027027,0.027027027027,0,116,2,100,1114,0.537037037037,0.998207885305,0.00179211469534,0.462962962963,0.983050847458,0.537037037037,0.694610778443,0.69432240849,0.535244922342,0.532110091743,10,108,0,0,0,0
2091,WLNM_dir_neg,0.980624142661,0.809982307058,00:00:02,10,50,33,1235135457,threshold_sweep,0.3,0.8,0.0740740740741,0.135593220339,8,2,100,214,0.0740740740741,0.990740740741,0.00925925925926,0.925925925926,0.8,0.0740740740741,0.135593220339,0.685185185185,0.656378600823,0.0838323353293,0.176664062794,0.0648148148148,216,108,108,0,216,0,108,0,108,37,216,0.162162162162,1.32432432432,11.6756756757,21.6,6,8.1990990496,0.702237650082,0.31006006006,10.329336629,1.76937710775,0.765265265265,3.0868314707,0.528762798222,0.252752752753,0.579945114934,0.437917739848,2,1.32432432432,0.579945114934,2,0.0121701261701,0.00597269624573,7,0.000900900900901,0.621196581197,37,37,37,1,0,0.72972972973,0.243243243243,0.027027027027,37,0.0810810810811,1.32432432432,5.83783783784,10.8,3.17647058824,4.25253854587,0.728444102764,0.368118118118,5.20351578998,1.78268596509,0.776776776777,1.84659413784,0.632629473149,0.352852852853,0.579945114934,0.437917739848,2,1.32432432432,0.579945114934,2,0.00714285714286,0.00353773584906,1,0.0001287001287,0.19688352144,37,37,37,1,0,0.72972972973,0.189189189189,0.0810810810811,37,118,0.0885885885886,1.3862107005,6.37837837838,10.7272727273,3.27777777778,4.80943142488,0.754021028477,0.385478699038,5.39978311209,1.69315233176,0.757214841961,1.57828736008,0.494886714602,0.273934951901,0.657140111649,0.474054998575,2.20816326531,1.3862107005,0.657140111649,2.20816326531,0.0771804805838,0.0542340627973,19,0.0024453024453,0.17275918531,37,37,37,1,0,0.702702702703,0.27027027027,0.027027027027,-98,-0.0735735735736,0.0618863761721,-5.2972972973,-10.8727272727,-2.72222222222,-3.38966762472,0.0517833783952,0.075418638978,-4.92955351691,-0.076224775987,-0.00805042330466,-1.50854411062,-0.0338760836208,0.0211821991483,0.0771949967141,0.0361372587266,0.208163265306,0.0618863761721,0.0771949967141,0.208163265306,0.0650103544137,0.0482613665516,12,0.0015444015444,-0.448437395886,-0.027027027027,0.027027027027,0,116,2,100,1114,0.537037037037,0.998207885305,0.00179211469534,0.462962962963,0.983050847458,0.537037037037,0.694610778443,0.69432240849,0.535244922342,0.532110091743,10,108,0,0,0,0
2092,WLNM_dir_neg,0.980624142661,0.809982307058,00:00:02,10,50,33,1235135457,threshold_sweep,0.4,0.857142857143,0.0555555555556,0.104347826087,6,1,102,215,0.0555555555556,0.99537037037,0.00462962962963,0.944444444444,0.857142857143,0.0555555555556,0.104347826087,0.682098765432,0.659465020576,0.0664652567976,0.16511975525,0.0509259259259,216,108,108,0,216,0,108,0,108,37,216,0.162162162162,1.32432432432,11.6756756757,21.6,6,8.1990990496,0.702237650082,0.31006006006,10.329336629,1.76937710775,0.765265265265,3.0868314707,0.528762798222,0.252752752753,0.579945114934,0.437917739848,2,1.32432432432,0.579945114934,2,0.0121701261701,0.00597269624573,7,0.000900900900901,0.621196581197,37,37,37,1,0,0.72972972973,0.243243243243,0.027027027027,37,0.0810810810811,1.32432432432,5.83783783784,10.8,3.17647058824,4.25253854587,0.728444102764,0.368118118118,5.20351578998,1.78268596509,0.776776776777,1.84659413784,0.632629473149,0.352852852853,0.579945114934,0.437917739848,2,1.32432432432,0.579945114934,2,0.00714285714286,0.00353773584906,1,0.0001287001287,0.19688352144,37,37,37,1,0,0.72972972973,0.189189189189,0.0810810810811,37,115,0.0863363363363,1.38513513514,6.21621621622,10.4545454545,3.19444444444,4.56517697804,0.734398035598,0.375793184489,5.28511423078,1.70042805686,0.760047003525,1.64627160888,0.529669995901,0.294712103408,0.657738641194,0.474855214131,2.25,1.38513513514,0.657738641194,2.25,0.0416881297974,0.0184615384615,6,0.000772200772201,0.170177426633,37,37,37,1,0,0.702702702703,0.27027027027,0.027027027027,-101,-0.0758258258258,0.0608108108108,-5.45945945946,-11.1454545455,-2.80555555556,-3.63392207156,0.0321603855161,0.0657331244288,-5.04422239822,-0.0689490508845,-0.00521826174,-1.44055986182,0.000907197678653,0.041959350655,0.0777935262598,0.0369374742821,0.25,0.0608108108108,0.0777935262598,0.25,0.0295180036272,0.0124888422158,-1,-0.0001287001287,-0.451019154564,-0.027027027027,0.027027027027,0,114,1,102,1115,0.527777777778,0.999103942652,0.00089605734767,0.472222222222,0.991304347826,0.527777777778,0.688821752266,0.691477248276,0.52688172043,0.52534562212,7,108,0,0,0,0
2093,WLNM_dir_neg,0.980624142661,0.809982307058,00:00:02,10,50,33,1235135457,threshold_sweep,0.5,0.857142857143,0.0555555555556,0.104347826087,6,1,102,215,0.0555555555556,0.99537037037,0.00462962962963,0.944444444444,0.857142857143,0.0555555555556,0.104347826087,0.682098765432,0.659465020576,0.0664652567976,0.16511975525,0.0509259259259,216,108,108,0,216,0,108,0,108,37,216,0.162162162162,1.32432432432,11.6756756757,21.6,6,8.1990990496,0.702237650082,0.31006006006,10.329336629,1.76937710775,0.765265265265,3.0868314707,0.528762798222,0.252752752753,0.579945114934,0.437917739848,2,1.32432432432,0.579945114934,2,0.0121701261701,0.00597269624573,7,0.000900900900901,0.621196581197,37,37,37,1,0,0.72972972973,0.243243243243,0.027027027027,37,0.0810810810811,1.32432432432,5.83783783784,10.8,3.17647058824,4.25253854587,0.728444102764,0.368118118118,5.20351578998,1.78268596509,0.776776776777,1.84659413784,0.632629473149,0.352852852853,0.579945114934,0.437917739848,2,1.32432432432,0.579945114934,2,0.00714285714286,0.00353773584906,1,0.0001287001287,0.19688352144,37,37,37,1,0,0.72972972973,0.189189189189,0.0810810810811,37,115,0.0863363363363,1.38513513514,6.21621621622,10.4545454545,3.19444444444,4.56517697804,0.734398035598,0.375793184489,5.28511423078,1.70042805686,0.760047003525,1.64627160888,0.529669995901,0.294712103408,0.657738641194,0.474855214131,2.25,1.38513513514,0.657738641194,2.25,0.0416881297974,0.0184615384615,6,0.000772200772201,0.170177426633,37,37,37,1,0,0.702702702703,0.27027027027,0.027027027027,-101,-0.0758258258258,0.0608108108108,-5.45945945946,-11.1454545455,-2.80555555556,-3.63392207156,0.0321603855161,0.0657331244288,-5.04422239822,-0.0689490508845,-0.00521826174,-1.44055986182,0.000907197678653,0.041959350655,0.0777935262598,0.0369374742821,0.25,0.0608108108108,0.0777935262598,0.25,0.0295180036272,0.0124888422158,-1,-0.0001287001287,-0.451019154564,-0.027027027027,0.027027027027,0,114,1,102,1115,0.527777777778,0.999103942652,0.00089605734767,0.472222222222,0.991304347826,0.527777777778,0.688821752266,0.691477248276,0.52688172043,0.52534562212,7,108,0,0,0,0
2094,WLNM_dir_neg,0.980624142661,0.809982307058,00:00:02,10,50,33,1235135457,threshold_sweep,0.6,0.857142857143,0.0555555555556,0.104347826087,6,1,102,215,0.0555555555556,0.99537037037,0.00462962962963,0.944444444444,0.857142857143,0.0555555555556,0.104347826087,0.682098765432,0.659465020576,0.0664652567976,0.16511975525,0.0509259259259,216,108,108,0,216,0,108,0,108,37,216,0.162162162162,1.32432432432,11.6756756757,21.6,6,8.1990990496,0.702237650082,0.31006006006,10.329336629,1.76937710775,0.765265265265,3.0868314707,0.528762798222,0.252752752753,0.579945114934,0.437917739848,2,1.32432432432,0.579945114934,2,0.0121701261701,0.00597269624573,7,0.000900900900901,0.621196581197,37,37,37,1,0,0.72972972973,0.243243243243,0.027027027027,37,0.0810810810811,1.32432432432,5.83783783784,10.8,3.17647058824,4.25253854587,0.728444102764,0.368118118118,5.20351578998,1.78268596509,0.776776776777,1.84659413784,0.632629473149,0.352852852853,0.579945114934,0.437917739848,2,1.32432432432,0.579945114934,2,0.00714285714286,0.00353773584906,1,0.0001287001287,0.19688352144,37,37,37,1,0,0.72972972973,0.189189189189,0.0810810810811,37,115,0.0863363363363,1.38513513514,6.21621621622,10.4545454545,3.19444444444,4.56517697804,0.734398035598,0.375793184489,5.28511423078,1.70042805686,0.760047003525,1.64627160888,0.529669995901,0.294712103408,0.657738641194,0.474855214131,2.25,1.38513513514,0.657738641194,2.25,0.0416881297974,0.0184615384615,6,0.000772200772201,0.170177426633,37,37,37,1,0,0.702702702703,0.27027027027,0.027027027027,-101,-0.0758258258258,0.0608108108108,-5.45945945946,-11.1454545455,-2.80555555556,-3.63392207156,0.0321603855161,0.0657331244288,-5.04422239822,-0.0689490508845,-0.00521826174,-1.44055986182,0.000907197678653,0.041959350655,0.0777935262598,0.0369374742821,0.25,0.0608108108108,0.0777935262598,0.25,0.0295180036272,0.0124888422158,-1,-0.0001287001287,-0.451019154564,-0.027027027027,0.027027027027,0,114,1,102,1115,0.527777777778,0.999103942652,0.00089605734767,0.472222222222,0.991304347826,0.527777777778,0.688821752266,0.691477248276,0.52688172043,0.52534562212,7,108,0,0,0,0
2095,WLNM_dir_neg,0.980624142661,0.809982307058,00:00:02,10,50,33,1235135457,threshold_sweep,0.7,0.857142857143,0.0555555555556,0.104347826087,6,1,102,215,0.0555555555556,0.99537037037,0.00462962962963,0.944444444444,0.857142857143,0.0555555555556,0.104347826087,0.682098765432,0.659465020576,0.0664652567976,0.16511975525,0.0509259259259,216,108,108,0,216,0,108,0,108,37,216,0.162162162162,1.32432432432,11.6756756757,21.6,6,8.1990990496,0.702237650082,0.31006006006,10.329336629,1.76937710775,0.765265265265,3.0868314707,0.528762798222,0.252752752753,0.579945114934,0.437917739848,2,1.32432432432,0.579945114934,2,0.0121701261701,0.00597269624573,7,0.000900900900901,0.621196581197,37,37,37,1,0,0.72972972973,0.243243243243,0.027027027027,37,0.0810810810811,1.32432432432,5.83783783784,10.8,3.17647058824,4.25253854587,0.728444102764,0.368118118118,5.20351578998,1.78268596509,0.776776776777,1.84659413784,0.632629473149,0.352852852853,0.579945114934,0.437917739848,2,1.32432432432,0.579945114934,2,0.00714285714286,0.00353773584906,1,0.0001287001287,0.19688352144,37,37,37,1,0,0.72972972973,0.189189189189,0.0810810810811,37,115,0.0863363363363,1.38513513514,6.21621621622,10.4545454545,3.19444444444,4.56517697804,0.734398035598,0.375793184489,5.28511423078,1.70042805686,0.760047003525,1.64627160888,0.529669995901,0.294712103408,0.657738641194,0.474855214131,2.25,1.38513513514,0.657738641194,2.25,0.0416881297974,0.0184615384615,6,0.000772200772201,0.170177426633,37,37,37,1,0,0.702702702703,0.27027027027,0.027027027027,-101,-0.0758258258258,0.0608108108108,-5.45945945946,-11.1454545455,-2.80555555556,-3.63392207156,0.0321603855161,0.0657331244288,-5.04422239822,-0.0689490508845,-0.00521826174,-1.44055986182,0.000907197678653,0.041959350655,0.0777935262598,0.0369374742821,0.25,0.0608108108108,0.0777935262598,0.25,0.0295180036272,0.0124888422158,-1,-0.0001287001287,-0.451019154564,-0.027027027027,0.027027027027,0,114,1,102,1115,0.527777777778,0.999103942652,0.00089605734767,0.472222222222,0.991304347826,0.527777777778,0.688821752266,0.691477248276,0.52688172043,0.52534562212,7,108,0,0,0,0
2096,WLNM_dir_neg,0.980624142661,0.809982307058,00:00:02,10,50,33,1235135457,threshold_sweep,0.8,0.857142857143,0.0555555555556,0.104347826087,6,1,102,215,0.0555555555556,0.99537037037,0.00462962962963,0.944444444444,0.857142857143,0.0555555555556,0.104347826087,0.682098765432,0.659465020576,0.0664652567976,0.16511975525,0.0509259259259,216,108,108,0,216,0,108,0,108,37,216,0.162162162162,1.32432432432,11.6756756757,21.6,6,8.1990990496,0.702237650082,0.31006006006,10.329336629,1.76937710775,0.765265265265,3.0868314707,0.528762798222,0.252752752753,0.579945114934,0.437917739848,2,1.32432432432,0.579945114934,2,0.0121701261701,0.00597269624573,7,0.000900900900901,0.621196581197,37,37,37,1,0,0.72972972973,0.243243243243,0.027027027027,37,0.0810810810811,1.32432432432,5.83783783784,10.8,3.17647058824,4.25253854587,0.728444102764,0.368118118118,5.20351578998,1.78268596509,0.776776776777,1.84659413784,0.632629473149,0.352852852853,0.579945114934,0.437917739848,2,1.32432432432,0.579945114934,2,0.00714285714286,0.00353773584906,1,0.0001287001287,0.19688352144,37,37,37,1,0,0.72972972973,0.189189189189,0.0810810810811,37,115,0.0863363363363,1.38513513514,6.21621621622,10.4545454545,3.19444444444,4.56517697804,0.734398035598,0.375793184489,5.28511423078,1.70042805686,0.760047003525,1.64627160888,0.529669995901,0.294712103408,0.657738641194,0.474855214131,2.25,1.38513513514,0.657738641194,2.25,0.0416881297974,0.0184615384615,6,0.000772200772201,0.170177426633,37,37,37,1,0,0.702702702703,0.27027027027,0.027027027027,-101,-0.0758258258258,0.0608108108108,-5.45945945946,-11.1454545455,-2.80555555556,-3.63392207156,0.0321603855161,0.0657331244288,-5.04422239822,-0.0689490508845,-0.00521826174,-1.44055986182,0.000907197678653,0.041959350655,0.0777935262598,0.0369374742821,0.25,0.0608108108108,0.0777935262598,0.25,0.0295180036272,0.0124888422158,-1,-0.0001287001287,-0.451019154564,-0.027027027027,0.027027027027,0,114,1,102,1115,0.527777777778,0.999103942652,0.00089605734767,0.472222222222,0.991304347826,0.527777777778,0.688821752266,0.691477248276,0.52688172043,0.52534562212,7,108,0,0,0,0
2097,WLNM_dir_neg,0.980624142661,0.809982307058,00:00:02,10,50,33,1235135457,threshold_sweep,0.9,0.857142857143,0.0555555555556,0.104347826087,6,1,102,215,0.0555555555556,0.99537037037,0.00462962962963,0.944444444444,0.857142857143,0.0555555555556,0.104347826087,0.682098765432,0.659465020576,0.0664652567976,0.16511975525,0.0509259259259,216,108,108,0,216,0,108,0,108,37,216,0.162162162162,1.32432432432,11.6756756757,21.6,6,8.1990990496,0.702237650082,0.31006006006,10.329336629,1.76937710775,0.765265265265,3.0868314707,0.528762798222,0.252752752753,0.579945114934,0.437917739848,2,1.32432432432,0.579945114934,2,0.0121701261701,0.00597269624573,7,0.000900900900901,0.621196581197,37,37,37,1,0,0.72972972973,0.243243243243,0.027027027027,37,0.0810810810811,1.32432432432,5.83783783784,10.8,3.17647058824,4.25253854587,0.728444102764,0.368118118118,5.20351578998,1.78268596509,0.776776776777,1.84659413784,0.632629473149,0.352852852853,0.579945114934,0.437917739848,2,1.32432432432,0.579945114934,2,0.00714285714286,0.00353773584906,1,0.0001287001287,0.19688352144,37,37,37,1,0,0.72972972973,0.189189189189,0.0810810810811,37,115,0.0863363363363,1.38513513514,6.21621621622,10.4545454545,3.19444444444,4.56517697804,0.734398035598,0.375793184489,5.28511423078,1.70042805686,0.760047003525,1.64627160888,0.529669995901,0.294712103408,0.657738641194,0.474855214131,2.25,1.38513513514,0.657738641194,2.25,0.0416881297974,0.0184615384615,6,0.000772200772201,0.170177426633,37,37,37,1,0,0.702702702703,0.27027027027,0.027027027027,-101,-0.0758258258258,0.0608108108108,-5.45945945946,-11.1454545455,-2.80555555556,-3.63392207156,0.0321603855161,0.0657331244288,-5.04422239822,-0.0689490508845,-0.00521826174,-1.44055986182,0.000907197678653,0.041959350655,0.0777935262598,0.0369374742821,0.25,0.0608108108108,0.0777935262598,0.25,0.0295180036272,0.0124888422158,-1,-0.0001287001287,-0.451019154564,-0.027027027027,0.027027027027,0,114,1,102,1115,0.527777777778,0.999103942652,0.00089605734767,0.472222222222,0.991304347826,0.527777777778,0.688821752266,0.691477248276,0.52688172043,0.52534562212,7,108,0,0,0,0
2098,WLNM_dir_neg,0.991855281207,0.937996031746,00:00:04,10,50,34,1235135458,threshold_sweep,0.1,1,0.0462962962963,0.0884955752212,5,0,103,216,0.0462962962963,1,0,0.953703703704,1,0.0462962962963,0.0884955752212,0.682098765432,0.661522633745,0.0607902735562,0.177053557949,0.0462962962963,216,108,108,0,216,0,108,0,108,37,216,0.162162162162,1.32432432432,11.6756756757,21.6,6,8.1990990496,0.702237650082,0.31006006006,10.329336629,1.76937710775,0.765265265265,3.0868314707,0.528762798222,0.252752752753,0.579945114934,0.437917739848,2,1.32432432432,0.579945114934,2,0.0121701261701,0.00597269624573,7,0.000900900900901,0.621196581197,37,37,37,1,0,0.72972972973,0.243243243243,0.027027027027,37,0.0810810810811,1.33333333333,5.83783783784,10.8,3.72413793103,4.31736489535,0.739548616334,0.377377377377,5.47407211,1.8753765562,0.791791791792,2.11316479846,0.723954606881,0.402902902903,0.60858061945,0.456435464588,2.33333333333,1.34259259259,0.614564556704,2.33333333333,0.0385281385281,0.0034965034965,1,0.0001287001287,0.217825084953,37,36,36,0.972972972973,0,0.702702702703,0.0810810810811,0.189189189189,37,113,0.0848348348348,1.33333333333,6.10810810811,11.3,3.32352941176,4.53249859829,0.742046230694,0.378139201148,5.48708557507,1.79665633874,0.779717770868,1.94287796188,0.63616358044,0.353982300885,0.60858061945,0.456435464588,2.33333333333,1.34259259259,0.614564556704,2.33333333333,0.0113172541744,0.00316789862724,1,0.0001287001287,0.213195455323,37,36,36,0.972972972973,0,0.702702702703,0.216216216216,0.0540540540541,-103,-0.0773273273273,0.00900900900901,-5.56756756757,-10.3,-2.67647058824,-3.66660045131,0.0398085806124,0.068079141088,-4.84225105393,0.0272792309934,0.0144525056029,-1.14395350882,0.107400782217,0.101229548132,0.0286355045157,0.0185177247392,0.333333333333,0.0182682682683,0.0346194417691,0.333333333333,-0.000852871995729,-0.00280479761849,-6,-0.000772200772201,-0.408001125873,-0.027027027027,-0.027027027027,0.027027027027,113,0,103,1116,0.523148148148,1,0,0.476851851852,1,0.523148148148,0.686930091185,0.692058155085,0.523148148148,0.523148148148,5,108,0,0,0,0
2099,WLNM_dir_neg,0.991855281207,0.937996031746,00:00:04,10,50,34,1235135458,threshold_sweep,0.2,0,0,0,0,0,108,216,0,1,0,1,0,0,0,0.666666666667,0.666666666667,0,0,0,216,108,108,0,216,0,108,0,108,37,216,0.162162162162,1.32432432432,11.6756756757,21.6,6,8.1990990496,0.702237650082,0.31006006006,10.329336629,1.76937710775,0.765265265265,3.0868314707,0.528762798222,0.252752752753,0.579945114934,0.437917739848,2,1.32432432432,0.579945114934,2,0.0121701261701,0.00597269624573,7,0.000900900900901,0.621196581197,37,37,37,1,0,0.72972972973,0.243243243243,0.027027027027,37,0.0810810810811,1.33333333333,5.83783783784,10.8,3.72413793103,4.31736489535,0.739548616334,0.377377377377,5.47407211,1.8753765562,0.791791791792,2.11316479846,0.723954606881,0.402902902903,0.60858061945,0.456435464588,2.33333333333,1.34259259259,0.614564556704,2.33333333333,0.0385281385281,0.0034965034965,1,0.0001287001287,0.217825084953,37,36,36,0.972972972973,0,0.702702702703,0.0810810810811,0.189189189189,37,108,0.0810810810811,1.33333333333,5.83783783784,10.8,3.72413793103,4.31736489535,0.739548616334,0.377377377377,5.47407211,1.8753765562,0.791791791792,2.11316479846,0.723954606881,0.402902902903,0.60858061945,0.456435464588,2.33333333333,1.34259259259,0.614564556704,2.33333333333,0.0385281385281,0.0034965034965,1,0.0001287001287,0.217825084953,37,36,36,0.972972972973,0,0.702702702703,0.0810810810811,0.189189189189,-108,-0.0810810810811,0.00900900900901,-5.83783783784,-10.8,-2.27586206897,-3.88173415425,0.037310966252,0.0673173173173,-4.855264519,0.105999448458,0.0265265265265,-0.97366667224,0.195191808659,0.15015015015,0.0286355045157,0.0185177247392,0.333333333333,0.0182682682683,0.0346194417691,0.333333333333,0.026358012358,-0.00247619274923,-6,-0.000772200772201,-0.403371496243,-0.027027027027,-0.162162162162,0.162162162162,108,0,108,1116,0.5,1,0,0.5,1,0.5,0.666666666667,0.675190604897,0.5,0.5,0,108,0,0,0,0
2100,WLNM_dir_neg,0.991855281207,0.937996031746,00:00:04,10,50,34,1235135458,threshold_sweep,0.3,0,0,0,0,0,108,216,0,1,0,1,0,0,0,0.666666666667,0.666666666667,0,0,0,216,108,108,0,216,0,108,0,108,37,216,0.162162162162,1.32432432432,11.6756756757,21.6,6,8.1990990496,0.702237650082,0.31006006006,10.329336629,1.76937710775,0.765265265265,3.0868314707,0.528762798222,0.252752752753,0.579945114934,0.437917739848,2,1.32432432432,0.579945114934,2,0.0121701261701,0.00597269624573,7,0.000900900900901,0.621196581197,37,37,37,1,0,0.72972972973,0.243243243243,0.027027027027,37,0.0810810810811,1.33333333333,5.83783783784,10.8,3.72413793103,4.31736489535,0.739548616334,0.377377377377,5.47407211,1.8753765562,0.791791791792,2.11316479846,0.723954606881,0.402902902903,0.60858061945,0.456435464588,2.33333333333,1.34259259259,0.614564556704,2.33333333333,0.0385281385281,0.0034965034965,1,0.0001287001287,0.217825084953,37,36,36,0.972972972973,0,0.702702702703,0.0810810810811,0.189189189189,37,108,0.0810810810811,1.33333333333,5.83783783784,10.8,3.72413793103,4.31736489535,0.739548616334,0.377377377377,5.47407211,1.8753765562,0.791791791792,2.11316479846,0.723954606881,0.402902902903,0.60858061945,0.456435464588,2.33333333333,1.34259259259,0.614564556704,2.33333333333,0.0385281385281,0.0034965034965,1,0.0001287001287,0.217825084953,37,36,36,0.972972972973,0,0.702702702703,0.0810810810811,0.189189189189,-108,-0.0810810810811,0.00900900900901,-5.83783783784,-10.8,-2.27586206897,-3.88173415425,0.037310966252,0.0673173173173,-4.855264519,0.105999448458,0.0265265265265,-0.97366667224,0.195191808659,0.15015015015,0.0286355045157,0.0185177247392,0.333333333333,0.0182682682683,0.0346194417691,0.333333333333,0.026358012358,-0.00247619274923,-6,-0.000772200772201,-0.403371496243,-0.027027027027,-0.162162162162,0.162162162162,108,0,108,1116,0.5,1,0,0.5,1,0.5,0.666666666667,0.675190604897,0.5,0.5,0,108,0,0,0,0
2101,WLNM_dir_neg,0.991855281207,0.937996031746,00:00:04,10,50,34,1235135458,threshold_sweep,0.4,0,0,0,0,0,108,216,0,1,0,1,0,0,0,0.666666666667,0.666666666667,0,0,0,216,108,108,0,216,0,108,0,108,37,216,0.162162162162,1.32432432432,11.6756756757,21.6,6,8.1990990496,0.702237650082,0.31006006006,10.329336629,1.76937710775,0.765265265265,3.0868314707,0.528762798222,0.252752752753,0.579945114934,0.437917739848,2,1.32432432432,0.579945114934,2,0.0121701261701,0.00597269624573,7,0.000900900900901,0.621196581197,37,37,37,1,0,0.72972972973,0.243243243243,0.027027027027,37,0.0810810810811,1.33333333333,5.83783783784,10.8,3.72413793103,4.31736489535,0.739548616334,0.377377377377,5.47407211,1.8753765562,0.791791791792,2.11316479846,0.723954606881,0.402902902903,0.60858061945,0.456435464588,2.33333333333,1.34259259259,0.614564556704,2.33333333333,0.0385281385281,0.0034965034965,1,0.0001287001287,0.217825084953,37,36,36,0.972972972973,0,0.702702702703,0.0810810810811,0.189189189189,37,108,0.0810810810811,1.33333333333,5.83783783784,10.8,3.72413793103,4.31736489535,0.739548616334,0.377377377377,5.47407211,1.8753765562,0.791791791792,2.11316479846,0.723954606881,0.402902902903,0.60858061945,0.456435464588,2.33333333333,1.34259259259,0.614564556704,2.33333333333,0.0385281385281,0.0034965034965,1,0.0001287001287,0.217825084953,37,36,36,0.972972972973,0,0.702702702703,0.0810810810811,0.189189189189,-108,-0.0810810810811,0.00900900900901,-5.83783783784,-10.8,-2.27586206897,-3.88173415425,0.037310966252,0.0673173173173,-4.855264519,0.105999448458,0.0265265265265,-0.97366667224,0.195191808659,0.15015015015,0.0286355045157,0.0185177247392,0.333333333333,0.0182682682683,0.0346194417691,0.333333333333,0.026358012358,-0.00247619274923,-6,-0.000772200772201,-0.403371496243,-0.027027027027,-0.162162162162,0.162162162162,108,0,108,1116,0.5,1,0,0.5,1,0.5,0.666666666667,0.675190604897,0.5,0.5,0,108,0,0,0,0
2102,WLNM_dir_neg,0.991855281207,0.937996031746,00:00:04,10,50,34,1235135458,threshold_sweep,0.5,0,0,0,0,0,108,216,0,1,0,1,0,0,0,0.666666666667,0.666666666667,0,0,0,216,108,108,0,216,0,108,0,108,37,216,0.162162162162,1.32432432432,11.6756756757,21.6,6,8.1990990496,0.702237650082,0.31006006006,10.329336629,1.76937710775,0.765265265265,3.0868314707,0.528762798222,0.252752752753,0.579945114934,0.437917739848,2,1.32432432432,0.579945114934,2,0.0121701261701,0.00597269624573,7,0.000900900900901,0.621196581197,37,37,37,1,0,0.72972972973,0.243243243243,0.027027027027,37,0.0810810810811,1.33333333333,5.83783783784,10.8,3.72413793103,4.31736489535,0.739548616334,0.377377377377,5.47407211,1.8753765562,0.791791791792,2.11316479846,0.723954606881,0.402902902903,0.60858061945,0.456435464588,2.33333333333,1.34259259259,0.614564556704,2.33333333333,0.0385281385281,0.0034965034965,1,0.0001287001287,0.217825084953,37,36,36,0.972972972973,0,0.702702702703,0.0810810810811,0.189189189189,37,108,0.0810810810811,1.33333333333,5.83783783784,10.8,3.72413793103,4.31736489535,0.739548616334,0.377377377377,5.47407211,1.8753765562,0.791791791792,2.11316479846,0.723954606881,0.402902902903,0.60858061945,0.456435464588,2.33333333333,1.34259259259,0.614564556704,2.33333333333,0.0385281385281,0.0034965034965,1,0.0001287001287,0.217825084953,37,36,36,0.972972972973,0,0.702702702703,0.0810810810811,0.189189189189,-108,-0.0810810810811,0.00900900900901,-5.83783783784,-10.8,-2.27586206897,-3.88173415425,0.037310966252,0.0673173173173,-4.855264519,0.105999448458,0.0265265265265,-0.97366667224,0.195191808659,0.15015015015,0.0286355045157,0.0185177247392,0.333333333333,0.0182682682683,0.0346194417691,0.333333333333,0.026358012358,-0.00247619274923,-6,-0.000772200772201,-0.403371496243,-0.027027027027,-0.162162162162,0.162162162162,108,0,108,1116,0.5,1,0,0.5,1,0.5,0.666666666667,0.675190604897,0.5,0.5,0,108,0,0,0,0
2103,WLNM_dir_neg,0.991855281207,0.937996031746,00:00:04,10,50,34,1235135458,threshold_sweep,0.6,0,0,0,0,0,108,216,0,1,0,1,0,0,0,0.666666666667,0.666666666667,0,0,0,216,108,108,0,216,0,108,0,108,37,216,0.162162162162,1.32432432432,11.6756756757,21.6,6,8.1990990496,0.702237650082,0.31006006006,10.329336629,1.76937710775,0.765265265265,3.0868314707,0.528762798222,0.252752752753,0.579945114934,0.437917739848,2,1.32432432432,0.579945114934,2,0.0121701261701,0.00597269624573,7,0.000900900900901,0.621196581197,37,37,37,1,0,0.72972972973,0.243243243243,0.027027027027,37,0.0810810810811,1.33333333333,5.83783783784,10.8,3.72413793103,4.31736489535,0.739548616334,0.377377377377,5.47407211,1.8753765562,0.791791791792,2.11316479846,0.723954606881,0.402902902903,0.60858061945,0.456435464588,2.33333333333,1.34259259259,0.614564556704,2.33333333333,0.0385281385281,0.0034965034965,1,0.0001287001287,0.217825084953,37,36,36,0.972972972973,0,0.702702702703,0.0810810810811,0.189189189189,37,108,0.0810810810811,1.33333333333,5.83783783784,10.8,3.72413793103,4.31736489535,0.739548616334,0.377377377377,5.47407211,1.8753765562,0.791791791792,2.11316479846,0.723954606881,0.402902902903,0.60858061945,0.456435464588,2.33333333333,1.34259259259,0.614564556704,2.33333333333,0.0385281385281,0.0034965034965,1,0.0001287001287,0.217825084953,37,36,36,0.972972972973,0,0.702702702703,0.0810810810811,0.189189189189,-108,-0.0810810810811,0.00900900900901,-5.83783783784,-10.8,-2.27586206897,-3.88173415425,0.037310966252,0.0673173173173,-4.855264519,0.105999448458,0.0265265265265,-0.97366667224,0.195191808659,0.15015015015,0.0286355045157,0.0185177247392,0.333333333333,0.0182682682683,0.0346194417691,0.333333333333,0.026358012358,-0.00247619274923,-6,-0.000772200772201,-0.403371496243,-0.027027027027,-0.162162162162,0.162162162162,108,0,108,1116,0.5,1,0,0.5,1,0.5,0.666666666667,0.675190604897,0.5,0.5,0,108,0,0,0,0
2104,WLNM_dir_neg,0.991855281207,0.937996031746,00:00:04,10,50,34,1235135458,threshold_sweep,0.7,0,0,0,0,0,108,216,0,1,0,1,0,0,0,0.666666666667,0.666666666667,0,0,0,216,108,108,0,216,0,108,0,108,37,216,0.162162162162,1.32432432432,11.6756756757,21.6,6,8.1990990496,0.702237650082,0.31006006006,10.329336629,1.76937710775,0.765265265265,3.0868314707,0.528762798222,0.252752752753,0.579945114934,0.437917739848,2,1.32432432432,0.579945114934,2,0.0121701261701,0.00597269624573,7,0.000900900900901,0.621196581197,37,37,37,1,0,0.72972972973,0.243243243243,0.027027027027,37,0.0810810810811,1.33333333333,5.83783783784,10.8,3.72413793103,4.31736489535,0.739548616334,0.377377377377,5.47407211,1.8753765562,0.791791791792,2.11316479846,0.723954606881,0.402902902903,0.60858061945,0.456435464588,2.33333333333,1.34259259259,0.614564556704,2.33333333333,0.0385281385281,0.0034965034965,1,0.0001287001287,0.217825084953,37,36,36,0.972972972973,0,0.702702702703,0.0810810810811,0.189189189189,37,108,0.0810810810811,1.33333333333,5.83783783784,10.8,3.72413793103,4.31736489535,0.739548616334,0.377377377377,5.47407211,1.8753765562,0.791791791792,2.11316479846,0.723954606881,0.402902902903,0.60858061945,0.456435464588,2.33333333333,1.34259259259,0.614564556704,2.33333333333,0.0385281385281,0.0034965034965,1,0.0001287001287,0.217825084953,37,36,36,0.972972972973,0,0.702702702703,0.0810810810811,0.189189189189,-108,-0.0810810810811,0.00900900900901,-5.83783783784,-10.8,-2.27586206897,-3.88173415425,0.037310966252,0.0673173173173,-4.855264519,0.105999448458,0.0265265265265,-0.97366667224,0.195191808659,0.15015015015,0.0286355045157,0.0185177247392,0.333333333333,0.0182682682683,0.0346194417691,0.333333333333,0.026358012358,-0.00247619274923,-6,-0.000772200772201,-0.403371496243,-0.027027027027,-0.162162162162,0.162162162162,108,0,108,1116,0.5,1,0,0.5,1,0.5,0.666666666667,0.675190604897,0.5,0.5,0,108,0,0,0,0
2105,WLNM_dir_neg,0.991855281207,0.937996031746,00:00:04,10,50,34,1235135458,threshold_sweep,0.8,0,0,0,0,0,108,216,0,1,0,1,0,0,0,0.666666666667,0.666666666667,0,0,0,216,108,108,0,216,0,108,0,108,37,216,0.162162162162,1.32432432432,11.6756756757,21.6,6,8.1990990496,0.702237650082,0.31006006006,10.329336629,1.76937710775,0.765265265265,3.0868314707,0.528762798222,0.252752752753,0.579945114934,0.437917739848,2,1.32432432432,0.579945114934,2,0.0121701261701,0.00597269624573,7,0.000900900900901,0.621196581197,37,37,37,1,0,0.72972972973,0.243243243243,0.027027027027,37,0.0810810810811,1.33333333333,5.83783783784,10.8,3.72413793103,4.31736489535,0.739548616334,0.377377377377,5.47407211,1.8753765562,0.791791791792,2.11316479846,0.723954606881,0.402902902903,0.60858061945,0.456435464588,2.33333333333,1.34259259259,0.614564556704,2.33333333333,0.0385281385281,0.0034965034965,1,0.0001287001287,0.217825084953,37,36,36,0.972972972973,0,0.702702702703,0.0810810810811,0.189189189189,37,108,0.0810810810811,1.33333333333,5.83783783784,10.8,3.72413793103,4.31736489535,0.739548616334,0.377377377377,5.47407211,1.8753765562,0.791791791792,2.11316479846,0.723954606881,0.402902902903,0.60858061945,0.456435464588,2.33333333333,1.34259259259,0.614564556704,2.33333333333,0.0385281385281,0.0034965034965,1,0.0001287001287,0.217825084953,37,36,36,0.972972972973,0,0.702702702703,0.0810810810811,0.189189189189,-108,-0.0810810810811,0.00900900900901,-5.83783783784,-10.8,-2.27586206897,-3.88173415425,0.037310966252,0.0673173173173,-4.855264519,0.105999448458,0.0265265265265,-0.97366667224,0.195191808659,0.15015015015,0.0286355045157,0.0185177247392,0.333333333333,0.0182682682683,0.0346194417691,0.333333333333,0.026358012358,-0.00247619274923,-6,-0.000772200772201,-0.403371496243,-0.027027027027,-0.162162162162,0.162162162162,108,0,108,1116,0.5,1,0,0.5,1,0.5,0.666666666667,0.675190604897,0.5,0.5,0,108,0,0,0,0
2106,WLNM_dir_neg,0.991855281207,0.937996031746,00:00:04,10,50,34,1235135458,threshold_sweep,0.9,0,0,0,0,0,108,216,0,1,0,1,0,0,0,0.666666666667,0.666666666667,0,0,0,216,108,108,0,216,0,108,0,108,37,216,0.162162162162,1.32432432432,11.6756756757,21.6,6,8.1990990496,0.702237650082,0.31006006006,10.329336629,1.76937710775,0.765265265265,3.0868314707,0.528762798222,0.252752752753,0.579945114934,0.437917739848,2,1.32432432432,0.579945114934,2,0.0121701261701,0.00597269624573,7,0.000900900900901,0.621196581197,37,37,37,1,0,0.72972972973,0.243243243243,0.027027027027,37,0.0810810810811,1.33333333333,5.83783783784,10.8,3.72413793103,4.31736489535,0.739548616334,0.377377377377,5.47407211,1.8753765562,0.791791791792,2.11316479846,0.723954606881,0.402902902903,0.60858061945,0.456435464588,2.33333333333,1.34259259259,0.614564556704,2.33333333333,0.0385281385281,0.0034965034965,1,0.0001287001287,0.217825084953,37,36,36,0.972972972973,0,0.702702702703,0.0810810810811,0.189189189189,37,108,0.0810810810811,1.33333333333,5.83783783784,10.8,3.72413793103,4.31736489535,0.739548616334,0.377377377377,5.47407211,1.8753765562,0.791791791792,2.11316479846,0.723954606881,0.402902902903,0.60858061945,0.456435464588,2.33333333333,1.34259259259,0.614564556704,2.33333333333,0.0385281385281,0.0034965034965,1,0.0001287001287,0.217825084953,37,36,36,0.972972972973,0,0.702702702703,0.0810810810811,0.189189189189,-108,-0.0810810810811,0.00900900900901,-5.83783783784,-10.8,-2.27586206897,-3.88173415425,0.037310966252,0.0673173173173,-4.855264519,0.105999448458,0.0265265265265,-0.97366667224,0.195191808659,0.15015015015,0.0286355045157,0.0185177247392,0.333333333333,0.0182682682683,0.0346194417691,0.333333333333,0.026358012358,-0.00247619274923,-6,-0.000772200772201,-0.403371496243,-0.027027027027,-0.162162162162,0.162162162162,108,0,108,1116,0.5,1,0,0.5,1,0.5,0.666666666667,0.675190604897,0.5,0.5,0,108,0,0,0,0
2107,WLNM_dir_neg,0.775505829904,0.463205055709,00:00:02,10,50,35,1235135459,threshold_sweep,0.1,0.923076923077,0.111111111111,0.198347107438,12,1,96,215,0.111111111111,0.99537037037,0.00462962962963,0.888888888889,0.923076923077,0.111111111111,0.198347107438,0.700617283951,0.65329218107,0.13649851632,0.255776692736,0.106481481481,216,108,108,0,216,0,108,0,108,37,216,0.162162162162,1.32432432432,11.6756756757,21.6,6,8.1990990496,0.702237650082,0.31006006006,10.329336629,1.76937710775,0.765265265265,3.0868314707,0.528762798222,0.252752752753,0.579945114934,0.437917739848,2,1.32432432432,0.579945114934,2,0.0121701261701,0.00597269624573,7,0.000900900900901,0.621196581197,37,37,37,1,0,0.72972972973,0.243243243243,0.027027027027,37,0.0810810810811,1.32432432432,5.83783783784,10.8,3.6,4.51856364539,0.774013217034,0.396146146146,5.46899532912,1.87363728868,0.794294294294,2.13929347603,0.732906098269,0.411911911912,0.579945114934,0.437917739848,2,1.33333333333,0.585540043769,2,0,0,0,0,0.219525117508,37,36,36,0.972972972973,0,0.702702702703,0.108108108108,0.162162162162,37,121,0.0908408408408,1.32808758125,6.54054054054,12.1,3.27027027027,4.98104515246,0.761564754714,0.395354031718,5.64529621626,1.72624760332,0.764351127987,1.74242246199,0.532806868541,0.29528702256,0.591382825656,0.445289026119,2.12658227848,1.32808758125,0.591382825656,2.12658227848,0.0139921989927,0.0191082802548,7,0.000900900900901,0.228110976093,37,37,37,1,0,0.72972972973,0.27027027027,0,-95,-0.0713213213213,0.00376325692781,-5.13513513514,-9.5,-2.72972972973,-3.21805389715,0.0593271046326,0.0852939716576,-4.68404041274,-0.0431295044248,-0.000914137277774,-1.34440900872,0.00404407031897,0.042534269807,0.0114377107216,0.00737128627021,0.126582278481,0.00376325692781,0.0114377107216,0.126582278481,0.00182207282253,0.013135584009,0,0,-0.393085605103,0,0.027027027027,-0.027027027027,120,1,96,1115,0.555555555556,0.999103942652,0.00089605734767,0.444444444444,0.99173553719,0.555555555556,0.712166172107,0.711411154803,0.554659498208,0.552995391705,13,108,0,0,0,0
2108,WLNM_dir_neg,0.775505829904,0.463205055709,00:00:02,10,50,35,1235135459,threshold_sweep,0.2,0.923076923077,0.111111111111,0.198347107438,12,1,96,215,0.111111111111,0.99537037037,0.00462962962963,0.888888888889,0.923076923077,0.111111111111,0.198347107438,0.700617283951,0.65329218107,0.13649851632,0.255776692736,0.106481481481,216,108,108,0,216,0,108,0,108,37,216,0.162162162162,1.32432432432,11.6756756757,21.6,6,8.1990990496,0.702237650082,0.31006006006,10.329336629,1.76937710775,0.765265265265,3.0868314707,0.528762798222,0.252752752753,0.579945114934,0.437917739848,2,1.32432432432,0.579945114934,2,0.0121701261701,0.00597269624573,7,0.000900900900901,0.621196581197,37,37,37,1,0,0.72972972973,0.243243243243,0.027027027027,37,0.0810810810811,1.32432432432,5.83783783784,10.8,3.6,4.51856364539,0.774013217034,0.396146146146,5.46899532912,1.87363728868,0.794294294294,2.13929347603,0.732906098269,0.411911911912,0.579945114934,0.437917739848,2,1.33333333333,0.585540043769,2,0,0,0,0,0.219525117508,37,36,36,0.972972972973,0,0.702702702703,0.108108108108,0.162162162162,37,121,0.0908408408408,1.32808758125,6.54054054054,12.1,3.27027027027,4.98104515246,0.761564754714,0.395354031718,5.64529621626,1.72624760332,0.764351127987,1.74242246199,0.532806868541,0.29528702256,0.591382825656,0.445289026119,2.12658227848,1.32808758125,0.591382825656,2.12658227848,0.0139921989927,0.0191082802548,7,0.000900900900901,0.228110976093,37,37,37,1,0,0.72972972973,0.27027027027,0,-95,-0.0713213213213,0.00376325692781,-5.13513513514,-9.5,-2.72972972973,-3.21805389715,0.0593271046326,0.0852939716576,-4.68404041274,-0.0431295044248,-0.000914137277774,-1.34440900872,0.00404407031897,0.042534269807,0.0114377107216,0.00737128627021,0.126582278481,0.00376325692781,0.0114377107216,0.126582278481,0.00182207282253,0.013135584009,0,0,-0.393085605103,0,0.027027027027,-0.027027027027,120,1,96,1115,0.555555555556,0.999103942652,0.00089605734767,0.444444444444,0.99173553719,0.555555555556,0.712166172107,0.711411154803,0.554659498208,0.552995391705,13,108,0,0,0,0
2109,WLNM_dir_neg,0.775505829904,0.463205055709,00:00:02,10,50,35,1235135459,threshold_sweep,0.3,0.875,0.0648148148148,0.120689655172,7,1,101,215,0.0648148148148,0.99537037037,0.00462962962963,0.935185185185,0.875,0.0648148148148,0.120689655172,0.685185185185,0.658436213992,0.078313253012,0.1828267839,0.0601851851852,216,108,108,0,216,0,108,0,108,37,216,0.162162162162,1.32432432432,11.6756756757,21.6,6,8.1990990496,0.702237650082,0.31006006006,10.329336629,1.76937710775,0.765265265265,3.0868314707,0.528762798222,0.252752752753,0.579945114934,0.437917739848,2,1.32432432432,0.579945114934,2,0.0121701261701,0.00597269624573,7,0.000900900900901,0.621196581197,37,37,37,1,0,0.72972972973,0.243243243243,0.027027027027,37,0.0810810810811,1.32432432432,5.83783783784,10.8,3.6,4.51856364539,0.774013217034,0.396146146146,5.46899532912,1.87363728868,0.794294294294,2.13929347603,0.732906098269,0.411911911912,0.579945114934,0.437917739848,2,1.33333333333,0.585540043769,2,0,0,0,0,0.219525117508,37,36,36,0.972972972973,0,0.702702702703,0.108108108108,0.162162162162,37,116,0.0870870870871,1.33471933472,6.27027027027,11.6,3.31428571429,4.78219294564,0.762677323228,0.392590866729,5.53856260014,1.76661048453,0.775396085741,1.90266132565,0.606883353871,0.339701770736,0.611691970255,0.458292582076,2.23076923077,1.34401709402,0.617711565151,2.23076923077,0.0171677515103,0.0118811881188,4,0.000514800514801,0.223846105162,37,36,36,0.972972972973,0,0.702702702703,0.243243243243,0.027027027027,-100,-0.0750750750751,0.010395010395,-5.40540540541,-10,-2.68571428571,-3.41690610396,0.0604396731459,0.0825308066687,-4.79077402886,-0.00276662321773,0.0101308204756,-1.18417014506,0.0781205556483,0.0869490179835,0.0317468553208,0.0203748422275,0.230769230769,0.0196927696928,0.0377664502166,0.230769230769,0.00499762534019,0.00590849187308,-3,-0.0003861003861,-0.397350476035,-0.027027027027,0,0,115,1,101,1115,0.532407407407,0.999103942652,0.00089605734767,0.467592592593,0.991379310345,0.532407407407,0.692771084337,0.694825476318,0.53151135006,0.529953917051,8,108,0,0,0,0
2110,WLNM_dir_neg,0.775505829904,0.463205055709,00:00:02,10,50,35,1235135459,threshold_sweep,0.4,0.875,0.0648148148148,0.120689655172,7,1,101,215,0.0648148148148,0.99537037037,0.00462962962963,0.935185185185,0.875,0.0648148148148,0.120689655172,0.685185185185,0.658436213992,0.078313253012,0.1828267839,0.0601851851852,216,108,108,0,216,0,108,0,108,37,216,0.162162162162,1.32432432432,11.6756756757,21.6,6,8.1990990496,0.702237650082,0.31006006006,10.329336629,1.76937710775,0.765265265265,3.0868314707,0.528762798222,0.252752752753,0.579945114934,0.437917739848,2,1.32432432432,0.579945114934,2,0.0121701261701,0.00597269624573,7,0.000900900900901,0.621196581197,37,37,37,1,0,0.72972972973,0.243243243243,0.027027027027,37,0.0810810810811,1.32432432432,5.83783783784,10.8,3.6,4.51856364539,0.774013217034,0.396146146146,5.46899532912,1.87363728868,0.794294294294,2.13929347603,0.732906098269,0.411911911912,0.579945114934,0.437917739848,2,1.33333333333,0.585540043769,2,0,0,0,0,0.219525117508,37,36,36,0.972972972973,0,0.702702702703,0.108108108108,0.162162162162,37,116,0.0870870870871,1.33471933472,6.27027027027,11.6,3.31428571429,4.78219294564,0.762677323228,0.392590866729,5.53856260014,1.76661048453,0.775396085741,1.90266132565,0.606883353871,0.339701770736,0.611691970255,0.458292582076,2.23076923077,1.34401709402,0.617711565151,2.23076923077,0.0171677515103,0.0118811881188,4,0.000514800514801,0.223846105162,37,36,36,0.972972972973,0,0.702702702703,0.243243243243,0.027027027027,-100,-0.0750750750751,0.010395010395,-5.40540540541,-10,-2.68571428571,-3.41690610396,0.0604396731459,0.0825308066687,-4.79077402886,-0.00276662321773,0.0101308204756,-1.18417014506,0.0781205556483,0.0869490179835,0.0317468553208,0.0203748422275,0.230769230769,0.0196927696928,0.0377664502166,0.230769230769,0.00499762534019,0.00590849187308,-3,-0.0003861003861,-0.397350476035,-0.027027027027,0,0,115,1,101,1115,0.532407407407,0.999103942652,0.00089605734767,0.467592592593,0.991379310345,0.532407407407,0.692771084337,0.694825476318,0.53151135006,0.529953917051,8,108,0,0,0,0
2111,WLNM_dir_neg,0.775505829904,0.463205055709,00:00:02,10,50,35,1235135459,threshold_sweep,0.5,1,0.0648148148148,0.121739130435,7,0,101,216,0.0648148148148,1,0,0.935185185185,1,0.0648148148148,0.121739130435,0.688271604938,0.659465020576,0.0845921450151,0.210152415772,0.0648148148148,216,108,108,0,216,0,108,0,108,37,216,0.162162162162,1.32432432432,11.6756756757,21.6,6,8.1990990496,0.702237650082,0.31006006006,10.329336629,1.76937710775,0.765265265265,3.0868314707,0.528762798222,0.252752752753,0.579945114934,0.437917739848,2,1.32432432432,0.579945114934,2,0.0121701261701,0.00597269624573,7,0.000900900900901,0.621196581197,37,37,37,1,0,0.72972972973,0.243243243243,0.027027027027,37,0.0810810810811,1.32432432432,5.83783783784,10.8,3.6,4.51856364539,0.774013217034,0.396146146146,5.46899532912,1.87363728868,0.794294294294,2.13929347603,0.732906098269,0.411911911912,0.579945114934,0.437917739848,2,1.33333333333,0.585540043769,2,0,0,0,0,0.219525117508,37,36,36,0.972972972973,0,0.702702702703,0.108108108108,0.162162162162,37,115,0.0863363363363,1.32972972973,6.21621621622,11.5,3.38235294118,4.7733934769,0.76789373324,0.392714453584,5.51655983675,1.77489316487,0.777438307873,1.94055810677,0.624353477832,0.35017626322,0.59668755311,0.448728444412,2.2,1.33888888889,0.602507985852,2.2,0.0171677515103,0.0118811881188,4,0.000514800514801,0.225080673063,37,36,36,0.972972972973,0,0.702702702703,0.216216216216,0.0540540540541,-101,-0.0758258258258,0.00540540540541,-5.45945945946,-10.1,-2.61764705882,-3.42570557271,0.0656560831581,0.082654393524,-4.81277679225,0.00551605712176,0.0121730426078,-1.14627336393,0.0955906796091,0.097423510467,0.0167424381752,0.0108107045633,0.2,0.0145645645646,0.0225628709179,0.2,0.00499762534019,0.00590849187308,-3,-0.0003861003861,-0.396115908133,-0.027027027027,-0.027027027027,0.027027027027,115,0,101,1116,0.532407407407,1,0,0.467592592593,1,0.532407407407,0.694864048338,0.698729135517,0.532407407407,0.532407407407,7,108,0,0,0,0
2112,WLNM_dir_neg,0.775505829904,0.463205055709,00:00:02,10,50,35,1235135459,threshold_sweep,0.6,1,0.0648148148148,0.121739130435,7,0,101,216,0.0648148148148,1,0,0.935185185185,1,0.0648148148148,0.121739130435,0.688271604938,0.659465020576,0.0845921450151,0.210152415772,0.0648148148148,216,108,108,0,216,0,108,0,108,37,216,0.162162162162,1.32432432432,11.6756756757,21.6,6,8.1990990496,0.702237650082,0.31006006006,10.329336629,1.76937710775,0.765265265265,3.0868314707,0.528762798222,0.252752752753,0.579945114934,0.437917739848,2,1.32432432432,0.579945114934,2,0.0121701261701,0.00597269624573,7,0.000900900900901,0.621196581197,37,37,37,1,0,0.72972972973,0.243243243243,0.027027027027,37,0.0810810810811,1.32432432432,5.83783783784,10.8,3.6,4.51856364539,0.774013217034,0.396146146146,5.46899532912,1.87363728868,0.794294294294,2.13929347603,0.732906098269,0.411911911912,0.579945114934,0.437917739848,2,1.33333333333,0.585540043769,2,0,0,0,0,0.219525117508,37,36,36,0.972972972973,0,0.702702702703,0.108108108108,0.162162162162,37,115,0.0863363363363,1.32972972973,6.21621621622,11.5,3.38235294118,4.7733934769,0.76789373324,0.392714453584,5.51655983675,1.77489316487,0.777438307873,1.94055810677,0.624353477832,0.35017626322,0.59668755311,0.448728444412,2.2,1.33888888889,0.602507985852,2.2,0.0171677515103,0.0118811881188,4,0.000514800514801,0.225080673063,37,36,36,0.972972972973,0,0.702702702703,0.216216216216,0.0540540540541,-101,-0.0758258258258,0.00540540540541,-5.45945945946,-10.1,-2.61764705882,-3.42570557271,0.0656560831581,0.082654393524,-4.81277679225,0.00551605712176,0.0121730426078,-1.14627336393,0.0955906796091,0.097423510467,0.0167424381752,0.0108107045633,0.2,0.0145645645646,0.0225628709179,0.2,0.00499762534019,0.00590849187308,-3,-0.0003861003861,-0.396115908133,-0.027027027027,-0.027027027027,0.027027027027,115,0,101,1116,0.532407407407,1,0,0.467592592593,1,0.532407407407,0.694864048338,0.698729135517,0.532407407407,0.532407407407,7,108,0,0,0,0
2113,WLNM_dir_neg,0.775505829904,0.463205055709,00:00:02,10,50,35,1235135459,threshold_sweep,0.7,1,0.0277777777778,0.0540540540541,3,0,105,216,0.0277777777778,1,0,0.972222222222,1,0.0277777777778,0.0540540540541,0.675925925926,0.663580246914,0.0366972477064,0.136717185405,0.0277777777778,216,108,108,0,216,0,108,0,108,37,216,0.162162162162,1.32432432432,11.6756756757,21.6,6,8.1990990496,0.702237650082,0.31006006006,10.329336629,1.76937710775,0.765265265265,3.0868314707,0.528762798222,0.252752752753,0.579945114934,0.437917739848,2,1.32432432432,0.579945114934,2,0.0121701261701,0.00597269624573,7,0.000900900900901,0.621196581197,37,37,37,1,0,0.72972972973,0.243243243243,0.027027027027,37,0.0810810810811,1.32432432432,5.83783783784,10.8,3.6,4.51856364539,0.774013217034,0.396146146146,5.46899532912,1.87363728868,0.794294294294,2.13929347603,0.732906098269,0.411911911912,0.579945114934,0.437917739848,2,1.33333333333,0.585540043769,2,0,0,0,0,0.219525117508,37,36,36,0.972972972973,0,0.702702702703,0.108108108108,0.162162162162,37,111,0.0833333333333,1.32432432432,6,11.1,3.7,4.64279609239,0.773799348732,0.391039688337,5.47215171979,1.82405057326,0.786462137813,2.08166599947,0.693888666489,0.389091794497,0.579945114934,0.437917739848,2,1.33333333333,0.585540043769,2,0,0,0,0,0.236191784174,37,36,36,0.972972972973,0,0.702702702703,0.108108108108,0.162162162162,-105,-0.0788288288288,0,-5.67567567568,-10.5,-2.3,-3.55630295721,0.0715616986506,0.0809796282769,-4.85718490921,0.0546734655193,0.0211968725482,-1.00516547124,0.165125868266,0.136339041744,0,0,0,0.00900900900901,0.00559492883467,0,-0.0121701261701,-0.00597269624573,-7,-0.000900900900901,-0.385004797022,-0.027027027027,-0.135135135135,0.135135135135,111,0,105,1116,0.513888888889,1,0,0.486111111111,1,0.513888888889,0.678899082569,0.685344416842,0.513888888889,0.513888888889,3,108,0,0,0,0
2114,WLNM_dir_neg,0.775505829904,0.463205055709,00:00:02,10,50,35,1235135459,threshold_sweep,0.8,1,0.0277777777778,0.0540540540541,3,0,105,216,0.0277777777778,1,0,0.972222222222,1,0.0277777777778,0.0540540540541,0.675925925926,0.663580246914,0.0366972477064,0.136717185405,0.0277777777778,216,108,108,0,216,0,108,0,108,37,216,0.162162162162,1.32432432432,11.6756756757,21.6,6,8.1990990496,0.702237650082,0.31006006006,10.329336629,1.76937710775,0.765265265265,3.0868314707,0.528762798222,0.252752752753,0.579945114934,0.437917739848,2,1.32432432432,0.579945114934,2,0.0121701261701,0.00597269624573,7,0.000900900900901,0.621196581197,37,37,37,1,0,0.72972972973,0.243243243243,0.027027027027,37,0.0810810810811,1.32432432432,5.83783783784,10.8,3.6,4.51856364539,0.774013217034,0.396146146146,5.46899532912,1.87363728868,0.794294294294,2.13929347603,0.732906098269,0.411911911912,0.579945114934,0.437917739848,2,1.33333333333,0.585540043769,2,0,0,0,0,0.219525117508,37,36,36,0.972972972973,0,0.702702702703,0.108108108108,0.162162162162,37,111,0.0833333333333,1.32432432432,6,11.1,3.7,4.64279609239,0.773799348732,0.391039688337,5.47215171979,1.82405057326,0.786462137813,2.08166599947,0.693888666489,0.389091794497,0.579945114934,0.437917739848,2,1.33333333333,0.585540043769,2,0,0,0,0,0.236191784174,37,36,36,0.972972972973,0,0.702702702703,0.108108108108,0.162162162162,-105,-0.0788288288288,0,-5.67567567568,-10.5,-2.3,-3.55630295721,0.0715616986506,0.0809796282769,-4.85718490921,0.0546734655193,0.0211968725482,-1.00516547124,0.165125868266,0.136339041744,0,0,0,0.00900900900901,0.00559492883467,0,-0.0121701261701,-0.00597269624573,-7,-0.000900900900901,-0.385004797022,-0.027027027027,-0.135135135135,0.135135135135,111,0,105,1116,0.513888888889,1,0,0.486111111111,1,0.513888888889,0.678899082569,0.685344416842,0.513888888889,0.513888888889,3,108,0,0,0,0
2115,WLNM_dir_neg,0.775505829904,0.463205055709,00:00:02,10,50,35,1235135459,threshold_sweep,0.9,1,0.0185185185185,0.0363636363636,2,0,106,216,0.0185185185185,1,0,0.981481481481,1,0.0185185185185,0.0363636363636,0.672839506173,0.664609053498,0.0245398773006,0.111455642515,0.0185185185185,216,108,108,0,216,0,108,0,108,37,216,0.162162162162,1.32432432432,11.6756756757,21.6,6,8.1990990496,0.702237650082,0.31006006006,10.329336629,1.76937710775,0.765265265265,3.0868314707,0.528762798222,0.252752752753,0.579945114934,0.437917739848,2,1.32432432432,0.579945114934,2,0.0121701261701,0.00597269624573,7,0.000900900900901,0.621196581197,37,37,37,1,0,0.72972972973,0.243243243243,0.027027027027,37,0.0810810810811,1.32432432432,5.83783783784,10.8,3.6,4.51856364539,0.774013217034,0.396146146146,5.46899532912,1.87363728868,0.794294294294,2.13929347603,0.732906098269,0.411911911912,0.579945114934,0.437917739848,2,1.33333333333,0.585540043769,2,0,0,0,0,0.219525117508,37,36,36,0.972972972973,0,0.702702702703,0.108108108108,0.162162162162,37,110,0.0825825825826,1.32432432432,5.94594594595,11,3.66666666667,4.59435611464,0.772687164735,0.392383292383,5.46954439747,1.83975584279,0.789189189189,2.10140807934,0.706837263051,0.397051597052,0.579945114934,0.437917739848,2,1.33333333333,0.585540043769,2,0,0,0,0,0.230636228619,37,36,36,0.972972972973,0,0.702702702703,0.108108108108,0.162162162162,-106,-0.0795795795796,0,-5.72972972973,-10.6,-2.33333333333,-3.60474293497,0.0704495146526,0.0823232323232,-4.85979223153,0.0703787350407,0.0239239239239,-0.985423391364,0.178074464828,0.144298844299,0,0,0,0.00900900900901,0.00559492883467,0,-0.0121701261701,-0.00597269624573,-7,-0.000900900900901,-0.390560352578,-0.027027027027,-0.135135135135,0.135135135135,110,0,106,1116,0.509259259259,1,0,0.490740740741,1,0.509259259259,0.674846625767,0.681971085039,0.509259259259,0.509259259259,2,108,0,0,0,0
2116,WLNM_dir_neg,0.985253772291,0.947435640346,00:00:04,10,50,36,1235135460,threshold_sweep,0.1,1,0.0277777777778,0.0540540540541,3,0,105,216,0.0277777777778,1,0,0.972222222222,1,0.0277777777778,0.0540540540541,0.675925925926,0.663580246914,0.0366972477064,0.136717185405,0.0277777777778,216,108,108,0,216,0,108,0,108,37,216,0.162162162162,1.32432432432,11.6756756757,21.6,6,8.1990990496,0.702237650082,0.31006006006,10.329336629,1.76937710775,0.765265265265,3.0868314707,0.528762798222,0.252752752753,0.579945114934,0.437917739848,2,1.32432432432,0.579945114934,2,0.0121701261701,0.00597269624573,7,0.000900900900901,0.621196581197,37,37,37,1,0,0.72972972973,0.243243243243,0.027027027027,37,0.0810810810811,1.27027027027,5.83783783784,12,3.27272727273,4.44418167391,0.761271860809,0.389389389389,5.38711620638,1.84558610774,0.785285285285,1.89118390871,0.647905598356,0.360860860861,0.508191163105,0.400065383721,2,1.28571428571,0.518562978842,2,0,0,0,0,0.243715586314,37,35,35,0.945945945946,0,0.702702702703,0.189189189189,0.0540540540541,37,111,0.0833333333333,1.26486486486,6,12.3333333333,3.08333333333,4.49691252108,0.74948542018,0.382030679328,5.47215171979,1.82405057326,0.778670562454,1.77951304201,0.593171014002,0.327733138544,0.490020530305,0.387409393617,1.8,1.26486486486,0.490020530305,1.8,0,0,0,0,0.243715586314,37,37,37,1,0,0.756756756757,0.216216216216,0.027027027027,-105,-0.0788288288288,-0.0594594594595,-5.67567567568,-9.26666666667,-2.91666666667,-3.70218652853,0.0472477700977,0.0719706192679,-4.85718490921,0.0546734655193,0.0134052971891,-1.3073184287,0.0644082157793,0.0749803857912,-0.0899245846297,-0.0505083462315,-0.2,-0.0594594594595,-0.0899245846297,-0.2,-0.0121701261701,-0.00597269624573,-7,-0.000900900900901,-0.377480994882,0.027027027027,-0.027027027027,0,111,0,105,1116,0.513888888889,1,0,0.486111111111,1,0.513888888889,0.678899082569,0.685344416842,0.513888888889,0.513888888889,3,108,0,0,0,0
2117,WLNM_dir_neg,0.985253772291,0.947435640346,00:00:04,10,50,36,1235135460,threshold_sweep,0.2,1,0.0277777777778,0.0540540540541,3,0,105,216,0.0277777777778,1,0,0.972222222222,1,0.0277777777778,0.0540540540541,0.675925925926,0.663580246914,0.0366972477064,0.136717185405,0.0277777777778,216,108,108,0,216,0,108,0,108,37,216,0.162162162162,1.32432432432,11.6756756757,21.6,6,8.1990990496,0.702237650082,0.31006006006,10.329336629,1.76937710775,0.765265265265,3.0868314707,0.528762798222,0.252752752753,0.579945114934,0.437917739848,2,1.32432432432,0.579945114934,2,0.0121701261701,0.00597269624573,7,0.000900900900901,0.621196581197,37,37,37,1,0,0.72972972973,0.243243243243,0.027027027027,37,0.0810810810811,1.27027027027,5.83783783784,12,3.27272727273,4.44418167391,0.761271860809,0.389389389389,5.38711620638,1.84558610774,0.785285285285,1.89118390871,0.647905598356,0.360860860861,0.508191163105,0.400065383721,2,1.28571428571,0.518562978842,2,0,0,0,0,0.243715586314,37,35,35,0.945945945946,0,0.702702702703,0.189189189189,0.0540540540541,37,111,0.0833333333333,1.26486486486,6,12.3333333333,3.08333333333,4.49691252108,0.74948542018,0.382030679328,5.47215171979,1.82405057326,0.778670562454,1.77951304201,0.593171014002,0.327733138544,0.490020530305,0.387409393617,1.8,1.26486486486,0.490020530305,1.8,0,0,0,0,0.243715586314,37,37,37,1,0,0.756756756757,0.216216216216,0.027027027027,-105,-0.0788288288288,-0.0594594594595,-5.67567567568,-9.26666666667,-2.91666666667,-3.70218652853,0.0472477700977,0.0719706192679,-4.85718490921,0.0546734655193,0.0134052971891,-1.3073184287,0.0644082157793,0.0749803857912,-0.0899245846297,-0.0505083462315,-0.2,-0.0594594594595,-0.0899245846297,-0.2,-0.0121701261701,-0.00597269624573,-7,-0.000900900900901,-0.377480994882,0.027027027027,-0.027027027027,0,111,0,105,1116,0.513888888889,1,0,0.486111111111,1,0.513888888889,0.678899082569,0.685344416842,0.513888888889,0.513888888889,3,108,0,0,0,0
2118,WLNM_dir_neg,0.985253772291,0.947435640346,00:00:04,10,50,36,1235135460,threshold_sweep,0.3,1,0.0277777777778,0.0540540540541,3,0,105,216,0.0277777777778,1,0,0.972222222222,1,0.0277777777778,0.0540540540541,0.675925925926,0.663580246914,0.0366972477064,0.136717185405,0.0277777777778,216,108,108,0,216,0,108,0,108,37,216,0.162162162162,1.32432432432,11.6756756757,21.6,6,8.1990990496,0.702237650082,0.31006006006,10.329336629,1.76937710775,0.765265265265,3.0868314707,0.528762798222,0.252752752753,0.579945114934,0.437917739848,2,1.32432432432,0.579945114934,2,0.0121701261701,0.00597269624573,7,0.000900900900901,0.621196581197,37,37,37,1,0,0.72972972973,0.243243243243,0.027027027027,37,0.0810810810811,1.27027027027,5.83783783784,12,3.27272727273,4.44418167391,0.761271860809,0.389389389389,5.38711620638,1.84558610774,0.785285285285,1.89118390871,0.647905598356,0.360860860861,0.508191163105,0.400065383721,2,1.28571428571,0.518562978842,2,0,0,0,0,0.243715586314,37,35,35,0.945945945946,0,0.702702702703,0.189189189189,0.0540540540541,37,111,0.0833333333333,1.26486486486,6,12.3333333333,3.08333333333,4.49691252108,0.74948542018,0.382030679328,5.47215171979,1.82405057326,0.778670562454,1.77951304201,0.593171014002,0.327733138544,0.490020530305,0.387409393617,1.8,1.26486486486,0.490020530305,1.8,0,0,0,0,0.243715586314,37,37,37,1,0,0.756756756757,0.216216216216,0.027027027027,-105,-0.0788288288288,-0.0594594594595,-5.67567567568,-9.26666666667,-2.91666666667,-3.70218652853,0.0472477700977,0.0719706192679,-4.85718490921,0.0546734655193,0.0134052971891,-1.3073184287,0.0644082157793,0.0749803857912,-0.0899245846297,-0.0505083462315,-0.2,-0.0594594594595,-0.0899245846297,-0.2,-0.0121701261701,-0.00597269624573,-7,-0.000900900900901,-0.377480994882,0.027027027027,-0.027027027027,0,111,0,105,1116,0.513888888889,1,0,0.486111111111,1,0.513888888889,0.678899082569,0.685344416842,0.513888888889,0.513888888889,3,108,0,0,0,0
2119,WLNM_dir_neg,0.985253772291,0.947435640346,00:00:04,10,50,36,1235135460,threshold_sweep,0.4,1,0.0277777777778,0.0540540540541,3,0,105,216,0.0277777777778,1,0,0.972222222222,1,0.0277777777778,0.0540540540541,0.675925925926,0.663580246914,0.0366972477064,0.136717185405,0.0277777777778,216,108,108,0,216,0,108,0,108,37,216,0.162162162162,1.32432432432,11.6756756757,21.6,6,8.1990990496,0.702237650082,0.31006006006,10.329336629,1.76937710775,0.765265265265,3.0868314707,0.528762798222,0.252752752753,0.579945114934,0.437917739848,2,1.32432432432,0.579945114934,2,0.0121701261701,0.00597269624573,7,0.000900900900901,0.621196581197,37,37,37,1,0,0.72972972973,0.243243243243,0.027027027027,37,0.0810810810811,1.27027027027,5.83783783784,12,3.27272727273,4.44418167391,0.761271860809,0.389389389389,5.38711620638,1.84558610774,0.785285285285,1.89118390871,0.647905598356,0.360860860861,0.508191163105,0.400065383721,2,1.28571428571,0.518562978842,2,0,0,0,0,0.243715586314,37,35,35,0.945945945946,0,0.702702702703,0.189189189189,0.0540540540541,37,111,0.0833333333333,1.26486486486,6,12.3333333333,3.08333333333,4.49691252108,0.74948542018,0.382030679328,5.47215171979,1.82405057326,0.778670562454,1.77951304201,0.593171014002,0.327733138544,0.490020530305,0.387409393617,1.8,1.26486486486,0.490020530305,1.8,0,0,0,0,0.243715586314,37,37,37,1,0,0.756756756757,0.216216216216,0.027027027027,-105,-0.0788288288288,-0.0594594594595,-5.67567567568,-9.26666666667,-2.91666666667,-3.70218652853,0.0472477700977,0.0719706192679,-4.85718490921,0.0546734655193,0.0134052971891,-1.3073184287,0.0644082157793,0.0749803857912,-0.0899245846297,-0.0505083462315,-0.2,-0.0594594594595,-0.0899245846297,-0.2,-0.0121701261701,-0.00597269624573,-7,-0.000900900900901,-0.377480994882,0.027027027027,-0.027027027027,0,111,0,105,1116,0.513888888889,1,0,0.486111111111,1,0.513888888889,0.678899082569,0.685344416842,0.513888888889,0.513888888889,3,108,0,0,0,0
2120,WLNM_dir_neg,0.985253772291,0.947435640346,00:00:04,10,50,36,1235135460,threshold_sweep,0.5,1,0.0277777777778,0.0540540540541,3,0,105,216,0.0277777777778,1,0,0.972222222222,1,0.0277777777778,0.0540540540541,0.675925925926,0.663580246914,0.0366972477064,0.136717185405,0.0277777777778,216,108,108,0,216,0,108,0,108,37,216,0.162162162162,1.32432432432,11.6756756757,21.6,6,8.1990990496,0.702237650082,0.31006006006,10.329336629,1.76937710775,0.765265265265,3.0868314707,0.528762798222,0.252752752753,0.579945114934,0.437917739848,2,1.32432432432,0.579945114934,2,0.0121701261701,0.00597269624573,7,0.000900900900901,0.621196581197,37,37,37,1,0,0.72972972973,0.243243243243,0.027027027027,37,0.0810810810811,1.27027027027,5.83783783784,12,3.27272727273,4.44418167391,0.761271860809,0.389389389389,5.38711620638,1.84558610774,0.785285285285,1.89118390871,0.647905598356,0.360860860861,0.508191163105,0.400065383721,2,1.28571428571,0.518562978842,2,0,0,0,0,0.243715586314,37,35,35,0.945945945946,0,0.702702702703,0.189189189189,0.0540540540541,37,111,0.0833333333333,1.26486486486,6,12.3333333333,3.08333333333,4.49691252108,0.74948542018,0.382030679328,5.47215171979,1.82405057326,0.778670562454,1.77951304201,0.593171014002,0.327733138544,0.490020530305,0.387409393617,1.8,1.26486486486,0.490020530305,1.8,0,0,0,0,0.243715586314,37,37,37,1,0,0.756756756757,0.216216216216,0.027027027027,-105,-0.0788288288288,-0.0594594594595,-5.67567567568,-9.26666666667,-2.91666666667,-3.70218652853,0.0472477700977,0.0719706192679,-4.85718490921,0.0546734655193,0.0134052971891,-1.3073184287,0.0644082157793,0.0749803857912,-0.0899245846297,-0.0505083462315,-0.2,-0.0594594594595,-0.0899245846297,-0.2,-0.0121701261701,-0.00597269624573,-7,-0.000900900900901,-0.377480994882,0.027027027027,-0.027027027027,0,111,0,105,1116,0.513888888889,1,0,0.486111111111,1,0.513888888889,0.678899082569,0.685344416842,0.513888888889,0.513888888889,3,108,0,0,0,0
2121,WLNM_dir_neg,0.985253772291,0.947435640346,00:00:04,10,50,36,1235135460,threshold_sweep,0.6,1,0.0277777777778,0.0540540540541,3,0,105,216,0.0277777777778,1,0,0.972222222222,1,0.0277777777778,0.0540540540541,0.675925925926,0.663580246914,0.0366972477064,0.136717185405,0.0277777777778,216,108,108,0,216,0,108,0,108,37,216,0.162162162162,1.32432432432,11.6756756757,21.6,6,8.1990990496,0.702237650082,0.31006006006,10.329336629,1.76937710775,0.765265265265,3.0868314707,0.528762798222,0.252752752753,0.579945114934,0.437917739848,2,1.32432432432,0.579945114934,2,0.0121701261701,0.00597269624573,7,0.000900900900901,0.621196581197,37,37,37,1,0,0.72972972973,0.243243243243,0.027027027027,37,0.0810810810811,1.27027027027,5.83783783784,12,3.27272727273,4.44418167391,0.761271860809,0.389389389389,5.38711620638,1.84558610774,0.785285285285,1.89118390871,0.647905598356,0.360860860861,0.508191163105,0.400065383721,2,1.28571428571,0.518562978842,2,0,0,0,0,0.243715586314,37,35,35,0.945945945946,0,0.702702702703,0.189189189189,0.0540540540541,37,111,0.0833333333333,1.26486486486,6,12.3333333333,3.08333333333,4.49691252108,0.74948542018,0.382030679328,5.47215171979,1.82405057326,0.778670562454,1.77951304201,0.593171014002,0.327733138544,0.490020530305,0.387409393617,1.8,1.26486486486,0.490020530305,1.8,0,0,0,0,0.243715586314,37,37,37,1,0,0.756756756757,0.216216216216,0.027027027027,-105,-0.0788288288288,-0.0594594594595,-5.67567567568,-9.26666666667,-2.91666666667,-3.70218652853,0.0472477700977,0.0719706192679,-4.85718490921,0.0546734655193,0.0134052971891,-1.3073184287,0.0644082157793,0.0749803857912,-0.0899245846297,-0.0505083462315,-0.2,-0.0594594594595,-0.0899245846297,-0.2,-0.0121701261701,-0.00597269624573,-7,-0.000900900900901,-0.377480994882,0.027027027027,-0.027027027027,0,111,0,105,1116,0.513888888889,1,0,0.486111111111,1,0.513888888889,0.678899082569,0.685344416842,0.513888888889,0.513888888889,3,108,0,0,0,0
2122,WLNM_dir_neg,0.985253772291,0.947435640346,00:00:04,10,50,36,1235135460,threshold_sweep,0.7,1,0.0277777777778,0.0540540540541,3,0,105,216,0.0277777777778,1,0,0.972222222222,1,0.0277777777778,0.0540540540541,0.675925925926,0.663580246914,0.0366972477064,0.136717185405,0.0277777777778,216,108,108,0,216,0,108,0,108,37,216,0.162162162162,1.32432432432,11.6756756757,21.6,6,8.1990990496,0.702237650082,0.31006006006,10.329336629,1.76937710775,0.765265265265,3.0868314707,0.528762798222,0.252752752753,0.579945114934,0.437917739848,2,1.32432432432,0.579945114934,2,0.0121701261701,0.00597269624573,7,0.000900900900901,0.621196581197,37,37,37,1,0,0.72972972973,0.243243243243,0.027027027027,37,0.0810810810811,1.27027027027,5.83783783784,12,3.27272727273,4.44418167391,0.761271860809,0.389389389389,5.38711620638,1.84558610774,0.785285285285,1.89118390871,0.647905598356,0.360860860861,0.508191163105,0.400065383721,2,1.28571428571,0.518562978842,2,0,0,0,0,0.243715586314,37,35,35,0.945945945946,0,0.702702702703,0.189189189189,0.0540540540541,37,111,0.0833333333333,1.26486486486,6,12.3333333333,3.08333333333,4.49691252108,0.74948542018,0.382030679328,5.47215171979,1.82405057326,0.778670562454,1.77951304201,0.593171014002,0.327733138544,0.490020530305,0.387409393617,1.8,1.26486486486,0.490020530305,1.8,0,0,0,0,0.243715586314,37,37,37,1,0,0.756756756757,0.216216216216,0.027027027027,-105,-0.0788288288288,-0.0594594594595,-5.67567567568,-9.26666666667,-2.91666666667,-3.70218652853,0.0472477700977,0.0719706192679,-4.85718490921,0.0546734655193,0.0134052971891,-1.3073184287,0.0644082157793,0.0749803857912,-0.0899245846297,-0.0505083462315,-0.2,-0.0594594594595,-0.0899245846297,-0.2,-0.0121701261701,-0.00597269624573,-7,-0.000900900900901,-0.377480994882,0.027027027027,-0.027027027027,0,111,0,105,1116,0.513888888889,1,0,0.486111111111,1,0.513888888889,0.678899082569,0.685344416842,0.513888888889,0.513888888889,3,108,0,0,0,0
2123,WLNM_dir_neg,0.985253772291,0.947435640346,00:00:04,10,50,36,1235135460,threshold_sweep,0.8,1,0.0277777777778,0.0540540540541,3,0,105,216,0.0277777777778,1,0,0.972222222222,1,0.0277777777778,0.0540540540541,0.675925925926,0.663580246914,0.0366972477064,0.136717185405,0.0277777777778,216,108,108,0,216,0,108,0,108,37,216,0.162162162162,1.32432432432,11.6756756757,21.6,6,8.1990990496,0.702237650082,0.31006006006,10.329336629,1.76937710775,0.765265265265,3.0868314707,0.528762798222,0.252752752753,0.579945114934,0.437917739848,2,1.32432432432,0.579945114934,2,0.0121701261701,0.00597269624573,7,0.000900900900901,0.621196581197,37,37,37,1,0,0.72972972973,0.243243243243,0.027027027027,37,0.0810810810811,1.27027027027,5.83783783784,12,3.27272727273,4.44418167391,0.761271860809,0.389389389389,5.38711620638,1.84558610774,0.785285285285,1.89118390871,0.647905598356,0.360860860861,0.508191163105,0.400065383721,2,1.28571428571,0.518562978842,2,0,0,0,0,0.243715586314,37,35,35,0.945945945946,0,0.702702702703,0.189189189189,0.0540540540541,37,111,0.0833333333333,1.26486486486,6,12.3333333333,3.08333333333,4.49691252108,0.74948542018,0.382030679328,5.47215171979,1.82405057326,0.778670562454,1.77951304201,0.593171014002,0.327733138544,0.490020530305,0.387409393617,1.8,1.26486486486,0.490020530305,1.8,0,0,0,0,0.243715586314,37,37,37,1,0,0.756756756757,0.216216216216,0.027027027027,-105,-0.0788288288288,-0.0594594594595,-5.67567567568,-9.26666666667,-2.91666666667,-3.70218652853,0.0472477700977,0.0719706192679,-4.85718490921,0.0546734655193,0.0134052971891,-1.3073184287,0.0644082157793,0.0749803857912,-0.0899245846297,-0.0505083462315,-0.2,-0.0594594594595,-0.0899245846297,-0.2,-0.0121701261701,-0.00597269624573,-7,-0.000900900900901,-0.377480994882,0.027027027027,-0.027027027027,0,111,0,105,1116,0.513888888889,1,0,0.486111111111,1,0.513888888889,0.678899082569,0.685344416842,0.513888888889,0.513888888889,3,108,0,0,0,0
2124,WLNM_dir_neg,0.985253772291,0.947435640346,00:00:04,10,50,36,1235135460,threshold_sweep,0.9,1,0.0277777777778,0.0540540540541,3,0,105,216,0.0277777777778,1,0,0.972222222222,1,0.0277777777778,0.0540540540541,0.675925925926,0.663580246914,0.0366972477064,0.136717185405,0.0277777777778,216,108,108,0,216,0,108,0,108,37,216,0.162162162162,1.32432432432,11.6756756757,21.6,6,8.1990990496,0.702237650082,0.31006006006,10.329336629,1.76937710775,0.765265265265,3.0868314707,0.528762798222,0.252752752753,0.579945114934,0.437917739848,2,1.32432432432,0.579945114934,2,0.0121701261701,0.00597269624573,7,0.000900900900901,0.621196581197,37,37,37,1,0,0.72972972973,0.243243243243,0.027027027027,37,0.0810810810811,1.27027027027,5.83783783784,12,3.27272727273,4.44418167391,0.761271860809,0.389389389389,5.38711620638,1.84558610774,0.785285285285,1.89118390871,0.647905598356,0.360860860861,0.508191163105,0.400065383721,2,1.28571428571,0.518562978842,2,0,0,0,0,0.243715586314,37,35,35,0.945945945946,0,0.702702702703,0.189189189189,0.0540540540541,37,111,0.0833333333333,1.26486486486,6,12.3333333333,3.08333333333,4.49691252108,0.74948542018,0.382030679328,5.47215171979,1.82405057326,0.778670562454,1.77951304201,0.593171014002,0.327733138544,0.490020530305,0.387409393617,1.8,1.26486486486,0.490020530305,1.8,0,0,0,0,0.243715586314,37,37,37,1,0,0.756756756757,0.216216216216,0.027027027027,-105,-0.0788288288288,-0.0594594594595,-5.67567567568,-9.26666666667,-2.91666666667,-3.70218652853,0.0472477700977,0.0719706192679,-4.85718490921,0.0546734655193,0.0134052971891,-1.3073184287,0.0644082157793,0.0749803857912,-0.0899245846297,-0.0505083462315,-0.2,-0.0594594594595,-0.0899245846297,-0.2,-0.0121701261701,-0.00597269624573,-7,-0.000900900900901,-0.377480994882,0.027027027027,-0.027027027027,0,111,0,105,1116,0.513888888889,1,0,0.486111111111,1,0.513888888889,0.678899082569,0.685344416842,0.513888888889,0.513888888889,3,108,0,0,0,0
2125,WLNM_dir_neg,0.97464420439,0.79862965543,00:00:03,10,50,37,1235135461,threshold_sweep,0.1,0.909090909091,0.0925925925926,0.168067226891,10,1,98,215,0.0925925925926,0.99537037037,0.00462962962963,0.907407407407,0.909090909091,0.0925925925926,0.168067226891,0.694444444444,0.655349794239,0.113432835821,0.228965522671,0.087962962963,216,108,108,0,216,0,108,0,108,37,216,0.162162162162,1.32432432432,11.6756756757,21.6,6,8.1990990496,0.702237650082,0.31006006006,10.329336629,1.76937710775,0.765265265265,3.0868314707,0.528762798222,0.252752752753,0.579945114934,0.437917739848,2,1.32432432432,0.579945114934,2,0.0121701261701,0.00597269624573,7,0.000900900900901,0.621196581197,37,37,37,1,0,0.72972972973,0.243243243243,0.027027027027,37,0.0810810810811,1.32432432432,5.83783783784,10.8,3.375,4.38756774885,0.751574105127,0.372372372372,5.38711620638,1.84558610774,0.79029029029,1.97734921294,0.677425193322,0.377877877878,0.579945114934,0.437917739848,2,1.32432432432,0.579945114934,2,0.0097619047619,0.00345224395857,1,0.0001287001287,0.203879539506,37,37,37,1,0,0.72972972973,0.135135135135,0.135135135135,37,119,0.0893393393393,1.32432432432,6.43243243243,11.9,3.30555555556,4.91336352626,0.763842228872,0.391096979332,5.56843851609,1.7313632361,0.766295707472,1.65218937466,0.513705940019,0.279809220986,0.579945114934,0.437917739848,2,1.32432432432,0.579945114934,2,0.0140603840604,0.0222016651249,8,0.0010296010296,0.217953613581,37,37,37,1,0,0.72972972973,0.243243243243,0.027027027027,-97,-0.0728228228228,0,-5.24324324324,-9.7,-2.69444444444,-3.28573552335,0.0616045787898,0.0810369192722,-4.76089811291,-0.0380138716492,0.00103044220691,-1.43464209605,-0.015056858203,0.0270564682329,0,0,0,0,0,0,0.00189025789026,0.0162289688792,1,0.0001287001287,-0.403242967616,0,0,0,118,1,98,1115,0.546296296296,0.999103942652,0.00089605734767,0.453703703704,0.991596638655,0.546296296296,0.70447761194,0.704807335731,0.545400238949,0.543778801843,11,108,0,0,0,0
2126,WLNM_dir_neg,0.97464420439,0.79862965543,00:00:03,10,50,37,1235135461,threshold_sweep,0.2,0.909090909091,0.0925925925926,0.168067226891,10,1,98,215,0.0925925925926,0.99537037037,0.00462962962963,0.907407407407,0.909090909091,0.0925925925926,0.168067226891,0.694444444444,0.655349794239,0.113432835821,0.228965522671,0.087962962963,216,108,108,0,216,0,108,0,108,37,216,0.162162162162,1.32432432432,11.6756756757,21.6,6,8.1990990496,0.702237650082,0.31006006006,10.329336629,1.76937710775,0.765265265265,3.0868314707,0.528762798222,0.252752752753,0.579945114934,0.437917739848,2,1.32432432432,0.579945114934,2,0.0121701261701,0.00597269624573,7,0.000900900900901,0.621196581197,37,37,37,1,0,0.72972972973,0.243243243243,0.027027027027,37,0.0810810810811,1.32432432432,5.83783783784,10.8,3.375,4.38756774885,0.751574105127,0.372372372372,5.38711620638,1.84558610774,0.79029029029,1.97734921294,0.677425193322,0.377877877878,0.579945114934,0.437917739848,2,1.32432432432,0.579945114934,2,0.0097619047619,0.00345224395857,1,0.0001287001287,0.203879539506,37,37,37,1,0,0.72972972973,0.135135135135,0.135135135135,37,119,0.0893393393393,1.32432432432,6.43243243243,11.9,3.30555555556,4.91336352626,0.763842228872,0.391096979332,5.56843851609,1.7313632361,0.766295707472,1.65218937466,0.513705940019,0.279809220986,0.579945114934,0.437917739848,2,1.32432432432,0.579945114934,2,0.0140603840604,0.0222016651249,8,0.0010296010296,0.217953613581,37,37,37,1,0,0.72972972973,0.243243243243,0.027027027027,-97,-0.0728228228228,0,-5.24324324324,-9.7,-2.69444444444,-3.28573552335,0.0616045787898,0.0810369192722,-4.76089811291,-0.0380138716492,0.00103044220691,-1.43464209605,-0.015056858203,0.0270564682329,0,0,0,0,0,0,0.00189025789026,0.0162289688792,1,0.0001287001287,-0.403242967616,0,0,0,118,1,98,1115,0.546296296296,0.999103942652,0.00089605734767,0.453703703704,0.991596638655,0.546296296296,0.70447761194,0.704807335731,0.545400238949,0.543778801843,11,108,0,0,0,0
2127,WLNM_dir_neg,0.97464420439,0.79862965543,00:00:03,10,50,37,1235135461,threshold_sweep,0.3,0.888888888889,0.0740740740741,0.136752136752,8,1,100,215,0.0740740740741,0.99537037037,0.00462962962963,0.925925925926,0.888888888889,0.0740740740741,0.136752136752,0.688271604938,0.657407407407,0.0900900900901,0.199204768222,0.0694444444444,216,108,108,0,216,0,108,0,108,37,216,0.162162162162,1.32432432432,11.6756756757,21.6,6,8.1990990496,0.702237650082,0.31006006006,10.329336629,1.76937710775,0.765265265265,3.0868314707,0.528762798222,0.252752752753,0.579945114934,0.437917739848,2,1.32432432432,0.579945114934,2,0.0121701261701,0.00597269624573,7,0.000900900900901,0.621196581197,37,37,37,1,0,0.72972972973,0.243243243243,0.027027027027,37,0.0810810810811,1.32432432432,5.83783783784,10.8,3.375,4.38756774885,0.751574105127,0.372372372372,5.38711620638,1.84558610774,0.79029029029,1.97734921294,0.677425193322,0.377877877878,0.579945114934,0.437917739848,2,1.32432432432,0.579945114934,2,0.0097619047619,0.00345224395857,1,0.0001287001287,0.203879539506,37,37,37,1,0,0.72972972973,0.135135135135,0.135135135135,37,117,0.0878378378378,1.32432432432,6.32432432432,11.7,3.25,4.76709819756,0.753771937222,0.386001386001,5.51015987625,1.74252919164,0.768768768769,1.70804491083,0.540150954707,0.297066297066,0.579945114934,0.437917739848,2,1.32432432432,0.579945114934,2,0.013091329772,0.0174418604651,6,0.000772200772201,0.213509169136,37,37,37,1,0,0.72972972973,0.243243243243,0.027027027027,-99,-0.0743243243243,0,-5.35135135135,-9.9,-2.75,-3.43200085204,0.0515342871399,0.0759413259413,-4.81917675275,-0.0268479161099,0.0035035035035,-1.37878655987,0.011388156485,0.0443135443135,0,0,0,0,0,0,0.000921203601876,0.0114691642194,-1,-0.0001287001287,-0.40768741206,0,0,0,116,1,100,1115,0.537037037037,0.999103942652,0.00089605734767,0.462962962963,0.991452991453,0.537037037037,0.696696696697,0.698163124599,0.536140979689,0.534562211982,9,108,0,0,0,0
2128,WLNM_dir_neg,0.97464420439,0.79862965543,00:00:03,10,50,37,1235135461,threshold_sweep,0.4,0.888888888889,0.0740740740741,0.136752136752,8,1,100,215,0.0740740740741,0.99537037037,0.00462962962963,0.925925925926,0.888888888889,0.0740740740741,0.136752136752,0.688271604938,0.657407407407,0.0900900900901,0.199204768222,0.0694444444444,216,108,108,0,216,0,108,0,108,37,216,0.162162162162,1.32432432432,11.6756756757,21.6,6,8.1990990496,0.702237650082,0.31006006006,10.329336629,1.76937710775,0.765265265265,3.0868314707,0.528762798222,0.252752752753,0.579945114934,0.437917739848,2,1.32432432432,0.579945114934,2,0.0121701261701,0.00597269624573,7,0.000900900900901,0.621196581197,37,37,37,1,0,0.72972972973,0.243243243243,0.027027027027,37,0.0810810810811,1.32432432432,5.83783783784,10.8,3.375,4.38756774885,0.751574105127,0.372372372372,5.38711620638,1.84558610774,0.79029029029,1.97734921294,0.677425193322,0.377877877878,0.579945114934,0.437917739848,2,1.32432432432,0.579945114934,2,0.0097619047619,0.00345224395857,1,0.0001287001287,0.203879539506,37,37,37,1,0,0.72972972973,0.135135135135,0.135135135135,37,117,0.0878378378378,1.32432432432,6.32432432432,11.7,3.25,4.76709819756,0.753771937222,0.386001386001,5.51015987625,1.74252919164,0.768768768769,1.70804491083,0.540150954707,0.297066297066,0.579945114934,0.437917739848,2,1.32432432432,0.579945114934,2,0.013091329772,0.0174418604651,6,0.000772200772201,0.213509169136,37,37,37,1,0,0.72972972973,0.243243243243,0.027027027027,-99,-0.0743243243243,0,-5.35135135135,-9.9,-2.75,-3.43200085204,0.0515342871399,0.0759413259413,-4.81917675275,-0.0268479161099,0.0035035035035,-1.37878655987,0.011388156485,0.0443135443135,0,0,0,0,0,0,0.000921203601876,0.0114691642194,-1,-0.0001287001287,-0.40768741206,0,0,0,116,1,100,1115,0.537037037037,0.999103942652,0.00089605734767,0.462962962963,0.991452991453,0.537037037037,0.696696696697,0.698163124599,0.536140979689,0.534562211982,9,108,0,0,0,0
2129,WLNM_dir_neg,0.97464420439,0.79862965543,00:00:03,10,50,37,1235135461,threshold_sweep,0.5,0.888888888889,0.0740740740741,0.136752136752,8,1,100,215,0.0740740740741,0.99537037037,0.00462962962963,0.925925925926,0.888888888889,0.0740740740741,0.136752136752,0.688271604938,0.657407407407,0.0900900900901,0.199204768222,0.0694444444444,216,108,108,0,216,0,108,0,108,37,216,0.162162162162,1.32432432432,11.6756756757,21.6,6,8.1990990496,0.702237650082,0.31006006006,10.329336629,1.76937710775,0.765265265265,3.0868314707,0.528762798222,0.252752752753,0.579945114934,0.437917739848,2,1.32432432432,0.579945114934,2,0.0121701261701,0.00597269624573,7,0.000900900900901,0.621196581197,37,37,37,1,0,0.72972972973,0.243243243243,0.027027027027,37,0.0810810810811,1.32432432432,5.83783783784,10.8,3.375,4.38756774885,0.751574105127,0.372372372372,5.38711620638,1.84558610774,0.79029029029,1.97734921294,0.677425193322,0.377877877878,0.579945114934,0.437917739848,2,1.32432432432,0.579945114934,2,0.0097619047619,0.00345224395857,1,0.0001287001287,0.203879539506,37,37,37,1,0,0.72972972973,0.135135135135,0.135135135135,37,117,0.0878378378378,1.32432432432,6.32432432432,11.7,3.25,4.76709819756,0.753771937222,0.386001386001,5.51015987625,1.74252919164,0.768768768769,1.70804491083,0.540150954707,0.297066297066,0.579945114934,0.437917739848,2,1.32432432432,0.579945114934,2,0.013091329772,0.0174418604651,6,0.000772200772201,0.213509169136,37,37,37,1,0,0.72972972973,0.243243243243,0.027027027027,-99,-0.0743243243243,0,-5.35135135135,-9.9,-2.75,-3.43200085204,0.0515342871399,0.0759413259413,-4.81917675275,-0.0268479161099,0.0035035035035,-1.37878655987,0.011388156485,0.0443135443135,0,0,0,0,0,0,0.000921203601876,0.0114691642194,-1,-0.0001287001287,-0.40768741206,0,0,0,116,1,100,1115,0.537037037037,0.999103942652,0.00089605734767,0.462962962963,0.991452991453,0.537037037037,0.696696696697,0.698163124599,0.536140979689,0.534562211982,9,108,0,0,0,0
2130,WLNM_dir_neg,0.97464420439,0.79862965543,00:00:03,10,50,37,1235135461,threshold_sweep,0.6,0.888888888889,0.0740740740741,0.136752136752,8,1,100,215,0.0740740740741,0.99537037037,0.00462962962963,0.925925925926,0.888888888889,0.0740740740741,0.136752136752,0.688271604938,0.657407407407,0.0900900900901,0.199204768222,0.0694444444444,216,108,108,0,216,0,108,0,108,37,216,0.162162162162,1.32432432432,11.6756756757,21.6,6,8.1990990496,0.702237650082,0.31006006006,10.329336629,1.76937710775,0.765265265265,3.0868314707,0.528762798222,0.252752752753,0.579945114934,0.437917739848,2,1.32432432432,0.579945114934,2,0.0121701261701,0.00597269624573,7,0.000900900900901,0.621196581197,37,37,37,1,0,0.72972972973,0.243243243243,0.027027027027,37,0.0810810810811,1.32432432432,5.83783783784,10.8,3.375,4.38756774885,0.751574105127,0.372372372372,5.38711620638,1.84558610774,0.79029029029,1.97734921294,0.677425193322,0.377877877878,0.579945114934,0.437917739848,2,1.32432432432,0.579945114934,2,0.0097619047619,0.00345224395857,1,0.0001287001287,0.203879539506,37,37,37,1,0,0.72972972973,0.135135135135,0.135135135135,37,117,0.0878378378378,1.32432432432,6.32432432432,11.7,3.25,4.76709819756,0.753771937222,0.386001386001,5.51015987625,1.74252919164,0.768768768769,1.70804491083,0.540150954707,0.297066297066,0.579945114934,0.437917739848,2,1.32432432432,0.579945114934,2,0.013091329772,0.0174418604651,6,0.000772200772201,0.213509169136,37,37,37,1,0,0.72972972973,0.243243243243,0.027027027027,-99,-0.0743243243243,0,-5.35135135135,-9.9,-2.75,-3.43200085204,0.0515342871399,0.0759413259413,-4.81917675275,-0.0268479161099,0.0035035035035,-1.37878655987,0.011388156485,0.0443135443135,0,0,0,0,0,0,0.000921203601876,0.0114691642194,-1,-0.0001287001287,-0.40768741206,0,0,0,116,1,100,1115,0.537037037037,0.999103942652,0.00089605734767,0.462962962963,0.991452991453,0.537037037037,0.696696696697,0.698163124599,0.536140979689,0.534562211982,9,108,0,0,0,0
2131,WLNM_dir_neg,0.97464420439,0.79862965543,00:00:03,10,50,37,1235135461,threshold_sweep,0.7,0.888888888889,0.0740740740741,0.136752136752,8,1,100,215,0.0740740740741,0.99537037037,0.00462962962963,0.925925925926,0.888888888889,0.0740740740741,0.136752136752,0.688271604938,0.657407407407,0.0900900900901,0.199204768222,0.0694444444444,216,108,108,0,216,0,108,0,108,37,216,0.162162162162,1.32432432432,11.6756756757,21.6,6,8.1990990496,0.702237650082,0.31006006006,10.329336629,1.76937710775,0.765265265265,3.0868314707,0.528762798222,0.252752752753,0.579945114934,0.437917739848,2,1.32432432432,0.579945114934,2,0.0121701261701,0.00597269624573,7,0.000900900900901,0.621196581197,37,37,37,1,0,0.72972972973,0.243243243243,0.027027027027,37,0.0810810810811,1.32432432432,5.83783783784,10.8,3.375,4.38756774885,0.751574105127,0.372372372372,5.38711620638,1.84558610774,0.79029029029,1.97734921294,0.677425193322,0.377877877878,0.579945114934,0.437917739848,2,1.32432432432,0.579945114934,2,0.0097619047619,0.00345224395857,1,0.0001287001287,0.203879539506,37,37,37,1,0,0.72972972973,0.135135135135,0.135135135135,37,117,0.0878378378378,1.32432432432,6.32432432432,11.7,3.25,4.76709819756,0.753771937222,0.386001386001,5.51015987625,1.74252919164,0.768768768769,1.70804491083,0.540150954707,0.297066297066,0.579945114934,0.437917739848,2,1.32432432432,0.579945114934,2,0.013091329772,0.0174418604651,6,0.000772200772201,0.213509169136,37,37,37,1,0,0.72972972973,0.243243243243,0.027027027027,-99,-0.0743243243243,0,-5.35135135135,-9.9,-2.75,-3.43200085204,0.0515342871399,0.0759413259413,-4.81917675275,-0.0268479161099,0.0035035035035,-1.37878655987,0.011388156485,0.0443135443135,0,0,0,0,0,0,0.000921203601876,0.0114691642194,-1,-0.0001287001287,-0.40768741206,0,0,0,116,1,100,1115,0.537037037037,0.999103942652,0.00089605734767,0.462962962963,0.991452991453,0.537037037037,0.696696696697,0.698163124599,0.536140979689,0.534562211982,9,108,0,0,0,0
2132,WLNM_dir_neg,0.97464420439,0.79862965543,00:00:03,10,50,37,1235135461,threshold_sweep,0.8,0.888888888889,0.0740740740741,0.136752136752,8,1,100,215,0.0740740740741,0.99537037037,0.00462962962963,0.925925925926,0.888888888889,0.0740740740741,0.136752136752,0.688271604938,0.657407407407,0.0900900900901,0.199204768222,0.0694444444444,216,108,108,0,216,0,108,0,108,37,216,0.162162162162,1.32432432432,11.6756756757,21.6,6,8.1990990496,0.702237650082,0.31006006006,10.329336629,1.76937710775,0.765265265265,3.0868314707,0.528762798222,0.252752752753,0.579945114934,0.437917739848,2,1.32432432432,0.579945114934,2,0.0121701261701,0.00597269624573,7,0.000900900900901,0.621196581197,37,37,37,1,0,0.72972972973,0.243243243243,0.027027027027,37,0.0810810810811,1.32432432432,5.83783783784,10.8,3.375,4.38756774885,0.751574105127,0.372372372372,5.38711620638,1.84558610774,0.79029029029,1.97734921294,0.677425193322,0.377877877878,0.579945114934,0.437917739848,2,1.32432432432,0.579945114934,2,0.0097619047619,0.00345224395857,1,0.0001287001287,0.203879539506,37,37,37,1,0,0.72972972973,0.135135135135,0.135135135135,37,117,0.0878378378378,1.32432432432,6.32432432432,11.7,3.25,4.76709819756,0.753771937222,0.386001386001,5.51015987625,1.74252919164,0.768768768769,1.70804491083,0.540150954707,0.297066297066,0.579945114934,0.437917739848,2,1.32432432432,0.579945114934,2,0.013091329772,0.0174418604651,6,0.000772200772201,0.213509169136,37,37,37,1,0,0.72972972973,0.243243243243,0.027027027027,-99,-0.0743243243243,0,-5.35135135135,-9.9,-2.75,-3.43200085204,0.0515342871399,0.0759413259413,-4.81917675275,-0.0268479161099,0.0035035035035,-1.37878655987,0.011388156485,0.0443135443135,0,0,0,0,0,0,0.000921203601876,0.0114691642194,-1,-0.0001287001287,-0.40768741206,0,0,0,116,1,100,1115,0.537037037037,0.999103942652,0.00089605734767,0.462962962963,0.991452991453,0.537037037037,0.696696696697,0.698163124599,0.536140979689,0.534562211982,9,108,0,0,0,0
2133,WLNM_dir_neg,0.97464420439,0.79862965543,00:00:03,10,50,37,1235135461,threshold_sweep,0.9,1,0.037037037037,0.0714285714286,4,0,104,216,0.037037037037,1,0,0.962962962963,1,0.037037037037,0.0714285714286,0.679012345679,0.662551440329,0.0487804878049,0.158113883008,0.037037037037,216,108,108,0,216,0,108,0,108,37,216,0.162162162162,1.32432432432,11.6756756757,21.6,6,8.1990990496,0.702237650082,0.31006006006,10.329336629,1.76937710775,0.765265265265,3.0868314707,0.528762798222,0.252752752753,0.579945114934,0.437917739848,2,1.32432432432,0.579945114934,2,0.0121701261701,0.00597269624573,7,0.000900900900901,0.621196581197,37,37,37,1,0,0.72972972973,0.243243243243,0.027027027027,37,0.0810810810811,1.32432432432,5.83783783784,10.8,3.375,4.38756774885,0.751574105127,0.372372372372,5.38711620638,1.84558610774,0.79029029029,1.97734921294,0.677425193322,0.377877877878,0.579945114934,0.437917739848,2,1.32432432432,0.579945114934,2,0.0097619047619,0.00345224395857,1,0.0001287001287,0.203879539506,37,37,37,1,0,0.72972972973,0.135135135135,0.135135135135,37,112,0.0840840840841,1.32432432432,6.05405405405,11.2,3.11111111111,4.55793536316,0.752873251951,0.378861003861,5.4491920221,1.8001795073,0.781370656371,1.83312857169,0.605587117435,0.334459459459,0.579945114934,0.437917739848,2,1.32432432432,0.579945114934,2,0.00602040816327,0.0031914893617,1,0.0001287001287,0.202398058025,37,37,37,1,0,0.72972972973,0.243243243243,0.027027027027,-104,-0.0780780780781,0,-5.62162162162,-10.4,-2.88888888889,-3.64116368644,0.0506356018692,0.0688009438009,-4.8801446069,0.0308023995548,0.0161053911054,-1.25370289901,0.0768243192121,0.0817067067067,0,0,0,0,0,0,-0.00614971800686,-0.00278120688403,-6,-0.000772200772201,-0.418798523172,0,0,0,112,0,104,1116,0.518518518519,1,0,0.481481481481,1,0.518518518519,0.682926829268,0.688706715439,0.518518518519,0.518518518519,4,108,0,0,0,0
2134,WLNM_dir_neg,0.986282578875,0.93691966523,00:00:06,10,50,38,1235135462,threshold_sweep,0.1,1,0.203703703704,0.338461538462,22,0,86,216,0.203703703704,1,0,0.796296296296,1,0.203703703704,0.338461538462,0.734567901235,0.644032921811,0.254335260116,0.381700621218,0.203703703704,216,108,108,0,216,0,108,0,108,37,216,0.162162162162,1.32432432432,11.6756756757,21.6,6,8.1990990496,0.702237650082,0.31006006006,10.329336629,1.76937710775,0.765265265265,3.0868314707,0.528762798222,0.252752752753,0.579945114934,0.437917739848,2,1.32432432432,0.579945114934,2,0.0121701261701,0.00597269624573,7,0.000900900900901,0.621196581197,37,37,37,1,0,0.72972972973,0.243243243243,0.027027027027,37,0.0810810810811,1.32046332046,5.83783783784,10.8,3.375,4.4815269813,0.767668973648,0.388888888889,5.25662744848,1.80088162587,0.782282282282,1.89118390871,0.647905598356,0.364364364364,0.56884874529,0.430794810029,2,1.32936507937,0.574298349383,2,0,0,0,0,0.208773746607,37,36,36,0.972972972973,0,0.702702702703,0.162162162162,0.108108108108,37,130,0.0975975975976,1.32432432432,7.02702702703,13,3.82352941176,5.53015213015,0.786983187752,0.385239085239,6.4058203639,1.82319502665,0.782952182952,2.03608586402,0.579501361297,0.325571725572,0.579945114934,0.437917739848,2,1.33333333333,0.585540043769,2,0.0140478071571,0.0134932533733,6,0.000772200772201,0.261763956336,37,36,36,0.972972972973,0,0.702702702703,0.216216216216,0.0540540540541,-86,-0.0645645645646,0,-4.64864864865,-8.6,-2.17647058824,-2.66894691946,0.08474553767,0.075179025179,-3.9235162651,0.0538179189027,0.0176869176869,-1.05074560669,0.0507385630744,0.072818972819,0,0,0,0.00900900900901,0.00559492883467,0,0.00187768098692,0.00752055712758,-1,-0.0001287001287,-0.359432624861,-0.027027027027,-0.027027027027,0.027027027027,130,0,86,1116,0.601851851852,1,0,0.398148148148,1,0.601851851852,0.751445086705,0.747523179606,0.601851851852,0.601851851852,22,108,0,0,0,0
2135,WLNM_dir_neg,0.986282578875,0.93691966523,00:00:06,10,50,38,1235135462,threshold_sweep,0.2,1,0.203703703704,0.338461538462,22,0,86,216,0.203703703704,1,0,0.796296296296,1,0.203703703704,0.338461538462,0.734567901235,0.644032921811,0.254335260116,0.381700621218,0.203703703704,216,108,108,0,216,0,108,0,108,37,216,0.162162162162,1.32432432432,11.6756756757,21.6,6,8.1990990496,0.702237650082,0.31006006006,10.329336629,1.76937710775,0.765265265265,3.0868314707,0.528762798222,0.252752752753,0.579945114934,0.437917739848,2,1.32432432432,0.579945114934,2,0.0121701261701,0.00597269624573,7,0.000900900900901,0.621196581197,37,37,37,1,0,0.72972972973,0.243243243243,0.027027027027,37,0.0810810810811,1.32046332046,5.83783783784,10.8,3.375,4.4815269813,0.767668973648,0.388888888889,5.25662744848,1.80088162587,0.782282282282,1.89118390871,0.647905598356,0.364364364364,0.56884874529,0.430794810029,2,1.32936507937,0.574298349383,2,0,0,0,0,0.208773746607,37,36,36,0.972972972973,0,0.702702702703,0.162162162162,0.108108108108,37,130,0.0975975975976,1.32432432432,7.02702702703,13,3.82352941176,5.53015213015,0.786983187752,0.385239085239,6.4058203639,1.82319502665,0.782952182952,2.03608586402,0.579501361297,0.325571725572,0.579945114934,0.437917739848,2,1.33333333333,0.585540043769,2,0.0140478071571,0.0134932533733,6,0.000772200772201,0.261763956336,37,36,36,0.972972972973,0,0.702702702703,0.216216216216,0.0540540540541,-86,-0.0645645645646,0,-4.64864864865,-8.6,-2.17647058824,-2.66894691946,0.08474553767,0.075179025179,-3.9235162651,0.0538179189027,0.0176869176869,-1.05074560669,0.0507385630744,0.072818972819,0,0,0,0.00900900900901,0.00559492883467,0,0.00187768098692,0.00752055712758,-1,-0.0001287001287,-0.359432624861,-0.027027027027,-0.027027027027,0.027027027027,130,0,86,1116,0.601851851852,1,0,0.398148148148,1,0.601851851852,0.751445086705,0.747523179606,0.601851851852,0.601851851852,22,108,0,0,0,0
2136,WLNM_dir_neg,0.986282578875,0.93691966523,00:00:06,10,50,38,1235135462,threshold_sweep,0.3,1,0.203703703704,0.338461538462,22,0,86,216,0.203703703704,1,0,0.796296296296,1,0.203703703704,0.338461538462,0.734567901235,0.644032921811,0.254335260116,0.381700621218,0.203703703704,216,108,108,0,216,0,108,0,108,37,216,0.162162162162,1.32432432432,11.6756756757,21.6,6,8.1990990496,0.702237650082,0.31006006006,10.329336629,1.76937710775,0.765265265265,3.0868314707,0.528762798222,0.252752752753,0.579945114934,0.437917739848,2,1.32432432432,0.579945114934,2,0.0121701261701,0.00597269624573,7,0.000900900900901,0.621196581197,37,37,37,1,0,0.72972972973,0.243243243243,0.027027027027,37,0.0810810810811,1.32046332046,5.83783783784,10.8,3.375,4.4815269813,0.767668973648,0.388888888889,5.25662744848,1.80088162587,0.782282282282,1.89118390871,0.647905598356,0.364364364364,0.56884874529,0.430794810029,2,1.32936507937,0.574298349383,2,0,0,0,0,0.208773746607,37,36,36,0.972972972973,0,0.702702702703,0.162162162162,0.108108108108,37,130,0.0975975975976,1.32432432432,7.02702702703,13,3.82352941176,5.53015213015,0.786983187752,0.385239085239,6.4058203639,1.82319502665,0.782952182952,2.03608586402,0.579501361297,0.325571725572,0.579945114934,0.437917739848,2,1.33333333333,0.585540043769,2,0.0140478071571,0.0134932533733,6,0.000772200772201,0.261763956336,37,36,36,0.972972972973,0,0.702702702703,0.216216216216,0.0540540540541,-86,-0.0645645645646,0,-4.64864864865,-8.6,-2.17647058824,-2.66894691946,0.08474553767,0.075179025179,-3.9235162651,0.0538179189027,0.0176869176869,-1.05074560669,0.0507385630744,0.072818972819,0,0,0,0.00900900900901,0.00559492883467,0,0.00187768098692,0.00752055712758,-1,-0.0001287001287,-0.359432624861,-0.027027027027,-0.027027027027,0.027027027027,130,0,86,1116,0.601851851852,1,0,0.398148148148,1,0.601851851852,0.751445086705,0.747523179606,0.601851851852,0.601851851852,22,108,0,0,0,0
2137,WLNM_dir_neg,0.986282578875,0.93691966523,00:00:06,10,50,38,1235135462,threshold_sweep,0.4,1,0.203703703704,0.338461538462,22,0,86,216,0.203703703704,1,0,0.796296296296,1,0.203703703704,0.338461538462,0.734567901235,0.644032921811,0.254335260116,0.381700621218,0.203703703704,216,108,108,0,216,0,108,0,108,37,216,0.162162162162,1.32432432432,11.6756756757,21.6,6,8.1990990496,0.702237650082,0.31006006006,10.329336629,1.76937710775,0.765265265265,3.0868314707,0.528762798222,0.252752752753,0.579945114934,0.437917739848,2,1.32432432432,0.579945114934,2,0.0121701261701,0.00597269624573,7,0.000900900900901,0.621196581197,37,37,37,1,0,0.72972972973,0.243243243243,0.027027027027,37,0.0810810810811,1.32046332046,5.83783783784,10.8,3.375,4.4815269813,0.767668973648,0.388888888889,5.25662744848,1.80088162587,0.782282282282,1.89118390871,0.647905598356,0.364364364364,0.56884874529,0.430794810029,2,1.32936507937,0.574298349383,2,0,0,0,0,0.208773746607,37,36,36,0.972972972973,0,0.702702702703,0.162162162162,0.108108108108,37,130,0.0975975975976,1.32432432432,7.02702702703,13,3.82352941176,5.53015213015,0.786983187752,0.385239085239,6.4058203639,1.82319502665,0.782952182952,2.03608586402,0.579501361297,0.325571725572,0.579945114934,0.437917739848,2,1.33333333333,0.585540043769,2,0.0140478071571,0.0134932533733,6,0.000772200772201,0.261763956336,37,36,36,0.972972972973,0,0.702702702703,0.216216216216,0.0540540540541,-86,-0.0645645645646,0,-4.64864864865,-8.6,-2.17647058824,-2.66894691946,0.08474553767,0.075179025179,-3.9235162651,0.0538179189027,0.0176869176869,-1.05074560669,0.0507385630744,0.072818972819,0,0,0,0.00900900900901,0.00559492883467,0,0.00187768098692,0.00752055712758,-1,-0.0001287001287,-0.359432624861,-0.027027027027,-0.027027027027,0.027027027027,130,0,86,1116,0.601851851852,1,0,0.398148148148,1,0.601851851852,0.751445086705,0.747523179606,0.601851851852,0.601851851852,22,108,0,0,0,0
2138,WLNM_dir_neg,0.986282578875,0.93691966523,00:00:06,10,50,38,1235135462,threshold_sweep,0.5,1,0.203703703704,0.338461538462,22,0,86,216,0.203703703704,1,0,0.796296296296,1,0.203703703704,0.338461538462,0.734567901235,0.644032921811,0.254335260116,0.381700621218,0.203703703704,216,108,108,0,216,0,108,0,108,37,216,0.162162162162,1.32432432432,11.6756756757,21.6,6,8.1990990496,0.702237650082,0.31006006006,10.329336629,1.76937710775,0.765265265265,3.0868314707,0.528762798222,0.252752752753,0.579945114934,0.437917739848,2,1.32432432432,0.579945114934,2,0.0121701261701,0.00597269624573,7,0.000900900900901,0.621196581197,37,37,37,1,0,0.72972972973,0.243243243243,0.027027027027,37,0.0810810810811,1.32046332046,5.83783783784,10.8,3.375,4.4815269813,0.767668973648,0.388888888889,5.25662744848,1.80088162587,0.782282282282,1.89118390871,0.647905598356,0.364364364364,0.56884874529,0.430794810029,2,1.32936507937,0.574298349383,2,0,0,0,0,0.208773746607,37,36,36,0.972972972973,0,0.702702702703,0.162162162162,0.108108108108,37,130,0.0975975975976,1.32432432432,7.02702702703,13,3.82352941176,5.53015213015,0.786983187752,0.385239085239,6.4058203639,1.82319502665,0.782952182952,2.03608586402,0.579501361297,0.325571725572,0.579945114934,0.437917739848,2,1.33333333333,0.585540043769,2,0.0140478071571,0.0134932533733,6,0.000772200772201,0.261763956336,37,36,36,0.972972972973,0,0.702702702703,0.216216216216,0.0540540540541,-86,-0.0645645645646,0,-4.64864864865,-8.6,-2.17647058824,-2.66894691946,0.08474553767,0.075179025179,-3.9235162651,0.0538179189027,0.0176869176869,-1.05074560669,0.0507385630744,0.072818972819,0,0,0,0.00900900900901,0.00559492883467,0,0.00187768098692,0.00752055712758,-1,-0.0001287001287,-0.359432624861,-0.027027027027,-0.027027027027,0.027027027027,130,0,86,1116,0.601851851852,1,0,0.398148148148,1,0.601851851852,0.751445086705,0.747523179606,0.601851851852,0.601851851852,22,108,0,0,0,0
2139,WLNM_dir_neg,0.986282578875,0.93691966523,00:00:06,10,50,38,1235135462,threshold_sweep,0.6,1,0.203703703704,0.338461538462,22,0,86,216,0.203703703704,1,0,0.796296296296,1,0.203703703704,0.338461538462,0.734567901235,0.644032921811,0.254335260116,0.381700621218,0.203703703704,216,108,108,0,216,0,108,0,108,37,216,0.162162162162,1.32432432432,11.6756756757,21.6,6,8.1990990496,0.702237650082,0.31006006006,10.329336629,1.76937710775,0.765265265265,3.0868314707,0.528762798222,0.252752752753,0.579945114934,0.437917739848,2,1.32432432432,0.579945114934,2,0.0121701261701,0.00597269624573,7,0.000900900900901,0.621196581197,37,37,37,1,0,0.72972972973,0.243243243243,0.027027027027,37,0.0810810810811,1.32046332046,5.83783783784,10.8,3.375,4.4815269813,0.767668973648,0.388888888889,5.25662744848,1.80088162587,0.782282282282,1.89118390871,0.647905598356,0.364364364364,0.56884874529,0.430794810029,2,1.32936507937,0.574298349383,2,0,0,0,0,0.208773746607,37,36,36,0.972972972973,0,0.702702702703,0.162162162162,0.108108108108,37,130,0.0975975975976,1.32432432432,7.02702702703,13,3.82352941176,5.53015213015,0.786983187752,0.385239085239,6.4058203639,1.82319502665,0.782952182952,2.03608586402,0.579501361297,0.325571725572,0.579945114934,0.437917739848,2,1.33333333333,0.585540043769,2,0.0140478071571,0.0134932533733,6,0.000772200772201,0.261763956336,37,36,36,0.972972972973,0,0.702702702703,0.216216216216,0.0540540540541,-86,-0.0645645645646,0,-4.64864864865,-8.6,-2.17647058824,-2.66894691946,0.08474553767,0.075179025179,-3.9235162651,0.0538179189027,0.0176869176869,-1.05074560669,0.0507385630744,0.072818972819,0,0,0,0.00900900900901,0.00559492883467,0,0.00187768098692,0.00752055712758,-1,-0.0001287001287,-0.359432624861,-0.027027027027,-0.027027027027,0.027027027027,130,0,86,1116,0.601851851852,1,0,0.398148148148,1,0.601851851852,0.751445086705,0.747523179606,0.601851851852,0.601851851852,22,108,0,0,0,0
2140,WLNM_dir_neg,0.986282578875,0.93691966523,00:00:06,10,50,38,1235135462,threshold_sweep,0.7,1,0.203703703704,0.338461538462,22,0,86,216,0.203703703704,1,0,0.796296296296,1,0.203703703704,0.338461538462,0.734567901235,0.644032921811,0.254335260116,0.381700621218,0.203703703704,216,108,108,0,216,0,108,0,108,37,216,0.162162162162,1.32432432432,11.6756756757,21.6,6,8.1990990496,0.702237650082,0.31006006006,10.329336629,1.76937710775,0.765265265265,3.0868314707,0.528762798222,0.252752752753,0.579945114934,0.437917739848,2,1.32432432432,0.579945114934,2,0.0121701261701,0.00597269624573,7,0.000900900900901,0.621196581197,37,37,37,1,0,0.72972972973,0.243243243243,0.027027027027,37,0.0810810810811,1.32046332046,5.83783783784,10.8,3.375,4.4815269813,0.767668973648,0.388888888889,5.25662744848,1.80088162587,0.782282282282,1.89118390871,0.647905598356,0.364364364364,0.56884874529,0.430794810029,2,1.32936507937,0.574298349383,2,0,0,0,0,0.208773746607,37,36,36,0.972972972973,0,0.702702702703,0.162162162162,0.108108108108,37,130,0.0975975975976,1.32432432432,7.02702702703,13,3.82352941176,5.53015213015,0.786983187752,0.385239085239,6.4058203639,1.82319502665,0.782952182952,2.03608586402,0.579501361297,0.325571725572,0.579945114934,0.437917739848,2,1.33333333333,0.585540043769,2,0.0140478071571,0.0134932533733,6,0.000772200772201,0.261763956336,37,36,36,0.972972972973,0,0.702702702703,0.216216216216,0.0540540540541,-86,-0.0645645645646,0,-4.64864864865,-8.6,-2.17647058824,-2.66894691946,0.08474553767,0.075179025179,-3.9235162651,0.0538179189027,0.0176869176869,-1.05074560669,0.0507385630744,0.072818972819,0,0,0,0.00900900900901,0.00559492883467,0,0.00187768098692,0.00752055712758,-1,-0.0001287001287,-0.359432624861,-0.027027027027,-0.027027027027,0.027027027027,130,0,86,1116,0.601851851852,1,0,0.398148148148,1,0.601851851852,0.751445086705,0.747523179606,0.601851851852,0.601851851852,22,108,0,0,0,0
2141,WLNM_dir_neg,0.986282578875,0.93691966523,00:00:06,10,50,38,1235135462,threshold_sweep,0.8,1,0.194444444444,0.325581395349,21,0,87,216,0.194444444444,1,0,0.805555555556,1,0.194444444444,0.325581395349,0.731481481481,0.645061728395,0.24347826087,0.372308825286,0.194444444444,216,108,108,0,216,0,108,0,108,37,216,0.162162162162,1.32432432432,11.6756756757,21.6,6,8.1990990496,0.702237650082,0.31006006006,10.329336629,1.76937710775,0.765265265265,3.0868314707,0.528762798222,0.252752752753,0.579945114934,0.437917739848,2,1.32432432432,0.579945114934,2,0.0121701261701,0.00597269624573,7,0.000900900900901,0.621196581197,37,37,37,1,0,0.72972972973,0.243243243243,0.027027027027,37,0.0810810810811,1.32046332046,5.83783783784,10.8,3.375,4.4815269813,0.767668973648,0.388888888889,5.25662744848,1.80088162587,0.782282282282,1.89118390871,0.647905598356,0.364364364364,0.56884874529,0.430794810029,2,1.32936507937,0.574298349383,2,0,0,0,0,0.208773746607,37,36,36,0.972972972973,0,0.702702702703,0.162162162162,0.108108108108,37,129,0.0968468468468,1.32432432432,6.97297297297,12.9,3.90909090909,5.48475911801,0.78657398204,0.383197150639,6.39279812507,1.83359326068,0.785250366646,2.07661077535,0.595617044094,0.33438089252,0.579945114934,0.437917739848,2,1.33333333333,0.585540043769,2,0.0160886234836,0.0137195121951,6,0.000772200772201,0.263615808188,37,36,36,0.972972972973,0,0.702702702703,0.189189189189,0.0810810810811,-87,-0.0653153153153,0,-4.7027027027,-8.7,-2.09090909091,-2.7143399316,0.0843363319582,0.073137090579,-3.93653850393,0.064216152933,0.0199851013805,-1.01022069535,0.0668542458711,0.0816281397677,0,0,0,0.00900900900901,0.00559492883467,0,0.00391849731346,0.00774681594939,-1,-0.0001287001287,-0.357580773009,-0.027027027027,-0.0540540540541,0.0540540540541,129,0,87,1116,0.597222222222,1,0,0.402777777778,1,0.597222222222,0.747826086957,0.744332981734,0.597222222222,0.597222222222,21,108,0,0,0,0
2142,WLNM_dir_neg,0.986282578875,0.93691966523,00:00:06,10,50,38,1235135462,threshold_sweep,0.9,1,0.194444444444,0.325581395349,21,0,87,216,0.194444444444,1,0,0.805555555556,1,0.194444444444,0.325581395349,0.731481481481,0.645061728395,0.24347826087,0.372308825286,0.194444444444,216,108,108,0,216,0,108,0,108,37,216,0.162162162162,1.32432432432,11.6756756757,21.6,6,8.1990990496,0.702237650082,0.31006006006,10.329336629,1.76937710775,0.765265265265,3.0868314707,0.528762798222,0.252752752753,0.579945114934,0.437917739848,2,1.32432432432,0.579945114934,2,0.0121701261701,0.00597269624573,7,0.000900900900901,0.621196581197,37,37,37,1,0,0.72972972973,0.243243243243,0.027027027027,37,0.0810810810811,1.32046332046,5.83783783784,10.8,3.375,4.4815269813,0.767668973648,0.388888888889,5.25662744848,1.80088162587,0.782282282282,1.89118390871,0.647905598356,0.364364364364,0.56884874529,0.430794810029,2,1.32936507937,0.574298349383,2,0,0,0,0,0.208773746607,37,36,36,0.972972972973,0,0.702702702703,0.162162162162,0.108108108108,37,129,0.0968468468468,1.32432432432,6.97297297297,12.9,3.90909090909,5.48475911801,0.78657398204,0.383197150639,6.39279812507,1.83359326068,0.785250366646,2.07661077535,0.595617044094,0.33438089252,0.579945114934,0.437917739848,2,1.33333333333,0.585540043769,2,0.0160886234836,0.0137195121951,6,0.000772200772201,0.263615808188,37,36,36,0.972972972973,0,0.702702702703,0.189189189189,0.0810810810811,-87,-0.0653153153153,0,-4.7027027027,-8.7,-2.09090909091,-2.7143399316,0.0843363319582,0.073137090579,-3.93653850393,0.064216152933,0.0199851013805,-1.01022069535,0.0668542458711,0.0816281397677,0,0,0,0.00900900900901,0.00559492883467,0,0.00391849731346,0.00774681594939,-1,-0.0001287001287,-0.357580773009,-0.027027027027,-0.0540540540541,0.0540540540541,129,0,87,1116,0.597222222222,1,0,0.402777777778,1,0.597222222222,0.747826086957,0.744332981734,0.597222222222,0.597222222222,21,108,0,0,0,0
2143,WLNM_dir_neg,0.984975137174,0.897494991336,00:00:04,10,50,39,1235135463,threshold_sweep,0.1,0.888888888889,0.0740740740741,0.136752136752,8,1,100,215,0.0740740740741,0.99537037037,0.00462962962963,0.925925925926,0.888888888889,0.0740740740741,0.136752136752,0.688271604938,0.657407407407,0.0900900900901,0.199204768222,0.0694444444444,216,108,108,0,216,0,108,0,108,37,216,0.162162162162,1.32432432432,11.6756756757,21.6,6,8.1990990496,0.702237650082,0.31006006006,10.329336629,1.76937710775,0.765265265265,3.0868314707,0.528762798222,0.252752752753,0.579945114934,0.437917739848,2,1.32432432432,0.579945114934,2,0.0121701261701,0.00597269624573,7,0.000900900900901,0.621196581197,37,37,37,1,0,0.72972972973,0.243243243243,0.027027027027,37,0.0810810810811,1.32432432432,5.83783783784,10.8,3.27272727273,4.4253908397,0.758053060504,0.392142142142,5.25662744848,1.80088162587,0.78028028028,2.03276465242,0.696410112403,0.38988988989,0.579945114934,0.437917739848,2,1.33333333333,0.585540043769,2,0,0,0,0,0.215083057886,37,36,36,0.972972972973,0,0.702702702703,0.189189189189,0.0810810810811,37,117,0.0878378378378,1.32863298081,6.32432432432,11.7,3.16216216216,4.72613333882,0.747294587763,0.393855393855,5.4135299303,1.7119710036,0.759990759991,1.77190283019,0.560345339462,0.310926310926,0.593083014972,0.446385889512,2.14492753623,1.32863298081,0.593083014972,2.14492753623,0.0148349125622,0.0178571428571,6,0.000772200772201,0.224029666833,37,37,37,1,0,0.72972972973,0.27027027027,0,-99,-0.0743243243243,0.00430865648257,-5.35135135135,-9.9,-2.83783783784,-3.47296571078,0.0450569376808,0.0837953337953,-4.91580669869,-0.0574061041446,-0.00527450527451,-1.31492864051,0.0315825412397,0.0581735581736,0.0131379000378,0.00846814966335,0.144927536232,0.00430865648257,0.0131379000378,0.144927536232,0.00266478639206,0.0118844466114,-1,-0.0001287001287,-0.397166914364,0,0.027027027027,-0.027027027027,116,1,100,1115,0.537037037037,0.999103942652,0.00089605734767,0.462962962963,0.991452991453,0.537037037037,0.696696696697,0.698163124599,0.536140979689,0.534562211982,9,108,0,0,0,0
2144,WLNM_dir_neg,0.984975137174,0.897494991336,00:00:04,10,50,39,1235135463,threshold_sweep,0.2,0.888888888889,0.0740740740741,0.136752136752,8,1,100,215,0.0740740740741,0.99537037037,0.00462962962963,0.925925925926,0.888888888889,0.0740740740741,0.136752136752,0.688271604938,0.657407407407,0.0900900900901,0.199204768222,0.0694444444444,216,108,108,0,216,0,108,0,108,37,216,0.162162162162,1.32432432432,11.6756756757,21.6,6,8.1990990496,0.702237650082,0.31006006006,10.329336629,1.76937710775,0.765265265265,3.0868314707,0.528762798222,0.252752752753,0.579945114934,0.437917739848,2,1.32432432432,0.579945114934,2,0.0121701261701,0.00597269624573,7,0.000900900900901,0.621196581197,37,37,37,1,0,0.72972972973,0.243243243243,0.027027027027,37,0.0810810810811,1.32432432432,5.83783783784,10.8,3.27272727273,4.4253908397,0.758053060504,0.392142142142,5.25662744848,1.80088162587,0.78028028028,2.03276465242,0.696410112403,0.38988988989,0.579945114934,0.437917739848,2,1.33333333333,0.585540043769,2,0,0,0,0,0.215083057886,37,36,36,0.972972972973,0,0.702702702703,0.189189189189,0.0810810810811,37,117,0.0878378378378,1.32863298081,6.32432432432,11.7,3.16216216216,4.72613333882,0.747294587763,0.393855393855,5.4135299303,1.7119710036,0.759990759991,1.77190283019,0.560345339462,0.310926310926,0.593083014972,0.446385889512,2.14492753623,1.32863298081,0.593083014972,2.14492753623,0.0148349125622,0.0178571428571,6,0.000772200772201,0.224029666833,37,37,37,1,0,0.72972972973,0.27027027027,0,-99,-0.0743243243243,0.00430865648257,-5.35135135135,-9.9,-2.83783783784,-3.47296571078,0.0450569376808,0.0837953337953,-4.91580669869,-0.0574061041446,-0.00527450527451,-1.31492864051,0.0315825412397,0.0581735581736,0.0131379000378,0.00846814966335,0.144927536232,0.00430865648257,0.0131379000378,0.144927536232,0.00266478639206,0.0118844466114,-1,-0.0001287001287,-0.397166914364,0,0.027027027027,-0.027027027027,116,1,100,1115,0.537037037037,0.999103942652,0.00089605734767,0.462962962963,0.991452991453,0.537037037037,0.696696696697,0.698163124599,0.536140979689,0.534562211982,9,108,0,0,0,0
2145,WLNM_dir_neg,0.984975137174,0.897494991336,00:00:04,10,50,39,1235135463,threshold_sweep,0.3,0.833333333333,0.0462962962963,0.0877192982456,5,1,103,215,0.0462962962963,0.99537037037,0.00462962962963,0.953703703704,0.833333333333,0.0462962962963,0.0877192982456,0.679012345679,0.66049382716,0.0545454545455,0.145692879354,0.0416666666667,216,108,108,0,216,0,108,0,108,37,216,0.162162162162,1.32432432432,11.6756756757,21.6,6,8.1990990496,0.702237650082,0.31006006006,10.329336629,1.76937710775,0.765265265265,3.0868314707,0.528762798222,0.252752752753,0.579945114934,0.437917739848,2,1.32432432432,0.579945114934,2,0.0121701261701,0.00597269624573,7,0.000900900900901,0.621196581197,37,37,37,1,0,0.72972972973,0.243243243243,0.027027027027,37,0.0810810810811,1.32432432432,5.83783783784,10.8,3.27272727273,4.4253908397,0.758053060504,0.392142142142,5.25662744848,1.80088162587,0.78028028028,2.03276465242,0.696410112403,0.38988988989,0.579945114934,0.437917739848,2,1.33333333333,0.585540043769,2,0,0,0,0,0.215083057886,37,36,36,0.972972972973,0,0.702702702703,0.189189189189,0.0810810810811,37,114,0.0855855855856,1.32818532819,6.16216216216,11.4,3.35294117647,4.63988453828,0.752963718931,0.395211000474,5.33009473742,1.72994302881,0.765765765766,1.89118390871,0.613805303705,0.34329065908,0.591765934822,0.445544700927,2.14285714286,1.3373015873,0.597519437724,2.14285714286,0.0172880150153,0.0184426229508,6,0.000772200772201,0.228575121378,37,36,36,0.972972972973,0,0.702702702703,0.216216216216,0.0540540540541,-102,-0.0765765765766,0.003861003861,-5.51351351351,-10.2,-2.64705882353,-3.55921451133,0.0507260688488,0.0851509404141,-4.99924189158,-0.0394340789324,0.0005005005005,-1.19564756199,0.0850425054828,0.0905379063274,0.0118208198873,0.0076269610784,0.142857142857,0.0129772629773,0.0175743227896,0.142857142857,0.00511788884516,0.0124699267051,-1,-0.0001287001287,-0.392621459818,-0.027027027027,-0.027027027027,0.027027027027,113,1,103,1115,0.523148148148,0.999103942652,0.00089605734767,0.476851851852,0.991228070175,0.523148148148,0.684848484848,0.688118272496,0.5222520908,0.520737327189,6,108,0,0,0,0
2146,WLNM_dir_neg,0.984975137174,0.897494991336,00:00:04,10,50,39,1235135463,threshold_sweep,0.4,0.833333333333,0.0462962962963,0.0877192982456,5,1,103,215,0.0462962962963,0.99537037037,0.00462962962963,0.953703703704,0.833333333333,0.0462962962963,0.0877192982456,0.679012345679,0.66049382716,0.0545454545455,0.145692879354,0.0416666666667,216,108,108,0,216,0,108,0,108,37,216,0.162162162162,1.32432432432,11.6756756757,21.6,6,8.1990990496,0.702237650082,0.31006006006,10.329336629,1.76937710775,0.765265265265,3.0868314707,0.528762798222,0.252752752753,0.579945114934,0.437917739848,2,1.32432432432,0.579945114934,2,0.0121701261701,0.00597269624573,7,0.000900900900901,0.621196581197,37,37,37,1,0,0.72972972973,0.243243243243,0.027027027027,37,0.0810810810811,1.32432432432,5.83783783784,10.8,3.27272727273,4.4253908397,0.758053060504,0.392142142142,5.25662744848,1.80088162587,0.78028028028,2.03276465242,0.696410112403,0.38988988989,0.579945114934,0.437917739848,2,1.33333333333,0.585540043769,2,0,0,0,0,0.215083057886,37,36,36,0.972972972973,0,0.702702702703,0.189189189189,0.0810810810811,37,114,0.0855855855856,1.32818532819,6.16216216216,11.4,3.35294117647,4.63988453828,0.752963718931,0.395211000474,5.33009473742,1.72994302881,0.765765765766,1.89118390871,0.613805303705,0.34329065908,0.591765934822,0.445544700927,2.14285714286,1.3373015873,0.597519437724,2.14285714286,0.0172880150153,0.0184426229508,6,0.000772200772201,0.228575121378,37,36,36,0.972972972973,0,0.702702702703,0.216216216216,0.0540540540541,-102,-0.0765765765766,0.003861003861,-5.51351351351,-10.2,-2.64705882353,-3.55921451133,0.0507260688488,0.0851509404141,-4.99924189158,-0.0394340789324,0.0005005005005,-1.19564756199,0.0850425054828,0.0905379063274,0.0118208198873,0.0076269610784,0.142857142857,0.0129772629773,0.0175743227896,0.142857142857,0.00511788884516,0.0124699267051,-1,-0.0001287001287,-0.392621459818,-0.027027027027,-0.027027027027,0.027027027027,113,1,103,1115,0.523148148148,0.999103942652,0.00089605734767,0.476851851852,0.991228070175,0.523148148148,0.684848484848,0.688118272496,0.5222520908,0.520737327189,6,108,0,0,0,0
2147,WLNM_dir_neg,0.984975137174,0.897494991336,00:00:04,10,50,39,1235135463,threshold_sweep,0.5,0.833333333333,0.0462962962963,0.0877192982456,5,1,103,215,0.0462962962963,0.99537037037,0.00462962962963,0.953703703704,0.833333333333,0.0462962962963,0.0877192982456,0.679012345679,0.66049382716,0.0545454545455,0.145692879354,0.0416666666667,216,108,108,0,216,0,108,0,108,37,216,0.162162162162,1.32432432432,11.6756756757,21.6,6,8.1990990496,0.702237650082,0.31006006006,10.329336629,1.76937710775,0.765265265265,3.0868314707,0.528762798222,0.252752752753,0.579945114934,0.437917739848,2,1.32432432432,0.579945114934,2,0.0121701261701,0.00597269624573,7,0.000900900900901,0.621196581197,37,37,37,1,0,0.72972972973,0.243243243243,0.027027027027,37,0.0810810810811,1.32432432432,5.83783783784,10.8,3.27272727273,4.4253908397,0.758053060504,0.392142142142,5.25662744848,1.80088162587,0.78028028028,2.03276465242,0.696410112403,0.38988988989,0.579945114934,0.437917739848,2,1.33333333333,0.585540043769,2,0,0,0,0,0.215083057886,37,36,36,0.972972972973,0,0.702702702703,0.189189189189,0.0810810810811,37,114,0.0855855855856,1.32818532819,6.16216216216,11.4,3.35294117647,4.63988453828,0.752963718931,0.395211000474,5.33009473742,1.72994302881,0.765765765766,1.89118390871,0.613805303705,0.34329065908,0.591765934822,0.445544700927,2.14285714286,1.3373015873,0.597519437724,2.14285714286,0.0172880150153,0.0184426229508,6,0.000772200772201,0.228575121378,37,36,36,0.972972972973,0,0.702702702703,0.216216216216,0.0540540540541,-102,-0.0765765765766,0.003861003861,-5.51351351351,-10.2,-2.64705882353,-3.55921451133,0.0507260688488,0.0851509404141,-4.99924189158,-0.0394340789324,0.0005005005005,-1.19564756199,0.0850425054828,0.0905379063274,0.0118208198873,0.0076269610784,0.142857142857,0.0129772629773,0.0175743227896,0.142857142857,0.00511788884516,0.0124699267051,-1,-0.0001287001287,-0.392621459818,-0.027027027027,-0.027027027027,0.027027027027,113,1,103,1115,0.523148148148,0.999103942652,0.00089605734767,0.476851851852,0.991228070175,0.523148148148,0.684848484848,0.688118272496,0.5222520908,0.520737327189,6,108,0,0,0,0
2148,WLNM_dir_neg,0.984975137174,0.897494991336,00:00:04,10,50,39,1235135463,threshold_sweep,0.6,0.833333333333,0.0462962962963,0.0877192982456,5,1,103,215,0.0462962962963,0.99537037037,0.00462962962963,0.953703703704,0.833333333333,0.0462962962963,0.0877192982456,0.679012345679,0.66049382716,0.0545454545455,0.145692879354,0.0416666666667,216,108,108,0,216,0,108,0,108,37,216,0.162162162162,1.32432432432,11.6756756757,21.6,6,8.1990990496,0.702237650082,0.31006006006,10.329336629,1.76937710775,0.765265265265,3.0868314707,0.528762798222,0.252752752753,0.579945114934,0.437917739848,2,1.32432432432,0.579945114934,2,0.0121701261701,0.00597269624573,7,0.000900900900901,0.621196581197,37,37,37,1,0,0.72972972973,0.243243243243,0.027027027027,37,0.0810810810811,1.32432432432,5.83783783784,10.8,3.27272727273,4.4253908397,0.758053060504,0.392142142142,5.25662744848,1.80088162587,0.78028028028,2.03276465242,0.696410112403,0.38988988989,0.579945114934,0.437917739848,2,1.33333333333,0.585540043769,2,0,0,0,0,0.215083057886,37,36,36,0.972972972973,0,0.702702702703,0.189189189189,0.0810810810811,37,114,0.0855855855856,1.32818532819,6.16216216216,11.4,3.35294117647,4.63988453828,0.752963718931,0.395211000474,5.33009473742,1.72994302881,0.765765765766,1.89118390871,0.613805303705,0.34329065908,0.591765934822,0.445544700927,2.14285714286,1.3373015873,0.597519437724,2.14285714286,0.0172880150153,0.0184426229508,6,0.000772200772201,0.228575121378,37,36,36,0.972972972973,0,0.702702702703,0.216216216216,0.0540540540541,-102,-0.0765765765766,0.003861003861,-5.51351351351,-10.2,-2.64705882353,-3.55921451133,0.0507260688488,0.0851509404141,-4.99924189158,-0.0394340789324,0.0005005005005,-1.19564756199,0.0850425054828,0.0905379063274,0.0118208198873,0.0076269610784,0.142857142857,0.0129772629773,0.0175743227896,0.142857142857,0.00511788884516,0.0124699267051,-1,-0.0001287001287,-0.392621459818,-0.027027027027,-0.027027027027,0.027027027027,113,1,103,1115,0.523148148148,0.999103942652,0.00089605734767,0.476851851852,0.991228070175,0.523148148148,0.684848484848,0.688118272496,0.5222520908,0.520737327189,6,108,0,0,0,0
2149,WLNM_dir_neg,0.984975137174,0.897494991336,00:00:04,10,50,39,1235135463,threshold_sweep,0.7,0.833333333333,0.0462962962963,0.0877192982456,5,1,103,215,0.0462962962963,0.99537037037,0.00462962962963,0.953703703704,0.833333333333,0.0462962962963,0.0877192982456,0.679012345679,0.66049382716,0.0545454545455,0.145692879354,0.0416666666667,216,108,108,0,216,0,108,0,108,37,216,0.162162162162,1.32432432432,11.6756756757,21.6,6,8.1990990496,0.702237650082,0.31006006006,10.329336629,1.76937710775,0.765265265265,3.0868314707,0.528762798222,0.252752752753,0.579945114934,0.437917739848,2,1.32432432432,0.579945114934,2,0.0121701261701,0.00597269624573,7,0.000900900900901,0.621196581197,37,37,37,1,0,0.72972972973,0.243243243243,0.027027027027,37,0.0810810810811,1.32432432432,5.83783783784,10.8,3.27272727273,4.4253908397,0.758053060504,0.392142142142,5.25662744848,1.80088162587,0.78028028028,2.03276465242,0.696410112403,0.38988988989,0.579945114934,0.437917739848,2,1.33333333333,0.585540043769,2,0,0,0,0,0.215083057886,37,36,36,0.972972972973,0,0.702702702703,0.189189189189,0.0810810810811,37,114,0.0855855855856,1.32818532819,6.16216216216,11.4,3.35294117647,4.63988453828,0.752963718931,0.395211000474,5.33009473742,1.72994302881,0.765765765766,1.89118390871,0.613805303705,0.34329065908,0.591765934822,0.445544700927,2.14285714286,1.3373015873,0.597519437724,2.14285714286,0.0172880150153,0.0184426229508,6,0.000772200772201,0.228575121378,37,36,36,0.972972972973,0,0.702702702703,0.216216216216,0.0540540540541,-102,-0.0765765765766,0.003861003861,-5.51351351351,-10.2,-2.64705882353,-3.55921451133,0.0507260688488,0.0851509404141,-4.99924189158,-0.0394340789324,0.0005005005005,-1.19564756199,0.0850425054828,0.0905379063274,0.0118208198873,0.0076269610784,0.142857142857,0.0129772629773,0.0175743227896,0.142857142857,0.00511788884516,0.0124699267051,-1,-0.0001287001287,-0.392621459818,-0.027027027027,-0.027027027027,0.027027027027,113,1,103,1115,0.523148148148,0.999103942652,0.00089605734767,0.476851851852,0.991228070175,0.523148148148,0.684848484848,0.688118272496,0.5222520908,0.520737327189,6,108,0,0,0,0
2150,WLNM_dir_neg,0.984975137174,0.897494991336,00:00:04,10,50,39,1235135463,threshold_sweep,0.8,0.833333333333,0.0462962962963,0.0877192982456,5,1,103,215,0.0462962962963,0.99537037037,0.00462962962963,0.953703703704,0.833333333333,0.0462962962963,0.0877192982456,0.679012345679,0.66049382716,0.0545454545455,0.145692879354,0.0416666666667,216,108,108,0,216,0,108,0,108,37,216,0.162162162162,1.32432432432,11.6756756757,21.6,6,8.1990990496,0.702237650082,0.31006006006,10.329336629,1.76937710775,0.765265265265,3.0868314707,0.528762798222,0.252752752753,0.579945114934,0.437917739848,2,1.32432432432,0.579945114934,2,0.0121701261701,0.00597269624573,7,0.000900900900901,0.621196581197,37,37,37,1,0,0.72972972973,0.243243243243,0.027027027027,37,0.0810810810811,1.32432432432,5.83783783784,10.8,3.27272727273,4.4253908397,0.758053060504,0.392142142142,5.25662744848,1.80088162587,0.78028028028,2.03276465242,0.696410112403,0.38988988989,0.579945114934,0.437917739848,2,1.33333333333,0.585540043769,2,0,0,0,0,0.215083057886,37,36,36,0.972972972973,0,0.702702702703,0.189189189189,0.0810810810811,37,114,0.0855855855856,1.32818532819,6.16216216216,11.4,3.35294117647,4.63988453828,0.752963718931,0.395211000474,5.33009473742,1.72994302881,0.765765765766,1.89118390871,0.613805303705,0.34329065908,0.591765934822,0.445544700927,2.14285714286,1.3373015873,0.597519437724,2.14285714286,0.0172880150153,0.0184426229508,6,0.000772200772201,0.228575121378,37,36,36,0.972972972973,0,0.702702702703,0.216216216216,0.0540540540541,-102,-0.0765765765766,0.003861003861,-5.51351351351,-10.2,-2.64705882353,-3.55921451133,0.0507260688488,0.0851509404141,-4.99924189158,-0.0394340789324,0.0005005005005,-1.19564756199,0.0850425054828,0.0905379063274,0.0118208198873,0.0076269610784,0.142857142857,0.0129772629773,0.0175743227896,0.142857142857,0.00511788884516,0.0124699267051,-1,-0.0001287001287,-0.392621459818,-0.027027027027,-0.027027027027,0.027027027027,113,1,103,1115,0.523148148148,0.999103942652,0.00089605734767,0.476851851852,0.991228070175,0.523148148148,0.684848484848,0.688118272496,0.5222520908,0.520737327189,6,108,0,0,0,0
2151,WLNM_dir_neg,0.984975137174,0.897494991336,00:00:04,10,50,39,1235135463,threshold_sweep,0.9,1,0.0462962962963,0.0884955752212,5,0,103,216,0.0462962962963,1,0,0.953703703704,1,0.0462962962963,0.0884955752212,0.682098765432,0.661522633745,0.0607902735562,0.177053557949,0.0462962962963,216,108,108,0,216,0,108,0,108,37,216,0.162162162162,1.32432432432,11.6756756757,21.6,6,8.1990990496,0.702237650082,0.31006006006,10.329336629,1.76937710775,0.765265265265,3.0868314707,0.528762798222,0.252752752753,0.579945114934,0.437917739848,2,1.32432432432,0.579945114934,2,0.0121701261701,0.00597269624573,7,0.000900900900901,0.621196581197,37,37,37,1,0,0.72972972973,0.243243243243,0.027027027027,37,0.0810810810811,1.32432432432,5.83783783784,10.8,3.27272727273,4.4253908397,0.758053060504,0.392142142142,5.25662744848,1.80088162587,0.78028028028,2.03276465242,0.696410112403,0.38988988989,0.579945114934,0.437917739848,2,1.33333333333,0.585540043769,2,0,0,0,0,0.215083057886,37,36,36,0.972972972973,0,0.702702702703,0.189189189189,0.0810810810811,37,113,0.0848348348348,1.32432432432,6.10810810811,11.3,3.42424242424,4.62951751616,0.75792985884,0.39440325281,5.3121765049,1.73938522727,0.768237263812,1.92852773359,0.631464833122,0.353503946424,0.579945114934,0.437917739848,2,1.33333333333,0.585540043769,2,0,0,0,0,0.230956073759,37,36,36,0.972972972973,0,0.702702702703,0.189189189189,0.0810810810811,-103,-0.0773273273273,0,-5.56756756757,-10.3,-2.57575757576,-3.56958153344,0.0556922087585,0.0843431927503,-5.0171601241,-0.0299918804769,0.00297199854722,-1.15830373712,0.102702034899,0.100751193672,0,0,0,0.00900900900901,0.00559492883467,0,-0.0121701261701,-0.00597269624573,-7,-0.000900900900901,-0.390240507437,-0.027027027027,-0.0540540540541,0.0540540540541,113,0,103,1116,0.523148148148,1,0,0.476851851852,1,0.523148148148,0.686930091185,0.692058155085,0.523148148148,0.523148148148,5,108,0,0,0,0
2152,WLNM_dir_neg,0.984375,0.899008030587,00:00:03,10,50,40,1235135464,threshold_sweep,0.1,1,0.0555555555556,0.105263157895,6,0,102,216,0.0555555555556,1,0,0.944444444444,1,0.0555555555556,0.105263157895,0.685185185185,0.66049382716,0.0727272727273,0.194257172471,0.0555555555556,216,108,108,0,216,0,108,0,108,37,216,0.162162162162,1.32432432432,11.6756756757,21.6,6,8.1990990496,0.702237650082,0.31006006006,10.329336629,1.76937710775,0.765265265265,3.0868314707,0.528762798222,0.252752752753,0.579945114934,0.437917739848,2,1.32432432432,0.579945114934,2,0.0121701261701,0.00597269624573,7,0.000900900900901,0.621196581197,37,37,37,1,0,0.72972972973,0.243243243243,0.027027027027,37,0.0810810810811,1.31891891892,5.83783783784,10.8,3.6,4.41910947234,0.75697708554,0.382382382382,5.25662744848,1.80088162587,0.78028028028,2.03276465242,0.696410112403,0.387387387387,0.56462270482,0.428095083573,2,1.32777777778,0.57001810052,2,0,0,0,0,0.22201069618,37,36,36,0.972972972973,0,0.702702702703,0.108108108108,0.162162162162,37,114,0.0855855855856,1.32432432432,6.16216216216,11.4,3.25714285714,4.64586741999,0.753934625173,0.387861545756,5.37679364584,1.74509969207,0.767662399241,1.83148965445,0.59443085276,0.329540066382,0.579945114934,0.437917739848,2,1.33333333333,0.585540043769,2,0.0154087502271,0.0122824974411,4,0.000514800514801,0.217566251735,37,36,36,0.972972972973,0,0.702702702703,0.243243243243,0.027027027027,-102,-0.0765765765766,0,-5.51351351351,-10.2,-2.74285714286,-3.55323162962,0.0516969750912,0.0778014856962,-4.95254298316,-0.0242774156755,0.00239713397608,-1.25534181625,0.0656680545374,0.0767873136294,0,0,0,0.00900900900901,0.00559492883467,0,0.00323862405696,0.00630980119541,-3,-0.0003861003861,-0.403630329461,-0.027027027027,0,0,114,0,102,1116,0.527777777778,1,0,0.472222222222,1,0.527777777778,0.690909090909,0.695398906206,0.527777777778,0.527777777778,6,108,0,0,0,0
2153,WLNM_dir_neg,0.984375,0.899008030587,00:00:03,10,50,40,1235135464,threshold_sweep,0.2,1,0.0555555555556,0.105263157895,6,0,102,216,0.0555555555556,1,0,0.944444444444,1,0.0555555555556,0.105263157895,0.685185185185,0.66049382716,0.0727272727273,0.194257172471,0.0555555555556,216,108,108,0,216,0,108,0,108,37,216,0.162162162162,1.32432432432,11.6756756757,21.6,6,8.1990990496,0.702237650082,0.31006006006,10.329336629,1.76937710775,0.765265265265,3.0868314707,0.528762798222,0.252752752753,0.579945114934,0.437917739848,2,1.32432432432,0.579945114934,2,0.0121701261701,0.00597269624573,7,0.000900900900901,0.621196581197,37,37,37,1,0,0.72972972973,0.243243243243,0.027027027027,37,0.0810810810811,1.31891891892,5.83783783784,10.8,3.6,4.41910947234,0.75697708554,0.382382382382,5.25662744848,1.80088162587,0.78028028028,2.03276465242,0.696410112403,0.387387387387,0.56462270482,0.428095083573,2,1.32777777778,0.57001810052,2,0,0,0,0,0.22201069618,37,36,36,0.972972972973,0,0.702702702703,0.108108108108,0.162162162162,37,114,0.0855855855856,1.32432432432,6.16216216216,11.4,3.25714285714,4.64586741999,0.753934625173,0.387861545756,5.37679364584,1.74509969207,0.767662399241,1.83148965445,0.59443085276,0.329540066382,0.579945114934,0.437917739848,2,1.33333333333,0.585540043769,2,0.0154087502271,0.0122824974411,4,0.000514800514801,0.217566251735,37,36,36,0.972972972973,0,0.702702702703,0.243243243243,0.027027027027,-102,-0.0765765765766,0,-5.51351351351,-10.2,-2.74285714286,-3.55323162962,0.0516969750912,0.0778014856962,-4.95254298316,-0.0242774156755,0.00239713397608,-1.25534181625,0.0656680545374,0.0767873136294,0,0,0,0.00900900900901,0.00559492883467,0,0.00323862405696,0.00630980119541,-3,-0.0003861003861,-0.403630329461,-0.027027027027,0,0,114,0,102,1116,0.527777777778,1,0,0.472222222222,1,0.527777777778,0.690909090909,0.695398906206,0.527777777778,0.527777777778,6,108,0,0,0,0
2154,WLNM_dir_neg,0.984375,0.899008030587,00:00:03,10,50,40,1235135464,threshold_sweep,0.3,1,0.0185185185185,0.0363636363636,2,0,106,216,0.0185185185185,1,0,0.981481481481,1,0.0185185185185,0.0363636363636,0.672839506173,0.664609053498,0.0245398773006,0.111455642515,0.0185185185185,216,108,108,0,216,0,108,0,108,37,216,0.162162162162,1.32432432432,11.6756756757,21.6,6,8.1990990496,0.702237650082,0.31006006006,10.329336629,1.76937710775,0.765265265265,3.0868314707,0.528762798222,0.252752752753,0.579945114934,0.437917739848,2,1.32432432432,0.579945114934,2,0.0121701261701,0.00597269624573,7,0.000900900900901,0.621196581197,37,37,37,1,0,0.72972972973,0.243243243243,0.027027027027,37,0.0810810810811,1.31891891892,5.83783783784,10.8,3.6,4.41910947234,0.75697708554,0.382382382382,5.25662744848,1.80088162587,0.78028028028,2.03276465242,0.696410112403,0.387387387387,0.56462270482,0.428095083573,2,1.32777777778,0.57001810052,2,0,0,0,0,0.22201069618,37,36,36,0.972972972973,0,0.702702702703,0.108108108108,0.162162162162,37,110,0.0825825825826,1.32432432432,5.94594594595,11,3.54838709677,4.45935935824,0.749983164794,0.380343980344,5.27302615249,1.77365425129,0.77542997543,1.97886733156,0.665619011525,0.370024570025,0.579945114934,0.437917739848,2,1.33333333333,0.585540043769,2,0.020637508397,0.0133037694013,4,0.000514800514801,0.223492177661,37,36,36,0.972972972973,0,0.702702702703,0.135135135135,0.135135135135,-106,-0.0795795795796,0,-5.72972972973,-10.6,-2.45161290323,-3.73973969137,0.0477455147123,0.0702839202839,-5.05631047651,0.00427714354554,0.0101647101647,-1.10796413914,0.136856213302,0.117271817272,0,0,0,0.00900900900901,0.00559492883467,0,0.0084673822269,0.0073310731556,-3,-0.0003861003861,-0.397704403535,-0.027027027027,-0.108108108108,0.108108108108,110,0,106,1116,0.509259259259,1,0,0.490740740741,1,0.509259259259,0.674846625767,0.681971085039,0.509259259259,0.509259259259,2,108,0,0,0,0
2155,WLNM_dir_neg,0.984375,0.899008030587,00:00:03,10,50,40,1235135464,threshold_sweep,0.4,1,0.0185185185185,0.0363636363636,2,0,106,216,0.0185185185185,1,0,0.981481481481,1,0.0185185185185,0.0363636363636,0.672839506173,0.664609053498,0.0245398773006,0.111455642515,0.0185185185185,216,108,108,0,216,0,108,0,108,37,216,0.162162162162,1.32432432432,11.6756756757,21.6,6,8.1990990496,0.702237650082,0.31006006006,10.329336629,1.76937710775,0.765265265265,3.0868314707,0.528762798222,0.252752752753,0.579945114934,0.437917739848,2,1.32432432432,0.579945114934,2,0.0121701261701,0.00597269624573,7,0.000900900900901,0.621196581197,37,37,37,1,0,0.72972972973,0.243243243243,0.027027027027,37,0.0810810810811,1.31891891892,5.83783783784,10.8,3.6,4.41910947234,0.75697708554,0.382382382382,5.25662744848,1.80088162587,0.78028028028,2.03276465242,0.696410112403,0.387387387387,0.56462270482,0.428095083573,2,1.32777777778,0.57001810052,2,0,0,0,0,0.22201069618,37,36,36,0.972972972973,0,0.702702702703,0.108108108108,0.162162162162,37,110,0.0825825825826,1.32432432432,5.94594594595,11,3.54838709677,4.45935935824,0.749983164794,0.380343980344,5.27302615249,1.77365425129,0.77542997543,1.97886733156,0.665619011525,0.370024570025,0.579945114934,0.437917739848,2,1.33333333333,0.585540043769,2,0.020637508397,0.0133037694013,4,0.000514800514801,0.223492177661,37,36,36,0.972972972973,0,0.702702702703,0.135135135135,0.135135135135,-106,-0.0795795795796,0,-5.72972972973,-10.6,-2.45161290323,-3.73973969137,0.0477455147123,0.0702839202839,-5.05631047651,0.00427714354554,0.0101647101647,-1.10796413914,0.136856213302,0.117271817272,0,0,0,0.00900900900901,0.00559492883467,0,0.0084673822269,0.0073310731556,-3,-0.0003861003861,-0.397704403535,-0.027027027027,-0.108108108108,0.108108108108,110,0,106,1116,0.509259259259,1,0,0.490740740741,1,0.509259259259,0.674846625767,0.681971085039,0.509259259259,0.509259259259,2,108,0,0,0,0
2156,WLNM_dir_neg,0.984375,0.899008030587,00:00:03,10,50,40,1235135464,threshold_sweep,0.5,1,0.0185185185185,0.0363636363636,2,0,106,216,0.0185185185185,1,0,0.981481481481,1,0.0185185185185,0.0363636363636,0.672839506173,0.664609053498,0.0245398773006,0.111455642515,0.0185185185185,216,108,108,0,216,0,108,0,108,37,216,0.162162162162,1.32432432432,11.6756756757,21.6,6,8.1990990496,0.702237650082,0.31006006006,10.329336629,1.76937710775,0.765265265265,3.0868314707,0.528762798222,0.252752752753,0.579945114934,0.437917739848,2,1.32432432432,0.579945114934,2,0.0121701261701,0.00597269624573,7,0.000900900900901,0.621196581197,37,37,37,1,0,0.72972972973,0.243243243243,0.027027027027,37,0.0810810810811,1.31891891892,5.83783783784,10.8,3.6,4.41910947234,0.75697708554,0.382382382382,5.25662744848,1.80088162587,0.78028028028,2.03276465242,0.696410112403,0.387387387387,0.56462270482,0.428095083573,2,1.32777777778,0.57001810052,2,0,0,0,0,0.22201069618,37,36,36,0.972972972973,0,0.702702702703,0.108108108108,0.162162162162,37,110,0.0825825825826,1.32432432432,5.94594594595,11,3.54838709677,4.45935935824,0.749983164794,0.380343980344,5.27302615249,1.77365425129,0.77542997543,1.97886733156,0.665619011525,0.370024570025,0.579945114934,0.437917739848,2,1.33333333333,0.585540043769,2,0.020637508397,0.0133037694013,4,0.000514800514801,0.223492177661,37,36,36,0.972972972973,0,0.702702702703,0.135135135135,0.135135135135,-106,-0.0795795795796,0,-5.72972972973,-10.6,-2.45161290323,-3.73973969137,0.0477455147123,0.0702839202839,-5.05631047651,0.00427714354554,0.0101647101647,-1.10796413914,0.136856213302,0.117271817272,0,0,0,0.00900900900901,0.00559492883467,0,0.0084673822269,0.0073310731556,-3,-0.0003861003861,-0.397704403535,-0.027027027027,-0.108108108108,0.108108108108,110,0,106,1116,0.509259259259,1,0,0.490740740741,1,0.509259259259,0.674846625767,0.681971085039,0.509259259259,0.509259259259,2,108,0,0,0,0
2157,WLNM_dir_neg,0.984375,0.899008030587,00:00:03,10,50,40,1235135464,threshold_sweep,0.6,1,0.0185185185185,0.0363636363636,2,0,106,216,0.0185185185185,1,0,0.981481481481,1,0.0185185185185,0.0363636363636,0.672839506173,0.664609053498,0.0245398773006,0.111455642515,0.0185185185185,216,108,108,0,216,0,108,0,108,37,216,0.162162162162,1.32432432432,11.6756756757,21.6,6,8.1990990496,0.702237650082,0.31006006006,10.329336629,1.76937710775,0.765265265265,3.0868314707,0.528762798222,0.252752752753,0.579945114934,0.437917739848,2,1.32432432432,0.579945114934,2,0.0121701261701,0.00597269624573,7,0.000900900900901,0.621196581197,37,37,37,1,0,0.72972972973,0.243243243243,0.027027027027,37,0.0810810810811,1.31891891892,5.83783783784,10.8,3.6,4.41910947234,0.75697708554,0.382382382382,5.25662744848,1.80088162587,0.78028028028,2.03276465242,0.696410112403,0.387387387387,0.56462270482,0.428095083573,2,1.32777777778,0.57001810052,2,0,0,0,0,0.22201069618,37,36,36,0.972972972973,0,0.702702702703,0.108108108108,0.162162162162,37,110,0.0825825825826,1.32432432432,5.94594594595,11,3.54838709677,4.45935935824,0.749983164794,0.380343980344,5.27302615249,1.77365425129,0.77542997543,1.97886733156,0.665619011525,0.370024570025,0.579945114934,0.437917739848,2,1.33333333333,0.585540043769,2,0.020637508397,0.0133037694013,4,0.000514800514801,0.223492177661,37,36,36,0.972972972973,0,0.702702702703,0.135135135135,0.135135135135,-106,-0.0795795795796,0,-5.72972972973,-10.6,-2.45161290323,-3.73973969137,0.0477455147123,0.0702839202839,-5.05631047651,0.00427714354554,0.0101647101647,-1.10796413914,0.136856213302,0.117271817272,0,0,0,0.00900900900901,0.00559492883467,0,0.0084673822269,0.0073310731556,-3,-0.0003861003861,-0.397704403535,-0.027027027027,-0.108108108108,0.108108108108,110,0,106,1116,0.509259259259,1,0,0.490740740741,1,0.509259259259,0.674846625767,0.681971085039,0.509259259259,0.509259259259,2,108,0,0,0,0
2158,WLNM_dir_neg,0.984375,0.899008030587,00:00:03,10,50,40,1235135464,threshold_sweep,0.7,1,0.0185185185185,0.0363636363636,2,0,106,216,0.0185185185185,1,0,0.981481481481,1,0.0185185185185,0.0363636363636,0.672839506173,0.664609053498,0.0245398773006,0.111455642515,0.0185185185185,216,108,108,0,216,0,108,0,108,37,216,0.162162162162,1.32432432432,11.6756756757,21.6,6,8.1990990496,0.702237650082,0.31006006006,10.329336629,1.76937710775,0.765265265265,3.0868314707,0.528762798222,0.252752752753,0.579945114934,0.437917739848,2,1.32432432432,0.579945114934,2,0.0121701261701,0.00597269624573,7,0.000900900900901,0.621196581197,37,37,37,1,0,0.72972972973,0.243243243243,0.027027027027,37,0.0810810810811,1.31891891892,5.83783783784,10.8,3.6,4.41910947234,0.75697708554,0.382382382382,5.25662744848,1.80088162587,0.78028028028,2.03276465242,0.696410112403,0.387387387387,0.56462270482,0.428095083573,2,1.32777777778,0.57001810052,2,0,0,0,0,0.22201069618,37,36,36,0.972972972973,0,0.702702702703,0.108108108108,0.162162162162,37,110,0.0825825825826,1.32432432432,5.94594594595,11,3.54838709677,4.45935935824,0.749983164794,0.380343980344,5.27302615249,1.77365425129,0.77542997543,1.97886733156,0.665619011525,0.370024570025,0.579945114934,0.437917739848,2,1.33333333333,0.585540043769,2,0.020637508397,0.0133037694013,4,0.000514800514801,0.223492177661,37,36,36,0.972972972973,0,0.702702702703,0.135135135135,0.135135135135,-106,-0.0795795795796,0,-5.72972972973,-10.6,-2.45161290323,-3.73973969137,0.0477455147123,0.0702839202839,-5.05631047651,0.00427714354554,0.0101647101647,-1.10796413914,0.136856213302,0.117271817272,0,0,0,0.00900900900901,0.00559492883467,0,0.0084673822269,0.0073310731556,-3,-0.0003861003861,-0.397704403535,-0.027027027027,-0.108108108108,0.108108108108,110,0,106,1116,0.509259259259,1,0,0.490740740741,1,0.509259259259,0.674846625767,0.681971085039,0.509259259259,0.509259259259,2,108,0,0,0,0
2159,WLNM_dir_neg,0.984375,0.899008030587,00:00:03,10,50,40,1235135464,threshold_sweep,0.8,1,0.0185185185185,0.0363636363636,2,0,106,216,0.0185185185185,1,0,0.981481481481,1,0.0185185185185,0.0363636363636,0.672839506173,0.664609053498,0.0245398773006,0.111455642515,0.0185185185185,216,108,108,0,216,0,108,0,108,37,216,0.162162162162,1.32432432432,11.6756756757,21.6,6,8.1990990496,0.702237650082,0.31006006006,10.329336629,1.76937710775,0.765265265265,3.0868314707,0.528762798222,0.252752752753,0.579945114934,0.437917739848,2,1.32432432432,0.579945114934,2,0.0121701261701,0.00597269624573,7,0.000900900900901,0.621196581197,37,37,37,1,0,0.72972972973,0.243243243243,0.027027027027,37,0.0810810810811,1.31891891892,5.83783783784,10.8,3.6,4.41910947234,0.75697708554,0.382382382382,5.25662744848,1.80088162587,0.78028028028,2.03276465242,0.696410112403,0.387387387387,0.56462270482,0.428095083573,2,1.32777777778,0.57001810052,2,0,0,0,0,0.22201069618,37,36,36,0.972972972973,0,0.702702702703,0.108108108108,0.162162162162,37,110,0.0825825825826,1.32432432432,5.94594594595,11,3.54838709677,4.45935935824,0.749983164794,0.380343980344,5.27302615249,1.77365425129,0.77542997543,1.97886733156,0.665619011525,0.370024570025,0.579945114934,0.437917739848,2,1.33333333333,0.585540043769,2,0.020637508397,0.0133037694013,4,0.000514800514801,0.223492177661,37,36,36,0.972972972973,0,0.702702702703,0.135135135135,0.135135135135,-106,-0.0795795795796,0,-5.72972972973,-10.6,-2.45161290323,-3.73973969137,0.0477455147123,0.0702839202839,-5.05631047651,0.00427714354554,0.0101647101647,-1.10796413914,0.136856213302,0.117271817272,0,0,0,0.00900900900901,0.00559492883467,0,0.0084673822269,0.0073310731556,-3,-0.0003861003861,-0.397704403535,-0.027027027027,-0.108108108108,0.108108108108,110,0,106,1116,0.509259259259,1,0,0.490740740741,1,0.509259259259,0.674846625767,0.681971085039,0.509259259259,0.509259259259,2,108,0,0,0,0
2160,WLNM_dir_neg,0.984375,0.899008030587,00:00:03,10,50,40,1235135464,threshold_sweep,0.9,1,0.00925925925926,0.0183486238532,1,0,107,216,0.00925925925926,1,0,0.990740740741,1,0.00925925925926,0.0183486238532,0.66975308642,0.665637860082,0.0123076923077,0.0786889475365,0.00925925925926,216,108,108,0,216,0,108,0,108,37,216,0.162162162162,1.32432432432,11.6756756757,21.6,6,8.1990990496,0.702237650082,0.31006006006,10.329336629,1.76937710775,0.765265265265,3.0868314707,0.528762798222,0.252752752753,0.579945114934,0.437917739848,2,1.32432432432,0.579945114934,2,0.0121701261701,0.00597269624573,7,0.000900900900901,0.621196581197,37,37,37,1,0,0.72972972973,0.243243243243,0.027027027027,37,0.0810810810811,1.31891891892,5.83783783784,10.8,3.6,4.41910947234,0.75697708554,0.382382382382,5.25662744848,1.80088162587,0.78028028028,2.03276465242,0.696410112403,0.387387387387,0.56462270482,0.428095083573,2,1.32777777778,0.57001810052,2,0,0,0,0,0.22201069618,37,36,36,0.972972972973,0,0.702702702703,0.108108108108,0.162162162162,37,109,0.0818318318318,1.31891891892,5.89189189189,10.9,3.63333333333,4.47079276952,0.758804277396,0.382097694024,5.25962581023,1.78537756861,0.777584924374,2.01309526664,0.683344264821,0.379370195884,0.56462270482,0.428095083573,2,1.32777777778,0.57001810052,2,0,0,0,0,0.226455140624,37,36,36,0.972972972973,0,0.702702702703,0.108108108108,0.162162162162,-107,-0.0803303303303,-0.00540540540541,-5.78378378378,-10.7,-2.36666666667,-3.72830628008,0.0565666273136,0.0720376339642,-5.06971081877,0.0160004608657,0.0123196591086,-1.07373620407,0.154581466599,0.126617443131,-0.015322410114,-0.00982265627556,0,0.00345345345345,-0.00992701441427,0,-0.0121701261701,-0.00597269624573,-7,-0.000900900900901,-0.394741440572,-0.027027027027,-0.135135135135,0.135135135135,109,0,107,1116,0.50462962963,1,0,0.49537037037,1,0.50462962963,0.670769230769,0.67858654182,0.50462962963,0.50462962963,1,108,0,0,0,0
2161,WLNM_dir_neg,0.99537037037,0.953713014748,00:00:04,10,50,41,1235135465,threshold_sweep,0.1,1,0.037037037037,0.0714285714286,4,0,104,216,0.037037037037,1,0,0.962962962963,1,0.037037037037,0.0714285714286,0.679012345679,0.662551440329,0.0487804878049,0.158113883008,0.037037037037,216,108,108,0,216,0,108,0,108,37,216,0.162162162162,1.32432432432,11.6756756757,21.6,6,8.1990990496,0.702237650082,0.31006006006,10.329336629,1.76937710775,0.765265265265,3.0868314707,0.528762798222,0.252752752753,0.579945114934,0.437917739848,2,1.32432432432,0.579945114934,2,0.0121701261701,0.00597269624573,7,0.000900900900901,0.621196581197,37,37,37,1,0,0.72972972973,0.243243243243,0.027027027027,37,0.0810810810811,1.3277027027,5.83783783784,10.8,3.27272727273,4.39389420745,0.752657804055,0.386886886887,5.1660127456,1.76983769988,0.773773773774,1.83148965445,0.627454789024,0.35035035035,0.590250176002,0.444565018057,2.125,1.34642857143,0.601839791351,2.125,0.0190490881667,0.0103448275862,3,0.0003861003861,0.202554350821,37,35,35,0.945945945946,0,0.675675675676,0.216216216216,0.0540540540541,37,112,0.0840840840841,1.3277027027,6.05405405405,11.2,3.39393939394,4.61245864749,0.761879330165,0.394305019305,5.20942781293,1.7209716882,0.763513513514,1.7398353448,0.574767033551,0.317567567568,0.590250176002,0.444565018057,2.125,1.34642857143,0.601839791351,2.125,0.0170163746288,0.0221285563751,7,0.000900900900901,0.213665461932,37,35,35,0.945945945946,0,0.675675675676,0.216216216216,0.0540540540541,-104,-0.0780780780781,0.00337837837838,-5.62162162162,-10.4,-2.60606060606,-3.58664040212,0.0596416800833,0.084244959245,-5.11990881607,-0.0484054195449,-0.00175175175175,-1.3469961259,0.0460042353287,0.0648148148148,0.0103050610674,0.00664727820894,0.125,0.0221042471042,0.0218946764169,0.125,0.00484624845871,0.0161558601294,0,0,-0.407531119265,-0.0540540540541,-0.027027027027,0.027027027027,112,0,104,1116,0.518518518519,1,0,0.481481481481,1,0.518518518519,0.682926829268,0.688706715439,0.518518518519,0.518518518519,4,108,0,0,0,0
2162,WLNM_dir_neg,0.99537037037,0.953713014748,00:00:04,10,50,41,1235135465,threshold_sweep,0.2,1,0.037037037037,0.0714285714286,4,0,104,216,0.037037037037,1,0,0.962962962963,1,0.037037037037,0.0714285714286,0.679012345679,0.662551440329,0.0487804878049,0.158113883008,0.037037037037,216,108,108,0,216,0,108,0,108,37,216,0.162162162162,1.32432432432,11.6756756757,21.6,6,8.1990990496,0.702237650082,0.31006006006,10.329336629,1.76937710775,0.765265265265,3.0868314707,0.528762798222,0.252752752753,0.579945114934,0.437917739848,2,1.32432432432,0.579945114934,2,0.0121701261701,0.00597269624573,7,0.000900900900901,0.621196581197,37,37,37,1,0,0.72972972973,0.243243243243,0.027027027027,37,0.0810810810811,1.3277027027,5.83783783784,10.8,3.27272727273,4.39389420745,0.752657804055,0.386886886887,5.1660127456,1.76983769988,0.773773773774,1.83148965445,0.627454789024,0.35035035035,0.590250176002,0.444565018057,2.125,1.34642857143,0.601839791351,2.125,0.0190490881667,0.0103448275862,3,0.0003861003861,0.202554350821,37,35,35,0.945945945946,0,0.675675675676,0.216216216216,0.0540540540541,37,112,0.0840840840841,1.3277027027,6.05405405405,11.2,3.39393939394,4.61245864749,0.761879330165,0.394305019305,5.20942781293,1.7209716882,0.763513513514,1.7398353448,0.574767033551,0.317567567568,0.590250176002,0.444565018057,2.125,1.34642857143,0.601839791351,2.125,0.0170163746288,0.0221285563751,7,0.000900900900901,0.213665461932,37,35,35,0.945945945946,0,0.675675675676,0.216216216216,0.0540540540541,-104,-0.0780780780781,0.00337837837838,-5.62162162162,-10.4,-2.60606060606,-3.58664040212,0.0596416800833,0.084244959245,-5.11990881607,-0.0484054195449,-0.00175175175175,-1.3469961259,0.0460042353287,0.0648148148148,0.0103050610674,0.00664727820894,0.125,0.0221042471042,0.0218946764169,0.125,0.00484624845871,0.0161558601294,0,0,-0.407531119265,-0.0540540540541,-0.027027027027,0.027027027027,112,0,104,1116,0.518518518519,1,0,0.481481481481,1,0.518518518519,0.682926829268,0.688706715439,0.518518518519,0.518518518519,4,108,0,0,0,0
2163,WLNM_dir_neg,0.99537037037,0.953713014748,00:00:04,10,50,41,1235135465,threshold_sweep,0.3,1,0.037037037037,0.0714285714286,4,0,104,216,0.037037037037,1,0,0.962962962963,1,0.037037037037,0.0714285714286,0.679012345679,0.662551440329,0.0487804878049,0.158113883008,0.037037037037,216,108,108,0,216,0,108,0,108,37,216,0.162162162162,1.32432432432,11.6756756757,21.6,6,8.1990990496,0.702237650082,0.31006006006,10.329336629,1.76937710775,0.765265265265,3.0868314707,0.528762798222,0.252752752753,0.579945114934,0.437917739848,2,1.32432432432,0.579945114934,2,0.0121701261701,0.00597269624573,7,0.000900900900901,0.621196581197,37,37,37,1,0,0.72972972973,0.243243243243,0.027027027027,37,0.0810810810811,1.3277027027,5.83783783784,10.8,3.27272727273,4.39389420745,0.752657804055,0.386886886887,5.1660127456,1.76983769988,0.773773773774,1.83148965445,0.627454789024,0.35035035035,0.590250176002,0.444565018057,2.125,1.34642857143,0.601839791351,2.125,0.0190490881667,0.0103448275862,3,0.0003861003861,0.202554350821,37,35,35,0.945945945946,0,0.675675675676,0.216216216216,0.0540540540541,37,112,0.0840840840841,1.3277027027,6.05405405405,11.2,3.39393939394,4.61245864749,0.761879330165,0.394305019305,5.20942781293,1.7209716882,0.763513513514,1.7398353448,0.574767033551,0.317567567568,0.590250176002,0.444565018057,2.125,1.34642857143,0.601839791351,2.125,0.0170163746288,0.0221285563751,7,0.000900900900901,0.213665461932,37,35,35,0.945945945946,0,0.675675675676,0.216216216216,0.0540540540541,-104,-0.0780780780781,0.00337837837838,-5.62162162162,-10.4,-2.60606060606,-3.58664040212,0.0596416800833,0.084244959245,-5.11990881607,-0.0484054195449,-0.00175175175175,-1.3469961259,0.0460042353287,0.0648148148148,0.0103050610674,0.00664727820894,0.125,0.0221042471042,0.0218946764169,0.125,0.00484624845871,0.0161558601294,0,0,-0.407531119265,-0.0540540540541,-0.027027027027,0.027027027027,112,0,104,1116,0.518518518519,1,0,0.481481481481,1,0.518518518519,0.682926829268,0.688706715439,0.518518518519,0.518518518519,4,108,0,0,0,0
2164,WLNM_dir_neg,0.99537037037,0.953713014748,00:00:04,10,50,41,1235135465,threshold_sweep,0.4,1,0.037037037037,0.0714285714286,4,0,104,216,0.037037037037,1,0,0.962962962963,1,0.037037037037,0.0714285714286,0.679012345679,0.662551440329,0.0487804878049,0.158113883008,0.037037037037,216,108,108,0,216,0,108,0,108,37,216,0.162162162162,1.32432432432,11.6756756757,21.6,6,8.1990990496,0.702237650082,0.31006006006,10.329336629,1.76937710775,0.765265265265,3.0868314707,0.528762798222,0.252752752753,0.579945114934,0.437917739848,2,1.32432432432,0.579945114934,2,0.0121701261701,0.00597269624573,7,0.000900900900901,0.621196581197,37,37,37,1,0,0.72972972973,0.243243243243,0.027027027027,37,0.0810810810811,1.3277027027,5.83783783784,10.8,3.27272727273,4.39389420745,0.752657804055,0.386886886887,5.1660127456,1.76983769988,0.773773773774,1.83148965445,0.627454789024,0.35035035035,0.590250176002,0.444565018057,2.125,1.34642857143,0.601839791351,2.125,0.0190490881667,0.0103448275862,3,0.0003861003861,0.202554350821,37,35,35,0.945945945946,0,0.675675675676,0.216216216216,0.0540540540541,37,112,0.0840840840841,1.3277027027,6.05405405405,11.2,3.39393939394,4.61245864749,0.761879330165,0.394305019305,5.20942781293,1.7209716882,0.763513513514,1.7398353448,0.574767033551,0.317567567568,0.590250176002,0.444565018057,2.125,1.34642857143,0.601839791351,2.125,0.0170163746288,0.0221285563751,7,0.000900900900901,0.213665461932,37,35,35,0.945945945946,0,0.675675675676,0.216216216216,0.0540540540541,-104,-0.0780780780781,0.00337837837838,-5.62162162162,-10.4,-2.60606060606,-3.58664040212,0.0596416800833,0.084244959245,-5.11990881607,-0.0484054195449,-0.00175175175175,-1.3469961259,0.0460042353287,0.0648148148148,0.0103050610674,0.00664727820894,0.125,0.0221042471042,0.0218946764169,0.125,0.00484624845871,0.0161558601294,0,0,-0.407531119265,-0.0540540540541,-0.027027027027,0.027027027027,112,0,104,1116,0.518518518519,1,0,0.481481481481,1,0.518518518519,0.682926829268,0.688706715439,0.518518518519,0.518518518519,4,108,0,0,0,0
2165,WLNM_dir_neg,0.99537037037,0.953713014748,00:00:04,10,50,41,1235135465,threshold_sweep,0.5,1,0.037037037037,0.0714285714286,4,0,104,216,0.037037037037,1,0,0.962962962963,1,0.037037037037,0.0714285714286,0.679012345679,0.662551440329,0.0487804878049,0.158113883008,0.037037037037,216,108,108,0,216,0,108,0,108,37,216,0.162162162162,1.32432432432,11.6756756757,21.6,6,8.1990990496,0.702237650082,0.31006006006,10.329336629,1.76937710775,0.765265265265,3.0868314707,0.528762798222,0.252752752753,0.579945114934,0.437917739848,2,1.32432432432,0.579945114934,2,0.0121701261701,0.00597269624573,7,0.000900900900901,0.621196581197,37,37,37,1,0,0.72972972973,0.243243243243,0.027027027027,37,0.0810810810811,1.3277027027,5.83783783784,10.8,3.27272727273,4.39389420745,0.752657804055,0.386886886887,5.1660127456,1.76983769988,0.773773773774,1.83148965445,0.627454789024,0.35035035035,0.590250176002,0.444565018057,2.125,1.34642857143,0.601839791351,2.125,0.0190490881667,0.0103448275862,3,0.0003861003861,0.202554350821,37,35,35,0.945945945946,0,0.675675675676,0.216216216216,0.0540540540541,37,112,0.0840840840841,1.3277027027,6.05405405405,11.2,3.39393939394,4.61245864749,0.761879330165,0.394305019305,5.20942781293,1.7209716882,0.763513513514,1.7398353448,0.574767033551,0.317567567568,0.590250176002,0.444565018057,2.125,1.34642857143,0.601839791351,2.125,0.0170163746288,0.0221285563751,7,0.000900900900901,0.213665461932,37,35,35,0.945945945946,0,0.675675675676,0.216216216216,0.0540540540541,-104,-0.0780780780781,0.00337837837838,-5.62162162162,-10.4,-2.60606060606,-3.58664040212,0.0596416800833,0.084244959245,-5.11990881607,-0.0484054195449,-0.00175175175175,-1.3469961259,0.0460042353287,0.0648148148148,0.0103050610674,0.00664727820894,0.125,0.0221042471042,0.0218946764169,0.125,0.00484624845871,0.0161558601294,0,0,-0.407531119265,-0.0540540540541,-0.027027027027,0.027027027027,112,0,104,1116,0.518518518519,1,0,0.481481481481,1,0.518518518519,0.682926829268,0.688706715439,0.518518518519,0.518518518519,4,108,0,0,0,0
2166,WLNM_dir_neg,0.99537037037,0.953713014748,00:00:04,10,50,41,1235135465,threshold_sweep,0.6,1,0.037037037037,0.0714285714286,4,0,104,216,0.037037037037,1,0,0.962962962963,1,0.037037037037,0.0714285714286,0.679012345679,0.662551440329,0.0487804878049,0.158113883008,0.037037037037,216,108,108,0,216,0,108,0,108,37,216,0.162162162162,1.32432432432,11.6756756757,21.6,6,8.1990990496,0.702237650082,0.31006006006,10.329336629,1.76937710775,0.765265265265,3.0868314707,0.528762798222,0.252752752753,0.579945114934,0.437917739848,2,1.32432432432,0.579945114934,2,0.0121701261701,0.00597269624573,7,0.000900900900901,0.621196581197,37,37,37,1,0,0.72972972973,0.243243243243,0.027027027027,37,0.0810810810811,1.3277027027,5.83783783784,10.8,3.27272727273,4.39389420745,0.752657804055,0.386886886887,5.1660127456,1.76983769988,0.773773773774,1.83148965445,0.627454789024,0.35035035035,0.590250176002,0.444565018057,2.125,1.34642857143,0.601839791351,2.125,0.0190490881667,0.0103448275862,3,0.0003861003861,0.202554350821,37,35,35,0.945945945946,0,0.675675675676,0.216216216216,0.0540540540541,37,112,0.0840840840841,1.3277027027,6.05405405405,11.2,3.39393939394,4.61245864749,0.761879330165,0.394305019305,5.20942781293,1.7209716882,0.763513513514,1.7398353448,0.574767033551,0.317567567568,0.590250176002,0.444565018057,2.125,1.34642857143,0.601839791351,2.125,0.0170163746288,0.0221285563751,7,0.000900900900901,0.213665461932,37,35,35,0.945945945946,0,0.675675675676,0.216216216216,0.0540540540541,-104,-0.0780780780781,0.00337837837838,-5.62162162162,-10.4,-2.60606060606,-3.58664040212,0.0596416800833,0.084244959245,-5.11990881607,-0.0484054195449,-0.00175175175175,-1.3469961259,0.0460042353287,0.0648148148148,0.0103050610674,0.00664727820894,0.125,0.0221042471042,0.0218946764169,0.125,0.00484624845871,0.0161558601294,0,0,-0.407531119265,-0.0540540540541,-0.027027027027,0.027027027027,112,0,104,1116,0.518518518519,1,0,0.481481481481,1,0.518518518519,0.682926829268,0.688706715439,0.518518518519,0.518518518519,4,108,0,0,0,0
2167,WLNM_dir_neg,0.99537037037,0.953713014748,00:00:04,10,50,41,1235135465,threshold_sweep,0.7,1,0.037037037037,0.0714285714286,4,0,104,216,0.037037037037,1,0,0.962962962963,1,0.037037037037,0.0714285714286,0.679012345679,0.662551440329,0.0487804878049,0.158113883008,0.037037037037,216,108,108,0,216,0,108,0,108,37,216,0.162162162162,1.32432432432,11.6756756757,21.6,6,8.1990990496,0.702237650082,0.31006006006,10.329336629,1.76937710775,0.765265265265,3.0868314707,0.528762798222,0.252752752753,0.579945114934,0.437917739848,2,1.32432432432,0.579945114934,2,0.0121701261701,0.00597269624573,7,0.000900900900901,0.621196581197,37,37,37,1,0,0.72972972973,0.243243243243,0.027027027027,37,0.0810810810811,1.3277027027,5.83783783784,10.8,3.27272727273,4.39389420745,0.752657804055,0.386886886887,5.1660127456,1.76983769988,0.773773773774,1.83148965445,0.627454789024,0.35035035035,0.590250176002,0.444565018057,2.125,1.34642857143,0.601839791351,2.125,0.0190490881667,0.0103448275862,3,0.0003861003861,0.202554350821,37,35,35,0.945945945946,0,0.675675675676,0.216216216216,0.0540540540541,37,112,0.0840840840841,1.3277027027,6.05405405405,11.2,3.39393939394,4.61245864749,0.761879330165,0.394305019305,5.20942781293,1.7209716882,0.763513513514,1.7398353448,0.574767033551,0.317567567568,0.590250176002,0.444565018057,2.125,1.34642857143,0.601839791351,2.125,0.0170163746288,0.0221285563751,7,0.000900900900901,0.213665461932,37,35,35,0.945945945946,0,0.675675675676,0.216216216216,0.0540540540541,-104,-0.0780780780781,0.00337837837838,-5.62162162162,-10.4,-2.60606060606,-3.58664040212,0.0596416800833,0.084244959245,-5.11990881607,-0.0484054195449,-0.00175175175175,-1.3469961259,0.0460042353287,0.0648148148148,0.0103050610674,0.00664727820894,0.125,0.0221042471042,0.0218946764169,0.125,0.00484624845871,0.0161558601294,0,0,-0.407531119265,-0.0540540540541,-0.027027027027,0.027027027027,112,0,104,1116,0.518518518519,1,0,0.481481481481,1,0.518518518519,0.682926829268,0.688706715439,0.518518518519,0.518518518519,4,108,0,0,0,0
2168,WLNM_dir_neg,0.99537037037,0.953713014748,00:00:04,10,50,41,1235135465,threshold_sweep,0.8,1,0.037037037037,0.0714285714286,4,0,104,216,0.037037037037,1,0,0.962962962963,1,0.037037037037,0.0714285714286,0.679012345679,0.662551440329,0.0487804878049,0.158113883008,0.037037037037,216,108,108,0,216,0,108,0,108,37,216,0.162162162162,1.32432432432,11.6756756757,21.6,6,8.1990990496,0.702237650082,0.31006006006,10.329336629,1.76937710775,0.765265265265,3.0868314707,0.528762798222,0.252752752753,0.579945114934,0.437917739848,2,1.32432432432,0.579945114934,2,0.0121701261701,0.00597269624573,7,0.000900900900901,0.621196581197,37,37,37,1,0,0.72972972973,0.243243243243,0.027027027027,37,0.0810810810811,1.3277027027,5.83783783784,10.8,3.27272727273,4.39389420745,0.752657804055,0.386886886887,5.1660127456,1.76983769988,0.773773773774,1.83148965445,0.627454789024,0.35035035035,0.590250176002,0.444565018057,2.125,1.34642857143,0.601839791351,2.125,0.0190490881667,0.0103448275862,3,0.0003861003861,0.202554350821,37,35,35,0.945945945946,0,0.675675675676,0.216216216216,0.0540540540541,37,112,0.0840840840841,1.3277027027,6.05405405405,11.2,3.39393939394,4.61245864749,0.761879330165,0.394305019305,5.20942781293,1.7209716882,0.763513513514,1.7398353448,0.574767033551,0.317567567568,0.590250176002,0.444565018057,2.125,1.34642857143,0.601839791351,2.125,0.0170163746288,0.0221285563751,7,0.000900900900901,0.213665461932,37,35,35,0.945945945946,0,0.675675675676,0.216216216216,0.0540540540541,-104,-0.0780780780781,0.00337837837838,-5.62162162162,-10.4,-2.60606060606,-3.58664040212,0.0596416800833,0.084244959245,-5.11990881607,-0.0484054195449,-0.00175175175175,-1.3469961259,0.0460042353287,0.0648148148148,0.0103050610674,0.00664727820894,0.125,0.0221042471042,0.0218946764169,0.125,0.00484624845871,0.0161558601294,0,0,-0.407531119265,-0.0540540540541,-0.027027027027,0.027027027027,112,0,104,1116,0.518518518519,1,0,0.481481481481,1,0.518518518519,0.682926829268,0.688706715439,0.518518518519,0.518518518519,4,108,0,0,0,0
2169,WLNM_dir_neg,0.99537037037,0.953713014748,00:00:04,10,50,41,1235135465,threshold_sweep,0.9,1,0.037037037037,0.0714285714286,4,0,104,216,0.037037037037,1,0,0.962962962963,1,0.037037037037,0.0714285714286,0.679012345679,0.662551440329,0.0487804878049,0.158113883008,0.037037037037,216,108,108,0,216,0,108,0,108,37,216,0.162162162162,1.32432432432,11.6756756757,21.6,6,8.1990990496,0.702237650082,0.31006006006,10.329336629,1.76937710775,0.765265265265,3.0868314707,0.528762798222,0.252752752753,0.579945114934,0.437917739848,2,1.32432432432,0.579945114934,2,0.0121701261701,0.00597269624573,7,0.000900900900901,0.621196581197,37,37,37,1,0,0.72972972973,0.243243243243,0.027027027027,37,0.0810810810811,1.3277027027,5.83783783784,10.8,3.27272727273,4.39389420745,0.752657804055,0.386886886887,5.1660127456,1.76983769988,0.773773773774,1.83148965445,0.627454789024,0.35035035035,0.590250176002,0.444565018057,2.125,1.34642857143,0.601839791351,2.125,0.0190490881667,0.0103448275862,3,0.0003861003861,0.202554350821,37,35,35,0.945945945946,0,0.675675675676,0.216216216216,0.0540540540541,37,112,0.0840840840841,1.3277027027,6.05405405405,11.2,3.39393939394,4.61245864749,0.761879330165,0.394305019305,5.20942781293,1.7209716882,0.763513513514,1.7398353448,0.574767033551,0.317567567568,0.590250176002,0.444565018057,2.125,1.34642857143,0.601839791351,2.125,0.0170163746288,0.0221285563751,7,0.000900900900901,0.213665461932,37,35,35,0.945945945946,0,0.675675675676,0.216216216216,0.0540540540541,-104,-0.0780780780781,0.00337837837838,-5.62162162162,-10.4,-2.60606060606,-3.58664040212,0.0596416800833,0.084244959245,-5.11990881607,-0.0484054195449,-0.00175175175175,-1.3469961259,0.0460042353287,0.0648148148148,0.0103050610674,0.00664727820894,0.125,0.0221042471042,0.0218946764169,0.125,0.00484624845871,0.0161558601294,0,0,-0.407531119265,-0.0540540540541,-0.027027027027,0.027027027027,112,0,104,1116,0.518518518519,1,0,0.481481481481,1,0.518518518519,0.682926829268,0.688706715439,0.518518518519,0.518518518519,4,108,0,0,0,0
2170,WLNM_dir_neg,0.837491426612,0.511449701933,00:00:03,10,50,42,1235135466,threshold_sweep,0.1,0.833333333333,0.0462962962963,0.0877192982456,5,1,103,215,0.0462962962963,0.99537037037,0.00462962962963,0.953703703704,0.833333333333,0.0462962962963,0.0877192982456,0.679012345679,0.66049382716,0.0545454545455,0.145692879354,0.0416666666667,216,108,108,0,216,0,108,0,108,37,216,0.162162162162,1.32432432432,11.6756756757,21.6,6,8.1990990496,0.702237650082,0.31006006006,10.329336629,1.76937710775,0.765265265265,3.0868314707,0.528762798222,0.252752752753,0.579945114934,0.437917739848,2,1.32432432432,0.579945114934,2,0.0121701261701,0.00597269624573,7,0.000900900900901,0.621196581197,37,37,37,1,0,0.72972972973,0.243243243243,0.027027027027,37,0.0810810810811,1.31081081081,5.83783783784,10.8,3.48387096774,4.35579762764,0.746132001031,0.382382382382,5.35090012354,1.83317874603,0.784784784785,2.08670897692,0.714891038389,0.399399399399,0.544560874969,0.415438193275,2,1.31944444444,0.549711323953,2,0,0,0,0,0.213967176158,37,36,36,0.972972972973,0,0.702702702703,0.135135135135,0.135135135135,37,114,0.0855855855856,1.38738738739,6.16216216216,10.3636363636,3.25714285714,4.55529919443,0.739237149973,0.374348032243,5.36645122952,1.74174294291,0.769559032717,1.92033530606,0.623266722141,0.346609767662,0.664410597027,0.478893352402,2.33333333333,1.39814814815,0.670557429542,2.33333333333,0.0356381148951,0.00623700623701,2,0.0002574002574,0.183548901705,37,36,36,0.972972972973,0,0.675675675676,0.27027027027,0.027027027027,-102,-0.0765765765766,0.0630630630631,-5.51351351351,-11.2363636364,-2.74285714286,-3.64379985518,0.036999499891,0.0642879721827,-4.96288539948,-0.0276341648315,0.00429376745166,-1.16649616465,0.0945039239188,0.0938570149096,0.0844654820923,0.0409756125539,0.333333333333,0.0738238238238,0.0906123146075,0.333333333333,0.023467988725,0.000264309991272,-5,-0.000643500643501,-0.437647679492,-0.0540540540541,0.027027027027,0,113,1,103,1115,0.523148148148,0.999103942652,0.00089605734767,0.476851851852,0.991228070175,0.523148148148,0.684848484848,0.688118272496,0.5222520908,0.520737327189,6,108,0,0,0,0
2171,WLNM_dir_neg,0.837491426612,0.511449701933,00:00:03,10,50,42,1235135466,threshold_sweep,0.2,0.833333333333,0.0462962962963,0.0877192982456,5,1,103,215,0.0462962962963,0.99537037037,0.00462962962963,0.953703703704,0.833333333333,0.0462962962963,0.0877192982456,0.679012345679,0.66049382716,0.0545454545455,0.145692879354,0.0416666666667,216,108,108,0,216,0,108,0,108,37,216,0.162162162162,1.32432432432,11.6756756757,21.6,6,8.1990990496,0.702237650082,0.31006006006,10.329336629,1.76937710775,0.765265265265,3.0868314707,0.528762798222,0.252752752753,0.579945114934,0.437917739848,2,1.32432432432,0.579945114934,2,0.0121701261701,0.00597269624573,7,0.000900900900901,0.621196581197,37,37,37,1,0,0.72972972973,0.243243243243,0.027027027027,37,0.0810810810811,1.31081081081,5.83783783784,10.8,3.48387096774,4.35579762764,0.746132001031,0.382382382382,5.35090012354,1.83317874603,0.784784784785,2.08670897692,0.714891038389,0.399399399399,0.544560874969,0.415438193275,2,1.31944444444,0.549711323953,2,0,0,0,0,0.213967176158,37,36,36,0.972972972973,0,0.702702702703,0.135135135135,0.135135135135,37,114,0.0855855855856,1.38738738739,6.16216216216,10.3636363636,3.25714285714,4.55529919443,0.739237149973,0.374348032243,5.36645122952,1.74174294291,0.769559032717,1.92033530606,0.623266722141,0.346609767662,0.664410597027,0.478893352402,2.33333333333,1.39814814815,0.670557429542,2.33333333333,0.0356381148951,0.00623700623701,2,0.0002574002574,0.183548901705,37,36,36,0.972972972973,0,0.675675675676,0.27027027027,0.027027027027,-102,-0.0765765765766,0.0630630630631,-5.51351351351,-11.2363636364,-2.74285714286,-3.64379985518,0.036999499891,0.0642879721827,-4.96288539948,-0.0276341648315,0.00429376745166,-1.16649616465,0.0945039239188,0.0938570149096,0.0844654820923,0.0409756125539,0.333333333333,0.0738238238238,0.0906123146075,0.333333333333,0.023467988725,0.000264309991272,-5,-0.000643500643501,-0.437647679492,-0.0540540540541,0.027027027027,0,113,1,103,1115,0.523148148148,0.999103942652,0.00089605734767,0.476851851852,0.991228070175,0.523148148148,0.684848484848,0.688118272496,0.5222520908,0.520737327189,6,108,0,0,0,0
2172,WLNM_dir_neg,0.837491426612,0.511449701933,00:00:03,10,50,42,1235135466,threshold_sweep,0.3,0.833333333333,0.0462962962963,0.0877192982456,5,1,103,215,0.0462962962963,0.99537037037,0.00462962962963,0.953703703704,0.833333333333,0.0462962962963,0.0877192982456,0.679012345679,0.66049382716,0.0545454545455,0.145692879354,0.0416666666667,216,108,108,0,216,0,108,0,108,37,216,0.162162162162,1.32432432432,11.6756756757,21.6,6,8.1990990496,0.702237650082,0.31006006006,10.329336629,1.76937710775,0.765265265265,3.0868314707,0.528762798222,0.252752752753,0.579945114934,0.437917739848,2,1.32432432432,0.579945114934,2,0.0121701261701,0.00597269624573,7,0.000900900900901,0.621196581197,37,37,37,1,0,0.72972972973,0.243243243243,0.027027027027,37,0.0810810810811,1.31081081081,5.83783783784,10.8,3.48387096774,4.35579762764,0.746132001031,0.382382382382,5.35090012354,1.83317874603,0.784784784785,2.08670897692,0.714891038389,0.399399399399,0.544560874969,0.415438193275,2,1.31944444444,0.549711323953,2,0,0,0,0,0.213967176158,37,36,36,0.972972972973,0,0.702702702703,0.135135135135,0.135135135135,37,114,0.0855855855856,1.38738738739,6.16216216216,10.3636363636,3.25714285714,4.55529919443,0.739237149973,0.374348032243,5.36645122952,1.74174294291,0.769559032717,1.92033530606,0.623266722141,0.346609767662,0.664410597027,0.478893352402,2.33333333333,1.39814814815,0.670557429542,2.33333333333,0.0356381148951,0.00623700623701,2,0.0002574002574,0.183548901705,37,36,36,0.972972972973,0,0.675675675676,0.27027027027,0.027027027027,-102,-0.0765765765766,0.0630630630631,-5.51351351351,-11.2363636364,-2.74285714286,-3.64379985518,0.036999499891,0.0642879721827,-4.96288539948,-0.0276341648315,0.00429376745166,-1.16649616465,0.0945039239188,0.0938570149096,0.0844654820923,0.0409756125539,0.333333333333,0.0738238238238,0.0906123146075,0.333333333333,0.023467988725,0.000264309991272,-5,-0.000643500643501,-0.437647679492,-0.0540540540541,0.027027027027,0,113,1,103,1115,0.523148148148,0.999103942652,0.00089605734767,0.476851851852,0.991228070175,0.523148148148,0.684848484848,0.688118272496,0.5222520908,0.520737327189,6,108,0,0,0,0
2173,WLNM_dir_neg,0.837491426612,0.511449701933,00:00:03,10,50,42,1235135466,threshold_sweep,0.4,0.833333333333,0.0462962962963,0.0877192982456,5,1,103,215,0.0462962962963,0.99537037037,0.00462962962963,0.953703703704,0.833333333333,0.0462962962963,0.0877192982456,0.679012345679,0.66049382716,0.0545454545455,0.145692879354,0.0416666666667,216,108,108,0,216,0,108,0,108,37,216,0.162162162162,1.32432432432,11.6756756757,21.6,6,8.1990990496,0.702237650082,0.31006006006,10.329336629,1.76937710775,0.765265265265,3.0868314707,0.528762798222,0.252752752753,0.579945114934,0.437917739848,2,1.32432432432,0.579945114934,2,0.0121701261701,0.00597269624573,7,0.000900900900901,0.621196581197,37,37,37,1,0,0.72972972973,0.243243243243,0.027027027027,37,0.0810810810811,1.31081081081,5.83783783784,10.8,3.48387096774,4.35579762764,0.746132001031,0.382382382382,5.35090012354,1.83317874603,0.784784784785,2.08670897692,0.714891038389,0.399399399399,0.544560874969,0.415438193275,2,1.31944444444,0.549711323953,2,0,0,0,0,0.213967176158,37,36,36,0.972972972973,0,0.702702702703,0.135135135135,0.135135135135,37,114,0.0855855855856,1.38738738739,6.16216216216,10.3636363636,3.25714285714,4.55529919443,0.739237149973,0.374348032243,5.36645122952,1.74174294291,0.769559032717,1.92033530606,0.623266722141,0.346609767662,0.664410597027,0.478893352402,2.33333333333,1.39814814815,0.670557429542,2.33333333333,0.0356381148951,0.00623700623701,2,0.0002574002574,0.183548901705,37,36,36,0.972972972973,0,0.675675675676,0.27027027027,0.027027027027,-102,-0.0765765765766,0.0630630630631,-5.51351351351,-11.2363636364,-2.74285714286,-3.64379985518,0.036999499891,0.0642879721827,-4.96288539948,-0.0276341648315,0.00429376745166,-1.16649616465,0.0945039239188,0.0938570149096,0.0844654820923,0.0409756125539,0.333333333333,0.0738238238238,0.0906123146075,0.333333333333,0.023467988725,0.000264309991272,-5,-0.000643500643501,-0.437647679492,-0.0540540540541,0.027027027027,0,113,1,103,1115,0.523148148148,0.999103942652,0.00089605734767,0.476851851852,0.991228070175,0.523148148148,0.684848484848,0.688118272496,0.5222520908,0.520737327189,6,108,0,0,0,0
2174,WLNM_dir_neg,0.837491426612,0.511449701933,00:00:03,10,50,42,1235135466,threshold_sweep,0.5,1,0.00925925925926,0.0183486238532,1,0,107,216,0.00925925925926,1,0,0.990740740741,1,0.00925925925926,0.0183486238532,0.66975308642,0.665637860082,0.0123076923077,0.0786889475365,0.00925925925926,216,108,108,0,216,0,108,0,108,37,216,0.162162162162,1.32432432432,11.6756756757,21.6,6,8.1990990496,0.702237650082,0.31006006006,10.329336629,1.76937710775,0.765265265265,3.0868314707,0.528762798222,0.252752752753,0.579945114934,0.437917739848,2,1.32432432432,0.579945114934,2,0.0121701261701,0.00597269624573,7,0.000900900900901,0.621196581197,37,37,37,1,0,0.72972972973,0.243243243243,0.027027027027,37,0.0810810810811,1.31081081081,5.83783783784,10.8,3.48387096774,4.35579762764,0.746132001031,0.382382382382,5.35090012354,1.83317874603,0.784784784785,2.08670897692,0.714891038389,0.399399399399,0.544560874969,0.415438193275,2,1.31944444444,0.549711323953,2,0,0,0,0,0.213967176158,37,36,36,0.972972972973,0,0.702702702703,0.135135135135,0.135135135135,37,109,0.0818318318318,1.31081081081,5.89189189189,10.9,3.51612903226,4.4208080193,0.75032062713,0.38308951153,5.35903155609,1.81912080345,0.782544011902,2.06755284691,0.701829865466,0.393255640962,0.544560874969,0.415438193275,2,1.31944444444,0.549711323953,2,0,0,0,0,0.217670879861,37,36,36,0.972972972973,0,0.702702702703,0.135135135135,0.135135135135,-107,-0.0803303303303,-0.0135135135135,-5.78378378378,-10.7,-2.48387096774,-3.7782910303,0.0480829770477,0.0730294514698,-4.9703050729,0.0497436956997,0.0172787466365,-1.01927862379,0.173067067243,0.140502888209,-0.0353842399659,-0.0224795465735,0,-0.00487987987988,-0.0302337909811,0,-0.0121701261701,-0.00597269624573,-7,-0.000900900900901,-0.403525701335,-0.027027027027,-0.108108108108,0.108108108108,109,0,107,1116,0.50462962963,1,0,0.49537037037,1,0.50462962963,0.670769230769,0.67858654182,0.50462962963,0.50462962963,1,108,0,0,0,0
2175,WLNM_dir_neg,0.837491426612,0.511449701933,00:00:03,10,50,42,1235135466,threshold_sweep,0.6,1,0.00925925925926,0.0183486238532,1,0,107,216,0.00925925925926,1,0,0.990740740741,1,0.00925925925926,0.0183486238532,0.66975308642,0.665637860082,0.0123076923077,0.0786889475365,0.00925925925926,216,108,108,0,216,0,108,0,108,37,216,0.162162162162,1.32432432432,11.6756756757,21.6,6,8.1990990496,0.702237650082,0.31006006006,10.329336629,1.76937710775,0.765265265265,3.0868314707,0.528762798222,0.252752752753,0.579945114934,0.437917739848,2,1.32432432432,0.579945114934,2,0.0121701261701,0.00597269624573,7,0.000900900900901,0.621196581197,37,37,37,1,0,0.72972972973,0.243243243243,0.027027027027,37,0.0810810810811,1.31081081081,5.83783783784,10.8,3.48387096774,4.35579762764,0.746132001031,0.382382382382,5.35090012354,1.83317874603,0.784784784785,2.08670897692,0.714891038389,0.399399399399,0.544560874969,0.415438193275,2,1.31944444444,0.549711323953,2,0,0,0,0,0.213967176158,37,36,36,0.972972972973,0,0.702702702703,0.135135135135,0.135135135135,37,109,0.0818318318318,1.31081081081,5.89189189189,10.9,3.51612903226,4.4208080193,0.75032062713,0.38308951153,5.35903155609,1.81912080345,0.782544011902,2.06755284691,0.701829865466,0.393255640962,0.544560874969,0.415438193275,2,1.31944444444,0.549711323953,2,0,0,0,0,0.217670879861,37,36,36,0.972972972973,0,0.702702702703,0.135135135135,0.135135135135,-107,-0.0803303303303,-0.0135135135135,-5.78378378378,-10.7,-2.48387096774,-3.7782910303,0.0480829770477,0.0730294514698,-4.9703050729,0.0497436956997,0.0172787466365,-1.01927862379,0.173067067243,0.140502888209,-0.0353842399659,-0.0224795465735,0,-0.00487987987988,-0.0302337909811,0,-0.0121701261701,-0.00597269624573,-7,-0.000900900900901,-0.403525701335,-0.027027027027,-0.108108108108,0.108108108108,109,0,107,1116,0.50462962963,1,0,0.49537037037,1,0.50462962963,0.670769230769,0.67858654182,0.50462962963,0.50462962963,1,108,0,0,0,0
2176,WLNM_dir_neg,0.837491426612,0.511449701933,00:00:03,10,50,42,1235135466,threshold_sweep,0.7,1,0.00925925925926,0.0183486238532,1,0,107,216,0.00925925925926,1,0,0.990740740741,1,0.00925925925926,0.0183486238532,0.66975308642,0.665637860082,0.0123076923077,0.0786889475365,0.00925925925926,216,108,108,0,216,0,108,0,108,37,216,0.162162162162,1.32432432432,11.6756756757,21.6,6,8.1990990496,0.702237650082,0.31006006006,10.329336629,1.76937710775,0.765265265265,3.0868314707,0.528762798222,0.252752752753,0.579945114934,0.437917739848,2,1.32432432432,0.579945114934,2,0.0121701261701,0.00597269624573,7,0.000900900900901,0.621196581197,37,37,37,1,0,0.72972972973,0.243243243243,0.027027027027,37,0.0810810810811,1.31081081081,5.83783783784,10.8,3.48387096774,4.35579762764,0.746132001031,0.382382382382,5.35090012354,1.83317874603,0.784784784785,2.08670897692,0.714891038389,0.399399399399,0.544560874969,0.415438193275,2,1.31944444444,0.549711323953,2,0,0,0,0,0.213967176158,37,36,36,0.972972972973,0,0.702702702703,0.135135135135,0.135135135135,37,109,0.0818318318318,1.31081081081,5.89189189189,10.9,3.51612903226,4.4208080193,0.75032062713,0.38308951153,5.35903155609,1.81912080345,0.782544011902,2.06755284691,0.701829865466,0.393255640962,0.544560874969,0.415438193275,2,1.31944444444,0.549711323953,2,0,0,0,0,0.217670879861,37,36,36,0.972972972973,0,0.702702702703,0.135135135135,0.135135135135,-107,-0.0803303303303,-0.0135135135135,-5.78378378378,-10.7,-2.48387096774,-3.7782910303,0.0480829770477,0.0730294514698,-4.9703050729,0.0497436956997,0.0172787466365,-1.01927862379,0.173067067243,0.140502888209,-0.0353842399659,-0.0224795465735,0,-0.00487987987988,-0.0302337909811,0,-0.0121701261701,-0.00597269624573,-7,-0.000900900900901,-0.403525701335,-0.027027027027,-0.108108108108,0.108108108108,109,0,107,1116,0.50462962963,1,0,0.49537037037,1,0.50462962963,0.670769230769,0.67858654182,0.50462962963,0.50462962963,1,108,0,0,0,0
2177,WLNM_dir_neg,0.837491426612,0.511449701933,00:00:03,10,50,42,1235135466,threshold_sweep,0.8,1,0.00925925925926,0.0183486238532,1,0,107,216,0.00925925925926,1,0,0.990740740741,1,0.00925925925926,0.0183486238532,0.66975308642,0.665637860082,0.0123076923077,0.0786889475365,0.00925925925926,216,108,108,0,216,0,108,0,108,37,216,0.162162162162,1.32432432432,11.6756756757,21.6,6,8.1990990496,0.702237650082,0.31006006006,10.329336629,1.76937710775,0.765265265265,3.0868314707,0.528762798222,0.252752752753,0.579945114934,0.437917739848,2,1.32432432432,0.579945114934,2,0.0121701261701,0.00597269624573,7,0.000900900900901,0.621196581197,37,37,37,1,0,0.72972972973,0.243243243243,0.027027027027,37,0.0810810810811,1.31081081081,5.83783783784,10.8,3.48387096774,4.35579762764,0.746132001031,0.382382382382,5.35090012354,1.83317874603,0.784784784785,2.08670897692,0.714891038389,0.399399399399,0.544560874969,0.415438193275,2,1.31944444444,0.549711323953,2,0,0,0,0,0.213967176158,37,36,36,0.972972972973,0,0.702702702703,0.135135135135,0.135135135135,37,109,0.0818318318318,1.31081081081,5.89189189189,10.9,3.51612903226,4.4208080193,0.75032062713,0.38308951153,5.35903155609,1.81912080345,0.782544011902,2.06755284691,0.701829865466,0.393255640962,0.544560874969,0.415438193275,2,1.31944444444,0.549711323953,2,0,0,0,0,0.217670879861,37,36,36,0.972972972973,0,0.702702702703,0.135135135135,0.135135135135,-107,-0.0803303303303,-0.0135135135135,-5.78378378378,-10.7,-2.48387096774,-3.7782910303,0.0480829770477,0.0730294514698,-4.9703050729,0.0497436956997,0.0172787466365,-1.01927862379,0.173067067243,0.140502888209,-0.0353842399659,-0.0224795465735,0,-0.00487987987988,-0.0302337909811,0,-0.0121701261701,-0.00597269624573,-7,-0.000900900900901,-0.403525701335,-0.027027027027,-0.108108108108,0.108108108108,109,0,107,1116,0.50462962963,1,0,0.49537037037,1,0.50462962963,0.670769230769,0.67858654182,0.50462962963,0.50462962963,1,108,0,0,0,0
2178,WLNM_dir_neg,0.837491426612,0.511449701933,00:00:03,10,50,42,1235135466,threshold_sweep,0.9,1,0.00925925925926,0.0183486238532,1,0,107,216,0.00925925925926,1,0,0.990740740741,1,0.00925925925926,0.0183486238532,0.66975308642,0.665637860082,0.0123076923077,0.0786889475365,0.00925925925926,216,108,108,0,216,0,108,0,108,37,216,0.162162162162,1.32432432432,11.6756756757,21.6,6,8.1990990496,0.702237650082,0.31006006006,10.329336629,1.76937710775,0.765265265265,3.0868314707,0.528762798222,0.252752752753,0.579945114934,0.437917739848,2,1.32432432432,0.579945114934,2,0.0121701261701,0.00597269624573,7,0.000900900900901,0.621196581197,37,37,37,1,0,0.72972972973,0.243243243243,0.027027027027,37,0.0810810810811,1.31081081081,5.83783783784,10.8,3.48387096774,4.35579762764,0.746132001031,0.382382382382,5.35090012354,1.83317874603,0.784784784785,2.08670897692,0.714891038389,0.399399399399,0.544560874969,0.415438193275,2,1.31944444444,0.549711323953,2,0,0,0,0,0.213967176158,37,36,36,0.972972972973,0,0.702702702703,0.135135135135,0.135135135135,37,109,0.0818318318318,1.31081081081,5.89189189189,10.9,3.51612903226,4.4208080193,0.75032062713,0.38308951153,5.35903155609,1.81912080345,0.782544011902,2.06755284691,0.701829865466,0.393255640962,0.544560874969,0.415438193275,2,1.31944444444,0.549711323953,2,0,0,0,0,0.217670879861,37,36,36,0.972972972973,0,0.702702702703,0.135135135135,0.135135135135,-107,-0.0803303303303,-0.0135135135135,-5.78378378378,-10.7,-2.48387096774,-3.7782910303,0.0480829770477,0.0730294514698,-4.9703050729,0.0497436956997,0.0172787466365,-1.01927862379,0.173067067243,0.140502888209,-0.0353842399659,-0.0224795465735,0,-0.00487987987988,-0.0302337909811,0,-0.0121701261701,-0.00597269624573,-7,-0.000900900900901,-0.403525701335,-0.027027027027,-0.108108108108,0.108108108108,109,0,107,1116,0.50462962963,1,0,0.49537037037,1,0.50462962963,0.670769230769,0.67858654182,0.50462962963,0.50462962963,1,108,0,0,0,0
2179,WLNM_dir_neg,0.965706447188,0.758491180125,00:00:04,10,50,43,1235135467,threshold_sweep,0.1,0.9,0.0833333333333,0.152542372881,9,1,99,215,0.0833333333333,0.99537037037,0.00462962962963,0.916666666667,0.9,0.0833333333333,0.152542372881,0.691358024691,0.656378600823,0.101796407186,0.214520647678,0.0787037037037,216,108,108,0,216,0,108,0,108,37,216,0.162162162162,1.32432432432,11.6756756757,21.6,6,8.1990990496,0.702237650082,0.31006006006,10.329336629,1.76937710775,0.765265265265,3.0868314707,0.528762798222,0.252752752753,0.579945114934,0.437917739848,2,1.32432432432,0.579945114934,2,0.0121701261701,0.00597269624573,7,0.000900900900901,0.621196581197,37,37,37,1,0,0.72972972973,0.243243243243,0.027027027027,37,0.0810810810811,1.32432432432,5.83783783784,10.8,3.48387096774,4.46911321998,0.765542542311,0.398398398398,5.36645122952,1.83850643974,0.785785785786,2.15223886503,0.737341092648,0.411411411411,0.579945114934,0.437917739848,2,1.33333333333,0.585540043769,2,0,0,0,0,0.226948200541,37,36,36,0.972972972973,0,0.702702702703,0.135135135135,0.135135135135,37,118,0.0885885885886,1.38262548263,6.37837837838,10.7272727273,3.27777777778,4.75132350773,0.744910888923,0.38685295465,5.46624916006,1.7139933807,0.762253779203,1.88322769376,0.590503598891,0.326614750344,0.644346908148,0.466031413601,2.01428571429,1.38262548263,0.644346908148,2.01428571429,0.0142704354469,0.014409221902,5,0.000643500643501,0.196593982261,37,37,37,1,0,0.702702702703,0.27027027027,0.027027027027,-98,-0.0735735735736,0.0583011583012,-5.2972972973,-10.8727272727,-2.72222222222,-3.44777554188,0.0426732388414,0.0767928945895,-4.86308746894,-0.0553837270479,-0.00301148606233,-1.20360377694,0.0617408006686,0.0738619975908,0.0644017932137,0.0281136737521,0.0142857142857,0.0583011583012,0.0644017932137,0.0142857142857,0.00210030927678,0.00843652565628,-2,-0.0002574002574,-0.424602598936,-0.027027027027,0.027027027027,0,117,1,99,1115,0.541666666667,0.999103942652,0.00089605734767,0.458333333333,0.991525423729,0.541666666667,0.700598802395,0.701490357462,0.540770609319,0.539170506912,10,108,0,0,0,0
2180,WLNM_dir_neg,0.965706447188,0.758491180125,00:00:04,10,50,43,1235135467,threshold_sweep,0.2,0.9,0.0833333333333,0.152542372881,9,1,99,215,0.0833333333333,0.99537037037,0.00462962962963,0.916666666667,0.9,0.0833333333333,0.152542372881,0.691358024691,0.656378600823,0.101796407186,0.214520647678,0.0787037037037,216,108,108,0,216,0,108,0,108,37,216,0.162162162162,1.32432432432,11.6756756757,21.6,6,8.1990990496,0.702237650082,0.31006006006,10.329336629,1.76937710775,0.765265265265,3.0868314707,0.528762798222,0.252752752753,0.579945114934,0.437917739848,2,1.32432432432,0.579945114934,2,0.0121701261701,0.00597269624573,7,0.000900900900901,0.621196581197,37,37,37,1,0,0.72972972973,0.243243243243,0.027027027027,37,0.0810810810811,1.32432432432,5.83783783784,10.8,3.48387096774,4.46911321998,0.765542542311,0.398398398398,5.36645122952,1.83850643974,0.785785785786,2.15223886503,0.737341092648,0.411411411411,0.579945114934,0.437917739848,2,1.33333333333,0.585540043769,2,0,0,0,0,0.226948200541,37,36,36,0.972972972973,0,0.702702702703,0.135135135135,0.135135135135,37,118,0.0885885885886,1.38262548263,6.37837837838,10.7272727273,3.27777777778,4.75132350773,0.744910888923,0.38685295465,5.46624916006,1.7139933807,0.762253779203,1.88322769376,0.590503598891,0.326614750344,0.644346908148,0.466031413601,2.01428571429,1.38262548263,0.644346908148,2.01428571429,0.0142704354469,0.014409221902,5,0.000643500643501,0.196593982261,37,37,37,1,0,0.702702702703,0.27027027027,0.027027027027,-98,-0.0735735735736,0.0583011583012,-5.2972972973,-10.8727272727,-2.72222222222,-3.44777554188,0.0426732388414,0.0767928945895,-4.86308746894,-0.0553837270479,-0.00301148606233,-1.20360377694,0.0617408006686,0.0738619975908,0.0644017932137,0.0281136737521,0.0142857142857,0.0583011583012,0.0644017932137,0.0142857142857,0.00210030927678,0.00843652565628,-2,-0.0002574002574,-0.424602598936,-0.027027027027,0.027027027027,0,117,1,99,1115,0.541666666667,0.999103942652,0.00089605734767,0.458333333333,0.991525423729,0.541666666667,0.700598802395,0.701490357462,0.540770609319,0.539170506912,10,108,0,0,0,0
2181,WLNM_dir_neg,0.965706447188,0.758491180125,00:00:04,10,50,43,1235135467,threshold_sweep,0.3,1,0.0833333333333,0.153846153846,9,0,99,216,0.0833333333333,1,0,0.916666666667,1,0.0833333333333,0.153846153846,0.694444444444,0.657407407407,0.108108108108,0.239045721867,0.0833333333333,216,108,108,0,216,0,108,0,108,37,216,0.162162162162,1.32432432432,11.6756756757,21.6,6,8.1990990496,0.702237650082,0.31006006006,10.329336629,1.76937710775,0.765265265265,3.0868314707,0.528762798222,0.252752752753,0.579945114934,0.437917739848,2,1.32432432432,0.579945114934,2,0.0121701261701,0.00597269624573,7,0.000900900900901,0.621196581197,37,37,37,1,0,0.72972972973,0.243243243243,0.027027027027,37,0.0810810810811,1.32432432432,5.83783783784,10.8,3.48387096774,4.46911321998,0.765542542311,0.398398398398,5.36645122952,1.83850643974,0.785785785786,2.15223886503,0.737341092648,0.411411411411,0.579945114934,0.437917739848,2,1.33333333333,0.585540043769,2,0,0,0,0,0.226948200541,37,36,36,0.972972972973,0,0.702702702703,0.135135135135,0.135135135135,37,117,0.0878378378378,1.32432432432,6.32432432432,11.7,3.25,4.73200717369,0.748223356524,0.39039039039,5.47982924264,1.7329374528,0.765072765073,1.89316773797,0.598694070981,0.329406329406,0.579945114934,0.437917739848,2,1.32432432432,0.579945114934,2,0.0147332482973,0.0146198830409,5,0.000643500643501,0.233614867208,37,37,37,1,0,0.72972972973,0.243243243243,0.027027027027,-99,-0.0743243243243,0,-5.35135135135,-9.9,-2.75,-3.46709187591,0.0459857064424,0.0803303303303,-4.84950738636,-0.0364396549436,-0.0001925001925,-1.19366373274,0.069931272759,0.0766535766536,0,0,0,0,0,0,0.00256312212714,0.0086471867952,-2,-0.0002574002574,-0.387581713989,0,0,0,117,0,99,1116,0.541666666667,1,0,0.458333333333,1,0.541666666667,0.702702702703,0.705358677694,0.541666666667,0.541666666667,9,108,0,0,0,0
2182,WLNM_dir_neg,0.965706447188,0.758491180125,00:00:04,10,50,43,1235135467,threshold_sweep,0.4,1,0.0833333333333,0.153846153846,9,0,99,216,0.0833333333333,1,0,0.916666666667,1,0.0833333333333,0.153846153846,0.694444444444,0.657407407407,0.108108108108,0.239045721867,0.0833333333333,216,108,108,0,216,0,108,0,108,37,216,0.162162162162,1.32432432432,11.6756756757,21.6,6,8.1990990496,0.702237650082,0.31006006006,10.329336629,1.76937710775,0.765265265265,3.0868314707,0.528762798222,0.252752752753,0.579945114934,0.437917739848,2,1.32432432432,0.579945114934,2,0.0121701261701,0.00597269624573,7,0.000900900900901,0.621196581197,37,37,37,1,0,0.72972972973,0.243243243243,0.027027027027,37,0.0810810810811,1.32432432432,5.83783783784,10.8,3.48387096774,4.46911321998,0.765542542311,0.398398398398,5.36645122952,1.83850643974,0.785785785786,2.15223886503,0.737341092648,0.411411411411,0.579945114934,0.437917739848,2,1.33333333333,0.585540043769,2,0,0,0,0,0.226948200541,37,36,36,0.972972972973,0,0.702702702703,0.135135135135,0.135135135135,37,117,0.0878378378378,1.32432432432,6.32432432432,11.7,3.25,4.73200717369,0.748223356524,0.39039039039,5.47982924264,1.7329374528,0.765072765073,1.89316773797,0.598694070981,0.329406329406,0.579945114934,0.437917739848,2,1.32432432432,0.579945114934,2,0.0147332482973,0.0146198830409,5,0.000643500643501,0.233614867208,37,37,37,1,0,0.72972972973,0.243243243243,0.027027027027,-99,-0.0743243243243,0,-5.35135135135,-9.9,-2.75,-3.46709187591,0.0459857064424,0.0803303303303,-4.84950738636,-0.0364396549436,-0.0001925001925,-1.19366373274,0.069931272759,0.0766535766536,0,0,0,0,0,0,0.00256312212714,0.0086471867952,-2,-0.0002574002574,-0.387581713989,0,0,0,117,0,99,1116,0.541666666667,1,0,0.458333333333,1,0.541666666667,0.702702702703,0.705358677694,0.541666666667,0.541666666667,9,108,0,0,0,0
2183,WLNM_dir_neg,0.965706447188,0.758491180125,00:00:04,10,50,43,1235135467,threshold_sweep,0.5,1,0.0833333333333,0.153846153846,9,0,99,216,0.0833333333333,1,0,0.916666666667,1,0.0833333333333,0.153846153846,0.694444444444,0.657407407407,0.108108108108,0.239045721867,0.0833333333333,216,108,108,0,216,0,108,0,108,37,216,0.162162162162,1.32432432432,11.6756756757,21.6,6,8.1990990496,0.702237650082,0.31006006006,10.329336629,1.76937710775,0.765265265265,3.0868314707,0.528762798222,0.252752752753,0.579945114934,0.437917739848,2,1.32432432432,0.579945114934,2,0.0121701261701,0.00597269624573,7,0.000900900900901,0.621196581197,37,37,37,1,0,0.72972972973,0.243243243243,0.027027027027,37,0.0810810810811,1.32432432432,5.83783783784,10.8,3.48387096774,4.46911321998,0.765542542311,0.398398398398,5.36645122952,1.83850643974,0.785785785786,2.15223886503,0.737341092648,0.411411411411,0.579945114934,0.437917739848,2,1.33333333333,0.585540043769,2,0,0,0,0,0.226948200541,37,36,36,0.972972972973,0,0.702702702703,0.135135135135,0.135135135135,37,117,0.0878378378378,1.32432432432,6.32432432432,11.7,3.25,4.73200717369,0.748223356524,0.39039039039,5.47982924264,1.7329374528,0.765072765073,1.89316773797,0.598694070981,0.329406329406,0.579945114934,0.437917739848,2,1.32432432432,0.579945114934,2,0.0147332482973,0.0146198830409,5,0.000643500643501,0.233614867208,37,37,37,1,0,0.72972972973,0.243243243243,0.027027027027,-99,-0.0743243243243,0,-5.35135135135,-9.9,-2.75,-3.46709187591,0.0459857064424,0.0803303303303,-4.84950738636,-0.0364396549436,-0.0001925001925,-1.19366373274,0.069931272759,0.0766535766536,0,0,0,0,0,0,0.00256312212714,0.0086471867952,-2,-0.0002574002574,-0.387581713989,0,0,0,117,0,99,1116,0.541666666667,1,0,0.458333333333,1,0.541666666667,0.702702702703,0.705358677694,0.541666666667,0.541666666667,9,108,0,0,0,0
2184,WLNM_dir_neg,0.965706447188,0.758491180125,00:00:04,10,50,43,1235135467,threshold_sweep,0.6,1,0.0833333333333,0.153846153846,9,0,99,216,0.0833333333333,1,0,0.916666666667,1,0.0833333333333,0.153846153846,0.694444444444,0.657407407407,0.108108108108,0.239045721867,0.0833333333333,216,108,108,0,216,0,108,0,108,37,216,0.162162162162,1.32432432432,11.6756756757,21.6,6,8.1990990496,0.702237650082,0.31006006006,10.329336629,1.76937710775,0.765265265265,3.0868314707,0.528762798222,0.252752752753,0.579945114934,0.437917739848,2,1.32432432432,0.579945114934,2,0.0121701261701,0.00597269624573,7,0.000900900900901,0.621196581197,37,37,37,1,0,0.72972972973,0.243243243243,0.027027027027,37,0.0810810810811,1.32432432432,5.83783783784,10.8,3.48387096774,4.46911321998,0.765542542311,0.398398398398,5.36645122952,1.83850643974,0.785785785786,2.15223886503,0.737341092648,0.411411411411,0.579945114934,0.437917739848,2,1.33333333333,0.585540043769,2,0,0,0,0,0.226948200541,37,36,36,0.972972972973,0,0.702702702703,0.135135135135,0.135135135135,37,117,0.0878378378378,1.32432432432,6.32432432432,11.7,3.25,4.73200717369,0.748223356524,0.39039039039,5.47982924264,1.7329374528,0.765072765073,1.89316773797,0.598694070981,0.329406329406,0.579945114934,0.437917739848,2,1.32432432432,0.579945114934,2,0.0147332482973,0.0146198830409,5,0.000643500643501,0.233614867208,37,37,37,1,0,0.72972972973,0.243243243243,0.027027027027,-99,-0.0743243243243,0,-5.35135135135,-9.9,-2.75,-3.46709187591,0.0459857064424,0.0803303303303,-4.84950738636,-0.0364396549436,-0.0001925001925,-1.19366373274,0.069931272759,0.0766535766536,0,0,0,0,0,0,0.00256312212714,0.0086471867952,-2,-0.0002574002574,-0.387581713989,0,0,0,117,0,99,1116,0.541666666667,1,0,0.458333333333,1,0.541666666667,0.702702702703,0.705358677694,0.541666666667,0.541666666667,9,108,0,0,0,0
2185,WLNM_dir_neg,0.965706447188,0.758491180125,00:00:04,10,50,43,1235135467,threshold_sweep,0.7,1,0.0833333333333,0.153846153846,9,0,99,216,0.0833333333333,1,0,0.916666666667,1,0.0833333333333,0.153846153846,0.694444444444,0.657407407407,0.108108108108,0.239045721867,0.0833333333333,216,108,108,0,216,0,108,0,108,37,216,0.162162162162,1.32432432432,11.6756756757,21.6,6,8.1990990496,0.702237650082,0.31006006006,10.329336629,1.76937710775,0.765265265265,3.0868314707,0.528762798222,0.252752752753,0.579945114934,0.437917739848,2,1.32432432432,0.579945114934,2,0.0121701261701,0.00597269624573,7,0.000900900900901,0.621196581197,37,37,37,1,0,0.72972972973,0.243243243243,0.027027027027,37,0.0810810810811,1.32432432432,5.83783783784,10.8,3.48387096774,4.46911321998,0.765542542311,0.398398398398,5.36645122952,1.83850643974,0.785785785786,2.15223886503,0.737341092648,0.411411411411,0.579945114934,0.437917739848,2,1.33333333333,0.585540043769,2,0,0,0,0,0.226948200541,37,36,36,0.972972972973,0,0.702702702703,0.135135135135,0.135135135135,37,117,0.0878378378378,1.32432432432,6.32432432432,11.7,3.25,4.73200717369,0.748223356524,0.39039039039,5.47982924264,1.7329374528,0.765072765073,1.89316773797,0.598694070981,0.329406329406,0.579945114934,0.437917739848,2,1.32432432432,0.579945114934,2,0.0147332482973,0.0146198830409,5,0.000643500643501,0.233614867208,37,37,37,1,0,0.72972972973,0.243243243243,0.027027027027,-99,-0.0743243243243,0,-5.35135135135,-9.9,-2.75,-3.46709187591,0.0459857064424,0.0803303303303,-4.84950738636,-0.0364396549436,-0.0001925001925,-1.19366373274,0.069931272759,0.0766535766536,0,0,0,0,0,0,0.00256312212714,0.0086471867952,-2,-0.0002574002574,-0.387581713989,0,0,0,117,0,99,1116,0.541666666667,1,0,0.458333333333,1,0.541666666667,0.702702702703,0.705358677694,0.541666666667,0.541666666667,9,108,0,0,0,0
2186,WLNM_dir_neg,0.965706447188,0.758491180125,00:00:04,10,50,43,1235135467,threshold_sweep,0.8,1,0.0833333333333,0.153846153846,9,0,99,216,0.0833333333333,1,0,0.916666666667,1,0.0833333333333,0.153846153846,0.694444444444,0.657407407407,0.108108108108,0.239045721867,0.0833333333333,216,108,108,0,216,0,108,0,108,37,216,0.162162162162,1.32432432432,11.6756756757,21.6,6,8.1990990496,0.702237650082,0.31006006006,10.329336629,1.76937710775,0.765265265265,3.0868314707,0.528762798222,0.252752752753,0.579945114934,0.437917739848,2,1.32432432432,0.579945114934,2,0.0121701261701,0.00597269624573,7,0.000900900900901,0.621196581197,37,37,37,1,0,0.72972972973,0.243243243243,0.027027027027,37,0.0810810810811,1.32432432432,5.83783783784,10.8,3.48387096774,4.46911321998,0.765542542311,0.398398398398,5.36645122952,1.83850643974,0.785785785786,2.15223886503,0.737341092648,0.411411411411,0.579945114934,0.437917739848,2,1.33333333333,0.585540043769,2,0,0,0,0,0.226948200541,37,36,36,0.972972972973,0,0.702702702703,0.135135135135,0.135135135135,37,117,0.0878378378378,1.32432432432,6.32432432432,11.7,3.25,4.73200717369,0.748223356524,0.39039039039,5.47982924264,1.7329374528,0.765072765073,1.89316773797,0.598694070981,0.329406329406,0.579945114934,0.437917739848,2,1.32432432432,0.579945114934,2,0.0147332482973,0.0146198830409,5,0.000643500643501,0.233614867208,37,37,37,1,0,0.72972972973,0.243243243243,0.027027027027,-99,-0.0743243243243,0,-5.35135135135,-9.9,-2.75,-3.46709187591,0.0459857064424,0.0803303303303,-4.84950738636,-0.0364396549436,-0.0001925001925,-1.19366373274,0.069931272759,0.0766535766536,0,0,0,0,0,0,0.00256312212714,0.0086471867952,-2,-0.0002574002574,-0.387581713989,0,0,0,117,0,99,1116,0.541666666667,1,0,0.458333333333,1,0.541666666667,0.702702702703,0.705358677694,0.541666666667,0.541666666667,9,108,0,0,0,0
2187,WLNM_dir_neg,0.965706447188,0.758491180125,00:00:04,10,50,43,1235135467,threshold_sweep,0.9,1,0.0833333333333,0.153846153846,9,0,99,216,0.0833333333333,1,0,0.916666666667,1,0.0833333333333,0.153846153846,0.694444444444,0.657407407407,0.108108108108,0.239045721867,0.0833333333333,216,108,108,0,216,0,108,0,108,37,216,0.162162162162,1.32432432432,11.6756756757,21.6,6,8.1990990496,0.702237650082,0.31006006006,10.329336629,1.76937710775,0.765265265265,3.0868314707,0.528762798222,0.252752752753,0.579945114934,0.437917739848,2,1.32432432432,0.579945114934,2,0.0121701261701,0.00597269624573,7,0.000900900900901,0.621196581197,37,37,37,1,0,0.72972972973,0.243243243243,0.027027027027,37,0.0810810810811,1.32432432432,5.83783783784,10.8,3.48387096774,4.46911321998,0.765542542311,0.398398398398,5.36645122952,1.83850643974,0.785785785786,2.15223886503,0.737341092648,0.411411411411,0.579945114934,0.437917739848,2,1.33333333333,0.585540043769,2,0,0,0,0,0.226948200541,37,36,36,0.972972972973,0,0.702702702703,0.135135135135,0.135135135135,37,117,0.0878378378378,1.32432432432,6.32432432432,11.7,3.25,4.73200717369,0.748223356524,0.39039039039,5.47982924264,1.7329374528,0.765072765073,1.89316773797,0.598694070981,0.329406329406,0.579945114934,0.437917739848,2,1.32432432432,0.579945114934,2,0.0147332482973,0.0146198830409,5,0.000643500643501,0.233614867208,37,37,37,1,0,0.72972972973,0.243243243243,0.027027027027,-99,-0.0743243243243,0,-5.35135135135,-9.9,-2.75,-3.46709187591,0.0459857064424,0.0803303303303,-4.84950738636,-0.0364396549436,-0.0001925001925,-1.19366373274,0.069931272759,0.0766535766536,0,0,0,0,0,0,0.00256312212714,0.0086471867952,-2,-0.0002574002574,-0.387581713989,0,0,0,117,0,99,1116,0.541666666667,1,0,0.458333333333,1,0.541666666667,0.702702702703,0.705358677694,0.541666666667,0.541666666667,9,108,0,0,0,0
2188,WLNM_dir_neg,0.993527091907,0.929789796109,00:00:03,10,50,44,1235135468,threshold_sweep,0.1,0.888888888889,0.0740740740741,0.136752136752,8,1,100,215,0.0740740740741,0.99537037037,0.00462962962963,0.925925925926,0.888888888889,0.0740740740741,0.136752136752,0.688271604938,0.657407407407,0.0900900900901,0.199204768222,0.0694444444444,216,108,108,0,216,0,108,0,108,37,216,0.162162162162,1.32432432432,11.6756756757,21.6,6,8.1990990496,0.702237650082,0.31006006006,10.329336629,1.76937710775,0.765265265265,3.0868314707,0.528762798222,0.252752752753,0.579945114934,0.437917739848,2,1.32432432432,0.579945114934,2,0.0121701261701,0.00597269624573,7,0.000900900900901,0.621196581197,37,37,37,1,0,0.72972972973,0.243243243243,0.027027027027,37,0.0810810810811,1.31891891892,5.83783783784,10.8,3.48387096774,4.39389420745,0.752657804055,0.387137137137,5.21950603441,1.78816410438,0.778278278278,2.04638405186,0.701076017765,0.393393393393,0.56462270482,0.428095083573,2,1.32777777778,0.57001810052,2,0,0,0,0,0.22443850521,37,36,36,0.972972972973,0,0.702702702703,0.135135135135,0.135135135135,37,117,0.0878378378378,1.32808758125,6.32432432432,11.7,3.25,4.80193279405,0.759279971709,0.399861399861,5.39811445225,1.70709602336,0.758142758143,1.77190283019,0.560345339462,0.310926310926,0.591382825656,0.445289026119,2.12658227848,1.33720112518,0.597130753132,2.12658227848,0.0146173098045,0.0205882352941,7,0.000900900900901,0.22746880824,37,36,36,0.972972972973,0,0.702702702703,0.27027027027,0,-99,-0.0743243243243,0.00376325692781,-5.35135135135,-9.9,-2.75,-3.39716625556,0.0570423216267,0.0898013398013,-4.93122217675,-0.0622810843828,-0.00712250712251,-1.31492864051,0.0315825412397,0.0581735581736,0.0114377107216,0.00737128627021,0.126582278481,0.0128768008515,0.0171856381976,0.126582278481,0.00244718363435,0.0146155390484,0,0,-0.393727772957,-0.027027027027,0.027027027027,-0.027027027027,116,1,100,1115,0.537037037037,0.999103942652,0.00089605734767,0.462962962963,0.991452991453,0.537037037037,0.696696696697,0.698163124599,0.536140979689,0.534562211982,9,108,0,0,0,0
2189,WLNM_dir_neg,0.993527091907,0.929789796109,00:00:03,10,50,44,1235135468,threshold_sweep,0.2,0.888888888889,0.0740740740741,0.136752136752,8,1,100,215,0.0740740740741,0.99537037037,0.00462962962963,0.925925925926,0.888888888889,0.0740740740741,0.136752136752,0.688271604938,0.657407407407,0.0900900900901,0.199204768222,0.0694444444444,216,108,108,0,216,0,108,0,108,37,216,0.162162162162,1.32432432432,11.6756756757,21.6,6,8.1990990496,0.702237650082,0.31006006006,10.329336629,1.76937710775,0.765265265265,3.0868314707,0.528762798222,0.252752752753,0.579945114934,0.437917739848,2,1.32432432432,0.579945114934,2,0.0121701261701,0.00597269624573,7,0.000900900900901,0.621196581197,37,37,37,1,0,0.72972972973,0.243243243243,0.027027027027,37,0.0810810810811,1.31891891892,5.83783783784,10.8,3.48387096774,4.39389420745,0.752657804055,0.387137137137,5.21950603441,1.78816410438,0.778278278278,2.04638405186,0.701076017765,0.393393393393,0.56462270482,0.428095083573,2,1.32777777778,0.57001810052,2,0,0,0,0,0.22443850521,37,36,36,0.972972972973,0,0.702702702703,0.135135135135,0.135135135135,37,117,0.0878378378378,1.32808758125,6.32432432432,11.7,3.25,4.80193279405,0.759279971709,0.399861399861,5.39811445225,1.70709602336,0.758142758143,1.77190283019,0.560345339462,0.310926310926,0.591382825656,0.445289026119,2.12658227848,1.33720112518,0.597130753132,2.12658227848,0.0146173098045,0.0205882352941,7,0.000900900900901,0.22746880824,37,36,36,0.972972972973,0,0.702702702703,0.27027027027,0,-99,-0.0743243243243,0.00376325692781,-5.35135135135,-9.9,-2.75,-3.39716625556,0.0570423216267,0.0898013398013,-4.93122217675,-0.0622810843828,-0.00712250712251,-1.31492864051,0.0315825412397,0.0581735581736,0.0114377107216,0.00737128627021,0.126582278481,0.0128768008515,0.0171856381976,0.126582278481,0.00244718363435,0.0146155390484,0,0,-0.393727772957,-0.027027027027,0.027027027027,-0.027027027027,116,1,100,1115,0.537037037037,0.999103942652,0.00089605734767,0.462962962963,0.991452991453,0.537037037037,0.696696696697,0.698163124599,0.536140979689,0.534562211982,9,108,0,0,0,0
2190,WLNM_dir_neg,0.993527091907,0.929789796109,00:00:03,10,50,44,1235135468,threshold_sweep,0.3,0.888888888889,0.0740740740741,0.136752136752,8,1,100,215,0.0740740740741,0.99537037037,0.00462962962963,0.925925925926,0.888888888889,0.0740740740741,0.136752136752,0.688271604938,0.657407407407,0.0900900900901,0.199204768222,0.0694444444444,216,108,108,0,216,0,108,0,108,37,216,0.162162162162,1.32432432432,11.6756756757,21.6,6,8.1990990496,0.702237650082,0.31006006006,10.329336629,1.76937710775,0.765265265265,3.0868314707,0.528762798222,0.252752752753,0.579945114934,0.437917739848,2,1.32432432432,0.579945114934,2,0.0121701261701,0.00597269624573,7,0.000900900900901,0.621196581197,37,37,37,1,0,0.72972972973,0.243243243243,0.027027027027,37,0.0810810810811,1.31891891892,5.83783783784,10.8,3.48387096774,4.39389420745,0.752657804055,0.387137137137,5.21950603441,1.78816410438,0.778278278278,2.04638405186,0.701076017765,0.393393393393,0.56462270482,0.428095083573,2,1.32777777778,0.57001810052,2,0,0,0,0,0.22443850521,37,36,36,0.972972972973,0,0.702702702703,0.135135135135,0.135135135135,37,117,0.0878378378378,1.32808758125,6.32432432432,11.7,3.25,4.80193279405,0.759279971709,0.399861399861,5.39811445225,1.70709602336,0.758142758143,1.77190283019,0.560345339462,0.310926310926,0.591382825656,0.445289026119,2.12658227848,1.33720112518,0.597130753132,2.12658227848,0.0146173098045,0.0205882352941,7,0.000900900900901,0.22746880824,37,36,36,0.972972972973,0,0.702702702703,0.27027027027,0,-99,-0.0743243243243,0.00376325692781,-5.35135135135,-9.9,-2.75,-3.39716625556,0.0570423216267,0.0898013398013,-4.93122217675,-0.0622810843828,-0.00712250712251,-1.31492864051,0.0315825412397,0.0581735581736,0.0114377107216,0.00737128627021,0.126582278481,0.0128768008515,0.0171856381976,0.126582278481,0.00244718363435,0.0146155390484,0,0,-0.393727772957,-0.027027027027,0.027027027027,-0.027027027027,116,1,100,1115,0.537037037037,0.999103942652,0.00089605734767,0.462962962963,0.991452991453,0.537037037037,0.696696696697,0.698163124599,0.536140979689,0.534562211982,9,108,0,0,0,0
2191,WLNM_dir_neg,0.993527091907,0.929789796109,00:00:03,10,50,44,1235135468,threshold_sweep,0.4,0.888888888889,0.0740740740741,0.136752136752,8,1,100,215,0.0740740740741,0.99537037037,0.00462962962963,0.925925925926,0.888888888889,0.0740740740741,0.136752136752,0.688271604938,0.657407407407,0.0900900900901,0.199204768222,0.0694444444444,216,108,108,0,216,0,108,0,108,37,216,0.162162162162,1.32432432432,11.6756756757,21.6,6,8.1990990496,0.702237650082,0.31006006006,10.329336629,1.76937710775,0.765265265265,3.0868314707,0.528762798222,0.252752752753,0.579945114934,0.437917739848,2,1.32432432432,0.579945114934,2,0.0121701261701,0.00597269624573,7,0.000900900900901,0.621196581197,37,37,37,1,0,0.72972972973,0.243243243243,0.027027027027,37,0.0810810810811,1.31891891892,5.83783783784,10.8,3.48387096774,4.39389420745,0.752657804055,0.387137137137,5.21950603441,1.78816410438,0.778278278278,2.04638405186,0.701076017765,0.393393393393,0.56462270482,0.428095083573,2,1.32777777778,0.57001810052,2,0,0,0,0,0.22443850521,37,36,36,0.972972972973,0,0.702702702703,0.135135135135,0.135135135135,37,117,0.0878378378378,1.32808758125,6.32432432432,11.7,3.25,4.80193279405,0.759279971709,0.399861399861,5.39811445225,1.70709602336,0.758142758143,1.77190283019,0.560345339462,0.310926310926,0.591382825656,0.445289026119,2.12658227848,1.33720112518,0.597130753132,2.12658227848,0.0146173098045,0.0205882352941,7,0.000900900900901,0.22746880824,37,36,36,0.972972972973,0,0.702702702703,0.27027027027,0,-99,-0.0743243243243,0.00376325692781,-5.35135135135,-9.9,-2.75,-3.39716625556,0.0570423216267,0.0898013398013,-4.93122217675,-0.0622810843828,-0.00712250712251,-1.31492864051,0.0315825412397,0.0581735581736,0.0114377107216,0.00737128627021,0.126582278481,0.0128768008515,0.0171856381976,0.126582278481,0.00244718363435,0.0146155390484,0,0,-0.393727772957,-0.027027027027,0.027027027027,-0.027027027027,116,1,100,1115,0.537037037037,0.999103942652,0.00089605734767,0.462962962963,0.991452991453,0.537037037037,0.696696696697,0.698163124599,0.536140979689,0.534562211982,9,108,0,0,0,0
2192,WLNM_dir_neg,0.993527091907,0.929789796109,00:00:03,10,50,44,1235135468,threshold_sweep,0.5,0.888888888889,0.0740740740741,0.136752136752,8,1,100,215,0.0740740740741,0.99537037037,0.00462962962963,0.925925925926,0.888888888889,0.0740740740741,0.136752136752,0.688271604938,0.657407407407,0.0900900900901,0.199204768222,0.0694444444444,216,108,108,0,216,0,108,0,108,37,216,0.162162162162,1.32432432432,11.6756756757,21.6,6,8.1990990496,0.702237650082,0.31006006006,10.329336629,1.76937710775,0.765265265265,3.0868314707,0.528762798222,0.252752752753,0.579945114934,0.437917739848,2,1.32432432432,0.579945114934,2,0.0121701261701,0.00597269624573,7,0.000900900900901,0.621196581197,37,37,37,1,0,0.72972972973,0.243243243243,0.027027027027,37,0.0810810810811,1.31891891892,5.83783783784,10.8,3.48387096774,4.39389420745,0.752657804055,0.387137137137,5.21950603441,1.78816410438,0.778278278278,2.04638405186,0.701076017765,0.393393393393,0.56462270482,0.428095083573,2,1.32777777778,0.57001810052,2,0,0,0,0,0.22443850521,37,36,36,0.972972972973,0,0.702702702703,0.135135135135,0.135135135135,37,117,0.0878378378378,1.32808758125,6.32432432432,11.7,3.25,4.80193279405,0.759279971709,0.399861399861,5.39811445225,1.70709602336,0.758142758143,1.77190283019,0.560345339462,0.310926310926,0.591382825656,0.445289026119,2.12658227848,1.33720112518,0.597130753132,2.12658227848,0.0146173098045,0.0205882352941,7,0.000900900900901,0.22746880824,37,36,36,0.972972972973,0,0.702702702703,0.27027027027,0,-99,-0.0743243243243,0.00376325692781,-5.35135135135,-9.9,-2.75,-3.39716625556,0.0570423216267,0.0898013398013,-4.93122217675,-0.0622810843828,-0.00712250712251,-1.31492864051,0.0315825412397,0.0581735581736,0.0114377107216,0.00737128627021,0.126582278481,0.0128768008515,0.0171856381976,0.126582278481,0.00244718363435,0.0146155390484,0,0,-0.393727772957,-0.027027027027,0.027027027027,-0.027027027027,116,1,100,1115,0.537037037037,0.999103942652,0.00089605734767,0.462962962963,0.991452991453,0.537037037037,0.696696696697,0.698163124599,0.536140979689,0.534562211982,9,108,0,0,0,0
2193,WLNM_dir_neg,0.993527091907,0.929789796109,00:00:03,10,50,44,1235135468,threshold_sweep,0.6,0.888888888889,0.0740740740741,0.136752136752,8,1,100,215,0.0740740740741,0.99537037037,0.00462962962963,0.925925925926,0.888888888889,0.0740740740741,0.136752136752,0.688271604938,0.657407407407,0.0900900900901,0.199204768222,0.0694444444444,216,108,108,0,216,0,108,0,108,37,216,0.162162162162,1.32432432432,11.6756756757,21.6,6,8.1990990496,0.702237650082,0.31006006006,10.329336629,1.76937710775,0.765265265265,3.0868314707,0.528762798222,0.252752752753,0.579945114934,0.437917739848,2,1.32432432432,0.579945114934,2,0.0121701261701,0.00597269624573,7,0.000900900900901,0.621196581197,37,37,37,1,0,0.72972972973,0.243243243243,0.027027027027,37,0.0810810810811,1.31891891892,5.83783783784,10.8,3.48387096774,4.39389420745,0.752657804055,0.387137137137,5.21950603441,1.78816410438,0.778278278278,2.04638405186,0.701076017765,0.393393393393,0.56462270482,0.428095083573,2,1.32777777778,0.57001810052,2,0,0,0,0,0.22443850521,37,36,36,0.972972972973,0,0.702702702703,0.135135135135,0.135135135135,37,117,0.0878378378378,1.32808758125,6.32432432432,11.7,3.25,4.80193279405,0.759279971709,0.399861399861,5.39811445225,1.70709602336,0.758142758143,1.77190283019,0.560345339462,0.310926310926,0.591382825656,0.445289026119,2.12658227848,1.33720112518,0.597130753132,2.12658227848,0.0146173098045,0.0205882352941,7,0.000900900900901,0.22746880824,37,36,36,0.972972972973,0,0.702702702703,0.27027027027,0,-99,-0.0743243243243,0.00376325692781,-5.35135135135,-9.9,-2.75,-3.39716625556,0.0570423216267,0.0898013398013,-4.93122217675,-0.0622810843828,-0.00712250712251,-1.31492864051,0.0315825412397,0.0581735581736,0.0114377107216,0.00737128627021,0.126582278481,0.0128768008515,0.0171856381976,0.126582278481,0.00244718363435,0.0146155390484,0,0,-0.393727772957,-0.027027027027,0.027027027027,-0.027027027027,116,1,100,1115,0.537037037037,0.999103942652,0.00089605734767,0.462962962963,0.991452991453,0.537037037037,0.696696696697,0.698163124599,0.536140979689,0.534562211982,9,108,0,0,0,0
2194,WLNM_dir_neg,0.993527091907,0.929789796109,00:00:03,10,50,44,1235135468,threshold_sweep,0.7,0.888888888889,0.0740740740741,0.136752136752,8,1,100,215,0.0740740740741,0.99537037037,0.00462962962963,0.925925925926,0.888888888889,0.0740740740741,0.136752136752,0.688271604938,0.657407407407,0.0900900900901,0.199204768222,0.0694444444444,216,108,108,0,216,0,108,0,108,37,216,0.162162162162,1.32432432432,11.6756756757,21.6,6,8.1990990496,0.702237650082,0.31006006006,10.329336629,1.76937710775,0.765265265265,3.0868314707,0.528762798222,0.252752752753,0.579945114934,0.437917739848,2,1.32432432432,0.579945114934,2,0.0121701261701,0.00597269624573,7,0.000900900900901,0.621196581197,37,37,37,1,0,0.72972972973,0.243243243243,0.027027027027,37,0.0810810810811,1.31891891892,5.83783783784,10.8,3.48387096774,4.39389420745,0.752657804055,0.387137137137,5.21950603441,1.78816410438,0.778278278278,2.04638405186,0.701076017765,0.393393393393,0.56462270482,0.428095083573,2,1.32777777778,0.57001810052,2,0,0,0,0,0.22443850521,37,36,36,0.972972972973,0,0.702702702703,0.135135135135,0.135135135135,37,117,0.0878378378378,1.32808758125,6.32432432432,11.7,3.25,4.80193279405,0.759279971709,0.399861399861,5.39811445225,1.70709602336,0.758142758143,1.77190283019,0.560345339462,0.310926310926,0.591382825656,0.445289026119,2.12658227848,1.33720112518,0.597130753132,2.12658227848,0.0146173098045,0.0205882352941,7,0.000900900900901,0.22746880824,37,36,36,0.972972972973,0,0.702702702703,0.27027027027,0,-99,-0.0743243243243,0.00376325692781,-5.35135135135,-9.9,-2.75,-3.39716625556,0.0570423216267,0.0898013398013,-4.93122217675,-0.0622810843828,-0.00712250712251,-1.31492864051,0.0315825412397,0.0581735581736,0.0114377107216,0.00737128627021,0.126582278481,0.0128768008515,0.0171856381976,0.126582278481,0.00244718363435,0.0146155390484,0,0,-0.393727772957,-0.027027027027,0.027027027027,-0.027027027027,116,1,100,1115,0.537037037037,0.999103942652,0.00089605734767,0.462962962963,0.991452991453,0.537037037037,0.696696696697,0.698163124599,0.536140979689,0.534562211982,9,108,0,0,0,0
2195,WLNM_dir_neg,0.993527091907,0.929789796109,00:00:03,10,50,44,1235135468,threshold_sweep,0.8,0.888888888889,0.0740740740741,0.136752136752,8,1,100,215,0.0740740740741,0.99537037037,0.00462962962963,0.925925925926,0.888888888889,0.0740740740741,0.136752136752,0.688271604938,0.657407407407,0.0900900900901,0.199204768222,0.0694444444444,216,108,108,0,216,0,108,0,108,37,216,0.162162162162,1.32432432432,11.6756756757,21.6,6,8.1990990496,0.702237650082,0.31006006006,10.329336629,1.76937710775,0.765265265265,3.0868314707,0.528762798222,0.252752752753,0.579945114934,0.437917739848,2,1.32432432432,0.579945114934,2,0.0121701261701,0.00597269624573,7,0.000900900900901,0.621196581197,37,37,37,1,0,0.72972972973,0.243243243243,0.027027027027,37,0.0810810810811,1.31891891892,5.83783783784,10.8,3.48387096774,4.39389420745,0.752657804055,0.387137137137,5.21950603441,1.78816410438,0.778278278278,2.04638405186,0.701076017765,0.393393393393,0.56462270482,0.428095083573,2,1.32777777778,0.57001810052,2,0,0,0,0,0.22443850521,37,36,36,0.972972972973,0,0.702702702703,0.135135135135,0.135135135135,37,117,0.0878378378378,1.32808758125,6.32432432432,11.7,3.25,4.80193279405,0.759279971709,0.399861399861,5.39811445225,1.70709602336,0.758142758143,1.77190283019,0.560345339462,0.310926310926,0.591382825656,0.445289026119,2.12658227848,1.33720112518,0.597130753132,2.12658227848,0.0146173098045,0.0205882352941,7,0.000900900900901,0.22746880824,37,36,36,0.972972972973,0,0.702702702703,0.27027027027,0,-99,-0.0743243243243,0.00376325692781,-5.35135135135,-9.9,-2.75,-3.39716625556,0.0570423216267,0.0898013398013,-4.93122217675,-0.0622810843828,-0.00712250712251,-1.31492864051,0.0315825412397,0.0581735581736,0.0114377107216,0.00737128627021,0.126582278481,0.0128768008515,0.0171856381976,0.126582278481,0.00244718363435,0.0146155390484,0,0,-0.393727772957,-0.027027027027,0.027027027027,-0.027027027027,116,1,100,1115,0.537037037037,0.999103942652,0.00089605734767,0.462962962963,0.991452991453,0.537037037037,0.696696696697,0.698163124599,0.536140979689,0.534562211982,9,108,0,0,0,0
2196,WLNM_dir_neg,0.993527091907,0.929789796109,00:00:03,10,50,44,1235135468,threshold_sweep,0.9,0.888888888889,0.0740740740741,0.136752136752,8,1,100,215,0.0740740740741,0.99537037037,0.00462962962963,0.925925925926,0.888888888889,0.0740740740741,0.136752136752,0.688271604938,0.657407407407,0.0900900900901,0.199204768222,0.0694444444444,216,108,108,0,216,0,108,0,108,37,216,0.162162162162,1.32432432432,11.6756756757,21.6,6,8.1990990496,0.702237650082,0.31006006006,10.329336629,1.76937710775,0.765265265265,3.0868314707,0.528762798222,0.252752752753,0.579945114934,0.437917739848,2,1.32432432432,0.579945114934,2,0.0121701261701,0.00597269624573,7,0.000900900900901,0.621196581197,37,37,37,1,0,0.72972972973,0.243243243243,0.027027027027,37,0.0810810810811,1.31891891892,5.83783783784,10.8,3.48387096774,4.39389420745,0.752657804055,0.387137137137,5.21950603441,1.78816410438,0.778278278278,2.04638405186,0.701076017765,0.393393393393,0.56462270482,0.428095083573,2,1.32777777778,0.57001810052,2,0,0,0,0,0.22443850521,37,36,36,0.972972972973,0,0.702702702703,0.135135135135,0.135135135135,37,117,0.0878378378378,1.32808758125,6.32432432432,11.7,3.25,4.80193279405,0.759279971709,0.399861399861,5.39811445225,1.70709602336,0.758142758143,1.77190283019,0.560345339462,0.310926310926,0.591382825656,0.445289026119,2.12658227848,1.33720112518,0.597130753132,2.12658227848,0.0146173098045,0.0205882352941,7,0.000900900900901,0.22746880824,37,36,36,0.972972972973,0,0.702702702703,0.27027027027,0,-99,-0.0743243243243,0.00376325692781,-5.35135135135,-9.9,-2.75,-3.39716625556,0.0570423216267,0.0898013398013,-4.93122217675,-0.0622810843828,-0.00712250712251,-1.31492864051,0.0315825412397,0.0581735581736,0.0114377107216,0.00737128627021,0.126582278481,0.0128768008515,0.0171856381976,0.126582278481,0.00244718363435,0.0146155390484,0,0,-0.393727772957,-0.027027027027,0.027027027027,-0.027027027027,116,1,100,1115,0.537037037037,0.999103942652,0.00089605734767,0.462962962963,0.991452991453,0.537037037037,0.696696696697,0.698163124599,0.536140979689,0.534562211982,9,108,0,0,0,0
2197,WLNM_dir_neg,0.969092935528,0.108801159353,00:00:04,10,50,45,1235135469,threshold_sweep,0.1,0,0,0,0,0,108,216,0,1,0,1,0,0,0,0.666666666667,0.666666666667,0,0,0,216,108,108,0,216,0,108,0,108,37,216,0.162162162162,1.32432432432,11.6756756757,21.6,6,8.1990990496,0.702237650082,0.31006006006,10.329336629,1.76937710775,0.765265265265,3.0868314707,0.528762798222,0.252752752753,0.579945114934,0.437917739848,2,1.32432432432,0.579945114934,2,0.0121701261701,0.00597269624573,7,0.000900900900901,0.621196581197,37,37,37,1,0,0.72972972973,0.243243243243,0.027027027027,37,0.0810810810811,1.27027027027,5.83783783784,12,3.72413793103,4.45042765432,0.762341774119,0.394394394394,5.53964689197,1.89784199077,0.795295295295,2.19061607745,0.75048884135,0.417917917918,0.508191163105,0.400065383721,2,1.28571428571,0.518562978842,2,0,0,0,0,0.271243486762,37,35,35,0.945945945946,0,0.702702702703,0.0810810810811,0.162162162162,37,108,0.0810810810811,1.27027027027,5.83783783784,12,3.72413793103,4.45042765432,0.762341774119,0.394394394394,5.53964689197,1.89784199077,0.795295295295,2.19061607745,0.75048884135,0.417917917918,0.508191163105,0.400065383721,2,1.28571428571,0.518562978842,2,0,0,0,0,0.271243486762,37,35,35,0.945945945946,0,0.702702702703,0.0810810810811,0.162162162162,-108,-0.0810810810811,-0.0540540540541,-5.83783783784,-9.6,-2.27586206897,-3.74867139529,0.0601041240372,0.0843343343343,-4.78968973703,0.128464883021,0.03003003003,-0.89621539325,0.221726043127,0.165165165165,-0.0717539518292,-0.0378523561273,0,-0.03861003861,-0.0613821360927,0,-0.0121701261701,-0.00597269624573,-7,-0.000900900900901,-0.349953094435,-0.027027027027,-0.162162162162,0.135135135135,108,0,108,1116,0.5,1,0,0.5,1,0.5,0.666666666667,0.675190604897,0.5,0.5,0,108,0,0,0,0
2198,WLNM_dir_neg,0.969092935528,0.108801159353,00:00:04,10,50,45,1235135469,threshold_sweep,0.2,0,0,0,0,0,108,216,0,1,0,1,0,0,0,0.666666666667,0.666666666667,0,0,0,216,108,108,0,216,0,108,0,108,37,216,0.162162162162,1.32432432432,11.6756756757,21.6,6,8.1990990496,0.702237650082,0.31006006006,10.329336629,1.76937710775,0.765265265265,3.0868314707,0.528762798222,0.252752752753,0.579945114934,0.437917739848,2,1.32432432432,0.579945114934,2,0.0121701261701,0.00597269624573,7,0.000900900900901,0.621196581197,37,37,37,1,0,0.72972972973,0.243243243243,0.027027027027,37,0.0810810810811,1.27027027027,5.83783783784,12,3.72413793103,4.45042765432,0.762341774119,0.394394394394,5.53964689197,1.89784199077,0.795295295295,2.19061607745,0.75048884135,0.417917917918,0.508191163105,0.400065383721,2,1.28571428571,0.518562978842,2,0,0,0,0,0.271243486762,37,35,35,0.945945945946,0,0.702702702703,0.0810810810811,0.162162162162,37,108,0.0810810810811,1.27027027027,5.83783783784,12,3.72413793103,4.45042765432,0.762341774119,0.394394394394,5.53964689197,1.89784199077,0.795295295295,2.19061607745,0.75048884135,0.417917917918,0.508191163105,0.400065383721,2,1.28571428571,0.518562978842,2,0,0,0,0,0.271243486762,37,35,35,0.945945945946,0,0.702702702703,0.0810810810811,0.162162162162,-108,-0.0810810810811,-0.0540540540541,-5.83783783784,-9.6,-2.27586206897,-3.74867139529,0.0601041240372,0.0843343343343,-4.78968973703,0.128464883021,0.03003003003,-0.89621539325,0.221726043127,0.165165165165,-0.0717539518292,-0.0378523561273,0,-0.03861003861,-0.0613821360927,0,-0.0121701261701,-0.00597269624573,-7,-0.000900900900901,-0.349953094435,-0.027027027027,-0.162162162162,0.135135135135,108,0,108,1116,0.5,1,0,0.5,1,0.5,0.666666666667,0.675190604897,0.5,0.5,0,108,0,0,0,0
2199,WLNM_dir_neg,0.969092935528,0.108801159353,00:00:04,10,50,45,1235135469,threshold_sweep,0.3,0,0,0,0,0,108,216,0,1,0,1,0,0,0,0.666666666667,0.666666666667,0,0,0,216,108,108,0,216,0,108,0,108,37,216,0.162162162162,1.32432432432,11.6756756757,21.6,6,8.1990990496,0.702237650082,0.31006006006,10.329336629,1.76937710775,0.765265265265,3.0868314707,0.528762798222,0.252752752753,0.579945114934,0.437917739848,2,1.32432432432,0.579945114934,2,0.0121701261701,0.00597269624573,7,0.000900900900901,0.621196581197,37,37,37,1,0,0.72972972973,0.243243243243,0.027027027027,37,0.0810810810811,1.27027027027,5.83783783784,12,3.72413793103,4.45042765432,0.762341774119,0.394394394394,5.53964689197,1.89784199077,0.795295295295,2.19061607745,0.75048884135,0.417917917918,0.508191163105,0.400065383721,2,1.28571428571,0.518562978842,2,0,0,0,0,0.271243486762,37,35,35,0.945945945946,0,0.702702702703,0.0810810810811,0.162162162162,37,108,0.0810810810811,1.27027027027,5.83783783784,12,3.72413793103,4.45042765432,0.762341774119,0.394394394394,5.53964689197,1.89784199077,0.795295295295,2.19061607745,0.75048884135,0.417917917918,0.508191163105,0.400065383721,2,1.28571428571,0.518562978842,2,0,0,0,0,0.271243486762,37,35,35,0.945945945946,0,0.702702702703,0.0810810810811,0.162162162162,-108,-0.0810810810811,-0.0540540540541,-5.83783783784,-9.6,-2.27586206897,-3.74867139529,0.0601041240372,0.0843343343343,-4.78968973703,0.128464883021,0.03003003003,-0.89621539325,0.221726043127,0.165165165165,-0.0717539518292,-0.0378523561273,0,-0.03861003861,-0.0613821360927,0,-0.0121701261701,-0.00597269624573,-7,-0.000900900900901,-0.349953094435,-0.027027027027,-0.162162162162,0.135135135135,108,0,108,1116,0.5,1,0,0.5,1,0.5,0.666666666667,0.675190604897,0.5,0.5,0,108,0,0,0,0
2200,WLNM_dir_neg,0.969092935528,0.108801159353,00:00:04,10,50,45,1235135469,threshold_sweep,0.4,0,0,0,0,0,108,216,0,1,0,1,0,0,0,0.666666666667,0.666666666667,0,0,0,216,108,108,0,216,0,108,0,108,37,216,0.162162162162,1.32432432432,11.6756756757,21.6,6,8.1990990496,0.702237650082,0.31006006006,10.329336629,1.76937710775,0.765265265265,3.0868314707,0.528762798222,0.252752752753,0.579945114934,0.437917739848,2,1.32432432432,0.579945114934,2,0.0121701261701,0.00597269624573,7,0.000900900900901,0.621196581197,37,37,37,1,0,0.72972972973,0.243243243243,0.027027027027,37,0.0810810810811,1.27027027027,5.83783783784,12,3.72413793103,4.45042765432,0.762341774119,0.394394394394,5.53964689197,1.89784199077,0.795295295295,2.19061607745,0.75048884135,0.417917917918,0.508191163105,0.400065383721,2,1.28571428571,0.518562978842,2,0,0,0,0,0.271243486762,37,35,35,0.945945945946,0,0.702702702703,0.0810810810811,0.162162162162,37,108,0.0810810810811,1.27027027027,5.83783783784,12,3.72413793103,4.45042765432,0.762341774119,0.394394394394,5.53964689197,1.89784199077,0.795295295295,2.19061607745,0.75048884135,0.417917917918,0.508191163105,0.400065383721,2,1.28571428571,0.518562978842,2,0,0,0,0,0.271243486762,37,35,35,0.945945945946,0,0.702702702703,0.0810810810811,0.162162162162,-108,-0.0810810810811,-0.0540540540541,-5.83783783784,-9.6,-2.27586206897,-3.74867139529,0.0601041240372,0.0843343343343,-4.78968973703,0.128464883021,0.03003003003,-0.89621539325,0.221726043127,0.165165165165,-0.0717539518292,-0.0378523561273,0,-0.03861003861,-0.0613821360927,0,-0.0121701261701,-0.00597269624573,-7,-0.000900900900901,-0.349953094435,-0.027027027027,-0.162162162162,0.135135135135,108,0,108,1116,0.5,1,0,0.5,1,0.5,0.666666666667,0.675190604897,0.5,0.5,0,108,0,0,0,0
2201,WLNM_dir_neg,0.969092935528,0.108801159353,00:00:04,10,50,45,1235135469,threshold_sweep,0.5,0,0,0,0,0,108,216,0,1,0,1,0,0,0,0.666666666667,0.666666666667,0,0,0,216,108,108,0,216,0,108,0,108,37,216,0.162162162162,1.32432432432,11.6756756757,21.6,6,8.1990990496,0.702237650082,0.31006006006,10.329336629,1.76937710775,0.765265265265,3.0868314707,0.528762798222,0.252752752753,0.579945114934,0.437917739848,2,1.32432432432,0.579945114934,2,0.0121701261701,0.00597269624573,7,0.000900900900901,0.621196581197,37,37,37,1,0,0.72972972973,0.243243243243,0.027027027027,37,0.0810810810811,1.27027027027,5.83783783784,12,3.72413793103,4.45042765432,0.762341774119,0.394394394394,5.53964689197,1.89784199077,0.795295295295,2.19061607745,0.75048884135,0.417917917918,0.508191163105,0.400065383721,2,1.28571428571,0.518562978842,2,0,0,0,0,0.271243486762,37,35,35,0.945945945946,0,0.702702702703,0.0810810810811,0.162162162162,37,108,0.0810810810811,1.27027027027,5.83783783784,12,3.72413793103,4.45042765432,0.762341774119,0.394394394394,5.53964689197,1.89784199077,0.795295295295,2.19061607745,0.75048884135,0.417917917918,0.508191163105,0.400065383721,2,1.28571428571,0.518562978842,2,0,0,0,0,0.271243486762,37,35,35,0.945945945946,0,0.702702702703,0.0810810810811,0.162162162162,-108,-0.0810810810811,-0.0540540540541,-5.83783783784,-9.6,-2.27586206897,-3.74867139529,0.0601041240372,0.0843343343343,-4.78968973703,0.128464883021,0.03003003003,-0.89621539325,0.221726043127,0.165165165165,-0.0717539518292,-0.0378523561273,0,-0.03861003861,-0.0613821360927,0,-0.0121701261701,-0.00597269624573,-7,-0.000900900900901,-0.349953094435,-0.027027027027,-0.162162162162,0.135135135135,108,0,108,1116,0.5,1,0,0.5,1,0.5,0.666666666667,0.675190604897,0.5,0.5,0,108,0,0,0,0
2202,WLNM_dir_neg,0.969092935528,0.108801159353,00:00:04,10,50,45,1235135469,threshold_sweep,0.6,0,0,0,0,0,108,216,0,1,0,1,0,0,0,0.666666666667,0.666666666667,0,0,0,216,108,108,0,216,0,108,0,108,37,216,0.162162162162,1.32432432432,11.6756756757,21.6,6,8.1990990496,0.702237650082,0.31006006006,10.329336629,1.76937710775,0.765265265265,3.0868314707,0.528762798222,0.252752752753,0.579945114934,0.437917739848,2,1.32432432432,0.579945114934,2,0.0121701261701,0.00597269624573,7,0.000900900900901,0.621196581197,37,37,37,1,0,0.72972972973,0.243243243243,0.027027027027,37,0.0810810810811,1.27027027027,5.83783783784,12,3.72413793103,4.45042765432,0.762341774119,0.394394394394,5.53964689197,1.89784199077,0.795295295295,2.19061607745,0.75048884135,0.417917917918,0.508191163105,0.400065383721,2,1.28571428571,0.518562978842,2,0,0,0,0,0.271243486762,37,35,35,0.945945945946,0,0.702702702703,0.0810810810811,0.162162162162,37,108,0.0810810810811,1.27027027027,5.83783783784,12,3.72413793103,4.45042765432,0.762341774119,0.394394394394,5.53964689197,1.89784199077,0.795295295295,2.19061607745,0.75048884135,0.417917917918,0.508191163105,0.400065383721,2,1.28571428571,0.518562978842,2,0,0,0,0,0.271243486762,37,35,35,0.945945945946,0,0.702702702703,0.0810810810811,0.162162162162,-108,-0.0810810810811,-0.0540540540541,-5.83783783784,-9.6,-2.27586206897,-3.74867139529,0.0601041240372,0.0843343343343,-4.78968973703,0.128464883021,0.03003003003,-0.89621539325,0.221726043127,0.165165165165,-0.0717539518292,-0.0378523561273,0,-0.03861003861,-0.0613821360927,0,-0.0121701261701,-0.00597269624573,-7,-0.000900900900901,-0.349953094435,-0.027027027027,-0.162162162162,0.135135135135,108,0,108,1116,0.5,1,0,0.5,1,0.5,0.666666666667,0.675190604897,0.5,0.5,0,108,0,0,0,0
2203,WLNM_dir_neg,0.969092935528,0.108801159353,00:00:04,10,50,45,1235135469,threshold_sweep,0.7,0,0,0,0,0,108,216,0,1,0,1,0,0,0,0.666666666667,0.666666666667,0,0,0,216,108,108,0,216,0,108,0,108,37,216,0.162162162162,1.32432432432,11.6756756757,21.6,6,8.1990990496,0.702237650082,0.31006006006,10.329336629,1.76937710775,0.765265265265,3.0868314707,0.528762798222,0.252752752753,0.579945114934,0.437917739848,2,1.32432432432,0.579945114934,2,0.0121701261701,0.00597269624573,7,0.000900900900901,0.621196581197,37,37,37,1,0,0.72972972973,0.243243243243,0.027027027027,37,0.0810810810811,1.27027027027,5.83783783784,12,3.72413793103,4.45042765432,0.762341774119,0.394394394394,5.53964689197,1.89784199077,0.795295295295,2.19061607745,0.75048884135,0.417917917918,0.508191163105,0.400065383721,2,1.28571428571,0.518562978842,2,0,0,0,0,0.271243486762,37,35,35,0.945945945946,0,0.702702702703,0.0810810810811,0.162162162162,37,108,0.0810810810811,1.27027027027,5.83783783784,12,3.72413793103,4.45042765432,0.762341774119,0.394394394394,5.53964689197,1.89784199077,0.795295295295,2.19061607745,0.75048884135,0.417917917918,0.508191163105,0.400065383721,2,1.28571428571,0.518562978842,2,0,0,0,0,0.271243486762,37,35,35,0.945945945946,0,0.702702702703,0.0810810810811,0.162162162162,-108,-0.0810810810811,-0.0540540540541,-5.83783783784,-9.6,-2.27586206897,-3.74867139529,0.0601041240372,0.0843343343343,-4.78968973703,0.128464883021,0.03003003003,-0.89621539325,0.221726043127,0.165165165165,-0.0717539518292,-0.0378523561273,0,-0.03861003861,-0.0613821360927,0,-0.0121701261701,-0.00597269624573,-7,-0.000900900900901,-0.349953094435,-0.027027027027,-0.162162162162,0.135135135135,108,0,108,1116,0.5,1,0,0.5,1,0.5,0.666666666667,0.675190604897,0.5,0.5,0,108,0,0,0,0
2204,WLNM_dir_neg,0.969092935528,0.108801159353,00:00:04,10,50,45,1235135469,threshold_sweep,0.8,0,0,0,0,0,108,216,0,1,0,1,0,0,0,0.666666666667,0.666666666667,0,0,0,216,108,108,0,216,0,108,0,108,37,216,0.162162162162,1.32432432432,11.6756756757,21.6,6,8.1990990496,0.702237650082,0.31006006006,10.329336629,1.76937710775,0.765265265265,3.0868314707,0.528762798222,0.252752752753,0.579945114934,0.437917739848,2,1.32432432432,0.579945114934,2,0.0121701261701,0.00597269624573,7,0.000900900900901,0.621196581197,37,37,37,1,0,0.72972972973,0.243243243243,0.027027027027,37,0.0810810810811,1.27027027027,5.83783783784,12,3.72413793103,4.45042765432,0.762341774119,0.394394394394,5.53964689197,1.89784199077,0.795295295295,2.19061607745,0.75048884135,0.417917917918,0.508191163105,0.400065383721,2,1.28571428571,0.518562978842,2,0,0,0,0,0.271243486762,37,35,35,0.945945945946,0,0.702702702703,0.0810810810811,0.162162162162,37,108,0.0810810810811,1.27027027027,5.83783783784,12,3.72413793103,4.45042765432,0.762341774119,0.394394394394,5.53964689197,1.89784199077,0.795295295295,2.19061607745,0.75048884135,0.417917917918,0.508191163105,0.400065383721,2,1.28571428571,0.518562978842,2,0,0,0,0,0.271243486762,37,35,35,0.945945945946,0,0.702702702703,0.0810810810811,0.162162162162,-108,-0.0810810810811,-0.0540540540541,-5.83783783784,-9.6,-2.27586206897,-3.74867139529,0.0601041240372,0.0843343343343,-4.78968973703,0.128464883021,0.03003003003,-0.89621539325,0.221726043127,0.165165165165,-0.0717539518292,-0.0378523561273,0,-0.03861003861,-0.0613821360927,0,-0.0121701261701,-0.00597269624573,-7,-0.000900900900901,-0.349953094435,-0.027027027027,-0.162162162162,0.135135135135,108,0,108,1116,0.5,1,0,0.5,1,0.5,0.666666666667,0.675190604897,0.5,0.5,0,108,0,0,0,0
2205,WLNM_dir_neg,0.969092935528,0.108801159353,00:00:04,10,50,45,1235135469,threshold_sweep,0.9,0,0,0,0,0,108,216,0,1,0,1,0,0,0,0.666666666667,0.666666666667,0,0,0,216,108,108,0,216,0,108,0,108,37,216,0.162162162162,1.32432432432,11.6756756757,21.6,6,8.1990990496,0.702237650082,0.31006006006,10.329336629,1.76937710775,0.765265265265,3.0868314707,0.528762798222,0.252752752753,0.579945114934,0.437917739848,2,1.32432432432,0.579945114934,2,0.0121701261701,0.00597269624573,7,0.000900900900901,0.621196581197,37,37,37,1,0,0.72972972973,0.243243243243,0.027027027027,37,0.0810810810811,1.27027027027,5.83783783784,12,3.72413793103,4.45042765432,0.762341774119,0.394394394394,5.53964689197,1.89784199077,0.795295295295,2.19061607745,0.75048884135,0.417917917918,0.508191163105,0.400065383721,2,1.28571428571,0.518562978842,2,0,0,0,0,0.271243486762,37,35,35,0.945945945946,0,0.702702702703,0.0810810810811,0.162162162162,37,108,0.0810810810811,1.27027027027,5.83783783784,12,3.72413793103,4.45042765432,0.762341774119,0.394394394394,5.53964689197,1.89784199077,0.795295295295,2.19061607745,0.75048884135,0.417917917918,0.508191163105,0.400065383721,2,1.28571428571,0.518562978842,2,0,0,0,0,0.271243486762,37,35,35,0.945945945946,0,0.702702702703,0.0810810810811,0.162162162162,-108,-0.0810810810811,-0.0540540540541,-5.83783783784,-9.6,-2.27586206897,-3.74867139529,0.0601041240372,0.0843343343343,-4.78968973703,0.128464883021,0.03003003003,-0.89621539325,0.221726043127,0.165165165165,-0.0717539518292,-0.0378523561273,0,-0.03861003861,-0.0613821360927,0,-0.0121701261701,-0.00597269624573,-7,-0.000900900900901,-0.349953094435,-0.027027027027,-0.162162162162,0.135135135135,108,0,108,1116,0.5,1,0,0.5,1,0.5,0.666666666667,0.675190604897,0.5,0.5,0,108,0,0,0,0
2206,WLNM_dir_neg,0.973701131687,0.748782156541,00:00:04,10,50,46,1235135470,threshold_sweep,0.1,1,0.0277777777778,0.0540540540541,3,0,105,216,0.0277777777778,1,0,0.972222222222,1,0.0277777777778,0.0540540540541,0.675925925926,0.663580246914,0.0366972477064,0.136717185405,0.0277777777778,216,108,108,0,216,0,108,0,108,37,216,0.162162162162,1.32432432432,11.6756756757,21.6,6,8.1990990496,0.702237650082,0.31006006006,10.329336629,1.76937710775,0.765265265265,3.0868314707,0.528762798222,0.252752752753,0.579945114934,0.437917739848,2,1.32432432432,0.579945114934,2,0.0121701261701,0.00597269624573,7,0.000900900900901,0.621196581197,37,37,37,1,0,0.72972972973,0.243243243243,0.027027027027,37,0.0810810810811,1.32432432432,5.83783783784,10.8,3.08571428571,4.43166330396,0.7591275104,0.383383383383,5.23544744123,1.79362551227,0.781281281281,1.80090067556,0.616975231443,0.345345345345,0.579945114934,0.437917739848,2,1.33333333333,0.585540043769,2,0.00440442843804,0.00342465753425,1,0.0001287001287,0.194704257921,37,36,36,0.972972972973,0,0.702702702703,0.243243243243,0.027027027027,37,111,0.0833333333333,1.32432432432,6,11.1,3.17142857143,4.59468291736,0.765780486227,0.390552714877,5.32290647422,1.77430215807,0.776722668615,1.73205080757,0.57735026919,0.322863403944,0.579945114934,0.437917739848,2,1.33333333333,0.585540043769,2,0.0154283251762,0.0128342245989,4,0.000514800514801,0.201370924588,37,36,36,0.972972972973,0,0.702702702703,0.243243243243,0.027027027027,-105,-0.0788288288288,0,-5.67567567568,-10.5,-2.82857142857,-3.60441613224,0.0635428361454,0.080492654817,-5.00643015478,0.00492505032927,0.0114574033493,-1.35478066314,0.0485874709672,0.0701106511917,0,0,0,0.00900900900901,0.00559492883467,0,0.0032581990061,0.0068615283532,-3,-0.0003861003861,-0.419825656608,-0.027027027027,0,0,111,0,105,1116,0.513888888889,1,0,0.486111111111,1,0.513888888889,0.678899082569,0.685344416842,0.513888888889,0.513888888889,3,108,0,0,0,0
2207,WLNM_dir_neg,0.973701131687,0.748782156541,00:00:04,10,50,46,1235135470,threshold_sweep,0.2,1,0.0277777777778,0.0540540540541,3,0,105,216,0.0277777777778,1,0,0.972222222222,1,0.0277777777778,0.0540540540541,0.675925925926,0.663580246914,0.0366972477064,0.136717185405,0.0277777777778,216,108,108,0,216,0,108,0,108,37,216,0.162162162162,1.32432432432,11.6756756757,21.6,6,8.1990990496,0.702237650082,0.31006006006,10.329336629,1.76937710775,0.765265265265,3.0868314707,0.528762798222,0.252752752753,0.579945114934,0.437917739848,2,1.32432432432,0.579945114934,2,0.0121701261701,0.00597269624573,7,0.000900900900901,0.621196581197,37,37,37,1,0,0.72972972973,0.243243243243,0.027027027027,37,0.0810810810811,1.32432432432,5.83783783784,10.8,3.08571428571,4.43166330396,0.7591275104,0.383383383383,5.23544744123,1.79362551227,0.781281281281,1.80090067556,0.616975231443,0.345345345345,0.579945114934,0.437917739848,2,1.33333333333,0.585540043769,2,0.00440442843804,0.00342465753425,1,0.0001287001287,0.194704257921,37,36,36,0.972972972973,0,0.702702702703,0.243243243243,0.027027027027,37,111,0.0833333333333,1.32432432432,6,11.1,3.17142857143,4.59468291736,0.765780486227,0.390552714877,5.32290647422,1.77430215807,0.776722668615,1.73205080757,0.57735026919,0.322863403944,0.579945114934,0.437917739848,2,1.33333333333,0.585540043769,2,0.0154283251762,0.0128342245989,4,0.000514800514801,0.201370924588,37,36,36,0.972972972973,0,0.702702702703,0.243243243243,0.027027027027,-105,-0.0788288288288,0,-5.67567567568,-10.5,-2.82857142857,-3.60441613224,0.0635428361454,0.080492654817,-5.00643015478,0.00492505032927,0.0114574033493,-1.35478066314,0.0485874709672,0.0701106511917,0,0,0,0.00900900900901,0.00559492883467,0,0.0032581990061,0.0068615283532,-3,-0.0003861003861,-0.419825656608,-0.027027027027,0,0,111,0,105,1116,0.513888888889,1,0,0.486111111111,1,0.513888888889,0.678899082569,0.685344416842,0.513888888889,0.513888888889,3,108,0,0,0,0
2208,WLNM_dir_neg,0.973701131687,0.748782156541,00:00:04,10,50,46,1235135470,threshold_sweep,0.3,1,0.0277777777778,0.0540540540541,3,0,105,216,0.0277777777778,1,0,0.972222222222,1,0.0277777777778,0.0540540540541,0.675925925926,0.663580246914,0.0366972477064,0.136717185405,0.0277777777778,216,108,108,0,216,0,108,0,108,37,216,0.162162162162,1.32432432432,11.6756756757,21.6,6,8.1990990496,0.702237650082,0.31006006006,10.329336629,1.76937710775,0.765265265265,3.0868314707,0.528762798222,0.252752752753,0.579945114934,0.437917739848,2,1.32432432432,0.579945114934,2,0.0121701261701,0.00597269624573,7,0.000900900900901,0.621196581197,37,37,37,1,0,0.72972972973,0.243243243243,0.027027027027,37,0.0810810810811,1.32432432432,5.83783783784,10.8,3.08571428571,4.43166330396,0.7591275104,0.383383383383,5.23544744123,1.79362551227,0.781281281281,1.80090067556,0.616975231443,0.345345345345,0.579945114934,0.437917739848,2,1.33333333333,0.585540043769,2,0.00440442843804,0.00342465753425,1,0.0001287001287,0.194704257921,37,36,36,0.972972972973,0,0.702702702703,0.243243243243,0.027027027027,37,111,0.0833333333333,1.32432432432,6,11.1,3.17142857143,4.59468291736,0.765780486227,0.390552714877,5.32290647422,1.77430215807,0.776722668615,1.73205080757,0.57735026919,0.322863403944,0.579945114934,0.437917739848,2,1.33333333333,0.585540043769,2,0.0154283251762,0.0128342245989,4,0.000514800514801,0.201370924588,37,36,36,0.972972972973,0,0.702702702703,0.243243243243,0.027027027027,-105,-0.0788288288288,0,-5.67567567568,-10.5,-2.82857142857,-3.60441613224,0.0635428361454,0.080492654817,-5.00643015478,0.00492505032927,0.0114574033493,-1.35478066314,0.0485874709672,0.0701106511917,0,0,0,0.00900900900901,0.00559492883467,0,0.0032581990061,0.0068615283532,-3,-0.0003861003861,-0.419825656608,-0.027027027027,0,0,111,0,105,1116,0.513888888889,1,0,0.486111111111,1,0.513888888889,0.678899082569,0.685344416842,0.513888888889,0.513888888889,3,108,0,0,0,0
2209,WLNM_dir_neg,0.973701131687,0.748782156541,00:00:04,10,50,46,1235135470,threshold_sweep,0.4,1,0.0277777777778,0.0540540540541,3,0,105,216,0.0277777777778,1,0,0.972222222222,1,0.0277777777778,0.0540540540541,0.675925925926,0.663580246914,0.0366972477064,0.136717185405,0.0277777777778,216,108,108,0,216,0,108,0,108,37,216,0.162162162162,1.32432432432,11.6756756757,21.6,6,8.1990990496,0.702237650082,0.31006006006,10.329336629,1.76937710775,0.765265265265,3.0868314707,0.528762798222,0.252752752753,0.579945114934,0.437917739848,2,1.32432432432,0.579945114934,2,0.0121701261701,0.00597269624573,7,0.000900900900901,0.621196581197,37,37,37,1,0,0.72972972973,0.243243243243,0.027027027027,37,0.0810810810811,1.32432432432,5.83783783784,10.8,3.08571428571,4.43166330396,0.7591275104,0.383383383383,5.23544744123,1.79362551227,0.781281281281,1.80090067556,0.616975231443,0.345345345345,0.579945114934,0.437917739848,2,1.33333333333,0.585540043769,2,0.00440442843804,0.00342465753425,1,0.0001287001287,0.194704257921,37,36,36,0.972972972973,0,0.702702702703,0.243243243243,0.027027027027,37,111,0.0833333333333,1.32432432432,6,11.1,3.17142857143,4.59468291736,0.765780486227,0.390552714877,5.32290647422,1.77430215807,0.776722668615,1.73205080757,0.57735026919,0.322863403944,0.579945114934,0.437917739848,2,1.33333333333,0.585540043769,2,0.0154283251762,0.0128342245989,4,0.000514800514801,0.201370924588,37,36,36,0.972972972973,0,0.702702702703,0.243243243243,0.027027027027,-105,-0.0788288288288,0,-5.67567567568,-10.5,-2.82857142857,-3.60441613224,0.0635428361454,0.080492654817,-5.00643015478,0.00492505032927,0.0114574033493,-1.35478066314,0.0485874709672,0.0701106511917,0,0,0,0.00900900900901,0.00559492883467,0,0.0032581990061,0.0068615283532,-3,-0.0003861003861,-0.419825656608,-0.027027027027,0,0,111,0,105,1116,0.513888888889,1,0,0.486111111111,1,0.513888888889,0.678899082569,0.685344416842,0.513888888889,0.513888888889,3,108,0,0,0,0
2210,WLNM_dir_neg,0.973701131687,0.748782156541,00:00:04,10,50,46,1235135470,threshold_sweep,0.5,1,0.0277777777778,0.0540540540541,3,0,105,216,0.0277777777778,1,0,0.972222222222,1,0.0277777777778,0.0540540540541,0.675925925926,0.663580246914,0.0366972477064,0.136717185405,0.0277777777778,216,108,108,0,216,0,108,0,108,37,216,0.162162162162,1.32432432432,11.6756756757,21.6,6,8.1990990496,0.702237650082,0.31006006006,10.329336629,1.76937710775,0.765265265265,3.0868314707,0.528762798222,0.252752752753,0.579945114934,0.437917739848,2,1.32432432432,0.579945114934,2,0.0121701261701,0.00597269624573,7,0.000900900900901,0.621196581197,37,37,37,1,0,0.72972972973,0.243243243243,0.027027027027,37,0.0810810810811,1.32432432432,5.83783783784,10.8,3.08571428571,4.43166330396,0.7591275104,0.383383383383,5.23544744123,1.79362551227,0.781281281281,1.80090067556,0.616975231443,0.345345345345,0.579945114934,0.437917739848,2,1.33333333333,0.585540043769,2,0.00440442843804,0.00342465753425,1,0.0001287001287,0.194704257921,37,36,36,0.972972972973,0,0.702702702703,0.243243243243,0.027027027027,37,111,0.0833333333333,1.32432432432,6,11.1,3.17142857143,4.59468291736,0.765780486227,0.390552714877,5.32290647422,1.77430215807,0.776722668615,1.73205080757,0.57735026919,0.322863403944,0.579945114934,0.437917739848,2,1.33333333333,0.585540043769,2,0.0154283251762,0.0128342245989,4,0.000514800514801,0.201370924588,37,36,36,0.972972972973,0,0.702702702703,0.243243243243,0.027027027027,-105,-0.0788288288288,0,-5.67567567568,-10.5,-2.82857142857,-3.60441613224,0.0635428361454,0.080492654817,-5.00643015478,0.00492505032927,0.0114574033493,-1.35478066314,0.0485874709672,0.0701106511917,0,0,0,0.00900900900901,0.00559492883467,0,0.0032581990061,0.0068615283532,-3,-0.0003861003861,-0.419825656608,-0.027027027027,0,0,111,0,105,1116,0.513888888889,1,0,0.486111111111,1,0.513888888889,0.678899082569,0.685344416842,0.513888888889,0.513888888889,3,108,0,0,0,0
2211,WLNM_dir_neg,0.973701131687,0.748782156541,00:00:04,10,50,46,1235135470,threshold_sweep,0.6,1,0.0277777777778,0.0540540540541,3,0,105,216,0.0277777777778,1,0,0.972222222222,1,0.0277777777778,0.0540540540541,0.675925925926,0.663580246914,0.0366972477064,0.136717185405,0.0277777777778,216,108,108,0,216,0,108,0,108,37,216,0.162162162162,1.32432432432,11.6756756757,21.6,6,8.1990990496,0.702237650082,0.31006006006,10.329336629,1.76937710775,0.765265265265,3.0868314707,0.528762798222,0.252752752753,0.579945114934,0.437917739848,2,1.32432432432,0.579945114934,2,0.0121701261701,0.00597269624573,7,0.000900900900901,0.621196581197,37,37,37,1,0,0.72972972973,0.243243243243,0.027027027027,37,0.0810810810811,1.32432432432,5.83783783784,10.8,3.08571428571,4.43166330396,0.7591275104,0.383383383383,5.23544744123,1.79362551227,0.781281281281,1.80090067556,0.616975231443,0.345345345345,0.579945114934,0.437917739848,2,1.33333333333,0.585540043769,2,0.00440442843804,0.00342465753425,1,0.0001287001287,0.194704257921,37,36,36,0.972972972973,0,0.702702702703,0.243243243243,0.027027027027,37,111,0.0833333333333,1.32432432432,6,11.1,3.17142857143,4.59468291736,0.765780486227,0.390552714877,5.32290647422,1.77430215807,0.776722668615,1.73205080757,0.57735026919,0.322863403944,0.579945114934,0.437917739848,2,1.33333333333,0.585540043769,2,0.0154283251762,0.0128342245989,4,0.000514800514801,0.201370924588,37,36,36,0.972972972973,0,0.702702702703,0.243243243243,0.027027027027,-105,-0.0788288288288,0,-5.67567567568,-10.5,-2.82857142857,-3.60441613224,0.0635428361454,0.080492654817,-5.00643015478,0.00492505032927,0.0114574033493,-1.35478066314,0.0485874709672,0.0701106511917,0,0,0,0.00900900900901,0.00559492883467,0,0.0032581990061,0.0068615283532,-3,-0.0003861003861,-0.419825656608,-0.027027027027,0,0,111,0,105,1116,0.513888888889,1,0,0.486111111111,1,0.513888888889,0.678899082569,0.685344416842,0.513888888889,0.513888888889,3,108,0,0,0,0
2212,WLNM_dir_neg,0.973701131687,0.748782156541,00:00:04,10,50,46,1235135470,threshold_sweep,0.7,1,0.0277777777778,0.0540540540541,3,0,105,216,0.0277777777778,1,0,0.972222222222,1,0.0277777777778,0.0540540540541,0.675925925926,0.663580246914,0.0366972477064,0.136717185405,0.0277777777778,216,108,108,0,216,0,108,0,108,37,216,0.162162162162,1.32432432432,11.6756756757,21.6,6,8.1990990496,0.702237650082,0.31006006006,10.329336629,1.76937710775,0.765265265265,3.0868314707,0.528762798222,0.252752752753,0.579945114934,0.437917739848,2,1.32432432432,0.579945114934,2,0.0121701261701,0.00597269624573,7,0.000900900900901,0.621196581197,37,37,37,1,0,0.72972972973,0.243243243243,0.027027027027,37,0.0810810810811,1.32432432432,5.83783783784,10.8,3.08571428571,4.43166330396,0.7591275104,0.383383383383,5.23544744123,1.79362551227,0.781281281281,1.80090067556,0.616975231443,0.345345345345,0.579945114934,0.437917739848,2,1.33333333333,0.585540043769,2,0.00440442843804,0.00342465753425,1,0.0001287001287,0.194704257921,37,36,36,0.972972972973,0,0.702702702703,0.243243243243,0.027027027027,37,111,0.0833333333333,1.32432432432,6,11.1,3.17142857143,4.59468291736,0.765780486227,0.390552714877,5.32290647422,1.77430215807,0.776722668615,1.73205080757,0.57735026919,0.322863403944,0.579945114934,0.437917739848,2,1.33333333333,0.585540043769,2,0.0154283251762,0.0128342245989,4,0.000514800514801,0.201370924588,37,36,36,0.972972972973,0,0.702702702703,0.243243243243,0.027027027027,-105,-0.0788288288288,0,-5.67567567568,-10.5,-2.82857142857,-3.60441613224,0.0635428361454,0.080492654817,-5.00643015478,0.00492505032927,0.0114574033493,-1.35478066314,0.0485874709672,0.0701106511917,0,0,0,0.00900900900901,0.00559492883467,0,0.0032581990061,0.0068615283532,-3,-0.0003861003861,-0.419825656608,-0.027027027027,0,0,111,0,105,1116,0.513888888889,1,0,0.486111111111,1,0.513888888889,0.678899082569,0.685344416842,0.513888888889,0.513888888889,3,108,0,0,0,0
2213,WLNM_dir_neg,0.973701131687,0.748782156541,00:00:04,10,50,46,1235135470,threshold_sweep,0.8,1,0.0277777777778,0.0540540540541,3,0,105,216,0.0277777777778,1,0,0.972222222222,1,0.0277777777778,0.0540540540541,0.675925925926,0.663580246914,0.0366972477064,0.136717185405,0.0277777777778,216,108,108,0,216,0,108,0,108,37,216,0.162162162162,1.32432432432,11.6756756757,21.6,6,8.1990990496,0.702237650082,0.31006006006,10.329336629,1.76937710775,0.765265265265,3.0868314707,0.528762798222,0.252752752753,0.579945114934,0.437917739848,2,1.32432432432,0.579945114934,2,0.0121701261701,0.00597269624573,7,0.000900900900901,0.621196581197,37,37,37,1,0,0.72972972973,0.243243243243,0.027027027027,37,0.0810810810811,1.32432432432,5.83783783784,10.8,3.08571428571,4.43166330396,0.7591275104,0.383383383383,5.23544744123,1.79362551227,0.781281281281,1.80090067556,0.616975231443,0.345345345345,0.579945114934,0.437917739848,2,1.33333333333,0.585540043769,2,0.00440442843804,0.00342465753425,1,0.0001287001287,0.194704257921,37,36,36,0.972972972973,0,0.702702702703,0.243243243243,0.027027027027,37,111,0.0833333333333,1.32432432432,6,11.1,3.17142857143,4.59468291736,0.765780486227,0.390552714877,5.32290647422,1.77430215807,0.776722668615,1.73205080757,0.57735026919,0.322863403944,0.579945114934,0.437917739848,2,1.33333333333,0.585540043769,2,0.0154283251762,0.0128342245989,4,0.000514800514801,0.201370924588,37,36,36,0.972972972973,0,0.702702702703,0.243243243243,0.027027027027,-105,-0.0788288288288,0,-5.67567567568,-10.5,-2.82857142857,-3.60441613224,0.0635428361454,0.080492654817,-5.00643015478,0.00492505032927,0.0114574033493,-1.35478066314,0.0485874709672,0.0701106511917,0,0,0,0.00900900900901,0.00559492883467,0,0.0032581990061,0.0068615283532,-3,-0.0003861003861,-0.419825656608,-0.027027027027,0,0,111,0,105,1116,0.513888888889,1,0,0.486111111111,1,0.513888888889,0.678899082569,0.685344416842,0.513888888889,0.513888888889,3,108,0,0,0,0
2214,WLNM_dir_neg,0.973701131687,0.748782156541,00:00:04,10,50,46,1235135470,threshold_sweep,0.9,1,0.0277777777778,0.0540540540541,3,0,105,216,0.0277777777778,1,0,0.972222222222,1,0.0277777777778,0.0540540540541,0.675925925926,0.663580246914,0.0366972477064,0.136717185405,0.0277777777778,216,108,108,0,216,0,108,0,108,37,216,0.162162162162,1.32432432432,11.6756756757,21.6,6,8.1990990496,0.702237650082,0.31006006006,10.329336629,1.76937710775,0.765265265265,3.0868314707,0.528762798222,0.252752752753,0.579945114934,0.437917739848,2,1.32432432432,0.579945114934,2,0.0121701261701,0.00597269624573,7,0.000900900900901,0.621196581197,37,37,37,1,0,0.72972972973,0.243243243243,0.027027027027,37,0.0810810810811,1.32432432432,5.83783783784,10.8,3.08571428571,4.43166330396,0.7591275104,0.383383383383,5.23544744123,1.79362551227,0.781281281281,1.80090067556,0.616975231443,0.345345345345,0.579945114934,0.437917739848,2,1.33333333333,0.585540043769,2,0.00440442843804,0.00342465753425,1,0.0001287001287,0.194704257921,37,36,36,0.972972972973,0,0.702702702703,0.243243243243,0.027027027027,37,111,0.0833333333333,1.32432432432,6,11.1,3.17142857143,4.59468291736,0.765780486227,0.390552714877,5.32290647422,1.77430215807,0.776722668615,1.73205080757,0.57735026919,0.322863403944,0.579945114934,0.437917739848,2,1.33333333333,0.585540043769,2,0.0154283251762,0.0128342245989,4,0.000514800514801,0.201370924588,37,36,36,0.972972972973,0,0.702702702703,0.243243243243,0.027027027027,-105,-0.0788288288288,0,-5.67567567568,-10.5,-2.82857142857,-3.60441613224,0.0635428361454,0.080492654817,-5.00643015478,0.00492505032927,0.0114574033493,-1.35478066314,0.0485874709672,0.0701106511917,0,0,0,0.00900900900901,0.00559492883467,0,0.0032581990061,0.0068615283532,-3,-0.0003861003861,-0.419825656608,-0.027027027027,0,0,111,0,105,1116,0.513888888889,1,0,0.486111111111,1,0.513888888889,0.678899082569,0.685344416842,0.513888888889,0.513888888889,3,108,0,0,0,0
2215,WLNM_dir_neg,0.995498971193,0.972482541464,00:00:04,10,50,47,1235135471,threshold_sweep,0.1,1,0.0462962962963,0.0884955752212,5,0,103,216,0.0462962962963,1,0,0.953703703704,1,0.0462962962963,0.0884955752212,0.682098765432,0.661522633745,0.0607902735562,0.177053557949,0.0462962962963,216,108,108,0,216,0,108,0,108,37,216,0.162162162162,1.32432432432,11.6756756757,21.6,6,8.1990990496,0.702237650082,0.31006006006,10.329336629,1.76937710775,0.765265265265,3.0868314707,0.528762798222,0.252752752753,0.579945114934,0.437917739848,2,1.32432432432,0.579945114934,2,0.0121701261701,0.00597269624573,7,0.000900900900901,0.621196581197,37,37,37,1,0,0.72972972973,0.243243243243,0.027027027027,37,0.0810810810811,1.32432432432,5.83783783784,10.8,3.27272727273,4.46289339077,0.764477108605,0.397897897898,5.14445968645,1.76245378147,0.77027027027,2.04638405186,0.701076017765,0.385885885886,0.579945114934,0.437917739848,2,1.33333333333,0.585540043769,2,0,0,0,0,0.227801577126,37,36,36,0.972972972973,0,0.702702702703,0.189189189189,0.0810810810811,37,113,0.0848348348348,1.3277027027,6.10810810811,11.3,3.22857142857,4.6534562053,0.761849024762,0.402535278641,5.22784184251,1.71177122277,0.758670174599,1.91406992131,0.62673085919,0.341066730447,0.590250176002,0.444565018057,2.125,1.33680555556,0.595983164645,2.125,0.0150697787061,0.0186142709411,6,0.000772200772201,0.233092582417,37,36,36,0.972972972973,0,0.702702702703,0.243243243243,0.027027027027,-103,-0.0773273273273,0.00337837837838,-5.56756756757,-10.3,-2.77142857143,-3.5456428443,0.0596113746798,0.0924752185814,-5.10149478649,-0.0576058849756,-0.00659509066589,-1.17276154939,0.0979680609676,0.0883139776945,0.0103050610674,0.00664727820894,0.125,0.0124812312312,0.0160380497101,0.125,0.00289965253602,0.0126415746953,-1,-0.0001287001287,-0.38810399878,-0.027027027027,0,0,113,0,103,1116,0.523148148148,1,0,0.476851851852,1,0.523148148148,0.686930091185,0.692058155085,0.523148148148,0.523148148148,5,108,0,0,0,0
2216,WLNM_dir_neg,0.995498971193,0.972482541464,00:00:04,10,50,47,1235135471,threshold_sweep,0.2,1,0.037037037037,0.0714285714286,4,0,104,216,0.037037037037,1,0,0.962962962963,1,0.037037037037,0.0714285714286,0.679012345679,0.662551440329,0.0487804878049,0.158113883008,0.037037037037,216,108,108,0,216,0,108,0,108,37,216,0.162162162162,1.32432432432,11.6756756757,21.6,6,8.1990990496,0.702237650082,0.31006006006,10.329336629,1.76937710775,0.765265265265,3.0868314707,0.528762798222,0.252752752753,0.579945114934,0.437917739848,2,1.32432432432,0.579945114934,2,0.0121701261701,0.00597269624573,7,0.000900900900901,0.621196581197,37,37,37,1,0,0.72972972973,0.243243243243,0.027027027027,37,0.0810810810811,1.32432432432,5.83783783784,10.8,3.27272727273,4.46289339077,0.764477108605,0.397897897898,5.14445968645,1.76245378147,0.77027027027,2.04638405186,0.701076017765,0.385885885886,0.579945114934,0.437917739848,2,1.33333333333,0.585540043769,2,0,0,0,0,0.227801577126,37,36,36,0.972972972973,0,0.702702702703,0.189189189189,0.0810810810811,37,112,0.0840840840841,1.3277027027,6.05405405405,11.2,3.29411764706,4.59435611464,0.75888917965,0.400579150579,5.20942781293,1.7209716882,0.7611003861,1.95059088607,0.644391632004,0.351833976834,0.590250176002,0.444565018057,2.125,1.33680555556,0.595983164645,2.125,0.0172342808706,0.0190274841438,6,0.000772200772201,0.234944434268,37,36,36,0.972972972973,0,0.702702702703,0.216216216216,0.0540540540541,-104,-0.0780780780781,0.00337837837838,-5.62162162162,-10.4,-2.70588235294,-3.60474293497,0.0566515295681,0.0905190905191,-5.11990881607,-0.0484054195449,-0.00416487916488,-1.13624058464,0.115628833782,0.0990812240812,0.0103050610674,0.00664727820894,0.125,0.0124812312312,0.0160380497101,0.125,0.00506415470052,0.013054787898,-1,-0.0001287001287,-0.386252146928,-0.027027027027,-0.027027027027,0.027027027027,112,0,104,1116,0.518518518519,1,0,0.481481481481,1,0.518518518519,0.682926829268,0.688706715439,0.518518518519,0.518518518519,4,108,0,0,0,0
2217,WLNM_dir_neg,0.995498971193,0.972482541464,00:00:04,10,50,47,1235135471,threshold_sweep,0.3,1,0.037037037037,0.0714285714286,4,0,104,216,0.037037037037,1,0,0.962962962963,1,0.037037037037,0.0714285714286,0.679012345679,0.662551440329,0.0487804878049,0.158113883008,0.037037037037,216,108,108,0,216,0,108,0,108,37,216,0.162162162162,1.32432432432,11.6756756757,21.6,6,8.1990990496,0.702237650082,0.31006006006,10.329336629,1.76937710775,0.765265265265,3.0868314707,0.528762798222,0.252752752753,0.579945114934,0.437917739848,2,1.32432432432,0.579945114934,2,0.0121701261701,0.00597269624573,7,0.000900900900901,0.621196581197,37,37,37,1,0,0.72972972973,0.243243243243,0.027027027027,37,0.0810810810811,1.32432432432,5.83783783784,10.8,3.27272727273,4.46289339077,0.764477108605,0.397897897898,5.14445968645,1.76245378147,0.77027027027,2.04638405186,0.701076017765,0.385885885886,0.579945114934,0.437917739848,2,1.33333333333,0.585540043769,2,0,0,0,0,0.227801577126,37,36,36,0.972972972973,0,0.702702702703,0.189189189189,0.0810810810811,37,112,0.0840840840841,1.3277027027,6.05405405405,11.2,3.29411764706,4.59435611464,0.75888917965,0.400579150579,5.20942781293,1.7209716882,0.7611003861,1.95059088607,0.644391632004,0.351833976834,0.590250176002,0.444565018057,2.125,1.33680555556,0.595983164645,2.125,0.0172342808706,0.0190274841438,6,0.000772200772201,0.234944434268,37,36,36,0.972972972973,0,0.702702702703,0.216216216216,0.0540540540541,-104,-0.0780780780781,0.00337837837838,-5.62162162162,-10.4,-2.70588235294,-3.60474293497,0.0566515295681,0.0905190905191,-5.11990881607,-0.0484054195449,-0.00416487916488,-1.13624058464,0.115628833782,0.0990812240812,0.0103050610674,0.00664727820894,0.125,0.0124812312312,0.0160380497101,0.125,0.00506415470052,0.013054787898,-1,-0.0001287001287,-0.386252146928,-0.027027027027,-0.027027027027,0.027027027027,112,0,104,1116,0.518518518519,1,0,0.481481481481,1,0.518518518519,0.682926829268,0.688706715439,0.518518518519,0.518518518519,4,108,0,0,0,0
2218,WLNM_dir_neg,0.995498971193,0.972482541464,00:00:04,10,50,47,1235135471,threshold_sweep,0.4,1,0.037037037037,0.0714285714286,4,0,104,216,0.037037037037,1,0,0.962962962963,1,0.037037037037,0.0714285714286,0.679012345679,0.662551440329,0.0487804878049,0.158113883008,0.037037037037,216,108,108,0,216,0,108,0,108,37,216,0.162162162162,1.32432432432,11.6756756757,21.6,6,8.1990990496,0.702237650082,0.31006006006,10.329336629,1.76937710775,0.765265265265,3.0868314707,0.528762798222,0.252752752753,0.579945114934,0.437917739848,2,1.32432432432,0.579945114934,2,0.0121701261701,0.00597269624573,7,0.000900900900901,0.621196581197,37,37,37,1,0,0.72972972973,0.243243243243,0.027027027027,37,0.0810810810811,1.32432432432,5.83783783784,10.8,3.27272727273,4.46289339077,0.764477108605,0.397897897898,5.14445968645,1.76245378147,0.77027027027,2.04638405186,0.701076017765,0.385885885886,0.579945114934,0.437917739848,2,1.33333333333,0.585540043769,2,0,0,0,0,0.227801577126,37,36,36,0.972972972973,0,0.702702702703,0.189189189189,0.0810810810811,37,112,0.0840840840841,1.3277027027,6.05405405405,11.2,3.29411764706,4.59435611464,0.75888917965,0.400579150579,5.20942781293,1.7209716882,0.7611003861,1.95059088607,0.644391632004,0.351833976834,0.590250176002,0.444565018057,2.125,1.33680555556,0.595983164645,2.125,0.0172342808706,0.0190274841438,6,0.000772200772201,0.234944434268,37,36,36,0.972972972973,0,0.702702702703,0.216216216216,0.0540540540541,-104,-0.0780780780781,0.00337837837838,-5.62162162162,-10.4,-2.70588235294,-3.60474293497,0.0566515295681,0.0905190905191,-5.11990881607,-0.0484054195449,-0.00416487916488,-1.13624058464,0.115628833782,0.0990812240812,0.0103050610674,0.00664727820894,0.125,0.0124812312312,0.0160380497101,0.125,0.00506415470052,0.013054787898,-1,-0.0001287001287,-0.386252146928,-0.027027027027,-0.027027027027,0.027027027027,112,0,104,1116,0.518518518519,1,0,0.481481481481,1,0.518518518519,0.682926829268,0.688706715439,0.518518518519,0.518518518519,4,108,0,0,0,0
2219,WLNM_dir_neg,0.995498971193,0.972482541464,00:00:04,10,50,47,1235135471,threshold_sweep,0.5,1,0.037037037037,0.0714285714286,4,0,104,216,0.037037037037,1,0,0.962962962963,1,0.037037037037,0.0714285714286,0.679012345679,0.662551440329,0.0487804878049,0.158113883008,0.037037037037,216,108,108,0,216,0,108,0,108,37,216,0.162162162162,1.32432432432,11.6756756757,21.6,6,8.1990990496,0.702237650082,0.31006006006,10.329336629,1.76937710775,0.765265265265,3.0868314707,0.528762798222,0.252752752753,0.579945114934,0.437917739848,2,1.32432432432,0.579945114934,2,0.0121701261701,0.00597269624573,7,0.000900900900901,0.621196581197,37,37,37,1,0,0.72972972973,0.243243243243,0.027027027027,37,0.0810810810811,1.32432432432,5.83783783784,10.8,3.27272727273,4.46289339077,0.764477108605,0.397897897898,5.14445968645,1.76245378147,0.77027027027,2.04638405186,0.701076017765,0.385885885886,0.579945114934,0.437917739848,2,1.33333333333,0.585540043769,2,0,0,0,0,0.227801577126,37,36,36,0.972972972973,0,0.702702702703,0.189189189189,0.0810810810811,37,112,0.0840840840841,1.3277027027,6.05405405405,11.2,3.29411764706,4.59435611464,0.75888917965,0.400579150579,5.20942781293,1.7209716882,0.7611003861,1.95059088607,0.644391632004,0.351833976834,0.590250176002,0.444565018057,2.125,1.33680555556,0.595983164645,2.125,0.0172342808706,0.0190274841438,6,0.000772200772201,0.234944434268,37,36,36,0.972972972973,0,0.702702702703,0.216216216216,0.0540540540541,-104,-0.0780780780781,0.00337837837838,-5.62162162162,-10.4,-2.70588235294,-3.60474293497,0.0566515295681,0.0905190905191,-5.11990881607,-0.0484054195449,-0.00416487916488,-1.13624058464,0.115628833782,0.0990812240812,0.0103050610674,0.00664727820894,0.125,0.0124812312312,0.0160380497101,0.125,0.00506415470052,0.013054787898,-1,-0.0001287001287,-0.386252146928,-0.027027027027,-0.027027027027,0.027027027027,112,0,104,1116,0.518518518519,1,0,0.481481481481,1,0.518518518519,0.682926829268,0.688706715439,0.518518518519,0.518518518519,4,108,0,0,0,0
2220,WLNM_dir_neg,0.995498971193,0.972482541464,00:00:04,10,50,47,1235135471,threshold_sweep,0.6,1,0.037037037037,0.0714285714286,4,0,104,216,0.037037037037,1,0,0.962962962963,1,0.037037037037,0.0714285714286,0.679012345679,0.662551440329,0.0487804878049,0.158113883008,0.037037037037,216,108,108,0,216,0,108,0,108,37,216,0.162162162162,1.32432432432,11.6756756757,21.6,6,8.1990990496,0.702237650082,0.31006006006,10.329336629,1.76937710775,0.765265265265,3.0868314707,0.528762798222,0.252752752753,0.579945114934,0.437917739848,2,1.32432432432,0.579945114934,2,0.0121701261701,0.00597269624573,7,0.000900900900901,0.621196581197,37,37,37,1,0,0.72972972973,0.243243243243,0.027027027027,37,0.0810810810811,1.32432432432,5.83783783784,10.8,3.27272727273,4.46289339077,0.764477108605,0.397897897898,5.14445968645,1.76245378147,0.77027027027,2.04638405186,0.701076017765,0.385885885886,0.579945114934,0.437917739848,2,1.33333333333,0.585540043769,2,0,0,0,0,0.227801577126,37,36,36,0.972972972973,0,0.702702702703,0.189189189189,0.0810810810811,37,112,0.0840840840841,1.3277027027,6.05405405405,11.2,3.29411764706,4.59435611464,0.75888917965,0.400579150579,5.20942781293,1.7209716882,0.7611003861,1.95059088607,0.644391632004,0.351833976834,0.590250176002,0.444565018057,2.125,1.33680555556,0.595983164645,2.125,0.0172342808706,0.0190274841438,6,0.000772200772201,0.234944434268,37,36,36,0.972972972973,0,0.702702702703,0.216216216216,0.0540540540541,-104,-0.0780780780781,0.00337837837838,-5.62162162162,-10.4,-2.70588235294,-3.60474293497,0.0566515295681,0.0905190905191,-5.11990881607,-0.0484054195449,-0.00416487916488,-1.13624058464,0.115628833782,0.0990812240812,0.0103050610674,0.00664727820894,0.125,0.0124812312312,0.0160380497101,0.125,0.00506415470052,0.013054787898,-1,-0.0001287001287,-0.386252146928,-0.027027027027,-0.027027027027,0.027027027027,112,0,104,1116,0.518518518519,1,0,0.481481481481,1,0.518518518519,0.682926829268,0.688706715439,0.518518518519,0.518518518519,4,108,0,0,0,0
2221,WLNM_dir_neg,0.995498971193,0.972482541464,00:00:04,10,50,47,1235135471,threshold_sweep,0.7,1,0.0277777777778,0.0540540540541,3,0,105,216,0.0277777777778,1,0,0.972222222222,1,0.0277777777778,0.0540540540541,0.675925925926,0.663580246914,0.0366972477064,0.136717185405,0.0277777777778,216,108,108,0,216,0,108,0,108,37,216,0.162162162162,1.32432432432,11.6756756757,21.6,6,8.1990990496,0.702237650082,0.31006006006,10.329336629,1.76937710775,0.765265265265,3.0868314707,0.528762798222,0.252752752753,0.579945114934,0.437917739848,2,1.32432432432,0.579945114934,2,0.0121701261701,0.00597269624573,7,0.000900900900901,0.621196581197,37,37,37,1,0,0.72972972973,0.243243243243,0.027027027027,37,0.0810810810811,1.32432432432,5.83783783784,10.8,3.27272727273,4.46289339077,0.764477108605,0.397897897898,5.14445968645,1.76245378147,0.77027027027,2.04638405186,0.701076017765,0.385885885886,0.579945114934,0.437917739848,2,1.33333333333,0.585540043769,2,0,0,0,0,0.227801577126,37,36,36,0.972972972973,0,0.702702702703,0.189189189189,0.0810810810811,37,111,0.0833333333333,1.32432432432,6,11.1,3.36363636364,4.58257569496,0.763762615826,0.400292184076,5.1854497287,1.7284832429,0.763087411736,1.98606254797,0.662020849323,0.3623082542,0.579945114934,0.437917739848,2,1.33333333333,0.585540043769,2,0,0,0,0,0.237325386649,37,36,36,0.972972972973,0,0.702702702703,0.189189189189,0.0810810810811,-105,-0.0788288288288,0,-5.67567567568,-10.5,-2.63636363636,-3.61652335465,0.0615249657441,0.0902321240159,-5.1438869003,-0.0408938648449,-0.0021778535292,-1.10076892274,0.133258051101,0.109555501447,0,0,0,0.00900900900901,0.00559492883467,0,-0.0121701261701,-0.00597269624573,-7,-0.000900900900901,-0.383871194547,-0.027027027027,-0.0540540540541,0.0540540540541,111,0,105,1116,0.513888888889,1,0,0.486111111111,1,0.513888888889,0.678899082569,0.685344416842,0.513888888889,0.513888888889,3,108,0,0,0,0
2222,WLNM_dir_neg,0.995498971193,0.972482541464,00:00:04,10,50,47,1235135471,threshold_sweep,0.8,1,0.0277777777778,0.0540540540541,3,0,105,216,0.0277777777778,1,0,0.972222222222,1,0.0277777777778,0.0540540540541,0.675925925926,0.663580246914,0.0366972477064,0.136717185405,0.0277777777778,216,108,108,0,216,0,108,0,108,37,216,0.162162162162,1.32432432432,11.6756756757,21.6,6,8.1990990496,0.702237650082,0.31006006006,10.329336629,1.76937710775,0.765265265265,3.0868314707,0.528762798222,0.252752752753,0.579945114934,0.437917739848,2,1.32432432432,0.579945114934,2,0.0121701261701,0.00597269624573,7,0.000900900900901,0.621196581197,37,37,37,1,0,0.72972972973,0.243243243243,0.027027027027,37,0.0810810810811,1.32432432432,5.83783783784,10.8,3.27272727273,4.46289339077,0.764477108605,0.397897897898,5.14445968645,1.76245378147,0.77027027027,2.04638405186,0.701076017765,0.385885885886,0.579945114934,0.437917739848,2,1.33333333333,0.585540043769,2,0,0,0,0,0.227801577126,37,36,36,0.972972972973,0,0.702702702703,0.189189189189,0.0810810810811,37,111,0.0833333333333,1.32432432432,6,11.1,3.36363636364,4.58257569496,0.763762615826,0.400292184076,5.1854497287,1.7284832429,0.763087411736,1.98606254797,0.662020849323,0.3623082542,0.579945114934,0.437917739848,2,1.33333333333,0.585540043769,2,0,0,0,0,0.237325386649,37,36,36,0.972972972973,0,0.702702702703,0.189189189189,0.0810810810811,-105,-0.0788288288288,0,-5.67567567568,-10.5,-2.63636363636,-3.61652335465,0.0615249657441,0.0902321240159,-5.1438869003,-0.0408938648449,-0.0021778535292,-1.10076892274,0.133258051101,0.109555501447,0,0,0,0.00900900900901,0.00559492883467,0,-0.0121701261701,-0.00597269624573,-7,-0.000900900900901,-0.383871194547,-0.027027027027,-0.0540540540541,0.0540540540541,111,0,105,1116,0.513888888889,1,0,0.486111111111,1,0.513888888889,0.678899082569,0.685344416842,0.513888888889,0.513888888889,3,108,0,0,0,0
2223,WLNM_dir_neg,0.995498971193,0.972482541464,00:00:04,10,50,47,1235135471,threshold_sweep,0.9,1,0.0277777777778,0.0540540540541,3,0,105,216,0.0277777777778,1,0,0.972222222222,1,0.0277777777778,0.0540540540541,0.675925925926,0.663580246914,0.0366972477064,0.136717185405,0.0277777777778,216,108,108,0,216,0,108,0,108,37,216,0.162162162162,1.32432432432,11.6756756757,21.6,6,8.1990990496,0.702237650082,0.31006006006,10.329336629,1.76937710775,0.765265265265,3.0868314707,0.528762798222,0.252752752753,0.579945114934,0.437917739848,2,1.32432432432,0.579945114934,2,0.0121701261701,0.00597269624573,7,0.000900900900901,0.621196581197,37,37,37,1,0,0.72972972973,0.243243243243,0.027027027027,37,0.0810810810811,1.32432432432,5.83783783784,10.8,3.27272727273,4.46289339077,0.764477108605,0.397897897898,5.14445968645,1.76245378147,0.77027027027,2.04638405186,0.701076017765,0.385885885886,0.579945114934,0.437917739848,2,1.33333333333,0.585540043769,2,0,0,0,0,0.227801577126,37,36,36,0.972972972973,0,0.702702702703,0.189189189189,0.0810810810811,37,111,0.0833333333333,1.32432432432,6,11.1,3.36363636364,4.58257569496,0.763762615826,0.400292184076,5.1854497287,1.7284832429,0.763087411736,1.98606254797,0.662020849323,0.3623082542,0.579945114934,0.437917739848,2,1.33333333333,0.585540043769,2,0,0,0,0,0.237325386649,37,36,36,0.972972972973,0,0.702702702703,0.189189189189,0.0810810810811,-105,-0.0788288288288,0,-5.67567567568,-10.5,-2.63636363636,-3.61652335465,0.0615249657441,0.0902321240159,-5.1438869003,-0.0408938648449,-0.0021778535292,-1.10076892274,0.133258051101,0.109555501447,0,0,0,0.00900900900901,0.00559492883467,0,-0.0121701261701,-0.00597269624573,-7,-0.000900900900901,-0.383871194547,-0.027027027027,-0.0540540540541,0.0540540540541,111,0,105,1116,0.513888888889,1,0,0.486111111111,1,0.513888888889,0.678899082569,0.685344416842,0.513888888889,0.513888888889,3,108,0,0,0,0
2224,WLNM_dir_neg,0.994727366255,0.970731343729,00:00:06,10,50,48,1235135472,threshold_sweep,0.1,1,0.0277777777778,0.0540540540541,3,0,105,216,0.0277777777778,1,0,0.972222222222,1,0.0277777777778,0.0540540540541,0.675925925926,0.663580246914,0.0366972477064,0.136717185405,0.0277777777778,216,108,108,0,216,0,108,0,108,37,216,0.162162162162,1.32432432432,11.6756756757,21.6,6,8.1990990496,0.702237650082,0.31006006006,10.329336629,1.76937710775,0.765265265265,3.0868314707,0.528762798222,0.252752752753,0.579945114934,0.437917739848,2,1.32432432432,0.579945114934,2,0.0121701261701,0.00597269624573,7,0.000900900900901,0.621196581197,37,37,37,1,0,0.72972972973,0.243243243243,0.027027027027,37,0.0810810810811,1.32432432432,5.83783783784,10.8,3.6,4.43166330396,0.7591275104,0.384634634635,5.26190912955,1.80269109068,0.782282282282,1.93474629945,0.662829750738,0.36986986987,0.579945114934,0.437917739848,2,1.35294117647,0.597081434027,2,0,0,0,0,0.211201854656,37,34,34,0.918918918919,0,0.648648648649,0.162162162162,0.108108108108,37,111,0.0833333333333,1.32818532819,6,11.1,3.58064516129,4.49691252108,0.74948542018,0.383004626248,5.29150262213,1.76383420738,0.774774774775,1.85592145428,0.618640484759,0.344777209642,0.591765934822,0.445544700927,2.14285714286,1.35714285714,0.609398661395,2.14285714286,0.0186002722767,0.0163220892274,5,0.000643500643501,0.215963759418,37,34,34,0.918918918919,0,0.648648648649,0.189189189189,0.0810810810811,-105,-0.0788288288288,0.003861003861,-5.67567567568,-10.5,-2.41935483871,-3.70218652853,0.0472477700977,0.0729445661878,-5.03783400687,-0.00554290036893,0.00950950950951,-1.23091001643,0.0898776865364,0.0920244568893,0.0118208198873,0.0076269610784,0.142857142857,0.0328185328185,0.0294535464602,0.142857142857,0.00643014610662,0.0103493929817,-2,-0.0002574002574,-0.405232821778,-0.0810810810811,-0.0540540540541,0.0540540540541,111,0,105,1116,0.513888888889,1,0,0.486111111111,1,0.513888888889,0.678899082569,0.685344416842,0.513888888889,0.513888888889,3,108,0,0,0,0
2225,WLNM_dir_neg,0.994727366255,0.970731343729,00:00:06,10,50,48,1235135472,threshold_sweep,0.2,1,0.0277777777778,0.0540540540541,3,0,105,216,0.0277777777778,1,0,0.972222222222,1,0.0277777777778,0.0540540540541,0.675925925926,0.663580246914,0.0366972477064,0.136717185405,0.0277777777778,216,108,108,0,216,0,108,0,108,37,216,0.162162162162,1.32432432432,11.6756756757,21.6,6,8.1990990496,0.702237650082,0.31006006006,10.329336629,1.76937710775,0.765265265265,3.0868314707,0.528762798222,0.252752752753,0.579945114934,0.437917739848,2,1.32432432432,0.579945114934,2,0.0121701261701,0.00597269624573,7,0.000900900900901,0.621196581197,37,37,37,1,0,0.72972972973,0.243243243243,0.027027027027,37,0.0810810810811,1.32432432432,5.83783783784,10.8,3.6,4.43166330396,0.7591275104,0.384634634635,5.26190912955,1.80269109068,0.782282282282,1.93474629945,0.662829750738,0.36986986987,0.579945114934,0.437917739848,2,1.35294117647,0.597081434027,2,0,0,0,0,0.211201854656,37,34,34,0.918918918919,0,0.648648648649,0.162162162162,0.108108108108,37,111,0.0833333333333,1.32818532819,6,11.1,3.58064516129,4.49691252108,0.74948542018,0.383004626248,5.29150262213,1.76383420738,0.774774774775,1.85592145428,0.618640484759,0.344777209642,0.591765934822,0.445544700927,2.14285714286,1.35714285714,0.609398661395,2.14285714286,0.0186002722767,0.0163220892274,5,0.000643500643501,0.215963759418,37,34,34,0.918918918919,0,0.648648648649,0.189189189189,0.0810810810811,-105,-0.0788288288288,0.003861003861,-5.67567567568,-10.5,-2.41935483871,-3.70218652853,0.0472477700977,0.0729445661878,-5.03783400687,-0.00554290036893,0.00950950950951,-1.23091001643,0.0898776865364,0.0920244568893,0.0118208198873,0.0076269610784,0.142857142857,0.0328185328185,0.0294535464602,0.142857142857,0.00643014610662,0.0103493929817,-2,-0.0002574002574,-0.405232821778,-0.0810810810811,-0.0540540540541,0.0540540540541,111,0,105,1116,0.513888888889,1,0,0.486111111111,1,0.513888888889,0.678899082569,0.685344416842,0.513888888889,0.513888888889,3,108,0,0,0,0
2226,WLNM_dir_neg,0.994727366255,0.970731343729,00:00:06,10,50,48,1235135472,threshold_sweep,0.3,1,0.0277777777778,0.0540540540541,3,0,105,216,0.0277777777778,1,0,0.972222222222,1,0.0277777777778,0.0540540540541,0.675925925926,0.663580246914,0.0366972477064,0.136717185405,0.0277777777778,216,108,108,0,216,0,108,0,108,37,216,0.162162162162,1.32432432432,11.6756756757,21.6,6,8.1990990496,0.702237650082,0.31006006006,10.329336629,1.76937710775,0.765265265265,3.0868314707,0.528762798222,0.252752752753,0.579945114934,0.437917739848,2,1.32432432432,0.579945114934,2,0.0121701261701,0.00597269624573,7,0.000900900900901,0.621196581197,37,37,37,1,0,0.72972972973,0.243243243243,0.027027027027,37,0.0810810810811,1.32432432432,5.83783783784,10.8,3.6,4.43166330396,0.7591275104,0.384634634635,5.26190912955,1.80269109068,0.782282282282,1.93474629945,0.662829750738,0.36986986987,0.579945114934,0.437917739848,2,1.35294117647,0.597081434027,2,0,0,0,0,0.211201854656,37,34,34,0.918918918919,0,0.648648648649,0.162162162162,0.108108108108,37,111,0.0833333333333,1.32818532819,6,11.1,3.58064516129,4.49691252108,0.74948542018,0.383004626248,5.29150262213,1.76383420738,0.774774774775,1.85592145428,0.618640484759,0.344777209642,0.591765934822,0.445544700927,2.14285714286,1.35714285714,0.609398661395,2.14285714286,0.0186002722767,0.0163220892274,5,0.000643500643501,0.215963759418,37,34,34,0.918918918919,0,0.648648648649,0.189189189189,0.0810810810811,-105,-0.0788288288288,0.003861003861,-5.67567567568,-10.5,-2.41935483871,-3.70218652853,0.0472477700977,0.0729445661878,-5.03783400687,-0.00554290036893,0.00950950950951,-1.23091001643,0.0898776865364,0.0920244568893,0.0118208198873,0.0076269610784,0.142857142857,0.0328185328185,0.0294535464602,0.142857142857,0.00643014610662,0.0103493929817,-2,-0.0002574002574,-0.405232821778,-0.0810810810811,-0.0540540540541,0.0540540540541,111,0,105,1116,0.513888888889,1,0,0.486111111111,1,0.513888888889,0.678899082569,0.685344416842,0.513888888889,0.513888888889,3,108,0,0,0,0
2227,WLNM_dir_neg,0.994727366255,0.970731343729,00:00:06,10,50,48,1235135472,threshold_sweep,0.4,1,0.0277777777778,0.0540540540541,3,0,105,216,0.0277777777778,1,0,0.972222222222,1,0.0277777777778,0.0540540540541,0.675925925926,0.663580246914,0.0366972477064,0.136717185405,0.0277777777778,216,108,108,0,216,0,108,0,108,37,216,0.162162162162,1.32432432432,11.6756756757,21.6,6,8.1990990496,0.702237650082,0.31006006006,10.329336629,1.76937710775,0.765265265265,3.0868314707,0.528762798222,0.252752752753,0.579945114934,0.437917739848,2,1.32432432432,0.579945114934,2,0.0121701261701,0.00597269624573,7,0.000900900900901,0.621196581197,37,37,37,1,0,0.72972972973,0.243243243243,0.027027027027,37,0.0810810810811,1.32432432432,5.83783783784,10.8,3.6,4.43166330396,0.7591275104,0.384634634635,5.26190912955,1.80269109068,0.782282282282,1.93474629945,0.662829750738,0.36986986987,0.579945114934,0.437917739848,2,1.35294117647,0.597081434027,2,0,0,0,0,0.211201854656,37,34,34,0.918918918919,0,0.648648648649,0.162162162162,0.108108108108,37,111,0.0833333333333,1.32818532819,6,11.1,3.58064516129,4.49691252108,0.74948542018,0.383004626248,5.29150262213,1.76383420738,0.774774774775,1.85592145428,0.618640484759,0.344777209642,0.591765934822,0.445544700927,2.14285714286,1.35714285714,0.609398661395,2.14285714286,0.0186002722767,0.0163220892274,5,0.000643500643501,0.215963759418,37,34,34,0.918918918919,0,0.648648648649,0.189189189189,0.0810810810811,-105,-0.0788288288288,0.003861003861,-5.67567567568,-10.5,-2.41935483871,-3.70218652853,0.0472477700977,0.0729445661878,-5.03783400687,-0.00554290036893,0.00950950950951,-1.23091001643,0.0898776865364,0.0920244568893,0.0118208198873,0.0076269610784,0.142857142857,0.0328185328185,0.0294535464602,0.142857142857,0.00643014610662,0.0103493929817,-2,-0.0002574002574,-0.405232821778,-0.0810810810811,-0.0540540540541,0.0540540540541,111,0,105,1116,0.513888888889,1,0,0.486111111111,1,0.513888888889,0.678899082569,0.685344416842,0.513888888889,0.513888888889,3,108,0,0,0,0
2228,WLNM_dir_neg,0.994727366255,0.970731343729,00:00:06,10,50,48,1235135472,threshold_sweep,0.5,1,0.0185185185185,0.0363636363636,2,0,106,216,0.0185185185185,1,0,0.981481481481,1,0.0185185185185,0.0363636363636,0.672839506173,0.664609053498,0.0245398773006,0.111455642515,0.0185185185185,216,108,108,0,216,0,108,0,108,37,216,0.162162162162,1.32432432432,11.6756756757,21.6,6,8.1990990496,0.702237650082,0.31006006006,10.329336629,1.76937710775,0.765265265265,3.0868314707,0.528762798222,0.252752752753,0.579945114934,0.437917739848,2,1.32432432432,0.579945114934,2,0.0121701261701,0.00597269624573,7,0.000900900900901,0.621196581197,37,37,37,1,0,0.72972972973,0.243243243243,0.027027027027,37,0.0810810810811,1.32432432432,5.83783783784,10.8,3.6,4.43166330396,0.7591275104,0.384634634635,5.26190912955,1.80269109068,0.782282282282,1.93474629945,0.662829750738,0.36986986987,0.579945114934,0.437917739848,2,1.35294117647,0.597081434027,2,0,0,0,0,0.211201854656,37,34,34,0.918918918919,0,0.648648648649,0.162162162162,0.108108108108,37,110,0.0825825825826,1.32432432432,5.94594594595,11,3.66666666667,4.49657861259,0.756242766663,0.38230958231,5.27302615249,1.77365425129,0.776904176904,1.89277113846,0.636659382936,0.353808353808,0.579945114934,0.437917739848,2,1.35294117647,0.597081434027,2,0,0,0,0,0.218609262064,37,34,34,0.918918918919,0,0.648648648649,0.162162162162,0.108108108108,-106,-0.0795795795796,0,-5.72972972973,-10.6,-2.33333333333,-3.70252043701,0.0540051165813,0.0722495222495,-5.05631047651,0.00427714354554,0.0116389116389,-1.19406033225,0.107896584714,0.101055601056,0,0,0,0.0286168521463,0.0171363190921,0,-0.0121701261701,-0.00597269624573,-7,-0.000900900900901,-0.402587319133,-0.0810810810811,-0.0810810810811,0.0810810810811,110,0,106,1116,0.509259259259,1,0,0.490740740741,1,0.509259259259,0.674846625767,0.681971085039,0.509259259259,0.509259259259,2,108,0,0,0,0
2229,WLNM_dir_neg,0.994727366255,0.970731343729,00:00:06,10,50,48,1235135472,threshold_sweep,0.6,1,0.0185185185185,0.0363636363636,2,0,106,216,0.0185185185185,1,0,0.981481481481,1,0.0185185185185,0.0363636363636,0.672839506173,0.664609053498,0.0245398773006,0.111455642515,0.0185185185185,216,108,108,0,216,0,108,0,108,37,216,0.162162162162,1.32432432432,11.6756756757,21.6,6,8.1990990496,0.702237650082,0.31006006006,10.329336629,1.76937710775,0.765265265265,3.0868314707,0.528762798222,0.252752752753,0.579945114934,0.437917739848,2,1.32432432432,0.579945114934,2,0.0121701261701,0.00597269624573,7,0.000900900900901,0.621196581197,37,37,37,1,0,0.72972972973,0.243243243243,0.027027027027,37,0.0810810810811,1.32432432432,5.83783783784,10.8,3.6,4.43166330396,0.7591275104,0.384634634635,5.26190912955,1.80269109068,0.782282282282,1.93474629945,0.662829750738,0.36986986987,0.579945114934,0.437917739848,2,1.35294117647,0.597081434027,2,0,0,0,0,0.211201854656,37,34,34,0.918918918919,0,0.648648648649,0.162162162162,0.108108108108,37,110,0.0825825825826,1.32432432432,5.94594594595,11,3.66666666667,4.49657861259,0.756242766663,0.38230958231,5.27302615249,1.77365425129,0.776904176904,1.89277113846,0.636659382936,0.353808353808,0.579945114934,0.437917739848,2,1.35294117647,0.597081434027,2,0,0,0,0,0.218609262064,37,34,34,0.918918918919,0,0.648648648649,0.162162162162,0.108108108108,-106,-0.0795795795796,0,-5.72972972973,-10.6,-2.33333333333,-3.70252043701,0.0540051165813,0.0722495222495,-5.05631047651,0.00427714354554,0.0116389116389,-1.19406033225,0.107896584714,0.101055601056,0,0,0,0.0286168521463,0.0171363190921,0,-0.0121701261701,-0.00597269624573,-7,-0.000900900900901,-0.402587319133,-0.0810810810811,-0.0810810810811,0.0810810810811,110,0,106,1116,0.509259259259,1,0,0.490740740741,1,0.509259259259,0.674846625767,0.681971085039,0.509259259259,0.509259259259,2,108,0,0,0,0
2230,WLNM_dir_neg,0.994727366255,0.970731343729,00:00:06,10,50,48,1235135472,threshold_sweep,0.7,1,0.0185185185185,0.0363636363636,2,0,106,216,0.0185185185185,1,0,0.981481481481,1,0.0185185185185,0.0363636363636,0.672839506173,0.664609053498,0.0245398773006,0.111455642515,0.0185185185185,216,108,108,0,216,0,108,0,108,37,216,0.162162162162,1.32432432432,11.6756756757,21.6,6,8.1990990496,0.702237650082,0.31006006006,10.329336629,1.76937710775,0.765265265265,3.0868314707,0.528762798222,0.252752752753,0.579945114934,0.437917739848,2,1.32432432432,0.579945114934,2,0.0121701261701,0.00597269624573,7,0.000900900900901,0.621196581197,37,37,37,1,0,0.72972972973,0.243243243243,0.027027027027,37,0.0810810810811,1.32432432432,5.83783783784,10.8,3.6,4.43166330396,0.7591275104,0.384634634635,5.26190912955,1.80269109068,0.782282282282,1.93474629945,0.662829750738,0.36986986987,0.579945114934,0.437917739848,2,1.35294117647,0.597081434027,2,0,0,0,0,0.211201854656,37,34,34,0.918918918919,0,0.648648648649,0.162162162162,0.108108108108,37,110,0.0825825825826,1.32432432432,5.94594594595,11,3.66666666667,4.49657861259,0.756242766663,0.38230958231,5.27302615249,1.77365425129,0.776904176904,1.89277113846,0.636659382936,0.353808353808,0.579945114934,0.437917739848,2,1.35294117647,0.597081434027,2,0,0,0,0,0.218609262064,37,34,34,0.918918918919,0,0.648648648649,0.162162162162,0.108108108108,-106,-0.0795795795796,0,-5.72972972973,-10.6,-2.33333333333,-3.70252043701,0.0540051165813,0.0722495222495,-5.05631047651,0.00427714354554,0.0116389116389,-1.19406033225,0.107896584714,0.101055601056,0,0,0,0.0286168521463,0.0171363190921,0,-0.0121701261701,-0.00597269624573,-7,-0.000900900900901,-0.402587319133,-0.0810810810811,-0.0810810810811,0.0810810810811,110,0,106,1116,0.509259259259,1,0,0.490740740741,1,0.509259259259,0.674846625767,0.681971085039,0.509259259259,0.509259259259,2,108,0,0,0,0
2231,WLNM_dir_neg,0.994727366255,0.970731343729,00:00:06,10,50,48,1235135472,threshold_sweep,0.8,1,0.0185185185185,0.0363636363636,2,0,106,216,0.0185185185185,1,0,0.981481481481,1,0.0185185185185,0.0363636363636,0.672839506173,0.664609053498,0.0245398773006,0.111455642515,0.0185185185185,216,108,108,0,216,0,108,0,108,37,216,0.162162162162,1.32432432432,11.6756756757,21.6,6,8.1990990496,0.702237650082,0.31006006006,10.329336629,1.76937710775,0.765265265265,3.0868314707,0.528762798222,0.252752752753,0.579945114934,0.437917739848,2,1.32432432432,0.579945114934,2,0.0121701261701,0.00597269624573,7,0.000900900900901,0.621196581197,37,37,37,1,0,0.72972972973,0.243243243243,0.027027027027,37,0.0810810810811,1.32432432432,5.83783783784,10.8,3.6,4.43166330396,0.7591275104,0.384634634635,5.26190912955,1.80269109068,0.782282282282,1.93474629945,0.662829750738,0.36986986987,0.579945114934,0.437917739848,2,1.35294117647,0.597081434027,2,0,0,0,0,0.211201854656,37,34,34,0.918918918919,0,0.648648648649,0.162162162162,0.108108108108,37,110,0.0825825825826,1.32432432432,5.94594594595,11,3.66666666667,4.49657861259,0.756242766663,0.38230958231,5.27302615249,1.77365425129,0.776904176904,1.89277113846,0.636659382936,0.353808353808,0.579945114934,0.437917739848,2,1.35294117647,0.597081434027,2,0,0,0,0,0.218609262064,37,34,34,0.918918918919,0,0.648648648649,0.162162162162,0.108108108108,-106,-0.0795795795796,0,-5.72972972973,-10.6,-2.33333333333,-3.70252043701,0.0540051165813,0.0722495222495,-5.05631047651,0.00427714354554,0.0116389116389,-1.19406033225,0.107896584714,0.101055601056,0,0,0,0.0286168521463,0.0171363190921,0,-0.0121701261701,-0.00597269624573,-7,-0.000900900900901,-0.402587319133,-0.0810810810811,-0.0810810810811,0.0810810810811,110,0,106,1116,0.509259259259,1,0,0.490740740741,1,0.509259259259,0.674846625767,0.681971085039,0.509259259259,0.509259259259,2,108,0,0,0,0
2232,WLNM_dir_neg,0.994727366255,0.970731343729,00:00:06,10,50,48,1235135472,threshold_sweep,0.9,1,0.0185185185185,0.0363636363636,2,0,106,216,0.0185185185185,1,0,0.981481481481,1,0.0185185185185,0.0363636363636,0.672839506173,0.664609053498,0.0245398773006,0.111455642515,0.0185185185185,216,108,108,0,216,0,108,0,108,37,216,0.162162162162,1.32432432432,11.6756756757,21.6,6,8.1990990496,0.702237650082,0.31006006006,10.329336629,1.76937710775,0.765265265265,3.0868314707,0.528762798222,0.252752752753,0.579945114934,0.437917739848,2,1.32432432432,0.579945114934,2,0.0121701261701,0.00597269624573,7,0.000900900900901,0.621196581197,37,37,37,1,0,0.72972972973,0.243243243243,0.027027027027,37,0.0810810810811,1.32432432432,5.83783783784,10.8,3.6,4.43166330396,0.7591275104,0.384634634635,5.26190912955,1.80269109068,0.782282282282,1.93474629945,0.662829750738,0.36986986987,0.579945114934,0.437917739848,2,1.35294117647,0.597081434027,2,0,0,0,0,0.211201854656,37,34,34,0.918918918919,0,0.648648648649,0.162162162162,0.108108108108,37,110,0.0825825825826,1.32432432432,5.94594594595,11,3.66666666667,4.49657861259,0.756242766663,0.38230958231,5.27302615249,1.77365425129,0.776904176904,1.89277113846,0.636659382936,0.353808353808,0.579945114934,0.437917739848,2,1.35294117647,0.597081434027,2,0,0,0,0,0.218609262064,37,34,34,0.918918918919,0,0.648648648649,0.162162162162,0.108108108108,-106,-0.0795795795796,0,-5.72972972973,-10.6,-2.33333333333,-3.70252043701,0.0540051165813,0.0722495222495,-5.05631047651,0.00427714354554,0.0116389116389,-1.19406033225,0.107896584714,0.101055601056,0,0,0,0.0286168521463,0.0171363190921,0,-0.0121701261701,-0.00597269624573,-7,-0.000900900900901,-0.402587319133,-0.0810810810811,-0.0810810810811,0.0810810810811,110,0,106,1116,0.509259259259,1,0,0.490740740741,1,0.509259259259,0.674846625767,0.681971085039,0.509259259259,0.509259259259,2,108,0,0,0,0
2233,WLNM_dir_neg,0.991169410151,0.888547710272,00:00:03,10,50,49,1235135473,threshold_sweep,0.1,0.96,0.222222222222,0.360902255639,24,1,84,215,0.222222222222,0.99537037037,0.00462962962963,0.777777777778,0.96,0.222222222222,0.360902255639,0.737654320988,0.640946502058,0.269340974212,0.384394585451,0.217592592593,216,108,108,0,216,0,108,0,108,37,216,0.162162162162,1.32432432432,11.6756756757,21.6,6,8.1990990496,0.702237650082,0.31006006006,10.329336629,1.76937710775,0.765265265265,3.0868314707,0.528762798222,0.252752752753,0.579945114934,0.437917739848,2,1.32432432432,0.579945114934,2,0.0121701261701,0.00597269624573,7,0.000900900900901,0.621196581197,37,37,37,1,0,0.72972972973,0.243243243243,0.027027027027,37,0.0810810810811,1.31756756757,5.83783783784,10.8,3.27272727273,4.47532440484,0.766606495273,0.366616616617,5.4435404042,1.86491661996,0.795295295295,1.83148965445,0.627454789024,0.346346346346,0.561027853366,0.425805755375,2,1.31756756757,0.561027853366,2,0,0,0,0,0.189241301649,37,37,37,1,0,0.72972972973,0.162162162162,0.108108108108,37,133,0.0998498498498,1.32432432432,7.18918918919,13.3,3.91176470588,5.63144858924,0.783321796247,0.373094899411,6.58474440346,1.83184618743,0.787238366186,2.00637123323,0.558163425785,0.312538102012,0.579945114934,0.437917739848,2,1.32432432432,0.579945114934,2,0.015713516503,0.012912482066,6,0.000772200772201,0.262801529939,37,37,37,1,0,0.72972972973,0.189189189189,0.0810810810811,-83,-0.0623123123123,0,-4.48648648649,-8.3,-2.08823529412,-2.56765046037,0.0810841461653,0.0630348393506,-3.74459222554,0.0624690796826,0.0219731009205,-1.08046023748,0.0294006275628,0.059785349259,0,0,0,0,0,0,0.00354339033286,0.00693978582026,-1,-0.0001287001287,-0.358395051258,0,-0.0540540540541,0.0540540540541,132,1,84,1115,0.611111111111,0.999103942652,0.00089605734767,0.388888888889,0.992481203008,0.611111111111,0.756446991404,0.750250818942,0.610215053763,0.608294930876,25,108,0,0,0,0
2234,WLNM_dir_neg,0.991169410151,0.888547710272,00:00:03,10,50,49,1235135473,threshold_sweep,0.2,0.96,0.222222222222,0.360902255639,24,1,84,215,0.222222222222,0.99537037037,0.00462962962963,0.777777777778,0.96,0.222222222222,0.360902255639,0.737654320988,0.640946502058,0.269340974212,0.384394585451,0.217592592593,216,108,108,0,216,0,108,0,108,37,216,0.162162162162,1.32432432432,11.6756756757,21.6,6,8.1990990496,0.702237650082,0.31006006006,10.329336629,1.76937710775,0.765265265265,3.0868314707,0.528762798222,0.252752752753,0.579945114934,0.437917739848,2,1.32432432432,0.579945114934,2,0.0121701261701,0.00597269624573,7,0.000900900900901,0.621196581197,37,37,37,1,0,0.72972972973,0.243243243243,0.027027027027,37,0.0810810810811,1.31756756757,5.83783783784,10.8,3.27272727273,4.47532440484,0.766606495273,0.366616616617,5.4435404042,1.86491661996,0.795295295295,1.83148965445,0.627454789024,0.346346346346,0.561027853366,0.425805755375,2,1.31756756757,0.561027853366,2,0,0,0,0,0.189241301649,37,37,37,1,0,0.72972972973,0.162162162162,0.108108108108,37,133,0.0998498498498,1.32432432432,7.18918918919,13.3,3.91176470588,5.63144858924,0.783321796247,0.373094899411,6.58474440346,1.83184618743,0.787238366186,2.00637123323,0.558163425785,0.312538102012,0.579945114934,0.437917739848,2,1.32432432432,0.579945114934,2,0.015713516503,0.012912482066,6,0.000772200772201,0.262801529939,37,37,37,1,0,0.72972972973,0.189189189189,0.0810810810811,-83,-0.0623123123123,0,-4.48648648649,-8.3,-2.08823529412,-2.56765046037,0.0810841461653,0.0630348393506,-3.74459222554,0.0624690796826,0.0219731009205,-1.08046023748,0.0294006275628,0.059785349259,0,0,0,0,0,0,0.00354339033286,0.00693978582026,-1,-0.0001287001287,-0.358395051258,0,-0.0540540540541,0.0540540540541,132,1,84,1115,0.611111111111,0.999103942652,0.00089605734767,0.388888888889,0.992481203008,0.611111111111,0.756446991404,0.750250818942,0.610215053763,0.608294930876,25,108,0,0,0,0
2235,WLNM_dir_neg,0.991169410151,0.888547710272,00:00:03,10,50,49,1235135473,threshold_sweep,0.3,0.96,0.222222222222,0.360902255639,24,1,84,215,0.222222222222,0.99537037037,0.00462962962963,0.777777777778,0.96,0.222222222222,0.360902255639,0.737654320988,0.640946502058,0.269340974212,0.384394585451,0.217592592593,216,108,108,0,216,0,108,0,108,37,216,0.162162162162,1.32432432432,11.6756756757,21.6,6,8.1990990496,0.702237650082,0.31006006006,10.329336629,1.76937710775,0.765265265265,3.0868314707,0.528762798222,0.252752752753,0.579945114934,0.437917739848,2,1.32432432432,0.579945114934,2,0.0121701261701,0.00597269624573,7,0.000900900900901,0.621196581197,37,37,37,1,0,0.72972972973,0.243243243243,0.027027027027,37,0.0810810810811,1.31756756757,5.83783783784,10.8,3.27272727273,4.47532440484,0.766606495273,0.366616616617,5.4435404042,1.86491661996,0.795295295295,1.83148965445,0.627454789024,0.346346346346,0.561027853366,0.425805755375,2,1.31756756757,0.561027853366,2,0,0,0,0,0.189241301649,37,37,37,1,0,0.72972972973,0.162162162162,0.108108108108,37,133,0.0998498498498,1.32432432432,7.18918918919,13.3,3.91176470588,5.63144858924,0.783321796247,0.373094899411,6.58474440346,1.83184618743,0.787238366186,2.00637123323,0.558163425785,0.312538102012,0.579945114934,0.437917739848,2,1.32432432432,0.579945114934,2,0.015713516503,0.012912482066,6,0.000772200772201,0.262801529939,37,37,37,1,0,0.72972972973,0.189189189189,0.0810810810811,-83,-0.0623123123123,0,-4.48648648649,-8.3,-2.08823529412,-2.56765046037,0.0810841461653,0.0630348393506,-3.74459222554,0.0624690796826,0.0219731009205,-1.08046023748,0.0294006275628,0.059785349259,0,0,0,0,0,0,0.00354339033286,0.00693978582026,-1,-0.0001287001287,-0.358395051258,0,-0.0540540540541,0.0540540540541,132,1,84,1115,0.611111111111,0.999103942652,0.00089605734767,0.388888888889,0.992481203008,0.611111111111,0.756446991404,0.750250818942,0.610215053763,0.608294930876,25,108,0,0,0,0
2236,WLNM_dir_neg,0.991169410151,0.888547710272,00:00:03,10,50,49,1235135473,threshold_sweep,0.4,0.96,0.222222222222,0.360902255639,24,1,84,215,0.222222222222,0.99537037037,0.00462962962963,0.777777777778,0.96,0.222222222222,0.360902255639,0.737654320988,0.640946502058,0.269340974212,0.384394585451,0.217592592593,216,108,108,0,216,0,108,0,108,37,216,0.162162162162,1.32432432432,11.6756756757,21.6,6,8.1990990496,0.702237650082,0.31006006006,10.329336629,1.76937710775,0.765265265265,3.0868314707,0.528762798222,0.252752752753,0.579945114934,0.437917739848,2,1.32432432432,0.579945114934,2,0.0121701261701,0.00597269624573,7,0.000900900900901,0.621196581197,37,37,37,1,0,0.72972972973,0.243243243243,0.027027027027,37,0.0810810810811,1.31756756757,5.83783783784,10.8,3.27272727273,4.47532440484,0.766606495273,0.366616616617,5.4435404042,1.86491661996,0.795295295295,1.83148965445,0.627454789024,0.346346346346,0.561027853366,0.425805755375,2,1.31756756757,0.561027853366,2,0,0,0,0,0.189241301649,37,37,37,1,0,0.72972972973,0.162162162162,0.108108108108,37,133,0.0998498498498,1.32432432432,7.18918918919,13.3,3.91176470588,5.63144858924,0.783321796247,0.373094899411,6.58474440346,1.83184618743,0.787238366186,2.00637123323,0.558163425785,0.312538102012,0.579945114934,0.437917739848,2,1.32432432432,0.579945114934,2,0.015713516503,0.012912482066,6,0.000772200772201,0.262801529939,37,37,37,1,0,0.72972972973,0.189189189189,0.0810810810811,-83,-0.0623123123123,0,-4.48648648649,-8.3,-2.08823529412,-2.56765046037,0.0810841461653,0.0630348393506,-3.74459222554,0.0624690796826,0.0219731009205,-1.08046023748,0.0294006275628,0.059785349259,0,0,0,0,0,0,0.00354339033286,0.00693978582026,-1,-0.0001287001287,-0.358395051258,0,-0.0540540540541,0.0540540540541,132,1,84,1115,0.611111111111,0.999103942652,0.00089605734767,0.388888888889,0.992481203008,0.611111111111,0.756446991404,0.750250818942,0.610215053763,0.608294930876,25,108,0,0,0,0
2237,WLNM_dir_neg,0.991169410151,0.888547710272,00:00:03,10,50,49,1235135473,threshold_sweep,0.5,0.96,0.222222222222,0.360902255639,24,1,84,215,0.222222222222,0.99537037037,0.00462962962963,0.777777777778,0.96,0.222222222222,0.360902255639,0.737654320988,0.640946502058,0.269340974212,0.384394585451,0.217592592593,216,108,108,0,216,0,108,0,108,37,216,0.162162162162,1.32432432432,11.6756756757,21.6,6,8.1990990496,0.702237650082,0.31006006006,10.329336629,1.76937710775,0.765265265265,3.0868314707,0.528762798222,0.252752752753,0.579945114934,0.437917739848,2,1.32432432432,0.579945114934,2,0.0121701261701,0.00597269624573,7,0.000900900900901,0.621196581197,37,37,37,1,0,0.72972972973,0.243243243243,0.027027027027,37,0.0810810810811,1.31756756757,5.83783783784,10.8,3.27272727273,4.47532440484,0.766606495273,0.366616616617,5.4435404042,1.86491661996,0.795295295295,1.83148965445,0.627454789024,0.346346346346,0.561027853366,0.425805755375,2,1.31756756757,0.561027853366,2,0,0,0,0,0.189241301649,37,37,37,1,0,0.72972972973,0.162162162162,0.108108108108,37,133,0.0998498498498,1.32432432432,7.18918918919,13.3,3.91176470588,5.63144858924,0.783321796247,0.373094899411,6.58474440346,1.83184618743,0.787238366186,2.00637123323,0.558163425785,0.312538102012,0.579945114934,0.437917739848,2,1.32432432432,0.579945114934,2,0.015713516503,0.012912482066,6,0.000772200772201,0.262801529939,37,37,37,1,0,0.72972972973,0.189189189189,0.0810810810811,-83,-0.0623123123123,0,-4.48648648649,-8.3,-2.08823529412,-2.56765046037,0.0810841461653,0.0630348393506,-3.74459222554,0.0624690796826,0.0219731009205,-1.08046023748,0.0294006275628,0.059785349259,0,0,0,0,0,0,0.00354339033286,0.00693978582026,-1,-0.0001287001287,-0.358395051258,0,-0.0540540540541,0.0540540540541,132,1,84,1115,0.611111111111,0.999103942652,0.00089605734767,0.388888888889,0.992481203008,0.611111111111,0.756446991404,0.750250818942,0.610215053763,0.608294930876,25,108,0,0,0,0
2238,WLNM_dir_neg,0.991169410151,0.888547710272,00:00:03,10,50,49,1235135473,threshold_sweep,0.6,0.96,0.222222222222,0.360902255639,24,1,84,215,0.222222222222,0.99537037037,0.00462962962963,0.777777777778,0.96,0.222222222222,0.360902255639,0.737654320988,0.640946502058,0.269340974212,0.384394585451,0.217592592593,216,108,108,0,216,0,108,0,108,37,216,0.162162162162,1.32432432432,11.6756756757,21.6,6,8.1990990496,0.702237650082,0.31006006006,10.329336629,1.76937710775,0.765265265265,3.0868314707,0.528762798222,0.252752752753,0.579945114934,0.437917739848,2,1.32432432432,0.579945114934,2,0.0121701261701,0.00597269624573,7,0.000900900900901,0.621196581197,37,37,37,1,0,0.72972972973,0.243243243243,0.027027027027,37,0.0810810810811,1.31756756757,5.83783783784,10.8,3.27272727273,4.47532440484,0.766606495273,0.366616616617,5.4435404042,1.86491661996,0.795295295295,1.83148965445,0.627454789024,0.346346346346,0.561027853366,0.425805755375,2,1.31756756757,0.561027853366,2,0,0,0,0,0.189241301649,37,37,37,1,0,0.72972972973,0.162162162162,0.108108108108,37,133,0.0998498498498,1.32432432432,7.18918918919,13.3,3.91176470588,5.63144858924,0.783321796247,0.373094899411,6.58474440346,1.83184618743,0.787238366186,2.00637123323,0.558163425785,0.312538102012,0.579945114934,0.437917739848,2,1.32432432432,0.579945114934,2,0.015713516503,0.012912482066,6,0.000772200772201,0.262801529939,37,37,37,1,0,0.72972972973,0.189189189189,0.0810810810811,-83,-0.0623123123123,0,-4.48648648649,-8.3,-2.08823529412,-2.56765046037,0.0810841461653,0.0630348393506,-3.74459222554,0.0624690796826,0.0219731009205,-1.08046023748,0.0294006275628,0.059785349259,0,0,0,0,0,0,0.00354339033286,0.00693978582026,-1,-0.0001287001287,-0.358395051258,0,-0.0540540540541,0.0540540540541,132,1,84,1115,0.611111111111,0.999103942652,0.00089605734767,0.388888888889,0.992481203008,0.611111111111,0.756446991404,0.750250818942,0.610215053763,0.608294930876,25,108,0,0,0,0
2239,WLNM_dir_neg,0.991169410151,0.888547710272,00:00:03,10,50,49,1235135473,threshold_sweep,0.7,0.96,0.222222222222,0.360902255639,24,1,84,215,0.222222222222,0.99537037037,0.00462962962963,0.777777777778,0.96,0.222222222222,0.360902255639,0.737654320988,0.640946502058,0.269340974212,0.384394585451,0.217592592593,216,108,108,0,216,0,108,0,108,37,216,0.162162162162,1.32432432432,11.6756756757,21.6,6,8.1990990496,0.702237650082,0.31006006006,10.329336629,1.76937710775,0.765265265265,3.0868314707,0.528762798222,0.252752752753,0.579945114934,0.437917739848,2,1.32432432432,0.579945114934,2,0.0121701261701,0.00597269624573,7,0.000900900900901,0.621196581197,37,37,37,1,0,0.72972972973,0.243243243243,0.027027027027,37,0.0810810810811,1.31756756757,5.83783783784,10.8,3.27272727273,4.47532440484,0.766606495273,0.366616616617,5.4435404042,1.86491661996,0.795295295295,1.83148965445,0.627454789024,0.346346346346,0.561027853366,0.425805755375,2,1.31756756757,0.561027853366,2,0,0,0,0,0.189241301649,37,37,37,1,0,0.72972972973,0.162162162162,0.108108108108,37,133,0.0998498498498,1.32432432432,7.18918918919,13.3,3.91176470588,5.63144858924,0.783321796247,0.373094899411,6.58474440346,1.83184618743,0.787238366186,2.00637123323,0.558163425785,0.312538102012,0.579945114934,0.437917739848,2,1.32432432432,0.579945114934,2,0.015713516503,0.012912482066,6,0.000772200772201,0.262801529939,37,37,37,1,0,0.72972972973,0.189189189189,0.0810810810811,-83,-0.0623123123123,0,-4.48648648649,-8.3,-2.08823529412,-2.56765046037,0.0810841461653,0.0630348393506,-3.74459222554,0.0624690796826,0.0219731009205,-1.08046023748,0.0294006275628,0.059785349259,0,0,0,0,0,0,0.00354339033286,0.00693978582026,-1,-0.0001287001287,-0.358395051258,0,-0.0540540540541,0.0540540540541,132,1,84,1115,0.611111111111,0.999103942652,0.00089605734767,0.388888888889,0.992481203008,0.611111111111,0.756446991404,0.750250818942,0.610215053763,0.608294930876,25,108,0,0,0,0
2240,WLNM_dir_neg,0.991169410151,0.888547710272,00:00:03,10,50,49,1235135473,threshold_sweep,0.8,0.96,0.222222222222,0.360902255639,24,1,84,215,0.222222222222,0.99537037037,0.00462962962963,0.777777777778,0.96,0.222222222222,0.360902255639,0.737654320988,0.640946502058,0.269340974212,0.384394585451,0.217592592593,216,108,108,0,216,0,108,0,108,37,216,0.162162162162,1.32432432432,11.6756756757,21.6,6,8.1990990496,0.702237650082,0.31006006006,10.329336629,1.76937710775,0.765265265265,3.0868314707,0.528762798222,0.252752752753,0.579945114934,0.437917739848,2,1.32432432432,0.579945114934,2,0.0121701261701,0.00597269624573,7,0.000900900900901,0.621196581197,37,37,37,1,0,0.72972972973,0.243243243243,0.027027027027,37,0.0810810810811,1.31756756757,5.83783783784,10.8,3.27272727273,4.47532440484,0.766606495273,0.366616616617,5.4435404042,1.86491661996,0.795295295295,1.83148965445,0.627454789024,0.346346346346,0.561027853366,0.425805755375,2,1.31756756757,0.561027853366,2,0,0,0,0,0.189241301649,37,37,37,1,0,0.72972972973,0.162162162162,0.108108108108,37,133,0.0998498498498,1.32432432432,7.18918918919,13.3,3.91176470588,5.63144858924,0.783321796247,0.373094899411,6.58474440346,1.83184618743,0.787238366186,2.00637123323,0.558163425785,0.312538102012,0.579945114934,0.437917739848,2,1.32432432432,0.579945114934,2,0.015713516503,0.012912482066,6,0.000772200772201,0.262801529939,37,37,37,1,0,0.72972972973,0.189189189189,0.0810810810811,-83,-0.0623123123123,0,-4.48648648649,-8.3,-2.08823529412,-2.56765046037,0.0810841461653,0.0630348393506,-3.74459222554,0.0624690796826,0.0219731009205,-1.08046023748,0.0294006275628,0.059785349259,0,0,0,0,0,0,0.00354339033286,0.00693978582026,-1,-0.0001287001287,-0.358395051258,0,-0.0540540540541,0.0540540540541,132,1,84,1115,0.611111111111,0.999103942652,0.00089605734767,0.388888888889,0.992481203008,0.611111111111,0.756446991404,0.750250818942,0.610215053763,0.608294930876,25,108,0,0,0,0
2241,WLNM_dir_neg,0.991169410151,0.888547710272,00:00:03,10,50,49,1235135473,threshold_sweep,0.9,0.96,0.222222222222,0.360902255639,24,1,84,215,0.222222222222,0.99537037037,0.00462962962963,0.777777777778,0.96,0.222222222222,0.360902255639,0.737654320988,0.640946502058,0.269340974212,0.384394585451,0.217592592593,216,108,108,0,216,0,108,0,108,37,216,0.162162162162,1.32432432432,11.6756756757,21.6,6,8.1990990496,0.702237650082,0.31006006006,10.329336629,1.76937710775,0.765265265265,3.0868314707,0.528762798222,0.252752752753,0.579945114934,0.437917739848,2,1.32432432432,0.579945114934,2,0.0121701261701,0.00597269624573,7,0.000900900900901,0.621196581197,37,37,37,1,0,0.72972972973,0.243243243243,0.027027027027,37,0.0810810810811,1.31756756757,5.83783783784,10.8,3.27272727273,4.47532440484,0.766606495273,0.366616616617,5.4435404042,1.86491661996,0.795295295295,1.83148965445,0.627454789024,0.346346346346,0.561027853366,0.425805755375,2,1.31756756757,0.561027853366,2,0,0,0,0,0.189241301649,37,37,37,1,0,0.72972972973,0.162162162162,0.108108108108,37,133,0.0998498498498,1.32432432432,7.18918918919,13.3,3.91176470588,5.63144858924,0.783321796247,0.373094899411,6.58474440346,1.83184618743,0.787238366186,2.00637123323,0.558163425785,0.312538102012,0.579945114934,0.437917739848,2,1.32432432432,0.579945114934,2,0.015713516503,0.012912482066,6,0.000772200772201,0.262801529939,37,37,37,1,0,0.72972972973,0.189189189189,0.0810810810811,-83,-0.0623123123123,0,-4.48648648649,-8.3,-2.08823529412,-2.56765046037,0.0810841461653,0.0630348393506,-3.74459222554,0.0624690796826,0.0219731009205,-1.08046023748,0.0294006275628,0.059785349259,0,0,0,0,0,0,0.00354339033286,0.00693978582026,-1,-0.0001287001287,-0.358395051258,0,-0.0540540540541,0.0540540540541,132,1,84,1115,0.611111111111,0.999103942652,0.00089605734767,0.388888888889,0.992481203008,0.611111111111,0.756446991404,0.750250818942,0.610215053763,0.608294930876,25,108,0,0,0,0
2242,WLNM_dir_neg,0.995606138546,0.882983789942,00:00:04,10,50,50,1235135474,threshold_sweep,0.1,1,0.0462962962963,0.0884955752212,5,0,103,216,0.0462962962963,1,0,0.953703703704,1,0.0462962962963,0.0884955752212,0.682098765432,0.661522633745,0.0607902735562,0.177053557949,0.0462962962963,216,108,108,0,216,0,108,0,108,37,216,0.162162162162,1.32432432432,11.6756756757,21.6,6,8.1990990496,0.702237650082,0.31006006006,10.329336629,1.76937710775,0.765265265265,3.0868314707,0.528762798222,0.252752752753,0.579945114934,0.437917739848,2,1.32432432432,0.579945114934,2,0.0121701261701,0.00597269624573,7,0.000900900900901,0.621196581197,37,37,37,1,0,0.72972972973,0.243243243243,0.027027027027,37,0.0810810810811,1.31756756757,5.83783783784,10.8,3.27272727273,4.37488738594,0.749402005925,0.375875875876,5.31443724615,1.82068683433,0.784784784785,1.93474629945,0.662829750738,0.372372372372,0.561027853366,0.425805755375,2,1.31756756757,0.561027853366,2,0,0,0,0,0.203830499462,37,37,37,1,0,0.72972972973,0.162162162162,0.108108108108,37,113,0.0848348348348,1.32046332046,6.10810810811,11.3,3.42424242424,4.5994189475,0.753002217069,0.381248505142,5.3745591341,1.75981139789,0.773020808419,1.8249192668,0.597539936916,0.331977995695,0.56884874529,0.430794810029,2,1.32046332046,0.56884874529,2,0,0,0,0,0.219703515335,37,37,37,1,0,0.72972972973,0.162162162162,0.108108108108,-103,-0.0773273273273,-0.003861003861,-5.56756756757,-10.3,-2.57575757576,-3.5996801021,0.0507645669873,0.0711884450823,-4.9547774949,-0.00956570985575,0.00775554315377,-1.26191220391,0.0687771386937,0.0792252429421,-0.0110963696449,-0.00712292981926,0,-0.003861003861,-0.0110963696449,0,-0.0121701261701,-0.00597269624573,-7,-0.000900900900901,-0.401493065862,0,-0.0810810810811,0.0810810810811,113,0,103,1116,0.523148148148,1,0,0.476851851852,1,0.523148148148,0.686930091185,0.692058155085,0.523148148148,0.523148148148,5,108,0,0,0,0
2243,WLNM_dir_neg,0.995606138546,0.882983789942,00:00:04,10,50,50,1235135474,threshold_sweep,0.2,1,0.0462962962963,0.0884955752212,5,0,103,216,0.0462962962963,1,0,0.953703703704,1,0.0462962962963,0.0884955752212,0.682098765432,0.661522633745,0.0607902735562,0.177053557949,0.0462962962963,216,108,108,0,216,0,108,0,108,37,216,0.162162162162,1.32432432432,11.6756756757,21.6,6,8.1990990496,0.702237650082,0.31006006006,10.329336629,1.76937710775,0.765265265265,3.0868314707,0.528762798222,0.252752752753,0.579945114934,0.437917739848,2,1.32432432432,0.579945114934,2,0.0121701261701,0.00597269624573,7,0.000900900900901,0.621196581197,37,37,37,1,0,0.72972972973,0.243243243243,0.027027027027,37,0.0810810810811,1.31756756757,5.83783783784,10.8,3.27272727273,4.37488738594,0.749402005925,0.375875875876,5.31443724615,1.82068683433,0.784784784785,1.93474629945,0.662829750738,0.372372372372,0.561027853366,0.425805755375,2,1.31756756757,0.561027853366,2,0,0,0,0,0.203830499462,37,37,37,1,0,0.72972972973,0.162162162162,0.108108108108,37,113,0.0848348348348,1.32046332046,6.10810810811,11.3,3.42424242424,4.5994189475,0.753002217069,0.381248505142,5.3745591341,1.75981139789,0.773020808419,1.8249192668,0.597539936916,0.331977995695,0.56884874529,0.430794810029,2,1.32046332046,0.56884874529,2,0,0,0,0,0.219703515335,37,37,37,1,0,0.72972972973,0.162162162162,0.108108108108,-103,-0.0773273273273,-0.003861003861,-5.56756756757,-10.3,-2.57575757576,-3.5996801021,0.0507645669873,0.0711884450823,-4.9547774949,-0.00956570985575,0.00775554315377,-1.26191220391,0.0687771386937,0.0792252429421,-0.0110963696449,-0.00712292981926,0,-0.003861003861,-0.0110963696449,0,-0.0121701261701,-0.00597269624573,-7,-0.000900900900901,-0.401493065862,0,-0.0810810810811,0.0810810810811,113,0,103,1116,0.523148148148,1,0,0.476851851852,1,0.523148148148,0.686930091185,0.692058155085,0.523148148148,0.523148148148,5,108,0,0,0,0
2244,WLNM_dir_neg,0.995606138546,0.882983789942,00:00:04,10,50,50,1235135474,threshold_sweep,0.3,1,0.0462962962963,0.0884955752212,5,0,103,216,0.0462962962963,1,0,0.953703703704,1,0.0462962962963,0.0884955752212,0.682098765432,0.661522633745,0.0607902735562,0.177053557949,0.0462962962963,216,108,108,0,216,0,108,0,108,37,216,0.162162162162,1.32432432432,11.6756756757,21.6,6,8.1990990496,0.702237650082,0.31006006006,10.329336629,1.76937710775,0.765265265265,3.0868314707,0.528762798222,0.252752752753,0.579945114934,0.437917739848,2,1.32432432432,0.579945114934,2,0.0121701261701,0.00597269624573,7,0.000900900900901,0.621196581197,37,37,37,1,0,0.72972972973,0.243243243243,0.027027027027,37,0.0810810810811,1.31756756757,5.83783783784,10.8,3.27272727273,4.37488738594,0.749402005925,0.375875875876,5.31443724615,1.82068683433,0.784784784785,1.93474629945,0.662829750738,0.372372372372,0.561027853366,0.425805755375,2,1.31756756757,0.561027853366,2,0,0,0,0,0.203830499462,37,37,37,1,0,0.72972972973,0.162162162162,0.108108108108,37,113,0.0848348348348,1.32046332046,6.10810810811,11.3,3.42424242424,4.5994189475,0.753002217069,0.381248505142,5.3745591341,1.75981139789,0.773020808419,1.8249192668,0.597539936916,0.331977995695,0.56884874529,0.430794810029,2,1.32046332046,0.56884874529,2,0,0,0,0,0.219703515335,37,37,37,1,0,0.72972972973,0.162162162162,0.108108108108,-103,-0.0773273273273,-0.003861003861,-5.56756756757,-10.3,-2.57575757576,-3.5996801021,0.0507645669873,0.0711884450823,-4.9547774949,-0.00956570985575,0.00775554315377,-1.26191220391,0.0687771386937,0.0792252429421,-0.0110963696449,-0.00712292981926,0,-0.003861003861,-0.0110963696449,0,-0.0121701261701,-0.00597269624573,-7,-0.000900900900901,-0.401493065862,0,-0.0810810810811,0.0810810810811,113,0,103,1116,0.523148148148,1,0,0.476851851852,1,0.523148148148,0.686930091185,0.692058155085,0.523148148148,0.523148148148,5,108,0,0,0,0
2245,WLNM_dir_neg,0.995606138546,0.882983789942,00:00:04,10,50,50,1235135474,threshold_sweep,0.4,1,0.0462962962963,0.0884955752212,5,0,103,216,0.0462962962963,1,0,0.953703703704,1,0.0462962962963,0.0884955752212,0.682098765432,0.661522633745,0.0607902735562,0.177053557949,0.0462962962963,216,108,108,0,216,0,108,0,108,37,216,0.162162162162,1.32432432432,11.6756756757,21.6,6,8.1990990496,0.702237650082,0.31006006006,10.329336629,1.76937710775,0.765265265265,3.0868314707,0.528762798222,0.252752752753,0.579945114934,0.437917739848,2,1.32432432432,0.579945114934,2,0.0121701261701,0.00597269624573,7,0.000900900900901,0.621196581197,37,37,37,1,0,0.72972972973,0.243243243243,0.027027027027,37,0.0810810810811,1.31756756757,5.83783783784,10.8,3.27272727273,4.37488738594,0.749402005925,0.375875875876,5.31443724615,1.82068683433,0.784784784785,1.93474629945,0.662829750738,0.372372372372,0.561027853366,0.425805755375,2,1.31756756757,0.561027853366,2,0,0,0,0,0.203830499462,37,37,37,1,0,0.72972972973,0.162162162162,0.108108108108,37,113,0.0848348348348,1.32046332046,6.10810810811,11.3,3.42424242424,4.5994189475,0.753002217069,0.381248505142,5.3745591341,1.75981139789,0.773020808419,1.8249192668,0.597539936916,0.331977995695,0.56884874529,0.430794810029,2,1.32046332046,0.56884874529,2,0,0,0,0,0.219703515335,37,37,37,1,0,0.72972972973,0.162162162162,0.108108108108,-103,-0.0773273273273,-0.003861003861,-5.56756756757,-10.3,-2.57575757576,-3.5996801021,0.0507645669873,0.0711884450823,-4.9547774949,-0.00956570985575,0.00775554315377,-1.26191220391,0.0687771386937,0.0792252429421,-0.0110963696449,-0.00712292981926,0,-0.003861003861,-0.0110963696449,0,-0.0121701261701,-0.00597269624573,-7,-0.000900900900901,-0.401493065862,0,-0.0810810810811,0.0810810810811,113,0,103,1116,0.523148148148,1,0,0.476851851852,1,0.523148148148,0.686930091185,0.692058155085,0.523148148148,0.523148148148,5,108,0,0,0,0
2246,WLNM_dir_neg,0.995606138546,0.882983789942,00:00:04,10,50,50,1235135474,threshold_sweep,0.5,1,0.0462962962963,0.0884955752212,5,0,103,216,0.0462962962963,1,0,0.953703703704,1,0.0462962962963,0.0884955752212,0.682098765432,0.661522633745,0.0607902735562,0.177053557949,0.0462962962963,216,108,108,0,216,0,108,0,108,37,216,0.162162162162,1.32432432432,11.6756756757,21.6,6,8.1990990496,0.702237650082,0.31006006006,10.329336629,1.76937710775,0.765265265265,3.0868314707,0.528762798222,0.252752752753,0.579945114934,0.437917739848,2,1.32432432432,0.579945114934,2,0.0121701261701,0.00597269624573,7,0.000900900900901,0.621196581197,37,37,37,1,0,0.72972972973,0.243243243243,0.027027027027,37,0.0810810810811,1.31756756757,5.83783783784,10.8,3.27272727273,4.37488738594,0.749402005925,0.375875875876,5.31443724615,1.82068683433,0.784784784785,1.93474629945,0.662829750738,0.372372372372,0.561027853366,0.425805755375,2,1.31756756757,0.561027853366,2,0,0,0,0,0.203830499462,37,37,37,1,0,0.72972972973,0.162162162162,0.108108108108,37,113,0.0848348348348,1.32046332046,6.10810810811,11.3,3.42424242424,4.5994189475,0.753002217069,0.381248505142,5.3745591341,1.75981139789,0.773020808419,1.8249192668,0.597539936916,0.331977995695,0.56884874529,0.430794810029,2,1.32046332046,0.56884874529,2,0,0,0,0,0.219703515335,37,37,37,1,0,0.72972972973,0.162162162162,0.108108108108,-103,-0.0773273273273,-0.003861003861,-5.56756756757,-10.3,-2.57575757576,-3.5996801021,0.0507645669873,0.0711884450823,-4.9547774949,-0.00956570985575,0.00775554315377,-1.26191220391,0.0687771386937,0.0792252429421,-0.0110963696449,-0.00712292981926,0,-0.003861003861,-0.0110963696449,0,-0.0121701261701,-0.00597269624573,-7,-0.000900900900901,-0.401493065862,0,-0.0810810810811,0.0810810810811,113,0,103,1116,0.523148148148,1,0,0.476851851852,1,0.523148148148,0.686930091185,0.692058155085,0.523148148148,0.523148148148,5,108,0,0,0,0
2247,WLNM_dir_neg,0.995606138546,0.882983789942,00:00:04,10,50,50,1235135474,threshold_sweep,0.6,1,0.0462962962963,0.0884955752212,5,0,103,216,0.0462962962963,1,0,0.953703703704,1,0.0462962962963,0.0884955752212,0.682098765432,0.661522633745,0.0607902735562,0.177053557949,0.0462962962963,216,108,108,0,216,0,108,0,108,37,216,0.162162162162,1.32432432432,11.6756756757,21.6,6,8.1990990496,0.702237650082,0.31006006006,10.329336629,1.76937710775,0.765265265265,3.0868314707,0.528762798222,0.252752752753,0.579945114934,0.437917739848,2,1.32432432432,0.579945114934,2,0.0121701261701,0.00597269624573,7,0.000900900900901,0.621196581197,37,37,37,1,0,0.72972972973,0.243243243243,0.027027027027,37,0.0810810810811,1.31756756757,5.83783783784,10.8,3.27272727273,4.37488738594,0.749402005925,0.375875875876,5.31443724615,1.82068683433,0.784784784785,1.93474629945,0.662829750738,0.372372372372,0.561027853366,0.425805755375,2,1.31756756757,0.561027853366,2,0,0,0,0,0.203830499462,37,37,37,1,0,0.72972972973,0.162162162162,0.108108108108,37,113,0.0848348348348,1.32046332046,6.10810810811,11.3,3.42424242424,4.5994189475,0.753002217069,0.381248505142,5.3745591341,1.75981139789,0.773020808419,1.8249192668,0.597539936916,0.331977995695,0.56884874529,0.430794810029,2,1.32046332046,0.56884874529,2,0,0,0,0,0.219703515335,37,37,37,1,0,0.72972972973,0.162162162162,0.108108108108,-103,-0.0773273273273,-0.003861003861,-5.56756756757,-10.3,-2.57575757576,-3.5996801021,0.0507645669873,0.0711884450823,-4.9547774949,-0.00956570985575,0.00775554315377,-1.26191220391,0.0687771386937,0.0792252429421,-0.0110963696449,-0.00712292981926,0,-0.003861003861,-0.0110963696449,0,-0.0121701261701,-0.00597269624573,-7,-0.000900900900901,-0.401493065862,0,-0.0810810810811,0.0810810810811,113,0,103,1116,0.523148148148,1,0,0.476851851852,1,0.523148148148,0.686930091185,0.692058155085,0.523148148148,0.523148148148,5,108,0,0,0,0
2248,WLNM_dir_neg,0.995606138546,0.882983789942,00:00:04,10,50,50,1235135474,threshold_sweep,0.7,1,0.0462962962963,0.0884955752212,5,0,103,216,0.0462962962963,1,0,0.953703703704,1,0.0462962962963,0.0884955752212,0.682098765432,0.661522633745,0.0607902735562,0.177053557949,0.0462962962963,216,108,108,0,216,0,108,0,108,37,216,0.162162162162,1.32432432432,11.6756756757,21.6,6,8.1990990496,0.702237650082,0.31006006006,10.329336629,1.76937710775,0.765265265265,3.0868314707,0.528762798222,0.252752752753,0.579945114934,0.437917739848,2,1.32432432432,0.579945114934,2,0.0121701261701,0.00597269624573,7,0.000900900900901,0.621196581197,37,37,37,1,0,0.72972972973,0.243243243243,0.027027027027,37,0.0810810810811,1.31756756757,5.83783783784,10.8,3.27272727273,4.37488738594,0.749402005925,0.375875875876,5.31443724615,1.82068683433,0.784784784785,1.93474629945,0.662829750738,0.372372372372,0.561027853366,0.425805755375,2,1.31756756757,0.561027853366,2,0,0,0,0,0.203830499462,37,37,37,1,0,0.72972972973,0.162162162162,0.108108108108,37,113,0.0848348348348,1.32046332046,6.10810810811,11.3,3.42424242424,4.5994189475,0.753002217069,0.381248505142,5.3745591341,1.75981139789,0.773020808419,1.8249192668,0.597539936916,0.331977995695,0.56884874529,0.430794810029,2,1.32046332046,0.56884874529,2,0,0,0,0,0.219703515335,37,37,37,1,0,0.72972972973,0.162162162162,0.108108108108,-103,-0.0773273273273,-0.003861003861,-5.56756756757,-10.3,-2.57575757576,-3.5996801021,0.0507645669873,0.0711884450823,-4.9547774949,-0.00956570985575,0.00775554315377,-1.26191220391,0.0687771386937,0.0792252429421,-0.0110963696449,-0.00712292981926,0,-0.003861003861,-0.0110963696449,0,-0.0121701261701,-0.00597269624573,-7,-0.000900900900901,-0.401493065862,0,-0.0810810810811,0.0810810810811,113,0,103,1116,0.523148148148,1,0,0.476851851852,1,0.523148148148,0.686930091185,0.692058155085,0.523148148148,0.523148148148,5,108,0,0,0,0
2249,WLNM_dir_neg,0.995606138546,0.882983789942,00:00:04,10,50,50,1235135474,threshold_sweep,0.8,1,0.0462962962963,0.0884955752212,5,0,103,216,0.0462962962963,1,0,0.953703703704,1,0.0462962962963,0.0884955752212,0.682098765432,0.661522633745,0.0607902735562,0.177053557949,0.0462962962963,216,108,108,0,216,0,108,0,108,37,216,0.162162162162,1.32432432432,11.6756756757,21.6,6,8.1990990496,0.702237650082,0.31006006006,10.329336629,1.76937710775,0.765265265265,3.0868314707,0.528762798222,0.252752752753,0.579945114934,0.437917739848,2,1.32432432432,0.579945114934,2,0.0121701261701,0.00597269624573,7,0.000900900900901,0.621196581197,37,37,37,1,0,0.72972972973,0.243243243243,0.027027027027,37,0.0810810810811,1.31756756757,5.83783783784,10.8,3.27272727273,4.37488738594,0.749402005925,0.375875875876,5.31443724615,1.82068683433,0.784784784785,1.93474629945,0.662829750738,0.372372372372,0.561027853366,0.425805755375,2,1.31756756757,0.561027853366,2,0,0,0,0,0.203830499462,37,37,37,1,0,0.72972972973,0.162162162162,0.108108108108,37,113,0.0848348348348,1.32046332046,6.10810810811,11.3,3.42424242424,4.5994189475,0.753002217069,0.381248505142,5.3745591341,1.75981139789,0.773020808419,1.8249192668,0.597539936916,0.331977995695,0.56884874529,0.430794810029,2,1.32046332046,0.56884874529,2,0,0,0,0,0.219703515335,37,37,37,1,0,0.72972972973,0.162162162162,0.108108108108,-103,-0.0773273273273,-0.003861003861,-5.56756756757,-10.3,-2.57575757576,-3.5996801021,0.0507645669873,0.0711884450823,-4.9547774949,-0.00956570985575,0.00775554315377,-1.26191220391,0.0687771386937,0.0792252429421,-0.0110963696449,-0.00712292981926,0,-0.003861003861,-0.0110963696449,0,-0.0121701261701,-0.00597269624573,-7,-0.000900900900901,-0.401493065862,0,-0.0810810810811,0.0810810810811,113,0,103,1116,0.523148148148,1,0,0.476851851852,1,0.523148148148,0.686930091185,0.692058155085,0.523148148148,0.523148148148,5,108,0,0,0,0
2250,WLNM_dir_neg,0.995606138546,0.882983789942,00:00:04,10,50,50,1235135474,threshold_sweep,0.9,1,0.0462962962963,0.0884955752212,5,0,103,216,0.0462962962963,1,0,0.953703703704,1,0.0462962962963,0.0884955752212,0.682098765432,0.661522633745,0.0607902735562,0.177053557949,0.0462962962963,216,108,108,0,216,0,108,0,108,37,216,0.162162162162,1.32432432432,11.6756756757,21.6,6,8.1990990496,0.702237650082,0.31006006006,10.329336629,1.76937710775,0.765265265265,3.0868314707,0.528762798222,0.252752752753,0.579945114934,0.437917739848,2,1.32432432432,0.579945114934,2,0.0121701261701,0.00597269624573,7,0.000900900900901,0.621196581197,37,37,37,1,0,0.72972972973,0.243243243243,0.027027027027,37,0.0810810810811,1.31756756757,5.83783783784,10.8,3.27272727273,4.37488738594,0.749402005925,0.375875875876,5.31443724615,1.82068683433,0.784784784785,1.93474629945,0.662829750738,0.372372372372,0.561027853366,0.425805755375,2,1.31756756757,0.561027853366,2,0,0,0,0,0.203830499462,37,37,37,1,0,0.72972972973,0.162162162162,0.108108108108,37,113,0.0848348348348,1.32046332046,6.10810810811,11.3,3.42424242424,4.5994189475,0.753002217069,0.381248505142,5.3745591341,1.75981139789,0.773020808419,1.8249192668,0.597539936916,0.331977995695,0.56884874529,0.430794810029,2,1.32046332046,0.56884874529,2,0,0,0,0,0.219703515335,37,37,37,1,0,0.72972972973,0.162162162162,0.108108108108,-103,-0.0773273273273,-0.003861003861,-5.56756756757,-10.3,-2.57575757576,-3.5996801021,0.0507645669873,0.0711884450823,-4.9547774949,-0.00956570985575,0.00775554315377,-1.26191220391,0.0687771386937,0.0792252429421,-0.0110963696449,-0.00712292981926,0,-0.003861003861,-0.0110963696449,0,-0.0121701261701,-0.00597269624573,-7,-0.000900900900901,-0.401493065862,0,-0.0810810810811,0.0810810810811,113,0,103,1116,0.523148148148,1,0,0.476851851852,1,0.523148148148,0.686930091185,0.692058155085,0.523148148148,0.523148148148,5,108,0,0,0,0
2251,WLNM_dir_neg,0.983617386709,0.83565428824,00:00:02,10,60,1,1236052725,threshold_sweep,0.1,0.857142857143,0.0689655172414,0.127659574468,6,1,81,173,0.0689655172414,0.994252873563,0.00574712643678,0.931034482759,0.857142857143,0.0689655172414,0.127659574468,0.685823754789,0.657726692209,0.0820895522388,0.184464079499,0.0632183908046,216,129,87,0,216,0,129,0,87,37,216,0.162162162162,1.32432432432,11.6756756757,21.6,6,8.1990990496,0.702237650082,0.31006006006,10.329336629,1.76937710775,0.765265265265,3.0868314707,0.528762798222,0.252752752753,0.579945114934,0.437917739848,2,1.32432432432,0.579945114934,2,0.0121701261701,0.00597269624573,7,0.000900900900901,0.621196581197,37,37,37,1,0,0.72972972973,0.243243243243,0.027027027027,37,0.0968468468468,1.32882882883,6.97297297297,12.9,3.79411764706,5.09622129342,0.730853441304,0.355751099937,6.18969404028,1.7753386007,0.7743557511,2.02239711483,0.580067389526,0.317619945527,0.593803505044,0.446862298711,2.16666666667,1.34761904762,0.605491520441,2.16666666667,0.00801587301587,0.0048465266559,2,0.0002574002574,0.250273118384,37,35,35,0.945945945946,0,0.675675675676,0.243243243243,0.027027027027,37,136,0.102102102102,1.32808758125,7.35135135135,13.6,3.77777777778,5.32403468672,0.724225306649,0.362281399046,6.30720070878,1.71592960459,0.761128775835,1.78035661306,0.484361725612,0.266295707472,0.591382825656,0.445289026119,2.12658227848,1.33720112518,0.597130753132,2.12658227848,0.0132341141585,0.0154867256637,7,0.000900900900901,0.25947626092,37,36,36,0.972972972973,0,0.702702702703,0.27027027027,0,-80,-0.0600600600601,0.00376325692781,-4.32432432432,-8,-2.22222222222,-2.87506436289,0.0219876565669,0.052221338986,-4.02213592022,-0.0534475031519,-0.00413648943061,-1.30647485764,-0.0444010726103,0.0135429547194,0.0114377107216,0.00737128627021,0.126582278481,0.0128768008515,0.0171856381976,0.126582278481,0.00106398798836,0.00951402941798,0,0,-0.361720320276,-0.027027027027,0.027027027027,-0.027027027027,135,1,81,1115,0.625,0.999103942652,0.00089605734767,0.375,0.992647058824,0.625,0.767045454545,0.759767749983,0.624103942652,0.622119815668,7,87,0,0,0,0
2252,WLNM_dir_neg,0.983617386709,0.83565428824,00:00:02,10,60,1,1236052725,threshold_sweep,0.2,0.8,0.0459770114943,0.0869565217391,4,1,83,173,0.0459770114943,0.994252873563,0.00574712643678,0.954022988506,0.8,0.0459770114943,0.0869565217391,0.67816091954,0.660280970626,0.0526315789474,0.138349647632,0.0402298850575,216,129,87,0,216,0,129,0,87,37,216,0.162162162162,1.32432432432,11.6756756757,21.6,6,8.1990990496,0.702237650082,0.31006006006,10.329336629,1.76937710775,0.765265265265,3.0868314707,0.528762798222,0.252752752753,0.579945114934,0.437917739848,2,1.32432432432,0.579945114934,2,0.0121701261701,0.00597269624573,7,0.000900900900901,0.621196581197,37,37,37,1,0,0.72972972973,0.243243243243,0.027027027027,37,0.0968468468468,1.32882882883,6.97297297297,12.9,3.79411764706,5.09622129342,0.730853441304,0.355751099937,6.18969404028,1.7753386007,0.7743557511,2.02239711483,0.580067389526,0.317619945527,0.593803505044,0.446862298711,2.16666666667,1.34761904762,0.605491520441,2.16666666667,0.00801587301587,0.0048465266559,2,0.0002574002574,0.250273118384,37,35,35,0.945945945946,0,0.675675675676,0.243243243243,0.027027027027,37,134,0.100600600601,1.32936326157,7.24324324324,13.4,3.72222222222,5.20899545341,0.719152357374,0.357805566761,6.27761168028,1.73337038933,0.765227914482,1.84618753338,0.509768199515,0.280354981848,0.595375966984,0.447865518927,2.16949152542,1.33851224105,0.601177844342,2.16949152542,0.0139717425432,0.0114591291062,5,0.000643500643501,0.25543585688,37,36,36,0.972972972973,0,0.702702702703,0.27027027027,0,-82,-0.0615615615616,0.00503893724233,-4.43243243243,-8.2,-2.27777777778,-2.9901035962,0.0169147072917,0.0477455067007,-4.05172494872,-0.0360067184138,-3.73507836195e-05,-1.24064393732,-0.018994598707,0.0276022290948,0.0154308520497,0.00994777907862,0.169491525424,0.0141879167303,0.0212327294071,0.169491525424,0.00180161637304,0.00548643286045,-2,-0.0002574002574,-0.365760724317,-0.027027027027,0.027027027027,-0.027027027027,133,1,83,1115,0.615740740741,0.999103942652,0.00089605734767,0.384259259259,0.992537313433,0.615740740741,0.76,0.753431175828,0.614844683393,0.612903225806,5,87,0,0,0,0
2253,WLNM_dir_neg,0.983617386709,0.83565428824,00:00:02,10,60,1,1236052725,threshold_sweep,0.3,0.8,0.0459770114943,0.0869565217391,4,1,83,173,0.0459770114943,0.994252873563,0.00574712643678,0.954022988506,0.8,0.0459770114943,0.0869565217391,0.67816091954,0.660280970626,0.0526315789474,0.138349647632,0.0402298850575,216,129,87,0,216,0,129,0,87,37,216,0.162162162162,1.32432432432,11.6756756757,21.6,6,8.1990990496,0.702237650082,0.31006006006,10.329336629,1.76937710775,0.765265265265,3.0868314707,0.528762798222,0.252752752753,0.579945114934,0.437917739848,2,1.32432432432,0.579945114934,2,0.0121701261701,0.00597269624573,7,0.000900900900901,0.621196581197,37,37,37,1,0,0.72972972973,0.243243243243,0.027027027027,37,0.0968468468468,1.32882882883,6.97297297297,12.9,3.79411764706,5.09622129342,0.730853441304,0.355751099937,6.18969404028,1.7753386007,0.7743557511,2.02239711483,0.580067389526,0.317619945527,0.593803505044,0.446862298711,2.16666666667,1.34761904762,0.605491520441,2.16666666667,0.00801587301587,0.0048465266559,2,0.0002574002574,0.250273118384,37,35,35,0.945945945946,0,0.675675675676,0.243243243243,0.027027027027,37,134,0.100600600601,1.32936326157,7.24324324324,13.4,3.72222222222,5.20899545341,0.719152357374,0.357805566761,6.27761168028,1.73337038933,0.765227914482,1.84618753338,0.509768199515,0.280354981848,0.595375966984,0.447865518927,2.16949152542,1.33851224105,0.601177844342,2.16949152542,0.0139717425432,0.0114591291062,5,0.000643500643501,0.25543585688,37,36,36,0.972972972973,0,0.702702702703,0.27027027027,0,-82,-0.0615615615616,0.00503893724233,-4.43243243243,-8.2,-2.27777777778,-2.9901035962,0.0169147072917,0.0477455067007,-4.05172494872,-0.0360067184138,-3.73507836195e-05,-1.24064393732,-0.018994598707,0.0276022290948,0.0154308520497,0.00994777907862,0.169491525424,0.0141879167303,0.0212327294071,0.169491525424,0.00180161637304,0.00548643286045,-2,-0.0002574002574,-0.365760724317,-0.027027027027,0.027027027027,-0.027027027027,133,1,83,1115,0.615740740741,0.999103942652,0.00089605734767,0.384259259259,0.992537313433,0.615740740741,0.76,0.753431175828,0.614844683393,0.612903225806,5,87,0,0,0,0
2254,WLNM_dir_neg,0.983617386709,0.83565428824,00:00:02,10,60,1,1236052725,threshold_sweep,0.4,0.8,0.0459770114943,0.0869565217391,4,1,83,173,0.0459770114943,0.994252873563,0.00574712643678,0.954022988506,0.8,0.0459770114943,0.0869565217391,0.67816091954,0.660280970626,0.0526315789474,0.138349647632,0.0402298850575,216,129,87,0,216,0,129,0,87,37,216,0.162162162162,1.32432432432,11.6756756757,21.6,6,8.1990990496,0.702237650082,0.31006006006,10.329336629,1.76937710775,0.765265265265,3.0868314707,0.528762798222,0.252752752753,0.579945114934,0.437917739848,2,1.32432432432,0.579945114934,2,0.0121701261701,0.00597269624573,7,0.000900900900901,0.621196581197,37,37,37,1,0,0.72972972973,0.243243243243,0.027027027027,37,0.0968468468468,1.32882882883,6.97297297297,12.9,3.79411764706,5.09622129342,0.730853441304,0.355751099937,6.18969404028,1.7753386007,0.7743557511,2.02239711483,0.580067389526,0.317619945527,0.593803505044,0.446862298711,2.16666666667,1.34761904762,0.605491520441,2.16666666667,0.00801587301587,0.0048465266559,2,0.0002574002574,0.250273118384,37,35,35,0.945945945946,0,0.675675675676,0.243243243243,0.027027027027,37,134,0.100600600601,1.32936326157,7.24324324324,13.4,3.72222222222,5.20899545341,0.719152357374,0.357805566761,6.27761168028,1.73337038933,0.765227914482,1.84618753338,0.509768199515,0.280354981848,0.595375966984,0.447865518927,2.16949152542,1.33851224105,0.601177844342,2.16949152542,0.0139717425432,0.0114591291062,5,0.000643500643501,0.25543585688,37,36,36,0.972972972973,0,0.702702702703,0.27027027027,0,-82,-0.0615615615616,0.00503893724233,-4.43243243243,-8.2,-2.27777777778,-2.9901035962,0.0169147072917,0.0477455067007,-4.05172494872,-0.0360067184138,-3.73507836195e-05,-1.24064393732,-0.018994598707,0.0276022290948,0.0154308520497,0.00994777907862,0.169491525424,0.0141879167303,0.0212327294071,0.169491525424,0.00180161637304,0.00548643286045,-2,-0.0002574002574,-0.365760724317,-0.027027027027,0.027027027027,-0.027027027027,133,1,83,1115,0.615740740741,0.999103942652,0.00089605734767,0.384259259259,0.992537313433,0.615740740741,0.76,0.753431175828,0.614844683393,0.612903225806,5,87,0,0,0,0
2255,WLNM_dir_neg,0.983617386709,0.83565428824,00:00:02,10,60,1,1236052725,threshold_sweep,0.5,0.8,0.0459770114943,0.0869565217391,4,1,83,173,0.0459770114943,0.994252873563,0.00574712643678,0.954022988506,0.8,0.0459770114943,0.0869565217391,0.67816091954,0.660280970626,0.0526315789474,0.138349647632,0.0402298850575,216,129,87,0,216,0,129,0,87,37,216,0.162162162162,1.32432432432,11.6756756757,21.6,6,8.1990990496,0.702237650082,0.31006006006,10.329336629,1.76937710775,0.765265265265,3.0868314707,0.528762798222,0.252752752753,0.579945114934,0.437917739848,2,1.32432432432,0.579945114934,2,0.0121701261701,0.00597269624573,7,0.000900900900901,0.621196581197,37,37,37,1,0,0.72972972973,0.243243243243,0.027027027027,37,0.0968468468468,1.32882882883,6.97297297297,12.9,3.79411764706,5.09622129342,0.730853441304,0.355751099937,6.18969404028,1.7753386007,0.7743557511,2.02239711483,0.580067389526,0.317619945527,0.593803505044,0.446862298711,2.16666666667,1.34761904762,0.605491520441,2.16666666667,0.00801587301587,0.0048465266559,2,0.0002574002574,0.250273118384,37,35,35,0.945945945946,0,0.675675675676,0.243243243243,0.027027027027,37,134,0.100600600601,1.32936326157,7.24324324324,13.4,3.72222222222,5.20899545341,0.719152357374,0.357805566761,6.27761168028,1.73337038933,0.765227914482,1.84618753338,0.509768199515,0.280354981848,0.595375966984,0.447865518927,2.16949152542,1.33851224105,0.601177844342,2.16949152542,0.0139717425432,0.0114591291062,5,0.000643500643501,0.25543585688,37,36,36,0.972972972973,0,0.702702702703,0.27027027027,0,-82,-0.0615615615616,0.00503893724233,-4.43243243243,-8.2,-2.27777777778,-2.9901035962,0.0169147072917,0.0477455067007,-4.05172494872,-0.0360067184138,-3.73507836195e-05,-1.24064393732,-0.018994598707,0.0276022290948,0.0154308520497,0.00994777907862,0.169491525424,0.0141879167303,0.0212327294071,0.169491525424,0.00180161637304,0.00548643286045,-2,-0.0002574002574,-0.365760724317,-0.027027027027,0.027027027027,-0.027027027027,133,1,83,1115,0.615740740741,0.999103942652,0.00089605734767,0.384259259259,0.992537313433,0.615740740741,0.76,0.753431175828,0.614844683393,0.612903225806,5,87,0,0,0,0
2256,WLNM_dir_neg,0.983617386709,0.83565428824,00:00:02,10,60,1,1236052725,threshold_sweep,0.6,0.8,0.0459770114943,0.0869565217391,4,1,83,173,0.0459770114943,0.994252873563,0.00574712643678,0.954022988506,0.8,0.0459770114943,0.0869565217391,0.67816091954,0.660280970626,0.0526315789474,0.138349647632,0.0402298850575,216,129,87,0,216,0,129,0,87,37,216,0.162162162162,1.32432432432,11.6756756757,21.6,6,8.1990990496,0.702237650082,0.31006006006,10.329336629,1.76937710775,0.765265265265,3.0868314707,0.528762798222,0.252752752753,0.579945114934,0.437917739848,2,1.32432432432,0.579945114934,2,0.0121701261701,0.00597269624573,7,0.000900900900901,0.621196581197,37,37,37,1,0,0.72972972973,0.243243243243,0.027027027027,37,0.0968468468468,1.32882882883,6.97297297297,12.9,3.79411764706,5.09622129342,0.730853441304,0.355751099937,6.18969404028,1.7753386007,0.7743557511,2.02239711483,0.580067389526,0.317619945527,0.593803505044,0.446862298711,2.16666666667,1.34761904762,0.605491520441,2.16666666667,0.00801587301587,0.0048465266559,2,0.0002574002574,0.250273118384,37,35,35,0.945945945946,0,0.675675675676,0.243243243243,0.027027027027,37,134,0.100600600601,1.32936326157,7.24324324324,13.4,3.72222222222,5.20899545341,0.719152357374,0.357805566761,6.27761168028,1.73337038933,0.765227914482,1.84618753338,0.509768199515,0.280354981848,0.595375966984,0.447865518927,2.16949152542,1.33851224105,0.601177844342,2.16949152542,0.0139717425432,0.0114591291062,5,0.000643500643501,0.25543585688,37,36,36,0.972972972973,0,0.702702702703,0.27027027027,0,-82,-0.0615615615616,0.00503893724233,-4.43243243243,-8.2,-2.27777777778,-2.9901035962,0.0169147072917,0.0477455067007,-4.05172494872,-0.0360067184138,-3.73507836195e-05,-1.24064393732,-0.018994598707,0.0276022290948,0.0154308520497,0.00994777907862,0.169491525424,0.0141879167303,0.0212327294071,0.169491525424,0.00180161637304,0.00548643286045,-2,-0.0002574002574,-0.365760724317,-0.027027027027,0.027027027027,-0.027027027027,133,1,83,1115,0.615740740741,0.999103942652,0.00089605734767,0.384259259259,0.992537313433,0.615740740741,0.76,0.753431175828,0.614844683393,0.612903225806,5,87,0,0,0,0
2257,WLNM_dir_neg,0.983617386709,0.83565428824,00:00:02,10,60,1,1236052725,threshold_sweep,0.7,0.8,0.0459770114943,0.0869565217391,4,1,83,173,0.0459770114943,0.994252873563,0.00574712643678,0.954022988506,0.8,0.0459770114943,0.0869565217391,0.67816091954,0.660280970626,0.0526315789474,0.138349647632,0.0402298850575,216,129,87,0,216,0,129,0,87,37,216,0.162162162162,1.32432432432,11.6756756757,21.6,6,8.1990990496,0.702237650082,0.31006006006,10.329336629,1.76937710775,0.765265265265,3.0868314707,0.528762798222,0.252752752753,0.579945114934,0.437917739848,2,1.32432432432,0.579945114934,2,0.0121701261701,0.00597269624573,7,0.000900900900901,0.621196581197,37,37,37,1,0,0.72972972973,0.243243243243,0.027027027027,37,0.0968468468468,1.32882882883,6.97297297297,12.9,3.79411764706,5.09622129342,0.730853441304,0.355751099937,6.18969404028,1.7753386007,0.7743557511,2.02239711483,0.580067389526,0.317619945527,0.593803505044,0.446862298711,2.16666666667,1.34761904762,0.605491520441,2.16666666667,0.00801587301587,0.0048465266559,2,0.0002574002574,0.250273118384,37,35,35,0.945945945946,0,0.675675675676,0.243243243243,0.027027027027,37,134,0.100600600601,1.32936326157,7.24324324324,13.4,3.72222222222,5.20899545341,0.719152357374,0.357805566761,6.27761168028,1.73337038933,0.765227914482,1.84618753338,0.509768199515,0.280354981848,0.595375966984,0.447865518927,2.16949152542,1.33851224105,0.601177844342,2.16949152542,0.0139717425432,0.0114591291062,5,0.000643500643501,0.25543585688,37,36,36,0.972972972973,0,0.702702702703,0.27027027027,0,-82,-0.0615615615616,0.00503893724233,-4.43243243243,-8.2,-2.27777777778,-2.9901035962,0.0169147072917,0.0477455067007,-4.05172494872,-0.0360067184138,-3.73507836195e-05,-1.24064393732,-0.018994598707,0.0276022290948,0.0154308520497,0.00994777907862,0.169491525424,0.0141879167303,0.0212327294071,0.169491525424,0.00180161637304,0.00548643286045,-2,-0.0002574002574,-0.365760724317,-0.027027027027,0.027027027027,-0.027027027027,133,1,83,1115,0.615740740741,0.999103942652,0.00089605734767,0.384259259259,0.992537313433,0.615740740741,0.76,0.753431175828,0.614844683393,0.612903225806,5,87,0,0,0,0
2258,WLNM_dir_neg,0.983617386709,0.83565428824,00:00:02,10,60,1,1236052725,threshold_sweep,0.8,0.8,0.0459770114943,0.0869565217391,4,1,83,173,0.0459770114943,0.994252873563,0.00574712643678,0.954022988506,0.8,0.0459770114943,0.0869565217391,0.67816091954,0.660280970626,0.0526315789474,0.138349647632,0.0402298850575,216,129,87,0,216,0,129,0,87,37,216,0.162162162162,1.32432432432,11.6756756757,21.6,6,8.1990990496,0.702237650082,0.31006006006,10.329336629,1.76937710775,0.765265265265,3.0868314707,0.528762798222,0.252752752753,0.579945114934,0.437917739848,2,1.32432432432,0.579945114934,2,0.0121701261701,0.00597269624573,7,0.000900900900901,0.621196581197,37,37,37,1,0,0.72972972973,0.243243243243,0.027027027027,37,0.0968468468468,1.32882882883,6.97297297297,12.9,3.79411764706,5.09622129342,0.730853441304,0.355751099937,6.18969404028,1.7753386007,0.7743557511,2.02239711483,0.580067389526,0.317619945527,0.593803505044,0.446862298711,2.16666666667,1.34761904762,0.605491520441,2.16666666667,0.00801587301587,0.0048465266559,2,0.0002574002574,0.250273118384,37,35,35,0.945945945946,0,0.675675675676,0.243243243243,0.027027027027,37,134,0.100600600601,1.32936326157,7.24324324324,13.4,3.72222222222,5.20899545341,0.719152357374,0.357805566761,6.27761168028,1.73337038933,0.765227914482,1.84618753338,0.509768199515,0.280354981848,0.595375966984,0.447865518927,2.16949152542,1.33851224105,0.601177844342,2.16949152542,0.0139717425432,0.0114591291062,5,0.000643500643501,0.25543585688,37,36,36,0.972972972973,0,0.702702702703,0.27027027027,0,-82,-0.0615615615616,0.00503893724233,-4.43243243243,-8.2,-2.27777777778,-2.9901035962,0.0169147072917,0.0477455067007,-4.05172494872,-0.0360067184138,-3.73507836195e-05,-1.24064393732,-0.018994598707,0.0276022290948,0.0154308520497,0.00994777907862,0.169491525424,0.0141879167303,0.0212327294071,0.169491525424,0.00180161637304,0.00548643286045,-2,-0.0002574002574,-0.365760724317,-0.027027027027,0.027027027027,-0.027027027027,133,1,83,1115,0.615740740741,0.999103942652,0.00089605734767,0.384259259259,0.992537313433,0.615740740741,0.76,0.753431175828,0.614844683393,0.612903225806,5,87,0,0,0,0
2259,WLNM_dir_neg,0.983617386709,0.83565428824,00:00:02,10,60,1,1236052725,threshold_sweep,0.9,0.5,0.0114942528736,0.0224719101124,1,1,86,173,0.0114942528736,0.994252873563,0.00574712643678,0.988505747126,0.5,0.0114942528736,0.0224719101124,0.666666666667,0.66411238825,0.00760456273764,0.0310684883001,0.00574712643678,216,129,87,0,216,0,129,0,87,37,216,0.162162162162,1.32432432432,11.6756756757,21.6,6,8.1990990496,0.702237650082,0.31006006006,10.329336629,1.76937710775,0.765265265265,3.0868314707,0.528762798222,0.252752752753,0.579945114934,0.437917739848,2,1.32432432432,0.579945114934,2,0.0121701261701,0.00597269624573,7,0.000900900900901,0.621196581197,37,37,37,1,0,0.72972972973,0.243243243243,0.027027027027,37,0.0968468468468,1.32882882883,6.97297297297,12.9,3.79411764706,5.09622129342,0.730853441304,0.355751099937,6.18969404028,1.7753386007,0.7743557511,2.02239711483,0.580067389526,0.317619945527,0.593803505044,0.446862298711,2.16666666667,1.34761904762,0.605491520441,2.16666666667,0.00801587301587,0.0048465266559,2,0.0002574002574,0.250273118384,37,35,35,0.945945945946,0,0.675675675676,0.243243243243,0.027027027027,37,131,0.0983483483483,1.32959789057,7.08108108108,13.1,3.63888888889,5.05732899628,0.714202949856,0.352382917268,6.21197139309,1.75452627133,0.770373426862,1.93784809912,0.547331142499,0.299154115948,0.596069196541,0.448307868693,2.17073170732,1.33875338753,0.601880223784,2.17073170732,0.00692743764172,0.0048231511254,2,0.0002574002574,0.249375250819,37,36,36,0.972972972973,0,0.702702702703,0.27027027027,0,-85,-0.0638138138138,0.00527356624918,-4.59459459459,-8.5,-2.36111111111,-3.14177005333,0.0119652997739,0.0423228572084,-4.11736523591,-0.0148508364141,0.00510816159671,-1.14898337159,0.0185683442765,0.0464013631953,0.0161240816068,0.0103901288442,0.170731707317,0.0144290632096,0.0219351088499,0.170731707317,-0.0052426885284,-0.00114954512033,-5,-0.000643500643501,-0.371821330377,-0.027027027027,0.027027027027,-0.027027027027,130,1,86,1115,0.601851851852,0.999103942652,0.00089605734767,0.398148148148,0.992366412214,0.601851851852,0.749279538905,0.743865382725,0.600955794504,0.599078341014,2,87,0,0,0,0
2260,WLNM_dir_neg,0.994318932488,0.977287144529,00:00:03,10,60,2,1236052726,threshold_sweep,0.1,1,0.0459770114943,0.0879120879121,4,0,83,174,0.0459770114943,1,0,0.954022988506,1,0.0459770114943,0.0879120879121,0.681992337165,0.661558109834,0.0603773584906,0.176432436556,0.0459770114943,216,129,87,0,216,0,129,0,87,37,216,0.162162162162,1.32432432432,11.6756756757,21.6,6,8.1990990496,0.702237650082,0.31006006006,10.329336629,1.76937710775,0.765265265265,3.0868314707,0.528762798222,0.252752752753,0.579945114934,0.437917739848,2,1.32432432432,0.579945114934,2,0.0121701261701,0.00597269624573,7,0.000900900900901,0.621196581197,37,37,37,1,0,0.72972972973,0.243243243243,0.027027027027,37,0.0968468468468,1.32432432432,6.97297297297,12.9,3.68571428571,5.12340211668,0.734751466346,0.359731824848,6.2254924911,1.78560637342,0.778965011523,1.98076334362,0.568125920263,0.314686779803,0.579945114934,0.437917739848,2,1.32432432432,0.579945114934,2,0.0123295985061,0.00724054706356,3,0.0003861003861,0.247933436586,37,37,37,1,0,0.72972972973,0.216216216216,0.0540540540541,37,133,0.0998498498498,1.32432432432,7.18918918919,13.3,3.69444444444,5.3011415848,0.737376836984,0.366592156066,6.27366391026,1.74530499759,0.770575086365,1.84781341439,0.514053355884,0.284901442796,0.579945114934,0.437917739848,2,1.32432432432,0.579945114934,2,0.0121995464853,0.0135440180587,6,0.000772200772201,0.253859362512,37,37,37,1,0,0.72972972973,0.243243243243,0.027027027027,-83,-0.0623123123123,0,-4.48648648649,-8.3,-2.30555555556,-2.8979574648,0.0351391869017,0.0565320960058,-4.05567271874,-0.0240721101551,0.00530982109929,-1.23901805631,-0.0147094423384,0.0321486900434,0,0,0,0,0,0,2.94203151346e-05,0.00757132181296,-1,-0.0001287001287,-0.367337218684,0,0,0,133,0,83,1116,0.615740740741,1,0,0.384259259259,1,0.615740740741,0.76217765043,0.757044573298,0.615740740741,0.615740740741,4,87,0,0,0,0
2261,WLNM_dir_neg,0.994318932488,0.977287144529,00:00:03,10,60,2,1236052726,threshold_sweep,0.2,1,0.0459770114943,0.0879120879121,4,0,83,174,0.0459770114943,1,0,0.954022988506,1,0.0459770114943,0.0879120879121,0.681992337165,0.661558109834,0.0603773584906,0.176432436556,0.0459770114943,216,129,87,0,216,0,129,0,87,37,216,0.162162162162,1.32432432432,11.6756756757,21.6,6,8.1990990496,0.702237650082,0.31006006006,10.329336629,1.76937710775,0.765265265265,3.0868314707,0.528762798222,0.252752752753,0.579945114934,0.437917739848,2,1.32432432432,0.579945114934,2,0.0121701261701,0.00597269624573,7,0.000900900900901,0.621196581197,37,37,37,1,0,0.72972972973,0.243243243243,0.027027027027,37,0.0968468468468,1.32432432432,6.97297297297,12.9,3.68571428571,5.12340211668,0.734751466346,0.359731824848,6.2254924911,1.78560637342,0.778965011523,1.98076334362,0.568125920263,0.314686779803,0.579945114934,0.437917739848,2,1.32432432432,0.579945114934,2,0.0123295985061,0.00724054706356,3,0.0003861003861,0.247933436586,37,37,37,1,0,0.72972972973,0.216216216216,0.0540540540541,37,133,0.0998498498498,1.32432432432,7.18918918919,13.3,3.69444444444,5.3011415848,0.737376836984,0.366592156066,6.27366391026,1.74530499759,0.770575086365,1.84781341439,0.514053355884,0.284901442796,0.579945114934,0.437917739848,2,1.32432432432,0.579945114934,2,0.0121995464853,0.0135440180587,6,0.000772200772201,0.253859362512,37,37,37,1,0,0.72972972973,0.243243243243,0.027027027027,-83,-0.0623123123123,0,-4.48648648649,-8.3,-2.30555555556,-2.8979574648,0.0351391869017,0.0565320960058,-4.05567271874,-0.0240721101551,0.00530982109929,-1.23901805631,-0.0147094423384,0.0321486900434,0,0,0,0,0,0,2.94203151346e-05,0.00757132181296,-1,-0.0001287001287,-0.367337218684,0,0,0,133,0,83,1116,0.615740740741,1,0,0.384259259259,1,0.615740740741,0.76217765043,0.757044573298,0.615740740741,0.615740740741,4,87,0,0,0,0
2262,WLNM_dir_neg,0.994318932488,0.977287144529,00:00:03,10,60,2,1236052726,threshold_sweep,0.3,1,0.0459770114943,0.0879120879121,4,0,83,174,0.0459770114943,1,0,0.954022988506,1,0.0459770114943,0.0879120879121,0.681992337165,0.661558109834,0.0603773584906,0.176432436556,0.0459770114943,216,129,87,0,216,0,129,0,87,37,216,0.162162162162,1.32432432432,11.6756756757,21.6,6,8.1990990496,0.702237650082,0.31006006006,10.329336629,1.76937710775,0.765265265265,3.0868314707,0.528762798222,0.252752752753,0.579945114934,0.437917739848,2,1.32432432432,0.579945114934,2,0.0121701261701,0.00597269624573,7,0.000900900900901,0.621196581197,37,37,37,1,0,0.72972972973,0.243243243243,0.027027027027,37,0.0968468468468,1.32432432432,6.97297297297,12.9,3.68571428571,5.12340211668,0.734751466346,0.359731824848,6.2254924911,1.78560637342,0.778965011523,1.98076334362,0.568125920263,0.314686779803,0.579945114934,0.437917739848,2,1.32432432432,0.579945114934,2,0.0123295985061,0.00724054706356,3,0.0003861003861,0.247933436586,37,37,37,1,0,0.72972972973,0.216216216216,0.0540540540541,37,133,0.0998498498498,1.32432432432,7.18918918919,13.3,3.69444444444,5.3011415848,0.737376836984,0.366592156066,6.27366391026,1.74530499759,0.770575086365,1.84781341439,0.514053355884,0.284901442796,0.579945114934,0.437917739848,2,1.32432432432,0.579945114934,2,0.0121995464853,0.0135440180587,6,0.000772200772201,0.253859362512,37,37,37,1,0,0.72972972973,0.243243243243,0.027027027027,-83,-0.0623123123123,0,-4.48648648649,-8.3,-2.30555555556,-2.8979574648,0.0351391869017,0.0565320960058,-4.05567271874,-0.0240721101551,0.00530982109929,-1.23901805631,-0.0147094423384,0.0321486900434,0,0,0,0,0,0,2.94203151346e-05,0.00757132181296,-1,-0.0001287001287,-0.367337218684,0,0,0,133,0,83,1116,0.615740740741,1,0,0.384259259259,1,0.615740740741,0.76217765043,0.757044573298,0.615740740741,0.615740740741,4,87,0,0,0,0
2263,WLNM_dir_neg,0.994318932488,0.977287144529,00:00:03,10,60,2,1236052726,threshold_sweep,0.4,1,0.0229885057471,0.0449438202247,2,0,85,174,0.0229885057471,1,0,0.977011494253,1,0.0229885057471,0.0449438202247,0.674329501916,0.66411238825,0.0304182509506,0.1242739532,0.0229885057471,216,129,87,0,216,0,129,0,87,37,216,0.162162162162,1.32432432432,11.6756756757,21.6,6,8.1990990496,0.702237650082,0.31006006006,10.329336629,1.76937710775,0.765265265265,3.0868314707,0.528762798222,0.252752752753,0.579945114934,0.437917739848,2,1.32432432432,0.579945114934,2,0.0121701261701,0.00597269624573,7,0.000900900900901,0.621196581197,37,37,37,1,0,0.72972972973,0.243243243243,0.027027027027,37,0.0968468468468,1.32432432432,6.97297297297,12.9,3.68571428571,5.12340211668,0.734751466346,0.359731824848,6.2254924911,1.78560637342,0.778965011523,1.98076334362,0.568125920263,0.314686779803,0.579945114934,0.437917739848,2,1.32432432432,0.579945114934,2,0.0123295985061,0.00724054706356,3,0.0003861003861,0.247933436586,37,37,37,1,0,0.72972972973,0.216216216216,0.0540540540541,37,131,0.0983483483483,1.32432432432,7.08108108108,13.1,3.63888888889,5.18211871288,0.731825925101,0.362079636889,6.25208673873,1.76585655979,0.774912316897,1.90896415476,0.539173081878,0.298741489581,0.579945114934,0.437917739848,2,1.32432432432,0.579945114934,2,0.011762705082,0.009375,4,0.000514800514801,0.249414918068,37,37,37,1,0,0.72972972973,0.243243243243,0.027027027027,-85,-0.0638138138138,0,-4.59459459459,-8.5,-2.36111111111,-3.01698033673,0.0295882750191,0.0520195768287,-4.07724989027,-0.00352054795169,0.00964705163178,-1.17786731595,0.0104102836553,0.0459887368284,0,0,0,0,0,0,-0.000407421088093,0.00340230375427,-3,-0.0003861003861,-0.371781663129,0,0,0,131,0,85,1116,0.606481481481,1,0,0.393518518519,1,0.606481481481,0.755043227666,0.750705099216,0.606481481481,0.606481481481,2,87,0,0,0,0
2264,WLNM_dir_neg,0.994318932488,0.977287144529,00:00:03,10,60,2,1236052726,threshold_sweep,0.5,1,0.0229885057471,0.0449438202247,2,0,85,174,0.0229885057471,1,0,0.977011494253,1,0.0229885057471,0.0449438202247,0.674329501916,0.66411238825,0.0304182509506,0.1242739532,0.0229885057471,216,129,87,0,216,0,129,0,87,37,216,0.162162162162,1.32432432432,11.6756756757,21.6,6,8.1990990496,0.702237650082,0.31006006006,10.329336629,1.76937710775,0.765265265265,3.0868314707,0.528762798222,0.252752752753,0.579945114934,0.437917739848,2,1.32432432432,0.579945114934,2,0.0121701261701,0.00597269624573,7,0.000900900900901,0.621196581197,37,37,37,1,0,0.72972972973,0.243243243243,0.027027027027,37,0.0968468468468,1.32432432432,6.97297297297,12.9,3.68571428571,5.12340211668,0.734751466346,0.359731824848,6.2254924911,1.78560637342,0.778965011523,1.98076334362,0.568125920263,0.314686779803,0.579945114934,0.437917739848,2,1.32432432432,0.579945114934,2,0.0123295985061,0.00724054706356,3,0.0003861003861,0.247933436586,37,37,37,1,0,0.72972972973,0.216216216216,0.0540540540541,37,131,0.0983483483483,1.32432432432,7.08108108108,13.1,3.63888888889,5.18211871288,0.731825925101,0.362079636889,6.25208673873,1.76585655979,0.774912316897,1.90896415476,0.539173081878,0.298741489581,0.579945114934,0.437917739848,2,1.32432432432,0.579945114934,2,0.011762705082,0.009375,4,0.000514800514801,0.249414918068,37,37,37,1,0,0.72972972973,0.243243243243,0.027027027027,-85,-0.0638138138138,0,-4.59459459459,-8.5,-2.36111111111,-3.01698033673,0.0295882750191,0.0520195768287,-4.07724989027,-0.00352054795169,0.00964705163178,-1.17786731595,0.0104102836553,0.0459887368284,0,0,0,0,0,0,-0.000407421088093,0.00340230375427,-3,-0.0003861003861,-0.371781663129,0,0,0,131,0,85,1116,0.606481481481,1,0,0.393518518519,1,0.606481481481,0.755043227666,0.750705099216,0.606481481481,0.606481481481,2,87,0,0,0,0
2265,WLNM_dir_neg,0.994318932488,0.977287144529,00:00:03,10,60,2,1236052726,threshold_sweep,0.6,1,0.0229885057471,0.0449438202247,2,0,85,174,0.0229885057471,1,0,0.977011494253,1,0.0229885057471,0.0449438202247,0.674329501916,0.66411238825,0.0304182509506,0.1242739532,0.0229885057471,216,129,87,0,216,0,129,0,87,37,216,0.162162162162,1.32432432432,11.6756756757,21.6,6,8.1990990496,0.702237650082,0.31006006006,10.329336629,1.76937710775,0.765265265265,3.0868314707,0.528762798222,0.252752752753,0.579945114934,0.437917739848,2,1.32432432432,0.579945114934,2,0.0121701261701,0.00597269624573,7,0.000900900900901,0.621196581197,37,37,37,1,0,0.72972972973,0.243243243243,0.027027027027,37,0.0968468468468,1.32432432432,6.97297297297,12.9,3.68571428571,5.12340211668,0.734751466346,0.359731824848,6.2254924911,1.78560637342,0.778965011523,1.98076334362,0.568125920263,0.314686779803,0.579945114934,0.437917739848,2,1.32432432432,0.579945114934,2,0.0123295985061,0.00724054706356,3,0.0003861003861,0.247933436586,37,37,37,1,0,0.72972972973,0.216216216216,0.0540540540541,37,131,0.0983483483483,1.32432432432,7.08108108108,13.1,3.63888888889,5.18211871288,0.731825925101,0.362079636889,6.25208673873,1.76585655979,0.774912316897,1.90896415476,0.539173081878,0.298741489581,0.579945114934,0.437917739848,2,1.32432432432,0.579945114934,2,0.011762705082,0.009375,4,0.000514800514801,0.249414918068,37,37,37,1,0,0.72972972973,0.243243243243,0.027027027027,-85,-0.0638138138138,0,-4.59459459459,-8.5,-2.36111111111,-3.01698033673,0.0295882750191,0.0520195768287,-4.07724989027,-0.00352054795169,0.00964705163178,-1.17786731595,0.0104102836553,0.0459887368284,0,0,0,0,0,0,-0.000407421088093,0.00340230375427,-3,-0.0003861003861,-0.371781663129,0,0,0,131,0,85,1116,0.606481481481,1,0,0.393518518519,1,0.606481481481,0.755043227666,0.750705099216,0.606481481481,0.606481481481,2,87,0,0,0,0
2266,WLNM_dir_neg,0.994318932488,0.977287144529,00:00:03,10,60,2,1236052726,threshold_sweep,0.7,1,0.0229885057471,0.0449438202247,2,0,85,174,0.0229885057471,1,0,0.977011494253,1,0.0229885057471,0.0449438202247,0.674329501916,0.66411238825,0.0304182509506,0.1242739532,0.0229885057471,216,129,87,0,216,0,129,0,87,37,216,0.162162162162,1.32432432432,11.6756756757,21.6,6,8.1990990496,0.702237650082,0.31006006006,10.329336629,1.76937710775,0.765265265265,3.0868314707,0.528762798222,0.252752752753,0.579945114934,0.437917739848,2,1.32432432432,0.579945114934,2,0.0121701261701,0.00597269624573,7,0.000900900900901,0.621196581197,37,37,37,1,0,0.72972972973,0.243243243243,0.027027027027,37,0.0968468468468,1.32432432432,6.97297297297,12.9,3.68571428571,5.12340211668,0.734751466346,0.359731824848,6.2254924911,1.78560637342,0.778965011523,1.98076334362,0.568125920263,0.314686779803,0.579945114934,0.437917739848,2,1.32432432432,0.579945114934,2,0.0123295985061,0.00724054706356,3,0.0003861003861,0.247933436586,37,37,37,1,0,0.72972972973,0.216216216216,0.0540540540541,37,131,0.0983483483483,1.32432432432,7.08108108108,13.1,3.63888888889,5.18211871288,0.731825925101,0.362079636889,6.25208673873,1.76585655979,0.774912316897,1.90896415476,0.539173081878,0.298741489581,0.579945114934,0.437917739848,2,1.32432432432,0.579945114934,2,0.011762705082,0.009375,4,0.000514800514801,0.249414918068,37,37,37,1,0,0.72972972973,0.243243243243,0.027027027027,-85,-0.0638138138138,0,-4.59459459459,-8.5,-2.36111111111,-3.01698033673,0.0295882750191,0.0520195768287,-4.07724989027,-0.00352054795169,0.00964705163178,-1.17786731595,0.0104102836553,0.0459887368284,0,0,0,0,0,0,-0.000407421088093,0.00340230375427,-3,-0.0003861003861,-0.371781663129,0,0,0,131,0,85,1116,0.606481481481,1,0,0.393518518519,1,0.606481481481,0.755043227666,0.750705099216,0.606481481481,0.606481481481,2,87,0,0,0,0
2267,WLNM_dir_neg,0.994318932488,0.977287144529,00:00:03,10,60,2,1236052726,threshold_sweep,0.8,1,0.0229885057471,0.0449438202247,2,0,85,174,0.0229885057471,1,0,0.977011494253,1,0.0229885057471,0.0449438202247,0.674329501916,0.66411238825,0.0304182509506,0.1242739532,0.0229885057471,216,129,87,0,216,0,129,0,87,37,216,0.162162162162,1.32432432432,11.6756756757,21.6,6,8.1990990496,0.702237650082,0.31006006006,10.329336629,1.76937710775,0.765265265265,3.0868314707,0.528762798222,0.252752752753,0.579945114934,0.437917739848,2,1.32432432432,0.579945114934,2,0.0121701261701,0.00597269624573,7,0.000900900900901,0.621196581197,37,37,37,1,0,0.72972972973,0.243243243243,0.027027027027,37,0.0968468468468,1.32432432432,6.97297297297,12.9,3.68571428571,5.12340211668,0.734751466346,0.359731824848,6.2254924911,1.78560637342,0.778965011523,1.98076334362,0.568125920263,0.314686779803,0.579945114934,0.437917739848,2,1.32432432432,0.579945114934,2,0.0123295985061,0.00724054706356,3,0.0003861003861,0.247933436586,37,37,37,1,0,0.72972972973,0.216216216216,0.0540540540541,37,131,0.0983483483483,1.32432432432,7.08108108108,13.1,3.63888888889,5.18211871288,0.731825925101,0.362079636889,6.25208673873,1.76585655979,0.774912316897,1.90896415476,0.539173081878,0.298741489581,0.579945114934,0.437917739848,2,1.32432432432,0.579945114934,2,0.011762705082,0.009375,4,0.000514800514801,0.249414918068,37,37,37,1,0,0.72972972973,0.243243243243,0.027027027027,-85,-0.0638138138138,0,-4.59459459459,-8.5,-2.36111111111,-3.01698033673,0.0295882750191,0.0520195768287,-4.07724989027,-0.00352054795169,0.00964705163178,-1.17786731595,0.0104102836553,0.0459887368284,0,0,0,0,0,0,-0.000407421088093,0.00340230375427,-3,-0.0003861003861,-0.371781663129,0,0,0,131,0,85,1116,0.606481481481,1,0,0.393518518519,1,0.606481481481,0.755043227666,0.750705099216,0.606481481481,0.606481481481,2,87,0,0,0,0
2268,WLNM_dir_neg,0.994318932488,0.977287144529,00:00:03,10,60,2,1236052726,threshold_sweep,0.9,1,0.0114942528736,0.0227272727273,1,0,86,174,0.0114942528736,1,0,0.988505747126,1,0.0114942528736,0.0227272727273,0.670498084291,0.665389527458,0.0152671755725,0.0877058019307,0.0114942528736,216,129,87,0,216,0,129,0,87,37,216,0.162162162162,1.32432432432,11.6756756757,21.6,6,8.1990990496,0.702237650082,0.31006006006,10.329336629,1.76937710775,0.765265265265,3.0868314707,0.528762798222,0.252752752753,0.579945114934,0.437917739848,2,1.32432432432,0.579945114934,2,0.0121701261701,0.00597269624573,7,0.000900900900901,0.621196581197,37,37,37,1,0,0.72972972973,0.243243243243,0.027027027027,37,0.0968468468468,1.32432432432,6.97297297297,12.9,3.68571428571,5.12340211668,0.734751466346,0.359731824848,6.2254924911,1.78560637342,0.778965011523,1.98076334362,0.568125920263,0.314686779803,0.579945114934,0.437917739848,2,1.32432432432,0.579945114934,2,0.0123295985061,0.00724054706356,3,0.0003861003861,0.247933436586,37,37,37,1,0,0.72972972973,0.216216216216,0.0540540540541,37,130,0.0975975975976,1.32432432432,7.02702702703,13,3.71428571429,5.17196763807,0.736010779264,0.361538461538,6.2477623622,1.7782092877,0.777130977131,1.95251435649,0.55571562454,0.308108108108,0.579945114934,0.437917739848,2,1.32432432432,0.579945114934,2,0.0155722288916,0.00948616600791,4,0.000514800514801,0.250402572389,37,37,37,1,0,0.72972972973,0.216216216216,0.0540540540541,-86,-0.0645645645646,0,-4.64864864865,-8.6,-2.28571428571,-3.02713141153,0.033773129182,0.0514784014784,-4.0815742668,0.00883217995802,0.0118657118657,-1.13431711421,0.0269528263179,0.0553553553554,0,0,0,0,0,0,0.00340210272143,0.00351346976217,-3,-0.0003861003861,-0.370794008808,0,-0.027027027027,0.027027027027,130,0,86,1116,0.601851851852,1,0,0.398148148148,1,0.601851851852,0.751445086705,0.747523179606,0.601851851852,0.601851851852,1,87,0,0,0,0
2269,WLNM_dir_neg,0.989166336372,0.956296576986,00:00:03,10,60,3,1236052727,threshold_sweep,0.1,1,0.0459770114943,0.0879120879121,4,0,83,174,0.0459770114943,1,0,0.954022988506,1,0.0459770114943,0.0879120879121,0.681992337165,0.661558109834,0.0603773584906,0.176432436556,0.0459770114943,216,129,87,0,216,0,129,0,87,37,216,0.162162162162,1.32432432432,11.6756756757,21.6,6,8.1990990496,0.702237650082,0.31006006006,10.329336629,1.76937710775,0.765265265265,3.0868314707,0.528762798222,0.252752752753,0.579945114934,0.437917739848,2,1.32432432432,0.579945114934,2,0.0121701261701,0.00597269624573,7,0.000900900900901,0.621196581197,37,37,37,1,0,0.72972972973,0.243243243243,0.027027027027,37,0.0968468468468,1.32882882883,6.97297297297,12.9,3.90909090909,5.11254712821,0.733194743192,0.368740833857,6.11292629334,1.7533199446,0.767232348628,2.08994446526,0.599441435772,0.336476010895,0.593803505044,0.446862298711,2.16666666667,1.34761904762,0.605491520441,2.16666666667,0.0139252543123,0.00966962127317,4,0.000514800514801,0.263976320174,37,35,35,0.945945945946,0,0.675675675676,0.216216216216,0.0540540540541,37,133,0.0998498498498,1.32432432432,7.18918918919,13.3,3.8,5.23257870269,0.727839894736,0.370046738468,6.19345290277,1.72299065716,0.760414549888,1.95020596433,0.542538501355,0.304409672831,0.579945114934,0.437917739848,2,1.33333333333,0.585540043769,2,0.0132849982098,0.0136778115502,6,0.000772200772201,0.266198542396,37,36,36,0.972972972973,0,0.702702702703,0.243243243243,0.027027027027,-83,-0.0623123123123,0,-4.48648648649,-8.3,-2.2,-2.96652034691,0.0256022446537,0.0599866784077,-4.13588372623,-0.0463864505831,-0.00485071537703,-1.13662550638,0.0137757031322,0.051656920078,0,0,0,0.00900900900901,0.00559492883467,0,0.00111487203968,0.00770511530442,-1,-0.0001287001287,-0.3549980388,-0.027027027027,0,0,133,0,83,1116,0.615740740741,1,0,0.384259259259,1,0.615740740741,0.76217765043,0.757044573298,0.615740740741,0.615740740741,4,87,0,0,0,0
2270,WLNM_dir_neg,0.989166336372,0.956296576986,00:00:03,10,60,3,1236052727,threshold_sweep,0.2,1,0.0459770114943,0.0879120879121,4,0,83,174,0.0459770114943,1,0,0.954022988506,1,0.0459770114943,0.0879120879121,0.681992337165,0.661558109834,0.0603773584906,0.176432436556,0.0459770114943,216,129,87,0,216,0,129,0,87,37,216,0.162162162162,1.32432432432,11.6756756757,21.6,6,8.1990990496,0.702237650082,0.31006006006,10.329336629,1.76937710775,0.765265265265,3.0868314707,0.528762798222,0.252752752753,0.579945114934,0.437917739848,2,1.32432432432,0.579945114934,2,0.0121701261701,0.00597269624573,7,0.000900900900901,0.621196581197,37,37,37,1,0,0.72972972973,0.243243243243,0.027027027027,37,0.0968468468468,1.32882882883,6.97297297297,12.9,3.90909090909,5.11254712821,0.733194743192,0.368740833857,6.11292629334,1.7533199446,0.767232348628,2.08994446526,0.599441435772,0.336476010895,0.593803505044,0.446862298711,2.16666666667,1.34761904762,0.605491520441,2.16666666667,0.0139252543123,0.00966962127317,4,0.000514800514801,0.263976320174,37,35,35,0.945945945946,0,0.675675675676,0.216216216216,0.0540540540541,37,133,0.0998498498498,1.32432432432,7.18918918919,13.3,3.8,5.23257870269,0.727839894736,0.370046738468,6.19345290277,1.72299065716,0.760414549888,1.95020596433,0.542538501355,0.304409672831,0.579945114934,0.437917739848,2,1.33333333333,0.585540043769,2,0.0132849982098,0.0136778115502,6,0.000772200772201,0.266198542396,37,36,36,0.972972972973,0,0.702702702703,0.243243243243,0.027027027027,-83,-0.0623123123123,0,-4.48648648649,-8.3,-2.2,-2.96652034691,0.0256022446537,0.0599866784077,-4.13588372623,-0.0463864505831,-0.00485071537703,-1.13662550638,0.0137757031322,0.051656920078,0,0,0,0.00900900900901,0.00559492883467,0,0.00111487203968,0.00770511530442,-1,-0.0001287001287,-0.3549980388,-0.027027027027,0,0,133,0,83,1116,0.615740740741,1,0,0.384259259259,1,0.615740740741,0.76217765043,0.757044573298,0.615740740741,0.615740740741,4,87,0,0,0,0
2271,WLNM_dir_neg,0.989166336372,0.956296576986,00:00:03,10,60,3,1236052727,threshold_sweep,0.3,1,0.0459770114943,0.0879120879121,4,0,83,174,0.0459770114943,1,0,0.954022988506,1,0.0459770114943,0.0879120879121,0.681992337165,0.661558109834,0.0603773584906,0.176432436556,0.0459770114943,216,129,87,0,216,0,129,0,87,37,216,0.162162162162,1.32432432432,11.6756756757,21.6,6,8.1990990496,0.702237650082,0.31006006006,10.329336629,1.76937710775,0.765265265265,3.0868314707,0.528762798222,0.252752752753,0.579945114934,0.437917739848,2,1.32432432432,0.579945114934,2,0.0121701261701,0.00597269624573,7,0.000900900900901,0.621196581197,37,37,37,1,0,0.72972972973,0.243243243243,0.027027027027,37,0.0968468468468,1.32882882883,6.97297297297,12.9,3.90909090909,5.11254712821,0.733194743192,0.368740833857,6.11292629334,1.7533199446,0.767232348628,2.08994446526,0.599441435772,0.336476010895,0.593803505044,0.446862298711,2.16666666667,1.34761904762,0.605491520441,2.16666666667,0.0139252543123,0.00966962127317,4,0.000514800514801,0.263976320174,37,35,35,0.945945945946,0,0.675675675676,0.216216216216,0.0540540540541,37,133,0.0998498498498,1.32432432432,7.18918918919,13.3,3.8,5.23257870269,0.727839894736,0.370046738468,6.19345290277,1.72299065716,0.760414549888,1.95020596433,0.542538501355,0.304409672831,0.579945114934,0.437917739848,2,1.33333333333,0.585540043769,2,0.0132849982098,0.0136778115502,6,0.000772200772201,0.266198542396,37,36,36,0.972972972973,0,0.702702702703,0.243243243243,0.027027027027,-83,-0.0623123123123,0,-4.48648648649,-8.3,-2.2,-2.96652034691,0.0256022446537,0.0599866784077,-4.13588372623,-0.0463864505831,-0.00485071537703,-1.13662550638,0.0137757031322,0.051656920078,0,0,0,0.00900900900901,0.00559492883467,0,0.00111487203968,0.00770511530442,-1,-0.0001287001287,-0.3549980388,-0.027027027027,0,0,133,0,83,1116,0.615740740741,1,0,0.384259259259,1,0.615740740741,0.76217765043,0.757044573298,0.615740740741,0.615740740741,4,87,0,0,0,0
2272,WLNM_dir_neg,0.989166336372,0.956296576986,00:00:03,10,60,3,1236052727,threshold_sweep,0.4,1,0.0459770114943,0.0879120879121,4,0,83,174,0.0459770114943,1,0,0.954022988506,1,0.0459770114943,0.0879120879121,0.681992337165,0.661558109834,0.0603773584906,0.176432436556,0.0459770114943,216,129,87,0,216,0,129,0,87,37,216,0.162162162162,1.32432432432,11.6756756757,21.6,6,8.1990990496,0.702237650082,0.31006006006,10.329336629,1.76937710775,0.765265265265,3.0868314707,0.528762798222,0.252752752753,0.579945114934,0.437917739848,2,1.32432432432,0.579945114934,2,0.0121701261701,0.00597269624573,7,0.000900900900901,0.621196581197,37,37,37,1,0,0.72972972973,0.243243243243,0.027027027027,37,0.0968468468468,1.32882882883,6.97297297297,12.9,3.90909090909,5.11254712821,0.733194743192,0.368740833857,6.11292629334,1.7533199446,0.767232348628,2.08994446526,0.599441435772,0.336476010895,0.593803505044,0.446862298711,2.16666666667,1.34761904762,0.605491520441,2.16666666667,0.0139252543123,0.00966962127317,4,0.000514800514801,0.263976320174,37,35,35,0.945945945946,0,0.675675675676,0.216216216216,0.0540540540541,37,133,0.0998498498498,1.32432432432,7.18918918919,13.3,3.8,5.23257870269,0.727839894736,0.370046738468,6.19345290277,1.72299065716,0.760414549888,1.95020596433,0.542538501355,0.304409672831,0.579945114934,0.437917739848,2,1.33333333333,0.585540043769,2,0.0132849982098,0.0136778115502,6,0.000772200772201,0.266198542396,37,36,36,0.972972972973,0,0.702702702703,0.243243243243,0.027027027027,-83,-0.0623123123123,0,-4.48648648649,-8.3,-2.2,-2.96652034691,0.0256022446537,0.0599866784077,-4.13588372623,-0.0463864505831,-0.00485071537703,-1.13662550638,0.0137757031322,0.051656920078,0,0,0,0.00900900900901,0.00559492883467,0,0.00111487203968,0.00770511530442,-1,-0.0001287001287,-0.3549980388,-0.027027027027,0,0,133,0,83,1116,0.615740740741,1,0,0.384259259259,1,0.615740740741,0.76217765043,0.757044573298,0.615740740741,0.615740740741,4,87,0,0,0,0
2273,WLNM_dir_neg,0.989166336372,0.956296576986,00:00:03,10,60,3,1236052727,threshold_sweep,0.5,1,0.0459770114943,0.0879120879121,4,0,83,174,0.0459770114943,1,0,0.954022988506,1,0.0459770114943,0.0879120879121,0.681992337165,0.661558109834,0.0603773584906,0.176432436556,0.0459770114943,216,129,87,0,216,0,129,0,87,37,216,0.162162162162,1.32432432432,11.6756756757,21.6,6,8.1990990496,0.702237650082,0.31006006006,10.329336629,1.76937710775,0.765265265265,3.0868314707,0.528762798222,0.252752752753,0.579945114934,0.437917739848,2,1.32432432432,0.579945114934,2,0.0121701261701,0.00597269624573,7,0.000900900900901,0.621196581197,37,37,37,1,0,0.72972972973,0.243243243243,0.027027027027,37,0.0968468468468,1.32882882883,6.97297297297,12.9,3.90909090909,5.11254712821,0.733194743192,0.368740833857,6.11292629334,1.7533199446,0.767232348628,2.08994446526,0.599441435772,0.336476010895,0.593803505044,0.446862298711,2.16666666667,1.34761904762,0.605491520441,2.16666666667,0.0139252543123,0.00966962127317,4,0.000514800514801,0.263976320174,37,35,35,0.945945945946,0,0.675675675676,0.216216216216,0.0540540540541,37,133,0.0998498498498,1.32432432432,7.18918918919,13.3,3.8,5.23257870269,0.727839894736,0.370046738468,6.19345290277,1.72299065716,0.760414549888,1.95020596433,0.542538501355,0.304409672831,0.579945114934,0.437917739848,2,1.33333333333,0.585540043769,2,0.0132849982098,0.0136778115502,6,0.000772200772201,0.266198542396,37,36,36,0.972972972973,0,0.702702702703,0.243243243243,0.027027027027,-83,-0.0623123123123,0,-4.48648648649,-8.3,-2.2,-2.96652034691,0.0256022446537,0.0599866784077,-4.13588372623,-0.0463864505831,-0.00485071537703,-1.13662550638,0.0137757031322,0.051656920078,0,0,0,0.00900900900901,0.00559492883467,0,0.00111487203968,0.00770511530442,-1,-0.0001287001287,-0.3549980388,-0.027027027027,0,0,133,0,83,1116,0.615740740741,1,0,0.384259259259,1,0.615740740741,0.76217765043,0.757044573298,0.615740740741,0.615740740741,4,87,0,0,0,0
2274,WLNM_dir_neg,0.989166336372,0.956296576986,00:00:03,10,60,3,1236052727,threshold_sweep,0.6,1,0.0459770114943,0.0879120879121,4,0,83,174,0.0459770114943,1,0,0.954022988506,1,0.0459770114943,0.0879120879121,0.681992337165,0.661558109834,0.0603773584906,0.176432436556,0.0459770114943,216,129,87,0,216,0,129,0,87,37,216,0.162162162162,1.32432432432,11.6756756757,21.6,6,8.1990990496,0.702237650082,0.31006006006,10.329336629,1.76937710775,0.765265265265,3.0868314707,0.528762798222,0.252752752753,0.579945114934,0.437917739848,2,1.32432432432,0.579945114934,2,0.0121701261701,0.00597269624573,7,0.000900900900901,0.621196581197,37,37,37,1,0,0.72972972973,0.243243243243,0.027027027027,37,0.0968468468468,1.32882882883,6.97297297297,12.9,3.90909090909,5.11254712821,0.733194743192,0.368740833857,6.11292629334,1.7533199446,0.767232348628,2.08994446526,0.599441435772,0.336476010895,0.593803505044,0.446862298711,2.16666666667,1.34761904762,0.605491520441,2.16666666667,0.0139252543123,0.00966962127317,4,0.000514800514801,0.263976320174,37,35,35,0.945945945946,0,0.675675675676,0.216216216216,0.0540540540541,37,133,0.0998498498498,1.32432432432,7.18918918919,13.3,3.8,5.23257870269,0.727839894736,0.370046738468,6.19345290277,1.72299065716,0.760414549888,1.95020596433,0.542538501355,0.304409672831,0.579945114934,0.437917739848,2,1.33333333333,0.585540043769,2,0.0132849982098,0.0136778115502,6,0.000772200772201,0.266198542396,37,36,36,0.972972972973,0,0.702702702703,0.243243243243,0.027027027027,-83,-0.0623123123123,0,-4.48648648649,-8.3,-2.2,-2.96652034691,0.0256022446537,0.0599866784077,-4.13588372623,-0.0463864505831,-0.00485071537703,-1.13662550638,0.0137757031322,0.051656920078,0,0,0,0.00900900900901,0.00559492883467,0,0.00111487203968,0.00770511530442,-1,-0.0001287001287,-0.3549980388,-0.027027027027,0,0,133,0,83,1116,0.615740740741,1,0,0.384259259259,1,0.615740740741,0.76217765043,0.757044573298,0.615740740741,0.615740740741,4,87,0,0,0,0
2275,WLNM_dir_neg,0.989166336372,0.956296576986,00:00:03,10,60,3,1236052727,threshold_sweep,0.7,1,0.0459770114943,0.0879120879121,4,0,83,174,0.0459770114943,1,0,0.954022988506,1,0.0459770114943,0.0879120879121,0.681992337165,0.661558109834,0.0603773584906,0.176432436556,0.0459770114943,216,129,87,0,216,0,129,0,87,37,216,0.162162162162,1.32432432432,11.6756756757,21.6,6,8.1990990496,0.702237650082,0.31006006006,10.329336629,1.76937710775,0.765265265265,3.0868314707,0.528762798222,0.252752752753,0.579945114934,0.437917739848,2,1.32432432432,0.579945114934,2,0.0121701261701,0.00597269624573,7,0.000900900900901,0.621196581197,37,37,37,1,0,0.72972972973,0.243243243243,0.027027027027,37,0.0968468468468,1.32882882883,6.97297297297,12.9,3.90909090909,5.11254712821,0.733194743192,0.368740833857,6.11292629334,1.7533199446,0.767232348628,2.08994446526,0.599441435772,0.336476010895,0.593803505044,0.446862298711,2.16666666667,1.34761904762,0.605491520441,2.16666666667,0.0139252543123,0.00966962127317,4,0.000514800514801,0.263976320174,37,35,35,0.945945945946,0,0.675675675676,0.216216216216,0.0540540540541,37,133,0.0998498498498,1.32432432432,7.18918918919,13.3,3.8,5.23257870269,0.727839894736,0.370046738468,6.19345290277,1.72299065716,0.760414549888,1.95020596433,0.542538501355,0.304409672831,0.579945114934,0.437917739848,2,1.33333333333,0.585540043769,2,0.0132849982098,0.0136778115502,6,0.000772200772201,0.266198542396,37,36,36,0.972972972973,0,0.702702702703,0.243243243243,0.027027027027,-83,-0.0623123123123,0,-4.48648648649,-8.3,-2.2,-2.96652034691,0.0256022446537,0.0599866784077,-4.13588372623,-0.0463864505831,-0.00485071537703,-1.13662550638,0.0137757031322,0.051656920078,0,0,0,0.00900900900901,0.00559492883467,0,0.00111487203968,0.00770511530442,-1,-0.0001287001287,-0.3549980388,-0.027027027027,0,0,133,0,83,1116,0.615740740741,1,0,0.384259259259,1,0.615740740741,0.76217765043,0.757044573298,0.615740740741,0.615740740741,4,87,0,0,0,0
2276,WLNM_dir_neg,0.989166336372,0.956296576986,00:00:03,10,60,3,1236052727,threshold_sweep,0.8,1,0.0459770114943,0.0879120879121,4,0,83,174,0.0459770114943,1,0,0.954022988506,1,0.0459770114943,0.0879120879121,0.681992337165,0.661558109834,0.0603773584906,0.176432436556,0.0459770114943,216,129,87,0,216,0,129,0,87,37,216,0.162162162162,1.32432432432,11.6756756757,21.6,6,8.1990990496,0.702237650082,0.31006006006,10.329336629,1.76937710775,0.765265265265,3.0868314707,0.528762798222,0.252752752753,0.579945114934,0.437917739848,2,1.32432432432,0.579945114934,2,0.0121701261701,0.00597269624573,7,0.000900900900901,0.621196581197,37,37,37,1,0,0.72972972973,0.243243243243,0.027027027027,37,0.0968468468468,1.32882882883,6.97297297297,12.9,3.90909090909,5.11254712821,0.733194743192,0.368740833857,6.11292629334,1.7533199446,0.767232348628,2.08994446526,0.599441435772,0.336476010895,0.593803505044,0.446862298711,2.16666666667,1.34761904762,0.605491520441,2.16666666667,0.0139252543123,0.00966962127317,4,0.000514800514801,0.263976320174,37,35,35,0.945945945946,0,0.675675675676,0.216216216216,0.0540540540541,37,133,0.0998498498498,1.32432432432,7.18918918919,13.3,3.8,5.23257870269,0.727839894736,0.370046738468,6.19345290277,1.72299065716,0.760414549888,1.95020596433,0.542538501355,0.304409672831,0.579945114934,0.437917739848,2,1.33333333333,0.585540043769,2,0.0132849982098,0.0136778115502,6,0.000772200772201,0.266198542396,37,36,36,0.972972972973,0,0.702702702703,0.243243243243,0.027027027027,-83,-0.0623123123123,0,-4.48648648649,-8.3,-2.2,-2.96652034691,0.0256022446537,0.0599866784077,-4.13588372623,-0.0463864505831,-0.00485071537703,-1.13662550638,0.0137757031322,0.051656920078,0,0,0,0.00900900900901,0.00559492883467,0,0.00111487203968,0.00770511530442,-1,-0.0001287001287,-0.3549980388,-0.027027027027,0,0,133,0,83,1116,0.615740740741,1,0,0.384259259259,1,0.615740740741,0.76217765043,0.757044573298,0.615740740741,0.615740740741,4,87,0,0,0,0
2277,WLNM_dir_neg,0.989166336372,0.956296576986,00:00:03,10,60,3,1236052727,threshold_sweep,0.9,1,0.0459770114943,0.0879120879121,4,0,83,174,0.0459770114943,1,0,0.954022988506,1,0.0459770114943,0.0879120879121,0.681992337165,0.661558109834,0.0603773584906,0.176432436556,0.0459770114943,216,129,87,0,216,0,129,0,87,37,216,0.162162162162,1.32432432432,11.6756756757,21.6,6,8.1990990496,0.702237650082,0.31006006006,10.329336629,1.76937710775,0.765265265265,3.0868314707,0.528762798222,0.252752752753,0.579945114934,0.437917739848,2,1.32432432432,0.579945114934,2,0.0121701261701,0.00597269624573,7,0.000900900900901,0.621196581197,37,37,37,1,0,0.72972972973,0.243243243243,0.027027027027,37,0.0968468468468,1.32882882883,6.97297297297,12.9,3.90909090909,5.11254712821,0.733194743192,0.368740833857,6.11292629334,1.7533199446,0.767232348628,2.08994446526,0.599441435772,0.336476010895,0.593803505044,0.446862298711,2.16666666667,1.34761904762,0.605491520441,2.16666666667,0.0139252543123,0.00966962127317,4,0.000514800514801,0.263976320174,37,35,35,0.945945945946,0,0.675675675676,0.216216216216,0.0540540540541,37,133,0.0998498498498,1.32432432432,7.18918918919,13.3,3.8,5.23257870269,0.727839894736,0.370046738468,6.19345290277,1.72299065716,0.760414549888,1.95020596433,0.542538501355,0.304409672831,0.579945114934,0.437917739848,2,1.33333333333,0.585540043769,2,0.0132849982098,0.0136778115502,6,0.000772200772201,0.266198542396,37,36,36,0.972972972973,0,0.702702702703,0.243243243243,0.027027027027,-83,-0.0623123123123,0,-4.48648648649,-8.3,-2.2,-2.96652034691,0.0256022446537,0.0599866784077,-4.13588372623,-0.0463864505831,-0.00485071537703,-1.13662550638,0.0137757031322,0.051656920078,0,0,0,0.00900900900901,0.00559492883467,0,0.00111487203968,0.00770511530442,-1,-0.0001287001287,-0.3549980388,-0.027027027027,0,0,133,0,83,1116,0.615740740741,1,0,0.384259259259,1,0.615740740741,0.76217765043,0.757044573298,0.615740740741,0.615740740741,4,87,0,0,0,0
2278,WLNM_dir_neg,0.989562689919,0.957054439813,00:00:02,10,60,4,1236052728,threshold_sweep,0.1,1,0.0804597701149,0.148936170213,7,0,80,174,0.0804597701149,1,0,0.919540229885,1,0.0804597701149,0.148936170213,0.693486590038,0.657726692209,0.10447761194,0.234772464817,0.0804597701149,216,129,87,0,216,0,129,0,87,37,216,0.162162162162,1.32432432432,11.6756756757,21.6,6,8.1990990496,0.702237650082,0.31006006006,10.329336629,1.76937710775,0.765265265265,3.0868314707,0.528762798222,0.252752752753,0.579945114934,0.437917739848,2,1.32432432432,0.579945114934,2,0.0121701261701,0.00597269624573,7,0.000900900900901,0.621196581197,37,37,37,1,0,0.72972972973,0.243243243243,0.027027027027,37,0.0968468468468,1.31891891892,6.97297297297,12.9,4.03125,5.2147572996,0.747852791027,0.380054473078,6.30088892151,1.80723170617,0.779803058873,2.39932422919,0.688178267286,0.388434946574,0.56462270482,0.428095083573,2,1.31891891892,0.56462270482,2,0,0,0,0,0.29232990249,37,37,37,1,0,0.72972972973,0.135135135135,0.135135135135,37,136,0.102102102102,1.32432432432,7.35135135135,13.6,3.77777777778,5.44781411932,0.741062950055,0.383744038156,6.38598314912,1.73736306263,0.766295707472,2.17375831803,0.591390130642,0.331875993641,0.579945114934,0.437917739848,2,1.32432432432,0.579945114934,2,0.0126747710999,0.0128755364807,6,0.000772200772201,0.294552124712,37,37,37,1,0,0.72972972973,0.243243243243,0.027027027027,-80,-0.0600600600601,0,-4.32432432432,-8,-2.22222222222,-2.75128493028,0.0388252999729,0.0736839780957,-3.94335347988,-0.0320140451184,0.00103044220691,-0.913073152669,0.0626273324194,0.0791232408879,0,0,0,0,0,0,0.000504644929795,0.00690284023495,-1,-0.0001287001287,-0.326644456484,0,0,0,136,0,80,1116,0.62962962963,1,0,0.37037037037,1,0.62962962963,0.772727272727,0.766494576197,0.62962962963,0.62962962963,7,87,0,0,0,0
2279,WLNM_dir_neg,0.989562689919,0.957054439813,00:00:02,10,60,4,1236052728,threshold_sweep,0.2,1,0.0804597701149,0.148936170213,7,0,80,174,0.0804597701149,1,0,0.919540229885,1,0.0804597701149,0.148936170213,0.693486590038,0.657726692209,0.10447761194,0.234772464817,0.0804597701149,216,129,87,0,216,0,129,0,87,37,216,0.162162162162,1.32432432432,11.6756756757,21.6,6,8.1990990496,0.702237650082,0.31006006006,10.329336629,1.76937710775,0.765265265265,3.0868314707,0.528762798222,0.252752752753,0.579945114934,0.437917739848,2,1.32432432432,0.579945114934,2,0.0121701261701,0.00597269624573,7,0.000900900900901,0.621196581197,37,37,37,1,0,0.72972972973,0.243243243243,0.027027027027,37,0.0968468468468,1.31891891892,6.97297297297,12.9,4.03125,5.2147572996,0.747852791027,0.380054473078,6.30088892151,1.80723170617,0.779803058873,2.39932422919,0.688178267286,0.388434946574,0.56462270482,0.428095083573,2,1.31891891892,0.56462270482,2,0,0,0,0,0.29232990249,37,37,37,1,0,0.72972972973,0.135135135135,0.135135135135,37,136,0.102102102102,1.32432432432,7.35135135135,13.6,3.77777777778,5.44781411932,0.741062950055,0.383744038156,6.38598314912,1.73736306263,0.766295707472,2.17375831803,0.591390130642,0.331875993641,0.579945114934,0.437917739848,2,1.32432432432,0.579945114934,2,0.0126747710999,0.0128755364807,6,0.000772200772201,0.294552124712,37,37,37,1,0,0.72972972973,0.243243243243,0.027027027027,-80,-0.0600600600601,0,-4.32432432432,-8,-2.22222222222,-2.75128493028,0.0388252999729,0.0736839780957,-3.94335347988,-0.0320140451184,0.00103044220691,-0.913073152669,0.0626273324194,0.0791232408879,0,0,0,0,0,0,0.000504644929795,0.00690284023495,-1,-0.0001287001287,-0.326644456484,0,0,0,136,0,80,1116,0.62962962963,1,0,0.37037037037,1,0.62962962963,0.772727272727,0.766494576197,0.62962962963,0.62962962963,7,87,0,0,0,0
2280,WLNM_dir_neg,0.989562689919,0.957054439813,00:00:02,10,60,4,1236052728,threshold_sweep,0.3,1,0.0804597701149,0.148936170213,7,0,80,174,0.0804597701149,1,0,0.919540229885,1,0.0804597701149,0.148936170213,0.693486590038,0.657726692209,0.10447761194,0.234772464817,0.0804597701149,216,129,87,0,216,0,129,0,87,37,216,0.162162162162,1.32432432432,11.6756756757,21.6,6,8.1990990496,0.702237650082,0.31006006006,10.329336629,1.76937710775,0.765265265265,3.0868314707,0.528762798222,0.252752752753,0.579945114934,0.437917739848,2,1.32432432432,0.579945114934,2,0.0121701261701,0.00597269624573,7,0.000900900900901,0.621196581197,37,37,37,1,0,0.72972972973,0.243243243243,0.027027027027,37,0.0968468468468,1.31891891892,6.97297297297,12.9,4.03125,5.2147572996,0.747852791027,0.380054473078,6.30088892151,1.80723170617,0.779803058873,2.39932422919,0.688178267286,0.388434946574,0.56462270482,0.428095083573,2,1.31891891892,0.56462270482,2,0,0,0,0,0.29232990249,37,37,37,1,0,0.72972972973,0.135135135135,0.135135135135,37,136,0.102102102102,1.32432432432,7.35135135135,13.6,3.77777777778,5.44781411932,0.741062950055,0.383744038156,6.38598314912,1.73736306263,0.766295707472,2.17375831803,0.591390130642,0.331875993641,0.579945114934,0.437917739848,2,1.32432432432,0.579945114934,2,0.0126747710999,0.0128755364807,6,0.000772200772201,0.294552124712,37,37,37,1,0,0.72972972973,0.243243243243,0.027027027027,-80,-0.0600600600601,0,-4.32432432432,-8,-2.22222222222,-2.75128493028,0.0388252999729,0.0736839780957,-3.94335347988,-0.0320140451184,0.00103044220691,-0.913073152669,0.0626273324194,0.0791232408879,0,0,0,0,0,0,0.000504644929795,0.00690284023495,-1,-0.0001287001287,-0.326644456484,0,0,0,136,0,80,1116,0.62962962963,1,0,0.37037037037,1,0.62962962963,0.772727272727,0.766494576197,0.62962962963,0.62962962963,7,87,0,0,0,0
2281,WLNM_dir_neg,0.989562689919,0.957054439813,00:00:02,10,60,4,1236052728,threshold_sweep,0.4,1,0.0804597701149,0.148936170213,7,0,80,174,0.0804597701149,1,0,0.919540229885,1,0.0804597701149,0.148936170213,0.693486590038,0.657726692209,0.10447761194,0.234772464817,0.0804597701149,216,129,87,0,216,0,129,0,87,37,216,0.162162162162,1.32432432432,11.6756756757,21.6,6,8.1990990496,0.702237650082,0.31006006006,10.329336629,1.76937710775,0.765265265265,3.0868314707,0.528762798222,0.252752752753,0.579945114934,0.437917739848,2,1.32432432432,0.579945114934,2,0.0121701261701,0.00597269624573,7,0.000900900900901,0.621196581197,37,37,37,1,0,0.72972972973,0.243243243243,0.027027027027,37,0.0968468468468,1.31891891892,6.97297297297,12.9,4.03125,5.2147572996,0.747852791027,0.380054473078,6.30088892151,1.80723170617,0.779803058873,2.39932422919,0.688178267286,0.388434946574,0.56462270482,0.428095083573,2,1.31891891892,0.56462270482,2,0,0,0,0,0.29232990249,37,37,37,1,0,0.72972972973,0.135135135135,0.135135135135,37,136,0.102102102102,1.32432432432,7.35135135135,13.6,3.77777777778,5.44781411932,0.741062950055,0.383744038156,6.38598314912,1.73736306263,0.766295707472,2.17375831803,0.591390130642,0.331875993641,0.579945114934,0.437917739848,2,1.32432432432,0.579945114934,2,0.0126747710999,0.0128755364807,6,0.000772200772201,0.294552124712,37,37,37,1,0,0.72972972973,0.243243243243,0.027027027027,-80,-0.0600600600601,0,-4.32432432432,-8,-2.22222222222,-2.75128493028,0.0388252999729,0.0736839780957,-3.94335347988,-0.0320140451184,0.00103044220691,-0.913073152669,0.0626273324194,0.0791232408879,0,0,0,0,0,0,0.000504644929795,0.00690284023495,-1,-0.0001287001287,-0.326644456484,0,0,0,136,0,80,1116,0.62962962963,1,0,0.37037037037,1,0.62962962963,0.772727272727,0.766494576197,0.62962962963,0.62962962963,7,87,0,0,0,0
2282,WLNM_dir_neg,0.989562689919,0.957054439813,00:00:02,10,60,4,1236052728,threshold_sweep,0.5,1,0.0804597701149,0.148936170213,7,0,80,174,0.0804597701149,1,0,0.919540229885,1,0.0804597701149,0.148936170213,0.693486590038,0.657726692209,0.10447761194,0.234772464817,0.0804597701149,216,129,87,0,216,0,129,0,87,37,216,0.162162162162,1.32432432432,11.6756756757,21.6,6,8.1990990496,0.702237650082,0.31006006006,10.329336629,1.76937710775,0.765265265265,3.0868314707,0.528762798222,0.252752752753,0.579945114934,0.437917739848,2,1.32432432432,0.579945114934,2,0.0121701261701,0.00597269624573,7,0.000900900900901,0.621196581197,37,37,37,1,0,0.72972972973,0.243243243243,0.027027027027,37,0.0968468468468,1.31891891892,6.97297297297,12.9,4.03125,5.2147572996,0.747852791027,0.380054473078,6.30088892151,1.80723170617,0.779803058873,2.39932422919,0.688178267286,0.388434946574,0.56462270482,0.428095083573,2,1.31891891892,0.56462270482,2,0,0,0,0,0.29232990249,37,37,37,1,0,0.72972972973,0.135135135135,0.135135135135,37,136,0.102102102102,1.32432432432,7.35135135135,13.6,3.77777777778,5.44781411932,0.741062950055,0.383744038156,6.38598314912,1.73736306263,0.766295707472,2.17375831803,0.591390130642,0.331875993641,0.579945114934,0.437917739848,2,1.32432432432,0.579945114934,2,0.0126747710999,0.0128755364807,6,0.000772200772201,0.294552124712,37,37,37,1,0,0.72972972973,0.243243243243,0.027027027027,-80,-0.0600600600601,0,-4.32432432432,-8,-2.22222222222,-2.75128493028,0.0388252999729,0.0736839780957,-3.94335347988,-0.0320140451184,0.00103044220691,-0.913073152669,0.0626273324194,0.0791232408879,0,0,0,0,0,0,0.000504644929795,0.00690284023495,-1,-0.0001287001287,-0.326644456484,0,0,0,136,0,80,1116,0.62962962963,1,0,0.37037037037,1,0.62962962963,0.772727272727,0.766494576197,0.62962962963,0.62962962963,7,87,0,0,0,0
2283,WLNM_dir_neg,0.989562689919,0.957054439813,00:00:02,10,60,4,1236052728,threshold_sweep,0.6,1,0.0804597701149,0.148936170213,7,0,80,174,0.0804597701149,1,0,0.919540229885,1,0.0804597701149,0.148936170213,0.693486590038,0.657726692209,0.10447761194,0.234772464817,0.0804597701149,216,129,87,0,216,0,129,0,87,37,216,0.162162162162,1.32432432432,11.6756756757,21.6,6,8.1990990496,0.702237650082,0.31006006006,10.329336629,1.76937710775,0.765265265265,3.0868314707,0.528762798222,0.252752752753,0.579945114934,0.437917739848,2,1.32432432432,0.579945114934,2,0.0121701261701,0.00597269624573,7,0.000900900900901,0.621196581197,37,37,37,1,0,0.72972972973,0.243243243243,0.027027027027,37,0.0968468468468,1.31891891892,6.97297297297,12.9,4.03125,5.2147572996,0.747852791027,0.380054473078,6.30088892151,1.80723170617,0.779803058873,2.39932422919,0.688178267286,0.388434946574,0.56462270482,0.428095083573,2,1.31891891892,0.56462270482,2,0,0,0,0,0.29232990249,37,37,37,1,0,0.72972972973,0.135135135135,0.135135135135,37,136,0.102102102102,1.32432432432,7.35135135135,13.6,3.77777777778,5.44781411932,0.741062950055,0.383744038156,6.38598314912,1.73736306263,0.766295707472,2.17375831803,0.591390130642,0.331875993641,0.579945114934,0.437917739848,2,1.32432432432,0.579945114934,2,0.0126747710999,0.0128755364807,6,0.000772200772201,0.294552124712,37,37,37,1,0,0.72972972973,0.243243243243,0.027027027027,-80,-0.0600600600601,0,-4.32432432432,-8,-2.22222222222,-2.75128493028,0.0388252999729,0.0736839780957,-3.94335347988,-0.0320140451184,0.00103044220691,-0.913073152669,0.0626273324194,0.0791232408879,0,0,0,0,0,0,0.000504644929795,0.00690284023495,-1,-0.0001287001287,-0.326644456484,0,0,0,136,0,80,1116,0.62962962963,1,0,0.37037037037,1,0.62962962963,0.772727272727,0.766494576197,0.62962962963,0.62962962963,7,87,0,0,0,0
2284,WLNM_dir_neg,0.989562689919,0.957054439813,00:00:02,10,60,4,1236052728,threshold_sweep,0.7,1,0.0804597701149,0.148936170213,7,0,80,174,0.0804597701149,1,0,0.919540229885,1,0.0804597701149,0.148936170213,0.693486590038,0.657726692209,0.10447761194,0.234772464817,0.0804597701149,216,129,87,0,216,0,129,0,87,37,216,0.162162162162,1.32432432432,11.6756756757,21.6,6,8.1990990496,0.702237650082,0.31006006006,10.329336629,1.76937710775,0.765265265265,3.0868314707,0.528762798222,0.252752752753,0.579945114934,0.437917739848,2,1.32432432432,0.579945114934,2,0.0121701261701,0.00597269624573,7,0.000900900900901,0.621196581197,37,37,37,1,0,0.72972972973,0.243243243243,0.027027027027,37,0.0968468468468,1.31891891892,6.97297297297,12.9,4.03125,5.2147572996,0.747852791027,0.380054473078,6.30088892151,1.80723170617,0.779803058873,2.39932422919,0.688178267286,0.388434946574,0.56462270482,0.428095083573,2,1.31891891892,0.56462270482,2,0,0,0,0,0.29232990249,37,37,37,1,0,0.72972972973,0.135135135135,0.135135135135,37,136,0.102102102102,1.32432432432,7.35135135135,13.6,3.77777777778,5.44781411932,0.741062950055,0.383744038156,6.38598314912,1.73736306263,0.766295707472,2.17375831803,0.591390130642,0.331875993641,0.579945114934,0.437917739848,2,1.32432432432,0.579945114934,2,0.0126747710999,0.0128755364807,6,0.000772200772201,0.294552124712,37,37,37,1,0,0.72972972973,0.243243243243,0.027027027027,-80,-0.0600600600601,0,-4.32432432432,-8,-2.22222222222,-2.75128493028,0.0388252999729,0.0736839780957,-3.94335347988,-0.0320140451184,0.00103044220691,-0.913073152669,0.0626273324194,0.0791232408879,0,0,0,0,0,0,0.000504644929795,0.00690284023495,-1,-0.0001287001287,-0.326644456484,0,0,0,136,0,80,1116,0.62962962963,1,0,0.37037037037,1,0.62962962963,0.772727272727,0.766494576197,0.62962962963,0.62962962963,7,87,0,0,0,0
2285,WLNM_dir_neg,0.989562689919,0.957054439813,00:00:02,10,60,4,1236052728,threshold_sweep,0.8,1,0.0804597701149,0.148936170213,7,0,80,174,0.0804597701149,1,0,0.919540229885,1,0.0804597701149,0.148936170213,0.693486590038,0.657726692209,0.10447761194,0.234772464817,0.0804597701149,216,129,87,0,216,0,129,0,87,37,216,0.162162162162,1.32432432432,11.6756756757,21.6,6,8.1990990496,0.702237650082,0.31006006006,10.329336629,1.76937710775,0.765265265265,3.0868314707,0.528762798222,0.252752752753,0.579945114934,0.437917739848,2,1.32432432432,0.579945114934,2,0.0121701261701,0.00597269624573,7,0.000900900900901,0.621196581197,37,37,37,1,0,0.72972972973,0.243243243243,0.027027027027,37,0.0968468468468,1.31891891892,6.97297297297,12.9,4.03125,5.2147572996,0.747852791027,0.380054473078,6.30088892151,1.80723170617,0.779803058873,2.39932422919,0.688178267286,0.388434946574,0.56462270482,0.428095083573,2,1.31891891892,0.56462270482,2,0,0,0,0,0.29232990249,37,37,37,1,0,0.72972972973,0.135135135135,0.135135135135,37,136,0.102102102102,1.32432432432,7.35135135135,13.6,3.77777777778,5.44781411932,0.741062950055,0.383744038156,6.38598314912,1.73736306263,0.766295707472,2.17375831803,0.591390130642,0.331875993641,0.579945114934,0.437917739848,2,1.32432432432,0.579945114934,2,0.0126747710999,0.0128755364807,6,0.000772200772201,0.294552124712,37,37,37,1,0,0.72972972973,0.243243243243,0.027027027027,-80,-0.0600600600601,0,-4.32432432432,-8,-2.22222222222,-2.75128493028,0.0388252999729,0.0736839780957,-3.94335347988,-0.0320140451184,0.00103044220691,-0.913073152669,0.0626273324194,0.0791232408879,0,0,0,0,0,0,0.000504644929795,0.00690284023495,-1,-0.0001287001287,-0.326644456484,0,0,0,136,0,80,1116,0.62962962963,1,0,0.37037037037,1,0.62962962963,0.772727272727,0.766494576197,0.62962962963,0.62962962963,7,87,0,0,0,0
2286,WLNM_dir_neg,0.989562689919,0.957054439813,00:00:02,10,60,4,1236052728,threshold_sweep,0.9,1,0.0804597701149,0.148936170213,7,0,80,174,0.0804597701149,1,0,0.919540229885,1,0.0804597701149,0.148936170213,0.693486590038,0.657726692209,0.10447761194,0.234772464817,0.0804597701149,216,129,87,0,216,0,129,0,87,37,216,0.162162162162,1.32432432432,11.6756756757,21.6,6,8.1990990496,0.702237650082,0.31006006006,10.329336629,1.76937710775,0.765265265265,3.0868314707,0.528762798222,0.252752752753,0.579945114934,0.437917739848,2,1.32432432432,0.579945114934,2,0.0121701261701,0.00597269624573,7,0.000900900900901,0.621196581197,37,37,37,1,0,0.72972972973,0.243243243243,0.027027027027,37,0.0968468468468,1.31891891892,6.97297297297,12.9,4.03125,5.2147572996,0.747852791027,0.380054473078,6.30088892151,1.80723170617,0.779803058873,2.39932422919,0.688178267286,0.388434946574,0.56462270482,0.428095083573,2,1.31891891892,0.56462270482,2,0,0,0,0,0.29232990249,37,37,37,1,0,0.72972972973,0.135135135135,0.135135135135,37,136,0.102102102102,1.32432432432,7.35135135135,13.6,3.77777777778,5.44781411932,0.741062950055,0.383744038156,6.38598314912,1.73736306263,0.766295707472,2.17375831803,0.591390130642,0.331875993641,0.579945114934,0.437917739848,2,1.32432432432,0.579945114934,2,0.0126747710999,0.0128755364807,6,0.000772200772201,0.294552124712,37,37,37,1,0,0.72972972973,0.243243243243,0.027027027027,-80,-0.0600600600601,0,-4.32432432432,-8,-2.22222222222,-2.75128493028,0.0388252999729,0.0736839780957,-3.94335347988,-0.0320140451184,0.00103044220691,-0.913073152669,0.0626273324194,0.0791232408879,0,0,0,0,0,0,0.000504644929795,0.00690284023495,-1,-0.0001287001287,-0.326644456484,0,0,0,136,0,80,1116,0.62962962963,1,0,0.37037037037,1,0.62962962963,0.772727272727,0.766494576197,0.62962962963,0.62962962963,7,87,0,0,0,0
2287,WLNM_dir_neg,0.991544457656,0.888835076844,00:00:02,10,60,5,1236052729,threshold_sweep,0.1,0.833333333333,0.0574712643678,0.10752688172,5,1,82,173,0.0574712643678,0.994252873563,0.00574712643678,0.942528735632,0.833333333333,0.0574712643678,0.10752688172,0.681992337165,0.659003831418,0.0674157303371,0.162697843364,0.051724137931,216,129,87,0,216,0,129,0,87,37,216,0.162162162162,1.32432432432,11.6756756757,21.6,6,8.1990990496,0.702237650082,0.31006006006,10.329336629,1.76937710775,0.765265265265,3.0868314707,0.528762798222,0.252752752753,0.579945114934,0.437917739848,2,1.32432432432,0.579945114934,2,0.0121701261701,0.00597269624573,7,0.000900900900901,0.621196581197,37,37,37,1,0,0.72972972973,0.243243243243,0.027027027027,37,0.0968468468468,1.31891891892,6.97297297297,12.9,3.79411764706,5.05792275372,0.725361015068,0.365388644458,6.12654344101,1.75722563812,0.769327467002,2.08994446526,0.599441435772,0.337733081919,0.56462270482,0.428095083573,2,1.31891891892,0.56462270482,2,0,0,0,0,0.263771678501,37,37,37,1,0,0.72972972973,0.189189189189,0.0810810810811,37,135,0.101351351351,1.32808758125,7.2972972973,13.5,3.64864864865,5.30128320349,0.7264721427,0.374774774775,6.23260341634,1.7081950104,0.757957957958,1.87403628887,0.513624760654,0.287887887888,0.591382825656,0.445289026119,2.12658227848,1.32808758125,0.591382825656,2.12658227848,0.0132051282051,0.0156950672646,7,0.000900900900901,0.266801981531,37,37,37,1,0,0.72972972973,0.27027027027,0,-81,-0.0608108108108,0.00376325692781,-4.37837837838,-8.1,-2.35135135135,-2.89781584611,0.0242344926186,0.0647147147147,-4.09673321266,-0.0611820973416,-0.00730730730731,-1.21279518183,-0.0151380375684,0.0351351351351,0.0114377107216,0.00737128627021,0.126582278481,0.00376325692781,0.0114377107216,0.126582278481,0.001035002035,0.00972237101884,0,0,-0.354394599665,0,0.027027027027,-0.027027027027,134,1,82,1115,0.62037037037,0.999103942652,0.00089605734767,0.37962962963,0.992592592593,0.62037037037,0.763532763533,0.756603448044,0.619474313023,0.617511520737,6,87,0,0,0,0
2288,WLNM_dir_neg,0.991544457656,0.888835076844,00:00:02,10,60,5,1236052729,threshold_sweep,0.2,0.833333333333,0.0574712643678,0.10752688172,5,1,82,173,0.0574712643678,0.994252873563,0.00574712643678,0.942528735632,0.833333333333,0.0574712643678,0.10752688172,0.681992337165,0.659003831418,0.0674157303371,0.162697843364,0.051724137931,216,129,87,0,216,0,129,0,87,37,216,0.162162162162,1.32432432432,11.6756756757,21.6,6,8.1990990496,0.702237650082,0.31006006006,10.329336629,1.76937710775,0.765265265265,3.0868314707,0.528762798222,0.252752752753,0.579945114934,0.437917739848,2,1.32432432432,0.579945114934,2,0.0121701261701,0.00597269624573,7,0.000900900900901,0.621196581197,37,37,37,1,0,0.72972972973,0.243243243243,0.027027027027,37,0.0968468468468,1.31891891892,6.97297297297,12.9,3.79411764706,5.05792275372,0.725361015068,0.365388644458,6.12654344101,1.75722563812,0.769327467002,2.08994446526,0.599441435772,0.337733081919,0.56462270482,0.428095083573,2,1.31891891892,0.56462270482,2,0,0,0,0,0.263771678501,37,37,37,1,0,0.72972972973,0.189189189189,0.0810810810811,37,135,0.101351351351,1.32808758125,7.2972972973,13.5,3.64864864865,5.30128320349,0.7264721427,0.374774774775,6.23260341634,1.7081950104,0.757957957958,1.87403628887,0.513624760654,0.287887887888,0.591382825656,0.445289026119,2.12658227848,1.32808758125,0.591382825656,2.12658227848,0.0132051282051,0.0156950672646,7,0.000900900900901,0.266801981531,37,37,37,1,0,0.72972972973,0.27027027027,0,-81,-0.0608108108108,0.00376325692781,-4.37837837838,-8.1,-2.35135135135,-2.89781584611,0.0242344926186,0.0647147147147,-4.09673321266,-0.0611820973416,-0.00730730730731,-1.21279518183,-0.0151380375684,0.0351351351351,0.0114377107216,0.00737128627021,0.126582278481,0.00376325692781,0.0114377107216,0.126582278481,0.001035002035,0.00972237101884,0,0,-0.354394599665,0,0.027027027027,-0.027027027027,134,1,82,1115,0.62037037037,0.999103942652,0.00089605734767,0.37962962963,0.992592592593,0.62037037037,0.763532763533,0.756603448044,0.619474313023,0.617511520737,6,87,0,0,0,0
2289,WLNM_dir_neg,0.991544457656,0.888835076844,00:00:02,10,60,5,1236052729,threshold_sweep,0.3,0.833333333333,0.0574712643678,0.10752688172,5,1,82,173,0.0574712643678,0.994252873563,0.00574712643678,0.942528735632,0.833333333333,0.0574712643678,0.10752688172,0.681992337165,0.659003831418,0.0674157303371,0.162697843364,0.051724137931,216,129,87,0,216,0,129,0,87,37,216,0.162162162162,1.32432432432,11.6756756757,21.6,6,8.1990990496,0.702237650082,0.31006006006,10.329336629,1.76937710775,0.765265265265,3.0868314707,0.528762798222,0.252752752753,0.579945114934,0.437917739848,2,1.32432432432,0.579945114934,2,0.0121701261701,0.00597269624573,7,0.000900900900901,0.621196581197,37,37,37,1,0,0.72972972973,0.243243243243,0.027027027027,37,0.0968468468468,1.31891891892,6.97297297297,12.9,3.79411764706,5.05792275372,0.725361015068,0.365388644458,6.12654344101,1.75722563812,0.769327467002,2.08994446526,0.599441435772,0.337733081919,0.56462270482,0.428095083573,2,1.31891891892,0.56462270482,2,0,0,0,0,0.263771678501,37,37,37,1,0,0.72972972973,0.189189189189,0.0810810810811,37,135,0.101351351351,1.32808758125,7.2972972973,13.5,3.64864864865,5.30128320349,0.7264721427,0.374774774775,6.23260341634,1.7081950104,0.757957957958,1.87403628887,0.513624760654,0.287887887888,0.591382825656,0.445289026119,2.12658227848,1.32808758125,0.591382825656,2.12658227848,0.0132051282051,0.0156950672646,7,0.000900900900901,0.266801981531,37,37,37,1,0,0.72972972973,0.27027027027,0,-81,-0.0608108108108,0.00376325692781,-4.37837837838,-8.1,-2.35135135135,-2.89781584611,0.0242344926186,0.0647147147147,-4.09673321266,-0.0611820973416,-0.00730730730731,-1.21279518183,-0.0151380375684,0.0351351351351,0.0114377107216,0.00737128627021,0.126582278481,0.00376325692781,0.0114377107216,0.126582278481,0.001035002035,0.00972237101884,0,0,-0.354394599665,0,0.027027027027,-0.027027027027,134,1,82,1115,0.62037037037,0.999103942652,0.00089605734767,0.37962962963,0.992592592593,0.62037037037,0.763532763533,0.756603448044,0.619474313023,0.617511520737,6,87,0,0,0,0
2290,WLNM_dir_neg,0.991544457656,0.888835076844,00:00:02,10,60,5,1236052729,threshold_sweep,0.4,0.833333333333,0.0574712643678,0.10752688172,5,1,82,173,0.0574712643678,0.994252873563,0.00574712643678,0.942528735632,0.833333333333,0.0574712643678,0.10752688172,0.681992337165,0.659003831418,0.0674157303371,0.162697843364,0.051724137931,216,129,87,0,216,0,129,0,87,37,216,0.162162162162,1.32432432432,11.6756756757,21.6,6,8.1990990496,0.702237650082,0.31006006006,10.329336629,1.76937710775,0.765265265265,3.0868314707,0.528762798222,0.252752752753,0.579945114934,0.437917739848,2,1.32432432432,0.579945114934,2,0.0121701261701,0.00597269624573,7,0.000900900900901,0.621196581197,37,37,37,1,0,0.72972972973,0.243243243243,0.027027027027,37,0.0968468468468,1.31891891892,6.97297297297,12.9,3.79411764706,5.05792275372,0.725361015068,0.365388644458,6.12654344101,1.75722563812,0.769327467002,2.08994446526,0.599441435772,0.337733081919,0.56462270482,0.428095083573,2,1.31891891892,0.56462270482,2,0,0,0,0,0.263771678501,37,37,37,1,0,0.72972972973,0.189189189189,0.0810810810811,37,135,0.101351351351,1.32808758125,7.2972972973,13.5,3.64864864865,5.30128320349,0.7264721427,0.374774774775,6.23260341634,1.7081950104,0.757957957958,1.87403628887,0.513624760654,0.287887887888,0.591382825656,0.445289026119,2.12658227848,1.32808758125,0.591382825656,2.12658227848,0.0132051282051,0.0156950672646,7,0.000900900900901,0.266801981531,37,37,37,1,0,0.72972972973,0.27027027027,0,-81,-0.0608108108108,0.00376325692781,-4.37837837838,-8.1,-2.35135135135,-2.89781584611,0.0242344926186,0.0647147147147,-4.09673321266,-0.0611820973416,-0.00730730730731,-1.21279518183,-0.0151380375684,0.0351351351351,0.0114377107216,0.00737128627021,0.126582278481,0.00376325692781,0.0114377107216,0.126582278481,0.001035002035,0.00972237101884,0,0,-0.354394599665,0,0.027027027027,-0.027027027027,134,1,82,1115,0.62037037037,0.999103942652,0.00089605734767,0.37962962963,0.992592592593,0.62037037037,0.763532763533,0.756603448044,0.619474313023,0.617511520737,6,87,0,0,0,0
2291,WLNM_dir_neg,0.991544457656,0.888835076844,00:00:02,10,60,5,1236052729,threshold_sweep,0.5,0.833333333333,0.0574712643678,0.10752688172,5,1,82,173,0.0574712643678,0.994252873563,0.00574712643678,0.942528735632,0.833333333333,0.0574712643678,0.10752688172,0.681992337165,0.659003831418,0.0674157303371,0.162697843364,0.051724137931,216,129,87,0,216,0,129,0,87,37,216,0.162162162162,1.32432432432,11.6756756757,21.6,6,8.1990990496,0.702237650082,0.31006006006,10.329336629,1.76937710775,0.765265265265,3.0868314707,0.528762798222,0.252752752753,0.579945114934,0.437917739848,2,1.32432432432,0.579945114934,2,0.0121701261701,0.00597269624573,7,0.000900900900901,0.621196581197,37,37,37,1,0,0.72972972973,0.243243243243,0.027027027027,37,0.0968468468468,1.31891891892,6.97297297297,12.9,3.79411764706,5.05792275372,0.725361015068,0.365388644458,6.12654344101,1.75722563812,0.769327467002,2.08994446526,0.599441435772,0.337733081919,0.56462270482,0.428095083573,2,1.31891891892,0.56462270482,2,0,0,0,0,0.263771678501,37,37,37,1,0,0.72972972973,0.189189189189,0.0810810810811,37,135,0.101351351351,1.32808758125,7.2972972973,13.5,3.64864864865,5.30128320349,0.7264721427,0.374774774775,6.23260341634,1.7081950104,0.757957957958,1.87403628887,0.513624760654,0.287887887888,0.591382825656,0.445289026119,2.12658227848,1.32808758125,0.591382825656,2.12658227848,0.0132051282051,0.0156950672646,7,0.000900900900901,0.266801981531,37,37,37,1,0,0.72972972973,0.27027027027,0,-81,-0.0608108108108,0.00376325692781,-4.37837837838,-8.1,-2.35135135135,-2.89781584611,0.0242344926186,0.0647147147147,-4.09673321266,-0.0611820973416,-0.00730730730731,-1.21279518183,-0.0151380375684,0.0351351351351,0.0114377107216,0.00737128627021,0.126582278481,0.00376325692781,0.0114377107216,0.126582278481,0.001035002035,0.00972237101884,0,0,-0.354394599665,0,0.027027027027,-0.027027027027,134,1,82,1115,0.62037037037,0.999103942652,0.00089605734767,0.37962962963,0.992592592593,0.62037037037,0.763532763533,0.756603448044,0.619474313023,0.617511520737,6,87,0,0,0,0
2292,WLNM_dir_neg,0.991544457656,0.888835076844,00:00:02,10,60,5,1236052729,threshold_sweep,0.6,0.833333333333,0.0574712643678,0.10752688172,5,1,82,173,0.0574712643678,0.994252873563,0.00574712643678,0.942528735632,0.833333333333,0.0574712643678,0.10752688172,0.681992337165,0.659003831418,0.0674157303371,0.162697843364,0.051724137931,216,129,87,0,216,0,129,0,87,37,216,0.162162162162,1.32432432432,11.6756756757,21.6,6,8.1990990496,0.702237650082,0.31006006006,10.329336629,1.76937710775,0.765265265265,3.0868314707,0.528762798222,0.252752752753,0.579945114934,0.437917739848,2,1.32432432432,0.579945114934,2,0.0121701261701,0.00597269624573,7,0.000900900900901,0.621196581197,37,37,37,1,0,0.72972972973,0.243243243243,0.027027027027,37,0.0968468468468,1.31891891892,6.97297297297,12.9,3.79411764706,5.05792275372,0.725361015068,0.365388644458,6.12654344101,1.75722563812,0.769327467002,2.08994446526,0.599441435772,0.337733081919,0.56462270482,0.428095083573,2,1.31891891892,0.56462270482,2,0,0,0,0,0.263771678501,37,37,37,1,0,0.72972972973,0.189189189189,0.0810810810811,37,135,0.101351351351,1.32808758125,7.2972972973,13.5,3.64864864865,5.30128320349,0.7264721427,0.374774774775,6.23260341634,1.7081950104,0.757957957958,1.87403628887,0.513624760654,0.287887887888,0.591382825656,0.445289026119,2.12658227848,1.32808758125,0.591382825656,2.12658227848,0.0132051282051,0.0156950672646,7,0.000900900900901,0.266801981531,37,37,37,1,0,0.72972972973,0.27027027027,0,-81,-0.0608108108108,0.00376325692781,-4.37837837838,-8.1,-2.35135135135,-2.89781584611,0.0242344926186,0.0647147147147,-4.09673321266,-0.0611820973416,-0.00730730730731,-1.21279518183,-0.0151380375684,0.0351351351351,0.0114377107216,0.00737128627021,0.126582278481,0.00376325692781,0.0114377107216,0.126582278481,0.001035002035,0.00972237101884,0,0,-0.354394599665,0,0.027027027027,-0.027027027027,134,1,82,1115,0.62037037037,0.999103942652,0.00089605734767,0.37962962963,0.992592592593,0.62037037037,0.763532763533,0.756603448044,0.619474313023,0.617511520737,6,87,0,0,0,0
2293,WLNM_dir_neg,0.991544457656,0.888835076844,00:00:02,10,60,5,1236052729,threshold_sweep,0.7,0.833333333333,0.0574712643678,0.10752688172,5,1,82,173,0.0574712643678,0.994252873563,0.00574712643678,0.942528735632,0.833333333333,0.0574712643678,0.10752688172,0.681992337165,0.659003831418,0.0674157303371,0.162697843364,0.051724137931,216,129,87,0,216,0,129,0,87,37,216,0.162162162162,1.32432432432,11.6756756757,21.6,6,8.1990990496,0.702237650082,0.31006006006,10.329336629,1.76937710775,0.765265265265,3.0868314707,0.528762798222,0.252752752753,0.579945114934,0.437917739848,2,1.32432432432,0.579945114934,2,0.0121701261701,0.00597269624573,7,0.000900900900901,0.621196581197,37,37,37,1,0,0.72972972973,0.243243243243,0.027027027027,37,0.0968468468468,1.31891891892,6.97297297297,12.9,3.79411764706,5.05792275372,0.725361015068,0.365388644458,6.12654344101,1.75722563812,0.769327467002,2.08994446526,0.599441435772,0.337733081919,0.56462270482,0.428095083573,2,1.31891891892,0.56462270482,2,0,0,0,0,0.263771678501,37,37,37,1,0,0.72972972973,0.189189189189,0.0810810810811,37,135,0.101351351351,1.32808758125,7.2972972973,13.5,3.64864864865,5.30128320349,0.7264721427,0.374774774775,6.23260341634,1.7081950104,0.757957957958,1.87403628887,0.513624760654,0.287887887888,0.591382825656,0.445289026119,2.12658227848,1.32808758125,0.591382825656,2.12658227848,0.0132051282051,0.0156950672646,7,0.000900900900901,0.266801981531,37,37,37,1,0,0.72972972973,0.27027027027,0,-81,-0.0608108108108,0.00376325692781,-4.37837837838,-8.1,-2.35135135135,-2.89781584611,0.0242344926186,0.0647147147147,-4.09673321266,-0.0611820973416,-0.00730730730731,-1.21279518183,-0.0151380375684,0.0351351351351,0.0114377107216,0.00737128627021,0.126582278481,0.00376325692781,0.0114377107216,0.126582278481,0.001035002035,0.00972237101884,0,0,-0.354394599665,0,0.027027027027,-0.027027027027,134,1,82,1115,0.62037037037,0.999103942652,0.00089605734767,0.37962962963,0.992592592593,0.62037037037,0.763532763533,0.756603448044,0.619474313023,0.617511520737,6,87,0,0,0,0
2294,WLNM_dir_neg,0.991544457656,0.888835076844,00:00:02,10,60,5,1236052729,threshold_sweep,0.8,0.833333333333,0.0574712643678,0.10752688172,5,1,82,173,0.0574712643678,0.994252873563,0.00574712643678,0.942528735632,0.833333333333,0.0574712643678,0.10752688172,0.681992337165,0.659003831418,0.0674157303371,0.162697843364,0.051724137931,216,129,87,0,216,0,129,0,87,37,216,0.162162162162,1.32432432432,11.6756756757,21.6,6,8.1990990496,0.702237650082,0.31006006006,10.329336629,1.76937710775,0.765265265265,3.0868314707,0.528762798222,0.252752752753,0.579945114934,0.437917739848,2,1.32432432432,0.579945114934,2,0.0121701261701,0.00597269624573,7,0.000900900900901,0.621196581197,37,37,37,1,0,0.72972972973,0.243243243243,0.027027027027,37,0.0968468468468,1.31891891892,6.97297297297,12.9,3.79411764706,5.05792275372,0.725361015068,0.365388644458,6.12654344101,1.75722563812,0.769327467002,2.08994446526,0.599441435772,0.337733081919,0.56462270482,0.428095083573,2,1.31891891892,0.56462270482,2,0,0,0,0,0.263771678501,37,37,37,1,0,0.72972972973,0.189189189189,0.0810810810811,37,135,0.101351351351,1.32808758125,7.2972972973,13.5,3.64864864865,5.30128320349,0.7264721427,0.374774774775,6.23260341634,1.7081950104,0.757957957958,1.87403628887,0.513624760654,0.287887887888,0.591382825656,0.445289026119,2.12658227848,1.32808758125,0.591382825656,2.12658227848,0.0132051282051,0.0156950672646,7,0.000900900900901,0.266801981531,37,37,37,1,0,0.72972972973,0.27027027027,0,-81,-0.0608108108108,0.00376325692781,-4.37837837838,-8.1,-2.35135135135,-2.89781584611,0.0242344926186,0.0647147147147,-4.09673321266,-0.0611820973416,-0.00730730730731,-1.21279518183,-0.0151380375684,0.0351351351351,0.0114377107216,0.00737128627021,0.126582278481,0.00376325692781,0.0114377107216,0.126582278481,0.001035002035,0.00972237101884,0,0,-0.354394599665,0,0.027027027027,-0.027027027027,134,1,82,1115,0.62037037037,0.999103942652,0.00089605734767,0.37962962963,0.992592592593,0.62037037037,0.763532763533,0.756603448044,0.619474313023,0.617511520737,6,87,0,0,0,0
2295,WLNM_dir_neg,0.991544457656,0.888835076844,00:00:02,10,60,5,1236052729,threshold_sweep,0.9,0.833333333333,0.0574712643678,0.10752688172,5,1,82,173,0.0574712643678,0.994252873563,0.00574712643678,0.942528735632,0.833333333333,0.0574712643678,0.10752688172,0.681992337165,0.659003831418,0.0674157303371,0.162697843364,0.051724137931,216,129,87,0,216,0,129,0,87,37,216,0.162162162162,1.32432432432,11.6756756757,21.6,6,8.1990990496,0.702237650082,0.31006006006,10.329336629,1.76937710775,0.765265265265,3.0868314707,0.528762798222,0.252752752753,0.579945114934,0.437917739848,2,1.32432432432,0.579945114934,2,0.0121701261701,0.00597269624573,7,0.000900900900901,0.621196581197,37,37,37,1,0,0.72972972973,0.243243243243,0.027027027027,37,0.0968468468468,1.31891891892,6.97297297297,12.9,3.79411764706,5.05792275372,0.725361015068,0.365388644458,6.12654344101,1.75722563812,0.769327467002,2.08994446526,0.599441435772,0.337733081919,0.56462270482,0.428095083573,2,1.31891891892,0.56462270482,2,0,0,0,0,0.263771678501,37,37,37,1,0,0.72972972973,0.189189189189,0.0810810810811,37,135,0.101351351351,1.32808758125,7.2972972973,13.5,3.64864864865,5.30128320349,0.7264721427,0.374774774775,6.23260341634,1.7081950104,0.757957957958,1.87403628887,0.513624760654,0.287887887888,0.591382825656,0.445289026119,2.12658227848,1.32808758125,0.591382825656,2.12658227848,0.0132051282051,0.0156950672646,7,0.000900900900901,0.266801981531,37,37,37,1,0,0.72972972973,0.27027027027,0,-81,-0.0608108108108,0.00376325692781,-4.37837837838,-8.1,-2.35135135135,-2.89781584611,0.0242344926186,0.0647147147147,-4.09673321266,-0.0611820973416,-0.00730730730731,-1.21279518183,-0.0151380375684,0.0351351351351,0.0114377107216,0.00737128627021,0.126582278481,0.00376325692781,0.0114377107216,0.126582278481,0.001035002035,0.00972237101884,0,0,-0.354394599665,0,0.027027027027,-0.027027027027,134,1,82,1115,0.62037037037,0.999103942652,0.00089605734767,0.37962962963,0.992592592593,0.62037037037,0.763532763533,0.756603448044,0.619474313023,0.617511520737,6,87,0,0,0,0
2296,WLNM_dir_neg,0.974930638129,0.801865587084,00:00:02,10,60,6,1236052730,threshold_sweep,0.1,1,0.0919540229885,0.168421052632,8,0,79,174,0.0919540229885,1,0,0.908045977011,1,0.0919540229885,0.168421052632,0.697318007663,0.656449553001,0.118959107807,0.251477845385,0.0919540229885,216,129,87,0,216,0,129,0,87,37,216,0.162162162162,1.32432432432,11.6756756757,21.6,6,8.1990990496,0.702237650082,0.31006006006,10.329336629,1.76937710775,0.765265265265,3.0868314707,0.528762798222,0.252752752753,0.579945114934,0.437917739848,2,1.32432432432,0.579945114934,2,0.0121701261701,0.00597269624573,7,0.000900900900901,0.621196581197,37,37,37,1,0,0.72972972973,0.243243243243,0.027027027027,37,0.0968468468468,1.32432432432,6.97297297297,12.9,4.03125,5.16121479287,0.740174214481,0.369578881207,6.34044171972,1.81857630721,0.778126964173,2.30484539879,0.661079688024,0.366645715483,0.579945114934,0.437917739848,2,1.33333333333,0.585540043769,2,0,0,0,0,0.272564441773,37,36,36,0.972972972973,0,0.702702702703,0.162162162162,0.108108108108,37,137,0.102852852853,1.32132132132,7.40540540541,13.7,3.91428571429,5.40297993631,0.729599480451,0.365160781219,6.41554044171,1.73266420688,0.763069638982,2.05297703706,0.554453652346,0.309725784178,0.571249793283,0.432332229917,2,1.32132132132,0.571249793283,2,0,0,0,0,0.283675552885,37,37,37,1,0,0.72972972973,0.216216216216,0.0540540540541,-79,-0.0593093093093,-0.003003003003,-4.27027027027,-7.9,-2.08571428571,-2.79611911329,0.0273618303691,0.0551007211591,-3.91379618729,-0.0367129008613,-0.00219562628322,-1.03385443364,0.0256908541235,0.0569730314256,-0.00869532165105,-0.00558550993171,0,-0.003003003003,-0.00869532165105,0,-0.0121701261701,-0.00597269624573,-7,-0.000900900900901,-0.337521028312,0,-0.027027027027,0.027027027027,137,0,79,1116,0.634259259259,1,0,0.365740740741,1,0.634259259259,0.776203966006,0.769629228416,0.634259259259,0.634259259259,8,87,0,0,0,0
2297,WLNM_dir_neg,0.974930638129,0.801865587084,00:00:02,10,60,6,1236052730,threshold_sweep,0.2,1,0.0919540229885,0.168421052632,8,0,79,174,0.0919540229885,1,0,0.908045977011,1,0.0919540229885,0.168421052632,0.697318007663,0.656449553001,0.118959107807,0.251477845385,0.0919540229885,216,129,87,0,216,0,129,0,87,37,216,0.162162162162,1.32432432432,11.6756756757,21.6,6,8.1990990496,0.702237650082,0.31006006006,10.329336629,1.76937710775,0.765265265265,3.0868314707,0.528762798222,0.252752752753,0.579945114934,0.437917739848,2,1.32432432432,0.579945114934,2,0.0121701261701,0.00597269624573,7,0.000900900900901,0.621196581197,37,37,37,1,0,0.72972972973,0.243243243243,0.027027027027,37,0.0968468468468,1.32432432432,6.97297297297,12.9,4.03125,5.16121479287,0.740174214481,0.369578881207,6.34044171972,1.81857630721,0.778126964173,2.30484539879,0.661079688024,0.366645715483,0.579945114934,0.437917739848,2,1.33333333333,0.585540043769,2,0,0,0,0,0.272564441773,37,36,36,0.972972972973,0,0.702702702703,0.162162162162,0.108108108108,37,137,0.102852852853,1.32132132132,7.40540540541,13.7,3.91428571429,5.40297993631,0.729599480451,0.365160781219,6.41554044171,1.73266420688,0.763069638982,2.05297703706,0.554453652346,0.309725784178,0.571249793283,0.432332229917,2,1.32132132132,0.571249793283,2,0,0,0,0,0.283675552885,37,37,37,1,0,0.72972972973,0.216216216216,0.0540540540541,-79,-0.0593093093093,-0.003003003003,-4.27027027027,-7.9,-2.08571428571,-2.79611911329,0.0273618303691,0.0551007211591,-3.91379618729,-0.0367129008613,-0.00219562628322,-1.03385443364,0.0256908541235,0.0569730314256,-0.00869532165105,-0.00558550993171,0,-0.003003003003,-0.00869532165105,0,-0.0121701261701,-0.00597269624573,-7,-0.000900900900901,-0.337521028312,0,-0.027027027027,0.027027027027,137,0,79,1116,0.634259259259,1,0,0.365740740741,1,0.634259259259,0.776203966006,0.769629228416,0.634259259259,0.634259259259,8,87,0,0,0,0
2298,WLNM_dir_neg,0.974930638129,0.801865587084,00:00:02,10,60,6,1236052730,threshold_sweep,0.3,1,0.0919540229885,0.168421052632,8,0,79,174,0.0919540229885,1,0,0.908045977011,1,0.0919540229885,0.168421052632,0.697318007663,0.656449553001,0.118959107807,0.251477845385,0.0919540229885,216,129,87,0,216,0,129,0,87,37,216,0.162162162162,1.32432432432,11.6756756757,21.6,6,8.1990990496,0.702237650082,0.31006006006,10.329336629,1.76937710775,0.765265265265,3.0868314707,0.528762798222,0.252752752753,0.579945114934,0.437917739848,2,1.32432432432,0.579945114934,2,0.0121701261701,0.00597269624573,7,0.000900900900901,0.621196581197,37,37,37,1,0,0.72972972973,0.243243243243,0.027027027027,37,0.0968468468468,1.32432432432,6.97297297297,12.9,4.03125,5.16121479287,0.740174214481,0.369578881207,6.34044171972,1.81857630721,0.778126964173,2.30484539879,0.661079688024,0.366645715483,0.579945114934,0.437917739848,2,1.33333333333,0.585540043769,2,0,0,0,0,0.272564441773,37,36,36,0.972972972973,0,0.702702702703,0.162162162162,0.108108108108,37,137,0.102852852853,1.32132132132,7.40540540541,13.7,3.91428571429,5.40297993631,0.729599480451,0.365160781219,6.41554044171,1.73266420688,0.763069638982,2.05297703706,0.554453652346,0.309725784178,0.571249793283,0.432332229917,2,1.32132132132,0.571249793283,2,0,0,0,0,0.283675552885,37,37,37,1,0,0.72972972973,0.216216216216,0.0540540540541,-79,-0.0593093093093,-0.003003003003,-4.27027027027,-7.9,-2.08571428571,-2.79611911329,0.0273618303691,0.0551007211591,-3.91379618729,-0.0367129008613,-0.00219562628322,-1.03385443364,0.0256908541235,0.0569730314256,-0.00869532165105,-0.00558550993171,0,-0.003003003003,-0.00869532165105,0,-0.0121701261701,-0.00597269624573,-7,-0.000900900900901,-0.337521028312,0,-0.027027027027,0.027027027027,137,0,79,1116,0.634259259259,1,0,0.365740740741,1,0.634259259259,0.776203966006,0.769629228416,0.634259259259,0.634259259259,8,87,0,0,0,0
2299,WLNM_dir_neg,0.974930638129,0.801865587084,00:00:02,10,60,6,1236052730,threshold_sweep,0.4,1,0.0919540229885,0.168421052632,8,0,79,174,0.0919540229885,1,0,0.908045977011,1,0.0919540229885,0.168421052632,0.697318007663,0.656449553001,0.118959107807,0.251477845385,0.0919540229885,216,129,87,0,216,0,129,0,87,37,216,0.162162162162,1.32432432432,11.6756756757,21.6,6,8.1990990496,0.702237650082,0.31006006006,10.329336629,1.76937710775,0.765265265265,3.0868314707,0.528762798222,0.252752752753,0.579945114934,0.437917739848,2,1.32432432432,0.579945114934,2,0.0121701261701,0.00597269624573,7,0.000900900900901,0.621196581197,37,37,37,1,0,0.72972972973,0.243243243243,0.027027027027,37,0.0968468468468,1.32432432432,6.97297297297,12.9,4.03125,5.16121479287,0.740174214481,0.369578881207,6.34044171972,1.81857630721,0.778126964173,2.30484539879,0.661079688024,0.366645715483,0.579945114934,0.437917739848,2,1.33333333333,0.585540043769,2,0,0,0,0,0.272564441773,37,36,36,0.972972972973,0,0.702702702703,0.162162162162,0.108108108108,37,137,0.102852852853,1.32132132132,7.40540540541,13.7,3.91428571429,5.40297993631,0.729599480451,0.365160781219,6.41554044171,1.73266420688,0.763069638982,2.05297703706,0.554453652346,0.309725784178,0.571249793283,0.432332229917,2,1.32132132132,0.571249793283,2,0,0,0,0,0.283675552885,37,37,37,1,0,0.72972972973,0.216216216216,0.0540540540541,-79,-0.0593093093093,-0.003003003003,-4.27027027027,-7.9,-2.08571428571,-2.79611911329,0.0273618303691,0.0551007211591,-3.91379618729,-0.0367129008613,-0.00219562628322,-1.03385443364,0.0256908541235,0.0569730314256,-0.00869532165105,-0.00558550993171,0,-0.003003003003,-0.00869532165105,0,-0.0121701261701,-0.00597269624573,-7,-0.000900900900901,-0.337521028312,0,-0.027027027027,0.027027027027,137,0,79,1116,0.634259259259,1,0,0.365740740741,1,0.634259259259,0.776203966006,0.769629228416,0.634259259259,0.634259259259,8,87,0,0,0,0
2300,WLNM_dir_neg,0.974930638129,0.801865587084,00:00:02,10,60,6,1236052730,threshold_sweep,0.5,1,0.0919540229885,0.168421052632,8,0,79,174,0.0919540229885,1,0,0.908045977011,1,0.0919540229885,0.168421052632,0.697318007663,0.656449553001,0.118959107807,0.251477845385,0.0919540229885,216,129,87,0,216,0,129,0,87,37,216,0.162162162162,1.32432432432,11.6756756757,21.6,6,8.1990990496,0.702237650082,0.31006006006,10.329336629,1.76937710775,0.765265265265,3.0868314707,0.528762798222,0.252752752753,0.579945114934,0.437917739848,2,1.32432432432,0.579945114934,2,0.0121701261701,0.00597269624573,7,0.000900900900901,0.621196581197,37,37,37,1,0,0.72972972973,0.243243243243,0.027027027027,37,0.0968468468468,1.32432432432,6.97297297297,12.9,4.03125,5.16121479287,0.740174214481,0.369578881207,6.34044171972,1.81857630721,0.778126964173,2.30484539879,0.661079688024,0.366645715483,0.579945114934,0.437917739848,2,1.33333333333,0.585540043769,2,0,0,0,0,0.272564441773,37,36,36,0.972972972973,0,0.702702702703,0.162162162162,0.108108108108,37,137,0.102852852853,1.32132132132,7.40540540541,13.7,3.91428571429,5.40297993631,0.729599480451,0.365160781219,6.41554044171,1.73266420688,0.763069638982,2.05297703706,0.554453652346,0.309725784178,0.571249793283,0.432332229917,2,1.32132132132,0.571249793283,2,0,0,0,0,0.283675552885,37,37,37,1,0,0.72972972973,0.216216216216,0.0540540540541,-79,-0.0593093093093,-0.003003003003,-4.27027027027,-7.9,-2.08571428571,-2.79611911329,0.0273618303691,0.0551007211591,-3.91379618729,-0.0367129008613,-0.00219562628322,-1.03385443364,0.0256908541235,0.0569730314256,-0.00869532165105,-0.00558550993171,0,-0.003003003003,-0.00869532165105,0,-0.0121701261701,-0.00597269624573,-7,-0.000900900900901,-0.337521028312,0,-0.027027027027,0.027027027027,137,0,79,1116,0.634259259259,1,0,0.365740740741,1,0.634259259259,0.776203966006,0.769629228416,0.634259259259,0.634259259259,8,87,0,0,0,0
2301,WLNM_dir_neg,0.974930638129,0.801865587084,00:00:02,10,60,6,1236052730,threshold_sweep,0.6,1,0.0919540229885,0.168421052632,8,0,79,174,0.0919540229885,1,0,0.908045977011,1,0.0919540229885,0.168421052632,0.697318007663,0.656449553001,0.118959107807,0.251477845385,0.0919540229885,216,129,87,0,216,0,129,0,87,37,216,0.162162162162,1.32432432432,11.6756756757,21.6,6,8.1990990496,0.702237650082,0.31006006006,10.329336629,1.76937710775,0.765265265265,3.0868314707,0.528762798222,0.252752752753,0.579945114934,0.437917739848,2,1.32432432432,0.579945114934,2,0.0121701261701,0.00597269624573,7,0.000900900900901,0.621196581197,37,37,37,1,0,0.72972972973,0.243243243243,0.027027027027,37,0.0968468468468,1.32432432432,6.97297297297,12.9,4.03125,5.16121479287,0.740174214481,0.369578881207,6.34044171972,1.81857630721,0.778126964173,2.30484539879,0.661079688024,0.366645715483,0.579945114934,0.437917739848,2,1.33333333333,0.585540043769,2,0,0,0,0,0.272564441773,37,36,36,0.972972972973,0,0.702702702703,0.162162162162,0.108108108108,37,137,0.102852852853,1.32132132132,7.40540540541,13.7,3.91428571429,5.40297993631,0.729599480451,0.365160781219,6.41554044171,1.73266420688,0.763069638982,2.05297703706,0.554453652346,0.309725784178,0.571249793283,0.432332229917,2,1.32132132132,0.571249793283,2,0,0,0,0,0.283675552885,37,37,37,1,0,0.72972972973,0.216216216216,0.0540540540541,-79,-0.0593093093093,-0.003003003003,-4.27027027027,-7.9,-2.08571428571,-2.79611911329,0.0273618303691,0.0551007211591,-3.91379618729,-0.0367129008613,-0.00219562628322,-1.03385443364,0.0256908541235,0.0569730314256,-0.00869532165105,-0.00558550993171,0,-0.003003003003,-0.00869532165105,0,-0.0121701261701,-0.00597269624573,-7,-0.000900900900901,-0.337521028312,0,-0.027027027027,0.027027027027,137,0,79,1116,0.634259259259,1,0,0.365740740741,1,0.634259259259,0.776203966006,0.769629228416,0.634259259259,0.634259259259,8,87,0,0,0,0
2302,WLNM_dir_neg,0.974930638129,0.801865587084,00:00:02,10,60,6,1236052730,threshold_sweep,0.7,1,0.0919540229885,0.168421052632,8,0,79,174,0.0919540229885,1,0,0.908045977011,1,0.0919540229885,0.168421052632,0.697318007663,0.656449553001,0.118959107807,0.251477845385,0.0919540229885,216,129,87,0,216,0,129,0,87,37,216,0.162162162162,1.32432432432,11.6756756757,21.6,6,8.1990990496,0.702237650082,0.31006006006,10.329336629,1.76937710775,0.765265265265,3.0868314707,0.528762798222,0.252752752753,0.579945114934,0.437917739848,2,1.32432432432,0.579945114934,2,0.0121701261701,0.00597269624573,7,0.000900900900901,0.621196581197,37,37,37,1,0,0.72972972973,0.243243243243,0.027027027027,37,0.0968468468468,1.32432432432,6.97297297297,12.9,4.03125,5.16121479287,0.740174214481,0.369578881207,6.34044171972,1.81857630721,0.778126964173,2.30484539879,0.661079688024,0.366645715483,0.579945114934,0.437917739848,2,1.33333333333,0.585540043769,2,0,0,0,0,0.272564441773,37,36,36,0.972972972973,0,0.702702702703,0.162162162162,0.108108108108,37,137,0.102852852853,1.32132132132,7.40540540541,13.7,3.91428571429,5.40297993631,0.729599480451,0.365160781219,6.41554044171,1.73266420688,0.763069638982,2.05297703706,0.554453652346,0.309725784178,0.571249793283,0.432332229917,2,1.32132132132,0.571249793283,2,0,0,0,0,0.283675552885,37,37,37,1,0,0.72972972973,0.216216216216,0.0540540540541,-79,-0.0593093093093,-0.003003003003,-4.27027027027,-7.9,-2.08571428571,-2.79611911329,0.0273618303691,0.0551007211591,-3.91379618729,-0.0367129008613,-0.00219562628322,-1.03385443364,0.0256908541235,0.0569730314256,-0.00869532165105,-0.00558550993171,0,-0.003003003003,-0.00869532165105,0,-0.0121701261701,-0.00597269624573,-7,-0.000900900900901,-0.337521028312,0,-0.027027027027,0.027027027027,137,0,79,1116,0.634259259259,1,0,0.365740740741,1,0.634259259259,0.776203966006,0.769629228416,0.634259259259,0.634259259259,8,87,0,0,0,0
2303,WLNM_dir_neg,0.974930638129,0.801865587084,00:00:02,10,60,6,1236052730,threshold_sweep,0.8,1,0.0919540229885,0.168421052632,8,0,79,174,0.0919540229885,1,0,0.908045977011,1,0.0919540229885,0.168421052632,0.697318007663,0.656449553001,0.118959107807,0.251477845385,0.0919540229885,216,129,87,0,216,0,129,0,87,37,216,0.162162162162,1.32432432432,11.6756756757,21.6,6,8.1990990496,0.702237650082,0.31006006006,10.329336629,1.76937710775,0.765265265265,3.0868314707,0.528762798222,0.252752752753,0.579945114934,0.437917739848,2,1.32432432432,0.579945114934,2,0.0121701261701,0.00597269624573,7,0.000900900900901,0.621196581197,37,37,37,1,0,0.72972972973,0.243243243243,0.027027027027,37,0.0968468468468,1.32432432432,6.97297297297,12.9,4.03125,5.16121479287,0.740174214481,0.369578881207,6.34044171972,1.81857630721,0.778126964173,2.30484539879,0.661079688024,0.366645715483,0.579945114934,0.437917739848,2,1.33333333333,0.585540043769,2,0,0,0,0,0.272564441773,37,36,36,0.972972972973,0,0.702702702703,0.162162162162,0.108108108108,37,137,0.102852852853,1.32132132132,7.40540540541,13.7,3.91428571429,5.40297993631,0.729599480451,0.365160781219,6.41554044171,1.73266420688,0.763069638982,2.05297703706,0.554453652346,0.309725784178,0.571249793283,0.432332229917,2,1.32132132132,0.571249793283,2,0,0,0,0,0.283675552885,37,37,37,1,0,0.72972972973,0.216216216216,0.0540540540541,-79,-0.0593093093093,-0.003003003003,-4.27027027027,-7.9,-2.08571428571,-2.79611911329,0.0273618303691,0.0551007211591,-3.91379618729,-0.0367129008613,-0.00219562628322,-1.03385443364,0.0256908541235,0.0569730314256,-0.00869532165105,-0.00558550993171,0,-0.003003003003,-0.00869532165105,0,-0.0121701261701,-0.00597269624573,-7,-0.000900900900901,-0.337521028312,0,-0.027027027027,0.027027027027,137,0,79,1116,0.634259259259,1,0,0.365740740741,1,0.634259259259,0.776203966006,0.769629228416,0.634259259259,0.634259259259,8,87,0,0,0,0
2304,WLNM_dir_neg,0.974930638129,0.801865587084,00:00:02,10,60,6,1236052730,threshold_sweep,0.9,1,0.0919540229885,0.168421052632,8,0,79,174,0.0919540229885,1,0,0.908045977011,1,0.0919540229885,0.168421052632,0.697318007663,0.656449553001,0.118959107807,0.251477845385,0.0919540229885,216,129,87,0,216,0,129,0,87,37,216,0.162162162162,1.32432432432,11.6756756757,21.6,6,8.1990990496,0.702237650082,0.31006006006,10.329336629,1.76937710775,0.765265265265,3.0868314707,0.528762798222,0.252752752753,0.579945114934,0.437917739848,2,1.32432432432,0.579945114934,2,0.0121701261701,0.00597269624573,7,0.000900900900901,0.621196581197,37,37,37,1,0,0.72972972973,0.243243243243,0.027027027027,37,0.0968468468468,1.32432432432,6.97297297297,12.9,4.03125,5.16121479287,0.740174214481,0.369578881207,6.34044171972,1.81857630721,0.778126964173,2.30484539879,0.661079688024,0.366645715483,0.579945114934,0.437917739848,2,1.33333333333,0.585540043769,2,0,0,0,0,0.272564441773,37,36,36,0.972972972973,0,0.702702702703,0.162162162162,0.108108108108,37,137,0.102852852853,1.32132132132,7.40540540541,13.7,3.91428571429,5.40297993631,0.729599480451,0.365160781219,6.41554044171,1.73266420688,0.763069638982,2.05297703706,0.554453652346,0.309725784178,0.571249793283,0.432332229917,2,1.32132132132,0.571249793283,2,0,0,0,0,0.283675552885,37,37,37,1,0,0.72972972973,0.216216216216,0.0540540540541,-79,-0.0593093093093,-0.003003003003,-4.27027027027,-7.9,-2.08571428571,-2.79611911329,0.0273618303691,0.0551007211591,-3.91379618729,-0.0367129008613,-0.00219562628322,-1.03385443364,0.0256908541235,0.0569730314256,-0.00869532165105,-0.00558550993171,0,-0.003003003003,-0.00869532165105,0,-0.0121701261701,-0.00597269624573,-7,-0.000900900900901,-0.337521028312,0,-0.027027027027,0.027027027027,137,0,79,1116,0.634259259259,1,0,0.365740740741,1,0.634259259259,0.776203966006,0.769629228416,0.634259259259,0.634259259259,8,87,0,0,0,0
2305,WLNM_dir_neg,0.986325802616,0.914282397041,00:00:03,10,60,7,1236052731,threshold_sweep,0.1,0.888888888889,0.0919540229885,0.166666666667,8,1,79,173,0.0919540229885,0.994252873563,0.00574712643678,0.908045977011,0.888888888889,0.0919540229885,0.166666666667,0.693486590038,0.655172413793,0.111111111111,0.222717701594,0.0862068965517,216,129,87,0,216,0,129,0,87,37,216,0.162162162162,1.32432432432,11.6756756757,21.6,6,8.1990990496,0.702237650082,0.31006006006,10.329336629,1.76937710775,0.765265265265,3.0868314707,0.528762798222,0.252752752753,0.579945114934,0.437917739848,2,1.32432432432,0.579945114934,2,0.0121701261701,0.00597269624573,7,0.000900900900901,0.621196581197,37,37,37,1,0,0.72972972973,0.243243243243,0.027027027027,37,0.0968468468468,1.32432432432,6.97297297297,12.9,4.16129032258,5.27302615249,0.756209176907,0.381311544102,6.39714181674,1.83483912573,0.783574271946,2.36433713545,0.678143209394,0.37418814163,0.579945114934,0.437917739848,2,1.34285714286,0.591252764842,2,0,0,0,0,0.277810792902,37,35,35,0.945945945946,0,0.675675675676,0.162162162162,0.108108108108,37,138,0.103603603604,1.37837837838,7.45945945946,12.5454545455,3.94285714286,5.43953937283,0.729213611575,0.366235801018,6.44915433151,1.72912108888,0.765374069722,2.09030365482,0.56044373354,0.309439874657,0.639068391026,0.463637852313,2,1.37837837838,0.639068391026,2,0.0136848072562,0.0105337078652,5,0.000643500643501,0.238814891163,37,37,37,1,0,0.702702702703,0.243243243243,0.0540540540541,-78,-0.0585585585586,0.0540540540541,-4.21621621622,-9.05454545455,-2.05714285714,-2.75955967677,0.0269759614934,0.0561757409583,-3.88018229749,-0.0402560188631,0.00010880445663,-0.99652781588,0.0316809353172,0.0566871219045,0.0591232760914,0.0257201124644,0,0.0540540540541,0.0591232760914,0,0.00151468108611,0.00456101161943,-2,-0.0002574002574,-0.382381690034,-0.027027027027,0,0.027027027027,137,1,79,1115,0.634259259259,0.999103942652,0.00089605734767,0.365740740741,0.992753623188,0.634259259259,0.774011299435,0.766072890133,0.633363201912,0.63133640553,9,87,0,0,0,0
2306,WLNM_dir_neg,0.986325802616,0.914282397041,00:00:03,10,60,7,1236052731,threshold_sweep,0.2,1,0.0574712643678,0.108695652174,5,0,82,174,0.0574712643678,1,0,0.942528735632,1,0.0574712643678,0.108695652174,0.685823754789,0.660280970626,0.0751879699248,0.197642353761,0.0574712643678,216,129,87,0,216,0,129,0,87,37,216,0.162162162162,1.32432432432,11.6756756757,21.6,6,8.1990990496,0.702237650082,0.31006006006,10.329336629,1.76937710775,0.765265265265,3.0868314707,0.528762798222,0.252752752753,0.579945114934,0.437917739848,2,1.32432432432,0.579945114934,2,0.0121701261701,0.00597269624573,7,0.000900900900901,0.621196581197,37,37,37,1,0,0.72972972973,0.243243243243,0.027027027027,37,0.0968468468468,1.32432432432,6.97297297297,12.9,4.16129032258,5.27302615249,0.756209176907,0.381311544102,6.39714181674,1.83483912573,0.783574271946,2.36433713545,0.678143209394,0.37418814163,0.579945114934,0.437917739848,2,1.34285714286,0.591252764842,2,0,0,0,0,0.277810792902,37,35,35,0.945945945946,0,0.675675675676,0.162162162162,0.108108108108,37,134,0.100600600601,1.32818532819,7.24324324324,13.4,4.1875,5.37176468731,0.741624229218,0.370915691811,6.40030967719,1.76724968699,0.77289229528,2.22799550358,0.615192788301,0.339653085922,0.591765934822,0.445544700927,2.14285714286,1.34693877551,0.603397458181,2.14285714286,0.0173362678405,0.0110619469027,5,0.000643500643501,0.289980105072,37,35,35,0.945945945946,0,0.675675675676,0.189189189189,0.0810810810811,-82,-0.0615615615616,0.003861003861,-4.43243243243,-8.2,-1.8125,-2.82733436229,0.0393865791366,0.0608556317512,-3.92902695181,-0.00212742075933,0.00762703001509,-0.858835967126,0.086429990079,0.086900333169,0.0118208198873,0.0076269610784,0.142857142857,0.0226144511859,0.023452343247,0.142857142857,0.00516614167034,0.00508925065692,-2,-0.0002574002574,-0.331216476125,-0.0540540540541,-0.0540540540541,0.0540540540541,134,0,82,1116,0.62037037037,1,0,0.37962962963,1,0.62037037037,0.765714285714,0.760202357151,0.62037037037,0.62037037037,5,87,0,0,0,0
2307,WLNM_dir_neg,0.986325802616,0.914282397041,00:00:03,10,60,7,1236052731,threshold_sweep,0.3,1,0.0574712643678,0.108695652174,5,0,82,174,0.0574712643678,1,0,0.942528735632,1,0.0574712643678,0.108695652174,0.685823754789,0.660280970626,0.0751879699248,0.197642353761,0.0574712643678,216,129,87,0,216,0,129,0,87,37,216,0.162162162162,1.32432432432,11.6756756757,21.6,6,8.1990990496,0.702237650082,0.31006006006,10.329336629,1.76937710775,0.765265265265,3.0868314707,0.528762798222,0.252752752753,0.579945114934,0.437917739848,2,1.32432432432,0.579945114934,2,0.0121701261701,0.00597269624573,7,0.000900900900901,0.621196581197,37,37,37,1,0,0.72972972973,0.243243243243,0.027027027027,37,0.0968468468468,1.32432432432,6.97297297297,12.9,4.16129032258,5.27302615249,0.756209176907,0.381311544102,6.39714181674,1.83483912573,0.783574271946,2.36433713545,0.678143209394,0.37418814163,0.579945114934,0.437917739848,2,1.34285714286,0.591252764842,2,0,0,0,0,0.277810792902,37,35,35,0.945945945946,0,0.675675675676,0.162162162162,0.108108108108,37,134,0.100600600601,1.32818532819,7.24324324324,13.4,4.1875,5.37176468731,0.741624229218,0.370915691811,6.40030967719,1.76724968699,0.77289229528,2.22799550358,0.615192788301,0.339653085922,0.591765934822,0.445544700927,2.14285714286,1.34693877551,0.603397458181,2.14285714286,0.0173362678405,0.0110619469027,5,0.000643500643501,0.289980105072,37,35,35,0.945945945946,0,0.675675675676,0.189189189189,0.0810810810811,-82,-0.0615615615616,0.003861003861,-4.43243243243,-8.2,-1.8125,-2.82733436229,0.0393865791366,0.0608556317512,-3.92902695181,-0.00212742075933,0.00762703001509,-0.858835967126,0.086429990079,0.086900333169,0.0118208198873,0.0076269610784,0.142857142857,0.0226144511859,0.023452343247,0.142857142857,0.00516614167034,0.00508925065692,-2,-0.0002574002574,-0.331216476125,-0.0540540540541,-0.0540540540541,0.0540540540541,134,0,82,1116,0.62037037037,1,0,0.37962962963,1,0.62037037037,0.765714285714,0.760202357151,0.62037037037,0.62037037037,5,87,0,0,0,0
2308,WLNM_dir_neg,0.986325802616,0.914282397041,00:00:03,10,60,7,1236052731,threshold_sweep,0.4,1,0.0114942528736,0.0227272727273,1,0,86,174,0.0114942528736,1,0,0.988505747126,1,0.0114942528736,0.0227272727273,0.670498084291,0.665389527458,0.0152671755725,0.0877058019307,0.0114942528736,216,129,87,0,216,0,129,0,87,37,216,0.162162162162,1.32432432432,11.6756756757,21.6,6,8.1990990496,0.702237650082,0.31006006006,10.329336629,1.76937710775,0.765265265265,3.0868314707,0.528762798222,0.252752752753,0.579945114934,0.437917739848,2,1.32432432432,0.579945114934,2,0.0121701261701,0.00597269624573,7,0.000900900900901,0.621196581197,37,37,37,1,0,0.72972972973,0.243243243243,0.027027027027,37,0.0968468468468,1.32432432432,6.97297297297,12.9,4.16129032258,5.27302615249,0.756209176907,0.381311544102,6.39714181674,1.83483912573,0.783574271946,2.36433713545,0.678143209394,0.37418814163,0.579945114934,0.437917739848,2,1.34285714286,0.591252764842,2,0,0,0,0,0.277810792902,37,35,35,0.945945945946,0,0.675675675676,0.162162162162,0.108108108108,37,130,0.0975975975976,1.32818532819,7.02702702703,13,4.0625,5.24132344656,0.745880644318,0.376299376299,6.41015523136,1.82442879662,0.781704781705,2.32882447244,0.662819272924,0.365904365904,0.591765934822,0.445544700927,2.14285714286,1.34693877551,0.603397458181,2.14285714286,0.030082348729,0.00234741784038,1,0.0001287001287,0.277281692373,37,35,35,0.945945945946,0,0.675675675676,0.189189189189,0.0810810810811,-86,-0.0645645645646,0.003861003861,-4.64864864865,-8.6,-1.9375,-2.95777560304,0.0436429942364,0.0662393162393,-3.91918139764,0.0550516888716,0.0164395164395,-0.758006998267,0.134056474702,0.113151613152,0.0118208198873,0.0076269610784,0.142857142857,0.0226144511859,0.023452343247,0.142857142857,0.0179122225588,-0.00362527840536,-6,-0.000772200772201,-0.343914888823,-0.0540540540541,-0.0540540540541,0.0540540540541,130,0,86,1116,0.601851851852,1,0,0.398148148148,1,0.601851851852,0.751445086705,0.747523179606,0.601851851852,0.601851851852,1,87,0,0,0,0
2309,WLNM_dir_neg,0.986325802616,0.914282397041,00:00:03,10,60,7,1236052731,threshold_sweep,0.5,1,0.0114942528736,0.0227272727273,1,0,86,174,0.0114942528736,1,0,0.988505747126,1,0.0114942528736,0.0227272727273,0.670498084291,0.665389527458,0.0152671755725,0.0877058019307,0.0114942528736,216,129,87,0,216,0,129,0,87,37,216,0.162162162162,1.32432432432,11.6756756757,21.6,6,8.1990990496,0.702237650082,0.31006006006,10.329336629,1.76937710775,0.765265265265,3.0868314707,0.528762798222,0.252752752753,0.579945114934,0.437917739848,2,1.32432432432,0.579945114934,2,0.0121701261701,0.00597269624573,7,0.000900900900901,0.621196581197,37,37,37,1,0,0.72972972973,0.243243243243,0.027027027027,37,0.0968468468468,1.32432432432,6.97297297297,12.9,4.16129032258,5.27302615249,0.756209176907,0.381311544102,6.39714181674,1.83483912573,0.783574271946,2.36433713545,0.678143209394,0.37418814163,0.579945114934,0.437917739848,2,1.34285714286,0.591252764842,2,0,0,0,0,0.277810792902,37,35,35,0.945945945946,0,0.675675675676,0.162162162162,0.108108108108,37,130,0.0975975975976,1.32818532819,7.02702702703,13,4.0625,5.24132344656,0.745880644318,0.376299376299,6.41015523136,1.82442879662,0.781704781705,2.32882447244,0.662819272924,0.365904365904,0.591765934822,0.445544700927,2.14285714286,1.34693877551,0.603397458181,2.14285714286,0.030082348729,0.00234741784038,1,0.0001287001287,0.277281692373,37,35,35,0.945945945946,0,0.675675675676,0.189189189189,0.0810810810811,-86,-0.0645645645646,0.003861003861,-4.64864864865,-8.6,-1.9375,-2.95777560304,0.0436429942364,0.0662393162393,-3.91918139764,0.0550516888716,0.0164395164395,-0.758006998267,0.134056474702,0.113151613152,0.0118208198873,0.0076269610784,0.142857142857,0.0226144511859,0.023452343247,0.142857142857,0.0179122225588,-0.00362527840536,-6,-0.000772200772201,-0.343914888823,-0.0540540540541,-0.0540540540541,0.0540540540541,130,0,86,1116,0.601851851852,1,0,0.398148148148,1,0.601851851852,0.751445086705,0.747523179606,0.601851851852,0.601851851852,1,87,0,0,0,0
2310,WLNM_dir_neg,0.986325802616,0.914282397041,00:00:03,10,60,7,1236052731,threshold_sweep,0.6,1,0.0114942528736,0.0227272727273,1,0,86,174,0.0114942528736,1,0,0.988505747126,1,0.0114942528736,0.0227272727273,0.670498084291,0.665389527458,0.0152671755725,0.0877058019307,0.0114942528736,216,129,87,0,216,0,129,0,87,37,216,0.162162162162,1.32432432432,11.6756756757,21.6,6,8.1990990496,0.702237650082,0.31006006006,10.329336629,1.76937710775,0.765265265265,3.0868314707,0.528762798222,0.252752752753,0.579945114934,0.437917739848,2,1.32432432432,0.579945114934,2,0.0121701261701,0.00597269624573,7,0.000900900900901,0.621196581197,37,37,37,1,0,0.72972972973,0.243243243243,0.027027027027,37,0.0968468468468,1.32432432432,6.97297297297,12.9,4.16129032258,5.27302615249,0.756209176907,0.381311544102,6.39714181674,1.83483912573,0.783574271946,2.36433713545,0.678143209394,0.37418814163,0.579945114934,0.437917739848,2,1.34285714286,0.591252764842,2,0,0,0,0,0.277810792902,37,35,35,0.945945945946,0,0.675675675676,0.162162162162,0.108108108108,37,130,0.0975975975976,1.32818532819,7.02702702703,13,4.0625,5.24132344656,0.745880644318,0.376299376299,6.41015523136,1.82442879662,0.781704781705,2.32882447244,0.662819272924,0.365904365904,0.591765934822,0.445544700927,2.14285714286,1.34693877551,0.603397458181,2.14285714286,0.030082348729,0.00234741784038,1,0.0001287001287,0.277281692373,37,35,35,0.945945945946,0,0.675675675676,0.189189189189,0.0810810810811,-86,-0.0645645645646,0.003861003861,-4.64864864865,-8.6,-1.9375,-2.95777560304,0.0436429942364,0.0662393162393,-3.91918139764,0.0550516888716,0.0164395164395,-0.758006998267,0.134056474702,0.113151613152,0.0118208198873,0.0076269610784,0.142857142857,0.0226144511859,0.023452343247,0.142857142857,0.0179122225588,-0.00362527840536,-6,-0.000772200772201,-0.343914888823,-0.0540540540541,-0.0540540540541,0.0540540540541,130,0,86,1116,0.601851851852,1,0,0.398148148148,1,0.601851851852,0.751445086705,0.747523179606,0.601851851852,0.601851851852,1,87,0,0,0,0
2311,WLNM_dir_neg,0.986325802616,0.914282397041,00:00:03,10,60,7,1236052731,threshold_sweep,0.7,1,0.0114942528736,0.0227272727273,1,0,86,174,0.0114942528736,1,0,0.988505747126,1,0.0114942528736,0.0227272727273,0.670498084291,0.665389527458,0.0152671755725,0.0877058019307,0.0114942528736,216,129,87,0,216,0,129,0,87,37,216,0.162162162162,1.32432432432,11.6756756757,21.6,6,8.1990990496,0.702237650082,0.31006006006,10.329336629,1.76937710775,0.765265265265,3.0868314707,0.528762798222,0.252752752753,0.579945114934,0.437917739848,2,1.32432432432,0.579945114934,2,0.0121701261701,0.00597269624573,7,0.000900900900901,0.621196581197,37,37,37,1,0,0.72972972973,0.243243243243,0.027027027027,37,0.0968468468468,1.32432432432,6.97297297297,12.9,4.16129032258,5.27302615249,0.756209176907,0.381311544102,6.39714181674,1.83483912573,0.783574271946,2.36433713545,0.678143209394,0.37418814163,0.579945114934,0.437917739848,2,1.34285714286,0.591252764842,2,0,0,0,0,0.277810792902,37,35,35,0.945945945946,0,0.675675675676,0.162162162162,0.108108108108,37,130,0.0975975975976,1.32818532819,7.02702702703,13,4.0625,5.24132344656,0.745880644318,0.376299376299,6.41015523136,1.82442879662,0.781704781705,2.32882447244,0.662819272924,0.365904365904,0.591765934822,0.445544700927,2.14285714286,1.34693877551,0.603397458181,2.14285714286,0.030082348729,0.00234741784038,1,0.0001287001287,0.277281692373,37,35,35,0.945945945946,0,0.675675675676,0.189189189189,0.0810810810811,-86,-0.0645645645646,0.003861003861,-4.64864864865,-8.6,-1.9375,-2.95777560304,0.0436429942364,0.0662393162393,-3.91918139764,0.0550516888716,0.0164395164395,-0.758006998267,0.134056474702,0.113151613152,0.0118208198873,0.0076269610784,0.142857142857,0.0226144511859,0.023452343247,0.142857142857,0.0179122225588,-0.00362527840536,-6,-0.000772200772201,-0.343914888823,-0.0540540540541,-0.0540540540541,0.0540540540541,130,0,86,1116,0.601851851852,1,0,0.398148148148,1,0.601851851852,0.751445086705,0.747523179606,0.601851851852,0.601851851852,1,87,0,0,0,0
2312,WLNM_dir_neg,0.986325802616,0.914282397041,00:00:03,10,60,7,1236052731,threshold_sweep,0.8,1,0.0114942528736,0.0227272727273,1,0,86,174,0.0114942528736,1,0,0.988505747126,1,0.0114942528736,0.0227272727273,0.670498084291,0.665389527458,0.0152671755725,0.0877058019307,0.0114942528736,216,129,87,0,216,0,129,0,87,37,216,0.162162162162,1.32432432432,11.6756756757,21.6,6,8.1990990496,0.702237650082,0.31006006006,10.329336629,1.76937710775,0.765265265265,3.0868314707,0.528762798222,0.252752752753,0.579945114934,0.437917739848,2,1.32432432432,0.579945114934,2,0.0121701261701,0.00597269624573,7,0.000900900900901,0.621196581197,37,37,37,1,0,0.72972972973,0.243243243243,0.027027027027,37,0.0968468468468,1.32432432432,6.97297297297,12.9,4.16129032258,5.27302615249,0.756209176907,0.381311544102,6.39714181674,1.83483912573,0.783574271946,2.36433713545,0.678143209394,0.37418814163,0.579945114934,0.437917739848,2,1.34285714286,0.591252764842,2,0,0,0,0,0.277810792902,37,35,35,0.945945945946,0,0.675675675676,0.162162162162,0.108108108108,37,130,0.0975975975976,1.32818532819,7.02702702703,13,4.0625,5.24132344656,0.745880644318,0.376299376299,6.41015523136,1.82442879662,0.781704781705,2.32882447244,0.662819272924,0.365904365904,0.591765934822,0.445544700927,2.14285714286,1.34693877551,0.603397458181,2.14285714286,0.030082348729,0.00234741784038,1,0.0001287001287,0.277281692373,37,35,35,0.945945945946,0,0.675675675676,0.189189189189,0.0810810810811,-86,-0.0645645645646,0.003861003861,-4.64864864865,-8.6,-1.9375,-2.95777560304,0.0436429942364,0.0662393162393,-3.91918139764,0.0550516888716,0.0164395164395,-0.758006998267,0.134056474702,0.113151613152,0.0118208198873,0.0076269610784,0.142857142857,0.0226144511859,0.023452343247,0.142857142857,0.0179122225588,-0.00362527840536,-6,-0.000772200772201,-0.343914888823,-0.0540540540541,-0.0540540540541,0.0540540540541,130,0,86,1116,0.601851851852,1,0,0.398148148148,1,0.601851851852,0.751445086705,0.747523179606,0.601851851852,0.601851851852,1,87,0,0,0,0
2313,WLNM_dir_neg,0.986325802616,0.914282397041,00:00:03,10,60,7,1236052731,threshold_sweep,0.9,1,0.0114942528736,0.0227272727273,1,0,86,174,0.0114942528736,1,0,0.988505747126,1,0.0114942528736,0.0227272727273,0.670498084291,0.665389527458,0.0152671755725,0.0877058019307,0.0114942528736,216,129,87,0,216,0,129,0,87,37,216,0.162162162162,1.32432432432,11.6756756757,21.6,6,8.1990990496,0.702237650082,0.31006006006,10.329336629,1.76937710775,0.765265265265,3.0868314707,0.528762798222,0.252752752753,0.579945114934,0.437917739848,2,1.32432432432,0.579945114934,2,0.0121701261701,0.00597269624573,7,0.000900900900901,0.621196581197,37,37,37,1,0,0.72972972973,0.243243243243,0.027027027027,37,0.0968468468468,1.32432432432,6.97297297297,12.9,4.16129032258,5.27302615249,0.756209176907,0.381311544102,6.39714181674,1.83483912573,0.783574271946,2.36433713545,0.678143209394,0.37418814163,0.579945114934,0.437917739848,2,1.34285714286,0.591252764842,2,0,0,0,0,0.277810792902,37,35,35,0.945945945946,0,0.675675675676,0.162162162162,0.108108108108,37,130,0.0975975975976,1.32818532819,7.02702702703,13,4.0625,5.24132344656,0.745880644318,0.376299376299,6.41015523136,1.82442879662,0.781704781705,2.32882447244,0.662819272924,0.365904365904,0.591765934822,0.445544700927,2.14285714286,1.34693877551,0.603397458181,2.14285714286,0.030082348729,0.00234741784038,1,0.0001287001287,0.277281692373,37,35,35,0.945945945946,0,0.675675675676,0.189189189189,0.0810810810811,-86,-0.0645645645646,0.003861003861,-4.64864864865,-8.6,-1.9375,-2.95777560304,0.0436429942364,0.0662393162393,-3.91918139764,0.0550516888716,0.0164395164395,-0.758006998267,0.134056474702,0.113151613152,0.0118208198873,0.0076269610784,0.142857142857,0.0226144511859,0.023452343247,0.142857142857,0.0179122225588,-0.00362527840536,-6,-0.000772200772201,-0.343914888823,-0.0540540540541,-0.0540540540541,0.0540540540541,130,0,86,1116,0.601851851852,1,0,0.398148148148,1,0.601851851852,0.751445086705,0.747523179606,0.601851851852,0.601851851852,1,87,0,0,0,0
2314,WLNM_dir_neg,0.974897608667,0.83235693981,00:00:02,10,60,8,1236052732,threshold_sweep,0.1,1,0.0804597701149,0.148936170213,7,0,80,174,0.0804597701149,1,0,0.919540229885,1,0.0804597701149,0.148936170213,0.693486590038,0.657726692209,0.10447761194,0.234772464817,0.0804597701149,216,129,87,0,216,0,129,0,87,37,216,0.162162162162,1.32432432432,11.6756756757,21.6,6,8.1990990496,0.702237650082,0.31006006006,10.329336629,1.76937710775,0.765265265265,3.0868314707,0.528762798222,0.252752752753,0.579945114934,0.437917739848,2,1.32432432432,0.579945114934,2,0.0121701261701,0.00597269624573,7,0.000900900900901,0.621196581197,37,37,37,1,0,0.72972972973,0.243243243243,0.027027027027,37,0.0968468468468,1.33333333333,6.97297297297,12.9,4.3,5.34626809864,0.76671286686,0.390320553111,6.49196777916,1.86203726999,0.791116698093,2.5562735641,0.733194743192,0.411062225016,0.60858061945,0.456435464588,2.33333333333,1.35238095238,0.620683036909,2.33333333333,0.0148459383754,0.00233463035019,1,0.0001287001287,0.299494385123,37,35,35,0.945945945946,0,0.675675675676,0.135135135135,0.135135135135,37,136,0.102102102102,1.32432432432,7.35135135135,13.6,3.88571428571,5.54384651972,0.754126180992,0.386923688394,6.57881302218,1.78982413103,0.778219395866,2.33397674527,0.634978967462,0.356120826709,0.579945114934,0.437917739848,2,1.33333333333,0.585540043769,2,0.0172152194211,0.00635144671842,3,0.0003861003861,0.301716607345,37,36,36,0.972972972973,0,0.702702702703,0.243243243243,0.027027027027,-80,-0.0600600600601,0,-4.32432432432,-8,-2.11428571429,-2.65525252988,0.0518885309097,0.0768636283342,-3.75052360682,0.0204470232884,0.0129541306012,-0.752854725437,0.10621616924,0.103368073956,0,0,0,0.00900900900901,0.00559492883467,0,0.00504509325098,0.000378750472685,-4,-0.000514800514801,-0.319479973852,-0.027027027027,0,0,136,0,80,1116,0.62962962963,1,0,0.37037037037,1,0.62962962963,0.772727272727,0.766494576197,0.62962962963,0.62962962963,7,87,0,0,0,0
2315,WLNM_dir_neg,0.974897608667,0.83235693981,00:00:02,10,60,8,1236052732,threshold_sweep,0.2,1,0.0804597701149,0.148936170213,7,0,80,174,0.0804597701149,1,0,0.919540229885,1,0.0804597701149,0.148936170213,0.693486590038,0.657726692209,0.10447761194,0.234772464817,0.0804597701149,216,129,87,0,216,0,129,0,87,37,216,0.162162162162,1.32432432432,11.6756756757,21.6,6,8.1990990496,0.702237650082,0.31006006006,10.329336629,1.76937710775,0.765265265265,3.0868314707,0.528762798222,0.252752752753,0.579945114934,0.437917739848,2,1.32432432432,0.579945114934,2,0.0121701261701,0.00597269624573,7,0.000900900900901,0.621196581197,37,37,37,1,0,0.72972972973,0.243243243243,0.027027027027,37,0.0968468468468,1.33333333333,6.97297297297,12.9,4.3,5.34626809864,0.76671286686,0.390320553111,6.49196777916,1.86203726999,0.791116698093,2.5562735641,0.733194743192,0.411062225016,0.60858061945,0.456435464588,2.33333333333,1.35238095238,0.620683036909,2.33333333333,0.0148459383754,0.00233463035019,1,0.0001287001287,0.299494385123,37,35,35,0.945945945946,0,0.675675675676,0.135135135135,0.135135135135,37,136,0.102102102102,1.32432432432,7.35135135135,13.6,3.88571428571,5.54384651972,0.754126180992,0.386923688394,6.57881302218,1.78982413103,0.778219395866,2.33397674527,0.634978967462,0.356120826709,0.579945114934,0.437917739848,2,1.33333333333,0.585540043769,2,0.0172152194211,0.00635144671842,3,0.0003861003861,0.301716607345,37,36,36,0.972972972973,0,0.702702702703,0.243243243243,0.027027027027,-80,-0.0600600600601,0,-4.32432432432,-8,-2.11428571429,-2.65525252988,0.0518885309097,0.0768636283342,-3.75052360682,0.0204470232884,0.0129541306012,-0.752854725437,0.10621616924,0.103368073956,0,0,0,0.00900900900901,0.00559492883467,0,0.00504509325098,0.000378750472685,-4,-0.000514800514801,-0.319479973852,-0.027027027027,0,0,136,0,80,1116,0.62962962963,1,0,0.37037037037,1,0.62962962963,0.772727272727,0.766494576197,0.62962962963,0.62962962963,7,87,0,0,0,0
2316,WLNM_dir_neg,0.974897608667,0.83235693981,00:00:02,10,60,8,1236052732,threshold_sweep,0.3,1,0.0804597701149,0.148936170213,7,0,80,174,0.0804597701149,1,0,0.919540229885,1,0.0804597701149,0.148936170213,0.693486590038,0.657726692209,0.10447761194,0.234772464817,0.0804597701149,216,129,87,0,216,0,129,0,87,37,216,0.162162162162,1.32432432432,11.6756756757,21.6,6,8.1990990496,0.702237650082,0.31006006006,10.329336629,1.76937710775,0.765265265265,3.0868314707,0.528762798222,0.252752752753,0.579945114934,0.437917739848,2,1.32432432432,0.579945114934,2,0.0121701261701,0.00597269624573,7,0.000900900900901,0.621196581197,37,37,37,1,0,0.72972972973,0.243243243243,0.027027027027,37,0.0968468468468,1.33333333333,6.97297297297,12.9,4.3,5.34626809864,0.76671286686,0.390320553111,6.49196777916,1.86203726999,0.791116698093,2.5562735641,0.733194743192,0.411062225016,0.60858061945,0.456435464588,2.33333333333,1.35238095238,0.620683036909,2.33333333333,0.0148459383754,0.00233463035019,1,0.0001287001287,0.299494385123,37,35,35,0.945945945946,0,0.675675675676,0.135135135135,0.135135135135,37,136,0.102102102102,1.32432432432,7.35135135135,13.6,3.88571428571,5.54384651972,0.754126180992,0.386923688394,6.57881302218,1.78982413103,0.778219395866,2.33397674527,0.634978967462,0.356120826709,0.579945114934,0.437917739848,2,1.33333333333,0.585540043769,2,0.0172152194211,0.00635144671842,3,0.0003861003861,0.301716607345,37,36,36,0.972972972973,0,0.702702702703,0.243243243243,0.027027027027,-80,-0.0600600600601,0,-4.32432432432,-8,-2.11428571429,-2.65525252988,0.0518885309097,0.0768636283342,-3.75052360682,0.0204470232884,0.0129541306012,-0.752854725437,0.10621616924,0.103368073956,0,0,0,0.00900900900901,0.00559492883467,0,0.00504509325098,0.000378750472685,-4,-0.000514800514801,-0.319479973852,-0.027027027027,0,0,136,0,80,1116,0.62962962963,1,0,0.37037037037,1,0.62962962963,0.772727272727,0.766494576197,0.62962962963,0.62962962963,7,87,0,0,0,0
2317,WLNM_dir_neg,0.974897608667,0.83235693981,00:00:02,10,60,8,1236052732,threshold_sweep,0.4,1,0.0804597701149,0.148936170213,7,0,80,174,0.0804597701149,1,0,0.919540229885,1,0.0804597701149,0.148936170213,0.693486590038,0.657726692209,0.10447761194,0.234772464817,0.0804597701149,216,129,87,0,216,0,129,0,87,37,216,0.162162162162,1.32432432432,11.6756756757,21.6,6,8.1990990496,0.702237650082,0.31006006006,10.329336629,1.76937710775,0.765265265265,3.0868314707,0.528762798222,0.252752752753,0.579945114934,0.437917739848,2,1.32432432432,0.579945114934,2,0.0121701261701,0.00597269624573,7,0.000900900900901,0.621196581197,37,37,37,1,0,0.72972972973,0.243243243243,0.027027027027,37,0.0968468468468,1.33333333333,6.97297297297,12.9,4.3,5.34626809864,0.76671286686,0.390320553111,6.49196777916,1.86203726999,0.791116698093,2.5562735641,0.733194743192,0.411062225016,0.60858061945,0.456435464588,2.33333333333,1.35238095238,0.620683036909,2.33333333333,0.0148459383754,0.00233463035019,1,0.0001287001287,0.299494385123,37,35,35,0.945945945946,0,0.675675675676,0.135135135135,0.135135135135,37,136,0.102102102102,1.32432432432,7.35135135135,13.6,3.88571428571,5.54384651972,0.754126180992,0.386923688394,6.57881302218,1.78982413103,0.778219395866,2.33397674527,0.634978967462,0.356120826709,0.579945114934,0.437917739848,2,1.33333333333,0.585540043769,2,0.0172152194211,0.00635144671842,3,0.0003861003861,0.301716607345,37,36,36,0.972972972973,0,0.702702702703,0.243243243243,0.027027027027,-80,-0.0600600600601,0,-4.32432432432,-8,-2.11428571429,-2.65525252988,0.0518885309097,0.0768636283342,-3.75052360682,0.0204470232884,0.0129541306012,-0.752854725437,0.10621616924,0.103368073956,0,0,0,0.00900900900901,0.00559492883467,0,0.00504509325098,0.000378750472685,-4,-0.000514800514801,-0.319479973852,-0.027027027027,0,0,136,0,80,1116,0.62962962963,1,0,0.37037037037,1,0.62962962963,0.772727272727,0.766494576197,0.62962962963,0.62962962963,7,87,0,0,0,0
2318,WLNM_dir_neg,0.974897608667,0.83235693981,00:00:02,10,60,8,1236052732,threshold_sweep,0.5,1,0.0804597701149,0.148936170213,7,0,80,174,0.0804597701149,1,0,0.919540229885,1,0.0804597701149,0.148936170213,0.693486590038,0.657726692209,0.10447761194,0.234772464817,0.0804597701149,216,129,87,0,216,0,129,0,87,37,216,0.162162162162,1.32432432432,11.6756756757,21.6,6,8.1990990496,0.702237650082,0.31006006006,10.329336629,1.76937710775,0.765265265265,3.0868314707,0.528762798222,0.252752752753,0.579945114934,0.437917739848,2,1.32432432432,0.579945114934,2,0.0121701261701,0.00597269624573,7,0.000900900900901,0.621196581197,37,37,37,1,0,0.72972972973,0.243243243243,0.027027027027,37,0.0968468468468,1.33333333333,6.97297297297,12.9,4.3,5.34626809864,0.76671286686,0.390320553111,6.49196777916,1.86203726999,0.791116698093,2.5562735641,0.733194743192,0.411062225016,0.60858061945,0.456435464588,2.33333333333,1.35238095238,0.620683036909,2.33333333333,0.0148459383754,0.00233463035019,1,0.0001287001287,0.299494385123,37,35,35,0.945945945946,0,0.675675675676,0.135135135135,0.135135135135,37,136,0.102102102102,1.32432432432,7.35135135135,13.6,3.88571428571,5.54384651972,0.754126180992,0.386923688394,6.57881302218,1.78982413103,0.778219395866,2.33397674527,0.634978967462,0.356120826709,0.579945114934,0.437917739848,2,1.33333333333,0.585540043769,2,0.0172152194211,0.00635144671842,3,0.0003861003861,0.301716607345,37,36,36,0.972972972973,0,0.702702702703,0.243243243243,0.027027027027,-80,-0.0600600600601,0,-4.32432432432,-8,-2.11428571429,-2.65525252988,0.0518885309097,0.0768636283342,-3.75052360682,0.0204470232884,0.0129541306012,-0.752854725437,0.10621616924,0.103368073956,0,0,0,0.00900900900901,0.00559492883467,0,0.00504509325098,0.000378750472685,-4,-0.000514800514801,-0.319479973852,-0.027027027027,0,0,136,0,80,1116,0.62962962963,1,0,0.37037037037,1,0.62962962963,0.772727272727,0.766494576197,0.62962962963,0.62962962963,7,87,0,0,0,0
2319,WLNM_dir_neg,0.974897608667,0.83235693981,00:00:02,10,60,8,1236052732,threshold_sweep,0.6,1,0.0804597701149,0.148936170213,7,0,80,174,0.0804597701149,1,0,0.919540229885,1,0.0804597701149,0.148936170213,0.693486590038,0.657726692209,0.10447761194,0.234772464817,0.0804597701149,216,129,87,0,216,0,129,0,87,37,216,0.162162162162,1.32432432432,11.6756756757,21.6,6,8.1990990496,0.702237650082,0.31006006006,10.329336629,1.76937710775,0.765265265265,3.0868314707,0.528762798222,0.252752752753,0.579945114934,0.437917739848,2,1.32432432432,0.579945114934,2,0.0121701261701,0.00597269624573,7,0.000900900900901,0.621196581197,37,37,37,1,0,0.72972972973,0.243243243243,0.027027027027,37,0.0968468468468,1.33333333333,6.97297297297,12.9,4.3,5.34626809864,0.76671286686,0.390320553111,6.49196777916,1.86203726999,0.791116698093,2.5562735641,0.733194743192,0.411062225016,0.60858061945,0.456435464588,2.33333333333,1.35238095238,0.620683036909,2.33333333333,0.0148459383754,0.00233463035019,1,0.0001287001287,0.299494385123,37,35,35,0.945945945946,0,0.675675675676,0.135135135135,0.135135135135,37,136,0.102102102102,1.32432432432,7.35135135135,13.6,3.88571428571,5.54384651972,0.754126180992,0.386923688394,6.57881302218,1.78982413103,0.778219395866,2.33397674527,0.634978967462,0.356120826709,0.579945114934,0.437917739848,2,1.33333333333,0.585540043769,2,0.0172152194211,0.00635144671842,3,0.0003861003861,0.301716607345,37,36,36,0.972972972973,0,0.702702702703,0.243243243243,0.027027027027,-80,-0.0600600600601,0,-4.32432432432,-8,-2.11428571429,-2.65525252988,0.0518885309097,0.0768636283342,-3.75052360682,0.0204470232884,0.0129541306012,-0.752854725437,0.10621616924,0.103368073956,0,0,0,0.00900900900901,0.00559492883467,0,0.00504509325098,0.000378750472685,-4,-0.000514800514801,-0.319479973852,-0.027027027027,0,0,136,0,80,1116,0.62962962963,1,0,0.37037037037,1,0.62962962963,0.772727272727,0.766494576197,0.62962962963,0.62962962963,7,87,0,0,0,0
2320,WLNM_dir_neg,0.974897608667,0.83235693981,00:00:02,10,60,8,1236052732,threshold_sweep,0.7,1,0.0804597701149,0.148936170213,7,0,80,174,0.0804597701149,1,0,0.919540229885,1,0.0804597701149,0.148936170213,0.693486590038,0.657726692209,0.10447761194,0.234772464817,0.0804597701149,216,129,87,0,216,0,129,0,87,37,216,0.162162162162,1.32432432432,11.6756756757,21.6,6,8.1990990496,0.702237650082,0.31006006006,10.329336629,1.76937710775,0.765265265265,3.0868314707,0.528762798222,0.252752752753,0.579945114934,0.437917739848,2,1.32432432432,0.579945114934,2,0.0121701261701,0.00597269624573,7,0.000900900900901,0.621196581197,37,37,37,1,0,0.72972972973,0.243243243243,0.027027027027,37,0.0968468468468,1.33333333333,6.97297297297,12.9,4.3,5.34626809864,0.76671286686,0.390320553111,6.49196777916,1.86203726999,0.791116698093,2.5562735641,0.733194743192,0.411062225016,0.60858061945,0.456435464588,2.33333333333,1.35238095238,0.620683036909,2.33333333333,0.0148459383754,0.00233463035019,1,0.0001287001287,0.299494385123,37,35,35,0.945945945946,0,0.675675675676,0.135135135135,0.135135135135,37,136,0.102102102102,1.32432432432,7.35135135135,13.6,3.88571428571,5.54384651972,0.754126180992,0.386923688394,6.57881302218,1.78982413103,0.778219395866,2.33397674527,0.634978967462,0.356120826709,0.579945114934,0.437917739848,2,1.33333333333,0.585540043769,2,0.0172152194211,0.00635144671842,3,0.0003861003861,0.301716607345,37,36,36,0.972972972973,0,0.702702702703,0.243243243243,0.027027027027,-80,-0.0600600600601,0,-4.32432432432,-8,-2.11428571429,-2.65525252988,0.0518885309097,0.0768636283342,-3.75052360682,0.0204470232884,0.0129541306012,-0.752854725437,0.10621616924,0.103368073956,0,0,0,0.00900900900901,0.00559492883467,0,0.00504509325098,0.000378750472685,-4,-0.000514800514801,-0.319479973852,-0.027027027027,0,0,136,0,80,1116,0.62962962963,1,0,0.37037037037,1,0.62962962963,0.772727272727,0.766494576197,0.62962962963,0.62962962963,7,87,0,0,0,0
2321,WLNM_dir_neg,0.974897608667,0.83235693981,00:00:02,10,60,8,1236052732,threshold_sweep,0.8,1,0.0229885057471,0.0449438202247,2,0,85,174,0.0229885057471,1,0,0.977011494253,1,0.0229885057471,0.0449438202247,0.674329501916,0.66411238825,0.0304182509506,0.1242739532,0.0229885057471,216,129,87,0,216,0,129,0,87,37,216,0.162162162162,1.32432432432,11.6756756757,21.6,6,8.1990990496,0.702237650082,0.31006006006,10.329336629,1.76937710775,0.765265265265,3.0868314707,0.528762798222,0.252752752753,0.579945114934,0.437917739848,2,1.32432432432,0.579945114934,2,0.0121701261701,0.00597269624573,7,0.000900900900901,0.621196581197,37,37,37,1,0,0.72972972973,0.243243243243,0.027027027027,37,0.0968468468468,1.33333333333,6.97297297297,12.9,4.3,5.34626809864,0.76671286686,0.390320553111,6.49196777916,1.86203726999,0.791116698093,2.5562735641,0.733194743192,0.411062225016,0.60858061945,0.456435464588,2.33333333333,1.35238095238,0.620683036909,2.33333333333,0.0148459383754,0.00233463035019,1,0.0001287001287,0.299494385123,37,35,35,0.945945945946,0,0.675675675676,0.135135135135,0.135135135135,37,131,0.0983483483483,1.32972972973,7.08108108108,13.1,4.36666666667,5.41796588715,0.765132587117,0.387043532082,6.49612959382,1.83478469444,0.787291107902,2.51213272158,0.709533669453,0.398597070353,0.59668755311,0.448728444412,2.2,1.34857142857,0.608455822057,2.2,0.0240779645191,0.00679245283019,3,0.0003861003861,0.308383274012,37,35,35,0.945945945946,0,0.675675675676,0.135135135135,0.135135135135,-85,-0.0638138138138,0.00540540540541,-4.59459459459,-8.5,-1.63333333333,-2.78113316245,0.0628949370352,0.0769834720216,-3.83320703518,0.0654075866923,0.0220258426365,-0.574698749128,0.18077087123,0.1458443176,0.0167424381752,0.0108107045633,0.2,0.0242471042471,0.0285107071225,0.2,0.011907838349,0.000819756584455,-4,-0.000514800514801,-0.312813307185,-0.0540540540541,-0.108108108108,0.108108108108,131,0,85,1116,0.606481481481,1,0,0.393518518519,1,0.606481481481,0.755043227666,0.750705099216,0.606481481481,0.606481481481,2,87,0,0,0,0
2322,WLNM_dir_neg,0.974897608667,0.83235693981,00:00:02,10,60,8,1236052732,threshold_sweep,0.9,1,0.0229885057471,0.0449438202247,2,0,85,174,0.0229885057471,1,0,0.977011494253,1,0.0229885057471,0.0449438202247,0.674329501916,0.66411238825,0.0304182509506,0.1242739532,0.0229885057471,216,129,87,0,216,0,129,0,87,37,216,0.162162162162,1.32432432432,11.6756756757,21.6,6,8.1990990496,0.702237650082,0.31006006006,10.329336629,1.76937710775,0.765265265265,3.0868314707,0.528762798222,0.252752752753,0.579945114934,0.437917739848,2,1.32432432432,0.579945114934,2,0.0121701261701,0.00597269624573,7,0.000900900900901,0.621196581197,37,37,37,1,0,0.72972972973,0.243243243243,0.027027027027,37,0.0968468468468,1.33333333333,6.97297297297,12.9,4.3,5.34626809864,0.76671286686,0.390320553111,6.49196777916,1.86203726999,0.791116698093,2.5562735641,0.733194743192,0.411062225016,0.60858061945,0.456435464588,2.33333333333,1.35238095238,0.620683036909,2.33333333333,0.0148459383754,0.00233463035019,1,0.0001287001287,0.299494385123,37,35,35,0.945945945946,0,0.675675675676,0.135135135135,0.135135135135,37,131,0.0983483483483,1.32972972973,7.08108108108,13.1,4.36666666667,5.41796588715,0.765132587117,0.387043532082,6.49612959382,1.83478469444,0.787291107902,2.51213272158,0.709533669453,0.398597070353,0.59668755311,0.448728444412,2.2,1.34857142857,0.608455822057,2.2,0.0240779645191,0.00679245283019,3,0.0003861003861,0.308383274012,37,35,35,0.945945945946,0,0.675675675676,0.135135135135,0.135135135135,-85,-0.0638138138138,0.00540540540541,-4.59459459459,-8.5,-1.63333333333,-2.78113316245,0.0628949370352,0.0769834720216,-3.83320703518,0.0654075866923,0.0220258426365,-0.574698749128,0.18077087123,0.1458443176,0.0167424381752,0.0108107045633,0.2,0.0242471042471,0.0285107071225,0.2,0.011907838349,0.000819756584455,-4,-0.000514800514801,-0.312813307185,-0.0540540540541,-0.108108108108,0.108108108108,131,0,85,1116,0.606481481481,1,0,0.393518518519,1,0.606481481481,0.755043227666,0.750705099216,0.606481481481,0.606481481481,2,87,0,0,0,0
2323,WLNM_dir_neg,0.985136741974,0.852853598878,00:00:02,10,60,9,1236052733,threshold_sweep,0.1,1,0.0459770114943,0.0879120879121,4,0,83,174,0.0459770114943,1,0,0.954022988506,1,0.0459770114943,0.0879120879121,0.681992337165,0.661558109834,0.0603773584906,0.176432436556,0.0459770114943,216,129,87,0,216,0,129,0,87,37,216,0.162162162162,1.32432432432,11.6756756757,21.6,6,8.1990990496,0.702237650082,0.31006006006,10.329336629,1.76937710775,0.765265265265,3.0868314707,0.528762798222,0.252752752753,0.579945114934,0.437917739848,2,1.32432432432,0.579945114934,2,0.0121701261701,0.00597269624573,7,0.000900900900901,0.621196581197,37,37,37,1,0,0.72972972973,0.243243243243,0.027027027027,37,0.0968468468468,1.31981981982,6.97297297297,12.9,4.03125,5.16659401286,0.740945653007,0.360988895873,6.30969985913,1.80975887432,0.783993295621,2.11635984156,0.607017939053,0.338571129269,0.567072809762,0.429659262004,2,1.31981981982,0.567072809762,2,0,0,0,0,0.261723071036,37,37,37,1,0,0.72972972973,0.135135135135,0.135135135135,37,133,0.0998498498498,1.32432432432,7.18918918919,13.3,3.69444444444,5.27487671177,0.733723452388,0.363543995123,6.34848826913,1.76612079668,0.775452143873,1.95020596433,0.542538501355,0.303190408454,0.579945114934,0.437917739848,2,1.32432432432,0.579945114934,2,0.010447007413,0.00906344410876,4,0.000514800514801,0.25579714511,37,37,37,1,0,0.72972972973,0.243243243243,0.027027027027,-83,-0.0623123123123,0,-4.48648648649,-8.3,-2.30555555556,-2.92422233784,0.0314858023065,0.0534839350629,-3.98084835987,-0.00325631106957,0.0101868786079,-1.13662550638,0.0137757031322,0.0504376557008,0,0,0,0,0,0,-0.00172311875717,0.00309074786303,-3,-0.0003861003861,-0.365399436087,0,0,0,133,0,83,1116,0.615740740741,1,0,0.384259259259,1,0.615740740741,0.76217765043,0.757044573298,0.615740740741,0.615740740741,4,87,0,0,0,0
2324,WLNM_dir_neg,0.985136741974,0.852853598878,00:00:02,10,60,9,1236052733,threshold_sweep,0.2,1,0.0459770114943,0.0879120879121,4,0,83,174,0.0459770114943,1,0,0.954022988506,1,0.0459770114943,0.0879120879121,0.681992337165,0.661558109834,0.0603773584906,0.176432436556,0.0459770114943,216,129,87,0,216,0,129,0,87,37,216,0.162162162162,1.32432432432,11.6756756757,21.6,6,8.1990990496,0.702237650082,0.31006006006,10.329336629,1.76937710775,0.765265265265,3.0868314707,0.528762798222,0.252752752753,0.579945114934,0.437917739848,2,1.32432432432,0.579945114934,2,0.0121701261701,0.00597269624573,7,0.000900900900901,0.621196581197,37,37,37,1,0,0.72972972973,0.243243243243,0.027027027027,37,0.0968468468468,1.31981981982,6.97297297297,12.9,4.03125,5.16659401286,0.740945653007,0.360988895873,6.30969985913,1.80975887432,0.783993295621,2.11635984156,0.607017939053,0.338571129269,0.567072809762,0.429659262004,2,1.31981981982,0.567072809762,2,0,0,0,0,0.261723071036,37,37,37,1,0,0.72972972973,0.135135135135,0.135135135135,37,133,0.0998498498498,1.32432432432,7.18918918919,13.3,3.69444444444,5.27487671177,0.733723452388,0.363543995123,6.34848826913,1.76612079668,0.775452143873,1.95020596433,0.542538501355,0.303190408454,0.579945114934,0.437917739848,2,1.32432432432,0.579945114934,2,0.010447007413,0.00906344410876,4,0.000514800514801,0.25579714511,37,37,37,1,0,0.72972972973,0.243243243243,0.027027027027,-83,-0.0623123123123,0,-4.48648648649,-8.3,-2.30555555556,-2.92422233784,0.0314858023065,0.0534839350629,-3.98084835987,-0.00325631106957,0.0101868786079,-1.13662550638,0.0137757031322,0.0504376557008,0,0,0,0,0,0,-0.00172311875717,0.00309074786303,-3,-0.0003861003861,-0.365399436087,0,0,0,133,0,83,1116,0.615740740741,1,0,0.384259259259,1,0.615740740741,0.76217765043,0.757044573298,0.615740740741,0.615740740741,4,87,0,0,0,0
2325,WLNM_dir_neg,0.985136741974,0.852853598878,00:00:02,10,60,9,1236052733,threshold_sweep,0.3,1,0.0459770114943,0.0879120879121,4,0,83,174,0.0459770114943,1,0,0.954022988506,1,0.0459770114943,0.0879120879121,0.681992337165,0.661558109834,0.0603773584906,0.176432436556,0.0459770114943,216,129,87,0,216,0,129,0,87,37,216,0.162162162162,1.32432432432,11.6756756757,21.6,6,8.1990990496,0.702237650082,0.31006006006,10.329336629,1.76937710775,0.765265265265,3.0868314707,0.528762798222,0.252752752753,0.579945114934,0.437917739848,2,1.32432432432,0.579945114934,2,0.0121701261701,0.00597269624573,7,0.000900900900901,0.621196581197,37,37,37,1,0,0.72972972973,0.243243243243,0.027027027027,37,0.0968468468468,1.31981981982,6.97297297297,12.9,4.03125,5.16659401286,0.740945653007,0.360988895873,6.30969985913,1.80975887432,0.783993295621,2.11635984156,0.607017939053,0.338571129269,0.567072809762,0.429659262004,2,1.31981981982,0.567072809762,2,0,0,0,0,0.261723071036,37,37,37,1,0,0.72972972973,0.135135135135,0.135135135135,37,133,0.0998498498498,1.32432432432,7.18918918919,13.3,3.69444444444,5.27487671177,0.733723452388,0.363543995123,6.34848826913,1.76612079668,0.775452143873,1.95020596433,0.542538501355,0.303190408454,0.579945114934,0.437917739848,2,1.32432432432,0.579945114934,2,0.010447007413,0.00906344410876,4,0.000514800514801,0.25579714511,37,37,37,1,0,0.72972972973,0.243243243243,0.027027027027,-83,-0.0623123123123,0,-4.48648648649,-8.3,-2.30555555556,-2.92422233784,0.0314858023065,0.0534839350629,-3.98084835987,-0.00325631106957,0.0101868786079,-1.13662550638,0.0137757031322,0.0504376557008,0,0,0,0,0,0,-0.00172311875717,0.00309074786303,-3,-0.0003861003861,-0.365399436087,0,0,0,133,0,83,1116,0.615740740741,1,0,0.384259259259,1,0.615740740741,0.76217765043,0.757044573298,0.615740740741,0.615740740741,4,87,0,0,0,0
2326,WLNM_dir_neg,0.985136741974,0.852853598878,00:00:02,10,60,9,1236052733,threshold_sweep,0.4,1,0.0344827586207,0.0666666666667,3,0,84,174,0.0344827586207,1,0,0.965517241379,1,0.0344827586207,0.0666666666667,0.67816091954,0.662835249042,0.0454545454545,0.152498570333,0.0344827586207,216,129,87,0,216,0,129,0,87,37,216,0.162162162162,1.32432432432,11.6756756757,21.6,6,8.1990990496,0.702237650082,0.31006006006,10.329336629,1.76937710775,0.765265265265,3.0868314707,0.528762798222,0.252752752753,0.579945114934,0.437917739848,2,1.32432432432,0.579945114934,2,0.0121701261701,0.00597269624573,7,0.000900900900901,0.621196581197,37,37,37,1,0,0.72972972973,0.243243243243,0.027027027027,37,0.0968468468468,1.31981981982,6.97297297297,12.9,4.03125,5.16659401286,0.740945653007,0.360988895873,6.30969985913,1.80975887432,0.783993295621,2.11635984156,0.607017939053,0.338571129269,0.567072809762,0.429659262004,2,1.31981981982,0.567072809762,2,0,0,0,0,0.261723071036,37,37,37,1,0,0.72972972973,0.135135135135,0.135135135135,37,132,0.0990990990991,1.31981981982,7.13513513514,13.2,3.77142857143,5.27658434428,0.739521290676,0.362612612613,6.33570368161,1.77591694106,0.777641277641,1.9936084055,0.558814477299,0.312448812449,0.567072809762,0.429659262004,2,1.31981981982,0.567072809762,2,0,0,0,0,0.256784799431,37,37,37,1,0,0.72972972973,0.216216216216,0.0540540540541,-84,-0.0630630630631,-0.0045045045045,-4.54054054054,-8.4,-2.22857142857,-2.92251470532,0.0372836405943,0.0525525525526,-3.99363294739,0.00653983331147,0.012376012376,-1.09322306521,0.0300516790764,0.0596960596961,-0.0128723051723,-0.00825847784436,0,-0.0045045045045,-0.0128723051723,0,-0.0121701261701,-0.00597269624573,-7,-0.000900900900901,-0.364411781766,0,-0.027027027027,0.027027027027,132,0,84,1116,0.611111111111,1,0,0.388888888889,1,0.611111111111,0.758620689655,0.753878858527,0.611111111111,0.611111111111,3,87,0,0,0,0
2327,WLNM_dir_neg,0.985136741974,0.852853598878,00:00:02,10,60,9,1236052733,threshold_sweep,0.5,1,0.0344827586207,0.0666666666667,3,0,84,174,0.0344827586207,1,0,0.965517241379,1,0.0344827586207,0.0666666666667,0.67816091954,0.662835249042,0.0454545454545,0.152498570333,0.0344827586207,216,129,87,0,216,0,129,0,87,37,216,0.162162162162,1.32432432432,11.6756756757,21.6,6,8.1990990496,0.702237650082,0.31006006006,10.329336629,1.76937710775,0.765265265265,3.0868314707,0.528762798222,0.252752752753,0.579945114934,0.437917739848,2,1.32432432432,0.579945114934,2,0.0121701261701,0.00597269624573,7,0.000900900900901,0.621196581197,37,37,37,1,0,0.72972972973,0.243243243243,0.027027027027,37,0.0968468468468,1.31981981982,6.97297297297,12.9,4.03125,5.16659401286,0.740945653007,0.360988895873,6.30969985913,1.80975887432,0.783993295621,2.11635984156,0.607017939053,0.338571129269,0.567072809762,0.429659262004,2,1.31981981982,0.567072809762,2,0,0,0,0,0.261723071036,37,37,37,1,0,0.72972972973,0.135135135135,0.135135135135,37,132,0.0990990990991,1.31981981982,7.13513513514,13.2,3.77142857143,5.27658434428,0.739521290676,0.362612612613,6.33570368161,1.77591694106,0.777641277641,1.9936084055,0.558814477299,0.312448812449,0.567072809762,0.429659262004,2,1.31981981982,0.567072809762,2,0,0,0,0,0.256784799431,37,37,37,1,0,0.72972972973,0.216216216216,0.0540540540541,-84,-0.0630630630631,-0.0045045045045,-4.54054054054,-8.4,-2.22857142857,-2.92251470532,0.0372836405943,0.0525525525526,-3.99363294739,0.00653983331147,0.012376012376,-1.09322306521,0.0300516790764,0.0596960596961,-0.0128723051723,-0.00825847784436,0,-0.0045045045045,-0.0128723051723,0,-0.0121701261701,-0.00597269624573,-7,-0.000900900900901,-0.364411781766,0,-0.027027027027,0.027027027027,132,0,84,1116,0.611111111111,1,0,0.388888888889,1,0.611111111111,0.758620689655,0.753878858527,0.611111111111,0.611111111111,3,87,0,0,0,0
2328,WLNM_dir_neg,0.985136741974,0.852853598878,00:00:02,10,60,9,1236052733,threshold_sweep,0.6,1,0.0344827586207,0.0666666666667,3,0,84,174,0.0344827586207,1,0,0.965517241379,1,0.0344827586207,0.0666666666667,0.67816091954,0.662835249042,0.0454545454545,0.152498570333,0.0344827586207,216,129,87,0,216,0,129,0,87,37,216,0.162162162162,1.32432432432,11.6756756757,21.6,6,8.1990990496,0.702237650082,0.31006006006,10.329336629,1.76937710775,0.765265265265,3.0868314707,0.528762798222,0.252752752753,0.579945114934,0.437917739848,2,1.32432432432,0.579945114934,2,0.0121701261701,0.00597269624573,7,0.000900900900901,0.621196581197,37,37,37,1,0,0.72972972973,0.243243243243,0.027027027027,37,0.0968468468468,1.31981981982,6.97297297297,12.9,4.03125,5.16659401286,0.740945653007,0.360988895873,6.30969985913,1.80975887432,0.783993295621,2.11635984156,0.607017939053,0.338571129269,0.567072809762,0.429659262004,2,1.31981981982,0.567072809762,2,0,0,0,0,0.261723071036,37,37,37,1,0,0.72972972973,0.135135135135,0.135135135135,37,132,0.0990990990991,1.31981981982,7.13513513514,13.2,3.77142857143,5.27658434428,0.739521290676,0.362612612613,6.33570368161,1.77591694106,0.777641277641,1.9936084055,0.558814477299,0.312448812449,0.567072809762,0.429659262004,2,1.31981981982,0.567072809762,2,0,0,0,0,0.256784799431,37,37,37,1,0,0.72972972973,0.216216216216,0.0540540540541,-84,-0.0630630630631,-0.0045045045045,-4.54054054054,-8.4,-2.22857142857,-2.92251470532,0.0372836405943,0.0525525525526,-3.99363294739,0.00653983331147,0.012376012376,-1.09322306521,0.0300516790764,0.0596960596961,-0.0128723051723,-0.00825847784436,0,-0.0045045045045,-0.0128723051723,0,-0.0121701261701,-0.00597269624573,-7,-0.000900900900901,-0.364411781766,0,-0.027027027027,0.027027027027,132,0,84,1116,0.611111111111,1,0,0.388888888889,1,0.611111111111,0.758620689655,0.753878858527,0.611111111111,0.611111111111,3,87,0,0,0,0
2329,WLNM_dir_neg,0.985136741974,0.852853598878,00:00:02,10,60,9,1236052733,threshold_sweep,0.7,1,0.0344827586207,0.0666666666667,3,0,84,174,0.0344827586207,1,0,0.965517241379,1,0.0344827586207,0.0666666666667,0.67816091954,0.662835249042,0.0454545454545,0.152498570333,0.0344827586207,216,129,87,0,216,0,129,0,87,37,216,0.162162162162,1.32432432432,11.6756756757,21.6,6,8.1990990496,0.702237650082,0.31006006006,10.329336629,1.76937710775,0.765265265265,3.0868314707,0.528762798222,0.252752752753,0.579945114934,0.437917739848,2,1.32432432432,0.579945114934,2,0.0121701261701,0.00597269624573,7,0.000900900900901,0.621196581197,37,37,37,1,0,0.72972972973,0.243243243243,0.027027027027,37,0.0968468468468,1.31981981982,6.97297297297,12.9,4.03125,5.16659401286,0.740945653007,0.360988895873,6.30969985913,1.80975887432,0.783993295621,2.11635984156,0.607017939053,0.338571129269,0.567072809762,0.429659262004,2,1.31981981982,0.567072809762,2,0,0,0,0,0.261723071036,37,37,37,1,0,0.72972972973,0.135135135135,0.135135135135,37,132,0.0990990990991,1.31981981982,7.13513513514,13.2,3.77142857143,5.27658434428,0.739521290676,0.362612612613,6.33570368161,1.77591694106,0.777641277641,1.9936084055,0.558814477299,0.312448812449,0.567072809762,0.429659262004,2,1.31981981982,0.567072809762,2,0,0,0,0,0.256784799431,37,37,37,1,0,0.72972972973,0.216216216216,0.0540540540541,-84,-0.0630630630631,-0.0045045045045,-4.54054054054,-8.4,-2.22857142857,-2.92251470532,0.0372836405943,0.0525525525526,-3.99363294739,0.00653983331147,0.012376012376,-1.09322306521,0.0300516790764,0.0596960596961,-0.0128723051723,-0.00825847784436,0,-0.0045045045045,-0.0128723051723,0,-0.0121701261701,-0.00597269624573,-7,-0.000900900900901,-0.364411781766,0,-0.027027027027,0.027027027027,132,0,84,1116,0.611111111111,1,0,0.388888888889,1,0.611111111111,0.758620689655,0.753878858527,0.611111111111,0.611111111111,3,87,0,0,0,0
2330,WLNM_dir_neg,0.985136741974,0.852853598878,00:00:02,10,60,9,1236052733,threshold_sweep,0.8,1,0.0344827586207,0.0666666666667,3,0,84,174,0.0344827586207,1,0,0.965517241379,1,0.0344827586207,0.0666666666667,0.67816091954,0.662835249042,0.0454545454545,0.152498570333,0.0344827586207,216,129,87,0,216,0,129,0,87,37,216,0.162162162162,1.32432432432,11.6756756757,21.6,6,8.1990990496,0.702237650082,0.31006006006,10.329336629,1.76937710775,0.765265265265,3.0868314707,0.528762798222,0.252752752753,0.579945114934,0.437917739848,2,1.32432432432,0.579945114934,2,0.0121701261701,0.00597269624573,7,0.000900900900901,0.621196581197,37,37,37,1,0,0.72972972973,0.243243243243,0.027027027027,37,0.0968468468468,1.31981981982,6.97297297297,12.9,4.03125,5.16659401286,0.740945653007,0.360988895873,6.30969985913,1.80975887432,0.783993295621,2.11635984156,0.607017939053,0.338571129269,0.567072809762,0.429659262004,2,1.31981981982,0.567072809762,2,0,0,0,0,0.261723071036,37,37,37,1,0,0.72972972973,0.135135135135,0.135135135135,37,132,0.0990990990991,1.31981981982,7.13513513514,13.2,3.77142857143,5.27658434428,0.739521290676,0.362612612613,6.33570368161,1.77591694106,0.777641277641,1.9936084055,0.558814477299,0.312448812449,0.567072809762,0.429659262004,2,1.31981981982,0.567072809762,2,0,0,0,0,0.256784799431,37,37,37,1,0,0.72972972973,0.216216216216,0.0540540540541,-84,-0.0630630630631,-0.0045045045045,-4.54054054054,-8.4,-2.22857142857,-2.92251470532,0.0372836405943,0.0525525525526,-3.99363294739,0.00653983331147,0.012376012376,-1.09322306521,0.0300516790764,0.0596960596961,-0.0128723051723,-0.00825847784436,0,-0.0045045045045,-0.0128723051723,0,-0.0121701261701,-0.00597269624573,-7,-0.000900900900901,-0.364411781766,0,-0.027027027027,0.027027027027,132,0,84,1116,0.611111111111,1,0,0.388888888889,1,0.611111111111,0.758620689655,0.753878858527,0.611111111111,0.611111111111,3,87,0,0,0,0
2331,WLNM_dir_neg,0.985136741974,0.852853598878,00:00:02,10,60,9,1236052733,threshold_sweep,0.9,0,0,0,0,0,87,174,0,1,0,1,0,0,0,0.666666666667,0.666666666667,0,0,0,216,129,87,0,216,0,129,0,87,37,216,0.162162162162,1.32432432432,11.6756756757,21.6,6,8.1990990496,0.702237650082,0.31006006006,10.329336629,1.76937710775,0.765265265265,3.0868314707,0.528762798222,0.252752752753,0.579945114934,0.437917739848,2,1.32432432432,0.579945114934,2,0.0121701261701,0.00597269624573,7,0.000900900900901,0.621196581197,37,37,37,1,0,0.72972972973,0.243243243243,0.027027027027,37,0.0968468468468,1.31981981982,6.97297297297,12.9,4.03125,5.16659401286,0.740945653007,0.360988895873,6.30969985913,1.80975887432,0.783993295621,2.11635984156,0.607017939053,0.338571129269,0.567072809762,0.429659262004,2,1.31981981982,0.567072809762,2,0,0,0,0,0.261723071036,37,37,37,1,0,0.72972972973,0.135135135135,0.135135135135,37,129,0.0968468468468,1.31981981982,6.97297297297,12.9,4.03125,5.16659401286,0.740945653007,0.360988895873,6.30969985913,1.80975887432,0.783993295621,2.11635984156,0.607017939053,0.338571129269,0.567072809762,0.429659262004,2,1.31981981982,0.567072809762,2,0,0,0,0,0.261723071036,37,37,37,1,0,0.72972972973,0.135135135135,0.135135135135,-87,-0.0653153153153,-0.0045045045045,-4.7027027027,-8.7,-1.96875,-3.03250503675,0.0387080029248,0.0509288358126,-4.01963676987,0.040381766579,0.0187280303559,-0.970471629141,0.0782551408304,0.0858183765161,-0.0128723051723,-0.00825847784436,0,-0.0045045045045,-0.0128723051723,0,-0.0121701261701,-0.00597269624573,-7,-0.000900900900901,-0.359473510161,0,-0.108108108108,0.108108108108,129,0,87,1116,0.597222222222,1,0,0.402777777778,1,0.597222222222,0.747826086957,0.744332981734,0.597222222222,0.597222222222,0,87,0,0,0,0
2332,WLNM_dir_neg,0.974567314044,0.841935210791,00:00:03,10,60,10,1236052734,threshold_sweep,0.1,1,0.0919540229885,0.168421052632,8,0,79,174,0.0919540229885,1,0,0.908045977011,1,0.0919540229885,0.168421052632,0.697318007663,0.656449553001,0.118959107807,0.251477845385,0.0919540229885,216,129,87,0,216,0,129,0,87,37,216,0.162162162162,1.32432432432,11.6756756757,21.6,6,8.1990990496,0.702237650082,0.31006006006,10.329336629,1.76937710775,0.765265265265,3.0868314707,0.528762798222,0.252752752753,0.579945114934,0.437917739848,2,1.32432432432,0.579945114934,2,0.0121701261701,0.00597269624573,7,0.000900900900901,0.621196581197,37,37,37,1,0,0.72972972973,0.243243243243,0.027027027027,37,0.0968468468468,1.33108108108,6.97297297297,12.9,4.16129032258,5.2147572996,0.747852791027,0.369369369369,6.41881618378,1.84105580465,0.78734548502,2.31686595811,0.664527445351,0.369578881207,0.601081357887,0.451573812016,2.25,1.35,0.61297250682,2.25,0.00969089390142,0.00238095238095,1,0.0001287001287,0.270950432735,37,35,35,0.945945945946,0,0.675675675676,0.162162162162,0.108108108108,37,137,0.102852852853,1.32432432432,7.40540540541,13.7,3.91428571429,5.47448353454,0.739255075832,0.36890905504,6.51009841564,1.75820176189,0.772144407181,2.05297703706,0.554453652346,0.310120339317,0.579945114934,0.437917739848,2,1.33333333333,0.585540043769,2,0.0136448263516,0.0105857445307,5,0.000643500643501,0.278357840143,37,36,36,0.972972972973,0,0.702702702703,0.243243243243,0.027027027027,-79,-0.0593093093093,0,-4.27027027027,-7.9,-2.08571428571,-2.72461551506,0.0370174257504,0.0588489949804,-3.81923821335,-0.0111753458558,0.00687914191564,-1.03385443364,0.0256908541235,0.0573675865647,0,0,0,0.00900900900901,0.00559492883467,0,0.00147470018147,0.00461304828496,-2,-0.0002574002574,-0.342838741054,-0.027027027027,0,0,137,0,79,1116,0.634259259259,1,0,0.365740740741,1,0.634259259259,0.776203966006,0.769629228416,0.634259259259,0.634259259259,8,87,0,0,0,0
2333,WLNM_dir_neg,0.974567314044,0.841935210791,00:00:03,10,60,10,1236052734,threshold_sweep,0.2,1,0.0919540229885,0.168421052632,8,0,79,174,0.0919540229885,1,0,0.908045977011,1,0.0919540229885,0.168421052632,0.697318007663,0.656449553001,0.118959107807,0.251477845385,0.0919540229885,216,129,87,0,216,0,129,0,87,37,216,0.162162162162,1.32432432432,11.6756756757,21.6,6,8.1990990496,0.702237650082,0.31006006006,10.329336629,1.76937710775,0.765265265265,3.0868314707,0.528762798222,0.252752752753,0.579945114934,0.437917739848,2,1.32432432432,0.579945114934,2,0.0121701261701,0.00597269624573,7,0.000900900900901,0.621196581197,37,37,37,1,0,0.72972972973,0.243243243243,0.027027027027,37,0.0968468468468,1.33108108108,6.97297297297,12.9,4.16129032258,5.2147572996,0.747852791027,0.369369369369,6.41881618378,1.84105580465,0.78734548502,2.31686595811,0.664527445351,0.369578881207,0.601081357887,0.451573812016,2.25,1.35,0.61297250682,2.25,0.00969089390142,0.00238095238095,1,0.0001287001287,0.270950432735,37,35,35,0.945945945946,0,0.675675675676,0.162162162162,0.108108108108,37,137,0.102852852853,1.32432432432,7.40540540541,13.7,3.91428571429,5.47448353454,0.739255075832,0.36890905504,6.51009841564,1.75820176189,0.772144407181,2.05297703706,0.554453652346,0.310120339317,0.579945114934,0.437917739848,2,1.33333333333,0.585540043769,2,0.0136448263516,0.0105857445307,5,0.000643500643501,0.278357840143,37,36,36,0.972972972973,0,0.702702702703,0.243243243243,0.027027027027,-79,-0.0593093093093,0,-4.27027027027,-7.9,-2.08571428571,-2.72461551506,0.0370174257504,0.0588489949804,-3.81923821335,-0.0111753458558,0.00687914191564,-1.03385443364,0.0256908541235,0.0573675865647,0,0,0,0.00900900900901,0.00559492883467,0,0.00147470018147,0.00461304828496,-2,-0.0002574002574,-0.342838741054,-0.027027027027,0,0,137,0,79,1116,0.634259259259,1,0,0.365740740741,1,0.634259259259,0.776203966006,0.769629228416,0.634259259259,0.634259259259,8,87,0,0,0,0
2334,WLNM_dir_neg,0.974567314044,0.841935210791,00:00:03,10,60,10,1236052734,threshold_sweep,0.3,1,0.0919540229885,0.168421052632,8,0,79,174,0.0919540229885,1,0,0.908045977011,1,0.0919540229885,0.168421052632,0.697318007663,0.656449553001,0.118959107807,0.251477845385,0.0919540229885,216,129,87,0,216,0,129,0,87,37,216,0.162162162162,1.32432432432,11.6756756757,21.6,6,8.1990990496,0.702237650082,0.31006006006,10.329336629,1.76937710775,0.765265265265,3.0868314707,0.528762798222,0.252752752753,0.579945114934,0.437917739848,2,1.32432432432,0.579945114934,2,0.0121701261701,0.00597269624573,7,0.000900900900901,0.621196581197,37,37,37,1,0,0.72972972973,0.243243243243,0.027027027027,37,0.0968468468468,1.33108108108,6.97297297297,12.9,4.16129032258,5.2147572996,0.747852791027,0.369369369369,6.41881618378,1.84105580465,0.78734548502,2.31686595811,0.664527445351,0.369578881207,0.601081357887,0.451573812016,2.25,1.35,0.61297250682,2.25,0.00969089390142,0.00238095238095,1,0.0001287001287,0.270950432735,37,35,35,0.945945945946,0,0.675675675676,0.162162162162,0.108108108108,37,137,0.102852852853,1.32432432432,7.40540540541,13.7,3.91428571429,5.47448353454,0.739255075832,0.36890905504,6.51009841564,1.75820176189,0.772144407181,2.05297703706,0.554453652346,0.310120339317,0.579945114934,0.437917739848,2,1.33333333333,0.585540043769,2,0.0136448263516,0.0105857445307,5,0.000643500643501,0.278357840143,37,36,36,0.972972972973,0,0.702702702703,0.243243243243,0.027027027027,-79,-0.0593093093093,0,-4.27027027027,-7.9,-2.08571428571,-2.72461551506,0.0370174257504,0.0588489949804,-3.81923821335,-0.0111753458558,0.00687914191564,-1.03385443364,0.0256908541235,0.0573675865647,0,0,0,0.00900900900901,0.00559492883467,0,0.00147470018147,0.00461304828496,-2,-0.0002574002574,-0.342838741054,-0.027027027027,0,0,137,0,79,1116,0.634259259259,1,0,0.365740740741,1,0.634259259259,0.776203966006,0.769629228416,0.634259259259,0.634259259259,8,87,0,0,0,0
2335,WLNM_dir_neg,0.974567314044,0.841935210791,00:00:03,10,60,10,1236052734,threshold_sweep,0.4,1,0.0919540229885,0.168421052632,8,0,79,174,0.0919540229885,1,0,0.908045977011,1,0.0919540229885,0.168421052632,0.697318007663,0.656449553001,0.118959107807,0.251477845385,0.0919540229885,216,129,87,0,216,0,129,0,87,37,216,0.162162162162,1.32432432432,11.6756756757,21.6,6,8.1990990496,0.702237650082,0.31006006006,10.329336629,1.76937710775,0.765265265265,3.0868314707,0.528762798222,0.252752752753,0.579945114934,0.437917739848,2,1.32432432432,0.579945114934,2,0.0121701261701,0.00597269624573,7,0.000900900900901,0.621196581197,37,37,37,1,0,0.72972972973,0.243243243243,0.027027027027,37,0.0968468468468,1.33108108108,6.97297297297,12.9,4.16129032258,5.2147572996,0.747852791027,0.369369369369,6.41881618378,1.84105580465,0.78734548502,2.31686595811,0.664527445351,0.369578881207,0.601081357887,0.451573812016,2.25,1.35,0.61297250682,2.25,0.00969089390142,0.00238095238095,1,0.0001287001287,0.270950432735,37,35,35,0.945945945946,0,0.675675675676,0.162162162162,0.108108108108,37,137,0.102852852853,1.32432432432,7.40540540541,13.7,3.91428571429,5.47448353454,0.739255075832,0.36890905504,6.51009841564,1.75820176189,0.772144407181,2.05297703706,0.554453652346,0.310120339317,0.579945114934,0.437917739848,2,1.33333333333,0.585540043769,2,0.0136448263516,0.0105857445307,5,0.000643500643501,0.278357840143,37,36,36,0.972972972973,0,0.702702702703,0.243243243243,0.027027027027,-79,-0.0593093093093,0,-4.27027027027,-7.9,-2.08571428571,-2.72461551506,0.0370174257504,0.0588489949804,-3.81923821335,-0.0111753458558,0.00687914191564,-1.03385443364,0.0256908541235,0.0573675865647,0,0,0,0.00900900900901,0.00559492883467,0,0.00147470018147,0.00461304828496,-2,-0.0002574002574,-0.342838741054,-0.027027027027,0,0,137,0,79,1116,0.634259259259,1,0,0.365740740741,1,0.634259259259,0.776203966006,0.769629228416,0.634259259259,0.634259259259,8,87,0,0,0,0
2336,WLNM_dir_neg,0.974567314044,0.841935210791,00:00:03,10,60,10,1236052734,threshold_sweep,0.5,1,0.0689655172414,0.129032258065,6,0,81,174,0.0689655172414,1,0,0.931034482759,1,0.0689655172414,0.129032258065,0.689655172414,0.659003831418,0.0898876404494,0.216930457819,0.0689655172414,216,129,87,0,216,0,129,0,87,37,216,0.162162162162,1.32432432432,11.6756756757,21.6,6,8.1990990496,0.702237650082,0.31006006006,10.329336629,1.76937710775,0.765265265265,3.0868314707,0.528762798222,0.252752752753,0.579945114934,0.437917739848,2,1.32432432432,0.579945114934,2,0.0121701261701,0.00597269624573,7,0.000900900900901,0.621196581197,37,37,37,1,0,0.72972972973,0.243243243243,0.027027027027,37,0.0968468468468,1.33108108108,6.97297297297,12.9,4.16129032258,5.2147572996,0.747852791027,0.369369369369,6.41881618378,1.84105580465,0.78734548502,2.31686595811,0.664527445351,0.369578881207,0.601081357887,0.451573812016,2.25,1.35,0.61297250682,2.25,0.00969089390142,0.00238095238095,1,0.0001287001287,0.270950432735,37,35,35,0.945945945946,0,0.675675675676,0.162162162162,0.108108108108,37,135,0.101351351351,1.32432432432,7.2972972973,13.5,3.85714285714,5.39992214381,0.739989330818,0.37017017017,6.5073301242,1.78349047848,0.776376376376,2.11103208324,0.578579163554,0.323123123123,0.579945114934,0.437917739848,2,1.33333333333,0.585540043769,2,0.016731710228,0.00654545454545,3,0.0003861003861,0.273913395698,37,36,36,0.972972972973,0,0.702702702703,0.243243243243,0.027027027027,-81,-0.0608108108108,0,-4.37837837838,-8.1,-2.14285714286,-2.7991769058,0.0377516807359,0.0601101101101,-3.8220065048,0.0141133707396,0.0111111111111,-0.975799387467,0.0498163653314,0.0703703703704,0,0,0,0.00900900900901,0.00559492883467,0,0.00456158405782,0.000572758299721,-4,-0.000514800514801,-0.347283185498,-0.027027027027,0,0,135,0,81,1116,0.625,1,0,0.375,1,0.625,0.769230769231,0.763352321616,0.625,0.625,6,87,0,0,0,0
2337,WLNM_dir_neg,0.974567314044,0.841935210791,00:00:03,10,60,10,1236052734,threshold_sweep,0.6,1,0.0689655172414,0.129032258065,6,0,81,174,0.0689655172414,1,0,0.931034482759,1,0.0689655172414,0.129032258065,0.689655172414,0.659003831418,0.0898876404494,0.216930457819,0.0689655172414,216,129,87,0,216,0,129,0,87,37,216,0.162162162162,1.32432432432,11.6756756757,21.6,6,8.1990990496,0.702237650082,0.31006006006,10.329336629,1.76937710775,0.765265265265,3.0868314707,0.528762798222,0.252752752753,0.579945114934,0.437917739848,2,1.32432432432,0.579945114934,2,0.0121701261701,0.00597269624573,7,0.000900900900901,0.621196581197,37,37,37,1,0,0.72972972973,0.243243243243,0.027027027027,37,0.0968468468468,1.33108108108,6.97297297297,12.9,4.16129032258,5.2147572996,0.747852791027,0.369369369369,6.41881618378,1.84105580465,0.78734548502,2.31686595811,0.664527445351,0.369578881207,0.601081357887,0.451573812016,2.25,1.35,0.61297250682,2.25,0.00969089390142,0.00238095238095,1,0.0001287001287,0.270950432735,37,35,35,0.945945945946,0,0.675675675676,0.162162162162,0.108108108108,37,135,0.101351351351,1.32432432432,7.2972972973,13.5,3.85714285714,5.39992214381,0.739989330818,0.37017017017,6.5073301242,1.78349047848,0.776376376376,2.11103208324,0.578579163554,0.323123123123,0.579945114934,0.437917739848,2,1.33333333333,0.585540043769,2,0.016731710228,0.00654545454545,3,0.0003861003861,0.273913395698,37,36,36,0.972972972973,0,0.702702702703,0.243243243243,0.027027027027,-81,-0.0608108108108,0,-4.37837837838,-8.1,-2.14285714286,-2.7991769058,0.0377516807359,0.0601101101101,-3.8220065048,0.0141133707396,0.0111111111111,-0.975799387467,0.0498163653314,0.0703703703704,0,0,0,0.00900900900901,0.00559492883467,0,0.00456158405782,0.000572758299721,-4,-0.000514800514801,-0.347283185498,-0.027027027027,0,0,135,0,81,1116,0.625,1,0,0.375,1,0.625,0.769230769231,0.763352321616,0.625,0.625,6,87,0,0,0,0
2338,WLNM_dir_neg,0.974567314044,0.841935210791,00:00:03,10,60,10,1236052734,threshold_sweep,0.7,1,0.0689655172414,0.129032258065,6,0,81,174,0.0689655172414,1,0,0.931034482759,1,0.0689655172414,0.129032258065,0.689655172414,0.659003831418,0.0898876404494,0.216930457819,0.0689655172414,216,129,87,0,216,0,129,0,87,37,216,0.162162162162,1.32432432432,11.6756756757,21.6,6,8.1990990496,0.702237650082,0.31006006006,10.329336629,1.76937710775,0.765265265265,3.0868314707,0.528762798222,0.252752752753,0.579945114934,0.437917739848,2,1.32432432432,0.579945114934,2,0.0121701261701,0.00597269624573,7,0.000900900900901,0.621196581197,37,37,37,1,0,0.72972972973,0.243243243243,0.027027027027,37,0.0968468468468,1.33108108108,6.97297297297,12.9,4.16129032258,5.2147572996,0.747852791027,0.369369369369,6.41881618378,1.84105580465,0.78734548502,2.31686595811,0.664527445351,0.369578881207,0.601081357887,0.451573812016,2.25,1.35,0.61297250682,2.25,0.00969089390142,0.00238095238095,1,0.0001287001287,0.270950432735,37,35,35,0.945945945946,0,0.675675675676,0.162162162162,0.108108108108,37,135,0.101351351351,1.32432432432,7.2972972973,13.5,3.85714285714,5.39992214381,0.739989330818,0.37017017017,6.5073301242,1.78349047848,0.776376376376,2.11103208324,0.578579163554,0.323123123123,0.579945114934,0.437917739848,2,1.33333333333,0.585540043769,2,0.016731710228,0.00654545454545,3,0.0003861003861,0.273913395698,37,36,36,0.972972972973,0,0.702702702703,0.243243243243,0.027027027027,-81,-0.0608108108108,0,-4.37837837838,-8.1,-2.14285714286,-2.7991769058,0.0377516807359,0.0601101101101,-3.8220065048,0.0141133707396,0.0111111111111,-0.975799387467,0.0498163653314,0.0703703703704,0,0,0,0.00900900900901,0.00559492883467,0,0.00456158405782,0.000572758299721,-4,-0.000514800514801,-0.347283185498,-0.027027027027,0,0,135,0,81,1116,0.625,1,0,0.375,1,0.625,0.769230769231,0.763352321616,0.625,0.625,6,87,0,0,0,0
2339,WLNM_dir_neg,0.974567314044,0.841935210791,00:00:03,10,60,10,1236052734,threshold_sweep,0.8,1,0.0689655172414,0.129032258065,6,0,81,174,0.0689655172414,1,0,0.931034482759,1,0.0689655172414,0.129032258065,0.689655172414,0.659003831418,0.0898876404494,0.216930457819,0.0689655172414,216,129,87,0,216,0,129,0,87,37,216,0.162162162162,1.32432432432,11.6756756757,21.6,6,8.1990990496,0.702237650082,0.31006006006,10.329336629,1.76937710775,0.765265265265,3.0868314707,0.528762798222,0.252752752753,0.579945114934,0.437917739848,2,1.32432432432,0.579945114934,2,0.0121701261701,0.00597269624573,7,0.000900900900901,0.621196581197,37,37,37,1,0,0.72972972973,0.243243243243,0.027027027027,37,0.0968468468468,1.33108108108,6.97297297297,12.9,4.16129032258,5.2147572996,0.747852791027,0.369369369369,6.41881618378,1.84105580465,0.78734548502,2.31686595811,0.664527445351,0.369578881207,0.601081357887,0.451573812016,2.25,1.35,0.61297250682,2.25,0.00969089390142,0.00238095238095,1,0.0001287001287,0.270950432735,37,35,35,0.945945945946,0,0.675675675676,0.162162162162,0.108108108108,37,135,0.101351351351,1.32432432432,7.2972972973,13.5,3.85714285714,5.39992214381,0.739989330818,0.37017017017,6.5073301242,1.78349047848,0.776376376376,2.11103208324,0.578579163554,0.323123123123,0.579945114934,0.437917739848,2,1.33333333333,0.585540043769,2,0.016731710228,0.00654545454545,3,0.0003861003861,0.273913395698,37,36,36,0.972972972973,0,0.702702702703,0.243243243243,0.027027027027,-81,-0.0608108108108,0,-4.37837837838,-8.1,-2.14285714286,-2.7991769058,0.0377516807359,0.0601101101101,-3.8220065048,0.0141133707396,0.0111111111111,-0.975799387467,0.0498163653314,0.0703703703704,0,0,0,0.00900900900901,0.00559492883467,0,0.00456158405782,0.000572758299721,-4,-0.000514800514801,-0.347283185498,-0.027027027027,0,0,135,0,81,1116,0.625,1,0,0.375,1,0.625,0.769230769231,0.763352321616,0.625,0.625,6,87,0,0,0,0
2340,WLNM_dir_neg,0.974567314044,0.841935210791,00:00:03,10,60,10,1236052734,threshold_sweep,0.9,1,0.0689655172414,0.129032258065,6,0,81,174,0.0689655172414,1,0,0.931034482759,1,0.0689655172414,0.129032258065,0.689655172414,0.659003831418,0.0898876404494,0.216930457819,0.0689655172414,216,129,87,0,216,0,129,0,87,37,216,0.162162162162,1.32432432432,11.6756756757,21.6,6,8.1990990496,0.702237650082,0.31006006006,10.329336629,1.76937710775,0.765265265265,3.0868314707,0.528762798222,0.252752752753,0.579945114934,0.437917739848,2,1.32432432432,0.579945114934,2,0.0121701261701,0.00597269624573,7,0.000900900900901,0.621196581197,37,37,37,1,0,0.72972972973,0.243243243243,0.027027027027,37,0.0968468468468,1.33108108108,6.97297297297,12.9,4.16129032258,5.2147572996,0.747852791027,0.369369369369,6.41881618378,1.84105580465,0.78734548502,2.31686595811,0.664527445351,0.369578881207,0.601081357887,0.451573812016,2.25,1.35,0.61297250682,2.25,0.00969089390142,0.00238095238095,1,0.0001287001287,0.270950432735,37,35,35,0.945945945946,0,0.675675675676,0.162162162162,0.108108108108,37,135,0.101351351351,1.32432432432,7.2972972973,13.5,3.85714285714,5.39992214381,0.739989330818,0.37017017017,6.5073301242,1.78349047848,0.776376376376,2.11103208324,0.578579163554,0.323123123123,0.579945114934,0.437917739848,2,1.33333333333,0.585540043769,2,0.016731710228,0.00654545454545,3,0.0003861003861,0.273913395698,37,36,36,0.972972972973,0,0.702702702703,0.243243243243,0.027027027027,-81,-0.0608108108108,0,-4.37837837838,-8.1,-2.14285714286,-2.7991769058,0.0377516807359,0.0601101101101,-3.8220065048,0.0141133707396,0.0111111111111,-0.975799387467,0.0498163653314,0.0703703703704,0,0,0,0.00900900900901,0.00559492883467,0,0.00456158405782,0.000572758299721,-4,-0.000514800514801,-0.347283185498,-0.027027027027,0,0,135,0,81,1116,0.625,1,0,0.375,1,0.625,0.769230769231,0.763352321616,0.625,0.625,6,87,0,0,0,0
2341,WLNM_dir_neg,0.945204122077,0.693107546049,00:00:02,10,60,11,1236052735,threshold_sweep,0.1,0.888888888889,0.0919540229885,0.166666666667,8,1,79,173,0.0919540229885,0.994252873563,0.00574712643678,0.908045977011,0.888888888889,0.0919540229885,0.166666666667,0.693486590038,0.655172413793,0.111111111111,0.222717701594,0.0862068965517,216,129,87,0,216,0,129,0,87,37,216,0.162162162162,1.32432432432,11.6756756757,21.6,6,8.1990990496,0.702237650082,0.31006006006,10.329336629,1.76937710775,0.765265265265,3.0868314707,0.528762798222,0.252752752753,0.579945114934,0.437917739848,2,1.32432432432,0.579945114934,2,0.0121701261701,0.00597269624573,7,0.000900900900901,0.621196581197,37,37,37,1,0,0.72972972973,0.243243243243,0.027027027027,37,0.0968468468468,1.32432432432,6.97297297297,12.9,4.03125,5.22008134508,0.74861631693,0.370207416719,6.39714181674,1.83483912573,0.789021579719,2.30484539879,0.661079688024,0.369997904882,0.579945114934,0.437917739848,2,1.33333333333,0.585540043769,2,0.0118487394958,0.00475812846947,2,0.0002574002574,0.274863408877,37,36,36,0.972972972973,0,0.702702702703,0.162162162162,0.108108108108,37,138,0.103603603604,1.32611257874,7.45945945946,13.8,3.94285714286,5.73776279763,0.769192838813,0.386799843322,6.56864880681,1.76115946269,0.774774774775,2.03645455317,0.546005930924,0.305131218175,0.582793392344,0.439475050373,2.00751879699,1.33517126149,0.588412620273,2.00751879699,0.0565181676304,0.0485175202156,24,0.0030888030888,0.282090733887,37,36,36,0.972972972973,0,0.702702702703,0.243243243243,0.027027027027,-78,-0.0585585585586,0.00178825441983,-4.21621621622,-7.8,-2.05714285714,-2.46133625197,0.0669551887315,0.0767397832615,-3.76068782219,-0.0082176450511,0.00950950950951,-1.05037691753,0.0172431327013,0.0523784654219,0.00284827740987,0.00155731052489,0.00751879699248,0.0108469371627,0.00846750533816,0.00751879699248,0.0443480414603,0.0425448239699,17,0.0021879021879,-0.339105847309,-0.027027027027,0,0,137,1,79,1115,0.634259259259,0.999103942652,0.00089605734767,0.365740740741,0.992753623188,0.634259259259,0.774011299435,0.766072890133,0.633363201912,0.63133640553,9,87,0,0,0,0
2342,WLNM_dir_neg,0.945204122077,0.693107546049,00:00:02,10,60,11,1236052735,threshold_sweep,0.2,1,0.0919540229885,0.168421052632,8,0,79,174,0.0919540229885,1,0,0.908045977011,1,0.0919540229885,0.168421052632,0.697318007663,0.656449553001,0.118959107807,0.251477845385,0.0919540229885,216,129,87,0,216,0,129,0,87,37,216,0.162162162162,1.32432432432,11.6756756757,21.6,6,8.1990990496,0.702237650082,0.31006006006,10.329336629,1.76937710775,0.765265265265,3.0868314707,0.528762798222,0.252752752753,0.579945114934,0.437917739848,2,1.32432432432,0.579945114934,2,0.0121701261701,0.00597269624573,7,0.000900900900901,0.621196581197,37,37,37,1,0,0.72972972973,0.243243243243,0.027027027027,37,0.0968468468468,1.32432432432,6.97297297297,12.9,4.03125,5.22008134508,0.74861631693,0.370207416719,6.39714181674,1.83483912573,0.789021579719,2.30484539879,0.661079688024,0.369997904882,0.579945114934,0.437917739848,2,1.33333333333,0.585540043769,2,0.0118487394958,0.00475812846947,2,0.0002574002574,0.274863408877,37,36,36,0.972972972973,0,0.702702702703,0.162162162162,0.108108108108,37,137,0.102852852853,1.32432432432,7.40540540541,13.7,3.91428571429,5.59989811147,0.756190620892,0.382718484908,6.50583014118,1.75704901623,0.773722627737,2.05297703706,0.554453652346,0.3089366739,0.579945114934,0.437917739848,2,1.33333333333,0.585540043769,2,0.013240205173,0.0145631067961,7,0.000900900900901,0.284069758084,37,36,36,0.972972972973,0,0.702702702703,0.243243243243,0.027027027027,-79,-0.0593093093093,0,-4.27027027027,-7.9,-2.08571428571,-2.59920093813,0.0539529708102,0.0726584248482,-3.82350648782,-0.0123280915155,0.00845736247196,-1.03385443364,0.0256908541235,0.0561839211474,0,0,0,0.00900900900901,0.00559492883467,0,0.00107007900285,0.00859041055038,0,0,-0.337126823113,-0.027027027027,0,0,137,0,79,1116,0.634259259259,1,0,0.365740740741,1,0.634259259259,0.776203966006,0.769629228416,0.634259259259,0.634259259259,8,87,0,0,0,0
2343,WLNM_dir_neg,0.945204122077,0.693107546049,00:00:02,10,60,11,1236052735,threshold_sweep,0.3,1,0.0919540229885,0.168421052632,8,0,79,174,0.0919540229885,1,0,0.908045977011,1,0.0919540229885,0.168421052632,0.697318007663,0.656449553001,0.118959107807,0.251477845385,0.0919540229885,216,129,87,0,216,0,129,0,87,37,216,0.162162162162,1.32432432432,11.6756756757,21.6,6,8.1990990496,0.702237650082,0.31006006006,10.329336629,1.76937710775,0.765265265265,3.0868314707,0.528762798222,0.252752752753,0.579945114934,0.437917739848,2,1.32432432432,0.579945114934,2,0.0121701261701,0.00597269624573,7,0.000900900900901,0.621196581197,37,37,37,1,0,0.72972972973,0.243243243243,0.027027027027,37,0.0968468468468,1.32432432432,6.97297297297,12.9,4.03125,5.22008134508,0.74861631693,0.370207416719,6.39714181674,1.83483912573,0.789021579719,2.30484539879,0.661079688024,0.369997904882,0.579945114934,0.437917739848,2,1.33333333333,0.585540043769,2,0.0118487394958,0.00475812846947,2,0.0002574002574,0.274863408877,37,36,36,0.972972972973,0,0.702702702703,0.162162162162,0.108108108108,37,137,0.102852852853,1.32432432432,7.40540540541,13.7,3.91428571429,5.59989811147,0.756190620892,0.382718484908,6.50583014118,1.75704901623,0.773722627737,2.05297703706,0.554453652346,0.3089366739,0.579945114934,0.437917739848,2,1.33333333333,0.585540043769,2,0.013240205173,0.0145631067961,7,0.000900900900901,0.284069758084,37,36,36,0.972972972973,0,0.702702702703,0.243243243243,0.027027027027,-79,-0.0593093093093,0,-4.27027027027,-7.9,-2.08571428571,-2.59920093813,0.0539529708102,0.0726584248482,-3.82350648782,-0.0123280915155,0.00845736247196,-1.03385443364,0.0256908541235,0.0561839211474,0,0,0,0.00900900900901,0.00559492883467,0,0.00107007900285,0.00859041055038,0,0,-0.337126823113,-0.027027027027,0,0,137,0,79,1116,0.634259259259,1,0,0.365740740741,1,0.634259259259,0.776203966006,0.769629228416,0.634259259259,0.634259259259,8,87,0,0,0,0
2344,WLNM_dir_neg,0.945204122077,0.693107546049,00:00:02,10,60,11,1236052735,threshold_sweep,0.4,1,0.0919540229885,0.168421052632,8,0,79,174,0.0919540229885,1,0,0.908045977011,1,0.0919540229885,0.168421052632,0.697318007663,0.656449553001,0.118959107807,0.251477845385,0.0919540229885,216,129,87,0,216,0,129,0,87,37,216,0.162162162162,1.32432432432,11.6756756757,21.6,6,8.1990990496,0.702237650082,0.31006006006,10.329336629,1.76937710775,0.765265265265,3.0868314707,0.528762798222,0.252752752753,0.579945114934,0.437917739848,2,1.32432432432,0.579945114934,2,0.0121701261701,0.00597269624573,7,0.000900900900901,0.621196581197,37,37,37,1,0,0.72972972973,0.243243243243,0.027027027027,37,0.0968468468468,1.32432432432,6.97297297297,12.9,4.03125,5.22008134508,0.74861631693,0.370207416719,6.39714181674,1.83483912573,0.789021579719,2.30484539879,0.661079688024,0.369997904882,0.579945114934,0.437917739848,2,1.33333333333,0.585540043769,2,0.0118487394958,0.00475812846947,2,0.0002574002574,0.274863408877,37,36,36,0.972972972973,0,0.702702702703,0.162162162162,0.108108108108,37,137,0.102852852853,1.32432432432,7.40540540541,13.7,3.91428571429,5.59989811147,0.756190620892,0.382718484908,6.50583014118,1.75704901623,0.773722627737,2.05297703706,0.554453652346,0.3089366739,0.579945114934,0.437917739848,2,1.33333333333,0.585540043769,2,0.013240205173,0.0145631067961,7,0.000900900900901,0.284069758084,37,36,36,0.972972972973,0,0.702702702703,0.243243243243,0.027027027027,-79,-0.0593093093093,0,-4.27027027027,-7.9,-2.08571428571,-2.59920093813,0.0539529708102,0.0726584248482,-3.82350648782,-0.0123280915155,0.00845736247196,-1.03385443364,0.0256908541235,0.0561839211474,0,0,0,0.00900900900901,0.00559492883467,0,0.00107007900285,0.00859041055038,0,0,-0.337126823113,-0.027027027027,0,0,137,0,79,1116,0.634259259259,1,0,0.365740740741,1,0.634259259259,0.776203966006,0.769629228416,0.634259259259,0.634259259259,8,87,0,0,0,0
2345,WLNM_dir_neg,0.945204122077,0.693107546049,00:00:02,10,60,11,1236052735,threshold_sweep,0.5,1,0.0919540229885,0.168421052632,8,0,79,174,0.0919540229885,1,0,0.908045977011,1,0.0919540229885,0.168421052632,0.697318007663,0.656449553001,0.118959107807,0.251477845385,0.0919540229885,216,129,87,0,216,0,129,0,87,37,216,0.162162162162,1.32432432432,11.6756756757,21.6,6,8.1990990496,0.702237650082,0.31006006006,10.329336629,1.76937710775,0.765265265265,3.0868314707,0.528762798222,0.252752752753,0.579945114934,0.437917739848,2,1.32432432432,0.579945114934,2,0.0121701261701,0.00597269624573,7,0.000900900900901,0.621196581197,37,37,37,1,0,0.72972972973,0.243243243243,0.027027027027,37,0.0968468468468,1.32432432432,6.97297297297,12.9,4.03125,5.22008134508,0.74861631693,0.370207416719,6.39714181674,1.83483912573,0.789021579719,2.30484539879,0.661079688024,0.369997904882,0.579945114934,0.437917739848,2,1.33333333333,0.585540043769,2,0.0118487394958,0.00475812846947,2,0.0002574002574,0.274863408877,37,36,36,0.972972972973,0,0.702702702703,0.162162162162,0.108108108108,37,137,0.102852852853,1.32432432432,7.40540540541,13.7,3.91428571429,5.59989811147,0.756190620892,0.382718484908,6.50583014118,1.75704901623,0.773722627737,2.05297703706,0.554453652346,0.3089366739,0.579945114934,0.437917739848,2,1.33333333333,0.585540043769,2,0.013240205173,0.0145631067961,7,0.000900900900901,0.284069758084,37,36,36,0.972972972973,0,0.702702702703,0.243243243243,0.027027027027,-79,-0.0593093093093,0,-4.27027027027,-7.9,-2.08571428571,-2.59920093813,0.0539529708102,0.0726584248482,-3.82350648782,-0.0123280915155,0.00845736247196,-1.03385443364,0.0256908541235,0.0561839211474,0,0,0,0.00900900900901,0.00559492883467,0,0.00107007900285,0.00859041055038,0,0,-0.337126823113,-0.027027027027,0,0,137,0,79,1116,0.634259259259,1,0,0.365740740741,1,0.634259259259,0.776203966006,0.769629228416,0.634259259259,0.634259259259,8,87,0,0,0,0
2346,WLNM_dir_neg,0.945204122077,0.693107546049,00:00:02,10,60,11,1236052735,threshold_sweep,0.6,1,0.0919540229885,0.168421052632,8,0,79,174,0.0919540229885,1,0,0.908045977011,1,0.0919540229885,0.168421052632,0.697318007663,0.656449553001,0.118959107807,0.251477845385,0.0919540229885,216,129,87,0,216,0,129,0,87,37,216,0.162162162162,1.32432432432,11.6756756757,21.6,6,8.1990990496,0.702237650082,0.31006006006,10.329336629,1.76937710775,0.765265265265,3.0868314707,0.528762798222,0.252752752753,0.579945114934,0.437917739848,2,1.32432432432,0.579945114934,2,0.0121701261701,0.00597269624573,7,0.000900900900901,0.621196581197,37,37,37,1,0,0.72972972973,0.243243243243,0.027027027027,37,0.0968468468468,1.32432432432,6.97297297297,12.9,4.03125,5.22008134508,0.74861631693,0.370207416719,6.39714181674,1.83483912573,0.789021579719,2.30484539879,0.661079688024,0.369997904882,0.579945114934,0.437917739848,2,1.33333333333,0.585540043769,2,0.0118487394958,0.00475812846947,2,0.0002574002574,0.274863408877,37,36,36,0.972972972973,0,0.702702702703,0.162162162162,0.108108108108,37,137,0.102852852853,1.32432432432,7.40540540541,13.7,3.91428571429,5.59989811147,0.756190620892,0.382718484908,6.50583014118,1.75704901623,0.773722627737,2.05297703706,0.554453652346,0.3089366739,0.579945114934,0.437917739848,2,1.33333333333,0.585540043769,2,0.013240205173,0.0145631067961,7,0.000900900900901,0.284069758084,37,36,36,0.972972972973,0,0.702702702703,0.243243243243,0.027027027027,-79,-0.0593093093093,0,-4.27027027027,-7.9,-2.08571428571,-2.59920093813,0.0539529708102,0.0726584248482,-3.82350648782,-0.0123280915155,0.00845736247196,-1.03385443364,0.0256908541235,0.0561839211474,0,0,0,0.00900900900901,0.00559492883467,0,0.00107007900285,0.00859041055038,0,0,-0.337126823113,-0.027027027027,0,0,137,0,79,1116,0.634259259259,1,0,0.365740740741,1,0.634259259259,0.776203966006,0.769629228416,0.634259259259,0.634259259259,8,87,0,0,0,0
2347,WLNM_dir_neg,0.945204122077,0.693107546049,00:00:02,10,60,11,1236052735,threshold_sweep,0.7,1,0.0919540229885,0.168421052632,8,0,79,174,0.0919540229885,1,0,0.908045977011,1,0.0919540229885,0.168421052632,0.697318007663,0.656449553001,0.118959107807,0.251477845385,0.0919540229885,216,129,87,0,216,0,129,0,87,37,216,0.162162162162,1.32432432432,11.6756756757,21.6,6,8.1990990496,0.702237650082,0.31006006006,10.329336629,1.76937710775,0.765265265265,3.0868314707,0.528762798222,0.252752752753,0.579945114934,0.437917739848,2,1.32432432432,0.579945114934,2,0.0121701261701,0.00597269624573,7,0.000900900900901,0.621196581197,37,37,37,1,0,0.72972972973,0.243243243243,0.027027027027,37,0.0968468468468,1.32432432432,6.97297297297,12.9,4.03125,5.22008134508,0.74861631693,0.370207416719,6.39714181674,1.83483912573,0.789021579719,2.30484539879,0.661079688024,0.369997904882,0.579945114934,0.437917739848,2,1.33333333333,0.585540043769,2,0.0118487394958,0.00475812846947,2,0.0002574002574,0.274863408877,37,36,36,0.972972972973,0,0.702702702703,0.162162162162,0.108108108108,37,137,0.102852852853,1.32432432432,7.40540540541,13.7,3.91428571429,5.59989811147,0.756190620892,0.382718484908,6.50583014118,1.75704901623,0.773722627737,2.05297703706,0.554453652346,0.3089366739,0.579945114934,0.437917739848,2,1.33333333333,0.585540043769,2,0.013240205173,0.0145631067961,7,0.000900900900901,0.284069758084,37,36,36,0.972972972973,0,0.702702702703,0.243243243243,0.027027027027,-79,-0.0593093093093,0,-4.27027027027,-7.9,-2.08571428571,-2.59920093813,0.0539529708102,0.0726584248482,-3.82350648782,-0.0123280915155,0.00845736247196,-1.03385443364,0.0256908541235,0.0561839211474,0,0,0,0.00900900900901,0.00559492883467,0,0.00107007900285,0.00859041055038,0,0,-0.337126823113,-0.027027027027,0,0,137,0,79,1116,0.634259259259,1,0,0.365740740741,1,0.634259259259,0.776203966006,0.769629228416,0.634259259259,0.634259259259,8,87,0,0,0,0
2348,WLNM_dir_neg,0.945204122077,0.693107546049,00:00:02,10,60,11,1236052735,threshold_sweep,0.8,1,0.0919540229885,0.168421052632,8,0,79,174,0.0919540229885,1,0,0.908045977011,1,0.0919540229885,0.168421052632,0.697318007663,0.656449553001,0.118959107807,0.251477845385,0.0919540229885,216,129,87,0,216,0,129,0,87,37,216,0.162162162162,1.32432432432,11.6756756757,21.6,6,8.1990990496,0.702237650082,0.31006006006,10.329336629,1.76937710775,0.765265265265,3.0868314707,0.528762798222,0.252752752753,0.579945114934,0.437917739848,2,1.32432432432,0.579945114934,2,0.0121701261701,0.00597269624573,7,0.000900900900901,0.621196581197,37,37,37,1,0,0.72972972973,0.243243243243,0.027027027027,37,0.0968468468468,1.32432432432,6.97297297297,12.9,4.03125,5.22008134508,0.74861631693,0.370207416719,6.39714181674,1.83483912573,0.789021579719,2.30484539879,0.661079688024,0.369997904882,0.579945114934,0.437917739848,2,1.33333333333,0.585540043769,2,0.0118487394958,0.00475812846947,2,0.0002574002574,0.274863408877,37,36,36,0.972972972973,0,0.702702702703,0.162162162162,0.108108108108,37,137,0.102852852853,1.32432432432,7.40540540541,13.7,3.91428571429,5.59989811147,0.756190620892,0.382718484908,6.50583014118,1.75704901623,0.773722627737,2.05297703706,0.554453652346,0.3089366739,0.579945114934,0.437917739848,2,1.33333333333,0.585540043769,2,0.013240205173,0.0145631067961,7,0.000900900900901,0.284069758084,37,36,36,0.972972972973,0,0.702702702703,0.243243243243,0.027027027027,-79,-0.0593093093093,0,-4.27027027027,-7.9,-2.08571428571,-2.59920093813,0.0539529708102,0.0726584248482,-3.82350648782,-0.0123280915155,0.00845736247196,-1.03385443364,0.0256908541235,0.0561839211474,0,0,0,0.00900900900901,0.00559492883467,0,0.00107007900285,0.00859041055038,0,0,-0.337126823113,-0.027027027027,0,0,137,0,79,1116,0.634259259259,1,0,0.365740740741,1,0.634259259259,0.776203966006,0.769629228416,0.634259259259,0.634259259259,8,87,0,0,0,0
2349,WLNM_dir_neg,0.945204122077,0.693107546049,00:00:02,10,60,11,1236052735,threshold_sweep,0.9,1,0.0919540229885,0.168421052632,8,0,79,174,0.0919540229885,1,0,0.908045977011,1,0.0919540229885,0.168421052632,0.697318007663,0.656449553001,0.118959107807,0.251477845385,0.0919540229885,216,129,87,0,216,0,129,0,87,37,216,0.162162162162,1.32432432432,11.6756756757,21.6,6,8.1990990496,0.702237650082,0.31006006006,10.329336629,1.76937710775,0.765265265265,3.0868314707,0.528762798222,0.252752752753,0.579945114934,0.437917739848,2,1.32432432432,0.579945114934,2,0.0121701261701,0.00597269624573,7,0.000900900900901,0.621196581197,37,37,37,1,0,0.72972972973,0.243243243243,0.027027027027,37,0.0968468468468,1.32432432432,6.97297297297,12.9,4.03125,5.22008134508,0.74861631693,0.370207416719,6.39714181674,1.83483912573,0.789021579719,2.30484539879,0.661079688024,0.369997904882,0.579945114934,0.437917739848,2,1.33333333333,0.585540043769,2,0.0118487394958,0.00475812846947,2,0.0002574002574,0.274863408877,37,36,36,0.972972972973,0,0.702702702703,0.162162162162,0.108108108108,37,137,0.102852852853,1.32432432432,7.40540540541,13.7,3.91428571429,5.59989811147,0.756190620892,0.382718484908,6.50583014118,1.75704901623,0.773722627737,2.05297703706,0.554453652346,0.3089366739,0.579945114934,0.437917739848,2,1.33333333333,0.585540043769,2,0.013240205173,0.0145631067961,7,0.000900900900901,0.284069758084,37,36,36,0.972972972973,0,0.702702702703,0.243243243243,0.027027027027,-79,-0.0593093093093,0,-4.27027027027,-7.9,-2.08571428571,-2.59920093813,0.0539529708102,0.0726584248482,-3.82350648782,-0.0123280915155,0.00845736247196,-1.03385443364,0.0256908541235,0.0561839211474,0,0,0,0.00900900900901,0.00559492883467,0,0.00107007900285,0.00859041055038,0,0,-0.337126823113,-0.027027027027,0,0,137,0,79,1116,0.634259259259,1,0,0.365740740741,1,0.634259259259,0.776203966006,0.769629228416,0.634259259259,0.634259259259,8,87,0,0,0,0
2350,WLNM_dir_neg,0.992205046902,0.909466615007,00:00:02,10,60,12,1236052736,threshold_sweep,0.1,0.9,0.103448275862,0.185567010309,9,1,78,173,0.103448275862,0.994252873563,0.00574712643678,0.896551724138,0.9,0.103448275862,0.185567010309,0.697318007663,0.653895274585,0.125461254613,0.239936910698,0.0977011494253,216,129,87,0,216,0,129,0,87,37,216,0.162162162162,1.32432432432,11.6756756757,21.6,6,8.1990990496,0.702237650082,0.31006006006,10.329336629,1.76937710775,0.765265265265,3.0868314707,0.528762798222,0.252752752753,0.579945114934,0.437917739848,2,1.32432432432,0.579945114934,2,0.0121701261701,0.00597269624573,7,0.000900900900901,0.621196581197,37,37,37,1,0,0.72972972973,0.243243243243,0.027027027027,37,0.0968468468468,1.32882882883,6.97297297297,12.9,4.16129032258,5.24132344656,0.751662664817,0.381940079614,6.34482125491,1.81983245296,0.781060129897,2.39932422919,0.688178267286,0.3863398282,0.593803505044,0.446862298711,2.16666666667,1.34761904762,0.605491520441,2.16666666667,0.0231942601602,0.00474308300395,2,0.0002574002574,0.287802204841,37,35,35,0.945945945946,0,0.675675675676,0.162162162162,0.108108108108,37,139,0.104354354354,1.32432432432,7.51351351351,13.9,3.97142857143,5.56088333122,0.740117565666,0.382267159246,6.45671659508,1.71869434545,0.761423293797,2.08706872332,0.555550667358,0.309158078942,0.579945114934,0.437917739848,2,1.33333333333,0.585540043769,2,0.0131637351297,0.0164158686731,8,0.0010296010296,0.298172575212,37,36,36,0.972972972973,0,0.702702702703,0.243243243243,0.027027027027,-77,-0.0578078078078,0,-4.16216216216,-7.7,-2.02857142857,-2.63821571839,0.0378799155839,0.0722070991855,-3.87262003392,-0.0506827622922,-0.00384197146787,-0.999762747385,0.0267878691358,0.0564053261895,0,0,0,0.00900900900901,0.00559492883467,0,0.000993608959553,0.0104431724273,1,0.0001287001287,-0.323024005985,-0.027027027027,0,0,138,1,78,1115,0.638888888889,0.999103942652,0.00089605734767,0.361111111111,0.992805755396,0.638888888889,0.777464788732,0.769213946827,0.637992831541,0.635944700461,10,87,0,0,0,0
2351,WLNM_dir_neg,0.992205046902,0.909466615007,00:00:02,10,60,12,1236052736,threshold_sweep,0.2,0.9,0.103448275862,0.185567010309,9,1,78,173,0.103448275862,0.994252873563,0.00574712643678,0.896551724138,0.9,0.103448275862,0.185567010309,0.697318007663,0.653895274585,0.125461254613,0.239936910698,0.0977011494253,216,129,87,0,216,0,129,0,87,37,216,0.162162162162,1.32432432432,11.6756756757,21.6,6,8.1990990496,0.702237650082,0.31006006006,10.329336629,1.76937710775,0.765265265265,3.0868314707,0.528762798222,0.252752752753,0.579945114934,0.437917739848,2,1.32432432432,0.579945114934,2,0.0121701261701,0.00597269624573,7,0.000900900900901,0.621196581197,37,37,37,1,0,0.72972972973,0.243243243243,0.027027027027,37,0.0968468468468,1.32882882883,6.97297297297,12.9,4.16129032258,5.24132344656,0.751662664817,0.381940079614,6.34482125491,1.81983245296,0.781060129897,2.39932422919,0.688178267286,0.3863398282,0.593803505044,0.446862298711,2.16666666667,1.34761904762,0.605491520441,2.16666666667,0.0231942601602,0.00474308300395,2,0.0002574002574,0.287802204841,37,35,35,0.945945945946,0,0.675675675676,0.162162162162,0.108108108108,37,139,0.104354354354,1.32432432432,7.51351351351,13.9,3.97142857143,5.56088333122,0.740117565666,0.382267159246,6.45671659508,1.71869434545,0.761423293797,2.08706872332,0.555550667358,0.309158078942,0.579945114934,0.437917739848,2,1.33333333333,0.585540043769,2,0.0131637351297,0.0164158686731,8,0.0010296010296,0.298172575212,37,36,36,0.972972972973,0,0.702702702703,0.243243243243,0.027027027027,-77,-0.0578078078078,0,-4.16216216216,-7.7,-2.02857142857,-2.63821571839,0.0378799155839,0.0722070991855,-3.87262003392,-0.0506827622922,-0.00384197146787,-0.999762747385,0.0267878691358,0.0564053261895,0,0,0,0.00900900900901,0.00559492883467,0,0.000993608959553,0.0104431724273,1,0.0001287001287,-0.323024005985,-0.027027027027,0,0,138,1,78,1115,0.638888888889,0.999103942652,0.00089605734767,0.361111111111,0.992805755396,0.638888888889,0.777464788732,0.769213946827,0.637992831541,0.635944700461,10,87,0,0,0,0
2352,WLNM_dir_neg,0.992205046902,0.909466615007,00:00:02,10,60,12,1236052736,threshold_sweep,0.3,0.9,0.103448275862,0.185567010309,9,1,78,173,0.103448275862,0.994252873563,0.00574712643678,0.896551724138,0.9,0.103448275862,0.185567010309,0.697318007663,0.653895274585,0.125461254613,0.239936910698,0.0977011494253,216,129,87,0,216,0,129,0,87,37,216,0.162162162162,1.32432432432,11.6756756757,21.6,6,8.1990990496,0.702237650082,0.31006006006,10.329336629,1.76937710775,0.765265265265,3.0868314707,0.528762798222,0.252752752753,0.579945114934,0.437917739848,2,1.32432432432,0.579945114934,2,0.0121701261701,0.00597269624573,7,0.000900900900901,0.621196581197,37,37,37,1,0,0.72972972973,0.243243243243,0.027027027027,37,0.0968468468468,1.32882882883,6.97297297297,12.9,4.16129032258,5.24132344656,0.751662664817,0.381940079614,6.34482125491,1.81983245296,0.781060129897,2.39932422919,0.688178267286,0.3863398282,0.593803505044,0.446862298711,2.16666666667,1.34761904762,0.605491520441,2.16666666667,0.0231942601602,0.00474308300395,2,0.0002574002574,0.287802204841,37,35,35,0.945945945946,0,0.675675675676,0.162162162162,0.108108108108,37,139,0.104354354354,1.32432432432,7.51351351351,13.9,3.97142857143,5.56088333122,0.740117565666,0.382267159246,6.45671659508,1.71869434545,0.761423293797,2.08706872332,0.555550667358,0.309158078942,0.579945114934,0.437917739848,2,1.33333333333,0.585540043769,2,0.0131637351297,0.0164158686731,8,0.0010296010296,0.298172575212,37,36,36,0.972972972973,0,0.702702702703,0.243243243243,0.027027027027,-77,-0.0578078078078,0,-4.16216216216,-7.7,-2.02857142857,-2.63821571839,0.0378799155839,0.0722070991855,-3.87262003392,-0.0506827622922,-0.00384197146787,-0.999762747385,0.0267878691358,0.0564053261895,0,0,0,0.00900900900901,0.00559492883467,0,0.000993608959553,0.0104431724273,1,0.0001287001287,-0.323024005985,-0.027027027027,0,0,138,1,78,1115,0.638888888889,0.999103942652,0.00089605734767,0.361111111111,0.992805755396,0.638888888889,0.777464788732,0.769213946827,0.637992831541,0.635944700461,10,87,0,0,0,0
2353,WLNM_dir_neg,0.992205046902,0.909466615007,00:00:02,10,60,12,1236052736,threshold_sweep,0.4,0.9,0.103448275862,0.185567010309,9,1,78,173,0.103448275862,0.994252873563,0.00574712643678,0.896551724138,0.9,0.103448275862,0.185567010309,0.697318007663,0.653895274585,0.125461254613,0.239936910698,0.0977011494253,216,129,87,0,216,0,129,0,87,37,216,0.162162162162,1.32432432432,11.6756756757,21.6,6,8.1990990496,0.702237650082,0.31006006006,10.329336629,1.76937710775,0.765265265265,3.0868314707,0.528762798222,0.252752752753,0.579945114934,0.437917739848,2,1.32432432432,0.579945114934,2,0.0121701261701,0.00597269624573,7,0.000900900900901,0.621196581197,37,37,37,1,0,0.72972972973,0.243243243243,0.027027027027,37,0.0968468468468,1.32882882883,6.97297297297,12.9,4.16129032258,5.24132344656,0.751662664817,0.381940079614,6.34482125491,1.81983245296,0.781060129897,2.39932422919,0.688178267286,0.3863398282,0.593803505044,0.446862298711,2.16666666667,1.34761904762,0.605491520441,2.16666666667,0.0231942601602,0.00474308300395,2,0.0002574002574,0.287802204841,37,35,35,0.945945945946,0,0.675675675676,0.162162162162,0.108108108108,37,139,0.104354354354,1.32432432432,7.51351351351,13.9,3.97142857143,5.56088333122,0.740117565666,0.382267159246,6.45671659508,1.71869434545,0.761423293797,2.08706872332,0.555550667358,0.309158078942,0.579945114934,0.437917739848,2,1.33333333333,0.585540043769,2,0.0131637351297,0.0164158686731,8,0.0010296010296,0.298172575212,37,36,36,0.972972972973,0,0.702702702703,0.243243243243,0.027027027027,-77,-0.0578078078078,0,-4.16216216216,-7.7,-2.02857142857,-2.63821571839,0.0378799155839,0.0722070991855,-3.87262003392,-0.0506827622922,-0.00384197146787,-0.999762747385,0.0267878691358,0.0564053261895,0,0,0,0.00900900900901,0.00559492883467,0,0.000993608959553,0.0104431724273,1,0.0001287001287,-0.323024005985,-0.027027027027,0,0,138,1,78,1115,0.638888888889,0.999103942652,0.00089605734767,0.361111111111,0.992805755396,0.638888888889,0.777464788732,0.769213946827,0.637992831541,0.635944700461,10,87,0,0,0,0
2354,WLNM_dir_neg,0.992205046902,0.909466615007,00:00:02,10,60,12,1236052736,threshold_sweep,0.5,0.9,0.103448275862,0.185567010309,9,1,78,173,0.103448275862,0.994252873563,0.00574712643678,0.896551724138,0.9,0.103448275862,0.185567010309,0.697318007663,0.653895274585,0.125461254613,0.239936910698,0.0977011494253,216,129,87,0,216,0,129,0,87,37,216,0.162162162162,1.32432432432,11.6756756757,21.6,6,8.1990990496,0.702237650082,0.31006006006,10.329336629,1.76937710775,0.765265265265,3.0868314707,0.528762798222,0.252752752753,0.579945114934,0.437917739848,2,1.32432432432,0.579945114934,2,0.0121701261701,0.00597269624573,7,0.000900900900901,0.621196581197,37,37,37,1,0,0.72972972973,0.243243243243,0.027027027027,37,0.0968468468468,1.32882882883,6.97297297297,12.9,4.16129032258,5.24132344656,0.751662664817,0.381940079614,6.34482125491,1.81983245296,0.781060129897,2.39932422919,0.688178267286,0.3863398282,0.593803505044,0.446862298711,2.16666666667,1.34761904762,0.605491520441,2.16666666667,0.0231942601602,0.00474308300395,2,0.0002574002574,0.287802204841,37,35,35,0.945945945946,0,0.675675675676,0.162162162162,0.108108108108,37,139,0.104354354354,1.32432432432,7.51351351351,13.9,3.97142857143,5.56088333122,0.740117565666,0.382267159246,6.45671659508,1.71869434545,0.761423293797,2.08706872332,0.555550667358,0.309158078942,0.579945114934,0.437917739848,2,1.33333333333,0.585540043769,2,0.0131637351297,0.0164158686731,8,0.0010296010296,0.298172575212,37,36,36,0.972972972973,0,0.702702702703,0.243243243243,0.027027027027,-77,-0.0578078078078,0,-4.16216216216,-7.7,-2.02857142857,-2.63821571839,0.0378799155839,0.0722070991855,-3.87262003392,-0.0506827622922,-0.00384197146787,-0.999762747385,0.0267878691358,0.0564053261895,0,0,0,0.00900900900901,0.00559492883467,0,0.000993608959553,0.0104431724273,1,0.0001287001287,-0.323024005985,-0.027027027027,0,0,138,1,78,1115,0.638888888889,0.999103942652,0.00089605734767,0.361111111111,0.992805755396,0.638888888889,0.777464788732,0.769213946827,0.637992831541,0.635944700461,10,87,0,0,0,0
2355,WLNM_dir_neg,0.992205046902,0.909466615007,00:00:02,10,60,12,1236052736,threshold_sweep,0.6,0.9,0.103448275862,0.185567010309,9,1,78,173,0.103448275862,0.994252873563,0.00574712643678,0.896551724138,0.9,0.103448275862,0.185567010309,0.697318007663,0.653895274585,0.125461254613,0.239936910698,0.0977011494253,216,129,87,0,216,0,129,0,87,37,216,0.162162162162,1.32432432432,11.6756756757,21.6,6,8.1990990496,0.702237650082,0.31006006006,10.329336629,1.76937710775,0.765265265265,3.0868314707,0.528762798222,0.252752752753,0.579945114934,0.437917739848,2,1.32432432432,0.579945114934,2,0.0121701261701,0.00597269624573,7,0.000900900900901,0.621196581197,37,37,37,1,0,0.72972972973,0.243243243243,0.027027027027,37,0.0968468468468,1.32882882883,6.97297297297,12.9,4.16129032258,5.24132344656,0.751662664817,0.381940079614,6.34482125491,1.81983245296,0.781060129897,2.39932422919,0.688178267286,0.3863398282,0.593803505044,0.446862298711,2.16666666667,1.34761904762,0.605491520441,2.16666666667,0.0231942601602,0.00474308300395,2,0.0002574002574,0.287802204841,37,35,35,0.945945945946,0,0.675675675676,0.162162162162,0.108108108108,37,139,0.104354354354,1.32432432432,7.51351351351,13.9,3.97142857143,5.56088333122,0.740117565666,0.382267159246,6.45671659508,1.71869434545,0.761423293797,2.08706872332,0.555550667358,0.309158078942,0.579945114934,0.437917739848,2,1.33333333333,0.585540043769,2,0.0131637351297,0.0164158686731,8,0.0010296010296,0.298172575212,37,36,36,0.972972972973,0,0.702702702703,0.243243243243,0.027027027027,-77,-0.0578078078078,0,-4.16216216216,-7.7,-2.02857142857,-2.63821571839,0.0378799155839,0.0722070991855,-3.87262003392,-0.0506827622922,-0.00384197146787,-0.999762747385,0.0267878691358,0.0564053261895,0,0,0,0.00900900900901,0.00559492883467,0,0.000993608959553,0.0104431724273,1,0.0001287001287,-0.323024005985,-0.027027027027,0,0,138,1,78,1115,0.638888888889,0.999103942652,0.00089605734767,0.361111111111,0.992805755396,0.638888888889,0.777464788732,0.769213946827,0.637992831541,0.635944700461,10,87,0,0,0,0
2356,WLNM_dir_neg,0.992205046902,0.909466615007,00:00:02,10,60,12,1236052736,threshold_sweep,0.7,0.9,0.103448275862,0.185567010309,9,1,78,173,0.103448275862,0.994252873563,0.00574712643678,0.896551724138,0.9,0.103448275862,0.185567010309,0.697318007663,0.653895274585,0.125461254613,0.239936910698,0.0977011494253,216,129,87,0,216,0,129,0,87,37,216,0.162162162162,1.32432432432,11.6756756757,21.6,6,8.1990990496,0.702237650082,0.31006006006,10.329336629,1.76937710775,0.765265265265,3.0868314707,0.528762798222,0.252752752753,0.579945114934,0.437917739848,2,1.32432432432,0.579945114934,2,0.0121701261701,0.00597269624573,7,0.000900900900901,0.621196581197,37,37,37,1,0,0.72972972973,0.243243243243,0.027027027027,37,0.0968468468468,1.32882882883,6.97297297297,12.9,4.16129032258,5.24132344656,0.751662664817,0.381940079614,6.34482125491,1.81983245296,0.781060129897,2.39932422919,0.688178267286,0.3863398282,0.593803505044,0.446862298711,2.16666666667,1.34761904762,0.605491520441,2.16666666667,0.0231942601602,0.00474308300395,2,0.0002574002574,0.287802204841,37,35,35,0.945945945946,0,0.675675675676,0.162162162162,0.108108108108,37,139,0.104354354354,1.32432432432,7.51351351351,13.9,3.97142857143,5.56088333122,0.740117565666,0.382267159246,6.45671659508,1.71869434545,0.761423293797,2.08706872332,0.555550667358,0.309158078942,0.579945114934,0.437917739848,2,1.33333333333,0.585540043769,2,0.0131637351297,0.0164158686731,8,0.0010296010296,0.298172575212,37,36,36,0.972972972973,0,0.702702702703,0.243243243243,0.027027027027,-77,-0.0578078078078,0,-4.16216216216,-7.7,-2.02857142857,-2.63821571839,0.0378799155839,0.0722070991855,-3.87262003392,-0.0506827622922,-0.00384197146787,-0.999762747385,0.0267878691358,0.0564053261895,0,0,0,0.00900900900901,0.00559492883467,0,0.000993608959553,0.0104431724273,1,0.0001287001287,-0.323024005985,-0.027027027027,0,0,138,1,78,1115,0.638888888889,0.999103942652,0.00089605734767,0.361111111111,0.992805755396,0.638888888889,0.777464788732,0.769213946827,0.637992831541,0.635944700461,10,87,0,0,0,0
2357,WLNM_dir_neg,0.992205046902,0.909466615007,00:00:02,10,60,12,1236052736,threshold_sweep,0.8,0.9,0.103448275862,0.185567010309,9,1,78,173,0.103448275862,0.994252873563,0.00574712643678,0.896551724138,0.9,0.103448275862,0.185567010309,0.697318007663,0.653895274585,0.125461254613,0.239936910698,0.0977011494253,216,129,87,0,216,0,129,0,87,37,216,0.162162162162,1.32432432432,11.6756756757,21.6,6,8.1990990496,0.702237650082,0.31006006006,10.329336629,1.76937710775,0.765265265265,3.0868314707,0.528762798222,0.252752752753,0.579945114934,0.437917739848,2,1.32432432432,0.579945114934,2,0.0121701261701,0.00597269624573,7,0.000900900900901,0.621196581197,37,37,37,1,0,0.72972972973,0.243243243243,0.027027027027,37,0.0968468468468,1.32882882883,6.97297297297,12.9,4.16129032258,5.24132344656,0.751662664817,0.381940079614,6.34482125491,1.81983245296,0.781060129897,2.39932422919,0.688178267286,0.3863398282,0.593803505044,0.446862298711,2.16666666667,1.34761904762,0.605491520441,2.16666666667,0.0231942601602,0.00474308300395,2,0.0002574002574,0.287802204841,37,35,35,0.945945945946,0,0.675675675676,0.162162162162,0.108108108108,37,139,0.104354354354,1.32432432432,7.51351351351,13.9,3.97142857143,5.56088333122,0.740117565666,0.382267159246,6.45671659508,1.71869434545,0.761423293797,2.08706872332,0.555550667358,0.309158078942,0.579945114934,0.437917739848,2,1.33333333333,0.585540043769,2,0.0131637351297,0.0164158686731,8,0.0010296010296,0.298172575212,37,36,36,0.972972972973,0,0.702702702703,0.243243243243,0.027027027027,-77,-0.0578078078078,0,-4.16216216216,-7.7,-2.02857142857,-2.63821571839,0.0378799155839,0.0722070991855,-3.87262003392,-0.0506827622922,-0.00384197146787,-0.999762747385,0.0267878691358,0.0564053261895,0,0,0,0.00900900900901,0.00559492883467,0,0.000993608959553,0.0104431724273,1,0.0001287001287,-0.323024005985,-0.027027027027,0,0,138,1,78,1115,0.638888888889,0.999103942652,0.00089605734767,0.361111111111,0.992805755396,0.638888888889,0.777464788732,0.769213946827,0.637992831541,0.635944700461,10,87,0,0,0,0
2358,WLNM_dir_neg,0.992205046902,0.909466615007,00:00:02,10,60,12,1236052736,threshold_sweep,0.9,0.9,0.103448275862,0.185567010309,9,1,78,173,0.103448275862,0.994252873563,0.00574712643678,0.896551724138,0.9,0.103448275862,0.185567010309,0.697318007663,0.653895274585,0.125461254613,0.239936910698,0.0977011494253,216,129,87,0,216,0,129,0,87,37,216,0.162162162162,1.32432432432,11.6756756757,21.6,6,8.1990990496,0.702237650082,0.31006006006,10.329336629,1.76937710775,0.765265265265,3.0868314707,0.528762798222,0.252752752753,0.579945114934,0.437917739848,2,1.32432432432,0.579945114934,2,0.0121701261701,0.00597269624573,7,0.000900900900901,0.621196581197,37,37,37,1,0,0.72972972973,0.243243243243,0.027027027027,37,0.0968468468468,1.32882882883,6.97297297297,12.9,4.16129032258,5.24132344656,0.751662664817,0.381940079614,6.34482125491,1.81983245296,0.781060129897,2.39932422919,0.688178267286,0.3863398282,0.593803505044,0.446862298711,2.16666666667,1.34761904762,0.605491520441,2.16666666667,0.0231942601602,0.00474308300395,2,0.0002574002574,0.287802204841,37,35,35,0.945945945946,0,0.675675675676,0.162162162162,0.108108108108,37,139,0.104354354354,1.32432432432,7.51351351351,13.9,3.97142857143,5.56088333122,0.740117565666,0.382267159246,6.45671659508,1.71869434545,0.761423293797,2.08706872332,0.555550667358,0.309158078942,0.579945114934,0.437917739848,2,1.33333333333,0.585540043769,2,0.0131637351297,0.0164158686731,8,0.0010296010296,0.298172575212,37,36,36,0.972972972973,0,0.702702702703,0.243243243243,0.027027027027,-77,-0.0578078078078,0,-4.16216216216,-7.7,-2.02857142857,-2.63821571839,0.0378799155839,0.0722070991855,-3.87262003392,-0.0506827622922,-0.00384197146787,-0.999762747385,0.0267878691358,0.0564053261895,0,0,0,0.00900900900901,0.00559492883467,0,0.000993608959553,0.0104431724273,1,0.0001287001287,-0.323024005985,-0.027027027027,0,0,138,1,78,1115,0.638888888889,0.999103942652,0.00089605734767,0.361111111111,0.992805755396,0.638888888889,0.777464788732,0.769213946827,0.637992831541,0.635944700461,10,87,0,0,0,0
2359,WLNM_dir_neg,0.987911216805,0.943935892577,00:00:03,10,60,13,1236052737,threshold_sweep,0.1,1,0.0344827586207,0.0666666666667,3,0,84,174,0.0344827586207,1,0,0.965517241379,1,0.0344827586207,0.0666666666667,0.67816091954,0.662835249042,0.0454545454545,0.152498570333,0.0344827586207,216,129,87,0,216,0,129,0,87,37,216,0.162162162162,1.32432432432,11.6756756757,21.6,6,8.1990990496,0.702237650082,0.31006006006,10.329336629,1.76937710775,0.765265265265,3.0868314707,0.528762798222,0.252752752753,0.579945114934,0.437917739848,2,1.32432432432,0.579945114934,2,0.0121701261701,0.00597269624573,7,0.000900900900901,0.621196581197,37,37,37,1,0,0.72972972973,0.243243243243,0.027027027027,37,0.0968468468468,1.33333333333,6.97297297297,12.9,3.90909090909,5.16659401286,0.740945653007,0.371673999581,6.40148256101,1.83608414541,0.785669390321,2.30484539879,0.661079688024,0.369997904882,0.60858061945,0.456435464588,2.33333333333,1.34259259259,0.614564556704,2.33333333333,0,0,0,0,0.269107639176,37,36,36,0.972972972973,0,0.702702702703,0.189189189189,0.0810810810811,37,132,0.0990990990991,1.32432432432,7.13513513514,13.2,3.66666666667,5.17559530748,0.725367524154,0.361793611794,6.41413604012,1.79790176882,0.779688779689,2.19267138619,0.614612434007,0.341932841933,0.579945114934,0.437917739848,2,1.32432432432,0.579945114934,2,0,0,0,0,0.269107639176,37,37,37,1,0,0.72972972973,0.243243243243,0.027027027027,-84,-0.0630630630631,0,-4.54054054054,-8.4,-2.33333333333,-3.02350374213,0.0231298740722,0.0517335517336,-3.91520058888,0.0285246610756,0.0144235144235,-0.894160084516,0.0858496357848,0.0891800891801,0,0,0,0,0,0,-0.0121701261701,-0.00597269624573,-7,-0.000900900900901,-0.352088942021,0,0,0,132,0,84,1116,0.611111111111,1,0,0.388888888889,1,0.611111111111,0.758620689655,0.753878858527,0.611111111111,0.611111111111,3,87,0,0,0,0
2360,WLNM_dir_neg,0.987911216805,0.943935892577,00:00:03,10,60,13,1236052737,threshold_sweep,0.2,1,0.0344827586207,0.0666666666667,3,0,84,174,0.0344827586207,1,0,0.965517241379,1,0.0344827586207,0.0666666666667,0.67816091954,0.662835249042,0.0454545454545,0.152498570333,0.0344827586207,216,129,87,0,216,0,129,0,87,37,216,0.162162162162,1.32432432432,11.6756756757,21.6,6,8.1990990496,0.702237650082,0.31006006006,10.329336629,1.76937710775,0.765265265265,3.0868314707,0.528762798222,0.252752752753,0.579945114934,0.437917739848,2,1.32432432432,0.579945114934,2,0.0121701261701,0.00597269624573,7,0.000900900900901,0.621196581197,37,37,37,1,0,0.72972972973,0.243243243243,0.027027027027,37,0.0968468468468,1.33333333333,6.97297297297,12.9,3.90909090909,5.16659401286,0.740945653007,0.371673999581,6.40148256101,1.83608414541,0.785669390321,2.30484539879,0.661079688024,0.369997904882,0.60858061945,0.456435464588,2.33333333333,1.34259259259,0.614564556704,2.33333333333,0,0,0,0,0.269107639176,37,36,36,0.972972972973,0,0.702702702703,0.189189189189,0.0810810810811,37,132,0.0990990990991,1.32432432432,7.13513513514,13.2,3.66666666667,5.17559530748,0.725367524154,0.361793611794,6.41413604012,1.79790176882,0.779688779689,2.19267138619,0.614612434007,0.341932841933,0.579945114934,0.437917739848,2,1.32432432432,0.579945114934,2,0,0,0,0,0.269107639176,37,37,37,1,0,0.72972972973,0.243243243243,0.027027027027,-84,-0.0630630630631,0,-4.54054054054,-8.4,-2.33333333333,-3.02350374213,0.0231298740722,0.0517335517336,-3.91520058888,0.0285246610756,0.0144235144235,-0.894160084516,0.0858496357848,0.0891800891801,0,0,0,0,0,0,-0.0121701261701,-0.00597269624573,-7,-0.000900900900901,-0.352088942021,0,0,0,132,0,84,1116,0.611111111111,1,0,0.388888888889,1,0.611111111111,0.758620689655,0.753878858527,0.611111111111,0.611111111111,3,87,0,0,0,0
2361,WLNM_dir_neg,0.987911216805,0.943935892577,00:00:03,10,60,13,1236052737,threshold_sweep,0.3,1,0.0344827586207,0.0666666666667,3,0,84,174,0.0344827586207,1,0,0.965517241379,1,0.0344827586207,0.0666666666667,0.67816091954,0.662835249042,0.0454545454545,0.152498570333,0.0344827586207,216,129,87,0,216,0,129,0,87,37,216,0.162162162162,1.32432432432,11.6756756757,21.6,6,8.1990990496,0.702237650082,0.31006006006,10.329336629,1.76937710775,0.765265265265,3.0868314707,0.528762798222,0.252752752753,0.579945114934,0.437917739848,2,1.32432432432,0.579945114934,2,0.0121701261701,0.00597269624573,7,0.000900900900901,0.621196581197,37,37,37,1,0,0.72972972973,0.243243243243,0.027027027027,37,0.0968468468468,1.33333333333,6.97297297297,12.9,3.90909090909,5.16659401286,0.740945653007,0.371673999581,6.40148256101,1.83608414541,0.785669390321,2.30484539879,0.661079688024,0.369997904882,0.60858061945,0.456435464588,2.33333333333,1.34259259259,0.614564556704,2.33333333333,0,0,0,0,0.269107639176,37,36,36,0.972972972973,0,0.702702702703,0.189189189189,0.0810810810811,37,132,0.0990990990991,1.32432432432,7.13513513514,13.2,3.66666666667,5.17559530748,0.725367524154,0.361793611794,6.41413604012,1.79790176882,0.779688779689,2.19267138619,0.614612434007,0.341932841933,0.579945114934,0.437917739848,2,1.32432432432,0.579945114934,2,0,0,0,0,0.269107639176,37,37,37,1,0,0.72972972973,0.243243243243,0.027027027027,-84,-0.0630630630631,0,-4.54054054054,-8.4,-2.33333333333,-3.02350374213,0.0231298740722,0.0517335517336,-3.91520058888,0.0285246610756,0.0144235144235,-0.894160084516,0.0858496357848,0.0891800891801,0,0,0,0,0,0,-0.0121701261701,-0.00597269624573,-7,-0.000900900900901,-0.352088942021,0,0,0,132,0,84,1116,0.611111111111,1,0,0.388888888889,1,0.611111111111,0.758620689655,0.753878858527,0.611111111111,0.611111111111,3,87,0,0,0,0
2362,WLNM_dir_neg,0.987911216805,0.943935892577,00:00:03,10,60,13,1236052737,threshold_sweep,0.4,1,0.0344827586207,0.0666666666667,3,0,84,174,0.0344827586207,1,0,0.965517241379,1,0.0344827586207,0.0666666666667,0.67816091954,0.662835249042,0.0454545454545,0.152498570333,0.0344827586207,216,129,87,0,216,0,129,0,87,37,216,0.162162162162,1.32432432432,11.6756756757,21.6,6,8.1990990496,0.702237650082,0.31006006006,10.329336629,1.76937710775,0.765265265265,3.0868314707,0.528762798222,0.252752752753,0.579945114934,0.437917739848,2,1.32432432432,0.579945114934,2,0.0121701261701,0.00597269624573,7,0.000900900900901,0.621196581197,37,37,37,1,0,0.72972972973,0.243243243243,0.027027027027,37,0.0968468468468,1.33333333333,6.97297297297,12.9,3.90909090909,5.16659401286,0.740945653007,0.371673999581,6.40148256101,1.83608414541,0.785669390321,2.30484539879,0.661079688024,0.369997904882,0.60858061945,0.456435464588,2.33333333333,1.34259259259,0.614564556704,2.33333333333,0,0,0,0,0.269107639176,37,36,36,0.972972972973,0,0.702702702703,0.189189189189,0.0810810810811,37,132,0.0990990990991,1.32432432432,7.13513513514,13.2,3.66666666667,5.17559530748,0.725367524154,0.361793611794,6.41413604012,1.79790176882,0.779688779689,2.19267138619,0.614612434007,0.341932841933,0.579945114934,0.437917739848,2,1.32432432432,0.579945114934,2,0,0,0,0,0.269107639176,37,37,37,1,0,0.72972972973,0.243243243243,0.027027027027,-84,-0.0630630630631,0,-4.54054054054,-8.4,-2.33333333333,-3.02350374213,0.0231298740722,0.0517335517336,-3.91520058888,0.0285246610756,0.0144235144235,-0.894160084516,0.0858496357848,0.0891800891801,0,0,0,0,0,0,-0.0121701261701,-0.00597269624573,-7,-0.000900900900901,-0.352088942021,0,0,0,132,0,84,1116,0.611111111111,1,0,0.388888888889,1,0.611111111111,0.758620689655,0.753878858527,0.611111111111,0.611111111111,3,87,0,0,0,0
2363,WLNM_dir_neg,0.987911216805,0.943935892577,00:00:03,10,60,13,1236052737,threshold_sweep,0.5,1,0.0344827586207,0.0666666666667,3,0,84,174,0.0344827586207,1,0,0.965517241379,1,0.0344827586207,0.0666666666667,0.67816091954,0.662835249042,0.0454545454545,0.152498570333,0.0344827586207,216,129,87,0,216,0,129,0,87,37,216,0.162162162162,1.32432432432,11.6756756757,21.6,6,8.1990990496,0.702237650082,0.31006006006,10.329336629,1.76937710775,0.765265265265,3.0868314707,0.528762798222,0.252752752753,0.579945114934,0.437917739848,2,1.32432432432,0.579945114934,2,0.0121701261701,0.00597269624573,7,0.000900900900901,0.621196581197,37,37,37,1,0,0.72972972973,0.243243243243,0.027027027027,37,0.0968468468468,1.33333333333,6.97297297297,12.9,3.90909090909,5.16659401286,0.740945653007,0.371673999581,6.40148256101,1.83608414541,0.785669390321,2.30484539879,0.661079688024,0.369997904882,0.60858061945,0.456435464588,2.33333333333,1.34259259259,0.614564556704,2.33333333333,0,0,0,0,0.269107639176,37,36,36,0.972972972973,0,0.702702702703,0.189189189189,0.0810810810811,37,132,0.0990990990991,1.32432432432,7.13513513514,13.2,3.66666666667,5.17559530748,0.725367524154,0.361793611794,6.41413604012,1.79790176882,0.779688779689,2.19267138619,0.614612434007,0.341932841933,0.579945114934,0.437917739848,2,1.32432432432,0.579945114934,2,0,0,0,0,0.269107639176,37,37,37,1,0,0.72972972973,0.243243243243,0.027027027027,-84,-0.0630630630631,0,-4.54054054054,-8.4,-2.33333333333,-3.02350374213,0.0231298740722,0.0517335517336,-3.91520058888,0.0285246610756,0.0144235144235,-0.894160084516,0.0858496357848,0.0891800891801,0,0,0,0,0,0,-0.0121701261701,-0.00597269624573,-7,-0.000900900900901,-0.352088942021,0,0,0,132,0,84,1116,0.611111111111,1,0,0.388888888889,1,0.611111111111,0.758620689655,0.753878858527,0.611111111111,0.611111111111,3,87,0,0,0,0
2364,WLNM_dir_neg,0.987911216805,0.943935892577,00:00:03,10,60,13,1236052737,threshold_sweep,0.6,1,0.0344827586207,0.0666666666667,3,0,84,174,0.0344827586207,1,0,0.965517241379,1,0.0344827586207,0.0666666666667,0.67816091954,0.662835249042,0.0454545454545,0.152498570333,0.0344827586207,216,129,87,0,216,0,129,0,87,37,216,0.162162162162,1.32432432432,11.6756756757,21.6,6,8.1990990496,0.702237650082,0.31006006006,10.329336629,1.76937710775,0.765265265265,3.0868314707,0.528762798222,0.252752752753,0.579945114934,0.437917739848,2,1.32432432432,0.579945114934,2,0.0121701261701,0.00597269624573,7,0.000900900900901,0.621196581197,37,37,37,1,0,0.72972972973,0.243243243243,0.027027027027,37,0.0968468468468,1.33333333333,6.97297297297,12.9,3.90909090909,5.16659401286,0.740945653007,0.371673999581,6.40148256101,1.83608414541,0.785669390321,2.30484539879,0.661079688024,0.369997904882,0.60858061945,0.456435464588,2.33333333333,1.34259259259,0.614564556704,2.33333333333,0,0,0,0,0.269107639176,37,36,36,0.972972972973,0,0.702702702703,0.189189189189,0.0810810810811,37,132,0.0990990990991,1.32432432432,7.13513513514,13.2,3.66666666667,5.17559530748,0.725367524154,0.361793611794,6.41413604012,1.79790176882,0.779688779689,2.19267138619,0.614612434007,0.341932841933,0.579945114934,0.437917739848,2,1.32432432432,0.579945114934,2,0,0,0,0,0.269107639176,37,37,37,1,0,0.72972972973,0.243243243243,0.027027027027,-84,-0.0630630630631,0,-4.54054054054,-8.4,-2.33333333333,-3.02350374213,0.0231298740722,0.0517335517336,-3.91520058888,0.0285246610756,0.0144235144235,-0.894160084516,0.0858496357848,0.0891800891801,0,0,0,0,0,0,-0.0121701261701,-0.00597269624573,-7,-0.000900900900901,-0.352088942021,0,0,0,132,0,84,1116,0.611111111111,1,0,0.388888888889,1,0.611111111111,0.758620689655,0.753878858527,0.611111111111,0.611111111111,3,87,0,0,0,0
2365,WLNM_dir_neg,0.987911216805,0.943935892577,00:00:03,10,60,13,1236052737,threshold_sweep,0.7,1,0.0344827586207,0.0666666666667,3,0,84,174,0.0344827586207,1,0,0.965517241379,1,0.0344827586207,0.0666666666667,0.67816091954,0.662835249042,0.0454545454545,0.152498570333,0.0344827586207,216,129,87,0,216,0,129,0,87,37,216,0.162162162162,1.32432432432,11.6756756757,21.6,6,8.1990990496,0.702237650082,0.31006006006,10.329336629,1.76937710775,0.765265265265,3.0868314707,0.528762798222,0.252752752753,0.579945114934,0.437917739848,2,1.32432432432,0.579945114934,2,0.0121701261701,0.00597269624573,7,0.000900900900901,0.621196581197,37,37,37,1,0,0.72972972973,0.243243243243,0.027027027027,37,0.0968468468468,1.33333333333,6.97297297297,12.9,3.90909090909,5.16659401286,0.740945653007,0.371673999581,6.40148256101,1.83608414541,0.785669390321,2.30484539879,0.661079688024,0.369997904882,0.60858061945,0.456435464588,2.33333333333,1.34259259259,0.614564556704,2.33333333333,0,0,0,0,0.269107639176,37,36,36,0.972972972973,0,0.702702702703,0.189189189189,0.0810810810811,37,132,0.0990990990991,1.32432432432,7.13513513514,13.2,3.66666666667,5.17559530748,0.725367524154,0.361793611794,6.41413604012,1.79790176882,0.779688779689,2.19267138619,0.614612434007,0.341932841933,0.579945114934,0.437917739848,2,1.32432432432,0.579945114934,2,0,0,0,0,0.269107639176,37,37,37,1,0,0.72972972973,0.243243243243,0.027027027027,-84,-0.0630630630631,0,-4.54054054054,-8.4,-2.33333333333,-3.02350374213,0.0231298740722,0.0517335517336,-3.91520058888,0.0285246610756,0.0144235144235,-0.894160084516,0.0858496357848,0.0891800891801,0,0,0,0,0,0,-0.0121701261701,-0.00597269624573,-7,-0.000900900900901,-0.352088942021,0,0,0,132,0,84,1116,0.611111111111,1,0,0.388888888889,1,0.611111111111,0.758620689655,0.753878858527,0.611111111111,0.611111111111,3,87,0,0,0,0
2366,WLNM_dir_neg,0.987911216805,0.943935892577,00:00:03,10,60,13,1236052737,threshold_sweep,0.8,1,0.0344827586207,0.0666666666667,3,0,84,174,0.0344827586207,1,0,0.965517241379,1,0.0344827586207,0.0666666666667,0.67816091954,0.662835249042,0.0454545454545,0.152498570333,0.0344827586207,216,129,87,0,216,0,129,0,87,37,216,0.162162162162,1.32432432432,11.6756756757,21.6,6,8.1990990496,0.702237650082,0.31006006006,10.329336629,1.76937710775,0.765265265265,3.0868314707,0.528762798222,0.252752752753,0.579945114934,0.437917739848,2,1.32432432432,0.579945114934,2,0.0121701261701,0.00597269624573,7,0.000900900900901,0.621196581197,37,37,37,1,0,0.72972972973,0.243243243243,0.027027027027,37,0.0968468468468,1.33333333333,6.97297297297,12.9,3.90909090909,5.16659401286,0.740945653007,0.371673999581,6.40148256101,1.83608414541,0.785669390321,2.30484539879,0.661079688024,0.369997904882,0.60858061945,0.456435464588,2.33333333333,1.34259259259,0.614564556704,2.33333333333,0,0,0,0,0.269107639176,37,36,36,0.972972972973,0,0.702702702703,0.189189189189,0.0810810810811,37,132,0.0990990990991,1.32432432432,7.13513513514,13.2,3.66666666667,5.17559530748,0.725367524154,0.361793611794,6.41413604012,1.79790176882,0.779688779689,2.19267138619,0.614612434007,0.341932841933,0.579945114934,0.437917739848,2,1.32432432432,0.579945114934,2,0,0,0,0,0.269107639176,37,37,37,1,0,0.72972972973,0.243243243243,0.027027027027,-84,-0.0630630630631,0,-4.54054054054,-8.4,-2.33333333333,-3.02350374213,0.0231298740722,0.0517335517336,-3.91520058888,0.0285246610756,0.0144235144235,-0.894160084516,0.0858496357848,0.0891800891801,0,0,0,0,0,0,-0.0121701261701,-0.00597269624573,-7,-0.000900900900901,-0.352088942021,0,0,0,132,0,84,1116,0.611111111111,1,0,0.388888888889,1,0.611111111111,0.758620689655,0.753878858527,0.611111111111,0.611111111111,3,87,0,0,0,0
2367,WLNM_dir_neg,0.987911216805,0.943935892577,00:00:03,10,60,13,1236052737,threshold_sweep,0.9,1,0.0344827586207,0.0666666666667,3,0,84,174,0.0344827586207,1,0,0.965517241379,1,0.0344827586207,0.0666666666667,0.67816091954,0.662835249042,0.0454545454545,0.152498570333,0.0344827586207,216,129,87,0,216,0,129,0,87,37,216,0.162162162162,1.32432432432,11.6756756757,21.6,6,8.1990990496,0.702237650082,0.31006006006,10.329336629,1.76937710775,0.765265265265,3.0868314707,0.528762798222,0.252752752753,0.579945114934,0.437917739848,2,1.32432432432,0.579945114934,2,0.0121701261701,0.00597269624573,7,0.000900900900901,0.621196581197,37,37,37,1,0,0.72972972973,0.243243243243,0.027027027027,37,0.0968468468468,1.33333333333,6.97297297297,12.9,3.90909090909,5.16659401286,0.740945653007,0.371673999581,6.40148256101,1.83608414541,0.785669390321,2.30484539879,0.661079688024,0.369997904882,0.60858061945,0.456435464588,2.33333333333,1.34259259259,0.614564556704,2.33333333333,0,0,0,0,0.269107639176,37,36,36,0.972972972973,0,0.702702702703,0.189189189189,0.0810810810811,37,132,0.0990990990991,1.32432432432,7.13513513514,13.2,3.66666666667,5.17559530748,0.725367524154,0.361793611794,6.41413604012,1.79790176882,0.779688779689,2.19267138619,0.614612434007,0.341932841933,0.579945114934,0.437917739848,2,1.32432432432,0.579945114934,2,0,0,0,0,0.269107639176,37,37,37,1,0,0.72972972973,0.243243243243,0.027027027027,-84,-0.0630630630631,0,-4.54054054054,-8.4,-2.33333333333,-3.02350374213,0.0231298740722,0.0517335517336,-3.91520058888,0.0285246610756,0.0144235144235,-0.894160084516,0.0858496357848,0.0891800891801,0,0,0,0,0,0,-0.0121701261701,-0.00597269624573,-7,-0.000900900900901,-0.352088942021,0,0,0,132,0,84,1116,0.611111111111,1,0,0.388888888889,1,0.611111111111,0.758620689655,0.753878858527,0.611111111111,0.611111111111,3,87,0,0,0,0
2368,WLNM_dir_neg,0.991379310345,0.853328137342,00:00:03,10,60,14,1236052738,threshold_sweep,0.1,0.75,0.0344827586207,0.0659340659341,3,1,84,173,0.0344827586207,0.994252873563,0.00574712643678,0.965517241379,0.75,0.0344827586207,0.0659340659341,0.674329501916,0.661558109834,0.0377358490566,0.110270272848,0.0287356321839,216,129,87,0,216,0,129,0,87,37,216,0.162162162162,1.32432432432,11.6756756757,21.6,6,8.1990990496,0.702237650082,0.31006006006,10.329336629,1.76937710775,0.765265265265,3.0868314707,0.528762798222,0.252752752753,0.579945114934,0.437917739848,2,1.32432432432,0.579945114934,2,0.0121701261701,0.00597269624573,7,0.000900900900901,0.621196581197,37,37,37,1,0,0.72972972973,0.243243243243,0.027027027027,37,0.0968468468468,1.32432432432,6.97297297297,12.9,3.79411764706,5.17733568593,0.742486125502,0.389063482087,6.17171694831,1.77018238052,0.770584538026,2.45652896065,0.704585825924,0.394301278022,0.579945114934,0.437917739848,2,1.33333333333,0.585540043769,2,0.00942195059842,0.0047885075818,2,0.0002574002574,0.305267801232,37,36,36,0.972972972973,0,0.702702702703,0.216216216216,0.0540540540541,37,133,0.0998498498498,1.32432432432,7.18918918919,13.3,3.8,5.35328475402,0.744629834206,0.392399918716,6.24259320875,1.7366612686,0.763259500102,2.35064364069,0.653938456433,0.366185734607,0.579945114934,0.437917739848,2,1.33333333333,0.585540043769,2,0.0147370059135,0.0112023898432,5,0.000643500643501,0.311440640738,37,36,36,0.972972972973,0,0.702702702703,0.243243243243,0.027027027027,-83,-0.0623123123123,0,-4.48648648649,-8.3,-2.2,-2.84581429558,0.0423921841244,0.0823398586556,-4.08674342025,-0.0327158391448,-0.00200576516366,-0.736187830012,0.125175658211,0.113432981854,0,0,0,0.00900900900901,0.00559492883467,0,0.00256687974335,0.00522969359743,-2,-0.0002574002574,-0.309755940459,-0.027027027027,0,0,132,1,84,1115,0.611111111111,0.999103942652,0.00089605734767,0.388888888889,0.992481203008,0.611111111111,0.756446991404,0.750250818942,0.610215053763,0.608294930876,4,87,0,0,0,0
2369,WLNM_dir_neg,0.991379310345,0.853328137342,00:00:03,10,60,14,1236052738,threshold_sweep,0.2,0.75,0.0344827586207,0.0659340659341,3,1,84,173,0.0344827586207,0.994252873563,0.00574712643678,0.965517241379,0.75,0.0344827586207,0.0659340659341,0.674329501916,0.661558109834,0.0377358490566,0.110270272848,0.0287356321839,216,129,87,0,216,0,129,0,87,37,216,0.162162162162,1.32432432432,11.6756756757,21.6,6,8.1990990496,0.702237650082,0.31006006006,10.329336629,1.76937710775,0.765265265265,3.0868314707,0.528762798222,0.252752752753,0.579945114934,0.437917739848,2,1.32432432432,0.579945114934,2,0.0121701261701,0.00597269624573,7,0.000900900900901,0.621196581197,37,37,37,1,0,0.72972972973,0.243243243243,0.027027027027,37,0.0968468468468,1.32432432432,6.97297297297,12.9,3.79411764706,5.17733568593,0.742486125502,0.389063482087,6.17171694831,1.77018238052,0.770584538026,2.45652896065,0.704585825924,0.394301278022,0.579945114934,0.437917739848,2,1.33333333333,0.585540043769,2,0.00942195059842,0.0047885075818,2,0.0002574002574,0.305267801232,37,36,36,0.972972972973,0,0.702702702703,0.216216216216,0.0540540540541,37,133,0.0998498498498,1.32432432432,7.18918918919,13.3,3.8,5.35328475402,0.744629834206,0.392399918716,6.24259320875,1.7366612686,0.763259500102,2.35064364069,0.653938456433,0.366185734607,0.579945114934,0.437917739848,2,1.33333333333,0.585540043769,2,0.0147370059135,0.0112023898432,5,0.000643500643501,0.311440640738,37,36,36,0.972972972973,0,0.702702702703,0.243243243243,0.027027027027,-83,-0.0623123123123,0,-4.48648648649,-8.3,-2.2,-2.84581429558,0.0423921841244,0.0823398586556,-4.08674342025,-0.0327158391448,-0.00200576516366,-0.736187830012,0.125175658211,0.113432981854,0,0,0,0.00900900900901,0.00559492883467,0,0.00256687974335,0.00522969359743,-2,-0.0002574002574,-0.309755940459,-0.027027027027,0,0,132,1,84,1115,0.611111111111,0.999103942652,0.00089605734767,0.388888888889,0.992481203008,0.611111111111,0.756446991404,0.750250818942,0.610215053763,0.608294930876,4,87,0,0,0,0
2370,WLNM_dir_neg,0.991379310345,0.853328137342,00:00:03,10,60,14,1236052738,threshold_sweep,0.3,0.75,0.0344827586207,0.0659340659341,3,1,84,173,0.0344827586207,0.994252873563,0.00574712643678,0.965517241379,0.75,0.0344827586207,0.0659340659341,0.674329501916,0.661558109834,0.0377358490566,0.110270272848,0.0287356321839,216,129,87,0,216,0,129,0,87,37,216,0.162162162162,1.32432432432,11.6756756757,21.6,6,8.1990990496,0.702237650082,0.31006006006,10.329336629,1.76937710775,0.765265265265,3.0868314707,0.528762798222,0.252752752753,0.579945114934,0.437917739848,2,1.32432432432,0.579945114934,2,0.0121701261701,0.00597269624573,7,0.000900900900901,0.621196581197,37,37,37,1,0,0.72972972973,0.243243243243,0.027027027027,37,0.0968468468468,1.32432432432,6.97297297297,12.9,3.79411764706,5.17733568593,0.742486125502,0.389063482087,6.17171694831,1.77018238052,0.770584538026,2.45652896065,0.704585825924,0.394301278022,0.579945114934,0.437917739848,2,1.33333333333,0.585540043769,2,0.00942195059842,0.0047885075818,2,0.0002574002574,0.305267801232,37,36,36,0.972972972973,0,0.702702702703,0.216216216216,0.0540540540541,37,133,0.0998498498498,1.32432432432,7.18918918919,13.3,3.8,5.35328475402,0.744629834206,0.392399918716,6.24259320875,1.7366612686,0.763259500102,2.35064364069,0.653938456433,0.366185734607,0.579945114934,0.437917739848,2,1.33333333333,0.585540043769,2,0.0147370059135,0.0112023898432,5,0.000643500643501,0.311440640738,37,36,36,0.972972972973,0,0.702702702703,0.243243243243,0.027027027027,-83,-0.0623123123123,0,-4.48648648649,-8.3,-2.2,-2.84581429558,0.0423921841244,0.0823398586556,-4.08674342025,-0.0327158391448,-0.00200576516366,-0.736187830012,0.125175658211,0.113432981854,0,0,0,0.00900900900901,0.00559492883467,0,0.00256687974335,0.00522969359743,-2,-0.0002574002574,-0.309755940459,-0.027027027027,0,0,132,1,84,1115,0.611111111111,0.999103942652,0.00089605734767,0.388888888889,0.992481203008,0.611111111111,0.756446991404,0.750250818942,0.610215053763,0.608294930876,4,87,0,0,0,0
2371,WLNM_dir_neg,0.991379310345,0.853328137342,00:00:03,10,60,14,1236052738,threshold_sweep,0.4,0.75,0.0344827586207,0.0659340659341,3,1,84,173,0.0344827586207,0.994252873563,0.00574712643678,0.965517241379,0.75,0.0344827586207,0.0659340659341,0.674329501916,0.661558109834,0.0377358490566,0.110270272848,0.0287356321839,216,129,87,0,216,0,129,0,87,37,216,0.162162162162,1.32432432432,11.6756756757,21.6,6,8.1990990496,0.702237650082,0.31006006006,10.329336629,1.76937710775,0.765265265265,3.0868314707,0.528762798222,0.252752752753,0.579945114934,0.437917739848,2,1.32432432432,0.579945114934,2,0.0121701261701,0.00597269624573,7,0.000900900900901,0.621196581197,37,37,37,1,0,0.72972972973,0.243243243243,0.027027027027,37,0.0968468468468,1.32432432432,6.97297297297,12.9,3.79411764706,5.17733568593,0.742486125502,0.389063482087,6.17171694831,1.77018238052,0.770584538026,2.45652896065,0.704585825924,0.394301278022,0.579945114934,0.437917739848,2,1.33333333333,0.585540043769,2,0.00942195059842,0.0047885075818,2,0.0002574002574,0.305267801232,37,36,36,0.972972972973,0,0.702702702703,0.216216216216,0.0540540540541,37,133,0.0998498498498,1.32432432432,7.18918918919,13.3,3.8,5.35328475402,0.744629834206,0.392399918716,6.24259320875,1.7366612686,0.763259500102,2.35064364069,0.653938456433,0.366185734607,0.579945114934,0.437917739848,2,1.33333333333,0.585540043769,2,0.0147370059135,0.0112023898432,5,0.000643500643501,0.311440640738,37,36,36,0.972972972973,0,0.702702702703,0.243243243243,0.027027027027,-83,-0.0623123123123,0,-4.48648648649,-8.3,-2.2,-2.84581429558,0.0423921841244,0.0823398586556,-4.08674342025,-0.0327158391448,-0.00200576516366,-0.736187830012,0.125175658211,0.113432981854,0,0,0,0.00900900900901,0.00559492883467,0,0.00256687974335,0.00522969359743,-2,-0.0002574002574,-0.309755940459,-0.027027027027,0,0,132,1,84,1115,0.611111111111,0.999103942652,0.00089605734767,0.388888888889,0.992481203008,0.611111111111,0.756446991404,0.750250818942,0.610215053763,0.608294930876,4,87,0,0,0,0
2372,WLNM_dir_neg,0.991379310345,0.853328137342,00:00:03,10,60,14,1236052738,threshold_sweep,0.5,0.75,0.0344827586207,0.0659340659341,3,1,84,173,0.0344827586207,0.994252873563,0.00574712643678,0.965517241379,0.75,0.0344827586207,0.0659340659341,0.674329501916,0.661558109834,0.0377358490566,0.110270272848,0.0287356321839,216,129,87,0,216,0,129,0,87,37,216,0.162162162162,1.32432432432,11.6756756757,21.6,6,8.1990990496,0.702237650082,0.31006006006,10.329336629,1.76937710775,0.765265265265,3.0868314707,0.528762798222,0.252752752753,0.579945114934,0.437917739848,2,1.32432432432,0.579945114934,2,0.0121701261701,0.00597269624573,7,0.000900900900901,0.621196581197,37,37,37,1,0,0.72972972973,0.243243243243,0.027027027027,37,0.0968468468468,1.32432432432,6.97297297297,12.9,3.79411764706,5.17733568593,0.742486125502,0.389063482087,6.17171694831,1.77018238052,0.770584538026,2.45652896065,0.704585825924,0.394301278022,0.579945114934,0.437917739848,2,1.33333333333,0.585540043769,2,0.00942195059842,0.0047885075818,2,0.0002574002574,0.305267801232,37,36,36,0.972972972973,0,0.702702702703,0.216216216216,0.0540540540541,37,133,0.0998498498498,1.32432432432,7.18918918919,13.3,3.8,5.35328475402,0.744629834206,0.392399918716,6.24259320875,1.7366612686,0.763259500102,2.35064364069,0.653938456433,0.366185734607,0.579945114934,0.437917739848,2,1.33333333333,0.585540043769,2,0.0147370059135,0.0112023898432,5,0.000643500643501,0.311440640738,37,36,36,0.972972972973,0,0.702702702703,0.243243243243,0.027027027027,-83,-0.0623123123123,0,-4.48648648649,-8.3,-2.2,-2.84581429558,0.0423921841244,0.0823398586556,-4.08674342025,-0.0327158391448,-0.00200576516366,-0.736187830012,0.125175658211,0.113432981854,0,0,0,0.00900900900901,0.00559492883467,0,0.00256687974335,0.00522969359743,-2,-0.0002574002574,-0.309755940459,-0.027027027027,0,0,132,1,84,1115,0.611111111111,0.999103942652,0.00089605734767,0.388888888889,0.992481203008,0.611111111111,0.756446991404,0.750250818942,0.610215053763,0.608294930876,4,87,0,0,0,0
2373,WLNM_dir_neg,0.991379310345,0.853328137342,00:00:03,10,60,14,1236052738,threshold_sweep,0.6,0.75,0.0344827586207,0.0659340659341,3,1,84,173,0.0344827586207,0.994252873563,0.00574712643678,0.965517241379,0.75,0.0344827586207,0.0659340659341,0.674329501916,0.661558109834,0.0377358490566,0.110270272848,0.0287356321839,216,129,87,0,216,0,129,0,87,37,216,0.162162162162,1.32432432432,11.6756756757,21.6,6,8.1990990496,0.702237650082,0.31006006006,10.329336629,1.76937710775,0.765265265265,3.0868314707,0.528762798222,0.252752752753,0.579945114934,0.437917739848,2,1.32432432432,0.579945114934,2,0.0121701261701,0.00597269624573,7,0.000900900900901,0.621196581197,37,37,37,1,0,0.72972972973,0.243243243243,0.027027027027,37,0.0968468468468,1.32432432432,6.97297297297,12.9,3.79411764706,5.17733568593,0.742486125502,0.389063482087,6.17171694831,1.77018238052,0.770584538026,2.45652896065,0.704585825924,0.394301278022,0.579945114934,0.437917739848,2,1.33333333333,0.585540043769,2,0.00942195059842,0.0047885075818,2,0.0002574002574,0.305267801232,37,36,36,0.972972972973,0,0.702702702703,0.216216216216,0.0540540540541,37,133,0.0998498498498,1.32432432432,7.18918918919,13.3,3.8,5.35328475402,0.744629834206,0.392399918716,6.24259320875,1.7366612686,0.763259500102,2.35064364069,0.653938456433,0.366185734607,0.579945114934,0.437917739848,2,1.33333333333,0.585540043769,2,0.0147370059135,0.0112023898432,5,0.000643500643501,0.311440640738,37,36,36,0.972972972973,0,0.702702702703,0.243243243243,0.027027027027,-83,-0.0623123123123,0,-4.48648648649,-8.3,-2.2,-2.84581429558,0.0423921841244,0.0823398586556,-4.08674342025,-0.0327158391448,-0.00200576516366,-0.736187830012,0.125175658211,0.113432981854,0,0,0,0.00900900900901,0.00559492883467,0,0.00256687974335,0.00522969359743,-2,-0.0002574002574,-0.309755940459,-0.027027027027,0,0,132,1,84,1115,0.611111111111,0.999103942652,0.00089605734767,0.388888888889,0.992481203008,0.611111111111,0.756446991404,0.750250818942,0.610215053763,0.608294930876,4,87,0,0,0,0
2374,WLNM_dir_neg,0.991379310345,0.853328137342,00:00:03,10,60,14,1236052738,threshold_sweep,0.7,0.75,0.0344827586207,0.0659340659341,3,1,84,173,0.0344827586207,0.994252873563,0.00574712643678,0.965517241379,0.75,0.0344827586207,0.0659340659341,0.674329501916,0.661558109834,0.0377358490566,0.110270272848,0.0287356321839,216,129,87,0,216,0,129,0,87,37,216,0.162162162162,1.32432432432,11.6756756757,21.6,6,8.1990990496,0.702237650082,0.31006006006,10.329336629,1.76937710775,0.765265265265,3.0868314707,0.528762798222,0.252752752753,0.579945114934,0.437917739848,2,1.32432432432,0.579945114934,2,0.0121701261701,0.00597269624573,7,0.000900900900901,0.621196581197,37,37,37,1,0,0.72972972973,0.243243243243,0.027027027027,37,0.0968468468468,1.32432432432,6.97297297297,12.9,3.79411764706,5.17733568593,0.742486125502,0.389063482087,6.17171694831,1.77018238052,0.770584538026,2.45652896065,0.704585825924,0.394301278022,0.579945114934,0.437917739848,2,1.33333333333,0.585540043769,2,0.00942195059842,0.0047885075818,2,0.0002574002574,0.305267801232,37,36,36,0.972972972973,0,0.702702702703,0.216216216216,0.0540540540541,37,133,0.0998498498498,1.32432432432,7.18918918919,13.3,3.8,5.35328475402,0.744629834206,0.392399918716,6.24259320875,1.7366612686,0.763259500102,2.35064364069,0.653938456433,0.366185734607,0.579945114934,0.437917739848,2,1.33333333333,0.585540043769,2,0.0147370059135,0.0112023898432,5,0.000643500643501,0.311440640738,37,36,36,0.972972972973,0,0.702702702703,0.243243243243,0.027027027027,-83,-0.0623123123123,0,-4.48648648649,-8.3,-2.2,-2.84581429558,0.0423921841244,0.0823398586556,-4.08674342025,-0.0327158391448,-0.00200576516366,-0.736187830012,0.125175658211,0.113432981854,0,0,0,0.00900900900901,0.00559492883467,0,0.00256687974335,0.00522969359743,-2,-0.0002574002574,-0.309755940459,-0.027027027027,0,0,132,1,84,1115,0.611111111111,0.999103942652,0.00089605734767,0.388888888889,0.992481203008,0.611111111111,0.756446991404,0.750250818942,0.610215053763,0.608294930876,4,87,0,0,0,0
2375,WLNM_dir_neg,0.991379310345,0.853328137342,00:00:03,10,60,14,1236052738,threshold_sweep,0.8,0.666666666667,0.0229885057471,0.0444444444444,2,1,85,173,0.0229885057471,0.994252873563,0.00574712643678,0.977011494253,0.666666666667,0.0229885057471,0.0444444444444,0.670498084291,0.662835249042,0.0227272727273,0.0762492851663,0.0172413793103,216,129,87,0,216,0,129,0,87,37,216,0.162162162162,1.32432432432,11.6756756757,21.6,6,8.1990990496,0.702237650082,0.31006006006,10.329336629,1.76937710775,0.765265265265,3.0868314707,0.528762798222,0.252752752753,0.579945114934,0.437917739848,2,1.32432432432,0.579945114934,2,0.0121701261701,0.00597269624573,7,0.000900900900901,0.621196581197,37,37,37,1,0,0.72972972973,0.243243243243,0.027027027027,37,0.0968468468468,1.32432432432,6.97297297297,12.9,3.79411764706,5.17733568593,0.742486125502,0.389063482087,6.17171694831,1.77018238052,0.770584538026,2.45652896065,0.704585825924,0.394301278022,0.579945114934,0.437917739848,2,1.33333333333,0.585540043769,2,0.00942195059842,0.0047885075818,2,0.0002574002574,0.305267801232,37,36,36,0.972972972973,0,0.702702702703,0.216216216216,0.0540540540541,37,132,0.0990990990991,1.32432432432,7.13513513514,13.2,3.77142857143,5.30284075945,0.743201167045,0.391072891073,6.21619989553,1.74241966769,0.764946764947,2.37510865881,0.665750154363,0.372645372645,0.579945114934,0.437917739848,2,1.33333333333,0.585540043769,2,0.0124282036047,0.00911854103343,4,0.000514800514801,0.309218418516,37,36,36,0.972972972973,0,0.702702702703,0.243243243243,0.027027027027,-84,-0.0630630630631,0,-4.54054054054,-8.4,-2.22857142857,-2.89625829015,0.0409635169627,0.0810128310128,-4.11313673347,-0.0269574400599,-0.0003185003185,-0.711722811897,0.13698735614,0.119892619893,0,0,0,0.00900900900901,0.00559492883467,0,0.000258077434548,0.0031458447877,-3,-0.0003861003861,-0.311978162681,-0.027027027027,0,0,131,1,85,1115,0.606481481481,0.999103942652,0.00089605734767,0.393518518519,0.992424242424,0.606481481481,0.752873563218,0.747062260832,0.605585424134,0.603686635945,3,87,0,0,0,0
2376,WLNM_dir_neg,0.991379310345,0.853328137342,00:00:03,10,60,14,1236052738,threshold_sweep,0.9,0.666666666667,0.0229885057471,0.0444444444444,2,1,85,173,0.0229885057471,0.994252873563,0.00574712643678,0.977011494253,0.666666666667,0.0229885057471,0.0444444444444,0.670498084291,0.662835249042,0.0227272727273,0.0762492851663,0.0172413793103,216,129,87,0,216,0,129,0,87,37,216,0.162162162162,1.32432432432,11.6756756757,21.6,6,8.1990990496,0.702237650082,0.31006006006,10.329336629,1.76937710775,0.765265265265,3.0868314707,0.528762798222,0.252752752753,0.579945114934,0.437917739848,2,1.32432432432,0.579945114934,2,0.0121701261701,0.00597269624573,7,0.000900900900901,0.621196581197,37,37,37,1,0,0.72972972973,0.243243243243,0.027027027027,37,0.0968468468468,1.32432432432,6.97297297297,12.9,3.79411764706,5.17733568593,0.742486125502,0.389063482087,6.17171694831,1.77018238052,0.770584538026,2.45652896065,0.704585825924,0.394301278022,0.579945114934,0.437917739848,2,1.33333333333,0.585540043769,2,0.00942195059842,0.0047885075818,2,0.0002574002574,0.305267801232,37,36,36,0.972972972973,0,0.702702702703,0.216216216216,0.0540540540541,37,132,0.0990990990991,1.32432432432,7.13513513514,13.2,3.77142857143,5.30284075945,0.743201167045,0.391072891073,6.21619989553,1.74241966769,0.764946764947,2.37510865881,0.665750154363,0.372645372645,0.579945114934,0.437917739848,2,1.33333333333,0.585540043769,2,0.0124282036047,0.00911854103343,4,0.000514800514801,0.309218418516,37,36,36,0.972972972973,0,0.702702702703,0.243243243243,0.027027027027,-84,-0.0630630630631,0,-4.54054054054,-8.4,-2.22857142857,-2.89625829015,0.0409635169627,0.0810128310128,-4.11313673347,-0.0269574400599,-0.0003185003185,-0.711722811897,0.13698735614,0.119892619893,0,0,0,0.00900900900901,0.00559492883467,0,0.000258077434548,0.0031458447877,-3,-0.0003861003861,-0.311978162681,-0.027027027027,0,0,131,1,85,1115,0.606481481481,0.999103942652,0.00089605734767,0.393518518519,0.992424242424,0.606481481481,0.752873563218,0.747062260832,0.605585424134,0.603686635945,3,87,0,0,0,0
2377,WLNM_dir_neg,0.983749504558,0.856651184395,00:00:02,10,60,15,1236052739,threshold_sweep,0.1,1,0.0804597701149,0.148936170213,7,0,80,174,0.0804597701149,1,0,0.919540229885,1,0.0804597701149,0.148936170213,0.693486590038,0.657726692209,0.10447761194,0.234772464817,0.0804597701149,216,129,87,0,216,0,129,0,87,37,216,0.162162162162,1.32432432432,11.6756756757,21.6,6,8.1990990496,0.702237650082,0.31006006006,10.329336629,1.76937710775,0.765265265265,3.0868314707,0.528762798222,0.252752752753,0.579945114934,0.437917739848,2,1.32432432432,0.579945114934,2,0.0121701261701,0.00597269624573,7,0.000900900900901,0.621196581197,37,37,37,1,0,0.72972972973,0.243243243243,0.027027027027,37,0.0968468468468,1.31891891892,6.97297297297,12.9,4.16129032258,5.13423415519,0.736304898225,0.365179132621,6.42746546566,1.84353660643,0.786926461345,2.26840156182,0.650626804552,0.363712549759,0.56462270482,0.428095083573,2,1.31891891892,0.56462270482,2,0,0,0,0,0.268684900657,37,37,37,1,0,0.72972972973,0.108108108108,0.162162162162,37,136,0.102102102102,1.32432432432,7.35135135135,13.6,3.77777777778,5.37078628744,0.730584899394,0.364666136725,6.50663786731,1.77018824331,0.773449920509,2.01458644852,0.548086019083,0.307631160572,0.579945114934,0.437917739848,2,1.32432432432,0.579945114934,2,0.0148938036753,0.00867678958785,4,0.000514800514801,0.268684900657,37,37,37,1,0,0.72972972973,0.243243243243,0.027027027027,-80,-0.0600600600601,0,-4.32432432432,-8,-2.22222222222,-2.82831276217,0.0283472493124,0.0546060766649,-3.82269876169,0.000811135567458,0.00818465524348,-1.07224502218,0.0193232208601,0.0548784078196,0,0,0,0,0,0,0.00272367750519,0.00270409334212,-3,-0.0003861003861,-0.352511680539,0,0,0,136,0,80,1116,0.62962962963,1,0,0.37037037037,1,0.62962962963,0.772727272727,0.766494576197,0.62962962963,0.62962962963,7,87,0,0,0,0
2378,WLNM_dir_neg,0.983749504558,0.856651184395,00:00:02,10,60,15,1236052739,threshold_sweep,0.2,1,0.0804597701149,0.148936170213,7,0,80,174,0.0804597701149,1,0,0.919540229885,1,0.0804597701149,0.148936170213,0.693486590038,0.657726692209,0.10447761194,0.234772464817,0.0804597701149,216,129,87,0,216,0,129,0,87,37,216,0.162162162162,1.32432432432,11.6756756757,21.6,6,8.1990990496,0.702237650082,0.31006006006,10.329336629,1.76937710775,0.765265265265,3.0868314707,0.528762798222,0.252752752753,0.579945114934,0.437917739848,2,1.32432432432,0.579945114934,2,0.0121701261701,0.00597269624573,7,0.000900900900901,0.621196581197,37,37,37,1,0,0.72972972973,0.243243243243,0.027027027027,37,0.0968468468468,1.31891891892,6.97297297297,12.9,4.16129032258,5.13423415519,0.736304898225,0.365179132621,6.42746546566,1.84353660643,0.786926461345,2.26840156182,0.650626804552,0.363712549759,0.56462270482,0.428095083573,2,1.31891891892,0.56462270482,2,0,0,0,0,0.268684900657,37,37,37,1,0,0.72972972973,0.108108108108,0.162162162162,37,136,0.102102102102,1.32432432432,7.35135135135,13.6,3.77777777778,5.37078628744,0.730584899394,0.364666136725,6.50663786731,1.77018824331,0.773449920509,2.01458644852,0.548086019083,0.307631160572,0.579945114934,0.437917739848,2,1.32432432432,0.579945114934,2,0.0148938036753,0.00867678958785,4,0.000514800514801,0.268684900657,37,37,37,1,0,0.72972972973,0.243243243243,0.027027027027,-80,-0.0600600600601,0,-4.32432432432,-8,-2.22222222222,-2.82831276217,0.0283472493124,0.0546060766649,-3.82269876169,0.000811135567458,0.00818465524348,-1.07224502218,0.0193232208601,0.0548784078196,0,0,0,0,0,0,0.00272367750519,0.00270409334212,-3,-0.0003861003861,-0.352511680539,0,0,0,136,0,80,1116,0.62962962963,1,0,0.37037037037,1,0.62962962963,0.772727272727,0.766494576197,0.62962962963,0.62962962963,7,87,0,0,0,0
2379,WLNM_dir_neg,0.983749504558,0.856651184395,00:00:02,10,60,15,1236052739,threshold_sweep,0.3,1,0.0804597701149,0.148936170213,7,0,80,174,0.0804597701149,1,0,0.919540229885,1,0.0804597701149,0.148936170213,0.693486590038,0.657726692209,0.10447761194,0.234772464817,0.0804597701149,216,129,87,0,216,0,129,0,87,37,216,0.162162162162,1.32432432432,11.6756756757,21.6,6,8.1990990496,0.702237650082,0.31006006006,10.329336629,1.76937710775,0.765265265265,3.0868314707,0.528762798222,0.252752752753,0.579945114934,0.437917739848,2,1.32432432432,0.579945114934,2,0.0121701261701,0.00597269624573,7,0.000900900900901,0.621196581197,37,37,37,1,0,0.72972972973,0.243243243243,0.027027027027,37,0.0968468468468,1.31891891892,6.97297297297,12.9,4.16129032258,5.13423415519,0.736304898225,0.365179132621,6.42746546566,1.84353660643,0.786926461345,2.26840156182,0.650626804552,0.363712549759,0.56462270482,0.428095083573,2,1.31891891892,0.56462270482,2,0,0,0,0,0.268684900657,37,37,37,1,0,0.72972972973,0.108108108108,0.162162162162,37,136,0.102102102102,1.32432432432,7.35135135135,13.6,3.77777777778,5.37078628744,0.730584899394,0.364666136725,6.50663786731,1.77018824331,0.773449920509,2.01458644852,0.548086019083,0.307631160572,0.579945114934,0.437917739848,2,1.32432432432,0.579945114934,2,0.0148938036753,0.00867678958785,4,0.000514800514801,0.268684900657,37,37,37,1,0,0.72972972973,0.243243243243,0.027027027027,-80,-0.0600600600601,0,-4.32432432432,-8,-2.22222222222,-2.82831276217,0.0283472493124,0.0546060766649,-3.82269876169,0.000811135567458,0.00818465524348,-1.07224502218,0.0193232208601,0.0548784078196,0,0,0,0,0,0,0.00272367750519,0.00270409334212,-3,-0.0003861003861,-0.352511680539,0,0,0,136,0,80,1116,0.62962962963,1,0,0.37037037037,1,0.62962962963,0.772727272727,0.766494576197,0.62962962963,0.62962962963,7,87,0,0,0,0
2380,WLNM_dir_neg,0.983749504558,0.856651184395,00:00:02,10,60,15,1236052739,threshold_sweep,0.4,1,0.0804597701149,0.148936170213,7,0,80,174,0.0804597701149,1,0,0.919540229885,1,0.0804597701149,0.148936170213,0.693486590038,0.657726692209,0.10447761194,0.234772464817,0.0804597701149,216,129,87,0,216,0,129,0,87,37,216,0.162162162162,1.32432432432,11.6756756757,21.6,6,8.1990990496,0.702237650082,0.31006006006,10.329336629,1.76937710775,0.765265265265,3.0868314707,0.528762798222,0.252752752753,0.579945114934,0.437917739848,2,1.32432432432,0.579945114934,2,0.0121701261701,0.00597269624573,7,0.000900900900901,0.621196581197,37,37,37,1,0,0.72972972973,0.243243243243,0.027027027027,37,0.0968468468468,1.31891891892,6.97297297297,12.9,4.16129032258,5.13423415519,0.736304898225,0.365179132621,6.42746546566,1.84353660643,0.786926461345,2.26840156182,0.650626804552,0.363712549759,0.56462270482,0.428095083573,2,1.31891891892,0.56462270482,2,0,0,0,0,0.268684900657,37,37,37,1,0,0.72972972973,0.108108108108,0.162162162162,37,136,0.102102102102,1.32432432432,7.35135135135,13.6,3.77777777778,5.37078628744,0.730584899394,0.364666136725,6.50663786731,1.77018824331,0.773449920509,2.01458644852,0.548086019083,0.307631160572,0.579945114934,0.437917739848,2,1.32432432432,0.579945114934,2,0.0148938036753,0.00867678958785,4,0.000514800514801,0.268684900657,37,37,37,1,0,0.72972972973,0.243243243243,0.027027027027,-80,-0.0600600600601,0,-4.32432432432,-8,-2.22222222222,-2.82831276217,0.0283472493124,0.0546060766649,-3.82269876169,0.000811135567458,0.00818465524348,-1.07224502218,0.0193232208601,0.0548784078196,0,0,0,0,0,0,0.00272367750519,0.00270409334212,-3,-0.0003861003861,-0.352511680539,0,0,0,136,0,80,1116,0.62962962963,1,0,0.37037037037,1,0.62962962963,0.772727272727,0.766494576197,0.62962962963,0.62962962963,7,87,0,0,0,0
2381,WLNM_dir_neg,0.983749504558,0.856651184395,00:00:02,10,60,15,1236052739,threshold_sweep,0.5,1,0.0804597701149,0.148936170213,7,0,80,174,0.0804597701149,1,0,0.919540229885,1,0.0804597701149,0.148936170213,0.693486590038,0.657726692209,0.10447761194,0.234772464817,0.0804597701149,216,129,87,0,216,0,129,0,87,37,216,0.162162162162,1.32432432432,11.6756756757,21.6,6,8.1990990496,0.702237650082,0.31006006006,10.329336629,1.76937710775,0.765265265265,3.0868314707,0.528762798222,0.252752752753,0.579945114934,0.437917739848,2,1.32432432432,0.579945114934,2,0.0121701261701,0.00597269624573,7,0.000900900900901,0.621196581197,37,37,37,1,0,0.72972972973,0.243243243243,0.027027027027,37,0.0968468468468,1.31891891892,6.97297297297,12.9,4.16129032258,5.13423415519,0.736304898225,0.365179132621,6.42746546566,1.84353660643,0.786926461345,2.26840156182,0.650626804552,0.363712549759,0.56462270482,0.428095083573,2,1.31891891892,0.56462270482,2,0,0,0,0,0.268684900657,37,37,37,1,0,0.72972972973,0.108108108108,0.162162162162,37,136,0.102102102102,1.32432432432,7.35135135135,13.6,3.77777777778,5.37078628744,0.730584899394,0.364666136725,6.50663786731,1.77018824331,0.773449920509,2.01458644852,0.548086019083,0.307631160572,0.579945114934,0.437917739848,2,1.32432432432,0.579945114934,2,0.0148938036753,0.00867678958785,4,0.000514800514801,0.268684900657,37,37,37,1,0,0.72972972973,0.243243243243,0.027027027027,-80,-0.0600600600601,0,-4.32432432432,-8,-2.22222222222,-2.82831276217,0.0283472493124,0.0546060766649,-3.82269876169,0.000811135567458,0.00818465524348,-1.07224502218,0.0193232208601,0.0548784078196,0,0,0,0,0,0,0.00272367750519,0.00270409334212,-3,-0.0003861003861,-0.352511680539,0,0,0,136,0,80,1116,0.62962962963,1,0,0.37037037037,1,0.62962962963,0.772727272727,0.766494576197,0.62962962963,0.62962962963,7,87,0,0,0,0
2382,WLNM_dir_neg,0.983749504558,0.856651184395,00:00:02,10,60,15,1236052739,threshold_sweep,0.6,1,0.0804597701149,0.148936170213,7,0,80,174,0.0804597701149,1,0,0.919540229885,1,0.0804597701149,0.148936170213,0.693486590038,0.657726692209,0.10447761194,0.234772464817,0.0804597701149,216,129,87,0,216,0,129,0,87,37,216,0.162162162162,1.32432432432,11.6756756757,21.6,6,8.1990990496,0.702237650082,0.31006006006,10.329336629,1.76937710775,0.765265265265,3.0868314707,0.528762798222,0.252752752753,0.579945114934,0.437917739848,2,1.32432432432,0.579945114934,2,0.0121701261701,0.00597269624573,7,0.000900900900901,0.621196581197,37,37,37,1,0,0.72972972973,0.243243243243,0.027027027027,37,0.0968468468468,1.31891891892,6.97297297297,12.9,4.16129032258,5.13423415519,0.736304898225,0.365179132621,6.42746546566,1.84353660643,0.786926461345,2.26840156182,0.650626804552,0.363712549759,0.56462270482,0.428095083573,2,1.31891891892,0.56462270482,2,0,0,0,0,0.268684900657,37,37,37,1,0,0.72972972973,0.108108108108,0.162162162162,37,136,0.102102102102,1.32432432432,7.35135135135,13.6,3.77777777778,5.37078628744,0.730584899394,0.364666136725,6.50663786731,1.77018824331,0.773449920509,2.01458644852,0.548086019083,0.307631160572,0.579945114934,0.437917739848,2,1.32432432432,0.579945114934,2,0.0148938036753,0.00867678958785,4,0.000514800514801,0.268684900657,37,37,37,1,0,0.72972972973,0.243243243243,0.027027027027,-80,-0.0600600600601,0,-4.32432432432,-8,-2.22222222222,-2.82831276217,0.0283472493124,0.0546060766649,-3.82269876169,0.000811135567458,0.00818465524348,-1.07224502218,0.0193232208601,0.0548784078196,0,0,0,0,0,0,0.00272367750519,0.00270409334212,-3,-0.0003861003861,-0.352511680539,0,0,0,136,0,80,1116,0.62962962963,1,0,0.37037037037,1,0.62962962963,0.772727272727,0.766494576197,0.62962962963,0.62962962963,7,87,0,0,0,0
2383,WLNM_dir_neg,0.983749504558,0.856651184395,00:00:02,10,60,15,1236052739,threshold_sweep,0.7,1,0.0804597701149,0.148936170213,7,0,80,174,0.0804597701149,1,0,0.919540229885,1,0.0804597701149,0.148936170213,0.693486590038,0.657726692209,0.10447761194,0.234772464817,0.0804597701149,216,129,87,0,216,0,129,0,87,37,216,0.162162162162,1.32432432432,11.6756756757,21.6,6,8.1990990496,0.702237650082,0.31006006006,10.329336629,1.76937710775,0.765265265265,3.0868314707,0.528762798222,0.252752752753,0.579945114934,0.437917739848,2,1.32432432432,0.579945114934,2,0.0121701261701,0.00597269624573,7,0.000900900900901,0.621196581197,37,37,37,1,0,0.72972972973,0.243243243243,0.027027027027,37,0.0968468468468,1.31891891892,6.97297297297,12.9,4.16129032258,5.13423415519,0.736304898225,0.365179132621,6.42746546566,1.84353660643,0.786926461345,2.26840156182,0.650626804552,0.363712549759,0.56462270482,0.428095083573,2,1.31891891892,0.56462270482,2,0,0,0,0,0.268684900657,37,37,37,1,0,0.72972972973,0.108108108108,0.162162162162,37,136,0.102102102102,1.32432432432,7.35135135135,13.6,3.77777777778,5.37078628744,0.730584899394,0.364666136725,6.50663786731,1.77018824331,0.773449920509,2.01458644852,0.548086019083,0.307631160572,0.579945114934,0.437917739848,2,1.32432432432,0.579945114934,2,0.0148938036753,0.00867678958785,4,0.000514800514801,0.268684900657,37,37,37,1,0,0.72972972973,0.243243243243,0.027027027027,-80,-0.0600600600601,0,-4.32432432432,-8,-2.22222222222,-2.82831276217,0.0283472493124,0.0546060766649,-3.82269876169,0.000811135567458,0.00818465524348,-1.07224502218,0.0193232208601,0.0548784078196,0,0,0,0,0,0,0.00272367750519,0.00270409334212,-3,-0.0003861003861,-0.352511680539,0,0,0,136,0,80,1116,0.62962962963,1,0,0.37037037037,1,0.62962962963,0.772727272727,0.766494576197,0.62962962963,0.62962962963,7,87,0,0,0,0
2384,WLNM_dir_neg,0.983749504558,0.856651184395,00:00:02,10,60,15,1236052739,threshold_sweep,0.8,1,0.0804597701149,0.148936170213,7,0,80,174,0.0804597701149,1,0,0.919540229885,1,0.0804597701149,0.148936170213,0.693486590038,0.657726692209,0.10447761194,0.234772464817,0.0804597701149,216,129,87,0,216,0,129,0,87,37,216,0.162162162162,1.32432432432,11.6756756757,21.6,6,8.1990990496,0.702237650082,0.31006006006,10.329336629,1.76937710775,0.765265265265,3.0868314707,0.528762798222,0.252752752753,0.579945114934,0.437917739848,2,1.32432432432,0.579945114934,2,0.0121701261701,0.00597269624573,7,0.000900900900901,0.621196581197,37,37,37,1,0,0.72972972973,0.243243243243,0.027027027027,37,0.0968468468468,1.31891891892,6.97297297297,12.9,4.16129032258,5.13423415519,0.736304898225,0.365179132621,6.42746546566,1.84353660643,0.786926461345,2.26840156182,0.650626804552,0.363712549759,0.56462270482,0.428095083573,2,1.31891891892,0.56462270482,2,0,0,0,0,0.268684900657,37,37,37,1,0,0.72972972973,0.108108108108,0.162162162162,37,136,0.102102102102,1.32432432432,7.35135135135,13.6,3.77777777778,5.37078628744,0.730584899394,0.364666136725,6.50663786731,1.77018824331,0.773449920509,2.01458644852,0.548086019083,0.307631160572,0.579945114934,0.437917739848,2,1.32432432432,0.579945114934,2,0.0148938036753,0.00867678958785,4,0.000514800514801,0.268684900657,37,37,37,1,0,0.72972972973,0.243243243243,0.027027027027,-80,-0.0600600600601,0,-4.32432432432,-8,-2.22222222222,-2.82831276217,0.0283472493124,0.0546060766649,-3.82269876169,0.000811135567458,0.00818465524348,-1.07224502218,0.0193232208601,0.0548784078196,0,0,0,0,0,0,0.00272367750519,0.00270409334212,-3,-0.0003861003861,-0.352511680539,0,0,0,136,0,80,1116,0.62962962963,1,0,0.37037037037,1,0.62962962963,0.772727272727,0.766494576197,0.62962962963,0.62962962963,7,87,0,0,0,0
2385,WLNM_dir_neg,0.983749504558,0.856651184395,00:00:02,10,60,15,1236052739,threshold_sweep,0.9,1,0.0804597701149,0.148936170213,7,0,80,174,0.0804597701149,1,0,0.919540229885,1,0.0804597701149,0.148936170213,0.693486590038,0.657726692209,0.10447761194,0.234772464817,0.0804597701149,216,129,87,0,216,0,129,0,87,37,216,0.162162162162,1.32432432432,11.6756756757,21.6,6,8.1990990496,0.702237650082,0.31006006006,10.329336629,1.76937710775,0.765265265265,3.0868314707,0.528762798222,0.252752752753,0.579945114934,0.437917739848,2,1.32432432432,0.579945114934,2,0.0121701261701,0.00597269624573,7,0.000900900900901,0.621196581197,37,37,37,1,0,0.72972972973,0.243243243243,0.027027027027,37,0.0968468468468,1.31891891892,6.97297297297,12.9,4.16129032258,5.13423415519,0.736304898225,0.365179132621,6.42746546566,1.84353660643,0.786926461345,2.26840156182,0.650626804552,0.363712549759,0.56462270482,0.428095083573,2,1.31891891892,0.56462270482,2,0,0,0,0,0.268684900657,37,37,37,1,0,0.72972972973,0.108108108108,0.162162162162,37,136,0.102102102102,1.32432432432,7.35135135135,13.6,3.77777777778,5.37078628744,0.730584899394,0.364666136725,6.50663786731,1.77018824331,0.773449920509,2.01458644852,0.548086019083,0.307631160572,0.579945114934,0.437917739848,2,1.32432432432,0.579945114934,2,0.0148938036753,0.00867678958785,4,0.000514800514801,0.268684900657,37,37,37,1,0,0.72972972973,0.243243243243,0.027027027027,-80,-0.0600600600601,0,-4.32432432432,-8,-2.22222222222,-2.82831276217,0.0283472493124,0.0546060766649,-3.82269876169,0.000811135567458,0.00818465524348,-1.07224502218,0.0193232208601,0.0548784078196,0,0,0,0,0,0,0.00272367750519,0.00270409334212,-3,-0.0003861003861,-0.352511680539,0,0,0,136,0,80,1116,0.62962962963,1,0,0.37037037037,1,0.62962962963,0.772727272727,0.766494576197,0.62962962963,0.62962962963,7,87,0,0,0,0
2386,WLNM_dir_neg,0.99739067248,0.960357889237,00:00:02,10,60,16,1236052740,threshold_sweep,0.1,1,0.0919540229885,0.168421052632,8,0,79,174,0.0919540229885,1,0,0.908045977011,1,0.0919540229885,0.168421052632,0.697318007663,0.656449553001,0.118959107807,0.251477845385,0.0919540229885,216,129,87,0,216,0,129,0,87,37,216,0.162162162162,1.32432432432,11.6756756757,21.6,6,8.1990990496,0.702237650082,0.31006006006,10.329336629,1.76937710775,0.765265265265,3.0868314707,0.528762798222,0.252752752753,0.579945114934,0.437917739848,2,1.32432432432,0.579945114934,2,0.0121701261701,0.00597269624573,7,0.000900900900901,0.621196581197,37,37,37,1,0,0.72972972973,0.243243243243,0.027027027027,37,0.0968468468468,1.31756756757,6.97297297297,12.9,4.03125,5.04142002971,0.722994345345,0.355751099937,6.27880748418,1.80089827066,0.778545987848,2.15537598707,0.618208616447,0.345694531741,0.561027853366,0.425805755375,2,1.31756756757,0.561027853366,2,0,0,0,0,0.264342040161,37,37,37,1,0,0.72972972973,0.135135135135,0.135135135135,37,137,0.102852852853,1.32432432432,7.40540540541,13.7,3.80555555556,5.3875342714,0.727513751978,0.366344446636,6.38950904419,1.72563382945,0.763464194121,1.86882115048,0.504718120933,0.282896034721,0.579945114934,0.437917739848,2,1.32432432432,0.579945114934,2,0.0131329805876,0.015,7,0.000900900900901,0.268786484605,37,37,37,1,0,0.72972972973,0.243243243243,0.027027027027,-79,-0.0593093093093,0,-4.27027027027,-7.9,-2.19444444444,-2.8115647782,0.0252761018957,0.0562843865764,-3.93982758481,-0.0437432782917,-0.00180107114414,-1.21801032022,-0.0240446772891,0.0301432819681,0,0,0,0,0,0,0.00096285441752,0.00902730375427,0,0,-0.352410096591,0,0,0,137,0,79,1116,0.634259259259,1,0,0.365740740741,1,0.634259259259,0.776203966006,0.769629228416,0.634259259259,0.634259259259,8,87,0,0,0,0
2387,WLNM_dir_neg,0.99739067248,0.960357889237,00:00:02,10,60,16,1236052740,threshold_sweep,0.2,1,0.0919540229885,0.168421052632,8,0,79,174,0.0919540229885,1,0,0.908045977011,1,0.0919540229885,0.168421052632,0.697318007663,0.656449553001,0.118959107807,0.251477845385,0.0919540229885,216,129,87,0,216,0,129,0,87,37,216,0.162162162162,1.32432432432,11.6756756757,21.6,6,8.1990990496,0.702237650082,0.31006006006,10.329336629,1.76937710775,0.765265265265,3.0868314707,0.528762798222,0.252752752753,0.579945114934,0.437917739848,2,1.32432432432,0.579945114934,2,0.0121701261701,0.00597269624573,7,0.000900900900901,0.621196581197,37,37,37,1,0,0.72972972973,0.243243243243,0.027027027027,37,0.0968468468468,1.31756756757,6.97297297297,12.9,4.03125,5.04142002971,0.722994345345,0.355751099937,6.27880748418,1.80089827066,0.778545987848,2.15537598707,0.618208616447,0.345694531741,0.561027853366,0.425805755375,2,1.31756756757,0.561027853366,2,0,0,0,0,0.264342040161,37,37,37,1,0,0.72972972973,0.135135135135,0.135135135135,37,137,0.102852852853,1.32432432432,7.40540540541,13.7,3.80555555556,5.3875342714,0.727513751978,0.366344446636,6.38950904419,1.72563382945,0.763464194121,1.86882115048,0.504718120933,0.282896034721,0.579945114934,0.437917739848,2,1.32432432432,0.579945114934,2,0.0131329805876,0.015,7,0.000900900900901,0.268786484605,37,37,37,1,0,0.72972972973,0.243243243243,0.027027027027,-79,-0.0593093093093,0,-4.27027027027,-7.9,-2.19444444444,-2.8115647782,0.0252761018957,0.0562843865764,-3.93982758481,-0.0437432782917,-0.00180107114414,-1.21801032022,-0.0240446772891,0.0301432819681,0,0,0,0,0,0,0.00096285441752,0.00902730375427,0,0,-0.352410096591,0,0,0,137,0,79,1116,0.634259259259,1,0,0.365740740741,1,0.634259259259,0.776203966006,0.769629228416,0.634259259259,0.634259259259,8,87,0,0,0,0
2388,WLNM_dir_neg,0.99739067248,0.960357889237,00:00:02,10,60,16,1236052740,threshold_sweep,0.3,1,0.0919540229885,0.168421052632,8,0,79,174,0.0919540229885,1,0,0.908045977011,1,0.0919540229885,0.168421052632,0.697318007663,0.656449553001,0.118959107807,0.251477845385,0.0919540229885,216,129,87,0,216,0,129,0,87,37,216,0.162162162162,1.32432432432,11.6756756757,21.6,6,8.1990990496,0.702237650082,0.31006006006,10.329336629,1.76937710775,0.765265265265,3.0868314707,0.528762798222,0.252752752753,0.579945114934,0.437917739848,2,1.32432432432,0.579945114934,2,0.0121701261701,0.00597269624573,7,0.000900900900901,0.621196581197,37,37,37,1,0,0.72972972973,0.243243243243,0.027027027027,37,0.0968468468468,1.31756756757,6.97297297297,12.9,4.03125,5.04142002971,0.722994345345,0.355751099937,6.27880748418,1.80089827066,0.778545987848,2.15537598707,0.618208616447,0.345694531741,0.561027853366,0.425805755375,2,1.31756756757,0.561027853366,2,0,0,0,0,0.264342040161,37,37,37,1,0,0.72972972973,0.135135135135,0.135135135135,37,137,0.102852852853,1.32432432432,7.40540540541,13.7,3.80555555556,5.3875342714,0.727513751978,0.366344446636,6.38950904419,1.72563382945,0.763464194121,1.86882115048,0.504718120933,0.282896034721,0.579945114934,0.437917739848,2,1.32432432432,0.579945114934,2,0.0131329805876,0.015,7,0.000900900900901,0.268786484605,37,37,37,1,0,0.72972972973,0.243243243243,0.027027027027,-79,-0.0593093093093,0,-4.27027027027,-7.9,-2.19444444444,-2.8115647782,0.0252761018957,0.0562843865764,-3.93982758481,-0.0437432782917,-0.00180107114414,-1.21801032022,-0.0240446772891,0.0301432819681,0,0,0,0,0,0,0.00096285441752,0.00902730375427,0,0,-0.352410096591,0,0,0,137,0,79,1116,0.634259259259,1,0,0.365740740741,1,0.634259259259,0.776203966006,0.769629228416,0.634259259259,0.634259259259,8,87,0,0,0,0
2389,WLNM_dir_neg,0.99739067248,0.960357889237,00:00:02,10,60,16,1236052740,threshold_sweep,0.4,1,0.0919540229885,0.168421052632,8,0,79,174,0.0919540229885,1,0,0.908045977011,1,0.0919540229885,0.168421052632,0.697318007663,0.656449553001,0.118959107807,0.251477845385,0.0919540229885,216,129,87,0,216,0,129,0,87,37,216,0.162162162162,1.32432432432,11.6756756757,21.6,6,8.1990990496,0.702237650082,0.31006006006,10.329336629,1.76937710775,0.765265265265,3.0868314707,0.528762798222,0.252752752753,0.579945114934,0.437917739848,2,1.32432432432,0.579945114934,2,0.0121701261701,0.00597269624573,7,0.000900900900901,0.621196581197,37,37,37,1,0,0.72972972973,0.243243243243,0.027027027027,37,0.0968468468468,1.31756756757,6.97297297297,12.9,4.03125,5.04142002971,0.722994345345,0.355751099937,6.27880748418,1.80089827066,0.778545987848,2.15537598707,0.618208616447,0.345694531741,0.561027853366,0.425805755375,2,1.31756756757,0.561027853366,2,0,0,0,0,0.264342040161,37,37,37,1,0,0.72972972973,0.135135135135,0.135135135135,37,137,0.102852852853,1.32432432432,7.40540540541,13.7,3.80555555556,5.3875342714,0.727513751978,0.366344446636,6.38950904419,1.72563382945,0.763464194121,1.86882115048,0.504718120933,0.282896034721,0.579945114934,0.437917739848,2,1.32432432432,0.579945114934,2,0.0131329805876,0.015,7,0.000900900900901,0.268786484605,37,37,37,1,0,0.72972972973,0.243243243243,0.027027027027,-79,-0.0593093093093,0,-4.27027027027,-7.9,-2.19444444444,-2.8115647782,0.0252761018957,0.0562843865764,-3.93982758481,-0.0437432782917,-0.00180107114414,-1.21801032022,-0.0240446772891,0.0301432819681,0,0,0,0,0,0,0.00096285441752,0.00902730375427,0,0,-0.352410096591,0,0,0,137,0,79,1116,0.634259259259,1,0,0.365740740741,1,0.634259259259,0.776203966006,0.769629228416,0.634259259259,0.634259259259,8,87,0,0,0,0
2390,WLNM_dir_neg,0.99739067248,0.960357889237,00:00:02,10,60,16,1236052740,threshold_sweep,0.5,1,0.0919540229885,0.168421052632,8,0,79,174,0.0919540229885,1,0,0.908045977011,1,0.0919540229885,0.168421052632,0.697318007663,0.656449553001,0.118959107807,0.251477845385,0.0919540229885,216,129,87,0,216,0,129,0,87,37,216,0.162162162162,1.32432432432,11.6756756757,21.6,6,8.1990990496,0.702237650082,0.31006006006,10.329336629,1.76937710775,0.765265265265,3.0868314707,0.528762798222,0.252752752753,0.579945114934,0.437917739848,2,1.32432432432,0.579945114934,2,0.0121701261701,0.00597269624573,7,0.000900900900901,0.621196581197,37,37,37,1,0,0.72972972973,0.243243243243,0.027027027027,37,0.0968468468468,1.31756756757,6.97297297297,12.9,4.03125,5.04142002971,0.722994345345,0.355751099937,6.27880748418,1.80089827066,0.778545987848,2.15537598707,0.618208616447,0.345694531741,0.561027853366,0.425805755375,2,1.31756756757,0.561027853366,2,0,0,0,0,0.264342040161,37,37,37,1,0,0.72972972973,0.135135135135,0.135135135135,37,137,0.102852852853,1.32432432432,7.40540540541,13.7,3.80555555556,5.3875342714,0.727513751978,0.366344446636,6.38950904419,1.72563382945,0.763464194121,1.86882115048,0.504718120933,0.282896034721,0.579945114934,0.437917739848,2,1.32432432432,0.579945114934,2,0.0131329805876,0.015,7,0.000900900900901,0.268786484605,37,37,37,1,0,0.72972972973,0.243243243243,0.027027027027,-79,-0.0593093093093,0,-4.27027027027,-7.9,-2.19444444444,-2.8115647782,0.0252761018957,0.0562843865764,-3.93982758481,-0.0437432782917,-0.00180107114414,-1.21801032022,-0.0240446772891,0.0301432819681,0,0,0,0,0,0,0.00096285441752,0.00902730375427,0,0,-0.352410096591,0,0,0,137,0,79,1116,0.634259259259,1,0,0.365740740741,1,0.634259259259,0.776203966006,0.769629228416,0.634259259259,0.634259259259,8,87,0,0,0,0
2391,WLNM_dir_neg,0.99739067248,0.960357889237,00:00:02,10,60,16,1236052740,threshold_sweep,0.6,1,0.0919540229885,0.168421052632,8,0,79,174,0.0919540229885,1,0,0.908045977011,1,0.0919540229885,0.168421052632,0.697318007663,0.656449553001,0.118959107807,0.251477845385,0.0919540229885,216,129,87,0,216,0,129,0,87,37,216,0.162162162162,1.32432432432,11.6756756757,21.6,6,8.1990990496,0.702237650082,0.31006006006,10.329336629,1.76937710775,0.765265265265,3.0868314707,0.528762798222,0.252752752753,0.579945114934,0.437917739848,2,1.32432432432,0.579945114934,2,0.0121701261701,0.00597269624573,7,0.000900900900901,0.621196581197,37,37,37,1,0,0.72972972973,0.243243243243,0.027027027027,37,0.0968468468468,1.31756756757,6.97297297297,12.9,4.03125,5.04142002971,0.722994345345,0.355751099937,6.27880748418,1.80089827066,0.778545987848,2.15537598707,0.618208616447,0.345694531741,0.561027853366,0.425805755375,2,1.31756756757,0.561027853366,2,0,0,0,0,0.264342040161,37,37,37,1,0,0.72972972973,0.135135135135,0.135135135135,37,137,0.102852852853,1.32432432432,7.40540540541,13.7,3.80555555556,5.3875342714,0.727513751978,0.366344446636,6.38950904419,1.72563382945,0.763464194121,1.86882115048,0.504718120933,0.282896034721,0.579945114934,0.437917739848,2,1.32432432432,0.579945114934,2,0.0131329805876,0.015,7,0.000900900900901,0.268786484605,37,37,37,1,0,0.72972972973,0.243243243243,0.027027027027,-79,-0.0593093093093,0,-4.27027027027,-7.9,-2.19444444444,-2.8115647782,0.0252761018957,0.0562843865764,-3.93982758481,-0.0437432782917,-0.00180107114414,-1.21801032022,-0.0240446772891,0.0301432819681,0,0,0,0,0,0,0.00096285441752,0.00902730375427,0,0,-0.352410096591,0,0,0,137,0,79,1116,0.634259259259,1,0,0.365740740741,1,0.634259259259,0.776203966006,0.769629228416,0.634259259259,0.634259259259,8,87,0,0,0,0
2392,WLNM_dir_neg,0.99739067248,0.960357889237,00:00:02,10,60,16,1236052740,threshold_sweep,0.7,1,0.0919540229885,0.168421052632,8,0,79,174,0.0919540229885,1,0,0.908045977011,1,0.0919540229885,0.168421052632,0.697318007663,0.656449553001,0.118959107807,0.251477845385,0.0919540229885,216,129,87,0,216,0,129,0,87,37,216,0.162162162162,1.32432432432,11.6756756757,21.6,6,8.1990990496,0.702237650082,0.31006006006,10.329336629,1.76937710775,0.765265265265,3.0868314707,0.528762798222,0.252752752753,0.579945114934,0.437917739848,2,1.32432432432,0.579945114934,2,0.0121701261701,0.00597269624573,7,0.000900900900901,0.621196581197,37,37,37,1,0,0.72972972973,0.243243243243,0.027027027027,37,0.0968468468468,1.31756756757,6.97297297297,12.9,4.03125,5.04142002971,0.722994345345,0.355751099937,6.27880748418,1.80089827066,0.778545987848,2.15537598707,0.618208616447,0.345694531741,0.561027853366,0.425805755375,2,1.31756756757,0.561027853366,2,0,0,0,0,0.264342040161,37,37,37,1,0,0.72972972973,0.135135135135,0.135135135135,37,137,0.102852852853,1.32432432432,7.40540540541,13.7,3.80555555556,5.3875342714,0.727513751978,0.366344446636,6.38950904419,1.72563382945,0.763464194121,1.86882115048,0.504718120933,0.282896034721,0.579945114934,0.437917739848,2,1.32432432432,0.579945114934,2,0.0131329805876,0.015,7,0.000900900900901,0.268786484605,37,37,37,1,0,0.72972972973,0.243243243243,0.027027027027,-79,-0.0593093093093,0,-4.27027027027,-7.9,-2.19444444444,-2.8115647782,0.0252761018957,0.0562843865764,-3.93982758481,-0.0437432782917,-0.00180107114414,-1.21801032022,-0.0240446772891,0.0301432819681,0,0,0,0,0,0,0.00096285441752,0.00902730375427,0,0,-0.352410096591,0,0,0,137,0,79,1116,0.634259259259,1,0,0.365740740741,1,0.634259259259,0.776203966006,0.769629228416,0.634259259259,0.634259259259,8,87,0,0,0,0
2393,WLNM_dir_neg,0.99739067248,0.960357889237,00:00:02,10,60,16,1236052740,threshold_sweep,0.8,1,0.0919540229885,0.168421052632,8,0,79,174,0.0919540229885,1,0,0.908045977011,1,0.0919540229885,0.168421052632,0.697318007663,0.656449553001,0.118959107807,0.251477845385,0.0919540229885,216,129,87,0,216,0,129,0,87,37,216,0.162162162162,1.32432432432,11.6756756757,21.6,6,8.1990990496,0.702237650082,0.31006006006,10.329336629,1.76937710775,0.765265265265,3.0868314707,0.528762798222,0.252752752753,0.579945114934,0.437917739848,2,1.32432432432,0.579945114934,2,0.0121701261701,0.00597269624573,7,0.000900900900901,0.621196581197,37,37,37,1,0,0.72972972973,0.243243243243,0.027027027027,37,0.0968468468468,1.31756756757,6.97297297297,12.9,4.03125,5.04142002971,0.722994345345,0.355751099937,6.27880748418,1.80089827066,0.778545987848,2.15537598707,0.618208616447,0.345694531741,0.561027853366,0.425805755375,2,1.31756756757,0.561027853366,2,0,0,0,0,0.264342040161,37,37,37,1,0,0.72972972973,0.135135135135,0.135135135135,37,137,0.102852852853,1.32432432432,7.40540540541,13.7,3.80555555556,5.3875342714,0.727513751978,0.366344446636,6.38950904419,1.72563382945,0.763464194121,1.86882115048,0.504718120933,0.282896034721,0.579945114934,0.437917739848,2,1.32432432432,0.579945114934,2,0.0131329805876,0.015,7,0.000900900900901,0.268786484605,37,37,37,1,0,0.72972972973,0.243243243243,0.027027027027,-79,-0.0593093093093,0,-4.27027027027,-7.9,-2.19444444444,-2.8115647782,0.0252761018957,0.0562843865764,-3.93982758481,-0.0437432782917,-0.00180107114414,-1.21801032022,-0.0240446772891,0.0301432819681,0,0,0,0,0,0,0.00096285441752,0.00902730375427,0,0,-0.352410096591,0,0,0,137,0,79,1116,0.634259259259,1,0,0.365740740741,1,0.634259259259,0.776203966006,0.769629228416,0.634259259259,0.634259259259,8,87,0,0,0,0
2394,WLNM_dir_neg,0.99739067248,0.960357889237,00:00:02,10,60,16,1236052740,threshold_sweep,0.9,1,0.0919540229885,0.168421052632,8,0,79,174,0.0919540229885,1,0,0.908045977011,1,0.0919540229885,0.168421052632,0.697318007663,0.656449553001,0.118959107807,0.251477845385,0.0919540229885,216,129,87,0,216,0,129,0,87,37,216,0.162162162162,1.32432432432,11.6756756757,21.6,6,8.1990990496,0.702237650082,0.31006006006,10.329336629,1.76937710775,0.765265265265,3.0868314707,0.528762798222,0.252752752753,0.579945114934,0.437917739848,2,1.32432432432,0.579945114934,2,0.0121701261701,0.00597269624573,7,0.000900900900901,0.621196581197,37,37,37,1,0,0.72972972973,0.243243243243,0.027027027027,37,0.0968468468468,1.31756756757,6.97297297297,12.9,4.03125,5.04142002971,0.722994345345,0.355751099937,6.27880748418,1.80089827066,0.778545987848,2.15537598707,0.618208616447,0.345694531741,0.561027853366,0.425805755375,2,1.31756756757,0.561027853366,2,0,0,0,0,0.264342040161,37,37,37,1,0,0.72972972973,0.135135135135,0.135135135135,37,137,0.102852852853,1.32432432432,7.40540540541,13.7,3.80555555556,5.3875342714,0.727513751978,0.366344446636,6.38950904419,1.72563382945,0.763464194121,1.86882115048,0.504718120933,0.282896034721,0.579945114934,0.437917739848,2,1.32432432432,0.579945114934,2,0.0131329805876,0.015,7,0.000900900900901,0.268786484605,37,37,37,1,0,0.72972972973,0.243243243243,0.027027027027,-79,-0.0593093093093,0,-4.27027027027,-7.9,-2.19444444444,-2.8115647782,0.0252761018957,0.0562843865764,-3.93982758481,-0.0437432782917,-0.00180107114414,-1.21801032022,-0.0240446772891,0.0301432819681,0,0,0,0,0,0,0.00096285441752,0.00902730375427,0,0,-0.352410096591,0,0,0,137,0,79,1116,0.634259259259,1,0,0.365740740741,1,0.634259259259,0.776203966006,0.769629228416,0.634259259259,0.634259259259,8,87,0,0,0,0
2395,WLNM_dir_neg,0.991643546043,0.896353388314,00:00:02,10,60,17,1236052741,threshold_sweep,0.1,0.857142857143,0.0689655172414,0.127659574468,6,1,81,173,0.0689655172414,0.994252873563,0.00574712643678,0.931034482759,0.857142857143,0.0689655172414,0.127659574468,0.685823754789,0.657726692209,0.0820895522388,0.184464079499,0.0632183908046,216,129,87,0,216,0,129,0,87,37,216,0.162162162162,1.32432432432,11.6756756757,21.6,6,8.1990990496,0.702237650082,0.31006006006,10.329336629,1.76937710775,0.765265265265,3.0868314707,0.528762798222,0.252752752753,0.579945114934,0.437917739848,2,1.32432432432,0.579945114934,2,0.0121701261701,0.00597269624573,7,0.000900900900901,0.621196581197,37,37,37,1,0,0.72972972973,0.243243243243,0.027027027027,37,0.0968468468468,1.31891891892,6.97297297297,12.9,3.79411764706,5.13964161357,0.737080386442,0.361617431385,6.20761907131,1.78047988867,0.776450869474,2.10319362481,0.603241582309,0.333123821496,0.56462270482,0.428095083573,2,1.31891891892,0.56462270482,2,0,0,0,0,0.259123546313,37,37,37,1,0,0.72972972973,0.189189189189,0.0810810810811,37,136,0.102102102102,1.32808758125,7.35135135135,13.6,3.67567567568,5.40172923041,0.734794049725,0.372217806041,6.32479272411,1.72071566759,0.763116057234,1.85673031091,0.505139863997,0.277424483307,0.591382825656,0.445289026119,2.12658227848,1.32808758125,0.591382825656,2.12658227848,0.0130522033375,0.0153172866521,7,0.000900900900901,0.264931627121,37,37,37,1,0,0.72972972973,0.27027027027,0,-80,-0.0600600600601,0.00376325692781,-4.32432432432,-8,-2.32432432432,-2.79736981919,0.0325563996432,0.0621577459813,-4.00454390489,-0.0486614401555,-0.00214920803156,-1.2301011598,-0.0236229342252,0.0246717305541,0.0114377107216,0.00737128627021,0.126582278481,0.00376325692781,0.0114377107216,0.126582278481,0.000882077167349,0.00934459040634,0,0,-0.356264954076,0,0.027027027027,-0.027027027027,135,1,81,1115,0.625,0.999103942652,0.00089605734767,0.375,0.992647058824,0.625,0.767045454545,0.759767749983,0.624103942652,0.622119815668,7,87,0,0,0,0
2396,WLNM_dir_neg,0.991643546043,0.896353388314,00:00:02,10,60,17,1236052741,threshold_sweep,0.2,0.857142857143,0.0689655172414,0.127659574468,6,1,81,173,0.0689655172414,0.994252873563,0.00574712643678,0.931034482759,0.857142857143,0.0689655172414,0.127659574468,0.685823754789,0.657726692209,0.0820895522388,0.184464079499,0.0632183908046,216,129,87,0,216,0,129,0,87,37,216,0.162162162162,1.32432432432,11.6756756757,21.6,6,8.1990990496,0.702237650082,0.31006006006,10.329336629,1.76937710775,0.765265265265,3.0868314707,0.528762798222,0.252752752753,0.579945114934,0.437917739848,2,1.32432432432,0.579945114934,2,0.0121701261701,0.00597269624573,7,0.000900900900901,0.621196581197,37,37,37,1,0,0.72972972973,0.243243243243,0.027027027027,37,0.0968468468468,1.31891891892,6.97297297297,12.9,3.79411764706,5.13964161357,0.737080386442,0.361617431385,6.20761907131,1.78047988867,0.776450869474,2.10319362481,0.603241582309,0.333123821496,0.56462270482,0.428095083573,2,1.31891891892,0.56462270482,2,0,0,0,0,0.259123546313,37,37,37,1,0,0.72972972973,0.189189189189,0.0810810810811,37,136,0.102102102102,1.32808758125,7.35135135135,13.6,3.67567567568,5.40172923041,0.734794049725,0.372217806041,6.32479272411,1.72071566759,0.763116057234,1.85673031091,0.505139863997,0.277424483307,0.591382825656,0.445289026119,2.12658227848,1.32808758125,0.591382825656,2.12658227848,0.0130522033375,0.0153172866521,7,0.000900900900901,0.264931627121,37,37,37,1,0,0.72972972973,0.27027027027,0,-80,-0.0600600600601,0.00376325692781,-4.32432432432,-8,-2.32432432432,-2.79736981919,0.0325563996432,0.0621577459813,-4.00454390489,-0.0486614401555,-0.00214920803156,-1.2301011598,-0.0236229342252,0.0246717305541,0.0114377107216,0.00737128627021,0.126582278481,0.00376325692781,0.0114377107216,0.126582278481,0.000882077167349,0.00934459040634,0,0,-0.356264954076,0,0.027027027027,-0.027027027027,135,1,81,1115,0.625,0.999103942652,0.00089605734767,0.375,0.992647058824,0.625,0.767045454545,0.759767749983,0.624103942652,0.622119815668,7,87,0,0,0,0
2397,WLNM_dir_neg,0.991643546043,0.896353388314,00:00:02,10,60,17,1236052741,threshold_sweep,0.3,0.833333333333,0.0574712643678,0.10752688172,5,1,82,173,0.0574712643678,0.994252873563,0.00574712643678,0.942528735632,0.833333333333,0.0574712643678,0.10752688172,0.681992337165,0.659003831418,0.0674157303371,0.162697843364,0.051724137931,216,129,87,0,216,0,129,0,87,37,216,0.162162162162,1.32432432432,11.6756756757,21.6,6,8.1990990496,0.702237650082,0.31006006006,10.329336629,1.76937710775,0.765265265265,3.0868314707,0.528762798222,0.252752752753,0.579945114934,0.437917739848,2,1.32432432432,0.579945114934,2,0.0121701261701,0.00597269624573,7,0.000900900900901,0.621196581197,37,37,37,1,0,0.72972972973,0.243243243243,0.027027027027,37,0.0968468468468,1.31891891892,6.97297297297,12.9,3.79411764706,5.13964161357,0.737080386442,0.361617431385,6.20761907131,1.78047988867,0.776450869474,2.10319362481,0.603241582309,0.333123821496,0.56462270482,0.428095083573,2,1.31891891892,0.56462270482,2,0,0,0,0,0.259123546313,37,37,37,1,0,0.72972972973,0.189189189189,0.0810810810811,37,135,0.101351351351,1.32863298081,7.2972972973,13.5,3.64864864865,5.33262945806,0.730767740549,0.36956956957,6.30791485277,1.72883592261,0.765165165165,1.88880056321,0.517671265471,0.284684684685,0.593083014972,0.446385889512,2.14492753623,1.32863298081,0.593083014972,2.14492753623,0.013287314926,0.0133828996283,6,0.000772200772201,0.262911425101,37,37,37,1,0,0.72972972973,0.27027027027,0,-81,-0.0608108108108,0.00430865648257,-4.37837837838,-8.1,-2.35135135135,-2.86646959155,0.0285300904667,0.0595095095095,-4.02142177623,-0.0405411851344,-0.0001001001001,-1.1980309075,-0.0110915327511,0.0319319319319,0.0131379000378,0.00846814966335,0.144927536232,0.00430865648257,0.0131379000378,0.144927536232,0.00111718875584,0.00741020338252,-1,-0.0001287001287,-0.358285156096,0,0.027027027027,-0.027027027027,134,1,82,1115,0.62037037037,0.999103942652,0.00089605734767,0.37962962963,0.992592592593,0.62037037037,0.763532763533,0.756603448044,0.619474313023,0.617511520737,6,87,0,0,0,0
2398,WLNM_dir_neg,0.991643546043,0.896353388314,00:00:02,10,60,17,1236052741,threshold_sweep,0.4,0.833333333333,0.0574712643678,0.10752688172,5,1,82,173,0.0574712643678,0.994252873563,0.00574712643678,0.942528735632,0.833333333333,0.0574712643678,0.10752688172,0.681992337165,0.659003831418,0.0674157303371,0.162697843364,0.051724137931,216,129,87,0,216,0,129,0,87,37,216,0.162162162162,1.32432432432,11.6756756757,21.6,6,8.1990990496,0.702237650082,0.31006006006,10.329336629,1.76937710775,0.765265265265,3.0868314707,0.528762798222,0.252752752753,0.579945114934,0.437917739848,2,1.32432432432,0.579945114934,2,0.0121701261701,0.00597269624573,7,0.000900900900901,0.621196581197,37,37,37,1,0,0.72972972973,0.243243243243,0.027027027027,37,0.0968468468468,1.31891891892,6.97297297297,12.9,3.79411764706,5.13964161357,0.737080386442,0.361617431385,6.20761907131,1.78047988867,0.776450869474,2.10319362481,0.603241582309,0.333123821496,0.56462270482,0.428095083573,2,1.31891891892,0.56462270482,2,0,0,0,0,0.259123546313,37,37,37,1,0,0.72972972973,0.189189189189,0.0810810810811,37,135,0.101351351351,1.32863298081,7.2972972973,13.5,3.64864864865,5.33262945806,0.730767740549,0.36956956957,6.30791485277,1.72883592261,0.765165165165,1.88880056321,0.517671265471,0.284684684685,0.593083014972,0.446385889512,2.14492753623,1.32863298081,0.593083014972,2.14492753623,0.013287314926,0.0133828996283,6,0.000772200772201,0.262911425101,37,37,37,1,0,0.72972972973,0.27027027027,0,-81,-0.0608108108108,0.00430865648257,-4.37837837838,-8.1,-2.35135135135,-2.86646959155,0.0285300904667,0.0595095095095,-4.02142177623,-0.0405411851344,-0.0001001001001,-1.1980309075,-0.0110915327511,0.0319319319319,0.0131379000378,0.00846814966335,0.144927536232,0.00430865648257,0.0131379000378,0.144927536232,0.00111718875584,0.00741020338252,-1,-0.0001287001287,-0.358285156096,0,0.027027027027,-0.027027027027,134,1,82,1115,0.62037037037,0.999103942652,0.00089605734767,0.37962962963,0.992592592593,0.62037037037,0.763532763533,0.756603448044,0.619474313023,0.617511520737,6,87,0,0,0,0
2399,WLNM_dir_neg,0.991643546043,0.896353388314,00:00:02,10,60,17,1236052741,threshold_sweep,0.5,0.833333333333,0.0574712643678,0.10752688172,5,1,82,173,0.0574712643678,0.994252873563,0.00574712643678,0.942528735632,0.833333333333,0.0574712643678,0.10752688172,0.681992337165,0.659003831418,0.0674157303371,0.162697843364,0.051724137931,216,129,87,0,216,0,129,0,87,37,216,0.162162162162,1.32432432432,11.6756756757,21.6,6,8.1990990496,0.702237650082,0.31006006006,10.329336629,1.76937710775,0.765265265265,3.0868314707,0.528762798222,0.252752752753,0.579945114934,0.437917739848,2,1.32432432432,0.579945114934,2,0.0121701261701,0.00597269624573,7,0.000900900900901,0.621196581197,37,37,37,1,0,0.72972972973,0.243243243243,0.027027027027,37,0.0968468468468,1.31891891892,6.97297297297,12.9,3.79411764706,5.13964161357,0.737080386442,0.361617431385,6.20761907131,1.78047988867,0.776450869474,2.10319362481,0.603241582309,0.333123821496,0.56462270482,0.428095083573,2,1.31891891892,0.56462270482,2,0,0,0,0,0.259123546313,37,37,37,1,0,0.72972972973,0.189189189189,0.0810810810811,37,135,0.101351351351,1.32863298081,7.2972972973,13.5,3.64864864865,5.33262945806,0.730767740549,0.36956956957,6.30791485277,1.72883592261,0.765165165165,1.88880056321,0.517671265471,0.284684684685,0.593083014972,0.446385889512,2.14492753623,1.32863298081,0.593083014972,2.14492753623,0.013287314926,0.0133828996283,6,0.000772200772201,0.262911425101,37,37,37,1,0,0.72972972973,0.27027027027,0,-81,-0.0608108108108,0.00430865648257,-4.37837837838,-8.1,-2.35135135135,-2.86646959155,0.0285300904667,0.0595095095095,-4.02142177623,-0.0405411851344,-0.0001001001001,-1.1980309075,-0.0110915327511,0.0319319319319,0.0131379000378,0.00846814966335,0.144927536232,0.00430865648257,0.0131379000378,0.144927536232,0.00111718875584,0.00741020338252,-1,-0.0001287001287,-0.358285156096,0,0.027027027027,-0.027027027027,134,1,82,1115,0.62037037037,0.999103942652,0.00089605734767,0.37962962963,0.992592592593,0.62037037037,0.763532763533,0.756603448044,0.619474313023,0.617511520737,6,87,0,0,0,0
2400,WLNM_dir_neg,0.991643546043,0.896353388314,00:00:02,10,60,17,1236052741,threshold_sweep,0.6,0.833333333333,0.0574712643678,0.10752688172,5,1,82,173,0.0574712643678,0.994252873563,0.00574712643678,0.942528735632,0.833333333333,0.0574712643678,0.10752688172,0.681992337165,0.659003831418,0.0674157303371,0.162697843364,0.051724137931,216,129,87,0,216,0,129,0,87,37,216,0.162162162162,1.32432432432,11.6756756757,21.6,6,8.1990990496,0.702237650082,0.31006006006,10.329336629,1.76937710775,0.765265265265,3.0868314707,0.528762798222,0.252752752753,0.579945114934,0.437917739848,2,1.32432432432,0.579945114934,2,0.0121701261701,0.00597269624573,7,0.000900900900901,0.621196581197,37,37,37,1,0,0.72972972973,0.243243243243,0.027027027027,37,0.0968468468468,1.31891891892,6.97297297297,12.9,3.79411764706,5.13964161357,0.737080386442,0.361617431385,6.20761907131,1.78047988867,0.776450869474,2.10319362481,0.603241582309,0.333123821496,0.56462270482,0.428095083573,2,1.31891891892,0.56462270482,2,0,0,0,0,0.259123546313,37,37,37,1,0,0.72972972973,0.189189189189,0.0810810810811,37,135,0.101351351351,1.32863298081,7.2972972973,13.5,3.64864864865,5.33262945806,0.730767740549,0.36956956957,6.30791485277,1.72883592261,0.765165165165,1.88880056321,0.517671265471,0.284684684685,0.593083014972,0.446385889512,2.14492753623,1.32863298081,0.593083014972,2.14492753623,0.013287314926,0.0133828996283,6,0.000772200772201,0.262911425101,37,37,37,1,0,0.72972972973,0.27027027027,0,-81,-0.0608108108108,0.00430865648257,-4.37837837838,-8.1,-2.35135135135,-2.86646959155,0.0285300904667,0.0595095095095,-4.02142177623,-0.0405411851344,-0.0001001001001,-1.1980309075,-0.0110915327511,0.0319319319319,0.0131379000378,0.00846814966335,0.144927536232,0.00430865648257,0.0131379000378,0.144927536232,0.00111718875584,0.00741020338252,-1,-0.0001287001287,-0.358285156096,0,0.027027027027,-0.027027027027,134,1,82,1115,0.62037037037,0.999103942652,0.00089605734767,0.37962962963,0.992592592593,0.62037037037,0.763532763533,0.756603448044,0.619474313023,0.617511520737,6,87,0,0,0,0
2401,WLNM_dir_neg,0.991643546043,0.896353388314,00:00:02,10,60,17,1236052741,threshold_sweep,0.7,0.833333333333,0.0574712643678,0.10752688172,5,1,82,173,0.0574712643678,0.994252873563,0.00574712643678,0.942528735632,0.833333333333,0.0574712643678,0.10752688172,0.681992337165,0.659003831418,0.0674157303371,0.162697843364,0.051724137931,216,129,87,0,216,0,129,0,87,37,216,0.162162162162,1.32432432432,11.6756756757,21.6,6,8.1990990496,0.702237650082,0.31006006006,10.329336629,1.76937710775,0.765265265265,3.0868314707,0.528762798222,0.252752752753,0.579945114934,0.437917739848,2,1.32432432432,0.579945114934,2,0.0121701261701,0.00597269624573,7,0.000900900900901,0.621196581197,37,37,37,1,0,0.72972972973,0.243243243243,0.027027027027,37,0.0968468468468,1.31891891892,6.97297297297,12.9,3.79411764706,5.13964161357,0.737080386442,0.361617431385,6.20761907131,1.78047988867,0.776450869474,2.10319362481,0.603241582309,0.333123821496,0.56462270482,0.428095083573,2,1.31891891892,0.56462270482,2,0,0,0,0,0.259123546313,37,37,37,1,0,0.72972972973,0.189189189189,0.0810810810811,37,135,0.101351351351,1.32863298081,7.2972972973,13.5,3.64864864865,5.33262945806,0.730767740549,0.36956956957,6.30791485277,1.72883592261,0.765165165165,1.88880056321,0.517671265471,0.284684684685,0.593083014972,0.446385889512,2.14492753623,1.32863298081,0.593083014972,2.14492753623,0.013287314926,0.0133828996283,6,0.000772200772201,0.262911425101,37,37,37,1,0,0.72972972973,0.27027027027,0,-81,-0.0608108108108,0.00430865648257,-4.37837837838,-8.1,-2.35135135135,-2.86646959155,0.0285300904667,0.0595095095095,-4.02142177623,-0.0405411851344,-0.0001001001001,-1.1980309075,-0.0110915327511,0.0319319319319,0.0131379000378,0.00846814966335,0.144927536232,0.00430865648257,0.0131379000378,0.144927536232,0.00111718875584,0.00741020338252,-1,-0.0001287001287,-0.358285156096,0,0.027027027027,-0.027027027027,134,1,82,1115,0.62037037037,0.999103942652,0.00089605734767,0.37962962963,0.992592592593,0.62037037037,0.763532763533,0.756603448044,0.619474313023,0.617511520737,6,87,0,0,0,0
2402,WLNM_dir_neg,0.991643546043,0.896353388314,00:00:02,10,60,17,1236052741,threshold_sweep,0.8,0.833333333333,0.0574712643678,0.10752688172,5,1,82,173,0.0574712643678,0.994252873563,0.00574712643678,0.942528735632,0.833333333333,0.0574712643678,0.10752688172,0.681992337165,0.659003831418,0.0674157303371,0.162697843364,0.051724137931,216,129,87,0,216,0,129,0,87,37,216,0.162162162162,1.32432432432,11.6756756757,21.6,6,8.1990990496,0.702237650082,0.31006006006,10.329336629,1.76937710775,0.765265265265,3.0868314707,0.528762798222,0.252752752753,0.579945114934,0.437917739848,2,1.32432432432,0.579945114934,2,0.0121701261701,0.00597269624573,7,0.000900900900901,0.621196581197,37,37,37,1,0,0.72972972973,0.243243243243,0.027027027027,37,0.0968468468468,1.31891891892,6.97297297297,12.9,3.79411764706,5.13964161357,0.737080386442,0.361617431385,6.20761907131,1.78047988867,0.776450869474,2.10319362481,0.603241582309,0.333123821496,0.56462270482,0.428095083573,2,1.31891891892,0.56462270482,2,0,0,0,0,0.259123546313,37,37,37,1,0,0.72972972973,0.189189189189,0.0810810810811,37,135,0.101351351351,1.32863298081,7.2972972973,13.5,3.64864864865,5.33262945806,0.730767740549,0.36956956957,6.30791485277,1.72883592261,0.765165165165,1.88880056321,0.517671265471,0.284684684685,0.593083014972,0.446385889512,2.14492753623,1.32863298081,0.593083014972,2.14492753623,0.013287314926,0.0133828996283,6,0.000772200772201,0.262911425101,37,37,37,1,0,0.72972972973,0.27027027027,0,-81,-0.0608108108108,0.00430865648257,-4.37837837838,-8.1,-2.35135135135,-2.86646959155,0.0285300904667,0.0595095095095,-4.02142177623,-0.0405411851344,-0.0001001001001,-1.1980309075,-0.0110915327511,0.0319319319319,0.0131379000378,0.00846814966335,0.144927536232,0.00430865648257,0.0131379000378,0.144927536232,0.00111718875584,0.00741020338252,-1,-0.0001287001287,-0.358285156096,0,0.027027027027,-0.027027027027,134,1,82,1115,0.62037037037,0.999103942652,0.00089605734767,0.37962962963,0.992592592593,0.62037037037,0.763532763533,0.756603448044,0.619474313023,0.617511520737,6,87,0,0,0,0
2403,WLNM_dir_neg,0.991643546043,0.896353388314,00:00:02,10,60,17,1236052741,threshold_sweep,0.9,0.833333333333,0.0574712643678,0.10752688172,5,1,82,173,0.0574712643678,0.994252873563,0.00574712643678,0.942528735632,0.833333333333,0.0574712643678,0.10752688172,0.681992337165,0.659003831418,0.0674157303371,0.162697843364,0.051724137931,216,129,87,0,216,0,129,0,87,37,216,0.162162162162,1.32432432432,11.6756756757,21.6,6,8.1990990496,0.702237650082,0.31006006006,10.329336629,1.76937710775,0.765265265265,3.0868314707,0.528762798222,0.252752752753,0.579945114934,0.437917739848,2,1.32432432432,0.579945114934,2,0.0121701261701,0.00597269624573,7,0.000900900900901,0.621196581197,37,37,37,1,0,0.72972972973,0.243243243243,0.027027027027,37,0.0968468468468,1.31891891892,6.97297297297,12.9,3.79411764706,5.13964161357,0.737080386442,0.361617431385,6.20761907131,1.78047988867,0.776450869474,2.10319362481,0.603241582309,0.333123821496,0.56462270482,0.428095083573,2,1.31891891892,0.56462270482,2,0,0,0,0,0.259123546313,37,37,37,1,0,0.72972972973,0.189189189189,0.0810810810811,37,135,0.101351351351,1.32863298081,7.2972972973,13.5,3.64864864865,5.33262945806,0.730767740549,0.36956956957,6.30791485277,1.72883592261,0.765165165165,1.88880056321,0.517671265471,0.284684684685,0.593083014972,0.446385889512,2.14492753623,1.32863298081,0.593083014972,2.14492753623,0.013287314926,0.0133828996283,6,0.000772200772201,0.262911425101,37,37,37,1,0,0.72972972973,0.27027027027,0,-81,-0.0608108108108,0.00430865648257,-4.37837837838,-8.1,-2.35135135135,-2.86646959155,0.0285300904667,0.0595095095095,-4.02142177623,-0.0405411851344,-0.0001001001001,-1.1980309075,-0.0110915327511,0.0319319319319,0.0131379000378,0.00846814966335,0.144927536232,0.00430865648257,0.0131379000378,0.144927536232,0.00111718875584,0.00741020338252,-1,-0.0001287001287,-0.358285156096,0,0.027027027027,-0.027027027027,134,1,82,1115,0.62037037037,0.999103942652,0.00089605734767,0.37962962963,0.992592592593,0.62037037037,0.763532763533,0.756603448044,0.619474313023,0.617511520737,6,87,0,0,0,0
2404,WLNM_dir_neg,0.994384991412,0.954309148156,00:00:02,10,60,18,1236052742,threshold_sweep,0.1,1,0.0459770114943,0.0879120879121,4,0,83,174,0.0459770114943,1,0,0.954022988506,1,0.0459770114943,0.0879120879121,0.681992337165,0.661558109834,0.0603773584906,0.176432436556,0.0459770114943,216,129,87,0,216,0,129,0,87,37,216,0.162162162162,1.32432432432,11.6756756757,21.6,6,8.1990990496,0.702237650082,0.31006006006,10.329336629,1.76937710775,0.765265265265,3.0868314707,0.528762798222,0.252752752753,0.579945114934,0.437917739848,2,1.32432432432,0.579945114934,2,0.0121701261701,0.00597269624573,7,0.000900900900901,0.621196581197,37,37,37,1,0,0.72972972973,0.243243243243,0.027027027027,37,0.0968468468468,1.31981981982,6.97297297297,12.9,4.03125,5.17733568593,0.742486125502,0.36853132202,6.33605915737,1.8173192932,0.784412319296,2.23136258349,0.64000322162,0.358265241986,0.567072809762,0.429659262004,2,1.3287037037,0.57249954753,2,0,0,0,0,0.266007444684,37,36,36,0.972972972973,0,0.702702702703,0.162162162162,0.108108108108,37,133,0.0998498498498,1.32046332046,7.18918918919,13.3,4.15625,5.34289683098,0.743184897543,0.368217841902,6.36160121117,1.76976875799,0.775858565332,2.12732825994,0.591813124945,0.33042064621,0.56884874529,0.430794810029,2,1.32936507937,0.574298349383,2,0,0,0,0,0.278705857382,37,36,36,0.972972972973,0,0.702702702703,0.162162162162,0.108108108108,-83,-0.0623123123123,-0.003861003861,-4.48648648649,-8.3,-1.84375,-2.85620221862,0.0409472474611,0.058157781842,-3.96773541783,0.000391650249566,0.010593300067,-0.959503210767,0.0630503267224,0.0776678934574,-0.0110963696449,-0.00712292981926,0,0.00504075504075,-0.00564676555122,0,-0.0121701261701,-0.00597269624573,-7,-0.000900900900901,-0.342490723814,-0.027027027027,-0.0810810810811,0.0810810810811,133,0,83,1116,0.615740740741,1,0,0.384259259259,1,0.615740740741,0.76217765043,0.757044573298,0.615740740741,0.615740740741,4,87,0,0,0,0
2405,WLNM_dir_neg,0.994384991412,0.954309148156,00:00:02,10,60,18,1236052742,threshold_sweep,0.2,1,0.0459770114943,0.0879120879121,4,0,83,174,0.0459770114943,1,0,0.954022988506,1,0.0459770114943,0.0879120879121,0.681992337165,0.661558109834,0.0603773584906,0.176432436556,0.0459770114943,216,129,87,0,216,0,129,0,87,37,216,0.162162162162,1.32432432432,11.6756756757,21.6,6,8.1990990496,0.702237650082,0.31006006006,10.329336629,1.76937710775,0.765265265265,3.0868314707,0.528762798222,0.252752752753,0.579945114934,0.437917739848,2,1.32432432432,0.579945114934,2,0.0121701261701,0.00597269624573,7,0.000900900900901,0.621196581197,37,37,37,1,0,0.72972972973,0.243243243243,0.027027027027,37,0.0968468468468,1.31981981982,6.97297297297,12.9,4.03125,5.17733568593,0.742486125502,0.36853132202,6.33605915737,1.8173192932,0.784412319296,2.23136258349,0.64000322162,0.358265241986,0.567072809762,0.429659262004,2,1.3287037037,0.57249954753,2,0,0,0,0,0.266007444684,37,36,36,0.972972972973,0,0.702702702703,0.162162162162,0.108108108108,37,133,0.0998498498498,1.32046332046,7.18918918919,13.3,4.15625,5.34289683098,0.743184897543,0.368217841902,6.36160121117,1.76976875799,0.775858565332,2.12732825994,0.591813124945,0.33042064621,0.56884874529,0.430794810029,2,1.32936507937,0.574298349383,2,0,0,0,0,0.278705857382,37,36,36,0.972972972973,0,0.702702702703,0.162162162162,0.108108108108,-83,-0.0623123123123,-0.003861003861,-4.48648648649,-8.3,-1.84375,-2.85620221862,0.0409472474611,0.058157781842,-3.96773541783,0.000391650249566,0.010593300067,-0.959503210767,0.0630503267224,0.0776678934574,-0.0110963696449,-0.00712292981926,0,0.00504075504075,-0.00564676555122,0,-0.0121701261701,-0.00597269624573,-7,-0.000900900900901,-0.342490723814,-0.027027027027,-0.0810810810811,0.0810810810811,133,0,83,1116,0.615740740741,1,0,0.384259259259,1,0.615740740741,0.76217765043,0.757044573298,0.615740740741,0.615740740741,4,87,0,0,0,0
2406,WLNM_dir_neg,0.994384991412,0.954309148156,00:00:02,10,60,18,1236052742,threshold_sweep,0.3,1,0.0459770114943,0.0879120879121,4,0,83,174,0.0459770114943,1,0,0.954022988506,1,0.0459770114943,0.0879120879121,0.681992337165,0.661558109834,0.0603773584906,0.176432436556,0.0459770114943,216,129,87,0,216,0,129,0,87,37,216,0.162162162162,1.32432432432,11.6756756757,21.6,6,8.1990990496,0.702237650082,0.31006006006,10.329336629,1.76937710775,0.765265265265,3.0868314707,0.528762798222,0.252752752753,0.579945114934,0.437917739848,2,1.32432432432,0.579945114934,2,0.0121701261701,0.00597269624573,7,0.000900900900901,0.621196581197,37,37,37,1,0,0.72972972973,0.243243243243,0.027027027027,37,0.0968468468468,1.31981981982,6.97297297297,12.9,4.03125,5.17733568593,0.742486125502,0.36853132202,6.33605915737,1.8173192932,0.784412319296,2.23136258349,0.64000322162,0.358265241986,0.567072809762,0.429659262004,2,1.3287037037,0.57249954753,2,0,0,0,0,0.266007444684,37,36,36,0.972972972973,0,0.702702702703,0.162162162162,0.108108108108,37,133,0.0998498498498,1.32046332046,7.18918918919,13.3,4.15625,5.34289683098,0.743184897543,0.368217841902,6.36160121117,1.76976875799,0.775858565332,2.12732825994,0.591813124945,0.33042064621,0.56884874529,0.430794810029,2,1.32936507937,0.574298349383,2,0,0,0,0,0.278705857382,37,36,36,0.972972972973,0,0.702702702703,0.162162162162,0.108108108108,-83,-0.0623123123123,-0.003861003861,-4.48648648649,-8.3,-1.84375,-2.85620221862,0.0409472474611,0.058157781842,-3.96773541783,0.000391650249566,0.010593300067,-0.959503210767,0.0630503267224,0.0776678934574,-0.0110963696449,-0.00712292981926,0,0.00504075504075,-0.00564676555122,0,-0.0121701261701,-0.00597269624573,-7,-0.000900900900901,-0.342490723814,-0.027027027027,-0.0810810810811,0.0810810810811,133,0,83,1116,0.615740740741,1,0,0.384259259259,1,0.615740740741,0.76217765043,0.757044573298,0.615740740741,0.615740740741,4,87,0,0,0,0
2407,WLNM_dir_neg,0.994384991412,0.954309148156,00:00:02,10,60,18,1236052742,threshold_sweep,0.4,1,0.0459770114943,0.0879120879121,4,0,83,174,0.0459770114943,1,0,0.954022988506,1,0.0459770114943,0.0879120879121,0.681992337165,0.661558109834,0.0603773584906,0.176432436556,0.0459770114943,216,129,87,0,216,0,129,0,87,37,216,0.162162162162,1.32432432432,11.6756756757,21.6,6,8.1990990496,0.702237650082,0.31006006006,10.329336629,1.76937710775,0.765265265265,3.0868314707,0.528762798222,0.252752752753,0.579945114934,0.437917739848,2,1.32432432432,0.579945114934,2,0.0121701261701,0.00597269624573,7,0.000900900900901,0.621196581197,37,37,37,1,0,0.72972972973,0.243243243243,0.027027027027,37,0.0968468468468,1.31981981982,6.97297297297,12.9,4.03125,5.17733568593,0.742486125502,0.36853132202,6.33605915737,1.8173192932,0.784412319296,2.23136258349,0.64000322162,0.358265241986,0.567072809762,0.429659262004,2,1.3287037037,0.57249954753,2,0,0,0,0,0.266007444684,37,36,36,0.972972972973,0,0.702702702703,0.162162162162,0.108108108108,37,133,0.0998498498498,1.32046332046,7.18918918919,13.3,4.15625,5.34289683098,0.743184897543,0.368217841902,6.36160121117,1.76976875799,0.775858565332,2.12732825994,0.591813124945,0.33042064621,0.56884874529,0.430794810029,2,1.32936507937,0.574298349383,2,0,0,0,0,0.278705857382,37,36,36,0.972972972973,0,0.702702702703,0.162162162162,0.108108108108,-83,-0.0623123123123,-0.003861003861,-4.48648648649,-8.3,-1.84375,-2.85620221862,0.0409472474611,0.058157781842,-3.96773541783,0.000391650249566,0.010593300067,-0.959503210767,0.0630503267224,0.0776678934574,-0.0110963696449,-0.00712292981926,0,0.00504075504075,-0.00564676555122,0,-0.0121701261701,-0.00597269624573,-7,-0.000900900900901,-0.342490723814,-0.027027027027,-0.0810810810811,0.0810810810811,133,0,83,1116,0.615740740741,1,0,0.384259259259,1,0.615740740741,0.76217765043,0.757044573298,0.615740740741,0.615740740741,4,87,0,0,0,0
2408,WLNM_dir_neg,0.994384991412,0.954309148156,00:00:02,10,60,18,1236052742,threshold_sweep,0.5,1,0.0459770114943,0.0879120879121,4,0,83,174,0.0459770114943,1,0,0.954022988506,1,0.0459770114943,0.0879120879121,0.681992337165,0.661558109834,0.0603773584906,0.176432436556,0.0459770114943,216,129,87,0,216,0,129,0,87,37,216,0.162162162162,1.32432432432,11.6756756757,21.6,6,8.1990990496,0.702237650082,0.31006006006,10.329336629,1.76937710775,0.765265265265,3.0868314707,0.528762798222,0.252752752753,0.579945114934,0.437917739848,2,1.32432432432,0.579945114934,2,0.0121701261701,0.00597269624573,7,0.000900900900901,0.621196581197,37,37,37,1,0,0.72972972973,0.243243243243,0.027027027027,37,0.0968468468468,1.31981981982,6.97297297297,12.9,4.03125,5.17733568593,0.742486125502,0.36853132202,6.33605915737,1.8173192932,0.784412319296,2.23136258349,0.64000322162,0.358265241986,0.567072809762,0.429659262004,2,1.3287037037,0.57249954753,2,0,0,0,0,0.266007444684,37,36,36,0.972972972973,0,0.702702702703,0.162162162162,0.108108108108,37,133,0.0998498498498,1.32046332046,7.18918918919,13.3,4.15625,5.34289683098,0.743184897543,0.368217841902,6.36160121117,1.76976875799,0.775858565332,2.12732825994,0.591813124945,0.33042064621,0.56884874529,0.430794810029,2,1.32936507937,0.574298349383,2,0,0,0,0,0.278705857382,37,36,36,0.972972972973,0,0.702702702703,0.162162162162,0.108108108108,-83,-0.0623123123123,-0.003861003861,-4.48648648649,-8.3,-1.84375,-2.85620221862,0.0409472474611,0.058157781842,-3.96773541783,0.000391650249566,0.010593300067,-0.959503210767,0.0630503267224,0.0776678934574,-0.0110963696449,-0.00712292981926,0,0.00504075504075,-0.00564676555122,0,-0.0121701261701,-0.00597269624573,-7,-0.000900900900901,-0.342490723814,-0.027027027027,-0.0810810810811,0.0810810810811,133,0,83,1116,0.615740740741,1,0,0.384259259259,1,0.615740740741,0.76217765043,0.757044573298,0.615740740741,0.615740740741,4,87,0,0,0,0
2409,WLNM_dir_neg,0.994384991412,0.954309148156,00:00:02,10,60,18,1236052742,threshold_sweep,0.6,1,0.0459770114943,0.0879120879121,4,0,83,174,0.0459770114943,1,0,0.954022988506,1,0.0459770114943,0.0879120879121,0.681992337165,0.661558109834,0.0603773584906,0.176432436556,0.0459770114943,216,129,87,0,216,0,129,0,87,37,216,0.162162162162,1.32432432432,11.6756756757,21.6,6,8.1990990496,0.702237650082,0.31006006006,10.329336629,1.76937710775,0.765265265265,3.0868314707,0.528762798222,0.252752752753,0.579945114934,0.437917739848,2,1.32432432432,0.579945114934,2,0.0121701261701,0.00597269624573,7,0.000900900900901,0.621196581197,37,37,37,1,0,0.72972972973,0.243243243243,0.027027027027,37,0.0968468468468,1.31981981982,6.97297297297,12.9,4.03125,5.17733568593,0.742486125502,0.36853132202,6.33605915737,1.8173192932,0.784412319296,2.23136258349,0.64000322162,0.358265241986,0.567072809762,0.429659262004,2,1.3287037037,0.57249954753,2,0,0,0,0,0.266007444684,37,36,36,0.972972972973,0,0.702702702703,0.162162162162,0.108108108108,37,133,0.0998498498498,1.32046332046,7.18918918919,13.3,4.15625,5.34289683098,0.743184897543,0.368217841902,6.36160121117,1.76976875799,0.775858565332,2.12732825994,0.591813124945,0.33042064621,0.56884874529,0.430794810029,2,1.32936507937,0.574298349383,2,0,0,0,0,0.278705857382,37,36,36,0.972972972973,0,0.702702702703,0.162162162162,0.108108108108,-83,-0.0623123123123,-0.003861003861,-4.48648648649,-8.3,-1.84375,-2.85620221862,0.0409472474611,0.058157781842,-3.96773541783,0.000391650249566,0.010593300067,-0.959503210767,0.0630503267224,0.0776678934574,-0.0110963696449,-0.00712292981926,0,0.00504075504075,-0.00564676555122,0,-0.0121701261701,-0.00597269624573,-7,-0.000900900900901,-0.342490723814,-0.027027027027,-0.0810810810811,0.0810810810811,133,0,83,1116,0.615740740741,1,0,0.384259259259,1,0.615740740741,0.76217765043,0.757044573298,0.615740740741,0.615740740741,4,87,0,0,0,0
2410,WLNM_dir_neg,0.994384991412,0.954309148156,00:00:02,10,60,18,1236052742,threshold_sweep,0.7,1,0.0459770114943,0.0879120879121,4,0,83,174,0.0459770114943,1,0,0.954022988506,1,0.0459770114943,0.0879120879121,0.681992337165,0.661558109834,0.0603773584906,0.176432436556,0.0459770114943,216,129,87,0,216,0,129,0,87,37,216,0.162162162162,1.32432432432,11.6756756757,21.6,6,8.1990990496,0.702237650082,0.31006006006,10.329336629,1.76937710775,0.765265265265,3.0868314707,0.528762798222,0.252752752753,0.579945114934,0.437917739848,2,1.32432432432,0.579945114934,2,0.0121701261701,0.00597269624573,7,0.000900900900901,0.621196581197,37,37,37,1,0,0.72972972973,0.243243243243,0.027027027027,37,0.0968468468468,1.31981981982,6.97297297297,12.9,4.03125,5.17733568593,0.742486125502,0.36853132202,6.33605915737,1.8173192932,0.784412319296,2.23136258349,0.64000322162,0.358265241986,0.567072809762,0.429659262004,2,1.3287037037,0.57249954753,2,0,0,0,0,0.266007444684,37,36,36,0.972972972973,0,0.702702702703,0.162162162162,0.108108108108,37,133,0.0998498498498,1.32046332046,7.18918918919,13.3,4.15625,5.34289683098,0.743184897543,0.368217841902,6.36160121117,1.76976875799,0.775858565332,2.12732825994,0.591813124945,0.33042064621,0.56884874529,0.430794810029,2,1.32936507937,0.574298349383,2,0,0,0,0,0.278705857382,37,36,36,0.972972972973,0,0.702702702703,0.162162162162,0.108108108108,-83,-0.0623123123123,-0.003861003861,-4.48648648649,-8.3,-1.84375,-2.85620221862,0.0409472474611,0.058157781842,-3.96773541783,0.000391650249566,0.010593300067,-0.959503210767,0.0630503267224,0.0776678934574,-0.0110963696449,-0.00712292981926,0,0.00504075504075,-0.00564676555122,0,-0.0121701261701,-0.00597269624573,-7,-0.000900900900901,-0.342490723814,-0.027027027027,-0.0810810810811,0.0810810810811,133,0,83,1116,0.615740740741,1,0,0.384259259259,1,0.615740740741,0.76217765043,0.757044573298,0.615740740741,0.615740740741,4,87,0,0,0,0
2411,WLNM_dir_neg,0.994384991412,0.954309148156,00:00:02,10,60,18,1236052742,threshold_sweep,0.8,1,0.0459770114943,0.0879120879121,4,0,83,174,0.0459770114943,1,0,0.954022988506,1,0.0459770114943,0.0879120879121,0.681992337165,0.661558109834,0.0603773584906,0.176432436556,0.0459770114943,216,129,87,0,216,0,129,0,87,37,216,0.162162162162,1.32432432432,11.6756756757,21.6,6,8.1990990496,0.702237650082,0.31006006006,10.329336629,1.76937710775,0.765265265265,3.0868314707,0.528762798222,0.252752752753,0.579945114934,0.437917739848,2,1.32432432432,0.579945114934,2,0.0121701261701,0.00597269624573,7,0.000900900900901,0.621196581197,37,37,37,1,0,0.72972972973,0.243243243243,0.027027027027,37,0.0968468468468,1.31981981982,6.97297297297,12.9,4.03125,5.17733568593,0.742486125502,0.36853132202,6.33605915737,1.8173192932,0.784412319296,2.23136258349,0.64000322162,0.358265241986,0.567072809762,0.429659262004,2,1.3287037037,0.57249954753,2,0,0,0,0,0.266007444684,37,36,36,0.972972972973,0,0.702702702703,0.162162162162,0.108108108108,37,133,0.0998498498498,1.32046332046,7.18918918919,13.3,4.15625,5.34289683098,0.743184897543,0.368217841902,6.36160121117,1.76976875799,0.775858565332,2.12732825994,0.591813124945,0.33042064621,0.56884874529,0.430794810029,2,1.32936507937,0.574298349383,2,0,0,0,0,0.278705857382,37,36,36,0.972972972973,0,0.702702702703,0.162162162162,0.108108108108,-83,-0.0623123123123,-0.003861003861,-4.48648648649,-8.3,-1.84375,-2.85620221862,0.0409472474611,0.058157781842,-3.96773541783,0.000391650249566,0.010593300067,-0.959503210767,0.0630503267224,0.0776678934574,-0.0110963696449,-0.00712292981926,0,0.00504075504075,-0.00564676555122,0,-0.0121701261701,-0.00597269624573,-7,-0.000900900900901,-0.342490723814,-0.027027027027,-0.0810810810811,0.0810810810811,133,0,83,1116,0.615740740741,1,0,0.384259259259,1,0.615740740741,0.76217765043,0.757044573298,0.615740740741,0.615740740741,4,87,0,0,0,0
2412,WLNM_dir_neg,0.994384991412,0.954309148156,00:00:02,10,60,18,1236052742,threshold_sweep,0.9,1,0.0459770114943,0.0879120879121,4,0,83,174,0.0459770114943,1,0,0.954022988506,1,0.0459770114943,0.0879120879121,0.681992337165,0.661558109834,0.0603773584906,0.176432436556,0.0459770114943,216,129,87,0,216,0,129,0,87,37,216,0.162162162162,1.32432432432,11.6756756757,21.6,6,8.1990990496,0.702237650082,0.31006006006,10.329336629,1.76937710775,0.765265265265,3.0868314707,0.528762798222,0.252752752753,0.579945114934,0.437917739848,2,1.32432432432,0.579945114934,2,0.0121701261701,0.00597269624573,7,0.000900900900901,0.621196581197,37,37,37,1,0,0.72972972973,0.243243243243,0.027027027027,37,0.0968468468468,1.31981981982,6.97297297297,12.9,4.03125,5.17733568593,0.742486125502,0.36853132202,6.33605915737,1.8173192932,0.784412319296,2.23136258349,0.64000322162,0.358265241986,0.567072809762,0.429659262004,2,1.3287037037,0.57249954753,2,0,0,0,0,0.266007444684,37,36,36,0.972972972973,0,0.702702702703,0.162162162162,0.108108108108,37,133,0.0998498498498,1.32046332046,7.18918918919,13.3,4.15625,5.34289683098,0.743184897543,0.368217841902,6.36160121117,1.76976875799,0.775858565332,2.12732825994,0.591813124945,0.33042064621,0.56884874529,0.430794810029,2,1.32936507937,0.574298349383,2,0,0,0,0,0.278705857382,37,36,36,0.972972972973,0,0.702702702703,0.162162162162,0.108108108108,-83,-0.0623123123123,-0.003861003861,-4.48648648649,-8.3,-1.84375,-2.85620221862,0.0409472474611,0.058157781842,-3.96773541783,0.000391650249566,0.010593300067,-0.959503210767,0.0630503267224,0.0776678934574,-0.0110963696449,-0.00712292981926,0,0.00504075504075,-0.00564676555122,0,-0.0121701261701,-0.00597269624573,-7,-0.000900900900901,-0.342490723814,-0.027027027027,-0.0810810810811,0.0810810810811,133,0,83,1116,0.615740740741,1,0,0.384259259259,1,0.615740740741,0.76217765043,0.757044573298,0.615740740741,0.615740740741,4,87,0,0,0,0
2413,WLNM_dir_neg,0.989694807769,0.896927430054,00:00:02,10,60,19,1236052743,threshold_sweep,0.1,0.818181818182,0.103448275862,0.183673469388,9,2,78,172,0.103448275862,0.988505747126,0.0114942528736,0.896551724138,0.818181818182,0.103448275862,0.183673469388,0.693486590038,0.652618135377,0.117647058824,0.215743955988,0.0919540229885,216,129,87,0,216,0,129,0,87,37,216,0.162162162162,1.32432432432,11.6756756757,21.6,6,8.1990990496,0.702237650082,0.31006006006,10.329336629,1.76937710775,0.765265265265,3.0868314707,0.528762798222,0.252752752753,0.579945114934,0.437917739848,2,1.32432432432,0.579945114934,2,0.0121701261701,0.00597269624573,7,0.000900900900901,0.621196581197,37,37,37,1,0,0.72972972973,0.243243243243,0.027027027027,37,0.0968468468468,1.32432432432,6.97297297297,12.9,4.16129032258,5.18805511882,0.744023408513,0.369788393044,6.36230924893,1.82484838923,0.784831342971,2.25612280031,0.647104989237,0.36036036036,0.579945114934,0.437917739848,2,1.33333333333,0.585540043769,2,0,0,0,0,0.273035009937,37,36,36,0.972972972973,0,0.702702702703,0.135135135135,0.135135135135,37,140,0.105105105105,1.451836951,7.56756756757,11.6666666667,3.88888888889,5.52539863087,0.730141961937,0.364671814672,6.4426320326,1.70269560862,0.762162162162,1.88760776197,0.498867765664,0.277606177606,0.715026896749,0.492498070295,2.11111111111,1.451836951,0.715026896749,2.11111111111,0.0131911145025,0.0145027624309,7,0.000900900900901,0.192870190758,37,37,37,1,0,0.675675675676,0.297297297297,0.027027027027,-76,-0.0570570570571,0.127512626672,-4.10810810811,-9.93333333333,-2.11111111111,-2.67370041873,0.0279043118546,0.0546117546118,-3.8867045964,-0.0666814991291,-0.0031031031031,-1.19922370873,-0.029895032558,0.0248534248534,0.135081781814,0.0545803304464,0.111111111111,0.127512626672,0.135081781814,0.111111111111,0.00102098833235,0.00853006618521,0,0,-0.428326390438,-0.0540540540541,0.0540540540541,0,138,2,78,1114,0.638888888889,0.998207885305,0.00179211469534,0.361111111111,0.985714285714,0.638888888889,0.775280898876,0.765706323116,0.637096774194,0.633027522936,11,87,0,0,0,0
2414,WLNM_dir_neg,0.989694807769,0.896927430054,00:00:02,10,60,19,1236052743,threshold_sweep,0.2,0.9,0.103448275862,0.185567010309,9,1,78,173,0.103448275862,0.994252873563,0.00574712643678,0.896551724138,0.9,0.103448275862,0.185567010309,0.697318007663,0.653895274585,0.125461254613,0.239936910698,0.0977011494253,216,129,87,0,216,0,129,0,87,37,216,0.162162162162,1.32432432432,11.6756756757,21.6,6,8.1990990496,0.702237650082,0.31006006006,10.329336629,1.76937710775,0.765265265265,3.0868314707,0.528762798222,0.252752752753,0.579945114934,0.437917739848,2,1.32432432432,0.579945114934,2,0.0121701261701,0.00597269624573,7,0.000900900900901,0.621196581197,37,37,37,1,0,0.72972972973,0.243243243243,0.027027027027,37,0.0968468468468,1.32432432432,6.97297297297,12.9,4.16129032258,5.18805511882,0.744023408513,0.369788393044,6.36230924893,1.82484838923,0.784831342971,2.25612280031,0.647104989237,0.36036036036,0.579945114934,0.437917739848,2,1.33333333333,0.585540043769,2,0,0,0,0,0.273035009937,37,36,36,0.972972972973,0,0.702702702703,0.135135135135,0.135135135135,37,139,0.104354354354,1.39147659064,7.51351351351,12.6363636364,3.86111111111,5.49050504468,0.730750671414,0.367100913864,6.45671659508,1.71869434545,0.764923196578,1.92072621401,0.511272445456,0.285047637566,0.657266644889,0.472351924073,2.05507202881,1.39147659064,0.657266644889,2.05507202881,0.0131911145025,0.0145027624309,7,0.000900900900901,0.229626047092,37,37,37,1,0,0.702702702703,0.27027027027,0.027027027027,-77,-0.0578078078078,0.0671522663119,-4.16216216216,-8.96363636364,-2.13888888889,-2.70859400493,0.0285130213322,0.0570408538034,-3.87262003392,-0.0506827622922,-0.000342068687393,-1.16610525669,-0.0174903527663,0.0322948848129,0.0773215299549,0.0344341842244,0.0550720288115,0.0671522663119,0.0773215299549,0.0550720288115,0.00102098833235,0.00853006618521,0,0,-0.391570534105,-0.027027027027,0.027027027027,0,138,1,78,1115,0.638888888889,0.999103942652,0.00089605734767,0.361111111111,0.992805755396,0.638888888889,0.777464788732,0.769213946827,0.637992831541,0.635944700461,10,87,0,0,0,0
2415,WLNM_dir_neg,0.989694807769,0.896927430054,00:00:02,10,60,19,1236052743,threshold_sweep,0.3,0.9,0.103448275862,0.185567010309,9,1,78,173,0.103448275862,0.994252873563,0.00574712643678,0.896551724138,0.9,0.103448275862,0.185567010309,0.697318007663,0.653895274585,0.125461254613,0.239936910698,0.0977011494253,216,129,87,0,216,0,129,0,87,37,216,0.162162162162,1.32432432432,11.6756756757,21.6,6,8.1990990496,0.702237650082,0.31006006006,10.329336629,1.76937710775,0.765265265265,3.0868314707,0.528762798222,0.252752752753,0.579945114934,0.437917739848,2,1.32432432432,0.579945114934,2,0.0121701261701,0.00597269624573,7,0.000900900900901,0.621196581197,37,37,37,1,0,0.72972972973,0.243243243243,0.027027027027,37,0.0968468468468,1.32432432432,6.97297297297,12.9,4.16129032258,5.18805511882,0.744023408513,0.369788393044,6.36230924893,1.82484838923,0.784831342971,2.25612280031,0.647104989237,0.36036036036,0.579945114934,0.437917739848,2,1.33333333333,0.585540043769,2,0,0,0,0,0.273035009937,37,36,36,0.972972972973,0,0.702702702703,0.135135135135,0.135135135135,37,139,0.104354354354,1.39147659064,7.51351351351,12.6363636364,3.86111111111,5.49050504468,0.730750671414,0.367100913864,6.45671659508,1.71869434545,0.764923196578,1.92072621401,0.511272445456,0.285047637566,0.657266644889,0.472351924073,2.05507202881,1.39147659064,0.657266644889,2.05507202881,0.0131911145025,0.0145027624309,7,0.000900900900901,0.229626047092,37,37,37,1,0,0.702702702703,0.27027027027,0.027027027027,-77,-0.0578078078078,0.0671522663119,-4.16216216216,-8.96363636364,-2.13888888889,-2.70859400493,0.0285130213322,0.0570408538034,-3.87262003392,-0.0506827622922,-0.000342068687393,-1.16610525669,-0.0174903527663,0.0322948848129,0.0773215299549,0.0344341842244,0.0550720288115,0.0671522663119,0.0773215299549,0.0550720288115,0.00102098833235,0.00853006618521,0,0,-0.391570534105,-0.027027027027,0.027027027027,0,138,1,78,1115,0.638888888889,0.999103942652,0.00089605734767,0.361111111111,0.992805755396,0.638888888889,0.777464788732,0.769213946827,0.637992831541,0.635944700461,10,87,0,0,0,0
2416,WLNM_dir_neg,0.989694807769,0.896927430054,00:00:02,10,60,19,1236052743,threshold_sweep,0.4,1,0.103448275862,0.1875,9,0,78,174,0.103448275862,1,0,0.896551724138,1,0.103448275862,0.1875,0.701149425287,0.655172413793,0.133333333333,0.267261241912,0.103448275862,216,129,87,0,216,0,129,0,87,37,216,0.162162162162,1.32432432432,11.6756756757,21.6,6,8.1990990496,0.702237650082,0.31006006006,10.329336629,1.76937710775,0.765265265265,3.0868314707,0.528762798222,0.252752752753,0.579945114934,0.437917739848,2,1.32432432432,0.579945114934,2,0.0121701261701,0.00597269624573,7,0.000900900900901,0.621196581197,37,37,37,1,0,0.72972972973,0.243243243243,0.027027027027,37,0.0968468468468,1.32432432432,6.97297297297,12.9,4.16129032258,5.18805511882,0.744023408513,0.369788393044,6.36230924893,1.82484838923,0.784831342971,2.25612280031,0.647104989237,0.36036036036,0.579945114934,0.437917739848,2,1.33333333333,0.585540043769,2,0,0,0,0,0.273035009937,37,36,36,0.972972972973,0,0.702702702703,0.135135135135,0.135135135135,37,138,0.103603603604,1.32432432432,7.45945945946,13.8,3.83333333333,5.45992772945,0.731946833296,0.369761065413,6.47065447767,1.73488562082,0.767332549941,1.93862277358,0.519775671178,0.28946337642,0.579945114934,0.437917739848,2,1.32432432432,0.579945114934,2,0.0132144571729,0.0147058823529,7,0.000900900900901,0.27525723216,37,37,37,1,0,0.72972972973,0.243243243243,0.027027027027,-78,-0.0585585585586,0,-4.21621621622,-7.8,-2.16666666667,-2.73917132016,0.0297091832139,0.0597010053532,-3.85868215133,-0.0344914869212,0.00206728467598,-1.14820869712,-0.00898712704414,0.0367106236671,0,0,0,0,0,0,0.00104433100276,0.00873318610721,0,0,-0.345939349037,0,0,0,138,0,78,1116,0.638888888889,1,0,0.361111111111,1,0.638888888889,0.779661016949,0.772756383869,0.638888888889,0.638888888889,9,87,0,0,0,0
2417,WLNM_dir_neg,0.989694807769,0.896927430054,00:00:02,10,60,19,1236052743,threshold_sweep,0.5,1,0.0689655172414,0.129032258065,6,0,81,174,0.0689655172414,1,0,0.931034482759,1,0.0689655172414,0.129032258065,0.689655172414,0.659003831418,0.0898876404494,0.216930457819,0.0689655172414,216,129,87,0,216,0,129,0,87,37,216,0.162162162162,1.32432432432,11.6756756757,21.6,6,8.1990990496,0.702237650082,0.31006006006,10.329336629,1.76937710775,0.765265265265,3.0868314707,0.528762798222,0.252752752753,0.579945114934,0.437917739848,2,1.32432432432,0.579945114934,2,0.0121701261701,0.00597269624573,7,0.000900900900901,0.621196581197,37,37,37,1,0,0.72972972973,0.243243243243,0.027027027027,37,0.0968468468468,1.32432432432,6.97297297297,12.9,4.16129032258,5.18805511882,0.744023408513,0.369788393044,6.36230924893,1.82484838923,0.784831342971,2.25612280031,0.647104989237,0.36036036036,0.579945114934,0.437917739848,2,1.33333333333,0.585540043769,2,0,0,0,0,0.273035009937,37,36,36,0.972972972973,0,0.702702702703,0.135135135135,0.135135135135,37,135,0.101351351351,1.32432432432,7.2972972973,13.5,3.75,5.32220121997,0.729338685699,0.365565565566,6.44729149082,1.76703544563,0.773573573574,2.03054749344,0.556520424129,0.31031031031,0.579945114934,0.437917739848,2,1.32432432432,0.579945114934,2,0.0150034885749,0.00882352941176,4,0.000514800514801,0.268590565493,37,37,37,1,0,0.72972972973,0.243243243243,0.027027027027,-81,-0.0608108108108,0,-4.37837837838,-8.1,-2.25,-2.87689782964,0.0271010356174,0.0555055055055,-3.88204513818,-0.00234166211386,0.00830830830831,-1.05628397726,0.0277576259061,0.0575575575576,0,0,0,0,0,0,0.00283336240479,0.00285083316603,-3,-0.0003861003861,-0.352606015704,0,0,0,135,0,81,1116,0.625,1,0,0.375,1,0.625,0.769230769231,0.763352321616,0.625,0.625,6,87,0,0,0,0
2418,WLNM_dir_neg,0.989694807769,0.896927430054,00:00:02,10,60,19,1236052743,threshold_sweep,0.6,1,0.0689655172414,0.129032258065,6,0,81,174,0.0689655172414,1,0,0.931034482759,1,0.0689655172414,0.129032258065,0.689655172414,0.659003831418,0.0898876404494,0.216930457819,0.0689655172414,216,129,87,0,216,0,129,0,87,37,216,0.162162162162,1.32432432432,11.6756756757,21.6,6,8.1990990496,0.702237650082,0.31006006006,10.329336629,1.76937710775,0.765265265265,3.0868314707,0.528762798222,0.252752752753,0.579945114934,0.437917739848,2,1.32432432432,0.579945114934,2,0.0121701261701,0.00597269624573,7,0.000900900900901,0.621196581197,37,37,37,1,0,0.72972972973,0.243243243243,0.027027027027,37,0.0968468468468,1.32432432432,6.97297297297,12.9,4.16129032258,5.18805511882,0.744023408513,0.369788393044,6.36230924893,1.82484838923,0.784831342971,2.25612280031,0.647104989237,0.36036036036,0.579945114934,0.437917739848,2,1.33333333333,0.585540043769,2,0,0,0,0,0.273035009937,37,36,36,0.972972972973,0,0.702702702703,0.135135135135,0.135135135135,37,135,0.101351351351,1.32432432432,7.2972972973,13.5,3.75,5.32220121997,0.729338685699,0.365565565566,6.44729149082,1.76703544563,0.773573573574,2.03054749344,0.556520424129,0.31031031031,0.579945114934,0.437917739848,2,1.32432432432,0.579945114934,2,0.0150034885749,0.00882352941176,4,0.000514800514801,0.268590565493,37,37,37,1,0,0.72972972973,0.243243243243,0.027027027027,-81,-0.0608108108108,0,-4.37837837838,-8.1,-2.25,-2.87689782964,0.0271010356174,0.0555055055055,-3.88204513818,-0.00234166211386,0.00830830830831,-1.05628397726,0.0277576259061,0.0575575575576,0,0,0,0,0,0,0.00283336240479,0.00285083316603,-3,-0.0003861003861,-0.352606015704,0,0,0,135,0,81,1116,0.625,1,0,0.375,1,0.625,0.769230769231,0.763352321616,0.625,0.625,6,87,0,0,0,0
2419,WLNM_dir_neg,0.989694807769,0.896927430054,00:00:02,10,60,19,1236052743,threshold_sweep,0.7,1,0.0689655172414,0.129032258065,6,0,81,174,0.0689655172414,1,0,0.931034482759,1,0.0689655172414,0.129032258065,0.689655172414,0.659003831418,0.0898876404494,0.216930457819,0.0689655172414,216,129,87,0,216,0,129,0,87,37,216,0.162162162162,1.32432432432,11.6756756757,21.6,6,8.1990990496,0.702237650082,0.31006006006,10.329336629,1.76937710775,0.765265265265,3.0868314707,0.528762798222,0.252752752753,0.579945114934,0.437917739848,2,1.32432432432,0.579945114934,2,0.0121701261701,0.00597269624573,7,0.000900900900901,0.621196581197,37,37,37,1,0,0.72972972973,0.243243243243,0.027027027027,37,0.0968468468468,1.32432432432,6.97297297297,12.9,4.16129032258,5.18805511882,0.744023408513,0.369788393044,6.36230924893,1.82484838923,0.784831342971,2.25612280031,0.647104989237,0.36036036036,0.579945114934,0.437917739848,2,1.33333333333,0.585540043769,2,0,0,0,0,0.273035009937,37,36,36,0.972972972973,0,0.702702702703,0.135135135135,0.135135135135,37,135,0.101351351351,1.32432432432,7.2972972973,13.5,3.75,5.32220121997,0.729338685699,0.365565565566,6.44729149082,1.76703544563,0.773573573574,2.03054749344,0.556520424129,0.31031031031,0.579945114934,0.437917739848,2,1.32432432432,0.579945114934,2,0.0150034885749,0.00882352941176,4,0.000514800514801,0.268590565493,37,37,37,1,0,0.72972972973,0.243243243243,0.027027027027,-81,-0.0608108108108,0,-4.37837837838,-8.1,-2.25,-2.87689782964,0.0271010356174,0.0555055055055,-3.88204513818,-0.00234166211386,0.00830830830831,-1.05628397726,0.0277576259061,0.0575575575576,0,0,0,0,0,0,0.00283336240479,0.00285083316603,-3,-0.0003861003861,-0.352606015704,0,0,0,135,0,81,1116,0.625,1,0,0.375,1,0.625,0.769230769231,0.763352321616,0.625,0.625,6,87,0,0,0,0
2420,WLNM_dir_neg,0.989694807769,0.896927430054,00:00:02,10,60,19,1236052743,threshold_sweep,0.8,1,0.0689655172414,0.129032258065,6,0,81,174,0.0689655172414,1,0,0.931034482759,1,0.0689655172414,0.129032258065,0.689655172414,0.659003831418,0.0898876404494,0.216930457819,0.0689655172414,216,129,87,0,216,0,129,0,87,37,216,0.162162162162,1.32432432432,11.6756756757,21.6,6,8.1990990496,0.702237650082,0.31006006006,10.329336629,1.76937710775,0.765265265265,3.0868314707,0.528762798222,0.252752752753,0.579945114934,0.437917739848,2,1.32432432432,0.579945114934,2,0.0121701261701,0.00597269624573,7,0.000900900900901,0.621196581197,37,37,37,1,0,0.72972972973,0.243243243243,0.027027027027,37,0.0968468468468,1.32432432432,6.97297297297,12.9,4.16129032258,5.18805511882,0.744023408513,0.369788393044,6.36230924893,1.82484838923,0.784831342971,2.25612280031,0.647104989237,0.36036036036,0.579945114934,0.437917739848,2,1.33333333333,0.585540043769,2,0,0,0,0,0.273035009937,37,36,36,0.972972972973,0,0.702702702703,0.135135135135,0.135135135135,37,135,0.101351351351,1.32432432432,7.2972972973,13.5,3.75,5.32220121997,0.729338685699,0.365565565566,6.44729149082,1.76703544563,0.773573573574,2.03054749344,0.556520424129,0.31031031031,0.579945114934,0.437917739848,2,1.32432432432,0.579945114934,2,0.0150034885749,0.00882352941176,4,0.000514800514801,0.268590565493,37,37,37,1,0,0.72972972973,0.243243243243,0.027027027027,-81,-0.0608108108108,0,-4.37837837838,-8.1,-2.25,-2.87689782964,0.0271010356174,0.0555055055055,-3.88204513818,-0.00234166211386,0.00830830830831,-1.05628397726,0.0277576259061,0.0575575575576,0,0,0,0,0,0,0.00283336240479,0.00285083316603,-3,-0.0003861003861,-0.352606015704,0,0,0,135,0,81,1116,0.625,1,0,0.375,1,0.625,0.769230769231,0.763352321616,0.625,0.625,6,87,0,0,0,0
2421,WLNM_dir_neg,0.989694807769,0.896927430054,00:00:02,10,60,19,1236052743,threshold_sweep,0.9,1,0.0689655172414,0.129032258065,6,0,81,174,0.0689655172414,1,0,0.931034482759,1,0.0689655172414,0.129032258065,0.689655172414,0.659003831418,0.0898876404494,0.216930457819,0.0689655172414,216,129,87,0,216,0,129,0,87,37,216,0.162162162162,1.32432432432,11.6756756757,21.6,6,8.1990990496,0.702237650082,0.31006006006,10.329336629,1.76937710775,0.765265265265,3.0868314707,0.528762798222,0.252752752753,0.579945114934,0.437917739848,2,1.32432432432,0.579945114934,2,0.0121701261701,0.00597269624573,7,0.000900900900901,0.621196581197,37,37,37,1,0,0.72972972973,0.243243243243,0.027027027027,37,0.0968468468468,1.32432432432,6.97297297297,12.9,4.16129032258,5.18805511882,0.744023408513,0.369788393044,6.36230924893,1.82484838923,0.784831342971,2.25612280031,0.647104989237,0.36036036036,0.579945114934,0.437917739848,2,1.33333333333,0.585540043769,2,0,0,0,0,0.273035009937,37,36,36,0.972972972973,0,0.702702702703,0.135135135135,0.135135135135,37,135,0.101351351351,1.32432432432,7.2972972973,13.5,3.75,5.32220121997,0.729338685699,0.365565565566,6.44729149082,1.76703544563,0.773573573574,2.03054749344,0.556520424129,0.31031031031,0.579945114934,0.437917739848,2,1.32432432432,0.579945114934,2,0.0150034885749,0.00882352941176,4,0.000514800514801,0.268590565493,37,37,37,1,0,0.72972972973,0.243243243243,0.027027027027,-81,-0.0608108108108,0,-4.37837837838,-8.1,-2.25,-2.87689782964,0.0271010356174,0.0555055055055,-3.88204513818,-0.00234166211386,0.00830830830831,-1.05628397726,0.0277576259061,0.0575575575576,0,0,0,0,0,0,0.00283336240479,0.00285083316603,-3,-0.0003861003861,-0.352606015704,0,0,0,135,0,81,1116,0.625,1,0,0.375,1,0.625,0.769230769231,0.763352321616,0.625,0.625,6,87,0,0,0,0
2422,WLNM_dir_neg,0.986457920465,0.877752515684,00:00:02,10,60,20,1236052744,threshold_sweep,0.1,1,0.0459770114943,0.0879120879121,4,0,83,174,0.0459770114943,1,0,0.954022988506,1,0.0459770114943,0.0879120879121,0.681992337165,0.661558109834,0.0603773584906,0.176432436556,0.0459770114943,216,129,87,0,216,0,129,0,87,37,216,0.162162162162,1.32432432432,11.6756756757,21.6,6,8.1990990496,0.702237650082,0.31006006006,10.329336629,1.76937710775,0.765265265265,3.0868314707,0.528762798222,0.252752752753,0.579945114934,0.437917739848,2,1.32432432432,0.579945114934,2,0.0121701261701,0.00597269624573,7,0.000900900900901,0.621196581197,37,37,37,1,0,0.72972972973,0.243243243243,0.027027027027,37,0.0968468468468,1.32882882883,6.97297297297,12.9,3.79411764706,5.13423415519,0.736304898225,0.365807668133,6.14465269619,1.76241976557,0.772260632726,2.00861507874,0.576114402429,0.32222920595,0.593803505044,0.446862298711,2.16666666667,1.33796296296,0.5995846593,2.16666666667,0.0138202298463,0.00963855421687,4,0.000514800514801,0.254222115427,37,36,36,0.972972972973,0,0.702702702703,0.216216216216,0.0540540540541,37,133,0.0998498498498,1.32432432432,7.18918918919,13.3,3.69444444444,5.24318519518,0.729315233916,0.366795366795,6.22476889111,1.73170262384,0.765291607397,1.86278554052,0.518218533829,0.289778500305,0.579945114934,0.437917739848,2,1.32432432432,0.579945114934,2,0.0132760121592,0.0136570561457,6,0.000772200772201,0.25644433765,37,37,37,1,0,0.72972972973,0.243243243243,0.027027027027,-83,-0.0623123123123,0,-4.48648648649,-8.3,-2.30555555556,-2.95591385442,0.0270775838346,0.0567353067353,-4.10456773789,-0.0376744839023,2.63421316051e-05,-1.22404593018,-0.0105442643936,0.0370257475521,0,0,0,0,0,0,0.00110588598912,0.00768435989994,-1,-0.0001287001287,-0.364752243547,0,0,0,133,0,83,1116,0.615740740741,1,0,0.384259259259,1,0.615740740741,0.76217765043,0.757044573298,0.615740740741,0.615740740741,4,87,0,0,0,0
2423,WLNM_dir_neg,0.986457920465,0.877752515684,00:00:02,10,60,20,1236052744,threshold_sweep,0.2,1,0.0459770114943,0.0879120879121,4,0,83,174,0.0459770114943,1,0,0.954022988506,1,0.0459770114943,0.0879120879121,0.681992337165,0.661558109834,0.0603773584906,0.176432436556,0.0459770114943,216,129,87,0,216,0,129,0,87,37,216,0.162162162162,1.32432432432,11.6756756757,21.6,6,8.1990990496,0.702237650082,0.31006006006,10.329336629,1.76937710775,0.765265265265,3.0868314707,0.528762798222,0.252752752753,0.579945114934,0.437917739848,2,1.32432432432,0.579945114934,2,0.0121701261701,0.00597269624573,7,0.000900900900901,0.621196581197,37,37,37,1,0,0.72972972973,0.243243243243,0.027027027027,37,0.0968468468468,1.32882882883,6.97297297297,12.9,3.79411764706,5.13423415519,0.736304898225,0.365807668133,6.14465269619,1.76241976557,0.772260632726,2.00861507874,0.576114402429,0.32222920595,0.593803505044,0.446862298711,2.16666666667,1.33796296296,0.5995846593,2.16666666667,0.0138202298463,0.00963855421687,4,0.000514800514801,0.254222115427,37,36,36,0.972972972973,0,0.702702702703,0.216216216216,0.0540540540541,37,133,0.0998498498498,1.32432432432,7.18918918919,13.3,3.69444444444,5.24318519518,0.729315233916,0.366795366795,6.22476889111,1.73170262384,0.765291607397,1.86278554052,0.518218533829,0.289778500305,0.579945114934,0.437917739848,2,1.32432432432,0.579945114934,2,0.0132760121592,0.0136570561457,6,0.000772200772201,0.25644433765,37,37,37,1,0,0.72972972973,0.243243243243,0.027027027027,-83,-0.0623123123123,0,-4.48648648649,-8.3,-2.30555555556,-2.95591385442,0.0270775838346,0.0567353067353,-4.10456773789,-0.0376744839023,2.63421316051e-05,-1.22404593018,-0.0105442643936,0.0370257475521,0,0,0,0,0,0,0.00110588598912,0.00768435989994,-1,-0.0001287001287,-0.364752243547,0,0,0,133,0,83,1116,0.615740740741,1,0,0.384259259259,1,0.615740740741,0.76217765043,0.757044573298,0.615740740741,0.615740740741,4,87,0,0,0,0
2424,WLNM_dir_neg,0.986457920465,0.877752515684,00:00:02,10,60,20,1236052744,threshold_sweep,0.3,1,0.0459770114943,0.0879120879121,4,0,83,174,0.0459770114943,1,0,0.954022988506,1,0.0459770114943,0.0879120879121,0.681992337165,0.661558109834,0.0603773584906,0.176432436556,0.0459770114943,216,129,87,0,216,0,129,0,87,37,216,0.162162162162,1.32432432432,11.6756756757,21.6,6,8.1990990496,0.702237650082,0.31006006006,10.329336629,1.76937710775,0.765265265265,3.0868314707,0.528762798222,0.252752752753,0.579945114934,0.437917739848,2,1.32432432432,0.579945114934,2,0.0121701261701,0.00597269624573,7,0.000900900900901,0.621196581197,37,37,37,1,0,0.72972972973,0.243243243243,0.027027027027,37,0.0968468468468,1.32882882883,6.97297297297,12.9,3.79411764706,5.13423415519,0.736304898225,0.365807668133,6.14465269619,1.76241976557,0.772260632726,2.00861507874,0.576114402429,0.32222920595,0.593803505044,0.446862298711,2.16666666667,1.33796296296,0.5995846593,2.16666666667,0.0138202298463,0.00963855421687,4,0.000514800514801,0.254222115427,37,36,36,0.972972972973,0,0.702702702703,0.216216216216,0.0540540540541,37,133,0.0998498498498,1.32432432432,7.18918918919,13.3,3.69444444444,5.24318519518,0.729315233916,0.366795366795,6.22476889111,1.73170262384,0.765291607397,1.86278554052,0.518218533829,0.289778500305,0.579945114934,0.437917739848,2,1.32432432432,0.579945114934,2,0.0132760121592,0.0136570561457,6,0.000772200772201,0.25644433765,37,37,37,1,0,0.72972972973,0.243243243243,0.027027027027,-83,-0.0623123123123,0,-4.48648648649,-8.3,-2.30555555556,-2.95591385442,0.0270775838346,0.0567353067353,-4.10456773789,-0.0376744839023,2.63421316051e-05,-1.22404593018,-0.0105442643936,0.0370257475521,0,0,0,0,0,0,0.00110588598912,0.00768435989994,-1,-0.0001287001287,-0.364752243547,0,0,0,133,0,83,1116,0.615740740741,1,0,0.384259259259,1,0.615740740741,0.76217765043,0.757044573298,0.615740740741,0.615740740741,4,87,0,0,0,0
2425,WLNM_dir_neg,0.986457920465,0.877752515684,00:00:02,10,60,20,1236052744,threshold_sweep,0.4,1,0.0459770114943,0.0879120879121,4,0,83,174,0.0459770114943,1,0,0.954022988506,1,0.0459770114943,0.0879120879121,0.681992337165,0.661558109834,0.0603773584906,0.176432436556,0.0459770114943,216,129,87,0,216,0,129,0,87,37,216,0.162162162162,1.32432432432,11.6756756757,21.6,6,8.1990990496,0.702237650082,0.31006006006,10.329336629,1.76937710775,0.765265265265,3.0868314707,0.528762798222,0.252752752753,0.579945114934,0.437917739848,2,1.32432432432,0.579945114934,2,0.0121701261701,0.00597269624573,7,0.000900900900901,0.621196581197,37,37,37,1,0,0.72972972973,0.243243243243,0.027027027027,37,0.0968468468468,1.32882882883,6.97297297297,12.9,3.79411764706,5.13423415519,0.736304898225,0.365807668133,6.14465269619,1.76241976557,0.772260632726,2.00861507874,0.576114402429,0.32222920595,0.593803505044,0.446862298711,2.16666666667,1.33796296296,0.5995846593,2.16666666667,0.0138202298463,0.00963855421687,4,0.000514800514801,0.254222115427,37,36,36,0.972972972973,0,0.702702702703,0.216216216216,0.0540540540541,37,133,0.0998498498498,1.32432432432,7.18918918919,13.3,3.69444444444,5.24318519518,0.729315233916,0.366795366795,6.22476889111,1.73170262384,0.765291607397,1.86278554052,0.518218533829,0.289778500305,0.579945114934,0.437917739848,2,1.32432432432,0.579945114934,2,0.0132760121592,0.0136570561457,6,0.000772200772201,0.25644433765,37,37,37,1,0,0.72972972973,0.243243243243,0.027027027027,-83,-0.0623123123123,0,-4.48648648649,-8.3,-2.30555555556,-2.95591385442,0.0270775838346,0.0567353067353,-4.10456773789,-0.0376744839023,2.63421316051e-05,-1.22404593018,-0.0105442643936,0.0370257475521,0,0,0,0,0,0,0.00110588598912,0.00768435989994,-1,-0.0001287001287,-0.364752243547,0,0,0,133,0,83,1116,0.615740740741,1,0,0.384259259259,1,0.615740740741,0.76217765043,0.757044573298,0.615740740741,0.615740740741,4,87,0,0,0,0
2426,WLNM_dir_neg,0.986457920465,0.877752515684,00:00:02,10,60,20,1236052744,threshold_sweep,0.5,1,0.0459770114943,0.0879120879121,4,0,83,174,0.0459770114943,1,0,0.954022988506,1,0.0459770114943,0.0879120879121,0.681992337165,0.661558109834,0.0603773584906,0.176432436556,0.0459770114943,216,129,87,0,216,0,129,0,87,37,216,0.162162162162,1.32432432432,11.6756756757,21.6,6,8.1990990496,0.702237650082,0.31006006006,10.329336629,1.76937710775,0.765265265265,3.0868314707,0.528762798222,0.252752752753,0.579945114934,0.437917739848,2,1.32432432432,0.579945114934,2,0.0121701261701,0.00597269624573,7,0.000900900900901,0.621196581197,37,37,37,1,0,0.72972972973,0.243243243243,0.027027027027,37,0.0968468468468,1.32882882883,6.97297297297,12.9,3.79411764706,5.13423415519,0.736304898225,0.365807668133,6.14465269619,1.76241976557,0.772260632726,2.00861507874,0.576114402429,0.32222920595,0.593803505044,0.446862298711,2.16666666667,1.33796296296,0.5995846593,2.16666666667,0.0138202298463,0.00963855421687,4,0.000514800514801,0.254222115427,37,36,36,0.972972972973,0,0.702702702703,0.216216216216,0.0540540540541,37,133,0.0998498498498,1.32432432432,7.18918918919,13.3,3.69444444444,5.24318519518,0.729315233916,0.366795366795,6.22476889111,1.73170262384,0.765291607397,1.86278554052,0.518218533829,0.289778500305,0.579945114934,0.437917739848,2,1.32432432432,0.579945114934,2,0.0132760121592,0.0136570561457,6,0.000772200772201,0.25644433765,37,37,37,1,0,0.72972972973,0.243243243243,0.027027027027,-83,-0.0623123123123,0,-4.48648648649,-8.3,-2.30555555556,-2.95591385442,0.0270775838346,0.0567353067353,-4.10456773789,-0.0376744839023,2.63421316051e-05,-1.22404593018,-0.0105442643936,0.0370257475521,0,0,0,0,0,0,0.00110588598912,0.00768435989994,-1,-0.0001287001287,-0.364752243547,0,0,0,133,0,83,1116,0.615740740741,1,0,0.384259259259,1,0.615740740741,0.76217765043,0.757044573298,0.615740740741,0.615740740741,4,87,0,0,0,0
2427,WLNM_dir_neg,0.986457920465,0.877752515684,00:00:02,10,60,20,1236052744,threshold_sweep,0.6,1,0.0459770114943,0.0879120879121,4,0,83,174,0.0459770114943,1,0,0.954022988506,1,0.0459770114943,0.0879120879121,0.681992337165,0.661558109834,0.0603773584906,0.176432436556,0.0459770114943,216,129,87,0,216,0,129,0,87,37,216,0.162162162162,1.32432432432,11.6756756757,21.6,6,8.1990990496,0.702237650082,0.31006006006,10.329336629,1.76937710775,0.765265265265,3.0868314707,0.528762798222,0.252752752753,0.579945114934,0.437917739848,2,1.32432432432,0.579945114934,2,0.0121701261701,0.00597269624573,7,0.000900900900901,0.621196581197,37,37,37,1,0,0.72972972973,0.243243243243,0.027027027027,37,0.0968468468468,1.32882882883,6.97297297297,12.9,3.79411764706,5.13423415519,0.736304898225,0.365807668133,6.14465269619,1.76241976557,0.772260632726,2.00861507874,0.576114402429,0.32222920595,0.593803505044,0.446862298711,2.16666666667,1.33796296296,0.5995846593,2.16666666667,0.0138202298463,0.00963855421687,4,0.000514800514801,0.254222115427,37,36,36,0.972972972973,0,0.702702702703,0.216216216216,0.0540540540541,37,133,0.0998498498498,1.32432432432,7.18918918919,13.3,3.69444444444,5.24318519518,0.729315233916,0.366795366795,6.22476889111,1.73170262384,0.765291607397,1.86278554052,0.518218533829,0.289778500305,0.579945114934,0.437917739848,2,1.32432432432,0.579945114934,2,0.0132760121592,0.0136570561457,6,0.000772200772201,0.25644433765,37,37,37,1,0,0.72972972973,0.243243243243,0.027027027027,-83,-0.0623123123123,0,-4.48648648649,-8.3,-2.30555555556,-2.95591385442,0.0270775838346,0.0567353067353,-4.10456773789,-0.0376744839023,2.63421316051e-05,-1.22404593018,-0.0105442643936,0.0370257475521,0,0,0,0,0,0,0.00110588598912,0.00768435989994,-1,-0.0001287001287,-0.364752243547,0,0,0,133,0,83,1116,0.615740740741,1,0,0.384259259259,1,0.615740740741,0.76217765043,0.757044573298,0.615740740741,0.615740740741,4,87,0,0,0,0
2428,WLNM_dir_neg,0.986457920465,0.877752515684,00:00:02,10,60,20,1236052744,threshold_sweep,0.7,1,0.0459770114943,0.0879120879121,4,0,83,174,0.0459770114943,1,0,0.954022988506,1,0.0459770114943,0.0879120879121,0.681992337165,0.661558109834,0.0603773584906,0.176432436556,0.0459770114943,216,129,87,0,216,0,129,0,87,37,216,0.162162162162,1.32432432432,11.6756756757,21.6,6,8.1990990496,0.702237650082,0.31006006006,10.329336629,1.76937710775,0.765265265265,3.0868314707,0.528762798222,0.252752752753,0.579945114934,0.437917739848,2,1.32432432432,0.579945114934,2,0.0121701261701,0.00597269624573,7,0.000900900900901,0.621196581197,37,37,37,1,0,0.72972972973,0.243243243243,0.027027027027,37,0.0968468468468,1.32882882883,6.97297297297,12.9,3.79411764706,5.13423415519,0.736304898225,0.365807668133,6.14465269619,1.76241976557,0.772260632726,2.00861507874,0.576114402429,0.32222920595,0.593803505044,0.446862298711,2.16666666667,1.33796296296,0.5995846593,2.16666666667,0.0138202298463,0.00963855421687,4,0.000514800514801,0.254222115427,37,36,36,0.972972972973,0,0.702702702703,0.216216216216,0.0540540540541,37,133,0.0998498498498,1.32432432432,7.18918918919,13.3,3.69444444444,5.24318519518,0.729315233916,0.366795366795,6.22476889111,1.73170262384,0.765291607397,1.86278554052,0.518218533829,0.289778500305,0.579945114934,0.437917739848,2,1.32432432432,0.579945114934,2,0.0132760121592,0.0136570561457,6,0.000772200772201,0.25644433765,37,37,37,1,0,0.72972972973,0.243243243243,0.027027027027,-83,-0.0623123123123,0,-4.48648648649,-8.3,-2.30555555556,-2.95591385442,0.0270775838346,0.0567353067353,-4.10456773789,-0.0376744839023,2.63421316051e-05,-1.22404593018,-0.0105442643936,0.0370257475521,0,0,0,0,0,0,0.00110588598912,0.00768435989994,-1,-0.0001287001287,-0.364752243547,0,0,0,133,0,83,1116,0.615740740741,1,0,0.384259259259,1,0.615740740741,0.76217765043,0.757044573298,0.615740740741,0.615740740741,4,87,0,0,0,0
2429,WLNM_dir_neg,0.986457920465,0.877752515684,00:00:02,10,60,20,1236052744,threshold_sweep,0.8,1,0.0459770114943,0.0879120879121,4,0,83,174,0.0459770114943,1,0,0.954022988506,1,0.0459770114943,0.0879120879121,0.681992337165,0.661558109834,0.0603773584906,0.176432436556,0.0459770114943,216,129,87,0,216,0,129,0,87,37,216,0.162162162162,1.32432432432,11.6756756757,21.6,6,8.1990990496,0.702237650082,0.31006006006,10.329336629,1.76937710775,0.765265265265,3.0868314707,0.528762798222,0.252752752753,0.579945114934,0.437917739848,2,1.32432432432,0.579945114934,2,0.0121701261701,0.00597269624573,7,0.000900900900901,0.621196581197,37,37,37,1,0,0.72972972973,0.243243243243,0.027027027027,37,0.0968468468468,1.32882882883,6.97297297297,12.9,3.79411764706,5.13423415519,0.736304898225,0.365807668133,6.14465269619,1.76241976557,0.772260632726,2.00861507874,0.576114402429,0.32222920595,0.593803505044,0.446862298711,2.16666666667,1.33796296296,0.5995846593,2.16666666667,0.0138202298463,0.00963855421687,4,0.000514800514801,0.254222115427,37,36,36,0.972972972973,0,0.702702702703,0.216216216216,0.0540540540541,37,133,0.0998498498498,1.32432432432,7.18918918919,13.3,3.69444444444,5.24318519518,0.729315233916,0.366795366795,6.22476889111,1.73170262384,0.765291607397,1.86278554052,0.518218533829,0.289778500305,0.579945114934,0.437917739848,2,1.32432432432,0.579945114934,2,0.0132760121592,0.0136570561457,6,0.000772200772201,0.25644433765,37,37,37,1,0,0.72972972973,0.243243243243,0.027027027027,-83,-0.0623123123123,0,-4.48648648649,-8.3,-2.30555555556,-2.95591385442,0.0270775838346,0.0567353067353,-4.10456773789,-0.0376744839023,2.63421316051e-05,-1.22404593018,-0.0105442643936,0.0370257475521,0,0,0,0,0,0,0.00110588598912,0.00768435989994,-1,-0.0001287001287,-0.364752243547,0,0,0,133,0,83,1116,0.615740740741,1,0,0.384259259259,1,0.615740740741,0.76217765043,0.757044573298,0.615740740741,0.615740740741,4,87,0,0,0,0
2430,WLNM_dir_neg,0.986457920465,0.877752515684,00:00:02,10,60,20,1236052744,threshold_sweep,0.9,1,0.0459770114943,0.0879120879121,4,0,83,174,0.0459770114943,1,0,0.954022988506,1,0.0459770114943,0.0879120879121,0.681992337165,0.661558109834,0.0603773584906,0.176432436556,0.0459770114943,216,129,87,0,216,0,129,0,87,37,216,0.162162162162,1.32432432432,11.6756756757,21.6,6,8.1990990496,0.702237650082,0.31006006006,10.329336629,1.76937710775,0.765265265265,3.0868314707,0.528762798222,0.252752752753,0.579945114934,0.437917739848,2,1.32432432432,0.579945114934,2,0.0121701261701,0.00597269624573,7,0.000900900900901,0.621196581197,37,37,37,1,0,0.72972972973,0.243243243243,0.027027027027,37,0.0968468468468,1.32882882883,6.97297297297,12.9,3.79411764706,5.13423415519,0.736304898225,0.365807668133,6.14465269619,1.76241976557,0.772260632726,2.00861507874,0.576114402429,0.32222920595,0.593803505044,0.446862298711,2.16666666667,1.33796296296,0.5995846593,2.16666666667,0.0138202298463,0.00963855421687,4,0.000514800514801,0.254222115427,37,36,36,0.972972972973,0,0.702702702703,0.216216216216,0.0540540540541,37,133,0.0998498498498,1.32432432432,7.18918918919,13.3,3.69444444444,5.24318519518,0.729315233916,0.366795366795,6.22476889111,1.73170262384,0.765291607397,1.86278554052,0.518218533829,0.289778500305,0.579945114934,0.437917739848,2,1.32432432432,0.579945114934,2,0.0132760121592,0.0136570561457,6,0.000772200772201,0.25644433765,37,37,37,1,0,0.72972972973,0.243243243243,0.027027027027,-83,-0.0623123123123,0,-4.48648648649,-8.3,-2.30555555556,-2.95591385442,0.0270775838346,0.0567353067353,-4.10456773789,-0.0376744839023,2.63421316051e-05,-1.22404593018,-0.0105442643936,0.0370257475521,0,0,0,0,0,0,0.00110588598912,0.00768435989994,-1,-0.0001287001287,-0.364752243547,0,0,0,133,0,83,1116,0.615740740741,1,0,0.384259259259,1,0.615740740741,0.76217765043,0.757044573298,0.615740740741,0.615740740741,4,87,0,0,0,0
2431,WLNM_dir_neg,0.977936319197,0.761873031738,00:00:02,10,60,21,1236052745,threshold_sweep,0.1,1,0.0459770114943,0.0879120879121,4,0,83,174,0.0459770114943,1,0,0.954022988506,1,0.0459770114943,0.0879120879121,0.681992337165,0.661558109834,0.0603773584906,0.176432436556,0.0459770114943,216,129,87,0,216,0,129,0,87,37,216,0.162162162162,1.32432432432,11.6756756757,21.6,6,8.1990990496,0.702237650082,0.31006006006,10.329336629,1.76937710775,0.765265265265,3.0868314707,0.528762798222,0.252752752753,0.579945114934,0.437917739848,2,1.32432432432,0.579945114934,2,0.0121701261701,0.00597269624573,7,0.000900900900901,0.621196581197,37,37,37,1,0,0.72972972973,0.243243243243,0.027027027027,37,0.0968468468468,1.32818532819,6.97297297297,12.9,3.90909090909,5.17733568593,0.742486125502,0.379425937565,6.20761907131,1.78047988867,0.775612822124,2.24377684598,0.643563901559,0.36203645506,0.591765934822,0.445544700927,2.14285714286,1.34693877551,0.603397458181,2.14285714286,0.0132879818594,0.00718276137271,3,0.0003861003861,0.277795347428,37,35,35,0.945945945946,0,0.675675675676,0.216216216216,0.0540540540541,37,133,0.0998498498498,1.32432432432,7.18918918919,13.3,3.8,5.33769528832,0.742461374692,0.380410485674,6.27809002917,1.74653632391,0.76813655761,2.11423034932,0.588169345299,0.330014224751,0.579945114934,0.437917739848,2,1.33333333333,0.585540043769,2,0.0137074829932,0.0112275449102,5,0.000643500643501,0.280573125206,37,36,36,0.972972972973,0,0.702702702703,0.243243243243,0.027027027027,-83,-0.0623123123123,0,-4.48648648649,-8.3,-2.2,-2.86140376128,0.0402237246098,0.0703504256136,-4.05124659983,-0.0228407838398,0.00287129234498,-0.972601121388,0.0594065470761,0.0772614719983,0,0,0,0.00900900900901,0.00559492883467,0,0.00153735682307,0.00525484866445,-2,-0.0002574002574,-0.340623455991,-0.027027027027,0,0,133,0,83,1116,0.615740740741,1,0,0.384259259259,1,0.615740740741,0.76217765043,0.757044573298,0.615740740741,0.615740740741,4,87,0,0,0,0
2432,WLNM_dir_neg,0.977936319197,0.761873031738,00:00:02,10,60,21,1236052745,threshold_sweep,0.2,1,0.0459770114943,0.0879120879121,4,0,83,174,0.0459770114943,1,0,0.954022988506,1,0.0459770114943,0.0879120879121,0.681992337165,0.661558109834,0.0603773584906,0.176432436556,0.0459770114943,216,129,87,0,216,0,129,0,87,37,216,0.162162162162,1.32432432432,11.6756756757,21.6,6,8.1990990496,0.702237650082,0.31006006006,10.329336629,1.76937710775,0.765265265265,3.0868314707,0.528762798222,0.252752752753,0.579945114934,0.437917739848,2,1.32432432432,0.579945114934,2,0.0121701261701,0.00597269624573,7,0.000900900900901,0.621196581197,37,37,37,1,0,0.72972972973,0.243243243243,0.027027027027,37,0.0968468468468,1.32818532819,6.97297297297,12.9,3.90909090909,5.17733568593,0.742486125502,0.379425937565,6.20761907131,1.78047988867,0.775612822124,2.24377684598,0.643563901559,0.36203645506,0.591765934822,0.445544700927,2.14285714286,1.34693877551,0.603397458181,2.14285714286,0.0132879818594,0.00718276137271,3,0.0003861003861,0.277795347428,37,35,35,0.945945945946,0,0.675675675676,0.216216216216,0.0540540540541,37,133,0.0998498498498,1.32432432432,7.18918918919,13.3,3.8,5.33769528832,0.742461374692,0.380410485674,6.27809002917,1.74653632391,0.76813655761,2.11423034932,0.588169345299,0.330014224751,0.579945114934,0.437917739848,2,1.33333333333,0.585540043769,2,0.0137074829932,0.0112275449102,5,0.000643500643501,0.280573125206,37,36,36,0.972972972973,0,0.702702702703,0.243243243243,0.027027027027,-83,-0.0623123123123,0,-4.48648648649,-8.3,-2.2,-2.86140376128,0.0402237246098,0.0703504256136,-4.05124659983,-0.0228407838398,0.00287129234498,-0.972601121388,0.0594065470761,0.0772614719983,0,0,0,0.00900900900901,0.00559492883467,0,0.00153735682307,0.00525484866445,-2,-0.0002574002574,-0.340623455991,-0.027027027027,0,0,133,0,83,1116,0.615740740741,1,0,0.384259259259,1,0.615740740741,0.76217765043,0.757044573298,0.615740740741,0.615740740741,4,87,0,0,0,0
2433,WLNM_dir_neg,0.977936319197,0.761873031738,00:00:02,10,60,21,1236052745,threshold_sweep,0.3,1,0.0459770114943,0.0879120879121,4,0,83,174,0.0459770114943,1,0,0.954022988506,1,0.0459770114943,0.0879120879121,0.681992337165,0.661558109834,0.0603773584906,0.176432436556,0.0459770114943,216,129,87,0,216,0,129,0,87,37,216,0.162162162162,1.32432432432,11.6756756757,21.6,6,8.1990990496,0.702237650082,0.31006006006,10.329336629,1.76937710775,0.765265265265,3.0868314707,0.528762798222,0.252752752753,0.579945114934,0.437917739848,2,1.32432432432,0.579945114934,2,0.0121701261701,0.00597269624573,7,0.000900900900901,0.621196581197,37,37,37,1,0,0.72972972973,0.243243243243,0.027027027027,37,0.0968468468468,1.32818532819,6.97297297297,12.9,3.90909090909,5.17733568593,0.742486125502,0.379425937565,6.20761907131,1.78047988867,0.775612822124,2.24377684598,0.643563901559,0.36203645506,0.591765934822,0.445544700927,2.14285714286,1.34693877551,0.603397458181,2.14285714286,0.0132879818594,0.00718276137271,3,0.0003861003861,0.277795347428,37,35,35,0.945945945946,0,0.675675675676,0.216216216216,0.0540540540541,37,133,0.0998498498498,1.32432432432,7.18918918919,13.3,3.8,5.33769528832,0.742461374692,0.380410485674,6.27809002917,1.74653632391,0.76813655761,2.11423034932,0.588169345299,0.330014224751,0.579945114934,0.437917739848,2,1.33333333333,0.585540043769,2,0.0137074829932,0.0112275449102,5,0.000643500643501,0.280573125206,37,36,36,0.972972972973,0,0.702702702703,0.243243243243,0.027027027027,-83,-0.0623123123123,0,-4.48648648649,-8.3,-2.2,-2.86140376128,0.0402237246098,0.0703504256136,-4.05124659983,-0.0228407838398,0.00287129234498,-0.972601121388,0.0594065470761,0.0772614719983,0,0,0,0.00900900900901,0.00559492883467,0,0.00153735682307,0.00525484866445,-2,-0.0002574002574,-0.340623455991,-0.027027027027,0,0,133,0,83,1116,0.615740740741,1,0,0.384259259259,1,0.615740740741,0.76217765043,0.757044573298,0.615740740741,0.615740740741,4,87,0,0,0,0
2434,WLNM_dir_neg,0.977936319197,0.761873031738,00:00:02,10,60,21,1236052745,threshold_sweep,0.4,1,0.0459770114943,0.0879120879121,4,0,83,174,0.0459770114943,1,0,0.954022988506,1,0.0459770114943,0.0879120879121,0.681992337165,0.661558109834,0.0603773584906,0.176432436556,0.0459770114943,216,129,87,0,216,0,129,0,87,37,216,0.162162162162,1.32432432432,11.6756756757,21.6,6,8.1990990496,0.702237650082,0.31006006006,10.329336629,1.76937710775,0.765265265265,3.0868314707,0.528762798222,0.252752752753,0.579945114934,0.437917739848,2,1.32432432432,0.579945114934,2,0.0121701261701,0.00597269624573,7,0.000900900900901,0.621196581197,37,37,37,1,0,0.72972972973,0.243243243243,0.027027027027,37,0.0968468468468,1.32818532819,6.97297297297,12.9,3.90909090909,5.17733568593,0.742486125502,0.379425937565,6.20761907131,1.78047988867,0.775612822124,2.24377684598,0.643563901559,0.36203645506,0.591765934822,0.445544700927,2.14285714286,1.34693877551,0.603397458181,2.14285714286,0.0132879818594,0.00718276137271,3,0.0003861003861,0.277795347428,37,35,35,0.945945945946,0,0.675675675676,0.216216216216,0.0540540540541,37,133,0.0998498498498,1.32432432432,7.18918918919,13.3,3.8,5.33769528832,0.742461374692,0.380410485674,6.27809002917,1.74653632391,0.76813655761,2.11423034932,0.588169345299,0.330014224751,0.579945114934,0.437917739848,2,1.33333333333,0.585540043769,2,0.0137074829932,0.0112275449102,5,0.000643500643501,0.280573125206,37,36,36,0.972972972973,0,0.702702702703,0.243243243243,0.027027027027,-83,-0.0623123123123,0,-4.48648648649,-8.3,-2.2,-2.86140376128,0.0402237246098,0.0703504256136,-4.05124659983,-0.0228407838398,0.00287129234498,-0.972601121388,0.0594065470761,0.0772614719983,0,0,0,0.00900900900901,0.00559492883467,0,0.00153735682307,0.00525484866445,-2,-0.0002574002574,-0.340623455991,-0.027027027027,0,0,133,0,83,1116,0.615740740741,1,0,0.384259259259,1,0.615740740741,0.76217765043,0.757044573298,0.615740740741,0.615740740741,4,87,0,0,0,0
2435,WLNM_dir_neg,0.977936319197,0.761873031738,00:00:02,10,60,21,1236052745,threshold_sweep,0.5,1,0.0459770114943,0.0879120879121,4,0,83,174,0.0459770114943,1,0,0.954022988506,1,0.0459770114943,0.0879120879121,0.681992337165,0.661558109834,0.0603773584906,0.176432436556,0.0459770114943,216,129,87,0,216,0,129,0,87,37,216,0.162162162162,1.32432432432,11.6756756757,21.6,6,8.1990990496,0.702237650082,0.31006006006,10.329336629,1.76937710775,0.765265265265,3.0868314707,0.528762798222,0.252752752753,0.579945114934,0.437917739848,2,1.32432432432,0.579945114934,2,0.0121701261701,0.00597269624573,7,0.000900900900901,0.621196581197,37,37,37,1,0,0.72972972973,0.243243243243,0.027027027027,37,0.0968468468468,1.32818532819,6.97297297297,12.9,3.90909090909,5.17733568593,0.742486125502,0.379425937565,6.20761907131,1.78047988867,0.775612822124,2.24377684598,0.643563901559,0.36203645506,0.591765934822,0.445544700927,2.14285714286,1.34693877551,0.603397458181,2.14285714286,0.0132879818594,0.00718276137271,3,0.0003861003861,0.277795347428,37,35,35,0.945945945946,0,0.675675675676,0.216216216216,0.0540540540541,37,133,0.0998498498498,1.32432432432,7.18918918919,13.3,3.8,5.33769528832,0.742461374692,0.380410485674,6.27809002917,1.74653632391,0.76813655761,2.11423034932,0.588169345299,0.330014224751,0.579945114934,0.437917739848,2,1.33333333333,0.585540043769,2,0.0137074829932,0.0112275449102,5,0.000643500643501,0.280573125206,37,36,36,0.972972972973,0,0.702702702703,0.243243243243,0.027027027027,-83,-0.0623123123123,0,-4.48648648649,-8.3,-2.2,-2.86140376128,0.0402237246098,0.0703504256136,-4.05124659983,-0.0228407838398,0.00287129234498,-0.972601121388,0.0594065470761,0.0772614719983,0,0,0,0.00900900900901,0.00559492883467,0,0.00153735682307,0.00525484866445,-2,-0.0002574002574,-0.340623455991,-0.027027027027,0,0,133,0,83,1116,0.615740740741,1,0,0.384259259259,1,0.615740740741,0.76217765043,0.757044573298,0.615740740741,0.615740740741,4,87,0,0,0,0
2436,WLNM_dir_neg,0.977936319197,0.761873031738,00:00:02,10,60,21,1236052745,threshold_sweep,0.6,1,0.0459770114943,0.0879120879121,4,0,83,174,0.0459770114943,1,0,0.954022988506,1,0.0459770114943,0.0879120879121,0.681992337165,0.661558109834,0.0603773584906,0.176432436556,0.0459770114943,216,129,87,0,216,0,129,0,87,37,216,0.162162162162,1.32432432432,11.6756756757,21.6,6,8.1990990496,0.702237650082,0.31006006006,10.329336629,1.76937710775,0.765265265265,3.0868314707,0.528762798222,0.252752752753,0.579945114934,0.437917739848,2,1.32432432432,0.579945114934,2,0.0121701261701,0.00597269624573,7,0.000900900900901,0.621196581197,37,37,37,1,0,0.72972972973,0.243243243243,0.027027027027,37,0.0968468468468,1.32818532819,6.97297297297,12.9,3.90909090909,5.17733568593,0.742486125502,0.379425937565,6.20761907131,1.78047988867,0.775612822124,2.24377684598,0.643563901559,0.36203645506,0.591765934822,0.445544700927,2.14285714286,1.34693877551,0.603397458181,2.14285714286,0.0132879818594,0.00718276137271,3,0.0003861003861,0.277795347428,37,35,35,0.945945945946,0,0.675675675676,0.216216216216,0.0540540540541,37,133,0.0998498498498,1.32432432432,7.18918918919,13.3,3.8,5.33769528832,0.742461374692,0.380410485674,6.27809002917,1.74653632391,0.76813655761,2.11423034932,0.588169345299,0.330014224751,0.579945114934,0.437917739848,2,1.33333333333,0.585540043769,2,0.0137074829932,0.0112275449102,5,0.000643500643501,0.280573125206,37,36,36,0.972972972973,0,0.702702702703,0.243243243243,0.027027027027,-83,-0.0623123123123,0,-4.48648648649,-8.3,-2.2,-2.86140376128,0.0402237246098,0.0703504256136,-4.05124659983,-0.0228407838398,0.00287129234498,-0.972601121388,0.0594065470761,0.0772614719983,0,0,0,0.00900900900901,0.00559492883467,0,0.00153735682307,0.00525484866445,-2,-0.0002574002574,-0.340623455991,-0.027027027027,0,0,133,0,83,1116,0.615740740741,1,0,0.384259259259,1,0.615740740741,0.76217765043,0.757044573298,0.615740740741,0.615740740741,4,87,0,0,0,0
2437,WLNM_dir_neg,0.977936319197,0.761873031738,00:00:02,10,60,21,1236052745,threshold_sweep,0.7,1,0.0229885057471,0.0449438202247,2,0,85,174,0.0229885057471,1,0,0.977011494253,1,0.0229885057471,0.0449438202247,0.674329501916,0.66411238825,0.0304182509506,0.1242739532,0.0229885057471,216,129,87,0,216,0,129,0,87,37,216,0.162162162162,1.32432432432,11.6756756757,21.6,6,8.1990990496,0.702237650082,0.31006006006,10.329336629,1.76937710775,0.765265265265,3.0868314707,0.528762798222,0.252752752753,0.579945114934,0.437917739848,2,1.32432432432,0.579945114934,2,0.0121701261701,0.00597269624573,7,0.000900900900901,0.621196581197,37,37,37,1,0,0.72972972973,0.243243243243,0.027027027027,37,0.0968468468468,1.32818532819,6.97297297297,12.9,3.90909090909,5.17733568593,0.742486125502,0.379425937565,6.20761907131,1.78047988867,0.775612822124,2.24377684598,0.643563901559,0.36203645506,0.591765934822,0.445544700927,2.14285714286,1.34693877551,0.603397458181,2.14285714286,0.0132879818594,0.00718276137271,3,0.0003861003861,0.277795347428,37,35,35,0.945945945946,0,0.675675675676,0.216216216216,0.0540540540541,37,131,0.0983483483483,1.3277027027,7.08108108108,13.1,3.85294117647,5.28298305031,0.746070125426,0.381885702496,6.22983232606,1.75957096232,0.771611305962,2.18065477673,0.615910127777,0.346193521766,0.590250176002,0.444565018057,2.125,1.34642857143,0.601839791351,2.125,0.0125736961451,0.00923787528868,4,0.000514800514801,0.279338557305,37,35,35,0.945945945946,0,0.675675675676,0.243243243243,0.027027027027,-85,-0.0638138138138,0.00337837837838,-4.59459459459,-8.5,-2.14705882353,-2.91611599929,0.0438324753442,0.0718256424363,-4.09950430294,-0.00980614542329,0.00634604069719,-0.906176693979,0.087147329555,0.0934407690133,0.0103050610674,0.00664727820894,0.125,0.0221042471042,0.0218946764169,0.125,0.000403569974999,0.00326517904295,-3,-0.0003861003861,-0.341858023892,-0.0540540540541,0,0,131,0,85,1116,0.606481481481,1,0,0.393518518519,1,0.606481481481,0.755043227666,0.750705099216,0.606481481481,0.606481481481,2,87,0,0,0,0
2438,WLNM_dir_neg,0.977936319197,0.761873031738,00:00:02,10,60,21,1236052745,threshold_sweep,0.8,1,0.0229885057471,0.0449438202247,2,0,85,174,0.0229885057471,1,0,0.977011494253,1,0.0229885057471,0.0449438202247,0.674329501916,0.66411238825,0.0304182509506,0.1242739532,0.0229885057471,216,129,87,0,216,0,129,0,87,37,216,0.162162162162,1.32432432432,11.6756756757,21.6,6,8.1990990496,0.702237650082,0.31006006006,10.329336629,1.76937710775,0.765265265265,3.0868314707,0.528762798222,0.252752752753,0.579945114934,0.437917739848,2,1.32432432432,0.579945114934,2,0.0121701261701,0.00597269624573,7,0.000900900900901,0.621196581197,37,37,37,1,0,0.72972972973,0.243243243243,0.027027027027,37,0.0968468468468,1.32818532819,6.97297297297,12.9,3.90909090909,5.17733568593,0.742486125502,0.379425937565,6.20761907131,1.78047988867,0.775612822124,2.24377684598,0.643563901559,0.36203645506,0.591765934822,0.445544700927,2.14285714286,1.34693877551,0.603397458181,2.14285714286,0.0132879818594,0.00718276137271,3,0.0003861003861,0.277795347428,37,35,35,0.945945945946,0,0.675675675676,0.216216216216,0.0540540540541,37,131,0.0983483483483,1.3277027027,7.08108108108,13.1,3.85294117647,5.28298305031,0.746070125426,0.381885702496,6.22983232606,1.75957096232,0.771611305962,2.18065477673,0.615910127777,0.346193521766,0.590250176002,0.444565018057,2.125,1.34642857143,0.601839791351,2.125,0.0125736961451,0.00923787528868,4,0.000514800514801,0.279338557305,37,35,35,0.945945945946,0,0.675675675676,0.243243243243,0.027027027027,-85,-0.0638138138138,0.00337837837838,-4.59459459459,-8.5,-2.14705882353,-2.91611599929,0.0438324753442,0.0718256424363,-4.09950430294,-0.00980614542329,0.00634604069719,-0.906176693979,0.087147329555,0.0934407690133,0.0103050610674,0.00664727820894,0.125,0.0221042471042,0.0218946764169,0.125,0.000403569974999,0.00326517904295,-3,-0.0003861003861,-0.341858023892,-0.0540540540541,0,0,131,0,85,1116,0.606481481481,1,0,0.393518518519,1,0.606481481481,0.755043227666,0.750705099216,0.606481481481,0.606481481481,2,87,0,0,0,0
2439,WLNM_dir_neg,0.977936319197,0.761873031738,00:00:02,10,60,21,1236052745,threshold_sweep,0.9,1,0.0114942528736,0.0227272727273,1,0,86,174,0.0114942528736,1,0,0.988505747126,1,0.0114942528736,0.0227272727273,0.670498084291,0.665389527458,0.0152671755725,0.0877058019307,0.0114942528736,216,129,87,0,216,0,129,0,87,37,216,0.162162162162,1.32432432432,11.6756756757,21.6,6,8.1990990496,0.702237650082,0.31006006006,10.329336629,1.76937710775,0.765265265265,3.0868314707,0.528762798222,0.252752752753,0.579945114934,0.437917739848,2,1.32432432432,0.579945114934,2,0.0121701261701,0.00597269624573,7,0.000900900900901,0.621196581197,37,37,37,1,0,0.72972972973,0.243243243243,0.027027027027,37,0.0968468468468,1.32818532819,6.97297297297,12.9,3.90909090909,5.17733568593,0.742486125502,0.379425937565,6.20761907131,1.78047988867,0.775612822124,2.24377684598,0.643563901559,0.36203645506,0.591765934822,0.445544700927,2.14285714286,1.34693877551,0.603397458181,2.14285714286,0.0132879818594,0.00718276137271,3,0.0003861003861,0.277795347428,37,35,35,0.945945945946,0,0.675675675676,0.216216216216,0.0540540540541,37,130,0.0975975975976,1.3277027027,7.02702702703,13,3.93939393939,5.22539996601,0.743614610548,0.381081081081,6.2254924911,1.77187093977,0.773804573805,2.21887886632,0.631527061954,0.355093555094,0.590250176002,0.444565018057,2.125,1.34642857143,0.601839791351,2.125,0.0163832199546,0.00941176470588,4,0.000514800514801,0.280573125206,37,35,35,0.945945945946,0,0.675675675676,0.216216216216,0.0540540540541,-86,-0.0645645645646,0.00337837837838,-4.64864864865,-8.6,-2.06060606061,-2.97369908359,0.0413769604661,0.071021021021,-4.1038441379,0.00249383202962,0.00853930853931,-0.867952604379,0.102764263732,0.102340802341,0.0103050610674,0.00664727820894,0.125,0.0221042471042,0.0218946764169,0.125,0.00421309378452,0.00343906846015,-3,-0.0003861003861,-0.340623455991,-0.0540540540541,-0.027027027027,0.027027027027,130,0,86,1116,0.601851851852,1,0,0.398148148148,1,0.601851851852,0.751445086705,0.747523179606,0.601851851852,0.601851851852,1,87,0,0,0,0
2440,WLNM_dir_neg,0.981503501123,0.901371894698,00:00:02,10,60,22,1236052746,threshold_sweep,0.1,1,0.0804597701149,0.148936170213,7,0,80,174,0.0804597701149,1,0,0.919540229885,1,0.0804597701149,0.148936170213,0.693486590038,0.657726692209,0.10447761194,0.234772464817,0.0804597701149,216,129,87,0,216,0,129,0,87,37,216,0.162162162162,1.32432432432,11.6756756757,21.6,6,8.1990990496,0.702237650082,0.31006006006,10.329336629,1.76937710775,0.765265265265,3.0868314707,0.528762798222,0.252752752753,0.579945114934,0.437917739848,2,1.32432432432,0.579945114934,2,0.0121701261701,0.00597269624573,7,0.000900900900901,0.621196581197,37,37,37,1,0,0.72972972973,0.243243243243,0.027027027027,37,0.0968468468468,1.32972972973,6.97297297297,12.9,3.79411764706,5.20409286837,0.746323395851,0.383825686151,6.22102895036,1.78432613305,0.775612822124,2.36433713545,0.678143209394,0.379635449403,0.59668755311,0.448728444412,2.2,1.33888888889,0.602507985852,2.2,0.0105307460571,0.00476947535771,2,0.0002574002574,0.286887072021,37,36,36,0.972972972973,0,0.702702702703,0.216216216216,0.0540540540541,37,136,0.102102102102,1.32432432432,7.35135135135,13.6,3.77777777778,5.44781411932,0.741062950055,0.386526232114,6.32918308777,1.72191010476,0.762718600954,2.16094184782,0.587903296834,0.329093799682,0.579945114934,0.437917739848,2,1.32432432432,0.579945114934,2,0.0139637423693,0.0150214592275,7,0.000900900900901,0.296887072021,37,37,37,1,0,0.72972972973,0.243243243243,0.027027027027,-80,-0.0600600600601,0,-4.32432432432,-8,-2.22222222222,-2.75128493028,0.0388252999729,0.0764661720544,-4.00015354123,-0.0474670029834,-0.00254666431137,-0.925889622882,0.0591404986116,0.0763410469293,0,0,0,0,0,0,0.00179361619919,0.00904876298173,0,0,-0.324309509176,0,0,0,136,0,80,1116,0.62962962963,1,0,0.37037037037,1,0.62962962963,0.772727272727,0.766494576197,0.62962962963,0.62962962963,7,87,0,0,0,0
2441,WLNM_dir_neg,0.981503501123,0.901371894698,00:00:02,10,60,22,1236052746,threshold_sweep,0.2,1,0.0804597701149,0.148936170213,7,0,80,174,0.0804597701149,1,0,0.919540229885,1,0.0804597701149,0.148936170213,0.693486590038,0.657726692209,0.10447761194,0.234772464817,0.0804597701149,216,129,87,0,216,0,129,0,87,37,216,0.162162162162,1.32432432432,11.6756756757,21.6,6,8.1990990496,0.702237650082,0.31006006006,10.329336629,1.76937710775,0.765265265265,3.0868314707,0.528762798222,0.252752752753,0.579945114934,0.437917739848,2,1.32432432432,0.579945114934,2,0.0121701261701,0.00597269624573,7,0.000900900900901,0.621196581197,37,37,37,1,0,0.72972972973,0.243243243243,0.027027027027,37,0.0968468468468,1.32972972973,6.97297297297,12.9,3.79411764706,5.20409286837,0.746323395851,0.383825686151,6.22102895036,1.78432613305,0.775612822124,2.36433713545,0.678143209394,0.379635449403,0.59668755311,0.448728444412,2.2,1.33888888889,0.602507985852,2.2,0.0105307460571,0.00476947535771,2,0.0002574002574,0.286887072021,37,36,36,0.972972972973,0,0.702702702703,0.216216216216,0.0540540540541,37,136,0.102102102102,1.32432432432,7.35135135135,13.6,3.77777777778,5.44781411932,0.741062950055,0.386526232114,6.32918308777,1.72191010476,0.762718600954,2.16094184782,0.587903296834,0.329093799682,0.579945114934,0.437917739848,2,1.32432432432,0.579945114934,2,0.0139637423693,0.0150214592275,7,0.000900900900901,0.296887072021,37,37,37,1,0,0.72972972973,0.243243243243,0.027027027027,-80,-0.0600600600601,0,-4.32432432432,-8,-2.22222222222,-2.75128493028,0.0388252999729,0.0764661720544,-4.00015354123,-0.0474670029834,-0.00254666431137,-0.925889622882,0.0591404986116,0.0763410469293,0,0,0,0,0,0,0.00179361619919,0.00904876298173,0,0,-0.324309509176,0,0,0,136,0,80,1116,0.62962962963,1,0,0.37037037037,1,0.62962962963,0.772727272727,0.766494576197,0.62962962963,0.62962962963,7,87,0,0,0,0
2442,WLNM_dir_neg,0.981503501123,0.901371894698,00:00:02,10,60,22,1236052746,threshold_sweep,0.3,1,0.0804597701149,0.148936170213,7,0,80,174,0.0804597701149,1,0,0.919540229885,1,0.0804597701149,0.148936170213,0.693486590038,0.657726692209,0.10447761194,0.234772464817,0.0804597701149,216,129,87,0,216,0,129,0,87,37,216,0.162162162162,1.32432432432,11.6756756757,21.6,6,8.1990990496,0.702237650082,0.31006006006,10.329336629,1.76937710775,0.765265265265,3.0868314707,0.528762798222,0.252752752753,0.579945114934,0.437917739848,2,1.32432432432,0.579945114934,2,0.0121701261701,0.00597269624573,7,0.000900900900901,0.621196581197,37,37,37,1,0,0.72972972973,0.243243243243,0.027027027027,37,0.0968468468468,1.32972972973,6.97297297297,12.9,3.79411764706,5.20409286837,0.746323395851,0.383825686151,6.22102895036,1.78432613305,0.775612822124,2.36433713545,0.678143209394,0.379635449403,0.59668755311,0.448728444412,2.2,1.33888888889,0.602507985852,2.2,0.0105307460571,0.00476947535771,2,0.0002574002574,0.286887072021,37,36,36,0.972972972973,0,0.702702702703,0.216216216216,0.0540540540541,37,136,0.102102102102,1.32432432432,7.35135135135,13.6,3.77777777778,5.44781411932,0.741062950055,0.386526232114,6.32918308777,1.72191010476,0.762718600954,2.16094184782,0.587903296834,0.329093799682,0.579945114934,0.437917739848,2,1.32432432432,0.579945114934,2,0.0139637423693,0.0150214592275,7,0.000900900900901,0.296887072021,37,37,37,1,0,0.72972972973,0.243243243243,0.027027027027,-80,-0.0600600600601,0,-4.32432432432,-8,-2.22222222222,-2.75128493028,0.0388252999729,0.0764661720544,-4.00015354123,-0.0474670029834,-0.00254666431137,-0.925889622882,0.0591404986116,0.0763410469293,0,0,0,0,0,0,0.00179361619919,0.00904876298173,0,0,-0.324309509176,0,0,0,136,0,80,1116,0.62962962963,1,0,0.37037037037,1,0.62962962963,0.772727272727,0.766494576197,0.62962962963,0.62962962963,7,87,0,0,0,0
2443,WLNM_dir_neg,0.981503501123,0.901371894698,00:00:02,10,60,22,1236052746,threshold_sweep,0.4,1,0.0804597701149,0.148936170213,7,0,80,174,0.0804597701149,1,0,0.919540229885,1,0.0804597701149,0.148936170213,0.693486590038,0.657726692209,0.10447761194,0.234772464817,0.0804597701149,216,129,87,0,216,0,129,0,87,37,216,0.162162162162,1.32432432432,11.6756756757,21.6,6,8.1990990496,0.702237650082,0.31006006006,10.329336629,1.76937710775,0.765265265265,3.0868314707,0.528762798222,0.252752752753,0.579945114934,0.437917739848,2,1.32432432432,0.579945114934,2,0.0121701261701,0.00597269624573,7,0.000900900900901,0.621196581197,37,37,37,1,0,0.72972972973,0.243243243243,0.027027027027,37,0.0968468468468,1.32972972973,6.97297297297,12.9,3.79411764706,5.20409286837,0.746323395851,0.383825686151,6.22102895036,1.78432613305,0.775612822124,2.36433713545,0.678143209394,0.379635449403,0.59668755311,0.448728444412,2.2,1.33888888889,0.602507985852,2.2,0.0105307460571,0.00476947535771,2,0.0002574002574,0.286887072021,37,36,36,0.972972972973,0,0.702702702703,0.216216216216,0.0540540540541,37,136,0.102102102102,1.32432432432,7.35135135135,13.6,3.77777777778,5.44781411932,0.741062950055,0.386526232114,6.32918308777,1.72191010476,0.762718600954,2.16094184782,0.587903296834,0.329093799682,0.579945114934,0.437917739848,2,1.32432432432,0.579945114934,2,0.0139637423693,0.0150214592275,7,0.000900900900901,0.296887072021,37,37,37,1,0,0.72972972973,0.243243243243,0.027027027027,-80,-0.0600600600601,0,-4.32432432432,-8,-2.22222222222,-2.75128493028,0.0388252999729,0.0764661720544,-4.00015354123,-0.0474670029834,-0.00254666431137,-0.925889622882,0.0591404986116,0.0763410469293,0,0,0,0,0,0,0.00179361619919,0.00904876298173,0,0,-0.324309509176,0,0,0,136,0,80,1116,0.62962962963,1,0,0.37037037037,1,0.62962962963,0.772727272727,0.766494576197,0.62962962963,0.62962962963,7,87,0,0,0,0
2444,WLNM_dir_neg,0.981503501123,0.901371894698,00:00:02,10,60,22,1236052746,threshold_sweep,0.5,1,0.0804597701149,0.148936170213,7,0,80,174,0.0804597701149,1,0,0.919540229885,1,0.0804597701149,0.148936170213,0.693486590038,0.657726692209,0.10447761194,0.234772464817,0.0804597701149,216,129,87,0,216,0,129,0,87,37,216,0.162162162162,1.32432432432,11.6756756757,21.6,6,8.1990990496,0.702237650082,0.31006006006,10.329336629,1.76937710775,0.765265265265,3.0868314707,0.528762798222,0.252752752753,0.579945114934,0.437917739848,2,1.32432432432,0.579945114934,2,0.0121701261701,0.00597269624573,7,0.000900900900901,0.621196581197,37,37,37,1,0,0.72972972973,0.243243243243,0.027027027027,37,0.0968468468468,1.32972972973,6.97297297297,12.9,3.79411764706,5.20409286837,0.746323395851,0.383825686151,6.22102895036,1.78432613305,0.775612822124,2.36433713545,0.678143209394,0.379635449403,0.59668755311,0.448728444412,2.2,1.33888888889,0.602507985852,2.2,0.0105307460571,0.00476947535771,2,0.0002574002574,0.286887072021,37,36,36,0.972972972973,0,0.702702702703,0.216216216216,0.0540540540541,37,136,0.102102102102,1.32432432432,7.35135135135,13.6,3.77777777778,5.44781411932,0.741062950055,0.386526232114,6.32918308777,1.72191010476,0.762718600954,2.16094184782,0.587903296834,0.329093799682,0.579945114934,0.437917739848,2,1.32432432432,0.579945114934,2,0.0139637423693,0.0150214592275,7,0.000900900900901,0.296887072021,37,37,37,1,0,0.72972972973,0.243243243243,0.027027027027,-80,-0.0600600600601,0,-4.32432432432,-8,-2.22222222222,-2.75128493028,0.0388252999729,0.0764661720544,-4.00015354123,-0.0474670029834,-0.00254666431137,-0.925889622882,0.0591404986116,0.0763410469293,0,0,0,0,0,0,0.00179361619919,0.00904876298173,0,0,-0.324309509176,0,0,0,136,0,80,1116,0.62962962963,1,0,0.37037037037,1,0.62962962963,0.772727272727,0.766494576197,0.62962962963,0.62962962963,7,87,0,0,0,0
2445,WLNM_dir_neg,0.981503501123,0.901371894698,00:00:02,10,60,22,1236052746,threshold_sweep,0.6,1,0.0804597701149,0.148936170213,7,0,80,174,0.0804597701149,1,0,0.919540229885,1,0.0804597701149,0.148936170213,0.693486590038,0.657726692209,0.10447761194,0.234772464817,0.0804597701149,216,129,87,0,216,0,129,0,87,37,216,0.162162162162,1.32432432432,11.6756756757,21.6,6,8.1990990496,0.702237650082,0.31006006006,10.329336629,1.76937710775,0.765265265265,3.0868314707,0.528762798222,0.252752752753,0.579945114934,0.437917739848,2,1.32432432432,0.579945114934,2,0.0121701261701,0.00597269624573,7,0.000900900900901,0.621196581197,37,37,37,1,0,0.72972972973,0.243243243243,0.027027027027,37,0.0968468468468,1.32972972973,6.97297297297,12.9,3.79411764706,5.20409286837,0.746323395851,0.383825686151,6.22102895036,1.78432613305,0.775612822124,2.36433713545,0.678143209394,0.379635449403,0.59668755311,0.448728444412,2.2,1.33888888889,0.602507985852,2.2,0.0105307460571,0.00476947535771,2,0.0002574002574,0.286887072021,37,36,36,0.972972972973,0,0.702702702703,0.216216216216,0.0540540540541,37,136,0.102102102102,1.32432432432,7.35135135135,13.6,3.77777777778,5.44781411932,0.741062950055,0.386526232114,6.32918308777,1.72191010476,0.762718600954,2.16094184782,0.587903296834,0.329093799682,0.579945114934,0.437917739848,2,1.32432432432,0.579945114934,2,0.0139637423693,0.0150214592275,7,0.000900900900901,0.296887072021,37,37,37,1,0,0.72972972973,0.243243243243,0.027027027027,-80,-0.0600600600601,0,-4.32432432432,-8,-2.22222222222,-2.75128493028,0.0388252999729,0.0764661720544,-4.00015354123,-0.0474670029834,-0.00254666431137,-0.925889622882,0.0591404986116,0.0763410469293,0,0,0,0,0,0,0.00179361619919,0.00904876298173,0,0,-0.324309509176,0,0,0,136,0,80,1116,0.62962962963,1,0,0.37037037037,1,0.62962962963,0.772727272727,0.766494576197,0.62962962963,0.62962962963,7,87,0,0,0,0
2446,WLNM_dir_neg,0.981503501123,0.901371894698,00:00:02,10,60,22,1236052746,threshold_sweep,0.7,1,0.0804597701149,0.148936170213,7,0,80,174,0.0804597701149,1,0,0.919540229885,1,0.0804597701149,0.148936170213,0.693486590038,0.657726692209,0.10447761194,0.234772464817,0.0804597701149,216,129,87,0,216,0,129,0,87,37,216,0.162162162162,1.32432432432,11.6756756757,21.6,6,8.1990990496,0.702237650082,0.31006006006,10.329336629,1.76937710775,0.765265265265,3.0868314707,0.528762798222,0.252752752753,0.579945114934,0.437917739848,2,1.32432432432,0.579945114934,2,0.0121701261701,0.00597269624573,7,0.000900900900901,0.621196581197,37,37,37,1,0,0.72972972973,0.243243243243,0.027027027027,37,0.0968468468468,1.32972972973,6.97297297297,12.9,3.79411764706,5.20409286837,0.746323395851,0.383825686151,6.22102895036,1.78432613305,0.775612822124,2.36433713545,0.678143209394,0.379635449403,0.59668755311,0.448728444412,2.2,1.33888888889,0.602507985852,2.2,0.0105307460571,0.00476947535771,2,0.0002574002574,0.286887072021,37,36,36,0.972972972973,0,0.702702702703,0.216216216216,0.0540540540541,37,136,0.102102102102,1.32432432432,7.35135135135,13.6,3.77777777778,5.44781411932,0.741062950055,0.386526232114,6.32918308777,1.72191010476,0.762718600954,2.16094184782,0.587903296834,0.329093799682,0.579945114934,0.437917739848,2,1.32432432432,0.579945114934,2,0.0139637423693,0.0150214592275,7,0.000900900900901,0.296887072021,37,37,37,1,0,0.72972972973,0.243243243243,0.027027027027,-80,-0.0600600600601,0,-4.32432432432,-8,-2.22222222222,-2.75128493028,0.0388252999729,0.0764661720544,-4.00015354123,-0.0474670029834,-0.00254666431137,-0.925889622882,0.0591404986116,0.0763410469293,0,0,0,0,0,0,0.00179361619919,0.00904876298173,0,0,-0.324309509176,0,0,0,136,0,80,1116,0.62962962963,1,0,0.37037037037,1,0.62962962963,0.772727272727,0.766494576197,0.62962962963,0.62962962963,7,87,0,0,0,0
2447,WLNM_dir_neg,0.981503501123,0.901371894698,00:00:02,10,60,22,1236052746,threshold_sweep,0.8,1,0.0804597701149,0.148936170213,7,0,80,174,0.0804597701149,1,0,0.919540229885,1,0.0804597701149,0.148936170213,0.693486590038,0.657726692209,0.10447761194,0.234772464817,0.0804597701149,216,129,87,0,216,0,129,0,87,37,216,0.162162162162,1.32432432432,11.6756756757,21.6,6,8.1990990496,0.702237650082,0.31006006006,10.329336629,1.76937710775,0.765265265265,3.0868314707,0.528762798222,0.252752752753,0.579945114934,0.437917739848,2,1.32432432432,0.579945114934,2,0.0121701261701,0.00597269624573,7,0.000900900900901,0.621196581197,37,37,37,1,0,0.72972972973,0.243243243243,0.027027027027,37,0.0968468468468,1.32972972973,6.97297297297,12.9,3.79411764706,5.20409286837,0.746323395851,0.383825686151,6.22102895036,1.78432613305,0.775612822124,2.36433713545,0.678143209394,0.379635449403,0.59668755311,0.448728444412,2.2,1.33888888889,0.602507985852,2.2,0.0105307460571,0.00476947535771,2,0.0002574002574,0.286887072021,37,36,36,0.972972972973,0,0.702702702703,0.216216216216,0.0540540540541,37,136,0.102102102102,1.32432432432,7.35135135135,13.6,3.77777777778,5.44781411932,0.741062950055,0.386526232114,6.32918308777,1.72191010476,0.762718600954,2.16094184782,0.587903296834,0.329093799682,0.579945114934,0.437917739848,2,1.32432432432,0.579945114934,2,0.0139637423693,0.0150214592275,7,0.000900900900901,0.296887072021,37,37,37,1,0,0.72972972973,0.243243243243,0.027027027027,-80,-0.0600600600601,0,-4.32432432432,-8,-2.22222222222,-2.75128493028,0.0388252999729,0.0764661720544,-4.00015354123,-0.0474670029834,-0.00254666431137,-0.925889622882,0.0591404986116,0.0763410469293,0,0,0,0,0,0,0.00179361619919,0.00904876298173,0,0,-0.324309509176,0,0,0,136,0,80,1116,0.62962962963,1,0,0.37037037037,1,0.62962962963,0.772727272727,0.766494576197,0.62962962963,0.62962962963,7,87,0,0,0,0
2448,WLNM_dir_neg,0.981503501123,0.901371894698,00:00:02,10,60,22,1236052746,threshold_sweep,0.9,1,0.0804597701149,0.148936170213,7,0,80,174,0.0804597701149,1,0,0.919540229885,1,0.0804597701149,0.148936170213,0.693486590038,0.657726692209,0.10447761194,0.234772464817,0.0804597701149,216,129,87,0,216,0,129,0,87,37,216,0.162162162162,1.32432432432,11.6756756757,21.6,6,8.1990990496,0.702237650082,0.31006006006,10.329336629,1.76937710775,0.765265265265,3.0868314707,0.528762798222,0.252752752753,0.579945114934,0.437917739848,2,1.32432432432,0.579945114934,2,0.0121701261701,0.00597269624573,7,0.000900900900901,0.621196581197,37,37,37,1,0,0.72972972973,0.243243243243,0.027027027027,37,0.0968468468468,1.32972972973,6.97297297297,12.9,3.79411764706,5.20409286837,0.746323395851,0.383825686151,6.22102895036,1.78432613305,0.775612822124,2.36433713545,0.678143209394,0.379635449403,0.59668755311,0.448728444412,2.2,1.33888888889,0.602507985852,2.2,0.0105307460571,0.00476947535771,2,0.0002574002574,0.286887072021,37,36,36,0.972972972973,0,0.702702702703,0.216216216216,0.0540540540541,37,136,0.102102102102,1.32432432432,7.35135135135,13.6,3.77777777778,5.44781411932,0.741062950055,0.386526232114,6.32918308777,1.72191010476,0.762718600954,2.16094184782,0.587903296834,0.329093799682,0.579945114934,0.437917739848,2,1.32432432432,0.579945114934,2,0.0139637423693,0.0150214592275,7,0.000900900900901,0.296887072021,37,37,37,1,0,0.72972972973,0.243243243243,0.027027027027,-80,-0.0600600600601,0,-4.32432432432,-8,-2.22222222222,-2.75128493028,0.0388252999729,0.0764661720544,-4.00015354123,-0.0474670029834,-0.00254666431137,-0.925889622882,0.0591404986116,0.0763410469293,0,0,0,0,0,0,0.00179361619919,0.00904876298173,0,0,-0.324309509176,0,0,0,136,0,80,1116,0.62962962963,1,0,0.37037037037,1,0.62962962963,0.772727272727,0.766494576197,0.62962962963,0.62962962963,7,87,0,0,0,0
2449,WLNM_dir_neg,0.991874752279,0.972796934866,00:00:02,10,60,23,1236052747,threshold_sweep,0.1,1,0.0574712643678,0.108695652174,5,0,82,174,0.0574712643678,1,0,0.942528735632,1,0.0574712643678,0.108695652174,0.685823754789,0.660280970626,0.0751879699248,0.197642353761,0.0574712643678,216,129,87,0,216,0,129,0,87,37,216,0.162162162162,1.32432432432,11.6756756757,21.6,6,8.1990990496,0.702237650082,0.31006006006,10.329336629,1.76937710775,0.765265265265,3.0868314707,0.528762798222,0.252752752753,0.579945114934,0.437917739848,2,1.32432432432,0.579945114934,2,0.0121701261701,0.00597269624573,7,0.000900900900901,0.621196581197,37,37,37,1,0,0.72972972973,0.243243243243,0.027027027027,37,0.0968468468468,1.32432432432,6.97297297297,12.9,3.79411764706,5.29930019744,0.759977160098,0.378378378378,6.23886395295,1.78944159891,0.780222082548,2.10319362481,0.603241582309,0.338152105594,0.579945114934,0.437917739848,2,1.33333333333,0.585540043769,2,0,0,0,0,0.262576755694,37,36,36,0.972972972973,0,0.702702702703,0.216216216216,0.0540540540541,37,134,0.100600600601,1.32432432432,7.24324324324,13.4,3.72222222222,5.42834845666,0.749436167525,0.379185155305,6.32609828564,1.74675848185,0.770875352965,1.93435822477,0.534113838183,0.29891085115,0.579945114934,0.437917739848,2,1.32432432432,0.579945114934,2,0.0136859331405,0.0153621068032,7,0.000900900900901,0.267021200139,37,37,37,1,0,0.72972972973,0.243243243243,0.027027027027,-82,-0.0615615615616,0,-4.43243243243,-8.2,-2.27777777778,-2.77075059294,0.0471985174426,0.0691250952445,-4.00323834336,-0.0226186258908,0.00561008769964,-1.15247324593,0.00535103996078,0.0461580983969,0,0,0,0,0,0,0.00151580697037,0.00938941055748,0,0,-0.354175381058,0,0,0,134,0,82,1116,0.62037037037,1,0,0.37962962963,1,0.62037037037,0.765714285714,0.760202357151,0.62037037037,0.62037037037,5,87,0,0,0,0
2450,WLNM_dir_neg,0.991874752279,0.972796934866,00:00:02,10,60,23,1236052747,threshold_sweep,0.2,1,0.0574712643678,0.108695652174,5,0,82,174,0.0574712643678,1,0,0.942528735632,1,0.0574712643678,0.108695652174,0.685823754789,0.660280970626,0.0751879699248,0.197642353761,0.0574712643678,216,129,87,0,216,0,129,0,87,37,216,0.162162162162,1.32432432432,11.6756756757,21.6,6,8.1990990496,0.702237650082,0.31006006006,10.329336629,1.76937710775,0.765265265265,3.0868314707,0.528762798222,0.252752752753,0.579945114934,0.437917739848,2,1.32432432432,0.579945114934,2,0.0121701261701,0.00597269624573,7,0.000900900900901,0.621196581197,37,37,37,1,0,0.72972972973,0.243243243243,0.027027027027,37,0.0968468468468,1.32432432432,6.97297297297,12.9,3.79411764706,5.29930019744,0.759977160098,0.378378378378,6.23886395295,1.78944159891,0.780222082548,2.10319362481,0.603241582309,0.338152105594,0.579945114934,0.437917739848,2,1.33333333333,0.585540043769,2,0,0,0,0,0.262576755694,37,36,36,0.972972972973,0,0.702702702703,0.216216216216,0.0540540540541,37,134,0.100600600601,1.32432432432,7.24324324324,13.4,3.72222222222,5.42834845666,0.749436167525,0.379185155305,6.32609828564,1.74675848185,0.770875352965,1.93435822477,0.534113838183,0.29891085115,0.579945114934,0.437917739848,2,1.32432432432,0.579945114934,2,0.0136859331405,0.0153621068032,7,0.000900900900901,0.267021200139,37,37,37,1,0,0.72972972973,0.243243243243,0.027027027027,-82,-0.0615615615616,0,-4.43243243243,-8.2,-2.27777777778,-2.77075059294,0.0471985174426,0.0691250952445,-4.00323834336,-0.0226186258908,0.00561008769964,-1.15247324593,0.00535103996078,0.0461580983969,0,0,0,0,0,0,0.00151580697037,0.00938941055748,0,0,-0.354175381058,0,0,0,134,0,82,1116,0.62037037037,1,0,0.37962962963,1,0.62037037037,0.765714285714,0.760202357151,0.62037037037,0.62037037037,5,87,0,0,0,0
2451,WLNM_dir_neg,0.991874752279,0.972796934866,00:00:02,10,60,23,1236052747,threshold_sweep,0.3,1,0.0574712643678,0.108695652174,5,0,82,174,0.0574712643678,1,0,0.942528735632,1,0.0574712643678,0.108695652174,0.685823754789,0.660280970626,0.0751879699248,0.197642353761,0.0574712643678,216,129,87,0,216,0,129,0,87,37,216,0.162162162162,1.32432432432,11.6756756757,21.6,6,8.1990990496,0.702237650082,0.31006006006,10.329336629,1.76937710775,0.765265265265,3.0868314707,0.528762798222,0.252752752753,0.579945114934,0.437917739848,2,1.32432432432,0.579945114934,2,0.0121701261701,0.00597269624573,7,0.000900900900901,0.621196581197,37,37,37,1,0,0.72972972973,0.243243243243,0.027027027027,37,0.0968468468468,1.32432432432,6.97297297297,12.9,3.79411764706,5.29930019744,0.759977160098,0.378378378378,6.23886395295,1.78944159891,0.780222082548,2.10319362481,0.603241582309,0.338152105594,0.579945114934,0.437917739848,2,1.33333333333,0.585540043769,2,0,0,0,0,0.262576755694,37,36,36,0.972972972973,0,0.702702702703,0.216216216216,0.0540540540541,37,134,0.100600600601,1.32432432432,7.24324324324,13.4,3.72222222222,5.42834845666,0.749436167525,0.379185155305,6.32609828564,1.74675848185,0.770875352965,1.93435822477,0.534113838183,0.29891085115,0.579945114934,0.437917739848,2,1.32432432432,0.579945114934,2,0.0136859331405,0.0153621068032,7,0.000900900900901,0.267021200139,37,37,37,1,0,0.72972972973,0.243243243243,0.027027027027,-82,-0.0615615615616,0,-4.43243243243,-8.2,-2.27777777778,-2.77075059294,0.0471985174426,0.0691250952445,-4.00323834336,-0.0226186258908,0.00561008769964,-1.15247324593,0.00535103996078,0.0461580983969,0,0,0,0,0,0,0.00151580697037,0.00938941055748,0,0,-0.354175381058,0,0,0,134,0,82,1116,0.62037037037,1,0,0.37962962963,1,0.62037037037,0.765714285714,0.760202357151,0.62037037037,0.62037037037,5,87,0,0,0,0
2452,WLNM_dir_neg,0.991874752279,0.972796934866,00:00:02,10,60,23,1236052747,threshold_sweep,0.4,1,0.0574712643678,0.108695652174,5,0,82,174,0.0574712643678,1,0,0.942528735632,1,0.0574712643678,0.108695652174,0.685823754789,0.660280970626,0.0751879699248,0.197642353761,0.0574712643678,216,129,87,0,216,0,129,0,87,37,216,0.162162162162,1.32432432432,11.6756756757,21.6,6,8.1990990496,0.702237650082,0.31006006006,10.329336629,1.76937710775,0.765265265265,3.0868314707,0.528762798222,0.252752752753,0.579945114934,0.437917739848,2,1.32432432432,0.579945114934,2,0.0121701261701,0.00597269624573,7,0.000900900900901,0.621196581197,37,37,37,1,0,0.72972972973,0.243243243243,0.027027027027,37,0.0968468468468,1.32432432432,6.97297297297,12.9,3.79411764706,5.29930019744,0.759977160098,0.378378378378,6.23886395295,1.78944159891,0.780222082548,2.10319362481,0.603241582309,0.338152105594,0.579945114934,0.437917739848,2,1.33333333333,0.585540043769,2,0,0,0,0,0.262576755694,37,36,36,0.972972972973,0,0.702702702703,0.216216216216,0.0540540540541,37,134,0.100600600601,1.32432432432,7.24324324324,13.4,3.72222222222,5.42834845666,0.749436167525,0.379185155305,6.32609828564,1.74675848185,0.770875352965,1.93435822477,0.534113838183,0.29891085115,0.579945114934,0.437917739848,2,1.32432432432,0.579945114934,2,0.0136859331405,0.0153621068032,7,0.000900900900901,0.267021200139,37,37,37,1,0,0.72972972973,0.243243243243,0.027027027027,-82,-0.0615615615616,0,-4.43243243243,-8.2,-2.27777777778,-2.77075059294,0.0471985174426,0.0691250952445,-4.00323834336,-0.0226186258908,0.00561008769964,-1.15247324593,0.00535103996078,0.0461580983969,0,0,0,0,0,0,0.00151580697037,0.00938941055748,0,0,-0.354175381058,0,0,0,134,0,82,1116,0.62037037037,1,0,0.37962962963,1,0.62037037037,0.765714285714,0.760202357151,0.62037037037,0.62037037037,5,87,0,0,0,0
2453,WLNM_dir_neg,0.991874752279,0.972796934866,00:00:02,10,60,23,1236052747,threshold_sweep,0.5,1,0.0574712643678,0.108695652174,5,0,82,174,0.0574712643678,1,0,0.942528735632,1,0.0574712643678,0.108695652174,0.685823754789,0.660280970626,0.0751879699248,0.197642353761,0.0574712643678,216,129,87,0,216,0,129,0,87,37,216,0.162162162162,1.32432432432,11.6756756757,21.6,6,8.1990990496,0.702237650082,0.31006006006,10.329336629,1.76937710775,0.765265265265,3.0868314707,0.528762798222,0.252752752753,0.579945114934,0.437917739848,2,1.32432432432,0.579945114934,2,0.0121701261701,0.00597269624573,7,0.000900900900901,0.621196581197,37,37,37,1,0,0.72972972973,0.243243243243,0.027027027027,37,0.0968468468468,1.32432432432,6.97297297297,12.9,3.79411764706,5.29930019744,0.759977160098,0.378378378378,6.23886395295,1.78944159891,0.780222082548,2.10319362481,0.603241582309,0.338152105594,0.579945114934,0.437917739848,2,1.33333333333,0.585540043769,2,0,0,0,0,0.262576755694,37,36,36,0.972972972973,0,0.702702702703,0.216216216216,0.0540540540541,37,134,0.100600600601,1.32432432432,7.24324324324,13.4,3.72222222222,5.42834845666,0.749436167525,0.379185155305,6.32609828564,1.74675848185,0.770875352965,1.93435822477,0.534113838183,0.29891085115,0.579945114934,0.437917739848,2,1.32432432432,0.579945114934,2,0.0136859331405,0.0153621068032,7,0.000900900900901,0.267021200139,37,37,37,1,0,0.72972972973,0.243243243243,0.027027027027,-82,-0.0615615615616,0,-4.43243243243,-8.2,-2.27777777778,-2.77075059294,0.0471985174426,0.0691250952445,-4.00323834336,-0.0226186258908,0.00561008769964,-1.15247324593,0.00535103996078,0.0461580983969,0,0,0,0,0,0,0.00151580697037,0.00938941055748,0,0,-0.354175381058,0,0,0,134,0,82,1116,0.62037037037,1,0,0.37962962963,1,0.62037037037,0.765714285714,0.760202357151,0.62037037037,0.62037037037,5,87,0,0,0,0
2454,WLNM_dir_neg,0.991874752279,0.972796934866,00:00:02,10,60,23,1236052747,threshold_sweep,0.6,1,0.0574712643678,0.108695652174,5,0,82,174,0.0574712643678,1,0,0.942528735632,1,0.0574712643678,0.108695652174,0.685823754789,0.660280970626,0.0751879699248,0.197642353761,0.0574712643678,216,129,87,0,216,0,129,0,87,37,216,0.162162162162,1.32432432432,11.6756756757,21.6,6,8.1990990496,0.702237650082,0.31006006006,10.329336629,1.76937710775,0.765265265265,3.0868314707,0.528762798222,0.252752752753,0.579945114934,0.437917739848,2,1.32432432432,0.579945114934,2,0.0121701261701,0.00597269624573,7,0.000900900900901,0.621196581197,37,37,37,1,0,0.72972972973,0.243243243243,0.027027027027,37,0.0968468468468,1.32432432432,6.97297297297,12.9,3.79411764706,5.29930019744,0.759977160098,0.378378378378,6.23886395295,1.78944159891,0.780222082548,2.10319362481,0.603241582309,0.338152105594,0.579945114934,0.437917739848,2,1.33333333333,0.585540043769,2,0,0,0,0,0.262576755694,37,36,36,0.972972972973,0,0.702702702703,0.216216216216,0.0540540540541,37,134,0.100600600601,1.32432432432,7.24324324324,13.4,3.72222222222,5.42834845666,0.749436167525,0.379185155305,6.32609828564,1.74675848185,0.770875352965,1.93435822477,0.534113838183,0.29891085115,0.579945114934,0.437917739848,2,1.32432432432,0.579945114934,2,0.0136859331405,0.0153621068032,7,0.000900900900901,0.267021200139,37,37,37,1,0,0.72972972973,0.243243243243,0.027027027027,-82,-0.0615615615616,0,-4.43243243243,-8.2,-2.27777777778,-2.77075059294,0.0471985174426,0.0691250952445,-4.00323834336,-0.0226186258908,0.00561008769964,-1.15247324593,0.00535103996078,0.0461580983969,0,0,0,0,0,0,0.00151580697037,0.00938941055748,0,0,-0.354175381058,0,0,0,134,0,82,1116,0.62037037037,1,0,0.37962962963,1,0.62037037037,0.765714285714,0.760202357151,0.62037037037,0.62037037037,5,87,0,0,0,0
2455,WLNM_dir_neg,0.991874752279,0.972796934866,00:00:02,10,60,23,1236052747,threshold_sweep,0.7,1,0.0574712643678,0.108695652174,5,0,82,174,0.0574712643678,1,0,0.942528735632,1,0.0574712643678,0.108695652174,0.685823754789,0.660280970626,0.0751879699248,0.197642353761,0.0574712643678,216,129,87,0,216,0,129,0,87,37,216,0.162162162162,1.32432432432,11.6756756757,21.6,6,8.1990990496,0.702237650082,0.31006006006,10.329336629,1.76937710775,0.765265265265,3.0868314707,0.528762798222,0.252752752753,0.579945114934,0.437917739848,2,1.32432432432,0.579945114934,2,0.0121701261701,0.00597269624573,7,0.000900900900901,0.621196581197,37,37,37,1,0,0.72972972973,0.243243243243,0.027027027027,37,0.0968468468468,1.32432432432,6.97297297297,12.9,3.79411764706,5.29930019744,0.759977160098,0.378378378378,6.23886395295,1.78944159891,0.780222082548,2.10319362481,0.603241582309,0.338152105594,0.579945114934,0.437917739848,2,1.33333333333,0.585540043769,2,0,0,0,0,0.262576755694,37,36,36,0.972972972973,0,0.702702702703,0.216216216216,0.0540540540541,37,134,0.100600600601,1.32432432432,7.24324324324,13.4,3.72222222222,5.42834845666,0.749436167525,0.379185155305,6.32609828564,1.74675848185,0.770875352965,1.93435822477,0.534113838183,0.29891085115,0.579945114934,0.437917739848,2,1.32432432432,0.579945114934,2,0.0136859331405,0.0153621068032,7,0.000900900900901,0.267021200139,37,37,37,1,0,0.72972972973,0.243243243243,0.027027027027,-82,-0.0615615615616,0,-4.43243243243,-8.2,-2.27777777778,-2.77075059294,0.0471985174426,0.0691250952445,-4.00323834336,-0.0226186258908,0.00561008769964,-1.15247324593,0.00535103996078,0.0461580983969,0,0,0,0,0,0,0.00151580697037,0.00938941055748,0,0,-0.354175381058,0,0,0,134,0,82,1116,0.62037037037,1,0,0.37962962963,1,0.62037037037,0.765714285714,0.760202357151,0.62037037037,0.62037037037,5,87,0,0,0,0
2456,WLNM_dir_neg,0.991874752279,0.972796934866,00:00:02,10,60,23,1236052747,threshold_sweep,0.8,1,0.0574712643678,0.108695652174,5,0,82,174,0.0574712643678,1,0,0.942528735632,1,0.0574712643678,0.108695652174,0.685823754789,0.660280970626,0.0751879699248,0.197642353761,0.0574712643678,216,129,87,0,216,0,129,0,87,37,216,0.162162162162,1.32432432432,11.6756756757,21.6,6,8.1990990496,0.702237650082,0.31006006006,10.329336629,1.76937710775,0.765265265265,3.0868314707,0.528762798222,0.252752752753,0.579945114934,0.437917739848,2,1.32432432432,0.579945114934,2,0.0121701261701,0.00597269624573,7,0.000900900900901,0.621196581197,37,37,37,1,0,0.72972972973,0.243243243243,0.027027027027,37,0.0968468468468,1.32432432432,6.97297297297,12.9,3.79411764706,5.29930019744,0.759977160098,0.378378378378,6.23886395295,1.78944159891,0.780222082548,2.10319362481,0.603241582309,0.338152105594,0.579945114934,0.437917739848,2,1.33333333333,0.585540043769,2,0,0,0,0,0.262576755694,37,36,36,0.972972972973,0,0.702702702703,0.216216216216,0.0540540540541,37,134,0.100600600601,1.32432432432,7.24324324324,13.4,3.72222222222,5.42834845666,0.749436167525,0.379185155305,6.32609828564,1.74675848185,0.770875352965,1.93435822477,0.534113838183,0.29891085115,0.579945114934,0.437917739848,2,1.32432432432,0.579945114934,2,0.0136859331405,0.0153621068032,7,0.000900900900901,0.267021200139,37,37,37,1,0,0.72972972973,0.243243243243,0.027027027027,-82,-0.0615615615616,0,-4.43243243243,-8.2,-2.27777777778,-2.77075059294,0.0471985174426,0.0691250952445,-4.00323834336,-0.0226186258908,0.00561008769964,-1.15247324593,0.00535103996078,0.0461580983969,0,0,0,0,0,0,0.00151580697037,0.00938941055748,0,0,-0.354175381058,0,0,0,134,0,82,1116,0.62037037037,1,0,0.37962962963,1,0.62037037037,0.765714285714,0.760202357151,0.62037037037,0.62037037037,5,87,0,0,0,0
2457,WLNM_dir_neg,0.991874752279,0.972796934866,00:00:02,10,60,23,1236052747,threshold_sweep,0.9,1,0.0574712643678,0.108695652174,5,0,82,174,0.0574712643678,1,0,0.942528735632,1,0.0574712643678,0.108695652174,0.685823754789,0.660280970626,0.0751879699248,0.197642353761,0.0574712643678,216,129,87,0,216,0,129,0,87,37,216,0.162162162162,1.32432432432,11.6756756757,21.6,6,8.1990990496,0.702237650082,0.31006006006,10.329336629,1.76937710775,0.765265265265,3.0868314707,0.528762798222,0.252752752753,0.579945114934,0.437917739848,2,1.32432432432,0.579945114934,2,0.0121701261701,0.00597269624573,7,0.000900900900901,0.621196581197,37,37,37,1,0,0.72972972973,0.243243243243,0.027027027027,37,0.0968468468468,1.32432432432,6.97297297297,12.9,3.79411764706,5.29930019744,0.759977160098,0.378378378378,6.23886395295,1.78944159891,0.780222082548,2.10319362481,0.603241582309,0.338152105594,0.579945114934,0.437917739848,2,1.33333333333,0.585540043769,2,0,0,0,0,0.262576755694,37,36,36,0.972972972973,0,0.702702702703,0.216216216216,0.0540540540541,37,134,0.100600600601,1.32432432432,7.24324324324,13.4,3.72222222222,5.42834845666,0.749436167525,0.379185155305,6.32609828564,1.74675848185,0.770875352965,1.93435822477,0.534113838183,0.29891085115,0.579945114934,0.437917739848,2,1.32432432432,0.579945114934,2,0.0136859331405,0.0153621068032,7,0.000900900900901,0.267021200139,37,37,37,1,0,0.72972972973,0.243243243243,0.027027027027,-82,-0.0615615615616,0,-4.43243243243,-8.2,-2.27777777778,-2.77075059294,0.0471985174426,0.0691250952445,-4.00323834336,-0.0226186258908,0.00561008769964,-1.15247324593,0.00535103996078,0.0461580983969,0,0,0,0,0,0,0.00151580697037,0.00938941055748,0,0,-0.354175381058,0,0,0,134,0,82,1116,0.62037037037,1,0,0.37962962963,1,0.62037037037,0.765714285714,0.760202357151,0.62037037037,0.62037037037,5,87,0,0,0,0
2458,WLNM_dir_neg,0.991610516581,0.879256532782,00:00:02,10,60,24,1236052748,threshold_sweep,0.1,0.833333333333,0.0574712643678,0.10752688172,5,1,82,173,0.0574712643678,0.994252873563,0.00574712643678,0.942528735632,0.833333333333,0.0574712643678,0.10752688172,0.681992337165,0.659003831418,0.0674157303371,0.162697843364,0.051724137931,216,129,87,0,216,0,129,0,87,37,216,0.162162162162,1.32432432432,11.6756756757,21.6,6,8.1990990496,0.702237650082,0.31006006006,10.329336629,1.76937710775,0.765265265265,3.0868314707,0.528762798222,0.252752752753,0.579945114934,0.437917739848,2,1.32432432432,0.579945114934,2,0.0121701261701,0.00597269624573,7,0.000900900900901,0.621196581197,37,37,37,1,0,0.72972972973,0.243243243243,0.027027027027,37,0.0968468468468,1.32432432432,6.97297297297,12.9,3.68571428571,5.13964161357,0.737080386442,0.371883511418,6.22102895036,1.78432613305,0.779384035198,2.16822535757,0.621894094806,0.344856484391,0.579945114934,0.437917739848,2,1.33333333333,0.585540043769,2,0.0074768368886,0.00481540930979,2,0.0002574002574,0.267202632357,37,36,36,0.972972972973,0,0.702702702703,0.243243243243,0.027027027027,37,135,0.101351351351,1.32432432432,7.2972972973,13.5,3.85714285714,5.4866750955,0.751877698273,0.384784784785,6.32550488198,1.73365689358,0.767567567568,2.00300075188,0.54897057644,0.304304304304,0.579945114934,0.437917739848,2,1.33333333333,0.585540043769,2,0.0137419229024,0.0172413793103,8,0.0010296010296,0.28053596569,37,36,36,0.972972972973,0,0.702702702703,0.243243243243,0.027027027027,-81,-0.0608108108108,0,-4.37837837838,-8.1,-2.14285714286,-2.7124239541,0.0496400481907,0.0747247247247,-4.00383174702,-0.0357202141643,0.0023023023023,-1.08383071883,0.0202077782174,0.0515515515516,0,0,0,0.00900900900901,0.00559492883467,0,0.00157179673224,0.0112686830646,1,0.0001287001287,-0.340660615506,-0.027027027027,0,0,134,1,82,1115,0.62037037037,0.999103942652,0.00089605734767,0.37962962963,0.992592592593,0.62037037037,0.763532763533,0.756603448044,0.619474313023,0.617511520737,6,87,0,0,0,0
2459,WLNM_dir_neg,0.991610516581,0.879256532782,00:00:02,10,60,24,1236052748,threshold_sweep,0.2,0.666666666667,0.0229885057471,0.0444444444444,2,1,85,173,0.0229885057471,0.994252873563,0.00574712643678,0.977011494253,0.666666666667,0.0229885057471,0.0444444444444,0.670498084291,0.662835249042,0.0227272727273,0.0762492851663,0.0172413793103,216,129,87,0,216,0,129,0,87,37,216,0.162162162162,1.32432432432,11.6756756757,21.6,6,8.1990990496,0.702237650082,0.31006006006,10.329336629,1.76937710775,0.765265265265,3.0868314707,0.528762798222,0.252752752753,0.579945114934,0.437917739848,2,1.32432432432,0.579945114934,2,0.0121701261701,0.00597269624573,7,0.000900900900901,0.621196581197,37,37,37,1,0,0.72972972973,0.243243243243,0.027027027027,37,0.0968468468468,1.32432432432,6.97297297297,12.9,3.68571428571,5.13964161357,0.737080386442,0.371883511418,6.22102895036,1.78432613305,0.779384035198,2.16822535757,0.621894094806,0.344856484391,0.579945114934,0.437917739848,2,1.33333333333,0.585540043769,2,0.0074768368886,0.00481540930979,2,0.0002574002574,0.267202632357,37,36,36,0.972972972973,0,0.702702702703,0.243243243243,0.027027027027,37,132,0.0990990990991,1.32432432432,7.13513513514,13.2,3.77142857143,5.30284075945,0.743201167045,0.378173628174,6.26072653106,1.75490061855,0.773136773137,2.08886652598,0.585515617131,0.325962325962,0.579945114934,0.437917739848,2,1.33333333333,0.585540043769,2,0.0124930900359,0.0113981762918,5,0.000643500643501,0.273869299024,37,36,36,0.972972972973,0,0.702702702703,0.243243243243,0.027027027027,-84,-0.0630630630631,0,-4.54054054054,-8.4,-2.22857142857,-2.89625829015,0.0409635169627,0.0681135681136,-4.06861009794,-0.0144764891911,0.00787150787151,-0.997964944723,0.0567528189086,0.0732095732096,0,0,0,0.00900900900901,0.00559492883467,0,0.000322963865761,0.00542548004606,-2,-0.0002574002574,-0.347327282173,-0.027027027027,0,0,131,1,85,1115,0.606481481481,0.999103942652,0.00089605734767,0.393518518519,0.992424242424,0.606481481481,0.752873563218,0.747062260832,0.605585424134,0.603686635945,3,87,0,0,0,0
2460,WLNM_dir_neg,0.991610516581,0.879256532782,00:00:02,10,60,24,1236052748,threshold_sweep,0.3,0.666666666667,0.0229885057471,0.0444444444444,2,1,85,173,0.0229885057471,0.994252873563,0.00574712643678,0.977011494253,0.666666666667,0.0229885057471,0.0444444444444,0.670498084291,0.662835249042,0.0227272727273,0.0762492851663,0.0172413793103,216,129,87,0,216,0,129,0,87,37,216,0.162162162162,1.32432432432,11.6756756757,21.6,6,8.1990990496,0.702237650082,0.31006006006,10.329336629,1.76937710775,0.765265265265,3.0868314707,0.528762798222,0.252752752753,0.579945114934,0.437917739848,2,1.32432432432,0.579945114934,2,0.0121701261701,0.00597269624573,7,0.000900900900901,0.621196581197,37,37,37,1,0,0.72972972973,0.243243243243,0.027027027027,37,0.0968468468468,1.32432432432,6.97297297297,12.9,3.68571428571,5.13964161357,0.737080386442,0.371883511418,6.22102895036,1.78432613305,0.779384035198,2.16822535757,0.621894094806,0.344856484391,0.579945114934,0.437917739848,2,1.33333333333,0.585540043769,2,0.0074768368886,0.00481540930979,2,0.0002574002574,0.267202632357,37,36,36,0.972972972973,0,0.702702702703,0.243243243243,0.027027027027,37,132,0.0990990990991,1.32432432432,7.13513513514,13.2,3.77142857143,5.30284075945,0.743201167045,0.378173628174,6.26072653106,1.75490061855,0.773136773137,2.08886652598,0.585515617131,0.325962325962,0.579945114934,0.437917739848,2,1.33333333333,0.585540043769,2,0.0124930900359,0.0113981762918,5,0.000643500643501,0.273869299024,37,36,36,0.972972972973,0,0.702702702703,0.243243243243,0.027027027027,-84,-0.0630630630631,0,-4.54054054054,-8.4,-2.22857142857,-2.89625829015,0.0409635169627,0.0681135681136,-4.06861009794,-0.0144764891911,0.00787150787151,-0.997964944723,0.0567528189086,0.0732095732096,0,0,0,0.00900900900901,0.00559492883467,0,0.000322963865761,0.00542548004606,-2,-0.0002574002574,-0.347327282173,-0.027027027027,0,0,131,1,85,1115,0.606481481481,0.999103942652,0.00089605734767,0.393518518519,0.992424242424,0.606481481481,0.752873563218,0.747062260832,0.605585424134,0.603686635945,3,87,0,0,0,0
2461,WLNM_dir_neg,0.991610516581,0.879256532782,00:00:02,10,60,24,1236052748,threshold_sweep,0.4,0.666666666667,0.0229885057471,0.0444444444444,2,1,85,173,0.0229885057471,0.994252873563,0.00574712643678,0.977011494253,0.666666666667,0.0229885057471,0.0444444444444,0.670498084291,0.662835249042,0.0227272727273,0.0762492851663,0.0172413793103,216,129,87,0,216,0,129,0,87,37,216,0.162162162162,1.32432432432,11.6756756757,21.6,6,8.1990990496,0.702237650082,0.31006006006,10.329336629,1.76937710775,0.765265265265,3.0868314707,0.528762798222,0.252752752753,0.579945114934,0.437917739848,2,1.32432432432,0.579945114934,2,0.0121701261701,0.00597269624573,7,0.000900900900901,0.621196581197,37,37,37,1,0,0.72972972973,0.243243243243,0.027027027027,37,0.0968468468468,1.32432432432,6.97297297297,12.9,3.68571428571,5.13964161357,0.737080386442,0.371883511418,6.22102895036,1.78432613305,0.779384035198,2.16822535757,0.621894094806,0.344856484391,0.579945114934,0.437917739848,2,1.33333333333,0.585540043769,2,0.0074768368886,0.00481540930979,2,0.0002574002574,0.267202632357,37,36,36,0.972972972973,0,0.702702702703,0.243243243243,0.027027027027,37,132,0.0990990990991,1.32432432432,7.13513513514,13.2,3.77142857143,5.30284075945,0.743201167045,0.378173628174,6.26072653106,1.75490061855,0.773136773137,2.08886652598,0.585515617131,0.325962325962,0.579945114934,0.437917739848,2,1.33333333333,0.585540043769,2,0.0124930900359,0.0113981762918,5,0.000643500643501,0.273869299024,37,36,36,0.972972972973,0,0.702702702703,0.243243243243,0.027027027027,-84,-0.0630630630631,0,-4.54054054054,-8.4,-2.22857142857,-2.89625829015,0.0409635169627,0.0681135681136,-4.06861009794,-0.0144764891911,0.00787150787151,-0.997964944723,0.0567528189086,0.0732095732096,0,0,0,0.00900900900901,0.00559492883467,0,0.000322963865761,0.00542548004606,-2,-0.0002574002574,-0.347327282173,-0.027027027027,0,0,131,1,85,1115,0.606481481481,0.999103942652,0.00089605734767,0.393518518519,0.992424242424,0.606481481481,0.752873563218,0.747062260832,0.605585424134,0.603686635945,3,87,0,0,0,0
2462,WLNM_dir_neg,0.991610516581,0.879256532782,00:00:02,10,60,24,1236052748,threshold_sweep,0.5,0.666666666667,0.0229885057471,0.0444444444444,2,1,85,173,0.0229885057471,0.994252873563,0.00574712643678,0.977011494253,0.666666666667,0.0229885057471,0.0444444444444,0.670498084291,0.662835249042,0.0227272727273,0.0762492851663,0.0172413793103,216,129,87,0,216,0,129,0,87,37,216,0.162162162162,1.32432432432,11.6756756757,21.6,6,8.1990990496,0.702237650082,0.31006006006,10.329336629,1.76937710775,0.765265265265,3.0868314707,0.528762798222,0.252752752753,0.579945114934,0.437917739848,2,1.32432432432,0.579945114934,2,0.0121701261701,0.00597269624573,7,0.000900900900901,0.621196581197,37,37,37,1,0,0.72972972973,0.243243243243,0.027027027027,37,0.0968468468468,1.32432432432,6.97297297297,12.9,3.68571428571,5.13964161357,0.737080386442,0.371883511418,6.22102895036,1.78432613305,0.779384035198,2.16822535757,0.621894094806,0.344856484391,0.579945114934,0.437917739848,2,1.33333333333,0.585540043769,2,0.0074768368886,0.00481540930979,2,0.0002574002574,0.267202632357,37,36,36,0.972972972973,0,0.702702702703,0.243243243243,0.027027027027,37,132,0.0990990990991,1.32432432432,7.13513513514,13.2,3.77142857143,5.30284075945,0.743201167045,0.378173628174,6.26072653106,1.75490061855,0.773136773137,2.08886652598,0.585515617131,0.325962325962,0.579945114934,0.437917739848,2,1.33333333333,0.585540043769,2,0.0124930900359,0.0113981762918,5,0.000643500643501,0.273869299024,37,36,36,0.972972972973,0,0.702702702703,0.243243243243,0.027027027027,-84,-0.0630630630631,0,-4.54054054054,-8.4,-2.22857142857,-2.89625829015,0.0409635169627,0.0681135681136,-4.06861009794,-0.0144764891911,0.00787150787151,-0.997964944723,0.0567528189086,0.0732095732096,0,0,0,0.00900900900901,0.00559492883467,0,0.000322963865761,0.00542548004606,-2,-0.0002574002574,-0.347327282173,-0.027027027027,0,0,131,1,85,1115,0.606481481481,0.999103942652,0.00089605734767,0.393518518519,0.992424242424,0.606481481481,0.752873563218,0.747062260832,0.605585424134,0.603686635945,3,87,0,0,0,0
2463,WLNM_dir_neg,0.991610516581,0.879256532782,00:00:02,10,60,24,1236052748,threshold_sweep,0.6,0.666666666667,0.0229885057471,0.0444444444444,2,1,85,173,0.0229885057471,0.994252873563,0.00574712643678,0.977011494253,0.666666666667,0.0229885057471,0.0444444444444,0.670498084291,0.662835249042,0.0227272727273,0.0762492851663,0.0172413793103,216,129,87,0,216,0,129,0,87,37,216,0.162162162162,1.32432432432,11.6756756757,21.6,6,8.1990990496,0.702237650082,0.31006006006,10.329336629,1.76937710775,0.765265265265,3.0868314707,0.528762798222,0.252752752753,0.579945114934,0.437917739848,2,1.32432432432,0.579945114934,2,0.0121701261701,0.00597269624573,7,0.000900900900901,0.621196581197,37,37,37,1,0,0.72972972973,0.243243243243,0.027027027027,37,0.0968468468468,1.32432432432,6.97297297297,12.9,3.68571428571,5.13964161357,0.737080386442,0.371883511418,6.22102895036,1.78432613305,0.779384035198,2.16822535757,0.621894094806,0.344856484391,0.579945114934,0.437917739848,2,1.33333333333,0.585540043769,2,0.0074768368886,0.00481540930979,2,0.0002574002574,0.267202632357,37,36,36,0.972972972973,0,0.702702702703,0.243243243243,0.027027027027,37,132,0.0990990990991,1.32432432432,7.13513513514,13.2,3.77142857143,5.30284075945,0.743201167045,0.378173628174,6.26072653106,1.75490061855,0.773136773137,2.08886652598,0.585515617131,0.325962325962,0.579945114934,0.437917739848,2,1.33333333333,0.585540043769,2,0.0124930900359,0.0113981762918,5,0.000643500643501,0.273869299024,37,36,36,0.972972972973,0,0.702702702703,0.243243243243,0.027027027027,-84,-0.0630630630631,0,-4.54054054054,-8.4,-2.22857142857,-2.89625829015,0.0409635169627,0.0681135681136,-4.06861009794,-0.0144764891911,0.00787150787151,-0.997964944723,0.0567528189086,0.0732095732096,0,0,0,0.00900900900901,0.00559492883467,0,0.000322963865761,0.00542548004606,-2,-0.0002574002574,-0.347327282173,-0.027027027027,0,0,131,1,85,1115,0.606481481481,0.999103942652,0.00089605734767,0.393518518519,0.992424242424,0.606481481481,0.752873563218,0.747062260832,0.605585424134,0.603686635945,3,87,0,0,0,0
2464,WLNM_dir_neg,0.991610516581,0.879256532782,00:00:02,10,60,24,1236052748,threshold_sweep,0.7,0.666666666667,0.0229885057471,0.0444444444444,2,1,85,173,0.0229885057471,0.994252873563,0.00574712643678,0.977011494253,0.666666666667,0.0229885057471,0.0444444444444,0.670498084291,0.662835249042,0.0227272727273,0.0762492851663,0.0172413793103,216,129,87,0,216,0,129,0,87,37,216,0.162162162162,1.32432432432,11.6756756757,21.6,6,8.1990990496,0.702237650082,0.31006006006,10.329336629,1.76937710775,0.765265265265,3.0868314707,0.528762798222,0.252752752753,0.579945114934,0.437917739848,2,1.32432432432,0.579945114934,2,0.0121701261701,0.00597269624573,7,0.000900900900901,0.621196581197,37,37,37,1,0,0.72972972973,0.243243243243,0.027027027027,37,0.0968468468468,1.32432432432,6.97297297297,12.9,3.68571428571,5.13964161357,0.737080386442,0.371883511418,6.22102895036,1.78432613305,0.779384035198,2.16822535757,0.621894094806,0.344856484391,0.579945114934,0.437917739848,2,1.33333333333,0.585540043769,2,0.0074768368886,0.00481540930979,2,0.0002574002574,0.267202632357,37,36,36,0.972972972973,0,0.702702702703,0.243243243243,0.027027027027,37,132,0.0990990990991,1.32432432432,7.13513513514,13.2,3.77142857143,5.30284075945,0.743201167045,0.378173628174,6.26072653106,1.75490061855,0.773136773137,2.08886652598,0.585515617131,0.325962325962,0.579945114934,0.437917739848,2,1.33333333333,0.585540043769,2,0.0124930900359,0.0113981762918,5,0.000643500643501,0.273869299024,37,36,36,0.972972972973,0,0.702702702703,0.243243243243,0.027027027027,-84,-0.0630630630631,0,-4.54054054054,-8.4,-2.22857142857,-2.89625829015,0.0409635169627,0.0681135681136,-4.06861009794,-0.0144764891911,0.00787150787151,-0.997964944723,0.0567528189086,0.0732095732096,0,0,0,0.00900900900901,0.00559492883467,0,0.000322963865761,0.00542548004606,-2,-0.0002574002574,-0.347327282173,-0.027027027027,0,0,131,1,85,1115,0.606481481481,0.999103942652,0.00089605734767,0.393518518519,0.992424242424,0.606481481481,0.752873563218,0.747062260832,0.605585424134,0.603686635945,3,87,0,0,0,0
2465,WLNM_dir_neg,0.991610516581,0.879256532782,00:00:02,10,60,24,1236052748,threshold_sweep,0.8,0,0,0,0,0,87,174,0,1,0,1,0,0,0,0.666666666667,0.666666666667,0,0,0,216,129,87,0,216,0,129,0,87,37,216,0.162162162162,1.32432432432,11.6756756757,21.6,6,8.1990990496,0.702237650082,0.31006006006,10.329336629,1.76937710775,0.765265265265,3.0868314707,0.528762798222,0.252752752753,0.579945114934,0.437917739848,2,1.32432432432,0.579945114934,2,0.0121701261701,0.00597269624573,7,0.000900900900901,0.621196581197,37,37,37,1,0,0.72972972973,0.243243243243,0.027027027027,37,0.0968468468468,1.32432432432,6.97297297297,12.9,3.68571428571,5.13964161357,0.737080386442,0.371883511418,6.22102895036,1.78432613305,0.779384035198,2.16822535757,0.621894094806,0.344856484391,0.579945114934,0.437917739848,2,1.33333333333,0.585540043769,2,0.0074768368886,0.00481540930979,2,0.0002574002574,0.267202632357,37,36,36,0.972972972973,0,0.702702702703,0.243243243243,0.027027027027,37,129,0.0968468468468,1.32432432432,6.97297297297,12.9,3.68571428571,5.13964161357,0.737080386442,0.371883511418,6.22102895036,1.78432613305,0.779384035198,2.16822535757,0.621894094806,0.344856484391,0.579945114934,0.437917739848,2,1.33333333333,0.585540043769,2,0.0074768368886,0.00481540930979,2,0.0002574002574,0.267202632357,37,36,36,0.972972972973,0,0.702702702703,0.243243243243,0.027027027027,-87,-0.0653153153153,0,-4.7027027027,-8.7,-2.31428571429,-3.05945743604,0.03484273636,0.0618234513583,-4.10830767864,0.0149490253033,0.0141187699327,-0.918606113136,0.0931312965839,0.0921037316386,0,0,0,0.00900900900901,0.00559492883467,0,-0.00469328928152,-0.00115728693594,-5,-0.000643500643501,-0.35399394884,-0.027027027027,0,0,129,0,87,1116,0.597222222222,1,0,0.402777777778,1,0.597222222222,0.747826086957,0.744332981734,0.597222222222,0.597222222222,0,87,0,0,0,0
2466,WLNM_dir_neg,0.991610516581,0.879256532782,00:00:02,10,60,24,1236052748,threshold_sweep,0.9,0,0,0,0,0,87,174,0,1,0,1,0,0,0,0.666666666667,0.666666666667,0,0,0,216,129,87,0,216,0,129,0,87,37,216,0.162162162162,1.32432432432,11.6756756757,21.6,6,8.1990990496,0.702237650082,0.31006006006,10.329336629,1.76937710775,0.765265265265,3.0868314707,0.528762798222,0.252752752753,0.579945114934,0.437917739848,2,1.32432432432,0.579945114934,2,0.0121701261701,0.00597269624573,7,0.000900900900901,0.621196581197,37,37,37,1,0,0.72972972973,0.243243243243,0.027027027027,37,0.0968468468468,1.32432432432,6.97297297297,12.9,3.68571428571,5.13964161357,0.737080386442,0.371883511418,6.22102895036,1.78432613305,0.779384035198,2.16822535757,0.621894094806,0.344856484391,0.579945114934,0.437917739848,2,1.33333333333,0.585540043769,2,0.0074768368886,0.00481540930979,2,0.0002574002574,0.267202632357,37,36,36,0.972972972973,0,0.702702702703,0.243243243243,0.027027027027,37,129,0.0968468468468,1.32432432432,6.97297297297,12.9,3.68571428571,5.13964161357,0.737080386442,0.371883511418,6.22102895036,1.78432613305,0.779384035198,2.16822535757,0.621894094806,0.344856484391,0.579945114934,0.437917739848,2,1.33333333333,0.585540043769,2,0.0074768368886,0.00481540930979,2,0.0002574002574,0.267202632357,37,36,36,0.972972972973,0,0.702702702703,0.243243243243,0.027027027027,-87,-0.0653153153153,0,-4.7027027027,-8.7,-2.31428571429,-3.05945743604,0.03484273636,0.0618234513583,-4.10830767864,0.0149490253033,0.0141187699327,-0.918606113136,0.0931312965839,0.0921037316386,0,0,0,0.00900900900901,0.00559492883467,0,-0.00469328928152,-0.00115728693594,-5,-0.000643500643501,-0.35399394884,-0.027027027027,0,0,129,0,87,1116,0.597222222222,1,0,0.402777777778,1,0.597222222222,0.747826086957,0.744332981734,0.597222222222,0.597222222222,0,87,0,0,0,0
2467,WLNM_dir_neg,0.991709604968,0.904780787898,00:00:02,10,60,25,1236052749,threshold_sweep,0.1,0.857142857143,0.0689655172414,0.127659574468,6,1,81,173,0.0689655172414,0.994252873563,0.00574712643678,0.931034482759,0.857142857143,0.0689655172414,0.127659574468,0.685823754789,0.657726692209,0.0820895522388,0.184464079499,0.0632183908046,216,129,87,0,216,0,129,0,87,37,216,0.162162162162,1.32432432432,11.6756756757,21.6,6,8.1990990496,0.702237650082,0.31006006006,10.329336629,1.76937710775,0.765265265265,3.0868314707,0.528762798222,0.252752752753,0.579945114934,0.437917739848,2,1.32432432432,0.579945114934,2,0.0121701261701,0.00597269624573,7,0.000900900900901,0.621196581197,37,37,37,1,0,0.72972972973,0.243243243243,0.027027027027,37,0.0968468468468,1.32046332046,6.97297297297,12.9,3.90909090909,5.2147572996,0.747852791027,0.36769327467,6.3184985102,1.81228251843,0.783993295621,2.12944465402,0.610770947277,0.340247223968,0.56884874529,0.430794810029,2,1.32936507937,0.574298349383,2,0,0,0,0,0.257314303718,37,36,36,0.972972972973,0,0.702702702703,0.189189189189,0.0810810810811,37,136,0.102102102102,1.32432432432,7.35135135135,13.6,3.88571428571,5.46308935908,0.743140831934,0.371621621622,6.39901925669,1.74090965072,0.769475357711,1.90108235332,0.517206228477,0.288553259141,0.579945114934,0.437917739848,2,1.33333333333,0.585540043769,2,0.0126105664938,0.0149892933619,7,0.000900900900901,0.267314303718,37,36,36,0.972972972973,0,0.702702702703,0.243243243243,0.027027027027,-80,-0.0600600600601,0,-4.32432432432,-8,-2.11428571429,-2.73600969052,0.0409031818525,0.0615615615616,-3.93031737231,-0.0284674570291,0.00421009244539,-1.18574911738,-0.011556569745,0.0358005063887,0,0,0,0.00900900900901,0.00559492883467,0,0.000440440323678,0.00901659711615,0,0,-0.353882277478,-0.027027027027,0,0,135,1,81,1115,0.625,0.999103942652,0.00089605734767,0.375,0.992647058824,0.625,0.767045454545,0.759767749983,0.624103942652,0.622119815668,7,87,0,0,0,0
2468,WLNM_dir_neg,0.991709604968,0.904780787898,00:00:02,10,60,25,1236052749,threshold_sweep,0.2,0.857142857143,0.0689655172414,0.127659574468,6,1,81,173,0.0689655172414,0.994252873563,0.00574712643678,0.931034482759,0.857142857143,0.0689655172414,0.127659574468,0.685823754789,0.657726692209,0.0820895522388,0.184464079499,0.0632183908046,216,129,87,0,216,0,129,0,87,37,216,0.162162162162,1.32432432432,11.6756756757,21.6,6,8.1990990496,0.702237650082,0.31006006006,10.329336629,1.76937710775,0.765265265265,3.0868314707,0.528762798222,0.252752752753,0.579945114934,0.437917739848,2,1.32432432432,0.579945114934,2,0.0121701261701,0.00597269624573,7,0.000900900900901,0.621196581197,37,37,37,1,0,0.72972972973,0.243243243243,0.027027027027,37,0.0968468468468,1.32046332046,6.97297297297,12.9,3.90909090909,5.2147572996,0.747852791027,0.36769327467,6.3184985102,1.81228251843,0.783993295621,2.12944465402,0.610770947277,0.340247223968,0.56884874529,0.430794810029,2,1.32936507937,0.574298349383,2,0,0,0,0,0.257314303718,37,36,36,0.972972972973,0,0.702702702703,0.189189189189,0.0810810810811,37,136,0.102102102102,1.32432432432,7.35135135135,13.6,3.88571428571,5.46308935908,0.743140831934,0.371621621622,6.39901925669,1.74090965072,0.769475357711,1.90108235332,0.517206228477,0.288553259141,0.579945114934,0.437917739848,2,1.33333333333,0.585540043769,2,0.0126105664938,0.0149892933619,7,0.000900900900901,0.267314303718,37,36,36,0.972972972973,0,0.702702702703,0.243243243243,0.027027027027,-80,-0.0600600600601,0,-4.32432432432,-8,-2.11428571429,-2.73600969052,0.0409031818525,0.0615615615616,-3.93031737231,-0.0284674570291,0.00421009244539,-1.18574911738,-0.011556569745,0.0358005063887,0,0,0,0.00900900900901,0.00559492883467,0,0.000440440323678,0.00901659711615,0,0,-0.353882277478,-0.027027027027,0,0,135,1,81,1115,0.625,0.999103942652,0.00089605734767,0.375,0.992647058824,0.625,0.767045454545,0.759767749983,0.624103942652,0.622119815668,7,87,0,0,0,0
2469,WLNM_dir_neg,0.991709604968,0.904780787898,00:00:02,10,60,25,1236052749,threshold_sweep,0.3,0.857142857143,0.0689655172414,0.127659574468,6,1,81,173,0.0689655172414,0.994252873563,0.00574712643678,0.931034482759,0.857142857143,0.0689655172414,0.127659574468,0.685823754789,0.657726692209,0.0820895522388,0.184464079499,0.0632183908046,216,129,87,0,216,0,129,0,87,37,216,0.162162162162,1.32432432432,11.6756756757,21.6,6,8.1990990496,0.702237650082,0.31006006006,10.329336629,1.76937710775,0.765265265265,3.0868314707,0.528762798222,0.252752752753,0.579945114934,0.437917739848,2,1.32432432432,0.579945114934,2,0.0121701261701,0.00597269624573,7,0.000900900900901,0.621196581197,37,37,37,1,0,0.72972972973,0.243243243243,0.027027027027,37,0.0968468468468,1.32046332046,6.97297297297,12.9,3.90909090909,5.2147572996,0.747852791027,0.36769327467,6.3184985102,1.81228251843,0.783993295621,2.12944465402,0.610770947277,0.340247223968,0.56884874529,0.430794810029,2,1.32936507937,0.574298349383,2,0,0,0,0,0.257314303718,37,36,36,0.972972972973,0,0.702702702703,0.189189189189,0.0810810810811,37,136,0.102102102102,1.32432432432,7.35135135135,13.6,3.88571428571,5.46308935908,0.743140831934,0.371621621622,6.39901925669,1.74090965072,0.769475357711,1.90108235332,0.517206228477,0.288553259141,0.579945114934,0.437917739848,2,1.33333333333,0.585540043769,2,0.0126105664938,0.0149892933619,7,0.000900900900901,0.267314303718,37,36,36,0.972972972973,0,0.702702702703,0.243243243243,0.027027027027,-80,-0.0600600600601,0,-4.32432432432,-8,-2.11428571429,-2.73600969052,0.0409031818525,0.0615615615616,-3.93031737231,-0.0284674570291,0.00421009244539,-1.18574911738,-0.011556569745,0.0358005063887,0,0,0,0.00900900900901,0.00559492883467,0,0.000440440323678,0.00901659711615,0,0,-0.353882277478,-0.027027027027,0,0,135,1,81,1115,0.625,0.999103942652,0.00089605734767,0.375,0.992647058824,0.625,0.767045454545,0.759767749983,0.624103942652,0.622119815668,7,87,0,0,0,0
2470,WLNM_dir_neg,0.991709604968,0.904780787898,00:00:02,10,60,25,1236052749,threshold_sweep,0.4,0.857142857143,0.0689655172414,0.127659574468,6,1,81,173,0.0689655172414,0.994252873563,0.00574712643678,0.931034482759,0.857142857143,0.0689655172414,0.127659574468,0.685823754789,0.657726692209,0.0820895522388,0.184464079499,0.0632183908046,216,129,87,0,216,0,129,0,87,37,216,0.162162162162,1.32432432432,11.6756756757,21.6,6,8.1990990496,0.702237650082,0.31006006006,10.329336629,1.76937710775,0.765265265265,3.0868314707,0.528762798222,0.252752752753,0.579945114934,0.437917739848,2,1.32432432432,0.579945114934,2,0.0121701261701,0.00597269624573,7,0.000900900900901,0.621196581197,37,37,37,1,0,0.72972972973,0.243243243243,0.027027027027,37,0.0968468468468,1.32046332046,6.97297297297,12.9,3.90909090909,5.2147572996,0.747852791027,0.36769327467,6.3184985102,1.81228251843,0.783993295621,2.12944465402,0.610770947277,0.340247223968,0.56884874529,0.430794810029,2,1.32936507937,0.574298349383,2,0,0,0,0,0.257314303718,37,36,36,0.972972972973,0,0.702702702703,0.189189189189,0.0810810810811,37,136,0.102102102102,1.32432432432,7.35135135135,13.6,3.88571428571,5.46308935908,0.743140831934,0.371621621622,6.39901925669,1.74090965072,0.769475357711,1.90108235332,0.517206228477,0.288553259141,0.579945114934,0.437917739848,2,1.33333333333,0.585540043769,2,0.0126105664938,0.0149892933619,7,0.000900900900901,0.267314303718,37,36,36,0.972972972973,0,0.702702702703,0.243243243243,0.027027027027,-80,-0.0600600600601,0,-4.32432432432,-8,-2.11428571429,-2.73600969052,0.0409031818525,0.0615615615616,-3.93031737231,-0.0284674570291,0.00421009244539,-1.18574911738,-0.011556569745,0.0358005063887,0,0,0,0.00900900900901,0.00559492883467,0,0.000440440323678,0.00901659711615,0,0,-0.353882277478,-0.027027027027,0,0,135,1,81,1115,0.625,0.999103942652,0.00089605734767,0.375,0.992647058824,0.625,0.767045454545,0.759767749983,0.624103942652,0.622119815668,7,87,0,0,0,0
2471,WLNM_dir_neg,0.991709604968,0.904780787898,00:00:02,10,60,25,1236052749,threshold_sweep,0.5,0.857142857143,0.0689655172414,0.127659574468,6,1,81,173,0.0689655172414,0.994252873563,0.00574712643678,0.931034482759,0.857142857143,0.0689655172414,0.127659574468,0.685823754789,0.657726692209,0.0820895522388,0.184464079499,0.0632183908046,216,129,87,0,216,0,129,0,87,37,216,0.162162162162,1.32432432432,11.6756756757,21.6,6,8.1990990496,0.702237650082,0.31006006006,10.329336629,1.76937710775,0.765265265265,3.0868314707,0.528762798222,0.252752752753,0.579945114934,0.437917739848,2,1.32432432432,0.579945114934,2,0.0121701261701,0.00597269624573,7,0.000900900900901,0.621196581197,37,37,37,1,0,0.72972972973,0.243243243243,0.027027027027,37,0.0968468468468,1.32046332046,6.97297297297,12.9,3.90909090909,5.2147572996,0.747852791027,0.36769327467,6.3184985102,1.81228251843,0.783993295621,2.12944465402,0.610770947277,0.340247223968,0.56884874529,0.430794810029,2,1.32936507937,0.574298349383,2,0,0,0,0,0.257314303718,37,36,36,0.972972972973,0,0.702702702703,0.189189189189,0.0810810810811,37,136,0.102102102102,1.32432432432,7.35135135135,13.6,3.88571428571,5.46308935908,0.743140831934,0.371621621622,6.39901925669,1.74090965072,0.769475357711,1.90108235332,0.517206228477,0.288553259141,0.579945114934,0.437917739848,2,1.33333333333,0.585540043769,2,0.0126105664938,0.0149892933619,7,0.000900900900901,0.267314303718,37,36,36,0.972972972973,0,0.702702702703,0.243243243243,0.027027027027,-80,-0.0600600600601,0,-4.32432432432,-8,-2.11428571429,-2.73600969052,0.0409031818525,0.0615615615616,-3.93031737231,-0.0284674570291,0.00421009244539,-1.18574911738,-0.011556569745,0.0358005063887,0,0,0,0.00900900900901,0.00559492883467,0,0.000440440323678,0.00901659711615,0,0,-0.353882277478,-0.027027027027,0,0,135,1,81,1115,0.625,0.999103942652,0.00089605734767,0.375,0.992647058824,0.625,0.767045454545,0.759767749983,0.624103942652,0.622119815668,7,87,0,0,0,0
2472,WLNM_dir_neg,0.991709604968,0.904780787898,00:00:02,10,60,25,1236052749,threshold_sweep,0.6,0.833333333333,0.0574712643678,0.10752688172,5,1,82,173,0.0574712643678,0.994252873563,0.00574712643678,0.942528735632,0.833333333333,0.0574712643678,0.10752688172,0.681992337165,0.659003831418,0.0674157303371,0.162697843364,0.051724137931,216,129,87,0,216,0,129,0,87,37,216,0.162162162162,1.32432432432,11.6756756757,21.6,6,8.1990990496,0.702237650082,0.31006006006,10.329336629,1.76937710775,0.765265265265,3.0868314707,0.528762798222,0.252752752753,0.579945114934,0.437917739848,2,1.32432432432,0.579945114934,2,0.0121701261701,0.00597269624573,7,0.000900900900901,0.621196581197,37,37,37,1,0,0.72972972973,0.243243243243,0.027027027027,37,0.0968468468468,1.32046332046,6.97297297297,12.9,3.90909090909,5.2147572996,0.747852791027,0.36769327467,6.3184985102,1.81228251843,0.783993295621,2.12944465402,0.610770947277,0.340247223968,0.56884874529,0.430794810029,2,1.32936507937,0.574298349383,2,0,0,0,0,0.257314303718,37,36,36,0.972972972973,0,0.702702702703,0.189189189189,0.0810810810811,37,135,0.101351351351,1.32432432432,7.2972972973,13.5,3.97058823529,5.43581162735,0.744907519304,0.37037037037,6.38233767786,1.74923328949,0.771571571572,1.94673824378,0.533550481628,0.297097097097,0.579945114934,0.437917739848,2,1.33333333333,0.585540043769,2,0.0141978680811,0.0151953690304,7,0.000900900900901,0.26904269878,37,36,36,0.972972972973,0,0.702702702703,0.216216216216,0.0540540540541,-81,-0.0608108108108,0,-4.37837837838,-8.1,-2.02941176471,-2.76328742225,0.0426698692218,0.0603103103103,-3.94699895114,-0.0201438182577,0.00630630630631,-1.14009322693,0.00478768340574,0.0443443443443,0,0,0,0.00900900900901,0.00559492883467,0,0.00202774191098,0.00922267278466,0,0,-0.352153882417,-0.027027027027,-0.027027027027,0.027027027027,134,1,82,1115,0.62037037037,0.999103942652,0.00089605734767,0.37962962963,0.992592592593,0.62037037037,0.763532763533,0.756603448044,0.619474313023,0.617511520737,6,87,0,0,0,0
2473,WLNM_dir_neg,0.991709604968,0.904780787898,00:00:02,10,60,25,1236052749,threshold_sweep,0.7,0.833333333333,0.0574712643678,0.10752688172,5,1,82,173,0.0574712643678,0.994252873563,0.00574712643678,0.942528735632,0.833333333333,0.0574712643678,0.10752688172,0.681992337165,0.659003831418,0.0674157303371,0.162697843364,0.051724137931,216,129,87,0,216,0,129,0,87,37,216,0.162162162162,1.32432432432,11.6756756757,21.6,6,8.1990990496,0.702237650082,0.31006006006,10.329336629,1.76937710775,0.765265265265,3.0868314707,0.528762798222,0.252752752753,0.579945114934,0.437917739848,2,1.32432432432,0.579945114934,2,0.0121701261701,0.00597269624573,7,0.000900900900901,0.621196581197,37,37,37,1,0,0.72972972973,0.243243243243,0.027027027027,37,0.0968468468468,1.32046332046,6.97297297297,12.9,3.90909090909,5.2147572996,0.747852791027,0.36769327467,6.3184985102,1.81228251843,0.783993295621,2.12944465402,0.610770947277,0.340247223968,0.56884874529,0.430794810029,2,1.32936507937,0.574298349383,2,0,0,0,0,0.257314303718,37,36,36,0.972972972973,0,0.702702702703,0.189189189189,0.0810810810811,37,135,0.101351351351,1.32432432432,7.2972972973,13.5,3.97058823529,5.43581162735,0.744907519304,0.37037037037,6.38233767786,1.74923328949,0.771571571572,1.94673824378,0.533550481628,0.297097097097,0.579945114934,0.437917739848,2,1.33333333333,0.585540043769,2,0.0141978680811,0.0151953690304,7,0.000900900900901,0.26904269878,37,36,36,0.972972972973,0,0.702702702703,0.216216216216,0.0540540540541,-81,-0.0608108108108,0,-4.37837837838,-8.1,-2.02941176471,-2.76328742225,0.0426698692218,0.0603103103103,-3.94699895114,-0.0201438182577,0.00630630630631,-1.14009322693,0.00478768340574,0.0443443443443,0,0,0,0.00900900900901,0.00559492883467,0,0.00202774191098,0.00922267278466,0,0,-0.352153882417,-0.027027027027,-0.027027027027,0.027027027027,134,1,82,1115,0.62037037037,0.999103942652,0.00089605734767,0.37962962963,0.992592592593,0.62037037037,0.763532763533,0.756603448044,0.619474313023,0.617511520737,6,87,0,0,0,0
2474,WLNM_dir_neg,0.991709604968,0.904780787898,00:00:02,10,60,25,1236052749,threshold_sweep,0.8,0.833333333333,0.0574712643678,0.10752688172,5,1,82,173,0.0574712643678,0.994252873563,0.00574712643678,0.942528735632,0.833333333333,0.0574712643678,0.10752688172,0.681992337165,0.659003831418,0.0674157303371,0.162697843364,0.051724137931,216,129,87,0,216,0,129,0,87,37,216,0.162162162162,1.32432432432,11.6756756757,21.6,6,8.1990990496,0.702237650082,0.31006006006,10.329336629,1.76937710775,0.765265265265,3.0868314707,0.528762798222,0.252752752753,0.579945114934,0.437917739848,2,1.32432432432,0.579945114934,2,0.0121701261701,0.00597269624573,7,0.000900900900901,0.621196581197,37,37,37,1,0,0.72972972973,0.243243243243,0.027027027027,37,0.0968468468468,1.32046332046,6.97297297297,12.9,3.90909090909,5.2147572996,0.747852791027,0.36769327467,6.3184985102,1.81228251843,0.783993295621,2.12944465402,0.610770947277,0.340247223968,0.56884874529,0.430794810029,2,1.32936507937,0.574298349383,2,0,0,0,0,0.257314303718,37,36,36,0.972972972973,0,0.702702702703,0.189189189189,0.0810810810811,37,135,0.101351351351,1.32432432432,7.2972972973,13.5,3.97058823529,5.43581162735,0.744907519304,0.37037037037,6.38233767786,1.74923328949,0.771571571572,1.94673824378,0.533550481628,0.297097097097,0.579945114934,0.437917739848,2,1.33333333333,0.585540043769,2,0.0141978680811,0.0151953690304,7,0.000900900900901,0.26904269878,37,36,36,0.972972972973,0,0.702702702703,0.216216216216,0.0540540540541,-81,-0.0608108108108,0,-4.37837837838,-8.1,-2.02941176471,-2.76328742225,0.0426698692218,0.0603103103103,-3.94699895114,-0.0201438182577,0.00630630630631,-1.14009322693,0.00478768340574,0.0443443443443,0,0,0,0.00900900900901,0.00559492883467,0,0.00202774191098,0.00922267278466,0,0,-0.352153882417,-0.027027027027,-0.027027027027,0.027027027027,134,1,82,1115,0.62037037037,0.999103942652,0.00089605734767,0.37962962963,0.992592592593,0.62037037037,0.763532763533,0.756603448044,0.619474313023,0.617511520737,6,87,0,0,0,0
2475,WLNM_dir_neg,0.991709604968,0.904780787898,00:00:02,10,60,25,1236052749,threshold_sweep,0.9,0.833333333333,0.0574712643678,0.10752688172,5,1,82,173,0.0574712643678,0.994252873563,0.00574712643678,0.942528735632,0.833333333333,0.0574712643678,0.10752688172,0.681992337165,0.659003831418,0.0674157303371,0.162697843364,0.051724137931,216,129,87,0,216,0,129,0,87,37,216,0.162162162162,1.32432432432,11.6756756757,21.6,6,8.1990990496,0.702237650082,0.31006006006,10.329336629,1.76937710775,0.765265265265,3.0868314707,0.528762798222,0.252752752753,0.579945114934,0.437917739848,2,1.32432432432,0.579945114934,2,0.0121701261701,0.00597269624573,7,0.000900900900901,0.621196581197,37,37,37,1,0,0.72972972973,0.243243243243,0.027027027027,37,0.0968468468468,1.32046332046,6.97297297297,12.9,3.90909090909,5.2147572996,0.747852791027,0.36769327467,6.3184985102,1.81228251843,0.783993295621,2.12944465402,0.610770947277,0.340247223968,0.56884874529,0.430794810029,2,1.32936507937,0.574298349383,2,0,0,0,0,0.257314303718,37,36,36,0.972972972973,0,0.702702702703,0.189189189189,0.0810810810811,37,135,0.101351351351,1.32432432432,7.2972972973,13.5,3.97058823529,5.43581162735,0.744907519304,0.37037037037,6.38233767786,1.74923328949,0.771571571572,1.94673824378,0.533550481628,0.297097097097,0.579945114934,0.437917739848,2,1.33333333333,0.585540043769,2,0.0141978680811,0.0151953690304,7,0.000900900900901,0.26904269878,37,36,36,0.972972972973,0,0.702702702703,0.216216216216,0.0540540540541,-81,-0.0608108108108,0,-4.37837837838,-8.1,-2.02941176471,-2.76328742225,0.0426698692218,0.0603103103103,-3.94699895114,-0.0201438182577,0.00630630630631,-1.14009322693,0.00478768340574,0.0443443443443,0,0,0,0.00900900900901,0.00559492883467,0,0.00202774191098,0.00922267278466,0,0,-0.352153882417,-0.027027027027,-0.027027027027,0.027027027027,134,1,82,1115,0.62037037037,0.999103942652,0.00089605734767,0.37962962963,0.992592592593,0.62037037037,0.763532763533,0.756603448044,0.619474313023,0.617511520737,6,87,0,0,0,0
2476,WLNM_dir_neg,0.994451050337,0.977657238796,00:00:03,10,60,26,1236052750,threshold_sweep,0.1,1,0.0344827586207,0.0666666666667,3,0,84,174,0.0344827586207,1,0,0.965517241379,1,0.0344827586207,0.0666666666667,0.67816091954,0.662835249042,0.0454545454545,0.152498570333,0.0344827586207,216,129,87,0,216,0,129,0,87,37,216,0.162162162162,1.32432432432,11.6756756757,21.6,6,8.1990990496,0.702237650082,0.31006006006,10.329336629,1.76937710775,0.765265265265,3.0868314707,0.528762798222,0.252752752753,0.579945114934,0.437917739848,2,1.32432432432,0.579945114934,2,0.0121701261701,0.00597269624573,7,0.000900900900901,0.621196581197,37,37,37,1,0,0.72972972973,0.243243243243,0.027027027027,37,0.0968468468468,1.32432432432,6.97297297297,12.9,3.58333333333,5.25191227865,0.753181218255,0.374397653467,6.22102895036,1.78432613305,0.778965011523,1.95251435649,0.560023497599,0.314267756128,0.579945114934,0.437917739848,2,1.32432432432,0.579945114934,2,0.0116439909297,0.00947119179163,4,0.000514800514801,0.247642247856,37,37,37,1,0,0.72972972973,0.243243243243,0.027027027027,37,132,0.0990990990991,1.32432432432,7.13513513514,13.2,3.66666666667,5.36015216493,0.751233447358,0.379197379197,6.26959391092,1.757386172,0.773136773137,1.86399422598,0.522483230009,0.292383292383,0.579945114934,0.437917739848,2,1.32432432432,0.579945114934,2,0.0135335066428,0.0158251695554,7,0.000900900900901,0.254308914522,37,37,37,1,0,0.72972972973,0.243243243243,0.027027027027,-84,-0.0630630630631,0,-4.54054054054,-8.4,-2.33333333333,-2.83894688467,0.0489957972761,0.0691373191373,-4.05974271808,-0.0119909357459,0.00787150787151,-1.22283724473,-0.00627956821382,0.0396305396305,0,0,0,0,0,0,0.00136338047262,0.00985247330965,0,0,-0.366887666674,0,0,0,132,0,84,1116,0.611111111111,1,0,0.388888888889,1,0.611111111111,0.758620689655,0.753878858527,0.611111111111,0.611111111111,3,87,0,0,0,0
2477,WLNM_dir_neg,0.994451050337,0.977657238796,00:00:03,10,60,26,1236052750,threshold_sweep,0.2,1,0.0344827586207,0.0666666666667,3,0,84,174,0.0344827586207,1,0,0.965517241379,1,0.0344827586207,0.0666666666667,0.67816091954,0.662835249042,0.0454545454545,0.152498570333,0.0344827586207,216,129,87,0,216,0,129,0,87,37,216,0.162162162162,1.32432432432,11.6756756757,21.6,6,8.1990990496,0.702237650082,0.31006006006,10.329336629,1.76937710775,0.765265265265,3.0868314707,0.528762798222,0.252752752753,0.579945114934,0.437917739848,2,1.32432432432,0.579945114934,2,0.0121701261701,0.00597269624573,7,0.000900900900901,0.621196581197,37,37,37,1,0,0.72972972973,0.243243243243,0.027027027027,37,0.0968468468468,1.32432432432,6.97297297297,12.9,3.58333333333,5.25191227865,0.753181218255,0.374397653467,6.22102895036,1.78432613305,0.778965011523,1.95251435649,0.560023497599,0.314267756128,0.579945114934,0.437917739848,2,1.32432432432,0.579945114934,2,0.0116439909297,0.00947119179163,4,0.000514800514801,0.247642247856,37,37,37,1,0,0.72972972973,0.243243243243,0.027027027027,37,132,0.0990990990991,1.32432432432,7.13513513514,13.2,3.66666666667,5.36015216493,0.751233447358,0.379197379197,6.26959391092,1.757386172,0.773136773137,1.86399422598,0.522483230009,0.292383292383,0.579945114934,0.437917739848,2,1.32432432432,0.579945114934,2,0.0135335066428,0.0158251695554,7,0.000900900900901,0.254308914522,37,37,37,1,0,0.72972972973,0.243243243243,0.027027027027,-84,-0.0630630630631,0,-4.54054054054,-8.4,-2.33333333333,-2.83894688467,0.0489957972761,0.0691373191373,-4.05974271808,-0.0119909357459,0.00787150787151,-1.22283724473,-0.00627956821382,0.0396305396305,0,0,0,0,0,0,0.00136338047262,0.00985247330965,0,0,-0.366887666674,0,0,0,132,0,84,1116,0.611111111111,1,0,0.388888888889,1,0.611111111111,0.758620689655,0.753878858527,0.611111111111,0.611111111111,3,87,0,0,0,0
2478,WLNM_dir_neg,0.994451050337,0.977657238796,00:00:03,10,60,26,1236052750,threshold_sweep,0.3,1,0.0344827586207,0.0666666666667,3,0,84,174,0.0344827586207,1,0,0.965517241379,1,0.0344827586207,0.0666666666667,0.67816091954,0.662835249042,0.0454545454545,0.152498570333,0.0344827586207,216,129,87,0,216,0,129,0,87,37,216,0.162162162162,1.32432432432,11.6756756757,21.6,6,8.1990990496,0.702237650082,0.31006006006,10.329336629,1.76937710775,0.765265265265,3.0868314707,0.528762798222,0.252752752753,0.579945114934,0.437917739848,2,1.32432432432,0.579945114934,2,0.0121701261701,0.00597269624573,7,0.000900900900901,0.621196581197,37,37,37,1,0,0.72972972973,0.243243243243,0.027027027027,37,0.0968468468468,1.32432432432,6.97297297297,12.9,3.58333333333,5.25191227865,0.753181218255,0.374397653467,6.22102895036,1.78432613305,0.778965011523,1.95251435649,0.560023497599,0.314267756128,0.579945114934,0.437917739848,2,1.32432432432,0.579945114934,2,0.0116439909297,0.00947119179163,4,0.000514800514801,0.247642247856,37,37,37,1,0,0.72972972973,0.243243243243,0.027027027027,37,132,0.0990990990991,1.32432432432,7.13513513514,13.2,3.66666666667,5.36015216493,0.751233447358,0.379197379197,6.26959391092,1.757386172,0.773136773137,1.86399422598,0.522483230009,0.292383292383,0.579945114934,0.437917739848,2,1.32432432432,0.579945114934,2,0.0135335066428,0.0158251695554,7,0.000900900900901,0.254308914522,37,37,37,1,0,0.72972972973,0.243243243243,0.027027027027,-84,-0.0630630630631,0,-4.54054054054,-8.4,-2.33333333333,-2.83894688467,0.0489957972761,0.0691373191373,-4.05974271808,-0.0119909357459,0.00787150787151,-1.22283724473,-0.00627956821382,0.0396305396305,0,0,0,0,0,0,0.00136338047262,0.00985247330965,0,0,-0.366887666674,0,0,0,132,0,84,1116,0.611111111111,1,0,0.388888888889,1,0.611111111111,0.758620689655,0.753878858527,0.611111111111,0.611111111111,3,87,0,0,0,0
2479,WLNM_dir_neg,0.994451050337,0.977657238796,00:00:03,10,60,26,1236052750,threshold_sweep,0.4,1,0.0114942528736,0.0227272727273,1,0,86,174,0.0114942528736,1,0,0.988505747126,1,0.0114942528736,0.0227272727273,0.670498084291,0.665389527458,0.0152671755725,0.0877058019307,0.0114942528736,216,129,87,0,216,0,129,0,87,37,216,0.162162162162,1.32432432432,11.6756756757,21.6,6,8.1990990496,0.702237650082,0.31006006006,10.329336629,1.76937710775,0.765265265265,3.0868314707,0.528762798222,0.252752752753,0.579945114934,0.437917739848,2,1.32432432432,0.579945114934,2,0.0121701261701,0.00597269624573,7,0.000900900900901,0.621196581197,37,37,37,1,0,0.72972972973,0.243243243243,0.027027027027,37,0.0968468468468,1.32432432432,6.97297297297,12.9,3.58333333333,5.25191227865,0.753181218255,0.374397653467,6.22102895036,1.78432613305,0.778965011523,1.95251435649,0.560023497599,0.314267756128,0.579945114934,0.437917739848,2,1.32432432432,0.579945114934,2,0.0116439909297,0.00947119179163,4,0.000514800514801,0.247642247856,37,37,37,1,0,0.72972972973,0.243243243243,0.027027027027,37,130,0.0975975975976,1.32432432432,7.02702702703,13,3.61111111111,5.29405582017,0.753384866716,0.376091476091,6.2477623622,1.7782092877,0.777546777547,1.92385061821,0.547557483645,0.307276507277,0.579945114934,0.437917739848,2,1.32432432432,0.579945114934,2,0.0139150532008,0.0116459627329,5,0.000643500643501,0.249864470078,37,37,37,1,0,0.72972972973,0.243243243243,0.027027027027,-86,-0.0645645645646,0,-4.64864864865,-8.6,-2.38888888889,-2.90504322944,0.051147216634,0.0660314160314,-4.0815742668,0.00883217995802,0.0122815122815,-1.16298085249,0.018794685423,0.0545237545238,0,0,0,0,0,0,0.00174492703064,0.00567326648719,-2,-0.0002574002574,-0.371332111119,0,0,0,130,0,86,1116,0.601851851852,1,0,0.398148148148,1,0.601851851852,0.751445086705,0.747523179606,0.601851851852,0.601851851852,1,87,0,0,0,0
2480,WLNM_dir_neg,0.994451050337,0.977657238796,00:00:03,10,60,26,1236052750,threshold_sweep,0.5,1,0.0114942528736,0.0227272727273,1,0,86,174,0.0114942528736,1,0,0.988505747126,1,0.0114942528736,0.0227272727273,0.670498084291,0.665389527458,0.0152671755725,0.0877058019307,0.0114942528736,216,129,87,0,216,0,129,0,87,37,216,0.162162162162,1.32432432432,11.6756756757,21.6,6,8.1990990496,0.702237650082,0.31006006006,10.329336629,1.76937710775,0.765265265265,3.0868314707,0.528762798222,0.252752752753,0.579945114934,0.437917739848,2,1.32432432432,0.579945114934,2,0.0121701261701,0.00597269624573,7,0.000900900900901,0.621196581197,37,37,37,1,0,0.72972972973,0.243243243243,0.027027027027,37,0.0968468468468,1.32432432432,6.97297297297,12.9,3.58333333333,5.25191227865,0.753181218255,0.374397653467,6.22102895036,1.78432613305,0.778965011523,1.95251435649,0.560023497599,0.314267756128,0.579945114934,0.437917739848,2,1.32432432432,0.579945114934,2,0.0116439909297,0.00947119179163,4,0.000514800514801,0.247642247856,37,37,37,1,0,0.72972972973,0.243243243243,0.027027027027,37,130,0.0975975975976,1.32432432432,7.02702702703,13,3.61111111111,5.29405582017,0.753384866716,0.376091476091,6.2477623622,1.7782092877,0.777546777547,1.92385061821,0.547557483645,0.307276507277,0.579945114934,0.437917739848,2,1.32432432432,0.579945114934,2,0.0139150532008,0.0116459627329,5,0.000643500643501,0.249864470078,37,37,37,1,0,0.72972972973,0.243243243243,0.027027027027,-86,-0.0645645645646,0,-4.64864864865,-8.6,-2.38888888889,-2.90504322944,0.051147216634,0.0660314160314,-4.0815742668,0.00883217995802,0.0122815122815,-1.16298085249,0.018794685423,0.0545237545238,0,0,0,0,0,0,0.00174492703064,0.00567326648719,-2,-0.0002574002574,-0.371332111119,0,0,0,130,0,86,1116,0.601851851852,1,0,0.398148148148,1,0.601851851852,0.751445086705,0.747523179606,0.601851851852,0.601851851852,1,87,0,0,0,0
2481,WLNM_dir_neg,0.994451050337,0.977657238796,00:00:03,10,60,26,1236052750,threshold_sweep,0.6,1,0.0114942528736,0.0227272727273,1,0,86,174,0.0114942528736,1,0,0.988505747126,1,0.0114942528736,0.0227272727273,0.670498084291,0.665389527458,0.0152671755725,0.0877058019307,0.0114942528736,216,129,87,0,216,0,129,0,87,37,216,0.162162162162,1.32432432432,11.6756756757,21.6,6,8.1990990496,0.702237650082,0.31006006006,10.329336629,1.76937710775,0.765265265265,3.0868314707,0.528762798222,0.252752752753,0.579945114934,0.437917739848,2,1.32432432432,0.579945114934,2,0.0121701261701,0.00597269624573,7,0.000900900900901,0.621196581197,37,37,37,1,0,0.72972972973,0.243243243243,0.027027027027,37,0.0968468468468,1.32432432432,6.97297297297,12.9,3.58333333333,5.25191227865,0.753181218255,0.374397653467,6.22102895036,1.78432613305,0.778965011523,1.95251435649,0.560023497599,0.314267756128,0.579945114934,0.437917739848,2,1.32432432432,0.579945114934,2,0.0116439909297,0.00947119179163,4,0.000514800514801,0.247642247856,37,37,37,1,0,0.72972972973,0.243243243243,0.027027027027,37,130,0.0975975975976,1.32432432432,7.02702702703,13,3.61111111111,5.29405582017,0.753384866716,0.376091476091,6.2477623622,1.7782092877,0.777546777547,1.92385061821,0.547557483645,0.307276507277,0.579945114934,0.437917739848,2,1.32432432432,0.579945114934,2,0.0139150532008,0.0116459627329,5,0.000643500643501,0.249864470078,37,37,37,1,0,0.72972972973,0.243243243243,0.027027027027,-86,-0.0645645645646,0,-4.64864864865,-8.6,-2.38888888889,-2.90504322944,0.051147216634,0.0660314160314,-4.0815742668,0.00883217995802,0.0122815122815,-1.16298085249,0.018794685423,0.0545237545238,0,0,0,0,0,0,0.00174492703064,0.00567326648719,-2,-0.0002574002574,-0.371332111119,0,0,0,130,0,86,1116,0.601851851852,1,0,0.398148148148,1,0.601851851852,0.751445086705,0.747523179606,0.601851851852,0.601851851852,1,87,0,0,0,0
2482,WLNM_dir_neg,0.994451050337,0.977657238796,00:00:03,10,60,26,1236052750,threshold_sweep,0.7,1,0.0114942528736,0.0227272727273,1,0,86,174,0.0114942528736,1,0,0.988505747126,1,0.0114942528736,0.0227272727273,0.670498084291,0.665389527458,0.0152671755725,0.0877058019307,0.0114942528736,216,129,87,0,216,0,129,0,87,37,216,0.162162162162,1.32432432432,11.6756756757,21.6,6,8.1990990496,0.702237650082,0.31006006006,10.329336629,1.76937710775,0.765265265265,3.0868314707,0.528762798222,0.252752752753,0.579945114934,0.437917739848,2,1.32432432432,0.579945114934,2,0.0121701261701,0.00597269624573,7,0.000900900900901,0.621196581197,37,37,37,1,0,0.72972972973,0.243243243243,0.027027027027,37,0.0968468468468,1.32432432432,6.97297297297,12.9,3.58333333333,5.25191227865,0.753181218255,0.374397653467,6.22102895036,1.78432613305,0.778965011523,1.95251435649,0.560023497599,0.314267756128,0.579945114934,0.437917739848,2,1.32432432432,0.579945114934,2,0.0116439909297,0.00947119179163,4,0.000514800514801,0.247642247856,37,37,37,1,0,0.72972972973,0.243243243243,0.027027027027,37,130,0.0975975975976,1.32432432432,7.02702702703,13,3.61111111111,5.29405582017,0.753384866716,0.376091476091,6.2477623622,1.7782092877,0.777546777547,1.92385061821,0.547557483645,0.307276507277,0.579945114934,0.437917739848,2,1.32432432432,0.579945114934,2,0.0139150532008,0.0116459627329,5,0.000643500643501,0.249864470078,37,37,37,1,0,0.72972972973,0.243243243243,0.027027027027,-86,-0.0645645645646,0,-4.64864864865,-8.6,-2.38888888889,-2.90504322944,0.051147216634,0.0660314160314,-4.0815742668,0.00883217995802,0.0122815122815,-1.16298085249,0.018794685423,0.0545237545238,0,0,0,0,0,0,0.00174492703064,0.00567326648719,-2,-0.0002574002574,-0.371332111119,0,0,0,130,0,86,1116,0.601851851852,1,0,0.398148148148,1,0.601851851852,0.751445086705,0.747523179606,0.601851851852,0.601851851852,1,87,0,0,0,0
2483,WLNM_dir_neg,0.994451050337,0.977657238796,00:00:03,10,60,26,1236052750,threshold_sweep,0.8,1,0.0114942528736,0.0227272727273,1,0,86,174,0.0114942528736,1,0,0.988505747126,1,0.0114942528736,0.0227272727273,0.670498084291,0.665389527458,0.0152671755725,0.0877058019307,0.0114942528736,216,129,87,0,216,0,129,0,87,37,216,0.162162162162,1.32432432432,11.6756756757,21.6,6,8.1990990496,0.702237650082,0.31006006006,10.329336629,1.76937710775,0.765265265265,3.0868314707,0.528762798222,0.252752752753,0.579945114934,0.437917739848,2,1.32432432432,0.579945114934,2,0.0121701261701,0.00597269624573,7,0.000900900900901,0.621196581197,37,37,37,1,0,0.72972972973,0.243243243243,0.027027027027,37,0.0968468468468,1.32432432432,6.97297297297,12.9,3.58333333333,5.25191227865,0.753181218255,0.374397653467,6.22102895036,1.78432613305,0.778965011523,1.95251435649,0.560023497599,0.314267756128,0.579945114934,0.437917739848,2,1.32432432432,0.579945114934,2,0.0116439909297,0.00947119179163,4,0.000514800514801,0.247642247856,37,37,37,1,0,0.72972972973,0.243243243243,0.027027027027,37,130,0.0975975975976,1.32432432432,7.02702702703,13,3.61111111111,5.29405582017,0.753384866716,0.376091476091,6.2477623622,1.7782092877,0.777546777547,1.92385061821,0.547557483645,0.307276507277,0.579945114934,0.437917739848,2,1.32432432432,0.579945114934,2,0.0139150532008,0.0116459627329,5,0.000643500643501,0.249864470078,37,37,37,1,0,0.72972972973,0.243243243243,0.027027027027,-86,-0.0645645645646,0,-4.64864864865,-8.6,-2.38888888889,-2.90504322944,0.051147216634,0.0660314160314,-4.0815742668,0.00883217995802,0.0122815122815,-1.16298085249,0.018794685423,0.0545237545238,0,0,0,0,0,0,0.00174492703064,0.00567326648719,-2,-0.0002574002574,-0.371332111119,0,0,0,130,0,86,1116,0.601851851852,1,0,0.398148148148,1,0.601851851852,0.751445086705,0.747523179606,0.601851851852,0.601851851852,1,87,0,0,0,0
2484,WLNM_dir_neg,0.994451050337,0.977657238796,00:00:03,10,60,26,1236052750,threshold_sweep,0.9,1,0.0114942528736,0.0227272727273,1,0,86,174,0.0114942528736,1,0,0.988505747126,1,0.0114942528736,0.0227272727273,0.670498084291,0.665389527458,0.0152671755725,0.0877058019307,0.0114942528736,216,129,87,0,216,0,129,0,87,37,216,0.162162162162,1.32432432432,11.6756756757,21.6,6,8.1990990496,0.702237650082,0.31006006006,10.329336629,1.76937710775,0.765265265265,3.0868314707,0.528762798222,0.252752752753,0.579945114934,0.437917739848,2,1.32432432432,0.579945114934,2,0.0121701261701,0.00597269624573,7,0.000900900900901,0.621196581197,37,37,37,1,0,0.72972972973,0.243243243243,0.027027027027,37,0.0968468468468,1.32432432432,6.97297297297,12.9,3.58333333333,5.25191227865,0.753181218255,0.374397653467,6.22102895036,1.78432613305,0.778965011523,1.95251435649,0.560023497599,0.314267756128,0.579945114934,0.437917739848,2,1.32432432432,0.579945114934,2,0.0116439909297,0.00947119179163,4,0.000514800514801,0.247642247856,37,37,37,1,0,0.72972972973,0.243243243243,0.027027027027,37,130,0.0975975975976,1.32432432432,7.02702702703,13,3.61111111111,5.29405582017,0.753384866716,0.376091476091,6.2477623622,1.7782092877,0.777546777547,1.92385061821,0.547557483645,0.307276507277,0.579945114934,0.437917739848,2,1.32432432432,0.579945114934,2,0.0139150532008,0.0116459627329,5,0.000643500643501,0.249864470078,37,37,37,1,0,0.72972972973,0.243243243243,0.027027027027,-86,-0.0645645645646,0,-4.64864864865,-8.6,-2.38888888889,-2.90504322944,0.051147216634,0.0660314160314,-4.0815742668,0.00883217995802,0.0122815122815,-1.16298085249,0.018794685423,0.0545237545238,0,0,0,0,0,0,0.00174492703064,0.00567326648719,-2,-0.0002574002574,-0.371332111119,0,0,0,130,0,86,1116,0.601851851852,1,0,0.398148148148,1,0.601851851852,0.751445086705,0.747523179606,0.601851851852,0.601851851852,1,87,0,0,0,0
2485,WLNM_dir_neg,0.981272294887,0.955618952009,00:00:02,10,60,27,1236052751,threshold_sweep,0.1,1,0.0459770114943,0.0879120879121,4,0,83,174,0.0459770114943,1,0,0.954022988506,1,0.0459770114943,0.0879120879121,0.681992337165,0.661558109834,0.0603773584906,0.176432436556,0.0459770114943,216,129,87,0,216,0,129,0,87,37,216,0.162162162162,1.32432432432,11.6756756757,21.6,6,8.1990990496,0.702237650082,0.31006006006,10.329336629,1.76937710775,0.765265265265,3.0868314707,0.528762798222,0.252752752753,0.579945114934,0.437917739848,2,1.32432432432,0.579945114934,2,0.0121701261701,0.00597269624573,7,0.000900900900901,0.621196581197,37,37,37,1,0,0.72972972973,0.243243243243,0.027027027027,37,0.0968468468468,1.32432432432,6.97297297297,12.9,4.03125,5.29405582017,0.759225059481,0.370626440394,6.33167356155,1.81606140913,0.783993295621,2.23136258349,0.64000322162,0.352817934213,0.579945114934,0.437917739848,2,1.34285714286,0.591252764842,2,0,0,0,0,0.267239826857,37,35,35,0.945945945946,0,0.675675675676,0.189189189189,0.0810810810811,37,133,0.0998498498498,1.32432432432,7.18918918919,13.3,3.8,5.31161116924,0.738833132564,0.365169680959,6.37468717951,1.77340921535,0.776264986791,2.08778803016,0.580813211397,0.320260109734,0.579945114934,0.437917739848,2,1.33333333333,0.585540043769,2,0.00930437565776,0.00676183320811,3,0.0003861003861,0.267557287175,37,36,36,0.972972972973,0,0.702702702703,0.243243243243,0.027027027027,-83,-0.0623123123123,0,-4.48648648649,-8.3,-2.2,-2.88748788036,0.0365954824818,0.0551096208991,-3.95464944949,0.00403210760768,0.010999721526,-0.999043440549,0.0520504131741,0.067507356981,0,0,0,0.00900900900901,0.00559492883467,0,-0.00286575051237,0.00078913696238,-4,-0.000514800514801,-0.353639294022,-0.027027027027,0,0,133,0,83,1116,0.615740740741,1,0,0.384259259259,1,0.615740740741,0.76217765043,0.757044573298,0.615740740741,0.615740740741,4,87,0,0,0,0
2486,WLNM_dir_neg,0.981272294887,0.955618952009,00:00:02,10,60,27,1236052751,threshold_sweep,0.2,1,0.0459770114943,0.0879120879121,4,0,83,174,0.0459770114943,1,0,0.954022988506,1,0.0459770114943,0.0879120879121,0.681992337165,0.661558109834,0.0603773584906,0.176432436556,0.0459770114943,216,129,87,0,216,0,129,0,87,37,216,0.162162162162,1.32432432432,11.6756756757,21.6,6,8.1990990496,0.702237650082,0.31006006006,10.329336629,1.76937710775,0.765265265265,3.0868314707,0.528762798222,0.252752752753,0.579945114934,0.437917739848,2,1.32432432432,0.579945114934,2,0.0121701261701,0.00597269624573,7,0.000900900900901,0.621196581197,37,37,37,1,0,0.72972972973,0.243243243243,0.027027027027,37,0.0968468468468,1.32432432432,6.97297297297,12.9,4.03125,5.29405582017,0.759225059481,0.370626440394,6.33167356155,1.81606140913,0.783993295621,2.23136258349,0.64000322162,0.352817934213,0.579945114934,0.437917739848,2,1.34285714286,0.591252764842,2,0,0,0,0,0.267239826857,37,35,35,0.945945945946,0,0.675675675676,0.189189189189,0.0810810810811,37,133,0.0998498498498,1.32432432432,7.18918918919,13.3,3.8,5.31161116924,0.738833132564,0.365169680959,6.37468717951,1.77340921535,0.776264986791,2.08778803016,0.580813211397,0.320260109734,0.579945114934,0.437917739848,2,1.33333333333,0.585540043769,2,0.00930437565776,0.00676183320811,3,0.0003861003861,0.267557287175,37,36,36,0.972972972973,0,0.702702702703,0.243243243243,0.027027027027,-83,-0.0623123123123,0,-4.48648648649,-8.3,-2.2,-2.88748788036,0.0365954824818,0.0551096208991,-3.95464944949,0.00403210760768,0.010999721526,-0.999043440549,0.0520504131741,0.067507356981,0,0,0,0.00900900900901,0.00559492883467,0,-0.00286575051237,0.00078913696238,-4,-0.000514800514801,-0.353639294022,-0.027027027027,0,0,133,0,83,1116,0.615740740741,1,0,0.384259259259,1,0.615740740741,0.76217765043,0.757044573298,0.615740740741,0.615740740741,4,87,0,0,0,0
2487,WLNM_dir_neg,0.981272294887,0.955618952009,00:00:02,10,60,27,1236052751,threshold_sweep,0.3,1,0.0459770114943,0.0879120879121,4,0,83,174,0.0459770114943,1,0,0.954022988506,1,0.0459770114943,0.0879120879121,0.681992337165,0.661558109834,0.0603773584906,0.176432436556,0.0459770114943,216,129,87,0,216,0,129,0,87,37,216,0.162162162162,1.32432432432,11.6756756757,21.6,6,8.1990990496,0.702237650082,0.31006006006,10.329336629,1.76937710775,0.765265265265,3.0868314707,0.528762798222,0.252752752753,0.579945114934,0.437917739848,2,1.32432432432,0.579945114934,2,0.0121701261701,0.00597269624573,7,0.000900900900901,0.621196581197,37,37,37,1,0,0.72972972973,0.243243243243,0.027027027027,37,0.0968468468468,1.32432432432,6.97297297297,12.9,4.03125,5.29405582017,0.759225059481,0.370626440394,6.33167356155,1.81606140913,0.783993295621,2.23136258349,0.64000322162,0.352817934213,0.579945114934,0.437917739848,2,1.34285714286,0.591252764842,2,0,0,0,0,0.267239826857,37,35,35,0.945945945946,0,0.675675675676,0.189189189189,0.0810810810811,37,133,0.0998498498498,1.32432432432,7.18918918919,13.3,3.8,5.31161116924,0.738833132564,0.365169680959,6.37468717951,1.77340921535,0.776264986791,2.08778803016,0.580813211397,0.320260109734,0.579945114934,0.437917739848,2,1.33333333333,0.585540043769,2,0.00930437565776,0.00676183320811,3,0.0003861003861,0.267557287175,37,36,36,0.972972972973,0,0.702702702703,0.243243243243,0.027027027027,-83,-0.0623123123123,0,-4.48648648649,-8.3,-2.2,-2.88748788036,0.0365954824818,0.0551096208991,-3.95464944949,0.00403210760768,0.010999721526,-0.999043440549,0.0520504131741,0.067507356981,0,0,0,0.00900900900901,0.00559492883467,0,-0.00286575051237,0.00078913696238,-4,-0.000514800514801,-0.353639294022,-0.027027027027,0,0,133,0,83,1116,0.615740740741,1,0,0.384259259259,1,0.615740740741,0.76217765043,0.757044573298,0.615740740741,0.615740740741,4,87,0,0,0,0
2488,WLNM_dir_neg,0.981272294887,0.955618952009,00:00:02,10,60,27,1236052751,threshold_sweep,0.4,1,0.0459770114943,0.0879120879121,4,0,83,174,0.0459770114943,1,0,0.954022988506,1,0.0459770114943,0.0879120879121,0.681992337165,0.661558109834,0.0603773584906,0.176432436556,0.0459770114943,216,129,87,0,216,0,129,0,87,37,216,0.162162162162,1.32432432432,11.6756756757,21.6,6,8.1990990496,0.702237650082,0.31006006006,10.329336629,1.76937710775,0.765265265265,3.0868314707,0.528762798222,0.252752752753,0.579945114934,0.437917739848,2,1.32432432432,0.579945114934,2,0.0121701261701,0.00597269624573,7,0.000900900900901,0.621196581197,37,37,37,1,0,0.72972972973,0.243243243243,0.027027027027,37,0.0968468468468,1.32432432432,6.97297297297,12.9,4.03125,5.29405582017,0.759225059481,0.370626440394,6.33167356155,1.81606140913,0.783993295621,2.23136258349,0.64000322162,0.352817934213,0.579945114934,0.437917739848,2,1.34285714286,0.591252764842,2,0,0,0,0,0.267239826857,37,35,35,0.945945945946,0,0.675675675676,0.189189189189,0.0810810810811,37,133,0.0998498498498,1.32432432432,7.18918918919,13.3,3.8,5.31161116924,0.738833132564,0.365169680959,6.37468717951,1.77340921535,0.776264986791,2.08778803016,0.580813211397,0.320260109734,0.579945114934,0.437917739848,2,1.33333333333,0.585540043769,2,0.00930437565776,0.00676183320811,3,0.0003861003861,0.267557287175,37,36,36,0.972972972973,0,0.702702702703,0.243243243243,0.027027027027,-83,-0.0623123123123,0,-4.48648648649,-8.3,-2.2,-2.88748788036,0.0365954824818,0.0551096208991,-3.95464944949,0.00403210760768,0.010999721526,-0.999043440549,0.0520504131741,0.067507356981,0,0,0,0.00900900900901,0.00559492883467,0,-0.00286575051237,0.00078913696238,-4,-0.000514800514801,-0.353639294022,-0.027027027027,0,0,133,0,83,1116,0.615740740741,1,0,0.384259259259,1,0.615740740741,0.76217765043,0.757044573298,0.615740740741,0.615740740741,4,87,0,0,0,0
2489,WLNM_dir_neg,0.981272294887,0.955618952009,00:00:02,10,60,27,1236052751,threshold_sweep,0.5,1,0.0459770114943,0.0879120879121,4,0,83,174,0.0459770114943,1,0,0.954022988506,1,0.0459770114943,0.0879120879121,0.681992337165,0.661558109834,0.0603773584906,0.176432436556,0.0459770114943,216,129,87,0,216,0,129,0,87,37,216,0.162162162162,1.32432432432,11.6756756757,21.6,6,8.1990990496,0.702237650082,0.31006006006,10.329336629,1.76937710775,0.765265265265,3.0868314707,0.528762798222,0.252752752753,0.579945114934,0.437917739848,2,1.32432432432,0.579945114934,2,0.0121701261701,0.00597269624573,7,0.000900900900901,0.621196581197,37,37,37,1,0,0.72972972973,0.243243243243,0.027027027027,37,0.0968468468468,1.32432432432,6.97297297297,12.9,4.03125,5.29405582017,0.759225059481,0.370626440394,6.33167356155,1.81606140913,0.783993295621,2.23136258349,0.64000322162,0.352817934213,0.579945114934,0.437917739848,2,1.34285714286,0.591252764842,2,0,0,0,0,0.267239826857,37,35,35,0.945945945946,0,0.675675675676,0.189189189189,0.0810810810811,37,133,0.0998498498498,1.32432432432,7.18918918919,13.3,3.8,5.31161116924,0.738833132564,0.365169680959,6.37468717951,1.77340921535,0.776264986791,2.08778803016,0.580813211397,0.320260109734,0.579945114934,0.437917739848,2,1.33333333333,0.585540043769,2,0.00930437565776,0.00676183320811,3,0.0003861003861,0.267557287175,37,36,36,0.972972972973,0,0.702702702703,0.243243243243,0.027027027027,-83,-0.0623123123123,0,-4.48648648649,-8.3,-2.2,-2.88748788036,0.0365954824818,0.0551096208991,-3.95464944949,0.00403210760768,0.010999721526,-0.999043440549,0.0520504131741,0.067507356981,0,0,0,0.00900900900901,0.00559492883467,0,-0.00286575051237,0.00078913696238,-4,-0.000514800514801,-0.353639294022,-0.027027027027,0,0,133,0,83,1116,0.615740740741,1,0,0.384259259259,1,0.615740740741,0.76217765043,0.757044573298,0.615740740741,0.615740740741,4,87,0,0,0,0
2490,WLNM_dir_neg,0.981272294887,0.955618952009,00:00:02,10,60,27,1236052751,threshold_sweep,0.6,1,0.0459770114943,0.0879120879121,4,0,83,174,0.0459770114943,1,0,0.954022988506,1,0.0459770114943,0.0879120879121,0.681992337165,0.661558109834,0.0603773584906,0.176432436556,0.0459770114943,216,129,87,0,216,0,129,0,87,37,216,0.162162162162,1.32432432432,11.6756756757,21.6,6,8.1990990496,0.702237650082,0.31006006006,10.329336629,1.76937710775,0.765265265265,3.0868314707,0.528762798222,0.252752752753,0.579945114934,0.437917739848,2,1.32432432432,0.579945114934,2,0.0121701261701,0.00597269624573,7,0.000900900900901,0.621196581197,37,37,37,1,0,0.72972972973,0.243243243243,0.027027027027,37,0.0968468468468,1.32432432432,6.97297297297,12.9,4.03125,5.29405582017,0.759225059481,0.370626440394,6.33167356155,1.81606140913,0.783993295621,2.23136258349,0.64000322162,0.352817934213,0.579945114934,0.437917739848,2,1.34285714286,0.591252764842,2,0,0,0,0,0.267239826857,37,35,35,0.945945945946,0,0.675675675676,0.189189189189,0.0810810810811,37,133,0.0998498498498,1.32432432432,7.18918918919,13.3,3.8,5.31161116924,0.738833132564,0.365169680959,6.37468717951,1.77340921535,0.776264986791,2.08778803016,0.580813211397,0.320260109734,0.579945114934,0.437917739848,2,1.33333333333,0.585540043769,2,0.00930437565776,0.00676183320811,3,0.0003861003861,0.267557287175,37,36,36,0.972972972973,0,0.702702702703,0.243243243243,0.027027027027,-83,-0.0623123123123,0,-4.48648648649,-8.3,-2.2,-2.88748788036,0.0365954824818,0.0551096208991,-3.95464944949,0.00403210760768,0.010999721526,-0.999043440549,0.0520504131741,0.067507356981,0,0,0,0.00900900900901,0.00559492883467,0,-0.00286575051237,0.00078913696238,-4,-0.000514800514801,-0.353639294022,-0.027027027027,0,0,133,0,83,1116,0.615740740741,1,0,0.384259259259,1,0.615740740741,0.76217765043,0.757044573298,0.615740740741,0.615740740741,4,87,0,0,0,0
2491,WLNM_dir_neg,0.981272294887,0.955618952009,00:00:02,10,60,27,1236052751,threshold_sweep,0.7,1,0.0459770114943,0.0879120879121,4,0,83,174,0.0459770114943,1,0,0.954022988506,1,0.0459770114943,0.0879120879121,0.681992337165,0.661558109834,0.0603773584906,0.176432436556,0.0459770114943,216,129,87,0,216,0,129,0,87,37,216,0.162162162162,1.32432432432,11.6756756757,21.6,6,8.1990990496,0.702237650082,0.31006006006,10.329336629,1.76937710775,0.765265265265,3.0868314707,0.528762798222,0.252752752753,0.579945114934,0.437917739848,2,1.32432432432,0.579945114934,2,0.0121701261701,0.00597269624573,7,0.000900900900901,0.621196581197,37,37,37,1,0,0.72972972973,0.243243243243,0.027027027027,37,0.0968468468468,1.32432432432,6.97297297297,12.9,4.03125,5.29405582017,0.759225059481,0.370626440394,6.33167356155,1.81606140913,0.783993295621,2.23136258349,0.64000322162,0.352817934213,0.579945114934,0.437917739848,2,1.34285714286,0.591252764842,2,0,0,0,0,0.267239826857,37,35,35,0.945945945946,0,0.675675675676,0.189189189189,0.0810810810811,37,133,0.0998498498498,1.32432432432,7.18918918919,13.3,3.8,5.31161116924,0.738833132564,0.365169680959,6.37468717951,1.77340921535,0.776264986791,2.08778803016,0.580813211397,0.320260109734,0.579945114934,0.437917739848,2,1.33333333333,0.585540043769,2,0.00930437565776,0.00676183320811,3,0.0003861003861,0.267557287175,37,36,36,0.972972972973,0,0.702702702703,0.243243243243,0.027027027027,-83,-0.0623123123123,0,-4.48648648649,-8.3,-2.2,-2.88748788036,0.0365954824818,0.0551096208991,-3.95464944949,0.00403210760768,0.010999721526,-0.999043440549,0.0520504131741,0.067507356981,0,0,0,0.00900900900901,0.00559492883467,0,-0.00286575051237,0.00078913696238,-4,-0.000514800514801,-0.353639294022,-0.027027027027,0,0,133,0,83,1116,0.615740740741,1,0,0.384259259259,1,0.615740740741,0.76217765043,0.757044573298,0.615740740741,0.615740740741,4,87,0,0,0,0
2492,WLNM_dir_neg,0.981272294887,0.955618952009,00:00:02,10,60,27,1236052751,threshold_sweep,0.8,1,0.0459770114943,0.0879120879121,4,0,83,174,0.0459770114943,1,0,0.954022988506,1,0.0459770114943,0.0879120879121,0.681992337165,0.661558109834,0.0603773584906,0.176432436556,0.0459770114943,216,129,87,0,216,0,129,0,87,37,216,0.162162162162,1.32432432432,11.6756756757,21.6,6,8.1990990496,0.702237650082,0.31006006006,10.329336629,1.76937710775,0.765265265265,3.0868314707,0.528762798222,0.252752752753,0.579945114934,0.437917739848,2,1.32432432432,0.579945114934,2,0.0121701261701,0.00597269624573,7,0.000900900900901,0.621196581197,37,37,37,1,0,0.72972972973,0.243243243243,0.027027027027,37,0.0968468468468,1.32432432432,6.97297297297,12.9,4.03125,5.29405582017,0.759225059481,0.370626440394,6.33167356155,1.81606140913,0.783993295621,2.23136258349,0.64000322162,0.352817934213,0.579945114934,0.437917739848,2,1.34285714286,0.591252764842,2,0,0,0,0,0.267239826857,37,35,35,0.945945945946,0,0.675675675676,0.189189189189,0.0810810810811,37,133,0.0998498498498,1.32432432432,7.18918918919,13.3,3.8,5.31161116924,0.738833132564,0.365169680959,6.37468717951,1.77340921535,0.776264986791,2.08778803016,0.580813211397,0.320260109734,0.579945114934,0.437917739848,2,1.33333333333,0.585540043769,2,0.00930437565776,0.00676183320811,3,0.0003861003861,0.267557287175,37,36,36,0.972972972973,0,0.702702702703,0.243243243243,0.027027027027,-83,-0.0623123123123,0,-4.48648648649,-8.3,-2.2,-2.88748788036,0.0365954824818,0.0551096208991,-3.95464944949,0.00403210760768,0.010999721526,-0.999043440549,0.0520504131741,0.067507356981,0,0,0,0.00900900900901,0.00559492883467,0,-0.00286575051237,0.00078913696238,-4,-0.000514800514801,-0.353639294022,-0.027027027027,0,0,133,0,83,1116,0.615740740741,1,0,0.384259259259,1,0.615740740741,0.76217765043,0.757044573298,0.615740740741,0.615740740741,4,87,0,0,0,0
2493,WLNM_dir_neg,0.981272294887,0.955618952009,00:00:02,10,60,27,1236052751,threshold_sweep,0.9,1,0.0459770114943,0.0879120879121,4,0,83,174,0.0459770114943,1,0,0.954022988506,1,0.0459770114943,0.0879120879121,0.681992337165,0.661558109834,0.0603773584906,0.176432436556,0.0459770114943,216,129,87,0,216,0,129,0,87,37,216,0.162162162162,1.32432432432,11.6756756757,21.6,6,8.1990990496,0.702237650082,0.31006006006,10.329336629,1.76937710775,0.765265265265,3.0868314707,0.528762798222,0.252752752753,0.579945114934,0.437917739848,2,1.32432432432,0.579945114934,2,0.0121701261701,0.00597269624573,7,0.000900900900901,0.621196581197,37,37,37,1,0,0.72972972973,0.243243243243,0.027027027027,37,0.0968468468468,1.32432432432,6.97297297297,12.9,4.03125,5.29405582017,0.759225059481,0.370626440394,6.33167356155,1.81606140913,0.783993295621,2.23136258349,0.64000322162,0.352817934213,0.579945114934,0.437917739848,2,1.34285714286,0.591252764842,2,0,0,0,0,0.267239826857,37,35,35,0.945945945946,0,0.675675675676,0.189189189189,0.0810810810811,37,133,0.0998498498498,1.32432432432,7.18918918919,13.3,3.8,5.31161116924,0.738833132564,0.365169680959,6.37468717951,1.77340921535,0.776264986791,2.08778803016,0.580813211397,0.320260109734,0.579945114934,0.437917739848,2,1.33333333333,0.585540043769,2,0.00930437565776,0.00676183320811,3,0.0003861003861,0.267557287175,37,36,36,0.972972972973,0,0.702702702703,0.243243243243,0.027027027027,-83,-0.0623123123123,0,-4.48648648649,-8.3,-2.2,-2.88748788036,0.0365954824818,0.0551096208991,-3.95464944949,0.00403210760768,0.010999721526,-0.999043440549,0.0520504131741,0.067507356981,0,0,0,0.00900900900901,0.00559492883467,0,-0.00286575051237,0.00078913696238,-4,-0.000514800514801,-0.353639294022,-0.027027027027,0,0,133,0,83,1116,0.615740740741,1,0,0.384259259259,1,0.615740740741,0.76217765043,0.757044573298,0.615740740741,0.615740740741,4,87,0,0,0,0
2494,WLNM_dir_neg,0.996862201083,0.982043209897,00:00:02,10,60,28,1236052752,threshold_sweep,0.1,1,0.0114942528736,0.0227272727273,1,0,86,174,0.0114942528736,1,0,0.988505747126,1,0.0114942528736,0.0227272727273,0.670498084291,0.665389527458,0.0152671755725,0.0877058019307,0.0114942528736,216,129,87,0,216,0,129,0,87,37,216,0.162162162162,1.32432432432,11.6756756757,21.6,6,8.1990990496,0.702237650082,0.31006006006,10.329336629,1.76937710775,0.765265265265,3.0868314707,0.528762798222,0.252752752753,0.579945114934,0.437917739848,2,1.32432432432,0.579945114934,2,0.0121701261701,0.00597269624573,7,0.000900900900901,0.621196581197,37,37,37,1,0,0.72972972973,0.243243243243,0.027027027027,37,0.0968468468468,1.32972972973,6.97297297297,12.9,4.03125,5.18269817377,0.743255164455,0.379006913891,6.28764936479,1.80343431393,0.780222082548,2.35255914581,0.674765026318,0.380892520427,0.59668755311,0.448728444412,2.2,1.33888888889,0.602507985852,2.2,0.0183873616923,0.00717703349282,3,0.0003861003861,0.287162851996,37,36,36,0.972972972973,0,0.702702702703,0.162162162162,0.108108108108,37,130,0.0975975975976,1.32882882883,7.02702702703,13,4.0625,5.23602100033,0.745126065432,0.379625779626,6.29647882913,1.79207474367,0.778378378378,2.32882447244,0.662819272924,0.37422037422,0.593803505044,0.446862298711,2.16666666667,1.33796296296,0.5995846593,2.16666666667,0.0205201446301,0.00939702427565,4,0.000514800514801,0.2908665557,37,36,36,0.972972972973,0,0.702702702703,0.162162162162,0.108108108108,-86,-0.0645645645646,0.0045045045045,-4.64864864865,-8.6,-1.9375,-2.96307804927,0.04288841535,0.0695657195657,-4.03285779987,0.0226976359293,0.0131131131131,-0.758006998267,0.134056474702,0.121467621468,0.0138583901096,0.00894455886265,0.166666666667,0.0136386386386,0.019639544366,0.166666666667,0.00835001845993,0.00342432802991,-3,-0.0003861003861,-0.330330025496,-0.027027027027,-0.0810810810811,0.0810810810811,130,0,86,1116,0.601851851852,1,0,0.398148148148,1,0.601851851852,0.751445086705,0.747523179606,0.601851851852,0.601851851852,1,87,0,0,0,0
2495,WLNM_dir_neg,0.996862201083,0.982043209897,00:00:02,10,60,28,1236052752,threshold_sweep,0.2,1,0.0114942528736,0.0227272727273,1,0,86,174,0.0114942528736,1,0,0.988505747126,1,0.0114942528736,0.0227272727273,0.670498084291,0.665389527458,0.0152671755725,0.0877058019307,0.0114942528736,216,129,87,0,216,0,129,0,87,37,216,0.162162162162,1.32432432432,11.6756756757,21.6,6,8.1990990496,0.702237650082,0.31006006006,10.329336629,1.76937710775,0.765265265265,3.0868314707,0.528762798222,0.252752752753,0.579945114934,0.437917739848,2,1.32432432432,0.579945114934,2,0.0121701261701,0.00597269624573,7,0.000900900900901,0.621196581197,37,37,37,1,0,0.72972972973,0.243243243243,0.027027027027,37,0.0968468468468,1.32972972973,6.97297297297,12.9,4.03125,5.18269817377,0.743255164455,0.379006913891,6.28764936479,1.80343431393,0.780222082548,2.35255914581,0.674765026318,0.380892520427,0.59668755311,0.448728444412,2.2,1.33888888889,0.602507985852,2.2,0.0183873616923,0.00717703349282,3,0.0003861003861,0.287162851996,37,36,36,0.972972972973,0,0.702702702703,0.162162162162,0.108108108108,37,130,0.0975975975976,1.32882882883,7.02702702703,13,4.0625,5.23602100033,0.745126065432,0.379625779626,6.29647882913,1.79207474367,0.778378378378,2.32882447244,0.662819272924,0.37422037422,0.593803505044,0.446862298711,2.16666666667,1.33796296296,0.5995846593,2.16666666667,0.0205201446301,0.00939702427565,4,0.000514800514801,0.2908665557,37,36,36,0.972972972973,0,0.702702702703,0.162162162162,0.108108108108,-86,-0.0645645645646,0.0045045045045,-4.64864864865,-8.6,-1.9375,-2.96307804927,0.04288841535,0.0695657195657,-4.03285779987,0.0226976359293,0.0131131131131,-0.758006998267,0.134056474702,0.121467621468,0.0138583901096,0.00894455886265,0.166666666667,0.0136386386386,0.019639544366,0.166666666667,0.00835001845993,0.00342432802991,-3,-0.0003861003861,-0.330330025496,-0.027027027027,-0.0810810810811,0.0810810810811,130,0,86,1116,0.601851851852,1,0,0.398148148148,1,0.601851851852,0.751445086705,0.747523179606,0.601851851852,0.601851851852,1,87,0,0,0,0
2496,WLNM_dir_neg,0.996862201083,0.982043209897,00:00:02,10,60,28,1236052752,threshold_sweep,0.3,1,0.0114942528736,0.0227272727273,1,0,86,174,0.0114942528736,1,0,0.988505747126,1,0.0114942528736,0.0227272727273,0.670498084291,0.665389527458,0.0152671755725,0.0877058019307,0.0114942528736,216,129,87,0,216,0,129,0,87,37,216,0.162162162162,1.32432432432,11.6756756757,21.6,6,8.1990990496,0.702237650082,0.31006006006,10.329336629,1.76937710775,0.765265265265,3.0868314707,0.528762798222,0.252752752753,0.579945114934,0.437917739848,2,1.32432432432,0.579945114934,2,0.0121701261701,0.00597269624573,7,0.000900900900901,0.621196581197,37,37,37,1,0,0.72972972973,0.243243243243,0.027027027027,37,0.0968468468468,1.32972972973,6.97297297297,12.9,4.03125,5.18269817377,0.743255164455,0.379006913891,6.28764936479,1.80343431393,0.780222082548,2.35255914581,0.674765026318,0.380892520427,0.59668755311,0.448728444412,2.2,1.33888888889,0.602507985852,2.2,0.0183873616923,0.00717703349282,3,0.0003861003861,0.287162851996,37,36,36,0.972972972973,0,0.702702702703,0.162162162162,0.108108108108,37,130,0.0975975975976,1.32882882883,7.02702702703,13,4.0625,5.23602100033,0.745126065432,0.379625779626,6.29647882913,1.79207474367,0.778378378378,2.32882447244,0.662819272924,0.37422037422,0.593803505044,0.446862298711,2.16666666667,1.33796296296,0.5995846593,2.16666666667,0.0205201446301,0.00939702427565,4,0.000514800514801,0.2908665557,37,36,36,0.972972972973,0,0.702702702703,0.162162162162,0.108108108108,-86,-0.0645645645646,0.0045045045045,-4.64864864865,-8.6,-1.9375,-2.96307804927,0.04288841535,0.0695657195657,-4.03285779987,0.0226976359293,0.0131131131131,-0.758006998267,0.134056474702,0.121467621468,0.0138583901096,0.00894455886265,0.166666666667,0.0136386386386,0.019639544366,0.166666666667,0.00835001845993,0.00342432802991,-3,-0.0003861003861,-0.330330025496,-0.027027027027,-0.0810810810811,0.0810810810811,130,0,86,1116,0.601851851852,1,0,0.398148148148,1,0.601851851852,0.751445086705,0.747523179606,0.601851851852,0.601851851852,1,87,0,0,0,0
2497,WLNM_dir_neg,0.996862201083,0.982043209897,00:00:02,10,60,28,1236052752,threshold_sweep,0.4,1,0.0114942528736,0.0227272727273,1,0,86,174,0.0114942528736,1,0,0.988505747126,1,0.0114942528736,0.0227272727273,0.670498084291,0.665389527458,0.0152671755725,0.0877058019307,0.0114942528736,216,129,87,0,216,0,129,0,87,37,216,0.162162162162,1.32432432432,11.6756756757,21.6,6,8.1990990496,0.702237650082,0.31006006006,10.329336629,1.76937710775,0.765265265265,3.0868314707,0.528762798222,0.252752752753,0.579945114934,0.437917739848,2,1.32432432432,0.579945114934,2,0.0121701261701,0.00597269624573,7,0.000900900900901,0.621196581197,37,37,37,1,0,0.72972972973,0.243243243243,0.027027027027,37,0.0968468468468,1.32972972973,6.97297297297,12.9,4.03125,5.18269817377,0.743255164455,0.379006913891,6.28764936479,1.80343431393,0.780222082548,2.35255914581,0.674765026318,0.380892520427,0.59668755311,0.448728444412,2.2,1.33888888889,0.602507985852,2.2,0.0183873616923,0.00717703349282,3,0.0003861003861,0.287162851996,37,36,36,0.972972972973,0,0.702702702703,0.162162162162,0.108108108108,37,130,0.0975975975976,1.32882882883,7.02702702703,13,4.0625,5.23602100033,0.745126065432,0.379625779626,6.29647882913,1.79207474367,0.778378378378,2.32882447244,0.662819272924,0.37422037422,0.593803505044,0.446862298711,2.16666666667,1.33796296296,0.5995846593,2.16666666667,0.0205201446301,0.00939702427565,4,0.000514800514801,0.2908665557,37,36,36,0.972972972973,0,0.702702702703,0.162162162162,0.108108108108,-86,-0.0645645645646,0.0045045045045,-4.64864864865,-8.6,-1.9375,-2.96307804927,0.04288841535,0.0695657195657,-4.03285779987,0.0226976359293,0.0131131131131,-0.758006998267,0.134056474702,0.121467621468,0.0138583901096,0.00894455886265,0.166666666667,0.0136386386386,0.019639544366,0.166666666667,0.00835001845993,0.00342432802991,-3,-0.0003861003861,-0.330330025496,-0.027027027027,-0.0810810810811,0.0810810810811,130,0,86,1116,0.601851851852,1,0,0.398148148148,1,0.601851851852,0.751445086705,0.747523179606,0.601851851852,0.601851851852,1,87,0,0,0,0
2498,WLNM_dir_neg,0.996862201083,0.982043209897,00:00:02,10,60,28,1236052752,threshold_sweep,0.5,1,0.0114942528736,0.0227272727273,1,0,86,174,0.0114942528736,1,0,0.988505747126,1,0.0114942528736,0.0227272727273,0.670498084291,0.665389527458,0.0152671755725,0.0877058019307,0.0114942528736,216,129,87,0,216,0,129,0,87,37,216,0.162162162162,1.32432432432,11.6756756757,21.6,6,8.1990990496,0.702237650082,0.31006006006,10.329336629,1.76937710775,0.765265265265,3.0868314707,0.528762798222,0.252752752753,0.579945114934,0.437917739848,2,1.32432432432,0.579945114934,2,0.0121701261701,0.00597269624573,7,0.000900900900901,0.621196581197,37,37,37,1,0,0.72972972973,0.243243243243,0.027027027027,37,0.0968468468468,1.32972972973,6.97297297297,12.9,4.03125,5.18269817377,0.743255164455,0.379006913891,6.28764936479,1.80343431393,0.780222082548,2.35255914581,0.674765026318,0.380892520427,0.59668755311,0.448728444412,2.2,1.33888888889,0.602507985852,2.2,0.0183873616923,0.00717703349282,3,0.0003861003861,0.287162851996,37,36,36,0.972972972973,0,0.702702702703,0.162162162162,0.108108108108,37,130,0.0975975975976,1.32882882883,7.02702702703,13,4.0625,5.23602100033,0.745126065432,0.379625779626,6.29647882913,1.79207474367,0.778378378378,2.32882447244,0.662819272924,0.37422037422,0.593803505044,0.446862298711,2.16666666667,1.33796296296,0.5995846593,2.16666666667,0.0205201446301,0.00939702427565,4,0.000514800514801,0.2908665557,37,36,36,0.972972972973,0,0.702702702703,0.162162162162,0.108108108108,-86,-0.0645645645646,0.0045045045045,-4.64864864865,-8.6,-1.9375,-2.96307804927,0.04288841535,0.0695657195657,-4.03285779987,0.0226976359293,0.0131131131131,-0.758006998267,0.134056474702,0.121467621468,0.0138583901096,0.00894455886265,0.166666666667,0.0136386386386,0.019639544366,0.166666666667,0.00835001845993,0.00342432802991,-3,-0.0003861003861,-0.330330025496,-0.027027027027,-0.0810810810811,0.0810810810811,130,0,86,1116,0.601851851852,1,0,0.398148148148,1,0.601851851852,0.751445086705,0.747523179606,0.601851851852,0.601851851852,1,87,0,0,0,0
2499,WLNM_dir_neg,0.996862201083,0.982043209897,00:00:02,10,60,28,1236052752,threshold_sweep,0.6,1,0.0114942528736,0.0227272727273,1,0,86,174,0.0114942528736,1,0,0.988505747126,1,0.0114942528736,0.0227272727273,0.670498084291,0.665389527458,0.0152671755725,0.0877058019307,0.0114942528736,216,129,87,0,216,0,129,0,87,37,216,0.162162162162,1.32432432432,11.6756756757,21.6,6,8.1990990496,0.702237650082,0.31006006006,10.329336629,1.76937710775,0.765265265265,3.0868314707,0.528762798222,0.252752752753,0.579945114934,0.437917739848,2,1.32432432432,0.579945114934,2,0.0121701261701,0.00597269624573,7,0.000900900900901,0.621196581197,37,37,37,1,0,0.72972972973,0.243243243243,0.027027027027,37,0.0968468468468,1.32972972973,6.97297297297,12.9,4.03125,5.18269817377,0.743255164455,0.379006913891,6.28764936479,1.80343431393,0.780222082548,2.35255914581,0.674765026318,0.380892520427,0.59668755311,0.448728444412,2.2,1.33888888889,0.602507985852,2.2,0.0183873616923,0.00717703349282,3,0.0003861003861,0.287162851996,37,36,36,0.972972972973,0,0.702702702703,0.162162162162,0.108108108108,37,130,0.0975975975976,1.32882882883,7.02702702703,13,4.0625,5.23602100033,0.745126065432,0.379625779626,6.29647882913,1.79207474367,0.778378378378,2.32882447244,0.662819272924,0.37422037422,0.593803505044,0.446862298711,2.16666666667,1.33796296296,0.5995846593,2.16666666667,0.0205201446301,0.00939702427565,4,0.000514800514801,0.2908665557,37,36,36,0.972972972973,0,0.702702702703,0.162162162162,0.108108108108,-86,-0.0645645645646,0.0045045045045,-4.64864864865,-8.6,-1.9375,-2.96307804927,0.04288841535,0.0695657195657,-4.03285779987,0.0226976359293,0.0131131131131,-0.758006998267,0.134056474702,0.121467621468,0.0138583901096,0.00894455886265,0.166666666667,0.0136386386386,0.019639544366,0.166666666667,0.00835001845993,0.00342432802991,-3,-0.0003861003861,-0.330330025496,-0.027027027027,-0.0810810810811,0.0810810810811,130,0,86,1116,0.601851851852,1,0,0.398148148148,1,0.601851851852,0.751445086705,0.747523179606,0.601851851852,0.601851851852,1,87,0,0,0,0
2500,WLNM_dir_neg,0.996862201083,0.982043209897,00:00:02,10,60,28,1236052752,threshold_sweep,0.7,1,0.0114942528736,0.0227272727273,1,0,86,174,0.0114942528736,1,0,0.988505747126,1,0.0114942528736,0.0227272727273,0.670498084291,0.665389527458,0.0152671755725,0.0877058019307,0.0114942528736,216,129,87,0,216,0,129,0,87,37,216,0.162162162162,1.32432432432,11.6756756757,21.6,6,8.1990990496,0.702237650082,0.31006006006,10.329336629,1.76937710775,0.765265265265,3.0868314707,0.528762798222,0.252752752753,0.579945114934,0.437917739848,2,1.32432432432,0.579945114934,2,0.0121701261701,0.00597269624573,7,0.000900900900901,0.621196581197,37,37,37,1,0,0.72972972973,0.243243243243,0.027027027027,37,0.0968468468468,1.32972972973,6.97297297297,12.9,4.03125,5.18269817377,0.743255164455,0.379006913891,6.28764936479,1.80343431393,0.780222082548,2.35255914581,0.674765026318,0.380892520427,0.59668755311,0.448728444412,2.2,1.33888888889,0.602507985852,2.2,0.0183873616923,0.00717703349282,3,0.0003861003861,0.287162851996,37,36,36,0.972972972973,0,0.702702702703,0.162162162162,0.108108108108,37,130,0.0975975975976,1.32882882883,7.02702702703,13,4.0625,5.23602100033,0.745126065432,0.379625779626,6.29647882913,1.79207474367,0.778378378378,2.32882447244,0.662819272924,0.37422037422,0.593803505044,0.446862298711,2.16666666667,1.33796296296,0.5995846593,2.16666666667,0.0205201446301,0.00939702427565,4,0.000514800514801,0.2908665557,37,36,36,0.972972972973,0,0.702702702703,0.162162162162,0.108108108108,-86,-0.0645645645646,0.0045045045045,-4.64864864865,-8.6,-1.9375,-2.96307804927,0.04288841535,0.0695657195657,-4.03285779987,0.0226976359293,0.0131131131131,-0.758006998267,0.134056474702,0.121467621468,0.0138583901096,0.00894455886265,0.166666666667,0.0136386386386,0.019639544366,0.166666666667,0.00835001845993,0.00342432802991,-3,-0.0003861003861,-0.330330025496,-0.027027027027,-0.0810810810811,0.0810810810811,130,0,86,1116,0.601851851852,1,0,0.398148148148,1,0.601851851852,0.751445086705,0.747523179606,0.601851851852,0.601851851852,1,87,0,0,0,0
2501,WLNM_dir_neg,0.996862201083,0.982043209897,00:00:02,10,60,28,1236052752,threshold_sweep,0.8,1,0.0114942528736,0.0227272727273,1,0,86,174,0.0114942528736,1,0,0.988505747126,1,0.0114942528736,0.0227272727273,0.670498084291,0.665389527458,0.0152671755725,0.0877058019307,0.0114942528736,216,129,87,0,216,0,129,0,87,37,216,0.162162162162,1.32432432432,11.6756756757,21.6,6,8.1990990496,0.702237650082,0.31006006006,10.329336629,1.76937710775,0.765265265265,3.0868314707,0.528762798222,0.252752752753,0.579945114934,0.437917739848,2,1.32432432432,0.579945114934,2,0.0121701261701,0.00597269624573,7,0.000900900900901,0.621196581197,37,37,37,1,0,0.72972972973,0.243243243243,0.027027027027,37,0.0968468468468,1.32972972973,6.97297297297,12.9,4.03125,5.18269817377,0.743255164455,0.379006913891,6.28764936479,1.80343431393,0.780222082548,2.35255914581,0.674765026318,0.380892520427,0.59668755311,0.448728444412,2.2,1.33888888889,0.602507985852,2.2,0.0183873616923,0.00717703349282,3,0.0003861003861,0.287162851996,37,36,36,0.972972972973,0,0.702702702703,0.162162162162,0.108108108108,37,130,0.0975975975976,1.32882882883,7.02702702703,13,4.0625,5.23602100033,0.745126065432,0.379625779626,6.29647882913,1.79207474367,0.778378378378,2.32882447244,0.662819272924,0.37422037422,0.593803505044,0.446862298711,2.16666666667,1.33796296296,0.5995846593,2.16666666667,0.0205201446301,0.00939702427565,4,0.000514800514801,0.2908665557,37,36,36,0.972972972973,0,0.702702702703,0.162162162162,0.108108108108,-86,-0.0645645645646,0.0045045045045,-4.64864864865,-8.6,-1.9375,-2.96307804927,0.04288841535,0.0695657195657,-4.03285779987,0.0226976359293,0.0131131131131,-0.758006998267,0.134056474702,0.121467621468,0.0138583901096,0.00894455886265,0.166666666667,0.0136386386386,0.019639544366,0.166666666667,0.00835001845993,0.00342432802991,-3,-0.0003861003861,-0.330330025496,-0.027027027027,-0.0810810810811,0.0810810810811,130,0,86,1116,0.601851851852,1,0,0.398148148148,1,0.601851851852,0.751445086705,0.747523179606,0.601851851852,0.601851851852,1,87,0,0,0,0
2502,WLNM_dir_neg,0.996862201083,0.982043209897,00:00:02,10,60,28,1236052752,threshold_sweep,0.9,1,0.0114942528736,0.0227272727273,1,0,86,174,0.0114942528736,1,0,0.988505747126,1,0.0114942528736,0.0227272727273,0.670498084291,0.665389527458,0.0152671755725,0.0877058019307,0.0114942528736,216,129,87,0,216,0,129,0,87,37,216,0.162162162162,1.32432432432,11.6756756757,21.6,6,8.1990990496,0.702237650082,0.31006006006,10.329336629,1.76937710775,0.765265265265,3.0868314707,0.528762798222,0.252752752753,0.579945114934,0.437917739848,2,1.32432432432,0.579945114934,2,0.0121701261701,0.00597269624573,7,0.000900900900901,0.621196581197,37,37,37,1,0,0.72972972973,0.243243243243,0.027027027027,37,0.0968468468468,1.32972972973,6.97297297297,12.9,4.03125,5.18269817377,0.743255164455,0.379006913891,6.28764936479,1.80343431393,0.780222082548,2.35255914581,0.674765026318,0.380892520427,0.59668755311,0.448728444412,2.2,1.33888888889,0.602507985852,2.2,0.0183873616923,0.00717703349282,3,0.0003861003861,0.287162851996,37,36,36,0.972972972973,0,0.702702702703,0.162162162162,0.108108108108,37,130,0.0975975975976,1.32882882883,7.02702702703,13,4.0625,5.23602100033,0.745126065432,0.379625779626,6.29647882913,1.79207474367,0.778378378378,2.32882447244,0.662819272924,0.37422037422,0.593803505044,0.446862298711,2.16666666667,1.33796296296,0.5995846593,2.16666666667,0.0205201446301,0.00939702427565,4,0.000514800514801,0.2908665557,37,36,36,0.972972972973,0,0.702702702703,0.162162162162,0.108108108108,-86,-0.0645645645646,0.0045045045045,-4.64864864865,-8.6,-1.9375,-2.96307804927,0.04288841535,0.0695657195657,-4.03285779987,0.0226976359293,0.0131131131131,-0.758006998267,0.134056474702,0.121467621468,0.0138583901096,0.00894455886265,0.166666666667,0.0136386386386,0.019639544366,0.166666666667,0.00835001845993,0.00342432802991,-3,-0.0003861003861,-0.330330025496,-0.027027027027,-0.0810810810811,0.0810810810811,130,0,86,1116,0.601851851852,1,0,0.398148148148,1,0.601851851852,0.751445086705,0.747523179606,0.601851851852,0.601851851852,1,87,0,0,0,0
2503,WLNM_dir_neg,0.994979521733,0.979554187595,00:00:02,10,60,29,1236052753,threshold_sweep,0.1,1,0.0804597701149,0.148936170213,7,0,80,174,0.0804597701149,1,0,0.919540229885,1,0.0804597701149,0.148936170213,0.693486590038,0.657726692209,0.10447761194,0.234772464817,0.0804597701149,216,129,87,0,216,0,129,0,87,37,216,0.162162162162,1.32432432432,11.6756756757,21.6,6,8.1990990496,0.702237650082,0.31006006006,10.329336629,1.76937710775,0.765265265265,3.0868314707,0.528762798222,0.252752752753,0.579945114934,0.437917739848,2,1.32432432432,0.579945114934,2,0.0121701261701,0.00597269624573,7,0.000900900900901,0.621196581197,37,37,37,1,0,0.72972972973,0.243243243243,0.027027027027,37,0.0968468468468,1.32432432432,6.97297297297,12.9,3.90909090909,5.28355144916,0.757718618678,0.384454221664,6.35794175999,1.8235956986,0.783155248272,2.3407218927,0.671369845194,0.375445212655,0.579945114934,0.437917739848,2,1.33333333333,0.585540043769,2,0,0,0,0,0.276034756412,37,36,36,0.972972972973,0,0.702702702703,0.189189189189,0.0810810810811,37,136,0.102102102102,1.32432432432,7.35135135135,13.6,3.77777777778,5.42738025722,0.738283343813,0.3759936407,6.41635953401,1.74562722616,0.769077901431,2.12202804011,0.577316452088,0.321939586645,0.579945114934,0.437917739848,2,1.32432432432,0.579945114934,2,0.0116953448046,0.0107604017217,5,0.000643500643501,0.283971264349,37,37,37,1,0,0.72972972973,0.243243243243,0.027027027027,-80,-0.0600600600601,0,-4.32432432432,-8,-2.22222222222,-2.77171879238,0.0360456937311,0.0659335806395,-3.91297709499,-0.0237498815811,0.00381263616558,-0.964803430596,0.0485536538657,0.0691868338927,0,0,0,0,0,0,-0.000474781365538,0.00478770547593,-2,-0.0002574002574,-0.337225316848,0,0,0,136,0,80,1116,0.62962962963,1,0,0.37037037037,1,0.62962962963,0.772727272727,0.766494576197,0.62962962963,0.62962962963,7,87,0,0,0,0
2504,WLNM_dir_neg,0.994979521733,0.979554187595,00:00:02,10,60,29,1236052753,threshold_sweep,0.2,1,0.0804597701149,0.148936170213,7,0,80,174,0.0804597701149,1,0,0.919540229885,1,0.0804597701149,0.148936170213,0.693486590038,0.657726692209,0.10447761194,0.234772464817,0.0804597701149,216,129,87,0,216,0,129,0,87,37,216,0.162162162162,1.32432432432,11.6756756757,21.6,6,8.1990990496,0.702237650082,0.31006006006,10.329336629,1.76937710775,0.765265265265,3.0868314707,0.528762798222,0.252752752753,0.579945114934,0.437917739848,2,1.32432432432,0.579945114934,2,0.0121701261701,0.00597269624573,7,0.000900900900901,0.621196581197,37,37,37,1,0,0.72972972973,0.243243243243,0.027027027027,37,0.0968468468468,1.32432432432,6.97297297297,12.9,3.90909090909,5.28355144916,0.757718618678,0.384454221664,6.35794175999,1.8235956986,0.783155248272,2.3407218927,0.671369845194,0.375445212655,0.579945114934,0.437917739848,2,1.33333333333,0.585540043769,2,0,0,0,0,0.276034756412,37,36,36,0.972972972973,0,0.702702702703,0.189189189189,0.0810810810811,37,136,0.102102102102,1.32432432432,7.35135135135,13.6,3.77777777778,5.42738025722,0.738283343813,0.3759936407,6.41635953401,1.74562722616,0.769077901431,2.12202804011,0.577316452088,0.321939586645,0.579945114934,0.437917739848,2,1.32432432432,0.579945114934,2,0.0116953448046,0.0107604017217,5,0.000643500643501,0.283971264349,37,37,37,1,0,0.72972972973,0.243243243243,0.027027027027,-80,-0.0600600600601,0,-4.32432432432,-8,-2.22222222222,-2.77171879238,0.0360456937311,0.0659335806395,-3.91297709499,-0.0237498815811,0.00381263616558,-0.964803430596,0.0485536538657,0.0691868338927,0,0,0,0,0,0,-0.000474781365538,0.00478770547593,-2,-0.0002574002574,-0.337225316848,0,0,0,136,0,80,1116,0.62962962963,1,0,0.37037037037,1,0.62962962963,0.772727272727,0.766494576197,0.62962962963,0.62962962963,7,87,0,0,0,0
2505,WLNM_dir_neg,0.994979521733,0.979554187595,00:00:02,10,60,29,1236052753,threshold_sweep,0.3,1,0.0574712643678,0.108695652174,5,0,82,174,0.0574712643678,1,0,0.942528735632,1,0.0574712643678,0.108695652174,0.685823754789,0.660280970626,0.0751879699248,0.197642353761,0.0574712643678,216,129,87,0,216,0,129,0,87,37,216,0.162162162162,1.32432432432,11.6756756757,21.6,6,8.1990990496,0.702237650082,0.31006006006,10.329336629,1.76937710775,0.765265265265,3.0868314707,0.528762798222,0.252752752753,0.579945114934,0.437917739848,2,1.32432432432,0.579945114934,2,0.0121701261701,0.00597269624573,7,0.000900900900901,0.621196581197,37,37,37,1,0,0.72972972973,0.243243243243,0.027027027027,37,0.0968468468468,1.32432432432,6.97297297297,12.9,3.90909090909,5.28355144916,0.757718618678,0.384454221664,6.35794175999,1.8235956986,0.783155248272,2.3407218927,0.671369845194,0.375445212655,0.579945114934,0.437917739848,2,1.33333333333,0.585540043769,2,0,0,0,0,0.276034756412,37,36,36,0.972972972973,0,0.702702702703,0.189189189189,0.0810810810811,37,134,0.100600600601,1.32818532819,7.24324324324,13.4,3.94117647059,5.43346321627,0.750142309708,0.379386849536,6.37857242541,1.76124761,0.772488906817,2.20291916621,0.608268724998,0.340056474385,0.591765934822,0.445544700927,2.14285714286,1.3373015873,0.597519437724,2.14285714286,0.0145298119248,0.0109649122807,5,0.000643500643501,0.286749042127,37,36,36,0.972972972973,0,0.702702702703,0.216216216216,0.0540540540541,-82,-0.0615615615616,0.003861003861,-4.43243243243,-8.2,-2.05882352941,-2.76563583334,0.0479046596266,0.069326789476,-3.95076420359,-0.00812949774437,0.007223641552,-0.883912304495,0.0795059267757,0.0873037216321,0.0118208198873,0.0076269610784,0.142857142857,0.0129772629773,0.0175743227896,0.142857142857,0.00235968575464,0.00499221603497,-2,-0.0002574002574,-0.33444753907,-0.027027027027,-0.027027027027,0.027027027027,134,0,82,1116,0.62037037037,1,0,0.37962962963,1,0.62037037037,0.765714285714,0.760202357151,0.62037037037,0.62037037037,5,87,0,0,0,0
2506,WLNM_dir_neg,0.994979521733,0.979554187595,00:00:02,10,60,29,1236052753,threshold_sweep,0.4,1,0.0574712643678,0.108695652174,5,0,82,174,0.0574712643678,1,0,0.942528735632,1,0.0574712643678,0.108695652174,0.685823754789,0.660280970626,0.0751879699248,0.197642353761,0.0574712643678,216,129,87,0,216,0,129,0,87,37,216,0.162162162162,1.32432432432,11.6756756757,21.6,6,8.1990990496,0.702237650082,0.31006006006,10.329336629,1.76937710775,0.765265265265,3.0868314707,0.528762798222,0.252752752753,0.579945114934,0.437917739848,2,1.32432432432,0.579945114934,2,0.0121701261701,0.00597269624573,7,0.000900900900901,0.621196581197,37,37,37,1,0,0.72972972973,0.243243243243,0.027027027027,37,0.0968468468468,1.32432432432,6.97297297297,12.9,3.90909090909,5.28355144916,0.757718618678,0.384454221664,6.35794175999,1.8235956986,0.783155248272,2.3407218927,0.671369845194,0.375445212655,0.579945114934,0.437917739848,2,1.33333333333,0.585540043769,2,0,0,0,0,0.276034756412,37,36,36,0.972972972973,0,0.702702702703,0.189189189189,0.0810810810811,37,134,0.100600600601,1.32818532819,7.24324324324,13.4,3.94117647059,5.43346321627,0.750142309708,0.379386849536,6.37857242541,1.76124761,0.772488906817,2.20291916621,0.608268724998,0.340056474385,0.591765934822,0.445544700927,2.14285714286,1.3373015873,0.597519437724,2.14285714286,0.0145298119248,0.0109649122807,5,0.000643500643501,0.286749042127,37,36,36,0.972972972973,0,0.702702702703,0.216216216216,0.0540540540541,-82,-0.0615615615616,0.003861003861,-4.43243243243,-8.2,-2.05882352941,-2.76563583334,0.0479046596266,0.069326789476,-3.95076420359,-0.00812949774437,0.007223641552,-0.883912304495,0.0795059267757,0.0873037216321,0.0118208198873,0.0076269610784,0.142857142857,0.0129772629773,0.0175743227896,0.142857142857,0.00235968575464,0.00499221603497,-2,-0.0002574002574,-0.33444753907,-0.027027027027,-0.027027027027,0.027027027027,134,0,82,1116,0.62037037037,1,0,0.37962962963,1,0.62037037037,0.765714285714,0.760202357151,0.62037037037,0.62037037037,5,87,0,0,0,0
2507,WLNM_dir_neg,0.994979521733,0.979554187595,00:00:02,10,60,29,1236052753,threshold_sweep,0.5,1,0.0574712643678,0.108695652174,5,0,82,174,0.0574712643678,1,0,0.942528735632,1,0.0574712643678,0.108695652174,0.685823754789,0.660280970626,0.0751879699248,0.197642353761,0.0574712643678,216,129,87,0,216,0,129,0,87,37,216,0.162162162162,1.32432432432,11.6756756757,21.6,6,8.1990990496,0.702237650082,0.31006006006,10.329336629,1.76937710775,0.765265265265,3.0868314707,0.528762798222,0.252752752753,0.579945114934,0.437917739848,2,1.32432432432,0.579945114934,2,0.0121701261701,0.00597269624573,7,0.000900900900901,0.621196581197,37,37,37,1,0,0.72972972973,0.243243243243,0.027027027027,37,0.0968468468468,1.32432432432,6.97297297297,12.9,3.90909090909,5.28355144916,0.757718618678,0.384454221664,6.35794175999,1.8235956986,0.783155248272,2.3407218927,0.671369845194,0.375445212655,0.579945114934,0.437917739848,2,1.33333333333,0.585540043769,2,0,0,0,0,0.276034756412,37,36,36,0.972972972973,0,0.702702702703,0.189189189189,0.0810810810811,37,134,0.100600600601,1.32818532819,7.24324324324,13.4,3.94117647059,5.43346321627,0.750142309708,0.379386849536,6.37857242541,1.76124761,0.772488906817,2.20291916621,0.608268724998,0.340056474385,0.591765934822,0.445544700927,2.14285714286,1.3373015873,0.597519437724,2.14285714286,0.0145298119248,0.0109649122807,5,0.000643500643501,0.286749042127,37,36,36,0.972972972973,0,0.702702702703,0.216216216216,0.0540540540541,-82,-0.0615615615616,0.003861003861,-4.43243243243,-8.2,-2.05882352941,-2.76563583334,0.0479046596266,0.069326789476,-3.95076420359,-0.00812949774437,0.007223641552,-0.883912304495,0.0795059267757,0.0873037216321,0.0118208198873,0.0076269610784,0.142857142857,0.0129772629773,0.0175743227896,0.142857142857,0.00235968575464,0.00499221603497,-2,-0.0002574002574,-0.33444753907,-0.027027027027,-0.027027027027,0.027027027027,134,0,82,1116,0.62037037037,1,0,0.37962962963,1,0.62037037037,0.765714285714,0.760202357151,0.62037037037,0.62037037037,5,87,0,0,0,0
2508,WLNM_dir_neg,0.994979521733,0.979554187595,00:00:02,10,60,29,1236052753,threshold_sweep,0.6,1,0.0574712643678,0.108695652174,5,0,82,174,0.0574712643678,1,0,0.942528735632,1,0.0574712643678,0.108695652174,0.685823754789,0.660280970626,0.0751879699248,0.197642353761,0.0574712643678,216,129,87,0,216,0,129,0,87,37,216,0.162162162162,1.32432432432,11.6756756757,21.6,6,8.1990990496,0.702237650082,0.31006006006,10.329336629,1.76937710775,0.765265265265,3.0868314707,0.528762798222,0.252752752753,0.579945114934,0.437917739848,2,1.32432432432,0.579945114934,2,0.0121701261701,0.00597269624573,7,0.000900900900901,0.621196581197,37,37,37,1,0,0.72972972973,0.243243243243,0.027027027027,37,0.0968468468468,1.32432432432,6.97297297297,12.9,3.90909090909,5.28355144916,0.757718618678,0.384454221664,6.35794175999,1.8235956986,0.783155248272,2.3407218927,0.671369845194,0.375445212655,0.579945114934,0.437917739848,2,1.33333333333,0.585540043769,2,0,0,0,0,0.276034756412,37,36,36,0.972972972973,0,0.702702702703,0.189189189189,0.0810810810811,37,134,0.100600600601,1.32818532819,7.24324324324,13.4,3.94117647059,5.43346321627,0.750142309708,0.379386849536,6.37857242541,1.76124761,0.772488906817,2.20291916621,0.608268724998,0.340056474385,0.591765934822,0.445544700927,2.14285714286,1.3373015873,0.597519437724,2.14285714286,0.0145298119248,0.0109649122807,5,0.000643500643501,0.286749042127,37,36,36,0.972972972973,0,0.702702702703,0.216216216216,0.0540540540541,-82,-0.0615615615616,0.003861003861,-4.43243243243,-8.2,-2.05882352941,-2.76563583334,0.0479046596266,0.069326789476,-3.95076420359,-0.00812949774437,0.007223641552,-0.883912304495,0.0795059267757,0.0873037216321,0.0118208198873,0.0076269610784,0.142857142857,0.0129772629773,0.0175743227896,0.142857142857,0.00235968575464,0.00499221603497,-2,-0.0002574002574,-0.33444753907,-0.027027027027,-0.027027027027,0.027027027027,134,0,82,1116,0.62037037037,1,0,0.37962962963,1,0.62037037037,0.765714285714,0.760202357151,0.62037037037,0.62037037037,5,87,0,0,0,0
2509,WLNM_dir_neg,0.994979521733,0.979554187595,00:00:02,10,60,29,1236052753,threshold_sweep,0.7,1,0.0574712643678,0.108695652174,5,0,82,174,0.0574712643678,1,0,0.942528735632,1,0.0574712643678,0.108695652174,0.685823754789,0.660280970626,0.0751879699248,0.197642353761,0.0574712643678,216,129,87,0,216,0,129,0,87,37,216,0.162162162162,1.32432432432,11.6756756757,21.6,6,8.1990990496,0.702237650082,0.31006006006,10.329336629,1.76937710775,0.765265265265,3.0868314707,0.528762798222,0.252752752753,0.579945114934,0.437917739848,2,1.32432432432,0.579945114934,2,0.0121701261701,0.00597269624573,7,0.000900900900901,0.621196581197,37,37,37,1,0,0.72972972973,0.243243243243,0.027027027027,37,0.0968468468468,1.32432432432,6.97297297297,12.9,3.90909090909,5.28355144916,0.757718618678,0.384454221664,6.35794175999,1.8235956986,0.783155248272,2.3407218927,0.671369845194,0.375445212655,0.579945114934,0.437917739848,2,1.33333333333,0.585540043769,2,0,0,0,0,0.276034756412,37,36,36,0.972972972973,0,0.702702702703,0.189189189189,0.0810810810811,37,134,0.100600600601,1.32818532819,7.24324324324,13.4,3.94117647059,5.43346321627,0.750142309708,0.379386849536,6.37857242541,1.76124761,0.772488906817,2.20291916621,0.608268724998,0.340056474385,0.591765934822,0.445544700927,2.14285714286,1.3373015873,0.597519437724,2.14285714286,0.0145298119248,0.0109649122807,5,0.000643500643501,0.286749042127,37,36,36,0.972972972973,0,0.702702702703,0.216216216216,0.0540540540541,-82,-0.0615615615616,0.003861003861,-4.43243243243,-8.2,-2.05882352941,-2.76563583334,0.0479046596266,0.069326789476,-3.95076420359,-0.00812949774437,0.007223641552,-0.883912304495,0.0795059267757,0.0873037216321,0.0118208198873,0.0076269610784,0.142857142857,0.0129772629773,0.0175743227896,0.142857142857,0.00235968575464,0.00499221603497,-2,-0.0002574002574,-0.33444753907,-0.027027027027,-0.027027027027,0.027027027027,134,0,82,1116,0.62037037037,1,0,0.37962962963,1,0.62037037037,0.765714285714,0.760202357151,0.62037037037,0.62037037037,5,87,0,0,0,0
2510,WLNM_dir_neg,0.994979521733,0.979554187595,00:00:02,10,60,29,1236052753,threshold_sweep,0.8,1,0.0574712643678,0.108695652174,5,0,82,174,0.0574712643678,1,0,0.942528735632,1,0.0574712643678,0.108695652174,0.685823754789,0.660280970626,0.0751879699248,0.197642353761,0.0574712643678,216,129,87,0,216,0,129,0,87,37,216,0.162162162162,1.32432432432,11.6756756757,21.6,6,8.1990990496,0.702237650082,0.31006006006,10.329336629,1.76937710775,0.765265265265,3.0868314707,0.528762798222,0.252752752753,0.579945114934,0.437917739848,2,1.32432432432,0.579945114934,2,0.0121701261701,0.00597269624573,7,0.000900900900901,0.621196581197,37,37,37,1,0,0.72972972973,0.243243243243,0.027027027027,37,0.0968468468468,1.32432432432,6.97297297297,12.9,3.90909090909,5.28355144916,0.757718618678,0.384454221664,6.35794175999,1.8235956986,0.783155248272,2.3407218927,0.671369845194,0.375445212655,0.579945114934,0.437917739848,2,1.33333333333,0.585540043769,2,0,0,0,0,0.276034756412,37,36,36,0.972972972973,0,0.702702702703,0.189189189189,0.0810810810811,37,134,0.100600600601,1.32818532819,7.24324324324,13.4,3.94117647059,5.43346321627,0.750142309708,0.379386849536,6.37857242541,1.76124761,0.772488906817,2.20291916621,0.608268724998,0.340056474385,0.591765934822,0.445544700927,2.14285714286,1.3373015873,0.597519437724,2.14285714286,0.0145298119248,0.0109649122807,5,0.000643500643501,0.286749042127,37,36,36,0.972972972973,0,0.702702702703,0.216216216216,0.0540540540541,-82,-0.0615615615616,0.003861003861,-4.43243243243,-8.2,-2.05882352941,-2.76563583334,0.0479046596266,0.069326789476,-3.95076420359,-0.00812949774437,0.007223641552,-0.883912304495,0.0795059267757,0.0873037216321,0.0118208198873,0.0076269610784,0.142857142857,0.0129772629773,0.0175743227896,0.142857142857,0.00235968575464,0.00499221603497,-2,-0.0002574002574,-0.33444753907,-0.027027027027,-0.027027027027,0.027027027027,134,0,82,1116,0.62037037037,1,0,0.37962962963,1,0.62037037037,0.765714285714,0.760202357151,0.62037037037,0.62037037037,5,87,0,0,0,0
2511,WLNM_dir_neg,0.994979521733,0.979554187595,00:00:02,10,60,29,1236052753,threshold_sweep,0.9,1,0.0574712643678,0.108695652174,5,0,82,174,0.0574712643678,1,0,0.942528735632,1,0.0574712643678,0.108695652174,0.685823754789,0.660280970626,0.0751879699248,0.197642353761,0.0574712643678,216,129,87,0,216,0,129,0,87,37,216,0.162162162162,1.32432432432,11.6756756757,21.6,6,8.1990990496,0.702237650082,0.31006006006,10.329336629,1.76937710775,0.765265265265,3.0868314707,0.528762798222,0.252752752753,0.579945114934,0.437917739848,2,1.32432432432,0.579945114934,2,0.0121701261701,0.00597269624573,7,0.000900900900901,0.621196581197,37,37,37,1,0,0.72972972973,0.243243243243,0.027027027027,37,0.0968468468468,1.32432432432,6.97297297297,12.9,3.90909090909,5.28355144916,0.757718618678,0.384454221664,6.35794175999,1.8235956986,0.783155248272,2.3407218927,0.671369845194,0.375445212655,0.579945114934,0.437917739848,2,1.33333333333,0.585540043769,2,0,0,0,0,0.276034756412,37,36,36,0.972972972973,0,0.702702702703,0.189189189189,0.0810810810811,37,134,0.100600600601,1.32818532819,7.24324324324,13.4,3.94117647059,5.43346321627,0.750142309708,0.379386849536,6.37857242541,1.76124761,0.772488906817,2.20291916621,0.608268724998,0.340056474385,0.591765934822,0.445544700927,2.14285714286,1.3373015873,0.597519437724,2.14285714286,0.0145298119248,0.0109649122807,5,0.000643500643501,0.286749042127,37,36,36,0.972972972973,0,0.702702702703,0.216216216216,0.0540540540541,-82,-0.0615615615616,0.003861003861,-4.43243243243,-8.2,-2.05882352941,-2.76563583334,0.0479046596266,0.069326789476,-3.95076420359,-0.00812949774437,0.007223641552,-0.883912304495,0.0795059267757,0.0873037216321,0.0118208198873,0.0076269610784,0.142857142857,0.0129772629773,0.0175743227896,0.142857142857,0.00235968575464,0.00499221603497,-2,-0.0002574002574,-0.33444753907,-0.027027027027,-0.027027027027,0.027027027027,134,0,82,1116,0.62037037037,1,0,0.37962962963,1,0.62037037037,0.765714285714,0.760202357151,0.62037037037,0.62037037037,5,87,0,0,0,0
2512,WLNM_dir_neg,0.994583168186,0.954927030867,00:00:03,10,60,30,1236052754,threshold_sweep,0.1,1,0.0344827586207,0.0666666666667,3,0,84,174,0.0344827586207,1,0,0.965517241379,1,0.0344827586207,0.0666666666667,0.67816091954,0.662835249042,0.0454545454545,0.152498570333,0.0344827586207,216,129,87,0,216,0,129,0,87,37,216,0.162162162162,1.32432432432,11.6756756757,21.6,6,8.1990990496,0.702237650082,0.31006006006,10.329336629,1.76937710775,0.765265265265,3.0868314707,0.528762798222,0.252752752753,0.579945114934,0.437917739848,2,1.32432432432,0.579945114934,2,0.0121701261701,0.00597269624573,7,0.000900900900901,0.621196581197,37,37,37,1,0,0.72972972973,0.243243243243,0.027027027027,37,0.0968468468468,1.32432432432,6.97297297297,12.9,3.58333333333,5.22539996601,0.749379064893,0.371464487744,6.26995313478,1.79835865106,0.780641106223,2.08994446526,0.599441435772,0.333542845171,0.579945114934,0.437917739848,2,1.32432432432,0.579945114934,2,0.00688443798572,0.00475435816165,2,0.0002574002574,0.258370559449,37,37,37,1,0,0.72972972973,0.243243243243,0.027027027027,37,132,0.0990990990991,1.32432432432,7.13513513514,13.2,3.66666666667,5.34458273063,0.749051367551,0.37674037674,6.33570368161,1.77591694106,0.776003276003,2.00749346949,0.562706502811,0.313677313677,0.579945114934,0.437917739848,2,1.32432432432,0.579945114934,2,0.0142402008037,0.011329305136,5,0.000643500643501,0.265037226115,37,37,37,1,0,0.72972972973,0.243243243243,0.027027027027,-84,-0.0630630630631,0,-4.54054054054,-8.4,-2.33333333333,-2.85451631897,0.0468137174688,0.0666803166803,-3.99363294739,0.00653983331147,0.010738010738,-1.07933800122,0.0339437045881,0.0609245609246,0,0,0,0,0,0,0.00207007463354,0.00535660889022,-2,-0.0002574002574,-0.356159355081,0,0,0,132,0,84,1116,0.611111111111,1,0,0.388888888889,1,0.611111111111,0.758620689655,0.753878858527,0.611111111111,0.611111111111,3,87,0,0,0,0
2513,WLNM_dir_neg,0.994583168186,0.954927030867,00:00:03,10,60,30,1236052754,threshold_sweep,0.2,1,0.0344827586207,0.0666666666667,3,0,84,174,0.0344827586207,1,0,0.965517241379,1,0.0344827586207,0.0666666666667,0.67816091954,0.662835249042,0.0454545454545,0.152498570333,0.0344827586207,216,129,87,0,216,0,129,0,87,37,216,0.162162162162,1.32432432432,11.6756756757,21.6,6,8.1990990496,0.702237650082,0.31006006006,10.329336629,1.76937710775,0.765265265265,3.0868314707,0.528762798222,0.252752752753,0.579945114934,0.437917739848,2,1.32432432432,0.579945114934,2,0.0121701261701,0.00597269624573,7,0.000900900900901,0.621196581197,37,37,37,1,0,0.72972972973,0.243243243243,0.027027027027,37,0.0968468468468,1.32432432432,6.97297297297,12.9,3.58333333333,5.22539996601,0.749379064893,0.371464487744,6.26995313478,1.79835865106,0.780641106223,2.08994446526,0.599441435772,0.333542845171,0.579945114934,0.437917739848,2,1.32432432432,0.579945114934,2,0.00688443798572,0.00475435816165,2,0.0002574002574,0.258370559449,37,37,37,1,0,0.72972972973,0.243243243243,0.027027027027,37,132,0.0990990990991,1.32432432432,7.13513513514,13.2,3.66666666667,5.34458273063,0.749051367551,0.37674037674,6.33570368161,1.77591694106,0.776003276003,2.00749346949,0.562706502811,0.313677313677,0.579945114934,0.437917739848,2,1.32432432432,0.579945114934,2,0.0142402008037,0.011329305136,5,0.000643500643501,0.265037226115,37,37,37,1,0,0.72972972973,0.243243243243,0.027027027027,-84,-0.0630630630631,0,-4.54054054054,-8.4,-2.33333333333,-2.85451631897,0.0468137174688,0.0666803166803,-3.99363294739,0.00653983331147,0.010738010738,-1.07933800122,0.0339437045881,0.0609245609246,0,0,0,0,0,0,0.00207007463354,0.00535660889022,-2,-0.0002574002574,-0.356159355081,0,0,0,132,0,84,1116,0.611111111111,1,0,0.388888888889,1,0.611111111111,0.758620689655,0.753878858527,0.611111111111,0.611111111111,3,87,0,0,0,0
2514,WLNM_dir_neg,0.994583168186,0.954927030867,00:00:03,10,60,30,1236052754,threshold_sweep,0.3,1,0.0344827586207,0.0666666666667,3,0,84,174,0.0344827586207,1,0,0.965517241379,1,0.0344827586207,0.0666666666667,0.67816091954,0.662835249042,0.0454545454545,0.152498570333,0.0344827586207,216,129,87,0,216,0,129,0,87,37,216,0.162162162162,1.32432432432,11.6756756757,21.6,6,8.1990990496,0.702237650082,0.31006006006,10.329336629,1.76937710775,0.765265265265,3.0868314707,0.528762798222,0.252752752753,0.579945114934,0.437917739848,2,1.32432432432,0.579945114934,2,0.0121701261701,0.00597269624573,7,0.000900900900901,0.621196581197,37,37,37,1,0,0.72972972973,0.243243243243,0.027027027027,37,0.0968468468468,1.32432432432,6.97297297297,12.9,3.58333333333,5.22539996601,0.749379064893,0.371464487744,6.26995313478,1.79835865106,0.780641106223,2.08994446526,0.599441435772,0.333542845171,0.579945114934,0.437917739848,2,1.32432432432,0.579945114934,2,0.00688443798572,0.00475435816165,2,0.0002574002574,0.258370559449,37,37,37,1,0,0.72972972973,0.243243243243,0.027027027027,37,132,0.0990990990991,1.32432432432,7.13513513514,13.2,3.66666666667,5.34458273063,0.749051367551,0.37674037674,6.33570368161,1.77591694106,0.776003276003,2.00749346949,0.562706502811,0.313677313677,0.579945114934,0.437917739848,2,1.32432432432,0.579945114934,2,0.0142402008037,0.011329305136,5,0.000643500643501,0.265037226115,37,37,37,1,0,0.72972972973,0.243243243243,0.027027027027,-84,-0.0630630630631,0,-4.54054054054,-8.4,-2.33333333333,-2.85451631897,0.0468137174688,0.0666803166803,-3.99363294739,0.00653983331147,0.010738010738,-1.07933800122,0.0339437045881,0.0609245609246,0,0,0,0,0,0,0.00207007463354,0.00535660889022,-2,-0.0002574002574,-0.356159355081,0,0,0,132,0,84,1116,0.611111111111,1,0,0.388888888889,1,0.611111111111,0.758620689655,0.753878858527,0.611111111111,0.611111111111,3,87,0,0,0,0
2515,WLNM_dir_neg,0.994583168186,0.954927030867,00:00:03,10,60,30,1236052754,threshold_sweep,0.4,1,0.0344827586207,0.0666666666667,3,0,84,174,0.0344827586207,1,0,0.965517241379,1,0.0344827586207,0.0666666666667,0.67816091954,0.662835249042,0.0454545454545,0.152498570333,0.0344827586207,216,129,87,0,216,0,129,0,87,37,216,0.162162162162,1.32432432432,11.6756756757,21.6,6,8.1990990496,0.702237650082,0.31006006006,10.329336629,1.76937710775,0.765265265265,3.0868314707,0.528762798222,0.252752752753,0.579945114934,0.437917739848,2,1.32432432432,0.579945114934,2,0.0121701261701,0.00597269624573,7,0.000900900900901,0.621196581197,37,37,37,1,0,0.72972972973,0.243243243243,0.027027027027,37,0.0968468468468,1.32432432432,6.97297297297,12.9,3.58333333333,5.22539996601,0.749379064893,0.371464487744,6.26995313478,1.79835865106,0.780641106223,2.08994446526,0.599441435772,0.333542845171,0.579945114934,0.437917739848,2,1.32432432432,0.579945114934,2,0.00688443798572,0.00475435816165,2,0.0002574002574,0.258370559449,37,37,37,1,0,0.72972972973,0.243243243243,0.027027027027,37,132,0.0990990990991,1.32432432432,7.13513513514,13.2,3.66666666667,5.34458273063,0.749051367551,0.37674037674,6.33570368161,1.77591694106,0.776003276003,2.00749346949,0.562706502811,0.313677313677,0.579945114934,0.437917739848,2,1.32432432432,0.579945114934,2,0.0142402008037,0.011329305136,5,0.000643500643501,0.265037226115,37,37,37,1,0,0.72972972973,0.243243243243,0.027027027027,-84,-0.0630630630631,0,-4.54054054054,-8.4,-2.33333333333,-2.85451631897,0.0468137174688,0.0666803166803,-3.99363294739,0.00653983331147,0.010738010738,-1.07933800122,0.0339437045881,0.0609245609246,0,0,0,0,0,0,0.00207007463354,0.00535660889022,-2,-0.0002574002574,-0.356159355081,0,0,0,132,0,84,1116,0.611111111111,1,0,0.388888888889,1,0.611111111111,0.758620689655,0.753878858527,0.611111111111,0.611111111111,3,87,0,0,0,0
2516,WLNM_dir_neg,0.994583168186,0.954927030867,00:00:03,10,60,30,1236052754,threshold_sweep,0.5,1,0.0344827586207,0.0666666666667,3,0,84,174,0.0344827586207,1,0,0.965517241379,1,0.0344827586207,0.0666666666667,0.67816091954,0.662835249042,0.0454545454545,0.152498570333,0.0344827586207,216,129,87,0,216,0,129,0,87,37,216,0.162162162162,1.32432432432,11.6756756757,21.6,6,8.1990990496,0.702237650082,0.31006006006,10.329336629,1.76937710775,0.765265265265,3.0868314707,0.528762798222,0.252752752753,0.579945114934,0.437917739848,2,1.32432432432,0.579945114934,2,0.0121701261701,0.00597269624573,7,0.000900900900901,0.621196581197,37,37,37,1,0,0.72972972973,0.243243243243,0.027027027027,37,0.0968468468468,1.32432432432,6.97297297297,12.9,3.58333333333,5.22539996601,0.749379064893,0.371464487744,6.26995313478,1.79835865106,0.780641106223,2.08994446526,0.599441435772,0.333542845171,0.579945114934,0.437917739848,2,1.32432432432,0.579945114934,2,0.00688443798572,0.00475435816165,2,0.0002574002574,0.258370559449,37,37,37,1,0,0.72972972973,0.243243243243,0.027027027027,37,132,0.0990990990991,1.32432432432,7.13513513514,13.2,3.66666666667,5.34458273063,0.749051367551,0.37674037674,6.33570368161,1.77591694106,0.776003276003,2.00749346949,0.562706502811,0.313677313677,0.579945114934,0.437917739848,2,1.32432432432,0.579945114934,2,0.0142402008037,0.011329305136,5,0.000643500643501,0.265037226115,37,37,37,1,0,0.72972972973,0.243243243243,0.027027027027,-84,-0.0630630630631,0,-4.54054054054,-8.4,-2.33333333333,-2.85451631897,0.0468137174688,0.0666803166803,-3.99363294739,0.00653983331147,0.010738010738,-1.07933800122,0.0339437045881,0.0609245609246,0,0,0,0,0,0,0.00207007463354,0.00535660889022,-2,-0.0002574002574,-0.356159355081,0,0,0,132,0,84,1116,0.611111111111,1,0,0.388888888889,1,0.611111111111,0.758620689655,0.753878858527,0.611111111111,0.611111111111,3,87,0,0,0,0
2517,WLNM_dir_neg,0.994583168186,0.954927030867,00:00:03,10,60,30,1236052754,threshold_sweep,0.6,1,0.0344827586207,0.0666666666667,3,0,84,174,0.0344827586207,1,0,0.965517241379,1,0.0344827586207,0.0666666666667,0.67816091954,0.662835249042,0.0454545454545,0.152498570333,0.0344827586207,216,129,87,0,216,0,129,0,87,37,216,0.162162162162,1.32432432432,11.6756756757,21.6,6,8.1990990496,0.702237650082,0.31006006006,10.329336629,1.76937710775,0.765265265265,3.0868314707,0.528762798222,0.252752752753,0.579945114934,0.437917739848,2,1.32432432432,0.579945114934,2,0.0121701261701,0.00597269624573,7,0.000900900900901,0.621196581197,37,37,37,1,0,0.72972972973,0.243243243243,0.027027027027,37,0.0968468468468,1.32432432432,6.97297297297,12.9,3.58333333333,5.22539996601,0.749379064893,0.371464487744,6.26995313478,1.79835865106,0.780641106223,2.08994446526,0.599441435772,0.333542845171,0.579945114934,0.437917739848,2,1.32432432432,0.579945114934,2,0.00688443798572,0.00475435816165,2,0.0002574002574,0.258370559449,37,37,37,1,0,0.72972972973,0.243243243243,0.027027027027,37,132,0.0990990990991,1.32432432432,7.13513513514,13.2,3.66666666667,5.34458273063,0.749051367551,0.37674037674,6.33570368161,1.77591694106,0.776003276003,2.00749346949,0.562706502811,0.313677313677,0.579945114934,0.437917739848,2,1.32432432432,0.579945114934,2,0.0142402008037,0.011329305136,5,0.000643500643501,0.265037226115,37,37,37,1,0,0.72972972973,0.243243243243,0.027027027027,-84,-0.0630630630631,0,-4.54054054054,-8.4,-2.33333333333,-2.85451631897,0.0468137174688,0.0666803166803,-3.99363294739,0.00653983331147,0.010738010738,-1.07933800122,0.0339437045881,0.0609245609246,0,0,0,0,0,0,0.00207007463354,0.00535660889022,-2,-0.0002574002574,-0.356159355081,0,0,0,132,0,84,1116,0.611111111111,1,0,0.388888888889,1,0.611111111111,0.758620689655,0.753878858527,0.611111111111,0.611111111111,3,87,0,0,0,0
2518,WLNM_dir_neg,0.994583168186,0.954927030867,00:00:03,10,60,30,1236052754,threshold_sweep,0.7,1,0.0344827586207,0.0666666666667,3,0,84,174,0.0344827586207,1,0,0.965517241379,1,0.0344827586207,0.0666666666667,0.67816091954,0.662835249042,0.0454545454545,0.152498570333,0.0344827586207,216,129,87,0,216,0,129,0,87,37,216,0.162162162162,1.32432432432,11.6756756757,21.6,6,8.1990990496,0.702237650082,0.31006006006,10.329336629,1.76937710775,0.765265265265,3.0868314707,0.528762798222,0.252752752753,0.579945114934,0.437917739848,2,1.32432432432,0.579945114934,2,0.0121701261701,0.00597269624573,7,0.000900900900901,0.621196581197,37,37,37,1,0,0.72972972973,0.243243243243,0.027027027027,37,0.0968468468468,1.32432432432,6.97297297297,12.9,3.58333333333,5.22539996601,0.749379064893,0.371464487744,6.26995313478,1.79835865106,0.780641106223,2.08994446526,0.599441435772,0.333542845171,0.579945114934,0.437917739848,2,1.32432432432,0.579945114934,2,0.00688443798572,0.00475435816165,2,0.0002574002574,0.258370559449,37,37,37,1,0,0.72972972973,0.243243243243,0.027027027027,37,132,0.0990990990991,1.32432432432,7.13513513514,13.2,3.66666666667,5.34458273063,0.749051367551,0.37674037674,6.33570368161,1.77591694106,0.776003276003,2.00749346949,0.562706502811,0.313677313677,0.579945114934,0.437917739848,2,1.32432432432,0.579945114934,2,0.0142402008037,0.011329305136,5,0.000643500643501,0.265037226115,37,37,37,1,0,0.72972972973,0.243243243243,0.027027027027,-84,-0.0630630630631,0,-4.54054054054,-8.4,-2.33333333333,-2.85451631897,0.0468137174688,0.0666803166803,-3.99363294739,0.00653983331147,0.010738010738,-1.07933800122,0.0339437045881,0.0609245609246,0,0,0,0,0,0,0.00207007463354,0.00535660889022,-2,-0.0002574002574,-0.356159355081,0,0,0,132,0,84,1116,0.611111111111,1,0,0.388888888889,1,0.611111111111,0.758620689655,0.753878858527,0.611111111111,0.611111111111,3,87,0,0,0,0
2519,WLNM_dir_neg,0.994583168186,0.954927030867,00:00:03,10,60,30,1236052754,threshold_sweep,0.8,1,0.0344827586207,0.0666666666667,3,0,84,174,0.0344827586207,1,0,0.965517241379,1,0.0344827586207,0.0666666666667,0.67816091954,0.662835249042,0.0454545454545,0.152498570333,0.0344827586207,216,129,87,0,216,0,129,0,87,37,216,0.162162162162,1.32432432432,11.6756756757,21.6,6,8.1990990496,0.702237650082,0.31006006006,10.329336629,1.76937710775,0.765265265265,3.0868314707,0.528762798222,0.252752752753,0.579945114934,0.437917739848,2,1.32432432432,0.579945114934,2,0.0121701261701,0.00597269624573,7,0.000900900900901,0.621196581197,37,37,37,1,0,0.72972972973,0.243243243243,0.027027027027,37,0.0968468468468,1.32432432432,6.97297297297,12.9,3.58333333333,5.22539996601,0.749379064893,0.371464487744,6.26995313478,1.79835865106,0.780641106223,2.08994446526,0.599441435772,0.333542845171,0.579945114934,0.437917739848,2,1.32432432432,0.579945114934,2,0.00688443798572,0.00475435816165,2,0.0002574002574,0.258370559449,37,37,37,1,0,0.72972972973,0.243243243243,0.027027027027,37,132,0.0990990990991,1.32432432432,7.13513513514,13.2,3.66666666667,5.34458273063,0.749051367551,0.37674037674,6.33570368161,1.77591694106,0.776003276003,2.00749346949,0.562706502811,0.313677313677,0.579945114934,0.437917739848,2,1.32432432432,0.579945114934,2,0.0142402008037,0.011329305136,5,0.000643500643501,0.265037226115,37,37,37,1,0,0.72972972973,0.243243243243,0.027027027027,-84,-0.0630630630631,0,-4.54054054054,-8.4,-2.33333333333,-2.85451631897,0.0468137174688,0.0666803166803,-3.99363294739,0.00653983331147,0.010738010738,-1.07933800122,0.0339437045881,0.0609245609246,0,0,0,0,0,0,0.00207007463354,0.00535660889022,-2,-0.0002574002574,-0.356159355081,0,0,0,132,0,84,1116,0.611111111111,1,0,0.388888888889,1,0.611111111111,0.758620689655,0.753878858527,0.611111111111,0.611111111111,3,87,0,0,0,0
2520,WLNM_dir_neg,0.994583168186,0.954927030867,00:00:03,10,60,30,1236052754,threshold_sweep,0.9,1,0.0344827586207,0.0666666666667,3,0,84,174,0.0344827586207,1,0,0.965517241379,1,0.0344827586207,0.0666666666667,0.67816091954,0.662835249042,0.0454545454545,0.152498570333,0.0344827586207,216,129,87,0,216,0,129,0,87,37,216,0.162162162162,1.32432432432,11.6756756757,21.6,6,8.1990990496,0.702237650082,0.31006006006,10.329336629,1.76937710775,0.765265265265,3.0868314707,0.528762798222,0.252752752753,0.579945114934,0.437917739848,2,1.32432432432,0.579945114934,2,0.0121701261701,0.00597269624573,7,0.000900900900901,0.621196581197,37,37,37,1,0,0.72972972973,0.243243243243,0.027027027027,37,0.0968468468468,1.32432432432,6.97297297297,12.9,3.58333333333,5.22539996601,0.749379064893,0.371464487744,6.26995313478,1.79835865106,0.780641106223,2.08994446526,0.599441435772,0.333542845171,0.579945114934,0.437917739848,2,1.32432432432,0.579945114934,2,0.00688443798572,0.00475435816165,2,0.0002574002574,0.258370559449,37,37,37,1,0,0.72972972973,0.243243243243,0.027027027027,37,132,0.0990990990991,1.32432432432,7.13513513514,13.2,3.66666666667,5.34458273063,0.749051367551,0.37674037674,6.33570368161,1.77591694106,0.776003276003,2.00749346949,0.562706502811,0.313677313677,0.579945114934,0.437917739848,2,1.32432432432,0.579945114934,2,0.0142402008037,0.011329305136,5,0.000643500643501,0.265037226115,37,37,37,1,0,0.72972972973,0.243243243243,0.027027027027,-84,-0.0630630630631,0,-4.54054054054,-8.4,-2.33333333333,-2.85451631897,0.0468137174688,0.0666803166803,-3.99363294739,0.00653983331147,0.010738010738,-1.07933800122,0.0339437045881,0.0609245609246,0,0,0,0,0,0,0.00207007463354,0.00535660889022,-2,-0.0002574002574,-0.356159355081,0,0,0,132,0,84,1116,0.611111111111,1,0,0.388888888889,1,0.611111111111,0.758620689655,0.753878858527,0.611111111111,0.611111111111,3,87,0,0,0,0
2521,WLNM_dir_neg,0.958184700753,0.728807471264,00:00:02,10,60,31,1236052755,threshold_sweep,0.1,0.75,0.0689655172414,0.126315789474,6,2,81,172,0.0689655172414,0.988505747126,0.0114942528736,0.931034482759,0.75,0.0689655172414,0.126315789474,0.681992337165,0.656449553001,0.0743494423792,0.157173653365,0.0574712643678,216,129,87,0,216,0,129,0,87,37,216,0.162162162162,1.32432432432,11.6756756757,21.6,6,8.1990990496,0.702237650082,0.31006006006,10.329336629,1.76937710775,0.765265265265,3.0868314707,0.528762798222,0.252752752753,0.579945114934,0.437917739848,2,1.32432432432,0.579945114934,2,0.0121701261701,0.00597269624573,7,0.000900900900901,0.621196581197,37,37,37,1,0,0.72972972973,0.243243243243,0.027027027027,37,0.0968468468468,1.32432432432,6.97297297297,12.9,4.16129032258,5.10166904327,0.731634707755,0.360779384035,6.35357126881,1.82234214687,0.783993295621,2.28061421578,0.654129658789,0.364131573434,0.579945114934,0.437917739848,2,1.33333333333,0.585540043769,2,0.0157191513582,0.00484261501211,2,0.0002574002574,0.272389590297,37,36,36,0.972972972973,0,0.702702702703,0.135135135135,0.135135135135,37,137,0.102852852853,1.32762762763,7.40540540541,13.7,3.91428571429,5.59493550484,0.75552048788,0.375616492405,6.55686605723,1.77083243881,0.774117182876,2.03940166695,0.550787311512,0.306569343066,0.584702224646,0.440411311484,2.01111111111,1.33672839506,0.590332578637,2.01111111111,0.0932330827068,0.0624566273421,30,0.003861003861,0.271256861482,37,36,36,0.972972972973,0,0.702702702703,0.243243243243,0.027027027027,-79,-0.0593093093093,0.0033033033033,-4.27027027027,-7.9,-2.08571428571,-2.60416354477,0.0532828377978,0.0655564323448,-3.77247057177,0.00145533106939,0.00885191761104,-1.04742980375,0.0220245132896,0.0538165903129,0.00475710971184,0.00249357163585,0.0111111111111,0.0124040707374,0.0103874637023,0.0111111111111,0.0810629565366,0.0564839310964,23,0.0029601029601,-0.349939719715,-0.027027027027,0,0,135,2,81,1114,0.625,0.998207885305,0.00179211469534,0.375,0.985401459854,0.625,0.764872521246,0.756219159449,0.623207885305,0.619266055046,8,87,0,0,0,0
2522,WLNM_dir_neg,0.958184700753,0.728807471264,00:00:02,10,60,31,1236052755,threshold_sweep,0.2,0.75,0.0689655172414,0.126315789474,6,2,81,172,0.0689655172414,0.988505747126,0.0114942528736,0.931034482759,0.75,0.0689655172414,0.126315789474,0.681992337165,0.656449553001,0.0743494423792,0.157173653365,0.0574712643678,216,129,87,0,216,0,129,0,87,37,216,0.162162162162,1.32432432432,11.6756756757,21.6,6,8.1990990496,0.702237650082,0.31006006006,10.329336629,1.76937710775,0.765265265265,3.0868314707,0.528762798222,0.252752752753,0.579945114934,0.437917739848,2,1.32432432432,0.579945114934,2,0.0121701261701,0.00597269624573,7,0.000900900900901,0.621196581197,37,37,37,1,0,0.72972972973,0.243243243243,0.027027027027,37,0.0968468468468,1.32432432432,6.97297297297,12.9,4.16129032258,5.10166904327,0.731634707755,0.360779384035,6.35357126881,1.82234214687,0.783993295621,2.28061421578,0.654129658789,0.364131573434,0.579945114934,0.437917739848,2,1.33333333333,0.585540043769,2,0.0157191513582,0.00484261501211,2,0.0002574002574,0.272389590297,37,36,36,0.972972972973,0,0.702702702703,0.135135135135,0.135135135135,37,137,0.102852852853,1.32762762763,7.40540540541,13.7,3.91428571429,5.59493550484,0.75552048788,0.375616492405,6.55686605723,1.77083243881,0.774117182876,2.03940166695,0.550787311512,0.306569343066,0.584702224646,0.440411311484,2.01111111111,1.33672839506,0.590332578637,2.01111111111,0.0932330827068,0.0624566273421,30,0.003861003861,0.271256861482,37,36,36,0.972972972973,0,0.702702702703,0.243243243243,0.027027027027,-79,-0.0593093093093,0.0033033033033,-4.27027027027,-7.9,-2.08571428571,-2.60416354477,0.0532828377978,0.0655564323448,-3.77247057177,0.00145533106939,0.00885191761104,-1.04742980375,0.0220245132896,0.0538165903129,0.00475710971184,0.00249357163585,0.0111111111111,0.0124040707374,0.0103874637023,0.0111111111111,0.0810629565366,0.0564839310964,23,0.0029601029601,-0.349939719715,-0.027027027027,0,0,135,2,81,1114,0.625,0.998207885305,0.00179211469534,0.375,0.985401459854,0.625,0.764872521246,0.756219159449,0.623207885305,0.619266055046,8,87,0,0,0,0
2523,WLNM_dir_neg,0.958184700753,0.728807471264,00:00:02,10,60,31,1236052755,threshold_sweep,0.3,0.75,0.0689655172414,0.126315789474,6,2,81,172,0.0689655172414,0.988505747126,0.0114942528736,0.931034482759,0.75,0.0689655172414,0.126315789474,0.681992337165,0.656449553001,0.0743494423792,0.157173653365,0.0574712643678,216,129,87,0,216,0,129,0,87,37,216,0.162162162162,1.32432432432,11.6756756757,21.6,6,8.1990990496,0.702237650082,0.31006006006,10.329336629,1.76937710775,0.765265265265,3.0868314707,0.528762798222,0.252752752753,0.579945114934,0.437917739848,2,1.32432432432,0.579945114934,2,0.0121701261701,0.00597269624573,7,0.000900900900901,0.621196581197,37,37,37,1,0,0.72972972973,0.243243243243,0.027027027027,37,0.0968468468468,1.32432432432,6.97297297297,12.9,4.16129032258,5.10166904327,0.731634707755,0.360779384035,6.35357126881,1.82234214687,0.783993295621,2.28061421578,0.654129658789,0.364131573434,0.579945114934,0.437917739848,2,1.33333333333,0.585540043769,2,0.0157191513582,0.00484261501211,2,0.0002574002574,0.272389590297,37,36,36,0.972972972973,0,0.702702702703,0.135135135135,0.135135135135,37,137,0.102852852853,1.32762762763,7.40540540541,13.7,3.91428571429,5.59493550484,0.75552048788,0.375616492405,6.55686605723,1.77083243881,0.774117182876,2.03940166695,0.550787311512,0.306569343066,0.584702224646,0.440411311484,2.01111111111,1.33672839506,0.590332578637,2.01111111111,0.0932330827068,0.0624566273421,30,0.003861003861,0.271256861482,37,36,36,0.972972972973,0,0.702702702703,0.243243243243,0.027027027027,-79,-0.0593093093093,0.0033033033033,-4.27027027027,-7.9,-2.08571428571,-2.60416354477,0.0532828377978,0.0655564323448,-3.77247057177,0.00145533106939,0.00885191761104,-1.04742980375,0.0220245132896,0.0538165903129,0.00475710971184,0.00249357163585,0.0111111111111,0.0124040707374,0.0103874637023,0.0111111111111,0.0810629565366,0.0564839310964,23,0.0029601029601,-0.349939719715,-0.027027027027,0,0,135,2,81,1114,0.625,0.998207885305,0.00179211469534,0.375,0.985401459854,0.625,0.764872521246,0.756219159449,0.623207885305,0.619266055046,8,87,0,0,0,0
2524,WLNM_dir_neg,0.958184700753,0.728807471264,00:00:02,10,60,31,1236052755,threshold_sweep,0.4,1,0.0689655172414,0.129032258065,6,0,81,174,0.0689655172414,1,0,0.931034482759,1,0.0689655172414,0.129032258065,0.689655172414,0.659003831418,0.0898876404494,0.216930457819,0.0689655172414,216,129,87,0,216,0,129,0,87,37,216,0.162162162162,1.32432432432,11.6756756757,21.6,6,8.1990990496,0.702237650082,0.31006006006,10.329336629,1.76937710775,0.765265265265,3.0868314707,0.528762798222,0.252752752753,0.579945114934,0.437917739848,2,1.32432432432,0.579945114934,2,0.0121701261701,0.00597269624573,7,0.000900900900901,0.621196581197,37,37,37,1,0,0.72972972973,0.243243243243,0.027027027027,37,0.0968468468468,1.32432432432,6.97297297297,12.9,4.16129032258,5.10166904327,0.731634707755,0.360779384035,6.35357126881,1.82234214687,0.783993295621,2.28061421578,0.654129658789,0.364131573434,0.579945114934,0.437917739848,2,1.33333333333,0.585540043769,2,0.0157191513582,0.00484261501211,2,0.0002574002574,0.272389590297,37,36,36,0.972972972973,0,0.702702702703,0.135135135135,0.135135135135,37,135,0.101351351351,1.32432432432,7.2972972973,13.5,3.85714285714,5.38446770744,0.73787150065,0.368968968969,6.44298160885,1.76585421872,0.773173173173,2.07118077188,0.567656952292,0.317117117117,0.579945114934,0.437917739848,2,1.33333333333,0.585540043769,2,0.0147500619681,0.00874635568513,4,0.000514800514801,0.273871071778,37,36,36,0.972972972973,0,0.702702702703,0.243243243243,0.027027027027,-81,-0.0608108108108,0,-4.37837837838,-8.1,-2.14285714286,-2.81463134216,0.0356338505677,0.0589089089089,-3.88635502015,-0.00352288902277,0.00790790790791,-1.01565069883,0.0388941540696,0.0643643643644,0,0,0,0.00900900900901,0.00559492883467,0,0.00257993579798,0.0027736594394,-3,-0.0003861003861,-0.347325509418,-0.027027027027,0,0,135,0,81,1116,0.625,1,0,0.375,1,0.625,0.769230769231,0.763352321616,0.625,0.625,6,87,0,0,0,0
2525,WLNM_dir_neg,0.958184700753,0.728807471264,00:00:02,10,60,31,1236052755,threshold_sweep,0.5,1,0.0689655172414,0.129032258065,6,0,81,174,0.0689655172414,1,0,0.931034482759,1,0.0689655172414,0.129032258065,0.689655172414,0.659003831418,0.0898876404494,0.216930457819,0.0689655172414,216,129,87,0,216,0,129,0,87,37,216,0.162162162162,1.32432432432,11.6756756757,21.6,6,8.1990990496,0.702237650082,0.31006006006,10.329336629,1.76937710775,0.765265265265,3.0868314707,0.528762798222,0.252752752753,0.579945114934,0.437917739848,2,1.32432432432,0.579945114934,2,0.0121701261701,0.00597269624573,7,0.000900900900901,0.621196581197,37,37,37,1,0,0.72972972973,0.243243243243,0.027027027027,37,0.0968468468468,1.32432432432,6.97297297297,12.9,4.16129032258,5.10166904327,0.731634707755,0.360779384035,6.35357126881,1.82234214687,0.783993295621,2.28061421578,0.654129658789,0.364131573434,0.579945114934,0.437917739848,2,1.33333333333,0.585540043769,2,0.0157191513582,0.00484261501211,2,0.0002574002574,0.272389590297,37,36,36,0.972972972973,0,0.702702702703,0.135135135135,0.135135135135,37,135,0.101351351351,1.32432432432,7.2972972973,13.5,3.85714285714,5.38446770744,0.73787150065,0.368968968969,6.44298160885,1.76585421872,0.773173173173,2.07118077188,0.567656952292,0.317117117117,0.579945114934,0.437917739848,2,1.33333333333,0.585540043769,2,0.0147500619681,0.00874635568513,4,0.000514800514801,0.273871071778,37,36,36,0.972972972973,0,0.702702702703,0.243243243243,0.027027027027,-81,-0.0608108108108,0,-4.37837837838,-8.1,-2.14285714286,-2.81463134216,0.0356338505677,0.0589089089089,-3.88635502015,-0.00352288902277,0.00790790790791,-1.01565069883,0.0388941540696,0.0643643643644,0,0,0,0.00900900900901,0.00559492883467,0,0.00257993579798,0.0027736594394,-3,-0.0003861003861,-0.347325509418,-0.027027027027,0,0,135,0,81,1116,0.625,1,0,0.375,1,0.625,0.769230769231,0.763352321616,0.625,0.625,6,87,0,0,0,0
2526,WLNM_dir_neg,0.958184700753,0.728807471264,00:00:02,10,60,31,1236052755,threshold_sweep,0.6,1,0.0689655172414,0.129032258065,6,0,81,174,0.0689655172414,1,0,0.931034482759,1,0.0689655172414,0.129032258065,0.689655172414,0.659003831418,0.0898876404494,0.216930457819,0.0689655172414,216,129,87,0,216,0,129,0,87,37,216,0.162162162162,1.32432432432,11.6756756757,21.6,6,8.1990990496,0.702237650082,0.31006006006,10.329336629,1.76937710775,0.765265265265,3.0868314707,0.528762798222,0.252752752753,0.579945114934,0.437917739848,2,1.32432432432,0.579945114934,2,0.0121701261701,0.00597269624573,7,0.000900900900901,0.621196581197,37,37,37,1,0,0.72972972973,0.243243243243,0.027027027027,37,0.0968468468468,1.32432432432,6.97297297297,12.9,4.16129032258,5.10166904327,0.731634707755,0.360779384035,6.35357126881,1.82234214687,0.783993295621,2.28061421578,0.654129658789,0.364131573434,0.579945114934,0.437917739848,2,1.33333333333,0.585540043769,2,0.0157191513582,0.00484261501211,2,0.0002574002574,0.272389590297,37,36,36,0.972972972973,0,0.702702702703,0.135135135135,0.135135135135,37,135,0.101351351351,1.32432432432,7.2972972973,13.5,3.85714285714,5.38446770744,0.73787150065,0.368968968969,6.44298160885,1.76585421872,0.773173173173,2.07118077188,0.567656952292,0.317117117117,0.579945114934,0.437917739848,2,1.33333333333,0.585540043769,2,0.0147500619681,0.00874635568513,4,0.000514800514801,0.273871071778,37,36,36,0.972972972973,0,0.702702702703,0.243243243243,0.027027027027,-81,-0.0608108108108,0,-4.37837837838,-8.1,-2.14285714286,-2.81463134216,0.0356338505677,0.0589089089089,-3.88635502015,-0.00352288902277,0.00790790790791,-1.01565069883,0.0388941540696,0.0643643643644,0,0,0,0.00900900900901,0.00559492883467,0,0.00257993579798,0.0027736594394,-3,-0.0003861003861,-0.347325509418,-0.027027027027,0,0,135,0,81,1116,0.625,1,0,0.375,1,0.625,0.769230769231,0.763352321616,0.625,0.625,6,87,0,0,0,0
2527,WLNM_dir_neg,0.958184700753,0.728807471264,00:00:02,10,60,31,1236052755,threshold_sweep,0.7,1,0.0689655172414,0.129032258065,6,0,81,174,0.0689655172414,1,0,0.931034482759,1,0.0689655172414,0.129032258065,0.689655172414,0.659003831418,0.0898876404494,0.216930457819,0.0689655172414,216,129,87,0,216,0,129,0,87,37,216,0.162162162162,1.32432432432,11.6756756757,21.6,6,8.1990990496,0.702237650082,0.31006006006,10.329336629,1.76937710775,0.765265265265,3.0868314707,0.528762798222,0.252752752753,0.579945114934,0.437917739848,2,1.32432432432,0.579945114934,2,0.0121701261701,0.00597269624573,7,0.000900900900901,0.621196581197,37,37,37,1,0,0.72972972973,0.243243243243,0.027027027027,37,0.0968468468468,1.32432432432,6.97297297297,12.9,4.16129032258,5.10166904327,0.731634707755,0.360779384035,6.35357126881,1.82234214687,0.783993295621,2.28061421578,0.654129658789,0.364131573434,0.579945114934,0.437917739848,2,1.33333333333,0.585540043769,2,0.0157191513582,0.00484261501211,2,0.0002574002574,0.272389590297,37,36,36,0.972972972973,0,0.702702702703,0.135135135135,0.135135135135,37,135,0.101351351351,1.32432432432,7.2972972973,13.5,3.85714285714,5.38446770744,0.73787150065,0.368968968969,6.44298160885,1.76585421872,0.773173173173,2.07118077188,0.567656952292,0.317117117117,0.579945114934,0.437917739848,2,1.33333333333,0.585540043769,2,0.0147500619681,0.00874635568513,4,0.000514800514801,0.273871071778,37,36,36,0.972972972973,0,0.702702702703,0.243243243243,0.027027027027,-81,-0.0608108108108,0,-4.37837837838,-8.1,-2.14285714286,-2.81463134216,0.0356338505677,0.0589089089089,-3.88635502015,-0.00352288902277,0.00790790790791,-1.01565069883,0.0388941540696,0.0643643643644,0,0,0,0.00900900900901,0.00559492883467,0,0.00257993579798,0.0027736594394,-3,-0.0003861003861,-0.347325509418,-0.027027027027,0,0,135,0,81,1116,0.625,1,0,0.375,1,0.625,0.769230769231,0.763352321616,0.625,0.625,6,87,0,0,0,0
2528,WLNM_dir_neg,0.958184700753,0.728807471264,00:00:02,10,60,31,1236052755,threshold_sweep,0.8,1,0.0689655172414,0.129032258065,6,0,81,174,0.0689655172414,1,0,0.931034482759,1,0.0689655172414,0.129032258065,0.689655172414,0.659003831418,0.0898876404494,0.216930457819,0.0689655172414,216,129,87,0,216,0,129,0,87,37,216,0.162162162162,1.32432432432,11.6756756757,21.6,6,8.1990990496,0.702237650082,0.31006006006,10.329336629,1.76937710775,0.765265265265,3.0868314707,0.528762798222,0.252752752753,0.579945114934,0.437917739848,2,1.32432432432,0.579945114934,2,0.0121701261701,0.00597269624573,7,0.000900900900901,0.621196581197,37,37,37,1,0,0.72972972973,0.243243243243,0.027027027027,37,0.0968468468468,1.32432432432,6.97297297297,12.9,4.16129032258,5.10166904327,0.731634707755,0.360779384035,6.35357126881,1.82234214687,0.783993295621,2.28061421578,0.654129658789,0.364131573434,0.579945114934,0.437917739848,2,1.33333333333,0.585540043769,2,0.0157191513582,0.00484261501211,2,0.0002574002574,0.272389590297,37,36,36,0.972972972973,0,0.702702702703,0.135135135135,0.135135135135,37,135,0.101351351351,1.32432432432,7.2972972973,13.5,3.85714285714,5.38446770744,0.73787150065,0.368968968969,6.44298160885,1.76585421872,0.773173173173,2.07118077188,0.567656952292,0.317117117117,0.579945114934,0.437917739848,2,1.33333333333,0.585540043769,2,0.0147500619681,0.00874635568513,4,0.000514800514801,0.273871071778,37,36,36,0.972972972973,0,0.702702702703,0.243243243243,0.027027027027,-81,-0.0608108108108,0,-4.37837837838,-8.1,-2.14285714286,-2.81463134216,0.0356338505677,0.0589089089089,-3.88635502015,-0.00352288902277,0.00790790790791,-1.01565069883,0.0388941540696,0.0643643643644,0,0,0,0.00900900900901,0.00559492883467,0,0.00257993579798,0.0027736594394,-3,-0.0003861003861,-0.347325509418,-0.027027027027,0,0,135,0,81,1116,0.625,1,0,0.375,1,0.625,0.769230769231,0.763352321616,0.625,0.625,6,87,0,0,0,0
2529,WLNM_dir_neg,0.958184700753,0.728807471264,00:00:02,10,60,31,1236052755,threshold_sweep,0.9,1,0.0229885057471,0.0449438202247,2,0,85,174,0.0229885057471,1,0,0.977011494253,1,0.0229885057471,0.0449438202247,0.674329501916,0.66411238825,0.0304182509506,0.1242739532,0.0229885057471,216,129,87,0,216,0,129,0,87,37,216,0.162162162162,1.32432432432,11.6756756757,21.6,6,8.1990990496,0.702237650082,0.31006006006,10.329336629,1.76937710775,0.765265265265,3.0868314707,0.528762798222,0.252752752753,0.579945114934,0.437917739848,2,1.32432432432,0.579945114934,2,0.0121701261701,0.00597269624573,7,0.000900900900901,0.621196581197,37,37,37,1,0,0.72972972973,0.243243243243,0.027027027027,37,0.0968468468468,1.32432432432,6.97297297297,12.9,4.16129032258,5.10166904327,0.731634707755,0.360779384035,6.35357126881,1.82234214687,0.783993295621,2.28061421578,0.654129658789,0.364131573434,0.579945114934,0.437917739848,2,1.33333333333,0.585540043769,2,0.0157191513582,0.00484261501211,2,0.0002574002574,0.272389590297,37,36,36,0.972972972973,0,0.702702702703,0.135135135135,0.135135135135,37,131,0.0983483483483,1.32432432432,7.08108108108,13.1,4.22580645161,5.21418140149,0.736353862043,0.361667010522,6.36655582187,1.79818752221,0.780276459666,2.23102610417,0.630137143925,0.350732411801,0.579945114934,0.437917739848,2,1.33333333333,0.585540043769,2,0.0198294270475,0.00933125972006,4,0.000514800514801,0.279796997704,37,36,36,0.972972972973,0,0.702702702703,0.135135135135,0.135135135135,-85,-0.0638138138138,0,-4.59459459459,-8.5,-1.77419354839,-2.98491764811,0.0341162119612,0.0516069504619,-3.96278080713,0.0288104144633,0.0150111944005,-0.855805366536,0.101374345703,0.0979796590484,0,0,0,0.00900900900901,0.00559492883467,0,0.00765930087735,0.00335856347433,-3,-0.0003861003861,-0.341399583493,-0.027027027027,-0.108108108108,0.108108108108,131,0,85,1116,0.606481481481,1,0,0.393518518519,1,0.606481481481,0.755043227666,0.750705099216,0.606481481481,0.606481481481,2,87,0,0,0,0
2530,WLNM_dir_neg,0.976317875545,0.819197189331,00:00:02,10,60,32,1236052756,threshold_sweep,0.1,0.857142857143,0.0689655172414,0.127659574468,6,1,81,173,0.0689655172414,0.994252873563,0.00574712643678,0.931034482759,0.857142857143,0.0689655172414,0.127659574468,0.685823754789,0.657726692209,0.0820895522388,0.184464079499,0.0632183908046,216,129,87,0,216,0,129,0,87,37,216,0.162162162162,1.32432432432,11.6756756757,21.6,6,8.1990990496,0.702237650082,0.31006006006,10.329336629,1.76937710775,0.765265265265,3.0868314707,0.528762798222,0.252752752753,0.579945114934,0.437917739848,2,1.32432432432,0.579945114934,2,0.0121701261701,0.00597269624573,7,0.000900900900901,0.621196581197,37,37,37,1,0,0.72972972973,0.243243243243,0.027027027027,37,0.0968468468468,1.32432432432,6.97297297297,12.9,3.79411764706,5.16659401286,0.740945653007,0.370416928556,6.37103524477,1.82735119424,0.785669390321,2.21887886632,0.636422620574,0.356589147287,0.579945114934,0.437917739848,2,1.32432432432,0.579945114934,2,0.0110514381191,0.00239808153477,1,0.0001287001287,0.262247073914,37,37,37,1,0,0.72972972973,0.189189189189,0.0810810810811,37,136,0.102102102102,1.3996410473,7.35135135135,12.3636363636,3.77777777778,5.45291062041,0.741756224101,0.372416534181,6.42068728605,1.74680462929,0.77106518283,2.01458644852,0.548086019083,0.308028616852,0.67147762126,0.479749877697,2.125,1.3996410473,0.67147762126,2.125,0.0138828864879,0.0109011627907,5,0.000643500643501,0.22683851502,37,37,37,1,0,0.702702702703,0.27027027027,0.027027027027,-80,-0.0600600600601,0.075316722973,-4.32432432432,-9.23636363636,-2.22222222222,-2.74618842919,0.0395185740187,0.0623564741212,-3.90864934295,-0.0225724784527,0.00579991756462,-1.07224502218,0.0193232208601,0.0552758640994,0.0915325063257,0.0418321378483,0.125,0.075316722973,0.0915325063257,0.125,0.0017127603178,0.00492846654496,-2,-0.0002574002574,-0.394358066176,-0.027027027027,0.027027027027,0,135,1,81,1115,0.625,0.999103942652,0.00089605734767,0.375,0.992647058824,0.625,0.767045454545,0.759767749983,0.624103942652,0.622119815668,7,87,0,0,0,0
2531,WLNM_dir_neg,0.976317875545,0.819197189331,00:00:02,10,60,32,1236052756,threshold_sweep,0.2,0.857142857143,0.0689655172414,0.127659574468,6,1,81,173,0.0689655172414,0.994252873563,0.00574712643678,0.931034482759,0.857142857143,0.0689655172414,0.127659574468,0.685823754789,0.657726692209,0.0820895522388,0.184464079499,0.0632183908046,216,129,87,0,216,0,129,0,87,37,216,0.162162162162,1.32432432432,11.6756756757,21.6,6,8.1990990496,0.702237650082,0.31006006006,10.329336629,1.76937710775,0.765265265265,3.0868314707,0.528762798222,0.252752752753,0.579945114934,0.437917739848,2,1.32432432432,0.579945114934,2,0.0121701261701,0.00597269624573,7,0.000900900900901,0.621196581197,37,37,37,1,0,0.72972972973,0.243243243243,0.027027027027,37,0.0968468468468,1.32432432432,6.97297297297,12.9,3.79411764706,5.16659401286,0.740945653007,0.370416928556,6.37103524477,1.82735119424,0.785669390321,2.21887886632,0.636422620574,0.356589147287,0.579945114934,0.437917739848,2,1.32432432432,0.579945114934,2,0.0110514381191,0.00239808153477,1,0.0001287001287,0.262247073914,37,37,37,1,0,0.72972972973,0.189189189189,0.0810810810811,37,136,0.102102102102,1.3996410473,7.35135135135,12.3636363636,3.77777777778,5.45291062041,0.741756224101,0.372416534181,6.42068728605,1.74680462929,0.77106518283,2.01458644852,0.548086019083,0.308028616852,0.67147762126,0.479749877697,2.125,1.3996410473,0.67147762126,2.125,0.0138828864879,0.0109011627907,5,0.000643500643501,0.22683851502,37,37,37,1,0,0.702702702703,0.27027027027,0.027027027027,-80,-0.0600600600601,0.075316722973,-4.32432432432,-9.23636363636,-2.22222222222,-2.74618842919,0.0395185740187,0.0623564741212,-3.90864934295,-0.0225724784527,0.00579991756462,-1.07224502218,0.0193232208601,0.0552758640994,0.0915325063257,0.0418321378483,0.125,0.075316722973,0.0915325063257,0.125,0.0017127603178,0.00492846654496,-2,-0.0002574002574,-0.394358066176,-0.027027027027,0.027027027027,0,135,1,81,1115,0.625,0.999103942652,0.00089605734767,0.375,0.992647058824,0.625,0.767045454545,0.759767749983,0.624103942652,0.622119815668,7,87,0,0,0,0
2532,WLNM_dir_neg,0.976317875545,0.819197189331,00:00:02,10,60,32,1236052756,threshold_sweep,0.3,0.857142857143,0.0689655172414,0.127659574468,6,1,81,173,0.0689655172414,0.994252873563,0.00574712643678,0.931034482759,0.857142857143,0.0689655172414,0.127659574468,0.685823754789,0.657726692209,0.0820895522388,0.184464079499,0.0632183908046,216,129,87,0,216,0,129,0,87,37,216,0.162162162162,1.32432432432,11.6756756757,21.6,6,8.1990990496,0.702237650082,0.31006006006,10.329336629,1.76937710775,0.765265265265,3.0868314707,0.528762798222,0.252752752753,0.579945114934,0.437917739848,2,1.32432432432,0.579945114934,2,0.0121701261701,0.00597269624573,7,0.000900900900901,0.621196581197,37,37,37,1,0,0.72972972973,0.243243243243,0.027027027027,37,0.0968468468468,1.32432432432,6.97297297297,12.9,3.79411764706,5.16659401286,0.740945653007,0.370416928556,6.37103524477,1.82735119424,0.785669390321,2.21887886632,0.636422620574,0.356589147287,0.579945114934,0.437917739848,2,1.32432432432,0.579945114934,2,0.0110514381191,0.00239808153477,1,0.0001287001287,0.262247073914,37,37,37,1,0,0.72972972973,0.189189189189,0.0810810810811,37,136,0.102102102102,1.3996410473,7.35135135135,12.3636363636,3.77777777778,5.45291062041,0.741756224101,0.372416534181,6.42068728605,1.74680462929,0.77106518283,2.01458644852,0.548086019083,0.308028616852,0.67147762126,0.479749877697,2.125,1.3996410473,0.67147762126,2.125,0.0138828864879,0.0109011627907,5,0.000643500643501,0.22683851502,37,37,37,1,0,0.702702702703,0.27027027027,0.027027027027,-80,-0.0600600600601,0.075316722973,-4.32432432432,-9.23636363636,-2.22222222222,-2.74618842919,0.0395185740187,0.0623564741212,-3.90864934295,-0.0225724784527,0.00579991756462,-1.07224502218,0.0193232208601,0.0552758640994,0.0915325063257,0.0418321378483,0.125,0.075316722973,0.0915325063257,0.125,0.0017127603178,0.00492846654496,-2,-0.0002574002574,-0.394358066176,-0.027027027027,0.027027027027,0,135,1,81,1115,0.625,0.999103942652,0.00089605734767,0.375,0.992647058824,0.625,0.767045454545,0.759767749983,0.624103942652,0.622119815668,7,87,0,0,0,0
2533,WLNM_dir_neg,0.976317875545,0.819197189331,00:00:02,10,60,32,1236052756,threshold_sweep,0.4,0.833333333333,0.0574712643678,0.10752688172,5,1,82,173,0.0574712643678,0.994252873563,0.00574712643678,0.942528735632,0.833333333333,0.0574712643678,0.10752688172,0.681992337165,0.659003831418,0.0674157303371,0.162697843364,0.051724137931,216,129,87,0,216,0,129,0,87,37,216,0.162162162162,1.32432432432,11.6756756757,21.6,6,8.1990990496,0.702237650082,0.31006006006,10.329336629,1.76937710775,0.765265265265,3.0868314707,0.528762798222,0.252752752753,0.579945114934,0.437917739848,2,1.32432432432,0.579945114934,2,0.0121701261701,0.00597269624573,7,0.000900900900901,0.621196581197,37,37,37,1,0,0.72972972973,0.243243243243,0.027027027027,37,0.0968468468468,1.32432432432,6.97297297297,12.9,3.79411764706,5.16659401286,0.740945653007,0.370416928556,6.37103524477,1.82735119424,0.785669390321,2.21887886632,0.636422620574,0.356589147287,0.579945114934,0.437917739848,2,1.32432432432,0.579945114934,2,0.0110514381191,0.00239808153477,1,0.0001287001287,0.262247073914,37,37,37,1,0,0.72972972973,0.189189189189,0.0810810810811,37,135,0.101351351351,1.39946717551,7.2972972973,12.2727272727,3.75,5.37930636206,0.737164205172,0.36976976977,6.39538121623,1.75280818519,0.772772772773,2.04418166479,0.560257197018,0.314714714715,0.671036393275,0.479494199663,2.125,1.39946717551,0.671036393275,2.125,0.0118277486433,0.00890207715134,4,0.000514800514801,0.225222353404,37,37,37,1,0,0.702702702703,0.27027027027,0.027027027027,-81,-0.0608108108108,0.0751428511845,-4.37837837838,-9.32727272727,-2.25,-2.81979268754,0.0349265550898,0.0597097097097,-3.93395541277,-0.0165689225565,0.00750750750751,-1.04264980591,0.0314943987951,0.061961961962,0.0910912783406,0.0415764598144,0.125,0.0751428511845,0.0910912783406,0.125,-0.000342377526809,0.0029293809056,-3,-0.0003861003861,-0.395974227792,-0.027027027027,0.027027027027,0,134,1,82,1115,0.62037037037,0.999103942652,0.00089605734767,0.37962962963,0.992592592593,0.62037037037,0.763532763533,0.756603448044,0.619474313023,0.617511520737,6,87,0,0,0,0
2534,WLNM_dir_neg,0.976317875545,0.819197189331,00:00:02,10,60,32,1236052756,threshold_sweep,0.5,0.833333333333,0.0574712643678,0.10752688172,5,1,82,173,0.0574712643678,0.994252873563,0.00574712643678,0.942528735632,0.833333333333,0.0574712643678,0.10752688172,0.681992337165,0.659003831418,0.0674157303371,0.162697843364,0.051724137931,216,129,87,0,216,0,129,0,87,37,216,0.162162162162,1.32432432432,11.6756756757,21.6,6,8.1990990496,0.702237650082,0.31006006006,10.329336629,1.76937710775,0.765265265265,3.0868314707,0.528762798222,0.252752752753,0.579945114934,0.437917739848,2,1.32432432432,0.579945114934,2,0.0121701261701,0.00597269624573,7,0.000900900900901,0.621196581197,37,37,37,1,0,0.72972972973,0.243243243243,0.027027027027,37,0.0968468468468,1.32432432432,6.97297297297,12.9,3.79411764706,5.16659401286,0.740945653007,0.370416928556,6.37103524477,1.82735119424,0.785669390321,2.21887886632,0.636422620574,0.356589147287,0.579945114934,0.437917739848,2,1.32432432432,0.579945114934,2,0.0110514381191,0.00239808153477,1,0.0001287001287,0.262247073914,37,37,37,1,0,0.72972972973,0.189189189189,0.0810810810811,37,135,0.101351351351,1.39946717551,7.2972972973,12.2727272727,3.75,5.37930636206,0.737164205172,0.36976976977,6.39538121623,1.75280818519,0.772772772773,2.04418166479,0.560257197018,0.314714714715,0.671036393275,0.479494199663,2.125,1.39946717551,0.671036393275,2.125,0.0118277486433,0.00890207715134,4,0.000514800514801,0.225222353404,37,37,37,1,0,0.702702702703,0.27027027027,0.027027027027,-81,-0.0608108108108,0.0751428511845,-4.37837837838,-9.32727272727,-2.25,-2.81979268754,0.0349265550898,0.0597097097097,-3.93395541277,-0.0165689225565,0.00750750750751,-1.04264980591,0.0314943987951,0.061961961962,0.0910912783406,0.0415764598144,0.125,0.0751428511845,0.0910912783406,0.125,-0.000342377526809,0.0029293809056,-3,-0.0003861003861,-0.395974227792,-0.027027027027,0.027027027027,0,134,1,82,1115,0.62037037037,0.999103942652,0.00089605734767,0.37962962963,0.992592592593,0.62037037037,0.763532763533,0.756603448044,0.619474313023,0.617511520737,6,87,0,0,0,0
2535,WLNM_dir_neg,0.976317875545,0.819197189331,00:00:02,10,60,32,1236052756,threshold_sweep,0.6,0.833333333333,0.0574712643678,0.10752688172,5,1,82,173,0.0574712643678,0.994252873563,0.00574712643678,0.942528735632,0.833333333333,0.0574712643678,0.10752688172,0.681992337165,0.659003831418,0.0674157303371,0.162697843364,0.051724137931,216,129,87,0,216,0,129,0,87,37,216,0.162162162162,1.32432432432,11.6756756757,21.6,6,8.1990990496,0.702237650082,0.31006006006,10.329336629,1.76937710775,0.765265265265,3.0868314707,0.528762798222,0.252752752753,0.579945114934,0.437917739848,2,1.32432432432,0.579945114934,2,0.0121701261701,0.00597269624573,7,0.000900900900901,0.621196581197,37,37,37,1,0,0.72972972973,0.243243243243,0.027027027027,37,0.0968468468468,1.32432432432,6.97297297297,12.9,3.79411764706,5.16659401286,0.740945653007,0.370416928556,6.37103524477,1.82735119424,0.785669390321,2.21887886632,0.636422620574,0.356589147287,0.579945114934,0.437917739848,2,1.32432432432,0.579945114934,2,0.0110514381191,0.00239808153477,1,0.0001287001287,0.262247073914,37,37,37,1,0,0.72972972973,0.189189189189,0.0810810810811,37,135,0.101351351351,1.39946717551,7.2972972973,12.2727272727,3.75,5.37930636206,0.737164205172,0.36976976977,6.39538121623,1.75280818519,0.772772772773,2.04418166479,0.560257197018,0.314714714715,0.671036393275,0.479494199663,2.125,1.39946717551,0.671036393275,2.125,0.0118277486433,0.00890207715134,4,0.000514800514801,0.225222353404,37,37,37,1,0,0.702702702703,0.27027027027,0.027027027027,-81,-0.0608108108108,0.0751428511845,-4.37837837838,-9.32727272727,-2.25,-2.81979268754,0.0349265550898,0.0597097097097,-3.93395541277,-0.0165689225565,0.00750750750751,-1.04264980591,0.0314943987951,0.061961961962,0.0910912783406,0.0415764598144,0.125,0.0751428511845,0.0910912783406,0.125,-0.000342377526809,0.0029293809056,-3,-0.0003861003861,-0.395974227792,-0.027027027027,0.027027027027,0,134,1,82,1115,0.62037037037,0.999103942652,0.00089605734767,0.37962962963,0.992592592593,0.62037037037,0.763532763533,0.756603448044,0.619474313023,0.617511520737,6,87,0,0,0,0
2536,WLNM_dir_neg,0.976317875545,0.819197189331,00:00:02,10,60,32,1236052756,threshold_sweep,0.7,0.833333333333,0.0574712643678,0.10752688172,5,1,82,173,0.0574712643678,0.994252873563,0.00574712643678,0.942528735632,0.833333333333,0.0574712643678,0.10752688172,0.681992337165,0.659003831418,0.0674157303371,0.162697843364,0.051724137931,216,129,87,0,216,0,129,0,87,37,216,0.162162162162,1.32432432432,11.6756756757,21.6,6,8.1990990496,0.702237650082,0.31006006006,10.329336629,1.76937710775,0.765265265265,3.0868314707,0.528762798222,0.252752752753,0.579945114934,0.437917739848,2,1.32432432432,0.579945114934,2,0.0121701261701,0.00597269624573,7,0.000900900900901,0.621196581197,37,37,37,1,0,0.72972972973,0.243243243243,0.027027027027,37,0.0968468468468,1.32432432432,6.97297297297,12.9,3.79411764706,5.16659401286,0.740945653007,0.370416928556,6.37103524477,1.82735119424,0.785669390321,2.21887886632,0.636422620574,0.356589147287,0.579945114934,0.437917739848,2,1.32432432432,0.579945114934,2,0.0110514381191,0.00239808153477,1,0.0001287001287,0.262247073914,37,37,37,1,0,0.72972972973,0.189189189189,0.0810810810811,37,135,0.101351351351,1.39946717551,7.2972972973,12.2727272727,3.75,5.37930636206,0.737164205172,0.36976976977,6.39538121623,1.75280818519,0.772772772773,2.04418166479,0.560257197018,0.314714714715,0.671036393275,0.479494199663,2.125,1.39946717551,0.671036393275,2.125,0.0118277486433,0.00890207715134,4,0.000514800514801,0.225222353404,37,37,37,1,0,0.702702702703,0.27027027027,0.027027027027,-81,-0.0608108108108,0.0751428511845,-4.37837837838,-9.32727272727,-2.25,-2.81979268754,0.0349265550898,0.0597097097097,-3.93395541277,-0.0165689225565,0.00750750750751,-1.04264980591,0.0314943987951,0.061961961962,0.0910912783406,0.0415764598144,0.125,0.0751428511845,0.0910912783406,0.125,-0.000342377526809,0.0029293809056,-3,-0.0003861003861,-0.395974227792,-0.027027027027,0.027027027027,0,134,1,82,1115,0.62037037037,0.999103942652,0.00089605734767,0.37962962963,0.992592592593,0.62037037037,0.763532763533,0.756603448044,0.619474313023,0.617511520737,6,87,0,0,0,0
2537,WLNM_dir_neg,0.976317875545,0.819197189331,00:00:02,10,60,32,1236052756,threshold_sweep,0.8,1,0.0574712643678,0.108695652174,5,0,82,174,0.0574712643678,1,0,0.942528735632,1,0.0574712643678,0.108695652174,0.685823754789,0.660280970626,0.0751879699248,0.197642353761,0.0574712643678,216,129,87,0,216,0,129,0,87,37,216,0.162162162162,1.32432432432,11.6756756757,21.6,6,8.1990990496,0.702237650082,0.31006006006,10.329336629,1.76937710775,0.765265265265,3.0868314707,0.528762798222,0.252752752753,0.579945114934,0.437917739848,2,1.32432432432,0.579945114934,2,0.0121701261701,0.00597269624573,7,0.000900900900901,0.621196581197,37,37,37,1,0,0.72972972973,0.243243243243,0.027027027027,37,0.0968468468468,1.32432432432,6.97297297297,12.9,3.79411764706,5.16659401286,0.740945653007,0.370416928556,6.37103524477,1.82735119424,0.785669390321,2.21887886632,0.636422620574,0.356589147287,0.579945114934,0.437917739848,2,1.32432432432,0.579945114934,2,0.0110514381191,0.00239808153477,1,0.0001287001287,0.262247073914,37,37,37,1,0,0.72972972973,0.189189189189,0.0810810810811,37,134,0.100600600601,1.32432432432,7.24324324324,13.4,3.72222222222,5.33023558686,0.735890734007,0.370310609117,6.40898393469,1.76964481779,0.775312626059,2.05954891705,0.568681417396,0.319080274304,0.579945114934,0.437917739848,2,1.32432432432,0.579945114934,2,0.0118277486433,0.00890207715134,4,0.000514800514801,0.268358185025,37,37,37,1,0,0.72972972973,0.243243243243,0.027027027027,-82,-0.0615615615616,0,-4.43243243243,-8.2,-2.27777777778,-2.86886346275,0.0336530839247,0.0602505490565,-3.92035269431,0.000267710041366,0.0100473607936,-1.02728255365,0.0399186191733,0.0663275215514,0,0,0,0,0,0,-0.000342377526809,0.0029293809056,-3,-0.0003861003861,-0.352838396172,0,0,0,134,0,82,1116,0.62037037037,1,0,0.37962962963,1,0.62037037037,0.765714285714,0.760202357151,0.62037037037,0.62037037037,5,87,0,0,0,0
2538,WLNM_dir_neg,0.976317875545,0.819197189331,00:00:02,10,60,32,1236052756,threshold_sweep,0.9,1,0.0574712643678,0.108695652174,5,0,82,174,0.0574712643678,1,0,0.942528735632,1,0.0574712643678,0.108695652174,0.685823754789,0.660280970626,0.0751879699248,0.197642353761,0.0574712643678,216,129,87,0,216,0,129,0,87,37,216,0.162162162162,1.32432432432,11.6756756757,21.6,6,8.1990990496,0.702237650082,0.31006006006,10.329336629,1.76937710775,0.765265265265,3.0868314707,0.528762798222,0.252752752753,0.579945114934,0.437917739848,2,1.32432432432,0.579945114934,2,0.0121701261701,0.00597269624573,7,0.000900900900901,0.621196581197,37,37,37,1,0,0.72972972973,0.243243243243,0.027027027027,37,0.0968468468468,1.32432432432,6.97297297297,12.9,3.79411764706,5.16659401286,0.740945653007,0.370416928556,6.37103524477,1.82735119424,0.785669390321,2.21887886632,0.636422620574,0.356589147287,0.579945114934,0.437917739848,2,1.32432432432,0.579945114934,2,0.0110514381191,0.00239808153477,1,0.0001287001287,0.262247073914,37,37,37,1,0,0.72972972973,0.189189189189,0.0810810810811,37,134,0.100600600601,1.32432432432,7.24324324324,13.4,3.72222222222,5.33023558686,0.735890734007,0.370310609117,6.40898393469,1.76964481779,0.775312626059,2.05954891705,0.568681417396,0.319080274304,0.579945114934,0.437917739848,2,1.32432432432,0.579945114934,2,0.0118277486433,0.00890207715134,4,0.000514800514801,0.268358185025,37,37,37,1,0,0.72972972973,0.243243243243,0.027027027027,-82,-0.0615615615616,0,-4.43243243243,-8.2,-2.27777777778,-2.86886346275,0.0336530839247,0.0602505490565,-3.92035269431,0.000267710041366,0.0100473607936,-1.02728255365,0.0399186191733,0.0663275215514,0,0,0,0,0,0,-0.000342377526809,0.0029293809056,-3,-0.0003861003861,-0.352838396172,0,0,0,134,0,82,1116,0.62037037037,1,0,0.37962962963,1,0.62037037037,0.765714285714,0.760202357151,0.62037037037,0.62037037037,5,87,0,0,0,0
2539,WLNM_dir_neg,0.980512617255,0.944284465443,00:00:02,10,60,33,1236052757,threshold_sweep,0.1,1,0.0229885057471,0.0449438202247,2,0,85,174,0.0229885057471,1,0,0.977011494253,1,0.0229885057471,0.0449438202247,0.674329501916,0.66411238825,0.0304182509506,0.1242739532,0.0229885057471,216,129,87,0,216,0,129,0,87,37,216,0.162162162162,1.32432432432,11.6756756757,21.6,6,8.1990990496,0.702237650082,0.31006006006,10.329336629,1.76937710775,0.765265265265,3.0868314707,0.528762798222,0.252752752753,0.579945114934,0.437917739848,2,1.32432432432,0.579945114934,2,0.0121701261701,0.00597269624573,7,0.000900900900901,0.621196581197,37,37,37,1,0,0.72972972973,0.243243243243,0.027027027027,37,0.0968468468468,1.32882882883,6.97297297297,12.9,3.79411764706,5.10711098201,0.732415140831,0.360569872198,6.35357126881,1.82234214687,0.782736224597,2.19369831844,0.629200292885,0.341085271318,0.593803505044,0.446862298711,2.16666666667,1.33796296296,0.5995846593,2.16666666667,0,0,0,0,0.256879569,37,36,36,0.972972972973,0,0.702702702703,0.216216216216,0.0540540540541,37,131,0.0983483483483,1.32432432432,7.08108108108,13.1,3.63888888889,5.1282354469,0.724216456241,0.358572312771,6.38398427749,1.80311006311,0.779038580565,2.11600507501,0.597650288362,0.32226119249,0.579945114934,0.437917739848,2,1.32432432432,0.579945114934,2,0,0,0,0,0.256879569,37,37,37,1,0,0.72972972973,0.243243243243,0.027027027027,-85,-0.0638138138138,0,-4.59459459459,-8.5,-2.36111111111,-3.07086360271,0.0219788061591,0.0485122527107,-3.94535235151,0.0337329553629,0.0137733153,-0.970826395692,0.0688874901398,0.0695084397374,0,0,0,0,0,0,-0.0121701261701,-0.00597269624573,-7,-0.000900900900901,-0.364317012196,0,0,0,131,0,85,1116,0.606481481481,1,0,0.393518518519,1,0.606481481481,0.755043227666,0.750705099216,0.606481481481,0.606481481481,2,87,0,0,0,0
2540,WLNM_dir_neg,0.980512617255,0.944284465443,00:00:02,10,60,33,1236052757,threshold_sweep,0.2,1,0.0229885057471,0.0449438202247,2,0,85,174,0.0229885057471,1,0,0.977011494253,1,0.0229885057471,0.0449438202247,0.674329501916,0.66411238825,0.0304182509506,0.1242739532,0.0229885057471,216,129,87,0,216,0,129,0,87,37,216,0.162162162162,1.32432432432,11.6756756757,21.6,6,8.1990990496,0.702237650082,0.31006006006,10.329336629,1.76937710775,0.765265265265,3.0868314707,0.528762798222,0.252752752753,0.579945114934,0.437917739848,2,1.32432432432,0.579945114934,2,0.0121701261701,0.00597269624573,7,0.000900900900901,0.621196581197,37,37,37,1,0,0.72972972973,0.243243243243,0.027027027027,37,0.0968468468468,1.32882882883,6.97297297297,12.9,3.79411764706,5.10711098201,0.732415140831,0.360569872198,6.35357126881,1.82234214687,0.782736224597,2.19369831844,0.629200292885,0.341085271318,0.593803505044,0.446862298711,2.16666666667,1.33796296296,0.5995846593,2.16666666667,0,0,0,0,0.256879569,37,36,36,0.972972972973,0,0.702702702703,0.216216216216,0.0540540540541,37,131,0.0983483483483,1.32432432432,7.08108108108,13.1,3.63888888889,5.1282354469,0.724216456241,0.358572312771,6.38398427749,1.80311006311,0.779038580565,2.11600507501,0.597650288362,0.32226119249,0.579945114934,0.437917739848,2,1.32432432432,0.579945114934,2,0,0,0,0,0.256879569,37,37,37,1,0,0.72972972973,0.243243243243,0.027027027027,-85,-0.0638138138138,0,-4.59459459459,-8.5,-2.36111111111,-3.07086360271,0.0219788061591,0.0485122527107,-3.94535235151,0.0337329553629,0.0137733153,-0.970826395692,0.0688874901398,0.0695084397374,0,0,0,0,0,0,-0.0121701261701,-0.00597269624573,-7,-0.000900900900901,-0.364317012196,0,0,0,131,0,85,1116,0.606481481481,1,0,0.393518518519,1,0.606481481481,0.755043227666,0.750705099216,0.606481481481,0.606481481481,2,87,0,0,0,0
2541,WLNM_dir_neg,0.980512617255,0.944284465443,00:00:02,10,60,33,1236052757,threshold_sweep,0.3,1,0.0229885057471,0.0449438202247,2,0,85,174,0.0229885057471,1,0,0.977011494253,1,0.0229885057471,0.0449438202247,0.674329501916,0.66411238825,0.0304182509506,0.1242739532,0.0229885057471,216,129,87,0,216,0,129,0,87,37,216,0.162162162162,1.32432432432,11.6756756757,21.6,6,8.1990990496,0.702237650082,0.31006006006,10.329336629,1.76937710775,0.765265265265,3.0868314707,0.528762798222,0.252752752753,0.579945114934,0.437917739848,2,1.32432432432,0.579945114934,2,0.0121701261701,0.00597269624573,7,0.000900900900901,0.621196581197,37,37,37,1,0,0.72972972973,0.243243243243,0.027027027027,37,0.0968468468468,1.32882882883,6.97297297297,12.9,3.79411764706,5.10711098201,0.732415140831,0.360569872198,6.35357126881,1.82234214687,0.782736224597,2.19369831844,0.629200292885,0.341085271318,0.593803505044,0.446862298711,2.16666666667,1.33796296296,0.5995846593,2.16666666667,0,0,0,0,0.256879569,37,36,36,0.972972972973,0,0.702702702703,0.216216216216,0.0540540540541,37,131,0.0983483483483,1.32432432432,7.08108108108,13.1,3.63888888889,5.1282354469,0.724216456241,0.358572312771,6.38398427749,1.80311006311,0.779038580565,2.11600507501,0.597650288362,0.32226119249,0.579945114934,0.437917739848,2,1.32432432432,0.579945114934,2,0,0,0,0,0.256879569,37,37,37,1,0,0.72972972973,0.243243243243,0.027027027027,-85,-0.0638138138138,0,-4.59459459459,-8.5,-2.36111111111,-3.07086360271,0.0219788061591,0.0485122527107,-3.94535235151,0.0337329553629,0.0137733153,-0.970826395692,0.0688874901398,0.0695084397374,0,0,0,0,0,0,-0.0121701261701,-0.00597269624573,-7,-0.000900900900901,-0.364317012196,0,0,0,131,0,85,1116,0.606481481481,1,0,0.393518518519,1,0.606481481481,0.755043227666,0.750705099216,0.606481481481,0.606481481481,2,87,0,0,0,0
2542,WLNM_dir_neg,0.980512617255,0.944284465443,00:00:02,10,60,33,1236052757,threshold_sweep,0.4,1,0.0229885057471,0.0449438202247,2,0,85,174,0.0229885057471,1,0,0.977011494253,1,0.0229885057471,0.0449438202247,0.674329501916,0.66411238825,0.0304182509506,0.1242739532,0.0229885057471,216,129,87,0,216,0,129,0,87,37,216,0.162162162162,1.32432432432,11.6756756757,21.6,6,8.1990990496,0.702237650082,0.31006006006,10.329336629,1.76937710775,0.765265265265,3.0868314707,0.528762798222,0.252752752753,0.579945114934,0.437917739848,2,1.32432432432,0.579945114934,2,0.0121701261701,0.00597269624573,7,0.000900900900901,0.621196581197,37,37,37,1,0,0.72972972973,0.243243243243,0.027027027027,37,0.0968468468468,1.32882882883,6.97297297297,12.9,3.79411764706,5.10711098201,0.732415140831,0.360569872198,6.35357126881,1.82234214687,0.782736224597,2.19369831844,0.629200292885,0.341085271318,0.593803505044,0.446862298711,2.16666666667,1.33796296296,0.5995846593,2.16666666667,0,0,0,0,0.256879569,37,36,36,0.972972972973,0,0.702702702703,0.216216216216,0.0540540540541,37,131,0.0983483483483,1.32432432432,7.08108108108,13.1,3.63888888889,5.1282354469,0.724216456241,0.358572312771,6.38398427749,1.80311006311,0.779038580565,2.11600507501,0.597650288362,0.32226119249,0.579945114934,0.437917739848,2,1.32432432432,0.579945114934,2,0,0,0,0,0.256879569,37,37,37,1,0,0.72972972973,0.243243243243,0.027027027027,-85,-0.0638138138138,0,-4.59459459459,-8.5,-2.36111111111,-3.07086360271,0.0219788061591,0.0485122527107,-3.94535235151,0.0337329553629,0.0137733153,-0.970826395692,0.0688874901398,0.0695084397374,0,0,0,0,0,0,-0.0121701261701,-0.00597269624573,-7,-0.000900900900901,-0.364317012196,0,0,0,131,0,85,1116,0.606481481481,1,0,0.393518518519,1,0.606481481481,0.755043227666,0.750705099216,0.606481481481,0.606481481481,2,87,0,0,0,0
2543,WLNM_dir_neg,0.980512617255,0.944284465443,00:00:02,10,60,33,1236052757,threshold_sweep,0.5,1,0.0229885057471,0.0449438202247,2,0,85,174,0.0229885057471,1,0,0.977011494253,1,0.0229885057471,0.0449438202247,0.674329501916,0.66411238825,0.0304182509506,0.1242739532,0.0229885057471,216,129,87,0,216,0,129,0,87,37,216,0.162162162162,1.32432432432,11.6756756757,21.6,6,8.1990990496,0.702237650082,0.31006006006,10.329336629,1.76937710775,0.765265265265,3.0868314707,0.528762798222,0.252752752753,0.579945114934,0.437917739848,2,1.32432432432,0.579945114934,2,0.0121701261701,0.00597269624573,7,0.000900900900901,0.621196581197,37,37,37,1,0,0.72972972973,0.243243243243,0.027027027027,37,0.0968468468468,1.32882882883,6.97297297297,12.9,3.79411764706,5.10711098201,0.732415140831,0.360569872198,6.35357126881,1.82234214687,0.782736224597,2.19369831844,0.629200292885,0.341085271318,0.593803505044,0.446862298711,2.16666666667,1.33796296296,0.5995846593,2.16666666667,0,0,0,0,0.256879569,37,36,36,0.972972972973,0,0.702702702703,0.216216216216,0.0540540540541,37,131,0.0983483483483,1.32432432432,7.08108108108,13.1,3.63888888889,5.1282354469,0.724216456241,0.358572312771,6.38398427749,1.80311006311,0.779038580565,2.11600507501,0.597650288362,0.32226119249,0.579945114934,0.437917739848,2,1.32432432432,0.579945114934,2,0,0,0,0,0.256879569,37,37,37,1,0,0.72972972973,0.243243243243,0.027027027027,-85,-0.0638138138138,0,-4.59459459459,-8.5,-2.36111111111,-3.07086360271,0.0219788061591,0.0485122527107,-3.94535235151,0.0337329553629,0.0137733153,-0.970826395692,0.0688874901398,0.0695084397374,0,0,0,0,0,0,-0.0121701261701,-0.00597269624573,-7,-0.000900900900901,-0.364317012196,0,0,0,131,0,85,1116,0.606481481481,1,0,0.393518518519,1,0.606481481481,0.755043227666,0.750705099216,0.606481481481,0.606481481481,2,87,0,0,0,0
2544,WLNM_dir_neg,0.980512617255,0.944284465443,00:00:02,10,60,33,1236052757,threshold_sweep,0.6,1,0.0229885057471,0.0449438202247,2,0,85,174,0.0229885057471,1,0,0.977011494253,1,0.0229885057471,0.0449438202247,0.674329501916,0.66411238825,0.0304182509506,0.1242739532,0.0229885057471,216,129,87,0,216,0,129,0,87,37,216,0.162162162162,1.32432432432,11.6756756757,21.6,6,8.1990990496,0.702237650082,0.31006006006,10.329336629,1.76937710775,0.765265265265,3.0868314707,0.528762798222,0.252752752753,0.579945114934,0.437917739848,2,1.32432432432,0.579945114934,2,0.0121701261701,0.00597269624573,7,0.000900900900901,0.621196581197,37,37,37,1,0,0.72972972973,0.243243243243,0.027027027027,37,0.0968468468468,1.32882882883,6.97297297297,12.9,3.79411764706,5.10711098201,0.732415140831,0.360569872198,6.35357126881,1.82234214687,0.782736224597,2.19369831844,0.629200292885,0.341085271318,0.593803505044,0.446862298711,2.16666666667,1.33796296296,0.5995846593,2.16666666667,0,0,0,0,0.256879569,37,36,36,0.972972972973,0,0.702702702703,0.216216216216,0.0540540540541,37,131,0.0983483483483,1.32432432432,7.08108108108,13.1,3.63888888889,5.1282354469,0.724216456241,0.358572312771,6.38398427749,1.80311006311,0.779038580565,2.11600507501,0.597650288362,0.32226119249,0.579945114934,0.437917739848,2,1.32432432432,0.579945114934,2,0,0,0,0,0.256879569,37,37,37,1,0,0.72972972973,0.243243243243,0.027027027027,-85,-0.0638138138138,0,-4.59459459459,-8.5,-2.36111111111,-3.07086360271,0.0219788061591,0.0485122527107,-3.94535235151,0.0337329553629,0.0137733153,-0.970826395692,0.0688874901398,0.0695084397374,0,0,0,0,0,0,-0.0121701261701,-0.00597269624573,-7,-0.000900900900901,-0.364317012196,0,0,0,131,0,85,1116,0.606481481481,1,0,0.393518518519,1,0.606481481481,0.755043227666,0.750705099216,0.606481481481,0.606481481481,2,87,0,0,0,0
2545,WLNM_dir_neg,0.980512617255,0.944284465443,00:00:02,10,60,33,1236052757,threshold_sweep,0.7,1,0.0229885057471,0.0449438202247,2,0,85,174,0.0229885057471,1,0,0.977011494253,1,0.0229885057471,0.0449438202247,0.674329501916,0.66411238825,0.0304182509506,0.1242739532,0.0229885057471,216,129,87,0,216,0,129,0,87,37,216,0.162162162162,1.32432432432,11.6756756757,21.6,6,8.1990990496,0.702237650082,0.31006006006,10.329336629,1.76937710775,0.765265265265,3.0868314707,0.528762798222,0.252752752753,0.579945114934,0.437917739848,2,1.32432432432,0.579945114934,2,0.0121701261701,0.00597269624573,7,0.000900900900901,0.621196581197,37,37,37,1,0,0.72972972973,0.243243243243,0.027027027027,37,0.0968468468468,1.32882882883,6.97297297297,12.9,3.79411764706,5.10711098201,0.732415140831,0.360569872198,6.35357126881,1.82234214687,0.782736224597,2.19369831844,0.629200292885,0.341085271318,0.593803505044,0.446862298711,2.16666666667,1.33796296296,0.5995846593,2.16666666667,0,0,0,0,0.256879569,37,36,36,0.972972972973,0,0.702702702703,0.216216216216,0.0540540540541,37,131,0.0983483483483,1.32432432432,7.08108108108,13.1,3.63888888889,5.1282354469,0.724216456241,0.358572312771,6.38398427749,1.80311006311,0.779038580565,2.11600507501,0.597650288362,0.32226119249,0.579945114934,0.437917739848,2,1.32432432432,0.579945114934,2,0,0,0,0,0.256879569,37,37,37,1,0,0.72972972973,0.243243243243,0.027027027027,-85,-0.0638138138138,0,-4.59459459459,-8.5,-2.36111111111,-3.07086360271,0.0219788061591,0.0485122527107,-3.94535235151,0.0337329553629,0.0137733153,-0.970826395692,0.0688874901398,0.0695084397374,0,0,0,0,0,0,-0.0121701261701,-0.00597269624573,-7,-0.000900900900901,-0.364317012196,0,0,0,131,0,85,1116,0.606481481481,1,0,0.393518518519,1,0.606481481481,0.755043227666,0.750705099216,0.606481481481,0.606481481481,2,87,0,0,0,0
2546,WLNM_dir_neg,0.980512617255,0.944284465443,00:00:02,10,60,33,1236052757,threshold_sweep,0.8,1,0.0229885057471,0.0449438202247,2,0,85,174,0.0229885057471,1,0,0.977011494253,1,0.0229885057471,0.0449438202247,0.674329501916,0.66411238825,0.0304182509506,0.1242739532,0.0229885057471,216,129,87,0,216,0,129,0,87,37,216,0.162162162162,1.32432432432,11.6756756757,21.6,6,8.1990990496,0.702237650082,0.31006006006,10.329336629,1.76937710775,0.765265265265,3.0868314707,0.528762798222,0.252752752753,0.579945114934,0.437917739848,2,1.32432432432,0.579945114934,2,0.0121701261701,0.00597269624573,7,0.000900900900901,0.621196581197,37,37,37,1,0,0.72972972973,0.243243243243,0.027027027027,37,0.0968468468468,1.32882882883,6.97297297297,12.9,3.79411764706,5.10711098201,0.732415140831,0.360569872198,6.35357126881,1.82234214687,0.782736224597,2.19369831844,0.629200292885,0.341085271318,0.593803505044,0.446862298711,2.16666666667,1.33796296296,0.5995846593,2.16666666667,0,0,0,0,0.256879569,37,36,36,0.972972972973,0,0.702702702703,0.216216216216,0.0540540540541,37,131,0.0983483483483,1.32432432432,7.08108108108,13.1,3.63888888889,5.1282354469,0.724216456241,0.358572312771,6.38398427749,1.80311006311,0.779038580565,2.11600507501,0.597650288362,0.32226119249,0.579945114934,0.437917739848,2,1.32432432432,0.579945114934,2,0,0,0,0,0.256879569,37,37,37,1,0,0.72972972973,0.243243243243,0.027027027027,-85,-0.0638138138138,0,-4.59459459459,-8.5,-2.36111111111,-3.07086360271,0.0219788061591,0.0485122527107,-3.94535235151,0.0337329553629,0.0137733153,-0.970826395692,0.0688874901398,0.0695084397374,0,0,0,0,0,0,-0.0121701261701,-0.00597269624573,-7,-0.000900900900901,-0.364317012196,0,0,0,131,0,85,1116,0.606481481481,1,0,0.393518518519,1,0.606481481481,0.755043227666,0.750705099216,0.606481481481,0.606481481481,2,87,0,0,0,0
2547,WLNM_dir_neg,0.980512617255,0.944284465443,00:00:02,10,60,33,1236052757,threshold_sweep,0.9,1,0.0229885057471,0.0449438202247,2,0,85,174,0.0229885057471,1,0,0.977011494253,1,0.0229885057471,0.0449438202247,0.674329501916,0.66411238825,0.0304182509506,0.1242739532,0.0229885057471,216,129,87,0,216,0,129,0,87,37,216,0.162162162162,1.32432432432,11.6756756757,21.6,6,8.1990990496,0.702237650082,0.31006006006,10.329336629,1.76937710775,0.765265265265,3.0868314707,0.528762798222,0.252752752753,0.579945114934,0.437917739848,2,1.32432432432,0.579945114934,2,0.0121701261701,0.00597269624573,7,0.000900900900901,0.621196581197,37,37,37,1,0,0.72972972973,0.243243243243,0.027027027027,37,0.0968468468468,1.32882882883,6.97297297297,12.9,3.79411764706,5.10711098201,0.732415140831,0.360569872198,6.35357126881,1.82234214687,0.782736224597,2.19369831844,0.629200292885,0.341085271318,0.593803505044,0.446862298711,2.16666666667,1.33796296296,0.5995846593,2.16666666667,0,0,0,0,0.256879569,37,36,36,0.972972972973,0,0.702702702703,0.216216216216,0.0540540540541,37,131,0.0983483483483,1.32432432432,7.08108108108,13.1,3.63888888889,5.1282354469,0.724216456241,0.358572312771,6.38398427749,1.80311006311,0.779038580565,2.11600507501,0.597650288362,0.32226119249,0.579945114934,0.437917739848,2,1.32432432432,0.579945114934,2,0,0,0,0,0.256879569,37,37,37,1,0,0.72972972973,0.243243243243,0.027027027027,-85,-0.0638138138138,0,-4.59459459459,-8.5,-2.36111111111,-3.07086360271,0.0219788061591,0.0485122527107,-3.94535235151,0.0337329553629,0.0137733153,-0.970826395692,0.0688874901398,0.0695084397374,0,0,0,0,0,0,-0.0121701261701,-0.00597269624573,-7,-0.000900900900901,-0.364317012196,0,0,0,131,0,85,1116,0.606481481481,1,0,0.393518518519,1,0.606481481481,0.755043227666,0.750705099216,0.606481481481,0.606481481481,2,87,0,0,0,0
2548,WLNM_dir_neg,0.98087594134,0.828422098475,00:00:03,10,60,34,1236052758,threshold_sweep,0.1,0.833333333333,0.0574712643678,0.10752688172,5,1,82,173,0.0574712643678,0.994252873563,0.00574712643678,0.942528735632,0.833333333333,0.0574712643678,0.10752688172,0.681992337165,0.659003831418,0.0674157303371,0.162697843364,0.051724137931,216,129,87,0,216,0,129,0,87,37,216,0.162162162162,1.32432432432,11.6756756757,21.6,6,8.1990990496,0.702237650082,0.31006006006,10.329336629,1.76937710775,0.765265265265,3.0868314707,0.528762798222,0.252752752753,0.579945114934,0.437917739848,2,1.32432432432,0.579945114934,2,0.0121701261701,0.00597269624573,7,0.000900900900901,0.621196581197,37,37,37,1,0,0.72972972973,0.243243243243,0.027027027027,37,0.0968468468468,1.32432432432,6.97297297297,12.9,3.79411764706,5.07984299017,0.72850461487,0.362874502409,6.21209224739,1.78176289266,0.777288916824,2.11635984156,0.607017939053,0.338990152944,0.579945114934,0.437917739848,2,1.33333333333,0.585540043769,2,0.00891756702681,0.00485829959514,2,0.0002574002574,0.259056291387,37,36,36,0.972972972973,0,0.702702702703,0.216216216216,0.0540540540541,37,135,0.101351351351,1.41351351351,7.2972972973,12.2727272727,3.85714285714,5.32741789063,0.73005356279,0.368368368368,6.28585809671,1.72279073762,0.765565565566,1.93241668235,0.529625312941,0.295495495495,0.744670755794,0.526822523219,3,1.425,0.751902349283,3,0.0402064529516,0.0154298310066,7,0.000900900900901,0.220642016185,37,36,36,0.972972972973,0,0.675675675676,0.27027027027,0.027027027027,-81,-0.0608108108108,0.0891891891892,-4.37837837838,-9.32727272727,-2.14285714286,-2.87168115898,0.0278159127079,0.0583083083083,-4.04347853229,-0.0465863701277,0.0003003003003,-1.15441478835,0.000862514718613,0.0427427427427,0.164725640859,0.0889047833709,1,0.100675675676,0.171957234348,1,0.0280363267814,0.00945713476088,0,0,-0.400554565011,-0.0540540540541,0.027027027027,0,134,1,82,1115,0.62037037037,0.999103942652,0.00089605734767,0.37962962963,0.992592592593,0.62037037037,0.763532763533,0.756603448044,0.619474313023,0.617511520737,6,87,0,0,0,0
2549,WLNM_dir_neg,0.98087594134,0.828422098475,00:00:03,10,60,34,1236052758,threshold_sweep,0.2,0.833333333333,0.0574712643678,0.10752688172,5,1,82,173,0.0574712643678,0.994252873563,0.00574712643678,0.942528735632,0.833333333333,0.0574712643678,0.10752688172,0.681992337165,0.659003831418,0.0674157303371,0.162697843364,0.051724137931,216,129,87,0,216,0,129,0,87,37,216,0.162162162162,1.32432432432,11.6756756757,21.6,6,8.1990990496,0.702237650082,0.31006006006,10.329336629,1.76937710775,0.765265265265,3.0868314707,0.528762798222,0.252752752753,0.579945114934,0.437917739848,2,1.32432432432,0.579945114934,2,0.0121701261701,0.00597269624573,7,0.000900900900901,0.621196581197,37,37,37,1,0,0.72972972973,0.243243243243,0.027027027027,37,0.0968468468468,1.32432432432,6.97297297297,12.9,3.79411764706,5.07984299017,0.72850461487,0.362874502409,6.21209224739,1.78176289266,0.777288916824,2.11635984156,0.607017939053,0.338990152944,0.579945114934,0.437917739848,2,1.33333333333,0.585540043769,2,0.00891756702681,0.00485829959514,2,0.0002574002574,0.259056291387,37,36,36,0.972972972973,0,0.702702702703,0.216216216216,0.0540540540541,37,135,0.101351351351,1.41351351351,7.2972972973,12.2727272727,3.85714285714,5.32741789063,0.73005356279,0.368368368368,6.28585809671,1.72279073762,0.765565565566,1.93241668235,0.529625312941,0.295495495495,0.744670755794,0.526822523219,3,1.425,0.751902349283,3,0.0402064529516,0.0154298310066,7,0.000900900900901,0.220642016185,37,36,36,0.972972972973,0,0.675675675676,0.27027027027,0.027027027027,-81,-0.0608108108108,0.0891891891892,-4.37837837838,-9.32727272727,-2.14285714286,-2.87168115898,0.0278159127079,0.0583083083083,-4.04347853229,-0.0465863701277,0.0003003003003,-1.15441478835,0.000862514718613,0.0427427427427,0.164725640859,0.0889047833709,1,0.100675675676,0.171957234348,1,0.0280363267814,0.00945713476088,0,0,-0.400554565011,-0.0540540540541,0.027027027027,0,134,1,82,1115,0.62037037037,0.999103942652,0.00089605734767,0.37962962963,0.992592592593,0.62037037037,0.763532763533,0.756603448044,0.619474313023,0.617511520737,6,87,0,0,0,0
2550,WLNM_dir_neg,0.98087594134,0.828422098475,00:00:03,10,60,34,1236052758,threshold_sweep,0.3,0.833333333333,0.0574712643678,0.10752688172,5,1,82,173,0.0574712643678,0.994252873563,0.00574712643678,0.942528735632,0.833333333333,0.0574712643678,0.10752688172,0.681992337165,0.659003831418,0.0674157303371,0.162697843364,0.051724137931,216,129,87,0,216,0,129,0,87,37,216,0.162162162162,1.32432432432,11.6756756757,21.6,6,8.1990990496,0.702237650082,0.31006006006,10.329336629,1.76937710775,0.765265265265,3.0868314707,0.528762798222,0.252752752753,0.579945114934,0.437917739848,2,1.32432432432,0.579945114934,2,0.0121701261701,0.00597269624573,7,0.000900900900901,0.621196581197,37,37,37,1,0,0.72972972973,0.243243243243,0.027027027027,37,0.0968468468468,1.32432432432,6.97297297297,12.9,3.79411764706,5.07984299017,0.72850461487,0.362874502409,6.21209224739,1.78176289266,0.777288916824,2.11635984156,0.607017939053,0.338990152944,0.579945114934,0.437917739848,2,1.33333333333,0.585540043769,2,0.00891756702681,0.00485829959514,2,0.0002574002574,0.259056291387,37,36,36,0.972972972973,0,0.702702702703,0.216216216216,0.0540540540541,37,135,0.101351351351,1.41351351351,7.2972972973,12.2727272727,3.85714285714,5.32741789063,0.73005356279,0.368368368368,6.28585809671,1.72279073762,0.765565565566,1.93241668235,0.529625312941,0.295495495495,0.744670755794,0.526822523219,3,1.425,0.751902349283,3,0.0402064529516,0.0154298310066,7,0.000900900900901,0.220642016185,37,36,36,0.972972972973,0,0.675675675676,0.27027027027,0.027027027027,-81,-0.0608108108108,0.0891891891892,-4.37837837838,-9.32727272727,-2.14285714286,-2.87168115898,0.0278159127079,0.0583083083083,-4.04347853229,-0.0465863701277,0.0003003003003,-1.15441478835,0.000862514718613,0.0427427427427,0.164725640859,0.0889047833709,1,0.100675675676,0.171957234348,1,0.0280363267814,0.00945713476088,0,0,-0.400554565011,-0.0540540540541,0.027027027027,0,134,1,82,1115,0.62037037037,0.999103942652,0.00089605734767,0.37962962963,0.992592592593,0.62037037037,0.763532763533,0.756603448044,0.619474313023,0.617511520737,6,87,0,0,0,0
2551,WLNM_dir_neg,0.98087594134,0.828422098475,00:00:03,10,60,34,1236052758,threshold_sweep,0.4,0.833333333333,0.0574712643678,0.10752688172,5,1,82,173,0.0574712643678,0.994252873563,0.00574712643678,0.942528735632,0.833333333333,0.0574712643678,0.10752688172,0.681992337165,0.659003831418,0.0674157303371,0.162697843364,0.051724137931,216,129,87,0,216,0,129,0,87,37,216,0.162162162162,1.32432432432,11.6756756757,21.6,6,8.1990990496,0.702237650082,0.31006006006,10.329336629,1.76937710775,0.765265265265,3.0868314707,0.528762798222,0.252752752753,0.579945114934,0.437917739848,2,1.32432432432,0.579945114934,2,0.0121701261701,0.00597269624573,7,0.000900900900901,0.621196581197,37,37,37,1,0,0.72972972973,0.243243243243,0.027027027027,37,0.0968468468468,1.32432432432,6.97297297297,12.9,3.79411764706,5.07984299017,0.72850461487,0.362874502409,6.21209224739,1.78176289266,0.777288916824,2.11635984156,0.607017939053,0.338990152944,0.579945114934,0.437917739848,2,1.33333333333,0.585540043769,2,0.00891756702681,0.00485829959514,2,0.0002574002574,0.259056291387,37,36,36,0.972972972973,0,0.702702702703,0.216216216216,0.0540540540541,37,135,0.101351351351,1.41351351351,7.2972972973,12.2727272727,3.85714285714,5.32741789063,0.73005356279,0.368368368368,6.28585809671,1.72279073762,0.765565565566,1.93241668235,0.529625312941,0.295495495495,0.744670755794,0.526822523219,3,1.425,0.751902349283,3,0.0402064529516,0.0154298310066,7,0.000900900900901,0.220642016185,37,36,36,0.972972972973,0,0.675675675676,0.27027027027,0.027027027027,-81,-0.0608108108108,0.0891891891892,-4.37837837838,-9.32727272727,-2.14285714286,-2.87168115898,0.0278159127079,0.0583083083083,-4.04347853229,-0.0465863701277,0.0003003003003,-1.15441478835,0.000862514718613,0.0427427427427,0.164725640859,0.0889047833709,1,0.100675675676,0.171957234348,1,0.0280363267814,0.00945713476088,0,0,-0.400554565011,-0.0540540540541,0.027027027027,0,134,1,82,1115,0.62037037037,0.999103942652,0.00089605734767,0.37962962963,0.992592592593,0.62037037037,0.763532763533,0.756603448044,0.619474313023,0.617511520737,6,87,0,0,0,0
2552,WLNM_dir_neg,0.98087594134,0.828422098475,00:00:03,10,60,34,1236052758,threshold_sweep,0.5,0.833333333333,0.0574712643678,0.10752688172,5,1,82,173,0.0574712643678,0.994252873563,0.00574712643678,0.942528735632,0.833333333333,0.0574712643678,0.10752688172,0.681992337165,0.659003831418,0.0674157303371,0.162697843364,0.051724137931,216,129,87,0,216,0,129,0,87,37,216,0.162162162162,1.32432432432,11.6756756757,21.6,6,8.1990990496,0.702237650082,0.31006006006,10.329336629,1.76937710775,0.765265265265,3.0868314707,0.528762798222,0.252752752753,0.579945114934,0.437917739848,2,1.32432432432,0.579945114934,2,0.0121701261701,0.00597269624573,7,0.000900900900901,0.621196581197,37,37,37,1,0,0.72972972973,0.243243243243,0.027027027027,37,0.0968468468468,1.32432432432,6.97297297297,12.9,3.79411764706,5.07984299017,0.72850461487,0.362874502409,6.21209224739,1.78176289266,0.777288916824,2.11635984156,0.607017939053,0.338990152944,0.579945114934,0.437917739848,2,1.33333333333,0.585540043769,2,0.00891756702681,0.00485829959514,2,0.0002574002574,0.259056291387,37,36,36,0.972972972973,0,0.702702702703,0.216216216216,0.0540540540541,37,135,0.101351351351,1.41351351351,7.2972972973,12.2727272727,3.85714285714,5.32741789063,0.73005356279,0.368368368368,6.28585809671,1.72279073762,0.765565565566,1.93241668235,0.529625312941,0.295495495495,0.744670755794,0.526822523219,3,1.425,0.751902349283,3,0.0402064529516,0.0154298310066,7,0.000900900900901,0.220642016185,37,36,36,0.972972972973,0,0.675675675676,0.27027027027,0.027027027027,-81,-0.0608108108108,0.0891891891892,-4.37837837838,-9.32727272727,-2.14285714286,-2.87168115898,0.0278159127079,0.0583083083083,-4.04347853229,-0.0465863701277,0.0003003003003,-1.15441478835,0.000862514718613,0.0427427427427,0.164725640859,0.0889047833709,1,0.100675675676,0.171957234348,1,0.0280363267814,0.00945713476088,0,0,-0.400554565011,-0.0540540540541,0.027027027027,0,134,1,82,1115,0.62037037037,0.999103942652,0.00089605734767,0.37962962963,0.992592592593,0.62037037037,0.763532763533,0.756603448044,0.619474313023,0.617511520737,6,87,0,0,0,0
2553,WLNM_dir_neg,0.98087594134,0.828422098475,00:00:03,10,60,34,1236052758,threshold_sweep,0.6,0.833333333333,0.0574712643678,0.10752688172,5,1,82,173,0.0574712643678,0.994252873563,0.00574712643678,0.942528735632,0.833333333333,0.0574712643678,0.10752688172,0.681992337165,0.659003831418,0.0674157303371,0.162697843364,0.051724137931,216,129,87,0,216,0,129,0,87,37,216,0.162162162162,1.32432432432,11.6756756757,21.6,6,8.1990990496,0.702237650082,0.31006006006,10.329336629,1.76937710775,0.765265265265,3.0868314707,0.528762798222,0.252752752753,0.579945114934,0.437917739848,2,1.32432432432,0.579945114934,2,0.0121701261701,0.00597269624573,7,0.000900900900901,0.621196581197,37,37,37,1,0,0.72972972973,0.243243243243,0.027027027027,37,0.0968468468468,1.32432432432,6.97297297297,12.9,3.79411764706,5.07984299017,0.72850461487,0.362874502409,6.21209224739,1.78176289266,0.777288916824,2.11635984156,0.607017939053,0.338990152944,0.579945114934,0.437917739848,2,1.33333333333,0.585540043769,2,0.00891756702681,0.00485829959514,2,0.0002574002574,0.259056291387,37,36,36,0.972972972973,0,0.702702702703,0.216216216216,0.0540540540541,37,135,0.101351351351,1.41351351351,7.2972972973,12.2727272727,3.85714285714,5.32741789063,0.73005356279,0.368368368368,6.28585809671,1.72279073762,0.765565565566,1.93241668235,0.529625312941,0.295495495495,0.744670755794,0.526822523219,3,1.425,0.751902349283,3,0.0402064529516,0.0154298310066,7,0.000900900900901,0.220642016185,37,36,36,0.972972972973,0,0.675675675676,0.27027027027,0.027027027027,-81,-0.0608108108108,0.0891891891892,-4.37837837838,-9.32727272727,-2.14285714286,-2.87168115898,0.0278159127079,0.0583083083083,-4.04347853229,-0.0465863701277,0.0003003003003,-1.15441478835,0.000862514718613,0.0427427427427,0.164725640859,0.0889047833709,1,0.100675675676,0.171957234348,1,0.0280363267814,0.00945713476088,0,0,-0.400554565011,-0.0540540540541,0.027027027027,0,134,1,82,1115,0.62037037037,0.999103942652,0.00089605734767,0.37962962963,0.992592592593,0.62037037037,0.763532763533,0.756603448044,0.619474313023,0.617511520737,6,87,0,0,0,0
2554,WLNM_dir_neg,0.98087594134,0.828422098475,00:00:03,10,60,34,1236052758,threshold_sweep,0.7,0.833333333333,0.0574712643678,0.10752688172,5,1,82,173,0.0574712643678,0.994252873563,0.00574712643678,0.942528735632,0.833333333333,0.0574712643678,0.10752688172,0.681992337165,0.659003831418,0.0674157303371,0.162697843364,0.051724137931,216,129,87,0,216,0,129,0,87,37,216,0.162162162162,1.32432432432,11.6756756757,21.6,6,8.1990990496,0.702237650082,0.31006006006,10.329336629,1.76937710775,0.765265265265,3.0868314707,0.528762798222,0.252752752753,0.579945114934,0.437917739848,2,1.32432432432,0.579945114934,2,0.0121701261701,0.00597269624573,7,0.000900900900901,0.621196581197,37,37,37,1,0,0.72972972973,0.243243243243,0.027027027027,37,0.0968468468468,1.32432432432,6.97297297297,12.9,3.79411764706,5.07984299017,0.72850461487,0.362874502409,6.21209224739,1.78176289266,0.777288916824,2.11635984156,0.607017939053,0.338990152944,0.579945114934,0.437917739848,2,1.33333333333,0.585540043769,2,0.00891756702681,0.00485829959514,2,0.0002574002574,0.259056291387,37,36,36,0.972972972973,0,0.702702702703,0.216216216216,0.0540540540541,37,135,0.101351351351,1.41351351351,7.2972972973,12.2727272727,3.85714285714,5.32741789063,0.73005356279,0.368368368368,6.28585809671,1.72279073762,0.765565565566,1.93241668235,0.529625312941,0.295495495495,0.744670755794,0.526822523219,3,1.425,0.751902349283,3,0.0402064529516,0.0154298310066,7,0.000900900900901,0.220642016185,37,36,36,0.972972972973,0,0.675675675676,0.27027027027,0.027027027027,-81,-0.0608108108108,0.0891891891892,-4.37837837838,-9.32727272727,-2.14285714286,-2.87168115898,0.0278159127079,0.0583083083083,-4.04347853229,-0.0465863701277,0.0003003003003,-1.15441478835,0.000862514718613,0.0427427427427,0.164725640859,0.0889047833709,1,0.100675675676,0.171957234348,1,0.0280363267814,0.00945713476088,0,0,-0.400554565011,-0.0540540540541,0.027027027027,0,134,1,82,1115,0.62037037037,0.999103942652,0.00089605734767,0.37962962963,0.992592592593,0.62037037037,0.763532763533,0.756603448044,0.619474313023,0.617511520737,6,87,0,0,0,0
2555,WLNM_dir_neg,0.98087594134,0.828422098475,00:00:03,10,60,34,1236052758,threshold_sweep,0.8,0.833333333333,0.0574712643678,0.10752688172,5,1,82,173,0.0574712643678,0.994252873563,0.00574712643678,0.942528735632,0.833333333333,0.0574712643678,0.10752688172,0.681992337165,0.659003831418,0.0674157303371,0.162697843364,0.051724137931,216,129,87,0,216,0,129,0,87,37,216,0.162162162162,1.32432432432,11.6756756757,21.6,6,8.1990990496,0.702237650082,0.31006006006,10.329336629,1.76937710775,0.765265265265,3.0868314707,0.528762798222,0.252752752753,0.579945114934,0.437917739848,2,1.32432432432,0.579945114934,2,0.0121701261701,0.00597269624573,7,0.000900900900901,0.621196581197,37,37,37,1,0,0.72972972973,0.243243243243,0.027027027027,37,0.0968468468468,1.32432432432,6.97297297297,12.9,3.79411764706,5.07984299017,0.72850461487,0.362874502409,6.21209224739,1.78176289266,0.777288916824,2.11635984156,0.607017939053,0.338990152944,0.579945114934,0.437917739848,2,1.33333333333,0.585540043769,2,0.00891756702681,0.00485829959514,2,0.0002574002574,0.259056291387,37,36,36,0.972972972973,0,0.702702702703,0.216216216216,0.0540540540541,37,135,0.101351351351,1.41351351351,7.2972972973,12.2727272727,3.85714285714,5.32741789063,0.73005356279,0.368368368368,6.28585809671,1.72279073762,0.765565565566,1.93241668235,0.529625312941,0.295495495495,0.744670755794,0.526822523219,3,1.425,0.751902349283,3,0.0402064529516,0.0154298310066,7,0.000900900900901,0.220642016185,37,36,36,0.972972972973,0,0.675675675676,0.27027027027,0.027027027027,-81,-0.0608108108108,0.0891891891892,-4.37837837838,-9.32727272727,-2.14285714286,-2.87168115898,0.0278159127079,0.0583083083083,-4.04347853229,-0.0465863701277,0.0003003003003,-1.15441478835,0.000862514718613,0.0427427427427,0.164725640859,0.0889047833709,1,0.100675675676,0.171957234348,1,0.0280363267814,0.00945713476088,0,0,-0.400554565011,-0.0540540540541,0.027027027027,0,134,1,82,1115,0.62037037037,0.999103942652,0.00089605734767,0.37962962963,0.992592592593,0.62037037037,0.763532763533,0.756603448044,0.619474313023,0.617511520737,6,87,0,0,0,0
2556,WLNM_dir_neg,0.98087594134,0.828422098475,00:00:03,10,60,34,1236052758,threshold_sweep,0.9,0.833333333333,0.0574712643678,0.10752688172,5,1,82,173,0.0574712643678,0.994252873563,0.00574712643678,0.942528735632,0.833333333333,0.0574712643678,0.10752688172,0.681992337165,0.659003831418,0.0674157303371,0.162697843364,0.051724137931,216,129,87,0,216,0,129,0,87,37,216,0.162162162162,1.32432432432,11.6756756757,21.6,6,8.1990990496,0.702237650082,0.31006006006,10.329336629,1.76937710775,0.765265265265,3.0868314707,0.528762798222,0.252752752753,0.579945114934,0.437917739848,2,1.32432432432,0.579945114934,2,0.0121701261701,0.00597269624573,7,0.000900900900901,0.621196581197,37,37,37,1,0,0.72972972973,0.243243243243,0.027027027027,37,0.0968468468468,1.32432432432,6.97297297297,12.9,3.79411764706,5.07984299017,0.72850461487,0.362874502409,6.21209224739,1.78176289266,0.777288916824,2.11635984156,0.607017939053,0.338990152944,0.579945114934,0.437917739848,2,1.33333333333,0.585540043769,2,0.00891756702681,0.00485829959514,2,0.0002574002574,0.259056291387,37,36,36,0.972972972973,0,0.702702702703,0.216216216216,0.0540540540541,37,135,0.101351351351,1.41351351351,7.2972972973,12.2727272727,3.85714285714,5.32741789063,0.73005356279,0.368368368368,6.28585809671,1.72279073762,0.765565565566,1.93241668235,0.529625312941,0.295495495495,0.744670755794,0.526822523219,3,1.425,0.751902349283,3,0.0402064529516,0.0154298310066,7,0.000900900900901,0.220642016185,37,36,36,0.972972972973,0,0.675675675676,0.27027027027,0.027027027027,-81,-0.0608108108108,0.0891891891892,-4.37837837838,-9.32727272727,-2.14285714286,-2.87168115898,0.0278159127079,0.0583083083083,-4.04347853229,-0.0465863701277,0.0003003003003,-1.15441478835,0.000862514718613,0.0427427427427,0.164725640859,0.0889047833709,1,0.100675675676,0.171957234348,1,0.0280363267814,0.00945713476088,0,0,-0.400554565011,-0.0540540540541,0.027027027027,0,134,1,82,1115,0.62037037037,0.999103942652,0.00089605734767,0.37962962963,0.992592592593,0.62037037037,0.763532763533,0.756603448044,0.619474313023,0.617511520737,6,87,0,0,0,0
2557,WLNM_dir_neg,0.991643546043,0.876445391536,00:00:02,10,60,35,1236052759,threshold_sweep,0.1,0.75,0.0344827586207,0.0659340659341,3,1,84,173,0.0344827586207,0.994252873563,0.00574712643678,0.965517241379,0.75,0.0344827586207,0.0659340659341,0.674329501916,0.661558109834,0.0377358490566,0.110270272848,0.0287356321839,216,129,87,0,216,0,129,0,87,37,216,0.162162162162,1.32432432432,11.6756756757,21.6,6,8.1990990496,0.702237650082,0.31006006006,10.329336629,1.76937710775,0.765265265265,3.0868314707,0.528762798222,0.252752752753,0.579945114934,0.437917739848,2,1.32432432432,0.579945114934,2,0.0121701261701,0.00597269624573,7,0.000900900900901,0.621196581197,37,37,37,1,0,0.72972972973,0.243243243243,0.027027027027,37,0.0968468468468,1.32046332046,6.97297297297,12.9,3.90909090909,5.1558299606,0.739401971093,0.358055730149,6.18520466571,1.77405095063,0.775612822124,1.95251435649,0.560023497599,0.307144353656,0.56884874529,0.430794810029,2,1.32936507937,0.574298349383,2,0,0,0,0,0.251084532203,37,36,36,0.972972972973,0,0.702702702703,0.189189189189,0.0810810810811,37,133,0.0998498498498,1.32432432432,7.18918918919,13.3,3.8,5.31161116924,0.738833132564,0.365576102418,6.25592811952,1.74037098062,0.767730136151,1.80215086709,0.50135024122,0.275147327779,0.579945114934,0.437917739848,2,1.33333333333,0.585540043769,2,0.012941332833,0.0157776108189,7,0.000900900900901,0.25275119887,37,36,36,0.972972972973,0,0.702702702703,0.243243243243,0.027027027027,-83,-0.0623123123123,0,-4.48648648649,-8.3,-2.2,-2.88748788036,0.0365954824818,0.0555160423581,-4.07340850948,-0.0290061271262,0.00246487088592,-1.28468060362,-0.0274125570023,0.0223945750262,0,0,0,0.00900900900901,0.00559492883467,0,0.000771206662848,0.0098049145732,0,0,-0.368445382327,-0.027027027027,0,0,132,1,84,1115,0.611111111111,0.999103942652,0.00089605734767,0.388888888889,0.992481203008,0.611111111111,0.756446991404,0.750250818942,0.610215053763,0.608294930876,4,87,0,0,0,0
2558,WLNM_dir_neg,0.991643546043,0.876445391536,00:00:02,10,60,35,1236052759,threshold_sweep,0.2,0.75,0.0344827586207,0.0659340659341,3,1,84,173,0.0344827586207,0.994252873563,0.00574712643678,0.965517241379,0.75,0.0344827586207,0.0659340659341,0.674329501916,0.661558109834,0.0377358490566,0.110270272848,0.0287356321839,216,129,87,0,216,0,129,0,87,37,216,0.162162162162,1.32432432432,11.6756756757,21.6,6,8.1990990496,0.702237650082,0.31006006006,10.329336629,1.76937710775,0.765265265265,3.0868314707,0.528762798222,0.252752752753,0.579945114934,0.437917739848,2,1.32432432432,0.579945114934,2,0.0121701261701,0.00597269624573,7,0.000900900900901,0.621196581197,37,37,37,1,0,0.72972972973,0.243243243243,0.027027027027,37,0.0968468468468,1.32046332046,6.97297297297,12.9,3.90909090909,5.1558299606,0.739401971093,0.358055730149,6.18520466571,1.77405095063,0.775612822124,1.95251435649,0.560023497599,0.307144353656,0.56884874529,0.430794810029,2,1.32936507937,0.574298349383,2,0,0,0,0,0.251084532203,37,36,36,0.972972972973,0,0.702702702703,0.189189189189,0.0810810810811,37,133,0.0998498498498,1.32432432432,7.18918918919,13.3,3.8,5.31161116924,0.738833132564,0.365576102418,6.25592811952,1.74037098062,0.767730136151,1.80215086709,0.50135024122,0.275147327779,0.579945114934,0.437917739848,2,1.33333333333,0.585540043769,2,0.012941332833,0.0157776108189,7,0.000900900900901,0.25275119887,37,36,36,0.972972972973,0,0.702702702703,0.243243243243,0.027027027027,-83,-0.0623123123123,0,-4.48648648649,-8.3,-2.2,-2.88748788036,0.0365954824818,0.0555160423581,-4.07340850948,-0.0290061271262,0.00246487088592,-1.28468060362,-0.0274125570023,0.0223945750262,0,0,0,0.00900900900901,0.00559492883467,0,0.000771206662848,0.0098049145732,0,0,-0.368445382327,-0.027027027027,0,0,132,1,84,1115,0.611111111111,0.999103942652,0.00089605734767,0.388888888889,0.992481203008,0.611111111111,0.756446991404,0.750250818942,0.610215053763,0.608294930876,4,87,0,0,0,0
2559,WLNM_dir_neg,0.991643546043,0.876445391536,00:00:02,10,60,35,1236052759,threshold_sweep,0.3,0.75,0.0344827586207,0.0659340659341,3,1,84,173,0.0344827586207,0.994252873563,0.00574712643678,0.965517241379,0.75,0.0344827586207,0.0659340659341,0.674329501916,0.661558109834,0.0377358490566,0.110270272848,0.0287356321839,216,129,87,0,216,0,129,0,87,37,216,0.162162162162,1.32432432432,11.6756756757,21.6,6,8.1990990496,0.702237650082,0.31006006006,10.329336629,1.76937710775,0.765265265265,3.0868314707,0.528762798222,0.252752752753,0.579945114934,0.437917739848,2,1.32432432432,0.579945114934,2,0.0121701261701,0.00597269624573,7,0.000900900900901,0.621196581197,37,37,37,1,0,0.72972972973,0.243243243243,0.027027027027,37,0.0968468468468,1.32046332046,6.97297297297,12.9,3.90909090909,5.1558299606,0.739401971093,0.358055730149,6.18520466571,1.77405095063,0.775612822124,1.95251435649,0.560023497599,0.307144353656,0.56884874529,0.430794810029,2,1.32936507937,0.574298349383,2,0,0,0,0,0.251084532203,37,36,36,0.972972972973,0,0.702702702703,0.189189189189,0.0810810810811,37,133,0.0998498498498,1.32432432432,7.18918918919,13.3,3.8,5.31161116924,0.738833132564,0.365576102418,6.25592811952,1.74037098062,0.767730136151,1.80215086709,0.50135024122,0.275147327779,0.579945114934,0.437917739848,2,1.33333333333,0.585540043769,2,0.012941332833,0.0157776108189,7,0.000900900900901,0.25275119887,37,36,36,0.972972972973,0,0.702702702703,0.243243243243,0.027027027027,-83,-0.0623123123123,0,-4.48648648649,-8.3,-2.2,-2.88748788036,0.0365954824818,0.0555160423581,-4.07340850948,-0.0290061271262,0.00246487088592,-1.28468060362,-0.0274125570023,0.0223945750262,0,0,0,0.00900900900901,0.00559492883467,0,0.000771206662848,0.0098049145732,0,0,-0.368445382327,-0.027027027027,0,0,132,1,84,1115,0.611111111111,0.999103942652,0.00089605734767,0.388888888889,0.992481203008,0.611111111111,0.756446991404,0.750250818942,0.610215053763,0.608294930876,4,87,0,0,0,0
2560,WLNM_dir_neg,0.991643546043,0.876445391536,00:00:02,10,60,35,1236052759,threshold_sweep,0.4,0.75,0.0344827586207,0.0659340659341,3,1,84,173,0.0344827586207,0.994252873563,0.00574712643678,0.965517241379,0.75,0.0344827586207,0.0659340659341,0.674329501916,0.661558109834,0.0377358490566,0.110270272848,0.0287356321839,216,129,87,0,216,0,129,0,87,37,216,0.162162162162,1.32432432432,11.6756756757,21.6,6,8.1990990496,0.702237650082,0.31006006006,10.329336629,1.76937710775,0.765265265265,3.0868314707,0.528762798222,0.252752752753,0.579945114934,0.437917739848,2,1.32432432432,0.579945114934,2,0.0121701261701,0.00597269624573,7,0.000900900900901,0.621196581197,37,37,37,1,0,0.72972972973,0.243243243243,0.027027027027,37,0.0968468468468,1.32046332046,6.97297297297,12.9,3.90909090909,5.1558299606,0.739401971093,0.358055730149,6.18520466571,1.77405095063,0.775612822124,1.95251435649,0.560023497599,0.307144353656,0.56884874529,0.430794810029,2,1.32936507937,0.574298349383,2,0,0,0,0,0.251084532203,37,36,36,0.972972972973,0,0.702702702703,0.189189189189,0.0810810810811,37,133,0.0998498498498,1.32432432432,7.18918918919,13.3,3.8,5.31161116924,0.738833132564,0.365576102418,6.25592811952,1.74037098062,0.767730136151,1.80215086709,0.50135024122,0.275147327779,0.579945114934,0.437917739848,2,1.33333333333,0.585540043769,2,0.012941332833,0.0157776108189,7,0.000900900900901,0.25275119887,37,36,36,0.972972972973,0,0.702702702703,0.243243243243,0.027027027027,-83,-0.0623123123123,0,-4.48648648649,-8.3,-2.2,-2.88748788036,0.0365954824818,0.0555160423581,-4.07340850948,-0.0290061271262,0.00246487088592,-1.28468060362,-0.0274125570023,0.0223945750262,0,0,0,0.00900900900901,0.00559492883467,0,0.000771206662848,0.0098049145732,0,0,-0.368445382327,-0.027027027027,0,0,132,1,84,1115,0.611111111111,0.999103942652,0.00089605734767,0.388888888889,0.992481203008,0.611111111111,0.756446991404,0.750250818942,0.610215053763,0.608294930876,4,87,0,0,0,0
2561,WLNM_dir_neg,0.991643546043,0.876445391536,00:00:02,10,60,35,1236052759,threshold_sweep,0.5,0.75,0.0344827586207,0.0659340659341,3,1,84,173,0.0344827586207,0.994252873563,0.00574712643678,0.965517241379,0.75,0.0344827586207,0.0659340659341,0.674329501916,0.661558109834,0.0377358490566,0.110270272848,0.0287356321839,216,129,87,0,216,0,129,0,87,37,216,0.162162162162,1.32432432432,11.6756756757,21.6,6,8.1990990496,0.702237650082,0.31006006006,10.329336629,1.76937710775,0.765265265265,3.0868314707,0.528762798222,0.252752752753,0.579945114934,0.437917739848,2,1.32432432432,0.579945114934,2,0.0121701261701,0.00597269624573,7,0.000900900900901,0.621196581197,37,37,37,1,0,0.72972972973,0.243243243243,0.027027027027,37,0.0968468468468,1.32046332046,6.97297297297,12.9,3.90909090909,5.1558299606,0.739401971093,0.358055730149,6.18520466571,1.77405095063,0.775612822124,1.95251435649,0.560023497599,0.307144353656,0.56884874529,0.430794810029,2,1.32936507937,0.574298349383,2,0,0,0,0,0.251084532203,37,36,36,0.972972972973,0,0.702702702703,0.189189189189,0.0810810810811,37,133,0.0998498498498,1.32432432432,7.18918918919,13.3,3.8,5.31161116924,0.738833132564,0.365576102418,6.25592811952,1.74037098062,0.767730136151,1.80215086709,0.50135024122,0.275147327779,0.579945114934,0.437917739848,2,1.33333333333,0.585540043769,2,0.012941332833,0.0157776108189,7,0.000900900900901,0.25275119887,37,36,36,0.972972972973,0,0.702702702703,0.243243243243,0.027027027027,-83,-0.0623123123123,0,-4.48648648649,-8.3,-2.2,-2.88748788036,0.0365954824818,0.0555160423581,-4.07340850948,-0.0290061271262,0.00246487088592,-1.28468060362,-0.0274125570023,0.0223945750262,0,0,0,0.00900900900901,0.00559492883467,0,0.000771206662848,0.0098049145732,0,0,-0.368445382327,-0.027027027027,0,0,132,1,84,1115,0.611111111111,0.999103942652,0.00089605734767,0.388888888889,0.992481203008,0.611111111111,0.756446991404,0.750250818942,0.610215053763,0.608294930876,4,87,0,0,0,0
2562,WLNM_dir_neg,0.991643546043,0.876445391536,00:00:02,10,60,35,1236052759,threshold_sweep,0.6,0.75,0.0344827586207,0.0659340659341,3,1,84,173,0.0344827586207,0.994252873563,0.00574712643678,0.965517241379,0.75,0.0344827586207,0.0659340659341,0.674329501916,0.661558109834,0.0377358490566,0.110270272848,0.0287356321839,216,129,87,0,216,0,129,0,87,37,216,0.162162162162,1.32432432432,11.6756756757,21.6,6,8.1990990496,0.702237650082,0.31006006006,10.329336629,1.76937710775,0.765265265265,3.0868314707,0.528762798222,0.252752752753,0.579945114934,0.437917739848,2,1.32432432432,0.579945114934,2,0.0121701261701,0.00597269624573,7,0.000900900900901,0.621196581197,37,37,37,1,0,0.72972972973,0.243243243243,0.027027027027,37,0.0968468468468,1.32046332046,6.97297297297,12.9,3.90909090909,5.1558299606,0.739401971093,0.358055730149,6.18520466571,1.77405095063,0.775612822124,1.95251435649,0.560023497599,0.307144353656,0.56884874529,0.430794810029,2,1.32936507937,0.574298349383,2,0,0,0,0,0.251084532203,37,36,36,0.972972972973,0,0.702702702703,0.189189189189,0.0810810810811,37,133,0.0998498498498,1.32432432432,7.18918918919,13.3,3.8,5.31161116924,0.738833132564,0.365576102418,6.25592811952,1.74037098062,0.767730136151,1.80215086709,0.50135024122,0.275147327779,0.579945114934,0.437917739848,2,1.33333333333,0.585540043769,2,0.012941332833,0.0157776108189,7,0.000900900900901,0.25275119887,37,36,36,0.972972972973,0,0.702702702703,0.243243243243,0.027027027027,-83,-0.0623123123123,0,-4.48648648649,-8.3,-2.2,-2.88748788036,0.0365954824818,0.0555160423581,-4.07340850948,-0.0290061271262,0.00246487088592,-1.28468060362,-0.0274125570023,0.0223945750262,0,0,0,0.00900900900901,0.00559492883467,0,0.000771206662848,0.0098049145732,0,0,-0.368445382327,-0.027027027027,0,0,132,1,84,1115,0.611111111111,0.999103942652,0.00089605734767,0.388888888889,0.992481203008,0.611111111111,0.756446991404,0.750250818942,0.610215053763,0.608294930876,4,87,0,0,0,0
2563,WLNM_dir_neg,0.991643546043,0.876445391536,00:00:02,10,60,35,1236052759,threshold_sweep,0.7,0.75,0.0344827586207,0.0659340659341,3,1,84,173,0.0344827586207,0.994252873563,0.00574712643678,0.965517241379,0.75,0.0344827586207,0.0659340659341,0.674329501916,0.661558109834,0.0377358490566,0.110270272848,0.0287356321839,216,129,87,0,216,0,129,0,87,37,216,0.162162162162,1.32432432432,11.6756756757,21.6,6,8.1990990496,0.702237650082,0.31006006006,10.329336629,1.76937710775,0.765265265265,3.0868314707,0.528762798222,0.252752752753,0.579945114934,0.437917739848,2,1.32432432432,0.579945114934,2,0.0121701261701,0.00597269624573,7,0.000900900900901,0.621196581197,37,37,37,1,0,0.72972972973,0.243243243243,0.027027027027,37,0.0968468468468,1.32046332046,6.97297297297,12.9,3.90909090909,5.1558299606,0.739401971093,0.358055730149,6.18520466571,1.77405095063,0.775612822124,1.95251435649,0.560023497599,0.307144353656,0.56884874529,0.430794810029,2,1.32936507937,0.574298349383,2,0,0,0,0,0.251084532203,37,36,36,0.972972972973,0,0.702702702703,0.189189189189,0.0810810810811,37,133,0.0998498498498,1.32432432432,7.18918918919,13.3,3.8,5.31161116924,0.738833132564,0.365576102418,6.25592811952,1.74037098062,0.767730136151,1.80215086709,0.50135024122,0.275147327779,0.579945114934,0.437917739848,2,1.33333333333,0.585540043769,2,0.012941332833,0.0157776108189,7,0.000900900900901,0.25275119887,37,36,36,0.972972972973,0,0.702702702703,0.243243243243,0.027027027027,-83,-0.0623123123123,0,-4.48648648649,-8.3,-2.2,-2.88748788036,0.0365954824818,0.0555160423581,-4.07340850948,-0.0290061271262,0.00246487088592,-1.28468060362,-0.0274125570023,0.0223945750262,0,0,0,0.00900900900901,0.00559492883467,0,0.000771206662848,0.0098049145732,0,0,-0.368445382327,-0.027027027027,0,0,132,1,84,1115,0.611111111111,0.999103942652,0.00089605734767,0.388888888889,0.992481203008,0.611111111111,0.756446991404,0.750250818942,0.610215053763,0.608294930876,4,87,0,0,0,0
2564,WLNM_dir_neg,0.991643546043,0.876445391536,00:00:02,10,60,35,1236052759,threshold_sweep,0.8,0.75,0.0344827586207,0.0659340659341,3,1,84,173,0.0344827586207,0.994252873563,0.00574712643678,0.965517241379,0.75,0.0344827586207,0.0659340659341,0.674329501916,0.661558109834,0.0377358490566,0.110270272848,0.0287356321839,216,129,87,0,216,0,129,0,87,37,216,0.162162162162,1.32432432432,11.6756756757,21.6,6,8.1990990496,0.702237650082,0.31006006006,10.329336629,1.76937710775,0.765265265265,3.0868314707,0.528762798222,0.252752752753,0.579945114934,0.437917739848,2,1.32432432432,0.579945114934,2,0.0121701261701,0.00597269624573,7,0.000900900900901,0.621196581197,37,37,37,1,0,0.72972972973,0.243243243243,0.027027027027,37,0.0968468468468,1.32046332046,6.97297297297,12.9,3.90909090909,5.1558299606,0.739401971093,0.358055730149,6.18520466571,1.77405095063,0.775612822124,1.95251435649,0.560023497599,0.307144353656,0.56884874529,0.430794810029,2,1.32936507937,0.574298349383,2,0,0,0,0,0.251084532203,37,36,36,0.972972972973,0,0.702702702703,0.189189189189,0.0810810810811,37,133,0.0998498498498,1.32432432432,7.18918918919,13.3,3.8,5.31161116924,0.738833132564,0.365576102418,6.25592811952,1.74037098062,0.767730136151,1.80215086709,0.50135024122,0.275147327779,0.579945114934,0.437917739848,2,1.33333333333,0.585540043769,2,0.012941332833,0.0157776108189,7,0.000900900900901,0.25275119887,37,36,36,0.972972972973,0,0.702702702703,0.243243243243,0.027027027027,-83,-0.0623123123123,0,-4.48648648649,-8.3,-2.2,-2.88748788036,0.0365954824818,0.0555160423581,-4.07340850948,-0.0290061271262,0.00246487088592,-1.28468060362,-0.0274125570023,0.0223945750262,0,0,0,0.00900900900901,0.00559492883467,0,0.000771206662848,0.0098049145732,0,0,-0.368445382327,-0.027027027027,0,0,132,1,84,1115,0.611111111111,0.999103942652,0.00089605734767,0.388888888889,0.992481203008,0.611111111111,0.756446991404,0.750250818942,0.610215053763,0.608294930876,4,87,0,0,0,0
2565,WLNM_dir_neg,0.991643546043,0.876445391536,00:00:02,10,60,35,1236052759,threshold_sweep,0.9,0.75,0.0344827586207,0.0659340659341,3,1,84,173,0.0344827586207,0.994252873563,0.00574712643678,0.965517241379,0.75,0.0344827586207,0.0659340659341,0.674329501916,0.661558109834,0.0377358490566,0.110270272848,0.0287356321839,216,129,87,0,216,0,129,0,87,37,216,0.162162162162,1.32432432432,11.6756756757,21.6,6,8.1990990496,0.702237650082,0.31006006006,10.329336629,1.76937710775,0.765265265265,3.0868314707,0.528762798222,0.252752752753,0.579945114934,0.437917739848,2,1.32432432432,0.579945114934,2,0.0121701261701,0.00597269624573,7,0.000900900900901,0.621196581197,37,37,37,1,0,0.72972972973,0.243243243243,0.027027027027,37,0.0968468468468,1.32046332046,6.97297297297,12.9,3.90909090909,5.1558299606,0.739401971093,0.358055730149,6.18520466571,1.77405095063,0.775612822124,1.95251435649,0.560023497599,0.307144353656,0.56884874529,0.430794810029,2,1.32936507937,0.574298349383,2,0,0,0,0,0.251084532203,37,36,36,0.972972972973,0,0.702702702703,0.189189189189,0.0810810810811,37,133,0.0998498498498,1.32432432432,7.18918918919,13.3,3.8,5.31161116924,0.738833132564,0.365576102418,6.25592811952,1.74037098062,0.767730136151,1.80215086709,0.50135024122,0.275147327779,0.579945114934,0.437917739848,2,1.33333333333,0.585540043769,2,0.012941332833,0.0157776108189,7,0.000900900900901,0.25275119887,37,36,36,0.972972972973,0,0.702702702703,0.243243243243,0.027027027027,-83,-0.0623123123123,0,-4.48648648649,-8.3,-2.2,-2.88748788036,0.0365954824818,0.0555160423581,-4.07340850948,-0.0290061271262,0.00246487088592,-1.28468060362,-0.0274125570023,0.0223945750262,0,0,0,0.00900900900901,0.00559492883467,0,0.000771206662848,0.0098049145732,0,0,-0.368445382327,-0.027027027027,0,0,132,1,84,1115,0.611111111111,0.999103942652,0.00089605734767,0.388888888889,0.992481203008,0.611111111111,0.756446991404,0.750250818942,0.610215053763,0.608294930876,4,87,0,0,0,0
2566,WLNM_dir_neg,0.986953362399,0.952336331834,00:00:02,10,60,36,1236052760,threshold_sweep,0.1,1,0.0689655172414,0.129032258065,6,0,81,174,0.0689655172414,1,0,0.931034482759,1,0.0689655172414,0.129032258065,0.689655172414,0.659003831418,0.0898876404494,0.216930457819,0.0689655172414,216,129,87,0,216,0,129,0,87,37,216,0.162162162162,1.32432432432,11.6756756757,21.6,6,8.1990990496,0.702237650082,0.31006006006,10.329336629,1.76937710775,0.765265265265,3.0868314707,0.528762798222,0.252752752753,0.579945114934,0.437917739848,2,1.32432432432,0.579945114934,2,0.0121701261701,0.00597269624573,7,0.000900900900901,0.621196581197,37,37,37,1,0,0.72972972973,0.243243243243,0.027027027027,37,0.0968468468468,1.32972972973,6.97297297297,12.9,3.90909090909,5.13964161357,0.737080386442,0.363503037922,6.32728492598,1.81480265319,0.783993295621,2.19369831844,0.629200292885,0.349884768489,0.59668755311,0.448728444412,2.2,1.34857142857,0.608455822057,2.2,0.00602825745683,0.0024077046549,1,0.0001287001287,0.259823414854,37,35,35,0.945945945946,0,0.675675675676,0.216216216216,0.0540540540541,37,135,0.101351351351,1.32432432432,7.2972972973,13.5,3.85714285714,5.41020057579,0.741397856682,0.368968968969,6.41706152991,1.75875019709,0.772772772773,2.00300075188,0.54897057644,0.306706706707,0.579945114934,0.437917739848,2,1.33333333333,0.585540043769,2,0.0136669620615,0.0108932461874,5,0.000643500643501,0.268156748187,37,36,36,0.972972972973,0,0.702702702703,0.243243243243,0.027027027027,-81,-0.0608108108108,0,-4.37837837838,-8.1,-2.14285714286,-2.78889847382,0.0391602066004,0.0589089089089,-3.91227509909,-0.0106269106583,0.00750750750751,-1.08383071883,0.0202077782174,0.053953953954,0,0,0,0.00900900900901,0.00559492883467,0,0.00149683589135,0.00492054994163,-2,-0.0002574002574,-0.353039833009,-0.027027027027,0,0,135,0,81,1116,0.625,1,0,0.375,1,0.625,0.769230769231,0.763352321616,0.625,0.625,6,87,0,0,0,0
2567,WLNM_dir_neg,0.986953362399,0.952336331834,00:00:02,10,60,36,1236052760,threshold_sweep,0.2,1,0.0689655172414,0.129032258065,6,0,81,174,0.0689655172414,1,0,0.931034482759,1,0.0689655172414,0.129032258065,0.689655172414,0.659003831418,0.0898876404494,0.216930457819,0.0689655172414,216,129,87,0,216,0,129,0,87,37,216,0.162162162162,1.32432432432,11.6756756757,21.6,6,8.1990990496,0.702237650082,0.31006006006,10.329336629,1.76937710775,0.765265265265,3.0868314707,0.528762798222,0.252752752753,0.579945114934,0.437917739848,2,1.32432432432,0.579945114934,2,0.0121701261701,0.00597269624573,7,0.000900900900901,0.621196581197,37,37,37,1,0,0.72972972973,0.243243243243,0.027027027027,37,0.0968468468468,1.32972972973,6.97297297297,12.9,3.90909090909,5.13964161357,0.737080386442,0.363503037922,6.32728492598,1.81480265319,0.783993295621,2.19369831844,0.629200292885,0.349884768489,0.59668755311,0.448728444412,2.2,1.34857142857,0.608455822057,2.2,0.00602825745683,0.0024077046549,1,0.0001287001287,0.259823414854,37,35,35,0.945945945946,0,0.675675675676,0.216216216216,0.0540540540541,37,135,0.101351351351,1.32432432432,7.2972972973,13.5,3.85714285714,5.41020057579,0.741397856682,0.368968968969,6.41706152991,1.75875019709,0.772772772773,2.00300075188,0.54897057644,0.306706706707,0.579945114934,0.437917739848,2,1.33333333333,0.585540043769,2,0.0136669620615,0.0108932461874,5,0.000643500643501,0.268156748187,37,36,36,0.972972972973,0,0.702702702703,0.243243243243,0.027027027027,-81,-0.0608108108108,0,-4.37837837838,-8.1,-2.14285714286,-2.78889847382,0.0391602066004,0.0589089089089,-3.91227509909,-0.0106269106583,0.00750750750751,-1.08383071883,0.0202077782174,0.053953953954,0,0,0,0.00900900900901,0.00559492883467,0,0.00149683589135,0.00492054994163,-2,-0.0002574002574,-0.353039833009,-0.027027027027,0,0,135,0,81,1116,0.625,1,0,0.375,1,0.625,0.769230769231,0.763352321616,0.625,0.625,6,87,0,0,0,0
2568,WLNM_dir_neg,0.986953362399,0.952336331834,00:00:02,10,60,36,1236052760,threshold_sweep,0.3,1,0.0689655172414,0.129032258065,6,0,81,174,0.0689655172414,1,0,0.931034482759,1,0.0689655172414,0.129032258065,0.689655172414,0.659003831418,0.0898876404494,0.216930457819,0.0689655172414,216,129,87,0,216,0,129,0,87,37,216,0.162162162162,1.32432432432,11.6756756757,21.6,6,8.1990990496,0.702237650082,0.31006006006,10.329336629,1.76937710775,0.765265265265,3.0868314707,0.528762798222,0.252752752753,0.579945114934,0.437917739848,2,1.32432432432,0.579945114934,2,0.0121701261701,0.00597269624573,7,0.000900900900901,0.621196581197,37,37,37,1,0,0.72972972973,0.243243243243,0.027027027027,37,0.0968468468468,1.32972972973,6.97297297297,12.9,3.90909090909,5.13964161357,0.737080386442,0.363503037922,6.32728492598,1.81480265319,0.783993295621,2.19369831844,0.629200292885,0.349884768489,0.59668755311,0.448728444412,2.2,1.34857142857,0.608455822057,2.2,0.00602825745683,0.0024077046549,1,0.0001287001287,0.259823414854,37,35,35,0.945945945946,0,0.675675675676,0.216216216216,0.0540540540541,37,135,0.101351351351,1.32432432432,7.2972972973,13.5,3.85714285714,5.41020057579,0.741397856682,0.368968968969,6.41706152991,1.75875019709,0.772772772773,2.00300075188,0.54897057644,0.306706706707,0.579945114934,0.437917739848,2,1.33333333333,0.585540043769,2,0.0136669620615,0.0108932461874,5,0.000643500643501,0.268156748187,37,36,36,0.972972972973,0,0.702702702703,0.243243243243,0.027027027027,-81,-0.0608108108108,0,-4.37837837838,-8.1,-2.14285714286,-2.78889847382,0.0391602066004,0.0589089089089,-3.91227509909,-0.0106269106583,0.00750750750751,-1.08383071883,0.0202077782174,0.053953953954,0,0,0,0.00900900900901,0.00559492883467,0,0.00149683589135,0.00492054994163,-2,-0.0002574002574,-0.353039833009,-0.027027027027,0,0,135,0,81,1116,0.625,1,0,0.375,1,0.625,0.769230769231,0.763352321616,0.625,0.625,6,87,0,0,0,0
2569,WLNM_dir_neg,0.986953362399,0.952336331834,00:00:02,10,60,36,1236052760,threshold_sweep,0.4,1,0.0689655172414,0.129032258065,6,0,81,174,0.0689655172414,1,0,0.931034482759,1,0.0689655172414,0.129032258065,0.689655172414,0.659003831418,0.0898876404494,0.216930457819,0.0689655172414,216,129,87,0,216,0,129,0,87,37,216,0.162162162162,1.32432432432,11.6756756757,21.6,6,8.1990990496,0.702237650082,0.31006006006,10.329336629,1.76937710775,0.765265265265,3.0868314707,0.528762798222,0.252752752753,0.579945114934,0.437917739848,2,1.32432432432,0.579945114934,2,0.0121701261701,0.00597269624573,7,0.000900900900901,0.621196581197,37,37,37,1,0,0.72972972973,0.243243243243,0.027027027027,37,0.0968468468468,1.32972972973,6.97297297297,12.9,3.90909090909,5.13964161357,0.737080386442,0.363503037922,6.32728492598,1.81480265319,0.783993295621,2.19369831844,0.629200292885,0.349884768489,0.59668755311,0.448728444412,2.2,1.34857142857,0.608455822057,2.2,0.00602825745683,0.0024077046549,1,0.0001287001287,0.259823414854,37,35,35,0.945945945946,0,0.675675675676,0.216216216216,0.0540540540541,37,135,0.101351351351,1.32432432432,7.2972972973,13.5,3.85714285714,5.41020057579,0.741397856682,0.368968968969,6.41706152991,1.75875019709,0.772772772773,2.00300075188,0.54897057644,0.306706706707,0.579945114934,0.437917739848,2,1.33333333333,0.585540043769,2,0.0136669620615,0.0108932461874,5,0.000643500643501,0.268156748187,37,36,36,0.972972972973,0,0.702702702703,0.243243243243,0.027027027027,-81,-0.0608108108108,0,-4.37837837838,-8.1,-2.14285714286,-2.78889847382,0.0391602066004,0.0589089089089,-3.91227509909,-0.0106269106583,0.00750750750751,-1.08383071883,0.0202077782174,0.053953953954,0,0,0,0.00900900900901,0.00559492883467,0,0.00149683589135,0.00492054994163,-2,-0.0002574002574,-0.353039833009,-0.027027027027,0,0,135,0,81,1116,0.625,1,0,0.375,1,0.625,0.769230769231,0.763352321616,0.625,0.625,6,87,0,0,0,0
2570,WLNM_dir_neg,0.986953362399,0.952336331834,00:00:02,10,60,36,1236052760,threshold_sweep,0.5,1,0.0689655172414,0.129032258065,6,0,81,174,0.0689655172414,1,0,0.931034482759,1,0.0689655172414,0.129032258065,0.689655172414,0.659003831418,0.0898876404494,0.216930457819,0.0689655172414,216,129,87,0,216,0,129,0,87,37,216,0.162162162162,1.32432432432,11.6756756757,21.6,6,8.1990990496,0.702237650082,0.31006006006,10.329336629,1.76937710775,0.765265265265,3.0868314707,0.528762798222,0.252752752753,0.579945114934,0.437917739848,2,1.32432432432,0.579945114934,2,0.0121701261701,0.00597269624573,7,0.000900900900901,0.621196581197,37,37,37,1,0,0.72972972973,0.243243243243,0.027027027027,37,0.0968468468468,1.32972972973,6.97297297297,12.9,3.90909090909,5.13964161357,0.737080386442,0.363503037922,6.32728492598,1.81480265319,0.783993295621,2.19369831844,0.629200292885,0.349884768489,0.59668755311,0.448728444412,2.2,1.34857142857,0.608455822057,2.2,0.00602825745683,0.0024077046549,1,0.0001287001287,0.259823414854,37,35,35,0.945945945946,0,0.675675675676,0.216216216216,0.0540540540541,37,135,0.101351351351,1.32432432432,7.2972972973,13.5,3.85714285714,5.41020057579,0.741397856682,0.368968968969,6.41706152991,1.75875019709,0.772772772773,2.00300075188,0.54897057644,0.306706706707,0.579945114934,0.437917739848,2,1.33333333333,0.585540043769,2,0.0136669620615,0.0108932461874,5,0.000643500643501,0.268156748187,37,36,36,0.972972972973,0,0.702702702703,0.243243243243,0.027027027027,-81,-0.0608108108108,0,-4.37837837838,-8.1,-2.14285714286,-2.78889847382,0.0391602066004,0.0589089089089,-3.91227509909,-0.0106269106583,0.00750750750751,-1.08383071883,0.0202077782174,0.053953953954,0,0,0,0.00900900900901,0.00559492883467,0,0.00149683589135,0.00492054994163,-2,-0.0002574002574,-0.353039833009,-0.027027027027,0,0,135,0,81,1116,0.625,1,0,0.375,1,0.625,0.769230769231,0.763352321616,0.625,0.625,6,87,0,0,0,0
2571,WLNM_dir_neg,0.986953362399,0.952336331834,00:00:02,10,60,36,1236052760,threshold_sweep,0.6,1,0.0689655172414,0.129032258065,6,0,81,174,0.0689655172414,1,0,0.931034482759,1,0.0689655172414,0.129032258065,0.689655172414,0.659003831418,0.0898876404494,0.216930457819,0.0689655172414,216,129,87,0,216,0,129,0,87,37,216,0.162162162162,1.32432432432,11.6756756757,21.6,6,8.1990990496,0.702237650082,0.31006006006,10.329336629,1.76937710775,0.765265265265,3.0868314707,0.528762798222,0.252752752753,0.579945114934,0.437917739848,2,1.32432432432,0.579945114934,2,0.0121701261701,0.00597269624573,7,0.000900900900901,0.621196581197,37,37,37,1,0,0.72972972973,0.243243243243,0.027027027027,37,0.0968468468468,1.32972972973,6.97297297297,12.9,3.90909090909,5.13964161357,0.737080386442,0.363503037922,6.32728492598,1.81480265319,0.783993295621,2.19369831844,0.629200292885,0.349884768489,0.59668755311,0.448728444412,2.2,1.34857142857,0.608455822057,2.2,0.00602825745683,0.0024077046549,1,0.0001287001287,0.259823414854,37,35,35,0.945945945946,0,0.675675675676,0.216216216216,0.0540540540541,37,135,0.101351351351,1.32432432432,7.2972972973,13.5,3.85714285714,5.41020057579,0.741397856682,0.368968968969,6.41706152991,1.75875019709,0.772772772773,2.00300075188,0.54897057644,0.306706706707,0.579945114934,0.437917739848,2,1.33333333333,0.585540043769,2,0.0136669620615,0.0108932461874,5,0.000643500643501,0.268156748187,37,36,36,0.972972972973,0,0.702702702703,0.243243243243,0.027027027027,-81,-0.0608108108108,0,-4.37837837838,-8.1,-2.14285714286,-2.78889847382,0.0391602066004,0.0589089089089,-3.91227509909,-0.0106269106583,0.00750750750751,-1.08383071883,0.0202077782174,0.053953953954,0,0,0,0.00900900900901,0.00559492883467,0,0.00149683589135,0.00492054994163,-2,-0.0002574002574,-0.353039833009,-0.027027027027,0,0,135,0,81,1116,0.625,1,0,0.375,1,0.625,0.769230769231,0.763352321616,0.625,0.625,6,87,0,0,0,0
2572,WLNM_dir_neg,0.986953362399,0.952336331834,00:00:02,10,60,36,1236052760,threshold_sweep,0.7,1,0.0689655172414,0.129032258065,6,0,81,174,0.0689655172414,1,0,0.931034482759,1,0.0689655172414,0.129032258065,0.689655172414,0.659003831418,0.0898876404494,0.216930457819,0.0689655172414,216,129,87,0,216,0,129,0,87,37,216,0.162162162162,1.32432432432,11.6756756757,21.6,6,8.1990990496,0.702237650082,0.31006006006,10.329336629,1.76937710775,0.765265265265,3.0868314707,0.528762798222,0.252752752753,0.579945114934,0.437917739848,2,1.32432432432,0.579945114934,2,0.0121701261701,0.00597269624573,7,0.000900900900901,0.621196581197,37,37,37,1,0,0.72972972973,0.243243243243,0.027027027027,37,0.0968468468468,1.32972972973,6.97297297297,12.9,3.90909090909,5.13964161357,0.737080386442,0.363503037922,6.32728492598,1.81480265319,0.783993295621,2.19369831844,0.629200292885,0.349884768489,0.59668755311,0.448728444412,2.2,1.34857142857,0.608455822057,2.2,0.00602825745683,0.0024077046549,1,0.0001287001287,0.259823414854,37,35,35,0.945945945946,0,0.675675675676,0.216216216216,0.0540540540541,37,135,0.101351351351,1.32432432432,7.2972972973,13.5,3.85714285714,5.41020057579,0.741397856682,0.368968968969,6.41706152991,1.75875019709,0.772772772773,2.00300075188,0.54897057644,0.306706706707,0.579945114934,0.437917739848,2,1.33333333333,0.585540043769,2,0.0136669620615,0.0108932461874,5,0.000643500643501,0.268156748187,37,36,36,0.972972972973,0,0.702702702703,0.243243243243,0.027027027027,-81,-0.0608108108108,0,-4.37837837838,-8.1,-2.14285714286,-2.78889847382,0.0391602066004,0.0589089089089,-3.91227509909,-0.0106269106583,0.00750750750751,-1.08383071883,0.0202077782174,0.053953953954,0,0,0,0.00900900900901,0.00559492883467,0,0.00149683589135,0.00492054994163,-2,-0.0002574002574,-0.353039833009,-0.027027027027,0,0,135,0,81,1116,0.625,1,0,0.375,1,0.625,0.769230769231,0.763352321616,0.625,0.625,6,87,0,0,0,0
2573,WLNM_dir_neg,0.986953362399,0.952336331834,00:00:02,10,60,36,1236052760,threshold_sweep,0.8,1,0.0689655172414,0.129032258065,6,0,81,174,0.0689655172414,1,0,0.931034482759,1,0.0689655172414,0.129032258065,0.689655172414,0.659003831418,0.0898876404494,0.216930457819,0.0689655172414,216,129,87,0,216,0,129,0,87,37,216,0.162162162162,1.32432432432,11.6756756757,21.6,6,8.1990990496,0.702237650082,0.31006006006,10.329336629,1.76937710775,0.765265265265,3.0868314707,0.528762798222,0.252752752753,0.579945114934,0.437917739848,2,1.32432432432,0.579945114934,2,0.0121701261701,0.00597269624573,7,0.000900900900901,0.621196581197,37,37,37,1,0,0.72972972973,0.243243243243,0.027027027027,37,0.0968468468468,1.32972972973,6.97297297297,12.9,3.90909090909,5.13964161357,0.737080386442,0.363503037922,6.32728492598,1.81480265319,0.783993295621,2.19369831844,0.629200292885,0.349884768489,0.59668755311,0.448728444412,2.2,1.34857142857,0.608455822057,2.2,0.00602825745683,0.0024077046549,1,0.0001287001287,0.259823414854,37,35,35,0.945945945946,0,0.675675675676,0.216216216216,0.0540540540541,37,135,0.101351351351,1.32432432432,7.2972972973,13.5,3.85714285714,5.41020057579,0.741397856682,0.368968968969,6.41706152991,1.75875019709,0.772772772773,2.00300075188,0.54897057644,0.306706706707,0.579945114934,0.437917739848,2,1.33333333333,0.585540043769,2,0.0136669620615,0.0108932461874,5,0.000643500643501,0.268156748187,37,36,36,0.972972972973,0,0.702702702703,0.243243243243,0.027027027027,-81,-0.0608108108108,0,-4.37837837838,-8.1,-2.14285714286,-2.78889847382,0.0391602066004,0.0589089089089,-3.91227509909,-0.0106269106583,0.00750750750751,-1.08383071883,0.0202077782174,0.053953953954,0,0,0,0.00900900900901,0.00559492883467,0,0.00149683589135,0.00492054994163,-2,-0.0002574002574,-0.353039833009,-0.027027027027,0,0,135,0,81,1116,0.625,1,0,0.375,1,0.625,0.769230769231,0.763352321616,0.625,0.625,6,87,0,0,0,0
2574,WLNM_dir_neg,0.986953362399,0.952336331834,00:00:02,10,60,36,1236052760,threshold_sweep,0.9,1,0.0689655172414,0.129032258065,6,0,81,174,0.0689655172414,1,0,0.931034482759,1,0.0689655172414,0.129032258065,0.689655172414,0.659003831418,0.0898876404494,0.216930457819,0.0689655172414,216,129,87,0,216,0,129,0,87,37,216,0.162162162162,1.32432432432,11.6756756757,21.6,6,8.1990990496,0.702237650082,0.31006006006,10.329336629,1.76937710775,0.765265265265,3.0868314707,0.528762798222,0.252752752753,0.579945114934,0.437917739848,2,1.32432432432,0.579945114934,2,0.0121701261701,0.00597269624573,7,0.000900900900901,0.621196581197,37,37,37,1,0,0.72972972973,0.243243243243,0.027027027027,37,0.0968468468468,1.32972972973,6.97297297297,12.9,3.90909090909,5.13964161357,0.737080386442,0.363503037922,6.32728492598,1.81480265319,0.783993295621,2.19369831844,0.629200292885,0.349884768489,0.59668755311,0.448728444412,2.2,1.34857142857,0.608455822057,2.2,0.00602825745683,0.0024077046549,1,0.0001287001287,0.259823414854,37,35,35,0.945945945946,0,0.675675675676,0.216216216216,0.0540540540541,37,135,0.101351351351,1.32432432432,7.2972972973,13.5,3.85714285714,5.41020057579,0.741397856682,0.368968968969,6.41706152991,1.75875019709,0.772772772773,2.00300075188,0.54897057644,0.306706706707,0.579945114934,0.437917739848,2,1.33333333333,0.585540043769,2,0.0136669620615,0.0108932461874,5,0.000643500643501,0.268156748187,37,36,36,0.972972972973,0,0.702702702703,0.243243243243,0.027027027027,-81,-0.0608108108108,0,-4.37837837838,-8.1,-2.14285714286,-2.78889847382,0.0391602066004,0.0589089089089,-3.91227509909,-0.0106269106583,0.00750750750751,-1.08383071883,0.0202077782174,0.053953953954,0,0,0,0.00900900900901,0.00559492883467,0,0.00149683589135,0.00492054994163,-2,-0.0002574002574,-0.353039833009,-0.027027027027,0,0,135,0,81,1116,0.625,1,0,0.375,1,0.625,0.769230769231,0.763352321616,0.625,0.625,6,87,0,0,0,0
2575,WLNM_dir_neg,0.976218787158,0.84060215755,00:00:02,10,60,37,1236052761,threshold_sweep,0.1,1,0.0804597701149,0.148936170213,7,0,80,174,0.0804597701149,1,0,0.919540229885,1,0.0804597701149,0.148936170213,0.693486590038,0.657726692209,0.10447761194,0.234772464817,0.0804597701149,216,129,87,0,216,0,129,0,87,37,216,0.162162162162,1.32432432432,11.6756756757,21.6,6,8.1990990496,0.702237650082,0.31006006006,10.329336629,1.76937710775,0.765265265265,3.0868314707,0.528762798222,0.252752752753,0.579945114934,0.437917739848,2,1.32432432432,0.579945114934,2,0.0121701261701,0.00597269624573,7,0.000900900900901,0.621196581197,37,37,37,1,0,0.72972972973,0.243243243243,0.027027027027,37,0.0968468468468,1.32432432432,6.97297297297,12.9,3.90909090909,5.04692693344,0.723784095106,0.360779384035,6.24331474291,1.79071818207,0.778126964173,2.18099902723,0.625557860522,0.350303792164,0.579945114934,0.437917739848,2,1.33333333333,0.585540043769,2,0.0100245226296,0.00488201790073,2,0.0002574002574,0.264145063892,37,36,36,0.972972972973,0,0.702702702703,0.189189189189,0.0810810810811,37,136,0.102102102102,1.32432432432,7.35135135135,13.6,3.88571428571,5.40686917118,0.735493232844,0.373807631161,6.34671417198,1.72667959091,0.764705882353,1.95865676838,0.532869856104,0.298092209857,0.579945114934,0.437917739848,2,1.33333333333,0.585540043769,2,0.0130977519213,0.0151079136691,7,0.000900900900901,0.274145063892,37,36,36,0.972972972973,0,0.702702702703,0.243243243243,0.027027027027,-80,-0.0600600600601,0,-4.32432432432,-8,-2.11428571429,-2.79222987843,0.0332555827622,0.0637475711005,-3.98262245702,-0.0426975168397,-0.000559382912324,-1.12817470232,0.00410705788202,0.0453394571042,0,0,0,0.00900900900901,0.00559492883467,0,0.000927625751155,0.00913521742333,0,0,-0.347051517305,-0.027027027027,0,0,136,0,80,1116,0.62962962963,1,0,0.37037037037,1,0.62962962963,0.772727272727,0.766494576197,0.62962962963,0.62962962963,7,87,0,0,0,0
2576,WLNM_dir_neg,0.976218787158,0.84060215755,00:00:02,10,60,37,1236052761,threshold_sweep,0.2,1,0.0804597701149,0.148936170213,7,0,80,174,0.0804597701149,1,0,0.919540229885,1,0.0804597701149,0.148936170213,0.693486590038,0.657726692209,0.10447761194,0.234772464817,0.0804597701149,216,129,87,0,216,0,129,0,87,37,216,0.162162162162,1.32432432432,11.6756756757,21.6,6,8.1990990496,0.702237650082,0.31006006006,10.329336629,1.76937710775,0.765265265265,3.0868314707,0.528762798222,0.252752752753,0.579945114934,0.437917739848,2,1.32432432432,0.579945114934,2,0.0121701261701,0.00597269624573,7,0.000900900900901,0.621196581197,37,37,37,1,0,0.72972972973,0.243243243243,0.027027027027,37,0.0968468468468,1.32432432432,6.97297297297,12.9,3.90909090909,5.04692693344,0.723784095106,0.360779384035,6.24331474291,1.79071818207,0.778126964173,2.18099902723,0.625557860522,0.350303792164,0.579945114934,0.437917739848,2,1.33333333333,0.585540043769,2,0.0100245226296,0.00488201790073,2,0.0002574002574,0.264145063892,37,36,36,0.972972972973,0,0.702702702703,0.189189189189,0.0810810810811,37,136,0.102102102102,1.32432432432,7.35135135135,13.6,3.88571428571,5.40686917118,0.735493232844,0.373807631161,6.34671417198,1.72667959091,0.764705882353,1.95865676838,0.532869856104,0.298092209857,0.579945114934,0.437917739848,2,1.33333333333,0.585540043769,2,0.0130977519213,0.0151079136691,7,0.000900900900901,0.274145063892,37,36,36,0.972972972973,0,0.702702702703,0.243243243243,0.027027027027,-80,-0.0600600600601,0,-4.32432432432,-8,-2.11428571429,-2.79222987843,0.0332555827622,0.0637475711005,-3.98262245702,-0.0426975168397,-0.000559382912324,-1.12817470232,0.00410705788202,0.0453394571042,0,0,0,0.00900900900901,0.00559492883467,0,0.000927625751155,0.00913521742333,0,0,-0.347051517305,-0.027027027027,0,0,136,0,80,1116,0.62962962963,1,0,0.37037037037,1,0.62962962963,0.772727272727,0.766494576197,0.62962962963,0.62962962963,7,87,0,0,0,0
2577,WLNM_dir_neg,0.976218787158,0.84060215755,00:00:02,10,60,37,1236052761,threshold_sweep,0.3,1,0.0804597701149,0.148936170213,7,0,80,174,0.0804597701149,1,0,0.919540229885,1,0.0804597701149,0.148936170213,0.693486590038,0.657726692209,0.10447761194,0.234772464817,0.0804597701149,216,129,87,0,216,0,129,0,87,37,216,0.162162162162,1.32432432432,11.6756756757,21.6,6,8.1990990496,0.702237650082,0.31006006006,10.329336629,1.76937710775,0.765265265265,3.0868314707,0.528762798222,0.252752752753,0.579945114934,0.437917739848,2,1.32432432432,0.579945114934,2,0.0121701261701,0.00597269624573,7,0.000900900900901,0.621196581197,37,37,37,1,0,0.72972972973,0.243243243243,0.027027027027,37,0.0968468468468,1.32432432432,6.97297297297,12.9,3.90909090909,5.04692693344,0.723784095106,0.360779384035,6.24331474291,1.79071818207,0.778126964173,2.18099902723,0.625557860522,0.350303792164,0.579945114934,0.437917739848,2,1.33333333333,0.585540043769,2,0.0100245226296,0.00488201790073,2,0.0002574002574,0.264145063892,37,36,36,0.972972972973,0,0.702702702703,0.189189189189,0.0810810810811,37,136,0.102102102102,1.32432432432,7.35135135135,13.6,3.88571428571,5.40686917118,0.735493232844,0.373807631161,6.34671417198,1.72667959091,0.764705882353,1.95865676838,0.532869856104,0.298092209857,0.579945114934,0.437917739848,2,1.33333333333,0.585540043769,2,0.0130977519213,0.0151079136691,7,0.000900900900901,0.274145063892,37,36,36,0.972972972973,0,0.702702702703,0.243243243243,0.027027027027,-80,-0.0600600600601,0,-4.32432432432,-8,-2.11428571429,-2.79222987843,0.0332555827622,0.0637475711005,-3.98262245702,-0.0426975168397,-0.000559382912324,-1.12817470232,0.00410705788202,0.0453394571042,0,0,0,0.00900900900901,0.00559492883467,0,0.000927625751155,0.00913521742333,0,0,-0.347051517305,-0.027027027027,0,0,136,0,80,1116,0.62962962963,1,0,0.37037037037,1,0.62962962963,0.772727272727,0.766494576197,0.62962962963,0.62962962963,7,87,0,0,0,0
2578,WLNM_dir_neg,0.976218787158,0.84060215755,00:00:02,10,60,37,1236052761,threshold_sweep,0.4,1,0.0804597701149,0.148936170213,7,0,80,174,0.0804597701149,1,0,0.919540229885,1,0.0804597701149,0.148936170213,0.693486590038,0.657726692209,0.10447761194,0.234772464817,0.0804597701149,216,129,87,0,216,0,129,0,87,37,216,0.162162162162,1.32432432432,11.6756756757,21.6,6,8.1990990496,0.702237650082,0.31006006006,10.329336629,1.76937710775,0.765265265265,3.0868314707,0.528762798222,0.252752752753,0.579945114934,0.437917739848,2,1.32432432432,0.579945114934,2,0.0121701261701,0.00597269624573,7,0.000900900900901,0.621196581197,37,37,37,1,0,0.72972972973,0.243243243243,0.027027027027,37,0.0968468468468,1.32432432432,6.97297297297,12.9,3.90909090909,5.04692693344,0.723784095106,0.360779384035,6.24331474291,1.79071818207,0.778126964173,2.18099902723,0.625557860522,0.350303792164,0.579945114934,0.437917739848,2,1.33333333333,0.585540043769,2,0.0100245226296,0.00488201790073,2,0.0002574002574,0.264145063892,37,36,36,0.972972972973,0,0.702702702703,0.189189189189,0.0810810810811,37,136,0.102102102102,1.32432432432,7.35135135135,13.6,3.88571428571,5.40686917118,0.735493232844,0.373807631161,6.34671417198,1.72667959091,0.764705882353,1.95865676838,0.532869856104,0.298092209857,0.579945114934,0.437917739848,2,1.33333333333,0.585540043769,2,0.0130977519213,0.0151079136691,7,0.000900900900901,0.274145063892,37,36,36,0.972972972973,0,0.702702702703,0.243243243243,0.027027027027,-80,-0.0600600600601,0,-4.32432432432,-8,-2.11428571429,-2.79222987843,0.0332555827622,0.0637475711005,-3.98262245702,-0.0426975168397,-0.000559382912324,-1.12817470232,0.00410705788202,0.0453394571042,0,0,0,0.00900900900901,0.00559492883467,0,0.000927625751155,0.00913521742333,0,0,-0.347051517305,-0.027027027027,0,0,136,0,80,1116,0.62962962963,1,0,0.37037037037,1,0.62962962963,0.772727272727,0.766494576197,0.62962962963,0.62962962963,7,87,0,0,0,0
2579,WLNM_dir_neg,0.976218787158,0.84060215755,00:00:02,10,60,37,1236052761,threshold_sweep,0.5,1,0.0804597701149,0.148936170213,7,0,80,174,0.0804597701149,1,0,0.919540229885,1,0.0804597701149,0.148936170213,0.693486590038,0.657726692209,0.10447761194,0.234772464817,0.0804597701149,216,129,87,0,216,0,129,0,87,37,216,0.162162162162,1.32432432432,11.6756756757,21.6,6,8.1990990496,0.702237650082,0.31006006006,10.329336629,1.76937710775,0.765265265265,3.0868314707,0.528762798222,0.252752752753,0.579945114934,0.437917739848,2,1.32432432432,0.579945114934,2,0.0121701261701,0.00597269624573,7,0.000900900900901,0.621196581197,37,37,37,1,0,0.72972972973,0.243243243243,0.027027027027,37,0.0968468468468,1.32432432432,6.97297297297,12.9,3.90909090909,5.04692693344,0.723784095106,0.360779384035,6.24331474291,1.79071818207,0.778126964173,2.18099902723,0.625557860522,0.350303792164,0.579945114934,0.437917739848,2,1.33333333333,0.585540043769,2,0.0100245226296,0.00488201790073,2,0.0002574002574,0.264145063892,37,36,36,0.972972972973,0,0.702702702703,0.189189189189,0.0810810810811,37,136,0.102102102102,1.32432432432,7.35135135135,13.6,3.88571428571,5.40686917118,0.735493232844,0.373807631161,6.34671417198,1.72667959091,0.764705882353,1.95865676838,0.532869856104,0.298092209857,0.579945114934,0.437917739848,2,1.33333333333,0.585540043769,2,0.0130977519213,0.0151079136691,7,0.000900900900901,0.274145063892,37,36,36,0.972972972973,0,0.702702702703,0.243243243243,0.027027027027,-80,-0.0600600600601,0,-4.32432432432,-8,-2.11428571429,-2.79222987843,0.0332555827622,0.0637475711005,-3.98262245702,-0.0426975168397,-0.000559382912324,-1.12817470232,0.00410705788202,0.0453394571042,0,0,0,0.00900900900901,0.00559492883467,0,0.000927625751155,0.00913521742333,0,0,-0.347051517305,-0.027027027027,0,0,136,0,80,1116,0.62962962963,1,0,0.37037037037,1,0.62962962963,0.772727272727,0.766494576197,0.62962962963,0.62962962963,7,87,0,0,0,0
2580,WLNM_dir_neg,0.976218787158,0.84060215755,00:00:02,10,60,37,1236052761,threshold_sweep,0.6,1,0.0804597701149,0.148936170213,7,0,80,174,0.0804597701149,1,0,0.919540229885,1,0.0804597701149,0.148936170213,0.693486590038,0.657726692209,0.10447761194,0.234772464817,0.0804597701149,216,129,87,0,216,0,129,0,87,37,216,0.162162162162,1.32432432432,11.6756756757,21.6,6,8.1990990496,0.702237650082,0.31006006006,10.329336629,1.76937710775,0.765265265265,3.0868314707,0.528762798222,0.252752752753,0.579945114934,0.437917739848,2,1.32432432432,0.579945114934,2,0.0121701261701,0.00597269624573,7,0.000900900900901,0.621196581197,37,37,37,1,0,0.72972972973,0.243243243243,0.027027027027,37,0.0968468468468,1.32432432432,6.97297297297,12.9,3.90909090909,5.04692693344,0.723784095106,0.360779384035,6.24331474291,1.79071818207,0.778126964173,2.18099902723,0.625557860522,0.350303792164,0.579945114934,0.437917739848,2,1.33333333333,0.585540043769,2,0.0100245226296,0.00488201790073,2,0.0002574002574,0.264145063892,37,36,36,0.972972972973,0,0.702702702703,0.189189189189,0.0810810810811,37,136,0.102102102102,1.32432432432,7.35135135135,13.6,3.88571428571,5.40686917118,0.735493232844,0.373807631161,6.34671417198,1.72667959091,0.764705882353,1.95865676838,0.532869856104,0.298092209857,0.579945114934,0.437917739848,2,1.33333333333,0.585540043769,2,0.0130977519213,0.0151079136691,7,0.000900900900901,0.274145063892,37,36,36,0.972972972973,0,0.702702702703,0.243243243243,0.027027027027,-80,-0.0600600600601,0,-4.32432432432,-8,-2.11428571429,-2.79222987843,0.0332555827622,0.0637475711005,-3.98262245702,-0.0426975168397,-0.000559382912324,-1.12817470232,0.00410705788202,0.0453394571042,0,0,0,0.00900900900901,0.00559492883467,0,0.000927625751155,0.00913521742333,0,0,-0.347051517305,-0.027027027027,0,0,136,0,80,1116,0.62962962963,1,0,0.37037037037,1,0.62962962963,0.772727272727,0.766494576197,0.62962962963,0.62962962963,7,87,0,0,0,0
2581,WLNM_dir_neg,0.976218787158,0.84060215755,00:00:02,10,60,37,1236052761,threshold_sweep,0.7,1,0.0804597701149,0.148936170213,7,0,80,174,0.0804597701149,1,0,0.919540229885,1,0.0804597701149,0.148936170213,0.693486590038,0.657726692209,0.10447761194,0.234772464817,0.0804597701149,216,129,87,0,216,0,129,0,87,37,216,0.162162162162,1.32432432432,11.6756756757,21.6,6,8.1990990496,0.702237650082,0.31006006006,10.329336629,1.76937710775,0.765265265265,3.0868314707,0.528762798222,0.252752752753,0.579945114934,0.437917739848,2,1.32432432432,0.579945114934,2,0.0121701261701,0.00597269624573,7,0.000900900900901,0.621196581197,37,37,37,1,0,0.72972972973,0.243243243243,0.027027027027,37,0.0968468468468,1.32432432432,6.97297297297,12.9,3.90909090909,5.04692693344,0.723784095106,0.360779384035,6.24331474291,1.79071818207,0.778126964173,2.18099902723,0.625557860522,0.350303792164,0.579945114934,0.437917739848,2,1.33333333333,0.585540043769,2,0.0100245226296,0.00488201790073,2,0.0002574002574,0.264145063892,37,36,36,0.972972972973,0,0.702702702703,0.189189189189,0.0810810810811,37,136,0.102102102102,1.32432432432,7.35135135135,13.6,3.88571428571,5.40686917118,0.735493232844,0.373807631161,6.34671417198,1.72667959091,0.764705882353,1.95865676838,0.532869856104,0.298092209857,0.579945114934,0.437917739848,2,1.33333333333,0.585540043769,2,0.0130977519213,0.0151079136691,7,0.000900900900901,0.274145063892,37,36,36,0.972972972973,0,0.702702702703,0.243243243243,0.027027027027,-80,-0.0600600600601,0,-4.32432432432,-8,-2.11428571429,-2.79222987843,0.0332555827622,0.0637475711005,-3.98262245702,-0.0426975168397,-0.000559382912324,-1.12817470232,0.00410705788202,0.0453394571042,0,0,0,0.00900900900901,0.00559492883467,0,0.000927625751155,0.00913521742333,0,0,-0.347051517305,-0.027027027027,0,0,136,0,80,1116,0.62962962963,1,0,0.37037037037,1,0.62962962963,0.772727272727,0.766494576197,0.62962962963,0.62962962963,7,87,0,0,0,0
2582,WLNM_dir_neg,0.976218787158,0.84060215755,00:00:02,10,60,37,1236052761,threshold_sweep,0.8,1,0.0804597701149,0.148936170213,7,0,80,174,0.0804597701149,1,0,0.919540229885,1,0.0804597701149,0.148936170213,0.693486590038,0.657726692209,0.10447761194,0.234772464817,0.0804597701149,216,129,87,0,216,0,129,0,87,37,216,0.162162162162,1.32432432432,11.6756756757,21.6,6,8.1990990496,0.702237650082,0.31006006006,10.329336629,1.76937710775,0.765265265265,3.0868314707,0.528762798222,0.252752752753,0.579945114934,0.437917739848,2,1.32432432432,0.579945114934,2,0.0121701261701,0.00597269624573,7,0.000900900900901,0.621196581197,37,37,37,1,0,0.72972972973,0.243243243243,0.027027027027,37,0.0968468468468,1.32432432432,6.97297297297,12.9,3.90909090909,5.04692693344,0.723784095106,0.360779384035,6.24331474291,1.79071818207,0.778126964173,2.18099902723,0.625557860522,0.350303792164,0.579945114934,0.437917739848,2,1.33333333333,0.585540043769,2,0.0100245226296,0.00488201790073,2,0.0002574002574,0.264145063892,37,36,36,0.972972972973,0,0.702702702703,0.189189189189,0.0810810810811,37,136,0.102102102102,1.32432432432,7.35135135135,13.6,3.88571428571,5.40686917118,0.735493232844,0.373807631161,6.34671417198,1.72667959091,0.764705882353,1.95865676838,0.532869856104,0.298092209857,0.579945114934,0.437917739848,2,1.33333333333,0.585540043769,2,0.0130977519213,0.0151079136691,7,0.000900900900901,0.274145063892,37,36,36,0.972972972973,0,0.702702702703,0.243243243243,0.027027027027,-80,-0.0600600600601,0,-4.32432432432,-8,-2.11428571429,-2.79222987843,0.0332555827622,0.0637475711005,-3.98262245702,-0.0426975168397,-0.000559382912324,-1.12817470232,0.00410705788202,0.0453394571042,0,0,0,0.00900900900901,0.00559492883467,0,0.000927625751155,0.00913521742333,0,0,-0.347051517305,-0.027027027027,0,0,136,0,80,1116,0.62962962963,1,0,0.37037037037,1,0.62962962963,0.772727272727,0.766494576197,0.62962962963,0.62962962963,7,87,0,0,0,0
2583,WLNM_dir_neg,0.976218787158,0.84060215755,00:00:02,10,60,37,1236052761,threshold_sweep,0.9,1,0.0689655172414,0.129032258065,6,0,81,174,0.0689655172414,1,0,0.931034482759,1,0.0689655172414,0.129032258065,0.689655172414,0.659003831418,0.0898876404494,0.216930457819,0.0689655172414,216,129,87,0,216,0,129,0,87,37,216,0.162162162162,1.32432432432,11.6756756757,21.6,6,8.1990990496,0.702237650082,0.31006006006,10.329336629,1.76937710775,0.765265265265,3.0868314707,0.528762798222,0.252752752753,0.579945114934,0.437917739848,2,1.32432432432,0.579945114934,2,0.0121701261701,0.00597269624573,7,0.000900900900901,0.621196581197,37,37,37,1,0,0.72972972973,0.243243243243,0.027027027027,37,0.0968468468468,1.32432432432,6.97297297297,12.9,3.90909090909,5.04692693344,0.723784095106,0.360779384035,6.24331474291,1.79071818207,0.778126964173,2.18099902723,0.625557860522,0.350303792164,0.579945114934,0.437917739848,2,1.33333333333,0.585540043769,2,0.0100245226296,0.00488201790073,2,0.0002574002574,0.264145063892,37,36,36,0.972972972973,0,0.702702702703,0.189189189189,0.0810810810811,37,135,0.101351351351,1.32432432432,7.2972972973,13.5,3.85714285714,5.34303734294,0.732194006255,0.371171171171,6.33428157908,1.73606235871,0.766766766767,1.98908432613,0.545156444939,0.305505505506,0.579945114934,0.437917739848,2,1.33333333333,0.585540043769,2,0.0133328635098,0.0131964809384,6,0.000772200772201,0.27192284167,37,36,36,0.972972972973,0,0.702702702703,0.243243243243,0.027027027027,-81,-0.0608108108108,0,-4.37837837838,-8.1,-2.14285714286,-2.85606170666,0.0299563561728,0.0611111111111,-3.99505504992,-0.0333147490334,0.0015015015015,-1.09774714457,0.0163936467169,0.0527527527528,0,0,0,0.00900900900901,0.00559492883467,0,0.00116273733965,0.00722378469268,-1,-0.0001287001287,-0.349273739527,-0.027027027027,0,0,135,0,81,1116,0.625,1,0,0.375,1,0.625,0.769230769231,0.763352321616,0.625,0.625,6,87,0,0,0,0
2584,WLNM_dir_neg,0.988836041749,0.848850574713,00:00:03,10,60,38,1236052762,threshold_sweep,0.1,1,0.0114942528736,0.0227272727273,1,0,86,174,0.0114942528736,1,0,0.988505747126,1,0.0114942528736,0.0227272727273,0.670498084291,0.665389527458,0.0152671755725,0.0877058019307,0.0114942528736,216,129,87,0,216,0,129,0,87,37,216,0.162162162162,1.32432432432,11.6756756757,21.6,6,8.1990990496,0.702237650082,0.31006006006,10.329336629,1.76937710775,0.765265265265,3.0868314707,0.528762798222,0.252752752753,0.579945114934,0.437917739848,2,1.32432432432,0.579945114934,2,0.0121701261701,0.00597269624573,7,0.000900900900901,0.621196581197,37,37,37,1,0,0.72972972973,0.243243243243,0.027027027027,37,0.0968468468468,1.32432432432,6.97297297297,12.9,3.58333333333,5.16659401286,0.740945653007,0.381102032265,6.13560474979,1.75982461816,0.77351770375,2.10319362481,0.603241582309,0.337314058244,0.579945114934,0.437917739848,2,1.32432432432,0.579945114934,2,0.0122487230186,0.00959232613909,4,0.000514800514801,0.27060624864,37,37,37,1,0,0.72972972973,0.243243243243,0.027027027027,37,130,0.0975975975976,1.32432432432,7.02702702703,13,3.61111111111,5.24662053393,0.746634460597,0.383991683992,6.16270873715,1.7540017175,0.771725571726,2.07661077535,0.591035374524,0.330561330561,0.579945114934,0.437917739848,2,1.32432432432,0.579945114934,2,0.014364306094,0.0117279124316,5,0.000643500643501,0.272828470862,37,37,37,1,0,0.72972972973,0.243243243243,0.027027027027,-86,-0.0645645645646,0,-4.64864864865,-8.6,-2.38888888889,-2.95247851568,0.0443968105155,0.0739316239316,-4.16662789185,-0.015375390248,0.00646030646031,-1.01022069535,0.0622725763011,0.0778085778086,0,0,0,0,0,0,0.00219417992383,0.00575521618585,-2,-0.0002574002574,-0.348368110334,0,0,0,130,0,86,1116,0.601851851852,1,0,0.398148148148,1,0.601851851852,0.751445086705,0.747523179606,0.601851851852,0.601851851852,1,87,0,0,0,0
2585,WLNM_dir_neg,0.988836041749,0.848850574713,00:00:03,10,60,38,1236052762,threshold_sweep,0.2,1,0.0114942528736,0.0227272727273,1,0,86,174,0.0114942528736,1,0,0.988505747126,1,0.0114942528736,0.0227272727273,0.670498084291,0.665389527458,0.0152671755725,0.0877058019307,0.0114942528736,216,129,87,0,216,0,129,0,87,37,216,0.162162162162,1.32432432432,11.6756756757,21.6,6,8.1990990496,0.702237650082,0.31006006006,10.329336629,1.76937710775,0.765265265265,3.0868314707,0.528762798222,0.252752752753,0.579945114934,0.437917739848,2,1.32432432432,0.579945114934,2,0.0121701261701,0.00597269624573,7,0.000900900900901,0.621196581197,37,37,37,1,0,0.72972972973,0.243243243243,0.027027027027,37,0.0968468468468,1.32432432432,6.97297297297,12.9,3.58333333333,5.16659401286,0.740945653007,0.381102032265,6.13560474979,1.75982461816,0.77351770375,2.10319362481,0.603241582309,0.337314058244,0.579945114934,0.437917739848,2,1.32432432432,0.579945114934,2,0.0122487230186,0.00959232613909,4,0.000514800514801,0.27060624864,37,37,37,1,0,0.72972972973,0.243243243243,0.027027027027,37,130,0.0975975975976,1.32432432432,7.02702702703,13,3.61111111111,5.24662053393,0.746634460597,0.383991683992,6.16270873715,1.7540017175,0.771725571726,2.07661077535,0.591035374524,0.330561330561,0.579945114934,0.437917739848,2,1.32432432432,0.579945114934,2,0.014364306094,0.0117279124316,5,0.000643500643501,0.272828470862,37,37,37,1,0,0.72972972973,0.243243243243,0.027027027027,-86,-0.0645645645646,0,-4.64864864865,-8.6,-2.38888888889,-2.95247851568,0.0443968105155,0.0739316239316,-4.16662789185,-0.015375390248,0.00646030646031,-1.01022069535,0.0622725763011,0.0778085778086,0,0,0,0,0,0,0.00219417992383,0.00575521618585,-2,-0.0002574002574,-0.348368110334,0,0,0,130,0,86,1116,0.601851851852,1,0,0.398148148148,1,0.601851851852,0.751445086705,0.747523179606,0.601851851852,0.601851851852,1,87,0,0,0,0
2586,WLNM_dir_neg,0.988836041749,0.848850574713,00:00:03,10,60,38,1236052762,threshold_sweep,0.3,1,0.0114942528736,0.0227272727273,1,0,86,174,0.0114942528736,1,0,0.988505747126,1,0.0114942528736,0.0227272727273,0.670498084291,0.665389527458,0.0152671755725,0.0877058019307,0.0114942528736,216,129,87,0,216,0,129,0,87,37,216,0.162162162162,1.32432432432,11.6756756757,21.6,6,8.1990990496,0.702237650082,0.31006006006,10.329336629,1.76937710775,0.765265265265,3.0868314707,0.528762798222,0.252752752753,0.579945114934,0.437917739848,2,1.32432432432,0.579945114934,2,0.0121701261701,0.00597269624573,7,0.000900900900901,0.621196581197,37,37,37,1,0,0.72972972973,0.243243243243,0.027027027027,37,0.0968468468468,1.32432432432,6.97297297297,12.9,3.58333333333,5.16659401286,0.740945653007,0.381102032265,6.13560474979,1.75982461816,0.77351770375,2.10319362481,0.603241582309,0.337314058244,0.579945114934,0.437917739848,2,1.32432432432,0.579945114934,2,0.0122487230186,0.00959232613909,4,0.000514800514801,0.27060624864,37,37,37,1,0,0.72972972973,0.243243243243,0.027027027027,37,130,0.0975975975976,1.32432432432,7.02702702703,13,3.61111111111,5.24662053393,0.746634460597,0.383991683992,6.16270873715,1.7540017175,0.771725571726,2.07661077535,0.591035374524,0.330561330561,0.579945114934,0.437917739848,2,1.32432432432,0.579945114934,2,0.014364306094,0.0117279124316,5,0.000643500643501,0.272828470862,37,37,37,1,0,0.72972972973,0.243243243243,0.027027027027,-86,-0.0645645645646,0,-4.64864864865,-8.6,-2.38888888889,-2.95247851568,0.0443968105155,0.0739316239316,-4.16662789185,-0.015375390248,0.00646030646031,-1.01022069535,0.0622725763011,0.0778085778086,0,0,0,0,0,0,0.00219417992383,0.00575521618585,-2,-0.0002574002574,-0.348368110334,0,0,0,130,0,86,1116,0.601851851852,1,0,0.398148148148,1,0.601851851852,0.751445086705,0.747523179606,0.601851851852,0.601851851852,1,87,0,0,0,0
2587,WLNM_dir_neg,0.988836041749,0.848850574713,00:00:03,10,60,38,1236052762,threshold_sweep,0.4,1,0.0114942528736,0.0227272727273,1,0,86,174,0.0114942528736,1,0,0.988505747126,1,0.0114942528736,0.0227272727273,0.670498084291,0.665389527458,0.0152671755725,0.0877058019307,0.0114942528736,216,129,87,0,216,0,129,0,87,37,216,0.162162162162,1.32432432432,11.6756756757,21.6,6,8.1990990496,0.702237650082,0.31006006006,10.329336629,1.76937710775,0.765265265265,3.0868314707,0.528762798222,0.252752752753,0.579945114934,0.437917739848,2,1.32432432432,0.579945114934,2,0.0121701261701,0.00597269624573,7,0.000900900900901,0.621196581197,37,37,37,1,0,0.72972972973,0.243243243243,0.027027027027,37,0.0968468468468,1.32432432432,6.97297297297,12.9,3.58333333333,5.16659401286,0.740945653007,0.381102032265,6.13560474979,1.75982461816,0.77351770375,2.10319362481,0.603241582309,0.337314058244,0.579945114934,0.437917739848,2,1.32432432432,0.579945114934,2,0.0122487230186,0.00959232613909,4,0.000514800514801,0.27060624864,37,37,37,1,0,0.72972972973,0.243243243243,0.027027027027,37,130,0.0975975975976,1.32432432432,7.02702702703,13,3.61111111111,5.24662053393,0.746634460597,0.383991683992,6.16270873715,1.7540017175,0.771725571726,2.07661077535,0.591035374524,0.330561330561,0.579945114934,0.437917739848,2,1.32432432432,0.579945114934,2,0.014364306094,0.0117279124316,5,0.000643500643501,0.272828470862,37,37,37,1,0,0.72972972973,0.243243243243,0.027027027027,-86,-0.0645645645646,0,-4.64864864865,-8.6,-2.38888888889,-2.95247851568,0.0443968105155,0.0739316239316,-4.16662789185,-0.015375390248,0.00646030646031,-1.01022069535,0.0622725763011,0.0778085778086,0,0,0,0,0,0,0.00219417992383,0.00575521618585,-2,-0.0002574002574,-0.348368110334,0,0,0,130,0,86,1116,0.601851851852,1,0,0.398148148148,1,0.601851851852,0.751445086705,0.747523179606,0.601851851852,0.601851851852,1,87,0,0,0,0
2588,WLNM_dir_neg,0.988836041749,0.848850574713,00:00:03,10,60,38,1236052762,threshold_sweep,0.5,1,0.0114942528736,0.0227272727273,1,0,86,174,0.0114942528736,1,0,0.988505747126,1,0.0114942528736,0.0227272727273,0.670498084291,0.665389527458,0.0152671755725,0.0877058019307,0.0114942528736,216,129,87,0,216,0,129,0,87,37,216,0.162162162162,1.32432432432,11.6756756757,21.6,6,8.1990990496,0.702237650082,0.31006006006,10.329336629,1.76937710775,0.765265265265,3.0868314707,0.528762798222,0.252752752753,0.579945114934,0.437917739848,2,1.32432432432,0.579945114934,2,0.0121701261701,0.00597269624573,7,0.000900900900901,0.621196581197,37,37,37,1,0,0.72972972973,0.243243243243,0.027027027027,37,0.0968468468468,1.32432432432,6.97297297297,12.9,3.58333333333,5.16659401286,0.740945653007,0.381102032265,6.13560474979,1.75982461816,0.77351770375,2.10319362481,0.603241582309,0.337314058244,0.579945114934,0.437917739848,2,1.32432432432,0.579945114934,2,0.0122487230186,0.00959232613909,4,0.000514800514801,0.27060624864,37,37,37,1,0,0.72972972973,0.243243243243,0.027027027027,37,130,0.0975975975976,1.32432432432,7.02702702703,13,3.61111111111,5.24662053393,0.746634460597,0.383991683992,6.16270873715,1.7540017175,0.771725571726,2.07661077535,0.591035374524,0.330561330561,0.579945114934,0.437917739848,2,1.32432432432,0.579945114934,2,0.014364306094,0.0117279124316,5,0.000643500643501,0.272828470862,37,37,37,1,0,0.72972972973,0.243243243243,0.027027027027,-86,-0.0645645645646,0,-4.64864864865,-8.6,-2.38888888889,-2.95247851568,0.0443968105155,0.0739316239316,-4.16662789185,-0.015375390248,0.00646030646031,-1.01022069535,0.0622725763011,0.0778085778086,0,0,0,0,0,0,0.00219417992383,0.00575521618585,-2,-0.0002574002574,-0.348368110334,0,0,0,130,0,86,1116,0.601851851852,1,0,0.398148148148,1,0.601851851852,0.751445086705,0.747523179606,0.601851851852,0.601851851852,1,87,0,0,0,0
2589,WLNM_dir_neg,0.988836041749,0.848850574713,00:00:03,10,60,38,1236052762,threshold_sweep,0.6,1,0.0114942528736,0.0227272727273,1,0,86,174,0.0114942528736,1,0,0.988505747126,1,0.0114942528736,0.0227272727273,0.670498084291,0.665389527458,0.0152671755725,0.0877058019307,0.0114942528736,216,129,87,0,216,0,129,0,87,37,216,0.162162162162,1.32432432432,11.6756756757,21.6,6,8.1990990496,0.702237650082,0.31006006006,10.329336629,1.76937710775,0.765265265265,3.0868314707,0.528762798222,0.252752752753,0.579945114934,0.437917739848,2,1.32432432432,0.579945114934,2,0.0121701261701,0.00597269624573,7,0.000900900900901,0.621196581197,37,37,37,1,0,0.72972972973,0.243243243243,0.027027027027,37,0.0968468468468,1.32432432432,6.97297297297,12.9,3.58333333333,5.16659401286,0.740945653007,0.381102032265,6.13560474979,1.75982461816,0.77351770375,2.10319362481,0.603241582309,0.337314058244,0.579945114934,0.437917739848,2,1.32432432432,0.579945114934,2,0.0122487230186,0.00959232613909,4,0.000514800514801,0.27060624864,37,37,37,1,0,0.72972972973,0.243243243243,0.027027027027,37,130,0.0975975975976,1.32432432432,7.02702702703,13,3.61111111111,5.24662053393,0.746634460597,0.383991683992,6.16270873715,1.7540017175,0.771725571726,2.07661077535,0.591035374524,0.330561330561,0.579945114934,0.437917739848,2,1.32432432432,0.579945114934,2,0.014364306094,0.0117279124316,5,0.000643500643501,0.272828470862,37,37,37,1,0,0.72972972973,0.243243243243,0.027027027027,-86,-0.0645645645646,0,-4.64864864865,-8.6,-2.38888888889,-2.95247851568,0.0443968105155,0.0739316239316,-4.16662789185,-0.015375390248,0.00646030646031,-1.01022069535,0.0622725763011,0.0778085778086,0,0,0,0,0,0,0.00219417992383,0.00575521618585,-2,-0.0002574002574,-0.348368110334,0,0,0,130,0,86,1116,0.601851851852,1,0,0.398148148148,1,0.601851851852,0.751445086705,0.747523179606,0.601851851852,0.601851851852,1,87,0,0,0,0
2590,WLNM_dir_neg,0.988836041749,0.848850574713,00:00:03,10,60,38,1236052762,threshold_sweep,0.7,1,0.0114942528736,0.0227272727273,1,0,86,174,0.0114942528736,1,0,0.988505747126,1,0.0114942528736,0.0227272727273,0.670498084291,0.665389527458,0.0152671755725,0.0877058019307,0.0114942528736,216,129,87,0,216,0,129,0,87,37,216,0.162162162162,1.32432432432,11.6756756757,21.6,6,8.1990990496,0.702237650082,0.31006006006,10.329336629,1.76937710775,0.765265265265,3.0868314707,0.528762798222,0.252752752753,0.579945114934,0.437917739848,2,1.32432432432,0.579945114934,2,0.0121701261701,0.00597269624573,7,0.000900900900901,0.621196581197,37,37,37,1,0,0.72972972973,0.243243243243,0.027027027027,37,0.0968468468468,1.32432432432,6.97297297297,12.9,3.58333333333,5.16659401286,0.740945653007,0.381102032265,6.13560474979,1.75982461816,0.77351770375,2.10319362481,0.603241582309,0.337314058244,0.579945114934,0.437917739848,2,1.32432432432,0.579945114934,2,0.0122487230186,0.00959232613909,4,0.000514800514801,0.27060624864,37,37,37,1,0,0.72972972973,0.243243243243,0.027027027027,37,130,0.0975975975976,1.32432432432,7.02702702703,13,3.61111111111,5.24662053393,0.746634460597,0.383991683992,6.16270873715,1.7540017175,0.771725571726,2.07661077535,0.591035374524,0.330561330561,0.579945114934,0.437917739848,2,1.32432432432,0.579945114934,2,0.014364306094,0.0117279124316,5,0.000643500643501,0.272828470862,37,37,37,1,0,0.72972972973,0.243243243243,0.027027027027,-86,-0.0645645645646,0,-4.64864864865,-8.6,-2.38888888889,-2.95247851568,0.0443968105155,0.0739316239316,-4.16662789185,-0.015375390248,0.00646030646031,-1.01022069535,0.0622725763011,0.0778085778086,0,0,0,0,0,0,0.00219417992383,0.00575521618585,-2,-0.0002574002574,-0.348368110334,0,0,0,130,0,86,1116,0.601851851852,1,0,0.398148148148,1,0.601851851852,0.751445086705,0.747523179606,0.601851851852,0.601851851852,1,87,0,0,0,0
2591,WLNM_dir_neg,0.988836041749,0.848850574713,00:00:03,10,60,38,1236052762,threshold_sweep,0.8,1,0.0114942528736,0.0227272727273,1,0,86,174,0.0114942528736,1,0,0.988505747126,1,0.0114942528736,0.0227272727273,0.670498084291,0.665389527458,0.0152671755725,0.0877058019307,0.0114942528736,216,129,87,0,216,0,129,0,87,37,216,0.162162162162,1.32432432432,11.6756756757,21.6,6,8.1990990496,0.702237650082,0.31006006006,10.329336629,1.76937710775,0.765265265265,3.0868314707,0.528762798222,0.252752752753,0.579945114934,0.437917739848,2,1.32432432432,0.579945114934,2,0.0121701261701,0.00597269624573,7,0.000900900900901,0.621196581197,37,37,37,1,0,0.72972972973,0.243243243243,0.027027027027,37,0.0968468468468,1.32432432432,6.97297297297,12.9,3.58333333333,5.16659401286,0.740945653007,0.381102032265,6.13560474979,1.75982461816,0.77351770375,2.10319362481,0.603241582309,0.337314058244,0.579945114934,0.437917739848,2,1.32432432432,0.579945114934,2,0.0122487230186,0.00959232613909,4,0.000514800514801,0.27060624864,37,37,37,1,0,0.72972972973,0.243243243243,0.027027027027,37,130,0.0975975975976,1.32432432432,7.02702702703,13,3.61111111111,5.24662053393,0.746634460597,0.383991683992,6.16270873715,1.7540017175,0.771725571726,2.07661077535,0.591035374524,0.330561330561,0.579945114934,0.437917739848,2,1.32432432432,0.579945114934,2,0.014364306094,0.0117279124316,5,0.000643500643501,0.272828470862,37,37,37,1,0,0.72972972973,0.243243243243,0.027027027027,-86,-0.0645645645646,0,-4.64864864865,-8.6,-2.38888888889,-2.95247851568,0.0443968105155,0.0739316239316,-4.16662789185,-0.015375390248,0.00646030646031,-1.01022069535,0.0622725763011,0.0778085778086,0,0,0,0,0,0,0.00219417992383,0.00575521618585,-2,-0.0002574002574,-0.348368110334,0,0,0,130,0,86,1116,0.601851851852,1,0,0.398148148148,1,0.601851851852,0.751445086705,0.747523179606,0.601851851852,0.601851851852,1,87,0,0,0,0
2592,WLNM_dir_neg,0.988836041749,0.848850574713,00:00:03,10,60,38,1236052762,threshold_sweep,0.9,1,0.0114942528736,0.0227272727273,1,0,86,174,0.0114942528736,1,0,0.988505747126,1,0.0114942528736,0.0227272727273,0.670498084291,0.665389527458,0.0152671755725,0.0877058019307,0.0114942528736,216,129,87,0,216,0,129,0,87,37,216,0.162162162162,1.32432432432,11.6756756757,21.6,6,8.1990990496,0.702237650082,0.31006006006,10.329336629,1.76937710775,0.765265265265,3.0868314707,0.528762798222,0.252752752753,0.579945114934,0.437917739848,2,1.32432432432,0.579945114934,2,0.0121701261701,0.00597269624573,7,0.000900900900901,0.621196581197,37,37,37,1,0,0.72972972973,0.243243243243,0.027027027027,37,0.0968468468468,1.32432432432,6.97297297297,12.9,3.58333333333,5.16659401286,0.740945653007,0.381102032265,6.13560474979,1.75982461816,0.77351770375,2.10319362481,0.603241582309,0.337314058244,0.579945114934,0.437917739848,2,1.32432432432,0.579945114934,2,0.0122487230186,0.00959232613909,4,0.000514800514801,0.27060624864,37,37,37,1,0,0.72972972973,0.243243243243,0.027027027027,37,130,0.0975975975976,1.32432432432,7.02702702703,13,3.61111111111,5.24662053393,0.746634460597,0.383991683992,6.16270873715,1.7540017175,0.771725571726,2.07661077535,0.591035374524,0.330561330561,0.579945114934,0.437917739848,2,1.32432432432,0.579945114934,2,0.014364306094,0.0117279124316,5,0.000643500643501,0.272828470862,37,37,37,1,0,0.72972972973,0.243243243243,0.027027027027,-86,-0.0645645645646,0,-4.64864864865,-8.6,-2.38888888889,-2.95247851568,0.0443968105155,0.0739316239316,-4.16662789185,-0.015375390248,0.00646030646031,-1.01022069535,0.0622725763011,0.0778085778086,0,0,0,0,0,0,0.00219417992383,0.00575521618585,-2,-0.0002574002574,-0.348368110334,0,0,0,130,0,86,1116,0.601851851852,1,0,0.398148148148,1,0.601851851852,0.751445086705,0.747523179606,0.601851851852,0.601851851852,1,87,0,0,0,0
2593,WLNM_dir_neg,0.99739067248,0.960357889237,00:00:02,10,60,39,1236052763,threshold_sweep,0.1,1,0.0574712643678,0.108695652174,5,0,82,174,0.0574712643678,1,0,0.942528735632,1,0.0574712643678,0.108695652174,0.685823754789,0.660280970626,0.0751879699248,0.197642353761,0.0574712643678,216,129,87,0,216,0,129,0,87,37,216,0.162162162162,1.32432432432,11.6756756757,21.6,6,8.1990990496,0.702237650082,0.31006006006,10.329336629,1.76937710775,0.765265265265,3.0868314707,0.528762798222,0.252752752753,0.579945114934,0.437917739848,2,1.32432432432,0.579945114934,2,0.0121701261701,0.00597269624573,7,0.000900900900901,0.621196581197,37,37,37,1,0,0.72972972973,0.243243243243,0.027027027027,37,0.0968468468468,1.32882882883,6.97297297297,12.9,4.03125,5.2147572996,0.747852791027,0.38068300859,6.27880748418,1.80089827066,0.778126964173,2.36433713545,0.678143209394,0.381730567777,0.593803505044,0.446862298711,2.16666666667,1.34761904762,0.605491520441,2.16666666667,0.0140522875817,0.0047619047619,2,0.0002574002574,0.287181670301,37,35,35,0.945945945946,0,0.675675675676,0.189189189189,0.0810810810811,37,134,0.100600600601,1.32818532819,7.24324324324,13.4,4.06060606061,5.40784104285,0.746604920095,0.383420734167,6.31731021942,1.74433192626,0.76764824526,2.22799550358,0.615192788301,0.346510689794,0.591765934822,0.445544700927,2.14285714286,1.34693877551,0.603397458181,2.14285714286,0.0160335099349,0.013206162876,6,0.000772200772201,0.297499130619,37,35,35,0.945945945946,0,0.675675675676,0.216216216216,0.0540540540541,-82,-0.0615615615616,0.003861003861,-4.43243243243,-8.2,-1.93939393939,-2.79125800675,0.0443672700132,0.0733606741069,-4.01202640958,-0.0250451814871,0.00238297999492,-0.858835967126,0.086429990079,0.0937579370415,0.0118208198873,0.0076269610784,0.142857142857,0.0226144511859,0.023452343247,0.142857142857,0.00386338376477,0.00723346663028,-1,-0.0001287001287,-0.323697450578,-0.0540540540541,-0.027027027027,0.027027027027,134,0,82,1116,0.62037037037,1,0,0.37962962963,1,0.62037037037,0.765714285714,0.760202357151,0.62037037037,0.62037037037,5,87,0,0,0,0
2594,WLNM_dir_neg,0.99739067248,0.960357889237,00:00:02,10,60,39,1236052763,threshold_sweep,0.2,1,0.0574712643678,0.108695652174,5,0,82,174,0.0574712643678,1,0,0.942528735632,1,0.0574712643678,0.108695652174,0.685823754789,0.660280970626,0.0751879699248,0.197642353761,0.0574712643678,216,129,87,0,216,0,129,0,87,37,216,0.162162162162,1.32432432432,11.6756756757,21.6,6,8.1990990496,0.702237650082,0.31006006006,10.329336629,1.76937710775,0.765265265265,3.0868314707,0.528762798222,0.252752752753,0.579945114934,0.437917739848,2,1.32432432432,0.579945114934,2,0.0121701261701,0.00597269624573,7,0.000900900900901,0.621196581197,37,37,37,1,0,0.72972972973,0.243243243243,0.027027027027,37,0.0968468468468,1.32882882883,6.97297297297,12.9,4.03125,5.2147572996,0.747852791027,0.38068300859,6.27880748418,1.80089827066,0.778126964173,2.36433713545,0.678143209394,0.381730567777,0.593803505044,0.446862298711,2.16666666667,1.34761904762,0.605491520441,2.16666666667,0.0140522875817,0.0047619047619,2,0.0002574002574,0.287181670301,37,35,35,0.945945945946,0,0.675675675676,0.189189189189,0.0810810810811,37,134,0.100600600601,1.32818532819,7.24324324324,13.4,4.06060606061,5.40784104285,0.746604920095,0.383420734167,6.31731021942,1.74433192626,0.76764824526,2.22799550358,0.615192788301,0.346510689794,0.591765934822,0.445544700927,2.14285714286,1.34693877551,0.603397458181,2.14285714286,0.0160335099349,0.013206162876,6,0.000772200772201,0.297499130619,37,35,35,0.945945945946,0,0.675675675676,0.216216216216,0.0540540540541,-82,-0.0615615615616,0.003861003861,-4.43243243243,-8.2,-1.93939393939,-2.79125800675,0.0443672700132,0.0733606741069,-4.01202640958,-0.0250451814871,0.00238297999492,-0.858835967126,0.086429990079,0.0937579370415,0.0118208198873,0.0076269610784,0.142857142857,0.0226144511859,0.023452343247,0.142857142857,0.00386338376477,0.00723346663028,-1,-0.0001287001287,-0.323697450578,-0.0540540540541,-0.027027027027,0.027027027027,134,0,82,1116,0.62037037037,1,0,0.37962962963,1,0.62037037037,0.765714285714,0.760202357151,0.62037037037,0.62037037037,5,87,0,0,0,0
2595,WLNM_dir_neg,0.99739067248,0.960357889237,00:00:02,10,60,39,1236052763,threshold_sweep,0.3,1,0.0459770114943,0.0879120879121,4,0,83,174,0.0459770114943,1,0,0.954022988506,1,0.0459770114943,0.0879120879121,0.681992337165,0.661558109834,0.0603773584906,0.176432436556,0.0459770114943,216,129,87,0,216,0,129,0,87,37,216,0.162162162162,1.32432432432,11.6756756757,21.6,6,8.1990990496,0.702237650082,0.31006006006,10.329336629,1.76937710775,0.765265265265,3.0868314707,0.528762798222,0.252752752753,0.579945114934,0.437917739848,2,1.32432432432,0.579945114934,2,0.0121701261701,0.00597269624573,7,0.000900900900901,0.621196581197,37,37,37,1,0,0.72972972973,0.243243243243,0.027027027027,37,0.0968468468468,1.32882882883,6.97297297297,12.9,4.03125,5.2147572996,0.747852791027,0.38068300859,6.27880748418,1.80089827066,0.778126964173,2.36433713545,0.678143209394,0.381730567777,0.593803505044,0.446862298711,2.16666666667,1.34761904762,0.605491520441,2.16666666667,0.0140522875817,0.0047619047619,2,0.0002574002574,0.287181670301,37,35,35,0.945945945946,0,0.675675675676,0.189189189189,0.0810810810811,37,133,0.0998498498498,1.32882882883,7.18918918919,13.3,4.0303030303,5.36882895279,0.746791997193,0.382645803698,6.30458148871,1.75390612844,0.769762243446,2.25412534724,0.627087502616,0.353586669376,0.593803505044,0.446862298711,2.16666666667,1.34761904762,0.605491520441,2.16666666667,0.0161385519517,0.0111773472429,5,0.000643500643501,0.294721352841,37,35,35,0.945945945946,0,0.675675675676,0.216216216216,0.0540540540541,-83,-0.0623123123123,0.0045045045045,-4.48648648649,-8.3,-1.9696969697,-2.83027009681,0.0445543471108,0.0725857436384,-4.02475514029,-0.015470979308,0.00449697818119,-0.832706123461,0.0983247043939,0.100833916623,0.0138583901096,0.00894455886265,0.166666666667,0.0232947232947,0.0255464055065,0.166666666667,0.00396842578157,0.00520465099719,-2,-0.0002574002574,-0.326475228356,-0.0540540540541,-0.027027027027,0.027027027027,133,0,83,1116,0.615740740741,1,0,0.384259259259,1,0.615740740741,0.76217765043,0.757044573298,0.615740740741,0.615740740741,4,87,0,0,0,0
2596,WLNM_dir_neg,0.99739067248,0.960357889237,00:00:02,10,60,39,1236052763,threshold_sweep,0.4,1,0.0459770114943,0.0879120879121,4,0,83,174,0.0459770114943,1,0,0.954022988506,1,0.0459770114943,0.0879120879121,0.681992337165,0.661558109834,0.0603773584906,0.176432436556,0.0459770114943,216,129,87,0,216,0,129,0,87,37,216,0.162162162162,1.32432432432,11.6756756757,21.6,6,8.1990990496,0.702237650082,0.31006006006,10.329336629,1.76937710775,0.765265265265,3.0868314707,0.528762798222,0.252752752753,0.579945114934,0.437917739848,2,1.32432432432,0.579945114934,2,0.0121701261701,0.00597269624573,7,0.000900900900901,0.621196581197,37,37,37,1,0,0.72972972973,0.243243243243,0.027027027027,37,0.0968468468468,1.32882882883,6.97297297297,12.9,4.03125,5.2147572996,0.747852791027,0.38068300859,6.27880748418,1.80089827066,0.778126964173,2.36433713545,0.678143209394,0.381730567777,0.593803505044,0.446862298711,2.16666666667,1.34761904762,0.605491520441,2.16666666667,0.0140522875817,0.0047619047619,2,0.0002574002574,0.287181670301,37,35,35,0.945945945946,0,0.675675675676,0.189189189189,0.0810810810811,37,133,0.0998498498498,1.32882882883,7.18918918919,13.3,4.0303030303,5.36882895279,0.746791997193,0.382645803698,6.30458148871,1.75390612844,0.769762243446,2.25412534724,0.627087502616,0.353586669376,0.593803505044,0.446862298711,2.16666666667,1.34761904762,0.605491520441,2.16666666667,0.0161385519517,0.0111773472429,5,0.000643500643501,0.294721352841,37,35,35,0.945945945946,0,0.675675675676,0.216216216216,0.0540540540541,-83,-0.0623123123123,0.0045045045045,-4.48648648649,-8.3,-1.9696969697,-2.83027009681,0.0445543471108,0.0725857436384,-4.02475514029,-0.015470979308,0.00449697818119,-0.832706123461,0.0983247043939,0.100833916623,0.0138583901096,0.00894455886265,0.166666666667,0.0232947232947,0.0255464055065,0.166666666667,0.00396842578157,0.00520465099719,-2,-0.0002574002574,-0.326475228356,-0.0540540540541,-0.027027027027,0.027027027027,133,0,83,1116,0.615740740741,1,0,0.384259259259,1,0.615740740741,0.76217765043,0.757044573298,0.615740740741,0.615740740741,4,87,0,0,0,0
2597,WLNM_dir_neg,0.99739067248,0.960357889237,00:00:02,10,60,39,1236052763,threshold_sweep,0.5,1,0.0459770114943,0.0879120879121,4,0,83,174,0.0459770114943,1,0,0.954022988506,1,0.0459770114943,0.0879120879121,0.681992337165,0.661558109834,0.0603773584906,0.176432436556,0.0459770114943,216,129,87,0,216,0,129,0,87,37,216,0.162162162162,1.32432432432,11.6756756757,21.6,6,8.1990990496,0.702237650082,0.31006006006,10.329336629,1.76937710775,0.765265265265,3.0868314707,0.528762798222,0.252752752753,0.579945114934,0.437917739848,2,1.32432432432,0.579945114934,2,0.0121701261701,0.00597269624573,7,0.000900900900901,0.621196581197,37,37,37,1,0,0.72972972973,0.243243243243,0.027027027027,37,0.0968468468468,1.32882882883,6.97297297297,12.9,4.03125,5.2147572996,0.747852791027,0.38068300859,6.27880748418,1.80089827066,0.778126964173,2.36433713545,0.678143209394,0.381730567777,0.593803505044,0.446862298711,2.16666666667,1.34761904762,0.605491520441,2.16666666667,0.0140522875817,0.0047619047619,2,0.0002574002574,0.287181670301,37,35,35,0.945945945946,0,0.675675675676,0.189189189189,0.0810810810811,37,133,0.0998498498498,1.32882882883,7.18918918919,13.3,4.0303030303,5.36882895279,0.746791997193,0.382645803698,6.30458148871,1.75390612844,0.769762243446,2.25412534724,0.627087502616,0.353586669376,0.593803505044,0.446862298711,2.16666666667,1.34761904762,0.605491520441,2.16666666667,0.0161385519517,0.0111773472429,5,0.000643500643501,0.294721352841,37,35,35,0.945945945946,0,0.675675675676,0.216216216216,0.0540540540541,-83,-0.0623123123123,0.0045045045045,-4.48648648649,-8.3,-1.9696969697,-2.83027009681,0.0445543471108,0.0725857436384,-4.02475514029,-0.015470979308,0.00449697818119,-0.832706123461,0.0983247043939,0.100833916623,0.0138583901096,0.00894455886265,0.166666666667,0.0232947232947,0.0255464055065,0.166666666667,0.00396842578157,0.00520465099719,-2,-0.0002574002574,-0.326475228356,-0.0540540540541,-0.027027027027,0.027027027027,133,0,83,1116,0.615740740741,1,0,0.384259259259,1,0.615740740741,0.76217765043,0.757044573298,0.615740740741,0.615740740741,4,87,0,0,0,0
2598,WLNM_dir_neg,0.99739067248,0.960357889237,00:00:02,10,60,39,1236052763,threshold_sweep,0.6,1,0.0459770114943,0.0879120879121,4,0,83,174,0.0459770114943,1,0,0.954022988506,1,0.0459770114943,0.0879120879121,0.681992337165,0.661558109834,0.0603773584906,0.176432436556,0.0459770114943,216,129,87,0,216,0,129,0,87,37,216,0.162162162162,1.32432432432,11.6756756757,21.6,6,8.1990990496,0.702237650082,0.31006006006,10.329336629,1.76937710775,0.765265265265,3.0868314707,0.528762798222,0.252752752753,0.579945114934,0.437917739848,2,1.32432432432,0.579945114934,2,0.0121701261701,0.00597269624573,7,0.000900900900901,0.621196581197,37,37,37,1,0,0.72972972973,0.243243243243,0.027027027027,37,0.0968468468468,1.32882882883,6.97297297297,12.9,4.03125,5.2147572996,0.747852791027,0.38068300859,6.27880748418,1.80089827066,0.778126964173,2.36433713545,0.678143209394,0.381730567777,0.593803505044,0.446862298711,2.16666666667,1.34761904762,0.605491520441,2.16666666667,0.0140522875817,0.0047619047619,2,0.0002574002574,0.287181670301,37,35,35,0.945945945946,0,0.675675675676,0.189189189189,0.0810810810811,37,133,0.0998498498498,1.32882882883,7.18918918919,13.3,4.0303030303,5.36882895279,0.746791997193,0.382645803698,6.30458148871,1.75390612844,0.769762243446,2.25412534724,0.627087502616,0.353586669376,0.593803505044,0.446862298711,2.16666666667,1.34761904762,0.605491520441,2.16666666667,0.0161385519517,0.0111773472429,5,0.000643500643501,0.294721352841,37,35,35,0.945945945946,0,0.675675675676,0.216216216216,0.0540540540541,-83,-0.0623123123123,0.0045045045045,-4.48648648649,-8.3,-1.9696969697,-2.83027009681,0.0445543471108,0.0725857436384,-4.02475514029,-0.015470979308,0.00449697818119,-0.832706123461,0.0983247043939,0.100833916623,0.0138583901096,0.00894455886265,0.166666666667,0.0232947232947,0.0255464055065,0.166666666667,0.00396842578157,0.00520465099719,-2,-0.0002574002574,-0.326475228356,-0.0540540540541,-0.027027027027,0.027027027027,133,0,83,1116,0.615740740741,1,0,0.384259259259,1,0.615740740741,0.76217765043,0.757044573298,0.615740740741,0.615740740741,4,87,0,0,0,0
2599,WLNM_dir_neg,0.99739067248,0.960357889237,00:00:02,10,60,39,1236052763,threshold_sweep,0.7,1,0.0344827586207,0.0666666666667,3,0,84,174,0.0344827586207,1,0,0.965517241379,1,0.0344827586207,0.0666666666667,0.67816091954,0.662835249042,0.0454545454545,0.152498570333,0.0344827586207,216,129,87,0,216,0,129,0,87,37,216,0.162162162162,1.32432432432,11.6756756757,21.6,6,8.1990990496,0.702237650082,0.31006006006,10.329336629,1.76937710775,0.765265265265,3.0868314707,0.528762798222,0.252752752753,0.579945114934,0.437917739848,2,1.32432432432,0.579945114934,2,0.0121701261701,0.00597269624573,7,0.000900900900901,0.621196581197,37,37,37,1,0,0.72972972973,0.243243243243,0.027027027027,37,0.0968468468468,1.32882882883,6.97297297297,12.9,4.03125,5.2147572996,0.747852791027,0.38068300859,6.27880748418,1.80089827066,0.778126964173,2.36433713545,0.678143209394,0.381730567777,0.593803505044,0.446862298711,2.16666666667,1.34761904762,0.605491520441,2.16666666667,0.0140522875817,0.0047619047619,2,0.0002574002574,0.287181670301,37,35,35,0.945945945946,0,0.675675675676,0.189189189189,0.0810810810811,37,132,0.0990990990991,1.32882882883,7.13513513514,13.2,4.125,5.32375265601,0.746132001031,0.380630630631,6.29170768437,1.76358472971,0.771498771499,2.29177927651,0.642392675992,0.361998361998,0.593803505044,0.446862298711,2.16666666667,1.34761904762,0.605491520441,2.16666666667,0.0178892522318,0.0113636363636,5,0.000643500643501,0.296705479825,37,35,35,0.945945945946,0,0.675675675676,0.189189189189,0.0810810810811,-84,-0.0630630630631,0.0045045045045,-4.54054054054,-8.4,-1.875,-2.8753463936,0.0438943509494,0.0705705705706,-4.03762894463,-0.00579237803499,0.00623350623351,-0.795052194191,0.11362987777,0.109245609246,0.0138583901096,0.00894455886265,0.166666666667,0.0232947232947,0.0255464055065,0.166666666667,0.00571912606169,0.0053909401179,-2,-0.0002574002574,-0.324491101372,-0.0540540540541,-0.0540540540541,0.0540540540541,132,0,84,1116,0.611111111111,1,0,0.388888888889,1,0.611111111111,0.758620689655,0.753878858527,0.611111111111,0.611111111111,3,87,0,0,0,0
2600,WLNM_dir_neg,0.99739067248,0.960357889237,00:00:02,10,60,39,1236052763,threshold_sweep,0.8,1,0.0344827586207,0.0666666666667,3,0,84,174,0.0344827586207,1,0,0.965517241379,1,0.0344827586207,0.0666666666667,0.67816091954,0.662835249042,0.0454545454545,0.152498570333,0.0344827586207,216,129,87,0,216,0,129,0,87,37,216,0.162162162162,1.32432432432,11.6756756757,21.6,6,8.1990990496,0.702237650082,0.31006006006,10.329336629,1.76937710775,0.765265265265,3.0868314707,0.528762798222,0.252752752753,0.579945114934,0.437917739848,2,1.32432432432,0.579945114934,2,0.0121701261701,0.00597269624573,7,0.000900900900901,0.621196581197,37,37,37,1,0,0.72972972973,0.243243243243,0.027027027027,37,0.0968468468468,1.32882882883,6.97297297297,12.9,4.03125,5.2147572996,0.747852791027,0.38068300859,6.27880748418,1.80089827066,0.778126964173,2.36433713545,0.678143209394,0.381730567777,0.593803505044,0.446862298711,2.16666666667,1.34761904762,0.605491520441,2.16666666667,0.0140522875817,0.0047619047619,2,0.0002574002574,0.287181670301,37,35,35,0.945945945946,0,0.675675675676,0.189189189189,0.0810810810811,37,132,0.0990990990991,1.32882882883,7.13513513514,13.2,4.125,5.32375265601,0.746132001031,0.380630630631,6.29170768437,1.76358472971,0.771498771499,2.29177927651,0.642392675992,0.361998361998,0.593803505044,0.446862298711,2.16666666667,1.34761904762,0.605491520441,2.16666666667,0.0178892522318,0.0113636363636,5,0.000643500643501,0.296705479825,37,35,35,0.945945945946,0,0.675675675676,0.189189189189,0.0810810810811,-84,-0.0630630630631,0.0045045045045,-4.54054054054,-8.4,-1.875,-2.8753463936,0.0438943509494,0.0705705705706,-4.03762894463,-0.00579237803499,0.00623350623351,-0.795052194191,0.11362987777,0.109245609246,0.0138583901096,0.00894455886265,0.166666666667,0.0232947232947,0.0255464055065,0.166666666667,0.00571912606169,0.0053909401179,-2,-0.0002574002574,-0.324491101372,-0.0540540540541,-0.0540540540541,0.0540540540541,132,0,84,1116,0.611111111111,1,0,0.388888888889,1,0.611111111111,0.758620689655,0.753878858527,0.611111111111,0.611111111111,3,87,0,0,0,0
2601,WLNM_dir_neg,0.99739067248,0.960357889237,00:00:02,10,60,39,1236052763,threshold_sweep,0.9,1,0.0344827586207,0.0666666666667,3,0,84,174,0.0344827586207,1,0,0.965517241379,1,0.0344827586207,0.0666666666667,0.67816091954,0.662835249042,0.0454545454545,0.152498570333,0.0344827586207,216,129,87,0,216,0,129,0,87,37,216,0.162162162162,1.32432432432,11.6756756757,21.6,6,8.1990990496,0.702237650082,0.31006006006,10.329336629,1.76937710775,0.765265265265,3.0868314707,0.528762798222,0.252752752753,0.579945114934,0.437917739848,2,1.32432432432,0.579945114934,2,0.0121701261701,0.00597269624573,7,0.000900900900901,0.621196581197,37,37,37,1,0,0.72972972973,0.243243243243,0.027027027027,37,0.0968468468468,1.32882882883,6.97297297297,12.9,4.03125,5.2147572996,0.747852791027,0.38068300859,6.27880748418,1.80089827066,0.778126964173,2.36433713545,0.678143209394,0.381730567777,0.593803505044,0.446862298711,2.16666666667,1.34761904762,0.605491520441,2.16666666667,0.0140522875817,0.0047619047619,2,0.0002574002574,0.287181670301,37,35,35,0.945945945946,0,0.675675675676,0.189189189189,0.0810810810811,37,132,0.0990990990991,1.32882882883,7.13513513514,13.2,4.125,5.32375265601,0.746132001031,0.380630630631,6.29170768437,1.76358472971,0.771498771499,2.29177927651,0.642392675992,0.361998361998,0.593803505044,0.446862298711,2.16666666667,1.34761904762,0.605491520441,2.16666666667,0.0178892522318,0.0113636363636,5,0.000643500643501,0.296705479825,37,35,35,0.945945945946,0,0.675675675676,0.189189189189,0.0810810810811,-84,-0.0630630630631,0.0045045045045,-4.54054054054,-8.4,-1.875,-2.8753463936,0.0438943509494,0.0705705705706,-4.03762894463,-0.00579237803499,0.00623350623351,-0.795052194191,0.11362987777,0.109245609246,0.0138583901096,0.00894455886265,0.166666666667,0.0232947232947,0.0255464055065,0.166666666667,0.00571912606169,0.0053909401179,-2,-0.0002574002574,-0.324491101372,-0.0540540540541,-0.0540540540541,0.0540540540541,132,0,84,1116,0.611111111111,1,0,0.388888888889,1,0.611111111111,0.758620689655,0.753878858527,0.611111111111,0.611111111111,3,87,0,0,0,0
2602,WLNM_dir_neg,0.983716475096,0.886034661241,00:00:02,10,60,40,1236052764,threshold_sweep,0.1,0.857142857143,0.0689655172414,0.127659574468,6,1,81,173,0.0689655172414,0.994252873563,0.00574712643678,0.931034482759,0.857142857143,0.0689655172414,0.127659574468,0.685823754789,0.657726692209,0.0820895522388,0.184464079499,0.0632183908046,216,129,87,0,216,0,129,0,87,37,216,0.162162162162,1.32432432432,11.6756756757,21.6,6,8.1990990496,0.702237650082,0.31006006006,10.329336629,1.76937710775,0.765265265265,3.0868314707,0.528762798222,0.252752752753,0.579945114934,0.437917739848,2,1.32432432432,0.579945114934,2,0.0121701261701,0.00597269624573,7,0.000900900900901,0.621196581197,37,37,37,1,0,0.72972972973,0.243243243243,0.027027027027,37,0.0968468468468,1.31891891892,6.97297297297,12.9,3.79411764706,5.05242783492,0.724572984077,0.350932327677,6.23440998555,1.78816410438,0.776869893149,2.03608586402,0.583993619912,0.323905300649,0.56462270482,0.428095083573,2,1.31891891892,0.56462270482,2,0,0,0,0,0.247779296727,37,37,37,1,0,0.72972972973,0.189189189189,0.0810810810811,37,136,0.102102102102,1.32132132132,7.35135135135,13.6,3.88571428571,5.37078628744,0.730584899394,0.362678855326,6.33357040808,1.72310371396,0.763513513514,1.81129257183,0.492778126161,0.273449920509,0.571249793283,0.432332229917,2,1.32132132132,0.571249793283,2,0,0,0,0,0.261976827591,37,37,37,1,0,0.72972972973,0.216216216216,0.0540540540541,-80,-0.0600600600601,-0.003003003003,-4.32432432432,-8,-2.11428571429,-2.82831276217,0.0283472493124,0.0526187952659,-3.99576622092,-0.0462733937822,-0.00175175175175,-1.27553889887,-0.0359846720617,0.020697167756,-0.00869532165105,-0.00558550993171,0,-0.003003003003,-0.00869532165105,0,-0.0121701261701,-0.00597269624573,-7,-0.000900900900901,-0.359219753606,0,-0.027027027027,0.027027027027,135,1,81,1115,0.625,0.999103942652,0.00089605734767,0.375,0.992647058824,0.625,0.767045454545,0.759767749983,0.624103942652,0.622119815668,7,87,0,0,0,0
2603,WLNM_dir_neg,0.983716475096,0.886034661241,00:00:02,10,60,40,1236052764,threshold_sweep,0.2,0.857142857143,0.0689655172414,0.127659574468,6,1,81,173,0.0689655172414,0.994252873563,0.00574712643678,0.931034482759,0.857142857143,0.0689655172414,0.127659574468,0.685823754789,0.657726692209,0.0820895522388,0.184464079499,0.0632183908046,216,129,87,0,216,0,129,0,87,37,216,0.162162162162,1.32432432432,11.6756756757,21.6,6,8.1990990496,0.702237650082,0.31006006006,10.329336629,1.76937710775,0.765265265265,3.0868314707,0.528762798222,0.252752752753,0.579945114934,0.437917739848,2,1.32432432432,0.579945114934,2,0.0121701261701,0.00597269624573,7,0.000900900900901,0.621196581197,37,37,37,1,0,0.72972972973,0.243243243243,0.027027027027,37,0.0968468468468,1.31891891892,6.97297297297,12.9,3.79411764706,5.05242783492,0.724572984077,0.350932327677,6.23440998555,1.78816410438,0.776869893149,2.03608586402,0.583993619912,0.323905300649,0.56462270482,0.428095083573,2,1.31891891892,0.56462270482,2,0,0,0,0,0.247779296727,37,37,37,1,0,0.72972972973,0.189189189189,0.0810810810811,37,136,0.102102102102,1.32132132132,7.35135135135,13.6,3.88571428571,5.37078628744,0.730584899394,0.362678855326,6.33357040808,1.72310371396,0.763513513514,1.81129257183,0.492778126161,0.273449920509,0.571249793283,0.432332229917,2,1.32132132132,0.571249793283,2,0,0,0,0,0.261976827591,37,37,37,1,0,0.72972972973,0.216216216216,0.0540540540541,-80,-0.0600600600601,-0.003003003003,-4.32432432432,-8,-2.11428571429,-2.82831276217,0.0283472493124,0.0526187952659,-3.99576622092,-0.0462733937822,-0.00175175175175,-1.27553889887,-0.0359846720617,0.020697167756,-0.00869532165105,-0.00558550993171,0,-0.003003003003,-0.00869532165105,0,-0.0121701261701,-0.00597269624573,-7,-0.000900900900901,-0.359219753606,0,-0.027027027027,0.027027027027,135,1,81,1115,0.625,0.999103942652,0.00089605734767,0.375,0.992647058824,0.625,0.767045454545,0.759767749983,0.624103942652,0.622119815668,7,87,0,0,0,0
2604,WLNM_dir_neg,0.983716475096,0.886034661241,00:00:02,10,60,40,1236052764,threshold_sweep,0.3,0.857142857143,0.0689655172414,0.127659574468,6,1,81,173,0.0689655172414,0.994252873563,0.00574712643678,0.931034482759,0.857142857143,0.0689655172414,0.127659574468,0.685823754789,0.657726692209,0.0820895522388,0.184464079499,0.0632183908046,216,129,87,0,216,0,129,0,87,37,216,0.162162162162,1.32432432432,11.6756756757,21.6,6,8.1990990496,0.702237650082,0.31006006006,10.329336629,1.76937710775,0.765265265265,3.0868314707,0.528762798222,0.252752752753,0.579945114934,0.437917739848,2,1.32432432432,0.579945114934,2,0.0121701261701,0.00597269624573,7,0.000900900900901,0.621196581197,37,37,37,1,0,0.72972972973,0.243243243243,0.027027027027,37,0.0968468468468,1.31891891892,6.97297297297,12.9,3.79411764706,5.05242783492,0.724572984077,0.350932327677,6.23440998555,1.78816410438,0.776869893149,2.03608586402,0.583993619912,0.323905300649,0.56462270482,0.428095083573,2,1.31891891892,0.56462270482,2,0,0,0,0,0.247779296727,37,37,37,1,0,0.72972972973,0.189189189189,0.0810810810811,37,136,0.102102102102,1.32132132132,7.35135135135,13.6,3.88571428571,5.37078628744,0.730584899394,0.362678855326,6.33357040808,1.72310371396,0.763513513514,1.81129257183,0.492778126161,0.273449920509,0.571249793283,0.432332229917,2,1.32132132132,0.571249793283,2,0,0,0,0,0.261976827591,37,37,37,1,0,0.72972972973,0.216216216216,0.0540540540541,-80,-0.0600600600601,-0.003003003003,-4.32432432432,-8,-2.11428571429,-2.82831276217,0.0283472493124,0.0526187952659,-3.99576622092,-0.0462733937822,-0.00175175175175,-1.27553889887,-0.0359846720617,0.020697167756,-0.00869532165105,-0.00558550993171,0,-0.003003003003,-0.00869532165105,0,-0.0121701261701,-0.00597269624573,-7,-0.000900900900901,-0.359219753606,0,-0.027027027027,0.027027027027,135,1,81,1115,0.625,0.999103942652,0.00089605734767,0.375,0.992647058824,0.625,0.767045454545,0.759767749983,0.624103942652,0.622119815668,7,87,0,0,0,0
2605,WLNM_dir_neg,0.983716475096,0.886034661241,00:00:02,10,60,40,1236052764,threshold_sweep,0.4,0.857142857143,0.0689655172414,0.127659574468,6,1,81,173,0.0689655172414,0.994252873563,0.00574712643678,0.931034482759,0.857142857143,0.0689655172414,0.127659574468,0.685823754789,0.657726692209,0.0820895522388,0.184464079499,0.0632183908046,216,129,87,0,216,0,129,0,87,37,216,0.162162162162,1.32432432432,11.6756756757,21.6,6,8.1990990496,0.702237650082,0.31006006006,10.329336629,1.76937710775,0.765265265265,3.0868314707,0.528762798222,0.252752752753,0.579945114934,0.437917739848,2,1.32432432432,0.579945114934,2,0.0121701261701,0.00597269624573,7,0.000900900900901,0.621196581197,37,37,37,1,0,0.72972972973,0.243243243243,0.027027027027,37,0.0968468468468,1.31891891892,6.97297297297,12.9,3.79411764706,5.05242783492,0.724572984077,0.350932327677,6.23440998555,1.78816410438,0.776869893149,2.03608586402,0.583993619912,0.323905300649,0.56462270482,0.428095083573,2,1.31891891892,0.56462270482,2,0,0,0,0,0.247779296727,37,37,37,1,0,0.72972972973,0.189189189189,0.0810810810811,37,136,0.102102102102,1.32132132132,7.35135135135,13.6,3.88571428571,5.37078628744,0.730584899394,0.362678855326,6.33357040808,1.72310371396,0.763513513514,1.81129257183,0.492778126161,0.273449920509,0.571249793283,0.432332229917,2,1.32132132132,0.571249793283,2,0,0,0,0,0.261976827591,37,37,37,1,0,0.72972972973,0.216216216216,0.0540540540541,-80,-0.0600600600601,-0.003003003003,-4.32432432432,-8,-2.11428571429,-2.82831276217,0.0283472493124,0.0526187952659,-3.99576622092,-0.0462733937822,-0.00175175175175,-1.27553889887,-0.0359846720617,0.020697167756,-0.00869532165105,-0.00558550993171,0,-0.003003003003,-0.00869532165105,0,-0.0121701261701,-0.00597269624573,-7,-0.000900900900901,-0.359219753606,0,-0.027027027027,0.027027027027,135,1,81,1115,0.625,0.999103942652,0.00089605734767,0.375,0.992647058824,0.625,0.767045454545,0.759767749983,0.624103942652,0.622119815668,7,87,0,0,0,0
2606,WLNM_dir_neg,0.983716475096,0.886034661241,00:00:02,10,60,40,1236052764,threshold_sweep,0.5,0.857142857143,0.0689655172414,0.127659574468,6,1,81,173,0.0689655172414,0.994252873563,0.00574712643678,0.931034482759,0.857142857143,0.0689655172414,0.127659574468,0.685823754789,0.657726692209,0.0820895522388,0.184464079499,0.0632183908046,216,129,87,0,216,0,129,0,87,37,216,0.162162162162,1.32432432432,11.6756756757,21.6,6,8.1990990496,0.702237650082,0.31006006006,10.329336629,1.76937710775,0.765265265265,3.0868314707,0.528762798222,0.252752752753,0.579945114934,0.437917739848,2,1.32432432432,0.579945114934,2,0.0121701261701,0.00597269624573,7,0.000900900900901,0.621196581197,37,37,37,1,0,0.72972972973,0.243243243243,0.027027027027,37,0.0968468468468,1.31891891892,6.97297297297,12.9,3.79411764706,5.05242783492,0.724572984077,0.350932327677,6.23440998555,1.78816410438,0.776869893149,2.03608586402,0.583993619912,0.323905300649,0.56462270482,0.428095083573,2,1.31891891892,0.56462270482,2,0,0,0,0,0.247779296727,37,37,37,1,0,0.72972972973,0.189189189189,0.0810810810811,37,136,0.102102102102,1.32132132132,7.35135135135,13.6,3.88571428571,5.37078628744,0.730584899394,0.362678855326,6.33357040808,1.72310371396,0.763513513514,1.81129257183,0.492778126161,0.273449920509,0.571249793283,0.432332229917,2,1.32132132132,0.571249793283,2,0,0,0,0,0.261976827591,37,37,37,1,0,0.72972972973,0.216216216216,0.0540540540541,-80,-0.0600600600601,-0.003003003003,-4.32432432432,-8,-2.11428571429,-2.82831276217,0.0283472493124,0.0526187952659,-3.99576622092,-0.0462733937822,-0.00175175175175,-1.27553889887,-0.0359846720617,0.020697167756,-0.00869532165105,-0.00558550993171,0,-0.003003003003,-0.00869532165105,0,-0.0121701261701,-0.00597269624573,-7,-0.000900900900901,-0.359219753606,0,-0.027027027027,0.027027027027,135,1,81,1115,0.625,0.999103942652,0.00089605734767,0.375,0.992647058824,0.625,0.767045454545,0.759767749983,0.624103942652,0.622119815668,7,87,0,0,0,0
2607,WLNM_dir_neg,0.983716475096,0.886034661241,00:00:02,10,60,40,1236052764,threshold_sweep,0.6,0.857142857143,0.0689655172414,0.127659574468,6,1,81,173,0.0689655172414,0.994252873563,0.00574712643678,0.931034482759,0.857142857143,0.0689655172414,0.127659574468,0.685823754789,0.657726692209,0.0820895522388,0.184464079499,0.0632183908046,216,129,87,0,216,0,129,0,87,37,216,0.162162162162,1.32432432432,11.6756756757,21.6,6,8.1990990496,0.702237650082,0.31006006006,10.329336629,1.76937710775,0.765265265265,3.0868314707,0.528762798222,0.252752752753,0.579945114934,0.437917739848,2,1.32432432432,0.579945114934,2,0.0121701261701,0.00597269624573,7,0.000900900900901,0.621196581197,37,37,37,1,0,0.72972972973,0.243243243243,0.027027027027,37,0.0968468468468,1.31891891892,6.97297297297,12.9,3.79411764706,5.05242783492,0.724572984077,0.350932327677,6.23440998555,1.78816410438,0.776869893149,2.03608586402,0.583993619912,0.323905300649,0.56462270482,0.428095083573,2,1.31891891892,0.56462270482,2,0,0,0,0,0.247779296727,37,37,37,1,0,0.72972972973,0.189189189189,0.0810810810811,37,136,0.102102102102,1.32132132132,7.35135135135,13.6,3.88571428571,5.37078628744,0.730584899394,0.362678855326,6.33357040808,1.72310371396,0.763513513514,1.81129257183,0.492778126161,0.273449920509,0.571249793283,0.432332229917,2,1.32132132132,0.571249793283,2,0,0,0,0,0.261976827591,37,37,37,1,0,0.72972972973,0.216216216216,0.0540540540541,-80,-0.0600600600601,-0.003003003003,-4.32432432432,-8,-2.11428571429,-2.82831276217,0.0283472493124,0.0526187952659,-3.99576622092,-0.0462733937822,-0.00175175175175,-1.27553889887,-0.0359846720617,0.020697167756,-0.00869532165105,-0.00558550993171,0,-0.003003003003,-0.00869532165105,0,-0.0121701261701,-0.00597269624573,-7,-0.000900900900901,-0.359219753606,0,-0.027027027027,0.027027027027,135,1,81,1115,0.625,0.999103942652,0.00089605734767,0.375,0.992647058824,0.625,0.767045454545,0.759767749983,0.624103942652,0.622119815668,7,87,0,0,0,0
2608,WLNM_dir_neg,0.983716475096,0.886034661241,00:00:02,10,60,40,1236052764,threshold_sweep,0.7,0.5,0.0114942528736,0.0224719101124,1,1,86,173,0.0114942528736,0.994252873563,0.00574712643678,0.988505747126,0.5,0.0114942528736,0.0224719101124,0.666666666667,0.66411238825,0.00760456273764,0.0310684883001,0.00574712643678,216,129,87,0,216,0,129,0,87,37,216,0.162162162162,1.32432432432,11.6756756757,21.6,6,8.1990990496,0.702237650082,0.31006006006,10.329336629,1.76937710775,0.765265265265,3.0868314707,0.528762798222,0.252752752753,0.579945114934,0.437917739848,2,1.32432432432,0.579945114934,2,0.0121701261701,0.00597269624573,7,0.000900900900901,0.621196581197,37,37,37,1,0,0.72972972973,0.243243243243,0.027027027027,37,0.0968468468468,1.31891891892,6.97297297297,12.9,3.79411764706,5.05242783492,0.724572984077,0.350932327677,6.23440998555,1.78816410438,0.776869893149,2.03608586402,0.583993619912,0.323905300649,0.56462270482,0.428095083573,2,1.31891891892,0.56462270482,2,0,0,0,0,0.247779296727,37,37,37,1,0,0.72972972973,0.189189189189,0.0810810810811,37,131,0.0983483483483,1.31981981982,7.08108108108,13.1,3.74285714286,5.10108037782,0.720381580074,0.350732411801,6.25208673873,1.76585655979,0.772849185063,1.96630780052,0.555369378771,0.308644522385,0.567072809762,0.429659262004,2,1.31981981982,0.567072809762,2,0,0,0,0,0.249631148579,37,37,37,1,0,0.72972972973,0.216216216216,0.0540540540541,-85,-0.0638138138138,-0.0045045045045,-4.59459459459,-8.5,-2.25714285714,-3.09801867178,0.0181439299925,0.0406723517411,-4.07724989027,-0.00352054795169,0.00758391979766,-1.12052367019,0.026606580549,0.0558917696322,-0.0128723051723,-0.00825847784436,0,-0.0045045045045,-0.0128723051723,0,-0.0121701261701,-0.00597269624573,-7,-0.000900900900901,-0.371565432618,0,-0.027027027027,0.027027027027,130,1,86,1115,0.601851851852,0.999103942652,0.00089605734767,0.398148148148,0.992366412214,0.601851851852,0.749279538905,0.743865382725,0.600955794504,0.599078341014,2,87,0,0,0,0
2609,WLNM_dir_neg,0.983716475096,0.886034661241,00:00:02,10,60,40,1236052764,threshold_sweep,0.8,0.5,0.0114942528736,0.0224719101124,1,1,86,173,0.0114942528736,0.994252873563,0.00574712643678,0.988505747126,0.5,0.0114942528736,0.0224719101124,0.666666666667,0.66411238825,0.00760456273764,0.0310684883001,0.00574712643678,216,129,87,0,216,0,129,0,87,37,216,0.162162162162,1.32432432432,11.6756756757,21.6,6,8.1990990496,0.702237650082,0.31006006006,10.329336629,1.76937710775,0.765265265265,3.0868314707,0.528762798222,0.252752752753,0.579945114934,0.437917739848,2,1.32432432432,0.579945114934,2,0.0121701261701,0.00597269624573,7,0.000900900900901,0.621196581197,37,37,37,1,0,0.72972972973,0.243243243243,0.027027027027,37,0.0968468468468,1.31891891892,6.97297297297,12.9,3.79411764706,5.05242783492,0.724572984077,0.350932327677,6.23440998555,1.78816410438,0.776869893149,2.03608586402,0.583993619912,0.323905300649,0.56462270482,0.428095083573,2,1.31891891892,0.56462270482,2,0,0,0,0,0.247779296727,37,37,37,1,0,0.72972972973,0.189189189189,0.0810810810811,37,131,0.0983483483483,1.31981981982,7.08108108108,13.1,3.74285714286,5.10108037782,0.720381580074,0.350732411801,6.25208673873,1.76585655979,0.772849185063,1.96630780052,0.555369378771,0.308644522385,0.567072809762,0.429659262004,2,1.31981981982,0.567072809762,2,0,0,0,0,0.249631148579,37,37,37,1,0,0.72972972973,0.216216216216,0.0540540540541,-85,-0.0638138138138,-0.0045045045045,-4.59459459459,-8.5,-2.25714285714,-3.09801867178,0.0181439299925,0.0406723517411,-4.07724989027,-0.00352054795169,0.00758391979766,-1.12052367019,0.026606580549,0.0558917696322,-0.0128723051723,-0.00825847784436,0,-0.0045045045045,-0.0128723051723,0,-0.0121701261701,-0.00597269624573,-7,-0.000900900900901,-0.371565432618,0,-0.027027027027,0.027027027027,130,1,86,1115,0.601851851852,0.999103942652,0.00089605734767,0.398148148148,0.992366412214,0.601851851852,0.749279538905,0.743865382725,0.600955794504,0.599078341014,2,87,0,0,0,0
2610,WLNM_dir_neg,0.983716475096,0.886034661241,00:00:02,10,60,40,1236052764,threshold_sweep,0.9,0.5,0.0114942528736,0.0224719101124,1,1,86,173,0.0114942528736,0.994252873563,0.00574712643678,0.988505747126,0.5,0.0114942528736,0.0224719101124,0.666666666667,0.66411238825,0.00760456273764,0.0310684883001,0.00574712643678,216,129,87,0,216,0,129,0,87,37,216,0.162162162162,1.32432432432,11.6756756757,21.6,6,8.1990990496,0.702237650082,0.31006006006,10.329336629,1.76937710775,0.765265265265,3.0868314707,0.528762798222,0.252752752753,0.579945114934,0.437917739848,2,1.32432432432,0.579945114934,2,0.0121701261701,0.00597269624573,7,0.000900900900901,0.621196581197,37,37,37,1,0,0.72972972973,0.243243243243,0.027027027027,37,0.0968468468468,1.31891891892,6.97297297297,12.9,3.79411764706,5.05242783492,0.724572984077,0.350932327677,6.23440998555,1.78816410438,0.776869893149,2.03608586402,0.583993619912,0.323905300649,0.56462270482,0.428095083573,2,1.31891891892,0.56462270482,2,0,0,0,0,0.247779296727,37,37,37,1,0,0.72972972973,0.189189189189,0.0810810810811,37,131,0.0983483483483,1.31981981982,7.08108108108,13.1,3.74285714286,5.10108037782,0.720381580074,0.350732411801,6.25208673873,1.76585655979,0.772849185063,1.96630780052,0.555369378771,0.308644522385,0.567072809762,0.429659262004,2,1.31981981982,0.567072809762,2,0,0,0,0,0.249631148579,37,37,37,1,0,0.72972972973,0.216216216216,0.0540540540541,-85,-0.0638138138138,-0.0045045045045,-4.59459459459,-8.5,-2.25714285714,-3.09801867178,0.0181439299925,0.0406723517411,-4.07724989027,-0.00352054795169,0.00758391979766,-1.12052367019,0.026606580549,0.0558917696322,-0.0128723051723,-0.00825847784436,0,-0.0045045045045,-0.0128723051723,0,-0.0121701261701,-0.00597269624573,-7,-0.000900900900901,-0.371565432618,0,-0.027027027027,0.027027027027,130,1,86,1115,0.601851851852,0.999103942652,0.00089605734767,0.398148148148,0.992366412214,0.601851851852,0.749279538905,0.743865382725,0.600955794504,0.599078341014,2,87,0,0,0,0
2611,WLNM_dir_neg,0.984542211653,0.959584723767,00:00:02,10,60,41,1236052765,threshold_sweep,0.1,1,0.0114942528736,0.0227272727273,1,0,86,174,0.0114942528736,1,0,0.988505747126,1,0.0114942528736,0.0227272727273,0.670498084291,0.665389527458,0.0152671755725,0.0877058019307,0.0114942528736,216,129,87,0,216,0,129,0,87,37,216,0.162162162162,1.32432432432,11.6756756757,21.6,6,8.1990990496,0.702237650082,0.31006006006,10.329336629,1.76937710775,0.765265265265,3.0868314707,0.528762798222,0.252752752753,0.579945114934,0.437917739848,2,1.32432432432,0.579945114934,2,0.0121701261701,0.00597269624573,7,0.000900900900901,0.621196581197,37,37,37,1,0,0.72972972973,0.243243243243,0.027027027027,37,0.0968468468468,1.32432432432,6.97297297297,12.9,4.3,5.19340653824,0.744790860136,0.358055730149,6.3841018755,1.83109898755,0.785250366646,2.19369831844,0.629200292885,0.344018437042,0.579945114934,0.437917739848,2,1.34285714286,0.591252764842,2,0,0,0,0,0.264625786029,37,35,35,0.945945945946,0,0.675675675676,0.135135135135,0.135135135135,37,130,0.0975975975976,1.32432432432,7.02702702703,13,4.33333333333,5.22539996601,0.743614610548,0.357588357588,6.38845148,1.81825157508,0.783367983368,2.16822535757,0.617110294077,0.337214137214,0.579945114934,0.437917739848,2,1.34285714286,0.591252764842,2,0,0,0,0,0.269070230473,37,35,35,0.945945945946,0,0.675675675676,0.135135135135,0.135135135135,-86,-0.0645645645646,0,-4.64864864865,-8.6,-1.66666666667,-2.97369908359,0.0413769604661,0.0475282975283,-3.940885149,0.0488744673316,0.0181027181027,-0.918606113136,0.0883474958546,0.0844613844614,0,0,0,0.0185328185328,0.0113076499071,0,-0.0121701261701,-0.00597269624573,-7,-0.000900900900901,-0.352126350724,-0.0540540540541,-0.108108108108,0.108108108108,130,0,86,1116,0.601851851852,1,0,0.398148148148,1,0.601851851852,0.751445086705,0.747523179606,0.601851851852,0.601851851852,1,87,0,0,0,0
2612,WLNM_dir_neg,0.984542211653,0.959584723767,00:00:02,10,60,41,1236052765,threshold_sweep,0.2,1,0.0114942528736,0.0227272727273,1,0,86,174,0.0114942528736,1,0,0.988505747126,1,0.0114942528736,0.0227272727273,0.670498084291,0.665389527458,0.0152671755725,0.0877058019307,0.0114942528736,216,129,87,0,216,0,129,0,87,37,216,0.162162162162,1.32432432432,11.6756756757,21.6,6,8.1990990496,0.702237650082,0.31006006006,10.329336629,1.76937710775,0.765265265265,3.0868314707,0.528762798222,0.252752752753,0.579945114934,0.437917739848,2,1.32432432432,0.579945114934,2,0.0121701261701,0.00597269624573,7,0.000900900900901,0.621196581197,37,37,37,1,0,0.72972972973,0.243243243243,0.027027027027,37,0.0968468468468,1.32432432432,6.97297297297,12.9,4.3,5.19340653824,0.744790860136,0.358055730149,6.3841018755,1.83109898755,0.785250366646,2.19369831844,0.629200292885,0.344018437042,0.579945114934,0.437917739848,2,1.34285714286,0.591252764842,2,0,0,0,0,0.264625786029,37,35,35,0.945945945946,0,0.675675675676,0.135135135135,0.135135135135,37,130,0.0975975975976,1.32432432432,7.02702702703,13,4.33333333333,5.22539996601,0.743614610548,0.357588357588,6.38845148,1.81825157508,0.783367983368,2.16822535757,0.617110294077,0.337214137214,0.579945114934,0.437917739848,2,1.34285714286,0.591252764842,2,0,0,0,0,0.269070230473,37,35,35,0.945945945946,0,0.675675675676,0.135135135135,0.135135135135,-86,-0.0645645645646,0,-4.64864864865,-8.6,-1.66666666667,-2.97369908359,0.0413769604661,0.0475282975283,-3.940885149,0.0488744673316,0.0181027181027,-0.918606113136,0.0883474958546,0.0844613844614,0,0,0,0.0185328185328,0.0113076499071,0,-0.0121701261701,-0.00597269624573,-7,-0.000900900900901,-0.352126350724,-0.0540540540541,-0.108108108108,0.108108108108,130,0,86,1116,0.601851851852,1,0,0.398148148148,1,0.601851851852,0.751445086705,0.747523179606,0.601851851852,0.601851851852,1,87,0,0,0,0
2613,WLNM_dir_neg,0.984542211653,0.959584723767,00:00:02,10,60,41,1236052765,threshold_sweep,0.3,1,0.0114942528736,0.0227272727273,1,0,86,174,0.0114942528736,1,0,0.988505747126,1,0.0114942528736,0.0227272727273,0.670498084291,0.665389527458,0.0152671755725,0.0877058019307,0.0114942528736,216,129,87,0,216,0,129,0,87,37,216,0.162162162162,1.32432432432,11.6756756757,21.6,6,8.1990990496,0.702237650082,0.31006006006,10.329336629,1.76937710775,0.765265265265,3.0868314707,0.528762798222,0.252752752753,0.579945114934,0.437917739848,2,1.32432432432,0.579945114934,2,0.0121701261701,0.00597269624573,7,0.000900900900901,0.621196581197,37,37,37,1,0,0.72972972973,0.243243243243,0.027027027027,37,0.0968468468468,1.32432432432,6.97297297297,12.9,4.3,5.19340653824,0.744790860136,0.358055730149,6.3841018755,1.83109898755,0.785250366646,2.19369831844,0.629200292885,0.344018437042,0.579945114934,0.437917739848,2,1.34285714286,0.591252764842,2,0,0,0,0,0.264625786029,37,35,35,0.945945945946,0,0.675675675676,0.135135135135,0.135135135135,37,130,0.0975975975976,1.32432432432,7.02702702703,13,4.33333333333,5.22539996601,0.743614610548,0.357588357588,6.38845148,1.81825157508,0.783367983368,2.16822535757,0.617110294077,0.337214137214,0.579945114934,0.437917739848,2,1.34285714286,0.591252764842,2,0,0,0,0,0.269070230473,37,35,35,0.945945945946,0,0.675675675676,0.135135135135,0.135135135135,-86,-0.0645645645646,0,-4.64864864865,-8.6,-1.66666666667,-2.97369908359,0.0413769604661,0.0475282975283,-3.940885149,0.0488744673316,0.0181027181027,-0.918606113136,0.0883474958546,0.0844613844614,0,0,0,0.0185328185328,0.0113076499071,0,-0.0121701261701,-0.00597269624573,-7,-0.000900900900901,-0.352126350724,-0.0540540540541,-0.108108108108,0.108108108108,130,0,86,1116,0.601851851852,1,0,0.398148148148,1,0.601851851852,0.751445086705,0.747523179606,0.601851851852,0.601851851852,1,87,0,0,0,0
2614,WLNM_dir_neg,0.984542211653,0.959584723767,00:00:02,10,60,41,1236052765,threshold_sweep,0.4,0,0,0,0,0,87,174,0,1,0,1,0,0,0,0.666666666667,0.666666666667,0,0,0,216,129,87,0,216,0,129,0,87,37,216,0.162162162162,1.32432432432,11.6756756757,21.6,6,8.1990990496,0.702237650082,0.31006006006,10.329336629,1.76937710775,0.765265265265,3.0868314707,0.528762798222,0.252752752753,0.579945114934,0.437917739848,2,1.32432432432,0.579945114934,2,0.0121701261701,0.00597269624573,7,0.000900900900901,0.621196581197,37,37,37,1,0,0.72972972973,0.243243243243,0.027027027027,37,0.0968468468468,1.32432432432,6.97297297297,12.9,4.3,5.19340653824,0.744790860136,0.358055730149,6.3841018755,1.83109898755,0.785250366646,2.19369831844,0.629200292885,0.344018437042,0.579945114934,0.437917739848,2,1.34285714286,0.591252764842,2,0,0,0,0,0.264625786029,37,35,35,0.945945945946,0,0.675675675676,0.135135135135,0.135135135135,37,129,0.0968468468468,1.32432432432,6.97297297297,12.9,4.3,5.19340653824,0.744790860136,0.358055730149,6.3841018755,1.83109898755,0.785250366646,2.19369831844,0.629200292885,0.344018437042,0.579945114934,0.437917739848,2,1.34285714286,0.591252764842,2,0,0,0,0,0.264625786029,37,35,35,0.945945945946,0,0.675675675676,0.135135135135,0.135135135135,-87,-0.0653153153153,0,-4.7027027027,-8.7,-1.7,-3.00569251136,0.0425532100538,0.0479956700887,-3.9452347535,0.0617218798011,0.0199851013805,-0.893133152267,0.100437494663,0.0912656842889,0,0,0,0.0185328185328,0.0113076499071,0,-0.0121701261701,-0.00597269624573,-7,-0.000900900900901,-0.356570795168,-0.0540540540541,-0.108108108108,0.108108108108,129,0,87,1116,0.597222222222,1,0,0.402777777778,1,0.597222222222,0.747826086957,0.744332981734,0.597222222222,0.597222222222,0,87,0,0,0,0
2615,WLNM_dir_neg,0.984542211653,0.959584723767,00:00:02,10,60,41,1236052765,threshold_sweep,0.5,0,0,0,0,0,87,174,0,1,0,1,0,0,0,0.666666666667,0.666666666667,0,0,0,216,129,87,0,216,0,129,0,87,37,216,0.162162162162,1.32432432432,11.6756756757,21.6,6,8.1990990496,0.702237650082,0.31006006006,10.329336629,1.76937710775,0.765265265265,3.0868314707,0.528762798222,0.252752752753,0.579945114934,0.437917739848,2,1.32432432432,0.579945114934,2,0.0121701261701,0.00597269624573,7,0.000900900900901,0.621196581197,37,37,37,1,0,0.72972972973,0.243243243243,0.027027027027,37,0.0968468468468,1.32432432432,6.97297297297,12.9,4.3,5.19340653824,0.744790860136,0.358055730149,6.3841018755,1.83109898755,0.785250366646,2.19369831844,0.629200292885,0.344018437042,0.579945114934,0.437917739848,2,1.34285714286,0.591252764842,2,0,0,0,0,0.264625786029,37,35,35,0.945945945946,0,0.675675675676,0.135135135135,0.135135135135,37,129,0.0968468468468,1.32432432432,6.97297297297,12.9,4.3,5.19340653824,0.744790860136,0.358055730149,6.3841018755,1.83109898755,0.785250366646,2.19369831844,0.629200292885,0.344018437042,0.579945114934,0.437917739848,2,1.34285714286,0.591252764842,2,0,0,0,0,0.264625786029,37,35,35,0.945945945946,0,0.675675675676,0.135135135135,0.135135135135,-87,-0.0653153153153,0,-4.7027027027,-8.7,-1.7,-3.00569251136,0.0425532100538,0.0479956700887,-3.9452347535,0.0617218798011,0.0199851013805,-0.893133152267,0.100437494663,0.0912656842889,0,0,0,0.0185328185328,0.0113076499071,0,-0.0121701261701,-0.00597269624573,-7,-0.000900900900901,-0.356570795168,-0.0540540540541,-0.108108108108,0.108108108108,129,0,87,1116,0.597222222222,1,0,0.402777777778,1,0.597222222222,0.747826086957,0.744332981734,0.597222222222,0.597222222222,0,87,0,0,0,0
2616,WLNM_dir_neg,0.984542211653,0.959584723767,00:00:02,10,60,41,1236052765,threshold_sweep,0.6,0,0,0,0,0,87,174,0,1,0,1,0,0,0,0.666666666667,0.666666666667,0,0,0,216,129,87,0,216,0,129,0,87,37,216,0.162162162162,1.32432432432,11.6756756757,21.6,6,8.1990990496,0.702237650082,0.31006006006,10.329336629,1.76937710775,0.765265265265,3.0868314707,0.528762798222,0.252752752753,0.579945114934,0.437917739848,2,1.32432432432,0.579945114934,2,0.0121701261701,0.00597269624573,7,0.000900900900901,0.621196581197,37,37,37,1,0,0.72972972973,0.243243243243,0.027027027027,37,0.0968468468468,1.32432432432,6.97297297297,12.9,4.3,5.19340653824,0.744790860136,0.358055730149,6.3841018755,1.83109898755,0.785250366646,2.19369831844,0.629200292885,0.344018437042,0.579945114934,0.437917739848,2,1.34285714286,0.591252764842,2,0,0,0,0,0.264625786029,37,35,35,0.945945945946,0,0.675675675676,0.135135135135,0.135135135135,37,129,0.0968468468468,1.32432432432,6.97297297297,12.9,4.3,5.19340653824,0.744790860136,0.358055730149,6.3841018755,1.83109898755,0.785250366646,2.19369831844,0.629200292885,0.344018437042,0.579945114934,0.437917739848,2,1.34285714286,0.591252764842,2,0,0,0,0,0.264625786029,37,35,35,0.945945945946,0,0.675675675676,0.135135135135,0.135135135135,-87,-0.0653153153153,0,-4.7027027027,-8.7,-1.7,-3.00569251136,0.0425532100538,0.0479956700887,-3.9452347535,0.0617218798011,0.0199851013805,-0.893133152267,0.100437494663,0.0912656842889,0,0,0,0.0185328185328,0.0113076499071,0,-0.0121701261701,-0.00597269624573,-7,-0.000900900900901,-0.356570795168,-0.0540540540541,-0.108108108108,0.108108108108,129,0,87,1116,0.597222222222,1,0,0.402777777778,1,0.597222222222,0.747826086957,0.744332981734,0.597222222222,0.597222222222,0,87,0,0,0,0
2617,WLNM_dir_neg,0.984542211653,0.959584723767,00:00:02,10,60,41,1236052765,threshold_sweep,0.7,0,0,0,0,0,87,174,0,1,0,1,0,0,0,0.666666666667,0.666666666667,0,0,0,216,129,87,0,216,0,129,0,87,37,216,0.162162162162,1.32432432432,11.6756756757,21.6,6,8.1990990496,0.702237650082,0.31006006006,10.329336629,1.76937710775,0.765265265265,3.0868314707,0.528762798222,0.252752752753,0.579945114934,0.437917739848,2,1.32432432432,0.579945114934,2,0.0121701261701,0.00597269624573,7,0.000900900900901,0.621196581197,37,37,37,1,0,0.72972972973,0.243243243243,0.027027027027,37,0.0968468468468,1.32432432432,6.97297297297,12.9,4.3,5.19340653824,0.744790860136,0.358055730149,6.3841018755,1.83109898755,0.785250366646,2.19369831844,0.629200292885,0.344018437042,0.579945114934,0.437917739848,2,1.34285714286,0.591252764842,2,0,0,0,0,0.264625786029,37,35,35,0.945945945946,0,0.675675675676,0.135135135135,0.135135135135,37,129,0.0968468468468,1.32432432432,6.97297297297,12.9,4.3,5.19340653824,0.744790860136,0.358055730149,6.3841018755,1.83109898755,0.785250366646,2.19369831844,0.629200292885,0.344018437042,0.579945114934,0.437917739848,2,1.34285714286,0.591252764842,2,0,0,0,0,0.264625786029,37,35,35,0.945945945946,0,0.675675675676,0.135135135135,0.135135135135,-87,-0.0653153153153,0,-4.7027027027,-8.7,-1.7,-3.00569251136,0.0425532100538,0.0479956700887,-3.9452347535,0.0617218798011,0.0199851013805,-0.893133152267,0.100437494663,0.0912656842889,0,0,0,0.0185328185328,0.0113076499071,0,-0.0121701261701,-0.00597269624573,-7,-0.000900900900901,-0.356570795168,-0.0540540540541,-0.108108108108,0.108108108108,129,0,87,1116,0.597222222222,1,0,0.402777777778,1,0.597222222222,0.747826086957,0.744332981734,0.597222222222,0.597222222222,0,87,0,0,0,0
2618,WLNM_dir_neg,0.984542211653,0.959584723767,00:00:02,10,60,41,1236052765,threshold_sweep,0.8,0,0,0,0,0,87,174,0,1,0,1,0,0,0,0.666666666667,0.666666666667,0,0,0,216,129,87,0,216,0,129,0,87,37,216,0.162162162162,1.32432432432,11.6756756757,21.6,6,8.1990990496,0.702237650082,0.31006006006,10.329336629,1.76937710775,0.765265265265,3.0868314707,0.528762798222,0.252752752753,0.579945114934,0.437917739848,2,1.32432432432,0.579945114934,2,0.0121701261701,0.00597269624573,7,0.000900900900901,0.621196581197,37,37,37,1,0,0.72972972973,0.243243243243,0.027027027027,37,0.0968468468468,1.32432432432,6.97297297297,12.9,4.3,5.19340653824,0.744790860136,0.358055730149,6.3841018755,1.83109898755,0.785250366646,2.19369831844,0.629200292885,0.344018437042,0.579945114934,0.437917739848,2,1.34285714286,0.591252764842,2,0,0,0,0,0.264625786029,37,35,35,0.945945945946,0,0.675675675676,0.135135135135,0.135135135135,37,129,0.0968468468468,1.32432432432,6.97297297297,12.9,4.3,5.19340653824,0.744790860136,0.358055730149,6.3841018755,1.83109898755,0.785250366646,2.19369831844,0.629200292885,0.344018437042,0.579945114934,0.437917739848,2,1.34285714286,0.591252764842,2,0,0,0,0,0.264625786029,37,35,35,0.945945945946,0,0.675675675676,0.135135135135,0.135135135135,-87,-0.0653153153153,0,-4.7027027027,-8.7,-1.7,-3.00569251136,0.0425532100538,0.0479956700887,-3.9452347535,0.0617218798011,0.0199851013805,-0.893133152267,0.100437494663,0.0912656842889,0,0,0,0.0185328185328,0.0113076499071,0,-0.0121701261701,-0.00597269624573,-7,-0.000900900900901,-0.356570795168,-0.0540540540541,-0.108108108108,0.108108108108,129,0,87,1116,0.597222222222,1,0,0.402777777778,1,0.597222222222,0.747826086957,0.744332981734,0.597222222222,0.597222222222,0,87,0,0,0,0
2619,WLNM_dir_neg,0.984542211653,0.959584723767,00:00:02,10,60,41,1236052765,threshold_sweep,0.9,0,0,0,0,0,87,174,0,1,0,1,0,0,0,0.666666666667,0.666666666667,0,0,0,216,129,87,0,216,0,129,0,87,37,216,0.162162162162,1.32432432432,11.6756756757,21.6,6,8.1990990496,0.702237650082,0.31006006006,10.329336629,1.76937710775,0.765265265265,3.0868314707,0.528762798222,0.252752752753,0.579945114934,0.437917739848,2,1.32432432432,0.579945114934,2,0.0121701261701,0.00597269624573,7,0.000900900900901,0.621196581197,37,37,37,1,0,0.72972972973,0.243243243243,0.027027027027,37,0.0968468468468,1.32432432432,6.97297297297,12.9,4.3,5.19340653824,0.744790860136,0.358055730149,6.3841018755,1.83109898755,0.785250366646,2.19369831844,0.629200292885,0.344018437042,0.579945114934,0.437917739848,2,1.34285714286,0.591252764842,2,0,0,0,0,0.264625786029,37,35,35,0.945945945946,0,0.675675675676,0.135135135135,0.135135135135,37,129,0.0968468468468,1.32432432432,6.97297297297,12.9,4.3,5.19340653824,0.744790860136,0.358055730149,6.3841018755,1.83109898755,0.785250366646,2.19369831844,0.629200292885,0.344018437042,0.579945114934,0.437917739848,2,1.34285714286,0.591252764842,2,0,0,0,0,0.264625786029,37,35,35,0.945945945946,0,0.675675675676,0.135135135135,0.135135135135,-87,-0.0653153153153,0,-4.7027027027,-8.7,-1.7,-3.00569251136,0.0425532100538,0.0479956700887,-3.9452347535,0.0617218798011,0.0199851013805,-0.893133152267,0.100437494663,0.0912656842889,0,0,0,0.0185328185328,0.0113076499071,0,-0.0121701261701,-0.00597269624573,-7,-0.000900900900901,-0.356570795168,-0.0540540540541,-0.108108108108,0.108108108108,129,0,87,1116,0.597222222222,1,0,0.402777777778,1,0.597222222222,0.747826086957,0.744332981734,0.597222222222,0.597222222222,0,87,0,0,0,0
2620,WLNM_dir_neg,0.986788215088,0.952023988006,00:00:03,10,60,42,1236052766,threshold_sweep,0.1,1,0.0804597701149,0.148936170213,7,0,80,174,0.0804597701149,1,0,0.919540229885,1,0.0804597701149,0.148936170213,0.693486590038,0.657726692209,0.10447761194,0.234772464817,0.0804597701149,216,129,87,0,216,0,129,0,87,37,216,0.162162162162,1.32432432432,11.6756756757,21.6,6,8.1990990496,0.702237650082,0.31006006006,10.329336629,1.76937710775,0.765265265265,3.0868314707,0.528762798222,0.252752752753,0.579945114934,0.437917739848,2,1.32432432432,0.579945114934,2,0.0121701261701,0.00597269624573,7,0.000900900900901,0.621196581197,37,37,37,1,0,0.72972972973,0.243243243243,0.027027027027,37,0.0968468468468,1.32882882883,6.97297297297,12.9,3.90909090909,5.18269817377,0.743255164455,0.367064739158,6.26552126776,1.7970874954,0.780222082548,2.15537598707,0.618208616447,0.346113555416,0.593803505044,0.446862298711,2.16666666667,1.34761904762,0.605491520441,2.16666666667,0.00990097793503,0.00478468899522,2,0.0002574002574,0.259953646376,37,35,35,0.945945945946,0,0.675675675676,0.216216216216,0.0540540540541,37,136,0.102102102102,1.32432432432,7.35135135135,13.6,3.88571428571,5.41713442194,0.736889608867,0.372615262321,6.36856016369,1.73262298571,0.766693163752,1.9300842534,0.525096451293,0.294117647059,0.579945114934,0.437917739848,2,1.33333333333,0.585540043769,2,0.0131686007736,0.0150862068966,7,0.000900900900901,0.269953646376,37,36,36,0.972972972973,0,0.702702702703,0.243243243243,0.027027027027,-80,-0.0600600600601,0,-4.32432432432,-8,-2.11428571429,-2.78196462767,0.0346519587847,0.0625552022611,-3.96077646531,-0.0367541220351,0.00142789848672,-1.1567472173,-0.00366634692961,0.0413648943061,0,0,0,0.00900900900901,0.00559492883467,0,0.000998474603517,0.00911351065082,0,0,-0.35124293482,-0.027027027027,0,0,136,0,80,1116,0.62962962963,1,0,0.37037037037,1,0.62962962963,0.772727272727,0.766494576197,0.62962962963,0.62962962963,7,87,0,0,0,0
2621,WLNM_dir_neg,0.986788215088,0.952023988006,00:00:03,10,60,42,1236052766,threshold_sweep,0.2,1,0.0804597701149,0.148936170213,7,0,80,174,0.0804597701149,1,0,0.919540229885,1,0.0804597701149,0.148936170213,0.693486590038,0.657726692209,0.10447761194,0.234772464817,0.0804597701149,216,129,87,0,216,0,129,0,87,37,216,0.162162162162,1.32432432432,11.6756756757,21.6,6,8.1990990496,0.702237650082,0.31006006006,10.329336629,1.76937710775,0.765265265265,3.0868314707,0.528762798222,0.252752752753,0.579945114934,0.437917739848,2,1.32432432432,0.579945114934,2,0.0121701261701,0.00597269624573,7,0.000900900900901,0.621196581197,37,37,37,1,0,0.72972972973,0.243243243243,0.027027027027,37,0.0968468468468,1.32882882883,6.97297297297,12.9,3.90909090909,5.18269817377,0.743255164455,0.367064739158,6.26552126776,1.7970874954,0.780222082548,2.15537598707,0.618208616447,0.346113555416,0.593803505044,0.446862298711,2.16666666667,1.34761904762,0.605491520441,2.16666666667,0.00990097793503,0.00478468899522,2,0.0002574002574,0.259953646376,37,35,35,0.945945945946,0,0.675675675676,0.216216216216,0.0540540540541,37,136,0.102102102102,1.32432432432,7.35135135135,13.6,3.88571428571,5.41713442194,0.736889608867,0.372615262321,6.36856016369,1.73262298571,0.766693163752,1.9300842534,0.525096451293,0.294117647059,0.579945114934,0.437917739848,2,1.33333333333,0.585540043769,2,0.0131686007736,0.0150862068966,7,0.000900900900901,0.269953646376,37,36,36,0.972972972973,0,0.702702702703,0.243243243243,0.027027027027,-80,-0.0600600600601,0,-4.32432432432,-8,-2.11428571429,-2.78196462767,0.0346519587847,0.0625552022611,-3.96077646531,-0.0367541220351,0.00142789848672,-1.1567472173,-0.00366634692961,0.0413648943061,0,0,0,0.00900900900901,0.00559492883467,0,0.000998474603517,0.00911351065082,0,0,-0.35124293482,-0.027027027027,0,0,136,0,80,1116,0.62962962963,1,0,0.37037037037,1,0.62962962963,0.772727272727,0.766494576197,0.62962962963,0.62962962963,7,87,0,0,0,0
2622,WLNM_dir_neg,0.986788215088,0.952023988006,00:00:03,10,60,42,1236052766,threshold_sweep,0.3,1,0.0804597701149,0.148936170213,7,0,80,174,0.0804597701149,1,0,0.919540229885,1,0.0804597701149,0.148936170213,0.693486590038,0.657726692209,0.10447761194,0.234772464817,0.0804597701149,216,129,87,0,216,0,129,0,87,37,216,0.162162162162,1.32432432432,11.6756756757,21.6,6,8.1990990496,0.702237650082,0.31006006006,10.329336629,1.76937710775,0.765265265265,3.0868314707,0.528762798222,0.252752752753,0.579945114934,0.437917739848,2,1.32432432432,0.579945114934,2,0.0121701261701,0.00597269624573,7,0.000900900900901,0.621196581197,37,37,37,1,0,0.72972972973,0.243243243243,0.027027027027,37,0.0968468468468,1.32882882883,6.97297297297,12.9,3.90909090909,5.18269817377,0.743255164455,0.367064739158,6.26552126776,1.7970874954,0.780222082548,2.15537598707,0.618208616447,0.346113555416,0.593803505044,0.446862298711,2.16666666667,1.34761904762,0.605491520441,2.16666666667,0.00990097793503,0.00478468899522,2,0.0002574002574,0.259953646376,37,35,35,0.945945945946,0,0.675675675676,0.216216216216,0.0540540540541,37,136,0.102102102102,1.32432432432,7.35135135135,13.6,3.88571428571,5.41713442194,0.736889608867,0.372615262321,6.36856016369,1.73262298571,0.766693163752,1.9300842534,0.525096451293,0.294117647059,0.579945114934,0.437917739848,2,1.33333333333,0.585540043769,2,0.0131686007736,0.0150862068966,7,0.000900900900901,0.269953646376,37,36,36,0.972972972973,0,0.702702702703,0.243243243243,0.027027027027,-80,-0.0600600600601,0,-4.32432432432,-8,-2.11428571429,-2.78196462767,0.0346519587847,0.0625552022611,-3.96077646531,-0.0367541220351,0.00142789848672,-1.1567472173,-0.00366634692961,0.0413648943061,0,0,0,0.00900900900901,0.00559492883467,0,0.000998474603517,0.00911351065082,0,0,-0.35124293482,-0.027027027027,0,0,136,0,80,1116,0.62962962963,1,0,0.37037037037,1,0.62962962963,0.772727272727,0.766494576197,0.62962962963,0.62962962963,7,87,0,0,0,0
2623,WLNM_dir_neg,0.986788215088,0.952023988006,00:00:03,10,60,42,1236052766,threshold_sweep,0.4,1,0.0804597701149,0.148936170213,7,0,80,174,0.0804597701149,1,0,0.919540229885,1,0.0804597701149,0.148936170213,0.693486590038,0.657726692209,0.10447761194,0.234772464817,0.0804597701149,216,129,87,0,216,0,129,0,87,37,216,0.162162162162,1.32432432432,11.6756756757,21.6,6,8.1990990496,0.702237650082,0.31006006006,10.329336629,1.76937710775,0.765265265265,3.0868314707,0.528762798222,0.252752752753,0.579945114934,0.437917739848,2,1.32432432432,0.579945114934,2,0.0121701261701,0.00597269624573,7,0.000900900900901,0.621196581197,37,37,37,1,0,0.72972972973,0.243243243243,0.027027027027,37,0.0968468468468,1.32882882883,6.97297297297,12.9,3.90909090909,5.18269817377,0.743255164455,0.367064739158,6.26552126776,1.7970874954,0.780222082548,2.15537598707,0.618208616447,0.346113555416,0.593803505044,0.446862298711,2.16666666667,1.34761904762,0.605491520441,2.16666666667,0.00990097793503,0.00478468899522,2,0.0002574002574,0.259953646376,37,35,35,0.945945945946,0,0.675675675676,0.216216216216,0.0540540540541,37,136,0.102102102102,1.32432432432,7.35135135135,13.6,3.88571428571,5.41713442194,0.736889608867,0.372615262321,6.36856016369,1.73262298571,0.766693163752,1.9300842534,0.525096451293,0.294117647059,0.579945114934,0.437917739848,2,1.33333333333,0.585540043769,2,0.0131686007736,0.0150862068966,7,0.000900900900901,0.269953646376,37,36,36,0.972972972973,0,0.702702702703,0.243243243243,0.027027027027,-80,-0.0600600600601,0,-4.32432432432,-8,-2.11428571429,-2.78196462767,0.0346519587847,0.0625552022611,-3.96077646531,-0.0367541220351,0.00142789848672,-1.1567472173,-0.00366634692961,0.0413648943061,0,0,0,0.00900900900901,0.00559492883467,0,0.000998474603517,0.00911351065082,0,0,-0.35124293482,-0.027027027027,0,0,136,0,80,1116,0.62962962963,1,0,0.37037037037,1,0.62962962963,0.772727272727,0.766494576197,0.62962962963,0.62962962963,7,87,0,0,0,0
2624,WLNM_dir_neg,0.986788215088,0.952023988006,00:00:03,10,60,42,1236052766,threshold_sweep,0.5,1,0.0804597701149,0.148936170213,7,0,80,174,0.0804597701149,1,0,0.919540229885,1,0.0804597701149,0.148936170213,0.693486590038,0.657726692209,0.10447761194,0.234772464817,0.0804597701149,216,129,87,0,216,0,129,0,87,37,216,0.162162162162,1.32432432432,11.6756756757,21.6,6,8.1990990496,0.702237650082,0.31006006006,10.329336629,1.76937710775,0.765265265265,3.0868314707,0.528762798222,0.252752752753,0.579945114934,0.437917739848,2,1.32432432432,0.579945114934,2,0.0121701261701,0.00597269624573,7,0.000900900900901,0.621196581197,37,37,37,1,0,0.72972972973,0.243243243243,0.027027027027,37,0.0968468468468,1.32882882883,6.97297297297,12.9,3.90909090909,5.18269817377,0.743255164455,0.367064739158,6.26552126776,1.7970874954,0.780222082548,2.15537598707,0.618208616447,0.346113555416,0.593803505044,0.446862298711,2.16666666667,1.34761904762,0.605491520441,2.16666666667,0.00990097793503,0.00478468899522,2,0.0002574002574,0.259953646376,37,35,35,0.945945945946,0,0.675675675676,0.216216216216,0.0540540540541,37,136,0.102102102102,1.32432432432,7.35135135135,13.6,3.88571428571,5.41713442194,0.736889608867,0.372615262321,6.36856016369,1.73262298571,0.766693163752,1.9300842534,0.525096451293,0.294117647059,0.579945114934,0.437917739848,2,1.33333333333,0.585540043769,2,0.0131686007736,0.0150862068966,7,0.000900900900901,0.269953646376,37,36,36,0.972972972973,0,0.702702702703,0.243243243243,0.027027027027,-80,-0.0600600600601,0,-4.32432432432,-8,-2.11428571429,-2.78196462767,0.0346519587847,0.0625552022611,-3.96077646531,-0.0367541220351,0.00142789848672,-1.1567472173,-0.00366634692961,0.0413648943061,0,0,0,0.00900900900901,0.00559492883467,0,0.000998474603517,0.00911351065082,0,0,-0.35124293482,-0.027027027027,0,0,136,0,80,1116,0.62962962963,1,0,0.37037037037,1,0.62962962963,0.772727272727,0.766494576197,0.62962962963,0.62962962963,7,87,0,0,0,0
2625,WLNM_dir_neg,0.986788215088,0.952023988006,00:00:03,10,60,42,1236052766,threshold_sweep,0.6,1,0.0804597701149,0.148936170213,7,0,80,174,0.0804597701149,1,0,0.919540229885,1,0.0804597701149,0.148936170213,0.693486590038,0.657726692209,0.10447761194,0.234772464817,0.0804597701149,216,129,87,0,216,0,129,0,87,37,216,0.162162162162,1.32432432432,11.6756756757,21.6,6,8.1990990496,0.702237650082,0.31006006006,10.329336629,1.76937710775,0.765265265265,3.0868314707,0.528762798222,0.252752752753,0.579945114934,0.437917739848,2,1.32432432432,0.579945114934,2,0.0121701261701,0.00597269624573,7,0.000900900900901,0.621196581197,37,37,37,1,0,0.72972972973,0.243243243243,0.027027027027,37,0.0968468468468,1.32882882883,6.97297297297,12.9,3.90909090909,5.18269817377,0.743255164455,0.367064739158,6.26552126776,1.7970874954,0.780222082548,2.15537598707,0.618208616447,0.346113555416,0.593803505044,0.446862298711,2.16666666667,1.34761904762,0.605491520441,2.16666666667,0.00990097793503,0.00478468899522,2,0.0002574002574,0.259953646376,37,35,35,0.945945945946,0,0.675675675676,0.216216216216,0.0540540540541,37,136,0.102102102102,1.32432432432,7.35135135135,13.6,3.88571428571,5.41713442194,0.736889608867,0.372615262321,6.36856016369,1.73262298571,0.766693163752,1.9300842534,0.525096451293,0.294117647059,0.579945114934,0.437917739848,2,1.33333333333,0.585540043769,2,0.0131686007736,0.0150862068966,7,0.000900900900901,0.269953646376,37,36,36,0.972972972973,0,0.702702702703,0.243243243243,0.027027027027,-80,-0.0600600600601,0,-4.32432432432,-8,-2.11428571429,-2.78196462767,0.0346519587847,0.0625552022611,-3.96077646531,-0.0367541220351,0.00142789848672,-1.1567472173,-0.00366634692961,0.0413648943061,0,0,0,0.00900900900901,0.00559492883467,0,0.000998474603517,0.00911351065082,0,0,-0.35124293482,-0.027027027027,0,0,136,0,80,1116,0.62962962963,1,0,0.37037037037,1,0.62962962963,0.772727272727,0.766494576197,0.62962962963,0.62962962963,7,87,0,0,0,0
2626,WLNM_dir_neg,0.986788215088,0.952023988006,00:00:03,10,60,42,1236052766,threshold_sweep,0.7,1,0.0804597701149,0.148936170213,7,0,80,174,0.0804597701149,1,0,0.919540229885,1,0.0804597701149,0.148936170213,0.693486590038,0.657726692209,0.10447761194,0.234772464817,0.0804597701149,216,129,87,0,216,0,129,0,87,37,216,0.162162162162,1.32432432432,11.6756756757,21.6,6,8.1990990496,0.702237650082,0.31006006006,10.329336629,1.76937710775,0.765265265265,3.0868314707,0.528762798222,0.252752752753,0.579945114934,0.437917739848,2,1.32432432432,0.579945114934,2,0.0121701261701,0.00597269624573,7,0.000900900900901,0.621196581197,37,37,37,1,0,0.72972972973,0.243243243243,0.027027027027,37,0.0968468468468,1.32882882883,6.97297297297,12.9,3.90909090909,5.18269817377,0.743255164455,0.367064739158,6.26552126776,1.7970874954,0.780222082548,2.15537598707,0.618208616447,0.346113555416,0.593803505044,0.446862298711,2.16666666667,1.34761904762,0.605491520441,2.16666666667,0.00990097793503,0.00478468899522,2,0.0002574002574,0.259953646376,37,35,35,0.945945945946,0,0.675675675676,0.216216216216,0.0540540540541,37,136,0.102102102102,1.32432432432,7.35135135135,13.6,3.88571428571,5.41713442194,0.736889608867,0.372615262321,6.36856016369,1.73262298571,0.766693163752,1.9300842534,0.525096451293,0.294117647059,0.579945114934,0.437917739848,2,1.33333333333,0.585540043769,2,0.0131686007736,0.0150862068966,7,0.000900900900901,0.269953646376,37,36,36,0.972972972973,0,0.702702702703,0.243243243243,0.027027027027,-80,-0.0600600600601,0,-4.32432432432,-8,-2.11428571429,-2.78196462767,0.0346519587847,0.0625552022611,-3.96077646531,-0.0367541220351,0.00142789848672,-1.1567472173,-0.00366634692961,0.0413648943061,0,0,0,0.00900900900901,0.00559492883467,0,0.000998474603517,0.00911351065082,0,0,-0.35124293482,-0.027027027027,0,0,136,0,80,1116,0.62962962963,1,0,0.37037037037,1,0.62962962963,0.772727272727,0.766494576197,0.62962962963,0.62962962963,7,87,0,0,0,0
2627,WLNM_dir_neg,0.986788215088,0.952023988006,00:00:03,10,60,42,1236052766,threshold_sweep,0.8,1,0.0804597701149,0.148936170213,7,0,80,174,0.0804597701149,1,0,0.919540229885,1,0.0804597701149,0.148936170213,0.693486590038,0.657726692209,0.10447761194,0.234772464817,0.0804597701149,216,129,87,0,216,0,129,0,87,37,216,0.162162162162,1.32432432432,11.6756756757,21.6,6,8.1990990496,0.702237650082,0.31006006006,10.329336629,1.76937710775,0.765265265265,3.0868314707,0.528762798222,0.252752752753,0.579945114934,0.437917739848,2,1.32432432432,0.579945114934,2,0.0121701261701,0.00597269624573,7,0.000900900900901,0.621196581197,37,37,37,1,0,0.72972972973,0.243243243243,0.027027027027,37,0.0968468468468,1.32882882883,6.97297297297,12.9,3.90909090909,5.18269817377,0.743255164455,0.367064739158,6.26552126776,1.7970874954,0.780222082548,2.15537598707,0.618208616447,0.346113555416,0.593803505044,0.446862298711,2.16666666667,1.34761904762,0.605491520441,2.16666666667,0.00990097793503,0.00478468899522,2,0.0002574002574,0.259953646376,37,35,35,0.945945945946,0,0.675675675676,0.216216216216,0.0540540540541,37,136,0.102102102102,1.32432432432,7.35135135135,13.6,3.88571428571,5.41713442194,0.736889608867,0.372615262321,6.36856016369,1.73262298571,0.766693163752,1.9300842534,0.525096451293,0.294117647059,0.579945114934,0.437917739848,2,1.33333333333,0.585540043769,2,0.0131686007736,0.0150862068966,7,0.000900900900901,0.269953646376,37,36,36,0.972972972973,0,0.702702702703,0.243243243243,0.027027027027,-80,-0.0600600600601,0,-4.32432432432,-8,-2.11428571429,-2.78196462767,0.0346519587847,0.0625552022611,-3.96077646531,-0.0367541220351,0.00142789848672,-1.1567472173,-0.00366634692961,0.0413648943061,0,0,0,0.00900900900901,0.00559492883467,0,0.000998474603517,0.00911351065082,0,0,-0.35124293482,-0.027027027027,0,0,136,0,80,1116,0.62962962963,1,0,0.37037037037,1,0.62962962963,0.772727272727,0.766494576197,0.62962962963,0.62962962963,7,87,0,0,0,0
2628,WLNM_dir_neg,0.986788215088,0.952023988006,00:00:03,10,60,42,1236052766,threshold_sweep,0.9,1,0.0574712643678,0.108695652174,5,0,82,174,0.0574712643678,1,0,0.942528735632,1,0.0574712643678,0.108695652174,0.685823754789,0.660280970626,0.0751879699248,0.197642353761,0.0574712643678,216,129,87,0,216,0,129,0,87,37,216,0.162162162162,1.32432432432,11.6756756757,21.6,6,8.1990990496,0.702237650082,0.31006006006,10.329336629,1.76937710775,0.765265265265,3.0868314707,0.528762798222,0.252752752753,0.579945114934,0.437917739848,2,1.32432432432,0.579945114934,2,0.0121701261701,0.00597269624573,7,0.000900900900901,0.621196581197,37,37,37,1,0,0.72972972973,0.243243243243,0.027027027027,37,0.0968468468468,1.32882882883,6.97297297297,12.9,3.90909090909,5.18269817377,0.743255164455,0.367064739158,6.26552126776,1.7970874954,0.780222082548,2.15537598707,0.618208616447,0.346113555416,0.593803505044,0.446862298711,2.16666666667,1.34761904762,0.605491520441,2.16666666667,0.00990097793503,0.00478468899522,2,0.0002574002574,0.259953646376,37,35,35,0.945945945946,0,0.675675675676,0.216216216216,0.0540540540541,37,134,0.100600600601,1.32432432432,7.24324324324,13.4,3.82857142857,5.30411478323,0.732284503654,0.368293666801,6.34801522504,1.75281017408,0.770875352965,1.99097060851,0.549745615784,0.308592174264,0.579945114934,0.437917739848,2,1.33333333333,0.585540043769,2,0.0139425945817,0.0111690245719,5,0.000643500643501,0.265509201932,37,36,36,0.972972972973,0,0.702702702703,0.243243243243,0.027027027027,-82,-0.0615615615616,0,-4.43243243243,-8.2,-2.17142857143,-2.89498426638,0.0300468535724,0.0582336067411,-3.98132140396,-0.016566933668,0.00561008769964,-1.09586086219,0.0209828175611,0.0558394215111,0,0,0,0.00900900900901,0.00559492883467,0,0.00177246841157,0.00519632832612,-2,-0.0002574002574,-0.355687379265,-0.027027027027,0,0,134,0,82,1116,0.62037037037,1,0,0.37962962963,1,0.62037037037,0.765714285714,0.760202357151,0.62037037037,0.62037037037,5,87,0,0,0,0
2629,WLNM_dir_neg,0.989562689919,0.957054439813,00:00:02,10,60,43,1236052767,threshold_sweep,0.1,1,0.0574712643678,0.108695652174,5,0,82,174,0.0574712643678,1,0,0.942528735632,1,0.0574712643678,0.108695652174,0.685823754789,0.660280970626,0.0751879699248,0.197642353761,0.0574712643678,216,129,87,0,216,0,129,0,87,37,216,0.162162162162,1.32432432432,11.6756756757,21.6,6,8.1990990496,0.702237650082,0.31006006006,10.329336629,1.76937710775,0.765265265265,3.0868314707,0.528762798222,0.252752752753,0.579945114934,0.437917739848,2,1.32432432432,0.579945114934,2,0.0121701261701,0.00597269624573,7,0.000900900900901,0.621196581197,37,37,37,1,0,0.72972972973,0.243243243243,0.027027027027,37,0.0968468468468,1.32432432432,6.97297297297,12.9,3.90909090909,5.11254712821,0.733194743192,0.354913052587,6.37974930551,1.829850576,0.786088413995,2.12944465402,0.610770947277,0.337733081919,0.579945114934,0.437917739848,2,1.32432432432,0.579945114934,2,0.0137301587302,0.00483481063658,2,0.0002574002574,0.254052318682,37,37,37,1,0,0.72972972973,0.162162162162,0.108108108108,37,134,0.100600600601,1.32432432432,7.24324324324,13.4,3.82857142857,5.31457851054,0.733729122724,0.360225897539,6.41764646784,1.77203671127,0.775312626059,1.96286852663,0.541986085713,0.300524405002,0.579945114934,0.437917739848,2,1.32432432432,0.579945114934,2,0.0132244739388,0.0111524163569,5,0.000643500643501,0.260048791345,37,37,37,1,0,0.72972972973,0.216216216216,0.0540540540541,-82,-0.0615615615616,0,-4.43243243243,-8.2,-2.17142857143,-2.88452053906,0.0314914726426,0.0501658374793,-3.91169016116,0.00265960352408,0.0100473607936,-1.12396294407,0.0132232874901,0.0477716522493,0,0,0,0,0,0,0.00105434776863,0.00517972011114,-2,-0.0002574002574,-0.361147789852,0,-0.027027027027,0.027027027027,134,0,82,1116,0.62037037037,1,0,0.37962962963,1,0.62037037037,0.765714285714,0.760202357151,0.62037037037,0.62037037037,5,87,0,0,0,0
2630,WLNM_dir_neg,0.989562689919,0.957054439813,00:00:02,10,60,43,1236052767,threshold_sweep,0.2,1,0.0574712643678,0.108695652174,5,0,82,174,0.0574712643678,1,0,0.942528735632,1,0.0574712643678,0.108695652174,0.685823754789,0.660280970626,0.0751879699248,0.197642353761,0.0574712643678,216,129,87,0,216,0,129,0,87,37,216,0.162162162162,1.32432432432,11.6756756757,21.6,6,8.1990990496,0.702237650082,0.31006006006,10.329336629,1.76937710775,0.765265265265,3.0868314707,0.528762798222,0.252752752753,0.579945114934,0.437917739848,2,1.32432432432,0.579945114934,2,0.0121701261701,0.00597269624573,7,0.000900900900901,0.621196581197,37,37,37,1,0,0.72972972973,0.243243243243,0.027027027027,37,0.0968468468468,1.32432432432,6.97297297297,12.9,3.90909090909,5.11254712821,0.733194743192,0.354913052587,6.37974930551,1.829850576,0.786088413995,2.12944465402,0.610770947277,0.337733081919,0.579945114934,0.437917739848,2,1.32432432432,0.579945114934,2,0.0137301587302,0.00483481063658,2,0.0002574002574,0.254052318682,37,37,37,1,0,0.72972972973,0.162162162162,0.108108108108,37,134,0.100600600601,1.32432432432,7.24324324324,13.4,3.82857142857,5.31457851054,0.733729122724,0.360225897539,6.41764646784,1.77203671127,0.775312626059,1.96286852663,0.541986085713,0.300524405002,0.579945114934,0.437917739848,2,1.32432432432,0.579945114934,2,0.0132244739388,0.0111524163569,5,0.000643500643501,0.260048791345,37,37,37,1,0,0.72972972973,0.216216216216,0.0540540540541,-82,-0.0615615615616,0,-4.43243243243,-8.2,-2.17142857143,-2.88452053906,0.0314914726426,0.0501658374793,-3.91169016116,0.00265960352408,0.0100473607936,-1.12396294407,0.0132232874901,0.0477716522493,0,0,0,0,0,0,0.00105434776863,0.00517972011114,-2,-0.0002574002574,-0.361147789852,0,-0.027027027027,0.027027027027,134,0,82,1116,0.62037037037,1,0,0.37962962963,1,0.62037037037,0.765714285714,0.760202357151,0.62037037037,0.62037037037,5,87,0,0,0,0
2631,WLNM_dir_neg,0.989562689919,0.957054439813,00:00:02,10,60,43,1236052767,threshold_sweep,0.3,1,0.0344827586207,0.0666666666667,3,0,84,174,0.0344827586207,1,0,0.965517241379,1,0.0344827586207,0.0666666666667,0.67816091954,0.662835249042,0.0454545454545,0.152498570333,0.0344827586207,216,129,87,0,216,0,129,0,87,37,216,0.162162162162,1.32432432432,11.6756756757,21.6,6,8.1990990496,0.702237650082,0.31006006006,10.329336629,1.76937710775,0.765265265265,3.0868314707,0.528762798222,0.252752752753,0.579945114934,0.437917739848,2,1.32432432432,0.579945114934,2,0.0121701261701,0.00597269624573,7,0.000900900900901,0.621196581197,37,37,37,1,0,0.72972972973,0.243243243243,0.027027027027,37,0.0968468468468,1.32432432432,6.97297297297,12.9,3.90909090909,5.11254712821,0.733194743192,0.354913052587,6.37974930551,1.829850576,0.786088413995,2.12944465402,0.610770947277,0.337733081919,0.579945114934,0.437917739848,2,1.32432432432,0.579945114934,2,0.0137301587302,0.00483481063658,2,0.0002574002574,0.254052318682,37,37,37,1,0,0.72972972973,0.162162162162,0.108108108108,37,132,0.0990990990991,1.32432432432,7.13513513514,13.2,4,5.21835522279,0.731360391073,0.356060606061,6.3967897354,1.79303954704,0.779688779689,2.04858407118,0.574224322983,0.317772317772,0.579945114934,0.437917739848,2,1.32432432432,0.579945114934,2,0.0176462426462,0.0115384615385,5,0.000643500643501,0.263576128205,37,37,37,1,0,0.72972972973,0.162162162162,0.108108108108,-84,-0.0630630630631,0,-4.54054054054,-8.4,-2,-2.98074382681,0.0291227409911,0.0460005460005,-3.9325468936,0.0236624392986,0.0144235144235,-1.03824739952,0.0454615247601,0.0650195650196,0,0,0,0,0,0,0.00547611647612,0.00556576529273,-2,-0.0002574002574,-0.357620452991,0,-0.0810810810811,0.0810810810811,132,0,84,1116,0.611111111111,1,0,0.388888888889,1,0.611111111111,0.758620689655,0.753878858527,0.611111111111,0.611111111111,3,87,0,0,0,0
2632,WLNM_dir_neg,0.989562689919,0.957054439813,00:00:02,10,60,43,1236052767,threshold_sweep,0.4,1,0.0344827586207,0.0666666666667,3,0,84,174,0.0344827586207,1,0,0.965517241379,1,0.0344827586207,0.0666666666667,0.67816091954,0.662835249042,0.0454545454545,0.152498570333,0.0344827586207,216,129,87,0,216,0,129,0,87,37,216,0.162162162162,1.32432432432,11.6756756757,21.6,6,8.1990990496,0.702237650082,0.31006006006,10.329336629,1.76937710775,0.765265265265,3.0868314707,0.528762798222,0.252752752753,0.579945114934,0.437917739848,2,1.32432432432,0.579945114934,2,0.0121701261701,0.00597269624573,7,0.000900900900901,0.621196581197,37,37,37,1,0,0.72972972973,0.243243243243,0.027027027027,37,0.0968468468468,1.32432432432,6.97297297297,12.9,3.90909090909,5.11254712821,0.733194743192,0.354913052587,6.37974930551,1.829850576,0.786088413995,2.12944465402,0.610770947277,0.337733081919,0.579945114934,0.437917739848,2,1.32432432432,0.579945114934,2,0.0137301587302,0.00483481063658,2,0.0002574002574,0.254052318682,37,37,37,1,0,0.72972972973,0.162162162162,0.108108108108,37,132,0.0990990990991,1.32432432432,7.13513513514,13.2,4,5.21835522279,0.731360391073,0.356060606061,6.3967897354,1.79303954704,0.779688779689,2.04858407118,0.574224322983,0.317772317772,0.579945114934,0.437917739848,2,1.32432432432,0.579945114934,2,0.0176462426462,0.0115384615385,5,0.000643500643501,0.263576128205,37,37,37,1,0,0.72972972973,0.162162162162,0.108108108108,-84,-0.0630630630631,0,-4.54054054054,-8.4,-2,-2.98074382681,0.0291227409911,0.0460005460005,-3.9325468936,0.0236624392986,0.0144235144235,-1.03824739952,0.0454615247601,0.0650195650196,0,0,0,0,0,0,0.00547611647612,0.00556576529273,-2,-0.0002574002574,-0.357620452991,0,-0.0810810810811,0.0810810810811,132,0,84,1116,0.611111111111,1,0,0.388888888889,1,0.611111111111,0.758620689655,0.753878858527,0.611111111111,0.611111111111,3,87,0,0,0,0
2633,WLNM_dir_neg,0.989562689919,0.957054439813,00:00:02,10,60,43,1236052767,threshold_sweep,0.5,1,0.0344827586207,0.0666666666667,3,0,84,174,0.0344827586207,1,0,0.965517241379,1,0.0344827586207,0.0666666666667,0.67816091954,0.662835249042,0.0454545454545,0.152498570333,0.0344827586207,216,129,87,0,216,0,129,0,87,37,216,0.162162162162,1.32432432432,11.6756756757,21.6,6,8.1990990496,0.702237650082,0.31006006006,10.329336629,1.76937710775,0.765265265265,3.0868314707,0.528762798222,0.252752752753,0.579945114934,0.437917739848,2,1.32432432432,0.579945114934,2,0.0121701261701,0.00597269624573,7,0.000900900900901,0.621196581197,37,37,37,1,0,0.72972972973,0.243243243243,0.027027027027,37,0.0968468468468,1.32432432432,6.97297297297,12.9,3.90909090909,5.11254712821,0.733194743192,0.354913052587,6.37974930551,1.829850576,0.786088413995,2.12944465402,0.610770947277,0.337733081919,0.579945114934,0.437917739848,2,1.32432432432,0.579945114934,2,0.0137301587302,0.00483481063658,2,0.0002574002574,0.254052318682,37,37,37,1,0,0.72972972973,0.162162162162,0.108108108108,37,132,0.0990990990991,1.32432432432,7.13513513514,13.2,4,5.21835522279,0.731360391073,0.356060606061,6.3967897354,1.79303954704,0.779688779689,2.04858407118,0.574224322983,0.317772317772,0.579945114934,0.437917739848,2,1.32432432432,0.579945114934,2,0.0176462426462,0.0115384615385,5,0.000643500643501,0.263576128205,37,37,37,1,0,0.72972972973,0.162162162162,0.108108108108,-84,-0.0630630630631,0,-4.54054054054,-8.4,-2,-2.98074382681,0.0291227409911,0.0460005460005,-3.9325468936,0.0236624392986,0.0144235144235,-1.03824739952,0.0454615247601,0.0650195650196,0,0,0,0,0,0,0.00547611647612,0.00556576529273,-2,-0.0002574002574,-0.357620452991,0,-0.0810810810811,0.0810810810811,132,0,84,1116,0.611111111111,1,0,0.388888888889,1,0.611111111111,0.758620689655,0.753878858527,0.611111111111,0.611111111111,3,87,0,0,0,0
2634,WLNM_dir_neg,0.989562689919,0.957054439813,00:00:02,10,60,43,1236052767,threshold_sweep,0.6,1,0.0344827586207,0.0666666666667,3,0,84,174,0.0344827586207,1,0,0.965517241379,1,0.0344827586207,0.0666666666667,0.67816091954,0.662835249042,0.0454545454545,0.152498570333,0.0344827586207,216,129,87,0,216,0,129,0,87,37,216,0.162162162162,1.32432432432,11.6756756757,21.6,6,8.1990990496,0.702237650082,0.31006006006,10.329336629,1.76937710775,0.765265265265,3.0868314707,0.528762798222,0.252752752753,0.579945114934,0.437917739848,2,1.32432432432,0.579945114934,2,0.0121701261701,0.00597269624573,7,0.000900900900901,0.621196581197,37,37,37,1,0,0.72972972973,0.243243243243,0.027027027027,37,0.0968468468468,1.32432432432,6.97297297297,12.9,3.90909090909,5.11254712821,0.733194743192,0.354913052587,6.37974930551,1.829850576,0.786088413995,2.12944465402,0.610770947277,0.337733081919,0.579945114934,0.437917739848,2,1.32432432432,0.579945114934,2,0.0137301587302,0.00483481063658,2,0.0002574002574,0.254052318682,37,37,37,1,0,0.72972972973,0.162162162162,0.108108108108,37,132,0.0990990990991,1.32432432432,7.13513513514,13.2,4,5.21835522279,0.731360391073,0.356060606061,6.3967897354,1.79303954704,0.779688779689,2.04858407118,0.574224322983,0.317772317772,0.579945114934,0.437917739848,2,1.32432432432,0.579945114934,2,0.0176462426462,0.0115384615385,5,0.000643500643501,0.263576128205,37,37,37,1,0,0.72972972973,0.162162162162,0.108108108108,-84,-0.0630630630631,0,-4.54054054054,-8.4,-2,-2.98074382681,0.0291227409911,0.0460005460005,-3.9325468936,0.0236624392986,0.0144235144235,-1.03824739952,0.0454615247601,0.0650195650196,0,0,0,0,0,0,0.00547611647612,0.00556576529273,-2,-0.0002574002574,-0.357620452991,0,-0.0810810810811,0.0810810810811,132,0,84,1116,0.611111111111,1,0,0.388888888889,1,0.611111111111,0.758620689655,0.753878858527,0.611111111111,0.611111111111,3,87,0,0,0,0
2635,WLNM_dir_neg,0.989562689919,0.957054439813,00:00:02,10,60,43,1236052767,threshold_sweep,0.7,1,0.0344827586207,0.0666666666667,3,0,84,174,0.0344827586207,1,0,0.965517241379,1,0.0344827586207,0.0666666666667,0.67816091954,0.662835249042,0.0454545454545,0.152498570333,0.0344827586207,216,129,87,0,216,0,129,0,87,37,216,0.162162162162,1.32432432432,11.6756756757,21.6,6,8.1990990496,0.702237650082,0.31006006006,10.329336629,1.76937710775,0.765265265265,3.0868314707,0.528762798222,0.252752752753,0.579945114934,0.437917739848,2,1.32432432432,0.579945114934,2,0.0121701261701,0.00597269624573,7,0.000900900900901,0.621196581197,37,37,37,1,0,0.72972972973,0.243243243243,0.027027027027,37,0.0968468468468,1.32432432432,6.97297297297,12.9,3.90909090909,5.11254712821,0.733194743192,0.354913052587,6.37974930551,1.829850576,0.786088413995,2.12944465402,0.610770947277,0.337733081919,0.579945114934,0.437917739848,2,1.32432432432,0.579945114934,2,0.0137301587302,0.00483481063658,2,0.0002574002574,0.254052318682,37,37,37,1,0,0.72972972973,0.162162162162,0.108108108108,37,132,0.0990990990991,1.32432432432,7.13513513514,13.2,4,5.21835522279,0.731360391073,0.356060606061,6.3967897354,1.79303954704,0.779688779689,2.04858407118,0.574224322983,0.317772317772,0.579945114934,0.437917739848,2,1.32432432432,0.579945114934,2,0.0176462426462,0.0115384615385,5,0.000643500643501,0.263576128205,37,37,37,1,0,0.72972972973,0.162162162162,0.108108108108,-84,-0.0630630630631,0,-4.54054054054,-8.4,-2,-2.98074382681,0.0291227409911,0.0460005460005,-3.9325468936,0.0236624392986,0.0144235144235,-1.03824739952,0.0454615247601,0.0650195650196,0,0,0,0,0,0,0.00547611647612,0.00556576529273,-2,-0.0002574002574,-0.357620452991,0,-0.0810810810811,0.0810810810811,132,0,84,1116,0.611111111111,1,0,0.388888888889,1,0.611111111111,0.758620689655,0.753878858527,0.611111111111,0.611111111111,3,87,0,0,0,0
2636,WLNM_dir_neg,0.989562689919,0.957054439813,00:00:02,10,60,43,1236052767,threshold_sweep,0.8,1,0.0344827586207,0.0666666666667,3,0,84,174,0.0344827586207,1,0,0.965517241379,1,0.0344827586207,0.0666666666667,0.67816091954,0.662835249042,0.0454545454545,0.152498570333,0.0344827586207,216,129,87,0,216,0,129,0,87,37,216,0.162162162162,1.32432432432,11.6756756757,21.6,6,8.1990990496,0.702237650082,0.31006006006,10.329336629,1.76937710775,0.765265265265,3.0868314707,0.528762798222,0.252752752753,0.579945114934,0.437917739848,2,1.32432432432,0.579945114934,2,0.0121701261701,0.00597269624573,7,0.000900900900901,0.621196581197,37,37,37,1,0,0.72972972973,0.243243243243,0.027027027027,37,0.0968468468468,1.32432432432,6.97297297297,12.9,3.90909090909,5.11254712821,0.733194743192,0.354913052587,6.37974930551,1.829850576,0.786088413995,2.12944465402,0.610770947277,0.337733081919,0.579945114934,0.437917739848,2,1.32432432432,0.579945114934,2,0.0137301587302,0.00483481063658,2,0.0002574002574,0.254052318682,37,37,37,1,0,0.72972972973,0.162162162162,0.108108108108,37,132,0.0990990990991,1.32432432432,7.13513513514,13.2,4,5.21835522279,0.731360391073,0.356060606061,6.3967897354,1.79303954704,0.779688779689,2.04858407118,0.574224322983,0.317772317772,0.579945114934,0.437917739848,2,1.32432432432,0.579945114934,2,0.0176462426462,0.0115384615385,5,0.000643500643501,0.263576128205,37,37,37,1,0,0.72972972973,0.162162162162,0.108108108108,-84,-0.0630630630631,0,-4.54054054054,-8.4,-2,-2.98074382681,0.0291227409911,0.0460005460005,-3.9325468936,0.0236624392986,0.0144235144235,-1.03824739952,0.0454615247601,0.0650195650196,0,0,0,0,0,0,0.00547611647612,0.00556576529273,-2,-0.0002574002574,-0.357620452991,0,-0.0810810810811,0.0810810810811,132,0,84,1116,0.611111111111,1,0,0.388888888889,1,0.611111111111,0.758620689655,0.753878858527,0.611111111111,0.611111111111,3,87,0,0,0,0
2637,WLNM_dir_neg,0.989562689919,0.957054439813,00:00:02,10,60,43,1236052767,threshold_sweep,0.9,1,0.0344827586207,0.0666666666667,3,0,84,174,0.0344827586207,1,0,0.965517241379,1,0.0344827586207,0.0666666666667,0.67816091954,0.662835249042,0.0454545454545,0.152498570333,0.0344827586207,216,129,87,0,216,0,129,0,87,37,216,0.162162162162,1.32432432432,11.6756756757,21.6,6,8.1990990496,0.702237650082,0.31006006006,10.329336629,1.76937710775,0.765265265265,3.0868314707,0.528762798222,0.252752752753,0.579945114934,0.437917739848,2,1.32432432432,0.579945114934,2,0.0121701261701,0.00597269624573,7,0.000900900900901,0.621196581197,37,37,37,1,0,0.72972972973,0.243243243243,0.027027027027,37,0.0968468468468,1.32432432432,6.97297297297,12.9,3.90909090909,5.11254712821,0.733194743192,0.354913052587,6.37974930551,1.829850576,0.786088413995,2.12944465402,0.610770947277,0.337733081919,0.579945114934,0.437917739848,2,1.32432432432,0.579945114934,2,0.0137301587302,0.00483481063658,2,0.0002574002574,0.254052318682,37,37,37,1,0,0.72972972973,0.162162162162,0.108108108108,37,132,0.0990990990991,1.32432432432,7.13513513514,13.2,4,5.21835522279,0.731360391073,0.356060606061,6.3967897354,1.79303954704,0.779688779689,2.04858407118,0.574224322983,0.317772317772,0.579945114934,0.437917739848,2,1.32432432432,0.579945114934,2,0.0176462426462,0.0115384615385,5,0.000643500643501,0.263576128205,37,37,37,1,0,0.72972972973,0.162162162162,0.108108108108,-84,-0.0630630630631,0,-4.54054054054,-8.4,-2,-2.98074382681,0.0291227409911,0.0460005460005,-3.9325468936,0.0236624392986,0.0144235144235,-1.03824739952,0.0454615247601,0.0650195650196,0,0,0,0,0,0,0.00547611647612,0.00556576529273,-2,-0.0002574002574,-0.357620452991,0,-0.0810810810811,0.0810810810811,132,0,84,1116,0.611111111111,1,0,0.388888888889,1,0.611111111111,0.758620689655,0.753878858527,0.611111111111,0.611111111111,3,87,0,0,0,0
2638,WLNM_dir_neg,0.994384991412,0.853200104493,00:00:02,10,60,44,1236052768,threshold_sweep,0.1,0.8,0.0459770114943,0.0869565217391,4,1,83,173,0.0459770114943,0.994252873563,0.00574712643678,0.954022988506,0.8,0.0459770114943,0.0869565217391,0.67816091954,0.660280970626,0.0526315789474,0.138349647632,0.0402298850575,216,129,87,0,216,0,129,0,87,37,216,0.162162162162,1.32432432432,11.6756756757,21.6,6,8.1990990496,0.702237650082,0.31006006006,10.329336629,1.76937710775,0.765265265265,3.0868314707,0.528762798222,0.252752752753,0.579945114934,0.437917739848,2,1.32432432432,0.579945114934,2,0.0121701261701,0.00597269624573,7,0.000900900900901,0.621196581197,37,37,37,1,0,0.72972972973,0.243243243243,0.027027027027,37,0.0968468468468,1.32432432432,6.97297297297,12.9,3.58333333333,5.14504338869,0.737855059618,0.373769117955,6.18969404028,1.7753386007,0.773936727425,2.00861507874,0.576114402429,0.323486276975,0.579945114934,0.437917739848,2,1.32432432432,0.579945114934,2,0.0168649079065,0.00721732157177,3,0.0003861003861,0.255235966897,37,37,37,1,0,0.72972972973,0.243243243243,0.027027027027,37,134,0.100600600601,1.32432432432,7.24324324324,13.4,3.72222222222,5.35622900828,0.739479378009,0.378378378378,6.23320566425,1.7211090267,0.763210972166,1.86117273888,0.513905905513,0.28721258572,0.579945114934,0.437917739848,2,1.32432432432,0.579945114934,2,0.0133181990745,0.0177383592018,8,0.0010296010296,0.266347078008,37,37,37,1,0,0.72972972973,0.243243243243,0.027027027027,-82,-0.0615615615616,0,-4.43243243243,-8.2,-2.27777777778,-2.84287004132,0.0372417279276,0.0683183183183,-4.09613096475,-0.0482680810491,-0.00205429309907,-1.22565873182,-0.0148568927098,0.0344598329673,0,0,0,0,0,0,0.00114807290438,0.011765662956,1,0.0001287001287,-0.354849503189,0,0,0,133,1,83,1115,0.615740740741,0.999103942652,0.00089605734767,0.384259259259,0.992537313433,0.615740740741,0.76,0.753431175828,0.614844683393,0.612903225806,5,87,0,0,0,0
2639,WLNM_dir_neg,0.994384991412,0.853200104493,00:00:02,10,60,44,1236052768,threshold_sweep,0.2,0.8,0.0459770114943,0.0869565217391,4,1,83,173,0.0459770114943,0.994252873563,0.00574712643678,0.954022988506,0.8,0.0459770114943,0.0869565217391,0.67816091954,0.660280970626,0.0526315789474,0.138349647632,0.0402298850575,216,129,87,0,216,0,129,0,87,37,216,0.162162162162,1.32432432432,11.6756756757,21.6,6,8.1990990496,0.702237650082,0.31006006006,10.329336629,1.76937710775,0.765265265265,3.0868314707,0.528762798222,0.252752752753,0.579945114934,0.437917739848,2,1.32432432432,0.579945114934,2,0.0121701261701,0.00597269624573,7,0.000900900900901,0.621196581197,37,37,37,1,0,0.72972972973,0.243243243243,0.027027027027,37,0.0968468468468,1.32432432432,6.97297297297,12.9,3.58333333333,5.14504338869,0.737855059618,0.373769117955,6.18969404028,1.7753386007,0.773936727425,2.00861507874,0.576114402429,0.323486276975,0.579945114934,0.437917739848,2,1.32432432432,0.579945114934,2,0.0168649079065,0.00721732157177,3,0.0003861003861,0.255235966897,37,37,37,1,0,0.72972972973,0.243243243243,0.027027027027,37,134,0.100600600601,1.32432432432,7.24324324324,13.4,3.72222222222,5.35622900828,0.739479378009,0.378378378378,6.23320566425,1.7211090267,0.763210972166,1.86117273888,0.513905905513,0.28721258572,0.579945114934,0.437917739848,2,1.32432432432,0.579945114934,2,0.0133181990745,0.0177383592018,8,0.0010296010296,0.266347078008,37,37,37,1,0,0.72972972973,0.243243243243,0.027027027027,-82,-0.0615615615616,0,-4.43243243243,-8.2,-2.27777777778,-2.84287004132,0.0372417279276,0.0683183183183,-4.09613096475,-0.0482680810491,-0.00205429309907,-1.22565873182,-0.0148568927098,0.0344598329673,0,0,0,0,0,0,0.00114807290438,0.011765662956,1,0.0001287001287,-0.354849503189,0,0,0,133,1,83,1115,0.615740740741,0.999103942652,0.00089605734767,0.384259259259,0.992537313433,0.615740740741,0.76,0.753431175828,0.614844683393,0.612903225806,5,87,0,0,0,0
2640,WLNM_dir_neg,0.994384991412,0.853200104493,00:00:02,10,60,44,1236052768,threshold_sweep,0.3,0,0,0,0,0,87,174,0,1,0,1,0,0,0,0.666666666667,0.666666666667,0,0,0,216,129,87,0,216,0,129,0,87,37,216,0.162162162162,1.32432432432,11.6756756757,21.6,6,8.1990990496,0.702237650082,0.31006006006,10.329336629,1.76937710775,0.765265265265,3.0868314707,0.528762798222,0.252752752753,0.579945114934,0.437917739848,2,1.32432432432,0.579945114934,2,0.0121701261701,0.00597269624573,7,0.000900900900901,0.621196581197,37,37,37,1,0,0.72972972973,0.243243243243,0.027027027027,37,0.0968468468468,1.32432432432,6.97297297297,12.9,3.58333333333,5.14504338869,0.737855059618,0.373769117955,6.18969404028,1.7753386007,0.773936727425,2.00861507874,0.576114402429,0.323486276975,0.579945114934,0.437917739848,2,1.32432432432,0.579945114934,2,0.0168649079065,0.00721732157177,3,0.0003861003861,0.255235966897,37,37,37,1,0,0.72972972973,0.243243243243,0.027027027027,37,129,0.0968468468468,1.32432432432,6.97297297297,12.9,3.58333333333,5.14504338869,0.737855059618,0.373769117955,6.18969404028,1.7753386007,0.773936727425,2.00861507874,0.576114402429,0.323486276975,0.579945114934,0.437917739848,2,1.32432432432,0.579945114934,2,0.0168649079065,0.00721732157177,3,0.0003861003861,0.255235966897,37,37,37,1,0,0.72972972973,0.243243243243,0.027027027027,-87,-0.0653153153153,0,-4.7027027027,-8.7,-2.41666666667,-3.05405566092,0.035617409536,0.0637090578951,-4.13964258872,0.00596149295594,0.00867146215983,-1.07821639197,0.0473516042063,0.0707335242219,0,0,0,0,0,0,0.00469478173636,0.00124462532604,-4,-0.000514800514801,-0.3659606143,0,0,0,129,0,87,1116,0.597222222222,1,0,0.402777777778,1,0.597222222222,0.747826086957,0.744332981734,0.597222222222,0.597222222222,0,87,0,0,0,0
2641,WLNM_dir_neg,0.994384991412,0.853200104493,00:00:02,10,60,44,1236052768,threshold_sweep,0.4,0,0,0,0,0,87,174,0,1,0,1,0,0,0,0.666666666667,0.666666666667,0,0,0,216,129,87,0,216,0,129,0,87,37,216,0.162162162162,1.32432432432,11.6756756757,21.6,6,8.1990990496,0.702237650082,0.31006006006,10.329336629,1.76937710775,0.765265265265,3.0868314707,0.528762798222,0.252752752753,0.579945114934,0.437917739848,2,1.32432432432,0.579945114934,2,0.0121701261701,0.00597269624573,7,0.000900900900901,0.621196581197,37,37,37,1,0,0.72972972973,0.243243243243,0.027027027027,37,0.0968468468468,1.32432432432,6.97297297297,12.9,3.58333333333,5.14504338869,0.737855059618,0.373769117955,6.18969404028,1.7753386007,0.773936727425,2.00861507874,0.576114402429,0.323486276975,0.579945114934,0.437917739848,2,1.32432432432,0.579945114934,2,0.0168649079065,0.00721732157177,3,0.0003861003861,0.255235966897,37,37,37,1,0,0.72972972973,0.243243243243,0.027027027027,37,129,0.0968468468468,1.32432432432,6.97297297297,12.9,3.58333333333,5.14504338869,0.737855059618,0.373769117955,6.18969404028,1.7753386007,0.773936727425,2.00861507874,0.576114402429,0.323486276975,0.579945114934,0.437917739848,2,1.32432432432,0.579945114934,2,0.0168649079065,0.00721732157177,3,0.0003861003861,0.255235966897,37,37,37,1,0,0.72972972973,0.243243243243,0.027027027027,-87,-0.0653153153153,0,-4.7027027027,-8.7,-2.41666666667,-3.05405566092,0.035617409536,0.0637090578951,-4.13964258872,0.00596149295594,0.00867146215983,-1.07821639197,0.0473516042063,0.0707335242219,0,0,0,0,0,0,0.00469478173636,0.00124462532604,-4,-0.000514800514801,-0.3659606143,0,0,0,129,0,87,1116,0.597222222222,1,0,0.402777777778,1,0.597222222222,0.747826086957,0.744332981734,0.597222222222,0.597222222222,0,87,0,0,0,0
2642,WLNM_dir_neg,0.994384991412,0.853200104493,00:00:02,10,60,44,1236052768,threshold_sweep,0.5,0,0,0,0,0,87,174,0,1,0,1,0,0,0,0.666666666667,0.666666666667,0,0,0,216,129,87,0,216,0,129,0,87,37,216,0.162162162162,1.32432432432,11.6756756757,21.6,6,8.1990990496,0.702237650082,0.31006006006,10.329336629,1.76937710775,0.765265265265,3.0868314707,0.528762798222,0.252752752753,0.579945114934,0.437917739848,2,1.32432432432,0.579945114934,2,0.0121701261701,0.00597269624573,7,0.000900900900901,0.621196581197,37,37,37,1,0,0.72972972973,0.243243243243,0.027027027027,37,0.0968468468468,1.32432432432,6.97297297297,12.9,3.58333333333,5.14504338869,0.737855059618,0.373769117955,6.18969404028,1.7753386007,0.773936727425,2.00861507874,0.576114402429,0.323486276975,0.579945114934,0.437917739848,2,1.32432432432,0.579945114934,2,0.0168649079065,0.00721732157177,3,0.0003861003861,0.255235966897,37,37,37,1,0,0.72972972973,0.243243243243,0.027027027027,37,129,0.0968468468468,1.32432432432,6.97297297297,12.9,3.58333333333,5.14504338869,0.737855059618,0.373769117955,6.18969404028,1.7753386007,0.773936727425,2.00861507874,0.576114402429,0.323486276975,0.579945114934,0.437917739848,2,1.32432432432,0.579945114934,2,0.0168649079065,0.00721732157177,3,0.0003861003861,0.255235966897,37,37,37,1,0,0.72972972973,0.243243243243,0.027027027027,-87,-0.0653153153153,0,-4.7027027027,-8.7,-2.41666666667,-3.05405566092,0.035617409536,0.0637090578951,-4.13964258872,0.00596149295594,0.00867146215983,-1.07821639197,0.0473516042063,0.0707335242219,0,0,0,0,0,0,0.00469478173636,0.00124462532604,-4,-0.000514800514801,-0.3659606143,0,0,0,129,0,87,1116,0.597222222222,1,0,0.402777777778,1,0.597222222222,0.747826086957,0.744332981734,0.597222222222,0.597222222222,0,87,0,0,0,0
2643,WLNM_dir_neg,0.994384991412,0.853200104493,00:00:02,10,60,44,1236052768,threshold_sweep,0.6,0,0,0,0,0,87,174,0,1,0,1,0,0,0,0.666666666667,0.666666666667,0,0,0,216,129,87,0,216,0,129,0,87,37,216,0.162162162162,1.32432432432,11.6756756757,21.6,6,8.1990990496,0.702237650082,0.31006006006,10.329336629,1.76937710775,0.765265265265,3.0868314707,0.528762798222,0.252752752753,0.579945114934,0.437917739848,2,1.32432432432,0.579945114934,2,0.0121701261701,0.00597269624573,7,0.000900900900901,0.621196581197,37,37,37,1,0,0.72972972973,0.243243243243,0.027027027027,37,0.0968468468468,1.32432432432,6.97297297297,12.9,3.58333333333,5.14504338869,0.737855059618,0.373769117955,6.18969404028,1.7753386007,0.773936727425,2.00861507874,0.576114402429,0.323486276975,0.579945114934,0.437917739848,2,1.32432432432,0.579945114934,2,0.0168649079065,0.00721732157177,3,0.0003861003861,0.255235966897,37,37,37,1,0,0.72972972973,0.243243243243,0.027027027027,37,129,0.0968468468468,1.32432432432,6.97297297297,12.9,3.58333333333,5.14504338869,0.737855059618,0.373769117955,6.18969404028,1.7753386007,0.773936727425,2.00861507874,0.576114402429,0.323486276975,0.579945114934,0.437917739848,2,1.32432432432,0.579945114934,2,0.0168649079065,0.00721732157177,3,0.0003861003861,0.255235966897,37,37,37,1,0,0.72972972973,0.243243243243,0.027027027027,-87,-0.0653153153153,0,-4.7027027027,-8.7,-2.41666666667,-3.05405566092,0.035617409536,0.0637090578951,-4.13964258872,0.00596149295594,0.00867146215983,-1.07821639197,0.0473516042063,0.0707335242219,0,0,0,0,0,0,0.00469478173636,0.00124462532604,-4,-0.000514800514801,-0.3659606143,0,0,0,129,0,87,1116,0.597222222222,1,0,0.402777777778,1,0.597222222222,0.747826086957,0.744332981734,0.597222222222,0.597222222222,0,87,0,0,0,0
2644,WLNM_dir_neg,0.994384991412,0.853200104493,00:00:02,10,60,44,1236052768,threshold_sweep,0.7,0,0,0,0,0,87,174,0,1,0,1,0,0,0,0.666666666667,0.666666666667,0,0,0,216,129,87,0,216,0,129,0,87,37,216,0.162162162162,1.32432432432,11.6756756757,21.6,6,8.1990990496,0.702237650082,0.31006006006,10.329336629,1.76937710775,0.765265265265,3.0868314707,0.528762798222,0.252752752753,0.579945114934,0.437917739848,2,1.32432432432,0.579945114934,2,0.0121701261701,0.00597269624573,7,0.000900900900901,0.621196581197,37,37,37,1,0,0.72972972973,0.243243243243,0.027027027027,37,0.0968468468468,1.32432432432,6.97297297297,12.9,3.58333333333,5.14504338869,0.737855059618,0.373769117955,6.18969404028,1.7753386007,0.773936727425,2.00861507874,0.576114402429,0.323486276975,0.579945114934,0.437917739848,2,1.32432432432,0.579945114934,2,0.0168649079065,0.00721732157177,3,0.0003861003861,0.255235966897,37,37,37,1,0,0.72972972973,0.243243243243,0.027027027027,37,129,0.0968468468468,1.32432432432,6.97297297297,12.9,3.58333333333,5.14504338869,0.737855059618,0.373769117955,6.18969404028,1.7753386007,0.773936727425,2.00861507874,0.576114402429,0.323486276975,0.579945114934,0.437917739848,2,1.32432432432,0.579945114934,2,0.0168649079065,0.00721732157177,3,0.0003861003861,0.255235966897,37,37,37,1,0,0.72972972973,0.243243243243,0.027027027027,-87,-0.0653153153153,0,-4.7027027027,-8.7,-2.41666666667,-3.05405566092,0.035617409536,0.0637090578951,-4.13964258872,0.00596149295594,0.00867146215983,-1.07821639197,0.0473516042063,0.0707335242219,0,0,0,0,0,0,0.00469478173636,0.00124462532604,-4,-0.000514800514801,-0.3659606143,0,0,0,129,0,87,1116,0.597222222222,1,0,0.402777777778,1,0.597222222222,0.747826086957,0.744332981734,0.597222222222,0.597222222222,0,87,0,0,0,0
2645,WLNM_dir_neg,0.994384991412,0.853200104493,00:00:02,10,60,44,1236052768,threshold_sweep,0.8,0,0,0,0,0,87,174,0,1,0,1,0,0,0,0.666666666667,0.666666666667,0,0,0,216,129,87,0,216,0,129,0,87,37,216,0.162162162162,1.32432432432,11.6756756757,21.6,6,8.1990990496,0.702237650082,0.31006006006,10.329336629,1.76937710775,0.765265265265,3.0868314707,0.528762798222,0.252752752753,0.579945114934,0.437917739848,2,1.32432432432,0.579945114934,2,0.0121701261701,0.00597269624573,7,0.000900900900901,0.621196581197,37,37,37,1,0,0.72972972973,0.243243243243,0.027027027027,37,0.0968468468468,1.32432432432,6.97297297297,12.9,3.58333333333,5.14504338869,0.737855059618,0.373769117955,6.18969404028,1.7753386007,0.773936727425,2.00861507874,0.576114402429,0.323486276975,0.579945114934,0.437917739848,2,1.32432432432,0.579945114934,2,0.0168649079065,0.00721732157177,3,0.0003861003861,0.255235966897,37,37,37,1,0,0.72972972973,0.243243243243,0.027027027027,37,129,0.0968468468468,1.32432432432,6.97297297297,12.9,3.58333333333,5.14504338869,0.737855059618,0.373769117955,6.18969404028,1.7753386007,0.773936727425,2.00861507874,0.576114402429,0.323486276975,0.579945114934,0.437917739848,2,1.32432432432,0.579945114934,2,0.0168649079065,0.00721732157177,3,0.0003861003861,0.255235966897,37,37,37,1,0,0.72972972973,0.243243243243,0.027027027027,-87,-0.0653153153153,0,-4.7027027027,-8.7,-2.41666666667,-3.05405566092,0.035617409536,0.0637090578951,-4.13964258872,0.00596149295594,0.00867146215983,-1.07821639197,0.0473516042063,0.0707335242219,0,0,0,0,0,0,0.00469478173636,0.00124462532604,-4,-0.000514800514801,-0.3659606143,0,0,0,129,0,87,1116,0.597222222222,1,0,0.402777777778,1,0.597222222222,0.747826086957,0.744332981734,0.597222222222,0.597222222222,0,87,0,0,0,0
2646,WLNM_dir_neg,0.994384991412,0.853200104493,00:00:02,10,60,44,1236052768,threshold_sweep,0.9,0,0,0,0,0,87,174,0,1,0,1,0,0,0,0.666666666667,0.666666666667,0,0,0,216,129,87,0,216,0,129,0,87,37,216,0.162162162162,1.32432432432,11.6756756757,21.6,6,8.1990990496,0.702237650082,0.31006006006,10.329336629,1.76937710775,0.765265265265,3.0868314707,0.528762798222,0.252752752753,0.579945114934,0.437917739848,2,1.32432432432,0.579945114934,2,0.0121701261701,0.00597269624573,7,0.000900900900901,0.621196581197,37,37,37,1,0,0.72972972973,0.243243243243,0.027027027027,37,0.0968468468468,1.32432432432,6.97297297297,12.9,3.58333333333,5.14504338869,0.737855059618,0.373769117955,6.18969404028,1.7753386007,0.773936727425,2.00861507874,0.576114402429,0.323486276975,0.579945114934,0.437917739848,2,1.32432432432,0.579945114934,2,0.0168649079065,0.00721732157177,3,0.0003861003861,0.255235966897,37,37,37,1,0,0.72972972973,0.243243243243,0.027027027027,37,129,0.0968468468468,1.32432432432,6.97297297297,12.9,3.58333333333,5.14504338869,0.737855059618,0.373769117955,6.18969404028,1.7753386007,0.773936727425,2.00861507874,0.576114402429,0.323486276975,0.579945114934,0.437917739848,2,1.32432432432,0.579945114934,2,0.0168649079065,0.00721732157177,3,0.0003861003861,0.255235966897,37,37,37,1,0,0.72972972973,0.243243243243,0.027027027027,-87,-0.0653153153153,0,-4.7027027027,-8.7,-2.41666666667,-3.05405566092,0.035617409536,0.0637090578951,-4.13964258872,0.00596149295594,0.00867146215983,-1.07821639197,0.0473516042063,0.0707335242219,0,0,0,0,0,0,0.00469478173636,0.00124462532604,-4,-0.000514800514801,-0.3659606143,0,0,0,129,0,87,1116,0.597222222222,1,0,0.402777777778,1,0.597222222222,0.747826086957,0.744332981734,0.597222222222,0.597222222222,0,87,0,0,0,0
2647,WLNM_dir_neg,0.973906724799,0.807872945248,00:00:02,10,60,45,1236052769,threshold_sweep,0.1,1,0.0344827586207,0.0666666666667,3,0,84,174,0.0344827586207,1,0,0.965517241379,1,0.0344827586207,0.0666666666667,0.67816091954,0.662835249042,0.0454545454545,0.152498570333,0.0344827586207,216,129,87,0,216,0,129,0,87,37,216,0.162162162162,1.32432432432,11.6756756757,21.6,6,8.1990990496,0.702237650082,0.31006006006,10.329336629,1.76937710775,0.765265265265,3.0868314707,0.528762798222,0.252752752753,0.579945114934,0.437917739848,2,1.32432432432,0.579945114934,2,0.0121701261701,0.00597269624573,7,0.000900900900901,0.621196581197,37,37,37,1,0,0.72972972973,0.243243243243,0.027027027027,37,0.0968468468468,1.32882882883,6.97297297297,12.9,3.79411764706,5.20942781293,0.7470884848,0.378587890216,6.34482125491,1.81983245296,0.784831342971,2.29276181858,0.657613854943,0.368740833857,0.593803505044,0.446862298711,2.16666666667,1.33796296296,0.5995846593,2.16666666667,0.00690476190476,0.00238284352661,1,0.0001287001287,0.27175882357,37,36,36,0.972972972973,0,0.702702702703,0.216216216216,0.0540540540541,37,132,0.0990990990991,1.3277027027,7.13513513514,13.2,3.77142857143,5.31853239031,0.745400372884,0.379811629812,6.37504048153,1.78694316528,0.77886977887,2.20530346287,0.618153243381,0.346846846847,0.590250176002,0.444565018057,2.125,1.33680555556,0.595983164645,2.125,0.0125510204082,0.0068233510235,3,0.0003861003861,0.2763884532,37,36,36,0.972972972973,0,0.702702702703,0.243243243243,0.027027027027,-84,-0.0630630630631,0.00337837837838,-4.54054054054,-8.4,-2.22857142857,-2.88056665929,0.0431627228026,0.0697515697516,-3.95429614747,0.0175660575319,0.0136045136045,-0.88152800783,0.0893904451589,0.0940940940941,0.0103050610674,0.00664727820894,0.125,0.0124812312312,0.0160380497101,0.125,0.000380894238037,0.000850654777769,-4,-0.000514800514801,-0.344808127997,-0.027027027027,0,0,132,0,84,1116,0.611111111111,1,0,0.388888888889,1,0.611111111111,0.758620689655,0.753878858527,0.611111111111,0.611111111111,3,87,0,0,0,0
2648,WLNM_dir_neg,0.973906724799,0.807872945248,00:00:02,10,60,45,1236052769,threshold_sweep,0.2,1,0.0114942528736,0.0227272727273,1,0,86,174,0.0114942528736,1,0,0.988505747126,1,0.0114942528736,0.0227272727273,0.670498084291,0.665389527458,0.0152671755725,0.0877058019307,0.0114942528736,216,129,87,0,216,0,129,0,87,37,216,0.162162162162,1.32432432432,11.6756756757,21.6,6,8.1990990496,0.702237650082,0.31006006006,10.329336629,1.76937710775,0.765265265265,3.0868314707,0.528762798222,0.252752752753,0.579945114934,0.437917739848,2,1.32432432432,0.579945114934,2,0.0121701261701,0.00597269624573,7,0.000900900900901,0.621196581197,37,37,37,1,0,0.72972972973,0.243243243243,0.027027027027,37,0.0968468468468,1.32882882883,6.97297297297,12.9,3.79411764706,5.20942781293,0.7470884848,0.378587890216,6.34482125491,1.81983245296,0.784831342971,2.29276181858,0.657613854943,0.368740833857,0.593803505044,0.446862298711,2.16666666667,1.33796296296,0.5995846593,2.16666666667,0.00690476190476,0.00238284352661,1,0.0001287001287,0.27175882357,37,36,36,0.972972972973,0,0.702702702703,0.216216216216,0.0540540540541,37,130,0.0975975975976,1.32882882883,7.02702702703,13,3.71428571429,5.25719869685,0.748139814551,0.377754677755,6.34482125491,1.80583374178,0.782536382536,2.25612280031,0.64212725855,0.359251559252,0.593803505044,0.446862298711,2.16666666667,1.33796296296,0.5995846593,2.16666666667,0.005,0.00234192037471,1,0.0001287001287,0.271450181595,37,36,36,0.972972972973,0,0.702702702703,0.243243243243,0.027027027027,-86,-0.0645645645646,0.0045045045045,-4.64864864865,-8.6,-2.28571428571,-2.94190035276,0.0459021644696,0.0676946176946,-3.98451537409,0.0364566340367,0.0172711172711,-0.830708670391,0.113364460328,0.106498806499,0.0138583901096,0.00894455886265,0.166666666667,0.0136386386386,0.019639544366,0.166666666667,-0.00717012617013,-0.00363077587103,-6,-0.000772200772201,-0.349746399601,-0.027027027027,0,0,130,0,86,1116,0.601851851852,1,0,0.398148148148,1,0.601851851852,0.751445086705,0.747523179606,0.601851851852,0.601851851852,1,87,0,0,0,0
2649,WLNM_dir_neg,0.973906724799,0.807872945248,00:00:02,10,60,45,1236052769,threshold_sweep,0.3,1,0.0114942528736,0.0227272727273,1,0,86,174,0.0114942528736,1,0,0.988505747126,1,0.0114942528736,0.0227272727273,0.670498084291,0.665389527458,0.0152671755725,0.0877058019307,0.0114942528736,216,129,87,0,216,0,129,0,87,37,216,0.162162162162,1.32432432432,11.6756756757,21.6,6,8.1990990496,0.702237650082,0.31006006006,10.329336629,1.76937710775,0.765265265265,3.0868314707,0.528762798222,0.252752752753,0.579945114934,0.437917739848,2,1.32432432432,0.579945114934,2,0.0121701261701,0.00597269624573,7,0.000900900900901,0.621196581197,37,37,37,1,0,0.72972972973,0.243243243243,0.027027027027,37,0.0968468468468,1.32882882883,6.97297297297,12.9,3.79411764706,5.20942781293,0.7470884848,0.378587890216,6.34482125491,1.81983245296,0.784831342971,2.29276181858,0.657613854943,0.368740833857,0.593803505044,0.446862298711,2.16666666667,1.33796296296,0.5995846593,2.16666666667,0.00690476190476,0.00238284352661,1,0.0001287001287,0.27175882357,37,36,36,0.972972972973,0,0.702702702703,0.216216216216,0.0540540540541,37,130,0.0975975975976,1.32882882883,7.02702702703,13,3.71428571429,5.25719869685,0.748139814551,0.377754677755,6.34482125491,1.80583374178,0.782536382536,2.25612280031,0.64212725855,0.359251559252,0.593803505044,0.446862298711,2.16666666667,1.33796296296,0.5995846593,2.16666666667,0.005,0.00234192037471,1,0.0001287001287,0.271450181595,37,36,36,0.972972972973,0,0.702702702703,0.243243243243,0.027027027027,-86,-0.0645645645646,0.0045045045045,-4.64864864865,-8.6,-2.28571428571,-2.94190035276,0.0459021644696,0.0676946176946,-3.98451537409,0.0364566340367,0.0172711172711,-0.830708670391,0.113364460328,0.106498806499,0.0138583901096,0.00894455886265,0.166666666667,0.0136386386386,0.019639544366,0.166666666667,-0.00717012617013,-0.00363077587103,-6,-0.000772200772201,-0.349746399601,-0.027027027027,0,0,130,0,86,1116,0.601851851852,1,0,0.398148148148,1,0.601851851852,0.751445086705,0.747523179606,0.601851851852,0.601851851852,1,87,0,0,0,0
2650,WLNM_dir_neg,0.973906724799,0.807872945248,00:00:02,10,60,45,1236052769,threshold_sweep,0.4,1,0.0114942528736,0.0227272727273,1,0,86,174,0.0114942528736,1,0,0.988505747126,1,0.0114942528736,0.0227272727273,0.670498084291,0.665389527458,0.0152671755725,0.0877058019307,0.0114942528736,216,129,87,0,216,0,129,0,87,37,216,0.162162162162,1.32432432432,11.6756756757,21.6,6,8.1990990496,0.702237650082,0.31006006006,10.329336629,1.76937710775,0.765265265265,3.0868314707,0.528762798222,0.252752752753,0.579945114934,0.437917739848,2,1.32432432432,0.579945114934,2,0.0121701261701,0.00597269624573,7,0.000900900900901,0.621196581197,37,37,37,1,0,0.72972972973,0.243243243243,0.027027027027,37,0.0968468468468,1.32882882883,6.97297297297,12.9,3.79411764706,5.20942781293,0.7470884848,0.378587890216,6.34482125491,1.81983245296,0.784831342971,2.29276181858,0.657613854943,0.368740833857,0.593803505044,0.446862298711,2.16666666667,1.33796296296,0.5995846593,2.16666666667,0.00690476190476,0.00238284352661,1,0.0001287001287,0.27175882357,37,36,36,0.972972972973,0,0.702702702703,0.216216216216,0.0540540540541,37,130,0.0975975975976,1.32882882883,7.02702702703,13,3.71428571429,5.25719869685,0.748139814551,0.377754677755,6.34482125491,1.80583374178,0.782536382536,2.25612280031,0.64212725855,0.359251559252,0.593803505044,0.446862298711,2.16666666667,1.33796296296,0.5995846593,2.16666666667,0.005,0.00234192037471,1,0.0001287001287,0.271450181595,37,36,36,0.972972972973,0,0.702702702703,0.243243243243,0.027027027027,-86,-0.0645645645646,0.0045045045045,-4.64864864865,-8.6,-2.28571428571,-2.94190035276,0.0459021644696,0.0676946176946,-3.98451537409,0.0364566340367,0.0172711172711,-0.830708670391,0.113364460328,0.106498806499,0.0138583901096,0.00894455886265,0.166666666667,0.0136386386386,0.019639544366,0.166666666667,-0.00717012617013,-0.00363077587103,-6,-0.000772200772201,-0.349746399601,-0.027027027027,0,0,130,0,86,1116,0.601851851852,1,0,0.398148148148,1,0.601851851852,0.751445086705,0.747523179606,0.601851851852,0.601851851852,1,87,0,0,0,0
2651,WLNM_dir_neg,0.973906724799,0.807872945248,00:00:02,10,60,45,1236052769,threshold_sweep,0.5,1,0.0114942528736,0.0227272727273,1,0,86,174,0.0114942528736,1,0,0.988505747126,1,0.0114942528736,0.0227272727273,0.670498084291,0.665389527458,0.0152671755725,0.0877058019307,0.0114942528736,216,129,87,0,216,0,129,0,87,37,216,0.162162162162,1.32432432432,11.6756756757,21.6,6,8.1990990496,0.702237650082,0.31006006006,10.329336629,1.76937710775,0.765265265265,3.0868314707,0.528762798222,0.252752752753,0.579945114934,0.437917739848,2,1.32432432432,0.579945114934,2,0.0121701261701,0.00597269624573,7,0.000900900900901,0.621196581197,37,37,37,1,0,0.72972972973,0.243243243243,0.027027027027,37,0.0968468468468,1.32882882883,6.97297297297,12.9,3.79411764706,5.20942781293,0.7470884848,0.378587890216,6.34482125491,1.81983245296,0.784831342971,2.29276181858,0.657613854943,0.368740833857,0.593803505044,0.446862298711,2.16666666667,1.33796296296,0.5995846593,2.16666666667,0.00690476190476,0.00238284352661,1,0.0001287001287,0.27175882357,37,36,36,0.972972972973,0,0.702702702703,0.216216216216,0.0540540540541,37,130,0.0975975975976,1.32882882883,7.02702702703,13,3.71428571429,5.25719869685,0.748139814551,0.377754677755,6.34482125491,1.80583374178,0.782536382536,2.25612280031,0.64212725855,0.359251559252,0.593803505044,0.446862298711,2.16666666667,1.33796296296,0.5995846593,2.16666666667,0.005,0.00234192037471,1,0.0001287001287,0.271450181595,37,36,36,0.972972972973,0,0.702702702703,0.243243243243,0.027027027027,-86,-0.0645645645646,0.0045045045045,-4.64864864865,-8.6,-2.28571428571,-2.94190035276,0.0459021644696,0.0676946176946,-3.98451537409,0.0364566340367,0.0172711172711,-0.830708670391,0.113364460328,0.106498806499,0.0138583901096,0.00894455886265,0.166666666667,0.0136386386386,0.019639544366,0.166666666667,-0.00717012617013,-0.00363077587103,-6,-0.000772200772201,-0.349746399601,-0.027027027027,0,0,130,0,86,1116,0.601851851852,1,0,0.398148148148,1,0.601851851852,0.751445086705,0.747523179606,0.601851851852,0.601851851852,1,87,0,0,0,0
2652,WLNM_dir_neg,0.973906724799,0.807872945248,00:00:02,10,60,45,1236052769,threshold_sweep,0.6,1,0.0114942528736,0.0227272727273,1,0,86,174,0.0114942528736,1,0,0.988505747126,1,0.0114942528736,0.0227272727273,0.670498084291,0.665389527458,0.0152671755725,0.0877058019307,0.0114942528736,216,129,87,0,216,0,129,0,87,37,216,0.162162162162,1.32432432432,11.6756756757,21.6,6,8.1990990496,0.702237650082,0.31006006006,10.329336629,1.76937710775,0.765265265265,3.0868314707,0.528762798222,0.252752752753,0.579945114934,0.437917739848,2,1.32432432432,0.579945114934,2,0.0121701261701,0.00597269624573,7,0.000900900900901,0.621196581197,37,37,37,1,0,0.72972972973,0.243243243243,0.027027027027,37,0.0968468468468,1.32882882883,6.97297297297,12.9,3.79411764706,5.20942781293,0.7470884848,0.378587890216,6.34482125491,1.81983245296,0.784831342971,2.29276181858,0.657613854943,0.368740833857,0.593803505044,0.446862298711,2.16666666667,1.33796296296,0.5995846593,2.16666666667,0.00690476190476,0.00238284352661,1,0.0001287001287,0.27175882357,37,36,36,0.972972972973,0,0.702702702703,0.216216216216,0.0540540540541,37,130,0.0975975975976,1.32882882883,7.02702702703,13,3.71428571429,5.25719869685,0.748139814551,0.377754677755,6.34482125491,1.80583374178,0.782536382536,2.25612280031,0.64212725855,0.359251559252,0.593803505044,0.446862298711,2.16666666667,1.33796296296,0.5995846593,2.16666666667,0.005,0.00234192037471,1,0.0001287001287,0.271450181595,37,36,36,0.972972972973,0,0.702702702703,0.243243243243,0.027027027027,-86,-0.0645645645646,0.0045045045045,-4.64864864865,-8.6,-2.28571428571,-2.94190035276,0.0459021644696,0.0676946176946,-3.98451537409,0.0364566340367,0.0172711172711,-0.830708670391,0.113364460328,0.106498806499,0.0138583901096,0.00894455886265,0.166666666667,0.0136386386386,0.019639544366,0.166666666667,-0.00717012617013,-0.00363077587103,-6,-0.000772200772201,-0.349746399601,-0.027027027027,0,0,130,0,86,1116,0.601851851852,1,0,0.398148148148,1,0.601851851852,0.751445086705,0.747523179606,0.601851851852,0.601851851852,1,87,0,0,0,0
2653,WLNM_dir_neg,0.973906724799,0.807872945248,00:00:02,10,60,45,1236052769,threshold_sweep,0.7,1,0.0114942528736,0.0227272727273,1,0,86,174,0.0114942528736,1,0,0.988505747126,1,0.0114942528736,0.0227272727273,0.670498084291,0.665389527458,0.0152671755725,0.0877058019307,0.0114942528736,216,129,87,0,216,0,129,0,87,37,216,0.162162162162,1.32432432432,11.6756756757,21.6,6,8.1990990496,0.702237650082,0.31006006006,10.329336629,1.76937710775,0.765265265265,3.0868314707,0.528762798222,0.252752752753,0.579945114934,0.437917739848,2,1.32432432432,0.579945114934,2,0.0121701261701,0.00597269624573,7,0.000900900900901,0.621196581197,37,37,37,1,0,0.72972972973,0.243243243243,0.027027027027,37,0.0968468468468,1.32882882883,6.97297297297,12.9,3.79411764706,5.20942781293,0.7470884848,0.378587890216,6.34482125491,1.81983245296,0.784831342971,2.29276181858,0.657613854943,0.368740833857,0.593803505044,0.446862298711,2.16666666667,1.33796296296,0.5995846593,2.16666666667,0.00690476190476,0.00238284352661,1,0.0001287001287,0.27175882357,37,36,36,0.972972972973,0,0.702702702703,0.216216216216,0.0540540540541,37,130,0.0975975975976,1.32882882883,7.02702702703,13,3.71428571429,5.25719869685,0.748139814551,0.377754677755,6.34482125491,1.80583374178,0.782536382536,2.25612280031,0.64212725855,0.359251559252,0.593803505044,0.446862298711,2.16666666667,1.33796296296,0.5995846593,2.16666666667,0.005,0.00234192037471,1,0.0001287001287,0.271450181595,37,36,36,0.972972972973,0,0.702702702703,0.243243243243,0.027027027027,-86,-0.0645645645646,0.0045045045045,-4.64864864865,-8.6,-2.28571428571,-2.94190035276,0.0459021644696,0.0676946176946,-3.98451537409,0.0364566340367,0.0172711172711,-0.830708670391,0.113364460328,0.106498806499,0.0138583901096,0.00894455886265,0.166666666667,0.0136386386386,0.019639544366,0.166666666667,-0.00717012617013,-0.00363077587103,-6,-0.000772200772201,-0.349746399601,-0.027027027027,0,0,130,0,86,1116,0.601851851852,1,0,0.398148148148,1,0.601851851852,0.751445086705,0.747523179606,0.601851851852,0.601851851852,1,87,0,0,0,0
2654,WLNM_dir_neg,0.973906724799,0.807872945248,00:00:02,10,60,45,1236052769,threshold_sweep,0.8,1,0.0114942528736,0.0227272727273,1,0,86,174,0.0114942528736,1,0,0.988505747126,1,0.0114942528736,0.0227272727273,0.670498084291,0.665389527458,0.0152671755725,0.0877058019307,0.0114942528736,216,129,87,0,216,0,129,0,87,37,216,0.162162162162,1.32432432432,11.6756756757,21.6,6,8.1990990496,0.702237650082,0.31006006006,10.329336629,1.76937710775,0.765265265265,3.0868314707,0.528762798222,0.252752752753,0.579945114934,0.437917739848,2,1.32432432432,0.579945114934,2,0.0121701261701,0.00597269624573,7,0.000900900900901,0.621196581197,37,37,37,1,0,0.72972972973,0.243243243243,0.027027027027,37,0.0968468468468,1.32882882883,6.97297297297,12.9,3.79411764706,5.20942781293,0.7470884848,0.378587890216,6.34482125491,1.81983245296,0.784831342971,2.29276181858,0.657613854943,0.368740833857,0.593803505044,0.446862298711,2.16666666667,1.33796296296,0.5995846593,2.16666666667,0.00690476190476,0.00238284352661,1,0.0001287001287,0.27175882357,37,36,36,0.972972972973,0,0.702702702703,0.216216216216,0.0540540540541,37,130,0.0975975975976,1.32882882883,7.02702702703,13,3.71428571429,5.25719869685,0.748139814551,0.377754677755,6.34482125491,1.80583374178,0.782536382536,2.25612280031,0.64212725855,0.359251559252,0.593803505044,0.446862298711,2.16666666667,1.33796296296,0.5995846593,2.16666666667,0.005,0.00234192037471,1,0.0001287001287,0.271450181595,37,36,36,0.972972972973,0,0.702702702703,0.243243243243,0.027027027027,-86,-0.0645645645646,0.0045045045045,-4.64864864865,-8.6,-2.28571428571,-2.94190035276,0.0459021644696,0.0676946176946,-3.98451537409,0.0364566340367,0.0172711172711,-0.830708670391,0.113364460328,0.106498806499,0.0138583901096,0.00894455886265,0.166666666667,0.0136386386386,0.019639544366,0.166666666667,-0.00717012617013,-0.00363077587103,-6,-0.000772200772201,-0.349746399601,-0.027027027027,0,0,130,0,86,1116,0.601851851852,1,0,0.398148148148,1,0.601851851852,0.751445086705,0.747523179606,0.601851851852,0.601851851852,1,87,0,0,0,0
2655,WLNM_dir_neg,0.973906724799,0.807872945248,00:00:02,10,60,45,1236052769,threshold_sweep,0.9,1,0.0114942528736,0.0227272727273,1,0,86,174,0.0114942528736,1,0,0.988505747126,1,0.0114942528736,0.0227272727273,0.670498084291,0.665389527458,0.0152671755725,0.0877058019307,0.0114942528736,216,129,87,0,216,0,129,0,87,37,216,0.162162162162,1.32432432432,11.6756756757,21.6,6,8.1990990496,0.702237650082,0.31006006006,10.329336629,1.76937710775,0.765265265265,3.0868314707,0.528762798222,0.252752752753,0.579945114934,0.437917739848,2,1.32432432432,0.579945114934,2,0.0121701261701,0.00597269624573,7,0.000900900900901,0.621196581197,37,37,37,1,0,0.72972972973,0.243243243243,0.027027027027,37,0.0968468468468,1.32882882883,6.97297297297,12.9,3.79411764706,5.20942781293,0.7470884848,0.378587890216,6.34482125491,1.81983245296,0.784831342971,2.29276181858,0.657613854943,0.368740833857,0.593803505044,0.446862298711,2.16666666667,1.33796296296,0.5995846593,2.16666666667,0.00690476190476,0.00238284352661,1,0.0001287001287,0.27175882357,37,36,36,0.972972972973,0,0.702702702703,0.216216216216,0.0540540540541,37,130,0.0975975975976,1.32882882883,7.02702702703,13,3.71428571429,5.25719869685,0.748139814551,0.377754677755,6.34482125491,1.80583374178,0.782536382536,2.25612280031,0.64212725855,0.359251559252,0.593803505044,0.446862298711,2.16666666667,1.33796296296,0.5995846593,2.16666666667,0.005,0.00234192037471,1,0.0001287001287,0.271450181595,37,36,36,0.972972972973,0,0.702702702703,0.243243243243,0.027027027027,-86,-0.0645645645646,0.0045045045045,-4.64864864865,-8.6,-2.28571428571,-2.94190035276,0.0459021644696,0.0676946176946,-3.98451537409,0.0364566340367,0.0172711172711,-0.830708670391,0.113364460328,0.106498806499,0.0138583901096,0.00894455886265,0.166666666667,0.0136386386386,0.019639544366,0.166666666667,-0.00717012617013,-0.00363077587103,-6,-0.000772200772201,-0.349746399601,-0.027027027027,0,0,130,0,86,1116,0.601851851852,1,0,0.398148148148,1,0.601851851852,0.751445086705,0.747523179606,0.601851851852,0.601851851852,1,87,0,0,0,0
2656,WLNM_dir_neg,0.981371383274,0.850516408462,00:00:02,10,60,46,1236052770,threshold_sweep,0.1,0.888888888889,0.0919540229885,0.166666666667,8,1,79,173,0.0919540229885,0.994252873563,0.00574712643678,0.908045977011,0.888888888889,0.0919540229885,0.166666666667,0.693486590038,0.655172413793,0.111111111111,0.222717701594,0.0862068965517,216,129,87,0,216,0,129,0,87,37,216,0.162162162162,1.32432432432,11.6756756757,21.6,6,8.1990990496,0.702237650082,0.31006006006,10.329336629,1.76937710775,0.765265265265,3.0868314707,0.528762798222,0.252752752753,0.579945114934,0.437917739848,2,1.32432432432,0.579945114934,2,0.0121701261701,0.00597269624573,7,0.000900900900901,0.621196581197,37,37,37,1,0,0.72972972973,0.243243243243,0.027027027027,37,0.0968468468468,1.32972972973,6.97297297297,12.9,4.03125,5.18805511882,0.744023408513,0.373140582443,6.26995313478,1.79835865106,0.778126964173,2.30484539879,0.661079688024,0.369578881207,0.59668755311,0.448728444412,2.2,1.34857142857,0.608455822057,2.2,0.0117656887316,0.00478087649402,2,0.0002574002574,0.27871604975,37,35,35,0.945945945946,0,0.675675675676,0.189189189189,0.0810810810811,37,138,0.103603603604,1.32432432432,7.45945945946,13.8,3.94285714286,5.49542534293,0.736705571335,0.378770074422,6.39725917287,1.71520716954,0.761065413239,2.02276829904,0.542336428003,0.300822561692,0.579945114934,0.437917739848,2,1.33333333333,0.585540043769,2,0.0131632653061,0.016724738676,8,0.0010296010296,0.290144621178,37,36,36,0.972972972973,0,0.702702702703,0.243243243243,0.027027027027,-78,-0.0585585585586,0,-4.21621621622,-7.8,-2.05714285714,-2.70367370668,0.0344679212527,0.0687100143622,-3.93207745613,-0.0541699382065,-0.00419985202594,-1.06406317167,0.0135736297804,0.0480698089394,0,0,0,0.00900900900901,0.00559492883467,0,0.000993139135996,0.0107520424302,1,0.0001287001287,-0.331051960018,-0.027027027027,0,0,137,1,79,1115,0.634259259259,0.999103942652,0.00089605734767,0.365740740741,0.992753623188,0.634259259259,0.774011299435,0.766072890133,0.633363201912,0.63133640553,9,87,0,0,0,0
2657,WLNM_dir_neg,0.981371383274,0.850516408462,00:00:02,10,60,46,1236052770,threshold_sweep,0.2,0.888888888889,0.0919540229885,0.166666666667,8,1,79,173,0.0919540229885,0.994252873563,0.00574712643678,0.908045977011,0.888888888889,0.0919540229885,0.166666666667,0.693486590038,0.655172413793,0.111111111111,0.222717701594,0.0862068965517,216,129,87,0,216,0,129,0,87,37,216,0.162162162162,1.32432432432,11.6756756757,21.6,6,8.1990990496,0.702237650082,0.31006006006,10.329336629,1.76937710775,0.765265265265,3.0868314707,0.528762798222,0.252752752753,0.579945114934,0.437917739848,2,1.32432432432,0.579945114934,2,0.0121701261701,0.00597269624573,7,0.000900900900901,0.621196581197,37,37,37,1,0,0.72972972973,0.243243243243,0.027027027027,37,0.0968468468468,1.32972972973,6.97297297297,12.9,4.03125,5.18805511882,0.744023408513,0.373140582443,6.26995313478,1.79835865106,0.778126964173,2.30484539879,0.661079688024,0.369578881207,0.59668755311,0.448728444412,2.2,1.34857142857,0.608455822057,2.2,0.0117656887316,0.00478087649402,2,0.0002574002574,0.27871604975,37,35,35,0.945945945946,0,0.675675675676,0.189189189189,0.0810810810811,37,138,0.103603603604,1.32432432432,7.45945945946,13.8,3.94285714286,5.49542534293,0.736705571335,0.378770074422,6.39725917287,1.71520716954,0.761065413239,2.02276829904,0.542336428003,0.300822561692,0.579945114934,0.437917739848,2,1.33333333333,0.585540043769,2,0.0131632653061,0.016724738676,8,0.0010296010296,0.290144621178,37,36,36,0.972972972973,0,0.702702702703,0.243243243243,0.027027027027,-78,-0.0585585585586,0,-4.21621621622,-7.8,-2.05714285714,-2.70367370668,0.0344679212527,0.0687100143622,-3.93207745613,-0.0541699382065,-0.00419985202594,-1.06406317167,0.0135736297804,0.0480698089394,0,0,0,0.00900900900901,0.00559492883467,0,0.000993139135996,0.0107520424302,1,0.0001287001287,-0.331051960018,-0.027027027027,0,0,137,1,79,1115,0.634259259259,0.999103942652,0.00089605734767,0.365740740741,0.992753623188,0.634259259259,0.774011299435,0.766072890133,0.633363201912,0.63133640553,9,87,0,0,0,0
2658,WLNM_dir_neg,0.981371383274,0.850516408462,00:00:02,10,60,46,1236052770,threshold_sweep,0.3,0.888888888889,0.0919540229885,0.166666666667,8,1,79,173,0.0919540229885,0.994252873563,0.00574712643678,0.908045977011,0.888888888889,0.0919540229885,0.166666666667,0.693486590038,0.655172413793,0.111111111111,0.222717701594,0.0862068965517,216,129,87,0,216,0,129,0,87,37,216,0.162162162162,1.32432432432,11.6756756757,21.6,6,8.1990990496,0.702237650082,0.31006006006,10.329336629,1.76937710775,0.765265265265,3.0868314707,0.528762798222,0.252752752753,0.579945114934,0.437917739848,2,1.32432432432,0.579945114934,2,0.0121701261701,0.00597269624573,7,0.000900900900901,0.621196581197,37,37,37,1,0,0.72972972973,0.243243243243,0.027027027027,37,0.0968468468468,1.32972972973,6.97297297297,12.9,4.03125,5.18805511882,0.744023408513,0.373140582443,6.26995313478,1.79835865106,0.778126964173,2.30484539879,0.661079688024,0.369578881207,0.59668755311,0.448728444412,2.2,1.34857142857,0.608455822057,2.2,0.0117656887316,0.00478087649402,2,0.0002574002574,0.27871604975,37,35,35,0.945945945946,0,0.675675675676,0.189189189189,0.0810810810811,37,138,0.103603603604,1.32432432432,7.45945945946,13.8,3.94285714286,5.49542534293,0.736705571335,0.378770074422,6.39725917287,1.71520716954,0.761065413239,2.02276829904,0.542336428003,0.300822561692,0.579945114934,0.437917739848,2,1.33333333333,0.585540043769,2,0.0131632653061,0.016724738676,8,0.0010296010296,0.290144621178,37,36,36,0.972972972973,0,0.702702702703,0.243243243243,0.027027027027,-78,-0.0585585585586,0,-4.21621621622,-7.8,-2.05714285714,-2.70367370668,0.0344679212527,0.0687100143622,-3.93207745613,-0.0541699382065,-0.00419985202594,-1.06406317167,0.0135736297804,0.0480698089394,0,0,0,0.00900900900901,0.00559492883467,0,0.000993139135996,0.0107520424302,1,0.0001287001287,-0.331051960018,-0.027027027027,0,0,137,1,79,1115,0.634259259259,0.999103942652,0.00089605734767,0.365740740741,0.992753623188,0.634259259259,0.774011299435,0.766072890133,0.633363201912,0.63133640553,9,87,0,0,0,0
2659,WLNM_dir_neg,0.981371383274,0.850516408462,00:00:02,10,60,46,1236052770,threshold_sweep,0.4,0.888888888889,0.0919540229885,0.166666666667,8,1,79,173,0.0919540229885,0.994252873563,0.00574712643678,0.908045977011,0.888888888889,0.0919540229885,0.166666666667,0.693486590038,0.655172413793,0.111111111111,0.222717701594,0.0862068965517,216,129,87,0,216,0,129,0,87,37,216,0.162162162162,1.32432432432,11.6756756757,21.6,6,8.1990990496,0.702237650082,0.31006006006,10.329336629,1.76937710775,0.765265265265,3.0868314707,0.528762798222,0.252752752753,0.579945114934,0.437917739848,2,1.32432432432,0.579945114934,2,0.0121701261701,0.00597269624573,7,0.000900900900901,0.621196581197,37,37,37,1,0,0.72972972973,0.243243243243,0.027027027027,37,0.0968468468468,1.32972972973,6.97297297297,12.9,4.03125,5.18805511882,0.744023408513,0.373140582443,6.26995313478,1.79835865106,0.778126964173,2.30484539879,0.661079688024,0.369578881207,0.59668755311,0.448728444412,2.2,1.34857142857,0.608455822057,2.2,0.0117656887316,0.00478087649402,2,0.0002574002574,0.27871604975,37,35,35,0.945945945946,0,0.675675675676,0.189189189189,0.0810810810811,37,138,0.103603603604,1.32432432432,7.45945945946,13.8,3.94285714286,5.49542534293,0.736705571335,0.378770074422,6.39725917287,1.71520716954,0.761065413239,2.02276829904,0.542336428003,0.300822561692,0.579945114934,0.437917739848,2,1.33333333333,0.585540043769,2,0.0131632653061,0.016724738676,8,0.0010296010296,0.290144621178,37,36,36,0.972972972973,0,0.702702702703,0.243243243243,0.027027027027,-78,-0.0585585585586,0,-4.21621621622,-7.8,-2.05714285714,-2.70367370668,0.0344679212527,0.0687100143622,-3.93207745613,-0.0541699382065,-0.00419985202594,-1.06406317167,0.0135736297804,0.0480698089394,0,0,0,0.00900900900901,0.00559492883467,0,0.000993139135996,0.0107520424302,1,0.0001287001287,-0.331051960018,-0.027027027027,0,0,137,1,79,1115,0.634259259259,0.999103942652,0.00089605734767,0.365740740741,0.992753623188,0.634259259259,0.774011299435,0.766072890133,0.633363201912,0.63133640553,9,87,0,0,0,0
2660,WLNM_dir_neg,0.981371383274,0.850516408462,00:00:02,10,60,46,1236052770,threshold_sweep,0.5,0.888888888889,0.0919540229885,0.166666666667,8,1,79,173,0.0919540229885,0.994252873563,0.00574712643678,0.908045977011,0.888888888889,0.0919540229885,0.166666666667,0.693486590038,0.655172413793,0.111111111111,0.222717701594,0.0862068965517,216,129,87,0,216,0,129,0,87,37,216,0.162162162162,1.32432432432,11.6756756757,21.6,6,8.1990990496,0.702237650082,0.31006006006,10.329336629,1.76937710775,0.765265265265,3.0868314707,0.528762798222,0.252752752753,0.579945114934,0.437917739848,2,1.32432432432,0.579945114934,2,0.0121701261701,0.00597269624573,7,0.000900900900901,0.621196581197,37,37,37,1,0,0.72972972973,0.243243243243,0.027027027027,37,0.0968468468468,1.32972972973,6.97297297297,12.9,4.03125,5.18805511882,0.744023408513,0.373140582443,6.26995313478,1.79835865106,0.778126964173,2.30484539879,0.661079688024,0.369578881207,0.59668755311,0.448728444412,2.2,1.34857142857,0.608455822057,2.2,0.0117656887316,0.00478087649402,2,0.0002574002574,0.27871604975,37,35,35,0.945945945946,0,0.675675675676,0.189189189189,0.0810810810811,37,138,0.103603603604,1.32432432432,7.45945945946,13.8,3.94285714286,5.49542534293,0.736705571335,0.378770074422,6.39725917287,1.71520716954,0.761065413239,2.02276829904,0.542336428003,0.300822561692,0.579945114934,0.437917739848,2,1.33333333333,0.585540043769,2,0.0131632653061,0.016724738676,8,0.0010296010296,0.290144621178,37,36,36,0.972972972973,0,0.702702702703,0.243243243243,0.027027027027,-78,-0.0585585585586,0,-4.21621621622,-7.8,-2.05714285714,-2.70367370668,0.0344679212527,0.0687100143622,-3.93207745613,-0.0541699382065,-0.00419985202594,-1.06406317167,0.0135736297804,0.0480698089394,0,0,0,0.00900900900901,0.00559492883467,0,0.000993139135996,0.0107520424302,1,0.0001287001287,-0.331051960018,-0.027027027027,0,0,137,1,79,1115,0.634259259259,0.999103942652,0.00089605734767,0.365740740741,0.992753623188,0.634259259259,0.774011299435,0.766072890133,0.633363201912,0.63133640553,9,87,0,0,0,0
2661,WLNM_dir_neg,0.981371383274,0.850516408462,00:00:02,10,60,46,1236052770,threshold_sweep,0.6,0.888888888889,0.0919540229885,0.166666666667,8,1,79,173,0.0919540229885,0.994252873563,0.00574712643678,0.908045977011,0.888888888889,0.0919540229885,0.166666666667,0.693486590038,0.655172413793,0.111111111111,0.222717701594,0.0862068965517,216,129,87,0,216,0,129,0,87,37,216,0.162162162162,1.32432432432,11.6756756757,21.6,6,8.1990990496,0.702237650082,0.31006006006,10.329336629,1.76937710775,0.765265265265,3.0868314707,0.528762798222,0.252752752753,0.579945114934,0.437917739848,2,1.32432432432,0.579945114934,2,0.0121701261701,0.00597269624573,7,0.000900900900901,0.621196581197,37,37,37,1,0,0.72972972973,0.243243243243,0.027027027027,37,0.0968468468468,1.32972972973,6.97297297297,12.9,4.03125,5.18805511882,0.744023408513,0.373140582443,6.26995313478,1.79835865106,0.778126964173,2.30484539879,0.661079688024,0.369578881207,0.59668755311,0.448728444412,2.2,1.34857142857,0.608455822057,2.2,0.0117656887316,0.00478087649402,2,0.0002574002574,0.27871604975,37,35,35,0.945945945946,0,0.675675675676,0.189189189189,0.0810810810811,37,138,0.103603603604,1.32432432432,7.45945945946,13.8,3.94285714286,5.49542534293,0.736705571335,0.378770074422,6.39725917287,1.71520716954,0.761065413239,2.02276829904,0.542336428003,0.300822561692,0.579945114934,0.437917739848,2,1.33333333333,0.585540043769,2,0.0131632653061,0.016724738676,8,0.0010296010296,0.290144621178,37,36,36,0.972972972973,0,0.702702702703,0.243243243243,0.027027027027,-78,-0.0585585585586,0,-4.21621621622,-7.8,-2.05714285714,-2.70367370668,0.0344679212527,0.0687100143622,-3.93207745613,-0.0541699382065,-0.00419985202594,-1.06406317167,0.0135736297804,0.0480698089394,0,0,0,0.00900900900901,0.00559492883467,0,0.000993139135996,0.0107520424302,1,0.0001287001287,-0.331051960018,-0.027027027027,0,0,137,1,79,1115,0.634259259259,0.999103942652,0.00089605734767,0.365740740741,0.992753623188,0.634259259259,0.774011299435,0.766072890133,0.633363201912,0.63133640553,9,87,0,0,0,0
2662,WLNM_dir_neg,0.981371383274,0.850516408462,00:00:02,10,60,46,1236052770,threshold_sweep,0.7,0.888888888889,0.0919540229885,0.166666666667,8,1,79,173,0.0919540229885,0.994252873563,0.00574712643678,0.908045977011,0.888888888889,0.0919540229885,0.166666666667,0.693486590038,0.655172413793,0.111111111111,0.222717701594,0.0862068965517,216,129,87,0,216,0,129,0,87,37,216,0.162162162162,1.32432432432,11.6756756757,21.6,6,8.1990990496,0.702237650082,0.31006006006,10.329336629,1.76937710775,0.765265265265,3.0868314707,0.528762798222,0.252752752753,0.579945114934,0.437917739848,2,1.32432432432,0.579945114934,2,0.0121701261701,0.00597269624573,7,0.000900900900901,0.621196581197,37,37,37,1,0,0.72972972973,0.243243243243,0.027027027027,37,0.0968468468468,1.32972972973,6.97297297297,12.9,4.03125,5.18805511882,0.744023408513,0.373140582443,6.26995313478,1.79835865106,0.778126964173,2.30484539879,0.661079688024,0.369578881207,0.59668755311,0.448728444412,2.2,1.34857142857,0.608455822057,2.2,0.0117656887316,0.00478087649402,2,0.0002574002574,0.27871604975,37,35,35,0.945945945946,0,0.675675675676,0.189189189189,0.0810810810811,37,138,0.103603603604,1.32432432432,7.45945945946,13.8,3.94285714286,5.49542534293,0.736705571335,0.378770074422,6.39725917287,1.71520716954,0.761065413239,2.02276829904,0.542336428003,0.300822561692,0.579945114934,0.437917739848,2,1.33333333333,0.585540043769,2,0.0131632653061,0.016724738676,8,0.0010296010296,0.290144621178,37,36,36,0.972972972973,0,0.702702702703,0.243243243243,0.027027027027,-78,-0.0585585585586,0,-4.21621621622,-7.8,-2.05714285714,-2.70367370668,0.0344679212527,0.0687100143622,-3.93207745613,-0.0541699382065,-0.00419985202594,-1.06406317167,0.0135736297804,0.0480698089394,0,0,0,0.00900900900901,0.00559492883467,0,0.000993139135996,0.0107520424302,1,0.0001287001287,-0.331051960018,-0.027027027027,0,0,137,1,79,1115,0.634259259259,0.999103942652,0.00089605734767,0.365740740741,0.992753623188,0.634259259259,0.774011299435,0.766072890133,0.633363201912,0.63133640553,9,87,0,0,0,0
2663,WLNM_dir_neg,0.981371383274,0.850516408462,00:00:02,10,60,46,1236052770,threshold_sweep,0.8,0.888888888889,0.0919540229885,0.166666666667,8,1,79,173,0.0919540229885,0.994252873563,0.00574712643678,0.908045977011,0.888888888889,0.0919540229885,0.166666666667,0.693486590038,0.655172413793,0.111111111111,0.222717701594,0.0862068965517,216,129,87,0,216,0,129,0,87,37,216,0.162162162162,1.32432432432,11.6756756757,21.6,6,8.1990990496,0.702237650082,0.31006006006,10.329336629,1.76937710775,0.765265265265,3.0868314707,0.528762798222,0.252752752753,0.579945114934,0.437917739848,2,1.32432432432,0.579945114934,2,0.0121701261701,0.00597269624573,7,0.000900900900901,0.621196581197,37,37,37,1,0,0.72972972973,0.243243243243,0.027027027027,37,0.0968468468468,1.32972972973,6.97297297297,12.9,4.03125,5.18805511882,0.744023408513,0.373140582443,6.26995313478,1.79835865106,0.778126964173,2.30484539879,0.661079688024,0.369578881207,0.59668755311,0.448728444412,2.2,1.34857142857,0.608455822057,2.2,0.0117656887316,0.00478087649402,2,0.0002574002574,0.27871604975,37,35,35,0.945945945946,0,0.675675675676,0.189189189189,0.0810810810811,37,138,0.103603603604,1.32432432432,7.45945945946,13.8,3.94285714286,5.49542534293,0.736705571335,0.378770074422,6.39725917287,1.71520716954,0.761065413239,2.02276829904,0.542336428003,0.300822561692,0.579945114934,0.437917739848,2,1.33333333333,0.585540043769,2,0.0131632653061,0.016724738676,8,0.0010296010296,0.290144621178,37,36,36,0.972972972973,0,0.702702702703,0.243243243243,0.027027027027,-78,-0.0585585585586,0,-4.21621621622,-7.8,-2.05714285714,-2.70367370668,0.0344679212527,0.0687100143622,-3.93207745613,-0.0541699382065,-0.00419985202594,-1.06406317167,0.0135736297804,0.0480698089394,0,0,0,0.00900900900901,0.00559492883467,0,0.000993139135996,0.0107520424302,1,0.0001287001287,-0.331051960018,-0.027027027027,0,0,137,1,79,1115,0.634259259259,0.999103942652,0.00089605734767,0.365740740741,0.992753623188,0.634259259259,0.774011299435,0.766072890133,0.633363201912,0.63133640553,9,87,0,0,0,0
2664,WLNM_dir_neg,0.981371383274,0.850516408462,00:00:02,10,60,46,1236052770,threshold_sweep,0.9,0.888888888889,0.0919540229885,0.166666666667,8,1,79,173,0.0919540229885,0.994252873563,0.00574712643678,0.908045977011,0.888888888889,0.0919540229885,0.166666666667,0.693486590038,0.655172413793,0.111111111111,0.222717701594,0.0862068965517,216,129,87,0,216,0,129,0,87,37,216,0.162162162162,1.32432432432,11.6756756757,21.6,6,8.1990990496,0.702237650082,0.31006006006,10.329336629,1.76937710775,0.765265265265,3.0868314707,0.528762798222,0.252752752753,0.579945114934,0.437917739848,2,1.32432432432,0.579945114934,2,0.0121701261701,0.00597269624573,7,0.000900900900901,0.621196581197,37,37,37,1,0,0.72972972973,0.243243243243,0.027027027027,37,0.0968468468468,1.32972972973,6.97297297297,12.9,4.03125,5.18805511882,0.744023408513,0.373140582443,6.26995313478,1.79835865106,0.778126964173,2.30484539879,0.661079688024,0.369578881207,0.59668755311,0.448728444412,2.2,1.34857142857,0.608455822057,2.2,0.0117656887316,0.00478087649402,2,0.0002574002574,0.27871604975,37,35,35,0.945945945946,0,0.675675675676,0.189189189189,0.0810810810811,37,138,0.103603603604,1.32432432432,7.45945945946,13.8,3.94285714286,5.49542534293,0.736705571335,0.378770074422,6.39725917287,1.71520716954,0.761065413239,2.02276829904,0.542336428003,0.300822561692,0.579945114934,0.437917739848,2,1.33333333333,0.585540043769,2,0.0131632653061,0.016724738676,8,0.0010296010296,0.290144621178,37,36,36,0.972972972973,0,0.702702702703,0.243243243243,0.027027027027,-78,-0.0585585585586,0,-4.21621621622,-7.8,-2.05714285714,-2.70367370668,0.0344679212527,0.0687100143622,-3.93207745613,-0.0541699382065,-0.00419985202594,-1.06406317167,0.0135736297804,0.0480698089394,0,0,0,0.00900900900901,0.00559492883467,0,0.000993139135996,0.0107520424302,1,0.0001287001287,-0.331051960018,-0.027027027027,0,0,137,1,79,1115,0.634259259259,0.999103942652,0.00089605734767,0.365740740741,0.992753623188,0.634259259259,0.774011299435,0.766072890133,0.633363201912,0.63133640553,9,87,0,0,0,0
2665,WLNM_dir_neg,0.935790725327,0.633030328895,00:00:02,10,60,47,1236052771,threshold_sweep,0.1,1,0.0459770114943,0.0879120879121,4,0,83,174,0.0459770114943,1,0,0.954022988506,1,0.0459770114943,0.0879120879121,0.681992337165,0.661558109834,0.0603773584906,0.176432436556,0.0459770114943,216,129,87,0,216,0,129,0,87,37,216,0.162162162162,1.32432432432,11.6756756757,21.6,6,8.1990990496,0.702237650082,0.31006006006,10.329336629,1.76937710775,0.765265265265,3.0868314707,0.528762798222,0.252752752753,0.579945114934,0.437917739848,2,1.32432432432,0.579945114934,2,0.0121701261701,0.00597269624573,7,0.000900900900901,0.621196581197,37,37,37,1,0,0.72972972973,0.243243243243,0.027027027027,37,0.0968468468468,1.32432432432,6.97297297297,12.9,3.68571428571,5.12340211668,0.734751466346,0.36685522732,6.26552126776,1.7970874954,0.779384035198,2.12944465402,0.610770947277,0.342342342342,0.579945114934,0.437917739848,2,1.32432432432,0.579945114934,2,0.00891756702681,0.0048270313757,2,0.0002574002574,0.258957310198,37,37,37,1,0,0.72972972973,0.216216216216,0.0540540540541,37,133,0.0998498498498,1.32432432432,7.18918918919,13.3,3.69444444444,5.37400036099,0.747511328408,0.375939849624,6.3353481859,1.7624652848,0.771794350742,2.00637123323,0.558163425785,0.312944523471,0.579945114934,0.437917739848,2,1.32432432432,0.579945114934,2,0.0136903615201,0.0111690245719,5,0.000643500643501,0.265130149705,37,37,37,1,0,0.72972972973,0.243243243243,0.027027027027,-83,-0.0623123123123,0,-4.48648648649,-8.3,-2.30555555556,-2.82509868862,0.045273678326,0.065879789564,-3.9939884431,-0.00691182294497,0.00652908547645,-1.08046023748,0.0294006275628,0.0601917707181,0,0,0,0,0,0,0.00152023534998,0.00519632832612,-2,-0.0002574002574,-0.356066431492,0,0,0,133,0,83,1116,0.615740740741,1,0,0.384259259259,1,0.615740740741,0.76217765043,0.757044573298,0.615740740741,0.615740740741,4,87,0,0,0,0
2666,WLNM_dir_neg,0.935790725327,0.633030328895,00:00:02,10,60,47,1236052771,threshold_sweep,0.2,1,0.0459770114943,0.0879120879121,4,0,83,174,0.0459770114943,1,0,0.954022988506,1,0.0459770114943,0.0879120879121,0.681992337165,0.661558109834,0.0603773584906,0.176432436556,0.0459770114943,216,129,87,0,216,0,129,0,87,37,216,0.162162162162,1.32432432432,11.6756756757,21.6,6,8.1990990496,0.702237650082,0.31006006006,10.329336629,1.76937710775,0.765265265265,3.0868314707,0.528762798222,0.252752752753,0.579945114934,0.437917739848,2,1.32432432432,0.579945114934,2,0.0121701261701,0.00597269624573,7,0.000900900900901,0.621196581197,37,37,37,1,0,0.72972972973,0.243243243243,0.027027027027,37,0.0968468468468,1.32432432432,6.97297297297,12.9,3.68571428571,5.12340211668,0.734751466346,0.36685522732,6.26552126776,1.7970874954,0.779384035198,2.12944465402,0.610770947277,0.342342342342,0.579945114934,0.437917739848,2,1.32432432432,0.579945114934,2,0.00891756702681,0.0048270313757,2,0.0002574002574,0.258957310198,37,37,37,1,0,0.72972972973,0.216216216216,0.0540540540541,37,133,0.0998498498498,1.32432432432,7.18918918919,13.3,3.69444444444,5.37400036099,0.747511328408,0.375939849624,6.3353481859,1.7624652848,0.771794350742,2.00637123323,0.558163425785,0.312944523471,0.579945114934,0.437917739848,2,1.32432432432,0.579945114934,2,0.0136903615201,0.0111690245719,5,0.000643500643501,0.265130149705,37,37,37,1,0,0.72972972973,0.243243243243,0.027027027027,-83,-0.0623123123123,0,-4.48648648649,-8.3,-2.30555555556,-2.82509868862,0.045273678326,0.065879789564,-3.9939884431,-0.00691182294497,0.00652908547645,-1.08046023748,0.0294006275628,0.0601917707181,0,0,0,0,0,0,0.00152023534998,0.00519632832612,-2,-0.0002574002574,-0.356066431492,0,0,0,133,0,83,1116,0.615740740741,1,0,0.384259259259,1,0.615740740741,0.76217765043,0.757044573298,0.615740740741,0.615740740741,4,87,0,0,0,0
2667,WLNM_dir_neg,0.935790725327,0.633030328895,00:00:02,10,60,47,1236052771,threshold_sweep,0.3,1,0.0459770114943,0.0879120879121,4,0,83,174,0.0459770114943,1,0,0.954022988506,1,0.0459770114943,0.0879120879121,0.681992337165,0.661558109834,0.0603773584906,0.176432436556,0.0459770114943,216,129,87,0,216,0,129,0,87,37,216,0.162162162162,1.32432432432,11.6756756757,21.6,6,8.1990990496,0.702237650082,0.31006006006,10.329336629,1.76937710775,0.765265265265,3.0868314707,0.528762798222,0.252752752753,0.579945114934,0.437917739848,2,1.32432432432,0.579945114934,2,0.0121701261701,0.00597269624573,7,0.000900900900901,0.621196581197,37,37,37,1,0,0.72972972973,0.243243243243,0.027027027027,37,0.0968468468468,1.32432432432,6.97297297297,12.9,3.68571428571,5.12340211668,0.734751466346,0.36685522732,6.26552126776,1.7970874954,0.779384035198,2.12944465402,0.610770947277,0.342342342342,0.579945114934,0.437917739848,2,1.32432432432,0.579945114934,2,0.00891756702681,0.0048270313757,2,0.0002574002574,0.258957310198,37,37,37,1,0,0.72972972973,0.216216216216,0.0540540540541,37,133,0.0998498498498,1.32432432432,7.18918918919,13.3,3.69444444444,5.37400036099,0.747511328408,0.375939849624,6.3353481859,1.7624652848,0.771794350742,2.00637123323,0.558163425785,0.312944523471,0.579945114934,0.437917739848,2,1.32432432432,0.579945114934,2,0.0136903615201,0.0111690245719,5,0.000643500643501,0.265130149705,37,37,37,1,0,0.72972972973,0.243243243243,0.027027027027,-83,-0.0623123123123,0,-4.48648648649,-8.3,-2.30555555556,-2.82509868862,0.045273678326,0.065879789564,-3.9939884431,-0.00691182294497,0.00652908547645,-1.08046023748,0.0294006275628,0.0601917707181,0,0,0,0,0,0,0.00152023534998,0.00519632832612,-2,-0.0002574002574,-0.356066431492,0,0,0,133,0,83,1116,0.615740740741,1,0,0.384259259259,1,0.615740740741,0.76217765043,0.757044573298,0.615740740741,0.615740740741,4,87,0,0,0,0
2668,WLNM_dir_neg,0.935790725327,0.633030328895,00:00:02,10,60,47,1236052771,threshold_sweep,0.4,1,0.0459770114943,0.0879120879121,4,0,83,174,0.0459770114943,1,0,0.954022988506,1,0.0459770114943,0.0879120879121,0.681992337165,0.661558109834,0.0603773584906,0.176432436556,0.0459770114943,216,129,87,0,216,0,129,0,87,37,216,0.162162162162,1.32432432432,11.6756756757,21.6,6,8.1990990496,0.702237650082,0.31006006006,10.329336629,1.76937710775,0.765265265265,3.0868314707,0.528762798222,0.252752752753,0.579945114934,0.437917739848,2,1.32432432432,0.579945114934,2,0.0121701261701,0.00597269624573,7,0.000900900900901,0.621196581197,37,37,37,1,0,0.72972972973,0.243243243243,0.027027027027,37,0.0968468468468,1.32432432432,6.97297297297,12.9,3.68571428571,5.12340211668,0.734751466346,0.36685522732,6.26552126776,1.7970874954,0.779384035198,2.12944465402,0.610770947277,0.342342342342,0.579945114934,0.437917739848,2,1.32432432432,0.579945114934,2,0.00891756702681,0.0048270313757,2,0.0002574002574,0.258957310198,37,37,37,1,0,0.72972972973,0.216216216216,0.0540540540541,37,133,0.0998498498498,1.32432432432,7.18918918919,13.3,3.69444444444,5.37400036099,0.747511328408,0.375939849624,6.3353481859,1.7624652848,0.771794350742,2.00637123323,0.558163425785,0.312944523471,0.579945114934,0.437917739848,2,1.32432432432,0.579945114934,2,0.0136903615201,0.0111690245719,5,0.000643500643501,0.265130149705,37,37,37,1,0,0.72972972973,0.243243243243,0.027027027027,-83,-0.0623123123123,0,-4.48648648649,-8.3,-2.30555555556,-2.82509868862,0.045273678326,0.065879789564,-3.9939884431,-0.00691182294497,0.00652908547645,-1.08046023748,0.0294006275628,0.0601917707181,0,0,0,0,0,0,0.00152023534998,0.00519632832612,-2,-0.0002574002574,-0.356066431492,0,0,0,133,0,83,1116,0.615740740741,1,0,0.384259259259,1,0.615740740741,0.76217765043,0.757044573298,0.615740740741,0.615740740741,4,87,0,0,0,0
2669,WLNM_dir_neg,0.935790725327,0.633030328895,00:00:02,10,60,47,1236052771,threshold_sweep,0.5,1,0.0459770114943,0.0879120879121,4,0,83,174,0.0459770114943,1,0,0.954022988506,1,0.0459770114943,0.0879120879121,0.681992337165,0.661558109834,0.0603773584906,0.176432436556,0.0459770114943,216,129,87,0,216,0,129,0,87,37,216,0.162162162162,1.32432432432,11.6756756757,21.6,6,8.1990990496,0.702237650082,0.31006006006,10.329336629,1.76937710775,0.765265265265,3.0868314707,0.528762798222,0.252752752753,0.579945114934,0.437917739848,2,1.32432432432,0.579945114934,2,0.0121701261701,0.00597269624573,7,0.000900900900901,0.621196581197,37,37,37,1,0,0.72972972973,0.243243243243,0.027027027027,37,0.0968468468468,1.32432432432,6.97297297297,12.9,3.68571428571,5.12340211668,0.734751466346,0.36685522732,6.26552126776,1.7970874954,0.779384035198,2.12944465402,0.610770947277,0.342342342342,0.579945114934,0.437917739848,2,1.32432432432,0.579945114934,2,0.00891756702681,0.0048270313757,2,0.0002574002574,0.258957310198,37,37,37,1,0,0.72972972973,0.216216216216,0.0540540540541,37,133,0.0998498498498,1.32432432432,7.18918918919,13.3,3.69444444444,5.37400036099,0.747511328408,0.375939849624,6.3353481859,1.7624652848,0.771794350742,2.00637123323,0.558163425785,0.312944523471,0.579945114934,0.437917739848,2,1.32432432432,0.579945114934,2,0.0136903615201,0.0111690245719,5,0.000643500643501,0.265130149705,37,37,37,1,0,0.72972972973,0.243243243243,0.027027027027,-83,-0.0623123123123,0,-4.48648648649,-8.3,-2.30555555556,-2.82509868862,0.045273678326,0.065879789564,-3.9939884431,-0.00691182294497,0.00652908547645,-1.08046023748,0.0294006275628,0.0601917707181,0,0,0,0,0,0,0.00152023534998,0.00519632832612,-2,-0.0002574002574,-0.356066431492,0,0,0,133,0,83,1116,0.615740740741,1,0,0.384259259259,1,0.615740740741,0.76217765043,0.757044573298,0.615740740741,0.615740740741,4,87,0,0,0,0
2670,WLNM_dir_neg,0.935790725327,0.633030328895,00:00:02,10,60,47,1236052771,threshold_sweep,0.6,1,0.0459770114943,0.0879120879121,4,0,83,174,0.0459770114943,1,0,0.954022988506,1,0.0459770114943,0.0879120879121,0.681992337165,0.661558109834,0.0603773584906,0.176432436556,0.0459770114943,216,129,87,0,216,0,129,0,87,37,216,0.162162162162,1.32432432432,11.6756756757,21.6,6,8.1990990496,0.702237650082,0.31006006006,10.329336629,1.76937710775,0.765265265265,3.0868314707,0.528762798222,0.252752752753,0.579945114934,0.437917739848,2,1.32432432432,0.579945114934,2,0.0121701261701,0.00597269624573,7,0.000900900900901,0.621196581197,37,37,37,1,0,0.72972972973,0.243243243243,0.027027027027,37,0.0968468468468,1.32432432432,6.97297297297,12.9,3.68571428571,5.12340211668,0.734751466346,0.36685522732,6.26552126776,1.7970874954,0.779384035198,2.12944465402,0.610770947277,0.342342342342,0.579945114934,0.437917739848,2,1.32432432432,0.579945114934,2,0.00891756702681,0.0048270313757,2,0.0002574002574,0.258957310198,37,37,37,1,0,0.72972972973,0.216216216216,0.0540540540541,37,133,0.0998498498498,1.32432432432,7.18918918919,13.3,3.69444444444,5.37400036099,0.747511328408,0.375939849624,6.3353481859,1.7624652848,0.771794350742,2.00637123323,0.558163425785,0.312944523471,0.579945114934,0.437917739848,2,1.32432432432,0.579945114934,2,0.0136903615201,0.0111690245719,5,0.000643500643501,0.265130149705,37,37,37,1,0,0.72972972973,0.243243243243,0.027027027027,-83,-0.0623123123123,0,-4.48648648649,-8.3,-2.30555555556,-2.82509868862,0.045273678326,0.065879789564,-3.9939884431,-0.00691182294497,0.00652908547645,-1.08046023748,0.0294006275628,0.0601917707181,0,0,0,0,0,0,0.00152023534998,0.00519632832612,-2,-0.0002574002574,-0.356066431492,0,0,0,133,0,83,1116,0.615740740741,1,0,0.384259259259,1,0.615740740741,0.76217765043,0.757044573298,0.615740740741,0.615740740741,4,87,0,0,0,0
2671,WLNM_dir_neg,0.935790725327,0.633030328895,00:00:02,10,60,47,1236052771,threshold_sweep,0.7,1,0.0229885057471,0.0449438202247,2,0,85,174,0.0229885057471,1,0,0.977011494253,1,0.0229885057471,0.0449438202247,0.674329501916,0.66411238825,0.0304182509506,0.1242739532,0.0229885057471,216,129,87,0,216,0,129,0,87,37,216,0.162162162162,1.32432432432,11.6756756757,21.6,6,8.1990990496,0.702237650082,0.31006006006,10.329336629,1.76937710775,0.765265265265,3.0868314707,0.528762798222,0.252752752753,0.579945114934,0.437917739848,2,1.32432432432,0.579945114934,2,0.0121701261701,0.00597269624573,7,0.000900900900901,0.621196581197,37,37,37,1,0,0.72972972973,0.243243243243,0.027027027027,37,0.0968468468468,1.32432432432,6.97297297297,12.9,3.68571428571,5.12340211668,0.734751466346,0.36685522732,6.26552126776,1.7970874954,0.779384035198,2.12944465402,0.610770947277,0.342342342342,0.579945114934,0.437917739848,2,1.32432432432,0.579945114934,2,0.00891756702681,0.0048270313757,2,0.0002574002574,0.258957310198,37,37,37,1,0,0.72972972973,0.216216216216,0.0540540540541,37,131,0.0983483483483,1.32432432432,7.08108108108,13.1,3.63888888889,5.22482524098,0.737856999681,0.370744790592,6.28752996279,1.7758672414,0.775324943264,2.06282700565,0.582630528314,0.326387456158,0.579945114934,0.437917739848,2,1.32432432432,0.579945114934,2,0.00944444444444,0.00698757763975,3,0.0003861003861,0.26068570526,37,37,37,1,0,0.72972972973,0.243243243243,0.027027027027,-85,-0.0638138138138,0,-4.59459459459,-8.5,-2.36111111111,-2.97427380862,0.0356193495987,0.0606847305321,-4.04180666621,0.00649013365453,0.0100596779986,-1.02400446505,0.053867730092,0.0736347034057,0,0,0,0,0,0,-0.00272568172568,0.00101488139402,-4,-0.000514800514801,-0.360510875937,0,0,0,131,0,85,1116,0.606481481481,1,0,0.393518518519,1,0.606481481481,0.755043227666,0.750705099216,0.606481481481,0.606481481481,2,87,0,0,0,0
2672,WLNM_dir_neg,0.935790725327,0.633030328895,00:00:02,10,60,47,1236052771,threshold_sweep,0.8,1,0.0229885057471,0.0449438202247,2,0,85,174,0.0229885057471,1,0,0.977011494253,1,0.0229885057471,0.0449438202247,0.674329501916,0.66411238825,0.0304182509506,0.1242739532,0.0229885057471,216,129,87,0,216,0,129,0,87,37,216,0.162162162162,1.32432432432,11.6756756757,21.6,6,8.1990990496,0.702237650082,0.31006006006,10.329336629,1.76937710775,0.765265265265,3.0868314707,0.528762798222,0.252752752753,0.579945114934,0.437917739848,2,1.32432432432,0.579945114934,2,0.0121701261701,0.00597269624573,7,0.000900900900901,0.621196581197,37,37,37,1,0,0.72972972973,0.243243243243,0.027027027027,37,0.0968468468468,1.32432432432,6.97297297297,12.9,3.68571428571,5.12340211668,0.734751466346,0.36685522732,6.26552126776,1.7970874954,0.779384035198,2.12944465402,0.610770947277,0.342342342342,0.579945114934,0.437917739848,2,1.32432432432,0.579945114934,2,0.00891756702681,0.0048270313757,2,0.0002574002574,0.258957310198,37,37,37,1,0,0.72972972973,0.216216216216,0.0540540540541,37,131,0.0983483483483,1.32432432432,7.08108108108,13.1,3.63888888889,5.22482524098,0.737856999681,0.370744790592,6.28752996279,1.7758672414,0.775324943264,2.06282700565,0.582630528314,0.326387456158,0.579945114934,0.437917739848,2,1.32432432432,0.579945114934,2,0.00944444444444,0.00698757763975,3,0.0003861003861,0.26068570526,37,37,37,1,0,0.72972972973,0.243243243243,0.027027027027,-85,-0.0638138138138,0,-4.59459459459,-8.5,-2.36111111111,-2.97427380862,0.0356193495987,0.0606847305321,-4.04180666621,0.00649013365453,0.0100596779986,-1.02400446505,0.053867730092,0.0736347034057,0,0,0,0,0,0,-0.00272568172568,0.00101488139402,-4,-0.000514800514801,-0.360510875937,0,0,0,131,0,85,1116,0.606481481481,1,0,0.393518518519,1,0.606481481481,0.755043227666,0.750705099216,0.606481481481,0.606481481481,2,87,0,0,0,0
2673,WLNM_dir_neg,0.935790725327,0.633030328895,00:00:02,10,60,47,1236052771,threshold_sweep,0.9,1,0.0229885057471,0.0449438202247,2,0,85,174,0.0229885057471,1,0,0.977011494253,1,0.0229885057471,0.0449438202247,0.674329501916,0.66411238825,0.0304182509506,0.1242739532,0.0229885057471,216,129,87,0,216,0,129,0,87,37,216,0.162162162162,1.32432432432,11.6756756757,21.6,6,8.1990990496,0.702237650082,0.31006006006,10.329336629,1.76937710775,0.765265265265,3.0868314707,0.528762798222,0.252752752753,0.579945114934,0.437917739848,2,1.32432432432,0.579945114934,2,0.0121701261701,0.00597269624573,7,0.000900900900901,0.621196581197,37,37,37,1,0,0.72972972973,0.243243243243,0.027027027027,37,0.0968468468468,1.32432432432,6.97297297297,12.9,3.68571428571,5.12340211668,0.734751466346,0.36685522732,6.26552126776,1.7970874954,0.779384035198,2.12944465402,0.610770947277,0.342342342342,0.579945114934,0.437917739848,2,1.32432432432,0.579945114934,2,0.00891756702681,0.0048270313757,2,0.0002574002574,0.258957310198,37,37,37,1,0,0.72972972973,0.216216216216,0.0540540540541,37,131,0.0983483483483,1.32432432432,7.08108108108,13.1,3.63888888889,5.22482524098,0.737856999681,0.370744790592,6.28752996279,1.7758672414,0.775324943264,2.06282700565,0.582630528314,0.326387456158,0.579945114934,0.437917739848,2,1.32432432432,0.579945114934,2,0.00944444444444,0.00698757763975,3,0.0003861003861,0.26068570526,37,37,37,1,0,0.72972972973,0.243243243243,0.027027027027,-85,-0.0638138138138,0,-4.59459459459,-8.5,-2.36111111111,-2.97427380862,0.0356193495987,0.0606847305321,-4.04180666621,0.00649013365453,0.0100596779986,-1.02400446505,0.053867730092,0.0736347034057,0,0,0,0,0,0,-0.00272568172568,0.00101488139402,-4,-0.000514800514801,-0.360510875937,0,0,0,131,0,85,1116,0.606481481481,1,0,0.393518518519,1,0.606481481481,0.755043227666,0.750705099216,0.606481481481,0.606481481481,2,87,0,0,0,0
2674,WLNM_dir_neg,0.986292773154,0.928098450775,00:00:03,10,60,48,1236052772,threshold_sweep,0.1,1,0.0459770114943,0.0879120879121,4,0,83,174,0.0459770114943,1,0,0.954022988506,1,0.0459770114943,0.0879120879121,0.681992337165,0.661558109834,0.0603773584906,0.176432436556,0.0459770114943,216,129,87,0,216,0,129,0,87,37,216,0.162162162162,1.32432432432,11.6756756757,21.6,6,8.1990990496,0.702237650082,0.31006006006,10.329336629,1.76937710775,0.765265265265,3.0868314707,0.528762798222,0.252752752753,0.579945114934,0.437917739848,2,1.32432432432,0.579945114934,2,0.0121701261701,0.00597269624573,7,0.000900900900901,0.621196581197,37,37,37,1,0,0.72972972973,0.243243243243,0.027027027027,37,0.0968468468468,1.32432432432,6.97297297297,12.9,3.68571428571,5.11797750031,0.733973517487,0.374397653467,6.11292629334,1.7533199446,0.770584538026,2.10319362481,0.603241582309,0.338990152944,0.579945114934,0.437917739848,2,1.33333333333,0.585540043769,2,0.00938241963452,0.00724637681159,3,0.0003861003861,0.26661608651,37,36,36,0.972972972973,0,0.702702702703,0.243243243243,0.027027027027,37,133,0.0998498498498,1.32432432432,7.18918918919,13.3,3.8,5.31683823045,0.739560204987,0.381426539321,6.19345290277,1.72299065716,0.763259500102,1.99247834868,0.554298487979,0.310099573257,0.579945114934,0.437917739848,2,1.33333333333,0.585540043769,2,0.0132106256808,0.0157657657658,7,0.000900900900901,0.275504975399,37,36,36,0.972972972973,0,0.702702702703,0.243243243243,0.027027027027,-83,-0.0623123123123,0,-4.48648648649,-8.3,-2.2,-2.88226081916,0.0373225549055,0.0713664792612,-4.13588372623,-0.0463864505831,-0.00200576516366,-1.09435312202,0.025535689757,0.0573468205047,0,0,0,0.00900900900901,0.00559492883467,0,0.00104049951065,0.00979306952003,0,0,-0.345691605797,-0.027027027027,0,0,133,0,83,1116,0.615740740741,1,0,0.384259259259,1,0.615740740741,0.76217765043,0.757044573298,0.615740740741,0.615740740741,4,87,0,0,0,0
2675,WLNM_dir_neg,0.986292773154,0.928098450775,00:00:03,10,60,48,1236052772,threshold_sweep,0.2,1,0.0459770114943,0.0879120879121,4,0,83,174,0.0459770114943,1,0,0.954022988506,1,0.0459770114943,0.0879120879121,0.681992337165,0.661558109834,0.0603773584906,0.176432436556,0.0459770114943,216,129,87,0,216,0,129,0,87,37,216,0.162162162162,1.32432432432,11.6756756757,21.6,6,8.1990990496,0.702237650082,0.31006006006,10.329336629,1.76937710775,0.765265265265,3.0868314707,0.528762798222,0.252752752753,0.579945114934,0.437917739848,2,1.32432432432,0.579945114934,2,0.0121701261701,0.00597269624573,7,0.000900900900901,0.621196581197,37,37,37,1,0,0.72972972973,0.243243243243,0.027027027027,37,0.0968468468468,1.32432432432,6.97297297297,12.9,3.68571428571,5.11797750031,0.733973517487,0.374397653467,6.11292629334,1.7533199446,0.770584538026,2.10319362481,0.603241582309,0.338990152944,0.579945114934,0.437917739848,2,1.33333333333,0.585540043769,2,0.00938241963452,0.00724637681159,3,0.0003861003861,0.26661608651,37,36,36,0.972972972973,0,0.702702702703,0.243243243243,0.027027027027,37,133,0.0998498498498,1.32432432432,7.18918918919,13.3,3.8,5.31683823045,0.739560204987,0.381426539321,6.19345290277,1.72299065716,0.763259500102,1.99247834868,0.554298487979,0.310099573257,0.579945114934,0.437917739848,2,1.33333333333,0.585540043769,2,0.0132106256808,0.0157657657658,7,0.000900900900901,0.275504975399,37,36,36,0.972972972973,0,0.702702702703,0.243243243243,0.027027027027,-83,-0.0623123123123,0,-4.48648648649,-8.3,-2.2,-2.88226081916,0.0373225549055,0.0713664792612,-4.13588372623,-0.0463864505831,-0.00200576516366,-1.09435312202,0.025535689757,0.0573468205047,0,0,0,0.00900900900901,0.00559492883467,0,0.00104049951065,0.00979306952003,0,0,-0.345691605797,-0.027027027027,0,0,133,0,83,1116,0.615740740741,1,0,0.384259259259,1,0.615740740741,0.76217765043,0.757044573298,0.615740740741,0.615740740741,4,87,0,0,0,0
2676,WLNM_dir_neg,0.986292773154,0.928098450775,00:00:03,10,60,48,1236052772,threshold_sweep,0.3,1,0.0459770114943,0.0879120879121,4,0,83,174,0.0459770114943,1,0,0.954022988506,1,0.0459770114943,0.0879120879121,0.681992337165,0.661558109834,0.0603773584906,0.176432436556,0.0459770114943,216,129,87,0,216,0,129,0,87,37,216,0.162162162162,1.32432432432,11.6756756757,21.6,6,8.1990990496,0.702237650082,0.31006006006,10.329336629,1.76937710775,0.765265265265,3.0868314707,0.528762798222,0.252752752753,0.579945114934,0.437917739848,2,1.32432432432,0.579945114934,2,0.0121701261701,0.00597269624573,7,0.000900900900901,0.621196581197,37,37,37,1,0,0.72972972973,0.243243243243,0.027027027027,37,0.0968468468468,1.32432432432,6.97297297297,12.9,3.68571428571,5.11797750031,0.733973517487,0.374397653467,6.11292629334,1.7533199446,0.770584538026,2.10319362481,0.603241582309,0.338990152944,0.579945114934,0.437917739848,2,1.33333333333,0.585540043769,2,0.00938241963452,0.00724637681159,3,0.0003861003861,0.26661608651,37,36,36,0.972972972973,0,0.702702702703,0.243243243243,0.027027027027,37,133,0.0998498498498,1.32432432432,7.18918918919,13.3,3.8,5.31683823045,0.739560204987,0.381426539321,6.19345290277,1.72299065716,0.763259500102,1.99247834868,0.554298487979,0.310099573257,0.579945114934,0.437917739848,2,1.33333333333,0.585540043769,2,0.0132106256808,0.0157657657658,7,0.000900900900901,0.275504975399,37,36,36,0.972972972973,0,0.702702702703,0.243243243243,0.027027027027,-83,-0.0623123123123,0,-4.48648648649,-8.3,-2.2,-2.88226081916,0.0373225549055,0.0713664792612,-4.13588372623,-0.0463864505831,-0.00200576516366,-1.09435312202,0.025535689757,0.0573468205047,0,0,0,0.00900900900901,0.00559492883467,0,0.00104049951065,0.00979306952003,0,0,-0.345691605797,-0.027027027027,0,0,133,0,83,1116,0.615740740741,1,0,0.384259259259,1,0.615740740741,0.76217765043,0.757044573298,0.615740740741,0.615740740741,4,87,0,0,0,0
2677,WLNM_dir_neg,0.986292773154,0.928098450775,00:00:03,10,60,48,1236052772,threshold_sweep,0.4,1,0.0459770114943,0.0879120879121,4,0,83,174,0.0459770114943,1,0,0.954022988506,1,0.0459770114943,0.0879120879121,0.681992337165,0.661558109834,0.0603773584906,0.176432436556,0.0459770114943,216,129,87,0,216,0,129,0,87,37,216,0.162162162162,1.32432432432,11.6756756757,21.6,6,8.1990990496,0.702237650082,0.31006006006,10.329336629,1.76937710775,0.765265265265,3.0868314707,0.528762798222,0.252752752753,0.579945114934,0.437917739848,2,1.32432432432,0.579945114934,2,0.0121701261701,0.00597269624573,7,0.000900900900901,0.621196581197,37,37,37,1,0,0.72972972973,0.243243243243,0.027027027027,37,0.0968468468468,1.32432432432,6.97297297297,12.9,3.68571428571,5.11797750031,0.733973517487,0.374397653467,6.11292629334,1.7533199446,0.770584538026,2.10319362481,0.603241582309,0.338990152944,0.579945114934,0.437917739848,2,1.33333333333,0.585540043769,2,0.00938241963452,0.00724637681159,3,0.0003861003861,0.26661608651,37,36,36,0.972972972973,0,0.702702702703,0.243243243243,0.027027027027,37,133,0.0998498498498,1.32432432432,7.18918918919,13.3,3.8,5.31683823045,0.739560204987,0.381426539321,6.19345290277,1.72299065716,0.763259500102,1.99247834868,0.554298487979,0.310099573257,0.579945114934,0.437917739848,2,1.33333333333,0.585540043769,2,0.0132106256808,0.0157657657658,7,0.000900900900901,0.275504975399,37,36,36,0.972972972973,0,0.702702702703,0.243243243243,0.027027027027,-83,-0.0623123123123,0,-4.48648648649,-8.3,-2.2,-2.88226081916,0.0373225549055,0.0713664792612,-4.13588372623,-0.0463864505831,-0.00200576516366,-1.09435312202,0.025535689757,0.0573468205047,0,0,0,0.00900900900901,0.00559492883467,0,0.00104049951065,0.00979306952003,0,0,-0.345691605797,-0.027027027027,0,0,133,0,83,1116,0.615740740741,1,0,0.384259259259,1,0.615740740741,0.76217765043,0.757044573298,0.615740740741,0.615740740741,4,87,0,0,0,0
2678,WLNM_dir_neg,0.986292773154,0.928098450775,00:00:03,10,60,48,1236052772,threshold_sweep,0.5,1,0.0459770114943,0.0879120879121,4,0,83,174,0.0459770114943,1,0,0.954022988506,1,0.0459770114943,0.0879120879121,0.681992337165,0.661558109834,0.0603773584906,0.176432436556,0.0459770114943,216,129,87,0,216,0,129,0,87,37,216,0.162162162162,1.32432432432,11.6756756757,21.6,6,8.1990990496,0.702237650082,0.31006006006,10.329336629,1.76937710775,0.765265265265,3.0868314707,0.528762798222,0.252752752753,0.579945114934,0.437917739848,2,1.32432432432,0.579945114934,2,0.0121701261701,0.00597269624573,7,0.000900900900901,0.621196581197,37,37,37,1,0,0.72972972973,0.243243243243,0.027027027027,37,0.0968468468468,1.32432432432,6.97297297297,12.9,3.68571428571,5.11797750031,0.733973517487,0.374397653467,6.11292629334,1.7533199446,0.770584538026,2.10319362481,0.603241582309,0.338990152944,0.579945114934,0.437917739848,2,1.33333333333,0.585540043769,2,0.00938241963452,0.00724637681159,3,0.0003861003861,0.26661608651,37,36,36,0.972972972973,0,0.702702702703,0.243243243243,0.027027027027,37,133,0.0998498498498,1.32432432432,7.18918918919,13.3,3.8,5.31683823045,0.739560204987,0.381426539321,6.19345290277,1.72299065716,0.763259500102,1.99247834868,0.554298487979,0.310099573257,0.579945114934,0.437917739848,2,1.33333333333,0.585540043769,2,0.0132106256808,0.0157657657658,7,0.000900900900901,0.275504975399,37,36,36,0.972972972973,0,0.702702702703,0.243243243243,0.027027027027,-83,-0.0623123123123,0,-4.48648648649,-8.3,-2.2,-2.88226081916,0.0373225549055,0.0713664792612,-4.13588372623,-0.0463864505831,-0.00200576516366,-1.09435312202,0.025535689757,0.0573468205047,0,0,0,0.00900900900901,0.00559492883467,0,0.00104049951065,0.00979306952003,0,0,-0.345691605797,-0.027027027027,0,0,133,0,83,1116,0.615740740741,1,0,0.384259259259,1,0.615740740741,0.76217765043,0.757044573298,0.615740740741,0.615740740741,4,87,0,0,0,0
2679,WLNM_dir_neg,0.986292773154,0.928098450775,00:00:03,10,60,48,1236052772,threshold_sweep,0.6,1,0.0459770114943,0.0879120879121,4,0,83,174,0.0459770114943,1,0,0.954022988506,1,0.0459770114943,0.0879120879121,0.681992337165,0.661558109834,0.0603773584906,0.176432436556,0.0459770114943,216,129,87,0,216,0,129,0,87,37,216,0.162162162162,1.32432432432,11.6756756757,21.6,6,8.1990990496,0.702237650082,0.31006006006,10.329336629,1.76937710775,0.765265265265,3.0868314707,0.528762798222,0.252752752753,0.579945114934,0.437917739848,2,1.32432432432,0.579945114934,2,0.0121701261701,0.00597269624573,7,0.000900900900901,0.621196581197,37,37,37,1,0,0.72972972973,0.243243243243,0.027027027027,37,0.0968468468468,1.32432432432,6.97297297297,12.9,3.68571428571,5.11797750031,0.733973517487,0.374397653467,6.11292629334,1.7533199446,0.770584538026,2.10319362481,0.603241582309,0.338990152944,0.579945114934,0.437917739848,2,1.33333333333,0.585540043769,2,0.00938241963452,0.00724637681159,3,0.0003861003861,0.26661608651,37,36,36,0.972972972973,0,0.702702702703,0.243243243243,0.027027027027,37,133,0.0998498498498,1.32432432432,7.18918918919,13.3,3.8,5.31683823045,0.739560204987,0.381426539321,6.19345290277,1.72299065716,0.763259500102,1.99247834868,0.554298487979,0.310099573257,0.579945114934,0.437917739848,2,1.33333333333,0.585540043769,2,0.0132106256808,0.0157657657658,7,0.000900900900901,0.275504975399,37,36,36,0.972972972973,0,0.702702702703,0.243243243243,0.027027027027,-83,-0.0623123123123,0,-4.48648648649,-8.3,-2.2,-2.88226081916,0.0373225549055,0.0713664792612,-4.13588372623,-0.0463864505831,-0.00200576516366,-1.09435312202,0.025535689757,0.0573468205047,0,0,0,0.00900900900901,0.00559492883467,0,0.00104049951065,0.00979306952003,0,0,-0.345691605797,-0.027027027027,0,0,133,0,83,1116,0.615740740741,1,0,0.384259259259,1,0.615740740741,0.76217765043,0.757044573298,0.615740740741,0.615740740741,4,87,0,0,0,0
2680,WLNM_dir_neg,0.986292773154,0.928098450775,00:00:03,10,60,48,1236052772,threshold_sweep,0.7,1,0.0459770114943,0.0879120879121,4,0,83,174,0.0459770114943,1,0,0.954022988506,1,0.0459770114943,0.0879120879121,0.681992337165,0.661558109834,0.0603773584906,0.176432436556,0.0459770114943,216,129,87,0,216,0,129,0,87,37,216,0.162162162162,1.32432432432,11.6756756757,21.6,6,8.1990990496,0.702237650082,0.31006006006,10.329336629,1.76937710775,0.765265265265,3.0868314707,0.528762798222,0.252752752753,0.579945114934,0.437917739848,2,1.32432432432,0.579945114934,2,0.0121701261701,0.00597269624573,7,0.000900900900901,0.621196581197,37,37,37,1,0,0.72972972973,0.243243243243,0.027027027027,37,0.0968468468468,1.32432432432,6.97297297297,12.9,3.68571428571,5.11797750031,0.733973517487,0.374397653467,6.11292629334,1.7533199446,0.770584538026,2.10319362481,0.603241582309,0.338990152944,0.579945114934,0.437917739848,2,1.33333333333,0.585540043769,2,0.00938241963452,0.00724637681159,3,0.0003861003861,0.26661608651,37,36,36,0.972972972973,0,0.702702702703,0.243243243243,0.027027027027,37,133,0.0998498498498,1.32432432432,7.18918918919,13.3,3.8,5.31683823045,0.739560204987,0.381426539321,6.19345290277,1.72299065716,0.763259500102,1.99247834868,0.554298487979,0.310099573257,0.579945114934,0.437917739848,2,1.33333333333,0.585540043769,2,0.0132106256808,0.0157657657658,7,0.000900900900901,0.275504975399,37,36,36,0.972972972973,0,0.702702702703,0.243243243243,0.027027027027,-83,-0.0623123123123,0,-4.48648648649,-8.3,-2.2,-2.88226081916,0.0373225549055,0.0713664792612,-4.13588372623,-0.0463864505831,-0.00200576516366,-1.09435312202,0.025535689757,0.0573468205047,0,0,0,0.00900900900901,0.00559492883467,0,0.00104049951065,0.00979306952003,0,0,-0.345691605797,-0.027027027027,0,0,133,0,83,1116,0.615740740741,1,0,0.384259259259,1,0.615740740741,0.76217765043,0.757044573298,0.615740740741,0.615740740741,4,87,0,0,0,0
2681,WLNM_dir_neg,0.986292773154,0.928098450775,00:00:03,10,60,48,1236052772,threshold_sweep,0.8,1,0.0459770114943,0.0879120879121,4,0,83,174,0.0459770114943,1,0,0.954022988506,1,0.0459770114943,0.0879120879121,0.681992337165,0.661558109834,0.0603773584906,0.176432436556,0.0459770114943,216,129,87,0,216,0,129,0,87,37,216,0.162162162162,1.32432432432,11.6756756757,21.6,6,8.1990990496,0.702237650082,0.31006006006,10.329336629,1.76937710775,0.765265265265,3.0868314707,0.528762798222,0.252752752753,0.579945114934,0.437917739848,2,1.32432432432,0.579945114934,2,0.0121701261701,0.00597269624573,7,0.000900900900901,0.621196581197,37,37,37,1,0,0.72972972973,0.243243243243,0.027027027027,37,0.0968468468468,1.32432432432,6.97297297297,12.9,3.68571428571,5.11797750031,0.733973517487,0.374397653467,6.11292629334,1.7533199446,0.770584538026,2.10319362481,0.603241582309,0.338990152944,0.579945114934,0.437917739848,2,1.33333333333,0.585540043769,2,0.00938241963452,0.00724637681159,3,0.0003861003861,0.26661608651,37,36,36,0.972972972973,0,0.702702702703,0.243243243243,0.027027027027,37,133,0.0998498498498,1.32432432432,7.18918918919,13.3,3.8,5.31683823045,0.739560204987,0.381426539321,6.19345290277,1.72299065716,0.763259500102,1.99247834868,0.554298487979,0.310099573257,0.579945114934,0.437917739848,2,1.33333333333,0.585540043769,2,0.0132106256808,0.0157657657658,7,0.000900900900901,0.275504975399,37,36,36,0.972972972973,0,0.702702702703,0.243243243243,0.027027027027,-83,-0.0623123123123,0,-4.48648648649,-8.3,-2.2,-2.88226081916,0.0373225549055,0.0713664792612,-4.13588372623,-0.0463864505831,-0.00200576516366,-1.09435312202,0.025535689757,0.0573468205047,0,0,0,0.00900900900901,0.00559492883467,0,0.00104049951065,0.00979306952003,0,0,-0.345691605797,-0.027027027027,0,0,133,0,83,1116,0.615740740741,1,0,0.384259259259,1,0.615740740741,0.76217765043,0.757044573298,0.615740740741,0.615740740741,4,87,0,0,0,0
2682,WLNM_dir_neg,0.986292773154,0.928098450775,00:00:03,10,60,48,1236052772,threshold_sweep,0.9,1,0.0459770114943,0.0879120879121,4,0,83,174,0.0459770114943,1,0,0.954022988506,1,0.0459770114943,0.0879120879121,0.681992337165,0.661558109834,0.0603773584906,0.176432436556,0.0459770114943,216,129,87,0,216,0,129,0,87,37,216,0.162162162162,1.32432432432,11.6756756757,21.6,6,8.1990990496,0.702237650082,0.31006006006,10.329336629,1.76937710775,0.765265265265,3.0868314707,0.528762798222,0.252752752753,0.579945114934,0.437917739848,2,1.32432432432,0.579945114934,2,0.0121701261701,0.00597269624573,7,0.000900900900901,0.621196581197,37,37,37,1,0,0.72972972973,0.243243243243,0.027027027027,37,0.0968468468468,1.32432432432,6.97297297297,12.9,3.68571428571,5.11797750031,0.733973517487,0.374397653467,6.11292629334,1.7533199446,0.770584538026,2.10319362481,0.603241582309,0.338990152944,0.579945114934,0.437917739848,2,1.33333333333,0.585540043769,2,0.00938241963452,0.00724637681159,3,0.0003861003861,0.26661608651,37,36,36,0.972972972973,0,0.702702702703,0.243243243243,0.027027027027,37,133,0.0998498498498,1.32432432432,7.18918918919,13.3,3.8,5.31683823045,0.739560204987,0.381426539321,6.19345290277,1.72299065716,0.763259500102,1.99247834868,0.554298487979,0.310099573257,0.579945114934,0.437917739848,2,1.33333333333,0.585540043769,2,0.0132106256808,0.0157657657658,7,0.000900900900901,0.275504975399,37,36,36,0.972972972973,0,0.702702702703,0.243243243243,0.027027027027,-83,-0.0623123123123,0,-4.48648648649,-8.3,-2.2,-2.88226081916,0.0373225549055,0.0713664792612,-4.13588372623,-0.0463864505831,-0.00200576516366,-1.09435312202,0.025535689757,0.0573468205047,0,0,0,0.00900900900901,0.00559492883467,0,0.00104049951065,0.00979306952003,0,0,-0.345691605797,-0.027027027027,0,0,133,0,83,1116,0.615740740741,1,0,0.384259259259,1,0.615740740741,0.76217765043,0.757044573298,0.615740740741,0.615740740741,4,87,0,0,0,0
2683,WLNM_dir_neg,0.989298454221,0.906486042693,00:00:02,10,60,49,1236052773,threshold_sweep,0.1,0.857142857143,0.0689655172414,0.127659574468,6,1,81,173,0.0689655172414,0.994252873563,0.00574712643678,0.931034482759,0.857142857143,0.0689655172414,0.127659574468,0.685823754789,0.657726692209,0.0820895522388,0.184464079499,0.0632183908046,216,129,87,0,216,0,129,0,87,37,216,0.162162162162,1.32432432432,11.6756756757,21.6,6,8.1990990496,0.702237650082,0.31006006006,10.329336629,1.76937710775,0.765265265265,3.0868314707,0.528762798222,0.252752752753,0.579945114934,0.437917739848,2,1.32432432432,0.579945114934,2,0.0121701261701,0.00597269624573,7,0.000900900900901,0.621196581197,37,37,37,1,0,0.72972972973,0.243243243243,0.027027027027,37,0.0968468468468,1.31891891892,6.97297297297,12.9,3.79411764706,5.22008134508,0.74861631693,0.380263984915,6.22102895036,1.78432613305,0.778126964173,2.28061421578,0.654129658789,0.367064739158,0.56462270482,0.428095083573,2,1.32777777778,0.57001810052,2,0,0,0,0,0.279011121973,37,36,36,0.972972972973,0,0.702702702703,0.216216216216,0.0540540540541,37,136,0.102102102102,1.38378378378,7.35135135135,12.3636363636,3.88571428571,5.47324916813,0.744522864783,0.384141494436,6.30720070878,1.71592960459,0.764308426073,2.09568411071,0.57014935365,0.318362480127,0.65384058264,0.472501983549,2.2,1.39444444444,0.659846061894,2.2,0.0413638262322,0.0171062009979,8,0.0010296010296,0.241384280172,37,36,36,0.972972972973,0,0.675675675676,0.27027027027,0.027027027027,-80,-0.0600600600601,0.0594594594595,-4.32432432432,-9.23636363636,-2.11428571429,-2.72584988147,0.0422852147008,0.0740814343756,-4.02213592022,-0.0534475031519,-0.000956839192133,-0.991147359992,0.0413865554272,0.0656097273744,0.0738954677059,0.0345842437002,0.2,0.0701201201201,0.0799009469594,0.2,0.0291937000621,0.0111335047521,1,0.0001287001287,-0.379812301025,-0.0540540540541,0.027027027027,0,135,1,81,1115,0.625,0.999103942652,0.00089605734767,0.375,0.992647058824,0.625,0.767045454545,0.759767749983,0.624103942652,0.622119815668,7,87,0,0,0,0
2684,WLNM_dir_neg,0.989298454221,0.906486042693,00:00:02,10,60,49,1236052773,threshold_sweep,0.2,0.857142857143,0.0689655172414,0.127659574468,6,1,81,173,0.0689655172414,0.994252873563,0.00574712643678,0.931034482759,0.857142857143,0.0689655172414,0.127659574468,0.685823754789,0.657726692209,0.0820895522388,0.184464079499,0.0632183908046,216,129,87,0,216,0,129,0,87,37,216,0.162162162162,1.32432432432,11.6756756757,21.6,6,8.1990990496,0.702237650082,0.31006006006,10.329336629,1.76937710775,0.765265265265,3.0868314707,0.528762798222,0.252752752753,0.579945114934,0.437917739848,2,1.32432432432,0.579945114934,2,0.0121701261701,0.00597269624573,7,0.000900900900901,0.621196581197,37,37,37,1,0,0.72972972973,0.243243243243,0.027027027027,37,0.0968468468468,1.31891891892,6.97297297297,12.9,3.79411764706,5.22008134508,0.74861631693,0.380263984915,6.22102895036,1.78432613305,0.778126964173,2.28061421578,0.654129658789,0.367064739158,0.56462270482,0.428095083573,2,1.32777777778,0.57001810052,2,0,0,0,0,0.279011121973,37,36,36,0.972972972973,0,0.702702702703,0.216216216216,0.0540540540541,37,136,0.102102102102,1.38378378378,7.35135135135,12.3636363636,3.88571428571,5.47324916813,0.744522864783,0.384141494436,6.30720070878,1.71592960459,0.764308426073,2.09568411071,0.57014935365,0.318362480127,0.65384058264,0.472501983549,2.2,1.39444444444,0.659846061894,2.2,0.0413638262322,0.0171062009979,8,0.0010296010296,0.241384280172,37,36,36,0.972972972973,0,0.675675675676,0.27027027027,0.027027027027,-80,-0.0600600600601,0.0594594594595,-4.32432432432,-9.23636363636,-2.11428571429,-2.72584988147,0.0422852147008,0.0740814343756,-4.02213592022,-0.0534475031519,-0.000956839192133,-0.991147359992,0.0413865554272,0.0656097273744,0.0738954677059,0.0345842437002,0.2,0.0701201201201,0.0799009469594,0.2,0.0291937000621,0.0111335047521,1,0.0001287001287,-0.379812301025,-0.0540540540541,0.027027027027,0,135,1,81,1115,0.625,0.999103942652,0.00089605734767,0.375,0.992647058824,0.625,0.767045454545,0.759767749983,0.624103942652,0.622119815668,7,87,0,0,0,0
2685,WLNM_dir_neg,0.989298454221,0.906486042693,00:00:02,10,60,49,1236052773,threshold_sweep,0.3,0.857142857143,0.0689655172414,0.127659574468,6,1,81,173,0.0689655172414,0.994252873563,0.00574712643678,0.931034482759,0.857142857143,0.0689655172414,0.127659574468,0.685823754789,0.657726692209,0.0820895522388,0.184464079499,0.0632183908046,216,129,87,0,216,0,129,0,87,37,216,0.162162162162,1.32432432432,11.6756756757,21.6,6,8.1990990496,0.702237650082,0.31006006006,10.329336629,1.76937710775,0.765265265265,3.0868314707,0.528762798222,0.252752752753,0.579945114934,0.437917739848,2,1.32432432432,0.579945114934,2,0.0121701261701,0.00597269624573,7,0.000900900900901,0.621196581197,37,37,37,1,0,0.72972972973,0.243243243243,0.027027027027,37,0.0968468468468,1.31891891892,6.97297297297,12.9,3.79411764706,5.22008134508,0.74861631693,0.380263984915,6.22102895036,1.78432613305,0.778126964173,2.28061421578,0.654129658789,0.367064739158,0.56462270482,0.428095083573,2,1.32777777778,0.57001810052,2,0,0,0,0,0.279011121973,37,36,36,0.972972972973,0,0.702702702703,0.216216216216,0.0540540540541,37,136,0.102102102102,1.38378378378,7.35135135135,12.3636363636,3.88571428571,5.47324916813,0.744522864783,0.384141494436,6.30720070878,1.71592960459,0.764308426073,2.09568411071,0.57014935365,0.318362480127,0.65384058264,0.472501983549,2.2,1.39444444444,0.659846061894,2.2,0.0413638262322,0.0171062009979,8,0.0010296010296,0.241384280172,37,36,36,0.972972972973,0,0.675675675676,0.27027027027,0.027027027027,-80,-0.0600600600601,0.0594594594595,-4.32432432432,-9.23636363636,-2.11428571429,-2.72584988147,0.0422852147008,0.0740814343756,-4.02213592022,-0.0534475031519,-0.000956839192133,-0.991147359992,0.0413865554272,0.0656097273744,0.0738954677059,0.0345842437002,0.2,0.0701201201201,0.0799009469594,0.2,0.0291937000621,0.0111335047521,1,0.0001287001287,-0.379812301025,-0.0540540540541,0.027027027027,0,135,1,81,1115,0.625,0.999103942652,0.00089605734767,0.375,0.992647058824,0.625,0.767045454545,0.759767749983,0.624103942652,0.622119815668,7,87,0,0,0,0
2686,WLNM_dir_neg,0.989298454221,0.906486042693,00:00:02,10,60,49,1236052773,threshold_sweep,0.4,1,0.0689655172414,0.129032258065,6,0,81,174,0.0689655172414,1,0,0.931034482759,1,0.0689655172414,0.129032258065,0.689655172414,0.659003831418,0.0898876404494,0.216930457819,0.0689655172414,216,129,87,0,216,0,129,0,87,37,216,0.162162162162,1.32432432432,11.6756756757,21.6,6,8.1990990496,0.702237650082,0.31006006006,10.329336629,1.76937710775,0.765265265265,3.0868314707,0.528762798222,0.252752752753,0.579945114934,0.437917739848,2,1.32432432432,0.579945114934,2,0.0121701261701,0.00597269624573,7,0.000900900900901,0.621196581197,37,37,37,1,0,0.72972972973,0.243243243243,0.027027027027,37,0.0968468468468,1.31891891892,6.97297297297,12.9,3.79411764706,5.22008134508,0.74861631693,0.380263984915,6.22102895036,1.78432613305,0.778126964173,2.28061421578,0.654129658789,0.367064739158,0.56462270482,0.428095083573,2,1.32777777778,0.57001810052,2,0,0,0,0,0.279011121973,37,36,36,0.972972972973,0,0.702702702703,0.216216216216,0.0540540540541,37,135,0.101351351351,1.32432432432,7.2972972973,13.5,3.85714285714,5.46638650128,0.749097409435,0.387987987988,6.32111196361,1.73245290854,0.766766766767,2.11103208324,0.578579163554,0.322322322322,0.579945114934,0.437917739848,2,1.33333333333,0.585540043769,2,0.013109054688,0.0151296829971,7,0.000900900900901,0.289628405924,37,36,36,0.972972972973,0,0.702702702703,0.243243243243,0.027027027027,-81,-0.0608108108108,0,-4.37837837838,-8.1,-2.14285714286,-2.73271254832,0.0468597593529,0.0779279279279,-4.00822466539,-0.0369241992012,0.0015015015015,-0.975799387467,0.0498163653314,0.0695695695696,0,0,0,0.00900900900901,0.00559492883467,0,0.000938928517876,0.00915698675138,0,0,-0.331568175273,-0.027027027027,0,0,135,0,81,1116,0.625,1,0,0.375,1,0.625,0.769230769231,0.763352321616,0.625,0.625,6,87,0,0,0,0
2687,WLNM_dir_neg,0.989298454221,0.906486042693,00:00:02,10,60,49,1236052773,threshold_sweep,0.5,1,0.0689655172414,0.129032258065,6,0,81,174,0.0689655172414,1,0,0.931034482759,1,0.0689655172414,0.129032258065,0.689655172414,0.659003831418,0.0898876404494,0.216930457819,0.0689655172414,216,129,87,0,216,0,129,0,87,37,216,0.162162162162,1.32432432432,11.6756756757,21.6,6,8.1990990496,0.702237650082,0.31006006006,10.329336629,1.76937710775,0.765265265265,3.0868314707,0.528762798222,0.252752752753,0.579945114934,0.437917739848,2,1.32432432432,0.579945114934,2,0.0121701261701,0.00597269624573,7,0.000900900900901,0.621196581197,37,37,37,1,0,0.72972972973,0.243243243243,0.027027027027,37,0.0968468468468,1.31891891892,6.97297297297,12.9,3.79411764706,5.22008134508,0.74861631693,0.380263984915,6.22102895036,1.78432613305,0.778126964173,2.28061421578,0.654129658789,0.367064739158,0.56462270482,0.428095083573,2,1.32777777778,0.57001810052,2,0,0,0,0,0.279011121973,37,36,36,0.972972972973,0,0.702702702703,0.216216216216,0.0540540540541,37,135,0.101351351351,1.32432432432,7.2972972973,13.5,3.85714285714,5.46638650128,0.749097409435,0.387987987988,6.32111196361,1.73245290854,0.766766766767,2.11103208324,0.578579163554,0.322322322322,0.579945114934,0.437917739848,2,1.33333333333,0.585540043769,2,0.013109054688,0.0151296829971,7,0.000900900900901,0.289628405924,37,36,36,0.972972972973,0,0.702702702703,0.243243243243,0.027027027027,-81,-0.0608108108108,0,-4.37837837838,-8.1,-2.14285714286,-2.73271254832,0.0468597593529,0.0779279279279,-4.00822466539,-0.0369241992012,0.0015015015015,-0.975799387467,0.0498163653314,0.0695695695696,0,0,0,0.00900900900901,0.00559492883467,0,0.000938928517876,0.00915698675138,0,0,-0.331568175273,-0.027027027027,0,0,135,0,81,1116,0.625,1,0,0.375,1,0.625,0.769230769231,0.763352321616,0.625,0.625,6,87,0,0,0,0
2688,WLNM_dir_neg,0.989298454221,0.906486042693,00:00:02,10,60,49,1236052773,threshold_sweep,0.6,1,0.0689655172414,0.129032258065,6,0,81,174,0.0689655172414,1,0,0.931034482759,1,0.0689655172414,0.129032258065,0.689655172414,0.659003831418,0.0898876404494,0.216930457819,0.0689655172414,216,129,87,0,216,0,129,0,87,37,216,0.162162162162,1.32432432432,11.6756756757,21.6,6,8.1990990496,0.702237650082,0.31006006006,10.329336629,1.76937710775,0.765265265265,3.0868314707,0.528762798222,0.252752752753,0.579945114934,0.437917739848,2,1.32432432432,0.579945114934,2,0.0121701261701,0.00597269624573,7,0.000900900900901,0.621196581197,37,37,37,1,0,0.72972972973,0.243243243243,0.027027027027,37,0.0968468468468,1.31891891892,6.97297297297,12.9,3.79411764706,5.22008134508,0.74861631693,0.380263984915,6.22102895036,1.78432613305,0.778126964173,2.28061421578,0.654129658789,0.367064739158,0.56462270482,0.428095083573,2,1.32777777778,0.57001810052,2,0,0,0,0,0.279011121973,37,36,36,0.972972972973,0,0.702702702703,0.216216216216,0.0540540540541,37,135,0.101351351351,1.32432432432,7.2972972973,13.5,3.85714285714,5.46638650128,0.749097409435,0.387987987988,6.32111196361,1.73245290854,0.766766766767,2.11103208324,0.578579163554,0.322322322322,0.579945114934,0.437917739848,2,1.33333333333,0.585540043769,2,0.013109054688,0.0151296829971,7,0.000900900900901,0.289628405924,37,36,36,0.972972972973,0,0.702702702703,0.243243243243,0.027027027027,-81,-0.0608108108108,0,-4.37837837838,-8.1,-2.14285714286,-2.73271254832,0.0468597593529,0.0779279279279,-4.00822466539,-0.0369241992012,0.0015015015015,-0.975799387467,0.0498163653314,0.0695695695696,0,0,0,0.00900900900901,0.00559492883467,0,0.000938928517876,0.00915698675138,0,0,-0.331568175273,-0.027027027027,0,0,135,0,81,1116,0.625,1,0,0.375,1,0.625,0.769230769231,0.763352321616,0.625,0.625,6,87,0,0,0,0
2689,WLNM_dir_neg,0.989298454221,0.906486042693,00:00:02,10,60,49,1236052773,threshold_sweep,0.7,1,0.0689655172414,0.129032258065,6,0,81,174,0.0689655172414,1,0,0.931034482759,1,0.0689655172414,0.129032258065,0.689655172414,0.659003831418,0.0898876404494,0.216930457819,0.0689655172414,216,129,87,0,216,0,129,0,87,37,216,0.162162162162,1.32432432432,11.6756756757,21.6,6,8.1990990496,0.702237650082,0.31006006006,10.329336629,1.76937710775,0.765265265265,3.0868314707,0.528762798222,0.252752752753,0.579945114934,0.437917739848,2,1.32432432432,0.579945114934,2,0.0121701261701,0.00597269624573,7,0.000900900900901,0.621196581197,37,37,37,1,0,0.72972972973,0.243243243243,0.027027027027,37,0.0968468468468,1.31891891892,6.97297297297,12.9,3.79411764706,5.22008134508,0.74861631693,0.380263984915,6.22102895036,1.78432613305,0.778126964173,2.28061421578,0.654129658789,0.367064739158,0.56462270482,0.428095083573,2,1.32777777778,0.57001810052,2,0,0,0,0,0.279011121973,37,36,36,0.972972972973,0,0.702702702703,0.216216216216,0.0540540540541,37,135,0.101351351351,1.32432432432,7.2972972973,13.5,3.85714285714,5.46638650128,0.749097409435,0.387987987988,6.32111196361,1.73245290854,0.766766766767,2.11103208324,0.578579163554,0.322322322322,0.579945114934,0.437917739848,2,1.33333333333,0.585540043769,2,0.013109054688,0.0151296829971,7,0.000900900900901,0.289628405924,37,36,36,0.972972972973,0,0.702702702703,0.243243243243,0.027027027027,-81,-0.0608108108108,0,-4.37837837838,-8.1,-2.14285714286,-2.73271254832,0.0468597593529,0.0779279279279,-4.00822466539,-0.0369241992012,0.0015015015015,-0.975799387467,0.0498163653314,0.0695695695696,0,0,0,0.00900900900901,0.00559492883467,0,0.000938928517876,0.00915698675138,0,0,-0.331568175273,-0.027027027027,0,0,135,0,81,1116,0.625,1,0,0.375,1,0.625,0.769230769231,0.763352321616,0.625,0.625,6,87,0,0,0,0
2690,WLNM_dir_neg,0.989298454221,0.906486042693,00:00:02,10,60,49,1236052773,threshold_sweep,0.8,1,0.0689655172414,0.129032258065,6,0,81,174,0.0689655172414,1,0,0.931034482759,1,0.0689655172414,0.129032258065,0.689655172414,0.659003831418,0.0898876404494,0.216930457819,0.0689655172414,216,129,87,0,216,0,129,0,87,37,216,0.162162162162,1.32432432432,11.6756756757,21.6,6,8.1990990496,0.702237650082,0.31006006006,10.329336629,1.76937710775,0.765265265265,3.0868314707,0.528762798222,0.252752752753,0.579945114934,0.437917739848,2,1.32432432432,0.579945114934,2,0.0121701261701,0.00597269624573,7,0.000900900900901,0.621196581197,37,37,37,1,0,0.72972972973,0.243243243243,0.027027027027,37,0.0968468468468,1.31891891892,6.97297297297,12.9,3.79411764706,5.22008134508,0.74861631693,0.380263984915,6.22102895036,1.78432613305,0.778126964173,2.28061421578,0.654129658789,0.367064739158,0.56462270482,0.428095083573,2,1.32777777778,0.57001810052,2,0,0,0,0,0.279011121973,37,36,36,0.972972972973,0,0.702702702703,0.216216216216,0.0540540540541,37,135,0.101351351351,1.32432432432,7.2972972973,13.5,3.85714285714,5.46638650128,0.749097409435,0.387987987988,6.32111196361,1.73245290854,0.766766766767,2.11103208324,0.578579163554,0.322322322322,0.579945114934,0.437917739848,2,1.33333333333,0.585540043769,2,0.013109054688,0.0151296829971,7,0.000900900900901,0.289628405924,37,36,36,0.972972972973,0,0.702702702703,0.243243243243,0.027027027027,-81,-0.0608108108108,0,-4.37837837838,-8.1,-2.14285714286,-2.73271254832,0.0468597593529,0.0779279279279,-4.00822466539,-0.0369241992012,0.0015015015015,-0.975799387467,0.0498163653314,0.0695695695696,0,0,0,0.00900900900901,0.00559492883467,0,0.000938928517876,0.00915698675138,0,0,-0.331568175273,-0.027027027027,0,0,135,0,81,1116,0.625,1,0,0.375,1,0.625,0.769230769231,0.763352321616,0.625,0.625,6,87,0,0,0,0
2691,WLNM_dir_neg,0.989298454221,0.906486042693,00:00:02,10,60,49,1236052773,threshold_sweep,0.9,1,0.0689655172414,0.129032258065,6,0,81,174,0.0689655172414,1,0,0.931034482759,1,0.0689655172414,0.129032258065,0.689655172414,0.659003831418,0.0898876404494,0.216930457819,0.0689655172414,216,129,87,0,216,0,129,0,87,37,216,0.162162162162,1.32432432432,11.6756756757,21.6,6,8.1990990496,0.702237650082,0.31006006006,10.329336629,1.76937710775,0.765265265265,3.0868314707,0.528762798222,0.252752752753,0.579945114934,0.437917739848,2,1.32432432432,0.579945114934,2,0.0121701261701,0.00597269624573,7,0.000900900900901,0.621196581197,37,37,37,1,0,0.72972972973,0.243243243243,0.027027027027,37,0.0968468468468,1.31891891892,6.97297297297,12.9,3.79411764706,5.22008134508,0.74861631693,0.380263984915,6.22102895036,1.78432613305,0.778126964173,2.28061421578,0.654129658789,0.367064739158,0.56462270482,0.428095083573,2,1.32777777778,0.57001810052,2,0,0,0,0,0.279011121973,37,36,36,0.972972972973,0,0.702702702703,0.216216216216,0.0540540540541,37,135,0.101351351351,1.32432432432,7.2972972973,13.5,3.85714285714,5.46638650128,0.749097409435,0.387987987988,6.32111196361,1.73245290854,0.766766766767,2.11103208324,0.578579163554,0.322322322322,0.579945114934,0.437917739848,2,1.33333333333,0.585540043769,2,0.013109054688,0.0151296829971,7,0.000900900900901,0.289628405924,37,36,36,0.972972972973,0,0.702702702703,0.243243243243,0.027027027027,-81,-0.0608108108108,0,-4.37837837838,-8.1,-2.14285714286,-2.73271254832,0.0468597593529,0.0779279279279,-4.00822466539,-0.0369241992012,0.0015015015015,-0.975799387467,0.0498163653314,0.0695695695696,0,0,0,0.00900900900901,0.00559492883467,0,0.000938928517876,0.00915698675138,0,0,-0.331568175273,-0.027027027027,0,0,135,0,81,1116,0.625,1,0,0.375,1,0.625,0.769230769231,0.763352321616,0.625,0.625,6,87,0,0,0,0
2692,WLNM_dir_neg,0.941207557141,0.59648812235,00:00:02,10,60,50,1236052774,threshold_sweep,0.1,0,0,0,0,3,87,171,0,0.98275862069,0.0172413793103,1,0,0,0,0.655172413793,0.662835249042,-0.0227272727273,-0.0762492851663,-0.0172413793103,216,129,87,0,216,0,129,0,87,37,216,0.162162162162,1.32432432432,11.6756756757,21.6,6,8.1990990496,0.702237650082,0.31006006006,10.329336629,1.76937710775,0.765265265265,3.0868314707,0.528762798222,0.252752752753,0.579945114934,0.437917739848,2,1.32432432432,0.579945114934,2,0.0121701261701,0.00597269624573,7,0.000900900900901,0.621196581197,37,37,37,1,0,0.72972972973,0.243243243243,0.027027027027,37,0.0968468468468,1.32432432432,6.97297297297,12.9,3.68571428571,5.01933199676,0.719826681706,0.364131573434,6.16270873715,1.76759863004,0.770165514352,2.04968319533,0.587893629667,0.328933584748,0.579945114934,0.437917739848,2,1.32432432432,0.579945114934,2,0.0174149659864,0.00735294117647,3,0.0003861003861,0.25931877674,37,37,37,1,0,0.72972972973,0.216216216216,0.0540540540541,37,132,0.0990990990991,1.33737819452,7.13513513514,13.2,3.56756756757,5.22899056629,0.732850950578,0.369574119574,6.25628812805,1.75365652074,0.767403767404,1.93707311484,0.542967464009,0.30303030303,0.613372794661,0.458638249953,2.29659863946,1.33737819452,0.613372794661,2.29659863946,0.0905915699613,0.0628394103957,27,0.0034749034749,0.25344610208,37,37,37,1,0,0.72972972973,0.27027027027,0,-84,-0.0630630630631,0.0130538701967,-4.54054054054,-8.4,-2.43243243243,-2.97010848332,0.0306133004966,0.0595140595141,-4.07304850095,-0.0157205870049,0.0021385021385,-1.14975835586,0.0142046657869,0.0502775502776,0.0334276797264,0.0207205101048,0.296598639456,0.0130538701967,0.0334276797264,0.296598639456,0.0784214437912,0.0568667141499,20,0.002574002574,-0.367750479117,0,0.027027027027,-0.027027027027,129,3,87,1113,0.597222222222,0.997311827957,0.00268817204301,0.402777777778,0.977272727273,0.597222222222,0.741379310345,0.733429065443,0.594534050179,0.58904109589,3,87,0,0,0,0
2693,WLNM_dir_neg,0.941207557141,0.59648812235,00:00:02,10,60,50,1236052774,threshold_sweep,0.2,0,0,0,0,2,87,172,0,0.988505747126,0.0114942528736,1,0,0,0,0.659003831418,0.66411238825,-0.0152091254753,-0.0621369766001,-0.0114942528736,216,129,87,0,216,0,129,0,87,37,216,0.162162162162,1.32432432432,11.6756756757,21.6,6,8.1990990496,0.702237650082,0.31006006006,10.329336629,1.76937710775,0.765265265265,3.0868314707,0.528762798222,0.252752752753,0.579945114934,0.437917739848,2,1.32432432432,0.579945114934,2,0.0121701261701,0.00597269624573,7,0.000900900900901,0.621196581197,37,37,37,1,0,0.72972972973,0.243243243243,0.027027027027,37,0.0968468468468,1.32432432432,6.97297297297,12.9,3.68571428571,5.01933199676,0.719826681706,0.364131573434,6.16270873715,1.76759863004,0.770165514352,2.04968319533,0.587893629667,0.328933584748,0.579945114934,0.437917739848,2,1.32432432432,0.579945114934,2,0.0174149659864,0.00735294117647,3,0.0003861003861,0.25931877674,37,37,37,1,0,0.72972972973,0.216216216216,0.0540540540541,37,131,0.0983483483483,1.33480419195,7.08108108108,13.1,3.54054054054,5.1228159486,0.723451107245,0.36579327419,6.20749812993,1.75326283059,0.767072415927,1.96630780052,0.555369378771,0.309469775119,0.608831555757,0.456120500243,2.27755102041,1.33480419195,0.608831555757,2.27755102041,0.057581032413,0.0358280254777,15,0.0019305019305,0.25553043016,37,37,37,1,0,0.72972972973,0.27027027027,0,-85,-0.0638138138138,0.0104798676227,-4.59459459459,-8.5,-2.45945945946,-3.076283101,0.0212134571633,0.0557332141302,-4.12183849907,-0.0161142771556,0.00180715066211,-1.12052367019,0.026606580549,0.0567170223659,0.0288864408223,0.0182027603941,0.277551020408,0.0104798676227,0.0288864408223,0.277551020408,0.0454109062428,0.029855329232,8,0.0010296010296,-0.365666151037,0,0.027027027027,-0.027027027027,129,2,87,1114,0.597222222222,0.998207885305,0.00179211469534,0.402777777778,0.984732824427,0.597222222222,0.743515850144,0.737025666234,0.595430107527,0.591743119266,2,87,0,0,0,0
2694,WLNM_dir_neg,0.941207557141,0.59648812235,00:00:02,10,60,50,1236052774,threshold_sweep,0.3,0,0,0,0,1,87,173,0,0.994252873563,0.00574712643678,1,0,0,0,0.662835249042,0.665389527458,-0.00763358778626,-0.0438529009654,-0.00574712643678,216,129,87,0,216,0,129,0,87,37,216,0.162162162162,1.32432432432,11.6756756757,21.6,6,8.1990990496,0.702237650082,0.31006006006,10.329336629,1.76937710775,0.765265265265,3.0868314707,0.528762798222,0.252752752753,0.579945114934,0.437917739848,2,1.32432432432,0.579945114934,2,0.0121701261701,0.00597269624573,7,0.000900900900901,0.621196581197,37,37,37,1,0,0.72972972973,0.243243243243,0.027027027027,37,0.0968468468468,1.32432432432,6.97297297297,12.9,3.68571428571,5.01933199676,0.719826681706,0.364131573434,6.16270873715,1.76759863004,0.770165514352,2.04968319533,0.587893629667,0.328933584748,0.579945114934,0.437917739848,2,1.32432432432,0.579945114934,2,0.0174149659864,0.00735294117647,3,0.0003861003861,0.25931877674,37,37,37,1,0,0.72972972973,0.216216216216,0.0540540540541,37,130,0.0975975975976,1.32718432718,7.02702702703,13,3.61111111111,5.12340211668,0.72909953199,0.367775467775,6.20761907131,1.76678388953,0.769230769231,2.00861507874,0.571682753179,0.319334719335,0.585125095535,0.440877038366,2.02380952381,1.32718432718,0.585125095535,2.02380952381,0.057581032413,0.0358280254777,15,0.0019305019305,0.2562711709,37,37,37,1,0,0.72972972973,0.243243243243,0.027027027027,-86,-0.0645645645646,0.00286000286,-4.64864864865,-8.6,-2.38888888889,-3.07569693292,0.0268618819079,0.0577154077154,-4.12171755769,-0.00259321821765,0.0039655039655,-1.07821639197,0.0429199549569,0.066581966582,0.00517998060007,0.00295929851733,0.0238095238095,0.00286000286,0.00517998060007,0.0238095238095,0.0454109062428,0.029855329232,8,0.0010296010296,-0.364925410296,0,0,0,129,1,87,1115,0.597222222222,0.999103942652,0.00089605734767,0.402777777778,0.992307692308,0.597222222222,0.745664739884,0.740660063565,0.596326164875,0.594470046083,1,87,0,0,0,0
2695,WLNM_dir_neg,0.941207557141,0.59648812235,00:00:02,10,60,50,1236052774,threshold_sweep,0.4,0,0,0,0,1,87,173,0,0.994252873563,0.00574712643678,1,0,0,0,0.662835249042,0.665389527458,-0.00763358778626,-0.0438529009654,-0.00574712643678,216,129,87,0,216,0,129,0,87,37,216,0.162162162162,1.32432432432,11.6756756757,21.6,6,8.1990990496,0.702237650082,0.31006006006,10.329336629,1.76937710775,0.765265265265,3.0868314707,0.528762798222,0.252752752753,0.579945114934,0.437917739848,2,1.32432432432,0.579945114934,2,0.0121701261701,0.00597269624573,7,0.000900900900901,0.621196581197,37,37,37,1,0,0.72972972973,0.243243243243,0.027027027027,37,0.0968468468468,1.32432432432,6.97297297297,12.9,3.68571428571,5.01933199676,0.719826681706,0.364131573434,6.16270873715,1.76759863004,0.770165514352,2.04968319533,0.587893629667,0.328933584748,0.579945114934,0.437917739848,2,1.32432432432,0.579945114934,2,0.0174149659864,0.00735294117647,3,0.0003861003861,0.25931877674,37,37,37,1,0,0.72972972973,0.216216216216,0.0540540540541,37,130,0.0975975975976,1.32718432718,7.02702702703,13,3.61111111111,5.12340211668,0.72909953199,0.367775467775,6.20761907131,1.76678388953,0.769230769231,2.00861507874,0.571682753179,0.319334719335,0.585125095535,0.440877038366,2.02380952381,1.32718432718,0.585125095535,2.02380952381,0.057581032413,0.0358280254777,15,0.0019305019305,0.2562711709,37,37,37,1,0,0.72972972973,0.243243243243,0.027027027027,-86,-0.0645645645646,0.00286000286,-4.64864864865,-8.6,-2.38888888889,-3.07569693292,0.0268618819079,0.0577154077154,-4.12171755769,-0.00259321821765,0.0039655039655,-1.07821639197,0.0429199549569,0.066581966582,0.00517998060007,0.00295929851733,0.0238095238095,0.00286000286,0.00517998060007,0.0238095238095,0.0454109062428,0.029855329232,8,0.0010296010296,-0.364925410296,0,0,0,129,1,87,1115,0.597222222222,0.999103942652,0.00089605734767,0.402777777778,0.992307692308,0.597222222222,0.745664739884,0.740660063565,0.596326164875,0.594470046083,1,87,0,0,0,0
2696,WLNM_dir_neg,0.941207557141,0.59648812235,00:00:02,10,60,50,1236052774,threshold_sweep,0.5,0,0,0,0,1,87,173,0,0.994252873563,0.00574712643678,1,0,0,0,0.662835249042,0.665389527458,-0.00763358778626,-0.0438529009654,-0.00574712643678,216,129,87,0,216,0,129,0,87,37,216,0.162162162162,1.32432432432,11.6756756757,21.6,6,8.1990990496,0.702237650082,0.31006006006,10.329336629,1.76937710775,0.765265265265,3.0868314707,0.528762798222,0.252752752753,0.579945114934,0.437917739848,2,1.32432432432,0.579945114934,2,0.0121701261701,0.00597269624573,7,0.000900900900901,0.621196581197,37,37,37,1,0,0.72972972973,0.243243243243,0.027027027027,37,0.0968468468468,1.32432432432,6.97297297297,12.9,3.68571428571,5.01933199676,0.719826681706,0.364131573434,6.16270873715,1.76759863004,0.770165514352,2.04968319533,0.587893629667,0.328933584748,0.579945114934,0.437917739848,2,1.32432432432,0.579945114934,2,0.0174149659864,0.00735294117647,3,0.0003861003861,0.25931877674,37,37,37,1,0,0.72972972973,0.216216216216,0.0540540540541,37,130,0.0975975975976,1.32718432718,7.02702702703,13,3.61111111111,5.12340211668,0.72909953199,0.367775467775,6.20761907131,1.76678388953,0.769230769231,2.00861507874,0.571682753179,0.319334719335,0.585125095535,0.440877038366,2.02380952381,1.32718432718,0.585125095535,2.02380952381,0.057581032413,0.0358280254777,15,0.0019305019305,0.2562711709,37,37,37,1,0,0.72972972973,0.243243243243,0.027027027027,-86,-0.0645645645646,0.00286000286,-4.64864864865,-8.6,-2.38888888889,-3.07569693292,0.0268618819079,0.0577154077154,-4.12171755769,-0.00259321821765,0.0039655039655,-1.07821639197,0.0429199549569,0.066581966582,0.00517998060007,0.00295929851733,0.0238095238095,0.00286000286,0.00517998060007,0.0238095238095,0.0454109062428,0.029855329232,8,0.0010296010296,-0.364925410296,0,0,0,129,1,87,1115,0.597222222222,0.999103942652,0.00089605734767,0.402777777778,0.992307692308,0.597222222222,0.745664739884,0.740660063565,0.596326164875,0.594470046083,1,87,0,0,0,0
2697,WLNM_dir_neg,0.941207557141,0.59648812235,00:00:02,10,60,50,1236052774,threshold_sweep,0.6,0,0,0,0,1,87,173,0,0.994252873563,0.00574712643678,1,0,0,0,0.662835249042,0.665389527458,-0.00763358778626,-0.0438529009654,-0.00574712643678,216,129,87,0,216,0,129,0,87,37,216,0.162162162162,1.32432432432,11.6756756757,21.6,6,8.1990990496,0.702237650082,0.31006006006,10.329336629,1.76937710775,0.765265265265,3.0868314707,0.528762798222,0.252752752753,0.579945114934,0.437917739848,2,1.32432432432,0.579945114934,2,0.0121701261701,0.00597269624573,7,0.000900900900901,0.621196581197,37,37,37,1,0,0.72972972973,0.243243243243,0.027027027027,37,0.0968468468468,1.32432432432,6.97297297297,12.9,3.68571428571,5.01933199676,0.719826681706,0.364131573434,6.16270873715,1.76759863004,0.770165514352,2.04968319533,0.587893629667,0.328933584748,0.579945114934,0.437917739848,2,1.32432432432,0.579945114934,2,0.0174149659864,0.00735294117647,3,0.0003861003861,0.25931877674,37,37,37,1,0,0.72972972973,0.216216216216,0.0540540540541,37,130,0.0975975975976,1.32718432718,7.02702702703,13,3.61111111111,5.12340211668,0.72909953199,0.367775467775,6.20761907131,1.76678388953,0.769230769231,2.00861507874,0.571682753179,0.319334719335,0.585125095535,0.440877038366,2.02380952381,1.32718432718,0.585125095535,2.02380952381,0.057581032413,0.0358280254777,15,0.0019305019305,0.2562711709,37,37,37,1,0,0.72972972973,0.243243243243,0.027027027027,-86,-0.0645645645646,0.00286000286,-4.64864864865,-8.6,-2.38888888889,-3.07569693292,0.0268618819079,0.0577154077154,-4.12171755769,-0.00259321821765,0.0039655039655,-1.07821639197,0.0429199549569,0.066581966582,0.00517998060007,0.00295929851733,0.0238095238095,0.00286000286,0.00517998060007,0.0238095238095,0.0454109062428,0.029855329232,8,0.0010296010296,-0.364925410296,0,0,0,129,1,87,1115,0.597222222222,0.999103942652,0.00089605734767,0.402777777778,0.992307692308,0.597222222222,0.745664739884,0.740660063565,0.596326164875,0.594470046083,1,87,0,0,0,0
2698,WLNM_dir_neg,0.941207557141,0.59648812235,00:00:02,10,60,50,1236052774,threshold_sweep,0.7,0,0,0,0,0,87,174,0,1,0,1,0,0,0,0.666666666667,0.666666666667,0,0,0,216,129,87,0,216,0,129,0,87,37,216,0.162162162162,1.32432432432,11.6756756757,21.6,6,8.1990990496,0.702237650082,0.31006006006,10.329336629,1.76937710775,0.765265265265,3.0868314707,0.528762798222,0.252752752753,0.579945114934,0.437917739848,2,1.32432432432,0.579945114934,2,0.0121701261701,0.00597269624573,7,0.000900900900901,0.621196581197,37,37,37,1,0,0.72972972973,0.243243243243,0.027027027027,37,0.0968468468468,1.32432432432,6.97297297297,12.9,3.68571428571,5.01933199676,0.719826681706,0.364131573434,6.16270873715,1.76759863004,0.770165514352,2.04968319533,0.587893629667,0.328933584748,0.579945114934,0.437917739848,2,1.32432432432,0.579945114934,2,0.0174149659864,0.00735294117647,3,0.0003861003861,0.25931877674,37,37,37,1,0,0.72972972973,0.216216216216,0.0540540540541,37,129,0.0968468468468,1.32432432432,6.97297297297,12.9,3.68571428571,5.01933199676,0.719826681706,0.364131573434,6.16270873715,1.76759863004,0.770165514352,2.04968319533,0.587893629667,0.328933584748,0.579945114934,0.437917739848,2,1.32432432432,0.579945114934,2,0.0174149659864,0.00735294117647,3,0.0003861003861,0.25931877674,37,37,37,1,0,0.72972972973,0.216216216216,0.0540540540541,-87,-0.0653153153153,0,-4.7027027027,-8.7,-2.31428571429,-3.17976705284,0.017589031624,0.0540715133738,-4.16662789185,-0.00177847770926,0.0049002490863,-1.03714827538,0.0591308314447,0.0761808319948,0,0,0,0,0,0,0.00524483981627,0.00138024493074,-4,-0.000514800514801,-0.361877804457,0,-0.027027027027,0.027027027027,129,0,87,1116,0.597222222222,1,0,0.402777777778,1,0.597222222222,0.747826086957,0.744332981734,0.597222222222,0.597222222222,0,87,0,0,0,0
2699,WLNM_dir_neg,0.941207557141,0.59648812235,00:00:02,10,60,50,1236052774,threshold_sweep,0.8,0,0,0,0,0,87,174,0,1,0,1,0,0,0,0.666666666667,0.666666666667,0,0,0,216,129,87,0,216,0,129,0,87,37,216,0.162162162162,1.32432432432,11.6756756757,21.6,6,8.1990990496,0.702237650082,0.31006006006,10.329336629,1.76937710775,0.765265265265,3.0868314707,0.528762798222,0.252752752753,0.579945114934,0.437917739848,2,1.32432432432,0.579945114934,2,0.0121701261701,0.00597269624573,7,0.000900900900901,0.621196581197,37,37,37,1,0,0.72972972973,0.243243243243,0.027027027027,37,0.0968468468468,1.32432432432,6.97297297297,12.9,3.68571428571,5.01933199676,0.719826681706,0.364131573434,6.16270873715,1.76759863004,0.770165514352,2.04968319533,0.587893629667,0.328933584748,0.579945114934,0.437917739848,2,1.32432432432,0.579945114934,2,0.0174149659864,0.00735294117647,3,0.0003861003861,0.25931877674,37,37,37,1,0,0.72972972973,0.216216216216,0.0540540540541,37,129,0.0968468468468,1.32432432432,6.97297297297,12.9,3.68571428571,5.01933199676,0.719826681706,0.364131573434,6.16270873715,1.76759863004,0.770165514352,2.04968319533,0.587893629667,0.328933584748,0.579945114934,0.437917739848,2,1.32432432432,0.579945114934,2,0.0174149659864,0.00735294117647,3,0.0003861003861,0.25931877674,37,37,37,1,0,0.72972972973,0.216216216216,0.0540540540541,-87,-0.0653153153153,0,-4.7027027027,-8.7,-2.31428571429,-3.17976705284,0.017589031624,0.0540715133738,-4.16662789185,-0.00177847770926,0.0049002490863,-1.03714827538,0.0591308314447,0.0761808319948,0,0,0,0,0,0,0.00524483981627,0.00138024493074,-4,-0.000514800514801,-0.361877804457,0,-0.027027027027,0.027027027027,129,0,87,1116,0.597222222222,1,0,0.402777777778,1,0.597222222222,0.747826086957,0.744332981734,0.597222222222,0.597222222222,0,87,0,0,0,0
2700,WLNM_dir_neg,0.941207557141,0.59648812235,00:00:02,10,60,50,1236052774,threshold_sweep,0.9,0,0,0,0,0,87,174,0,1,0,1,0,0,0,0.666666666667,0.666666666667,0,0,0,216,129,87,0,216,0,129,0,87,37,216,0.162162162162,1.32432432432,11.6756756757,21.6,6,8.1990990496,0.702237650082,0.31006006006,10.329336629,1.76937710775,0.765265265265,3.0868314707,0.528762798222,0.252752752753,0.579945114934,0.437917739848,2,1.32432432432,0.579945114934,2,0.0121701261701,0.00597269624573,7,0.000900900900901,0.621196581197,37,37,37,1,0,0.72972972973,0.243243243243,0.027027027027,37,0.0968468468468,1.32432432432,6.97297297297,12.9,3.68571428571,5.01933199676,0.719826681706,0.364131573434,6.16270873715,1.76759863004,0.770165514352,2.04968319533,0.587893629667,0.328933584748,0.579945114934,0.437917739848,2,1.32432432432,0.579945114934,2,0.0174149659864,0.00735294117647,3,0.0003861003861,0.25931877674,37,37,37,1,0,0.72972972973,0.216216216216,0.0540540540541,37,129,0.0968468468468,1.32432432432,6.97297297297,12.9,3.68571428571,5.01933199676,0.719826681706,0.364131573434,6.16270873715,1.76759863004,0.770165514352,2.04968319533,0.587893629667,0.328933584748,0.579945114934,0.437917739848,2,1.32432432432,0.579945114934,2,0.0174149659864,0.00735294117647,3,0.0003861003861,0.25931877674,37,37,37,1,0,0.72972972973,0.216216216216,0.0540540540541,-87,-0.0653153153153,0,-4.7027027027,-8.7,-2.31428571429,-3.17976705284,0.017589031624,0.0540715133738,-4.16662789185,-0.00177847770926,0.0049002490863,-1.03714827538,0.0591308314447,0.0761808319948,0,0,0,0,0,0,0.00524483981627,0.00138024493074,-4,-0.000514800514801,-0.361877804457,0,-0.027027027027,0.027027027027,129,0,87,1116,0.597222222222,1,0,0.402777777778,1,0.597222222222,0.747826086957,0.744332981734,0.597222222222,0.597222222222,0,87,0,0,0,0
2701,WLNM_dir_neg,0.994023668639,0.973754993122,00:00:02,10,70,1,1236970025,threshold_sweep,0.1,1,0.0153846153846,0.030303030303,1,0,64,130,0.0153846153846,1,0,0.984615384615,1,0.0153846153846,0.030303030303,0.671794871795,0.664957264957,0.0204081632653,0.101534616513,0.0153846153846,216,151,65,0,216,0,151,0,65,37,216,0.162162162162,1.32432432432,11.6756756757,21.6,6,8.1990990496,0.702237650082,0.31006006006,10.329336629,1.76937710775,0.765265265265,3.0868314707,0.528762798222,0.252752752753,0.579945114934,0.437917739848,2,1.32432432432,0.579945114934,2,0.0121701261701,0.00597269624573,7,0.000900900900901,0.621196581197,37,37,37,1,0,0.72972972973,0.243243243243,0.027027027027,37,0.113363363363,1.32094594595,8.16216216216,15.1,4.44117647059,5.96523965018,0.730840619393,0.363701449794,7.27773766121,1.78328671169,0.77501342402,2.45377688901,0.601256588697,0.337211383569,0.570194700955,0.431656346503,2,1.32094594595,0.570194700955,2,0,0,0,0,0.342829588074,37,37,37,1,0,0.72972972973,0.189189189189,0.0810810810811,37,152,0.114114114114,1.32094594595,8.21621621622,15.2,4.34285714286,5.98208034761,0.728082147571,0.361486486486,7.27928485416,1.7719311816,0.773115220484,2.41274145348,0.587312064333,0.329302987198,0.570194700955,0.431656346503,2,1.32094594595,0.570194700955,2,0,0,0,0,0.341595020173,37,37,37,1,0,0.72972972973,0.216216216216,0.0540540540541,-64,-0.048048048048,-0.00337837837838,-3.45945945946,-6.4,-1.65714285714,-2.21701870199,0.0258444974893,0.0514264264264,-3.05005177484,0.00255407385916,0.00784995521838,-0.674090017228,0.0585492661105,0.076550234445,-0.0097504139796,-0.00626139334556,0,-0.00337837837838,-0.0097504139796,0,-0.0121701261701,-0.00597269624573,-7,-0.000900900900901,-0.279601561023,0,-0.027027027027,0.027027027027,152,0,64,1116,0.703703703704,1,0,0.296296296296,1,0.703703703704,0.826086956522,0.815804341226,0.703703703704,0.703703703704,1,65,0,0,0,0
2702,WLNM_dir_neg,0.994023668639,0.973754993122,00:00:02,10,70,1,1236970025,threshold_sweep,0.2,1,0.0153846153846,0.030303030303,1,0,64,130,0.0153846153846,1,0,0.984615384615,1,0.0153846153846,0.030303030303,0.671794871795,0.664957264957,0.0204081632653,0.101534616513,0.0153846153846,216,151,65,0,216,0,151,0,65,37,216,0.162162162162,1.32432432432,11.6756756757,21.6,6,8.1990990496,0.702237650082,0.31006006006,10.329336629,1.76937710775,0.765265265265,3.0868314707,0.528762798222,0.252752752753,0.579945114934,0.437917739848,2,1.32432432432,0.579945114934,2,0.0121701261701,0.00597269624573,7,0.000900900900901,0.621196581197,37,37,37,1,0,0.72972972973,0.243243243243,0.027027027027,37,0.113363363363,1.32094594595,8.16216216216,15.1,4.44117647059,5.96523965018,0.730840619393,0.363701449794,7.27773766121,1.78328671169,0.77501342402,2.45377688901,0.601256588697,0.337211383569,0.570194700955,0.431656346503,2,1.32094594595,0.570194700955,2,0,0,0,0,0.342829588074,37,37,37,1,0,0.72972972973,0.189189189189,0.0810810810811,37,152,0.114114114114,1.32094594595,8.21621621622,15.2,4.34285714286,5.98208034761,0.728082147571,0.361486486486,7.27928485416,1.7719311816,0.773115220484,2.41274145348,0.587312064333,0.329302987198,0.570194700955,0.431656346503,2,1.32094594595,0.570194700955,2,0,0,0,0,0.341595020173,37,37,37,1,0,0.72972972973,0.216216216216,0.0540540540541,-64,-0.048048048048,-0.00337837837838,-3.45945945946,-6.4,-1.65714285714,-2.21701870199,0.0258444974893,0.0514264264264,-3.05005177484,0.00255407385916,0.00784995521838,-0.674090017228,0.0585492661105,0.076550234445,-0.0097504139796,-0.00626139334556,0,-0.00337837837838,-0.0097504139796,0,-0.0121701261701,-0.00597269624573,-7,-0.000900900900901,-0.279601561023,0,-0.027027027027,0.027027027027,152,0,64,1116,0.703703703704,1,0,0.296296296296,1,0.703703703704,0.826086956522,0.815804341226,0.703703703704,0.703703703704,1,65,0,0,0,0
2703,WLNM_dir_neg,0.994023668639,0.973754993122,00:00:02,10,70,1,1236970025,threshold_sweep,0.3,1,0.0153846153846,0.030303030303,1,0,64,130,0.0153846153846,1,0,0.984615384615,1,0.0153846153846,0.030303030303,0.671794871795,0.664957264957,0.0204081632653,0.101534616513,0.0153846153846,216,151,65,0,216,0,151,0,65,37,216,0.162162162162,1.32432432432,11.6756756757,21.6,6,8.1990990496,0.702237650082,0.31006006006,10.329336629,1.76937710775,0.765265265265,3.0868314707,0.528762798222,0.252752752753,0.579945114934,0.437917739848,2,1.32432432432,0.579945114934,2,0.0121701261701,0.00597269624573,7,0.000900900900901,0.621196581197,37,37,37,1,0,0.72972972973,0.243243243243,0.027027027027,37,0.113363363363,1.32094594595,8.16216216216,15.1,4.44117647059,5.96523965018,0.730840619393,0.363701449794,7.27773766121,1.78328671169,0.77501342402,2.45377688901,0.601256588697,0.337211383569,0.570194700955,0.431656346503,2,1.32094594595,0.570194700955,2,0,0,0,0,0.342829588074,37,37,37,1,0,0.72972972973,0.189189189189,0.0810810810811,37,152,0.114114114114,1.32094594595,8.21621621622,15.2,4.34285714286,5.98208034761,0.728082147571,0.361486486486,7.27928485416,1.7719311816,0.773115220484,2.41274145348,0.587312064333,0.329302987198,0.570194700955,0.431656346503,2,1.32094594595,0.570194700955,2,0,0,0,0,0.341595020173,37,37,37,1,0,0.72972972973,0.216216216216,0.0540540540541,-64,-0.048048048048,-0.00337837837838,-3.45945945946,-6.4,-1.65714285714,-2.21701870199,0.0258444974893,0.0514264264264,-3.05005177484,0.00255407385916,0.00784995521838,-0.674090017228,0.0585492661105,0.076550234445,-0.0097504139796,-0.00626139334556,0,-0.00337837837838,-0.0097504139796,0,-0.0121701261701,-0.00597269624573,-7,-0.000900900900901,-0.279601561023,0,-0.027027027027,0.027027027027,152,0,64,1116,0.703703703704,1,0,0.296296296296,1,0.703703703704,0.826086956522,0.815804341226,0.703703703704,0.703703703704,1,65,0,0,0,0
2704,WLNM_dir_neg,0.994023668639,0.973754993122,00:00:02,10,70,1,1236970025,threshold_sweep,0.4,0,0,0,0,0,65,130,0,1,0,1,0,0,0,0.666666666667,0.666666666667,0,0,0,216,151,65,0,216,0,151,0,65,37,216,0.162162162162,1.32432432432,11.6756756757,21.6,6,8.1990990496,0.702237650082,0.31006006006,10.329336629,1.76937710775,0.765265265265,3.0868314707,0.528762798222,0.252752752753,0.579945114934,0.437917739848,2,1.32432432432,0.579945114934,2,0.0121701261701,0.00597269624573,7,0.000900900900901,0.621196581197,37,37,37,1,0,0.72972972973,0.243243243243,0.027027027027,37,0.113363363363,1.32094594595,8.16216216216,15.1,4.44117647059,5.96523965018,0.730840619393,0.363701449794,7.27773766121,1.78328671169,0.77501342402,2.45377688901,0.601256588697,0.337211383569,0.570194700955,0.431656346503,2,1.32094594595,0.570194700955,2,0,0,0,0,0.342829588074,37,37,37,1,0,0.72972972973,0.189189189189,0.0810810810811,37,151,0.113363363363,1.32094594595,8.16216216216,15.1,4.44117647059,5.96523965018,0.730840619393,0.363701449794,7.27773766121,1.78328671169,0.77501342402,2.45377688901,0.601256588697,0.337211383569,0.570194700955,0.431656346503,2,1.32094594595,0.570194700955,2,0,0,0,0,0.342829588074,37,37,37,1,0,0.72972972973,0.189189189189,0.0810810810811,-65,-0.0487987987988,-0.00337837837838,-3.51351351351,-6.5,-1.55882352941,-2.23385939942,0.0286029693111,0.0536413897341,-3.05159896778,0.0139096039431,0.00974815875478,-0.633054581698,0.0724937904744,0.0844586308162,-0.0097504139796,-0.00626139334556,0,-0.00337837837838,-0.0097504139796,0,-0.0121701261701,-0.00597269624573,-7,-0.000900900900901,-0.278366993122,0,-0.0540540540541,0.0540540540541,151,0,65,1116,0.699074074074,1,0,0.300925925926,1,0.699074074074,0.822888283379,0.812772023983,0.699074074074,0.699074074074,0,65,0,0,0,0
2705,WLNM_dir_neg,0.994023668639,0.973754993122,00:00:02,10,70,1,1236970025,threshold_sweep,0.5,0,0,0,0,0,65,130,0,1,0,1,0,0,0,0.666666666667,0.666666666667,0,0,0,216,151,65,0,216,0,151,0,65,37,216,0.162162162162,1.32432432432,11.6756756757,21.6,6,8.1990990496,0.702237650082,0.31006006006,10.329336629,1.76937710775,0.765265265265,3.0868314707,0.528762798222,0.252752752753,0.579945114934,0.437917739848,2,1.32432432432,0.579945114934,2,0.0121701261701,0.00597269624573,7,0.000900900900901,0.621196581197,37,37,37,1,0,0.72972972973,0.243243243243,0.027027027027,37,0.113363363363,1.32094594595,8.16216216216,15.1,4.44117647059,5.96523965018,0.730840619393,0.363701449794,7.27773766121,1.78328671169,0.77501342402,2.45377688901,0.601256588697,0.337211383569,0.570194700955,0.431656346503,2,1.32094594595,0.570194700955,2,0,0,0,0,0.342829588074,37,37,37,1,0,0.72972972973,0.189189189189,0.0810810810811,37,151,0.113363363363,1.32094594595,8.16216216216,15.1,4.44117647059,5.96523965018,0.730840619393,0.363701449794,7.27773766121,1.78328671169,0.77501342402,2.45377688901,0.601256588697,0.337211383569,0.570194700955,0.431656346503,2,1.32094594595,0.570194700955,2,0,0,0,0,0.342829588074,37,37,37,1,0,0.72972972973,0.189189189189,0.0810810810811,-65,-0.0487987987988,-0.00337837837838,-3.51351351351,-6.5,-1.55882352941,-2.23385939942,0.0286029693111,0.0536413897341,-3.05159896778,0.0139096039431,0.00974815875478,-0.633054581698,0.0724937904744,0.0844586308162,-0.0097504139796,-0.00626139334556,0,-0.00337837837838,-0.0097504139796,0,-0.0121701261701,-0.00597269624573,-7,-0.000900900900901,-0.278366993122,0,-0.0540540540541,0.0540540540541,151,0,65,1116,0.699074074074,1,0,0.300925925926,1,0.699074074074,0.822888283379,0.812772023983,0.699074074074,0.699074074074,0,65,0,0,0,0
2706,WLNM_dir_neg,0.994023668639,0.973754993122,00:00:02,10,70,1,1236970025,threshold_sweep,0.6,0,0,0,0,0,65,130,0,1,0,1,0,0,0,0.666666666667,0.666666666667,0,0,0,216,151,65,0,216,0,151,0,65,37,216,0.162162162162,1.32432432432,11.6756756757,21.6,6,8.1990990496,0.702237650082,0.31006006006,10.329336629,1.76937710775,0.765265265265,3.0868314707,0.528762798222,0.252752752753,0.579945114934,0.437917739848,2,1.32432432432,0.579945114934,2,0.0121701261701,0.00597269624573,7,0.000900900900901,0.621196581197,37,37,37,1,0,0.72972972973,0.243243243243,0.027027027027,37,0.113363363363,1.32094594595,8.16216216216,15.1,4.44117647059,5.96523965018,0.730840619393,0.363701449794,7.27773766121,1.78328671169,0.77501342402,2.45377688901,0.601256588697,0.337211383569,0.570194700955,0.431656346503,2,1.32094594595,0.570194700955,2,0,0,0,0,0.342829588074,37,37,37,1,0,0.72972972973,0.189189189189,0.0810810810811,37,151,0.113363363363,1.32094594595,8.16216216216,15.1,4.44117647059,5.96523965018,0.730840619393,0.363701449794,7.27773766121,1.78328671169,0.77501342402,2.45377688901,0.601256588697,0.337211383569,0.570194700955,0.431656346503,2,1.32094594595,0.570194700955,2,0,0,0,0,0.342829588074,37,37,37,1,0,0.72972972973,0.189189189189,0.0810810810811,-65,-0.0487987987988,-0.00337837837838,-3.51351351351,-6.5,-1.55882352941,-2.23385939942,0.0286029693111,0.0536413897341,-3.05159896778,0.0139096039431,0.00974815875478,-0.633054581698,0.0724937904744,0.0844586308162,-0.0097504139796,-0.00626139334556,0,-0.00337837837838,-0.0097504139796,0,-0.0121701261701,-0.00597269624573,-7,-0.000900900900901,-0.278366993122,0,-0.0540540540541,0.0540540540541,151,0,65,1116,0.699074074074,1,0,0.300925925926,1,0.699074074074,0.822888283379,0.812772023983,0.699074074074,0.699074074074,0,65,0,0,0,0
2707,WLNM_dir_neg,0.994023668639,0.973754993122,00:00:02,10,70,1,1236970025,threshold_sweep,0.7,0,0,0,0,0,65,130,0,1,0,1,0,0,0,0.666666666667,0.666666666667,0,0,0,216,151,65,0,216,0,151,0,65,37,216,0.162162162162,1.32432432432,11.6756756757,21.6,6,8.1990990496,0.702237650082,0.31006006006,10.329336629,1.76937710775,0.765265265265,3.0868314707,0.528762798222,0.252752752753,0.579945114934,0.437917739848,2,1.32432432432,0.579945114934,2,0.0121701261701,0.00597269624573,7,0.000900900900901,0.621196581197,37,37,37,1,0,0.72972972973,0.243243243243,0.027027027027,37,0.113363363363,1.32094594595,8.16216216216,15.1,4.44117647059,5.96523965018,0.730840619393,0.363701449794,7.27773766121,1.78328671169,0.77501342402,2.45377688901,0.601256588697,0.337211383569,0.570194700955,0.431656346503,2,1.32094594595,0.570194700955,2,0,0,0,0,0.342829588074,37,37,37,1,0,0.72972972973,0.189189189189,0.0810810810811,37,151,0.113363363363,1.32094594595,8.16216216216,15.1,4.44117647059,5.96523965018,0.730840619393,0.363701449794,7.27773766121,1.78328671169,0.77501342402,2.45377688901,0.601256588697,0.337211383569,0.570194700955,0.431656346503,2,1.32094594595,0.570194700955,2,0,0,0,0,0.342829588074,37,37,37,1,0,0.72972972973,0.189189189189,0.0810810810811,-65,-0.0487987987988,-0.00337837837838,-3.51351351351,-6.5,-1.55882352941,-2.23385939942,0.0286029693111,0.0536413897341,-3.05159896778,0.0139096039431,0.00974815875478,-0.633054581698,0.0724937904744,0.0844586308162,-0.0097504139796,-0.00626139334556,0,-0.00337837837838,-0.0097504139796,0,-0.0121701261701,-0.00597269624573,-7,-0.000900900900901,-0.278366993122,0,-0.0540540540541,0.0540540540541,151,0,65,1116,0.699074074074,1,0,0.300925925926,1,0.699074074074,0.822888283379,0.812772023983,0.699074074074,0.699074074074,0,65,0,0,0,0
2708,WLNM_dir_neg,0.994023668639,0.973754993122,00:00:02,10,70,1,1236970025,threshold_sweep,0.8,0,0,0,0,0,65,130,0,1,0,1,0,0,0,0.666666666667,0.666666666667,0,0,0,216,151,65,0,216,0,151,0,65,37,216,0.162162162162,1.32432432432,11.6756756757,21.6,6,8.1990990496,0.702237650082,0.31006006006,10.329336629,1.76937710775,0.765265265265,3.0868314707,0.528762798222,0.252752752753,0.579945114934,0.437917739848,2,1.32432432432,0.579945114934,2,0.0121701261701,0.00597269624573,7,0.000900900900901,0.621196581197,37,37,37,1,0,0.72972972973,0.243243243243,0.027027027027,37,0.113363363363,1.32094594595,8.16216216216,15.1,4.44117647059,5.96523965018,0.730840619393,0.363701449794,7.27773766121,1.78328671169,0.77501342402,2.45377688901,0.601256588697,0.337211383569,0.570194700955,0.431656346503,2,1.32094594595,0.570194700955,2,0,0,0,0,0.342829588074,37,37,37,1,0,0.72972972973,0.189189189189,0.0810810810811,37,151,0.113363363363,1.32094594595,8.16216216216,15.1,4.44117647059,5.96523965018,0.730840619393,0.363701449794,7.27773766121,1.78328671169,0.77501342402,2.45377688901,0.601256588697,0.337211383569,0.570194700955,0.431656346503,2,1.32094594595,0.570194700955,2,0,0,0,0,0.342829588074,37,37,37,1,0,0.72972972973,0.189189189189,0.0810810810811,-65,-0.0487987987988,-0.00337837837838,-3.51351351351,-6.5,-1.55882352941,-2.23385939942,0.0286029693111,0.0536413897341,-3.05159896778,0.0139096039431,0.00974815875478,-0.633054581698,0.0724937904744,0.0844586308162,-0.0097504139796,-0.00626139334556,0,-0.00337837837838,-0.0097504139796,0,-0.0121701261701,-0.00597269624573,-7,-0.000900900900901,-0.278366993122,0,-0.0540540540541,0.0540540540541,151,0,65,1116,0.699074074074,1,0,0.300925925926,1,0.699074074074,0.822888283379,0.812772023983,0.699074074074,0.699074074074,0,65,0,0,0,0
2709,WLNM_dir_neg,0.994023668639,0.973754993122,00:00:02,10,70,1,1236970025,threshold_sweep,0.9,0,0,0,0,0,65,130,0,1,0,1,0,0,0,0.666666666667,0.666666666667,0,0,0,216,151,65,0,216,0,151,0,65,37,216,0.162162162162,1.32432432432,11.6756756757,21.6,6,8.1990990496,0.702237650082,0.31006006006,10.329336629,1.76937710775,0.765265265265,3.0868314707,0.528762798222,0.252752752753,0.579945114934,0.437917739848,2,1.32432432432,0.579945114934,2,0.0121701261701,0.00597269624573,7,0.000900900900901,0.621196581197,37,37,37,1,0,0.72972972973,0.243243243243,0.027027027027,37,0.113363363363,1.32094594595,8.16216216216,15.1,4.44117647059,5.96523965018,0.730840619393,0.363701449794,7.27773766121,1.78328671169,0.77501342402,2.45377688901,0.601256588697,0.337211383569,0.570194700955,0.431656346503,2,1.32094594595,0.570194700955,2,0,0,0,0,0.342829588074,37,37,37,1,0,0.72972972973,0.189189189189,0.0810810810811,37,151,0.113363363363,1.32094594595,8.16216216216,15.1,4.44117647059,5.96523965018,0.730840619393,0.363701449794,7.27773766121,1.78328671169,0.77501342402,2.45377688901,0.601256588697,0.337211383569,0.570194700955,0.431656346503,2,1.32094594595,0.570194700955,2,0,0,0,0,0.342829588074,37,37,37,1,0,0.72972972973,0.189189189189,0.0810810810811,-65,-0.0487987987988,-0.00337837837838,-3.51351351351,-6.5,-1.55882352941,-2.23385939942,0.0286029693111,0.0536413897341,-3.05159896778,0.0139096039431,0.00974815875478,-0.633054581698,0.0724937904744,0.0844586308162,-0.0097504139796,-0.00626139334556,0,-0.00337837837838,-0.0097504139796,0,-0.0121701261701,-0.00597269624573,-7,-0.000900900900901,-0.278366993122,0,-0.0540540540541,0.0540540540541,151,0,65,1116,0.699074074074,1,0,0.300925925926,1,0.699074074074,0.822888283379,0.812772023983,0.699074074074,0.699074074074,0,65,0,0,0,0
2710,WLNM_dir_neg,0.986035502959,0.958305462653,00:00:02,10,70,2,1236970026,threshold_sweep,0.1,1,0.0307692307692,0.0597014925373,2,0,63,130,0.0307692307692,1,0,0.969230769231,1,0.0307692307692,0.0597014925373,0.676923076923,0.663247863248,0.0406091370558,0.14396315015,0.0307692307692,216,151,65,0,216,0,151,0,65,37,216,0.162162162162,1.32432432432,11.6756756757,21.6,6,8.1990990496,0.702237650082,0.31006006006,10.329336629,1.76937710775,0.765265265265,3.0868314707,0.528762798222,0.252752752753,0.579945114934,0.437917739848,2,1.32432432432,0.579945114934,2,0.0121701261701,0.00597269624573,7,0.000900900900901,0.621196581197,37,37,37,1,0,0.72972972973,0.243243243243,0.027027027027,37,0.113363363363,1.32432432432,8.16216216216,15.1,4.31428571429,5.86663595406,0.718760034106,0.358331841776,7.28536729181,1.78515622382,0.773223554681,2.56448368616,0.628383419787,0.350098442814,0.579945114934,0.437917739848,2,1.32432432432,0.579945114934,2,0.00815519190132,0.00352733686067,2,0.0002574002574,0.350256756663,37,37,37,1,0,0.72972972973,0.216216216216,0.0540540540541,37,153,0.114864864865,1.32432432432,8.27027027027,15.3,4.25,5.96121095383,0.720800017293,0.360007065889,7.29977991359,1.76530625361,0.769828652182,2.49624342387,0.603666710348,0.336689630807,0.579945114934,0.437917739848,2,1.32432432432,0.579945114934,2,0.00885547201337,0.00513698630137,3,0.0003861003861,0.351985151724,37,37,37,1,0,0.72972972973,0.243243243243,0.027027027027,-63,-0.0472972972973,0,-3.40540540541,-6.3,-1.75,-2.23788809578,0.018562367211,0.0499470058294,-3.02955671541,-0.00407085413313,0.00456338691633,-0.590588046831,0.074903912126,0.0839368780545,0,0,0,0,0,0,-0.00331465415676,-0.000835709944364,-4,-0.000514800514801,-0.269211429472,0,0,0,153,0,63,1116,0.708333333333,1,0,0.291666666667,1,0.708333333333,0.829268292683,0.818830544472,0.708333333333,0.708333333333,2,65,0,0,0,0
2711,WLNM_dir_neg,0.986035502959,0.958305462653,00:00:02,10,70,2,1236970026,threshold_sweep,0.2,1,0.0307692307692,0.0597014925373,2,0,63,130,0.0307692307692,1,0,0.969230769231,1,0.0307692307692,0.0597014925373,0.676923076923,0.663247863248,0.0406091370558,0.14396315015,0.0307692307692,216,151,65,0,216,0,151,0,65,37,216,0.162162162162,1.32432432432,11.6756756757,21.6,6,8.1990990496,0.702237650082,0.31006006006,10.329336629,1.76937710775,0.765265265265,3.0868314707,0.528762798222,0.252752752753,0.579945114934,0.437917739848,2,1.32432432432,0.579945114934,2,0.0121701261701,0.00597269624573,7,0.000900900900901,0.621196581197,37,37,37,1,0,0.72972972973,0.243243243243,0.027027027027,37,0.113363363363,1.32432432432,8.16216216216,15.1,4.31428571429,5.86663595406,0.718760034106,0.358331841776,7.28536729181,1.78515622382,0.773223554681,2.56448368616,0.628383419787,0.350098442814,0.579945114934,0.437917739848,2,1.32432432432,0.579945114934,2,0.00815519190132,0.00352733686067,2,0.0002574002574,0.350256756663,37,37,37,1,0,0.72972972973,0.216216216216,0.0540540540541,37,153,0.114864864865,1.32432432432,8.27027027027,15.3,4.25,5.96121095383,0.720800017293,0.360007065889,7.29977991359,1.76530625361,0.769828652182,2.49624342387,0.603666710348,0.336689630807,0.579945114934,0.437917739848,2,1.32432432432,0.579945114934,2,0.00885547201337,0.00513698630137,3,0.0003861003861,0.351985151724,37,37,37,1,0,0.72972972973,0.243243243243,0.027027027027,-63,-0.0472972972973,0,-3.40540540541,-6.3,-1.75,-2.23788809578,0.018562367211,0.0499470058294,-3.02955671541,-0.00407085413313,0.00456338691633,-0.590588046831,0.074903912126,0.0839368780545,0,0,0,0,0,0,-0.00331465415676,-0.000835709944364,-4,-0.000514800514801,-0.269211429472,0,0,0,153,0,63,1116,0.708333333333,1,0,0.291666666667,1,0.708333333333,0.829268292683,0.818830544472,0.708333333333,0.708333333333,2,65,0,0,0,0
2712,WLNM_dir_neg,0.986035502959,0.958305462653,00:00:02,10,70,2,1236970026,threshold_sweep,0.3,1,0.0307692307692,0.0597014925373,2,0,63,130,0.0307692307692,1,0,0.969230769231,1,0.0307692307692,0.0597014925373,0.676923076923,0.663247863248,0.0406091370558,0.14396315015,0.0307692307692,216,151,65,0,216,0,151,0,65,37,216,0.162162162162,1.32432432432,11.6756756757,21.6,6,8.1990990496,0.702237650082,0.31006006006,10.329336629,1.76937710775,0.765265265265,3.0868314707,0.528762798222,0.252752752753,0.579945114934,0.437917739848,2,1.32432432432,0.579945114934,2,0.0121701261701,0.00597269624573,7,0.000900900900901,0.621196581197,37,37,37,1,0,0.72972972973,0.243243243243,0.027027027027,37,0.113363363363,1.32432432432,8.16216216216,15.1,4.31428571429,5.86663595406,0.718760034106,0.358331841776,7.28536729181,1.78515622382,0.773223554681,2.56448368616,0.628383419787,0.350098442814,0.579945114934,0.437917739848,2,1.32432432432,0.579945114934,2,0.00815519190132,0.00352733686067,2,0.0002574002574,0.350256756663,37,37,37,1,0,0.72972972973,0.216216216216,0.0540540540541,37,153,0.114864864865,1.32432432432,8.27027027027,15.3,4.25,5.96121095383,0.720800017293,0.360007065889,7.29977991359,1.76530625361,0.769828652182,2.49624342387,0.603666710348,0.336689630807,0.579945114934,0.437917739848,2,1.32432432432,0.579945114934,2,0.00885547201337,0.00513698630137,3,0.0003861003861,0.351985151724,37,37,37,1,0,0.72972972973,0.243243243243,0.027027027027,-63,-0.0472972972973,0,-3.40540540541,-6.3,-1.75,-2.23788809578,0.018562367211,0.0499470058294,-3.02955671541,-0.00407085413313,0.00456338691633,-0.590588046831,0.074903912126,0.0839368780545,0,0,0,0,0,0,-0.00331465415676,-0.000835709944364,-4,-0.000514800514801,-0.269211429472,0,0,0,153,0,63,1116,0.708333333333,1,0,0.291666666667,1,0.708333333333,0.829268292683,0.818830544472,0.708333333333,0.708333333333,2,65,0,0,0,0
2713,WLNM_dir_neg,0.986035502959,0.958305462653,00:00:02,10,70,2,1236970026,threshold_sweep,0.4,1,0.0307692307692,0.0597014925373,2,0,63,130,0.0307692307692,1,0,0.969230769231,1,0.0307692307692,0.0597014925373,0.676923076923,0.663247863248,0.0406091370558,0.14396315015,0.0307692307692,216,151,65,0,216,0,151,0,65,37,216,0.162162162162,1.32432432432,11.6756756757,21.6,6,8.1990990496,0.702237650082,0.31006006006,10.329336629,1.76937710775,0.765265265265,3.0868314707,0.528762798222,0.252752752753,0.579945114934,0.437917739848,2,1.32432432432,0.579945114934,2,0.0121701261701,0.00597269624573,7,0.000900900900901,0.621196581197,37,37,37,1,0,0.72972972973,0.243243243243,0.027027027027,37,0.113363363363,1.32432432432,8.16216216216,15.1,4.31428571429,5.86663595406,0.718760034106,0.358331841776,7.28536729181,1.78515622382,0.773223554681,2.56448368616,0.628383419787,0.350098442814,0.579945114934,0.437917739848,2,1.32432432432,0.579945114934,2,0.00815519190132,0.00352733686067,2,0.0002574002574,0.350256756663,37,37,37,1,0,0.72972972973,0.216216216216,0.0540540540541,37,153,0.114864864865,1.32432432432,8.27027027027,15.3,4.25,5.96121095383,0.720800017293,0.360007065889,7.29977991359,1.76530625361,0.769828652182,2.49624342387,0.603666710348,0.336689630807,0.579945114934,0.437917739848,2,1.32432432432,0.579945114934,2,0.00885547201337,0.00513698630137,3,0.0003861003861,0.351985151724,37,37,37,1,0,0.72972972973,0.243243243243,0.027027027027,-63,-0.0472972972973,0,-3.40540540541,-6.3,-1.75,-2.23788809578,0.018562367211,0.0499470058294,-3.02955671541,-0.00407085413313,0.00456338691633,-0.590588046831,0.074903912126,0.0839368780545,0,0,0,0,0,0,-0.00331465415676,-0.000835709944364,-4,-0.000514800514801,-0.269211429472,0,0,0,153,0,63,1116,0.708333333333,1,0,0.291666666667,1,0.708333333333,0.829268292683,0.818830544472,0.708333333333,0.708333333333,2,65,0,0,0,0
2714,WLNM_dir_neg,0.986035502959,0.958305462653,00:00:02,10,70,2,1236970026,threshold_sweep,0.5,1,0.0307692307692,0.0597014925373,2,0,63,130,0.0307692307692,1,0,0.969230769231,1,0.0307692307692,0.0597014925373,0.676923076923,0.663247863248,0.0406091370558,0.14396315015,0.0307692307692,216,151,65,0,216,0,151,0,65,37,216,0.162162162162,1.32432432432,11.6756756757,21.6,6,8.1990990496,0.702237650082,0.31006006006,10.329336629,1.76937710775,0.765265265265,3.0868314707,0.528762798222,0.252752752753,0.579945114934,0.437917739848,2,1.32432432432,0.579945114934,2,0.0121701261701,0.00597269624573,7,0.000900900900901,0.621196581197,37,37,37,1,0,0.72972972973,0.243243243243,0.027027027027,37,0.113363363363,1.32432432432,8.16216216216,15.1,4.31428571429,5.86663595406,0.718760034106,0.358331841776,7.28536729181,1.78515622382,0.773223554681,2.56448368616,0.628383419787,0.350098442814,0.579945114934,0.437917739848,2,1.32432432432,0.579945114934,2,0.00815519190132,0.00352733686067,2,0.0002574002574,0.350256756663,37,37,37,1,0,0.72972972973,0.216216216216,0.0540540540541,37,153,0.114864864865,1.32432432432,8.27027027027,15.3,4.25,5.96121095383,0.720800017293,0.360007065889,7.29977991359,1.76530625361,0.769828652182,2.49624342387,0.603666710348,0.336689630807,0.579945114934,0.437917739848,2,1.32432432432,0.579945114934,2,0.00885547201337,0.00513698630137,3,0.0003861003861,0.351985151724,37,37,37,1,0,0.72972972973,0.243243243243,0.027027027027,-63,-0.0472972972973,0,-3.40540540541,-6.3,-1.75,-2.23788809578,0.018562367211,0.0499470058294,-3.02955671541,-0.00407085413313,0.00456338691633,-0.590588046831,0.074903912126,0.0839368780545,0,0,0,0,0,0,-0.00331465415676,-0.000835709944364,-4,-0.000514800514801,-0.269211429472,0,0,0,153,0,63,1116,0.708333333333,1,0,0.291666666667,1,0.708333333333,0.829268292683,0.818830544472,0.708333333333,0.708333333333,2,65,0,0,0,0
2715,WLNM_dir_neg,0.986035502959,0.958305462653,00:00:02,10,70,2,1236970026,threshold_sweep,0.6,1,0.0307692307692,0.0597014925373,2,0,63,130,0.0307692307692,1,0,0.969230769231,1,0.0307692307692,0.0597014925373,0.676923076923,0.663247863248,0.0406091370558,0.14396315015,0.0307692307692,216,151,65,0,216,0,151,0,65,37,216,0.162162162162,1.32432432432,11.6756756757,21.6,6,8.1990990496,0.702237650082,0.31006006006,10.329336629,1.76937710775,0.765265265265,3.0868314707,0.528762798222,0.252752752753,0.579945114934,0.437917739848,2,1.32432432432,0.579945114934,2,0.0121701261701,0.00597269624573,7,0.000900900900901,0.621196581197,37,37,37,1,0,0.72972972973,0.243243243243,0.027027027027,37,0.113363363363,1.32432432432,8.16216216216,15.1,4.31428571429,5.86663595406,0.718760034106,0.358331841776,7.28536729181,1.78515622382,0.773223554681,2.56448368616,0.628383419787,0.350098442814,0.579945114934,0.437917739848,2,1.32432432432,0.579945114934,2,0.00815519190132,0.00352733686067,2,0.0002574002574,0.350256756663,37,37,37,1,0,0.72972972973,0.216216216216,0.0540540540541,37,153,0.114864864865,1.32432432432,8.27027027027,15.3,4.25,5.96121095383,0.720800017293,0.360007065889,7.29977991359,1.76530625361,0.769828652182,2.49624342387,0.603666710348,0.336689630807,0.579945114934,0.437917739848,2,1.32432432432,0.579945114934,2,0.00885547201337,0.00513698630137,3,0.0003861003861,0.351985151724,37,37,37,1,0,0.72972972973,0.243243243243,0.027027027027,-63,-0.0472972972973,0,-3.40540540541,-6.3,-1.75,-2.23788809578,0.018562367211,0.0499470058294,-3.02955671541,-0.00407085413313,0.00456338691633,-0.590588046831,0.074903912126,0.0839368780545,0,0,0,0,0,0,-0.00331465415676,-0.000835709944364,-4,-0.000514800514801,-0.269211429472,0,0,0,153,0,63,1116,0.708333333333,1,0,0.291666666667,1,0.708333333333,0.829268292683,0.818830544472,0.708333333333,0.708333333333,2,65,0,0,0,0
2716,WLNM_dir_neg,0.986035502959,0.958305462653,00:00:02,10,70,2,1236970026,threshold_sweep,0.7,1,0.0307692307692,0.0597014925373,2,0,63,130,0.0307692307692,1,0,0.969230769231,1,0.0307692307692,0.0597014925373,0.676923076923,0.663247863248,0.0406091370558,0.14396315015,0.0307692307692,216,151,65,0,216,0,151,0,65,37,216,0.162162162162,1.32432432432,11.6756756757,21.6,6,8.1990990496,0.702237650082,0.31006006006,10.329336629,1.76937710775,0.765265265265,3.0868314707,0.528762798222,0.252752752753,0.579945114934,0.437917739848,2,1.32432432432,0.579945114934,2,0.0121701261701,0.00597269624573,7,0.000900900900901,0.621196581197,37,37,37,1,0,0.72972972973,0.243243243243,0.027027027027,37,0.113363363363,1.32432432432,8.16216216216,15.1,4.31428571429,5.86663595406,0.718760034106,0.358331841776,7.28536729181,1.78515622382,0.773223554681,2.56448368616,0.628383419787,0.350098442814,0.579945114934,0.437917739848,2,1.32432432432,0.579945114934,2,0.00815519190132,0.00352733686067,2,0.0002574002574,0.350256756663,37,37,37,1,0,0.72972972973,0.216216216216,0.0540540540541,37,153,0.114864864865,1.32432432432,8.27027027027,15.3,4.25,5.96121095383,0.720800017293,0.360007065889,7.29977991359,1.76530625361,0.769828652182,2.49624342387,0.603666710348,0.336689630807,0.579945114934,0.437917739848,2,1.32432432432,0.579945114934,2,0.00885547201337,0.00513698630137,3,0.0003861003861,0.351985151724,37,37,37,1,0,0.72972972973,0.243243243243,0.027027027027,-63,-0.0472972972973,0,-3.40540540541,-6.3,-1.75,-2.23788809578,0.018562367211,0.0499470058294,-3.02955671541,-0.00407085413313,0.00456338691633,-0.590588046831,0.074903912126,0.0839368780545,0,0,0,0,0,0,-0.00331465415676,-0.000835709944364,-4,-0.000514800514801,-0.269211429472,0,0,0,153,0,63,1116,0.708333333333,1,0,0.291666666667,1,0.708333333333,0.829268292683,0.818830544472,0.708333333333,0.708333333333,2,65,0,0,0,0
2717,WLNM_dir_neg,0.986035502959,0.958305462653,00:00:02,10,70,2,1236970026,threshold_sweep,0.8,1,0.0307692307692,0.0597014925373,2,0,63,130,0.0307692307692,1,0,0.969230769231,1,0.0307692307692,0.0597014925373,0.676923076923,0.663247863248,0.0406091370558,0.14396315015,0.0307692307692,216,151,65,0,216,0,151,0,65,37,216,0.162162162162,1.32432432432,11.6756756757,21.6,6,8.1990990496,0.702237650082,0.31006006006,10.329336629,1.76937710775,0.765265265265,3.0868314707,0.528762798222,0.252752752753,0.579945114934,0.437917739848,2,1.32432432432,0.579945114934,2,0.0121701261701,0.00597269624573,7,0.000900900900901,0.621196581197,37,37,37,1,0,0.72972972973,0.243243243243,0.027027027027,37,0.113363363363,1.32432432432,8.16216216216,15.1,4.31428571429,5.86663595406,0.718760034106,0.358331841776,7.28536729181,1.78515622382,0.773223554681,2.56448368616,0.628383419787,0.350098442814,0.579945114934,0.437917739848,2,1.32432432432,0.579945114934,2,0.00815519190132,0.00352733686067,2,0.0002574002574,0.350256756663,37,37,37,1,0,0.72972972973,0.216216216216,0.0540540540541,37,153,0.114864864865,1.32432432432,8.27027027027,15.3,4.25,5.96121095383,0.720800017293,0.360007065889,7.29977991359,1.76530625361,0.769828652182,2.49624342387,0.603666710348,0.336689630807,0.579945114934,0.437917739848,2,1.32432432432,0.579945114934,2,0.00885547201337,0.00513698630137,3,0.0003861003861,0.351985151724,37,37,37,1,0,0.72972972973,0.243243243243,0.027027027027,-63,-0.0472972972973,0,-3.40540540541,-6.3,-1.75,-2.23788809578,0.018562367211,0.0499470058294,-3.02955671541,-0.00407085413313,0.00456338691633,-0.590588046831,0.074903912126,0.0839368780545,0,0,0,0,0,0,-0.00331465415676,-0.000835709944364,-4,-0.000514800514801,-0.269211429472,0,0,0,153,0,63,1116,0.708333333333,1,0,0.291666666667,1,0.708333333333,0.829268292683,0.818830544472,0.708333333333,0.708333333333,2,65,0,0,0,0
2718,WLNM_dir_neg,0.986035502959,0.958305462653,00:00:02,10,70,2,1236970026,threshold_sweep,0.9,1,0.0307692307692,0.0597014925373,2,0,63,130,0.0307692307692,1,0,0.969230769231,1,0.0307692307692,0.0597014925373,0.676923076923,0.663247863248,0.0406091370558,0.14396315015,0.0307692307692,216,151,65,0,216,0,151,0,65,37,216,0.162162162162,1.32432432432,11.6756756757,21.6,6,8.1990990496,0.702237650082,0.31006006006,10.329336629,1.76937710775,0.765265265265,3.0868314707,0.528762798222,0.252752752753,0.579945114934,0.437917739848,2,1.32432432432,0.579945114934,2,0.0121701261701,0.00597269624573,7,0.000900900900901,0.621196581197,37,37,37,1,0,0.72972972973,0.243243243243,0.027027027027,37,0.113363363363,1.32432432432,8.16216216216,15.1,4.31428571429,5.86663595406,0.718760034106,0.358331841776,7.28536729181,1.78515622382,0.773223554681,2.56448368616,0.628383419787,0.350098442814,0.579945114934,0.437917739848,2,1.32432432432,0.579945114934,2,0.00815519190132,0.00352733686067,2,0.0002574002574,0.350256756663,37,37,37,1,0,0.72972972973,0.216216216216,0.0540540540541,37,153,0.114864864865,1.32432432432,8.27027027027,15.3,4.25,5.96121095383,0.720800017293,0.360007065889,7.29977991359,1.76530625361,0.769828652182,2.49624342387,0.603666710348,0.336689630807,0.579945114934,0.437917739848,2,1.32432432432,0.579945114934,2,0.00885547201337,0.00513698630137,3,0.0003861003861,0.351985151724,37,37,37,1,0,0.72972972973,0.243243243243,0.027027027027,-63,-0.0472972972973,0,-3.40540540541,-6.3,-1.75,-2.23788809578,0.018562367211,0.0499470058294,-3.02955671541,-0.00407085413313,0.00456338691633,-0.590588046831,0.074903912126,0.0839368780545,0,0,0,0,0,0,-0.00331465415676,-0.000835709944364,-4,-0.000514800514801,-0.269211429472,0,0,0,153,0,63,1116,0.708333333333,1,0,0.291666666667,1,0.708333333333,0.829268292683,0.818830544472,0.708333333333,0.708333333333,2,65,0,0,0,0
2719,WLNM_dir_neg,0.985207100592,0.798044393418,00:00:03,10,70,3,1236970027,threshold_sweep,0.1,0.5,0.0153846153846,0.0298507462687,1,1,64,129,0.0153846153846,0.992307692308,0.00769230769231,0.984615384615,0.5,0.0153846153846,0.0298507462687,0.666666666667,0.663247863248,0.010152284264,0.0359907875374,0.00769230769231,216,151,65,0,216,0,151,0,65,37,216,0.162162162162,1.32432432432,11.6756756757,21.6,6,8.1990990496,0.702237650082,0.31006006006,10.329336629,1.76937710775,0.765265265265,3.0868314707,0.528762798222,0.252752752753,0.579945114934,0.437917739848,2,1.32432432432,0.579945114934,2,0.0121701261701,0.00597269624573,7,0.000900900900901,0.621196581197,37,37,37,1,0,0.72972972973,0.243243243243,0.027027027027,37,0.113363363363,1.32432432432,8.16216216216,15.1,4.31428571429,5.83815759329,0.715270963416,0.351351351351,7.22794875765,1.77108678168,0.770359763737,2.34968530255,0.575750703274,0.317164846966,0.579945114934,0.437917739848,2,1.33333333333,0.585540043769,2,0.0115246449457,0.00530973451327,3,0.0003861003861,0.328332705941,37,36,36,0.972972972973,0,0.702702702703,0.243243243243,0.027027027027,37,153,0.114864864865,1.33039161611,8.27027027027,15.3,4.25,5.89561347599,0.712868296116,0.352764529235,7.25014238236,1.75330240619,0.767002296414,2.27501113748,0.550166092071,0.303479950539,0.598636321842,0.449970004768,2.20408163265,1.339569161,0.604482429048,2.20408163265,0.0146908939014,0.00696459663378,4,0.000514800514801,0.329746847356,37,36,36,0.972972972973,0,0.702702702703,0.27027027027,0,-63,-0.0472972972973,0.00606729178158,-3.40540540541,-6.3,-1.75,-2.30348557362,0.0106306460344,0.0427044691751,-3.07919424663,-0.0160747015525,0.0017370311488,-0.81182033322,0.0214032938488,0.050727197786,0.018691206908,0.0120522649195,0.204081632653,0.0152448366734,0.0245373141133,0.204081632653,0.00252076773129,0.000991900388045,-3,-0.0003861003861,-0.291449733841,-0.027027027027,0.027027027027,-0.027027027027,152,1,64,1115,0.703703703704,0.999103942652,0.00089605734767,0.296296296296,0.993464052288,0.703703703704,0.823848238482,0.812442872082,0.702807646356,0.700460829493,2,65,0,0,0,0
2720,WLNM_dir_neg,0.985207100592,0.798044393418,00:00:03,10,70,3,1236970027,threshold_sweep,0.2,0.5,0.0153846153846,0.0298507462687,1,1,64,129,0.0153846153846,0.992307692308,0.00769230769231,0.984615384615,0.5,0.0153846153846,0.0298507462687,0.666666666667,0.663247863248,0.010152284264,0.0359907875374,0.00769230769231,216,151,65,0,216,0,151,0,65,37,216,0.162162162162,1.32432432432,11.6756756757,21.6,6,8.1990990496,0.702237650082,0.31006006006,10.329336629,1.76937710775,0.765265265265,3.0868314707,0.528762798222,0.252752752753,0.579945114934,0.437917739848,2,1.32432432432,0.579945114934,2,0.0121701261701,0.00597269624573,7,0.000900900900901,0.621196581197,37,37,37,1,0,0.72972972973,0.243243243243,0.027027027027,37,0.113363363363,1.32432432432,8.16216216216,15.1,4.31428571429,5.83815759329,0.715270963416,0.351351351351,7.22794875765,1.77108678168,0.770359763737,2.34968530255,0.575750703274,0.317164846966,0.579945114934,0.437917739848,2,1.33333333333,0.585540043769,2,0.0115246449457,0.00530973451327,3,0.0003861003861,0.328332705941,37,36,36,0.972972972973,0,0.702702702703,0.243243243243,0.027027027027,37,153,0.114864864865,1.33039161611,8.27027027027,15.3,4.25,5.89561347599,0.712868296116,0.352764529235,7.25014238236,1.75330240619,0.767002296414,2.27501113748,0.550166092071,0.303479950539,0.598636321842,0.449970004768,2.20408163265,1.339569161,0.604482429048,2.20408163265,0.0146908939014,0.00696459663378,4,0.000514800514801,0.329746847356,37,36,36,0.972972972973,0,0.702702702703,0.27027027027,0,-63,-0.0472972972973,0.00606729178158,-3.40540540541,-6.3,-1.75,-2.30348557362,0.0106306460344,0.0427044691751,-3.07919424663,-0.0160747015525,0.0017370311488,-0.81182033322,0.0214032938488,0.050727197786,0.018691206908,0.0120522649195,0.204081632653,0.0152448366734,0.0245373141133,0.204081632653,0.00252076773129,0.000991900388045,-3,-0.0003861003861,-0.291449733841,-0.027027027027,0.027027027027,-0.027027027027,152,1,64,1115,0.703703703704,0.999103942652,0.00089605734767,0.296296296296,0.993464052288,0.703703703704,0.823848238482,0.812442872082,0.702807646356,0.700460829493,2,65,0,0,0,0
2721,WLNM_dir_neg,0.985207100592,0.798044393418,00:00:03,10,70,3,1236970027,threshold_sweep,0.3,0.5,0.0153846153846,0.0298507462687,1,1,64,129,0.0153846153846,0.992307692308,0.00769230769231,0.984615384615,0.5,0.0153846153846,0.0298507462687,0.666666666667,0.663247863248,0.010152284264,0.0359907875374,0.00769230769231,216,151,65,0,216,0,151,0,65,37,216,0.162162162162,1.32432432432,11.6756756757,21.6,6,8.1990990496,0.702237650082,0.31006006006,10.329336629,1.76937710775,0.765265265265,3.0868314707,0.528762798222,0.252752752753,0.579945114934,0.437917739848,2,1.32432432432,0.579945114934,2,0.0121701261701,0.00597269624573,7,0.000900900900901,0.621196581197,37,37,37,1,0,0.72972972973,0.243243243243,0.027027027027,37,0.113363363363,1.32432432432,8.16216216216,15.1,4.31428571429,5.83815759329,0.715270963416,0.351351351351,7.22794875765,1.77108678168,0.770359763737,2.34968530255,0.575750703274,0.317164846966,0.579945114934,0.437917739848,2,1.33333333333,0.585540043769,2,0.0115246449457,0.00530973451327,3,0.0003861003861,0.328332705941,37,36,36,0.972972972973,0,0.702702702703,0.243243243243,0.027027027027,37,153,0.114864864865,1.33039161611,8.27027027027,15.3,4.25,5.89561347599,0.712868296116,0.352764529235,7.25014238236,1.75330240619,0.767002296414,2.27501113748,0.550166092071,0.303479950539,0.598636321842,0.449970004768,2.20408163265,1.339569161,0.604482429048,2.20408163265,0.0146908939014,0.00696459663378,4,0.000514800514801,0.329746847356,37,36,36,0.972972972973,0,0.702702702703,0.27027027027,0,-63,-0.0472972972973,0.00606729178158,-3.40540540541,-6.3,-1.75,-2.30348557362,0.0106306460344,0.0427044691751,-3.07919424663,-0.0160747015525,0.0017370311488,-0.81182033322,0.0214032938488,0.050727197786,0.018691206908,0.0120522649195,0.204081632653,0.0152448366734,0.0245373141133,0.204081632653,0.00252076773129,0.000991900388045,-3,-0.0003861003861,-0.291449733841,-0.027027027027,0.027027027027,-0.027027027027,152,1,64,1115,0.703703703704,0.999103942652,0.00089605734767,0.296296296296,0.993464052288,0.703703703704,0.823848238482,0.812442872082,0.702807646356,0.700460829493,2,65,0,0,0,0
2722,WLNM_dir_neg,0.985207100592,0.798044393418,00:00:03,10,70,3,1236970027,threshold_sweep,0.4,0.5,0.0153846153846,0.0298507462687,1,1,64,129,0.0153846153846,0.992307692308,0.00769230769231,0.984615384615,0.5,0.0153846153846,0.0298507462687,0.666666666667,0.663247863248,0.010152284264,0.0359907875374,0.00769230769231,216,151,65,0,216,0,151,0,65,37,216,0.162162162162,1.32432432432,11.6756756757,21.6,6,8.1990990496,0.702237650082,0.31006006006,10.329336629,1.76937710775,0.765265265265,3.0868314707,0.528762798222,0.252752752753,0.579945114934,0.437917739848,2,1.32432432432,0.579945114934,2,0.0121701261701,0.00597269624573,7,0.000900900900901,0.621196581197,37,37,37,1,0,0.72972972973,0.243243243243,0.027027027027,37,0.113363363363,1.32432432432,8.16216216216,15.1,4.31428571429,5.83815759329,0.715270963416,0.351351351351,7.22794875765,1.77108678168,0.770359763737,2.34968530255,0.575750703274,0.317164846966,0.579945114934,0.437917739848,2,1.33333333333,0.585540043769,2,0.0115246449457,0.00530973451327,3,0.0003861003861,0.328332705941,37,36,36,0.972972972973,0,0.702702702703,0.243243243243,0.027027027027,37,153,0.114864864865,1.33039161611,8.27027027027,15.3,4.25,5.89561347599,0.712868296116,0.352764529235,7.25014238236,1.75330240619,0.767002296414,2.27501113748,0.550166092071,0.303479950539,0.598636321842,0.449970004768,2.20408163265,1.339569161,0.604482429048,2.20408163265,0.0146908939014,0.00696459663378,4,0.000514800514801,0.329746847356,37,36,36,0.972972972973,0,0.702702702703,0.27027027027,0,-63,-0.0472972972973,0.00606729178158,-3.40540540541,-6.3,-1.75,-2.30348557362,0.0106306460344,0.0427044691751,-3.07919424663,-0.0160747015525,0.0017370311488,-0.81182033322,0.0214032938488,0.050727197786,0.018691206908,0.0120522649195,0.204081632653,0.0152448366734,0.0245373141133,0.204081632653,0.00252076773129,0.000991900388045,-3,-0.0003861003861,-0.291449733841,-0.027027027027,0.027027027027,-0.027027027027,152,1,64,1115,0.703703703704,0.999103942652,0.00089605734767,0.296296296296,0.993464052288,0.703703703704,0.823848238482,0.812442872082,0.702807646356,0.700460829493,2,65,0,0,0,0
2723,WLNM_dir_neg,0.985207100592,0.798044393418,00:00:03,10,70,3,1236970027,threshold_sweep,0.5,0.5,0.0153846153846,0.0298507462687,1,1,64,129,0.0153846153846,0.992307692308,0.00769230769231,0.984615384615,0.5,0.0153846153846,0.0298507462687,0.666666666667,0.663247863248,0.010152284264,0.0359907875374,0.00769230769231,216,151,65,0,216,0,151,0,65,37,216,0.162162162162,1.32432432432,11.6756756757,21.6,6,8.1990990496,0.702237650082,0.31006006006,10.329336629,1.76937710775,0.765265265265,3.0868314707,0.528762798222,0.252752752753,0.579945114934,0.437917739848,2,1.32432432432,0.579945114934,2,0.0121701261701,0.00597269624573,7,0.000900900900901,0.621196581197,37,37,37,1,0,0.72972972973,0.243243243243,0.027027027027,37,0.113363363363,1.32432432432,8.16216216216,15.1,4.31428571429,5.83815759329,0.715270963416,0.351351351351,7.22794875765,1.77108678168,0.770359763737,2.34968530255,0.575750703274,0.317164846966,0.579945114934,0.437917739848,2,1.33333333333,0.585540043769,2,0.0115246449457,0.00530973451327,3,0.0003861003861,0.328332705941,37,36,36,0.972972972973,0,0.702702702703,0.243243243243,0.027027027027,37,153,0.114864864865,1.33039161611,8.27027027027,15.3,4.25,5.89561347599,0.712868296116,0.352764529235,7.25014238236,1.75330240619,0.767002296414,2.27501113748,0.550166092071,0.303479950539,0.598636321842,0.449970004768,2.20408163265,1.339569161,0.604482429048,2.20408163265,0.0146908939014,0.00696459663378,4,0.000514800514801,0.329746847356,37,36,36,0.972972972973,0,0.702702702703,0.27027027027,0,-63,-0.0472972972973,0.00606729178158,-3.40540540541,-6.3,-1.75,-2.30348557362,0.0106306460344,0.0427044691751,-3.07919424663,-0.0160747015525,0.0017370311488,-0.81182033322,0.0214032938488,0.050727197786,0.018691206908,0.0120522649195,0.204081632653,0.0152448366734,0.0245373141133,0.204081632653,0.00252076773129,0.000991900388045,-3,-0.0003861003861,-0.291449733841,-0.027027027027,0.027027027027,-0.027027027027,152,1,64,1115,0.703703703704,0.999103942652,0.00089605734767,0.296296296296,0.993464052288,0.703703703704,0.823848238482,0.812442872082,0.702807646356,0.700460829493,2,65,0,0,0,0
2724,WLNM_dir_neg,0.985207100592,0.798044393418,00:00:03,10,70,3,1236970027,threshold_sweep,0.6,0.5,0.0153846153846,0.0298507462687,1,1,64,129,0.0153846153846,0.992307692308,0.00769230769231,0.984615384615,0.5,0.0153846153846,0.0298507462687,0.666666666667,0.663247863248,0.010152284264,0.0359907875374,0.00769230769231,216,151,65,0,216,0,151,0,65,37,216,0.162162162162,1.32432432432,11.6756756757,21.6,6,8.1990990496,0.702237650082,0.31006006006,10.329336629,1.76937710775,0.765265265265,3.0868314707,0.528762798222,0.252752752753,0.579945114934,0.437917739848,2,1.32432432432,0.579945114934,2,0.0121701261701,0.00597269624573,7,0.000900900900901,0.621196581197,37,37,37,1,0,0.72972972973,0.243243243243,0.027027027027,37,0.113363363363,1.32432432432,8.16216216216,15.1,4.31428571429,5.83815759329,0.715270963416,0.351351351351,7.22794875765,1.77108678168,0.770359763737,2.34968530255,0.575750703274,0.317164846966,0.579945114934,0.437917739848,2,1.33333333333,0.585540043769,2,0.0115246449457,0.00530973451327,3,0.0003861003861,0.328332705941,37,36,36,0.972972972973,0,0.702702702703,0.243243243243,0.027027027027,37,153,0.114864864865,1.33039161611,8.27027027027,15.3,4.25,5.89561347599,0.712868296116,0.352764529235,7.25014238236,1.75330240619,0.767002296414,2.27501113748,0.550166092071,0.303479950539,0.598636321842,0.449970004768,2.20408163265,1.339569161,0.604482429048,2.20408163265,0.0146908939014,0.00696459663378,4,0.000514800514801,0.329746847356,37,36,36,0.972972972973,0,0.702702702703,0.27027027027,0,-63,-0.0472972972973,0.00606729178158,-3.40540540541,-6.3,-1.75,-2.30348557362,0.0106306460344,0.0427044691751,-3.07919424663,-0.0160747015525,0.0017370311488,-0.81182033322,0.0214032938488,0.050727197786,0.018691206908,0.0120522649195,0.204081632653,0.0152448366734,0.0245373141133,0.204081632653,0.00252076773129,0.000991900388045,-3,-0.0003861003861,-0.291449733841,-0.027027027027,0.027027027027,-0.027027027027,152,1,64,1115,0.703703703704,0.999103942652,0.00089605734767,0.296296296296,0.993464052288,0.703703703704,0.823848238482,0.812442872082,0.702807646356,0.700460829493,2,65,0,0,0,0
2725,WLNM_dir_neg,0.985207100592,0.798044393418,00:00:03,10,70,3,1236970027,threshold_sweep,0.7,0.5,0.0153846153846,0.0298507462687,1,1,64,129,0.0153846153846,0.992307692308,0.00769230769231,0.984615384615,0.5,0.0153846153846,0.0298507462687,0.666666666667,0.663247863248,0.010152284264,0.0359907875374,0.00769230769231,216,151,65,0,216,0,151,0,65,37,216,0.162162162162,1.32432432432,11.6756756757,21.6,6,8.1990990496,0.702237650082,0.31006006006,10.329336629,1.76937710775,0.765265265265,3.0868314707,0.528762798222,0.252752752753,0.579945114934,0.437917739848,2,1.32432432432,0.579945114934,2,0.0121701261701,0.00597269624573,7,0.000900900900901,0.621196581197,37,37,37,1,0,0.72972972973,0.243243243243,0.027027027027,37,0.113363363363,1.32432432432,8.16216216216,15.1,4.31428571429,5.83815759329,0.715270963416,0.351351351351,7.22794875765,1.77108678168,0.770359763737,2.34968530255,0.575750703274,0.317164846966,0.579945114934,0.437917739848,2,1.33333333333,0.585540043769,2,0.0115246449457,0.00530973451327,3,0.0003861003861,0.328332705941,37,36,36,0.972972972973,0,0.702702702703,0.243243243243,0.027027027027,37,153,0.114864864865,1.33039161611,8.27027027027,15.3,4.25,5.89561347599,0.712868296116,0.352764529235,7.25014238236,1.75330240619,0.767002296414,2.27501113748,0.550166092071,0.303479950539,0.598636321842,0.449970004768,2.20408163265,1.339569161,0.604482429048,2.20408163265,0.0146908939014,0.00696459663378,4,0.000514800514801,0.329746847356,37,36,36,0.972972972973,0,0.702702702703,0.27027027027,0,-63,-0.0472972972973,0.00606729178158,-3.40540540541,-6.3,-1.75,-2.30348557362,0.0106306460344,0.0427044691751,-3.07919424663,-0.0160747015525,0.0017370311488,-0.81182033322,0.0214032938488,0.050727197786,0.018691206908,0.0120522649195,0.204081632653,0.0152448366734,0.0245373141133,0.204081632653,0.00252076773129,0.000991900388045,-3,-0.0003861003861,-0.291449733841,-0.027027027027,0.027027027027,-0.027027027027,152,1,64,1115,0.703703703704,0.999103942652,0.00089605734767,0.296296296296,0.993464052288,0.703703703704,0.823848238482,0.812442872082,0.702807646356,0.700460829493,2,65,0,0,0,0
2726,WLNM_dir_neg,0.985207100592,0.798044393418,00:00:03,10,70,3,1236970027,threshold_sweep,0.8,0.5,0.0153846153846,0.0298507462687,1,1,64,129,0.0153846153846,0.992307692308,0.00769230769231,0.984615384615,0.5,0.0153846153846,0.0298507462687,0.666666666667,0.663247863248,0.010152284264,0.0359907875374,0.00769230769231,216,151,65,0,216,0,151,0,65,37,216,0.162162162162,1.32432432432,11.6756756757,21.6,6,8.1990990496,0.702237650082,0.31006006006,10.329336629,1.76937710775,0.765265265265,3.0868314707,0.528762798222,0.252752752753,0.579945114934,0.437917739848,2,1.32432432432,0.579945114934,2,0.0121701261701,0.00597269624573,7,0.000900900900901,0.621196581197,37,37,37,1,0,0.72972972973,0.243243243243,0.027027027027,37,0.113363363363,1.32432432432,8.16216216216,15.1,4.31428571429,5.83815759329,0.715270963416,0.351351351351,7.22794875765,1.77108678168,0.770359763737,2.34968530255,0.575750703274,0.317164846966,0.579945114934,0.437917739848,2,1.33333333333,0.585540043769,2,0.0115246449457,0.00530973451327,3,0.0003861003861,0.328332705941,37,36,36,0.972972972973,0,0.702702702703,0.243243243243,0.027027027027,37,153,0.114864864865,1.33039161611,8.27027027027,15.3,4.25,5.89561347599,0.712868296116,0.352764529235,7.25014238236,1.75330240619,0.767002296414,2.27501113748,0.550166092071,0.303479950539,0.598636321842,0.449970004768,2.20408163265,1.339569161,0.604482429048,2.20408163265,0.0146908939014,0.00696459663378,4,0.000514800514801,0.329746847356,37,36,36,0.972972972973,0,0.702702702703,0.27027027027,0,-63,-0.0472972972973,0.00606729178158,-3.40540540541,-6.3,-1.75,-2.30348557362,0.0106306460344,0.0427044691751,-3.07919424663,-0.0160747015525,0.0017370311488,-0.81182033322,0.0214032938488,0.050727197786,0.018691206908,0.0120522649195,0.204081632653,0.0152448366734,0.0245373141133,0.204081632653,0.00252076773129,0.000991900388045,-3,-0.0003861003861,-0.291449733841,-0.027027027027,0.027027027027,-0.027027027027,152,1,64,1115,0.703703703704,0.999103942652,0.00089605734767,0.296296296296,0.993464052288,0.703703703704,0.823848238482,0.812442872082,0.702807646356,0.700460829493,2,65,0,0,0,0
2727,WLNM_dir_neg,0.985207100592,0.798044393418,00:00:03,10,70,3,1236970027,threshold_sweep,0.9,0.5,0.0153846153846,0.0298507462687,1,1,64,129,0.0153846153846,0.992307692308,0.00769230769231,0.984615384615,0.5,0.0153846153846,0.0298507462687,0.666666666667,0.663247863248,0.010152284264,0.0359907875374,0.00769230769231,216,151,65,0,216,0,151,0,65,37,216,0.162162162162,1.32432432432,11.6756756757,21.6,6,8.1990990496,0.702237650082,0.31006006006,10.329336629,1.76937710775,0.765265265265,3.0868314707,0.528762798222,0.252752752753,0.579945114934,0.437917739848,2,1.32432432432,0.579945114934,2,0.0121701261701,0.00597269624573,7,0.000900900900901,0.621196581197,37,37,37,1,0,0.72972972973,0.243243243243,0.027027027027,37,0.113363363363,1.32432432432,8.16216216216,15.1,4.31428571429,5.83815759329,0.715270963416,0.351351351351,7.22794875765,1.77108678168,0.770359763737,2.34968530255,0.575750703274,0.317164846966,0.579945114934,0.437917739848,2,1.33333333333,0.585540043769,2,0.0115246449457,0.00530973451327,3,0.0003861003861,0.328332705941,37,36,36,0.972972972973,0,0.702702702703,0.243243243243,0.027027027027,37,153,0.114864864865,1.33039161611,8.27027027027,15.3,4.25,5.89561347599,0.712868296116,0.352764529235,7.25014238236,1.75330240619,0.767002296414,2.27501113748,0.550166092071,0.303479950539,0.598636321842,0.449970004768,2.20408163265,1.339569161,0.604482429048,2.20408163265,0.0146908939014,0.00696459663378,4,0.000514800514801,0.329746847356,37,36,36,0.972972972973,0,0.702702702703,0.27027027027,0,-63,-0.0472972972973,0.00606729178158,-3.40540540541,-6.3,-1.75,-2.30348557362,0.0106306460344,0.0427044691751,-3.07919424663,-0.0160747015525,0.0017370311488,-0.81182033322,0.0214032938488,0.050727197786,0.018691206908,0.0120522649195,0.204081632653,0.0152448366734,0.0245373141133,0.204081632653,0.00252076773129,0.000991900388045,-3,-0.0003861003861,-0.291449733841,-0.027027027027,0.027027027027,-0.027027027027,152,1,64,1115,0.703703703704,0.999103942652,0.00089605734767,0.296296296296,0.993464052288,0.703703703704,0.823848238482,0.812442872082,0.702807646356,0.700460829493,2,65,0,0,0,0
2728,WLNM_dir_neg,0.978816568047,0.882087912088,00:00:02,10,70,4,1236970028,threshold_sweep,0.1,1,0.0461538461538,0.0882352941176,3,0,62,130,0.0461538461538,1,0,0.953846153846,1,0.0461538461538,0.0882352941176,0.682051282051,0.661538461538,0.0606060606061,0.176776695297,0.0461538461538,216,151,65,0,216,0,151,0,65,37,216,0.162162162162,1.32432432432,11.6756756757,21.6,6,8.1990990496,0.702237650082,0.31006006006,10.329336629,1.76937710775,0.765265265265,3.0868314707,0.528762798222,0.252752752753,0.579945114934,0.437917739848,2,1.32432432432,0.579945114934,2,0.0121701261701,0.00597269624573,7,0.000900900900901,0.621196581197,37,37,37,1,0,0.72972972973,0.243243243243,0.027027027027,37,0.113363363363,1.32046332046,8.16216216216,15.1,4.44117647059,5.89968696681,0.72280933037,0.350277429748,7.31960221437,1.79354491345,0.77680329336,2.38488735325,0.584376371326,0.322534454985,0.56884874529,0.430794810029,2,1.32046332046,0.56884874529,2,0,0,0,0,0.327357330524,37,37,37,1,0,0.72972972973,0.189189189189,0.0810810810811,37,154,0.115615615616,1.32432432432,8.32432432432,15.4,4.27777777778,5.94443742808,0.71410449623,0.348367848368,7.35041009254,1.76600761964,0.77184977185,2.26707733429,0.544687411485,0.301158301158,0.579945114934,0.437917739848,2,1.32432432432,0.579945114934,2,0.0114995822891,0.00680272108844,4,0.000514800514801,0.32791288608,37,37,37,1,0,0.72972972973,0.243243243243,0.027027027027,-62,-0.0465465465465,0,-3.35135135135,-6.2,-1.72222222222,-2.25466162153,0.0118668461483,0.0383077883078,-2.97892653646,-0.00336948810885,0.00658450658451,-0.819754136417,0.0159246132622,0.0484055484055,0,0,0,0,0,0,-0.00067054388107,0.000830024842702,-3,-0.0003861003861,-0.293283695117,0,0,0,154,0,62,1116,0.712962962963,1,0,0.287037037037,1,0.712962962963,0.832432432432,0.821850714237,0.712962962963,0.712962962963,3,65,0,0,0,0
2729,WLNM_dir_neg,0.978816568047,0.882087912088,00:00:02,10,70,4,1236970028,threshold_sweep,0.2,1,0.0461538461538,0.0882352941176,3,0,62,130,0.0461538461538,1,0,0.953846153846,1,0.0461538461538,0.0882352941176,0.682051282051,0.661538461538,0.0606060606061,0.176776695297,0.0461538461538,216,151,65,0,216,0,151,0,65,37,216,0.162162162162,1.32432432432,11.6756756757,21.6,6,8.1990990496,0.702237650082,0.31006006006,10.329336629,1.76937710775,0.765265265265,3.0868314707,0.528762798222,0.252752752753,0.579945114934,0.437917739848,2,1.32432432432,0.579945114934,2,0.0121701261701,0.00597269624573,7,0.000900900900901,0.621196581197,37,37,37,1,0,0.72972972973,0.243243243243,0.027027027027,37,0.113363363363,1.32046332046,8.16216216216,15.1,4.44117647059,5.89968696681,0.72280933037,0.350277429748,7.31960221437,1.79354491345,0.77680329336,2.38488735325,0.584376371326,0.322534454985,0.56884874529,0.430794810029,2,1.32046332046,0.56884874529,2,0,0,0,0,0.327357330524,37,37,37,1,0,0.72972972973,0.189189189189,0.0810810810811,37,154,0.115615615616,1.32432432432,8.32432432432,15.4,4.27777777778,5.94443742808,0.71410449623,0.348367848368,7.35041009254,1.76600761964,0.77184977185,2.26707733429,0.544687411485,0.301158301158,0.579945114934,0.437917739848,2,1.32432432432,0.579945114934,2,0.0114995822891,0.00680272108844,4,0.000514800514801,0.32791288608,37,37,37,1,0,0.72972972973,0.243243243243,0.027027027027,-62,-0.0465465465465,0,-3.35135135135,-6.2,-1.72222222222,-2.25466162153,0.0118668461483,0.0383077883078,-2.97892653646,-0.00336948810885,0.00658450658451,-0.819754136417,0.0159246132622,0.0484055484055,0,0,0,0,0,0,-0.00067054388107,0.000830024842702,-3,-0.0003861003861,-0.293283695117,0,0,0,154,0,62,1116,0.712962962963,1,0,0.287037037037,1,0.712962962963,0.832432432432,0.821850714237,0.712962962963,0.712962962963,3,65,0,0,0,0
2730,WLNM_dir_neg,0.978816568047,0.882087912088,00:00:02,10,70,4,1236970028,threshold_sweep,0.3,1,0.0461538461538,0.0882352941176,3,0,62,130,0.0461538461538,1,0,0.953846153846,1,0.0461538461538,0.0882352941176,0.682051282051,0.661538461538,0.0606060606061,0.176776695297,0.0461538461538,216,151,65,0,216,0,151,0,65,37,216,0.162162162162,1.32432432432,11.6756756757,21.6,6,8.1990990496,0.702237650082,0.31006006006,10.329336629,1.76937710775,0.765265265265,3.0868314707,0.528762798222,0.252752752753,0.579945114934,0.437917739848,2,1.32432432432,0.579945114934,2,0.0121701261701,0.00597269624573,7,0.000900900900901,0.621196581197,37,37,37,1,0,0.72972972973,0.243243243243,0.027027027027,37,0.113363363363,1.32046332046,8.16216216216,15.1,4.44117647059,5.89968696681,0.72280933037,0.350277429748,7.31960221437,1.79354491345,0.77680329336,2.38488735325,0.584376371326,0.322534454985,0.56884874529,0.430794810029,2,1.32046332046,0.56884874529,2,0,0,0,0,0.327357330524,37,37,37,1,0,0.72972972973,0.189189189189,0.0810810810811,37,154,0.115615615616,1.32432432432,8.32432432432,15.4,4.27777777778,5.94443742808,0.71410449623,0.348367848368,7.35041009254,1.76600761964,0.77184977185,2.26707733429,0.544687411485,0.301158301158,0.579945114934,0.437917739848,2,1.32432432432,0.579945114934,2,0.0114995822891,0.00680272108844,4,0.000514800514801,0.32791288608,37,37,37,1,0,0.72972972973,0.243243243243,0.027027027027,-62,-0.0465465465465,0,-3.35135135135,-6.2,-1.72222222222,-2.25466162153,0.0118668461483,0.0383077883078,-2.97892653646,-0.00336948810885,0.00658450658451,-0.819754136417,0.0159246132622,0.0484055484055,0,0,0,0,0,0,-0.00067054388107,0.000830024842702,-3,-0.0003861003861,-0.293283695117,0,0,0,154,0,62,1116,0.712962962963,1,0,0.287037037037,1,0.712962962963,0.832432432432,0.821850714237,0.712962962963,0.712962962963,3,65,0,0,0,0
2731,WLNM_dir_neg,0.978816568047,0.882087912088,00:00:02,10,70,4,1236970028,threshold_sweep,0.4,1,0.0461538461538,0.0882352941176,3,0,62,130,0.0461538461538,1,0,0.953846153846,1,0.0461538461538,0.0882352941176,0.682051282051,0.661538461538,0.0606060606061,0.176776695297,0.0461538461538,216,151,65,0,216,0,151,0,65,37,216,0.162162162162,1.32432432432,11.6756756757,21.6,6,8.1990990496,0.702237650082,0.31006006006,10.329336629,1.76937710775,0.765265265265,3.0868314707,0.528762798222,0.252752752753,0.579945114934,0.437917739848,2,1.32432432432,0.579945114934,2,0.0121701261701,0.00597269624573,7,0.000900900900901,0.621196581197,37,37,37,1,0,0.72972972973,0.243243243243,0.027027027027,37,0.113363363363,1.32046332046,8.16216216216,15.1,4.44117647059,5.89968696681,0.72280933037,0.350277429748,7.31960221437,1.79354491345,0.77680329336,2.38488735325,0.584376371326,0.322534454985,0.56884874529,0.430794810029,2,1.32046332046,0.56884874529,2,0,0,0,0,0.327357330524,37,37,37,1,0,0.72972972973,0.189189189189,0.0810810810811,37,154,0.115615615616,1.32432432432,8.32432432432,15.4,4.27777777778,5.94443742808,0.71410449623,0.348367848368,7.35041009254,1.76600761964,0.77184977185,2.26707733429,0.544687411485,0.301158301158,0.579945114934,0.437917739848,2,1.32432432432,0.579945114934,2,0.0114995822891,0.00680272108844,4,0.000514800514801,0.32791288608,37,37,37,1,0,0.72972972973,0.243243243243,0.027027027027,-62,-0.0465465465465,0,-3.35135135135,-6.2,-1.72222222222,-2.25466162153,0.0118668461483,0.0383077883078,-2.97892653646,-0.00336948810885,0.00658450658451,-0.819754136417,0.0159246132622,0.0484055484055,0,0,0,0,0,0,-0.00067054388107,0.000830024842702,-3,-0.0003861003861,-0.293283695117,0,0,0,154,0,62,1116,0.712962962963,1,0,0.287037037037,1,0.712962962963,0.832432432432,0.821850714237,0.712962962963,0.712962962963,3,65,0,0,0,0
2732,WLNM_dir_neg,0.978816568047,0.882087912088,00:00:02,10,70,4,1236970028,threshold_sweep,0.5,1,0.0461538461538,0.0882352941176,3,0,62,130,0.0461538461538,1,0,0.953846153846,1,0.0461538461538,0.0882352941176,0.682051282051,0.661538461538,0.0606060606061,0.176776695297,0.0461538461538,216,151,65,0,216,0,151,0,65,37,216,0.162162162162,1.32432432432,11.6756756757,21.6,6,8.1990990496,0.702237650082,0.31006006006,10.329336629,1.76937710775,0.765265265265,3.0868314707,0.528762798222,0.252752752753,0.579945114934,0.437917739848,2,1.32432432432,0.579945114934,2,0.0121701261701,0.00597269624573,7,0.000900900900901,0.621196581197,37,37,37,1,0,0.72972972973,0.243243243243,0.027027027027,37,0.113363363363,1.32046332046,8.16216216216,15.1,4.44117647059,5.89968696681,0.72280933037,0.350277429748,7.31960221437,1.79354491345,0.77680329336,2.38488735325,0.584376371326,0.322534454985,0.56884874529,0.430794810029,2,1.32046332046,0.56884874529,2,0,0,0,0,0.327357330524,37,37,37,1,0,0.72972972973,0.189189189189,0.0810810810811,37,154,0.115615615616,1.32432432432,8.32432432432,15.4,4.27777777778,5.94443742808,0.71410449623,0.348367848368,7.35041009254,1.76600761964,0.77184977185,2.26707733429,0.544687411485,0.301158301158,0.579945114934,0.437917739848,2,1.32432432432,0.579945114934,2,0.0114995822891,0.00680272108844,4,0.000514800514801,0.32791288608,37,37,37,1,0,0.72972972973,0.243243243243,0.027027027027,-62,-0.0465465465465,0,-3.35135135135,-6.2,-1.72222222222,-2.25466162153,0.0118668461483,0.0383077883078,-2.97892653646,-0.00336948810885,0.00658450658451,-0.819754136417,0.0159246132622,0.0484055484055,0,0,0,0,0,0,-0.00067054388107,0.000830024842702,-3,-0.0003861003861,-0.293283695117,0,0,0,154,0,62,1116,0.712962962963,1,0,0.287037037037,1,0.712962962963,0.832432432432,0.821850714237,0.712962962963,0.712962962963,3,65,0,0,0,0
2733,WLNM_dir_neg,0.978816568047,0.882087912088,00:00:02,10,70,4,1236970028,threshold_sweep,0.6,1,0.0461538461538,0.0882352941176,3,0,62,130,0.0461538461538,1,0,0.953846153846,1,0.0461538461538,0.0882352941176,0.682051282051,0.661538461538,0.0606060606061,0.176776695297,0.0461538461538,216,151,65,0,216,0,151,0,65,37,216,0.162162162162,1.32432432432,11.6756756757,21.6,6,8.1990990496,0.702237650082,0.31006006006,10.329336629,1.76937710775,0.765265265265,3.0868314707,0.528762798222,0.252752752753,0.579945114934,0.437917739848,2,1.32432432432,0.579945114934,2,0.0121701261701,0.00597269624573,7,0.000900900900901,0.621196581197,37,37,37,1,0,0.72972972973,0.243243243243,0.027027027027,37,0.113363363363,1.32046332046,8.16216216216,15.1,4.44117647059,5.89968696681,0.72280933037,0.350277429748,7.31960221437,1.79354491345,0.77680329336,2.38488735325,0.584376371326,0.322534454985,0.56884874529,0.430794810029,2,1.32046332046,0.56884874529,2,0,0,0,0,0.327357330524,37,37,37,1,0,0.72972972973,0.189189189189,0.0810810810811,37,154,0.115615615616,1.32432432432,8.32432432432,15.4,4.27777777778,5.94443742808,0.71410449623,0.348367848368,7.35041009254,1.76600761964,0.77184977185,2.26707733429,0.544687411485,0.301158301158,0.579945114934,0.437917739848,2,1.32432432432,0.579945114934,2,0.0114995822891,0.00680272108844,4,0.000514800514801,0.32791288608,37,37,37,1,0,0.72972972973,0.243243243243,0.027027027027,-62,-0.0465465465465,0,-3.35135135135,-6.2,-1.72222222222,-2.25466162153,0.0118668461483,0.0383077883078,-2.97892653646,-0.00336948810885,0.00658450658451,-0.819754136417,0.0159246132622,0.0484055484055,0,0,0,0,0,0,-0.00067054388107,0.000830024842702,-3,-0.0003861003861,-0.293283695117,0,0,0,154,0,62,1116,0.712962962963,1,0,0.287037037037,1,0.712962962963,0.832432432432,0.821850714237,0.712962962963,0.712962962963,3,65,0,0,0,0
2734,WLNM_dir_neg,0.978816568047,0.882087912088,00:00:02,10,70,4,1236970028,threshold_sweep,0.7,1,0.0461538461538,0.0882352941176,3,0,62,130,0.0461538461538,1,0,0.953846153846,1,0.0461538461538,0.0882352941176,0.682051282051,0.661538461538,0.0606060606061,0.176776695297,0.0461538461538,216,151,65,0,216,0,151,0,65,37,216,0.162162162162,1.32432432432,11.6756756757,21.6,6,8.1990990496,0.702237650082,0.31006006006,10.329336629,1.76937710775,0.765265265265,3.0868314707,0.528762798222,0.252752752753,0.579945114934,0.437917739848,2,1.32432432432,0.579945114934,2,0.0121701261701,0.00597269624573,7,0.000900900900901,0.621196581197,37,37,37,1,0,0.72972972973,0.243243243243,0.027027027027,37,0.113363363363,1.32046332046,8.16216216216,15.1,4.44117647059,5.89968696681,0.72280933037,0.350277429748,7.31960221437,1.79354491345,0.77680329336,2.38488735325,0.584376371326,0.322534454985,0.56884874529,0.430794810029,2,1.32046332046,0.56884874529,2,0,0,0,0,0.327357330524,37,37,37,1,0,0.72972972973,0.189189189189,0.0810810810811,37,154,0.115615615616,1.32432432432,8.32432432432,15.4,4.27777777778,5.94443742808,0.71410449623,0.348367848368,7.35041009254,1.76600761964,0.77184977185,2.26707733429,0.544687411485,0.301158301158,0.579945114934,0.437917739848,2,1.32432432432,0.579945114934,2,0.0114995822891,0.00680272108844,4,0.000514800514801,0.32791288608,37,37,37,1,0,0.72972972973,0.243243243243,0.027027027027,-62,-0.0465465465465,0,-3.35135135135,-6.2,-1.72222222222,-2.25466162153,0.0118668461483,0.0383077883078,-2.97892653646,-0.00336948810885,0.00658450658451,-0.819754136417,0.0159246132622,0.0484055484055,0,0,0,0,0,0,-0.00067054388107,0.000830024842702,-3,-0.0003861003861,-0.293283695117,0,0,0,154,0,62,1116,0.712962962963,1,0,0.287037037037,1,0.712962962963,0.832432432432,0.821850714237,0.712962962963,0.712962962963,3,65,0,0,0,0
2735,WLNM_dir_neg,0.978816568047,0.882087912088,00:00:02,10,70,4,1236970028,threshold_sweep,0.8,1,0.0461538461538,0.0882352941176,3,0,62,130,0.0461538461538,1,0,0.953846153846,1,0.0461538461538,0.0882352941176,0.682051282051,0.661538461538,0.0606060606061,0.176776695297,0.0461538461538,216,151,65,0,216,0,151,0,65,37,216,0.162162162162,1.32432432432,11.6756756757,21.6,6,8.1990990496,0.702237650082,0.31006006006,10.329336629,1.76937710775,0.765265265265,3.0868314707,0.528762798222,0.252752752753,0.579945114934,0.437917739848,2,1.32432432432,0.579945114934,2,0.0121701261701,0.00597269624573,7,0.000900900900901,0.621196581197,37,37,37,1,0,0.72972972973,0.243243243243,0.027027027027,37,0.113363363363,1.32046332046,8.16216216216,15.1,4.44117647059,5.89968696681,0.72280933037,0.350277429748,7.31960221437,1.79354491345,0.77680329336,2.38488735325,0.584376371326,0.322534454985,0.56884874529,0.430794810029,2,1.32046332046,0.56884874529,2,0,0,0,0,0.327357330524,37,37,37,1,0,0.72972972973,0.189189189189,0.0810810810811,37,154,0.115615615616,1.32432432432,8.32432432432,15.4,4.27777777778,5.94443742808,0.71410449623,0.348367848368,7.35041009254,1.76600761964,0.77184977185,2.26707733429,0.544687411485,0.301158301158,0.579945114934,0.437917739848,2,1.32432432432,0.579945114934,2,0.0114995822891,0.00680272108844,4,0.000514800514801,0.32791288608,37,37,37,1,0,0.72972972973,0.243243243243,0.027027027027,-62,-0.0465465465465,0,-3.35135135135,-6.2,-1.72222222222,-2.25466162153,0.0118668461483,0.0383077883078,-2.97892653646,-0.00336948810885,0.00658450658451,-0.819754136417,0.0159246132622,0.0484055484055,0,0,0,0,0,0,-0.00067054388107,0.000830024842702,-3,-0.0003861003861,-0.293283695117,0,0,0,154,0,62,1116,0.712962962963,1,0,0.287037037037,1,0.712962962963,0.832432432432,0.821850714237,0.712962962963,0.712962962963,3,65,0,0,0,0
2736,WLNM_dir_neg,0.978816568047,0.882087912088,00:00:02,10,70,4,1236970028,threshold_sweep,0.9,1,0.0461538461538,0.0882352941176,3,0,62,130,0.0461538461538,1,0,0.953846153846,1,0.0461538461538,0.0882352941176,0.682051282051,0.661538461538,0.0606060606061,0.176776695297,0.0461538461538,216,151,65,0,216,0,151,0,65,37,216,0.162162162162,1.32432432432,11.6756756757,21.6,6,8.1990990496,0.702237650082,0.31006006006,10.329336629,1.76937710775,0.765265265265,3.0868314707,0.528762798222,0.252752752753,0.579945114934,0.437917739848,2,1.32432432432,0.579945114934,2,0.0121701261701,0.00597269624573,7,0.000900900900901,0.621196581197,37,37,37,1,0,0.72972972973,0.243243243243,0.027027027027,37,0.113363363363,1.32046332046,8.16216216216,15.1,4.44117647059,5.89968696681,0.72280933037,0.350277429748,7.31960221437,1.79354491345,0.77680329336,2.38488735325,0.584376371326,0.322534454985,0.56884874529,0.430794810029,2,1.32046332046,0.56884874529,2,0,0,0,0,0.327357330524,37,37,37,1,0,0.72972972973,0.189189189189,0.0810810810811,37,154,0.115615615616,1.32432432432,8.32432432432,15.4,4.27777777778,5.94443742808,0.71410449623,0.348367848368,7.35041009254,1.76600761964,0.77184977185,2.26707733429,0.544687411485,0.301158301158,0.579945114934,0.437917739848,2,1.32432432432,0.579945114934,2,0.0114995822891,0.00680272108844,4,0.000514800514801,0.32791288608,37,37,37,1,0,0.72972972973,0.243243243243,0.027027027027,-62,-0.0465465465465,0,-3.35135135135,-6.2,-1.72222222222,-2.25466162153,0.0118668461483,0.0383077883078,-2.97892653646,-0.00336948810885,0.00658450658451,-0.819754136417,0.0159246132622,0.0484055484055,0,0,0,0,0,0,-0.00067054388107,0.000830024842702,-3,-0.0003861003861,-0.293283695117,0,0,0,154,0,62,1116,0.712962962963,1,0,0.287037037037,1,0.712962962963,0.832432432432,0.821850714237,0.712962962963,0.712962962963,3,65,0,0,0,0
2737,WLNM_dir_neg,0.988639053254,0.962258329905,00:00:02,10,70,5,1236970029,threshold_sweep,0.1,1,0.0307692307692,0.0597014925373,2,0,63,130,0.0307692307692,1,0,0.969230769231,1,0.0307692307692,0.0597014925373,0.676923076923,0.663247863248,0.0406091370558,0.14396315015,0.0307692307692,216,151,65,0,216,0,151,0,65,37,216,0.162162162162,1.32432432432,11.6756756757,21.6,6,8.1990990496,0.702237650082,0.31006006006,10.329336629,1.76937710775,0.765265265265,3.0868314707,0.528762798222,0.252752752753,0.579945114934,0.437917739848,2,1.32432432432,0.579945114934,2,0.0121701261701,0.00597269624573,7,0.000900900900901,0.621196581197,37,37,37,1,0,0.72972972973,0.243243243243,0.027027027027,37,0.113363363363,1.32046332046,8.16216216216,15.1,4.57575757576,6.04847783199,0.74103867478,0.369250044747,7.36122868057,1.80374477603,0.78181492751,2.55362899048,0.625723659919,0.352246286021,0.56884874529,0.430794810029,2,1.32046332046,0.56884874529,2,0,0,0,0,0.357026770839,37,37,37,1,0,0.72972972973,0.162162162162,0.108108108108,37,153,0.114864864865,1.32046332046,8.27027027027,15.3,4.5,6.1447748745,0.74299565476,0.36972266384,7.37549306134,1.78361596908,0.777954425013,2.48509067756,0.600969640978,0.338102808691,0.56884874529,0.430794810029,2,1.32046332046,0.56884874529,2,0,0,0,0,0.357820421633,37,37,37,1,0,0.72972972973,0.189189189189,0.0810810810811,-63,-0.0472972972973,-0.003861003861,-3.40540540541,-6.3,-1.5,-2.05432417511,0.0407580046777,0.0596626037803,-2.95384356766,0.0142388613373,0.012689159748,-0.601740793148,0.0722068427551,0.0853500559383,-0.0110963696449,-0.00712292981926,0,-0.003861003861,-0.0110963696449,0,-0.0121701261701,-0.00597269624573,-7,-0.000900900900901,-0.263376159564,0,-0.0540540540541,0.0540540540541,153,0,63,1116,0.708333333333,1,0,0.291666666667,1,0.708333333333,0.829268292683,0.818830544472,0.708333333333,0.708333333333,2,65,0,0,0,0
2738,WLNM_dir_neg,0.988639053254,0.962258329905,00:00:02,10,70,5,1236970029,threshold_sweep,0.2,1,0.0307692307692,0.0597014925373,2,0,63,130,0.0307692307692,1,0,0.969230769231,1,0.0307692307692,0.0597014925373,0.676923076923,0.663247863248,0.0406091370558,0.14396315015,0.0307692307692,216,151,65,0,216,0,151,0,65,37,216,0.162162162162,1.32432432432,11.6756756757,21.6,6,8.1990990496,0.702237650082,0.31006006006,10.329336629,1.76937710775,0.765265265265,3.0868314707,0.528762798222,0.252752752753,0.579945114934,0.437917739848,2,1.32432432432,0.579945114934,2,0.0121701261701,0.00597269624573,7,0.000900900900901,0.621196581197,37,37,37,1,0,0.72972972973,0.243243243243,0.027027027027,37,0.113363363363,1.32046332046,8.16216216216,15.1,4.57575757576,6.04847783199,0.74103867478,0.369250044747,7.36122868057,1.80374477603,0.78181492751,2.55362899048,0.625723659919,0.352246286021,0.56884874529,0.430794810029,2,1.32046332046,0.56884874529,2,0,0,0,0,0.357026770839,37,37,37,1,0,0.72972972973,0.162162162162,0.108108108108,37,153,0.114864864865,1.32046332046,8.27027027027,15.3,4.5,6.1447748745,0.74299565476,0.36972266384,7.37549306134,1.78361596908,0.777954425013,2.48509067756,0.600969640978,0.338102808691,0.56884874529,0.430794810029,2,1.32046332046,0.56884874529,2,0,0,0,0,0.357820421633,37,37,37,1,0,0.72972972973,0.189189189189,0.0810810810811,-63,-0.0472972972973,-0.003861003861,-3.40540540541,-6.3,-1.5,-2.05432417511,0.0407580046777,0.0596626037803,-2.95384356766,0.0142388613373,0.012689159748,-0.601740793148,0.0722068427551,0.0853500559383,-0.0110963696449,-0.00712292981926,0,-0.003861003861,-0.0110963696449,0,-0.0121701261701,-0.00597269624573,-7,-0.000900900900901,-0.263376159564,0,-0.0540540540541,0.0540540540541,153,0,63,1116,0.708333333333,1,0,0.291666666667,1,0.708333333333,0.829268292683,0.818830544472,0.708333333333,0.708333333333,2,65,0,0,0,0
2739,WLNM_dir_neg,0.988639053254,0.962258329905,00:00:02,10,70,5,1236970029,threshold_sweep,0.3,1,0.0307692307692,0.0597014925373,2,0,63,130,0.0307692307692,1,0,0.969230769231,1,0.0307692307692,0.0597014925373,0.676923076923,0.663247863248,0.0406091370558,0.14396315015,0.0307692307692,216,151,65,0,216,0,151,0,65,37,216,0.162162162162,1.32432432432,11.6756756757,21.6,6,8.1990990496,0.702237650082,0.31006006006,10.329336629,1.76937710775,0.765265265265,3.0868314707,0.528762798222,0.252752752753,0.579945114934,0.437917739848,2,1.32432432432,0.579945114934,2,0.0121701261701,0.00597269624573,7,0.000900900900901,0.621196581197,37,37,37,1,0,0.72972972973,0.243243243243,0.027027027027,37,0.113363363363,1.32046332046,8.16216216216,15.1,4.57575757576,6.04847783199,0.74103867478,0.369250044747,7.36122868057,1.80374477603,0.78181492751,2.55362899048,0.625723659919,0.352246286021,0.56884874529,0.430794810029,2,1.32046332046,0.56884874529,2,0,0,0,0,0.357026770839,37,37,37,1,0,0.72972972973,0.162162162162,0.108108108108,37,153,0.114864864865,1.32046332046,8.27027027027,15.3,4.5,6.1447748745,0.74299565476,0.36972266384,7.37549306134,1.78361596908,0.777954425013,2.48509067756,0.600969640978,0.338102808691,0.56884874529,0.430794810029,2,1.32046332046,0.56884874529,2,0,0,0,0,0.357820421633,37,37,37,1,0,0.72972972973,0.189189189189,0.0810810810811,-63,-0.0472972972973,-0.003861003861,-3.40540540541,-6.3,-1.5,-2.05432417511,0.0407580046777,0.0596626037803,-2.95384356766,0.0142388613373,0.012689159748,-0.601740793148,0.0722068427551,0.0853500559383,-0.0110963696449,-0.00712292981926,0,-0.003861003861,-0.0110963696449,0,-0.0121701261701,-0.00597269624573,-7,-0.000900900900901,-0.263376159564,0,-0.0540540540541,0.0540540540541,153,0,63,1116,0.708333333333,1,0,0.291666666667,1,0.708333333333,0.829268292683,0.818830544472,0.708333333333,0.708333333333,2,65,0,0,0,0
2740,WLNM_dir_neg,0.988639053254,0.962258329905,00:00:02,10,70,5,1236970029,threshold_sweep,0.4,1,0.0307692307692,0.0597014925373,2,0,63,130,0.0307692307692,1,0,0.969230769231,1,0.0307692307692,0.0597014925373,0.676923076923,0.663247863248,0.0406091370558,0.14396315015,0.0307692307692,216,151,65,0,216,0,151,0,65,37,216,0.162162162162,1.32432432432,11.6756756757,21.6,6,8.1990990496,0.702237650082,0.31006006006,10.329336629,1.76937710775,0.765265265265,3.0868314707,0.528762798222,0.252752752753,0.579945114934,0.437917739848,2,1.32432432432,0.579945114934,2,0.0121701261701,0.00597269624573,7,0.000900900900901,0.621196581197,37,37,37,1,0,0.72972972973,0.243243243243,0.027027027027,37,0.113363363363,1.32046332046,8.16216216216,15.1,4.57575757576,6.04847783199,0.74103867478,0.369250044747,7.36122868057,1.80374477603,0.78181492751,2.55362899048,0.625723659919,0.352246286021,0.56884874529,0.430794810029,2,1.32046332046,0.56884874529,2,0,0,0,0,0.357026770839,37,37,37,1,0,0.72972972973,0.162162162162,0.108108108108,37,153,0.114864864865,1.32046332046,8.27027027027,15.3,4.5,6.1447748745,0.74299565476,0.36972266384,7.37549306134,1.78361596908,0.777954425013,2.48509067756,0.600969640978,0.338102808691,0.56884874529,0.430794810029,2,1.32046332046,0.56884874529,2,0,0,0,0,0.357820421633,37,37,37,1,0,0.72972972973,0.189189189189,0.0810810810811,-63,-0.0472972972973,-0.003861003861,-3.40540540541,-6.3,-1.5,-2.05432417511,0.0407580046777,0.0596626037803,-2.95384356766,0.0142388613373,0.012689159748,-0.601740793148,0.0722068427551,0.0853500559383,-0.0110963696449,-0.00712292981926,0,-0.003861003861,-0.0110963696449,0,-0.0121701261701,-0.00597269624573,-7,-0.000900900900901,-0.263376159564,0,-0.0540540540541,0.0540540540541,153,0,63,1116,0.708333333333,1,0,0.291666666667,1,0.708333333333,0.829268292683,0.818830544472,0.708333333333,0.708333333333,2,65,0,0,0,0
2741,WLNM_dir_neg,0.988639053254,0.962258329905,00:00:02,10,70,5,1236970029,threshold_sweep,0.5,1,0.0307692307692,0.0597014925373,2,0,63,130,0.0307692307692,1,0,0.969230769231,1,0.0307692307692,0.0597014925373,0.676923076923,0.663247863248,0.0406091370558,0.14396315015,0.0307692307692,216,151,65,0,216,0,151,0,65,37,216,0.162162162162,1.32432432432,11.6756756757,21.6,6,8.1990990496,0.702237650082,0.31006006006,10.329336629,1.76937710775,0.765265265265,3.0868314707,0.528762798222,0.252752752753,0.579945114934,0.437917739848,2,1.32432432432,0.579945114934,2,0.0121701261701,0.00597269624573,7,0.000900900900901,0.621196581197,37,37,37,1,0,0.72972972973,0.243243243243,0.027027027027,37,0.113363363363,1.32046332046,8.16216216216,15.1,4.57575757576,6.04847783199,0.74103867478,0.369250044747,7.36122868057,1.80374477603,0.78181492751,2.55362899048,0.625723659919,0.352246286021,0.56884874529,0.430794810029,2,1.32046332046,0.56884874529,2,0,0,0,0,0.357026770839,37,37,37,1,0,0.72972972973,0.162162162162,0.108108108108,37,153,0.114864864865,1.32046332046,8.27027027027,15.3,4.5,6.1447748745,0.74299565476,0.36972266384,7.37549306134,1.78361596908,0.777954425013,2.48509067756,0.600969640978,0.338102808691,0.56884874529,0.430794810029,2,1.32046332046,0.56884874529,2,0,0,0,0,0.357820421633,37,37,37,1,0,0.72972972973,0.189189189189,0.0810810810811,-63,-0.0472972972973,-0.003861003861,-3.40540540541,-6.3,-1.5,-2.05432417511,0.0407580046777,0.0596626037803,-2.95384356766,0.0142388613373,0.012689159748,-0.601740793148,0.0722068427551,0.0853500559383,-0.0110963696449,-0.00712292981926,0,-0.003861003861,-0.0110963696449,0,-0.0121701261701,-0.00597269624573,-7,-0.000900900900901,-0.263376159564,0,-0.0540540540541,0.0540540540541,153,0,63,1116,0.708333333333,1,0,0.291666666667,1,0.708333333333,0.829268292683,0.818830544472,0.708333333333,0.708333333333,2,65,0,0,0,0
2742,WLNM_dir_neg,0.988639053254,0.962258329905,00:00:02,10,70,5,1236970029,threshold_sweep,0.6,1,0.0307692307692,0.0597014925373,2,0,63,130,0.0307692307692,1,0,0.969230769231,1,0.0307692307692,0.0597014925373,0.676923076923,0.663247863248,0.0406091370558,0.14396315015,0.0307692307692,216,151,65,0,216,0,151,0,65,37,216,0.162162162162,1.32432432432,11.6756756757,21.6,6,8.1990990496,0.702237650082,0.31006006006,10.329336629,1.76937710775,0.765265265265,3.0868314707,0.528762798222,0.252752752753,0.579945114934,0.437917739848,2,1.32432432432,0.579945114934,2,0.0121701261701,0.00597269624573,7,0.000900900900901,0.621196581197,37,37,37,1,0,0.72972972973,0.243243243243,0.027027027027,37,0.113363363363,1.32046332046,8.16216216216,15.1,4.57575757576,6.04847783199,0.74103867478,0.369250044747,7.36122868057,1.80374477603,0.78181492751,2.55362899048,0.625723659919,0.352246286021,0.56884874529,0.430794810029,2,1.32046332046,0.56884874529,2,0,0,0,0,0.357026770839,37,37,37,1,0,0.72972972973,0.162162162162,0.108108108108,37,153,0.114864864865,1.32046332046,8.27027027027,15.3,4.5,6.1447748745,0.74299565476,0.36972266384,7.37549306134,1.78361596908,0.777954425013,2.48509067756,0.600969640978,0.338102808691,0.56884874529,0.430794810029,2,1.32046332046,0.56884874529,2,0,0,0,0,0.357820421633,37,37,37,1,0,0.72972972973,0.189189189189,0.0810810810811,-63,-0.0472972972973,-0.003861003861,-3.40540540541,-6.3,-1.5,-2.05432417511,0.0407580046777,0.0596626037803,-2.95384356766,0.0142388613373,0.012689159748,-0.601740793148,0.0722068427551,0.0853500559383,-0.0110963696449,-0.00712292981926,0,-0.003861003861,-0.0110963696449,0,-0.0121701261701,-0.00597269624573,-7,-0.000900900900901,-0.263376159564,0,-0.0540540540541,0.0540540540541,153,0,63,1116,0.708333333333,1,0,0.291666666667,1,0.708333333333,0.829268292683,0.818830544472,0.708333333333,0.708333333333,2,65,0,0,0,0
2743,WLNM_dir_neg,0.988639053254,0.962258329905,00:00:02,10,70,5,1236970029,threshold_sweep,0.7,1,0.0307692307692,0.0597014925373,2,0,63,130,0.0307692307692,1,0,0.969230769231,1,0.0307692307692,0.0597014925373,0.676923076923,0.663247863248,0.0406091370558,0.14396315015,0.0307692307692,216,151,65,0,216,0,151,0,65,37,216,0.162162162162,1.32432432432,11.6756756757,21.6,6,8.1990990496,0.702237650082,0.31006006006,10.329336629,1.76937710775,0.765265265265,3.0868314707,0.528762798222,0.252752752753,0.579945114934,0.437917739848,2,1.32432432432,0.579945114934,2,0.0121701261701,0.00597269624573,7,0.000900900900901,0.621196581197,37,37,37,1,0,0.72972972973,0.243243243243,0.027027027027,37,0.113363363363,1.32046332046,8.16216216216,15.1,4.57575757576,6.04847783199,0.74103867478,0.369250044747,7.36122868057,1.80374477603,0.78181492751,2.55362899048,0.625723659919,0.352246286021,0.56884874529,0.430794810029,2,1.32046332046,0.56884874529,2,0,0,0,0,0.357026770839,37,37,37,1,0,0.72972972973,0.162162162162,0.108108108108,37,153,0.114864864865,1.32046332046,8.27027027027,15.3,4.5,6.1447748745,0.74299565476,0.36972266384,7.37549306134,1.78361596908,0.777954425013,2.48509067756,0.600969640978,0.338102808691,0.56884874529,0.430794810029,2,1.32046332046,0.56884874529,2,0,0,0,0,0.357820421633,37,37,37,1,0,0.72972972973,0.189189189189,0.0810810810811,-63,-0.0472972972973,-0.003861003861,-3.40540540541,-6.3,-1.5,-2.05432417511,0.0407580046777,0.0596626037803,-2.95384356766,0.0142388613373,0.012689159748,-0.601740793148,0.0722068427551,0.0853500559383,-0.0110963696449,-0.00712292981926,0,-0.003861003861,-0.0110963696449,0,-0.0121701261701,-0.00597269624573,-7,-0.000900900900901,-0.263376159564,0,-0.0540540540541,0.0540540540541,153,0,63,1116,0.708333333333,1,0,0.291666666667,1,0.708333333333,0.829268292683,0.818830544472,0.708333333333,0.708333333333,2,65,0,0,0,0
2744,WLNM_dir_neg,0.988639053254,0.962258329905,00:00:02,10,70,5,1236970029,threshold_sweep,0.8,1,0.0307692307692,0.0597014925373,2,0,63,130,0.0307692307692,1,0,0.969230769231,1,0.0307692307692,0.0597014925373,0.676923076923,0.663247863248,0.0406091370558,0.14396315015,0.0307692307692,216,151,65,0,216,0,151,0,65,37,216,0.162162162162,1.32432432432,11.6756756757,21.6,6,8.1990990496,0.702237650082,0.31006006006,10.329336629,1.76937710775,0.765265265265,3.0868314707,0.528762798222,0.252752752753,0.579945114934,0.437917739848,2,1.32432432432,0.579945114934,2,0.0121701261701,0.00597269624573,7,0.000900900900901,0.621196581197,37,37,37,1,0,0.72972972973,0.243243243243,0.027027027027,37,0.113363363363,1.32046332046,8.16216216216,15.1,4.57575757576,6.04847783199,0.74103867478,0.369250044747,7.36122868057,1.80374477603,0.78181492751,2.55362899048,0.625723659919,0.352246286021,0.56884874529,0.430794810029,2,1.32046332046,0.56884874529,2,0,0,0,0,0.357026770839,37,37,37,1,0,0.72972972973,0.162162162162,0.108108108108,37,153,0.114864864865,1.32046332046,8.27027027027,15.3,4.5,6.1447748745,0.74299565476,0.36972266384,7.37549306134,1.78361596908,0.777954425013,2.48509067756,0.600969640978,0.338102808691,0.56884874529,0.430794810029,2,1.32046332046,0.56884874529,2,0,0,0,0,0.357820421633,37,37,37,1,0,0.72972972973,0.189189189189,0.0810810810811,-63,-0.0472972972973,-0.003861003861,-3.40540540541,-6.3,-1.5,-2.05432417511,0.0407580046777,0.0596626037803,-2.95384356766,0.0142388613373,0.012689159748,-0.601740793148,0.0722068427551,0.0853500559383,-0.0110963696449,-0.00712292981926,0,-0.003861003861,-0.0110963696449,0,-0.0121701261701,-0.00597269624573,-7,-0.000900900900901,-0.263376159564,0,-0.0540540540541,0.0540540540541,153,0,63,1116,0.708333333333,1,0,0.291666666667,1,0.708333333333,0.829268292683,0.818830544472,0.708333333333,0.708333333333,2,65,0,0,0,0
2745,WLNM_dir_neg,0.988639053254,0.962258329905,00:00:02,10,70,5,1236970029,threshold_sweep,0.9,1,0.0307692307692,0.0597014925373,2,0,63,130,0.0307692307692,1,0,0.969230769231,1,0.0307692307692,0.0597014925373,0.676923076923,0.663247863248,0.0406091370558,0.14396315015,0.0307692307692,216,151,65,0,216,0,151,0,65,37,216,0.162162162162,1.32432432432,11.6756756757,21.6,6,8.1990990496,0.702237650082,0.31006006006,10.329336629,1.76937710775,0.765265265265,3.0868314707,0.528762798222,0.252752752753,0.579945114934,0.437917739848,2,1.32432432432,0.579945114934,2,0.0121701261701,0.00597269624573,7,0.000900900900901,0.621196581197,37,37,37,1,0,0.72972972973,0.243243243243,0.027027027027,37,0.113363363363,1.32046332046,8.16216216216,15.1,4.57575757576,6.04847783199,0.74103867478,0.369250044747,7.36122868057,1.80374477603,0.78181492751,2.55362899048,0.625723659919,0.352246286021,0.56884874529,0.430794810029,2,1.32046332046,0.56884874529,2,0,0,0,0,0.357026770839,37,37,37,1,0,0.72972972973,0.162162162162,0.108108108108,37,153,0.114864864865,1.32046332046,8.27027027027,15.3,4.5,6.1447748745,0.74299565476,0.36972266384,7.37549306134,1.78361596908,0.777954425013,2.48509067756,0.600969640978,0.338102808691,0.56884874529,0.430794810029,2,1.32046332046,0.56884874529,2,0,0,0,0,0.357820421633,37,37,37,1,0,0.72972972973,0.189189189189,0.0810810810811,-63,-0.0472972972973,-0.003861003861,-3.40540540541,-6.3,-1.5,-2.05432417511,0.0407580046777,0.0596626037803,-2.95384356766,0.0142388613373,0.012689159748,-0.601740793148,0.0722068427551,0.0853500559383,-0.0110963696449,-0.00712292981926,0,-0.003861003861,-0.0110963696449,0,-0.0121701261701,-0.00597269624573,-7,-0.000900900900901,-0.263376159564,0,-0.0540540540541,0.0540540540541,153,0,63,1116,0.708333333333,1,0,0.291666666667,1,0.708333333333,0.829268292683,0.818830544472,0.708333333333,0.708333333333,2,65,0,0,0,0
2746,WLNM_dir_neg,0.98899408284,0.891874282434,00:00:02,10,70,6,1236970030,threshold_sweep,0.1,0.8,0.0615384615385,0.114285714286,4,1,61,129,0.0615384615385,0.992307692308,0.00769230769231,0.938461538462,0.8,0.0615384615385,0.114285714286,0.682051282051,0.65811965812,0.07,0.160591013709,0.0538461538462,216,151,65,0,216,0,151,0,65,37,216,0.162162162162,1.32432432432,11.6756756757,21.6,6,8.1990990496,0.702237650082,0.31006006006,10.329336629,1.76937710775,0.765265265265,3.0868314707,0.528762798222,0.252752752753,0.579945114934,0.437917739848,2,1.32432432432,0.579945114934,2,0.0121701261701,0.00597269624573,7,0.000900900900901,0.621196581197,37,37,37,1,0,0.72972972973,0.243243243243,0.027027027027,37,0.113363363363,1.32882882883,8.16216216216,15.1,4.44117647059,5.89026274416,0.721654707066,0.351709325219,7.31960221437,1.79354491345,0.772507606945,2.49864828322,0.612251566087,0.336495435833,0.593803505044,0.446862298711,2.16666666667,1.34761904762,0.605491520441,2.16666666667,0.00489795918367,0.00175849941383,1,0.0001287001287,0.336952938634,37,35,35,0.945945945946,0,0.675675675676,0.243243243243,0.027027027027,37,156,0.117117117117,1.33039161611,8.43243243243,15.6,4.33333333333,5.99787249568,0.711286161347,0.351871101871,7.37915658812,1.75018457539,0.764726264726,2.32301450628,0.55097138931,0.30492030492,0.598636321842,0.449970004768,2.20408163265,1.339569161,0.604482429048,2.20408163265,0.0145721446473,0.00669642857143,4,0.000514800514801,0.342564610912,37,36,36,0.972972972973,0,0.702702702703,0.27027027027,0,-60,-0.045045045045,0.00606729178158,-3.24324324324,-6,-1.66666666667,-2.20122655392,0.00904851126519,0.041811041811,-2.95018004088,-0.0191925323586,-0.000539000539001,-0.763816964422,0.022208591088,0.0521675521676,0.018691206908,0.0120522649195,0.204081632653,0.0152448366734,0.0245373141133,0.204081632653,0.00240201847721,0.000723732325695,-3,-0.0003861003861,-0.278631970284,-0.027027027027,0.027027027027,-0.027027027027,155,1,61,1115,0.717592592593,0.999103942652,0.00089605734767,0.282407407407,0.99358974359,0.717592592593,0.833333333333,0.821539251101,0.716696535245,0.714285714286,5,65,0,0,0,0
2747,WLNM_dir_neg,0.98899408284,0.891874282434,00:00:02,10,70,6,1236970030,threshold_sweep,0.2,0.8,0.0615384615385,0.114285714286,4,1,61,129,0.0615384615385,0.992307692308,0.00769230769231,0.938461538462,0.8,0.0615384615385,0.114285714286,0.682051282051,0.65811965812,0.07,0.160591013709,0.0538461538462,216,151,65,0,216,0,151,0,65,37,216,0.162162162162,1.32432432432,11.6756756757,21.6,6,8.1990990496,0.702237650082,0.31006006006,10.329336629,1.76937710775,0.765265265265,3.0868314707,0.528762798222,0.252752752753,0.579945114934,0.437917739848,2,1.32432432432,0.579945114934,2,0.0121701261701,0.00597269624573,7,0.000900900900901,0.621196581197,37,37,37,1,0,0.72972972973,0.243243243243,0.027027027027,37,0.113363363363,1.32882882883,8.16216216216,15.1,4.44117647059,5.89026274416,0.721654707066,0.351709325219,7.31960221437,1.79354491345,0.772507606945,2.49864828322,0.612251566087,0.336495435833,0.593803505044,0.446862298711,2.16666666667,1.34761904762,0.605491520441,2.16666666667,0.00489795918367,0.00175849941383,1,0.0001287001287,0.336952938634,37,35,35,0.945945945946,0,0.675675675676,0.243243243243,0.027027027027,37,156,0.117117117117,1.33039161611,8.43243243243,15.6,4.33333333333,5.99787249568,0.711286161347,0.351871101871,7.37915658812,1.75018457539,0.764726264726,2.32301450628,0.55097138931,0.30492030492,0.598636321842,0.449970004768,2.20408163265,1.339569161,0.604482429048,2.20408163265,0.0145721446473,0.00669642857143,4,0.000514800514801,0.342564610912,37,36,36,0.972972972973,0,0.702702702703,0.27027027027,0,-60,-0.045045045045,0.00606729178158,-3.24324324324,-6,-1.66666666667,-2.20122655392,0.00904851126519,0.041811041811,-2.95018004088,-0.0191925323586,-0.000539000539001,-0.763816964422,0.022208591088,0.0521675521676,0.018691206908,0.0120522649195,0.204081632653,0.0152448366734,0.0245373141133,0.204081632653,0.00240201847721,0.000723732325695,-3,-0.0003861003861,-0.278631970284,-0.027027027027,0.027027027027,-0.027027027027,155,1,61,1115,0.717592592593,0.999103942652,0.00089605734767,0.282407407407,0.99358974359,0.717592592593,0.833333333333,0.821539251101,0.716696535245,0.714285714286,5,65,0,0,0,0
2748,WLNM_dir_neg,0.98899408284,0.891874282434,00:00:02,10,70,6,1236970030,threshold_sweep,0.3,0.8,0.0615384615385,0.114285714286,4,1,61,129,0.0615384615385,0.992307692308,0.00769230769231,0.938461538462,0.8,0.0615384615385,0.114285714286,0.682051282051,0.65811965812,0.07,0.160591013709,0.0538461538462,216,151,65,0,216,0,151,0,65,37,216,0.162162162162,1.32432432432,11.6756756757,21.6,6,8.1990990496,0.702237650082,0.31006006006,10.329336629,1.76937710775,0.765265265265,3.0868314707,0.528762798222,0.252752752753,0.579945114934,0.437917739848,2,1.32432432432,0.579945114934,2,0.0121701261701,0.00597269624573,7,0.000900900900901,0.621196581197,37,37,37,1,0,0.72972972973,0.243243243243,0.027027027027,37,0.113363363363,1.32882882883,8.16216216216,15.1,4.44117647059,5.89026274416,0.721654707066,0.351709325219,7.31960221437,1.79354491345,0.772507606945,2.49864828322,0.612251566087,0.336495435833,0.593803505044,0.446862298711,2.16666666667,1.34761904762,0.605491520441,2.16666666667,0.00489795918367,0.00175849941383,1,0.0001287001287,0.336952938634,37,35,35,0.945945945946,0,0.675675675676,0.243243243243,0.027027027027,37,156,0.117117117117,1.33039161611,8.43243243243,15.6,4.33333333333,5.99787249568,0.711286161347,0.351871101871,7.37915658812,1.75018457539,0.764726264726,2.32301450628,0.55097138931,0.30492030492,0.598636321842,0.449970004768,2.20408163265,1.339569161,0.604482429048,2.20408163265,0.0145721446473,0.00669642857143,4,0.000514800514801,0.342564610912,37,36,36,0.972972972973,0,0.702702702703,0.27027027027,0,-60,-0.045045045045,0.00606729178158,-3.24324324324,-6,-1.66666666667,-2.20122655392,0.00904851126519,0.041811041811,-2.95018004088,-0.0191925323586,-0.000539000539001,-0.763816964422,0.022208591088,0.0521675521676,0.018691206908,0.0120522649195,0.204081632653,0.0152448366734,0.0245373141133,0.204081632653,0.00240201847721,0.000723732325695,-3,-0.0003861003861,-0.278631970284,-0.027027027027,0.027027027027,-0.027027027027,155,1,61,1115,0.717592592593,0.999103942652,0.00089605734767,0.282407407407,0.99358974359,0.717592592593,0.833333333333,0.821539251101,0.716696535245,0.714285714286,5,65,0,0,0,0
2749,WLNM_dir_neg,0.98899408284,0.891874282434,00:00:02,10,70,6,1236970030,threshold_sweep,0.4,0.8,0.0615384615385,0.114285714286,4,1,61,129,0.0615384615385,0.992307692308,0.00769230769231,0.938461538462,0.8,0.0615384615385,0.114285714286,0.682051282051,0.65811965812,0.07,0.160591013709,0.0538461538462,216,151,65,0,216,0,151,0,65,37,216,0.162162162162,1.32432432432,11.6756756757,21.6,6,8.1990990496,0.702237650082,0.31006006006,10.329336629,1.76937710775,0.765265265265,3.0868314707,0.528762798222,0.252752752753,0.579945114934,0.437917739848,2,1.32432432432,0.579945114934,2,0.0121701261701,0.00597269624573,7,0.000900900900901,0.621196581197,37,37,37,1,0,0.72972972973,0.243243243243,0.027027027027,37,0.113363363363,1.32882882883,8.16216216216,15.1,4.44117647059,5.89026274416,0.721654707066,0.351709325219,7.31960221437,1.79354491345,0.772507606945,2.49864828322,0.612251566087,0.336495435833,0.593803505044,0.446862298711,2.16666666667,1.34761904762,0.605491520441,2.16666666667,0.00489795918367,0.00175849941383,1,0.0001287001287,0.336952938634,37,35,35,0.945945945946,0,0.675675675676,0.243243243243,0.027027027027,37,156,0.117117117117,1.33039161611,8.43243243243,15.6,4.33333333333,5.99787249568,0.711286161347,0.351871101871,7.37915658812,1.75018457539,0.764726264726,2.32301450628,0.55097138931,0.30492030492,0.598636321842,0.449970004768,2.20408163265,1.339569161,0.604482429048,2.20408163265,0.0145721446473,0.00669642857143,4,0.000514800514801,0.342564610912,37,36,36,0.972972972973,0,0.702702702703,0.27027027027,0,-60,-0.045045045045,0.00606729178158,-3.24324324324,-6,-1.66666666667,-2.20122655392,0.00904851126519,0.041811041811,-2.95018004088,-0.0191925323586,-0.000539000539001,-0.763816964422,0.022208591088,0.0521675521676,0.018691206908,0.0120522649195,0.204081632653,0.0152448366734,0.0245373141133,0.204081632653,0.00240201847721,0.000723732325695,-3,-0.0003861003861,-0.278631970284,-0.027027027027,0.027027027027,-0.027027027027,155,1,61,1115,0.717592592593,0.999103942652,0.00089605734767,0.282407407407,0.99358974359,0.717592592593,0.833333333333,0.821539251101,0.716696535245,0.714285714286,5,65,0,0,0,0
2750,WLNM_dir_neg,0.98899408284,0.891874282434,00:00:02,10,70,6,1236970030,threshold_sweep,0.5,0.8,0.0615384615385,0.114285714286,4,1,61,129,0.0615384615385,0.992307692308,0.00769230769231,0.938461538462,0.8,0.0615384615385,0.114285714286,0.682051282051,0.65811965812,0.07,0.160591013709,0.0538461538462,216,151,65,0,216,0,151,0,65,37,216,0.162162162162,1.32432432432,11.6756756757,21.6,6,8.1990990496,0.702237650082,0.31006006006,10.329336629,1.76937710775,0.765265265265,3.0868314707,0.528762798222,0.252752752753,0.579945114934,0.437917739848,2,1.32432432432,0.579945114934,2,0.0121701261701,0.00597269624573,7,0.000900900900901,0.621196581197,37,37,37,1,0,0.72972972973,0.243243243243,0.027027027027,37,0.113363363363,1.32882882883,8.16216216216,15.1,4.44117647059,5.89026274416,0.721654707066,0.351709325219,7.31960221437,1.79354491345,0.772507606945,2.49864828322,0.612251566087,0.336495435833,0.593803505044,0.446862298711,2.16666666667,1.34761904762,0.605491520441,2.16666666667,0.00489795918367,0.00175849941383,1,0.0001287001287,0.336952938634,37,35,35,0.945945945946,0,0.675675675676,0.243243243243,0.027027027027,37,156,0.117117117117,1.33039161611,8.43243243243,15.6,4.33333333333,5.99787249568,0.711286161347,0.351871101871,7.37915658812,1.75018457539,0.764726264726,2.32301450628,0.55097138931,0.30492030492,0.598636321842,0.449970004768,2.20408163265,1.339569161,0.604482429048,2.20408163265,0.0145721446473,0.00669642857143,4,0.000514800514801,0.342564610912,37,36,36,0.972972972973,0,0.702702702703,0.27027027027,0,-60,-0.045045045045,0.00606729178158,-3.24324324324,-6,-1.66666666667,-2.20122655392,0.00904851126519,0.041811041811,-2.95018004088,-0.0191925323586,-0.000539000539001,-0.763816964422,0.022208591088,0.0521675521676,0.018691206908,0.0120522649195,0.204081632653,0.0152448366734,0.0245373141133,0.204081632653,0.00240201847721,0.000723732325695,-3,-0.0003861003861,-0.278631970284,-0.027027027027,0.027027027027,-0.027027027027,155,1,61,1115,0.717592592593,0.999103942652,0.00089605734767,0.282407407407,0.99358974359,0.717592592593,0.833333333333,0.821539251101,0.716696535245,0.714285714286,5,65,0,0,0,0
2751,WLNM_dir_neg,0.98899408284,0.891874282434,00:00:02,10,70,6,1236970030,threshold_sweep,0.6,0.8,0.0615384615385,0.114285714286,4,1,61,129,0.0615384615385,0.992307692308,0.00769230769231,0.938461538462,0.8,0.0615384615385,0.114285714286,0.682051282051,0.65811965812,0.07,0.160591013709,0.0538461538462,216,151,65,0,216,0,151,0,65,37,216,0.162162162162,1.32432432432,11.6756756757,21.6,6,8.1990990496,0.702237650082,0.31006006006,10.329336629,1.76937710775,0.765265265265,3.0868314707,0.528762798222,0.252752752753,0.579945114934,0.437917739848,2,1.32432432432,0.579945114934,2,0.0121701261701,0.00597269624573,7,0.000900900900901,0.621196581197,37,37,37,1,0,0.72972972973,0.243243243243,0.027027027027,37,0.113363363363,1.32882882883,8.16216216216,15.1,4.44117647059,5.89026274416,0.721654707066,0.351709325219,7.31960221437,1.79354491345,0.772507606945,2.49864828322,0.612251566087,0.336495435833,0.593803505044,0.446862298711,2.16666666667,1.34761904762,0.605491520441,2.16666666667,0.00489795918367,0.00175849941383,1,0.0001287001287,0.336952938634,37,35,35,0.945945945946,0,0.675675675676,0.243243243243,0.027027027027,37,156,0.117117117117,1.33039161611,8.43243243243,15.6,4.33333333333,5.99787249568,0.711286161347,0.351871101871,7.37915658812,1.75018457539,0.764726264726,2.32301450628,0.55097138931,0.30492030492,0.598636321842,0.449970004768,2.20408163265,1.339569161,0.604482429048,2.20408163265,0.0145721446473,0.00669642857143,4,0.000514800514801,0.342564610912,37,36,36,0.972972972973,0,0.702702702703,0.27027027027,0,-60,-0.045045045045,0.00606729178158,-3.24324324324,-6,-1.66666666667,-2.20122655392,0.00904851126519,0.041811041811,-2.95018004088,-0.0191925323586,-0.000539000539001,-0.763816964422,0.022208591088,0.0521675521676,0.018691206908,0.0120522649195,0.204081632653,0.0152448366734,0.0245373141133,0.204081632653,0.00240201847721,0.000723732325695,-3,-0.0003861003861,-0.278631970284,-0.027027027027,0.027027027027,-0.027027027027,155,1,61,1115,0.717592592593,0.999103942652,0.00089605734767,0.282407407407,0.99358974359,0.717592592593,0.833333333333,0.821539251101,0.716696535245,0.714285714286,5,65,0,0,0,0
2752,WLNM_dir_neg,0.98899408284,0.891874282434,00:00:02,10,70,6,1236970030,threshold_sweep,0.7,0.8,0.0615384615385,0.114285714286,4,1,61,129,0.0615384615385,0.992307692308,0.00769230769231,0.938461538462,0.8,0.0615384615385,0.114285714286,0.682051282051,0.65811965812,0.07,0.160591013709,0.0538461538462,216,151,65,0,216,0,151,0,65,37,216,0.162162162162,1.32432432432,11.6756756757,21.6,6,8.1990990496,0.702237650082,0.31006006006,10.329336629,1.76937710775,0.765265265265,3.0868314707,0.528762798222,0.252752752753,0.579945114934,0.437917739848,2,1.32432432432,0.579945114934,2,0.0121701261701,0.00597269624573,7,0.000900900900901,0.621196581197,37,37,37,1,0,0.72972972973,0.243243243243,0.027027027027,37,0.113363363363,1.32882882883,8.16216216216,15.1,4.44117647059,5.89026274416,0.721654707066,0.351709325219,7.31960221437,1.79354491345,0.772507606945,2.49864828322,0.612251566087,0.336495435833,0.593803505044,0.446862298711,2.16666666667,1.34761904762,0.605491520441,2.16666666667,0.00489795918367,0.00175849941383,1,0.0001287001287,0.336952938634,37,35,35,0.945945945946,0,0.675675675676,0.243243243243,0.027027027027,37,156,0.117117117117,1.33039161611,8.43243243243,15.6,4.33333333333,5.99787249568,0.711286161347,0.351871101871,7.37915658812,1.75018457539,0.764726264726,2.32301450628,0.55097138931,0.30492030492,0.598636321842,0.449970004768,2.20408163265,1.339569161,0.604482429048,2.20408163265,0.0145721446473,0.00669642857143,4,0.000514800514801,0.342564610912,37,36,36,0.972972972973,0,0.702702702703,0.27027027027,0,-60,-0.045045045045,0.00606729178158,-3.24324324324,-6,-1.66666666667,-2.20122655392,0.00904851126519,0.041811041811,-2.95018004088,-0.0191925323586,-0.000539000539001,-0.763816964422,0.022208591088,0.0521675521676,0.018691206908,0.0120522649195,0.204081632653,0.0152448366734,0.0245373141133,0.204081632653,0.00240201847721,0.000723732325695,-3,-0.0003861003861,-0.278631970284,-0.027027027027,0.027027027027,-0.027027027027,155,1,61,1115,0.717592592593,0.999103942652,0.00089605734767,0.282407407407,0.99358974359,0.717592592593,0.833333333333,0.821539251101,0.716696535245,0.714285714286,5,65,0,0,0,0
2753,WLNM_dir_neg,0.98899408284,0.891874282434,00:00:02,10,70,6,1236970030,threshold_sweep,0.8,0.8,0.0615384615385,0.114285714286,4,1,61,129,0.0615384615385,0.992307692308,0.00769230769231,0.938461538462,0.8,0.0615384615385,0.114285714286,0.682051282051,0.65811965812,0.07,0.160591013709,0.0538461538462,216,151,65,0,216,0,151,0,65,37,216,0.162162162162,1.32432432432,11.6756756757,21.6,6,8.1990990496,0.702237650082,0.31006006006,10.329336629,1.76937710775,0.765265265265,3.0868314707,0.528762798222,0.252752752753,0.579945114934,0.437917739848,2,1.32432432432,0.579945114934,2,0.0121701261701,0.00597269624573,7,0.000900900900901,0.621196581197,37,37,37,1,0,0.72972972973,0.243243243243,0.027027027027,37,0.113363363363,1.32882882883,8.16216216216,15.1,4.44117647059,5.89026274416,0.721654707066,0.351709325219,7.31960221437,1.79354491345,0.772507606945,2.49864828322,0.612251566087,0.336495435833,0.593803505044,0.446862298711,2.16666666667,1.34761904762,0.605491520441,2.16666666667,0.00489795918367,0.00175849941383,1,0.0001287001287,0.336952938634,37,35,35,0.945945945946,0,0.675675675676,0.243243243243,0.027027027027,37,156,0.117117117117,1.33039161611,8.43243243243,15.6,4.33333333333,5.99787249568,0.711286161347,0.351871101871,7.37915658812,1.75018457539,0.764726264726,2.32301450628,0.55097138931,0.30492030492,0.598636321842,0.449970004768,2.20408163265,1.339569161,0.604482429048,2.20408163265,0.0145721446473,0.00669642857143,4,0.000514800514801,0.342564610912,37,36,36,0.972972972973,0,0.702702702703,0.27027027027,0,-60,-0.045045045045,0.00606729178158,-3.24324324324,-6,-1.66666666667,-2.20122655392,0.00904851126519,0.041811041811,-2.95018004088,-0.0191925323586,-0.000539000539001,-0.763816964422,0.022208591088,0.0521675521676,0.018691206908,0.0120522649195,0.204081632653,0.0152448366734,0.0245373141133,0.204081632653,0.00240201847721,0.000723732325695,-3,-0.0003861003861,-0.278631970284,-0.027027027027,0.027027027027,-0.027027027027,155,1,61,1115,0.717592592593,0.999103942652,0.00089605734767,0.282407407407,0.99358974359,0.717592592593,0.833333333333,0.821539251101,0.716696535245,0.714285714286,5,65,0,0,0,0
2754,WLNM_dir_neg,0.98899408284,0.891874282434,00:00:02,10,70,6,1236970030,threshold_sweep,0.9,0.8,0.0615384615385,0.114285714286,4,1,61,129,0.0615384615385,0.992307692308,0.00769230769231,0.938461538462,0.8,0.0615384615385,0.114285714286,0.682051282051,0.65811965812,0.07,0.160591013709,0.0538461538462,216,151,65,0,216,0,151,0,65,37,216,0.162162162162,1.32432432432,11.6756756757,21.6,6,8.1990990496,0.702237650082,0.31006006006,10.329336629,1.76937710775,0.765265265265,3.0868314707,0.528762798222,0.252752752753,0.579945114934,0.437917739848,2,1.32432432432,0.579945114934,2,0.0121701261701,0.00597269624573,7,0.000900900900901,0.621196581197,37,37,37,1,0,0.72972972973,0.243243243243,0.027027027027,37,0.113363363363,1.32882882883,8.16216216216,15.1,4.44117647059,5.89026274416,0.721654707066,0.351709325219,7.31960221437,1.79354491345,0.772507606945,2.49864828322,0.612251566087,0.336495435833,0.593803505044,0.446862298711,2.16666666667,1.34761904762,0.605491520441,2.16666666667,0.00489795918367,0.00175849941383,1,0.0001287001287,0.336952938634,37,35,35,0.945945945946,0,0.675675675676,0.243243243243,0.027027027027,37,156,0.117117117117,1.33039161611,8.43243243243,15.6,4.33333333333,5.99787249568,0.711286161347,0.351871101871,7.37915658812,1.75018457539,0.764726264726,2.32301450628,0.55097138931,0.30492030492,0.598636321842,0.449970004768,2.20408163265,1.339569161,0.604482429048,2.20408163265,0.0145721446473,0.00669642857143,4,0.000514800514801,0.342564610912,37,36,36,0.972972972973,0,0.702702702703,0.27027027027,0,-60,-0.045045045045,0.00606729178158,-3.24324324324,-6,-1.66666666667,-2.20122655392,0.00904851126519,0.041811041811,-2.95018004088,-0.0191925323586,-0.000539000539001,-0.763816964422,0.022208591088,0.0521675521676,0.018691206908,0.0120522649195,0.204081632653,0.0152448366734,0.0245373141133,0.204081632653,0.00240201847721,0.000723732325695,-3,-0.0003861003861,-0.278631970284,-0.027027027027,0.027027027027,-0.027027027027,155,1,61,1115,0.717592592593,0.999103942652,0.00089605734767,0.282407407407,0.99358974359,0.717592592593,0.833333333333,0.821539251101,0.716696535245,0.714285714286,5,65,0,0,0,0
2755,WLNM_dir_neg,0.979408284024,0.813452248235,00:00:02,10,70,7,1236970031,threshold_sweep,0.1,1,0.107692307692,0.194444444444,7,0,58,130,0.107692307692,1,0,0.892307692308,1,0.107692307692,0.194444444444,0.702564102564,0.654700854701,0.138613861386,0.272888411455,0.107692307692,216,151,65,0,216,0,151,0,65,37,216,0.162162162162,1.32432432432,11.6756756757,21.6,6,8.1990990496,0.702237650082,0.31006006006,10.329336629,1.76937710775,0.765265265265,3.0868314707,0.528762798222,0.252752752753,0.579945114934,0.437917739848,2,1.32432432432,0.579945114934,2,0.0121701261701,0.00597269624573,7,0.000900900900901,0.621196581197,37,37,37,1,0,0.72972972973,0.243243243243,0.027027027027,37,0.113363363363,1.33108108108,8.16216216216,15.1,4.44117647059,6.06223974705,0.742724737222,0.361195632719,7.49584469474,1.83673015699,0.788616431001,2.47631422322,0.606778981849,0.336853409701,0.601081357887,0.451573812016,2.25,1.34027777778,0.606961924488,2.25,0.0126053579326,0.00344234079174,2,0.0002574002574,0.332031720671,37,36,36,0.972972972973,0,0.702702702703,0.216216216216,0.0540540540541,37,158,0.118618618619,1.32432432432,8.54054054054,15.8,4.38888888889,6.28311049381,0.735680659086,0.361443722203,7.5669186766,1.77199994325,0.776599384194,2.23169901207,0.522613059789,0.291823469039,0.579945114934,0.437917739848,2,1.32432432432,0.579945114934,2,0.0129109194899,0.0110410094637,7,0.000900900900901,0.342031720671,37,37,37,1,0,0.72972972973,0.243243243243,0.027027027027,-58,-0.0435435435435,0,-3.13513513514,-5.8,-1.61111111111,-1.91598855579,0.033443009004,0.0513836621432,-2.7624179524,0.00262283550881,0.0113341189291,-0.855132458633,-0.00614973843357,0.0390707162859,0,0,0,0,0,0,0.000740793319741,0.00506831321799,0,0,-0.279164860525,0,0,0,158,0,58,1116,0.731481481481,1,0,0.268518518519,1,0.731481481481,0.844919786096,0.833872625044,0.731481481481,0.731481481481,7,65,0,0,0,0
2756,WLNM_dir_neg,0.979408284024,0.813452248235,00:00:02,10,70,7,1236970031,threshold_sweep,0.2,1,0.0769230769231,0.142857142857,5,0,60,130,0.0769230769231,1,0,0.923076923077,1,0.0769230769231,0.142857142857,0.692307692308,0.65811965812,0.1,0.229415733871,0.0769230769231,216,151,65,0,216,0,151,0,65,37,216,0.162162162162,1.32432432432,11.6756756757,21.6,6,8.1990990496,0.702237650082,0.31006006006,10.329336629,1.76937710775,0.765265265265,3.0868314707,0.528762798222,0.252752752753,0.579945114934,0.437917739848,2,1.32432432432,0.579945114934,2,0.0121701261701,0.00597269624573,7,0.000900900900901,0.621196581197,37,37,37,1,0,0.72972972973,0.243243243243,0.027027027027,37,0.113363363363,1.33108108108,8.16216216216,15.1,4.44117647059,6.06223974705,0.742724737222,0.361195632719,7.49584469474,1.83673015699,0.788616431001,2.47631422322,0.606778981849,0.336853409701,0.601081357887,0.451573812016,2.25,1.34027777778,0.606961924488,2.25,0.0126053579326,0.00344234079174,2,0.0002574002574,0.332031720671,37,36,36,0.972972972973,0,0.702702702703,0.216216216216,0.0540540540541,37,156,0.117117117117,1.3277027027,8.43243243243,15.6,4.58823529412,6.24295398625,0.740350312472,0.362612612613,7.53191408141,1.78641551931,0.779625779626,2.32301450628,0.55097138931,0.306999306999,0.590250176002,0.444565018057,2.125,1.33680555556,0.595983164645,2.125,0.0156093321883,0.0112842557765,7,0.000900900900901,0.34592060956,37,36,36,0.972972972973,0,0.702702702703,0.216216216216,0.0540540540541,-60,-0.045045045045,0.00337837837838,-3.24324324324,-6,-1.41176470588,-1.95614506335,0.0381126623905,0.0525525525526,-2.79742254759,0.0170384115633,0.0143605143605,-0.763816964422,0.022208591088,0.0542465542466,0.0103050610674,0.00664727820894,0.125,0.0124812312312,0.0160380497101,0.125,0.00343920601815,0.00531155953073,0,0,-0.275275971637,-0.027027027027,-0.027027027027,0.027027027027,156,0,60,1116,0.722222222222,1,0,0.277777777778,1,0.722222222222,0.838709677419,0.827873269082,0.722222222222,0.722222222222,5,65,0,0,0,0
2757,WLNM_dir_neg,0.979408284024,0.813452248235,00:00:02,10,70,7,1236970031,threshold_sweep,0.3,1,0.0769230769231,0.142857142857,5,0,60,130,0.0769230769231,1,0,0.923076923077,1,0.0769230769231,0.142857142857,0.692307692308,0.65811965812,0.1,0.229415733871,0.0769230769231,216,151,65,0,216,0,151,0,65,37,216,0.162162162162,1.32432432432,11.6756756757,21.6,6,8.1990990496,0.702237650082,0.31006006006,10.329336629,1.76937710775,0.765265265265,3.0868314707,0.528762798222,0.252752752753,0.579945114934,0.437917739848,2,1.32432432432,0.579945114934,2,0.0121701261701,0.00597269624573,7,0.000900900900901,0.621196581197,37,37,37,1,0,0.72972972973,0.243243243243,0.027027027027,37,0.113363363363,1.33108108108,8.16216216216,15.1,4.44117647059,6.06223974705,0.742724737222,0.361195632719,7.49584469474,1.83673015699,0.788616431001,2.47631422322,0.606778981849,0.336853409701,0.601081357887,0.451573812016,2.25,1.34027777778,0.606961924488,2.25,0.0126053579326,0.00344234079174,2,0.0002574002574,0.332031720671,37,36,36,0.972972972973,0,0.702702702703,0.216216216216,0.0540540540541,37,156,0.117117117117,1.3277027027,8.43243243243,15.6,4.58823529412,6.24295398625,0.740350312472,0.362612612613,7.53191408141,1.78641551931,0.779625779626,2.32301450628,0.55097138931,0.306999306999,0.590250176002,0.444565018057,2.125,1.33680555556,0.595983164645,2.125,0.0156093321883,0.0112842557765,7,0.000900900900901,0.34592060956,37,36,36,0.972972972973,0,0.702702702703,0.216216216216,0.0540540540541,-60,-0.045045045045,0.00337837837838,-3.24324324324,-6,-1.41176470588,-1.95614506335,0.0381126623905,0.0525525525526,-2.79742254759,0.0170384115633,0.0143605143605,-0.763816964422,0.022208591088,0.0542465542466,0.0103050610674,0.00664727820894,0.125,0.0124812312312,0.0160380497101,0.125,0.00343920601815,0.00531155953073,0,0,-0.275275971637,-0.027027027027,-0.027027027027,0.027027027027,156,0,60,1116,0.722222222222,1,0,0.277777777778,1,0.722222222222,0.838709677419,0.827873269082,0.722222222222,0.722222222222,5,65,0,0,0,0
2758,WLNM_dir_neg,0.979408284024,0.813452248235,00:00:02,10,70,7,1236970031,threshold_sweep,0.4,1,0.0615384615385,0.115942028986,4,0,61,130,0.0615384615385,1,0,0.938461538462,1,0.0615384615385,0.115942028986,0.687179487179,0.659829059829,0.0804020100503,0.204657804039,0.0615384615385,216,151,65,0,216,0,151,0,65,37,216,0.162162162162,1.32432432432,11.6756756757,21.6,6,8.1990990496,0.702237650082,0.31006006006,10.329336629,1.76937710775,0.765265265265,3.0868314707,0.528762798222,0.252752752753,0.579945114934,0.437917739848,2,1.32432432432,0.579945114934,2,0.0121701261701,0.00597269624573,7,0.000900900900901,0.621196581197,37,37,37,1,0,0.72972972973,0.243243243243,0.027027027027,37,0.113363363363,1.33108108108,8.16216216216,15.1,4.44117647059,6.06223974705,0.742724737222,0.361195632719,7.49584469474,1.83673015699,0.788616431001,2.47631422322,0.606778981849,0.336853409701,0.601081357887,0.451573812016,2.25,1.34027777778,0.606961924488,2.25,0.0126053579326,0.00344234079174,2,0.0002574002574,0.332031720671,37,36,36,0.972972972973,0,0.702702702703,0.216216216216,0.0540540540541,37,155,0.116366366366,1.3277027027,8.37837837838,15.5,4.55882352941,6.18848101696,0.738625153637,0.360767218832,7.5234368544,1.7959171846,0.781517000872,2.35511072915,0.562187722442,0.313513513514,0.590250176002,0.444565018057,2.125,1.33680555556,0.595983164645,2.125,0.0154856463503,0.00981996726678,6,0.000772200772201,0.343142831782,37,36,36,0.972972972973,0,0.702702702703,0.216216216216,0.0540540540541,-61,-0.0457957957958,0.00337837837838,-3.2972972973,-6.1,-1.44117647059,-2.01061803264,0.0363875035555,0.0507071587717,-2.8058997746,0.0265400768527,0.0162517356066,-0.731720741556,0.0334249242193,0.0607607607608,0.0103050610674,0.00664727820894,0.125,0.0124812312312,0.0160380497101,0.125,0.00331552018018,0.00384727102104,-1,-0.0001287001287,-0.278053749414,-0.027027027027,-0.027027027027,0.027027027027,155,0,61,1116,0.717592592593,1,0,0.282407407407,1,0.717592592593,0.835579514825,0.82486492977,0.717592592593,0.717592592593,4,65,0,0,0,0
2759,WLNM_dir_neg,0.979408284024,0.813452248235,00:00:02,10,70,7,1236970031,threshold_sweep,0.5,1,0.0615384615385,0.115942028986,4,0,61,130,0.0615384615385,1,0,0.938461538462,1,0.0615384615385,0.115942028986,0.687179487179,0.659829059829,0.0804020100503,0.204657804039,0.0615384615385,216,151,65,0,216,0,151,0,65,37,216,0.162162162162,1.32432432432,11.6756756757,21.6,6,8.1990990496,0.702237650082,0.31006006006,10.329336629,1.76937710775,0.765265265265,3.0868314707,0.528762798222,0.252752752753,0.579945114934,0.437917739848,2,1.32432432432,0.579945114934,2,0.0121701261701,0.00597269624573,7,0.000900900900901,0.621196581197,37,37,37,1,0,0.72972972973,0.243243243243,0.027027027027,37,0.113363363363,1.33108108108,8.16216216216,15.1,4.44117647059,6.06223974705,0.742724737222,0.361195632719,7.49584469474,1.83673015699,0.788616431001,2.47631422322,0.606778981849,0.336853409701,0.601081357887,0.451573812016,2.25,1.34027777778,0.606961924488,2.25,0.0126053579326,0.00344234079174,2,0.0002574002574,0.332031720671,37,36,36,0.972972972973,0,0.702702702703,0.216216216216,0.0540540540541,37,155,0.116366366366,1.3277027027,8.37837837838,15.5,4.55882352941,6.18848101696,0.738625153637,0.360767218832,7.5234368544,1.7959171846,0.781517000872,2.35511072915,0.562187722442,0.313513513514,0.590250176002,0.444565018057,2.125,1.33680555556,0.595983164645,2.125,0.0154856463503,0.00981996726678,6,0.000772200772201,0.343142831782,37,36,36,0.972972972973,0,0.702702702703,0.216216216216,0.0540540540541,-61,-0.0457957957958,0.00337837837838,-3.2972972973,-6.1,-1.44117647059,-2.01061803264,0.0363875035555,0.0507071587717,-2.8058997746,0.0265400768527,0.0162517356066,-0.731720741556,0.0334249242193,0.0607607607608,0.0103050610674,0.00664727820894,0.125,0.0124812312312,0.0160380497101,0.125,0.00331552018018,0.00384727102104,-1,-0.0001287001287,-0.278053749414,-0.027027027027,-0.027027027027,0.027027027027,155,0,61,1116,0.717592592593,1,0,0.282407407407,1,0.717592592593,0.835579514825,0.82486492977,0.717592592593,0.717592592593,4,65,0,0,0,0
2760,WLNM_dir_neg,0.979408284024,0.813452248235,00:00:02,10,70,7,1236970031,threshold_sweep,0.6,1,0.0615384615385,0.115942028986,4,0,61,130,0.0615384615385,1,0,0.938461538462,1,0.0615384615385,0.115942028986,0.687179487179,0.659829059829,0.0804020100503,0.204657804039,0.0615384615385,216,151,65,0,216,0,151,0,65,37,216,0.162162162162,1.32432432432,11.6756756757,21.6,6,8.1990990496,0.702237650082,0.31006006006,10.329336629,1.76937710775,0.765265265265,3.0868314707,0.528762798222,0.252752752753,0.579945114934,0.437917739848,2,1.32432432432,0.579945114934,2,0.0121701261701,0.00597269624573,7,0.000900900900901,0.621196581197,37,37,37,1,0,0.72972972973,0.243243243243,0.027027027027,37,0.113363363363,1.33108108108,8.16216216216,15.1,4.44117647059,6.06223974705,0.742724737222,0.361195632719,7.49584469474,1.83673015699,0.788616431001,2.47631422322,0.606778981849,0.336853409701,0.601081357887,0.451573812016,2.25,1.34027777778,0.606961924488,2.25,0.0126053579326,0.00344234079174,2,0.0002574002574,0.332031720671,37,36,36,0.972972972973,0,0.702702702703,0.216216216216,0.0540540540541,37,155,0.116366366366,1.3277027027,8.37837837838,15.5,4.55882352941,6.18848101696,0.738625153637,0.360767218832,7.5234368544,1.7959171846,0.781517000872,2.35511072915,0.562187722442,0.313513513514,0.590250176002,0.444565018057,2.125,1.33680555556,0.595983164645,2.125,0.0154856463503,0.00981996726678,6,0.000772200772201,0.343142831782,37,36,36,0.972972972973,0,0.702702702703,0.216216216216,0.0540540540541,-61,-0.0457957957958,0.00337837837838,-3.2972972973,-6.1,-1.44117647059,-2.01061803264,0.0363875035555,0.0507071587717,-2.8058997746,0.0265400768527,0.0162517356066,-0.731720741556,0.0334249242193,0.0607607607608,0.0103050610674,0.00664727820894,0.125,0.0124812312312,0.0160380497101,0.125,0.00331552018018,0.00384727102104,-1,-0.0001287001287,-0.278053749414,-0.027027027027,-0.027027027027,0.027027027027,155,0,61,1116,0.717592592593,1,0,0.282407407407,1,0.717592592593,0.835579514825,0.82486492977,0.717592592593,0.717592592593,4,65,0,0,0,0
2761,WLNM_dir_neg,0.979408284024,0.813452248235,00:00:02,10,70,7,1236970031,threshold_sweep,0.7,1,0.0615384615385,0.115942028986,4,0,61,130,0.0615384615385,1,0,0.938461538462,1,0.0615384615385,0.115942028986,0.687179487179,0.659829059829,0.0804020100503,0.204657804039,0.0615384615385,216,151,65,0,216,0,151,0,65,37,216,0.162162162162,1.32432432432,11.6756756757,21.6,6,8.1990990496,0.702237650082,0.31006006006,10.329336629,1.76937710775,0.765265265265,3.0868314707,0.528762798222,0.252752752753,0.579945114934,0.437917739848,2,1.32432432432,0.579945114934,2,0.0121701261701,0.00597269624573,7,0.000900900900901,0.621196581197,37,37,37,1,0,0.72972972973,0.243243243243,0.027027027027,37,0.113363363363,1.33108108108,8.16216216216,15.1,4.44117647059,6.06223974705,0.742724737222,0.361195632719,7.49584469474,1.83673015699,0.788616431001,2.47631422322,0.606778981849,0.336853409701,0.601081357887,0.451573812016,2.25,1.34027777778,0.606961924488,2.25,0.0126053579326,0.00344234079174,2,0.0002574002574,0.332031720671,37,36,36,0.972972972973,0,0.702702702703,0.216216216216,0.0540540540541,37,155,0.116366366366,1.3277027027,8.37837837838,15.5,4.55882352941,6.18848101696,0.738625153637,0.360767218832,7.5234368544,1.7959171846,0.781517000872,2.35511072915,0.562187722442,0.313513513514,0.590250176002,0.444565018057,2.125,1.33680555556,0.595983164645,2.125,0.0154856463503,0.00981996726678,6,0.000772200772201,0.343142831782,37,36,36,0.972972972973,0,0.702702702703,0.216216216216,0.0540540540541,-61,-0.0457957957958,0.00337837837838,-3.2972972973,-6.1,-1.44117647059,-2.01061803264,0.0363875035555,0.0507071587717,-2.8058997746,0.0265400768527,0.0162517356066,-0.731720741556,0.0334249242193,0.0607607607608,0.0103050610674,0.00664727820894,0.125,0.0124812312312,0.0160380497101,0.125,0.00331552018018,0.00384727102104,-1,-0.0001287001287,-0.278053749414,-0.027027027027,-0.027027027027,0.027027027027,155,0,61,1116,0.717592592593,1,0,0.282407407407,1,0.717592592593,0.835579514825,0.82486492977,0.717592592593,0.717592592593,4,65,0,0,0,0
2762,WLNM_dir_neg,0.979408284024,0.813452248235,00:00:02,10,70,7,1236970031,threshold_sweep,0.8,1,0.0615384615385,0.115942028986,4,0,61,130,0.0615384615385,1,0,0.938461538462,1,0.0615384615385,0.115942028986,0.687179487179,0.659829059829,0.0804020100503,0.204657804039,0.0615384615385,216,151,65,0,216,0,151,0,65,37,216,0.162162162162,1.32432432432,11.6756756757,21.6,6,8.1990990496,0.702237650082,0.31006006006,10.329336629,1.76937710775,0.765265265265,3.0868314707,0.528762798222,0.252752752753,0.579945114934,0.437917739848,2,1.32432432432,0.579945114934,2,0.0121701261701,0.00597269624573,7,0.000900900900901,0.621196581197,37,37,37,1,0,0.72972972973,0.243243243243,0.027027027027,37,0.113363363363,1.33108108108,8.16216216216,15.1,4.44117647059,6.06223974705,0.742724737222,0.361195632719,7.49584469474,1.83673015699,0.788616431001,2.47631422322,0.606778981849,0.336853409701,0.601081357887,0.451573812016,2.25,1.34027777778,0.606961924488,2.25,0.0126053579326,0.00344234079174,2,0.0002574002574,0.332031720671,37,36,36,0.972972972973,0,0.702702702703,0.216216216216,0.0540540540541,37,155,0.116366366366,1.3277027027,8.37837837838,15.5,4.55882352941,6.18848101696,0.738625153637,0.360767218832,7.5234368544,1.7959171846,0.781517000872,2.35511072915,0.562187722442,0.313513513514,0.590250176002,0.444565018057,2.125,1.33680555556,0.595983164645,2.125,0.0154856463503,0.00981996726678,6,0.000772200772201,0.343142831782,37,36,36,0.972972972973,0,0.702702702703,0.216216216216,0.0540540540541,-61,-0.0457957957958,0.00337837837838,-3.2972972973,-6.1,-1.44117647059,-2.01061803264,0.0363875035555,0.0507071587717,-2.8058997746,0.0265400768527,0.0162517356066,-0.731720741556,0.0334249242193,0.0607607607608,0.0103050610674,0.00664727820894,0.125,0.0124812312312,0.0160380497101,0.125,0.00331552018018,0.00384727102104,-1,-0.0001287001287,-0.278053749414,-0.027027027027,-0.027027027027,0.027027027027,155,0,61,1116,0.717592592593,1,0,0.282407407407,1,0.717592592593,0.835579514825,0.82486492977,0.717592592593,0.717592592593,4,65,0,0,0,0
2763,WLNM_dir_neg,0.979408284024,0.813452248235,00:00:02,10,70,7,1236970031,threshold_sweep,0.9,1,0.0615384615385,0.115942028986,4,0,61,130,0.0615384615385,1,0,0.938461538462,1,0.0615384615385,0.115942028986,0.687179487179,0.659829059829,0.0804020100503,0.204657804039,0.0615384615385,216,151,65,0,216,0,151,0,65,37,216,0.162162162162,1.32432432432,11.6756756757,21.6,6,8.1990990496,0.702237650082,0.31006006006,10.329336629,1.76937710775,0.765265265265,3.0868314707,0.528762798222,0.252752752753,0.579945114934,0.437917739848,2,1.32432432432,0.579945114934,2,0.0121701261701,0.00597269624573,7,0.000900900900901,0.621196581197,37,37,37,1,0,0.72972972973,0.243243243243,0.027027027027,37,0.113363363363,1.33108108108,8.16216216216,15.1,4.44117647059,6.06223974705,0.742724737222,0.361195632719,7.49584469474,1.83673015699,0.788616431001,2.47631422322,0.606778981849,0.336853409701,0.601081357887,0.451573812016,2.25,1.34027777778,0.606961924488,2.25,0.0126053579326,0.00344234079174,2,0.0002574002574,0.332031720671,37,36,36,0.972972972973,0,0.702702702703,0.216216216216,0.0540540540541,37,155,0.116366366366,1.3277027027,8.37837837838,15.5,4.55882352941,6.18848101696,0.738625153637,0.360767218832,7.5234368544,1.7959171846,0.781517000872,2.35511072915,0.562187722442,0.313513513514,0.590250176002,0.444565018057,2.125,1.33680555556,0.595983164645,2.125,0.0154856463503,0.00981996726678,6,0.000772200772201,0.343142831782,37,36,36,0.972972972973,0,0.702702702703,0.216216216216,0.0540540540541,-61,-0.0457957957958,0.00337837837838,-3.2972972973,-6.1,-1.44117647059,-2.01061803264,0.0363875035555,0.0507071587717,-2.8058997746,0.0265400768527,0.0162517356066,-0.731720741556,0.0334249242193,0.0607607607608,0.0103050610674,0.00664727820894,0.125,0.0124812312312,0.0160380497101,0.125,0.00331552018018,0.00384727102104,-1,-0.0001287001287,-0.278053749414,-0.027027027027,-0.027027027027,0.027027027027,155,0,61,1116,0.717592592593,1,0,0.282407407407,1,0.717592592593,0.835579514825,0.82486492977,0.717592592593,0.717592592593,4,65,0,0,0,0
2764,WLNM_dir_neg,0.992781065089,0.955223880597,00:00:02,10,70,8,1236970032,threshold_sweep,0.1,1,0.0615384615385,0.115942028986,4,0,61,130,0.0615384615385,1,0,0.938461538462,1,0.0615384615385,0.115942028986,0.687179487179,0.659829059829,0.0804020100503,0.204657804039,0.0615384615385,216,151,65,0,216,0,151,0,65,37,216,0.162162162162,1.32432432432,11.6756756757,21.6,6,8.1990990496,0.702237650082,0.31006006006,10.329336629,1.76937710775,0.765265265265,3.0868314707,0.528762798222,0.252752752753,0.579945114934,0.437917739848,2,1.32432432432,0.579945114934,2,0.0121701261701,0.00597269624573,7,0.000900900900901,0.621196581197,37,37,37,1,0,0.72972972973,0.243243243243,0.027027027027,37,0.113363363363,1.32432432432,8.16216216216,15.1,4.19444444444,5.88082341888,0.720498233439,0.342580991588,7.28917911236,1.78609024608,0.777877214963,2.20325993799,0.539871640435,0.292822623948,0.579945114934,0.437917739848,2,1.32432432432,0.579945114934,2,0.00926005489915,0.00528169014085,3,0.0003861003861,0.310161919951,37,37,37,1,0,0.72972972973,0.243243243243,0.027027027027,37,155,0.116366366366,1.32432432432,8.37837837838,15.5,4.30555555556,6.04773305256,0.721826203048,0.349258936356,7.34029153916,1.75219862548,0.771054925894,2.06609989322,0.493198039027,0.269224062772,0.579945114934,0.437917739848,2,1.32432432432,0.579945114934,2,0.0128823324201,0.011653718091,7,0.000900900900901,0.31905080884,37,37,37,1,0,0.72972972973,0.243243243243,0.027027027027,-61,-0.0457957957958,0,-3.2972972973,-6.1,-1.69444444444,-2.15136599704,0.0195885529661,0.0391988762957,-2.98904508984,-0.0171784822682,0.00578966062837,-1.02073157748,-0.0355647591954,0.0164713100197,0,0,0,0,0,0,0.000712206250021,0.00568102184528,0,0,-0.302145772356,0,0,0,155,0,61,1116,0.717592592593,1,0,0.282407407407,1,0.717592592593,0.835579514825,0.82486492977,0.717592592593,0.717592592593,4,65,0,0,0,0
2765,WLNM_dir_neg,0.992781065089,0.955223880597,00:00:02,10,70,8,1236970032,threshold_sweep,0.2,1,0.0615384615385,0.115942028986,4,0,61,130,0.0615384615385,1,0,0.938461538462,1,0.0615384615385,0.115942028986,0.687179487179,0.659829059829,0.0804020100503,0.204657804039,0.0615384615385,216,151,65,0,216,0,151,0,65,37,216,0.162162162162,1.32432432432,11.6756756757,21.6,6,8.1990990496,0.702237650082,0.31006006006,10.329336629,1.76937710775,0.765265265265,3.0868314707,0.528762798222,0.252752752753,0.579945114934,0.437917739848,2,1.32432432432,0.579945114934,2,0.0121701261701,0.00597269624573,7,0.000900900900901,0.621196581197,37,37,37,1,0,0.72972972973,0.243243243243,0.027027027027,37,0.113363363363,1.32432432432,8.16216216216,15.1,4.19444444444,5.88082341888,0.720498233439,0.342580991588,7.28917911236,1.78609024608,0.777877214963,2.20325993799,0.539871640435,0.292822623948,0.579945114934,0.437917739848,2,1.32432432432,0.579945114934,2,0.00926005489915,0.00528169014085,3,0.0003861003861,0.310161919951,37,37,37,1,0,0.72972972973,0.243243243243,0.027027027027,37,155,0.116366366366,1.32432432432,8.37837837838,15.5,4.30555555556,6.04773305256,0.721826203048,0.349258936356,7.34029153916,1.75219862548,0.771054925894,2.06609989322,0.493198039027,0.269224062772,0.579945114934,0.437917739848,2,1.32432432432,0.579945114934,2,0.0128823324201,0.011653718091,7,0.000900900900901,0.31905080884,37,37,37,1,0,0.72972972973,0.243243243243,0.027027027027,-61,-0.0457957957958,0,-3.2972972973,-6.1,-1.69444444444,-2.15136599704,0.0195885529661,0.0391988762957,-2.98904508984,-0.0171784822682,0.00578966062837,-1.02073157748,-0.0355647591954,0.0164713100197,0,0,0,0,0,0,0.000712206250021,0.00568102184528,0,0,-0.302145772356,0,0,0,155,0,61,1116,0.717592592593,1,0,0.282407407407,1,0.717592592593,0.835579514825,0.82486492977,0.717592592593,0.717592592593,4,65,0,0,0,0
2766,WLNM_dir_neg,0.992781065089,0.955223880597,00:00:02,10,70,8,1236970032,threshold_sweep,0.3,1,0.0615384615385,0.115942028986,4,0,61,130,0.0615384615385,1,0,0.938461538462,1,0.0615384615385,0.115942028986,0.687179487179,0.659829059829,0.0804020100503,0.204657804039,0.0615384615385,216,151,65,0,216,0,151,0,65,37,216,0.162162162162,1.32432432432,11.6756756757,21.6,6,8.1990990496,0.702237650082,0.31006006006,10.329336629,1.76937710775,0.765265265265,3.0868314707,0.528762798222,0.252752752753,0.579945114934,0.437917739848,2,1.32432432432,0.579945114934,2,0.0121701261701,0.00597269624573,7,0.000900900900901,0.621196581197,37,37,37,1,0,0.72972972973,0.243243243243,0.027027027027,37,0.113363363363,1.32432432432,8.16216216216,15.1,4.19444444444,5.88082341888,0.720498233439,0.342580991588,7.28917911236,1.78609024608,0.777877214963,2.20325993799,0.539871640435,0.292822623948,0.579945114934,0.437917739848,2,1.32432432432,0.579945114934,2,0.00926005489915,0.00528169014085,3,0.0003861003861,0.310161919951,37,37,37,1,0,0.72972972973,0.243243243243,0.027027027027,37,155,0.116366366366,1.32432432432,8.37837837838,15.5,4.30555555556,6.04773305256,0.721826203048,0.349258936356,7.34029153916,1.75219862548,0.771054925894,2.06609989322,0.493198039027,0.269224062772,0.579945114934,0.437917739848,2,1.32432432432,0.579945114934,2,0.0128823324201,0.011653718091,7,0.000900900900901,0.31905080884,37,37,37,1,0,0.72972972973,0.243243243243,0.027027027027,-61,-0.0457957957958,0,-3.2972972973,-6.1,-1.69444444444,-2.15136599704,0.0195885529661,0.0391988762957,-2.98904508984,-0.0171784822682,0.00578966062837,-1.02073157748,-0.0355647591954,0.0164713100197,0,0,0,0,0,0,0.000712206250021,0.00568102184528,0,0,-0.302145772356,0,0,0,155,0,61,1116,0.717592592593,1,0,0.282407407407,1,0.717592592593,0.835579514825,0.82486492977,0.717592592593,0.717592592593,4,65,0,0,0,0
2767,WLNM_dir_neg,0.992781065089,0.955223880597,00:00:02,10,70,8,1236970032,threshold_sweep,0.4,1,0.0615384615385,0.115942028986,4,0,61,130,0.0615384615385,1,0,0.938461538462,1,0.0615384615385,0.115942028986,0.687179487179,0.659829059829,0.0804020100503,0.204657804039,0.0615384615385,216,151,65,0,216,0,151,0,65,37,216,0.162162162162,1.32432432432,11.6756756757,21.6,6,8.1990990496,0.702237650082,0.31006006006,10.329336629,1.76937710775,0.765265265265,3.0868314707,0.528762798222,0.252752752753,0.579945114934,0.437917739848,2,1.32432432432,0.579945114934,2,0.0121701261701,0.00597269624573,7,0.000900900900901,0.621196581197,37,37,37,1,0,0.72972972973,0.243243243243,0.027027027027,37,0.113363363363,1.32432432432,8.16216216216,15.1,4.19444444444,5.88082341888,0.720498233439,0.342580991588,7.28917911236,1.78609024608,0.777877214963,2.20325993799,0.539871640435,0.292822623948,0.579945114934,0.437917739848,2,1.32432432432,0.579945114934,2,0.00926005489915,0.00528169014085,3,0.0003861003861,0.310161919951,37,37,37,1,0,0.72972972973,0.243243243243,0.027027027027,37,155,0.116366366366,1.32432432432,8.37837837838,15.5,4.30555555556,6.04773305256,0.721826203048,0.349258936356,7.34029153916,1.75219862548,0.771054925894,2.06609989322,0.493198039027,0.269224062772,0.579945114934,0.437917739848,2,1.32432432432,0.579945114934,2,0.0128823324201,0.011653718091,7,0.000900900900901,0.31905080884,37,37,37,1,0,0.72972972973,0.243243243243,0.027027027027,-61,-0.0457957957958,0,-3.2972972973,-6.1,-1.69444444444,-2.15136599704,0.0195885529661,0.0391988762957,-2.98904508984,-0.0171784822682,0.00578966062837,-1.02073157748,-0.0355647591954,0.0164713100197,0,0,0,0,0,0,0.000712206250021,0.00568102184528,0,0,-0.302145772356,0,0,0,155,0,61,1116,0.717592592593,1,0,0.282407407407,1,0.717592592593,0.835579514825,0.82486492977,0.717592592593,0.717592592593,4,65,0,0,0,0
2768,WLNM_dir_neg,0.992781065089,0.955223880597,00:00:02,10,70,8,1236970032,threshold_sweep,0.5,1,0.0615384615385,0.115942028986,4,0,61,130,0.0615384615385,1,0,0.938461538462,1,0.0615384615385,0.115942028986,0.687179487179,0.659829059829,0.0804020100503,0.204657804039,0.0615384615385,216,151,65,0,216,0,151,0,65,37,216,0.162162162162,1.32432432432,11.6756756757,21.6,6,8.1990990496,0.702237650082,0.31006006006,10.329336629,1.76937710775,0.765265265265,3.0868314707,0.528762798222,0.252752752753,0.579945114934,0.437917739848,2,1.32432432432,0.579945114934,2,0.0121701261701,0.00597269624573,7,0.000900900900901,0.621196581197,37,37,37,1,0,0.72972972973,0.243243243243,0.027027027027,37,0.113363363363,1.32432432432,8.16216216216,15.1,4.19444444444,5.88082341888,0.720498233439,0.342580991588,7.28917911236,1.78609024608,0.777877214963,2.20325993799,0.539871640435,0.292822623948,0.579945114934,0.437917739848,2,1.32432432432,0.579945114934,2,0.00926005489915,0.00528169014085,3,0.0003861003861,0.310161919951,37,37,37,1,0,0.72972972973,0.243243243243,0.027027027027,37,155,0.116366366366,1.32432432432,8.37837837838,15.5,4.30555555556,6.04773305256,0.721826203048,0.349258936356,7.34029153916,1.75219862548,0.771054925894,2.06609989322,0.493198039027,0.269224062772,0.579945114934,0.437917739848,2,1.32432432432,0.579945114934,2,0.0128823324201,0.011653718091,7,0.000900900900901,0.31905080884,37,37,37,1,0,0.72972972973,0.243243243243,0.027027027027,-61,-0.0457957957958,0,-3.2972972973,-6.1,-1.69444444444,-2.15136599704,0.0195885529661,0.0391988762957,-2.98904508984,-0.0171784822682,0.00578966062837,-1.02073157748,-0.0355647591954,0.0164713100197,0,0,0,0,0,0,0.000712206250021,0.00568102184528,0,0,-0.302145772356,0,0,0,155,0,61,1116,0.717592592593,1,0,0.282407407407,1,0.717592592593,0.835579514825,0.82486492977,0.717592592593,0.717592592593,4,65,0,0,0,0
2769,WLNM_dir_neg,0.992781065089,0.955223880597,00:00:02,10,70,8,1236970032,threshold_sweep,0.6,1,0.0615384615385,0.115942028986,4,0,61,130,0.0615384615385,1,0,0.938461538462,1,0.0615384615385,0.115942028986,0.687179487179,0.659829059829,0.0804020100503,0.204657804039,0.0615384615385,216,151,65,0,216,0,151,0,65,37,216,0.162162162162,1.32432432432,11.6756756757,21.6,6,8.1990990496,0.702237650082,0.31006006006,10.329336629,1.76937710775,0.765265265265,3.0868314707,0.528762798222,0.252752752753,0.579945114934,0.437917739848,2,1.32432432432,0.579945114934,2,0.0121701261701,0.00597269624573,7,0.000900900900901,0.621196581197,37,37,37,1,0,0.72972972973,0.243243243243,0.027027027027,37,0.113363363363,1.32432432432,8.16216216216,15.1,4.19444444444,5.88082341888,0.720498233439,0.342580991588,7.28917911236,1.78609024608,0.777877214963,2.20325993799,0.539871640435,0.292822623948,0.579945114934,0.437917739848,2,1.32432432432,0.579945114934,2,0.00926005489915,0.00528169014085,3,0.0003861003861,0.310161919951,37,37,37,1,0,0.72972972973,0.243243243243,0.027027027027,37,155,0.116366366366,1.32432432432,8.37837837838,15.5,4.30555555556,6.04773305256,0.721826203048,0.349258936356,7.34029153916,1.75219862548,0.771054925894,2.06609989322,0.493198039027,0.269224062772,0.579945114934,0.437917739848,2,1.32432432432,0.579945114934,2,0.0128823324201,0.011653718091,7,0.000900900900901,0.31905080884,37,37,37,1,0,0.72972972973,0.243243243243,0.027027027027,-61,-0.0457957957958,0,-3.2972972973,-6.1,-1.69444444444,-2.15136599704,0.0195885529661,0.0391988762957,-2.98904508984,-0.0171784822682,0.00578966062837,-1.02073157748,-0.0355647591954,0.0164713100197,0,0,0,0,0,0,0.000712206250021,0.00568102184528,0,0,-0.302145772356,0,0,0,155,0,61,1116,0.717592592593,1,0,0.282407407407,1,0.717592592593,0.835579514825,0.82486492977,0.717592592593,0.717592592593,4,65,0,0,0,0
2770,WLNM_dir_neg,0.992781065089,0.955223880597,00:00:02,10,70,8,1236970032,threshold_sweep,0.7,1,0.0615384615385,0.115942028986,4,0,61,130,0.0615384615385,1,0,0.938461538462,1,0.0615384615385,0.115942028986,0.687179487179,0.659829059829,0.0804020100503,0.204657804039,0.0615384615385,216,151,65,0,216,0,151,0,65,37,216,0.162162162162,1.32432432432,11.6756756757,21.6,6,8.1990990496,0.702237650082,0.31006006006,10.329336629,1.76937710775,0.765265265265,3.0868314707,0.528762798222,0.252752752753,0.579945114934,0.437917739848,2,1.32432432432,0.579945114934,2,0.0121701261701,0.00597269624573,7,0.000900900900901,0.621196581197,37,37,37,1,0,0.72972972973,0.243243243243,0.027027027027,37,0.113363363363,1.32432432432,8.16216216216,15.1,4.19444444444,5.88082341888,0.720498233439,0.342580991588,7.28917911236,1.78609024608,0.777877214963,2.20325993799,0.539871640435,0.292822623948,0.579945114934,0.437917739848,2,1.32432432432,0.579945114934,2,0.00926005489915,0.00528169014085,3,0.0003861003861,0.310161919951,37,37,37,1,0,0.72972972973,0.243243243243,0.027027027027,37,155,0.116366366366,1.32432432432,8.37837837838,15.5,4.30555555556,6.04773305256,0.721826203048,0.349258936356,7.34029153916,1.75219862548,0.771054925894,2.06609989322,0.493198039027,0.269224062772,0.579945114934,0.437917739848,2,1.32432432432,0.579945114934,2,0.0128823324201,0.011653718091,7,0.000900900900901,0.31905080884,37,37,37,1,0,0.72972972973,0.243243243243,0.027027027027,-61,-0.0457957957958,0,-3.2972972973,-6.1,-1.69444444444,-2.15136599704,0.0195885529661,0.0391988762957,-2.98904508984,-0.0171784822682,0.00578966062837,-1.02073157748,-0.0355647591954,0.0164713100197,0,0,0,0,0,0,0.000712206250021,0.00568102184528,0,0,-0.302145772356,0,0,0,155,0,61,1116,0.717592592593,1,0,0.282407407407,1,0.717592592593,0.835579514825,0.82486492977,0.717592592593,0.717592592593,4,65,0,0,0,0
2771,WLNM_dir_neg,0.992781065089,0.955223880597,00:00:02,10,70,8,1236970032,threshold_sweep,0.8,1,0.0307692307692,0.0597014925373,2,0,63,130,0.0307692307692,1,0,0.969230769231,1,0.0307692307692,0.0597014925373,0.676923076923,0.663247863248,0.0406091370558,0.14396315015,0.0307692307692,216,151,65,0,216,0,151,0,65,37,216,0.162162162162,1.32432432432,11.6756756757,21.6,6,8.1990990496,0.702237650082,0.31006006006,10.329336629,1.76937710775,0.765265265265,3.0868314707,0.528762798222,0.252752752753,0.579945114934,0.437917739848,2,1.32432432432,0.579945114934,2,0.0121701261701,0.00597269624573,7,0.000900900900901,0.621196581197,37,37,37,1,0,0.72972972973,0.243243243243,0.027027027027,37,0.113363363363,1.32432432432,8.16216216216,15.1,4.19444444444,5.88082341888,0.720498233439,0.342580991588,7.28917911236,1.78609024608,0.777877214963,2.20325993799,0.539871640435,0.292822623948,0.579945114934,0.437917739848,2,1.32432432432,0.579945114934,2,0.00926005489915,0.00528169014085,3,0.0003861003861,0.310161919951,37,37,37,1,0,0.72972972973,0.243243243243,0.027027027027,37,153,0.114864864865,1.32432432432,8.27027027027,15.3,4.25,5.99837315282,0.725293485799,0.347288464936,7.32636851896,1.77173617779,0.774774774775,2.13648415968,0.516666103975,0.28157569334,0.579945114934,0.437917739848,2,1.32432432432,0.579945114934,2,0.0134693877551,0.00852272727273,5,0.000643500643501,0.314606364396,37,37,37,1,0,0.72972972973,0.243243243243,0.027027027027,-63,-0.0472972972973,0,-3.40540540541,-6.3,-1.75,-2.20072589678,0.0230558357167,0.0372284048755,-3.00296811004,0.00235907004351,0.00950950950951,-0.950347311024,-0.0120966942475,0.0288229405876,0,0,0,0,0,0,0.00129926158498,0.00255003102699,-2,-0.0002574002574,-0.306590216801,0,0,0,153,0,63,1116,0.708333333333,1,0,0.291666666667,1,0.708333333333,0.829268292683,0.818830544472,0.708333333333,0.708333333333,2,65,0,0,0,0
2772,WLNM_dir_neg,0.992781065089,0.955223880597,00:00:02,10,70,8,1236970032,threshold_sweep,0.9,1,0.0307692307692,0.0597014925373,2,0,63,130,0.0307692307692,1,0,0.969230769231,1,0.0307692307692,0.0597014925373,0.676923076923,0.663247863248,0.0406091370558,0.14396315015,0.0307692307692,216,151,65,0,216,0,151,0,65,37,216,0.162162162162,1.32432432432,11.6756756757,21.6,6,8.1990990496,0.702237650082,0.31006006006,10.329336629,1.76937710775,0.765265265265,3.0868314707,0.528762798222,0.252752752753,0.579945114934,0.437917739848,2,1.32432432432,0.579945114934,2,0.0121701261701,0.00597269624573,7,0.000900900900901,0.621196581197,37,37,37,1,0,0.72972972973,0.243243243243,0.027027027027,37,0.113363363363,1.32432432432,8.16216216216,15.1,4.19444444444,5.88082341888,0.720498233439,0.342580991588,7.28917911236,1.78609024608,0.777877214963,2.20325993799,0.539871640435,0.292822623948,0.579945114934,0.437917739848,2,1.32432432432,0.579945114934,2,0.00926005489915,0.00528169014085,3,0.0003861003861,0.310161919951,37,37,37,1,0,0.72972972973,0.243243243243,0.027027027027,37,153,0.114864864865,1.32432432432,8.27027027027,15.3,4.25,5.99837315282,0.725293485799,0.347288464936,7.32636851896,1.77173617779,0.774774774775,2.13648415968,0.516666103975,0.28157569334,0.579945114934,0.437917739848,2,1.32432432432,0.579945114934,2,0.0134693877551,0.00852272727273,5,0.000643500643501,0.314606364396,37,37,37,1,0,0.72972972973,0.243243243243,0.027027027027,-63,-0.0472972972973,0,-3.40540540541,-6.3,-1.75,-2.20072589678,0.0230558357167,0.0372284048755,-3.00296811004,0.00235907004351,0.00950950950951,-0.950347311024,-0.0120966942475,0.0288229405876,0,0,0,0,0,0,0.00129926158498,0.00255003102699,-2,-0.0002574002574,-0.306590216801,0,0,0,153,0,63,1116,0.708333333333,1,0,0.291666666667,1,0.708333333333,0.829268292683,0.818830544472,0.708333333333,0.708333333333,2,65,0,0,0,0
2773,WLNM_dir_neg,0.993017751479,0.971067738232,00:00:02,10,70,9,1236970033,threshold_sweep,0.1,1,0.0923076923077,0.169014084507,6,0,59,130,0.0923076923077,1,0,0.907692307692,1,0.0923076923077,0.169014084507,0.697435897436,0.65641025641,0.119402985075,0.251976315339,0.0923076923077,216,151,65,0,216,0,151,0,65,37,216,0.162162162162,1.32432432432,11.6756756757,21.6,6,8.1990990496,0.702237650082,0.31006006006,10.329336629,1.76937710775,0.765265265265,3.0868314707,0.528762798222,0.252752752753,0.579945114934,0.437917739848,2,1.32432432432,0.579945114934,2,0.0121701261701,0.00597269624573,7,0.000900900900901,0.621196581197,37,37,37,1,0,0.72972972973,0.243243243243,0.027027027027,37,0.113363363363,1.31891891892,8.16216216216,15.1,4.44117647059,5.96523965018,0.730840619393,0.342938965456,7.36877186503,1.805593106,0.78181492751,2.32592130346,0.569927736611,0.308215500268,0.56462270482,0.428095083573,2,1.31891891892,0.56462270482,2,0,0,0,0,0.319356307139,37,37,37,1,0,0.72972972973,0.189189189189,0.0810810810811,37,157,0.117867867868,1.32432432432,8.48648648649,15.7,4.36111111111,6.14917167693,0.724583923714,0.349285591324,7.44015160167,1.75341152396,0.771905663625,2.10033602345,0.494983648839,0.269237390256,0.579945114934,0.437917739848,2,1.32432432432,0.579945114934,2,0.0127532101531,0.0113146551724,7,0.000900900900901,0.326578529361,37,37,37,1,0,0.72972972973,0.243243243243,0.027027027027,-59,-0.0442942942943,0,-3.18918918919,-5.9,-1.63888888889,-2.04992737268,0.0223462736324,0.0392255312637,-2.88918502733,-0.0159655837845,0.00664039836014,-0.986495447252,-0.0337791493834,0.0164846375037,0,0,0,0,0,0,0.000583083982946,0.00534195892668,0,0,-0.294618051835,0,0,0,157,0,59,1116,0.726851851852,1,0,0.273148148148,1,0.726851851852,0.8418230563,0.830875808969,0.726851851852,0.726851851852,6,65,0,0,0,0
2774,WLNM_dir_neg,0.993017751479,0.971067738232,00:00:02,10,70,9,1236970033,threshold_sweep,0.2,1,0.0923076923077,0.169014084507,6,0,59,130,0.0923076923077,1,0,0.907692307692,1,0.0923076923077,0.169014084507,0.697435897436,0.65641025641,0.119402985075,0.251976315339,0.0923076923077,216,151,65,0,216,0,151,0,65,37,216,0.162162162162,1.32432432432,11.6756756757,21.6,6,8.1990990496,0.702237650082,0.31006006006,10.329336629,1.76937710775,0.765265265265,3.0868314707,0.528762798222,0.252752752753,0.579945114934,0.437917739848,2,1.32432432432,0.579945114934,2,0.0121701261701,0.00597269624573,7,0.000900900900901,0.621196581197,37,37,37,1,0,0.72972972973,0.243243243243,0.027027027027,37,0.113363363363,1.31891891892,8.16216216216,15.1,4.44117647059,5.96523965018,0.730840619393,0.342938965456,7.36877186503,1.805593106,0.78181492751,2.32592130346,0.569927736611,0.308215500268,0.56462270482,0.428095083573,2,1.31891891892,0.56462270482,2,0,0,0,0,0.319356307139,37,37,37,1,0,0.72972972973,0.189189189189,0.0810810810811,37,157,0.117867867868,1.32432432432,8.48648648649,15.7,4.36111111111,6.14917167693,0.724583923714,0.349285591324,7.44015160167,1.75341152396,0.771905663625,2.10033602345,0.494983648839,0.269237390256,0.579945114934,0.437917739848,2,1.32432432432,0.579945114934,2,0.0127532101531,0.0113146551724,7,0.000900900900901,0.326578529361,37,37,37,1,0,0.72972972973,0.243243243243,0.027027027027,-59,-0.0442942942943,0,-3.18918918919,-5.9,-1.63888888889,-2.04992737268,0.0223462736324,0.0392255312637,-2.88918502733,-0.0159655837845,0.00664039836014,-0.986495447252,-0.0337791493834,0.0164846375037,0,0,0,0,0,0,0.000583083982946,0.00534195892668,0,0,-0.294618051835,0,0,0,157,0,59,1116,0.726851851852,1,0,0.273148148148,1,0.726851851852,0.8418230563,0.830875808969,0.726851851852,0.726851851852,6,65,0,0,0,0
2775,WLNM_dir_neg,0.993017751479,0.971067738232,00:00:02,10,70,9,1236970033,threshold_sweep,0.3,1,0.0923076923077,0.169014084507,6,0,59,130,0.0923076923077,1,0,0.907692307692,1,0.0923076923077,0.169014084507,0.697435897436,0.65641025641,0.119402985075,0.251976315339,0.0923076923077,216,151,65,0,216,0,151,0,65,37,216,0.162162162162,1.32432432432,11.6756756757,21.6,6,8.1990990496,0.702237650082,0.31006006006,10.329336629,1.76937710775,0.765265265265,3.0868314707,0.528762798222,0.252752752753,0.579945114934,0.437917739848,2,1.32432432432,0.579945114934,2,0.0121701261701,0.00597269624573,7,0.000900900900901,0.621196581197,37,37,37,1,0,0.72972972973,0.243243243243,0.027027027027,37,0.113363363363,1.31891891892,8.16216216216,15.1,4.44117647059,5.96523965018,0.730840619393,0.342938965456,7.36877186503,1.805593106,0.78181492751,2.32592130346,0.569927736611,0.308215500268,0.56462270482,0.428095083573,2,1.31891891892,0.56462270482,2,0,0,0,0,0.319356307139,37,37,37,1,0,0.72972972973,0.189189189189,0.0810810810811,37,157,0.117867867868,1.32432432432,8.48648648649,15.7,4.36111111111,6.14917167693,0.724583923714,0.349285591324,7.44015160167,1.75341152396,0.771905663625,2.10033602345,0.494983648839,0.269237390256,0.579945114934,0.437917739848,2,1.32432432432,0.579945114934,2,0.0127532101531,0.0113146551724,7,0.000900900900901,0.326578529361,37,37,37,1,0,0.72972972973,0.243243243243,0.027027027027,-59,-0.0442942942943,0,-3.18918918919,-5.9,-1.63888888889,-2.04992737268,0.0223462736324,0.0392255312637,-2.88918502733,-0.0159655837845,0.00664039836014,-0.986495447252,-0.0337791493834,0.0164846375037,0,0,0,0,0,0,0.000583083982946,0.00534195892668,0,0,-0.294618051835,0,0,0,157,0,59,1116,0.726851851852,1,0,0.273148148148,1,0.726851851852,0.8418230563,0.830875808969,0.726851851852,0.726851851852,6,65,0,0,0,0
2776,WLNM_dir_neg,0.993017751479,0.971067738232,00:00:02,10,70,9,1236970033,threshold_sweep,0.4,1,0.0769230769231,0.142857142857,5,0,60,130,0.0769230769231,1,0,0.923076923077,1,0.0769230769231,0.142857142857,0.692307692308,0.65811965812,0.1,0.229415733871,0.0769230769231,216,151,65,0,216,0,151,0,65,37,216,0.162162162162,1.32432432432,11.6756756757,21.6,6,8.1990990496,0.702237650082,0.31006006006,10.329336629,1.76937710775,0.765265265265,3.0868314707,0.528762798222,0.252752752753,0.579945114934,0.437917739848,2,1.32432432432,0.579945114934,2,0.0121701261701,0.00597269624573,7,0.000900900900901,0.621196581197,37,37,37,1,0,0.72972972973,0.243243243243,0.027027027027,37,0.113363363363,1.31891891892,8.16216216216,15.1,4.44117647059,5.96523965018,0.730840619393,0.342938965456,7.36877186503,1.805593106,0.78181492751,2.32592130346,0.569927736611,0.308215500268,0.56462270482,0.428095083573,2,1.31891891892,0.56462270482,2,0,0,0,0,0.319356307139,37,37,37,1,0,0.72972972973,0.189189189189,0.0810810810811,37,156,0.117117117117,1.32432432432,8.43243243243,15.6,4.33333333333,6.11710053203,0.725425383606,0.347886347886,7.43167072264,1.76263985088,0.773735273735,2.13613273536,0.506646866719,0.275467775468,0.579945114934,0.437917739848,2,1.32432432432,0.579945114934,2,0.0129286136478,0.00981996726678,6,0.000772200772201,0.324356307139,37,37,37,1,0,0.72972972973,0.243243243243,0.027027027027,-60,-0.045045045045,0,-3.24324324324,-6,-1.66666666667,-2.08199851758,0.0231877335238,0.0378262878263,-2.89766590636,-0.00673725686299,0.00847000847001,-0.950698735347,-0.0221159315032,0.022715022715,0,0,0,0,0,0,0.000758487477677,0.00384727102104,-1,-0.0001287001287,-0.296840274058,0,0,0,156,0,60,1116,0.722222222222,1,0,0.277777777778,1,0.722222222222,0.838709677419,0.827873269082,0.722222222222,0.722222222222,5,65,0,0,0,0
2777,WLNM_dir_neg,0.993017751479,0.971067738232,00:00:02,10,70,9,1236970033,threshold_sweep,0.5,1,0.0769230769231,0.142857142857,5,0,60,130,0.0769230769231,1,0,0.923076923077,1,0.0769230769231,0.142857142857,0.692307692308,0.65811965812,0.1,0.229415733871,0.0769230769231,216,151,65,0,216,0,151,0,65,37,216,0.162162162162,1.32432432432,11.6756756757,21.6,6,8.1990990496,0.702237650082,0.31006006006,10.329336629,1.76937710775,0.765265265265,3.0868314707,0.528762798222,0.252752752753,0.579945114934,0.437917739848,2,1.32432432432,0.579945114934,2,0.0121701261701,0.00597269624573,7,0.000900900900901,0.621196581197,37,37,37,1,0,0.72972972973,0.243243243243,0.027027027027,37,0.113363363363,1.31891891892,8.16216216216,15.1,4.44117647059,5.96523965018,0.730840619393,0.342938965456,7.36877186503,1.805593106,0.78181492751,2.32592130346,0.569927736611,0.308215500268,0.56462270482,0.428095083573,2,1.31891891892,0.56462270482,2,0,0,0,0,0.319356307139,37,37,37,1,0,0.72972972973,0.189189189189,0.0810810810811,37,156,0.117117117117,1.32432432432,8.43243243243,15.6,4.33333333333,6.11710053203,0.725425383606,0.347886347886,7.43167072264,1.76263985088,0.773735273735,2.13613273536,0.506646866719,0.275467775468,0.579945114934,0.437917739848,2,1.32432432432,0.579945114934,2,0.0129286136478,0.00981996726678,6,0.000772200772201,0.324356307139,37,37,37,1,0,0.72972972973,0.243243243243,0.027027027027,-60,-0.045045045045,0,-3.24324324324,-6,-1.66666666667,-2.08199851758,0.0231877335238,0.0378262878263,-2.89766590636,-0.00673725686299,0.00847000847001,-0.950698735347,-0.0221159315032,0.022715022715,0,0,0,0,0,0,0.000758487477677,0.00384727102104,-1,-0.0001287001287,-0.296840274058,0,0,0,156,0,60,1116,0.722222222222,1,0,0.277777777778,1,0.722222222222,0.838709677419,0.827873269082,0.722222222222,0.722222222222,5,65,0,0,0,0
2778,WLNM_dir_neg,0.993017751479,0.971067738232,00:00:02,10,70,9,1236970033,threshold_sweep,0.6,1,0.0769230769231,0.142857142857,5,0,60,130,0.0769230769231,1,0,0.923076923077,1,0.0769230769231,0.142857142857,0.692307692308,0.65811965812,0.1,0.229415733871,0.0769230769231,216,151,65,0,216,0,151,0,65,37,216,0.162162162162,1.32432432432,11.6756756757,21.6,6,8.1990990496,0.702237650082,0.31006006006,10.329336629,1.76937710775,0.765265265265,3.0868314707,0.528762798222,0.252752752753,0.579945114934,0.437917739848,2,1.32432432432,0.579945114934,2,0.0121701261701,0.00597269624573,7,0.000900900900901,0.621196581197,37,37,37,1,0,0.72972972973,0.243243243243,0.027027027027,37,0.113363363363,1.31891891892,8.16216216216,15.1,4.44117647059,5.96523965018,0.730840619393,0.342938965456,7.36877186503,1.805593106,0.78181492751,2.32592130346,0.569927736611,0.308215500268,0.56462270482,0.428095083573,2,1.31891891892,0.56462270482,2,0,0,0,0,0.319356307139,37,37,37,1,0,0.72972972973,0.189189189189,0.0810810810811,37,156,0.117117117117,1.32432432432,8.43243243243,15.6,4.33333333333,6.11710053203,0.725425383606,0.347886347886,7.43167072264,1.76263985088,0.773735273735,2.13613273536,0.506646866719,0.275467775468,0.579945114934,0.437917739848,2,1.32432432432,0.579945114934,2,0.0129286136478,0.00981996726678,6,0.000772200772201,0.324356307139,37,37,37,1,0,0.72972972973,0.243243243243,0.027027027027,-60,-0.045045045045,0,-3.24324324324,-6,-1.66666666667,-2.08199851758,0.0231877335238,0.0378262878263,-2.89766590636,-0.00673725686299,0.00847000847001,-0.950698735347,-0.0221159315032,0.022715022715,0,0,0,0,0,0,0.000758487477677,0.00384727102104,-1,-0.0001287001287,-0.296840274058,0,0,0,156,0,60,1116,0.722222222222,1,0,0.277777777778,1,0.722222222222,0.838709677419,0.827873269082,0.722222222222,0.722222222222,5,65,0,0,0,0
2779,WLNM_dir_neg,0.993017751479,0.971067738232,00:00:02,10,70,9,1236970033,threshold_sweep,0.7,1,0.0769230769231,0.142857142857,5,0,60,130,0.0769230769231,1,0,0.923076923077,1,0.0769230769231,0.142857142857,0.692307692308,0.65811965812,0.1,0.229415733871,0.0769230769231,216,151,65,0,216,0,151,0,65,37,216,0.162162162162,1.32432432432,11.6756756757,21.6,6,8.1990990496,0.702237650082,0.31006006006,10.329336629,1.76937710775,0.765265265265,3.0868314707,0.528762798222,0.252752752753,0.579945114934,0.437917739848,2,1.32432432432,0.579945114934,2,0.0121701261701,0.00597269624573,7,0.000900900900901,0.621196581197,37,37,37,1,0,0.72972972973,0.243243243243,0.027027027027,37,0.113363363363,1.31891891892,8.16216216216,15.1,4.44117647059,5.96523965018,0.730840619393,0.342938965456,7.36877186503,1.805593106,0.78181492751,2.32592130346,0.569927736611,0.308215500268,0.56462270482,0.428095083573,2,1.31891891892,0.56462270482,2,0,0,0,0,0.319356307139,37,37,37,1,0,0.72972972973,0.189189189189,0.0810810810811,37,156,0.117117117117,1.32432432432,8.43243243243,15.6,4.33333333333,6.11710053203,0.725425383606,0.347886347886,7.43167072264,1.76263985088,0.773735273735,2.13613273536,0.506646866719,0.275467775468,0.579945114934,0.437917739848,2,1.32432432432,0.579945114934,2,0.0129286136478,0.00981996726678,6,0.000772200772201,0.324356307139,37,37,37,1,0,0.72972972973,0.243243243243,0.027027027027,-60,-0.045045045045,0,-3.24324324324,-6,-1.66666666667,-2.08199851758,0.0231877335238,0.0378262878263,-2.89766590636,-0.00673725686299,0.00847000847001,-0.950698735347,-0.0221159315032,0.022715022715,0,0,0,0,0,0,0.000758487477677,0.00384727102104,-1,-0.0001287001287,-0.296840274058,0,0,0,156,0,60,1116,0.722222222222,1,0,0.277777777778,1,0.722222222222,0.838709677419,0.827873269082,0.722222222222,0.722222222222,5,65,0,0,0,0
2780,WLNM_dir_neg,0.993017751479,0.971067738232,00:00:02,10,70,9,1236970033,threshold_sweep,0.8,1,0.0769230769231,0.142857142857,5,0,60,130,0.0769230769231,1,0,0.923076923077,1,0.0769230769231,0.142857142857,0.692307692308,0.65811965812,0.1,0.229415733871,0.0769230769231,216,151,65,0,216,0,151,0,65,37,216,0.162162162162,1.32432432432,11.6756756757,21.6,6,8.1990990496,0.702237650082,0.31006006006,10.329336629,1.76937710775,0.765265265265,3.0868314707,0.528762798222,0.252752752753,0.579945114934,0.437917739848,2,1.32432432432,0.579945114934,2,0.0121701261701,0.00597269624573,7,0.000900900900901,0.621196581197,37,37,37,1,0,0.72972972973,0.243243243243,0.027027027027,37,0.113363363363,1.31891891892,8.16216216216,15.1,4.44117647059,5.96523965018,0.730840619393,0.342938965456,7.36877186503,1.805593106,0.78181492751,2.32592130346,0.569927736611,0.308215500268,0.56462270482,0.428095083573,2,1.31891891892,0.56462270482,2,0,0,0,0,0.319356307139,37,37,37,1,0,0.72972972973,0.189189189189,0.0810810810811,37,156,0.117117117117,1.32432432432,8.43243243243,15.6,4.33333333333,6.11710053203,0.725425383606,0.347886347886,7.43167072264,1.76263985088,0.773735273735,2.13613273536,0.506646866719,0.275467775468,0.579945114934,0.437917739848,2,1.32432432432,0.579945114934,2,0.0129286136478,0.00981996726678,6,0.000772200772201,0.324356307139,37,37,37,1,0,0.72972972973,0.243243243243,0.027027027027,-60,-0.045045045045,0,-3.24324324324,-6,-1.66666666667,-2.08199851758,0.0231877335238,0.0378262878263,-2.89766590636,-0.00673725686299,0.00847000847001,-0.950698735347,-0.0221159315032,0.022715022715,0,0,0,0,0,0,0.000758487477677,0.00384727102104,-1,-0.0001287001287,-0.296840274058,0,0,0,156,0,60,1116,0.722222222222,1,0,0.277777777778,1,0.722222222222,0.838709677419,0.827873269082,0.722222222222,0.722222222222,5,65,0,0,0,0
2781,WLNM_dir_neg,0.993017751479,0.971067738232,00:00:02,10,70,9,1236970033,threshold_sweep,0.9,1,0.0769230769231,0.142857142857,5,0,60,130,0.0769230769231,1,0,0.923076923077,1,0.0769230769231,0.142857142857,0.692307692308,0.65811965812,0.1,0.229415733871,0.0769230769231,216,151,65,0,216,0,151,0,65,37,216,0.162162162162,1.32432432432,11.6756756757,21.6,6,8.1990990496,0.702237650082,0.31006006006,10.329336629,1.76937710775,0.765265265265,3.0868314707,0.528762798222,0.252752752753,0.579945114934,0.437917739848,2,1.32432432432,0.579945114934,2,0.0121701261701,0.00597269624573,7,0.000900900900901,0.621196581197,37,37,37,1,0,0.72972972973,0.243243243243,0.027027027027,37,0.113363363363,1.31891891892,8.16216216216,15.1,4.44117647059,5.96523965018,0.730840619393,0.342938965456,7.36877186503,1.805593106,0.78181492751,2.32592130346,0.569927736611,0.308215500268,0.56462270482,0.428095083573,2,1.31891891892,0.56462270482,2,0,0,0,0,0.319356307139,37,37,37,1,0,0.72972972973,0.189189189189,0.0810810810811,37,156,0.117117117117,1.32432432432,8.43243243243,15.6,4.33333333333,6.11710053203,0.725425383606,0.347886347886,7.43167072264,1.76263985088,0.773735273735,2.13613273536,0.506646866719,0.275467775468,0.579945114934,0.437917739848,2,1.32432432432,0.579945114934,2,0.0129286136478,0.00981996726678,6,0.000772200772201,0.324356307139,37,37,37,1,0,0.72972972973,0.243243243243,0.027027027027,-60,-0.045045045045,0,-3.24324324324,-6,-1.66666666667,-2.08199851758,0.0231877335238,0.0378262878263,-2.89766590636,-0.00673725686299,0.00847000847001,-0.950698735347,-0.0221159315032,0.022715022715,0,0,0,0,0,0,0.000758487477677,0.00384727102104,-1,-0.0001287001287,-0.296840274058,0,0,0,156,0,60,1116,0.722222222222,1,0,0.277777777778,1,0.722222222222,0.838709677419,0.827873269082,0.722222222222,0.722222222222,5,65,0,0,0,0
2782,WLNM_dir_neg,0.992781065089,0.970608495982,00:00:03,10,70,10,1236970034,threshold_sweep,0.1,1,0.0153846153846,0.030303030303,1,0,64,130,0.0153846153846,1,0,0.984615384615,1,0.0153846153846,0.030303030303,0.671794871795,0.664957264957,0.0204081632653,0.101534616513,0.0153846153846,216,151,65,0,216,0,151,0,65,37,216,0.162162162162,1.32432432432,11.6756756757,21.6,6,8.1990990496,0.702237650082,0.31006006006,10.329336629,1.76937710775,0.765265265265,3.0868314707,0.528762798222,0.252752752753,0.579945114934,0.437917739848,2,1.32432432432,0.579945114934,2,0.0121701261701,0.00597269624573,7,0.000900900900901,0.621196581197,37,37,37,1,0,0.72972972973,0.243243243243,0.027027027027,37,0.113363363363,1.32432432432,8.16216216216,15.1,4.31428571429,5.89968696681,0.72280933037,0.360121711115,7.23563088848,1.7729691581,0.772507606945,2.40806951702,0.590056769071,0.328977984607,0.579945114934,0.437917739848,2,1.33333333333,0.585540043769,2,0.0114131840934,0.00526932084309,3,0.0003861003861,0.336002886003,37,36,36,0.972972972973,0,0.702702702703,0.243243243243,0.027027027027,37,152,0.114114114114,1.32432432432,8.21621621622,15.2,4.34285714286,5.95881762664,0.725250829558,0.36219772404,7.25635271019,1.76634901498,0.770981507824,2.37795177719,0.578843524711,0.323257467994,0.579945114934,0.437917739848,2,1.33333333333,0.585540043769,2,0.0145794330491,0.00691244239631,4,0.000514800514801,0.338225108225,37,36,36,0.972972972973,0,0.702702702703,0.243243243243,0.027027027027,-64,-0.048048048048,0,-3.45945945946,-6.4,-1.65714285714,-2.24028142297,0.0230131794758,0.0521376639798,-3.07298391881,-0.00302809276532,0.00571624255835,-0.708879693511,0.050080726489,0.0705047152416,0,0,0,0.00900900900901,0.00559492883467,0,0.00240930687901,0.00093974615058,-3,-0.0003861003861,-0.282971472971,-0.027027027027,0,0,152,0,64,1116,0.703703703704,1,0,0.296296296296,1,0.703703703704,0.826086956522,0.815804341226,0.703703703704,0.703703703704,1,65,0,0,0,0
2783,WLNM_dir_neg,0.992781065089,0.970608495982,00:00:03,10,70,10,1236970034,threshold_sweep,0.2,1,0.0153846153846,0.030303030303,1,0,64,130,0.0153846153846,1,0,0.984615384615,1,0.0153846153846,0.030303030303,0.671794871795,0.664957264957,0.0204081632653,0.101534616513,0.0153846153846,216,151,65,0,216,0,151,0,65,37,216,0.162162162162,1.32432432432,11.6756756757,21.6,6,8.1990990496,0.702237650082,0.31006006006,10.329336629,1.76937710775,0.765265265265,3.0868314707,0.528762798222,0.252752752753,0.579945114934,0.437917739848,2,1.32432432432,0.579945114934,2,0.0121701261701,0.00597269624573,7,0.000900900900901,0.621196581197,37,37,37,1,0,0.72972972973,0.243243243243,0.027027027027,37,0.113363363363,1.32432432432,8.16216216216,15.1,4.31428571429,5.89968696681,0.72280933037,0.360121711115,7.23563088848,1.7729691581,0.772507606945,2.40806951702,0.590056769071,0.328977984607,0.579945114934,0.437917739848,2,1.33333333333,0.585540043769,2,0.0114131840934,0.00526932084309,3,0.0003861003861,0.336002886003,37,36,36,0.972972972973,0,0.702702702703,0.243243243243,0.027027027027,37,152,0.114114114114,1.32432432432,8.21621621622,15.2,4.34285714286,5.95881762664,0.725250829558,0.36219772404,7.25635271019,1.76634901498,0.770981507824,2.37795177719,0.578843524711,0.323257467994,0.579945114934,0.437917739848,2,1.33333333333,0.585540043769,2,0.0145794330491,0.00691244239631,4,0.000514800514801,0.338225108225,37,36,36,0.972972972973,0,0.702702702703,0.243243243243,0.027027027027,-64,-0.048048048048,0,-3.45945945946,-6.4,-1.65714285714,-2.24028142297,0.0230131794758,0.0521376639798,-3.07298391881,-0.00302809276532,0.00571624255835,-0.708879693511,0.050080726489,0.0705047152416,0,0,0,0.00900900900901,0.00559492883467,0,0.00240930687901,0.00093974615058,-3,-0.0003861003861,-0.282971472971,-0.027027027027,0,0,152,0,64,1116,0.703703703704,1,0,0.296296296296,1,0.703703703704,0.826086956522,0.815804341226,0.703703703704,0.703703703704,1,65,0,0,0,0
2784,WLNM_dir_neg,0.992781065089,0.970608495982,00:00:03,10,70,10,1236970034,threshold_sweep,0.3,1,0.0153846153846,0.030303030303,1,0,64,130,0.0153846153846,1,0,0.984615384615,1,0.0153846153846,0.030303030303,0.671794871795,0.664957264957,0.0204081632653,0.101534616513,0.0153846153846,216,151,65,0,216,0,151,0,65,37,216,0.162162162162,1.32432432432,11.6756756757,21.6,6,8.1990990496,0.702237650082,0.31006006006,10.329336629,1.76937710775,0.765265265265,3.0868314707,0.528762798222,0.252752752753,0.579945114934,0.437917739848,2,1.32432432432,0.579945114934,2,0.0121701261701,0.00597269624573,7,0.000900900900901,0.621196581197,37,37,37,1,0,0.72972972973,0.243243243243,0.027027027027,37,0.113363363363,1.32432432432,8.16216216216,15.1,4.31428571429,5.89968696681,0.72280933037,0.360121711115,7.23563088848,1.7729691581,0.772507606945,2.40806951702,0.590056769071,0.328977984607,0.579945114934,0.437917739848,2,1.33333333333,0.585540043769,2,0.0114131840934,0.00526932084309,3,0.0003861003861,0.336002886003,37,36,36,0.972972972973,0,0.702702702703,0.243243243243,0.027027027027,37,152,0.114114114114,1.32432432432,8.21621621622,15.2,4.34285714286,5.95881762664,0.725250829558,0.36219772404,7.25635271019,1.76634901498,0.770981507824,2.37795177719,0.578843524711,0.323257467994,0.579945114934,0.437917739848,2,1.33333333333,0.585540043769,2,0.0145794330491,0.00691244239631,4,0.000514800514801,0.338225108225,37,36,36,0.972972972973,0,0.702702702703,0.243243243243,0.027027027027,-64,-0.048048048048,0,-3.45945945946,-6.4,-1.65714285714,-2.24028142297,0.0230131794758,0.0521376639798,-3.07298391881,-0.00302809276532,0.00571624255835,-0.708879693511,0.050080726489,0.0705047152416,0,0,0,0.00900900900901,0.00559492883467,0,0.00240930687901,0.00093974615058,-3,-0.0003861003861,-0.282971472971,-0.027027027027,0,0,152,0,64,1116,0.703703703704,1,0,0.296296296296,1,0.703703703704,0.826086956522,0.815804341226,0.703703703704,0.703703703704,1,65,0,0,0,0
2785,WLNM_dir_neg,0.992781065089,0.970608495982,00:00:03,10,70,10,1236970034,threshold_sweep,0.4,1,0.0153846153846,0.030303030303,1,0,64,130,0.0153846153846,1,0,0.984615384615,1,0.0153846153846,0.030303030303,0.671794871795,0.664957264957,0.0204081632653,0.101534616513,0.0153846153846,216,151,65,0,216,0,151,0,65,37,216,0.162162162162,1.32432432432,11.6756756757,21.6,6,8.1990990496,0.702237650082,0.31006006006,10.329336629,1.76937710775,0.765265265265,3.0868314707,0.528762798222,0.252752752753,0.579945114934,0.437917739848,2,1.32432432432,0.579945114934,2,0.0121701261701,0.00597269624573,7,0.000900900900901,0.621196581197,37,37,37,1,0,0.72972972973,0.243243243243,0.027027027027,37,0.113363363363,1.32432432432,8.16216216216,15.1,4.31428571429,5.89968696681,0.72280933037,0.360121711115,7.23563088848,1.7729691581,0.772507606945,2.40806951702,0.590056769071,0.328977984607,0.579945114934,0.437917739848,2,1.33333333333,0.585540043769,2,0.0114131840934,0.00526932084309,3,0.0003861003861,0.336002886003,37,36,36,0.972972972973,0,0.702702702703,0.243243243243,0.027027027027,37,152,0.114114114114,1.32432432432,8.21621621622,15.2,4.34285714286,5.95881762664,0.725250829558,0.36219772404,7.25635271019,1.76634901498,0.770981507824,2.37795177719,0.578843524711,0.323257467994,0.579945114934,0.437917739848,2,1.33333333333,0.585540043769,2,0.0145794330491,0.00691244239631,4,0.000514800514801,0.338225108225,37,36,36,0.972972972973,0,0.702702702703,0.243243243243,0.027027027027,-64,-0.048048048048,0,-3.45945945946,-6.4,-1.65714285714,-2.24028142297,0.0230131794758,0.0521376639798,-3.07298391881,-0.00302809276532,0.00571624255835,-0.708879693511,0.050080726489,0.0705047152416,0,0,0,0.00900900900901,0.00559492883467,0,0.00240930687901,0.00093974615058,-3,-0.0003861003861,-0.282971472971,-0.027027027027,0,0,152,0,64,1116,0.703703703704,1,0,0.296296296296,1,0.703703703704,0.826086956522,0.815804341226,0.703703703704,0.703703703704,1,65,0,0,0,0
2786,WLNM_dir_neg,0.992781065089,0.970608495982,00:00:03,10,70,10,1236970034,threshold_sweep,0.5,1,0.0153846153846,0.030303030303,1,0,64,130,0.0153846153846,1,0,0.984615384615,1,0.0153846153846,0.030303030303,0.671794871795,0.664957264957,0.0204081632653,0.101534616513,0.0153846153846,216,151,65,0,216,0,151,0,65,37,216,0.162162162162,1.32432432432,11.6756756757,21.6,6,8.1990990496,0.702237650082,0.31006006006,10.329336629,1.76937710775,0.765265265265,3.0868314707,0.528762798222,0.252752752753,0.579945114934,0.437917739848,2,1.32432432432,0.579945114934,2,0.0121701261701,0.00597269624573,7,0.000900900900901,0.621196581197,37,37,37,1,0,0.72972972973,0.243243243243,0.027027027027,37,0.113363363363,1.32432432432,8.16216216216,15.1,4.31428571429,5.89968696681,0.72280933037,0.360121711115,7.23563088848,1.7729691581,0.772507606945,2.40806951702,0.590056769071,0.328977984607,0.579945114934,0.437917739848,2,1.33333333333,0.585540043769,2,0.0114131840934,0.00526932084309,3,0.0003861003861,0.336002886003,37,36,36,0.972972972973,0,0.702702702703,0.243243243243,0.027027027027,37,152,0.114114114114,1.32432432432,8.21621621622,15.2,4.34285714286,5.95881762664,0.725250829558,0.36219772404,7.25635271019,1.76634901498,0.770981507824,2.37795177719,0.578843524711,0.323257467994,0.579945114934,0.437917739848,2,1.33333333333,0.585540043769,2,0.0145794330491,0.00691244239631,4,0.000514800514801,0.338225108225,37,36,36,0.972972972973,0,0.702702702703,0.243243243243,0.027027027027,-64,-0.048048048048,0,-3.45945945946,-6.4,-1.65714285714,-2.24028142297,0.0230131794758,0.0521376639798,-3.07298391881,-0.00302809276532,0.00571624255835,-0.708879693511,0.050080726489,0.0705047152416,0,0,0,0.00900900900901,0.00559492883467,0,0.00240930687901,0.00093974615058,-3,-0.0003861003861,-0.282971472971,-0.027027027027,0,0,152,0,64,1116,0.703703703704,1,0,0.296296296296,1,0.703703703704,0.826086956522,0.815804341226,0.703703703704,0.703703703704,1,65,0,0,0,0
2787,WLNM_dir_neg,0.992781065089,0.970608495982,00:00:03,10,70,10,1236970034,threshold_sweep,0.6,1,0.0153846153846,0.030303030303,1,0,64,130,0.0153846153846,1,0,0.984615384615,1,0.0153846153846,0.030303030303,0.671794871795,0.664957264957,0.0204081632653,0.101534616513,0.0153846153846,216,151,65,0,216,0,151,0,65,37,216,0.162162162162,1.32432432432,11.6756756757,21.6,6,8.1990990496,0.702237650082,0.31006006006,10.329336629,1.76937710775,0.765265265265,3.0868314707,0.528762798222,0.252752752753,0.579945114934,0.437917739848,2,1.32432432432,0.579945114934,2,0.0121701261701,0.00597269624573,7,0.000900900900901,0.621196581197,37,37,37,1,0,0.72972972973,0.243243243243,0.027027027027,37,0.113363363363,1.32432432432,8.16216216216,15.1,4.31428571429,5.89968696681,0.72280933037,0.360121711115,7.23563088848,1.7729691581,0.772507606945,2.40806951702,0.590056769071,0.328977984607,0.579945114934,0.437917739848,2,1.33333333333,0.585540043769,2,0.0114131840934,0.00526932084309,3,0.0003861003861,0.336002886003,37,36,36,0.972972972973,0,0.702702702703,0.243243243243,0.027027027027,37,152,0.114114114114,1.32432432432,8.21621621622,15.2,4.34285714286,5.95881762664,0.725250829558,0.36219772404,7.25635271019,1.76634901498,0.770981507824,2.37795177719,0.578843524711,0.323257467994,0.579945114934,0.437917739848,2,1.33333333333,0.585540043769,2,0.0145794330491,0.00691244239631,4,0.000514800514801,0.338225108225,37,36,36,0.972972972973,0,0.702702702703,0.243243243243,0.027027027027,-64,-0.048048048048,0,-3.45945945946,-6.4,-1.65714285714,-2.24028142297,0.0230131794758,0.0521376639798,-3.07298391881,-0.00302809276532,0.00571624255835,-0.708879693511,0.050080726489,0.0705047152416,0,0,0,0.00900900900901,0.00559492883467,0,0.00240930687901,0.00093974615058,-3,-0.0003861003861,-0.282971472971,-0.027027027027,0,0,152,0,64,1116,0.703703703704,1,0,0.296296296296,1,0.703703703704,0.826086956522,0.815804341226,0.703703703704,0.703703703704,1,65,0,0,0,0
2788,WLNM_dir_neg,0.992781065089,0.970608495982,00:00:03,10,70,10,1236970034,threshold_sweep,0.7,1,0.0153846153846,0.030303030303,1,0,64,130,0.0153846153846,1,0,0.984615384615,1,0.0153846153846,0.030303030303,0.671794871795,0.664957264957,0.0204081632653,0.101534616513,0.0153846153846,216,151,65,0,216,0,151,0,65,37,216,0.162162162162,1.32432432432,11.6756756757,21.6,6,8.1990990496,0.702237650082,0.31006006006,10.329336629,1.76937710775,0.765265265265,3.0868314707,0.528762798222,0.252752752753,0.579945114934,0.437917739848,2,1.32432432432,0.579945114934,2,0.0121701261701,0.00597269624573,7,0.000900900900901,0.621196581197,37,37,37,1,0,0.72972972973,0.243243243243,0.027027027027,37,0.113363363363,1.32432432432,8.16216216216,15.1,4.31428571429,5.89968696681,0.72280933037,0.360121711115,7.23563088848,1.7729691581,0.772507606945,2.40806951702,0.590056769071,0.328977984607,0.579945114934,0.437917739848,2,1.33333333333,0.585540043769,2,0.0114131840934,0.00526932084309,3,0.0003861003861,0.336002886003,37,36,36,0.972972972973,0,0.702702702703,0.243243243243,0.027027027027,37,152,0.114114114114,1.32432432432,8.21621621622,15.2,4.34285714286,5.95881762664,0.725250829558,0.36219772404,7.25635271019,1.76634901498,0.770981507824,2.37795177719,0.578843524711,0.323257467994,0.579945114934,0.437917739848,2,1.33333333333,0.585540043769,2,0.0145794330491,0.00691244239631,4,0.000514800514801,0.338225108225,37,36,36,0.972972972973,0,0.702702702703,0.243243243243,0.027027027027,-64,-0.048048048048,0,-3.45945945946,-6.4,-1.65714285714,-2.24028142297,0.0230131794758,0.0521376639798,-3.07298391881,-0.00302809276532,0.00571624255835,-0.708879693511,0.050080726489,0.0705047152416,0,0,0,0.00900900900901,0.00559492883467,0,0.00240930687901,0.00093974615058,-3,-0.0003861003861,-0.282971472971,-0.027027027027,0,0,152,0,64,1116,0.703703703704,1,0,0.296296296296,1,0.703703703704,0.826086956522,0.815804341226,0.703703703704,0.703703703704,1,65,0,0,0,0
2789,WLNM_dir_neg,0.992781065089,0.970608495982,00:00:03,10,70,10,1236970034,threshold_sweep,0.8,1,0.0153846153846,0.030303030303,1,0,64,130,0.0153846153846,1,0,0.984615384615,1,0.0153846153846,0.030303030303,0.671794871795,0.664957264957,0.0204081632653,0.101534616513,0.0153846153846,216,151,65,0,216,0,151,0,65,37,216,0.162162162162,1.32432432432,11.6756756757,21.6,6,8.1990990496,0.702237650082,0.31006006006,10.329336629,1.76937710775,0.765265265265,3.0868314707,0.528762798222,0.252752752753,0.579945114934,0.437917739848,2,1.32432432432,0.579945114934,2,0.0121701261701,0.00597269624573,7,0.000900900900901,0.621196581197,37,37,37,1,0,0.72972972973,0.243243243243,0.027027027027,37,0.113363363363,1.32432432432,8.16216216216,15.1,4.31428571429,5.89968696681,0.72280933037,0.360121711115,7.23563088848,1.7729691581,0.772507606945,2.40806951702,0.590056769071,0.328977984607,0.579945114934,0.437917739848,2,1.33333333333,0.585540043769,2,0.0114131840934,0.00526932084309,3,0.0003861003861,0.336002886003,37,36,36,0.972972972973,0,0.702702702703,0.243243243243,0.027027027027,37,152,0.114114114114,1.32432432432,8.21621621622,15.2,4.34285714286,5.95881762664,0.725250829558,0.36219772404,7.25635271019,1.76634901498,0.770981507824,2.37795177719,0.578843524711,0.323257467994,0.579945114934,0.437917739848,2,1.33333333333,0.585540043769,2,0.0145794330491,0.00691244239631,4,0.000514800514801,0.338225108225,37,36,36,0.972972972973,0,0.702702702703,0.243243243243,0.027027027027,-64,-0.048048048048,0,-3.45945945946,-6.4,-1.65714285714,-2.24028142297,0.0230131794758,0.0521376639798,-3.07298391881,-0.00302809276532,0.00571624255835,-0.708879693511,0.050080726489,0.0705047152416,0,0,0,0.00900900900901,0.00559492883467,0,0.00240930687901,0.00093974615058,-3,-0.0003861003861,-0.282971472971,-0.027027027027,0,0,152,0,64,1116,0.703703703704,1,0,0.296296296296,1,0.703703703704,0.826086956522,0.815804341226,0.703703703704,0.703703703704,1,65,0,0,0,0
2790,WLNM_dir_neg,0.992781065089,0.970608495982,00:00:03,10,70,10,1236970034,threshold_sweep,0.9,1,0.0153846153846,0.030303030303,1,0,64,130,0.0153846153846,1,0,0.984615384615,1,0.0153846153846,0.030303030303,0.671794871795,0.664957264957,0.0204081632653,0.101534616513,0.0153846153846,216,151,65,0,216,0,151,0,65,37,216,0.162162162162,1.32432432432,11.6756756757,21.6,6,8.1990990496,0.702237650082,0.31006006006,10.329336629,1.76937710775,0.765265265265,3.0868314707,0.528762798222,0.252752752753,0.579945114934,0.437917739848,2,1.32432432432,0.579945114934,2,0.0121701261701,0.00597269624573,7,0.000900900900901,0.621196581197,37,37,37,1,0,0.72972972973,0.243243243243,0.027027027027,37,0.113363363363,1.32432432432,8.16216216216,15.1,4.31428571429,5.89968696681,0.72280933037,0.360121711115,7.23563088848,1.7729691581,0.772507606945,2.40806951702,0.590056769071,0.328977984607,0.579945114934,0.437917739848,2,1.33333333333,0.585540043769,2,0.0114131840934,0.00526932084309,3,0.0003861003861,0.336002886003,37,36,36,0.972972972973,0,0.702702702703,0.243243243243,0.027027027027,37,152,0.114114114114,1.32432432432,8.21621621622,15.2,4.34285714286,5.95881762664,0.725250829558,0.36219772404,7.25635271019,1.76634901498,0.770981507824,2.37795177719,0.578843524711,0.323257467994,0.579945114934,0.437917739848,2,1.33333333333,0.585540043769,2,0.0145794330491,0.00691244239631,4,0.000514800514801,0.338225108225,37,36,36,0.972972972973,0,0.702702702703,0.243243243243,0.027027027027,-64,-0.048048048048,0,-3.45945945946,-6.4,-1.65714285714,-2.24028142297,0.0230131794758,0.0521376639798,-3.07298391881,-0.00302809276532,0.00571624255835,-0.708879693511,0.050080726489,0.0705047152416,0,0,0,0.00900900900901,0.00559492883467,0,0.00240930687901,0.00093974615058,-3,-0.0003861003861,-0.282971472971,-0.027027027027,0,0,152,0,64,1116,0.703703703704,1,0,0.296296296296,1,0.703703703704,0.826086956522,0.815804341226,0.703703703704,0.703703703704,1,65,0,0,0,0
2791,WLNM_dir_neg,0.982426035503,0.875704730053,00:00:02,10,70,11,1236970035,threshold_sweep,0.1,1,0.0769230769231,0.142857142857,5,0,60,130,0.0769230769231,1,0,0.923076923077,1,0.0769230769231,0.142857142857,0.692307692308,0.65811965812,0.1,0.229415733871,0.0769230769231,216,151,65,0,216,0,151,0,65,37,216,0.162162162162,1.32432432432,11.6756756757,21.6,6,8.1990990496,0.702237650082,0.31006006006,10.329336629,1.76937710775,0.765265265265,3.0868314707,0.528762798222,0.252752752753,0.579945114934,0.437917739848,2,1.32432432432,0.579945114934,2,0.0121701261701,0.00597269624573,7,0.000900900900901,0.621196581197,37,37,37,1,0,0.72972972973,0.243243243243,0.027027027027,37,0.113363363363,1.32972972973,8.16216216216,15.1,4.44117647059,6.12605325871,0.750542948915,0.366923214605,7.44751404601,1.8248875477,0.787184535529,2.50974078319,0.614969595881,0.34222301772,0.59668755311,0.448728444412,2.2,1.33888888889,0.602507985852,2.2,0.0131372070359,0.00512236767217,3,0.0003861003861,0.341637193922,37,36,36,0.972972972973,0,0.702702702703,0.216216216216,0.0540540540541,37,156,0.117117117117,1.32432432432,8.43243243243,15.6,4.33333333333,6.28287151504,0.745084121976,0.366943866944,7.50975341782,1.78115946448,0.778932778933,2.33494153074,0.553800234854,0.308385308385,0.579945114934,0.437917739848,2,1.32432432432,0.579945114934,2,0.0129479677038,0.0096256684492,6,0.000772200772201,0.346637193922,37,37,37,1,0,0.72972972973,0.243243243243,0.027027027027,-60,-0.045045045045,0,-3.24324324324,-6,-1.66666666667,-1.91622753457,0.0428464718938,0.0568838068838,-2.81958321118,0.0117823567366,0.0136675136675,-0.751889939969,0.0250374366314,0.0556325556326,0,0,0,0,0,0,0.000777841533702,0.00365297220346,-1,-0.0001287001287,-0.274559387275,0,0,0,156,0,60,1116,0.722222222222,1,0,0.277777777778,1,0.722222222222,0.838709677419,0.827873269082,0.722222222222,0.722222222222,5,65,0,0,0,0
2792,WLNM_dir_neg,0.982426035503,0.875704730053,00:00:02,10,70,11,1236970035,threshold_sweep,0.2,1,0.0769230769231,0.142857142857,5,0,60,130,0.0769230769231,1,0,0.923076923077,1,0.0769230769231,0.142857142857,0.692307692308,0.65811965812,0.1,0.229415733871,0.0769230769231,216,151,65,0,216,0,151,0,65,37,216,0.162162162162,1.32432432432,11.6756756757,21.6,6,8.1990990496,0.702237650082,0.31006006006,10.329336629,1.76937710775,0.765265265265,3.0868314707,0.528762798222,0.252752752753,0.579945114934,0.437917739848,2,1.32432432432,0.579945114934,2,0.0121701261701,0.00597269624573,7,0.000900900900901,0.621196581197,37,37,37,1,0,0.72972972973,0.243243243243,0.027027027027,37,0.113363363363,1.32972972973,8.16216216216,15.1,4.44117647059,6.12605325871,0.750542948915,0.366923214605,7.44751404601,1.8248875477,0.787184535529,2.50974078319,0.614969595881,0.34222301772,0.59668755311,0.448728444412,2.2,1.33888888889,0.602507985852,2.2,0.0131372070359,0.00512236767217,3,0.0003861003861,0.341637193922,37,36,36,0.972972972973,0,0.702702702703,0.216216216216,0.0540540540541,37,156,0.117117117117,1.32432432432,8.43243243243,15.6,4.33333333333,6.28287151504,0.745084121976,0.366943866944,7.50975341782,1.78115946448,0.778932778933,2.33494153074,0.553800234854,0.308385308385,0.579945114934,0.437917739848,2,1.32432432432,0.579945114934,2,0.0129479677038,0.0096256684492,6,0.000772200772201,0.346637193922,37,37,37,1,0,0.72972972973,0.243243243243,0.027027027027,-60,-0.045045045045,0,-3.24324324324,-6,-1.66666666667,-1.91622753457,0.0428464718938,0.0568838068838,-2.81958321118,0.0117823567366,0.0136675136675,-0.751889939969,0.0250374366314,0.0556325556326,0,0,0,0,0,0,0.000777841533702,0.00365297220346,-1,-0.0001287001287,-0.274559387275,0,0,0,156,0,60,1116,0.722222222222,1,0,0.277777777778,1,0.722222222222,0.838709677419,0.827873269082,0.722222222222,0.722222222222,5,65,0,0,0,0
2793,WLNM_dir_neg,0.982426035503,0.875704730053,00:00:02,10,70,11,1236970035,threshold_sweep,0.3,1,0.0769230769231,0.142857142857,5,0,60,130,0.0769230769231,1,0,0.923076923077,1,0.0769230769231,0.142857142857,0.692307692308,0.65811965812,0.1,0.229415733871,0.0769230769231,216,151,65,0,216,0,151,0,65,37,216,0.162162162162,1.32432432432,11.6756756757,21.6,6,8.1990990496,0.702237650082,0.31006006006,10.329336629,1.76937710775,0.765265265265,3.0868314707,0.528762798222,0.252752752753,0.579945114934,0.437917739848,2,1.32432432432,0.579945114934,2,0.0121701261701,0.00597269624573,7,0.000900900900901,0.621196581197,37,37,37,1,0,0.72972972973,0.243243243243,0.027027027027,37,0.113363363363,1.32972972973,8.16216216216,15.1,4.44117647059,6.12605325871,0.750542948915,0.366923214605,7.44751404601,1.8248875477,0.787184535529,2.50974078319,0.614969595881,0.34222301772,0.59668755311,0.448728444412,2.2,1.33888888889,0.602507985852,2.2,0.0131372070359,0.00512236767217,3,0.0003861003861,0.341637193922,37,36,36,0.972972972973,0,0.702702702703,0.216216216216,0.0540540540541,37,156,0.117117117117,1.32432432432,8.43243243243,15.6,4.33333333333,6.28287151504,0.745084121976,0.366943866944,7.50975341782,1.78115946448,0.778932778933,2.33494153074,0.553800234854,0.308385308385,0.579945114934,0.437917739848,2,1.32432432432,0.579945114934,2,0.0129479677038,0.0096256684492,6,0.000772200772201,0.346637193922,37,37,37,1,0,0.72972972973,0.243243243243,0.027027027027,-60,-0.045045045045,0,-3.24324324324,-6,-1.66666666667,-1.91622753457,0.0428464718938,0.0568838068838,-2.81958321118,0.0117823567366,0.0136675136675,-0.751889939969,0.0250374366314,0.0556325556326,0,0,0,0,0,0,0.000777841533702,0.00365297220346,-1,-0.0001287001287,-0.274559387275,0,0,0,156,0,60,1116,0.722222222222,1,0,0.277777777778,1,0.722222222222,0.838709677419,0.827873269082,0.722222222222,0.722222222222,5,65,0,0,0,0
2794,WLNM_dir_neg,0.982426035503,0.875704730053,00:00:02,10,70,11,1236970035,threshold_sweep,0.4,1,0.0769230769231,0.142857142857,5,0,60,130,0.0769230769231,1,0,0.923076923077,1,0.0769230769231,0.142857142857,0.692307692308,0.65811965812,0.1,0.229415733871,0.0769230769231,216,151,65,0,216,0,151,0,65,37,216,0.162162162162,1.32432432432,11.6756756757,21.6,6,8.1990990496,0.702237650082,0.31006006006,10.329336629,1.76937710775,0.765265265265,3.0868314707,0.528762798222,0.252752752753,0.579945114934,0.437917739848,2,1.32432432432,0.579945114934,2,0.0121701261701,0.00597269624573,7,0.000900900900901,0.621196581197,37,37,37,1,0,0.72972972973,0.243243243243,0.027027027027,37,0.113363363363,1.32972972973,8.16216216216,15.1,4.44117647059,6.12605325871,0.750542948915,0.366923214605,7.44751404601,1.8248875477,0.787184535529,2.50974078319,0.614969595881,0.34222301772,0.59668755311,0.448728444412,2.2,1.33888888889,0.602507985852,2.2,0.0131372070359,0.00512236767217,3,0.0003861003861,0.341637193922,37,36,36,0.972972972973,0,0.702702702703,0.216216216216,0.0540540540541,37,156,0.117117117117,1.32432432432,8.43243243243,15.6,4.33333333333,6.28287151504,0.745084121976,0.366943866944,7.50975341782,1.78115946448,0.778932778933,2.33494153074,0.553800234854,0.308385308385,0.579945114934,0.437917739848,2,1.32432432432,0.579945114934,2,0.0129479677038,0.0096256684492,6,0.000772200772201,0.346637193922,37,37,37,1,0,0.72972972973,0.243243243243,0.027027027027,-60,-0.045045045045,0,-3.24324324324,-6,-1.66666666667,-1.91622753457,0.0428464718938,0.0568838068838,-2.81958321118,0.0117823567366,0.0136675136675,-0.751889939969,0.0250374366314,0.0556325556326,0,0,0,0,0,0,0.000777841533702,0.00365297220346,-1,-0.0001287001287,-0.274559387275,0,0,0,156,0,60,1116,0.722222222222,1,0,0.277777777778,1,0.722222222222,0.838709677419,0.827873269082,0.722222222222,0.722222222222,5,65,0,0,0,0
2795,WLNM_dir_neg,0.982426035503,0.875704730053,00:00:02,10,70,11,1236970035,threshold_sweep,0.5,1,0.0769230769231,0.142857142857,5,0,60,130,0.0769230769231,1,0,0.923076923077,1,0.0769230769231,0.142857142857,0.692307692308,0.65811965812,0.1,0.229415733871,0.0769230769231,216,151,65,0,216,0,151,0,65,37,216,0.162162162162,1.32432432432,11.6756756757,21.6,6,8.1990990496,0.702237650082,0.31006006006,10.329336629,1.76937710775,0.765265265265,3.0868314707,0.528762798222,0.252752752753,0.579945114934,0.437917739848,2,1.32432432432,0.579945114934,2,0.0121701261701,0.00597269624573,7,0.000900900900901,0.621196581197,37,37,37,1,0,0.72972972973,0.243243243243,0.027027027027,37,0.113363363363,1.32972972973,8.16216216216,15.1,4.44117647059,6.12605325871,0.750542948915,0.366923214605,7.44751404601,1.8248875477,0.787184535529,2.50974078319,0.614969595881,0.34222301772,0.59668755311,0.448728444412,2.2,1.33888888889,0.602507985852,2.2,0.0131372070359,0.00512236767217,3,0.0003861003861,0.341637193922,37,36,36,0.972972972973,0,0.702702702703,0.216216216216,0.0540540540541,37,156,0.117117117117,1.32432432432,8.43243243243,15.6,4.33333333333,6.28287151504,0.745084121976,0.366943866944,7.50975341782,1.78115946448,0.778932778933,2.33494153074,0.553800234854,0.308385308385,0.579945114934,0.437917739848,2,1.32432432432,0.579945114934,2,0.0129479677038,0.0096256684492,6,0.000772200772201,0.346637193922,37,37,37,1,0,0.72972972973,0.243243243243,0.027027027027,-60,-0.045045045045,0,-3.24324324324,-6,-1.66666666667,-1.91622753457,0.0428464718938,0.0568838068838,-2.81958321118,0.0117823567366,0.0136675136675,-0.751889939969,0.0250374366314,0.0556325556326,0,0,0,0,0,0,0.000777841533702,0.00365297220346,-1,-0.0001287001287,-0.274559387275,0,0,0,156,0,60,1116,0.722222222222,1,0,0.277777777778,1,0.722222222222,0.838709677419,0.827873269082,0.722222222222,0.722222222222,5,65,0,0,0,0
2796,WLNM_dir_neg,0.982426035503,0.875704730053,00:00:02,10,70,11,1236970035,threshold_sweep,0.6,1,0.0769230769231,0.142857142857,5,0,60,130,0.0769230769231,1,0,0.923076923077,1,0.0769230769231,0.142857142857,0.692307692308,0.65811965812,0.1,0.229415733871,0.0769230769231,216,151,65,0,216,0,151,0,65,37,216,0.162162162162,1.32432432432,11.6756756757,21.6,6,8.1990990496,0.702237650082,0.31006006006,10.329336629,1.76937710775,0.765265265265,3.0868314707,0.528762798222,0.252752752753,0.579945114934,0.437917739848,2,1.32432432432,0.579945114934,2,0.0121701261701,0.00597269624573,7,0.000900900900901,0.621196581197,37,37,37,1,0,0.72972972973,0.243243243243,0.027027027027,37,0.113363363363,1.32972972973,8.16216216216,15.1,4.44117647059,6.12605325871,0.750542948915,0.366923214605,7.44751404601,1.8248875477,0.787184535529,2.50974078319,0.614969595881,0.34222301772,0.59668755311,0.448728444412,2.2,1.33888888889,0.602507985852,2.2,0.0131372070359,0.00512236767217,3,0.0003861003861,0.341637193922,37,36,36,0.972972972973,0,0.702702702703,0.216216216216,0.0540540540541,37,156,0.117117117117,1.32432432432,8.43243243243,15.6,4.33333333333,6.28287151504,0.745084121976,0.366943866944,7.50975341782,1.78115946448,0.778932778933,2.33494153074,0.553800234854,0.308385308385,0.579945114934,0.437917739848,2,1.32432432432,0.579945114934,2,0.0129479677038,0.0096256684492,6,0.000772200772201,0.346637193922,37,37,37,1,0,0.72972972973,0.243243243243,0.027027027027,-60,-0.045045045045,0,-3.24324324324,-6,-1.66666666667,-1.91622753457,0.0428464718938,0.0568838068838,-2.81958321118,0.0117823567366,0.0136675136675,-0.751889939969,0.0250374366314,0.0556325556326,0,0,0,0,0,0,0.000777841533702,0.00365297220346,-1,-0.0001287001287,-0.274559387275,0,0,0,156,0,60,1116,0.722222222222,1,0,0.277777777778,1,0.722222222222,0.838709677419,0.827873269082,0.722222222222,0.722222222222,5,65,0,0,0,0
2797,WLNM_dir_neg,0.982426035503,0.875704730053,00:00:02,10,70,11,1236970035,threshold_sweep,0.7,1,0.0769230769231,0.142857142857,5,0,60,130,0.0769230769231,1,0,0.923076923077,1,0.0769230769231,0.142857142857,0.692307692308,0.65811965812,0.1,0.229415733871,0.0769230769231,216,151,65,0,216,0,151,0,65,37,216,0.162162162162,1.32432432432,11.6756756757,21.6,6,8.1990990496,0.702237650082,0.31006006006,10.329336629,1.76937710775,0.765265265265,3.0868314707,0.528762798222,0.252752752753,0.579945114934,0.437917739848,2,1.32432432432,0.579945114934,2,0.0121701261701,0.00597269624573,7,0.000900900900901,0.621196581197,37,37,37,1,0,0.72972972973,0.243243243243,0.027027027027,37,0.113363363363,1.32972972973,8.16216216216,15.1,4.44117647059,6.12605325871,0.750542948915,0.366923214605,7.44751404601,1.8248875477,0.787184535529,2.50974078319,0.614969595881,0.34222301772,0.59668755311,0.448728444412,2.2,1.33888888889,0.602507985852,2.2,0.0131372070359,0.00512236767217,3,0.0003861003861,0.341637193922,37,36,36,0.972972972973,0,0.702702702703,0.216216216216,0.0540540540541,37,156,0.117117117117,1.32432432432,8.43243243243,15.6,4.33333333333,6.28287151504,0.745084121976,0.366943866944,7.50975341782,1.78115946448,0.778932778933,2.33494153074,0.553800234854,0.308385308385,0.579945114934,0.437917739848,2,1.32432432432,0.579945114934,2,0.0129479677038,0.0096256684492,6,0.000772200772201,0.346637193922,37,37,37,1,0,0.72972972973,0.243243243243,0.027027027027,-60,-0.045045045045,0,-3.24324324324,-6,-1.66666666667,-1.91622753457,0.0428464718938,0.0568838068838,-2.81958321118,0.0117823567366,0.0136675136675,-0.751889939969,0.0250374366314,0.0556325556326,0,0,0,0,0,0,0.000777841533702,0.00365297220346,-1,-0.0001287001287,-0.274559387275,0,0,0,156,0,60,1116,0.722222222222,1,0,0.277777777778,1,0.722222222222,0.838709677419,0.827873269082,0.722222222222,0.722222222222,5,65,0,0,0,0
2798,WLNM_dir_neg,0.982426035503,0.875704730053,00:00:02,10,70,11,1236970035,threshold_sweep,0.8,1,0.0769230769231,0.142857142857,5,0,60,130,0.0769230769231,1,0,0.923076923077,1,0.0769230769231,0.142857142857,0.692307692308,0.65811965812,0.1,0.229415733871,0.0769230769231,216,151,65,0,216,0,151,0,65,37,216,0.162162162162,1.32432432432,11.6756756757,21.6,6,8.1990990496,0.702237650082,0.31006006006,10.329336629,1.76937710775,0.765265265265,3.0868314707,0.528762798222,0.252752752753,0.579945114934,0.437917739848,2,1.32432432432,0.579945114934,2,0.0121701261701,0.00597269624573,7,0.000900900900901,0.621196581197,37,37,37,1,0,0.72972972973,0.243243243243,0.027027027027,37,0.113363363363,1.32972972973,8.16216216216,15.1,4.44117647059,6.12605325871,0.750542948915,0.366923214605,7.44751404601,1.8248875477,0.787184535529,2.50974078319,0.614969595881,0.34222301772,0.59668755311,0.448728444412,2.2,1.33888888889,0.602507985852,2.2,0.0131372070359,0.00512236767217,3,0.0003861003861,0.341637193922,37,36,36,0.972972972973,0,0.702702702703,0.216216216216,0.0540540540541,37,156,0.117117117117,1.32432432432,8.43243243243,15.6,4.33333333333,6.28287151504,0.745084121976,0.366943866944,7.50975341782,1.78115946448,0.778932778933,2.33494153074,0.553800234854,0.308385308385,0.579945114934,0.437917739848,2,1.32432432432,0.579945114934,2,0.0129479677038,0.0096256684492,6,0.000772200772201,0.346637193922,37,37,37,1,0,0.72972972973,0.243243243243,0.027027027027,-60,-0.045045045045,0,-3.24324324324,-6,-1.66666666667,-1.91622753457,0.0428464718938,0.0568838068838,-2.81958321118,0.0117823567366,0.0136675136675,-0.751889939969,0.0250374366314,0.0556325556326,0,0,0,0,0,0,0.000777841533702,0.00365297220346,-1,-0.0001287001287,-0.274559387275,0,0,0,156,0,60,1116,0.722222222222,1,0,0.277777777778,1,0.722222222222,0.838709677419,0.827873269082,0.722222222222,0.722222222222,5,65,0,0,0,0
2799,WLNM_dir_neg,0.982426035503,0.875704730053,00:00:02,10,70,11,1236970035,threshold_sweep,0.9,1,0.0769230769231,0.142857142857,5,0,60,130,0.0769230769231,1,0,0.923076923077,1,0.0769230769231,0.142857142857,0.692307692308,0.65811965812,0.1,0.229415733871,0.0769230769231,216,151,65,0,216,0,151,0,65,37,216,0.162162162162,1.32432432432,11.6756756757,21.6,6,8.1990990496,0.702237650082,0.31006006006,10.329336629,1.76937710775,0.765265265265,3.0868314707,0.528762798222,0.252752752753,0.579945114934,0.437917739848,2,1.32432432432,0.579945114934,2,0.0121701261701,0.00597269624573,7,0.000900900900901,0.621196581197,37,37,37,1,0,0.72972972973,0.243243243243,0.027027027027,37,0.113363363363,1.32972972973,8.16216216216,15.1,4.44117647059,6.12605325871,0.750542948915,0.366923214605,7.44751404601,1.8248875477,0.787184535529,2.50974078319,0.614969595881,0.34222301772,0.59668755311,0.448728444412,2.2,1.33888888889,0.602507985852,2.2,0.0131372070359,0.00512236767217,3,0.0003861003861,0.341637193922,37,36,36,0.972972972973,0,0.702702702703,0.216216216216,0.0540540540541,37,156,0.117117117117,1.32432432432,8.43243243243,15.6,4.33333333333,6.28287151504,0.745084121976,0.366943866944,7.50975341782,1.78115946448,0.778932778933,2.33494153074,0.553800234854,0.308385308385,0.579945114934,0.437917739848,2,1.32432432432,0.579945114934,2,0.0129479677038,0.0096256684492,6,0.000772200772201,0.346637193922,37,37,37,1,0,0.72972972973,0.243243243243,0.027027027027,-60,-0.045045045045,0,-3.24324324324,-6,-1.66666666667,-1.91622753457,0.0428464718938,0.0568838068838,-2.81958321118,0.0117823567366,0.0136675136675,-0.751889939969,0.0250374366314,0.0556325556326,0,0,0,0,0,0,0.000777841533702,0.00365297220346,-1,-0.0001287001287,-0.274559387275,0,0,0,156,0,60,1116,0.722222222222,1,0,0.277777777778,1,0.722222222222,0.838709677419,0.827873269082,0.722222222222,0.722222222222,5,65,0,0,0,0
2800,WLNM_dir_neg,0.98674556213,0.907149321267,00:00:02,10,70,12,1236970036,threshold_sweep,0.1,1,0.107692307692,0.194444444444,7,0,58,130,0.107692307692,1,0,0.892307692308,1,0.107692307692,0.194444444444,0.702564102564,0.654700854701,0.138613861386,0.272888411455,0.107692307692,216,151,65,0,216,0,151,0,65,37,216,0.162162162162,1.32432432432,11.6756756757,21.6,6,8.1990990496,0.702237650082,0.31006006006,10.329336629,1.76937710775,0.765265265265,3.0868314707,0.528762798222,0.252752752753,0.579945114934,0.437917739848,2,1.32432432432,0.579945114934,2,0.0121701261701,0.00597269624573,7,0.000900900900901,0.621196581197,37,37,37,1,0,0.72972972973,0.243243243243,0.027027027027,37,0.113363363363,1.32432432432,8.16216216216,15.1,4.71875,6.03928579991,0.739912498664,0.362985502058,7.46241835384,1.82853959664,0.782172901378,2.58605639685,0.633669448235,0.350456416682,0.579945114934,0.437917739848,2,1.33333333333,0.585540043769,2,0,0,0,0,0.343972813016,37,36,36,0.972972972973,0,0.702702702703,0.162162162162,0.108108108108,37,158,0.118618618619,1.32432432432,8.54054054054,15.8,4.38888888889,6.15807777816,0.721040752507,0.35460143688,7.52273830407,1.76165390665,0.77078344167,2.32914682339,0.545433116871,0.303455354088,0.579945114934,0.437917739848,2,1.32432432432,0.579945114934,2,0.0134299301858,0.00800426894344,5,0.000643500643501,0.34767651672,37,37,37,1,0,0.72972972973,0.243243243243,0.027027027027,-58,-0.0435435435435,0,-3.13513513514,-5.8,-1.61111111111,-2.04102127144,0.0188031024247,0.0445413768199,-2.80659832493,-0.00772320109493,0.00551817640425,-0.75768464731,0.0166703186482,0.0507026013355,0,0,0,0,0,0,0.00125980401566,0.0020315726977,-2,-0.0002574002574,-0.273520064477,0,0,0,158,0,58,1116,0.731481481481,1,0,0.268518518519,1,0.731481481481,0.844919786096,0.833872625044,0.731481481481,0.731481481481,7,65,0,0,0,0
2801,WLNM_dir_neg,0.98674556213,0.907149321267,00:00:02,10,70,12,1236970036,threshold_sweep,0.2,1,0.107692307692,0.194444444444,7,0,58,130,0.107692307692,1,0,0.892307692308,1,0.107692307692,0.194444444444,0.702564102564,0.654700854701,0.138613861386,0.272888411455,0.107692307692,216,151,65,0,216,0,151,0,65,37,216,0.162162162162,1.32432432432,11.6756756757,21.6,6,8.1990990496,0.702237650082,0.31006006006,10.329336629,1.76937710775,0.765265265265,3.0868314707,0.528762798222,0.252752752753,0.579945114934,0.437917739848,2,1.32432432432,0.579945114934,2,0.0121701261701,0.00597269624573,7,0.000900900900901,0.621196581197,37,37,37,1,0,0.72972972973,0.243243243243,0.027027027027,37,0.113363363363,1.32432432432,8.16216216216,15.1,4.71875,6.03928579991,0.739912498664,0.362985502058,7.46241835384,1.82853959664,0.782172901378,2.58605639685,0.633669448235,0.350456416682,0.579945114934,0.437917739848,2,1.33333333333,0.585540043769,2,0,0,0,0,0.343972813016,37,36,36,0.972972972973,0,0.702702702703,0.162162162162,0.108108108108,37,158,0.118618618619,1.32432432432,8.54054054054,15.8,4.38888888889,6.15807777816,0.721040752507,0.35460143688,7.52273830407,1.76165390665,0.77078344167,2.32914682339,0.545433116871,0.303455354088,0.579945114934,0.437917739848,2,1.32432432432,0.579945114934,2,0.0134299301858,0.00800426894344,5,0.000643500643501,0.34767651672,37,37,37,1,0,0.72972972973,0.243243243243,0.027027027027,-58,-0.0435435435435,0,-3.13513513514,-5.8,-1.61111111111,-2.04102127144,0.0188031024247,0.0445413768199,-2.80659832493,-0.00772320109493,0.00551817640425,-0.75768464731,0.0166703186482,0.0507026013355,0,0,0,0,0,0,0.00125980401566,0.0020315726977,-2,-0.0002574002574,-0.273520064477,0,0,0,158,0,58,1116,0.731481481481,1,0,0.268518518519,1,0.731481481481,0.844919786096,0.833872625044,0.731481481481,0.731481481481,7,65,0,0,0,0
2802,WLNM_dir_neg,0.98674556213,0.907149321267,00:00:02,10,70,12,1236970036,threshold_sweep,0.3,1,0.107692307692,0.194444444444,7,0,58,130,0.107692307692,1,0,0.892307692308,1,0.107692307692,0.194444444444,0.702564102564,0.654700854701,0.138613861386,0.272888411455,0.107692307692,216,151,65,0,216,0,151,0,65,37,216,0.162162162162,1.32432432432,11.6756756757,21.6,6,8.1990990496,0.702237650082,0.31006006006,10.329336629,1.76937710775,0.765265265265,3.0868314707,0.528762798222,0.252752752753,0.579945114934,0.437917739848,2,1.32432432432,0.579945114934,2,0.0121701261701,0.00597269624573,7,0.000900900900901,0.621196581197,37,37,37,1,0,0.72972972973,0.243243243243,0.027027027027,37,0.113363363363,1.32432432432,8.16216216216,15.1,4.71875,6.03928579991,0.739912498664,0.362985502058,7.46241835384,1.82853959664,0.782172901378,2.58605639685,0.633669448235,0.350456416682,0.579945114934,0.437917739848,2,1.33333333333,0.585540043769,2,0,0,0,0,0.343972813016,37,36,36,0.972972972973,0,0.702702702703,0.162162162162,0.108108108108,37,158,0.118618618619,1.32432432432,8.54054054054,15.8,4.38888888889,6.15807777816,0.721040752507,0.35460143688,7.52273830407,1.76165390665,0.77078344167,2.32914682339,0.545433116871,0.303455354088,0.579945114934,0.437917739848,2,1.32432432432,0.579945114934,2,0.0134299301858,0.00800426894344,5,0.000643500643501,0.34767651672,37,37,37,1,0,0.72972972973,0.243243243243,0.027027027027,-58,-0.0435435435435,0,-3.13513513514,-5.8,-1.61111111111,-2.04102127144,0.0188031024247,0.0445413768199,-2.80659832493,-0.00772320109493,0.00551817640425,-0.75768464731,0.0166703186482,0.0507026013355,0,0,0,0,0,0,0.00125980401566,0.0020315726977,-2,-0.0002574002574,-0.273520064477,0,0,0,158,0,58,1116,0.731481481481,1,0,0.268518518519,1,0.731481481481,0.844919786096,0.833872625044,0.731481481481,0.731481481481,7,65,0,0,0,0
2803,WLNM_dir_neg,0.98674556213,0.907149321267,00:00:02,10,70,12,1236970036,threshold_sweep,0.4,1,0.107692307692,0.194444444444,7,0,58,130,0.107692307692,1,0,0.892307692308,1,0.107692307692,0.194444444444,0.702564102564,0.654700854701,0.138613861386,0.272888411455,0.107692307692,216,151,65,0,216,0,151,0,65,37,216,0.162162162162,1.32432432432,11.6756756757,21.6,6,8.1990990496,0.702237650082,0.31006006006,10.329336629,1.76937710775,0.765265265265,3.0868314707,0.528762798222,0.252752752753,0.579945114934,0.437917739848,2,1.32432432432,0.579945114934,2,0.0121701261701,0.00597269624573,7,0.000900900900901,0.621196581197,37,37,37,1,0,0.72972972973,0.243243243243,0.027027027027,37,0.113363363363,1.32432432432,8.16216216216,15.1,4.71875,6.03928579991,0.739912498664,0.362985502058,7.46241835384,1.82853959664,0.782172901378,2.58605639685,0.633669448235,0.350456416682,0.579945114934,0.437917739848,2,1.33333333333,0.585540043769,2,0,0,0,0,0.343972813016,37,36,36,0.972972972973,0,0.702702702703,0.162162162162,0.108108108108,37,158,0.118618618619,1.32432432432,8.54054054054,15.8,4.38888888889,6.15807777816,0.721040752507,0.35460143688,7.52273830407,1.76165390665,0.77078344167,2.32914682339,0.545433116871,0.303455354088,0.579945114934,0.437917739848,2,1.32432432432,0.579945114934,2,0.0134299301858,0.00800426894344,5,0.000643500643501,0.34767651672,37,37,37,1,0,0.72972972973,0.243243243243,0.027027027027,-58,-0.0435435435435,0,-3.13513513514,-5.8,-1.61111111111,-2.04102127144,0.0188031024247,0.0445413768199,-2.80659832493,-0.00772320109493,0.00551817640425,-0.75768464731,0.0166703186482,0.0507026013355,0,0,0,0,0,0,0.00125980401566,0.0020315726977,-2,-0.0002574002574,-0.273520064477,0,0,0,158,0,58,1116,0.731481481481,1,0,0.268518518519,1,0.731481481481,0.844919786096,0.833872625044,0.731481481481,0.731481481481,7,65,0,0,0,0
2804,WLNM_dir_neg,0.98674556213,0.907149321267,00:00:02,10,70,12,1236970036,threshold_sweep,0.5,1,0.107692307692,0.194444444444,7,0,58,130,0.107692307692,1,0,0.892307692308,1,0.107692307692,0.194444444444,0.702564102564,0.654700854701,0.138613861386,0.272888411455,0.107692307692,216,151,65,0,216,0,151,0,65,37,216,0.162162162162,1.32432432432,11.6756756757,21.6,6,8.1990990496,0.702237650082,0.31006006006,10.329336629,1.76937710775,0.765265265265,3.0868314707,0.528762798222,0.252752752753,0.579945114934,0.437917739848,2,1.32432432432,0.579945114934,2,0.0121701261701,0.00597269624573,7,0.000900900900901,0.621196581197,37,37,37,1,0,0.72972972973,0.243243243243,0.027027027027,37,0.113363363363,1.32432432432,8.16216216216,15.1,4.71875,6.03928579991,0.739912498664,0.362985502058,7.46241835384,1.82853959664,0.782172901378,2.58605639685,0.633669448235,0.350456416682,0.579945114934,0.437917739848,2,1.33333333333,0.585540043769,2,0,0,0,0,0.343972813016,37,36,36,0.972972972973,0,0.702702702703,0.162162162162,0.108108108108,37,158,0.118618618619,1.32432432432,8.54054054054,15.8,4.38888888889,6.15807777816,0.721040752507,0.35460143688,7.52273830407,1.76165390665,0.77078344167,2.32914682339,0.545433116871,0.303455354088,0.579945114934,0.437917739848,2,1.32432432432,0.579945114934,2,0.0134299301858,0.00800426894344,5,0.000643500643501,0.34767651672,37,37,37,1,0,0.72972972973,0.243243243243,0.027027027027,-58,-0.0435435435435,0,-3.13513513514,-5.8,-1.61111111111,-2.04102127144,0.0188031024247,0.0445413768199,-2.80659832493,-0.00772320109493,0.00551817640425,-0.75768464731,0.0166703186482,0.0507026013355,0,0,0,0,0,0,0.00125980401566,0.0020315726977,-2,-0.0002574002574,-0.273520064477,0,0,0,158,0,58,1116,0.731481481481,1,0,0.268518518519,1,0.731481481481,0.844919786096,0.833872625044,0.731481481481,0.731481481481,7,65,0,0,0,0
2805,WLNM_dir_neg,0.98674556213,0.907149321267,00:00:02,10,70,12,1236970036,threshold_sweep,0.6,1,0.107692307692,0.194444444444,7,0,58,130,0.107692307692,1,0,0.892307692308,1,0.107692307692,0.194444444444,0.702564102564,0.654700854701,0.138613861386,0.272888411455,0.107692307692,216,151,65,0,216,0,151,0,65,37,216,0.162162162162,1.32432432432,11.6756756757,21.6,6,8.1990990496,0.702237650082,0.31006006006,10.329336629,1.76937710775,0.765265265265,3.0868314707,0.528762798222,0.252752752753,0.579945114934,0.437917739848,2,1.32432432432,0.579945114934,2,0.0121701261701,0.00597269624573,7,0.000900900900901,0.621196581197,37,37,37,1,0,0.72972972973,0.243243243243,0.027027027027,37,0.113363363363,1.32432432432,8.16216216216,15.1,4.71875,6.03928579991,0.739912498664,0.362985502058,7.46241835384,1.82853959664,0.782172901378,2.58605639685,0.633669448235,0.350456416682,0.579945114934,0.437917739848,2,1.33333333333,0.585540043769,2,0,0,0,0,0.343972813016,37,36,36,0.972972972973,0,0.702702702703,0.162162162162,0.108108108108,37,158,0.118618618619,1.32432432432,8.54054054054,15.8,4.38888888889,6.15807777816,0.721040752507,0.35460143688,7.52273830407,1.76165390665,0.77078344167,2.32914682339,0.545433116871,0.303455354088,0.579945114934,0.437917739848,2,1.32432432432,0.579945114934,2,0.0134299301858,0.00800426894344,5,0.000643500643501,0.34767651672,37,37,37,1,0,0.72972972973,0.243243243243,0.027027027027,-58,-0.0435435435435,0,-3.13513513514,-5.8,-1.61111111111,-2.04102127144,0.0188031024247,0.0445413768199,-2.80659832493,-0.00772320109493,0.00551817640425,-0.75768464731,0.0166703186482,0.0507026013355,0,0,0,0,0,0,0.00125980401566,0.0020315726977,-2,-0.0002574002574,-0.273520064477,0,0,0,158,0,58,1116,0.731481481481,1,0,0.268518518519,1,0.731481481481,0.844919786096,0.833872625044,0.731481481481,0.731481481481,7,65,0,0,0,0
2806,WLNM_dir_neg,0.98674556213,0.907149321267,00:00:02,10,70,12,1236970036,threshold_sweep,0.7,1,0.0615384615385,0.115942028986,4,0,61,130,0.0615384615385,1,0,0.938461538462,1,0.0615384615385,0.115942028986,0.687179487179,0.659829059829,0.0804020100503,0.204657804039,0.0615384615385,216,151,65,0,216,0,151,0,65,37,216,0.162162162162,1.32432432432,11.6756756757,21.6,6,8.1990990496,0.702237650082,0.31006006006,10.329336629,1.76937710775,0.765265265265,3.0868314707,0.528762798222,0.252752752753,0.579945114934,0.437917739848,2,1.32432432432,0.579945114934,2,0.0121701261701,0.00597269624573,7,0.000900900900901,0.621196581197,37,37,37,1,0,0.72972972973,0.243243243243,0.027027027027,37,0.113363363363,1.32432432432,8.16216216216,15.1,4.71875,6.03928579991,0.739912498664,0.362985502058,7.46241835384,1.82853959664,0.782172901378,2.58605639685,0.633669448235,0.350456416682,0.579945114934,0.437917739848,2,1.33333333333,0.585540043769,2,0,0,0,0,0.343972813016,37,36,36,0.972972972973,0,0.702702702703,0.162162162162,0.108108108108,37,155,0.116366366366,1.32818532819,8.37837837838,15.5,4.69696969697,6.11624136283,0.73000300137,0.35518744551,7.47528460193,1.78442277595,0.775239755885,2.4589726608,0.586980570642,0.326068003487,0.591765934822,0.445544700927,2.14285714286,1.3373015873,0.597519437724,2.14285714286,0.0170580480996,0.00825536598789,5,0.000643500643501,0.352438421482,37,36,36,0.972972972973,0,0.702702702703,0.189189189189,0.0810810810811,-61,-0.0457957957958,0.003861003861,-3.2972972973,-6.1,-1.30303030303,-2.08285768677,0.0277653512883,0.04512738545,-2.85405202707,0.0150456681997,0.00997449061965,-0.627858809907,0.0582177724194,0.0733152507346,0.0118208198873,0.0076269610784,0.142857142857,0.0129772629773,0.0175743227896,0.142857142857,0.0048879219295,0.00228266974216,-2,-0.0002574002574,-0.268758159715,-0.027027027027,-0.0540540540541,0.0540540540541,155,0,61,1116,0.717592592593,1,0,0.282407407407,1,0.717592592593,0.835579514825,0.82486492977,0.717592592593,0.717592592593,4,65,0,0,0,0
2807,WLNM_dir_neg,0.98674556213,0.907149321267,00:00:02,10,70,12,1236970036,threshold_sweep,0.8,1,0.0615384615385,0.115942028986,4,0,61,130,0.0615384615385,1,0,0.938461538462,1,0.0615384615385,0.115942028986,0.687179487179,0.659829059829,0.0804020100503,0.204657804039,0.0615384615385,216,151,65,0,216,0,151,0,65,37,216,0.162162162162,1.32432432432,11.6756756757,21.6,6,8.1990990496,0.702237650082,0.31006006006,10.329336629,1.76937710775,0.765265265265,3.0868314707,0.528762798222,0.252752752753,0.579945114934,0.437917739848,2,1.32432432432,0.579945114934,2,0.0121701261701,0.00597269624573,7,0.000900900900901,0.621196581197,37,37,37,1,0,0.72972972973,0.243243243243,0.027027027027,37,0.113363363363,1.32432432432,8.16216216216,15.1,4.71875,6.03928579991,0.739912498664,0.362985502058,7.46241835384,1.82853959664,0.782172901378,2.58605639685,0.633669448235,0.350456416682,0.579945114934,0.437917739848,2,1.33333333333,0.585540043769,2,0,0,0,0,0.343972813016,37,36,36,0.972972972973,0,0.702702702703,0.162162162162,0.108108108108,37,155,0.116366366366,1.32818532819,8.37837837838,15.5,4.69696969697,6.11624136283,0.73000300137,0.35518744551,7.47528460193,1.78442277595,0.775239755885,2.4589726608,0.586980570642,0.326068003487,0.591765934822,0.445544700927,2.14285714286,1.3373015873,0.597519437724,2.14285714286,0.0170580480996,0.00825536598789,5,0.000643500643501,0.352438421482,37,36,36,0.972972972973,0,0.702702702703,0.189189189189,0.0810810810811,-61,-0.0457957957958,0.003861003861,-3.2972972973,-6.1,-1.30303030303,-2.08285768677,0.0277653512883,0.04512738545,-2.85405202707,0.0150456681997,0.00997449061965,-0.627858809907,0.0582177724194,0.0733152507346,0.0118208198873,0.0076269610784,0.142857142857,0.0129772629773,0.0175743227896,0.142857142857,0.0048879219295,0.00228266974216,-2,-0.0002574002574,-0.268758159715,-0.027027027027,-0.0540540540541,0.0540540540541,155,0,61,1116,0.717592592593,1,0,0.282407407407,1,0.717592592593,0.835579514825,0.82486492977,0.717592592593,0.717592592593,4,65,0,0,0,0
2808,WLNM_dir_neg,0.98674556213,0.907149321267,00:00:02,10,70,12,1236970036,threshold_sweep,0.9,1,0.0615384615385,0.115942028986,4,0,61,130,0.0615384615385,1,0,0.938461538462,1,0.0615384615385,0.115942028986,0.687179487179,0.659829059829,0.0804020100503,0.204657804039,0.0615384615385,216,151,65,0,216,0,151,0,65,37,216,0.162162162162,1.32432432432,11.6756756757,21.6,6,8.1990990496,0.702237650082,0.31006006006,10.329336629,1.76937710775,0.765265265265,3.0868314707,0.528762798222,0.252752752753,0.579945114934,0.437917739848,2,1.32432432432,0.579945114934,2,0.0121701261701,0.00597269624573,7,0.000900900900901,0.621196581197,37,37,37,1,0,0.72972972973,0.243243243243,0.027027027027,37,0.113363363363,1.32432432432,8.16216216216,15.1,4.71875,6.03928579991,0.739912498664,0.362985502058,7.46241835384,1.82853959664,0.782172901378,2.58605639685,0.633669448235,0.350456416682,0.579945114934,0.437917739848,2,1.33333333333,0.585540043769,2,0,0,0,0,0.343972813016,37,36,36,0.972972972973,0,0.702702702703,0.162162162162,0.108108108108,37,155,0.116366366366,1.32818532819,8.37837837838,15.5,4.69696969697,6.11624136283,0.73000300137,0.35518744551,7.47528460193,1.78442277595,0.775239755885,2.4589726608,0.586980570642,0.326068003487,0.591765934822,0.445544700927,2.14285714286,1.3373015873,0.597519437724,2.14285714286,0.0170580480996,0.00825536598789,5,0.000643500643501,0.352438421482,37,36,36,0.972972972973,0,0.702702702703,0.189189189189,0.0810810810811,-61,-0.0457957957958,0.003861003861,-3.2972972973,-6.1,-1.30303030303,-2.08285768677,0.0277653512883,0.04512738545,-2.85405202707,0.0150456681997,0.00997449061965,-0.627858809907,0.0582177724194,0.0733152507346,0.0118208198873,0.0076269610784,0.142857142857,0.0129772629773,0.0175743227896,0.142857142857,0.0048879219295,0.00228266974216,-2,-0.0002574002574,-0.268758159715,-0.027027027027,-0.0540540540541,0.0540540540541,155,0,61,1116,0.717592592593,1,0,0.282407407407,1,0.717592592593,0.835579514825,0.82486492977,0.717592592593,0.717592592593,4,65,0,0,0,0
2809,WLNM_dir_neg,0.988816568047,0.962921253461,00:00:02,10,70,13,1236970037,threshold_sweep,0.1,0.955882352941,1,0.977443609023,65,3,0,127,1,0.976923076923,0.0230769230769,0,0.955882352941,1,0.977443609023,0.984615384615,0.550427350427,0.965779467681,0.96634545035,0.976923076923,216,151,65,0,216,0,151,0,65,37,216,0.162162162162,1.32432432432,11.6756756757,21.6,6,8.1990990496,0.702237650082,0.31006006006,10.329336629,1.76937710775,0.765265265265,3.0868314707,0.528762798222,0.252752752753,0.579945114934,0.437917739848,2,1.32432432432,0.579945114934,2,0.0121701261701,0.00597269624573,7,0.000900900900901,0.621196581197,37,37,37,1,0,0.72972972973,0.243243243243,0.027027027027,37,0.113363363363,1.31981981982,8.16216216216,15.1,4.57575757576,5.97454560575,0.731980753022,0.359584750313,7.22794875765,1.77108678168,0.773581528548,2.44243023758,0.598476283382,0.332915697154,0.567072809762,0.429659262004,2,1.3287037037,0.57249954753,2,0,0,0,0,0.345407553799,37,36,36,0.972972972973,0,0.702702702703,0.189189189189,0.0810810810811,37,219,0.164414414414,1.33194694772,11.8378378378,21.9,5.91891891892,8.3317115539,0.703820382407,0.315068493151,10.4864419831,1.77168197888,0.766382821177,2.96627692551,0.501151809332,0.239664321856,0.591680991423,0.444222641477,2.02563973324,1.33194694772,0.591680991423,2.02563973324,0.0121701261701,0.00597269624573,7,0.000900900900901,0.607192282421,37,37,37,1,0,0.72972972973,0.27027027027,0,3,0.00225225225225,0.00762262339598,0.162162162162,0.3,-0.0810810810811,0.132612504297,0.00158273232535,0.00500843309063,0.157105354126,0.00230487113896,0.00111755591208,-0.120554545196,-0.0276109888901,-0.0130884308967,0.0117358764885,0.00630490162807,0.025639733241,0.00762262339598,0.0117358764885,0.025639733241,0,0,0,0,-0.0140042987755,0,0.027027027027,-0.027027027027,216,3,0,1113,1,0.997311827957,0.00268817204301,0,0.986301369863,1,0.993103448276,0.991791319832,0.997311827957,0.986301369863,68,65,0,0,0,0
2810,WLNM_dir_neg,0.988816568047,0.962921253461,00:00:02,10,70,13,1236970037,threshold_sweep,0.2,0.955882352941,1,0.977443609023,65,3,0,127,1,0.976923076923,0.0230769230769,0,0.955882352941,1,0.977443609023,0.984615384615,0.550427350427,0.965779467681,0.96634545035,0.976923076923,216,151,65,0,216,0,151,0,65,37,216,0.162162162162,1.32432432432,11.6756756757,21.6,6,8.1990990496,0.702237650082,0.31006006006,10.329336629,1.76937710775,0.765265265265,3.0868314707,0.528762798222,0.252752752753,0.579945114934,0.437917739848,2,1.32432432432,0.579945114934,2,0.0121701261701,0.00597269624573,7,0.000900900900901,0.621196581197,37,37,37,1,0,0.72972972973,0.243243243243,0.027027027027,37,0.113363363363,1.31981981982,8.16216216216,15.1,4.57575757576,5.97454560575,0.731980753022,0.359584750313,7.22794875765,1.77108678168,0.773581528548,2.44243023758,0.598476283382,0.332915697154,0.567072809762,0.429659262004,2,1.3287037037,0.57249954753,2,0,0,0,0,0.345407553799,37,36,36,0.972972972973,0,0.702702702703,0.189189189189,0.0810810810811,37,219,0.164414414414,1.33194694772,11.8378378378,21.9,5.91891891892,8.3317115539,0.703820382407,0.315068493151,10.4864419831,1.77168197888,0.766382821177,2.96627692551,0.501151809332,0.239664321856,0.591680991423,0.444222641477,2.02563973324,1.33194694772,0.591680991423,2.02563973324,0.0121701261701,0.00597269624573,7,0.000900900900901,0.607192282421,37,37,37,1,0,0.72972972973,0.27027027027,0,3,0.00225225225225,0.00762262339598,0.162162162162,0.3,-0.0810810810811,0.132612504297,0.00158273232535,0.00500843309063,0.157105354126,0.00230487113896,0.00111755591208,-0.120554545196,-0.0276109888901,-0.0130884308967,0.0117358764885,0.00630490162807,0.025639733241,0.00762262339598,0.0117358764885,0.025639733241,0,0,0,0,-0.0140042987755,0,0.027027027027,-0.027027027027,216,3,0,1113,1,0.997311827957,0.00268817204301,0,0.986301369863,1,0.993103448276,0.991791319832,0.997311827957,0.986301369863,68,65,0,0,0,0
2811,WLNM_dir_neg,0.988816568047,0.962921253461,00:00:02,10,70,13,1236970037,threshold_sweep,0.3,0.955882352941,1,0.977443609023,65,3,0,127,1,0.976923076923,0.0230769230769,0,0.955882352941,1,0.977443609023,0.984615384615,0.550427350427,0.965779467681,0.96634545035,0.976923076923,216,151,65,0,216,0,151,0,65,37,216,0.162162162162,1.32432432432,11.6756756757,21.6,6,8.1990990496,0.702237650082,0.31006006006,10.329336629,1.76937710775,0.765265265265,3.0868314707,0.528762798222,0.252752752753,0.579945114934,0.437917739848,2,1.32432432432,0.579945114934,2,0.0121701261701,0.00597269624573,7,0.000900900900901,0.621196581197,37,37,37,1,0,0.72972972973,0.243243243243,0.027027027027,37,0.113363363363,1.31981981982,8.16216216216,15.1,4.57575757576,5.97454560575,0.731980753022,0.359584750313,7.22794875765,1.77108678168,0.773581528548,2.44243023758,0.598476283382,0.332915697154,0.567072809762,0.429659262004,2,1.3287037037,0.57249954753,2,0,0,0,0,0.345407553799,37,36,36,0.972972972973,0,0.702702702703,0.189189189189,0.0810810810811,37,219,0.164414414414,1.33194694772,11.8378378378,21.9,5.91891891892,8.3317115539,0.703820382407,0.315068493151,10.4864419831,1.77168197888,0.766382821177,2.96627692551,0.501151809332,0.239664321856,0.591680991423,0.444222641477,2.02563973324,1.33194694772,0.591680991423,2.02563973324,0.0121701261701,0.00597269624573,7,0.000900900900901,0.607192282421,37,37,37,1,0,0.72972972973,0.27027027027,0,3,0.00225225225225,0.00762262339598,0.162162162162,0.3,-0.0810810810811,0.132612504297,0.00158273232535,0.00500843309063,0.157105354126,0.00230487113896,0.00111755591208,-0.120554545196,-0.0276109888901,-0.0130884308967,0.0117358764885,0.00630490162807,0.025639733241,0.00762262339598,0.0117358764885,0.025639733241,0,0,0,0,-0.0140042987755,0,0.027027027027,-0.027027027027,216,3,0,1113,1,0.997311827957,0.00268817204301,0,0.986301369863,1,0.993103448276,0.991791319832,0.997311827957,0.986301369863,68,65,0,0,0,0
2812,WLNM_dir_neg,0.988816568047,0.962921253461,00:00:02,10,70,13,1236970037,threshold_sweep,0.4,0.955882352941,1,0.977443609023,65,3,0,127,1,0.976923076923,0.0230769230769,0,0.955882352941,1,0.977443609023,0.984615384615,0.550427350427,0.965779467681,0.96634545035,0.976923076923,216,151,65,0,216,0,151,0,65,37,216,0.162162162162,1.32432432432,11.6756756757,21.6,6,8.1990990496,0.702237650082,0.31006006006,10.329336629,1.76937710775,0.765265265265,3.0868314707,0.528762798222,0.252752752753,0.579945114934,0.437917739848,2,1.32432432432,0.579945114934,2,0.0121701261701,0.00597269624573,7,0.000900900900901,0.621196581197,37,37,37,1,0,0.72972972973,0.243243243243,0.027027027027,37,0.113363363363,1.31981981982,8.16216216216,15.1,4.57575757576,5.97454560575,0.731980753022,0.359584750313,7.22794875765,1.77108678168,0.773581528548,2.44243023758,0.598476283382,0.332915697154,0.567072809762,0.429659262004,2,1.3287037037,0.57249954753,2,0,0,0,0,0.345407553799,37,36,36,0.972972972973,0,0.702702702703,0.189189189189,0.0810810810811,37,219,0.164414414414,1.33194694772,11.8378378378,21.9,5.91891891892,8.3317115539,0.703820382407,0.315068493151,10.4864419831,1.77168197888,0.766382821177,2.96627692551,0.501151809332,0.239664321856,0.591680991423,0.444222641477,2.02563973324,1.33194694772,0.591680991423,2.02563973324,0.0121701261701,0.00597269624573,7,0.000900900900901,0.607192282421,37,37,37,1,0,0.72972972973,0.27027027027,0,3,0.00225225225225,0.00762262339598,0.162162162162,0.3,-0.0810810810811,0.132612504297,0.00158273232535,0.00500843309063,0.157105354126,0.00230487113896,0.00111755591208,-0.120554545196,-0.0276109888901,-0.0130884308967,0.0117358764885,0.00630490162807,0.025639733241,0.00762262339598,0.0117358764885,0.025639733241,0,0,0,0,-0.0140042987755,0,0.027027027027,-0.027027027027,216,3,0,1113,1,0.997311827957,0.00268817204301,0,0.986301369863,1,0.993103448276,0.991791319832,0.997311827957,0.986301369863,68,65,0,0,0,0
2813,WLNM_dir_neg,0.988816568047,0.962921253461,00:00:02,10,70,13,1236970037,threshold_sweep,0.5,0.955882352941,1,0.977443609023,65,3,0,127,1,0.976923076923,0.0230769230769,0,0.955882352941,1,0.977443609023,0.984615384615,0.550427350427,0.965779467681,0.96634545035,0.976923076923,216,151,65,0,216,0,151,0,65,37,216,0.162162162162,1.32432432432,11.6756756757,21.6,6,8.1990990496,0.702237650082,0.31006006006,10.329336629,1.76937710775,0.765265265265,3.0868314707,0.528762798222,0.252752752753,0.579945114934,0.437917739848,2,1.32432432432,0.579945114934,2,0.0121701261701,0.00597269624573,7,0.000900900900901,0.621196581197,37,37,37,1,0,0.72972972973,0.243243243243,0.027027027027,37,0.113363363363,1.31981981982,8.16216216216,15.1,4.57575757576,5.97454560575,0.731980753022,0.359584750313,7.22794875765,1.77108678168,0.773581528548,2.44243023758,0.598476283382,0.332915697154,0.567072809762,0.429659262004,2,1.3287037037,0.57249954753,2,0,0,0,0,0.345407553799,37,36,36,0.972972972973,0,0.702702702703,0.189189189189,0.0810810810811,37,219,0.164414414414,1.33194694772,11.8378378378,21.9,5.91891891892,8.3317115539,0.703820382407,0.315068493151,10.4864419831,1.77168197888,0.766382821177,2.96627692551,0.501151809332,0.239664321856,0.591680991423,0.444222641477,2.02563973324,1.33194694772,0.591680991423,2.02563973324,0.0121701261701,0.00597269624573,7,0.000900900900901,0.607192282421,37,37,37,1,0,0.72972972973,0.27027027027,0,3,0.00225225225225,0.00762262339598,0.162162162162,0.3,-0.0810810810811,0.132612504297,0.00158273232535,0.00500843309063,0.157105354126,0.00230487113896,0.00111755591208,-0.120554545196,-0.0276109888901,-0.0130884308967,0.0117358764885,0.00630490162807,0.025639733241,0.00762262339598,0.0117358764885,0.025639733241,0,0,0,0,-0.0140042987755,0,0.027027027027,-0.027027027027,216,3,0,1113,1,0.997311827957,0.00268817204301,0,0.986301369863,1,0.993103448276,0.991791319832,0.997311827957,0.986301369863,68,65,0,0,0,0
2814,WLNM_dir_neg,0.988816568047,0.962921253461,00:00:02,10,70,13,1236970037,threshold_sweep,0.6,0.955882352941,1,0.977443609023,65,3,0,127,1,0.976923076923,0.0230769230769,0,0.955882352941,1,0.977443609023,0.984615384615,0.550427350427,0.965779467681,0.96634545035,0.976923076923,216,151,65,0,216,0,151,0,65,37,216,0.162162162162,1.32432432432,11.6756756757,21.6,6,8.1990990496,0.702237650082,0.31006006006,10.329336629,1.76937710775,0.765265265265,3.0868314707,0.528762798222,0.252752752753,0.579945114934,0.437917739848,2,1.32432432432,0.579945114934,2,0.0121701261701,0.00597269624573,7,0.000900900900901,0.621196581197,37,37,37,1,0,0.72972972973,0.243243243243,0.027027027027,37,0.113363363363,1.31981981982,8.16216216216,15.1,4.57575757576,5.97454560575,0.731980753022,0.359584750313,7.22794875765,1.77108678168,0.773581528548,2.44243023758,0.598476283382,0.332915697154,0.567072809762,0.429659262004,2,1.3287037037,0.57249954753,2,0,0,0,0,0.345407553799,37,36,36,0.972972972973,0,0.702702702703,0.189189189189,0.0810810810811,37,219,0.164414414414,1.33194694772,11.8378378378,21.9,5.91891891892,8.3317115539,0.703820382407,0.315068493151,10.4864419831,1.77168197888,0.766382821177,2.96627692551,0.501151809332,0.239664321856,0.591680991423,0.444222641477,2.02563973324,1.33194694772,0.591680991423,2.02563973324,0.0121701261701,0.00597269624573,7,0.000900900900901,0.607192282421,37,37,37,1,0,0.72972972973,0.27027027027,0,3,0.00225225225225,0.00762262339598,0.162162162162,0.3,-0.0810810810811,0.132612504297,0.00158273232535,0.00500843309063,0.157105354126,0.00230487113896,0.00111755591208,-0.120554545196,-0.0276109888901,-0.0130884308967,0.0117358764885,0.00630490162807,0.025639733241,0.00762262339598,0.0117358764885,0.025639733241,0,0,0,0,-0.0140042987755,0,0.027027027027,-0.027027027027,216,3,0,1113,1,0.997311827957,0.00268817204301,0,0.986301369863,1,0.993103448276,0.991791319832,0.997311827957,0.986301369863,68,65,0,0,0,0
2815,WLNM_dir_neg,0.988816568047,0.962921253461,00:00:02,10,70,13,1236970037,threshold_sweep,0.7,0.955882352941,1,0.977443609023,65,3,0,127,1,0.976923076923,0.0230769230769,0,0.955882352941,1,0.977443609023,0.984615384615,0.550427350427,0.965779467681,0.96634545035,0.976923076923,216,151,65,0,216,0,151,0,65,37,216,0.162162162162,1.32432432432,11.6756756757,21.6,6,8.1990990496,0.702237650082,0.31006006006,10.329336629,1.76937710775,0.765265265265,3.0868314707,0.528762798222,0.252752752753,0.579945114934,0.437917739848,2,1.32432432432,0.579945114934,2,0.0121701261701,0.00597269624573,7,0.000900900900901,0.621196581197,37,37,37,1,0,0.72972972973,0.243243243243,0.027027027027,37,0.113363363363,1.31981981982,8.16216216216,15.1,4.57575757576,5.97454560575,0.731980753022,0.359584750313,7.22794875765,1.77108678168,0.773581528548,2.44243023758,0.598476283382,0.332915697154,0.567072809762,0.429659262004,2,1.3287037037,0.57249954753,2,0,0,0,0,0.345407553799,37,36,36,0.972972972973,0,0.702702702703,0.189189189189,0.0810810810811,37,219,0.164414414414,1.33194694772,11.8378378378,21.9,5.91891891892,8.3317115539,0.703820382407,0.315068493151,10.4864419831,1.77168197888,0.766382821177,2.96627692551,0.501151809332,0.239664321856,0.591680991423,0.444222641477,2.02563973324,1.33194694772,0.591680991423,2.02563973324,0.0121701261701,0.00597269624573,7,0.000900900900901,0.607192282421,37,37,37,1,0,0.72972972973,0.27027027027,0,3,0.00225225225225,0.00762262339598,0.162162162162,0.3,-0.0810810810811,0.132612504297,0.00158273232535,0.00500843309063,0.157105354126,0.00230487113896,0.00111755591208,-0.120554545196,-0.0276109888901,-0.0130884308967,0.0117358764885,0.00630490162807,0.025639733241,0.00762262339598,0.0117358764885,0.025639733241,0,0,0,0,-0.0140042987755,0,0.027027027027,-0.027027027027,216,3,0,1113,1,0.997311827957,0.00268817204301,0,0.986301369863,1,0.993103448276,0.991791319832,0.997311827957,0.986301369863,68,65,0,0,0,0
2816,WLNM_dir_neg,0.988816568047,0.962921253461,00:00:02,10,70,13,1236970037,threshold_sweep,0.8,0.955882352941,1,0.977443609023,65,3,0,127,1,0.976923076923,0.0230769230769,0,0.955882352941,1,0.977443609023,0.984615384615,0.550427350427,0.965779467681,0.96634545035,0.976923076923,216,151,65,0,216,0,151,0,65,37,216,0.162162162162,1.32432432432,11.6756756757,21.6,6,8.1990990496,0.702237650082,0.31006006006,10.329336629,1.76937710775,0.765265265265,3.0868314707,0.528762798222,0.252752752753,0.579945114934,0.437917739848,2,1.32432432432,0.579945114934,2,0.0121701261701,0.00597269624573,7,0.000900900900901,0.621196581197,37,37,37,1,0,0.72972972973,0.243243243243,0.027027027027,37,0.113363363363,1.31981981982,8.16216216216,15.1,4.57575757576,5.97454560575,0.731980753022,0.359584750313,7.22794875765,1.77108678168,0.773581528548,2.44243023758,0.598476283382,0.332915697154,0.567072809762,0.429659262004,2,1.3287037037,0.57249954753,2,0,0,0,0,0.345407553799,37,36,36,0.972972972973,0,0.702702702703,0.189189189189,0.0810810810811,37,219,0.164414414414,1.33194694772,11.8378378378,21.9,5.91891891892,8.3317115539,0.703820382407,0.315068493151,10.4864419831,1.77168197888,0.766382821177,2.96627692551,0.501151809332,0.239664321856,0.591680991423,0.444222641477,2.02563973324,1.33194694772,0.591680991423,2.02563973324,0.0121701261701,0.00597269624573,7,0.000900900900901,0.607192282421,37,37,37,1,0,0.72972972973,0.27027027027,0,3,0.00225225225225,0.00762262339598,0.162162162162,0.3,-0.0810810810811,0.132612504297,0.00158273232535,0.00500843309063,0.157105354126,0.00230487113896,0.00111755591208,-0.120554545196,-0.0276109888901,-0.0130884308967,0.0117358764885,0.00630490162807,0.025639733241,0.00762262339598,0.0117358764885,0.025639733241,0,0,0,0,-0.0140042987755,0,0.027027027027,-0.027027027027,216,3,0,1113,1,0.997311827957,0.00268817204301,0,0.986301369863,1,0.993103448276,0.991791319832,0.997311827957,0.986301369863,68,65,0,0,0,0
2817,WLNM_dir_neg,0.988816568047,0.962921253461,00:00:02,10,70,13,1236970037,threshold_sweep,0.9,0.955882352941,1,0.977443609023,65,3,0,127,1,0.976923076923,0.0230769230769,0,0.955882352941,1,0.977443609023,0.984615384615,0.550427350427,0.965779467681,0.96634545035,0.976923076923,216,151,65,0,216,0,151,0,65,37,216,0.162162162162,1.32432432432,11.6756756757,21.6,6,8.1990990496,0.702237650082,0.31006006006,10.329336629,1.76937710775,0.765265265265,3.0868314707,0.528762798222,0.252752752753,0.579945114934,0.437917739848,2,1.32432432432,0.579945114934,2,0.0121701261701,0.00597269624573,7,0.000900900900901,0.621196581197,37,37,37,1,0,0.72972972973,0.243243243243,0.027027027027,37,0.113363363363,1.31981981982,8.16216216216,15.1,4.57575757576,5.97454560575,0.731980753022,0.359584750313,7.22794875765,1.77108678168,0.773581528548,2.44243023758,0.598476283382,0.332915697154,0.567072809762,0.429659262004,2,1.3287037037,0.57249954753,2,0,0,0,0,0.345407553799,37,36,36,0.972972972973,0,0.702702702703,0.189189189189,0.0810810810811,37,219,0.164414414414,1.33194694772,11.8378378378,21.9,5.91891891892,8.3317115539,0.703820382407,0.315068493151,10.4864419831,1.77168197888,0.766382821177,2.96627692551,0.501151809332,0.239664321856,0.591680991423,0.444222641477,2.02563973324,1.33194694772,0.591680991423,2.02563973324,0.0121701261701,0.00597269624573,7,0.000900900900901,0.607192282421,37,37,37,1,0,0.72972972973,0.27027027027,0,3,0.00225225225225,0.00762262339598,0.162162162162,0.3,-0.0810810810811,0.132612504297,0.00158273232535,0.00500843309063,0.157105354126,0.00230487113896,0.00111755591208,-0.120554545196,-0.0276109888901,-0.0130884308967,0.0117358764885,0.00630490162807,0.025639733241,0.00762262339598,0.0117358764885,0.025639733241,0,0,0,0,-0.0140042987755,0,0.027027027027,-0.027027027027,216,3,0,1113,1,0.997311827957,0.00268817204301,0,0.986301369863,1,0.993103448276,0.991791319832,0.997311827957,0.986301369863,68,65,0,0,0,0
2818,WLNM_dir_neg,0.993017751479,0.971067738232,00:00:03,10,70,14,1236970038,threshold_sweep,0.1,1,0.0307692307692,0.0597014925373,2,0,63,130,0.0307692307692,1,0,0.969230769231,1,0.0307692307692,0.0597014925373,0.676923076923,0.663247863248,0.0406091370558,0.14396315015,0.0307692307692,216,151,65,0,216,0,151,0,65,37,216,0.162162162162,1.32432432432,11.6756756757,21.6,6,8.1990990496,0.702237650082,0.31006006006,10.329336629,1.76937710775,0.765265265265,3.0868314707,0.528762798222,0.252752752753,0.579945114934,0.437917739848,2,1.32432432432,0.579945114934,2,0.0121701261701,0.00597269624573,7,0.000900900900901,0.621196581197,37,37,37,1,0,0.72972972973,0.243243243243,0.027027027027,37,0.113363363363,1.32432432432,8.16216216216,15.1,4.31428571429,5.83815759329,0.715270963416,0.344549847861,7.34233681534,1.79911564349,0.779667084303,2.40806951702,0.590056769071,0.321818507249,0.579945114934,0.437917739848,2,1.32432432432,0.579945114934,2,0.0080582408402,0.00353982300885,2,0.0002574002574,0.32817013475,37,37,37,1,0,0.72972972973,0.216216216216,0.0540540540541,37,153,0.114864864865,1.32432432432,8.27027027027,15.3,4.25,5.9425427061,0.718542745509,0.347995053877,7.35663782717,1.77905620657,0.776187952659,2.33526303732,0.564736812946,0.308426073132,0.579945114934,0.437917739848,2,1.32432432432,0.579945114934,2,0.00872614436524,0.00514874141876,3,0.0003861003861,0.329898529812,37,37,37,1,0,0.72972972973,0.243243243243,0.027027027027,-63,-0.0472972972973,0,-3.40540540541,-6.3,-1.75,-2.25655634351,0.0163050954269,0.0379349938173,-2.97269880183,0.00967909882473,0.0109226873933,-0.751568433388,0.0359740147232,0.0556733203792,0,0,0,0,0,0,-0.00344398180488,-0.000823954826969,-4,-0.000514800514801,-0.291298051385,0,0,0,153,0,63,1116,0.708333333333,1,0,0.291666666667,1,0.708333333333,0.829268292683,0.818830544472,0.708333333333,0.708333333333,2,65,0,0,0,0
2819,WLNM_dir_neg,0.993017751479,0.971067738232,00:00:03,10,70,14,1236970038,threshold_sweep,0.2,1,0.0307692307692,0.0597014925373,2,0,63,130,0.0307692307692,1,0,0.969230769231,1,0.0307692307692,0.0597014925373,0.676923076923,0.663247863248,0.0406091370558,0.14396315015,0.0307692307692,216,151,65,0,216,0,151,0,65,37,216,0.162162162162,1.32432432432,11.6756756757,21.6,6,8.1990990496,0.702237650082,0.31006006006,10.329336629,1.76937710775,0.765265265265,3.0868314707,0.528762798222,0.252752752753,0.579945114934,0.437917739848,2,1.32432432432,0.579945114934,2,0.0121701261701,0.00597269624573,7,0.000900900900901,0.621196581197,37,37,37,1,0,0.72972972973,0.243243243243,0.027027027027,37,0.113363363363,1.32432432432,8.16216216216,15.1,4.31428571429,5.83815759329,0.715270963416,0.344549847861,7.34233681534,1.79911564349,0.779667084303,2.40806951702,0.590056769071,0.321818507249,0.579945114934,0.437917739848,2,1.32432432432,0.579945114934,2,0.0080582408402,0.00353982300885,2,0.0002574002574,0.32817013475,37,37,37,1,0,0.72972972973,0.216216216216,0.0540540540541,37,153,0.114864864865,1.32432432432,8.27027027027,15.3,4.25,5.9425427061,0.718542745509,0.347995053877,7.35663782717,1.77905620657,0.776187952659,2.33526303732,0.564736812946,0.308426073132,0.579945114934,0.437917739848,2,1.32432432432,0.579945114934,2,0.00872614436524,0.00514874141876,3,0.0003861003861,0.329898529812,37,37,37,1,0,0.72972972973,0.243243243243,0.027027027027,-63,-0.0472972972973,0,-3.40540540541,-6.3,-1.75,-2.25655634351,0.0163050954269,0.0379349938173,-2.97269880183,0.00967909882473,0.0109226873933,-0.751568433388,0.0359740147232,0.0556733203792,0,0,0,0,0,0,-0.00344398180488,-0.000823954826969,-4,-0.000514800514801,-0.291298051385,0,0,0,153,0,63,1116,0.708333333333,1,0,0.291666666667,1,0.708333333333,0.829268292683,0.818830544472,0.708333333333,0.708333333333,2,65,0,0,0,0
2820,WLNM_dir_neg,0.993017751479,0.971067738232,00:00:03,10,70,14,1236970038,threshold_sweep,0.3,1,0.0307692307692,0.0597014925373,2,0,63,130,0.0307692307692,1,0,0.969230769231,1,0.0307692307692,0.0597014925373,0.676923076923,0.663247863248,0.0406091370558,0.14396315015,0.0307692307692,216,151,65,0,216,0,151,0,65,37,216,0.162162162162,1.32432432432,11.6756756757,21.6,6,8.1990990496,0.702237650082,0.31006006006,10.329336629,1.76937710775,0.765265265265,3.0868314707,0.528762798222,0.252752752753,0.579945114934,0.437917739848,2,1.32432432432,0.579945114934,2,0.0121701261701,0.00597269624573,7,0.000900900900901,0.621196581197,37,37,37,1,0,0.72972972973,0.243243243243,0.027027027027,37,0.113363363363,1.32432432432,8.16216216216,15.1,4.31428571429,5.83815759329,0.715270963416,0.344549847861,7.34233681534,1.79911564349,0.779667084303,2.40806951702,0.590056769071,0.321818507249,0.579945114934,0.437917739848,2,1.32432432432,0.579945114934,2,0.0080582408402,0.00353982300885,2,0.0002574002574,0.32817013475,37,37,37,1,0,0.72972972973,0.216216216216,0.0540540540541,37,153,0.114864864865,1.32432432432,8.27027027027,15.3,4.25,5.9425427061,0.718542745509,0.347995053877,7.35663782717,1.77905620657,0.776187952659,2.33526303732,0.564736812946,0.308426073132,0.579945114934,0.437917739848,2,1.32432432432,0.579945114934,2,0.00872614436524,0.00514874141876,3,0.0003861003861,0.329898529812,37,37,37,1,0,0.72972972973,0.243243243243,0.027027027027,-63,-0.0472972972973,0,-3.40540540541,-6.3,-1.75,-2.25655634351,0.0163050954269,0.0379349938173,-2.97269880183,0.00967909882473,0.0109226873933,-0.751568433388,0.0359740147232,0.0556733203792,0,0,0,0,0,0,-0.00344398180488,-0.000823954826969,-4,-0.000514800514801,-0.291298051385,0,0,0,153,0,63,1116,0.708333333333,1,0,0.291666666667,1,0.708333333333,0.829268292683,0.818830544472,0.708333333333,0.708333333333,2,65,0,0,0,0
2821,WLNM_dir_neg,0.993017751479,0.971067738232,00:00:03,10,70,14,1236970038,threshold_sweep,0.4,1,0.0307692307692,0.0597014925373,2,0,63,130,0.0307692307692,1,0,0.969230769231,1,0.0307692307692,0.0597014925373,0.676923076923,0.663247863248,0.0406091370558,0.14396315015,0.0307692307692,216,151,65,0,216,0,151,0,65,37,216,0.162162162162,1.32432432432,11.6756756757,21.6,6,8.1990990496,0.702237650082,0.31006006006,10.329336629,1.76937710775,0.765265265265,3.0868314707,0.528762798222,0.252752752753,0.579945114934,0.437917739848,2,1.32432432432,0.579945114934,2,0.0121701261701,0.00597269624573,7,0.000900900900901,0.621196581197,37,37,37,1,0,0.72972972973,0.243243243243,0.027027027027,37,0.113363363363,1.32432432432,8.16216216216,15.1,4.31428571429,5.83815759329,0.715270963416,0.344549847861,7.34233681534,1.79911564349,0.779667084303,2.40806951702,0.590056769071,0.321818507249,0.579945114934,0.437917739848,2,1.32432432432,0.579945114934,2,0.0080582408402,0.00353982300885,2,0.0002574002574,0.32817013475,37,37,37,1,0,0.72972972973,0.216216216216,0.0540540540541,37,153,0.114864864865,1.32432432432,8.27027027027,15.3,4.25,5.9425427061,0.718542745509,0.347995053877,7.35663782717,1.77905620657,0.776187952659,2.33526303732,0.564736812946,0.308426073132,0.579945114934,0.437917739848,2,1.32432432432,0.579945114934,2,0.00872614436524,0.00514874141876,3,0.0003861003861,0.329898529812,37,37,37,1,0,0.72972972973,0.243243243243,0.027027027027,-63,-0.0472972972973,0,-3.40540540541,-6.3,-1.75,-2.25655634351,0.0163050954269,0.0379349938173,-2.97269880183,0.00967909882473,0.0109226873933,-0.751568433388,0.0359740147232,0.0556733203792,0,0,0,0,0,0,-0.00344398180488,-0.000823954826969,-4,-0.000514800514801,-0.291298051385,0,0,0,153,0,63,1116,0.708333333333,1,0,0.291666666667,1,0.708333333333,0.829268292683,0.818830544472,0.708333333333,0.708333333333,2,65,0,0,0,0
2822,WLNM_dir_neg,0.993017751479,0.971067738232,00:00:03,10,70,14,1236970038,threshold_sweep,0.5,1,0.0307692307692,0.0597014925373,2,0,63,130,0.0307692307692,1,0,0.969230769231,1,0.0307692307692,0.0597014925373,0.676923076923,0.663247863248,0.0406091370558,0.14396315015,0.0307692307692,216,151,65,0,216,0,151,0,65,37,216,0.162162162162,1.32432432432,11.6756756757,21.6,6,8.1990990496,0.702237650082,0.31006006006,10.329336629,1.76937710775,0.765265265265,3.0868314707,0.528762798222,0.252752752753,0.579945114934,0.437917739848,2,1.32432432432,0.579945114934,2,0.0121701261701,0.00597269624573,7,0.000900900900901,0.621196581197,37,37,37,1,0,0.72972972973,0.243243243243,0.027027027027,37,0.113363363363,1.32432432432,8.16216216216,15.1,4.31428571429,5.83815759329,0.715270963416,0.344549847861,7.34233681534,1.79911564349,0.779667084303,2.40806951702,0.590056769071,0.321818507249,0.579945114934,0.437917739848,2,1.32432432432,0.579945114934,2,0.0080582408402,0.00353982300885,2,0.0002574002574,0.32817013475,37,37,37,1,0,0.72972972973,0.216216216216,0.0540540540541,37,153,0.114864864865,1.32432432432,8.27027027027,15.3,4.25,5.9425427061,0.718542745509,0.347995053877,7.35663782717,1.77905620657,0.776187952659,2.33526303732,0.564736812946,0.308426073132,0.579945114934,0.437917739848,2,1.32432432432,0.579945114934,2,0.00872614436524,0.00514874141876,3,0.0003861003861,0.329898529812,37,37,37,1,0,0.72972972973,0.243243243243,0.027027027027,-63,-0.0472972972973,0,-3.40540540541,-6.3,-1.75,-2.25655634351,0.0163050954269,0.0379349938173,-2.97269880183,0.00967909882473,0.0109226873933,-0.751568433388,0.0359740147232,0.0556733203792,0,0,0,0,0,0,-0.00344398180488,-0.000823954826969,-4,-0.000514800514801,-0.291298051385,0,0,0,153,0,63,1116,0.708333333333,1,0,0.291666666667,1,0.708333333333,0.829268292683,0.818830544472,0.708333333333,0.708333333333,2,65,0,0,0,0
2823,WLNM_dir_neg,0.993017751479,0.971067738232,00:00:03,10,70,14,1236970038,threshold_sweep,0.6,1,0.0307692307692,0.0597014925373,2,0,63,130,0.0307692307692,1,0,0.969230769231,1,0.0307692307692,0.0597014925373,0.676923076923,0.663247863248,0.0406091370558,0.14396315015,0.0307692307692,216,151,65,0,216,0,151,0,65,37,216,0.162162162162,1.32432432432,11.6756756757,21.6,6,8.1990990496,0.702237650082,0.31006006006,10.329336629,1.76937710775,0.765265265265,3.0868314707,0.528762798222,0.252752752753,0.579945114934,0.437917739848,2,1.32432432432,0.579945114934,2,0.0121701261701,0.00597269624573,7,0.000900900900901,0.621196581197,37,37,37,1,0,0.72972972973,0.243243243243,0.027027027027,37,0.113363363363,1.32432432432,8.16216216216,15.1,4.31428571429,5.83815759329,0.715270963416,0.344549847861,7.34233681534,1.79911564349,0.779667084303,2.40806951702,0.590056769071,0.321818507249,0.579945114934,0.437917739848,2,1.32432432432,0.579945114934,2,0.0080582408402,0.00353982300885,2,0.0002574002574,0.32817013475,37,37,37,1,0,0.72972972973,0.216216216216,0.0540540540541,37,153,0.114864864865,1.32432432432,8.27027027027,15.3,4.25,5.9425427061,0.718542745509,0.347995053877,7.35663782717,1.77905620657,0.776187952659,2.33526303732,0.564736812946,0.308426073132,0.579945114934,0.437917739848,2,1.32432432432,0.579945114934,2,0.00872614436524,0.00514874141876,3,0.0003861003861,0.329898529812,37,37,37,1,0,0.72972972973,0.243243243243,0.027027027027,-63,-0.0472972972973,0,-3.40540540541,-6.3,-1.75,-2.25655634351,0.0163050954269,0.0379349938173,-2.97269880183,0.00967909882473,0.0109226873933,-0.751568433388,0.0359740147232,0.0556733203792,0,0,0,0,0,0,-0.00344398180488,-0.000823954826969,-4,-0.000514800514801,-0.291298051385,0,0,0,153,0,63,1116,0.708333333333,1,0,0.291666666667,1,0.708333333333,0.829268292683,0.818830544472,0.708333333333,0.708333333333,2,65,0,0,0,0
2824,WLNM_dir_neg,0.993017751479,0.971067738232,00:00:03,10,70,14,1236970038,threshold_sweep,0.7,1,0.0307692307692,0.0597014925373,2,0,63,130,0.0307692307692,1,0,0.969230769231,1,0.0307692307692,0.0597014925373,0.676923076923,0.663247863248,0.0406091370558,0.14396315015,0.0307692307692,216,151,65,0,216,0,151,0,65,37,216,0.162162162162,1.32432432432,11.6756756757,21.6,6,8.1990990496,0.702237650082,0.31006006006,10.329336629,1.76937710775,0.765265265265,3.0868314707,0.528762798222,0.252752752753,0.579945114934,0.437917739848,2,1.32432432432,0.579945114934,2,0.0121701261701,0.00597269624573,7,0.000900900900901,0.621196581197,37,37,37,1,0,0.72972972973,0.243243243243,0.027027027027,37,0.113363363363,1.32432432432,8.16216216216,15.1,4.31428571429,5.83815759329,0.715270963416,0.344549847861,7.34233681534,1.79911564349,0.779667084303,2.40806951702,0.590056769071,0.321818507249,0.579945114934,0.437917739848,2,1.32432432432,0.579945114934,2,0.0080582408402,0.00353982300885,2,0.0002574002574,0.32817013475,37,37,37,1,0,0.72972972973,0.216216216216,0.0540540540541,37,153,0.114864864865,1.32432432432,8.27027027027,15.3,4.25,5.9425427061,0.718542745509,0.347995053877,7.35663782717,1.77905620657,0.776187952659,2.33526303732,0.564736812946,0.308426073132,0.579945114934,0.437917739848,2,1.32432432432,0.579945114934,2,0.00872614436524,0.00514874141876,3,0.0003861003861,0.329898529812,37,37,37,1,0,0.72972972973,0.243243243243,0.027027027027,-63,-0.0472972972973,0,-3.40540540541,-6.3,-1.75,-2.25655634351,0.0163050954269,0.0379349938173,-2.97269880183,0.00967909882473,0.0109226873933,-0.751568433388,0.0359740147232,0.0556733203792,0,0,0,0,0,0,-0.00344398180488,-0.000823954826969,-4,-0.000514800514801,-0.291298051385,0,0,0,153,0,63,1116,0.708333333333,1,0,0.291666666667,1,0.708333333333,0.829268292683,0.818830544472,0.708333333333,0.708333333333,2,65,0,0,0,0
2825,WLNM_dir_neg,0.993017751479,0.971067738232,00:00:03,10,70,14,1236970038,threshold_sweep,0.8,1,0.0307692307692,0.0597014925373,2,0,63,130,0.0307692307692,1,0,0.969230769231,1,0.0307692307692,0.0597014925373,0.676923076923,0.663247863248,0.0406091370558,0.14396315015,0.0307692307692,216,151,65,0,216,0,151,0,65,37,216,0.162162162162,1.32432432432,11.6756756757,21.6,6,8.1990990496,0.702237650082,0.31006006006,10.329336629,1.76937710775,0.765265265265,3.0868314707,0.528762798222,0.252752752753,0.579945114934,0.437917739848,2,1.32432432432,0.579945114934,2,0.0121701261701,0.00597269624573,7,0.000900900900901,0.621196581197,37,37,37,1,0,0.72972972973,0.243243243243,0.027027027027,37,0.113363363363,1.32432432432,8.16216216216,15.1,4.31428571429,5.83815759329,0.715270963416,0.344549847861,7.34233681534,1.79911564349,0.779667084303,2.40806951702,0.590056769071,0.321818507249,0.579945114934,0.437917739848,2,1.32432432432,0.579945114934,2,0.0080582408402,0.00353982300885,2,0.0002574002574,0.32817013475,37,37,37,1,0,0.72972972973,0.216216216216,0.0540540540541,37,153,0.114864864865,1.32432432432,8.27027027027,15.3,4.25,5.9425427061,0.718542745509,0.347995053877,7.35663782717,1.77905620657,0.776187952659,2.33526303732,0.564736812946,0.308426073132,0.579945114934,0.437917739848,2,1.32432432432,0.579945114934,2,0.00872614436524,0.00514874141876,3,0.0003861003861,0.329898529812,37,37,37,1,0,0.72972972973,0.243243243243,0.027027027027,-63,-0.0472972972973,0,-3.40540540541,-6.3,-1.75,-2.25655634351,0.0163050954269,0.0379349938173,-2.97269880183,0.00967909882473,0.0109226873933,-0.751568433388,0.0359740147232,0.0556733203792,0,0,0,0,0,0,-0.00344398180488,-0.000823954826969,-4,-0.000514800514801,-0.291298051385,0,0,0,153,0,63,1116,0.708333333333,1,0,0.291666666667,1,0.708333333333,0.829268292683,0.818830544472,0.708333333333,0.708333333333,2,65,0,0,0,0
2826,WLNM_dir_neg,0.993017751479,0.971067738232,00:00:03,10,70,14,1236970038,threshold_sweep,0.9,1,0.0307692307692,0.0597014925373,2,0,63,130,0.0307692307692,1,0,0.969230769231,1,0.0307692307692,0.0597014925373,0.676923076923,0.663247863248,0.0406091370558,0.14396315015,0.0307692307692,216,151,65,0,216,0,151,0,65,37,216,0.162162162162,1.32432432432,11.6756756757,21.6,6,8.1990990496,0.702237650082,0.31006006006,10.329336629,1.76937710775,0.765265265265,3.0868314707,0.528762798222,0.252752752753,0.579945114934,0.437917739848,2,1.32432432432,0.579945114934,2,0.0121701261701,0.00597269624573,7,0.000900900900901,0.621196581197,37,37,37,1,0,0.72972972973,0.243243243243,0.027027027027,37,0.113363363363,1.32432432432,8.16216216216,15.1,4.31428571429,5.83815759329,0.715270963416,0.344549847861,7.34233681534,1.79911564349,0.779667084303,2.40806951702,0.590056769071,0.321818507249,0.579945114934,0.437917739848,2,1.32432432432,0.579945114934,2,0.0080582408402,0.00353982300885,2,0.0002574002574,0.32817013475,37,37,37,1,0,0.72972972973,0.216216216216,0.0540540540541,37,153,0.114864864865,1.32432432432,8.27027027027,15.3,4.25,5.9425427061,0.718542745509,0.347995053877,7.35663782717,1.77905620657,0.776187952659,2.33526303732,0.564736812946,0.308426073132,0.579945114934,0.437917739848,2,1.32432432432,0.579945114934,2,0.00872614436524,0.00514874141876,3,0.0003861003861,0.329898529812,37,37,37,1,0,0.72972972973,0.243243243243,0.027027027027,-63,-0.0472972972973,0,-3.40540540541,-6.3,-1.75,-2.25655634351,0.0163050954269,0.0379349938173,-2.97269880183,0.00967909882473,0.0109226873933,-0.751568433388,0.0359740147232,0.0556733203792,0,0,0,0,0,0,-0.00344398180488,-0.000823954826969,-4,-0.000514800514801,-0.291298051385,0,0,0,153,0,63,1116,0.708333333333,1,0,0.291666666667,1,0.708333333333,0.829268292683,0.818830544472,0.708333333333,0.708333333333,2,65,0,0,0,0
2827,WLNM_dir_neg,0.992899408284,0.970838117107,00:00:02,10,70,15,1236970039,threshold_sweep,0.1,1,0.0461538461538,0.0882352941176,3,0,62,130,0.0461538461538,1,0,0.953846153846,1,0.0461538461538,0.0882352941176,0.682051282051,0.661538461538,0.0606060606061,0.176776695297,0.0461538461538,216,151,65,0,216,0,151,0,65,37,216,0.162162162162,1.32432432432,11.6756756757,21.6,6,8.1990990496,0.702237650082,0.31006006006,10.329336629,1.76937710775,0.765265265265,3.0868314707,0.528762798222,0.252752752753,0.579945114934,0.437917739848,2,1.32432432432,0.579945114934,2,0.0121701261701,0.00597269624573,7,0.000900900900901,0.621196581197,37,37,37,1,0,0.72972972973,0.243243243243,0.027027027027,37,0.113363363363,1.32432432432,8.16216216216,15.1,4.44117647059,5.77597280654,0.70765229749,0.341686056918,7.24713881618,1.77578898145,0.772149633077,2.32592130346,0.569927736611,0.313943082155,0.579945114934,0.437917739848,2,1.32432432432,0.579945114934,2,0.013761188686,0.00713436385256,4,0.000514800514801,0.32553319949,37,37,37,1,0,0.72972972973,0.189189189189,0.0810810810811,37,154,0.115615615616,1.32432432432,8.32432432432,15.4,4.27777777778,5.93040215075,0.712418440188,0.347665847666,7.29731120008,1.75325009352,0.767637767638,2.20496300691,0.529763839324,0.292383292383,0.579945114934,0.437917739848,2,1.32432432432,0.579945114934,2,0.0135654612722,0.00851788756388,5,0.000643500643501,0.32553319949,37,37,37,1,0,0.72972972973,0.243243243243,0.027027027027,-62,-0.0465465465465,0,-3.35135135135,-6.2,-1.72222222222,-2.26869689885,0.0101807901061,0.0376057876058,-3.03202542892,-0.0161270142206,0.0023725023725,-0.881868463789,0.00100104110119,0.0396305396305,0,0,0,0,0,0,0.0013953351021,0.00254519131815,-2,-0.0002574002574,-0.295663381707,0,0,0,154,0,62,1116,0.712962962963,1,0,0.287037037037,1,0.712962962963,0.832432432432,0.821850714237,0.712962962963,0.712962962963,3,65,0,0,0,0
2828,WLNM_dir_neg,0.992899408284,0.970838117107,00:00:02,10,70,15,1236970039,threshold_sweep,0.2,1,0.0461538461538,0.0882352941176,3,0,62,130,0.0461538461538,1,0,0.953846153846,1,0.0461538461538,0.0882352941176,0.682051282051,0.661538461538,0.0606060606061,0.176776695297,0.0461538461538,216,151,65,0,216,0,151,0,65,37,216,0.162162162162,1.32432432432,11.6756756757,21.6,6,8.1990990496,0.702237650082,0.31006006006,10.329336629,1.76937710775,0.765265265265,3.0868314707,0.528762798222,0.252752752753,0.579945114934,0.437917739848,2,1.32432432432,0.579945114934,2,0.0121701261701,0.00597269624573,7,0.000900900900901,0.621196581197,37,37,37,1,0,0.72972972973,0.243243243243,0.027027027027,37,0.113363363363,1.32432432432,8.16216216216,15.1,4.44117647059,5.77597280654,0.70765229749,0.341686056918,7.24713881618,1.77578898145,0.772149633077,2.32592130346,0.569927736611,0.313943082155,0.579945114934,0.437917739848,2,1.32432432432,0.579945114934,2,0.013761188686,0.00713436385256,4,0.000514800514801,0.32553319949,37,37,37,1,0,0.72972972973,0.189189189189,0.0810810810811,37,154,0.115615615616,1.32432432432,8.32432432432,15.4,4.27777777778,5.93040215075,0.712418440188,0.347665847666,7.29731120008,1.75325009352,0.767637767638,2.20496300691,0.529763839324,0.292383292383,0.579945114934,0.437917739848,2,1.32432432432,0.579945114934,2,0.0135654612722,0.00851788756388,5,0.000643500643501,0.32553319949,37,37,37,1,0,0.72972972973,0.243243243243,0.027027027027,-62,-0.0465465465465,0,-3.35135135135,-6.2,-1.72222222222,-2.26869689885,0.0101807901061,0.0376057876058,-3.03202542892,-0.0161270142206,0.0023725023725,-0.881868463789,0.00100104110119,0.0396305396305,0,0,0,0,0,0,0.0013953351021,0.00254519131815,-2,-0.0002574002574,-0.295663381707,0,0,0,154,0,62,1116,0.712962962963,1,0,0.287037037037,1,0.712962962963,0.832432432432,0.821850714237,0.712962962963,0.712962962963,3,65,0,0,0,0
2829,WLNM_dir_neg,0.992899408284,0.970838117107,00:00:02,10,70,15,1236970039,threshold_sweep,0.3,1,0.0461538461538,0.0882352941176,3,0,62,130,0.0461538461538,1,0,0.953846153846,1,0.0461538461538,0.0882352941176,0.682051282051,0.661538461538,0.0606060606061,0.176776695297,0.0461538461538,216,151,65,0,216,0,151,0,65,37,216,0.162162162162,1.32432432432,11.6756756757,21.6,6,8.1990990496,0.702237650082,0.31006006006,10.329336629,1.76937710775,0.765265265265,3.0868314707,0.528762798222,0.252752752753,0.579945114934,0.437917739848,2,1.32432432432,0.579945114934,2,0.0121701261701,0.00597269624573,7,0.000900900900901,0.621196581197,37,37,37,1,0,0.72972972973,0.243243243243,0.027027027027,37,0.113363363363,1.32432432432,8.16216216216,15.1,4.44117647059,5.77597280654,0.70765229749,0.341686056918,7.24713881618,1.77578898145,0.772149633077,2.32592130346,0.569927736611,0.313943082155,0.579945114934,0.437917739848,2,1.32432432432,0.579945114934,2,0.013761188686,0.00713436385256,4,0.000514800514801,0.32553319949,37,37,37,1,0,0.72972972973,0.189189189189,0.0810810810811,37,154,0.115615615616,1.32432432432,8.32432432432,15.4,4.27777777778,5.93040215075,0.712418440188,0.347665847666,7.29731120008,1.75325009352,0.767637767638,2.20496300691,0.529763839324,0.292383292383,0.579945114934,0.437917739848,2,1.32432432432,0.579945114934,2,0.0135654612722,0.00851788756388,5,0.000643500643501,0.32553319949,37,37,37,1,0,0.72972972973,0.243243243243,0.027027027027,-62,-0.0465465465465,0,-3.35135135135,-6.2,-1.72222222222,-2.26869689885,0.0101807901061,0.0376057876058,-3.03202542892,-0.0161270142206,0.0023725023725,-0.881868463789,0.00100104110119,0.0396305396305,0,0,0,0,0,0,0.0013953351021,0.00254519131815,-2,-0.0002574002574,-0.295663381707,0,0,0,154,0,62,1116,0.712962962963,1,0,0.287037037037,1,0.712962962963,0.832432432432,0.821850714237,0.712962962963,0.712962962963,3,65,0,0,0,0
2830,WLNM_dir_neg,0.992899408284,0.970838117107,00:00:02,10,70,15,1236970039,threshold_sweep,0.4,1,0.0461538461538,0.0882352941176,3,0,62,130,0.0461538461538,1,0,0.953846153846,1,0.0461538461538,0.0882352941176,0.682051282051,0.661538461538,0.0606060606061,0.176776695297,0.0461538461538,216,151,65,0,216,0,151,0,65,37,216,0.162162162162,1.32432432432,11.6756756757,21.6,6,8.1990990496,0.702237650082,0.31006006006,10.329336629,1.76937710775,0.765265265265,3.0868314707,0.528762798222,0.252752752753,0.579945114934,0.437917739848,2,1.32432432432,0.579945114934,2,0.0121701261701,0.00597269624573,7,0.000900900900901,0.621196581197,37,37,37,1,0,0.72972972973,0.243243243243,0.027027027027,37,0.113363363363,1.32432432432,8.16216216216,15.1,4.44117647059,5.77597280654,0.70765229749,0.341686056918,7.24713881618,1.77578898145,0.772149633077,2.32592130346,0.569927736611,0.313943082155,0.579945114934,0.437917739848,2,1.32432432432,0.579945114934,2,0.013761188686,0.00713436385256,4,0.000514800514801,0.32553319949,37,37,37,1,0,0.72972972973,0.189189189189,0.0810810810811,37,154,0.115615615616,1.32432432432,8.32432432432,15.4,4.27777777778,5.93040215075,0.712418440188,0.347665847666,7.29731120008,1.75325009352,0.767637767638,2.20496300691,0.529763839324,0.292383292383,0.579945114934,0.437917739848,2,1.32432432432,0.579945114934,2,0.0135654612722,0.00851788756388,5,0.000643500643501,0.32553319949,37,37,37,1,0,0.72972972973,0.243243243243,0.027027027027,-62,-0.0465465465465,0,-3.35135135135,-6.2,-1.72222222222,-2.26869689885,0.0101807901061,0.0376057876058,-3.03202542892,-0.0161270142206,0.0023725023725,-0.881868463789,0.00100104110119,0.0396305396305,0,0,0,0,0,0,0.0013953351021,0.00254519131815,-2,-0.0002574002574,-0.295663381707,0,0,0,154,0,62,1116,0.712962962963,1,0,0.287037037037,1,0.712962962963,0.832432432432,0.821850714237,0.712962962963,0.712962962963,3,65,0,0,0,0
2831,WLNM_dir_neg,0.992899408284,0.970838117107,00:00:02,10,70,15,1236970039,threshold_sweep,0.5,1,0.0153846153846,0.030303030303,1,0,64,130,0.0153846153846,1,0,0.984615384615,1,0.0153846153846,0.030303030303,0.671794871795,0.664957264957,0.0204081632653,0.101534616513,0.0153846153846,216,151,65,0,216,0,151,0,65,37,216,0.162162162162,1.32432432432,11.6756756757,21.6,6,8.1990990496,0.702237650082,0.31006006006,10.329336629,1.76937710775,0.765265265265,3.0868314707,0.528762798222,0.252752752753,0.579945114934,0.437917739848,2,1.32432432432,0.579945114934,2,0.0121701261701,0.00597269624573,7,0.000900900900901,0.621196581197,37,37,37,1,0,0.72972972973,0.243243243243,0.027027027027,37,0.113363363363,1.32432432432,8.16216216216,15.1,4.44117647059,5.77597280654,0.70765229749,0.341686056918,7.24713881618,1.77578898145,0.772149633077,2.32592130346,0.569927736611,0.313943082155,0.579945114934,0.437917739848,2,1.32432432432,0.579945114934,2,0.013761188686,0.00713436385256,4,0.000514800514801,0.32553319949,37,37,37,1,0,0.72972972973,0.189189189189,0.0810810810811,37,152,0.114114114114,1.32432432432,8.21621621622,15.2,4.47058823529,5.82206118109,0.708606130594,0.343527738265,7.26017976432,1.76728060052,0.770625889047,2.29472564063,0.558584530943,0.307965860597,0.579945114934,0.437917739848,2,1.32432432432,0.579945114934,2,0.015492898914,0.00878734622144,5,0.000643500643501,0.328310977267,37,37,37,1,0,0.72972972973,0.189189189189,0.0810810810811,-64,-0.048048048048,0,-3.45945945946,-6.4,-1.52941176471,-2.37703786851,0.00636848051176,0.0334676782045,-3.06915686468,-0.00209650722058,0.00536062378168,-0.792105830074,0.0298217327204,0.0552131078447,0,0,0,0,0,0,0.00332277274383,0.00281464997571,-2,-0.0002574002574,-0.292885603929,0,-0.0540540540541,0.0540540540541,152,0,64,1116,0.703703703704,1,0,0.296296296296,1,0.703703703704,0.826086956522,0.815804341226,0.703703703704,0.703703703704,1,65,0,0,0,0
2832,WLNM_dir_neg,0.992899408284,0.970838117107,00:00:02,10,70,15,1236970039,threshold_sweep,0.6,1,0.0153846153846,0.030303030303,1,0,64,130,0.0153846153846,1,0,0.984615384615,1,0.0153846153846,0.030303030303,0.671794871795,0.664957264957,0.0204081632653,0.101534616513,0.0153846153846,216,151,65,0,216,0,151,0,65,37,216,0.162162162162,1.32432432432,11.6756756757,21.6,6,8.1990990496,0.702237650082,0.31006006006,10.329336629,1.76937710775,0.765265265265,3.0868314707,0.528762798222,0.252752752753,0.579945114934,0.437917739848,2,1.32432432432,0.579945114934,2,0.0121701261701,0.00597269624573,7,0.000900900900901,0.621196581197,37,37,37,1,0,0.72972972973,0.243243243243,0.027027027027,37,0.113363363363,1.32432432432,8.16216216216,15.1,4.44117647059,5.77597280654,0.70765229749,0.341686056918,7.24713881618,1.77578898145,0.772149633077,2.32592130346,0.569927736611,0.313943082155,0.579945114934,0.437917739848,2,1.32432432432,0.579945114934,2,0.013761188686,0.00713436385256,4,0.000514800514801,0.32553319949,37,37,37,1,0,0.72972972973,0.189189189189,0.0810810810811,37,152,0.114114114114,1.32432432432,8.21621621622,15.2,4.47058823529,5.82206118109,0.708606130594,0.343527738265,7.26017976432,1.76728060052,0.770625889047,2.29472564063,0.558584530943,0.307965860597,0.579945114934,0.437917739848,2,1.32432432432,0.579945114934,2,0.015492898914,0.00878734622144,5,0.000643500643501,0.328310977267,37,37,37,1,0,0.72972972973,0.189189189189,0.0810810810811,-64,-0.048048048048,0,-3.45945945946,-6.4,-1.52941176471,-2.37703786851,0.00636848051176,0.0334676782045,-3.06915686468,-0.00209650722058,0.00536062378168,-0.792105830074,0.0298217327204,0.0552131078447,0,0,0,0,0,0,0.00332277274383,0.00281464997571,-2,-0.0002574002574,-0.292885603929,0,-0.0540540540541,0.0540540540541,152,0,64,1116,0.703703703704,1,0,0.296296296296,1,0.703703703704,0.826086956522,0.815804341226,0.703703703704,0.703703703704,1,65,0,0,0,0
2833,WLNM_dir_neg,0.992899408284,0.970838117107,00:00:02,10,70,15,1236970039,threshold_sweep,0.7,1,0.0153846153846,0.030303030303,1,0,64,130,0.0153846153846,1,0,0.984615384615,1,0.0153846153846,0.030303030303,0.671794871795,0.664957264957,0.0204081632653,0.101534616513,0.0153846153846,216,151,65,0,216,0,151,0,65,37,216,0.162162162162,1.32432432432,11.6756756757,21.6,6,8.1990990496,0.702237650082,0.31006006006,10.329336629,1.76937710775,0.765265265265,3.0868314707,0.528762798222,0.252752752753,0.579945114934,0.437917739848,2,1.32432432432,0.579945114934,2,0.0121701261701,0.00597269624573,7,0.000900900900901,0.621196581197,37,37,37,1,0,0.72972972973,0.243243243243,0.027027027027,37,0.113363363363,1.32432432432,8.16216216216,15.1,4.44117647059,5.77597280654,0.70765229749,0.341686056918,7.24713881618,1.77578898145,0.772149633077,2.32592130346,0.569927736611,0.313943082155,0.579945114934,0.437917739848,2,1.32432432432,0.579945114934,2,0.013761188686,0.00713436385256,4,0.000514800514801,0.32553319949,37,37,37,1,0,0.72972972973,0.189189189189,0.0810810810811,37,152,0.114114114114,1.32432432432,8.21621621622,15.2,4.47058823529,5.82206118109,0.708606130594,0.343527738265,7.26017976432,1.76728060052,0.770625889047,2.29472564063,0.558584530943,0.307965860597,0.579945114934,0.437917739848,2,1.32432432432,0.579945114934,2,0.015492898914,0.00878734622144,5,0.000643500643501,0.328310977267,37,37,37,1,0,0.72972972973,0.189189189189,0.0810810810811,-64,-0.048048048048,0,-3.45945945946,-6.4,-1.52941176471,-2.37703786851,0.00636848051176,0.0334676782045,-3.06915686468,-0.00209650722058,0.00536062378168,-0.792105830074,0.0298217327204,0.0552131078447,0,0,0,0,0,0,0.00332277274383,0.00281464997571,-2,-0.0002574002574,-0.292885603929,0,-0.0540540540541,0.0540540540541,152,0,64,1116,0.703703703704,1,0,0.296296296296,1,0.703703703704,0.826086956522,0.815804341226,0.703703703704,0.703703703704,1,65,0,0,0,0
2834,WLNM_dir_neg,0.992899408284,0.970838117107,00:00:02,10,70,15,1236970039,threshold_sweep,0.8,1,0.0153846153846,0.030303030303,1,0,64,130,0.0153846153846,1,0,0.984615384615,1,0.0153846153846,0.030303030303,0.671794871795,0.664957264957,0.0204081632653,0.101534616513,0.0153846153846,216,151,65,0,216,0,151,0,65,37,216,0.162162162162,1.32432432432,11.6756756757,21.6,6,8.1990990496,0.702237650082,0.31006006006,10.329336629,1.76937710775,0.765265265265,3.0868314707,0.528762798222,0.252752752753,0.579945114934,0.437917739848,2,1.32432432432,0.579945114934,2,0.0121701261701,0.00597269624573,7,0.000900900900901,0.621196581197,37,37,37,1,0,0.72972972973,0.243243243243,0.027027027027,37,0.113363363363,1.32432432432,8.16216216216,15.1,4.44117647059,5.77597280654,0.70765229749,0.341686056918,7.24713881618,1.77578898145,0.772149633077,2.32592130346,0.569927736611,0.313943082155,0.579945114934,0.437917739848,2,1.32432432432,0.579945114934,2,0.013761188686,0.00713436385256,4,0.000514800514801,0.32553319949,37,37,37,1,0,0.72972972973,0.189189189189,0.0810810810811,37,152,0.114114114114,1.32432432432,8.21621621622,15.2,4.47058823529,5.82206118109,0.708606130594,0.343527738265,7.26017976432,1.76728060052,0.770625889047,2.29472564063,0.558584530943,0.307965860597,0.579945114934,0.437917739848,2,1.32432432432,0.579945114934,2,0.015492898914,0.00878734622144,5,0.000643500643501,0.328310977267,37,37,37,1,0,0.72972972973,0.189189189189,0.0810810810811,-64,-0.048048048048,0,-3.45945945946,-6.4,-1.52941176471,-2.37703786851,0.00636848051176,0.0334676782045,-3.06915686468,-0.00209650722058,0.00536062378168,-0.792105830074,0.0298217327204,0.0552131078447,0,0,0,0,0,0,0.00332277274383,0.00281464997571,-2,-0.0002574002574,-0.292885603929,0,-0.0540540540541,0.0540540540541,152,0,64,1116,0.703703703704,1,0,0.296296296296,1,0.703703703704,0.826086956522,0.815804341226,0.703703703704,0.703703703704,1,65,0,0,0,0
2835,WLNM_dir_neg,0.992899408284,0.970838117107,00:00:02,10,70,15,1236970039,threshold_sweep,0.9,1,0.0153846153846,0.030303030303,1,0,64,130,0.0153846153846,1,0,0.984615384615,1,0.0153846153846,0.030303030303,0.671794871795,0.664957264957,0.0204081632653,0.101534616513,0.0153846153846,216,151,65,0,216,0,151,0,65,37,216,0.162162162162,1.32432432432,11.6756756757,21.6,6,8.1990990496,0.702237650082,0.31006006006,10.329336629,1.76937710775,0.765265265265,3.0868314707,0.528762798222,0.252752752753,0.579945114934,0.437917739848,2,1.32432432432,0.579945114934,2,0.0121701261701,0.00597269624573,7,0.000900900900901,0.621196581197,37,37,37,1,0,0.72972972973,0.243243243243,0.027027027027,37,0.113363363363,1.32432432432,8.16216216216,15.1,4.44117647059,5.77597280654,0.70765229749,0.341686056918,7.24713881618,1.77578898145,0.772149633077,2.32592130346,0.569927736611,0.313943082155,0.579945114934,0.437917739848,2,1.32432432432,0.579945114934,2,0.013761188686,0.00713436385256,4,0.000514800514801,0.32553319949,37,37,37,1,0,0.72972972973,0.189189189189,0.0810810810811,37,152,0.114114114114,1.32432432432,8.21621621622,15.2,4.47058823529,5.82206118109,0.708606130594,0.343527738265,7.26017976432,1.76728060052,0.770625889047,2.29472564063,0.558584530943,0.307965860597,0.579945114934,0.437917739848,2,1.32432432432,0.579945114934,2,0.015492898914,0.00878734622144,5,0.000643500643501,0.328310977267,37,37,37,1,0,0.72972972973,0.189189189189,0.0810810810811,-64,-0.048048048048,0,-3.45945945946,-6.4,-1.52941176471,-2.37703786851,0.00636848051176,0.0334676782045,-3.06915686468,-0.00209650722058,0.00536062378168,-0.792105830074,0.0298217327204,0.0552131078447,0,0,0,0,0,0,0.00332277274383,0.00281464997571,-2,-0.0002574002574,-0.292885603929,0,-0.0540540540541,0.0540540540541,152,0,64,1116,0.703703703704,1,0,0.296296296296,1,0.703703703704,0.826086956522,0.815804341226,0.703703703704,0.703703703704,1,65,0,0,0,0
2836,WLNM_dir_neg,0.993017751479,0.971067738232,00:00:02,10,70,16,1236970040,threshold_sweep,0.1,1,0.0923076923077,0.169014084507,6,0,59,130,0.0923076923077,1,0,0.907692307692,1,0.0923076923077,0.169014084507,0.697435897436,0.65641025641,0.119402985075,0.251976315339,0.0923076923077,216,151,65,0,216,0,151,0,65,37,216,0.162162162162,1.32432432432,11.6756756757,21.6,6,8.1990990496,0.702237650082,0.31006006006,10.329336629,1.76937710775,0.765265265265,3.0868314707,0.528762798222,0.252752752753,0.579945114934,0.437917739848,2,1.32432432432,0.579945114934,2,0.0121701261701,0.00597269624573,7,0.000900900900901,0.621196581197,37,37,37,1,0,0.72972972973,0.243243243243,0.027027027027,37,0.113363363363,1.32432432432,8.16216216216,15.1,4.71875,5.96989444125,0.731410908365,0.354573116163,7.27773766121,1.78328671169,0.771791659209,2.46507131268,0.604024096483,0.332557723286,0.579945114934,0.437917739848,2,1.34285714286,0.591252764842,2,0,0,0,0,0.341759206977,37,35,35,0.945945945946,0,0.675675675676,0.189189189189,0.0810810810811,37,157,0.117867867868,1.32432432432,8.48648648649,15.7,4.48571428571,6.08103436752,0.71655500509,0.353933551386,7.35000153214,1.73216596617,0.762265450164,2.24109850799,0.528156973221,0.291960750559,0.579945114934,0.437917739848,2,1.33333333333,0.585540043769,2,0.0127193907866,0.0114068441065,7,0.000900900900901,0.344616349834,37,36,36,0.972972972973,0,0.702702702703,0.243243243243,0.027027027027,-59,-0.0442942942943,0,-3.18918918919,-5.9,-1.51428571429,-2.11806468208,0.0143173550083,0.0438734913257,-2.97933509686,-0.0372111415712,-0.00299981510173,-0.845732962712,-0.000605825001474,0.0392079978067,0,0,0,0.00900900900901,0.00559492883467,0,0.000549264616492,0.00543414786073,0,0,-0.276580231363,-0.027027027027,0,0,157,0,59,1116,0.726851851852,1,0,0.273148148148,1,0.726851851852,0.8418230563,0.830875808969,0.726851851852,0.726851851852,6,65,0,0,0,0
2837,WLNM_dir_neg,0.993017751479,0.971067738232,00:00:02,10,70,16,1236970040,threshold_sweep,0.2,1,0.0923076923077,0.169014084507,6,0,59,130,0.0923076923077,1,0,0.907692307692,1,0.0923076923077,0.169014084507,0.697435897436,0.65641025641,0.119402985075,0.251976315339,0.0923076923077,216,151,65,0,216,0,151,0,65,37,216,0.162162162162,1.32432432432,11.6756756757,21.6,6,8.1990990496,0.702237650082,0.31006006006,10.329336629,1.76937710775,0.765265265265,3.0868314707,0.528762798222,0.252752752753,0.579945114934,0.437917739848,2,1.32432432432,0.579945114934,2,0.0121701261701,0.00597269624573,7,0.000900900900901,0.621196581197,37,37,37,1,0,0.72972972973,0.243243243243,0.027027027027,37,0.113363363363,1.32432432432,8.16216216216,15.1,4.71875,5.96989444125,0.731410908365,0.354573116163,7.27773766121,1.78328671169,0.771791659209,2.46507131268,0.604024096483,0.332557723286,0.579945114934,0.437917739848,2,1.34285714286,0.591252764842,2,0,0,0,0,0.341759206977,37,35,35,0.945945945946,0,0.675675675676,0.189189189189,0.0810810810811,37,157,0.117867867868,1.32432432432,8.48648648649,15.7,4.48571428571,6.08103436752,0.71655500509,0.353933551386,7.35000153214,1.73216596617,0.762265450164,2.24109850799,0.528156973221,0.291960750559,0.579945114934,0.437917739848,2,1.33333333333,0.585540043769,2,0.0127193907866,0.0114068441065,7,0.000900900900901,0.344616349834,37,36,36,0.972972972973,0,0.702702702703,0.243243243243,0.027027027027,-59,-0.0442942942943,0,-3.18918918919,-5.9,-1.51428571429,-2.11806468208,0.0143173550083,0.0438734913257,-2.97933509686,-0.0372111415712,-0.00299981510173,-0.845732962712,-0.000605825001474,0.0392079978067,0,0,0,0.00900900900901,0.00559492883467,0,0.000549264616492,0.00543414786073,0,0,-0.276580231363,-0.027027027027,0,0,157,0,59,1116,0.726851851852,1,0,0.273148148148,1,0.726851851852,0.8418230563,0.830875808969,0.726851851852,0.726851851852,6,65,0,0,0,0
2838,WLNM_dir_neg,0.993017751479,0.971067738232,00:00:02,10,70,16,1236970040,threshold_sweep,0.3,1,0.0923076923077,0.169014084507,6,0,59,130,0.0923076923077,1,0,0.907692307692,1,0.0923076923077,0.169014084507,0.697435897436,0.65641025641,0.119402985075,0.251976315339,0.0923076923077,216,151,65,0,216,0,151,0,65,37,216,0.162162162162,1.32432432432,11.6756756757,21.6,6,8.1990990496,0.702237650082,0.31006006006,10.329336629,1.76937710775,0.765265265265,3.0868314707,0.528762798222,0.252752752753,0.579945114934,0.437917739848,2,1.32432432432,0.579945114934,2,0.0121701261701,0.00597269624573,7,0.000900900900901,0.621196581197,37,37,37,1,0,0.72972972973,0.243243243243,0.027027027027,37,0.113363363363,1.32432432432,8.16216216216,15.1,4.71875,5.96989444125,0.731410908365,0.354573116163,7.27773766121,1.78328671169,0.771791659209,2.46507131268,0.604024096483,0.332557723286,0.579945114934,0.437917739848,2,1.34285714286,0.591252764842,2,0,0,0,0,0.341759206977,37,35,35,0.945945945946,0,0.675675675676,0.189189189189,0.0810810810811,37,157,0.117867867868,1.32432432432,8.48648648649,15.7,4.48571428571,6.08103436752,0.71655500509,0.353933551386,7.35000153214,1.73216596617,0.762265450164,2.24109850799,0.528156973221,0.291960750559,0.579945114934,0.437917739848,2,1.33333333333,0.585540043769,2,0.0127193907866,0.0114068441065,7,0.000900900900901,0.344616349834,37,36,36,0.972972972973,0,0.702702702703,0.243243243243,0.027027027027,-59,-0.0442942942943,0,-3.18918918919,-5.9,-1.51428571429,-2.11806468208,0.0143173550083,0.0438734913257,-2.97933509686,-0.0372111415712,-0.00299981510173,-0.845732962712,-0.000605825001474,0.0392079978067,0,0,0,0.00900900900901,0.00559492883467,0,0.000549264616492,0.00543414786073,0,0,-0.276580231363,-0.027027027027,0,0,157,0,59,1116,0.726851851852,1,0,0.273148148148,1,0.726851851852,0.8418230563,0.830875808969,0.726851851852,0.726851851852,6,65,0,0,0,0
2839,WLNM_dir_neg,0.993017751479,0.971067738232,00:00:02,10,70,16,1236970040,threshold_sweep,0.4,1,0.0923076923077,0.169014084507,6,0,59,130,0.0923076923077,1,0,0.907692307692,1,0.0923076923077,0.169014084507,0.697435897436,0.65641025641,0.119402985075,0.251976315339,0.0923076923077,216,151,65,0,216,0,151,0,65,37,216,0.162162162162,1.32432432432,11.6756756757,21.6,6,8.1990990496,0.702237650082,0.31006006006,10.329336629,1.76937710775,0.765265265265,3.0868314707,0.528762798222,0.252752752753,0.579945114934,0.437917739848,2,1.32432432432,0.579945114934,2,0.0121701261701,0.00597269624573,7,0.000900900900901,0.621196581197,37,37,37,1,0,0.72972972973,0.243243243243,0.027027027027,37,0.113363363363,1.32432432432,8.16216216216,15.1,4.71875,5.96989444125,0.731410908365,0.354573116163,7.27773766121,1.78328671169,0.771791659209,2.46507131268,0.604024096483,0.332557723286,0.579945114934,0.437917739848,2,1.34285714286,0.591252764842,2,0,0,0,0,0.341759206977,37,35,35,0.945945945946,0,0.675675675676,0.189189189189,0.0810810810811,37,157,0.117867867868,1.32432432432,8.48648648649,15.7,4.48571428571,6.08103436752,0.71655500509,0.353933551386,7.35000153214,1.73216596617,0.762265450164,2.24109850799,0.528156973221,0.291960750559,0.579945114934,0.437917739848,2,1.33333333333,0.585540043769,2,0.0127193907866,0.0114068441065,7,0.000900900900901,0.344616349834,37,36,36,0.972972972973,0,0.702702702703,0.243243243243,0.027027027027,-59,-0.0442942942943,0,-3.18918918919,-5.9,-1.51428571429,-2.11806468208,0.0143173550083,0.0438734913257,-2.97933509686,-0.0372111415712,-0.00299981510173,-0.845732962712,-0.000605825001474,0.0392079978067,0,0,0,0.00900900900901,0.00559492883467,0,0.000549264616492,0.00543414786073,0,0,-0.276580231363,-0.027027027027,0,0,157,0,59,1116,0.726851851852,1,0,0.273148148148,1,0.726851851852,0.8418230563,0.830875808969,0.726851851852,0.726851851852,6,65,0,0,0,0
2840,WLNM_dir_neg,0.993017751479,0.971067738232,00:00:02,10,70,16,1236970040,threshold_sweep,0.5,1,0.0615384615385,0.115942028986,4,0,61,130,0.0615384615385,1,0,0.938461538462,1,0.0615384615385,0.115942028986,0.687179487179,0.659829059829,0.0804020100503,0.204657804039,0.0615384615385,216,151,65,0,216,0,151,0,65,37,216,0.162162162162,1.32432432432,11.6756756757,21.6,6,8.1990990496,0.702237650082,0.31006006006,10.329336629,1.76937710775,0.765265265265,3.0868314707,0.528762798222,0.252752752753,0.579945114934,0.437917739848,2,1.32432432432,0.579945114934,2,0.0121701261701,0.00597269624573,7,0.000900900900901,0.621196581197,37,37,37,1,0,0.72972972973,0.243243243243,0.027027027027,37,0.113363363363,1.32432432432,8.16216216216,15.1,4.71875,5.96989444125,0.731410908365,0.354573116163,7.27773766121,1.78328671169,0.771791659209,2.46507131268,0.604024096483,0.332557723286,0.579945114934,0.437917739848,2,1.34285714286,0.591252764842,2,0,0,0,0,0.341759206977,37,35,35,0.945945945946,0,0.675675675676,0.189189189189,0.0810810810811,37,155,0.116366366366,1.3277027027,8.37837837838,15.5,4.55882352941,6.07065505962,0.724562055503,0.356059285092,7.31375355006,1.74586375066,0.765126416739,2.31945680707,0.553676786205,0.305841325196,0.590250176002,0.444565018057,2.125,1.34642857143,0.601839791351,2.125,0.0131902457953,0.00996126175982,6,0.000772200772201,0.343875609093,37,35,35,0.945945945946,0,0.675675675676,0.243243243243,0.027027027027,-61,-0.0457957957958,0.00337837837838,-3.2972972973,-6.1,-1.44117647059,-2.12844398999,0.0223244054208,0.0459992250315,-3.01558307894,-0.0235133570862,-0.000138848525945,-0.76737466363,0.0249139879822,0.0530885724434,0.0103050610674,0.00664727820894,0.125,0.0221042471042,0.0218946764169,0.125,0.00102011962516,0.00398856551409,-1,-0.0001287001287,-0.277320972104,-0.0540540540541,0,0,155,0,61,1116,0.717592592593,1,0,0.282407407407,1,0.717592592593,0.835579514825,0.82486492977,0.717592592593,0.717592592593,4,65,0,0,0,0
2841,WLNM_dir_neg,0.993017751479,0.971067738232,00:00:02,10,70,16,1236970040,threshold_sweep,0.6,1,0.0615384615385,0.115942028986,4,0,61,130,0.0615384615385,1,0,0.938461538462,1,0.0615384615385,0.115942028986,0.687179487179,0.659829059829,0.0804020100503,0.204657804039,0.0615384615385,216,151,65,0,216,0,151,0,65,37,216,0.162162162162,1.32432432432,11.6756756757,21.6,6,8.1990990496,0.702237650082,0.31006006006,10.329336629,1.76937710775,0.765265265265,3.0868314707,0.528762798222,0.252752752753,0.579945114934,0.437917739848,2,1.32432432432,0.579945114934,2,0.0121701261701,0.00597269624573,7,0.000900900900901,0.621196581197,37,37,37,1,0,0.72972972973,0.243243243243,0.027027027027,37,0.113363363363,1.32432432432,8.16216216216,15.1,4.71875,5.96989444125,0.731410908365,0.354573116163,7.27773766121,1.78328671169,0.771791659209,2.46507131268,0.604024096483,0.332557723286,0.579945114934,0.437917739848,2,1.34285714286,0.591252764842,2,0,0,0,0,0.341759206977,37,35,35,0.945945945946,0,0.675675675676,0.189189189189,0.0810810810811,37,155,0.116366366366,1.3277027027,8.37837837838,15.5,4.55882352941,6.07065505962,0.724562055503,0.356059285092,7.31375355006,1.74586375066,0.765126416739,2.31945680707,0.553676786205,0.305841325196,0.590250176002,0.444565018057,2.125,1.34642857143,0.601839791351,2.125,0.0131902457953,0.00996126175982,6,0.000772200772201,0.343875609093,37,35,35,0.945945945946,0,0.675675675676,0.243243243243,0.027027027027,-61,-0.0457957957958,0.00337837837838,-3.2972972973,-6.1,-1.44117647059,-2.12844398999,0.0223244054208,0.0459992250315,-3.01558307894,-0.0235133570862,-0.000138848525945,-0.76737466363,0.0249139879822,0.0530885724434,0.0103050610674,0.00664727820894,0.125,0.0221042471042,0.0218946764169,0.125,0.00102011962516,0.00398856551409,-1,-0.0001287001287,-0.277320972104,-0.0540540540541,0,0,155,0,61,1116,0.717592592593,1,0,0.282407407407,1,0.717592592593,0.835579514825,0.82486492977,0.717592592593,0.717592592593,4,65,0,0,0,0
2842,WLNM_dir_neg,0.993017751479,0.971067738232,00:00:02,10,70,16,1236970040,threshold_sweep,0.7,1,0.0615384615385,0.115942028986,4,0,61,130,0.0615384615385,1,0,0.938461538462,1,0.0615384615385,0.115942028986,0.687179487179,0.659829059829,0.0804020100503,0.204657804039,0.0615384615385,216,151,65,0,216,0,151,0,65,37,216,0.162162162162,1.32432432432,11.6756756757,21.6,6,8.1990990496,0.702237650082,0.31006006006,10.329336629,1.76937710775,0.765265265265,3.0868314707,0.528762798222,0.252752752753,0.579945114934,0.437917739848,2,1.32432432432,0.579945114934,2,0.0121701261701,0.00597269624573,7,0.000900900900901,0.621196581197,37,37,37,1,0,0.72972972973,0.243243243243,0.027027027027,37,0.113363363363,1.32432432432,8.16216216216,15.1,4.71875,5.96989444125,0.731410908365,0.354573116163,7.27773766121,1.78328671169,0.771791659209,2.46507131268,0.604024096483,0.332557723286,0.579945114934,0.437917739848,2,1.34285714286,0.591252764842,2,0,0,0,0,0.341759206977,37,35,35,0.945945945946,0,0.675675675676,0.189189189189,0.0810810810811,37,155,0.116366366366,1.3277027027,8.37837837838,15.5,4.55882352941,6.07065505962,0.724562055503,0.356059285092,7.31375355006,1.74586375066,0.765126416739,2.31945680707,0.553676786205,0.305841325196,0.590250176002,0.444565018057,2.125,1.34642857143,0.601839791351,2.125,0.0131902457953,0.00996126175982,6,0.000772200772201,0.343875609093,37,35,35,0.945945945946,0,0.675675675676,0.243243243243,0.027027027027,-61,-0.0457957957958,0.00337837837838,-3.2972972973,-6.1,-1.44117647059,-2.12844398999,0.0223244054208,0.0459992250315,-3.01558307894,-0.0235133570862,-0.000138848525945,-0.76737466363,0.0249139879822,0.0530885724434,0.0103050610674,0.00664727820894,0.125,0.0221042471042,0.0218946764169,0.125,0.00102011962516,0.00398856551409,-1,-0.0001287001287,-0.277320972104,-0.0540540540541,0,0,155,0,61,1116,0.717592592593,1,0,0.282407407407,1,0.717592592593,0.835579514825,0.82486492977,0.717592592593,0.717592592593,4,65,0,0,0,0
2843,WLNM_dir_neg,0.993017751479,0.971067738232,00:00:02,10,70,16,1236970040,threshold_sweep,0.8,1,0.0461538461538,0.0882352941176,3,0,62,130,0.0461538461538,1,0,0.953846153846,1,0.0461538461538,0.0882352941176,0.682051282051,0.661538461538,0.0606060606061,0.176776695297,0.0461538461538,216,151,65,0,216,0,151,0,65,37,216,0.162162162162,1.32432432432,11.6756756757,21.6,6,8.1990990496,0.702237650082,0.31006006006,10.329336629,1.76937710775,0.765265265265,3.0868314707,0.528762798222,0.252752752753,0.579945114934,0.437917739848,2,1.32432432432,0.579945114934,2,0.0121701261701,0.00597269624573,7,0.000900900900901,0.621196581197,37,37,37,1,0,0.72972972973,0.243243243243,0.027027027027,37,0.113363363363,1.32432432432,8.16216216216,15.1,4.71875,5.96989444125,0.731410908365,0.354573116163,7.27773766121,1.78328671169,0.771791659209,2.46507131268,0.604024096483,0.332557723286,0.579945114934,0.437917739848,2,1.34285714286,0.591252764842,2,0,0,0,0,0.341759206977,37,35,35,0.945945945946,0,0.675675675676,0.189189189189,0.0810810810811,37,154,0.115615615616,1.32818532819,8.32432432432,15.4,4.52941176471,6.02796286786,0.724138396464,0.354685854686,7.30111678487,1.75416442234,0.766584766585,2.35128231579,0.564918478468,0.312039312039,0.591765934822,0.445544700927,2.14285714286,1.34693877551,0.603397458181,2.14285714286,0.0126830253633,0.00841750841751,5,0.000643500643501,0.341406473291,37,35,35,0.945945945946,0,0.675675675676,0.243243243243,0.027027027027,-62,-0.0465465465465,0.003861003861,-3.35135135135,-6.2,-1.47058823529,-2.17113618174,0.0219007463822,0.0446257946258,-3.02821984413,-0.0152126854065,0.0013195013195,-0.735549154918,0.0361556802457,0.0592865592866,0.0118208198873,0.0076269610784,0.142857142857,0.0226144511859,0.023452343247,0.142857142857,0.000512899193129,0.00244481217177,-2,-0.0002574002574,-0.279790107906,-0.0540540540541,0,0,154,0,62,1116,0.712962962963,1,0,0.287037037037,1,0.712962962963,0.832432432432,0.821850714237,0.712962962963,0.712962962963,3,65,0,0,0,0
2844,WLNM_dir_neg,0.993017751479,0.971067738232,00:00:02,10,70,16,1236970040,threshold_sweep,0.9,1,0.0461538461538,0.0882352941176,3,0,62,130,0.0461538461538,1,0,0.953846153846,1,0.0461538461538,0.0882352941176,0.682051282051,0.661538461538,0.0606060606061,0.176776695297,0.0461538461538,216,151,65,0,216,0,151,0,65,37,216,0.162162162162,1.32432432432,11.6756756757,21.6,6,8.1990990496,0.702237650082,0.31006006006,10.329336629,1.76937710775,0.765265265265,3.0868314707,0.528762798222,0.252752752753,0.579945114934,0.437917739848,2,1.32432432432,0.579945114934,2,0.0121701261701,0.00597269624573,7,0.000900900900901,0.621196581197,37,37,37,1,0,0.72972972973,0.243243243243,0.027027027027,37,0.113363363363,1.32432432432,8.16216216216,15.1,4.71875,5.96989444125,0.731410908365,0.354573116163,7.27773766121,1.78328671169,0.771791659209,2.46507131268,0.604024096483,0.332557723286,0.579945114934,0.437917739848,2,1.34285714286,0.591252764842,2,0,0,0,0,0.341759206977,37,35,35,0.945945945946,0,0.675675675676,0.189189189189,0.0810810810811,37,154,0.115615615616,1.32818532819,8.32432432432,15.4,4.52941176471,6.02796286786,0.724138396464,0.354685854686,7.30111678487,1.75416442234,0.766584766585,2.35128231579,0.564918478468,0.312039312039,0.591765934822,0.445544700927,2.14285714286,1.34693877551,0.603397458181,2.14285714286,0.0126830253633,0.00841750841751,5,0.000643500643501,0.341406473291,37,35,35,0.945945945946,0,0.675675675676,0.243243243243,0.027027027027,-62,-0.0465465465465,0.003861003861,-3.35135135135,-6.2,-1.47058823529,-2.17113618174,0.0219007463822,0.0446257946258,-3.02821984413,-0.0152126854065,0.0013195013195,-0.735549154918,0.0361556802457,0.0592865592866,0.0118208198873,0.0076269610784,0.142857142857,0.0226144511859,0.023452343247,0.142857142857,0.000512899193129,0.00244481217177,-2,-0.0002574002574,-0.279790107906,-0.0540540540541,0,0,154,0,62,1116,0.712962962963,1,0,0.287037037037,1,0.712962962963,0.832432432432,0.821850714237,0.712962962963,0.712962962963,3,65,0,0,0,0
2845,WLNM_dir_neg,0.97674556213,0.859370629371,00:00:02,10,70,17,1236970041,threshold_sweep,0.1,1,0.107692307692,0.194444444444,7,0,58,130,0.107692307692,1,0,0.892307692308,1,0.107692307692,0.194444444444,0.702564102564,0.654700854701,0.138613861386,0.272888411455,0.107692307692,216,151,65,0,216,0,151,0,65,37,216,0.162162162162,1.32432432432,11.6756756757,21.6,6,8.1990990496,0.702237650082,0.31006006006,10.329336629,1.76937710775,0.765265265265,3.0868314707,0.528762798222,0.252752752753,0.579945114934,0.437917739848,2,1.32432432432,0.579945114934,2,0.0121701261701,0.00597269624573,7,0.000900900900901,0.621196581197,37,37,37,1,0,0.72972972973,0.243243243243,0.027027027027,37,0.113363363363,1.31891891892,8.16216216216,15.1,4.57575757576,5.90909615909,0.723962112207,0.356183998568,7.46613978193,1.82945146974,0.781456953642,2.58605639685,0.633669448235,0.350814390549,0.56462270482,0.428095083573,2,1.31891891892,0.56462270482,2,0,0,0,0,0.341839707796,37,37,37,1,0,0.72972972973,0.162162162162,0.108108108108,37,158,0.118618618619,1.32132132132,8.54054054054,15.8,4.51428571429,6.18957274865,0.724728454747,0.355798836811,7.51165260944,1.75905788955,0.769757098871,2.35287824505,0.550990475107,0.307560725282,0.571249793283,0.432332229917,2,1.32132132132,0.571249793283,2,0,0,0,0,0.353479919436,37,37,37,1,0,0.72972972973,0.216216216216,0.0540540540541,-58,-0.0435435435435,-0.003003003003,-3.13513513514,-5.8,-1.48571428571,-2.00952630096,0.0224908046649,0.0457387767514,-2.81768401956,-0.0103192181926,0.00449183360576,-0.733953225653,0.0222276768845,0.0548079725295,-0.00869532165105,-0.00558550993171,0,-0.003003003003,-0.00869532165105,0,-0.0121701261701,-0.00597269624573,-7,-0.000900900900901,-0.26771666176,0,-0.027027027027,0.027027027027,158,0,58,1116,0.731481481481,1,0,0.268518518519,1,0.731481481481,0.844919786096,0.833872625044,0.731481481481,0.731481481481,7,65,0,0,0,0
2846,WLNM_dir_neg,0.97674556213,0.859370629371,00:00:02,10,70,17,1236970041,threshold_sweep,0.2,1,0.0769230769231,0.142857142857,5,0,60,130,0.0769230769231,1,0,0.923076923077,1,0.0769230769231,0.142857142857,0.692307692308,0.65811965812,0.1,0.229415733871,0.0769230769231,216,151,65,0,216,0,151,0,65,37,216,0.162162162162,1.32432432432,11.6756756757,21.6,6,8.1990990496,0.702237650082,0.31006006006,10.329336629,1.76937710775,0.765265265265,3.0868314707,0.528762798222,0.252752752753,0.579945114934,0.437917739848,2,1.32432432432,0.579945114934,2,0.0121701261701,0.00597269624573,7,0.000900900900901,0.621196581197,37,37,37,1,0,0.72972972973,0.243243243243,0.027027027027,37,0.113363363363,1.31891891892,8.16216216216,15.1,4.57575757576,5.90909615909,0.723962112207,0.356183998568,7.46613978193,1.82945146974,0.781456953642,2.58605639685,0.633669448235,0.350814390549,0.56462270482,0.428095083573,2,1.31891891892,0.56462270482,2,0,0,0,0,0.341839707796,37,37,37,1,0,0.72972972973,0.162162162162,0.108108108108,37,156,0.117117117117,1.32046332046,8.43243243243,15.6,4.72727272727,6.09890946782,0.723268109966,0.352390852391,7.48381637318,1.77500772954,0.772695772696,2.43966226186,0.578637844159,0.322245322245,0.56884874529,0.430794810029,2,1.32046332046,0.56884874529,2,0,0,0,0,0.357712723669,37,37,37,1,0,0.72972972973,0.162162162162,0.108108108108,-60,-0.045045045045,-0.003861003861,-3.24324324324,-6,-1.27272727273,-2.10018958178,0.0210304598843,0.0423307923308,-2.84552025582,0.00563062179144,0.00743050743051,-0.647169208842,0.0498750459371,0.0694925694926,-0.0110963696449,-0.00712292981926,0,-0.003861003861,-0.0110963696449,0,-0.0121701261701,-0.00597269624573,-7,-0.000900900900901,-0.263483857527,0,-0.0810810810811,0.0810810810811,156,0,60,1116,0.722222222222,1,0,0.277777777778,1,0.722222222222,0.838709677419,0.827873269082,0.722222222222,0.722222222222,5,65,0,0,0,0
2847,WLNM_dir_neg,0.97674556213,0.859370629371,00:00:02,10,70,17,1236970041,threshold_sweep,0.3,1,0.0769230769231,0.142857142857,5,0,60,130,0.0769230769231,1,0,0.923076923077,1,0.0769230769231,0.142857142857,0.692307692308,0.65811965812,0.1,0.229415733871,0.0769230769231,216,151,65,0,216,0,151,0,65,37,216,0.162162162162,1.32432432432,11.6756756757,21.6,6,8.1990990496,0.702237650082,0.31006006006,10.329336629,1.76937710775,0.765265265265,3.0868314707,0.528762798222,0.252752752753,0.579945114934,0.437917739848,2,1.32432432432,0.579945114934,2,0.0121701261701,0.00597269624573,7,0.000900900900901,0.621196581197,37,37,37,1,0,0.72972972973,0.243243243243,0.027027027027,37,0.113363363363,1.31891891892,8.16216216216,15.1,4.57575757576,5.90909615909,0.723962112207,0.356183998568,7.46613978193,1.82945146974,0.781456953642,2.58605639685,0.633669448235,0.350814390549,0.56462270482,0.428095083573,2,1.31891891892,0.56462270482,2,0,0,0,0,0.341839707796,37,37,37,1,0,0.72972972973,0.162162162162,0.108108108108,37,156,0.117117117117,1.32046332046,8.43243243243,15.6,4.72727272727,6.09890946782,0.723268109966,0.352390852391,7.48381637318,1.77500772954,0.772695772696,2.43966226186,0.578637844159,0.322245322245,0.56884874529,0.430794810029,2,1.32046332046,0.56884874529,2,0,0,0,0,0.357712723669,37,37,37,1,0,0.72972972973,0.162162162162,0.108108108108,-60,-0.045045045045,-0.003861003861,-3.24324324324,-6,-1.27272727273,-2.10018958178,0.0210304598843,0.0423307923308,-2.84552025582,0.00563062179144,0.00743050743051,-0.647169208842,0.0498750459371,0.0694925694926,-0.0110963696449,-0.00712292981926,0,-0.003861003861,-0.0110963696449,0,-0.0121701261701,-0.00597269624573,-7,-0.000900900900901,-0.263483857527,0,-0.0810810810811,0.0810810810811,156,0,60,1116,0.722222222222,1,0,0.277777777778,1,0.722222222222,0.838709677419,0.827873269082,0.722222222222,0.722222222222,5,65,0,0,0,0
2848,WLNM_dir_neg,0.97674556213,0.859370629371,00:00:02,10,70,17,1236970041,threshold_sweep,0.4,1,0.0769230769231,0.142857142857,5,0,60,130,0.0769230769231,1,0,0.923076923077,1,0.0769230769231,0.142857142857,0.692307692308,0.65811965812,0.1,0.229415733871,0.0769230769231,216,151,65,0,216,0,151,0,65,37,216,0.162162162162,1.32432432432,11.6756756757,21.6,6,8.1990990496,0.702237650082,0.31006006006,10.329336629,1.76937710775,0.765265265265,3.0868314707,0.528762798222,0.252752752753,0.579945114934,0.437917739848,2,1.32432432432,0.579945114934,2,0.0121701261701,0.00597269624573,7,0.000900900900901,0.621196581197,37,37,37,1,0,0.72972972973,0.243243243243,0.027027027027,37,0.113363363363,1.31891891892,8.16216216216,15.1,4.57575757576,5.90909615909,0.723962112207,0.356183998568,7.46613978193,1.82945146974,0.781456953642,2.58605639685,0.633669448235,0.350814390549,0.56462270482,0.428095083573,2,1.31891891892,0.56462270482,2,0,0,0,0,0.341839707796,37,37,37,1,0,0.72972972973,0.162162162162,0.108108108108,37,156,0.117117117117,1.32046332046,8.43243243243,15.6,4.72727272727,6.09890946782,0.723268109966,0.352390852391,7.48381637318,1.77500772954,0.772695772696,2.43966226186,0.578637844159,0.322245322245,0.56884874529,0.430794810029,2,1.32046332046,0.56884874529,2,0,0,0,0,0.357712723669,37,37,37,1,0,0.72972972973,0.162162162162,0.108108108108,-60,-0.045045045045,-0.003861003861,-3.24324324324,-6,-1.27272727273,-2.10018958178,0.0210304598843,0.0423307923308,-2.84552025582,0.00563062179144,0.00743050743051,-0.647169208842,0.0498750459371,0.0694925694926,-0.0110963696449,-0.00712292981926,0,-0.003861003861,-0.0110963696449,0,-0.0121701261701,-0.00597269624573,-7,-0.000900900900901,-0.263483857527,0,-0.0810810810811,0.0810810810811,156,0,60,1116,0.722222222222,1,0,0.277777777778,1,0.722222222222,0.838709677419,0.827873269082,0.722222222222,0.722222222222,5,65,0,0,0,0
2849,WLNM_dir_neg,0.97674556213,0.859370629371,00:00:02,10,70,17,1236970041,threshold_sweep,0.5,1,0.0769230769231,0.142857142857,5,0,60,130,0.0769230769231,1,0,0.923076923077,1,0.0769230769231,0.142857142857,0.692307692308,0.65811965812,0.1,0.229415733871,0.0769230769231,216,151,65,0,216,0,151,0,65,37,216,0.162162162162,1.32432432432,11.6756756757,21.6,6,8.1990990496,0.702237650082,0.31006006006,10.329336629,1.76937710775,0.765265265265,3.0868314707,0.528762798222,0.252752752753,0.579945114934,0.437917739848,2,1.32432432432,0.579945114934,2,0.0121701261701,0.00597269624573,7,0.000900900900901,0.621196581197,37,37,37,1,0,0.72972972973,0.243243243243,0.027027027027,37,0.113363363363,1.31891891892,8.16216216216,15.1,4.57575757576,5.90909615909,0.723962112207,0.356183998568,7.46613978193,1.82945146974,0.781456953642,2.58605639685,0.633669448235,0.350814390549,0.56462270482,0.428095083573,2,1.31891891892,0.56462270482,2,0,0,0,0,0.341839707796,37,37,37,1,0,0.72972972973,0.162162162162,0.108108108108,37,156,0.117117117117,1.32046332046,8.43243243243,15.6,4.72727272727,6.09890946782,0.723268109966,0.352390852391,7.48381637318,1.77500772954,0.772695772696,2.43966226186,0.578637844159,0.322245322245,0.56884874529,0.430794810029,2,1.32046332046,0.56884874529,2,0,0,0,0,0.357712723669,37,37,37,1,0,0.72972972973,0.162162162162,0.108108108108,-60,-0.045045045045,-0.003861003861,-3.24324324324,-6,-1.27272727273,-2.10018958178,0.0210304598843,0.0423307923308,-2.84552025582,0.00563062179144,0.00743050743051,-0.647169208842,0.0498750459371,0.0694925694926,-0.0110963696449,-0.00712292981926,0,-0.003861003861,-0.0110963696449,0,-0.0121701261701,-0.00597269624573,-7,-0.000900900900901,-0.263483857527,0,-0.0810810810811,0.0810810810811,156,0,60,1116,0.722222222222,1,0,0.277777777778,1,0.722222222222,0.838709677419,0.827873269082,0.722222222222,0.722222222222,5,65,0,0,0,0
2850,WLNM_dir_neg,0.97674556213,0.859370629371,00:00:02,10,70,17,1236970041,threshold_sweep,0.6,1,0.0769230769231,0.142857142857,5,0,60,130,0.0769230769231,1,0,0.923076923077,1,0.0769230769231,0.142857142857,0.692307692308,0.65811965812,0.1,0.229415733871,0.0769230769231,216,151,65,0,216,0,151,0,65,37,216,0.162162162162,1.32432432432,11.6756756757,21.6,6,8.1990990496,0.702237650082,0.31006006006,10.329336629,1.76937710775,0.765265265265,3.0868314707,0.528762798222,0.252752752753,0.579945114934,0.437917739848,2,1.32432432432,0.579945114934,2,0.0121701261701,0.00597269624573,7,0.000900900900901,0.621196581197,37,37,37,1,0,0.72972972973,0.243243243243,0.027027027027,37,0.113363363363,1.31891891892,8.16216216216,15.1,4.57575757576,5.90909615909,0.723962112207,0.356183998568,7.46613978193,1.82945146974,0.781456953642,2.58605639685,0.633669448235,0.350814390549,0.56462270482,0.428095083573,2,1.31891891892,0.56462270482,2,0,0,0,0,0.341839707796,37,37,37,1,0,0.72972972973,0.162162162162,0.108108108108,37,156,0.117117117117,1.32046332046,8.43243243243,15.6,4.72727272727,6.09890946782,0.723268109966,0.352390852391,7.48381637318,1.77500772954,0.772695772696,2.43966226186,0.578637844159,0.322245322245,0.56884874529,0.430794810029,2,1.32046332046,0.56884874529,2,0,0,0,0,0.357712723669,37,37,37,1,0,0.72972972973,0.162162162162,0.108108108108,-60,-0.045045045045,-0.003861003861,-3.24324324324,-6,-1.27272727273,-2.10018958178,0.0210304598843,0.0423307923308,-2.84552025582,0.00563062179144,0.00743050743051,-0.647169208842,0.0498750459371,0.0694925694926,-0.0110963696449,-0.00712292981926,0,-0.003861003861,-0.0110963696449,0,-0.0121701261701,-0.00597269624573,-7,-0.000900900900901,-0.263483857527,0,-0.0810810810811,0.0810810810811,156,0,60,1116,0.722222222222,1,0,0.277777777778,1,0.722222222222,0.838709677419,0.827873269082,0.722222222222,0.722222222222,5,65,0,0,0,0
2851,WLNM_dir_neg,0.97674556213,0.859370629371,00:00:02,10,70,17,1236970041,threshold_sweep,0.7,1,0.0769230769231,0.142857142857,5,0,60,130,0.0769230769231,1,0,0.923076923077,1,0.0769230769231,0.142857142857,0.692307692308,0.65811965812,0.1,0.229415733871,0.0769230769231,216,151,65,0,216,0,151,0,65,37,216,0.162162162162,1.32432432432,11.6756756757,21.6,6,8.1990990496,0.702237650082,0.31006006006,10.329336629,1.76937710775,0.765265265265,3.0868314707,0.528762798222,0.252752752753,0.579945114934,0.437917739848,2,1.32432432432,0.579945114934,2,0.0121701261701,0.00597269624573,7,0.000900900900901,0.621196581197,37,37,37,1,0,0.72972972973,0.243243243243,0.027027027027,37,0.113363363363,1.31891891892,8.16216216216,15.1,4.57575757576,5.90909615909,0.723962112207,0.356183998568,7.46613978193,1.82945146974,0.781456953642,2.58605639685,0.633669448235,0.350814390549,0.56462270482,0.428095083573,2,1.31891891892,0.56462270482,2,0,0,0,0,0.341839707796,37,37,37,1,0,0.72972972973,0.162162162162,0.108108108108,37,156,0.117117117117,1.32046332046,8.43243243243,15.6,4.72727272727,6.09890946782,0.723268109966,0.352390852391,7.48381637318,1.77500772954,0.772695772696,2.43966226186,0.578637844159,0.322245322245,0.56884874529,0.430794810029,2,1.32046332046,0.56884874529,2,0,0,0,0,0.357712723669,37,37,37,1,0,0.72972972973,0.162162162162,0.108108108108,-60,-0.045045045045,-0.003861003861,-3.24324324324,-6,-1.27272727273,-2.10018958178,0.0210304598843,0.0423307923308,-2.84552025582,0.00563062179144,0.00743050743051,-0.647169208842,0.0498750459371,0.0694925694926,-0.0110963696449,-0.00712292981926,0,-0.003861003861,-0.0110963696449,0,-0.0121701261701,-0.00597269624573,-7,-0.000900900900901,-0.263483857527,0,-0.0810810810811,0.0810810810811,156,0,60,1116,0.722222222222,1,0,0.277777777778,1,0.722222222222,0.838709677419,0.827873269082,0.722222222222,0.722222222222,5,65,0,0,0,0
2852,WLNM_dir_neg,0.97674556213,0.859370629371,00:00:02,10,70,17,1236970041,threshold_sweep,0.8,1,0.0769230769231,0.142857142857,5,0,60,130,0.0769230769231,1,0,0.923076923077,1,0.0769230769231,0.142857142857,0.692307692308,0.65811965812,0.1,0.229415733871,0.0769230769231,216,151,65,0,216,0,151,0,65,37,216,0.162162162162,1.32432432432,11.6756756757,21.6,6,8.1990990496,0.702237650082,0.31006006006,10.329336629,1.76937710775,0.765265265265,3.0868314707,0.528762798222,0.252752752753,0.579945114934,0.437917739848,2,1.32432432432,0.579945114934,2,0.0121701261701,0.00597269624573,7,0.000900900900901,0.621196581197,37,37,37,1,0,0.72972972973,0.243243243243,0.027027027027,37,0.113363363363,1.31891891892,8.16216216216,15.1,4.57575757576,5.90909615909,0.723962112207,0.356183998568,7.46613978193,1.82945146974,0.781456953642,2.58605639685,0.633669448235,0.350814390549,0.56462270482,0.428095083573,2,1.31891891892,0.56462270482,2,0,0,0,0,0.341839707796,37,37,37,1,0,0.72972972973,0.162162162162,0.108108108108,37,156,0.117117117117,1.32046332046,8.43243243243,15.6,4.72727272727,6.09890946782,0.723268109966,0.352390852391,7.48381637318,1.77500772954,0.772695772696,2.43966226186,0.578637844159,0.322245322245,0.56884874529,0.430794810029,2,1.32046332046,0.56884874529,2,0,0,0,0,0.357712723669,37,37,37,1,0,0.72972972973,0.162162162162,0.108108108108,-60,-0.045045045045,-0.003861003861,-3.24324324324,-6,-1.27272727273,-2.10018958178,0.0210304598843,0.0423307923308,-2.84552025582,0.00563062179144,0.00743050743051,-0.647169208842,0.0498750459371,0.0694925694926,-0.0110963696449,-0.00712292981926,0,-0.003861003861,-0.0110963696449,0,-0.0121701261701,-0.00597269624573,-7,-0.000900900900901,-0.263483857527,0,-0.0810810810811,0.0810810810811,156,0,60,1116,0.722222222222,1,0,0.277777777778,1,0.722222222222,0.838709677419,0.827873269082,0.722222222222,0.722222222222,5,65,0,0,0,0
2853,WLNM_dir_neg,0.97674556213,0.859370629371,00:00:02,10,70,17,1236970041,threshold_sweep,0.9,1,0.0769230769231,0.142857142857,5,0,60,130,0.0769230769231,1,0,0.923076923077,1,0.0769230769231,0.142857142857,0.692307692308,0.65811965812,0.1,0.229415733871,0.0769230769231,216,151,65,0,216,0,151,0,65,37,216,0.162162162162,1.32432432432,11.6756756757,21.6,6,8.1990990496,0.702237650082,0.31006006006,10.329336629,1.76937710775,0.765265265265,3.0868314707,0.528762798222,0.252752752753,0.579945114934,0.437917739848,2,1.32432432432,0.579945114934,2,0.0121701261701,0.00597269624573,7,0.000900900900901,0.621196581197,37,37,37,1,0,0.72972972973,0.243243243243,0.027027027027,37,0.113363363363,1.31891891892,8.16216216216,15.1,4.57575757576,5.90909615909,0.723962112207,0.356183998568,7.46613978193,1.82945146974,0.781456953642,2.58605639685,0.633669448235,0.350814390549,0.56462270482,0.428095083573,2,1.31891891892,0.56462270482,2,0,0,0,0,0.341839707796,37,37,37,1,0,0.72972972973,0.162162162162,0.108108108108,37,156,0.117117117117,1.32046332046,8.43243243243,15.6,4.72727272727,6.09890946782,0.723268109966,0.352390852391,7.48381637318,1.77500772954,0.772695772696,2.43966226186,0.578637844159,0.322245322245,0.56884874529,0.430794810029,2,1.32046332046,0.56884874529,2,0,0,0,0,0.357712723669,37,37,37,1,0,0.72972972973,0.162162162162,0.108108108108,-60,-0.045045045045,-0.003861003861,-3.24324324324,-6,-1.27272727273,-2.10018958178,0.0210304598843,0.0423307923308,-2.84552025582,0.00563062179144,0.00743050743051,-0.647169208842,0.0498750459371,0.0694925694926,-0.0110963696449,-0.00712292981926,0,-0.003861003861,-0.0110963696449,0,-0.0121701261701,-0.00597269624573,-7,-0.000900900900901,-0.263483857527,0,-0.0810810810811,0.0810810810811,156,0,60,1116,0.722222222222,1,0,0.277777777778,1,0.722222222222,0.838709677419,0.827873269082,0.722222222222,0.722222222222,5,65,0,0,0,0
2854,WLNM_dir_neg,0.988816568047,0.887624514789,00:00:02,10,70,18,1236970042,threshold_sweep,0.1,0.8,0.0615384615385,0.114285714286,4,1,61,129,0.0615384615385,0.992307692308,0.00769230769231,0.938461538462,0.8,0.0615384615385,0.114285714286,0.682051282051,0.65811965812,0.07,0.160591013709,0.0538461538462,216,151,65,0,216,0,151,0,65,37,216,0.162162162162,1.32432432432,11.6756756757,21.6,6,8.1990990496,0.702237650082,0.31006006006,10.329336629,1.76937710775,0.765265265265,3.0868314707,0.528762798222,0.252752752753,0.579945114934,0.437917739848,2,1.32432432432,0.579945114934,2,0.0121701261701,0.00597269624573,7,0.000900900900901,0.621196581197,37,37,37,1,0,0.72972972973,0.243243243243,0.027027027027,37,0.113363363363,1.32882882883,8.16216216216,15.1,4.44117647059,6.01624427656,0.737089530571,0.362985502058,7.36877186503,1.805593106,0.781456953642,2.48750631913,0.609521415945,0.341865043852,0.593803505044,0.446862298711,2.16666666667,1.33796296296,0.5995846593,2.16666666667,0.0119727891156,0.00519330640508,3,0.0003861003861,0.340233766234,37,36,36,0.972972972973,0,0.702702702703,0.216216216216,0.0540540540541,37,156,0.117117117117,1.32936326157,8.43243243243,15.6,4.21621621622,6.14428614668,0.728649318676,0.363652113652,7.43167072264,1.76263985088,0.773388773389,2.29897483355,0.545269672059,0.30595980596,0.595375966984,0.447865518927,2.16949152542,1.32936326157,0.595375966984,2.16949152542,0.013482204476,0.0082281952825,5,0.000643500643501,0.342001443001,37,37,37,1,0,0.72972972973,0.27027027027,0,-60,-0.045045045045,0.00503893724233,-3.24324324324,-6,-1.78378378378,-2.05481290293,0.0264116685946,0.0535920535921,-2.89766590636,-0.00673725686299,0.00812350812351,-0.787856637156,0.0165068738369,0.0532070532071,0.0154308520497,0.00994777907862,0.169491525424,0.00503893724233,0.0154308520497,0.169491525424,0.00131207830587,0.00225549903677,-2,-0.0002574002574,-0.279195138195,0,0.027027027027,-0.027027027027,155,1,61,1115,0.717592592593,0.999103942652,0.00089605734767,0.282407407407,0.99358974359,0.717592592593,0.833333333333,0.821539251101,0.716696535245,0.714285714286,5,65,0,0,0,0
2855,WLNM_dir_neg,0.988816568047,0.887624514789,00:00:02,10,70,18,1236970042,threshold_sweep,0.2,0.8,0.0615384615385,0.114285714286,4,1,61,129,0.0615384615385,0.992307692308,0.00769230769231,0.938461538462,0.8,0.0615384615385,0.114285714286,0.682051282051,0.65811965812,0.07,0.160591013709,0.0538461538462,216,151,65,0,216,0,151,0,65,37,216,0.162162162162,1.32432432432,11.6756756757,21.6,6,8.1990990496,0.702237650082,0.31006006006,10.329336629,1.76937710775,0.765265265265,3.0868314707,0.528762798222,0.252752752753,0.579945114934,0.437917739848,2,1.32432432432,0.579945114934,2,0.0121701261701,0.00597269624573,7,0.000900900900901,0.621196581197,37,37,37,1,0,0.72972972973,0.243243243243,0.027027027027,37,0.113363363363,1.32882882883,8.16216216216,15.1,4.44117647059,6.01624427656,0.737089530571,0.362985502058,7.36877186503,1.805593106,0.781456953642,2.48750631913,0.609521415945,0.341865043852,0.593803505044,0.446862298711,2.16666666667,1.33796296296,0.5995846593,2.16666666667,0.0119727891156,0.00519330640508,3,0.0003861003861,0.340233766234,37,36,36,0.972972972973,0,0.702702702703,0.216216216216,0.0540540540541,37,156,0.117117117117,1.32936326157,8.43243243243,15.6,4.21621621622,6.14428614668,0.728649318676,0.363652113652,7.43167072264,1.76263985088,0.773388773389,2.29897483355,0.545269672059,0.30595980596,0.595375966984,0.447865518927,2.16949152542,1.32936326157,0.595375966984,2.16949152542,0.013482204476,0.0082281952825,5,0.000643500643501,0.342001443001,37,37,37,1,0,0.72972972973,0.27027027027,0,-60,-0.045045045045,0.00503893724233,-3.24324324324,-6,-1.78378378378,-2.05481290293,0.0264116685946,0.0535920535921,-2.89766590636,-0.00673725686299,0.00812350812351,-0.787856637156,0.0165068738369,0.0532070532071,0.0154308520497,0.00994777907862,0.169491525424,0.00503893724233,0.0154308520497,0.169491525424,0.00131207830587,0.00225549903677,-2,-0.0002574002574,-0.279195138195,0,0.027027027027,-0.027027027027,155,1,61,1115,0.717592592593,0.999103942652,0.00089605734767,0.282407407407,0.99358974359,0.717592592593,0.833333333333,0.821539251101,0.716696535245,0.714285714286,5,65,0,0,0,0
2856,WLNM_dir_neg,0.988816568047,0.887624514789,00:00:02,10,70,18,1236970042,threshold_sweep,0.3,0.666666666667,0.0307692307692,0.0588235294118,2,1,63,129,0.0307692307692,0.992307692308,0.00769230769231,0.969230769231,0.666666666667,0.0307692307692,0.0588235294118,0.671794871795,0.661538461538,0.030303030303,0.0883883476483,0.0230769230769,216,151,65,0,216,0,151,0,65,37,216,0.162162162162,1.32432432432,11.6756756757,21.6,6,8.1990990496,0.702237650082,0.31006006006,10.329336629,1.76937710775,0.765265265265,3.0868314707,0.528762798222,0.252752752753,0.579945114934,0.437917739848,2,1.32432432432,0.579945114934,2,0.0121701261701,0.00597269624573,7,0.000900900900901,0.621196581197,37,37,37,1,0,0.72972972973,0.243243243243,0.027027027027,37,0.113363363363,1.32882882883,8.16216216216,15.1,4.44117647059,6.01624427656,0.737089530571,0.362985502058,7.36877186503,1.805593106,0.781456953642,2.48750631913,0.609521415945,0.341865043852,0.593803505044,0.446862298711,2.16666666667,1.33796296296,0.5995846593,2.16666666667,0.0119727891156,0.00519330640508,3,0.0003861003861,0.340233766234,37,36,36,0.972972972973,0,0.702702702703,0.216216216216,0.0540540540541,37,154,0.115615615616,1.32949971248,8.32432432432,15.4,4.16216216216,6.00487789706,0.721365201919,0.359073359073,7.39562000073,1.77686974044,0.776412776413,2.36306666941,0.567749784209,0.317304317304,0.595778908625,0.448122630666,2.17021276596,1.32949971248,0.595778908625,2.17021276596,0.00931972789116,0.00510493477028,3,0.0003861003861,0.337961038961,37,37,37,1,0,0.72972972973,0.27027027027,0,-62,-0.0465465465465,0.00517538815411,-3.35135135135,-6.2,-1.83783783784,-2.19422115255,0.0191275518373,0.0490132990133,-2.93371662827,0.00749263268977,0.0111475111475,-0.723764801292,0.0389869859868,0.0645515645516,0.015833793691,0.0102048908175,0.170212765957,0.00517538815411,0.015833793691,0.170212765957,-0.00285039827897,-0.000867761475456,-4,-0.000514800514801,-0.283235542236,0,0.027027027027,-0.027027027027,153,1,63,1115,0.708333333333,0.999103942652,0.00089605734767,0.291666666667,0.993506493506,0.708333333333,0.827027027027,0.815481112974,0.707437275986,0.705069124424,3,65,0,0,0,0
2857,WLNM_dir_neg,0.988816568047,0.887624514789,00:00:02,10,70,18,1236970042,threshold_sweep,0.4,0,0,0,0,1,65,129,0,0.992307692308,0.00769230769231,1,0,0,0,0.661538461538,0.664957264957,-0.0102040816327,-0.0507673082567,-0.00769230769231,216,151,65,0,216,0,151,0,65,37,216,0.162162162162,1.32432432432,11.6756756757,21.6,6,8.1990990496,0.702237650082,0.31006006006,10.329336629,1.76937710775,0.765265265265,3.0868314707,0.528762798222,0.252752752753,0.579945114934,0.437917739848,2,1.32432432432,0.579945114934,2,0.0121701261701,0.00597269624573,7,0.000900900900901,0.621196581197,37,37,37,1,0,0.72972972973,0.243243243243,0.027027027027,37,0.113363363363,1.32882882883,8.16216216216,15.1,4.44117647059,6.01624427656,0.737089530571,0.362985502058,7.36877186503,1.805593106,0.781456953642,2.48750631913,0.609521415945,0.341865043852,0.593803505044,0.446862298711,2.16666666667,1.33796296296,0.5995846593,2.16666666667,0.0119727891156,0.00519330640508,3,0.0003861003861,0.340233766234,37,36,36,0.972972972973,0,0.702702702703,0.216216216216,0.0540540540541,37,152,0.114114114114,1.33513513514,8.21621621622,15.2,4.34285714286,6.00062559301,0.730339299149,0.361486486486,7.37406786495,1.79500336186,0.779516358464,2.44703657267,0.595660218347,0.333926031294,0.612923874291,0.459072537424,2.2,1.34444444444,0.618959700717,2.2,0.0119727891156,0.00519330640508,3,0.0003861003861,0.339307840308,37,36,36,0.972972972973,0,0.702702702703,0.243243243243,0.027027027027,-64,-0.048048048048,0.0108108108108,-3.45945945946,-6.4,-1.65714285714,-2.19847345659,0.0281016490676,0.0514264264264,-2.95526876405,0.0256262541173,0.0142510931985,-0.639794898033,0.066897420125,0.0811732785417,0.0329787593564,0.0211547975758,0.2,0.0201201201201,0.0390145857821,0.2,-0.00019733705448,-0.000779389840656,-4,-0.000514800514801,-0.281888740889,-0.027027027027,0,0,151,1,65,1115,0.699074074074,0.999103942652,0.00089605734767,0.300925925926,0.993421052632,0.699074074074,0.820652173913,0.809398407308,0.698178016726,0.695852534562,1,65,0,0,0,0
2858,WLNM_dir_neg,0.988816568047,0.887624514789,00:00:02,10,70,18,1236970042,threshold_sweep,0.5,0,0,0,0,1,65,129,0,0.992307692308,0.00769230769231,1,0,0,0,0.661538461538,0.664957264957,-0.0102040816327,-0.0507673082567,-0.00769230769231,216,151,65,0,216,0,151,0,65,37,216,0.162162162162,1.32432432432,11.6756756757,21.6,6,8.1990990496,0.702237650082,0.31006006006,10.329336629,1.76937710775,0.765265265265,3.0868314707,0.528762798222,0.252752752753,0.579945114934,0.437917739848,2,1.32432432432,0.579945114934,2,0.0121701261701,0.00597269624573,7,0.000900900900901,0.621196581197,37,37,37,1,0,0.72972972973,0.243243243243,0.027027027027,37,0.113363363363,1.32882882883,8.16216216216,15.1,4.44117647059,6.01624427656,0.737089530571,0.362985502058,7.36877186503,1.805593106,0.781456953642,2.48750631913,0.609521415945,0.341865043852,0.593803505044,0.446862298711,2.16666666667,1.33796296296,0.5995846593,2.16666666667,0.0119727891156,0.00519330640508,3,0.0003861003861,0.340233766234,37,36,36,0.972972972973,0,0.702702702703,0.216216216216,0.0540540540541,37,152,0.114114114114,1.33513513514,8.21621621622,15.2,4.34285714286,6.00062559301,0.730339299149,0.361486486486,7.37406786495,1.79500336186,0.779516358464,2.44703657267,0.595660218347,0.333926031294,0.612923874291,0.459072537424,2.2,1.34444444444,0.618959700717,2.2,0.0119727891156,0.00519330640508,3,0.0003861003861,0.339307840308,37,36,36,0.972972972973,0,0.702702702703,0.243243243243,0.027027027027,-64,-0.048048048048,0.0108108108108,-3.45945945946,-6.4,-1.65714285714,-2.19847345659,0.0281016490676,0.0514264264264,-2.95526876405,0.0256262541173,0.0142510931985,-0.639794898033,0.066897420125,0.0811732785417,0.0329787593564,0.0211547975758,0.2,0.0201201201201,0.0390145857821,0.2,-0.00019733705448,-0.000779389840656,-4,-0.000514800514801,-0.281888740889,-0.027027027027,0,0,151,1,65,1115,0.699074074074,0.999103942652,0.00089605734767,0.300925925926,0.993421052632,0.699074074074,0.820652173913,0.809398407308,0.698178016726,0.695852534562,1,65,0,0,0,0
2859,WLNM_dir_neg,0.988816568047,0.887624514789,00:00:02,10,70,18,1236970042,threshold_sweep,0.6,0,0,0,0,1,65,129,0,0.992307692308,0.00769230769231,1,0,0,0,0.661538461538,0.664957264957,-0.0102040816327,-0.0507673082567,-0.00769230769231,216,151,65,0,216,0,151,0,65,37,216,0.162162162162,1.32432432432,11.6756756757,21.6,6,8.1990990496,0.702237650082,0.31006006006,10.329336629,1.76937710775,0.765265265265,3.0868314707,0.528762798222,0.252752752753,0.579945114934,0.437917739848,2,1.32432432432,0.579945114934,2,0.0121701261701,0.00597269624573,7,0.000900900900901,0.621196581197,37,37,37,1,0,0.72972972973,0.243243243243,0.027027027027,37,0.113363363363,1.32882882883,8.16216216216,15.1,4.44117647059,6.01624427656,0.737089530571,0.362985502058,7.36877186503,1.805593106,0.781456953642,2.48750631913,0.609521415945,0.341865043852,0.593803505044,0.446862298711,2.16666666667,1.33796296296,0.5995846593,2.16666666667,0.0119727891156,0.00519330640508,3,0.0003861003861,0.340233766234,37,36,36,0.972972972973,0,0.702702702703,0.216216216216,0.0540540540541,37,152,0.114114114114,1.33513513514,8.21621621622,15.2,4.34285714286,6.00062559301,0.730339299149,0.361486486486,7.37406786495,1.79500336186,0.779516358464,2.44703657267,0.595660218347,0.333926031294,0.612923874291,0.459072537424,2.2,1.34444444444,0.618959700717,2.2,0.0119727891156,0.00519330640508,3,0.0003861003861,0.339307840308,37,36,36,0.972972972973,0,0.702702702703,0.243243243243,0.027027027027,-64,-0.048048048048,0.0108108108108,-3.45945945946,-6.4,-1.65714285714,-2.19847345659,0.0281016490676,0.0514264264264,-2.95526876405,0.0256262541173,0.0142510931985,-0.639794898033,0.066897420125,0.0811732785417,0.0329787593564,0.0211547975758,0.2,0.0201201201201,0.0390145857821,0.2,-0.00019733705448,-0.000779389840656,-4,-0.000514800514801,-0.281888740889,-0.027027027027,0,0,151,1,65,1115,0.699074074074,0.999103942652,0.00089605734767,0.300925925926,0.993421052632,0.699074074074,0.820652173913,0.809398407308,0.698178016726,0.695852534562,1,65,0,0,0,0
2860,WLNM_dir_neg,0.988816568047,0.887624514789,00:00:02,10,70,18,1236970042,threshold_sweep,0.7,0,0,0,0,1,65,129,0,0.992307692308,0.00769230769231,1,0,0,0,0.661538461538,0.664957264957,-0.0102040816327,-0.0507673082567,-0.00769230769231,216,151,65,0,216,0,151,0,65,37,216,0.162162162162,1.32432432432,11.6756756757,21.6,6,8.1990990496,0.702237650082,0.31006006006,10.329336629,1.76937710775,0.765265265265,3.0868314707,0.528762798222,0.252752752753,0.579945114934,0.437917739848,2,1.32432432432,0.579945114934,2,0.0121701261701,0.00597269624573,7,0.000900900900901,0.621196581197,37,37,37,1,0,0.72972972973,0.243243243243,0.027027027027,37,0.113363363363,1.32882882883,8.16216216216,15.1,4.44117647059,6.01624427656,0.737089530571,0.362985502058,7.36877186503,1.805593106,0.781456953642,2.48750631913,0.609521415945,0.341865043852,0.593803505044,0.446862298711,2.16666666667,1.33796296296,0.5995846593,2.16666666667,0.0119727891156,0.00519330640508,3,0.0003861003861,0.340233766234,37,36,36,0.972972972973,0,0.702702702703,0.216216216216,0.0540540540541,37,152,0.114114114114,1.33513513514,8.21621621622,15.2,4.34285714286,6.00062559301,0.730339299149,0.361486486486,7.37406786495,1.79500336186,0.779516358464,2.44703657267,0.595660218347,0.333926031294,0.612923874291,0.459072537424,2.2,1.34444444444,0.618959700717,2.2,0.0119727891156,0.00519330640508,3,0.0003861003861,0.339307840308,37,36,36,0.972972972973,0,0.702702702703,0.243243243243,0.027027027027,-64,-0.048048048048,0.0108108108108,-3.45945945946,-6.4,-1.65714285714,-2.19847345659,0.0281016490676,0.0514264264264,-2.95526876405,0.0256262541173,0.0142510931985,-0.639794898033,0.066897420125,0.0811732785417,0.0329787593564,0.0211547975758,0.2,0.0201201201201,0.0390145857821,0.2,-0.00019733705448,-0.000779389840656,-4,-0.000514800514801,-0.281888740889,-0.027027027027,0,0,151,1,65,1115,0.699074074074,0.999103942652,0.00089605734767,0.300925925926,0.993421052632,0.699074074074,0.820652173913,0.809398407308,0.698178016726,0.695852534562,1,65,0,0,0,0
2861,WLNM_dir_neg,0.988816568047,0.887624514789,00:00:02,10,70,18,1236970042,threshold_sweep,0.8,0,0,0,0,1,65,129,0,0.992307692308,0.00769230769231,1,0,0,0,0.661538461538,0.664957264957,-0.0102040816327,-0.0507673082567,-0.00769230769231,216,151,65,0,216,0,151,0,65,37,216,0.162162162162,1.32432432432,11.6756756757,21.6,6,8.1990990496,0.702237650082,0.31006006006,10.329336629,1.76937710775,0.765265265265,3.0868314707,0.528762798222,0.252752752753,0.579945114934,0.437917739848,2,1.32432432432,0.579945114934,2,0.0121701261701,0.00597269624573,7,0.000900900900901,0.621196581197,37,37,37,1,0,0.72972972973,0.243243243243,0.027027027027,37,0.113363363363,1.32882882883,8.16216216216,15.1,4.44117647059,6.01624427656,0.737089530571,0.362985502058,7.36877186503,1.805593106,0.781456953642,2.48750631913,0.609521415945,0.341865043852,0.593803505044,0.446862298711,2.16666666667,1.33796296296,0.5995846593,2.16666666667,0.0119727891156,0.00519330640508,3,0.0003861003861,0.340233766234,37,36,36,0.972972972973,0,0.702702702703,0.216216216216,0.0540540540541,37,152,0.114114114114,1.33513513514,8.21621621622,15.2,4.34285714286,6.00062559301,0.730339299149,0.361486486486,7.37406786495,1.79500336186,0.779516358464,2.44703657267,0.595660218347,0.333926031294,0.612923874291,0.459072537424,2.2,1.34444444444,0.618959700717,2.2,0.0119727891156,0.00519330640508,3,0.0003861003861,0.339307840308,37,36,36,0.972972972973,0,0.702702702703,0.243243243243,0.027027027027,-64,-0.048048048048,0.0108108108108,-3.45945945946,-6.4,-1.65714285714,-2.19847345659,0.0281016490676,0.0514264264264,-2.95526876405,0.0256262541173,0.0142510931985,-0.639794898033,0.066897420125,0.0811732785417,0.0329787593564,0.0211547975758,0.2,0.0201201201201,0.0390145857821,0.2,-0.00019733705448,-0.000779389840656,-4,-0.000514800514801,-0.281888740889,-0.027027027027,0,0,151,1,65,1115,0.699074074074,0.999103942652,0.00089605734767,0.300925925926,0.993421052632,0.699074074074,0.820652173913,0.809398407308,0.698178016726,0.695852534562,1,65,0,0,0,0
2862,WLNM_dir_neg,0.988816568047,0.887624514789,00:00:02,10,70,18,1236970042,threshold_sweep,0.9,0,0,0,0,1,65,129,0,0.992307692308,0.00769230769231,1,0,0,0,0.661538461538,0.664957264957,-0.0102040816327,-0.0507673082567,-0.00769230769231,216,151,65,0,216,0,151,0,65,37,216,0.162162162162,1.32432432432,11.6756756757,21.6,6,8.1990990496,0.702237650082,0.31006006006,10.329336629,1.76937710775,0.765265265265,3.0868314707,0.528762798222,0.252752752753,0.579945114934,0.437917739848,2,1.32432432432,0.579945114934,2,0.0121701261701,0.00597269624573,7,0.000900900900901,0.621196581197,37,37,37,1,0,0.72972972973,0.243243243243,0.027027027027,37,0.113363363363,1.32882882883,8.16216216216,15.1,4.44117647059,6.01624427656,0.737089530571,0.362985502058,7.36877186503,1.805593106,0.781456953642,2.48750631913,0.609521415945,0.341865043852,0.593803505044,0.446862298711,2.16666666667,1.33796296296,0.5995846593,2.16666666667,0.0119727891156,0.00519330640508,3,0.0003861003861,0.340233766234,37,36,36,0.972972972973,0,0.702702702703,0.216216216216,0.0540540540541,37,152,0.114114114114,1.33513513514,8.21621621622,15.2,4.34285714286,6.00062559301,0.730339299149,0.361486486486,7.37406786495,1.79500336186,0.779516358464,2.44703657267,0.595660218347,0.333926031294,0.612923874291,0.459072537424,2.2,1.34444444444,0.618959700717,2.2,0.0119727891156,0.00519330640508,3,0.0003861003861,0.339307840308,37,36,36,0.972972972973,0,0.702702702703,0.243243243243,0.027027027027,-64,-0.048048048048,0.0108108108108,-3.45945945946,-6.4,-1.65714285714,-2.19847345659,0.0281016490676,0.0514264264264,-2.95526876405,0.0256262541173,0.0142510931985,-0.639794898033,0.066897420125,0.0811732785417,0.0329787593564,0.0211547975758,0.2,0.0201201201201,0.0390145857821,0.2,-0.00019733705448,-0.000779389840656,-4,-0.000514800514801,-0.281888740889,-0.027027027027,0,0,151,1,65,1115,0.699074074074,0.999103942652,0.00089605734767,0.300925925926,0.993421052632,0.699074074074,0.820652173913,0.809398407308,0.698178016726,0.695852534562,1,65,0,0,0,0
2863,WLNM_dir_neg,0.985207100592,0.806492992911,00:00:02,10,70,19,1236970043,threshold_sweep,0.1,0.5,0.0153846153846,0.0298507462687,1,1,64,129,0.0153846153846,0.992307692308,0.00769230769231,0.984615384615,0.5,0.0153846153846,0.0298507462687,0.666666666667,0.663247863248,0.010152284264,0.0359907875374,0.00769230769231,216,151,65,0,216,0,151,0,65,37,216,0.162162162162,1.32432432432,11.6756756757,21.6,6,8.1990990496,0.702237650082,0.31006006006,10.329336629,1.76937710775,0.765265265265,3.0868314707,0.528762798222,0.252752752753,0.579945114934,0.437917739848,2,1.32432432432,0.579945114934,2,0.0121701261701,0.00597269624573,7,0.000900900900901,0.621196581197,37,37,37,1,0,0.72972972973,0.243243243243,0.027027027027,37,0.113363363363,1.32432432432,8.16216216216,15.1,4.87096774194,5.85241409597,0.71701762103,0.336853409701,7.44005069568,1.82305877974,0.783246822982,2.48750631913,0.609521415945,0.323966350456,0.579945114934,0.437917739848,2,1.33333333333,0.585540043769,2,0.0176840911803,0.00530035335689,3,0.0003861003861,0.335872597612,37,36,36,0.972972972973,0,0.702702702703,0.135135135135,0.135135135135,37,153,0.114864864865,1.33084808947,8.27027027027,15.3,4.78125,5.88618273138,0.711727977323,0.33580639463,7.44670755794,1.80083777545,0.779720897368,2.41709378021,0.584525946849,0.31160572337,0.599987859318,0.450831213619,2.20689655172,1.34003831418,0.605851808879,2.20689655172,0.0197017836328,0.00695652173913,4,0.000514800514801,0.337459899199,37,36,36,0.972972972973,0,0.702702702703,0.162162162162,0.108108108108,-63,-0.0472972972973,0.00652376514445,-3.40540540541,-6.3,-1.21875,-2.31291631823,0.00949032724136,0.0257463345699,-2.88262907106,0.0314606677038,0.0144556321027,-0.669737690491,0.0557631486264,0.0588529706177,0.0200427443836,0.0129134737708,0.206896551724,0.0157139898519,0.0259066939442,0.206896551724,0.00753165746268,0.000983825493397,-3,-0.0003861003861,-0.283736681998,-0.027027027027,-0.0810810810811,0.0810810810811,152,1,64,1115,0.703703703704,0.999103942652,0.00089605734767,0.296296296296,0.993464052288,0.703703703704,0.823848238482,0.812442872082,0.702807646356,0.700460829493,2,65,0,0,0,0
2864,WLNM_dir_neg,0.985207100592,0.806492992911,00:00:02,10,70,19,1236970043,threshold_sweep,0.2,0.5,0.0153846153846,0.0298507462687,1,1,64,129,0.0153846153846,0.992307692308,0.00769230769231,0.984615384615,0.5,0.0153846153846,0.0298507462687,0.666666666667,0.663247863248,0.010152284264,0.0359907875374,0.00769230769231,216,151,65,0,216,0,151,0,65,37,216,0.162162162162,1.32432432432,11.6756756757,21.6,6,8.1990990496,0.702237650082,0.31006006006,10.329336629,1.76937710775,0.765265265265,3.0868314707,0.528762798222,0.252752752753,0.579945114934,0.437917739848,2,1.32432432432,0.579945114934,2,0.0121701261701,0.00597269624573,7,0.000900900900901,0.621196581197,37,37,37,1,0,0.72972972973,0.243243243243,0.027027027027,37,0.113363363363,1.32432432432,8.16216216216,15.1,4.87096774194,5.85241409597,0.71701762103,0.336853409701,7.44005069568,1.82305877974,0.783246822982,2.48750631913,0.609521415945,0.323966350456,0.579945114934,0.437917739848,2,1.33333333333,0.585540043769,2,0.0176840911803,0.00530035335689,3,0.0003861003861,0.335872597612,37,36,36,0.972972972973,0,0.702702702703,0.135135135135,0.135135135135,37,153,0.114864864865,1.33084808947,8.27027027027,15.3,4.78125,5.88618273138,0.711727977323,0.33580639463,7.44670755794,1.80083777545,0.779720897368,2.41709378021,0.584525946849,0.31160572337,0.599987859318,0.450831213619,2.20689655172,1.34003831418,0.605851808879,2.20689655172,0.0197017836328,0.00695652173913,4,0.000514800514801,0.337459899199,37,36,36,0.972972972973,0,0.702702702703,0.162162162162,0.108108108108,-63,-0.0472972972973,0.00652376514445,-3.40540540541,-6.3,-1.21875,-2.31291631823,0.00949032724136,0.0257463345699,-2.88262907106,0.0314606677038,0.0144556321027,-0.669737690491,0.0557631486264,0.0588529706177,0.0200427443836,0.0129134737708,0.206896551724,0.0157139898519,0.0259066939442,0.206896551724,0.00753165746268,0.000983825493397,-3,-0.0003861003861,-0.283736681998,-0.027027027027,-0.0810810810811,0.0810810810811,152,1,64,1115,0.703703703704,0.999103942652,0.00089605734767,0.296296296296,0.993464052288,0.703703703704,0.823848238482,0.812442872082,0.702807646356,0.700460829493,2,65,0,0,0,0
2865,WLNM_dir_neg,0.985207100592,0.806492992911,00:00:02,10,70,19,1236970043,threshold_sweep,0.3,0.5,0.0153846153846,0.0298507462687,1,1,64,129,0.0153846153846,0.992307692308,0.00769230769231,0.984615384615,0.5,0.0153846153846,0.0298507462687,0.666666666667,0.663247863248,0.010152284264,0.0359907875374,0.00769230769231,216,151,65,0,216,0,151,0,65,37,216,0.162162162162,1.32432432432,11.6756756757,21.6,6,8.1990990496,0.702237650082,0.31006006006,10.329336629,1.76937710775,0.765265265265,3.0868314707,0.528762798222,0.252752752753,0.579945114934,0.437917739848,2,1.32432432432,0.579945114934,2,0.0121701261701,0.00597269624573,7,0.000900900900901,0.621196581197,37,37,37,1,0,0.72972972973,0.243243243243,0.027027027027,37,0.113363363363,1.32432432432,8.16216216216,15.1,4.87096774194,5.85241409597,0.71701762103,0.336853409701,7.44005069568,1.82305877974,0.783246822982,2.48750631913,0.609521415945,0.323966350456,0.579945114934,0.437917739848,2,1.33333333333,0.585540043769,2,0.0176840911803,0.00530035335689,3,0.0003861003861,0.335872597612,37,36,36,0.972972972973,0,0.702702702703,0.135135135135,0.135135135135,37,153,0.114864864865,1.33084808947,8.27027027027,15.3,4.78125,5.88618273138,0.711727977323,0.33580639463,7.44670755794,1.80083777545,0.779720897368,2.41709378021,0.584525946849,0.31160572337,0.599987859318,0.450831213619,2.20689655172,1.34003831418,0.605851808879,2.20689655172,0.0197017836328,0.00695652173913,4,0.000514800514801,0.337459899199,37,36,36,0.972972972973,0,0.702702702703,0.162162162162,0.108108108108,-63,-0.0472972972973,0.00652376514445,-3.40540540541,-6.3,-1.21875,-2.31291631823,0.00949032724136,0.0257463345699,-2.88262907106,0.0314606677038,0.0144556321027,-0.669737690491,0.0557631486264,0.0588529706177,0.0200427443836,0.0129134737708,0.206896551724,0.0157139898519,0.0259066939442,0.206896551724,0.00753165746268,0.000983825493397,-3,-0.0003861003861,-0.283736681998,-0.027027027027,-0.0810810810811,0.0810810810811,152,1,64,1115,0.703703703704,0.999103942652,0.00089605734767,0.296296296296,0.993464052288,0.703703703704,0.823848238482,0.812442872082,0.702807646356,0.700460829493,2,65,0,0,0,0
2866,WLNM_dir_neg,0.985207100592,0.806492992911,00:00:02,10,70,19,1236970043,threshold_sweep,0.4,0.5,0.0153846153846,0.0298507462687,1,1,64,129,0.0153846153846,0.992307692308,0.00769230769231,0.984615384615,0.5,0.0153846153846,0.0298507462687,0.666666666667,0.663247863248,0.010152284264,0.0359907875374,0.00769230769231,216,151,65,0,216,0,151,0,65,37,216,0.162162162162,1.32432432432,11.6756756757,21.6,6,8.1990990496,0.702237650082,0.31006006006,10.329336629,1.76937710775,0.765265265265,3.0868314707,0.528762798222,0.252752752753,0.579945114934,0.437917739848,2,1.32432432432,0.579945114934,2,0.0121701261701,0.00597269624573,7,0.000900900900901,0.621196581197,37,37,37,1,0,0.72972972973,0.243243243243,0.027027027027,37,0.113363363363,1.32432432432,8.16216216216,15.1,4.87096774194,5.85241409597,0.71701762103,0.336853409701,7.44005069568,1.82305877974,0.783246822982,2.48750631913,0.609521415945,0.323966350456,0.579945114934,0.437917739848,2,1.33333333333,0.585540043769,2,0.0176840911803,0.00530035335689,3,0.0003861003861,0.335872597612,37,36,36,0.972972972973,0,0.702702702703,0.135135135135,0.135135135135,37,153,0.114864864865,1.33084808947,8.27027027027,15.3,4.78125,5.88618273138,0.711727977323,0.33580639463,7.44670755794,1.80083777545,0.779720897368,2.41709378021,0.584525946849,0.31160572337,0.599987859318,0.450831213619,2.20689655172,1.34003831418,0.605851808879,2.20689655172,0.0197017836328,0.00695652173913,4,0.000514800514801,0.337459899199,37,36,36,0.972972972973,0,0.702702702703,0.162162162162,0.108108108108,-63,-0.0472972972973,0.00652376514445,-3.40540540541,-6.3,-1.21875,-2.31291631823,0.00949032724136,0.0257463345699,-2.88262907106,0.0314606677038,0.0144556321027,-0.669737690491,0.0557631486264,0.0588529706177,0.0200427443836,0.0129134737708,0.206896551724,0.0157139898519,0.0259066939442,0.206896551724,0.00753165746268,0.000983825493397,-3,-0.0003861003861,-0.283736681998,-0.027027027027,-0.0810810810811,0.0810810810811,152,1,64,1115,0.703703703704,0.999103942652,0.00089605734767,0.296296296296,0.993464052288,0.703703703704,0.823848238482,0.812442872082,0.702807646356,0.700460829493,2,65,0,0,0,0
2867,WLNM_dir_neg,0.985207100592,0.806492992911,00:00:02,10,70,19,1236970043,threshold_sweep,0.5,0.5,0.0153846153846,0.0298507462687,1,1,64,129,0.0153846153846,0.992307692308,0.00769230769231,0.984615384615,0.5,0.0153846153846,0.0298507462687,0.666666666667,0.663247863248,0.010152284264,0.0359907875374,0.00769230769231,216,151,65,0,216,0,151,0,65,37,216,0.162162162162,1.32432432432,11.6756756757,21.6,6,8.1990990496,0.702237650082,0.31006006006,10.329336629,1.76937710775,0.765265265265,3.0868314707,0.528762798222,0.252752752753,0.579945114934,0.437917739848,2,1.32432432432,0.579945114934,2,0.0121701261701,0.00597269624573,7,0.000900900900901,0.621196581197,37,37,37,1,0,0.72972972973,0.243243243243,0.027027027027,37,0.113363363363,1.32432432432,8.16216216216,15.1,4.87096774194,5.85241409597,0.71701762103,0.336853409701,7.44005069568,1.82305877974,0.783246822982,2.48750631913,0.609521415945,0.323966350456,0.579945114934,0.437917739848,2,1.33333333333,0.585540043769,2,0.0176840911803,0.00530035335689,3,0.0003861003861,0.335872597612,37,36,36,0.972972972973,0,0.702702702703,0.135135135135,0.135135135135,37,153,0.114864864865,1.33084808947,8.27027027027,15.3,4.78125,5.88618273138,0.711727977323,0.33580639463,7.44670755794,1.80083777545,0.779720897368,2.41709378021,0.584525946849,0.31160572337,0.599987859318,0.450831213619,2.20689655172,1.34003831418,0.605851808879,2.20689655172,0.0197017836328,0.00695652173913,4,0.000514800514801,0.337459899199,37,36,36,0.972972972973,0,0.702702702703,0.162162162162,0.108108108108,-63,-0.0472972972973,0.00652376514445,-3.40540540541,-6.3,-1.21875,-2.31291631823,0.00949032724136,0.0257463345699,-2.88262907106,0.0314606677038,0.0144556321027,-0.669737690491,0.0557631486264,0.0588529706177,0.0200427443836,0.0129134737708,0.206896551724,0.0157139898519,0.0259066939442,0.206896551724,0.00753165746268,0.000983825493397,-3,-0.0003861003861,-0.283736681998,-0.027027027027,-0.0810810810811,0.0810810810811,152,1,64,1115,0.703703703704,0.999103942652,0.00089605734767,0.296296296296,0.993464052288,0.703703703704,0.823848238482,0.812442872082,0.702807646356,0.700460829493,2,65,0,0,0,0
2868,WLNM_dir_neg,0.985207100592,0.806492992911,00:00:02,10,70,19,1236970043,threshold_sweep,0.6,0.5,0.0153846153846,0.0298507462687,1,1,64,129,0.0153846153846,0.992307692308,0.00769230769231,0.984615384615,0.5,0.0153846153846,0.0298507462687,0.666666666667,0.663247863248,0.010152284264,0.0359907875374,0.00769230769231,216,151,65,0,216,0,151,0,65,37,216,0.162162162162,1.32432432432,11.6756756757,21.6,6,8.1990990496,0.702237650082,0.31006006006,10.329336629,1.76937710775,0.765265265265,3.0868314707,0.528762798222,0.252752752753,0.579945114934,0.437917739848,2,1.32432432432,0.579945114934,2,0.0121701261701,0.00597269624573,7,0.000900900900901,0.621196581197,37,37,37,1,0,0.72972972973,0.243243243243,0.027027027027,37,0.113363363363,1.32432432432,8.16216216216,15.1,4.87096774194,5.85241409597,0.71701762103,0.336853409701,7.44005069568,1.82305877974,0.783246822982,2.48750631913,0.609521415945,0.323966350456,0.579945114934,0.437917739848,2,1.33333333333,0.585540043769,2,0.0176840911803,0.00530035335689,3,0.0003861003861,0.335872597612,37,36,36,0.972972972973,0,0.702702702703,0.135135135135,0.135135135135,37,153,0.114864864865,1.33084808947,8.27027027027,15.3,4.78125,5.88618273138,0.711727977323,0.33580639463,7.44670755794,1.80083777545,0.779720897368,2.41709378021,0.584525946849,0.31160572337,0.599987859318,0.450831213619,2.20689655172,1.34003831418,0.605851808879,2.20689655172,0.0197017836328,0.00695652173913,4,0.000514800514801,0.337459899199,37,36,36,0.972972972973,0,0.702702702703,0.162162162162,0.108108108108,-63,-0.0472972972973,0.00652376514445,-3.40540540541,-6.3,-1.21875,-2.31291631823,0.00949032724136,0.0257463345699,-2.88262907106,0.0314606677038,0.0144556321027,-0.669737690491,0.0557631486264,0.0588529706177,0.0200427443836,0.0129134737708,0.206896551724,0.0157139898519,0.0259066939442,0.206896551724,0.00753165746268,0.000983825493397,-3,-0.0003861003861,-0.283736681998,-0.027027027027,-0.0810810810811,0.0810810810811,152,1,64,1115,0.703703703704,0.999103942652,0.00089605734767,0.296296296296,0.993464052288,0.703703703704,0.823848238482,0.812442872082,0.702807646356,0.700460829493,2,65,0,0,0,0
2869,WLNM_dir_neg,0.985207100592,0.806492992911,00:00:02,10,70,19,1236970043,threshold_sweep,0.7,0.5,0.0153846153846,0.0298507462687,1,1,64,129,0.0153846153846,0.992307692308,0.00769230769231,0.984615384615,0.5,0.0153846153846,0.0298507462687,0.666666666667,0.663247863248,0.010152284264,0.0359907875374,0.00769230769231,216,151,65,0,216,0,151,0,65,37,216,0.162162162162,1.32432432432,11.6756756757,21.6,6,8.1990990496,0.702237650082,0.31006006006,10.329336629,1.76937710775,0.765265265265,3.0868314707,0.528762798222,0.252752752753,0.579945114934,0.437917739848,2,1.32432432432,0.579945114934,2,0.0121701261701,0.00597269624573,7,0.000900900900901,0.621196581197,37,37,37,1,0,0.72972972973,0.243243243243,0.027027027027,37,0.113363363363,1.32432432432,8.16216216216,15.1,4.87096774194,5.85241409597,0.71701762103,0.336853409701,7.44005069568,1.82305877974,0.783246822982,2.48750631913,0.609521415945,0.323966350456,0.579945114934,0.437917739848,2,1.33333333333,0.585540043769,2,0.0176840911803,0.00530035335689,3,0.0003861003861,0.335872597612,37,36,36,0.972972972973,0,0.702702702703,0.135135135135,0.135135135135,37,153,0.114864864865,1.33084808947,8.27027027027,15.3,4.78125,5.88618273138,0.711727977323,0.33580639463,7.44670755794,1.80083777545,0.779720897368,2.41709378021,0.584525946849,0.31160572337,0.599987859318,0.450831213619,2.20689655172,1.34003831418,0.605851808879,2.20689655172,0.0197017836328,0.00695652173913,4,0.000514800514801,0.337459899199,37,36,36,0.972972972973,0,0.702702702703,0.162162162162,0.108108108108,-63,-0.0472972972973,0.00652376514445,-3.40540540541,-6.3,-1.21875,-2.31291631823,0.00949032724136,0.0257463345699,-2.88262907106,0.0314606677038,0.0144556321027,-0.669737690491,0.0557631486264,0.0588529706177,0.0200427443836,0.0129134737708,0.206896551724,0.0157139898519,0.0259066939442,0.206896551724,0.00753165746268,0.000983825493397,-3,-0.0003861003861,-0.283736681998,-0.027027027027,-0.0810810810811,0.0810810810811,152,1,64,1115,0.703703703704,0.999103942652,0.00089605734767,0.296296296296,0.993464052288,0.703703703704,0.823848238482,0.812442872082,0.702807646356,0.700460829493,2,65,0,0,0,0
2870,WLNM_dir_neg,0.985207100592,0.806492992911,00:00:02,10,70,19,1236970043,threshold_sweep,0.8,0.5,0.0153846153846,0.0298507462687,1,1,64,129,0.0153846153846,0.992307692308,0.00769230769231,0.984615384615,0.5,0.0153846153846,0.0298507462687,0.666666666667,0.663247863248,0.010152284264,0.0359907875374,0.00769230769231,216,151,65,0,216,0,151,0,65,37,216,0.162162162162,1.32432432432,11.6756756757,21.6,6,8.1990990496,0.702237650082,0.31006006006,10.329336629,1.76937710775,0.765265265265,3.0868314707,0.528762798222,0.252752752753,0.579945114934,0.437917739848,2,1.32432432432,0.579945114934,2,0.0121701261701,0.00597269624573,7,0.000900900900901,0.621196581197,37,37,37,1,0,0.72972972973,0.243243243243,0.027027027027,37,0.113363363363,1.32432432432,8.16216216216,15.1,4.87096774194,5.85241409597,0.71701762103,0.336853409701,7.44005069568,1.82305877974,0.783246822982,2.48750631913,0.609521415945,0.323966350456,0.579945114934,0.437917739848,2,1.33333333333,0.585540043769,2,0.0176840911803,0.00530035335689,3,0.0003861003861,0.335872597612,37,36,36,0.972972972973,0,0.702702702703,0.135135135135,0.135135135135,37,153,0.114864864865,1.33084808947,8.27027027027,15.3,4.78125,5.88618273138,0.711727977323,0.33580639463,7.44670755794,1.80083777545,0.779720897368,2.41709378021,0.584525946849,0.31160572337,0.599987859318,0.450831213619,2.20689655172,1.34003831418,0.605851808879,2.20689655172,0.0197017836328,0.00695652173913,4,0.000514800514801,0.337459899199,37,36,36,0.972972972973,0,0.702702702703,0.162162162162,0.108108108108,-63,-0.0472972972973,0.00652376514445,-3.40540540541,-6.3,-1.21875,-2.31291631823,0.00949032724136,0.0257463345699,-2.88262907106,0.0314606677038,0.0144556321027,-0.669737690491,0.0557631486264,0.0588529706177,0.0200427443836,0.0129134737708,0.206896551724,0.0157139898519,0.0259066939442,0.206896551724,0.00753165746268,0.000983825493397,-3,-0.0003861003861,-0.283736681998,-0.027027027027,-0.0810810810811,0.0810810810811,152,1,64,1115,0.703703703704,0.999103942652,0.00089605734767,0.296296296296,0.993464052288,0.703703703704,0.823848238482,0.812442872082,0.702807646356,0.700460829493,2,65,0,0,0,0
2871,WLNM_dir_neg,0.985207100592,0.806492992911,00:00:02,10,70,19,1236970043,threshold_sweep,0.9,0.5,0.0153846153846,0.0298507462687,1,1,64,129,0.0153846153846,0.992307692308,0.00769230769231,0.984615384615,0.5,0.0153846153846,0.0298507462687,0.666666666667,0.663247863248,0.010152284264,0.0359907875374,0.00769230769231,216,151,65,0,216,0,151,0,65,37,216,0.162162162162,1.32432432432,11.6756756757,21.6,6,8.1990990496,0.702237650082,0.31006006006,10.329336629,1.76937710775,0.765265265265,3.0868314707,0.528762798222,0.252752752753,0.579945114934,0.437917739848,2,1.32432432432,0.579945114934,2,0.0121701261701,0.00597269624573,7,0.000900900900901,0.621196581197,37,37,37,1,0,0.72972972973,0.243243243243,0.027027027027,37,0.113363363363,1.32432432432,8.16216216216,15.1,4.87096774194,5.85241409597,0.71701762103,0.336853409701,7.44005069568,1.82305877974,0.783246822982,2.48750631913,0.609521415945,0.323966350456,0.579945114934,0.437917739848,2,1.33333333333,0.585540043769,2,0.0176840911803,0.00530035335689,3,0.0003861003861,0.335872597612,37,36,36,0.972972972973,0,0.702702702703,0.135135135135,0.135135135135,37,153,0.114864864865,1.33084808947,8.27027027027,15.3,4.78125,5.88618273138,0.711727977323,0.33580639463,7.44670755794,1.80083777545,0.779720897368,2.41709378021,0.584525946849,0.31160572337,0.599987859318,0.450831213619,2.20689655172,1.34003831418,0.605851808879,2.20689655172,0.0197017836328,0.00695652173913,4,0.000514800514801,0.337459899199,37,36,36,0.972972972973,0,0.702702702703,0.162162162162,0.108108108108,-63,-0.0472972972973,0.00652376514445,-3.40540540541,-6.3,-1.21875,-2.31291631823,0.00949032724136,0.0257463345699,-2.88262907106,0.0314606677038,0.0144556321027,-0.669737690491,0.0557631486264,0.0588529706177,0.0200427443836,0.0129134737708,0.206896551724,0.0157139898519,0.0259066939442,0.206896551724,0.00753165746268,0.000983825493397,-3,-0.0003861003861,-0.283736681998,-0.027027027027,-0.0810810810811,0.0810810810811,152,1,64,1115,0.703703703704,0.999103942652,0.00089605734767,0.296296296296,0.993464052288,0.703703703704,0.823848238482,0.812442872082,0.702807646356,0.700460829493,2,65,0,0,0,0
2872,WLNM_dir_neg,1,0.984615384615,00:00:02,10,70,20,1236970044,threshold_sweep,0.1,1,0.0153846153846,0.030303030303,1,0,64,130,0.0153846153846,1,0,0.984615384615,1,0.0153846153846,0.030303030303,0.671794871795,0.664957264957,0.0204081632653,0.101534616513,0.0153846153846,216,151,65,0,216,0,151,0,65,37,216,0.162162162162,1.32432432432,11.6756756757,21.6,6,8.1990990496,0.702237650082,0.31006006006,10.329336629,1.76937710775,0.765265265265,3.0868314707,0.528762798222,0.252752752753,0.579945114934,0.437917739848,2,1.32432432432,0.579945114934,2,0.0121701261701,0.00597269624573,7,0.000900900900901,0.621196581197,37,37,37,1,0,0.72972972973,0.243243243243,0.027027027027,37,0.113363363363,1.32432432432,8.16216216216,15.1,4.44117647059,6.00700292027,0.735957311423,0.362985502058,7.28536729181,1.78515622382,0.777161267227,2.41957730903,0.592876559165,0.329693932343,0.579945114934,0.437917739848,2,1.33333333333,0.585540043769,2,0.0151435005734,0.00693240901213,4,0.000514800514801,0.338761322131,37,36,36,0.972972972973,0,0.702702702703,0.216216216216,0.0540540540541,37,152,0.114114114114,1.32432432432,8.21621621622,15.2,4.34285714286,6.02372686012,0.733150966527,0.361842105263,7.28691286479,1.77378799998,0.775248933144,2.37795177719,0.578843524711,0.321834992888,0.579945114934,0.437917739848,2,1.33333333333,0.585540043769,2,0.0113339767639,0.00685714285714,4,0.000514800514801,0.33777366781,37,36,36,0.972972972973,0,0.702702702703,0.243243243243,0.027027027027,-64,-0.048048048048,0,-3.45945945946,-6.4,-1.65714285714,-2.17537218949,0.0309133164454,0.0517820452031,-3.04242376421,0.00441089223741,0.0099836678784,-0.708879693511,0.050080726489,0.0690822401349,0,0,0,0.00900900900901,0.00559492883467,0,-0.00083614940627,0.000884446611409,-3,-0.0003861003861,-0.283422913386,-0.027027027027,0,0,152,0,64,1116,0.703703703704,1,0,0.296296296296,1,0.703703703704,0.826086956522,0.815804341226,0.703703703704,0.703703703704,1,65,0,0,0,0
2873,WLNM_dir_neg,1,0.984615384615,00:00:02,10,70,20,1236970044,threshold_sweep,0.2,1,0.0153846153846,0.030303030303,1,0,64,130,0.0153846153846,1,0,0.984615384615,1,0.0153846153846,0.030303030303,0.671794871795,0.664957264957,0.0204081632653,0.101534616513,0.0153846153846,216,151,65,0,216,0,151,0,65,37,216,0.162162162162,1.32432432432,11.6756756757,21.6,6,8.1990990496,0.702237650082,0.31006006006,10.329336629,1.76937710775,0.765265265265,3.0868314707,0.528762798222,0.252752752753,0.579945114934,0.437917739848,2,1.32432432432,0.579945114934,2,0.0121701261701,0.00597269624573,7,0.000900900900901,0.621196581197,37,37,37,1,0,0.72972972973,0.243243243243,0.027027027027,37,0.113363363363,1.32432432432,8.16216216216,15.1,4.44117647059,6.00700292027,0.735957311423,0.362985502058,7.28536729181,1.78515622382,0.777161267227,2.41957730903,0.592876559165,0.329693932343,0.579945114934,0.437917739848,2,1.33333333333,0.585540043769,2,0.0151435005734,0.00693240901213,4,0.000514800514801,0.338761322131,37,36,36,0.972972972973,0,0.702702702703,0.216216216216,0.0540540540541,37,152,0.114114114114,1.32432432432,8.21621621622,15.2,4.34285714286,6.02372686012,0.733150966527,0.361842105263,7.28691286479,1.77378799998,0.775248933144,2.37795177719,0.578843524711,0.321834992888,0.579945114934,0.437917739848,2,1.33333333333,0.585540043769,2,0.0113339767639,0.00685714285714,4,0.000514800514801,0.33777366781,37,36,36,0.972972972973,0,0.702702702703,0.243243243243,0.027027027027,-64,-0.048048048048,0,-3.45945945946,-6.4,-1.65714285714,-2.17537218949,0.0309133164454,0.0517820452031,-3.04242376421,0.00441089223741,0.0099836678784,-0.708879693511,0.050080726489,0.0690822401349,0,0,0,0.00900900900901,0.00559492883467,0,-0.00083614940627,0.000884446611409,-3,-0.0003861003861,-0.283422913386,-0.027027027027,0,0,152,0,64,1116,0.703703703704,1,0,0.296296296296,1,0.703703703704,0.826086956522,0.815804341226,0.703703703704,0.703703703704,1,65,0,0,0,0
2874,WLNM_dir_neg,1,0.984615384615,00:00:02,10,70,20,1236970044,threshold_sweep,0.3,1,0.0153846153846,0.030303030303,1,0,64,130,0.0153846153846,1,0,0.984615384615,1,0.0153846153846,0.030303030303,0.671794871795,0.664957264957,0.0204081632653,0.101534616513,0.0153846153846,216,151,65,0,216,0,151,0,65,37,216,0.162162162162,1.32432432432,11.6756756757,21.6,6,8.1990990496,0.702237650082,0.31006006006,10.329336629,1.76937710775,0.765265265265,3.0868314707,0.528762798222,0.252752752753,0.579945114934,0.437917739848,2,1.32432432432,0.579945114934,2,0.0121701261701,0.00597269624573,7,0.000900900900901,0.621196581197,37,37,37,1,0,0.72972972973,0.243243243243,0.027027027027,37,0.113363363363,1.32432432432,8.16216216216,15.1,4.44117647059,6.00700292027,0.735957311423,0.362985502058,7.28536729181,1.78515622382,0.777161267227,2.41957730903,0.592876559165,0.329693932343,0.579945114934,0.437917739848,2,1.33333333333,0.585540043769,2,0.0151435005734,0.00693240901213,4,0.000514800514801,0.338761322131,37,36,36,0.972972972973,0,0.702702702703,0.216216216216,0.0540540540541,37,152,0.114114114114,1.32432432432,8.21621621622,15.2,4.34285714286,6.02372686012,0.733150966527,0.361842105263,7.28691286479,1.77378799998,0.775248933144,2.37795177719,0.578843524711,0.321834992888,0.579945114934,0.437917739848,2,1.33333333333,0.585540043769,2,0.0113339767639,0.00685714285714,4,0.000514800514801,0.33777366781,37,36,36,0.972972972973,0,0.702702702703,0.243243243243,0.027027027027,-64,-0.048048048048,0,-3.45945945946,-6.4,-1.65714285714,-2.17537218949,0.0309133164454,0.0517820452031,-3.04242376421,0.00441089223741,0.0099836678784,-0.708879693511,0.050080726489,0.0690822401349,0,0,0,0.00900900900901,0.00559492883467,0,-0.00083614940627,0.000884446611409,-3,-0.0003861003861,-0.283422913386,-0.027027027027,0,0,152,0,64,1116,0.703703703704,1,0,0.296296296296,1,0.703703703704,0.826086956522,0.815804341226,0.703703703704,0.703703703704,1,65,0,0,0,0
2875,WLNM_dir_neg,1,0.984615384615,00:00:02,10,70,20,1236970044,threshold_sweep,0.4,1,0.0153846153846,0.030303030303,1,0,64,130,0.0153846153846,1,0,0.984615384615,1,0.0153846153846,0.030303030303,0.671794871795,0.664957264957,0.0204081632653,0.101534616513,0.0153846153846,216,151,65,0,216,0,151,0,65,37,216,0.162162162162,1.32432432432,11.6756756757,21.6,6,8.1990990496,0.702237650082,0.31006006006,10.329336629,1.76937710775,0.765265265265,3.0868314707,0.528762798222,0.252752752753,0.579945114934,0.437917739848,2,1.32432432432,0.579945114934,2,0.0121701261701,0.00597269624573,7,0.000900900900901,0.621196581197,37,37,37,1,0,0.72972972973,0.243243243243,0.027027027027,37,0.113363363363,1.32432432432,8.16216216216,15.1,4.44117647059,6.00700292027,0.735957311423,0.362985502058,7.28536729181,1.78515622382,0.777161267227,2.41957730903,0.592876559165,0.329693932343,0.579945114934,0.437917739848,2,1.33333333333,0.585540043769,2,0.0151435005734,0.00693240901213,4,0.000514800514801,0.338761322131,37,36,36,0.972972972973,0,0.702702702703,0.216216216216,0.0540540540541,37,152,0.114114114114,1.32432432432,8.21621621622,15.2,4.34285714286,6.02372686012,0.733150966527,0.361842105263,7.28691286479,1.77378799998,0.775248933144,2.37795177719,0.578843524711,0.321834992888,0.579945114934,0.437917739848,2,1.33333333333,0.585540043769,2,0.0113339767639,0.00685714285714,4,0.000514800514801,0.33777366781,37,36,36,0.972972972973,0,0.702702702703,0.243243243243,0.027027027027,-64,-0.048048048048,0,-3.45945945946,-6.4,-1.65714285714,-2.17537218949,0.0309133164454,0.0517820452031,-3.04242376421,0.00441089223741,0.0099836678784,-0.708879693511,0.050080726489,0.0690822401349,0,0,0,0.00900900900901,0.00559492883467,0,-0.00083614940627,0.000884446611409,-3,-0.0003861003861,-0.283422913386,-0.027027027027,0,0,152,0,64,1116,0.703703703704,1,0,0.296296296296,1,0.703703703704,0.826086956522,0.815804341226,0.703703703704,0.703703703704,1,65,0,0,0,0
2876,WLNM_dir_neg,1,0.984615384615,00:00:02,10,70,20,1236970044,threshold_sweep,0.5,1,0.0153846153846,0.030303030303,1,0,64,130,0.0153846153846,1,0,0.984615384615,1,0.0153846153846,0.030303030303,0.671794871795,0.664957264957,0.0204081632653,0.101534616513,0.0153846153846,216,151,65,0,216,0,151,0,65,37,216,0.162162162162,1.32432432432,11.6756756757,21.6,6,8.1990990496,0.702237650082,0.31006006006,10.329336629,1.76937710775,0.765265265265,3.0868314707,0.528762798222,0.252752752753,0.579945114934,0.437917739848,2,1.32432432432,0.579945114934,2,0.0121701261701,0.00597269624573,7,0.000900900900901,0.621196581197,37,37,37,1,0,0.72972972973,0.243243243243,0.027027027027,37,0.113363363363,1.32432432432,8.16216216216,15.1,4.44117647059,6.00700292027,0.735957311423,0.362985502058,7.28536729181,1.78515622382,0.777161267227,2.41957730903,0.592876559165,0.329693932343,0.579945114934,0.437917739848,2,1.33333333333,0.585540043769,2,0.0151435005734,0.00693240901213,4,0.000514800514801,0.338761322131,37,36,36,0.972972972973,0,0.702702702703,0.216216216216,0.0540540540541,37,152,0.114114114114,1.32432432432,8.21621621622,15.2,4.34285714286,6.02372686012,0.733150966527,0.361842105263,7.28691286479,1.77378799998,0.775248933144,2.37795177719,0.578843524711,0.321834992888,0.579945114934,0.437917739848,2,1.33333333333,0.585540043769,2,0.0113339767639,0.00685714285714,4,0.000514800514801,0.33777366781,37,36,36,0.972972972973,0,0.702702702703,0.243243243243,0.027027027027,-64,-0.048048048048,0,-3.45945945946,-6.4,-1.65714285714,-2.17537218949,0.0309133164454,0.0517820452031,-3.04242376421,0.00441089223741,0.0099836678784,-0.708879693511,0.050080726489,0.0690822401349,0,0,0,0.00900900900901,0.00559492883467,0,-0.00083614940627,0.000884446611409,-3,-0.0003861003861,-0.283422913386,-0.027027027027,0,0,152,0,64,1116,0.703703703704,1,0,0.296296296296,1,0.703703703704,0.826086956522,0.815804341226,0.703703703704,0.703703703704,1,65,0,0,0,0
2877,WLNM_dir_neg,1,0.984615384615,00:00:02,10,70,20,1236970044,threshold_sweep,0.6,1,0.0153846153846,0.030303030303,1,0,64,130,0.0153846153846,1,0,0.984615384615,1,0.0153846153846,0.030303030303,0.671794871795,0.664957264957,0.0204081632653,0.101534616513,0.0153846153846,216,151,65,0,216,0,151,0,65,37,216,0.162162162162,1.32432432432,11.6756756757,21.6,6,8.1990990496,0.702237650082,0.31006006006,10.329336629,1.76937710775,0.765265265265,3.0868314707,0.528762798222,0.252752752753,0.579945114934,0.437917739848,2,1.32432432432,0.579945114934,2,0.0121701261701,0.00597269624573,7,0.000900900900901,0.621196581197,37,37,37,1,0,0.72972972973,0.243243243243,0.027027027027,37,0.113363363363,1.32432432432,8.16216216216,15.1,4.44117647059,6.00700292027,0.735957311423,0.362985502058,7.28536729181,1.78515622382,0.777161267227,2.41957730903,0.592876559165,0.329693932343,0.579945114934,0.437917739848,2,1.33333333333,0.585540043769,2,0.0151435005734,0.00693240901213,4,0.000514800514801,0.338761322131,37,36,36,0.972972972973,0,0.702702702703,0.216216216216,0.0540540540541,37,152,0.114114114114,1.32432432432,8.21621621622,15.2,4.34285714286,6.02372686012,0.733150966527,0.361842105263,7.28691286479,1.77378799998,0.775248933144,2.37795177719,0.578843524711,0.321834992888,0.579945114934,0.437917739848,2,1.33333333333,0.585540043769,2,0.0113339767639,0.00685714285714,4,0.000514800514801,0.33777366781,37,36,36,0.972972972973,0,0.702702702703,0.243243243243,0.027027027027,-64,-0.048048048048,0,-3.45945945946,-6.4,-1.65714285714,-2.17537218949,0.0309133164454,0.0517820452031,-3.04242376421,0.00441089223741,0.0099836678784,-0.708879693511,0.050080726489,0.0690822401349,0,0,0,0.00900900900901,0.00559492883467,0,-0.00083614940627,0.000884446611409,-3,-0.0003861003861,-0.283422913386,-0.027027027027,0,0,152,0,64,1116,0.703703703704,1,0,0.296296296296,1,0.703703703704,0.826086956522,0.815804341226,0.703703703704,0.703703703704,1,65,0,0,0,0
2878,WLNM_dir_neg,1,0.984615384615,00:00:02,10,70,20,1236970044,threshold_sweep,0.7,1,0.0153846153846,0.030303030303,1,0,64,130,0.0153846153846,1,0,0.984615384615,1,0.0153846153846,0.030303030303,0.671794871795,0.664957264957,0.0204081632653,0.101534616513,0.0153846153846,216,151,65,0,216,0,151,0,65,37,216,0.162162162162,1.32432432432,11.6756756757,21.6,6,8.1990990496,0.702237650082,0.31006006006,10.329336629,1.76937710775,0.765265265265,3.0868314707,0.528762798222,0.252752752753,0.579945114934,0.437917739848,2,1.32432432432,0.579945114934,2,0.0121701261701,0.00597269624573,7,0.000900900900901,0.621196581197,37,37,37,1,0,0.72972972973,0.243243243243,0.027027027027,37,0.113363363363,1.32432432432,8.16216216216,15.1,4.44117647059,6.00700292027,0.735957311423,0.362985502058,7.28536729181,1.78515622382,0.777161267227,2.41957730903,0.592876559165,0.329693932343,0.579945114934,0.437917739848,2,1.33333333333,0.585540043769,2,0.0151435005734,0.00693240901213,4,0.000514800514801,0.338761322131,37,36,36,0.972972972973,0,0.702702702703,0.216216216216,0.0540540540541,37,152,0.114114114114,1.32432432432,8.21621621622,15.2,4.34285714286,6.02372686012,0.733150966527,0.361842105263,7.28691286479,1.77378799998,0.775248933144,2.37795177719,0.578843524711,0.321834992888,0.579945114934,0.437917739848,2,1.33333333333,0.585540043769,2,0.0113339767639,0.00685714285714,4,0.000514800514801,0.33777366781,37,36,36,0.972972972973,0,0.702702702703,0.243243243243,0.027027027027,-64,-0.048048048048,0,-3.45945945946,-6.4,-1.65714285714,-2.17537218949,0.0309133164454,0.0517820452031,-3.04242376421,0.00441089223741,0.0099836678784,-0.708879693511,0.050080726489,0.0690822401349,0,0,0,0.00900900900901,0.00559492883467,0,-0.00083614940627,0.000884446611409,-3,-0.0003861003861,-0.283422913386,-0.027027027027,0,0,152,0,64,1116,0.703703703704,1,0,0.296296296296,1,0.703703703704,0.826086956522,0.815804341226,0.703703703704,0.703703703704,1,65,0,0,0,0
2879,WLNM_dir_neg,1,0.984615384615,00:00:02,10,70,20,1236970044,threshold_sweep,0.8,1,0.0153846153846,0.030303030303,1,0,64,130,0.0153846153846,1,0,0.984615384615,1,0.0153846153846,0.030303030303,0.671794871795,0.664957264957,0.0204081632653,0.101534616513,0.0153846153846,216,151,65,0,216,0,151,0,65,37,216,0.162162162162,1.32432432432,11.6756756757,21.6,6,8.1990990496,0.702237650082,0.31006006006,10.329336629,1.76937710775,0.765265265265,3.0868314707,0.528762798222,0.252752752753,0.579945114934,0.437917739848,2,1.32432432432,0.579945114934,2,0.0121701261701,0.00597269624573,7,0.000900900900901,0.621196581197,37,37,37,1,0,0.72972972973,0.243243243243,0.027027027027,37,0.113363363363,1.32432432432,8.16216216216,15.1,4.44117647059,6.00700292027,0.735957311423,0.362985502058,7.28536729181,1.78515622382,0.777161267227,2.41957730903,0.592876559165,0.329693932343,0.579945114934,0.437917739848,2,1.33333333333,0.585540043769,2,0.0151435005734,0.00693240901213,4,0.000514800514801,0.338761322131,37,36,36,0.972972972973,0,0.702702702703,0.216216216216,0.0540540540541,37,152,0.114114114114,1.32432432432,8.21621621622,15.2,4.34285714286,6.02372686012,0.733150966527,0.361842105263,7.28691286479,1.77378799998,0.775248933144,2.37795177719,0.578843524711,0.321834992888,0.579945114934,0.437917739848,2,1.33333333333,0.585540043769,2,0.0113339767639,0.00685714285714,4,0.000514800514801,0.33777366781,37,36,36,0.972972972973,0,0.702702702703,0.243243243243,0.027027027027,-64,-0.048048048048,0,-3.45945945946,-6.4,-1.65714285714,-2.17537218949,0.0309133164454,0.0517820452031,-3.04242376421,0.00441089223741,0.0099836678784,-0.708879693511,0.050080726489,0.0690822401349,0,0,0,0.00900900900901,0.00559492883467,0,-0.00083614940627,0.000884446611409,-3,-0.0003861003861,-0.283422913386,-0.027027027027,0,0,152,0,64,1116,0.703703703704,1,0,0.296296296296,1,0.703703703704,0.826086956522,0.815804341226,0.703703703704,0.703703703704,1,65,0,0,0,0
2880,WLNM_dir_neg,1,0.984615384615,00:00:02,10,70,20,1236970044,threshold_sweep,0.9,1,0.0153846153846,0.030303030303,1,0,64,130,0.0153846153846,1,0,0.984615384615,1,0.0153846153846,0.030303030303,0.671794871795,0.664957264957,0.0204081632653,0.101534616513,0.0153846153846,216,151,65,0,216,0,151,0,65,37,216,0.162162162162,1.32432432432,11.6756756757,21.6,6,8.1990990496,0.702237650082,0.31006006006,10.329336629,1.76937710775,0.765265265265,3.0868314707,0.528762798222,0.252752752753,0.579945114934,0.437917739848,2,1.32432432432,0.579945114934,2,0.0121701261701,0.00597269624573,7,0.000900900900901,0.621196581197,37,37,37,1,0,0.72972972973,0.243243243243,0.027027027027,37,0.113363363363,1.32432432432,8.16216216216,15.1,4.44117647059,6.00700292027,0.735957311423,0.362985502058,7.28536729181,1.78515622382,0.777161267227,2.41957730903,0.592876559165,0.329693932343,0.579945114934,0.437917739848,2,1.33333333333,0.585540043769,2,0.0151435005734,0.00693240901213,4,0.000514800514801,0.338761322131,37,36,36,0.972972972973,0,0.702702702703,0.216216216216,0.0540540540541,37,152,0.114114114114,1.32432432432,8.21621621622,15.2,4.34285714286,6.02372686012,0.733150966527,0.361842105263,7.28691286479,1.77378799998,0.775248933144,2.37795177719,0.578843524711,0.321834992888,0.579945114934,0.437917739848,2,1.33333333333,0.585540043769,2,0.0113339767639,0.00685714285714,4,0.000514800514801,0.33777366781,37,36,36,0.972972972973,0,0.702702702703,0.243243243243,0.027027027027,-64,-0.048048048048,0,-3.45945945946,-6.4,-1.65714285714,-2.17537218949,0.0309133164454,0.0517820452031,-3.04242376421,0.00441089223741,0.0099836678784,-0.708879693511,0.050080726489,0.0690822401349,0,0,0,0.00900900900901,0.00559492883467,0,-0.00083614940627,0.000884446611409,-3,-0.0003861003861,-0.283422913386,-0.027027027027,0,0,152,0,64,1116,0.703703703704,1,0,0.296296296296,1,0.703703703704,0.826086956522,0.815804341226,0.703703703704,0.703703703704,1,65,0,0,0,0
2881,WLNM_dir_neg,0.98550295858,0.886662895928,00:00:02,10,70,21,1236970045,threshold_sweep,0.1,0.875,0.107692307692,0.191780821918,7,1,58,129,0.107692307692,0.992307692308,0.00769230769231,0.892307692308,0.875,0.107692307692,0.191780821918,0.697435897436,0.652991452991,0.128078817734,0.237663537841,0.1,216,151,65,0,216,0,151,0,65,37,216,0.162162162162,1.32432432432,11.6756756757,21.6,6,8.1990990496,0.702237650082,0.31006006006,10.329336629,1.76937710775,0.765265265265,3.0868314707,0.528762798222,0.252752752753,0.579945114934,0.437917739848,2,1.32432432432,0.579945114934,2,0.0121701261701,0.00597269624573,7,0.000900900900901,0.621196581197,37,37,37,1,0,0.72972972973,0.243243243243,0.027027027027,37,0.113363363363,1.32882882883,8.16216216216,15.1,4.57575757576,5.95591915433,0.729698704339,0.354752103096,7.37630733565,1.80743954582,0.779667084303,2.50974078319,0.614969595881,0.337569357437,0.593803505044,0.446862298711,2.16666666667,1.33796296296,0.5995846593,2.16666666667,0.0148269483232,0.00523255813953,3,0.0003861003861,0.341310642658,37,36,36,0.972972972973,0,0.702702702703,0.189189189189,0.0810810810811,37,159,0.119369369369,1.32432432432,8.59459459459,15.9,4.41666666667,6.22476889111,0.724265562802,0.358830528642,7.46050662885,1.73609273753,0.766275709672,2.22192190163,0.517051008555,0.283868774435,0.579945114934,0.437917739848,2,1.32432432432,0.579945114934,2,0.0127279027553,0.0125984251969,8,0.0010296010296,0.349564610912,37,37,37,1,0,0.72972972973,0.243243243243,0.027027027027,-57,-0.0427927927928,0,-3.08108108108,-5.7,-1.58333333333,-1.97433015849,0.0220279127204,0.0487704685818,-2.86883000015,-0.0332843702135,0.00101044440667,-0.864909569075,-0.0117117896674,0.0311160216821,0,0,0,0,0,0,0.000557776585179,0.00662572895112,1,0.0001287001287,-0.271631970284,0,0,0,158,1,58,1115,0.731481481481,0.999103942652,0.00089605734767,0.268518518519,0.993710691824,0.731481481481,0.842666666667,0.830581795357,0.730585424134,0.728110599078,8,65,0,0,0,0
2882,WLNM_dir_neg,0.98550295858,0.886662895928,00:00:02,10,70,21,1236970045,threshold_sweep,0.2,0.875,0.107692307692,0.191780821918,7,1,58,129,0.107692307692,0.992307692308,0.00769230769231,0.892307692308,0.875,0.107692307692,0.191780821918,0.697435897436,0.652991452991,0.128078817734,0.237663537841,0.1,216,151,65,0,216,0,151,0,65,37,216,0.162162162162,1.32432432432,11.6756756757,21.6,6,8.1990990496,0.702237650082,0.31006006006,10.329336629,1.76937710775,0.765265265265,3.0868314707,0.528762798222,0.252752752753,0.579945114934,0.437917739848,2,1.32432432432,0.579945114934,2,0.0121701261701,0.00597269624573,7,0.000900900900901,0.621196581197,37,37,37,1,0,0.72972972973,0.243243243243,0.027027027027,37,0.113363363363,1.32882882883,8.16216216216,15.1,4.57575757576,5.95591915433,0.729698704339,0.354752103096,7.37630733565,1.80743954582,0.779667084303,2.50974078319,0.614969595881,0.337569357437,0.593803505044,0.446862298711,2.16666666667,1.33796296296,0.5995846593,2.16666666667,0.0148269483232,0.00523255813953,3,0.0003861003861,0.341310642658,37,36,36,0.972972972973,0,0.702702702703,0.189189189189,0.0810810810811,37,159,0.119369369369,1.32432432432,8.59459459459,15.9,4.41666666667,6.22476889111,0.724265562802,0.358830528642,7.46050662885,1.73609273753,0.766275709672,2.22192190163,0.517051008555,0.283868774435,0.579945114934,0.437917739848,2,1.32432432432,0.579945114934,2,0.0127279027553,0.0125984251969,8,0.0010296010296,0.349564610912,37,37,37,1,0,0.72972972973,0.243243243243,0.027027027027,-57,-0.0427927927928,0,-3.08108108108,-5.7,-1.58333333333,-1.97433015849,0.0220279127204,0.0487704685818,-2.86883000015,-0.0332843702135,0.00101044440667,-0.864909569075,-0.0117117896674,0.0311160216821,0,0,0,0,0,0,0.000557776585179,0.00662572895112,1,0.0001287001287,-0.271631970284,0,0,0,158,1,58,1115,0.731481481481,0.999103942652,0.00089605734767,0.268518518519,0.993710691824,0.731481481481,0.842666666667,0.830581795357,0.730585424134,0.728110599078,8,65,0,0,0,0
2883,WLNM_dir_neg,0.98550295858,0.886662895928,00:00:02,10,70,21,1236970045,threshold_sweep,0.3,0.875,0.107692307692,0.191780821918,7,1,58,129,0.107692307692,0.992307692308,0.00769230769231,0.892307692308,0.875,0.107692307692,0.191780821918,0.697435897436,0.652991452991,0.128078817734,0.237663537841,0.1,216,151,65,0,216,0,151,0,65,37,216,0.162162162162,1.32432432432,11.6756756757,21.6,6,8.1990990496,0.702237650082,0.31006006006,10.329336629,1.76937710775,0.765265265265,3.0868314707,0.528762798222,0.252752752753,0.579945114934,0.437917739848,2,1.32432432432,0.579945114934,2,0.0121701261701,0.00597269624573,7,0.000900900900901,0.621196581197,37,37,37,1,0,0.72972972973,0.243243243243,0.027027027027,37,0.113363363363,1.32882882883,8.16216216216,15.1,4.57575757576,5.95591915433,0.729698704339,0.354752103096,7.37630733565,1.80743954582,0.779667084303,2.50974078319,0.614969595881,0.337569357437,0.593803505044,0.446862298711,2.16666666667,1.33796296296,0.5995846593,2.16666666667,0.0148269483232,0.00523255813953,3,0.0003861003861,0.341310642658,37,36,36,0.972972972973,0,0.702702702703,0.189189189189,0.0810810810811,37,159,0.119369369369,1.32432432432,8.59459459459,15.9,4.41666666667,6.22476889111,0.724265562802,0.358830528642,7.46050662885,1.73609273753,0.766275709672,2.22192190163,0.517051008555,0.283868774435,0.579945114934,0.437917739848,2,1.32432432432,0.579945114934,2,0.0127279027553,0.0125984251969,8,0.0010296010296,0.349564610912,37,37,37,1,0,0.72972972973,0.243243243243,0.027027027027,-57,-0.0427927927928,0,-3.08108108108,-5.7,-1.58333333333,-1.97433015849,0.0220279127204,0.0487704685818,-2.86883000015,-0.0332843702135,0.00101044440667,-0.864909569075,-0.0117117896674,0.0311160216821,0,0,0,0,0,0,0.000557776585179,0.00662572895112,1,0.0001287001287,-0.271631970284,0,0,0,158,1,58,1115,0.731481481481,0.999103942652,0.00089605734767,0.268518518519,0.993710691824,0.731481481481,0.842666666667,0.830581795357,0.730585424134,0.728110599078,8,65,0,0,0,0
2884,WLNM_dir_neg,0.98550295858,0.886662895928,00:00:02,10,70,21,1236970045,threshold_sweep,0.4,0.875,0.107692307692,0.191780821918,7,1,58,129,0.107692307692,0.992307692308,0.00769230769231,0.892307692308,0.875,0.107692307692,0.191780821918,0.697435897436,0.652991452991,0.128078817734,0.237663537841,0.1,216,151,65,0,216,0,151,0,65,37,216,0.162162162162,1.32432432432,11.6756756757,21.6,6,8.1990990496,0.702237650082,0.31006006006,10.329336629,1.76937710775,0.765265265265,3.0868314707,0.528762798222,0.252752752753,0.579945114934,0.437917739848,2,1.32432432432,0.579945114934,2,0.0121701261701,0.00597269624573,7,0.000900900900901,0.621196581197,37,37,37,1,0,0.72972972973,0.243243243243,0.027027027027,37,0.113363363363,1.32882882883,8.16216216216,15.1,4.57575757576,5.95591915433,0.729698704339,0.354752103096,7.37630733565,1.80743954582,0.779667084303,2.50974078319,0.614969595881,0.337569357437,0.593803505044,0.446862298711,2.16666666667,1.33796296296,0.5995846593,2.16666666667,0.0148269483232,0.00523255813953,3,0.0003861003861,0.341310642658,37,36,36,0.972972972973,0,0.702702702703,0.189189189189,0.0810810810811,37,159,0.119369369369,1.32432432432,8.59459459459,15.9,4.41666666667,6.22476889111,0.724265562802,0.358830528642,7.46050662885,1.73609273753,0.766275709672,2.22192190163,0.517051008555,0.283868774435,0.579945114934,0.437917739848,2,1.32432432432,0.579945114934,2,0.0127279027553,0.0125984251969,8,0.0010296010296,0.349564610912,37,37,37,1,0,0.72972972973,0.243243243243,0.027027027027,-57,-0.0427927927928,0,-3.08108108108,-5.7,-1.58333333333,-1.97433015849,0.0220279127204,0.0487704685818,-2.86883000015,-0.0332843702135,0.00101044440667,-0.864909569075,-0.0117117896674,0.0311160216821,0,0,0,0,0,0,0.000557776585179,0.00662572895112,1,0.0001287001287,-0.271631970284,0,0,0,158,1,58,1115,0.731481481481,0.999103942652,0.00089605734767,0.268518518519,0.993710691824,0.731481481481,0.842666666667,0.830581795357,0.730585424134,0.728110599078,8,65,0,0,0,0
2885,WLNM_dir_neg,0.98550295858,0.886662895928,00:00:02,10,70,21,1236970045,threshold_sweep,0.5,0.875,0.107692307692,0.191780821918,7,1,58,129,0.107692307692,0.992307692308,0.00769230769231,0.892307692308,0.875,0.107692307692,0.191780821918,0.697435897436,0.652991452991,0.128078817734,0.237663537841,0.1,216,151,65,0,216,0,151,0,65,37,216,0.162162162162,1.32432432432,11.6756756757,21.6,6,8.1990990496,0.702237650082,0.31006006006,10.329336629,1.76937710775,0.765265265265,3.0868314707,0.528762798222,0.252752752753,0.579945114934,0.437917739848,2,1.32432432432,0.579945114934,2,0.0121701261701,0.00597269624573,7,0.000900900900901,0.621196581197,37,37,37,1,0,0.72972972973,0.243243243243,0.027027027027,37,0.113363363363,1.32882882883,8.16216216216,15.1,4.57575757576,5.95591915433,0.729698704339,0.354752103096,7.37630733565,1.80743954582,0.779667084303,2.50974078319,0.614969595881,0.337569357437,0.593803505044,0.446862298711,2.16666666667,1.33796296296,0.5995846593,2.16666666667,0.0148269483232,0.00523255813953,3,0.0003861003861,0.341310642658,37,36,36,0.972972972973,0,0.702702702703,0.189189189189,0.0810810810811,37,159,0.119369369369,1.32432432432,8.59459459459,15.9,4.41666666667,6.22476889111,0.724265562802,0.358830528642,7.46050662885,1.73609273753,0.766275709672,2.22192190163,0.517051008555,0.283868774435,0.579945114934,0.437917739848,2,1.32432432432,0.579945114934,2,0.0127279027553,0.0125984251969,8,0.0010296010296,0.349564610912,37,37,37,1,0,0.72972972973,0.243243243243,0.027027027027,-57,-0.0427927927928,0,-3.08108108108,-5.7,-1.58333333333,-1.97433015849,0.0220279127204,0.0487704685818,-2.86883000015,-0.0332843702135,0.00101044440667,-0.864909569075,-0.0117117896674,0.0311160216821,0,0,0,0,0,0,0.000557776585179,0.00662572895112,1,0.0001287001287,-0.271631970284,0,0,0,158,1,58,1115,0.731481481481,0.999103942652,0.00089605734767,0.268518518519,0.993710691824,0.731481481481,0.842666666667,0.830581795357,0.730585424134,0.728110599078,8,65,0,0,0,0
2886,WLNM_dir_neg,0.98550295858,0.886662895928,00:00:02,10,70,21,1236970045,threshold_sweep,0.6,0.875,0.107692307692,0.191780821918,7,1,58,129,0.107692307692,0.992307692308,0.00769230769231,0.892307692308,0.875,0.107692307692,0.191780821918,0.697435897436,0.652991452991,0.128078817734,0.237663537841,0.1,216,151,65,0,216,0,151,0,65,37,216,0.162162162162,1.32432432432,11.6756756757,21.6,6,8.1990990496,0.702237650082,0.31006006006,10.329336629,1.76937710775,0.765265265265,3.0868314707,0.528762798222,0.252752752753,0.579945114934,0.437917739848,2,1.32432432432,0.579945114934,2,0.0121701261701,0.00597269624573,7,0.000900900900901,0.621196581197,37,37,37,1,0,0.72972972973,0.243243243243,0.027027027027,37,0.113363363363,1.32882882883,8.16216216216,15.1,4.57575757576,5.95591915433,0.729698704339,0.354752103096,7.37630733565,1.80743954582,0.779667084303,2.50974078319,0.614969595881,0.337569357437,0.593803505044,0.446862298711,2.16666666667,1.33796296296,0.5995846593,2.16666666667,0.0148269483232,0.00523255813953,3,0.0003861003861,0.341310642658,37,36,36,0.972972972973,0,0.702702702703,0.189189189189,0.0810810810811,37,159,0.119369369369,1.32432432432,8.59459459459,15.9,4.41666666667,6.22476889111,0.724265562802,0.358830528642,7.46050662885,1.73609273753,0.766275709672,2.22192190163,0.517051008555,0.283868774435,0.579945114934,0.437917739848,2,1.32432432432,0.579945114934,2,0.0127279027553,0.0125984251969,8,0.0010296010296,0.349564610912,37,37,37,1,0,0.72972972973,0.243243243243,0.027027027027,-57,-0.0427927927928,0,-3.08108108108,-5.7,-1.58333333333,-1.97433015849,0.0220279127204,0.0487704685818,-2.86883000015,-0.0332843702135,0.00101044440667,-0.864909569075,-0.0117117896674,0.0311160216821,0,0,0,0,0,0,0.000557776585179,0.00662572895112,1,0.0001287001287,-0.271631970284,0,0,0,158,1,58,1115,0.731481481481,0.999103942652,0.00089605734767,0.268518518519,0.993710691824,0.731481481481,0.842666666667,0.830581795357,0.730585424134,0.728110599078,8,65,0,0,0,0
2887,WLNM_dir_neg,0.98550295858,0.886662895928,00:00:02,10,70,21,1236970045,threshold_sweep,0.7,0.875,0.107692307692,0.191780821918,7,1,58,129,0.107692307692,0.992307692308,0.00769230769231,0.892307692308,0.875,0.107692307692,0.191780821918,0.697435897436,0.652991452991,0.128078817734,0.237663537841,0.1,216,151,65,0,216,0,151,0,65,37,216,0.162162162162,1.32432432432,11.6756756757,21.6,6,8.1990990496,0.702237650082,0.31006006006,10.329336629,1.76937710775,0.765265265265,3.0868314707,0.528762798222,0.252752752753,0.579945114934,0.437917739848,2,1.32432432432,0.579945114934,2,0.0121701261701,0.00597269624573,7,0.000900900900901,0.621196581197,37,37,37,1,0,0.72972972973,0.243243243243,0.027027027027,37,0.113363363363,1.32882882883,8.16216216216,15.1,4.57575757576,5.95591915433,0.729698704339,0.354752103096,7.37630733565,1.80743954582,0.779667084303,2.50974078319,0.614969595881,0.337569357437,0.593803505044,0.446862298711,2.16666666667,1.33796296296,0.5995846593,2.16666666667,0.0148269483232,0.00523255813953,3,0.0003861003861,0.341310642658,37,36,36,0.972972972973,0,0.702702702703,0.189189189189,0.0810810810811,37,159,0.119369369369,1.32432432432,8.59459459459,15.9,4.41666666667,6.22476889111,0.724265562802,0.358830528642,7.46050662885,1.73609273753,0.766275709672,2.22192190163,0.517051008555,0.283868774435,0.579945114934,0.437917739848,2,1.32432432432,0.579945114934,2,0.0127279027553,0.0125984251969,8,0.0010296010296,0.349564610912,37,37,37,1,0,0.72972972973,0.243243243243,0.027027027027,-57,-0.0427927927928,0,-3.08108108108,-5.7,-1.58333333333,-1.97433015849,0.0220279127204,0.0487704685818,-2.86883000015,-0.0332843702135,0.00101044440667,-0.864909569075,-0.0117117896674,0.0311160216821,0,0,0,0,0,0,0.000557776585179,0.00662572895112,1,0.0001287001287,-0.271631970284,0,0,0,158,1,58,1115,0.731481481481,0.999103942652,0.00089605734767,0.268518518519,0.993710691824,0.731481481481,0.842666666667,0.830581795357,0.730585424134,0.728110599078,8,65,0,0,0,0
2888,WLNM_dir_neg,0.98550295858,0.886662895928,00:00:02,10,70,21,1236970045,threshold_sweep,0.8,0.875,0.107692307692,0.191780821918,7,1,58,129,0.107692307692,0.992307692308,0.00769230769231,0.892307692308,0.875,0.107692307692,0.191780821918,0.697435897436,0.652991452991,0.128078817734,0.237663537841,0.1,216,151,65,0,216,0,151,0,65,37,216,0.162162162162,1.32432432432,11.6756756757,21.6,6,8.1990990496,0.702237650082,0.31006006006,10.329336629,1.76937710775,0.765265265265,3.0868314707,0.528762798222,0.252752752753,0.579945114934,0.437917739848,2,1.32432432432,0.579945114934,2,0.0121701261701,0.00597269624573,7,0.000900900900901,0.621196581197,37,37,37,1,0,0.72972972973,0.243243243243,0.027027027027,37,0.113363363363,1.32882882883,8.16216216216,15.1,4.57575757576,5.95591915433,0.729698704339,0.354752103096,7.37630733565,1.80743954582,0.779667084303,2.50974078319,0.614969595881,0.337569357437,0.593803505044,0.446862298711,2.16666666667,1.33796296296,0.5995846593,2.16666666667,0.0148269483232,0.00523255813953,3,0.0003861003861,0.341310642658,37,36,36,0.972972972973,0,0.702702702703,0.189189189189,0.0810810810811,37,159,0.119369369369,1.32432432432,8.59459459459,15.9,4.41666666667,6.22476889111,0.724265562802,0.358830528642,7.46050662885,1.73609273753,0.766275709672,2.22192190163,0.517051008555,0.283868774435,0.579945114934,0.437917739848,2,1.32432432432,0.579945114934,2,0.0127279027553,0.0125984251969,8,0.0010296010296,0.349564610912,37,37,37,1,0,0.72972972973,0.243243243243,0.027027027027,-57,-0.0427927927928,0,-3.08108108108,-5.7,-1.58333333333,-1.97433015849,0.0220279127204,0.0487704685818,-2.86883000015,-0.0332843702135,0.00101044440667,-0.864909569075,-0.0117117896674,0.0311160216821,0,0,0,0,0,0,0.000557776585179,0.00662572895112,1,0.0001287001287,-0.271631970284,0,0,0,158,1,58,1115,0.731481481481,0.999103942652,0.00089605734767,0.268518518519,0.993710691824,0.731481481481,0.842666666667,0.830581795357,0.730585424134,0.728110599078,8,65,0,0,0,0
2889,WLNM_dir_neg,0.98550295858,0.886662895928,00:00:02,10,70,21,1236970045,threshold_sweep,0.9,0.875,0.107692307692,0.191780821918,7,1,58,129,0.107692307692,0.992307692308,0.00769230769231,0.892307692308,0.875,0.107692307692,0.191780821918,0.697435897436,0.652991452991,0.128078817734,0.237663537841,0.1,216,151,65,0,216,0,151,0,65,37,216,0.162162162162,1.32432432432,11.6756756757,21.6,6,8.1990990496,0.702237650082,0.31006006006,10.329336629,1.76937710775,0.765265265265,3.0868314707,0.528762798222,0.252752752753,0.579945114934,0.437917739848,2,1.32432432432,0.579945114934,2,0.0121701261701,0.00597269624573,7,0.000900900900901,0.621196581197,37,37,37,1,0,0.72972972973,0.243243243243,0.027027027027,37,0.113363363363,1.32882882883,8.16216216216,15.1,4.57575757576,5.95591915433,0.729698704339,0.354752103096,7.37630733565,1.80743954582,0.779667084303,2.50974078319,0.614969595881,0.337569357437,0.593803505044,0.446862298711,2.16666666667,1.33796296296,0.5995846593,2.16666666667,0.0148269483232,0.00523255813953,3,0.0003861003861,0.341310642658,37,36,36,0.972972972973,0,0.702702702703,0.189189189189,0.0810810810811,37,159,0.119369369369,1.32432432432,8.59459459459,15.9,4.41666666667,6.22476889111,0.724265562802,0.358830528642,7.46050662885,1.73609273753,0.766275709672,2.22192190163,0.517051008555,0.283868774435,0.579945114934,0.437917739848,2,1.32432432432,0.579945114934,2,0.0127279027553,0.0125984251969,8,0.0010296010296,0.349564610912,37,37,37,1,0,0.72972972973,0.243243243243,0.027027027027,-57,-0.0427927927928,0,-3.08108108108,-5.7,-1.58333333333,-1.97433015849,0.0220279127204,0.0487704685818,-2.86883000015,-0.0332843702135,0.00101044440667,-0.864909569075,-0.0117117896674,0.0311160216821,0,0,0,0,0,0,0.000557776585179,0.00662572895112,1,0.0001287001287,-0.271631970284,0,0,0,158,1,58,1115,0.731481481481,0.999103942652,0.00089605734767,0.268518518519,0.993710691824,0.731481481481,0.842666666667,0.830581795357,0.730585424134,0.728110599078,8,65,0,0,0,0
2890,WLNM_dir_neg,1,0.969230769231,00:00:02,10,70,22,1236970046,threshold_sweep,0.1,1,0.0461538461538,0.0882352941176,3,0,62,130,0.0461538461538,1,0,0.953846153846,1,0.0461538461538,0.0882352941176,0.682051282051,0.661538461538,0.0606060606061,0.176776695297,0.0461538461538,216,151,65,0,216,0,151,0,65,37,216,0.162162162162,1.32432432432,11.6756756757,21.6,6,8.1990990496,0.702237650082,0.31006006006,10.329336629,1.76937710775,0.765265265265,3.0868314707,0.528762798222,0.252752752753,0.579945114934,0.437917739848,2,1.32432432432,0.579945114934,2,0.0121701261701,0.00597269624573,7,0.000900900900901,0.621196581197,37,37,37,1,0,0.72972972973,0.243243243243,0.027027027027,37,0.113363363363,1.32046332046,8.16216216216,15.1,4.31428571429,5.88554497389,0.721076702099,0.343654913191,7.18168340827,1.75975023911,0.767853946662,2.19061607745,0.536773475932,0.291390728477,0.56884874529,0.430794810029,2,1.32046332046,0.56884874529,2,0,0,0,0,0.316181827354,37,37,37,1,0,0.72972972973,0.216216216216,0.0540540540541,37,154,0.115615615616,1.32432432432,8.32432432432,15.4,4.27777777778,5.97240903402,0.71746472162,0.34749034749,7.23230988733,1.73763289501,0.763425763426,2.0751641637,0.498578402967,0.270972270972,0.579945114934,0.437917739848,2,1.32432432432,0.579945114934,2,0.0127719554641,0.0118644067797,7,0.000900900900901,0.319391703897,37,37,37,1,0,0.72972972973,0.243243243243,0.027027027027,-62,-0.0465465465465,0,-3.35135135135,-6.2,-1.72222222222,-2.22669001558,0.0152270715377,0.0374302874303,-3.09702674167,-0.0317442127385,-0.0018395018395,-1.011667307,-0.0301843952555,0.0182195182195,0,0,0,0,0,0,0.000601829293982,0.00589171053393,0,0,-0.301804877299,0,0,0,154,0,62,1116,0.712962962963,1,0,0.287037037037,1,0.712962962963,0.832432432432,0.821850714237,0.712962962963,0.712962962963,3,65,0,0,0,0
2891,WLNM_dir_neg,1,0.969230769231,00:00:02,10,70,22,1236970046,threshold_sweep,0.2,1,0.0461538461538,0.0882352941176,3,0,62,130,0.0461538461538,1,0,0.953846153846,1,0.0461538461538,0.0882352941176,0.682051282051,0.661538461538,0.0606060606061,0.176776695297,0.0461538461538,216,151,65,0,216,0,151,0,65,37,216,0.162162162162,1.32432432432,11.6756756757,21.6,6,8.1990990496,0.702237650082,0.31006006006,10.329336629,1.76937710775,0.765265265265,3.0868314707,0.528762798222,0.252752752753,0.579945114934,0.437917739848,2,1.32432432432,0.579945114934,2,0.0121701261701,0.00597269624573,7,0.000900900900901,0.621196581197,37,37,37,1,0,0.72972972973,0.243243243243,0.027027027027,37,0.113363363363,1.32046332046,8.16216216216,15.1,4.31428571429,5.88554497389,0.721076702099,0.343654913191,7.18168340827,1.75975023911,0.767853946662,2.19061607745,0.536773475932,0.291390728477,0.56884874529,0.430794810029,2,1.32046332046,0.56884874529,2,0,0,0,0,0.316181827354,37,37,37,1,0,0.72972972973,0.216216216216,0.0540540540541,37,154,0.115615615616,1.32432432432,8.32432432432,15.4,4.27777777778,5.97240903402,0.71746472162,0.34749034749,7.23230988733,1.73763289501,0.763425763426,2.0751641637,0.498578402967,0.270972270972,0.579945114934,0.437917739848,2,1.32432432432,0.579945114934,2,0.0127719554641,0.0118644067797,7,0.000900900900901,0.319391703897,37,37,37,1,0,0.72972972973,0.243243243243,0.027027027027,-62,-0.0465465465465,0,-3.35135135135,-6.2,-1.72222222222,-2.22669001558,0.0152270715377,0.0374302874303,-3.09702674167,-0.0317442127385,-0.0018395018395,-1.011667307,-0.0301843952555,0.0182195182195,0,0,0,0,0,0,0.000601829293982,0.00589171053393,0,0,-0.301804877299,0,0,0,154,0,62,1116,0.712962962963,1,0,0.287037037037,1,0.712962962963,0.832432432432,0.821850714237,0.712962962963,0.712962962963,3,65,0,0,0,0
2892,WLNM_dir_neg,1,0.969230769231,00:00:02,10,70,22,1236970046,threshold_sweep,0.3,1,0.0461538461538,0.0882352941176,3,0,62,130,0.0461538461538,1,0,0.953846153846,1,0.0461538461538,0.0882352941176,0.682051282051,0.661538461538,0.0606060606061,0.176776695297,0.0461538461538,216,151,65,0,216,0,151,0,65,37,216,0.162162162162,1.32432432432,11.6756756757,21.6,6,8.1990990496,0.702237650082,0.31006006006,10.329336629,1.76937710775,0.765265265265,3.0868314707,0.528762798222,0.252752752753,0.579945114934,0.437917739848,2,1.32432432432,0.579945114934,2,0.0121701261701,0.00597269624573,7,0.000900900900901,0.621196581197,37,37,37,1,0,0.72972972973,0.243243243243,0.027027027027,37,0.113363363363,1.32046332046,8.16216216216,15.1,4.31428571429,5.88554497389,0.721076702099,0.343654913191,7.18168340827,1.75975023911,0.767853946662,2.19061607745,0.536773475932,0.291390728477,0.56884874529,0.430794810029,2,1.32046332046,0.56884874529,2,0,0,0,0,0.316181827354,37,37,37,1,0,0.72972972973,0.216216216216,0.0540540540541,37,154,0.115615615616,1.32432432432,8.32432432432,15.4,4.27777777778,5.97240903402,0.71746472162,0.34749034749,7.23230988733,1.73763289501,0.763425763426,2.0751641637,0.498578402967,0.270972270972,0.579945114934,0.437917739848,2,1.32432432432,0.579945114934,2,0.0127719554641,0.0118644067797,7,0.000900900900901,0.319391703897,37,37,37,1,0,0.72972972973,0.243243243243,0.027027027027,-62,-0.0465465465465,0,-3.35135135135,-6.2,-1.72222222222,-2.22669001558,0.0152270715377,0.0374302874303,-3.09702674167,-0.0317442127385,-0.0018395018395,-1.011667307,-0.0301843952555,0.0182195182195,0,0,0,0,0,0,0.000601829293982,0.00589171053393,0,0,-0.301804877299,0,0,0,154,0,62,1116,0.712962962963,1,0,0.287037037037,1,0.712962962963,0.832432432432,0.821850714237,0.712962962963,0.712962962963,3,65,0,0,0,0
2893,WLNM_dir_neg,1,0.969230769231,00:00:02,10,70,22,1236970046,threshold_sweep,0.4,1,0.0461538461538,0.0882352941176,3,0,62,130,0.0461538461538,1,0,0.953846153846,1,0.0461538461538,0.0882352941176,0.682051282051,0.661538461538,0.0606060606061,0.176776695297,0.0461538461538,216,151,65,0,216,0,151,0,65,37,216,0.162162162162,1.32432432432,11.6756756757,21.6,6,8.1990990496,0.702237650082,0.31006006006,10.329336629,1.76937710775,0.765265265265,3.0868314707,0.528762798222,0.252752752753,0.579945114934,0.437917739848,2,1.32432432432,0.579945114934,2,0.0121701261701,0.00597269624573,7,0.000900900900901,0.621196581197,37,37,37,1,0,0.72972972973,0.243243243243,0.027027027027,37,0.113363363363,1.32046332046,8.16216216216,15.1,4.31428571429,5.88554497389,0.721076702099,0.343654913191,7.18168340827,1.75975023911,0.767853946662,2.19061607745,0.536773475932,0.291390728477,0.56884874529,0.430794810029,2,1.32046332046,0.56884874529,2,0,0,0,0,0.316181827354,37,37,37,1,0,0.72972972973,0.216216216216,0.0540540540541,37,154,0.115615615616,1.32432432432,8.32432432432,15.4,4.27777777778,5.97240903402,0.71746472162,0.34749034749,7.23230988733,1.73763289501,0.763425763426,2.0751641637,0.498578402967,0.270972270972,0.579945114934,0.437917739848,2,1.32432432432,0.579945114934,2,0.0127719554641,0.0118644067797,7,0.000900900900901,0.319391703897,37,37,37,1,0,0.72972972973,0.243243243243,0.027027027027,-62,-0.0465465465465,0,-3.35135135135,-6.2,-1.72222222222,-2.22669001558,0.0152270715377,0.0374302874303,-3.09702674167,-0.0317442127385,-0.0018395018395,-1.011667307,-0.0301843952555,0.0182195182195,0,0,0,0,0,0,0.000601829293982,0.00589171053393,0,0,-0.301804877299,0,0,0,154,0,62,1116,0.712962962963,1,0,0.287037037037,1,0.712962962963,0.832432432432,0.821850714237,0.712962962963,0.712962962963,3,65,0,0,0,0
2894,WLNM_dir_neg,1,0.969230769231,00:00:02,10,70,22,1236970046,threshold_sweep,0.5,1,0.0461538461538,0.0882352941176,3,0,62,130,0.0461538461538,1,0,0.953846153846,1,0.0461538461538,0.0882352941176,0.682051282051,0.661538461538,0.0606060606061,0.176776695297,0.0461538461538,216,151,65,0,216,0,151,0,65,37,216,0.162162162162,1.32432432432,11.6756756757,21.6,6,8.1990990496,0.702237650082,0.31006006006,10.329336629,1.76937710775,0.765265265265,3.0868314707,0.528762798222,0.252752752753,0.579945114934,0.437917739848,2,1.32432432432,0.579945114934,2,0.0121701261701,0.00597269624573,7,0.000900900900901,0.621196581197,37,37,37,1,0,0.72972972973,0.243243243243,0.027027027027,37,0.113363363363,1.32046332046,8.16216216216,15.1,4.31428571429,5.88554497389,0.721076702099,0.343654913191,7.18168340827,1.75975023911,0.767853946662,2.19061607745,0.536773475932,0.291390728477,0.56884874529,0.430794810029,2,1.32046332046,0.56884874529,2,0,0,0,0,0.316181827354,37,37,37,1,0,0.72972972973,0.216216216216,0.0540540540541,37,154,0.115615615616,1.32432432432,8.32432432432,15.4,4.27777777778,5.97240903402,0.71746472162,0.34749034749,7.23230988733,1.73763289501,0.763425763426,2.0751641637,0.498578402967,0.270972270972,0.579945114934,0.437917739848,2,1.32432432432,0.579945114934,2,0.0127719554641,0.0118644067797,7,0.000900900900901,0.319391703897,37,37,37,1,0,0.72972972973,0.243243243243,0.027027027027,-62,-0.0465465465465,0,-3.35135135135,-6.2,-1.72222222222,-2.22669001558,0.0152270715377,0.0374302874303,-3.09702674167,-0.0317442127385,-0.0018395018395,-1.011667307,-0.0301843952555,0.0182195182195,0,0,0,0,0,0,0.000601829293982,0.00589171053393,0,0,-0.301804877299,0,0,0,154,0,62,1116,0.712962962963,1,0,0.287037037037,1,0.712962962963,0.832432432432,0.821850714237,0.712962962963,0.712962962963,3,65,0,0,0,0
2895,WLNM_dir_neg,1,0.969230769231,00:00:02,10,70,22,1236970046,threshold_sweep,0.6,1,0.0461538461538,0.0882352941176,3,0,62,130,0.0461538461538,1,0,0.953846153846,1,0.0461538461538,0.0882352941176,0.682051282051,0.661538461538,0.0606060606061,0.176776695297,0.0461538461538,216,151,65,0,216,0,151,0,65,37,216,0.162162162162,1.32432432432,11.6756756757,21.6,6,8.1990990496,0.702237650082,0.31006006006,10.329336629,1.76937710775,0.765265265265,3.0868314707,0.528762798222,0.252752752753,0.579945114934,0.437917739848,2,1.32432432432,0.579945114934,2,0.0121701261701,0.00597269624573,7,0.000900900900901,0.621196581197,37,37,37,1,0,0.72972972973,0.243243243243,0.027027027027,37,0.113363363363,1.32046332046,8.16216216216,15.1,4.31428571429,5.88554497389,0.721076702099,0.343654913191,7.18168340827,1.75975023911,0.767853946662,2.19061607745,0.536773475932,0.291390728477,0.56884874529,0.430794810029,2,1.32046332046,0.56884874529,2,0,0,0,0,0.316181827354,37,37,37,1,0,0.72972972973,0.216216216216,0.0540540540541,37,154,0.115615615616,1.32432432432,8.32432432432,15.4,4.27777777778,5.97240903402,0.71746472162,0.34749034749,7.23230988733,1.73763289501,0.763425763426,2.0751641637,0.498578402967,0.270972270972,0.579945114934,0.437917739848,2,1.32432432432,0.579945114934,2,0.0127719554641,0.0118644067797,7,0.000900900900901,0.319391703897,37,37,37,1,0,0.72972972973,0.243243243243,0.027027027027,-62,-0.0465465465465,0,-3.35135135135,-6.2,-1.72222222222,-2.22669001558,0.0152270715377,0.0374302874303,-3.09702674167,-0.0317442127385,-0.0018395018395,-1.011667307,-0.0301843952555,0.0182195182195,0,0,0,0,0,0,0.000601829293982,0.00589171053393,0,0,-0.301804877299,0,0,0,154,0,62,1116,0.712962962963,1,0,0.287037037037,1,0.712962962963,0.832432432432,0.821850714237,0.712962962963,0.712962962963,3,65,0,0,0,0
2896,WLNM_dir_neg,1,0.969230769231,00:00:02,10,70,22,1236970046,threshold_sweep,0.7,1,0.0461538461538,0.0882352941176,3,0,62,130,0.0461538461538,1,0,0.953846153846,1,0.0461538461538,0.0882352941176,0.682051282051,0.661538461538,0.0606060606061,0.176776695297,0.0461538461538,216,151,65,0,216,0,151,0,65,37,216,0.162162162162,1.32432432432,11.6756756757,21.6,6,8.1990990496,0.702237650082,0.31006006006,10.329336629,1.76937710775,0.765265265265,3.0868314707,0.528762798222,0.252752752753,0.579945114934,0.437917739848,2,1.32432432432,0.579945114934,2,0.0121701261701,0.00597269624573,7,0.000900900900901,0.621196581197,37,37,37,1,0,0.72972972973,0.243243243243,0.027027027027,37,0.113363363363,1.32046332046,8.16216216216,15.1,4.31428571429,5.88554497389,0.721076702099,0.343654913191,7.18168340827,1.75975023911,0.767853946662,2.19061607745,0.536773475932,0.291390728477,0.56884874529,0.430794810029,2,1.32046332046,0.56884874529,2,0,0,0,0,0.316181827354,37,37,37,1,0,0.72972972973,0.216216216216,0.0540540540541,37,154,0.115615615616,1.32432432432,8.32432432432,15.4,4.27777777778,5.97240903402,0.71746472162,0.34749034749,7.23230988733,1.73763289501,0.763425763426,2.0751641637,0.498578402967,0.270972270972,0.579945114934,0.437917739848,2,1.32432432432,0.579945114934,2,0.0127719554641,0.0118644067797,7,0.000900900900901,0.319391703897,37,37,37,1,0,0.72972972973,0.243243243243,0.027027027027,-62,-0.0465465465465,0,-3.35135135135,-6.2,-1.72222222222,-2.22669001558,0.0152270715377,0.0374302874303,-3.09702674167,-0.0317442127385,-0.0018395018395,-1.011667307,-0.0301843952555,0.0182195182195,0,0,0,0,0,0,0.000601829293982,0.00589171053393,0,0,-0.301804877299,0,0,0,154,0,62,1116,0.712962962963,1,0,0.287037037037,1,0.712962962963,0.832432432432,0.821850714237,0.712962962963,0.712962962963,3,65,0,0,0,0
2897,WLNM_dir_neg,1,0.969230769231,00:00:02,10,70,22,1236970046,threshold_sweep,0.8,1,0.0461538461538,0.0882352941176,3,0,62,130,0.0461538461538,1,0,0.953846153846,1,0.0461538461538,0.0882352941176,0.682051282051,0.661538461538,0.0606060606061,0.176776695297,0.0461538461538,216,151,65,0,216,0,151,0,65,37,216,0.162162162162,1.32432432432,11.6756756757,21.6,6,8.1990990496,0.702237650082,0.31006006006,10.329336629,1.76937710775,0.765265265265,3.0868314707,0.528762798222,0.252752752753,0.579945114934,0.437917739848,2,1.32432432432,0.579945114934,2,0.0121701261701,0.00597269624573,7,0.000900900900901,0.621196581197,37,37,37,1,0,0.72972972973,0.243243243243,0.027027027027,37,0.113363363363,1.32046332046,8.16216216216,15.1,4.31428571429,5.88554497389,0.721076702099,0.343654913191,7.18168340827,1.75975023911,0.767853946662,2.19061607745,0.536773475932,0.291390728477,0.56884874529,0.430794810029,2,1.32046332046,0.56884874529,2,0,0,0,0,0.316181827354,37,37,37,1,0,0.72972972973,0.216216216216,0.0540540540541,37,154,0.115615615616,1.32432432432,8.32432432432,15.4,4.27777777778,5.97240903402,0.71746472162,0.34749034749,7.23230988733,1.73763289501,0.763425763426,2.0751641637,0.498578402967,0.270972270972,0.579945114934,0.437917739848,2,1.32432432432,0.579945114934,2,0.0127719554641,0.0118644067797,7,0.000900900900901,0.319391703897,37,37,37,1,0,0.72972972973,0.243243243243,0.027027027027,-62,-0.0465465465465,0,-3.35135135135,-6.2,-1.72222222222,-2.22669001558,0.0152270715377,0.0374302874303,-3.09702674167,-0.0317442127385,-0.0018395018395,-1.011667307,-0.0301843952555,0.0182195182195,0,0,0,0,0,0,0.000601829293982,0.00589171053393,0,0,-0.301804877299,0,0,0,154,0,62,1116,0.712962962963,1,0,0.287037037037,1,0.712962962963,0.832432432432,0.821850714237,0.712962962963,0.712962962963,3,65,0,0,0,0
2898,WLNM_dir_neg,1,0.969230769231,00:00:02,10,70,22,1236970046,threshold_sweep,0.9,1,0.0461538461538,0.0882352941176,3,0,62,130,0.0461538461538,1,0,0.953846153846,1,0.0461538461538,0.0882352941176,0.682051282051,0.661538461538,0.0606060606061,0.176776695297,0.0461538461538,216,151,65,0,216,0,151,0,65,37,216,0.162162162162,1.32432432432,11.6756756757,21.6,6,8.1990990496,0.702237650082,0.31006006006,10.329336629,1.76937710775,0.765265265265,3.0868314707,0.528762798222,0.252752752753,0.579945114934,0.437917739848,2,1.32432432432,0.579945114934,2,0.0121701261701,0.00597269624573,7,0.000900900900901,0.621196581197,37,37,37,1,0,0.72972972973,0.243243243243,0.027027027027,37,0.113363363363,1.32046332046,8.16216216216,15.1,4.31428571429,5.88554497389,0.721076702099,0.343654913191,7.18168340827,1.75975023911,0.767853946662,2.19061607745,0.536773475932,0.291390728477,0.56884874529,0.430794810029,2,1.32046332046,0.56884874529,2,0,0,0,0,0.316181827354,37,37,37,1,0,0.72972972973,0.216216216216,0.0540540540541,37,154,0.115615615616,1.32432432432,8.32432432432,15.4,4.27777777778,5.97240903402,0.71746472162,0.34749034749,7.23230988733,1.73763289501,0.763425763426,2.0751641637,0.498578402967,0.270972270972,0.579945114934,0.437917739848,2,1.32432432432,0.579945114934,2,0.0127719554641,0.0118644067797,7,0.000900900900901,0.319391703897,37,37,37,1,0,0.72972972973,0.243243243243,0.027027027027,-62,-0.0465465465465,0,-3.35135135135,-6.2,-1.72222222222,-2.22669001558,0.0152270715377,0.0374302874303,-3.09702674167,-0.0317442127385,-0.0018395018395,-1.011667307,-0.0301843952555,0.0182195182195,0,0,0,0,0,0,0.000601829293982,0.00589171053393,0,0,-0.301804877299,0,0,0,154,0,62,1116,0.712962962963,1,0,0.287037037037,1,0.712962962963,0.832432432432,0.821850714237,0.712962962963,0.712962962963,3,65,0,0,0,0
2899,WLNM_dir_neg,0.98224852071,0.880936454849,00:00:02,10,70,23,1236970047,threshold_sweep,0.1,1,0.0615384615385,0.115942028986,4,0,61,130,0.0615384615385,1,0,0.938461538462,1,0.0615384615385,0.115942028986,0.687179487179,0.659829059829,0.0804020100503,0.204657804039,0.0615384615385,216,151,65,0,216,0,151,0,65,37,216,0.162162162162,1.32432432432,11.6756756757,21.6,6,8.1990990496,0.702237650082,0.31006006006,10.329336629,1.76937710775,0.765265265265,3.0868314707,0.528762798222,0.252752752753,0.579945114934,0.437917739848,2,1.32432432432,0.579945114934,2,0.0121701261701,0.00597269624573,7,0.000900900900901,0.621196581197,37,37,37,1,0,0.72972972973,0.243243243243,0.027027027027,37,0.113363363363,1.32432432432,8.16216216216,15.1,4.44117647059,5.87136891815,0.719339900568,0.356183998568,7.28536729181,1.78515622382,0.776445319492,2.45377688901,0.601256588697,0.337569357437,0.579945114934,0.437917739848,2,1.32432432432,0.579945114934,2,0.0137577217975,0.00705052878966,4,0.000514800514801,0.342389192128,37,37,37,1,0,0.72972972973,0.189189189189,0.0810810810811,37,155,0.116366366366,1.32432432432,8.37837837838,15.5,4.30555555556,6.06149665856,0.723468956022,0.362336530078,7.34029153916,1.75219862548,0.770008718396,2.3074497447,0.550810584219,0.309328683522,0.579945114934,0.437917739848,2,1.32432432432,0.579945114934,2,0.0130464548346,0.00997229916898,6,0.000772200772201,0.344611414351,37,37,37,1,0,0.72972972973,0.243243243243,0.027027027027,-61,-0.0457957957958,0,-3.2972972973,-6.1,-1.69444444444,-2.13760239104,0.0212313059399,0.0522764700184,-2.98904508984,-0.0171784822682,0.00474345313055,-0.779381726002,0.0220477859967,0.0565759307695,0,0,0,0,0,0,0.000876328664495,0.00399960292324,-1,-0.0001287001287,-0.276585166846,0,0,0,155,0,61,1116,0.717592592593,1,0,0.282407407407,1,0.717592592593,0.835579514825,0.82486492977,0.717592592593,0.717592592593,4,65,0,0,0,0
2900,WLNM_dir_neg,0.98224852071,0.880936454849,00:00:02,10,70,23,1236970047,threshold_sweep,0.2,1,0.0153846153846,0.030303030303,1,0,64,130,0.0153846153846,1,0,0.984615384615,1,0.0153846153846,0.030303030303,0.671794871795,0.664957264957,0.0204081632653,0.101534616513,0.0153846153846,216,151,65,0,216,0,151,0,65,37,216,0.162162162162,1.32432432432,11.6756756757,21.6,6,8.1990990496,0.702237650082,0.31006006006,10.329336629,1.76937710775,0.765265265265,3.0868314707,0.528762798222,0.252752752753,0.579945114934,0.437917739848,2,1.32432432432,0.579945114934,2,0.0121701261701,0.00597269624573,7,0.000900900900901,0.621196581197,37,37,37,1,0,0.72972972973,0.243243243243,0.027027027027,37,0.113363363363,1.32432432432,8.16216216216,15.1,4.44117647059,5.87136891815,0.719339900568,0.356183998568,7.28536729181,1.78515622382,0.776445319492,2.45377688901,0.601256588697,0.337569357437,0.579945114934,0.437917739848,2,1.32432432432,0.579945114934,2,0.0137577217975,0.00705052878966,4,0.000514800514801,0.342389192128,37,37,37,1,0,0.72972972973,0.189189189189,0.0810810810811,37,152,0.114114114114,1.32432432432,8.21621621622,15.2,4.47058823529,5.91671424927,0.720126405339,0.358108108108,7.29833993219,1.77656958876,0.774893314367,2.42422706793,0.590107904693,0.331436699858,0.579945114934,0.437917739848,2,1.32432432432,0.579945114934,2,0.0154894320255,0.00868558193399,5,0.000643500643501,0.345166969906,37,37,37,1,0,0.72972972973,0.189189189189,0.0810810810811,-64,-0.048048048048,0,-3.45945945946,-6.4,-1.52941176471,-2.28238480034,0.0178887552568,0.048048048048,-3.03099669681,0.0071924810109,0.00962804910173,-0.662604402776,0.0613451064707,0.078683947105,0,0,0,0,0,0,0.00331930585537,0.00271288568826,-2,-0.0002574002574,-0.27602961129,0,-0.0540540540541,0.0540540540541,152,0,64,1116,0.703703703704,1,0,0.296296296296,1,0.703703703704,0.826086956522,0.815804341226,0.703703703704,0.703703703704,1,65,0,0,0,0
2901,WLNM_dir_neg,0.98224852071,0.880936454849,00:00:02,10,70,23,1236970047,threshold_sweep,0.3,1,0.0153846153846,0.030303030303,1,0,64,130,0.0153846153846,1,0,0.984615384615,1,0.0153846153846,0.030303030303,0.671794871795,0.664957264957,0.0204081632653,0.101534616513,0.0153846153846,216,151,65,0,216,0,151,0,65,37,216,0.162162162162,1.32432432432,11.6756756757,21.6,6,8.1990990496,0.702237650082,0.31006006006,10.329336629,1.76937710775,0.765265265265,3.0868314707,0.528762798222,0.252752752753,0.579945114934,0.437917739848,2,1.32432432432,0.579945114934,2,0.0121701261701,0.00597269624573,7,0.000900900900901,0.621196581197,37,37,37,1,0,0.72972972973,0.243243243243,0.027027027027,37,0.113363363363,1.32432432432,8.16216216216,15.1,4.44117647059,5.87136891815,0.719339900568,0.356183998568,7.28536729181,1.78515622382,0.776445319492,2.45377688901,0.601256588697,0.337569357437,0.579945114934,0.437917739848,2,1.32432432432,0.579945114934,2,0.0137577217975,0.00705052878966,4,0.000514800514801,0.342389192128,37,37,37,1,0,0.72972972973,0.189189189189,0.0810810810811,37,152,0.114114114114,1.32432432432,8.21621621622,15.2,4.47058823529,5.91671424927,0.720126405339,0.358108108108,7.29833993219,1.77656958876,0.774893314367,2.42422706793,0.590107904693,0.331436699858,0.579945114934,0.437917739848,2,1.32432432432,0.579945114934,2,0.0154894320255,0.00868558193399,5,0.000643500643501,0.345166969906,37,37,37,1,0,0.72972972973,0.189189189189,0.0810810810811,-64,-0.048048048048,0,-3.45945945946,-6.4,-1.52941176471,-2.28238480034,0.0178887552568,0.048048048048,-3.03099669681,0.0071924810109,0.00962804910173,-0.662604402776,0.0613451064707,0.078683947105,0,0,0,0,0,0,0.00331930585537,0.00271288568826,-2,-0.0002574002574,-0.27602961129,0,-0.0540540540541,0.0540540540541,152,0,64,1116,0.703703703704,1,0,0.296296296296,1,0.703703703704,0.826086956522,0.815804341226,0.703703703704,0.703703703704,1,65,0,0,0,0
2902,WLNM_dir_neg,0.98224852071,0.880936454849,00:00:02,10,70,23,1236970047,threshold_sweep,0.4,1,0.0153846153846,0.030303030303,1,0,64,130,0.0153846153846,1,0,0.984615384615,1,0.0153846153846,0.030303030303,0.671794871795,0.664957264957,0.0204081632653,0.101534616513,0.0153846153846,216,151,65,0,216,0,151,0,65,37,216,0.162162162162,1.32432432432,11.6756756757,21.6,6,8.1990990496,0.702237650082,0.31006006006,10.329336629,1.76937710775,0.765265265265,3.0868314707,0.528762798222,0.252752752753,0.579945114934,0.437917739848,2,1.32432432432,0.579945114934,2,0.0121701261701,0.00597269624573,7,0.000900900900901,0.621196581197,37,37,37,1,0,0.72972972973,0.243243243243,0.027027027027,37,0.113363363363,1.32432432432,8.16216216216,15.1,4.44117647059,5.87136891815,0.719339900568,0.356183998568,7.28536729181,1.78515622382,0.776445319492,2.45377688901,0.601256588697,0.337569357437,0.579945114934,0.437917739848,2,1.32432432432,0.579945114934,2,0.0137577217975,0.00705052878966,4,0.000514800514801,0.342389192128,37,37,37,1,0,0.72972972973,0.189189189189,0.0810810810811,37,152,0.114114114114,1.32432432432,8.21621621622,15.2,4.47058823529,5.91671424927,0.720126405339,0.358108108108,7.29833993219,1.77656958876,0.774893314367,2.42422706793,0.590107904693,0.331436699858,0.579945114934,0.437917739848,2,1.32432432432,0.579945114934,2,0.0154894320255,0.00868558193399,5,0.000643500643501,0.345166969906,37,37,37,1,0,0.72972972973,0.189189189189,0.0810810810811,-64,-0.048048048048,0,-3.45945945946,-6.4,-1.52941176471,-2.28238480034,0.0178887552568,0.048048048048,-3.03099669681,0.0071924810109,0.00962804910173,-0.662604402776,0.0613451064707,0.078683947105,0,0,0,0,0,0,0.00331930585537,0.00271288568826,-2,-0.0002574002574,-0.27602961129,0,-0.0540540540541,0.0540540540541,152,0,64,1116,0.703703703704,1,0,0.296296296296,1,0.703703703704,0.826086956522,0.815804341226,0.703703703704,0.703703703704,1,65,0,0,0,0
2903,WLNM_dir_neg,0.98224852071,0.880936454849,00:00:02,10,70,23,1236970047,threshold_sweep,0.5,1,0.0153846153846,0.030303030303,1,0,64,130,0.0153846153846,1,0,0.984615384615,1,0.0153846153846,0.030303030303,0.671794871795,0.664957264957,0.0204081632653,0.101534616513,0.0153846153846,216,151,65,0,216,0,151,0,65,37,216,0.162162162162,1.32432432432,11.6756756757,21.6,6,8.1990990496,0.702237650082,0.31006006006,10.329336629,1.76937710775,0.765265265265,3.0868314707,0.528762798222,0.252752752753,0.579945114934,0.437917739848,2,1.32432432432,0.579945114934,2,0.0121701261701,0.00597269624573,7,0.000900900900901,0.621196581197,37,37,37,1,0,0.72972972973,0.243243243243,0.027027027027,37,0.113363363363,1.32432432432,8.16216216216,15.1,4.44117647059,5.87136891815,0.719339900568,0.356183998568,7.28536729181,1.78515622382,0.776445319492,2.45377688901,0.601256588697,0.337569357437,0.579945114934,0.437917739848,2,1.32432432432,0.579945114934,2,0.0137577217975,0.00705052878966,4,0.000514800514801,0.342389192128,37,37,37,1,0,0.72972972973,0.189189189189,0.0810810810811,37,152,0.114114114114,1.32432432432,8.21621621622,15.2,4.47058823529,5.91671424927,0.720126405339,0.358108108108,7.29833993219,1.77656958876,0.774893314367,2.42422706793,0.590107904693,0.331436699858,0.579945114934,0.437917739848,2,1.32432432432,0.579945114934,2,0.0154894320255,0.00868558193399,5,0.000643500643501,0.345166969906,37,37,37,1,0,0.72972972973,0.189189189189,0.0810810810811,-64,-0.048048048048,0,-3.45945945946,-6.4,-1.52941176471,-2.28238480034,0.0178887552568,0.048048048048,-3.03099669681,0.0071924810109,0.00962804910173,-0.662604402776,0.0613451064707,0.078683947105,0,0,0,0,0,0,0.00331930585537,0.00271288568826,-2,-0.0002574002574,-0.27602961129,0,-0.0540540540541,0.0540540540541,152,0,64,1116,0.703703703704,1,0,0.296296296296,1,0.703703703704,0.826086956522,0.815804341226,0.703703703704,0.703703703704,1,65,0,0,0,0
2904,WLNM_dir_neg,0.98224852071,0.880936454849,00:00:02,10,70,23,1236970047,threshold_sweep,0.6,1,0.0153846153846,0.030303030303,1,0,64,130,0.0153846153846,1,0,0.984615384615,1,0.0153846153846,0.030303030303,0.671794871795,0.664957264957,0.0204081632653,0.101534616513,0.0153846153846,216,151,65,0,216,0,151,0,65,37,216,0.162162162162,1.32432432432,11.6756756757,21.6,6,8.1990990496,0.702237650082,0.31006006006,10.329336629,1.76937710775,0.765265265265,3.0868314707,0.528762798222,0.252752752753,0.579945114934,0.437917739848,2,1.32432432432,0.579945114934,2,0.0121701261701,0.00597269624573,7,0.000900900900901,0.621196581197,37,37,37,1,0,0.72972972973,0.243243243243,0.027027027027,37,0.113363363363,1.32432432432,8.16216216216,15.1,4.44117647059,5.87136891815,0.719339900568,0.356183998568,7.28536729181,1.78515622382,0.776445319492,2.45377688901,0.601256588697,0.337569357437,0.579945114934,0.437917739848,2,1.32432432432,0.579945114934,2,0.0137577217975,0.00705052878966,4,0.000514800514801,0.342389192128,37,37,37,1,0,0.72972972973,0.189189189189,0.0810810810811,37,152,0.114114114114,1.32432432432,8.21621621622,15.2,4.47058823529,5.91671424927,0.720126405339,0.358108108108,7.29833993219,1.77656958876,0.774893314367,2.42422706793,0.590107904693,0.331436699858,0.579945114934,0.437917739848,2,1.32432432432,0.579945114934,2,0.0154894320255,0.00868558193399,5,0.000643500643501,0.345166969906,37,37,37,1,0,0.72972972973,0.189189189189,0.0810810810811,-64,-0.048048048048,0,-3.45945945946,-6.4,-1.52941176471,-2.28238480034,0.0178887552568,0.048048048048,-3.03099669681,0.0071924810109,0.00962804910173,-0.662604402776,0.0613451064707,0.078683947105,0,0,0,0,0,0,0.00331930585537,0.00271288568826,-2,-0.0002574002574,-0.27602961129,0,-0.0540540540541,0.0540540540541,152,0,64,1116,0.703703703704,1,0,0.296296296296,1,0.703703703704,0.826086956522,0.815804341226,0.703703703704,0.703703703704,1,65,0,0,0,0
2905,WLNM_dir_neg,0.98224852071,0.880936454849,00:00:02,10,70,23,1236970047,threshold_sweep,0.7,1,0.0153846153846,0.030303030303,1,0,64,130,0.0153846153846,1,0,0.984615384615,1,0.0153846153846,0.030303030303,0.671794871795,0.664957264957,0.0204081632653,0.101534616513,0.0153846153846,216,151,65,0,216,0,151,0,65,37,216,0.162162162162,1.32432432432,11.6756756757,21.6,6,8.1990990496,0.702237650082,0.31006006006,10.329336629,1.76937710775,0.765265265265,3.0868314707,0.528762798222,0.252752752753,0.579945114934,0.437917739848,2,1.32432432432,0.579945114934,2,0.0121701261701,0.00597269624573,7,0.000900900900901,0.621196581197,37,37,37,1,0,0.72972972973,0.243243243243,0.027027027027,37,0.113363363363,1.32432432432,8.16216216216,15.1,4.44117647059,5.87136891815,0.719339900568,0.356183998568,7.28536729181,1.78515622382,0.776445319492,2.45377688901,0.601256588697,0.337569357437,0.579945114934,0.437917739848,2,1.32432432432,0.579945114934,2,0.0137577217975,0.00705052878966,4,0.000514800514801,0.342389192128,37,37,37,1,0,0.72972972973,0.189189189189,0.0810810810811,37,152,0.114114114114,1.32432432432,8.21621621622,15.2,4.47058823529,5.91671424927,0.720126405339,0.358108108108,7.29833993219,1.77656958876,0.774893314367,2.42422706793,0.590107904693,0.331436699858,0.579945114934,0.437917739848,2,1.32432432432,0.579945114934,2,0.0154894320255,0.00868558193399,5,0.000643500643501,0.345166969906,37,37,37,1,0,0.72972972973,0.189189189189,0.0810810810811,-64,-0.048048048048,0,-3.45945945946,-6.4,-1.52941176471,-2.28238480034,0.0178887552568,0.048048048048,-3.03099669681,0.0071924810109,0.00962804910173,-0.662604402776,0.0613451064707,0.078683947105,0,0,0,0,0,0,0.00331930585537,0.00271288568826,-2,-0.0002574002574,-0.27602961129,0,-0.0540540540541,0.0540540540541,152,0,64,1116,0.703703703704,1,0,0.296296296296,1,0.703703703704,0.826086956522,0.815804341226,0.703703703704,0.703703703704,1,65,0,0,0,0
2906,WLNM_dir_neg,0.98224852071,0.880936454849,00:00:02,10,70,23,1236970047,threshold_sweep,0.8,1,0.0153846153846,0.030303030303,1,0,64,130,0.0153846153846,1,0,0.984615384615,1,0.0153846153846,0.030303030303,0.671794871795,0.664957264957,0.0204081632653,0.101534616513,0.0153846153846,216,151,65,0,216,0,151,0,65,37,216,0.162162162162,1.32432432432,11.6756756757,21.6,6,8.1990990496,0.702237650082,0.31006006006,10.329336629,1.76937710775,0.765265265265,3.0868314707,0.528762798222,0.252752752753,0.579945114934,0.437917739848,2,1.32432432432,0.579945114934,2,0.0121701261701,0.00597269624573,7,0.000900900900901,0.621196581197,37,37,37,1,0,0.72972972973,0.243243243243,0.027027027027,37,0.113363363363,1.32432432432,8.16216216216,15.1,4.44117647059,5.87136891815,0.719339900568,0.356183998568,7.28536729181,1.78515622382,0.776445319492,2.45377688901,0.601256588697,0.337569357437,0.579945114934,0.437917739848,2,1.32432432432,0.579945114934,2,0.0137577217975,0.00705052878966,4,0.000514800514801,0.342389192128,37,37,37,1,0,0.72972972973,0.189189189189,0.0810810810811,37,152,0.114114114114,1.32432432432,8.21621621622,15.2,4.47058823529,5.91671424927,0.720126405339,0.358108108108,7.29833993219,1.77656958876,0.774893314367,2.42422706793,0.590107904693,0.331436699858,0.579945114934,0.437917739848,2,1.32432432432,0.579945114934,2,0.0154894320255,0.00868558193399,5,0.000643500643501,0.345166969906,37,37,37,1,0,0.72972972973,0.189189189189,0.0810810810811,-64,-0.048048048048,0,-3.45945945946,-6.4,-1.52941176471,-2.28238480034,0.0178887552568,0.048048048048,-3.03099669681,0.0071924810109,0.00962804910173,-0.662604402776,0.0613451064707,0.078683947105,0,0,0,0,0,0,0.00331930585537,0.00271288568826,-2,-0.0002574002574,-0.27602961129,0,-0.0540540540541,0.0540540540541,152,0,64,1116,0.703703703704,1,0,0.296296296296,1,0.703703703704,0.826086956522,0.815804341226,0.703703703704,0.703703703704,1,65,0,0,0,0
2907,WLNM_dir_neg,0.98224852071,0.880936454849,00:00:02,10,70,23,1236970047,threshold_sweep,0.9,1,0.0153846153846,0.030303030303,1,0,64,130,0.0153846153846,1,0,0.984615384615,1,0.0153846153846,0.030303030303,0.671794871795,0.664957264957,0.0204081632653,0.101534616513,0.0153846153846,216,151,65,0,216,0,151,0,65,37,216,0.162162162162,1.32432432432,11.6756756757,21.6,6,8.1990990496,0.702237650082,0.31006006006,10.329336629,1.76937710775,0.765265265265,3.0868314707,0.528762798222,0.252752752753,0.579945114934,0.437917739848,2,1.32432432432,0.579945114934,2,0.0121701261701,0.00597269624573,7,0.000900900900901,0.621196581197,37,37,37,1,0,0.72972972973,0.243243243243,0.027027027027,37,0.113363363363,1.32432432432,8.16216216216,15.1,4.44117647059,5.87136891815,0.719339900568,0.356183998568,7.28536729181,1.78515622382,0.776445319492,2.45377688901,0.601256588697,0.337569357437,0.579945114934,0.437917739848,2,1.32432432432,0.579945114934,2,0.0137577217975,0.00705052878966,4,0.000514800514801,0.342389192128,37,37,37,1,0,0.72972972973,0.189189189189,0.0810810810811,37,152,0.114114114114,1.32432432432,8.21621621622,15.2,4.47058823529,5.91671424927,0.720126405339,0.358108108108,7.29833993219,1.77656958876,0.774893314367,2.42422706793,0.590107904693,0.331436699858,0.579945114934,0.437917739848,2,1.32432432432,0.579945114934,2,0.0154894320255,0.00868558193399,5,0.000643500643501,0.345166969906,37,37,37,1,0,0.72972972973,0.189189189189,0.0810810810811,-64,-0.048048048048,0,-3.45945945946,-6.4,-1.52941176471,-2.28238480034,0.0178887552568,0.048048048048,-3.03099669681,0.0071924810109,0.00962804910173,-0.662604402776,0.0613451064707,0.078683947105,0,0,0,0,0,0,0.00331930585537,0.00271288568826,-2,-0.0002574002574,-0.27602961129,0,-0.0540540540541,0.0540540540541,152,0,64,1116,0.703703703704,1,0,0.296296296296,1,0.703703703704,0.826086956522,0.815804341226,0.703703703704,0.703703703704,1,65,0,0,0,0
2908,WLNM_dir_neg,0.965207100592,0.760975690976,00:00:02,10,70,24,1236970048,threshold_sweep,0.1,1,0.0923076923077,0.169014084507,6,0,59,130,0.0923076923077,1,0,0.907692307692,1,0.0923076923077,0.169014084507,0.697435897436,0.65641025641,0.119402985075,0.251976315339,0.0923076923077,216,151,65,0,216,0,151,0,65,37,216,0.162162162162,1.32432432432,11.6756756757,21.6,6,8.1990990496,0.702237650082,0.31006006006,10.329336629,1.76937710775,0.765265265265,3.0868314707,0.528762798222,0.252752752753,0.579945114934,0.437917739848,2,1.32432432432,0.579945114934,2,0.0121701261701,0.00597269624573,7,0.000900900900901,0.621196581197,37,37,37,1,0,0.72972972973,0.243243243243,0.027027027027,37,0.113363363363,1.31981981982,8.16216216216,15.1,4.44117647059,5.92318192225,0.725687851402,0.354215142295,7.39135522974,1.81112677815,0.780741005907,2.48750631913,0.609521415945,0.337569357437,0.567072809762,0.429659262004,2,1.31981981982,0.567072809762,2,0,0,0,0,0.336540649367,37,37,37,1,0,0.72972972973,0.189189189189,0.0810810810811,37,157,0.117867867868,1.32432432432,8.48648648649,15.7,4.48571428571,6.14013038959,0.723518549092,0.357032191427,7.44388416161,1.75429117184,0.770528490274,2.29014076964,0.539714703672,0.30022379067,0.579945114934,0.437917739848,2,1.32432432432,0.579945114934,2,0.013864673253,0.0113268608414,7,0.000900900900901,0.348269044428,37,37,37,1,0,0.72972972973,0.216216216216,0.0540540540541,-59,-0.0442942942943,0,-3.18918918919,-5.9,-1.51428571429,-2.05896866001,0.0212808990103,0.046972131367,-2.88545246739,-0.0150859359018,0.00526322500845,-0.796690701069,0.0109519054495,0.0474710379169,0,0,0,0,0,0,0.00169454708285,0.00535416459569,0,0,-0.272927536768,0,-0.027027027027,0.027027027027,157,0,59,1116,0.726851851852,1,0,0.273148148148,1,0.726851851852,0.8418230563,0.830875808969,0.726851851852,0.726851851852,6,65,0,0,0,0
2909,WLNM_dir_neg,0.965207100592,0.760975690976,00:00:02,10,70,24,1236970048,threshold_sweep,0.2,1,0.0923076923077,0.169014084507,6,0,59,130,0.0923076923077,1,0,0.907692307692,1,0.0923076923077,0.169014084507,0.697435897436,0.65641025641,0.119402985075,0.251976315339,0.0923076923077,216,151,65,0,216,0,151,0,65,37,216,0.162162162162,1.32432432432,11.6756756757,21.6,6,8.1990990496,0.702237650082,0.31006006006,10.329336629,1.76937710775,0.765265265265,3.0868314707,0.528762798222,0.252752752753,0.579945114934,0.437917739848,2,1.32432432432,0.579945114934,2,0.0121701261701,0.00597269624573,7,0.000900900900901,0.621196581197,37,37,37,1,0,0.72972972973,0.243243243243,0.027027027027,37,0.113363363363,1.31981981982,8.16216216216,15.1,4.44117647059,5.92318192225,0.725687851402,0.354215142295,7.39135522974,1.81112677815,0.780741005907,2.48750631913,0.609521415945,0.337569357437,0.567072809762,0.429659262004,2,1.31981981982,0.567072809762,2,0,0,0,0,0.336540649367,37,37,37,1,0,0.72972972973,0.189189189189,0.0810810810811,37,157,0.117867867868,1.32432432432,8.48648648649,15.7,4.48571428571,6.14013038959,0.723518549092,0.357032191427,7.44388416161,1.75429117184,0.770528490274,2.29014076964,0.539714703672,0.30022379067,0.579945114934,0.437917739848,2,1.32432432432,0.579945114934,2,0.013864673253,0.0113268608414,7,0.000900900900901,0.348269044428,37,37,37,1,0,0.72972972973,0.216216216216,0.0540540540541,-59,-0.0442942942943,0,-3.18918918919,-5.9,-1.51428571429,-2.05896866001,0.0212808990103,0.046972131367,-2.88545246739,-0.0150859359018,0.00526322500845,-0.796690701069,0.0109519054495,0.0474710379169,0,0,0,0,0,0,0.00169454708285,0.00535416459569,0,0,-0.272927536768,0,-0.027027027027,0.027027027027,157,0,59,1116,0.726851851852,1,0,0.273148148148,1,0.726851851852,0.8418230563,0.830875808969,0.726851851852,0.726851851852,6,65,0,0,0,0
2910,WLNM_dir_neg,0.965207100592,0.760975690976,00:00:02,10,70,24,1236970048,threshold_sweep,0.3,1,0.0923076923077,0.169014084507,6,0,59,130,0.0923076923077,1,0,0.907692307692,1,0.0923076923077,0.169014084507,0.697435897436,0.65641025641,0.119402985075,0.251976315339,0.0923076923077,216,151,65,0,216,0,151,0,65,37,216,0.162162162162,1.32432432432,11.6756756757,21.6,6,8.1990990496,0.702237650082,0.31006006006,10.329336629,1.76937710775,0.765265265265,3.0868314707,0.528762798222,0.252752752753,0.579945114934,0.437917739848,2,1.32432432432,0.579945114934,2,0.0121701261701,0.00597269624573,7,0.000900900900901,0.621196581197,37,37,37,1,0,0.72972972973,0.243243243243,0.027027027027,37,0.113363363363,1.31981981982,8.16216216216,15.1,4.44117647059,5.92318192225,0.725687851402,0.354215142295,7.39135522974,1.81112677815,0.780741005907,2.48750631913,0.609521415945,0.337569357437,0.567072809762,0.429659262004,2,1.31981981982,0.567072809762,2,0,0,0,0,0.336540649367,37,37,37,1,0,0.72972972973,0.189189189189,0.0810810810811,37,157,0.117867867868,1.32432432432,8.48648648649,15.7,4.48571428571,6.14013038959,0.723518549092,0.357032191427,7.44388416161,1.75429117184,0.770528490274,2.29014076964,0.539714703672,0.30022379067,0.579945114934,0.437917739848,2,1.32432432432,0.579945114934,2,0.013864673253,0.0113268608414,7,0.000900900900901,0.348269044428,37,37,37,1,0,0.72972972973,0.216216216216,0.0540540540541,-59,-0.0442942942943,0,-3.18918918919,-5.9,-1.51428571429,-2.05896866001,0.0212808990103,0.046972131367,-2.88545246739,-0.0150859359018,0.00526322500845,-0.796690701069,0.0109519054495,0.0474710379169,0,0,0,0,0,0,0.00169454708285,0.00535416459569,0,0,-0.272927536768,0,-0.027027027027,0.027027027027,157,0,59,1116,0.726851851852,1,0,0.273148148148,1,0.726851851852,0.8418230563,0.830875808969,0.726851851852,0.726851851852,6,65,0,0,0,0
2911,WLNM_dir_neg,0.965207100592,0.760975690976,00:00:02,10,70,24,1236970048,threshold_sweep,0.4,1,0.0923076923077,0.169014084507,6,0,59,130,0.0923076923077,1,0,0.907692307692,1,0.0923076923077,0.169014084507,0.697435897436,0.65641025641,0.119402985075,0.251976315339,0.0923076923077,216,151,65,0,216,0,151,0,65,37,216,0.162162162162,1.32432432432,11.6756756757,21.6,6,8.1990990496,0.702237650082,0.31006006006,10.329336629,1.76937710775,0.765265265265,3.0868314707,0.528762798222,0.252752752753,0.579945114934,0.437917739848,2,1.32432432432,0.579945114934,2,0.0121701261701,0.00597269624573,7,0.000900900900901,0.621196581197,37,37,37,1,0,0.72972972973,0.243243243243,0.027027027027,37,0.113363363363,1.31981981982,8.16216216216,15.1,4.44117647059,5.92318192225,0.725687851402,0.354215142295,7.39135522974,1.81112677815,0.780741005907,2.48750631913,0.609521415945,0.337569357437,0.567072809762,0.429659262004,2,1.31981981982,0.567072809762,2,0,0,0,0,0.336540649367,37,37,37,1,0,0.72972972973,0.189189189189,0.0810810810811,37,157,0.117867867868,1.32432432432,8.48648648649,15.7,4.48571428571,6.14013038959,0.723518549092,0.357032191427,7.44388416161,1.75429117184,0.770528490274,2.29014076964,0.539714703672,0.30022379067,0.579945114934,0.437917739848,2,1.32432432432,0.579945114934,2,0.013864673253,0.0113268608414,7,0.000900900900901,0.348269044428,37,37,37,1,0,0.72972972973,0.216216216216,0.0540540540541,-59,-0.0442942942943,0,-3.18918918919,-5.9,-1.51428571429,-2.05896866001,0.0212808990103,0.046972131367,-2.88545246739,-0.0150859359018,0.00526322500845,-0.796690701069,0.0109519054495,0.0474710379169,0,0,0,0,0,0,0.00169454708285,0.00535416459569,0,0,-0.272927536768,0,-0.027027027027,0.027027027027,157,0,59,1116,0.726851851852,1,0,0.273148148148,1,0.726851851852,0.8418230563,0.830875808969,0.726851851852,0.726851851852,6,65,0,0,0,0
2912,WLNM_dir_neg,0.965207100592,0.760975690976,00:00:02,10,70,24,1236970048,threshold_sweep,0.5,1,0.0923076923077,0.169014084507,6,0,59,130,0.0923076923077,1,0,0.907692307692,1,0.0923076923077,0.169014084507,0.697435897436,0.65641025641,0.119402985075,0.251976315339,0.0923076923077,216,151,65,0,216,0,151,0,65,37,216,0.162162162162,1.32432432432,11.6756756757,21.6,6,8.1990990496,0.702237650082,0.31006006006,10.329336629,1.76937710775,0.765265265265,3.0868314707,0.528762798222,0.252752752753,0.579945114934,0.437917739848,2,1.32432432432,0.579945114934,2,0.0121701261701,0.00597269624573,7,0.000900900900901,0.621196581197,37,37,37,1,0,0.72972972973,0.243243243243,0.027027027027,37,0.113363363363,1.31981981982,8.16216216216,15.1,4.44117647059,5.92318192225,0.725687851402,0.354215142295,7.39135522974,1.81112677815,0.780741005907,2.48750631913,0.609521415945,0.337569357437,0.567072809762,0.429659262004,2,1.31981981982,0.567072809762,2,0,0,0,0,0.336540649367,37,37,37,1,0,0.72972972973,0.189189189189,0.0810810810811,37,157,0.117867867868,1.32432432432,8.48648648649,15.7,4.48571428571,6.14013038959,0.723518549092,0.357032191427,7.44388416161,1.75429117184,0.770528490274,2.29014076964,0.539714703672,0.30022379067,0.579945114934,0.437917739848,2,1.32432432432,0.579945114934,2,0.013864673253,0.0113268608414,7,0.000900900900901,0.348269044428,37,37,37,1,0,0.72972972973,0.216216216216,0.0540540540541,-59,-0.0442942942943,0,-3.18918918919,-5.9,-1.51428571429,-2.05896866001,0.0212808990103,0.046972131367,-2.88545246739,-0.0150859359018,0.00526322500845,-0.796690701069,0.0109519054495,0.0474710379169,0,0,0,0,0,0,0.00169454708285,0.00535416459569,0,0,-0.272927536768,0,-0.027027027027,0.027027027027,157,0,59,1116,0.726851851852,1,0,0.273148148148,1,0.726851851852,0.8418230563,0.830875808969,0.726851851852,0.726851851852,6,65,0,0,0,0
2913,WLNM_dir_neg,0.965207100592,0.760975690976,00:00:02,10,70,24,1236970048,threshold_sweep,0.6,1,0.0615384615385,0.115942028986,4,0,61,130,0.0615384615385,1,0,0.938461538462,1,0.0615384615385,0.115942028986,0.687179487179,0.659829059829,0.0804020100503,0.204657804039,0.0615384615385,216,151,65,0,216,0,151,0,65,37,216,0.162162162162,1.32432432432,11.6756756757,21.6,6,8.1990990496,0.702237650082,0.31006006006,10.329336629,1.76937710775,0.765265265265,3.0868314707,0.528762798222,0.252752752753,0.579945114934,0.437917739848,2,1.32432432432,0.579945114934,2,0.0121701261701,0.00597269624573,7,0.000900900900901,0.621196581197,37,37,37,1,0,0.72972972973,0.243243243243,0.027027027027,37,0.113363363363,1.31981981982,8.16216216216,15.1,4.44117647059,5.92318192225,0.725687851402,0.354215142295,7.39135522974,1.81112677815,0.780741005907,2.48750631913,0.609521415945,0.337569357437,0.567072809762,0.429659262004,2,1.31981981982,0.567072809762,2,0,0,0,0,0.336540649367,37,37,37,1,0,0.72972972973,0.189189189189,0.0810810810811,37,155,0.116366366366,1.32432432432,8.37837837838,15.5,4.42857142857,6.04313821781,0.721277787287,0.352920662598,7.41559107496,1.77017335338,0.773496076722,2.35511072915,0.562187722442,0.312816041848,0.579945114934,0.437917739848,2,1.32432432432,0.579945114934,2,0.0127702705796,0.00832870627429,5,0.000643500643501,0.343330772824,37,37,37,1,0,0.72972972973,0.216216216216,0.0540540540541,-61,-0.0457957957958,0,-3.2972972973,-6.1,-1.57142857143,-2.1559608318,0.0190401372048,0.042860602538,-2.91374555404,0.000796245631657,0.00823081145662,-0.731720741556,0.0334249242193,0.0600632890955,0,0,0,0,0,0,0.000600144409502,0.00235601002856,-2,-0.0002574002574,-0.277865808373,0,-0.027027027027,0.027027027027,155,0,61,1116,0.717592592593,1,0,0.282407407407,1,0.717592592593,0.835579514825,0.82486492977,0.717592592593,0.717592592593,4,65,0,0,0,0
2914,WLNM_dir_neg,0.965207100592,0.760975690976,00:00:02,10,70,24,1236970048,threshold_sweep,0.7,1,0.0615384615385,0.115942028986,4,0,61,130,0.0615384615385,1,0,0.938461538462,1,0.0615384615385,0.115942028986,0.687179487179,0.659829059829,0.0804020100503,0.204657804039,0.0615384615385,216,151,65,0,216,0,151,0,65,37,216,0.162162162162,1.32432432432,11.6756756757,21.6,6,8.1990990496,0.702237650082,0.31006006006,10.329336629,1.76937710775,0.765265265265,3.0868314707,0.528762798222,0.252752752753,0.579945114934,0.437917739848,2,1.32432432432,0.579945114934,2,0.0121701261701,0.00597269624573,7,0.000900900900901,0.621196581197,37,37,37,1,0,0.72972972973,0.243243243243,0.027027027027,37,0.113363363363,1.31981981982,8.16216216216,15.1,4.44117647059,5.92318192225,0.725687851402,0.354215142295,7.39135522974,1.81112677815,0.780741005907,2.48750631913,0.609521415945,0.337569357437,0.567072809762,0.429659262004,2,1.31981981982,0.567072809762,2,0,0,0,0,0.336540649367,37,37,37,1,0,0.72972972973,0.189189189189,0.0810810810811,37,155,0.116366366366,1.32432432432,8.37837837838,15.5,4.42857142857,6.04313821781,0.721277787287,0.352920662598,7.41559107496,1.77017335338,0.773496076722,2.35511072915,0.562187722442,0.312816041848,0.579945114934,0.437917739848,2,1.32432432432,0.579945114934,2,0.0127702705796,0.00832870627429,5,0.000643500643501,0.343330772824,37,37,37,1,0,0.72972972973,0.216216216216,0.0540540540541,-61,-0.0457957957958,0,-3.2972972973,-6.1,-1.57142857143,-2.1559608318,0.0190401372048,0.042860602538,-2.91374555404,0.000796245631657,0.00823081145662,-0.731720741556,0.0334249242193,0.0600632890955,0,0,0,0,0,0,0.000600144409502,0.00235601002856,-2,-0.0002574002574,-0.277865808373,0,-0.027027027027,0.027027027027,155,0,61,1116,0.717592592593,1,0,0.282407407407,1,0.717592592593,0.835579514825,0.82486492977,0.717592592593,0.717592592593,4,65,0,0,0,0
2915,WLNM_dir_neg,0.965207100592,0.760975690976,00:00:02,10,70,24,1236970048,threshold_sweep,0.8,1,0.0615384615385,0.115942028986,4,0,61,130,0.0615384615385,1,0,0.938461538462,1,0.0615384615385,0.115942028986,0.687179487179,0.659829059829,0.0804020100503,0.204657804039,0.0615384615385,216,151,65,0,216,0,151,0,65,37,216,0.162162162162,1.32432432432,11.6756756757,21.6,6,8.1990990496,0.702237650082,0.31006006006,10.329336629,1.76937710775,0.765265265265,3.0868314707,0.528762798222,0.252752752753,0.579945114934,0.437917739848,2,1.32432432432,0.579945114934,2,0.0121701261701,0.00597269624573,7,0.000900900900901,0.621196581197,37,37,37,1,0,0.72972972973,0.243243243243,0.027027027027,37,0.113363363363,1.31981981982,8.16216216216,15.1,4.44117647059,5.92318192225,0.725687851402,0.354215142295,7.39135522974,1.81112677815,0.780741005907,2.48750631913,0.609521415945,0.337569357437,0.567072809762,0.429659262004,2,1.31981981982,0.567072809762,2,0,0,0,0,0.336540649367,37,37,37,1,0,0.72972972973,0.189189189189,0.0810810810811,37,155,0.116366366366,1.32432432432,8.37837837838,15.5,4.42857142857,6.04313821781,0.721277787287,0.352920662598,7.41559107496,1.77017335338,0.773496076722,2.35511072915,0.562187722442,0.312816041848,0.579945114934,0.437917739848,2,1.32432432432,0.579945114934,2,0.0127702705796,0.00832870627429,5,0.000643500643501,0.343330772824,37,37,37,1,0,0.72972972973,0.216216216216,0.0540540540541,-61,-0.0457957957958,0,-3.2972972973,-6.1,-1.57142857143,-2.1559608318,0.0190401372048,0.042860602538,-2.91374555404,0.000796245631657,0.00823081145662,-0.731720741556,0.0334249242193,0.0600632890955,0,0,0,0,0,0,0.000600144409502,0.00235601002856,-2,-0.0002574002574,-0.277865808373,0,-0.027027027027,0.027027027027,155,0,61,1116,0.717592592593,1,0,0.282407407407,1,0.717592592593,0.835579514825,0.82486492977,0.717592592593,0.717592592593,4,65,0,0,0,0
2916,WLNM_dir_neg,0.965207100592,0.760975690976,00:00:02,10,70,24,1236970048,threshold_sweep,0.9,1,0.0615384615385,0.115942028986,4,0,61,130,0.0615384615385,1,0,0.938461538462,1,0.0615384615385,0.115942028986,0.687179487179,0.659829059829,0.0804020100503,0.204657804039,0.0615384615385,216,151,65,0,216,0,151,0,65,37,216,0.162162162162,1.32432432432,11.6756756757,21.6,6,8.1990990496,0.702237650082,0.31006006006,10.329336629,1.76937710775,0.765265265265,3.0868314707,0.528762798222,0.252752752753,0.579945114934,0.437917739848,2,1.32432432432,0.579945114934,2,0.0121701261701,0.00597269624573,7,0.000900900900901,0.621196581197,37,37,37,1,0,0.72972972973,0.243243243243,0.027027027027,37,0.113363363363,1.31981981982,8.16216216216,15.1,4.44117647059,5.92318192225,0.725687851402,0.354215142295,7.39135522974,1.81112677815,0.780741005907,2.48750631913,0.609521415945,0.337569357437,0.567072809762,0.429659262004,2,1.31981981982,0.567072809762,2,0,0,0,0,0.336540649367,37,37,37,1,0,0.72972972973,0.189189189189,0.0810810810811,37,155,0.116366366366,1.32432432432,8.37837837838,15.5,4.42857142857,6.04313821781,0.721277787287,0.352920662598,7.41559107496,1.77017335338,0.773496076722,2.35511072915,0.562187722442,0.312816041848,0.579945114934,0.437917739848,2,1.32432432432,0.579945114934,2,0.0127702705796,0.00832870627429,5,0.000643500643501,0.343330772824,37,37,37,1,0,0.72972972973,0.216216216216,0.0540540540541,-61,-0.0457957957958,0,-3.2972972973,-6.1,-1.57142857143,-2.1559608318,0.0190401372048,0.042860602538,-2.91374555404,0.000796245631657,0.00823081145662,-0.731720741556,0.0334249242193,0.0600632890955,0,0,0,0,0,0,0.000600144409502,0.00235601002856,-2,-0.0002574002574,-0.277865808373,0,-0.027027027027,0.027027027027,155,0,61,1116,0.717592592593,1,0,0.282407407407,1,0.717592592593,0.835579514825,0.82486492977,0.717592592593,0.717592592593,4,65,0,0,0,0
2917,WLNM_dir_neg,0.965443786982,0.772083042108,00:00:02,10,70,25,1236970049,threshold_sweep,0.1,0.5,0.0307692307692,0.0579710144928,2,2,63,128,0.0307692307692,0.984615384615,0.0153846153846,0.969230769231,0.5,0.0307692307692,0.0579710144928,0.666666666667,0.659829059829,0.0201005025126,0.0511644510097,0.0153846153846,216,151,65,0,216,0,151,0,65,37,216,0.162162162162,1.32432432432,11.6756756757,21.6,6,8.1990990496,0.702237650082,0.31006006006,10.329336629,1.76937710775,0.765265265265,3.0868314707,0.528762798222,0.252752752753,0.579945114934,0.437917739848,2,1.32432432432,0.579945114934,2,0.0121701261701,0.00597269624573,7,0.000900900900901,0.621196581197,37,37,37,1,0,0.72972972973,0.243243243243,0.027027027027,37,0.113363363363,1.31981981982,8.16216216216,15.1,4.71875,5.94191099784,0.727982473246,0.350456416682,7.38007218565,1.80836205874,0.780025058171,2.45377688901,0.601256588697,0.331125827815,0.567072809762,0.429659262004,2,1.31981981982,0.567072809762,2,0,0,0,0,0.338267220956,37,37,37,1,0,0.72972972973,0.135135135135,0.135135135135,37,155,0.116366366366,1.38635464733,8.37837837838,14.0909090909,4.55882352941,5.92242138615,0.706869649314,0.34245858762,7.38180133782,1.76210741612,0.772449869224,2.31945680707,0.553676786205,0.306190061029,0.656109010352,0.473262026867,2.17073170732,1.38635464733,0.656109010352,2.17073170732,0.0166517408842,0.00851305334847,5,0.000643500643501,0.281634219743,37,37,37,1,0,0.702702702703,0.216216216216,0.0810810810811,-61,-0.0457957957958,0.0620303230059,-3.2972972973,-7.50909090909,-1.44117647059,-2.27667766346,0.00463199923229,0.0323985275598,-2.94753529118,-0.00726969162136,0.0071846039588,-0.76737466363,0.0249139879822,0.053437308276,0.0761638954178,0.0353442870187,0.170731707317,0.0620303230059,0.0761638954178,0.170731707317,0.00448161471407,0.00254035710273,-2,-0.0002574002574,-0.339562361453,-0.027027027027,-0.027027027027,0.0540540540541,153,2,63,1114,0.708333333333,0.998207885305,0.00179211469534,0.291666666667,0.987096774194,0.708333333333,0.824797843666,0.812161494848,0.706541218638,0.701834862385,4,65,0,0,0,0
2918,WLNM_dir_neg,0.965443786982,0.772083042108,00:00:02,10,70,25,1236970049,threshold_sweep,0.2,1,0.0307692307692,0.0597014925373,2,0,63,130,0.0307692307692,1,0,0.969230769231,1,0.0307692307692,0.0597014925373,0.676923076923,0.663247863248,0.0406091370558,0.14396315015,0.0307692307692,216,151,65,0,216,0,151,0,65,37,216,0.162162162162,1.32432432432,11.6756756757,21.6,6,8.1990990496,0.702237650082,0.31006006006,10.329336629,1.76937710775,0.765265265265,3.0868314707,0.528762798222,0.252752752753,0.579945114934,0.437917739848,2,1.32432432432,0.579945114934,2,0.0121701261701,0.00597269624573,7,0.000900900900901,0.621196581197,37,37,37,1,0,0.72972972973,0.243243243243,0.027027027027,37,0.113363363363,1.31981981982,8.16216216216,15.1,4.71875,5.94191099784,0.727982473246,0.350456416682,7.38007218565,1.80836205874,0.780025058171,2.45377688901,0.601256588697,0.331125827815,0.567072809762,0.429659262004,2,1.31981981982,0.567072809762,2,0,0,0,0,0.338267220956,37,37,37,1,0,0.72972972973,0.135135135135,0.135135135135,37,153,0.114864864865,1.32432432432,8.27027027027,15.3,4.63636363636,5.93318655553,0.717411446257,0.345698639816,7.39054261338,1.78725540323,0.776541247129,2.38236766173,0.576128127347,0.317965023847,0.579945114934,0.437917739848,2,1.32432432432,0.579945114934,2,0.0171615185149,0.0085910652921,5,0.000643500643501,0.339325422014,37,37,37,1,0,0.72972972973,0.162162162162,0.108108108108,-63,-0.0472972972973,0,-3.40540540541,-6.3,-1.36363636364,-2.26591249408,0.0151737961748,0.0356385797562,-2.93879401562,0.0178782954893,0.0112759818642,-0.70446380897,0.047365329125,0.0652122710946,0,0,0,0,0,0,0.00499139234478,0.00261836904636,-2,-0.0002574002574,-0.281871159182,0,-0.0810810810811,0.0810810810811,153,0,63,1116,0.708333333333,1,0,0.291666666667,1,0.708333333333,0.829268292683,0.818830544472,0.708333333333,0.708333333333,2,65,0,0,0,0
2919,WLNM_dir_neg,0.965443786982,0.772083042108,00:00:02,10,70,25,1236970049,threshold_sweep,0.3,1,0.0153846153846,0.030303030303,1,0,64,130,0.0153846153846,1,0,0.984615384615,1,0.0153846153846,0.030303030303,0.671794871795,0.664957264957,0.0204081632653,0.101534616513,0.0153846153846,216,151,65,0,216,0,151,0,65,37,216,0.162162162162,1.32432432432,11.6756756757,21.6,6,8.1990990496,0.702237650082,0.31006006006,10.329336629,1.76937710775,0.765265265265,3.0868314707,0.528762798222,0.252752752753,0.579945114934,0.437917739848,2,1.32432432432,0.579945114934,2,0.0121701261701,0.00597269624573,7,0.000900900900901,0.621196581197,37,37,37,1,0,0.72972972973,0.243243243243,0.027027027027,37,0.113363363363,1.31981981982,8.16216216216,15.1,4.71875,5.94191099784,0.727982473246,0.350456416682,7.38007218565,1.80836205874,0.780025058171,2.45377688901,0.601256588697,0.331125827815,0.567072809762,0.429659262004,2,1.31981981982,0.567072809762,2,0,0,0,0,0.338267220956,37,37,37,1,0,0.72972972973,0.135135135135,0.135135135135,37,152,0.114114114114,1.31981981982,8.21621621622,15.2,4.75,5.95415417603,0.72468323853,0.34832859175,7.38159792917,1.79683633802,0.778093883357,2.42422706793,0.590107904693,0.325035561878,0.567072809762,0.429659262004,2,1.31981981982,0.567072809762,2,0,0,0,0,0.34197092466,37,37,37,1,0,0.72972972973,0.135135135135,0.135135135135,-64,-0.048048048048,-0.0045045045045,-3.45945945946,-6.4,-1.25,-2.24494487357,0.0224455884483,0.0382685316896,-2.94773869983,0.0274592302773,0.0128286180918,-0.662604402776,0.0613451064707,0.0722828091249,-0.0128723051723,-0.00825847784436,0,-0.0045045045045,-0.0128723051723,0,-0.0121701261701,-0.00597269624573,-7,-0.000900900900901,-0.279225656537,0,-0.108108108108,0.108108108108,152,0,64,1116,0.703703703704,1,0,0.296296296296,1,0.703703703704,0.826086956522,0.815804341226,0.703703703704,0.703703703704,1,65,0,0,0,0
2920,WLNM_dir_neg,0.965443786982,0.772083042108,00:00:02,10,70,25,1236970049,threshold_sweep,0.4,1,0.0153846153846,0.030303030303,1,0,64,130,0.0153846153846,1,0,0.984615384615,1,0.0153846153846,0.030303030303,0.671794871795,0.664957264957,0.0204081632653,0.101534616513,0.0153846153846,216,151,65,0,216,0,151,0,65,37,216,0.162162162162,1.32432432432,11.6756756757,21.6,6,8.1990990496,0.702237650082,0.31006006006,10.329336629,1.76937710775,0.765265265265,3.0868314707,0.528762798222,0.252752752753,0.579945114934,0.437917739848,2,1.32432432432,0.579945114934,2,0.0121701261701,0.00597269624573,7,0.000900900900901,0.621196581197,37,37,37,1,0,0.72972972973,0.243243243243,0.027027027027,37,0.113363363363,1.31981981982,8.16216216216,15.1,4.71875,5.94191099784,0.727982473246,0.350456416682,7.38007218565,1.80836205874,0.780025058171,2.45377688901,0.601256588697,0.331125827815,0.567072809762,0.429659262004,2,1.31981981982,0.567072809762,2,0,0,0,0,0.338267220956,37,37,37,1,0,0.72972972973,0.135135135135,0.135135135135,37,152,0.114114114114,1.31981981982,8.21621621622,15.2,4.75,5.95415417603,0.72468323853,0.34832859175,7.38159792917,1.79683633802,0.778093883357,2.42422706793,0.590107904693,0.325035561878,0.567072809762,0.429659262004,2,1.31981981982,0.567072809762,2,0,0,0,0,0.34197092466,37,37,37,1,0,0.72972972973,0.135135135135,0.135135135135,-64,-0.048048048048,-0.0045045045045,-3.45945945946,-6.4,-1.25,-2.24494487357,0.0224455884483,0.0382685316896,-2.94773869983,0.0274592302773,0.0128286180918,-0.662604402776,0.0613451064707,0.0722828091249,-0.0128723051723,-0.00825847784436,0,-0.0045045045045,-0.0128723051723,0,-0.0121701261701,-0.00597269624573,-7,-0.000900900900901,-0.279225656537,0,-0.108108108108,0.108108108108,152,0,64,1116,0.703703703704,1,0,0.296296296296,1,0.703703703704,0.826086956522,0.815804341226,0.703703703704,0.703703703704,1,65,0,0,0,0
2921,WLNM_dir_neg,0.965443786982,0.772083042108,00:00:02,10,70,25,1236970049,threshold_sweep,0.5,1,0.0153846153846,0.030303030303,1,0,64,130,0.0153846153846,1,0,0.984615384615,1,0.0153846153846,0.030303030303,0.671794871795,0.664957264957,0.0204081632653,0.101534616513,0.0153846153846,216,151,65,0,216,0,151,0,65,37,216,0.162162162162,1.32432432432,11.6756756757,21.6,6,8.1990990496,0.702237650082,0.31006006006,10.329336629,1.76937710775,0.765265265265,3.0868314707,0.528762798222,0.252752752753,0.579945114934,0.437917739848,2,1.32432432432,0.579945114934,2,0.0121701261701,0.00597269624573,7,0.000900900900901,0.621196581197,37,37,37,1,0,0.72972972973,0.243243243243,0.027027027027,37,0.113363363363,1.31981981982,8.16216216216,15.1,4.71875,5.94191099784,0.727982473246,0.350456416682,7.38007218565,1.80836205874,0.780025058171,2.45377688901,0.601256588697,0.331125827815,0.567072809762,0.429659262004,2,1.31981981982,0.567072809762,2,0,0,0,0,0.338267220956,37,37,37,1,0,0.72972972973,0.135135135135,0.135135135135,37,152,0.114114114114,1.31981981982,8.21621621622,15.2,4.75,5.95415417603,0.72468323853,0.34832859175,7.38159792917,1.79683633802,0.778093883357,2.42422706793,0.590107904693,0.325035561878,0.567072809762,0.429659262004,2,1.31981981982,0.567072809762,2,0,0,0,0,0.34197092466,37,37,37,1,0,0.72972972973,0.135135135135,0.135135135135,-64,-0.048048048048,-0.0045045045045,-3.45945945946,-6.4,-1.25,-2.24494487357,0.0224455884483,0.0382685316896,-2.94773869983,0.0274592302773,0.0128286180918,-0.662604402776,0.0613451064707,0.0722828091249,-0.0128723051723,-0.00825847784436,0,-0.0045045045045,-0.0128723051723,0,-0.0121701261701,-0.00597269624573,-7,-0.000900900900901,-0.279225656537,0,-0.108108108108,0.108108108108,152,0,64,1116,0.703703703704,1,0,0.296296296296,1,0.703703703704,0.826086956522,0.815804341226,0.703703703704,0.703703703704,1,65,0,0,0,0
2922,WLNM_dir_neg,0.965443786982,0.772083042108,00:00:02,10,70,25,1236970049,threshold_sweep,0.6,1,0.0153846153846,0.030303030303,1,0,64,130,0.0153846153846,1,0,0.984615384615,1,0.0153846153846,0.030303030303,0.671794871795,0.664957264957,0.0204081632653,0.101534616513,0.0153846153846,216,151,65,0,216,0,151,0,65,37,216,0.162162162162,1.32432432432,11.6756756757,21.6,6,8.1990990496,0.702237650082,0.31006006006,10.329336629,1.76937710775,0.765265265265,3.0868314707,0.528762798222,0.252752752753,0.579945114934,0.437917739848,2,1.32432432432,0.579945114934,2,0.0121701261701,0.00597269624573,7,0.000900900900901,0.621196581197,37,37,37,1,0,0.72972972973,0.243243243243,0.027027027027,37,0.113363363363,1.31981981982,8.16216216216,15.1,4.71875,5.94191099784,0.727982473246,0.350456416682,7.38007218565,1.80836205874,0.780025058171,2.45377688901,0.601256588697,0.331125827815,0.567072809762,0.429659262004,2,1.31981981982,0.567072809762,2,0,0,0,0,0.338267220956,37,37,37,1,0,0.72972972973,0.135135135135,0.135135135135,37,152,0.114114114114,1.31981981982,8.21621621622,15.2,4.75,5.95415417603,0.72468323853,0.34832859175,7.38159792917,1.79683633802,0.778093883357,2.42422706793,0.590107904693,0.325035561878,0.567072809762,0.429659262004,2,1.31981981982,0.567072809762,2,0,0,0,0,0.34197092466,37,37,37,1,0,0.72972972973,0.135135135135,0.135135135135,-64,-0.048048048048,-0.0045045045045,-3.45945945946,-6.4,-1.25,-2.24494487357,0.0224455884483,0.0382685316896,-2.94773869983,0.0274592302773,0.0128286180918,-0.662604402776,0.0613451064707,0.0722828091249,-0.0128723051723,-0.00825847784436,0,-0.0045045045045,-0.0128723051723,0,-0.0121701261701,-0.00597269624573,-7,-0.000900900900901,-0.279225656537,0,-0.108108108108,0.108108108108,152,0,64,1116,0.703703703704,1,0,0.296296296296,1,0.703703703704,0.826086956522,0.815804341226,0.703703703704,0.703703703704,1,65,0,0,0,0
2923,WLNM_dir_neg,0.965443786982,0.772083042108,00:00:02,10,70,25,1236970049,threshold_sweep,0.7,1,0.0153846153846,0.030303030303,1,0,64,130,0.0153846153846,1,0,0.984615384615,1,0.0153846153846,0.030303030303,0.671794871795,0.664957264957,0.0204081632653,0.101534616513,0.0153846153846,216,151,65,0,216,0,151,0,65,37,216,0.162162162162,1.32432432432,11.6756756757,21.6,6,8.1990990496,0.702237650082,0.31006006006,10.329336629,1.76937710775,0.765265265265,3.0868314707,0.528762798222,0.252752752753,0.579945114934,0.437917739848,2,1.32432432432,0.579945114934,2,0.0121701261701,0.00597269624573,7,0.000900900900901,0.621196581197,37,37,37,1,0,0.72972972973,0.243243243243,0.027027027027,37,0.113363363363,1.31981981982,8.16216216216,15.1,4.71875,5.94191099784,0.727982473246,0.350456416682,7.38007218565,1.80836205874,0.780025058171,2.45377688901,0.601256588697,0.331125827815,0.567072809762,0.429659262004,2,1.31981981982,0.567072809762,2,0,0,0,0,0.338267220956,37,37,37,1,0,0.72972972973,0.135135135135,0.135135135135,37,152,0.114114114114,1.31981981982,8.21621621622,15.2,4.75,5.95415417603,0.72468323853,0.34832859175,7.38159792917,1.79683633802,0.778093883357,2.42422706793,0.590107904693,0.325035561878,0.567072809762,0.429659262004,2,1.31981981982,0.567072809762,2,0,0,0,0,0.34197092466,37,37,37,1,0,0.72972972973,0.135135135135,0.135135135135,-64,-0.048048048048,-0.0045045045045,-3.45945945946,-6.4,-1.25,-2.24494487357,0.0224455884483,0.0382685316896,-2.94773869983,0.0274592302773,0.0128286180918,-0.662604402776,0.0613451064707,0.0722828091249,-0.0128723051723,-0.00825847784436,0,-0.0045045045045,-0.0128723051723,0,-0.0121701261701,-0.00597269624573,-7,-0.000900900900901,-0.279225656537,0,-0.108108108108,0.108108108108,152,0,64,1116,0.703703703704,1,0,0.296296296296,1,0.703703703704,0.826086956522,0.815804341226,0.703703703704,0.703703703704,1,65,0,0,0,0
2924,WLNM_dir_neg,0.965443786982,0.772083042108,00:00:02,10,70,25,1236970049,threshold_sweep,0.8,1,0.0153846153846,0.030303030303,1,0,64,130,0.0153846153846,1,0,0.984615384615,1,0.0153846153846,0.030303030303,0.671794871795,0.664957264957,0.0204081632653,0.101534616513,0.0153846153846,216,151,65,0,216,0,151,0,65,37,216,0.162162162162,1.32432432432,11.6756756757,21.6,6,8.1990990496,0.702237650082,0.31006006006,10.329336629,1.76937710775,0.765265265265,3.0868314707,0.528762798222,0.252752752753,0.579945114934,0.437917739848,2,1.32432432432,0.579945114934,2,0.0121701261701,0.00597269624573,7,0.000900900900901,0.621196581197,37,37,37,1,0,0.72972972973,0.243243243243,0.027027027027,37,0.113363363363,1.31981981982,8.16216216216,15.1,4.71875,5.94191099784,0.727982473246,0.350456416682,7.38007218565,1.80836205874,0.780025058171,2.45377688901,0.601256588697,0.331125827815,0.567072809762,0.429659262004,2,1.31981981982,0.567072809762,2,0,0,0,0,0.338267220956,37,37,37,1,0,0.72972972973,0.135135135135,0.135135135135,37,152,0.114114114114,1.31981981982,8.21621621622,15.2,4.75,5.95415417603,0.72468323853,0.34832859175,7.38159792917,1.79683633802,0.778093883357,2.42422706793,0.590107904693,0.325035561878,0.567072809762,0.429659262004,2,1.31981981982,0.567072809762,2,0,0,0,0,0.34197092466,37,37,37,1,0,0.72972972973,0.135135135135,0.135135135135,-64,-0.048048048048,-0.0045045045045,-3.45945945946,-6.4,-1.25,-2.24494487357,0.0224455884483,0.0382685316896,-2.94773869983,0.0274592302773,0.0128286180918,-0.662604402776,0.0613451064707,0.0722828091249,-0.0128723051723,-0.00825847784436,0,-0.0045045045045,-0.0128723051723,0,-0.0121701261701,-0.00597269624573,-7,-0.000900900900901,-0.279225656537,0,-0.108108108108,0.108108108108,152,0,64,1116,0.703703703704,1,0,0.296296296296,1,0.703703703704,0.826086956522,0.815804341226,0.703703703704,0.703703703704,1,65,0,0,0,0
2925,WLNM_dir_neg,0.965443786982,0.772083042108,00:00:02,10,70,25,1236970049,threshold_sweep,0.9,1,0.0153846153846,0.030303030303,1,0,64,130,0.0153846153846,1,0,0.984615384615,1,0.0153846153846,0.030303030303,0.671794871795,0.664957264957,0.0204081632653,0.101534616513,0.0153846153846,216,151,65,0,216,0,151,0,65,37,216,0.162162162162,1.32432432432,11.6756756757,21.6,6,8.1990990496,0.702237650082,0.31006006006,10.329336629,1.76937710775,0.765265265265,3.0868314707,0.528762798222,0.252752752753,0.579945114934,0.437917739848,2,1.32432432432,0.579945114934,2,0.0121701261701,0.00597269624573,7,0.000900900900901,0.621196581197,37,37,37,1,0,0.72972972973,0.243243243243,0.027027027027,37,0.113363363363,1.31981981982,8.16216216216,15.1,4.71875,5.94191099784,0.727982473246,0.350456416682,7.38007218565,1.80836205874,0.780025058171,2.45377688901,0.601256588697,0.331125827815,0.567072809762,0.429659262004,2,1.31981981982,0.567072809762,2,0,0,0,0,0.338267220956,37,37,37,1,0,0.72972972973,0.135135135135,0.135135135135,37,152,0.114114114114,1.31981981982,8.21621621622,15.2,4.75,5.95415417603,0.72468323853,0.34832859175,7.38159792917,1.79683633802,0.778093883357,2.42422706793,0.590107904693,0.325035561878,0.567072809762,0.429659262004,2,1.31981981982,0.567072809762,2,0,0,0,0,0.34197092466,37,37,37,1,0,0.72972972973,0.135135135135,0.135135135135,-64,-0.048048048048,-0.0045045045045,-3.45945945946,-6.4,-1.25,-2.24494487357,0.0224455884483,0.0382685316896,-2.94773869983,0.0274592302773,0.0128286180918,-0.662604402776,0.0613451064707,0.0722828091249,-0.0128723051723,-0.00825847784436,0,-0.0045045045045,-0.0128723051723,0,-0.0121701261701,-0.00597269624573,-7,-0.000900900900901,-0.279225656537,0,-0.108108108108,0.108108108108,152,0,64,1116,0.703703703704,1,0,0.296296296296,1,0.703703703704,0.826086956522,0.815804341226,0.703703703704,0.703703703704,1,65,0,0,0,0
2926,WLNM_dir_neg,0.980769230769,0.932498383969,00:00:03,10,70,26,1236970050,threshold_sweep,0.1,1,0.0307692307692,0.0597014925373,2,0,63,130,0.0307692307692,1,0,0.969230769231,1,0.0307692307692,0.0597014925373,0.676923076923,0.663247863248,0.0406091370558,0.14396315015,0.0307692307692,216,151,65,0,216,0,151,0,65,37,216,0.162162162162,1.32432432432,11.6756756757,21.6,6,8.1990990496,0.702237650082,0.31006006006,10.329336629,1.76937710775,0.765265265265,3.0868314707,0.528762798222,0.252752752753,0.579945114934,0.437917739848,2,1.32432432432,0.579945114934,2,0.0121701261701,0.00597269624573,7,0.000900900900901,0.621196581197,37,37,37,1,0,0.72972972973,0.243243243243,0.027027027027,37,0.113363363363,1.32432432432,8.16216216216,15.1,4.31428571429,5.84766579031,0.716435874972,0.351888312153,7.21255994922,1.76731601405,0.770717737605,2.36147762568,0.578640212914,0.320028637909,0.579945114934,0.437917739848,2,1.33333333333,0.585540043769,2,0.00927202459931,0.00530347672363,3,0.0003861003861,0.330948574775,37,36,36,0.972972972973,0,0.702702702703,0.243243243243,0.027027027027,37,153,0.114864864865,1.32432432432,8.27027027027,15.3,4.37142857143,5.96586888823,0.721363231584,0.35647412118,7.25014238236,1.75330240619,0.767708885356,2.29930136928,0.556040200415,0.308426073132,0.579945114934,0.437917739848,2,1.33333333333,0.585540043769,2,0.0134813574553,0.00855675984027,5,0.000643500643501,0.335393019219,37,36,36,0.972972972973,0,0.702702702703,0.243243243243,0.027027027027,-63,-0.0472972972973,0,-3.40540540541,-6.3,-1.62857142857,-2.23323016137,0.0191255815019,0.0464140611199,-3.07919424663,-0.0160747015525,0.00244362009068,-0.787530101421,0.0272774021924,0.0556733203792,0,0,0,0.00900900900901,0.00559492883467,0,0.00131123128514,0.00258406359454,-2,-0.0002574002574,-0.285803561977,-0.027027027027,0,0,153,0,63,1116,0.708333333333,1,0,0.291666666667,1,0.708333333333,0.829268292683,0.818830544472,0.708333333333,0.708333333333,2,65,0,0,0,0
2927,WLNM_dir_neg,0.980769230769,0.932498383969,00:00:03,10,70,26,1236970050,threshold_sweep,0.2,1,0.0307692307692,0.0597014925373,2,0,63,130,0.0307692307692,1,0,0.969230769231,1,0.0307692307692,0.0597014925373,0.676923076923,0.663247863248,0.0406091370558,0.14396315015,0.0307692307692,216,151,65,0,216,0,151,0,65,37,216,0.162162162162,1.32432432432,11.6756756757,21.6,6,8.1990990496,0.702237650082,0.31006006006,10.329336629,1.76937710775,0.765265265265,3.0868314707,0.528762798222,0.252752752753,0.579945114934,0.437917739848,2,1.32432432432,0.579945114934,2,0.0121701261701,0.00597269624573,7,0.000900900900901,0.621196581197,37,37,37,1,0,0.72972972973,0.243243243243,0.027027027027,37,0.113363363363,1.32432432432,8.16216216216,15.1,4.31428571429,5.84766579031,0.716435874972,0.351888312153,7.21255994922,1.76731601405,0.770717737605,2.36147762568,0.578640212914,0.320028637909,0.579945114934,0.437917739848,2,1.33333333333,0.585540043769,2,0.00927202459931,0.00530347672363,3,0.0003861003861,0.330948574775,37,36,36,0.972972972973,0,0.702702702703,0.243243243243,0.027027027027,37,153,0.114864864865,1.32432432432,8.27027027027,15.3,4.37142857143,5.96586888823,0.721363231584,0.35647412118,7.25014238236,1.75330240619,0.767708885356,2.29930136928,0.556040200415,0.308426073132,0.579945114934,0.437917739848,2,1.33333333333,0.585540043769,2,0.0134813574553,0.00855675984027,5,0.000643500643501,0.335393019219,37,36,36,0.972972972973,0,0.702702702703,0.243243243243,0.027027027027,-63,-0.0472972972973,0,-3.40540540541,-6.3,-1.62857142857,-2.23323016137,0.0191255815019,0.0464140611199,-3.07919424663,-0.0160747015525,0.00244362009068,-0.787530101421,0.0272774021924,0.0556733203792,0,0,0,0.00900900900901,0.00559492883467,0,0.00131123128514,0.00258406359454,-2,-0.0002574002574,-0.285803561977,-0.027027027027,0,0,153,0,63,1116,0.708333333333,1,0,0.291666666667,1,0.708333333333,0.829268292683,0.818830544472,0.708333333333,0.708333333333,2,65,0,0,0,0
2928,WLNM_dir_neg,0.980769230769,0.932498383969,00:00:03,10,70,26,1236970050,threshold_sweep,0.3,1,0.0307692307692,0.0597014925373,2,0,63,130,0.0307692307692,1,0,0.969230769231,1,0.0307692307692,0.0597014925373,0.676923076923,0.663247863248,0.0406091370558,0.14396315015,0.0307692307692,216,151,65,0,216,0,151,0,65,37,216,0.162162162162,1.32432432432,11.6756756757,21.6,6,8.1990990496,0.702237650082,0.31006006006,10.329336629,1.76937710775,0.765265265265,3.0868314707,0.528762798222,0.252752752753,0.579945114934,0.437917739848,2,1.32432432432,0.579945114934,2,0.0121701261701,0.00597269624573,7,0.000900900900901,0.621196581197,37,37,37,1,0,0.72972972973,0.243243243243,0.027027027027,37,0.113363363363,1.32432432432,8.16216216216,15.1,4.31428571429,5.84766579031,0.716435874972,0.351888312153,7.21255994922,1.76731601405,0.770717737605,2.36147762568,0.578640212914,0.320028637909,0.579945114934,0.437917739848,2,1.33333333333,0.585540043769,2,0.00927202459931,0.00530347672363,3,0.0003861003861,0.330948574775,37,36,36,0.972972972973,0,0.702702702703,0.243243243243,0.027027027027,37,153,0.114864864865,1.32432432432,8.27027027027,15.3,4.37142857143,5.96586888823,0.721363231584,0.35647412118,7.25014238236,1.75330240619,0.767708885356,2.29930136928,0.556040200415,0.308426073132,0.579945114934,0.437917739848,2,1.33333333333,0.585540043769,2,0.0134813574553,0.00855675984027,5,0.000643500643501,0.335393019219,37,36,36,0.972972972973,0,0.702702702703,0.243243243243,0.027027027027,-63,-0.0472972972973,0,-3.40540540541,-6.3,-1.62857142857,-2.23323016137,0.0191255815019,0.0464140611199,-3.07919424663,-0.0160747015525,0.00244362009068,-0.787530101421,0.0272774021924,0.0556733203792,0,0,0,0.00900900900901,0.00559492883467,0,0.00131123128514,0.00258406359454,-2,-0.0002574002574,-0.285803561977,-0.027027027027,0,0,153,0,63,1116,0.708333333333,1,0,0.291666666667,1,0.708333333333,0.829268292683,0.818830544472,0.708333333333,0.708333333333,2,65,0,0,0,0
2929,WLNM_dir_neg,0.980769230769,0.932498383969,00:00:03,10,70,26,1236970050,threshold_sweep,0.4,1,0.0307692307692,0.0597014925373,2,0,63,130,0.0307692307692,1,0,0.969230769231,1,0.0307692307692,0.0597014925373,0.676923076923,0.663247863248,0.0406091370558,0.14396315015,0.0307692307692,216,151,65,0,216,0,151,0,65,37,216,0.162162162162,1.32432432432,11.6756756757,21.6,6,8.1990990496,0.702237650082,0.31006006006,10.329336629,1.76937710775,0.765265265265,3.0868314707,0.528762798222,0.252752752753,0.579945114934,0.437917739848,2,1.32432432432,0.579945114934,2,0.0121701261701,0.00597269624573,7,0.000900900900901,0.621196581197,37,37,37,1,0,0.72972972973,0.243243243243,0.027027027027,37,0.113363363363,1.32432432432,8.16216216216,15.1,4.31428571429,5.84766579031,0.716435874972,0.351888312153,7.21255994922,1.76731601405,0.770717737605,2.36147762568,0.578640212914,0.320028637909,0.579945114934,0.437917739848,2,1.33333333333,0.585540043769,2,0.00927202459931,0.00530347672363,3,0.0003861003861,0.330948574775,37,36,36,0.972972972973,0,0.702702702703,0.243243243243,0.027027027027,37,153,0.114864864865,1.32432432432,8.27027027027,15.3,4.37142857143,5.96586888823,0.721363231584,0.35647412118,7.25014238236,1.75330240619,0.767708885356,2.29930136928,0.556040200415,0.308426073132,0.579945114934,0.437917739848,2,1.33333333333,0.585540043769,2,0.0134813574553,0.00855675984027,5,0.000643500643501,0.335393019219,37,36,36,0.972972972973,0,0.702702702703,0.243243243243,0.027027027027,-63,-0.0472972972973,0,-3.40540540541,-6.3,-1.62857142857,-2.23323016137,0.0191255815019,0.0464140611199,-3.07919424663,-0.0160747015525,0.00244362009068,-0.787530101421,0.0272774021924,0.0556733203792,0,0,0,0.00900900900901,0.00559492883467,0,0.00131123128514,0.00258406359454,-2,-0.0002574002574,-0.285803561977,-0.027027027027,0,0,153,0,63,1116,0.708333333333,1,0,0.291666666667,1,0.708333333333,0.829268292683,0.818830544472,0.708333333333,0.708333333333,2,65,0,0,0,0
2930,WLNM_dir_neg,0.980769230769,0.932498383969,00:00:03,10,70,26,1236970050,threshold_sweep,0.5,1,0.0307692307692,0.0597014925373,2,0,63,130,0.0307692307692,1,0,0.969230769231,1,0.0307692307692,0.0597014925373,0.676923076923,0.663247863248,0.0406091370558,0.14396315015,0.0307692307692,216,151,65,0,216,0,151,0,65,37,216,0.162162162162,1.32432432432,11.6756756757,21.6,6,8.1990990496,0.702237650082,0.31006006006,10.329336629,1.76937710775,0.765265265265,3.0868314707,0.528762798222,0.252752752753,0.579945114934,0.437917739848,2,1.32432432432,0.579945114934,2,0.0121701261701,0.00597269624573,7,0.000900900900901,0.621196581197,37,37,37,1,0,0.72972972973,0.243243243243,0.027027027027,37,0.113363363363,1.32432432432,8.16216216216,15.1,4.31428571429,5.84766579031,0.716435874972,0.351888312153,7.21255994922,1.76731601405,0.770717737605,2.36147762568,0.578640212914,0.320028637909,0.579945114934,0.437917739848,2,1.33333333333,0.585540043769,2,0.00927202459931,0.00530347672363,3,0.0003861003861,0.330948574775,37,36,36,0.972972972973,0,0.702702702703,0.243243243243,0.027027027027,37,153,0.114864864865,1.32432432432,8.27027027027,15.3,4.37142857143,5.96586888823,0.721363231584,0.35647412118,7.25014238236,1.75330240619,0.767708885356,2.29930136928,0.556040200415,0.308426073132,0.579945114934,0.437917739848,2,1.33333333333,0.585540043769,2,0.0134813574553,0.00855675984027,5,0.000643500643501,0.335393019219,37,36,36,0.972972972973,0,0.702702702703,0.243243243243,0.027027027027,-63,-0.0472972972973,0,-3.40540540541,-6.3,-1.62857142857,-2.23323016137,0.0191255815019,0.0464140611199,-3.07919424663,-0.0160747015525,0.00244362009068,-0.787530101421,0.0272774021924,0.0556733203792,0,0,0,0.00900900900901,0.00559492883467,0,0.00131123128514,0.00258406359454,-2,-0.0002574002574,-0.285803561977,-0.027027027027,0,0,153,0,63,1116,0.708333333333,1,0,0.291666666667,1,0.708333333333,0.829268292683,0.818830544472,0.708333333333,0.708333333333,2,65,0,0,0,0
2931,WLNM_dir_neg,0.980769230769,0.932498383969,00:00:03,10,70,26,1236970050,threshold_sweep,0.6,1,0.0307692307692,0.0597014925373,2,0,63,130,0.0307692307692,1,0,0.969230769231,1,0.0307692307692,0.0597014925373,0.676923076923,0.663247863248,0.0406091370558,0.14396315015,0.0307692307692,216,151,65,0,216,0,151,0,65,37,216,0.162162162162,1.32432432432,11.6756756757,21.6,6,8.1990990496,0.702237650082,0.31006006006,10.329336629,1.76937710775,0.765265265265,3.0868314707,0.528762798222,0.252752752753,0.579945114934,0.437917739848,2,1.32432432432,0.579945114934,2,0.0121701261701,0.00597269624573,7,0.000900900900901,0.621196581197,37,37,37,1,0,0.72972972973,0.243243243243,0.027027027027,37,0.113363363363,1.32432432432,8.16216216216,15.1,4.31428571429,5.84766579031,0.716435874972,0.351888312153,7.21255994922,1.76731601405,0.770717737605,2.36147762568,0.578640212914,0.320028637909,0.579945114934,0.437917739848,2,1.33333333333,0.585540043769,2,0.00927202459931,0.00530347672363,3,0.0003861003861,0.330948574775,37,36,36,0.972972972973,0,0.702702702703,0.243243243243,0.027027027027,37,153,0.114864864865,1.32432432432,8.27027027027,15.3,4.37142857143,5.96586888823,0.721363231584,0.35647412118,7.25014238236,1.75330240619,0.767708885356,2.29930136928,0.556040200415,0.308426073132,0.579945114934,0.437917739848,2,1.33333333333,0.585540043769,2,0.0134813574553,0.00855675984027,5,0.000643500643501,0.335393019219,37,36,36,0.972972972973,0,0.702702702703,0.243243243243,0.027027027027,-63,-0.0472972972973,0,-3.40540540541,-6.3,-1.62857142857,-2.23323016137,0.0191255815019,0.0464140611199,-3.07919424663,-0.0160747015525,0.00244362009068,-0.787530101421,0.0272774021924,0.0556733203792,0,0,0,0.00900900900901,0.00559492883467,0,0.00131123128514,0.00258406359454,-2,-0.0002574002574,-0.285803561977,-0.027027027027,0,0,153,0,63,1116,0.708333333333,1,0,0.291666666667,1,0.708333333333,0.829268292683,0.818830544472,0.708333333333,0.708333333333,2,65,0,0,0,0
2932,WLNM_dir_neg,0.980769230769,0.932498383969,00:00:03,10,70,26,1236970050,threshold_sweep,0.7,1,0.0307692307692,0.0597014925373,2,0,63,130,0.0307692307692,1,0,0.969230769231,1,0.0307692307692,0.0597014925373,0.676923076923,0.663247863248,0.0406091370558,0.14396315015,0.0307692307692,216,151,65,0,216,0,151,0,65,37,216,0.162162162162,1.32432432432,11.6756756757,21.6,6,8.1990990496,0.702237650082,0.31006006006,10.329336629,1.76937710775,0.765265265265,3.0868314707,0.528762798222,0.252752752753,0.579945114934,0.437917739848,2,1.32432432432,0.579945114934,2,0.0121701261701,0.00597269624573,7,0.000900900900901,0.621196581197,37,37,37,1,0,0.72972972973,0.243243243243,0.027027027027,37,0.113363363363,1.32432432432,8.16216216216,15.1,4.31428571429,5.84766579031,0.716435874972,0.351888312153,7.21255994922,1.76731601405,0.770717737605,2.36147762568,0.578640212914,0.320028637909,0.579945114934,0.437917739848,2,1.33333333333,0.585540043769,2,0.00927202459931,0.00530347672363,3,0.0003861003861,0.330948574775,37,36,36,0.972972972973,0,0.702702702703,0.243243243243,0.027027027027,37,153,0.114864864865,1.32432432432,8.27027027027,15.3,4.37142857143,5.96586888823,0.721363231584,0.35647412118,7.25014238236,1.75330240619,0.767708885356,2.29930136928,0.556040200415,0.308426073132,0.579945114934,0.437917739848,2,1.33333333333,0.585540043769,2,0.0134813574553,0.00855675984027,5,0.000643500643501,0.335393019219,37,36,36,0.972972972973,0,0.702702702703,0.243243243243,0.027027027027,-63,-0.0472972972973,0,-3.40540540541,-6.3,-1.62857142857,-2.23323016137,0.0191255815019,0.0464140611199,-3.07919424663,-0.0160747015525,0.00244362009068,-0.787530101421,0.0272774021924,0.0556733203792,0,0,0,0.00900900900901,0.00559492883467,0,0.00131123128514,0.00258406359454,-2,-0.0002574002574,-0.285803561977,-0.027027027027,0,0,153,0,63,1116,0.708333333333,1,0,0.291666666667,1,0.708333333333,0.829268292683,0.818830544472,0.708333333333,0.708333333333,2,65,0,0,0,0
2933,WLNM_dir_neg,0.980769230769,0.932498383969,00:00:03,10,70,26,1236970050,threshold_sweep,0.8,1,0.0307692307692,0.0597014925373,2,0,63,130,0.0307692307692,1,0,0.969230769231,1,0.0307692307692,0.0597014925373,0.676923076923,0.663247863248,0.0406091370558,0.14396315015,0.0307692307692,216,151,65,0,216,0,151,0,65,37,216,0.162162162162,1.32432432432,11.6756756757,21.6,6,8.1990990496,0.702237650082,0.31006006006,10.329336629,1.76937710775,0.765265265265,3.0868314707,0.528762798222,0.252752752753,0.579945114934,0.437917739848,2,1.32432432432,0.579945114934,2,0.0121701261701,0.00597269624573,7,0.000900900900901,0.621196581197,37,37,37,1,0,0.72972972973,0.243243243243,0.027027027027,37,0.113363363363,1.32432432432,8.16216216216,15.1,4.31428571429,5.84766579031,0.716435874972,0.351888312153,7.21255994922,1.76731601405,0.770717737605,2.36147762568,0.578640212914,0.320028637909,0.579945114934,0.437917739848,2,1.33333333333,0.585540043769,2,0.00927202459931,0.00530347672363,3,0.0003861003861,0.330948574775,37,36,36,0.972972972973,0,0.702702702703,0.243243243243,0.027027027027,37,153,0.114864864865,1.32432432432,8.27027027027,15.3,4.37142857143,5.96586888823,0.721363231584,0.35647412118,7.25014238236,1.75330240619,0.767708885356,2.29930136928,0.556040200415,0.308426073132,0.579945114934,0.437917739848,2,1.33333333333,0.585540043769,2,0.0134813574553,0.00855675984027,5,0.000643500643501,0.335393019219,37,36,36,0.972972972973,0,0.702702702703,0.243243243243,0.027027027027,-63,-0.0472972972973,0,-3.40540540541,-6.3,-1.62857142857,-2.23323016137,0.0191255815019,0.0464140611199,-3.07919424663,-0.0160747015525,0.00244362009068,-0.787530101421,0.0272774021924,0.0556733203792,0,0,0,0.00900900900901,0.00559492883467,0,0.00131123128514,0.00258406359454,-2,-0.0002574002574,-0.285803561977,-0.027027027027,0,0,153,0,63,1116,0.708333333333,1,0,0.291666666667,1,0.708333333333,0.829268292683,0.818830544472,0.708333333333,0.708333333333,2,65,0,0,0,0
2934,WLNM_dir_neg,0.980769230769,0.932498383969,00:00:03,10,70,26,1236970050,threshold_sweep,0.9,1,0.0307692307692,0.0597014925373,2,0,63,130,0.0307692307692,1,0,0.969230769231,1,0.0307692307692,0.0597014925373,0.676923076923,0.663247863248,0.0406091370558,0.14396315015,0.0307692307692,216,151,65,0,216,0,151,0,65,37,216,0.162162162162,1.32432432432,11.6756756757,21.6,6,8.1990990496,0.702237650082,0.31006006006,10.329336629,1.76937710775,0.765265265265,3.0868314707,0.528762798222,0.252752752753,0.579945114934,0.437917739848,2,1.32432432432,0.579945114934,2,0.0121701261701,0.00597269624573,7,0.000900900900901,0.621196581197,37,37,37,1,0,0.72972972973,0.243243243243,0.027027027027,37,0.113363363363,1.32432432432,8.16216216216,15.1,4.31428571429,5.84766579031,0.716435874972,0.351888312153,7.21255994922,1.76731601405,0.770717737605,2.36147762568,0.578640212914,0.320028637909,0.579945114934,0.437917739848,2,1.33333333333,0.585540043769,2,0.00927202459931,0.00530347672363,3,0.0003861003861,0.330948574775,37,36,36,0.972972972973,0,0.702702702703,0.243243243243,0.027027027027,37,153,0.114864864865,1.32432432432,8.27027027027,15.3,4.37142857143,5.96586888823,0.721363231584,0.35647412118,7.25014238236,1.75330240619,0.767708885356,2.29930136928,0.556040200415,0.308426073132,0.579945114934,0.437917739848,2,1.33333333333,0.585540043769,2,0.0134813574553,0.00855675984027,5,0.000643500643501,0.335393019219,37,36,36,0.972972972973,0,0.702702702703,0.243243243243,0.027027027027,-63,-0.0472972972973,0,-3.40540540541,-6.3,-1.62857142857,-2.23323016137,0.0191255815019,0.0464140611199,-3.07919424663,-0.0160747015525,0.00244362009068,-0.787530101421,0.0272774021924,0.0556733203792,0,0,0,0.00900900900901,0.00559492883467,0,0.00131123128514,0.00258406359454,-2,-0.0002574002574,-0.285803561977,-0.027027027027,0,0,153,0,63,1116,0.708333333333,1,0,0.291666666667,1,0.708333333333,0.829268292683,0.818830544472,0.708333333333,0.708333333333,2,65,0,0,0,0
2935,WLNM_dir_neg,0.981420118343,0.826839464883,00:00:02,10,70,27,1236970051,threshold_sweep,0.1,0.5,0.0153846153846,0.0298507462687,1,1,64,129,0.0153846153846,0.992307692308,0.00769230769231,0.984615384615,0.5,0.0153846153846,0.0298507462687,0.666666666667,0.663247863248,0.010152284264,0.0359907875374,0.00769230769231,216,151,65,0,216,0,151,0,65,37,216,0.162162162162,1.32432432432,11.6756756757,21.6,6,8.1990990496,0.702237650082,0.31006006006,10.329336629,1.76937710775,0.765265265265,3.0868314707,0.528762798222,0.252752752753,0.579945114934,0.437917739848,2,1.32432432432,0.579945114934,2,0.0121701261701,0.00597269624573,7,0.000900900900901,0.621196581197,37,37,37,1,0,0.72972972973,0.243243243243,0.027027027027,37,0.113363363363,1.3277027027,8.16216216216,15.1,4.31428571429,5.92786973875,0.726262186536,0.356362985502,7.18941497534,1.76164472906,0.771075711473,2.25312595666,0.552090466202,0.306067657061,0.590250176002,0.444565018057,2.125,1.33680555556,0.595983164645,2.125,0.0127657378741,0.00875145857643,5,0.000643500643501,0.322696474754,37,36,36,0.972972972973,0,0.702702702703,0.243243243243,0.027027027027,37,153,0.114864864865,1.33217088056,8.27027027027,15.3,4.25,5.98446437151,0.723611705051,0.359123829712,7.21557790926,1.7449436774,0.767708885356,2.17513935904,0.526014093362,0.291821232998,0.603726090863,0.453189676846,2.16129032258,1.34139784946,0.609638406086,2.16129032258,0.0139365219772,0.0103388856979,6,0.000772200772201,0.323684129075,37,36,36,0.972972972973,0,0.702702702703,0.27027027027,0,-63,-0.0472972972973,0.00784655623365,-3.40540540541,-6.3,-1.75,-2.2146346781,0.0213740549694,0.049063769652,-3.11375871974,-0.0244334303432,0.00244362009068,-0.911692111667,-0.00274870486059,0.039068480245,0.0237809759288,0.0152719369972,0.161290322581,0.017073525138,0.0296932911516,0.161290322581,0.00176639580709,0.00436618945214,-1,-0.0001287001287,-0.297512452121,-0.027027027027,0.027027027027,-0.027027027027,152,1,64,1115,0.703703703704,0.999103942652,0.00089605734767,0.296296296296,0.993464052288,0.703703703704,0.823848238482,0.812442872082,0.702807646356,0.700460829493,2,65,0,0,0,0
2936,WLNM_dir_neg,0.981420118343,0.826839464883,00:00:02,10,70,27,1236970051,threshold_sweep,0.2,0.5,0.0153846153846,0.0298507462687,1,1,64,129,0.0153846153846,0.992307692308,0.00769230769231,0.984615384615,0.5,0.0153846153846,0.0298507462687,0.666666666667,0.663247863248,0.010152284264,0.0359907875374,0.00769230769231,216,151,65,0,216,0,151,0,65,37,216,0.162162162162,1.32432432432,11.6756756757,21.6,6,8.1990990496,0.702237650082,0.31006006006,10.329336629,1.76937710775,0.765265265265,3.0868314707,0.528762798222,0.252752752753,0.579945114934,0.437917739848,2,1.32432432432,0.579945114934,2,0.0121701261701,0.00597269624573,7,0.000900900900901,0.621196581197,37,37,37,1,0,0.72972972973,0.243243243243,0.027027027027,37,0.113363363363,1.3277027027,8.16216216216,15.1,4.31428571429,5.92786973875,0.726262186536,0.356362985502,7.18941497534,1.76164472906,0.771075711473,2.25312595666,0.552090466202,0.306067657061,0.590250176002,0.444565018057,2.125,1.33680555556,0.595983164645,2.125,0.0127657378741,0.00875145857643,5,0.000643500643501,0.322696474754,37,36,36,0.972972972973,0,0.702702702703,0.243243243243,0.027027027027,37,153,0.114864864865,1.33217088056,8.27027027027,15.3,4.25,5.98446437151,0.723611705051,0.359123829712,7.21557790926,1.7449436774,0.767708885356,2.17513935904,0.526014093362,0.291821232998,0.603726090863,0.453189676846,2.16129032258,1.34139784946,0.609638406086,2.16129032258,0.0139365219772,0.0103388856979,6,0.000772200772201,0.323684129075,37,36,36,0.972972972973,0,0.702702702703,0.27027027027,0,-63,-0.0472972972973,0.00784655623365,-3.40540540541,-6.3,-1.75,-2.2146346781,0.0213740549694,0.049063769652,-3.11375871974,-0.0244334303432,0.00244362009068,-0.911692111667,-0.00274870486059,0.039068480245,0.0237809759288,0.0152719369972,0.161290322581,0.017073525138,0.0296932911516,0.161290322581,0.00176639580709,0.00436618945214,-1,-0.0001287001287,-0.297512452121,-0.027027027027,0.027027027027,-0.027027027027,152,1,64,1115,0.703703703704,0.999103942652,0.00089605734767,0.296296296296,0.993464052288,0.703703703704,0.823848238482,0.812442872082,0.702807646356,0.700460829493,2,65,0,0,0,0
2937,WLNM_dir_neg,0.981420118343,0.826839464883,00:00:02,10,70,27,1236970051,threshold_sweep,0.3,0.5,0.0153846153846,0.0298507462687,1,1,64,129,0.0153846153846,0.992307692308,0.00769230769231,0.984615384615,0.5,0.0153846153846,0.0298507462687,0.666666666667,0.663247863248,0.010152284264,0.0359907875374,0.00769230769231,216,151,65,0,216,0,151,0,65,37,216,0.162162162162,1.32432432432,11.6756756757,21.6,6,8.1990990496,0.702237650082,0.31006006006,10.329336629,1.76937710775,0.765265265265,3.0868314707,0.528762798222,0.252752752753,0.579945114934,0.437917739848,2,1.32432432432,0.579945114934,2,0.0121701261701,0.00597269624573,7,0.000900900900901,0.621196581197,37,37,37,1,0,0.72972972973,0.243243243243,0.027027027027,37,0.113363363363,1.3277027027,8.16216216216,15.1,4.31428571429,5.92786973875,0.726262186536,0.356362985502,7.18941497534,1.76164472906,0.771075711473,2.25312595666,0.552090466202,0.306067657061,0.590250176002,0.444565018057,2.125,1.33680555556,0.595983164645,2.125,0.0127657378741,0.00875145857643,5,0.000643500643501,0.322696474754,37,36,36,0.972972972973,0,0.702702702703,0.243243243243,0.027027027027,37,153,0.114864864865,1.33217088056,8.27027027027,15.3,4.25,5.98446437151,0.723611705051,0.359123829712,7.21557790926,1.7449436774,0.767708885356,2.17513935904,0.526014093362,0.291821232998,0.603726090863,0.453189676846,2.16129032258,1.34139784946,0.609638406086,2.16129032258,0.0139365219772,0.0103388856979,6,0.000772200772201,0.323684129075,37,36,36,0.972972972973,0,0.702702702703,0.27027027027,0,-63,-0.0472972972973,0.00784655623365,-3.40540540541,-6.3,-1.75,-2.2146346781,0.0213740549694,0.049063769652,-3.11375871974,-0.0244334303432,0.00244362009068,-0.911692111667,-0.00274870486059,0.039068480245,0.0237809759288,0.0152719369972,0.161290322581,0.017073525138,0.0296932911516,0.161290322581,0.00176639580709,0.00436618945214,-1,-0.0001287001287,-0.297512452121,-0.027027027027,0.027027027027,-0.027027027027,152,1,64,1115,0.703703703704,0.999103942652,0.00089605734767,0.296296296296,0.993464052288,0.703703703704,0.823848238482,0.812442872082,0.702807646356,0.700460829493,2,65,0,0,0,0
2938,WLNM_dir_neg,0.981420118343,0.826839464883,00:00:02,10,70,27,1236970051,threshold_sweep,0.4,0.5,0.0153846153846,0.0298507462687,1,1,64,129,0.0153846153846,0.992307692308,0.00769230769231,0.984615384615,0.5,0.0153846153846,0.0298507462687,0.666666666667,0.663247863248,0.010152284264,0.0359907875374,0.00769230769231,216,151,65,0,216,0,151,0,65,37,216,0.162162162162,1.32432432432,11.6756756757,21.6,6,8.1990990496,0.702237650082,0.31006006006,10.329336629,1.76937710775,0.765265265265,3.0868314707,0.528762798222,0.252752752753,0.579945114934,0.437917739848,2,1.32432432432,0.579945114934,2,0.0121701261701,0.00597269624573,7,0.000900900900901,0.621196581197,37,37,37,1,0,0.72972972973,0.243243243243,0.027027027027,37,0.113363363363,1.3277027027,8.16216216216,15.1,4.31428571429,5.92786973875,0.726262186536,0.356362985502,7.18941497534,1.76164472906,0.771075711473,2.25312595666,0.552090466202,0.306067657061,0.590250176002,0.444565018057,2.125,1.33680555556,0.595983164645,2.125,0.0127657378741,0.00875145857643,5,0.000643500643501,0.322696474754,37,36,36,0.972972972973,0,0.702702702703,0.243243243243,0.027027027027,37,153,0.114864864865,1.33217088056,8.27027027027,15.3,4.25,5.98446437151,0.723611705051,0.359123829712,7.21557790926,1.7449436774,0.767708885356,2.17513935904,0.526014093362,0.291821232998,0.603726090863,0.453189676846,2.16129032258,1.34139784946,0.609638406086,2.16129032258,0.0139365219772,0.0103388856979,6,0.000772200772201,0.323684129075,37,36,36,0.972972972973,0,0.702702702703,0.27027027027,0,-63,-0.0472972972973,0.00784655623365,-3.40540540541,-6.3,-1.75,-2.2146346781,0.0213740549694,0.049063769652,-3.11375871974,-0.0244334303432,0.00244362009068,-0.911692111667,-0.00274870486059,0.039068480245,0.0237809759288,0.0152719369972,0.161290322581,0.017073525138,0.0296932911516,0.161290322581,0.00176639580709,0.00436618945214,-1,-0.0001287001287,-0.297512452121,-0.027027027027,0.027027027027,-0.027027027027,152,1,64,1115,0.703703703704,0.999103942652,0.00089605734767,0.296296296296,0.993464052288,0.703703703704,0.823848238482,0.812442872082,0.702807646356,0.700460829493,2,65,0,0,0,0
2939,WLNM_dir_neg,0.981420118343,0.826839464883,00:00:02,10,70,27,1236970051,threshold_sweep,0.5,0.5,0.0153846153846,0.0298507462687,1,1,64,129,0.0153846153846,0.992307692308,0.00769230769231,0.984615384615,0.5,0.0153846153846,0.0298507462687,0.666666666667,0.663247863248,0.010152284264,0.0359907875374,0.00769230769231,216,151,65,0,216,0,151,0,65,37,216,0.162162162162,1.32432432432,11.6756756757,21.6,6,8.1990990496,0.702237650082,0.31006006006,10.329336629,1.76937710775,0.765265265265,3.0868314707,0.528762798222,0.252752752753,0.579945114934,0.437917739848,2,1.32432432432,0.579945114934,2,0.0121701261701,0.00597269624573,7,0.000900900900901,0.621196581197,37,37,37,1,0,0.72972972973,0.243243243243,0.027027027027,37,0.113363363363,1.3277027027,8.16216216216,15.1,4.31428571429,5.92786973875,0.726262186536,0.356362985502,7.18941497534,1.76164472906,0.771075711473,2.25312595666,0.552090466202,0.306067657061,0.590250176002,0.444565018057,2.125,1.33680555556,0.595983164645,2.125,0.0127657378741,0.00875145857643,5,0.000643500643501,0.322696474754,37,36,36,0.972972972973,0,0.702702702703,0.243243243243,0.027027027027,37,153,0.114864864865,1.33217088056,8.27027027027,15.3,4.25,5.98446437151,0.723611705051,0.359123829712,7.21557790926,1.7449436774,0.767708885356,2.17513935904,0.526014093362,0.291821232998,0.603726090863,0.453189676846,2.16129032258,1.34139784946,0.609638406086,2.16129032258,0.0139365219772,0.0103388856979,6,0.000772200772201,0.323684129075,37,36,36,0.972972972973,0,0.702702702703,0.27027027027,0,-63,-0.0472972972973,0.00784655623365,-3.40540540541,-6.3,-1.75,-2.2146346781,0.0213740549694,0.049063769652,-3.11375871974,-0.0244334303432,0.00244362009068,-0.911692111667,-0.00274870486059,0.039068480245,0.0237809759288,0.0152719369972,0.161290322581,0.017073525138,0.0296932911516,0.161290322581,0.00176639580709,0.00436618945214,-1,-0.0001287001287,-0.297512452121,-0.027027027027,0.027027027027,-0.027027027027,152,1,64,1115,0.703703703704,0.999103942652,0.00089605734767,0.296296296296,0.993464052288,0.703703703704,0.823848238482,0.812442872082,0.702807646356,0.700460829493,2,65,0,0,0,0
2940,WLNM_dir_neg,0.981420118343,0.826839464883,00:00:02,10,70,27,1236970051,threshold_sweep,0.6,0.5,0.0153846153846,0.0298507462687,1,1,64,129,0.0153846153846,0.992307692308,0.00769230769231,0.984615384615,0.5,0.0153846153846,0.0298507462687,0.666666666667,0.663247863248,0.010152284264,0.0359907875374,0.00769230769231,216,151,65,0,216,0,151,0,65,37,216,0.162162162162,1.32432432432,11.6756756757,21.6,6,8.1990990496,0.702237650082,0.31006006006,10.329336629,1.76937710775,0.765265265265,3.0868314707,0.528762798222,0.252752752753,0.579945114934,0.437917739848,2,1.32432432432,0.579945114934,2,0.0121701261701,0.00597269624573,7,0.000900900900901,0.621196581197,37,37,37,1,0,0.72972972973,0.243243243243,0.027027027027,37,0.113363363363,1.3277027027,8.16216216216,15.1,4.31428571429,5.92786973875,0.726262186536,0.356362985502,7.18941497534,1.76164472906,0.771075711473,2.25312595666,0.552090466202,0.306067657061,0.590250176002,0.444565018057,2.125,1.33680555556,0.595983164645,2.125,0.0127657378741,0.00875145857643,5,0.000643500643501,0.322696474754,37,36,36,0.972972972973,0,0.702702702703,0.243243243243,0.027027027027,37,153,0.114864864865,1.33217088056,8.27027027027,15.3,4.25,5.98446437151,0.723611705051,0.359123829712,7.21557790926,1.7449436774,0.767708885356,2.17513935904,0.526014093362,0.291821232998,0.603726090863,0.453189676846,2.16129032258,1.34139784946,0.609638406086,2.16129032258,0.0139365219772,0.0103388856979,6,0.000772200772201,0.323684129075,37,36,36,0.972972972973,0,0.702702702703,0.27027027027,0,-63,-0.0472972972973,0.00784655623365,-3.40540540541,-6.3,-1.75,-2.2146346781,0.0213740549694,0.049063769652,-3.11375871974,-0.0244334303432,0.00244362009068,-0.911692111667,-0.00274870486059,0.039068480245,0.0237809759288,0.0152719369972,0.161290322581,0.017073525138,0.0296932911516,0.161290322581,0.00176639580709,0.00436618945214,-1,-0.0001287001287,-0.297512452121,-0.027027027027,0.027027027027,-0.027027027027,152,1,64,1115,0.703703703704,0.999103942652,0.00089605734767,0.296296296296,0.993464052288,0.703703703704,0.823848238482,0.812442872082,0.702807646356,0.700460829493,2,65,0,0,0,0
2941,WLNM_dir_neg,0.981420118343,0.826839464883,00:00:02,10,70,27,1236970051,threshold_sweep,0.7,0.5,0.0153846153846,0.0298507462687,1,1,64,129,0.0153846153846,0.992307692308,0.00769230769231,0.984615384615,0.5,0.0153846153846,0.0298507462687,0.666666666667,0.663247863248,0.010152284264,0.0359907875374,0.00769230769231,216,151,65,0,216,0,151,0,65,37,216,0.162162162162,1.32432432432,11.6756756757,21.6,6,8.1990990496,0.702237650082,0.31006006006,10.329336629,1.76937710775,0.765265265265,3.0868314707,0.528762798222,0.252752752753,0.579945114934,0.437917739848,2,1.32432432432,0.579945114934,2,0.0121701261701,0.00597269624573,7,0.000900900900901,0.621196581197,37,37,37,1,0,0.72972972973,0.243243243243,0.027027027027,37,0.113363363363,1.3277027027,8.16216216216,15.1,4.31428571429,5.92786973875,0.726262186536,0.356362985502,7.18941497534,1.76164472906,0.771075711473,2.25312595666,0.552090466202,0.306067657061,0.590250176002,0.444565018057,2.125,1.33680555556,0.595983164645,2.125,0.0127657378741,0.00875145857643,5,0.000643500643501,0.322696474754,37,36,36,0.972972972973,0,0.702702702703,0.243243243243,0.027027027027,37,153,0.114864864865,1.33217088056,8.27027027027,15.3,4.25,5.98446437151,0.723611705051,0.359123829712,7.21557790926,1.7449436774,0.767708885356,2.17513935904,0.526014093362,0.291821232998,0.603726090863,0.453189676846,2.16129032258,1.34139784946,0.609638406086,2.16129032258,0.0139365219772,0.0103388856979,6,0.000772200772201,0.323684129075,37,36,36,0.972972972973,0,0.702702702703,0.27027027027,0,-63,-0.0472972972973,0.00784655623365,-3.40540540541,-6.3,-1.75,-2.2146346781,0.0213740549694,0.049063769652,-3.11375871974,-0.0244334303432,0.00244362009068,-0.911692111667,-0.00274870486059,0.039068480245,0.0237809759288,0.0152719369972,0.161290322581,0.017073525138,0.0296932911516,0.161290322581,0.00176639580709,0.00436618945214,-1,-0.0001287001287,-0.297512452121,-0.027027027027,0.027027027027,-0.027027027027,152,1,64,1115,0.703703703704,0.999103942652,0.00089605734767,0.296296296296,0.993464052288,0.703703703704,0.823848238482,0.812442872082,0.702807646356,0.700460829493,2,65,0,0,0,0
2942,WLNM_dir_neg,0.981420118343,0.826839464883,00:00:02,10,70,27,1236970051,threshold_sweep,0.8,0.5,0.0153846153846,0.0298507462687,1,1,64,129,0.0153846153846,0.992307692308,0.00769230769231,0.984615384615,0.5,0.0153846153846,0.0298507462687,0.666666666667,0.663247863248,0.010152284264,0.0359907875374,0.00769230769231,216,151,65,0,216,0,151,0,65,37,216,0.162162162162,1.32432432432,11.6756756757,21.6,6,8.1990990496,0.702237650082,0.31006006006,10.329336629,1.76937710775,0.765265265265,3.0868314707,0.528762798222,0.252752752753,0.579945114934,0.437917739848,2,1.32432432432,0.579945114934,2,0.0121701261701,0.00597269624573,7,0.000900900900901,0.621196581197,37,37,37,1,0,0.72972972973,0.243243243243,0.027027027027,37,0.113363363363,1.3277027027,8.16216216216,15.1,4.31428571429,5.92786973875,0.726262186536,0.356362985502,7.18941497534,1.76164472906,0.771075711473,2.25312595666,0.552090466202,0.306067657061,0.590250176002,0.444565018057,2.125,1.33680555556,0.595983164645,2.125,0.0127657378741,0.00875145857643,5,0.000643500643501,0.322696474754,37,36,36,0.972972972973,0,0.702702702703,0.243243243243,0.027027027027,37,153,0.114864864865,1.33217088056,8.27027027027,15.3,4.25,5.98446437151,0.723611705051,0.359123829712,7.21557790926,1.7449436774,0.767708885356,2.17513935904,0.526014093362,0.291821232998,0.603726090863,0.453189676846,2.16129032258,1.34139784946,0.609638406086,2.16129032258,0.0139365219772,0.0103388856979,6,0.000772200772201,0.323684129075,37,36,36,0.972972972973,0,0.702702702703,0.27027027027,0,-63,-0.0472972972973,0.00784655623365,-3.40540540541,-6.3,-1.75,-2.2146346781,0.0213740549694,0.049063769652,-3.11375871974,-0.0244334303432,0.00244362009068,-0.911692111667,-0.00274870486059,0.039068480245,0.0237809759288,0.0152719369972,0.161290322581,0.017073525138,0.0296932911516,0.161290322581,0.00176639580709,0.00436618945214,-1,-0.0001287001287,-0.297512452121,-0.027027027027,0.027027027027,-0.027027027027,152,1,64,1115,0.703703703704,0.999103942652,0.00089605734767,0.296296296296,0.993464052288,0.703703703704,0.823848238482,0.812442872082,0.702807646356,0.700460829493,2,65,0,0,0,0
2943,WLNM_dir_neg,0.981420118343,0.826839464883,00:00:02,10,70,27,1236970051,threshold_sweep,0.9,0.5,0.0153846153846,0.0298507462687,1,1,64,129,0.0153846153846,0.992307692308,0.00769230769231,0.984615384615,0.5,0.0153846153846,0.0298507462687,0.666666666667,0.663247863248,0.010152284264,0.0359907875374,0.00769230769231,216,151,65,0,216,0,151,0,65,37,216,0.162162162162,1.32432432432,11.6756756757,21.6,6,8.1990990496,0.702237650082,0.31006006006,10.329336629,1.76937710775,0.765265265265,3.0868314707,0.528762798222,0.252752752753,0.579945114934,0.437917739848,2,1.32432432432,0.579945114934,2,0.0121701261701,0.00597269624573,7,0.000900900900901,0.621196581197,37,37,37,1,0,0.72972972973,0.243243243243,0.027027027027,37,0.113363363363,1.3277027027,8.16216216216,15.1,4.31428571429,5.92786973875,0.726262186536,0.356362985502,7.18941497534,1.76164472906,0.771075711473,2.25312595666,0.552090466202,0.306067657061,0.590250176002,0.444565018057,2.125,1.33680555556,0.595983164645,2.125,0.0127657378741,0.00875145857643,5,0.000643500643501,0.322696474754,37,36,36,0.972972972973,0,0.702702702703,0.243243243243,0.027027027027,37,153,0.114864864865,1.33217088056,8.27027027027,15.3,4.25,5.98446437151,0.723611705051,0.359123829712,7.21557790926,1.7449436774,0.767708885356,2.17513935904,0.526014093362,0.291821232998,0.603726090863,0.453189676846,2.16129032258,1.34139784946,0.609638406086,2.16129032258,0.0139365219772,0.0103388856979,6,0.000772200772201,0.323684129075,37,36,36,0.972972972973,0,0.702702702703,0.27027027027,0,-63,-0.0472972972973,0.00784655623365,-3.40540540541,-6.3,-1.75,-2.2146346781,0.0213740549694,0.049063769652,-3.11375871974,-0.0244334303432,0.00244362009068,-0.911692111667,-0.00274870486059,0.039068480245,0.0237809759288,0.0152719369972,0.161290322581,0.017073525138,0.0296932911516,0.161290322581,0.00176639580709,0.00436618945214,-1,-0.0001287001287,-0.297512452121,-0.027027027027,0.027027027027,-0.027027027027,152,1,64,1115,0.703703703704,0.999103942652,0.00089605734767,0.296296296296,0.993464052288,0.703703703704,0.823848238482,0.812442872082,0.702807646356,0.700460829493,2,65,0,0,0,0
2944,WLNM_dir_neg,0.989704142012,0.934162895928,00:00:02,10,70,28,1236970052,threshold_sweep,0.1,1,0.0769230769231,0.142857142857,5,0,60,130,0.0769230769231,1,0,0.923076923077,1,0.0769230769231,0.142857142857,0.692307692308,0.65811965812,0.1,0.229415733871,0.0769230769231,216,151,65,0,216,0,151,0,65,37,216,0.162162162162,1.32432432432,11.6756756757,21.6,6,8.1990990496,0.702237650082,0.31006006006,10.329336629,1.76937710775,0.765265265265,3.0868314707,0.528762798222,0.252752752753,0.579945114934,0.437917739848,2,1.32432432432,0.579945114934,2,0.0121701261701,0.00597269624573,7,0.000900900900901,0.621196581197,37,37,37,1,0,0.72972972973,0.243243243243,0.027027027027,37,0.113363363363,1.32432432432,8.16216216216,15.1,4.57575757576,5.96058122405,0.730269885066,0.35761589404,7.33097832784,1.79633243795,0.774655450152,2.49864828322,0.612251566087,0.338285305173,0.579945114934,0.437917739848,2,1.33333333333,0.585540043769,2,0,0,0,0,0.340653616914,37,36,36,0.972972972973,0,0.702702702703,0.189189189189,0.0810810810811,37,156,0.117117117117,1.3277027027,8.43243243243,15.6,4.58823529412,6.12163985175,0.725963700367,0.357934857935,7.36785486321,1.74750403807,0.766112266112,2.33494153074,0.553800234854,0.306306306306,0.590250176002,0.444565018057,2.125,1.33680555556,0.595983164645,2.125,0.0153671165436,0.0114503816794,7,0.000900900900901,0.350574251835,37,36,36,0.972972972973,0,0.702702702703,0.216216216216,0.0540540540541,-60,-0.045045045045,0.00337837837838,-3.24324324324,-6,-1.41176470588,-2.07745919786,0.0237260502853,0.0478747978748,-2.96148176579,-0.021873069677,0.000847000847001,-0.751889939969,0.0250374366314,0.0535535535536,0.0103050610674,0.00664727820894,0.125,0.0124812312312,0.0160380497101,0.125,0.00319699037346,0.00547768543366,0,0,-0.270622329361,-0.027027027027,-0.027027027027,0.027027027027,156,0,60,1116,0.722222222222,1,0,0.277777777778,1,0.722222222222,0.838709677419,0.827873269082,0.722222222222,0.722222222222,5,65,0,0,0,0
2945,WLNM_dir_neg,0.989704142012,0.934162895928,00:00:02,10,70,28,1236970052,threshold_sweep,0.2,1,0.0769230769231,0.142857142857,5,0,60,130,0.0769230769231,1,0,0.923076923077,1,0.0769230769231,0.142857142857,0.692307692308,0.65811965812,0.1,0.229415733871,0.0769230769231,216,151,65,0,216,0,151,0,65,37,216,0.162162162162,1.32432432432,11.6756756757,21.6,6,8.1990990496,0.702237650082,0.31006006006,10.329336629,1.76937710775,0.765265265265,3.0868314707,0.528762798222,0.252752752753,0.579945114934,0.437917739848,2,1.32432432432,0.579945114934,2,0.0121701261701,0.00597269624573,7,0.000900900900901,0.621196581197,37,37,37,1,0,0.72972972973,0.243243243243,0.027027027027,37,0.113363363363,1.32432432432,8.16216216216,15.1,4.57575757576,5.96058122405,0.730269885066,0.35761589404,7.33097832784,1.79633243795,0.774655450152,2.49864828322,0.612251566087,0.338285305173,0.579945114934,0.437917739848,2,1.33333333333,0.585540043769,2,0,0,0,0,0.340653616914,37,36,36,0.972972972973,0,0.702702702703,0.189189189189,0.0810810810811,37,156,0.117117117117,1.3277027027,8.43243243243,15.6,4.58823529412,6.12163985175,0.725963700367,0.357934857935,7.36785486321,1.74750403807,0.766112266112,2.33494153074,0.553800234854,0.306306306306,0.590250176002,0.444565018057,2.125,1.33680555556,0.595983164645,2.125,0.0153671165436,0.0114503816794,7,0.000900900900901,0.350574251835,37,36,36,0.972972972973,0,0.702702702703,0.216216216216,0.0540540540541,-60,-0.045045045045,0.00337837837838,-3.24324324324,-6,-1.41176470588,-2.07745919786,0.0237260502853,0.0478747978748,-2.96148176579,-0.021873069677,0.000847000847001,-0.751889939969,0.0250374366314,0.0535535535536,0.0103050610674,0.00664727820894,0.125,0.0124812312312,0.0160380497101,0.125,0.00319699037346,0.00547768543366,0,0,-0.270622329361,-0.027027027027,-0.027027027027,0.027027027027,156,0,60,1116,0.722222222222,1,0,0.277777777778,1,0.722222222222,0.838709677419,0.827873269082,0.722222222222,0.722222222222,5,65,0,0,0,0
2946,WLNM_dir_neg,0.989704142012,0.934162895928,00:00:02,10,70,28,1236970052,threshold_sweep,0.3,1,0.0769230769231,0.142857142857,5,0,60,130,0.0769230769231,1,0,0.923076923077,1,0.0769230769231,0.142857142857,0.692307692308,0.65811965812,0.1,0.229415733871,0.0769230769231,216,151,65,0,216,0,151,0,65,37,216,0.162162162162,1.32432432432,11.6756756757,21.6,6,8.1990990496,0.702237650082,0.31006006006,10.329336629,1.76937710775,0.765265265265,3.0868314707,0.528762798222,0.252752752753,0.579945114934,0.437917739848,2,1.32432432432,0.579945114934,2,0.0121701261701,0.00597269624573,7,0.000900900900901,0.621196581197,37,37,37,1,0,0.72972972973,0.243243243243,0.027027027027,37,0.113363363363,1.32432432432,8.16216216216,15.1,4.57575757576,5.96058122405,0.730269885066,0.35761589404,7.33097832784,1.79633243795,0.774655450152,2.49864828322,0.612251566087,0.338285305173,0.579945114934,0.437917739848,2,1.33333333333,0.585540043769,2,0,0,0,0,0.340653616914,37,36,36,0.972972972973,0,0.702702702703,0.189189189189,0.0810810810811,37,156,0.117117117117,1.3277027027,8.43243243243,15.6,4.58823529412,6.12163985175,0.725963700367,0.357934857935,7.36785486321,1.74750403807,0.766112266112,2.33494153074,0.553800234854,0.306306306306,0.590250176002,0.444565018057,2.125,1.33680555556,0.595983164645,2.125,0.0153671165436,0.0114503816794,7,0.000900900900901,0.350574251835,37,36,36,0.972972972973,0,0.702702702703,0.216216216216,0.0540540540541,-60,-0.045045045045,0.00337837837838,-3.24324324324,-6,-1.41176470588,-2.07745919786,0.0237260502853,0.0478747978748,-2.96148176579,-0.021873069677,0.000847000847001,-0.751889939969,0.0250374366314,0.0535535535536,0.0103050610674,0.00664727820894,0.125,0.0124812312312,0.0160380497101,0.125,0.00319699037346,0.00547768543366,0,0,-0.270622329361,-0.027027027027,-0.027027027027,0.027027027027,156,0,60,1116,0.722222222222,1,0,0.277777777778,1,0.722222222222,0.838709677419,0.827873269082,0.722222222222,0.722222222222,5,65,0,0,0,0
2947,WLNM_dir_neg,0.989704142012,0.934162895928,00:00:02,10,70,28,1236970052,threshold_sweep,0.4,1,0.0769230769231,0.142857142857,5,0,60,130,0.0769230769231,1,0,0.923076923077,1,0.0769230769231,0.142857142857,0.692307692308,0.65811965812,0.1,0.229415733871,0.0769230769231,216,151,65,0,216,0,151,0,65,37,216,0.162162162162,1.32432432432,11.6756756757,21.6,6,8.1990990496,0.702237650082,0.31006006006,10.329336629,1.76937710775,0.765265265265,3.0868314707,0.528762798222,0.252752752753,0.579945114934,0.437917739848,2,1.32432432432,0.579945114934,2,0.0121701261701,0.00597269624573,7,0.000900900900901,0.621196581197,37,37,37,1,0,0.72972972973,0.243243243243,0.027027027027,37,0.113363363363,1.32432432432,8.16216216216,15.1,4.57575757576,5.96058122405,0.730269885066,0.35761589404,7.33097832784,1.79633243795,0.774655450152,2.49864828322,0.612251566087,0.338285305173,0.579945114934,0.437917739848,2,1.33333333333,0.585540043769,2,0,0,0,0,0.340653616914,37,36,36,0.972972972973,0,0.702702702703,0.189189189189,0.0810810810811,37,156,0.117117117117,1.3277027027,8.43243243243,15.6,4.58823529412,6.12163985175,0.725963700367,0.357934857935,7.36785486321,1.74750403807,0.766112266112,2.33494153074,0.553800234854,0.306306306306,0.590250176002,0.444565018057,2.125,1.33680555556,0.595983164645,2.125,0.0153671165436,0.0114503816794,7,0.000900900900901,0.350574251835,37,36,36,0.972972972973,0,0.702702702703,0.216216216216,0.0540540540541,-60,-0.045045045045,0.00337837837838,-3.24324324324,-6,-1.41176470588,-2.07745919786,0.0237260502853,0.0478747978748,-2.96148176579,-0.021873069677,0.000847000847001,-0.751889939969,0.0250374366314,0.0535535535536,0.0103050610674,0.00664727820894,0.125,0.0124812312312,0.0160380497101,0.125,0.00319699037346,0.00547768543366,0,0,-0.270622329361,-0.027027027027,-0.027027027027,0.027027027027,156,0,60,1116,0.722222222222,1,0,0.277777777778,1,0.722222222222,0.838709677419,0.827873269082,0.722222222222,0.722222222222,5,65,0,0,0,0
2948,WLNM_dir_neg,0.989704142012,0.934162895928,00:00:02,10,70,28,1236970052,threshold_sweep,0.5,1,0.0769230769231,0.142857142857,5,0,60,130,0.0769230769231,1,0,0.923076923077,1,0.0769230769231,0.142857142857,0.692307692308,0.65811965812,0.1,0.229415733871,0.0769230769231,216,151,65,0,216,0,151,0,65,37,216,0.162162162162,1.32432432432,11.6756756757,21.6,6,8.1990990496,0.702237650082,0.31006006006,10.329336629,1.76937710775,0.765265265265,3.0868314707,0.528762798222,0.252752752753,0.579945114934,0.437917739848,2,1.32432432432,0.579945114934,2,0.0121701261701,0.00597269624573,7,0.000900900900901,0.621196581197,37,37,37,1,0,0.72972972973,0.243243243243,0.027027027027,37,0.113363363363,1.32432432432,8.16216216216,15.1,4.57575757576,5.96058122405,0.730269885066,0.35761589404,7.33097832784,1.79633243795,0.774655450152,2.49864828322,0.612251566087,0.338285305173,0.579945114934,0.437917739848,2,1.33333333333,0.585540043769,2,0,0,0,0,0.340653616914,37,36,36,0.972972972973,0,0.702702702703,0.189189189189,0.0810810810811,37,156,0.117117117117,1.3277027027,8.43243243243,15.6,4.58823529412,6.12163985175,0.725963700367,0.357934857935,7.36785486321,1.74750403807,0.766112266112,2.33494153074,0.553800234854,0.306306306306,0.590250176002,0.444565018057,2.125,1.33680555556,0.595983164645,2.125,0.0153671165436,0.0114503816794,7,0.000900900900901,0.350574251835,37,36,36,0.972972972973,0,0.702702702703,0.216216216216,0.0540540540541,-60,-0.045045045045,0.00337837837838,-3.24324324324,-6,-1.41176470588,-2.07745919786,0.0237260502853,0.0478747978748,-2.96148176579,-0.021873069677,0.000847000847001,-0.751889939969,0.0250374366314,0.0535535535536,0.0103050610674,0.00664727820894,0.125,0.0124812312312,0.0160380497101,0.125,0.00319699037346,0.00547768543366,0,0,-0.270622329361,-0.027027027027,-0.027027027027,0.027027027027,156,0,60,1116,0.722222222222,1,0,0.277777777778,1,0.722222222222,0.838709677419,0.827873269082,0.722222222222,0.722222222222,5,65,0,0,0,0
2949,WLNM_dir_neg,0.989704142012,0.934162895928,00:00:02,10,70,28,1236970052,threshold_sweep,0.6,1,0.0769230769231,0.142857142857,5,0,60,130,0.0769230769231,1,0,0.923076923077,1,0.0769230769231,0.142857142857,0.692307692308,0.65811965812,0.1,0.229415733871,0.0769230769231,216,151,65,0,216,0,151,0,65,37,216,0.162162162162,1.32432432432,11.6756756757,21.6,6,8.1990990496,0.702237650082,0.31006006006,10.329336629,1.76937710775,0.765265265265,3.0868314707,0.528762798222,0.252752752753,0.579945114934,0.437917739848,2,1.32432432432,0.579945114934,2,0.0121701261701,0.00597269624573,7,0.000900900900901,0.621196581197,37,37,37,1,0,0.72972972973,0.243243243243,0.027027027027,37,0.113363363363,1.32432432432,8.16216216216,15.1,4.57575757576,5.96058122405,0.730269885066,0.35761589404,7.33097832784,1.79633243795,0.774655450152,2.49864828322,0.612251566087,0.338285305173,0.579945114934,0.437917739848,2,1.33333333333,0.585540043769,2,0,0,0,0,0.340653616914,37,36,36,0.972972972973,0,0.702702702703,0.189189189189,0.0810810810811,37,156,0.117117117117,1.3277027027,8.43243243243,15.6,4.58823529412,6.12163985175,0.725963700367,0.357934857935,7.36785486321,1.74750403807,0.766112266112,2.33494153074,0.553800234854,0.306306306306,0.590250176002,0.444565018057,2.125,1.33680555556,0.595983164645,2.125,0.0153671165436,0.0114503816794,7,0.000900900900901,0.350574251835,37,36,36,0.972972972973,0,0.702702702703,0.216216216216,0.0540540540541,-60,-0.045045045045,0.00337837837838,-3.24324324324,-6,-1.41176470588,-2.07745919786,0.0237260502853,0.0478747978748,-2.96148176579,-0.021873069677,0.000847000847001,-0.751889939969,0.0250374366314,0.0535535535536,0.0103050610674,0.00664727820894,0.125,0.0124812312312,0.0160380497101,0.125,0.00319699037346,0.00547768543366,0,0,-0.270622329361,-0.027027027027,-0.027027027027,0.027027027027,156,0,60,1116,0.722222222222,1,0,0.277777777778,1,0.722222222222,0.838709677419,0.827873269082,0.722222222222,0.722222222222,5,65,0,0,0,0
2950,WLNM_dir_neg,0.989704142012,0.934162895928,00:00:02,10,70,28,1236970052,threshold_sweep,0.7,1,0.0615384615385,0.115942028986,4,0,61,130,0.0615384615385,1,0,0.938461538462,1,0.0615384615385,0.115942028986,0.687179487179,0.659829059829,0.0804020100503,0.204657804039,0.0615384615385,216,151,65,0,216,0,151,0,65,37,216,0.162162162162,1.32432432432,11.6756756757,21.6,6,8.1990990496,0.702237650082,0.31006006006,10.329336629,1.76937710775,0.765265265265,3.0868314707,0.528762798222,0.252752752753,0.579945114934,0.437917739848,2,1.32432432432,0.579945114934,2,0.0121701261701,0.00597269624573,7,0.000900900900901,0.621196581197,37,37,37,1,0,0.72972972973,0.243243243243,0.027027027027,37,0.113363363363,1.32432432432,8.16216216216,15.1,4.57575757576,5.96058122405,0.730269885066,0.35761589404,7.33097832784,1.79633243795,0.774655450152,2.49864828322,0.612251566087,0.338285305173,0.579945114934,0.437917739848,2,1.33333333333,0.585540043769,2,0,0,0,0,0.340653616914,37,36,36,0.972972972973,0,0.702702702703,0.189189189189,0.0810810810811,37,155,0.116366366366,1.32818532819,8.37837837838,15.5,4.55882352941,6.06607758748,0.724015712054,0.355710549259,7.35541311567,1.75580829213,0.767567567568,2.3668760217,0.564996211632,0.312816041848,0.591765934822,0.445544700927,2.14285714286,1.3373015873,0.597519437724,2.14285714286,0.0152434307056,0.00996677740864,6,0.000772200772201,0.347796474057,37,36,36,0.972972972973,0,0.702702702703,0.216216216216,0.0540540540541,-61,-0.0457957957958,0.003861003861,-3.2972972973,-6.1,-1.44117647059,-2.13302146213,0.0217780619719,0.0456504891989,-2.97392351333,-0.0135688156188,0.0023023023023,-0.719955449003,0.0362334134094,0.0600632890955,0.0118208198873,0.0076269610784,0.142857142857,0.0129772629773,0.0175743227896,0.142857142857,0.00307330453549,0.0039940811629,-1,-0.0001287001287,-0.273400107139,-0.027027027027,-0.027027027027,0.027027027027,155,0,61,1116,0.717592592593,1,0,0.282407407407,1,0.717592592593,0.835579514825,0.82486492977,0.717592592593,0.717592592593,4,65,0,0,0,0
2951,WLNM_dir_neg,0.989704142012,0.934162895928,00:00:02,10,70,28,1236970052,threshold_sweep,0.8,1,0.0615384615385,0.115942028986,4,0,61,130,0.0615384615385,1,0,0.938461538462,1,0.0615384615385,0.115942028986,0.687179487179,0.659829059829,0.0804020100503,0.204657804039,0.0615384615385,216,151,65,0,216,0,151,0,65,37,216,0.162162162162,1.32432432432,11.6756756757,21.6,6,8.1990990496,0.702237650082,0.31006006006,10.329336629,1.76937710775,0.765265265265,3.0868314707,0.528762798222,0.252752752753,0.579945114934,0.437917739848,2,1.32432432432,0.579945114934,2,0.0121701261701,0.00597269624573,7,0.000900900900901,0.621196581197,37,37,37,1,0,0.72972972973,0.243243243243,0.027027027027,37,0.113363363363,1.32432432432,8.16216216216,15.1,4.57575757576,5.96058122405,0.730269885066,0.35761589404,7.33097832784,1.79633243795,0.774655450152,2.49864828322,0.612251566087,0.338285305173,0.579945114934,0.437917739848,2,1.33333333333,0.585540043769,2,0,0,0,0,0.340653616914,37,36,36,0.972972972973,0,0.702702702703,0.189189189189,0.0810810810811,37,155,0.116366366366,1.32818532819,8.37837837838,15.5,4.55882352941,6.06607758748,0.724015712054,0.355710549259,7.35541311567,1.75580829213,0.767567567568,2.3668760217,0.564996211632,0.312816041848,0.591765934822,0.445544700927,2.14285714286,1.3373015873,0.597519437724,2.14285714286,0.0152434307056,0.00996677740864,6,0.000772200772201,0.347796474057,37,36,36,0.972972972973,0,0.702702702703,0.216216216216,0.0540540540541,-61,-0.0457957957958,0.003861003861,-3.2972972973,-6.1,-1.44117647059,-2.13302146213,0.0217780619719,0.0456504891989,-2.97392351333,-0.0135688156188,0.0023023023023,-0.719955449003,0.0362334134094,0.0600632890955,0.0118208198873,0.0076269610784,0.142857142857,0.0129772629773,0.0175743227896,0.142857142857,0.00307330453549,0.0039940811629,-1,-0.0001287001287,-0.273400107139,-0.027027027027,-0.027027027027,0.027027027027,155,0,61,1116,0.717592592593,1,0,0.282407407407,1,0.717592592593,0.835579514825,0.82486492977,0.717592592593,0.717592592593,4,65,0,0,0,0
2952,WLNM_dir_neg,0.989704142012,0.934162895928,00:00:02,10,70,28,1236970052,threshold_sweep,0.9,1,0.0615384615385,0.115942028986,4,0,61,130,0.0615384615385,1,0,0.938461538462,1,0.0615384615385,0.115942028986,0.687179487179,0.659829059829,0.0804020100503,0.204657804039,0.0615384615385,216,151,65,0,216,0,151,0,65,37,216,0.162162162162,1.32432432432,11.6756756757,21.6,6,8.1990990496,0.702237650082,0.31006006006,10.329336629,1.76937710775,0.765265265265,3.0868314707,0.528762798222,0.252752752753,0.579945114934,0.437917739848,2,1.32432432432,0.579945114934,2,0.0121701261701,0.00597269624573,7,0.000900900900901,0.621196581197,37,37,37,1,0,0.72972972973,0.243243243243,0.027027027027,37,0.113363363363,1.32432432432,8.16216216216,15.1,4.57575757576,5.96058122405,0.730269885066,0.35761589404,7.33097832784,1.79633243795,0.774655450152,2.49864828322,0.612251566087,0.338285305173,0.579945114934,0.437917739848,2,1.33333333333,0.585540043769,2,0,0,0,0,0.340653616914,37,36,36,0.972972972973,0,0.702702702703,0.189189189189,0.0810810810811,37,155,0.116366366366,1.32818532819,8.37837837838,15.5,4.55882352941,6.06607758748,0.724015712054,0.355710549259,7.35541311567,1.75580829213,0.767567567568,2.3668760217,0.564996211632,0.312816041848,0.591765934822,0.445544700927,2.14285714286,1.3373015873,0.597519437724,2.14285714286,0.0152434307056,0.00996677740864,6,0.000772200772201,0.347796474057,37,36,36,0.972972972973,0,0.702702702703,0.216216216216,0.0540540540541,-61,-0.0457957957958,0.003861003861,-3.2972972973,-6.1,-1.44117647059,-2.13302146213,0.0217780619719,0.0456504891989,-2.97392351333,-0.0135688156188,0.0023023023023,-0.719955449003,0.0362334134094,0.0600632890955,0.0118208198873,0.0076269610784,0.142857142857,0.0129772629773,0.0175743227896,0.142857142857,0.00307330453549,0.0039940811629,-1,-0.0001287001287,-0.273400107139,-0.027027027027,-0.027027027027,0.027027027027,155,0,61,1116,0.717592592593,1,0,0.282407407407,1,0.717592592593,0.835579514825,0.82486492977,0.717592592593,0.717592592593,4,65,0,0,0,0
2953,WLNM_dir_neg,0.996153846154,0.976924870002,00:00:02,10,70,29,1236970053,threshold_sweep,0.1,1,0.0153846153846,0.030303030303,1,0,64,130,0.0153846153846,1,0,0.984615384615,1,0.0153846153846,0.030303030303,0.671794871795,0.664957264957,0.0204081632653,0.101534616513,0.0153846153846,216,151,65,0,216,0,151,0,65,37,216,0.162162162162,1.32432432432,11.6756756757,21.6,6,8.1990990496,0.702237650082,0.31006006006,10.329336629,1.76937710775,0.765265265265,3.0868314707,0.528762798222,0.252752752753,0.579945114934,0.437917739848,2,1.32432432432,0.579945114934,2,0.0121701261701,0.00597269624573,7,0.000900900900901,0.621196581197,37,37,37,1,0,0.72972972973,0.243243243243,0.027027027027,37,0.113363363363,1.32432432432,8.16216216216,15.1,4.31428571429,5.85715855226,0.717598895475,0.355468050832,7.15067354395,1.75215179554,0.769643816001,2.22833244052,0.546015233769,0.305351709325,0.579945114934,0.437917739848,2,1.32432432432,0.579945114934,2,0.0133470230197,0.0105944673337,6,0.000772200772201,0.325314344271,37,37,37,1,0,0.72972972973,0.216216216216,0.0540540540541,37,152,0.114114114114,1.32432432432,8.21621621622,15.2,4.34285714286,5.91671424927,0.720126405339,0.357752489331,7.16776651942,1.74478527117,0.76813655761,2.19575074207,0.534491956952,0.298719772404,0.579945114934,0.437917739848,2,1.32432432432,0.579945114934,2,0.0139365921807,0.0121598147076,7,0.000900900900901,0.327783480073,37,37,37,1,0,0.72972972973,0.216216216216,0.0540540540541,-64,-0.048048048048,0,-3.45945945946,-6.4,-1.65714285714,-2.28238480034,0.0178887552568,0.0476924292714,-3.16157010958,-0.0245918365714,0.00287129234498,-0.891080728629,0.00572915872994,0.0459670196512,0,0,0,0,0,0,0.00176646601061,0.00618711846185,0,0,-0.293413101123,0,-0.027027027027,0.027027027027,152,0,64,1116,0.703703703704,1,0,0.296296296296,1,0.703703703704,0.826086956522,0.815804341226,0.703703703704,0.703703703704,1,65,0,0,0,0
2954,WLNM_dir_neg,0.996153846154,0.976924870002,00:00:02,10,70,29,1236970053,threshold_sweep,0.2,1,0.0153846153846,0.030303030303,1,0,64,130,0.0153846153846,1,0,0.984615384615,1,0.0153846153846,0.030303030303,0.671794871795,0.664957264957,0.0204081632653,0.101534616513,0.0153846153846,216,151,65,0,216,0,151,0,65,37,216,0.162162162162,1.32432432432,11.6756756757,21.6,6,8.1990990496,0.702237650082,0.31006006006,10.329336629,1.76937710775,0.765265265265,3.0868314707,0.528762798222,0.252752752753,0.579945114934,0.437917739848,2,1.32432432432,0.579945114934,2,0.0121701261701,0.00597269624573,7,0.000900900900901,0.621196581197,37,37,37,1,0,0.72972972973,0.243243243243,0.027027027027,37,0.113363363363,1.32432432432,8.16216216216,15.1,4.31428571429,5.85715855226,0.717598895475,0.355468050832,7.15067354395,1.75215179554,0.769643816001,2.22833244052,0.546015233769,0.305351709325,0.579945114934,0.437917739848,2,1.32432432432,0.579945114934,2,0.0133470230197,0.0105944673337,6,0.000772200772201,0.325314344271,37,37,37,1,0,0.72972972973,0.216216216216,0.0540540540541,37,152,0.114114114114,1.32432432432,8.21621621622,15.2,4.34285714286,5.91671424927,0.720126405339,0.357752489331,7.16776651942,1.74478527117,0.76813655761,2.19575074207,0.534491956952,0.298719772404,0.579945114934,0.437917739848,2,1.32432432432,0.579945114934,2,0.0139365921807,0.0121598147076,7,0.000900900900901,0.327783480073,37,37,37,1,0,0.72972972973,0.216216216216,0.0540540540541,-64,-0.048048048048,0,-3.45945945946,-6.4,-1.65714285714,-2.28238480034,0.0178887552568,0.0476924292714,-3.16157010958,-0.0245918365714,0.00287129234498,-0.891080728629,0.00572915872994,0.0459670196512,0,0,0,0,0,0,0.00176646601061,0.00618711846185,0,0,-0.293413101123,0,-0.027027027027,0.027027027027,152,0,64,1116,0.703703703704,1,0,0.296296296296,1,0.703703703704,0.826086956522,0.815804341226,0.703703703704,0.703703703704,1,65,0,0,0,0
2955,WLNM_dir_neg,0.996153846154,0.976924870002,00:00:02,10,70,29,1236970053,threshold_sweep,0.3,1,0.0153846153846,0.030303030303,1,0,64,130,0.0153846153846,1,0,0.984615384615,1,0.0153846153846,0.030303030303,0.671794871795,0.664957264957,0.0204081632653,0.101534616513,0.0153846153846,216,151,65,0,216,0,151,0,65,37,216,0.162162162162,1.32432432432,11.6756756757,21.6,6,8.1990990496,0.702237650082,0.31006006006,10.329336629,1.76937710775,0.765265265265,3.0868314707,0.528762798222,0.252752752753,0.579945114934,0.437917739848,2,1.32432432432,0.579945114934,2,0.0121701261701,0.00597269624573,7,0.000900900900901,0.621196581197,37,37,37,1,0,0.72972972973,0.243243243243,0.027027027027,37,0.113363363363,1.32432432432,8.16216216216,15.1,4.31428571429,5.85715855226,0.717598895475,0.355468050832,7.15067354395,1.75215179554,0.769643816001,2.22833244052,0.546015233769,0.305351709325,0.579945114934,0.437917739848,2,1.32432432432,0.579945114934,2,0.0133470230197,0.0105944673337,6,0.000772200772201,0.325314344271,37,37,37,1,0,0.72972972973,0.216216216216,0.0540540540541,37,152,0.114114114114,1.32432432432,8.21621621622,15.2,4.34285714286,5.91671424927,0.720126405339,0.357752489331,7.16776651942,1.74478527117,0.76813655761,2.19575074207,0.534491956952,0.298719772404,0.579945114934,0.437917739848,2,1.32432432432,0.579945114934,2,0.0139365921807,0.0121598147076,7,0.000900900900901,0.327783480073,37,37,37,1,0,0.72972972973,0.216216216216,0.0540540540541,-64,-0.048048048048,0,-3.45945945946,-6.4,-1.65714285714,-2.28238480034,0.0178887552568,0.0476924292714,-3.16157010958,-0.0245918365714,0.00287129234498,-0.891080728629,0.00572915872994,0.0459670196512,0,0,0,0,0,0,0.00176646601061,0.00618711846185,0,0,-0.293413101123,0,-0.027027027027,0.027027027027,152,0,64,1116,0.703703703704,1,0,0.296296296296,1,0.703703703704,0.826086956522,0.815804341226,0.703703703704,0.703703703704,1,65,0,0,0,0
2956,WLNM_dir_neg,0.996153846154,0.976924870002,00:00:02,10,70,29,1236970053,threshold_sweep,0.4,1,0.0153846153846,0.030303030303,1,0,64,130,0.0153846153846,1,0,0.984615384615,1,0.0153846153846,0.030303030303,0.671794871795,0.664957264957,0.0204081632653,0.101534616513,0.0153846153846,216,151,65,0,216,0,151,0,65,37,216,0.162162162162,1.32432432432,11.6756756757,21.6,6,8.1990990496,0.702237650082,0.31006006006,10.329336629,1.76937710775,0.765265265265,3.0868314707,0.528762798222,0.252752752753,0.579945114934,0.437917739848,2,1.32432432432,0.579945114934,2,0.0121701261701,0.00597269624573,7,0.000900900900901,0.621196581197,37,37,37,1,0,0.72972972973,0.243243243243,0.027027027027,37,0.113363363363,1.32432432432,8.16216216216,15.1,4.31428571429,5.85715855226,0.717598895475,0.355468050832,7.15067354395,1.75215179554,0.769643816001,2.22833244052,0.546015233769,0.305351709325,0.579945114934,0.437917739848,2,1.32432432432,0.579945114934,2,0.0133470230197,0.0105944673337,6,0.000772200772201,0.325314344271,37,37,37,1,0,0.72972972973,0.216216216216,0.0540540540541,37,152,0.114114114114,1.32432432432,8.21621621622,15.2,4.34285714286,5.91671424927,0.720126405339,0.357752489331,7.16776651942,1.74478527117,0.76813655761,2.19575074207,0.534491956952,0.298719772404,0.579945114934,0.437917739848,2,1.32432432432,0.579945114934,2,0.0139365921807,0.0121598147076,7,0.000900900900901,0.327783480073,37,37,37,1,0,0.72972972973,0.216216216216,0.0540540540541,-64,-0.048048048048,0,-3.45945945946,-6.4,-1.65714285714,-2.28238480034,0.0178887552568,0.0476924292714,-3.16157010958,-0.0245918365714,0.00287129234498,-0.891080728629,0.00572915872994,0.0459670196512,0,0,0,0,0,0,0.00176646601061,0.00618711846185,0,0,-0.293413101123,0,-0.027027027027,0.027027027027,152,0,64,1116,0.703703703704,1,0,0.296296296296,1,0.703703703704,0.826086956522,0.815804341226,0.703703703704,0.703703703704,1,65,0,0,0,0
2957,WLNM_dir_neg,0.996153846154,0.976924870002,00:00:02,10,70,29,1236970053,threshold_sweep,0.5,1,0.0153846153846,0.030303030303,1,0,64,130,0.0153846153846,1,0,0.984615384615,1,0.0153846153846,0.030303030303,0.671794871795,0.664957264957,0.0204081632653,0.101534616513,0.0153846153846,216,151,65,0,216,0,151,0,65,37,216,0.162162162162,1.32432432432,11.6756756757,21.6,6,8.1990990496,0.702237650082,0.31006006006,10.329336629,1.76937710775,0.765265265265,3.0868314707,0.528762798222,0.252752752753,0.579945114934,0.437917739848,2,1.32432432432,0.579945114934,2,0.0121701261701,0.00597269624573,7,0.000900900900901,0.621196581197,37,37,37,1,0,0.72972972973,0.243243243243,0.027027027027,37,0.113363363363,1.32432432432,8.16216216216,15.1,4.31428571429,5.85715855226,0.717598895475,0.355468050832,7.15067354395,1.75215179554,0.769643816001,2.22833244052,0.546015233769,0.305351709325,0.579945114934,0.437917739848,2,1.32432432432,0.579945114934,2,0.0133470230197,0.0105944673337,6,0.000772200772201,0.325314344271,37,37,37,1,0,0.72972972973,0.216216216216,0.0540540540541,37,152,0.114114114114,1.32432432432,8.21621621622,15.2,4.34285714286,5.91671424927,0.720126405339,0.357752489331,7.16776651942,1.74478527117,0.76813655761,2.19575074207,0.534491956952,0.298719772404,0.579945114934,0.437917739848,2,1.32432432432,0.579945114934,2,0.0139365921807,0.0121598147076,7,0.000900900900901,0.327783480073,37,37,37,1,0,0.72972972973,0.216216216216,0.0540540540541,-64,-0.048048048048,0,-3.45945945946,-6.4,-1.65714285714,-2.28238480034,0.0178887552568,0.0476924292714,-3.16157010958,-0.0245918365714,0.00287129234498,-0.891080728629,0.00572915872994,0.0459670196512,0,0,0,0,0,0,0.00176646601061,0.00618711846185,0,0,-0.293413101123,0,-0.027027027027,0.027027027027,152,0,64,1116,0.703703703704,1,0,0.296296296296,1,0.703703703704,0.826086956522,0.815804341226,0.703703703704,0.703703703704,1,65,0,0,0,0
2958,WLNM_dir_neg,0.996153846154,0.976924870002,00:00:02,10,70,29,1236970053,threshold_sweep,0.6,1,0.0153846153846,0.030303030303,1,0,64,130,0.0153846153846,1,0,0.984615384615,1,0.0153846153846,0.030303030303,0.671794871795,0.664957264957,0.0204081632653,0.101534616513,0.0153846153846,216,151,65,0,216,0,151,0,65,37,216,0.162162162162,1.32432432432,11.6756756757,21.6,6,8.1990990496,0.702237650082,0.31006006006,10.329336629,1.76937710775,0.765265265265,3.0868314707,0.528762798222,0.252752752753,0.579945114934,0.437917739848,2,1.32432432432,0.579945114934,2,0.0121701261701,0.00597269624573,7,0.000900900900901,0.621196581197,37,37,37,1,0,0.72972972973,0.243243243243,0.027027027027,37,0.113363363363,1.32432432432,8.16216216216,15.1,4.31428571429,5.85715855226,0.717598895475,0.355468050832,7.15067354395,1.75215179554,0.769643816001,2.22833244052,0.546015233769,0.305351709325,0.579945114934,0.437917739848,2,1.32432432432,0.579945114934,2,0.0133470230197,0.0105944673337,6,0.000772200772201,0.325314344271,37,37,37,1,0,0.72972972973,0.216216216216,0.0540540540541,37,152,0.114114114114,1.32432432432,8.21621621622,15.2,4.34285714286,5.91671424927,0.720126405339,0.357752489331,7.16776651942,1.74478527117,0.76813655761,2.19575074207,0.534491956952,0.298719772404,0.579945114934,0.437917739848,2,1.32432432432,0.579945114934,2,0.0139365921807,0.0121598147076,7,0.000900900900901,0.327783480073,37,37,37,1,0,0.72972972973,0.216216216216,0.0540540540541,-64,-0.048048048048,0,-3.45945945946,-6.4,-1.65714285714,-2.28238480034,0.0178887552568,0.0476924292714,-3.16157010958,-0.0245918365714,0.00287129234498,-0.891080728629,0.00572915872994,0.0459670196512,0,0,0,0,0,0,0.00176646601061,0.00618711846185,0,0,-0.293413101123,0,-0.027027027027,0.027027027027,152,0,64,1116,0.703703703704,1,0,0.296296296296,1,0.703703703704,0.826086956522,0.815804341226,0.703703703704,0.703703703704,1,65,0,0,0,0
2959,WLNM_dir_neg,0.996153846154,0.976924870002,00:00:02,10,70,29,1236970053,threshold_sweep,0.7,1,0.0153846153846,0.030303030303,1,0,64,130,0.0153846153846,1,0,0.984615384615,1,0.0153846153846,0.030303030303,0.671794871795,0.664957264957,0.0204081632653,0.101534616513,0.0153846153846,216,151,65,0,216,0,151,0,65,37,216,0.162162162162,1.32432432432,11.6756756757,21.6,6,8.1990990496,0.702237650082,0.31006006006,10.329336629,1.76937710775,0.765265265265,3.0868314707,0.528762798222,0.252752752753,0.579945114934,0.437917739848,2,1.32432432432,0.579945114934,2,0.0121701261701,0.00597269624573,7,0.000900900900901,0.621196581197,37,37,37,1,0,0.72972972973,0.243243243243,0.027027027027,37,0.113363363363,1.32432432432,8.16216216216,15.1,4.31428571429,5.85715855226,0.717598895475,0.355468050832,7.15067354395,1.75215179554,0.769643816001,2.22833244052,0.546015233769,0.305351709325,0.579945114934,0.437917739848,2,1.32432432432,0.579945114934,2,0.0133470230197,0.0105944673337,6,0.000772200772201,0.325314344271,37,37,37,1,0,0.72972972973,0.216216216216,0.0540540540541,37,152,0.114114114114,1.32432432432,8.21621621622,15.2,4.34285714286,5.91671424927,0.720126405339,0.357752489331,7.16776651942,1.74478527117,0.76813655761,2.19575074207,0.534491956952,0.298719772404,0.579945114934,0.437917739848,2,1.32432432432,0.579945114934,2,0.0139365921807,0.0121598147076,7,0.000900900900901,0.327783480073,37,37,37,1,0,0.72972972973,0.216216216216,0.0540540540541,-64,-0.048048048048,0,-3.45945945946,-6.4,-1.65714285714,-2.28238480034,0.0178887552568,0.0476924292714,-3.16157010958,-0.0245918365714,0.00287129234498,-0.891080728629,0.00572915872994,0.0459670196512,0,0,0,0,0,0,0.00176646601061,0.00618711846185,0,0,-0.293413101123,0,-0.027027027027,0.027027027027,152,0,64,1116,0.703703703704,1,0,0.296296296296,1,0.703703703704,0.826086956522,0.815804341226,0.703703703704,0.703703703704,1,65,0,0,0,0
2960,WLNM_dir_neg,0.996153846154,0.976924870002,00:00:02,10,70,29,1236970053,threshold_sweep,0.8,1,0.0153846153846,0.030303030303,1,0,64,130,0.0153846153846,1,0,0.984615384615,1,0.0153846153846,0.030303030303,0.671794871795,0.664957264957,0.0204081632653,0.101534616513,0.0153846153846,216,151,65,0,216,0,151,0,65,37,216,0.162162162162,1.32432432432,11.6756756757,21.6,6,8.1990990496,0.702237650082,0.31006006006,10.329336629,1.76937710775,0.765265265265,3.0868314707,0.528762798222,0.252752752753,0.579945114934,0.437917739848,2,1.32432432432,0.579945114934,2,0.0121701261701,0.00597269624573,7,0.000900900900901,0.621196581197,37,37,37,1,0,0.72972972973,0.243243243243,0.027027027027,37,0.113363363363,1.32432432432,8.16216216216,15.1,4.31428571429,5.85715855226,0.717598895475,0.355468050832,7.15067354395,1.75215179554,0.769643816001,2.22833244052,0.546015233769,0.305351709325,0.579945114934,0.437917739848,2,1.32432432432,0.579945114934,2,0.0133470230197,0.0105944673337,6,0.000772200772201,0.325314344271,37,37,37,1,0,0.72972972973,0.216216216216,0.0540540540541,37,152,0.114114114114,1.32432432432,8.21621621622,15.2,4.34285714286,5.91671424927,0.720126405339,0.357752489331,7.16776651942,1.74478527117,0.76813655761,2.19575074207,0.534491956952,0.298719772404,0.579945114934,0.437917739848,2,1.32432432432,0.579945114934,2,0.0139365921807,0.0121598147076,7,0.000900900900901,0.327783480073,37,37,37,1,0,0.72972972973,0.216216216216,0.0540540540541,-64,-0.048048048048,0,-3.45945945946,-6.4,-1.65714285714,-2.28238480034,0.0178887552568,0.0476924292714,-3.16157010958,-0.0245918365714,0.00287129234498,-0.891080728629,0.00572915872994,0.0459670196512,0,0,0,0,0,0,0.00176646601061,0.00618711846185,0,0,-0.293413101123,0,-0.027027027027,0.027027027027,152,0,64,1116,0.703703703704,1,0,0.296296296296,1,0.703703703704,0.826086956522,0.815804341226,0.703703703704,0.703703703704,1,65,0,0,0,0
2961,WLNM_dir_neg,0.996153846154,0.976924870002,00:00:02,10,70,29,1236970053,threshold_sweep,0.9,1,0.0153846153846,0.030303030303,1,0,64,130,0.0153846153846,1,0,0.984615384615,1,0.0153846153846,0.030303030303,0.671794871795,0.664957264957,0.0204081632653,0.101534616513,0.0153846153846,216,151,65,0,216,0,151,0,65,37,216,0.162162162162,1.32432432432,11.6756756757,21.6,6,8.1990990496,0.702237650082,0.31006006006,10.329336629,1.76937710775,0.765265265265,3.0868314707,0.528762798222,0.252752752753,0.579945114934,0.437917739848,2,1.32432432432,0.579945114934,2,0.0121701261701,0.00597269624573,7,0.000900900900901,0.621196581197,37,37,37,1,0,0.72972972973,0.243243243243,0.027027027027,37,0.113363363363,1.32432432432,8.16216216216,15.1,4.31428571429,5.85715855226,0.717598895475,0.355468050832,7.15067354395,1.75215179554,0.769643816001,2.22833244052,0.546015233769,0.305351709325,0.579945114934,0.437917739848,2,1.32432432432,0.579945114934,2,0.0133470230197,0.0105944673337,6,0.000772200772201,0.325314344271,37,37,37,1,0,0.72972972973,0.216216216216,0.0540540540541,37,152,0.114114114114,1.32432432432,8.21621621622,15.2,4.34285714286,5.91671424927,0.720126405339,0.357752489331,7.16776651942,1.74478527117,0.76813655761,2.19575074207,0.534491956952,0.298719772404,0.579945114934,0.437917739848,2,1.32432432432,0.579945114934,2,0.0139365921807,0.0121598147076,7,0.000900900900901,0.327783480073,37,37,37,1,0,0.72972972973,0.216216216216,0.0540540540541,-64,-0.048048048048,0,-3.45945945946,-6.4,-1.65714285714,-2.28238480034,0.0178887552568,0.0476924292714,-3.16157010958,-0.0245918365714,0.00287129234498,-0.891080728629,0.00572915872994,0.0459670196512,0,0,0,0,0,0,0.00176646601061,0.00618711846185,0,0,-0.293413101123,0,-0.027027027027,0.027027027027,152,0,64,1116,0.703703703704,1,0,0.296296296296,1,0.703703703704,0.826086956522,0.815804341226,0.703703703704,0.703703703704,1,65,0,0,0,0
2962,WLNM_dir_neg,0.970650887574,0.753542795233,00:00:03,10,70,30,1236970054,threshold_sweep,0.1,0.75,0.0461538461538,0.0869565217391,3,1,62,129,0.0461538461538,0.992307692308,0.00769230769231,0.953846153846,0.75,0.0461538461538,0.0869565217391,0.676923076923,0.659829059829,0.0502512562814,0.127911127524,0.0384615384615,216,151,65,0,216,0,151,0,65,37,216,0.162162162162,1.32432432432,11.6756756757,21.6,6,8.1990990496,0.702237650082,0.31006006006,10.329336629,1.76937710775,0.765265265265,3.0868314707,0.528762798222,0.252752752753,0.579945114934,0.437917739848,2,1.32432432432,0.579945114934,2,0.0121701261701,0.00597269624573,7,0.000900900900901,0.621196581197,37,37,37,1,0,0.72972972973,0.243243243243,0.027027027027,37,0.113363363363,1.32432432432,8.16216216216,15.1,4.31428571429,5.86189916852,0.718179699454,0.355110076964,7.15067354395,1.75215179554,0.76642205119,2.32592130346,0.569927736611,0.316806873098,0.579945114934,0.437917739848,2,1.32432432432,0.579945114934,2,0.0126977808667,0.00882352941176,5,0.000643500643501,0.333055907592,37,37,37,1,0,0.72972972973,0.216216216216,0.0540540540541,37,155,0.116366366366,1.41351351351,8.37837837838,14.0909090909,4.30555555556,5.96448447689,0.711890082726,0.356233653008,7.18732618278,1.7156843146,0.75989537925,2.18375107757,0.52128251529,0.289102005231,0.744670755794,0.526822523219,3,1.41351351351,0.744670755794,3,0.0399847658362,0.0134529147982,8,0.0010296010296,0.276944732474,37,37,37,1,0,0.702702702703,0.27027027027,0.027027027027,-61,-0.0457957957958,0.0891891891892,-3.2972972973,-7.50909090909,-1.69444444444,-2.23461457271,0.00965243264385,0.0461735929478,-3.14201044622,-0.0536927931465,-0.00536988601505,-0.903080393138,-0.0074802829326,0.0363492524783,0.164725640859,0.0889047833709,1,0.0891891891892,0.164725640859,1,0.027814639666,0.00748021855247,1,0.0001287001287,-0.344251848722,-0.027027027027,0.027027027027,0,154,1,62,1115,0.712962962963,0.999103942652,0.00089605734767,0.287037037037,0.993548387097,0.712962962963,0.830188679245,0.818513212309,0.712066905615,0.709677419355,4,65,0,0,0,0
2963,WLNM_dir_neg,0.970650887574,0.753542795233,00:00:03,10,70,30,1236970054,threshold_sweep,0.2,0.75,0.0461538461538,0.0869565217391,3,1,62,129,0.0461538461538,0.992307692308,0.00769230769231,0.953846153846,0.75,0.0461538461538,0.0869565217391,0.676923076923,0.659829059829,0.0502512562814,0.127911127524,0.0384615384615,216,151,65,0,216,0,151,0,65,37,216,0.162162162162,1.32432432432,11.6756756757,21.6,6,8.1990990496,0.702237650082,0.31006006006,10.329336629,1.76937710775,0.765265265265,3.0868314707,0.528762798222,0.252752752753,0.579945114934,0.437917739848,2,1.32432432432,0.579945114934,2,0.0121701261701,0.00597269624573,7,0.000900900900901,0.621196581197,37,37,37,1,0,0.72972972973,0.243243243243,0.027027027027,37,0.113363363363,1.32432432432,8.16216216216,15.1,4.31428571429,5.86189916852,0.718179699454,0.355110076964,7.15067354395,1.75215179554,0.76642205119,2.32592130346,0.569927736611,0.316806873098,0.579945114934,0.437917739848,2,1.32432432432,0.579945114934,2,0.0126977808667,0.00882352941176,5,0.000643500643501,0.333055907592,37,37,37,1,0,0.72972972973,0.216216216216,0.0540540540541,37,155,0.116366366366,1.41351351351,8.37837837838,14.0909090909,4.30555555556,5.96448447689,0.711890082726,0.356233653008,7.18732618278,1.7156843146,0.75989537925,2.18375107757,0.52128251529,0.289102005231,0.744670755794,0.526822523219,3,1.41351351351,0.744670755794,3,0.0399847658362,0.0134529147982,8,0.0010296010296,0.276944732474,37,37,37,1,0,0.702702702703,0.27027027027,0.027027027027,-61,-0.0457957957958,0.0891891891892,-3.2972972973,-7.50909090909,-1.69444444444,-2.23461457271,0.00965243264385,0.0461735929478,-3.14201044622,-0.0536927931465,-0.00536988601505,-0.903080393138,-0.0074802829326,0.0363492524783,0.164725640859,0.0889047833709,1,0.0891891891892,0.164725640859,1,0.027814639666,0.00748021855247,1,0.0001287001287,-0.344251848722,-0.027027027027,0.027027027027,0,154,1,62,1115,0.712962962963,0.999103942652,0.00089605734767,0.287037037037,0.993548387097,0.712962962963,0.830188679245,0.818513212309,0.712066905615,0.709677419355,4,65,0,0,0,0
2964,WLNM_dir_neg,0.970650887574,0.753542795233,00:00:03,10,70,30,1236970054,threshold_sweep,0.3,0.75,0.0461538461538,0.0869565217391,3,1,62,129,0.0461538461538,0.992307692308,0.00769230769231,0.953846153846,0.75,0.0461538461538,0.0869565217391,0.676923076923,0.659829059829,0.0502512562814,0.127911127524,0.0384615384615,216,151,65,0,216,0,151,0,65,37,216,0.162162162162,1.32432432432,11.6756756757,21.6,6,8.1990990496,0.702237650082,0.31006006006,10.329336629,1.76937710775,0.765265265265,3.0868314707,0.528762798222,0.252752752753,0.579945114934,0.437917739848,2,1.32432432432,0.579945114934,2,0.0121701261701,0.00597269624573,7,0.000900900900901,0.621196581197,37,37,37,1,0,0.72972972973,0.243243243243,0.027027027027,37,0.113363363363,1.32432432432,8.16216216216,15.1,4.31428571429,5.86189916852,0.718179699454,0.355110076964,7.15067354395,1.75215179554,0.76642205119,2.32592130346,0.569927736611,0.316806873098,0.579945114934,0.437917739848,2,1.32432432432,0.579945114934,2,0.0126977808667,0.00882352941176,5,0.000643500643501,0.333055907592,37,37,37,1,0,0.72972972973,0.216216216216,0.0540540540541,37,155,0.116366366366,1.41351351351,8.37837837838,14.0909090909,4.30555555556,5.96448447689,0.711890082726,0.356233653008,7.18732618278,1.7156843146,0.75989537925,2.18375107757,0.52128251529,0.289102005231,0.744670755794,0.526822523219,3,1.41351351351,0.744670755794,3,0.0399847658362,0.0134529147982,8,0.0010296010296,0.276944732474,37,37,37,1,0,0.702702702703,0.27027027027,0.027027027027,-61,-0.0457957957958,0.0891891891892,-3.2972972973,-7.50909090909,-1.69444444444,-2.23461457271,0.00965243264385,0.0461735929478,-3.14201044622,-0.0536927931465,-0.00536988601505,-0.903080393138,-0.0074802829326,0.0363492524783,0.164725640859,0.0889047833709,1,0.0891891891892,0.164725640859,1,0.027814639666,0.00748021855247,1,0.0001287001287,-0.344251848722,-0.027027027027,0.027027027027,0,154,1,62,1115,0.712962962963,0.999103942652,0.00089605734767,0.287037037037,0.993548387097,0.712962962963,0.830188679245,0.818513212309,0.712066905615,0.709677419355,4,65,0,0,0,0
2965,WLNM_dir_neg,0.970650887574,0.753542795233,00:00:03,10,70,30,1236970054,threshold_sweep,0.4,0.75,0.0461538461538,0.0869565217391,3,1,62,129,0.0461538461538,0.992307692308,0.00769230769231,0.953846153846,0.75,0.0461538461538,0.0869565217391,0.676923076923,0.659829059829,0.0502512562814,0.127911127524,0.0384615384615,216,151,65,0,216,0,151,0,65,37,216,0.162162162162,1.32432432432,11.6756756757,21.6,6,8.1990990496,0.702237650082,0.31006006006,10.329336629,1.76937710775,0.765265265265,3.0868314707,0.528762798222,0.252752752753,0.579945114934,0.437917739848,2,1.32432432432,0.579945114934,2,0.0121701261701,0.00597269624573,7,0.000900900900901,0.621196581197,37,37,37,1,0,0.72972972973,0.243243243243,0.027027027027,37,0.113363363363,1.32432432432,8.16216216216,15.1,4.31428571429,5.86189916852,0.718179699454,0.355110076964,7.15067354395,1.75215179554,0.76642205119,2.32592130346,0.569927736611,0.316806873098,0.579945114934,0.437917739848,2,1.32432432432,0.579945114934,2,0.0126977808667,0.00882352941176,5,0.000643500643501,0.333055907592,37,37,37,1,0,0.72972972973,0.216216216216,0.0540540540541,37,155,0.116366366366,1.41351351351,8.37837837838,14.0909090909,4.30555555556,5.96448447689,0.711890082726,0.356233653008,7.18732618278,1.7156843146,0.75989537925,2.18375107757,0.52128251529,0.289102005231,0.744670755794,0.526822523219,3,1.41351351351,0.744670755794,3,0.0399847658362,0.0134529147982,8,0.0010296010296,0.276944732474,37,37,37,1,0,0.702702702703,0.27027027027,0.027027027027,-61,-0.0457957957958,0.0891891891892,-3.2972972973,-7.50909090909,-1.69444444444,-2.23461457271,0.00965243264385,0.0461735929478,-3.14201044622,-0.0536927931465,-0.00536988601505,-0.903080393138,-0.0074802829326,0.0363492524783,0.164725640859,0.0889047833709,1,0.0891891891892,0.164725640859,1,0.027814639666,0.00748021855247,1,0.0001287001287,-0.344251848722,-0.027027027027,0.027027027027,0,154,1,62,1115,0.712962962963,0.999103942652,0.00089605734767,0.287037037037,0.993548387097,0.712962962963,0.830188679245,0.818513212309,0.712066905615,0.709677419355,4,65,0,0,0,0
2966,WLNM_dir_neg,0.970650887574,0.753542795233,00:00:03,10,70,30,1236970054,threshold_sweep,0.5,0.75,0.0461538461538,0.0869565217391,3,1,62,129,0.0461538461538,0.992307692308,0.00769230769231,0.953846153846,0.75,0.0461538461538,0.0869565217391,0.676923076923,0.659829059829,0.0502512562814,0.127911127524,0.0384615384615,216,151,65,0,216,0,151,0,65,37,216,0.162162162162,1.32432432432,11.6756756757,21.6,6,8.1990990496,0.702237650082,0.31006006006,10.329336629,1.76937710775,0.765265265265,3.0868314707,0.528762798222,0.252752752753,0.579945114934,0.437917739848,2,1.32432432432,0.579945114934,2,0.0121701261701,0.00597269624573,7,0.000900900900901,0.621196581197,37,37,37,1,0,0.72972972973,0.243243243243,0.027027027027,37,0.113363363363,1.32432432432,8.16216216216,15.1,4.31428571429,5.86189916852,0.718179699454,0.355110076964,7.15067354395,1.75215179554,0.76642205119,2.32592130346,0.569927736611,0.316806873098,0.579945114934,0.437917739848,2,1.32432432432,0.579945114934,2,0.0126977808667,0.00882352941176,5,0.000643500643501,0.333055907592,37,37,37,1,0,0.72972972973,0.216216216216,0.0540540540541,37,155,0.116366366366,1.41351351351,8.37837837838,14.0909090909,4.30555555556,5.96448447689,0.711890082726,0.356233653008,7.18732618278,1.7156843146,0.75989537925,2.18375107757,0.52128251529,0.289102005231,0.744670755794,0.526822523219,3,1.41351351351,0.744670755794,3,0.0399847658362,0.0134529147982,8,0.0010296010296,0.276944732474,37,37,37,1,0,0.702702702703,0.27027027027,0.027027027027,-61,-0.0457957957958,0.0891891891892,-3.2972972973,-7.50909090909,-1.69444444444,-2.23461457271,0.00965243264385,0.0461735929478,-3.14201044622,-0.0536927931465,-0.00536988601505,-0.903080393138,-0.0074802829326,0.0363492524783,0.164725640859,0.0889047833709,1,0.0891891891892,0.164725640859,1,0.027814639666,0.00748021855247,1,0.0001287001287,-0.344251848722,-0.027027027027,0.027027027027,0,154,1,62,1115,0.712962962963,0.999103942652,0.00089605734767,0.287037037037,0.993548387097,0.712962962963,0.830188679245,0.818513212309,0.712066905615,0.709677419355,4,65,0,0,0,0
2967,WLNM_dir_neg,0.970650887574,0.753542795233,00:00:03,10,70,30,1236970054,threshold_sweep,0.6,0.75,0.0461538461538,0.0869565217391,3,1,62,129,0.0461538461538,0.992307692308,0.00769230769231,0.953846153846,0.75,0.0461538461538,0.0869565217391,0.676923076923,0.659829059829,0.0502512562814,0.127911127524,0.0384615384615,216,151,65,0,216,0,151,0,65,37,216,0.162162162162,1.32432432432,11.6756756757,21.6,6,8.1990990496,0.702237650082,0.31006006006,10.329336629,1.76937710775,0.765265265265,3.0868314707,0.528762798222,0.252752752753,0.579945114934,0.437917739848,2,1.32432432432,0.579945114934,2,0.0121701261701,0.00597269624573,7,0.000900900900901,0.621196581197,37,37,37,1,0,0.72972972973,0.243243243243,0.027027027027,37,0.113363363363,1.32432432432,8.16216216216,15.1,4.31428571429,5.86189916852,0.718179699454,0.355110076964,7.15067354395,1.75215179554,0.76642205119,2.32592130346,0.569927736611,0.316806873098,0.579945114934,0.437917739848,2,1.32432432432,0.579945114934,2,0.0126977808667,0.00882352941176,5,0.000643500643501,0.333055907592,37,37,37,1,0,0.72972972973,0.216216216216,0.0540540540541,37,155,0.116366366366,1.41351351351,8.37837837838,14.0909090909,4.30555555556,5.96448447689,0.711890082726,0.356233653008,7.18732618278,1.7156843146,0.75989537925,2.18375107757,0.52128251529,0.289102005231,0.744670755794,0.526822523219,3,1.41351351351,0.744670755794,3,0.0399847658362,0.0134529147982,8,0.0010296010296,0.276944732474,37,37,37,1,0,0.702702702703,0.27027027027,0.027027027027,-61,-0.0457957957958,0.0891891891892,-3.2972972973,-7.50909090909,-1.69444444444,-2.23461457271,0.00965243264385,0.0461735929478,-3.14201044622,-0.0536927931465,-0.00536988601505,-0.903080393138,-0.0074802829326,0.0363492524783,0.164725640859,0.0889047833709,1,0.0891891891892,0.164725640859,1,0.027814639666,0.00748021855247,1,0.0001287001287,-0.344251848722,-0.027027027027,0.027027027027,0,154,1,62,1115,0.712962962963,0.999103942652,0.00089605734767,0.287037037037,0.993548387097,0.712962962963,0.830188679245,0.818513212309,0.712066905615,0.709677419355,4,65,0,0,0,0
2968,WLNM_dir_neg,0.970650887574,0.753542795233,00:00:03,10,70,30,1236970054,threshold_sweep,0.7,0.75,0.0461538461538,0.0869565217391,3,1,62,129,0.0461538461538,0.992307692308,0.00769230769231,0.953846153846,0.75,0.0461538461538,0.0869565217391,0.676923076923,0.659829059829,0.0502512562814,0.127911127524,0.0384615384615,216,151,65,0,216,0,151,0,65,37,216,0.162162162162,1.32432432432,11.6756756757,21.6,6,8.1990990496,0.702237650082,0.31006006006,10.329336629,1.76937710775,0.765265265265,3.0868314707,0.528762798222,0.252752752753,0.579945114934,0.437917739848,2,1.32432432432,0.579945114934,2,0.0121701261701,0.00597269624573,7,0.000900900900901,0.621196581197,37,37,37,1,0,0.72972972973,0.243243243243,0.027027027027,37,0.113363363363,1.32432432432,8.16216216216,15.1,4.31428571429,5.86189916852,0.718179699454,0.355110076964,7.15067354395,1.75215179554,0.76642205119,2.32592130346,0.569927736611,0.316806873098,0.579945114934,0.437917739848,2,1.32432432432,0.579945114934,2,0.0126977808667,0.00882352941176,5,0.000643500643501,0.333055907592,37,37,37,1,0,0.72972972973,0.216216216216,0.0540540540541,37,155,0.116366366366,1.41351351351,8.37837837838,14.0909090909,4.30555555556,5.96448447689,0.711890082726,0.356233653008,7.18732618278,1.7156843146,0.75989537925,2.18375107757,0.52128251529,0.289102005231,0.744670755794,0.526822523219,3,1.41351351351,0.744670755794,3,0.0399847658362,0.0134529147982,8,0.0010296010296,0.276944732474,37,37,37,1,0,0.702702702703,0.27027027027,0.027027027027,-61,-0.0457957957958,0.0891891891892,-3.2972972973,-7.50909090909,-1.69444444444,-2.23461457271,0.00965243264385,0.0461735929478,-3.14201044622,-0.0536927931465,-0.00536988601505,-0.903080393138,-0.0074802829326,0.0363492524783,0.164725640859,0.0889047833709,1,0.0891891891892,0.164725640859,1,0.027814639666,0.00748021855247,1,0.0001287001287,-0.344251848722,-0.027027027027,0.027027027027,0,154,1,62,1115,0.712962962963,0.999103942652,0.00089605734767,0.287037037037,0.993548387097,0.712962962963,0.830188679245,0.818513212309,0.712066905615,0.709677419355,4,65,0,0,0,0
2969,WLNM_dir_neg,0.970650887574,0.753542795233,00:00:03,10,70,30,1236970054,threshold_sweep,0.8,0.75,0.0461538461538,0.0869565217391,3,1,62,129,0.0461538461538,0.992307692308,0.00769230769231,0.953846153846,0.75,0.0461538461538,0.0869565217391,0.676923076923,0.659829059829,0.0502512562814,0.127911127524,0.0384615384615,216,151,65,0,216,0,151,0,65,37,216,0.162162162162,1.32432432432,11.6756756757,21.6,6,8.1990990496,0.702237650082,0.31006006006,10.329336629,1.76937710775,0.765265265265,3.0868314707,0.528762798222,0.252752752753,0.579945114934,0.437917739848,2,1.32432432432,0.579945114934,2,0.0121701261701,0.00597269624573,7,0.000900900900901,0.621196581197,37,37,37,1,0,0.72972972973,0.243243243243,0.027027027027,37,0.113363363363,1.32432432432,8.16216216216,15.1,4.31428571429,5.86189916852,0.718179699454,0.355110076964,7.15067354395,1.75215179554,0.76642205119,2.32592130346,0.569927736611,0.316806873098,0.579945114934,0.437917739848,2,1.32432432432,0.579945114934,2,0.0126977808667,0.00882352941176,5,0.000643500643501,0.333055907592,37,37,37,1,0,0.72972972973,0.216216216216,0.0540540540541,37,155,0.116366366366,1.41351351351,8.37837837838,14.0909090909,4.30555555556,5.96448447689,0.711890082726,0.356233653008,7.18732618278,1.7156843146,0.75989537925,2.18375107757,0.52128251529,0.289102005231,0.744670755794,0.526822523219,3,1.41351351351,0.744670755794,3,0.0399847658362,0.0134529147982,8,0.0010296010296,0.276944732474,37,37,37,1,0,0.702702702703,0.27027027027,0.027027027027,-61,-0.0457957957958,0.0891891891892,-3.2972972973,-7.50909090909,-1.69444444444,-2.23461457271,0.00965243264385,0.0461735929478,-3.14201044622,-0.0536927931465,-0.00536988601505,-0.903080393138,-0.0074802829326,0.0363492524783,0.164725640859,0.0889047833709,1,0.0891891891892,0.164725640859,1,0.027814639666,0.00748021855247,1,0.0001287001287,-0.344251848722,-0.027027027027,0.027027027027,0,154,1,62,1115,0.712962962963,0.999103942652,0.00089605734767,0.287037037037,0.993548387097,0.712962962963,0.830188679245,0.818513212309,0.712066905615,0.709677419355,4,65,0,0,0,0
2970,WLNM_dir_neg,0.970650887574,0.753542795233,00:00:03,10,70,30,1236970054,threshold_sweep,0.9,0.75,0.0461538461538,0.0869565217391,3,1,62,129,0.0461538461538,0.992307692308,0.00769230769231,0.953846153846,0.75,0.0461538461538,0.0869565217391,0.676923076923,0.659829059829,0.0502512562814,0.127911127524,0.0384615384615,216,151,65,0,216,0,151,0,65,37,216,0.162162162162,1.32432432432,11.6756756757,21.6,6,8.1990990496,0.702237650082,0.31006006006,10.329336629,1.76937710775,0.765265265265,3.0868314707,0.528762798222,0.252752752753,0.579945114934,0.437917739848,2,1.32432432432,0.579945114934,2,0.0121701261701,0.00597269624573,7,0.000900900900901,0.621196581197,37,37,37,1,0,0.72972972973,0.243243243243,0.027027027027,37,0.113363363363,1.32432432432,8.16216216216,15.1,4.31428571429,5.86189916852,0.718179699454,0.355110076964,7.15067354395,1.75215179554,0.76642205119,2.32592130346,0.569927736611,0.316806873098,0.579945114934,0.437917739848,2,1.32432432432,0.579945114934,2,0.0126977808667,0.00882352941176,5,0.000643500643501,0.333055907592,37,37,37,1,0,0.72972972973,0.216216216216,0.0540540540541,37,155,0.116366366366,1.41351351351,8.37837837838,14.0909090909,4.30555555556,5.96448447689,0.711890082726,0.356233653008,7.18732618278,1.7156843146,0.75989537925,2.18375107757,0.52128251529,0.289102005231,0.744670755794,0.526822523219,3,1.41351351351,0.744670755794,3,0.0399847658362,0.0134529147982,8,0.0010296010296,0.276944732474,37,37,37,1,0,0.702702702703,0.27027027027,0.027027027027,-61,-0.0457957957958,0.0891891891892,-3.2972972973,-7.50909090909,-1.69444444444,-2.23461457271,0.00965243264385,0.0461735929478,-3.14201044622,-0.0536927931465,-0.00536988601505,-0.903080393138,-0.0074802829326,0.0363492524783,0.164725640859,0.0889047833709,1,0.0891891891892,0.164725640859,1,0.027814639666,0.00748021855247,1,0.0001287001287,-0.344251848722,-0.027027027027,0.027027027027,0,154,1,62,1115,0.712962962963,0.999103942652,0.00089605734767,0.287037037037,0.993548387097,0.712962962963,0.830188679245,0.818513212309,0.712066905615,0.709677419355,4,65,0,0,0,0
2971,WLNM_dir_neg,0.992426035503,0.938712355383,00:00:02,10,70,31,1236970055,threshold_sweep,0.1,1,0.0461538461538,0.0882352941176,3,0,62,130,0.0461538461538,1,0,0.953846153846,1,0.0461538461538,0.0882352941176,0.682051282051,0.661538461538,0.0606060606061,0.176776695297,0.0461538461538,216,151,65,0,216,0,151,0,65,37,216,0.162162162162,1.32432432432,11.6756756757,21.6,6,8.1990990496,0.702237650082,0.31006006006,10.329336629,1.76937710775,0.765265265265,3.0868314707,0.528762798222,0.252752752753,0.579945114934,0.437917739848,2,1.32432432432,0.579945114934,2,0.0121701261701,0.00597269624573,7,0.000900900900901,0.621196581197,37,37,37,1,0,0.72972972973,0.243243243243,0.027027027027,37,0.113363363363,1.32432432432,8.16216216216,15.1,4.19444444444,5.88082341888,0.720498233439,0.34991945588,7.31580624545,1.79261477538,0.778951136567,2.34968530255,0.575750703274,0.317880794702,0.579945114934,0.437917739848,2,1.32432432432,0.579945114934,2,0.0069387755102,0.00352112676056,2,0.0002574002574,0.323605705084,37,37,37,1,0,0.72972972973,0.243243243243,0.027027027027,37,154,0.115615615616,1.32432432432,8.32432432432,15.4,4.27777777778,6.02796286786,0.724138396464,0.355738855739,7.36551089543,1.76963573462,0.774306774307,2.25479136154,0.541735586864,0.301158301158,0.579945114934,0.437917739848,2,1.32432432432,0.579945114934,2,0.0136311015634,0.00841750841751,5,0.000643500643501,0.330272371751,37,37,37,1,0,0.72972972973,0.243243243243,0.027027027027,-62,-0.0465465465465,0,-3.35135135135,-6.2,-1.72222222222,-2.17113618174,0.0219007463822,0.0456787956788,-2.96382573357,0.000258626871837,0.00904150904151,-0.832040109162,0.0129727886415,0.0484055484055,0,0,0,0,0,0,0.00146097539331,0.00244481217177,-2,-0.0002574002574,-0.290924209446,0,0,0,154,0,62,1116,0.712962962963,1,0,0.287037037037,1,0.712962962963,0.832432432432,0.821850714237,0.712962962963,0.712962962963,3,65,0,0,0,0
2972,WLNM_dir_neg,0.992426035503,0.938712355383,00:00:02,10,70,31,1236970055,threshold_sweep,0.2,1,0.0461538461538,0.0882352941176,3,0,62,130,0.0461538461538,1,0,0.953846153846,1,0.0461538461538,0.0882352941176,0.682051282051,0.661538461538,0.0606060606061,0.176776695297,0.0461538461538,216,151,65,0,216,0,151,0,65,37,216,0.162162162162,1.32432432432,11.6756756757,21.6,6,8.1990990496,0.702237650082,0.31006006006,10.329336629,1.76937710775,0.765265265265,3.0868314707,0.528762798222,0.252752752753,0.579945114934,0.437917739848,2,1.32432432432,0.579945114934,2,0.0121701261701,0.00597269624573,7,0.000900900900901,0.621196581197,37,37,37,1,0,0.72972972973,0.243243243243,0.027027027027,37,0.113363363363,1.32432432432,8.16216216216,15.1,4.19444444444,5.88082341888,0.720498233439,0.34991945588,7.31580624545,1.79261477538,0.778951136567,2.34968530255,0.575750703274,0.317880794702,0.579945114934,0.437917739848,2,1.32432432432,0.579945114934,2,0.0069387755102,0.00352112676056,2,0.0002574002574,0.323605705084,37,37,37,1,0,0.72972972973,0.243243243243,0.027027027027,37,154,0.115615615616,1.32432432432,8.32432432432,15.4,4.27777777778,6.02796286786,0.724138396464,0.355738855739,7.36551089543,1.76963573462,0.774306774307,2.25479136154,0.541735586864,0.301158301158,0.579945114934,0.437917739848,2,1.32432432432,0.579945114934,2,0.0136311015634,0.00841750841751,5,0.000643500643501,0.330272371751,37,37,37,1,0,0.72972972973,0.243243243243,0.027027027027,-62,-0.0465465465465,0,-3.35135135135,-6.2,-1.72222222222,-2.17113618174,0.0219007463822,0.0456787956788,-2.96382573357,0.000258626871837,0.00904150904151,-0.832040109162,0.0129727886415,0.0484055484055,0,0,0,0,0,0,0.00146097539331,0.00244481217177,-2,-0.0002574002574,-0.290924209446,0,0,0,154,0,62,1116,0.712962962963,1,0,0.287037037037,1,0.712962962963,0.832432432432,0.821850714237,0.712962962963,0.712962962963,3,65,0,0,0,0
2973,WLNM_dir_neg,0.992426035503,0.938712355383,00:00:02,10,70,31,1236970055,threshold_sweep,0.3,1,0.0461538461538,0.0882352941176,3,0,62,130,0.0461538461538,1,0,0.953846153846,1,0.0461538461538,0.0882352941176,0.682051282051,0.661538461538,0.0606060606061,0.176776695297,0.0461538461538,216,151,65,0,216,0,151,0,65,37,216,0.162162162162,1.32432432432,11.6756756757,21.6,6,8.1990990496,0.702237650082,0.31006006006,10.329336629,1.76937710775,0.765265265265,3.0868314707,0.528762798222,0.252752752753,0.579945114934,0.437917739848,2,1.32432432432,0.579945114934,2,0.0121701261701,0.00597269624573,7,0.000900900900901,0.621196581197,37,37,37,1,0,0.72972972973,0.243243243243,0.027027027027,37,0.113363363363,1.32432432432,8.16216216216,15.1,4.19444444444,5.88082341888,0.720498233439,0.34991945588,7.31580624545,1.79261477538,0.778951136567,2.34968530255,0.575750703274,0.317880794702,0.579945114934,0.437917739848,2,1.32432432432,0.579945114934,2,0.0069387755102,0.00352112676056,2,0.0002574002574,0.323605705084,37,37,37,1,0,0.72972972973,0.243243243243,0.027027027027,37,154,0.115615615616,1.32432432432,8.32432432432,15.4,4.27777777778,6.02796286786,0.724138396464,0.355738855739,7.36551089543,1.76963573462,0.774306774307,2.25479136154,0.541735586864,0.301158301158,0.579945114934,0.437917739848,2,1.32432432432,0.579945114934,2,0.0136311015634,0.00841750841751,5,0.000643500643501,0.330272371751,37,37,37,1,0,0.72972972973,0.243243243243,0.027027027027,-62,-0.0465465465465,0,-3.35135135135,-6.2,-1.72222222222,-2.17113618174,0.0219007463822,0.0456787956788,-2.96382573357,0.000258626871837,0.00904150904151,-0.832040109162,0.0129727886415,0.0484055484055,0,0,0,0,0,0,0.00146097539331,0.00244481217177,-2,-0.0002574002574,-0.290924209446,0,0,0,154,0,62,1116,0.712962962963,1,0,0.287037037037,1,0.712962962963,0.832432432432,0.821850714237,0.712962962963,0.712962962963,3,65,0,0,0,0
2974,WLNM_dir_neg,0.992426035503,0.938712355383,00:00:02,10,70,31,1236970055,threshold_sweep,0.4,0,0,0,0,0,65,130,0,1,0,1,0,0,0,0.666666666667,0.666666666667,0,0,0,216,151,65,0,216,0,151,0,65,37,216,0.162162162162,1.32432432432,11.6756756757,21.6,6,8.1990990496,0.702237650082,0.31006006006,10.329336629,1.76937710775,0.765265265265,3.0868314707,0.528762798222,0.252752752753,0.579945114934,0.437917739848,2,1.32432432432,0.579945114934,2,0.0121701261701,0.00597269624573,7,0.000900900900901,0.621196581197,37,37,37,1,0,0.72972972973,0.243243243243,0.027027027027,37,0.113363363363,1.32432432432,8.16216216216,15.1,4.19444444444,5.88082341888,0.720498233439,0.34991945588,7.31580624545,1.79261477538,0.778951136567,2.34968530255,0.575750703274,0.317880794702,0.579945114934,0.437917739848,2,1.32432432432,0.579945114934,2,0.0069387755102,0.00352112676056,2,0.0002574002574,0.323605705084,37,37,37,1,0,0.72972972973,0.243243243243,0.027027027027,37,151,0.113363363363,1.32432432432,8.16216216216,15.1,4.19444444444,5.88082341888,0.720498233439,0.34991945588,7.31580624545,1.79261477538,0.778951136567,2.34968530255,0.575750703274,0.317880794702,0.579945114934,0.437917739848,2,1.32432432432,0.579945114934,2,0.0069387755102,0.00352112676056,2,0.0002574002574,0.323605705084,37,37,37,1,0,0.72972972973,0.243243243243,0.027027027027,-65,-0.0487987987988,0,-3.51351351351,-6.5,-1.80555555556,-2.31827563072,0.0182605833575,0.0398593958197,-3.01353038355,0.0232376676308,0.0136858713018,-0.737146168154,0.0469879050515,0.0651280419492,0,0,0,0,0,0,-0.00523135065992,-0.00245156948517,-5,-0.000643500643501,-0.297590876113,0,0,0,151,0,65,1116,0.699074074074,1,0,0.300925925926,1,0.699074074074,0.822888283379,0.812772023983,0.699074074074,0.699074074074,0,65,0,0,0,0
2975,WLNM_dir_neg,0.992426035503,0.938712355383,00:00:02,10,70,31,1236970055,threshold_sweep,0.5,0,0,0,0,0,65,130,0,1,0,1,0,0,0,0.666666666667,0.666666666667,0,0,0,216,151,65,0,216,0,151,0,65,37,216,0.162162162162,1.32432432432,11.6756756757,21.6,6,8.1990990496,0.702237650082,0.31006006006,10.329336629,1.76937710775,0.765265265265,3.0868314707,0.528762798222,0.252752752753,0.579945114934,0.437917739848,2,1.32432432432,0.579945114934,2,0.0121701261701,0.00597269624573,7,0.000900900900901,0.621196581197,37,37,37,1,0,0.72972972973,0.243243243243,0.027027027027,37,0.113363363363,1.32432432432,8.16216216216,15.1,4.19444444444,5.88082341888,0.720498233439,0.34991945588,7.31580624545,1.79261477538,0.778951136567,2.34968530255,0.575750703274,0.317880794702,0.579945114934,0.437917739848,2,1.32432432432,0.579945114934,2,0.0069387755102,0.00352112676056,2,0.0002574002574,0.323605705084,37,37,37,1,0,0.72972972973,0.243243243243,0.027027027027,37,151,0.113363363363,1.32432432432,8.16216216216,15.1,4.19444444444,5.88082341888,0.720498233439,0.34991945588,7.31580624545,1.79261477538,0.778951136567,2.34968530255,0.575750703274,0.317880794702,0.579945114934,0.437917739848,2,1.32432432432,0.579945114934,2,0.0069387755102,0.00352112676056,2,0.0002574002574,0.323605705084,37,37,37,1,0,0.72972972973,0.243243243243,0.027027027027,-65,-0.0487987987988,0,-3.51351351351,-6.5,-1.80555555556,-2.31827563072,0.0182605833575,0.0398593958197,-3.01353038355,0.0232376676308,0.0136858713018,-0.737146168154,0.0469879050515,0.0651280419492,0,0,0,0,0,0,-0.00523135065992,-0.00245156948517,-5,-0.000643500643501,-0.297590876113,0,0,0,151,0,65,1116,0.699074074074,1,0,0.300925925926,1,0.699074074074,0.822888283379,0.812772023983,0.699074074074,0.699074074074,0,65,0,0,0,0
2976,WLNM_dir_neg,0.992426035503,0.938712355383,00:00:02,10,70,31,1236970055,threshold_sweep,0.6,0,0,0,0,0,65,130,0,1,0,1,0,0,0,0.666666666667,0.666666666667,0,0,0,216,151,65,0,216,0,151,0,65,37,216,0.162162162162,1.32432432432,11.6756756757,21.6,6,8.1990990496,0.702237650082,0.31006006006,10.329336629,1.76937710775,0.765265265265,3.0868314707,0.528762798222,0.252752752753,0.579945114934,0.437917739848,2,1.32432432432,0.579945114934,2,0.0121701261701,0.00597269624573,7,0.000900900900901,0.621196581197,37,37,37,1,0,0.72972972973,0.243243243243,0.027027027027,37,0.113363363363,1.32432432432,8.16216216216,15.1,4.19444444444,5.88082341888,0.720498233439,0.34991945588,7.31580624545,1.79261477538,0.778951136567,2.34968530255,0.575750703274,0.317880794702,0.579945114934,0.437917739848,2,1.32432432432,0.579945114934,2,0.0069387755102,0.00352112676056,2,0.0002574002574,0.323605705084,37,37,37,1,0,0.72972972973,0.243243243243,0.027027027027,37,151,0.113363363363,1.32432432432,8.16216216216,15.1,4.19444444444,5.88082341888,0.720498233439,0.34991945588,7.31580624545,1.79261477538,0.778951136567,2.34968530255,0.575750703274,0.317880794702,0.579945114934,0.437917739848,2,1.32432432432,0.579945114934,2,0.0069387755102,0.00352112676056,2,0.0002574002574,0.323605705084,37,37,37,1,0,0.72972972973,0.243243243243,0.027027027027,-65,-0.0487987987988,0,-3.51351351351,-6.5,-1.80555555556,-2.31827563072,0.0182605833575,0.0398593958197,-3.01353038355,0.0232376676308,0.0136858713018,-0.737146168154,0.0469879050515,0.0651280419492,0,0,0,0,0,0,-0.00523135065992,-0.00245156948517,-5,-0.000643500643501,-0.297590876113,0,0,0,151,0,65,1116,0.699074074074,1,0,0.300925925926,1,0.699074074074,0.822888283379,0.812772023983,0.699074074074,0.699074074074,0,65,0,0,0,0
2977,WLNM_dir_neg,0.992426035503,0.938712355383,00:00:02,10,70,31,1236970055,threshold_sweep,0.7,0,0,0,0,0,65,130,0,1,0,1,0,0,0,0.666666666667,0.666666666667,0,0,0,216,151,65,0,216,0,151,0,65,37,216,0.162162162162,1.32432432432,11.6756756757,21.6,6,8.1990990496,0.702237650082,0.31006006006,10.329336629,1.76937710775,0.765265265265,3.0868314707,0.528762798222,0.252752752753,0.579945114934,0.437917739848,2,1.32432432432,0.579945114934,2,0.0121701261701,0.00597269624573,7,0.000900900900901,0.621196581197,37,37,37,1,0,0.72972972973,0.243243243243,0.027027027027,37,0.113363363363,1.32432432432,8.16216216216,15.1,4.19444444444,5.88082341888,0.720498233439,0.34991945588,7.31580624545,1.79261477538,0.778951136567,2.34968530255,0.575750703274,0.317880794702,0.579945114934,0.437917739848,2,1.32432432432,0.579945114934,2,0.0069387755102,0.00352112676056,2,0.0002574002574,0.323605705084,37,37,37,1,0,0.72972972973,0.243243243243,0.027027027027,37,151,0.113363363363,1.32432432432,8.16216216216,15.1,4.19444444444,5.88082341888,0.720498233439,0.34991945588,7.31580624545,1.79261477538,0.778951136567,2.34968530255,0.575750703274,0.317880794702,0.579945114934,0.437917739848,2,1.32432432432,0.579945114934,2,0.0069387755102,0.00352112676056,2,0.0002574002574,0.323605705084,37,37,37,1,0,0.72972972973,0.243243243243,0.027027027027,-65,-0.0487987987988,0,-3.51351351351,-6.5,-1.80555555556,-2.31827563072,0.0182605833575,0.0398593958197,-3.01353038355,0.0232376676308,0.0136858713018,-0.737146168154,0.0469879050515,0.0651280419492,0,0,0,0,0,0,-0.00523135065992,-0.00245156948517,-5,-0.000643500643501,-0.297590876113,0,0,0,151,0,65,1116,0.699074074074,1,0,0.300925925926,1,0.699074074074,0.822888283379,0.812772023983,0.699074074074,0.699074074074,0,65,0,0,0,0
2978,WLNM_dir_neg,0.992426035503,0.938712355383,00:00:02,10,70,31,1236970055,threshold_sweep,0.8,0,0,0,0,0,65,130,0,1,0,1,0,0,0,0.666666666667,0.666666666667,0,0,0,216,151,65,0,216,0,151,0,65,37,216,0.162162162162,1.32432432432,11.6756756757,21.6,6,8.1990990496,0.702237650082,0.31006006006,10.329336629,1.76937710775,0.765265265265,3.0868314707,0.528762798222,0.252752752753,0.579945114934,0.437917739848,2,1.32432432432,0.579945114934,2,0.0121701261701,0.00597269624573,7,0.000900900900901,0.621196581197,37,37,37,1,0,0.72972972973,0.243243243243,0.027027027027,37,0.113363363363,1.32432432432,8.16216216216,15.1,4.19444444444,5.88082341888,0.720498233439,0.34991945588,7.31580624545,1.79261477538,0.778951136567,2.34968530255,0.575750703274,0.317880794702,0.579945114934,0.437917739848,2,1.32432432432,0.579945114934,2,0.0069387755102,0.00352112676056,2,0.0002574002574,0.323605705084,37,37,37,1,0,0.72972972973,0.243243243243,0.027027027027,37,151,0.113363363363,1.32432432432,8.16216216216,15.1,4.19444444444,5.88082341888,0.720498233439,0.34991945588,7.31580624545,1.79261477538,0.778951136567,2.34968530255,0.575750703274,0.317880794702,0.579945114934,0.437917739848,2,1.32432432432,0.579945114934,2,0.0069387755102,0.00352112676056,2,0.0002574002574,0.323605705084,37,37,37,1,0,0.72972972973,0.243243243243,0.027027027027,-65,-0.0487987987988,0,-3.51351351351,-6.5,-1.80555555556,-2.31827563072,0.0182605833575,0.0398593958197,-3.01353038355,0.0232376676308,0.0136858713018,-0.737146168154,0.0469879050515,0.0651280419492,0,0,0,0,0,0,-0.00523135065992,-0.00245156948517,-5,-0.000643500643501,-0.297590876113,0,0,0,151,0,65,1116,0.699074074074,1,0,0.300925925926,1,0.699074074074,0.822888283379,0.812772023983,0.699074074074,0.699074074074,0,65,0,0,0,0
2979,WLNM_dir_neg,0.992426035503,0.938712355383,00:00:02,10,70,31,1236970055,threshold_sweep,0.9,0,0,0,0,0,65,130,0,1,0,1,0,0,0,0.666666666667,0.666666666667,0,0,0,216,151,65,0,216,0,151,0,65,37,216,0.162162162162,1.32432432432,11.6756756757,21.6,6,8.1990990496,0.702237650082,0.31006006006,10.329336629,1.76937710775,0.765265265265,3.0868314707,0.528762798222,0.252752752753,0.579945114934,0.437917739848,2,1.32432432432,0.579945114934,2,0.0121701261701,0.00597269624573,7,0.000900900900901,0.621196581197,37,37,37,1,0,0.72972972973,0.243243243243,0.027027027027,37,0.113363363363,1.32432432432,8.16216216216,15.1,4.19444444444,5.88082341888,0.720498233439,0.34991945588,7.31580624545,1.79261477538,0.778951136567,2.34968530255,0.575750703274,0.317880794702,0.579945114934,0.437917739848,2,1.32432432432,0.579945114934,2,0.0069387755102,0.00352112676056,2,0.0002574002574,0.323605705084,37,37,37,1,0,0.72972972973,0.243243243243,0.027027027027,37,151,0.113363363363,1.32432432432,8.16216216216,15.1,4.19444444444,5.88082341888,0.720498233439,0.34991945588,7.31580624545,1.79261477538,0.778951136567,2.34968530255,0.575750703274,0.317880794702,0.579945114934,0.437917739848,2,1.32432432432,0.579945114934,2,0.0069387755102,0.00352112676056,2,0.0002574002574,0.323605705084,37,37,37,1,0,0.72972972973,0.243243243243,0.027027027027,-65,-0.0487987987988,0,-3.51351351351,-6.5,-1.80555555556,-2.31827563072,0.0182605833575,0.0398593958197,-3.01353038355,0.0232376676308,0.0136858713018,-0.737146168154,0.0469879050515,0.0651280419492,0,0,0,0,0,0,-0.00523135065992,-0.00245156948517,-5,-0.000643500643501,-0.297590876113,0,0,0,151,0,65,1116,0.699074074074,1,0,0.300925925926,1,0.699074074074,0.822888283379,0.812772023983,0.699074074074,0.699074074074,0,65,0,0,0,0
2980,WLNM_dir_neg,0.981715976331,0.855362318841,00:00:02,10,70,32,1236970056,threshold_sweep,0.1,0.8,0.0615384615385,0.114285714286,4,1,61,129,0.0615384615385,0.992307692308,0.00769230769231,0.938461538462,0.8,0.0615384615385,0.114285714286,0.682051282051,0.65811965812,0.07,0.160591013709,0.0538461538462,216,151,65,0,216,0,151,0,65,37,216,0.162162162162,1.32432432432,11.6756756757,21.6,6,8.1990990496,0.702237650082,0.31006006006,10.329336629,1.76937710775,0.765265265265,3.0868314707,0.528762798222,0.252752752753,0.579945114934,0.437917739848,2,1.32432432432,0.579945114934,2,0.0121701261701,0.00597269624573,7,0.000900900900901,0.621196581197,37,37,37,1,0,0.72972972973,0.243243243243,0.027027027027,37,0.113363363363,1.32432432432,8.16216216216,15.1,4.44117647059,5.89497673878,0.722232249453,0.357973867908,7.23946889695,1.77390959727,0.773223554681,2.40806951702,0.590056769071,0.330409880079,0.579945114934,0.437917739848,2,1.32432432432,0.579945114934,2,0.0155018498628,0.00878734622144,5,0.000643500643501,0.342470408818,37,37,37,1,0,0.72972972973,0.189189189189,0.0810810810811,37,156,0.117117117117,1.41351351351,8.43243243243,14.1818181818,4.33333333333,6.03941010981,0.716212096356,0.359840609841,7.27680918755,1.72590987141,0.76437976438,2.22529817147,0.527795079131,0.294871794872,0.744670755794,0.526822523219,3,1.41351351351,0.744670755794,3,0.0400770785897,0.0132158590308,8,0.0010296010296,0.283384879942,37,37,37,1,0,0.702702702703,0.27027027027,0.027027027027,-60,-0.045045045045,0.0891891891892,-3.24324324324,-7.41818181818,-1.66666666667,-2.15968893979,0.0139744462738,0.0497805497805,-3.05252744145,-0.0434672363402,-0.000885500885501,-0.861533299233,-0.000967719091512,0.042119042119,0.164725640859,0.0889047833709,1,0.0891891891892,0.164725640859,1,0.0279069524196,0.0072431627851,1,0.0001287001287,-0.337811701254,-0.027027027027,0.027027027027,0,155,1,61,1115,0.717592592593,0.999103942652,0.00089605734767,0.282407407407,0.99358974359,0.717592592593,0.833333333333,0.821539251101,0.716696535245,0.714285714286,5,65,0,0,0,0
2981,WLNM_dir_neg,0.981715976331,0.855362318841,00:00:02,10,70,32,1236970056,threshold_sweep,0.2,0.666666666667,0.0307692307692,0.0588235294118,2,1,63,129,0.0307692307692,0.992307692308,0.00769230769231,0.969230769231,0.666666666667,0.0307692307692,0.0588235294118,0.671794871795,0.661538461538,0.030303030303,0.0883883476483,0.0230769230769,216,151,65,0,216,0,151,0,65,37,216,0.162162162162,1.32432432432,11.6756756757,21.6,6,8.1990990496,0.702237650082,0.31006006006,10.329336629,1.76937710775,0.765265265265,3.0868314707,0.528762798222,0.252752752753,0.579945114934,0.437917739848,2,1.32432432432,0.579945114934,2,0.0121701261701,0.00597269624573,7,0.000900900900901,0.621196581197,37,37,37,1,0,0.72972972973,0.243243243243,0.027027027027,37,0.113363363363,1.32432432432,8.16216216216,15.1,4.44117647059,5.89497673878,0.722232249453,0.357973867908,7.23946889695,1.77390959727,0.773223554681,2.40806951702,0.590056769071,0.330409880079,0.579945114934,0.437917739848,2,1.32432432432,0.579945114934,2,0.0155018498628,0.00878734622144,5,0.000643500643501,0.342470408818,37,37,37,1,0,0.72972972973,0.189189189189,0.0810810810811,37,154,0.115615615616,1.41554054054,8.32432432432,14,4.4,5.94443742808,0.71410449623,0.356616356616,7.23998739069,1.73947748997,0.767286767287,2.30354212167,0.55344843183,0.309582309582,0.750031280629,0.529855033571,3,1.41554054054,0.750031280629,3,0.0411073981249,0.0119047619048,7,0.000900900900901,0.283233364791,37,37,37,1,0,0.702702702703,0.243243243243,0.0540540540541,-62,-0.0465465465465,0.0912162162162,-3.35135135135,-7.6,-1.6,-2.25466162153,0.0118668461483,0.0465562965563,-3.08934923831,-0.0298996177732,0.0020215020215,-0.783289349034,0.0246856336073,0.0568295568296,0.170086165695,0.0919372937224,1,0.0912162162162,0.170086165695,1,0.0289372719548,0.00593206565903,0,0,-0.337963216406,-0.027027027027,0,0.027027027027,153,1,63,1115,0.708333333333,0.999103942652,0.00089605734767,0.291666666667,0.993506493506,0.708333333333,0.827027027027,0.815481112974,0.707437275986,0.705069124424,3,65,0,0,0,0
2982,WLNM_dir_neg,0.981715976331,0.855362318841,00:00:02,10,70,32,1236970056,threshold_sweep,0.3,0.666666666667,0.0307692307692,0.0588235294118,2,1,63,129,0.0307692307692,0.992307692308,0.00769230769231,0.969230769231,0.666666666667,0.0307692307692,0.0588235294118,0.671794871795,0.661538461538,0.030303030303,0.0883883476483,0.0230769230769,216,151,65,0,216,0,151,0,65,37,216,0.162162162162,1.32432432432,11.6756756757,21.6,6,8.1990990496,0.702237650082,0.31006006006,10.329336629,1.76937710775,0.765265265265,3.0868314707,0.528762798222,0.252752752753,0.579945114934,0.437917739848,2,1.32432432432,0.579945114934,2,0.0121701261701,0.00597269624573,7,0.000900900900901,0.621196581197,37,37,37,1,0,0.72972972973,0.243243243243,0.027027027027,37,0.113363363363,1.32432432432,8.16216216216,15.1,4.44117647059,5.89497673878,0.722232249453,0.357973867908,7.23946889695,1.77390959727,0.773223554681,2.40806951702,0.590056769071,0.330409880079,0.579945114934,0.437917739848,2,1.32432432432,0.579945114934,2,0.0155018498628,0.00878734622144,5,0.000643500643501,0.342470408818,37,37,37,1,0,0.72972972973,0.189189189189,0.0810810810811,37,154,0.115615615616,1.41554054054,8.32432432432,14,4.4,5.94443742808,0.71410449623,0.356616356616,7.23998739069,1.73947748997,0.767286767287,2.30354212167,0.55344843183,0.309582309582,0.750031280629,0.529855033571,3,1.41554054054,0.750031280629,3,0.0411073981249,0.0119047619048,7,0.000900900900901,0.283233364791,37,37,37,1,0,0.702702702703,0.243243243243,0.0540540540541,-62,-0.0465465465465,0.0912162162162,-3.35135135135,-7.6,-1.6,-2.25466162153,0.0118668461483,0.0465562965563,-3.08934923831,-0.0298996177732,0.0020215020215,-0.783289349034,0.0246856336073,0.0568295568296,0.170086165695,0.0919372937224,1,0.0912162162162,0.170086165695,1,0.0289372719548,0.00593206565903,0,0,-0.337963216406,-0.027027027027,0,0.027027027027,153,1,63,1115,0.708333333333,0.999103942652,0.00089605734767,0.291666666667,0.993506493506,0.708333333333,0.827027027027,0.815481112974,0.707437275986,0.705069124424,3,65,0,0,0,0
2983,WLNM_dir_neg,0.981715976331,0.855362318841,00:00:02,10,70,32,1236970056,threshold_sweep,0.4,0.666666666667,0.0307692307692,0.0588235294118,2,1,63,129,0.0307692307692,0.992307692308,0.00769230769231,0.969230769231,0.666666666667,0.0307692307692,0.0588235294118,0.671794871795,0.661538461538,0.030303030303,0.0883883476483,0.0230769230769,216,151,65,0,216,0,151,0,65,37,216,0.162162162162,1.32432432432,11.6756756757,21.6,6,8.1990990496,0.702237650082,0.31006006006,10.329336629,1.76937710775,0.765265265265,3.0868314707,0.528762798222,0.252752752753,0.579945114934,0.437917739848,2,1.32432432432,0.579945114934,2,0.0121701261701,0.00597269624573,7,0.000900900900901,0.621196581197,37,37,37,1,0,0.72972972973,0.243243243243,0.027027027027,37,0.113363363363,1.32432432432,8.16216216216,15.1,4.44117647059,5.89497673878,0.722232249453,0.357973867908,7.23946889695,1.77390959727,0.773223554681,2.40806951702,0.590056769071,0.330409880079,0.579945114934,0.437917739848,2,1.32432432432,0.579945114934,2,0.0155018498628,0.00878734622144,5,0.000643500643501,0.342470408818,37,37,37,1,0,0.72972972973,0.189189189189,0.0810810810811,37,154,0.115615615616,1.41554054054,8.32432432432,14,4.4,5.94443742808,0.71410449623,0.356616356616,7.23998739069,1.73947748997,0.767286767287,2.30354212167,0.55344843183,0.309582309582,0.750031280629,0.529855033571,3,1.41554054054,0.750031280629,3,0.0411073981249,0.0119047619048,7,0.000900900900901,0.283233364791,37,37,37,1,0,0.702702702703,0.243243243243,0.0540540540541,-62,-0.0465465465465,0.0912162162162,-3.35135135135,-7.6,-1.6,-2.25466162153,0.0118668461483,0.0465562965563,-3.08934923831,-0.0298996177732,0.0020215020215,-0.783289349034,0.0246856336073,0.0568295568296,0.170086165695,0.0919372937224,1,0.0912162162162,0.170086165695,1,0.0289372719548,0.00593206565903,0,0,-0.337963216406,-0.027027027027,0,0.027027027027,153,1,63,1115,0.708333333333,0.999103942652,0.00089605734767,0.291666666667,0.993506493506,0.708333333333,0.827027027027,0.815481112974,0.707437275986,0.705069124424,3,65,0,0,0,0
2984,WLNM_dir_neg,0.981715976331,0.855362318841,00:00:02,10,70,32,1236970056,threshold_sweep,0.5,0.666666666667,0.0307692307692,0.0588235294118,2,1,63,129,0.0307692307692,0.992307692308,0.00769230769231,0.969230769231,0.666666666667,0.0307692307692,0.0588235294118,0.671794871795,0.661538461538,0.030303030303,0.0883883476483,0.0230769230769,216,151,65,0,216,0,151,0,65,37,216,0.162162162162,1.32432432432,11.6756756757,21.6,6,8.1990990496,0.702237650082,0.31006006006,10.329336629,1.76937710775,0.765265265265,3.0868314707,0.528762798222,0.252752752753,0.579945114934,0.437917739848,2,1.32432432432,0.579945114934,2,0.0121701261701,0.00597269624573,7,0.000900900900901,0.621196581197,37,37,37,1,0,0.72972972973,0.243243243243,0.027027027027,37,0.113363363363,1.32432432432,8.16216216216,15.1,4.44117647059,5.89497673878,0.722232249453,0.357973867908,7.23946889695,1.77390959727,0.773223554681,2.40806951702,0.590056769071,0.330409880079,0.579945114934,0.437917739848,2,1.32432432432,0.579945114934,2,0.0155018498628,0.00878734622144,5,0.000643500643501,0.342470408818,37,37,37,1,0,0.72972972973,0.189189189189,0.0810810810811,37,154,0.115615615616,1.41554054054,8.32432432432,14,4.4,5.94443742808,0.71410449623,0.356616356616,7.23998739069,1.73947748997,0.767286767287,2.30354212167,0.55344843183,0.309582309582,0.750031280629,0.529855033571,3,1.41554054054,0.750031280629,3,0.0411073981249,0.0119047619048,7,0.000900900900901,0.283233364791,37,37,37,1,0,0.702702702703,0.243243243243,0.0540540540541,-62,-0.0465465465465,0.0912162162162,-3.35135135135,-7.6,-1.6,-2.25466162153,0.0118668461483,0.0465562965563,-3.08934923831,-0.0298996177732,0.0020215020215,-0.783289349034,0.0246856336073,0.0568295568296,0.170086165695,0.0919372937224,1,0.0912162162162,0.170086165695,1,0.0289372719548,0.00593206565903,0,0,-0.337963216406,-0.027027027027,0,0.027027027027,153,1,63,1115,0.708333333333,0.999103942652,0.00089605734767,0.291666666667,0.993506493506,0.708333333333,0.827027027027,0.815481112974,0.707437275986,0.705069124424,3,65,0,0,0,0
2985,WLNM_dir_neg,0.981715976331,0.855362318841,00:00:02,10,70,32,1236970056,threshold_sweep,0.6,0.666666666667,0.0307692307692,0.0588235294118,2,1,63,129,0.0307692307692,0.992307692308,0.00769230769231,0.969230769231,0.666666666667,0.0307692307692,0.0588235294118,0.671794871795,0.661538461538,0.030303030303,0.0883883476483,0.0230769230769,216,151,65,0,216,0,151,0,65,37,216,0.162162162162,1.32432432432,11.6756756757,21.6,6,8.1990990496,0.702237650082,0.31006006006,10.329336629,1.76937710775,0.765265265265,3.0868314707,0.528762798222,0.252752752753,0.579945114934,0.437917739848,2,1.32432432432,0.579945114934,2,0.0121701261701,0.00597269624573,7,0.000900900900901,0.621196581197,37,37,37,1,0,0.72972972973,0.243243243243,0.027027027027,37,0.113363363363,1.32432432432,8.16216216216,15.1,4.44117647059,5.89497673878,0.722232249453,0.357973867908,7.23946889695,1.77390959727,0.773223554681,2.40806951702,0.590056769071,0.330409880079,0.579945114934,0.437917739848,2,1.32432432432,0.579945114934,2,0.0155018498628,0.00878734622144,5,0.000643500643501,0.342470408818,37,37,37,1,0,0.72972972973,0.189189189189,0.0810810810811,37,154,0.115615615616,1.41554054054,8.32432432432,14,4.4,5.94443742808,0.71410449623,0.356616356616,7.23998739069,1.73947748997,0.767286767287,2.30354212167,0.55344843183,0.309582309582,0.750031280629,0.529855033571,3,1.41554054054,0.750031280629,3,0.0411073981249,0.0119047619048,7,0.000900900900901,0.283233364791,37,37,37,1,0,0.702702702703,0.243243243243,0.0540540540541,-62,-0.0465465465465,0.0912162162162,-3.35135135135,-7.6,-1.6,-2.25466162153,0.0118668461483,0.0465562965563,-3.08934923831,-0.0298996177732,0.0020215020215,-0.783289349034,0.0246856336073,0.0568295568296,0.170086165695,0.0919372937224,1,0.0912162162162,0.170086165695,1,0.0289372719548,0.00593206565903,0,0,-0.337963216406,-0.027027027027,0,0.027027027027,153,1,63,1115,0.708333333333,0.999103942652,0.00089605734767,0.291666666667,0.993506493506,0.708333333333,0.827027027027,0.815481112974,0.707437275986,0.705069124424,3,65,0,0,0,0
2986,WLNM_dir_neg,0.981715976331,0.855362318841,00:00:02,10,70,32,1236970056,threshold_sweep,0.7,0.666666666667,0.0307692307692,0.0588235294118,2,1,63,129,0.0307692307692,0.992307692308,0.00769230769231,0.969230769231,0.666666666667,0.0307692307692,0.0588235294118,0.671794871795,0.661538461538,0.030303030303,0.0883883476483,0.0230769230769,216,151,65,0,216,0,151,0,65,37,216,0.162162162162,1.32432432432,11.6756756757,21.6,6,8.1990990496,0.702237650082,0.31006006006,10.329336629,1.76937710775,0.765265265265,3.0868314707,0.528762798222,0.252752752753,0.579945114934,0.437917739848,2,1.32432432432,0.579945114934,2,0.0121701261701,0.00597269624573,7,0.000900900900901,0.621196581197,37,37,37,1,0,0.72972972973,0.243243243243,0.027027027027,37,0.113363363363,1.32432432432,8.16216216216,15.1,4.44117647059,5.89497673878,0.722232249453,0.357973867908,7.23946889695,1.77390959727,0.773223554681,2.40806951702,0.590056769071,0.330409880079,0.579945114934,0.437917739848,2,1.32432432432,0.579945114934,2,0.0155018498628,0.00878734622144,5,0.000643500643501,0.342470408818,37,37,37,1,0,0.72972972973,0.189189189189,0.0810810810811,37,154,0.115615615616,1.41554054054,8.32432432432,14,4.4,5.94443742808,0.71410449623,0.356616356616,7.23998739069,1.73947748997,0.767286767287,2.30354212167,0.55344843183,0.309582309582,0.750031280629,0.529855033571,3,1.41554054054,0.750031280629,3,0.0411073981249,0.0119047619048,7,0.000900900900901,0.283233364791,37,37,37,1,0,0.702702702703,0.243243243243,0.0540540540541,-62,-0.0465465465465,0.0912162162162,-3.35135135135,-7.6,-1.6,-2.25466162153,0.0118668461483,0.0465562965563,-3.08934923831,-0.0298996177732,0.0020215020215,-0.783289349034,0.0246856336073,0.0568295568296,0.170086165695,0.0919372937224,1,0.0912162162162,0.170086165695,1,0.0289372719548,0.00593206565903,0,0,-0.337963216406,-0.027027027027,0,0.027027027027,153,1,63,1115,0.708333333333,0.999103942652,0.00089605734767,0.291666666667,0.993506493506,0.708333333333,0.827027027027,0.815481112974,0.707437275986,0.705069124424,3,65,0,0,0,0
2987,WLNM_dir_neg,0.981715976331,0.855362318841,00:00:02,10,70,32,1236970056,threshold_sweep,0.8,0.666666666667,0.0307692307692,0.0588235294118,2,1,63,129,0.0307692307692,0.992307692308,0.00769230769231,0.969230769231,0.666666666667,0.0307692307692,0.0588235294118,0.671794871795,0.661538461538,0.030303030303,0.0883883476483,0.0230769230769,216,151,65,0,216,0,151,0,65,37,216,0.162162162162,1.32432432432,11.6756756757,21.6,6,8.1990990496,0.702237650082,0.31006006006,10.329336629,1.76937710775,0.765265265265,3.0868314707,0.528762798222,0.252752752753,0.579945114934,0.437917739848,2,1.32432432432,0.579945114934,2,0.0121701261701,0.00597269624573,7,0.000900900900901,0.621196581197,37,37,37,1,0,0.72972972973,0.243243243243,0.027027027027,37,0.113363363363,1.32432432432,8.16216216216,15.1,4.44117647059,5.89497673878,0.722232249453,0.357973867908,7.23946889695,1.77390959727,0.773223554681,2.40806951702,0.590056769071,0.330409880079,0.579945114934,0.437917739848,2,1.32432432432,0.579945114934,2,0.0155018498628,0.00878734622144,5,0.000643500643501,0.342470408818,37,37,37,1,0,0.72972972973,0.189189189189,0.0810810810811,37,154,0.115615615616,1.41554054054,8.32432432432,14,4.4,5.94443742808,0.71410449623,0.356616356616,7.23998739069,1.73947748997,0.767286767287,2.30354212167,0.55344843183,0.309582309582,0.750031280629,0.529855033571,3,1.41554054054,0.750031280629,3,0.0411073981249,0.0119047619048,7,0.000900900900901,0.283233364791,37,37,37,1,0,0.702702702703,0.243243243243,0.0540540540541,-62,-0.0465465465465,0.0912162162162,-3.35135135135,-7.6,-1.6,-2.25466162153,0.0118668461483,0.0465562965563,-3.08934923831,-0.0298996177732,0.0020215020215,-0.783289349034,0.0246856336073,0.0568295568296,0.170086165695,0.0919372937224,1,0.0912162162162,0.170086165695,1,0.0289372719548,0.00593206565903,0,0,-0.337963216406,-0.027027027027,0,0.027027027027,153,1,63,1115,0.708333333333,0.999103942652,0.00089605734767,0.291666666667,0.993506493506,0.708333333333,0.827027027027,0.815481112974,0.707437275986,0.705069124424,3,65,0,0,0,0
2988,WLNM_dir_neg,0.981715976331,0.855362318841,00:00:02,10,70,32,1236970056,threshold_sweep,0.9,0.666666666667,0.0307692307692,0.0588235294118,2,1,63,129,0.0307692307692,0.992307692308,0.00769230769231,0.969230769231,0.666666666667,0.0307692307692,0.0588235294118,0.671794871795,0.661538461538,0.030303030303,0.0883883476483,0.0230769230769,216,151,65,0,216,0,151,0,65,37,216,0.162162162162,1.32432432432,11.6756756757,21.6,6,8.1990990496,0.702237650082,0.31006006006,10.329336629,1.76937710775,0.765265265265,3.0868314707,0.528762798222,0.252752752753,0.579945114934,0.437917739848,2,1.32432432432,0.579945114934,2,0.0121701261701,0.00597269624573,7,0.000900900900901,0.621196581197,37,37,37,1,0,0.72972972973,0.243243243243,0.027027027027,37,0.113363363363,1.32432432432,8.16216216216,15.1,4.44117647059,5.89497673878,0.722232249453,0.357973867908,7.23946889695,1.77390959727,0.773223554681,2.40806951702,0.590056769071,0.330409880079,0.579945114934,0.437917739848,2,1.32432432432,0.579945114934,2,0.0155018498628,0.00878734622144,5,0.000643500643501,0.342470408818,37,37,37,1,0,0.72972972973,0.189189189189,0.0810810810811,37,154,0.115615615616,1.41554054054,8.32432432432,14,4.4,5.94443742808,0.71410449623,0.356616356616,7.23998739069,1.73947748997,0.767286767287,2.30354212167,0.55344843183,0.309582309582,0.750031280629,0.529855033571,3,1.41554054054,0.750031280629,3,0.0411073981249,0.0119047619048,7,0.000900900900901,0.283233364791,37,37,37,1,0,0.702702702703,0.243243243243,0.0540540540541,-62,-0.0465465465465,0.0912162162162,-3.35135135135,-7.6,-1.6,-2.25466162153,0.0118668461483,0.0465562965563,-3.08934923831,-0.0298996177732,0.0020215020215,-0.783289349034,0.0246856336073,0.0568295568296,0.170086165695,0.0919372937224,1,0.0912162162162,0.170086165695,1,0.0289372719548,0.00593206565903,0,0,-0.337963216406,-0.027027027027,0,0.027027027027,153,1,63,1115,0.708333333333,0.999103942652,0.00089605734767,0.291666666667,0.993506493506,0.708333333333,0.827027027027,0.815481112974,0.707437275986,0.705069124424,3,65,0,0,0,0
2989,WLNM_dir_neg,0.993017751479,0.971067738232,00:00:02,10,70,33,1236970057,threshold_sweep,0.1,1,0.0923076923077,0.169014084507,6,0,59,130,0.0923076923077,1,0,0.907692307692,1,0.0923076923077,0.169014084507,0.697435897436,0.65641025641,0.119402985075,0.251976315339,0.0923076923077,216,151,65,0,216,0,151,0,65,37,216,0.162162162162,1.32432432432,11.6756756757,21.6,6,8.1990990496,0.702237650082,0.31006006006,10.329336629,1.76937710775,0.765265265265,3.0868314707,0.528762798222,0.252752752753,0.579945114934,0.437917739848,2,1.32432432432,0.579945114934,2,0.0121701261701,0.00597269624573,7,0.000900900900901,0.621196581197,37,37,37,1,0,0.72972972973,0.243243243243,0.027027027027,37,0.113363363363,1.32432432432,8.16216216216,15.1,4.44117647059,5.84291362589,0.715853656152,0.350635403616,7.2929889406,1.78702378015,0.773223554681,2.48750631913,0.609521415945,0.335063540362,0.579945114934,0.437917739848,2,1.32432432432,0.579945114934,2,0.0131543143573,0.00530660377358,3,0.0003861003861,0.341550431855,37,37,37,1,0,0.72972972973,0.189189189189,0.0810810810811,37,157,0.117867867868,1.32432432432,8.48648648649,15.7,4.36111111111,6.10838049832,0.719777319866,0.358065071441,7.35755622701,1.73394637197,0.763298330177,2.27797918981,0.536848598871,0.295059390601,0.579945114934,0.437917739848,2,1.32432432432,0.579945114934,2,0.0127087549533,0.0113697888468,7,0.000900900900901,0.348772654077,37,37,37,1,0,0.72972972973,0.243243243243,0.027027027027,-59,-0.0442942942943,0,-3.18918918919,-5.9,-1.63888888889,-2.09071855128,0.0175396697844,0.0480050113808,-2.97178040199,-0.0354307357745,-0.00196693508795,-0.808852280898,0.00808580064903,0.042306637848,0,0,0,0,0,0,0.000538628783211,0.00539709260104,0,0,-0.27242392712,0,0,0,157,0,59,1116,0.726851851852,1,0,0.273148148148,1,0.726851851852,0.8418230563,0.830875808969,0.726851851852,0.726851851852,6,65,0,0,0,0
2990,WLNM_dir_neg,0.993017751479,0.971067738232,00:00:02,10,70,33,1236970057,threshold_sweep,0.2,1,0.0923076923077,0.169014084507,6,0,59,130,0.0923076923077,1,0,0.907692307692,1,0.0923076923077,0.169014084507,0.697435897436,0.65641025641,0.119402985075,0.251976315339,0.0923076923077,216,151,65,0,216,0,151,0,65,37,216,0.162162162162,1.32432432432,11.6756756757,21.6,6,8.1990990496,0.702237650082,0.31006006006,10.329336629,1.76937710775,0.765265265265,3.0868314707,0.528762798222,0.252752752753,0.579945114934,0.437917739848,2,1.32432432432,0.579945114934,2,0.0121701261701,0.00597269624573,7,0.000900900900901,0.621196581197,37,37,37,1,0,0.72972972973,0.243243243243,0.027027027027,37,0.113363363363,1.32432432432,8.16216216216,15.1,4.44117647059,5.84291362589,0.715853656152,0.350635403616,7.2929889406,1.78702378015,0.773223554681,2.48750631913,0.609521415945,0.335063540362,0.579945114934,0.437917739848,2,1.32432432432,0.579945114934,2,0.0131543143573,0.00530660377358,3,0.0003861003861,0.341550431855,37,37,37,1,0,0.72972972973,0.189189189189,0.0810810810811,37,157,0.117867867868,1.32432432432,8.48648648649,15.7,4.36111111111,6.10838049832,0.719777319866,0.358065071441,7.35755622701,1.73394637197,0.763298330177,2.27797918981,0.536848598871,0.295059390601,0.579945114934,0.437917739848,2,1.32432432432,0.579945114934,2,0.0127087549533,0.0113697888468,7,0.000900900900901,0.348772654077,37,37,37,1,0,0.72972972973,0.243243243243,0.027027027027,-59,-0.0442942942943,0,-3.18918918919,-5.9,-1.63888888889,-2.09071855128,0.0175396697844,0.0480050113808,-2.97178040199,-0.0354307357745,-0.00196693508795,-0.808852280898,0.00808580064903,0.042306637848,0,0,0,0,0,0,0.000538628783211,0.00539709260104,0,0,-0.27242392712,0,0,0,157,0,59,1116,0.726851851852,1,0,0.273148148148,1,0.726851851852,0.8418230563,0.830875808969,0.726851851852,0.726851851852,6,65,0,0,0,0
2991,WLNM_dir_neg,0.993017751479,0.971067738232,00:00:02,10,70,33,1236970057,threshold_sweep,0.3,1,0.0923076923077,0.169014084507,6,0,59,130,0.0923076923077,1,0,0.907692307692,1,0.0923076923077,0.169014084507,0.697435897436,0.65641025641,0.119402985075,0.251976315339,0.0923076923077,216,151,65,0,216,0,151,0,65,37,216,0.162162162162,1.32432432432,11.6756756757,21.6,6,8.1990990496,0.702237650082,0.31006006006,10.329336629,1.76937710775,0.765265265265,3.0868314707,0.528762798222,0.252752752753,0.579945114934,0.437917739848,2,1.32432432432,0.579945114934,2,0.0121701261701,0.00597269624573,7,0.000900900900901,0.621196581197,37,37,37,1,0,0.72972972973,0.243243243243,0.027027027027,37,0.113363363363,1.32432432432,8.16216216216,15.1,4.44117647059,5.84291362589,0.715853656152,0.350635403616,7.2929889406,1.78702378015,0.773223554681,2.48750631913,0.609521415945,0.335063540362,0.579945114934,0.437917739848,2,1.32432432432,0.579945114934,2,0.0131543143573,0.00530660377358,3,0.0003861003861,0.341550431855,37,37,37,1,0,0.72972972973,0.189189189189,0.0810810810811,37,157,0.117867867868,1.32432432432,8.48648648649,15.7,4.36111111111,6.10838049832,0.719777319866,0.358065071441,7.35755622701,1.73394637197,0.763298330177,2.27797918981,0.536848598871,0.295059390601,0.579945114934,0.437917739848,2,1.32432432432,0.579945114934,2,0.0127087549533,0.0113697888468,7,0.000900900900901,0.348772654077,37,37,37,1,0,0.72972972973,0.243243243243,0.027027027027,-59,-0.0442942942943,0,-3.18918918919,-5.9,-1.63888888889,-2.09071855128,0.0175396697844,0.0480050113808,-2.97178040199,-0.0354307357745,-0.00196693508795,-0.808852280898,0.00808580064903,0.042306637848,0,0,0,0,0,0,0.000538628783211,0.00539709260104,0,0,-0.27242392712,0,0,0,157,0,59,1116,0.726851851852,1,0,0.273148148148,1,0.726851851852,0.8418230563,0.830875808969,0.726851851852,0.726851851852,6,65,0,0,0,0
2992,WLNM_dir_neg,0.993017751479,0.971067738232,00:00:02,10,70,33,1236970057,threshold_sweep,0.4,1,0.0923076923077,0.169014084507,6,0,59,130,0.0923076923077,1,0,0.907692307692,1,0.0923076923077,0.169014084507,0.697435897436,0.65641025641,0.119402985075,0.251976315339,0.0923076923077,216,151,65,0,216,0,151,0,65,37,216,0.162162162162,1.32432432432,11.6756756757,21.6,6,8.1990990496,0.702237650082,0.31006006006,10.329336629,1.76937710775,0.765265265265,3.0868314707,0.528762798222,0.252752752753,0.579945114934,0.437917739848,2,1.32432432432,0.579945114934,2,0.0121701261701,0.00597269624573,7,0.000900900900901,0.621196581197,37,37,37,1,0,0.72972972973,0.243243243243,0.027027027027,37,0.113363363363,1.32432432432,8.16216216216,15.1,4.44117647059,5.84291362589,0.715853656152,0.350635403616,7.2929889406,1.78702378015,0.773223554681,2.48750631913,0.609521415945,0.335063540362,0.579945114934,0.437917739848,2,1.32432432432,0.579945114934,2,0.0131543143573,0.00530660377358,3,0.0003861003861,0.341550431855,37,37,37,1,0,0.72972972973,0.189189189189,0.0810810810811,37,157,0.117867867868,1.32432432432,8.48648648649,15.7,4.36111111111,6.10838049832,0.719777319866,0.358065071441,7.35755622701,1.73394637197,0.763298330177,2.27797918981,0.536848598871,0.295059390601,0.579945114934,0.437917739848,2,1.32432432432,0.579945114934,2,0.0127087549533,0.0113697888468,7,0.000900900900901,0.348772654077,37,37,37,1,0,0.72972972973,0.243243243243,0.027027027027,-59,-0.0442942942943,0,-3.18918918919,-5.9,-1.63888888889,-2.09071855128,0.0175396697844,0.0480050113808,-2.97178040199,-0.0354307357745,-0.00196693508795,-0.808852280898,0.00808580064903,0.042306637848,0,0,0,0,0,0,0.000538628783211,0.00539709260104,0,0,-0.27242392712,0,0,0,157,0,59,1116,0.726851851852,1,0,0.273148148148,1,0.726851851852,0.8418230563,0.830875808969,0.726851851852,0.726851851852,6,65,0,0,0,0
2993,WLNM_dir_neg,0.993017751479,0.971067738232,00:00:02,10,70,33,1236970057,threshold_sweep,0.5,1,0.0923076923077,0.169014084507,6,0,59,130,0.0923076923077,1,0,0.907692307692,1,0.0923076923077,0.169014084507,0.697435897436,0.65641025641,0.119402985075,0.251976315339,0.0923076923077,216,151,65,0,216,0,151,0,65,37,216,0.162162162162,1.32432432432,11.6756756757,21.6,6,8.1990990496,0.702237650082,0.31006006006,10.329336629,1.76937710775,0.765265265265,3.0868314707,0.528762798222,0.252752752753,0.579945114934,0.437917739848,2,1.32432432432,0.579945114934,2,0.0121701261701,0.00597269624573,7,0.000900900900901,0.621196581197,37,37,37,1,0,0.72972972973,0.243243243243,0.027027027027,37,0.113363363363,1.32432432432,8.16216216216,15.1,4.44117647059,5.84291362589,0.715853656152,0.350635403616,7.2929889406,1.78702378015,0.773223554681,2.48750631913,0.609521415945,0.335063540362,0.579945114934,0.437917739848,2,1.32432432432,0.579945114934,2,0.0131543143573,0.00530660377358,3,0.0003861003861,0.341550431855,37,37,37,1,0,0.72972972973,0.189189189189,0.0810810810811,37,157,0.117867867868,1.32432432432,8.48648648649,15.7,4.36111111111,6.10838049832,0.719777319866,0.358065071441,7.35755622701,1.73394637197,0.763298330177,2.27797918981,0.536848598871,0.295059390601,0.579945114934,0.437917739848,2,1.32432432432,0.579945114934,2,0.0127087549533,0.0113697888468,7,0.000900900900901,0.348772654077,37,37,37,1,0,0.72972972973,0.243243243243,0.027027027027,-59,-0.0442942942943,0,-3.18918918919,-5.9,-1.63888888889,-2.09071855128,0.0175396697844,0.0480050113808,-2.97178040199,-0.0354307357745,-0.00196693508795,-0.808852280898,0.00808580064903,0.042306637848,0,0,0,0,0,0,0.000538628783211,0.00539709260104,0,0,-0.27242392712,0,0,0,157,0,59,1116,0.726851851852,1,0,0.273148148148,1,0.726851851852,0.8418230563,0.830875808969,0.726851851852,0.726851851852,6,65,0,0,0,0
2994,WLNM_dir_neg,0.993017751479,0.971067738232,00:00:02,10,70,33,1236970057,threshold_sweep,0.6,1,0.0923076923077,0.169014084507,6,0,59,130,0.0923076923077,1,0,0.907692307692,1,0.0923076923077,0.169014084507,0.697435897436,0.65641025641,0.119402985075,0.251976315339,0.0923076923077,216,151,65,0,216,0,151,0,65,37,216,0.162162162162,1.32432432432,11.6756756757,21.6,6,8.1990990496,0.702237650082,0.31006006006,10.329336629,1.76937710775,0.765265265265,3.0868314707,0.528762798222,0.252752752753,0.579945114934,0.437917739848,2,1.32432432432,0.579945114934,2,0.0121701261701,0.00597269624573,7,0.000900900900901,0.621196581197,37,37,37,1,0,0.72972972973,0.243243243243,0.027027027027,37,0.113363363363,1.32432432432,8.16216216216,15.1,4.44117647059,5.84291362589,0.715853656152,0.350635403616,7.2929889406,1.78702378015,0.773223554681,2.48750631913,0.609521415945,0.335063540362,0.579945114934,0.437917739848,2,1.32432432432,0.579945114934,2,0.0131543143573,0.00530660377358,3,0.0003861003861,0.341550431855,37,37,37,1,0,0.72972972973,0.189189189189,0.0810810810811,37,157,0.117867867868,1.32432432432,8.48648648649,15.7,4.36111111111,6.10838049832,0.719777319866,0.358065071441,7.35755622701,1.73394637197,0.763298330177,2.27797918981,0.536848598871,0.295059390601,0.579945114934,0.437917739848,2,1.32432432432,0.579945114934,2,0.0127087549533,0.0113697888468,7,0.000900900900901,0.348772654077,37,37,37,1,0,0.72972972973,0.243243243243,0.027027027027,-59,-0.0442942942943,0,-3.18918918919,-5.9,-1.63888888889,-2.09071855128,0.0175396697844,0.0480050113808,-2.97178040199,-0.0354307357745,-0.00196693508795,-0.808852280898,0.00808580064903,0.042306637848,0,0,0,0,0,0,0.000538628783211,0.00539709260104,0,0,-0.27242392712,0,0,0,157,0,59,1116,0.726851851852,1,0,0.273148148148,1,0.726851851852,0.8418230563,0.830875808969,0.726851851852,0.726851851852,6,65,0,0,0,0
2995,WLNM_dir_neg,0.993017751479,0.971067738232,00:00:02,10,70,33,1236970057,threshold_sweep,0.7,1,0.0923076923077,0.169014084507,6,0,59,130,0.0923076923077,1,0,0.907692307692,1,0.0923076923077,0.169014084507,0.697435897436,0.65641025641,0.119402985075,0.251976315339,0.0923076923077,216,151,65,0,216,0,151,0,65,37,216,0.162162162162,1.32432432432,11.6756756757,21.6,6,8.1990990496,0.702237650082,0.31006006006,10.329336629,1.76937710775,0.765265265265,3.0868314707,0.528762798222,0.252752752753,0.579945114934,0.437917739848,2,1.32432432432,0.579945114934,2,0.0121701261701,0.00597269624573,7,0.000900900900901,0.621196581197,37,37,37,1,0,0.72972972973,0.243243243243,0.027027027027,37,0.113363363363,1.32432432432,8.16216216216,15.1,4.44117647059,5.84291362589,0.715853656152,0.350635403616,7.2929889406,1.78702378015,0.773223554681,2.48750631913,0.609521415945,0.335063540362,0.579945114934,0.437917739848,2,1.32432432432,0.579945114934,2,0.0131543143573,0.00530660377358,3,0.0003861003861,0.341550431855,37,37,37,1,0,0.72972972973,0.189189189189,0.0810810810811,37,157,0.117867867868,1.32432432432,8.48648648649,15.7,4.36111111111,6.10838049832,0.719777319866,0.358065071441,7.35755622701,1.73394637197,0.763298330177,2.27797918981,0.536848598871,0.295059390601,0.579945114934,0.437917739848,2,1.32432432432,0.579945114934,2,0.0127087549533,0.0113697888468,7,0.000900900900901,0.348772654077,37,37,37,1,0,0.72972972973,0.243243243243,0.027027027027,-59,-0.0442942942943,0,-3.18918918919,-5.9,-1.63888888889,-2.09071855128,0.0175396697844,0.0480050113808,-2.97178040199,-0.0354307357745,-0.00196693508795,-0.808852280898,0.00808580064903,0.042306637848,0,0,0,0,0,0,0.000538628783211,0.00539709260104,0,0,-0.27242392712,0,0,0,157,0,59,1116,0.726851851852,1,0,0.273148148148,1,0.726851851852,0.8418230563,0.830875808969,0.726851851852,0.726851851852,6,65,0,0,0,0
2996,WLNM_dir_neg,0.993017751479,0.971067738232,00:00:02,10,70,33,1236970057,threshold_sweep,0.8,1,0.0615384615385,0.115942028986,4,0,61,130,0.0615384615385,1,0,0.938461538462,1,0.0615384615385,0.115942028986,0.687179487179,0.659829059829,0.0804020100503,0.204657804039,0.0615384615385,216,151,65,0,216,0,151,0,65,37,216,0.162162162162,1.32432432432,11.6756756757,21.6,6,8.1990990496,0.702237650082,0.31006006006,10.329336629,1.76937710775,0.765265265265,3.0868314707,0.528762798222,0.252752752753,0.579945114934,0.437917739848,2,1.32432432432,0.579945114934,2,0.0121701261701,0.00597269624573,7,0.000900900900901,0.621196581197,37,37,37,1,0,0.72972972973,0.243243243243,0.027027027027,37,0.113363363363,1.32432432432,8.16216216216,15.1,4.44117647059,5.84291362589,0.715853656152,0.350635403616,7.2929889406,1.78702378015,0.773223554681,2.48750631913,0.609521415945,0.335063540362,0.579945114934,0.437917739848,2,1.32432432432,0.579945114934,2,0.0131543143573,0.00530660377358,3,0.0003861003861,0.341550431855,37,37,37,1,0,0.72972972973,0.189189189189,0.0810810810811,37,155,0.116366366366,1.32432432432,8.37837837838,15.5,4.30555555556,6.01549550629,0.717978495912,0.354489973845,7.32134564832,1.74767605798,0.766172624237,2.34328636555,0.559365132423,0.307585004359,0.579945114934,0.437917739848,2,1.32432432432,0.579945114934,2,0.0109650750252,0.008356545961,5,0.000643500643501,0.344328209633,37,37,37,1,0,0.72972972973,0.243243243243,0.027027027027,-61,-0.0457957957958,0,-3.2972972973,-6.1,-1.69444444444,-2.18360354332,0.0157408458301,0.0444299137848,-3.00799098068,-0.0217010497604,0.000907358971875,-0.74354510515,0.0306023342001,0.0548322516064,0,0,0,0,0,0,-0.0012050511449,0.00238384971527,-2,-0.0002574002574,-0.276868371564,0,0,0,155,0,61,1116,0.717592592593,1,0,0.282407407407,1,0.717592592593,0.835579514825,0.82486492977,0.717592592593,0.717592592593,4,65,0,0,0,0
2997,WLNM_dir_neg,0.993017751479,0.971067738232,00:00:02,10,70,33,1236970057,threshold_sweep,0.9,1,0.0615384615385,0.115942028986,4,0,61,130,0.0615384615385,1,0,0.938461538462,1,0.0615384615385,0.115942028986,0.687179487179,0.659829059829,0.0804020100503,0.204657804039,0.0615384615385,216,151,65,0,216,0,151,0,65,37,216,0.162162162162,1.32432432432,11.6756756757,21.6,6,8.1990990496,0.702237650082,0.31006006006,10.329336629,1.76937710775,0.765265265265,3.0868314707,0.528762798222,0.252752752753,0.579945114934,0.437917739848,2,1.32432432432,0.579945114934,2,0.0121701261701,0.00597269624573,7,0.000900900900901,0.621196581197,37,37,37,1,0,0.72972972973,0.243243243243,0.027027027027,37,0.113363363363,1.32432432432,8.16216216216,15.1,4.44117647059,5.84291362589,0.715853656152,0.350635403616,7.2929889406,1.78702378015,0.773223554681,2.48750631913,0.609521415945,0.335063540362,0.579945114934,0.437917739848,2,1.32432432432,0.579945114934,2,0.0131543143573,0.00530660377358,3,0.0003861003861,0.341550431855,37,37,37,1,0,0.72972972973,0.189189189189,0.0810810810811,37,155,0.116366366366,1.32432432432,8.37837837838,15.5,4.30555555556,6.01549550629,0.717978495912,0.354489973845,7.32134564832,1.74767605798,0.766172624237,2.34328636555,0.559365132423,0.307585004359,0.579945114934,0.437917739848,2,1.32432432432,0.579945114934,2,0.0109650750252,0.008356545961,5,0.000643500643501,0.344328209633,37,37,37,1,0,0.72972972973,0.243243243243,0.027027027027,-61,-0.0457957957958,0,-3.2972972973,-6.1,-1.69444444444,-2.18360354332,0.0157408458301,0.0444299137848,-3.00799098068,-0.0217010497604,0.000907358971875,-0.74354510515,0.0306023342001,0.0548322516064,0,0,0,0,0,0,-0.0012050511449,0.00238384971527,-2,-0.0002574002574,-0.276868371564,0,0,0,155,0,61,1116,0.717592592593,1,0,0.282407407407,1,0.717592592593,0.835579514825,0.82486492977,0.717592592593,0.717592592593,4,65,0,0,0,0
2998,WLNM_dir_neg,0.996390532544,0.977505827506,00:00:02,10,70,34,1236970058,threshold_sweep,0.1,1,0.0615384615385,0.115942028986,4,0,61,130,0.0615384615385,1,0,0.938461538462,1,0.0615384615385,0.115942028986,0.687179487179,0.659829059829,0.0804020100503,0.204657804039,0.0615384615385,216,151,65,0,216,0,151,0,65,37,216,0.162162162162,1.32432432432,11.6756756757,21.6,6,8.1990990496,0.702237650082,0.31006006006,10.329336629,1.76937710775,0.765265265265,3.0868314707,0.528762798222,0.252752752753,0.579945114934,0.437917739848,2,1.32432432432,0.579945114934,2,0.0121701261701,0.00597269624573,7,0.000900900900901,0.621196581197,37,37,37,1,0,0.72972972973,0.243243243243,0.027027027027,37,0.113363363363,1.32432432432,8.16216216216,15.1,4.31428571429,5.86189916852,0.718179699454,0.356183998568,7.21255994922,1.76731601405,0.771433685341,2.4310306271,0.595683001343,0.330767853947,0.579945114934,0.437917739848,2,1.33333333333,0.585540043769,2,0.00872717508056,0.00529411764706,3,0.0003861003861,0.340186979306,37,36,36,0.972972972973,0,0.702702702703,0.243243243243,0.027027027027,37,155,0.116366366366,1.32432432432,8.37837837838,15.5,4.42857142857,6.06607758748,0.724015712054,0.363557105493,7.27185532584,1.73586223907,0.765126416739,2.3074497447,0.550810584219,0.306190061029,0.579945114934,0.437917739848,2,1.33333333333,0.585540043769,2,0.0127844343479,0.0116279069767,7,0.000900900900901,0.349075868195,37,36,36,0.972972972973,0,0.702702702703,0.243243243243,0.027027027027,-61,-0.0457957957958,0,-3.2972972973,-6.1,-1.57142857143,-2.13302146213,0.0217780619719,0.0534970454325,-3.05748130316,-0.0335148686749,-0.000138848525945,-0.779381726002,0.0220477859967,0.053437308276,0,0,0,0.00900900900901,0.00559492883467,0,0.000614308177776,0.00565521073101,0,0,-0.272120713002,-0.027027027027,0,0,155,0,61,1116,0.717592592593,1,0,0.282407407407,1,0.717592592593,0.835579514825,0.82486492977,0.717592592593,0.717592592593,4,65,0,0,0,0
2999,WLNM_dir_neg,0.996390532544,0.977505827506,00:00:02,10,70,34,1236970058,threshold_sweep,0.2,1,0.0615384615385,0.115942028986,4,0,61,130,0.0615384615385,1,0,0.938461538462,1,0.0615384615385,0.115942028986,0.687179487179,0.659829059829,0.0804020100503,0.204657804039,0.0615384615385,216,151,65,0,216,0,151,0,65,37,216,0.162162162162,1.32432432432,11.6756756757,21.6,6,8.1990990496,0.702237650082,0.31006006006,10.329336629,1.76937710775,0.765265265265,3.0868314707,0.528762798222,0.252752752753,0.579945114934,0.437917739848,2,1.32432432432,0.579945114934,2,0.0121701261701,0.00597269624573,7,0.000900900900901,0.621196581197,37,37,37,1,0,0.72972972973,0.243243243243,0.027027027027,37,0.113363363363,1.32432432432,8.16216216216,15.1,4.31428571429,5.86189916852,0.718179699454,0.356183998568,7.21255994922,1.76731601405,0.771433685341,2.4310306271,0.595683001343,0.330767853947,0.579945114934,0.437917739848,2,1.33333333333,0.585540043769,2,0.00872717508056,0.00529411764706,3,0.0003861003861,0.340186979306,37,36,36,0.972972972973,0,0.702702702703,0.243243243243,0.027027027027,37,155,0.116366366366,1.32432432432,8.37837837838,15.5,4.42857142857,6.06607758748,0.724015712054,0.363557105493,7.27185532584,1.73586223907,0.765126416739,2.3074497447,0.550810584219,0.306190061029,0.579945114934,0.437917739848,2,1.33333333333,0.585540043769,2,0.0127844343479,0.0116279069767,7,0.000900900900901,0.349075868195,37,36,36,0.972972972973,0,0.702702702703,0.243243243243,0.027027027027,-61,-0.0457957957958,0,-3.2972972973,-6.1,-1.57142857143,-2.13302146213,0.0217780619719,0.0534970454325,-3.05748130316,-0.0335148686749,-0.000138848525945,-0.779381726002,0.0220477859967,0.053437308276,0,0,0,0.00900900900901,0.00559492883467,0,0.000614308177776,0.00565521073101,0,0,-0.272120713002,-0.027027027027,0,0,155,0,61,1116,0.717592592593,1,0,0.282407407407,1,0.717592592593,0.835579514825,0.82486492977,0.717592592593,0.717592592593,4,65,0,0,0,0
3000,WLNM_dir_neg,0.996390532544,0.977505827506,00:00:02,10,70,34,1236970058,threshold_sweep,0.3,1,0.0615384615385,0.115942028986,4,0,61,130,0.0615384615385,1,0,0.938461538462,1,0.0615384615385,0.115942028986,0.687179487179,0.659829059829,0.0804020100503,0.204657804039,0.0615384615385,216,151,65,0,216,0,151,0,65,37,216,0.162162162162,1.32432432432,11.6756756757,21.6,6,8.1990990496,0.702237650082,0.31006006006,10.329336629,1.76937710775,0.765265265265,3.0868314707,0.528762798222,0.252752752753,0.579945114934,0.437917739848,2,1.32432432432,0.579945114934,2,0.0121701261701,0.00597269624573,7,0.000900900900901,0.621196581197,37,37,37,1,0,0.72972972973,0.243243243243,0.027027027027,37,0.113363363363,1.32432432432,8.16216216216,15.1,4.31428571429,5.86189916852,0.718179699454,0.356183998568,7.21255994922,1.76731601405,0.771433685341,2.4310306271,0.595683001343,0.330767853947,0.579945114934,0.437917739848,2,1.33333333333,0.585540043769,2,0.00872717508056,0.00529411764706,3,0.0003861003861,0.340186979306,37,36,36,0.972972972973,0,0.702702702703,0.243243243243,0.027027027027,37,155,0.116366366366,1.32432432432,8.37837837838,15.5,4.42857142857,6.06607758748,0.724015712054,0.363557105493,7.27185532584,1.73586223907,0.765126416739,2.3074497447,0.550810584219,0.306190061029,0.579945114934,0.437917739848,2,1.33333333333,0.585540043769,2,0.0127844343479,0.0116279069767,7,0.000900900900901,0.349075868195,37,36,36,0.972972972973,0,0.702702702703,0.243243243243,0.027027027027,-61,-0.0457957957958,0,-3.2972972973,-6.1,-1.57142857143,-2.13302146213,0.0217780619719,0.0534970454325,-3.05748130316,-0.0335148686749,-0.000138848525945,-0.779381726002,0.0220477859967,0.053437308276,0,0,0,0.00900900900901,0.00559492883467,0,0.000614308177776,0.00565521073101,0,0,-0.272120713002,-0.027027027027,0,0,155,0,61,1116,0.717592592593,1,0,0.282407407407,1,0.717592592593,0.835579514825,0.82486492977,0.717592592593,0.717592592593,4,65,0,0,0,0
3001,WLNM_dir_neg,0.996390532544,0.977505827506,00:00:02,10,70,34,1236970058,threshold_sweep,0.4,1,0.0615384615385,0.115942028986,4,0,61,130,0.0615384615385,1,0,0.938461538462,1,0.0615384615385,0.115942028986,0.687179487179,0.659829059829,0.0804020100503,0.204657804039,0.0615384615385,216,151,65,0,216,0,151,0,65,37,216,0.162162162162,1.32432432432,11.6756756757,21.6,6,8.1990990496,0.702237650082,0.31006006006,10.329336629,1.76937710775,0.765265265265,3.0868314707,0.528762798222,0.252752752753,0.579945114934,0.437917739848,2,1.32432432432,0.579945114934,2,0.0121701261701,0.00597269624573,7,0.000900900900901,0.621196581197,37,37,37,1,0,0.72972972973,0.243243243243,0.027027027027,37,0.113363363363,1.32432432432,8.16216216216,15.1,4.31428571429,5.86189916852,0.718179699454,0.356183998568,7.21255994922,1.76731601405,0.771433685341,2.4310306271,0.595683001343,0.330767853947,0.579945114934,0.437917739848,2,1.33333333333,0.585540043769,2,0.00872717508056,0.00529411764706,3,0.0003861003861,0.340186979306,37,36,36,0.972972972973,0,0.702702702703,0.243243243243,0.027027027027,37,155,0.116366366366,1.32432432432,8.37837837838,15.5,4.42857142857,6.06607758748,0.724015712054,0.363557105493,7.27185532584,1.73586223907,0.765126416739,2.3074497447,0.550810584219,0.306190061029,0.579945114934,0.437917739848,2,1.33333333333,0.585540043769,2,0.0127844343479,0.0116279069767,7,0.000900900900901,0.349075868195,37,36,36,0.972972972973,0,0.702702702703,0.243243243243,0.027027027027,-61,-0.0457957957958,0,-3.2972972973,-6.1,-1.57142857143,-2.13302146213,0.0217780619719,0.0534970454325,-3.05748130316,-0.0335148686749,-0.000138848525945,-0.779381726002,0.0220477859967,0.053437308276,0,0,0,0.00900900900901,0.00559492883467,0,0.000614308177776,0.00565521073101,0,0,-0.272120713002,-0.027027027027,0,0,155,0,61,1116,0.717592592593,1,0,0.282407407407,1,0.717592592593,0.835579514825,0.82486492977,0.717592592593,0.717592592593,4,65,0,0,0,0
3002,WLNM_dir_neg,0.996390532544,0.977505827506,00:00:02,10,70,34,1236970058,threshold_sweep,0.5,1,0.0615384615385,0.115942028986,4,0,61,130,0.0615384615385,1,0,0.938461538462,1,0.0615384615385,0.115942028986,0.687179487179,0.659829059829,0.0804020100503,0.204657804039,0.0615384615385,216,151,65,0,216,0,151,0,65,37,216,0.162162162162,1.32432432432,11.6756756757,21.6,6,8.1990990496,0.702237650082,0.31006006006,10.329336629,1.76937710775,0.765265265265,3.0868314707,0.528762798222,0.252752752753,0.579945114934,0.437917739848,2,1.32432432432,0.579945114934,2,0.0121701261701,0.00597269624573,7,0.000900900900901,0.621196581197,37,37,37,1,0,0.72972972973,0.243243243243,0.027027027027,37,0.113363363363,1.32432432432,8.16216216216,15.1,4.31428571429,5.86189916852,0.718179699454,0.356183998568,7.21255994922,1.76731601405,0.771433685341,2.4310306271,0.595683001343,0.330767853947,0.579945114934,0.437917739848,2,1.33333333333,0.585540043769,2,0.00872717508056,0.00529411764706,3,0.0003861003861,0.340186979306,37,36,36,0.972972972973,0,0.702702702703,0.243243243243,0.027027027027,37,155,0.116366366366,1.32432432432,8.37837837838,15.5,4.42857142857,6.06607758748,0.724015712054,0.363557105493,7.27185532584,1.73586223907,0.765126416739,2.3074497447,0.550810584219,0.306190061029,0.579945114934,0.437917739848,2,1.33333333333,0.585540043769,2,0.0127844343479,0.0116279069767,7,0.000900900900901,0.349075868195,37,36,36,0.972972972973,0,0.702702702703,0.243243243243,0.027027027027,-61,-0.0457957957958,0,-3.2972972973,-6.1,-1.57142857143,-2.13302146213,0.0217780619719,0.0534970454325,-3.05748130316,-0.0335148686749,-0.000138848525945,-0.779381726002,0.0220477859967,0.053437308276,0,0,0,0.00900900900901,0.00559492883467,0,0.000614308177776,0.00565521073101,0,0,-0.272120713002,-0.027027027027,0,0,155,0,61,1116,0.717592592593,1,0,0.282407407407,1,0.717592592593,0.835579514825,0.82486492977,0.717592592593,0.717592592593,4,65,0,0,0,0
3003,WLNM_dir_neg,0.996390532544,0.977505827506,00:00:02,10,70,34,1236970058,threshold_sweep,0.6,1,0.0615384615385,0.115942028986,4,0,61,130,0.0615384615385,1,0,0.938461538462,1,0.0615384615385,0.115942028986,0.687179487179,0.659829059829,0.0804020100503,0.204657804039,0.0615384615385,216,151,65,0,216,0,151,0,65,37,216,0.162162162162,1.32432432432,11.6756756757,21.6,6,8.1990990496,0.702237650082,0.31006006006,10.329336629,1.76937710775,0.765265265265,3.0868314707,0.528762798222,0.252752752753,0.579945114934,0.437917739848,2,1.32432432432,0.579945114934,2,0.0121701261701,0.00597269624573,7,0.000900900900901,0.621196581197,37,37,37,1,0,0.72972972973,0.243243243243,0.027027027027,37,0.113363363363,1.32432432432,8.16216216216,15.1,4.31428571429,5.86189916852,0.718179699454,0.356183998568,7.21255994922,1.76731601405,0.771433685341,2.4310306271,0.595683001343,0.330767853947,0.579945114934,0.437917739848,2,1.33333333333,0.585540043769,2,0.00872717508056,0.00529411764706,3,0.0003861003861,0.340186979306,37,36,36,0.972972972973,0,0.702702702703,0.243243243243,0.027027027027,37,155,0.116366366366,1.32432432432,8.37837837838,15.5,4.42857142857,6.06607758748,0.724015712054,0.363557105493,7.27185532584,1.73586223907,0.765126416739,2.3074497447,0.550810584219,0.306190061029,0.579945114934,0.437917739848,2,1.33333333333,0.585540043769,2,0.0127844343479,0.0116279069767,7,0.000900900900901,0.349075868195,37,36,36,0.972972972973,0,0.702702702703,0.243243243243,0.027027027027,-61,-0.0457957957958,0,-3.2972972973,-6.1,-1.57142857143,-2.13302146213,0.0217780619719,0.0534970454325,-3.05748130316,-0.0335148686749,-0.000138848525945,-0.779381726002,0.0220477859967,0.053437308276,0,0,0,0.00900900900901,0.00559492883467,0,0.000614308177776,0.00565521073101,0,0,-0.272120713002,-0.027027027027,0,0,155,0,61,1116,0.717592592593,1,0,0.282407407407,1,0.717592592593,0.835579514825,0.82486492977,0.717592592593,0.717592592593,4,65,0,0,0,0
3004,WLNM_dir_neg,0.996390532544,0.977505827506,00:00:02,10,70,34,1236970058,threshold_sweep,0.7,1,0.0615384615385,0.115942028986,4,0,61,130,0.0615384615385,1,0,0.938461538462,1,0.0615384615385,0.115942028986,0.687179487179,0.659829059829,0.0804020100503,0.204657804039,0.0615384615385,216,151,65,0,216,0,151,0,65,37,216,0.162162162162,1.32432432432,11.6756756757,21.6,6,8.1990990496,0.702237650082,0.31006006006,10.329336629,1.76937710775,0.765265265265,3.0868314707,0.528762798222,0.252752752753,0.579945114934,0.437917739848,2,1.32432432432,0.579945114934,2,0.0121701261701,0.00597269624573,7,0.000900900900901,0.621196581197,37,37,37,1,0,0.72972972973,0.243243243243,0.027027027027,37,0.113363363363,1.32432432432,8.16216216216,15.1,4.31428571429,5.86189916852,0.718179699454,0.356183998568,7.21255994922,1.76731601405,0.771433685341,2.4310306271,0.595683001343,0.330767853947,0.579945114934,0.437917739848,2,1.33333333333,0.585540043769,2,0.00872717508056,0.00529411764706,3,0.0003861003861,0.340186979306,37,36,36,0.972972972973,0,0.702702702703,0.243243243243,0.027027027027,37,155,0.116366366366,1.32432432432,8.37837837838,15.5,4.42857142857,6.06607758748,0.724015712054,0.363557105493,7.27185532584,1.73586223907,0.765126416739,2.3074497447,0.550810584219,0.306190061029,0.579945114934,0.437917739848,2,1.33333333333,0.585540043769,2,0.0127844343479,0.0116279069767,7,0.000900900900901,0.349075868195,37,36,36,0.972972972973,0,0.702702702703,0.243243243243,0.027027027027,-61,-0.0457957957958,0,-3.2972972973,-6.1,-1.57142857143,-2.13302146213,0.0217780619719,0.0534970454325,-3.05748130316,-0.0335148686749,-0.000138848525945,-0.779381726002,0.0220477859967,0.053437308276,0,0,0,0.00900900900901,0.00559492883467,0,0.000614308177776,0.00565521073101,0,0,-0.272120713002,-0.027027027027,0,0,155,0,61,1116,0.717592592593,1,0,0.282407407407,1,0.717592592593,0.835579514825,0.82486492977,0.717592592593,0.717592592593,4,65,0,0,0,0
3005,WLNM_dir_neg,0.996390532544,0.977505827506,00:00:02,10,70,34,1236970058,threshold_sweep,0.8,1,0.0153846153846,0.030303030303,1,0,64,130,0.0153846153846,1,0,0.984615384615,1,0.0153846153846,0.030303030303,0.671794871795,0.664957264957,0.0204081632653,0.101534616513,0.0153846153846,216,151,65,0,216,0,151,0,65,37,216,0.162162162162,1.32432432432,11.6756756757,21.6,6,8.1990990496,0.702237650082,0.31006006006,10.329336629,1.76937710775,0.765265265265,3.0868314707,0.528762798222,0.252752752753,0.579945114934,0.437917739848,2,1.32432432432,0.579945114934,2,0.0121701261701,0.00597269624573,7,0.000900900900901,0.621196581197,37,37,37,1,0,0.72972972973,0.243243243243,0.027027027027,37,0.113363363363,1.32432432432,8.16216216216,15.1,4.31428571429,5.86189916852,0.718179699454,0.356183998568,7.21255994922,1.76731601405,0.771433685341,2.4310306271,0.595683001343,0.330767853947,0.579945114934,0.437917739848,2,1.33333333333,0.585540043769,2,0.00872717508056,0.00529411764706,3,0.0003861003861,0.340186979306,37,36,36,0.972972972973,0,0.702702702703,0.243243243243,0.027027027027,37,152,0.114114114114,1.32432432432,8.21621621622,15.2,4.34285714286,5.90261305193,0.718410141189,0.357574679943,7.2218179605,1.75794252986,0.769559032717,2.40120090075,0.584502850841,0.325035561878,0.579945114934,0.437917739848,2,1.33333333333,0.585540043769,2,0.0102744606615,0.00696055684455,4,0.000514800514801,0.342409201528,37,36,36,0.972972972973,0,0.702702702703,0.243243243243,0.027027027027,-64,-0.048048048048,0,-3.45945945946,-6.4,-1.65714285714,-2.29648599767,0.0161724911073,0.047514619883,-3.1075186685,-0.0114345778859,0.00429376745166,-0.685630569953,0.0557400526182,0.0722828091249,0,0,0,0.00900900900901,0.00559492883467,0,-0.00189566550867,0.000987860598814,-3,-0.0003861003861,-0.278787379668,-0.027027027027,0,0,152,0,64,1116,0.703703703704,1,0,0.296296296296,1,0.703703703704,0.826086956522,0.815804341226,0.703703703704,0.703703703704,1,65,0,0,0,0
3006,WLNM_dir_neg,0.996390532544,0.977505827506,00:00:02,10,70,34,1236970058,threshold_sweep,0.9,1,0.0153846153846,0.030303030303,1,0,64,130,0.0153846153846,1,0,0.984615384615,1,0.0153846153846,0.030303030303,0.671794871795,0.664957264957,0.0204081632653,0.101534616513,0.0153846153846,216,151,65,0,216,0,151,0,65,37,216,0.162162162162,1.32432432432,11.6756756757,21.6,6,8.1990990496,0.702237650082,0.31006006006,10.329336629,1.76937710775,0.765265265265,3.0868314707,0.528762798222,0.252752752753,0.579945114934,0.437917739848,2,1.32432432432,0.579945114934,2,0.0121701261701,0.00597269624573,7,0.000900900900901,0.621196581197,37,37,37,1,0,0.72972972973,0.243243243243,0.027027027027,37,0.113363363363,1.32432432432,8.16216216216,15.1,4.31428571429,5.86189916852,0.718179699454,0.356183998568,7.21255994922,1.76731601405,0.771433685341,2.4310306271,0.595683001343,0.330767853947,0.579945114934,0.437917739848,2,1.33333333333,0.585540043769,2,0.00872717508056,0.00529411764706,3,0.0003861003861,0.340186979306,37,36,36,0.972972972973,0,0.702702702703,0.243243243243,0.027027027027,37,152,0.114114114114,1.32432432432,8.21621621622,15.2,4.34285714286,5.90261305193,0.718410141189,0.357574679943,7.2218179605,1.75794252986,0.769559032717,2.40120090075,0.584502850841,0.325035561878,0.579945114934,0.437917739848,2,1.33333333333,0.585540043769,2,0.0102744606615,0.00696055684455,4,0.000514800514801,0.342409201528,37,36,36,0.972972972973,0,0.702702702703,0.243243243243,0.027027027027,-64,-0.048048048048,0,-3.45945945946,-6.4,-1.65714285714,-2.29648599767,0.0161724911073,0.047514619883,-3.1075186685,-0.0114345778859,0.00429376745166,-0.685630569953,0.0557400526182,0.0722828091249,0,0,0,0.00900900900901,0.00559492883467,0,-0.00189566550867,0.000987860598814,-3,-0.0003861003861,-0.278787379668,-0.027027027027,0,0,152,0,64,1116,0.703703703704,1,0,0.296296296296,1,0.703703703704,0.826086956522,0.815804341226,0.703703703704,0.703703703704,1,65,0,0,0,0
3007,WLNM_dir_neg,0.992426035503,0.848956428187,00:00:02,10,70,35,1236970059,threshold_sweep,0.1,0.666666666667,0.0307692307692,0.0588235294118,2,1,63,129,0.0307692307692,0.992307692308,0.00769230769231,0.969230769231,0.666666666667,0.0307692307692,0.0588235294118,0.671794871795,0.661538461538,0.030303030303,0.0883883476483,0.0230769230769,216,151,65,0,216,0,151,0,65,37,216,0.162162162162,1.32432432432,11.6756756757,21.6,6,8.1990990496,0.702237650082,0.31006006006,10.329336629,1.76937710775,0.765265265265,3.0868314707,0.528762798222,0.252752752753,0.579945114934,0.437917739848,2,1.32432432432,0.579945114934,2,0.0121701261701,0.00597269624573,7,0.000900900900901,0.621196581197,37,37,37,1,0,0.72972972973,0.243243243243,0.027027027027,37,0.113363363363,1.32432432432,8.16216216216,15.1,4.31428571429,5.89497673878,0.722232249453,0.353678181493,7.26627819443,1.78047876287,0.776087345624,2.37321135429,0.581515364959,0.320386611777,0.579945114934,0.437917739848,2,1.32432432432,0.579945114934,2,0.0128261469707,0.00702987697715,4,0.000514800514801,0.331957230638,37,37,37,1,0,0.72972972973,0.216216216216,0.0540540540541,37,154,0.115615615616,1.32868352223,8.32432432432,15.4,4.16216216216,5.97240903402,0.71746472162,0.356791856792,7.29731120008,1.75325009352,0.770796770797,2.25479136154,0.541735586864,0.29835029835,0.593232142544,0.446481146652,2.14516129032,1.32868352223,0.593232142544,2.14516129032,0.01208536046,0.00855188141391,5,0.000643500643501,0.33218169753,37,37,37,1,0,0.72972972973,0.27027027027,0,-62,-0.0465465465465,0.00435919790758,-3.35135135135,-6.2,-1.83783783784,-2.22669001558,0.0152270715377,0.0467317967318,-3.03202542892,-0.0161270142206,0.00553150553151,-0.832040109162,0.0129727886415,0.0455975455975,0.0132870276095,0.0085634068037,0.145161290323,0.00435919790758,0.0132870276095,0.145161290323,-8.47657101527e-05,0.00257918516818,-2,-0.0002574002574,-0.289014883667,0,0.027027027027,-0.027027027027,153,1,63,1115,0.708333333333,0.999103942652,0.00089605734767,0.291666666667,0.993506493506,0.708333333333,0.827027027027,0.815481112974,0.707437275986,0.705069124424,3,65,0,0,0,0
3008,WLNM_dir_neg,0.992426035503,0.848956428187,00:00:02,10,70,35,1236970059,threshold_sweep,0.2,0.666666666667,0.0307692307692,0.0588235294118,2,1,63,129,0.0307692307692,0.992307692308,0.00769230769231,0.969230769231,0.666666666667,0.0307692307692,0.0588235294118,0.671794871795,0.661538461538,0.030303030303,0.0883883476483,0.0230769230769,216,151,65,0,216,0,151,0,65,37,216,0.162162162162,1.32432432432,11.6756756757,21.6,6,8.1990990496,0.702237650082,0.31006006006,10.329336629,1.76937710775,0.765265265265,3.0868314707,0.528762798222,0.252752752753,0.579945114934,0.437917739848,2,1.32432432432,0.579945114934,2,0.0121701261701,0.00597269624573,7,0.000900900900901,0.621196581197,37,37,37,1,0,0.72972972973,0.243243243243,0.027027027027,37,0.113363363363,1.32432432432,8.16216216216,15.1,4.31428571429,5.89497673878,0.722232249453,0.353678181493,7.26627819443,1.78047876287,0.776087345624,2.37321135429,0.581515364959,0.320386611777,0.579945114934,0.437917739848,2,1.32432432432,0.579945114934,2,0.0128261469707,0.00702987697715,4,0.000514800514801,0.331957230638,37,37,37,1,0,0.72972972973,0.216216216216,0.0540540540541,37,154,0.115615615616,1.32868352223,8.32432432432,15.4,4.16216216216,5.97240903402,0.71746472162,0.356791856792,7.29731120008,1.75325009352,0.770796770797,2.25479136154,0.541735586864,0.29835029835,0.593232142544,0.446481146652,2.14516129032,1.32868352223,0.593232142544,2.14516129032,0.01208536046,0.00855188141391,5,0.000643500643501,0.33218169753,37,37,37,1,0,0.72972972973,0.27027027027,0,-62,-0.0465465465465,0.00435919790758,-3.35135135135,-6.2,-1.83783783784,-2.22669001558,0.0152270715377,0.0467317967318,-3.03202542892,-0.0161270142206,0.00553150553151,-0.832040109162,0.0129727886415,0.0455975455975,0.0132870276095,0.0085634068037,0.145161290323,0.00435919790758,0.0132870276095,0.145161290323,-8.47657101527e-05,0.00257918516818,-2,-0.0002574002574,-0.289014883667,0,0.027027027027,-0.027027027027,153,1,63,1115,0.708333333333,0.999103942652,0.00089605734767,0.291666666667,0.993506493506,0.708333333333,0.827027027027,0.815481112974,0.707437275986,0.705069124424,3,65,0,0,0,0
3009,WLNM_dir_neg,0.992426035503,0.848956428187,00:00:02,10,70,35,1236970059,threshold_sweep,0.3,0.666666666667,0.0307692307692,0.0588235294118,2,1,63,129,0.0307692307692,0.992307692308,0.00769230769231,0.969230769231,0.666666666667,0.0307692307692,0.0588235294118,0.671794871795,0.661538461538,0.030303030303,0.0883883476483,0.0230769230769,216,151,65,0,216,0,151,0,65,37,216,0.162162162162,1.32432432432,11.6756756757,21.6,6,8.1990990496,0.702237650082,0.31006006006,10.329336629,1.76937710775,0.765265265265,3.0868314707,0.528762798222,0.252752752753,0.579945114934,0.437917739848,2,1.32432432432,0.579945114934,2,0.0121701261701,0.00597269624573,7,0.000900900900901,0.621196581197,37,37,37,1,0,0.72972972973,0.243243243243,0.027027027027,37,0.113363363363,1.32432432432,8.16216216216,15.1,4.31428571429,5.89497673878,0.722232249453,0.353678181493,7.26627819443,1.78047876287,0.776087345624,2.37321135429,0.581515364959,0.320386611777,0.579945114934,0.437917739848,2,1.32432432432,0.579945114934,2,0.0128261469707,0.00702987697715,4,0.000514800514801,0.331957230638,37,37,37,1,0,0.72972972973,0.216216216216,0.0540540540541,37,154,0.115615615616,1.32868352223,8.32432432432,15.4,4.16216216216,5.97240903402,0.71746472162,0.356791856792,7.29731120008,1.75325009352,0.770796770797,2.25479136154,0.541735586864,0.29835029835,0.593232142544,0.446481146652,2.14516129032,1.32868352223,0.593232142544,2.14516129032,0.01208536046,0.00855188141391,5,0.000643500643501,0.33218169753,37,37,37,1,0,0.72972972973,0.27027027027,0,-62,-0.0465465465465,0.00435919790758,-3.35135135135,-6.2,-1.83783783784,-2.22669001558,0.0152270715377,0.0467317967318,-3.03202542892,-0.0161270142206,0.00553150553151,-0.832040109162,0.0129727886415,0.0455975455975,0.0132870276095,0.0085634068037,0.145161290323,0.00435919790758,0.0132870276095,0.145161290323,-8.47657101527e-05,0.00257918516818,-2,-0.0002574002574,-0.289014883667,0,0.027027027027,-0.027027027027,153,1,63,1115,0.708333333333,0.999103942652,0.00089605734767,0.291666666667,0.993506493506,0.708333333333,0.827027027027,0.815481112974,0.707437275986,0.705069124424,3,65,0,0,0,0
3010,WLNM_dir_neg,0.992426035503,0.848956428187,00:00:02,10,70,35,1236970059,threshold_sweep,0.4,0.666666666667,0.0307692307692,0.0588235294118,2,1,63,129,0.0307692307692,0.992307692308,0.00769230769231,0.969230769231,0.666666666667,0.0307692307692,0.0588235294118,0.671794871795,0.661538461538,0.030303030303,0.0883883476483,0.0230769230769,216,151,65,0,216,0,151,0,65,37,216,0.162162162162,1.32432432432,11.6756756757,21.6,6,8.1990990496,0.702237650082,0.31006006006,10.329336629,1.76937710775,0.765265265265,3.0868314707,0.528762798222,0.252752752753,0.579945114934,0.437917739848,2,1.32432432432,0.579945114934,2,0.0121701261701,0.00597269624573,7,0.000900900900901,0.621196581197,37,37,37,1,0,0.72972972973,0.243243243243,0.027027027027,37,0.113363363363,1.32432432432,8.16216216216,15.1,4.31428571429,5.89497673878,0.722232249453,0.353678181493,7.26627819443,1.78047876287,0.776087345624,2.37321135429,0.581515364959,0.320386611777,0.579945114934,0.437917739848,2,1.32432432432,0.579945114934,2,0.0128261469707,0.00702987697715,4,0.000514800514801,0.331957230638,37,37,37,1,0,0.72972972973,0.216216216216,0.0540540540541,37,154,0.115615615616,1.32868352223,8.32432432432,15.4,4.16216216216,5.97240903402,0.71746472162,0.356791856792,7.29731120008,1.75325009352,0.770796770797,2.25479136154,0.541735586864,0.29835029835,0.593232142544,0.446481146652,2.14516129032,1.32868352223,0.593232142544,2.14516129032,0.01208536046,0.00855188141391,5,0.000643500643501,0.33218169753,37,37,37,1,0,0.72972972973,0.27027027027,0,-62,-0.0465465465465,0.00435919790758,-3.35135135135,-6.2,-1.83783783784,-2.22669001558,0.0152270715377,0.0467317967318,-3.03202542892,-0.0161270142206,0.00553150553151,-0.832040109162,0.0129727886415,0.0455975455975,0.0132870276095,0.0085634068037,0.145161290323,0.00435919790758,0.0132870276095,0.145161290323,-8.47657101527e-05,0.00257918516818,-2,-0.0002574002574,-0.289014883667,0,0.027027027027,-0.027027027027,153,1,63,1115,0.708333333333,0.999103942652,0.00089605734767,0.291666666667,0.993506493506,0.708333333333,0.827027027027,0.815481112974,0.707437275986,0.705069124424,3,65,0,0,0,0
3011,WLNM_dir_neg,0.992426035503,0.848956428187,00:00:02,10,70,35,1236970059,threshold_sweep,0.5,0.666666666667,0.0307692307692,0.0588235294118,2,1,63,129,0.0307692307692,0.992307692308,0.00769230769231,0.969230769231,0.666666666667,0.0307692307692,0.0588235294118,0.671794871795,0.661538461538,0.030303030303,0.0883883476483,0.0230769230769,216,151,65,0,216,0,151,0,65,37,216,0.162162162162,1.32432432432,11.6756756757,21.6,6,8.1990990496,0.702237650082,0.31006006006,10.329336629,1.76937710775,0.765265265265,3.0868314707,0.528762798222,0.252752752753,0.579945114934,0.437917739848,2,1.32432432432,0.579945114934,2,0.0121701261701,0.00597269624573,7,0.000900900900901,0.621196581197,37,37,37,1,0,0.72972972973,0.243243243243,0.027027027027,37,0.113363363363,1.32432432432,8.16216216216,15.1,4.31428571429,5.89497673878,0.722232249453,0.353678181493,7.26627819443,1.78047876287,0.776087345624,2.37321135429,0.581515364959,0.320386611777,0.579945114934,0.437917739848,2,1.32432432432,0.579945114934,2,0.0128261469707,0.00702987697715,4,0.000514800514801,0.331957230638,37,37,37,1,0,0.72972972973,0.216216216216,0.0540540540541,37,154,0.115615615616,1.32868352223,8.32432432432,15.4,4.16216216216,5.97240903402,0.71746472162,0.356791856792,7.29731120008,1.75325009352,0.770796770797,2.25479136154,0.541735586864,0.29835029835,0.593232142544,0.446481146652,2.14516129032,1.32868352223,0.593232142544,2.14516129032,0.01208536046,0.00855188141391,5,0.000643500643501,0.33218169753,37,37,37,1,0,0.72972972973,0.27027027027,0,-62,-0.0465465465465,0.00435919790758,-3.35135135135,-6.2,-1.83783783784,-2.22669001558,0.0152270715377,0.0467317967318,-3.03202542892,-0.0161270142206,0.00553150553151,-0.832040109162,0.0129727886415,0.0455975455975,0.0132870276095,0.0085634068037,0.145161290323,0.00435919790758,0.0132870276095,0.145161290323,-8.47657101527e-05,0.00257918516818,-2,-0.0002574002574,-0.289014883667,0,0.027027027027,-0.027027027027,153,1,63,1115,0.708333333333,0.999103942652,0.00089605734767,0.291666666667,0.993506493506,0.708333333333,0.827027027027,0.815481112974,0.707437275986,0.705069124424,3,65,0,0,0,0
3012,WLNM_dir_neg,0.992426035503,0.848956428187,00:00:02,10,70,35,1236970059,threshold_sweep,0.6,0.666666666667,0.0307692307692,0.0588235294118,2,1,63,129,0.0307692307692,0.992307692308,0.00769230769231,0.969230769231,0.666666666667,0.0307692307692,0.0588235294118,0.671794871795,0.661538461538,0.030303030303,0.0883883476483,0.0230769230769,216,151,65,0,216,0,151,0,65,37,216,0.162162162162,1.32432432432,11.6756756757,21.6,6,8.1990990496,0.702237650082,0.31006006006,10.329336629,1.76937710775,0.765265265265,3.0868314707,0.528762798222,0.252752752753,0.579945114934,0.437917739848,2,1.32432432432,0.579945114934,2,0.0121701261701,0.00597269624573,7,0.000900900900901,0.621196581197,37,37,37,1,0,0.72972972973,0.243243243243,0.027027027027,37,0.113363363363,1.32432432432,8.16216216216,15.1,4.31428571429,5.89497673878,0.722232249453,0.353678181493,7.26627819443,1.78047876287,0.776087345624,2.37321135429,0.581515364959,0.320386611777,0.579945114934,0.437917739848,2,1.32432432432,0.579945114934,2,0.0128261469707,0.00702987697715,4,0.000514800514801,0.331957230638,37,37,37,1,0,0.72972972973,0.216216216216,0.0540540540541,37,154,0.115615615616,1.32868352223,8.32432432432,15.4,4.16216216216,5.97240903402,0.71746472162,0.356791856792,7.29731120008,1.75325009352,0.770796770797,2.25479136154,0.541735586864,0.29835029835,0.593232142544,0.446481146652,2.14516129032,1.32868352223,0.593232142544,2.14516129032,0.01208536046,0.00855188141391,5,0.000643500643501,0.33218169753,37,37,37,1,0,0.72972972973,0.27027027027,0,-62,-0.0465465465465,0.00435919790758,-3.35135135135,-6.2,-1.83783783784,-2.22669001558,0.0152270715377,0.0467317967318,-3.03202542892,-0.0161270142206,0.00553150553151,-0.832040109162,0.0129727886415,0.0455975455975,0.0132870276095,0.0085634068037,0.145161290323,0.00435919790758,0.0132870276095,0.145161290323,-8.47657101527e-05,0.00257918516818,-2,-0.0002574002574,-0.289014883667,0,0.027027027027,-0.027027027027,153,1,63,1115,0.708333333333,0.999103942652,0.00089605734767,0.291666666667,0.993506493506,0.708333333333,0.827027027027,0.815481112974,0.707437275986,0.705069124424,3,65,0,0,0,0
3013,WLNM_dir_neg,0.992426035503,0.848956428187,00:00:02,10,70,35,1236970059,threshold_sweep,0.7,0.666666666667,0.0307692307692,0.0588235294118,2,1,63,129,0.0307692307692,0.992307692308,0.00769230769231,0.969230769231,0.666666666667,0.0307692307692,0.0588235294118,0.671794871795,0.661538461538,0.030303030303,0.0883883476483,0.0230769230769,216,151,65,0,216,0,151,0,65,37,216,0.162162162162,1.32432432432,11.6756756757,21.6,6,8.1990990496,0.702237650082,0.31006006006,10.329336629,1.76937710775,0.765265265265,3.0868314707,0.528762798222,0.252752752753,0.579945114934,0.437917739848,2,1.32432432432,0.579945114934,2,0.0121701261701,0.00597269624573,7,0.000900900900901,0.621196581197,37,37,37,1,0,0.72972972973,0.243243243243,0.027027027027,37,0.113363363363,1.32432432432,8.16216216216,15.1,4.31428571429,5.89497673878,0.722232249453,0.353678181493,7.26627819443,1.78047876287,0.776087345624,2.37321135429,0.581515364959,0.320386611777,0.579945114934,0.437917739848,2,1.32432432432,0.579945114934,2,0.0128261469707,0.00702987697715,4,0.000514800514801,0.331957230638,37,37,37,1,0,0.72972972973,0.216216216216,0.0540540540541,37,154,0.115615615616,1.32868352223,8.32432432432,15.4,4.16216216216,5.97240903402,0.71746472162,0.356791856792,7.29731120008,1.75325009352,0.770796770797,2.25479136154,0.541735586864,0.29835029835,0.593232142544,0.446481146652,2.14516129032,1.32868352223,0.593232142544,2.14516129032,0.01208536046,0.00855188141391,5,0.000643500643501,0.33218169753,37,37,37,1,0,0.72972972973,0.27027027027,0,-62,-0.0465465465465,0.00435919790758,-3.35135135135,-6.2,-1.83783783784,-2.22669001558,0.0152270715377,0.0467317967318,-3.03202542892,-0.0161270142206,0.00553150553151,-0.832040109162,0.0129727886415,0.0455975455975,0.0132870276095,0.0085634068037,0.145161290323,0.00435919790758,0.0132870276095,0.145161290323,-8.47657101527e-05,0.00257918516818,-2,-0.0002574002574,-0.289014883667,0,0.027027027027,-0.027027027027,153,1,63,1115,0.708333333333,0.999103942652,0.00089605734767,0.291666666667,0.993506493506,0.708333333333,0.827027027027,0.815481112974,0.707437275986,0.705069124424,3,65,0,0,0,0
3014,WLNM_dir_neg,0.992426035503,0.848956428187,00:00:02,10,70,35,1236970059,threshold_sweep,0.8,0.666666666667,0.0307692307692,0.0588235294118,2,1,63,129,0.0307692307692,0.992307692308,0.00769230769231,0.969230769231,0.666666666667,0.0307692307692,0.0588235294118,0.671794871795,0.661538461538,0.030303030303,0.0883883476483,0.0230769230769,216,151,65,0,216,0,151,0,65,37,216,0.162162162162,1.32432432432,11.6756756757,21.6,6,8.1990990496,0.702237650082,0.31006006006,10.329336629,1.76937710775,0.765265265265,3.0868314707,0.528762798222,0.252752752753,0.579945114934,0.437917739848,2,1.32432432432,0.579945114934,2,0.0121701261701,0.00597269624573,7,0.000900900900901,0.621196581197,37,37,37,1,0,0.72972972973,0.243243243243,0.027027027027,37,0.113363363363,1.32432432432,8.16216216216,15.1,4.31428571429,5.89497673878,0.722232249453,0.353678181493,7.26627819443,1.78047876287,0.776087345624,2.37321135429,0.581515364959,0.320386611777,0.579945114934,0.437917739848,2,1.32432432432,0.579945114934,2,0.0128261469707,0.00702987697715,4,0.000514800514801,0.331957230638,37,37,37,1,0,0.72972972973,0.216216216216,0.0540540540541,37,154,0.115615615616,1.32868352223,8.32432432432,15.4,4.16216216216,5.97240903402,0.71746472162,0.356791856792,7.29731120008,1.75325009352,0.770796770797,2.25479136154,0.541735586864,0.29835029835,0.593232142544,0.446481146652,2.14516129032,1.32868352223,0.593232142544,2.14516129032,0.01208536046,0.00855188141391,5,0.000643500643501,0.33218169753,37,37,37,1,0,0.72972972973,0.27027027027,0,-62,-0.0465465465465,0.00435919790758,-3.35135135135,-6.2,-1.83783783784,-2.22669001558,0.0152270715377,0.0467317967318,-3.03202542892,-0.0161270142206,0.00553150553151,-0.832040109162,0.0129727886415,0.0455975455975,0.0132870276095,0.0085634068037,0.145161290323,0.00435919790758,0.0132870276095,0.145161290323,-8.47657101527e-05,0.00257918516818,-2,-0.0002574002574,-0.289014883667,0,0.027027027027,-0.027027027027,153,1,63,1115,0.708333333333,0.999103942652,0.00089605734767,0.291666666667,0.993506493506,0.708333333333,0.827027027027,0.815481112974,0.707437275986,0.705069124424,3,65,0,0,0,0
3015,WLNM_dir_neg,0.992426035503,0.848956428187,00:00:02,10,70,35,1236970059,threshold_sweep,0.9,0.666666666667,0.0307692307692,0.0588235294118,2,1,63,129,0.0307692307692,0.992307692308,0.00769230769231,0.969230769231,0.666666666667,0.0307692307692,0.0588235294118,0.671794871795,0.661538461538,0.030303030303,0.0883883476483,0.0230769230769,216,151,65,0,216,0,151,0,65,37,216,0.162162162162,1.32432432432,11.6756756757,21.6,6,8.1990990496,0.702237650082,0.31006006006,10.329336629,1.76937710775,0.765265265265,3.0868314707,0.528762798222,0.252752752753,0.579945114934,0.437917739848,2,1.32432432432,0.579945114934,2,0.0121701261701,0.00597269624573,7,0.000900900900901,0.621196581197,37,37,37,1,0,0.72972972973,0.243243243243,0.027027027027,37,0.113363363363,1.32432432432,8.16216216216,15.1,4.31428571429,5.89497673878,0.722232249453,0.353678181493,7.26627819443,1.78047876287,0.776087345624,2.37321135429,0.581515364959,0.320386611777,0.579945114934,0.437917739848,2,1.32432432432,0.579945114934,2,0.0128261469707,0.00702987697715,4,0.000514800514801,0.331957230638,37,37,37,1,0,0.72972972973,0.216216216216,0.0540540540541,37,154,0.115615615616,1.32868352223,8.32432432432,15.4,4.16216216216,5.97240903402,0.71746472162,0.356791856792,7.29731120008,1.75325009352,0.770796770797,2.25479136154,0.541735586864,0.29835029835,0.593232142544,0.446481146652,2.14516129032,1.32868352223,0.593232142544,2.14516129032,0.01208536046,0.00855188141391,5,0.000643500643501,0.33218169753,37,37,37,1,0,0.72972972973,0.27027027027,0,-62,-0.0465465465465,0.00435919790758,-3.35135135135,-6.2,-1.83783783784,-2.22669001558,0.0152270715377,0.0467317967318,-3.03202542892,-0.0161270142206,0.00553150553151,-0.832040109162,0.0129727886415,0.0455975455975,0.0132870276095,0.0085634068037,0.145161290323,0.00435919790758,0.0132870276095,0.145161290323,-8.47657101527e-05,0.00257918516818,-2,-0.0002574002574,-0.289014883667,0,0.027027027027,-0.027027027027,153,1,63,1115,0.708333333333,0.999103942652,0.00089605734767,0.291666666667,0.993506493506,0.708333333333,0.827027027027,0.815481112974,0.707437275986,0.705069124424,3,65,0,0,0,0
3016,WLNM_dir_neg,0.977041420118,0.876108878141,00:00:02,10,70,36,1236970060,threshold_sweep,0.1,1,0.138461538462,0.243243243243,9,0,56,130,0.138461538462,1,0,0.861538461538,1,0.138461538462,0.243243243243,0.712820512821,0.651282051282,0.176470588235,0.311085508419,0.138461538462,216,151,65,0,216,0,151,0,65,37,216,0.162162162162,1.32432432432,11.6756756757,21.6,6,8.1990990496,0.702237650082,0.31006006006,10.329336629,1.76937710775,0.765265265265,3.0868314707,0.528762798222,0.252752752753,0.579945114934,0.437917739848,2,1.32432432432,0.579945114934,2,0.0121701261701,0.00597269624573,7,0.000900900900901,0.621196581197,37,37,37,1,0,0.72972972973,0.243243243243,0.027027027027,37,0.113363363363,1.32432432432,8.16216216216,15.1,4.71875,6.03007975585,0.738784605849,0.359226776445,7.54754698332,1.84939892969,0.786826561661,2.58605639685,0.633669448235,0.344370860927,0.579945114934,0.437917739848,2,1.33333333333,0.585540043769,2,0,0,0,0,0.337627705628,37,36,36,0.972972972973,0,0.702702702703,0.162162162162,0.108108108108,37,160,0.12012012012,1.32432432432,8.64864864865,16,4.44444444444,6.2281449718,0.720129262365,0.349662162162,7.60502046916,1.75866098349,0.771621621622,2.26144071647,0.522958165684,0.287162162162,0.579945114934,0.437917739848,2,1.32432432432,0.579945114934,2,0.0129489257738,0.00936524453694,6,0.000772200772201,0.347257335257,37,37,37,1,0,0.72972972973,0.243243243243,0.027027027027,-56,-0.042042042042,0,-3.02702702703,-5.6,-1.55555555556,-1.9709540778,0.0178916122828,0.0396021021021,-2.72431615984,-0.0107161242522,0.00635635635636,-0.825390754233,-0.00580463253846,0.0344094094094,0,0,0,0,0,0,0.000778799603637,0.00339254829121,-1,-0.0001287001287,-0.273939245939,0,0,0,160,0,56,1116,0.740740740741,1,0,0.259259259259,1,0.740740740741,0.851063829787,0.839849382455,0.740740740741,0.740740740741,9,65,0,0,0,0
3017,WLNM_dir_neg,0.977041420118,0.876108878141,00:00:02,10,70,36,1236970060,threshold_sweep,0.2,1,0.138461538462,0.243243243243,9,0,56,130,0.138461538462,1,0,0.861538461538,1,0.138461538462,0.243243243243,0.712820512821,0.651282051282,0.176470588235,0.311085508419,0.138461538462,216,151,65,0,216,0,151,0,65,37,216,0.162162162162,1.32432432432,11.6756756757,21.6,6,8.1990990496,0.702237650082,0.31006006006,10.329336629,1.76937710775,0.765265265265,3.0868314707,0.528762798222,0.252752752753,0.579945114934,0.437917739848,2,1.32432432432,0.579945114934,2,0.0121701261701,0.00597269624573,7,0.000900900900901,0.621196581197,37,37,37,1,0,0.72972972973,0.243243243243,0.027027027027,37,0.113363363363,1.32432432432,8.16216216216,15.1,4.71875,6.03007975585,0.738784605849,0.359226776445,7.54754698332,1.84939892969,0.786826561661,2.58605639685,0.633669448235,0.344370860927,0.579945114934,0.437917739848,2,1.33333333333,0.585540043769,2,0,0,0,0,0.337627705628,37,36,36,0.972972972973,0,0.702702702703,0.162162162162,0.108108108108,37,160,0.12012012012,1.32432432432,8.64864864865,16,4.44444444444,6.2281449718,0.720129262365,0.349662162162,7.60502046916,1.75866098349,0.771621621622,2.26144071647,0.522958165684,0.287162162162,0.579945114934,0.437917739848,2,1.32432432432,0.579945114934,2,0.0129489257738,0.00936524453694,6,0.000772200772201,0.347257335257,37,37,37,1,0,0.72972972973,0.243243243243,0.027027027027,-56,-0.042042042042,0,-3.02702702703,-5.6,-1.55555555556,-1.9709540778,0.0178916122828,0.0396021021021,-2.72431615984,-0.0107161242522,0.00635635635636,-0.825390754233,-0.00580463253846,0.0344094094094,0,0,0,0,0,0,0.000778799603637,0.00339254829121,-1,-0.0001287001287,-0.273939245939,0,0,0,160,0,56,1116,0.740740740741,1,0,0.259259259259,1,0.740740740741,0.851063829787,0.839849382455,0.740740740741,0.740740740741,9,65,0,0,0,0
3018,WLNM_dir_neg,0.977041420118,0.876108878141,00:00:02,10,70,36,1236970060,threshold_sweep,0.3,1,0.138461538462,0.243243243243,9,0,56,130,0.138461538462,1,0,0.861538461538,1,0.138461538462,0.243243243243,0.712820512821,0.651282051282,0.176470588235,0.311085508419,0.138461538462,216,151,65,0,216,0,151,0,65,37,216,0.162162162162,1.32432432432,11.6756756757,21.6,6,8.1990990496,0.702237650082,0.31006006006,10.329336629,1.76937710775,0.765265265265,3.0868314707,0.528762798222,0.252752752753,0.579945114934,0.437917739848,2,1.32432432432,0.579945114934,2,0.0121701261701,0.00597269624573,7,0.000900900900901,0.621196581197,37,37,37,1,0,0.72972972973,0.243243243243,0.027027027027,37,0.113363363363,1.32432432432,8.16216216216,15.1,4.71875,6.03007975585,0.738784605849,0.359226776445,7.54754698332,1.84939892969,0.786826561661,2.58605639685,0.633669448235,0.344370860927,0.579945114934,0.437917739848,2,1.33333333333,0.585540043769,2,0,0,0,0,0.337627705628,37,36,36,0.972972972973,0,0.702702702703,0.162162162162,0.108108108108,37,160,0.12012012012,1.32432432432,8.64864864865,16,4.44444444444,6.2281449718,0.720129262365,0.349662162162,7.60502046916,1.75866098349,0.771621621622,2.26144071647,0.522958165684,0.287162162162,0.579945114934,0.437917739848,2,1.32432432432,0.579945114934,2,0.0129489257738,0.00936524453694,6,0.000772200772201,0.347257335257,37,37,37,1,0,0.72972972973,0.243243243243,0.027027027027,-56,-0.042042042042,0,-3.02702702703,-5.6,-1.55555555556,-1.9709540778,0.0178916122828,0.0396021021021,-2.72431615984,-0.0107161242522,0.00635635635636,-0.825390754233,-0.00580463253846,0.0344094094094,0,0,0,0,0,0,0.000778799603637,0.00339254829121,-1,-0.0001287001287,-0.273939245939,0,0,0,160,0,56,1116,0.740740740741,1,0,0.259259259259,1,0.740740740741,0.851063829787,0.839849382455,0.740740740741,0.740740740741,9,65,0,0,0,0
3019,WLNM_dir_neg,0.977041420118,0.876108878141,00:00:02,10,70,36,1236970060,threshold_sweep,0.4,1,0.138461538462,0.243243243243,9,0,56,130,0.138461538462,1,0,0.861538461538,1,0.138461538462,0.243243243243,0.712820512821,0.651282051282,0.176470588235,0.311085508419,0.138461538462,216,151,65,0,216,0,151,0,65,37,216,0.162162162162,1.32432432432,11.6756756757,21.6,6,8.1990990496,0.702237650082,0.31006006006,10.329336629,1.76937710775,0.765265265265,3.0868314707,0.528762798222,0.252752752753,0.579945114934,0.437917739848,2,1.32432432432,0.579945114934,2,0.0121701261701,0.00597269624573,7,0.000900900900901,0.621196581197,37,37,37,1,0,0.72972972973,0.243243243243,0.027027027027,37,0.113363363363,1.32432432432,8.16216216216,15.1,4.71875,6.03007975585,0.738784605849,0.359226776445,7.54754698332,1.84939892969,0.786826561661,2.58605639685,0.633669448235,0.344370860927,0.579945114934,0.437917739848,2,1.33333333333,0.585540043769,2,0,0,0,0,0.337627705628,37,36,36,0.972972972973,0,0.702702702703,0.162162162162,0.108108108108,37,160,0.12012012012,1.32432432432,8.64864864865,16,4.44444444444,6.2281449718,0.720129262365,0.349662162162,7.60502046916,1.75866098349,0.771621621622,2.26144071647,0.522958165684,0.287162162162,0.579945114934,0.437917739848,2,1.32432432432,0.579945114934,2,0.0129489257738,0.00936524453694,6,0.000772200772201,0.347257335257,37,37,37,1,0,0.72972972973,0.243243243243,0.027027027027,-56,-0.042042042042,0,-3.02702702703,-5.6,-1.55555555556,-1.9709540778,0.0178916122828,0.0396021021021,-2.72431615984,-0.0107161242522,0.00635635635636,-0.825390754233,-0.00580463253846,0.0344094094094,0,0,0,0,0,0,0.000778799603637,0.00339254829121,-1,-0.0001287001287,-0.273939245939,0,0,0,160,0,56,1116,0.740740740741,1,0,0.259259259259,1,0.740740740741,0.851063829787,0.839849382455,0.740740740741,0.740740740741,9,65,0,0,0,0
3020,WLNM_dir_neg,0.977041420118,0.876108878141,00:00:02,10,70,36,1236970060,threshold_sweep,0.5,1,0.138461538462,0.243243243243,9,0,56,130,0.138461538462,1,0,0.861538461538,1,0.138461538462,0.243243243243,0.712820512821,0.651282051282,0.176470588235,0.311085508419,0.138461538462,216,151,65,0,216,0,151,0,65,37,216,0.162162162162,1.32432432432,11.6756756757,21.6,6,8.1990990496,0.702237650082,0.31006006006,10.329336629,1.76937710775,0.765265265265,3.0868314707,0.528762798222,0.252752752753,0.579945114934,0.437917739848,2,1.32432432432,0.579945114934,2,0.0121701261701,0.00597269624573,7,0.000900900900901,0.621196581197,37,37,37,1,0,0.72972972973,0.243243243243,0.027027027027,37,0.113363363363,1.32432432432,8.16216216216,15.1,4.71875,6.03007975585,0.738784605849,0.359226776445,7.54754698332,1.84939892969,0.786826561661,2.58605639685,0.633669448235,0.344370860927,0.579945114934,0.437917739848,2,1.33333333333,0.585540043769,2,0,0,0,0,0.337627705628,37,36,36,0.972972972973,0,0.702702702703,0.162162162162,0.108108108108,37,160,0.12012012012,1.32432432432,8.64864864865,16,4.44444444444,6.2281449718,0.720129262365,0.349662162162,7.60502046916,1.75866098349,0.771621621622,2.26144071647,0.522958165684,0.287162162162,0.579945114934,0.437917739848,2,1.32432432432,0.579945114934,2,0.0129489257738,0.00936524453694,6,0.000772200772201,0.347257335257,37,37,37,1,0,0.72972972973,0.243243243243,0.027027027027,-56,-0.042042042042,0,-3.02702702703,-5.6,-1.55555555556,-1.9709540778,0.0178916122828,0.0396021021021,-2.72431615984,-0.0107161242522,0.00635635635636,-0.825390754233,-0.00580463253846,0.0344094094094,0,0,0,0,0,0,0.000778799603637,0.00339254829121,-1,-0.0001287001287,-0.273939245939,0,0,0,160,0,56,1116,0.740740740741,1,0,0.259259259259,1,0.740740740741,0.851063829787,0.839849382455,0.740740740741,0.740740740741,9,65,0,0,0,0
3021,WLNM_dir_neg,0.977041420118,0.876108878141,00:00:02,10,70,36,1236970060,threshold_sweep,0.6,1,0.138461538462,0.243243243243,9,0,56,130,0.138461538462,1,0,0.861538461538,1,0.138461538462,0.243243243243,0.712820512821,0.651282051282,0.176470588235,0.311085508419,0.138461538462,216,151,65,0,216,0,151,0,65,37,216,0.162162162162,1.32432432432,11.6756756757,21.6,6,8.1990990496,0.702237650082,0.31006006006,10.329336629,1.76937710775,0.765265265265,3.0868314707,0.528762798222,0.252752752753,0.579945114934,0.437917739848,2,1.32432432432,0.579945114934,2,0.0121701261701,0.00597269624573,7,0.000900900900901,0.621196581197,37,37,37,1,0,0.72972972973,0.243243243243,0.027027027027,37,0.113363363363,1.32432432432,8.16216216216,15.1,4.71875,6.03007975585,0.738784605849,0.359226776445,7.54754698332,1.84939892969,0.786826561661,2.58605639685,0.633669448235,0.344370860927,0.579945114934,0.437917739848,2,1.33333333333,0.585540043769,2,0,0,0,0,0.337627705628,37,36,36,0.972972972973,0,0.702702702703,0.162162162162,0.108108108108,37,160,0.12012012012,1.32432432432,8.64864864865,16,4.44444444444,6.2281449718,0.720129262365,0.349662162162,7.60502046916,1.75866098349,0.771621621622,2.26144071647,0.522958165684,0.287162162162,0.579945114934,0.437917739848,2,1.32432432432,0.579945114934,2,0.0129489257738,0.00936524453694,6,0.000772200772201,0.347257335257,37,37,37,1,0,0.72972972973,0.243243243243,0.027027027027,-56,-0.042042042042,0,-3.02702702703,-5.6,-1.55555555556,-1.9709540778,0.0178916122828,0.0396021021021,-2.72431615984,-0.0107161242522,0.00635635635636,-0.825390754233,-0.00580463253846,0.0344094094094,0,0,0,0,0,0,0.000778799603637,0.00339254829121,-1,-0.0001287001287,-0.273939245939,0,0,0,160,0,56,1116,0.740740740741,1,0,0.259259259259,1,0.740740740741,0.851063829787,0.839849382455,0.740740740741,0.740740740741,9,65,0,0,0,0
3022,WLNM_dir_neg,0.977041420118,0.876108878141,00:00:02,10,70,36,1236970060,threshold_sweep,0.7,1,0.138461538462,0.243243243243,9,0,56,130,0.138461538462,1,0,0.861538461538,1,0.138461538462,0.243243243243,0.712820512821,0.651282051282,0.176470588235,0.311085508419,0.138461538462,216,151,65,0,216,0,151,0,65,37,216,0.162162162162,1.32432432432,11.6756756757,21.6,6,8.1990990496,0.702237650082,0.31006006006,10.329336629,1.76937710775,0.765265265265,3.0868314707,0.528762798222,0.252752752753,0.579945114934,0.437917739848,2,1.32432432432,0.579945114934,2,0.0121701261701,0.00597269624573,7,0.000900900900901,0.621196581197,37,37,37,1,0,0.72972972973,0.243243243243,0.027027027027,37,0.113363363363,1.32432432432,8.16216216216,15.1,4.71875,6.03007975585,0.738784605849,0.359226776445,7.54754698332,1.84939892969,0.786826561661,2.58605639685,0.633669448235,0.344370860927,0.579945114934,0.437917739848,2,1.33333333333,0.585540043769,2,0,0,0,0,0.337627705628,37,36,36,0.972972972973,0,0.702702702703,0.162162162162,0.108108108108,37,160,0.12012012012,1.32432432432,8.64864864865,16,4.44444444444,6.2281449718,0.720129262365,0.349662162162,7.60502046916,1.75866098349,0.771621621622,2.26144071647,0.522958165684,0.287162162162,0.579945114934,0.437917739848,2,1.32432432432,0.579945114934,2,0.0129489257738,0.00936524453694,6,0.000772200772201,0.347257335257,37,37,37,1,0,0.72972972973,0.243243243243,0.027027027027,-56,-0.042042042042,0,-3.02702702703,-5.6,-1.55555555556,-1.9709540778,0.0178916122828,0.0396021021021,-2.72431615984,-0.0107161242522,0.00635635635636,-0.825390754233,-0.00580463253846,0.0344094094094,0,0,0,0,0,0,0.000778799603637,0.00339254829121,-1,-0.0001287001287,-0.273939245939,0,0,0,160,0,56,1116,0.740740740741,1,0,0.259259259259,1,0.740740740741,0.851063829787,0.839849382455,0.740740740741,0.740740740741,9,65,0,0,0,0
3023,WLNM_dir_neg,0.977041420118,0.876108878141,00:00:02,10,70,36,1236970060,threshold_sweep,0.8,1,0.138461538462,0.243243243243,9,0,56,130,0.138461538462,1,0,0.861538461538,1,0.138461538462,0.243243243243,0.712820512821,0.651282051282,0.176470588235,0.311085508419,0.138461538462,216,151,65,0,216,0,151,0,65,37,216,0.162162162162,1.32432432432,11.6756756757,21.6,6,8.1990990496,0.702237650082,0.31006006006,10.329336629,1.76937710775,0.765265265265,3.0868314707,0.528762798222,0.252752752753,0.579945114934,0.437917739848,2,1.32432432432,0.579945114934,2,0.0121701261701,0.00597269624573,7,0.000900900900901,0.621196581197,37,37,37,1,0,0.72972972973,0.243243243243,0.027027027027,37,0.113363363363,1.32432432432,8.16216216216,15.1,4.71875,6.03007975585,0.738784605849,0.359226776445,7.54754698332,1.84939892969,0.786826561661,2.58605639685,0.633669448235,0.344370860927,0.579945114934,0.437917739848,2,1.33333333333,0.585540043769,2,0,0,0,0,0.337627705628,37,36,36,0.972972972973,0,0.702702702703,0.162162162162,0.108108108108,37,160,0.12012012012,1.32432432432,8.64864864865,16,4.44444444444,6.2281449718,0.720129262365,0.349662162162,7.60502046916,1.75866098349,0.771621621622,2.26144071647,0.522958165684,0.287162162162,0.579945114934,0.437917739848,2,1.32432432432,0.579945114934,2,0.0129489257738,0.00936524453694,6,0.000772200772201,0.347257335257,37,37,37,1,0,0.72972972973,0.243243243243,0.027027027027,-56,-0.042042042042,0,-3.02702702703,-5.6,-1.55555555556,-1.9709540778,0.0178916122828,0.0396021021021,-2.72431615984,-0.0107161242522,0.00635635635636,-0.825390754233,-0.00580463253846,0.0344094094094,0,0,0,0,0,0,0.000778799603637,0.00339254829121,-1,-0.0001287001287,-0.273939245939,0,0,0,160,0,56,1116,0.740740740741,1,0,0.259259259259,1,0.740740740741,0.851063829787,0.839849382455,0.740740740741,0.740740740741,9,65,0,0,0,0
3024,WLNM_dir_neg,0.977041420118,0.876108878141,00:00:02,10,70,36,1236970060,threshold_sweep,0.9,1,0.123076923077,0.219178082192,8,0,57,130,0.123076923077,1,0,0.876923076923,1,0.123076923077,0.219178082192,0.707692307692,0.652991452991,0.15763546798,0.292508969651,0.123076923077,216,151,65,0,216,0,151,0,65,37,216,0.162162162162,1.32432432432,11.6756756757,21.6,6,8.1990990496,0.702237650082,0.31006006006,10.329336629,1.76937710775,0.765265265265,3.0868314707,0.528762798222,0.252752752753,0.579945114934,0.437917739848,2,1.32432432432,0.579945114934,2,0.0121701261701,0.00597269624573,7,0.000900900900901,0.621196581197,37,37,37,1,0,0.72972972973,0.243243243243,0.027027027027,37,0.113363363363,1.32432432432,8.16216216216,15.1,4.71875,6.03007975585,0.738784605849,0.359226776445,7.54754698332,1.84939892969,0.786826561661,2.58605639685,0.633669448235,0.344370860927,0.579945114934,0.437917739848,2,1.33333333333,0.585540043769,2,0,0,0,0,0.337627705628,37,36,36,0.972972972973,0,0.702702702703,0.162162162162,0.108108108108,37,159,0.119369369369,1.32432432432,8.59459459459,15.9,4.41666666667,6.17548675301,0.718531477552,0.347781744008,7.58604297694,1.76530559841,0.773074961754,2.29570692168,0.534221107562,0.293047764746,0.579945114934,0.437917739848,2,1.32432432432,0.579945114934,2,0.011596735775,0.00791974656811,5,0.000643500643501,0.345035113035,37,37,37,1,0,0.72972972973,0.243243243243,0.027027027027,-57,-0.0427927927928,0,-3.08108108108,-5.7,-1.58333333333,-2.02361229659,0.0162938274699,0.0377216839481,-2.74329365206,-0.00407150933687,0.00780969648894,-0.791124549019,0.00545830933937,0.0402950119931,0,0,0,0,0,0,-0.00057339039517,0.00194705032238,-2,-0.0002574002574,-0.276161468161,0,0,0,159,0,57,1116,0.736111111111,1,0,0.263888888889,1,0.736111111111,0.848,0.836863791765,0.736111111111,0.736111111111,8,65,0,0,0,0
3025,WLNM_dir_neg,0.996272189349,0.977170414736,00:00:02,10,70,37,1236970061,threshold_sweep,0.1,1,0.0769230769231,0.142857142857,5,0,60,130,0.0769230769231,1,0,0.923076923077,1,0.0769230769231,0.142857142857,0.692307692308,0.65811965812,0.1,0.229415733871,0.0769230769231,216,151,65,0,216,0,151,0,65,37,216,0.162162162162,1.32432432432,11.6756756757,21.6,6,8.1990990496,0.702237650082,0.31006006006,10.329336629,1.76937710775,0.765265265265,3.0868314707,0.528762798222,0.252752752753,0.579945114934,0.437917739848,2,1.32432432432,0.579945114934,2,0.0121701261701,0.00597269624573,7,0.000900900900901,0.621196581197,37,37,37,1,0,0.72972972973,0.243243243243,0.027027027027,37,0.113363363363,1.32432432432,8.16216216216,15.1,4.44117647059,5.86663595406,0.718760034106,0.352604259889,7.30060263258,1.78888938679,0.77501342402,2.50974078319,0.614969595881,0.340075174512,0.579945114934,0.437917739848,2,1.33333333333,0.585540043769,2,0.00791979949875,0.00352733686067,2,0.0002574002574,0.343207820092,37,36,36,0.972972972973,0,0.702702702703,0.216216216216,0.0540540540541,37,156,0.117117117117,1.32432432432,8.43243243243,15.6,4.45714285714,6.10346231677,0.723808031156,0.360187110187,7.36408376716,1.74660961144,0.767151767152,2.34680794006,0.556614703731,0.309078309078,0.579945114934,0.437917739848,2,1.33333333333,0.585540043769,2,0.012921752433,0.00983606557377,6,0.000772200772201,0.35160288182,37,36,36,0.972972972973,0,0.702702702703,0.243243243243,0.027027027027,-60,-0.045045045045,0,-3.24324324324,-6,-1.54285714286,-2.09563673283,0.0215703810738,0.0501270501271,-2.96525286184,-0.0227674963038,0.0018865018865,-0.740023530648,0.0278519055087,0.0563255563256,0,0,0,0.00900900900901,0.00559492883467,0,0.000751626262904,0.00386336932804,-1,-0.0001287001287,-0.269593699376,-0.027027027027,0,0,156,0,60,1116,0.722222222222,1,0,0.277777777778,1,0.722222222222,0.838709677419,0.827873269082,0.722222222222,0.722222222222,5,65,0,0,0,0
3026,WLNM_dir_neg,0.996272189349,0.977170414736,00:00:02,10,70,37,1236970061,threshold_sweep,0.2,1,0.0769230769231,0.142857142857,5,0,60,130,0.0769230769231,1,0,0.923076923077,1,0.0769230769231,0.142857142857,0.692307692308,0.65811965812,0.1,0.229415733871,0.0769230769231,216,151,65,0,216,0,151,0,65,37,216,0.162162162162,1.32432432432,11.6756756757,21.6,6,8.1990990496,0.702237650082,0.31006006006,10.329336629,1.76937710775,0.765265265265,3.0868314707,0.528762798222,0.252752752753,0.579945114934,0.437917739848,2,1.32432432432,0.579945114934,2,0.0121701261701,0.00597269624573,7,0.000900900900901,0.621196581197,37,37,37,1,0,0.72972972973,0.243243243243,0.027027027027,37,0.113363363363,1.32432432432,8.16216216216,15.1,4.44117647059,5.86663595406,0.718760034106,0.352604259889,7.30060263258,1.78888938679,0.77501342402,2.50974078319,0.614969595881,0.340075174512,0.579945114934,0.437917739848,2,1.33333333333,0.585540043769,2,0.00791979949875,0.00352733686067,2,0.0002574002574,0.343207820092,37,36,36,0.972972972973,0,0.702702702703,0.216216216216,0.0540540540541,37,156,0.117117117117,1.32432432432,8.43243243243,15.6,4.45714285714,6.10346231677,0.723808031156,0.360187110187,7.36408376716,1.74660961144,0.767151767152,2.34680794006,0.556614703731,0.309078309078,0.579945114934,0.437917739848,2,1.33333333333,0.585540043769,2,0.012921752433,0.00983606557377,6,0.000772200772201,0.35160288182,37,36,36,0.972972972973,0,0.702702702703,0.243243243243,0.027027027027,-60,-0.045045045045,0,-3.24324324324,-6,-1.54285714286,-2.09563673283,0.0215703810738,0.0501270501271,-2.96525286184,-0.0227674963038,0.0018865018865,-0.740023530648,0.0278519055087,0.0563255563256,0,0,0,0.00900900900901,0.00559492883467,0,0.000751626262904,0.00386336932804,-1,-0.0001287001287,-0.269593699376,-0.027027027027,0,0,156,0,60,1116,0.722222222222,1,0,0.277777777778,1,0.722222222222,0.838709677419,0.827873269082,0.722222222222,0.722222222222,5,65,0,0,0,0
3027,WLNM_dir_neg,0.996272189349,0.977170414736,00:00:02,10,70,37,1236970061,threshold_sweep,0.3,1,0.0769230769231,0.142857142857,5,0,60,130,0.0769230769231,1,0,0.923076923077,1,0.0769230769231,0.142857142857,0.692307692308,0.65811965812,0.1,0.229415733871,0.0769230769231,216,151,65,0,216,0,151,0,65,37,216,0.162162162162,1.32432432432,11.6756756757,21.6,6,8.1990990496,0.702237650082,0.31006006006,10.329336629,1.76937710775,0.765265265265,3.0868314707,0.528762798222,0.252752752753,0.579945114934,0.437917739848,2,1.32432432432,0.579945114934,2,0.0121701261701,0.00597269624573,7,0.000900900900901,0.621196581197,37,37,37,1,0,0.72972972973,0.243243243243,0.027027027027,37,0.113363363363,1.32432432432,8.16216216216,15.1,4.44117647059,5.86663595406,0.718760034106,0.352604259889,7.30060263258,1.78888938679,0.77501342402,2.50974078319,0.614969595881,0.340075174512,0.579945114934,0.437917739848,2,1.33333333333,0.585540043769,2,0.00791979949875,0.00352733686067,2,0.0002574002574,0.343207820092,37,36,36,0.972972972973,0,0.702702702703,0.216216216216,0.0540540540541,37,156,0.117117117117,1.32432432432,8.43243243243,15.6,4.45714285714,6.10346231677,0.723808031156,0.360187110187,7.36408376716,1.74660961144,0.767151767152,2.34680794006,0.556614703731,0.309078309078,0.579945114934,0.437917739848,2,1.33333333333,0.585540043769,2,0.012921752433,0.00983606557377,6,0.000772200772201,0.35160288182,37,36,36,0.972972972973,0,0.702702702703,0.243243243243,0.027027027027,-60,-0.045045045045,0,-3.24324324324,-6,-1.54285714286,-2.09563673283,0.0215703810738,0.0501270501271,-2.96525286184,-0.0227674963038,0.0018865018865,-0.740023530648,0.0278519055087,0.0563255563256,0,0,0,0.00900900900901,0.00559492883467,0,0.000751626262904,0.00386336932804,-1,-0.0001287001287,-0.269593699376,-0.027027027027,0,0,156,0,60,1116,0.722222222222,1,0,0.277777777778,1,0.722222222222,0.838709677419,0.827873269082,0.722222222222,0.722222222222,5,65,0,0,0,0
3028,WLNM_dir_neg,0.996272189349,0.977170414736,00:00:02,10,70,37,1236970061,threshold_sweep,0.4,1,0.0769230769231,0.142857142857,5,0,60,130,0.0769230769231,1,0,0.923076923077,1,0.0769230769231,0.142857142857,0.692307692308,0.65811965812,0.1,0.229415733871,0.0769230769231,216,151,65,0,216,0,151,0,65,37,216,0.162162162162,1.32432432432,11.6756756757,21.6,6,8.1990990496,0.702237650082,0.31006006006,10.329336629,1.76937710775,0.765265265265,3.0868314707,0.528762798222,0.252752752753,0.579945114934,0.437917739848,2,1.32432432432,0.579945114934,2,0.0121701261701,0.00597269624573,7,0.000900900900901,0.621196581197,37,37,37,1,0,0.72972972973,0.243243243243,0.027027027027,37,0.113363363363,1.32432432432,8.16216216216,15.1,4.44117647059,5.86663595406,0.718760034106,0.352604259889,7.30060263258,1.78888938679,0.77501342402,2.50974078319,0.614969595881,0.340075174512,0.579945114934,0.437917739848,2,1.33333333333,0.585540043769,2,0.00791979949875,0.00352733686067,2,0.0002574002574,0.343207820092,37,36,36,0.972972972973,0,0.702702702703,0.216216216216,0.0540540540541,37,156,0.117117117117,1.32432432432,8.43243243243,15.6,4.45714285714,6.10346231677,0.723808031156,0.360187110187,7.36408376716,1.74660961144,0.767151767152,2.34680794006,0.556614703731,0.309078309078,0.579945114934,0.437917739848,2,1.33333333333,0.585540043769,2,0.012921752433,0.00983606557377,6,0.000772200772201,0.35160288182,37,36,36,0.972972972973,0,0.702702702703,0.243243243243,0.027027027027,-60,-0.045045045045,0,-3.24324324324,-6,-1.54285714286,-2.09563673283,0.0215703810738,0.0501270501271,-2.96525286184,-0.0227674963038,0.0018865018865,-0.740023530648,0.0278519055087,0.0563255563256,0,0,0,0.00900900900901,0.00559492883467,0,0.000751626262904,0.00386336932804,-1,-0.0001287001287,-0.269593699376,-0.027027027027,0,0,156,0,60,1116,0.722222222222,1,0,0.277777777778,1,0.722222222222,0.838709677419,0.827873269082,0.722222222222,0.722222222222,5,65,0,0,0,0
3029,WLNM_dir_neg,0.996272189349,0.977170414736,00:00:02,10,70,37,1236970061,threshold_sweep,0.5,1,0.0769230769231,0.142857142857,5,0,60,130,0.0769230769231,1,0,0.923076923077,1,0.0769230769231,0.142857142857,0.692307692308,0.65811965812,0.1,0.229415733871,0.0769230769231,216,151,65,0,216,0,151,0,65,37,216,0.162162162162,1.32432432432,11.6756756757,21.6,6,8.1990990496,0.702237650082,0.31006006006,10.329336629,1.76937710775,0.765265265265,3.0868314707,0.528762798222,0.252752752753,0.579945114934,0.437917739848,2,1.32432432432,0.579945114934,2,0.0121701261701,0.00597269624573,7,0.000900900900901,0.621196581197,37,37,37,1,0,0.72972972973,0.243243243243,0.027027027027,37,0.113363363363,1.32432432432,8.16216216216,15.1,4.44117647059,5.86663595406,0.718760034106,0.352604259889,7.30060263258,1.78888938679,0.77501342402,2.50974078319,0.614969595881,0.340075174512,0.579945114934,0.437917739848,2,1.33333333333,0.585540043769,2,0.00791979949875,0.00352733686067,2,0.0002574002574,0.343207820092,37,36,36,0.972972972973,0,0.702702702703,0.216216216216,0.0540540540541,37,156,0.117117117117,1.32432432432,8.43243243243,15.6,4.45714285714,6.10346231677,0.723808031156,0.360187110187,7.36408376716,1.74660961144,0.767151767152,2.34680794006,0.556614703731,0.309078309078,0.579945114934,0.437917739848,2,1.33333333333,0.585540043769,2,0.012921752433,0.00983606557377,6,0.000772200772201,0.35160288182,37,36,36,0.972972972973,0,0.702702702703,0.243243243243,0.027027027027,-60,-0.045045045045,0,-3.24324324324,-6,-1.54285714286,-2.09563673283,0.0215703810738,0.0501270501271,-2.96525286184,-0.0227674963038,0.0018865018865,-0.740023530648,0.0278519055087,0.0563255563256,0,0,0,0.00900900900901,0.00559492883467,0,0.000751626262904,0.00386336932804,-1,-0.0001287001287,-0.269593699376,-0.027027027027,0,0,156,0,60,1116,0.722222222222,1,0,0.277777777778,1,0.722222222222,0.838709677419,0.827873269082,0.722222222222,0.722222222222,5,65,0,0,0,0
3030,WLNM_dir_neg,0.996272189349,0.977170414736,00:00:02,10,70,37,1236970061,threshold_sweep,0.6,1,0.0769230769231,0.142857142857,5,0,60,130,0.0769230769231,1,0,0.923076923077,1,0.0769230769231,0.142857142857,0.692307692308,0.65811965812,0.1,0.229415733871,0.0769230769231,216,151,65,0,216,0,151,0,65,37,216,0.162162162162,1.32432432432,11.6756756757,21.6,6,8.1990990496,0.702237650082,0.31006006006,10.329336629,1.76937710775,0.765265265265,3.0868314707,0.528762798222,0.252752752753,0.579945114934,0.437917739848,2,1.32432432432,0.579945114934,2,0.0121701261701,0.00597269624573,7,0.000900900900901,0.621196581197,37,37,37,1,0,0.72972972973,0.243243243243,0.027027027027,37,0.113363363363,1.32432432432,8.16216216216,15.1,4.44117647059,5.86663595406,0.718760034106,0.352604259889,7.30060263258,1.78888938679,0.77501342402,2.50974078319,0.614969595881,0.340075174512,0.579945114934,0.437917739848,2,1.33333333333,0.585540043769,2,0.00791979949875,0.00352733686067,2,0.0002574002574,0.343207820092,37,36,36,0.972972972973,0,0.702702702703,0.216216216216,0.0540540540541,37,156,0.117117117117,1.32432432432,8.43243243243,15.6,4.45714285714,6.10346231677,0.723808031156,0.360187110187,7.36408376716,1.74660961144,0.767151767152,2.34680794006,0.556614703731,0.309078309078,0.579945114934,0.437917739848,2,1.33333333333,0.585540043769,2,0.012921752433,0.00983606557377,6,0.000772200772201,0.35160288182,37,36,36,0.972972972973,0,0.702702702703,0.243243243243,0.027027027027,-60,-0.045045045045,0,-3.24324324324,-6,-1.54285714286,-2.09563673283,0.0215703810738,0.0501270501271,-2.96525286184,-0.0227674963038,0.0018865018865,-0.740023530648,0.0278519055087,0.0563255563256,0,0,0,0.00900900900901,0.00559492883467,0,0.000751626262904,0.00386336932804,-1,-0.0001287001287,-0.269593699376,-0.027027027027,0,0,156,0,60,1116,0.722222222222,1,0,0.277777777778,1,0.722222222222,0.838709677419,0.827873269082,0.722222222222,0.722222222222,5,65,0,0,0,0
3031,WLNM_dir_neg,0.996272189349,0.977170414736,00:00:02,10,70,37,1236970061,threshold_sweep,0.7,1,0.0769230769231,0.142857142857,5,0,60,130,0.0769230769231,1,0,0.923076923077,1,0.0769230769231,0.142857142857,0.692307692308,0.65811965812,0.1,0.229415733871,0.0769230769231,216,151,65,0,216,0,151,0,65,37,216,0.162162162162,1.32432432432,11.6756756757,21.6,6,8.1990990496,0.702237650082,0.31006006006,10.329336629,1.76937710775,0.765265265265,3.0868314707,0.528762798222,0.252752752753,0.579945114934,0.437917739848,2,1.32432432432,0.579945114934,2,0.0121701261701,0.00597269624573,7,0.000900900900901,0.621196581197,37,37,37,1,0,0.72972972973,0.243243243243,0.027027027027,37,0.113363363363,1.32432432432,8.16216216216,15.1,4.44117647059,5.86663595406,0.718760034106,0.352604259889,7.30060263258,1.78888938679,0.77501342402,2.50974078319,0.614969595881,0.340075174512,0.579945114934,0.437917739848,2,1.33333333333,0.585540043769,2,0.00791979949875,0.00352733686067,2,0.0002574002574,0.343207820092,37,36,36,0.972972972973,0,0.702702702703,0.216216216216,0.0540540540541,37,156,0.117117117117,1.32432432432,8.43243243243,15.6,4.45714285714,6.10346231677,0.723808031156,0.360187110187,7.36408376716,1.74660961144,0.767151767152,2.34680794006,0.556614703731,0.309078309078,0.579945114934,0.437917739848,2,1.33333333333,0.585540043769,2,0.012921752433,0.00983606557377,6,0.000772200772201,0.35160288182,37,36,36,0.972972972973,0,0.702702702703,0.243243243243,0.027027027027,-60,-0.045045045045,0,-3.24324324324,-6,-1.54285714286,-2.09563673283,0.0215703810738,0.0501270501271,-2.96525286184,-0.0227674963038,0.0018865018865,-0.740023530648,0.0278519055087,0.0563255563256,0,0,0,0.00900900900901,0.00559492883467,0,0.000751626262904,0.00386336932804,-1,-0.0001287001287,-0.269593699376,-0.027027027027,0,0,156,0,60,1116,0.722222222222,1,0,0.277777777778,1,0.722222222222,0.838709677419,0.827873269082,0.722222222222,0.722222222222,5,65,0,0,0,0
3032,WLNM_dir_neg,0.996272189349,0.977170414736,00:00:02,10,70,37,1236970061,threshold_sweep,0.8,1,0.0769230769231,0.142857142857,5,0,60,130,0.0769230769231,1,0,0.923076923077,1,0.0769230769231,0.142857142857,0.692307692308,0.65811965812,0.1,0.229415733871,0.0769230769231,216,151,65,0,216,0,151,0,65,37,216,0.162162162162,1.32432432432,11.6756756757,21.6,6,8.1990990496,0.702237650082,0.31006006006,10.329336629,1.76937710775,0.765265265265,3.0868314707,0.528762798222,0.252752752753,0.579945114934,0.437917739848,2,1.32432432432,0.579945114934,2,0.0121701261701,0.00597269624573,7,0.000900900900901,0.621196581197,37,37,37,1,0,0.72972972973,0.243243243243,0.027027027027,37,0.113363363363,1.32432432432,8.16216216216,15.1,4.44117647059,5.86663595406,0.718760034106,0.352604259889,7.30060263258,1.78888938679,0.77501342402,2.50974078319,0.614969595881,0.340075174512,0.579945114934,0.437917739848,2,1.33333333333,0.585540043769,2,0.00791979949875,0.00352733686067,2,0.0002574002574,0.343207820092,37,36,36,0.972972972973,0,0.702702702703,0.216216216216,0.0540540540541,37,156,0.117117117117,1.32432432432,8.43243243243,15.6,4.45714285714,6.10346231677,0.723808031156,0.360187110187,7.36408376716,1.74660961144,0.767151767152,2.34680794006,0.556614703731,0.309078309078,0.579945114934,0.437917739848,2,1.33333333333,0.585540043769,2,0.012921752433,0.00983606557377,6,0.000772200772201,0.35160288182,37,36,36,0.972972972973,0,0.702702702703,0.243243243243,0.027027027027,-60,-0.045045045045,0,-3.24324324324,-6,-1.54285714286,-2.09563673283,0.0215703810738,0.0501270501271,-2.96525286184,-0.0227674963038,0.0018865018865,-0.740023530648,0.0278519055087,0.0563255563256,0,0,0,0.00900900900901,0.00559492883467,0,0.000751626262904,0.00386336932804,-1,-0.0001287001287,-0.269593699376,-0.027027027027,0,0,156,0,60,1116,0.722222222222,1,0,0.277777777778,1,0.722222222222,0.838709677419,0.827873269082,0.722222222222,0.722222222222,5,65,0,0,0,0
3033,WLNM_dir_neg,0.996272189349,0.977170414736,00:00:02,10,70,37,1236970061,threshold_sweep,0.9,1,0.0769230769231,0.142857142857,5,0,60,130,0.0769230769231,1,0,0.923076923077,1,0.0769230769231,0.142857142857,0.692307692308,0.65811965812,0.1,0.229415733871,0.0769230769231,216,151,65,0,216,0,151,0,65,37,216,0.162162162162,1.32432432432,11.6756756757,21.6,6,8.1990990496,0.702237650082,0.31006006006,10.329336629,1.76937710775,0.765265265265,3.0868314707,0.528762798222,0.252752752753,0.579945114934,0.437917739848,2,1.32432432432,0.579945114934,2,0.0121701261701,0.00597269624573,7,0.000900900900901,0.621196581197,37,37,37,1,0,0.72972972973,0.243243243243,0.027027027027,37,0.113363363363,1.32432432432,8.16216216216,15.1,4.44117647059,5.86663595406,0.718760034106,0.352604259889,7.30060263258,1.78888938679,0.77501342402,2.50974078319,0.614969595881,0.340075174512,0.579945114934,0.437917739848,2,1.33333333333,0.585540043769,2,0.00791979949875,0.00352733686067,2,0.0002574002574,0.343207820092,37,36,36,0.972972972973,0,0.702702702703,0.216216216216,0.0540540540541,37,156,0.117117117117,1.32432432432,8.43243243243,15.6,4.45714285714,6.10346231677,0.723808031156,0.360187110187,7.36408376716,1.74660961144,0.767151767152,2.34680794006,0.556614703731,0.309078309078,0.579945114934,0.437917739848,2,1.33333333333,0.585540043769,2,0.012921752433,0.00983606557377,6,0.000772200772201,0.35160288182,37,36,36,0.972972972973,0,0.702702702703,0.243243243243,0.027027027027,-60,-0.045045045045,0,-3.24324324324,-6,-1.54285714286,-2.09563673283,0.0215703810738,0.0501270501271,-2.96525286184,-0.0227674963038,0.0018865018865,-0.740023530648,0.0278519055087,0.0563255563256,0,0,0,0.00900900900901,0.00559492883467,0,0.000751626262904,0.00386336932804,-1,-0.0001287001287,-0.269593699376,-0.027027027027,0,0,156,0,60,1116,0.722222222222,1,0,0.277777777778,1,0.722222222222,0.838709677419,0.827873269082,0.722222222222,0.722222222222,5,65,0,0,0,0
3034,WLNM_dir_neg,0.97349112426,0.776209727848,00:00:03,10,70,38,1236970062,threshold_sweep,0.1,0.666666666667,0.0307692307692,0.0588235294118,2,1,63,129,0.0307692307692,0.992307692308,0.00769230769231,0.969230769231,0.666666666667,0.0307692307692,0.0588235294118,0.671794871795,0.661538461538,0.030303030303,0.0883883476483,0.0230769230769,216,151,65,0,216,0,151,0,65,37,216,0.162162162162,1.32432432432,11.6756756757,21.6,6,8.1990990496,0.702237650082,0.31006006006,10.329336629,1.76937710775,0.765265265265,3.0868314707,0.528762798222,0.252752752753,0.579945114934,0.437917739848,2,1.32432432432,0.579945114934,2,0.0121701261701,0.00597269624573,7,0.000900900900901,0.621196581197,37,37,37,1,0,0.72972972973,0.243243243243,0.027027027027,37,0.113363363363,1.32432432432,8.16216216216,15.1,4.31428571429,5.85241409597,0.71701762103,0.350277429748,7.25862849908,1.77860433421,0.772507606945,2.37321135429,0.581515364959,0.319312690174,0.579945114934,0.437917739848,2,1.32432432432,0.579945114934,2,0.0120427692608,0.00530035335689,3,0.0003861003861,0.329860196165,37,37,37,1,0,0.72972972973,0.216216216216,0.0540540540541,37,154,0.115615615616,1.32942376339,8.32432432432,15.4,4.16216216216,5.92102681623,0.71129218247,0.351000351,7.28206897307,1.74958800002,0.767286767287,2.25479136154,0.541735586864,0.297297297297,0.595554556617,0.447979472776,2.16981132075,1.32942376339,0.595554556617,2.16981132075,0.0114138510269,0.00688073394495,4,0.000514800514801,0.330533596838,37,37,37,1,0,0.72972972973,0.27027027027,0,-62,-0.0465465465465,0.0050994390617,-3.35135135135,-6.2,-1.83783783784,-2.27807223337,0.00905453238777,0.0409402909403,-3.04726765593,-0.0197891077223,0.0020215020215,-0.832040109162,0.0129727886415,0.0445445445445,0.0156094416829,0.0100617329274,0.169811320755,0.0050994390617,0.0156094416829,0.169811320755,-0.000756275143272,0.00090803769922,-3,-0.0003861003861,-0.290662984359,0,0.027027027027,-0.027027027027,153,1,63,1115,0.708333333333,0.999103942652,0.00089605734767,0.291666666667,0.993506493506,0.708333333333,0.827027027027,0.815481112974,0.707437275986,0.705069124424,3,65,0,0,0,0
3035,WLNM_dir_neg,0.97349112426,0.776209727848,00:00:03,10,70,38,1236970062,threshold_sweep,0.2,0.666666666667,0.0307692307692,0.0588235294118,2,1,63,129,0.0307692307692,0.992307692308,0.00769230769231,0.969230769231,0.666666666667,0.0307692307692,0.0588235294118,0.671794871795,0.661538461538,0.030303030303,0.0883883476483,0.0230769230769,216,151,65,0,216,0,151,0,65,37,216,0.162162162162,1.32432432432,11.6756756757,21.6,6,8.1990990496,0.702237650082,0.31006006006,10.329336629,1.76937710775,0.765265265265,3.0868314707,0.528762798222,0.252752752753,0.579945114934,0.437917739848,2,1.32432432432,0.579945114934,2,0.0121701261701,0.00597269624573,7,0.000900900900901,0.621196581197,37,37,37,1,0,0.72972972973,0.243243243243,0.027027027027,37,0.113363363363,1.32432432432,8.16216216216,15.1,4.31428571429,5.85241409597,0.71701762103,0.350277429748,7.25862849908,1.77860433421,0.772507606945,2.37321135429,0.581515364959,0.319312690174,0.579945114934,0.437917739848,2,1.32432432432,0.579945114934,2,0.0120427692608,0.00530035335689,3,0.0003861003861,0.329860196165,37,37,37,1,0,0.72972972973,0.216216216216,0.0540540540541,37,154,0.115615615616,1.32942376339,8.32432432432,15.4,4.16216216216,5.92102681623,0.71129218247,0.351000351,7.28206897307,1.74958800002,0.767286767287,2.25479136154,0.541735586864,0.297297297297,0.595554556617,0.447979472776,2.16981132075,1.32942376339,0.595554556617,2.16981132075,0.0114138510269,0.00688073394495,4,0.000514800514801,0.330533596838,37,37,37,1,0,0.72972972973,0.27027027027,0,-62,-0.0465465465465,0.0050994390617,-3.35135135135,-6.2,-1.83783783784,-2.27807223337,0.00905453238777,0.0409402909403,-3.04726765593,-0.0197891077223,0.0020215020215,-0.832040109162,0.0129727886415,0.0445445445445,0.0156094416829,0.0100617329274,0.169811320755,0.0050994390617,0.0156094416829,0.169811320755,-0.000756275143272,0.00090803769922,-3,-0.0003861003861,-0.290662984359,0,0.027027027027,-0.027027027027,153,1,63,1115,0.708333333333,0.999103942652,0.00089605734767,0.291666666667,0.993506493506,0.708333333333,0.827027027027,0.815481112974,0.707437275986,0.705069124424,3,65,0,0,0,0
3036,WLNM_dir_neg,0.97349112426,0.776209727848,00:00:03,10,70,38,1236970062,threshold_sweep,0.3,0.666666666667,0.0307692307692,0.0588235294118,2,1,63,129,0.0307692307692,0.992307692308,0.00769230769231,0.969230769231,0.666666666667,0.0307692307692,0.0588235294118,0.671794871795,0.661538461538,0.030303030303,0.0883883476483,0.0230769230769,216,151,65,0,216,0,151,0,65,37,216,0.162162162162,1.32432432432,11.6756756757,21.6,6,8.1990990496,0.702237650082,0.31006006006,10.329336629,1.76937710775,0.765265265265,3.0868314707,0.528762798222,0.252752752753,0.579945114934,0.437917739848,2,1.32432432432,0.579945114934,2,0.0121701261701,0.00597269624573,7,0.000900900900901,0.621196581197,37,37,37,1,0,0.72972972973,0.243243243243,0.027027027027,37,0.113363363363,1.32432432432,8.16216216216,15.1,4.31428571429,5.85241409597,0.71701762103,0.350277429748,7.25862849908,1.77860433421,0.772507606945,2.37321135429,0.581515364959,0.319312690174,0.579945114934,0.437917739848,2,1.32432432432,0.579945114934,2,0.0120427692608,0.00530035335689,3,0.0003861003861,0.329860196165,37,37,37,1,0,0.72972972973,0.216216216216,0.0540540540541,37,154,0.115615615616,1.32942376339,8.32432432432,15.4,4.16216216216,5.92102681623,0.71129218247,0.351000351,7.28206897307,1.74958800002,0.767286767287,2.25479136154,0.541735586864,0.297297297297,0.595554556617,0.447979472776,2.16981132075,1.32942376339,0.595554556617,2.16981132075,0.0114138510269,0.00688073394495,4,0.000514800514801,0.330533596838,37,37,37,1,0,0.72972972973,0.27027027027,0,-62,-0.0465465465465,0.0050994390617,-3.35135135135,-6.2,-1.83783783784,-2.27807223337,0.00905453238777,0.0409402909403,-3.04726765593,-0.0197891077223,0.0020215020215,-0.832040109162,0.0129727886415,0.0445445445445,0.0156094416829,0.0100617329274,0.169811320755,0.0050994390617,0.0156094416829,0.169811320755,-0.000756275143272,0.00090803769922,-3,-0.0003861003861,-0.290662984359,0,0.027027027027,-0.027027027027,153,1,63,1115,0.708333333333,0.999103942652,0.00089605734767,0.291666666667,0.993506493506,0.708333333333,0.827027027027,0.815481112974,0.707437275986,0.705069124424,3,65,0,0,0,0
3037,WLNM_dir_neg,0.97349112426,0.776209727848,00:00:03,10,70,38,1236970062,threshold_sweep,0.4,0.666666666667,0.0307692307692,0.0588235294118,2,1,63,129,0.0307692307692,0.992307692308,0.00769230769231,0.969230769231,0.666666666667,0.0307692307692,0.0588235294118,0.671794871795,0.661538461538,0.030303030303,0.0883883476483,0.0230769230769,216,151,65,0,216,0,151,0,65,37,216,0.162162162162,1.32432432432,11.6756756757,21.6,6,8.1990990496,0.702237650082,0.31006006006,10.329336629,1.76937710775,0.765265265265,3.0868314707,0.528762798222,0.252752752753,0.579945114934,0.437917739848,2,1.32432432432,0.579945114934,2,0.0121701261701,0.00597269624573,7,0.000900900900901,0.621196581197,37,37,37,1,0,0.72972972973,0.243243243243,0.027027027027,37,0.113363363363,1.32432432432,8.16216216216,15.1,4.31428571429,5.85241409597,0.71701762103,0.350277429748,7.25862849908,1.77860433421,0.772507606945,2.37321135429,0.581515364959,0.319312690174,0.579945114934,0.437917739848,2,1.32432432432,0.579945114934,2,0.0120427692608,0.00530035335689,3,0.0003861003861,0.329860196165,37,37,37,1,0,0.72972972973,0.216216216216,0.0540540540541,37,154,0.115615615616,1.32942376339,8.32432432432,15.4,4.16216216216,5.92102681623,0.71129218247,0.351000351,7.28206897307,1.74958800002,0.767286767287,2.25479136154,0.541735586864,0.297297297297,0.595554556617,0.447979472776,2.16981132075,1.32942376339,0.595554556617,2.16981132075,0.0114138510269,0.00688073394495,4,0.000514800514801,0.330533596838,37,37,37,1,0,0.72972972973,0.27027027027,0,-62,-0.0465465465465,0.0050994390617,-3.35135135135,-6.2,-1.83783783784,-2.27807223337,0.00905453238777,0.0409402909403,-3.04726765593,-0.0197891077223,0.0020215020215,-0.832040109162,0.0129727886415,0.0445445445445,0.0156094416829,0.0100617329274,0.169811320755,0.0050994390617,0.0156094416829,0.169811320755,-0.000756275143272,0.00090803769922,-3,-0.0003861003861,-0.290662984359,0,0.027027027027,-0.027027027027,153,1,63,1115,0.708333333333,0.999103942652,0.00089605734767,0.291666666667,0.993506493506,0.708333333333,0.827027027027,0.815481112974,0.707437275986,0.705069124424,3,65,0,0,0,0
3038,WLNM_dir_neg,0.97349112426,0.776209727848,00:00:03,10,70,38,1236970062,threshold_sweep,0.5,0.666666666667,0.0307692307692,0.0588235294118,2,1,63,129,0.0307692307692,0.992307692308,0.00769230769231,0.969230769231,0.666666666667,0.0307692307692,0.0588235294118,0.671794871795,0.661538461538,0.030303030303,0.0883883476483,0.0230769230769,216,151,65,0,216,0,151,0,65,37,216,0.162162162162,1.32432432432,11.6756756757,21.6,6,8.1990990496,0.702237650082,0.31006006006,10.329336629,1.76937710775,0.765265265265,3.0868314707,0.528762798222,0.252752752753,0.579945114934,0.437917739848,2,1.32432432432,0.579945114934,2,0.0121701261701,0.00597269624573,7,0.000900900900901,0.621196581197,37,37,37,1,0,0.72972972973,0.243243243243,0.027027027027,37,0.113363363363,1.32432432432,8.16216216216,15.1,4.31428571429,5.85241409597,0.71701762103,0.350277429748,7.25862849908,1.77860433421,0.772507606945,2.37321135429,0.581515364959,0.319312690174,0.579945114934,0.437917739848,2,1.32432432432,0.579945114934,2,0.0120427692608,0.00530035335689,3,0.0003861003861,0.329860196165,37,37,37,1,0,0.72972972973,0.216216216216,0.0540540540541,37,154,0.115615615616,1.32942376339,8.32432432432,15.4,4.16216216216,5.92102681623,0.71129218247,0.351000351,7.28206897307,1.74958800002,0.767286767287,2.25479136154,0.541735586864,0.297297297297,0.595554556617,0.447979472776,2.16981132075,1.32942376339,0.595554556617,2.16981132075,0.0114138510269,0.00688073394495,4,0.000514800514801,0.330533596838,37,37,37,1,0,0.72972972973,0.27027027027,0,-62,-0.0465465465465,0.0050994390617,-3.35135135135,-6.2,-1.83783783784,-2.27807223337,0.00905453238777,0.0409402909403,-3.04726765593,-0.0197891077223,0.0020215020215,-0.832040109162,0.0129727886415,0.0445445445445,0.0156094416829,0.0100617329274,0.169811320755,0.0050994390617,0.0156094416829,0.169811320755,-0.000756275143272,0.00090803769922,-3,-0.0003861003861,-0.290662984359,0,0.027027027027,-0.027027027027,153,1,63,1115,0.708333333333,0.999103942652,0.00089605734767,0.291666666667,0.993506493506,0.708333333333,0.827027027027,0.815481112974,0.707437275986,0.705069124424,3,65,0,0,0,0
3039,WLNM_dir_neg,0.97349112426,0.776209727848,00:00:03,10,70,38,1236970062,threshold_sweep,0.6,0.666666666667,0.0307692307692,0.0588235294118,2,1,63,129,0.0307692307692,0.992307692308,0.00769230769231,0.969230769231,0.666666666667,0.0307692307692,0.0588235294118,0.671794871795,0.661538461538,0.030303030303,0.0883883476483,0.0230769230769,216,151,65,0,216,0,151,0,65,37,216,0.162162162162,1.32432432432,11.6756756757,21.6,6,8.1990990496,0.702237650082,0.31006006006,10.329336629,1.76937710775,0.765265265265,3.0868314707,0.528762798222,0.252752752753,0.579945114934,0.437917739848,2,1.32432432432,0.579945114934,2,0.0121701261701,0.00597269624573,7,0.000900900900901,0.621196581197,37,37,37,1,0,0.72972972973,0.243243243243,0.027027027027,37,0.113363363363,1.32432432432,8.16216216216,15.1,4.31428571429,5.85241409597,0.71701762103,0.350277429748,7.25862849908,1.77860433421,0.772507606945,2.37321135429,0.581515364959,0.319312690174,0.579945114934,0.437917739848,2,1.32432432432,0.579945114934,2,0.0120427692608,0.00530035335689,3,0.0003861003861,0.329860196165,37,37,37,1,0,0.72972972973,0.216216216216,0.0540540540541,37,154,0.115615615616,1.32942376339,8.32432432432,15.4,4.16216216216,5.92102681623,0.71129218247,0.351000351,7.28206897307,1.74958800002,0.767286767287,2.25479136154,0.541735586864,0.297297297297,0.595554556617,0.447979472776,2.16981132075,1.32942376339,0.595554556617,2.16981132075,0.0114138510269,0.00688073394495,4,0.000514800514801,0.330533596838,37,37,37,1,0,0.72972972973,0.27027027027,0,-62,-0.0465465465465,0.0050994390617,-3.35135135135,-6.2,-1.83783783784,-2.27807223337,0.00905453238777,0.0409402909403,-3.04726765593,-0.0197891077223,0.0020215020215,-0.832040109162,0.0129727886415,0.0445445445445,0.0156094416829,0.0100617329274,0.169811320755,0.0050994390617,0.0156094416829,0.169811320755,-0.000756275143272,0.00090803769922,-3,-0.0003861003861,-0.290662984359,0,0.027027027027,-0.027027027027,153,1,63,1115,0.708333333333,0.999103942652,0.00089605734767,0.291666666667,0.993506493506,0.708333333333,0.827027027027,0.815481112974,0.707437275986,0.705069124424,3,65,0,0,0,0
3040,WLNM_dir_neg,0.97349112426,0.776209727848,00:00:03,10,70,38,1236970062,threshold_sweep,0.7,0.666666666667,0.0307692307692,0.0588235294118,2,1,63,129,0.0307692307692,0.992307692308,0.00769230769231,0.969230769231,0.666666666667,0.0307692307692,0.0588235294118,0.671794871795,0.661538461538,0.030303030303,0.0883883476483,0.0230769230769,216,151,65,0,216,0,151,0,65,37,216,0.162162162162,1.32432432432,11.6756756757,21.6,6,8.1990990496,0.702237650082,0.31006006006,10.329336629,1.76937710775,0.765265265265,3.0868314707,0.528762798222,0.252752752753,0.579945114934,0.437917739848,2,1.32432432432,0.579945114934,2,0.0121701261701,0.00597269624573,7,0.000900900900901,0.621196581197,37,37,37,1,0,0.72972972973,0.243243243243,0.027027027027,37,0.113363363363,1.32432432432,8.16216216216,15.1,4.31428571429,5.85241409597,0.71701762103,0.350277429748,7.25862849908,1.77860433421,0.772507606945,2.37321135429,0.581515364959,0.319312690174,0.579945114934,0.437917739848,2,1.32432432432,0.579945114934,2,0.0120427692608,0.00530035335689,3,0.0003861003861,0.329860196165,37,37,37,1,0,0.72972972973,0.216216216216,0.0540540540541,37,154,0.115615615616,1.32942376339,8.32432432432,15.4,4.16216216216,5.92102681623,0.71129218247,0.351000351,7.28206897307,1.74958800002,0.767286767287,2.25479136154,0.541735586864,0.297297297297,0.595554556617,0.447979472776,2.16981132075,1.32942376339,0.595554556617,2.16981132075,0.0114138510269,0.00688073394495,4,0.000514800514801,0.330533596838,37,37,37,1,0,0.72972972973,0.27027027027,0,-62,-0.0465465465465,0.0050994390617,-3.35135135135,-6.2,-1.83783783784,-2.27807223337,0.00905453238777,0.0409402909403,-3.04726765593,-0.0197891077223,0.0020215020215,-0.832040109162,0.0129727886415,0.0445445445445,0.0156094416829,0.0100617329274,0.169811320755,0.0050994390617,0.0156094416829,0.169811320755,-0.000756275143272,0.00090803769922,-3,-0.0003861003861,-0.290662984359,0,0.027027027027,-0.027027027027,153,1,63,1115,0.708333333333,0.999103942652,0.00089605734767,0.291666666667,0.993506493506,0.708333333333,0.827027027027,0.815481112974,0.707437275986,0.705069124424,3,65,0,0,0,0
3041,WLNM_dir_neg,0.97349112426,0.776209727848,00:00:03,10,70,38,1236970062,threshold_sweep,0.8,0.666666666667,0.0307692307692,0.0588235294118,2,1,63,129,0.0307692307692,0.992307692308,0.00769230769231,0.969230769231,0.666666666667,0.0307692307692,0.0588235294118,0.671794871795,0.661538461538,0.030303030303,0.0883883476483,0.0230769230769,216,151,65,0,216,0,151,0,65,37,216,0.162162162162,1.32432432432,11.6756756757,21.6,6,8.1990990496,0.702237650082,0.31006006006,10.329336629,1.76937710775,0.765265265265,3.0868314707,0.528762798222,0.252752752753,0.579945114934,0.437917739848,2,1.32432432432,0.579945114934,2,0.0121701261701,0.00597269624573,7,0.000900900900901,0.621196581197,37,37,37,1,0,0.72972972973,0.243243243243,0.027027027027,37,0.113363363363,1.32432432432,8.16216216216,15.1,4.31428571429,5.85241409597,0.71701762103,0.350277429748,7.25862849908,1.77860433421,0.772507606945,2.37321135429,0.581515364959,0.319312690174,0.579945114934,0.437917739848,2,1.32432432432,0.579945114934,2,0.0120427692608,0.00530035335689,3,0.0003861003861,0.329860196165,37,37,37,1,0,0.72972972973,0.216216216216,0.0540540540541,37,154,0.115615615616,1.32942376339,8.32432432432,15.4,4.16216216216,5.92102681623,0.71129218247,0.351000351,7.28206897307,1.74958800002,0.767286767287,2.25479136154,0.541735586864,0.297297297297,0.595554556617,0.447979472776,2.16981132075,1.32942376339,0.595554556617,2.16981132075,0.0114138510269,0.00688073394495,4,0.000514800514801,0.330533596838,37,37,37,1,0,0.72972972973,0.27027027027,0,-62,-0.0465465465465,0.0050994390617,-3.35135135135,-6.2,-1.83783783784,-2.27807223337,0.00905453238777,0.0409402909403,-3.04726765593,-0.0197891077223,0.0020215020215,-0.832040109162,0.0129727886415,0.0445445445445,0.0156094416829,0.0100617329274,0.169811320755,0.0050994390617,0.0156094416829,0.169811320755,-0.000756275143272,0.00090803769922,-3,-0.0003861003861,-0.290662984359,0,0.027027027027,-0.027027027027,153,1,63,1115,0.708333333333,0.999103942652,0.00089605734767,0.291666666667,0.993506493506,0.708333333333,0.827027027027,0.815481112974,0.707437275986,0.705069124424,3,65,0,0,0,0
3042,WLNM_dir_neg,0.97349112426,0.776209727848,00:00:03,10,70,38,1236970062,threshold_sweep,0.9,0.666666666667,0.0307692307692,0.0588235294118,2,1,63,129,0.0307692307692,0.992307692308,0.00769230769231,0.969230769231,0.666666666667,0.0307692307692,0.0588235294118,0.671794871795,0.661538461538,0.030303030303,0.0883883476483,0.0230769230769,216,151,65,0,216,0,151,0,65,37,216,0.162162162162,1.32432432432,11.6756756757,21.6,6,8.1990990496,0.702237650082,0.31006006006,10.329336629,1.76937710775,0.765265265265,3.0868314707,0.528762798222,0.252752752753,0.579945114934,0.437917739848,2,1.32432432432,0.579945114934,2,0.0121701261701,0.00597269624573,7,0.000900900900901,0.621196581197,37,37,37,1,0,0.72972972973,0.243243243243,0.027027027027,37,0.113363363363,1.32432432432,8.16216216216,15.1,4.31428571429,5.85241409597,0.71701762103,0.350277429748,7.25862849908,1.77860433421,0.772507606945,2.37321135429,0.581515364959,0.319312690174,0.579945114934,0.437917739848,2,1.32432432432,0.579945114934,2,0.0120427692608,0.00530035335689,3,0.0003861003861,0.329860196165,37,37,37,1,0,0.72972972973,0.216216216216,0.0540540540541,37,154,0.115615615616,1.32942376339,8.32432432432,15.4,4.16216216216,5.92102681623,0.71129218247,0.351000351,7.28206897307,1.74958800002,0.767286767287,2.25479136154,0.541735586864,0.297297297297,0.595554556617,0.447979472776,2.16981132075,1.32942376339,0.595554556617,2.16981132075,0.0114138510269,0.00688073394495,4,0.000514800514801,0.330533596838,37,37,37,1,0,0.72972972973,0.27027027027,0,-62,-0.0465465465465,0.0050994390617,-3.35135135135,-6.2,-1.83783783784,-2.27807223337,0.00905453238777,0.0409402909403,-3.04726765593,-0.0197891077223,0.0020215020215,-0.832040109162,0.0129727886415,0.0445445445445,0.0156094416829,0.0100617329274,0.169811320755,0.0050994390617,0.0156094416829,0.169811320755,-0.000756275143272,0.00090803769922,-3,-0.0003861003861,-0.290662984359,0,0.027027027027,-0.027027027027,153,1,63,1115,0.708333333333,0.999103942652,0.00089605734767,0.291666666667,0.993506493506,0.708333333333,0.827027027027,0.815481112974,0.707437275986,0.705069124424,3,65,0,0,0,0
3043,WLNM_dir_neg,1,0.984615384615,00:00:02,10,70,39,1236970063,threshold_sweep,0.1,1,0.0153846153846,0.030303030303,1,0,64,130,0.0153846153846,1,0,0.984615384615,1,0.0153846153846,0.030303030303,0.671794871795,0.664957264957,0.0204081632653,0.101534616513,0.0153846153846,216,151,65,0,216,0,151,0,65,37,216,0.162162162162,1.32432432432,11.6756756757,21.6,6,8.1990990496,0.702237650082,0.31006006006,10.329336629,1.76937710775,0.765265265265,3.0868314707,0.528762798222,0.252752752753,0.579945114934,0.437917739848,2,1.32432432432,0.579945114934,2,0.0121701261701,0.00597269624573,7,0.000900900900901,0.621196581197,37,37,37,1,0,0.72972972973,0.243243243243,0.027027027027,37,0.113363363363,1.32432432432,8.16216216216,15.1,4.31428571429,5.87609807002,0.71991929997,0.352604259889,7.20099676117,1.76448265009,0.771075711473,2.27764959721,0.558099570178,0.308215500268,0.579945114934,0.437917739848,2,1.33333333333,0.585540043769,2,0.0114882444206,0.00704638872578,4,0.000514800514801,0.324579991921,37,36,36,0.972972972973,0,0.702702702703,0.243243243243,0.027027027027,37,152,0.114114114114,1.32432432432,8.21621621622,15.2,4.34285714286,5.93546373333,0.722408414912,0.35472972973,7.2218179605,1.75794252986,0.769559032717,2.24578350327,0.546670984348,0.302275960171,0.579945114934,0.437917739848,2,1.33333333333,0.585540043769,2,0.0135433822652,0.00866551126516,5,0.000643500643501,0.326802214143,37,36,36,0.972972972973,0,0.702702702703,0.243243243243,0.027027027027,-64,-0.048048048048,0,-3.45945945946,-6.4,-1.65714285714,-2.26363531627,0.0201707648306,0.0446696696697,-3.1075186685,-0.0114345778859,0.00429376745166,-0.841047967438,0.0179081861253,0.0495232074179,0,0,0,0.00900900900901,0.00559492883467,0,0.00137325609506,0.00269281501943,-2,-0.0002574002574,-0.294394367053,-0.027027027027,0,0,152,0,64,1116,0.703703703704,1,0,0.296296296296,1,0.703703703704,0.826086956522,0.815804341226,0.703703703704,0.703703703704,1,65,0,0,0,0
3044,WLNM_dir_neg,1,0.984615384615,00:00:02,10,70,39,1236970063,threshold_sweep,0.2,1,0.0153846153846,0.030303030303,1,0,64,130,0.0153846153846,1,0,0.984615384615,1,0.0153846153846,0.030303030303,0.671794871795,0.664957264957,0.0204081632653,0.101534616513,0.0153846153846,216,151,65,0,216,0,151,0,65,37,216,0.162162162162,1.32432432432,11.6756756757,21.6,6,8.1990990496,0.702237650082,0.31006006006,10.329336629,1.76937710775,0.765265265265,3.0868314707,0.528762798222,0.252752752753,0.579945114934,0.437917739848,2,1.32432432432,0.579945114934,2,0.0121701261701,0.00597269624573,7,0.000900900900901,0.621196581197,37,37,37,1,0,0.72972972973,0.243243243243,0.027027027027,37,0.113363363363,1.32432432432,8.16216216216,15.1,4.31428571429,5.87609807002,0.71991929997,0.352604259889,7.20099676117,1.76448265009,0.771075711473,2.27764959721,0.558099570178,0.308215500268,0.579945114934,0.437917739848,2,1.33333333333,0.585540043769,2,0.0114882444206,0.00704638872578,4,0.000514800514801,0.324579991921,37,36,36,0.972972972973,0,0.702702702703,0.243243243243,0.027027027027,37,152,0.114114114114,1.32432432432,8.21621621622,15.2,4.34285714286,5.93546373333,0.722408414912,0.35472972973,7.2218179605,1.75794252986,0.769559032717,2.24578350327,0.546670984348,0.302275960171,0.579945114934,0.437917739848,2,1.33333333333,0.585540043769,2,0.0135433822652,0.00866551126516,5,0.000643500643501,0.326802214143,37,36,36,0.972972972973,0,0.702702702703,0.243243243243,0.027027027027,-64,-0.048048048048,0,-3.45945945946,-6.4,-1.65714285714,-2.26363531627,0.0201707648306,0.0446696696697,-3.1075186685,-0.0114345778859,0.00429376745166,-0.841047967438,0.0179081861253,0.0495232074179,0,0,0,0.00900900900901,0.00559492883467,0,0.00137325609506,0.00269281501943,-2,-0.0002574002574,-0.294394367053,-0.027027027027,0,0,152,0,64,1116,0.703703703704,1,0,0.296296296296,1,0.703703703704,0.826086956522,0.815804341226,0.703703703704,0.703703703704,1,65,0,0,0,0
3045,WLNM_dir_neg,1,0.984615384615,00:00:02,10,70,39,1236970063,threshold_sweep,0.3,1,0.0153846153846,0.030303030303,1,0,64,130,0.0153846153846,1,0,0.984615384615,1,0.0153846153846,0.030303030303,0.671794871795,0.664957264957,0.0204081632653,0.101534616513,0.0153846153846,216,151,65,0,216,0,151,0,65,37,216,0.162162162162,1.32432432432,11.6756756757,21.6,6,8.1990990496,0.702237650082,0.31006006006,10.329336629,1.76937710775,0.765265265265,3.0868314707,0.528762798222,0.252752752753,0.579945114934,0.437917739848,2,1.32432432432,0.579945114934,2,0.0121701261701,0.00597269624573,7,0.000900900900901,0.621196581197,37,37,37,1,0,0.72972972973,0.243243243243,0.027027027027,37,0.113363363363,1.32432432432,8.16216216216,15.1,4.31428571429,5.87609807002,0.71991929997,0.352604259889,7.20099676117,1.76448265009,0.771075711473,2.27764959721,0.558099570178,0.308215500268,0.579945114934,0.437917739848,2,1.33333333333,0.585540043769,2,0.0114882444206,0.00704638872578,4,0.000514800514801,0.324579991921,37,36,36,0.972972972973,0,0.702702702703,0.243243243243,0.027027027027,37,152,0.114114114114,1.32432432432,8.21621621622,15.2,4.34285714286,5.93546373333,0.722408414912,0.35472972973,7.2218179605,1.75794252986,0.769559032717,2.24578350327,0.546670984348,0.302275960171,0.579945114934,0.437917739848,2,1.33333333333,0.585540043769,2,0.0135433822652,0.00866551126516,5,0.000643500643501,0.326802214143,37,36,36,0.972972972973,0,0.702702702703,0.243243243243,0.027027027027,-64,-0.048048048048,0,-3.45945945946,-6.4,-1.65714285714,-2.26363531627,0.0201707648306,0.0446696696697,-3.1075186685,-0.0114345778859,0.00429376745166,-0.841047967438,0.0179081861253,0.0495232074179,0,0,0,0.00900900900901,0.00559492883467,0,0.00137325609506,0.00269281501943,-2,-0.0002574002574,-0.294394367053,-0.027027027027,0,0,152,0,64,1116,0.703703703704,1,0,0.296296296296,1,0.703703703704,0.826086956522,0.815804341226,0.703703703704,0.703703703704,1,65,0,0,0,0
3046,WLNM_dir_neg,1,0.984615384615,00:00:02,10,70,39,1236970063,threshold_sweep,0.4,1,0.0153846153846,0.030303030303,1,0,64,130,0.0153846153846,1,0,0.984615384615,1,0.0153846153846,0.030303030303,0.671794871795,0.664957264957,0.0204081632653,0.101534616513,0.0153846153846,216,151,65,0,216,0,151,0,65,37,216,0.162162162162,1.32432432432,11.6756756757,21.6,6,8.1990990496,0.702237650082,0.31006006006,10.329336629,1.76937710775,0.765265265265,3.0868314707,0.528762798222,0.252752752753,0.579945114934,0.437917739848,2,1.32432432432,0.579945114934,2,0.0121701261701,0.00597269624573,7,0.000900900900901,0.621196581197,37,37,37,1,0,0.72972972973,0.243243243243,0.027027027027,37,0.113363363363,1.32432432432,8.16216216216,15.1,4.31428571429,5.87609807002,0.71991929997,0.352604259889,7.20099676117,1.76448265009,0.771075711473,2.27764959721,0.558099570178,0.308215500268,0.579945114934,0.437917739848,2,1.33333333333,0.585540043769,2,0.0114882444206,0.00704638872578,4,0.000514800514801,0.324579991921,37,36,36,0.972972972973,0,0.702702702703,0.243243243243,0.027027027027,37,152,0.114114114114,1.32432432432,8.21621621622,15.2,4.34285714286,5.93546373333,0.722408414912,0.35472972973,7.2218179605,1.75794252986,0.769559032717,2.24578350327,0.546670984348,0.302275960171,0.579945114934,0.437917739848,2,1.33333333333,0.585540043769,2,0.0135433822652,0.00866551126516,5,0.000643500643501,0.326802214143,37,36,36,0.972972972973,0,0.702702702703,0.243243243243,0.027027027027,-64,-0.048048048048,0,-3.45945945946,-6.4,-1.65714285714,-2.26363531627,0.0201707648306,0.0446696696697,-3.1075186685,-0.0114345778859,0.00429376745166,-0.841047967438,0.0179081861253,0.0495232074179,0,0,0,0.00900900900901,0.00559492883467,0,0.00137325609506,0.00269281501943,-2,-0.0002574002574,-0.294394367053,-0.027027027027,0,0,152,0,64,1116,0.703703703704,1,0,0.296296296296,1,0.703703703704,0.826086956522,0.815804341226,0.703703703704,0.703703703704,1,65,0,0,0,0
3047,WLNM_dir_neg,1,0.984615384615,00:00:02,10,70,39,1236970063,threshold_sweep,0.5,1,0.0153846153846,0.030303030303,1,0,64,130,0.0153846153846,1,0,0.984615384615,1,0.0153846153846,0.030303030303,0.671794871795,0.664957264957,0.0204081632653,0.101534616513,0.0153846153846,216,151,65,0,216,0,151,0,65,37,216,0.162162162162,1.32432432432,11.6756756757,21.6,6,8.1990990496,0.702237650082,0.31006006006,10.329336629,1.76937710775,0.765265265265,3.0868314707,0.528762798222,0.252752752753,0.579945114934,0.437917739848,2,1.32432432432,0.579945114934,2,0.0121701261701,0.00597269624573,7,0.000900900900901,0.621196581197,37,37,37,1,0,0.72972972973,0.243243243243,0.027027027027,37,0.113363363363,1.32432432432,8.16216216216,15.1,4.31428571429,5.87609807002,0.71991929997,0.352604259889,7.20099676117,1.76448265009,0.771075711473,2.27764959721,0.558099570178,0.308215500268,0.579945114934,0.437917739848,2,1.33333333333,0.585540043769,2,0.0114882444206,0.00704638872578,4,0.000514800514801,0.324579991921,37,36,36,0.972972972973,0,0.702702702703,0.243243243243,0.027027027027,37,152,0.114114114114,1.32432432432,8.21621621622,15.2,4.34285714286,5.93546373333,0.722408414912,0.35472972973,7.2218179605,1.75794252986,0.769559032717,2.24578350327,0.546670984348,0.302275960171,0.579945114934,0.437917739848,2,1.33333333333,0.585540043769,2,0.0135433822652,0.00866551126516,5,0.000643500643501,0.326802214143,37,36,36,0.972972972973,0,0.702702702703,0.243243243243,0.027027027027,-64,-0.048048048048,0,-3.45945945946,-6.4,-1.65714285714,-2.26363531627,0.0201707648306,0.0446696696697,-3.1075186685,-0.0114345778859,0.00429376745166,-0.841047967438,0.0179081861253,0.0495232074179,0,0,0,0.00900900900901,0.00559492883467,0,0.00137325609506,0.00269281501943,-2,-0.0002574002574,-0.294394367053,-0.027027027027,0,0,152,0,64,1116,0.703703703704,1,0,0.296296296296,1,0.703703703704,0.826086956522,0.815804341226,0.703703703704,0.703703703704,1,65,0,0,0,0
3048,WLNM_dir_neg,1,0.984615384615,00:00:02,10,70,39,1236970063,threshold_sweep,0.6,1,0.0153846153846,0.030303030303,1,0,64,130,0.0153846153846,1,0,0.984615384615,1,0.0153846153846,0.030303030303,0.671794871795,0.664957264957,0.0204081632653,0.101534616513,0.0153846153846,216,151,65,0,216,0,151,0,65,37,216,0.162162162162,1.32432432432,11.6756756757,21.6,6,8.1990990496,0.702237650082,0.31006006006,10.329336629,1.76937710775,0.765265265265,3.0868314707,0.528762798222,0.252752752753,0.579945114934,0.437917739848,2,1.32432432432,0.579945114934,2,0.0121701261701,0.00597269624573,7,0.000900900900901,0.621196581197,37,37,37,1,0,0.72972972973,0.243243243243,0.027027027027,37,0.113363363363,1.32432432432,8.16216216216,15.1,4.31428571429,5.87609807002,0.71991929997,0.352604259889,7.20099676117,1.76448265009,0.771075711473,2.27764959721,0.558099570178,0.308215500268,0.579945114934,0.437917739848,2,1.33333333333,0.585540043769,2,0.0114882444206,0.00704638872578,4,0.000514800514801,0.324579991921,37,36,36,0.972972972973,0,0.702702702703,0.243243243243,0.027027027027,37,152,0.114114114114,1.32432432432,8.21621621622,15.2,4.34285714286,5.93546373333,0.722408414912,0.35472972973,7.2218179605,1.75794252986,0.769559032717,2.24578350327,0.546670984348,0.302275960171,0.579945114934,0.437917739848,2,1.33333333333,0.585540043769,2,0.0135433822652,0.00866551126516,5,0.000643500643501,0.326802214143,37,36,36,0.972972972973,0,0.702702702703,0.243243243243,0.027027027027,-64,-0.048048048048,0,-3.45945945946,-6.4,-1.65714285714,-2.26363531627,0.0201707648306,0.0446696696697,-3.1075186685,-0.0114345778859,0.00429376745166,-0.841047967438,0.0179081861253,0.0495232074179,0,0,0,0.00900900900901,0.00559492883467,0,0.00137325609506,0.00269281501943,-2,-0.0002574002574,-0.294394367053,-0.027027027027,0,0,152,0,64,1116,0.703703703704,1,0,0.296296296296,1,0.703703703704,0.826086956522,0.815804341226,0.703703703704,0.703703703704,1,65,0,0,0,0
3049,WLNM_dir_neg,1,0.984615384615,00:00:02,10,70,39,1236970063,threshold_sweep,0.7,1,0.0153846153846,0.030303030303,1,0,64,130,0.0153846153846,1,0,0.984615384615,1,0.0153846153846,0.030303030303,0.671794871795,0.664957264957,0.0204081632653,0.101534616513,0.0153846153846,216,151,65,0,216,0,151,0,65,37,216,0.162162162162,1.32432432432,11.6756756757,21.6,6,8.1990990496,0.702237650082,0.31006006006,10.329336629,1.76937710775,0.765265265265,3.0868314707,0.528762798222,0.252752752753,0.579945114934,0.437917739848,2,1.32432432432,0.579945114934,2,0.0121701261701,0.00597269624573,7,0.000900900900901,0.621196581197,37,37,37,1,0,0.72972972973,0.243243243243,0.027027027027,37,0.113363363363,1.32432432432,8.16216216216,15.1,4.31428571429,5.87609807002,0.71991929997,0.352604259889,7.20099676117,1.76448265009,0.771075711473,2.27764959721,0.558099570178,0.308215500268,0.579945114934,0.437917739848,2,1.33333333333,0.585540043769,2,0.0114882444206,0.00704638872578,4,0.000514800514801,0.324579991921,37,36,36,0.972972972973,0,0.702702702703,0.243243243243,0.027027027027,37,152,0.114114114114,1.32432432432,8.21621621622,15.2,4.34285714286,5.93546373333,0.722408414912,0.35472972973,7.2218179605,1.75794252986,0.769559032717,2.24578350327,0.546670984348,0.302275960171,0.579945114934,0.437917739848,2,1.33333333333,0.585540043769,2,0.0135433822652,0.00866551126516,5,0.000643500643501,0.326802214143,37,36,36,0.972972972973,0,0.702702702703,0.243243243243,0.027027027027,-64,-0.048048048048,0,-3.45945945946,-6.4,-1.65714285714,-2.26363531627,0.0201707648306,0.0446696696697,-3.1075186685,-0.0114345778859,0.00429376745166,-0.841047967438,0.0179081861253,0.0495232074179,0,0,0,0.00900900900901,0.00559492883467,0,0.00137325609506,0.00269281501943,-2,-0.0002574002574,-0.294394367053,-0.027027027027,0,0,152,0,64,1116,0.703703703704,1,0,0.296296296296,1,0.703703703704,0.826086956522,0.815804341226,0.703703703704,0.703703703704,1,65,0,0,0,0
3050,WLNM_dir_neg,1,0.984615384615,00:00:02,10,70,39,1236970063,threshold_sweep,0.8,1,0.0153846153846,0.030303030303,1,0,64,130,0.0153846153846,1,0,0.984615384615,1,0.0153846153846,0.030303030303,0.671794871795,0.664957264957,0.0204081632653,0.101534616513,0.0153846153846,216,151,65,0,216,0,151,0,65,37,216,0.162162162162,1.32432432432,11.6756756757,21.6,6,8.1990990496,0.702237650082,0.31006006006,10.329336629,1.76937710775,0.765265265265,3.0868314707,0.528762798222,0.252752752753,0.579945114934,0.437917739848,2,1.32432432432,0.579945114934,2,0.0121701261701,0.00597269624573,7,0.000900900900901,0.621196581197,37,37,37,1,0,0.72972972973,0.243243243243,0.027027027027,37,0.113363363363,1.32432432432,8.16216216216,15.1,4.31428571429,5.87609807002,0.71991929997,0.352604259889,7.20099676117,1.76448265009,0.771075711473,2.27764959721,0.558099570178,0.308215500268,0.579945114934,0.437917739848,2,1.33333333333,0.585540043769,2,0.0114882444206,0.00704638872578,4,0.000514800514801,0.324579991921,37,36,36,0.972972972973,0,0.702702702703,0.243243243243,0.027027027027,37,152,0.114114114114,1.32432432432,8.21621621622,15.2,4.34285714286,5.93546373333,0.722408414912,0.35472972973,7.2218179605,1.75794252986,0.769559032717,2.24578350327,0.546670984348,0.302275960171,0.579945114934,0.437917739848,2,1.33333333333,0.585540043769,2,0.0135433822652,0.00866551126516,5,0.000643500643501,0.326802214143,37,36,36,0.972972972973,0,0.702702702703,0.243243243243,0.027027027027,-64,-0.048048048048,0,-3.45945945946,-6.4,-1.65714285714,-2.26363531627,0.0201707648306,0.0446696696697,-3.1075186685,-0.0114345778859,0.00429376745166,-0.841047967438,0.0179081861253,0.0495232074179,0,0,0,0.00900900900901,0.00559492883467,0,0.00137325609506,0.00269281501943,-2,-0.0002574002574,-0.294394367053,-0.027027027027,0,0,152,0,64,1116,0.703703703704,1,0,0.296296296296,1,0.703703703704,0.826086956522,0.815804341226,0.703703703704,0.703703703704,1,65,0,0,0,0
3051,WLNM_dir_neg,1,0.984615384615,00:00:02,10,70,39,1236970063,threshold_sweep,0.9,1,0.0153846153846,0.030303030303,1,0,64,130,0.0153846153846,1,0,0.984615384615,1,0.0153846153846,0.030303030303,0.671794871795,0.664957264957,0.0204081632653,0.101534616513,0.0153846153846,216,151,65,0,216,0,151,0,65,37,216,0.162162162162,1.32432432432,11.6756756757,21.6,6,8.1990990496,0.702237650082,0.31006006006,10.329336629,1.76937710775,0.765265265265,3.0868314707,0.528762798222,0.252752752753,0.579945114934,0.437917739848,2,1.32432432432,0.579945114934,2,0.0121701261701,0.00597269624573,7,0.000900900900901,0.621196581197,37,37,37,1,0,0.72972972973,0.243243243243,0.027027027027,37,0.113363363363,1.32432432432,8.16216216216,15.1,4.31428571429,5.87609807002,0.71991929997,0.352604259889,7.20099676117,1.76448265009,0.771075711473,2.27764959721,0.558099570178,0.308215500268,0.579945114934,0.437917739848,2,1.33333333333,0.585540043769,2,0.0114882444206,0.00704638872578,4,0.000514800514801,0.324579991921,37,36,36,0.972972972973,0,0.702702702703,0.243243243243,0.027027027027,37,152,0.114114114114,1.32432432432,8.21621621622,15.2,4.34285714286,5.93546373333,0.722408414912,0.35472972973,7.2218179605,1.75794252986,0.769559032717,2.24578350327,0.546670984348,0.302275960171,0.579945114934,0.437917739848,2,1.33333333333,0.585540043769,2,0.0135433822652,0.00866551126516,5,0.000643500643501,0.326802214143,37,36,36,0.972972972973,0,0.702702702703,0.243243243243,0.027027027027,-64,-0.048048048048,0,-3.45945945946,-6.4,-1.65714285714,-2.26363531627,0.0201707648306,0.0446696696697,-3.1075186685,-0.0114345778859,0.00429376745166,-0.841047967438,0.0179081861253,0.0495232074179,0,0,0,0.00900900900901,0.00559492883467,0,0.00137325609506,0.00269281501943,-2,-0.0002574002574,-0.294394367053,-0.027027027027,0,0,152,0,64,1116,0.703703703704,1,0,0.296296296296,1,0.703703703704,0.826086956522,0.815804341226,0.703703703704,0.703703703704,1,65,0,0,0,0
3052,WLNM_dir_neg,0.985798816568,0.863713639302,00:00:02,10,70,40,1236970064,threshold_sweep,0.1,1,0.0615384615385,0.115942028986,4,0,61,130,0.0615384615385,1,0,0.938461538462,1,0.0615384615385,0.115942028986,0.687179487179,0.659829059829,0.0804020100503,0.204657804039,0.0615384615385,216,151,65,0,216,0,151,0,65,37,216,0.162162162162,1.32432432432,11.6756756757,21.6,6,8.1990990496,0.702237650082,0.31006006006,10.329336629,1.76937710775,0.765265265265,3.0868314707,0.528762798222,0.252752752753,0.579945114934,0.437917739848,2,1.32432432432,0.579945114934,2,0.0121701261701,0.00597269624573,7,0.000900900900901,0.621196581197,37,37,37,1,0,0.72972972973,0.243243243243,0.027027027027,37,0.113363363363,1.32432432432,8.16216216216,15.1,4.44117647059,5.86663595406,0.718760034106,0.356899946304,7.32718825251,1.79540374399,0.776445319492,2.48750631913,0.609521415945,0.338643279041,0.579945114934,0.437917739848,2,1.32432432432,0.579945114934,2,0.0178954612148,0.00529100529101,3,0.0003861003861,0.341029257377,37,37,37,1,0,0.72972972973,0.189189189189,0.0810810810811,37,155,0.116366366366,1.32432432432,8.37837837838,15.5,4.42857142857,6.02933270378,0.719630032386,0.357105492589,7.34029153916,1.75219862548,0.768962510898,2.35511072915,0.562187722442,0.312816041848,0.579945114934,0.437917739848,2,1.32432432432,0.579945114934,2,0.0132326136196,0.0100111234705,6,0.000772200772201,0.347510738859,37,37,37,1,0,0.72972972973,0.216216216216,0.0540540540541,-61,-0.0457957957958,0,-3.2972972973,-6.1,-1.57142857143,-2.16976634583,0.0173923823046,0.0470454325293,-2.98904508984,-0.0171784822682,0.00369724563273,-0.731720741556,0.0334249242193,0.0600632890955,0,0,0,0,0,0,0.00106248744948,0.00403842722479,-1,-0.0001287001287,-0.273685842338,0,-0.027027027027,0.027027027027,155,0,61,1116,0.717592592593,1,0,0.282407407407,1,0.717592592593,0.835579514825,0.82486492977,0.717592592593,0.717592592593,4,65,0,0,0,0
3053,WLNM_dir_neg,0.985798816568,0.863713639302,00:00:02,10,70,40,1236970064,threshold_sweep,0.2,1,0.0615384615385,0.115942028986,4,0,61,130,0.0615384615385,1,0,0.938461538462,1,0.0615384615385,0.115942028986,0.687179487179,0.659829059829,0.0804020100503,0.204657804039,0.0615384615385,216,151,65,0,216,0,151,0,65,37,216,0.162162162162,1.32432432432,11.6756756757,21.6,6,8.1990990496,0.702237650082,0.31006006006,10.329336629,1.76937710775,0.765265265265,3.0868314707,0.528762798222,0.252752752753,0.579945114934,0.437917739848,2,1.32432432432,0.579945114934,2,0.0121701261701,0.00597269624573,7,0.000900900900901,0.621196581197,37,37,37,1,0,0.72972972973,0.243243243243,0.027027027027,37,0.113363363363,1.32432432432,8.16216216216,15.1,4.44117647059,5.86663595406,0.718760034106,0.356899946304,7.32718825251,1.79540374399,0.776445319492,2.48750631913,0.609521415945,0.338643279041,0.579945114934,0.437917739848,2,1.32432432432,0.579945114934,2,0.0178954612148,0.00529100529101,3,0.0003861003861,0.341029257377,37,37,37,1,0,0.72972972973,0.189189189189,0.0810810810811,37,155,0.116366366366,1.32432432432,8.37837837838,15.5,4.42857142857,6.02933270378,0.719630032386,0.357105492589,7.34029153916,1.75219862548,0.768962510898,2.35511072915,0.562187722442,0.312816041848,0.579945114934,0.437917739848,2,1.32432432432,0.579945114934,2,0.0132326136196,0.0100111234705,6,0.000772200772201,0.347510738859,37,37,37,1,0,0.72972972973,0.216216216216,0.0540540540541,-61,-0.0457957957958,0,-3.2972972973,-6.1,-1.57142857143,-2.16976634583,0.0173923823046,0.0470454325293,-2.98904508984,-0.0171784822682,0.00369724563273,-0.731720741556,0.0334249242193,0.0600632890955,0,0,0,0,0,0,0.00106248744948,0.00403842722479,-1,-0.0001287001287,-0.273685842338,0,-0.027027027027,0.027027027027,155,0,61,1116,0.717592592593,1,0,0.282407407407,1,0.717592592593,0.835579514825,0.82486492977,0.717592592593,0.717592592593,4,65,0,0,0,0
3054,WLNM_dir_neg,0.985798816568,0.863713639302,00:00:02,10,70,40,1236970064,threshold_sweep,0.3,1,0.0615384615385,0.115942028986,4,0,61,130,0.0615384615385,1,0,0.938461538462,1,0.0615384615385,0.115942028986,0.687179487179,0.659829059829,0.0804020100503,0.204657804039,0.0615384615385,216,151,65,0,216,0,151,0,65,37,216,0.162162162162,1.32432432432,11.6756756757,21.6,6,8.1990990496,0.702237650082,0.31006006006,10.329336629,1.76937710775,0.765265265265,3.0868314707,0.528762798222,0.252752752753,0.579945114934,0.437917739848,2,1.32432432432,0.579945114934,2,0.0121701261701,0.00597269624573,7,0.000900900900901,0.621196581197,37,37,37,1,0,0.72972972973,0.243243243243,0.027027027027,37,0.113363363363,1.32432432432,8.16216216216,15.1,4.44117647059,5.86663595406,0.718760034106,0.356899946304,7.32718825251,1.79540374399,0.776445319492,2.48750631913,0.609521415945,0.338643279041,0.579945114934,0.437917739848,2,1.32432432432,0.579945114934,2,0.0178954612148,0.00529100529101,3,0.0003861003861,0.341029257377,37,37,37,1,0,0.72972972973,0.189189189189,0.0810810810811,37,155,0.116366366366,1.32432432432,8.37837837838,15.5,4.42857142857,6.02933270378,0.719630032386,0.357105492589,7.34029153916,1.75219862548,0.768962510898,2.35511072915,0.562187722442,0.312816041848,0.579945114934,0.437917739848,2,1.32432432432,0.579945114934,2,0.0132326136196,0.0100111234705,6,0.000772200772201,0.347510738859,37,37,37,1,0,0.72972972973,0.216216216216,0.0540540540541,-61,-0.0457957957958,0,-3.2972972973,-6.1,-1.57142857143,-2.16976634583,0.0173923823046,0.0470454325293,-2.98904508984,-0.0171784822682,0.00369724563273,-0.731720741556,0.0334249242193,0.0600632890955,0,0,0,0,0,0,0.00106248744948,0.00403842722479,-1,-0.0001287001287,-0.273685842338,0,-0.027027027027,0.027027027027,155,0,61,1116,0.717592592593,1,0,0.282407407407,1,0.717592592593,0.835579514825,0.82486492977,0.717592592593,0.717592592593,4,65,0,0,0,0
3055,WLNM_dir_neg,0.985798816568,0.863713639302,00:00:02,10,70,40,1236970064,threshold_sweep,0.4,1,0.0615384615385,0.115942028986,4,0,61,130,0.0615384615385,1,0,0.938461538462,1,0.0615384615385,0.115942028986,0.687179487179,0.659829059829,0.0804020100503,0.204657804039,0.0615384615385,216,151,65,0,216,0,151,0,65,37,216,0.162162162162,1.32432432432,11.6756756757,21.6,6,8.1990990496,0.702237650082,0.31006006006,10.329336629,1.76937710775,0.765265265265,3.0868314707,0.528762798222,0.252752752753,0.579945114934,0.437917739848,2,1.32432432432,0.579945114934,2,0.0121701261701,0.00597269624573,7,0.000900900900901,0.621196581197,37,37,37,1,0,0.72972972973,0.243243243243,0.027027027027,37,0.113363363363,1.32432432432,8.16216216216,15.1,4.44117647059,5.86663595406,0.718760034106,0.356899946304,7.32718825251,1.79540374399,0.776445319492,2.48750631913,0.609521415945,0.338643279041,0.579945114934,0.437917739848,2,1.32432432432,0.579945114934,2,0.0178954612148,0.00529100529101,3,0.0003861003861,0.341029257377,37,37,37,1,0,0.72972972973,0.189189189189,0.0810810810811,37,155,0.116366366366,1.32432432432,8.37837837838,15.5,4.42857142857,6.02933270378,0.719630032386,0.357105492589,7.34029153916,1.75219862548,0.768962510898,2.35511072915,0.562187722442,0.312816041848,0.579945114934,0.437917739848,2,1.32432432432,0.579945114934,2,0.0132326136196,0.0100111234705,6,0.000772200772201,0.347510738859,37,37,37,1,0,0.72972972973,0.216216216216,0.0540540540541,-61,-0.0457957957958,0,-3.2972972973,-6.1,-1.57142857143,-2.16976634583,0.0173923823046,0.0470454325293,-2.98904508984,-0.0171784822682,0.00369724563273,-0.731720741556,0.0334249242193,0.0600632890955,0,0,0,0,0,0,0.00106248744948,0.00403842722479,-1,-0.0001287001287,-0.273685842338,0,-0.027027027027,0.027027027027,155,0,61,1116,0.717592592593,1,0,0.282407407407,1,0.717592592593,0.835579514825,0.82486492977,0.717592592593,0.717592592593,4,65,0,0,0,0
3056,WLNM_dir_neg,0.985798816568,0.863713639302,00:00:02,10,70,40,1236970064,threshold_sweep,0.5,1,0.0615384615385,0.115942028986,4,0,61,130,0.0615384615385,1,0,0.938461538462,1,0.0615384615385,0.115942028986,0.687179487179,0.659829059829,0.0804020100503,0.204657804039,0.0615384615385,216,151,65,0,216,0,151,0,65,37,216,0.162162162162,1.32432432432,11.6756756757,21.6,6,8.1990990496,0.702237650082,0.31006006006,10.329336629,1.76937710775,0.765265265265,3.0868314707,0.528762798222,0.252752752753,0.579945114934,0.437917739848,2,1.32432432432,0.579945114934,2,0.0121701261701,0.00597269624573,7,0.000900900900901,0.621196581197,37,37,37,1,0,0.72972972973,0.243243243243,0.027027027027,37,0.113363363363,1.32432432432,8.16216216216,15.1,4.44117647059,5.86663595406,0.718760034106,0.356899946304,7.32718825251,1.79540374399,0.776445319492,2.48750631913,0.609521415945,0.338643279041,0.579945114934,0.437917739848,2,1.32432432432,0.579945114934,2,0.0178954612148,0.00529100529101,3,0.0003861003861,0.341029257377,37,37,37,1,0,0.72972972973,0.189189189189,0.0810810810811,37,155,0.116366366366,1.32432432432,8.37837837838,15.5,4.42857142857,6.02933270378,0.719630032386,0.357105492589,7.34029153916,1.75219862548,0.768962510898,2.35511072915,0.562187722442,0.312816041848,0.579945114934,0.437917739848,2,1.32432432432,0.579945114934,2,0.0132326136196,0.0100111234705,6,0.000772200772201,0.347510738859,37,37,37,1,0,0.72972972973,0.216216216216,0.0540540540541,-61,-0.0457957957958,0,-3.2972972973,-6.1,-1.57142857143,-2.16976634583,0.0173923823046,0.0470454325293,-2.98904508984,-0.0171784822682,0.00369724563273,-0.731720741556,0.0334249242193,0.0600632890955,0,0,0,0,0,0,0.00106248744948,0.00403842722479,-1,-0.0001287001287,-0.273685842338,0,-0.027027027027,0.027027027027,155,0,61,1116,0.717592592593,1,0,0.282407407407,1,0.717592592593,0.835579514825,0.82486492977,0.717592592593,0.717592592593,4,65,0,0,0,0
3057,WLNM_dir_neg,0.985798816568,0.863713639302,00:00:02,10,70,40,1236970064,threshold_sweep,0.6,1,0.0615384615385,0.115942028986,4,0,61,130,0.0615384615385,1,0,0.938461538462,1,0.0615384615385,0.115942028986,0.687179487179,0.659829059829,0.0804020100503,0.204657804039,0.0615384615385,216,151,65,0,216,0,151,0,65,37,216,0.162162162162,1.32432432432,11.6756756757,21.6,6,8.1990990496,0.702237650082,0.31006006006,10.329336629,1.76937710775,0.765265265265,3.0868314707,0.528762798222,0.252752752753,0.579945114934,0.437917739848,2,1.32432432432,0.579945114934,2,0.0121701261701,0.00597269624573,7,0.000900900900901,0.621196581197,37,37,37,1,0,0.72972972973,0.243243243243,0.027027027027,37,0.113363363363,1.32432432432,8.16216216216,15.1,4.44117647059,5.86663595406,0.718760034106,0.356899946304,7.32718825251,1.79540374399,0.776445319492,2.48750631913,0.609521415945,0.338643279041,0.579945114934,0.437917739848,2,1.32432432432,0.579945114934,2,0.0178954612148,0.00529100529101,3,0.0003861003861,0.341029257377,37,37,37,1,0,0.72972972973,0.189189189189,0.0810810810811,37,155,0.116366366366,1.32432432432,8.37837837838,15.5,4.42857142857,6.02933270378,0.719630032386,0.357105492589,7.34029153916,1.75219862548,0.768962510898,2.35511072915,0.562187722442,0.312816041848,0.579945114934,0.437917739848,2,1.32432432432,0.579945114934,2,0.0132326136196,0.0100111234705,6,0.000772200772201,0.347510738859,37,37,37,1,0,0.72972972973,0.216216216216,0.0540540540541,-61,-0.0457957957958,0,-3.2972972973,-6.1,-1.57142857143,-2.16976634583,0.0173923823046,0.0470454325293,-2.98904508984,-0.0171784822682,0.00369724563273,-0.731720741556,0.0334249242193,0.0600632890955,0,0,0,0,0,0,0.00106248744948,0.00403842722479,-1,-0.0001287001287,-0.273685842338,0,-0.027027027027,0.027027027027,155,0,61,1116,0.717592592593,1,0,0.282407407407,1,0.717592592593,0.835579514825,0.82486492977,0.717592592593,0.717592592593,4,65,0,0,0,0
3058,WLNM_dir_neg,0.985798816568,0.863713639302,00:00:02,10,70,40,1236970064,threshold_sweep,0.7,1,0.0615384615385,0.115942028986,4,0,61,130,0.0615384615385,1,0,0.938461538462,1,0.0615384615385,0.115942028986,0.687179487179,0.659829059829,0.0804020100503,0.204657804039,0.0615384615385,216,151,65,0,216,0,151,0,65,37,216,0.162162162162,1.32432432432,11.6756756757,21.6,6,8.1990990496,0.702237650082,0.31006006006,10.329336629,1.76937710775,0.765265265265,3.0868314707,0.528762798222,0.252752752753,0.579945114934,0.437917739848,2,1.32432432432,0.579945114934,2,0.0121701261701,0.00597269624573,7,0.000900900900901,0.621196581197,37,37,37,1,0,0.72972972973,0.243243243243,0.027027027027,37,0.113363363363,1.32432432432,8.16216216216,15.1,4.44117647059,5.86663595406,0.718760034106,0.356899946304,7.32718825251,1.79540374399,0.776445319492,2.48750631913,0.609521415945,0.338643279041,0.579945114934,0.437917739848,2,1.32432432432,0.579945114934,2,0.0178954612148,0.00529100529101,3,0.0003861003861,0.341029257377,37,37,37,1,0,0.72972972973,0.189189189189,0.0810810810811,37,155,0.116366366366,1.32432432432,8.37837837838,15.5,4.42857142857,6.02933270378,0.719630032386,0.357105492589,7.34029153916,1.75219862548,0.768962510898,2.35511072915,0.562187722442,0.312816041848,0.579945114934,0.437917739848,2,1.32432432432,0.579945114934,2,0.0132326136196,0.0100111234705,6,0.000772200772201,0.347510738859,37,37,37,1,0,0.72972972973,0.216216216216,0.0540540540541,-61,-0.0457957957958,0,-3.2972972973,-6.1,-1.57142857143,-2.16976634583,0.0173923823046,0.0470454325293,-2.98904508984,-0.0171784822682,0.00369724563273,-0.731720741556,0.0334249242193,0.0600632890955,0,0,0,0,0,0,0.00106248744948,0.00403842722479,-1,-0.0001287001287,-0.273685842338,0,-0.027027027027,0.027027027027,155,0,61,1116,0.717592592593,1,0,0.282407407407,1,0.717592592593,0.835579514825,0.82486492977,0.717592592593,0.717592592593,4,65,0,0,0,0
3059,WLNM_dir_neg,0.985798816568,0.863713639302,00:00:02,10,70,40,1236970064,threshold_sweep,0.8,1,0.0615384615385,0.115942028986,4,0,61,130,0.0615384615385,1,0,0.938461538462,1,0.0615384615385,0.115942028986,0.687179487179,0.659829059829,0.0804020100503,0.204657804039,0.0615384615385,216,151,65,0,216,0,151,0,65,37,216,0.162162162162,1.32432432432,11.6756756757,21.6,6,8.1990990496,0.702237650082,0.31006006006,10.329336629,1.76937710775,0.765265265265,3.0868314707,0.528762798222,0.252752752753,0.579945114934,0.437917739848,2,1.32432432432,0.579945114934,2,0.0121701261701,0.00597269624573,7,0.000900900900901,0.621196581197,37,37,37,1,0,0.72972972973,0.243243243243,0.027027027027,37,0.113363363363,1.32432432432,8.16216216216,15.1,4.44117647059,5.86663595406,0.718760034106,0.356899946304,7.32718825251,1.79540374399,0.776445319492,2.48750631913,0.609521415945,0.338643279041,0.579945114934,0.437917739848,2,1.32432432432,0.579945114934,2,0.0178954612148,0.00529100529101,3,0.0003861003861,0.341029257377,37,37,37,1,0,0.72972972973,0.189189189189,0.0810810810811,37,155,0.116366366366,1.32432432432,8.37837837838,15.5,4.42857142857,6.02933270378,0.719630032386,0.357105492589,7.34029153916,1.75219862548,0.768962510898,2.35511072915,0.562187722442,0.312816041848,0.579945114934,0.437917739848,2,1.32432432432,0.579945114934,2,0.0132326136196,0.0100111234705,6,0.000772200772201,0.347510738859,37,37,37,1,0,0.72972972973,0.216216216216,0.0540540540541,-61,-0.0457957957958,0,-3.2972972973,-6.1,-1.57142857143,-2.16976634583,0.0173923823046,0.0470454325293,-2.98904508984,-0.0171784822682,0.00369724563273,-0.731720741556,0.0334249242193,0.0600632890955,0,0,0,0,0,0,0.00106248744948,0.00403842722479,-1,-0.0001287001287,-0.273685842338,0,-0.027027027027,0.027027027027,155,0,61,1116,0.717592592593,1,0,0.282407407407,1,0.717592592593,0.835579514825,0.82486492977,0.717592592593,0.717592592593,4,65,0,0,0,0
3060,WLNM_dir_neg,0.985798816568,0.863713639302,00:00:02,10,70,40,1236970064,threshold_sweep,0.9,1,0.0615384615385,0.115942028986,4,0,61,130,0.0615384615385,1,0,0.938461538462,1,0.0615384615385,0.115942028986,0.687179487179,0.659829059829,0.0804020100503,0.204657804039,0.0615384615385,216,151,65,0,216,0,151,0,65,37,216,0.162162162162,1.32432432432,11.6756756757,21.6,6,8.1990990496,0.702237650082,0.31006006006,10.329336629,1.76937710775,0.765265265265,3.0868314707,0.528762798222,0.252752752753,0.579945114934,0.437917739848,2,1.32432432432,0.579945114934,2,0.0121701261701,0.00597269624573,7,0.000900900900901,0.621196581197,37,37,37,1,0,0.72972972973,0.243243243243,0.027027027027,37,0.113363363363,1.32432432432,8.16216216216,15.1,4.44117647059,5.86663595406,0.718760034106,0.356899946304,7.32718825251,1.79540374399,0.776445319492,2.48750631913,0.609521415945,0.338643279041,0.579945114934,0.437917739848,2,1.32432432432,0.579945114934,2,0.0178954612148,0.00529100529101,3,0.0003861003861,0.341029257377,37,37,37,1,0,0.72972972973,0.189189189189,0.0810810810811,37,155,0.116366366366,1.32432432432,8.37837837838,15.5,4.42857142857,6.02933270378,0.719630032386,0.357105492589,7.34029153916,1.75219862548,0.768962510898,2.35511072915,0.562187722442,0.312816041848,0.579945114934,0.437917739848,2,1.32432432432,0.579945114934,2,0.0132326136196,0.0100111234705,6,0.000772200772201,0.347510738859,37,37,37,1,0,0.72972972973,0.216216216216,0.0540540540541,-61,-0.0457957957958,0,-3.2972972973,-6.1,-1.57142857143,-2.16976634583,0.0173923823046,0.0470454325293,-2.98904508984,-0.0171784822682,0.00369724563273,-0.731720741556,0.0334249242193,0.0600632890955,0,0,0,0,0,0,0.00106248744948,0.00403842722479,-1,-0.0001287001287,-0.273685842338,0,-0.027027027027,0.027027027027,155,0,61,1116,0.717592592593,1,0,0.282407407407,1,0.717592592593,0.835579514825,0.82486492977,0.717592592593,0.717592592593,4,65,0,0,0,0
3061,WLNM_dir_neg,0.972544378698,0.847766943542,00:00:02,10,70,41,1236970065,threshold_sweep,0.1,1,0.0923076923077,0.169014084507,6,0,59,130,0.0923076923077,1,0,0.907692307692,1,0.0923076923077,0.169014084507,0.697435897436,0.65641025641,0.119402985075,0.251976315339,0.0923076923077,216,151,65,0,216,0,151,0,65,37,216,0.162162162162,1.32432432432,11.6756756757,21.6,6,8.1990990496,0.702237650082,0.31006006006,10.329336629,1.76937710775,0.765265265265,3.0868314707,0.528762798222,0.252752752753,0.579945114934,0.437917739848,2,1.32432432432,0.579945114934,2,0.0121701261701,0.00597269624573,7,0.000900900900901,0.621196581197,37,37,37,1,0,0.72972972973,0.243243243243,0.027027027027,37,0.113363363363,1.31981981982,8.16216216216,15.1,4.44117647059,5.87136891815,0.719339900568,0.350814390549,7.33476644473,1.79726065202,0.77501342402,2.46507131268,0.604024096483,0.333989618758,0.567072809762,0.429659262004,2,1.31981981982,0.567072809762,2,0,0,0,0,0.333758700237,37,37,37,1,0,0.72972972973,0.189189189189,0.0810810810811,37,157,0.117867867868,1.32432432432,8.48648648649,15.7,4.36111111111,6.06731508266,0.71493840146,0.352900671372,7.38769775221,1.74104978874,0.765019796867,2.2534591361,0.531069987489,0.295403683939,0.579945114934,0.437917739848,2,1.32432432432,0.579945114934,2,0.0118183286074,0.00979325353645,6,0.000772200772201,0.341536478015,37,37,37,1,0,0.72972972973,0.243243243243,0.027027027027,-59,-0.0442942942943,0,-3.18918918919,-5.9,-1.63888888889,-2.13178396694,0.0127007513784,0.0428406113119,-2.94163887679,-0.0283273190068,-0.000245468398335,-0.833372334603,0.00230718926638,0.042650931186,0,0,0,0,0,0,-0.000351797562766,0.00382055729072,-1,-0.0001287001287,-0.279660103182,0,0,0,157,0,59,1116,0.726851851852,1,0,0.273148148148,1,0.726851851852,0.8418230563,0.830875808969,0.726851851852,0.726851851852,6,65,0,0,0,0
3062,WLNM_dir_neg,0.972544378698,0.847766943542,00:00:02,10,70,41,1236970065,threshold_sweep,0.2,1,0.0923076923077,0.169014084507,6,0,59,130,0.0923076923077,1,0,0.907692307692,1,0.0923076923077,0.169014084507,0.697435897436,0.65641025641,0.119402985075,0.251976315339,0.0923076923077,216,151,65,0,216,0,151,0,65,37,216,0.162162162162,1.32432432432,11.6756756757,21.6,6,8.1990990496,0.702237650082,0.31006006006,10.329336629,1.76937710775,0.765265265265,3.0868314707,0.528762798222,0.252752752753,0.579945114934,0.437917739848,2,1.32432432432,0.579945114934,2,0.0121701261701,0.00597269624573,7,0.000900900900901,0.621196581197,37,37,37,1,0,0.72972972973,0.243243243243,0.027027027027,37,0.113363363363,1.31981981982,8.16216216216,15.1,4.44117647059,5.87136891815,0.719339900568,0.350814390549,7.33476644473,1.79726065202,0.77501342402,2.46507131268,0.604024096483,0.333989618758,0.567072809762,0.429659262004,2,1.31981981982,0.567072809762,2,0,0,0,0,0.333758700237,37,37,37,1,0,0.72972972973,0.189189189189,0.0810810810811,37,157,0.117867867868,1.32432432432,8.48648648649,15.7,4.36111111111,6.06731508266,0.71493840146,0.352900671372,7.38769775221,1.74104978874,0.765019796867,2.2534591361,0.531069987489,0.295403683939,0.579945114934,0.437917739848,2,1.32432432432,0.579945114934,2,0.0118183286074,0.00979325353645,6,0.000772200772201,0.341536478015,37,37,37,1,0,0.72972972973,0.243243243243,0.027027027027,-59,-0.0442942942943,0,-3.18918918919,-5.9,-1.63888888889,-2.13178396694,0.0127007513784,0.0428406113119,-2.94163887679,-0.0283273190068,-0.000245468398335,-0.833372334603,0.00230718926638,0.042650931186,0,0,0,0,0,0,-0.000351797562766,0.00382055729072,-1,-0.0001287001287,-0.279660103182,0,0,0,157,0,59,1116,0.726851851852,1,0,0.273148148148,1,0.726851851852,0.8418230563,0.830875808969,0.726851851852,0.726851851852,6,65,0,0,0,0
3063,WLNM_dir_neg,0.972544378698,0.847766943542,00:00:02,10,70,41,1236970065,threshold_sweep,0.3,1,0.0923076923077,0.169014084507,6,0,59,130,0.0923076923077,1,0,0.907692307692,1,0.0923076923077,0.169014084507,0.697435897436,0.65641025641,0.119402985075,0.251976315339,0.0923076923077,216,151,65,0,216,0,151,0,65,37,216,0.162162162162,1.32432432432,11.6756756757,21.6,6,8.1990990496,0.702237650082,0.31006006006,10.329336629,1.76937710775,0.765265265265,3.0868314707,0.528762798222,0.252752752753,0.579945114934,0.437917739848,2,1.32432432432,0.579945114934,2,0.0121701261701,0.00597269624573,7,0.000900900900901,0.621196581197,37,37,37,1,0,0.72972972973,0.243243243243,0.027027027027,37,0.113363363363,1.31981981982,8.16216216216,15.1,4.44117647059,5.87136891815,0.719339900568,0.350814390549,7.33476644473,1.79726065202,0.77501342402,2.46507131268,0.604024096483,0.333989618758,0.567072809762,0.429659262004,2,1.31981981982,0.567072809762,2,0,0,0,0,0.333758700237,37,37,37,1,0,0.72972972973,0.189189189189,0.0810810810811,37,157,0.117867867868,1.32432432432,8.48648648649,15.7,4.36111111111,6.06731508266,0.71493840146,0.352900671372,7.38769775221,1.74104978874,0.765019796867,2.2534591361,0.531069987489,0.295403683939,0.579945114934,0.437917739848,2,1.32432432432,0.579945114934,2,0.0118183286074,0.00979325353645,6,0.000772200772201,0.341536478015,37,37,37,1,0,0.72972972973,0.243243243243,0.027027027027,-59,-0.0442942942943,0,-3.18918918919,-5.9,-1.63888888889,-2.13178396694,0.0127007513784,0.0428406113119,-2.94163887679,-0.0283273190068,-0.000245468398335,-0.833372334603,0.00230718926638,0.042650931186,0,0,0,0,0,0,-0.000351797562766,0.00382055729072,-1,-0.0001287001287,-0.279660103182,0,0,0,157,0,59,1116,0.726851851852,1,0,0.273148148148,1,0.726851851852,0.8418230563,0.830875808969,0.726851851852,0.726851851852,6,65,0,0,0,0
3064,WLNM_dir_neg,0.972544378698,0.847766943542,00:00:02,10,70,41,1236970065,threshold_sweep,0.4,1,0.0923076923077,0.169014084507,6,0,59,130,0.0923076923077,1,0,0.907692307692,1,0.0923076923077,0.169014084507,0.697435897436,0.65641025641,0.119402985075,0.251976315339,0.0923076923077,216,151,65,0,216,0,151,0,65,37,216,0.162162162162,1.32432432432,11.6756756757,21.6,6,8.1990990496,0.702237650082,0.31006006006,10.329336629,1.76937710775,0.765265265265,3.0868314707,0.528762798222,0.252752752753,0.579945114934,0.437917739848,2,1.32432432432,0.579945114934,2,0.0121701261701,0.00597269624573,7,0.000900900900901,0.621196581197,37,37,37,1,0,0.72972972973,0.243243243243,0.027027027027,37,0.113363363363,1.31981981982,8.16216216216,15.1,4.44117647059,5.87136891815,0.719339900568,0.350814390549,7.33476644473,1.79726065202,0.77501342402,2.46507131268,0.604024096483,0.333989618758,0.567072809762,0.429659262004,2,1.31981981982,0.567072809762,2,0,0,0,0,0.333758700237,37,37,37,1,0,0.72972972973,0.189189189189,0.0810810810811,37,157,0.117867867868,1.32432432432,8.48648648649,15.7,4.36111111111,6.06731508266,0.71493840146,0.352900671372,7.38769775221,1.74104978874,0.765019796867,2.2534591361,0.531069987489,0.295403683939,0.579945114934,0.437917739848,2,1.32432432432,0.579945114934,2,0.0118183286074,0.00979325353645,6,0.000772200772201,0.341536478015,37,37,37,1,0,0.72972972973,0.243243243243,0.027027027027,-59,-0.0442942942943,0,-3.18918918919,-5.9,-1.63888888889,-2.13178396694,0.0127007513784,0.0428406113119,-2.94163887679,-0.0283273190068,-0.000245468398335,-0.833372334603,0.00230718926638,0.042650931186,0,0,0,0,0,0,-0.000351797562766,0.00382055729072,-1,-0.0001287001287,-0.279660103182,0,0,0,157,0,59,1116,0.726851851852,1,0,0.273148148148,1,0.726851851852,0.8418230563,0.830875808969,0.726851851852,0.726851851852,6,65,0,0,0,0
3065,WLNM_dir_neg,0.972544378698,0.847766943542,00:00:02,10,70,41,1236970065,threshold_sweep,0.5,1,0.0923076923077,0.169014084507,6,0,59,130,0.0923076923077,1,0,0.907692307692,1,0.0923076923077,0.169014084507,0.697435897436,0.65641025641,0.119402985075,0.251976315339,0.0923076923077,216,151,65,0,216,0,151,0,65,37,216,0.162162162162,1.32432432432,11.6756756757,21.6,6,8.1990990496,0.702237650082,0.31006006006,10.329336629,1.76937710775,0.765265265265,3.0868314707,0.528762798222,0.252752752753,0.579945114934,0.437917739848,2,1.32432432432,0.579945114934,2,0.0121701261701,0.00597269624573,7,0.000900900900901,0.621196581197,37,37,37,1,0,0.72972972973,0.243243243243,0.027027027027,37,0.113363363363,1.31981981982,8.16216216216,15.1,4.44117647059,5.87136891815,0.719339900568,0.350814390549,7.33476644473,1.79726065202,0.77501342402,2.46507131268,0.604024096483,0.333989618758,0.567072809762,0.429659262004,2,1.31981981982,0.567072809762,2,0,0,0,0,0.333758700237,37,37,37,1,0,0.72972972973,0.189189189189,0.0810810810811,37,157,0.117867867868,1.32432432432,8.48648648649,15.7,4.36111111111,6.06731508266,0.71493840146,0.352900671372,7.38769775221,1.74104978874,0.765019796867,2.2534591361,0.531069987489,0.295403683939,0.579945114934,0.437917739848,2,1.32432432432,0.579945114934,2,0.0118183286074,0.00979325353645,6,0.000772200772201,0.341536478015,37,37,37,1,0,0.72972972973,0.243243243243,0.027027027027,-59,-0.0442942942943,0,-3.18918918919,-5.9,-1.63888888889,-2.13178396694,0.0127007513784,0.0428406113119,-2.94163887679,-0.0283273190068,-0.000245468398335,-0.833372334603,0.00230718926638,0.042650931186,0,0,0,0,0,0,-0.000351797562766,0.00382055729072,-1,-0.0001287001287,-0.279660103182,0,0,0,157,0,59,1116,0.726851851852,1,0,0.273148148148,1,0.726851851852,0.8418230563,0.830875808969,0.726851851852,0.726851851852,6,65,0,0,0,0
3066,WLNM_dir_neg,0.972544378698,0.847766943542,00:00:02,10,70,41,1236970065,threshold_sweep,0.6,1,0.0923076923077,0.169014084507,6,0,59,130,0.0923076923077,1,0,0.907692307692,1,0.0923076923077,0.169014084507,0.697435897436,0.65641025641,0.119402985075,0.251976315339,0.0923076923077,216,151,65,0,216,0,151,0,65,37,216,0.162162162162,1.32432432432,11.6756756757,21.6,6,8.1990990496,0.702237650082,0.31006006006,10.329336629,1.76937710775,0.765265265265,3.0868314707,0.528762798222,0.252752752753,0.579945114934,0.437917739848,2,1.32432432432,0.579945114934,2,0.0121701261701,0.00597269624573,7,0.000900900900901,0.621196581197,37,37,37,1,0,0.72972972973,0.243243243243,0.027027027027,37,0.113363363363,1.31981981982,8.16216216216,15.1,4.44117647059,5.87136891815,0.719339900568,0.350814390549,7.33476644473,1.79726065202,0.77501342402,2.46507131268,0.604024096483,0.333989618758,0.567072809762,0.429659262004,2,1.31981981982,0.567072809762,2,0,0,0,0,0.333758700237,37,37,37,1,0,0.72972972973,0.189189189189,0.0810810810811,37,157,0.117867867868,1.32432432432,8.48648648649,15.7,4.36111111111,6.06731508266,0.71493840146,0.352900671372,7.38769775221,1.74104978874,0.765019796867,2.2534591361,0.531069987489,0.295403683939,0.579945114934,0.437917739848,2,1.32432432432,0.579945114934,2,0.0118183286074,0.00979325353645,6,0.000772200772201,0.341536478015,37,37,37,1,0,0.72972972973,0.243243243243,0.027027027027,-59,-0.0442942942943,0,-3.18918918919,-5.9,-1.63888888889,-2.13178396694,0.0127007513784,0.0428406113119,-2.94163887679,-0.0283273190068,-0.000245468398335,-0.833372334603,0.00230718926638,0.042650931186,0,0,0,0,0,0,-0.000351797562766,0.00382055729072,-1,-0.0001287001287,-0.279660103182,0,0,0,157,0,59,1116,0.726851851852,1,0,0.273148148148,1,0.726851851852,0.8418230563,0.830875808969,0.726851851852,0.726851851852,6,65,0,0,0,0
3067,WLNM_dir_neg,0.972544378698,0.847766943542,00:00:02,10,70,41,1236970065,threshold_sweep,0.7,1,0.0923076923077,0.169014084507,6,0,59,130,0.0923076923077,1,0,0.907692307692,1,0.0923076923077,0.169014084507,0.697435897436,0.65641025641,0.119402985075,0.251976315339,0.0923076923077,216,151,65,0,216,0,151,0,65,37,216,0.162162162162,1.32432432432,11.6756756757,21.6,6,8.1990990496,0.702237650082,0.31006006006,10.329336629,1.76937710775,0.765265265265,3.0868314707,0.528762798222,0.252752752753,0.579945114934,0.437917739848,2,1.32432432432,0.579945114934,2,0.0121701261701,0.00597269624573,7,0.000900900900901,0.621196581197,37,37,37,1,0,0.72972972973,0.243243243243,0.027027027027,37,0.113363363363,1.31981981982,8.16216216216,15.1,4.44117647059,5.87136891815,0.719339900568,0.350814390549,7.33476644473,1.79726065202,0.77501342402,2.46507131268,0.604024096483,0.333989618758,0.567072809762,0.429659262004,2,1.31981981982,0.567072809762,2,0,0,0,0,0.333758700237,37,37,37,1,0,0.72972972973,0.189189189189,0.0810810810811,37,157,0.117867867868,1.32432432432,8.48648648649,15.7,4.36111111111,6.06731508266,0.71493840146,0.352900671372,7.38769775221,1.74104978874,0.765019796867,2.2534591361,0.531069987489,0.295403683939,0.579945114934,0.437917739848,2,1.32432432432,0.579945114934,2,0.0118183286074,0.00979325353645,6,0.000772200772201,0.341536478015,37,37,37,1,0,0.72972972973,0.243243243243,0.027027027027,-59,-0.0442942942943,0,-3.18918918919,-5.9,-1.63888888889,-2.13178396694,0.0127007513784,0.0428406113119,-2.94163887679,-0.0283273190068,-0.000245468398335,-0.833372334603,0.00230718926638,0.042650931186,0,0,0,0,0,0,-0.000351797562766,0.00382055729072,-1,-0.0001287001287,-0.279660103182,0,0,0,157,0,59,1116,0.726851851852,1,0,0.273148148148,1,0.726851851852,0.8418230563,0.830875808969,0.726851851852,0.726851851852,6,65,0,0,0,0
3068,WLNM_dir_neg,0.972544378698,0.847766943542,00:00:02,10,70,41,1236970065,threshold_sweep,0.8,1,0.0615384615385,0.115942028986,4,0,61,130,0.0615384615385,1,0,0.938461538462,1,0.0615384615385,0.115942028986,0.687179487179,0.659829059829,0.0804020100503,0.204657804039,0.0615384615385,216,151,65,0,216,0,151,0,65,37,216,0.162162162162,1.32432432432,11.6756756757,21.6,6,8.1990990496,0.702237650082,0.31006006006,10.329336629,1.76937710775,0.765265265265,3.0868314707,0.528762798222,0.252752752753,0.579945114934,0.437917739848,2,1.32432432432,0.579945114934,2,0.0121701261701,0.00597269624573,7,0.000900900900901,0.621196581197,37,37,37,1,0,0.72972972973,0.243243243243,0.027027027027,37,0.113363363363,1.31981981982,8.16216216216,15.1,4.44117647059,5.87136891815,0.719339900568,0.350814390549,7.33476644473,1.79726065202,0.77501342402,2.46507131268,0.604024096483,0.333989618758,0.567072809762,0.429659262004,2,1.31981981982,0.567072809762,2,0,0,0,0,0.333758700237,37,37,37,1,0,0.72972972973,0.189189189189,0.0810810810811,37,155,0.116366366366,1.32432432432,8.37837837838,15.5,4.30555555556,5.96913985685,0.71244572485,0.349084568439,7.35918865485,1.75670954987,0.7679163034,2.31945680707,0.553676786205,0.307236268527,0.579945114934,0.437917739848,2,1.32432432432,0.579945114934,2,0.0101473571885,0.00672268907563,4,0.000514800514801,0.33709203357,37,37,37,1,0,0.72972972973,0.243243243243,0.027027027027,-61,-0.0457957957958,0,-3.2972972973,-6.1,-1.69444444444,-2.22995919275,0.0102080747679,0.0390245083793,-2.97014797415,-0.0126675578782,0.00265103813491,-0.76737466363,0.0249139879822,0.0544835157738,0,0,0,0,0,0,-0.00202276898164,0.000749992829896,-3,-0.0003861003861,-0.284104547626,0,0,0,155,0,61,1116,0.717592592593,1,0,0.282407407407,1,0.717592592593,0.835579514825,0.82486492977,0.717592592593,0.717592592593,4,65,0,0,0,0
3069,WLNM_dir_neg,0.972544378698,0.847766943542,00:00:02,10,70,41,1236970065,threshold_sweep,0.9,1,0.0615384615385,0.115942028986,4,0,61,130,0.0615384615385,1,0,0.938461538462,1,0.0615384615385,0.115942028986,0.687179487179,0.659829059829,0.0804020100503,0.204657804039,0.0615384615385,216,151,65,0,216,0,151,0,65,37,216,0.162162162162,1.32432432432,11.6756756757,21.6,6,8.1990990496,0.702237650082,0.31006006006,10.329336629,1.76937710775,0.765265265265,3.0868314707,0.528762798222,0.252752752753,0.579945114934,0.437917739848,2,1.32432432432,0.579945114934,2,0.0121701261701,0.00597269624573,7,0.000900900900901,0.621196581197,37,37,37,1,0,0.72972972973,0.243243243243,0.027027027027,37,0.113363363363,1.31981981982,8.16216216216,15.1,4.44117647059,5.87136891815,0.719339900568,0.350814390549,7.33476644473,1.79726065202,0.77501342402,2.46507131268,0.604024096483,0.333989618758,0.567072809762,0.429659262004,2,1.31981981982,0.567072809762,2,0,0,0,0,0.333758700237,37,37,37,1,0,0.72972972973,0.189189189189,0.0810810810811,37,155,0.116366366366,1.32432432432,8.37837837838,15.5,4.30555555556,5.96913985685,0.71244572485,0.349084568439,7.35918865485,1.75670954987,0.7679163034,2.31945680707,0.553676786205,0.307236268527,0.579945114934,0.437917739848,2,1.32432432432,0.579945114934,2,0.0101473571885,0.00672268907563,4,0.000514800514801,0.33709203357,37,37,37,1,0,0.72972972973,0.243243243243,0.027027027027,-61,-0.0457957957958,0,-3.2972972973,-6.1,-1.69444444444,-2.22995919275,0.0102080747679,0.0390245083793,-2.97014797415,-0.0126675578782,0.00265103813491,-0.76737466363,0.0249139879822,0.0544835157738,0,0,0,0,0,0,-0.00202276898164,0.000749992829896,-3,-0.0003861003861,-0.284104547626,0,0,0,155,0,61,1116,0.717592592593,1,0,0.282407407407,1,0.717592592593,0.835579514825,0.82486492977,0.717592592593,0.717592592593,4,65,0,0,0,0
3070,WLNM_dir_neg,0.98449704142,0.955129657023,00:00:02,10,70,42,1236970066,threshold_sweep,0.1,1,0.0461538461538,0.0882352941176,3,0,62,130,0.0461538461538,1,0,0.953846153846,1,0.0461538461538,0.0882352941176,0.682051282051,0.661538461538,0.0606060606061,0.176776695297,0.0461538461538,216,151,65,0,216,0,151,0,65,37,216,0.162162162162,1.32432432432,11.6756756757,21.6,6,8.1990990496,0.702237650082,0.31006006006,10.329336629,1.76937710775,0.765265265265,3.0868314707,0.528762798222,0.252752752753,0.579945114934,0.437917739848,2,1.32432432432,0.579945114934,2,0.0121701261701,0.00597269624573,7,0.000900900900901,0.621196581197,37,37,37,1,0,0.72972972973,0.243243243243,0.027027027027,37,0.113363363363,1.32432432432,8.16216216216,15.1,4.31428571429,5.87609807002,0.71991929997,0.349740468946,7.25862849908,1.77860433421,0.773939502416,2.30191198763,0.564044659221,0.312511186683,0.579945114934,0.437917739848,2,1.32432432432,0.579945114934,2,0.0123475706072,0.00704638872578,4,0.000514800514801,0.323950628545,37,37,37,1,0,0.72972972973,0.216216216216,0.0540540540541,37,154,0.115615615616,1.32432432432,8.32432432432,15.4,4.4,6.00025024503,0.720809282682,0.354334854335,7.28969407037,1.75142000392,0.768690768691,2.20496300691,0.529763839324,0.293787293787,0.579945114934,0.437917739848,2,1.32432432432,0.579945114934,2,0.0139457051377,0.0118243243243,7,0.000900900900901,0.331358035952,37,37,37,1,0,0.72972972973,0.216216216216,0.0540540540541,-62,-0.0465465465465,0,-3.35135135135,-6.2,-1.6,-2.19884880457,0.0185716326005,0.0442747942748,-3.03964255863,-0.0179571038244,0.0034255034255,-0.881868463789,0.00100104110119,0.0410345410345,0,0,0,0,0,0,0.00177557896753,0.00585162807859,0,0,-0.289838545244,0,-0.027027027027,0.027027027027,154,0,62,1116,0.712962962963,1,0,0.287037037037,1,0.712962962963,0.832432432432,0.821850714237,0.712962962963,0.712962962963,3,65,0,0,0,0
3071,WLNM_dir_neg,0.98449704142,0.955129657023,00:00:02,10,70,42,1236970066,threshold_sweep,0.2,1,0.0461538461538,0.0882352941176,3,0,62,130,0.0461538461538,1,0,0.953846153846,1,0.0461538461538,0.0882352941176,0.682051282051,0.661538461538,0.0606060606061,0.176776695297,0.0461538461538,216,151,65,0,216,0,151,0,65,37,216,0.162162162162,1.32432432432,11.6756756757,21.6,6,8.1990990496,0.702237650082,0.31006006006,10.329336629,1.76937710775,0.765265265265,3.0868314707,0.528762798222,0.252752752753,0.579945114934,0.437917739848,2,1.32432432432,0.579945114934,2,0.0121701261701,0.00597269624573,7,0.000900900900901,0.621196581197,37,37,37,1,0,0.72972972973,0.243243243243,0.027027027027,37,0.113363363363,1.32432432432,8.16216216216,15.1,4.31428571429,5.87609807002,0.71991929997,0.349740468946,7.25862849908,1.77860433421,0.773939502416,2.30191198763,0.564044659221,0.312511186683,0.579945114934,0.437917739848,2,1.32432432432,0.579945114934,2,0.0123475706072,0.00704638872578,4,0.000514800514801,0.323950628545,37,37,37,1,0,0.72972972973,0.216216216216,0.0540540540541,37,154,0.115615615616,1.32432432432,8.32432432432,15.4,4.4,6.00025024503,0.720809282682,0.354334854335,7.28969407037,1.75142000392,0.768690768691,2.20496300691,0.529763839324,0.293787293787,0.579945114934,0.437917739848,2,1.32432432432,0.579945114934,2,0.0139457051377,0.0118243243243,7,0.000900900900901,0.331358035952,37,37,37,1,0,0.72972972973,0.216216216216,0.0540540540541,-62,-0.0465465465465,0,-3.35135135135,-6.2,-1.6,-2.19884880457,0.0185716326005,0.0442747942748,-3.03964255863,-0.0179571038244,0.0034255034255,-0.881868463789,0.00100104110119,0.0410345410345,0,0,0,0,0,0,0.00177557896753,0.00585162807859,0,0,-0.289838545244,0,-0.027027027027,0.027027027027,154,0,62,1116,0.712962962963,1,0,0.287037037037,1,0.712962962963,0.832432432432,0.821850714237,0.712962962963,0.712962962963,3,65,0,0,0,0
3072,WLNM_dir_neg,0.98449704142,0.955129657023,00:00:02,10,70,42,1236970066,threshold_sweep,0.3,1,0.0153846153846,0.030303030303,1,0,64,130,0.0153846153846,1,0,0.984615384615,1,0.0153846153846,0.030303030303,0.671794871795,0.664957264957,0.0204081632653,0.101534616513,0.0153846153846,216,151,65,0,216,0,151,0,65,37,216,0.162162162162,1.32432432432,11.6756756757,21.6,6,8.1990990496,0.702237650082,0.31006006006,10.329336629,1.76937710775,0.765265265265,3.0868314707,0.528762798222,0.252752752753,0.579945114934,0.437917739848,2,1.32432432432,0.579945114934,2,0.0121701261701,0.00597269624573,7,0.000900900900901,0.621196581197,37,37,37,1,0,0.72972972973,0.243243243243,0.027027027027,37,0.113363363363,1.32432432432,8.16216216216,15.1,4.31428571429,5.87609807002,0.71991929997,0.349740468946,7.25862849908,1.77860433421,0.773939502416,2.30191198763,0.564044659221,0.312511186683,0.579945114934,0.437917739848,2,1.32432432432,0.579945114934,2,0.0123475706072,0.00704638872578,4,0.000514800514801,0.323950628545,37,37,37,1,0,0.72972972973,0.216216216216,0.0540540540541,37,152,0.114114114114,1.32432432432,8.21621621622,15.2,4.34285714286,5.90261305193,0.718410141189,0.351173541963,7.27546784973,1.77100204237,0.77240398293,2.27038645491,0.552659860736,0.306543385491,0.579945114934,0.437917739848,2,1.32432432432,0.579945114934,2,0.0144529255697,0.00870069605568,5,0.000643500643501,0.326419764347,37,37,37,1,0,0.72972972973,0.216216216216,0.0540540540541,-64,-0.048048048048,0,-3.45945945946,-6.4,-1.65714285714,-2.29648599767,0.0161724911073,0.041113481903,-3.05386877927,0.00162493462279,0.00713871766503,-0.81644501579,0.0238970625131,0.053790632738,0,0,0,0,0,0,0.00228279939956,0.00272799980995,-2,-0.0002574002574,-0.294776816849,0,-0.027027027027,0.027027027027,152,0,64,1116,0.703703703704,1,0,0.296296296296,1,0.703703703704,0.826086956522,0.815804341226,0.703703703704,0.703703703704,1,65,0,0,0,0
3073,WLNM_dir_neg,0.98449704142,0.955129657023,00:00:02,10,70,42,1236970066,threshold_sweep,0.4,1,0.0153846153846,0.030303030303,1,0,64,130,0.0153846153846,1,0,0.984615384615,1,0.0153846153846,0.030303030303,0.671794871795,0.664957264957,0.0204081632653,0.101534616513,0.0153846153846,216,151,65,0,216,0,151,0,65,37,216,0.162162162162,1.32432432432,11.6756756757,21.6,6,8.1990990496,0.702237650082,0.31006006006,10.329336629,1.76937710775,0.765265265265,3.0868314707,0.528762798222,0.252752752753,0.579945114934,0.437917739848,2,1.32432432432,0.579945114934,2,0.0121701261701,0.00597269624573,7,0.000900900900901,0.621196581197,37,37,37,1,0,0.72972972973,0.243243243243,0.027027027027,37,0.113363363363,1.32432432432,8.16216216216,15.1,4.31428571429,5.87609807002,0.71991929997,0.349740468946,7.25862849908,1.77860433421,0.773939502416,2.30191198763,0.564044659221,0.312511186683,0.579945114934,0.437917739848,2,1.32432432432,0.579945114934,2,0.0123475706072,0.00704638872578,4,0.000514800514801,0.323950628545,37,37,37,1,0,0.72972972973,0.216216216216,0.0540540540541,37,152,0.114114114114,1.32432432432,8.21621621622,15.2,4.34285714286,5.90261305193,0.718410141189,0.351173541963,7.27546784973,1.77100204237,0.77240398293,2.27038645491,0.552659860736,0.306543385491,0.579945114934,0.437917739848,2,1.32432432432,0.579945114934,2,0.0144529255697,0.00870069605568,5,0.000643500643501,0.326419764347,37,37,37,1,0,0.72972972973,0.216216216216,0.0540540540541,-64,-0.048048048048,0,-3.45945945946,-6.4,-1.65714285714,-2.29648599767,0.0161724911073,0.041113481903,-3.05386877927,0.00162493462279,0.00713871766503,-0.81644501579,0.0238970625131,0.053790632738,0,0,0,0,0,0,0.00228279939956,0.00272799980995,-2,-0.0002574002574,-0.294776816849,0,-0.027027027027,0.027027027027,152,0,64,1116,0.703703703704,1,0,0.296296296296,1,0.703703703704,0.826086956522,0.815804341226,0.703703703704,0.703703703704,1,65,0,0,0,0
3074,WLNM_dir_neg,0.98449704142,0.955129657023,00:00:02,10,70,42,1236970066,threshold_sweep,0.5,1,0.0153846153846,0.030303030303,1,0,64,130,0.0153846153846,1,0,0.984615384615,1,0.0153846153846,0.030303030303,0.671794871795,0.664957264957,0.0204081632653,0.101534616513,0.0153846153846,216,151,65,0,216,0,151,0,65,37,216,0.162162162162,1.32432432432,11.6756756757,21.6,6,8.1990990496,0.702237650082,0.31006006006,10.329336629,1.76937710775,0.765265265265,3.0868314707,0.528762798222,0.252752752753,0.579945114934,0.437917739848,2,1.32432432432,0.579945114934,2,0.0121701261701,0.00597269624573,7,0.000900900900901,0.621196581197,37,37,37,1,0,0.72972972973,0.243243243243,0.027027027027,37,0.113363363363,1.32432432432,8.16216216216,15.1,4.31428571429,5.87609807002,0.71991929997,0.349740468946,7.25862849908,1.77860433421,0.773939502416,2.30191198763,0.564044659221,0.312511186683,0.579945114934,0.437917739848,2,1.32432432432,0.579945114934,2,0.0123475706072,0.00704638872578,4,0.000514800514801,0.323950628545,37,37,37,1,0,0.72972972973,0.216216216216,0.0540540540541,37,152,0.114114114114,1.32432432432,8.21621621622,15.2,4.34285714286,5.90261305193,0.718410141189,0.351173541963,7.27546784973,1.77100204237,0.77240398293,2.27038645491,0.552659860736,0.306543385491,0.579945114934,0.437917739848,2,1.32432432432,0.579945114934,2,0.0144529255697,0.00870069605568,5,0.000643500643501,0.326419764347,37,37,37,1,0,0.72972972973,0.216216216216,0.0540540540541,-64,-0.048048048048,0,-3.45945945946,-6.4,-1.65714285714,-2.29648599767,0.0161724911073,0.041113481903,-3.05386877927,0.00162493462279,0.00713871766503,-0.81644501579,0.0238970625131,0.053790632738,0,0,0,0,0,0,0.00228279939956,0.00272799980995,-2,-0.0002574002574,-0.294776816849,0,-0.027027027027,0.027027027027,152,0,64,1116,0.703703703704,1,0,0.296296296296,1,0.703703703704,0.826086956522,0.815804341226,0.703703703704,0.703703703704,1,65,0,0,0,0
3075,WLNM_dir_neg,0.98449704142,0.955129657023,00:00:02,10,70,42,1236970066,threshold_sweep,0.6,1,0.0153846153846,0.030303030303,1,0,64,130,0.0153846153846,1,0,0.984615384615,1,0.0153846153846,0.030303030303,0.671794871795,0.664957264957,0.0204081632653,0.101534616513,0.0153846153846,216,151,65,0,216,0,151,0,65,37,216,0.162162162162,1.32432432432,11.6756756757,21.6,6,8.1990990496,0.702237650082,0.31006006006,10.329336629,1.76937710775,0.765265265265,3.0868314707,0.528762798222,0.252752752753,0.579945114934,0.437917739848,2,1.32432432432,0.579945114934,2,0.0121701261701,0.00597269624573,7,0.000900900900901,0.621196581197,37,37,37,1,0,0.72972972973,0.243243243243,0.027027027027,37,0.113363363363,1.32432432432,8.16216216216,15.1,4.31428571429,5.87609807002,0.71991929997,0.349740468946,7.25862849908,1.77860433421,0.773939502416,2.30191198763,0.564044659221,0.312511186683,0.579945114934,0.437917739848,2,1.32432432432,0.579945114934,2,0.0123475706072,0.00704638872578,4,0.000514800514801,0.323950628545,37,37,37,1,0,0.72972972973,0.216216216216,0.0540540540541,37,152,0.114114114114,1.32432432432,8.21621621622,15.2,4.34285714286,5.90261305193,0.718410141189,0.351173541963,7.27546784973,1.77100204237,0.77240398293,2.27038645491,0.552659860736,0.306543385491,0.579945114934,0.437917739848,2,1.32432432432,0.579945114934,2,0.0144529255697,0.00870069605568,5,0.000643500643501,0.326419764347,37,37,37,1,0,0.72972972973,0.216216216216,0.0540540540541,-64,-0.048048048048,0,-3.45945945946,-6.4,-1.65714285714,-2.29648599767,0.0161724911073,0.041113481903,-3.05386877927,0.00162493462279,0.00713871766503,-0.81644501579,0.0238970625131,0.053790632738,0,0,0,0,0,0,0.00228279939956,0.00272799980995,-2,-0.0002574002574,-0.294776816849,0,-0.027027027027,0.027027027027,152,0,64,1116,0.703703703704,1,0,0.296296296296,1,0.703703703704,0.826086956522,0.815804341226,0.703703703704,0.703703703704,1,65,0,0,0,0
3076,WLNM_dir_neg,0.98449704142,0.955129657023,00:00:02,10,70,42,1236970066,threshold_sweep,0.7,1,0.0153846153846,0.030303030303,1,0,64,130,0.0153846153846,1,0,0.984615384615,1,0.0153846153846,0.030303030303,0.671794871795,0.664957264957,0.0204081632653,0.101534616513,0.0153846153846,216,151,65,0,216,0,151,0,65,37,216,0.162162162162,1.32432432432,11.6756756757,21.6,6,8.1990990496,0.702237650082,0.31006006006,10.329336629,1.76937710775,0.765265265265,3.0868314707,0.528762798222,0.252752752753,0.579945114934,0.437917739848,2,1.32432432432,0.579945114934,2,0.0121701261701,0.00597269624573,7,0.000900900900901,0.621196581197,37,37,37,1,0,0.72972972973,0.243243243243,0.027027027027,37,0.113363363363,1.32432432432,8.16216216216,15.1,4.31428571429,5.87609807002,0.71991929997,0.349740468946,7.25862849908,1.77860433421,0.773939502416,2.30191198763,0.564044659221,0.312511186683,0.579945114934,0.437917739848,2,1.32432432432,0.579945114934,2,0.0123475706072,0.00704638872578,4,0.000514800514801,0.323950628545,37,37,37,1,0,0.72972972973,0.216216216216,0.0540540540541,37,152,0.114114114114,1.32432432432,8.21621621622,15.2,4.34285714286,5.90261305193,0.718410141189,0.351173541963,7.27546784973,1.77100204237,0.77240398293,2.27038645491,0.552659860736,0.306543385491,0.579945114934,0.437917739848,2,1.32432432432,0.579945114934,2,0.0144529255697,0.00870069605568,5,0.000643500643501,0.326419764347,37,37,37,1,0,0.72972972973,0.216216216216,0.0540540540541,-64,-0.048048048048,0,-3.45945945946,-6.4,-1.65714285714,-2.29648599767,0.0161724911073,0.041113481903,-3.05386877927,0.00162493462279,0.00713871766503,-0.81644501579,0.0238970625131,0.053790632738,0,0,0,0,0,0,0.00228279939956,0.00272799980995,-2,-0.0002574002574,-0.294776816849,0,-0.027027027027,0.027027027027,152,0,64,1116,0.703703703704,1,0,0.296296296296,1,0.703703703704,0.826086956522,0.815804341226,0.703703703704,0.703703703704,1,65,0,0,0,0
3077,WLNM_dir_neg,0.98449704142,0.955129657023,00:00:02,10,70,42,1236970066,threshold_sweep,0.8,1,0.0153846153846,0.030303030303,1,0,64,130,0.0153846153846,1,0,0.984615384615,1,0.0153846153846,0.030303030303,0.671794871795,0.664957264957,0.0204081632653,0.101534616513,0.0153846153846,216,151,65,0,216,0,151,0,65,37,216,0.162162162162,1.32432432432,11.6756756757,21.6,6,8.1990990496,0.702237650082,0.31006006006,10.329336629,1.76937710775,0.765265265265,3.0868314707,0.528762798222,0.252752752753,0.579945114934,0.437917739848,2,1.32432432432,0.579945114934,2,0.0121701261701,0.00597269624573,7,0.000900900900901,0.621196581197,37,37,37,1,0,0.72972972973,0.243243243243,0.027027027027,37,0.113363363363,1.32432432432,8.16216216216,15.1,4.31428571429,5.87609807002,0.71991929997,0.349740468946,7.25862849908,1.77860433421,0.773939502416,2.30191198763,0.564044659221,0.312511186683,0.579945114934,0.437917739848,2,1.32432432432,0.579945114934,2,0.0123475706072,0.00704638872578,4,0.000514800514801,0.323950628545,37,37,37,1,0,0.72972972973,0.216216216216,0.0540540540541,37,152,0.114114114114,1.32432432432,8.21621621622,15.2,4.34285714286,5.90261305193,0.718410141189,0.351173541963,7.27546784973,1.77100204237,0.77240398293,2.27038645491,0.552659860736,0.306543385491,0.579945114934,0.437917739848,2,1.32432432432,0.579945114934,2,0.0144529255697,0.00870069605568,5,0.000643500643501,0.326419764347,37,37,37,1,0,0.72972972973,0.216216216216,0.0540540540541,-64,-0.048048048048,0,-3.45945945946,-6.4,-1.65714285714,-2.29648599767,0.0161724911073,0.041113481903,-3.05386877927,0.00162493462279,0.00713871766503,-0.81644501579,0.0238970625131,0.053790632738,0,0,0,0,0,0,0.00228279939956,0.00272799980995,-2,-0.0002574002574,-0.294776816849,0,-0.027027027027,0.027027027027,152,0,64,1116,0.703703703704,1,0,0.296296296296,1,0.703703703704,0.826086956522,0.815804341226,0.703703703704,0.703703703704,1,65,0,0,0,0
3078,WLNM_dir_neg,0.98449704142,0.955129657023,00:00:02,10,70,42,1236970066,threshold_sweep,0.9,1,0.0153846153846,0.030303030303,1,0,64,130,0.0153846153846,1,0,0.984615384615,1,0.0153846153846,0.030303030303,0.671794871795,0.664957264957,0.0204081632653,0.101534616513,0.0153846153846,216,151,65,0,216,0,151,0,65,37,216,0.162162162162,1.32432432432,11.6756756757,21.6,6,8.1990990496,0.702237650082,0.31006006006,10.329336629,1.76937710775,0.765265265265,3.0868314707,0.528762798222,0.252752752753,0.579945114934,0.437917739848,2,1.32432432432,0.579945114934,2,0.0121701261701,0.00597269624573,7,0.000900900900901,0.621196581197,37,37,37,1,0,0.72972972973,0.243243243243,0.027027027027,37,0.113363363363,1.32432432432,8.16216216216,15.1,4.31428571429,5.87609807002,0.71991929997,0.349740468946,7.25862849908,1.77860433421,0.773939502416,2.30191198763,0.564044659221,0.312511186683,0.579945114934,0.437917739848,2,1.32432432432,0.579945114934,2,0.0123475706072,0.00704638872578,4,0.000514800514801,0.323950628545,37,37,37,1,0,0.72972972973,0.216216216216,0.0540540540541,37,152,0.114114114114,1.32432432432,8.21621621622,15.2,4.34285714286,5.90261305193,0.718410141189,0.351173541963,7.27546784973,1.77100204237,0.77240398293,2.27038645491,0.552659860736,0.306543385491,0.579945114934,0.437917739848,2,1.32432432432,0.579945114934,2,0.0144529255697,0.00870069605568,5,0.000643500643501,0.326419764347,37,37,37,1,0,0.72972972973,0.216216216216,0.0540540540541,-64,-0.048048048048,0,-3.45945945946,-6.4,-1.65714285714,-2.29648599767,0.0161724911073,0.041113481903,-3.05386877927,0.00162493462279,0.00713871766503,-0.81644501579,0.0238970625131,0.053790632738,0,0,0,0,0,0,0.00228279939956,0.00272799980995,-2,-0.0002574002574,-0.294776816849,0,-0.027027027027,0.027027027027,152,0,64,1116,0.703703703704,1,0,0.296296296296,1,0.703703703704,0.826086956522,0.815804341226,0.703703703704,0.703703703704,1,65,0,0,0,0
3079,WLNM_dir_neg,0.982544378698,0.952197802198,00:00:02,10,70,43,1236970067,threshold_sweep,0.1,1,0.0923076923077,0.169014084507,6,0,59,130,0.0923076923077,1,0,0.907692307692,1,0.0923076923077,0.169014084507,0.697435897436,0.65641025641,0.119402985075,0.251976315339,0.0923076923077,216,151,65,0,216,0,151,0,65,37,216,0.162162162162,1.32432432432,11.6756756757,21.6,6,8.1990990496,0.702237650082,0.31006006006,10.329336629,1.76937710775,0.765265265265,3.0868314707,0.528762798222,0.252752752753,0.579945114934,0.437917739848,2,1.32432432432,0.579945114934,2,0.0121701261701,0.00597269624573,7,0.000900900900901,0.621196581197,37,37,37,1,0,0.72972972973,0.243243243243,0.027027027027,37,0.113363363363,1.32882882883,8.16216216216,15.1,4.57575757576,5.91379514128,0.724537815322,0.347055664936,7.31960221437,1.79354491345,0.777161267227,2.37321135429,0.581515364959,0.31823876857,0.593803505044,0.446862298711,2.16666666667,1.33796296296,0.5995846593,2.16666666667,0.0158349528009,0.00701344243133,4,0.000514800514801,0.330339142339,37,36,36,0.972972972973,0,0.702702702703,0.189189189189,0.0810810810811,37,157,0.117867867868,1.32432432432,8.48648648649,15.7,4.36111111111,6.0901633878,0.717630717671,0.350662764676,7.3914568005,1.7419356791,0.767429850232,2.13964438122,0.504247401943,0.277156137029,0.579945114934,0.437917739848,2,1.32432432432,0.579945114934,2,0.0127683928436,0.0113944655453,7,0.000900900900901,0.333196285196,37,37,37,1,0,0.72972972973,0.243243243243,0.027027027027,-59,-0.0442942942943,0,-3.18918918919,-5.9,-1.63888888889,-2.10893566181,0.0153930675887,0.0406027046154,-2.9378798285,-0.027441428647,0.00216458496713,-0.947187089486,-0.0245153962793,0.024403384276,0,0,0,0,0,0,0.000598266673455,0.00542176929957,0,0,-0.288000296,0,0,0,157,0,59,1116,0.726851851852,1,0,0.273148148148,1,0.726851851852,0.8418230563,0.830875808969,0.726851851852,0.726851851852,6,65,0,0,0,0
3080,WLNM_dir_neg,0.982544378698,0.952197802198,00:00:02,10,70,43,1236970067,threshold_sweep,0.2,1,0.0923076923077,0.169014084507,6,0,59,130,0.0923076923077,1,0,0.907692307692,1,0.0923076923077,0.169014084507,0.697435897436,0.65641025641,0.119402985075,0.251976315339,0.0923076923077,216,151,65,0,216,0,151,0,65,37,216,0.162162162162,1.32432432432,11.6756756757,21.6,6,8.1990990496,0.702237650082,0.31006006006,10.329336629,1.76937710775,0.765265265265,3.0868314707,0.528762798222,0.252752752753,0.579945114934,0.437917739848,2,1.32432432432,0.579945114934,2,0.0121701261701,0.00597269624573,7,0.000900900900901,0.621196581197,37,37,37,1,0,0.72972972973,0.243243243243,0.027027027027,37,0.113363363363,1.32882882883,8.16216216216,15.1,4.57575757576,5.91379514128,0.724537815322,0.347055664936,7.31960221437,1.79354491345,0.777161267227,2.37321135429,0.581515364959,0.31823876857,0.593803505044,0.446862298711,2.16666666667,1.33796296296,0.5995846593,2.16666666667,0.0158349528009,0.00701344243133,4,0.000514800514801,0.330339142339,37,36,36,0.972972972973,0,0.702702702703,0.189189189189,0.0810810810811,37,157,0.117867867868,1.32432432432,8.48648648649,15.7,4.36111111111,6.0901633878,0.717630717671,0.350662764676,7.3914568005,1.7419356791,0.767429850232,2.13964438122,0.504247401943,0.277156137029,0.579945114934,0.437917739848,2,1.32432432432,0.579945114934,2,0.0127683928436,0.0113944655453,7,0.000900900900901,0.333196285196,37,37,37,1,0,0.72972972973,0.243243243243,0.027027027027,-59,-0.0442942942943,0,-3.18918918919,-5.9,-1.63888888889,-2.10893566181,0.0153930675887,0.0406027046154,-2.9378798285,-0.027441428647,0.00216458496713,-0.947187089486,-0.0245153962793,0.024403384276,0,0,0,0,0,0,0.000598266673455,0.00542176929957,0,0,-0.288000296,0,0,0,157,0,59,1116,0.726851851852,1,0,0.273148148148,1,0.726851851852,0.8418230563,0.830875808969,0.726851851852,0.726851851852,6,65,0,0,0,0
3081,WLNM_dir_neg,0.982544378698,0.952197802198,00:00:02,10,70,43,1236970067,threshold_sweep,0.3,1,0.0923076923077,0.169014084507,6,0,59,130,0.0923076923077,1,0,0.907692307692,1,0.0923076923077,0.169014084507,0.697435897436,0.65641025641,0.119402985075,0.251976315339,0.0923076923077,216,151,65,0,216,0,151,0,65,37,216,0.162162162162,1.32432432432,11.6756756757,21.6,6,8.1990990496,0.702237650082,0.31006006006,10.329336629,1.76937710775,0.765265265265,3.0868314707,0.528762798222,0.252752752753,0.579945114934,0.437917739848,2,1.32432432432,0.579945114934,2,0.0121701261701,0.00597269624573,7,0.000900900900901,0.621196581197,37,37,37,1,0,0.72972972973,0.243243243243,0.027027027027,37,0.113363363363,1.32882882883,8.16216216216,15.1,4.57575757576,5.91379514128,0.724537815322,0.347055664936,7.31960221437,1.79354491345,0.777161267227,2.37321135429,0.581515364959,0.31823876857,0.593803505044,0.446862298711,2.16666666667,1.33796296296,0.5995846593,2.16666666667,0.0158349528009,0.00701344243133,4,0.000514800514801,0.330339142339,37,36,36,0.972972972973,0,0.702702702703,0.189189189189,0.0810810810811,37,157,0.117867867868,1.32432432432,8.48648648649,15.7,4.36111111111,6.0901633878,0.717630717671,0.350662764676,7.3914568005,1.7419356791,0.767429850232,2.13964438122,0.504247401943,0.277156137029,0.579945114934,0.437917739848,2,1.32432432432,0.579945114934,2,0.0127683928436,0.0113944655453,7,0.000900900900901,0.333196285196,37,37,37,1,0,0.72972972973,0.243243243243,0.027027027027,-59,-0.0442942942943,0,-3.18918918919,-5.9,-1.63888888889,-2.10893566181,0.0153930675887,0.0406027046154,-2.9378798285,-0.027441428647,0.00216458496713,-0.947187089486,-0.0245153962793,0.024403384276,0,0,0,0,0,0,0.000598266673455,0.00542176929957,0,0,-0.288000296,0,0,0,157,0,59,1116,0.726851851852,1,0,0.273148148148,1,0.726851851852,0.8418230563,0.830875808969,0.726851851852,0.726851851852,6,65,0,0,0,0
3082,WLNM_dir_neg,0.982544378698,0.952197802198,00:00:02,10,70,43,1236970067,threshold_sweep,0.4,1,0.0923076923077,0.169014084507,6,0,59,130,0.0923076923077,1,0,0.907692307692,1,0.0923076923077,0.169014084507,0.697435897436,0.65641025641,0.119402985075,0.251976315339,0.0923076923077,216,151,65,0,216,0,151,0,65,37,216,0.162162162162,1.32432432432,11.6756756757,21.6,6,8.1990990496,0.702237650082,0.31006006006,10.329336629,1.76937710775,0.765265265265,3.0868314707,0.528762798222,0.252752752753,0.579945114934,0.437917739848,2,1.32432432432,0.579945114934,2,0.0121701261701,0.00597269624573,7,0.000900900900901,0.621196581197,37,37,37,1,0,0.72972972973,0.243243243243,0.027027027027,37,0.113363363363,1.32882882883,8.16216216216,15.1,4.57575757576,5.91379514128,0.724537815322,0.347055664936,7.31960221437,1.79354491345,0.777161267227,2.37321135429,0.581515364959,0.31823876857,0.593803505044,0.446862298711,2.16666666667,1.33796296296,0.5995846593,2.16666666667,0.0158349528009,0.00701344243133,4,0.000514800514801,0.330339142339,37,36,36,0.972972972973,0,0.702702702703,0.189189189189,0.0810810810811,37,157,0.117867867868,1.32432432432,8.48648648649,15.7,4.36111111111,6.0901633878,0.717630717671,0.350662764676,7.3914568005,1.7419356791,0.767429850232,2.13964438122,0.504247401943,0.277156137029,0.579945114934,0.437917739848,2,1.32432432432,0.579945114934,2,0.0127683928436,0.0113944655453,7,0.000900900900901,0.333196285196,37,37,37,1,0,0.72972972973,0.243243243243,0.027027027027,-59,-0.0442942942943,0,-3.18918918919,-5.9,-1.63888888889,-2.10893566181,0.0153930675887,0.0406027046154,-2.9378798285,-0.027441428647,0.00216458496713,-0.947187089486,-0.0245153962793,0.024403384276,0,0,0,0,0,0,0.000598266673455,0.00542176929957,0,0,-0.288000296,0,0,0,157,0,59,1116,0.726851851852,1,0,0.273148148148,1,0.726851851852,0.8418230563,0.830875808969,0.726851851852,0.726851851852,6,65,0,0,0,0
3083,WLNM_dir_neg,0.982544378698,0.952197802198,00:00:02,10,70,43,1236970067,threshold_sweep,0.5,1,0.0461538461538,0.0882352941176,3,0,62,130,0.0461538461538,1,0,0.953846153846,1,0.0461538461538,0.0882352941176,0.682051282051,0.661538461538,0.0606060606061,0.176776695297,0.0461538461538,216,151,65,0,216,0,151,0,65,37,216,0.162162162162,1.32432432432,11.6756756757,21.6,6,8.1990990496,0.702237650082,0.31006006006,10.329336629,1.76937710775,0.765265265265,3.0868314707,0.528762798222,0.252752752753,0.579945114934,0.437917739848,2,1.32432432432,0.579945114934,2,0.0121701261701,0.00597269624573,7,0.000900900900901,0.621196581197,37,37,37,1,0,0.72972972973,0.243243243243,0.027027027027,37,0.113363363363,1.32882882883,8.16216216216,15.1,4.57575757576,5.91379514128,0.724537815322,0.347055664936,7.31960221437,1.79354491345,0.777161267227,2.37321135429,0.581515364959,0.31823876857,0.593803505044,0.446862298711,2.16666666667,1.33796296296,0.5995846593,2.16666666667,0.0158349528009,0.00701344243133,4,0.000514800514801,0.330339142339,37,36,36,0.972972972973,0,0.702702702703,0.189189189189,0.0810810810811,37,154,0.115615615616,1.32818532819,8.32432432432,15.4,4.52941176471,6.01873950468,0.723030395043,0.350298350298,7.34284804537,1.76419076415,0.77184977185,2.26707733429,0.544687411485,0.298701298701,0.591765934822,0.445544700927,2.14285714286,1.3373015873,0.597519437724,2.14285714286,0.0153307511202,0.0101123595506,6,0.000772200772201,0.334307396307,37,36,36,0.972972972973,0,0.702702702703,0.216216216216,0.0540540540541,-62,-0.0465465465465,0.003861003861,-3.35135135135,-6.2,-1.47058823529,-2.18035954492,0.0207927449612,0.0402382902383,-2.98648858363,-0.0051863435976,0.00658450658451,-0.819754136417,0.0159246132622,0.0459485459485,0.0118208198873,0.0076269610784,0.142857142857,0.0129772629773,0.0175743227896,0.142857142857,0.0031606249501,0.00413966330483,-1,-0.0001287001287,-0.286889184889,-0.027027027027,-0.027027027027,0.027027027027,154,0,62,1116,0.712962962963,1,0,0.287037037037,1,0.712962962963,0.832432432432,0.821850714237,0.712962962963,0.712962962963,3,65,0,0,0,0
3084,WLNM_dir_neg,0.982544378698,0.952197802198,00:00:02,10,70,43,1236970067,threshold_sweep,0.6,1,0.0461538461538,0.0882352941176,3,0,62,130,0.0461538461538,1,0,0.953846153846,1,0.0461538461538,0.0882352941176,0.682051282051,0.661538461538,0.0606060606061,0.176776695297,0.0461538461538,216,151,65,0,216,0,151,0,65,37,216,0.162162162162,1.32432432432,11.6756756757,21.6,6,8.1990990496,0.702237650082,0.31006006006,10.329336629,1.76937710775,0.765265265265,3.0868314707,0.528762798222,0.252752752753,0.579945114934,0.437917739848,2,1.32432432432,0.579945114934,2,0.0121701261701,0.00597269624573,7,0.000900900900901,0.621196581197,37,37,37,1,0,0.72972972973,0.243243243243,0.027027027027,37,0.113363363363,1.32882882883,8.16216216216,15.1,4.57575757576,5.91379514128,0.724537815322,0.347055664936,7.31960221437,1.79354491345,0.777161267227,2.37321135429,0.581515364959,0.31823876857,0.593803505044,0.446862298711,2.16666666667,1.33796296296,0.5995846593,2.16666666667,0.0158349528009,0.00701344243133,4,0.000514800514801,0.330339142339,37,36,36,0.972972972973,0,0.702702702703,0.189189189189,0.0810810810811,37,154,0.115615615616,1.32818532819,8.32432432432,15.4,4.52941176471,6.01873950468,0.723030395043,0.350298350298,7.34284804537,1.76419076415,0.77184977185,2.26707733429,0.544687411485,0.298701298701,0.591765934822,0.445544700927,2.14285714286,1.3373015873,0.597519437724,2.14285714286,0.0153307511202,0.0101123595506,6,0.000772200772201,0.334307396307,37,36,36,0.972972972973,0,0.702702702703,0.216216216216,0.0540540540541,-62,-0.0465465465465,0.003861003861,-3.35135135135,-6.2,-1.47058823529,-2.18035954492,0.0207927449612,0.0402382902383,-2.98648858363,-0.0051863435976,0.00658450658451,-0.819754136417,0.0159246132622,0.0459485459485,0.0118208198873,0.0076269610784,0.142857142857,0.0129772629773,0.0175743227896,0.142857142857,0.0031606249501,0.00413966330483,-1,-0.0001287001287,-0.286889184889,-0.027027027027,-0.027027027027,0.027027027027,154,0,62,1116,0.712962962963,1,0,0.287037037037,1,0.712962962963,0.832432432432,0.821850714237,0.712962962963,0.712962962963,3,65,0,0,0,0
3085,WLNM_dir_neg,0.982544378698,0.952197802198,00:00:02,10,70,43,1236970067,threshold_sweep,0.7,1,0.0461538461538,0.0882352941176,3,0,62,130,0.0461538461538,1,0,0.953846153846,1,0.0461538461538,0.0882352941176,0.682051282051,0.661538461538,0.0606060606061,0.176776695297,0.0461538461538,216,151,65,0,216,0,151,0,65,37,216,0.162162162162,1.32432432432,11.6756756757,21.6,6,8.1990990496,0.702237650082,0.31006006006,10.329336629,1.76937710775,0.765265265265,3.0868314707,0.528762798222,0.252752752753,0.579945114934,0.437917739848,2,1.32432432432,0.579945114934,2,0.0121701261701,0.00597269624573,7,0.000900900900901,0.621196581197,37,37,37,1,0,0.72972972973,0.243243243243,0.027027027027,37,0.113363363363,1.32882882883,8.16216216216,15.1,4.57575757576,5.91379514128,0.724537815322,0.347055664936,7.31960221437,1.79354491345,0.777161267227,2.37321135429,0.581515364959,0.31823876857,0.593803505044,0.446862298711,2.16666666667,1.33796296296,0.5995846593,2.16666666667,0.0158349528009,0.00701344243133,4,0.000514800514801,0.330339142339,37,36,36,0.972972972973,0,0.702702702703,0.189189189189,0.0810810810811,37,154,0.115615615616,1.32818532819,8.32432432432,15.4,4.52941176471,6.01873950468,0.723030395043,0.350298350298,7.34284804537,1.76419076415,0.77184977185,2.26707733429,0.544687411485,0.298701298701,0.591765934822,0.445544700927,2.14285714286,1.3373015873,0.597519437724,2.14285714286,0.0153307511202,0.0101123595506,6,0.000772200772201,0.334307396307,37,36,36,0.972972972973,0,0.702702702703,0.216216216216,0.0540540540541,-62,-0.0465465465465,0.003861003861,-3.35135135135,-6.2,-1.47058823529,-2.18035954492,0.0207927449612,0.0402382902383,-2.98648858363,-0.0051863435976,0.00658450658451,-0.819754136417,0.0159246132622,0.0459485459485,0.0118208198873,0.0076269610784,0.142857142857,0.0129772629773,0.0175743227896,0.142857142857,0.0031606249501,0.00413966330483,-1,-0.0001287001287,-0.286889184889,-0.027027027027,-0.027027027027,0.027027027027,154,0,62,1116,0.712962962963,1,0,0.287037037037,1,0.712962962963,0.832432432432,0.821850714237,0.712962962963,0.712962962963,3,65,0,0,0,0
3086,WLNM_dir_neg,0.982544378698,0.952197802198,00:00:02,10,70,43,1236970067,threshold_sweep,0.8,1,0.0307692307692,0.0597014925373,2,0,63,130,0.0307692307692,1,0,0.969230769231,1,0.0307692307692,0.0597014925373,0.676923076923,0.663247863248,0.0406091370558,0.14396315015,0.0307692307692,216,151,65,0,216,0,151,0,65,37,216,0.162162162162,1.32432432432,11.6756756757,21.6,6,8.1990990496,0.702237650082,0.31006006006,10.329336629,1.76937710775,0.765265265265,3.0868314707,0.528762798222,0.252752752753,0.579945114934,0.437917739848,2,1.32432432432,0.579945114934,2,0.0121701261701,0.00597269624573,7,0.000900900900901,0.621196581197,37,37,37,1,0,0.72972972973,0.243243243243,0.027027027027,37,0.113363363363,1.32882882883,8.16216216216,15.1,4.57575757576,5.91379514128,0.724537815322,0.347055664936,7.31960221437,1.79354491345,0.777161267227,2.37321135429,0.581515364959,0.31823876857,0.593803505044,0.446862298711,2.16666666667,1.33796296296,0.5995846593,2.16666666667,0.0158349528009,0.00701344243133,4,0.000514800514801,0.330339142339,37,36,36,0.972972972973,0,0.702702702703,0.189189189189,0.0810810810811,37,153,0.114864864865,1.32882882883,8.27027027027,15.3,4.5,5.98910422095,0.724172732598,0.349761526232,7.33394755822,1.77356901735,0.773714891362,2.29930136928,0.556040200415,0.304893128423,0.593803505044,0.446862298711,2.16666666667,1.33796296296,0.5995846593,2.16666666667,0.015460803141,0.00853242320819,5,0.000643500643501,0.33152961853,37,36,36,0.972972972973,0,0.702702702703,0.216216216216,0.0540540540541,-63,-0.0472972972973,0.0045045045045,-3.40540540541,-6.3,-1.5,-2.20999482866,0.0219350825163,0.0397014661721,-2.99538907078,0.00419190960308,0.00844962609668,-0.787530101421,0.0272774021924,0.0521403756698,0.0138583901096,0.00894455886265,0.166666666667,0.0136386386386,0.019639544366,0.166666666667,0.00329067697091,0.00255972696246,-2,-0.0002574002574,-0.289666962667,-0.027027027027,-0.027027027027,0.027027027027,153,0,63,1116,0.708333333333,1,0,0.291666666667,1,0.708333333333,0.829268292683,0.818830544472,0.708333333333,0.708333333333,2,65,0,0,0,0
3087,WLNM_dir_neg,0.982544378698,0.952197802198,00:00:02,10,70,43,1236970067,threshold_sweep,0.9,1,0.0307692307692,0.0597014925373,2,0,63,130,0.0307692307692,1,0,0.969230769231,1,0.0307692307692,0.0597014925373,0.676923076923,0.663247863248,0.0406091370558,0.14396315015,0.0307692307692,216,151,65,0,216,0,151,0,65,37,216,0.162162162162,1.32432432432,11.6756756757,21.6,6,8.1990990496,0.702237650082,0.31006006006,10.329336629,1.76937710775,0.765265265265,3.0868314707,0.528762798222,0.252752752753,0.579945114934,0.437917739848,2,1.32432432432,0.579945114934,2,0.0121701261701,0.00597269624573,7,0.000900900900901,0.621196581197,37,37,37,1,0,0.72972972973,0.243243243243,0.027027027027,37,0.113363363363,1.32882882883,8.16216216216,15.1,4.57575757576,5.91379514128,0.724537815322,0.347055664936,7.31960221437,1.79354491345,0.777161267227,2.37321135429,0.581515364959,0.31823876857,0.593803505044,0.446862298711,2.16666666667,1.33796296296,0.5995846593,2.16666666667,0.0158349528009,0.00701344243133,4,0.000514800514801,0.330339142339,37,36,36,0.972972972973,0,0.702702702703,0.189189189189,0.0810810810811,37,153,0.114864864865,1.32882882883,8.27027027027,15.3,4.5,5.98910422095,0.724172732598,0.349761526232,7.33394755822,1.77356901735,0.773714891362,2.29930136928,0.556040200415,0.304893128423,0.593803505044,0.446862298711,2.16666666667,1.33796296296,0.5995846593,2.16666666667,0.015460803141,0.00853242320819,5,0.000643500643501,0.33152961853,37,36,36,0.972972972973,0,0.702702702703,0.216216216216,0.0540540540541,-63,-0.0472972972973,0.0045045045045,-3.40540540541,-6.3,-1.5,-2.20999482866,0.0219350825163,0.0397014661721,-2.99538907078,0.00419190960308,0.00844962609668,-0.787530101421,0.0272774021924,0.0521403756698,0.0138583901096,0.00894455886265,0.166666666667,0.0136386386386,0.019639544366,0.166666666667,0.00329067697091,0.00255972696246,-2,-0.0002574002574,-0.289666962667,-0.027027027027,-0.027027027027,0.027027027027,153,0,63,1116,0.708333333333,1,0,0.291666666667,1,0.708333333333,0.829268292683,0.818830544472,0.708333333333,0.708333333333,2,65,0,0,0,0
3088,WLNM_dir_neg,0.989349112426,0.964253393665,00:00:02,10,70,44,1236970068,threshold_sweep,0.1,1,0.0769230769231,0.142857142857,5,0,60,130,0.0769230769231,1,0,0.923076923077,1,0.0769230769231,0.142857142857,0.692307692308,0.65811965812,0.1,0.229415733871,0.0769230769231,216,151,65,0,216,0,151,0,65,37,216,0.162162162162,1.32432432432,11.6756756757,21.6,6,8.1990990496,0.702237650082,0.31006006006,10.329336629,1.76937710775,0.765265265265,3.0868314707,0.528762798222,0.252752752753,0.579945114934,0.437917739848,2,1.32432432432,0.579945114934,2,0.0121701261701,0.00597269624573,7,0.000900900900901,0.621196581197,37,37,37,1,0,0.72972972973,0.243243243243,0.027027027027,37,0.113363363363,1.32432432432,8.16216216216,15.1,4.44117647059,5.89968696681,0.72280933037,0.350277429748,7.26627819443,1.78047876287,0.774655450152,2.44243023758,0.598476283382,0.326114193664,0.579945114934,0.437917739848,2,1.33333333333,0.585540043769,2,0.0102351115885,0.00526932084309,3,0.0003861003861,0.338410816237,37,36,36,0.972972972973,0,0.702702702703,0.216216216216,0.0540540540541,37,156,0.117117117117,1.32432432432,8.43243243243,15.6,4.45714285714,6.09890946782,0.723268109966,0.357761607762,7.33005659799,1.73853906491,0.766458766459,2.27468111483,0.539507700313,0.294178794179,0.579945114934,0.437917739848,2,1.33333333333,0.585540043769,2,0.0127617586109,0.0114816839803,7,0.000900900900901,0.346558964385,37,36,36,0.972972972973,0,0.702702702703,0.243243243243,0.027027027027,-60,-0.045045045045,0,-3.24324324324,-6,-1.54285714286,-2.10018958178,0.0210304598843,0.0477015477015,-2.99928003101,-0.0308380428376,0.0011935011935,-0.812150355872,0.0107449020903,0.041426041426,0,0,0,0.00900900900901,0.00559492883467,0,0.000591632440814,0.00550898773458,0,0,-0.274637616812,-0.027027027027,0,0,156,0,60,1116,0.722222222222,1,0,0.277777777778,1,0.722222222222,0.838709677419,0.827873269082,0.722222222222,0.722222222222,5,65,0,0,0,0
3089,WLNM_dir_neg,0.989349112426,0.964253393665,00:00:02,10,70,44,1236970068,threshold_sweep,0.2,1,0.0769230769231,0.142857142857,5,0,60,130,0.0769230769231,1,0,0.923076923077,1,0.0769230769231,0.142857142857,0.692307692308,0.65811965812,0.1,0.229415733871,0.0769230769231,216,151,65,0,216,0,151,0,65,37,216,0.162162162162,1.32432432432,11.6756756757,21.6,6,8.1990990496,0.702237650082,0.31006006006,10.329336629,1.76937710775,0.765265265265,3.0868314707,0.528762798222,0.252752752753,0.579945114934,0.437917739848,2,1.32432432432,0.579945114934,2,0.0121701261701,0.00597269624573,7,0.000900900900901,0.621196581197,37,37,37,1,0,0.72972972973,0.243243243243,0.027027027027,37,0.113363363363,1.32432432432,8.16216216216,15.1,4.44117647059,5.89968696681,0.72280933037,0.350277429748,7.26627819443,1.78047876287,0.774655450152,2.44243023758,0.598476283382,0.326114193664,0.579945114934,0.437917739848,2,1.33333333333,0.585540043769,2,0.0102351115885,0.00526932084309,3,0.0003861003861,0.338410816237,37,36,36,0.972972972973,0,0.702702702703,0.216216216216,0.0540540540541,37,156,0.117117117117,1.32432432432,8.43243243243,15.6,4.45714285714,6.09890946782,0.723268109966,0.357761607762,7.33005659799,1.73853906491,0.766458766459,2.27468111483,0.539507700313,0.294178794179,0.579945114934,0.437917739848,2,1.33333333333,0.585540043769,2,0.0127617586109,0.0114816839803,7,0.000900900900901,0.346558964385,37,36,36,0.972972972973,0,0.702702702703,0.243243243243,0.027027027027,-60,-0.045045045045,0,-3.24324324324,-6,-1.54285714286,-2.10018958178,0.0210304598843,0.0477015477015,-2.99928003101,-0.0308380428376,0.0011935011935,-0.812150355872,0.0107449020903,0.041426041426,0,0,0,0.00900900900901,0.00559492883467,0,0.000591632440814,0.00550898773458,0,0,-0.274637616812,-0.027027027027,0,0,156,0,60,1116,0.722222222222,1,0,0.277777777778,1,0.722222222222,0.838709677419,0.827873269082,0.722222222222,0.722222222222,5,65,0,0,0,0
3090,WLNM_dir_neg,0.989349112426,0.964253393665,00:00:02,10,70,44,1236970068,threshold_sweep,0.3,1,0.0615384615385,0.115942028986,4,0,61,130,0.0615384615385,1,0,0.938461538462,1,0.0615384615385,0.115942028986,0.687179487179,0.659829059829,0.0804020100503,0.204657804039,0.0615384615385,216,151,65,0,216,0,151,0,65,37,216,0.162162162162,1.32432432432,11.6756756757,21.6,6,8.1990990496,0.702237650082,0.31006006006,10.329336629,1.76937710775,0.765265265265,3.0868314707,0.528762798222,0.252752752753,0.579945114934,0.437917739848,2,1.32432432432,0.579945114934,2,0.0121701261701,0.00597269624573,7,0.000900900900901,0.621196581197,37,37,37,1,0,0.72972972973,0.243243243243,0.027027027027,37,0.113363363363,1.32432432432,8.16216216216,15.1,4.44117647059,5.89968696681,0.72280933037,0.350277429748,7.26627819443,1.78047876287,0.774655450152,2.44243023758,0.598476283382,0.326114193664,0.579945114934,0.437917739848,2,1.33333333333,0.585540043769,2,0.0102351115885,0.00526932084309,3,0.0003861003861,0.338410816237,37,36,36,0.972972972973,0,0.702702702703,0.216216216216,0.0540540540541,37,155,0.116366366366,1.32432432432,8.37837837838,15.5,4.42857142857,6.06149665856,0.723468956022,0.356408020924,7.32134564832,1.74767605798,0.768265039233,2.3074497447,0.550810584219,0.300610287707,0.579945114934,0.437917739848,2,1.33333333333,0.585540043769,2,0.0129605047761,0.00997229916898,6,0.000772200772201,0.344336742163,37,36,36,0.972972972973,0,0.702702702703,0.243243243243,0.027027027027,-61,-0.0457957957958,0,-3.2972972973,-6.1,-1.57142857143,-2.13760239104,0.0212313059399,0.0463479608641,-3.00799098068,-0.0217010497604,0.00299977396752,-0.779381726002,0.0220477859967,0.0478575349543,0,0,0,0.00900900900901,0.00559492883467,0,0.000790378605947,0.00399960292324,-1,-0.0001287001287,-0.276859839034,-0.027027027027,0,0,155,0,61,1116,0.717592592593,1,0,0.282407407407,1,0.717592592593,0.835579514825,0.82486492977,0.717592592593,0.717592592593,4,65,0,0,0,0
3091,WLNM_dir_neg,0.989349112426,0.964253393665,00:00:02,10,70,44,1236970068,threshold_sweep,0.4,1,0.0615384615385,0.115942028986,4,0,61,130,0.0615384615385,1,0,0.938461538462,1,0.0615384615385,0.115942028986,0.687179487179,0.659829059829,0.0804020100503,0.204657804039,0.0615384615385,216,151,65,0,216,0,151,0,65,37,216,0.162162162162,1.32432432432,11.6756756757,21.6,6,8.1990990496,0.702237650082,0.31006006006,10.329336629,1.76937710775,0.765265265265,3.0868314707,0.528762798222,0.252752752753,0.579945114934,0.437917739848,2,1.32432432432,0.579945114934,2,0.0121701261701,0.00597269624573,7,0.000900900900901,0.621196581197,37,37,37,1,0,0.72972972973,0.243243243243,0.027027027027,37,0.113363363363,1.32432432432,8.16216216216,15.1,4.44117647059,5.89968696681,0.72280933037,0.350277429748,7.26627819443,1.78047876287,0.774655450152,2.44243023758,0.598476283382,0.326114193664,0.579945114934,0.437917739848,2,1.33333333333,0.585540043769,2,0.0102351115885,0.00526932084309,3,0.0003861003861,0.338410816237,37,36,36,0.972972972973,0,0.702702702703,0.216216216216,0.0540540540541,37,155,0.116366366366,1.32432432432,8.37837837838,15.5,4.42857142857,6.06149665856,0.723468956022,0.356408020924,7.32134564832,1.74767605798,0.768265039233,2.3074497447,0.550810584219,0.300610287707,0.579945114934,0.437917739848,2,1.33333333333,0.585540043769,2,0.0129605047761,0.00997229916898,6,0.000772200772201,0.344336742163,37,36,36,0.972972972973,0,0.702702702703,0.243243243243,0.027027027027,-61,-0.0457957957958,0,-3.2972972973,-6.1,-1.57142857143,-2.13760239104,0.0212313059399,0.0463479608641,-3.00799098068,-0.0217010497604,0.00299977396752,-0.779381726002,0.0220477859967,0.0478575349543,0,0,0,0.00900900900901,0.00559492883467,0,0.000790378605947,0.00399960292324,-1,-0.0001287001287,-0.276859839034,-0.027027027027,0,0,155,0,61,1116,0.717592592593,1,0,0.282407407407,1,0.717592592593,0.835579514825,0.82486492977,0.717592592593,0.717592592593,4,65,0,0,0,0
3092,WLNM_dir_neg,0.989349112426,0.964253393665,00:00:02,10,70,44,1236970068,threshold_sweep,0.5,1,0.0615384615385,0.115942028986,4,0,61,130,0.0615384615385,1,0,0.938461538462,1,0.0615384615385,0.115942028986,0.687179487179,0.659829059829,0.0804020100503,0.204657804039,0.0615384615385,216,151,65,0,216,0,151,0,65,37,216,0.162162162162,1.32432432432,11.6756756757,21.6,6,8.1990990496,0.702237650082,0.31006006006,10.329336629,1.76937710775,0.765265265265,3.0868314707,0.528762798222,0.252752752753,0.579945114934,0.437917739848,2,1.32432432432,0.579945114934,2,0.0121701261701,0.00597269624573,7,0.000900900900901,0.621196581197,37,37,37,1,0,0.72972972973,0.243243243243,0.027027027027,37,0.113363363363,1.32432432432,8.16216216216,15.1,4.44117647059,5.89968696681,0.72280933037,0.350277429748,7.26627819443,1.78047876287,0.774655450152,2.44243023758,0.598476283382,0.326114193664,0.579945114934,0.437917739848,2,1.33333333333,0.585540043769,2,0.0102351115885,0.00526932084309,3,0.0003861003861,0.338410816237,37,36,36,0.972972972973,0,0.702702702703,0.216216216216,0.0540540540541,37,155,0.116366366366,1.32432432432,8.37837837838,15.5,4.42857142857,6.06149665856,0.723468956022,0.356408020924,7.32134564832,1.74767605798,0.768265039233,2.3074497447,0.550810584219,0.300610287707,0.579945114934,0.437917739848,2,1.33333333333,0.585540043769,2,0.0129605047761,0.00997229916898,6,0.000772200772201,0.344336742163,37,36,36,0.972972972973,0,0.702702702703,0.243243243243,0.027027027027,-61,-0.0457957957958,0,-3.2972972973,-6.1,-1.57142857143,-2.13760239104,0.0212313059399,0.0463479608641,-3.00799098068,-0.0217010497604,0.00299977396752,-0.779381726002,0.0220477859967,0.0478575349543,0,0,0,0.00900900900901,0.00559492883467,0,0.000790378605947,0.00399960292324,-1,-0.0001287001287,-0.276859839034,-0.027027027027,0,0,155,0,61,1116,0.717592592593,1,0,0.282407407407,1,0.717592592593,0.835579514825,0.82486492977,0.717592592593,0.717592592593,4,65,0,0,0,0
3093,WLNM_dir_neg,0.989349112426,0.964253393665,00:00:02,10,70,44,1236970068,threshold_sweep,0.6,1,0.0615384615385,0.115942028986,4,0,61,130,0.0615384615385,1,0,0.938461538462,1,0.0615384615385,0.115942028986,0.687179487179,0.659829059829,0.0804020100503,0.204657804039,0.0615384615385,216,151,65,0,216,0,151,0,65,37,216,0.162162162162,1.32432432432,11.6756756757,21.6,6,8.1990990496,0.702237650082,0.31006006006,10.329336629,1.76937710775,0.765265265265,3.0868314707,0.528762798222,0.252752752753,0.579945114934,0.437917739848,2,1.32432432432,0.579945114934,2,0.0121701261701,0.00597269624573,7,0.000900900900901,0.621196581197,37,37,37,1,0,0.72972972973,0.243243243243,0.027027027027,37,0.113363363363,1.32432432432,8.16216216216,15.1,4.44117647059,5.89968696681,0.72280933037,0.350277429748,7.26627819443,1.78047876287,0.774655450152,2.44243023758,0.598476283382,0.326114193664,0.579945114934,0.437917739848,2,1.33333333333,0.585540043769,2,0.0102351115885,0.00526932084309,3,0.0003861003861,0.338410816237,37,36,36,0.972972972973,0,0.702702702703,0.216216216216,0.0540540540541,37,155,0.116366366366,1.32432432432,8.37837837838,15.5,4.42857142857,6.06149665856,0.723468956022,0.356408020924,7.32134564832,1.74767605798,0.768265039233,2.3074497447,0.550810584219,0.300610287707,0.579945114934,0.437917739848,2,1.33333333333,0.585540043769,2,0.0129605047761,0.00997229916898,6,0.000772200772201,0.344336742163,37,36,36,0.972972972973,0,0.702702702703,0.243243243243,0.027027027027,-61,-0.0457957957958,0,-3.2972972973,-6.1,-1.57142857143,-2.13760239104,0.0212313059399,0.0463479608641,-3.00799098068,-0.0217010497604,0.00299977396752,-0.779381726002,0.0220477859967,0.0478575349543,0,0,0,0.00900900900901,0.00559492883467,0,0.000790378605947,0.00399960292324,-1,-0.0001287001287,-0.276859839034,-0.027027027027,0,0,155,0,61,1116,0.717592592593,1,0,0.282407407407,1,0.717592592593,0.835579514825,0.82486492977,0.717592592593,0.717592592593,4,65,0,0,0,0
3094,WLNM_dir_neg,0.989349112426,0.964253393665,00:00:02,10,70,44,1236970068,threshold_sweep,0.7,1,0.0615384615385,0.115942028986,4,0,61,130,0.0615384615385,1,0,0.938461538462,1,0.0615384615385,0.115942028986,0.687179487179,0.659829059829,0.0804020100503,0.204657804039,0.0615384615385,216,151,65,0,216,0,151,0,65,37,216,0.162162162162,1.32432432432,11.6756756757,21.6,6,8.1990990496,0.702237650082,0.31006006006,10.329336629,1.76937710775,0.765265265265,3.0868314707,0.528762798222,0.252752752753,0.579945114934,0.437917739848,2,1.32432432432,0.579945114934,2,0.0121701261701,0.00597269624573,7,0.000900900900901,0.621196581197,37,37,37,1,0,0.72972972973,0.243243243243,0.027027027027,37,0.113363363363,1.32432432432,8.16216216216,15.1,4.44117647059,5.89968696681,0.72280933037,0.350277429748,7.26627819443,1.78047876287,0.774655450152,2.44243023758,0.598476283382,0.326114193664,0.579945114934,0.437917739848,2,1.33333333333,0.585540043769,2,0.0102351115885,0.00526932084309,3,0.0003861003861,0.338410816237,37,36,36,0.972972972973,0,0.702702702703,0.216216216216,0.0540540540541,37,155,0.116366366366,1.32432432432,8.37837837838,15.5,4.42857142857,6.06149665856,0.723468956022,0.356408020924,7.32134564832,1.74767605798,0.768265039233,2.3074497447,0.550810584219,0.300610287707,0.579945114934,0.437917739848,2,1.33333333333,0.585540043769,2,0.0129605047761,0.00997229916898,6,0.000772200772201,0.344336742163,37,36,36,0.972972972973,0,0.702702702703,0.243243243243,0.027027027027,-61,-0.0457957957958,0,-3.2972972973,-6.1,-1.57142857143,-2.13760239104,0.0212313059399,0.0463479608641,-3.00799098068,-0.0217010497604,0.00299977396752,-0.779381726002,0.0220477859967,0.0478575349543,0,0,0,0.00900900900901,0.00559492883467,0,0.000790378605947,0.00399960292324,-1,-0.0001287001287,-0.276859839034,-0.027027027027,0,0,155,0,61,1116,0.717592592593,1,0,0.282407407407,1,0.717592592593,0.835579514825,0.82486492977,0.717592592593,0.717592592593,4,65,0,0,0,0
3095,WLNM_dir_neg,0.989349112426,0.964253393665,00:00:02,10,70,44,1236970068,threshold_sweep,0.8,1,0.0615384615385,0.115942028986,4,0,61,130,0.0615384615385,1,0,0.938461538462,1,0.0615384615385,0.115942028986,0.687179487179,0.659829059829,0.0804020100503,0.204657804039,0.0615384615385,216,151,65,0,216,0,151,0,65,37,216,0.162162162162,1.32432432432,11.6756756757,21.6,6,8.1990990496,0.702237650082,0.31006006006,10.329336629,1.76937710775,0.765265265265,3.0868314707,0.528762798222,0.252752752753,0.579945114934,0.437917739848,2,1.32432432432,0.579945114934,2,0.0121701261701,0.00597269624573,7,0.000900900900901,0.621196581197,37,37,37,1,0,0.72972972973,0.243243243243,0.027027027027,37,0.113363363363,1.32432432432,8.16216216216,15.1,4.44117647059,5.89968696681,0.72280933037,0.350277429748,7.26627819443,1.78047876287,0.774655450152,2.44243023758,0.598476283382,0.326114193664,0.579945114934,0.437917739848,2,1.33333333333,0.585540043769,2,0.0102351115885,0.00526932084309,3,0.0003861003861,0.338410816237,37,36,36,0.972972972973,0,0.702702702703,0.216216216216,0.0540540540541,37,155,0.116366366366,1.32432432432,8.37837837838,15.5,4.42857142857,6.06149665856,0.723468956022,0.356408020924,7.32134564832,1.74767605798,0.768265039233,2.3074497447,0.550810584219,0.300610287707,0.579945114934,0.437917739848,2,1.33333333333,0.585540043769,2,0.0129605047761,0.00997229916898,6,0.000772200772201,0.344336742163,37,36,36,0.972972972973,0,0.702702702703,0.243243243243,0.027027027027,-61,-0.0457957957958,0,-3.2972972973,-6.1,-1.57142857143,-2.13760239104,0.0212313059399,0.0463479608641,-3.00799098068,-0.0217010497604,0.00299977396752,-0.779381726002,0.0220477859967,0.0478575349543,0,0,0,0.00900900900901,0.00559492883467,0,0.000790378605947,0.00399960292324,-1,-0.0001287001287,-0.276859839034,-0.027027027027,0,0,155,0,61,1116,0.717592592593,1,0,0.282407407407,1,0.717592592593,0.835579514825,0.82486492977,0.717592592593,0.717592592593,4,65,0,0,0,0
3096,WLNM_dir_neg,0.989349112426,0.964253393665,00:00:02,10,70,44,1236970068,threshold_sweep,0.9,1,0.0615384615385,0.115942028986,4,0,61,130,0.0615384615385,1,0,0.938461538462,1,0.0615384615385,0.115942028986,0.687179487179,0.659829059829,0.0804020100503,0.204657804039,0.0615384615385,216,151,65,0,216,0,151,0,65,37,216,0.162162162162,1.32432432432,11.6756756757,21.6,6,8.1990990496,0.702237650082,0.31006006006,10.329336629,1.76937710775,0.765265265265,3.0868314707,0.528762798222,0.252752752753,0.579945114934,0.437917739848,2,1.32432432432,0.579945114934,2,0.0121701261701,0.00597269624573,7,0.000900900900901,0.621196581197,37,37,37,1,0,0.72972972973,0.243243243243,0.027027027027,37,0.113363363363,1.32432432432,8.16216216216,15.1,4.44117647059,5.89968696681,0.72280933037,0.350277429748,7.26627819443,1.78047876287,0.774655450152,2.44243023758,0.598476283382,0.326114193664,0.579945114934,0.437917739848,2,1.33333333333,0.585540043769,2,0.0102351115885,0.00526932084309,3,0.0003861003861,0.338410816237,37,36,36,0.972972972973,0,0.702702702703,0.216216216216,0.0540540540541,37,155,0.116366366366,1.32432432432,8.37837837838,15.5,4.42857142857,6.06149665856,0.723468956022,0.356408020924,7.32134564832,1.74767605798,0.768265039233,2.3074497447,0.550810584219,0.300610287707,0.579945114934,0.437917739848,2,1.33333333333,0.585540043769,2,0.0129605047761,0.00997229916898,6,0.000772200772201,0.344336742163,37,36,36,0.972972972973,0,0.702702702703,0.243243243243,0.027027027027,-61,-0.0457957957958,0,-3.2972972973,-6.1,-1.57142857143,-2.13760239104,0.0212313059399,0.0463479608641,-3.00799098068,-0.0217010497604,0.00299977396752,-0.779381726002,0.0220477859967,0.0478575349543,0,0,0,0.00900900900901,0.00559492883467,0,0.000790378605947,0.00399960292324,-1,-0.0001287001287,-0.276859839034,-0.027027027027,0,0,155,0,61,1116,0.717592592593,1,0,0.282407407407,1,0.717592592593,0.835579514825,0.82486492977,0.717592592593,0.717592592593,4,65,0,0,0,0
3097,WLNM_dir_neg,0.985266272189,0.958397814131,00:00:02,10,70,45,1236970069,threshold_sweep,0.1,1,0.0307692307692,0.0597014925373,2,0,63,130,0.0307692307692,1,0,0.969230769231,1,0.0307692307692,0.0597014925373,0.676923076923,0.663247863248,0.0406091370558,0.14396315015,0.0307692307692,216,151,65,0,216,0,151,0,65,37,216,0.162162162162,1.32432432432,11.6756756757,21.6,6,8.1990990496,0.702237650082,0.31006006006,10.329336629,1.76937710775,0.765265265265,3.0868314707,0.528762798222,0.252752752753,0.579945114934,0.437917739848,2,1.32432432432,0.579945114934,2,0.0121701261701,0.00597269624573,7,0.000900900900901,0.621196581197,37,37,37,1,0,0.72972972973,0.243243243243,0.027027027027,37,0.113363363363,1.32432432432,8.16216216216,15.1,4.44117647059,5.90909615909,0.723962112207,0.359405763379,7.21255994922,1.76731601405,0.771075711473,2.46507131268,0.604024096483,0.334705566494,0.579945114934,0.437917739848,2,1.33333333333,0.585540043769,2,0.0123142462727,0.00701754385965,4,0.000514800514801,0.346156945577,37,36,36,0.972972972973,0,0.702702702703,0.216216216216,0.0540540540541,37,153,0.114864864865,1.32432432432,8.27027027027,15.3,4.37142857143,5.98910422095,0.724172732598,0.361596891009,7.23480078111,1.74959234576,0.767708885356,2.39399900402,0.578940935612,0.320791379615,0.579945114934,0.437917739848,2,1.33333333333,0.585540043769,2,0.0115516254349,0.00853242320819,5,0.000643500643501,0.347391513478,37,36,36,0.972972972973,0,0.702702702703,0.243243243243,0.027027027027,-63,-0.0472972972973,0,-3.40540540541,-6.3,-1.62857142857,-2.20999482866,0.0219350825163,0.0515368309486,-3.09453584789,-0.0197847619868,0.00244362009068,-0.692832466688,0.0501781373894,0.0680386268622,0,0,0,0.00900900900901,0.00559492883467,0,-0.000618500735263,0.00255972696246,-2,-0.0002574002574,-0.273805067718,-0.027027027027,0,0,153,0,63,1116,0.708333333333,1,0,0.291666666667,1,0.708333333333,0.829268292683,0.818830544472,0.708333333333,0.708333333333,2,65,0,0,0,0
3098,WLNM_dir_neg,0.985266272189,0.958397814131,00:00:02,10,70,45,1236970069,threshold_sweep,0.2,1,0.0307692307692,0.0597014925373,2,0,63,130,0.0307692307692,1,0,0.969230769231,1,0.0307692307692,0.0597014925373,0.676923076923,0.663247863248,0.0406091370558,0.14396315015,0.0307692307692,216,151,65,0,216,0,151,0,65,37,216,0.162162162162,1.32432432432,11.6756756757,21.6,6,8.1990990496,0.702237650082,0.31006006006,10.329336629,1.76937710775,0.765265265265,3.0868314707,0.528762798222,0.252752752753,0.579945114934,0.437917739848,2,1.32432432432,0.579945114934,2,0.0121701261701,0.00597269624573,7,0.000900900900901,0.621196581197,37,37,37,1,0,0.72972972973,0.243243243243,0.027027027027,37,0.113363363363,1.32432432432,8.16216216216,15.1,4.44117647059,5.90909615909,0.723962112207,0.359405763379,7.21255994922,1.76731601405,0.771075711473,2.46507131268,0.604024096483,0.334705566494,0.579945114934,0.437917739848,2,1.33333333333,0.585540043769,2,0.0123142462727,0.00701754385965,4,0.000514800514801,0.346156945577,37,36,36,0.972972972973,0,0.702702702703,0.216216216216,0.0540540540541,37,153,0.114864864865,1.32432432432,8.27027027027,15.3,4.37142857143,5.98910422095,0.724172732598,0.361596891009,7.23480078111,1.74959234576,0.767708885356,2.39399900402,0.578940935612,0.320791379615,0.579945114934,0.437917739848,2,1.33333333333,0.585540043769,2,0.0115516254349,0.00853242320819,5,0.000643500643501,0.347391513478,37,36,36,0.972972972973,0,0.702702702703,0.243243243243,0.027027027027,-63,-0.0472972972973,0,-3.40540540541,-6.3,-1.62857142857,-2.20999482866,0.0219350825163,0.0515368309486,-3.09453584789,-0.0197847619868,0.00244362009068,-0.692832466688,0.0501781373894,0.0680386268622,0,0,0,0.00900900900901,0.00559492883467,0,-0.000618500735263,0.00255972696246,-2,-0.0002574002574,-0.273805067718,-0.027027027027,0,0,153,0,63,1116,0.708333333333,1,0,0.291666666667,1,0.708333333333,0.829268292683,0.818830544472,0.708333333333,0.708333333333,2,65,0,0,0,0
3099,WLNM_dir_neg,0.985266272189,0.958397814131,00:00:02,10,70,45,1236970069,threshold_sweep,0.3,1,0.0307692307692,0.0597014925373,2,0,63,130,0.0307692307692,1,0,0.969230769231,1,0.0307692307692,0.0597014925373,0.676923076923,0.663247863248,0.0406091370558,0.14396315015,0.0307692307692,216,151,65,0,216,0,151,0,65,37,216,0.162162162162,1.32432432432,11.6756756757,21.6,6,8.1990990496,0.702237650082,0.31006006006,10.329336629,1.76937710775,0.765265265265,3.0868314707,0.528762798222,0.252752752753,0.579945114934,0.437917739848,2,1.32432432432,0.579945114934,2,0.0121701261701,0.00597269624573,7,0.000900900900901,0.621196581197,37,37,37,1,0,0.72972972973,0.243243243243,0.027027027027,37,0.113363363363,1.32432432432,8.16216216216,15.1,4.44117647059,5.90909615909,0.723962112207,0.359405763379,7.21255994922,1.76731601405,0.771075711473,2.46507131268,0.604024096483,0.334705566494,0.579945114934,0.437917739848,2,1.33333333333,0.585540043769,2,0.0123142462727,0.00701754385965,4,0.000514800514801,0.346156945577,37,36,36,0.972972972973,0,0.702702702703,0.216216216216,0.0540540540541,37,153,0.114864864865,1.32432432432,8.27027027027,15.3,4.37142857143,5.98910422095,0.724172732598,0.361596891009,7.23480078111,1.74959234576,0.767708885356,2.39399900402,0.578940935612,0.320791379615,0.579945114934,0.437917739848,2,1.33333333333,0.585540043769,2,0.0115516254349,0.00853242320819,5,0.000643500643501,0.347391513478,37,36,36,0.972972972973,0,0.702702702703,0.243243243243,0.027027027027,-63,-0.0472972972973,0,-3.40540540541,-6.3,-1.62857142857,-2.20999482866,0.0219350825163,0.0515368309486,-3.09453584789,-0.0197847619868,0.00244362009068,-0.692832466688,0.0501781373894,0.0680386268622,0,0,0,0.00900900900901,0.00559492883467,0,-0.000618500735263,0.00255972696246,-2,-0.0002574002574,-0.273805067718,-0.027027027027,0,0,153,0,63,1116,0.708333333333,1,0,0.291666666667,1,0.708333333333,0.829268292683,0.818830544472,0.708333333333,0.708333333333,2,65,0,0,0,0
3100,WLNM_dir_neg,0.985266272189,0.958397814131,00:00:02,10,70,45,1236970069,threshold_sweep,0.4,1,0.0307692307692,0.0597014925373,2,0,63,130,0.0307692307692,1,0,0.969230769231,1,0.0307692307692,0.0597014925373,0.676923076923,0.663247863248,0.0406091370558,0.14396315015,0.0307692307692,216,151,65,0,216,0,151,0,65,37,216,0.162162162162,1.32432432432,11.6756756757,21.6,6,8.1990990496,0.702237650082,0.31006006006,10.329336629,1.76937710775,0.765265265265,3.0868314707,0.528762798222,0.252752752753,0.579945114934,0.437917739848,2,1.32432432432,0.579945114934,2,0.0121701261701,0.00597269624573,7,0.000900900900901,0.621196581197,37,37,37,1,0,0.72972972973,0.243243243243,0.027027027027,37,0.113363363363,1.32432432432,8.16216216216,15.1,4.44117647059,5.90909615909,0.723962112207,0.359405763379,7.21255994922,1.76731601405,0.771075711473,2.46507131268,0.604024096483,0.334705566494,0.579945114934,0.437917739848,2,1.33333333333,0.585540043769,2,0.0123142462727,0.00701754385965,4,0.000514800514801,0.346156945577,37,36,36,0.972972972973,0,0.702702702703,0.216216216216,0.0540540540541,37,153,0.114864864865,1.32432432432,8.27027027027,15.3,4.37142857143,5.98910422095,0.724172732598,0.361596891009,7.23480078111,1.74959234576,0.767708885356,2.39399900402,0.578940935612,0.320791379615,0.579945114934,0.437917739848,2,1.33333333333,0.585540043769,2,0.0115516254349,0.00853242320819,5,0.000643500643501,0.347391513478,37,36,36,0.972972972973,0,0.702702702703,0.243243243243,0.027027027027,-63,-0.0472972972973,0,-3.40540540541,-6.3,-1.62857142857,-2.20999482866,0.0219350825163,0.0515368309486,-3.09453584789,-0.0197847619868,0.00244362009068,-0.692832466688,0.0501781373894,0.0680386268622,0,0,0,0.00900900900901,0.00559492883467,0,-0.000618500735263,0.00255972696246,-2,-0.0002574002574,-0.273805067718,-0.027027027027,0,0,153,0,63,1116,0.708333333333,1,0,0.291666666667,1,0.708333333333,0.829268292683,0.818830544472,0.708333333333,0.708333333333,2,65,0,0,0,0
3101,WLNM_dir_neg,0.985266272189,0.958397814131,00:00:02,10,70,45,1236970069,threshold_sweep,0.5,1,0.0307692307692,0.0597014925373,2,0,63,130,0.0307692307692,1,0,0.969230769231,1,0.0307692307692,0.0597014925373,0.676923076923,0.663247863248,0.0406091370558,0.14396315015,0.0307692307692,216,151,65,0,216,0,151,0,65,37,216,0.162162162162,1.32432432432,11.6756756757,21.6,6,8.1990990496,0.702237650082,0.31006006006,10.329336629,1.76937710775,0.765265265265,3.0868314707,0.528762798222,0.252752752753,0.579945114934,0.437917739848,2,1.32432432432,0.579945114934,2,0.0121701261701,0.00597269624573,7,0.000900900900901,0.621196581197,37,37,37,1,0,0.72972972973,0.243243243243,0.027027027027,37,0.113363363363,1.32432432432,8.16216216216,15.1,4.44117647059,5.90909615909,0.723962112207,0.359405763379,7.21255994922,1.76731601405,0.771075711473,2.46507131268,0.604024096483,0.334705566494,0.579945114934,0.437917739848,2,1.33333333333,0.585540043769,2,0.0123142462727,0.00701754385965,4,0.000514800514801,0.346156945577,37,36,36,0.972972972973,0,0.702702702703,0.216216216216,0.0540540540541,37,153,0.114864864865,1.32432432432,8.27027027027,15.3,4.37142857143,5.98910422095,0.724172732598,0.361596891009,7.23480078111,1.74959234576,0.767708885356,2.39399900402,0.578940935612,0.320791379615,0.579945114934,0.437917739848,2,1.33333333333,0.585540043769,2,0.0115516254349,0.00853242320819,5,0.000643500643501,0.347391513478,37,36,36,0.972972972973,0,0.702702702703,0.243243243243,0.027027027027,-63,-0.0472972972973,0,-3.40540540541,-6.3,-1.62857142857,-2.20999482866,0.0219350825163,0.0515368309486,-3.09453584789,-0.0197847619868,0.00244362009068,-0.692832466688,0.0501781373894,0.0680386268622,0,0,0,0.00900900900901,0.00559492883467,0,-0.000618500735263,0.00255972696246,-2,-0.0002574002574,-0.273805067718,-0.027027027027,0,0,153,0,63,1116,0.708333333333,1,0,0.291666666667,1,0.708333333333,0.829268292683,0.818830544472,0.708333333333,0.708333333333,2,65,0,0,0,0
3102,WLNM_dir_neg,0.985266272189,0.958397814131,00:00:02,10,70,45,1236970069,threshold_sweep,0.6,1,0.0307692307692,0.0597014925373,2,0,63,130,0.0307692307692,1,0,0.969230769231,1,0.0307692307692,0.0597014925373,0.676923076923,0.663247863248,0.0406091370558,0.14396315015,0.0307692307692,216,151,65,0,216,0,151,0,65,37,216,0.162162162162,1.32432432432,11.6756756757,21.6,6,8.1990990496,0.702237650082,0.31006006006,10.329336629,1.76937710775,0.765265265265,3.0868314707,0.528762798222,0.252752752753,0.579945114934,0.437917739848,2,1.32432432432,0.579945114934,2,0.0121701261701,0.00597269624573,7,0.000900900900901,0.621196581197,37,37,37,1,0,0.72972972973,0.243243243243,0.027027027027,37,0.113363363363,1.32432432432,8.16216216216,15.1,4.44117647059,5.90909615909,0.723962112207,0.359405763379,7.21255994922,1.76731601405,0.771075711473,2.46507131268,0.604024096483,0.334705566494,0.579945114934,0.437917739848,2,1.33333333333,0.585540043769,2,0.0123142462727,0.00701754385965,4,0.000514800514801,0.346156945577,37,36,36,0.972972972973,0,0.702702702703,0.216216216216,0.0540540540541,37,153,0.114864864865,1.32432432432,8.27027027027,15.3,4.37142857143,5.98910422095,0.724172732598,0.361596891009,7.23480078111,1.74959234576,0.767708885356,2.39399900402,0.578940935612,0.320791379615,0.579945114934,0.437917739848,2,1.33333333333,0.585540043769,2,0.0115516254349,0.00853242320819,5,0.000643500643501,0.347391513478,37,36,36,0.972972972973,0,0.702702702703,0.243243243243,0.027027027027,-63,-0.0472972972973,0,-3.40540540541,-6.3,-1.62857142857,-2.20999482866,0.0219350825163,0.0515368309486,-3.09453584789,-0.0197847619868,0.00244362009068,-0.692832466688,0.0501781373894,0.0680386268622,0,0,0,0.00900900900901,0.00559492883467,0,-0.000618500735263,0.00255972696246,-2,-0.0002574002574,-0.273805067718,-0.027027027027,0,0,153,0,63,1116,0.708333333333,1,0,0.291666666667,1,0.708333333333,0.829268292683,0.818830544472,0.708333333333,0.708333333333,2,65,0,0,0,0
3103,WLNM_dir_neg,0.985266272189,0.958397814131,00:00:02,10,70,45,1236970069,threshold_sweep,0.7,1,0.0307692307692,0.0597014925373,2,0,63,130,0.0307692307692,1,0,0.969230769231,1,0.0307692307692,0.0597014925373,0.676923076923,0.663247863248,0.0406091370558,0.14396315015,0.0307692307692,216,151,65,0,216,0,151,0,65,37,216,0.162162162162,1.32432432432,11.6756756757,21.6,6,8.1990990496,0.702237650082,0.31006006006,10.329336629,1.76937710775,0.765265265265,3.0868314707,0.528762798222,0.252752752753,0.579945114934,0.437917739848,2,1.32432432432,0.579945114934,2,0.0121701261701,0.00597269624573,7,0.000900900900901,0.621196581197,37,37,37,1,0,0.72972972973,0.243243243243,0.027027027027,37,0.113363363363,1.32432432432,8.16216216216,15.1,4.44117647059,5.90909615909,0.723962112207,0.359405763379,7.21255994922,1.76731601405,0.771075711473,2.46507131268,0.604024096483,0.334705566494,0.579945114934,0.437917739848,2,1.33333333333,0.585540043769,2,0.0123142462727,0.00701754385965,4,0.000514800514801,0.346156945577,37,36,36,0.972972972973,0,0.702702702703,0.216216216216,0.0540540540541,37,153,0.114864864865,1.32432432432,8.27027027027,15.3,4.37142857143,5.98910422095,0.724172732598,0.361596891009,7.23480078111,1.74959234576,0.767708885356,2.39399900402,0.578940935612,0.320791379615,0.579945114934,0.437917739848,2,1.33333333333,0.585540043769,2,0.0115516254349,0.00853242320819,5,0.000643500643501,0.347391513478,37,36,36,0.972972972973,0,0.702702702703,0.243243243243,0.027027027027,-63,-0.0472972972973,0,-3.40540540541,-6.3,-1.62857142857,-2.20999482866,0.0219350825163,0.0515368309486,-3.09453584789,-0.0197847619868,0.00244362009068,-0.692832466688,0.0501781373894,0.0680386268622,0,0,0,0.00900900900901,0.00559492883467,0,-0.000618500735263,0.00255972696246,-2,-0.0002574002574,-0.273805067718,-0.027027027027,0,0,153,0,63,1116,0.708333333333,1,0,0.291666666667,1,0.708333333333,0.829268292683,0.818830544472,0.708333333333,0.708333333333,2,65,0,0,0,0
3104,WLNM_dir_neg,0.985266272189,0.958397814131,00:00:02,10,70,45,1236970069,threshold_sweep,0.8,1,0.0307692307692,0.0597014925373,2,0,63,130,0.0307692307692,1,0,0.969230769231,1,0.0307692307692,0.0597014925373,0.676923076923,0.663247863248,0.0406091370558,0.14396315015,0.0307692307692,216,151,65,0,216,0,151,0,65,37,216,0.162162162162,1.32432432432,11.6756756757,21.6,6,8.1990990496,0.702237650082,0.31006006006,10.329336629,1.76937710775,0.765265265265,3.0868314707,0.528762798222,0.252752752753,0.579945114934,0.437917739848,2,1.32432432432,0.579945114934,2,0.0121701261701,0.00597269624573,7,0.000900900900901,0.621196581197,37,37,37,1,0,0.72972972973,0.243243243243,0.027027027027,37,0.113363363363,1.32432432432,8.16216216216,15.1,4.44117647059,5.90909615909,0.723962112207,0.359405763379,7.21255994922,1.76731601405,0.771075711473,2.46507131268,0.604024096483,0.334705566494,0.579945114934,0.437917739848,2,1.33333333333,0.585540043769,2,0.0123142462727,0.00701754385965,4,0.000514800514801,0.346156945577,37,36,36,0.972972972973,0,0.702702702703,0.216216216216,0.0540540540541,37,153,0.114864864865,1.32432432432,8.27027027027,15.3,4.37142857143,5.98910422095,0.724172732598,0.361596891009,7.23480078111,1.74959234576,0.767708885356,2.39399900402,0.578940935612,0.320791379615,0.579945114934,0.437917739848,2,1.33333333333,0.585540043769,2,0.0115516254349,0.00853242320819,5,0.000643500643501,0.347391513478,37,36,36,0.972972972973,0,0.702702702703,0.243243243243,0.027027027027,-63,-0.0472972972973,0,-3.40540540541,-6.3,-1.62857142857,-2.20999482866,0.0219350825163,0.0515368309486,-3.09453584789,-0.0197847619868,0.00244362009068,-0.692832466688,0.0501781373894,0.0680386268622,0,0,0,0.00900900900901,0.00559492883467,0,-0.000618500735263,0.00255972696246,-2,-0.0002574002574,-0.273805067718,-0.027027027027,0,0,153,0,63,1116,0.708333333333,1,0,0.291666666667,1,0.708333333333,0.829268292683,0.818830544472,0.708333333333,0.708333333333,2,65,0,0,0,0
3105,WLNM_dir_neg,0.985266272189,0.958397814131,00:00:02,10,70,45,1236970069,threshold_sweep,0.9,1,0.0307692307692,0.0597014925373,2,0,63,130,0.0307692307692,1,0,0.969230769231,1,0.0307692307692,0.0597014925373,0.676923076923,0.663247863248,0.0406091370558,0.14396315015,0.0307692307692,216,151,65,0,216,0,151,0,65,37,216,0.162162162162,1.32432432432,11.6756756757,21.6,6,8.1990990496,0.702237650082,0.31006006006,10.329336629,1.76937710775,0.765265265265,3.0868314707,0.528762798222,0.252752752753,0.579945114934,0.437917739848,2,1.32432432432,0.579945114934,2,0.0121701261701,0.00597269624573,7,0.000900900900901,0.621196581197,37,37,37,1,0,0.72972972973,0.243243243243,0.027027027027,37,0.113363363363,1.32432432432,8.16216216216,15.1,4.44117647059,5.90909615909,0.723962112207,0.359405763379,7.21255994922,1.76731601405,0.771075711473,2.46507131268,0.604024096483,0.334705566494,0.579945114934,0.437917739848,2,1.33333333333,0.585540043769,2,0.0123142462727,0.00701754385965,4,0.000514800514801,0.346156945577,37,36,36,0.972972972973,0,0.702702702703,0.216216216216,0.0540540540541,37,153,0.114864864865,1.32432432432,8.27027027027,15.3,4.37142857143,5.98910422095,0.724172732598,0.361596891009,7.23480078111,1.74959234576,0.767708885356,2.39399900402,0.578940935612,0.320791379615,0.579945114934,0.437917739848,2,1.33333333333,0.585540043769,2,0.0115516254349,0.00853242320819,5,0.000643500643501,0.347391513478,37,36,36,0.972972972973,0,0.702702702703,0.243243243243,0.027027027027,-63,-0.0472972972973,0,-3.40540540541,-6.3,-1.62857142857,-2.20999482866,0.0219350825163,0.0515368309486,-3.09453584789,-0.0197847619868,0.00244362009068,-0.692832466688,0.0501781373894,0.0680386268622,0,0,0,0.00900900900901,0.00559492883467,0,-0.000618500735263,0.00255972696246,-2,-0.0002574002574,-0.273805067718,-0.027027027027,0,0,153,0,63,1116,0.708333333333,1,0,0.291666666667,1,0.708333333333,0.829268292683,0.818830544472,0.708333333333,0.708333333333,2,65,0,0,0,0
3106,WLNM_dir_neg,0.985088757396,0.955709745586,00:00:02,10,70,46,1236970070,threshold_sweep,0.1,1,0.0615384615385,0.115942028986,4,0,61,130,0.0615384615385,1,0,0.938461538462,1,0.0615384615385,0.115942028986,0.687179487179,0.659829059829,0.0804020100503,0.204657804039,0.0615384615385,216,151,65,0,216,0,151,0,65,37,216,0.162162162162,1.32432432432,11.6756756757,21.6,6,8.1990990496,0.702237650082,0.31006006006,10.329336629,1.76937710775,0.765265265265,3.0868314707,0.528762798222,0.252752752753,0.579945114934,0.437917739848,2,1.32432432432,0.579945114934,2,0.0121701261701,0.00597269624573,7,0.000900900900901,0.621196581197,37,37,37,1,0,0.72972972973,0.243243243243,0.027027027027,37,0.113363363363,1.32432432432,8.16216216216,15.1,4.31428571429,5.89026274416,0.721654707066,0.348487560408,7.36500123851,1.80466917765,0.781456953642,2.38488735325,0.584376371326,0.321460533381,0.579945114934,0.437917739848,2,1.32432432432,0.579945114934,2,0.00873851294904,0.00351699882767,2,0.0002574002574,0.325278651032,37,37,37,1,0,0.72972972973,0.216216216216,0.0540540540541,37,155,0.116366366366,1.32432432432,8.37837837838,15.5,4.30555555556,6.05691226502,0.72292178647,0.353269398431,7.41559107496,1.77017335338,0.774891020052,2.24645199071,0.536249830039,0.296774193548,0.579945114934,0.437917739848,2,1.32432432432,0.579945114934,2,0.0135767640389,0.00831485587583,5,0.000643500643501,0.331451490538,37,37,37,1,0,0.72972972973,0.243243243243,0.027027027027,-61,-0.0457957957958,0,-3.2972972973,-6.1,-1.69444444444,-2.14218678458,0.0206841363886,0.0432093383706,-2.91374555404,0.000796245631657,0.00962575478705,-0.840379479998,0.00748703181703,0.0440214407956,0,0,0,0,0,0,0.00140663786882,0.0023421596301,-2,-0.0002574002574,-0.289745090658,0,0,0,155,0,61,1116,0.717592592593,1,0,0.282407407407,1,0.717592592593,0.835579514825,0.82486492977,0.717592592593,0.717592592593,4,65,0,0,0,0
3107,WLNM_dir_neg,0.985088757396,0.955709745586,00:00:02,10,70,46,1236970070,threshold_sweep,0.2,1,0.0615384615385,0.115942028986,4,0,61,130,0.0615384615385,1,0,0.938461538462,1,0.0615384615385,0.115942028986,0.687179487179,0.659829059829,0.0804020100503,0.204657804039,0.0615384615385,216,151,65,0,216,0,151,0,65,37,216,0.162162162162,1.32432432432,11.6756756757,21.6,6,8.1990990496,0.702237650082,0.31006006006,10.329336629,1.76937710775,0.765265265265,3.0868314707,0.528762798222,0.252752752753,0.579945114934,0.437917739848,2,1.32432432432,0.579945114934,2,0.0121701261701,0.00597269624573,7,0.000900900900901,0.621196581197,37,37,37,1,0,0.72972972973,0.243243243243,0.027027027027,37,0.113363363363,1.32432432432,8.16216216216,15.1,4.31428571429,5.89026274416,0.721654707066,0.348487560408,7.36500123851,1.80466917765,0.781456953642,2.38488735325,0.584376371326,0.321460533381,0.579945114934,0.437917739848,2,1.32432432432,0.579945114934,2,0.00873851294904,0.00351699882767,2,0.0002574002574,0.325278651032,37,37,37,1,0,0.72972972973,0.216216216216,0.0540540540541,37,155,0.116366366366,1.32432432432,8.37837837838,15.5,4.30555555556,6.05691226502,0.72292178647,0.353269398431,7.41559107496,1.77017335338,0.774891020052,2.24645199071,0.536249830039,0.296774193548,0.579945114934,0.437917739848,2,1.32432432432,0.579945114934,2,0.0135767640389,0.00831485587583,5,0.000643500643501,0.331451490538,37,37,37,1,0,0.72972972973,0.243243243243,0.027027027027,-61,-0.0457957957958,0,-3.2972972973,-6.1,-1.69444444444,-2.14218678458,0.0206841363886,0.0432093383706,-2.91374555404,0.000796245631657,0.00962575478705,-0.840379479998,0.00748703181703,0.0440214407956,0,0,0,0,0,0,0.00140663786882,0.0023421596301,-2,-0.0002574002574,-0.289745090658,0,0,0,155,0,61,1116,0.717592592593,1,0,0.282407407407,1,0.717592592593,0.835579514825,0.82486492977,0.717592592593,0.717592592593,4,65,0,0,0,0
3108,WLNM_dir_neg,0.985088757396,0.955709745586,00:00:02,10,70,46,1236970070,threshold_sweep,0.3,1,0.0615384615385,0.115942028986,4,0,61,130,0.0615384615385,1,0,0.938461538462,1,0.0615384615385,0.115942028986,0.687179487179,0.659829059829,0.0804020100503,0.204657804039,0.0615384615385,216,151,65,0,216,0,151,0,65,37,216,0.162162162162,1.32432432432,11.6756756757,21.6,6,8.1990990496,0.702237650082,0.31006006006,10.329336629,1.76937710775,0.765265265265,3.0868314707,0.528762798222,0.252752752753,0.579945114934,0.437917739848,2,1.32432432432,0.579945114934,2,0.0121701261701,0.00597269624573,7,0.000900900900901,0.621196581197,37,37,37,1,0,0.72972972973,0.243243243243,0.027027027027,37,0.113363363363,1.32432432432,8.16216216216,15.1,4.31428571429,5.89026274416,0.721654707066,0.348487560408,7.36500123851,1.80466917765,0.781456953642,2.38488735325,0.584376371326,0.321460533381,0.579945114934,0.437917739848,2,1.32432432432,0.579945114934,2,0.00873851294904,0.00351699882767,2,0.0002574002574,0.325278651032,37,37,37,1,0,0.72972972973,0.216216216216,0.0540540540541,37,155,0.116366366366,1.32432432432,8.37837837838,15.5,4.30555555556,6.05691226502,0.72292178647,0.353269398431,7.41559107496,1.77017335338,0.774891020052,2.24645199071,0.536249830039,0.296774193548,0.579945114934,0.437917739848,2,1.32432432432,0.579945114934,2,0.0135767640389,0.00831485587583,5,0.000643500643501,0.331451490538,37,37,37,1,0,0.72972972973,0.243243243243,0.027027027027,-61,-0.0457957957958,0,-3.2972972973,-6.1,-1.69444444444,-2.14218678458,0.0206841363886,0.0432093383706,-2.91374555404,0.000796245631657,0.00962575478705,-0.840379479998,0.00748703181703,0.0440214407956,0,0,0,0,0,0,0.00140663786882,0.0023421596301,-2,-0.0002574002574,-0.289745090658,0,0,0,155,0,61,1116,0.717592592593,1,0,0.282407407407,1,0.717592592593,0.835579514825,0.82486492977,0.717592592593,0.717592592593,4,65,0,0,0,0
3109,WLNM_dir_neg,0.985088757396,0.955709745586,00:00:02,10,70,46,1236970070,threshold_sweep,0.4,1,0.0307692307692,0.0597014925373,2,0,63,130,0.0307692307692,1,0,0.969230769231,1,0.0307692307692,0.0597014925373,0.676923076923,0.663247863248,0.0406091370558,0.14396315015,0.0307692307692,216,151,65,0,216,0,151,0,65,37,216,0.162162162162,1.32432432432,11.6756756757,21.6,6,8.1990990496,0.702237650082,0.31006006006,10.329336629,1.76937710775,0.765265265265,3.0868314707,0.528762798222,0.252752752753,0.579945114934,0.437917739848,2,1.32432432432,0.579945114934,2,0.0121701261701,0.00597269624573,7,0.000900900900901,0.621196581197,37,37,37,1,0,0.72972972973,0.243243243243,0.027027027027,37,0.113363363363,1.32432432432,8.16216216216,15.1,4.31428571429,5.89026274416,0.721654707066,0.348487560408,7.36500123851,1.80466917765,0.781456953642,2.38488735325,0.584376371326,0.321460533381,0.579945114934,0.437917739848,2,1.32432432432,0.579945114934,2,0.00873851294904,0.00351699882767,2,0.0002574002574,0.325278651032,37,37,37,1,0,0.72972972973,0.216216216216,0.0540540540541,37,153,0.114864864865,1.32432432432,8.27027027027,15.3,4.25,5.97517386381,0.722488343009,0.349938173468,7.37925832679,1.78452652347,0.777954425013,2.31135076143,0.558954105704,0.308072778661,0.579945114934,0.437917739848,2,1.32432432432,0.579945114934,2,0.00922902494331,0.00512820512821,3,0.0003861003861,0.327007046094,37,37,37,1,0,0.72972972973,0.243243243243,0.027027027027,-63,-0.0472972972973,0,-3.40540540541,-6.3,-1.75,-2.2239251858,0.0202506929273,0.0398781134075,-2.95007830221,0.015149415726,0.012689159748,-0.775480709278,0.0301913074818,0.0553200259083,0,0,0,0,0,0,-0.00294110122682,-0.000844491117529,-4,-0.000514800514801,-0.294189535103,0,0,0,153,0,63,1116,0.708333333333,1,0,0.291666666667,1,0.708333333333,0.829268292683,0.818830544472,0.708333333333,0.708333333333,2,65,0,0,0,0
3110,WLNM_dir_neg,0.985088757396,0.955709745586,00:00:02,10,70,46,1236970070,threshold_sweep,0.5,1,0.0307692307692,0.0597014925373,2,0,63,130,0.0307692307692,1,0,0.969230769231,1,0.0307692307692,0.0597014925373,0.676923076923,0.663247863248,0.0406091370558,0.14396315015,0.0307692307692,216,151,65,0,216,0,151,0,65,37,216,0.162162162162,1.32432432432,11.6756756757,21.6,6,8.1990990496,0.702237650082,0.31006006006,10.329336629,1.76937710775,0.765265265265,3.0868314707,0.528762798222,0.252752752753,0.579945114934,0.437917739848,2,1.32432432432,0.579945114934,2,0.0121701261701,0.00597269624573,7,0.000900900900901,0.621196581197,37,37,37,1,0,0.72972972973,0.243243243243,0.027027027027,37,0.113363363363,1.32432432432,8.16216216216,15.1,4.31428571429,5.89026274416,0.721654707066,0.348487560408,7.36500123851,1.80466917765,0.781456953642,2.38488735325,0.584376371326,0.321460533381,0.579945114934,0.437917739848,2,1.32432432432,0.579945114934,2,0.00873851294904,0.00351699882767,2,0.0002574002574,0.325278651032,37,37,37,1,0,0.72972972973,0.216216216216,0.0540540540541,37,153,0.114864864865,1.32432432432,8.27027027027,15.3,4.25,5.97517386381,0.722488343009,0.349938173468,7.37925832679,1.78452652347,0.777954425013,2.31135076143,0.558954105704,0.308072778661,0.579945114934,0.437917739848,2,1.32432432432,0.579945114934,2,0.00922902494331,0.00512820512821,3,0.0003861003861,0.327007046094,37,37,37,1,0,0.72972972973,0.243243243243,0.027027027027,-63,-0.0472972972973,0,-3.40540540541,-6.3,-1.75,-2.2239251858,0.0202506929273,0.0398781134075,-2.95007830221,0.015149415726,0.012689159748,-0.775480709278,0.0301913074818,0.0553200259083,0,0,0,0,0,0,-0.00294110122682,-0.000844491117529,-4,-0.000514800514801,-0.294189535103,0,0,0,153,0,63,1116,0.708333333333,1,0,0.291666666667,1,0.708333333333,0.829268292683,0.818830544472,0.708333333333,0.708333333333,2,65,0,0,0,0
3111,WLNM_dir_neg,0.985088757396,0.955709745586,00:00:02,10,70,46,1236970070,threshold_sweep,0.6,1,0.0307692307692,0.0597014925373,2,0,63,130,0.0307692307692,1,0,0.969230769231,1,0.0307692307692,0.0597014925373,0.676923076923,0.663247863248,0.0406091370558,0.14396315015,0.0307692307692,216,151,65,0,216,0,151,0,65,37,216,0.162162162162,1.32432432432,11.6756756757,21.6,6,8.1990990496,0.702237650082,0.31006006006,10.329336629,1.76937710775,0.765265265265,3.0868314707,0.528762798222,0.252752752753,0.579945114934,0.437917739848,2,1.32432432432,0.579945114934,2,0.0121701261701,0.00597269624573,7,0.000900900900901,0.621196581197,37,37,37,1,0,0.72972972973,0.243243243243,0.027027027027,37,0.113363363363,1.32432432432,8.16216216216,15.1,4.31428571429,5.89026274416,0.721654707066,0.348487560408,7.36500123851,1.80466917765,0.781456953642,2.38488735325,0.584376371326,0.321460533381,0.579945114934,0.437917739848,2,1.32432432432,0.579945114934,2,0.00873851294904,0.00351699882767,2,0.0002574002574,0.325278651032,37,37,37,1,0,0.72972972973,0.216216216216,0.0540540540541,37,153,0.114864864865,1.32432432432,8.27027027027,15.3,4.25,5.97517386381,0.722488343009,0.349938173468,7.37925832679,1.78452652347,0.777954425013,2.31135076143,0.558954105704,0.308072778661,0.579945114934,0.437917739848,2,1.32432432432,0.579945114934,2,0.00922902494331,0.00512820512821,3,0.0003861003861,0.327007046094,37,37,37,1,0,0.72972972973,0.243243243243,0.027027027027,-63,-0.0472972972973,0,-3.40540540541,-6.3,-1.75,-2.2239251858,0.0202506929273,0.0398781134075,-2.95007830221,0.015149415726,0.012689159748,-0.775480709278,0.0301913074818,0.0553200259083,0,0,0,0,0,0,-0.00294110122682,-0.000844491117529,-4,-0.000514800514801,-0.294189535103,0,0,0,153,0,63,1116,0.708333333333,1,0,0.291666666667,1,0.708333333333,0.829268292683,0.818830544472,0.708333333333,0.708333333333,2,65,0,0,0,0
3112,WLNM_dir_neg,0.985088757396,0.955709745586,00:00:02,10,70,46,1236970070,threshold_sweep,0.7,1,0.0307692307692,0.0597014925373,2,0,63,130,0.0307692307692,1,0,0.969230769231,1,0.0307692307692,0.0597014925373,0.676923076923,0.663247863248,0.0406091370558,0.14396315015,0.0307692307692,216,151,65,0,216,0,151,0,65,37,216,0.162162162162,1.32432432432,11.6756756757,21.6,6,8.1990990496,0.702237650082,0.31006006006,10.329336629,1.76937710775,0.765265265265,3.0868314707,0.528762798222,0.252752752753,0.579945114934,0.437917739848,2,1.32432432432,0.579945114934,2,0.0121701261701,0.00597269624573,7,0.000900900900901,0.621196581197,37,37,37,1,0,0.72972972973,0.243243243243,0.027027027027,37,0.113363363363,1.32432432432,8.16216216216,15.1,4.31428571429,5.89026274416,0.721654707066,0.348487560408,7.36500123851,1.80466917765,0.781456953642,2.38488735325,0.584376371326,0.321460533381,0.579945114934,0.437917739848,2,1.32432432432,0.579945114934,2,0.00873851294904,0.00351699882767,2,0.0002574002574,0.325278651032,37,37,37,1,0,0.72972972973,0.216216216216,0.0540540540541,37,153,0.114864864865,1.32432432432,8.27027027027,15.3,4.25,5.97517386381,0.722488343009,0.349938173468,7.37925832679,1.78452652347,0.777954425013,2.31135076143,0.558954105704,0.308072778661,0.579945114934,0.437917739848,2,1.32432432432,0.579945114934,2,0.00922902494331,0.00512820512821,3,0.0003861003861,0.327007046094,37,37,37,1,0,0.72972972973,0.243243243243,0.027027027027,-63,-0.0472972972973,0,-3.40540540541,-6.3,-1.75,-2.2239251858,0.0202506929273,0.0398781134075,-2.95007830221,0.015149415726,0.012689159748,-0.775480709278,0.0301913074818,0.0553200259083,0,0,0,0,0,0,-0.00294110122682,-0.000844491117529,-4,-0.000514800514801,-0.294189535103,0,0,0,153,0,63,1116,0.708333333333,1,0,0.291666666667,1,0.708333333333,0.829268292683,0.818830544472,0.708333333333,0.708333333333,2,65,0,0,0,0
3113,WLNM_dir_neg,0.985088757396,0.955709745586,00:00:02,10,70,46,1236970070,threshold_sweep,0.8,1,0.0307692307692,0.0597014925373,2,0,63,130,0.0307692307692,1,0,0.969230769231,1,0.0307692307692,0.0597014925373,0.676923076923,0.663247863248,0.0406091370558,0.14396315015,0.0307692307692,216,151,65,0,216,0,151,0,65,37,216,0.162162162162,1.32432432432,11.6756756757,21.6,6,8.1990990496,0.702237650082,0.31006006006,10.329336629,1.76937710775,0.765265265265,3.0868314707,0.528762798222,0.252752752753,0.579945114934,0.437917739848,2,1.32432432432,0.579945114934,2,0.0121701261701,0.00597269624573,7,0.000900900900901,0.621196581197,37,37,37,1,0,0.72972972973,0.243243243243,0.027027027027,37,0.113363363363,1.32432432432,8.16216216216,15.1,4.31428571429,5.89026274416,0.721654707066,0.348487560408,7.36500123851,1.80466917765,0.781456953642,2.38488735325,0.584376371326,0.321460533381,0.579945114934,0.437917739848,2,1.32432432432,0.579945114934,2,0.00873851294904,0.00351699882767,2,0.0002574002574,0.325278651032,37,37,37,1,0,0.72972972973,0.216216216216,0.0540540540541,37,153,0.114864864865,1.32432432432,8.27027027027,15.3,4.25,5.97517386381,0.722488343009,0.349938173468,7.37925832679,1.78452652347,0.777954425013,2.31135076143,0.558954105704,0.308072778661,0.579945114934,0.437917739848,2,1.32432432432,0.579945114934,2,0.00922902494331,0.00512820512821,3,0.0003861003861,0.327007046094,37,37,37,1,0,0.72972972973,0.243243243243,0.027027027027,-63,-0.0472972972973,0,-3.40540540541,-6.3,-1.75,-2.2239251858,0.0202506929273,0.0398781134075,-2.95007830221,0.015149415726,0.012689159748,-0.775480709278,0.0301913074818,0.0553200259083,0,0,0,0,0,0,-0.00294110122682,-0.000844491117529,-4,-0.000514800514801,-0.294189535103,0,0,0,153,0,63,1116,0.708333333333,1,0,0.291666666667,1,0.708333333333,0.829268292683,0.818830544472,0.708333333333,0.708333333333,2,65,0,0,0,0
3114,WLNM_dir_neg,0.985088757396,0.955709745586,00:00:02,10,70,46,1236970070,threshold_sweep,0.9,1,0.0307692307692,0.0597014925373,2,0,63,130,0.0307692307692,1,0,0.969230769231,1,0.0307692307692,0.0597014925373,0.676923076923,0.663247863248,0.0406091370558,0.14396315015,0.0307692307692,216,151,65,0,216,0,151,0,65,37,216,0.162162162162,1.32432432432,11.6756756757,21.6,6,8.1990990496,0.702237650082,0.31006006006,10.329336629,1.76937710775,0.765265265265,3.0868314707,0.528762798222,0.252752752753,0.579945114934,0.437917739848,2,1.32432432432,0.579945114934,2,0.0121701261701,0.00597269624573,7,0.000900900900901,0.621196581197,37,37,37,1,0,0.72972972973,0.243243243243,0.027027027027,37,0.113363363363,1.32432432432,8.16216216216,15.1,4.31428571429,5.89026274416,0.721654707066,0.348487560408,7.36500123851,1.80466917765,0.781456953642,2.38488735325,0.584376371326,0.321460533381,0.579945114934,0.437917739848,2,1.32432432432,0.579945114934,2,0.00873851294904,0.00351699882767,2,0.0002574002574,0.325278651032,37,37,37,1,0,0.72972972973,0.216216216216,0.0540540540541,37,153,0.114864864865,1.32432432432,8.27027027027,15.3,4.25,5.97517386381,0.722488343009,0.349938173468,7.37925832679,1.78452652347,0.777954425013,2.31135076143,0.558954105704,0.308072778661,0.579945114934,0.437917739848,2,1.32432432432,0.579945114934,2,0.00922902494331,0.00512820512821,3,0.0003861003861,0.327007046094,37,37,37,1,0,0.72972972973,0.243243243243,0.027027027027,-63,-0.0472972972973,0,-3.40540540541,-6.3,-1.75,-2.2239251858,0.0202506929273,0.0398781134075,-2.95007830221,0.015149415726,0.012689159748,-0.775480709278,0.0301913074818,0.0553200259083,0,0,0,0,0,0,-0.00294110122682,-0.000844491117529,-4,-0.000514800514801,-0.294189535103,0,0,0,153,0,63,1116,0.708333333333,1,0,0.291666666667,1,0.708333333333,0.829268292683,0.818830544472,0.708333333333,0.708333333333,2,65,0,0,0,0
3115,WLNM_dir_neg,0.992899408284,0.955453501722,00:00:02,10,70,47,1236970071,threshold_sweep,0.1,1,0.0769230769231,0.142857142857,5,0,60,130,0.0769230769231,1,0,0.923076923077,1,0.0769230769231,0.142857142857,0.692307692308,0.65811965812,0.1,0.229415733871,0.0769230769231,216,151,65,0,216,0,151,0,65,37,216,0.162162162162,1.32432432432,11.6756756757,21.6,6,8.1990990496,0.702237650082,0.31006006006,10.329336629,1.76937710775,0.765265265265,3.0868314707,0.528762798222,0.252752752753,0.579945114934,0.437917739848,2,1.32432432432,0.579945114934,2,0.0121701261701,0.00597269624573,7,0.000900900900901,0.621196581197,37,37,37,1,0,0.72972972973,0.243243243243,0.027027027027,37,0.113363363363,1.32432432432,8.16216216216,15.1,4.57575757576,5.80953963329,0.711764789509,0.34902452121,7.23563088848,1.7729691581,0.770717737605,2.44243023758,0.598476283382,0.331483801682,0.579945114934,0.437917739848,2,1.33333333333,0.585540043769,2,0.0137755102041,0.00710479573712,4,0.000514800514801,0.34099065186,37,36,36,0.972972972973,0,0.702702702703,0.189189189189,0.0810810810811,37,156,0.117117117117,1.32432432432,8.43243243243,15.6,4.45714285714,6.06236358628,0.718934143245,0.357761607762,7.30348141922,1.73223597763,0.762993762994,2.26243643416,0.53660351323,0.297643797644,0.579945114934,0.437917739848,2,1.33333333333,0.585540043769,2,0.0127407805227,0.0115321252059,7,0.000900900900901,0.345435096305,37,36,36,0.972972972973,0,0.702702702703,0.243243243243,0.027027027027,-60,-0.045045045045,0,-3.24324324324,-6,-1.54285714286,-2.13673546332,0.0166964931629,0.0477015477015,-3.02585520978,-0.0371411301106,-0.0022715022715,-0.824395036543,0.00784071500802,0.044891044891,0,0,0,0.00900900900901,0.00559492883467,0,0.000570654352609,0.0055594289602,0,0,-0.275761484892,-0.027027027027,0,0,156,0,60,1116,0.722222222222,1,0,0.277777777778,1,0.722222222222,0.838709677419,0.827873269082,0.722222222222,0.722222222222,5,65,0,0,0,0
3116,WLNM_dir_neg,0.992899408284,0.955453501722,00:00:02,10,70,47,1236970071,threshold_sweep,0.2,1,0.0461538461538,0.0882352941176,3,0,62,130,0.0461538461538,1,0,0.953846153846,1,0.0461538461538,0.0882352941176,0.682051282051,0.661538461538,0.0606060606061,0.176776695297,0.0461538461538,216,151,65,0,216,0,151,0,65,37,216,0.162162162162,1.32432432432,11.6756756757,21.6,6,8.1990990496,0.702237650082,0.31006006006,10.329336629,1.76937710775,0.765265265265,3.0868314707,0.528762798222,0.252752752753,0.579945114934,0.437917739848,2,1.32432432432,0.579945114934,2,0.0121701261701,0.00597269624573,7,0.000900900900901,0.621196581197,37,37,37,1,0,0.72972972973,0.243243243243,0.027027027027,37,0.113363363363,1.32432432432,8.16216216216,15.1,4.57575757576,5.80953963329,0.711764789509,0.34902452121,7.23563088848,1.7729691581,0.770717737605,2.44243023758,0.598476283382,0.331483801682,0.579945114934,0.437917739848,2,1.33333333333,0.585540043769,2,0.0137755102041,0.00710479573712,4,0.000514800514801,0.34099065186,37,36,36,0.972972972973,0,0.702702702703,0.189189189189,0.0810810810811,37,154,0.115615615616,1.32432432432,8.32432432432,15.4,4.52941176471,5.95377589832,0.715226325448,0.353632853633,7.2667947753,1.74591822523,0.765882765883,2.3394386021,0.562072910893,0.311688311688,0.579945114934,0.437917739848,2,1.33333333333,0.585540043769,2,0.0132623224728,0.0101925254813,6,0.000772200772201,0.344694355564,37,36,36,0.972972972973,0,0.702702702703,0.216216216216,0.0540540540541,-62,-0.0465465465465,0,-3.35135135135,-6.2,-1.47058823529,-2.24532315128,0.012988675366,0.0435727935728,-3.0625418537,-0.0234588825113,0.0006175006175,-0.747392868609,0.0333101126706,0.0589355589356,0,0,0,0.00900900900901,0.00559492883467,0,0.00109219630272,0.00421982923558,-1,-0.0001287001287,-0.276502225633,-0.027027027027,-0.027027027027,0.027027027027,154,0,62,1116,0.712962962963,1,0,0.287037037037,1,0.712962962963,0.832432432432,0.821850714237,0.712962962963,0.712962962963,3,65,0,0,0,0
3117,WLNM_dir_neg,0.992899408284,0.955453501722,00:00:02,10,70,47,1236970071,threshold_sweep,0.3,1,0.0461538461538,0.0882352941176,3,0,62,130,0.0461538461538,1,0,0.953846153846,1,0.0461538461538,0.0882352941176,0.682051282051,0.661538461538,0.0606060606061,0.176776695297,0.0461538461538,216,151,65,0,216,0,151,0,65,37,216,0.162162162162,1.32432432432,11.6756756757,21.6,6,8.1990990496,0.702237650082,0.31006006006,10.329336629,1.76937710775,0.765265265265,3.0868314707,0.528762798222,0.252752752753,0.579945114934,0.437917739848,2,1.32432432432,0.579945114934,2,0.0121701261701,0.00597269624573,7,0.000900900900901,0.621196581197,37,37,37,1,0,0.72972972973,0.243243243243,0.027027027027,37,0.113363363363,1.32432432432,8.16216216216,15.1,4.57575757576,5.80953963329,0.711764789509,0.34902452121,7.23563088848,1.7729691581,0.770717737605,2.44243023758,0.598476283382,0.331483801682,0.579945114934,0.437917739848,2,1.33333333333,0.585540043769,2,0.0137755102041,0.00710479573712,4,0.000514800514801,0.34099065186,37,36,36,0.972972972973,0,0.702702702703,0.189189189189,0.0810810810811,37,154,0.115615615616,1.32432432432,8.32432432432,15.4,4.52941176471,5.95377589832,0.715226325448,0.353632853633,7.2667947753,1.74591822523,0.765882765883,2.3394386021,0.562072910893,0.311688311688,0.579945114934,0.437917739848,2,1.33333333333,0.585540043769,2,0.0132623224728,0.0101925254813,6,0.000772200772201,0.344694355564,37,36,36,0.972972972973,0,0.702702702703,0.216216216216,0.0540540540541,-62,-0.0465465465465,0,-3.35135135135,-6.2,-1.47058823529,-2.24532315128,0.012988675366,0.0435727935728,-3.0625418537,-0.0234588825113,0.0006175006175,-0.747392868609,0.0333101126706,0.0589355589356,0,0,0,0.00900900900901,0.00559492883467,0,0.00109219630272,0.00421982923558,-1,-0.0001287001287,-0.276502225633,-0.027027027027,-0.027027027027,0.027027027027,154,0,62,1116,0.712962962963,1,0,0.287037037037,1,0.712962962963,0.832432432432,0.821850714237,0.712962962963,0.712962962963,3,65,0,0,0,0
3118,WLNM_dir_neg,0.992899408284,0.955453501722,00:00:02,10,70,47,1236970071,threshold_sweep,0.4,1,0.0461538461538,0.0882352941176,3,0,62,130,0.0461538461538,1,0,0.953846153846,1,0.0461538461538,0.0882352941176,0.682051282051,0.661538461538,0.0606060606061,0.176776695297,0.0461538461538,216,151,65,0,216,0,151,0,65,37,216,0.162162162162,1.32432432432,11.6756756757,21.6,6,8.1990990496,0.702237650082,0.31006006006,10.329336629,1.76937710775,0.765265265265,3.0868314707,0.528762798222,0.252752752753,0.579945114934,0.437917739848,2,1.32432432432,0.579945114934,2,0.0121701261701,0.00597269624573,7,0.000900900900901,0.621196581197,37,37,37,1,0,0.72972972973,0.243243243243,0.027027027027,37,0.113363363363,1.32432432432,8.16216216216,15.1,4.57575757576,5.80953963329,0.711764789509,0.34902452121,7.23563088848,1.7729691581,0.770717737605,2.44243023758,0.598476283382,0.331483801682,0.579945114934,0.437917739848,2,1.33333333333,0.585540043769,2,0.0137755102041,0.00710479573712,4,0.000514800514801,0.34099065186,37,36,36,0.972972972973,0,0.702702702703,0.189189189189,0.0810810810811,37,154,0.115615615616,1.32432432432,8.32432432432,15.4,4.52941176471,5.95377589832,0.715226325448,0.353632853633,7.2667947753,1.74591822523,0.765882765883,2.3394386021,0.562072910893,0.311688311688,0.579945114934,0.437917739848,2,1.33333333333,0.585540043769,2,0.0132623224728,0.0101925254813,6,0.000772200772201,0.344694355564,37,36,36,0.972972972973,0,0.702702702703,0.216216216216,0.0540540540541,-62,-0.0465465465465,0,-3.35135135135,-6.2,-1.47058823529,-2.24532315128,0.012988675366,0.0435727935728,-3.0625418537,-0.0234588825113,0.0006175006175,-0.747392868609,0.0333101126706,0.0589355589356,0,0,0,0.00900900900901,0.00559492883467,0,0.00109219630272,0.00421982923558,-1,-0.0001287001287,-0.276502225633,-0.027027027027,-0.027027027027,0.027027027027,154,0,62,1116,0.712962962963,1,0,0.287037037037,1,0.712962962963,0.832432432432,0.821850714237,0.712962962963,0.712962962963,3,65,0,0,0,0
3119,WLNM_dir_neg,0.992899408284,0.955453501722,00:00:02,10,70,47,1236970071,threshold_sweep,0.5,1,0.0461538461538,0.0882352941176,3,0,62,130,0.0461538461538,1,0,0.953846153846,1,0.0461538461538,0.0882352941176,0.682051282051,0.661538461538,0.0606060606061,0.176776695297,0.0461538461538,216,151,65,0,216,0,151,0,65,37,216,0.162162162162,1.32432432432,11.6756756757,21.6,6,8.1990990496,0.702237650082,0.31006006006,10.329336629,1.76937710775,0.765265265265,3.0868314707,0.528762798222,0.252752752753,0.579945114934,0.437917739848,2,1.32432432432,0.579945114934,2,0.0121701261701,0.00597269624573,7,0.000900900900901,0.621196581197,37,37,37,1,0,0.72972972973,0.243243243243,0.027027027027,37,0.113363363363,1.32432432432,8.16216216216,15.1,4.57575757576,5.80953963329,0.711764789509,0.34902452121,7.23563088848,1.7729691581,0.770717737605,2.44243023758,0.598476283382,0.331483801682,0.579945114934,0.437917739848,2,1.33333333333,0.585540043769,2,0.0137755102041,0.00710479573712,4,0.000514800514801,0.34099065186,37,36,36,0.972972972973,0,0.702702702703,0.189189189189,0.0810810810811,37,154,0.115615615616,1.32432432432,8.32432432432,15.4,4.52941176471,5.95377589832,0.715226325448,0.353632853633,7.2667947753,1.74591822523,0.765882765883,2.3394386021,0.562072910893,0.311688311688,0.579945114934,0.437917739848,2,1.33333333333,0.585540043769,2,0.0132623224728,0.0101925254813,6,0.000772200772201,0.344694355564,37,36,36,0.972972972973,0,0.702702702703,0.216216216216,0.0540540540541,-62,-0.0465465465465,0,-3.35135135135,-6.2,-1.47058823529,-2.24532315128,0.012988675366,0.0435727935728,-3.0625418537,-0.0234588825113,0.0006175006175,-0.747392868609,0.0333101126706,0.0589355589356,0,0,0,0.00900900900901,0.00559492883467,0,0.00109219630272,0.00421982923558,-1,-0.0001287001287,-0.276502225633,-0.027027027027,-0.027027027027,0.027027027027,154,0,62,1116,0.712962962963,1,0,0.287037037037,1,0.712962962963,0.832432432432,0.821850714237,0.712962962963,0.712962962963,3,65,0,0,0,0
3120,WLNM_dir_neg,0.992899408284,0.955453501722,00:00:02,10,70,47,1236970071,threshold_sweep,0.6,1,0.0461538461538,0.0882352941176,3,0,62,130,0.0461538461538,1,0,0.953846153846,1,0.0461538461538,0.0882352941176,0.682051282051,0.661538461538,0.0606060606061,0.176776695297,0.0461538461538,216,151,65,0,216,0,151,0,65,37,216,0.162162162162,1.32432432432,11.6756756757,21.6,6,8.1990990496,0.702237650082,0.31006006006,10.329336629,1.76937710775,0.765265265265,3.0868314707,0.528762798222,0.252752752753,0.579945114934,0.437917739848,2,1.32432432432,0.579945114934,2,0.0121701261701,0.00597269624573,7,0.000900900900901,0.621196581197,37,37,37,1,0,0.72972972973,0.243243243243,0.027027027027,37,0.113363363363,1.32432432432,8.16216216216,15.1,4.57575757576,5.80953963329,0.711764789509,0.34902452121,7.23563088848,1.7729691581,0.770717737605,2.44243023758,0.598476283382,0.331483801682,0.579945114934,0.437917739848,2,1.33333333333,0.585540043769,2,0.0137755102041,0.00710479573712,4,0.000514800514801,0.34099065186,37,36,36,0.972972972973,0,0.702702702703,0.189189189189,0.0810810810811,37,154,0.115615615616,1.32432432432,8.32432432432,15.4,4.52941176471,5.95377589832,0.715226325448,0.353632853633,7.2667947753,1.74591822523,0.765882765883,2.3394386021,0.562072910893,0.311688311688,0.579945114934,0.437917739848,2,1.33333333333,0.585540043769,2,0.0132623224728,0.0101925254813,6,0.000772200772201,0.344694355564,37,36,36,0.972972972973,0,0.702702702703,0.216216216216,0.0540540540541,-62,-0.0465465465465,0,-3.35135135135,-6.2,-1.47058823529,-2.24532315128,0.012988675366,0.0435727935728,-3.0625418537,-0.0234588825113,0.0006175006175,-0.747392868609,0.0333101126706,0.0589355589356,0,0,0,0.00900900900901,0.00559492883467,0,0.00109219630272,0.00421982923558,-1,-0.0001287001287,-0.276502225633,-0.027027027027,-0.027027027027,0.027027027027,154,0,62,1116,0.712962962963,1,0,0.287037037037,1,0.712962962963,0.832432432432,0.821850714237,0.712962962963,0.712962962963,3,65,0,0,0,0
3121,WLNM_dir_neg,0.992899408284,0.955453501722,00:00:02,10,70,47,1236970071,threshold_sweep,0.7,1,0.0461538461538,0.0882352941176,3,0,62,130,0.0461538461538,1,0,0.953846153846,1,0.0461538461538,0.0882352941176,0.682051282051,0.661538461538,0.0606060606061,0.176776695297,0.0461538461538,216,151,65,0,216,0,151,0,65,37,216,0.162162162162,1.32432432432,11.6756756757,21.6,6,8.1990990496,0.702237650082,0.31006006006,10.329336629,1.76937710775,0.765265265265,3.0868314707,0.528762798222,0.252752752753,0.579945114934,0.437917739848,2,1.32432432432,0.579945114934,2,0.0121701261701,0.00597269624573,7,0.000900900900901,0.621196581197,37,37,37,1,0,0.72972972973,0.243243243243,0.027027027027,37,0.113363363363,1.32432432432,8.16216216216,15.1,4.57575757576,5.80953963329,0.711764789509,0.34902452121,7.23563088848,1.7729691581,0.770717737605,2.44243023758,0.598476283382,0.331483801682,0.579945114934,0.437917739848,2,1.33333333333,0.585540043769,2,0.0137755102041,0.00710479573712,4,0.000514800514801,0.34099065186,37,36,36,0.972972972973,0,0.702702702703,0.189189189189,0.0810810810811,37,154,0.115615615616,1.32432432432,8.32432432432,15.4,4.52941176471,5.95377589832,0.715226325448,0.353632853633,7.2667947753,1.74591822523,0.765882765883,2.3394386021,0.562072910893,0.311688311688,0.579945114934,0.437917739848,2,1.33333333333,0.585540043769,2,0.0132623224728,0.0101925254813,6,0.000772200772201,0.344694355564,37,36,36,0.972972972973,0,0.702702702703,0.216216216216,0.0540540540541,-62,-0.0465465465465,0,-3.35135135135,-6.2,-1.47058823529,-2.24532315128,0.012988675366,0.0435727935728,-3.0625418537,-0.0234588825113,0.0006175006175,-0.747392868609,0.0333101126706,0.0589355589356,0,0,0,0.00900900900901,0.00559492883467,0,0.00109219630272,0.00421982923558,-1,-0.0001287001287,-0.276502225633,-0.027027027027,-0.027027027027,0.027027027027,154,0,62,1116,0.712962962963,1,0,0.287037037037,1,0.712962962963,0.832432432432,0.821850714237,0.712962962963,0.712962962963,3,65,0,0,0,0
3122,WLNM_dir_neg,0.992899408284,0.955453501722,00:00:02,10,70,47,1236970071,threshold_sweep,0.8,1,0.0461538461538,0.0882352941176,3,0,62,130,0.0461538461538,1,0,0.953846153846,1,0.0461538461538,0.0882352941176,0.682051282051,0.661538461538,0.0606060606061,0.176776695297,0.0461538461538,216,151,65,0,216,0,151,0,65,37,216,0.162162162162,1.32432432432,11.6756756757,21.6,6,8.1990990496,0.702237650082,0.31006006006,10.329336629,1.76937710775,0.765265265265,3.0868314707,0.528762798222,0.252752752753,0.579945114934,0.437917739848,2,1.32432432432,0.579945114934,2,0.0121701261701,0.00597269624573,7,0.000900900900901,0.621196581197,37,37,37,1,0,0.72972972973,0.243243243243,0.027027027027,37,0.113363363363,1.32432432432,8.16216216216,15.1,4.57575757576,5.80953963329,0.711764789509,0.34902452121,7.23563088848,1.7729691581,0.770717737605,2.44243023758,0.598476283382,0.331483801682,0.579945114934,0.437917739848,2,1.33333333333,0.585540043769,2,0.0137755102041,0.00710479573712,4,0.000514800514801,0.34099065186,37,36,36,0.972972972973,0,0.702702702703,0.189189189189,0.0810810810811,37,154,0.115615615616,1.32432432432,8.32432432432,15.4,4.52941176471,5.95377589832,0.715226325448,0.353632853633,7.2667947753,1.74591822523,0.765882765883,2.3394386021,0.562072910893,0.311688311688,0.579945114934,0.437917739848,2,1.33333333333,0.585540043769,2,0.0132623224728,0.0101925254813,6,0.000772200772201,0.344694355564,37,36,36,0.972972972973,0,0.702702702703,0.216216216216,0.0540540540541,-62,-0.0465465465465,0,-3.35135135135,-6.2,-1.47058823529,-2.24532315128,0.012988675366,0.0435727935728,-3.0625418537,-0.0234588825113,0.0006175006175,-0.747392868609,0.0333101126706,0.0589355589356,0,0,0,0.00900900900901,0.00559492883467,0,0.00109219630272,0.00421982923558,-1,-0.0001287001287,-0.276502225633,-0.027027027027,-0.027027027027,0.027027027027,154,0,62,1116,0.712962962963,1,0,0.287037037037,1,0.712962962963,0.832432432432,0.821850714237,0.712962962963,0.712962962963,3,65,0,0,0,0
3123,WLNM_dir_neg,0.992899408284,0.955453501722,00:00:02,10,70,47,1236970071,threshold_sweep,0.9,1,0.0461538461538,0.0882352941176,3,0,62,130,0.0461538461538,1,0,0.953846153846,1,0.0461538461538,0.0882352941176,0.682051282051,0.661538461538,0.0606060606061,0.176776695297,0.0461538461538,216,151,65,0,216,0,151,0,65,37,216,0.162162162162,1.32432432432,11.6756756757,21.6,6,8.1990990496,0.702237650082,0.31006006006,10.329336629,1.76937710775,0.765265265265,3.0868314707,0.528762798222,0.252752752753,0.579945114934,0.437917739848,2,1.32432432432,0.579945114934,2,0.0121701261701,0.00597269624573,7,0.000900900900901,0.621196581197,37,37,37,1,0,0.72972972973,0.243243243243,0.027027027027,37,0.113363363363,1.32432432432,8.16216216216,15.1,4.57575757576,5.80953963329,0.711764789509,0.34902452121,7.23563088848,1.7729691581,0.770717737605,2.44243023758,0.598476283382,0.331483801682,0.579945114934,0.437917739848,2,1.33333333333,0.585540043769,2,0.0137755102041,0.00710479573712,4,0.000514800514801,0.34099065186,37,36,36,0.972972972973,0,0.702702702703,0.189189189189,0.0810810810811,37,154,0.115615615616,1.32432432432,8.32432432432,15.4,4.52941176471,5.95377589832,0.715226325448,0.353632853633,7.2667947753,1.74591822523,0.765882765883,2.3394386021,0.562072910893,0.311688311688,0.579945114934,0.437917739848,2,1.33333333333,0.585540043769,2,0.0132623224728,0.0101925254813,6,0.000772200772201,0.344694355564,37,36,36,0.972972972973,0,0.702702702703,0.216216216216,0.0540540540541,-62,-0.0465465465465,0,-3.35135135135,-6.2,-1.47058823529,-2.24532315128,0.012988675366,0.0435727935728,-3.0625418537,-0.0234588825113,0.0006175006175,-0.747392868609,0.0333101126706,0.0589355589356,0,0,0,0.00900900900901,0.00559492883467,0,0.00109219630272,0.00421982923558,-1,-0.0001287001287,-0.276502225633,-0.027027027027,-0.027027027027,0.027027027027,154,0,62,1116,0.712962962963,1,0,0.287037037037,1,0.712962962963,0.832432432432,0.821850714237,0.712962962963,0.712962962963,3,65,0,0,0,0
3124,WLNM_dir_neg,0.977278106509,0.874232724338,00:00:03,10,70,48,1236970072,threshold_sweep,0.1,1,0.0769230769231,0.142857142857,5,0,60,130,0.0769230769231,1,0,0.923076923077,1,0.0769230769231,0.142857142857,0.692307692308,0.65811965812,0.1,0.229415733871,0.0769230769231,216,151,65,0,216,0,151,0,65,37,216,0.162162162162,1.32432432432,11.6756756757,21.6,6,8.1990990496,0.702237650082,0.31006006006,10.329336629,1.76937710775,0.765265265265,3.0868314707,0.528762798222,0.252752752753,0.579945114934,0.437917739848,2,1.32432432432,0.579945114934,2,0.0121701261701,0.00597269624573,7,0.000900900900901,0.621196581197,37,37,37,1,0,0.72972972973,0.243243243243,0.027027027027,37,0.113363363363,1.32432432432,8.16216216216,15.1,4.57575757576,6.00237690657,0.735390548156,0.359226776445,7.49954953602,1.83763796578,0.786468587793,2.59677554734,0.636295995043,0.354752103096,0.579945114934,0.437917739848,2,1.32432432432,0.579945114934,2,0.0136675020886,0.00346820809249,2,0.0002574002574,0.345907473999,37,37,37,1,0,0.72972972973,0.162162162162,0.108108108108,37,156,0.117117117117,1.32432432432,8.43243243243,15.6,4.33333333333,6.18484051955,0.733458651357,0.359667359667,7.52084191185,1.78378942781,0.7772002772,2.41678315967,0.573211390433,0.320166320166,0.579945114934,0.437917739848,2,1.32432432432,0.579945114934,2,0.0101118738876,0.00649350649351,4,0.000514800514801,0.348447156539,37,37,37,1,0,0.72972972973,0.243243243243,0.027027027027,-60,-0.045045045045,0,-3.24324324324,-6,-1.66666666667,-2.01425853006,0.0312210012749,0.0496072996073,-2.80849471715,0.0144123200656,0.011935011935,-0.670048311039,0.0444485922109,0.0674135674136,0,0,0,0,0,0,-0.00205825228251,0.000520810247773,-3,-0.0003861003861,-0.272749424658,0,0,0,156,0,60,1116,0.722222222222,1,0,0.277777777778,1,0.722222222222,0.838709677419,0.827873269082,0.722222222222,0.722222222222,5,65,0,0,0,0
3125,WLNM_dir_neg,0.977278106509,0.874232724338,00:00:03,10,70,48,1236970072,threshold_sweep,0.2,1,0.0769230769231,0.142857142857,5,0,60,130,0.0769230769231,1,0,0.923076923077,1,0.0769230769231,0.142857142857,0.692307692308,0.65811965812,0.1,0.229415733871,0.0769230769231,216,151,65,0,216,0,151,0,65,37,216,0.162162162162,1.32432432432,11.6756756757,21.6,6,8.1990990496,0.702237650082,0.31006006006,10.329336629,1.76937710775,0.765265265265,3.0868314707,0.528762798222,0.252752752753,0.579945114934,0.437917739848,2,1.32432432432,0.579945114934,2,0.0121701261701,0.00597269624573,7,0.000900900900901,0.621196581197,37,37,37,1,0,0.72972972973,0.243243243243,0.027027027027,37,0.113363363363,1.32432432432,8.16216216216,15.1,4.57575757576,6.00237690657,0.735390548156,0.359226776445,7.49954953602,1.83763796578,0.786468587793,2.59677554734,0.636295995043,0.354752103096,0.579945114934,0.437917739848,2,1.32432432432,0.579945114934,2,0.0136675020886,0.00346820809249,2,0.0002574002574,0.345907473999,37,37,37,1,0,0.72972972973,0.162162162162,0.108108108108,37,156,0.117117117117,1.32432432432,8.43243243243,15.6,4.33333333333,6.18484051955,0.733458651357,0.359667359667,7.52084191185,1.78378942781,0.7772002772,2.41678315967,0.573211390433,0.320166320166,0.579945114934,0.437917739848,2,1.32432432432,0.579945114934,2,0.0101118738876,0.00649350649351,4,0.000514800514801,0.348447156539,37,37,37,1,0,0.72972972973,0.243243243243,0.027027027027,-60,-0.045045045045,0,-3.24324324324,-6,-1.66666666667,-2.01425853006,0.0312210012749,0.0496072996073,-2.80849471715,0.0144123200656,0.011935011935,-0.670048311039,0.0444485922109,0.0674135674136,0,0,0,0,0,0,-0.00205825228251,0.000520810247773,-3,-0.0003861003861,-0.272749424658,0,0,0,156,0,60,1116,0.722222222222,1,0,0.277777777778,1,0.722222222222,0.838709677419,0.827873269082,0.722222222222,0.722222222222,5,65,0,0,0,0
3126,WLNM_dir_neg,0.977278106509,0.874232724338,00:00:03,10,70,48,1236970072,threshold_sweep,0.3,1,0.0769230769231,0.142857142857,5,0,60,130,0.0769230769231,1,0,0.923076923077,1,0.0769230769231,0.142857142857,0.692307692308,0.65811965812,0.1,0.229415733871,0.0769230769231,216,151,65,0,216,0,151,0,65,37,216,0.162162162162,1.32432432432,11.6756756757,21.6,6,8.1990990496,0.702237650082,0.31006006006,10.329336629,1.76937710775,0.765265265265,3.0868314707,0.528762798222,0.252752752753,0.579945114934,0.437917739848,2,1.32432432432,0.579945114934,2,0.0121701261701,0.00597269624573,7,0.000900900900901,0.621196581197,37,37,37,1,0,0.72972972973,0.243243243243,0.027027027027,37,0.113363363363,1.32432432432,8.16216216216,15.1,4.57575757576,6.00237690657,0.735390548156,0.359226776445,7.49954953602,1.83763796578,0.786468587793,2.59677554734,0.636295995043,0.354752103096,0.579945114934,0.437917739848,2,1.32432432432,0.579945114934,2,0.0136675020886,0.00346820809249,2,0.0002574002574,0.345907473999,37,37,37,1,0,0.72972972973,0.162162162162,0.108108108108,37,156,0.117117117117,1.32432432432,8.43243243243,15.6,4.33333333333,6.18484051955,0.733458651357,0.359667359667,7.52084191185,1.78378942781,0.7772002772,2.41678315967,0.573211390433,0.320166320166,0.579945114934,0.437917739848,2,1.32432432432,0.579945114934,2,0.0101118738876,0.00649350649351,4,0.000514800514801,0.348447156539,37,37,37,1,0,0.72972972973,0.243243243243,0.027027027027,-60,-0.045045045045,0,-3.24324324324,-6,-1.66666666667,-2.01425853006,0.0312210012749,0.0496072996073,-2.80849471715,0.0144123200656,0.011935011935,-0.670048311039,0.0444485922109,0.0674135674136,0,0,0,0,0,0,-0.00205825228251,0.000520810247773,-3,-0.0003861003861,-0.272749424658,0,0,0,156,0,60,1116,0.722222222222,1,0,0.277777777778,1,0.722222222222,0.838709677419,0.827873269082,0.722222222222,0.722222222222,5,65,0,0,0,0
3127,WLNM_dir_neg,0.977278106509,0.874232724338,00:00:03,10,70,48,1236970072,threshold_sweep,0.4,1,0.0769230769231,0.142857142857,5,0,60,130,0.0769230769231,1,0,0.923076923077,1,0.0769230769231,0.142857142857,0.692307692308,0.65811965812,0.1,0.229415733871,0.0769230769231,216,151,65,0,216,0,151,0,65,37,216,0.162162162162,1.32432432432,11.6756756757,21.6,6,8.1990990496,0.702237650082,0.31006006006,10.329336629,1.76937710775,0.765265265265,3.0868314707,0.528762798222,0.252752752753,0.579945114934,0.437917739848,2,1.32432432432,0.579945114934,2,0.0121701261701,0.00597269624573,7,0.000900900900901,0.621196581197,37,37,37,1,0,0.72972972973,0.243243243243,0.027027027027,37,0.113363363363,1.32432432432,8.16216216216,15.1,4.57575757576,6.00237690657,0.735390548156,0.359226776445,7.49954953602,1.83763796578,0.786468587793,2.59677554734,0.636295995043,0.354752103096,0.579945114934,0.437917739848,2,1.32432432432,0.579945114934,2,0.0136675020886,0.00346820809249,2,0.0002574002574,0.345907473999,37,37,37,1,0,0.72972972973,0.162162162162,0.108108108108,37,156,0.117117117117,1.32432432432,8.43243243243,15.6,4.33333333333,6.18484051955,0.733458651357,0.359667359667,7.52084191185,1.78378942781,0.7772002772,2.41678315967,0.573211390433,0.320166320166,0.579945114934,0.437917739848,2,1.32432432432,0.579945114934,2,0.0101118738876,0.00649350649351,4,0.000514800514801,0.348447156539,37,37,37,1,0,0.72972972973,0.243243243243,0.027027027027,-60,-0.045045045045,0,-3.24324324324,-6,-1.66666666667,-2.01425853006,0.0312210012749,0.0496072996073,-2.80849471715,0.0144123200656,0.011935011935,-0.670048311039,0.0444485922109,0.0674135674136,0,0,0,0,0,0,-0.00205825228251,0.000520810247773,-3,-0.0003861003861,-0.272749424658,0,0,0,156,0,60,1116,0.722222222222,1,0,0.277777777778,1,0.722222222222,0.838709677419,0.827873269082,0.722222222222,0.722222222222,5,65,0,0,0,0
3128,WLNM_dir_neg,0.977278106509,0.874232724338,00:00:03,10,70,48,1236970072,threshold_sweep,0.5,1,0.0769230769231,0.142857142857,5,0,60,130,0.0769230769231,1,0,0.923076923077,1,0.0769230769231,0.142857142857,0.692307692308,0.65811965812,0.1,0.229415733871,0.0769230769231,216,151,65,0,216,0,151,0,65,37,216,0.162162162162,1.32432432432,11.6756756757,21.6,6,8.1990990496,0.702237650082,0.31006006006,10.329336629,1.76937710775,0.765265265265,3.0868314707,0.528762798222,0.252752752753,0.579945114934,0.437917739848,2,1.32432432432,0.579945114934,2,0.0121701261701,0.00597269624573,7,0.000900900900901,0.621196581197,37,37,37,1,0,0.72972972973,0.243243243243,0.027027027027,37,0.113363363363,1.32432432432,8.16216216216,15.1,4.57575757576,6.00237690657,0.735390548156,0.359226776445,7.49954953602,1.83763796578,0.786468587793,2.59677554734,0.636295995043,0.354752103096,0.579945114934,0.437917739848,2,1.32432432432,0.579945114934,2,0.0136675020886,0.00346820809249,2,0.0002574002574,0.345907473999,37,37,37,1,0,0.72972972973,0.162162162162,0.108108108108,37,156,0.117117117117,1.32432432432,8.43243243243,15.6,4.33333333333,6.18484051955,0.733458651357,0.359667359667,7.52084191185,1.78378942781,0.7772002772,2.41678315967,0.573211390433,0.320166320166,0.579945114934,0.437917739848,2,1.32432432432,0.579945114934,2,0.0101118738876,0.00649350649351,4,0.000514800514801,0.348447156539,37,37,37,1,0,0.72972972973,0.243243243243,0.027027027027,-60,-0.045045045045,0,-3.24324324324,-6,-1.66666666667,-2.01425853006,0.0312210012749,0.0496072996073,-2.80849471715,0.0144123200656,0.011935011935,-0.670048311039,0.0444485922109,0.0674135674136,0,0,0,0,0,0,-0.00205825228251,0.000520810247773,-3,-0.0003861003861,-0.272749424658,0,0,0,156,0,60,1116,0.722222222222,1,0,0.277777777778,1,0.722222222222,0.838709677419,0.827873269082,0.722222222222,0.722222222222,5,65,0,0,0,0
3129,WLNM_dir_neg,0.977278106509,0.874232724338,00:00:03,10,70,48,1236970072,threshold_sweep,0.6,1,0.0769230769231,0.142857142857,5,0,60,130,0.0769230769231,1,0,0.923076923077,1,0.0769230769231,0.142857142857,0.692307692308,0.65811965812,0.1,0.229415733871,0.0769230769231,216,151,65,0,216,0,151,0,65,37,216,0.162162162162,1.32432432432,11.6756756757,21.6,6,8.1990990496,0.702237650082,0.31006006006,10.329336629,1.76937710775,0.765265265265,3.0868314707,0.528762798222,0.252752752753,0.579945114934,0.437917739848,2,1.32432432432,0.579945114934,2,0.0121701261701,0.00597269624573,7,0.000900900900901,0.621196581197,37,37,37,1,0,0.72972972973,0.243243243243,0.027027027027,37,0.113363363363,1.32432432432,8.16216216216,15.1,4.57575757576,6.00237690657,0.735390548156,0.359226776445,7.49954953602,1.83763796578,0.786468587793,2.59677554734,0.636295995043,0.354752103096,0.579945114934,0.437917739848,2,1.32432432432,0.579945114934,2,0.0136675020886,0.00346820809249,2,0.0002574002574,0.345907473999,37,37,37,1,0,0.72972972973,0.162162162162,0.108108108108,37,156,0.117117117117,1.32432432432,8.43243243243,15.6,4.33333333333,6.18484051955,0.733458651357,0.359667359667,7.52084191185,1.78378942781,0.7772002772,2.41678315967,0.573211390433,0.320166320166,0.579945114934,0.437917739848,2,1.32432432432,0.579945114934,2,0.0101118738876,0.00649350649351,4,0.000514800514801,0.348447156539,37,37,37,1,0,0.72972972973,0.243243243243,0.027027027027,-60,-0.045045045045,0,-3.24324324324,-6,-1.66666666667,-2.01425853006,0.0312210012749,0.0496072996073,-2.80849471715,0.0144123200656,0.011935011935,-0.670048311039,0.0444485922109,0.0674135674136,0,0,0,0,0,0,-0.00205825228251,0.000520810247773,-3,-0.0003861003861,-0.272749424658,0,0,0,156,0,60,1116,0.722222222222,1,0,0.277777777778,1,0.722222222222,0.838709677419,0.827873269082,0.722222222222,0.722222222222,5,65,0,0,0,0
3130,WLNM_dir_neg,0.977278106509,0.874232724338,00:00:03,10,70,48,1236970072,threshold_sweep,0.7,1,0.0307692307692,0.0597014925373,2,0,63,130,0.0307692307692,1,0,0.969230769231,1,0.0307692307692,0.0597014925373,0.676923076923,0.663247863248,0.0406091370558,0.14396315015,0.0307692307692,216,151,65,0,216,0,151,0,65,37,216,0.162162162162,1.32432432432,11.6756756757,21.6,6,8.1990990496,0.702237650082,0.31006006006,10.329336629,1.76937710775,0.765265265265,3.0868314707,0.528762798222,0.252752752753,0.579945114934,0.437917739848,2,1.32432432432,0.579945114934,2,0.0121701261701,0.00597269624573,7,0.000900900900901,0.621196581197,37,37,37,1,0,0.72972972973,0.243243243243,0.027027027027,37,0.113363363363,1.32432432432,8.16216216216,15.1,4.57575757576,6.00237690657,0.735390548156,0.359226776445,7.49954953602,1.83763796578,0.786468587793,2.59677554734,0.636295995043,0.354752103096,0.579945114934,0.437917739848,2,1.32432432432,0.579945114934,2,0.0136675020886,0.00346820809249,2,0.0002574002574,0.345907473999,37,37,37,1,0,0.72972972973,0.162162162162,0.108108108108,37,153,0.114864864865,1.32432432432,8.27027027027,15.3,4.63636363636,6.09940183155,0.737509371789,0.359300476948,7.50615363168,1.81521362335,0.782900547606,2.54036482684,0.614336592112,0.343402225755,0.579945114934,0.437917739848,2,1.32432432432,0.579945114934,2,0.0174588126631,0.00673400673401,4,0.000514800514801,0.352256680348,37,37,37,1,0,0.72972972973,0.162162162162,0.108108108108,-63,-0.0472972972973,0,-3.40540540541,-6.3,-1.36363636364,-2.09969721806,0.0352717217067,0.0492404168875,-2.82318299732,0.0458365156015,0.0176352823412,-0.546466643862,0.0855737938896,0.0906494730024,0,0,0,0,0,0,0.005288686493,0.000761310488273,-3,-0.0003861003861,-0.268939900848,0,-0.0810810810811,0.0810810810811,153,0,63,1116,0.708333333333,1,0,0.291666666667,1,0.708333333333,0.829268292683,0.818830544472,0.708333333333,0.708333333333,2,65,0,0,0,0
3131,WLNM_dir_neg,0.977278106509,0.874232724338,00:00:03,10,70,48,1236970072,threshold_sweep,0.8,1,0.0307692307692,0.0597014925373,2,0,63,130,0.0307692307692,1,0,0.969230769231,1,0.0307692307692,0.0597014925373,0.676923076923,0.663247863248,0.0406091370558,0.14396315015,0.0307692307692,216,151,65,0,216,0,151,0,65,37,216,0.162162162162,1.32432432432,11.6756756757,21.6,6,8.1990990496,0.702237650082,0.31006006006,10.329336629,1.76937710775,0.765265265265,3.0868314707,0.528762798222,0.252752752753,0.579945114934,0.437917739848,2,1.32432432432,0.579945114934,2,0.0121701261701,0.00597269624573,7,0.000900900900901,0.621196581197,37,37,37,1,0,0.72972972973,0.243243243243,0.027027027027,37,0.113363363363,1.32432432432,8.16216216216,15.1,4.57575757576,6.00237690657,0.735390548156,0.359226776445,7.49954953602,1.83763796578,0.786468587793,2.59677554734,0.636295995043,0.354752103096,0.579945114934,0.437917739848,2,1.32432432432,0.579945114934,2,0.0136675020886,0.00346820809249,2,0.0002574002574,0.345907473999,37,37,37,1,0,0.72972972973,0.162162162162,0.108108108108,37,153,0.114864864865,1.32432432432,8.27027027027,15.3,4.63636363636,6.09940183155,0.737509371789,0.359300476948,7.50615363168,1.81521362335,0.782900547606,2.54036482684,0.614336592112,0.343402225755,0.579945114934,0.437917739848,2,1.32432432432,0.579945114934,2,0.0174588126631,0.00673400673401,4,0.000514800514801,0.352256680348,37,37,37,1,0,0.72972972973,0.162162162162,0.108108108108,-63,-0.0472972972973,0,-3.40540540541,-6.3,-1.36363636364,-2.09969721806,0.0352717217067,0.0492404168875,-2.82318299732,0.0458365156015,0.0176352823412,-0.546466643862,0.0855737938896,0.0906494730024,0,0,0,0,0,0,0.005288686493,0.000761310488273,-3,-0.0003861003861,-0.268939900848,0,-0.0810810810811,0.0810810810811,153,0,63,1116,0.708333333333,1,0,0.291666666667,1,0.708333333333,0.829268292683,0.818830544472,0.708333333333,0.708333333333,2,65,0,0,0,0
3132,WLNM_dir_neg,0.977278106509,0.874232724338,00:00:03,10,70,48,1236970072,threshold_sweep,0.9,1,0.0307692307692,0.0597014925373,2,0,63,130,0.0307692307692,1,0,0.969230769231,1,0.0307692307692,0.0597014925373,0.676923076923,0.663247863248,0.0406091370558,0.14396315015,0.0307692307692,216,151,65,0,216,0,151,0,65,37,216,0.162162162162,1.32432432432,11.6756756757,21.6,6,8.1990990496,0.702237650082,0.31006006006,10.329336629,1.76937710775,0.765265265265,3.0868314707,0.528762798222,0.252752752753,0.579945114934,0.437917739848,2,1.32432432432,0.579945114934,2,0.0121701261701,0.00597269624573,7,0.000900900900901,0.621196581197,37,37,37,1,0,0.72972972973,0.243243243243,0.027027027027,37,0.113363363363,1.32432432432,8.16216216216,15.1,4.57575757576,6.00237690657,0.735390548156,0.359226776445,7.49954953602,1.83763796578,0.786468587793,2.59677554734,0.636295995043,0.354752103096,0.579945114934,0.437917739848,2,1.32432432432,0.579945114934,2,0.0136675020886,0.00346820809249,2,0.0002574002574,0.345907473999,37,37,37,1,0,0.72972972973,0.162162162162,0.108108108108,37,153,0.114864864865,1.32432432432,8.27027027027,15.3,4.63636363636,6.09940183155,0.737509371789,0.359300476948,7.50615363168,1.81521362335,0.782900547606,2.54036482684,0.614336592112,0.343402225755,0.579945114934,0.437917739848,2,1.32432432432,0.579945114934,2,0.0174588126631,0.00673400673401,4,0.000514800514801,0.352256680348,37,37,37,1,0,0.72972972973,0.162162162162,0.108108108108,-63,-0.0472972972973,0,-3.40540540541,-6.3,-1.36363636364,-2.09969721806,0.0352717217067,0.0492404168875,-2.82318299732,0.0458365156015,0.0176352823412,-0.546466643862,0.0855737938896,0.0906494730024,0,0,0,0,0,0,0.005288686493,0.000761310488273,-3,-0.0003861003861,-0.268939900848,0,-0.0810810810811,0.0810810810811,153,0,63,1116,0.708333333333,1,0,0.291666666667,1,0.708333333333,0.829268292683,0.818830544472,0.708333333333,0.708333333333,2,65,0,0,0,0
3133,WLNM_dir_neg,0.982840236686,0.872212931996,00:00:02,10,70,49,1236970073,threshold_sweep,0.1,1,0.107692307692,0.194444444444,7,0,58,130,0.107692307692,1,0,0.892307692308,1,0.107692307692,0.194444444444,0.702564102564,0.654700854701,0.138613861386,0.272888411455,0.107692307692,216,151,65,0,216,0,151,0,65,37,216,0.162162162162,1.32432432432,11.6756756757,21.6,6,8.1990990496,0.702237650082,0.31006006006,10.329336629,1.76937710775,0.765265265265,3.0868314707,0.528762798222,0.252752752753,0.579945114934,0.437917739848,2,1.32432432432,0.579945114934,2,0.0121701261701,0.00597269624573,7,0.000900900900901,0.621196581197,37,37,37,1,0,0.72972972973,0.243243243243,0.027027027027,37,0.113363363363,1.32432432432,8.16216216216,15.1,4.57575757576,5.77597280654,0.70765229749,0.338106318239,7.36122868057,1.80374477603,0.777519241095,2.39650646635,0.587223438774,0.315732951495,0.579945114934,0.437917739848,2,1.32432432432,0.579945114934,2,0.0189312567132,0.00535077288942,3,0.0003861003861,0.327393292698,37,37,37,1,0,0.72972972973,0.162162162162,0.108108108108,37,158,0.118618618619,1.32432432432,8.54054054054,15.8,4.38888888889,6.09004011387,0.713074317131,0.345022237427,7.42237102223,1.73815017609,0.765651727677,2.1297971819,0.498749972977,0.269586041738,0.579945114934,0.437917739848,2,1.32432432432,0.579945114934,2,0.0127451203767,0.0112963959118,7,0.000900900900901,0.333425038729,37,37,37,1,0,0.72972972973,0.243243243243,0.027027027027,-58,-0.0435435435435,0,-3.13513513514,-5.8,-1.61111111111,-2.10905893573,0.0108366670489,0.0349621773672,-2.90696560677,-0.0312269316542,0.000386462411779,-0.957034288802,-0.0300128252455,0.0168332889852,0,0,0,0,0,0,0.000574994206573,0.00532369966605,0,0,-0.287771542467,0,0,0,158,0,58,1116,0.731481481481,1,0,0.268518518519,1,0.731481481481,0.844919786096,0.833872625044,0.731481481481,0.731481481481,7,65,0,0,0,0
3134,WLNM_dir_neg,0.982840236686,0.872212931996,00:00:02,10,70,49,1236970073,threshold_sweep,0.2,1,0.107692307692,0.194444444444,7,0,58,130,0.107692307692,1,0,0.892307692308,1,0.107692307692,0.194444444444,0.702564102564,0.654700854701,0.138613861386,0.272888411455,0.107692307692,216,151,65,0,216,0,151,0,65,37,216,0.162162162162,1.32432432432,11.6756756757,21.6,6,8.1990990496,0.702237650082,0.31006006006,10.329336629,1.76937710775,0.765265265265,3.0868314707,0.528762798222,0.252752752753,0.579945114934,0.437917739848,2,1.32432432432,0.579945114934,2,0.0121701261701,0.00597269624573,7,0.000900900900901,0.621196581197,37,37,37,1,0,0.72972972973,0.243243243243,0.027027027027,37,0.113363363363,1.32432432432,8.16216216216,15.1,4.57575757576,5.77597280654,0.70765229749,0.338106318239,7.36122868057,1.80374477603,0.777519241095,2.39650646635,0.587223438774,0.315732951495,0.579945114934,0.437917739848,2,1.32432432432,0.579945114934,2,0.0189312567132,0.00535077288942,3,0.0003861003861,0.327393292698,37,37,37,1,0,0.72972972973,0.162162162162,0.108108108108,37,158,0.118618618619,1.32432432432,8.54054054054,15.8,4.38888888889,6.09004011387,0.713074317131,0.345022237427,7.42237102223,1.73815017609,0.765651727677,2.1297971819,0.498749972977,0.269586041738,0.579945114934,0.437917739848,2,1.32432432432,0.579945114934,2,0.0127451203767,0.0112963959118,7,0.000900900900901,0.333425038729,37,37,37,1,0,0.72972972973,0.243243243243,0.027027027027,-58,-0.0435435435435,0,-3.13513513514,-5.8,-1.61111111111,-2.10905893573,0.0108366670489,0.0349621773672,-2.90696560677,-0.0312269316542,0.000386462411779,-0.957034288802,-0.0300128252455,0.0168332889852,0,0,0,0,0,0,0.000574994206573,0.00532369966605,0,0,-0.287771542467,0,0,0,158,0,58,1116,0.731481481481,1,0,0.268518518519,1,0.731481481481,0.844919786096,0.833872625044,0.731481481481,0.731481481481,7,65,0,0,0,0
3135,WLNM_dir_neg,0.982840236686,0.872212931996,00:00:02,10,70,49,1236970073,threshold_sweep,0.3,1,0.107692307692,0.194444444444,7,0,58,130,0.107692307692,1,0,0.892307692308,1,0.107692307692,0.194444444444,0.702564102564,0.654700854701,0.138613861386,0.272888411455,0.107692307692,216,151,65,0,216,0,151,0,65,37,216,0.162162162162,1.32432432432,11.6756756757,21.6,6,8.1990990496,0.702237650082,0.31006006006,10.329336629,1.76937710775,0.765265265265,3.0868314707,0.528762798222,0.252752752753,0.579945114934,0.437917739848,2,1.32432432432,0.579945114934,2,0.0121701261701,0.00597269624573,7,0.000900900900901,0.621196581197,37,37,37,1,0,0.72972972973,0.243243243243,0.027027027027,37,0.113363363363,1.32432432432,8.16216216216,15.1,4.57575757576,5.77597280654,0.70765229749,0.338106318239,7.36122868057,1.80374477603,0.777519241095,2.39650646635,0.587223438774,0.315732951495,0.579945114934,0.437917739848,2,1.32432432432,0.579945114934,2,0.0189312567132,0.00535077288942,3,0.0003861003861,0.327393292698,37,37,37,1,0,0.72972972973,0.162162162162,0.108108108108,37,158,0.118618618619,1.32432432432,8.54054054054,15.8,4.38888888889,6.09004011387,0.713074317131,0.345022237427,7.42237102223,1.73815017609,0.765651727677,2.1297971819,0.498749972977,0.269586041738,0.579945114934,0.437917739848,2,1.32432432432,0.579945114934,2,0.0127451203767,0.0112963959118,7,0.000900900900901,0.333425038729,37,37,37,1,0,0.72972972973,0.243243243243,0.027027027027,-58,-0.0435435435435,0,-3.13513513514,-5.8,-1.61111111111,-2.10905893573,0.0108366670489,0.0349621773672,-2.90696560677,-0.0312269316542,0.000386462411779,-0.957034288802,-0.0300128252455,0.0168332889852,0,0,0,0,0,0,0.000574994206573,0.00532369966605,0,0,-0.287771542467,0,0,0,158,0,58,1116,0.731481481481,1,0,0.268518518519,1,0.731481481481,0.844919786096,0.833872625044,0.731481481481,0.731481481481,7,65,0,0,0,0
3136,WLNM_dir_neg,0.982840236686,0.872212931996,00:00:02,10,70,49,1236970073,threshold_sweep,0.4,1,0.107692307692,0.194444444444,7,0,58,130,0.107692307692,1,0,0.892307692308,1,0.107692307692,0.194444444444,0.702564102564,0.654700854701,0.138613861386,0.272888411455,0.107692307692,216,151,65,0,216,0,151,0,65,37,216,0.162162162162,1.32432432432,11.6756756757,21.6,6,8.1990990496,0.702237650082,0.31006006006,10.329336629,1.76937710775,0.765265265265,3.0868314707,0.528762798222,0.252752752753,0.579945114934,0.437917739848,2,1.32432432432,0.579945114934,2,0.0121701261701,0.00597269624573,7,0.000900900900901,0.621196581197,37,37,37,1,0,0.72972972973,0.243243243243,0.027027027027,37,0.113363363363,1.32432432432,8.16216216216,15.1,4.57575757576,5.77597280654,0.70765229749,0.338106318239,7.36122868057,1.80374477603,0.777519241095,2.39650646635,0.587223438774,0.315732951495,0.579945114934,0.437917739848,2,1.32432432432,0.579945114934,2,0.0189312567132,0.00535077288942,3,0.0003861003861,0.327393292698,37,37,37,1,0,0.72972972973,0.162162162162,0.108108108108,37,158,0.118618618619,1.32432432432,8.54054054054,15.8,4.38888888889,6.09004011387,0.713074317131,0.345022237427,7.42237102223,1.73815017609,0.765651727677,2.1297971819,0.498749972977,0.269586041738,0.579945114934,0.437917739848,2,1.32432432432,0.579945114934,2,0.0127451203767,0.0112963959118,7,0.000900900900901,0.333425038729,37,37,37,1,0,0.72972972973,0.243243243243,0.027027027027,-58,-0.0435435435435,0,-3.13513513514,-5.8,-1.61111111111,-2.10905893573,0.0108366670489,0.0349621773672,-2.90696560677,-0.0312269316542,0.000386462411779,-0.957034288802,-0.0300128252455,0.0168332889852,0,0,0,0,0,0,0.000574994206573,0.00532369966605,0,0,-0.287771542467,0,0,0,158,0,58,1116,0.731481481481,1,0,0.268518518519,1,0.731481481481,0.844919786096,0.833872625044,0.731481481481,0.731481481481,7,65,0,0,0,0
3137,WLNM_dir_neg,0.982840236686,0.872212931996,00:00:02,10,70,49,1236970073,threshold_sweep,0.5,1,0.107692307692,0.194444444444,7,0,58,130,0.107692307692,1,0,0.892307692308,1,0.107692307692,0.194444444444,0.702564102564,0.654700854701,0.138613861386,0.272888411455,0.107692307692,216,151,65,0,216,0,151,0,65,37,216,0.162162162162,1.32432432432,11.6756756757,21.6,6,8.1990990496,0.702237650082,0.31006006006,10.329336629,1.76937710775,0.765265265265,3.0868314707,0.528762798222,0.252752752753,0.579945114934,0.437917739848,2,1.32432432432,0.579945114934,2,0.0121701261701,0.00597269624573,7,0.000900900900901,0.621196581197,37,37,37,1,0,0.72972972973,0.243243243243,0.027027027027,37,0.113363363363,1.32432432432,8.16216216216,15.1,4.57575757576,5.77597280654,0.70765229749,0.338106318239,7.36122868057,1.80374477603,0.777519241095,2.39650646635,0.587223438774,0.315732951495,0.579945114934,0.437917739848,2,1.32432432432,0.579945114934,2,0.0189312567132,0.00535077288942,3,0.0003861003861,0.327393292698,37,37,37,1,0,0.72972972973,0.162162162162,0.108108108108,37,158,0.118618618619,1.32432432432,8.54054054054,15.8,4.38888888889,6.09004011387,0.713074317131,0.345022237427,7.42237102223,1.73815017609,0.765651727677,2.1297971819,0.498749972977,0.269586041738,0.579945114934,0.437917739848,2,1.32432432432,0.579945114934,2,0.0127451203767,0.0112963959118,7,0.000900900900901,0.333425038729,37,37,37,1,0,0.72972972973,0.243243243243,0.027027027027,-58,-0.0435435435435,0,-3.13513513514,-5.8,-1.61111111111,-2.10905893573,0.0108366670489,0.0349621773672,-2.90696560677,-0.0312269316542,0.000386462411779,-0.957034288802,-0.0300128252455,0.0168332889852,0,0,0,0,0,0,0.000574994206573,0.00532369966605,0,0,-0.287771542467,0,0,0,158,0,58,1116,0.731481481481,1,0,0.268518518519,1,0.731481481481,0.844919786096,0.833872625044,0.731481481481,0.731481481481,7,65,0,0,0,0
3138,WLNM_dir_neg,0.982840236686,0.872212931996,00:00:02,10,70,49,1236970073,threshold_sweep,0.6,1,0.107692307692,0.194444444444,7,0,58,130,0.107692307692,1,0,0.892307692308,1,0.107692307692,0.194444444444,0.702564102564,0.654700854701,0.138613861386,0.272888411455,0.107692307692,216,151,65,0,216,0,151,0,65,37,216,0.162162162162,1.32432432432,11.6756756757,21.6,6,8.1990990496,0.702237650082,0.31006006006,10.329336629,1.76937710775,0.765265265265,3.0868314707,0.528762798222,0.252752752753,0.579945114934,0.437917739848,2,1.32432432432,0.579945114934,2,0.0121701261701,0.00597269624573,7,0.000900900900901,0.621196581197,37,37,37,1,0,0.72972972973,0.243243243243,0.027027027027,37,0.113363363363,1.32432432432,8.16216216216,15.1,4.57575757576,5.77597280654,0.70765229749,0.338106318239,7.36122868057,1.80374477603,0.777519241095,2.39650646635,0.587223438774,0.315732951495,0.579945114934,0.437917739848,2,1.32432432432,0.579945114934,2,0.0189312567132,0.00535077288942,3,0.0003861003861,0.327393292698,37,37,37,1,0,0.72972972973,0.162162162162,0.108108108108,37,158,0.118618618619,1.32432432432,8.54054054054,15.8,4.38888888889,6.09004011387,0.713074317131,0.345022237427,7.42237102223,1.73815017609,0.765651727677,2.1297971819,0.498749972977,0.269586041738,0.579945114934,0.437917739848,2,1.32432432432,0.579945114934,2,0.0127451203767,0.0112963959118,7,0.000900900900901,0.333425038729,37,37,37,1,0,0.72972972973,0.243243243243,0.027027027027,-58,-0.0435435435435,0,-3.13513513514,-5.8,-1.61111111111,-2.10905893573,0.0108366670489,0.0349621773672,-2.90696560677,-0.0312269316542,0.000386462411779,-0.957034288802,-0.0300128252455,0.0168332889852,0,0,0,0,0,0,0.000574994206573,0.00532369966605,0,0,-0.287771542467,0,0,0,158,0,58,1116,0.731481481481,1,0,0.268518518519,1,0.731481481481,0.844919786096,0.833872625044,0.731481481481,0.731481481481,7,65,0,0,0,0
3139,WLNM_dir_neg,0.982840236686,0.872212931996,00:00:02,10,70,49,1236970073,threshold_sweep,0.7,1,0.107692307692,0.194444444444,7,0,58,130,0.107692307692,1,0,0.892307692308,1,0.107692307692,0.194444444444,0.702564102564,0.654700854701,0.138613861386,0.272888411455,0.107692307692,216,151,65,0,216,0,151,0,65,37,216,0.162162162162,1.32432432432,11.6756756757,21.6,6,8.1990990496,0.702237650082,0.31006006006,10.329336629,1.76937710775,0.765265265265,3.0868314707,0.528762798222,0.252752752753,0.579945114934,0.437917739848,2,1.32432432432,0.579945114934,2,0.0121701261701,0.00597269624573,7,0.000900900900901,0.621196581197,37,37,37,1,0,0.72972972973,0.243243243243,0.027027027027,37,0.113363363363,1.32432432432,8.16216216216,15.1,4.57575757576,5.77597280654,0.70765229749,0.338106318239,7.36122868057,1.80374477603,0.777519241095,2.39650646635,0.587223438774,0.315732951495,0.579945114934,0.437917739848,2,1.32432432432,0.579945114934,2,0.0189312567132,0.00535077288942,3,0.0003861003861,0.327393292698,37,37,37,1,0,0.72972972973,0.162162162162,0.108108108108,37,158,0.118618618619,1.32432432432,8.54054054054,15.8,4.38888888889,6.09004011387,0.713074317131,0.345022237427,7.42237102223,1.73815017609,0.765651727677,2.1297971819,0.498749972977,0.269586041738,0.579945114934,0.437917739848,2,1.32432432432,0.579945114934,2,0.0127451203767,0.0112963959118,7,0.000900900900901,0.333425038729,37,37,37,1,0,0.72972972973,0.243243243243,0.027027027027,-58,-0.0435435435435,0,-3.13513513514,-5.8,-1.61111111111,-2.10905893573,0.0108366670489,0.0349621773672,-2.90696560677,-0.0312269316542,0.000386462411779,-0.957034288802,-0.0300128252455,0.0168332889852,0,0,0,0,0,0,0.000574994206573,0.00532369966605,0,0,-0.287771542467,0,0,0,158,0,58,1116,0.731481481481,1,0,0.268518518519,1,0.731481481481,0.844919786096,0.833872625044,0.731481481481,0.731481481481,7,65,0,0,0,0
3140,WLNM_dir_neg,0.982840236686,0.872212931996,00:00:02,10,70,49,1236970073,threshold_sweep,0.8,1,0.107692307692,0.194444444444,7,0,58,130,0.107692307692,1,0,0.892307692308,1,0.107692307692,0.194444444444,0.702564102564,0.654700854701,0.138613861386,0.272888411455,0.107692307692,216,151,65,0,216,0,151,0,65,37,216,0.162162162162,1.32432432432,11.6756756757,21.6,6,8.1990990496,0.702237650082,0.31006006006,10.329336629,1.76937710775,0.765265265265,3.0868314707,0.528762798222,0.252752752753,0.579945114934,0.437917739848,2,1.32432432432,0.579945114934,2,0.0121701261701,0.00597269624573,7,0.000900900900901,0.621196581197,37,37,37,1,0,0.72972972973,0.243243243243,0.027027027027,37,0.113363363363,1.32432432432,8.16216216216,15.1,4.57575757576,5.77597280654,0.70765229749,0.338106318239,7.36122868057,1.80374477603,0.777519241095,2.39650646635,0.587223438774,0.315732951495,0.579945114934,0.437917739848,2,1.32432432432,0.579945114934,2,0.0189312567132,0.00535077288942,3,0.0003861003861,0.327393292698,37,37,37,1,0,0.72972972973,0.162162162162,0.108108108108,37,158,0.118618618619,1.32432432432,8.54054054054,15.8,4.38888888889,6.09004011387,0.713074317131,0.345022237427,7.42237102223,1.73815017609,0.765651727677,2.1297971819,0.498749972977,0.269586041738,0.579945114934,0.437917739848,2,1.32432432432,0.579945114934,2,0.0127451203767,0.0112963959118,7,0.000900900900901,0.333425038729,37,37,37,1,0,0.72972972973,0.243243243243,0.027027027027,-58,-0.0435435435435,0,-3.13513513514,-5.8,-1.61111111111,-2.10905893573,0.0108366670489,0.0349621773672,-2.90696560677,-0.0312269316542,0.000386462411779,-0.957034288802,-0.0300128252455,0.0168332889852,0,0,0,0,0,0,0.000574994206573,0.00532369966605,0,0,-0.287771542467,0,0,0,158,0,58,1116,0.731481481481,1,0,0.268518518519,1,0.731481481481,0.844919786096,0.833872625044,0.731481481481,0.731481481481,7,65,0,0,0,0
3141,WLNM_dir_neg,0.982840236686,0.872212931996,00:00:02,10,70,49,1236970073,threshold_sweep,0.9,1,0.107692307692,0.194444444444,7,0,58,130,0.107692307692,1,0,0.892307692308,1,0.107692307692,0.194444444444,0.702564102564,0.654700854701,0.138613861386,0.272888411455,0.107692307692,216,151,65,0,216,0,151,0,65,37,216,0.162162162162,1.32432432432,11.6756756757,21.6,6,8.1990990496,0.702237650082,0.31006006006,10.329336629,1.76937710775,0.765265265265,3.0868314707,0.528762798222,0.252752752753,0.579945114934,0.437917739848,2,1.32432432432,0.579945114934,2,0.0121701261701,0.00597269624573,7,0.000900900900901,0.621196581197,37,37,37,1,0,0.72972972973,0.243243243243,0.027027027027,37,0.113363363363,1.32432432432,8.16216216216,15.1,4.57575757576,5.77597280654,0.70765229749,0.338106318239,7.36122868057,1.80374477603,0.777519241095,2.39650646635,0.587223438774,0.315732951495,0.579945114934,0.437917739848,2,1.32432432432,0.579945114934,2,0.0189312567132,0.00535077288942,3,0.0003861003861,0.327393292698,37,37,37,1,0,0.72972972973,0.162162162162,0.108108108108,37,158,0.118618618619,1.32432432432,8.54054054054,15.8,4.38888888889,6.09004011387,0.713074317131,0.345022237427,7.42237102223,1.73815017609,0.765651727677,2.1297971819,0.498749972977,0.269586041738,0.579945114934,0.437917739848,2,1.32432432432,0.579945114934,2,0.0127451203767,0.0112963959118,7,0.000900900900901,0.333425038729,37,37,37,1,0,0.72972972973,0.243243243243,0.027027027027,-58,-0.0435435435435,0,-3.13513513514,-5.8,-1.61111111111,-2.10905893573,0.0108366670489,0.0349621773672,-2.90696560677,-0.0312269316542,0.000386462411779,-0.957034288802,-0.0300128252455,0.0168332889852,0,0,0,0,0,0,0.000574994206573,0.00532369966605,0,0,-0.287771542467,0,0,0,158,0,58,1116,0.731481481481,1,0,0.268518518519,1,0.731481481481,0.844919786096,0.833872625044,0.731481481481,0.731481481481,7,65,0,0,0,0
3142,WLNM_dir_neg,0.986035502959,0.899757595346,00:00:02,10,70,50,1236970074,threshold_sweep,0.1,1,0.0461538461538,0.0882352941176,3,0,62,130,0.0461538461538,1,0,0.953846153846,1,0.0461538461538,0.0882352941176,0.682051282051,0.661538461538,0.0606060606061,0.176776695297,0.0461538461538,216,151,65,0,216,0,151,0,65,37,216,0.162162162162,1.32432432432,11.6756756757,21.6,6,8.1990990496,0.702237650082,0.31006006006,10.329336629,1.76937710775,0.765265265265,3.0868314707,0.528762798222,0.252752752753,0.579945114934,0.437917739848,2,1.32432432432,0.579945114934,2,0.0121701261701,0.00597269624573,7,0.000900900900901,0.621196581197,37,37,37,1,0,0.72972972973,0.243243243243,0.027027027027,37,0.113363363363,1.32818532819,8.16216216216,15.1,4.31428571429,5.97454560575,0.731980753022,0.356899946304,7.34233681534,1.79911564349,0.778951136567,2.4310306271,0.595683001343,0.327904063003,0.591765934822,0.445544700927,2.14285714286,1.3373015873,0.597519437724,2.14285714286,0.00871538907498,0.00348027842227,2,0.0002574002574,0.331532896067,37,36,36,0.972972972973,0,0.702702702703,0.243243243243,0.027027027027,37,154,0.115615615616,1.32432432432,8.32432432432,15.4,4.27777777778,6.04636738534,0.726349328759,0.357142857143,7.39186306959,1.77596710114,0.774306774307,2.32753462217,0.559212863769,0.30888030888,0.579945114934,0.437917739848,2,1.32432432432,0.579945114934,2,0.0145586960948,0.006718924972,4,0.000514800514801,0.335483513351,37,37,37,1,0,0.72972972973,0.243243243243,0.027027027027,-62,-0.0465465465465,0,-3.35135135135,-6.2,-1.72222222222,-2.15273166426,0.0241116786771,0.0470827970828,-2.9374735594,0.00658999339109,0.00904150904151,-0.75929684853,0.0304500655466,0.0561275561276,0,0,0,0,0,0,0.00238856992464,0.000746228726271,-3,-0.0003861003861,-0.285713067846,0,0,0,154,0,62,1116,0.712962962963,1,0,0.287037037037,1,0.712962962963,0.832432432432,0.821850714237,0.712962962963,0.712962962963,3,65,0,0,0,0
3143,WLNM_dir_neg,0.986035502959,0.899757595346,00:00:02,10,70,50,1236970074,threshold_sweep,0.2,1,0.0461538461538,0.0882352941176,3,0,62,130,0.0461538461538,1,0,0.953846153846,1,0.0461538461538,0.0882352941176,0.682051282051,0.661538461538,0.0606060606061,0.176776695297,0.0461538461538,216,151,65,0,216,0,151,0,65,37,216,0.162162162162,1.32432432432,11.6756756757,21.6,6,8.1990990496,0.702237650082,0.31006006006,10.329336629,1.76937710775,0.765265265265,3.0868314707,0.528762798222,0.252752752753,0.579945114934,0.437917739848,2,1.32432432432,0.579945114934,2,0.0121701261701,0.00597269624573,7,0.000900900900901,0.621196581197,37,37,37,1,0,0.72972972973,0.243243243243,0.027027027027,37,0.113363363363,1.32818532819,8.16216216216,15.1,4.31428571429,5.97454560575,0.731980753022,0.356899946304,7.34233681534,1.79911564349,0.778951136567,2.4310306271,0.595683001343,0.327904063003,0.591765934822,0.445544700927,2.14285714286,1.3373015873,0.597519437724,2.14285714286,0.00871538907498,0.00348027842227,2,0.0002574002574,0.331532896067,37,36,36,0.972972972973,0,0.702702702703,0.243243243243,0.027027027027,37,154,0.115615615616,1.32432432432,8.32432432432,15.4,4.27777777778,6.04636738534,0.726349328759,0.357142857143,7.39186306959,1.77596710114,0.774306774307,2.32753462217,0.559212863769,0.30888030888,0.579945114934,0.437917739848,2,1.32432432432,0.579945114934,2,0.0145586960948,0.006718924972,4,0.000514800514801,0.335483513351,37,37,37,1,0,0.72972972973,0.243243243243,0.027027027027,-62,-0.0465465465465,0,-3.35135135135,-6.2,-1.72222222222,-2.15273166426,0.0241116786771,0.0470827970828,-2.9374735594,0.00658999339109,0.00904150904151,-0.75929684853,0.0304500655466,0.0561275561276,0,0,0,0,0,0,0.00238856992464,0.000746228726271,-3,-0.0003861003861,-0.285713067846,0,0,0,154,0,62,1116,0.712962962963,1,0,0.287037037037,1,0.712962962963,0.832432432432,0.821850714237,0.712962962963,0.712962962963,3,65,0,0,0,0
3144,WLNM_dir_neg,0.986035502959,0.899757595346,00:00:02,10,70,50,1236970074,threshold_sweep,0.3,1,0.0461538461538,0.0882352941176,3,0,62,130,0.0461538461538,1,0,0.953846153846,1,0.0461538461538,0.0882352941176,0.682051282051,0.661538461538,0.0606060606061,0.176776695297,0.0461538461538,216,151,65,0,216,0,151,0,65,37,216,0.162162162162,1.32432432432,11.6756756757,21.6,6,8.1990990496,0.702237650082,0.31006006006,10.329336629,1.76937710775,0.765265265265,3.0868314707,0.528762798222,0.252752752753,0.579945114934,0.437917739848,2,1.32432432432,0.579945114934,2,0.0121701261701,0.00597269624573,7,0.000900900900901,0.621196581197,37,37,37,1,0,0.72972972973,0.243243243243,0.027027027027,37,0.113363363363,1.32818532819,8.16216216216,15.1,4.31428571429,5.97454560575,0.731980753022,0.356899946304,7.34233681534,1.79911564349,0.778951136567,2.4310306271,0.595683001343,0.327904063003,0.591765934822,0.445544700927,2.14285714286,1.3373015873,0.597519437724,2.14285714286,0.00871538907498,0.00348027842227,2,0.0002574002574,0.331532896067,37,36,36,0.972972972973,0,0.702702702703,0.243243243243,0.027027027027,37,154,0.115615615616,1.32432432432,8.32432432432,15.4,4.27777777778,6.04636738534,0.726349328759,0.357142857143,7.39186306959,1.77596710114,0.774306774307,2.32753462217,0.559212863769,0.30888030888,0.579945114934,0.437917739848,2,1.32432432432,0.579945114934,2,0.0145586960948,0.006718924972,4,0.000514800514801,0.335483513351,37,37,37,1,0,0.72972972973,0.243243243243,0.027027027027,-62,-0.0465465465465,0,-3.35135135135,-6.2,-1.72222222222,-2.15273166426,0.0241116786771,0.0470827970828,-2.9374735594,0.00658999339109,0.00904150904151,-0.75929684853,0.0304500655466,0.0561275561276,0,0,0,0,0,0,0.00238856992464,0.000746228726271,-3,-0.0003861003861,-0.285713067846,0,0,0,154,0,62,1116,0.712962962963,1,0,0.287037037037,1,0.712962962963,0.832432432432,0.821850714237,0.712962962963,0.712962962963,3,65,0,0,0,0
3145,WLNM_dir_neg,0.986035502959,0.899757595346,00:00:02,10,70,50,1236970074,threshold_sweep,0.4,1,0.0461538461538,0.0882352941176,3,0,62,130,0.0461538461538,1,0,0.953846153846,1,0.0461538461538,0.0882352941176,0.682051282051,0.661538461538,0.0606060606061,0.176776695297,0.0461538461538,216,151,65,0,216,0,151,0,65,37,216,0.162162162162,1.32432432432,11.6756756757,21.6,6,8.1990990496,0.702237650082,0.31006006006,10.329336629,1.76937710775,0.765265265265,3.0868314707,0.528762798222,0.252752752753,0.579945114934,0.437917739848,2,1.32432432432,0.579945114934,2,0.0121701261701,0.00597269624573,7,0.000900900900901,0.621196581197,37,37,37,1,0,0.72972972973,0.243243243243,0.027027027027,37,0.113363363363,1.32818532819,8.16216216216,15.1,4.31428571429,5.97454560575,0.731980753022,0.356899946304,7.34233681534,1.79911564349,0.778951136567,2.4310306271,0.595683001343,0.327904063003,0.591765934822,0.445544700927,2.14285714286,1.3373015873,0.597519437724,2.14285714286,0.00871538907498,0.00348027842227,2,0.0002574002574,0.331532896067,37,36,36,0.972972972973,0,0.702702702703,0.243243243243,0.027027027027,37,154,0.115615615616,1.32432432432,8.32432432432,15.4,4.27777777778,6.04636738534,0.726349328759,0.357142857143,7.39186306959,1.77596710114,0.774306774307,2.32753462217,0.559212863769,0.30888030888,0.579945114934,0.437917739848,2,1.32432432432,0.579945114934,2,0.0145586960948,0.006718924972,4,0.000514800514801,0.335483513351,37,37,37,1,0,0.72972972973,0.243243243243,0.027027027027,-62,-0.0465465465465,0,-3.35135135135,-6.2,-1.72222222222,-2.15273166426,0.0241116786771,0.0470827970828,-2.9374735594,0.00658999339109,0.00904150904151,-0.75929684853,0.0304500655466,0.0561275561276,0,0,0,0,0,0,0.00238856992464,0.000746228726271,-3,-0.0003861003861,-0.285713067846,0,0,0,154,0,62,1116,0.712962962963,1,0,0.287037037037,1,0.712962962963,0.832432432432,0.821850714237,0.712962962963,0.712962962963,3,65,0,0,0,0
3146,WLNM_dir_neg,0.986035502959,0.899757595346,00:00:02,10,70,50,1236970074,threshold_sweep,0.5,1,0.0461538461538,0.0882352941176,3,0,62,130,0.0461538461538,1,0,0.953846153846,1,0.0461538461538,0.0882352941176,0.682051282051,0.661538461538,0.0606060606061,0.176776695297,0.0461538461538,216,151,65,0,216,0,151,0,65,37,216,0.162162162162,1.32432432432,11.6756756757,21.6,6,8.1990990496,0.702237650082,0.31006006006,10.329336629,1.76937710775,0.765265265265,3.0868314707,0.528762798222,0.252752752753,0.579945114934,0.437917739848,2,1.32432432432,0.579945114934,2,0.0121701261701,0.00597269624573,7,0.000900900900901,0.621196581197,37,37,37,1,0,0.72972972973,0.243243243243,0.027027027027,37,0.113363363363,1.32818532819,8.16216216216,15.1,4.31428571429,5.97454560575,0.731980753022,0.356899946304,7.34233681534,1.79911564349,0.778951136567,2.4310306271,0.595683001343,0.327904063003,0.591765934822,0.445544700927,2.14285714286,1.3373015873,0.597519437724,2.14285714286,0.00871538907498,0.00348027842227,2,0.0002574002574,0.331532896067,37,36,36,0.972972972973,0,0.702702702703,0.243243243243,0.027027027027,37,154,0.115615615616,1.32432432432,8.32432432432,15.4,4.27777777778,6.04636738534,0.726349328759,0.357142857143,7.39186306959,1.77596710114,0.774306774307,2.32753462217,0.559212863769,0.30888030888,0.579945114934,0.437917739848,2,1.32432432432,0.579945114934,2,0.0145586960948,0.006718924972,4,0.000514800514801,0.335483513351,37,37,37,1,0,0.72972972973,0.243243243243,0.027027027027,-62,-0.0465465465465,0,-3.35135135135,-6.2,-1.72222222222,-2.15273166426,0.0241116786771,0.0470827970828,-2.9374735594,0.00658999339109,0.00904150904151,-0.75929684853,0.0304500655466,0.0561275561276,0,0,0,0,0,0,0.00238856992464,0.000746228726271,-3,-0.0003861003861,-0.285713067846,0,0,0,154,0,62,1116,0.712962962963,1,0,0.287037037037,1,0.712962962963,0.832432432432,0.821850714237,0.712962962963,0.712962962963,3,65,0,0,0,0
3147,WLNM_dir_neg,0.986035502959,0.899757595346,00:00:02,10,70,50,1236970074,threshold_sweep,0.6,1,0.0461538461538,0.0882352941176,3,0,62,130,0.0461538461538,1,0,0.953846153846,1,0.0461538461538,0.0882352941176,0.682051282051,0.661538461538,0.0606060606061,0.176776695297,0.0461538461538,216,151,65,0,216,0,151,0,65,37,216,0.162162162162,1.32432432432,11.6756756757,21.6,6,8.1990990496,0.702237650082,0.31006006006,10.329336629,1.76937710775,0.765265265265,3.0868314707,0.528762798222,0.252752752753,0.579945114934,0.437917739848,2,1.32432432432,0.579945114934,2,0.0121701261701,0.00597269624573,7,0.000900900900901,0.621196581197,37,37,37,1,0,0.72972972973,0.243243243243,0.027027027027,37,0.113363363363,1.32818532819,8.16216216216,15.1,4.31428571429,5.97454560575,0.731980753022,0.356899946304,7.34233681534,1.79911564349,0.778951136567,2.4310306271,0.595683001343,0.327904063003,0.591765934822,0.445544700927,2.14285714286,1.3373015873,0.597519437724,2.14285714286,0.00871538907498,0.00348027842227,2,0.0002574002574,0.331532896067,37,36,36,0.972972972973,0,0.702702702703,0.243243243243,0.027027027027,37,154,0.115615615616,1.32432432432,8.32432432432,15.4,4.27777777778,6.04636738534,0.726349328759,0.357142857143,7.39186306959,1.77596710114,0.774306774307,2.32753462217,0.559212863769,0.30888030888,0.579945114934,0.437917739848,2,1.32432432432,0.579945114934,2,0.0145586960948,0.006718924972,4,0.000514800514801,0.335483513351,37,37,37,1,0,0.72972972973,0.243243243243,0.027027027027,-62,-0.0465465465465,0,-3.35135135135,-6.2,-1.72222222222,-2.15273166426,0.0241116786771,0.0470827970828,-2.9374735594,0.00658999339109,0.00904150904151,-0.75929684853,0.0304500655466,0.0561275561276,0,0,0,0,0,0,0.00238856992464,0.000746228726271,-3,-0.0003861003861,-0.285713067846,0,0,0,154,0,62,1116,0.712962962963,1,0,0.287037037037,1,0.712962962963,0.832432432432,0.821850714237,0.712962962963,0.712962962963,3,65,0,0,0,0
3148,WLNM_dir_neg,0.986035502959,0.899757595346,00:00:02,10,70,50,1236970074,threshold_sweep,0.7,1,0.0461538461538,0.0882352941176,3,0,62,130,0.0461538461538,1,0,0.953846153846,1,0.0461538461538,0.0882352941176,0.682051282051,0.661538461538,0.0606060606061,0.176776695297,0.0461538461538,216,151,65,0,216,0,151,0,65,37,216,0.162162162162,1.32432432432,11.6756756757,21.6,6,8.1990990496,0.702237650082,0.31006006006,10.329336629,1.76937710775,0.765265265265,3.0868314707,0.528762798222,0.252752752753,0.579945114934,0.437917739848,2,1.32432432432,0.579945114934,2,0.0121701261701,0.00597269624573,7,0.000900900900901,0.621196581197,37,37,37,1,0,0.72972972973,0.243243243243,0.027027027027,37,0.113363363363,1.32818532819,8.16216216216,15.1,4.31428571429,5.97454560575,0.731980753022,0.356899946304,7.34233681534,1.79911564349,0.778951136567,2.4310306271,0.595683001343,0.327904063003,0.591765934822,0.445544700927,2.14285714286,1.3373015873,0.597519437724,2.14285714286,0.00871538907498,0.00348027842227,2,0.0002574002574,0.331532896067,37,36,36,0.972972972973,0,0.702702702703,0.243243243243,0.027027027027,37,154,0.115615615616,1.32432432432,8.32432432432,15.4,4.27777777778,6.04636738534,0.726349328759,0.357142857143,7.39186306959,1.77596710114,0.774306774307,2.32753462217,0.559212863769,0.30888030888,0.579945114934,0.437917739848,2,1.32432432432,0.579945114934,2,0.0145586960948,0.006718924972,4,0.000514800514801,0.335483513351,37,37,37,1,0,0.72972972973,0.243243243243,0.027027027027,-62,-0.0465465465465,0,-3.35135135135,-6.2,-1.72222222222,-2.15273166426,0.0241116786771,0.0470827970828,-2.9374735594,0.00658999339109,0.00904150904151,-0.75929684853,0.0304500655466,0.0561275561276,0,0,0,0,0,0,0.00238856992464,0.000746228726271,-3,-0.0003861003861,-0.285713067846,0,0,0,154,0,62,1116,0.712962962963,1,0,0.287037037037,1,0.712962962963,0.832432432432,0.821850714237,0.712962962963,0.712962962963,3,65,0,0,0,0
3149,WLNM_dir_neg,0.986035502959,0.899757595346,00:00:02,10,70,50,1236970074,threshold_sweep,0.8,1,0.0461538461538,0.0882352941176,3,0,62,130,0.0461538461538,1,0,0.953846153846,1,0.0461538461538,0.0882352941176,0.682051282051,0.661538461538,0.0606060606061,0.176776695297,0.0461538461538,216,151,65,0,216,0,151,0,65,37,216,0.162162162162,1.32432432432,11.6756756757,21.6,6,8.1990990496,0.702237650082,0.31006006006,10.329336629,1.76937710775,0.765265265265,3.0868314707,0.528762798222,0.252752752753,0.579945114934,0.437917739848,2,1.32432432432,0.579945114934,2,0.0121701261701,0.00597269624573,7,0.000900900900901,0.621196581197,37,37,37,1,0,0.72972972973,0.243243243243,0.027027027027,37,0.113363363363,1.32818532819,8.16216216216,15.1,4.31428571429,5.97454560575,0.731980753022,0.356899946304,7.34233681534,1.79911564349,0.778951136567,2.4310306271,0.595683001343,0.327904063003,0.591765934822,0.445544700927,2.14285714286,1.3373015873,0.597519437724,2.14285714286,0.00871538907498,0.00348027842227,2,0.0002574002574,0.331532896067,37,36,36,0.972972972973,0,0.702702702703,0.243243243243,0.027027027027,37,154,0.115615615616,1.32432432432,8.32432432432,15.4,4.27777777778,6.04636738534,0.726349328759,0.357142857143,7.39186306959,1.77596710114,0.774306774307,2.32753462217,0.559212863769,0.30888030888,0.579945114934,0.437917739848,2,1.32432432432,0.579945114934,2,0.0145586960948,0.006718924972,4,0.000514800514801,0.335483513351,37,37,37,1,0,0.72972972973,0.243243243243,0.027027027027,-62,-0.0465465465465,0,-3.35135135135,-6.2,-1.72222222222,-2.15273166426,0.0241116786771,0.0470827970828,-2.9374735594,0.00658999339109,0.00904150904151,-0.75929684853,0.0304500655466,0.0561275561276,0,0,0,0,0,0,0.00238856992464,0.000746228726271,-3,-0.0003861003861,-0.285713067846,0,0,0,154,0,62,1116,0.712962962963,1,0,0.287037037037,1,0.712962962963,0.832432432432,0.821850714237,0.712962962963,0.712962962963,3,65,0,0,0,0
3150,WLNM_dir_neg,0.986035502959,0.899757595346,00:00:02,10,70,50,1236970074,threshold_sweep,0.9,1,0.0461538461538,0.0882352941176,3,0,62,130,0.0461538461538,1,0,0.953846153846,1,0.0461538461538,0.0882352941176,0.682051282051,0.661538461538,0.0606060606061,0.176776695297,0.0461538461538,216,151,65,0,216,0,151,0,65,37,216,0.162162162162,1.32432432432,11.6756756757,21.6,6,8.1990990496,0.702237650082,0.31006006006,10.329336629,1.76937710775,0.765265265265,3.0868314707,0.528762798222,0.252752752753,0.579945114934,0.437917739848,2,1.32432432432,0.579945114934,2,0.0121701261701,0.00597269624573,7,0.000900900900901,0.621196581197,37,37,37,1,0,0.72972972973,0.243243243243,0.027027027027,37,0.113363363363,1.32818532819,8.16216216216,15.1,4.31428571429,5.97454560575,0.731980753022,0.356899946304,7.34233681534,1.79911564349,0.778951136567,2.4310306271,0.595683001343,0.327904063003,0.591765934822,0.445544700927,2.14285714286,1.3373015873,0.597519437724,2.14285714286,0.00871538907498,0.00348027842227,2,0.0002574002574,0.331532896067,37,36,36,0.972972972973,0,0.702702702703,0.243243243243,0.027027027027,37,154,0.115615615616,1.32432432432,8.32432432432,15.4,4.27777777778,6.04636738534,0.726349328759,0.357142857143,7.39186306959,1.77596710114,0.774306774307,2.32753462217,0.559212863769,0.30888030888,0.579945114934,0.437917739848,2,1.32432432432,0.579945114934,2,0.0145586960948,0.006718924972,4,0.000514800514801,0.335483513351,37,37,37,1,0,0.72972972973,0.243243243243,0.027027027027,-62,-0.0465465465465,0,-3.35135135135,-6.2,-1.72222222222,-2.15273166426,0.0241116786771,0.0470827970828,-2.9374735594,0.00658999339109,0.00904150904151,-0.75929684853,0.0304500655466,0.0561275561276,0,0,0,0,0,0,0.00238856992464,0.000746228726271,-3,-0.0003861003861,-0.285713067846,0,0,0,154,0,62,1116,0.712962962963,1,0,0.287037037037,1,0.712962962963,0.832432432432,0.821850714237,0.712962962963,0.712962962963,3,65,0,0,0,0
3151,WLNM_dir_neg,0.994576446281,0.966666666667,00:00:03,10,80,1,1237887325,threshold_sweep,0.1,1,0.0454545454545,0.0869565217391,2,0,42,88,0.0454545454545,1,0,0.954545454545,1,0.0454545454545,0.0869565217391,0.681818181818,0.661616161616,0.0597014925373,0.175411603861,0.0454545454545,216,172,44,0,216,0,172,0,44,37,216,0.162162162162,1.32432432432,11.6756756757,21.6,6,8.1990990496,0.702237650082,0.31006006006,10.329336629,1.76937710775,0.765265265265,3.0868314707,0.528762798222,0.252752752753,0.579945114934,0.437917739848,2,1.32432432432,0.579945114934,2,0.0121701261701,0.00597269624573,7,0.000900900900901,0.621196581197,37,37,37,1,0,0.72972972973,0.243243243243,0.027027027027,37,0.129129129129,1.32432432432,9.2972972973,17.2,4.77777777778,6.5948838119,0.709333433257,0.340509113765,8.19626004216,1.76314896256,0.76869893149,2.51899689268,0.541877238542,0.295411690761,0.579945114934,0.437917739848,2,1.32432432432,0.579945114934,2,0.0114540730653,0.00678733031674,5,0.000643500643501,0.400470423297,37,37,37,1,0,0.72972972973,0.243243243243,0.027027027027,37,174,0.130630630631,1.32432432432,9.40540540541,17.4,4.83333333333,6.68937573677,0.711226730634,0.343584964275,8.21876195348,1.74766777172,0.765765765766,2.44795679956,0.520542537837,0.284249767008,0.579945114934,0.437917739848,2,1.32432432432,0.579945114934,2,0.0125193845654,0.00925925925926,7,0.000900900900901,0.404914867741,37,37,37,1,0,0.72972972973,0.243243243243,0.027027027027,-42,-0.0315315315315,0,-2.27027027027,-4.2,-1.16666666667,-1.50972331283,0.00898908055221,0.0335249042146,-2.11057467551,-0.0217093360273,0.0005005005005,-0.638874671148,-0.00822026038582,0.0314970142556,0,0,0,0,0,0,0.000349258395294,0.00328656301353,0,0,-0.216281713456,0,0,0,174,0,42,1116,0.805555555556,1,0,0.194444444444,1,0.805555555556,0.892307692308,0.88110074037,0.805555555556,0.805555555556,2,44,0,0,0,0
3152,WLNM_dir_neg,0.994576446281,0.966666666667,00:00:03,10,80,1,1237887325,threshold_sweep,0.2,1,0.0227272727273,0.0444444444444,1,0,43,88,0.0227272727273,1,0,0.977272727273,1,0.0227272727273,0.0444444444444,0.674242424242,0.664141414141,0.0300751879699,0.123560412643,0.0227272727273,216,172,44,0,216,0,172,0,44,37,216,0.162162162162,1.32432432432,11.6756756757,21.6,6,8.1990990496,0.702237650082,0.31006006006,10.329336629,1.76937710775,0.765265265265,3.0868314707,0.528762798222,0.252752752753,0.579945114934,0.437917739848,2,1.32432432432,0.579945114934,2,0.0121701261701,0.00597269624573,7,0.000900900900901,0.621196581197,37,37,37,1,0,0.72972972973,0.243243243243,0.027027027027,37,0.129129129129,1.32432432432,9.2972972973,17.2,4.77777777778,6.5948838119,0.709333433257,0.340509113765,8.19626004216,1.76314896256,0.76869893149,2.51899689268,0.541877238542,0.295411690761,0.579945114934,0.437917739848,2,1.32432432432,0.579945114934,2,0.0114540730653,0.00678733031674,5,0.000643500643501,0.400470423297,37,37,37,1,0,0.72972972973,0.243243243243,0.027027027027,37,173,0.12987987988,1.32432432432,9.35135135135,17.3,4.80555555556,6.6425238519,0.710327695146,0.341977815966,8.21263949333,1.75646046967,0.76738009686,2.48388197579,0.531234873436,0.289954694579,0.579945114934,0.437917739848,2,1.32432432432,0.579945114934,2,0.0127919415461,0.00803930326038,6,0.000772200772201,0.402692645519,37,37,37,1,0,0.72972972973,0.243243243243,0.027027027027,-43,-0.0322822822823,0,-2.32432432432,-4.3,-1.19444444444,-1.5565751977,0.00809004506401,0.0319177559062,-2.11669713567,-0.012916638073,0.0021148315946,-0.602949494911,0.00247207521307,0.0372019418262,0,0,0,0,0,0,0.000621815375926,0.00206660701465,-1,-0.0001287001287,-0.218503935678,0,0,0,173,0,43,1116,0.800925925926,1,0,0.199074074074,1,0.800925925926,0.889460154242,0.878186092989,0.800925925926,0.800925925926,1,44,0,0,0,0
3153,WLNM_dir_neg,0.994576446281,0.966666666667,00:00:03,10,80,1,1237887325,threshold_sweep,0.3,1,0.0227272727273,0.0444444444444,1,0,43,88,0.0227272727273,1,0,0.977272727273,1,0.0227272727273,0.0444444444444,0.674242424242,0.664141414141,0.0300751879699,0.123560412643,0.0227272727273,216,172,44,0,216,0,172,0,44,37,216,0.162162162162,1.32432432432,11.6756756757,21.6,6,8.1990990496,0.702237650082,0.31006006006,10.329336629,1.76937710775,0.765265265265,3.0868314707,0.528762798222,0.252752752753,0.579945114934,0.437917739848,2,1.32432432432,0.579945114934,2,0.0121701261701,0.00597269624573,7,0.000900900900901,0.621196581197,37,37,37,1,0,0.72972972973,0.243243243243,0.027027027027,37,0.129129129129,1.32432432432,9.2972972973,17.2,4.77777777778,6.5948838119,0.709333433257,0.340509113765,8.19626004216,1.76314896256,0.76869893149,2.51899689268,0.541877238542,0.295411690761,0.579945114934,0.437917739848,2,1.32432432432,0.579945114934,2,0.0114540730653,0.00678733031674,5,0.000643500643501,0.400470423297,37,37,37,1,0,0.72972972973,0.243243243243,0.027027027027,37,173,0.12987987988,1.32432432432,9.35135135135,17.3,4.80555555556,6.6425238519,0.710327695146,0.341977815966,8.21263949333,1.75646046967,0.76738009686,2.48388197579,0.531234873436,0.289954694579,0.579945114934,0.437917739848,2,1.32432432432,0.579945114934,2,0.0127919415461,0.00803930326038,6,0.000772200772201,0.402692645519,37,37,37,1,0,0.72972972973,0.243243243243,0.027027027027,-43,-0.0322822822823,0,-2.32432432432,-4.3,-1.19444444444,-1.5565751977,0.00809004506401,0.0319177559062,-2.11669713567,-0.012916638073,0.0021148315946,-0.602949494911,0.00247207521307,0.0372019418262,0,0,0,0,0,0,0.000621815375926,0.00206660701465,-1,-0.0001287001287,-0.218503935678,0,0,0,173,0,43,1116,0.800925925926,1,0,0.199074074074,1,0.800925925926,0.889460154242,0.878186092989,0.800925925926,0.800925925926,1,44,0,0,0,0
3154,WLNM_dir_neg,0.994576446281,0.966666666667,00:00:03,10,80,1,1237887325,threshold_sweep,0.4,1,0.0227272727273,0.0444444444444,1,0,43,88,0.0227272727273,1,0,0.977272727273,1,0.0227272727273,0.0444444444444,0.674242424242,0.664141414141,0.0300751879699,0.123560412643,0.0227272727273,216,172,44,0,216,0,172,0,44,37,216,0.162162162162,1.32432432432,11.6756756757,21.6,6,8.1990990496,0.702237650082,0.31006006006,10.329336629,1.76937710775,0.765265265265,3.0868314707,0.528762798222,0.252752752753,0.579945114934,0.437917739848,2,1.32432432432,0.579945114934,2,0.0121701261701,0.00597269624573,7,0.000900900900901,0.621196581197,37,37,37,1,0,0.72972972973,0.243243243243,0.027027027027,37,0.129129129129,1.32432432432,9.2972972973,17.2,4.77777777778,6.5948838119,0.709333433257,0.340509113765,8.19626004216,1.76314896256,0.76869893149,2.51899689268,0.541877238542,0.295411690761,0.579945114934,0.437917739848,2,1.32432432432,0.579945114934,2,0.0114540730653,0.00678733031674,5,0.000643500643501,0.400470423297,37,37,37,1,0,0.72972972973,0.243243243243,0.027027027027,37,173,0.12987987988,1.32432432432,9.35135135135,17.3,4.80555555556,6.6425238519,0.710327695146,0.341977815966,8.21263949333,1.75646046967,0.76738009686,2.48388197579,0.531234873436,0.289954694579,0.579945114934,0.437917739848,2,1.32432432432,0.579945114934,2,0.0127919415461,0.00803930326038,6,0.000772200772201,0.402692645519,37,37,37,1,0,0.72972972973,0.243243243243,0.027027027027,-43,-0.0322822822823,0,-2.32432432432,-4.3,-1.19444444444,-1.5565751977,0.00809004506401,0.0319177559062,-2.11669713567,-0.012916638073,0.0021148315946,-0.602949494911,0.00247207521307,0.0372019418262,0,0,0,0,0,0,0.000621815375926,0.00206660701465,-1,-0.0001287001287,-0.218503935678,0,0,0,173,0,43,1116,0.800925925926,1,0,0.199074074074,1,0.800925925926,0.889460154242,0.878186092989,0.800925925926,0.800925925926,1,44,0,0,0,0
3155,WLNM_dir_neg,0.994576446281,0.966666666667,00:00:03,10,80,1,1237887325,threshold_sweep,0.5,1,0.0227272727273,0.0444444444444,1,0,43,88,0.0227272727273,1,0,0.977272727273,1,0.0227272727273,0.0444444444444,0.674242424242,0.664141414141,0.0300751879699,0.123560412643,0.0227272727273,216,172,44,0,216,0,172,0,44,37,216,0.162162162162,1.32432432432,11.6756756757,21.6,6,8.1990990496,0.702237650082,0.31006006006,10.329336629,1.76937710775,0.765265265265,3.0868314707,0.528762798222,0.252752752753,0.579945114934,0.437917739848,2,1.32432432432,0.579945114934,2,0.0121701261701,0.00597269624573,7,0.000900900900901,0.621196581197,37,37,37,1,0,0.72972972973,0.243243243243,0.027027027027,37,0.129129129129,1.32432432432,9.2972972973,17.2,4.77777777778,6.5948838119,0.709333433257,0.340509113765,8.19626004216,1.76314896256,0.76869893149,2.51899689268,0.541877238542,0.295411690761,0.579945114934,0.437917739848,2,1.32432432432,0.579945114934,2,0.0114540730653,0.00678733031674,5,0.000643500643501,0.400470423297,37,37,37,1,0,0.72972972973,0.243243243243,0.027027027027,37,173,0.12987987988,1.32432432432,9.35135135135,17.3,4.80555555556,6.6425238519,0.710327695146,0.341977815966,8.21263949333,1.75646046967,0.76738009686,2.48388197579,0.531234873436,0.289954694579,0.579945114934,0.437917739848,2,1.32432432432,0.579945114934,2,0.0127919415461,0.00803930326038,6,0.000772200772201,0.402692645519,37,37,37,1,0,0.72972972973,0.243243243243,0.027027027027,-43,-0.0322822822823,0,-2.32432432432,-4.3,-1.19444444444,-1.5565751977,0.00809004506401,0.0319177559062,-2.11669713567,-0.012916638073,0.0021148315946,-0.602949494911,0.00247207521307,0.0372019418262,0,0,0,0,0,0,0.000621815375926,0.00206660701465,-1,-0.0001287001287,-0.218503935678,0,0,0,173,0,43,1116,0.800925925926,1,0,0.199074074074,1,0.800925925926,0.889460154242,0.878186092989,0.800925925926,0.800925925926,1,44,0,0,0,0
3156,WLNM_dir_neg,0.994576446281,0.966666666667,00:00:03,10,80,1,1237887325,threshold_sweep,0.6,1,0.0227272727273,0.0444444444444,1,0,43,88,0.0227272727273,1,0,0.977272727273,1,0.0227272727273,0.0444444444444,0.674242424242,0.664141414141,0.0300751879699,0.123560412643,0.0227272727273,216,172,44,0,216,0,172,0,44,37,216,0.162162162162,1.32432432432,11.6756756757,21.6,6,8.1990990496,0.702237650082,0.31006006006,10.329336629,1.76937710775,0.765265265265,3.0868314707,0.528762798222,0.252752752753,0.579945114934,0.437917739848,2,1.32432432432,0.579945114934,2,0.0121701261701,0.00597269624573,7,0.000900900900901,0.621196581197,37,37,37,1,0,0.72972972973,0.243243243243,0.027027027027,37,0.129129129129,1.32432432432,9.2972972973,17.2,4.77777777778,6.5948838119,0.709333433257,0.340509113765,8.19626004216,1.76314896256,0.76869893149,2.51899689268,0.541877238542,0.295411690761,0.579945114934,0.437917739848,2,1.32432432432,0.579945114934,2,0.0114540730653,0.00678733031674,5,0.000643500643501,0.400470423297,37,37,37,1,0,0.72972972973,0.243243243243,0.027027027027,37,173,0.12987987988,1.32432432432,9.35135135135,17.3,4.80555555556,6.6425238519,0.710327695146,0.341977815966,8.21263949333,1.75646046967,0.76738009686,2.48388197579,0.531234873436,0.289954694579,0.579945114934,0.437917739848,2,1.32432432432,0.579945114934,2,0.0127919415461,0.00803930326038,6,0.000772200772201,0.402692645519,37,37,37,1,0,0.72972972973,0.243243243243,0.027027027027,-43,-0.0322822822823,0,-2.32432432432,-4.3,-1.19444444444,-1.5565751977,0.00809004506401,0.0319177559062,-2.11669713567,-0.012916638073,0.0021148315946,-0.602949494911,0.00247207521307,0.0372019418262,0,0,0,0,0,0,0.000621815375926,0.00206660701465,-1,-0.0001287001287,-0.218503935678,0,0,0,173,0,43,1116,0.800925925926,1,0,0.199074074074,1,0.800925925926,0.889460154242,0.878186092989,0.800925925926,0.800925925926,1,44,0,0,0,0
3157,WLNM_dir_neg,0.994576446281,0.966666666667,00:00:03,10,80,1,1237887325,threshold_sweep,0.7,1,0.0227272727273,0.0444444444444,1,0,43,88,0.0227272727273,1,0,0.977272727273,1,0.0227272727273,0.0444444444444,0.674242424242,0.664141414141,0.0300751879699,0.123560412643,0.0227272727273,216,172,44,0,216,0,172,0,44,37,216,0.162162162162,1.32432432432,11.6756756757,21.6,6,8.1990990496,0.702237650082,0.31006006006,10.329336629,1.76937710775,0.765265265265,3.0868314707,0.528762798222,0.252752752753,0.579945114934,0.437917739848,2,1.32432432432,0.579945114934,2,0.0121701261701,0.00597269624573,7,0.000900900900901,0.621196581197,37,37,37,1,0,0.72972972973,0.243243243243,0.027027027027,37,0.129129129129,1.32432432432,9.2972972973,17.2,4.77777777778,6.5948838119,0.709333433257,0.340509113765,8.19626004216,1.76314896256,0.76869893149,2.51899689268,0.541877238542,0.295411690761,0.579945114934,0.437917739848,2,1.32432432432,0.579945114934,2,0.0114540730653,0.00678733031674,5,0.000643500643501,0.400470423297,37,37,37,1,0,0.72972972973,0.243243243243,0.027027027027,37,173,0.12987987988,1.32432432432,9.35135135135,17.3,4.80555555556,6.6425238519,0.710327695146,0.341977815966,8.21263949333,1.75646046967,0.76738009686,2.48388197579,0.531234873436,0.289954694579,0.579945114934,0.437917739848,2,1.32432432432,0.579945114934,2,0.0127919415461,0.00803930326038,6,0.000772200772201,0.402692645519,37,37,37,1,0,0.72972972973,0.243243243243,0.027027027027,-43,-0.0322822822823,0,-2.32432432432,-4.3,-1.19444444444,-1.5565751977,0.00809004506401,0.0319177559062,-2.11669713567,-0.012916638073,0.0021148315946,-0.602949494911,0.00247207521307,0.0372019418262,0,0,0,0,0,0,0.000621815375926,0.00206660701465,-1,-0.0001287001287,-0.218503935678,0,0,0,173,0,43,1116,0.800925925926,1,0,0.199074074074,1,0.800925925926,0.889460154242,0.878186092989,0.800925925926,0.800925925926,1,44,0,0,0,0
3158,WLNM_dir_neg,0.994576446281,0.966666666667,00:00:03,10,80,1,1237887325,threshold_sweep,0.8,1,0.0227272727273,0.0444444444444,1,0,43,88,0.0227272727273,1,0,0.977272727273,1,0.0227272727273,0.0444444444444,0.674242424242,0.664141414141,0.0300751879699,0.123560412643,0.0227272727273,216,172,44,0,216,0,172,0,44,37,216,0.162162162162,1.32432432432,11.6756756757,21.6,6,8.1990990496,0.702237650082,0.31006006006,10.329336629,1.76937710775,0.765265265265,3.0868314707,0.528762798222,0.252752752753,0.579945114934,0.437917739848,2,1.32432432432,0.579945114934,2,0.0121701261701,0.00597269624573,7,0.000900900900901,0.621196581197,37,37,37,1,0,0.72972972973,0.243243243243,0.027027027027,37,0.129129129129,1.32432432432,9.2972972973,17.2,4.77777777778,6.5948838119,0.709333433257,0.340509113765,8.19626004216,1.76314896256,0.76869893149,2.51899689268,0.541877238542,0.295411690761,0.579945114934,0.437917739848,2,1.32432432432,0.579945114934,2,0.0114540730653,0.00678733031674,5,0.000643500643501,0.400470423297,37,37,37,1,0,0.72972972973,0.243243243243,0.027027027027,37,173,0.12987987988,1.32432432432,9.35135135135,17.3,4.80555555556,6.6425238519,0.710327695146,0.341977815966,8.21263949333,1.75646046967,0.76738009686,2.48388197579,0.531234873436,0.289954694579,0.579945114934,0.437917739848,2,1.32432432432,0.579945114934,2,0.0127919415461,0.00803930326038,6,0.000772200772201,0.402692645519,37,37,37,1,0,0.72972972973,0.243243243243,0.027027027027,-43,-0.0322822822823,0,-2.32432432432,-4.3,-1.19444444444,-1.5565751977,0.00809004506401,0.0319177559062,-2.11669713567,-0.012916638073,0.0021148315946,-0.602949494911,0.00247207521307,0.0372019418262,0,0,0,0,0,0,0.000621815375926,0.00206660701465,-1,-0.0001287001287,-0.218503935678,0,0,0,173,0,43,1116,0.800925925926,1,0,0.199074074074,1,0.800925925926,0.889460154242,0.878186092989,0.800925925926,0.800925925926,1,44,0,0,0,0
3159,WLNM_dir_neg,0.994576446281,0.966666666667,00:00:03,10,80,1,1237887325,threshold_sweep,0.9,1,0.0227272727273,0.0444444444444,1,0,43,88,0.0227272727273,1,0,0.977272727273,1,0.0227272727273,0.0444444444444,0.674242424242,0.664141414141,0.0300751879699,0.123560412643,0.0227272727273,216,172,44,0,216,0,172,0,44,37,216,0.162162162162,1.32432432432,11.6756756757,21.6,6,8.1990990496,0.702237650082,0.31006006006,10.329336629,1.76937710775,0.765265265265,3.0868314707,0.528762798222,0.252752752753,0.579945114934,0.437917739848,2,1.32432432432,0.579945114934,2,0.0121701261701,0.00597269624573,7,0.000900900900901,0.621196581197,37,37,37,1,0,0.72972972973,0.243243243243,0.027027027027,37,0.129129129129,1.32432432432,9.2972972973,17.2,4.77777777778,6.5948838119,0.709333433257,0.340509113765,8.19626004216,1.76314896256,0.76869893149,2.51899689268,0.541877238542,0.295411690761,0.579945114934,0.437917739848,2,1.32432432432,0.579945114934,2,0.0114540730653,0.00678733031674,5,0.000643500643501,0.400470423297,37,37,37,1,0,0.72972972973,0.243243243243,0.027027027027,37,173,0.12987987988,1.32432432432,9.35135135135,17.3,4.80555555556,6.6425238519,0.710327695146,0.341977815966,8.21263949333,1.75646046967,0.76738009686,2.48388197579,0.531234873436,0.289954694579,0.579945114934,0.437917739848,2,1.32432432432,0.579945114934,2,0.0127919415461,0.00803930326038,6,0.000772200772201,0.402692645519,37,37,37,1,0,0.72972972973,0.243243243243,0.027027027027,-43,-0.0322822822823,0,-2.32432432432,-4.3,-1.19444444444,-1.5565751977,0.00809004506401,0.0319177559062,-2.11669713567,-0.012916638073,0.0021148315946,-0.602949494911,0.00247207521307,0.0372019418262,0,0,0,0,0,0,0.000621815375926,0.00206660701465,-1,-0.0001287001287,-0.218503935678,0,0,0,173,0,43,1116,0.800925925926,1,0,0.199074074074,1,0.800925925926,0.889460154242,0.878186092989,0.800925925926,0.800925925926,1,44,0,0,0,0
3160,WLNM_dir_neg,0.984116735537,0.924806576402,00:00:03,10,80,2,1237887326,threshold_sweep,0.1,1,0.0454545454545,0.0869565217391,2,0,42,88,0.0454545454545,1,0,0.954545454545,1,0.0454545454545,0.0869565217391,0.681818181818,0.661616161616,0.0597014925373,0.175411603861,0.0454545454545,216,172,44,0,216,0,172,0,44,37,216,0.162162162162,1.32432432432,11.6756756757,21.6,6,8.1990990496,0.702237650082,0.31006006006,10.329336629,1.76937710775,0.765265265265,3.0868314707,0.528762798222,0.252752752753,0.579945114934,0.437917739848,2,1.32432432432,0.579945114934,2,0.0121701261701,0.00597269624573,7,0.000900900900901,0.621196581197,37,37,37,1,0,0.72972972973,0.243243243243,0.027027027027,37,0.129129129129,1.32732732733,9.2972972973,17.2,4.91428571429,6.75715614435,0.726787143433,0.349465744815,8.3006566548,1.78560637342,0.776555625393,2.60572250821,0.560533330254,0.304525455688,0.589078670762,0.443808138832,2.11111111111,1.33641975309,0.594795838055,2.11111111111,0.0141800721398,0.00666963094709,5,0.000643500643501,0.409126579272,37,36,36,0.972972972973,0,0.702702702703,0.243243243243,0.027027027027,37,174,0.130630630631,1.32732732733,9.40540540541,17.4,4.97142857143,6.82503341245,0.725650104197,0.350108729419,8.30951551223,1.76696594226,0.773221497359,2.53711192834,0.539500812349,0.293258776017,0.589078670762,0.443808138832,2.11111111111,1.33641975309,0.594795838055,2.11111111111,0.0136728517078,0.00912646675359,7,0.000900900900901,0.414064850876,37,36,36,0.972972972973,0,0.702702702703,0.243243243243,0.027027027027,-42,-0.0315315315315,0.003003003003,-2.27027027027,-4.2,-1.02857142857,-1.37406563715,0.0234124541156,0.040048669359,-2.01982111677,-0.00241116548879,0.00795623209416,-0.549719542362,0.0107380141262,0.0405060232646,0.00913355582779,0.00589039898372,0.111111111111,0.0120954287621,0.0148507231203,0.111111111111,0.00150272553765,0.00315377050785,0,0,-0.20713173032,-0.027027027027,0,0,174,0,42,1116,0.805555555556,1,0,0.194444444444,1,0.805555555556,0.892307692308,0.88110074037,0.805555555556,0.805555555556,2,44,0,0,0,0
3161,WLNM_dir_neg,0.984116735537,0.924806576402,00:00:03,10,80,2,1237887326,threshold_sweep,0.2,1,0.0454545454545,0.0869565217391,2,0,42,88,0.0454545454545,1,0,0.954545454545,1,0.0454545454545,0.0869565217391,0.681818181818,0.661616161616,0.0597014925373,0.175411603861,0.0454545454545,216,172,44,0,216,0,172,0,44,37,216,0.162162162162,1.32432432432,11.6756756757,21.6,6,8.1990990496,0.702237650082,0.31006006006,10.329336629,1.76937710775,0.765265265265,3.0868314707,0.528762798222,0.252752752753,0.579945114934,0.437917739848,2,1.32432432432,0.579945114934,2,0.0121701261701,0.00597269624573,7,0.000900900900901,0.621196581197,37,37,37,1,0,0.72972972973,0.243243243243,0.027027027027,37,0.129129129129,1.32732732733,9.2972972973,17.2,4.91428571429,6.75715614435,0.726787143433,0.349465744815,8.3006566548,1.78560637342,0.776555625393,2.60572250821,0.560533330254,0.304525455688,0.589078670762,0.443808138832,2.11111111111,1.33641975309,0.594795838055,2.11111111111,0.0141800721398,0.00666963094709,5,0.000643500643501,0.409126579272,37,36,36,0.972972972973,0,0.702702702703,0.243243243243,0.027027027027,37,174,0.130630630631,1.32732732733,9.40540540541,17.4,4.97142857143,6.82503341245,0.725650104197,0.350108729419,8.30951551223,1.76696594226,0.773221497359,2.53711192834,0.539500812349,0.293258776017,0.589078670762,0.443808138832,2.11111111111,1.33641975309,0.594795838055,2.11111111111,0.0136728517078,0.00912646675359,7,0.000900900900901,0.414064850876,37,36,36,0.972972972973,0,0.702702702703,0.243243243243,0.027027027027,-42,-0.0315315315315,0.003003003003,-2.27027027027,-4.2,-1.02857142857,-1.37406563715,0.0234124541156,0.040048669359,-2.01982111677,-0.00241116548879,0.00795623209416,-0.549719542362,0.0107380141262,0.0405060232646,0.00913355582779,0.00589039898372,0.111111111111,0.0120954287621,0.0148507231203,0.111111111111,0.00150272553765,0.00315377050785,0,0,-0.20713173032,-0.027027027027,0,0,174,0,42,1116,0.805555555556,1,0,0.194444444444,1,0.805555555556,0.892307692308,0.88110074037,0.805555555556,0.805555555556,2,44,0,0,0,0
3162,WLNM_dir_neg,0.984116735537,0.924806576402,00:00:03,10,80,2,1237887326,threshold_sweep,0.3,1,0.0454545454545,0.0869565217391,2,0,42,88,0.0454545454545,1,0,0.954545454545,1,0.0454545454545,0.0869565217391,0.681818181818,0.661616161616,0.0597014925373,0.175411603861,0.0454545454545,216,172,44,0,216,0,172,0,44,37,216,0.162162162162,1.32432432432,11.6756756757,21.6,6,8.1990990496,0.702237650082,0.31006006006,10.329336629,1.76937710775,0.765265265265,3.0868314707,0.528762798222,0.252752752753,0.579945114934,0.437917739848,2,1.32432432432,0.579945114934,2,0.0121701261701,0.00597269624573,7,0.000900900900901,0.621196581197,37,37,37,1,0,0.72972972973,0.243243243243,0.027027027027,37,0.129129129129,1.32732732733,9.2972972973,17.2,4.91428571429,6.75715614435,0.726787143433,0.349465744815,8.3006566548,1.78560637342,0.776555625393,2.60572250821,0.560533330254,0.304525455688,0.589078670762,0.443808138832,2.11111111111,1.33641975309,0.594795838055,2.11111111111,0.0141800721398,0.00666963094709,5,0.000643500643501,0.409126579272,37,36,36,0.972972972973,0,0.702702702703,0.243243243243,0.027027027027,37,174,0.130630630631,1.32732732733,9.40540540541,17.4,4.97142857143,6.82503341245,0.725650104197,0.350108729419,8.30951551223,1.76696594226,0.773221497359,2.53711192834,0.539500812349,0.293258776017,0.589078670762,0.443808138832,2.11111111111,1.33641975309,0.594795838055,2.11111111111,0.0136728517078,0.00912646675359,7,0.000900900900901,0.414064850876,37,36,36,0.972972972973,0,0.702702702703,0.243243243243,0.027027027027,-42,-0.0315315315315,0.003003003003,-2.27027027027,-4.2,-1.02857142857,-1.37406563715,0.0234124541156,0.040048669359,-2.01982111677,-0.00241116548879,0.00795623209416,-0.549719542362,0.0107380141262,0.0405060232646,0.00913355582779,0.00589039898372,0.111111111111,0.0120954287621,0.0148507231203,0.111111111111,0.00150272553765,0.00315377050785,0,0,-0.20713173032,-0.027027027027,0,0,174,0,42,1116,0.805555555556,1,0,0.194444444444,1,0.805555555556,0.892307692308,0.88110074037,0.805555555556,0.805555555556,2,44,0,0,0,0
3163,WLNM_dir_neg,0.984116735537,0.924806576402,00:00:03,10,80,2,1237887326,threshold_sweep,0.4,1,0.0454545454545,0.0869565217391,2,0,42,88,0.0454545454545,1,0,0.954545454545,1,0.0454545454545,0.0869565217391,0.681818181818,0.661616161616,0.0597014925373,0.175411603861,0.0454545454545,216,172,44,0,216,0,172,0,44,37,216,0.162162162162,1.32432432432,11.6756756757,21.6,6,8.1990990496,0.702237650082,0.31006006006,10.329336629,1.76937710775,0.765265265265,3.0868314707,0.528762798222,0.252752752753,0.579945114934,0.437917739848,2,1.32432432432,0.579945114934,2,0.0121701261701,0.00597269624573,7,0.000900900900901,0.621196581197,37,37,37,1,0,0.72972972973,0.243243243243,0.027027027027,37,0.129129129129,1.32732732733,9.2972972973,17.2,4.91428571429,6.75715614435,0.726787143433,0.349465744815,8.3006566548,1.78560637342,0.776555625393,2.60572250821,0.560533330254,0.304525455688,0.589078670762,0.443808138832,2.11111111111,1.33641975309,0.594795838055,2.11111111111,0.0141800721398,0.00666963094709,5,0.000643500643501,0.409126579272,37,36,36,0.972972972973,0,0.702702702703,0.243243243243,0.027027027027,37,174,0.130630630631,1.32732732733,9.40540540541,17.4,4.97142857143,6.82503341245,0.725650104197,0.350108729419,8.30951551223,1.76696594226,0.773221497359,2.53711192834,0.539500812349,0.293258776017,0.589078670762,0.443808138832,2.11111111111,1.33641975309,0.594795838055,2.11111111111,0.0136728517078,0.00912646675359,7,0.000900900900901,0.414064850876,37,36,36,0.972972972973,0,0.702702702703,0.243243243243,0.027027027027,-42,-0.0315315315315,0.003003003003,-2.27027027027,-4.2,-1.02857142857,-1.37406563715,0.0234124541156,0.040048669359,-2.01982111677,-0.00241116548879,0.00795623209416,-0.549719542362,0.0107380141262,0.0405060232646,0.00913355582779,0.00589039898372,0.111111111111,0.0120954287621,0.0148507231203,0.111111111111,0.00150272553765,0.00315377050785,0,0,-0.20713173032,-0.027027027027,0,0,174,0,42,1116,0.805555555556,1,0,0.194444444444,1,0.805555555556,0.892307692308,0.88110074037,0.805555555556,0.805555555556,2,44,0,0,0,0
3164,WLNM_dir_neg,0.984116735537,0.924806576402,00:00:03,10,80,2,1237887326,threshold_sweep,0.5,1,0.0454545454545,0.0869565217391,2,0,42,88,0.0454545454545,1,0,0.954545454545,1,0.0454545454545,0.0869565217391,0.681818181818,0.661616161616,0.0597014925373,0.175411603861,0.0454545454545,216,172,44,0,216,0,172,0,44,37,216,0.162162162162,1.32432432432,11.6756756757,21.6,6,8.1990990496,0.702237650082,0.31006006006,10.329336629,1.76937710775,0.765265265265,3.0868314707,0.528762798222,0.252752752753,0.579945114934,0.437917739848,2,1.32432432432,0.579945114934,2,0.0121701261701,0.00597269624573,7,0.000900900900901,0.621196581197,37,37,37,1,0,0.72972972973,0.243243243243,0.027027027027,37,0.129129129129,1.32732732733,9.2972972973,17.2,4.91428571429,6.75715614435,0.726787143433,0.349465744815,8.3006566548,1.78560637342,0.776555625393,2.60572250821,0.560533330254,0.304525455688,0.589078670762,0.443808138832,2.11111111111,1.33641975309,0.594795838055,2.11111111111,0.0141800721398,0.00666963094709,5,0.000643500643501,0.409126579272,37,36,36,0.972972972973,0,0.702702702703,0.243243243243,0.027027027027,37,174,0.130630630631,1.32732732733,9.40540540541,17.4,4.97142857143,6.82503341245,0.725650104197,0.350108729419,8.30951551223,1.76696594226,0.773221497359,2.53711192834,0.539500812349,0.293258776017,0.589078670762,0.443808138832,2.11111111111,1.33641975309,0.594795838055,2.11111111111,0.0136728517078,0.00912646675359,7,0.000900900900901,0.414064850876,37,36,36,0.972972972973,0,0.702702702703,0.243243243243,0.027027027027,-42,-0.0315315315315,0.003003003003,-2.27027027027,-4.2,-1.02857142857,-1.37406563715,0.0234124541156,0.040048669359,-2.01982111677,-0.00241116548879,0.00795623209416,-0.549719542362,0.0107380141262,0.0405060232646,0.00913355582779,0.00589039898372,0.111111111111,0.0120954287621,0.0148507231203,0.111111111111,0.00150272553765,0.00315377050785,0,0,-0.20713173032,-0.027027027027,0,0,174,0,42,1116,0.805555555556,1,0,0.194444444444,1,0.805555555556,0.892307692308,0.88110074037,0.805555555556,0.805555555556,2,44,0,0,0,0
3165,WLNM_dir_neg,0.984116735537,0.924806576402,00:00:03,10,80,2,1237887326,threshold_sweep,0.6,1,0.0454545454545,0.0869565217391,2,0,42,88,0.0454545454545,1,0,0.954545454545,1,0.0454545454545,0.0869565217391,0.681818181818,0.661616161616,0.0597014925373,0.175411603861,0.0454545454545,216,172,44,0,216,0,172,0,44,37,216,0.162162162162,1.32432432432,11.6756756757,21.6,6,8.1990990496,0.702237650082,0.31006006006,10.329336629,1.76937710775,0.765265265265,3.0868314707,0.528762798222,0.252752752753,0.579945114934,0.437917739848,2,1.32432432432,0.579945114934,2,0.0121701261701,0.00597269624573,7,0.000900900900901,0.621196581197,37,37,37,1,0,0.72972972973,0.243243243243,0.027027027027,37,0.129129129129,1.32732732733,9.2972972973,17.2,4.91428571429,6.75715614435,0.726787143433,0.349465744815,8.3006566548,1.78560637342,0.776555625393,2.60572250821,0.560533330254,0.304525455688,0.589078670762,0.443808138832,2.11111111111,1.33641975309,0.594795838055,2.11111111111,0.0141800721398,0.00666963094709,5,0.000643500643501,0.409126579272,37,36,36,0.972972972973,0,0.702702702703,0.243243243243,0.027027027027,37,174,0.130630630631,1.32732732733,9.40540540541,17.4,4.97142857143,6.82503341245,0.725650104197,0.350108729419,8.30951551223,1.76696594226,0.773221497359,2.53711192834,0.539500812349,0.293258776017,0.589078670762,0.443808138832,2.11111111111,1.33641975309,0.594795838055,2.11111111111,0.0136728517078,0.00912646675359,7,0.000900900900901,0.414064850876,37,36,36,0.972972972973,0,0.702702702703,0.243243243243,0.027027027027,-42,-0.0315315315315,0.003003003003,-2.27027027027,-4.2,-1.02857142857,-1.37406563715,0.0234124541156,0.040048669359,-2.01982111677,-0.00241116548879,0.00795623209416,-0.549719542362,0.0107380141262,0.0405060232646,0.00913355582779,0.00589039898372,0.111111111111,0.0120954287621,0.0148507231203,0.111111111111,0.00150272553765,0.00315377050785,0,0,-0.20713173032,-0.027027027027,0,0,174,0,42,1116,0.805555555556,1,0,0.194444444444,1,0.805555555556,0.892307692308,0.88110074037,0.805555555556,0.805555555556,2,44,0,0,0,0
3166,WLNM_dir_neg,0.984116735537,0.924806576402,00:00:03,10,80,2,1237887326,threshold_sweep,0.7,1,0.0454545454545,0.0869565217391,2,0,42,88,0.0454545454545,1,0,0.954545454545,1,0.0454545454545,0.0869565217391,0.681818181818,0.661616161616,0.0597014925373,0.175411603861,0.0454545454545,216,172,44,0,216,0,172,0,44,37,216,0.162162162162,1.32432432432,11.6756756757,21.6,6,8.1990990496,0.702237650082,0.31006006006,10.329336629,1.76937710775,0.765265265265,3.0868314707,0.528762798222,0.252752752753,0.579945114934,0.437917739848,2,1.32432432432,0.579945114934,2,0.0121701261701,0.00597269624573,7,0.000900900900901,0.621196581197,37,37,37,1,0,0.72972972973,0.243243243243,0.027027027027,37,0.129129129129,1.32732732733,9.2972972973,17.2,4.91428571429,6.75715614435,0.726787143433,0.349465744815,8.3006566548,1.78560637342,0.776555625393,2.60572250821,0.560533330254,0.304525455688,0.589078670762,0.443808138832,2.11111111111,1.33641975309,0.594795838055,2.11111111111,0.0141800721398,0.00666963094709,5,0.000643500643501,0.409126579272,37,36,36,0.972972972973,0,0.702702702703,0.243243243243,0.027027027027,37,174,0.130630630631,1.32732732733,9.40540540541,17.4,4.97142857143,6.82503341245,0.725650104197,0.350108729419,8.30951551223,1.76696594226,0.773221497359,2.53711192834,0.539500812349,0.293258776017,0.589078670762,0.443808138832,2.11111111111,1.33641975309,0.594795838055,2.11111111111,0.0136728517078,0.00912646675359,7,0.000900900900901,0.414064850876,37,36,36,0.972972972973,0,0.702702702703,0.243243243243,0.027027027027,-42,-0.0315315315315,0.003003003003,-2.27027027027,-4.2,-1.02857142857,-1.37406563715,0.0234124541156,0.040048669359,-2.01982111677,-0.00241116548879,0.00795623209416,-0.549719542362,0.0107380141262,0.0405060232646,0.00913355582779,0.00589039898372,0.111111111111,0.0120954287621,0.0148507231203,0.111111111111,0.00150272553765,0.00315377050785,0,0,-0.20713173032,-0.027027027027,0,0,174,0,42,1116,0.805555555556,1,0,0.194444444444,1,0.805555555556,0.892307692308,0.88110074037,0.805555555556,0.805555555556,2,44,0,0,0,0
3167,WLNM_dir_neg,0.984116735537,0.924806576402,00:00:03,10,80,2,1237887326,threshold_sweep,0.8,1,0.0454545454545,0.0869565217391,2,0,42,88,0.0454545454545,1,0,0.954545454545,1,0.0454545454545,0.0869565217391,0.681818181818,0.661616161616,0.0597014925373,0.175411603861,0.0454545454545,216,172,44,0,216,0,172,0,44,37,216,0.162162162162,1.32432432432,11.6756756757,21.6,6,8.1990990496,0.702237650082,0.31006006006,10.329336629,1.76937710775,0.765265265265,3.0868314707,0.528762798222,0.252752752753,0.579945114934,0.437917739848,2,1.32432432432,0.579945114934,2,0.0121701261701,0.00597269624573,7,0.000900900900901,0.621196581197,37,37,37,1,0,0.72972972973,0.243243243243,0.027027027027,37,0.129129129129,1.32732732733,9.2972972973,17.2,4.91428571429,6.75715614435,0.726787143433,0.349465744815,8.3006566548,1.78560637342,0.776555625393,2.60572250821,0.560533330254,0.304525455688,0.589078670762,0.443808138832,2.11111111111,1.33641975309,0.594795838055,2.11111111111,0.0141800721398,0.00666963094709,5,0.000643500643501,0.409126579272,37,36,36,0.972972972973,0,0.702702702703,0.243243243243,0.027027027027,37,174,0.130630630631,1.32732732733,9.40540540541,17.4,4.97142857143,6.82503341245,0.725650104197,0.350108729419,8.30951551223,1.76696594226,0.773221497359,2.53711192834,0.539500812349,0.293258776017,0.589078670762,0.443808138832,2.11111111111,1.33641975309,0.594795838055,2.11111111111,0.0136728517078,0.00912646675359,7,0.000900900900901,0.414064850876,37,36,36,0.972972972973,0,0.702702702703,0.243243243243,0.027027027027,-42,-0.0315315315315,0.003003003003,-2.27027027027,-4.2,-1.02857142857,-1.37406563715,0.0234124541156,0.040048669359,-2.01982111677,-0.00241116548879,0.00795623209416,-0.549719542362,0.0107380141262,0.0405060232646,0.00913355582779,0.00589039898372,0.111111111111,0.0120954287621,0.0148507231203,0.111111111111,0.00150272553765,0.00315377050785,0,0,-0.20713173032,-0.027027027027,0,0,174,0,42,1116,0.805555555556,1,0,0.194444444444,1,0.805555555556,0.892307692308,0.88110074037,0.805555555556,0.805555555556,2,44,0,0,0,0
3168,WLNM_dir_neg,0.984116735537,0.924806576402,00:00:03,10,80,2,1237887326,threshold_sweep,0.9,1,0.0454545454545,0.0869565217391,2,0,42,88,0.0454545454545,1,0,0.954545454545,1,0.0454545454545,0.0869565217391,0.681818181818,0.661616161616,0.0597014925373,0.175411603861,0.0454545454545,216,172,44,0,216,0,172,0,44,37,216,0.162162162162,1.32432432432,11.6756756757,21.6,6,8.1990990496,0.702237650082,0.31006006006,10.329336629,1.76937710775,0.765265265265,3.0868314707,0.528762798222,0.252752752753,0.579945114934,0.437917739848,2,1.32432432432,0.579945114934,2,0.0121701261701,0.00597269624573,7,0.000900900900901,0.621196581197,37,37,37,1,0,0.72972972973,0.243243243243,0.027027027027,37,0.129129129129,1.32732732733,9.2972972973,17.2,4.91428571429,6.75715614435,0.726787143433,0.349465744815,8.3006566548,1.78560637342,0.776555625393,2.60572250821,0.560533330254,0.304525455688,0.589078670762,0.443808138832,2.11111111111,1.33641975309,0.594795838055,2.11111111111,0.0141800721398,0.00666963094709,5,0.000643500643501,0.409126579272,37,36,36,0.972972972973,0,0.702702702703,0.243243243243,0.027027027027,37,174,0.130630630631,1.32732732733,9.40540540541,17.4,4.97142857143,6.82503341245,0.725650104197,0.350108729419,8.30951551223,1.76696594226,0.773221497359,2.53711192834,0.539500812349,0.293258776017,0.589078670762,0.443808138832,2.11111111111,1.33641975309,0.594795838055,2.11111111111,0.0136728517078,0.00912646675359,7,0.000900900900901,0.414064850876,37,36,36,0.972972972973,0,0.702702702703,0.243243243243,0.027027027027,-42,-0.0315315315315,0.003003003003,-2.27027027027,-4.2,-1.02857142857,-1.37406563715,0.0234124541156,0.040048669359,-2.01982111677,-0.00241116548879,0.00795623209416,-0.549719542362,0.0107380141262,0.0405060232646,0.00913355582779,0.00589039898372,0.111111111111,0.0120954287621,0.0148507231203,0.111111111111,0.00150272553765,0.00315377050785,0,0,-0.20713173032,-0.027027027027,0,0,174,0,42,1116,0.805555555556,1,0,0.194444444444,1,0.805555555556,0.892307692308,0.88110074037,0.805555555556,0.805555555556,2,44,0,0,0,0
3169,WLNM_dir_neg,1,0.977272727273,00:00:03,10,80,3,1237887327,threshold_sweep,0.1,1,0.0681818181818,0.127659574468,3,0,41,88,0.0681818181818,1,0,0.931818181818,1,0.0681818181818,0.127659574468,0.689393939394,0.659090909091,0.0888888888889,0.215665546407,0.0681818181818,216,172,44,0,216,0,172,0,44,37,216,0.162162162162,1.32432432432,11.6756756757,21.6,6,8.1990990496,0.702237650082,0.31006006006,10.329336629,1.76937710775,0.765265265265,3.0868314707,0.528762798222,0.252752752753,0.579945114934,0.437917739848,2,1.32432432432,0.579945114934,2,0.0121701261701,0.00597269624573,7,0.000900900900901,0.621196581197,37,37,37,1,0,0.72972972973,0.243243243243,0.027027027027,37,0.129129129129,1.32432432432,9.2972972973,17.2,5.21212121212,6.82668320662,0.734265344899,0.355593966059,8.2973095245,1.7848863512,0.774984286612,2.79101948932,0.600393727355,0.328409805154,0.579945114934,0.437917739848,2,1.34285714286,0.591252764842,2,0,0,0,0,0.436098626012,37,35,35,0.945945945946,0,0.675675675676,0.216216216216,0.0540540540541,37,175,0.131381381381,1.32132132132,9.45945945946,17.5,5.14705882353,6.85401177979,0.724566959578,0.352277992278,8.32549180612,1.76024683901,0.770656370656,2.68378514466,0.567428859157,0.310424710425,0.571249793283,0.432332229917,2,1.33024691358,0.576730498416,2,0,0,0,0,0.43949368774,37,36,36,0.972972972973,0,0.702702702703,0.216216216216,0.0540540540541,-41,-0.0307807807808,-0.003003003003,-2.21621621622,-4.1,-0.852941176471,-1.34508726982,0.0223293094958,0.0422179322179,-2.00384482288,-0.00913026873655,0.00539110539111,-0.403046326043,0.0386660609344,0.057671957672,-0.00869532165105,-0.00558550993171,0,0.00592258925592,-0.00321461651838,0,-0.0121701261701,-0.00597269624573,-7,-0.000900900900901,-0.181702893457,-0.027027027027,-0.027027027027,0.027027027027,175,0,41,1116,0.810185185185,1,0,0.189814814815,1,0.810185185185,0.895140664962,0.884010791353,0.810185185185,0.810185185185,3,44,0,0,0,0
3170,WLNM_dir_neg,1,0.977272727273,00:00:03,10,80,3,1237887327,threshold_sweep,0.2,1,0.0681818181818,0.127659574468,3,0,41,88,0.0681818181818,1,0,0.931818181818,1,0.0681818181818,0.127659574468,0.689393939394,0.659090909091,0.0888888888889,0.215665546407,0.0681818181818,216,172,44,0,216,0,172,0,44,37,216,0.162162162162,1.32432432432,11.6756756757,21.6,6,8.1990990496,0.702237650082,0.31006006006,10.329336629,1.76937710775,0.765265265265,3.0868314707,0.528762798222,0.252752752753,0.579945114934,0.437917739848,2,1.32432432432,0.579945114934,2,0.0121701261701,0.00597269624573,7,0.000900900900901,0.621196581197,37,37,37,1,0,0.72972972973,0.243243243243,0.027027027027,37,0.129129129129,1.32432432432,9.2972972973,17.2,5.21212121212,6.82668320662,0.734265344899,0.355593966059,8.2973095245,1.7848863512,0.774984286612,2.79101948932,0.600393727355,0.328409805154,0.579945114934,0.437917739848,2,1.34285714286,0.591252764842,2,0,0,0,0,0.436098626012,37,35,35,0.945945945946,0,0.675675675676,0.216216216216,0.0540540540541,37,175,0.131381381381,1.32132132132,9.45945945946,17.5,5.14705882353,6.85401177979,0.724566959578,0.352277992278,8.32549180612,1.76024683901,0.770656370656,2.68378514466,0.567428859157,0.310424710425,0.571249793283,0.432332229917,2,1.33024691358,0.576730498416,2,0,0,0,0,0.43949368774,37,36,36,0.972972972973,0,0.702702702703,0.216216216216,0.0540540540541,-41,-0.0307807807808,-0.003003003003,-2.21621621622,-4.1,-0.852941176471,-1.34508726982,0.0223293094958,0.0422179322179,-2.00384482288,-0.00913026873655,0.00539110539111,-0.403046326043,0.0386660609344,0.057671957672,-0.00869532165105,-0.00558550993171,0,0.00592258925592,-0.00321461651838,0,-0.0121701261701,-0.00597269624573,-7,-0.000900900900901,-0.181702893457,-0.027027027027,-0.027027027027,0.027027027027,175,0,41,1116,0.810185185185,1,0,0.189814814815,1,0.810185185185,0.895140664962,0.884010791353,0.810185185185,0.810185185185,3,44,0,0,0,0
3171,WLNM_dir_neg,1,0.977272727273,00:00:03,10,80,3,1237887327,threshold_sweep,0.3,1,0.0681818181818,0.127659574468,3,0,41,88,0.0681818181818,1,0,0.931818181818,1,0.0681818181818,0.127659574468,0.689393939394,0.659090909091,0.0888888888889,0.215665546407,0.0681818181818,216,172,44,0,216,0,172,0,44,37,216,0.162162162162,1.32432432432,11.6756756757,21.6,6,8.1990990496,0.702237650082,0.31006006006,10.329336629,1.76937710775,0.765265265265,3.0868314707,0.528762798222,0.252752752753,0.579945114934,0.437917739848,2,1.32432432432,0.579945114934,2,0.0121701261701,0.00597269624573,7,0.000900900900901,0.621196581197,37,37,37,1,0,0.72972972973,0.243243243243,0.027027027027,37,0.129129129129,1.32432432432,9.2972972973,17.2,5.21212121212,6.82668320662,0.734265344899,0.355593966059,8.2973095245,1.7848863512,0.774984286612,2.79101948932,0.600393727355,0.328409805154,0.579945114934,0.437917739848,2,1.34285714286,0.591252764842,2,0,0,0,0,0.436098626012,37,35,35,0.945945945946,0,0.675675675676,0.216216216216,0.0540540540541,37,175,0.131381381381,1.32132132132,9.45945945946,17.5,5.14705882353,6.85401177979,0.724566959578,0.352277992278,8.32549180612,1.76024683901,0.770656370656,2.68378514466,0.567428859157,0.310424710425,0.571249793283,0.432332229917,2,1.33024691358,0.576730498416,2,0,0,0,0,0.43949368774,37,36,36,0.972972972973,0,0.702702702703,0.216216216216,0.0540540540541,-41,-0.0307807807808,-0.003003003003,-2.21621621622,-4.1,-0.852941176471,-1.34508726982,0.0223293094958,0.0422179322179,-2.00384482288,-0.00913026873655,0.00539110539111,-0.403046326043,0.0386660609344,0.057671957672,-0.00869532165105,-0.00558550993171,0,0.00592258925592,-0.00321461651838,0,-0.0121701261701,-0.00597269624573,-7,-0.000900900900901,-0.181702893457,-0.027027027027,-0.027027027027,0.027027027027,175,0,41,1116,0.810185185185,1,0,0.189814814815,1,0.810185185185,0.895140664962,0.884010791353,0.810185185185,0.810185185185,3,44,0,0,0,0
3172,WLNM_dir_neg,1,0.977272727273,00:00:03,10,80,3,1237887327,threshold_sweep,0.4,1,0.0681818181818,0.127659574468,3,0,41,88,0.0681818181818,1,0,0.931818181818,1,0.0681818181818,0.127659574468,0.689393939394,0.659090909091,0.0888888888889,0.215665546407,0.0681818181818,216,172,44,0,216,0,172,0,44,37,216,0.162162162162,1.32432432432,11.6756756757,21.6,6,8.1990990496,0.702237650082,0.31006006006,10.329336629,1.76937710775,0.765265265265,3.0868314707,0.528762798222,0.252752752753,0.579945114934,0.437917739848,2,1.32432432432,0.579945114934,2,0.0121701261701,0.00597269624573,7,0.000900900900901,0.621196581197,37,37,37,1,0,0.72972972973,0.243243243243,0.027027027027,37,0.129129129129,1.32432432432,9.2972972973,17.2,5.21212121212,6.82668320662,0.734265344899,0.355593966059,8.2973095245,1.7848863512,0.774984286612,2.79101948932,0.600393727355,0.328409805154,0.579945114934,0.437917739848,2,1.34285714286,0.591252764842,2,0,0,0,0,0.436098626012,37,35,35,0.945945945946,0,0.675675675676,0.216216216216,0.0540540540541,37,175,0.131381381381,1.32132132132,9.45945945946,17.5,5.14705882353,6.85401177979,0.724566959578,0.352277992278,8.32549180612,1.76024683901,0.770656370656,2.68378514466,0.567428859157,0.310424710425,0.571249793283,0.432332229917,2,1.33024691358,0.576730498416,2,0,0,0,0,0.43949368774,37,36,36,0.972972972973,0,0.702702702703,0.216216216216,0.0540540540541,-41,-0.0307807807808,-0.003003003003,-2.21621621622,-4.1,-0.852941176471,-1.34508726982,0.0223293094958,0.0422179322179,-2.00384482288,-0.00913026873655,0.00539110539111,-0.403046326043,0.0386660609344,0.057671957672,-0.00869532165105,-0.00558550993171,0,0.00592258925592,-0.00321461651838,0,-0.0121701261701,-0.00597269624573,-7,-0.000900900900901,-0.181702893457,-0.027027027027,-0.027027027027,0.027027027027,175,0,41,1116,0.810185185185,1,0,0.189814814815,1,0.810185185185,0.895140664962,0.884010791353,0.810185185185,0.810185185185,3,44,0,0,0,0
3173,WLNM_dir_neg,1,0.977272727273,00:00:03,10,80,3,1237887327,threshold_sweep,0.5,1,0.0681818181818,0.127659574468,3,0,41,88,0.0681818181818,1,0,0.931818181818,1,0.0681818181818,0.127659574468,0.689393939394,0.659090909091,0.0888888888889,0.215665546407,0.0681818181818,216,172,44,0,216,0,172,0,44,37,216,0.162162162162,1.32432432432,11.6756756757,21.6,6,8.1990990496,0.702237650082,0.31006006006,10.329336629,1.76937710775,0.765265265265,3.0868314707,0.528762798222,0.252752752753,0.579945114934,0.437917739848,2,1.32432432432,0.579945114934,2,0.0121701261701,0.00597269624573,7,0.000900900900901,0.621196581197,37,37,37,1,0,0.72972972973,0.243243243243,0.027027027027,37,0.129129129129,1.32432432432,9.2972972973,17.2,5.21212121212,6.82668320662,0.734265344899,0.355593966059,8.2973095245,1.7848863512,0.774984286612,2.79101948932,0.600393727355,0.328409805154,0.579945114934,0.437917739848,2,1.34285714286,0.591252764842,2,0,0,0,0,0.436098626012,37,35,35,0.945945945946,0,0.675675675676,0.216216216216,0.0540540540541,37,175,0.131381381381,1.32132132132,9.45945945946,17.5,5.14705882353,6.85401177979,0.724566959578,0.352277992278,8.32549180612,1.76024683901,0.770656370656,2.68378514466,0.567428859157,0.310424710425,0.571249793283,0.432332229917,2,1.33024691358,0.576730498416,2,0,0,0,0,0.43949368774,37,36,36,0.972972972973,0,0.702702702703,0.216216216216,0.0540540540541,-41,-0.0307807807808,-0.003003003003,-2.21621621622,-4.1,-0.852941176471,-1.34508726982,0.0223293094958,0.0422179322179,-2.00384482288,-0.00913026873655,0.00539110539111,-0.403046326043,0.0386660609344,0.057671957672,-0.00869532165105,-0.00558550993171,0,0.00592258925592,-0.00321461651838,0,-0.0121701261701,-0.00597269624573,-7,-0.000900900900901,-0.181702893457,-0.027027027027,-0.027027027027,0.027027027027,175,0,41,1116,0.810185185185,1,0,0.189814814815,1,0.810185185185,0.895140664962,0.884010791353,0.810185185185,0.810185185185,3,44,0,0,0,0
3174,WLNM_dir_neg,1,0.977272727273,00:00:03,10,80,3,1237887327,threshold_sweep,0.6,1,0.0681818181818,0.127659574468,3,0,41,88,0.0681818181818,1,0,0.931818181818,1,0.0681818181818,0.127659574468,0.689393939394,0.659090909091,0.0888888888889,0.215665546407,0.0681818181818,216,172,44,0,216,0,172,0,44,37,216,0.162162162162,1.32432432432,11.6756756757,21.6,6,8.1990990496,0.702237650082,0.31006006006,10.329336629,1.76937710775,0.765265265265,3.0868314707,0.528762798222,0.252752752753,0.579945114934,0.437917739848,2,1.32432432432,0.579945114934,2,0.0121701261701,0.00597269624573,7,0.000900900900901,0.621196581197,37,37,37,1,0,0.72972972973,0.243243243243,0.027027027027,37,0.129129129129,1.32432432432,9.2972972973,17.2,5.21212121212,6.82668320662,0.734265344899,0.355593966059,8.2973095245,1.7848863512,0.774984286612,2.79101948932,0.600393727355,0.328409805154,0.579945114934,0.437917739848,2,1.34285714286,0.591252764842,2,0,0,0,0,0.436098626012,37,35,35,0.945945945946,0,0.675675675676,0.216216216216,0.0540540540541,37,175,0.131381381381,1.32132132132,9.45945945946,17.5,5.14705882353,6.85401177979,0.724566959578,0.352277992278,8.32549180612,1.76024683901,0.770656370656,2.68378514466,0.567428859157,0.310424710425,0.571249793283,0.432332229917,2,1.33024691358,0.576730498416,2,0,0,0,0,0.43949368774,37,36,36,0.972972972973,0,0.702702702703,0.216216216216,0.0540540540541,-41,-0.0307807807808,-0.003003003003,-2.21621621622,-4.1,-0.852941176471,-1.34508726982,0.0223293094958,0.0422179322179,-2.00384482288,-0.00913026873655,0.00539110539111,-0.403046326043,0.0386660609344,0.057671957672,-0.00869532165105,-0.00558550993171,0,0.00592258925592,-0.00321461651838,0,-0.0121701261701,-0.00597269624573,-7,-0.000900900900901,-0.181702893457,-0.027027027027,-0.027027027027,0.027027027027,175,0,41,1116,0.810185185185,1,0,0.189814814815,1,0.810185185185,0.895140664962,0.884010791353,0.810185185185,0.810185185185,3,44,0,0,0,0
3175,WLNM_dir_neg,1,0.977272727273,00:00:03,10,80,3,1237887327,threshold_sweep,0.7,1,0.0681818181818,0.127659574468,3,0,41,88,0.0681818181818,1,0,0.931818181818,1,0.0681818181818,0.127659574468,0.689393939394,0.659090909091,0.0888888888889,0.215665546407,0.0681818181818,216,172,44,0,216,0,172,0,44,37,216,0.162162162162,1.32432432432,11.6756756757,21.6,6,8.1990990496,0.702237650082,0.31006006006,10.329336629,1.76937710775,0.765265265265,3.0868314707,0.528762798222,0.252752752753,0.579945114934,0.437917739848,2,1.32432432432,0.579945114934,2,0.0121701261701,0.00597269624573,7,0.000900900900901,0.621196581197,37,37,37,1,0,0.72972972973,0.243243243243,0.027027027027,37,0.129129129129,1.32432432432,9.2972972973,17.2,5.21212121212,6.82668320662,0.734265344899,0.355593966059,8.2973095245,1.7848863512,0.774984286612,2.79101948932,0.600393727355,0.328409805154,0.579945114934,0.437917739848,2,1.34285714286,0.591252764842,2,0,0,0,0,0.436098626012,37,35,35,0.945945945946,0,0.675675675676,0.216216216216,0.0540540540541,37,175,0.131381381381,1.32132132132,9.45945945946,17.5,5.14705882353,6.85401177979,0.724566959578,0.352277992278,8.32549180612,1.76024683901,0.770656370656,2.68378514466,0.567428859157,0.310424710425,0.571249793283,0.432332229917,2,1.33024691358,0.576730498416,2,0,0,0,0,0.43949368774,37,36,36,0.972972972973,0,0.702702702703,0.216216216216,0.0540540540541,-41,-0.0307807807808,-0.003003003003,-2.21621621622,-4.1,-0.852941176471,-1.34508726982,0.0223293094958,0.0422179322179,-2.00384482288,-0.00913026873655,0.00539110539111,-0.403046326043,0.0386660609344,0.057671957672,-0.00869532165105,-0.00558550993171,0,0.00592258925592,-0.00321461651838,0,-0.0121701261701,-0.00597269624573,-7,-0.000900900900901,-0.181702893457,-0.027027027027,-0.027027027027,0.027027027027,175,0,41,1116,0.810185185185,1,0,0.189814814815,1,0.810185185185,0.895140664962,0.884010791353,0.810185185185,0.810185185185,3,44,0,0,0,0
3176,WLNM_dir_neg,1,0.977272727273,00:00:03,10,80,3,1237887327,threshold_sweep,0.8,1,0.0681818181818,0.127659574468,3,0,41,88,0.0681818181818,1,0,0.931818181818,1,0.0681818181818,0.127659574468,0.689393939394,0.659090909091,0.0888888888889,0.215665546407,0.0681818181818,216,172,44,0,216,0,172,0,44,37,216,0.162162162162,1.32432432432,11.6756756757,21.6,6,8.1990990496,0.702237650082,0.31006006006,10.329336629,1.76937710775,0.765265265265,3.0868314707,0.528762798222,0.252752752753,0.579945114934,0.437917739848,2,1.32432432432,0.579945114934,2,0.0121701261701,0.00597269624573,7,0.000900900900901,0.621196581197,37,37,37,1,0,0.72972972973,0.243243243243,0.027027027027,37,0.129129129129,1.32432432432,9.2972972973,17.2,5.21212121212,6.82668320662,0.734265344899,0.355593966059,8.2973095245,1.7848863512,0.774984286612,2.79101948932,0.600393727355,0.328409805154,0.579945114934,0.437917739848,2,1.34285714286,0.591252764842,2,0,0,0,0,0.436098626012,37,35,35,0.945945945946,0,0.675675675676,0.216216216216,0.0540540540541,37,175,0.131381381381,1.32132132132,9.45945945946,17.5,5.14705882353,6.85401177979,0.724566959578,0.352277992278,8.32549180612,1.76024683901,0.770656370656,2.68378514466,0.567428859157,0.310424710425,0.571249793283,0.432332229917,2,1.33024691358,0.576730498416,2,0,0,0,0,0.43949368774,37,36,36,0.972972972973,0,0.702702702703,0.216216216216,0.0540540540541,-41,-0.0307807807808,-0.003003003003,-2.21621621622,-4.1,-0.852941176471,-1.34508726982,0.0223293094958,0.0422179322179,-2.00384482288,-0.00913026873655,0.00539110539111,-0.403046326043,0.0386660609344,0.057671957672,-0.00869532165105,-0.00558550993171,0,0.00592258925592,-0.00321461651838,0,-0.0121701261701,-0.00597269624573,-7,-0.000900900900901,-0.181702893457,-0.027027027027,-0.027027027027,0.027027027027,175,0,41,1116,0.810185185185,1,0,0.189814814815,1,0.810185185185,0.895140664962,0.884010791353,0.810185185185,0.810185185185,3,44,0,0,0,0
3177,WLNM_dir_neg,1,0.977272727273,00:00:03,10,80,3,1237887327,threshold_sweep,0.9,1,0.0681818181818,0.127659574468,3,0,41,88,0.0681818181818,1,0,0.931818181818,1,0.0681818181818,0.127659574468,0.689393939394,0.659090909091,0.0888888888889,0.215665546407,0.0681818181818,216,172,44,0,216,0,172,0,44,37,216,0.162162162162,1.32432432432,11.6756756757,21.6,6,8.1990990496,0.702237650082,0.31006006006,10.329336629,1.76937710775,0.765265265265,3.0868314707,0.528762798222,0.252752752753,0.579945114934,0.437917739848,2,1.32432432432,0.579945114934,2,0.0121701261701,0.00597269624573,7,0.000900900900901,0.621196581197,37,37,37,1,0,0.72972972973,0.243243243243,0.027027027027,37,0.129129129129,1.32432432432,9.2972972973,17.2,5.21212121212,6.82668320662,0.734265344899,0.355593966059,8.2973095245,1.7848863512,0.774984286612,2.79101948932,0.600393727355,0.328409805154,0.579945114934,0.437917739848,2,1.34285714286,0.591252764842,2,0,0,0,0,0.436098626012,37,35,35,0.945945945946,0,0.675675675676,0.216216216216,0.0540540540541,37,175,0.131381381381,1.32132132132,9.45945945946,17.5,5.14705882353,6.85401177979,0.724566959578,0.352277992278,8.32549180612,1.76024683901,0.770656370656,2.68378514466,0.567428859157,0.310424710425,0.571249793283,0.432332229917,2,1.33024691358,0.576730498416,2,0,0,0,0,0.43949368774,37,36,36,0.972972972973,0,0.702702702703,0.216216216216,0.0540540540541,-41,-0.0307807807808,-0.003003003003,-2.21621621622,-4.1,-0.852941176471,-1.34508726982,0.0223293094958,0.0422179322179,-2.00384482288,-0.00913026873655,0.00539110539111,-0.403046326043,0.0386660609344,0.057671957672,-0.00869532165105,-0.00558550993171,0,0.00592258925592,-0.00321461651838,0,-0.0121701261701,-0.00597269624573,-7,-0.000900900900901,-0.181702893457,-0.027027027027,-0.027027027027,0.027027027027,175,0,41,1116,0.810185185185,1,0,0.189814814815,1,0.810185185185,0.895140664962,0.884010791353,0.810185185185,0.810185185185,3,44,0,0,0,0
3178,WLNM_dir_neg,1,0,00:00:03,10,80,4,1237887328,threshold_sweep,0.1,0,0,0,0,0,44,88,0,1,0,1,0,0,0,0.666666666667,0.666666666667,0,0,0,216,172,44,0,216,0,172,0,44,37,216,0.162162162162,1.32432432432,11.6756756757,21.6,6,8.1990990496,0.702237650082,0.31006006006,10.329336629,1.76937710775,0.765265265265,3.0868314707,0.528762798222,0.252752752753,0.579945114934,0.437917739848,2,1.32432432432,0.579945114934,2,0.0121701261701,0.00597269624573,7,0.000900900900901,0.621196581197,37,37,37,1,0,0.72972972973,0.243243243243,0.027027027027,37,0.129129129129,1.32432432432,9.2972972973,17.2,4.77777777778,6.65359078019,0.715647845544,0.350251414205,8.11451448611,1.74556416271,0.765870521684,2.48569480803,0.534713418007,0.29384035198,0.579945114934,0.437917739848,2,1.32432432432,0.579945114934,2,0.0124859768469,0.00944244604317,7,0.000900900900901,0.406175376958,37,37,37,1,0,0.72972972973,0.243243243243,0.027027027027,37,172,0.129129129129,1.32432432432,9.2972972973,17.2,4.77777777778,6.65359078019,0.715647845544,0.350251414205,8.11451448611,1.74556416271,0.765870521684,2.48569480803,0.534713418007,0.29384035198,0.579945114934,0.437917739848,2,1.32432432432,0.579945114934,2,0.0124859768469,0.00944244604317,7,0.000900900900901,0.406175376958,37,37,37,1,0,0.72972972973,0.243243243243,0.027027027027,-44,-0.033033033033,0,-2.37837837838,-4.4,-1.22222222222,-1.54550826941,0.0134101954622,0.0401913541448,-2.21482214289,-0.0238129450349,0.00060525641921,-0.601136662672,0.0059506197845,0.0410875992271,0,0,0,0,0,0,0.000315850676753,0.00346974979743,0,0,-0.215021204239,0,0,0,172,0,44,1116,0.796296296296,1,0,0.203703703704,1,0.796296296296,0.886597938144,0.875266790198,0.796296296296,0.796296296296,0,44,0,0,0,0
3179,WLNM_dir_neg,1,0,00:00:03,10,80,4,1237887328,threshold_sweep,0.2,0,0,0,0,0,44,88,0,1,0,1,0,0,0,0.666666666667,0.666666666667,0,0,0,216,172,44,0,216,0,172,0,44,37,216,0.162162162162,1.32432432432,11.6756756757,21.6,6,8.1990990496,0.702237650082,0.31006006006,10.329336629,1.76937710775,0.765265265265,3.0868314707,0.528762798222,0.252752752753,0.579945114934,0.437917739848,2,1.32432432432,0.579945114934,2,0.0121701261701,0.00597269624573,7,0.000900900900901,0.621196581197,37,37,37,1,0,0.72972972973,0.243243243243,0.027027027027,37,0.129129129129,1.32432432432,9.2972972973,17.2,4.77777777778,6.65359078019,0.715647845544,0.350251414205,8.11451448611,1.74556416271,0.765870521684,2.48569480803,0.534713418007,0.29384035198,0.579945114934,0.437917739848,2,1.32432432432,0.579945114934,2,0.0124859768469,0.00944244604317,7,0.000900900900901,0.406175376958,37,37,37,1,0,0.72972972973,0.243243243243,0.027027027027,37,172,0.129129129129,1.32432432432,9.2972972973,17.2,4.77777777778,6.65359078019,0.715647845544,0.350251414205,8.11451448611,1.74556416271,0.765870521684,2.48569480803,0.534713418007,0.29384035198,0.579945114934,0.437917739848,2,1.32432432432,0.579945114934,2,0.0124859768469,0.00944244604317,7,0.000900900900901,0.406175376958,37,37,37,1,0,0.72972972973,0.243243243243,0.027027027027,-44,-0.033033033033,0,-2.37837837838,-4.4,-1.22222222222,-1.54550826941,0.0134101954622,0.0401913541448,-2.21482214289,-0.0238129450349,0.00060525641921,-0.601136662672,0.0059506197845,0.0410875992271,0,0,0,0,0,0,0.000315850676753,0.00346974979743,0,0,-0.215021204239,0,0,0,172,0,44,1116,0.796296296296,1,0,0.203703703704,1,0.796296296296,0.886597938144,0.875266790198,0.796296296296,0.796296296296,0,44,0,0,0,0
3180,WLNM_dir_neg,1,0,00:00:03,10,80,4,1237887328,threshold_sweep,0.3,0,0,0,0,0,44,88,0,1,0,1,0,0,0,0.666666666667,0.666666666667,0,0,0,216,172,44,0,216,0,172,0,44,37,216,0.162162162162,1.32432432432,11.6756756757,21.6,6,8.1990990496,0.702237650082,0.31006006006,10.329336629,1.76937710775,0.765265265265,3.0868314707,0.528762798222,0.252752752753,0.579945114934,0.437917739848,2,1.32432432432,0.579945114934,2,0.0121701261701,0.00597269624573,7,0.000900900900901,0.621196581197,37,37,37,1,0,0.72972972973,0.243243243243,0.027027027027,37,0.129129129129,1.32432432432,9.2972972973,17.2,4.77777777778,6.65359078019,0.715647845544,0.350251414205,8.11451448611,1.74556416271,0.765870521684,2.48569480803,0.534713418007,0.29384035198,0.579945114934,0.437917739848,2,1.32432432432,0.579945114934,2,0.0124859768469,0.00944244604317,7,0.000900900900901,0.406175376958,37,37,37,1,0,0.72972972973,0.243243243243,0.027027027027,37,172,0.129129129129,1.32432432432,9.2972972973,17.2,4.77777777778,6.65359078019,0.715647845544,0.350251414205,8.11451448611,1.74556416271,0.765870521684,2.48569480803,0.534713418007,0.29384035198,0.579945114934,0.437917739848,2,1.32432432432,0.579945114934,2,0.0124859768469,0.00944244604317,7,0.000900900900901,0.406175376958,37,37,37,1,0,0.72972972973,0.243243243243,0.027027027027,-44,-0.033033033033,0,-2.37837837838,-4.4,-1.22222222222,-1.54550826941,0.0134101954622,0.0401913541448,-2.21482214289,-0.0238129450349,0.00060525641921,-0.601136662672,0.0059506197845,0.0410875992271,0,0,0,0,0,0,0.000315850676753,0.00346974979743,0,0,-0.215021204239,0,0,0,172,0,44,1116,0.796296296296,1,0,0.203703703704,1,0.796296296296,0.886597938144,0.875266790198,0.796296296296,0.796296296296,0,44,0,0,0,0
3181,WLNM_dir_neg,1,0,00:00:03,10,80,4,1237887328,threshold_sweep,0.4,0,0,0,0,0,44,88,0,1,0,1,0,0,0,0.666666666667,0.666666666667,0,0,0,216,172,44,0,216,0,172,0,44,37,216,0.162162162162,1.32432432432,11.6756756757,21.6,6,8.1990990496,0.702237650082,0.31006006006,10.329336629,1.76937710775,0.765265265265,3.0868314707,0.528762798222,0.252752752753,0.579945114934,0.437917739848,2,1.32432432432,0.579945114934,2,0.0121701261701,0.00597269624573,7,0.000900900900901,0.621196581197,37,37,37,1,0,0.72972972973,0.243243243243,0.027027027027,37,0.129129129129,1.32432432432,9.2972972973,17.2,4.77777777778,6.65359078019,0.715647845544,0.350251414205,8.11451448611,1.74556416271,0.765870521684,2.48569480803,0.534713418007,0.29384035198,0.579945114934,0.437917739848,2,1.32432432432,0.579945114934,2,0.0124859768469,0.00944244604317,7,0.000900900900901,0.406175376958,37,37,37,1,0,0.72972972973,0.243243243243,0.027027027027,37,172,0.129129129129,1.32432432432,9.2972972973,17.2,4.77777777778,6.65359078019,0.715647845544,0.350251414205,8.11451448611,1.74556416271,0.765870521684,2.48569480803,0.534713418007,0.29384035198,0.579945114934,0.437917739848,2,1.32432432432,0.579945114934,2,0.0124859768469,0.00944244604317,7,0.000900900900901,0.406175376958,37,37,37,1,0,0.72972972973,0.243243243243,0.027027027027,-44,-0.033033033033,0,-2.37837837838,-4.4,-1.22222222222,-1.54550826941,0.0134101954622,0.0401913541448,-2.21482214289,-0.0238129450349,0.00060525641921,-0.601136662672,0.0059506197845,0.0410875992271,0,0,0,0,0,0,0.000315850676753,0.00346974979743,0,0,-0.215021204239,0,0,0,172,0,44,1116,0.796296296296,1,0,0.203703703704,1,0.796296296296,0.886597938144,0.875266790198,0.796296296296,0.796296296296,0,44,0,0,0,0
3182,WLNM_dir_neg,1,0,00:00:03,10,80,4,1237887328,threshold_sweep,0.5,0,0,0,0,0,44,88,0,1,0,1,0,0,0,0.666666666667,0.666666666667,0,0,0,216,172,44,0,216,0,172,0,44,37,216,0.162162162162,1.32432432432,11.6756756757,21.6,6,8.1990990496,0.702237650082,0.31006006006,10.329336629,1.76937710775,0.765265265265,3.0868314707,0.528762798222,0.252752752753,0.579945114934,0.437917739848,2,1.32432432432,0.579945114934,2,0.0121701261701,0.00597269624573,7,0.000900900900901,0.621196581197,37,37,37,1,0,0.72972972973,0.243243243243,0.027027027027,37,0.129129129129,1.32432432432,9.2972972973,17.2,4.77777777778,6.65359078019,0.715647845544,0.350251414205,8.11451448611,1.74556416271,0.765870521684,2.48569480803,0.534713418007,0.29384035198,0.579945114934,0.437917739848,2,1.32432432432,0.579945114934,2,0.0124859768469,0.00944244604317,7,0.000900900900901,0.406175376958,37,37,37,1,0,0.72972972973,0.243243243243,0.027027027027,37,172,0.129129129129,1.32432432432,9.2972972973,17.2,4.77777777778,6.65359078019,0.715647845544,0.350251414205,8.11451448611,1.74556416271,0.765870521684,2.48569480803,0.534713418007,0.29384035198,0.579945114934,0.437917739848,2,1.32432432432,0.579945114934,2,0.0124859768469,0.00944244604317,7,0.000900900900901,0.406175376958,37,37,37,1,0,0.72972972973,0.243243243243,0.027027027027,-44,-0.033033033033,0,-2.37837837838,-4.4,-1.22222222222,-1.54550826941,0.0134101954622,0.0401913541448,-2.21482214289,-0.0238129450349,0.00060525641921,-0.601136662672,0.0059506197845,0.0410875992271,0,0,0,0,0,0,0.000315850676753,0.00346974979743,0,0,-0.215021204239,0,0,0,172,0,44,1116,0.796296296296,1,0,0.203703703704,1,0.796296296296,0.886597938144,0.875266790198,0.796296296296,0.796296296296,0,44,0,0,0,0
3183,WLNM_dir_neg,1,0,00:00:03,10,80,4,1237887328,threshold_sweep,0.6,0,0,0,0,0,44,88,0,1,0,1,0,0,0,0.666666666667,0.666666666667,0,0,0,216,172,44,0,216,0,172,0,44,37,216,0.162162162162,1.32432432432,11.6756756757,21.6,6,8.1990990496,0.702237650082,0.31006006006,10.329336629,1.76937710775,0.765265265265,3.0868314707,0.528762798222,0.252752752753,0.579945114934,0.437917739848,2,1.32432432432,0.579945114934,2,0.0121701261701,0.00597269624573,7,0.000900900900901,0.621196581197,37,37,37,1,0,0.72972972973,0.243243243243,0.027027027027,37,0.129129129129,1.32432432432,9.2972972973,17.2,4.77777777778,6.65359078019,0.715647845544,0.350251414205,8.11451448611,1.74556416271,0.765870521684,2.48569480803,0.534713418007,0.29384035198,0.579945114934,0.437917739848,2,1.32432432432,0.579945114934,2,0.0124859768469,0.00944244604317,7,0.000900900900901,0.406175376958,37,37,37,1,0,0.72972972973,0.243243243243,0.027027027027,37,172,0.129129129129,1.32432432432,9.2972972973,17.2,4.77777777778,6.65359078019,0.715647845544,0.350251414205,8.11451448611,1.74556416271,0.765870521684,2.48569480803,0.534713418007,0.29384035198,0.579945114934,0.437917739848,2,1.32432432432,0.579945114934,2,0.0124859768469,0.00944244604317,7,0.000900900900901,0.406175376958,37,37,37,1,0,0.72972972973,0.243243243243,0.027027027027,-44,-0.033033033033,0,-2.37837837838,-4.4,-1.22222222222,-1.54550826941,0.0134101954622,0.0401913541448,-2.21482214289,-0.0238129450349,0.00060525641921,-0.601136662672,0.0059506197845,0.0410875992271,0,0,0,0,0,0,0.000315850676753,0.00346974979743,0,0,-0.215021204239,0,0,0,172,0,44,1116,0.796296296296,1,0,0.203703703704,1,0.796296296296,0.886597938144,0.875266790198,0.796296296296,0.796296296296,0,44,0,0,0,0
3184,WLNM_dir_neg,1,0,00:00:03,10,80,4,1237887328,threshold_sweep,0.7,0,0,0,0,0,44,88,0,1,0,1,0,0,0,0.666666666667,0.666666666667,0,0,0,216,172,44,0,216,0,172,0,44,37,216,0.162162162162,1.32432432432,11.6756756757,21.6,6,8.1990990496,0.702237650082,0.31006006006,10.329336629,1.76937710775,0.765265265265,3.0868314707,0.528762798222,0.252752752753,0.579945114934,0.437917739848,2,1.32432432432,0.579945114934,2,0.0121701261701,0.00597269624573,7,0.000900900900901,0.621196581197,37,37,37,1,0,0.72972972973,0.243243243243,0.027027027027,37,0.129129129129,1.32432432432,9.2972972973,17.2,4.77777777778,6.65359078019,0.715647845544,0.350251414205,8.11451448611,1.74556416271,0.765870521684,2.48569480803,0.534713418007,0.29384035198,0.579945114934,0.437917739848,2,1.32432432432,0.579945114934,2,0.0124859768469,0.00944244604317,7,0.000900900900901,0.406175376958,37,37,37,1,0,0.72972972973,0.243243243243,0.027027027027,37,172,0.129129129129,1.32432432432,9.2972972973,17.2,4.77777777778,6.65359078019,0.715647845544,0.350251414205,8.11451448611,1.74556416271,0.765870521684,2.48569480803,0.534713418007,0.29384035198,0.579945114934,0.437917739848,2,1.32432432432,0.579945114934,2,0.0124859768469,0.00944244604317,7,0.000900900900901,0.406175376958,37,37,37,1,0,0.72972972973,0.243243243243,0.027027027027,-44,-0.033033033033,0,-2.37837837838,-4.4,-1.22222222222,-1.54550826941,0.0134101954622,0.0401913541448,-2.21482214289,-0.0238129450349,0.00060525641921,-0.601136662672,0.0059506197845,0.0410875992271,0,0,0,0,0,0,0.000315850676753,0.00346974979743,0,0,-0.215021204239,0,0,0,172,0,44,1116,0.796296296296,1,0,0.203703703704,1,0.796296296296,0.886597938144,0.875266790198,0.796296296296,0.796296296296,0,44,0,0,0,0
3185,WLNM_dir_neg,1,0,00:00:03,10,80,4,1237887328,threshold_sweep,0.8,0,0,0,0,0,44,88,0,1,0,1,0,0,0,0.666666666667,0.666666666667,0,0,0,216,172,44,0,216,0,172,0,44,37,216,0.162162162162,1.32432432432,11.6756756757,21.6,6,8.1990990496,0.702237650082,0.31006006006,10.329336629,1.76937710775,0.765265265265,3.0868314707,0.528762798222,0.252752752753,0.579945114934,0.437917739848,2,1.32432432432,0.579945114934,2,0.0121701261701,0.00597269624573,7,0.000900900900901,0.621196581197,37,37,37,1,0,0.72972972973,0.243243243243,0.027027027027,37,0.129129129129,1.32432432432,9.2972972973,17.2,4.77777777778,6.65359078019,0.715647845544,0.350251414205,8.11451448611,1.74556416271,0.765870521684,2.48569480803,0.534713418007,0.29384035198,0.579945114934,0.437917739848,2,1.32432432432,0.579945114934,2,0.0124859768469,0.00944244604317,7,0.000900900900901,0.406175376958,37,37,37,1,0,0.72972972973,0.243243243243,0.027027027027,37,172,0.129129129129,1.32432432432,9.2972972973,17.2,4.77777777778,6.65359078019,0.715647845544,0.350251414205,8.11451448611,1.74556416271,0.765870521684,2.48569480803,0.534713418007,0.29384035198,0.579945114934,0.437917739848,2,1.32432432432,0.579945114934,2,0.0124859768469,0.00944244604317,7,0.000900900900901,0.406175376958,37,37,37,1,0,0.72972972973,0.243243243243,0.027027027027,-44,-0.033033033033,0,-2.37837837838,-4.4,-1.22222222222,-1.54550826941,0.0134101954622,0.0401913541448,-2.21482214289,-0.0238129450349,0.00060525641921,-0.601136662672,0.0059506197845,0.0410875992271,0,0,0,0,0,0,0.000315850676753,0.00346974979743,0,0,-0.215021204239,0,0,0,172,0,44,1116,0.796296296296,1,0,0.203703703704,1,0.796296296296,0.886597938144,0.875266790198,0.796296296296,0.796296296296,0,44,0,0,0,0
3186,WLNM_dir_neg,1,0,00:00:03,10,80,4,1237887328,threshold_sweep,0.9,0,0,0,0,0,44,88,0,1,0,1,0,0,0,0.666666666667,0.666666666667,0,0,0,216,172,44,0,216,0,172,0,44,37,216,0.162162162162,1.32432432432,11.6756756757,21.6,6,8.1990990496,0.702237650082,0.31006006006,10.329336629,1.76937710775,0.765265265265,3.0868314707,0.528762798222,0.252752752753,0.579945114934,0.437917739848,2,1.32432432432,0.579945114934,2,0.0121701261701,0.00597269624573,7,0.000900900900901,0.621196581197,37,37,37,1,0,0.72972972973,0.243243243243,0.027027027027,37,0.129129129129,1.32432432432,9.2972972973,17.2,4.77777777778,6.65359078019,0.715647845544,0.350251414205,8.11451448611,1.74556416271,0.765870521684,2.48569480803,0.534713418007,0.29384035198,0.579945114934,0.437917739848,2,1.32432432432,0.579945114934,2,0.0124859768469,0.00944244604317,7,0.000900900900901,0.406175376958,37,37,37,1,0,0.72972972973,0.243243243243,0.027027027027,37,172,0.129129129129,1.32432432432,9.2972972973,17.2,4.77777777778,6.65359078019,0.715647845544,0.350251414205,8.11451448611,1.74556416271,0.765870521684,2.48569480803,0.534713418007,0.29384035198,0.579945114934,0.437917739848,2,1.32432432432,0.579945114934,2,0.0124859768469,0.00944244604317,7,0.000900900900901,0.406175376958,37,37,37,1,0,0.72972972973,0.243243243243,0.027027027027,-44,-0.033033033033,0,-2.37837837838,-4.4,-1.22222222222,-1.54550826941,0.0134101954622,0.0401913541448,-2.21482214289,-0.0238129450349,0.00060525641921,-0.601136662672,0.0059506197845,0.0410875992271,0,0,0,0,0,0,0.000315850676753,0.00346974979743,0,0,-0.215021204239,0,0,0,172,0,44,1116,0.796296296296,1,0,0.203703703704,1,0.796296296296,0.886597938144,0.875266790198,0.796296296296,0.796296296296,0,44,0,0,0,0
3187,WLNM_dir_neg,0.992768595041,0.894995307774,00:00:03,10,80,5,1237887329,threshold_sweep,0.1,0,0,0,0,0,44,88,0,1,0,1,0,0,0,0.666666666667,0.666666666667,0,0,0,216,172,44,0,216,0,172,0,44,37,216,0.162162162162,1.32432432432,11.6756756757,21.6,6,8.1990990496,0.702237650082,0.31006006006,10.329336629,1.76937710775,0.765265265265,3.0868314707,0.528762798222,0.252752752753,0.579945114934,0.437917739848,2,1.32432432432,0.579945114934,2,0.0121701261701,0.00597269624573,7,0.000900900900901,0.621196581197,37,37,37,1,0,0.72972972973,0.243243243243,0.027027027027,37,0.129129129129,1.32094594595,9.2972972973,17.2,5.05882352941,6.74069261552,0.725016356902,0.350879949717,8.45976167321,1.81983245296,0.779069767442,2.79101948932,0.600393727355,0.324952859837,0.570194700955,0.431656346503,2,1.32094594595,0.570194700955,2,0,0,0,0,0.418507460334,37,37,37,1,0,0.72972972973,0.189189189189,0.0810810810811,37,172,0.129129129129,1.32094594595,9.2972972973,17.2,5.05882352941,6.74069261552,0.725016356902,0.350879949717,8.45976167321,1.81983245296,0.779069767442,2.79101948932,0.600393727355,0.324952859837,0.570194700955,0.431656346503,2,1.32094594595,0.570194700955,2,0,0,0,0,0.418507460334,37,37,37,1,0,0.72972972973,0.189189189189,0.0810810810811,-44,-0.033033033033,-0.00337837837838,-2.37837837838,-4.4,-0.941176470588,-1.45840643408,0.0227787068201,0.0408198896571,-1.86957495579,0.0504553452133,0.0138045021766,-0.295811981379,0.0716309291323,0.0722001070838,-0.0097504139796,-0.00626139334556,0,-0.00337837837838,-0.0097504139796,0,-0.0121701261701,-0.00597269624573,-7,-0.000900900900901,-0.202689120863,0,-0.0540540540541,0.0540540540541,172,0,44,1116,0.796296296296,1,0,0.203703703704,1,0.796296296296,0.886597938144,0.875266790198,0.796296296296,0.796296296296,0,44,0,0,0,0
3188,WLNM_dir_neg,0.992768595041,0.894995307774,00:00:03,10,80,5,1237887329,threshold_sweep,0.2,0,0,0,0,0,44,88,0,1,0,1,0,0,0,0.666666666667,0.666666666667,0,0,0,216,172,44,0,216,0,172,0,44,37,216,0.162162162162,1.32432432432,11.6756756757,21.6,6,8.1990990496,0.702237650082,0.31006006006,10.329336629,1.76937710775,0.765265265265,3.0868314707,0.528762798222,0.252752752753,0.579945114934,0.437917739848,2,1.32432432432,0.579945114934,2,0.0121701261701,0.00597269624573,7,0.000900900900901,0.621196581197,37,37,37,1,0,0.72972972973,0.243243243243,0.027027027027,37,0.129129129129,1.32094594595,9.2972972973,17.2,5.05882352941,6.74069261552,0.725016356902,0.350879949717,8.45976167321,1.81983245296,0.779069767442,2.79101948932,0.600393727355,0.324952859837,0.570194700955,0.431656346503,2,1.32094594595,0.570194700955,2,0,0,0,0,0.418507460334,37,37,37,1,0,0.72972972973,0.189189189189,0.0810810810811,37,172,0.129129129129,1.32094594595,9.2972972973,17.2,5.05882352941,6.74069261552,0.725016356902,0.350879949717,8.45976167321,1.81983245296,0.779069767442,2.79101948932,0.600393727355,0.324952859837,0.570194700955,0.431656346503,2,1.32094594595,0.570194700955,2,0,0,0,0,0.418507460334,37,37,37,1,0,0.72972972973,0.189189189189,0.0810810810811,-44,-0.033033033033,-0.00337837837838,-2.37837837838,-4.4,-0.941176470588,-1.45840643408,0.0227787068201,0.0408198896571,-1.86957495579,0.0504553452133,0.0138045021766,-0.295811981379,0.0716309291323,0.0722001070838,-0.0097504139796,-0.00626139334556,0,-0.00337837837838,-0.0097504139796,0,-0.0121701261701,-0.00597269624573,-7,-0.000900900900901,-0.202689120863,0,-0.0540540540541,0.0540540540541,172,0,44,1116,0.796296296296,1,0,0.203703703704,1,0.796296296296,0.886597938144,0.875266790198,0.796296296296,0.796296296296,0,44,0,0,0,0
3189,WLNM_dir_neg,0.992768595041,0.894995307774,00:00:03,10,80,5,1237887329,threshold_sweep,0.3,0,0,0,0,0,44,88,0,1,0,1,0,0,0,0.666666666667,0.666666666667,0,0,0,216,172,44,0,216,0,172,0,44,37,216,0.162162162162,1.32432432432,11.6756756757,21.6,6,8.1990990496,0.702237650082,0.31006006006,10.329336629,1.76937710775,0.765265265265,3.0868314707,0.528762798222,0.252752752753,0.579945114934,0.437917739848,2,1.32432432432,0.579945114934,2,0.0121701261701,0.00597269624573,7,0.000900900900901,0.621196581197,37,37,37,1,0,0.72972972973,0.243243243243,0.027027027027,37,0.129129129129,1.32094594595,9.2972972973,17.2,5.05882352941,6.74069261552,0.725016356902,0.350879949717,8.45976167321,1.81983245296,0.779069767442,2.79101948932,0.600393727355,0.324952859837,0.570194700955,0.431656346503,2,1.32094594595,0.570194700955,2,0,0,0,0,0.418507460334,37,37,37,1,0,0.72972972973,0.189189189189,0.0810810810811,37,172,0.129129129129,1.32094594595,9.2972972973,17.2,5.05882352941,6.74069261552,0.725016356902,0.350879949717,8.45976167321,1.81983245296,0.779069767442,2.79101948932,0.600393727355,0.324952859837,0.570194700955,0.431656346503,2,1.32094594595,0.570194700955,2,0,0,0,0,0.418507460334,37,37,37,1,0,0.72972972973,0.189189189189,0.0810810810811,-44,-0.033033033033,-0.00337837837838,-2.37837837838,-4.4,-0.941176470588,-1.45840643408,0.0227787068201,0.0408198896571,-1.86957495579,0.0504553452133,0.0138045021766,-0.295811981379,0.0716309291323,0.0722001070838,-0.0097504139796,-0.00626139334556,0,-0.00337837837838,-0.0097504139796,0,-0.0121701261701,-0.00597269624573,-7,-0.000900900900901,-0.202689120863,0,-0.0540540540541,0.0540540540541,172,0,44,1116,0.796296296296,1,0,0.203703703704,1,0.796296296296,0.886597938144,0.875266790198,0.796296296296,0.796296296296,0,44,0,0,0,0
3190,WLNM_dir_neg,0.992768595041,0.894995307774,00:00:03,10,80,5,1237887329,threshold_sweep,0.4,0,0,0,0,0,44,88,0,1,0,1,0,0,0,0.666666666667,0.666666666667,0,0,0,216,172,44,0,216,0,172,0,44,37,216,0.162162162162,1.32432432432,11.6756756757,21.6,6,8.1990990496,0.702237650082,0.31006006006,10.329336629,1.76937710775,0.765265265265,3.0868314707,0.528762798222,0.252752752753,0.579945114934,0.437917739848,2,1.32432432432,0.579945114934,2,0.0121701261701,0.00597269624573,7,0.000900900900901,0.621196581197,37,37,37,1,0,0.72972972973,0.243243243243,0.027027027027,37,0.129129129129,1.32094594595,9.2972972973,17.2,5.05882352941,6.74069261552,0.725016356902,0.350879949717,8.45976167321,1.81983245296,0.779069767442,2.79101948932,0.600393727355,0.324952859837,0.570194700955,0.431656346503,2,1.32094594595,0.570194700955,2,0,0,0,0,0.418507460334,37,37,37,1,0,0.72972972973,0.189189189189,0.0810810810811,37,172,0.129129129129,1.32094594595,9.2972972973,17.2,5.05882352941,6.74069261552,0.725016356902,0.350879949717,8.45976167321,1.81983245296,0.779069767442,2.79101948932,0.600393727355,0.324952859837,0.570194700955,0.431656346503,2,1.32094594595,0.570194700955,2,0,0,0,0,0.418507460334,37,37,37,1,0,0.72972972973,0.189189189189,0.0810810810811,-44,-0.033033033033,-0.00337837837838,-2.37837837838,-4.4,-0.941176470588,-1.45840643408,0.0227787068201,0.0408198896571,-1.86957495579,0.0504553452133,0.0138045021766,-0.295811981379,0.0716309291323,0.0722001070838,-0.0097504139796,-0.00626139334556,0,-0.00337837837838,-0.0097504139796,0,-0.0121701261701,-0.00597269624573,-7,-0.000900900900901,-0.202689120863,0,-0.0540540540541,0.0540540540541,172,0,44,1116,0.796296296296,1,0,0.203703703704,1,0.796296296296,0.886597938144,0.875266790198,0.796296296296,0.796296296296,0,44,0,0,0,0
3191,WLNM_dir_neg,0.992768595041,0.894995307774,00:00:03,10,80,5,1237887329,threshold_sweep,0.5,0,0,0,0,0,44,88,0,1,0,1,0,0,0,0.666666666667,0.666666666667,0,0,0,216,172,44,0,216,0,172,0,44,37,216,0.162162162162,1.32432432432,11.6756756757,21.6,6,8.1990990496,0.702237650082,0.31006006006,10.329336629,1.76937710775,0.765265265265,3.0868314707,0.528762798222,0.252752752753,0.579945114934,0.437917739848,2,1.32432432432,0.579945114934,2,0.0121701261701,0.00597269624573,7,0.000900900900901,0.621196581197,37,37,37,1,0,0.72972972973,0.243243243243,0.027027027027,37,0.129129129129,1.32094594595,9.2972972973,17.2,5.05882352941,6.74069261552,0.725016356902,0.350879949717,8.45976167321,1.81983245296,0.779069767442,2.79101948932,0.600393727355,0.324952859837,0.570194700955,0.431656346503,2,1.32094594595,0.570194700955,2,0,0,0,0,0.418507460334,37,37,37,1,0,0.72972972973,0.189189189189,0.0810810810811,37,172,0.129129129129,1.32094594595,9.2972972973,17.2,5.05882352941,6.74069261552,0.725016356902,0.350879949717,8.45976167321,1.81983245296,0.779069767442,2.79101948932,0.600393727355,0.324952859837,0.570194700955,0.431656346503,2,1.32094594595,0.570194700955,2,0,0,0,0,0.418507460334,37,37,37,1,0,0.72972972973,0.189189189189,0.0810810810811,-44,-0.033033033033,-0.00337837837838,-2.37837837838,-4.4,-0.941176470588,-1.45840643408,0.0227787068201,0.0408198896571,-1.86957495579,0.0504553452133,0.0138045021766,-0.295811981379,0.0716309291323,0.0722001070838,-0.0097504139796,-0.00626139334556,0,-0.00337837837838,-0.0097504139796,0,-0.0121701261701,-0.00597269624573,-7,-0.000900900900901,-0.202689120863,0,-0.0540540540541,0.0540540540541,172,0,44,1116,0.796296296296,1,0,0.203703703704,1,0.796296296296,0.886597938144,0.875266790198,0.796296296296,0.796296296296,0,44,0,0,0,0
3192,WLNM_dir_neg,0.992768595041,0.894995307774,00:00:03,10,80,5,1237887329,threshold_sweep,0.6,0,0,0,0,0,44,88,0,1,0,1,0,0,0,0.666666666667,0.666666666667,0,0,0,216,172,44,0,216,0,172,0,44,37,216,0.162162162162,1.32432432432,11.6756756757,21.6,6,8.1990990496,0.702237650082,0.31006006006,10.329336629,1.76937710775,0.765265265265,3.0868314707,0.528762798222,0.252752752753,0.579945114934,0.437917739848,2,1.32432432432,0.579945114934,2,0.0121701261701,0.00597269624573,7,0.000900900900901,0.621196581197,37,37,37,1,0,0.72972972973,0.243243243243,0.027027027027,37,0.129129129129,1.32094594595,9.2972972973,17.2,5.05882352941,6.74069261552,0.725016356902,0.350879949717,8.45976167321,1.81983245296,0.779069767442,2.79101948932,0.600393727355,0.324952859837,0.570194700955,0.431656346503,2,1.32094594595,0.570194700955,2,0,0,0,0,0.418507460334,37,37,37,1,0,0.72972972973,0.189189189189,0.0810810810811,37,172,0.129129129129,1.32094594595,9.2972972973,17.2,5.05882352941,6.74069261552,0.725016356902,0.350879949717,8.45976167321,1.81983245296,0.779069767442,2.79101948932,0.600393727355,0.324952859837,0.570194700955,0.431656346503,2,1.32094594595,0.570194700955,2,0,0,0,0,0.418507460334,37,37,37,1,0,0.72972972973,0.189189189189,0.0810810810811,-44,-0.033033033033,-0.00337837837838,-2.37837837838,-4.4,-0.941176470588,-1.45840643408,0.0227787068201,0.0408198896571,-1.86957495579,0.0504553452133,0.0138045021766,-0.295811981379,0.0716309291323,0.0722001070838,-0.0097504139796,-0.00626139334556,0,-0.00337837837838,-0.0097504139796,0,-0.0121701261701,-0.00597269624573,-7,-0.000900900900901,-0.202689120863,0,-0.0540540540541,0.0540540540541,172,0,44,1116,0.796296296296,1,0,0.203703703704,1,0.796296296296,0.886597938144,0.875266790198,0.796296296296,0.796296296296,0,44,0,0,0,0
3193,WLNM_dir_neg,0.992768595041,0.894995307774,00:00:03,10,80,5,1237887329,threshold_sweep,0.7,0,0,0,0,0,44,88,0,1,0,1,0,0,0,0.666666666667,0.666666666667,0,0,0,216,172,44,0,216,0,172,0,44,37,216,0.162162162162,1.32432432432,11.6756756757,21.6,6,8.1990990496,0.702237650082,0.31006006006,10.329336629,1.76937710775,0.765265265265,3.0868314707,0.528762798222,0.252752752753,0.579945114934,0.437917739848,2,1.32432432432,0.579945114934,2,0.0121701261701,0.00597269624573,7,0.000900900900901,0.621196581197,37,37,37,1,0,0.72972972973,0.243243243243,0.027027027027,37,0.129129129129,1.32094594595,9.2972972973,17.2,5.05882352941,6.74069261552,0.725016356902,0.350879949717,8.45976167321,1.81983245296,0.779069767442,2.79101948932,0.600393727355,0.324952859837,0.570194700955,0.431656346503,2,1.32094594595,0.570194700955,2,0,0,0,0,0.418507460334,37,37,37,1,0,0.72972972973,0.189189189189,0.0810810810811,37,172,0.129129129129,1.32094594595,9.2972972973,17.2,5.05882352941,6.74069261552,0.725016356902,0.350879949717,8.45976167321,1.81983245296,0.779069767442,2.79101948932,0.600393727355,0.324952859837,0.570194700955,0.431656346503,2,1.32094594595,0.570194700955,2,0,0,0,0,0.418507460334,37,37,37,1,0,0.72972972973,0.189189189189,0.0810810810811,-44,-0.033033033033,-0.00337837837838,-2.37837837838,-4.4,-0.941176470588,-1.45840643408,0.0227787068201,0.0408198896571,-1.86957495579,0.0504553452133,0.0138045021766,-0.295811981379,0.0716309291323,0.0722001070838,-0.0097504139796,-0.00626139334556,0,-0.00337837837838,-0.0097504139796,0,-0.0121701261701,-0.00597269624573,-7,-0.000900900900901,-0.202689120863,0,-0.0540540540541,0.0540540540541,172,0,44,1116,0.796296296296,1,0,0.203703703704,1,0.796296296296,0.886597938144,0.875266790198,0.796296296296,0.796296296296,0,44,0,0,0,0
3194,WLNM_dir_neg,0.992768595041,0.894995307774,00:00:03,10,80,5,1237887329,threshold_sweep,0.8,0,0,0,0,0,44,88,0,1,0,1,0,0,0,0.666666666667,0.666666666667,0,0,0,216,172,44,0,216,0,172,0,44,37,216,0.162162162162,1.32432432432,11.6756756757,21.6,6,8.1990990496,0.702237650082,0.31006006006,10.329336629,1.76937710775,0.765265265265,3.0868314707,0.528762798222,0.252752752753,0.579945114934,0.437917739848,2,1.32432432432,0.579945114934,2,0.0121701261701,0.00597269624573,7,0.000900900900901,0.621196581197,37,37,37,1,0,0.72972972973,0.243243243243,0.027027027027,37,0.129129129129,1.32094594595,9.2972972973,17.2,5.05882352941,6.74069261552,0.725016356902,0.350879949717,8.45976167321,1.81983245296,0.779069767442,2.79101948932,0.600393727355,0.324952859837,0.570194700955,0.431656346503,2,1.32094594595,0.570194700955,2,0,0,0,0,0.418507460334,37,37,37,1,0,0.72972972973,0.189189189189,0.0810810810811,37,172,0.129129129129,1.32094594595,9.2972972973,17.2,5.05882352941,6.74069261552,0.725016356902,0.350879949717,8.45976167321,1.81983245296,0.779069767442,2.79101948932,0.600393727355,0.324952859837,0.570194700955,0.431656346503,2,1.32094594595,0.570194700955,2,0,0,0,0,0.418507460334,37,37,37,1,0,0.72972972973,0.189189189189,0.0810810810811,-44,-0.033033033033,-0.00337837837838,-2.37837837838,-4.4,-0.941176470588,-1.45840643408,0.0227787068201,0.0408198896571,-1.86957495579,0.0504553452133,0.0138045021766,-0.295811981379,0.0716309291323,0.0722001070838,-0.0097504139796,-0.00626139334556,0,-0.00337837837838,-0.0097504139796,0,-0.0121701261701,-0.00597269624573,-7,-0.000900900900901,-0.202689120863,0,-0.0540540540541,0.0540540540541,172,0,44,1116,0.796296296296,1,0,0.203703703704,1,0.796296296296,0.886597938144,0.875266790198,0.796296296296,0.796296296296,0,44,0,0,0,0
3195,WLNM_dir_neg,0.992768595041,0.894995307774,00:00:03,10,80,5,1237887329,threshold_sweep,0.9,0,0,0,0,0,44,88,0,1,0,1,0,0,0,0.666666666667,0.666666666667,0,0,0,216,172,44,0,216,0,172,0,44,37,216,0.162162162162,1.32432432432,11.6756756757,21.6,6,8.1990990496,0.702237650082,0.31006006006,10.329336629,1.76937710775,0.765265265265,3.0868314707,0.528762798222,0.252752752753,0.579945114934,0.437917739848,2,1.32432432432,0.579945114934,2,0.0121701261701,0.00597269624573,7,0.000900900900901,0.621196581197,37,37,37,1,0,0.72972972973,0.243243243243,0.027027027027,37,0.129129129129,1.32094594595,9.2972972973,17.2,5.05882352941,6.74069261552,0.725016356902,0.350879949717,8.45976167321,1.81983245296,0.779069767442,2.79101948932,0.600393727355,0.324952859837,0.570194700955,0.431656346503,2,1.32094594595,0.570194700955,2,0,0,0,0,0.418507460334,37,37,37,1,0,0.72972972973,0.189189189189,0.0810810810811,37,172,0.129129129129,1.32094594595,9.2972972973,17.2,5.05882352941,6.74069261552,0.725016356902,0.350879949717,8.45976167321,1.81983245296,0.779069767442,2.79101948932,0.600393727355,0.324952859837,0.570194700955,0.431656346503,2,1.32094594595,0.570194700955,2,0,0,0,0,0.418507460334,37,37,37,1,0,0.72972972973,0.189189189189,0.0810810810811,-44,-0.033033033033,-0.00337837837838,-2.37837837838,-4.4,-0.941176470588,-1.45840643408,0.0227787068201,0.0408198896571,-1.86957495579,0.0504553452133,0.0138045021766,-0.295811981379,0.0716309291323,0.0722001070838,-0.0097504139796,-0.00626139334556,0,-0.00337837837838,-0.0097504139796,0,-0.0121701261701,-0.00597269624573,-7,-0.000900900900901,-0.202689120863,0,-0.0540540540541,0.0540540540541,172,0,44,1116,0.796296296296,1,0,0.203703703704,1,0.796296296296,0.886597938144,0.875266790198,0.796296296296,0.796296296296,0,44,0,0,0,0
3196,WLNM_dir_neg,0.965779958678,0.762522581585,00:00:03,10,80,6,1237887330,threshold_sweep,0.1,0.666666666667,0.0454545454545,0.0851063829787,2,1,42,87,0.0454545454545,0.988636363636,0.0113636363636,0.954545454545,0.666666666667,0.0454545454545,0.0851063829787,0.674242424242,0.659090909091,0.0444444444444,0.107832773203,0.0340909090909,216,172,44,0,216,0,172,0,44,37,216,0.162162162162,1.32432432432,11.6756756757,21.6,6,8.1990990496,0.702237650082,0.31006006006,10.329336629,1.76937710775,0.765265265265,3.0868314707,0.528762798222,0.252752752753,0.579945114934,0.437917739848,2,1.32432432432,0.579945114934,2,0.0121701261701,0.00597269624573,7,0.000900900900901,0.621196581197,37,37,37,1,0,0.72972972973,0.243243243243,0.027027027027,37,0.129129129129,1.32432432432,9.2972972973,17.2,4.77777777778,6.6326836569,0.713399114259,0.345065996229,8.2435706133,1.77332623658,0.771841609051,2.61636108849,0.562821862058,0.310496543055,0.579945114934,0.437917739848,2,1.32432432432,0.579945114934,2,0.0100233191675,0.00540784136999,4,0.000514800514801,0.40973062847,37,37,37,1,0,0.72972972973,0.243243243243,0.027027027027,37,175,0.131381381381,1.32863298081,9.45945945946,17.5,4.72972972973,6.72307219206,0.71072477459,0.34888030888,8.27864940893,1.75034301789,0.767567567568,2.50165110642,0.528920519643,0.29250965251,0.593083014972,0.446385889512,2.14492753623,1.32863298081,0.593083014972,2.14492753623,0.0127320390191,0.00790513833992,6,0.000772200772201,0.412962951702,37,37,37,1,0,0.72972972973,0.27027027027,0,-41,-0.0307807807808,0.00430865648257,-2.21621621622,-4.1,-1.27027027027,-1.47602685754,0.00848712450772,0.0388202488202,-2.05068722007,-0.0190340898565,0.0023023023023,-0.585180364283,0.000157721420891,0.0397568997569,0.0131379000378,0.00846814966335,0.144927536232,0.00430865648257,0.0131379000378,0.144927536232,0.000561912848935,0.00193244209419,-1,-0.0001287001287,-0.208233629494,0,0.027027027027,-0.027027027027,174,1,42,1115,0.805555555556,0.999103942652,0.00089605734767,0.194444444444,0.994285714286,0.805555555556,0.890025575448,0.877981593329,0.804659498208,0.801843317972,3,44,0,0,0,0
3197,WLNM_dir_neg,0.965779958678,0.762522581585,00:00:03,10,80,6,1237887330,threshold_sweep,0.2,0.666666666667,0.0454545454545,0.0851063829787,2,1,42,87,0.0454545454545,0.988636363636,0.0113636363636,0.954545454545,0.666666666667,0.0454545454545,0.0851063829787,0.674242424242,0.659090909091,0.0444444444444,0.107832773203,0.0340909090909,216,172,44,0,216,0,172,0,44,37,216,0.162162162162,1.32432432432,11.6756756757,21.6,6,8.1990990496,0.702237650082,0.31006006006,10.329336629,1.76937710775,0.765265265265,3.0868314707,0.528762798222,0.252752752753,0.579945114934,0.437917739848,2,1.32432432432,0.579945114934,2,0.0121701261701,0.00597269624573,7,0.000900900900901,0.621196581197,37,37,37,1,0,0.72972972973,0.243243243243,0.027027027027,37,0.129129129129,1.32432432432,9.2972972973,17.2,4.77777777778,6.6326836569,0.713399114259,0.345065996229,8.2435706133,1.77332623658,0.771841609051,2.61636108849,0.562821862058,0.310496543055,0.579945114934,0.437917739848,2,1.32432432432,0.579945114934,2,0.0100233191675,0.00540784136999,4,0.000514800514801,0.40973062847,37,37,37,1,0,0.72972972973,0.243243243243,0.027027027027,37,175,0.131381381381,1.32863298081,9.45945945946,17.5,4.72972972973,6.72307219206,0.71072477459,0.34888030888,8.27864940893,1.75034301789,0.767567567568,2.50165110642,0.528920519643,0.29250965251,0.593083014972,0.446385889512,2.14492753623,1.32863298081,0.593083014972,2.14492753623,0.0127320390191,0.00790513833992,6,0.000772200772201,0.412962951702,37,37,37,1,0,0.72972972973,0.27027027027,0,-41,-0.0307807807808,0.00430865648257,-2.21621621622,-4.1,-1.27027027027,-1.47602685754,0.00848712450772,0.0388202488202,-2.05068722007,-0.0190340898565,0.0023023023023,-0.585180364283,0.000157721420891,0.0397568997569,0.0131379000378,0.00846814966335,0.144927536232,0.00430865648257,0.0131379000378,0.144927536232,0.000561912848935,0.00193244209419,-1,-0.0001287001287,-0.208233629494,0,0.027027027027,-0.027027027027,174,1,42,1115,0.805555555556,0.999103942652,0.00089605734767,0.194444444444,0.994285714286,0.805555555556,0.890025575448,0.877981593329,0.804659498208,0.801843317972,3,44,0,0,0,0
3198,WLNM_dir_neg,0.965779958678,0.762522581585,00:00:03,10,80,6,1237887330,threshold_sweep,0.3,0.666666666667,0.0454545454545,0.0851063829787,2,1,42,87,0.0454545454545,0.988636363636,0.0113636363636,0.954545454545,0.666666666667,0.0454545454545,0.0851063829787,0.674242424242,0.659090909091,0.0444444444444,0.107832773203,0.0340909090909,216,172,44,0,216,0,172,0,44,37,216,0.162162162162,1.32432432432,11.6756756757,21.6,6,8.1990990496,0.702237650082,0.31006006006,10.329336629,1.76937710775,0.765265265265,3.0868314707,0.528762798222,0.252752752753,0.579945114934,0.437917739848,2,1.32432432432,0.579945114934,2,0.0121701261701,0.00597269624573,7,0.000900900900901,0.621196581197,37,37,37,1,0,0.72972972973,0.243243243243,0.027027027027,37,0.129129129129,1.32432432432,9.2972972973,17.2,4.77777777778,6.6326836569,0.713399114259,0.345065996229,8.2435706133,1.77332623658,0.771841609051,2.61636108849,0.562821862058,0.310496543055,0.579945114934,0.437917739848,2,1.32432432432,0.579945114934,2,0.0100233191675,0.00540784136999,4,0.000514800514801,0.40973062847,37,37,37,1,0,0.72972972973,0.243243243243,0.027027027027,37,175,0.131381381381,1.32863298081,9.45945945946,17.5,4.72972972973,6.72307219206,0.71072477459,0.34888030888,8.27864940893,1.75034301789,0.767567567568,2.50165110642,0.528920519643,0.29250965251,0.593083014972,0.446385889512,2.14492753623,1.32863298081,0.593083014972,2.14492753623,0.0127320390191,0.00790513833992,6,0.000772200772201,0.412962951702,37,37,37,1,0,0.72972972973,0.27027027027,0,-41,-0.0307807807808,0.00430865648257,-2.21621621622,-4.1,-1.27027027027,-1.47602685754,0.00848712450772,0.0388202488202,-2.05068722007,-0.0190340898565,0.0023023023023,-0.585180364283,0.000157721420891,0.0397568997569,0.0131379000378,0.00846814966335,0.144927536232,0.00430865648257,0.0131379000378,0.144927536232,0.000561912848935,0.00193244209419,-1,-0.0001287001287,-0.208233629494,0,0.027027027027,-0.027027027027,174,1,42,1115,0.805555555556,0.999103942652,0.00089605734767,0.194444444444,0.994285714286,0.805555555556,0.890025575448,0.877981593329,0.804659498208,0.801843317972,3,44,0,0,0,0
3199,WLNM_dir_neg,0.965779958678,0.762522581585,00:00:03,10,80,6,1237887330,threshold_sweep,0.4,0.666666666667,0.0454545454545,0.0851063829787,2,1,42,87,0.0454545454545,0.988636363636,0.0113636363636,0.954545454545,0.666666666667,0.0454545454545,0.0851063829787,0.674242424242,0.659090909091,0.0444444444444,0.107832773203,0.0340909090909,216,172,44,0,216,0,172,0,44,37,216,0.162162162162,1.32432432432,11.6756756757,21.6,6,8.1990990496,0.702237650082,0.31006006006,10.329336629,1.76937710775,0.765265265265,3.0868314707,0.528762798222,0.252752752753,0.579945114934,0.437917739848,2,1.32432432432,0.579945114934,2,0.0121701261701,0.00597269624573,7,0.000900900900901,0.621196581197,37,37,37,1,0,0.72972972973,0.243243243243,0.027027027027,37,0.129129129129,1.32432432432,9.2972972973,17.2,4.77777777778,6.6326836569,0.713399114259,0.345065996229,8.2435706133,1.77332623658,0.771841609051,2.61636108849,0.562821862058,0.310496543055,0.579945114934,0.437917739848,2,1.32432432432,0.579945114934,2,0.0100233191675,0.00540784136999,4,0.000514800514801,0.40973062847,37,37,37,1,0,0.72972972973,0.243243243243,0.027027027027,37,175,0.131381381381,1.32863298081,9.45945945946,17.5,4.72972972973,6.72307219206,0.71072477459,0.34888030888,8.27864940893,1.75034301789,0.767567567568,2.50165110642,0.528920519643,0.29250965251,0.593083014972,0.446385889512,2.14492753623,1.32863298081,0.593083014972,2.14492753623,0.0127320390191,0.00790513833992,6,0.000772200772201,0.412962951702,37,37,37,1,0,0.72972972973,0.27027027027,0,-41,-0.0307807807808,0.00430865648257,-2.21621621622,-4.1,-1.27027027027,-1.47602685754,0.00848712450772,0.0388202488202,-2.05068722007,-0.0190340898565,0.0023023023023,-0.585180364283,0.000157721420891,0.0397568997569,0.0131379000378,0.00846814966335,0.144927536232,0.00430865648257,0.0131379000378,0.144927536232,0.000561912848935,0.00193244209419,-1,-0.0001287001287,-0.208233629494,0,0.027027027027,-0.027027027027,174,1,42,1115,0.805555555556,0.999103942652,0.00089605734767,0.194444444444,0.994285714286,0.805555555556,0.890025575448,0.877981593329,0.804659498208,0.801843317972,3,44,0,0,0,0
3200,WLNM_dir_neg,0.965779958678,0.762522581585,00:00:03,10,80,6,1237887330,threshold_sweep,0.5,0.666666666667,0.0454545454545,0.0851063829787,2,1,42,87,0.0454545454545,0.988636363636,0.0113636363636,0.954545454545,0.666666666667,0.0454545454545,0.0851063829787,0.674242424242,0.659090909091,0.0444444444444,0.107832773203,0.0340909090909,216,172,44,0,216,0,172,0,44,37,216,0.162162162162,1.32432432432,11.6756756757,21.6,6,8.1990990496,0.702237650082,0.31006006006,10.329336629,1.76937710775,0.765265265265,3.0868314707,0.528762798222,0.252752752753,0.579945114934,0.437917739848,2,1.32432432432,0.579945114934,2,0.0121701261701,0.00597269624573,7,0.000900900900901,0.621196581197,37,37,37,1,0,0.72972972973,0.243243243243,0.027027027027,37,0.129129129129,1.32432432432,9.2972972973,17.2,4.77777777778,6.6326836569,0.713399114259,0.345065996229,8.2435706133,1.77332623658,0.771841609051,2.61636108849,0.562821862058,0.310496543055,0.579945114934,0.437917739848,2,1.32432432432,0.579945114934,2,0.0100233191675,0.00540784136999,4,0.000514800514801,0.40973062847,37,37,37,1,0,0.72972972973,0.243243243243,0.027027027027,37,175,0.131381381381,1.32863298081,9.45945945946,17.5,4.72972972973,6.72307219206,0.71072477459,0.34888030888,8.27864940893,1.75034301789,0.767567567568,2.50165110642,0.528920519643,0.29250965251,0.593083014972,0.446385889512,2.14492753623,1.32863298081,0.593083014972,2.14492753623,0.0127320390191,0.00790513833992,6,0.000772200772201,0.412962951702,37,37,37,1,0,0.72972972973,0.27027027027,0,-41,-0.0307807807808,0.00430865648257,-2.21621621622,-4.1,-1.27027027027,-1.47602685754,0.00848712450772,0.0388202488202,-2.05068722007,-0.0190340898565,0.0023023023023,-0.585180364283,0.000157721420891,0.0397568997569,0.0131379000378,0.00846814966335,0.144927536232,0.00430865648257,0.0131379000378,0.144927536232,0.000561912848935,0.00193244209419,-1,-0.0001287001287,-0.208233629494,0,0.027027027027,-0.027027027027,174,1,42,1115,0.805555555556,0.999103942652,0.00089605734767,0.194444444444,0.994285714286,0.805555555556,0.890025575448,0.877981593329,0.804659498208,0.801843317972,3,44,0,0,0,0
3201,WLNM_dir_neg,0.965779958678,0.762522581585,00:00:03,10,80,6,1237887330,threshold_sweep,0.6,0.666666666667,0.0454545454545,0.0851063829787,2,1,42,87,0.0454545454545,0.988636363636,0.0113636363636,0.954545454545,0.666666666667,0.0454545454545,0.0851063829787,0.674242424242,0.659090909091,0.0444444444444,0.107832773203,0.0340909090909,216,172,44,0,216,0,172,0,44,37,216,0.162162162162,1.32432432432,11.6756756757,21.6,6,8.1990990496,0.702237650082,0.31006006006,10.329336629,1.76937710775,0.765265265265,3.0868314707,0.528762798222,0.252752752753,0.579945114934,0.437917739848,2,1.32432432432,0.579945114934,2,0.0121701261701,0.00597269624573,7,0.000900900900901,0.621196581197,37,37,37,1,0,0.72972972973,0.243243243243,0.027027027027,37,0.129129129129,1.32432432432,9.2972972973,17.2,4.77777777778,6.6326836569,0.713399114259,0.345065996229,8.2435706133,1.77332623658,0.771841609051,2.61636108849,0.562821862058,0.310496543055,0.579945114934,0.437917739848,2,1.32432432432,0.579945114934,2,0.0100233191675,0.00540784136999,4,0.000514800514801,0.40973062847,37,37,37,1,0,0.72972972973,0.243243243243,0.027027027027,37,175,0.131381381381,1.32863298081,9.45945945946,17.5,4.72972972973,6.72307219206,0.71072477459,0.34888030888,8.27864940893,1.75034301789,0.767567567568,2.50165110642,0.528920519643,0.29250965251,0.593083014972,0.446385889512,2.14492753623,1.32863298081,0.593083014972,2.14492753623,0.0127320390191,0.00790513833992,6,0.000772200772201,0.412962951702,37,37,37,1,0,0.72972972973,0.27027027027,0,-41,-0.0307807807808,0.00430865648257,-2.21621621622,-4.1,-1.27027027027,-1.47602685754,0.00848712450772,0.0388202488202,-2.05068722007,-0.0190340898565,0.0023023023023,-0.585180364283,0.000157721420891,0.0397568997569,0.0131379000378,0.00846814966335,0.144927536232,0.00430865648257,0.0131379000378,0.144927536232,0.000561912848935,0.00193244209419,-1,-0.0001287001287,-0.208233629494,0,0.027027027027,-0.027027027027,174,1,42,1115,0.805555555556,0.999103942652,0.00089605734767,0.194444444444,0.994285714286,0.805555555556,0.890025575448,0.877981593329,0.804659498208,0.801843317972,3,44,0,0,0,0
3202,WLNM_dir_neg,0.965779958678,0.762522581585,00:00:03,10,80,6,1237887330,threshold_sweep,0.7,0.666666666667,0.0454545454545,0.0851063829787,2,1,42,87,0.0454545454545,0.988636363636,0.0113636363636,0.954545454545,0.666666666667,0.0454545454545,0.0851063829787,0.674242424242,0.659090909091,0.0444444444444,0.107832773203,0.0340909090909,216,172,44,0,216,0,172,0,44,37,216,0.162162162162,1.32432432432,11.6756756757,21.6,6,8.1990990496,0.702237650082,0.31006006006,10.329336629,1.76937710775,0.765265265265,3.0868314707,0.528762798222,0.252752752753,0.579945114934,0.437917739848,2,1.32432432432,0.579945114934,2,0.0121701261701,0.00597269624573,7,0.000900900900901,0.621196581197,37,37,37,1,0,0.72972972973,0.243243243243,0.027027027027,37,0.129129129129,1.32432432432,9.2972972973,17.2,4.77777777778,6.6326836569,0.713399114259,0.345065996229,8.2435706133,1.77332623658,0.771841609051,2.61636108849,0.562821862058,0.310496543055,0.579945114934,0.437917739848,2,1.32432432432,0.579945114934,2,0.0100233191675,0.00540784136999,4,0.000514800514801,0.40973062847,37,37,37,1,0,0.72972972973,0.243243243243,0.027027027027,37,175,0.131381381381,1.32863298081,9.45945945946,17.5,4.72972972973,6.72307219206,0.71072477459,0.34888030888,8.27864940893,1.75034301789,0.767567567568,2.50165110642,0.528920519643,0.29250965251,0.593083014972,0.446385889512,2.14492753623,1.32863298081,0.593083014972,2.14492753623,0.0127320390191,0.00790513833992,6,0.000772200772201,0.412962951702,37,37,37,1,0,0.72972972973,0.27027027027,0,-41,-0.0307807807808,0.00430865648257,-2.21621621622,-4.1,-1.27027027027,-1.47602685754,0.00848712450772,0.0388202488202,-2.05068722007,-0.0190340898565,0.0023023023023,-0.585180364283,0.000157721420891,0.0397568997569,0.0131379000378,0.00846814966335,0.144927536232,0.00430865648257,0.0131379000378,0.144927536232,0.000561912848935,0.00193244209419,-1,-0.0001287001287,-0.208233629494,0,0.027027027027,-0.027027027027,174,1,42,1115,0.805555555556,0.999103942652,0.00089605734767,0.194444444444,0.994285714286,0.805555555556,0.890025575448,0.877981593329,0.804659498208,0.801843317972,3,44,0,0,0,0
3203,WLNM_dir_neg,0.965779958678,0.762522581585,00:00:03,10,80,6,1237887330,threshold_sweep,0.8,0.666666666667,0.0454545454545,0.0851063829787,2,1,42,87,0.0454545454545,0.988636363636,0.0113636363636,0.954545454545,0.666666666667,0.0454545454545,0.0851063829787,0.674242424242,0.659090909091,0.0444444444444,0.107832773203,0.0340909090909,216,172,44,0,216,0,172,0,44,37,216,0.162162162162,1.32432432432,11.6756756757,21.6,6,8.1990990496,0.702237650082,0.31006006006,10.329336629,1.76937710775,0.765265265265,3.0868314707,0.528762798222,0.252752752753,0.579945114934,0.437917739848,2,1.32432432432,0.579945114934,2,0.0121701261701,0.00597269624573,7,0.000900900900901,0.621196581197,37,37,37,1,0,0.72972972973,0.243243243243,0.027027027027,37,0.129129129129,1.32432432432,9.2972972973,17.2,4.77777777778,6.6326836569,0.713399114259,0.345065996229,8.2435706133,1.77332623658,0.771841609051,2.61636108849,0.562821862058,0.310496543055,0.579945114934,0.437917739848,2,1.32432432432,0.579945114934,2,0.0100233191675,0.00540784136999,4,0.000514800514801,0.40973062847,37,37,37,1,0,0.72972972973,0.243243243243,0.027027027027,37,175,0.131381381381,1.32863298081,9.45945945946,17.5,4.72972972973,6.72307219206,0.71072477459,0.34888030888,8.27864940893,1.75034301789,0.767567567568,2.50165110642,0.528920519643,0.29250965251,0.593083014972,0.446385889512,2.14492753623,1.32863298081,0.593083014972,2.14492753623,0.0127320390191,0.00790513833992,6,0.000772200772201,0.412962951702,37,37,37,1,0,0.72972972973,0.27027027027,0,-41,-0.0307807807808,0.00430865648257,-2.21621621622,-4.1,-1.27027027027,-1.47602685754,0.00848712450772,0.0388202488202,-2.05068722007,-0.0190340898565,0.0023023023023,-0.585180364283,0.000157721420891,0.0397568997569,0.0131379000378,0.00846814966335,0.144927536232,0.00430865648257,0.0131379000378,0.144927536232,0.000561912848935,0.00193244209419,-1,-0.0001287001287,-0.208233629494,0,0.027027027027,-0.027027027027,174,1,42,1115,0.805555555556,0.999103942652,0.00089605734767,0.194444444444,0.994285714286,0.805555555556,0.890025575448,0.877981593329,0.804659498208,0.801843317972,3,44,0,0,0,0
3204,WLNM_dir_neg,0.965779958678,0.762522581585,00:00:03,10,80,6,1237887330,threshold_sweep,0.9,0.666666666667,0.0454545454545,0.0851063829787,2,1,42,87,0.0454545454545,0.988636363636,0.0113636363636,0.954545454545,0.666666666667,0.0454545454545,0.0851063829787,0.674242424242,0.659090909091,0.0444444444444,0.107832773203,0.0340909090909,216,172,44,0,216,0,172,0,44,37,216,0.162162162162,1.32432432432,11.6756756757,21.6,6,8.1990990496,0.702237650082,0.31006006006,10.329336629,1.76937710775,0.765265265265,3.0868314707,0.528762798222,0.252752752753,0.579945114934,0.437917739848,2,1.32432432432,0.579945114934,2,0.0121701261701,0.00597269624573,7,0.000900900900901,0.621196581197,37,37,37,1,0,0.72972972973,0.243243243243,0.027027027027,37,0.129129129129,1.32432432432,9.2972972973,17.2,4.77777777778,6.6326836569,0.713399114259,0.345065996229,8.2435706133,1.77332623658,0.771841609051,2.61636108849,0.562821862058,0.310496543055,0.579945114934,0.437917739848,2,1.32432432432,0.579945114934,2,0.0100233191675,0.00540784136999,4,0.000514800514801,0.40973062847,37,37,37,1,0,0.72972972973,0.243243243243,0.027027027027,37,175,0.131381381381,1.32863298081,9.45945945946,17.5,4.72972972973,6.72307219206,0.71072477459,0.34888030888,8.27864940893,1.75034301789,0.767567567568,2.50165110642,0.528920519643,0.29250965251,0.593083014972,0.446385889512,2.14492753623,1.32863298081,0.593083014972,2.14492753623,0.0127320390191,0.00790513833992,6,0.000772200772201,0.412962951702,37,37,37,1,0,0.72972972973,0.27027027027,0,-41,-0.0307807807808,0.00430865648257,-2.21621621622,-4.1,-1.27027027027,-1.47602685754,0.00848712450772,0.0388202488202,-2.05068722007,-0.0190340898565,0.0023023023023,-0.585180364283,0.000157721420891,0.0397568997569,0.0131379000378,0.00846814966335,0.144927536232,0.00430865648257,0.0131379000378,0.144927536232,0.000561912848935,0.00193244209419,-1,-0.0001287001287,-0.208233629494,0,0.027027027027,-0.027027027027,174,1,42,1115,0.805555555556,0.999103942652,0.00089605734767,0.194444444444,0.994285714286,0.805555555556,0.890025575448,0.877981593329,0.804659498208,0.801843317972,3,44,0,0,0,0
3205,WLNM_dir_neg,0.972882231405,0.905844155844,00:00:03,10,80,7,1237887331,threshold_sweep,0.1,1,0.0454545454545,0.0869565217391,2,0,42,88,0.0454545454545,1,0,0.954545454545,1,0.0454545454545,0.0869565217391,0.681818181818,0.661616161616,0.0597014925373,0.175411603861,0.0454545454545,216,172,44,0,216,0,172,0,44,37,216,0.162162162162,1.32432432432,11.6756756757,21.6,6,8.1990990496,0.702237650082,0.31006006006,10.329336629,1.76937710775,0.765265265265,3.0868314707,0.528762798222,0.252752752753,0.579945114934,0.437917739848,2,1.32432432432,0.579945114934,2,0.0121701261701,0.00597269624573,7,0.000900900900901,0.621196581197,37,37,37,1,0,0.72972972973,0.243243243243,0.027027027027,37,0.129129129129,1.32432432432,9.2972972973,17.2,4.77777777778,6.61591038862,0.71159501273,0.34333752357,8.20980516827,1.76606273969,0.769956002514,2.51899689268,0.541877238542,0.296040226273,0.579945114934,0.437917739848,2,1.32432432432,0.579945114934,2,0.013354056136,0.00677200902935,5,0.000643500643501,0.401173530174,37,37,37,1,0,0.72972972973,0.243243243243,0.027027027027,37,174,0.130630630631,1.32432432432,9.40540540541,17.4,4.83333333333,6.69352697039,0.711668097426,0.344516930724,8.21876195348,1.74766777172,0.766697732215,2.44795679956,0.520542537837,0.284871077975,0.579945114934,0.437917739848,2,1.32432432432,0.579945114934,2,0.0125062515125,0.00925517849273,7,0.000900900900901,0.405617974618,37,37,37,1,0,0.72972972973,0.243243243243,0.027027027027,-42,-0.0315315315315,0,-2.27027027027,-4.2,-1.16666666667,-1.50557207922,0.00943044734438,0.0344568706638,-2.11057467551,-0.0217093360273,0.00143246694971,-0.638874671148,-0.00822026038582,0.0321183252218,0,0,0,0,0,0,0.000336125342337,0.00328248224699,0,0,-0.215578606579,0,0,0,174,0,42,1116,0.805555555556,1,0,0.194444444444,1,0.805555555556,0.892307692308,0.88110074037,0.805555555556,0.805555555556,2,44,0,0,0,0
3206,WLNM_dir_neg,0.972882231405,0.905844155844,00:00:03,10,80,7,1237887331,threshold_sweep,0.2,1,0.0454545454545,0.0869565217391,2,0,42,88,0.0454545454545,1,0,0.954545454545,1,0.0454545454545,0.0869565217391,0.681818181818,0.661616161616,0.0597014925373,0.175411603861,0.0454545454545,216,172,44,0,216,0,172,0,44,37,216,0.162162162162,1.32432432432,11.6756756757,21.6,6,8.1990990496,0.702237650082,0.31006006006,10.329336629,1.76937710775,0.765265265265,3.0868314707,0.528762798222,0.252752752753,0.579945114934,0.437917739848,2,1.32432432432,0.579945114934,2,0.0121701261701,0.00597269624573,7,0.000900900900901,0.621196581197,37,37,37,1,0,0.72972972973,0.243243243243,0.027027027027,37,0.129129129129,1.32432432432,9.2972972973,17.2,4.77777777778,6.61591038862,0.71159501273,0.34333752357,8.20980516827,1.76606273969,0.769956002514,2.51899689268,0.541877238542,0.296040226273,0.579945114934,0.437917739848,2,1.32432432432,0.579945114934,2,0.013354056136,0.00677200902935,5,0.000643500643501,0.401173530174,37,37,37,1,0,0.72972972973,0.243243243243,0.027027027027,37,174,0.130630630631,1.32432432432,9.40540540541,17.4,4.83333333333,6.69352697039,0.711668097426,0.344516930724,8.21876195348,1.74766777172,0.766697732215,2.44795679956,0.520542537837,0.284871077975,0.579945114934,0.437917739848,2,1.32432432432,0.579945114934,2,0.0125062515125,0.00925517849273,7,0.000900900900901,0.405617974618,37,37,37,1,0,0.72972972973,0.243243243243,0.027027027027,-42,-0.0315315315315,0,-2.27027027027,-4.2,-1.16666666667,-1.50557207922,0.00943044734438,0.0344568706638,-2.11057467551,-0.0217093360273,0.00143246694971,-0.638874671148,-0.00822026038582,0.0321183252218,0,0,0,0,0,0,0.000336125342337,0.00328248224699,0,0,-0.215578606579,0,0,0,174,0,42,1116,0.805555555556,1,0,0.194444444444,1,0.805555555556,0.892307692308,0.88110074037,0.805555555556,0.805555555556,2,44,0,0,0,0
3207,WLNM_dir_neg,0.972882231405,0.905844155844,00:00:03,10,80,7,1237887331,threshold_sweep,0.3,1,0.0454545454545,0.0869565217391,2,0,42,88,0.0454545454545,1,0,0.954545454545,1,0.0454545454545,0.0869565217391,0.681818181818,0.661616161616,0.0597014925373,0.175411603861,0.0454545454545,216,172,44,0,216,0,172,0,44,37,216,0.162162162162,1.32432432432,11.6756756757,21.6,6,8.1990990496,0.702237650082,0.31006006006,10.329336629,1.76937710775,0.765265265265,3.0868314707,0.528762798222,0.252752752753,0.579945114934,0.437917739848,2,1.32432432432,0.579945114934,2,0.0121701261701,0.00597269624573,7,0.000900900900901,0.621196581197,37,37,37,1,0,0.72972972973,0.243243243243,0.027027027027,37,0.129129129129,1.32432432432,9.2972972973,17.2,4.77777777778,6.61591038862,0.71159501273,0.34333752357,8.20980516827,1.76606273969,0.769956002514,2.51899689268,0.541877238542,0.296040226273,0.579945114934,0.437917739848,2,1.32432432432,0.579945114934,2,0.013354056136,0.00677200902935,5,0.000643500643501,0.401173530174,37,37,37,1,0,0.72972972973,0.243243243243,0.027027027027,37,174,0.130630630631,1.32432432432,9.40540540541,17.4,4.83333333333,6.69352697039,0.711668097426,0.344516930724,8.21876195348,1.74766777172,0.766697732215,2.44795679956,0.520542537837,0.284871077975,0.579945114934,0.437917739848,2,1.32432432432,0.579945114934,2,0.0125062515125,0.00925517849273,7,0.000900900900901,0.405617974618,37,37,37,1,0,0.72972972973,0.243243243243,0.027027027027,-42,-0.0315315315315,0,-2.27027027027,-4.2,-1.16666666667,-1.50557207922,0.00943044734438,0.0344568706638,-2.11057467551,-0.0217093360273,0.00143246694971,-0.638874671148,-0.00822026038582,0.0321183252218,0,0,0,0,0,0,0.000336125342337,0.00328248224699,0,0,-0.215578606579,0,0,0,174,0,42,1116,0.805555555556,1,0,0.194444444444,1,0.805555555556,0.892307692308,0.88110074037,0.805555555556,0.805555555556,2,44,0,0,0,0
3208,WLNM_dir_neg,0.972882231405,0.905844155844,00:00:03,10,80,7,1237887331,threshold_sweep,0.4,1,0.0454545454545,0.0869565217391,2,0,42,88,0.0454545454545,1,0,0.954545454545,1,0.0454545454545,0.0869565217391,0.681818181818,0.661616161616,0.0597014925373,0.175411603861,0.0454545454545,216,172,44,0,216,0,172,0,44,37,216,0.162162162162,1.32432432432,11.6756756757,21.6,6,8.1990990496,0.702237650082,0.31006006006,10.329336629,1.76937710775,0.765265265265,3.0868314707,0.528762798222,0.252752752753,0.579945114934,0.437917739848,2,1.32432432432,0.579945114934,2,0.0121701261701,0.00597269624573,7,0.000900900900901,0.621196581197,37,37,37,1,0,0.72972972973,0.243243243243,0.027027027027,37,0.129129129129,1.32432432432,9.2972972973,17.2,4.77777777778,6.61591038862,0.71159501273,0.34333752357,8.20980516827,1.76606273969,0.769956002514,2.51899689268,0.541877238542,0.296040226273,0.579945114934,0.437917739848,2,1.32432432432,0.579945114934,2,0.013354056136,0.00677200902935,5,0.000643500643501,0.401173530174,37,37,37,1,0,0.72972972973,0.243243243243,0.027027027027,37,174,0.130630630631,1.32432432432,9.40540540541,17.4,4.83333333333,6.69352697039,0.711668097426,0.344516930724,8.21876195348,1.74766777172,0.766697732215,2.44795679956,0.520542537837,0.284871077975,0.579945114934,0.437917739848,2,1.32432432432,0.579945114934,2,0.0125062515125,0.00925517849273,7,0.000900900900901,0.405617974618,37,37,37,1,0,0.72972972973,0.243243243243,0.027027027027,-42,-0.0315315315315,0,-2.27027027027,-4.2,-1.16666666667,-1.50557207922,0.00943044734438,0.0344568706638,-2.11057467551,-0.0217093360273,0.00143246694971,-0.638874671148,-0.00822026038582,0.0321183252218,0,0,0,0,0,0,0.000336125342337,0.00328248224699,0,0,-0.215578606579,0,0,0,174,0,42,1116,0.805555555556,1,0,0.194444444444,1,0.805555555556,0.892307692308,0.88110074037,0.805555555556,0.805555555556,2,44,0,0,0,0
3209,WLNM_dir_neg,0.972882231405,0.905844155844,00:00:03,10,80,7,1237887331,threshold_sweep,0.5,1,0.0454545454545,0.0869565217391,2,0,42,88,0.0454545454545,1,0,0.954545454545,1,0.0454545454545,0.0869565217391,0.681818181818,0.661616161616,0.0597014925373,0.175411603861,0.0454545454545,216,172,44,0,216,0,172,0,44,37,216,0.162162162162,1.32432432432,11.6756756757,21.6,6,8.1990990496,0.702237650082,0.31006006006,10.329336629,1.76937710775,0.765265265265,3.0868314707,0.528762798222,0.252752752753,0.579945114934,0.437917739848,2,1.32432432432,0.579945114934,2,0.0121701261701,0.00597269624573,7,0.000900900900901,0.621196581197,37,37,37,1,0,0.72972972973,0.243243243243,0.027027027027,37,0.129129129129,1.32432432432,9.2972972973,17.2,4.77777777778,6.61591038862,0.71159501273,0.34333752357,8.20980516827,1.76606273969,0.769956002514,2.51899689268,0.541877238542,0.296040226273,0.579945114934,0.437917739848,2,1.32432432432,0.579945114934,2,0.013354056136,0.00677200902935,5,0.000643500643501,0.401173530174,37,37,37,1,0,0.72972972973,0.243243243243,0.027027027027,37,174,0.130630630631,1.32432432432,9.40540540541,17.4,4.83333333333,6.69352697039,0.711668097426,0.344516930724,8.21876195348,1.74766777172,0.766697732215,2.44795679956,0.520542537837,0.284871077975,0.579945114934,0.437917739848,2,1.32432432432,0.579945114934,2,0.0125062515125,0.00925517849273,7,0.000900900900901,0.405617974618,37,37,37,1,0,0.72972972973,0.243243243243,0.027027027027,-42,-0.0315315315315,0,-2.27027027027,-4.2,-1.16666666667,-1.50557207922,0.00943044734438,0.0344568706638,-2.11057467551,-0.0217093360273,0.00143246694971,-0.638874671148,-0.00822026038582,0.0321183252218,0,0,0,0,0,0,0.000336125342337,0.00328248224699,0,0,-0.215578606579,0,0,0,174,0,42,1116,0.805555555556,1,0,0.194444444444,1,0.805555555556,0.892307692308,0.88110074037,0.805555555556,0.805555555556,2,44,0,0,0,0
3210,WLNM_dir_neg,0.972882231405,0.905844155844,00:00:03,10,80,7,1237887331,threshold_sweep,0.6,1,0.0454545454545,0.0869565217391,2,0,42,88,0.0454545454545,1,0,0.954545454545,1,0.0454545454545,0.0869565217391,0.681818181818,0.661616161616,0.0597014925373,0.175411603861,0.0454545454545,216,172,44,0,216,0,172,0,44,37,216,0.162162162162,1.32432432432,11.6756756757,21.6,6,8.1990990496,0.702237650082,0.31006006006,10.329336629,1.76937710775,0.765265265265,3.0868314707,0.528762798222,0.252752752753,0.579945114934,0.437917739848,2,1.32432432432,0.579945114934,2,0.0121701261701,0.00597269624573,7,0.000900900900901,0.621196581197,37,37,37,1,0,0.72972972973,0.243243243243,0.027027027027,37,0.129129129129,1.32432432432,9.2972972973,17.2,4.77777777778,6.61591038862,0.71159501273,0.34333752357,8.20980516827,1.76606273969,0.769956002514,2.51899689268,0.541877238542,0.296040226273,0.579945114934,0.437917739848,2,1.32432432432,0.579945114934,2,0.013354056136,0.00677200902935,5,0.000643500643501,0.401173530174,37,37,37,1,0,0.72972972973,0.243243243243,0.027027027027,37,174,0.130630630631,1.32432432432,9.40540540541,17.4,4.83333333333,6.69352697039,0.711668097426,0.344516930724,8.21876195348,1.74766777172,0.766697732215,2.44795679956,0.520542537837,0.284871077975,0.579945114934,0.437917739848,2,1.32432432432,0.579945114934,2,0.0125062515125,0.00925517849273,7,0.000900900900901,0.405617974618,37,37,37,1,0,0.72972972973,0.243243243243,0.027027027027,-42,-0.0315315315315,0,-2.27027027027,-4.2,-1.16666666667,-1.50557207922,0.00943044734438,0.0344568706638,-2.11057467551,-0.0217093360273,0.00143246694971,-0.638874671148,-0.00822026038582,0.0321183252218,0,0,0,0,0,0,0.000336125342337,0.00328248224699,0,0,-0.215578606579,0,0,0,174,0,42,1116,0.805555555556,1,0,0.194444444444,1,0.805555555556,0.892307692308,0.88110074037,0.805555555556,0.805555555556,2,44,0,0,0,0
3211,WLNM_dir_neg,0.972882231405,0.905844155844,00:00:03,10,80,7,1237887331,threshold_sweep,0.7,1,0.0454545454545,0.0869565217391,2,0,42,88,0.0454545454545,1,0,0.954545454545,1,0.0454545454545,0.0869565217391,0.681818181818,0.661616161616,0.0597014925373,0.175411603861,0.0454545454545,216,172,44,0,216,0,172,0,44,37,216,0.162162162162,1.32432432432,11.6756756757,21.6,6,8.1990990496,0.702237650082,0.31006006006,10.329336629,1.76937710775,0.765265265265,3.0868314707,0.528762798222,0.252752752753,0.579945114934,0.437917739848,2,1.32432432432,0.579945114934,2,0.0121701261701,0.00597269624573,7,0.000900900900901,0.621196581197,37,37,37,1,0,0.72972972973,0.243243243243,0.027027027027,37,0.129129129129,1.32432432432,9.2972972973,17.2,4.77777777778,6.61591038862,0.71159501273,0.34333752357,8.20980516827,1.76606273969,0.769956002514,2.51899689268,0.541877238542,0.296040226273,0.579945114934,0.437917739848,2,1.32432432432,0.579945114934,2,0.013354056136,0.00677200902935,5,0.000643500643501,0.401173530174,37,37,37,1,0,0.72972972973,0.243243243243,0.027027027027,37,174,0.130630630631,1.32432432432,9.40540540541,17.4,4.83333333333,6.69352697039,0.711668097426,0.344516930724,8.21876195348,1.74766777172,0.766697732215,2.44795679956,0.520542537837,0.284871077975,0.579945114934,0.437917739848,2,1.32432432432,0.579945114934,2,0.0125062515125,0.00925517849273,7,0.000900900900901,0.405617974618,37,37,37,1,0,0.72972972973,0.243243243243,0.027027027027,-42,-0.0315315315315,0,-2.27027027027,-4.2,-1.16666666667,-1.50557207922,0.00943044734438,0.0344568706638,-2.11057467551,-0.0217093360273,0.00143246694971,-0.638874671148,-0.00822026038582,0.0321183252218,0,0,0,0,0,0,0.000336125342337,0.00328248224699,0,0,-0.215578606579,0,0,0,174,0,42,1116,0.805555555556,1,0,0.194444444444,1,0.805555555556,0.892307692308,0.88110074037,0.805555555556,0.805555555556,2,44,0,0,0,0
3212,WLNM_dir_neg,0.972882231405,0.905844155844,00:00:03,10,80,7,1237887331,threshold_sweep,0.8,1,0.0454545454545,0.0869565217391,2,0,42,88,0.0454545454545,1,0,0.954545454545,1,0.0454545454545,0.0869565217391,0.681818181818,0.661616161616,0.0597014925373,0.175411603861,0.0454545454545,216,172,44,0,216,0,172,0,44,37,216,0.162162162162,1.32432432432,11.6756756757,21.6,6,8.1990990496,0.702237650082,0.31006006006,10.329336629,1.76937710775,0.765265265265,3.0868314707,0.528762798222,0.252752752753,0.579945114934,0.437917739848,2,1.32432432432,0.579945114934,2,0.0121701261701,0.00597269624573,7,0.000900900900901,0.621196581197,37,37,37,1,0,0.72972972973,0.243243243243,0.027027027027,37,0.129129129129,1.32432432432,9.2972972973,17.2,4.77777777778,6.61591038862,0.71159501273,0.34333752357,8.20980516827,1.76606273969,0.769956002514,2.51899689268,0.541877238542,0.296040226273,0.579945114934,0.437917739848,2,1.32432432432,0.579945114934,2,0.013354056136,0.00677200902935,5,0.000643500643501,0.401173530174,37,37,37,1,0,0.72972972973,0.243243243243,0.027027027027,37,174,0.130630630631,1.32432432432,9.40540540541,17.4,4.83333333333,6.69352697039,0.711668097426,0.344516930724,8.21876195348,1.74766777172,0.766697732215,2.44795679956,0.520542537837,0.284871077975,0.579945114934,0.437917739848,2,1.32432432432,0.579945114934,2,0.0125062515125,0.00925517849273,7,0.000900900900901,0.405617974618,37,37,37,1,0,0.72972972973,0.243243243243,0.027027027027,-42,-0.0315315315315,0,-2.27027027027,-4.2,-1.16666666667,-1.50557207922,0.00943044734438,0.0344568706638,-2.11057467551,-0.0217093360273,0.00143246694971,-0.638874671148,-0.00822026038582,0.0321183252218,0,0,0,0,0,0,0.000336125342337,0.00328248224699,0,0,-0.215578606579,0,0,0,174,0,42,1116,0.805555555556,1,0,0.194444444444,1,0.805555555556,0.892307692308,0.88110074037,0.805555555556,0.805555555556,2,44,0,0,0,0
3213,WLNM_dir_neg,0.972882231405,0.905844155844,00:00:03,10,80,7,1237887331,threshold_sweep,0.9,1,0.0454545454545,0.0869565217391,2,0,42,88,0.0454545454545,1,0,0.954545454545,1,0.0454545454545,0.0869565217391,0.681818181818,0.661616161616,0.0597014925373,0.175411603861,0.0454545454545,216,172,44,0,216,0,172,0,44,37,216,0.162162162162,1.32432432432,11.6756756757,21.6,6,8.1990990496,0.702237650082,0.31006006006,10.329336629,1.76937710775,0.765265265265,3.0868314707,0.528762798222,0.252752752753,0.579945114934,0.437917739848,2,1.32432432432,0.579945114934,2,0.0121701261701,0.00597269624573,7,0.000900900900901,0.621196581197,37,37,37,1,0,0.72972972973,0.243243243243,0.027027027027,37,0.129129129129,1.32432432432,9.2972972973,17.2,4.77777777778,6.61591038862,0.71159501273,0.34333752357,8.20980516827,1.76606273969,0.769956002514,2.51899689268,0.541877238542,0.296040226273,0.579945114934,0.437917739848,2,1.32432432432,0.579945114934,2,0.013354056136,0.00677200902935,5,0.000643500643501,0.401173530174,37,37,37,1,0,0.72972972973,0.243243243243,0.027027027027,37,174,0.130630630631,1.32432432432,9.40540540541,17.4,4.83333333333,6.69352697039,0.711668097426,0.344516930724,8.21876195348,1.74766777172,0.766697732215,2.44795679956,0.520542537837,0.284871077975,0.579945114934,0.437917739848,2,1.32432432432,0.579945114934,2,0.0125062515125,0.00925517849273,7,0.000900900900901,0.405617974618,37,37,37,1,0,0.72972972973,0.243243243243,0.027027027027,-42,-0.0315315315315,0,-2.27027027027,-4.2,-1.16666666667,-1.50557207922,0.00943044734438,0.0344568706638,-2.11057467551,-0.0217093360273,0.00143246694971,-0.638874671148,-0.00822026038582,0.0321183252218,0,0,0,0,0,0,0.000336125342337,0.00328248224699,0,0,-0.215578606579,0,0,0,174,0,42,1116,0.805555555556,1,0,0.194444444444,1,0.805555555556,0.892307692308,0.88110074037,0.805555555556,0.805555555556,2,44,0,0,0,0
3214,WLNM_dir_neg,0.994318181818,0.965943027109,00:00:03,10,80,8,1237887332,threshold_sweep,0.1,1,0.0681818181818,0.127659574468,3,0,41,88,0.0681818181818,1,0,0.931818181818,1,0.0681818181818,0.127659574468,0.689393939394,0.659090909091,0.0888888888889,0.215665546407,0.0681818181818,216,172,44,0,216,0,172,0,44,37,216,0.162162162162,1.32432432432,11.6756756757,21.6,6,8.1990990496,0.702237650082,0.31006006006,10.329336629,1.76937710775,0.765265265265,3.0868314707,0.528762798222,0.252752752753,0.579945114934,0.437917739848,2,1.32432432432,0.579945114934,2,0.0121701261701,0.00597269624573,7,0.000900900900901,0.621196581197,37,37,37,1,0,0.72972972973,0.243243243243,0.027027027027,37,0.129129129129,1.32432432432,9.2972972973,17.2,5.05882352941,6.80630779688,0.732073803734,0.346480201131,8.32071116157,1.78992042429,0.776869893149,2.62695658527,0.565101125901,0.306725329981,0.579945114934,0.437917739848,2,1.33333333333,0.585540043769,2,0,0,0,0,0.41035809601,37,36,36,0.972972972973,0,0.702702702703,0.216216216216,0.0540540540541,37,175,0.131381381381,1.32732732733,9.45945945946,17.5,5,6.85401177979,0.724566959578,0.34749034749,8.34881444893,1.76517791206,0.77250965251,2.5127303504,0.53126298837,0.288803088803,0.589078670762,0.443808138832,2.11111111111,1.33641975309,0.594795838055,2.11111111111,0.0136144748661,0.00902837489252,7,0.000900900900901,0.413753157739,37,36,36,0.972972972973,0,0.702702702703,0.243243243243,0.027027027027,-41,-0.0307807807808,0.003003003003,-2.21621621622,-4.1,-1,-1.34508726982,0.0223293094958,0.0374302874303,-1.98052218007,-0.00419919568532,0.00724438724439,-0.574101120305,0.00250019014753,0.0360503360503,0.00913355582779,0.00589039898372,0.111111111111,0.0120954287621,0.0148507231203,0.111111111111,0.00144434869601,0.00305567864679,0,0,-0.207443423458,-0.027027027027,0,0,175,0,41,1116,0.810185185185,1,0,0.189814814815,1,0.810185185185,0.895140664962,0.884010791353,0.810185185185,0.810185185185,3,44,0,0,0,0
3215,WLNM_dir_neg,0.994318181818,0.965943027109,00:00:03,10,80,8,1237887332,threshold_sweep,0.2,1,0.0681818181818,0.127659574468,3,0,41,88,0.0681818181818,1,0,0.931818181818,1,0.0681818181818,0.127659574468,0.689393939394,0.659090909091,0.0888888888889,0.215665546407,0.0681818181818,216,172,44,0,216,0,172,0,44,37,216,0.162162162162,1.32432432432,11.6756756757,21.6,6,8.1990990496,0.702237650082,0.31006006006,10.329336629,1.76937710775,0.765265265265,3.0868314707,0.528762798222,0.252752752753,0.579945114934,0.437917739848,2,1.32432432432,0.579945114934,2,0.0121701261701,0.00597269624573,7,0.000900900900901,0.621196581197,37,37,37,1,0,0.72972972973,0.243243243243,0.027027027027,37,0.129129129129,1.32432432432,9.2972972973,17.2,5.05882352941,6.80630779688,0.732073803734,0.346480201131,8.32071116157,1.78992042429,0.776869893149,2.62695658527,0.565101125901,0.306725329981,0.579945114934,0.437917739848,2,1.33333333333,0.585540043769,2,0,0,0,0,0.41035809601,37,36,36,0.972972972973,0,0.702702702703,0.216216216216,0.0540540540541,37,175,0.131381381381,1.32732732733,9.45945945946,17.5,5,6.85401177979,0.724566959578,0.34749034749,8.34881444893,1.76517791206,0.77250965251,2.5127303504,0.53126298837,0.288803088803,0.589078670762,0.443808138832,2.11111111111,1.33641975309,0.594795838055,2.11111111111,0.0136144748661,0.00902837489252,7,0.000900900900901,0.413753157739,37,36,36,0.972972972973,0,0.702702702703,0.243243243243,0.027027027027,-41,-0.0307807807808,0.003003003003,-2.21621621622,-4.1,-1,-1.34508726982,0.0223293094958,0.0374302874303,-1.98052218007,-0.00419919568532,0.00724438724439,-0.574101120305,0.00250019014753,0.0360503360503,0.00913355582779,0.00589039898372,0.111111111111,0.0120954287621,0.0148507231203,0.111111111111,0.00144434869601,0.00305567864679,0,0,-0.207443423458,-0.027027027027,0,0,175,0,41,1116,0.810185185185,1,0,0.189814814815,1,0.810185185185,0.895140664962,0.884010791353,0.810185185185,0.810185185185,3,44,0,0,0,0
3216,WLNM_dir_neg,0.994318181818,0.965943027109,00:00:03,10,80,8,1237887332,threshold_sweep,0.3,1,0.0681818181818,0.127659574468,3,0,41,88,0.0681818181818,1,0,0.931818181818,1,0.0681818181818,0.127659574468,0.689393939394,0.659090909091,0.0888888888889,0.215665546407,0.0681818181818,216,172,44,0,216,0,172,0,44,37,216,0.162162162162,1.32432432432,11.6756756757,21.6,6,8.1990990496,0.702237650082,0.31006006006,10.329336629,1.76937710775,0.765265265265,3.0868314707,0.528762798222,0.252752752753,0.579945114934,0.437917739848,2,1.32432432432,0.579945114934,2,0.0121701261701,0.00597269624573,7,0.000900900900901,0.621196581197,37,37,37,1,0,0.72972972973,0.243243243243,0.027027027027,37,0.129129129129,1.32432432432,9.2972972973,17.2,5.05882352941,6.80630779688,0.732073803734,0.346480201131,8.32071116157,1.78992042429,0.776869893149,2.62695658527,0.565101125901,0.306725329981,0.579945114934,0.437917739848,2,1.33333333333,0.585540043769,2,0,0,0,0,0.41035809601,37,36,36,0.972972972973,0,0.702702702703,0.216216216216,0.0540540540541,37,175,0.131381381381,1.32732732733,9.45945945946,17.5,5,6.85401177979,0.724566959578,0.34749034749,8.34881444893,1.76517791206,0.77250965251,2.5127303504,0.53126298837,0.288803088803,0.589078670762,0.443808138832,2.11111111111,1.33641975309,0.594795838055,2.11111111111,0.0136144748661,0.00902837489252,7,0.000900900900901,0.413753157739,37,36,36,0.972972972973,0,0.702702702703,0.243243243243,0.027027027027,-41,-0.0307807807808,0.003003003003,-2.21621621622,-4.1,-1,-1.34508726982,0.0223293094958,0.0374302874303,-1.98052218007,-0.00419919568532,0.00724438724439,-0.574101120305,0.00250019014753,0.0360503360503,0.00913355582779,0.00589039898372,0.111111111111,0.0120954287621,0.0148507231203,0.111111111111,0.00144434869601,0.00305567864679,0,0,-0.207443423458,-0.027027027027,0,0,175,0,41,1116,0.810185185185,1,0,0.189814814815,1,0.810185185185,0.895140664962,0.884010791353,0.810185185185,0.810185185185,3,44,0,0,0,0
3217,WLNM_dir_neg,0.994318181818,0.965943027109,00:00:03,10,80,8,1237887332,threshold_sweep,0.4,1,0.0681818181818,0.127659574468,3,0,41,88,0.0681818181818,1,0,0.931818181818,1,0.0681818181818,0.127659574468,0.689393939394,0.659090909091,0.0888888888889,0.215665546407,0.0681818181818,216,172,44,0,216,0,172,0,44,37,216,0.162162162162,1.32432432432,11.6756756757,21.6,6,8.1990990496,0.702237650082,0.31006006006,10.329336629,1.76937710775,0.765265265265,3.0868314707,0.528762798222,0.252752752753,0.579945114934,0.437917739848,2,1.32432432432,0.579945114934,2,0.0121701261701,0.00597269624573,7,0.000900900900901,0.621196581197,37,37,37,1,0,0.72972972973,0.243243243243,0.027027027027,37,0.129129129129,1.32432432432,9.2972972973,17.2,5.05882352941,6.80630779688,0.732073803734,0.346480201131,8.32071116157,1.78992042429,0.776869893149,2.62695658527,0.565101125901,0.306725329981,0.579945114934,0.437917739848,2,1.33333333333,0.585540043769,2,0,0,0,0,0.41035809601,37,36,36,0.972972972973,0,0.702702702703,0.216216216216,0.0540540540541,37,175,0.131381381381,1.32732732733,9.45945945946,17.5,5,6.85401177979,0.724566959578,0.34749034749,8.34881444893,1.76517791206,0.77250965251,2.5127303504,0.53126298837,0.288803088803,0.589078670762,0.443808138832,2.11111111111,1.33641975309,0.594795838055,2.11111111111,0.0136144748661,0.00902837489252,7,0.000900900900901,0.413753157739,37,36,36,0.972972972973,0,0.702702702703,0.243243243243,0.027027027027,-41,-0.0307807807808,0.003003003003,-2.21621621622,-4.1,-1,-1.34508726982,0.0223293094958,0.0374302874303,-1.98052218007,-0.00419919568532,0.00724438724439,-0.574101120305,0.00250019014753,0.0360503360503,0.00913355582779,0.00589039898372,0.111111111111,0.0120954287621,0.0148507231203,0.111111111111,0.00144434869601,0.00305567864679,0,0,-0.207443423458,-0.027027027027,0,0,175,0,41,1116,0.810185185185,1,0,0.189814814815,1,0.810185185185,0.895140664962,0.884010791353,0.810185185185,0.810185185185,3,44,0,0,0,0
3218,WLNM_dir_neg,0.994318181818,0.965943027109,00:00:03,10,80,8,1237887332,threshold_sweep,0.5,1,0.0681818181818,0.127659574468,3,0,41,88,0.0681818181818,1,0,0.931818181818,1,0.0681818181818,0.127659574468,0.689393939394,0.659090909091,0.0888888888889,0.215665546407,0.0681818181818,216,172,44,0,216,0,172,0,44,37,216,0.162162162162,1.32432432432,11.6756756757,21.6,6,8.1990990496,0.702237650082,0.31006006006,10.329336629,1.76937710775,0.765265265265,3.0868314707,0.528762798222,0.252752752753,0.579945114934,0.437917739848,2,1.32432432432,0.579945114934,2,0.0121701261701,0.00597269624573,7,0.000900900900901,0.621196581197,37,37,37,1,0,0.72972972973,0.243243243243,0.027027027027,37,0.129129129129,1.32432432432,9.2972972973,17.2,5.05882352941,6.80630779688,0.732073803734,0.346480201131,8.32071116157,1.78992042429,0.776869893149,2.62695658527,0.565101125901,0.306725329981,0.579945114934,0.437917739848,2,1.33333333333,0.585540043769,2,0,0,0,0,0.41035809601,37,36,36,0.972972972973,0,0.702702702703,0.216216216216,0.0540540540541,37,175,0.131381381381,1.32732732733,9.45945945946,17.5,5,6.85401177979,0.724566959578,0.34749034749,8.34881444893,1.76517791206,0.77250965251,2.5127303504,0.53126298837,0.288803088803,0.589078670762,0.443808138832,2.11111111111,1.33641975309,0.594795838055,2.11111111111,0.0136144748661,0.00902837489252,7,0.000900900900901,0.413753157739,37,36,36,0.972972972973,0,0.702702702703,0.243243243243,0.027027027027,-41,-0.0307807807808,0.003003003003,-2.21621621622,-4.1,-1,-1.34508726982,0.0223293094958,0.0374302874303,-1.98052218007,-0.00419919568532,0.00724438724439,-0.574101120305,0.00250019014753,0.0360503360503,0.00913355582779,0.00589039898372,0.111111111111,0.0120954287621,0.0148507231203,0.111111111111,0.00144434869601,0.00305567864679,0,0,-0.207443423458,-0.027027027027,0,0,175,0,41,1116,0.810185185185,1,0,0.189814814815,1,0.810185185185,0.895140664962,0.884010791353,0.810185185185,0.810185185185,3,44,0,0,0,0
3219,WLNM_dir_neg,0.994318181818,0.965943027109,00:00:03,10,80,8,1237887332,threshold_sweep,0.6,1,0.0681818181818,0.127659574468,3,0,41,88,0.0681818181818,1,0,0.931818181818,1,0.0681818181818,0.127659574468,0.689393939394,0.659090909091,0.0888888888889,0.215665546407,0.0681818181818,216,172,44,0,216,0,172,0,44,37,216,0.162162162162,1.32432432432,11.6756756757,21.6,6,8.1990990496,0.702237650082,0.31006006006,10.329336629,1.76937710775,0.765265265265,3.0868314707,0.528762798222,0.252752752753,0.579945114934,0.437917739848,2,1.32432432432,0.579945114934,2,0.0121701261701,0.00597269624573,7,0.000900900900901,0.621196581197,37,37,37,1,0,0.72972972973,0.243243243243,0.027027027027,37,0.129129129129,1.32432432432,9.2972972973,17.2,5.05882352941,6.80630779688,0.732073803734,0.346480201131,8.32071116157,1.78992042429,0.776869893149,2.62695658527,0.565101125901,0.306725329981,0.579945114934,0.437917739848,2,1.33333333333,0.585540043769,2,0,0,0,0,0.41035809601,37,36,36,0.972972972973,0,0.702702702703,0.216216216216,0.0540540540541,37,175,0.131381381381,1.32732732733,9.45945945946,17.5,5,6.85401177979,0.724566959578,0.34749034749,8.34881444893,1.76517791206,0.77250965251,2.5127303504,0.53126298837,0.288803088803,0.589078670762,0.443808138832,2.11111111111,1.33641975309,0.594795838055,2.11111111111,0.0136144748661,0.00902837489252,7,0.000900900900901,0.413753157739,37,36,36,0.972972972973,0,0.702702702703,0.243243243243,0.027027027027,-41,-0.0307807807808,0.003003003003,-2.21621621622,-4.1,-1,-1.34508726982,0.0223293094958,0.0374302874303,-1.98052218007,-0.00419919568532,0.00724438724439,-0.574101120305,0.00250019014753,0.0360503360503,0.00913355582779,0.00589039898372,0.111111111111,0.0120954287621,0.0148507231203,0.111111111111,0.00144434869601,0.00305567864679,0,0,-0.207443423458,-0.027027027027,0,0,175,0,41,1116,0.810185185185,1,0,0.189814814815,1,0.810185185185,0.895140664962,0.884010791353,0.810185185185,0.810185185185,3,44,0,0,0,0
3220,WLNM_dir_neg,0.994318181818,0.965943027109,00:00:03,10,80,8,1237887332,threshold_sweep,0.7,1,0.0681818181818,0.127659574468,3,0,41,88,0.0681818181818,1,0,0.931818181818,1,0.0681818181818,0.127659574468,0.689393939394,0.659090909091,0.0888888888889,0.215665546407,0.0681818181818,216,172,44,0,216,0,172,0,44,37,216,0.162162162162,1.32432432432,11.6756756757,21.6,6,8.1990990496,0.702237650082,0.31006006006,10.329336629,1.76937710775,0.765265265265,3.0868314707,0.528762798222,0.252752752753,0.579945114934,0.437917739848,2,1.32432432432,0.579945114934,2,0.0121701261701,0.00597269624573,7,0.000900900900901,0.621196581197,37,37,37,1,0,0.72972972973,0.243243243243,0.027027027027,37,0.129129129129,1.32432432432,9.2972972973,17.2,5.05882352941,6.80630779688,0.732073803734,0.346480201131,8.32071116157,1.78992042429,0.776869893149,2.62695658527,0.565101125901,0.306725329981,0.579945114934,0.437917739848,2,1.33333333333,0.585540043769,2,0,0,0,0,0.41035809601,37,36,36,0.972972972973,0,0.702702702703,0.216216216216,0.0540540540541,37,175,0.131381381381,1.32732732733,9.45945945946,17.5,5,6.85401177979,0.724566959578,0.34749034749,8.34881444893,1.76517791206,0.77250965251,2.5127303504,0.53126298837,0.288803088803,0.589078670762,0.443808138832,2.11111111111,1.33641975309,0.594795838055,2.11111111111,0.0136144748661,0.00902837489252,7,0.000900900900901,0.413753157739,37,36,36,0.972972972973,0,0.702702702703,0.243243243243,0.027027027027,-41,-0.0307807807808,0.003003003003,-2.21621621622,-4.1,-1,-1.34508726982,0.0223293094958,0.0374302874303,-1.98052218007,-0.00419919568532,0.00724438724439,-0.574101120305,0.00250019014753,0.0360503360503,0.00913355582779,0.00589039898372,0.111111111111,0.0120954287621,0.0148507231203,0.111111111111,0.00144434869601,0.00305567864679,0,0,-0.207443423458,-0.027027027027,0,0,175,0,41,1116,0.810185185185,1,0,0.189814814815,1,0.810185185185,0.895140664962,0.884010791353,0.810185185185,0.810185185185,3,44,0,0,0,0
3221,WLNM_dir_neg,0.994318181818,0.965943027109,00:00:03,10,80,8,1237887332,threshold_sweep,0.8,1,0.0454545454545,0.0869565217391,2,0,42,88,0.0454545454545,1,0,0.954545454545,1,0.0454545454545,0.0869565217391,0.681818181818,0.661616161616,0.0597014925373,0.175411603861,0.0454545454545,216,172,44,0,216,0,172,0,44,37,216,0.162162162162,1.32432432432,11.6756756757,21.6,6,8.1990990496,0.702237650082,0.31006006006,10.329336629,1.76937710775,0.765265265265,3.0868314707,0.528762798222,0.252752752753,0.579945114934,0.437917739848,2,1.32432432432,0.579945114934,2,0.0121701261701,0.00597269624573,7,0.000900900900901,0.621196581197,37,37,37,1,0,0.72972972973,0.243243243243,0.027027027027,37,0.129129129129,1.32432432432,9.2972972973,17.2,5.05882352941,6.80630779688,0.732073803734,0.346480201131,8.32071116157,1.78992042429,0.776869893149,2.62695658527,0.565101125901,0.306725329981,0.579945114934,0.437917739848,2,1.33333333333,0.585540043769,2,0,0,0,0,0.41035809601,37,36,36,0.972972972973,0,0.702702702703,0.216216216216,0.0540540540541,37,174,0.130630630631,1.32432432432,9.40540540541,17.4,5.11764705882,6.86561261918,0.729964560085,0.347002174588,8.33621571773,1.77264357216,0.773842808326,2.55891540463,0.544137183743,0.295433364399,0.579945114934,0.437917739848,2,1.33333333333,0.585540043769,2,0,0,0,0,0.415913651566,37,36,36,0.972972972973,0,0.702702702703,0.216216216216,0.0540540540541,-42,-0.0315315315315,0,-2.27027027027,-4.2,-0.882352941176,-1.33348643042,0.0277269100033,0.0369421145283,-1.99312091127,0.00326646441519,0.0085775430603,-0.527916066075,0.0153743855205,0.0426806116461,0,0,0,0.00900900900901,0.00559492883467,0,-0.0121701261701,-0.00597269624573,-7,-0.000900900900901,-0.205282929631,-0.027027027027,-0.027027027027,0.027027027027,174,0,42,1116,0.805555555556,1,0,0.194444444444,1,0.805555555556,0.892307692308,0.88110074037,0.805555555556,0.805555555556,2,44,0,0,0,0
3222,WLNM_dir_neg,0.994318181818,0.965943027109,00:00:03,10,80,8,1237887332,threshold_sweep,0.9,1,0.0454545454545,0.0869565217391,2,0,42,88,0.0454545454545,1,0,0.954545454545,1,0.0454545454545,0.0869565217391,0.681818181818,0.661616161616,0.0597014925373,0.175411603861,0.0454545454545,216,172,44,0,216,0,172,0,44,37,216,0.162162162162,1.32432432432,11.6756756757,21.6,6,8.1990990496,0.702237650082,0.31006006006,10.329336629,1.76937710775,0.765265265265,3.0868314707,0.528762798222,0.252752752753,0.579945114934,0.437917739848,2,1.32432432432,0.579945114934,2,0.0121701261701,0.00597269624573,7,0.000900900900901,0.621196581197,37,37,37,1,0,0.72972972973,0.243243243243,0.027027027027,37,0.129129129129,1.32432432432,9.2972972973,17.2,5.05882352941,6.80630779688,0.732073803734,0.346480201131,8.32071116157,1.78992042429,0.776869893149,2.62695658527,0.565101125901,0.306725329981,0.579945114934,0.437917739848,2,1.33333333333,0.585540043769,2,0,0,0,0,0.41035809601,37,36,36,0.972972972973,0,0.702702702703,0.216216216216,0.0540540540541,37,174,0.130630630631,1.32432432432,9.40540540541,17.4,5.11764705882,6.86561261918,0.729964560085,0.347002174588,8.33621571773,1.77264357216,0.773842808326,2.55891540463,0.544137183743,0.295433364399,0.579945114934,0.437917739848,2,1.33333333333,0.585540043769,2,0,0,0,0,0.415913651566,37,36,36,0.972972972973,0,0.702702702703,0.216216216216,0.0540540540541,-42,-0.0315315315315,0,-2.27027027027,-4.2,-0.882352941176,-1.33348643042,0.0277269100033,0.0369421145283,-1.99312091127,0.00326646441519,0.0085775430603,-0.527916066075,0.0153743855205,0.0426806116461,0,0,0,0.00900900900901,0.00559492883467,0,-0.0121701261701,-0.00597269624573,-7,-0.000900900900901,-0.205282929631,-0.027027027027,-0.027027027027,0.027027027027,174,0,42,1116,0.805555555556,1,0,0.194444444444,1,0.805555555556,0.892307692308,0.88110074037,0.805555555556,0.805555555556,2,44,0,0,0,0
3223,WLNM_dir_neg,0.993672520661,0.964737543418,00:00:03,10,80,9,1237887333,threshold_sweep,0.1,0,0,0,0,0,44,88,0,1,0,1,0,0,0,0.666666666667,0.666666666667,0,0,0,216,172,44,0,216,0,172,0,44,37,216,0.162162162162,1.32432432432,11.6756756757,21.6,6,8.1990990496,0.702237650082,0.31006006006,10.329336629,1.76937710775,0.765265265265,3.0868314707,0.528762798222,0.252752752753,0.579945114934,0.437917739848,2,1.32432432432,0.579945114934,2,0.0121701261701,0.00597269624573,7,0.000900900900901,0.621196581197,37,37,37,1,0,0.72972972973,0.243243243243,0.027027027027,37,0.129129129129,1.32094594595,9.2972972973,17.2,5.05882352941,6.7117842671,0.721907028728,0.352608422376,8.23008105879,1.77042441381,0.77027027027,2.73065128796,0.587407544504,0.325895663105,0.570194700955,0.431656346503,2,1.32986111111,0.575661713796,2,0,0,0,0,0.429268677109,37,36,36,0.972972972973,0,0.702702702703,0.216216216216,0.0540540540541,37,172,0.129129129129,1.32094594595,9.2972972973,17.2,5.05882352941,6.7117842671,0.721907028728,0.352608422376,8.23008105879,1.77042441381,0.77027027027,2.73065128796,0.587407544504,0.325895663105,0.570194700955,0.431656346503,2,1.32986111111,0.575661713796,2,0,0,0,0,0.429268677109,37,36,36,0.972972972973,0,0.702702702703,0.216216216216,0.0540540540541,-44,-0.033033033033,-0.00337837837838,-2.37837837838,-4.4,-0.941176470588,-1.48731478251,0.0196693786466,0.0425483623158,-2.09925557021,0.0010473060639,0.00500500500501,-0.356180182741,0.0586447462813,0.0731429103522,-0.0097504139796,-0.00626139334556,0,0.00553678678679,-0.00428340113879,0,-0.0121701261701,-0.00597269624573,-7,-0.000900900900901,-0.191927904087,-0.027027027027,-0.027027027027,0.027027027027,172,0,44,1116,0.796296296296,1,0,0.203703703704,1,0.796296296296,0.886597938144,0.875266790198,0.796296296296,0.796296296296,0,44,0,0,0,0
3224,WLNM_dir_neg,0.993672520661,0.964737543418,00:00:03,10,80,9,1237887333,threshold_sweep,0.2,0,0,0,0,0,44,88,0,1,0,1,0,0,0,0.666666666667,0.666666666667,0,0,0,216,172,44,0,216,0,172,0,44,37,216,0.162162162162,1.32432432432,11.6756756757,21.6,6,8.1990990496,0.702237650082,0.31006006006,10.329336629,1.76937710775,0.765265265265,3.0868314707,0.528762798222,0.252752752753,0.579945114934,0.437917739848,2,1.32432432432,0.579945114934,2,0.0121701261701,0.00597269624573,7,0.000900900900901,0.621196581197,37,37,37,1,0,0.72972972973,0.243243243243,0.027027027027,37,0.129129129129,1.32094594595,9.2972972973,17.2,5.05882352941,6.7117842671,0.721907028728,0.352608422376,8.23008105879,1.77042441381,0.77027027027,2.73065128796,0.587407544504,0.325895663105,0.570194700955,0.431656346503,2,1.32986111111,0.575661713796,2,0,0,0,0,0.429268677109,37,36,36,0.972972972973,0,0.702702702703,0.216216216216,0.0540540540541,37,172,0.129129129129,1.32094594595,9.2972972973,17.2,5.05882352941,6.7117842671,0.721907028728,0.352608422376,8.23008105879,1.77042441381,0.77027027027,2.73065128796,0.587407544504,0.325895663105,0.570194700955,0.431656346503,2,1.32986111111,0.575661713796,2,0,0,0,0,0.429268677109,37,36,36,0.972972972973,0,0.702702702703,0.216216216216,0.0540540540541,-44,-0.033033033033,-0.00337837837838,-2.37837837838,-4.4,-0.941176470588,-1.48731478251,0.0196693786466,0.0425483623158,-2.09925557021,0.0010473060639,0.00500500500501,-0.356180182741,0.0586447462813,0.0731429103522,-0.0097504139796,-0.00626139334556,0,0.00553678678679,-0.00428340113879,0,-0.0121701261701,-0.00597269624573,-7,-0.000900900900901,-0.191927904087,-0.027027027027,-0.027027027027,0.027027027027,172,0,44,1116,0.796296296296,1,0,0.203703703704,1,0.796296296296,0.886597938144,0.875266790198,0.796296296296,0.796296296296,0,44,0,0,0,0
3225,WLNM_dir_neg,0.993672520661,0.964737543418,00:00:03,10,80,9,1237887333,threshold_sweep,0.3,0,0,0,0,0,44,88,0,1,0,1,0,0,0,0.666666666667,0.666666666667,0,0,0,216,172,44,0,216,0,172,0,44,37,216,0.162162162162,1.32432432432,11.6756756757,21.6,6,8.1990990496,0.702237650082,0.31006006006,10.329336629,1.76937710775,0.765265265265,3.0868314707,0.528762798222,0.252752752753,0.579945114934,0.437917739848,2,1.32432432432,0.579945114934,2,0.0121701261701,0.00597269624573,7,0.000900900900901,0.621196581197,37,37,37,1,0,0.72972972973,0.243243243243,0.027027027027,37,0.129129129129,1.32094594595,9.2972972973,17.2,5.05882352941,6.7117842671,0.721907028728,0.352608422376,8.23008105879,1.77042441381,0.77027027027,2.73065128796,0.587407544504,0.325895663105,0.570194700955,0.431656346503,2,1.32986111111,0.575661713796,2,0,0,0,0,0.429268677109,37,36,36,0.972972972973,0,0.702702702703,0.216216216216,0.0540540540541,37,172,0.129129129129,1.32094594595,9.2972972973,17.2,5.05882352941,6.7117842671,0.721907028728,0.352608422376,8.23008105879,1.77042441381,0.77027027027,2.73065128796,0.587407544504,0.325895663105,0.570194700955,0.431656346503,2,1.32986111111,0.575661713796,2,0,0,0,0,0.429268677109,37,36,36,0.972972972973,0,0.702702702703,0.216216216216,0.0540540540541,-44,-0.033033033033,-0.00337837837838,-2.37837837838,-4.4,-0.941176470588,-1.48731478251,0.0196693786466,0.0425483623158,-2.09925557021,0.0010473060639,0.00500500500501,-0.356180182741,0.0586447462813,0.0731429103522,-0.0097504139796,-0.00626139334556,0,0.00553678678679,-0.00428340113879,0,-0.0121701261701,-0.00597269624573,-7,-0.000900900900901,-0.191927904087,-0.027027027027,-0.027027027027,0.027027027027,172,0,44,1116,0.796296296296,1,0,0.203703703704,1,0.796296296296,0.886597938144,0.875266790198,0.796296296296,0.796296296296,0,44,0,0,0,0
3226,WLNM_dir_neg,0.993672520661,0.964737543418,00:00:03,10,80,9,1237887333,threshold_sweep,0.4,0,0,0,0,0,44,88,0,1,0,1,0,0,0,0.666666666667,0.666666666667,0,0,0,216,172,44,0,216,0,172,0,44,37,216,0.162162162162,1.32432432432,11.6756756757,21.6,6,8.1990990496,0.702237650082,0.31006006006,10.329336629,1.76937710775,0.765265265265,3.0868314707,0.528762798222,0.252752752753,0.579945114934,0.437917739848,2,1.32432432432,0.579945114934,2,0.0121701261701,0.00597269624573,7,0.000900900900901,0.621196581197,37,37,37,1,0,0.72972972973,0.243243243243,0.027027027027,37,0.129129129129,1.32094594595,9.2972972973,17.2,5.05882352941,6.7117842671,0.721907028728,0.352608422376,8.23008105879,1.77042441381,0.77027027027,2.73065128796,0.587407544504,0.325895663105,0.570194700955,0.431656346503,2,1.32986111111,0.575661713796,2,0,0,0,0,0.429268677109,37,36,36,0.972972972973,0,0.702702702703,0.216216216216,0.0540540540541,37,172,0.129129129129,1.32094594595,9.2972972973,17.2,5.05882352941,6.7117842671,0.721907028728,0.352608422376,8.23008105879,1.77042441381,0.77027027027,2.73065128796,0.587407544504,0.325895663105,0.570194700955,0.431656346503,2,1.32986111111,0.575661713796,2,0,0,0,0,0.429268677109,37,36,36,0.972972972973,0,0.702702702703,0.216216216216,0.0540540540541,-44,-0.033033033033,-0.00337837837838,-2.37837837838,-4.4,-0.941176470588,-1.48731478251,0.0196693786466,0.0425483623158,-2.09925557021,0.0010473060639,0.00500500500501,-0.356180182741,0.0586447462813,0.0731429103522,-0.0097504139796,-0.00626139334556,0,0.00553678678679,-0.00428340113879,0,-0.0121701261701,-0.00597269624573,-7,-0.000900900900901,-0.191927904087,-0.027027027027,-0.027027027027,0.027027027027,172,0,44,1116,0.796296296296,1,0,0.203703703704,1,0.796296296296,0.886597938144,0.875266790198,0.796296296296,0.796296296296,0,44,0,0,0,0
3227,WLNM_dir_neg,0.993672520661,0.964737543418,00:00:03,10,80,9,1237887333,threshold_sweep,0.5,0,0,0,0,0,44,88,0,1,0,1,0,0,0,0.666666666667,0.666666666667,0,0,0,216,172,44,0,216,0,172,0,44,37,216,0.162162162162,1.32432432432,11.6756756757,21.6,6,8.1990990496,0.702237650082,0.31006006006,10.329336629,1.76937710775,0.765265265265,3.0868314707,0.528762798222,0.252752752753,0.579945114934,0.437917739848,2,1.32432432432,0.579945114934,2,0.0121701261701,0.00597269624573,7,0.000900900900901,0.621196581197,37,37,37,1,0,0.72972972973,0.243243243243,0.027027027027,37,0.129129129129,1.32094594595,9.2972972973,17.2,5.05882352941,6.7117842671,0.721907028728,0.352608422376,8.23008105879,1.77042441381,0.77027027027,2.73065128796,0.587407544504,0.325895663105,0.570194700955,0.431656346503,2,1.32986111111,0.575661713796,2,0,0,0,0,0.429268677109,37,36,36,0.972972972973,0,0.702702702703,0.216216216216,0.0540540540541,37,172,0.129129129129,1.32094594595,9.2972972973,17.2,5.05882352941,6.7117842671,0.721907028728,0.352608422376,8.23008105879,1.77042441381,0.77027027027,2.73065128796,0.587407544504,0.325895663105,0.570194700955,0.431656346503,2,1.32986111111,0.575661713796,2,0,0,0,0,0.429268677109,37,36,36,0.972972972973,0,0.702702702703,0.216216216216,0.0540540540541,-44,-0.033033033033,-0.00337837837838,-2.37837837838,-4.4,-0.941176470588,-1.48731478251,0.0196693786466,0.0425483623158,-2.09925557021,0.0010473060639,0.00500500500501,-0.356180182741,0.0586447462813,0.0731429103522,-0.0097504139796,-0.00626139334556,0,0.00553678678679,-0.00428340113879,0,-0.0121701261701,-0.00597269624573,-7,-0.000900900900901,-0.191927904087,-0.027027027027,-0.027027027027,0.027027027027,172,0,44,1116,0.796296296296,1,0,0.203703703704,1,0.796296296296,0.886597938144,0.875266790198,0.796296296296,0.796296296296,0,44,0,0,0,0
3228,WLNM_dir_neg,0.993672520661,0.964737543418,00:00:03,10,80,9,1237887333,threshold_sweep,0.6,0,0,0,0,0,44,88,0,1,0,1,0,0,0,0.666666666667,0.666666666667,0,0,0,216,172,44,0,216,0,172,0,44,37,216,0.162162162162,1.32432432432,11.6756756757,21.6,6,8.1990990496,0.702237650082,0.31006006006,10.329336629,1.76937710775,0.765265265265,3.0868314707,0.528762798222,0.252752752753,0.579945114934,0.437917739848,2,1.32432432432,0.579945114934,2,0.0121701261701,0.00597269624573,7,0.000900900900901,0.621196581197,37,37,37,1,0,0.72972972973,0.243243243243,0.027027027027,37,0.129129129129,1.32094594595,9.2972972973,17.2,5.05882352941,6.7117842671,0.721907028728,0.352608422376,8.23008105879,1.77042441381,0.77027027027,2.73065128796,0.587407544504,0.325895663105,0.570194700955,0.431656346503,2,1.32986111111,0.575661713796,2,0,0,0,0,0.429268677109,37,36,36,0.972972972973,0,0.702702702703,0.216216216216,0.0540540540541,37,172,0.129129129129,1.32094594595,9.2972972973,17.2,5.05882352941,6.7117842671,0.721907028728,0.352608422376,8.23008105879,1.77042441381,0.77027027027,2.73065128796,0.587407544504,0.325895663105,0.570194700955,0.431656346503,2,1.32986111111,0.575661713796,2,0,0,0,0,0.429268677109,37,36,36,0.972972972973,0,0.702702702703,0.216216216216,0.0540540540541,-44,-0.033033033033,-0.00337837837838,-2.37837837838,-4.4,-0.941176470588,-1.48731478251,0.0196693786466,0.0425483623158,-2.09925557021,0.0010473060639,0.00500500500501,-0.356180182741,0.0586447462813,0.0731429103522,-0.0097504139796,-0.00626139334556,0,0.00553678678679,-0.00428340113879,0,-0.0121701261701,-0.00597269624573,-7,-0.000900900900901,-0.191927904087,-0.027027027027,-0.027027027027,0.027027027027,172,0,44,1116,0.796296296296,1,0,0.203703703704,1,0.796296296296,0.886597938144,0.875266790198,0.796296296296,0.796296296296,0,44,0,0,0,0
3229,WLNM_dir_neg,0.993672520661,0.964737543418,00:00:03,10,80,9,1237887333,threshold_sweep,0.7,0,0,0,0,0,44,88,0,1,0,1,0,0,0,0.666666666667,0.666666666667,0,0,0,216,172,44,0,216,0,172,0,44,37,216,0.162162162162,1.32432432432,11.6756756757,21.6,6,8.1990990496,0.702237650082,0.31006006006,10.329336629,1.76937710775,0.765265265265,3.0868314707,0.528762798222,0.252752752753,0.579945114934,0.437917739848,2,1.32432432432,0.579945114934,2,0.0121701261701,0.00597269624573,7,0.000900900900901,0.621196581197,37,37,37,1,0,0.72972972973,0.243243243243,0.027027027027,37,0.129129129129,1.32094594595,9.2972972973,17.2,5.05882352941,6.7117842671,0.721907028728,0.352608422376,8.23008105879,1.77042441381,0.77027027027,2.73065128796,0.587407544504,0.325895663105,0.570194700955,0.431656346503,2,1.32986111111,0.575661713796,2,0,0,0,0,0.429268677109,37,36,36,0.972972972973,0,0.702702702703,0.216216216216,0.0540540540541,37,172,0.129129129129,1.32094594595,9.2972972973,17.2,5.05882352941,6.7117842671,0.721907028728,0.352608422376,8.23008105879,1.77042441381,0.77027027027,2.73065128796,0.587407544504,0.325895663105,0.570194700955,0.431656346503,2,1.32986111111,0.575661713796,2,0,0,0,0,0.429268677109,37,36,36,0.972972972973,0,0.702702702703,0.216216216216,0.0540540540541,-44,-0.033033033033,-0.00337837837838,-2.37837837838,-4.4,-0.941176470588,-1.48731478251,0.0196693786466,0.0425483623158,-2.09925557021,0.0010473060639,0.00500500500501,-0.356180182741,0.0586447462813,0.0731429103522,-0.0097504139796,-0.00626139334556,0,0.00553678678679,-0.00428340113879,0,-0.0121701261701,-0.00597269624573,-7,-0.000900900900901,-0.191927904087,-0.027027027027,-0.027027027027,0.027027027027,172,0,44,1116,0.796296296296,1,0,0.203703703704,1,0.796296296296,0.886597938144,0.875266790198,0.796296296296,0.796296296296,0,44,0,0,0,0
3230,WLNM_dir_neg,0.993672520661,0.964737543418,00:00:03,10,80,9,1237887333,threshold_sweep,0.8,0,0,0,0,0,44,88,0,1,0,1,0,0,0,0.666666666667,0.666666666667,0,0,0,216,172,44,0,216,0,172,0,44,37,216,0.162162162162,1.32432432432,11.6756756757,21.6,6,8.1990990496,0.702237650082,0.31006006006,10.329336629,1.76937710775,0.765265265265,3.0868314707,0.528762798222,0.252752752753,0.579945114934,0.437917739848,2,1.32432432432,0.579945114934,2,0.0121701261701,0.00597269624573,7,0.000900900900901,0.621196581197,37,37,37,1,0,0.72972972973,0.243243243243,0.027027027027,37,0.129129129129,1.32094594595,9.2972972973,17.2,5.05882352941,6.7117842671,0.721907028728,0.352608422376,8.23008105879,1.77042441381,0.77027027027,2.73065128796,0.587407544504,0.325895663105,0.570194700955,0.431656346503,2,1.32986111111,0.575661713796,2,0,0,0,0,0.429268677109,37,36,36,0.972972972973,0,0.702702702703,0.216216216216,0.0540540540541,37,172,0.129129129129,1.32094594595,9.2972972973,17.2,5.05882352941,6.7117842671,0.721907028728,0.352608422376,8.23008105879,1.77042441381,0.77027027027,2.73065128796,0.587407544504,0.325895663105,0.570194700955,0.431656346503,2,1.32986111111,0.575661713796,2,0,0,0,0,0.429268677109,37,36,36,0.972972972973,0,0.702702702703,0.216216216216,0.0540540540541,-44,-0.033033033033,-0.00337837837838,-2.37837837838,-4.4,-0.941176470588,-1.48731478251,0.0196693786466,0.0425483623158,-2.09925557021,0.0010473060639,0.00500500500501,-0.356180182741,0.0586447462813,0.0731429103522,-0.0097504139796,-0.00626139334556,0,0.00553678678679,-0.00428340113879,0,-0.0121701261701,-0.00597269624573,-7,-0.000900900900901,-0.191927904087,-0.027027027027,-0.027027027027,0.027027027027,172,0,44,1116,0.796296296296,1,0,0.203703703704,1,0.796296296296,0.886597938144,0.875266790198,0.796296296296,0.796296296296,0,44,0,0,0,0
3231,WLNM_dir_neg,0.993672520661,0.964737543418,00:00:03,10,80,9,1237887333,threshold_sweep,0.9,0,0,0,0,0,44,88,0,1,0,1,0,0,0,0.666666666667,0.666666666667,0,0,0,216,172,44,0,216,0,172,0,44,37,216,0.162162162162,1.32432432432,11.6756756757,21.6,6,8.1990990496,0.702237650082,0.31006006006,10.329336629,1.76937710775,0.765265265265,3.0868314707,0.528762798222,0.252752752753,0.579945114934,0.437917739848,2,1.32432432432,0.579945114934,2,0.0121701261701,0.00597269624573,7,0.000900900900901,0.621196581197,37,37,37,1,0,0.72972972973,0.243243243243,0.027027027027,37,0.129129129129,1.32094594595,9.2972972973,17.2,5.05882352941,6.7117842671,0.721907028728,0.352608422376,8.23008105879,1.77042441381,0.77027027027,2.73065128796,0.587407544504,0.325895663105,0.570194700955,0.431656346503,2,1.32986111111,0.575661713796,2,0,0,0,0,0.429268677109,37,36,36,0.972972972973,0,0.702702702703,0.216216216216,0.0540540540541,37,172,0.129129129129,1.32094594595,9.2972972973,17.2,5.05882352941,6.7117842671,0.721907028728,0.352608422376,8.23008105879,1.77042441381,0.77027027027,2.73065128796,0.587407544504,0.325895663105,0.570194700955,0.431656346503,2,1.32986111111,0.575661713796,2,0,0,0,0,0.429268677109,37,36,36,0.972972972973,0,0.702702702703,0.216216216216,0.0540540540541,-44,-0.033033033033,-0.00337837837838,-2.37837837838,-4.4,-0.941176470588,-1.48731478251,0.0196693786466,0.0425483623158,-2.09925557021,0.0010473060639,0.00500500500501,-0.356180182741,0.0586447462813,0.0731429103522,-0.0097504139796,-0.00626139334556,0,0.00553678678679,-0.00428340113879,0,-0.0121701261701,-0.00597269624573,-7,-0.000900900900901,-0.191927904087,-0.027027027027,-0.027027027027,0.027027027027,172,0,44,1116,0.796296296296,1,0,0.203703703704,1,0.796296296296,0.886597938144,0.875266790198,0.796296296296,0.796296296296,0,44,0,0,0,0
3232,WLNM_dir_neg,0.982438016529,0.801290889908,00:00:03,10,80,10,1237887334,threshold_sweep,0.1,0.8,0.0909090909091,0.163265306122,4,1,40,87,0.0909090909091,0.988636363636,0.0113636363636,0.909090909091,0.8,0.0909090909091,0.163265306122,0.689393939394,0.65404040404,0.102189781022,0.196424736643,0.0795454545455,216,172,44,0,216,0,172,0,44,37,216,0.162162162162,1.32432432432,11.6756756757,21.6,6,8.1990990496,0.702237650082,0.31006006006,10.329336629,1.76937710775,0.765265265265,3.0868314707,0.528762798222,0.252752752753,0.579945114934,0.437917739848,2,1.32432432432,0.579945114934,2,0.0121701261701,0.00597269624573,7,0.000900900900901,0.621196581197,37,37,37,1,0,0.72972972973,0.243243243243,0.027027027027,37,0.129129129129,1.32432432432,9.2972972973,17.2,5.05882352941,6.77357965786,0.728553625991,0.357793840352,8.36731808957,1.79994633322,0.772155876807,2.82071913817,0.606782605305,0.334695160277,0.579945114934,0.437917739848,2,1.33333333333,0.585540043769,2,0,0,0,0,0.428655980091,37,36,36,0.972972972973,0,0.702702702703,0.216216216216,0.0540540540541,37,177,0.132882882883,1.3277027027,9.56756756757,17.7,5.05714285714,6.8821045737,0.719316014765,0.351198656283,8.38031799693,1.75181788636,0.764086120018,2.64716971642,0.553363161059,0.306306306306,0.590250176002,0.444565018057,2.125,1.33680555556,0.595983164645,2.125,0.0135690534448,0.00886449978894,7,0.000900900900901,0.437606597375,37,36,36,0.972972972973,0,0.702702702703,0.243243243243,0.027027027027,-39,-0.0292792792793,0.00337837837838,-2.10810810811,-3.9,-0.942857142857,-1.3169944759,0.0170783646835,0.0411385962233,-1.94901863207,-0.0175592213807,-0.00117914524694,-0.439661754288,0.0246003628362,0.0535535535536,0.0103050610674,0.00664727820894,0.125,0.0124812312312,0.0160380497101,0.125,0.0013989272747,0.00289180354321,0,0,-0.183589983822,-0.027027027027,0,0,176,1,40,1115,0.814814814815,0.999103942652,0.00089605734767,0.185185185185,0.994350282486,0.814814814815,0.895674300254,0.883817109934,0.813918757467,0.811059907834,5,44,0,0,0,0
3233,WLNM_dir_neg,0.982438016529,0.801290889908,00:00:03,10,80,10,1237887334,threshold_sweep,0.2,0.8,0.0909090909091,0.163265306122,4,1,40,87,0.0909090909091,0.988636363636,0.0113636363636,0.909090909091,0.8,0.0909090909091,0.163265306122,0.689393939394,0.65404040404,0.102189781022,0.196424736643,0.0795454545455,216,172,44,0,216,0,172,0,44,37,216,0.162162162162,1.32432432432,11.6756756757,21.6,6,8.1990990496,0.702237650082,0.31006006006,10.329336629,1.76937710775,0.765265265265,3.0868314707,0.528762798222,0.252752752753,0.579945114934,0.437917739848,2,1.32432432432,0.579945114934,2,0.0121701261701,0.00597269624573,7,0.000900900900901,0.621196581197,37,37,37,1,0,0.72972972973,0.243243243243,0.027027027027,37,0.129129129129,1.32432432432,9.2972972973,17.2,5.05882352941,6.77357965786,0.728553625991,0.357793840352,8.36731808957,1.79994633322,0.772155876807,2.82071913817,0.606782605305,0.334695160277,0.579945114934,0.437917739848,2,1.33333333333,0.585540043769,2,0,0,0,0,0.428655980091,37,36,36,0.972972972973,0,0.702702702703,0.216216216216,0.0540540540541,37,177,0.132882882883,1.3277027027,9.56756756757,17.7,5.05714285714,6.8821045737,0.719316014765,0.351198656283,8.38031799693,1.75181788636,0.764086120018,2.64716971642,0.553363161059,0.306306306306,0.590250176002,0.444565018057,2.125,1.33680555556,0.595983164645,2.125,0.0135690534448,0.00886449978894,7,0.000900900900901,0.437606597375,37,36,36,0.972972972973,0,0.702702702703,0.243243243243,0.027027027027,-39,-0.0292792792793,0.00337837837838,-2.10810810811,-3.9,-0.942857142857,-1.3169944759,0.0170783646835,0.0411385962233,-1.94901863207,-0.0175592213807,-0.00117914524694,-0.439661754288,0.0246003628362,0.0535535535536,0.0103050610674,0.00664727820894,0.125,0.0124812312312,0.0160380497101,0.125,0.0013989272747,0.00289180354321,0,0,-0.183589983822,-0.027027027027,0,0,176,1,40,1115,0.814814814815,0.999103942652,0.00089605734767,0.185185185185,0.994350282486,0.814814814815,0.895674300254,0.883817109934,0.813918757467,0.811059907834,5,44,0,0,0,0
3234,WLNM_dir_neg,0.982438016529,0.801290889908,00:00:03,10,80,10,1237887334,threshold_sweep,0.3,0.8,0.0909090909091,0.163265306122,4,1,40,87,0.0909090909091,0.988636363636,0.0113636363636,0.909090909091,0.8,0.0909090909091,0.163265306122,0.689393939394,0.65404040404,0.102189781022,0.196424736643,0.0795454545455,216,172,44,0,216,0,172,0,44,37,216,0.162162162162,1.32432432432,11.6756756757,21.6,6,8.1990990496,0.702237650082,0.31006006006,10.329336629,1.76937710775,0.765265265265,3.0868314707,0.528762798222,0.252752752753,0.579945114934,0.437917739848,2,1.32432432432,0.579945114934,2,0.0121701261701,0.00597269624573,7,0.000900900900901,0.621196581197,37,37,37,1,0,0.72972972973,0.243243243243,0.027027027027,37,0.129129129129,1.32432432432,9.2972972973,17.2,5.05882352941,6.77357965786,0.728553625991,0.357793840352,8.36731808957,1.79994633322,0.772155876807,2.82071913817,0.606782605305,0.334695160277,0.579945114934,0.437917739848,2,1.33333333333,0.585540043769,2,0,0,0,0,0.428655980091,37,36,36,0.972972972973,0,0.702702702703,0.216216216216,0.0540540540541,37,177,0.132882882883,1.3277027027,9.56756756757,17.7,5.05714285714,6.8821045737,0.719316014765,0.351198656283,8.38031799693,1.75181788636,0.764086120018,2.64716971642,0.553363161059,0.306306306306,0.590250176002,0.444565018057,2.125,1.33680555556,0.595983164645,2.125,0.0135690534448,0.00886449978894,7,0.000900900900901,0.437606597375,37,36,36,0.972972972973,0,0.702702702703,0.243243243243,0.027027027027,-39,-0.0292792792793,0.00337837837838,-2.10810810811,-3.9,-0.942857142857,-1.3169944759,0.0170783646835,0.0411385962233,-1.94901863207,-0.0175592213807,-0.00117914524694,-0.439661754288,0.0246003628362,0.0535535535536,0.0103050610674,0.00664727820894,0.125,0.0124812312312,0.0160380497101,0.125,0.0013989272747,0.00289180354321,0,0,-0.183589983822,-0.027027027027,0,0,176,1,40,1115,0.814814814815,0.999103942652,0.00089605734767,0.185185185185,0.994350282486,0.814814814815,0.895674300254,0.883817109934,0.813918757467,0.811059907834,5,44,0,0,0,0
3235,WLNM_dir_neg,0.982438016529,0.801290889908,00:00:03,10,80,10,1237887334,threshold_sweep,0.4,0.8,0.0909090909091,0.163265306122,4,1,40,87,0.0909090909091,0.988636363636,0.0113636363636,0.909090909091,0.8,0.0909090909091,0.163265306122,0.689393939394,0.65404040404,0.102189781022,0.196424736643,0.0795454545455,216,172,44,0,216,0,172,0,44,37,216,0.162162162162,1.32432432432,11.6756756757,21.6,6,8.1990990496,0.702237650082,0.31006006006,10.329336629,1.76937710775,0.765265265265,3.0868314707,0.528762798222,0.252752752753,0.579945114934,0.437917739848,2,1.32432432432,0.579945114934,2,0.0121701261701,0.00597269624573,7,0.000900900900901,0.621196581197,37,37,37,1,0,0.72972972973,0.243243243243,0.027027027027,37,0.129129129129,1.32432432432,9.2972972973,17.2,5.05882352941,6.77357965786,0.728553625991,0.357793840352,8.36731808957,1.79994633322,0.772155876807,2.82071913817,0.606782605305,0.334695160277,0.579945114934,0.437917739848,2,1.33333333333,0.585540043769,2,0,0,0,0,0.428655980091,37,36,36,0.972972972973,0,0.702702702703,0.216216216216,0.0540540540541,37,177,0.132882882883,1.3277027027,9.56756756757,17.7,5.05714285714,6.8821045737,0.719316014765,0.351198656283,8.38031799693,1.75181788636,0.764086120018,2.64716971642,0.553363161059,0.306306306306,0.590250176002,0.444565018057,2.125,1.33680555556,0.595983164645,2.125,0.0135690534448,0.00886449978894,7,0.000900900900901,0.437606597375,37,36,36,0.972972972973,0,0.702702702703,0.243243243243,0.027027027027,-39,-0.0292792792793,0.00337837837838,-2.10810810811,-3.9,-0.942857142857,-1.3169944759,0.0170783646835,0.0411385962233,-1.94901863207,-0.0175592213807,-0.00117914524694,-0.439661754288,0.0246003628362,0.0535535535536,0.0103050610674,0.00664727820894,0.125,0.0124812312312,0.0160380497101,0.125,0.0013989272747,0.00289180354321,0,0,-0.183589983822,-0.027027027027,0,0,176,1,40,1115,0.814814814815,0.999103942652,0.00089605734767,0.185185185185,0.994350282486,0.814814814815,0.895674300254,0.883817109934,0.813918757467,0.811059907834,5,44,0,0,0,0
3236,WLNM_dir_neg,0.982438016529,0.801290889908,00:00:03,10,80,10,1237887334,threshold_sweep,0.5,0.8,0.0909090909091,0.163265306122,4,1,40,87,0.0909090909091,0.988636363636,0.0113636363636,0.909090909091,0.8,0.0909090909091,0.163265306122,0.689393939394,0.65404040404,0.102189781022,0.196424736643,0.0795454545455,216,172,44,0,216,0,172,0,44,37,216,0.162162162162,1.32432432432,11.6756756757,21.6,6,8.1990990496,0.702237650082,0.31006006006,10.329336629,1.76937710775,0.765265265265,3.0868314707,0.528762798222,0.252752752753,0.579945114934,0.437917739848,2,1.32432432432,0.579945114934,2,0.0121701261701,0.00597269624573,7,0.000900900900901,0.621196581197,37,37,37,1,0,0.72972972973,0.243243243243,0.027027027027,37,0.129129129129,1.32432432432,9.2972972973,17.2,5.05882352941,6.77357965786,0.728553625991,0.357793840352,8.36731808957,1.79994633322,0.772155876807,2.82071913817,0.606782605305,0.334695160277,0.579945114934,0.437917739848,2,1.33333333333,0.585540043769,2,0,0,0,0,0.428655980091,37,36,36,0.972972972973,0,0.702702702703,0.216216216216,0.0540540540541,37,177,0.132882882883,1.3277027027,9.56756756757,17.7,5.05714285714,6.8821045737,0.719316014765,0.351198656283,8.38031799693,1.75181788636,0.764086120018,2.64716971642,0.553363161059,0.306306306306,0.590250176002,0.444565018057,2.125,1.33680555556,0.595983164645,2.125,0.0135690534448,0.00886449978894,7,0.000900900900901,0.437606597375,37,36,36,0.972972972973,0,0.702702702703,0.243243243243,0.027027027027,-39,-0.0292792792793,0.00337837837838,-2.10810810811,-3.9,-0.942857142857,-1.3169944759,0.0170783646835,0.0411385962233,-1.94901863207,-0.0175592213807,-0.00117914524694,-0.439661754288,0.0246003628362,0.0535535535536,0.0103050610674,0.00664727820894,0.125,0.0124812312312,0.0160380497101,0.125,0.0013989272747,0.00289180354321,0,0,-0.183589983822,-0.027027027027,0,0,176,1,40,1115,0.814814814815,0.999103942652,0.00089605734767,0.185185185185,0.994350282486,0.814814814815,0.895674300254,0.883817109934,0.813918757467,0.811059907834,5,44,0,0,0,0
3237,WLNM_dir_neg,0.982438016529,0.801290889908,00:00:03,10,80,10,1237887334,threshold_sweep,0.6,0.8,0.0909090909091,0.163265306122,4,1,40,87,0.0909090909091,0.988636363636,0.0113636363636,0.909090909091,0.8,0.0909090909091,0.163265306122,0.689393939394,0.65404040404,0.102189781022,0.196424736643,0.0795454545455,216,172,44,0,216,0,172,0,44,37,216,0.162162162162,1.32432432432,11.6756756757,21.6,6,8.1990990496,0.702237650082,0.31006006006,10.329336629,1.76937710775,0.765265265265,3.0868314707,0.528762798222,0.252752752753,0.579945114934,0.437917739848,2,1.32432432432,0.579945114934,2,0.0121701261701,0.00597269624573,7,0.000900900900901,0.621196581197,37,37,37,1,0,0.72972972973,0.243243243243,0.027027027027,37,0.129129129129,1.32432432432,9.2972972973,17.2,5.05882352941,6.77357965786,0.728553625991,0.357793840352,8.36731808957,1.79994633322,0.772155876807,2.82071913817,0.606782605305,0.334695160277,0.579945114934,0.437917739848,2,1.33333333333,0.585540043769,2,0,0,0,0,0.428655980091,37,36,36,0.972972972973,0,0.702702702703,0.216216216216,0.0540540540541,37,177,0.132882882883,1.3277027027,9.56756756757,17.7,5.05714285714,6.8821045737,0.719316014765,0.351198656283,8.38031799693,1.75181788636,0.764086120018,2.64716971642,0.553363161059,0.306306306306,0.590250176002,0.444565018057,2.125,1.33680555556,0.595983164645,2.125,0.0135690534448,0.00886449978894,7,0.000900900900901,0.437606597375,37,36,36,0.972972972973,0,0.702702702703,0.243243243243,0.027027027027,-39,-0.0292792792793,0.00337837837838,-2.10810810811,-3.9,-0.942857142857,-1.3169944759,0.0170783646835,0.0411385962233,-1.94901863207,-0.0175592213807,-0.00117914524694,-0.439661754288,0.0246003628362,0.0535535535536,0.0103050610674,0.00664727820894,0.125,0.0124812312312,0.0160380497101,0.125,0.0013989272747,0.00289180354321,0,0,-0.183589983822,-0.027027027027,0,0,176,1,40,1115,0.814814814815,0.999103942652,0.00089605734767,0.185185185185,0.994350282486,0.814814814815,0.895674300254,0.883817109934,0.813918757467,0.811059907834,5,44,0,0,0,0
3238,WLNM_dir_neg,0.982438016529,0.801290889908,00:00:03,10,80,10,1237887334,threshold_sweep,0.7,0.8,0.0909090909091,0.163265306122,4,1,40,87,0.0909090909091,0.988636363636,0.0113636363636,0.909090909091,0.8,0.0909090909091,0.163265306122,0.689393939394,0.65404040404,0.102189781022,0.196424736643,0.0795454545455,216,172,44,0,216,0,172,0,44,37,216,0.162162162162,1.32432432432,11.6756756757,21.6,6,8.1990990496,0.702237650082,0.31006006006,10.329336629,1.76937710775,0.765265265265,3.0868314707,0.528762798222,0.252752752753,0.579945114934,0.437917739848,2,1.32432432432,0.579945114934,2,0.0121701261701,0.00597269624573,7,0.000900900900901,0.621196581197,37,37,37,1,0,0.72972972973,0.243243243243,0.027027027027,37,0.129129129129,1.32432432432,9.2972972973,17.2,5.05882352941,6.77357965786,0.728553625991,0.357793840352,8.36731808957,1.79994633322,0.772155876807,2.82071913817,0.606782605305,0.334695160277,0.579945114934,0.437917739848,2,1.33333333333,0.585540043769,2,0,0,0,0,0.428655980091,37,36,36,0.972972972973,0,0.702702702703,0.216216216216,0.0540540540541,37,177,0.132882882883,1.3277027027,9.56756756757,17.7,5.05714285714,6.8821045737,0.719316014765,0.351198656283,8.38031799693,1.75181788636,0.764086120018,2.64716971642,0.553363161059,0.306306306306,0.590250176002,0.444565018057,2.125,1.33680555556,0.595983164645,2.125,0.0135690534448,0.00886449978894,7,0.000900900900901,0.437606597375,37,36,36,0.972972972973,0,0.702702702703,0.243243243243,0.027027027027,-39,-0.0292792792793,0.00337837837838,-2.10810810811,-3.9,-0.942857142857,-1.3169944759,0.0170783646835,0.0411385962233,-1.94901863207,-0.0175592213807,-0.00117914524694,-0.439661754288,0.0246003628362,0.0535535535536,0.0103050610674,0.00664727820894,0.125,0.0124812312312,0.0160380497101,0.125,0.0013989272747,0.00289180354321,0,0,-0.183589983822,-0.027027027027,0,0,176,1,40,1115,0.814814814815,0.999103942652,0.00089605734767,0.185185185185,0.994350282486,0.814814814815,0.895674300254,0.883817109934,0.813918757467,0.811059907834,5,44,0,0,0,0
3239,WLNM_dir_neg,0.982438016529,0.801290889908,00:00:03,10,80,10,1237887334,threshold_sweep,0.8,0.8,0.0909090909091,0.163265306122,4,1,40,87,0.0909090909091,0.988636363636,0.0113636363636,0.909090909091,0.8,0.0909090909091,0.163265306122,0.689393939394,0.65404040404,0.102189781022,0.196424736643,0.0795454545455,216,172,44,0,216,0,172,0,44,37,216,0.162162162162,1.32432432432,11.6756756757,21.6,6,8.1990990496,0.702237650082,0.31006006006,10.329336629,1.76937710775,0.765265265265,3.0868314707,0.528762798222,0.252752752753,0.579945114934,0.437917739848,2,1.32432432432,0.579945114934,2,0.0121701261701,0.00597269624573,7,0.000900900900901,0.621196581197,37,37,37,1,0,0.72972972973,0.243243243243,0.027027027027,37,0.129129129129,1.32432432432,9.2972972973,17.2,5.05882352941,6.77357965786,0.728553625991,0.357793840352,8.36731808957,1.79994633322,0.772155876807,2.82071913817,0.606782605305,0.334695160277,0.579945114934,0.437917739848,2,1.33333333333,0.585540043769,2,0,0,0,0,0.428655980091,37,36,36,0.972972972973,0,0.702702702703,0.216216216216,0.0540540540541,37,177,0.132882882883,1.3277027027,9.56756756757,17.7,5.05714285714,6.8821045737,0.719316014765,0.351198656283,8.38031799693,1.75181788636,0.764086120018,2.64716971642,0.553363161059,0.306306306306,0.590250176002,0.444565018057,2.125,1.33680555556,0.595983164645,2.125,0.0135690534448,0.00886449978894,7,0.000900900900901,0.437606597375,37,36,36,0.972972972973,0,0.702702702703,0.243243243243,0.027027027027,-39,-0.0292792792793,0.00337837837838,-2.10810810811,-3.9,-0.942857142857,-1.3169944759,0.0170783646835,0.0411385962233,-1.94901863207,-0.0175592213807,-0.00117914524694,-0.439661754288,0.0246003628362,0.0535535535536,0.0103050610674,0.00664727820894,0.125,0.0124812312312,0.0160380497101,0.125,0.0013989272747,0.00289180354321,0,0,-0.183589983822,-0.027027027027,0,0,176,1,40,1115,0.814814814815,0.999103942652,0.00089605734767,0.185185185185,0.994350282486,0.814814814815,0.895674300254,0.883817109934,0.813918757467,0.811059907834,5,44,0,0,0,0
3240,WLNM_dir_neg,0.982438016529,0.801290889908,00:00:03,10,80,10,1237887334,threshold_sweep,0.9,1,0.0909090909091,0.166666666667,4,0,40,88,0.0909090909091,1,0,0.909090909091,1,0.0909090909091,0.166666666667,0.69696969697,0.656565656566,0.117647058824,0.25,0.0909090909091,216,172,44,0,216,0,172,0,44,37,216,0.162162162162,1.32432432432,11.6756756757,21.6,6,8.1990990496,0.702237650082,0.31006006006,10.329336629,1.76937710775,0.765265265265,3.0868314707,0.528762798222,0.252752752753,0.579945114934,0.437917739848,2,1.32432432432,0.579945114934,2,0.0121701261701,0.00597269624573,7,0.000900900900901,0.621196581197,37,37,37,1,0,0.72972972973,0.243243243243,0.027027027027,37,0.129129129129,1.32432432432,9.2972972973,17.2,5.05882352941,6.77357965786,0.728553625991,0.357793840352,8.36731808957,1.79994633322,0.772155876807,2.82071913817,0.606782605305,0.334695160277,0.579945114934,0.437917739848,2,1.33333333333,0.585540043769,2,0,0,0,0,0.428655980091,37,36,36,0.972972972973,0,0.702702702703,0.216216216216,0.0540540540541,37,176,0.132132132132,1.32432432432,9.51351351351,17.6,5.17647058824,6.89452931929,0.724709047766,0.351351351351,8.37126502257,1.75986821497,0.765663390663,2.69160635026,0.56584906227,0.312960687961,0.579945114934,0.437917739848,2,1.33333333333,0.585540043769,2,0,0,0,0,0.439767091202,37,36,36,0.972972972973,0,0.702702702703,0.216216216216,0.0540540540541,-40,-0.03003003003,0,-2.16216216216,-4,-0.823529411765,-1.30456973032,0.0224713976843,0.0412912912913,-1.95807160643,-0.00950889277354,0.000398125398125,-0.395225120447,0.0370862640475,0.0602079352079,0,0,0,0.00900900900901,0.00559492883467,0,-0.0121701261701,-0.00597269624573,-7,-0.000900900900901,-0.181429489995,-0.027027027027,-0.027027027027,0.027027027027,176,0,40,1116,0.814814814815,1,0,0.185185185185,1,0.814814814815,0.897959183673,0.886916304149,0.814814814815,0.814814814815,4,44,0,0,0,0
3241,WLNM_dir_neg,0.983341942149,0.946083172147,00:00:03,10,80,11,1237887335,threshold_sweep,0.1,1,0.0227272727273,0.0444444444444,1,0,43,88,0.0227272727273,1,0,0.977272727273,1,0.0227272727273,0.0444444444444,0.674242424242,0.664141414141,0.0300751879699,0.123560412643,0.0227272727273,216,172,44,0,216,0,172,0,44,37,216,0.162162162162,1.32432432432,11.6756756757,21.6,6,8.1990990496,0.702237650082,0.31006006006,10.329336629,1.76937710775,0.765265265265,3.0868314707,0.528762798222,0.252752752753,0.579945114934,0.437917739848,2,1.32432432432,0.579945114934,2,0.0121701261701,0.00597269624573,7,0.000900900900901,0.621196581197,37,37,37,1,0,0.72972972973,0.243243243243,0.027027027027,37,0.129129129129,1.32432432432,9.2972972973,17.2,4.77777777778,6.66610357982,0.716993698993,0.354022627278,8.16910241301,1.75730691443,0.76869893149,2.60572250821,0.560533330254,0.310810810811,0.579945114934,0.437917739848,2,1.32432432432,0.579945114934,2,0.0128062630641,0.00808262236192,6,0.000772200772201,0.418493088232,37,37,37,1,0,0.72972972973,0.243243243243,0.027027027027,37,173,0.12987987988,1.32432432432,9.35135135135,17.3,4.80555555556,6.70909919527,0.717447023772,0.354788314326,8.17534930974,1.74848511249,0.76706764568,2.57179200444,0.550036440256,0.304952351195,0.579945114934,0.437917739848,2,1.32432432432,0.579945114934,2,0.0125444613738,0.00931263858093,7,0.000900900900901,0.420715310454,37,37,37,1,0,0.72972972973,0.243243243243,0.027027027027,-43,-0.0322822822823,0,-2.32432432432,-4.3,-1.19444444444,-1.48999985433,0.0152093736901,0.0447282542658,-2.15398731926,-0.0208919952567,0.0018023804151,-0.515039466262,0.021273642034,0.0521995984424,0,0,0,0,0,0,0.000374335203634,0.0033399423352,0,0,-0.200481270742,0,0,0,173,0,43,1116,0.800925925926,1,0,0.199074074074,1,0.800925925926,0.889460154242,0.878186092989,0.800925925926,0.800925925926,1,44,0,0,0,0
3242,WLNM_dir_neg,0.983341942149,0.946083172147,00:00:03,10,80,11,1237887335,threshold_sweep,0.2,1,0.0227272727273,0.0444444444444,1,0,43,88,0.0227272727273,1,0,0.977272727273,1,0.0227272727273,0.0444444444444,0.674242424242,0.664141414141,0.0300751879699,0.123560412643,0.0227272727273,216,172,44,0,216,0,172,0,44,37,216,0.162162162162,1.32432432432,11.6756756757,21.6,6,8.1990990496,0.702237650082,0.31006006006,10.329336629,1.76937710775,0.765265265265,3.0868314707,0.528762798222,0.252752752753,0.579945114934,0.437917739848,2,1.32432432432,0.579945114934,2,0.0121701261701,0.00597269624573,7,0.000900900900901,0.621196581197,37,37,37,1,0,0.72972972973,0.243243243243,0.027027027027,37,0.129129129129,1.32432432432,9.2972972973,17.2,4.77777777778,6.66610357982,0.716993698993,0.354022627278,8.16910241301,1.75730691443,0.76869893149,2.60572250821,0.560533330254,0.310810810811,0.579945114934,0.437917739848,2,1.32432432432,0.579945114934,2,0.0128062630641,0.00808262236192,6,0.000772200772201,0.418493088232,37,37,37,1,0,0.72972972973,0.243243243243,0.027027027027,37,173,0.12987987988,1.32432432432,9.35135135135,17.3,4.80555555556,6.70909919527,0.717447023772,0.354788314326,8.17534930974,1.74848511249,0.76706764568,2.57179200444,0.550036440256,0.304952351195,0.579945114934,0.437917739848,2,1.32432432432,0.579945114934,2,0.0125444613738,0.00931263858093,7,0.000900900900901,0.420715310454,37,37,37,1,0,0.72972972973,0.243243243243,0.027027027027,-43,-0.0322822822823,0,-2.32432432432,-4.3,-1.19444444444,-1.48999985433,0.0152093736901,0.0447282542658,-2.15398731926,-0.0208919952567,0.0018023804151,-0.515039466262,0.021273642034,0.0521995984424,0,0,0,0,0,0,0.000374335203634,0.0033399423352,0,0,-0.200481270742,0,0,0,173,0,43,1116,0.800925925926,1,0,0.199074074074,1,0.800925925926,0.889460154242,0.878186092989,0.800925925926,0.800925925926,1,44,0,0,0,0
3243,WLNM_dir_neg,0.983341942149,0.946083172147,00:00:03,10,80,11,1237887335,threshold_sweep,0.3,1,0.0227272727273,0.0444444444444,1,0,43,88,0.0227272727273,1,0,0.977272727273,1,0.0227272727273,0.0444444444444,0.674242424242,0.664141414141,0.0300751879699,0.123560412643,0.0227272727273,216,172,44,0,216,0,172,0,44,37,216,0.162162162162,1.32432432432,11.6756756757,21.6,6,8.1990990496,0.702237650082,0.31006006006,10.329336629,1.76937710775,0.765265265265,3.0868314707,0.528762798222,0.252752752753,0.579945114934,0.437917739848,2,1.32432432432,0.579945114934,2,0.0121701261701,0.00597269624573,7,0.000900900900901,0.621196581197,37,37,37,1,0,0.72972972973,0.243243243243,0.027027027027,37,0.129129129129,1.32432432432,9.2972972973,17.2,4.77777777778,6.66610357982,0.716993698993,0.354022627278,8.16910241301,1.75730691443,0.76869893149,2.60572250821,0.560533330254,0.310810810811,0.579945114934,0.437917739848,2,1.32432432432,0.579945114934,2,0.0128062630641,0.00808262236192,6,0.000772200772201,0.418493088232,37,37,37,1,0,0.72972972973,0.243243243243,0.027027027027,37,173,0.12987987988,1.32432432432,9.35135135135,17.3,4.80555555556,6.70909919527,0.717447023772,0.354788314326,8.17534930974,1.74848511249,0.76706764568,2.57179200444,0.550036440256,0.304952351195,0.579945114934,0.437917739848,2,1.32432432432,0.579945114934,2,0.0125444613738,0.00931263858093,7,0.000900900900901,0.420715310454,37,37,37,1,0,0.72972972973,0.243243243243,0.027027027027,-43,-0.0322822822823,0,-2.32432432432,-4.3,-1.19444444444,-1.48999985433,0.0152093736901,0.0447282542658,-2.15398731926,-0.0208919952567,0.0018023804151,-0.515039466262,0.021273642034,0.0521995984424,0,0,0,0,0,0,0.000374335203634,0.0033399423352,0,0,-0.200481270742,0,0,0,173,0,43,1116,0.800925925926,1,0,0.199074074074,1,0.800925925926,0.889460154242,0.878186092989,0.800925925926,0.800925925926,1,44,0,0,0,0
3244,WLNM_dir_neg,0.983341942149,0.946083172147,00:00:03,10,80,11,1237887335,threshold_sweep,0.4,1,0.0227272727273,0.0444444444444,1,0,43,88,0.0227272727273,1,0,0.977272727273,1,0.0227272727273,0.0444444444444,0.674242424242,0.664141414141,0.0300751879699,0.123560412643,0.0227272727273,216,172,44,0,216,0,172,0,44,37,216,0.162162162162,1.32432432432,11.6756756757,21.6,6,8.1990990496,0.702237650082,0.31006006006,10.329336629,1.76937710775,0.765265265265,3.0868314707,0.528762798222,0.252752752753,0.579945114934,0.437917739848,2,1.32432432432,0.579945114934,2,0.0121701261701,0.00597269624573,7,0.000900900900901,0.621196581197,37,37,37,1,0,0.72972972973,0.243243243243,0.027027027027,37,0.129129129129,1.32432432432,9.2972972973,17.2,4.77777777778,6.66610357982,0.716993698993,0.354022627278,8.16910241301,1.75730691443,0.76869893149,2.60572250821,0.560533330254,0.310810810811,0.579945114934,0.437917739848,2,1.32432432432,0.579945114934,2,0.0128062630641,0.00808262236192,6,0.000772200772201,0.418493088232,37,37,37,1,0,0.72972972973,0.243243243243,0.027027027027,37,173,0.12987987988,1.32432432432,9.35135135135,17.3,4.80555555556,6.70909919527,0.717447023772,0.354788314326,8.17534930974,1.74848511249,0.76706764568,2.57179200444,0.550036440256,0.304952351195,0.579945114934,0.437917739848,2,1.32432432432,0.579945114934,2,0.0125444613738,0.00931263858093,7,0.000900900900901,0.420715310454,37,37,37,1,0,0.72972972973,0.243243243243,0.027027027027,-43,-0.0322822822823,0,-2.32432432432,-4.3,-1.19444444444,-1.48999985433,0.0152093736901,0.0447282542658,-2.15398731926,-0.0208919952567,0.0018023804151,-0.515039466262,0.021273642034,0.0521995984424,0,0,0,0,0,0,0.000374335203634,0.0033399423352,0,0,-0.200481270742,0,0,0,173,0,43,1116,0.800925925926,1,0,0.199074074074,1,0.800925925926,0.889460154242,0.878186092989,0.800925925926,0.800925925926,1,44,0,0,0,0
3245,WLNM_dir_neg,0.983341942149,0.946083172147,00:00:03,10,80,11,1237887335,threshold_sweep,0.5,1,0.0227272727273,0.0444444444444,1,0,43,88,0.0227272727273,1,0,0.977272727273,1,0.0227272727273,0.0444444444444,0.674242424242,0.664141414141,0.0300751879699,0.123560412643,0.0227272727273,216,172,44,0,216,0,172,0,44,37,216,0.162162162162,1.32432432432,11.6756756757,21.6,6,8.1990990496,0.702237650082,0.31006006006,10.329336629,1.76937710775,0.765265265265,3.0868314707,0.528762798222,0.252752752753,0.579945114934,0.437917739848,2,1.32432432432,0.579945114934,2,0.0121701261701,0.00597269624573,7,0.000900900900901,0.621196581197,37,37,37,1,0,0.72972972973,0.243243243243,0.027027027027,37,0.129129129129,1.32432432432,9.2972972973,17.2,4.77777777778,6.66610357982,0.716993698993,0.354022627278,8.16910241301,1.75730691443,0.76869893149,2.60572250821,0.560533330254,0.310810810811,0.579945114934,0.437917739848,2,1.32432432432,0.579945114934,2,0.0128062630641,0.00808262236192,6,0.000772200772201,0.418493088232,37,37,37,1,0,0.72972972973,0.243243243243,0.027027027027,37,173,0.12987987988,1.32432432432,9.35135135135,17.3,4.80555555556,6.70909919527,0.717447023772,0.354788314326,8.17534930974,1.74848511249,0.76706764568,2.57179200444,0.550036440256,0.304952351195,0.579945114934,0.437917739848,2,1.32432432432,0.579945114934,2,0.0125444613738,0.00931263858093,7,0.000900900900901,0.420715310454,37,37,37,1,0,0.72972972973,0.243243243243,0.027027027027,-43,-0.0322822822823,0,-2.32432432432,-4.3,-1.19444444444,-1.48999985433,0.0152093736901,0.0447282542658,-2.15398731926,-0.0208919952567,0.0018023804151,-0.515039466262,0.021273642034,0.0521995984424,0,0,0,0,0,0,0.000374335203634,0.0033399423352,0,0,-0.200481270742,0,0,0,173,0,43,1116,0.800925925926,1,0,0.199074074074,1,0.800925925926,0.889460154242,0.878186092989,0.800925925926,0.800925925926,1,44,0,0,0,0
3246,WLNM_dir_neg,0.983341942149,0.946083172147,00:00:03,10,80,11,1237887335,threshold_sweep,0.6,1,0.0227272727273,0.0444444444444,1,0,43,88,0.0227272727273,1,0,0.977272727273,1,0.0227272727273,0.0444444444444,0.674242424242,0.664141414141,0.0300751879699,0.123560412643,0.0227272727273,216,172,44,0,216,0,172,0,44,37,216,0.162162162162,1.32432432432,11.6756756757,21.6,6,8.1990990496,0.702237650082,0.31006006006,10.329336629,1.76937710775,0.765265265265,3.0868314707,0.528762798222,0.252752752753,0.579945114934,0.437917739848,2,1.32432432432,0.579945114934,2,0.0121701261701,0.00597269624573,7,0.000900900900901,0.621196581197,37,37,37,1,0,0.72972972973,0.243243243243,0.027027027027,37,0.129129129129,1.32432432432,9.2972972973,17.2,4.77777777778,6.66610357982,0.716993698993,0.354022627278,8.16910241301,1.75730691443,0.76869893149,2.60572250821,0.560533330254,0.310810810811,0.579945114934,0.437917739848,2,1.32432432432,0.579945114934,2,0.0128062630641,0.00808262236192,6,0.000772200772201,0.418493088232,37,37,37,1,0,0.72972972973,0.243243243243,0.027027027027,37,173,0.12987987988,1.32432432432,9.35135135135,17.3,4.80555555556,6.70909919527,0.717447023772,0.354788314326,8.17534930974,1.74848511249,0.76706764568,2.57179200444,0.550036440256,0.304952351195,0.579945114934,0.437917739848,2,1.32432432432,0.579945114934,2,0.0125444613738,0.00931263858093,7,0.000900900900901,0.420715310454,37,37,37,1,0,0.72972972973,0.243243243243,0.027027027027,-43,-0.0322822822823,0,-2.32432432432,-4.3,-1.19444444444,-1.48999985433,0.0152093736901,0.0447282542658,-2.15398731926,-0.0208919952567,0.0018023804151,-0.515039466262,0.021273642034,0.0521995984424,0,0,0,0,0,0,0.000374335203634,0.0033399423352,0,0,-0.200481270742,0,0,0,173,0,43,1116,0.800925925926,1,0,0.199074074074,1,0.800925925926,0.889460154242,0.878186092989,0.800925925926,0.800925925926,1,44,0,0,0,0
3247,WLNM_dir_neg,0.983341942149,0.946083172147,00:00:03,10,80,11,1237887335,threshold_sweep,0.7,1,0.0227272727273,0.0444444444444,1,0,43,88,0.0227272727273,1,0,0.977272727273,1,0.0227272727273,0.0444444444444,0.674242424242,0.664141414141,0.0300751879699,0.123560412643,0.0227272727273,216,172,44,0,216,0,172,0,44,37,216,0.162162162162,1.32432432432,11.6756756757,21.6,6,8.1990990496,0.702237650082,0.31006006006,10.329336629,1.76937710775,0.765265265265,3.0868314707,0.528762798222,0.252752752753,0.579945114934,0.437917739848,2,1.32432432432,0.579945114934,2,0.0121701261701,0.00597269624573,7,0.000900900900901,0.621196581197,37,37,37,1,0,0.72972972973,0.243243243243,0.027027027027,37,0.129129129129,1.32432432432,9.2972972973,17.2,4.77777777778,6.66610357982,0.716993698993,0.354022627278,8.16910241301,1.75730691443,0.76869893149,2.60572250821,0.560533330254,0.310810810811,0.579945114934,0.437917739848,2,1.32432432432,0.579945114934,2,0.0128062630641,0.00808262236192,6,0.000772200772201,0.418493088232,37,37,37,1,0,0.72972972973,0.243243243243,0.027027027027,37,173,0.12987987988,1.32432432432,9.35135135135,17.3,4.80555555556,6.70909919527,0.717447023772,0.354788314326,8.17534930974,1.74848511249,0.76706764568,2.57179200444,0.550036440256,0.304952351195,0.579945114934,0.437917739848,2,1.32432432432,0.579945114934,2,0.0125444613738,0.00931263858093,7,0.000900900900901,0.420715310454,37,37,37,1,0,0.72972972973,0.243243243243,0.027027027027,-43,-0.0322822822823,0,-2.32432432432,-4.3,-1.19444444444,-1.48999985433,0.0152093736901,0.0447282542658,-2.15398731926,-0.0208919952567,0.0018023804151,-0.515039466262,0.021273642034,0.0521995984424,0,0,0,0,0,0,0.000374335203634,0.0033399423352,0,0,-0.200481270742,0,0,0,173,0,43,1116,0.800925925926,1,0,0.199074074074,1,0.800925925926,0.889460154242,0.878186092989,0.800925925926,0.800925925926,1,44,0,0,0,0
3248,WLNM_dir_neg,0.983341942149,0.946083172147,00:00:03,10,80,11,1237887335,threshold_sweep,0.8,1,0.0227272727273,0.0444444444444,1,0,43,88,0.0227272727273,1,0,0.977272727273,1,0.0227272727273,0.0444444444444,0.674242424242,0.664141414141,0.0300751879699,0.123560412643,0.0227272727273,216,172,44,0,216,0,172,0,44,37,216,0.162162162162,1.32432432432,11.6756756757,21.6,6,8.1990990496,0.702237650082,0.31006006006,10.329336629,1.76937710775,0.765265265265,3.0868314707,0.528762798222,0.252752752753,0.579945114934,0.437917739848,2,1.32432432432,0.579945114934,2,0.0121701261701,0.00597269624573,7,0.000900900900901,0.621196581197,37,37,37,1,0,0.72972972973,0.243243243243,0.027027027027,37,0.129129129129,1.32432432432,9.2972972973,17.2,4.77777777778,6.66610357982,0.716993698993,0.354022627278,8.16910241301,1.75730691443,0.76869893149,2.60572250821,0.560533330254,0.310810810811,0.579945114934,0.437917739848,2,1.32432432432,0.579945114934,2,0.0128062630641,0.00808262236192,6,0.000772200772201,0.418493088232,37,37,37,1,0,0.72972972973,0.243243243243,0.027027027027,37,173,0.12987987988,1.32432432432,9.35135135135,17.3,4.80555555556,6.70909919527,0.717447023772,0.354788314326,8.17534930974,1.74848511249,0.76706764568,2.57179200444,0.550036440256,0.304952351195,0.579945114934,0.437917739848,2,1.32432432432,0.579945114934,2,0.0125444613738,0.00931263858093,7,0.000900900900901,0.420715310454,37,37,37,1,0,0.72972972973,0.243243243243,0.027027027027,-43,-0.0322822822823,0,-2.32432432432,-4.3,-1.19444444444,-1.48999985433,0.0152093736901,0.0447282542658,-2.15398731926,-0.0208919952567,0.0018023804151,-0.515039466262,0.021273642034,0.0521995984424,0,0,0,0,0,0,0.000374335203634,0.0033399423352,0,0,-0.200481270742,0,0,0,173,0,43,1116,0.800925925926,1,0,0.199074074074,1,0.800925925926,0.889460154242,0.878186092989,0.800925925926,0.800925925926,1,44,0,0,0,0
3249,WLNM_dir_neg,0.983341942149,0.946083172147,00:00:03,10,80,11,1237887335,threshold_sweep,0.9,1,0.0227272727273,0.0444444444444,1,0,43,88,0.0227272727273,1,0,0.977272727273,1,0.0227272727273,0.0444444444444,0.674242424242,0.664141414141,0.0300751879699,0.123560412643,0.0227272727273,216,172,44,0,216,0,172,0,44,37,216,0.162162162162,1.32432432432,11.6756756757,21.6,6,8.1990990496,0.702237650082,0.31006006006,10.329336629,1.76937710775,0.765265265265,3.0868314707,0.528762798222,0.252752752753,0.579945114934,0.437917739848,2,1.32432432432,0.579945114934,2,0.0121701261701,0.00597269624573,7,0.000900900900901,0.621196581197,37,37,37,1,0,0.72972972973,0.243243243243,0.027027027027,37,0.129129129129,1.32432432432,9.2972972973,17.2,4.77777777778,6.66610357982,0.716993698993,0.354022627278,8.16910241301,1.75730691443,0.76869893149,2.60572250821,0.560533330254,0.310810810811,0.579945114934,0.437917739848,2,1.32432432432,0.579945114934,2,0.0128062630641,0.00808262236192,6,0.000772200772201,0.418493088232,37,37,37,1,0,0.72972972973,0.243243243243,0.027027027027,37,173,0.12987987988,1.32432432432,9.35135135135,17.3,4.80555555556,6.70909919527,0.717447023772,0.354788314326,8.17534930974,1.74848511249,0.76706764568,2.57179200444,0.550036440256,0.304952351195,0.579945114934,0.437917739848,2,1.32432432432,0.579945114934,2,0.0125444613738,0.00931263858093,7,0.000900900900901,0.420715310454,37,37,37,1,0,0.72972972973,0.243243243243,0.027027027027,-43,-0.0322822822823,0,-2.32432432432,-4.3,-1.19444444444,-1.48999985433,0.0152093736901,0.0447282542658,-2.15398731926,-0.0208919952567,0.0018023804151,-0.515039466262,0.021273642034,0.0521995984424,0,0,0,0,0,0,0.000374335203634,0.0033399423352,0,0,-0.200481270742,0,0,0,173,0,43,1116,0.800925925926,1,0,0.199074074074,1,0.800925925926,0.889460154242,0.878186092989,0.800925925926,0.800925925926,1,44,0,0,0,0
3250,WLNM_dir_neg,0.978176652893,0.834403120007,00:00:03,10,80,12,1237887336,threshold_sweep,0.1,0.8,0.0909090909091,0.163265306122,4,1,40,87,0.0909090909091,0.988636363636,0.0113636363636,0.909090909091,0.8,0.0909090909091,0.163265306122,0.689393939394,0.65404040404,0.102189781022,0.196424736643,0.0795454545455,216,172,44,0,216,0,172,0,44,37,216,0.162162162162,1.32432432432,11.6756756757,21.6,6,8.1990990496,0.702237650082,0.31006006006,10.329336629,1.76937710775,0.765265265265,3.0868314707,0.528762798222,0.252752752753,0.579945114934,0.437917739848,2,1.32432432432,0.579945114934,2,0.0121701261701,0.00597269624573,7,0.000900900900901,0.621196581197,37,37,37,1,0,0.72972972973,0.243243243243,0.027027027027,37,0.129129129129,1.32432432432,9.2972972973,17.2,5.21212121212,6.77767931795,0.728994577803,0.35307982401,8.33072031105,1.79207355528,0.774041483344,2.77104288647,0.596096434881,0.329981143935,0.579945114934,0.437917739848,2,1.33333333333,0.585540043769,2,0,0,0,0,0.429687747036,37,36,36,0.972972972973,0,0.702702702703,0.189189189189,0.0810810810811,37,177,0.132882882883,1.32813094785,9.56756756757,17.7,4.78378378378,6.79681518777,0.710401587422,0.3492136204,8.37368608312,1.7504315541,0.766834631241,2.56184758779,0.535527461854,0.296839212093,0.591510775116,0.445370824371,2.12676056338,1.32813094785,0.591510775116,2.12676056338,0.0116268461479,0.00772200772201,6,0.000772200772201,0.425935943284,37,37,37,1,0,0.72972972973,0.27027027027,0,-39,-0.0292792792793,0.00380662352493,-2.10810810811,-3.9,-1.21621621622,-1.40228386183,0.00816393734039,0.03915356034,-1.95565054588,-0.018945553647,0.00156936597615,-0.524983882914,0.00676466363187,0.0440864593407,0.0115656601813,0.00745308452214,0.12676056338,0.00380662352493,0.0115656601813,0.12676056338,-0.000543280022195,0.00174931147627,-1,-0.0001287001287,-0.195260637913,0,0.027027027027,-0.027027027027,176,1,40,1115,0.814814814815,0.999103942652,0.00089605734767,0.185185185185,0.994350282486,0.814814814815,0.895674300254,0.883817109934,0.813918757467,0.811059907834,5,44,0,0,0,0
3251,WLNM_dir_neg,0.978176652893,0.834403120007,00:00:03,10,80,12,1237887336,threshold_sweep,0.2,0.8,0.0909090909091,0.163265306122,4,1,40,87,0.0909090909091,0.988636363636,0.0113636363636,0.909090909091,0.8,0.0909090909091,0.163265306122,0.689393939394,0.65404040404,0.102189781022,0.196424736643,0.0795454545455,216,172,44,0,216,0,172,0,44,37,216,0.162162162162,1.32432432432,11.6756756757,21.6,6,8.1990990496,0.702237650082,0.31006006006,10.329336629,1.76937710775,0.765265265265,3.0868314707,0.528762798222,0.252752752753,0.579945114934,0.437917739848,2,1.32432432432,0.579945114934,2,0.0121701261701,0.00597269624573,7,0.000900900900901,0.621196581197,37,37,37,1,0,0.72972972973,0.243243243243,0.027027027027,37,0.129129129129,1.32432432432,9.2972972973,17.2,5.21212121212,6.77767931795,0.728994577803,0.35307982401,8.33072031105,1.79207355528,0.774041483344,2.77104288647,0.596096434881,0.329981143935,0.579945114934,0.437917739848,2,1.33333333333,0.585540043769,2,0,0,0,0,0.429687747036,37,36,36,0.972972972973,0,0.702702702703,0.189189189189,0.0810810810811,37,177,0.132882882883,1.32813094785,9.56756756757,17.7,4.78378378378,6.79681518777,0.710401587422,0.3492136204,8.37368608312,1.7504315541,0.766834631241,2.56184758779,0.535527461854,0.296839212093,0.591510775116,0.445370824371,2.12676056338,1.32813094785,0.591510775116,2.12676056338,0.0116268461479,0.00772200772201,6,0.000772200772201,0.425935943284,37,37,37,1,0,0.72972972973,0.27027027027,0,-39,-0.0292792792793,0.00380662352493,-2.10810810811,-3.9,-1.21621621622,-1.40228386183,0.00816393734039,0.03915356034,-1.95565054588,-0.018945553647,0.00156936597615,-0.524983882914,0.00676466363187,0.0440864593407,0.0115656601813,0.00745308452214,0.12676056338,0.00380662352493,0.0115656601813,0.12676056338,-0.000543280022195,0.00174931147627,-1,-0.0001287001287,-0.195260637913,0,0.027027027027,-0.027027027027,176,1,40,1115,0.814814814815,0.999103942652,0.00089605734767,0.185185185185,0.994350282486,0.814814814815,0.895674300254,0.883817109934,0.813918757467,0.811059907834,5,44,0,0,0,0
3252,WLNM_dir_neg,0.978176652893,0.834403120007,00:00:03,10,80,12,1237887336,threshold_sweep,0.3,0.8,0.0909090909091,0.163265306122,4,1,40,87,0.0909090909091,0.988636363636,0.0113636363636,0.909090909091,0.8,0.0909090909091,0.163265306122,0.689393939394,0.65404040404,0.102189781022,0.196424736643,0.0795454545455,216,172,44,0,216,0,172,0,44,37,216,0.162162162162,1.32432432432,11.6756756757,21.6,6,8.1990990496,0.702237650082,0.31006006006,10.329336629,1.76937710775,0.765265265265,3.0868314707,0.528762798222,0.252752752753,0.579945114934,0.437917739848,2,1.32432432432,0.579945114934,2,0.0121701261701,0.00597269624573,7,0.000900900900901,0.621196581197,37,37,37,1,0,0.72972972973,0.243243243243,0.027027027027,37,0.129129129129,1.32432432432,9.2972972973,17.2,5.21212121212,6.77767931795,0.728994577803,0.35307982401,8.33072031105,1.79207355528,0.774041483344,2.77104288647,0.596096434881,0.329981143935,0.579945114934,0.437917739848,2,1.33333333333,0.585540043769,2,0,0,0,0,0.429687747036,37,36,36,0.972972972973,0,0.702702702703,0.189189189189,0.0810810810811,37,177,0.132882882883,1.32813094785,9.56756756757,17.7,4.78378378378,6.79681518777,0.710401587422,0.3492136204,8.37368608312,1.7504315541,0.766834631241,2.56184758779,0.535527461854,0.296839212093,0.591510775116,0.445370824371,2.12676056338,1.32813094785,0.591510775116,2.12676056338,0.0116268461479,0.00772200772201,6,0.000772200772201,0.425935943284,37,37,37,1,0,0.72972972973,0.27027027027,0,-39,-0.0292792792793,0.00380662352493,-2.10810810811,-3.9,-1.21621621622,-1.40228386183,0.00816393734039,0.03915356034,-1.95565054588,-0.018945553647,0.00156936597615,-0.524983882914,0.00676466363187,0.0440864593407,0.0115656601813,0.00745308452214,0.12676056338,0.00380662352493,0.0115656601813,0.12676056338,-0.000543280022195,0.00174931147627,-1,-0.0001287001287,-0.195260637913,0,0.027027027027,-0.027027027027,176,1,40,1115,0.814814814815,0.999103942652,0.00089605734767,0.185185185185,0.994350282486,0.814814814815,0.895674300254,0.883817109934,0.813918757467,0.811059907834,5,44,0,0,0,0
3253,WLNM_dir_neg,0.978176652893,0.834403120007,00:00:03,10,80,12,1237887336,threshold_sweep,0.4,0.8,0.0909090909091,0.163265306122,4,1,40,87,0.0909090909091,0.988636363636,0.0113636363636,0.909090909091,0.8,0.0909090909091,0.163265306122,0.689393939394,0.65404040404,0.102189781022,0.196424736643,0.0795454545455,216,172,44,0,216,0,172,0,44,37,216,0.162162162162,1.32432432432,11.6756756757,21.6,6,8.1990990496,0.702237650082,0.31006006006,10.329336629,1.76937710775,0.765265265265,3.0868314707,0.528762798222,0.252752752753,0.579945114934,0.437917739848,2,1.32432432432,0.579945114934,2,0.0121701261701,0.00597269624573,7,0.000900900900901,0.621196581197,37,37,37,1,0,0.72972972973,0.243243243243,0.027027027027,37,0.129129129129,1.32432432432,9.2972972973,17.2,5.21212121212,6.77767931795,0.728994577803,0.35307982401,8.33072031105,1.79207355528,0.774041483344,2.77104288647,0.596096434881,0.329981143935,0.579945114934,0.437917739848,2,1.33333333333,0.585540043769,2,0,0,0,0,0.429687747036,37,36,36,0.972972972973,0,0.702702702703,0.189189189189,0.0810810810811,37,177,0.132882882883,1.32813094785,9.56756756757,17.7,4.78378378378,6.79681518777,0.710401587422,0.3492136204,8.37368608312,1.7504315541,0.766834631241,2.56184758779,0.535527461854,0.296839212093,0.591510775116,0.445370824371,2.12676056338,1.32813094785,0.591510775116,2.12676056338,0.0116268461479,0.00772200772201,6,0.000772200772201,0.425935943284,37,37,37,1,0,0.72972972973,0.27027027027,0,-39,-0.0292792792793,0.00380662352493,-2.10810810811,-3.9,-1.21621621622,-1.40228386183,0.00816393734039,0.03915356034,-1.95565054588,-0.018945553647,0.00156936597615,-0.524983882914,0.00676466363187,0.0440864593407,0.0115656601813,0.00745308452214,0.12676056338,0.00380662352493,0.0115656601813,0.12676056338,-0.000543280022195,0.00174931147627,-1,-0.0001287001287,-0.195260637913,0,0.027027027027,-0.027027027027,176,1,40,1115,0.814814814815,0.999103942652,0.00089605734767,0.185185185185,0.994350282486,0.814814814815,0.895674300254,0.883817109934,0.813918757467,0.811059907834,5,44,0,0,0,0
3254,WLNM_dir_neg,0.978176652893,0.834403120007,00:00:03,10,80,12,1237887336,threshold_sweep,0.5,0.8,0.0909090909091,0.163265306122,4,1,40,87,0.0909090909091,0.988636363636,0.0113636363636,0.909090909091,0.8,0.0909090909091,0.163265306122,0.689393939394,0.65404040404,0.102189781022,0.196424736643,0.0795454545455,216,172,44,0,216,0,172,0,44,37,216,0.162162162162,1.32432432432,11.6756756757,21.6,6,8.1990990496,0.702237650082,0.31006006006,10.329336629,1.76937710775,0.765265265265,3.0868314707,0.528762798222,0.252752752753,0.579945114934,0.437917739848,2,1.32432432432,0.579945114934,2,0.0121701261701,0.00597269624573,7,0.000900900900901,0.621196581197,37,37,37,1,0,0.72972972973,0.243243243243,0.027027027027,37,0.129129129129,1.32432432432,9.2972972973,17.2,5.21212121212,6.77767931795,0.728994577803,0.35307982401,8.33072031105,1.79207355528,0.774041483344,2.77104288647,0.596096434881,0.329981143935,0.579945114934,0.437917739848,2,1.33333333333,0.585540043769,2,0,0,0,0,0.429687747036,37,36,36,0.972972972973,0,0.702702702703,0.189189189189,0.0810810810811,37,177,0.132882882883,1.32813094785,9.56756756757,17.7,4.78378378378,6.79681518777,0.710401587422,0.3492136204,8.37368608312,1.7504315541,0.766834631241,2.56184758779,0.535527461854,0.296839212093,0.591510775116,0.445370824371,2.12676056338,1.32813094785,0.591510775116,2.12676056338,0.0116268461479,0.00772200772201,6,0.000772200772201,0.425935943284,37,37,37,1,0,0.72972972973,0.27027027027,0,-39,-0.0292792792793,0.00380662352493,-2.10810810811,-3.9,-1.21621621622,-1.40228386183,0.00816393734039,0.03915356034,-1.95565054588,-0.018945553647,0.00156936597615,-0.524983882914,0.00676466363187,0.0440864593407,0.0115656601813,0.00745308452214,0.12676056338,0.00380662352493,0.0115656601813,0.12676056338,-0.000543280022195,0.00174931147627,-1,-0.0001287001287,-0.195260637913,0,0.027027027027,-0.027027027027,176,1,40,1115,0.814814814815,0.999103942652,0.00089605734767,0.185185185185,0.994350282486,0.814814814815,0.895674300254,0.883817109934,0.813918757467,0.811059907834,5,44,0,0,0,0
3255,WLNM_dir_neg,0.978176652893,0.834403120007,00:00:03,10,80,12,1237887336,threshold_sweep,0.6,0.5,0.0227272727273,0.0434782608696,1,1,43,87,0.0227272727273,0.988636363636,0.0113636363636,0.977272727273,0.5,0.0227272727273,0.0434782608696,0.666666666667,0.661616161616,0.0149253731343,0.0438529009654,0.0113636363636,216,172,44,0,216,0,172,0,44,37,216,0.162162162162,1.32432432432,11.6756756757,21.6,6,8.1990990496,0.702237650082,0.31006006006,10.329336629,1.76937710775,0.765265265265,3.0868314707,0.528762798222,0.252752752753,0.579945114934,0.437917739848,2,1.32432432432,0.579945114934,2,0.0121701261701,0.00597269624573,7,0.000900900900901,0.621196581197,37,37,37,1,0,0.72972972973,0.243243243243,0.027027027027,37,0.129129129129,1.32432432432,9.2972972973,17.2,5.21212121212,6.77767931795,0.728994577803,0.35307982401,8.33072031105,1.79207355528,0.774041483344,2.77104288647,0.596096434881,0.329981143935,0.579945114934,0.437917739848,2,1.33333333333,0.585540043769,2,0,0,0,0,0.429687747036,37,36,36,0.972972972973,0,0.702702702703,0.189189189189,0.0810810810811,37,174,0.130630630631,1.33333333333,9.40540540541,17.4,4.97142857143,6.73902176984,0.716505188173,0.349332090711,8.34287741751,1.77406014051,0.771046908978,2.6860220987,0.571165618689,0.316557937248,0.607311419697,0.455483564772,2.16666666667,1.34259259259,0.613271793554,2.16666666667,0.0142350040356,0.00661959399823,5,0.000643500643501,0.426160410175,37,36,36,0.972972972973,0,0.702702702703,0.243243243243,0.027027027027,-42,-0.0315315315315,0.00900900900901,-2.27027027027,-4.2,-1.02857142857,-1.46007727976,0.0142675380911,0.0392720306513,-1.98645921149,0.00468303275975,0.00578164371268,-0.400809372002,0.042402820467,0.0638051844948,0.0273663047621,0.0175658249239,0.166666666667,0.0182682682683,0.0333266786196,0.166666666667,0.00206487786547,0.000646897752501,-2,-0.0002574002574,-0.195036171022,-0.027027027027,0,0,173,1,43,1115,0.800925925926,0.999103942652,0.00089605734767,0.199074074074,0.994252873563,0.800925925926,0.887179487179,0.8750568532,0.800029868578,0.797235023041,2,44,0,0,0,0
3256,WLNM_dir_neg,0.978176652893,0.834403120007,00:00:03,10,80,12,1237887336,threshold_sweep,0.7,0.5,0.0227272727273,0.0434782608696,1,1,43,87,0.0227272727273,0.988636363636,0.0113636363636,0.977272727273,0.5,0.0227272727273,0.0434782608696,0.666666666667,0.661616161616,0.0149253731343,0.0438529009654,0.0113636363636,216,172,44,0,216,0,172,0,44,37,216,0.162162162162,1.32432432432,11.6756756757,21.6,6,8.1990990496,0.702237650082,0.31006006006,10.329336629,1.76937710775,0.765265265265,3.0868314707,0.528762798222,0.252752752753,0.579945114934,0.437917739848,2,1.32432432432,0.579945114934,2,0.0121701261701,0.00597269624573,7,0.000900900900901,0.621196581197,37,37,37,1,0,0.72972972973,0.243243243243,0.027027027027,37,0.129129129129,1.32432432432,9.2972972973,17.2,5.21212121212,6.77767931795,0.728994577803,0.35307982401,8.33072031105,1.79207355528,0.774041483344,2.77104288647,0.596096434881,0.329981143935,0.579945114934,0.437917739848,2,1.33333333333,0.585540043769,2,0,0,0,0,0.429687747036,37,36,36,0.972972972973,0,0.702702702703,0.189189189189,0.0810810810811,37,174,0.130630630631,1.33333333333,9.40540540541,17.4,4.97142857143,6.73902176984,0.716505188173,0.349332090711,8.34287741751,1.77406014051,0.771046908978,2.6860220987,0.571165618689,0.316557937248,0.607311419697,0.455483564772,2.16666666667,1.34259259259,0.613271793554,2.16666666667,0.0142350040356,0.00661959399823,5,0.000643500643501,0.426160410175,37,36,36,0.972972972973,0,0.702702702703,0.243243243243,0.027027027027,-42,-0.0315315315315,0.00900900900901,-2.27027027027,-4.2,-1.02857142857,-1.46007727976,0.0142675380911,0.0392720306513,-1.98645921149,0.00468303275975,0.00578164371268,-0.400809372002,0.042402820467,0.0638051844948,0.0273663047621,0.0175658249239,0.166666666667,0.0182682682683,0.0333266786196,0.166666666667,0.00206487786547,0.000646897752501,-2,-0.0002574002574,-0.195036171022,-0.027027027027,0,0,173,1,43,1115,0.800925925926,0.999103942652,0.00089605734767,0.199074074074,0.994252873563,0.800925925926,0.887179487179,0.8750568532,0.800029868578,0.797235023041,2,44,0,0,0,0
3257,WLNM_dir_neg,0.978176652893,0.834403120007,00:00:03,10,80,12,1237887336,threshold_sweep,0.8,0.5,0.0227272727273,0.0434782608696,1,1,43,87,0.0227272727273,0.988636363636,0.0113636363636,0.977272727273,0.5,0.0227272727273,0.0434782608696,0.666666666667,0.661616161616,0.0149253731343,0.0438529009654,0.0113636363636,216,172,44,0,216,0,172,0,44,37,216,0.162162162162,1.32432432432,11.6756756757,21.6,6,8.1990990496,0.702237650082,0.31006006006,10.329336629,1.76937710775,0.765265265265,3.0868314707,0.528762798222,0.252752752753,0.579945114934,0.437917739848,2,1.32432432432,0.579945114934,2,0.0121701261701,0.00597269624573,7,0.000900900900901,0.621196581197,37,37,37,1,0,0.72972972973,0.243243243243,0.027027027027,37,0.129129129129,1.32432432432,9.2972972973,17.2,5.21212121212,6.77767931795,0.728994577803,0.35307982401,8.33072031105,1.79207355528,0.774041483344,2.77104288647,0.596096434881,0.329981143935,0.579945114934,0.437917739848,2,1.33333333333,0.585540043769,2,0,0,0,0,0.429687747036,37,36,36,0.972972972973,0,0.702702702703,0.189189189189,0.0810810810811,37,174,0.130630630631,1.33333333333,9.40540540541,17.4,4.97142857143,6.73902176984,0.716505188173,0.349332090711,8.34287741751,1.77406014051,0.771046908978,2.6860220987,0.571165618689,0.316557937248,0.607311419697,0.455483564772,2.16666666667,1.34259259259,0.613271793554,2.16666666667,0.0142350040356,0.00661959399823,5,0.000643500643501,0.426160410175,37,36,36,0.972972972973,0,0.702702702703,0.243243243243,0.027027027027,-42,-0.0315315315315,0.00900900900901,-2.27027027027,-4.2,-1.02857142857,-1.46007727976,0.0142675380911,0.0392720306513,-1.98645921149,0.00468303275975,0.00578164371268,-0.400809372002,0.042402820467,0.0638051844948,0.0273663047621,0.0175658249239,0.166666666667,0.0182682682683,0.0333266786196,0.166666666667,0.00206487786547,0.000646897752501,-2,-0.0002574002574,-0.195036171022,-0.027027027027,0,0,173,1,43,1115,0.800925925926,0.999103942652,0.00089605734767,0.199074074074,0.994252873563,0.800925925926,0.887179487179,0.8750568532,0.800029868578,0.797235023041,2,44,0,0,0,0
3258,WLNM_dir_neg,0.978176652893,0.834403120007,00:00:03,10,80,12,1237887336,threshold_sweep,0.9,0,0,0,0,0,44,88,0,1,0,1,0,0,0,0.666666666667,0.666666666667,0,0,0,216,172,44,0,216,0,172,0,44,37,216,0.162162162162,1.32432432432,11.6756756757,21.6,6,8.1990990496,0.702237650082,0.31006006006,10.329336629,1.76937710775,0.765265265265,3.0868314707,0.528762798222,0.252752752753,0.579945114934,0.437917739848,2,1.32432432432,0.579945114934,2,0.0121701261701,0.00597269624573,7,0.000900900900901,0.621196581197,37,37,37,1,0,0.72972972973,0.243243243243,0.027027027027,37,0.129129129129,1.32432432432,9.2972972973,17.2,5.21212121212,6.77767931795,0.728994577803,0.35307982401,8.33072031105,1.79207355528,0.774041483344,2.77104288647,0.596096434881,0.329981143935,0.579945114934,0.437917739848,2,1.33333333333,0.585540043769,2,0,0,0,0,0.429687747036,37,36,36,0.972972972973,0,0.702702702703,0.189189189189,0.0810810810811,37,172,0.129129129129,1.32432432432,9.2972972973,17.2,5.21212121212,6.77767931795,0.728994577803,0.35307982401,8.33072031105,1.79207355528,0.774041483344,2.77104288647,0.596096434881,0.329981143935,0.579945114934,0.437917739848,2,1.33333333333,0.585540043769,2,0,0,0,0,0.429687747036,37,36,36,0.972972972973,0,0.702702702703,0.189189189189,0.0810810810811,-44,-0.033033033033,0,-2.37837837838,-4.4,-0.787878787879,-1.42141973166,0.0267569277207,0.04301976395,-1.99861631795,0.0226964475382,0.00877621807854,-0.31578858423,0.0673336366586,0.0772283911819,0,0,0,0.00900900900901,0.00559492883467,0,-0.0121701261701,-0.00597269624573,-7,-0.000900900900901,-0.191508834161,-0.027027027027,-0.0540540540541,0.0540540540541,172,0,44,1116,0.796296296296,1,0,0.203703703704,1,0.796296296296,0.886597938144,0.875266790198,0.796296296296,0.796296296296,0,44,0,0,0,0
3259,WLNM_dir_neg,1,0.931818181818,00:00:03,10,80,13,1237887337,threshold_sweep,0.1,1,0.0681818181818,0.127659574468,3,0,41,88,0.0681818181818,1,0,0.931818181818,1,0.0681818181818,0.127659574468,0.689393939394,0.659090909091,0.0888888888889,0.215665546407,0.0681818181818,216,172,44,0,216,0,172,0,44,37,216,0.162162162162,1.32432432432,11.6756756757,21.6,6,8.1990990496,0.702237650082,0.31006006006,10.329336629,1.76937710775,0.765265265265,3.0868314707,0.528762798222,0.252752752753,0.579945114934,0.437917739848,2,1.32432432432,0.579945114934,2,0.0121701261701,0.00597269624573,7,0.000900900900901,0.621196581197,37,37,37,1,0,0.72972972973,0.243243243243,0.027027027027,37,0.129129129129,1.32432432432,9.2972972973,17.2,4.77777777778,6.55262824651,0.704788503258,0.326995600251,8.23345551939,1.77115031522,0.770898805783,2.47449451871,0.532304053443,0.277812696417,0.579945114934,0.437917739848,2,1.32432432432,0.579945114934,2,0.010068475348,0.00545454545455,4,0.000514800514801,0.389953942997,37,37,37,1,0,0.72972972973,0.243243243243,0.027027027027,37,175,0.131381381381,1.32432432432,9.45945945946,17.5,4.86111111111,6.6982360638,0.70809924103,0.332818532819,8.27193598409,1.74892360807,0.76694980695,2.36465464531,0.49995555358,0.261930501931,0.579945114934,0.437917739848,2,1.32432432432,0.579945114934,2,0.0124952273399,0.00917832167832,7,0.000900900900901,0.396620609664,37,37,37,1,0,0.72972972973,0.243243243243,0.027027027027,-41,-0.0307807807808,0,-2.21621621622,-4.1,-1.13888888889,-1.50086298581,0.00586159094823,0.0227584727585,-2.05740064491,-0.02045349968,0.00168454168454,-0.722176825393,-0.0288072446424,0.00917774917775,0,0,0,0,0,0,0.000325101169822,0.00320562543259,0,0,-0.224575971532,0,0,0,175,0,41,1116,0.810185185185,1,0,0.189814814815,1,0.810185185185,0.895140664962,0.884010791353,0.810185185185,0.810185185185,3,44,0,0,0,0
3260,WLNM_dir_neg,1,0.931818181818,00:00:03,10,80,13,1237887337,threshold_sweep,0.2,1,0.0681818181818,0.127659574468,3,0,41,88,0.0681818181818,1,0,0.931818181818,1,0.0681818181818,0.127659574468,0.689393939394,0.659090909091,0.0888888888889,0.215665546407,0.0681818181818,216,172,44,0,216,0,172,0,44,37,216,0.162162162162,1.32432432432,11.6756756757,21.6,6,8.1990990496,0.702237650082,0.31006006006,10.329336629,1.76937710775,0.765265265265,3.0868314707,0.528762798222,0.252752752753,0.579945114934,0.437917739848,2,1.32432432432,0.579945114934,2,0.0121701261701,0.00597269624573,7,0.000900900900901,0.621196581197,37,37,37,1,0,0.72972972973,0.243243243243,0.027027027027,37,0.129129129129,1.32432432432,9.2972972973,17.2,4.77777777778,6.55262824651,0.704788503258,0.326995600251,8.23345551939,1.77115031522,0.770898805783,2.47449451871,0.532304053443,0.277812696417,0.579945114934,0.437917739848,2,1.32432432432,0.579945114934,2,0.010068475348,0.00545454545455,4,0.000514800514801,0.389953942997,37,37,37,1,0,0.72972972973,0.243243243243,0.027027027027,37,175,0.131381381381,1.32432432432,9.45945945946,17.5,4.86111111111,6.6982360638,0.70809924103,0.332818532819,8.27193598409,1.74892360807,0.76694980695,2.36465464531,0.49995555358,0.261930501931,0.579945114934,0.437917739848,2,1.32432432432,0.579945114934,2,0.0124952273399,0.00917832167832,7,0.000900900900901,0.396620609664,37,37,37,1,0,0.72972972973,0.243243243243,0.027027027027,-41,-0.0307807807808,0,-2.21621621622,-4.1,-1.13888888889,-1.50086298581,0.00586159094823,0.0227584727585,-2.05740064491,-0.02045349968,0.00168454168454,-0.722176825393,-0.0288072446424,0.00917774917775,0,0,0,0,0,0,0.000325101169822,0.00320562543259,0,0,-0.224575971532,0,0,0,175,0,41,1116,0.810185185185,1,0,0.189814814815,1,0.810185185185,0.895140664962,0.884010791353,0.810185185185,0.810185185185,3,44,0,0,0,0
3261,WLNM_dir_neg,1,0.931818181818,00:00:03,10,80,13,1237887337,threshold_sweep,0.3,1,0.0681818181818,0.127659574468,3,0,41,88,0.0681818181818,1,0,0.931818181818,1,0.0681818181818,0.127659574468,0.689393939394,0.659090909091,0.0888888888889,0.215665546407,0.0681818181818,216,172,44,0,216,0,172,0,44,37,216,0.162162162162,1.32432432432,11.6756756757,21.6,6,8.1990990496,0.702237650082,0.31006006006,10.329336629,1.76937710775,0.765265265265,3.0868314707,0.528762798222,0.252752752753,0.579945114934,0.437917739848,2,1.32432432432,0.579945114934,2,0.0121701261701,0.00597269624573,7,0.000900900900901,0.621196581197,37,37,37,1,0,0.72972972973,0.243243243243,0.027027027027,37,0.129129129129,1.32432432432,9.2972972973,17.2,4.77777777778,6.55262824651,0.704788503258,0.326995600251,8.23345551939,1.77115031522,0.770898805783,2.47449451871,0.532304053443,0.277812696417,0.579945114934,0.437917739848,2,1.32432432432,0.579945114934,2,0.010068475348,0.00545454545455,4,0.000514800514801,0.389953942997,37,37,37,1,0,0.72972972973,0.243243243243,0.027027027027,37,175,0.131381381381,1.32432432432,9.45945945946,17.5,4.86111111111,6.6982360638,0.70809924103,0.332818532819,8.27193598409,1.74892360807,0.76694980695,2.36465464531,0.49995555358,0.261930501931,0.579945114934,0.437917739848,2,1.32432432432,0.579945114934,2,0.0124952273399,0.00917832167832,7,0.000900900900901,0.396620609664,37,37,37,1,0,0.72972972973,0.243243243243,0.027027027027,-41,-0.0307807807808,0,-2.21621621622,-4.1,-1.13888888889,-1.50086298581,0.00586159094823,0.0227584727585,-2.05740064491,-0.02045349968,0.00168454168454,-0.722176825393,-0.0288072446424,0.00917774917775,0,0,0,0,0,0,0.000325101169822,0.00320562543259,0,0,-0.224575971532,0,0,0,175,0,41,1116,0.810185185185,1,0,0.189814814815,1,0.810185185185,0.895140664962,0.884010791353,0.810185185185,0.810185185185,3,44,0,0,0,0
3262,WLNM_dir_neg,1,0.931818181818,00:00:03,10,80,13,1237887337,threshold_sweep,0.4,1,0.0681818181818,0.127659574468,3,0,41,88,0.0681818181818,1,0,0.931818181818,1,0.0681818181818,0.127659574468,0.689393939394,0.659090909091,0.0888888888889,0.215665546407,0.0681818181818,216,172,44,0,216,0,172,0,44,37,216,0.162162162162,1.32432432432,11.6756756757,21.6,6,8.1990990496,0.702237650082,0.31006006006,10.329336629,1.76937710775,0.765265265265,3.0868314707,0.528762798222,0.252752752753,0.579945114934,0.437917739848,2,1.32432432432,0.579945114934,2,0.0121701261701,0.00597269624573,7,0.000900900900901,0.621196581197,37,37,37,1,0,0.72972972973,0.243243243243,0.027027027027,37,0.129129129129,1.32432432432,9.2972972973,17.2,4.77777777778,6.55262824651,0.704788503258,0.326995600251,8.23345551939,1.77115031522,0.770898805783,2.47449451871,0.532304053443,0.277812696417,0.579945114934,0.437917739848,2,1.32432432432,0.579945114934,2,0.010068475348,0.00545454545455,4,0.000514800514801,0.389953942997,37,37,37,1,0,0.72972972973,0.243243243243,0.027027027027,37,175,0.131381381381,1.32432432432,9.45945945946,17.5,4.86111111111,6.6982360638,0.70809924103,0.332818532819,8.27193598409,1.74892360807,0.76694980695,2.36465464531,0.49995555358,0.261930501931,0.579945114934,0.437917739848,2,1.32432432432,0.579945114934,2,0.0124952273399,0.00917832167832,7,0.000900900900901,0.396620609664,37,37,37,1,0,0.72972972973,0.243243243243,0.027027027027,-41,-0.0307807807808,0,-2.21621621622,-4.1,-1.13888888889,-1.50086298581,0.00586159094823,0.0227584727585,-2.05740064491,-0.02045349968,0.00168454168454,-0.722176825393,-0.0288072446424,0.00917774917775,0,0,0,0,0,0,0.000325101169822,0.00320562543259,0,0,-0.224575971532,0,0,0,175,0,41,1116,0.810185185185,1,0,0.189814814815,1,0.810185185185,0.895140664962,0.884010791353,0.810185185185,0.810185185185,3,44,0,0,0,0
3263,WLNM_dir_neg,1,0.931818181818,00:00:03,10,80,13,1237887337,threshold_sweep,0.5,1,0.0681818181818,0.127659574468,3,0,41,88,0.0681818181818,1,0,0.931818181818,1,0.0681818181818,0.127659574468,0.689393939394,0.659090909091,0.0888888888889,0.215665546407,0.0681818181818,216,172,44,0,216,0,172,0,44,37,216,0.162162162162,1.32432432432,11.6756756757,21.6,6,8.1990990496,0.702237650082,0.31006006006,10.329336629,1.76937710775,0.765265265265,3.0868314707,0.528762798222,0.252752752753,0.579945114934,0.437917739848,2,1.32432432432,0.579945114934,2,0.0121701261701,0.00597269624573,7,0.000900900900901,0.621196581197,37,37,37,1,0,0.72972972973,0.243243243243,0.027027027027,37,0.129129129129,1.32432432432,9.2972972973,17.2,4.77777777778,6.55262824651,0.704788503258,0.326995600251,8.23345551939,1.77115031522,0.770898805783,2.47449451871,0.532304053443,0.277812696417,0.579945114934,0.437917739848,2,1.32432432432,0.579945114934,2,0.010068475348,0.00545454545455,4,0.000514800514801,0.389953942997,37,37,37,1,0,0.72972972973,0.243243243243,0.027027027027,37,175,0.131381381381,1.32432432432,9.45945945946,17.5,4.86111111111,6.6982360638,0.70809924103,0.332818532819,8.27193598409,1.74892360807,0.76694980695,2.36465464531,0.49995555358,0.261930501931,0.579945114934,0.437917739848,2,1.32432432432,0.579945114934,2,0.0124952273399,0.00917832167832,7,0.000900900900901,0.396620609664,37,37,37,1,0,0.72972972973,0.243243243243,0.027027027027,-41,-0.0307807807808,0,-2.21621621622,-4.1,-1.13888888889,-1.50086298581,0.00586159094823,0.0227584727585,-2.05740064491,-0.02045349968,0.00168454168454,-0.722176825393,-0.0288072446424,0.00917774917775,0,0,0,0,0,0,0.000325101169822,0.00320562543259,0,0,-0.224575971532,0,0,0,175,0,41,1116,0.810185185185,1,0,0.189814814815,1,0.810185185185,0.895140664962,0.884010791353,0.810185185185,0.810185185185,3,44,0,0,0,0
3264,WLNM_dir_neg,1,0.931818181818,00:00:03,10,80,13,1237887337,threshold_sweep,0.6,1,0.0681818181818,0.127659574468,3,0,41,88,0.0681818181818,1,0,0.931818181818,1,0.0681818181818,0.127659574468,0.689393939394,0.659090909091,0.0888888888889,0.215665546407,0.0681818181818,216,172,44,0,216,0,172,0,44,37,216,0.162162162162,1.32432432432,11.6756756757,21.6,6,8.1990990496,0.702237650082,0.31006006006,10.329336629,1.76937710775,0.765265265265,3.0868314707,0.528762798222,0.252752752753,0.579945114934,0.437917739848,2,1.32432432432,0.579945114934,2,0.0121701261701,0.00597269624573,7,0.000900900900901,0.621196581197,37,37,37,1,0,0.72972972973,0.243243243243,0.027027027027,37,0.129129129129,1.32432432432,9.2972972973,17.2,4.77777777778,6.55262824651,0.704788503258,0.326995600251,8.23345551939,1.77115031522,0.770898805783,2.47449451871,0.532304053443,0.277812696417,0.579945114934,0.437917739848,2,1.32432432432,0.579945114934,2,0.010068475348,0.00545454545455,4,0.000514800514801,0.389953942997,37,37,37,1,0,0.72972972973,0.243243243243,0.027027027027,37,175,0.131381381381,1.32432432432,9.45945945946,17.5,4.86111111111,6.6982360638,0.70809924103,0.332818532819,8.27193598409,1.74892360807,0.76694980695,2.36465464531,0.49995555358,0.261930501931,0.579945114934,0.437917739848,2,1.32432432432,0.579945114934,2,0.0124952273399,0.00917832167832,7,0.000900900900901,0.396620609664,37,37,37,1,0,0.72972972973,0.243243243243,0.027027027027,-41,-0.0307807807808,0,-2.21621621622,-4.1,-1.13888888889,-1.50086298581,0.00586159094823,0.0227584727585,-2.05740064491,-0.02045349968,0.00168454168454,-0.722176825393,-0.0288072446424,0.00917774917775,0,0,0,0,0,0,0.000325101169822,0.00320562543259,0,0,-0.224575971532,0,0,0,175,0,41,1116,0.810185185185,1,0,0.189814814815,1,0.810185185185,0.895140664962,0.884010791353,0.810185185185,0.810185185185,3,44,0,0,0,0
3265,WLNM_dir_neg,1,0.931818181818,00:00:03,10,80,13,1237887337,threshold_sweep,0.7,1,0.0681818181818,0.127659574468,3,0,41,88,0.0681818181818,1,0,0.931818181818,1,0.0681818181818,0.127659574468,0.689393939394,0.659090909091,0.0888888888889,0.215665546407,0.0681818181818,216,172,44,0,216,0,172,0,44,37,216,0.162162162162,1.32432432432,11.6756756757,21.6,6,8.1990990496,0.702237650082,0.31006006006,10.329336629,1.76937710775,0.765265265265,3.0868314707,0.528762798222,0.252752752753,0.579945114934,0.437917739848,2,1.32432432432,0.579945114934,2,0.0121701261701,0.00597269624573,7,0.000900900900901,0.621196581197,37,37,37,1,0,0.72972972973,0.243243243243,0.027027027027,37,0.129129129129,1.32432432432,9.2972972973,17.2,4.77777777778,6.55262824651,0.704788503258,0.326995600251,8.23345551939,1.77115031522,0.770898805783,2.47449451871,0.532304053443,0.277812696417,0.579945114934,0.437917739848,2,1.32432432432,0.579945114934,2,0.010068475348,0.00545454545455,4,0.000514800514801,0.389953942997,37,37,37,1,0,0.72972972973,0.243243243243,0.027027027027,37,175,0.131381381381,1.32432432432,9.45945945946,17.5,4.86111111111,6.6982360638,0.70809924103,0.332818532819,8.27193598409,1.74892360807,0.76694980695,2.36465464531,0.49995555358,0.261930501931,0.579945114934,0.437917739848,2,1.32432432432,0.579945114934,2,0.0124952273399,0.00917832167832,7,0.000900900900901,0.396620609664,37,37,37,1,0,0.72972972973,0.243243243243,0.027027027027,-41,-0.0307807807808,0,-2.21621621622,-4.1,-1.13888888889,-1.50086298581,0.00586159094823,0.0227584727585,-2.05740064491,-0.02045349968,0.00168454168454,-0.722176825393,-0.0288072446424,0.00917774917775,0,0,0,0,0,0,0.000325101169822,0.00320562543259,0,0,-0.224575971532,0,0,0,175,0,41,1116,0.810185185185,1,0,0.189814814815,1,0.810185185185,0.895140664962,0.884010791353,0.810185185185,0.810185185185,3,44,0,0,0,0
3266,WLNM_dir_neg,1,0.931818181818,00:00:03,10,80,13,1237887337,threshold_sweep,0.8,1,0.0681818181818,0.127659574468,3,0,41,88,0.0681818181818,1,0,0.931818181818,1,0.0681818181818,0.127659574468,0.689393939394,0.659090909091,0.0888888888889,0.215665546407,0.0681818181818,216,172,44,0,216,0,172,0,44,37,216,0.162162162162,1.32432432432,11.6756756757,21.6,6,8.1990990496,0.702237650082,0.31006006006,10.329336629,1.76937710775,0.765265265265,3.0868314707,0.528762798222,0.252752752753,0.579945114934,0.437917739848,2,1.32432432432,0.579945114934,2,0.0121701261701,0.00597269624573,7,0.000900900900901,0.621196581197,37,37,37,1,0,0.72972972973,0.243243243243,0.027027027027,37,0.129129129129,1.32432432432,9.2972972973,17.2,4.77777777778,6.55262824651,0.704788503258,0.326995600251,8.23345551939,1.77115031522,0.770898805783,2.47449451871,0.532304053443,0.277812696417,0.579945114934,0.437917739848,2,1.32432432432,0.579945114934,2,0.010068475348,0.00545454545455,4,0.000514800514801,0.389953942997,37,37,37,1,0,0.72972972973,0.243243243243,0.027027027027,37,175,0.131381381381,1.32432432432,9.45945945946,17.5,4.86111111111,6.6982360638,0.70809924103,0.332818532819,8.27193598409,1.74892360807,0.76694980695,2.36465464531,0.49995555358,0.261930501931,0.579945114934,0.437917739848,2,1.32432432432,0.579945114934,2,0.0124952273399,0.00917832167832,7,0.000900900900901,0.396620609664,37,37,37,1,0,0.72972972973,0.243243243243,0.027027027027,-41,-0.0307807807808,0,-2.21621621622,-4.1,-1.13888888889,-1.50086298581,0.00586159094823,0.0227584727585,-2.05740064491,-0.02045349968,0.00168454168454,-0.722176825393,-0.0288072446424,0.00917774917775,0,0,0,0,0,0,0.000325101169822,0.00320562543259,0,0,-0.224575971532,0,0,0,175,0,41,1116,0.810185185185,1,0,0.189814814815,1,0.810185185185,0.895140664962,0.884010791353,0.810185185185,0.810185185185,3,44,0,0,0,0
3267,WLNM_dir_neg,1,0.931818181818,00:00:03,10,80,13,1237887337,threshold_sweep,0.9,1,0.0681818181818,0.127659574468,3,0,41,88,0.0681818181818,1,0,0.931818181818,1,0.0681818181818,0.127659574468,0.689393939394,0.659090909091,0.0888888888889,0.215665546407,0.0681818181818,216,172,44,0,216,0,172,0,44,37,216,0.162162162162,1.32432432432,11.6756756757,21.6,6,8.1990990496,0.702237650082,0.31006006006,10.329336629,1.76937710775,0.765265265265,3.0868314707,0.528762798222,0.252752752753,0.579945114934,0.437917739848,2,1.32432432432,0.579945114934,2,0.0121701261701,0.00597269624573,7,0.000900900900901,0.621196581197,37,37,37,1,0,0.72972972973,0.243243243243,0.027027027027,37,0.129129129129,1.32432432432,9.2972972973,17.2,4.77777777778,6.55262824651,0.704788503258,0.326995600251,8.23345551939,1.77115031522,0.770898805783,2.47449451871,0.532304053443,0.277812696417,0.579945114934,0.437917739848,2,1.32432432432,0.579945114934,2,0.010068475348,0.00545454545455,4,0.000514800514801,0.389953942997,37,37,37,1,0,0.72972972973,0.243243243243,0.027027027027,37,175,0.131381381381,1.32432432432,9.45945945946,17.5,4.86111111111,6.6982360638,0.70809924103,0.332818532819,8.27193598409,1.74892360807,0.76694980695,2.36465464531,0.49995555358,0.261930501931,0.579945114934,0.437917739848,2,1.32432432432,0.579945114934,2,0.0124952273399,0.00917832167832,7,0.000900900900901,0.396620609664,37,37,37,1,0,0.72972972973,0.243243243243,0.027027027027,-41,-0.0307807807808,0,-2.21621621622,-4.1,-1.13888888889,-1.50086298581,0.00586159094823,0.0227584727585,-2.05740064491,-0.02045349968,0.00168454168454,-0.722176825393,-0.0288072446424,0.00917774917775,0,0,0,0,0,0,0.000325101169822,0.00320562543259,0,0,-0.224575971532,0,0,0,175,0,41,1116,0.810185185185,1,0,0.189814814815,1,0.810185185185,0.895140664962,0.884010791353,0.810185185185,0.810185185185,3,44,0,0,0,0
3268,WLNM_dir_neg,0.988636363636,0.955061484409,00:00:03,10,80,14,1237887338,threshold_sweep,0.1,1,0.0227272727273,0.0444444444444,1,0,43,88,0.0227272727273,1,0,0.977272727273,1,0.0227272727273,0.0444444444444,0.674242424242,0.664141414141,0.0300751879699,0.123560412643,0.0227272727273,216,172,44,0,216,0,172,0,44,37,216,0.162162162162,1.32432432432,11.6756756757,21.6,6,8.1990990496,0.702237650082,0.31006006006,10.329336629,1.76937710775,0.765265265265,3.0868314707,0.528762798222,0.252752752753,0.579945114934,0.437917739848,2,1.32432432432,0.579945114934,2,0.0121701261701,0.00597269624573,7,0.000900900900901,0.621196581197,37,37,37,1,0,0.72972972973,0.243243243243,0.027027027027,37,0.129129129129,1.32432432432,9.2972972973,17.2,4.91428571429,6.67026929685,0.717441755766,0.350094280327,8.21994936527,1.7682449216,0.772155876807,2.63750951779,0.567371233479,0.313639220616,0.579945114934,0.437917739848,2,1.33333333333,0.585540043769,2,0.0114560351566,0.00673249551167,5,0.000643500643501,0.418111027459,37,36,36,0.972972972973,0,0.702702702703,0.243243243243,0.027027027027,37,173,0.12987987988,1.32432432432,9.35135135135,17.3,4.94285714286,6.71323823259,0.71788963759,0.351663802531,8.23628170574,1.7615168966,0.770817059834,2.60399323747,0.55692340917,0.30807686299,0.579945114934,0.437917739848,2,1.33333333333,0.585540043769,2,0.0128082251554,0.00797872340426,6,0.000772200772201,0.420333249681,37,36,36,0.972972972973,0,0.702702702703,0.243243243243,0.027027027027,-43,-0.0322822822823,0,-2.32432432432,-4.3,-1.05714285714,-1.48586081701,0.0156519875077,0.0416037424708,-2.09305492326,-0.00786021114159,0.00555179456914,-0.482838233236,0.0281606109471,0.0553241102374,0,0,0,0.00900900900901,0.00559492883467,0,0.000638098985271,0.00200602715852,-1,-0.0001287001287,-0.200863331516,-0.027027027027,0,0,173,0,43,1116,0.800925925926,1,0,0.199074074074,1,0.800925925926,0.889460154242,0.878186092989,0.800925925926,0.800925925926,1,44,0,0,0,0
3269,WLNM_dir_neg,0.988636363636,0.955061484409,00:00:03,10,80,14,1237887338,threshold_sweep,0.2,1,0.0227272727273,0.0444444444444,1,0,43,88,0.0227272727273,1,0,0.977272727273,1,0.0227272727273,0.0444444444444,0.674242424242,0.664141414141,0.0300751879699,0.123560412643,0.0227272727273,216,172,44,0,216,0,172,0,44,37,216,0.162162162162,1.32432432432,11.6756756757,21.6,6,8.1990990496,0.702237650082,0.31006006006,10.329336629,1.76937710775,0.765265265265,3.0868314707,0.528762798222,0.252752752753,0.579945114934,0.437917739848,2,1.32432432432,0.579945114934,2,0.0121701261701,0.00597269624573,7,0.000900900900901,0.621196581197,37,37,37,1,0,0.72972972973,0.243243243243,0.027027027027,37,0.129129129129,1.32432432432,9.2972972973,17.2,4.91428571429,6.67026929685,0.717441755766,0.350094280327,8.21994936527,1.7682449216,0.772155876807,2.63750951779,0.567371233479,0.313639220616,0.579945114934,0.437917739848,2,1.33333333333,0.585540043769,2,0.0114560351566,0.00673249551167,5,0.000643500643501,0.418111027459,37,36,36,0.972972972973,0,0.702702702703,0.243243243243,0.027027027027,37,173,0.12987987988,1.32432432432,9.35135135135,17.3,4.94285714286,6.71323823259,0.71788963759,0.351663802531,8.23628170574,1.7615168966,0.770817059834,2.60399323747,0.55692340917,0.30807686299,0.579945114934,0.437917739848,2,1.33333333333,0.585540043769,2,0.0128082251554,0.00797872340426,6,0.000772200772201,0.420333249681,37,36,36,0.972972972973,0,0.702702702703,0.243243243243,0.027027027027,-43,-0.0322822822823,0,-2.32432432432,-4.3,-1.05714285714,-1.48586081701,0.0156519875077,0.0416037424708,-2.09305492326,-0.00786021114159,0.00555179456914,-0.482838233236,0.0281606109471,0.0553241102374,0,0,0,0.00900900900901,0.00559492883467,0,0.000638098985271,0.00200602715852,-1,-0.0001287001287,-0.200863331516,-0.027027027027,0,0,173,0,43,1116,0.800925925926,1,0,0.199074074074,1,0.800925925926,0.889460154242,0.878186092989,0.800925925926,0.800925925926,1,44,0,0,0,0
3270,WLNM_dir_neg,0.988636363636,0.955061484409,00:00:03,10,80,14,1237887338,threshold_sweep,0.3,1,0.0227272727273,0.0444444444444,1,0,43,88,0.0227272727273,1,0,0.977272727273,1,0.0227272727273,0.0444444444444,0.674242424242,0.664141414141,0.0300751879699,0.123560412643,0.0227272727273,216,172,44,0,216,0,172,0,44,37,216,0.162162162162,1.32432432432,11.6756756757,21.6,6,8.1990990496,0.702237650082,0.31006006006,10.329336629,1.76937710775,0.765265265265,3.0868314707,0.528762798222,0.252752752753,0.579945114934,0.437917739848,2,1.32432432432,0.579945114934,2,0.0121701261701,0.00597269624573,7,0.000900900900901,0.621196581197,37,37,37,1,0,0.72972972973,0.243243243243,0.027027027027,37,0.129129129129,1.32432432432,9.2972972973,17.2,4.91428571429,6.67026929685,0.717441755766,0.350094280327,8.21994936527,1.7682449216,0.772155876807,2.63750951779,0.567371233479,0.313639220616,0.579945114934,0.437917739848,2,1.33333333333,0.585540043769,2,0.0114560351566,0.00673249551167,5,0.000643500643501,0.418111027459,37,36,36,0.972972972973,0,0.702702702703,0.243243243243,0.027027027027,37,173,0.12987987988,1.32432432432,9.35135135135,17.3,4.94285714286,6.71323823259,0.71788963759,0.351663802531,8.23628170574,1.7615168966,0.770817059834,2.60399323747,0.55692340917,0.30807686299,0.579945114934,0.437917739848,2,1.33333333333,0.585540043769,2,0.0128082251554,0.00797872340426,6,0.000772200772201,0.420333249681,37,36,36,0.972972972973,0,0.702702702703,0.243243243243,0.027027027027,-43,-0.0322822822823,0,-2.32432432432,-4.3,-1.05714285714,-1.48586081701,0.0156519875077,0.0416037424708,-2.09305492326,-0.00786021114159,0.00555179456914,-0.482838233236,0.0281606109471,0.0553241102374,0,0,0,0.00900900900901,0.00559492883467,0,0.000638098985271,0.00200602715852,-1,-0.0001287001287,-0.200863331516,-0.027027027027,0,0,173,0,43,1116,0.800925925926,1,0,0.199074074074,1,0.800925925926,0.889460154242,0.878186092989,0.800925925926,0.800925925926,1,44,0,0,0,0
3271,WLNM_dir_neg,0.988636363636,0.955061484409,00:00:03,10,80,14,1237887338,threshold_sweep,0.4,1,0.0227272727273,0.0444444444444,1,0,43,88,0.0227272727273,1,0,0.977272727273,1,0.0227272727273,0.0444444444444,0.674242424242,0.664141414141,0.0300751879699,0.123560412643,0.0227272727273,216,172,44,0,216,0,172,0,44,37,216,0.162162162162,1.32432432432,11.6756756757,21.6,6,8.1990990496,0.702237650082,0.31006006006,10.329336629,1.76937710775,0.765265265265,3.0868314707,0.528762798222,0.252752752753,0.579945114934,0.437917739848,2,1.32432432432,0.579945114934,2,0.0121701261701,0.00597269624573,7,0.000900900900901,0.621196581197,37,37,37,1,0,0.72972972973,0.243243243243,0.027027027027,37,0.129129129129,1.32432432432,9.2972972973,17.2,4.91428571429,6.67026929685,0.717441755766,0.350094280327,8.21994936527,1.7682449216,0.772155876807,2.63750951779,0.567371233479,0.313639220616,0.579945114934,0.437917739848,2,1.33333333333,0.585540043769,2,0.0114560351566,0.00673249551167,5,0.000643500643501,0.418111027459,37,36,36,0.972972972973,0,0.702702702703,0.243243243243,0.027027027027,37,173,0.12987987988,1.32432432432,9.35135135135,17.3,4.94285714286,6.71323823259,0.71788963759,0.351663802531,8.23628170574,1.7615168966,0.770817059834,2.60399323747,0.55692340917,0.30807686299,0.579945114934,0.437917739848,2,1.33333333333,0.585540043769,2,0.0128082251554,0.00797872340426,6,0.000772200772201,0.420333249681,37,36,36,0.972972972973,0,0.702702702703,0.243243243243,0.027027027027,-43,-0.0322822822823,0,-2.32432432432,-4.3,-1.05714285714,-1.48586081701,0.0156519875077,0.0416037424708,-2.09305492326,-0.00786021114159,0.00555179456914,-0.482838233236,0.0281606109471,0.0553241102374,0,0,0,0.00900900900901,0.00559492883467,0,0.000638098985271,0.00200602715852,-1,-0.0001287001287,-0.200863331516,-0.027027027027,0,0,173,0,43,1116,0.800925925926,1,0,0.199074074074,1,0.800925925926,0.889460154242,0.878186092989,0.800925925926,0.800925925926,1,44,0,0,0,0
3272,WLNM_dir_neg,0.988636363636,0.955061484409,00:00:03,10,80,14,1237887338,threshold_sweep,0.5,1,0.0227272727273,0.0444444444444,1,0,43,88,0.0227272727273,1,0,0.977272727273,1,0.0227272727273,0.0444444444444,0.674242424242,0.664141414141,0.0300751879699,0.123560412643,0.0227272727273,216,172,44,0,216,0,172,0,44,37,216,0.162162162162,1.32432432432,11.6756756757,21.6,6,8.1990990496,0.702237650082,0.31006006006,10.329336629,1.76937710775,0.765265265265,3.0868314707,0.528762798222,0.252752752753,0.579945114934,0.437917739848,2,1.32432432432,0.579945114934,2,0.0121701261701,0.00597269624573,7,0.000900900900901,0.621196581197,37,37,37,1,0,0.72972972973,0.243243243243,0.027027027027,37,0.129129129129,1.32432432432,9.2972972973,17.2,4.91428571429,6.67026929685,0.717441755766,0.350094280327,8.21994936527,1.7682449216,0.772155876807,2.63750951779,0.567371233479,0.313639220616,0.579945114934,0.437917739848,2,1.33333333333,0.585540043769,2,0.0114560351566,0.00673249551167,5,0.000643500643501,0.418111027459,37,36,36,0.972972972973,0,0.702702702703,0.243243243243,0.027027027027,37,173,0.12987987988,1.32432432432,9.35135135135,17.3,4.94285714286,6.71323823259,0.71788963759,0.351663802531,8.23628170574,1.7615168966,0.770817059834,2.60399323747,0.55692340917,0.30807686299,0.579945114934,0.437917739848,2,1.33333333333,0.585540043769,2,0.0128082251554,0.00797872340426,6,0.000772200772201,0.420333249681,37,36,36,0.972972972973,0,0.702702702703,0.243243243243,0.027027027027,-43,-0.0322822822823,0,-2.32432432432,-4.3,-1.05714285714,-1.48586081701,0.0156519875077,0.0416037424708,-2.09305492326,-0.00786021114159,0.00555179456914,-0.482838233236,0.0281606109471,0.0553241102374,0,0,0,0.00900900900901,0.00559492883467,0,0.000638098985271,0.00200602715852,-1,-0.0001287001287,-0.200863331516,-0.027027027027,0,0,173,0,43,1116,0.800925925926,1,0,0.199074074074,1,0.800925925926,0.889460154242,0.878186092989,0.800925925926,0.800925925926,1,44,0,0,0,0
3273,WLNM_dir_neg,0.988636363636,0.955061484409,00:00:03,10,80,14,1237887338,threshold_sweep,0.6,1,0.0227272727273,0.0444444444444,1,0,43,88,0.0227272727273,1,0,0.977272727273,1,0.0227272727273,0.0444444444444,0.674242424242,0.664141414141,0.0300751879699,0.123560412643,0.0227272727273,216,172,44,0,216,0,172,0,44,37,216,0.162162162162,1.32432432432,11.6756756757,21.6,6,8.1990990496,0.702237650082,0.31006006006,10.329336629,1.76937710775,0.765265265265,3.0868314707,0.528762798222,0.252752752753,0.579945114934,0.437917739848,2,1.32432432432,0.579945114934,2,0.0121701261701,0.00597269624573,7,0.000900900900901,0.621196581197,37,37,37,1,0,0.72972972973,0.243243243243,0.027027027027,37,0.129129129129,1.32432432432,9.2972972973,17.2,4.91428571429,6.67026929685,0.717441755766,0.350094280327,8.21994936527,1.7682449216,0.772155876807,2.63750951779,0.567371233479,0.313639220616,0.579945114934,0.437917739848,2,1.33333333333,0.585540043769,2,0.0114560351566,0.00673249551167,5,0.000643500643501,0.418111027459,37,36,36,0.972972972973,0,0.702702702703,0.243243243243,0.027027027027,37,173,0.12987987988,1.32432432432,9.35135135135,17.3,4.94285714286,6.71323823259,0.71788963759,0.351663802531,8.23628170574,1.7615168966,0.770817059834,2.60399323747,0.55692340917,0.30807686299,0.579945114934,0.437917739848,2,1.33333333333,0.585540043769,2,0.0128082251554,0.00797872340426,6,0.000772200772201,0.420333249681,37,36,36,0.972972972973,0,0.702702702703,0.243243243243,0.027027027027,-43,-0.0322822822823,0,-2.32432432432,-4.3,-1.05714285714,-1.48586081701,0.0156519875077,0.0416037424708,-2.09305492326,-0.00786021114159,0.00555179456914,-0.482838233236,0.0281606109471,0.0553241102374,0,0,0,0.00900900900901,0.00559492883467,0,0.000638098985271,0.00200602715852,-1,-0.0001287001287,-0.200863331516,-0.027027027027,0,0,173,0,43,1116,0.800925925926,1,0,0.199074074074,1,0.800925925926,0.889460154242,0.878186092989,0.800925925926,0.800925925926,1,44,0,0,0,0
3274,WLNM_dir_neg,0.988636363636,0.955061484409,00:00:03,10,80,14,1237887338,threshold_sweep,0.7,1,0.0227272727273,0.0444444444444,1,0,43,88,0.0227272727273,1,0,0.977272727273,1,0.0227272727273,0.0444444444444,0.674242424242,0.664141414141,0.0300751879699,0.123560412643,0.0227272727273,216,172,44,0,216,0,172,0,44,37,216,0.162162162162,1.32432432432,11.6756756757,21.6,6,8.1990990496,0.702237650082,0.31006006006,10.329336629,1.76937710775,0.765265265265,3.0868314707,0.528762798222,0.252752752753,0.579945114934,0.437917739848,2,1.32432432432,0.579945114934,2,0.0121701261701,0.00597269624573,7,0.000900900900901,0.621196581197,37,37,37,1,0,0.72972972973,0.243243243243,0.027027027027,37,0.129129129129,1.32432432432,9.2972972973,17.2,4.91428571429,6.67026929685,0.717441755766,0.350094280327,8.21994936527,1.7682449216,0.772155876807,2.63750951779,0.567371233479,0.313639220616,0.579945114934,0.437917739848,2,1.33333333333,0.585540043769,2,0.0114560351566,0.00673249551167,5,0.000643500643501,0.418111027459,37,36,36,0.972972972973,0,0.702702702703,0.243243243243,0.027027027027,37,173,0.12987987988,1.32432432432,9.35135135135,17.3,4.94285714286,6.71323823259,0.71788963759,0.351663802531,8.23628170574,1.7615168966,0.770817059834,2.60399323747,0.55692340917,0.30807686299,0.579945114934,0.437917739848,2,1.33333333333,0.585540043769,2,0.0128082251554,0.00797872340426,6,0.000772200772201,0.420333249681,37,36,36,0.972972972973,0,0.702702702703,0.243243243243,0.027027027027,-43,-0.0322822822823,0,-2.32432432432,-4.3,-1.05714285714,-1.48586081701,0.0156519875077,0.0416037424708,-2.09305492326,-0.00786021114159,0.00555179456914,-0.482838233236,0.0281606109471,0.0553241102374,0,0,0,0.00900900900901,0.00559492883467,0,0.000638098985271,0.00200602715852,-1,-0.0001287001287,-0.200863331516,-0.027027027027,0,0,173,0,43,1116,0.800925925926,1,0,0.199074074074,1,0.800925925926,0.889460154242,0.878186092989,0.800925925926,0.800925925926,1,44,0,0,0,0
3275,WLNM_dir_neg,0.988636363636,0.955061484409,00:00:03,10,80,14,1237887338,threshold_sweep,0.8,1,0.0227272727273,0.0444444444444,1,0,43,88,0.0227272727273,1,0,0.977272727273,1,0.0227272727273,0.0444444444444,0.674242424242,0.664141414141,0.0300751879699,0.123560412643,0.0227272727273,216,172,44,0,216,0,172,0,44,37,216,0.162162162162,1.32432432432,11.6756756757,21.6,6,8.1990990496,0.702237650082,0.31006006006,10.329336629,1.76937710775,0.765265265265,3.0868314707,0.528762798222,0.252752752753,0.579945114934,0.437917739848,2,1.32432432432,0.579945114934,2,0.0121701261701,0.00597269624573,7,0.000900900900901,0.621196581197,37,37,37,1,0,0.72972972973,0.243243243243,0.027027027027,37,0.129129129129,1.32432432432,9.2972972973,17.2,4.91428571429,6.67026929685,0.717441755766,0.350094280327,8.21994936527,1.7682449216,0.772155876807,2.63750951779,0.567371233479,0.313639220616,0.579945114934,0.437917739848,2,1.33333333333,0.585540043769,2,0.0114560351566,0.00673249551167,5,0.000643500643501,0.418111027459,37,36,36,0.972972972973,0,0.702702702703,0.243243243243,0.027027027027,37,173,0.12987987988,1.32432432432,9.35135135135,17.3,4.94285714286,6.71323823259,0.71788963759,0.351663802531,8.23628170574,1.7615168966,0.770817059834,2.60399323747,0.55692340917,0.30807686299,0.579945114934,0.437917739848,2,1.33333333333,0.585540043769,2,0.0128082251554,0.00797872340426,6,0.000772200772201,0.420333249681,37,36,36,0.972972972973,0,0.702702702703,0.243243243243,0.027027027027,-43,-0.0322822822823,0,-2.32432432432,-4.3,-1.05714285714,-1.48586081701,0.0156519875077,0.0416037424708,-2.09305492326,-0.00786021114159,0.00555179456914,-0.482838233236,0.0281606109471,0.0553241102374,0,0,0,0.00900900900901,0.00559492883467,0,0.000638098985271,0.00200602715852,-1,-0.0001287001287,-0.200863331516,-0.027027027027,0,0,173,0,43,1116,0.800925925926,1,0,0.199074074074,1,0.800925925926,0.889460154242,0.878186092989,0.800925925926,0.800925925926,1,44,0,0,0,0
3276,WLNM_dir_neg,0.988636363636,0.955061484409,00:00:03,10,80,14,1237887338,threshold_sweep,0.9,1,0.0227272727273,0.0444444444444,1,0,43,88,0.0227272727273,1,0,0.977272727273,1,0.0227272727273,0.0444444444444,0.674242424242,0.664141414141,0.0300751879699,0.123560412643,0.0227272727273,216,172,44,0,216,0,172,0,44,37,216,0.162162162162,1.32432432432,11.6756756757,21.6,6,8.1990990496,0.702237650082,0.31006006006,10.329336629,1.76937710775,0.765265265265,3.0868314707,0.528762798222,0.252752752753,0.579945114934,0.437917739848,2,1.32432432432,0.579945114934,2,0.0121701261701,0.00597269624573,7,0.000900900900901,0.621196581197,37,37,37,1,0,0.72972972973,0.243243243243,0.027027027027,37,0.129129129129,1.32432432432,9.2972972973,17.2,4.91428571429,6.67026929685,0.717441755766,0.350094280327,8.21994936527,1.7682449216,0.772155876807,2.63750951779,0.567371233479,0.313639220616,0.579945114934,0.437917739848,2,1.33333333333,0.585540043769,2,0.0114560351566,0.00673249551167,5,0.000643500643501,0.418111027459,37,36,36,0.972972972973,0,0.702702702703,0.243243243243,0.027027027027,37,173,0.12987987988,1.32432432432,9.35135135135,17.3,4.94285714286,6.71323823259,0.71788963759,0.351663802531,8.23628170574,1.7615168966,0.770817059834,2.60399323747,0.55692340917,0.30807686299,0.579945114934,0.437917739848,2,1.33333333333,0.585540043769,2,0.0128082251554,0.00797872340426,6,0.000772200772201,0.420333249681,37,36,36,0.972972972973,0,0.702702702703,0.243243243243,0.027027027027,-43,-0.0322822822823,0,-2.32432432432,-4.3,-1.05714285714,-1.48586081701,0.0156519875077,0.0416037424708,-2.09305492326,-0.00786021114159,0.00555179456914,-0.482838233236,0.0281606109471,0.0553241102374,0,0,0,0.00900900900901,0.00559492883467,0,0.000638098985271,0.00200602715852,-1,-0.0001287001287,-0.200863331516,-0.027027027027,0,0,173,0,43,1116,0.800925925926,1,0,0.199074074074,1,0.800925925926,0.889460154242,0.878186092989,0.800925925926,0.800925925926,1,44,0,0,0,0
3277,WLNM_dir_neg,0.994576446281,0.966431359045,00:00:03,10,80,15,1237887339,threshold_sweep,0.1,1,0.0681818181818,0.127659574468,3,0,41,88,0.0681818181818,1,0,0.931818181818,1,0.0681818181818,0.127659574468,0.689393939394,0.659090909091,0.0888888888889,0.215665546407,0.0681818181818,216,172,44,0,216,0,172,0,44,37,216,0.162162162162,1.32432432432,11.6756756757,21.6,6,8.1990990496,0.702237650082,0.31006006006,10.329336629,1.76937710775,0.765265265265,3.0868314707,0.528762798222,0.252752752753,0.579945114934,0.437917739848,2,1.32432432432,0.579945114934,2,0.0121701261701,0.00597269624573,7,0.000900900900901,0.621196581197,37,37,37,1,0,0.72972972973,0.243243243243,0.027027027027,37,0.129129129129,1.32432432432,9.2972972973,17.2,4.91428571429,6.60330247706,0.710238929219,0.343494657448,8.277198319,1.78056010351,0.769956002514,2.64802039494,0.56963229426,0.312382149591,0.579945114934,0.437917739848,2,1.32432432432,0.579945114934,2,0.0151011445421,0.00542495479204,4,0.000514800514801,0.411482738947,37,37,37,1,0,0.72972972973,0.216216216216,0.0540540540541,37,175,0.131381381381,1.32432432432,9.45945945946,17.5,4.86111111111,6.71066561773,0.709413222446,0.343011583012,8.28535739405,1.7517612776,0.765096525097,2.53474356197,0.535917210244,0.294671814672,0.579945114934,0.437917739848,2,1.32432432432,0.579945114934,2,0.0116189400661,0.00785683107813,6,0.000772200772201,0.41493952907,37,37,37,1,0,0.72972972973,0.243243243243,0.027027027027,-41,-0.0307807807808,0,-2.21621621622,-4.1,-1.13888888889,-1.48843343187,0.00717557236427,0.0329515229515,-2.04397923495,-0.0176158301461,-0.00016874016874,-0.552087908739,0.00715441202167,0.0419190619191,0,0,0,0,0,0,-0.000551186103981,0.0018841348324,-1,-0.0001287001287,-0.206257052127,0,0,0,175,0,41,1116,0.810185185185,1,0,0.189814814815,1,0.810185185185,0.895140664962,0.884010791353,0.810185185185,0.810185185185,3,44,0,0,0,0
3278,WLNM_dir_neg,0.994576446281,0.966431359045,00:00:03,10,80,15,1237887339,threshold_sweep,0.2,1,0.0227272727273,0.0444444444444,1,0,43,88,0.0227272727273,1,0,0.977272727273,1,0.0227272727273,0.0444444444444,0.674242424242,0.664141414141,0.0300751879699,0.123560412643,0.0227272727273,216,172,44,0,216,0,172,0,44,37,216,0.162162162162,1.32432432432,11.6756756757,21.6,6,8.1990990496,0.702237650082,0.31006006006,10.329336629,1.76937710775,0.765265265265,3.0868314707,0.528762798222,0.252752752753,0.579945114934,0.437917739848,2,1.32432432432,0.579945114934,2,0.0121701261701,0.00597269624573,7,0.000900900900901,0.621196581197,37,37,37,1,0,0.72972972973,0.243243243243,0.027027027027,37,0.129129129129,1.32432432432,9.2972972973,17.2,4.91428571429,6.60330247706,0.710238929219,0.343494657448,8.277198319,1.78056010351,0.769956002514,2.64802039494,0.56963229426,0.312382149591,0.579945114934,0.437917739848,2,1.32432432432,0.579945114934,2,0.0151011445421,0.00542495479204,4,0.000514800514801,0.411482738947,37,37,37,1,0,0.72972972973,0.216216216216,0.0540540540541,37,173,0.12987987988,1.32432432432,9.35135135135,17.3,4.80555555556,6.6257754943,0.708536685807,0.341821590377,8.27665409468,1.77015145378,0.768317450398,2.60399323747,0.55692340917,0.305264802375,0.579945114934,0.437917739848,2,1.32432432432,0.579945114934,2,0.0112916207326,0.00536912751678,4,0.000514800514801,0.410495084626,37,37,37,1,0,0.72972972973,0.243243243243,0.027027027027,-43,-0.0322822822823,0,-2.32432432432,-4.3,-1.19444444444,-1.5733235553,0.00629903572506,0.0317615303164,-2.05268253432,0.000774346030425,0.00305218513311,-0.482838233236,0.0281606109471,0.0525120496219,0,0,0,0,0,0,-0.000878505437512,-0.000603568728955,-3,-0.0003861003861,-0.210701496571,0,0,0,173,0,43,1116,0.800925925926,1,0,0.199074074074,1,0.800925925926,0.889460154242,0.878186092989,0.800925925926,0.800925925926,1,44,0,0,0,0
3279,WLNM_dir_neg,0.994576446281,0.966431359045,00:00:03,10,80,15,1237887339,threshold_sweep,0.3,1,0.0227272727273,0.0444444444444,1,0,43,88,0.0227272727273,1,0,0.977272727273,1,0.0227272727273,0.0444444444444,0.674242424242,0.664141414141,0.0300751879699,0.123560412643,0.0227272727273,216,172,44,0,216,0,172,0,44,37,216,0.162162162162,1.32432432432,11.6756756757,21.6,6,8.1990990496,0.702237650082,0.31006006006,10.329336629,1.76937710775,0.765265265265,3.0868314707,0.528762798222,0.252752752753,0.579945114934,0.437917739848,2,1.32432432432,0.579945114934,2,0.0121701261701,0.00597269624573,7,0.000900900900901,0.621196581197,37,37,37,1,0,0.72972972973,0.243243243243,0.027027027027,37,0.129129129129,1.32432432432,9.2972972973,17.2,4.91428571429,6.60330247706,0.710238929219,0.343494657448,8.277198319,1.78056010351,0.769956002514,2.64802039494,0.56963229426,0.312382149591,0.579945114934,0.437917739848,2,1.32432432432,0.579945114934,2,0.0151011445421,0.00542495479204,4,0.000514800514801,0.411482738947,37,37,37,1,0,0.72972972973,0.216216216216,0.0540540540541,37,173,0.12987987988,1.32432432432,9.35135135135,17.3,4.80555555556,6.6257754943,0.708536685807,0.341821590377,8.27665409468,1.77015145378,0.768317450398,2.60399323747,0.55692340917,0.305264802375,0.579945114934,0.437917739848,2,1.32432432432,0.579945114934,2,0.0112916207326,0.00536912751678,4,0.000514800514801,0.410495084626,37,37,37,1,0,0.72972972973,0.243243243243,0.027027027027,-43,-0.0322822822823,0,-2.32432432432,-4.3,-1.19444444444,-1.5733235553,0.00629903572506,0.0317615303164,-2.05268253432,0.000774346030425,0.00305218513311,-0.482838233236,0.0281606109471,0.0525120496219,0,0,0,0,0,0,-0.000878505437512,-0.000603568728955,-3,-0.0003861003861,-0.210701496571,0,0,0,173,0,43,1116,0.800925925926,1,0,0.199074074074,1,0.800925925926,0.889460154242,0.878186092989,0.800925925926,0.800925925926,1,44,0,0,0,0
3280,WLNM_dir_neg,0.994576446281,0.966431359045,00:00:03,10,80,15,1237887339,threshold_sweep,0.4,1,0.0227272727273,0.0444444444444,1,0,43,88,0.0227272727273,1,0,0.977272727273,1,0.0227272727273,0.0444444444444,0.674242424242,0.664141414141,0.0300751879699,0.123560412643,0.0227272727273,216,172,44,0,216,0,172,0,44,37,216,0.162162162162,1.32432432432,11.6756756757,21.6,6,8.1990990496,0.702237650082,0.31006006006,10.329336629,1.76937710775,0.765265265265,3.0868314707,0.528762798222,0.252752752753,0.579945114934,0.437917739848,2,1.32432432432,0.579945114934,2,0.0121701261701,0.00597269624573,7,0.000900900900901,0.621196581197,37,37,37,1,0,0.72972972973,0.243243243243,0.027027027027,37,0.129129129129,1.32432432432,9.2972972973,17.2,4.91428571429,6.60330247706,0.710238929219,0.343494657448,8.277198319,1.78056010351,0.769956002514,2.64802039494,0.56963229426,0.312382149591,0.579945114934,0.437917739848,2,1.32432432432,0.579945114934,2,0.0151011445421,0.00542495479204,4,0.000514800514801,0.411482738947,37,37,37,1,0,0.72972972973,0.216216216216,0.0540540540541,37,173,0.12987987988,1.32432432432,9.35135135135,17.3,4.80555555556,6.6257754943,0.708536685807,0.341821590377,8.27665409468,1.77015145378,0.768317450398,2.60399323747,0.55692340917,0.305264802375,0.579945114934,0.437917739848,2,1.32432432432,0.579945114934,2,0.0112916207326,0.00536912751678,4,0.000514800514801,0.410495084626,37,37,37,1,0,0.72972972973,0.243243243243,0.027027027027,-43,-0.0322822822823,0,-2.32432432432,-4.3,-1.19444444444,-1.5733235553,0.00629903572506,0.0317615303164,-2.05268253432,0.000774346030425,0.00305218513311,-0.482838233236,0.0281606109471,0.0525120496219,0,0,0,0,0,0,-0.000878505437512,-0.000603568728955,-3,-0.0003861003861,-0.210701496571,0,0,0,173,0,43,1116,0.800925925926,1,0,0.199074074074,1,0.800925925926,0.889460154242,0.878186092989,0.800925925926,0.800925925926,1,44,0,0,0,0
3281,WLNM_dir_neg,0.994576446281,0.966431359045,00:00:03,10,80,15,1237887339,threshold_sweep,0.5,1,0.0227272727273,0.0444444444444,1,0,43,88,0.0227272727273,1,0,0.977272727273,1,0.0227272727273,0.0444444444444,0.674242424242,0.664141414141,0.0300751879699,0.123560412643,0.0227272727273,216,172,44,0,216,0,172,0,44,37,216,0.162162162162,1.32432432432,11.6756756757,21.6,6,8.1990990496,0.702237650082,0.31006006006,10.329336629,1.76937710775,0.765265265265,3.0868314707,0.528762798222,0.252752752753,0.579945114934,0.437917739848,2,1.32432432432,0.579945114934,2,0.0121701261701,0.00597269624573,7,0.000900900900901,0.621196581197,37,37,37,1,0,0.72972972973,0.243243243243,0.027027027027,37,0.129129129129,1.32432432432,9.2972972973,17.2,4.91428571429,6.60330247706,0.710238929219,0.343494657448,8.277198319,1.78056010351,0.769956002514,2.64802039494,0.56963229426,0.312382149591,0.579945114934,0.437917739848,2,1.32432432432,0.579945114934,2,0.0151011445421,0.00542495479204,4,0.000514800514801,0.411482738947,37,37,37,1,0,0.72972972973,0.216216216216,0.0540540540541,37,173,0.12987987988,1.32432432432,9.35135135135,17.3,4.80555555556,6.6257754943,0.708536685807,0.341821590377,8.27665409468,1.77015145378,0.768317450398,2.60399323747,0.55692340917,0.305264802375,0.579945114934,0.437917739848,2,1.32432432432,0.579945114934,2,0.0112916207326,0.00536912751678,4,0.000514800514801,0.410495084626,37,37,37,1,0,0.72972972973,0.243243243243,0.027027027027,-43,-0.0322822822823,0,-2.32432432432,-4.3,-1.19444444444,-1.5733235553,0.00629903572506,0.0317615303164,-2.05268253432,0.000774346030425,0.00305218513311,-0.482838233236,0.0281606109471,0.0525120496219,0,0,0,0,0,0,-0.000878505437512,-0.000603568728955,-3,-0.0003861003861,-0.210701496571,0,0,0,173,0,43,1116,0.800925925926,1,0,0.199074074074,1,0.800925925926,0.889460154242,0.878186092989,0.800925925926,0.800925925926,1,44,0,0,0,0
3282,WLNM_dir_neg,0.994576446281,0.966431359045,00:00:03,10,80,15,1237887339,threshold_sweep,0.6,1,0.0227272727273,0.0444444444444,1,0,43,88,0.0227272727273,1,0,0.977272727273,1,0.0227272727273,0.0444444444444,0.674242424242,0.664141414141,0.0300751879699,0.123560412643,0.0227272727273,216,172,44,0,216,0,172,0,44,37,216,0.162162162162,1.32432432432,11.6756756757,21.6,6,8.1990990496,0.702237650082,0.31006006006,10.329336629,1.76937710775,0.765265265265,3.0868314707,0.528762798222,0.252752752753,0.579945114934,0.437917739848,2,1.32432432432,0.579945114934,2,0.0121701261701,0.00597269624573,7,0.000900900900901,0.621196581197,37,37,37,1,0,0.72972972973,0.243243243243,0.027027027027,37,0.129129129129,1.32432432432,9.2972972973,17.2,4.91428571429,6.60330247706,0.710238929219,0.343494657448,8.277198319,1.78056010351,0.769956002514,2.64802039494,0.56963229426,0.312382149591,0.579945114934,0.437917739848,2,1.32432432432,0.579945114934,2,0.0151011445421,0.00542495479204,4,0.000514800514801,0.411482738947,37,37,37,1,0,0.72972972973,0.216216216216,0.0540540540541,37,173,0.12987987988,1.32432432432,9.35135135135,17.3,4.80555555556,6.6257754943,0.708536685807,0.341821590377,8.27665409468,1.77015145378,0.768317450398,2.60399323747,0.55692340917,0.305264802375,0.579945114934,0.437917739848,2,1.32432432432,0.579945114934,2,0.0112916207326,0.00536912751678,4,0.000514800514801,0.410495084626,37,37,37,1,0,0.72972972973,0.243243243243,0.027027027027,-43,-0.0322822822823,0,-2.32432432432,-4.3,-1.19444444444,-1.5733235553,0.00629903572506,0.0317615303164,-2.05268253432,0.000774346030425,0.00305218513311,-0.482838233236,0.0281606109471,0.0525120496219,0,0,0,0,0,0,-0.000878505437512,-0.000603568728955,-3,-0.0003861003861,-0.210701496571,0,0,0,173,0,43,1116,0.800925925926,1,0,0.199074074074,1,0.800925925926,0.889460154242,0.878186092989,0.800925925926,0.800925925926,1,44,0,0,0,0
3283,WLNM_dir_neg,0.994576446281,0.966431359045,00:00:03,10,80,15,1237887339,threshold_sweep,0.7,1,0.0227272727273,0.0444444444444,1,0,43,88,0.0227272727273,1,0,0.977272727273,1,0.0227272727273,0.0444444444444,0.674242424242,0.664141414141,0.0300751879699,0.123560412643,0.0227272727273,216,172,44,0,216,0,172,0,44,37,216,0.162162162162,1.32432432432,11.6756756757,21.6,6,8.1990990496,0.702237650082,0.31006006006,10.329336629,1.76937710775,0.765265265265,3.0868314707,0.528762798222,0.252752752753,0.579945114934,0.437917739848,2,1.32432432432,0.579945114934,2,0.0121701261701,0.00597269624573,7,0.000900900900901,0.621196581197,37,37,37,1,0,0.72972972973,0.243243243243,0.027027027027,37,0.129129129129,1.32432432432,9.2972972973,17.2,4.91428571429,6.60330247706,0.710238929219,0.343494657448,8.277198319,1.78056010351,0.769956002514,2.64802039494,0.56963229426,0.312382149591,0.579945114934,0.437917739848,2,1.32432432432,0.579945114934,2,0.0151011445421,0.00542495479204,4,0.000514800514801,0.411482738947,37,37,37,1,0,0.72972972973,0.216216216216,0.0540540540541,37,173,0.12987987988,1.32432432432,9.35135135135,17.3,4.80555555556,6.6257754943,0.708536685807,0.341821590377,8.27665409468,1.77015145378,0.768317450398,2.60399323747,0.55692340917,0.305264802375,0.579945114934,0.437917739848,2,1.32432432432,0.579945114934,2,0.0112916207326,0.00536912751678,4,0.000514800514801,0.410495084626,37,37,37,1,0,0.72972972973,0.243243243243,0.027027027027,-43,-0.0322822822823,0,-2.32432432432,-4.3,-1.19444444444,-1.5733235553,0.00629903572506,0.0317615303164,-2.05268253432,0.000774346030425,0.00305218513311,-0.482838233236,0.0281606109471,0.0525120496219,0,0,0,0,0,0,-0.000878505437512,-0.000603568728955,-3,-0.0003861003861,-0.210701496571,0,0,0,173,0,43,1116,0.800925925926,1,0,0.199074074074,1,0.800925925926,0.889460154242,0.878186092989,0.800925925926,0.800925925926,1,44,0,0,0,0
3284,WLNM_dir_neg,0.994576446281,0.966431359045,00:00:03,10,80,15,1237887339,threshold_sweep,0.8,1,0.0227272727273,0.0444444444444,1,0,43,88,0.0227272727273,1,0,0.977272727273,1,0.0227272727273,0.0444444444444,0.674242424242,0.664141414141,0.0300751879699,0.123560412643,0.0227272727273,216,172,44,0,216,0,172,0,44,37,216,0.162162162162,1.32432432432,11.6756756757,21.6,6,8.1990990496,0.702237650082,0.31006006006,10.329336629,1.76937710775,0.765265265265,3.0868314707,0.528762798222,0.252752752753,0.579945114934,0.437917739848,2,1.32432432432,0.579945114934,2,0.0121701261701,0.00597269624573,7,0.000900900900901,0.621196581197,37,37,37,1,0,0.72972972973,0.243243243243,0.027027027027,37,0.129129129129,1.32432432432,9.2972972973,17.2,4.91428571429,6.60330247706,0.710238929219,0.343494657448,8.277198319,1.78056010351,0.769956002514,2.64802039494,0.56963229426,0.312382149591,0.579945114934,0.437917739848,2,1.32432432432,0.579945114934,2,0.0151011445421,0.00542495479204,4,0.000514800514801,0.411482738947,37,37,37,1,0,0.72972972973,0.216216216216,0.0540540540541,37,173,0.12987987988,1.32432432432,9.35135135135,17.3,4.80555555556,6.6257754943,0.708536685807,0.341821590377,8.27665409468,1.77015145378,0.768317450398,2.60399323747,0.55692340917,0.305264802375,0.579945114934,0.437917739848,2,1.32432432432,0.579945114934,2,0.0112916207326,0.00536912751678,4,0.000514800514801,0.410495084626,37,37,37,1,0,0.72972972973,0.243243243243,0.027027027027,-43,-0.0322822822823,0,-2.32432432432,-4.3,-1.19444444444,-1.5733235553,0.00629903572506,0.0317615303164,-2.05268253432,0.000774346030425,0.00305218513311,-0.482838233236,0.0281606109471,0.0525120496219,0,0,0,0,0,0,-0.000878505437512,-0.000603568728955,-3,-0.0003861003861,-0.210701496571,0,0,0,173,0,43,1116,0.800925925926,1,0,0.199074074074,1,0.800925925926,0.889460154242,0.878186092989,0.800925925926,0.800925925926,1,44,0,0,0,0
3285,WLNM_dir_neg,0.994576446281,0.966431359045,00:00:03,10,80,15,1237887339,threshold_sweep,0.9,1,0.0227272727273,0.0444444444444,1,0,43,88,0.0227272727273,1,0,0.977272727273,1,0.0227272727273,0.0444444444444,0.674242424242,0.664141414141,0.0300751879699,0.123560412643,0.0227272727273,216,172,44,0,216,0,172,0,44,37,216,0.162162162162,1.32432432432,11.6756756757,21.6,6,8.1990990496,0.702237650082,0.31006006006,10.329336629,1.76937710775,0.765265265265,3.0868314707,0.528762798222,0.252752752753,0.579945114934,0.437917739848,2,1.32432432432,0.579945114934,2,0.0121701261701,0.00597269624573,7,0.000900900900901,0.621196581197,37,37,37,1,0,0.72972972973,0.243243243243,0.027027027027,37,0.129129129129,1.32432432432,9.2972972973,17.2,4.91428571429,6.60330247706,0.710238929219,0.343494657448,8.277198319,1.78056010351,0.769956002514,2.64802039494,0.56963229426,0.312382149591,0.579945114934,0.437917739848,2,1.32432432432,0.579945114934,2,0.0151011445421,0.00542495479204,4,0.000514800514801,0.411482738947,37,37,37,1,0,0.72972972973,0.216216216216,0.0540540540541,37,173,0.12987987988,1.32432432432,9.35135135135,17.3,4.80555555556,6.6257754943,0.708536685807,0.341821590377,8.27665409468,1.77015145378,0.768317450398,2.60399323747,0.55692340917,0.305264802375,0.579945114934,0.437917739848,2,1.32432432432,0.579945114934,2,0.0112916207326,0.00536912751678,4,0.000514800514801,0.410495084626,37,37,37,1,0,0.72972972973,0.243243243243,0.027027027027,-43,-0.0322822822823,0,-2.32432432432,-4.3,-1.19444444444,-1.5733235553,0.00629903572506,0.0317615303164,-2.05268253432,0.000774346030425,0.00305218513311,-0.482838233236,0.0281606109471,0.0525120496219,0,0,0,0,0,0,-0.000878505437512,-0.000603568728955,-3,-0.0003861003861,-0.210701496571,0,0,0,173,0,43,1116,0.800925925926,1,0,0.199074074074,1,0.800925925926,0.889460154242,0.878186092989,0.800925925926,0.800925925926,1,44,0,0,0,0
3286,WLNM_dir_neg,0.99444731405,0.966414141414,00:00:03,10,80,16,1237887340,threshold_sweep,0.1,1,0.0227272727273,0.0444444444444,1,0,43,88,0.0227272727273,1,0,0.977272727273,1,0.0227272727273,0.0444444444444,0.674242424242,0.664141414141,0.0300751879699,0.123560412643,0.0227272727273,216,172,44,0,216,0,172,0,44,37,216,0.162162162162,1.32432432432,11.6756756757,21.6,6,8.1990990496,0.702237650082,0.31006006006,10.329336629,1.76937710775,0.765265265265,3.0868314707,0.528762798222,0.252752752753,0.579945114934,0.437917739848,2,1.32432432432,0.579945114934,2,0.0121701261701,0.00597269624573,7,0.000900900900901,0.621196581197,37,37,37,1,0,0.72972972973,0.243243243243,0.027027027027,37,0.129129129129,1.32432432432,9.2972972973,17.2,4.77777777778,6.6326836569,0.713399114259,0.345223130107,8.15548968561,1.75437859516,0.766813324953,2.48569480803,0.534713418007,0.293211816468,0.579945114934,0.437917739848,2,1.32432432432,0.579945114934,2,0.012707106558,0.00811176205498,6,0.000772200772201,0.40287177235,37,37,37,1,0,0.72972972973,0.243243243243,0.027027027027,37,173,0.12987987988,1.32432432432,9.35135135135,17.3,4.80555555556,6.6675675067,0.713005773838,0.34619590689,8.16174700135,1.74557594827,0.765192938603,2.45010265152,0.524010393678,0.287455085143,0.579945114934,0.437917739848,2,1.32432432432,0.579945114934,2,0.0124719949695,0.00935412026726,7,0.000900900900901,0.405093994572,37,37,37,1,0,0.72972972973,0.243243243243,0.027027027027,-43,-0.0322822822823,0,-2.32432432432,-4.3,-1.19444444444,-1.5315315429,0.0107681237564,0.0361358468295,-2.16758962765,-0.0238011594788,-7.2326661922e-05,-0.63672881918,-0.00475240454398,0.0347023323902,0,0,0,0,0,0,0.000301868799417,0.00338142402153,0,0,-0.216102586624,0,0,0,173,0,43,1116,0.800925925926,1,0,0.199074074074,1,0.800925925926,0.889460154242,0.878186092989,0.800925925926,0.800925925926,1,44,0,0,0,0
3287,WLNM_dir_neg,0.99444731405,0.966414141414,00:00:03,10,80,16,1237887340,threshold_sweep,0.2,1,0.0227272727273,0.0444444444444,1,0,43,88,0.0227272727273,1,0,0.977272727273,1,0.0227272727273,0.0444444444444,0.674242424242,0.664141414141,0.0300751879699,0.123560412643,0.0227272727273,216,172,44,0,216,0,172,0,44,37,216,0.162162162162,1.32432432432,11.6756756757,21.6,6,8.1990990496,0.702237650082,0.31006006006,10.329336629,1.76937710775,0.765265265265,3.0868314707,0.528762798222,0.252752752753,0.579945114934,0.437917739848,2,1.32432432432,0.579945114934,2,0.0121701261701,0.00597269624573,7,0.000900900900901,0.621196581197,37,37,37,1,0,0.72972972973,0.243243243243,0.027027027027,37,0.129129129129,1.32432432432,9.2972972973,17.2,4.77777777778,6.6326836569,0.713399114259,0.345223130107,8.15548968561,1.75437859516,0.766813324953,2.48569480803,0.534713418007,0.293211816468,0.579945114934,0.437917739848,2,1.32432432432,0.579945114934,2,0.012707106558,0.00811176205498,6,0.000772200772201,0.40287177235,37,37,37,1,0,0.72972972973,0.243243243243,0.027027027027,37,173,0.12987987988,1.32432432432,9.35135135135,17.3,4.80555555556,6.6675675067,0.713005773838,0.34619590689,8.16174700135,1.74557594827,0.765192938603,2.45010265152,0.524010393678,0.287455085143,0.579945114934,0.437917739848,2,1.32432432432,0.579945114934,2,0.0124719949695,0.00935412026726,7,0.000900900900901,0.405093994572,37,37,37,1,0,0.72972972973,0.243243243243,0.027027027027,-43,-0.0322822822823,0,-2.32432432432,-4.3,-1.19444444444,-1.5315315429,0.0107681237564,0.0361358468295,-2.16758962765,-0.0238011594788,-7.2326661922e-05,-0.63672881918,-0.00475240454398,0.0347023323902,0,0,0,0,0,0,0.000301868799417,0.00338142402153,0,0,-0.216102586624,0,0,0,173,0,43,1116,0.800925925926,1,0,0.199074074074,1,0.800925925926,0.889460154242,0.878186092989,0.800925925926,0.800925925926,1,44,0,0,0,0
3288,WLNM_dir_neg,0.99444731405,0.966414141414,00:00:03,10,80,16,1237887340,threshold_sweep,0.3,1,0.0227272727273,0.0444444444444,1,0,43,88,0.0227272727273,1,0,0.977272727273,1,0.0227272727273,0.0444444444444,0.674242424242,0.664141414141,0.0300751879699,0.123560412643,0.0227272727273,216,172,44,0,216,0,172,0,44,37,216,0.162162162162,1.32432432432,11.6756756757,21.6,6,8.1990990496,0.702237650082,0.31006006006,10.329336629,1.76937710775,0.765265265265,3.0868314707,0.528762798222,0.252752752753,0.579945114934,0.437917739848,2,1.32432432432,0.579945114934,2,0.0121701261701,0.00597269624573,7,0.000900900900901,0.621196581197,37,37,37,1,0,0.72972972973,0.243243243243,0.027027027027,37,0.129129129129,1.32432432432,9.2972972973,17.2,4.77777777778,6.6326836569,0.713399114259,0.345223130107,8.15548968561,1.75437859516,0.766813324953,2.48569480803,0.534713418007,0.293211816468,0.579945114934,0.437917739848,2,1.32432432432,0.579945114934,2,0.012707106558,0.00811176205498,6,0.000772200772201,0.40287177235,37,37,37,1,0,0.72972972973,0.243243243243,0.027027027027,37,173,0.12987987988,1.32432432432,9.35135135135,17.3,4.80555555556,6.6675675067,0.713005773838,0.34619590689,8.16174700135,1.74557594827,0.765192938603,2.45010265152,0.524010393678,0.287455085143,0.579945114934,0.437917739848,2,1.32432432432,0.579945114934,2,0.0124719949695,0.00935412026726,7,0.000900900900901,0.405093994572,37,37,37,1,0,0.72972972973,0.243243243243,0.027027027027,-43,-0.0322822822823,0,-2.32432432432,-4.3,-1.19444444444,-1.5315315429,0.0107681237564,0.0361358468295,-2.16758962765,-0.0238011594788,-7.2326661922e-05,-0.63672881918,-0.00475240454398,0.0347023323902,0,0,0,0,0,0,0.000301868799417,0.00338142402153,0,0,-0.216102586624,0,0,0,173,0,43,1116,0.800925925926,1,0,0.199074074074,1,0.800925925926,0.889460154242,0.878186092989,0.800925925926,0.800925925926,1,44,0,0,0,0
3289,WLNM_dir_neg,0.99444731405,0.966414141414,00:00:03,10,80,16,1237887340,threshold_sweep,0.4,1,0.0227272727273,0.0444444444444,1,0,43,88,0.0227272727273,1,0,0.977272727273,1,0.0227272727273,0.0444444444444,0.674242424242,0.664141414141,0.0300751879699,0.123560412643,0.0227272727273,216,172,44,0,216,0,172,0,44,37,216,0.162162162162,1.32432432432,11.6756756757,21.6,6,8.1990990496,0.702237650082,0.31006006006,10.329336629,1.76937710775,0.765265265265,3.0868314707,0.528762798222,0.252752752753,0.579945114934,0.437917739848,2,1.32432432432,0.579945114934,2,0.0121701261701,0.00597269624573,7,0.000900900900901,0.621196581197,37,37,37,1,0,0.72972972973,0.243243243243,0.027027027027,37,0.129129129129,1.32432432432,9.2972972973,17.2,4.77777777778,6.6326836569,0.713399114259,0.345223130107,8.15548968561,1.75437859516,0.766813324953,2.48569480803,0.534713418007,0.293211816468,0.579945114934,0.437917739848,2,1.32432432432,0.579945114934,2,0.012707106558,0.00811176205498,6,0.000772200772201,0.40287177235,37,37,37,1,0,0.72972972973,0.243243243243,0.027027027027,37,173,0.12987987988,1.32432432432,9.35135135135,17.3,4.80555555556,6.6675675067,0.713005773838,0.34619590689,8.16174700135,1.74557594827,0.765192938603,2.45010265152,0.524010393678,0.287455085143,0.579945114934,0.437917739848,2,1.32432432432,0.579945114934,2,0.0124719949695,0.00935412026726,7,0.000900900900901,0.405093994572,37,37,37,1,0,0.72972972973,0.243243243243,0.027027027027,-43,-0.0322822822823,0,-2.32432432432,-4.3,-1.19444444444,-1.5315315429,0.0107681237564,0.0361358468295,-2.16758962765,-0.0238011594788,-7.2326661922e-05,-0.63672881918,-0.00475240454398,0.0347023323902,0,0,0,0,0,0,0.000301868799417,0.00338142402153,0,0,-0.216102586624,0,0,0,173,0,43,1116,0.800925925926,1,0,0.199074074074,1,0.800925925926,0.889460154242,0.878186092989,0.800925925926,0.800925925926,1,44,0,0,0,0
3290,WLNM_dir_neg,0.99444731405,0.966414141414,00:00:03,10,80,16,1237887340,threshold_sweep,0.5,1,0.0227272727273,0.0444444444444,1,0,43,88,0.0227272727273,1,0,0.977272727273,1,0.0227272727273,0.0444444444444,0.674242424242,0.664141414141,0.0300751879699,0.123560412643,0.0227272727273,216,172,44,0,216,0,172,0,44,37,216,0.162162162162,1.32432432432,11.6756756757,21.6,6,8.1990990496,0.702237650082,0.31006006006,10.329336629,1.76937710775,0.765265265265,3.0868314707,0.528762798222,0.252752752753,0.579945114934,0.437917739848,2,1.32432432432,0.579945114934,2,0.0121701261701,0.00597269624573,7,0.000900900900901,0.621196581197,37,37,37,1,0,0.72972972973,0.243243243243,0.027027027027,37,0.129129129129,1.32432432432,9.2972972973,17.2,4.77777777778,6.6326836569,0.713399114259,0.345223130107,8.15548968561,1.75437859516,0.766813324953,2.48569480803,0.534713418007,0.293211816468,0.579945114934,0.437917739848,2,1.32432432432,0.579945114934,2,0.012707106558,0.00811176205498,6,0.000772200772201,0.40287177235,37,37,37,1,0,0.72972972973,0.243243243243,0.027027027027,37,173,0.12987987988,1.32432432432,9.35135135135,17.3,4.80555555556,6.6675675067,0.713005773838,0.34619590689,8.16174700135,1.74557594827,0.765192938603,2.45010265152,0.524010393678,0.287455085143,0.579945114934,0.437917739848,2,1.32432432432,0.579945114934,2,0.0124719949695,0.00935412026726,7,0.000900900900901,0.405093994572,37,37,37,1,0,0.72972972973,0.243243243243,0.027027027027,-43,-0.0322822822823,0,-2.32432432432,-4.3,-1.19444444444,-1.5315315429,0.0107681237564,0.0361358468295,-2.16758962765,-0.0238011594788,-7.2326661922e-05,-0.63672881918,-0.00475240454398,0.0347023323902,0,0,0,0,0,0,0.000301868799417,0.00338142402153,0,0,-0.216102586624,0,0,0,173,0,43,1116,0.800925925926,1,0,0.199074074074,1,0.800925925926,0.889460154242,0.878186092989,0.800925925926,0.800925925926,1,44,0,0,0,0
3291,WLNM_dir_neg,0.99444731405,0.966414141414,00:00:03,10,80,16,1237887340,threshold_sweep,0.6,1,0.0227272727273,0.0444444444444,1,0,43,88,0.0227272727273,1,0,0.977272727273,1,0.0227272727273,0.0444444444444,0.674242424242,0.664141414141,0.0300751879699,0.123560412643,0.0227272727273,216,172,44,0,216,0,172,0,44,37,216,0.162162162162,1.32432432432,11.6756756757,21.6,6,8.1990990496,0.702237650082,0.31006006006,10.329336629,1.76937710775,0.765265265265,3.0868314707,0.528762798222,0.252752752753,0.579945114934,0.437917739848,2,1.32432432432,0.579945114934,2,0.0121701261701,0.00597269624573,7,0.000900900900901,0.621196581197,37,37,37,1,0,0.72972972973,0.243243243243,0.027027027027,37,0.129129129129,1.32432432432,9.2972972973,17.2,4.77777777778,6.6326836569,0.713399114259,0.345223130107,8.15548968561,1.75437859516,0.766813324953,2.48569480803,0.534713418007,0.293211816468,0.579945114934,0.437917739848,2,1.32432432432,0.579945114934,2,0.012707106558,0.00811176205498,6,0.000772200772201,0.40287177235,37,37,37,1,0,0.72972972973,0.243243243243,0.027027027027,37,173,0.12987987988,1.32432432432,9.35135135135,17.3,4.80555555556,6.6675675067,0.713005773838,0.34619590689,8.16174700135,1.74557594827,0.765192938603,2.45010265152,0.524010393678,0.287455085143,0.579945114934,0.437917739848,2,1.32432432432,0.579945114934,2,0.0124719949695,0.00935412026726,7,0.000900900900901,0.405093994572,37,37,37,1,0,0.72972972973,0.243243243243,0.027027027027,-43,-0.0322822822823,0,-2.32432432432,-4.3,-1.19444444444,-1.5315315429,0.0107681237564,0.0361358468295,-2.16758962765,-0.0238011594788,-7.2326661922e-05,-0.63672881918,-0.00475240454398,0.0347023323902,0,0,0,0,0,0,0.000301868799417,0.00338142402153,0,0,-0.216102586624,0,0,0,173,0,43,1116,0.800925925926,1,0,0.199074074074,1,0.800925925926,0.889460154242,0.878186092989,0.800925925926,0.800925925926,1,44,0,0,0,0
3292,WLNM_dir_neg,0.99444731405,0.966414141414,00:00:03,10,80,16,1237887340,threshold_sweep,0.7,1,0.0227272727273,0.0444444444444,1,0,43,88,0.0227272727273,1,0,0.977272727273,1,0.0227272727273,0.0444444444444,0.674242424242,0.664141414141,0.0300751879699,0.123560412643,0.0227272727273,216,172,44,0,216,0,172,0,44,37,216,0.162162162162,1.32432432432,11.6756756757,21.6,6,8.1990990496,0.702237650082,0.31006006006,10.329336629,1.76937710775,0.765265265265,3.0868314707,0.528762798222,0.252752752753,0.579945114934,0.437917739848,2,1.32432432432,0.579945114934,2,0.0121701261701,0.00597269624573,7,0.000900900900901,0.621196581197,37,37,37,1,0,0.72972972973,0.243243243243,0.027027027027,37,0.129129129129,1.32432432432,9.2972972973,17.2,4.77777777778,6.6326836569,0.713399114259,0.345223130107,8.15548968561,1.75437859516,0.766813324953,2.48569480803,0.534713418007,0.293211816468,0.579945114934,0.437917739848,2,1.32432432432,0.579945114934,2,0.012707106558,0.00811176205498,6,0.000772200772201,0.40287177235,37,37,37,1,0,0.72972972973,0.243243243243,0.027027027027,37,173,0.12987987988,1.32432432432,9.35135135135,17.3,4.80555555556,6.6675675067,0.713005773838,0.34619590689,8.16174700135,1.74557594827,0.765192938603,2.45010265152,0.524010393678,0.287455085143,0.579945114934,0.437917739848,2,1.32432432432,0.579945114934,2,0.0124719949695,0.00935412026726,7,0.000900900900901,0.405093994572,37,37,37,1,0,0.72972972973,0.243243243243,0.027027027027,-43,-0.0322822822823,0,-2.32432432432,-4.3,-1.19444444444,-1.5315315429,0.0107681237564,0.0361358468295,-2.16758962765,-0.0238011594788,-7.2326661922e-05,-0.63672881918,-0.00475240454398,0.0347023323902,0,0,0,0,0,0,0.000301868799417,0.00338142402153,0,0,-0.216102586624,0,0,0,173,0,43,1116,0.800925925926,1,0,0.199074074074,1,0.800925925926,0.889460154242,0.878186092989,0.800925925926,0.800925925926,1,44,0,0,0,0
3293,WLNM_dir_neg,0.99444731405,0.966414141414,00:00:03,10,80,16,1237887340,threshold_sweep,0.8,1,0.0227272727273,0.0444444444444,1,0,43,88,0.0227272727273,1,0,0.977272727273,1,0.0227272727273,0.0444444444444,0.674242424242,0.664141414141,0.0300751879699,0.123560412643,0.0227272727273,216,172,44,0,216,0,172,0,44,37,216,0.162162162162,1.32432432432,11.6756756757,21.6,6,8.1990990496,0.702237650082,0.31006006006,10.329336629,1.76937710775,0.765265265265,3.0868314707,0.528762798222,0.252752752753,0.579945114934,0.437917739848,2,1.32432432432,0.579945114934,2,0.0121701261701,0.00597269624573,7,0.000900900900901,0.621196581197,37,37,37,1,0,0.72972972973,0.243243243243,0.027027027027,37,0.129129129129,1.32432432432,9.2972972973,17.2,4.77777777778,6.6326836569,0.713399114259,0.345223130107,8.15548968561,1.75437859516,0.766813324953,2.48569480803,0.534713418007,0.293211816468,0.579945114934,0.437917739848,2,1.32432432432,0.579945114934,2,0.012707106558,0.00811176205498,6,0.000772200772201,0.40287177235,37,37,37,1,0,0.72972972973,0.243243243243,0.027027027027,37,173,0.12987987988,1.32432432432,9.35135135135,17.3,4.80555555556,6.6675675067,0.713005773838,0.34619590689,8.16174700135,1.74557594827,0.765192938603,2.45010265152,0.524010393678,0.287455085143,0.579945114934,0.437917739848,2,1.32432432432,0.579945114934,2,0.0124719949695,0.00935412026726,7,0.000900900900901,0.405093994572,37,37,37,1,0,0.72972972973,0.243243243243,0.027027027027,-43,-0.0322822822823,0,-2.32432432432,-4.3,-1.19444444444,-1.5315315429,0.0107681237564,0.0361358468295,-2.16758962765,-0.0238011594788,-7.2326661922e-05,-0.63672881918,-0.00475240454398,0.0347023323902,0,0,0,0,0,0,0.000301868799417,0.00338142402153,0,0,-0.216102586624,0,0,0,173,0,43,1116,0.800925925926,1,0,0.199074074074,1,0.800925925926,0.889460154242,0.878186092989,0.800925925926,0.800925925926,1,44,0,0,0,0
3294,WLNM_dir_neg,0.99444731405,0.966414141414,00:00:03,10,80,16,1237887340,threshold_sweep,0.9,1,0.0227272727273,0.0444444444444,1,0,43,88,0.0227272727273,1,0,0.977272727273,1,0.0227272727273,0.0444444444444,0.674242424242,0.664141414141,0.0300751879699,0.123560412643,0.0227272727273,216,172,44,0,216,0,172,0,44,37,216,0.162162162162,1.32432432432,11.6756756757,21.6,6,8.1990990496,0.702237650082,0.31006006006,10.329336629,1.76937710775,0.765265265265,3.0868314707,0.528762798222,0.252752752753,0.579945114934,0.437917739848,2,1.32432432432,0.579945114934,2,0.0121701261701,0.00597269624573,7,0.000900900900901,0.621196581197,37,37,37,1,0,0.72972972973,0.243243243243,0.027027027027,37,0.129129129129,1.32432432432,9.2972972973,17.2,4.77777777778,6.6326836569,0.713399114259,0.345223130107,8.15548968561,1.75437859516,0.766813324953,2.48569480803,0.534713418007,0.293211816468,0.579945114934,0.437917739848,2,1.32432432432,0.579945114934,2,0.012707106558,0.00811176205498,6,0.000772200772201,0.40287177235,37,37,37,1,0,0.72972972973,0.243243243243,0.027027027027,37,173,0.12987987988,1.32432432432,9.35135135135,17.3,4.80555555556,6.6675675067,0.713005773838,0.34619590689,8.16174700135,1.74557594827,0.765192938603,2.45010265152,0.524010393678,0.287455085143,0.579945114934,0.437917739848,2,1.32432432432,0.579945114934,2,0.0124719949695,0.00935412026726,7,0.000900900900901,0.405093994572,37,37,37,1,0,0.72972972973,0.243243243243,0.027027027027,-43,-0.0322822822823,0,-2.32432432432,-4.3,-1.19444444444,-1.5315315429,0.0107681237564,0.0361358468295,-2.16758962765,-0.0238011594788,-7.2326661922e-05,-0.63672881918,-0.00475240454398,0.0347023323902,0,0,0,0,0,0,0.000301868799417,0.00338142402153,0,0,-0.216102586624,0,0,0,173,0,43,1116,0.800925925926,1,0,0.199074074074,1,0.800925925926,0.889460154242,0.878186092989,0.800925925926,0.800925925926,1,44,0,0,0,0
3295,WLNM_dir_neg,1,0.977272727273,00:00:03,10,80,17,1237887341,threshold_sweep,0.1,1,0.0454545454545,0.0869565217391,2,0,42,88,0.0454545454545,1,0,0.954545454545,1,0.0454545454545,0.0869565217391,0.681818181818,0.661616161616,0.0597014925373,0.175411603861,0.0454545454545,216,172,44,0,216,0,172,0,44,37,216,0.162162162162,1.32432432432,11.6756756757,21.6,6,8.1990990496,0.702237650082,0.31006006006,10.329336629,1.76937710775,0.765265265265,3.0868314707,0.528762798222,0.252752752753,0.579945114934,0.437917739848,2,1.32432432432,0.579945114934,2,0.0121701261701,0.00597269624573,7,0.000900900900901,0.621196581197,37,37,37,1,0,0.72972972973,0.243243243243,0.027027027027,37,0.129129129129,1.32432432432,9.2972972973,17.2,4.77777777778,6.62430233167,0.712497634511,0.340980515399,8.2131879594,1.76679043313,0.770898805783,2.49684485586,0.537111974807,0.292269013199,0.579945114934,0.437917739848,2,1.32432432432,0.579945114934,2,0.0114065391221,0.00676589986468,5,0.000643500643501,0.397606049345,37,37,37,1,0,0.72972972973,0.243243243243,0.027027027027,37,174,0.130630630631,1.32432432432,9.40540540541,17.4,4.83333333333,6.71424463965,0.713870838124,0.343895619758,8.2356436194,1.75125755125,0.767940354147,2.42515594991,0.515694081303,0.281143212178,0.579945114934,0.437917739848,2,1.32432432432,0.579945114934,2,0.0124861721403,0.00923482849604,7,0.000900900900901,0.40205049379,37,37,37,1,0,0.72972972973,0.243243243243,0.027027027027,-42,-0.0315315315315,0,-2.27027027027,-4.2,-1.16666666667,-1.48485440995,0.0116331880419,0.0338355596976,-2.0936930096,-0.0181195564928,0.00267508888199,-0.661675520795,-0.0130687169199,0.0283904594249,0,0,0,0,0,0,0.000316045970181,0.00326213225031,0,0,-0.219146087407,0,0,0,174,0,42,1116,0.805555555556,1,0,0.194444444444,1,0.805555555556,0.892307692308,0.88110074037,0.805555555556,0.805555555556,2,44,0,0,0,0
3296,WLNM_dir_neg,1,0.977272727273,00:00:03,10,80,17,1237887341,threshold_sweep,0.2,1,0.0454545454545,0.0869565217391,2,0,42,88,0.0454545454545,1,0,0.954545454545,1,0.0454545454545,0.0869565217391,0.681818181818,0.661616161616,0.0597014925373,0.175411603861,0.0454545454545,216,172,44,0,216,0,172,0,44,37,216,0.162162162162,1.32432432432,11.6756756757,21.6,6,8.1990990496,0.702237650082,0.31006006006,10.329336629,1.76937710775,0.765265265265,3.0868314707,0.528762798222,0.252752752753,0.579945114934,0.437917739848,2,1.32432432432,0.579945114934,2,0.0121701261701,0.00597269624573,7,0.000900900900901,0.621196581197,37,37,37,1,0,0.72972972973,0.243243243243,0.027027027027,37,0.129129129129,1.32432432432,9.2972972973,17.2,4.77777777778,6.62430233167,0.712497634511,0.340980515399,8.2131879594,1.76679043313,0.770898805783,2.49684485586,0.537111974807,0.292269013199,0.579945114934,0.437917739848,2,1.32432432432,0.579945114934,2,0.0114065391221,0.00676589986468,5,0.000643500643501,0.397606049345,37,37,37,1,0,0.72972972973,0.243243243243,0.027027027027,37,174,0.130630630631,1.32432432432,9.40540540541,17.4,4.83333333333,6.71424463965,0.713870838124,0.343895619758,8.2356436194,1.75125755125,0.767940354147,2.42515594991,0.515694081303,0.281143212178,0.579945114934,0.437917739848,2,1.32432432432,0.579945114934,2,0.0124861721403,0.00923482849604,7,0.000900900900901,0.40205049379,37,37,37,1,0,0.72972972973,0.243243243243,0.027027027027,-42,-0.0315315315315,0,-2.27027027027,-4.2,-1.16666666667,-1.48485440995,0.0116331880419,0.0338355596976,-2.0936930096,-0.0181195564928,0.00267508888199,-0.661675520795,-0.0130687169199,0.0283904594249,0,0,0,0,0,0,0.000316045970181,0.00326213225031,0,0,-0.219146087407,0,0,0,174,0,42,1116,0.805555555556,1,0,0.194444444444,1,0.805555555556,0.892307692308,0.88110074037,0.805555555556,0.805555555556,2,44,0,0,0,0
3297,WLNM_dir_neg,1,0.977272727273,00:00:03,10,80,17,1237887341,threshold_sweep,0.3,1,0.0454545454545,0.0869565217391,2,0,42,88,0.0454545454545,1,0,0.954545454545,1,0.0454545454545,0.0869565217391,0.681818181818,0.661616161616,0.0597014925373,0.175411603861,0.0454545454545,216,172,44,0,216,0,172,0,44,37,216,0.162162162162,1.32432432432,11.6756756757,21.6,6,8.1990990496,0.702237650082,0.31006006006,10.329336629,1.76937710775,0.765265265265,3.0868314707,0.528762798222,0.252752752753,0.579945114934,0.437917739848,2,1.32432432432,0.579945114934,2,0.0121701261701,0.00597269624573,7,0.000900900900901,0.621196581197,37,37,37,1,0,0.72972972973,0.243243243243,0.027027027027,37,0.129129129129,1.32432432432,9.2972972973,17.2,4.77777777778,6.62430233167,0.712497634511,0.340980515399,8.2131879594,1.76679043313,0.770898805783,2.49684485586,0.537111974807,0.292269013199,0.579945114934,0.437917739848,2,1.32432432432,0.579945114934,2,0.0114065391221,0.00676589986468,5,0.000643500643501,0.397606049345,37,37,37,1,0,0.72972972973,0.243243243243,0.027027027027,37,174,0.130630630631,1.32432432432,9.40540540541,17.4,4.83333333333,6.71424463965,0.713870838124,0.343895619758,8.2356436194,1.75125755125,0.767940354147,2.42515594991,0.515694081303,0.281143212178,0.579945114934,0.437917739848,2,1.32432432432,0.579945114934,2,0.0124861721403,0.00923482849604,7,0.000900900900901,0.40205049379,37,37,37,1,0,0.72972972973,0.243243243243,0.027027027027,-42,-0.0315315315315,0,-2.27027027027,-4.2,-1.16666666667,-1.48485440995,0.0116331880419,0.0338355596976,-2.0936930096,-0.0181195564928,0.00267508888199,-0.661675520795,-0.0130687169199,0.0283904594249,0,0,0,0,0,0,0.000316045970181,0.00326213225031,0,0,-0.219146087407,0,0,0,174,0,42,1116,0.805555555556,1,0,0.194444444444,1,0.805555555556,0.892307692308,0.88110074037,0.805555555556,0.805555555556,2,44,0,0,0,0
3298,WLNM_dir_neg,1,0.977272727273,00:00:03,10,80,17,1237887341,threshold_sweep,0.4,1,0.0454545454545,0.0869565217391,2,0,42,88,0.0454545454545,1,0,0.954545454545,1,0.0454545454545,0.0869565217391,0.681818181818,0.661616161616,0.0597014925373,0.175411603861,0.0454545454545,216,172,44,0,216,0,172,0,44,37,216,0.162162162162,1.32432432432,11.6756756757,21.6,6,8.1990990496,0.702237650082,0.31006006006,10.329336629,1.76937710775,0.765265265265,3.0868314707,0.528762798222,0.252752752753,0.579945114934,0.437917739848,2,1.32432432432,0.579945114934,2,0.0121701261701,0.00597269624573,7,0.000900900900901,0.621196581197,37,37,37,1,0,0.72972972973,0.243243243243,0.027027027027,37,0.129129129129,1.32432432432,9.2972972973,17.2,4.77777777778,6.62430233167,0.712497634511,0.340980515399,8.2131879594,1.76679043313,0.770898805783,2.49684485586,0.537111974807,0.292269013199,0.579945114934,0.437917739848,2,1.32432432432,0.579945114934,2,0.0114065391221,0.00676589986468,5,0.000643500643501,0.397606049345,37,37,37,1,0,0.72972972973,0.243243243243,0.027027027027,37,174,0.130630630631,1.32432432432,9.40540540541,17.4,4.83333333333,6.71424463965,0.713870838124,0.343895619758,8.2356436194,1.75125755125,0.767940354147,2.42515594991,0.515694081303,0.281143212178,0.579945114934,0.437917739848,2,1.32432432432,0.579945114934,2,0.0124861721403,0.00923482849604,7,0.000900900900901,0.40205049379,37,37,37,1,0,0.72972972973,0.243243243243,0.027027027027,-42,-0.0315315315315,0,-2.27027027027,-4.2,-1.16666666667,-1.48485440995,0.0116331880419,0.0338355596976,-2.0936930096,-0.0181195564928,0.00267508888199,-0.661675520795,-0.0130687169199,0.0283904594249,0,0,0,0,0,0,0.000316045970181,0.00326213225031,0,0,-0.219146087407,0,0,0,174,0,42,1116,0.805555555556,1,0,0.194444444444,1,0.805555555556,0.892307692308,0.88110074037,0.805555555556,0.805555555556,2,44,0,0,0,0
3299,WLNM_dir_neg,1,0.977272727273,00:00:03,10,80,17,1237887341,threshold_sweep,0.5,1,0.0454545454545,0.0869565217391,2,0,42,88,0.0454545454545,1,0,0.954545454545,1,0.0454545454545,0.0869565217391,0.681818181818,0.661616161616,0.0597014925373,0.175411603861,0.0454545454545,216,172,44,0,216,0,172,0,44,37,216,0.162162162162,1.32432432432,11.6756756757,21.6,6,8.1990990496,0.702237650082,0.31006006006,10.329336629,1.76937710775,0.765265265265,3.0868314707,0.528762798222,0.252752752753,0.579945114934,0.437917739848,2,1.32432432432,0.579945114934,2,0.0121701261701,0.00597269624573,7,0.000900900900901,0.621196581197,37,37,37,1,0,0.72972972973,0.243243243243,0.027027027027,37,0.129129129129,1.32432432432,9.2972972973,17.2,4.77777777778,6.62430233167,0.712497634511,0.340980515399,8.2131879594,1.76679043313,0.770898805783,2.49684485586,0.537111974807,0.292269013199,0.579945114934,0.437917739848,2,1.32432432432,0.579945114934,2,0.0114065391221,0.00676589986468,5,0.000643500643501,0.397606049345,37,37,37,1,0,0.72972972973,0.243243243243,0.027027027027,37,174,0.130630630631,1.32432432432,9.40540540541,17.4,4.83333333333,6.71424463965,0.713870838124,0.343895619758,8.2356436194,1.75125755125,0.767940354147,2.42515594991,0.515694081303,0.281143212178,0.579945114934,0.437917739848,2,1.32432432432,0.579945114934,2,0.0124861721403,0.00923482849604,7,0.000900900900901,0.40205049379,37,37,37,1,0,0.72972972973,0.243243243243,0.027027027027,-42,-0.0315315315315,0,-2.27027027027,-4.2,-1.16666666667,-1.48485440995,0.0116331880419,0.0338355596976,-2.0936930096,-0.0181195564928,0.00267508888199,-0.661675520795,-0.0130687169199,0.0283904594249,0,0,0,0,0,0,0.000316045970181,0.00326213225031,0,0,-0.219146087407,0,0,0,174,0,42,1116,0.805555555556,1,0,0.194444444444,1,0.805555555556,0.892307692308,0.88110074037,0.805555555556,0.805555555556,2,44,0,0,0,0
3300,WLNM_dir_neg,1,0.977272727273,00:00:03,10,80,17,1237887341,threshold_sweep,0.6,1,0.0454545454545,0.0869565217391,2,0,42,88,0.0454545454545,1,0,0.954545454545,1,0.0454545454545,0.0869565217391,0.681818181818,0.661616161616,0.0597014925373,0.175411603861,0.0454545454545,216,172,44,0,216,0,172,0,44,37,216,0.162162162162,1.32432432432,11.6756756757,21.6,6,8.1990990496,0.702237650082,0.31006006006,10.329336629,1.76937710775,0.765265265265,3.0868314707,0.528762798222,0.252752752753,0.579945114934,0.437917739848,2,1.32432432432,0.579945114934,2,0.0121701261701,0.00597269624573,7,0.000900900900901,0.621196581197,37,37,37,1,0,0.72972972973,0.243243243243,0.027027027027,37,0.129129129129,1.32432432432,9.2972972973,17.2,4.77777777778,6.62430233167,0.712497634511,0.340980515399,8.2131879594,1.76679043313,0.770898805783,2.49684485586,0.537111974807,0.292269013199,0.579945114934,0.437917739848,2,1.32432432432,0.579945114934,2,0.0114065391221,0.00676589986468,5,0.000643500643501,0.397606049345,37,37,37,1,0,0.72972972973,0.243243243243,0.027027027027,37,174,0.130630630631,1.32432432432,9.40540540541,17.4,4.83333333333,6.71424463965,0.713870838124,0.343895619758,8.2356436194,1.75125755125,0.767940354147,2.42515594991,0.515694081303,0.281143212178,0.579945114934,0.437917739848,2,1.32432432432,0.579945114934,2,0.0124861721403,0.00923482849604,7,0.000900900900901,0.40205049379,37,37,37,1,0,0.72972972973,0.243243243243,0.027027027027,-42,-0.0315315315315,0,-2.27027027027,-4.2,-1.16666666667,-1.48485440995,0.0116331880419,0.0338355596976,-2.0936930096,-0.0181195564928,0.00267508888199,-0.661675520795,-0.0130687169199,0.0283904594249,0,0,0,0,0,0,0.000316045970181,0.00326213225031,0,0,-0.219146087407,0,0,0,174,0,42,1116,0.805555555556,1,0,0.194444444444,1,0.805555555556,0.892307692308,0.88110074037,0.805555555556,0.805555555556,2,44,0,0,0,0
3301,WLNM_dir_neg,1,0.977272727273,00:00:03,10,80,17,1237887341,threshold_sweep,0.7,1,0.0454545454545,0.0869565217391,2,0,42,88,0.0454545454545,1,0,0.954545454545,1,0.0454545454545,0.0869565217391,0.681818181818,0.661616161616,0.0597014925373,0.175411603861,0.0454545454545,216,172,44,0,216,0,172,0,44,37,216,0.162162162162,1.32432432432,11.6756756757,21.6,6,8.1990990496,0.702237650082,0.31006006006,10.329336629,1.76937710775,0.765265265265,3.0868314707,0.528762798222,0.252752752753,0.579945114934,0.437917739848,2,1.32432432432,0.579945114934,2,0.0121701261701,0.00597269624573,7,0.000900900900901,0.621196581197,37,37,37,1,0,0.72972972973,0.243243243243,0.027027027027,37,0.129129129129,1.32432432432,9.2972972973,17.2,4.77777777778,6.62430233167,0.712497634511,0.340980515399,8.2131879594,1.76679043313,0.770898805783,2.49684485586,0.537111974807,0.292269013199,0.579945114934,0.437917739848,2,1.32432432432,0.579945114934,2,0.0114065391221,0.00676589986468,5,0.000643500643501,0.397606049345,37,37,37,1,0,0.72972972973,0.243243243243,0.027027027027,37,174,0.130630630631,1.32432432432,9.40540540541,17.4,4.83333333333,6.71424463965,0.713870838124,0.343895619758,8.2356436194,1.75125755125,0.767940354147,2.42515594991,0.515694081303,0.281143212178,0.579945114934,0.437917739848,2,1.32432432432,0.579945114934,2,0.0124861721403,0.00923482849604,7,0.000900900900901,0.40205049379,37,37,37,1,0,0.72972972973,0.243243243243,0.027027027027,-42,-0.0315315315315,0,-2.27027027027,-4.2,-1.16666666667,-1.48485440995,0.0116331880419,0.0338355596976,-2.0936930096,-0.0181195564928,0.00267508888199,-0.661675520795,-0.0130687169199,0.0283904594249,0,0,0,0,0,0,0.000316045970181,0.00326213225031,0,0,-0.219146087407,0,0,0,174,0,42,1116,0.805555555556,1,0,0.194444444444,1,0.805555555556,0.892307692308,0.88110074037,0.805555555556,0.805555555556,2,44,0,0,0,0
3302,WLNM_dir_neg,1,0.977272727273,00:00:03,10,80,17,1237887341,threshold_sweep,0.8,1,0.0454545454545,0.0869565217391,2,0,42,88,0.0454545454545,1,0,0.954545454545,1,0.0454545454545,0.0869565217391,0.681818181818,0.661616161616,0.0597014925373,0.175411603861,0.0454545454545,216,172,44,0,216,0,172,0,44,37,216,0.162162162162,1.32432432432,11.6756756757,21.6,6,8.1990990496,0.702237650082,0.31006006006,10.329336629,1.76937710775,0.765265265265,3.0868314707,0.528762798222,0.252752752753,0.579945114934,0.437917739848,2,1.32432432432,0.579945114934,2,0.0121701261701,0.00597269624573,7,0.000900900900901,0.621196581197,37,37,37,1,0,0.72972972973,0.243243243243,0.027027027027,37,0.129129129129,1.32432432432,9.2972972973,17.2,4.77777777778,6.62430233167,0.712497634511,0.340980515399,8.2131879594,1.76679043313,0.770898805783,2.49684485586,0.537111974807,0.292269013199,0.579945114934,0.437917739848,2,1.32432432432,0.579945114934,2,0.0114065391221,0.00676589986468,5,0.000643500643501,0.397606049345,37,37,37,1,0,0.72972972973,0.243243243243,0.027027027027,37,174,0.130630630631,1.32432432432,9.40540540541,17.4,4.83333333333,6.71424463965,0.713870838124,0.343895619758,8.2356436194,1.75125755125,0.767940354147,2.42515594991,0.515694081303,0.281143212178,0.579945114934,0.437917739848,2,1.32432432432,0.579945114934,2,0.0124861721403,0.00923482849604,7,0.000900900900901,0.40205049379,37,37,37,1,0,0.72972972973,0.243243243243,0.027027027027,-42,-0.0315315315315,0,-2.27027027027,-4.2,-1.16666666667,-1.48485440995,0.0116331880419,0.0338355596976,-2.0936930096,-0.0181195564928,0.00267508888199,-0.661675520795,-0.0130687169199,0.0283904594249,0,0,0,0,0,0,0.000316045970181,0.00326213225031,0,0,-0.219146087407,0,0,0,174,0,42,1116,0.805555555556,1,0,0.194444444444,1,0.805555555556,0.892307692308,0.88110074037,0.805555555556,0.805555555556,2,44,0,0,0,0
3303,WLNM_dir_neg,1,0.977272727273,00:00:03,10,80,17,1237887341,threshold_sweep,0.9,1,0.0227272727273,0.0444444444444,1,0,43,88,0.0227272727273,1,0,0.977272727273,1,0.0227272727273,0.0444444444444,0.674242424242,0.664141414141,0.0300751879699,0.123560412643,0.0227272727273,216,172,44,0,216,0,172,0,44,37,216,0.162162162162,1.32432432432,11.6756756757,21.6,6,8.1990990496,0.702237650082,0.31006006006,10.329336629,1.76937710775,0.765265265265,3.0868314707,0.528762798222,0.252752752753,0.579945114934,0.437917739848,2,1.32432432432,0.579945114934,2,0.0121701261701,0.00597269624573,7,0.000900900900901,0.621196581197,37,37,37,1,0,0.72972972973,0.243243243243,0.027027027027,37,0.129129129129,1.32432432432,9.2972972973,17.2,4.77777777778,6.62430233167,0.712497634511,0.340980515399,8.2131879594,1.76679043313,0.770898805783,2.49684485586,0.537111974807,0.292269013199,0.579945114934,0.437917739848,2,1.32432432432,0.579945114934,2,0.0114065391221,0.00676589986468,5,0.000643500643501,0.397606049345,37,37,37,1,0,0.72972972973,0.243243243243,0.027027027027,37,173,0.12987987988,1.32432432432,9.35135135135,17.3,4.80555555556,6.68005412576,0.714341048131,0.343071395095,8.22953371858,1.76007368548,0.769567255116,2.46141393483,0.526429569876,0.286830182784,0.579945114934,0.437917739848,2,1.32432432432,0.579945114934,2,0.0127212837288,0.00800711743772,6,0.000772200772201,0.399828271567,37,37,37,1,0,0.72972972973,0.243243243243,0.027027027027,-43,-0.0322822822823,0,-2.32432432432,-4.3,-1.19444444444,-1.51904492384,0.0121033980489,0.0330113350345,-2.09980291042,-0.00930342226893,0.00430198985112,-0.625417535877,-0.00233322834623,0.0340774300312,0,0,0,0,0,0,0.000551157558676,0.00203442119199,-1,-0.0001287001287,-0.221368309629,0,0,0,173,0,43,1116,0.800925925926,1,0,0.199074074074,1,0.800925925926,0.889460154242,0.878186092989,0.800925925926,0.800925925926,1,44,0,0,0,0
3304,WLNM_dir_neg,1,0.954545454545,00:00:03,10,80,18,1237887342,threshold_sweep,0.1,1,0.0454545454545,0.0869565217391,2,0,42,88,0.0454545454545,1,0,0.954545454545,1,0.0454545454545,0.0869565217391,0.681818181818,0.661616161616,0.0597014925373,0.175411603861,0.0454545454545,216,172,44,0,216,0,172,0,44,37,216,0.162162162162,1.32432432432,11.6756756757,21.6,6,8.1990990496,0.702237650082,0.31006006006,10.329336629,1.76937710775,0.765265265265,3.0868314707,0.528762798222,0.252752752753,0.579945114934,0.437917739848,2,1.32432432432,0.579945114934,2,0.0121701261701,0.00597269624573,7,0.000900900900901,0.621196581197,37,37,37,1,0,0.72972972973,0.243243243243,0.027027027027,37,0.129129129129,1.32432432432,9.2972972973,17.2,4.77777777778,6.64941461444,0.715198664925,0.341766184789,8.2435706133,1.77332623658,0.773727215588,2.53000017804,0.544244224347,0.294154619736,0.579945114934,0.437917739848,2,1.32432432432,0.579945114934,2,0.0109504539629,0.00674763832659,5,0.000643500643501,0.402698951612,37,37,37,1,0,0.72972972973,0.243243243243,0.027027027027,37,174,0.130630630631,1.32432432432,9.40540540541,17.4,4.83333333333,6.75960000238,0.718693103701,0.345759552656,8.2726620224,1.75912928063,0.771046908978,2.45927795258,0.522949909457,0.283007145076,0.579945114934,0.437917739848,2,1.32432432432,0.579945114934,2,0.0125525978507,0.00919037199125,7,0.000900900900901,0.407143396056,37,37,37,1,0,0.72972972973,0.243243243243,0.027027027027,-42,-0.0315315315315,0,-2.27027027027,-4.2,-1.16666666667,-1.43949904722,0.0164554536196,0.035699492596,-2.0566746066,-0.010247827119,0.00578164371268,-0.627553518124,-0.00581288876569,0.0302543923234,0,0,0,0,0,0,0.000382471680608,0.00321767574551,0,0,-0.21405318514,0,0,0,174,0,42,1116,0.805555555556,1,0,0.194444444444,1,0.805555555556,0.892307692308,0.88110074037,0.805555555556,0.805555555556,2,44,0,0,0,0
3305,WLNM_dir_neg,1,0.954545454545,00:00:03,10,80,18,1237887342,threshold_sweep,0.2,1,0.0454545454545,0.0869565217391,2,0,42,88,0.0454545454545,1,0,0.954545454545,1,0.0454545454545,0.0869565217391,0.681818181818,0.661616161616,0.0597014925373,0.175411603861,0.0454545454545,216,172,44,0,216,0,172,0,44,37,216,0.162162162162,1.32432432432,11.6756756757,21.6,6,8.1990990496,0.702237650082,0.31006006006,10.329336629,1.76937710775,0.765265265265,3.0868314707,0.528762798222,0.252752752753,0.579945114934,0.437917739848,2,1.32432432432,0.579945114934,2,0.0121701261701,0.00597269624573,7,0.000900900900901,0.621196581197,37,37,37,1,0,0.72972972973,0.243243243243,0.027027027027,37,0.129129129129,1.32432432432,9.2972972973,17.2,4.77777777778,6.64941461444,0.715198664925,0.341766184789,8.2435706133,1.77332623658,0.773727215588,2.53000017804,0.544244224347,0.294154619736,0.579945114934,0.437917739848,2,1.32432432432,0.579945114934,2,0.0109504539629,0.00674763832659,5,0.000643500643501,0.402698951612,37,37,37,1,0,0.72972972973,0.243243243243,0.027027027027,37,174,0.130630630631,1.32432432432,9.40540540541,17.4,4.83333333333,6.75960000238,0.718693103701,0.345759552656,8.2726620224,1.75912928063,0.771046908978,2.45927795258,0.522949909457,0.283007145076,0.579945114934,0.437917739848,2,1.32432432432,0.579945114934,2,0.0125525978507,0.00919037199125,7,0.000900900900901,0.407143396056,37,37,37,1,0,0.72972972973,0.243243243243,0.027027027027,-42,-0.0315315315315,0,-2.27027027027,-4.2,-1.16666666667,-1.43949904722,0.0164554536196,0.035699492596,-2.0566746066,-0.010247827119,0.00578164371268,-0.627553518124,-0.00581288876569,0.0302543923234,0,0,0,0,0,0,0.000382471680608,0.00321767574551,0,0,-0.21405318514,0,0,0,174,0,42,1116,0.805555555556,1,0,0.194444444444,1,0.805555555556,0.892307692308,0.88110074037,0.805555555556,0.805555555556,2,44,0,0,0,0
3306,WLNM_dir_neg,1,0.954545454545,00:00:03,10,80,18,1237887342,threshold_sweep,0.3,1,0.0454545454545,0.0869565217391,2,0,42,88,0.0454545454545,1,0,0.954545454545,1,0.0454545454545,0.0869565217391,0.681818181818,0.661616161616,0.0597014925373,0.175411603861,0.0454545454545,216,172,44,0,216,0,172,0,44,37,216,0.162162162162,1.32432432432,11.6756756757,21.6,6,8.1990990496,0.702237650082,0.31006006006,10.329336629,1.76937710775,0.765265265265,3.0868314707,0.528762798222,0.252752752753,0.579945114934,0.437917739848,2,1.32432432432,0.579945114934,2,0.0121701261701,0.00597269624573,7,0.000900900900901,0.621196581197,37,37,37,1,0,0.72972972973,0.243243243243,0.027027027027,37,0.129129129129,1.32432432432,9.2972972973,17.2,4.77777777778,6.64941461444,0.715198664925,0.341766184789,8.2435706133,1.77332623658,0.773727215588,2.53000017804,0.544244224347,0.294154619736,0.579945114934,0.437917739848,2,1.32432432432,0.579945114934,2,0.0109504539629,0.00674763832659,5,0.000643500643501,0.402698951612,37,37,37,1,0,0.72972972973,0.243243243243,0.027027027027,37,174,0.130630630631,1.32432432432,9.40540540541,17.4,4.83333333333,6.75960000238,0.718693103701,0.345759552656,8.2726620224,1.75912928063,0.771046908978,2.45927795258,0.522949909457,0.283007145076,0.579945114934,0.437917739848,2,1.32432432432,0.579945114934,2,0.0125525978507,0.00919037199125,7,0.000900900900901,0.407143396056,37,37,37,1,0,0.72972972973,0.243243243243,0.027027027027,-42,-0.0315315315315,0,-2.27027027027,-4.2,-1.16666666667,-1.43949904722,0.0164554536196,0.035699492596,-2.0566746066,-0.010247827119,0.00578164371268,-0.627553518124,-0.00581288876569,0.0302543923234,0,0,0,0,0,0,0.000382471680608,0.00321767574551,0,0,-0.21405318514,0,0,0,174,0,42,1116,0.805555555556,1,0,0.194444444444,1,0.805555555556,0.892307692308,0.88110074037,0.805555555556,0.805555555556,2,44,0,0,0,0
3307,WLNM_dir_neg,1,0.954545454545,00:00:03,10,80,18,1237887342,threshold_sweep,0.4,1,0.0454545454545,0.0869565217391,2,0,42,88,0.0454545454545,1,0,0.954545454545,1,0.0454545454545,0.0869565217391,0.681818181818,0.661616161616,0.0597014925373,0.175411603861,0.0454545454545,216,172,44,0,216,0,172,0,44,37,216,0.162162162162,1.32432432432,11.6756756757,21.6,6,8.1990990496,0.702237650082,0.31006006006,10.329336629,1.76937710775,0.765265265265,3.0868314707,0.528762798222,0.252752752753,0.579945114934,0.437917739848,2,1.32432432432,0.579945114934,2,0.0121701261701,0.00597269624573,7,0.000900900900901,0.621196581197,37,37,37,1,0,0.72972972973,0.243243243243,0.027027027027,37,0.129129129129,1.32432432432,9.2972972973,17.2,4.77777777778,6.64941461444,0.715198664925,0.341766184789,8.2435706133,1.77332623658,0.773727215588,2.53000017804,0.544244224347,0.294154619736,0.579945114934,0.437917739848,2,1.32432432432,0.579945114934,2,0.0109504539629,0.00674763832659,5,0.000643500643501,0.402698951612,37,37,37,1,0,0.72972972973,0.243243243243,0.027027027027,37,174,0.130630630631,1.32432432432,9.40540540541,17.4,4.83333333333,6.75960000238,0.718693103701,0.345759552656,8.2726620224,1.75912928063,0.771046908978,2.45927795258,0.522949909457,0.283007145076,0.579945114934,0.437917739848,2,1.32432432432,0.579945114934,2,0.0125525978507,0.00919037199125,7,0.000900900900901,0.407143396056,37,37,37,1,0,0.72972972973,0.243243243243,0.027027027027,-42,-0.0315315315315,0,-2.27027027027,-4.2,-1.16666666667,-1.43949904722,0.0164554536196,0.035699492596,-2.0566746066,-0.010247827119,0.00578164371268,-0.627553518124,-0.00581288876569,0.0302543923234,0,0,0,0,0,0,0.000382471680608,0.00321767574551,0,0,-0.21405318514,0,0,0,174,0,42,1116,0.805555555556,1,0,0.194444444444,1,0.805555555556,0.892307692308,0.88110074037,0.805555555556,0.805555555556,2,44,0,0,0,0
3308,WLNM_dir_neg,1,0.954545454545,00:00:03,10,80,18,1237887342,threshold_sweep,0.5,1,0.0454545454545,0.0869565217391,2,0,42,88,0.0454545454545,1,0,0.954545454545,1,0.0454545454545,0.0869565217391,0.681818181818,0.661616161616,0.0597014925373,0.175411603861,0.0454545454545,216,172,44,0,216,0,172,0,44,37,216,0.162162162162,1.32432432432,11.6756756757,21.6,6,8.1990990496,0.702237650082,0.31006006006,10.329336629,1.76937710775,0.765265265265,3.0868314707,0.528762798222,0.252752752753,0.579945114934,0.437917739848,2,1.32432432432,0.579945114934,2,0.0121701261701,0.00597269624573,7,0.000900900900901,0.621196581197,37,37,37,1,0,0.72972972973,0.243243243243,0.027027027027,37,0.129129129129,1.32432432432,9.2972972973,17.2,4.77777777778,6.64941461444,0.715198664925,0.341766184789,8.2435706133,1.77332623658,0.773727215588,2.53000017804,0.544244224347,0.294154619736,0.579945114934,0.437917739848,2,1.32432432432,0.579945114934,2,0.0109504539629,0.00674763832659,5,0.000643500643501,0.402698951612,37,37,37,1,0,0.72972972973,0.243243243243,0.027027027027,37,174,0.130630630631,1.32432432432,9.40540540541,17.4,4.83333333333,6.75960000238,0.718693103701,0.345759552656,8.2726620224,1.75912928063,0.771046908978,2.45927795258,0.522949909457,0.283007145076,0.579945114934,0.437917739848,2,1.32432432432,0.579945114934,2,0.0125525978507,0.00919037199125,7,0.000900900900901,0.407143396056,37,37,37,1,0,0.72972972973,0.243243243243,0.027027027027,-42,-0.0315315315315,0,-2.27027027027,-4.2,-1.16666666667,-1.43949904722,0.0164554536196,0.035699492596,-2.0566746066,-0.010247827119,0.00578164371268,-0.627553518124,-0.00581288876569,0.0302543923234,0,0,0,0,0,0,0.000382471680608,0.00321767574551,0,0,-0.21405318514,0,0,0,174,0,42,1116,0.805555555556,1,0,0.194444444444,1,0.805555555556,0.892307692308,0.88110074037,0.805555555556,0.805555555556,2,44,0,0,0,0
3309,WLNM_dir_neg,1,0.954545454545,00:00:03,10,80,18,1237887342,threshold_sweep,0.6,1,0.0454545454545,0.0869565217391,2,0,42,88,0.0454545454545,1,0,0.954545454545,1,0.0454545454545,0.0869565217391,0.681818181818,0.661616161616,0.0597014925373,0.175411603861,0.0454545454545,216,172,44,0,216,0,172,0,44,37,216,0.162162162162,1.32432432432,11.6756756757,21.6,6,8.1990990496,0.702237650082,0.31006006006,10.329336629,1.76937710775,0.765265265265,3.0868314707,0.528762798222,0.252752752753,0.579945114934,0.437917739848,2,1.32432432432,0.579945114934,2,0.0121701261701,0.00597269624573,7,0.000900900900901,0.621196581197,37,37,37,1,0,0.72972972973,0.243243243243,0.027027027027,37,0.129129129129,1.32432432432,9.2972972973,17.2,4.77777777778,6.64941461444,0.715198664925,0.341766184789,8.2435706133,1.77332623658,0.773727215588,2.53000017804,0.544244224347,0.294154619736,0.579945114934,0.437917739848,2,1.32432432432,0.579945114934,2,0.0109504539629,0.00674763832659,5,0.000643500643501,0.402698951612,37,37,37,1,0,0.72972972973,0.243243243243,0.027027027027,37,174,0.130630630631,1.32432432432,9.40540540541,17.4,4.83333333333,6.75960000238,0.718693103701,0.345759552656,8.2726620224,1.75912928063,0.771046908978,2.45927795258,0.522949909457,0.283007145076,0.579945114934,0.437917739848,2,1.32432432432,0.579945114934,2,0.0125525978507,0.00919037199125,7,0.000900900900901,0.407143396056,37,37,37,1,0,0.72972972973,0.243243243243,0.027027027027,-42,-0.0315315315315,0,-2.27027027027,-4.2,-1.16666666667,-1.43949904722,0.0164554536196,0.035699492596,-2.0566746066,-0.010247827119,0.00578164371268,-0.627553518124,-0.00581288876569,0.0302543923234,0,0,0,0,0,0,0.000382471680608,0.00321767574551,0,0,-0.21405318514,0,0,0,174,0,42,1116,0.805555555556,1,0,0.194444444444,1,0.805555555556,0.892307692308,0.88110074037,0.805555555556,0.805555555556,2,44,0,0,0,0
3310,WLNM_dir_neg,1,0.954545454545,00:00:03,10,80,18,1237887342,threshold_sweep,0.7,1,0.0454545454545,0.0869565217391,2,0,42,88,0.0454545454545,1,0,0.954545454545,1,0.0454545454545,0.0869565217391,0.681818181818,0.661616161616,0.0597014925373,0.175411603861,0.0454545454545,216,172,44,0,216,0,172,0,44,37,216,0.162162162162,1.32432432432,11.6756756757,21.6,6,8.1990990496,0.702237650082,0.31006006006,10.329336629,1.76937710775,0.765265265265,3.0868314707,0.528762798222,0.252752752753,0.579945114934,0.437917739848,2,1.32432432432,0.579945114934,2,0.0121701261701,0.00597269624573,7,0.000900900900901,0.621196581197,37,37,37,1,0,0.72972972973,0.243243243243,0.027027027027,37,0.129129129129,1.32432432432,9.2972972973,17.2,4.77777777778,6.64941461444,0.715198664925,0.341766184789,8.2435706133,1.77332623658,0.773727215588,2.53000017804,0.544244224347,0.294154619736,0.579945114934,0.437917739848,2,1.32432432432,0.579945114934,2,0.0109504539629,0.00674763832659,5,0.000643500643501,0.402698951612,37,37,37,1,0,0.72972972973,0.243243243243,0.027027027027,37,174,0.130630630631,1.32432432432,9.40540540541,17.4,4.83333333333,6.75960000238,0.718693103701,0.345759552656,8.2726620224,1.75912928063,0.771046908978,2.45927795258,0.522949909457,0.283007145076,0.579945114934,0.437917739848,2,1.32432432432,0.579945114934,2,0.0125525978507,0.00919037199125,7,0.000900900900901,0.407143396056,37,37,37,1,0,0.72972972973,0.243243243243,0.027027027027,-42,-0.0315315315315,0,-2.27027027027,-4.2,-1.16666666667,-1.43949904722,0.0164554536196,0.035699492596,-2.0566746066,-0.010247827119,0.00578164371268,-0.627553518124,-0.00581288876569,0.0302543923234,0,0,0,0,0,0,0.000382471680608,0.00321767574551,0,0,-0.21405318514,0,0,0,174,0,42,1116,0.805555555556,1,0,0.194444444444,1,0.805555555556,0.892307692308,0.88110074037,0.805555555556,0.805555555556,2,44,0,0,0,0
3311,WLNM_dir_neg,1,0.954545454545,00:00:03,10,80,18,1237887342,threshold_sweep,0.8,1,0.0454545454545,0.0869565217391,2,0,42,88,0.0454545454545,1,0,0.954545454545,1,0.0454545454545,0.0869565217391,0.681818181818,0.661616161616,0.0597014925373,0.175411603861,0.0454545454545,216,172,44,0,216,0,172,0,44,37,216,0.162162162162,1.32432432432,11.6756756757,21.6,6,8.1990990496,0.702237650082,0.31006006006,10.329336629,1.76937710775,0.765265265265,3.0868314707,0.528762798222,0.252752752753,0.579945114934,0.437917739848,2,1.32432432432,0.579945114934,2,0.0121701261701,0.00597269624573,7,0.000900900900901,0.621196581197,37,37,37,1,0,0.72972972973,0.243243243243,0.027027027027,37,0.129129129129,1.32432432432,9.2972972973,17.2,4.77777777778,6.64941461444,0.715198664925,0.341766184789,8.2435706133,1.77332623658,0.773727215588,2.53000017804,0.544244224347,0.294154619736,0.579945114934,0.437917739848,2,1.32432432432,0.579945114934,2,0.0109504539629,0.00674763832659,5,0.000643500643501,0.402698951612,37,37,37,1,0,0.72972972973,0.243243243243,0.027027027027,37,174,0.130630630631,1.32432432432,9.40540540541,17.4,4.83333333333,6.75960000238,0.718693103701,0.345759552656,8.2726620224,1.75912928063,0.771046908978,2.45927795258,0.522949909457,0.283007145076,0.579945114934,0.437917739848,2,1.32432432432,0.579945114934,2,0.0125525978507,0.00919037199125,7,0.000900900900901,0.407143396056,37,37,37,1,0,0.72972972973,0.243243243243,0.027027027027,-42,-0.0315315315315,0,-2.27027027027,-4.2,-1.16666666667,-1.43949904722,0.0164554536196,0.035699492596,-2.0566746066,-0.010247827119,0.00578164371268,-0.627553518124,-0.00581288876569,0.0302543923234,0,0,0,0,0,0,0.000382471680608,0.00321767574551,0,0,-0.21405318514,0,0,0,174,0,42,1116,0.805555555556,1,0,0.194444444444,1,0.805555555556,0.892307692308,0.88110074037,0.805555555556,0.805555555556,2,44,0,0,0,0
3312,WLNM_dir_neg,1,0.954545454545,00:00:03,10,80,18,1237887342,threshold_sweep,0.9,1,0.0454545454545,0.0869565217391,2,0,42,88,0.0454545454545,1,0,0.954545454545,1,0.0454545454545,0.0869565217391,0.681818181818,0.661616161616,0.0597014925373,0.175411603861,0.0454545454545,216,172,44,0,216,0,172,0,44,37,216,0.162162162162,1.32432432432,11.6756756757,21.6,6,8.1990990496,0.702237650082,0.31006006006,10.329336629,1.76937710775,0.765265265265,3.0868314707,0.528762798222,0.252752752753,0.579945114934,0.437917739848,2,1.32432432432,0.579945114934,2,0.0121701261701,0.00597269624573,7,0.000900900900901,0.621196581197,37,37,37,1,0,0.72972972973,0.243243243243,0.027027027027,37,0.129129129129,1.32432432432,9.2972972973,17.2,4.77777777778,6.64941461444,0.715198664925,0.341766184789,8.2435706133,1.77332623658,0.773727215588,2.53000017804,0.544244224347,0.294154619736,0.579945114934,0.437917739848,2,1.32432432432,0.579945114934,2,0.0109504539629,0.00674763832659,5,0.000643500643501,0.402698951612,37,37,37,1,0,0.72972972973,0.243243243243,0.027027027027,37,174,0.130630630631,1.32432432432,9.40540540541,17.4,4.83333333333,6.75960000238,0.718693103701,0.345759552656,8.2726620224,1.75912928063,0.771046908978,2.45927795258,0.522949909457,0.283007145076,0.579945114934,0.437917739848,2,1.32432432432,0.579945114934,2,0.0125525978507,0.00919037199125,7,0.000900900900901,0.407143396056,37,37,37,1,0,0.72972972973,0.243243243243,0.027027027027,-42,-0.0315315315315,0,-2.27027027027,-4.2,-1.16666666667,-1.43949904722,0.0164554536196,0.035699492596,-2.0566746066,-0.010247827119,0.00578164371268,-0.627553518124,-0.00581288876569,0.0302543923234,0,0,0,0,0,0,0.000382471680608,0.00321767574551,0,0,-0.21405318514,0,0,0,174,0,42,1116,0.805555555556,1,0,0.194444444444,1,0.805555555556,0.892307692308,0.88110074037,0.805555555556,0.805555555556,2,44,0,0,0,0
3313,WLNM_dir_neg,0.988894628099,0.932839262187,00:00:03,10,80,19,1237887343,threshold_sweep,0.1,1,0.0454545454545,0.0869565217391,2,0,42,88,0.0454545454545,1,0,0.954545454545,1,0.0454545454545,0.0869565217391,0.681818181818,0.661616161616,0.0597014925373,0.175411603861,0.0454545454545,216,172,44,0,216,0,172,0,44,37,216,0.162162162162,1.32432432432,11.6756756757,21.6,6,8.1990990496,0.702237650082,0.31006006006,10.329336629,1.76937710775,0.765265265265,3.0868314707,0.528762798222,0.252752752753,0.579945114934,0.437917739848,2,1.32432432432,0.579945114934,2,0.0121701261701,0.00597269624573,7,0.000900900900901,0.621196581197,37,37,37,1,0,0.72972972973,0.243243243243,0.027027027027,37,0.129129129129,1.32046332046,9.2972972973,17.2,4.91428571429,6.72005648482,0.722796773076,0.3474230044,8.26376365767,1.77767008915,0.774041483344,2.63750951779,0.567371233479,0.312382149591,0.56884874529,0.430794810029,2,1.32046332046,0.56884874529,2,0,0,0,0,0.413824953361,37,37,37,1,0,0.72972972973,0.216216216216,0.0540540540541,37,174,0.130630630631,1.32132132132,9.40540540541,17.4,4.97142857143,6.80873401293,0.723917122065,0.350264057161,8.28608225636,1.76198300854,0.771357564461,2.56974777042,0.546440617849,0.301025163094,0.571249793283,0.432332229917,2,1.32132132132,0.571249793283,2,0,0,0,0,0.418763224966,37,37,37,1,0,0.72972972973,0.216216216216,0.0540540540541,-42,-0.0315315315315,-0.003003003003,-2.27027027027,-4.2,-1.02857142857,-1.39036503667,0.0216794719828,0.0402039971005,-2.04325437264,-0.00739409920906,0.00609229919575,-0.517083700279,0.0176778196265,0.0482724103414,-0.00869532165105,-0.00558550993171,0,-0.003003003003,-0.00869532165105,0,-0.0121701261701,-0.00597269624573,-7,-0.000900900900901,-0.20243335623,0,-0.027027027027,0.027027027027,174,0,42,1116,0.805555555556,1,0,0.194444444444,1,0.805555555556,0.892307692308,0.88110074037,0.805555555556,0.805555555556,2,44,0,0,0,0
3314,WLNM_dir_neg,0.988894628099,0.932839262187,00:00:03,10,80,19,1237887343,threshold_sweep,0.2,1,0.0454545454545,0.0869565217391,2,0,42,88,0.0454545454545,1,0,0.954545454545,1,0.0454545454545,0.0869565217391,0.681818181818,0.661616161616,0.0597014925373,0.175411603861,0.0454545454545,216,172,44,0,216,0,172,0,44,37,216,0.162162162162,1.32432432432,11.6756756757,21.6,6,8.1990990496,0.702237650082,0.31006006006,10.329336629,1.76937710775,0.765265265265,3.0868314707,0.528762798222,0.252752752753,0.579945114934,0.437917739848,2,1.32432432432,0.579945114934,2,0.0121701261701,0.00597269624573,7,0.000900900900901,0.621196581197,37,37,37,1,0,0.72972972973,0.243243243243,0.027027027027,37,0.129129129129,1.32046332046,9.2972972973,17.2,4.91428571429,6.72005648482,0.722796773076,0.3474230044,8.26376365767,1.77767008915,0.774041483344,2.63750951779,0.567371233479,0.312382149591,0.56884874529,0.430794810029,2,1.32046332046,0.56884874529,2,0,0,0,0,0.413824953361,37,37,37,1,0,0.72972972973,0.216216216216,0.0540540540541,37,174,0.130630630631,1.32132132132,9.40540540541,17.4,4.97142857143,6.80873401293,0.723917122065,0.350264057161,8.28608225636,1.76198300854,0.771357564461,2.56974777042,0.546440617849,0.301025163094,0.571249793283,0.432332229917,2,1.32132132132,0.571249793283,2,0,0,0,0,0.418763224966,37,37,37,1,0,0.72972972973,0.216216216216,0.0540540540541,-42,-0.0315315315315,-0.003003003003,-2.27027027027,-4.2,-1.02857142857,-1.39036503667,0.0216794719828,0.0402039971005,-2.04325437264,-0.00739409920906,0.00609229919575,-0.517083700279,0.0176778196265,0.0482724103414,-0.00869532165105,-0.00558550993171,0,-0.003003003003,-0.00869532165105,0,-0.0121701261701,-0.00597269624573,-7,-0.000900900900901,-0.20243335623,0,-0.027027027027,0.027027027027,174,0,42,1116,0.805555555556,1,0,0.194444444444,1,0.805555555556,0.892307692308,0.88110074037,0.805555555556,0.805555555556,2,44,0,0,0,0
3315,WLNM_dir_neg,0.988894628099,0.932839262187,00:00:03,10,80,19,1237887343,threshold_sweep,0.3,1,0.0454545454545,0.0869565217391,2,0,42,88,0.0454545454545,1,0,0.954545454545,1,0.0454545454545,0.0869565217391,0.681818181818,0.661616161616,0.0597014925373,0.175411603861,0.0454545454545,216,172,44,0,216,0,172,0,44,37,216,0.162162162162,1.32432432432,11.6756756757,21.6,6,8.1990990496,0.702237650082,0.31006006006,10.329336629,1.76937710775,0.765265265265,3.0868314707,0.528762798222,0.252752752753,0.579945114934,0.437917739848,2,1.32432432432,0.579945114934,2,0.0121701261701,0.00597269624573,7,0.000900900900901,0.621196581197,37,37,37,1,0,0.72972972973,0.243243243243,0.027027027027,37,0.129129129129,1.32046332046,9.2972972973,17.2,4.91428571429,6.72005648482,0.722796773076,0.3474230044,8.26376365767,1.77767008915,0.774041483344,2.63750951779,0.567371233479,0.312382149591,0.56884874529,0.430794810029,2,1.32046332046,0.56884874529,2,0,0,0,0,0.413824953361,37,37,37,1,0,0.72972972973,0.216216216216,0.0540540540541,37,174,0.130630630631,1.32132132132,9.40540540541,17.4,4.97142857143,6.80873401293,0.723917122065,0.350264057161,8.28608225636,1.76198300854,0.771357564461,2.56974777042,0.546440617849,0.301025163094,0.571249793283,0.432332229917,2,1.32132132132,0.571249793283,2,0,0,0,0,0.418763224966,37,37,37,1,0,0.72972972973,0.216216216216,0.0540540540541,-42,-0.0315315315315,-0.003003003003,-2.27027027027,-4.2,-1.02857142857,-1.39036503667,0.0216794719828,0.0402039971005,-2.04325437264,-0.00739409920906,0.00609229919575,-0.517083700279,0.0176778196265,0.0482724103414,-0.00869532165105,-0.00558550993171,0,-0.003003003003,-0.00869532165105,0,-0.0121701261701,-0.00597269624573,-7,-0.000900900900901,-0.20243335623,0,-0.027027027027,0.027027027027,174,0,42,1116,0.805555555556,1,0,0.194444444444,1,0.805555555556,0.892307692308,0.88110074037,0.805555555556,0.805555555556,2,44,0,0,0,0
3316,WLNM_dir_neg,0.988894628099,0.932839262187,00:00:03,10,80,19,1237887343,threshold_sweep,0.4,1,0.0454545454545,0.0869565217391,2,0,42,88,0.0454545454545,1,0,0.954545454545,1,0.0454545454545,0.0869565217391,0.681818181818,0.661616161616,0.0597014925373,0.175411603861,0.0454545454545,216,172,44,0,216,0,172,0,44,37,216,0.162162162162,1.32432432432,11.6756756757,21.6,6,8.1990990496,0.702237650082,0.31006006006,10.329336629,1.76937710775,0.765265265265,3.0868314707,0.528762798222,0.252752752753,0.579945114934,0.437917739848,2,1.32432432432,0.579945114934,2,0.0121701261701,0.00597269624573,7,0.000900900900901,0.621196581197,37,37,37,1,0,0.72972972973,0.243243243243,0.027027027027,37,0.129129129129,1.32046332046,9.2972972973,17.2,4.91428571429,6.72005648482,0.722796773076,0.3474230044,8.26376365767,1.77767008915,0.774041483344,2.63750951779,0.567371233479,0.312382149591,0.56884874529,0.430794810029,2,1.32046332046,0.56884874529,2,0,0,0,0,0.413824953361,37,37,37,1,0,0.72972972973,0.216216216216,0.0540540540541,37,174,0.130630630631,1.32132132132,9.40540540541,17.4,4.97142857143,6.80873401293,0.723917122065,0.350264057161,8.28608225636,1.76198300854,0.771357564461,2.56974777042,0.546440617849,0.301025163094,0.571249793283,0.432332229917,2,1.32132132132,0.571249793283,2,0,0,0,0,0.418763224966,37,37,37,1,0,0.72972972973,0.216216216216,0.0540540540541,-42,-0.0315315315315,-0.003003003003,-2.27027027027,-4.2,-1.02857142857,-1.39036503667,0.0216794719828,0.0402039971005,-2.04325437264,-0.00739409920906,0.00609229919575,-0.517083700279,0.0176778196265,0.0482724103414,-0.00869532165105,-0.00558550993171,0,-0.003003003003,-0.00869532165105,0,-0.0121701261701,-0.00597269624573,-7,-0.000900900900901,-0.20243335623,0,-0.027027027027,0.027027027027,174,0,42,1116,0.805555555556,1,0,0.194444444444,1,0.805555555556,0.892307692308,0.88110074037,0.805555555556,0.805555555556,2,44,0,0,0,0
3317,WLNM_dir_neg,0.988894628099,0.932839262187,00:00:03,10,80,19,1237887343,threshold_sweep,0.5,1,0.0454545454545,0.0869565217391,2,0,42,88,0.0454545454545,1,0,0.954545454545,1,0.0454545454545,0.0869565217391,0.681818181818,0.661616161616,0.0597014925373,0.175411603861,0.0454545454545,216,172,44,0,216,0,172,0,44,37,216,0.162162162162,1.32432432432,11.6756756757,21.6,6,8.1990990496,0.702237650082,0.31006006006,10.329336629,1.76937710775,0.765265265265,3.0868314707,0.528762798222,0.252752752753,0.579945114934,0.437917739848,2,1.32432432432,0.579945114934,2,0.0121701261701,0.00597269624573,7,0.000900900900901,0.621196581197,37,37,37,1,0,0.72972972973,0.243243243243,0.027027027027,37,0.129129129129,1.32046332046,9.2972972973,17.2,4.91428571429,6.72005648482,0.722796773076,0.3474230044,8.26376365767,1.77767008915,0.774041483344,2.63750951779,0.567371233479,0.312382149591,0.56884874529,0.430794810029,2,1.32046332046,0.56884874529,2,0,0,0,0,0.413824953361,37,37,37,1,0,0.72972972973,0.216216216216,0.0540540540541,37,174,0.130630630631,1.32132132132,9.40540540541,17.4,4.97142857143,6.80873401293,0.723917122065,0.350264057161,8.28608225636,1.76198300854,0.771357564461,2.56974777042,0.546440617849,0.301025163094,0.571249793283,0.432332229917,2,1.32132132132,0.571249793283,2,0,0,0,0,0.418763224966,37,37,37,1,0,0.72972972973,0.216216216216,0.0540540540541,-42,-0.0315315315315,-0.003003003003,-2.27027027027,-4.2,-1.02857142857,-1.39036503667,0.0216794719828,0.0402039971005,-2.04325437264,-0.00739409920906,0.00609229919575,-0.517083700279,0.0176778196265,0.0482724103414,-0.00869532165105,-0.00558550993171,0,-0.003003003003,-0.00869532165105,0,-0.0121701261701,-0.00597269624573,-7,-0.000900900900901,-0.20243335623,0,-0.027027027027,0.027027027027,174,0,42,1116,0.805555555556,1,0,0.194444444444,1,0.805555555556,0.892307692308,0.88110074037,0.805555555556,0.805555555556,2,44,0,0,0,0
3318,WLNM_dir_neg,0.988894628099,0.932839262187,00:00:03,10,80,19,1237887343,threshold_sweep,0.6,1,0.0454545454545,0.0869565217391,2,0,42,88,0.0454545454545,1,0,0.954545454545,1,0.0454545454545,0.0869565217391,0.681818181818,0.661616161616,0.0597014925373,0.175411603861,0.0454545454545,216,172,44,0,216,0,172,0,44,37,216,0.162162162162,1.32432432432,11.6756756757,21.6,6,8.1990990496,0.702237650082,0.31006006006,10.329336629,1.76937710775,0.765265265265,3.0868314707,0.528762798222,0.252752752753,0.579945114934,0.437917739848,2,1.32432432432,0.579945114934,2,0.0121701261701,0.00597269624573,7,0.000900900900901,0.621196581197,37,37,37,1,0,0.72972972973,0.243243243243,0.027027027027,37,0.129129129129,1.32046332046,9.2972972973,17.2,4.91428571429,6.72005648482,0.722796773076,0.3474230044,8.26376365767,1.77767008915,0.774041483344,2.63750951779,0.567371233479,0.312382149591,0.56884874529,0.430794810029,2,1.32046332046,0.56884874529,2,0,0,0,0,0.413824953361,37,37,37,1,0,0.72972972973,0.216216216216,0.0540540540541,37,174,0.130630630631,1.32132132132,9.40540540541,17.4,4.97142857143,6.80873401293,0.723917122065,0.350264057161,8.28608225636,1.76198300854,0.771357564461,2.56974777042,0.546440617849,0.301025163094,0.571249793283,0.432332229917,2,1.32132132132,0.571249793283,2,0,0,0,0,0.418763224966,37,37,37,1,0,0.72972972973,0.216216216216,0.0540540540541,-42,-0.0315315315315,-0.003003003003,-2.27027027027,-4.2,-1.02857142857,-1.39036503667,0.0216794719828,0.0402039971005,-2.04325437264,-0.00739409920906,0.00609229919575,-0.517083700279,0.0176778196265,0.0482724103414,-0.00869532165105,-0.00558550993171,0,-0.003003003003,-0.00869532165105,0,-0.0121701261701,-0.00597269624573,-7,-0.000900900900901,-0.20243335623,0,-0.027027027027,0.027027027027,174,0,42,1116,0.805555555556,1,0,0.194444444444,1,0.805555555556,0.892307692308,0.88110074037,0.805555555556,0.805555555556,2,44,0,0,0,0
3319,WLNM_dir_neg,0.988894628099,0.932839262187,00:00:03,10,80,19,1237887343,threshold_sweep,0.7,1,0.0454545454545,0.0869565217391,2,0,42,88,0.0454545454545,1,0,0.954545454545,1,0.0454545454545,0.0869565217391,0.681818181818,0.661616161616,0.0597014925373,0.175411603861,0.0454545454545,216,172,44,0,216,0,172,0,44,37,216,0.162162162162,1.32432432432,11.6756756757,21.6,6,8.1990990496,0.702237650082,0.31006006006,10.329336629,1.76937710775,0.765265265265,3.0868314707,0.528762798222,0.252752752753,0.579945114934,0.437917739848,2,1.32432432432,0.579945114934,2,0.0121701261701,0.00597269624573,7,0.000900900900901,0.621196581197,37,37,37,1,0,0.72972972973,0.243243243243,0.027027027027,37,0.129129129129,1.32046332046,9.2972972973,17.2,4.91428571429,6.72005648482,0.722796773076,0.3474230044,8.26376365767,1.77767008915,0.774041483344,2.63750951779,0.567371233479,0.312382149591,0.56884874529,0.430794810029,2,1.32046332046,0.56884874529,2,0,0,0,0,0.413824953361,37,37,37,1,0,0.72972972973,0.216216216216,0.0540540540541,37,174,0.130630630631,1.32132132132,9.40540540541,17.4,4.97142857143,6.80873401293,0.723917122065,0.350264057161,8.28608225636,1.76198300854,0.771357564461,2.56974777042,0.546440617849,0.301025163094,0.571249793283,0.432332229917,2,1.32132132132,0.571249793283,2,0,0,0,0,0.418763224966,37,37,37,1,0,0.72972972973,0.216216216216,0.0540540540541,-42,-0.0315315315315,-0.003003003003,-2.27027027027,-4.2,-1.02857142857,-1.39036503667,0.0216794719828,0.0402039971005,-2.04325437264,-0.00739409920906,0.00609229919575,-0.517083700279,0.0176778196265,0.0482724103414,-0.00869532165105,-0.00558550993171,0,-0.003003003003,-0.00869532165105,0,-0.0121701261701,-0.00597269624573,-7,-0.000900900900901,-0.20243335623,0,-0.027027027027,0.027027027027,174,0,42,1116,0.805555555556,1,0,0.194444444444,1,0.805555555556,0.892307692308,0.88110074037,0.805555555556,0.805555555556,2,44,0,0,0,0
3320,WLNM_dir_neg,0.988894628099,0.932839262187,00:00:03,10,80,19,1237887343,threshold_sweep,0.8,1,0.0454545454545,0.0869565217391,2,0,42,88,0.0454545454545,1,0,0.954545454545,1,0.0454545454545,0.0869565217391,0.681818181818,0.661616161616,0.0597014925373,0.175411603861,0.0454545454545,216,172,44,0,216,0,172,0,44,37,216,0.162162162162,1.32432432432,11.6756756757,21.6,6,8.1990990496,0.702237650082,0.31006006006,10.329336629,1.76937710775,0.765265265265,3.0868314707,0.528762798222,0.252752752753,0.579945114934,0.437917739848,2,1.32432432432,0.579945114934,2,0.0121701261701,0.00597269624573,7,0.000900900900901,0.621196581197,37,37,37,1,0,0.72972972973,0.243243243243,0.027027027027,37,0.129129129129,1.32046332046,9.2972972973,17.2,4.91428571429,6.72005648482,0.722796773076,0.3474230044,8.26376365767,1.77767008915,0.774041483344,2.63750951779,0.567371233479,0.312382149591,0.56884874529,0.430794810029,2,1.32046332046,0.56884874529,2,0,0,0,0,0.413824953361,37,37,37,1,0,0.72972972973,0.216216216216,0.0540540540541,37,174,0.130630630631,1.32132132132,9.40540540541,17.4,4.97142857143,6.80873401293,0.723917122065,0.350264057161,8.28608225636,1.76198300854,0.771357564461,2.56974777042,0.546440617849,0.301025163094,0.571249793283,0.432332229917,2,1.32132132132,0.571249793283,2,0,0,0,0,0.418763224966,37,37,37,1,0,0.72972972973,0.216216216216,0.0540540540541,-42,-0.0315315315315,-0.003003003003,-2.27027027027,-4.2,-1.02857142857,-1.39036503667,0.0216794719828,0.0402039971005,-2.04325437264,-0.00739409920906,0.00609229919575,-0.517083700279,0.0176778196265,0.0482724103414,-0.00869532165105,-0.00558550993171,0,-0.003003003003,-0.00869532165105,0,-0.0121701261701,-0.00597269624573,-7,-0.000900900900901,-0.20243335623,0,-0.027027027027,0.027027027027,174,0,42,1116,0.805555555556,1,0,0.194444444444,1,0.805555555556,0.892307692308,0.88110074037,0.805555555556,0.805555555556,2,44,0,0,0,0
3321,WLNM_dir_neg,0.988894628099,0.932839262187,00:00:03,10,80,19,1237887343,threshold_sweep,0.9,1,0.0454545454545,0.0869565217391,2,0,42,88,0.0454545454545,1,0,0.954545454545,1,0.0454545454545,0.0869565217391,0.681818181818,0.661616161616,0.0597014925373,0.175411603861,0.0454545454545,216,172,44,0,216,0,172,0,44,37,216,0.162162162162,1.32432432432,11.6756756757,21.6,6,8.1990990496,0.702237650082,0.31006006006,10.329336629,1.76937710775,0.765265265265,3.0868314707,0.528762798222,0.252752752753,0.579945114934,0.437917739848,2,1.32432432432,0.579945114934,2,0.0121701261701,0.00597269624573,7,0.000900900900901,0.621196581197,37,37,37,1,0,0.72972972973,0.243243243243,0.027027027027,37,0.129129129129,1.32046332046,9.2972972973,17.2,4.91428571429,6.72005648482,0.722796773076,0.3474230044,8.26376365767,1.77767008915,0.774041483344,2.63750951779,0.567371233479,0.312382149591,0.56884874529,0.430794810029,2,1.32046332046,0.56884874529,2,0,0,0,0,0.413824953361,37,37,37,1,0,0.72972972973,0.216216216216,0.0540540540541,37,174,0.130630630631,1.32132132132,9.40540540541,17.4,4.97142857143,6.80873401293,0.723917122065,0.350264057161,8.28608225636,1.76198300854,0.771357564461,2.56974777042,0.546440617849,0.301025163094,0.571249793283,0.432332229917,2,1.32132132132,0.571249793283,2,0,0,0,0,0.418763224966,37,37,37,1,0,0.72972972973,0.216216216216,0.0540540540541,-42,-0.0315315315315,-0.003003003003,-2.27027027027,-4.2,-1.02857142857,-1.39036503667,0.0216794719828,0.0402039971005,-2.04325437264,-0.00739409920906,0.00609229919575,-0.517083700279,0.0176778196265,0.0482724103414,-0.00869532165105,-0.00558550993171,0,-0.003003003003,-0.00869532165105,0,-0.0121701261701,-0.00597269624573,-7,-0.000900900900901,-0.20243335623,0,-0.027027027027,0.027027027027,174,0,42,1116,0.805555555556,1,0,0.194444444444,1,0.805555555556,0.892307692308,0.88110074037,0.805555555556,0.805555555556,2,44,0,0,0,0
3322,WLNM_dir_neg,0.994705578512,0.966689623508,00:00:03,10,80,20,1237887344,threshold_sweep,0.1,1,0.0909090909091,0.166666666667,4,0,40,88,0.0909090909091,1,0,0.909090909091,1,0.0909090909091,0.166666666667,0.69696969697,0.656565656566,0.117647058824,0.25,0.0909090909091,216,172,44,0,216,0,172,0,44,37,216,0.162162162162,1.32432432432,11.6756756757,21.6,6,8.1990990496,0.702237650082,0.31006006006,10.329336629,1.76937710775,0.765265265265,3.0868314707,0.528762798222,0.252752752753,0.579945114934,0.437917739848,2,1.32432432432,0.579945114934,2,0.0121701261701,0.00597269624573,7,0.000900900900901,0.621196581197,37,37,37,1,0,0.72972972973,0.243243243243,0.027027027027,37,0.129129129129,1.32882882883,9.2972972973,17.2,4.91428571429,6.66193525797,0.716545362049,0.337209302326,8.34404716688,1.79494037892,0.776241357637,2.63750951779,0.567371233479,0.303268384664,0.593803505044,0.446862298711,2.16666666667,1.33796296296,0.5995846593,2.16666666667,0.0102567215084,0.00404312668464,3,0.0003861003861,0.404501987545,37,36,36,0.972972972973,0,0.702702702703,0.243243243243,0.027027027027,37,176,0.132132132132,1.32432432432,9.51351351351,17.6,4.88888888889,6.7766823316,0.712321722356,0.338605651106,8.38783976098,1.76335267702,0.770884520885,2.4878081094,0.523005113908,0.28101965602,0.579945114934,0.437917739848,2,1.32432432432,0.579945114934,2,0.0127441512629,0.00774193548387,6,0.000772200772201,0.410427913471,37,37,37,1,0,0.72972972973,0.243243243243,0.027027027027,-40,-0.03003003003,0,-2.16216216216,-4,-1.11111111111,-1.422416718,0.0100840722738,0.0285455910456,-1.94149686802,-0.00602443072138,0.00561925561926,-0.599023361305,-0.00575768431479,0.0282669032669,0,0,0,0,0,0,0.000574025092764,0.00176923923814,-1,-0.0001287001287,-0.210768667725,0,0,0,176,0,40,1116,0.814814814815,1,0,0.185185185185,1,0.814814814815,0.897959183673,0.886916304149,0.814814814815,0.814814814815,4,44,0,0,0,0
3323,WLNM_dir_neg,0.994705578512,0.966689623508,00:00:03,10,80,20,1237887344,threshold_sweep,0.2,1,0.0909090909091,0.166666666667,4,0,40,88,0.0909090909091,1,0,0.909090909091,1,0.0909090909091,0.166666666667,0.69696969697,0.656565656566,0.117647058824,0.25,0.0909090909091,216,172,44,0,216,0,172,0,44,37,216,0.162162162162,1.32432432432,11.6756756757,21.6,6,8.1990990496,0.702237650082,0.31006006006,10.329336629,1.76937710775,0.765265265265,3.0868314707,0.528762798222,0.252752752753,0.579945114934,0.437917739848,2,1.32432432432,0.579945114934,2,0.0121701261701,0.00597269624573,7,0.000900900900901,0.621196581197,37,37,37,1,0,0.72972972973,0.243243243243,0.027027027027,37,0.129129129129,1.32882882883,9.2972972973,17.2,4.91428571429,6.66193525797,0.716545362049,0.337209302326,8.34404716688,1.79494037892,0.776241357637,2.63750951779,0.567371233479,0.303268384664,0.593803505044,0.446862298711,2.16666666667,1.33796296296,0.5995846593,2.16666666667,0.0102567215084,0.00404312668464,3,0.0003861003861,0.404501987545,37,36,36,0.972972972973,0,0.702702702703,0.243243243243,0.027027027027,37,176,0.132132132132,1.32432432432,9.51351351351,17.6,4.88888888889,6.7766823316,0.712321722356,0.338605651106,8.38783976098,1.76335267702,0.770884520885,2.4878081094,0.523005113908,0.28101965602,0.579945114934,0.437917739848,2,1.32432432432,0.579945114934,2,0.0127441512629,0.00774193548387,6,0.000772200772201,0.410427913471,37,37,37,1,0,0.72972972973,0.243243243243,0.027027027027,-40,-0.03003003003,0,-2.16216216216,-4,-1.11111111111,-1.422416718,0.0100840722738,0.0285455910456,-1.94149686802,-0.00602443072138,0.00561925561926,-0.599023361305,-0.00575768431479,0.0282669032669,0,0,0,0,0,0,0.000574025092764,0.00176923923814,-1,-0.0001287001287,-0.210768667725,0,0,0,176,0,40,1116,0.814814814815,1,0,0.185185185185,1,0.814814814815,0.897959183673,0.886916304149,0.814814814815,0.814814814815,4,44,0,0,0,0
3324,WLNM_dir_neg,0.994705578512,0.966689623508,00:00:03,10,80,20,1237887344,threshold_sweep,0.3,1,0.0909090909091,0.166666666667,4,0,40,88,0.0909090909091,1,0,0.909090909091,1,0.0909090909091,0.166666666667,0.69696969697,0.656565656566,0.117647058824,0.25,0.0909090909091,216,172,44,0,216,0,172,0,44,37,216,0.162162162162,1.32432432432,11.6756756757,21.6,6,8.1990990496,0.702237650082,0.31006006006,10.329336629,1.76937710775,0.765265265265,3.0868314707,0.528762798222,0.252752752753,0.579945114934,0.437917739848,2,1.32432432432,0.579945114934,2,0.0121701261701,0.00597269624573,7,0.000900900900901,0.621196581197,37,37,37,1,0,0.72972972973,0.243243243243,0.027027027027,37,0.129129129129,1.32882882883,9.2972972973,17.2,4.91428571429,6.66193525797,0.716545362049,0.337209302326,8.34404716688,1.79494037892,0.776241357637,2.63750951779,0.567371233479,0.303268384664,0.593803505044,0.446862298711,2.16666666667,1.33796296296,0.5995846593,2.16666666667,0.0102567215084,0.00404312668464,3,0.0003861003861,0.404501987545,37,36,36,0.972972972973,0,0.702702702703,0.243243243243,0.027027027027,37,176,0.132132132132,1.32432432432,9.51351351351,17.6,4.88888888889,6.7766823316,0.712321722356,0.338605651106,8.38783976098,1.76335267702,0.770884520885,2.4878081094,0.523005113908,0.28101965602,0.579945114934,0.437917739848,2,1.32432432432,0.579945114934,2,0.0127441512629,0.00774193548387,6,0.000772200772201,0.410427913471,37,37,37,1,0,0.72972972973,0.243243243243,0.027027027027,-40,-0.03003003003,0,-2.16216216216,-4,-1.11111111111,-1.422416718,0.0100840722738,0.0285455910456,-1.94149686802,-0.00602443072138,0.00561925561926,-0.599023361305,-0.00575768431479,0.0282669032669,0,0,0,0,0,0,0.000574025092764,0.00176923923814,-1,-0.0001287001287,-0.210768667725,0,0,0,176,0,40,1116,0.814814814815,1,0,0.185185185185,1,0.814814814815,0.897959183673,0.886916304149,0.814814814815,0.814814814815,4,44,0,0,0,0
3325,WLNM_dir_neg,0.994705578512,0.966689623508,00:00:03,10,80,20,1237887344,threshold_sweep,0.4,1,0.0909090909091,0.166666666667,4,0,40,88,0.0909090909091,1,0,0.909090909091,1,0.0909090909091,0.166666666667,0.69696969697,0.656565656566,0.117647058824,0.25,0.0909090909091,216,172,44,0,216,0,172,0,44,37,216,0.162162162162,1.32432432432,11.6756756757,21.6,6,8.1990990496,0.702237650082,0.31006006006,10.329336629,1.76937710775,0.765265265265,3.0868314707,0.528762798222,0.252752752753,0.579945114934,0.437917739848,2,1.32432432432,0.579945114934,2,0.0121701261701,0.00597269624573,7,0.000900900900901,0.621196581197,37,37,37,1,0,0.72972972973,0.243243243243,0.027027027027,37,0.129129129129,1.32882882883,9.2972972973,17.2,4.91428571429,6.66193525797,0.716545362049,0.337209302326,8.34404716688,1.79494037892,0.776241357637,2.63750951779,0.567371233479,0.303268384664,0.593803505044,0.446862298711,2.16666666667,1.33796296296,0.5995846593,2.16666666667,0.0102567215084,0.00404312668464,3,0.0003861003861,0.404501987545,37,36,36,0.972972972973,0,0.702702702703,0.243243243243,0.027027027027,37,176,0.132132132132,1.32432432432,9.51351351351,17.6,4.88888888889,6.7766823316,0.712321722356,0.338605651106,8.38783976098,1.76335267702,0.770884520885,2.4878081094,0.523005113908,0.28101965602,0.579945114934,0.437917739848,2,1.32432432432,0.579945114934,2,0.0127441512629,0.00774193548387,6,0.000772200772201,0.410427913471,37,37,37,1,0,0.72972972973,0.243243243243,0.027027027027,-40,-0.03003003003,0,-2.16216216216,-4,-1.11111111111,-1.422416718,0.0100840722738,0.0285455910456,-1.94149686802,-0.00602443072138,0.00561925561926,-0.599023361305,-0.00575768431479,0.0282669032669,0,0,0,0,0,0,0.000574025092764,0.00176923923814,-1,-0.0001287001287,-0.210768667725,0,0,0,176,0,40,1116,0.814814814815,1,0,0.185185185185,1,0.814814814815,0.897959183673,0.886916304149,0.814814814815,0.814814814815,4,44,0,0,0,0
3326,WLNM_dir_neg,0.994705578512,0.966689623508,00:00:03,10,80,20,1237887344,threshold_sweep,0.5,1,0.0909090909091,0.166666666667,4,0,40,88,0.0909090909091,1,0,0.909090909091,1,0.0909090909091,0.166666666667,0.69696969697,0.656565656566,0.117647058824,0.25,0.0909090909091,216,172,44,0,216,0,172,0,44,37,216,0.162162162162,1.32432432432,11.6756756757,21.6,6,8.1990990496,0.702237650082,0.31006006006,10.329336629,1.76937710775,0.765265265265,3.0868314707,0.528762798222,0.252752752753,0.579945114934,0.437917739848,2,1.32432432432,0.579945114934,2,0.0121701261701,0.00597269624573,7,0.000900900900901,0.621196581197,37,37,37,1,0,0.72972972973,0.243243243243,0.027027027027,37,0.129129129129,1.32882882883,9.2972972973,17.2,4.91428571429,6.66193525797,0.716545362049,0.337209302326,8.34404716688,1.79494037892,0.776241357637,2.63750951779,0.567371233479,0.303268384664,0.593803505044,0.446862298711,2.16666666667,1.33796296296,0.5995846593,2.16666666667,0.0102567215084,0.00404312668464,3,0.0003861003861,0.404501987545,37,36,36,0.972972972973,0,0.702702702703,0.243243243243,0.027027027027,37,176,0.132132132132,1.32432432432,9.51351351351,17.6,4.88888888889,6.7766823316,0.712321722356,0.338605651106,8.38783976098,1.76335267702,0.770884520885,2.4878081094,0.523005113908,0.28101965602,0.579945114934,0.437917739848,2,1.32432432432,0.579945114934,2,0.0127441512629,0.00774193548387,6,0.000772200772201,0.410427913471,37,37,37,1,0,0.72972972973,0.243243243243,0.027027027027,-40,-0.03003003003,0,-2.16216216216,-4,-1.11111111111,-1.422416718,0.0100840722738,0.0285455910456,-1.94149686802,-0.00602443072138,0.00561925561926,-0.599023361305,-0.00575768431479,0.0282669032669,0,0,0,0,0,0,0.000574025092764,0.00176923923814,-1,-0.0001287001287,-0.210768667725,0,0,0,176,0,40,1116,0.814814814815,1,0,0.185185185185,1,0.814814814815,0.897959183673,0.886916304149,0.814814814815,0.814814814815,4,44,0,0,0,0
3327,WLNM_dir_neg,0.994705578512,0.966689623508,00:00:03,10,80,20,1237887344,threshold_sweep,0.6,1,0.0909090909091,0.166666666667,4,0,40,88,0.0909090909091,1,0,0.909090909091,1,0.0909090909091,0.166666666667,0.69696969697,0.656565656566,0.117647058824,0.25,0.0909090909091,216,172,44,0,216,0,172,0,44,37,216,0.162162162162,1.32432432432,11.6756756757,21.6,6,8.1990990496,0.702237650082,0.31006006006,10.329336629,1.76937710775,0.765265265265,3.0868314707,0.528762798222,0.252752752753,0.579945114934,0.437917739848,2,1.32432432432,0.579945114934,2,0.0121701261701,0.00597269624573,7,0.000900900900901,0.621196581197,37,37,37,1,0,0.72972972973,0.243243243243,0.027027027027,37,0.129129129129,1.32882882883,9.2972972973,17.2,4.91428571429,6.66193525797,0.716545362049,0.337209302326,8.34404716688,1.79494037892,0.776241357637,2.63750951779,0.567371233479,0.303268384664,0.593803505044,0.446862298711,2.16666666667,1.33796296296,0.5995846593,2.16666666667,0.0102567215084,0.00404312668464,3,0.0003861003861,0.404501987545,37,36,36,0.972972972973,0,0.702702702703,0.243243243243,0.027027027027,37,176,0.132132132132,1.32432432432,9.51351351351,17.6,4.88888888889,6.7766823316,0.712321722356,0.338605651106,8.38783976098,1.76335267702,0.770884520885,2.4878081094,0.523005113908,0.28101965602,0.579945114934,0.437917739848,2,1.32432432432,0.579945114934,2,0.0127441512629,0.00774193548387,6,0.000772200772201,0.410427913471,37,37,37,1,0,0.72972972973,0.243243243243,0.027027027027,-40,-0.03003003003,0,-2.16216216216,-4,-1.11111111111,-1.422416718,0.0100840722738,0.0285455910456,-1.94149686802,-0.00602443072138,0.00561925561926,-0.599023361305,-0.00575768431479,0.0282669032669,0,0,0,0,0,0,0.000574025092764,0.00176923923814,-1,-0.0001287001287,-0.210768667725,0,0,0,176,0,40,1116,0.814814814815,1,0,0.185185185185,1,0.814814814815,0.897959183673,0.886916304149,0.814814814815,0.814814814815,4,44,0,0,0,0
3328,WLNM_dir_neg,0.994705578512,0.966689623508,00:00:03,10,80,20,1237887344,threshold_sweep,0.7,1,0.0909090909091,0.166666666667,4,0,40,88,0.0909090909091,1,0,0.909090909091,1,0.0909090909091,0.166666666667,0.69696969697,0.656565656566,0.117647058824,0.25,0.0909090909091,216,172,44,0,216,0,172,0,44,37,216,0.162162162162,1.32432432432,11.6756756757,21.6,6,8.1990990496,0.702237650082,0.31006006006,10.329336629,1.76937710775,0.765265265265,3.0868314707,0.528762798222,0.252752752753,0.579945114934,0.437917739848,2,1.32432432432,0.579945114934,2,0.0121701261701,0.00597269624573,7,0.000900900900901,0.621196581197,37,37,37,1,0,0.72972972973,0.243243243243,0.027027027027,37,0.129129129129,1.32882882883,9.2972972973,17.2,4.91428571429,6.66193525797,0.716545362049,0.337209302326,8.34404716688,1.79494037892,0.776241357637,2.63750951779,0.567371233479,0.303268384664,0.593803505044,0.446862298711,2.16666666667,1.33796296296,0.5995846593,2.16666666667,0.0102567215084,0.00404312668464,3,0.0003861003861,0.404501987545,37,36,36,0.972972972973,0,0.702702702703,0.243243243243,0.027027027027,37,176,0.132132132132,1.32432432432,9.51351351351,17.6,4.88888888889,6.7766823316,0.712321722356,0.338605651106,8.38783976098,1.76335267702,0.770884520885,2.4878081094,0.523005113908,0.28101965602,0.579945114934,0.437917739848,2,1.32432432432,0.579945114934,2,0.0127441512629,0.00774193548387,6,0.000772200772201,0.410427913471,37,37,37,1,0,0.72972972973,0.243243243243,0.027027027027,-40,-0.03003003003,0,-2.16216216216,-4,-1.11111111111,-1.422416718,0.0100840722738,0.0285455910456,-1.94149686802,-0.00602443072138,0.00561925561926,-0.599023361305,-0.00575768431479,0.0282669032669,0,0,0,0,0,0,0.000574025092764,0.00176923923814,-1,-0.0001287001287,-0.210768667725,0,0,0,176,0,40,1116,0.814814814815,1,0,0.185185185185,1,0.814814814815,0.897959183673,0.886916304149,0.814814814815,0.814814814815,4,44,0,0,0,0
3329,WLNM_dir_neg,0.994705578512,0.966689623508,00:00:03,10,80,20,1237887344,threshold_sweep,0.8,1,0.0909090909091,0.166666666667,4,0,40,88,0.0909090909091,1,0,0.909090909091,1,0.0909090909091,0.166666666667,0.69696969697,0.656565656566,0.117647058824,0.25,0.0909090909091,216,172,44,0,216,0,172,0,44,37,216,0.162162162162,1.32432432432,11.6756756757,21.6,6,8.1990990496,0.702237650082,0.31006006006,10.329336629,1.76937710775,0.765265265265,3.0868314707,0.528762798222,0.252752752753,0.579945114934,0.437917739848,2,1.32432432432,0.579945114934,2,0.0121701261701,0.00597269624573,7,0.000900900900901,0.621196581197,37,37,37,1,0,0.72972972973,0.243243243243,0.027027027027,37,0.129129129129,1.32882882883,9.2972972973,17.2,4.91428571429,6.66193525797,0.716545362049,0.337209302326,8.34404716688,1.79494037892,0.776241357637,2.63750951779,0.567371233479,0.303268384664,0.593803505044,0.446862298711,2.16666666667,1.33796296296,0.5995846593,2.16666666667,0.0102567215084,0.00404312668464,3,0.0003861003861,0.404501987545,37,36,36,0.972972972973,0,0.702702702703,0.243243243243,0.027027027027,37,176,0.132132132132,1.32432432432,9.51351351351,17.6,4.88888888889,6.7766823316,0.712321722356,0.338605651106,8.38783976098,1.76335267702,0.770884520885,2.4878081094,0.523005113908,0.28101965602,0.579945114934,0.437917739848,2,1.32432432432,0.579945114934,2,0.0127441512629,0.00774193548387,6,0.000772200772201,0.410427913471,37,37,37,1,0,0.72972972973,0.243243243243,0.027027027027,-40,-0.03003003003,0,-2.16216216216,-4,-1.11111111111,-1.422416718,0.0100840722738,0.0285455910456,-1.94149686802,-0.00602443072138,0.00561925561926,-0.599023361305,-0.00575768431479,0.0282669032669,0,0,0,0,0,0,0.000574025092764,0.00176923923814,-1,-0.0001287001287,-0.210768667725,0,0,0,176,0,40,1116,0.814814814815,1,0,0.185185185185,1,0.814814814815,0.897959183673,0.886916304149,0.814814814815,0.814814814815,4,44,0,0,0,0
3330,WLNM_dir_neg,0.994705578512,0.966689623508,00:00:03,10,80,20,1237887344,threshold_sweep,0.9,1,0.0909090909091,0.166666666667,4,0,40,88,0.0909090909091,1,0,0.909090909091,1,0.0909090909091,0.166666666667,0.69696969697,0.656565656566,0.117647058824,0.25,0.0909090909091,216,172,44,0,216,0,172,0,44,37,216,0.162162162162,1.32432432432,11.6756756757,21.6,6,8.1990990496,0.702237650082,0.31006006006,10.329336629,1.76937710775,0.765265265265,3.0868314707,0.528762798222,0.252752752753,0.579945114934,0.437917739848,2,1.32432432432,0.579945114934,2,0.0121701261701,0.00597269624573,7,0.000900900900901,0.621196581197,37,37,37,1,0,0.72972972973,0.243243243243,0.027027027027,37,0.129129129129,1.32882882883,9.2972972973,17.2,4.91428571429,6.66193525797,0.716545362049,0.337209302326,8.34404716688,1.79494037892,0.776241357637,2.63750951779,0.567371233479,0.303268384664,0.593803505044,0.446862298711,2.16666666667,1.33796296296,0.5995846593,2.16666666667,0.0102567215084,0.00404312668464,3,0.0003861003861,0.404501987545,37,36,36,0.972972972973,0,0.702702702703,0.243243243243,0.027027027027,37,176,0.132132132132,1.32432432432,9.51351351351,17.6,4.88888888889,6.7766823316,0.712321722356,0.338605651106,8.38783976098,1.76335267702,0.770884520885,2.4878081094,0.523005113908,0.28101965602,0.579945114934,0.437917739848,2,1.32432432432,0.579945114934,2,0.0127441512629,0.00774193548387,6,0.000772200772201,0.410427913471,37,37,37,1,0,0.72972972973,0.243243243243,0.027027027027,-40,-0.03003003003,0,-2.16216216216,-4,-1.11111111111,-1.422416718,0.0100840722738,0.0285455910456,-1.94149686802,-0.00602443072138,0.00561925561926,-0.599023361305,-0.00575768431479,0.0282669032669,0,0,0,0,0,0,0.000574025092764,0.00176923923814,-1,-0.0001287001287,-0.210768667725,0,0,0,176,0,40,1116,0.814814814815,1,0,0.185185185185,1,0.814814814815,0.897959183673,0.886916304149,0.814814814815,0.814814814815,4,44,0,0,0,0
3331,WLNM_dir_neg,0.994834710744,0.89898989899,00:00:03,10,80,21,1237887345,threshold_sweep,0.1,1,0.0909090909091,0.166666666667,4,0,40,88,0.0909090909091,1,0,0.909090909091,1,0.0909090909091,0.166666666667,0.69696969697,0.656565656566,0.117647058824,0.25,0.0909090909091,216,172,44,0,216,0,172,0,44,37,216,0.162162162162,1.32432432432,11.6756756757,21.6,6,8.1990990496,0.702237650082,0.31006006006,10.329336629,1.76937710775,0.765265265265,3.0868314707,0.528762798222,0.252752752753,0.579945114934,0.437917739848,2,1.32432432432,0.579945114934,2,0.0121701261701,0.00597269624573,7,0.000900900900901,0.621196581197,37,37,37,1,0,0.72972972973,0.243243243243,0.027027027027,37,0.129129129129,1.32432432432,9.2972972973,17.2,4.77777777778,6.6326836569,0.713399114259,0.345380263985,8.33405402289,1.79279069097,0.775298554368,2.60572250821,0.560533330254,0.30358265242,0.579945114934,0.437917739848,2,1.32432432432,0.579945114934,2,0.0166138339394,0.00405588102749,3,0.0003861003861,0.403103014538,37,37,37,1,0,0.72972972973,0.243243243243,0.027027027027,37,176,0.132132132132,1.32432432432,9.51351351351,17.6,4.88888888889,6.7766823316,0.712321722356,0.343058968059,8.33801670198,1.75287851121,0.768734643735,2.46537584925,0.518289241036,0.282555282555,0.579945114934,0.437917739848,2,1.32432432432,0.579945114934,2,0.0125135399143,0.00903225806452,7,0.000900900900901,0.411991903427,37,37,37,1,0,0.72972972973,0.243243243243,0.027027027027,-40,-0.03003003003,0,-2.16216216216,-4,-1.11111111111,-1.422416718,0.0100840722738,0.0329989079989,-1.99131992702,-0.0164985965333,0.00346937846938,-0.621455621451,-0.0104735571864,0.0298025298025,0,0,0,0,0,0,0.000343413744141,0.00305956181878,0,0,-0.20920467777,0,0,0,176,0,40,1116,0.814814814815,1,0,0.185185185185,1,0.814814814815,0.897959183673,0.886916304149,0.814814814815,0.814814814815,4,44,0,0,0,0
3332,WLNM_dir_neg,0.994834710744,0.89898989899,00:00:03,10,80,21,1237887345,threshold_sweep,0.2,0,0,0,0,0,44,88,0,1,0,1,0,0,0,0.666666666667,0.666666666667,0,0,0,216,172,44,0,216,0,172,0,44,37,216,0.162162162162,1.32432432432,11.6756756757,21.6,6,8.1990990496,0.702237650082,0.31006006006,10.329336629,1.76937710775,0.765265265265,3.0868314707,0.528762798222,0.252752752753,0.579945114934,0.437917739848,2,1.32432432432,0.579945114934,2,0.0121701261701,0.00597269624573,7,0.000900900900901,0.621196581197,37,37,37,1,0,0.72972972973,0.243243243243,0.027027027027,37,0.129129129129,1.32432432432,9.2972972973,17.2,4.77777777778,6.6326836569,0.713399114259,0.345380263985,8.33405402289,1.79279069097,0.775298554368,2.60572250821,0.560533330254,0.30358265242,0.579945114934,0.437917739848,2,1.32432432432,0.579945114934,2,0.0166138339394,0.00405588102749,3,0.0003861003861,0.403103014538,37,37,37,1,0,0.72972972973,0.243243243243,0.027027027027,37,172,0.129129129129,1.32432432432,9.2972972973,17.2,4.77777777778,6.6326836569,0.713399114259,0.345380263985,8.33405402289,1.79279069097,0.775298554368,2.60572250821,0.560533330254,0.30358265242,0.579945114934,0.437917739848,2,1.32432432432,0.579945114934,2,0.0166138339394,0.00405588102749,3,0.0003861003861,0.403103014538,37,37,37,1,0,0.72972972973,0.243243243243,0.027027027027,-44,-0.033033033033,0,-2.37837837838,-4.4,-1.22222222222,-1.56641539271,0.0111614641776,0.0353202039249,-1.99528260611,0.0234135832253,0.0100332891031,-0.481108962494,0.0317705320319,0.0508298996671,0,0,0,0,0,0,0.00444370776925,-0.00191681521824,-4,-0.000514800514801,-0.218093566659,0,0,0,172,0,44,1116,0.796296296296,1,0,0.203703703704,1,0.796296296296,0.886597938144,0.875266790198,0.796296296296,0.796296296296,0,44,0,0,0,0
3333,WLNM_dir_neg,0.994834710744,0.89898989899,00:00:03,10,80,21,1237887345,threshold_sweep,0.3,0,0,0,0,0,44,88,0,1,0,1,0,0,0,0.666666666667,0.666666666667,0,0,0,216,172,44,0,216,0,172,0,44,37,216,0.162162162162,1.32432432432,11.6756756757,21.6,6,8.1990990496,0.702237650082,0.31006006006,10.329336629,1.76937710775,0.765265265265,3.0868314707,0.528762798222,0.252752752753,0.579945114934,0.437917739848,2,1.32432432432,0.579945114934,2,0.0121701261701,0.00597269624573,7,0.000900900900901,0.621196581197,37,37,37,1,0,0.72972972973,0.243243243243,0.027027027027,37,0.129129129129,1.32432432432,9.2972972973,17.2,4.77777777778,6.6326836569,0.713399114259,0.345380263985,8.33405402289,1.79279069097,0.775298554368,2.60572250821,0.560533330254,0.30358265242,0.579945114934,0.437917739848,2,1.32432432432,0.579945114934,2,0.0166138339394,0.00405588102749,3,0.0003861003861,0.403103014538,37,37,37,1,0,0.72972972973,0.243243243243,0.027027027027,37,172,0.129129129129,1.32432432432,9.2972972973,17.2,4.77777777778,6.6326836569,0.713399114259,0.345380263985,8.33405402289,1.79279069097,0.775298554368,2.60572250821,0.560533330254,0.30358265242,0.579945114934,0.437917739848,2,1.32432432432,0.579945114934,2,0.0166138339394,0.00405588102749,3,0.0003861003861,0.403103014538,37,37,37,1,0,0.72972972973,0.243243243243,0.027027027027,-44,-0.033033033033,0,-2.37837837838,-4.4,-1.22222222222,-1.56641539271,0.0111614641776,0.0353202039249,-1.99528260611,0.0234135832253,0.0100332891031,-0.481108962494,0.0317705320319,0.0508298996671,0,0,0,0,0,0,0.00444370776925,-0.00191681521824,-4,-0.000514800514801,-0.218093566659,0,0,0,172,0,44,1116,0.796296296296,1,0,0.203703703704,1,0.796296296296,0.886597938144,0.875266790198,0.796296296296,0.796296296296,0,44,0,0,0,0
3334,WLNM_dir_neg,0.994834710744,0.89898989899,00:00:03,10,80,21,1237887345,threshold_sweep,0.4,0,0,0,0,0,44,88,0,1,0,1,0,0,0,0.666666666667,0.666666666667,0,0,0,216,172,44,0,216,0,172,0,44,37,216,0.162162162162,1.32432432432,11.6756756757,21.6,6,8.1990990496,0.702237650082,0.31006006006,10.329336629,1.76937710775,0.765265265265,3.0868314707,0.528762798222,0.252752752753,0.579945114934,0.437917739848,2,1.32432432432,0.579945114934,2,0.0121701261701,0.00597269624573,7,0.000900900900901,0.621196581197,37,37,37,1,0,0.72972972973,0.243243243243,0.027027027027,37,0.129129129129,1.32432432432,9.2972972973,17.2,4.77777777778,6.6326836569,0.713399114259,0.345380263985,8.33405402289,1.79279069097,0.775298554368,2.60572250821,0.560533330254,0.30358265242,0.579945114934,0.437917739848,2,1.32432432432,0.579945114934,2,0.0166138339394,0.00405588102749,3,0.0003861003861,0.403103014538,37,37,37,1,0,0.72972972973,0.243243243243,0.027027027027,37,172,0.129129129129,1.32432432432,9.2972972973,17.2,4.77777777778,6.6326836569,0.713399114259,0.345380263985,8.33405402289,1.79279069097,0.775298554368,2.60572250821,0.560533330254,0.30358265242,0.579945114934,0.437917739848,2,1.32432432432,0.579945114934,2,0.0166138339394,0.00405588102749,3,0.0003861003861,0.403103014538,37,37,37,1,0,0.72972972973,0.243243243243,0.027027027027,-44,-0.033033033033,0,-2.37837837838,-4.4,-1.22222222222,-1.56641539271,0.0111614641776,0.0353202039249,-1.99528260611,0.0234135832253,0.0100332891031,-0.481108962494,0.0317705320319,0.0508298996671,0,0,0,0,0,0,0.00444370776925,-0.00191681521824,-4,-0.000514800514801,-0.218093566659,0,0,0,172,0,44,1116,0.796296296296,1,0,0.203703703704,1,0.796296296296,0.886597938144,0.875266790198,0.796296296296,0.796296296296,0,44,0,0,0,0
3335,WLNM_dir_neg,0.994834710744,0.89898989899,00:00:03,10,80,21,1237887345,threshold_sweep,0.5,0,0,0,0,0,44,88,0,1,0,1,0,0,0,0.666666666667,0.666666666667,0,0,0,216,172,44,0,216,0,172,0,44,37,216,0.162162162162,1.32432432432,11.6756756757,21.6,6,8.1990990496,0.702237650082,0.31006006006,10.329336629,1.76937710775,0.765265265265,3.0868314707,0.528762798222,0.252752752753,0.579945114934,0.437917739848,2,1.32432432432,0.579945114934,2,0.0121701261701,0.00597269624573,7,0.000900900900901,0.621196581197,37,37,37,1,0,0.72972972973,0.243243243243,0.027027027027,37,0.129129129129,1.32432432432,9.2972972973,17.2,4.77777777778,6.6326836569,0.713399114259,0.345380263985,8.33405402289,1.79279069097,0.775298554368,2.60572250821,0.560533330254,0.30358265242,0.579945114934,0.437917739848,2,1.32432432432,0.579945114934,2,0.0166138339394,0.00405588102749,3,0.0003861003861,0.403103014538,37,37,37,1,0,0.72972972973,0.243243243243,0.027027027027,37,172,0.129129129129,1.32432432432,9.2972972973,17.2,4.77777777778,6.6326836569,0.713399114259,0.345380263985,8.33405402289,1.79279069097,0.775298554368,2.60572250821,0.560533330254,0.30358265242,0.579945114934,0.437917739848,2,1.32432432432,0.579945114934,2,0.0166138339394,0.00405588102749,3,0.0003861003861,0.403103014538,37,37,37,1,0,0.72972972973,0.243243243243,0.027027027027,-44,-0.033033033033,0,-2.37837837838,-4.4,-1.22222222222,-1.56641539271,0.0111614641776,0.0353202039249,-1.99528260611,0.0234135832253,0.0100332891031,-0.481108962494,0.0317705320319,0.0508298996671,0,0,0,0,0,0,0.00444370776925,-0.00191681521824,-4,-0.000514800514801,-0.218093566659,0,0,0,172,0,44,1116,0.796296296296,1,0,0.203703703704,1,0.796296296296,0.886597938144,0.875266790198,0.796296296296,0.796296296296,0,44,0,0,0,0
3336,WLNM_dir_neg,0.994834710744,0.89898989899,00:00:03,10,80,21,1237887345,threshold_sweep,0.6,0,0,0,0,0,44,88,0,1,0,1,0,0,0,0.666666666667,0.666666666667,0,0,0,216,172,44,0,216,0,172,0,44,37,216,0.162162162162,1.32432432432,11.6756756757,21.6,6,8.1990990496,0.702237650082,0.31006006006,10.329336629,1.76937710775,0.765265265265,3.0868314707,0.528762798222,0.252752752753,0.579945114934,0.437917739848,2,1.32432432432,0.579945114934,2,0.0121701261701,0.00597269624573,7,0.000900900900901,0.621196581197,37,37,37,1,0,0.72972972973,0.243243243243,0.027027027027,37,0.129129129129,1.32432432432,9.2972972973,17.2,4.77777777778,6.6326836569,0.713399114259,0.345380263985,8.33405402289,1.79279069097,0.775298554368,2.60572250821,0.560533330254,0.30358265242,0.579945114934,0.437917739848,2,1.32432432432,0.579945114934,2,0.0166138339394,0.00405588102749,3,0.0003861003861,0.403103014538,37,37,37,1,0,0.72972972973,0.243243243243,0.027027027027,37,172,0.129129129129,1.32432432432,9.2972972973,17.2,4.77777777778,6.6326836569,0.713399114259,0.345380263985,8.33405402289,1.79279069097,0.775298554368,2.60572250821,0.560533330254,0.30358265242,0.579945114934,0.437917739848,2,1.32432432432,0.579945114934,2,0.0166138339394,0.00405588102749,3,0.0003861003861,0.403103014538,37,37,37,1,0,0.72972972973,0.243243243243,0.027027027027,-44,-0.033033033033,0,-2.37837837838,-4.4,-1.22222222222,-1.56641539271,0.0111614641776,0.0353202039249,-1.99528260611,0.0234135832253,0.0100332891031,-0.481108962494,0.0317705320319,0.0508298996671,0,0,0,0,0,0,0.00444370776925,-0.00191681521824,-4,-0.000514800514801,-0.218093566659,0,0,0,172,0,44,1116,0.796296296296,1,0,0.203703703704,1,0.796296296296,0.886597938144,0.875266790198,0.796296296296,0.796296296296,0,44,0,0,0,0
3337,WLNM_dir_neg,0.994834710744,0.89898989899,00:00:03,10,80,21,1237887345,threshold_sweep,0.7,0,0,0,0,0,44,88,0,1,0,1,0,0,0,0.666666666667,0.666666666667,0,0,0,216,172,44,0,216,0,172,0,44,37,216,0.162162162162,1.32432432432,11.6756756757,21.6,6,8.1990990496,0.702237650082,0.31006006006,10.329336629,1.76937710775,0.765265265265,3.0868314707,0.528762798222,0.252752752753,0.579945114934,0.437917739848,2,1.32432432432,0.579945114934,2,0.0121701261701,0.00597269624573,7,0.000900900900901,0.621196581197,37,37,37,1,0,0.72972972973,0.243243243243,0.027027027027,37,0.129129129129,1.32432432432,9.2972972973,17.2,4.77777777778,6.6326836569,0.713399114259,0.345380263985,8.33405402289,1.79279069097,0.775298554368,2.60572250821,0.560533330254,0.30358265242,0.579945114934,0.437917739848,2,1.32432432432,0.579945114934,2,0.0166138339394,0.00405588102749,3,0.0003861003861,0.403103014538,37,37,37,1,0,0.72972972973,0.243243243243,0.027027027027,37,172,0.129129129129,1.32432432432,9.2972972973,17.2,4.77777777778,6.6326836569,0.713399114259,0.345380263985,8.33405402289,1.79279069097,0.775298554368,2.60572250821,0.560533330254,0.30358265242,0.579945114934,0.437917739848,2,1.32432432432,0.579945114934,2,0.0166138339394,0.00405588102749,3,0.0003861003861,0.403103014538,37,37,37,1,0,0.72972972973,0.243243243243,0.027027027027,-44,-0.033033033033,0,-2.37837837838,-4.4,-1.22222222222,-1.56641539271,0.0111614641776,0.0353202039249,-1.99528260611,0.0234135832253,0.0100332891031,-0.481108962494,0.0317705320319,0.0508298996671,0,0,0,0,0,0,0.00444370776925,-0.00191681521824,-4,-0.000514800514801,-0.218093566659,0,0,0,172,0,44,1116,0.796296296296,1,0,0.203703703704,1,0.796296296296,0.886597938144,0.875266790198,0.796296296296,0.796296296296,0,44,0,0,0,0
3338,WLNM_dir_neg,0.994834710744,0.89898989899,00:00:03,10,80,21,1237887345,threshold_sweep,0.8,0,0,0,0,0,44,88,0,1,0,1,0,0,0,0.666666666667,0.666666666667,0,0,0,216,172,44,0,216,0,172,0,44,37,216,0.162162162162,1.32432432432,11.6756756757,21.6,6,8.1990990496,0.702237650082,0.31006006006,10.329336629,1.76937710775,0.765265265265,3.0868314707,0.528762798222,0.252752752753,0.579945114934,0.437917739848,2,1.32432432432,0.579945114934,2,0.0121701261701,0.00597269624573,7,0.000900900900901,0.621196581197,37,37,37,1,0,0.72972972973,0.243243243243,0.027027027027,37,0.129129129129,1.32432432432,9.2972972973,17.2,4.77777777778,6.6326836569,0.713399114259,0.345380263985,8.33405402289,1.79279069097,0.775298554368,2.60572250821,0.560533330254,0.30358265242,0.579945114934,0.437917739848,2,1.32432432432,0.579945114934,2,0.0166138339394,0.00405588102749,3,0.0003861003861,0.403103014538,37,37,37,1,0,0.72972972973,0.243243243243,0.027027027027,37,172,0.129129129129,1.32432432432,9.2972972973,17.2,4.77777777778,6.6326836569,0.713399114259,0.345380263985,8.33405402289,1.79279069097,0.775298554368,2.60572250821,0.560533330254,0.30358265242,0.579945114934,0.437917739848,2,1.32432432432,0.579945114934,2,0.0166138339394,0.00405588102749,3,0.0003861003861,0.403103014538,37,37,37,1,0,0.72972972973,0.243243243243,0.027027027027,-44,-0.033033033033,0,-2.37837837838,-4.4,-1.22222222222,-1.56641539271,0.0111614641776,0.0353202039249,-1.99528260611,0.0234135832253,0.0100332891031,-0.481108962494,0.0317705320319,0.0508298996671,0,0,0,0,0,0,0.00444370776925,-0.00191681521824,-4,-0.000514800514801,-0.218093566659,0,0,0,172,0,44,1116,0.796296296296,1,0,0.203703703704,1,0.796296296296,0.886597938144,0.875266790198,0.796296296296,0.796296296296,0,44,0,0,0,0
3339,WLNM_dir_neg,0.994834710744,0.89898989899,00:00:03,10,80,21,1237887345,threshold_sweep,0.9,0,0,0,0,0,44,88,0,1,0,1,0,0,0,0.666666666667,0.666666666667,0,0,0,216,172,44,0,216,0,172,0,44,37,216,0.162162162162,1.32432432432,11.6756756757,21.6,6,8.1990990496,0.702237650082,0.31006006006,10.329336629,1.76937710775,0.765265265265,3.0868314707,0.528762798222,0.252752752753,0.579945114934,0.437917739848,2,1.32432432432,0.579945114934,2,0.0121701261701,0.00597269624573,7,0.000900900900901,0.621196581197,37,37,37,1,0,0.72972972973,0.243243243243,0.027027027027,37,0.129129129129,1.32432432432,9.2972972973,17.2,4.77777777778,6.6326836569,0.713399114259,0.345380263985,8.33405402289,1.79279069097,0.775298554368,2.60572250821,0.560533330254,0.30358265242,0.579945114934,0.437917739848,2,1.32432432432,0.579945114934,2,0.0166138339394,0.00405588102749,3,0.0003861003861,0.403103014538,37,37,37,1,0,0.72972972973,0.243243243243,0.027027027027,37,172,0.129129129129,1.32432432432,9.2972972973,17.2,4.77777777778,6.6326836569,0.713399114259,0.345380263985,8.33405402289,1.79279069097,0.775298554368,2.60572250821,0.560533330254,0.30358265242,0.579945114934,0.437917739848,2,1.32432432432,0.579945114934,2,0.0166138339394,0.00405588102749,3,0.0003861003861,0.403103014538,37,37,37,1,0,0.72972972973,0.243243243243,0.027027027027,-44,-0.033033033033,0,-2.37837837838,-4.4,-1.22222222222,-1.56641539271,0.0111614641776,0.0353202039249,-1.99528260611,0.0234135832253,0.0100332891031,-0.481108962494,0.0317705320319,0.0508298996671,0,0,0,0,0,0,0.00444370776925,-0.00191681521824,-4,-0.000514800514801,-0.218093566659,0,0,0,172,0,44,1116,0.796296296296,1,0,0.203703703704,1,0.796296296296,0.886597938144,0.875266790198,0.796296296296,0.796296296296,0,44,0,0,0,0
3340,WLNM_dir_neg,0.979080578512,0.830077369439,00:00:03,10,80,22,1237887346,threshold_sweep,0.1,0.8,0.0909090909091,0.163265306122,4,1,40,87,0.0909090909091,0.988636363636,0.0113636363636,0.909090909091,0.8,0.0909090909091,0.163265306122,0.689393939394,0.65404040404,0.102189781022,0.196424736643,0.0795454545455,216,172,44,0,216,0,172,0,44,37,216,0.162162162162,1.32432432432,11.6756756757,21.6,6,8.1990990496,0.702237650082,0.31006006006,10.329336629,1.76937710775,0.765265265265,3.0868314707,0.528762798222,0.252752752753,0.579945114934,0.437917739848,2,1.32432432432,0.579945114934,2,0.0121701261701,0.00597269624573,7,0.000900900900901,0.621196581197,37,37,37,1,0,0.72972972973,0.243243243243,0.027027027027,37,0.129129129129,1.32432432432,9.2972972973,17.2,4.77777777778,6.65359078019,0.715647845544,0.341137649277,8.31403170087,1.78848356356,0.775927089881,2.6689179686,0.574127702548,0.307353865493,0.579945114934,0.437917739848,2,1.32432432432,0.579945114934,2,0.00914818101154,0.00404676258993,3,0.0003861003861,0.412229035055,37,37,37,1,0,0.72972972973,0.243243243243,0.027027027027,37,177,0.132882882883,1.32432432432,9.56756756757,17.7,4.91666666667,6.86998520353,0.718049300934,0.347533974653,8.36040647316,1.74765559043,0.768361581921,2.49594265353,0.521750724185,0.280348144755,0.579945114934,0.437917739848,2,1.32432432432,0.579945114934,2,0.0124656269831,0.0101437024514,8,0.0010296010296,0.423340146166,37,37,37,1,0,0.72972972973,0.243243243243,0.027027027027,-39,-0.0292792792793,0,-2.10810810811,-3.9,-1.08333333333,-1.32911384608,0.0158116508519,0.0374739145926,-1.96893015584,-0.0217215173115,0.00309631665564,-0.59088881717,-0.00701207403739,0.0275953920022,0,0,0,0,0,0,0.000295500812932,0.00417100620566,1,0.0001287001287,-0.19785643503,0,0,0,176,1,40,1115,0.814814814815,0.999103942652,0.00089605734767,0.185185185185,0.994350282486,0.814814814815,0.895674300254,0.883817109934,0.813918757467,0.811059907834,5,44,0,0,0,0
3341,WLNM_dir_neg,0.979080578512,0.830077369439,00:00:03,10,80,22,1237887346,threshold_sweep,0.2,0.8,0.0909090909091,0.163265306122,4,1,40,87,0.0909090909091,0.988636363636,0.0113636363636,0.909090909091,0.8,0.0909090909091,0.163265306122,0.689393939394,0.65404040404,0.102189781022,0.196424736643,0.0795454545455,216,172,44,0,216,0,172,0,44,37,216,0.162162162162,1.32432432432,11.6756756757,21.6,6,8.1990990496,0.702237650082,0.31006006006,10.329336629,1.76937710775,0.765265265265,3.0868314707,0.528762798222,0.252752752753,0.579945114934,0.437917739848,2,1.32432432432,0.579945114934,2,0.0121701261701,0.00597269624573,7,0.000900900900901,0.621196581197,37,37,37,1,0,0.72972972973,0.243243243243,0.027027027027,37,0.129129129129,1.32432432432,9.2972972973,17.2,4.77777777778,6.65359078019,0.715647845544,0.341137649277,8.31403170087,1.78848356356,0.775927089881,2.6689179686,0.574127702548,0.307353865493,0.579945114934,0.437917739848,2,1.32432432432,0.579945114934,2,0.00914818101154,0.00404676258993,3,0.0003861003861,0.412229035055,37,37,37,1,0,0.72972972973,0.243243243243,0.027027027027,37,177,0.132882882883,1.32432432432,9.56756756757,17.7,4.91666666667,6.86998520353,0.718049300934,0.347533974653,8.36040647316,1.74765559043,0.768361581921,2.49594265353,0.521750724185,0.280348144755,0.579945114934,0.437917739848,2,1.32432432432,0.579945114934,2,0.0124656269831,0.0101437024514,8,0.0010296010296,0.423340146166,37,37,37,1,0,0.72972972973,0.243243243243,0.027027027027,-39,-0.0292792792793,0,-2.10810810811,-3.9,-1.08333333333,-1.32911384608,0.0158116508519,0.0374739145926,-1.96893015584,-0.0217215173115,0.00309631665564,-0.59088881717,-0.00701207403739,0.0275953920022,0,0,0,0,0,0,0.000295500812932,0.00417100620566,1,0.0001287001287,-0.19785643503,0,0,0,176,1,40,1115,0.814814814815,0.999103942652,0.00089605734767,0.185185185185,0.994350282486,0.814814814815,0.895674300254,0.883817109934,0.813918757467,0.811059907834,5,44,0,0,0,0
3342,WLNM_dir_neg,0.979080578512,0.830077369439,00:00:03,10,80,22,1237887346,threshold_sweep,0.3,0.8,0.0909090909091,0.163265306122,4,1,40,87,0.0909090909091,0.988636363636,0.0113636363636,0.909090909091,0.8,0.0909090909091,0.163265306122,0.689393939394,0.65404040404,0.102189781022,0.196424736643,0.0795454545455,216,172,44,0,216,0,172,0,44,37,216,0.162162162162,1.32432432432,11.6756756757,21.6,6,8.1990990496,0.702237650082,0.31006006006,10.329336629,1.76937710775,0.765265265265,3.0868314707,0.528762798222,0.252752752753,0.579945114934,0.437917739848,2,1.32432432432,0.579945114934,2,0.0121701261701,0.00597269624573,7,0.000900900900901,0.621196581197,37,37,37,1,0,0.72972972973,0.243243243243,0.027027027027,37,0.129129129129,1.32432432432,9.2972972973,17.2,4.77777777778,6.65359078019,0.715647845544,0.341137649277,8.31403170087,1.78848356356,0.775927089881,2.6689179686,0.574127702548,0.307353865493,0.579945114934,0.437917739848,2,1.32432432432,0.579945114934,2,0.00914818101154,0.00404676258993,3,0.0003861003861,0.412229035055,37,37,37,1,0,0.72972972973,0.243243243243,0.027027027027,37,177,0.132882882883,1.32432432432,9.56756756757,17.7,4.91666666667,6.86998520353,0.718049300934,0.347533974653,8.36040647316,1.74765559043,0.768361581921,2.49594265353,0.521750724185,0.280348144755,0.579945114934,0.437917739848,2,1.32432432432,0.579945114934,2,0.0124656269831,0.0101437024514,8,0.0010296010296,0.423340146166,37,37,37,1,0,0.72972972973,0.243243243243,0.027027027027,-39,-0.0292792792793,0,-2.10810810811,-3.9,-1.08333333333,-1.32911384608,0.0158116508519,0.0374739145926,-1.96893015584,-0.0217215173115,0.00309631665564,-0.59088881717,-0.00701207403739,0.0275953920022,0,0,0,0,0,0,0.000295500812932,0.00417100620566,1,0.0001287001287,-0.19785643503,0,0,0,176,1,40,1115,0.814814814815,0.999103942652,0.00089605734767,0.185185185185,0.994350282486,0.814814814815,0.895674300254,0.883817109934,0.813918757467,0.811059907834,5,44,0,0,0,0
3343,WLNM_dir_neg,0.979080578512,0.830077369439,00:00:03,10,80,22,1237887346,threshold_sweep,0.4,0.8,0.0909090909091,0.163265306122,4,1,40,87,0.0909090909091,0.988636363636,0.0113636363636,0.909090909091,0.8,0.0909090909091,0.163265306122,0.689393939394,0.65404040404,0.102189781022,0.196424736643,0.0795454545455,216,172,44,0,216,0,172,0,44,37,216,0.162162162162,1.32432432432,11.6756756757,21.6,6,8.1990990496,0.702237650082,0.31006006006,10.329336629,1.76937710775,0.765265265265,3.0868314707,0.528762798222,0.252752752753,0.579945114934,0.437917739848,2,1.32432432432,0.579945114934,2,0.0121701261701,0.00597269624573,7,0.000900900900901,0.621196581197,37,37,37,1,0,0.72972972973,0.243243243243,0.027027027027,37,0.129129129129,1.32432432432,9.2972972973,17.2,4.77777777778,6.65359078019,0.715647845544,0.341137649277,8.31403170087,1.78848356356,0.775927089881,2.6689179686,0.574127702548,0.307353865493,0.579945114934,0.437917739848,2,1.32432432432,0.579945114934,2,0.00914818101154,0.00404676258993,3,0.0003861003861,0.412229035055,37,37,37,1,0,0.72972972973,0.243243243243,0.027027027027,37,177,0.132882882883,1.32432432432,9.56756756757,17.7,4.91666666667,6.86998520353,0.718049300934,0.347533974653,8.36040647316,1.74765559043,0.768361581921,2.49594265353,0.521750724185,0.280348144755,0.579945114934,0.437917739848,2,1.32432432432,0.579945114934,2,0.0124656269831,0.0101437024514,8,0.0010296010296,0.423340146166,37,37,37,1,0,0.72972972973,0.243243243243,0.027027027027,-39,-0.0292792792793,0,-2.10810810811,-3.9,-1.08333333333,-1.32911384608,0.0158116508519,0.0374739145926,-1.96893015584,-0.0217215173115,0.00309631665564,-0.59088881717,-0.00701207403739,0.0275953920022,0,0,0,0,0,0,0.000295500812932,0.00417100620566,1,0.0001287001287,-0.19785643503,0,0,0,176,1,40,1115,0.814814814815,0.999103942652,0.00089605734767,0.185185185185,0.994350282486,0.814814814815,0.895674300254,0.883817109934,0.813918757467,0.811059907834,5,44,0,0,0,0
3344,WLNM_dir_neg,0.979080578512,0.830077369439,00:00:03,10,80,22,1237887346,threshold_sweep,0.5,0.8,0.0909090909091,0.163265306122,4,1,40,87,0.0909090909091,0.988636363636,0.0113636363636,0.909090909091,0.8,0.0909090909091,0.163265306122,0.689393939394,0.65404040404,0.102189781022,0.196424736643,0.0795454545455,216,172,44,0,216,0,172,0,44,37,216,0.162162162162,1.32432432432,11.6756756757,21.6,6,8.1990990496,0.702237650082,0.31006006006,10.329336629,1.76937710775,0.765265265265,3.0868314707,0.528762798222,0.252752752753,0.579945114934,0.437917739848,2,1.32432432432,0.579945114934,2,0.0121701261701,0.00597269624573,7,0.000900900900901,0.621196581197,37,37,37,1,0,0.72972972973,0.243243243243,0.027027027027,37,0.129129129129,1.32432432432,9.2972972973,17.2,4.77777777778,6.65359078019,0.715647845544,0.341137649277,8.31403170087,1.78848356356,0.775927089881,2.6689179686,0.574127702548,0.307353865493,0.579945114934,0.437917739848,2,1.32432432432,0.579945114934,2,0.00914818101154,0.00404676258993,3,0.0003861003861,0.412229035055,37,37,37,1,0,0.72972972973,0.243243243243,0.027027027027,37,177,0.132882882883,1.32432432432,9.56756756757,17.7,4.91666666667,6.86998520353,0.718049300934,0.347533974653,8.36040647316,1.74765559043,0.768361581921,2.49594265353,0.521750724185,0.280348144755,0.579945114934,0.437917739848,2,1.32432432432,0.579945114934,2,0.0124656269831,0.0101437024514,8,0.0010296010296,0.423340146166,37,37,37,1,0,0.72972972973,0.243243243243,0.027027027027,-39,-0.0292792792793,0,-2.10810810811,-3.9,-1.08333333333,-1.32911384608,0.0158116508519,0.0374739145926,-1.96893015584,-0.0217215173115,0.00309631665564,-0.59088881717,-0.00701207403739,0.0275953920022,0,0,0,0,0,0,0.000295500812932,0.00417100620566,1,0.0001287001287,-0.19785643503,0,0,0,176,1,40,1115,0.814814814815,0.999103942652,0.00089605734767,0.185185185185,0.994350282486,0.814814814815,0.895674300254,0.883817109934,0.813918757467,0.811059907834,5,44,0,0,0,0
3345,WLNM_dir_neg,0.979080578512,0.830077369439,00:00:03,10,80,22,1237887346,threshold_sweep,0.6,0.8,0.0909090909091,0.163265306122,4,1,40,87,0.0909090909091,0.988636363636,0.0113636363636,0.909090909091,0.8,0.0909090909091,0.163265306122,0.689393939394,0.65404040404,0.102189781022,0.196424736643,0.0795454545455,216,172,44,0,216,0,172,0,44,37,216,0.162162162162,1.32432432432,11.6756756757,21.6,6,8.1990990496,0.702237650082,0.31006006006,10.329336629,1.76937710775,0.765265265265,3.0868314707,0.528762798222,0.252752752753,0.579945114934,0.437917739848,2,1.32432432432,0.579945114934,2,0.0121701261701,0.00597269624573,7,0.000900900900901,0.621196581197,37,37,37,1,0,0.72972972973,0.243243243243,0.027027027027,37,0.129129129129,1.32432432432,9.2972972973,17.2,4.77777777778,6.65359078019,0.715647845544,0.341137649277,8.31403170087,1.78848356356,0.775927089881,2.6689179686,0.574127702548,0.307353865493,0.579945114934,0.437917739848,2,1.32432432432,0.579945114934,2,0.00914818101154,0.00404676258993,3,0.0003861003861,0.412229035055,37,37,37,1,0,0.72972972973,0.243243243243,0.027027027027,37,177,0.132882882883,1.32432432432,9.56756756757,17.7,4.91666666667,6.86998520353,0.718049300934,0.347533974653,8.36040647316,1.74765559043,0.768361581921,2.49594265353,0.521750724185,0.280348144755,0.579945114934,0.437917739848,2,1.32432432432,0.579945114934,2,0.0124656269831,0.0101437024514,8,0.0010296010296,0.423340146166,37,37,37,1,0,0.72972972973,0.243243243243,0.027027027027,-39,-0.0292792792793,0,-2.10810810811,-3.9,-1.08333333333,-1.32911384608,0.0158116508519,0.0374739145926,-1.96893015584,-0.0217215173115,0.00309631665564,-0.59088881717,-0.00701207403739,0.0275953920022,0,0,0,0,0,0,0.000295500812932,0.00417100620566,1,0.0001287001287,-0.19785643503,0,0,0,176,1,40,1115,0.814814814815,0.999103942652,0.00089605734767,0.185185185185,0.994350282486,0.814814814815,0.895674300254,0.883817109934,0.813918757467,0.811059907834,5,44,0,0,0,0
3346,WLNM_dir_neg,0.979080578512,0.830077369439,00:00:03,10,80,22,1237887346,threshold_sweep,0.7,0.8,0.0909090909091,0.163265306122,4,1,40,87,0.0909090909091,0.988636363636,0.0113636363636,0.909090909091,0.8,0.0909090909091,0.163265306122,0.689393939394,0.65404040404,0.102189781022,0.196424736643,0.0795454545455,216,172,44,0,216,0,172,0,44,37,216,0.162162162162,1.32432432432,11.6756756757,21.6,6,8.1990990496,0.702237650082,0.31006006006,10.329336629,1.76937710775,0.765265265265,3.0868314707,0.528762798222,0.252752752753,0.579945114934,0.437917739848,2,1.32432432432,0.579945114934,2,0.0121701261701,0.00597269624573,7,0.000900900900901,0.621196581197,37,37,37,1,0,0.72972972973,0.243243243243,0.027027027027,37,0.129129129129,1.32432432432,9.2972972973,17.2,4.77777777778,6.65359078019,0.715647845544,0.341137649277,8.31403170087,1.78848356356,0.775927089881,2.6689179686,0.574127702548,0.307353865493,0.579945114934,0.437917739848,2,1.32432432432,0.579945114934,2,0.00914818101154,0.00404676258993,3,0.0003861003861,0.412229035055,37,37,37,1,0,0.72972972973,0.243243243243,0.027027027027,37,177,0.132882882883,1.32432432432,9.56756756757,17.7,4.91666666667,6.86998520353,0.718049300934,0.347533974653,8.36040647316,1.74765559043,0.768361581921,2.49594265353,0.521750724185,0.280348144755,0.579945114934,0.437917739848,2,1.32432432432,0.579945114934,2,0.0124656269831,0.0101437024514,8,0.0010296010296,0.423340146166,37,37,37,1,0,0.72972972973,0.243243243243,0.027027027027,-39,-0.0292792792793,0,-2.10810810811,-3.9,-1.08333333333,-1.32911384608,0.0158116508519,0.0374739145926,-1.96893015584,-0.0217215173115,0.00309631665564,-0.59088881717,-0.00701207403739,0.0275953920022,0,0,0,0,0,0,0.000295500812932,0.00417100620566,1,0.0001287001287,-0.19785643503,0,0,0,176,1,40,1115,0.814814814815,0.999103942652,0.00089605734767,0.185185185185,0.994350282486,0.814814814815,0.895674300254,0.883817109934,0.813918757467,0.811059907834,5,44,0,0,0,0
3347,WLNM_dir_neg,0.979080578512,0.830077369439,00:00:03,10,80,22,1237887346,threshold_sweep,0.8,0.8,0.0909090909091,0.163265306122,4,1,40,87,0.0909090909091,0.988636363636,0.0113636363636,0.909090909091,0.8,0.0909090909091,0.163265306122,0.689393939394,0.65404040404,0.102189781022,0.196424736643,0.0795454545455,216,172,44,0,216,0,172,0,44,37,216,0.162162162162,1.32432432432,11.6756756757,21.6,6,8.1990990496,0.702237650082,0.31006006006,10.329336629,1.76937710775,0.765265265265,3.0868314707,0.528762798222,0.252752752753,0.579945114934,0.437917739848,2,1.32432432432,0.579945114934,2,0.0121701261701,0.00597269624573,7,0.000900900900901,0.621196581197,37,37,37,1,0,0.72972972973,0.243243243243,0.027027027027,37,0.129129129129,1.32432432432,9.2972972973,17.2,4.77777777778,6.65359078019,0.715647845544,0.341137649277,8.31403170087,1.78848356356,0.775927089881,2.6689179686,0.574127702548,0.307353865493,0.579945114934,0.437917739848,2,1.32432432432,0.579945114934,2,0.00914818101154,0.00404676258993,3,0.0003861003861,0.412229035055,37,37,37,1,0,0.72972972973,0.243243243243,0.027027027027,37,177,0.132882882883,1.32432432432,9.56756756757,17.7,4.91666666667,6.86998520353,0.718049300934,0.347533974653,8.36040647316,1.74765559043,0.768361581921,2.49594265353,0.521750724185,0.280348144755,0.579945114934,0.437917739848,2,1.32432432432,0.579945114934,2,0.0124656269831,0.0101437024514,8,0.0010296010296,0.423340146166,37,37,37,1,0,0.72972972973,0.243243243243,0.027027027027,-39,-0.0292792792793,0,-2.10810810811,-3.9,-1.08333333333,-1.32911384608,0.0158116508519,0.0374739145926,-1.96893015584,-0.0217215173115,0.00309631665564,-0.59088881717,-0.00701207403739,0.0275953920022,0,0,0,0,0,0,0.000295500812932,0.00417100620566,1,0.0001287001287,-0.19785643503,0,0,0,176,1,40,1115,0.814814814815,0.999103942652,0.00089605734767,0.185185185185,0.994350282486,0.814814814815,0.895674300254,0.883817109934,0.813918757467,0.811059907834,5,44,0,0,0,0
3348,WLNM_dir_neg,0.979080578512,0.830077369439,00:00:03,10,80,22,1237887346,threshold_sweep,0.9,0.8,0.0909090909091,0.163265306122,4,1,40,87,0.0909090909091,0.988636363636,0.0113636363636,0.909090909091,0.8,0.0909090909091,0.163265306122,0.689393939394,0.65404040404,0.102189781022,0.196424736643,0.0795454545455,216,172,44,0,216,0,172,0,44,37,216,0.162162162162,1.32432432432,11.6756756757,21.6,6,8.1990990496,0.702237650082,0.31006006006,10.329336629,1.76937710775,0.765265265265,3.0868314707,0.528762798222,0.252752752753,0.579945114934,0.437917739848,2,1.32432432432,0.579945114934,2,0.0121701261701,0.00597269624573,7,0.000900900900901,0.621196581197,37,37,37,1,0,0.72972972973,0.243243243243,0.027027027027,37,0.129129129129,1.32432432432,9.2972972973,17.2,4.77777777778,6.65359078019,0.715647845544,0.341137649277,8.31403170087,1.78848356356,0.775927089881,2.6689179686,0.574127702548,0.307353865493,0.579945114934,0.437917739848,2,1.32432432432,0.579945114934,2,0.00914818101154,0.00404676258993,3,0.0003861003861,0.412229035055,37,37,37,1,0,0.72972972973,0.243243243243,0.027027027027,37,177,0.132882882883,1.32432432432,9.56756756757,17.7,4.91666666667,6.86998520353,0.718049300934,0.347533974653,8.36040647316,1.74765559043,0.768361581921,2.49594265353,0.521750724185,0.280348144755,0.579945114934,0.437917739848,2,1.32432432432,0.579945114934,2,0.0124656269831,0.0101437024514,8,0.0010296010296,0.423340146166,37,37,37,1,0,0.72972972973,0.243243243243,0.027027027027,-39,-0.0292792792793,0,-2.10810810811,-3.9,-1.08333333333,-1.32911384608,0.0158116508519,0.0374739145926,-1.96893015584,-0.0217215173115,0.00309631665564,-0.59088881717,-0.00701207403739,0.0275953920022,0,0,0,0,0,0,0.000295500812932,0.00417100620566,1,0.0001287001287,-0.19785643503,0,0,0,176,1,40,1115,0.814814814815,0.999103942652,0.00089605734767,0.185185185185,0.994350282486,0.814814814815,0.895674300254,0.883817109934,0.813918757467,0.811059907834,5,44,0,0,0,0
3349,WLNM_dir_neg,0.983341942149,0.946083172147,00:00:03,10,80,23,1237887347,threshold_sweep,0.1,0,0,0,0,0,44,88,0,1,0,1,0,0,0,0.666666666667,0.666666666667,0,0,0,216,172,44,0,216,0,172,0,44,37,216,0.162162162162,1.32432432432,11.6756756757,21.6,6,8.1990990496,0.702237650082,0.31006006006,10.329336629,1.76937710775,0.765265265265,3.0868314707,0.528762798222,0.252752752753,0.579945114934,0.437917739848,2,1.32432432432,0.579945114934,2,0.0121701261701,0.00597269624573,7,0.000900900900901,0.621196581197,37,37,37,1,0,0.72972972973,0.243243243243,0.027027027027,37,0.129129129129,1.32732732733,9.2972972973,17.2,4.91428571429,6.73244575365,0.724129339782,0.34899434318,8.19964842138,1.76387785809,0.771213073539,2.48569480803,0.534713418007,0.291011942175,0.589078670762,0.443808138832,2.11111111111,1.33641975309,0.594795838055,2.11111111111,0.0136926782363,0.00936246098975,7,0.000900900900901,0.402808065794,37,36,36,0.972972972973,0,0.702702702703,0.243243243243,0.027027027027,37,172,0.129129129129,1.32732732733,9.2972972973,17.2,4.91428571429,6.73244575365,0.724129339782,0.34899434318,8.19964842138,1.76387785809,0.771213073539,2.48569480803,0.534713418007,0.291011942175,0.589078670762,0.443808138832,2.11111111111,1.33641975309,0.594795838055,2.11111111111,0.0136926782363,0.00936246098975,7,0.000900900900901,0.402808065794,37,36,36,0.972972972973,0,0.702702702703,0.243243243243,0.027027027027,-44,-0.033033033033,0.003003003003,-2.37837837838,-4.4,-1.08571428571,-1.46665329596,0.0218916897001,0.0389342831203,-2.12968820762,-0.00549924965783,0.00594780827339,-0.601136662672,0.0059506197845,0.038259189422,0.00913355582779,0.00589039898372,0.111111111111,0.0120954287621,0.0148507231203,0.111111111111,0.00152255206614,0.00338976474401,0,0,-0.218388515403,-0.027027027027,0,0,172,0,44,1116,0.796296296296,1,0,0.203703703704,1,0.796296296296,0.886597938144,0.875266790198,0.796296296296,0.796296296296,0,44,0,0,0,0
3350,WLNM_dir_neg,0.983341942149,0.946083172147,00:00:03,10,80,23,1237887347,threshold_sweep,0.2,0,0,0,0,0,44,88,0,1,0,1,0,0,0,0.666666666667,0.666666666667,0,0,0,216,172,44,0,216,0,172,0,44,37,216,0.162162162162,1.32432432432,11.6756756757,21.6,6,8.1990990496,0.702237650082,0.31006006006,10.329336629,1.76937710775,0.765265265265,3.0868314707,0.528762798222,0.252752752753,0.579945114934,0.437917739848,2,1.32432432432,0.579945114934,2,0.0121701261701,0.00597269624573,7,0.000900900900901,0.621196581197,37,37,37,1,0,0.72972972973,0.243243243243,0.027027027027,37,0.129129129129,1.32732732733,9.2972972973,17.2,4.91428571429,6.73244575365,0.724129339782,0.34899434318,8.19964842138,1.76387785809,0.771213073539,2.48569480803,0.534713418007,0.291011942175,0.589078670762,0.443808138832,2.11111111111,1.33641975309,0.594795838055,2.11111111111,0.0136926782363,0.00936246098975,7,0.000900900900901,0.402808065794,37,36,36,0.972972972973,0,0.702702702703,0.243243243243,0.027027027027,37,172,0.129129129129,1.32732732733,9.2972972973,17.2,4.91428571429,6.73244575365,0.724129339782,0.34899434318,8.19964842138,1.76387785809,0.771213073539,2.48569480803,0.534713418007,0.291011942175,0.589078670762,0.443808138832,2.11111111111,1.33641975309,0.594795838055,2.11111111111,0.0136926782363,0.00936246098975,7,0.000900900900901,0.402808065794,37,36,36,0.972972972973,0,0.702702702703,0.243243243243,0.027027027027,-44,-0.033033033033,0.003003003003,-2.37837837838,-4.4,-1.08571428571,-1.46665329596,0.0218916897001,0.0389342831203,-2.12968820762,-0.00549924965783,0.00594780827339,-0.601136662672,0.0059506197845,0.038259189422,0.00913355582779,0.00589039898372,0.111111111111,0.0120954287621,0.0148507231203,0.111111111111,0.00152255206614,0.00338976474401,0,0,-0.218388515403,-0.027027027027,0,0,172,0,44,1116,0.796296296296,1,0,0.203703703704,1,0.796296296296,0.886597938144,0.875266790198,0.796296296296,0.796296296296,0,44,0,0,0,0
3351,WLNM_dir_neg,0.983341942149,0.946083172147,00:00:03,10,80,23,1237887347,threshold_sweep,0.3,0,0,0,0,0,44,88,0,1,0,1,0,0,0,0.666666666667,0.666666666667,0,0,0,216,172,44,0,216,0,172,0,44,37,216,0.162162162162,1.32432432432,11.6756756757,21.6,6,8.1990990496,0.702237650082,0.31006006006,10.329336629,1.76937710775,0.765265265265,3.0868314707,0.528762798222,0.252752752753,0.579945114934,0.437917739848,2,1.32432432432,0.579945114934,2,0.0121701261701,0.00597269624573,7,0.000900900900901,0.621196581197,37,37,37,1,0,0.72972972973,0.243243243243,0.027027027027,37,0.129129129129,1.32732732733,9.2972972973,17.2,4.91428571429,6.73244575365,0.724129339782,0.34899434318,8.19964842138,1.76387785809,0.771213073539,2.48569480803,0.534713418007,0.291011942175,0.589078670762,0.443808138832,2.11111111111,1.33641975309,0.594795838055,2.11111111111,0.0136926782363,0.00936246098975,7,0.000900900900901,0.402808065794,37,36,36,0.972972972973,0,0.702702702703,0.243243243243,0.027027027027,37,172,0.129129129129,1.32732732733,9.2972972973,17.2,4.91428571429,6.73244575365,0.724129339782,0.34899434318,8.19964842138,1.76387785809,0.771213073539,2.48569480803,0.534713418007,0.291011942175,0.589078670762,0.443808138832,2.11111111111,1.33641975309,0.594795838055,2.11111111111,0.0136926782363,0.00936246098975,7,0.000900900900901,0.402808065794,37,36,36,0.972972972973,0,0.702702702703,0.243243243243,0.027027027027,-44,-0.033033033033,0.003003003003,-2.37837837838,-4.4,-1.08571428571,-1.46665329596,0.0218916897001,0.0389342831203,-2.12968820762,-0.00549924965783,0.00594780827339,-0.601136662672,0.0059506197845,0.038259189422,0.00913355582779,0.00589039898372,0.111111111111,0.0120954287621,0.0148507231203,0.111111111111,0.00152255206614,0.00338976474401,0,0,-0.218388515403,-0.027027027027,0,0,172,0,44,1116,0.796296296296,1,0,0.203703703704,1,0.796296296296,0.886597938144,0.875266790198,0.796296296296,0.796296296296,0,44,0,0,0,0
3352,WLNM_dir_neg,0.983341942149,0.946083172147,00:00:03,10,80,23,1237887347,threshold_sweep,0.4,0,0,0,0,0,44,88,0,1,0,1,0,0,0,0.666666666667,0.666666666667,0,0,0,216,172,44,0,216,0,172,0,44,37,216,0.162162162162,1.32432432432,11.6756756757,21.6,6,8.1990990496,0.702237650082,0.31006006006,10.329336629,1.76937710775,0.765265265265,3.0868314707,0.528762798222,0.252752752753,0.579945114934,0.437917739848,2,1.32432432432,0.579945114934,2,0.0121701261701,0.00597269624573,7,0.000900900900901,0.621196581197,37,37,37,1,0,0.72972972973,0.243243243243,0.027027027027,37,0.129129129129,1.32732732733,9.2972972973,17.2,4.91428571429,6.73244575365,0.724129339782,0.34899434318,8.19964842138,1.76387785809,0.771213073539,2.48569480803,0.534713418007,0.291011942175,0.589078670762,0.443808138832,2.11111111111,1.33641975309,0.594795838055,2.11111111111,0.0136926782363,0.00936246098975,7,0.000900900900901,0.402808065794,37,36,36,0.972972972973,0,0.702702702703,0.243243243243,0.027027027027,37,172,0.129129129129,1.32732732733,9.2972972973,17.2,4.91428571429,6.73244575365,0.724129339782,0.34899434318,8.19964842138,1.76387785809,0.771213073539,2.48569480803,0.534713418007,0.291011942175,0.589078670762,0.443808138832,2.11111111111,1.33641975309,0.594795838055,2.11111111111,0.0136926782363,0.00936246098975,7,0.000900900900901,0.402808065794,37,36,36,0.972972972973,0,0.702702702703,0.243243243243,0.027027027027,-44,-0.033033033033,0.003003003003,-2.37837837838,-4.4,-1.08571428571,-1.46665329596,0.0218916897001,0.0389342831203,-2.12968820762,-0.00549924965783,0.00594780827339,-0.601136662672,0.0059506197845,0.038259189422,0.00913355582779,0.00589039898372,0.111111111111,0.0120954287621,0.0148507231203,0.111111111111,0.00152255206614,0.00338976474401,0,0,-0.218388515403,-0.027027027027,0,0,172,0,44,1116,0.796296296296,1,0,0.203703703704,1,0.796296296296,0.886597938144,0.875266790198,0.796296296296,0.796296296296,0,44,0,0,0,0
3353,WLNM_dir_neg,0.983341942149,0.946083172147,00:00:03,10,80,23,1237887347,threshold_sweep,0.5,0,0,0,0,0,44,88,0,1,0,1,0,0,0,0.666666666667,0.666666666667,0,0,0,216,172,44,0,216,0,172,0,44,37,216,0.162162162162,1.32432432432,11.6756756757,21.6,6,8.1990990496,0.702237650082,0.31006006006,10.329336629,1.76937710775,0.765265265265,3.0868314707,0.528762798222,0.252752752753,0.579945114934,0.437917739848,2,1.32432432432,0.579945114934,2,0.0121701261701,0.00597269624573,7,0.000900900900901,0.621196581197,37,37,37,1,0,0.72972972973,0.243243243243,0.027027027027,37,0.129129129129,1.32732732733,9.2972972973,17.2,4.91428571429,6.73244575365,0.724129339782,0.34899434318,8.19964842138,1.76387785809,0.771213073539,2.48569480803,0.534713418007,0.291011942175,0.589078670762,0.443808138832,2.11111111111,1.33641975309,0.594795838055,2.11111111111,0.0136926782363,0.00936246098975,7,0.000900900900901,0.402808065794,37,36,36,0.972972972973,0,0.702702702703,0.243243243243,0.027027027027,37,172,0.129129129129,1.32732732733,9.2972972973,17.2,4.91428571429,6.73244575365,0.724129339782,0.34899434318,8.19964842138,1.76387785809,0.771213073539,2.48569480803,0.534713418007,0.291011942175,0.589078670762,0.443808138832,2.11111111111,1.33641975309,0.594795838055,2.11111111111,0.0136926782363,0.00936246098975,7,0.000900900900901,0.402808065794,37,36,36,0.972972972973,0,0.702702702703,0.243243243243,0.027027027027,-44,-0.033033033033,0.003003003003,-2.37837837838,-4.4,-1.08571428571,-1.46665329596,0.0218916897001,0.0389342831203,-2.12968820762,-0.00549924965783,0.00594780827339,-0.601136662672,0.0059506197845,0.038259189422,0.00913355582779,0.00589039898372,0.111111111111,0.0120954287621,0.0148507231203,0.111111111111,0.00152255206614,0.00338976474401,0,0,-0.218388515403,-0.027027027027,0,0,172,0,44,1116,0.796296296296,1,0,0.203703703704,1,0.796296296296,0.886597938144,0.875266790198,0.796296296296,0.796296296296,0,44,0,0,0,0
3354,WLNM_dir_neg,0.983341942149,0.946083172147,00:00:03,10,80,23,1237887347,threshold_sweep,0.6,0,0,0,0,0,44,88,0,1,0,1,0,0,0,0.666666666667,0.666666666667,0,0,0,216,172,44,0,216,0,172,0,44,37,216,0.162162162162,1.32432432432,11.6756756757,21.6,6,8.1990990496,0.702237650082,0.31006006006,10.329336629,1.76937710775,0.765265265265,3.0868314707,0.528762798222,0.252752752753,0.579945114934,0.437917739848,2,1.32432432432,0.579945114934,2,0.0121701261701,0.00597269624573,7,0.000900900900901,0.621196581197,37,37,37,1,0,0.72972972973,0.243243243243,0.027027027027,37,0.129129129129,1.32732732733,9.2972972973,17.2,4.91428571429,6.73244575365,0.724129339782,0.34899434318,8.19964842138,1.76387785809,0.771213073539,2.48569480803,0.534713418007,0.291011942175,0.589078670762,0.443808138832,2.11111111111,1.33641975309,0.594795838055,2.11111111111,0.0136926782363,0.00936246098975,7,0.000900900900901,0.402808065794,37,36,36,0.972972972973,0,0.702702702703,0.243243243243,0.027027027027,37,172,0.129129129129,1.32732732733,9.2972972973,17.2,4.91428571429,6.73244575365,0.724129339782,0.34899434318,8.19964842138,1.76387785809,0.771213073539,2.48569480803,0.534713418007,0.291011942175,0.589078670762,0.443808138832,2.11111111111,1.33641975309,0.594795838055,2.11111111111,0.0136926782363,0.00936246098975,7,0.000900900900901,0.402808065794,37,36,36,0.972972972973,0,0.702702702703,0.243243243243,0.027027027027,-44,-0.033033033033,0.003003003003,-2.37837837838,-4.4,-1.08571428571,-1.46665329596,0.0218916897001,0.0389342831203,-2.12968820762,-0.00549924965783,0.00594780827339,-0.601136662672,0.0059506197845,0.038259189422,0.00913355582779,0.00589039898372,0.111111111111,0.0120954287621,0.0148507231203,0.111111111111,0.00152255206614,0.00338976474401,0,0,-0.218388515403,-0.027027027027,0,0,172,0,44,1116,0.796296296296,1,0,0.203703703704,1,0.796296296296,0.886597938144,0.875266790198,0.796296296296,0.796296296296,0,44,0,0,0,0
3355,WLNM_dir_neg,0.983341942149,0.946083172147,00:00:03,10,80,23,1237887347,threshold_sweep,0.7,0,0,0,0,0,44,88,0,1,0,1,0,0,0,0.666666666667,0.666666666667,0,0,0,216,172,44,0,216,0,172,0,44,37,216,0.162162162162,1.32432432432,11.6756756757,21.6,6,8.1990990496,0.702237650082,0.31006006006,10.329336629,1.76937710775,0.765265265265,3.0868314707,0.528762798222,0.252752752753,0.579945114934,0.437917739848,2,1.32432432432,0.579945114934,2,0.0121701261701,0.00597269624573,7,0.000900900900901,0.621196581197,37,37,37,1,0,0.72972972973,0.243243243243,0.027027027027,37,0.129129129129,1.32732732733,9.2972972973,17.2,4.91428571429,6.73244575365,0.724129339782,0.34899434318,8.19964842138,1.76387785809,0.771213073539,2.48569480803,0.534713418007,0.291011942175,0.589078670762,0.443808138832,2.11111111111,1.33641975309,0.594795838055,2.11111111111,0.0136926782363,0.00936246098975,7,0.000900900900901,0.402808065794,37,36,36,0.972972972973,0,0.702702702703,0.243243243243,0.027027027027,37,172,0.129129129129,1.32732732733,9.2972972973,17.2,4.91428571429,6.73244575365,0.724129339782,0.34899434318,8.19964842138,1.76387785809,0.771213073539,2.48569480803,0.534713418007,0.291011942175,0.589078670762,0.443808138832,2.11111111111,1.33641975309,0.594795838055,2.11111111111,0.0136926782363,0.00936246098975,7,0.000900900900901,0.402808065794,37,36,36,0.972972972973,0,0.702702702703,0.243243243243,0.027027027027,-44,-0.033033033033,0.003003003003,-2.37837837838,-4.4,-1.08571428571,-1.46665329596,0.0218916897001,0.0389342831203,-2.12968820762,-0.00549924965783,0.00594780827339,-0.601136662672,0.0059506197845,0.038259189422,0.00913355582779,0.00589039898372,0.111111111111,0.0120954287621,0.0148507231203,0.111111111111,0.00152255206614,0.00338976474401,0,0,-0.218388515403,-0.027027027027,0,0,172,0,44,1116,0.796296296296,1,0,0.203703703704,1,0.796296296296,0.886597938144,0.875266790198,0.796296296296,0.796296296296,0,44,0,0,0,0
3356,WLNM_dir_neg,0.983341942149,0.946083172147,00:00:03,10,80,23,1237887347,threshold_sweep,0.8,0,0,0,0,0,44,88,0,1,0,1,0,0,0,0.666666666667,0.666666666667,0,0,0,216,172,44,0,216,0,172,0,44,37,216,0.162162162162,1.32432432432,11.6756756757,21.6,6,8.1990990496,0.702237650082,0.31006006006,10.329336629,1.76937710775,0.765265265265,3.0868314707,0.528762798222,0.252752752753,0.579945114934,0.437917739848,2,1.32432432432,0.579945114934,2,0.0121701261701,0.00597269624573,7,0.000900900900901,0.621196581197,37,37,37,1,0,0.72972972973,0.243243243243,0.027027027027,37,0.129129129129,1.32732732733,9.2972972973,17.2,4.91428571429,6.73244575365,0.724129339782,0.34899434318,8.19964842138,1.76387785809,0.771213073539,2.48569480803,0.534713418007,0.291011942175,0.589078670762,0.443808138832,2.11111111111,1.33641975309,0.594795838055,2.11111111111,0.0136926782363,0.00936246098975,7,0.000900900900901,0.402808065794,37,36,36,0.972972972973,0,0.702702702703,0.243243243243,0.027027027027,37,172,0.129129129129,1.32732732733,9.2972972973,17.2,4.91428571429,6.73244575365,0.724129339782,0.34899434318,8.19964842138,1.76387785809,0.771213073539,2.48569480803,0.534713418007,0.291011942175,0.589078670762,0.443808138832,2.11111111111,1.33641975309,0.594795838055,2.11111111111,0.0136926782363,0.00936246098975,7,0.000900900900901,0.402808065794,37,36,36,0.972972972973,0,0.702702702703,0.243243243243,0.027027027027,-44,-0.033033033033,0.003003003003,-2.37837837838,-4.4,-1.08571428571,-1.46665329596,0.0218916897001,0.0389342831203,-2.12968820762,-0.00549924965783,0.00594780827339,-0.601136662672,0.0059506197845,0.038259189422,0.00913355582779,0.00589039898372,0.111111111111,0.0120954287621,0.0148507231203,0.111111111111,0.00152255206614,0.00338976474401,0,0,-0.218388515403,-0.027027027027,0,0,172,0,44,1116,0.796296296296,1,0,0.203703703704,1,0.796296296296,0.886597938144,0.875266790198,0.796296296296,0.796296296296,0,44,0,0,0,0
3357,WLNM_dir_neg,0.983341942149,0.946083172147,00:00:03,10,80,23,1237887347,threshold_sweep,0.9,0,0,0,0,0,44,88,0,1,0,1,0,0,0,0.666666666667,0.666666666667,0,0,0,216,172,44,0,216,0,172,0,44,37,216,0.162162162162,1.32432432432,11.6756756757,21.6,6,8.1990990496,0.702237650082,0.31006006006,10.329336629,1.76937710775,0.765265265265,3.0868314707,0.528762798222,0.252752752753,0.579945114934,0.437917739848,2,1.32432432432,0.579945114934,2,0.0121701261701,0.00597269624573,7,0.000900900900901,0.621196581197,37,37,37,1,0,0.72972972973,0.243243243243,0.027027027027,37,0.129129129129,1.32732732733,9.2972972973,17.2,4.91428571429,6.73244575365,0.724129339782,0.34899434318,8.19964842138,1.76387785809,0.771213073539,2.48569480803,0.534713418007,0.291011942175,0.589078670762,0.443808138832,2.11111111111,1.33641975309,0.594795838055,2.11111111111,0.0136926782363,0.00936246098975,7,0.000900900900901,0.402808065794,37,36,36,0.972972972973,0,0.702702702703,0.243243243243,0.027027027027,37,172,0.129129129129,1.32732732733,9.2972972973,17.2,4.91428571429,6.73244575365,0.724129339782,0.34899434318,8.19964842138,1.76387785809,0.771213073539,2.48569480803,0.534713418007,0.291011942175,0.589078670762,0.443808138832,2.11111111111,1.33641975309,0.594795838055,2.11111111111,0.0136926782363,0.00936246098975,7,0.000900900900901,0.402808065794,37,36,36,0.972972972973,0,0.702702702703,0.243243243243,0.027027027027,-44,-0.033033033033,0.003003003003,-2.37837837838,-4.4,-1.08571428571,-1.46665329596,0.0218916897001,0.0389342831203,-2.12968820762,-0.00549924965783,0.00594780827339,-0.601136662672,0.0059506197845,0.038259189422,0.00913355582779,0.00589039898372,0.111111111111,0.0120954287621,0.0148507231203,0.111111111111,0.00152255206614,0.00338976474401,0,0,-0.218388515403,-0.027027027027,0,0,172,0,44,1116,0.796296296296,1,0,0.203703703704,1,0.796296296296,0.886597938144,0.875266790198,0.796296296296,0.796296296296,0,44,0,0,0,0
3358,WLNM_dir_neg,0.975723140496,0.808705820292,00:00:03,10,80,24,1237887348,threshold_sweep,0.1,0.75,0.0681818181818,0.125,3,1,41,87,0.0681818181818,0.988636363636,0.0113636363636,0.931818181818,0.75,0.0681818181818,0.125,0.681818181818,0.656565656566,0.0735294117647,0.15625,0.0568181818182,216,172,44,0,216,0,172,0,44,37,216,0.162162162162,1.32432432432,11.6756756757,21.6,6,8.1990990496,0.702237650082,0.31006006006,10.329336629,1.76937710775,0.765265265265,3.0868314707,0.528762798222,0.252752752753,0.579945114934,0.437917739848,2,1.32432432432,0.579945114934,2,0.0121701261701,0.00597269624573,7,0.000900900900901,0.621196581197,37,37,37,1,0,0.72972972973,0.243243243243,0.027027027027,37,0.129129129129,1.32432432432,9.2972972973,17.2,4.91428571429,6.6201076899,0.712046466646,0.343494657448,8.36731808957,1.79994633322,0.7743557511,2.79101948932,0.600393727355,0.325581395349,0.579945114934,0.437917739848,2,1.32432432432,0.579945114934,2,0.00865182436611,0.00270758122744,2,0.0002574002574,0.422432049968,37,37,37,1,0,0.72972972973,0.216216216216,0.0540540540541,37,176,0.132132132132,1.33039161611,9.51351351351,17.6,4.75675675676,6.74792816608,0.709299267457,0.34566953317,8.40438181151,1.76683026719,0.768734643735,2.63950127239,0.554895153855,0.301597051597,0.598636321842,0.449970004768,2.20408163265,1.33039161611,0.598636321842,2.20408163265,0.0144213205704,0.00521059487625,4,0.000514800514801,0.425574586444,37,37,37,1,0,0.72972972973,0.27027027027,0,-40,-0.03003003003,0.00606729178158,-2.16216216216,-4,-1.24324324324,-1.45117088353,0.00706161737509,0.0356094731095,-1.92495481749,-0.00254684055296,0.00346937846938,-0.44733019831,0.026132355633,0.0488442988443,0.018691206908,0.0120522649195,0.204081632653,0.00606729178158,0.018691206908,0.204081632653,0.00225119440026,-0.000762101369485,-3,-0.0003861003861,-0.195621994752,0,0.027027027027,-0.027027027027,175,1,41,1115,0.810185185185,0.999103942652,0.00089605734767,0.189814814815,0.994318181818,0.810185185185,0.892857142857,0.880901659124,0.809289127838,0.806451612903,4,44,0,0,0,0
3359,WLNM_dir_neg,0.975723140496,0.808705820292,00:00:03,10,80,24,1237887348,threshold_sweep,0.2,1,0.0681818181818,0.127659574468,3,0,41,88,0.0681818181818,1,0,0.931818181818,1,0.0681818181818,0.127659574468,0.689393939394,0.659090909091,0.0888888888889,0.215665546407,0.0681818181818,216,172,44,0,216,0,172,0,44,37,216,0.162162162162,1.32432432432,11.6756756757,21.6,6,8.1990990496,0.702237650082,0.31006006006,10.329336629,1.76937710775,0.765265265265,3.0868314707,0.528762798222,0.252752752753,0.579945114934,0.437917739848,2,1.32432432432,0.579945114934,2,0.0121701261701,0.00597269624573,7,0.000900900900901,0.621196581197,37,37,37,1,0,0.72972972973,0.243243243243,0.027027027027,37,0.129129129129,1.32432432432,9.2972972973,17.2,4.91428571429,6.6201076899,0.712046466646,0.343494657448,8.36731808957,1.79994633322,0.7743557511,2.79101948932,0.600393727355,0.325581395349,0.579945114934,0.437917739848,2,1.32432432432,0.579945114934,2,0.00865182436611,0.00270758122744,2,0.0002574002574,0.422432049968,37,37,37,1,0,0.72972972973,0.216216216216,0.0540540540541,37,175,0.131381381381,1.32432432432,9.45945945946,17.5,4.86111111111,6.76015530145,0.71464498901,0.348108108108,8.40518572949,1.77709641138,0.770347490347,2.68378514466,0.567428859157,0.30888030888,0.579945114934,0.437917739848,2,1.32432432432,0.579945114934,2,0.0144213205704,0.00521059487625,4,0.000514800514801,0.426382667252,37,37,37,1,0,0.72972972973,0.243243243243,0.027027027027,-41,-0.0307807807808,0,-2.21621621622,-4.1,-1.13888888889,-1.43894374816,0.0124073389284,0.038048048048,-1.92415089951,0.00771930363162,0.00508222508223,-0.403046326043,0.0386660609344,0.0561275561276,0,0,0,0,0,0,0.00225119440026,-0.000762101369485,-3,-0.0003861003861,-0.194813913944,0,0,0,175,0,41,1116,0.810185185185,1,0,0.189814814815,1,0.810185185185,0.895140664962,0.884010791353,0.810185185185,0.810185185185,3,44,0,0,0,0
3360,WLNM_dir_neg,0.975723140496,0.808705820292,00:00:03,10,80,24,1237887348,threshold_sweep,0.3,1,0.0681818181818,0.127659574468,3,0,41,88,0.0681818181818,1,0,0.931818181818,1,0.0681818181818,0.127659574468,0.689393939394,0.659090909091,0.0888888888889,0.215665546407,0.0681818181818,216,172,44,0,216,0,172,0,44,37,216,0.162162162162,1.32432432432,11.6756756757,21.6,6,8.1990990496,0.702237650082,0.31006006006,10.329336629,1.76937710775,0.765265265265,3.0868314707,0.528762798222,0.252752752753,0.579945114934,0.437917739848,2,1.32432432432,0.579945114934,2,0.0121701261701,0.00597269624573,7,0.000900900900901,0.621196581197,37,37,37,1,0,0.72972972973,0.243243243243,0.027027027027,37,0.129129129129,1.32432432432,9.2972972973,17.2,4.91428571429,6.6201076899,0.712046466646,0.343494657448,8.36731808957,1.79994633322,0.7743557511,2.79101948932,0.600393727355,0.325581395349,0.579945114934,0.437917739848,2,1.32432432432,0.579945114934,2,0.00865182436611,0.00270758122744,2,0.0002574002574,0.422432049968,37,37,37,1,0,0.72972972973,0.216216216216,0.0540540540541,37,175,0.131381381381,1.32432432432,9.45945945946,17.5,4.86111111111,6.76015530145,0.71464498901,0.348108108108,8.40518572949,1.77709641138,0.770347490347,2.68378514466,0.567428859157,0.30888030888,0.579945114934,0.437917739848,2,1.32432432432,0.579945114934,2,0.0144213205704,0.00521059487625,4,0.000514800514801,0.426382667252,37,37,37,1,0,0.72972972973,0.243243243243,0.027027027027,-41,-0.0307807807808,0,-2.21621621622,-4.1,-1.13888888889,-1.43894374816,0.0124073389284,0.038048048048,-1.92415089951,0.00771930363162,0.00508222508223,-0.403046326043,0.0386660609344,0.0561275561276,0,0,0,0,0,0,0.00225119440026,-0.000762101369485,-3,-0.0003861003861,-0.194813913944,0,0,0,175,0,41,1116,0.810185185185,1,0,0.189814814815,1,0.810185185185,0.895140664962,0.884010791353,0.810185185185,0.810185185185,3,44,0,0,0,0
3361,WLNM_dir_neg,0.975723140496,0.808705820292,00:00:03,10,80,24,1237887348,threshold_sweep,0.4,1,0.0454545454545,0.0869565217391,2,0,42,88,0.0454545454545,1,0,0.954545454545,1,0.0454545454545,0.0869565217391,0.681818181818,0.661616161616,0.0597014925373,0.175411603861,0.0454545454545,216,172,44,0,216,0,172,0,44,37,216,0.162162162162,1.32432432432,11.6756756757,21.6,6,8.1990990496,0.702237650082,0.31006006006,10.329336629,1.76937710775,0.765265265265,3.0868314707,0.528762798222,0.252752752753,0.579945114934,0.437917739848,2,1.32432432432,0.579945114934,2,0.0121701261701,0.00597269624573,7,0.000900900900901,0.621196581197,37,37,37,1,0,0.72972972973,0.243243243243,0.027027027027,37,0.129129129129,1.32432432432,9.2972972973,17.2,4.91428571429,6.6201076899,0.712046466646,0.343494657448,8.36731808957,1.79994633322,0.7743557511,2.79101948932,0.600393727355,0.325581395349,0.579945114934,0.437917739848,2,1.32432432432,0.579945114934,2,0.00865182436611,0.00270758122744,2,0.0002574002574,0.422432049968,37,37,37,1,0,0.72972972973,0.216216216216,0.0540540540541,37,174,0.130630630631,1.32432432432,9.40540540541,17.4,4.97142857143,6.71424463965,0.713870838124,0.346536191364,8.38936120222,1.78394462346,0.771668219944,2.72707479489,0.579895215006,0.315936626281,0.579945114934,0.437917739848,2,1.32432432432,0.579945114934,2,0.0150562412053,0.00527704485488,4,0.000514800514801,0.427370321573,37,37,37,1,0,0.72972972973,0.216216216216,0.0540540540541,-42,-0.0315315315315,0,-2.27027027027,-4.2,-1.02857142857,-1.48485440995,0.0116331880419,0.0364761313037,-1.93997542678,0.0145675157161,0.00640295467882,-0.359756675812,0.0511324167834,0.0631838735287,0,0,0,0,0,0,0.00288611503518,-0.000695651390853,-3,-0.0003861003861,-0.193826259623,0,-0.027027027027,0.027027027027,174,0,42,1116,0.805555555556,1,0,0.194444444444,1,0.805555555556,0.892307692308,0.88110074037,0.805555555556,0.805555555556,2,44,0,0,0,0
3362,WLNM_dir_neg,0.975723140496,0.808705820292,00:00:03,10,80,24,1237887348,threshold_sweep,0.5,1,0.0454545454545,0.0869565217391,2,0,42,88,0.0454545454545,1,0,0.954545454545,1,0.0454545454545,0.0869565217391,0.681818181818,0.661616161616,0.0597014925373,0.175411603861,0.0454545454545,216,172,44,0,216,0,172,0,44,37,216,0.162162162162,1.32432432432,11.6756756757,21.6,6,8.1990990496,0.702237650082,0.31006006006,10.329336629,1.76937710775,0.765265265265,3.0868314707,0.528762798222,0.252752752753,0.579945114934,0.437917739848,2,1.32432432432,0.579945114934,2,0.0121701261701,0.00597269624573,7,0.000900900900901,0.621196581197,37,37,37,1,0,0.72972972973,0.243243243243,0.027027027027,37,0.129129129129,1.32432432432,9.2972972973,17.2,4.91428571429,6.6201076899,0.712046466646,0.343494657448,8.36731808957,1.79994633322,0.7743557511,2.79101948932,0.600393727355,0.325581395349,0.579945114934,0.437917739848,2,1.32432432432,0.579945114934,2,0.00865182436611,0.00270758122744,2,0.0002574002574,0.422432049968,37,37,37,1,0,0.72972972973,0.216216216216,0.0540540540541,37,174,0.130630630631,1.32432432432,9.40540540541,17.4,4.97142857143,6.71424463965,0.713870838124,0.346536191364,8.38936120222,1.78394462346,0.771668219944,2.72707479489,0.579895215006,0.315936626281,0.579945114934,0.437917739848,2,1.32432432432,0.579945114934,2,0.0150562412053,0.00527704485488,4,0.000514800514801,0.427370321573,37,37,37,1,0,0.72972972973,0.216216216216,0.0540540540541,-42,-0.0315315315315,0,-2.27027027027,-4.2,-1.02857142857,-1.48485440995,0.0116331880419,0.0364761313037,-1.93997542678,0.0145675157161,0.00640295467882,-0.359756675812,0.0511324167834,0.0631838735287,0,0,0,0,0,0,0.00288611503518,-0.000695651390853,-3,-0.0003861003861,-0.193826259623,0,-0.027027027027,0.027027027027,174,0,42,1116,0.805555555556,1,0,0.194444444444,1,0.805555555556,0.892307692308,0.88110074037,0.805555555556,0.805555555556,2,44,0,0,0,0
3363,WLNM_dir_neg,0.975723140496,0.808705820292,00:00:03,10,80,24,1237887348,threshold_sweep,0.6,1,0.0454545454545,0.0869565217391,2,0,42,88,0.0454545454545,1,0,0.954545454545,1,0.0454545454545,0.0869565217391,0.681818181818,0.661616161616,0.0597014925373,0.175411603861,0.0454545454545,216,172,44,0,216,0,172,0,44,37,216,0.162162162162,1.32432432432,11.6756756757,21.6,6,8.1990990496,0.702237650082,0.31006006006,10.329336629,1.76937710775,0.765265265265,3.0868314707,0.528762798222,0.252752752753,0.579945114934,0.437917739848,2,1.32432432432,0.579945114934,2,0.0121701261701,0.00597269624573,7,0.000900900900901,0.621196581197,37,37,37,1,0,0.72972972973,0.243243243243,0.027027027027,37,0.129129129129,1.32432432432,9.2972972973,17.2,4.91428571429,6.6201076899,0.712046466646,0.343494657448,8.36731808957,1.79994633322,0.7743557511,2.79101948932,0.600393727355,0.325581395349,0.579945114934,0.437917739848,2,1.32432432432,0.579945114934,2,0.00865182436611,0.00270758122744,2,0.0002574002574,0.422432049968,37,37,37,1,0,0.72972972973,0.216216216216,0.0540540540541,37,174,0.130630630631,1.32432432432,9.40540540541,17.4,4.97142857143,6.71424463965,0.713870838124,0.346536191364,8.38936120222,1.78394462346,0.771668219944,2.72707479489,0.579895215006,0.315936626281,0.579945114934,0.437917739848,2,1.32432432432,0.579945114934,2,0.0150562412053,0.00527704485488,4,0.000514800514801,0.427370321573,37,37,37,1,0,0.72972972973,0.216216216216,0.0540540540541,-42,-0.0315315315315,0,-2.27027027027,-4.2,-1.02857142857,-1.48485440995,0.0116331880419,0.0364761313037,-1.93997542678,0.0145675157161,0.00640295467882,-0.359756675812,0.0511324167834,0.0631838735287,0,0,0,0,0,0,0.00288611503518,-0.000695651390853,-3,-0.0003861003861,-0.193826259623,0,-0.027027027027,0.027027027027,174,0,42,1116,0.805555555556,1,0,0.194444444444,1,0.805555555556,0.892307692308,0.88110074037,0.805555555556,0.805555555556,2,44,0,0,0,0
3364,WLNM_dir_neg,0.975723140496,0.808705820292,00:00:03,10,80,24,1237887348,threshold_sweep,0.7,1,0.0454545454545,0.0869565217391,2,0,42,88,0.0454545454545,1,0,0.954545454545,1,0.0454545454545,0.0869565217391,0.681818181818,0.661616161616,0.0597014925373,0.175411603861,0.0454545454545,216,172,44,0,216,0,172,0,44,37,216,0.162162162162,1.32432432432,11.6756756757,21.6,6,8.1990990496,0.702237650082,0.31006006006,10.329336629,1.76937710775,0.765265265265,3.0868314707,0.528762798222,0.252752752753,0.579945114934,0.437917739848,2,1.32432432432,0.579945114934,2,0.0121701261701,0.00597269624573,7,0.000900900900901,0.621196581197,37,37,37,1,0,0.72972972973,0.243243243243,0.027027027027,37,0.129129129129,1.32432432432,9.2972972973,17.2,4.91428571429,6.6201076899,0.712046466646,0.343494657448,8.36731808957,1.79994633322,0.7743557511,2.79101948932,0.600393727355,0.325581395349,0.579945114934,0.437917739848,2,1.32432432432,0.579945114934,2,0.00865182436611,0.00270758122744,2,0.0002574002574,0.422432049968,37,37,37,1,0,0.72972972973,0.216216216216,0.0540540540541,37,174,0.130630630631,1.32432432432,9.40540540541,17.4,4.97142857143,6.71424463965,0.713870838124,0.346536191364,8.38936120222,1.78394462346,0.771668219944,2.72707479489,0.579895215006,0.315936626281,0.579945114934,0.437917739848,2,1.32432432432,0.579945114934,2,0.0150562412053,0.00527704485488,4,0.000514800514801,0.427370321573,37,37,37,1,0,0.72972972973,0.216216216216,0.0540540540541,-42,-0.0315315315315,0,-2.27027027027,-4.2,-1.02857142857,-1.48485440995,0.0116331880419,0.0364761313037,-1.93997542678,0.0145675157161,0.00640295467882,-0.359756675812,0.0511324167834,0.0631838735287,0,0,0,0,0,0,0.00288611503518,-0.000695651390853,-3,-0.0003861003861,-0.193826259623,0,-0.027027027027,0.027027027027,174,0,42,1116,0.805555555556,1,0,0.194444444444,1,0.805555555556,0.892307692308,0.88110074037,0.805555555556,0.805555555556,2,44,0,0,0,0
3365,WLNM_dir_neg,0.975723140496,0.808705820292,00:00:03,10,80,24,1237887348,threshold_sweep,0.8,1,0.0454545454545,0.0869565217391,2,0,42,88,0.0454545454545,1,0,0.954545454545,1,0.0454545454545,0.0869565217391,0.681818181818,0.661616161616,0.0597014925373,0.175411603861,0.0454545454545,216,172,44,0,216,0,172,0,44,37,216,0.162162162162,1.32432432432,11.6756756757,21.6,6,8.1990990496,0.702237650082,0.31006006006,10.329336629,1.76937710775,0.765265265265,3.0868314707,0.528762798222,0.252752752753,0.579945114934,0.437917739848,2,1.32432432432,0.579945114934,2,0.0121701261701,0.00597269624573,7,0.000900900900901,0.621196581197,37,37,37,1,0,0.72972972973,0.243243243243,0.027027027027,37,0.129129129129,1.32432432432,9.2972972973,17.2,4.91428571429,6.6201076899,0.712046466646,0.343494657448,8.36731808957,1.79994633322,0.7743557511,2.79101948932,0.600393727355,0.325581395349,0.579945114934,0.437917739848,2,1.32432432432,0.579945114934,2,0.00865182436611,0.00270758122744,2,0.0002574002574,0.422432049968,37,37,37,1,0,0.72972972973,0.216216216216,0.0540540540541,37,174,0.130630630631,1.32432432432,9.40540540541,17.4,4.97142857143,6.71424463965,0.713870838124,0.346536191364,8.38936120222,1.78394462346,0.771668219944,2.72707479489,0.579895215006,0.315936626281,0.579945114934,0.437917739848,2,1.32432432432,0.579945114934,2,0.0150562412053,0.00527704485488,4,0.000514800514801,0.427370321573,37,37,37,1,0,0.72972972973,0.216216216216,0.0540540540541,-42,-0.0315315315315,0,-2.27027027027,-4.2,-1.02857142857,-1.48485440995,0.0116331880419,0.0364761313037,-1.93997542678,0.0145675157161,0.00640295467882,-0.359756675812,0.0511324167834,0.0631838735287,0,0,0,0,0,0,0.00288611503518,-0.000695651390853,-3,-0.0003861003861,-0.193826259623,0,-0.027027027027,0.027027027027,174,0,42,1116,0.805555555556,1,0,0.194444444444,1,0.805555555556,0.892307692308,0.88110074037,0.805555555556,0.805555555556,2,44,0,0,0,0
3366,WLNM_dir_neg,0.975723140496,0.808705820292,00:00:03,10,80,24,1237887348,threshold_sweep,0.9,1,0.0454545454545,0.0869565217391,2,0,42,88,0.0454545454545,1,0,0.954545454545,1,0.0454545454545,0.0869565217391,0.681818181818,0.661616161616,0.0597014925373,0.175411603861,0.0454545454545,216,172,44,0,216,0,172,0,44,37,216,0.162162162162,1.32432432432,11.6756756757,21.6,6,8.1990990496,0.702237650082,0.31006006006,10.329336629,1.76937710775,0.765265265265,3.0868314707,0.528762798222,0.252752752753,0.579945114934,0.437917739848,2,1.32432432432,0.579945114934,2,0.0121701261701,0.00597269624573,7,0.000900900900901,0.621196581197,37,37,37,1,0,0.72972972973,0.243243243243,0.027027027027,37,0.129129129129,1.32432432432,9.2972972973,17.2,4.91428571429,6.6201076899,0.712046466646,0.343494657448,8.36731808957,1.79994633322,0.7743557511,2.79101948932,0.600393727355,0.325581395349,0.579945114934,0.437917739848,2,1.32432432432,0.579945114934,2,0.00865182436611,0.00270758122744,2,0.0002574002574,0.422432049968,37,37,37,1,0,0.72972972973,0.216216216216,0.0540540540541,37,174,0.130630630631,1.32432432432,9.40540540541,17.4,4.97142857143,6.71424463965,0.713870838124,0.346536191364,8.38936120222,1.78394462346,0.771668219944,2.72707479489,0.579895215006,0.315936626281,0.579945114934,0.437917739848,2,1.32432432432,0.579945114934,2,0.0150562412053,0.00527704485488,4,0.000514800514801,0.427370321573,37,37,37,1,0,0.72972972973,0.216216216216,0.0540540540541,-42,-0.0315315315315,0,-2.27027027027,-4.2,-1.02857142857,-1.48485440995,0.0116331880419,0.0364761313037,-1.93997542678,0.0145675157161,0.00640295467882,-0.359756675812,0.0511324167834,0.0631838735287,0,0,0,0,0,0,0.00288611503518,-0.000695651390853,-3,-0.0003861003861,-0.193826259623,0,-0.027027027027,0.027027027027,174,0,42,1116,0.805555555556,1,0,0.194444444444,1,0.805555555556,0.892307692308,0.88110074037,0.805555555556,0.805555555556,2,44,0,0,0,0
3367,WLNM_dir_neg,0.994705578512,0.966689623508,00:00:03,10,80,25,1237887349,threshold_sweep,0.1,1,0.0909090909091,0.166666666667,4,0,40,88,0.0909090909091,1,0,0.909090909091,1,0.0909090909091,0.166666666667,0.69696969697,0.656565656566,0.117647058824,0.25,0.0909090909091,216,172,44,0,216,0,172,0,44,37,216,0.162162162162,1.32432432432,11.6756756757,21.6,6,8.1990990496,0.702237650082,0.31006006006,10.329336629,1.76937710775,0.765265265265,3.0868314707,0.528762798222,0.252752752753,0.579945114934,0.437917739848,2,1.32432432432,0.579945114934,2,0.0121701261701,0.00597269624573,7,0.000900900900901,0.621196581197,37,37,37,1,0,0.72972972973,0.243243243243,0.027027027027,37,0.129129129129,1.32432432432,9.2972972973,17.2,4.91428571429,6.62849431899,0.712948516869,0.344751728473,8.32738526462,1.7913561325,0.774041483344,2.75092122162,0.591767937209,0.325267127593,0.579945114934,0.437917739848,2,1.32432432432,0.579945114934,2,0.0101715468796,0.00405770964833,3,0.0003861003861,0.421409387714,37,37,37,1,0,0.72972972973,0.216216216216,0.0540540540541,37,176,0.132132132132,1.32432432432,9.51351351351,17.6,4.88888888889,6.79305863699,0.714043095366,0.34828009828,8.36794613525,1.75917049434,0.768427518428,2.6077385414,0.548217761544,0.302518427518,0.579945114934,0.437917739848,2,1.32432432432,0.579945114934,2,0.0127334570192,0.00772863890082,6,0.000772200772201,0.42733531364,37,37,37,1,0,0.72972972973,0.243243243243,0.027027027027,-40,-0.03003003003,0,-2.16216216216,-4,-1.11111111111,-1.40604041261,0.011805445284,0.03822003822,-1.96139049375,-0.010206613402,0.00316225316225,-0.479092929305,0.0194549633218,0.0497656747657,0,0,0,0,0,0,0.000563330849045,0.00175594265508,-1,-0.0001287001287,-0.193861267557,0,0,0,176,0,40,1116,0.814814814815,1,0,0.185185185185,1,0.814814814815,0.897959183673,0.886916304149,0.814814814815,0.814814814815,4,44,0,0,0,0
3368,WLNM_dir_neg,0.994705578512,0.966689623508,00:00:03,10,80,25,1237887349,threshold_sweep,0.2,1,0.0909090909091,0.166666666667,4,0,40,88,0.0909090909091,1,0,0.909090909091,1,0.0909090909091,0.166666666667,0.69696969697,0.656565656566,0.117647058824,0.25,0.0909090909091,216,172,44,0,216,0,172,0,44,37,216,0.162162162162,1.32432432432,11.6756756757,21.6,6,8.1990990496,0.702237650082,0.31006006006,10.329336629,1.76937710775,0.765265265265,3.0868314707,0.528762798222,0.252752752753,0.579945114934,0.437917739848,2,1.32432432432,0.579945114934,2,0.0121701261701,0.00597269624573,7,0.000900900900901,0.621196581197,37,37,37,1,0,0.72972972973,0.243243243243,0.027027027027,37,0.129129129129,1.32432432432,9.2972972973,17.2,4.91428571429,6.62849431899,0.712948516869,0.344751728473,8.32738526462,1.7913561325,0.774041483344,2.75092122162,0.591767937209,0.325267127593,0.579945114934,0.437917739848,2,1.32432432432,0.579945114934,2,0.0101715468796,0.00405770964833,3,0.0003861003861,0.421409387714,37,37,37,1,0,0.72972972973,0.216216216216,0.0540540540541,37,176,0.132132132132,1.32432432432,9.51351351351,17.6,4.88888888889,6.79305863699,0.714043095366,0.34828009828,8.36794613525,1.75917049434,0.768427518428,2.6077385414,0.548217761544,0.302518427518,0.579945114934,0.437917739848,2,1.32432432432,0.579945114934,2,0.0127334570192,0.00772863890082,6,0.000772200772201,0.42733531364,37,37,37,1,0,0.72972972973,0.243243243243,0.027027027027,-40,-0.03003003003,0,-2.16216216216,-4,-1.11111111111,-1.40604041261,0.011805445284,0.03822003822,-1.96139049375,-0.010206613402,0.00316225316225,-0.479092929305,0.0194549633218,0.0497656747657,0,0,0,0,0,0,0.000563330849045,0.00175594265508,-1,-0.0001287001287,-0.193861267557,0,0,0,176,0,40,1116,0.814814814815,1,0,0.185185185185,1,0.814814814815,0.897959183673,0.886916304149,0.814814814815,0.814814814815,4,44,0,0,0,0
3369,WLNM_dir_neg,0.994705578512,0.966689623508,00:00:03,10,80,25,1237887349,threshold_sweep,0.3,1,0.0909090909091,0.166666666667,4,0,40,88,0.0909090909091,1,0,0.909090909091,1,0.0909090909091,0.166666666667,0.69696969697,0.656565656566,0.117647058824,0.25,0.0909090909091,216,172,44,0,216,0,172,0,44,37,216,0.162162162162,1.32432432432,11.6756756757,21.6,6,8.1990990496,0.702237650082,0.31006006006,10.329336629,1.76937710775,0.765265265265,3.0868314707,0.528762798222,0.252752752753,0.579945114934,0.437917739848,2,1.32432432432,0.579945114934,2,0.0121701261701,0.00597269624573,7,0.000900900900901,0.621196581197,37,37,37,1,0,0.72972972973,0.243243243243,0.027027027027,37,0.129129129129,1.32432432432,9.2972972973,17.2,4.91428571429,6.62849431899,0.712948516869,0.344751728473,8.32738526462,1.7913561325,0.774041483344,2.75092122162,0.591767937209,0.325267127593,0.579945114934,0.437917739848,2,1.32432432432,0.579945114934,2,0.0101715468796,0.00405770964833,3,0.0003861003861,0.421409387714,37,37,37,1,0,0.72972972973,0.216216216216,0.0540540540541,37,176,0.132132132132,1.32432432432,9.51351351351,17.6,4.88888888889,6.79305863699,0.714043095366,0.34828009828,8.36794613525,1.75917049434,0.768427518428,2.6077385414,0.548217761544,0.302518427518,0.579945114934,0.437917739848,2,1.32432432432,0.579945114934,2,0.0127334570192,0.00772863890082,6,0.000772200772201,0.42733531364,37,37,37,1,0,0.72972972973,0.243243243243,0.027027027027,-40,-0.03003003003,0,-2.16216216216,-4,-1.11111111111,-1.40604041261,0.011805445284,0.03822003822,-1.96139049375,-0.010206613402,0.00316225316225,-0.479092929305,0.0194549633218,0.0497656747657,0,0,0,0,0,0,0.000563330849045,0.00175594265508,-1,-0.0001287001287,-0.193861267557,0,0,0,176,0,40,1116,0.814814814815,1,0,0.185185185185,1,0.814814814815,0.897959183673,0.886916304149,0.814814814815,0.814814814815,4,44,0,0,0,0
3370,WLNM_dir_neg,0.994705578512,0.966689623508,00:00:03,10,80,25,1237887349,threshold_sweep,0.4,1,0.0909090909091,0.166666666667,4,0,40,88,0.0909090909091,1,0,0.909090909091,1,0.0909090909091,0.166666666667,0.69696969697,0.656565656566,0.117647058824,0.25,0.0909090909091,216,172,44,0,216,0,172,0,44,37,216,0.162162162162,1.32432432432,11.6756756757,21.6,6,8.1990990496,0.702237650082,0.31006006006,10.329336629,1.76937710775,0.765265265265,3.0868314707,0.528762798222,0.252752752753,0.579945114934,0.437917739848,2,1.32432432432,0.579945114934,2,0.0121701261701,0.00597269624573,7,0.000900900900901,0.621196581197,37,37,37,1,0,0.72972972973,0.243243243243,0.027027027027,37,0.129129129129,1.32432432432,9.2972972973,17.2,4.91428571429,6.62849431899,0.712948516869,0.344751728473,8.32738526462,1.7913561325,0.774041483344,2.75092122162,0.591767937209,0.325267127593,0.579945114934,0.437917739848,2,1.32432432432,0.579945114934,2,0.0101715468796,0.00405770964833,3,0.0003861003861,0.421409387714,37,37,37,1,0,0.72972972973,0.216216216216,0.0540540540541,37,176,0.132132132132,1.32432432432,9.51351351351,17.6,4.88888888889,6.79305863699,0.714043095366,0.34828009828,8.36794613525,1.75917049434,0.768427518428,2.6077385414,0.548217761544,0.302518427518,0.579945114934,0.437917739848,2,1.32432432432,0.579945114934,2,0.0127334570192,0.00772863890082,6,0.000772200772201,0.42733531364,37,37,37,1,0,0.72972972973,0.243243243243,0.027027027027,-40,-0.03003003003,0,-2.16216216216,-4,-1.11111111111,-1.40604041261,0.011805445284,0.03822003822,-1.96139049375,-0.010206613402,0.00316225316225,-0.479092929305,0.0194549633218,0.0497656747657,0,0,0,0,0,0,0.000563330849045,0.00175594265508,-1,-0.0001287001287,-0.193861267557,0,0,0,176,0,40,1116,0.814814814815,1,0,0.185185185185,1,0.814814814815,0.897959183673,0.886916304149,0.814814814815,0.814814814815,4,44,0,0,0,0
3371,WLNM_dir_neg,0.994705578512,0.966689623508,00:00:03,10,80,25,1237887349,threshold_sweep,0.5,1,0.0909090909091,0.166666666667,4,0,40,88,0.0909090909091,1,0,0.909090909091,1,0.0909090909091,0.166666666667,0.69696969697,0.656565656566,0.117647058824,0.25,0.0909090909091,216,172,44,0,216,0,172,0,44,37,216,0.162162162162,1.32432432432,11.6756756757,21.6,6,8.1990990496,0.702237650082,0.31006006006,10.329336629,1.76937710775,0.765265265265,3.0868314707,0.528762798222,0.252752752753,0.579945114934,0.437917739848,2,1.32432432432,0.579945114934,2,0.0121701261701,0.00597269624573,7,0.000900900900901,0.621196581197,37,37,37,1,0,0.72972972973,0.243243243243,0.027027027027,37,0.129129129129,1.32432432432,9.2972972973,17.2,4.91428571429,6.62849431899,0.712948516869,0.344751728473,8.32738526462,1.7913561325,0.774041483344,2.75092122162,0.591767937209,0.325267127593,0.579945114934,0.437917739848,2,1.32432432432,0.579945114934,2,0.0101715468796,0.00405770964833,3,0.0003861003861,0.421409387714,37,37,37,1,0,0.72972972973,0.216216216216,0.0540540540541,37,176,0.132132132132,1.32432432432,9.51351351351,17.6,4.88888888889,6.79305863699,0.714043095366,0.34828009828,8.36794613525,1.75917049434,0.768427518428,2.6077385414,0.548217761544,0.302518427518,0.579945114934,0.437917739848,2,1.32432432432,0.579945114934,2,0.0127334570192,0.00772863890082,6,0.000772200772201,0.42733531364,37,37,37,1,0,0.72972972973,0.243243243243,0.027027027027,-40,-0.03003003003,0,-2.16216216216,-4,-1.11111111111,-1.40604041261,0.011805445284,0.03822003822,-1.96139049375,-0.010206613402,0.00316225316225,-0.479092929305,0.0194549633218,0.0497656747657,0,0,0,0,0,0,0.000563330849045,0.00175594265508,-1,-0.0001287001287,-0.193861267557,0,0,0,176,0,40,1116,0.814814814815,1,0,0.185185185185,1,0.814814814815,0.897959183673,0.886916304149,0.814814814815,0.814814814815,4,44,0,0,0,0
3372,WLNM_dir_neg,0.994705578512,0.966689623508,00:00:03,10,80,25,1237887349,threshold_sweep,0.6,1,0.0909090909091,0.166666666667,4,0,40,88,0.0909090909091,1,0,0.909090909091,1,0.0909090909091,0.166666666667,0.69696969697,0.656565656566,0.117647058824,0.25,0.0909090909091,216,172,44,0,216,0,172,0,44,37,216,0.162162162162,1.32432432432,11.6756756757,21.6,6,8.1990990496,0.702237650082,0.31006006006,10.329336629,1.76937710775,0.765265265265,3.0868314707,0.528762798222,0.252752752753,0.579945114934,0.437917739848,2,1.32432432432,0.579945114934,2,0.0121701261701,0.00597269624573,7,0.000900900900901,0.621196581197,37,37,37,1,0,0.72972972973,0.243243243243,0.027027027027,37,0.129129129129,1.32432432432,9.2972972973,17.2,4.91428571429,6.62849431899,0.712948516869,0.344751728473,8.32738526462,1.7913561325,0.774041483344,2.75092122162,0.591767937209,0.325267127593,0.579945114934,0.437917739848,2,1.32432432432,0.579945114934,2,0.0101715468796,0.00405770964833,3,0.0003861003861,0.421409387714,37,37,37,1,0,0.72972972973,0.216216216216,0.0540540540541,37,176,0.132132132132,1.32432432432,9.51351351351,17.6,4.88888888889,6.79305863699,0.714043095366,0.34828009828,8.36794613525,1.75917049434,0.768427518428,2.6077385414,0.548217761544,0.302518427518,0.579945114934,0.437917739848,2,1.32432432432,0.579945114934,2,0.0127334570192,0.00772863890082,6,0.000772200772201,0.42733531364,37,37,37,1,0,0.72972972973,0.243243243243,0.027027027027,-40,-0.03003003003,0,-2.16216216216,-4,-1.11111111111,-1.40604041261,0.011805445284,0.03822003822,-1.96139049375,-0.010206613402,0.00316225316225,-0.479092929305,0.0194549633218,0.0497656747657,0,0,0,0,0,0,0.000563330849045,0.00175594265508,-1,-0.0001287001287,-0.193861267557,0,0,0,176,0,40,1116,0.814814814815,1,0,0.185185185185,1,0.814814814815,0.897959183673,0.886916304149,0.814814814815,0.814814814815,4,44,0,0,0,0
3373,WLNM_dir_neg,0.994705578512,0.966689623508,00:00:03,10,80,25,1237887349,threshold_sweep,0.7,1,0.0909090909091,0.166666666667,4,0,40,88,0.0909090909091,1,0,0.909090909091,1,0.0909090909091,0.166666666667,0.69696969697,0.656565656566,0.117647058824,0.25,0.0909090909091,216,172,44,0,216,0,172,0,44,37,216,0.162162162162,1.32432432432,11.6756756757,21.6,6,8.1990990496,0.702237650082,0.31006006006,10.329336629,1.76937710775,0.765265265265,3.0868314707,0.528762798222,0.252752752753,0.579945114934,0.437917739848,2,1.32432432432,0.579945114934,2,0.0121701261701,0.00597269624573,7,0.000900900900901,0.621196581197,37,37,37,1,0,0.72972972973,0.243243243243,0.027027027027,37,0.129129129129,1.32432432432,9.2972972973,17.2,4.91428571429,6.62849431899,0.712948516869,0.344751728473,8.32738526462,1.7913561325,0.774041483344,2.75092122162,0.591767937209,0.325267127593,0.579945114934,0.437917739848,2,1.32432432432,0.579945114934,2,0.0101715468796,0.00405770964833,3,0.0003861003861,0.421409387714,37,37,37,1,0,0.72972972973,0.216216216216,0.0540540540541,37,176,0.132132132132,1.32432432432,9.51351351351,17.6,4.88888888889,6.79305863699,0.714043095366,0.34828009828,8.36794613525,1.75917049434,0.768427518428,2.6077385414,0.548217761544,0.302518427518,0.579945114934,0.437917739848,2,1.32432432432,0.579945114934,2,0.0127334570192,0.00772863890082,6,0.000772200772201,0.42733531364,37,37,37,1,0,0.72972972973,0.243243243243,0.027027027027,-40,-0.03003003003,0,-2.16216216216,-4,-1.11111111111,-1.40604041261,0.011805445284,0.03822003822,-1.96139049375,-0.010206613402,0.00316225316225,-0.479092929305,0.0194549633218,0.0497656747657,0,0,0,0,0,0,0.000563330849045,0.00175594265508,-1,-0.0001287001287,-0.193861267557,0,0,0,176,0,40,1116,0.814814814815,1,0,0.185185185185,1,0.814814814815,0.897959183673,0.886916304149,0.814814814815,0.814814814815,4,44,0,0,0,0
3374,WLNM_dir_neg,0.994705578512,0.966689623508,00:00:03,10,80,25,1237887349,threshold_sweep,0.8,1,0.0909090909091,0.166666666667,4,0,40,88,0.0909090909091,1,0,0.909090909091,1,0.0909090909091,0.166666666667,0.69696969697,0.656565656566,0.117647058824,0.25,0.0909090909091,216,172,44,0,216,0,172,0,44,37,216,0.162162162162,1.32432432432,11.6756756757,21.6,6,8.1990990496,0.702237650082,0.31006006006,10.329336629,1.76937710775,0.765265265265,3.0868314707,0.528762798222,0.252752752753,0.579945114934,0.437917739848,2,1.32432432432,0.579945114934,2,0.0121701261701,0.00597269624573,7,0.000900900900901,0.621196581197,37,37,37,1,0,0.72972972973,0.243243243243,0.027027027027,37,0.129129129129,1.32432432432,9.2972972973,17.2,4.91428571429,6.62849431899,0.712948516869,0.344751728473,8.32738526462,1.7913561325,0.774041483344,2.75092122162,0.591767937209,0.325267127593,0.579945114934,0.437917739848,2,1.32432432432,0.579945114934,2,0.0101715468796,0.00405770964833,3,0.0003861003861,0.421409387714,37,37,37,1,0,0.72972972973,0.216216216216,0.0540540540541,37,176,0.132132132132,1.32432432432,9.51351351351,17.6,4.88888888889,6.79305863699,0.714043095366,0.34828009828,8.36794613525,1.75917049434,0.768427518428,2.6077385414,0.548217761544,0.302518427518,0.579945114934,0.437917739848,2,1.32432432432,0.579945114934,2,0.0127334570192,0.00772863890082,6,0.000772200772201,0.42733531364,37,37,37,1,0,0.72972972973,0.243243243243,0.027027027027,-40,-0.03003003003,0,-2.16216216216,-4,-1.11111111111,-1.40604041261,0.011805445284,0.03822003822,-1.96139049375,-0.010206613402,0.00316225316225,-0.479092929305,0.0194549633218,0.0497656747657,0,0,0,0,0,0,0.000563330849045,0.00175594265508,-1,-0.0001287001287,-0.193861267557,0,0,0,176,0,40,1116,0.814814814815,1,0,0.185185185185,1,0.814814814815,0.897959183673,0.886916304149,0.814814814815,0.814814814815,4,44,0,0,0,0
3375,WLNM_dir_neg,0.994705578512,0.966689623508,00:00:03,10,80,25,1237887349,threshold_sweep,0.9,1,0.0909090909091,0.166666666667,4,0,40,88,0.0909090909091,1,0,0.909090909091,1,0.0909090909091,0.166666666667,0.69696969697,0.656565656566,0.117647058824,0.25,0.0909090909091,216,172,44,0,216,0,172,0,44,37,216,0.162162162162,1.32432432432,11.6756756757,21.6,6,8.1990990496,0.702237650082,0.31006006006,10.329336629,1.76937710775,0.765265265265,3.0868314707,0.528762798222,0.252752752753,0.579945114934,0.437917739848,2,1.32432432432,0.579945114934,2,0.0121701261701,0.00597269624573,7,0.000900900900901,0.621196581197,37,37,37,1,0,0.72972972973,0.243243243243,0.027027027027,37,0.129129129129,1.32432432432,9.2972972973,17.2,4.91428571429,6.62849431899,0.712948516869,0.344751728473,8.32738526462,1.7913561325,0.774041483344,2.75092122162,0.591767937209,0.325267127593,0.579945114934,0.437917739848,2,1.32432432432,0.579945114934,2,0.0101715468796,0.00405770964833,3,0.0003861003861,0.421409387714,37,37,37,1,0,0.72972972973,0.216216216216,0.0540540540541,37,176,0.132132132132,1.32432432432,9.51351351351,17.6,4.88888888889,6.79305863699,0.714043095366,0.34828009828,8.36794613525,1.75917049434,0.768427518428,2.6077385414,0.548217761544,0.302518427518,0.579945114934,0.437917739848,2,1.32432432432,0.579945114934,2,0.0127334570192,0.00772863890082,6,0.000772200772201,0.42733531364,37,37,37,1,0,0.72972972973,0.243243243243,0.027027027027,-40,-0.03003003003,0,-2.16216216216,-4,-1.11111111111,-1.40604041261,0.011805445284,0.03822003822,-1.96139049375,-0.010206613402,0.00316225316225,-0.479092929305,0.0194549633218,0.0497656747657,0,0,0,0,0,0,0.000563330849045,0.00175594265508,-1,-0.0001287001287,-0.193861267557,0,0,0,176,0,40,1116,0.814814814815,1,0,0.185185185185,1,0.814814814815,0.897959183673,0.886916304149,0.814814814815,0.814814814815,4,44,0,0,0,0
3376,WLNM_dir_neg,0.96229338843,0.729352195424,00:00:03,10,80,26,1237887350,threshold_sweep,0.1,0.5,0.0454545454545,0.0833333333333,2,2,42,86,0.0454545454545,0.977272727273,0.0227272727273,0.954545454545,0.5,0.0454545454545,0.0833333333333,0.666666666667,0.656565656566,0.0294117647059,0.0625,0.0227272727273,216,172,44,0,216,0,172,0,44,37,216,0.162162162162,1.32432432432,11.6756756757,21.6,6,8.1990990496,0.702237650082,0.31006006006,10.329336629,1.76937710775,0.765265265265,3.0868314707,0.528762798222,0.252752752753,0.579945114934,0.437917739848,2,1.32432432432,0.579945114934,2,0.0121701261701,0.00597269624573,7,0.000900900900901,0.621196581197,37,37,37,1,0,0.72972972973,0.243243243243,0.027027027027,37,0.129129129129,1.32432432432,9.2972972973,17.2,5.05882352941,6.62849431899,0.712948516869,0.347894406034,8.23008105879,1.77042441381,0.768384663734,2.71022975877,0.583014541132,0.321810182275,0.579945114934,0.437917739848,2,1.33333333333,0.585540043769,2,0.0141662598054,0.00676284941389,5,0.000643500643501,0.425526326063,37,36,36,0.972972972973,0,0.702702702703,0.216216216216,0.0540540540541,37,176,0.132132132132,1.39140644404,9.51351351351,16,5.02857142857,6.78896826404,0.71361314139,0.348740786241,8.23409377529,1.73103107776,0.761670761671,2.57558413445,0.541458028265,0.299754299754,0.66004575054,0.474373072921,2.10526315789,1.40227884526,0.666039887452,2.10526315789,0.0120111685198,0.00911854103343,7,0.000900900900901,0.355077095061,37,36,36,0.972972972973,0,0.675675675676,0.27027027027,0.027027027027,-40,-0.03003003003,0.0670821197137,-2.16216216216,-5.6,-0.971428571429,-1.41013078557,0.0113754913083,0.0386807261807,-2.09524285371,-0.0383460299851,-0.0035945035945,-0.511247336253,0.0126952300427,0.0470015470015,0.080100635606,0.0364553330726,0.105263157895,0.077954520937,0.0860947725176,0.105263157895,-0.000158957650295,0.0031458447877,0,0,-0.266119486135,-0.0540540540541,0.027027027027,0,174,2,42,1114,0.805555555556,0.998207885305,0.00179211469534,0.194444444444,0.988636363636,0.805555555556,0.887755102041,0.8748870141,0.80376344086,0.798165137615,4,44,0,0,0,0
3377,WLNM_dir_neg,0.96229338843,0.729352195424,00:00:03,10,80,26,1237887350,threshold_sweep,0.2,0.5,0.0454545454545,0.0833333333333,2,2,42,86,0.0454545454545,0.977272727273,0.0227272727273,0.954545454545,0.5,0.0454545454545,0.0833333333333,0.666666666667,0.656565656566,0.0294117647059,0.0625,0.0227272727273,216,172,44,0,216,0,172,0,44,37,216,0.162162162162,1.32432432432,11.6756756757,21.6,6,8.1990990496,0.702237650082,0.31006006006,10.329336629,1.76937710775,0.765265265265,3.0868314707,0.528762798222,0.252752752753,0.579945114934,0.437917739848,2,1.32432432432,0.579945114934,2,0.0121701261701,0.00597269624573,7,0.000900900900901,0.621196581197,37,37,37,1,0,0.72972972973,0.243243243243,0.027027027027,37,0.129129129129,1.32432432432,9.2972972973,17.2,5.05882352941,6.62849431899,0.712948516869,0.347894406034,8.23008105879,1.77042441381,0.768384663734,2.71022975877,0.583014541132,0.321810182275,0.579945114934,0.437917739848,2,1.33333333333,0.585540043769,2,0.0141662598054,0.00676284941389,5,0.000643500643501,0.425526326063,37,36,36,0.972972972973,0,0.702702702703,0.216216216216,0.0540540540541,37,176,0.132132132132,1.39140644404,9.51351351351,16,5.02857142857,6.78896826404,0.71361314139,0.348740786241,8.23409377529,1.73103107776,0.761670761671,2.57558413445,0.541458028265,0.299754299754,0.66004575054,0.474373072921,2.10526315789,1.40227884526,0.666039887452,2.10526315789,0.0120111685198,0.00911854103343,7,0.000900900900901,0.355077095061,37,36,36,0.972972972973,0,0.675675675676,0.27027027027,0.027027027027,-40,-0.03003003003,0.0670821197137,-2.16216216216,-5.6,-0.971428571429,-1.41013078557,0.0113754913083,0.0386807261807,-2.09524285371,-0.0383460299851,-0.0035945035945,-0.511247336253,0.0126952300427,0.0470015470015,0.080100635606,0.0364553330726,0.105263157895,0.077954520937,0.0860947725176,0.105263157895,-0.000158957650295,0.0031458447877,0,0,-0.266119486135,-0.0540540540541,0.027027027027,0,174,2,42,1114,0.805555555556,0.998207885305,0.00179211469534,0.194444444444,0.988636363636,0.805555555556,0.887755102041,0.8748870141,0.80376344086,0.798165137615,4,44,0,0,0,0
3378,WLNM_dir_neg,0.96229338843,0.729352195424,00:00:03,10,80,26,1237887350,threshold_sweep,0.3,0.5,0.0454545454545,0.0833333333333,2,2,42,86,0.0454545454545,0.977272727273,0.0227272727273,0.954545454545,0.5,0.0454545454545,0.0833333333333,0.666666666667,0.656565656566,0.0294117647059,0.0625,0.0227272727273,216,172,44,0,216,0,172,0,44,37,216,0.162162162162,1.32432432432,11.6756756757,21.6,6,8.1990990496,0.702237650082,0.31006006006,10.329336629,1.76937710775,0.765265265265,3.0868314707,0.528762798222,0.252752752753,0.579945114934,0.437917739848,2,1.32432432432,0.579945114934,2,0.0121701261701,0.00597269624573,7,0.000900900900901,0.621196581197,37,37,37,1,0,0.72972972973,0.243243243243,0.027027027027,37,0.129129129129,1.32432432432,9.2972972973,17.2,5.05882352941,6.62849431899,0.712948516869,0.347894406034,8.23008105879,1.77042441381,0.768384663734,2.71022975877,0.583014541132,0.321810182275,0.579945114934,0.437917739848,2,1.33333333333,0.585540043769,2,0.0141662598054,0.00676284941389,5,0.000643500643501,0.425526326063,37,36,36,0.972972972973,0,0.702702702703,0.216216216216,0.0540540540541,37,176,0.132132132132,1.39140644404,9.51351351351,16,5.02857142857,6.78896826404,0.71361314139,0.348740786241,8.23409377529,1.73103107776,0.761670761671,2.57558413445,0.541458028265,0.299754299754,0.66004575054,0.474373072921,2.10526315789,1.40227884526,0.666039887452,2.10526315789,0.0120111685198,0.00911854103343,7,0.000900900900901,0.355077095061,37,36,36,0.972972972973,0,0.675675675676,0.27027027027,0.027027027027,-40,-0.03003003003,0.0670821197137,-2.16216216216,-5.6,-0.971428571429,-1.41013078557,0.0113754913083,0.0386807261807,-2.09524285371,-0.0383460299851,-0.0035945035945,-0.511247336253,0.0126952300427,0.0470015470015,0.080100635606,0.0364553330726,0.105263157895,0.077954520937,0.0860947725176,0.105263157895,-0.000158957650295,0.0031458447877,0,0,-0.266119486135,-0.0540540540541,0.027027027027,0,174,2,42,1114,0.805555555556,0.998207885305,0.00179211469534,0.194444444444,0.988636363636,0.805555555556,0.887755102041,0.8748870141,0.80376344086,0.798165137615,4,44,0,0,0,0
3379,WLNM_dir_neg,0.96229338843,0.729352195424,00:00:03,10,80,26,1237887350,threshold_sweep,0.4,0.5,0.0454545454545,0.0833333333333,2,2,42,86,0.0454545454545,0.977272727273,0.0227272727273,0.954545454545,0.5,0.0454545454545,0.0833333333333,0.666666666667,0.656565656566,0.0294117647059,0.0625,0.0227272727273,216,172,44,0,216,0,172,0,44,37,216,0.162162162162,1.32432432432,11.6756756757,21.6,6,8.1990990496,0.702237650082,0.31006006006,10.329336629,1.76937710775,0.765265265265,3.0868314707,0.528762798222,0.252752752753,0.579945114934,0.437917739848,2,1.32432432432,0.579945114934,2,0.0121701261701,0.00597269624573,7,0.000900900900901,0.621196581197,37,37,37,1,0,0.72972972973,0.243243243243,0.027027027027,37,0.129129129129,1.32432432432,9.2972972973,17.2,5.05882352941,6.62849431899,0.712948516869,0.347894406034,8.23008105879,1.77042441381,0.768384663734,2.71022975877,0.583014541132,0.321810182275,0.579945114934,0.437917739848,2,1.33333333333,0.585540043769,2,0.0141662598054,0.00676284941389,5,0.000643500643501,0.425526326063,37,36,36,0.972972972973,0,0.702702702703,0.216216216216,0.0540540540541,37,176,0.132132132132,1.39140644404,9.51351351351,16,5.02857142857,6.78896826404,0.71361314139,0.348740786241,8.23409377529,1.73103107776,0.761670761671,2.57558413445,0.541458028265,0.299754299754,0.66004575054,0.474373072921,2.10526315789,1.40227884526,0.666039887452,2.10526315789,0.0120111685198,0.00911854103343,7,0.000900900900901,0.355077095061,37,36,36,0.972972972973,0,0.675675675676,0.27027027027,0.027027027027,-40,-0.03003003003,0.0670821197137,-2.16216216216,-5.6,-0.971428571429,-1.41013078557,0.0113754913083,0.0386807261807,-2.09524285371,-0.0383460299851,-0.0035945035945,-0.511247336253,0.0126952300427,0.0470015470015,0.080100635606,0.0364553330726,0.105263157895,0.077954520937,0.0860947725176,0.105263157895,-0.000158957650295,0.0031458447877,0,0,-0.266119486135,-0.0540540540541,0.027027027027,0,174,2,42,1114,0.805555555556,0.998207885305,0.00179211469534,0.194444444444,0.988636363636,0.805555555556,0.887755102041,0.8748870141,0.80376344086,0.798165137615,4,44,0,0,0,0
3380,WLNM_dir_neg,0.96229338843,0.729352195424,00:00:03,10,80,26,1237887350,threshold_sweep,0.5,0.5,0.0454545454545,0.0833333333333,2,2,42,86,0.0454545454545,0.977272727273,0.0227272727273,0.954545454545,0.5,0.0454545454545,0.0833333333333,0.666666666667,0.656565656566,0.0294117647059,0.0625,0.0227272727273,216,172,44,0,216,0,172,0,44,37,216,0.162162162162,1.32432432432,11.6756756757,21.6,6,8.1990990496,0.702237650082,0.31006006006,10.329336629,1.76937710775,0.765265265265,3.0868314707,0.528762798222,0.252752752753,0.579945114934,0.437917739848,2,1.32432432432,0.579945114934,2,0.0121701261701,0.00597269624573,7,0.000900900900901,0.621196581197,37,37,37,1,0,0.72972972973,0.243243243243,0.027027027027,37,0.129129129129,1.32432432432,9.2972972973,17.2,5.05882352941,6.62849431899,0.712948516869,0.347894406034,8.23008105879,1.77042441381,0.768384663734,2.71022975877,0.583014541132,0.321810182275,0.579945114934,0.437917739848,2,1.33333333333,0.585540043769,2,0.0141662598054,0.00676284941389,5,0.000643500643501,0.425526326063,37,36,36,0.972972972973,0,0.702702702703,0.216216216216,0.0540540540541,37,176,0.132132132132,1.39140644404,9.51351351351,16,5.02857142857,6.78896826404,0.71361314139,0.348740786241,8.23409377529,1.73103107776,0.761670761671,2.57558413445,0.541458028265,0.299754299754,0.66004575054,0.474373072921,2.10526315789,1.40227884526,0.666039887452,2.10526315789,0.0120111685198,0.00911854103343,7,0.000900900900901,0.355077095061,37,36,36,0.972972972973,0,0.675675675676,0.27027027027,0.027027027027,-40,-0.03003003003,0.0670821197137,-2.16216216216,-5.6,-0.971428571429,-1.41013078557,0.0113754913083,0.0386807261807,-2.09524285371,-0.0383460299851,-0.0035945035945,-0.511247336253,0.0126952300427,0.0470015470015,0.080100635606,0.0364553330726,0.105263157895,0.077954520937,0.0860947725176,0.105263157895,-0.000158957650295,0.0031458447877,0,0,-0.266119486135,-0.0540540540541,0.027027027027,0,174,2,42,1114,0.805555555556,0.998207885305,0.00179211469534,0.194444444444,0.988636363636,0.805555555556,0.887755102041,0.8748870141,0.80376344086,0.798165137615,4,44,0,0,0,0
3381,WLNM_dir_neg,0.96229338843,0.729352195424,00:00:03,10,80,26,1237887350,threshold_sweep,0.6,0.666666666667,0.0454545454545,0.0851063829787,2,1,42,87,0.0454545454545,0.988636363636,0.0113636363636,0.954545454545,0.666666666667,0.0454545454545,0.0851063829787,0.674242424242,0.659090909091,0.0444444444444,0.107832773203,0.0340909090909,216,172,44,0,216,0,172,0,44,37,216,0.162162162162,1.32432432432,11.6756756757,21.6,6,8.1990990496,0.702237650082,0.31006006006,10.329336629,1.76937710775,0.765265265265,3.0868314707,0.528762798222,0.252752752753,0.579945114934,0.437917739848,2,1.32432432432,0.579945114934,2,0.0121701261701,0.00597269624573,7,0.000900900900901,0.621196581197,37,37,37,1,0,0.72972972973,0.243243243243,0.027027027027,37,0.129129129129,1.32432432432,9.2972972973,17.2,5.05882352941,6.62849431899,0.712948516869,0.347894406034,8.23008105879,1.77042441381,0.768384663734,2.71022975877,0.583014541132,0.321810182275,0.579945114934,0.437917739848,2,1.33333333333,0.585540043769,2,0.0141662598054,0.00676284941389,5,0.000643500643501,0.425526326063,37,36,36,0.972972972973,0,0.702702702703,0.216216216216,0.0540540540541,37,175,0.131381381381,1.32432432432,9.45945945946,17.5,5,6.76015530145,0.71464498901,0.350733590734,8.24839596746,1.74394657598,0.763552123552,2.59966502809,0.549643463081,0.303629343629,0.579945114934,0.437917739848,2,1.33333333333,0.585540043769,2,0.0120111685198,0.00911854103343,7,0.000900900900901,0.428736202606,37,36,36,0.972972972973,0,0.702702702703,0.243243243243,0.027027027027,-41,-0.0307807807808,0,-2.21621621622,-4.1,-1,-1.43894374816,0.0124073389284,0.0406735306735,-2.08094066154,-0.0254305317677,-0.00171314171314,-0.487166442617,0.0208806648588,0.0508765908766,0,0,0,0.00900900900901,0.00559492883467,0,-0.000158957650295,0.0031458447877,0,0,-0.192460378591,-0.027027027027,0,0,174,1,42,1115,0.805555555556,0.999103942652,0.00089605734767,0.194444444444,0.994285714286,0.805555555556,0.890025575448,0.877981593329,0.804659498208,0.801843317972,3,44,0,0,0,0
3382,WLNM_dir_neg,0.96229338843,0.729352195424,00:00:03,10,80,26,1237887350,threshold_sweep,0.7,0.666666666667,0.0454545454545,0.0851063829787,2,1,42,87,0.0454545454545,0.988636363636,0.0113636363636,0.954545454545,0.666666666667,0.0454545454545,0.0851063829787,0.674242424242,0.659090909091,0.0444444444444,0.107832773203,0.0340909090909,216,172,44,0,216,0,172,0,44,37,216,0.162162162162,1.32432432432,11.6756756757,21.6,6,8.1990990496,0.702237650082,0.31006006006,10.329336629,1.76937710775,0.765265265265,3.0868314707,0.528762798222,0.252752752753,0.579945114934,0.437917739848,2,1.32432432432,0.579945114934,2,0.0121701261701,0.00597269624573,7,0.000900900900901,0.621196581197,37,37,37,1,0,0.72972972973,0.243243243243,0.027027027027,37,0.129129129129,1.32432432432,9.2972972973,17.2,5.05882352941,6.62849431899,0.712948516869,0.347894406034,8.23008105879,1.77042441381,0.768384663734,2.71022975877,0.583014541132,0.321810182275,0.579945114934,0.437917739848,2,1.33333333333,0.585540043769,2,0.0141662598054,0.00676284941389,5,0.000643500643501,0.425526326063,37,36,36,0.972972972973,0,0.702702702703,0.216216216216,0.0540540540541,37,175,0.131381381381,1.32432432432,9.45945945946,17.5,5,6.76015530145,0.71464498901,0.350733590734,8.24839596746,1.74394657598,0.763552123552,2.59966502809,0.549643463081,0.303629343629,0.579945114934,0.437917739848,2,1.33333333333,0.585540043769,2,0.0120111685198,0.00911854103343,7,0.000900900900901,0.428736202606,37,36,36,0.972972972973,0,0.702702702703,0.243243243243,0.027027027027,-41,-0.0307807807808,0,-2.21621621622,-4.1,-1,-1.43894374816,0.0124073389284,0.0406735306735,-2.08094066154,-0.0254305317677,-0.00171314171314,-0.487166442617,0.0208806648588,0.0508765908766,0,0,0,0.00900900900901,0.00559492883467,0,-0.000158957650295,0.0031458447877,0,0,-0.192460378591,-0.027027027027,0,0,174,1,42,1115,0.805555555556,0.999103942652,0.00089605734767,0.194444444444,0.994285714286,0.805555555556,0.890025575448,0.877981593329,0.804659498208,0.801843317972,3,44,0,0,0,0
3383,WLNM_dir_neg,0.96229338843,0.729352195424,00:00:03,10,80,26,1237887350,threshold_sweep,0.8,0.666666666667,0.0454545454545,0.0851063829787,2,1,42,87,0.0454545454545,0.988636363636,0.0113636363636,0.954545454545,0.666666666667,0.0454545454545,0.0851063829787,0.674242424242,0.659090909091,0.0444444444444,0.107832773203,0.0340909090909,216,172,44,0,216,0,172,0,44,37,216,0.162162162162,1.32432432432,11.6756756757,21.6,6,8.1990990496,0.702237650082,0.31006006006,10.329336629,1.76937710775,0.765265265265,3.0868314707,0.528762798222,0.252752752753,0.579945114934,0.437917739848,2,1.32432432432,0.579945114934,2,0.0121701261701,0.00597269624573,7,0.000900900900901,0.621196581197,37,37,37,1,0,0.72972972973,0.243243243243,0.027027027027,37,0.129129129129,1.32432432432,9.2972972973,17.2,5.05882352941,6.62849431899,0.712948516869,0.347894406034,8.23008105879,1.77042441381,0.768384663734,2.71022975877,0.583014541132,0.321810182275,0.579945114934,0.437917739848,2,1.33333333333,0.585540043769,2,0.0141662598054,0.00676284941389,5,0.000643500643501,0.425526326063,37,36,36,0.972972972973,0,0.702702702703,0.216216216216,0.0540540540541,37,175,0.131381381381,1.32432432432,9.45945945946,17.5,5,6.76015530145,0.71464498901,0.350733590734,8.24839596746,1.74394657598,0.763552123552,2.59966502809,0.549643463081,0.303629343629,0.579945114934,0.437917739848,2,1.33333333333,0.585540043769,2,0.0120111685198,0.00911854103343,7,0.000900900900901,0.428736202606,37,36,36,0.972972972973,0,0.702702702703,0.243243243243,0.027027027027,-41,-0.0307807807808,0,-2.21621621622,-4.1,-1,-1.43894374816,0.0124073389284,0.0406735306735,-2.08094066154,-0.0254305317677,-0.00171314171314,-0.487166442617,0.0208806648588,0.0508765908766,0,0,0,0.00900900900901,0.00559492883467,0,-0.000158957650295,0.0031458447877,0,0,-0.192460378591,-0.027027027027,0,0,174,1,42,1115,0.805555555556,0.999103942652,0.00089605734767,0.194444444444,0.994285714286,0.805555555556,0.890025575448,0.877981593329,0.804659498208,0.801843317972,3,44,0,0,0,0
3384,WLNM_dir_neg,0.96229338843,0.729352195424,00:00:03,10,80,26,1237887350,threshold_sweep,0.9,0.666666666667,0.0454545454545,0.0851063829787,2,1,42,87,0.0454545454545,0.988636363636,0.0113636363636,0.954545454545,0.666666666667,0.0454545454545,0.0851063829787,0.674242424242,0.659090909091,0.0444444444444,0.107832773203,0.0340909090909,216,172,44,0,216,0,172,0,44,37,216,0.162162162162,1.32432432432,11.6756756757,21.6,6,8.1990990496,0.702237650082,0.31006006006,10.329336629,1.76937710775,0.765265265265,3.0868314707,0.528762798222,0.252752752753,0.579945114934,0.437917739848,2,1.32432432432,0.579945114934,2,0.0121701261701,0.00597269624573,7,0.000900900900901,0.621196581197,37,37,37,1,0,0.72972972973,0.243243243243,0.027027027027,37,0.129129129129,1.32432432432,9.2972972973,17.2,5.05882352941,6.62849431899,0.712948516869,0.347894406034,8.23008105879,1.77042441381,0.768384663734,2.71022975877,0.583014541132,0.321810182275,0.579945114934,0.437917739848,2,1.33333333333,0.585540043769,2,0.0141662598054,0.00676284941389,5,0.000643500643501,0.425526326063,37,36,36,0.972972972973,0,0.702702702703,0.216216216216,0.0540540540541,37,175,0.131381381381,1.32432432432,9.45945945946,17.5,5,6.76015530145,0.71464498901,0.350733590734,8.24839596746,1.74394657598,0.763552123552,2.59966502809,0.549643463081,0.303629343629,0.579945114934,0.437917739848,2,1.33333333333,0.585540043769,2,0.0120111685198,0.00911854103343,7,0.000900900900901,0.428736202606,37,36,36,0.972972972973,0,0.702702702703,0.243243243243,0.027027027027,-41,-0.0307807807808,0,-2.21621621622,-4.1,-1,-1.43894374816,0.0124073389284,0.0406735306735,-2.08094066154,-0.0254305317677,-0.00171314171314,-0.487166442617,0.0208806648588,0.0508765908766,0,0,0,0.00900900900901,0.00559492883467,0,-0.000158957650295,0.0031458447877,0,0,-0.192460378591,-0.027027027027,0,0,174,1,42,1115,0.805555555556,0.999103942652,0.00089605734767,0.194444444444,0.994285714286,0.805555555556,0.890025575448,0.877981593329,0.804659498208,0.801843317972,3,44,0,0,0,0
3385,WLNM_dir_neg,0.994834710744,0.967171717172,00:00:03,10,80,27,1237887351,threshold_sweep,0.1,1,0.0909090909091,0.166666666667,4,0,40,88,0.0909090909091,1,0,0.909090909091,1,0.0909090909091,0.166666666667,0.69696969697,0.656565656566,0.117647058824,0.25,0.0909090909091,216,172,44,0,216,0,172,0,44,37,216,0.162162162162,1.32432432432,11.6756756757,21.6,6,8.1990990496,0.702237650082,0.31006006006,10.329336629,1.76937710775,0.765265265265,3.0868314707,0.528762798222,0.252752752753,0.579945114934,0.437917739848,2,1.32432432432,0.579945114934,2,0.0121701261701,0.00597269624573,7,0.000900900900901,0.621196581197,37,37,37,1,0,0.72972972973,0.243243243243,0.027027027027,37,0.129129129129,1.32818532819,9.2972972973,17.2,5.05882352941,6.70764433259,0.721461745075,0.351822752986,8.26376365767,1.77767008915,0.769956002514,2.74080499343,0.589591771843,0.327467001886,0.591765934822,0.445544700927,2.14285714286,1.3373015873,0.597519437724,2.14285714286,0.0142457593259,0.00670540902995,5,0.000643500643501,0.428065186022,37,36,36,0.972972972973,0,0.702702702703,0.216216216216,0.0540540540541,37,176,0.132132132132,1.32432432432,9.51351351351,17.6,4.88888888889,6.78896826404,0.71361314139,0.350890663391,8.30797944885,1.74656386141,0.764434889435,2.58634668774,0.543720610491,0.302211302211,0.579945114934,0.437917739848,2,1.32432432432,0.579945114934,2,0.012487358996,0.0090206185567,7,0.000900900900901,0.429731852688,37,37,37,1,0,0.72972972973,0.243243243243,0.027027027027,-40,-0.03003003003,0,-2.16216216216,-4,-1.11111111111,-1.41013078557,0.0113754913083,0.0408306033306,-2.02135718015,-0.0228132463392,-0.000830375830376,-0.500484782963,0.0149578122686,0.0494585494585,0,0,0,0,0,0,0.000317232825896,0.00304792231097,0,0,-0.191464728508,0,0,0,176,0,40,1116,0.814814814815,1,0,0.185185185185,1,0.814814814815,0.897959183673,0.886916304149,0.814814814815,0.814814814815,4,44,0,0,0,0
3386,WLNM_dir_neg,0.994834710744,0.967171717172,00:00:03,10,80,27,1237887351,threshold_sweep,0.2,1,0.0681818181818,0.127659574468,3,0,41,88,0.0681818181818,1,0,0.931818181818,1,0.0681818181818,0.127659574468,0.689393939394,0.659090909091,0.0888888888889,0.215665546407,0.0681818181818,216,172,44,0,216,0,172,0,44,37,216,0.162162162162,1.32432432432,11.6756756757,21.6,6,8.1990990496,0.702237650082,0.31006006006,10.329336629,1.76937710775,0.765265265265,3.0868314707,0.528762798222,0.252752752753,0.579945114934,0.437917739848,2,1.32432432432,0.579945114934,2,0.0121701261701,0.00597269624573,7,0.000900900900901,0.621196581197,37,37,37,1,0,0.72972972973,0.243243243243,0.027027027027,37,0.129129129129,1.32818532819,9.2972972973,17.2,5.05882352941,6.70764433259,0.721461745075,0.351822752986,8.26376365767,1.77767008915,0.769956002514,2.74080499343,0.589591771843,0.327467001886,0.591765934822,0.445544700927,2.14285714286,1.3373015873,0.597519437724,2.14285714286,0.0142457593259,0.00670540902995,5,0.000643500643501,0.428065186022,37,36,36,0.972972972973,0,0.702702702703,0.216216216216,0.0540540540541,37,175,0.131381381381,1.32432432432,9.45945945946,17.5,4.86111111111,6.75193221149,0.713775690929,0.350579150579,8.30210364455,1.75530191342,0.766023166023,2.62094818136,0.554143329773,0.307953667954,0.579945114934,0.437917739848,2,1.32432432432,0.579945114934,2,0.0127367921026,0.00782268578879,6,0.000772200772201,0.427509630466,37,37,37,1,0,0.72972972973,0.243243243243,0.027027027027,-41,-0.0307807807808,0,-2.21621621622,-4.1,-1.13888888889,-1.44716683811,0.0115380408473,0.0405190905191,-2.02723298445,-0.0140751943252,0.000757900757901,-0.465883289345,0.0253805315506,0.0552009152009,0,0,0,0,0,0,0.000566665932472,0.00184998954305,-1,-0.0001287001287,-0.19368695073,0,0,0,175,0,41,1116,0.810185185185,1,0,0.189814814815,1,0.810185185185,0.895140664962,0.884010791353,0.810185185185,0.810185185185,3,44,0,0,0,0
3387,WLNM_dir_neg,0.994834710744,0.967171717172,00:00:03,10,80,27,1237887351,threshold_sweep,0.3,1,0.0681818181818,0.127659574468,3,0,41,88,0.0681818181818,1,0,0.931818181818,1,0.0681818181818,0.127659574468,0.689393939394,0.659090909091,0.0888888888889,0.215665546407,0.0681818181818,216,172,44,0,216,0,172,0,44,37,216,0.162162162162,1.32432432432,11.6756756757,21.6,6,8.1990990496,0.702237650082,0.31006006006,10.329336629,1.76937710775,0.765265265265,3.0868314707,0.528762798222,0.252752752753,0.579945114934,0.437917739848,2,1.32432432432,0.579945114934,2,0.0121701261701,0.00597269624573,7,0.000900900900901,0.621196581197,37,37,37,1,0,0.72972972973,0.243243243243,0.027027027027,37,0.129129129129,1.32818532819,9.2972972973,17.2,5.05882352941,6.70764433259,0.721461745075,0.351822752986,8.26376365767,1.77767008915,0.769956002514,2.74080499343,0.589591771843,0.327467001886,0.591765934822,0.445544700927,2.14285714286,1.3373015873,0.597519437724,2.14285714286,0.0142457593259,0.00670540902995,5,0.000643500643501,0.428065186022,37,36,36,0.972972972973,0,0.702702702703,0.216216216216,0.0540540540541,37,175,0.131381381381,1.32432432432,9.45945945946,17.5,4.86111111111,6.75193221149,0.713775690929,0.350579150579,8.30210364455,1.75530191342,0.766023166023,2.62094818136,0.554143329773,0.307953667954,0.579945114934,0.437917739848,2,1.32432432432,0.579945114934,2,0.0127367921026,0.00782268578879,6,0.000772200772201,0.427509630466,37,37,37,1,0,0.72972972973,0.243243243243,0.027027027027,-41,-0.0307807807808,0,-2.21621621622,-4.1,-1.13888888889,-1.44716683811,0.0115380408473,0.0405190905191,-2.02723298445,-0.0140751943252,0.000757900757901,-0.465883289345,0.0253805315506,0.0552009152009,0,0,0,0,0,0,0.000566665932472,0.00184998954305,-1,-0.0001287001287,-0.19368695073,0,0,0,175,0,41,1116,0.810185185185,1,0,0.189814814815,1,0.810185185185,0.895140664962,0.884010791353,0.810185185185,0.810185185185,3,44,0,0,0,0
3388,WLNM_dir_neg,0.994834710744,0.967171717172,00:00:03,10,80,27,1237887351,threshold_sweep,0.4,1,0.0681818181818,0.127659574468,3,0,41,88,0.0681818181818,1,0,0.931818181818,1,0.0681818181818,0.127659574468,0.689393939394,0.659090909091,0.0888888888889,0.215665546407,0.0681818181818,216,172,44,0,216,0,172,0,44,37,216,0.162162162162,1.32432432432,11.6756756757,21.6,6,8.1990990496,0.702237650082,0.31006006006,10.329336629,1.76937710775,0.765265265265,3.0868314707,0.528762798222,0.252752752753,0.579945114934,0.437917739848,2,1.32432432432,0.579945114934,2,0.0121701261701,0.00597269624573,7,0.000900900900901,0.621196581197,37,37,37,1,0,0.72972972973,0.243243243243,0.027027027027,37,0.129129129129,1.32818532819,9.2972972973,17.2,5.05882352941,6.70764433259,0.721461745075,0.351822752986,8.26376365767,1.77767008915,0.769956002514,2.74080499343,0.589591771843,0.327467001886,0.591765934822,0.445544700927,2.14285714286,1.3373015873,0.597519437724,2.14285714286,0.0142457593259,0.00670540902995,5,0.000643500643501,0.428065186022,37,36,36,0.972972972973,0,0.702702702703,0.216216216216,0.0540540540541,37,175,0.131381381381,1.32432432432,9.45945945946,17.5,4.86111111111,6.75193221149,0.713775690929,0.350579150579,8.30210364455,1.75530191342,0.766023166023,2.62094818136,0.554143329773,0.307953667954,0.579945114934,0.437917739848,2,1.32432432432,0.579945114934,2,0.0127367921026,0.00782268578879,6,0.000772200772201,0.427509630466,37,37,37,1,0,0.72972972973,0.243243243243,0.027027027027,-41,-0.0307807807808,0,-2.21621621622,-4.1,-1.13888888889,-1.44716683811,0.0115380408473,0.0405190905191,-2.02723298445,-0.0140751943252,0.000757900757901,-0.465883289345,0.0253805315506,0.0552009152009,0,0,0,0,0,0,0.000566665932472,0.00184998954305,-1,-0.0001287001287,-0.19368695073,0,0,0,175,0,41,1116,0.810185185185,1,0,0.189814814815,1,0.810185185185,0.895140664962,0.884010791353,0.810185185185,0.810185185185,3,44,0,0,0,0
3389,WLNM_dir_neg,0.994834710744,0.967171717172,00:00:03,10,80,27,1237887351,threshold_sweep,0.5,1,0.0681818181818,0.127659574468,3,0,41,88,0.0681818181818,1,0,0.931818181818,1,0.0681818181818,0.127659574468,0.689393939394,0.659090909091,0.0888888888889,0.215665546407,0.0681818181818,216,172,44,0,216,0,172,0,44,37,216,0.162162162162,1.32432432432,11.6756756757,21.6,6,8.1990990496,0.702237650082,0.31006006006,10.329336629,1.76937710775,0.765265265265,3.0868314707,0.528762798222,0.252752752753,0.579945114934,0.437917739848,2,1.32432432432,0.579945114934,2,0.0121701261701,0.00597269624573,7,0.000900900900901,0.621196581197,37,37,37,1,0,0.72972972973,0.243243243243,0.027027027027,37,0.129129129129,1.32818532819,9.2972972973,17.2,5.05882352941,6.70764433259,0.721461745075,0.351822752986,8.26376365767,1.77767008915,0.769956002514,2.74080499343,0.589591771843,0.327467001886,0.591765934822,0.445544700927,2.14285714286,1.3373015873,0.597519437724,2.14285714286,0.0142457593259,0.00670540902995,5,0.000643500643501,0.428065186022,37,36,36,0.972972972973,0,0.702702702703,0.216216216216,0.0540540540541,37,175,0.131381381381,1.32432432432,9.45945945946,17.5,4.86111111111,6.75193221149,0.713775690929,0.350579150579,8.30210364455,1.75530191342,0.766023166023,2.62094818136,0.554143329773,0.307953667954,0.579945114934,0.437917739848,2,1.32432432432,0.579945114934,2,0.0127367921026,0.00782268578879,6,0.000772200772201,0.427509630466,37,37,37,1,0,0.72972972973,0.243243243243,0.027027027027,-41,-0.0307807807808,0,-2.21621621622,-4.1,-1.13888888889,-1.44716683811,0.0115380408473,0.0405190905191,-2.02723298445,-0.0140751943252,0.000757900757901,-0.465883289345,0.0253805315506,0.0552009152009,0,0,0,0,0,0,0.000566665932472,0.00184998954305,-1,-0.0001287001287,-0.19368695073,0,0,0,175,0,41,1116,0.810185185185,1,0,0.189814814815,1,0.810185185185,0.895140664962,0.884010791353,0.810185185185,0.810185185185,3,44,0,0,0,0
3390,WLNM_dir_neg,0.994834710744,0.967171717172,00:00:03,10,80,27,1237887351,threshold_sweep,0.6,1,0.0681818181818,0.127659574468,3,0,41,88,0.0681818181818,1,0,0.931818181818,1,0.0681818181818,0.127659574468,0.689393939394,0.659090909091,0.0888888888889,0.215665546407,0.0681818181818,216,172,44,0,216,0,172,0,44,37,216,0.162162162162,1.32432432432,11.6756756757,21.6,6,8.1990990496,0.702237650082,0.31006006006,10.329336629,1.76937710775,0.765265265265,3.0868314707,0.528762798222,0.252752752753,0.579945114934,0.437917739848,2,1.32432432432,0.579945114934,2,0.0121701261701,0.00597269624573,7,0.000900900900901,0.621196581197,37,37,37,1,0,0.72972972973,0.243243243243,0.027027027027,37,0.129129129129,1.32818532819,9.2972972973,17.2,5.05882352941,6.70764433259,0.721461745075,0.351822752986,8.26376365767,1.77767008915,0.769956002514,2.74080499343,0.589591771843,0.327467001886,0.591765934822,0.445544700927,2.14285714286,1.3373015873,0.597519437724,2.14285714286,0.0142457593259,0.00670540902995,5,0.000643500643501,0.428065186022,37,36,36,0.972972972973,0,0.702702702703,0.216216216216,0.0540540540541,37,175,0.131381381381,1.32432432432,9.45945945946,17.5,4.86111111111,6.75193221149,0.713775690929,0.350579150579,8.30210364455,1.75530191342,0.766023166023,2.62094818136,0.554143329773,0.307953667954,0.579945114934,0.437917739848,2,1.32432432432,0.579945114934,2,0.0127367921026,0.00782268578879,6,0.000772200772201,0.427509630466,37,37,37,1,0,0.72972972973,0.243243243243,0.027027027027,-41,-0.0307807807808,0,-2.21621621622,-4.1,-1.13888888889,-1.44716683811,0.0115380408473,0.0405190905191,-2.02723298445,-0.0140751943252,0.000757900757901,-0.465883289345,0.0253805315506,0.0552009152009,0,0,0,0,0,0,0.000566665932472,0.00184998954305,-1,-0.0001287001287,-0.19368695073,0,0,0,175,0,41,1116,0.810185185185,1,0,0.189814814815,1,0.810185185185,0.895140664962,0.884010791353,0.810185185185,0.810185185185,3,44,0,0,0,0
3391,WLNM_dir_neg,0.994834710744,0.967171717172,00:00:03,10,80,27,1237887351,threshold_sweep,0.7,1,0.0681818181818,0.127659574468,3,0,41,88,0.0681818181818,1,0,0.931818181818,1,0.0681818181818,0.127659574468,0.689393939394,0.659090909091,0.0888888888889,0.215665546407,0.0681818181818,216,172,44,0,216,0,172,0,44,37,216,0.162162162162,1.32432432432,11.6756756757,21.6,6,8.1990990496,0.702237650082,0.31006006006,10.329336629,1.76937710775,0.765265265265,3.0868314707,0.528762798222,0.252752752753,0.579945114934,0.437917739848,2,1.32432432432,0.579945114934,2,0.0121701261701,0.00597269624573,7,0.000900900900901,0.621196581197,37,37,37,1,0,0.72972972973,0.243243243243,0.027027027027,37,0.129129129129,1.32818532819,9.2972972973,17.2,5.05882352941,6.70764433259,0.721461745075,0.351822752986,8.26376365767,1.77767008915,0.769956002514,2.74080499343,0.589591771843,0.327467001886,0.591765934822,0.445544700927,2.14285714286,1.3373015873,0.597519437724,2.14285714286,0.0142457593259,0.00670540902995,5,0.000643500643501,0.428065186022,37,36,36,0.972972972973,0,0.702702702703,0.216216216216,0.0540540540541,37,175,0.131381381381,1.32432432432,9.45945945946,17.5,4.86111111111,6.75193221149,0.713775690929,0.350579150579,8.30210364455,1.75530191342,0.766023166023,2.62094818136,0.554143329773,0.307953667954,0.579945114934,0.437917739848,2,1.32432432432,0.579945114934,2,0.0127367921026,0.00782268578879,6,0.000772200772201,0.427509630466,37,37,37,1,0,0.72972972973,0.243243243243,0.027027027027,-41,-0.0307807807808,0,-2.21621621622,-4.1,-1.13888888889,-1.44716683811,0.0115380408473,0.0405190905191,-2.02723298445,-0.0140751943252,0.000757900757901,-0.465883289345,0.0253805315506,0.0552009152009,0,0,0,0,0,0,0.000566665932472,0.00184998954305,-1,-0.0001287001287,-0.19368695073,0,0,0,175,0,41,1116,0.810185185185,1,0,0.189814814815,1,0.810185185185,0.895140664962,0.884010791353,0.810185185185,0.810185185185,3,44,0,0,0,0
3392,WLNM_dir_neg,0.994834710744,0.967171717172,00:00:03,10,80,27,1237887351,threshold_sweep,0.8,1,0.0681818181818,0.127659574468,3,0,41,88,0.0681818181818,1,0,0.931818181818,1,0.0681818181818,0.127659574468,0.689393939394,0.659090909091,0.0888888888889,0.215665546407,0.0681818181818,216,172,44,0,216,0,172,0,44,37,216,0.162162162162,1.32432432432,11.6756756757,21.6,6,8.1990990496,0.702237650082,0.31006006006,10.329336629,1.76937710775,0.765265265265,3.0868314707,0.528762798222,0.252752752753,0.579945114934,0.437917739848,2,1.32432432432,0.579945114934,2,0.0121701261701,0.00597269624573,7,0.000900900900901,0.621196581197,37,37,37,1,0,0.72972972973,0.243243243243,0.027027027027,37,0.129129129129,1.32818532819,9.2972972973,17.2,5.05882352941,6.70764433259,0.721461745075,0.351822752986,8.26376365767,1.77767008915,0.769956002514,2.74080499343,0.589591771843,0.327467001886,0.591765934822,0.445544700927,2.14285714286,1.3373015873,0.597519437724,2.14285714286,0.0142457593259,0.00670540902995,5,0.000643500643501,0.428065186022,37,36,36,0.972972972973,0,0.702702702703,0.216216216216,0.0540540540541,37,175,0.131381381381,1.32432432432,9.45945945946,17.5,4.86111111111,6.75193221149,0.713775690929,0.350579150579,8.30210364455,1.75530191342,0.766023166023,2.62094818136,0.554143329773,0.307953667954,0.579945114934,0.437917739848,2,1.32432432432,0.579945114934,2,0.0127367921026,0.00782268578879,6,0.000772200772201,0.427509630466,37,37,37,1,0,0.72972972973,0.243243243243,0.027027027027,-41,-0.0307807807808,0,-2.21621621622,-4.1,-1.13888888889,-1.44716683811,0.0115380408473,0.0405190905191,-2.02723298445,-0.0140751943252,0.000757900757901,-0.465883289345,0.0253805315506,0.0552009152009,0,0,0,0,0,0,0.000566665932472,0.00184998954305,-1,-0.0001287001287,-0.19368695073,0,0,0,175,0,41,1116,0.810185185185,1,0,0.189814814815,1,0.810185185185,0.895140664962,0.884010791353,0.810185185185,0.810185185185,3,44,0,0,0,0
3393,WLNM_dir_neg,0.994834710744,0.967171717172,00:00:03,10,80,27,1237887351,threshold_sweep,0.9,1,0.0681818181818,0.127659574468,3,0,41,88,0.0681818181818,1,0,0.931818181818,1,0.0681818181818,0.127659574468,0.689393939394,0.659090909091,0.0888888888889,0.215665546407,0.0681818181818,216,172,44,0,216,0,172,0,44,37,216,0.162162162162,1.32432432432,11.6756756757,21.6,6,8.1990990496,0.702237650082,0.31006006006,10.329336629,1.76937710775,0.765265265265,3.0868314707,0.528762798222,0.252752752753,0.579945114934,0.437917739848,2,1.32432432432,0.579945114934,2,0.0121701261701,0.00597269624573,7,0.000900900900901,0.621196581197,37,37,37,1,0,0.72972972973,0.243243243243,0.027027027027,37,0.129129129129,1.32818532819,9.2972972973,17.2,5.05882352941,6.70764433259,0.721461745075,0.351822752986,8.26376365767,1.77767008915,0.769956002514,2.74080499343,0.589591771843,0.327467001886,0.591765934822,0.445544700927,2.14285714286,1.3373015873,0.597519437724,2.14285714286,0.0142457593259,0.00670540902995,5,0.000643500643501,0.428065186022,37,36,36,0.972972972973,0,0.702702702703,0.216216216216,0.0540540540541,37,175,0.131381381381,1.32432432432,9.45945945946,17.5,4.86111111111,6.75193221149,0.713775690929,0.350579150579,8.30210364455,1.75530191342,0.766023166023,2.62094818136,0.554143329773,0.307953667954,0.579945114934,0.437917739848,2,1.32432432432,0.579945114934,2,0.0127367921026,0.00782268578879,6,0.000772200772201,0.427509630466,37,37,37,1,0,0.72972972973,0.243243243243,0.027027027027,-41,-0.0307807807808,0,-2.21621621622,-4.1,-1.13888888889,-1.44716683811,0.0115380408473,0.0405190905191,-2.02723298445,-0.0140751943252,0.000757900757901,-0.465883289345,0.0253805315506,0.0552009152009,0,0,0,0,0,0,0.000566665932472,0.00184998954305,-1,-0.0001287001287,-0.19368695073,0,0,0,175,0,41,1116,0.810185185185,1,0,0.189814814815,1,0.810185185185,0.895140664962,0.884010791353,0.810185185185,0.810185185185,3,44,0,0,0,0
3394,WLNM_dir_neg,0.989411157025,0.957015810277,00:00:03,10,80,28,1237887352,threshold_sweep,0.1,1,0.0681818181818,0.127659574468,3,0,41,88,0.0681818181818,1,0,0.931818181818,1,0.0681818181818,0.127659574468,0.689393939394,0.659090909091,0.0888888888889,0.215665546407,0.0681818181818,216,172,44,0,216,0,172,0,44,37,216,0.162162162162,1.32432432432,11.6756756757,21.6,6,8.1990990496,0.702237650082,0.31006006006,10.329336629,1.76937710775,0.765265265265,3.0868314707,0.528762798222,0.252752752753,0.579945114934,0.437917739848,2,1.32432432432,0.579945114934,2,0.0121701261701,0.00597269624573,7,0.000900900900901,0.621196581197,37,37,37,1,0,0.72972972973,0.243243243243,0.027027027027,37,0.129129129129,1.32432432432,9.2972972973,17.2,4.77777777778,6.64523582419,0.714749202021,0.347580138278,8.2536733109,1.7754994913,0.772155876807,2.62695658527,0.565101125901,0.311125078567,0.579945114934,0.437917739848,2,1.32432432432,0.579945114934,2,0.0112901159354,0.00540054005401,4,0.000514800514801,0.411248217161,37,37,37,1,0,0.72972972973,0.243243243243,0.027027027027,37,175,0.131381381381,1.32432432432,9.45945945946,17.5,4.86111111111,6.76836840094,0.715513230956,0.349652509653,8.27864940893,1.75034301789,0.767567567568,2.52376095726,0.53359517382,0.294671814672,0.579945114934,0.437917739848,2,1.32432432432,0.579945114934,2,0.0124874674924,0.00911062906725,7,0.000900900900901,0.417914883828,37,37,37,1,0,0.72972972973,0.243243243243,0.027027027027,-41,-0.0307807807808,0,-2.21621621622,-4.1,-1.13888888889,-1.43073064867,0.0132755808744,0.0395924495924,-2.05068722007,-0.0190340898565,0.0023023023023,-0.563070513448,0.00483237559738,0.0419190619191,0,0,0,0,0,0,0.000317341322245,0.00313793282151,0,0,-0.203281697369,0,0,0,175,0,41,1116,0.810185185185,1,0,0.189814814815,1,0.810185185185,0.895140664962,0.884010791353,0.810185185185,0.810185185185,3,44,0,0,0,0
3395,WLNM_dir_neg,0.989411157025,0.957015810277,00:00:03,10,80,28,1237887352,threshold_sweep,0.2,1,0.0227272727273,0.0444444444444,1,0,43,88,0.0227272727273,1,0,0.977272727273,1,0.0227272727273,0.0444444444444,0.674242424242,0.664141414141,0.0300751879699,0.123560412643,0.0227272727273,216,172,44,0,216,0,172,0,44,37,216,0.162162162162,1.32432432432,11.6756756757,21.6,6,8.1990990496,0.702237650082,0.31006006006,10.329336629,1.76937710775,0.765265265265,3.0868314707,0.528762798222,0.252752752753,0.579945114934,0.437917739848,2,1.32432432432,0.579945114934,2,0.0121701261701,0.00597269624573,7,0.000900900900901,0.621196581197,37,37,37,1,0,0.72972972973,0.243243243243,0.027027027027,37,0.129129129129,1.32432432432,9.2972972973,17.2,4.77777777778,6.64523582419,0.714749202021,0.347580138278,8.2536733109,1.7754994913,0.772155876807,2.62695658527,0.565101125901,0.311125078567,0.579945114934,0.437917739848,2,1.32432432432,0.579945114934,2,0.0112901159354,0.00540054005401,4,0.000514800514801,0.411248217161,37,37,37,1,0,0.72972972973,0.243243243243,0.027027027027,37,173,0.12987987988,1.32432432432,9.35135135135,17.3,4.80555555556,6.68421114857,0.714785585252,0.348851741915,8.26993905007,1.76871528817,0.770817059834,2.59330392072,0.554637254721,0.305889704734,0.579945114934,0.437917739848,2,1.32432432432,0.579945114934,2,0.0133619622178,0.00666963094709,5,0.000643500643501,0.413470439383,37,37,37,1,0,0.72972972973,0.243243243243,0.027027027027,-43,-0.0322822822823,0,-2.32432432432,-4.3,-1.19444444444,-1.51488790103,0.0125479351699,0.0387916818553,-2.05939757893,-0.000661819579814,0.00555179456914,-0.493527549983,0.0258744564982,0.0531369519809,0,0,0,0,0,0,0.00119183604767,0.000696934701354,-2,-0.0002574002574,-0.207726141813,0,0,0,173,0,43,1116,0.800925925926,1,0,0.199074074074,1,0.800925925926,0.889460154242,0.878186092989,0.800925925926,0.800925925926,1,44,0,0,0,0
3396,WLNM_dir_neg,0.989411157025,0.957015810277,00:00:03,10,80,28,1237887352,threshold_sweep,0.3,1,0.0227272727273,0.0444444444444,1,0,43,88,0.0227272727273,1,0,0.977272727273,1,0.0227272727273,0.0444444444444,0.674242424242,0.664141414141,0.0300751879699,0.123560412643,0.0227272727273,216,172,44,0,216,0,172,0,44,37,216,0.162162162162,1.32432432432,11.6756756757,21.6,6,8.1990990496,0.702237650082,0.31006006006,10.329336629,1.76937710775,0.765265265265,3.0868314707,0.528762798222,0.252752752753,0.579945114934,0.437917739848,2,1.32432432432,0.579945114934,2,0.0121701261701,0.00597269624573,7,0.000900900900901,0.621196581197,37,37,37,1,0,0.72972972973,0.243243243243,0.027027027027,37,0.129129129129,1.32432432432,9.2972972973,17.2,4.77777777778,6.64523582419,0.714749202021,0.347580138278,8.2536733109,1.7754994913,0.772155876807,2.62695658527,0.565101125901,0.311125078567,0.579945114934,0.437917739848,2,1.32432432432,0.579945114934,2,0.0112901159354,0.00540054005401,4,0.000514800514801,0.411248217161,37,37,37,1,0,0.72972972973,0.243243243243,0.027027027027,37,173,0.12987987988,1.32432432432,9.35135135135,17.3,4.80555555556,6.68421114857,0.714785585252,0.348851741915,8.26993905007,1.76871528817,0.770817059834,2.59330392072,0.554637254721,0.305889704734,0.579945114934,0.437917739848,2,1.32432432432,0.579945114934,2,0.0133619622178,0.00666963094709,5,0.000643500643501,0.413470439383,37,37,37,1,0,0.72972972973,0.243243243243,0.027027027027,-43,-0.0322822822823,0,-2.32432432432,-4.3,-1.19444444444,-1.51488790103,0.0125479351699,0.0387916818553,-2.05939757893,-0.000661819579814,0.00555179456914,-0.493527549983,0.0258744564982,0.0531369519809,0,0,0,0,0,0,0.00119183604767,0.000696934701354,-2,-0.0002574002574,-0.207726141813,0,0,0,173,0,43,1116,0.800925925926,1,0,0.199074074074,1,0.800925925926,0.889460154242,0.878186092989,0.800925925926,0.800925925926,1,44,0,0,0,0
3397,WLNM_dir_neg,0.989411157025,0.957015810277,00:00:03,10,80,28,1237887352,threshold_sweep,0.4,1,0.0227272727273,0.0444444444444,1,0,43,88,0.0227272727273,1,0,0.977272727273,1,0.0227272727273,0.0444444444444,0.674242424242,0.664141414141,0.0300751879699,0.123560412643,0.0227272727273,216,172,44,0,216,0,172,0,44,37,216,0.162162162162,1.32432432432,11.6756756757,21.6,6,8.1990990496,0.702237650082,0.31006006006,10.329336629,1.76937710775,0.765265265265,3.0868314707,0.528762798222,0.252752752753,0.579945114934,0.437917739848,2,1.32432432432,0.579945114934,2,0.0121701261701,0.00597269624573,7,0.000900900900901,0.621196581197,37,37,37,1,0,0.72972972973,0.243243243243,0.027027027027,37,0.129129129129,1.32432432432,9.2972972973,17.2,4.77777777778,6.64523582419,0.714749202021,0.347580138278,8.2536733109,1.7754994913,0.772155876807,2.62695658527,0.565101125901,0.311125078567,0.579945114934,0.437917739848,2,1.32432432432,0.579945114934,2,0.0112901159354,0.00540054005401,4,0.000514800514801,0.411248217161,37,37,37,1,0,0.72972972973,0.243243243243,0.027027027027,37,173,0.12987987988,1.32432432432,9.35135135135,17.3,4.80555555556,6.68421114857,0.714785585252,0.348851741915,8.26993905007,1.76871528817,0.770817059834,2.59330392072,0.554637254721,0.305889704734,0.579945114934,0.437917739848,2,1.32432432432,0.579945114934,2,0.0133619622178,0.00666963094709,5,0.000643500643501,0.413470439383,37,37,37,1,0,0.72972972973,0.243243243243,0.027027027027,-43,-0.0322822822823,0,-2.32432432432,-4.3,-1.19444444444,-1.51488790103,0.0125479351699,0.0387916818553,-2.05939757893,-0.000661819579814,0.00555179456914,-0.493527549983,0.0258744564982,0.0531369519809,0,0,0,0,0,0,0.00119183604767,0.000696934701354,-2,-0.0002574002574,-0.207726141813,0,0,0,173,0,43,1116,0.800925925926,1,0,0.199074074074,1,0.800925925926,0.889460154242,0.878186092989,0.800925925926,0.800925925926,1,44,0,0,0,0
3398,WLNM_dir_neg,0.989411157025,0.957015810277,00:00:03,10,80,28,1237887352,threshold_sweep,0.5,1,0.0227272727273,0.0444444444444,1,0,43,88,0.0227272727273,1,0,0.977272727273,1,0.0227272727273,0.0444444444444,0.674242424242,0.664141414141,0.0300751879699,0.123560412643,0.0227272727273,216,172,44,0,216,0,172,0,44,37,216,0.162162162162,1.32432432432,11.6756756757,21.6,6,8.1990990496,0.702237650082,0.31006006006,10.329336629,1.76937710775,0.765265265265,3.0868314707,0.528762798222,0.252752752753,0.579945114934,0.437917739848,2,1.32432432432,0.579945114934,2,0.0121701261701,0.00597269624573,7,0.000900900900901,0.621196581197,37,37,37,1,0,0.72972972973,0.243243243243,0.027027027027,37,0.129129129129,1.32432432432,9.2972972973,17.2,4.77777777778,6.64523582419,0.714749202021,0.347580138278,8.2536733109,1.7754994913,0.772155876807,2.62695658527,0.565101125901,0.311125078567,0.579945114934,0.437917739848,2,1.32432432432,0.579945114934,2,0.0112901159354,0.00540054005401,4,0.000514800514801,0.411248217161,37,37,37,1,0,0.72972972973,0.243243243243,0.027027027027,37,173,0.12987987988,1.32432432432,9.35135135135,17.3,4.80555555556,6.68421114857,0.714785585252,0.348851741915,8.26993905007,1.76871528817,0.770817059834,2.59330392072,0.554637254721,0.305889704734,0.579945114934,0.437917739848,2,1.32432432432,0.579945114934,2,0.0133619622178,0.00666963094709,5,0.000643500643501,0.413470439383,37,37,37,1,0,0.72972972973,0.243243243243,0.027027027027,-43,-0.0322822822823,0,-2.32432432432,-4.3,-1.19444444444,-1.51488790103,0.0125479351699,0.0387916818553,-2.05939757893,-0.000661819579814,0.00555179456914,-0.493527549983,0.0258744564982,0.0531369519809,0,0,0,0,0,0,0.00119183604767,0.000696934701354,-2,-0.0002574002574,-0.207726141813,0,0,0,173,0,43,1116,0.800925925926,1,0,0.199074074074,1,0.800925925926,0.889460154242,0.878186092989,0.800925925926,0.800925925926,1,44,0,0,0,0
3399,WLNM_dir_neg,0.989411157025,0.957015810277,00:00:03,10,80,28,1237887352,threshold_sweep,0.6,1,0.0227272727273,0.0444444444444,1,0,43,88,0.0227272727273,1,0,0.977272727273,1,0.0227272727273,0.0444444444444,0.674242424242,0.664141414141,0.0300751879699,0.123560412643,0.0227272727273,216,172,44,0,216,0,172,0,44,37,216,0.162162162162,1.32432432432,11.6756756757,21.6,6,8.1990990496,0.702237650082,0.31006006006,10.329336629,1.76937710775,0.765265265265,3.0868314707,0.528762798222,0.252752752753,0.579945114934,0.437917739848,2,1.32432432432,0.579945114934,2,0.0121701261701,0.00597269624573,7,0.000900900900901,0.621196581197,37,37,37,1,0,0.72972972973,0.243243243243,0.027027027027,37,0.129129129129,1.32432432432,9.2972972973,17.2,4.77777777778,6.64523582419,0.714749202021,0.347580138278,8.2536733109,1.7754994913,0.772155876807,2.62695658527,0.565101125901,0.311125078567,0.579945114934,0.437917739848,2,1.32432432432,0.579945114934,2,0.0112901159354,0.00540054005401,4,0.000514800514801,0.411248217161,37,37,37,1,0,0.72972972973,0.243243243243,0.027027027027,37,173,0.12987987988,1.32432432432,9.35135135135,17.3,4.80555555556,6.68421114857,0.714785585252,0.348851741915,8.26993905007,1.76871528817,0.770817059834,2.59330392072,0.554637254721,0.305889704734,0.579945114934,0.437917739848,2,1.32432432432,0.579945114934,2,0.0133619622178,0.00666963094709,5,0.000643500643501,0.413470439383,37,37,37,1,0,0.72972972973,0.243243243243,0.027027027027,-43,-0.0322822822823,0,-2.32432432432,-4.3,-1.19444444444,-1.51488790103,0.0125479351699,0.0387916818553,-2.05939757893,-0.000661819579814,0.00555179456914,-0.493527549983,0.0258744564982,0.0531369519809,0,0,0,0,0,0,0.00119183604767,0.000696934701354,-2,-0.0002574002574,-0.207726141813,0,0,0,173,0,43,1116,0.800925925926,1,0,0.199074074074,1,0.800925925926,0.889460154242,0.878186092989,0.800925925926,0.800925925926,1,44,0,0,0,0
3400,WLNM_dir_neg,0.989411157025,0.957015810277,00:00:03,10,80,28,1237887352,threshold_sweep,0.7,1,0.0227272727273,0.0444444444444,1,0,43,88,0.0227272727273,1,0,0.977272727273,1,0.0227272727273,0.0444444444444,0.674242424242,0.664141414141,0.0300751879699,0.123560412643,0.0227272727273,216,172,44,0,216,0,172,0,44,37,216,0.162162162162,1.32432432432,11.6756756757,21.6,6,8.1990990496,0.702237650082,0.31006006006,10.329336629,1.76937710775,0.765265265265,3.0868314707,0.528762798222,0.252752752753,0.579945114934,0.437917739848,2,1.32432432432,0.579945114934,2,0.0121701261701,0.00597269624573,7,0.000900900900901,0.621196581197,37,37,37,1,0,0.72972972973,0.243243243243,0.027027027027,37,0.129129129129,1.32432432432,9.2972972973,17.2,4.77777777778,6.64523582419,0.714749202021,0.347580138278,8.2536733109,1.7754994913,0.772155876807,2.62695658527,0.565101125901,0.311125078567,0.579945114934,0.437917739848,2,1.32432432432,0.579945114934,2,0.0112901159354,0.00540054005401,4,0.000514800514801,0.411248217161,37,37,37,1,0,0.72972972973,0.243243243243,0.027027027027,37,173,0.12987987988,1.32432432432,9.35135135135,17.3,4.80555555556,6.68421114857,0.714785585252,0.348851741915,8.26993905007,1.76871528817,0.770817059834,2.59330392072,0.554637254721,0.305889704734,0.579945114934,0.437917739848,2,1.32432432432,0.579945114934,2,0.0133619622178,0.00666963094709,5,0.000643500643501,0.413470439383,37,37,37,1,0,0.72972972973,0.243243243243,0.027027027027,-43,-0.0322822822823,0,-2.32432432432,-4.3,-1.19444444444,-1.51488790103,0.0125479351699,0.0387916818553,-2.05939757893,-0.000661819579814,0.00555179456914,-0.493527549983,0.0258744564982,0.0531369519809,0,0,0,0,0,0,0.00119183604767,0.000696934701354,-2,-0.0002574002574,-0.207726141813,0,0,0,173,0,43,1116,0.800925925926,1,0,0.199074074074,1,0.800925925926,0.889460154242,0.878186092989,0.800925925926,0.800925925926,1,44,0,0,0,0
3401,WLNM_dir_neg,0.989411157025,0.957015810277,00:00:03,10,80,28,1237887352,threshold_sweep,0.8,1,0.0227272727273,0.0444444444444,1,0,43,88,0.0227272727273,1,0,0.977272727273,1,0.0227272727273,0.0444444444444,0.674242424242,0.664141414141,0.0300751879699,0.123560412643,0.0227272727273,216,172,44,0,216,0,172,0,44,37,216,0.162162162162,1.32432432432,11.6756756757,21.6,6,8.1990990496,0.702237650082,0.31006006006,10.329336629,1.76937710775,0.765265265265,3.0868314707,0.528762798222,0.252752752753,0.579945114934,0.437917739848,2,1.32432432432,0.579945114934,2,0.0121701261701,0.00597269624573,7,0.000900900900901,0.621196581197,37,37,37,1,0,0.72972972973,0.243243243243,0.027027027027,37,0.129129129129,1.32432432432,9.2972972973,17.2,4.77777777778,6.64523582419,0.714749202021,0.347580138278,8.2536733109,1.7754994913,0.772155876807,2.62695658527,0.565101125901,0.311125078567,0.579945114934,0.437917739848,2,1.32432432432,0.579945114934,2,0.0112901159354,0.00540054005401,4,0.000514800514801,0.411248217161,37,37,37,1,0,0.72972972973,0.243243243243,0.027027027027,37,173,0.12987987988,1.32432432432,9.35135135135,17.3,4.80555555556,6.68421114857,0.714785585252,0.348851741915,8.26993905007,1.76871528817,0.770817059834,2.59330392072,0.554637254721,0.305889704734,0.579945114934,0.437917739848,2,1.32432432432,0.579945114934,2,0.0133619622178,0.00666963094709,5,0.000643500643501,0.413470439383,37,37,37,1,0,0.72972972973,0.243243243243,0.027027027027,-43,-0.0322822822823,0,-2.32432432432,-4.3,-1.19444444444,-1.51488790103,0.0125479351699,0.0387916818553,-2.05939757893,-0.000661819579814,0.00555179456914,-0.493527549983,0.0258744564982,0.0531369519809,0,0,0,0,0,0,0.00119183604767,0.000696934701354,-2,-0.0002574002574,-0.207726141813,0,0,0,173,0,43,1116,0.800925925926,1,0,0.199074074074,1,0.800925925926,0.889460154242,0.878186092989,0.800925925926,0.800925925926,1,44,0,0,0,0
3402,WLNM_dir_neg,0.989411157025,0.957015810277,00:00:03,10,80,28,1237887352,threshold_sweep,0.9,1,0.0227272727273,0.0444444444444,1,0,43,88,0.0227272727273,1,0,0.977272727273,1,0.0227272727273,0.0444444444444,0.674242424242,0.664141414141,0.0300751879699,0.123560412643,0.0227272727273,216,172,44,0,216,0,172,0,44,37,216,0.162162162162,1.32432432432,11.6756756757,21.6,6,8.1990990496,0.702237650082,0.31006006006,10.329336629,1.76937710775,0.765265265265,3.0868314707,0.528762798222,0.252752752753,0.579945114934,0.437917739848,2,1.32432432432,0.579945114934,2,0.0121701261701,0.00597269624573,7,0.000900900900901,0.621196581197,37,37,37,1,0,0.72972972973,0.243243243243,0.027027027027,37,0.129129129129,1.32432432432,9.2972972973,17.2,4.77777777778,6.64523582419,0.714749202021,0.347580138278,8.2536733109,1.7754994913,0.772155876807,2.62695658527,0.565101125901,0.311125078567,0.579945114934,0.437917739848,2,1.32432432432,0.579945114934,2,0.0112901159354,0.00540054005401,4,0.000514800514801,0.411248217161,37,37,37,1,0,0.72972972973,0.243243243243,0.027027027027,37,173,0.12987987988,1.32432432432,9.35135135135,17.3,4.80555555556,6.68421114857,0.714785585252,0.348851741915,8.26993905007,1.76871528817,0.770817059834,2.59330392072,0.554637254721,0.305889704734,0.579945114934,0.437917739848,2,1.32432432432,0.579945114934,2,0.0133619622178,0.00666963094709,5,0.000643500643501,0.413470439383,37,37,37,1,0,0.72972972973,0.243243243243,0.027027027027,-43,-0.0322822822823,0,-2.32432432432,-4.3,-1.19444444444,-1.51488790103,0.0125479351699,0.0387916818553,-2.05939757893,-0.000661819579814,0.00555179456914,-0.493527549983,0.0258744564982,0.0531369519809,0,0,0,0,0,0,0.00119183604767,0.000696934701354,-2,-0.0002574002574,-0.207726141813,0,0,0,173,0,43,1116,0.800925925926,1,0,0.199074074074,1,0.800925925926,0.889460154242,0.878186092989,0.800925925926,0.800925925926,1,44,0,0,0,0
3403,WLNM_dir_neg,0.984116735537,0.924806576402,00:00:03,10,80,29,1237887353,threshold_sweep,0.1,1,0.0454545454545,0.0869565217391,2,0,42,88,0.0454545454545,1,0,0.954545454545,1,0.0454545454545,0.0869565217391,0.681818181818,0.661616161616,0.0597014925373,0.175411603861,0.0454545454545,216,172,44,0,216,0,172,0,44,37,216,0.162162162162,1.32432432432,11.6756756757,21.6,6,8.1990990496,0.702237650082,0.31006006006,10.329336629,1.76937710775,0.765265265265,3.0868314707,0.528762798222,0.252752752753,0.579945114934,0.437917739848,2,1.32432432432,0.579945114934,2,0.0121701261701,0.00597269624573,7,0.000900900900901,0.621196581197,37,37,37,1,0,0.72972972973,0.243243243243,0.027027027027,37,0.129129129129,1.32432432432,9.2972972973,17.2,4.77777777778,6.60750778729,0.710691244564,0.339723444375,8.22670521404,1.76969821465,0.769956002514,2.61636108849,0.562821862058,0.302639849151,0.579945114934,0.437917739848,2,1.32432432432,0.579945114934,2,0.0100266901019,0.00542250338906,4,0.000514800514801,0.410055459838,37,37,37,1,0,0.72972972973,0.243243243243,0.027027027027,37,174,0.130630630631,1.32432432432,9.40540540541,17.4,4.83333333333,6.69352697039,0.711668097426,0.342652997825,8.25585605247,1.75555559737,0.767319043181,2.54803698805,0.54182395723,0.292016154085,0.579945114934,0.437917739848,2,1.32432432432,0.579945114934,2,0.0127621000553,0.00793301013662,6,0.000772200772201,0.414499904283,37,37,37,1,0,0.72972972973,0.243243243243,0.027027027027,-42,-0.0315315315315,0,-2.27027027027,-4.2,-1.16666666667,-1.50557207922,0.00943044734438,0.0325929377654,-2.07348057653,-0.0138215103803,0.00205377791585,-0.53879448265,0.0130611590075,0.0392634013324,0,0,0,0,0,0,0.000591973885207,0.00196031389089,-1,-0.0001287001287,-0.206696676914,0,0,0,174,0,42,1116,0.805555555556,1,0,0.194444444444,1,0.805555555556,0.892307692308,0.88110074037,0.805555555556,0.805555555556,2,44,0,0,0,0
3404,WLNM_dir_neg,0.984116735537,0.924806576402,00:00:03,10,80,29,1237887353,threshold_sweep,0.2,1,0.0454545454545,0.0869565217391,2,0,42,88,0.0454545454545,1,0,0.954545454545,1,0.0454545454545,0.0869565217391,0.681818181818,0.661616161616,0.0597014925373,0.175411603861,0.0454545454545,216,172,44,0,216,0,172,0,44,37,216,0.162162162162,1.32432432432,11.6756756757,21.6,6,8.1990990496,0.702237650082,0.31006006006,10.329336629,1.76937710775,0.765265265265,3.0868314707,0.528762798222,0.252752752753,0.579945114934,0.437917739848,2,1.32432432432,0.579945114934,2,0.0121701261701,0.00597269624573,7,0.000900900900901,0.621196581197,37,37,37,1,0,0.72972972973,0.243243243243,0.027027027027,37,0.129129129129,1.32432432432,9.2972972973,17.2,4.77777777778,6.60750778729,0.710691244564,0.339723444375,8.22670521404,1.76969821465,0.769956002514,2.61636108849,0.562821862058,0.302639849151,0.579945114934,0.437917739848,2,1.32432432432,0.579945114934,2,0.0100266901019,0.00542250338906,4,0.000514800514801,0.410055459838,37,37,37,1,0,0.72972972973,0.243243243243,0.027027027027,37,174,0.130630630631,1.32432432432,9.40540540541,17.4,4.83333333333,6.69352697039,0.711668097426,0.342652997825,8.25585605247,1.75555559737,0.767319043181,2.54803698805,0.54182395723,0.292016154085,0.579945114934,0.437917739848,2,1.32432432432,0.579945114934,2,0.0127621000553,0.00793301013662,6,0.000772200772201,0.414499904283,37,37,37,1,0,0.72972972973,0.243243243243,0.027027027027,-42,-0.0315315315315,0,-2.27027027027,-4.2,-1.16666666667,-1.50557207922,0.00943044734438,0.0325929377654,-2.07348057653,-0.0138215103803,0.00205377791585,-0.53879448265,0.0130611590075,0.0392634013324,0,0,0,0,0,0,0.000591973885207,0.00196031389089,-1,-0.0001287001287,-0.206696676914,0,0,0,174,0,42,1116,0.805555555556,1,0,0.194444444444,1,0.805555555556,0.892307692308,0.88110074037,0.805555555556,0.805555555556,2,44,0,0,0,0
3405,WLNM_dir_neg,0.984116735537,0.924806576402,00:00:03,10,80,29,1237887353,threshold_sweep,0.3,1,0.0454545454545,0.0869565217391,2,0,42,88,0.0454545454545,1,0,0.954545454545,1,0.0454545454545,0.0869565217391,0.681818181818,0.661616161616,0.0597014925373,0.175411603861,0.0454545454545,216,172,44,0,216,0,172,0,44,37,216,0.162162162162,1.32432432432,11.6756756757,21.6,6,8.1990990496,0.702237650082,0.31006006006,10.329336629,1.76937710775,0.765265265265,3.0868314707,0.528762798222,0.252752752753,0.579945114934,0.437917739848,2,1.32432432432,0.579945114934,2,0.0121701261701,0.00597269624573,7,0.000900900900901,0.621196581197,37,37,37,1,0,0.72972972973,0.243243243243,0.027027027027,37,0.129129129129,1.32432432432,9.2972972973,17.2,4.77777777778,6.60750778729,0.710691244564,0.339723444375,8.22670521404,1.76969821465,0.769956002514,2.61636108849,0.562821862058,0.302639849151,0.579945114934,0.437917739848,2,1.32432432432,0.579945114934,2,0.0100266901019,0.00542250338906,4,0.000514800514801,0.410055459838,37,37,37,1,0,0.72972972973,0.243243243243,0.027027027027,37,174,0.130630630631,1.32432432432,9.40540540541,17.4,4.83333333333,6.69352697039,0.711668097426,0.342652997825,8.25585605247,1.75555559737,0.767319043181,2.54803698805,0.54182395723,0.292016154085,0.579945114934,0.437917739848,2,1.32432432432,0.579945114934,2,0.0127621000553,0.00793301013662,6,0.000772200772201,0.414499904283,37,37,37,1,0,0.72972972973,0.243243243243,0.027027027027,-42,-0.0315315315315,0,-2.27027027027,-4.2,-1.16666666667,-1.50557207922,0.00943044734438,0.0325929377654,-2.07348057653,-0.0138215103803,0.00205377791585,-0.53879448265,0.0130611590075,0.0392634013324,0,0,0,0,0,0,0.000591973885207,0.00196031389089,-1,-0.0001287001287,-0.206696676914,0,0,0,174,0,42,1116,0.805555555556,1,0,0.194444444444,1,0.805555555556,0.892307692308,0.88110074037,0.805555555556,0.805555555556,2,44,0,0,0,0
3406,WLNM_dir_neg,0.984116735537,0.924806576402,00:00:03,10,80,29,1237887353,threshold_sweep,0.4,1,0.0454545454545,0.0869565217391,2,0,42,88,0.0454545454545,1,0,0.954545454545,1,0.0454545454545,0.0869565217391,0.681818181818,0.661616161616,0.0597014925373,0.175411603861,0.0454545454545,216,172,44,0,216,0,172,0,44,37,216,0.162162162162,1.32432432432,11.6756756757,21.6,6,8.1990990496,0.702237650082,0.31006006006,10.329336629,1.76937710775,0.765265265265,3.0868314707,0.528762798222,0.252752752753,0.579945114934,0.437917739848,2,1.32432432432,0.579945114934,2,0.0121701261701,0.00597269624573,7,0.000900900900901,0.621196581197,37,37,37,1,0,0.72972972973,0.243243243243,0.027027027027,37,0.129129129129,1.32432432432,9.2972972973,17.2,4.77777777778,6.60750778729,0.710691244564,0.339723444375,8.22670521404,1.76969821465,0.769956002514,2.61636108849,0.562821862058,0.302639849151,0.579945114934,0.437917739848,2,1.32432432432,0.579945114934,2,0.0100266901019,0.00542250338906,4,0.000514800514801,0.410055459838,37,37,37,1,0,0.72972972973,0.243243243243,0.027027027027,37,174,0.130630630631,1.32432432432,9.40540540541,17.4,4.83333333333,6.69352697039,0.711668097426,0.342652997825,8.25585605247,1.75555559737,0.767319043181,2.54803698805,0.54182395723,0.292016154085,0.579945114934,0.437917739848,2,1.32432432432,0.579945114934,2,0.0127621000553,0.00793301013662,6,0.000772200772201,0.414499904283,37,37,37,1,0,0.72972972973,0.243243243243,0.027027027027,-42,-0.0315315315315,0,-2.27027027027,-4.2,-1.16666666667,-1.50557207922,0.00943044734438,0.0325929377654,-2.07348057653,-0.0138215103803,0.00205377791585,-0.53879448265,0.0130611590075,0.0392634013324,0,0,0,0,0,0,0.000591973885207,0.00196031389089,-1,-0.0001287001287,-0.206696676914,0,0,0,174,0,42,1116,0.805555555556,1,0,0.194444444444,1,0.805555555556,0.892307692308,0.88110074037,0.805555555556,0.805555555556,2,44,0,0,0,0
3407,WLNM_dir_neg,0.984116735537,0.924806576402,00:00:03,10,80,29,1237887353,threshold_sweep,0.5,1,0.0454545454545,0.0869565217391,2,0,42,88,0.0454545454545,1,0,0.954545454545,1,0.0454545454545,0.0869565217391,0.681818181818,0.661616161616,0.0597014925373,0.175411603861,0.0454545454545,216,172,44,0,216,0,172,0,44,37,216,0.162162162162,1.32432432432,11.6756756757,21.6,6,8.1990990496,0.702237650082,0.31006006006,10.329336629,1.76937710775,0.765265265265,3.0868314707,0.528762798222,0.252752752753,0.579945114934,0.437917739848,2,1.32432432432,0.579945114934,2,0.0121701261701,0.00597269624573,7,0.000900900900901,0.621196581197,37,37,37,1,0,0.72972972973,0.243243243243,0.027027027027,37,0.129129129129,1.32432432432,9.2972972973,17.2,4.77777777778,6.60750778729,0.710691244564,0.339723444375,8.22670521404,1.76969821465,0.769956002514,2.61636108849,0.562821862058,0.302639849151,0.579945114934,0.437917739848,2,1.32432432432,0.579945114934,2,0.0100266901019,0.00542250338906,4,0.000514800514801,0.410055459838,37,37,37,1,0,0.72972972973,0.243243243243,0.027027027027,37,174,0.130630630631,1.32432432432,9.40540540541,17.4,4.83333333333,6.69352697039,0.711668097426,0.342652997825,8.25585605247,1.75555559737,0.767319043181,2.54803698805,0.54182395723,0.292016154085,0.579945114934,0.437917739848,2,1.32432432432,0.579945114934,2,0.0127621000553,0.00793301013662,6,0.000772200772201,0.414499904283,37,37,37,1,0,0.72972972973,0.243243243243,0.027027027027,-42,-0.0315315315315,0,-2.27027027027,-4.2,-1.16666666667,-1.50557207922,0.00943044734438,0.0325929377654,-2.07348057653,-0.0138215103803,0.00205377791585,-0.53879448265,0.0130611590075,0.0392634013324,0,0,0,0,0,0,0.000591973885207,0.00196031389089,-1,-0.0001287001287,-0.206696676914,0,0,0,174,0,42,1116,0.805555555556,1,0,0.194444444444,1,0.805555555556,0.892307692308,0.88110074037,0.805555555556,0.805555555556,2,44,0,0,0,0
3408,WLNM_dir_neg,0.984116735537,0.924806576402,00:00:03,10,80,29,1237887353,threshold_sweep,0.6,1,0.0454545454545,0.0869565217391,2,0,42,88,0.0454545454545,1,0,0.954545454545,1,0.0454545454545,0.0869565217391,0.681818181818,0.661616161616,0.0597014925373,0.175411603861,0.0454545454545,216,172,44,0,216,0,172,0,44,37,216,0.162162162162,1.32432432432,11.6756756757,21.6,6,8.1990990496,0.702237650082,0.31006006006,10.329336629,1.76937710775,0.765265265265,3.0868314707,0.528762798222,0.252752752753,0.579945114934,0.437917739848,2,1.32432432432,0.579945114934,2,0.0121701261701,0.00597269624573,7,0.000900900900901,0.621196581197,37,37,37,1,0,0.72972972973,0.243243243243,0.027027027027,37,0.129129129129,1.32432432432,9.2972972973,17.2,4.77777777778,6.60750778729,0.710691244564,0.339723444375,8.22670521404,1.76969821465,0.769956002514,2.61636108849,0.562821862058,0.302639849151,0.579945114934,0.437917739848,2,1.32432432432,0.579945114934,2,0.0100266901019,0.00542250338906,4,0.000514800514801,0.410055459838,37,37,37,1,0,0.72972972973,0.243243243243,0.027027027027,37,174,0.130630630631,1.32432432432,9.40540540541,17.4,4.83333333333,6.69352697039,0.711668097426,0.342652997825,8.25585605247,1.75555559737,0.767319043181,2.54803698805,0.54182395723,0.292016154085,0.579945114934,0.437917739848,2,1.32432432432,0.579945114934,2,0.0127621000553,0.00793301013662,6,0.000772200772201,0.414499904283,37,37,37,1,0,0.72972972973,0.243243243243,0.027027027027,-42,-0.0315315315315,0,-2.27027027027,-4.2,-1.16666666667,-1.50557207922,0.00943044734438,0.0325929377654,-2.07348057653,-0.0138215103803,0.00205377791585,-0.53879448265,0.0130611590075,0.0392634013324,0,0,0,0,0,0,0.000591973885207,0.00196031389089,-1,-0.0001287001287,-0.206696676914,0,0,0,174,0,42,1116,0.805555555556,1,0,0.194444444444,1,0.805555555556,0.892307692308,0.88110074037,0.805555555556,0.805555555556,2,44,0,0,0,0
3409,WLNM_dir_neg,0.984116735537,0.924806576402,00:00:03,10,80,29,1237887353,threshold_sweep,0.7,1,0.0454545454545,0.0869565217391,2,0,42,88,0.0454545454545,1,0,0.954545454545,1,0.0454545454545,0.0869565217391,0.681818181818,0.661616161616,0.0597014925373,0.175411603861,0.0454545454545,216,172,44,0,216,0,172,0,44,37,216,0.162162162162,1.32432432432,11.6756756757,21.6,6,8.1990990496,0.702237650082,0.31006006006,10.329336629,1.76937710775,0.765265265265,3.0868314707,0.528762798222,0.252752752753,0.579945114934,0.437917739848,2,1.32432432432,0.579945114934,2,0.0121701261701,0.00597269624573,7,0.000900900900901,0.621196581197,37,37,37,1,0,0.72972972973,0.243243243243,0.027027027027,37,0.129129129129,1.32432432432,9.2972972973,17.2,4.77777777778,6.60750778729,0.710691244564,0.339723444375,8.22670521404,1.76969821465,0.769956002514,2.61636108849,0.562821862058,0.302639849151,0.579945114934,0.437917739848,2,1.32432432432,0.579945114934,2,0.0100266901019,0.00542250338906,4,0.000514800514801,0.410055459838,37,37,37,1,0,0.72972972973,0.243243243243,0.027027027027,37,174,0.130630630631,1.32432432432,9.40540540541,17.4,4.83333333333,6.69352697039,0.711668097426,0.342652997825,8.25585605247,1.75555559737,0.767319043181,2.54803698805,0.54182395723,0.292016154085,0.579945114934,0.437917739848,2,1.32432432432,0.579945114934,2,0.0127621000553,0.00793301013662,6,0.000772200772201,0.414499904283,37,37,37,1,0,0.72972972973,0.243243243243,0.027027027027,-42,-0.0315315315315,0,-2.27027027027,-4.2,-1.16666666667,-1.50557207922,0.00943044734438,0.0325929377654,-2.07348057653,-0.0138215103803,0.00205377791585,-0.53879448265,0.0130611590075,0.0392634013324,0,0,0,0,0,0,0.000591973885207,0.00196031389089,-1,-0.0001287001287,-0.206696676914,0,0,0,174,0,42,1116,0.805555555556,1,0,0.194444444444,1,0.805555555556,0.892307692308,0.88110074037,0.805555555556,0.805555555556,2,44,0,0,0,0
3410,WLNM_dir_neg,0.984116735537,0.924806576402,00:00:03,10,80,29,1237887353,threshold_sweep,0.8,1,0.0454545454545,0.0869565217391,2,0,42,88,0.0454545454545,1,0,0.954545454545,1,0.0454545454545,0.0869565217391,0.681818181818,0.661616161616,0.0597014925373,0.175411603861,0.0454545454545,216,172,44,0,216,0,172,0,44,37,216,0.162162162162,1.32432432432,11.6756756757,21.6,6,8.1990990496,0.702237650082,0.31006006006,10.329336629,1.76937710775,0.765265265265,3.0868314707,0.528762798222,0.252752752753,0.579945114934,0.437917739848,2,1.32432432432,0.579945114934,2,0.0121701261701,0.00597269624573,7,0.000900900900901,0.621196581197,37,37,37,1,0,0.72972972973,0.243243243243,0.027027027027,37,0.129129129129,1.32432432432,9.2972972973,17.2,4.77777777778,6.60750778729,0.710691244564,0.339723444375,8.22670521404,1.76969821465,0.769956002514,2.61636108849,0.562821862058,0.302639849151,0.579945114934,0.437917739848,2,1.32432432432,0.579945114934,2,0.0100266901019,0.00542250338906,4,0.000514800514801,0.410055459838,37,37,37,1,0,0.72972972973,0.243243243243,0.027027027027,37,174,0.130630630631,1.32432432432,9.40540540541,17.4,4.83333333333,6.69352697039,0.711668097426,0.342652997825,8.25585605247,1.75555559737,0.767319043181,2.54803698805,0.54182395723,0.292016154085,0.579945114934,0.437917739848,2,1.32432432432,0.579945114934,2,0.0127621000553,0.00793301013662,6,0.000772200772201,0.414499904283,37,37,37,1,0,0.72972972973,0.243243243243,0.027027027027,-42,-0.0315315315315,0,-2.27027027027,-4.2,-1.16666666667,-1.50557207922,0.00943044734438,0.0325929377654,-2.07348057653,-0.0138215103803,0.00205377791585,-0.53879448265,0.0130611590075,0.0392634013324,0,0,0,0,0,0,0.000591973885207,0.00196031389089,-1,-0.0001287001287,-0.206696676914,0,0,0,174,0,42,1116,0.805555555556,1,0,0.194444444444,1,0.805555555556,0.892307692308,0.88110074037,0.805555555556,0.805555555556,2,44,0,0,0,0
3411,WLNM_dir_neg,0.984116735537,0.924806576402,00:00:03,10,80,29,1237887353,threshold_sweep,0.9,1,0.0454545454545,0.0869565217391,2,0,42,88,0.0454545454545,1,0,0.954545454545,1,0.0454545454545,0.0869565217391,0.681818181818,0.661616161616,0.0597014925373,0.175411603861,0.0454545454545,216,172,44,0,216,0,172,0,44,37,216,0.162162162162,1.32432432432,11.6756756757,21.6,6,8.1990990496,0.702237650082,0.31006006006,10.329336629,1.76937710775,0.765265265265,3.0868314707,0.528762798222,0.252752752753,0.579945114934,0.437917739848,2,1.32432432432,0.579945114934,2,0.0121701261701,0.00597269624573,7,0.000900900900901,0.621196581197,37,37,37,1,0,0.72972972973,0.243243243243,0.027027027027,37,0.129129129129,1.32432432432,9.2972972973,17.2,4.77777777778,6.60750778729,0.710691244564,0.339723444375,8.22670521404,1.76969821465,0.769956002514,2.61636108849,0.562821862058,0.302639849151,0.579945114934,0.437917739848,2,1.32432432432,0.579945114934,2,0.0100266901019,0.00542250338906,4,0.000514800514801,0.410055459838,37,37,37,1,0,0.72972972973,0.243243243243,0.027027027027,37,174,0.130630630631,1.32432432432,9.40540540541,17.4,4.83333333333,6.69352697039,0.711668097426,0.342652997825,8.25585605247,1.75555559737,0.767319043181,2.54803698805,0.54182395723,0.292016154085,0.579945114934,0.437917739848,2,1.32432432432,0.579945114934,2,0.0127621000553,0.00793301013662,6,0.000772200772201,0.414499904283,37,37,37,1,0,0.72972972973,0.243243243243,0.027027027027,-42,-0.0315315315315,0,-2.27027027027,-4.2,-1.16666666667,-1.50557207922,0.00943044734438,0.0325929377654,-2.07348057653,-0.0138215103803,0.00205377791585,-0.53879448265,0.0130611590075,0.0392634013324,0,0,0,0,0,0,0.000591973885207,0.00196031389089,-1,-0.0001287001287,-0.206696676914,0,0,0,174,0,42,1116,0.805555555556,1,0,0.194444444444,1,0.805555555556,0.892307692308,0.88110074037,0.805555555556,0.805555555556,2,44,0,0,0,0
3412,WLNM_dir_neg,0.965650826446,0.797348484848,00:00:03,10,80,30,1237887354,threshold_sweep,0.1,1,0.136363636364,0.24,6,0,38,88,0.136363636364,1,0,0.863636363636,1,0.136363636364,0.24,0.712121212121,0.651515151515,0.173913043478,0.308606699924,0.136363636364,216,172,44,0,216,0,172,0,44,37,216,0.162162162162,1.32432432432,11.6756756757,21.6,6,8.1990990496,0.702237650082,0.31006006006,10.329336629,1.76937710775,0.765265265265,3.0868314707,0.528762798222,0.252752752753,0.579945114934,0.437917739848,2,1.32432432432,0.579945114934,2,0.0121701261701,0.00597269624573,7,0.000900900900901,0.621196581197,37,37,37,1,0,0.72972972973,0.243243243243,0.027027027027,37,0.129129129129,1.32432432432,9.2972972973,17.2,5.21212121212,6.73244575365,0.724129339782,0.343966059082,8.47616336236,1.8233607233,0.78409805154,2.80095436331,0.602530880479,0.326838466373,0.579945114934,0.437917739848,2,1.33333333333,0.585540043769,2,0.0119402543626,0.00401248328132,3,0.0003861003861,0.423238618065,37,36,36,0.972972972973,0,0.702702702703,0.189189189189,0.0810810810811,37,178,0.133633633634,1.32432432432,9.62162162162,17.8,5.08571428571,7.0053604529,0.728085215611,0.349681141816,8.5272043023,1.77250875947,0.775280898876,2.58024372059,0.536342795854,0.292438505922,0.579945114934,0.437917739848,2,1.33333333333,0.585540043769,2,0.0125079957999,0.00868486352357,7,0.000900900900901,0.430460840287,37,36,36,0.972972972973,0,0.702702702703,0.243243243243,0.027027027027,-38,-0.0285285285285,0,-2.05405405405,-3.8,-0.914285714286,-1.1937385967,0.0258475655287,0.0396210817559,-1.8021323267,0.00313165172214,0.0100156336111,-0.506587750111,0.00757999763108,0.0396857531689,0,0,0,0.00900900900901,0.00559492883467,0,0.000337869629795,0.00271216727784,0,0,-0.19073574091,-0.027027027027,0,0,178,0,38,1116,0.824074074074,1,0,0.175925925926,1,0.824074074074,0.903553299492,0.892713944116,0.824074074074,0.824074074074,6,44,0,0,0,0
3413,WLNM_dir_neg,0.965650826446,0.797348484848,00:00:03,10,80,30,1237887354,threshold_sweep,0.2,1,0.136363636364,0.24,6,0,38,88,0.136363636364,1,0,0.863636363636,1,0.136363636364,0.24,0.712121212121,0.651515151515,0.173913043478,0.308606699924,0.136363636364,216,172,44,0,216,0,172,0,44,37,216,0.162162162162,1.32432432432,11.6756756757,21.6,6,8.1990990496,0.702237650082,0.31006006006,10.329336629,1.76937710775,0.765265265265,3.0868314707,0.528762798222,0.252752752753,0.579945114934,0.437917739848,2,1.32432432432,0.579945114934,2,0.0121701261701,0.00597269624573,7,0.000900900900901,0.621196581197,37,37,37,1,0,0.72972972973,0.243243243243,0.027027027027,37,0.129129129129,1.32432432432,9.2972972973,17.2,5.21212121212,6.73244575365,0.724129339782,0.343966059082,8.47616336236,1.8233607233,0.78409805154,2.80095436331,0.602530880479,0.326838466373,0.579945114934,0.437917739848,2,1.33333333333,0.585540043769,2,0.0119402543626,0.00401248328132,3,0.0003861003861,0.423238618065,37,36,36,0.972972972973,0,0.702702702703,0.189189189189,0.0810810810811,37,178,0.133633633634,1.32432432432,9.62162162162,17.8,5.08571428571,7.0053604529,0.728085215611,0.349681141816,8.5272043023,1.77250875947,0.775280898876,2.58024372059,0.536342795854,0.292438505922,0.579945114934,0.437917739848,2,1.33333333333,0.585540043769,2,0.0125079957999,0.00868486352357,7,0.000900900900901,0.430460840287,37,36,36,0.972972972973,0,0.702702702703,0.243243243243,0.027027027027,-38,-0.0285285285285,0,-2.05405405405,-3.8,-0.914285714286,-1.1937385967,0.0258475655287,0.0396210817559,-1.8021323267,0.00313165172214,0.0100156336111,-0.506587750111,0.00757999763108,0.0396857531689,0,0,0,0.00900900900901,0.00559492883467,0,0.000337869629795,0.00271216727784,0,0,-0.19073574091,-0.027027027027,0,0,178,0,38,1116,0.824074074074,1,0,0.175925925926,1,0.824074074074,0.903553299492,0.892713944116,0.824074074074,0.824074074074,6,44,0,0,0,0
3414,WLNM_dir_neg,0.965650826446,0.797348484848,00:00:03,10,80,30,1237887354,threshold_sweep,0.3,1,0.113636363636,0.204081632653,5,0,39,88,0.113636363636,1,0,0.886363636364,1,0.113636363636,0.204081632653,0.704545454545,0.65404040404,0.14598540146,0.280606766633,0.113636363636,216,172,44,0,216,0,172,0,44,37,216,0.162162162162,1.32432432432,11.6756756757,21.6,6,8.1990990496,0.702237650082,0.31006006006,10.329336629,1.76937710775,0.765265265265,3.0868314707,0.528762798222,0.252752752753,0.579945114934,0.437917739848,2,1.32432432432,0.579945114934,2,0.0121701261701,0.00597269624573,7,0.000900900900901,0.621196581197,37,37,37,1,0,0.72972972973,0.243243243243,0.027027027027,37,0.129129129129,1.32432432432,9.2972972973,17.2,5.21212121212,6.73244575365,0.724129339782,0.343966059082,8.47616336236,1.8233607233,0.78409805154,2.80095436331,0.602530880479,0.326838466373,0.579945114934,0.437917739848,2,1.33333333333,0.585540043769,2,0.0119402543626,0.00401248328132,3,0.0003861003861,0.423238618065,37,36,36,0.972972972973,0,0.702702702703,0.189189189189,0.0810810810811,37,177,0.132882882883,1.32432432432,9.56756756757,17.7,5.05714285714,6.95437728078,0.726869941776,0.348297449992,8.52165586131,1.78136308965,0.776912505726,2.61550011295,0.546742961464,0.298060772637,0.579945114934,0.437917739848,2,1.33333333333,0.585540043769,2,0.012798245233,0.00754084625052,6,0.000772200772201,0.428238618065,37,36,36,0.972972972973,0,0.702702702703,0.243243243243,0.027027027027,-39,-0.0292792792793,0,-2.10810810811,-3.9,-0.942857142857,-1.24472176883,0.0246322916941,0.0382373899323,-1.80768076769,0.0119859819073,0.0116472404608,-0.471331357754,0.0179801632417,0.0453080198843,0,0,0,0.00900900900901,0.00559492883467,0,0.000628119062902,0.00156815000479,-1,-0.0001287001287,-0.192957963132,-0.027027027027,0,0,177,0,39,1116,0.819444444444,1,0,0.180555555556,1,0.819444444444,0.900763358779,0.889817336185,0.819444444444,0.819444444444,5,44,0,0,0,0
3415,WLNM_dir_neg,0.965650826446,0.797348484848,00:00:03,10,80,30,1237887354,threshold_sweep,0.4,1,0.113636363636,0.204081632653,5,0,39,88,0.113636363636,1,0,0.886363636364,1,0.113636363636,0.204081632653,0.704545454545,0.65404040404,0.14598540146,0.280606766633,0.113636363636,216,172,44,0,216,0,172,0,44,37,216,0.162162162162,1.32432432432,11.6756756757,21.6,6,8.1990990496,0.702237650082,0.31006006006,10.329336629,1.76937710775,0.765265265265,3.0868314707,0.528762798222,0.252752752753,0.579945114934,0.437917739848,2,1.32432432432,0.579945114934,2,0.0121701261701,0.00597269624573,7,0.000900900900901,0.621196581197,37,37,37,1,0,0.72972972973,0.243243243243,0.027027027027,37,0.129129129129,1.32432432432,9.2972972973,17.2,5.21212121212,6.73244575365,0.724129339782,0.343966059082,8.47616336236,1.8233607233,0.78409805154,2.80095436331,0.602530880479,0.326838466373,0.579945114934,0.437917739848,2,1.33333333333,0.585540043769,2,0.0119402543626,0.00401248328132,3,0.0003861003861,0.423238618065,37,36,36,0.972972972973,0,0.702702702703,0.189189189189,0.0810810810811,37,177,0.132882882883,1.32432432432,9.56756756757,17.7,5.05714285714,6.95437728078,0.726869941776,0.348297449992,8.52165586131,1.78136308965,0.776912505726,2.61550011295,0.546742961464,0.298060772637,0.579945114934,0.437917739848,2,1.33333333333,0.585540043769,2,0.012798245233,0.00754084625052,6,0.000772200772201,0.428238618065,37,36,36,0.972972972973,0,0.702702702703,0.243243243243,0.027027027027,-39,-0.0292792792793,0,-2.10810810811,-3.9,-0.942857142857,-1.24472176883,0.0246322916941,0.0382373899323,-1.80768076769,0.0119859819073,0.0116472404608,-0.471331357754,0.0179801632417,0.0453080198843,0,0,0,0.00900900900901,0.00559492883467,0,0.000628119062902,0.00156815000479,-1,-0.0001287001287,-0.192957963132,-0.027027027027,0,0,177,0,39,1116,0.819444444444,1,0,0.180555555556,1,0.819444444444,0.900763358779,0.889817336185,0.819444444444,0.819444444444,5,44,0,0,0,0
3416,WLNM_dir_neg,0.965650826446,0.797348484848,00:00:03,10,80,30,1237887354,threshold_sweep,0.5,1,0.113636363636,0.204081632653,5,0,39,88,0.113636363636,1,0,0.886363636364,1,0.113636363636,0.204081632653,0.704545454545,0.65404040404,0.14598540146,0.280606766633,0.113636363636,216,172,44,0,216,0,172,0,44,37,216,0.162162162162,1.32432432432,11.6756756757,21.6,6,8.1990990496,0.702237650082,0.31006006006,10.329336629,1.76937710775,0.765265265265,3.0868314707,0.528762798222,0.252752752753,0.579945114934,0.437917739848,2,1.32432432432,0.579945114934,2,0.0121701261701,0.00597269624573,7,0.000900900900901,0.621196581197,37,37,37,1,0,0.72972972973,0.243243243243,0.027027027027,37,0.129129129129,1.32432432432,9.2972972973,17.2,5.21212121212,6.73244575365,0.724129339782,0.343966059082,8.47616336236,1.8233607233,0.78409805154,2.80095436331,0.602530880479,0.326838466373,0.579945114934,0.437917739848,2,1.33333333333,0.585540043769,2,0.0119402543626,0.00401248328132,3,0.0003861003861,0.423238618065,37,36,36,0.972972972973,0,0.702702702703,0.189189189189,0.0810810810811,37,177,0.132882882883,1.32432432432,9.56756756757,17.7,5.05714285714,6.95437728078,0.726869941776,0.348297449992,8.52165586131,1.78136308965,0.776912505726,2.61550011295,0.546742961464,0.298060772637,0.579945114934,0.437917739848,2,1.33333333333,0.585540043769,2,0.012798245233,0.00754084625052,6,0.000772200772201,0.428238618065,37,36,36,0.972972972973,0,0.702702702703,0.243243243243,0.027027027027,-39,-0.0292792792793,0,-2.10810810811,-3.9,-0.942857142857,-1.24472176883,0.0246322916941,0.0382373899323,-1.80768076769,0.0119859819073,0.0116472404608,-0.471331357754,0.0179801632417,0.0453080198843,0,0,0,0.00900900900901,0.00559492883467,0,0.000628119062902,0.00156815000479,-1,-0.0001287001287,-0.192957963132,-0.027027027027,0,0,177,0,39,1116,0.819444444444,1,0,0.180555555556,1,0.819444444444,0.900763358779,0.889817336185,0.819444444444,0.819444444444,5,44,0,0,0,0
3417,WLNM_dir_neg,0.965650826446,0.797348484848,00:00:03,10,80,30,1237887354,threshold_sweep,0.6,1,0.113636363636,0.204081632653,5,0,39,88,0.113636363636,1,0,0.886363636364,1,0.113636363636,0.204081632653,0.704545454545,0.65404040404,0.14598540146,0.280606766633,0.113636363636,216,172,44,0,216,0,172,0,44,37,216,0.162162162162,1.32432432432,11.6756756757,21.6,6,8.1990990496,0.702237650082,0.31006006006,10.329336629,1.76937710775,0.765265265265,3.0868314707,0.528762798222,0.252752752753,0.579945114934,0.437917739848,2,1.32432432432,0.579945114934,2,0.0121701261701,0.00597269624573,7,0.000900900900901,0.621196581197,37,37,37,1,0,0.72972972973,0.243243243243,0.027027027027,37,0.129129129129,1.32432432432,9.2972972973,17.2,5.21212121212,6.73244575365,0.724129339782,0.343966059082,8.47616336236,1.8233607233,0.78409805154,2.80095436331,0.602530880479,0.326838466373,0.579945114934,0.437917739848,2,1.33333333333,0.585540043769,2,0.0119402543626,0.00401248328132,3,0.0003861003861,0.423238618065,37,36,36,0.972972972973,0,0.702702702703,0.189189189189,0.0810810810811,37,177,0.132882882883,1.32432432432,9.56756756757,17.7,5.05714285714,6.95437728078,0.726869941776,0.348297449992,8.52165586131,1.78136308965,0.776912505726,2.61550011295,0.546742961464,0.298060772637,0.579945114934,0.437917739848,2,1.33333333333,0.585540043769,2,0.012798245233,0.00754084625052,6,0.000772200772201,0.428238618065,37,36,36,0.972972972973,0,0.702702702703,0.243243243243,0.027027027027,-39,-0.0292792792793,0,-2.10810810811,-3.9,-0.942857142857,-1.24472176883,0.0246322916941,0.0382373899323,-1.80768076769,0.0119859819073,0.0116472404608,-0.471331357754,0.0179801632417,0.0453080198843,0,0,0,0.00900900900901,0.00559492883467,0,0.000628119062902,0.00156815000479,-1,-0.0001287001287,-0.192957963132,-0.027027027027,0,0,177,0,39,1116,0.819444444444,1,0,0.180555555556,1,0.819444444444,0.900763358779,0.889817336185,0.819444444444,0.819444444444,5,44,0,0,0,0
3418,WLNM_dir_neg,0.965650826446,0.797348484848,00:00:03,10,80,30,1237887354,threshold_sweep,0.7,1,0.113636363636,0.204081632653,5,0,39,88,0.113636363636,1,0,0.886363636364,1,0.113636363636,0.204081632653,0.704545454545,0.65404040404,0.14598540146,0.280606766633,0.113636363636,216,172,44,0,216,0,172,0,44,37,216,0.162162162162,1.32432432432,11.6756756757,21.6,6,8.1990990496,0.702237650082,0.31006006006,10.329336629,1.76937710775,0.765265265265,3.0868314707,0.528762798222,0.252752752753,0.579945114934,0.437917739848,2,1.32432432432,0.579945114934,2,0.0121701261701,0.00597269624573,7,0.000900900900901,0.621196581197,37,37,37,1,0,0.72972972973,0.243243243243,0.027027027027,37,0.129129129129,1.32432432432,9.2972972973,17.2,5.21212121212,6.73244575365,0.724129339782,0.343966059082,8.47616336236,1.8233607233,0.78409805154,2.80095436331,0.602530880479,0.326838466373,0.579945114934,0.437917739848,2,1.33333333333,0.585540043769,2,0.0119402543626,0.00401248328132,3,0.0003861003861,0.423238618065,37,36,36,0.972972972973,0,0.702702702703,0.189189189189,0.0810810810811,37,177,0.132882882883,1.32432432432,9.56756756757,17.7,5.05714285714,6.95437728078,0.726869941776,0.348297449992,8.52165586131,1.78136308965,0.776912505726,2.61550011295,0.546742961464,0.298060772637,0.579945114934,0.437917739848,2,1.33333333333,0.585540043769,2,0.012798245233,0.00754084625052,6,0.000772200772201,0.428238618065,37,36,36,0.972972972973,0,0.702702702703,0.243243243243,0.027027027027,-39,-0.0292792792793,0,-2.10810810811,-3.9,-0.942857142857,-1.24472176883,0.0246322916941,0.0382373899323,-1.80768076769,0.0119859819073,0.0116472404608,-0.471331357754,0.0179801632417,0.0453080198843,0,0,0,0.00900900900901,0.00559492883467,0,0.000628119062902,0.00156815000479,-1,-0.0001287001287,-0.192957963132,-0.027027027027,0,0,177,0,39,1116,0.819444444444,1,0,0.180555555556,1,0.819444444444,0.900763358779,0.889817336185,0.819444444444,0.819444444444,5,44,0,0,0,0
3419,WLNM_dir_neg,0.965650826446,0.797348484848,00:00:03,10,80,30,1237887354,threshold_sweep,0.8,1,0.113636363636,0.204081632653,5,0,39,88,0.113636363636,1,0,0.886363636364,1,0.113636363636,0.204081632653,0.704545454545,0.65404040404,0.14598540146,0.280606766633,0.113636363636,216,172,44,0,216,0,172,0,44,37,216,0.162162162162,1.32432432432,11.6756756757,21.6,6,8.1990990496,0.702237650082,0.31006006006,10.329336629,1.76937710775,0.765265265265,3.0868314707,0.528762798222,0.252752752753,0.579945114934,0.437917739848,2,1.32432432432,0.579945114934,2,0.0121701261701,0.00597269624573,7,0.000900900900901,0.621196581197,37,37,37,1,0,0.72972972973,0.243243243243,0.027027027027,37,0.129129129129,1.32432432432,9.2972972973,17.2,5.21212121212,6.73244575365,0.724129339782,0.343966059082,8.47616336236,1.8233607233,0.78409805154,2.80095436331,0.602530880479,0.326838466373,0.579945114934,0.437917739848,2,1.33333333333,0.585540043769,2,0.0119402543626,0.00401248328132,3,0.0003861003861,0.423238618065,37,36,36,0.972972972973,0,0.702702702703,0.189189189189,0.0810810810811,37,177,0.132882882883,1.32432432432,9.56756756757,17.7,5.05714285714,6.95437728078,0.726869941776,0.348297449992,8.52165586131,1.78136308965,0.776912505726,2.61550011295,0.546742961464,0.298060772637,0.579945114934,0.437917739848,2,1.33333333333,0.585540043769,2,0.012798245233,0.00754084625052,6,0.000772200772201,0.428238618065,37,36,36,0.972972972973,0,0.702702702703,0.243243243243,0.027027027027,-39,-0.0292792792793,0,-2.10810810811,-3.9,-0.942857142857,-1.24472176883,0.0246322916941,0.0382373899323,-1.80768076769,0.0119859819073,0.0116472404608,-0.471331357754,0.0179801632417,0.0453080198843,0,0,0,0.00900900900901,0.00559492883467,0,0.000628119062902,0.00156815000479,-1,-0.0001287001287,-0.192957963132,-0.027027027027,0,0,177,0,39,1116,0.819444444444,1,0,0.180555555556,1,0.819444444444,0.900763358779,0.889817336185,0.819444444444,0.819444444444,5,44,0,0,0,0
3420,WLNM_dir_neg,0.965650826446,0.797348484848,00:00:03,10,80,30,1237887354,threshold_sweep,0.9,1,0.113636363636,0.204081632653,5,0,39,88,0.113636363636,1,0,0.886363636364,1,0.113636363636,0.204081632653,0.704545454545,0.65404040404,0.14598540146,0.280606766633,0.113636363636,216,172,44,0,216,0,172,0,44,37,216,0.162162162162,1.32432432432,11.6756756757,21.6,6,8.1990990496,0.702237650082,0.31006006006,10.329336629,1.76937710775,0.765265265265,3.0868314707,0.528762798222,0.252752752753,0.579945114934,0.437917739848,2,1.32432432432,0.579945114934,2,0.0121701261701,0.00597269624573,7,0.000900900900901,0.621196581197,37,37,37,1,0,0.72972972973,0.243243243243,0.027027027027,37,0.129129129129,1.32432432432,9.2972972973,17.2,5.21212121212,6.73244575365,0.724129339782,0.343966059082,8.47616336236,1.8233607233,0.78409805154,2.80095436331,0.602530880479,0.326838466373,0.579945114934,0.437917739848,2,1.33333333333,0.585540043769,2,0.0119402543626,0.00401248328132,3,0.0003861003861,0.423238618065,37,36,36,0.972972972973,0,0.702702702703,0.189189189189,0.0810810810811,37,177,0.132882882883,1.32432432432,9.56756756757,17.7,5.05714285714,6.95437728078,0.726869941776,0.348297449992,8.52165586131,1.78136308965,0.776912505726,2.61550011295,0.546742961464,0.298060772637,0.579945114934,0.437917739848,2,1.33333333333,0.585540043769,2,0.012798245233,0.00754084625052,6,0.000772200772201,0.428238618065,37,36,36,0.972972972973,0,0.702702702703,0.243243243243,0.027027027027,-39,-0.0292792792793,0,-2.10810810811,-3.9,-0.942857142857,-1.24472176883,0.0246322916941,0.0382373899323,-1.80768076769,0.0119859819073,0.0116472404608,-0.471331357754,0.0179801632417,0.0453080198843,0,0,0,0.00900900900901,0.00559492883467,0,0.000628119062902,0.00156815000479,-1,-0.0001287001287,-0.192957963132,-0.027027027027,0,0,177,0,39,1116,0.819444444444,1,0,0.180555555556,1,0.819444444444,0.900763358779,0.889817336185,0.819444444444,0.819444444444,5,44,0,0,0,0
3421,WLNM_dir_neg,1,0.909090909091,00:00:03,10,80,31,1237887355,threshold_sweep,0.1,1,0.0909090909091,0.166666666667,4,0,40,88,0.0909090909091,1,0,0.909090909091,1,0.0909090909091,0.166666666667,0.69696969697,0.656565656566,0.117647058824,0.25,0.0909090909091,216,172,44,0,216,0,172,0,44,37,216,0.162162162162,1.32432432432,11.6756756757,21.6,6,8.1990990496,0.702237650082,0.31006006006,10.329336629,1.76937710775,0.765265265265,3.0868314707,0.528762798222,0.252752752753,0.579945114934,0.437917739848,2,1.32432432432,0.579945114934,2,0.0121701261701,0.00597269624573,7,0.000900900900901,0.621196581197,37,37,37,1,0,0.72972972973,0.243243243243,0.027027027027,37,0.129129129129,1.32432432432,9.2972972973,17.2,4.91428571429,6.74481226518,0.725459458755,0.3538654934,8.33405402289,1.79279069097,0.778126964173,2.79101948932,0.600393727355,0.331238214959,0.579945114934,0.437917739848,2,1.33333333333,0.585540043769,2,0.00912505713748,0.0040071237756,3,0.0003861003861,0.430632933894,37,36,36,0.972972972973,0,0.702702702703,0.243243243243,0.027027027027,37,176,0.132132132132,1.32432432432,9.51351351351,17.6,5.02857142857,6.89855710204,0.725132422657,0.357033169533,8.37789885289,1.76126282703,0.77242014742,2.66046576337,0.559302461618,0.309582309582,0.579945114934,0.437917739848,2,1.33333333333,0.585540043769,2,0.0125342977568,0.00891719745223,7,0.000900900900901,0.439521822783,37,36,36,0.972972972973,0,0.702702702703,0.243243243243,0.027027027027,-40,-0.03003003003,0,-2.16216216216,-4,-0.971428571429,-1.30054194757,0.0228947725756,0.0469731094731,-1.95143777611,-0.00811428071814,0.00715488215488,-0.426365707331,0.0305396633957,0.0568295568296,0,0,0,0.00900900900901,0.00559492883467,0,0.000364171586678,0.0029445012065,0,0,-0.181674758414,-0.027027027027,0,0,176,0,40,1116,0.814814814815,1,0,0.185185185185,1,0.814814814815,0.897959183673,0.886916304149,0.814814814815,0.814814814815,4,44,0,0,0,0
3422,WLNM_dir_neg,1,0.909090909091,00:00:03,10,80,31,1237887355,threshold_sweep,0.2,1,0.0909090909091,0.166666666667,4,0,40,88,0.0909090909091,1,0,0.909090909091,1,0.0909090909091,0.166666666667,0.69696969697,0.656565656566,0.117647058824,0.25,0.0909090909091,216,172,44,0,216,0,172,0,44,37,216,0.162162162162,1.32432432432,11.6756756757,21.6,6,8.1990990496,0.702237650082,0.31006006006,10.329336629,1.76937710775,0.765265265265,3.0868314707,0.528762798222,0.252752752753,0.579945114934,0.437917739848,2,1.32432432432,0.579945114934,2,0.0121701261701,0.00597269624573,7,0.000900900900901,0.621196581197,37,37,37,1,0,0.72972972973,0.243243243243,0.027027027027,37,0.129129129129,1.32432432432,9.2972972973,17.2,4.91428571429,6.74481226518,0.725459458755,0.3538654934,8.33405402289,1.79279069097,0.778126964173,2.79101948932,0.600393727355,0.331238214959,0.579945114934,0.437917739848,2,1.33333333333,0.585540043769,2,0.00912505713748,0.0040071237756,3,0.0003861003861,0.430632933894,37,36,36,0.972972972973,0,0.702702702703,0.243243243243,0.027027027027,37,176,0.132132132132,1.32432432432,9.51351351351,17.6,5.02857142857,6.89855710204,0.725132422657,0.357033169533,8.37789885289,1.76126282703,0.77242014742,2.66046576337,0.559302461618,0.309582309582,0.579945114934,0.437917739848,2,1.33333333333,0.585540043769,2,0.0125342977568,0.00891719745223,7,0.000900900900901,0.439521822783,37,36,36,0.972972972973,0,0.702702702703,0.243243243243,0.027027027027,-40,-0.03003003003,0,-2.16216216216,-4,-0.971428571429,-1.30054194757,0.0228947725756,0.0469731094731,-1.95143777611,-0.00811428071814,0.00715488215488,-0.426365707331,0.0305396633957,0.0568295568296,0,0,0,0.00900900900901,0.00559492883467,0,0.000364171586678,0.0029445012065,0,0,-0.181674758414,-0.027027027027,0,0,176,0,40,1116,0.814814814815,1,0,0.185185185185,1,0.814814814815,0.897959183673,0.886916304149,0.814814814815,0.814814814815,4,44,0,0,0,0
3423,WLNM_dir_neg,1,0.909090909091,00:00:03,10,80,31,1237887355,threshold_sweep,0.3,1,0.0909090909091,0.166666666667,4,0,40,88,0.0909090909091,1,0,0.909090909091,1,0.0909090909091,0.166666666667,0.69696969697,0.656565656566,0.117647058824,0.25,0.0909090909091,216,172,44,0,216,0,172,0,44,37,216,0.162162162162,1.32432432432,11.6756756757,21.6,6,8.1990990496,0.702237650082,0.31006006006,10.329336629,1.76937710775,0.765265265265,3.0868314707,0.528762798222,0.252752752753,0.579945114934,0.437917739848,2,1.32432432432,0.579945114934,2,0.0121701261701,0.00597269624573,7,0.000900900900901,0.621196581197,37,37,37,1,0,0.72972972973,0.243243243243,0.027027027027,37,0.129129129129,1.32432432432,9.2972972973,17.2,4.91428571429,6.74481226518,0.725459458755,0.3538654934,8.33405402289,1.79279069097,0.778126964173,2.79101948932,0.600393727355,0.331238214959,0.579945114934,0.437917739848,2,1.33333333333,0.585540043769,2,0.00912505713748,0.0040071237756,3,0.0003861003861,0.430632933894,37,36,36,0.972972972973,0,0.702702702703,0.243243243243,0.027027027027,37,176,0.132132132132,1.32432432432,9.51351351351,17.6,5.02857142857,6.89855710204,0.725132422657,0.357033169533,8.37789885289,1.76126282703,0.77242014742,2.66046576337,0.559302461618,0.309582309582,0.579945114934,0.437917739848,2,1.33333333333,0.585540043769,2,0.0125342977568,0.00891719745223,7,0.000900900900901,0.439521822783,37,36,36,0.972972972973,0,0.702702702703,0.243243243243,0.027027027027,-40,-0.03003003003,0,-2.16216216216,-4,-0.971428571429,-1.30054194757,0.0228947725756,0.0469731094731,-1.95143777611,-0.00811428071814,0.00715488215488,-0.426365707331,0.0305396633957,0.0568295568296,0,0,0,0.00900900900901,0.00559492883467,0,0.000364171586678,0.0029445012065,0,0,-0.181674758414,-0.027027027027,0,0,176,0,40,1116,0.814814814815,1,0,0.185185185185,1,0.814814814815,0.897959183673,0.886916304149,0.814814814815,0.814814814815,4,44,0,0,0,0
3424,WLNM_dir_neg,1,0.909090909091,00:00:03,10,80,31,1237887355,threshold_sweep,0.4,1,0.0909090909091,0.166666666667,4,0,40,88,0.0909090909091,1,0,0.909090909091,1,0.0909090909091,0.166666666667,0.69696969697,0.656565656566,0.117647058824,0.25,0.0909090909091,216,172,44,0,216,0,172,0,44,37,216,0.162162162162,1.32432432432,11.6756756757,21.6,6,8.1990990496,0.702237650082,0.31006006006,10.329336629,1.76937710775,0.765265265265,3.0868314707,0.528762798222,0.252752752753,0.579945114934,0.437917739848,2,1.32432432432,0.579945114934,2,0.0121701261701,0.00597269624573,7,0.000900900900901,0.621196581197,37,37,37,1,0,0.72972972973,0.243243243243,0.027027027027,37,0.129129129129,1.32432432432,9.2972972973,17.2,4.91428571429,6.74481226518,0.725459458755,0.3538654934,8.33405402289,1.79279069097,0.778126964173,2.79101948932,0.600393727355,0.331238214959,0.579945114934,0.437917739848,2,1.33333333333,0.585540043769,2,0.00912505713748,0.0040071237756,3,0.0003861003861,0.430632933894,37,36,36,0.972972972973,0,0.702702702703,0.243243243243,0.027027027027,37,176,0.132132132132,1.32432432432,9.51351351351,17.6,5.02857142857,6.89855710204,0.725132422657,0.357033169533,8.37789885289,1.76126282703,0.77242014742,2.66046576337,0.559302461618,0.309582309582,0.579945114934,0.437917739848,2,1.33333333333,0.585540043769,2,0.0125342977568,0.00891719745223,7,0.000900900900901,0.439521822783,37,36,36,0.972972972973,0,0.702702702703,0.243243243243,0.027027027027,-40,-0.03003003003,0,-2.16216216216,-4,-0.971428571429,-1.30054194757,0.0228947725756,0.0469731094731,-1.95143777611,-0.00811428071814,0.00715488215488,-0.426365707331,0.0305396633957,0.0568295568296,0,0,0,0.00900900900901,0.00559492883467,0,0.000364171586678,0.0029445012065,0,0,-0.181674758414,-0.027027027027,0,0,176,0,40,1116,0.814814814815,1,0,0.185185185185,1,0.814814814815,0.897959183673,0.886916304149,0.814814814815,0.814814814815,4,44,0,0,0,0
3425,WLNM_dir_neg,1,0.909090909091,00:00:03,10,80,31,1237887355,threshold_sweep,0.5,1,0.0909090909091,0.166666666667,4,0,40,88,0.0909090909091,1,0,0.909090909091,1,0.0909090909091,0.166666666667,0.69696969697,0.656565656566,0.117647058824,0.25,0.0909090909091,216,172,44,0,216,0,172,0,44,37,216,0.162162162162,1.32432432432,11.6756756757,21.6,6,8.1990990496,0.702237650082,0.31006006006,10.329336629,1.76937710775,0.765265265265,3.0868314707,0.528762798222,0.252752752753,0.579945114934,0.437917739848,2,1.32432432432,0.579945114934,2,0.0121701261701,0.00597269624573,7,0.000900900900901,0.621196581197,37,37,37,1,0,0.72972972973,0.243243243243,0.027027027027,37,0.129129129129,1.32432432432,9.2972972973,17.2,4.91428571429,6.74481226518,0.725459458755,0.3538654934,8.33405402289,1.79279069097,0.778126964173,2.79101948932,0.600393727355,0.331238214959,0.579945114934,0.437917739848,2,1.33333333333,0.585540043769,2,0.00912505713748,0.0040071237756,3,0.0003861003861,0.430632933894,37,36,36,0.972972972973,0,0.702702702703,0.243243243243,0.027027027027,37,176,0.132132132132,1.32432432432,9.51351351351,17.6,5.02857142857,6.89855710204,0.725132422657,0.357033169533,8.37789885289,1.76126282703,0.77242014742,2.66046576337,0.559302461618,0.309582309582,0.579945114934,0.437917739848,2,1.33333333333,0.585540043769,2,0.0125342977568,0.00891719745223,7,0.000900900900901,0.439521822783,37,36,36,0.972972972973,0,0.702702702703,0.243243243243,0.027027027027,-40,-0.03003003003,0,-2.16216216216,-4,-0.971428571429,-1.30054194757,0.0228947725756,0.0469731094731,-1.95143777611,-0.00811428071814,0.00715488215488,-0.426365707331,0.0305396633957,0.0568295568296,0,0,0,0.00900900900901,0.00559492883467,0,0.000364171586678,0.0029445012065,0,0,-0.181674758414,-0.027027027027,0,0,176,0,40,1116,0.814814814815,1,0,0.185185185185,1,0.814814814815,0.897959183673,0.886916304149,0.814814814815,0.814814814815,4,44,0,0,0,0
3426,WLNM_dir_neg,1,0.909090909091,00:00:03,10,80,31,1237887355,threshold_sweep,0.6,1,0.0909090909091,0.166666666667,4,0,40,88,0.0909090909091,1,0,0.909090909091,1,0.0909090909091,0.166666666667,0.69696969697,0.656565656566,0.117647058824,0.25,0.0909090909091,216,172,44,0,216,0,172,0,44,37,216,0.162162162162,1.32432432432,11.6756756757,21.6,6,8.1990990496,0.702237650082,0.31006006006,10.329336629,1.76937710775,0.765265265265,3.0868314707,0.528762798222,0.252752752753,0.579945114934,0.437917739848,2,1.32432432432,0.579945114934,2,0.0121701261701,0.00597269624573,7,0.000900900900901,0.621196581197,37,37,37,1,0,0.72972972973,0.243243243243,0.027027027027,37,0.129129129129,1.32432432432,9.2972972973,17.2,4.91428571429,6.74481226518,0.725459458755,0.3538654934,8.33405402289,1.79279069097,0.778126964173,2.79101948932,0.600393727355,0.331238214959,0.579945114934,0.437917739848,2,1.33333333333,0.585540043769,2,0.00912505713748,0.0040071237756,3,0.0003861003861,0.430632933894,37,36,36,0.972972972973,0,0.702702702703,0.243243243243,0.027027027027,37,176,0.132132132132,1.32432432432,9.51351351351,17.6,5.02857142857,6.89855710204,0.725132422657,0.357033169533,8.37789885289,1.76126282703,0.77242014742,2.66046576337,0.559302461618,0.309582309582,0.579945114934,0.437917739848,2,1.33333333333,0.585540043769,2,0.0125342977568,0.00891719745223,7,0.000900900900901,0.439521822783,37,36,36,0.972972972973,0,0.702702702703,0.243243243243,0.027027027027,-40,-0.03003003003,0,-2.16216216216,-4,-0.971428571429,-1.30054194757,0.0228947725756,0.0469731094731,-1.95143777611,-0.00811428071814,0.00715488215488,-0.426365707331,0.0305396633957,0.0568295568296,0,0,0,0.00900900900901,0.00559492883467,0,0.000364171586678,0.0029445012065,0,0,-0.181674758414,-0.027027027027,0,0,176,0,40,1116,0.814814814815,1,0,0.185185185185,1,0.814814814815,0.897959183673,0.886916304149,0.814814814815,0.814814814815,4,44,0,0,0,0
3427,WLNM_dir_neg,1,0.909090909091,00:00:03,10,80,31,1237887355,threshold_sweep,0.7,0,0,0,0,0,44,88,0,1,0,1,0,0,0,0.666666666667,0.666666666667,0,0,0,216,172,44,0,216,0,172,0,44,37,216,0.162162162162,1.32432432432,11.6756756757,21.6,6,8.1990990496,0.702237650082,0.31006006006,10.329336629,1.76937710775,0.765265265265,3.0868314707,0.528762798222,0.252752752753,0.579945114934,0.437917739848,2,1.32432432432,0.579945114934,2,0.0121701261701,0.00597269624573,7,0.000900900900901,0.621196581197,37,37,37,1,0,0.72972972973,0.243243243243,0.027027027027,37,0.129129129129,1.32432432432,9.2972972973,17.2,4.91428571429,6.74481226518,0.725459458755,0.3538654934,8.33405402289,1.79279069097,0.778126964173,2.79101948932,0.600393727355,0.331238214959,0.579945114934,0.437917739848,2,1.33333333333,0.585540043769,2,0.00912505713748,0.0040071237756,3,0.0003861003861,0.430632933894,37,36,36,0.972972972973,0,0.702702702703,0.243243243243,0.027027027027,37,172,0.129129129129,1.32432432432,9.2972972973,17.2,4.91428571429,6.74481226518,0.725459458755,0.3538654934,8.33405402289,1.79279069097,0.778126964173,2.79101948932,0.600393727355,0.331238214959,0.579945114934,0.437917739848,2,1.33333333333,0.585540043769,2,0.00912505713748,0.0040071237756,3,0.0003861003861,0.430632933894,37,36,36,0.972972972973,0,0.702702702703,0.243243243243,0.027027027027,-44,-0.033033033033,0,-2.37837837838,-4.4,-1.08571428571,-1.45428678443,0.0232218086727,0.0438054333403,-1.99528260611,0.0234135832253,0.0128616989082,-0.295811981379,0.0716309291323,0.0784854622064,0,0,0,0.00900900900901,0.00559492883467,0,-0.00304506903265,-0.00196557247013,-4,-0.000514800514801,-0.190563647303,-0.027027027027,0,0,172,0,44,1116,0.796296296296,1,0,0.203703703704,1,0.796296296296,0.886597938144,0.875266790198,0.796296296296,0.796296296296,0,44,0,0,0,0
3428,WLNM_dir_neg,1,0.909090909091,00:00:03,10,80,31,1237887355,threshold_sweep,0.8,0,0,0,0,0,44,88,0,1,0,1,0,0,0,0.666666666667,0.666666666667,0,0,0,216,172,44,0,216,0,172,0,44,37,216,0.162162162162,1.32432432432,11.6756756757,21.6,6,8.1990990496,0.702237650082,0.31006006006,10.329336629,1.76937710775,0.765265265265,3.0868314707,0.528762798222,0.252752752753,0.579945114934,0.437917739848,2,1.32432432432,0.579945114934,2,0.0121701261701,0.00597269624573,7,0.000900900900901,0.621196581197,37,37,37,1,0,0.72972972973,0.243243243243,0.027027027027,37,0.129129129129,1.32432432432,9.2972972973,17.2,4.91428571429,6.74481226518,0.725459458755,0.3538654934,8.33405402289,1.79279069097,0.778126964173,2.79101948932,0.600393727355,0.331238214959,0.579945114934,0.437917739848,2,1.33333333333,0.585540043769,2,0.00912505713748,0.0040071237756,3,0.0003861003861,0.430632933894,37,36,36,0.972972972973,0,0.702702702703,0.243243243243,0.027027027027,37,172,0.129129129129,1.32432432432,9.2972972973,17.2,4.91428571429,6.74481226518,0.725459458755,0.3538654934,8.33405402289,1.79279069097,0.778126964173,2.79101948932,0.600393727355,0.331238214959,0.579945114934,0.437917739848,2,1.33333333333,0.585540043769,2,0.00912505713748,0.0040071237756,3,0.0003861003861,0.430632933894,37,36,36,0.972972972973,0,0.702702702703,0.243243243243,0.027027027027,-44,-0.033033033033,0,-2.37837837838,-4.4,-1.08571428571,-1.45428678443,0.0232218086727,0.0438054333403,-1.99528260611,0.0234135832253,0.0128616989082,-0.295811981379,0.0716309291323,0.0784854622064,0,0,0,0.00900900900901,0.00559492883467,0,-0.00304506903265,-0.00196557247013,-4,-0.000514800514801,-0.190563647303,-0.027027027027,0,0,172,0,44,1116,0.796296296296,1,0,0.203703703704,1,0.796296296296,0.886597938144,0.875266790198,0.796296296296,0.796296296296,0,44,0,0,0,0
3429,WLNM_dir_neg,1,0.909090909091,00:00:03,10,80,31,1237887355,threshold_sweep,0.9,0,0,0,0,0,44,88,0,1,0,1,0,0,0,0.666666666667,0.666666666667,0,0,0,216,172,44,0,216,0,172,0,44,37,216,0.162162162162,1.32432432432,11.6756756757,21.6,6,8.1990990496,0.702237650082,0.31006006006,10.329336629,1.76937710775,0.765265265265,3.0868314707,0.528762798222,0.252752752753,0.579945114934,0.437917739848,2,1.32432432432,0.579945114934,2,0.0121701261701,0.00597269624573,7,0.000900900900901,0.621196581197,37,37,37,1,0,0.72972972973,0.243243243243,0.027027027027,37,0.129129129129,1.32432432432,9.2972972973,17.2,4.91428571429,6.74481226518,0.725459458755,0.3538654934,8.33405402289,1.79279069097,0.778126964173,2.79101948932,0.600393727355,0.331238214959,0.579945114934,0.437917739848,2,1.33333333333,0.585540043769,2,0.00912505713748,0.0040071237756,3,0.0003861003861,0.430632933894,37,36,36,0.972972972973,0,0.702702702703,0.243243243243,0.027027027027,37,172,0.129129129129,1.32432432432,9.2972972973,17.2,4.91428571429,6.74481226518,0.725459458755,0.3538654934,8.33405402289,1.79279069097,0.778126964173,2.79101948932,0.600393727355,0.331238214959,0.579945114934,0.437917739848,2,1.33333333333,0.585540043769,2,0.00912505713748,0.0040071237756,3,0.0003861003861,0.430632933894,37,36,36,0.972972972973,0,0.702702702703,0.243243243243,0.027027027027,-44,-0.033033033033,0,-2.37837837838,-4.4,-1.08571428571,-1.45428678443,0.0232218086727,0.0438054333403,-1.99528260611,0.0234135832253,0.0128616989082,-0.295811981379,0.0716309291323,0.0784854622064,0,0,0,0.00900900900901,0.00559492883467,0,-0.00304506903265,-0.00196557247013,-4,-0.000514800514801,-0.190563647303,-0.027027027027,0,0,172,0,44,1116,0.796296296296,1,0,0.203703703704,1,0.796296296296,0.886597938144,0.875266790198,0.796296296296,0.796296296296,0,44,0,0,0,0
3430,WLNM_dir_neg,0.973269628099,0.755488394584,00:00:03,10,80,32,1237887356,threshold_sweep,0.1,1,0.0227272727273,0.0444444444444,1,0,43,88,0.0227272727273,1,0,0.977272727273,1,0.0227272727273,0.0444444444444,0.674242424242,0.664141414141,0.0300751879699,0.123560412643,0.0227272727273,216,172,44,0,216,0,172,0,44,37,216,0.162162162162,1.32432432432,11.6756756757,21.6,6,8.1990990496,0.702237650082,0.31006006006,10.329336629,1.76937710775,0.765265265265,3.0868314707,0.528762798222,0.252752752753,0.579945114934,0.437917739848,2,1.32432432432,0.579945114934,2,0.0121701261701,0.00597269624573,7,0.000900900900901,0.621196581197,37,37,37,1,0,0.72972972973,0.243243243243,0.027027027027,37,0.129129129129,1.32432432432,9.2972972973,17.2,4.77777777778,6.65359078019,0.715647845544,0.346165933375,8.27384169878,1.77983803985,0.7743557511,2.60572250821,0.560533330254,0.308296668762,0.579945114934,0.437917739848,2,1.32432432432,0.579945114934,2,0.0113207561027,0.00539568345324,4,0.000514800514801,0.407843800322,37,37,37,1,0,0.72972972973,0.243243243243,0.027027027027,37,173,0.12987987988,1.32432432432,9.35135135135,17.3,4.80555555556,6.70909919527,0.717447023772,0.348383065146,8.29006786614,1.77302029507,0.773004218091,2.57179200444,0.550036440256,0.303077644118,0.579945114934,0.437917739848,2,1.32432432432,0.579945114934,2,0.0133384485552,0.00665188470067,5,0.000643500643501,0.410066022544,37,37,37,1,0,0.72972972973,0.243243243243,0.027027027027,-43,-0.0322822822823,0,-2.32432432432,-4.3,-1.19444444444,-1.48999985433,0.0152093736901,0.038323005086,-2.03926876286,0.00364318732532,0.00773895282566,-0.515039466262,0.021273642034,0.0503248913654,0,0,0,0,0,0,0.00116832238506,0.000679188454931,-2,-0.0002574002574,-0.211130558652,0,0,0,173,0,43,1116,0.800925925926,1,0,0.199074074074,1,0.800925925926,0.889460154242,0.878186092989,0.800925925926,0.800925925926,1,44,0,0,0,0
3431,WLNM_dir_neg,0.973269628099,0.755488394584,00:00:03,10,80,32,1237887356,threshold_sweep,0.2,1,0.0227272727273,0.0444444444444,1,0,43,88,0.0227272727273,1,0,0.977272727273,1,0.0227272727273,0.0444444444444,0.674242424242,0.664141414141,0.0300751879699,0.123560412643,0.0227272727273,216,172,44,0,216,0,172,0,44,37,216,0.162162162162,1.32432432432,11.6756756757,21.6,6,8.1990990496,0.702237650082,0.31006006006,10.329336629,1.76937710775,0.765265265265,3.0868314707,0.528762798222,0.252752752753,0.579945114934,0.437917739848,2,1.32432432432,0.579945114934,2,0.0121701261701,0.00597269624573,7,0.000900900900901,0.621196581197,37,37,37,1,0,0.72972972973,0.243243243243,0.027027027027,37,0.129129129129,1.32432432432,9.2972972973,17.2,4.77777777778,6.65359078019,0.715647845544,0.346165933375,8.27384169878,1.77983803985,0.7743557511,2.60572250821,0.560533330254,0.308296668762,0.579945114934,0.437917739848,2,1.32432432432,0.579945114934,2,0.0113207561027,0.00539568345324,4,0.000514800514801,0.407843800322,37,37,37,1,0,0.72972972973,0.243243243243,0.027027027027,37,173,0.12987987988,1.32432432432,9.35135135135,17.3,4.80555555556,6.70909919527,0.717447023772,0.348383065146,8.29006786614,1.77302029507,0.773004218091,2.57179200444,0.550036440256,0.303077644118,0.579945114934,0.437917739848,2,1.32432432432,0.579945114934,2,0.0133384485552,0.00665188470067,5,0.000643500643501,0.410066022544,37,37,37,1,0,0.72972972973,0.243243243243,0.027027027027,-43,-0.0322822822823,0,-2.32432432432,-4.3,-1.19444444444,-1.48999985433,0.0152093736901,0.038323005086,-2.03926876286,0.00364318732532,0.00773895282566,-0.515039466262,0.021273642034,0.0503248913654,0,0,0,0,0,0,0.00116832238506,0.000679188454931,-2,-0.0002574002574,-0.211130558652,0,0,0,173,0,43,1116,0.800925925926,1,0,0.199074074074,1,0.800925925926,0.889460154242,0.878186092989,0.800925925926,0.800925925926,1,44,0,0,0,0
3432,WLNM_dir_neg,0.973269628099,0.755488394584,00:00:03,10,80,32,1237887356,threshold_sweep,0.3,1,0.0227272727273,0.0444444444444,1,0,43,88,0.0227272727273,1,0,0.977272727273,1,0.0227272727273,0.0444444444444,0.674242424242,0.664141414141,0.0300751879699,0.123560412643,0.0227272727273,216,172,44,0,216,0,172,0,44,37,216,0.162162162162,1.32432432432,11.6756756757,21.6,6,8.1990990496,0.702237650082,0.31006006006,10.329336629,1.76937710775,0.765265265265,3.0868314707,0.528762798222,0.252752752753,0.579945114934,0.437917739848,2,1.32432432432,0.579945114934,2,0.0121701261701,0.00597269624573,7,0.000900900900901,0.621196581197,37,37,37,1,0,0.72972972973,0.243243243243,0.027027027027,37,0.129129129129,1.32432432432,9.2972972973,17.2,4.77777777778,6.65359078019,0.715647845544,0.346165933375,8.27384169878,1.77983803985,0.7743557511,2.60572250821,0.560533330254,0.308296668762,0.579945114934,0.437917739848,2,1.32432432432,0.579945114934,2,0.0113207561027,0.00539568345324,4,0.000514800514801,0.407843800322,37,37,37,1,0,0.72972972973,0.243243243243,0.027027027027,37,173,0.12987987988,1.32432432432,9.35135135135,17.3,4.80555555556,6.70909919527,0.717447023772,0.348383065146,8.29006786614,1.77302029507,0.773004218091,2.57179200444,0.550036440256,0.303077644118,0.579945114934,0.437917739848,2,1.32432432432,0.579945114934,2,0.0133384485552,0.00665188470067,5,0.000643500643501,0.410066022544,37,37,37,1,0,0.72972972973,0.243243243243,0.027027027027,-43,-0.0322822822823,0,-2.32432432432,-4.3,-1.19444444444,-1.48999985433,0.0152093736901,0.038323005086,-2.03926876286,0.00364318732532,0.00773895282566,-0.515039466262,0.021273642034,0.0503248913654,0,0,0,0,0,0,0.00116832238506,0.000679188454931,-2,-0.0002574002574,-0.211130558652,0,0,0,173,0,43,1116,0.800925925926,1,0,0.199074074074,1,0.800925925926,0.889460154242,0.878186092989,0.800925925926,0.800925925926,1,44,0,0,0,0
3433,WLNM_dir_neg,0.973269628099,0.755488394584,00:00:03,10,80,32,1237887356,threshold_sweep,0.4,1,0.0227272727273,0.0444444444444,1,0,43,88,0.0227272727273,1,0,0.977272727273,1,0.0227272727273,0.0444444444444,0.674242424242,0.664141414141,0.0300751879699,0.123560412643,0.0227272727273,216,172,44,0,216,0,172,0,44,37,216,0.162162162162,1.32432432432,11.6756756757,21.6,6,8.1990990496,0.702237650082,0.31006006006,10.329336629,1.76937710775,0.765265265265,3.0868314707,0.528762798222,0.252752752753,0.579945114934,0.437917739848,2,1.32432432432,0.579945114934,2,0.0121701261701,0.00597269624573,7,0.000900900900901,0.621196581197,37,37,37,1,0,0.72972972973,0.243243243243,0.027027027027,37,0.129129129129,1.32432432432,9.2972972973,17.2,4.77777777778,6.65359078019,0.715647845544,0.346165933375,8.27384169878,1.77983803985,0.7743557511,2.60572250821,0.560533330254,0.308296668762,0.579945114934,0.437917739848,2,1.32432432432,0.579945114934,2,0.0113207561027,0.00539568345324,4,0.000514800514801,0.407843800322,37,37,37,1,0,0.72972972973,0.243243243243,0.027027027027,37,173,0.12987987988,1.32432432432,9.35135135135,17.3,4.80555555556,6.70909919527,0.717447023772,0.348383065146,8.29006786614,1.77302029507,0.773004218091,2.57179200444,0.550036440256,0.303077644118,0.579945114934,0.437917739848,2,1.32432432432,0.579945114934,2,0.0133384485552,0.00665188470067,5,0.000643500643501,0.410066022544,37,37,37,1,0,0.72972972973,0.243243243243,0.027027027027,-43,-0.0322822822823,0,-2.32432432432,-4.3,-1.19444444444,-1.48999985433,0.0152093736901,0.038323005086,-2.03926876286,0.00364318732532,0.00773895282566,-0.515039466262,0.021273642034,0.0503248913654,0,0,0,0,0,0,0.00116832238506,0.000679188454931,-2,-0.0002574002574,-0.211130558652,0,0,0,173,0,43,1116,0.800925925926,1,0,0.199074074074,1,0.800925925926,0.889460154242,0.878186092989,0.800925925926,0.800925925926,1,44,0,0,0,0
3434,WLNM_dir_neg,0.973269628099,0.755488394584,00:00:03,10,80,32,1237887356,threshold_sweep,0.5,1,0.0227272727273,0.0444444444444,1,0,43,88,0.0227272727273,1,0,0.977272727273,1,0.0227272727273,0.0444444444444,0.674242424242,0.664141414141,0.0300751879699,0.123560412643,0.0227272727273,216,172,44,0,216,0,172,0,44,37,216,0.162162162162,1.32432432432,11.6756756757,21.6,6,8.1990990496,0.702237650082,0.31006006006,10.329336629,1.76937710775,0.765265265265,3.0868314707,0.528762798222,0.252752752753,0.579945114934,0.437917739848,2,1.32432432432,0.579945114934,2,0.0121701261701,0.00597269624573,7,0.000900900900901,0.621196581197,37,37,37,1,0,0.72972972973,0.243243243243,0.027027027027,37,0.129129129129,1.32432432432,9.2972972973,17.2,4.77777777778,6.65359078019,0.715647845544,0.346165933375,8.27384169878,1.77983803985,0.7743557511,2.60572250821,0.560533330254,0.308296668762,0.579945114934,0.437917739848,2,1.32432432432,0.579945114934,2,0.0113207561027,0.00539568345324,4,0.000514800514801,0.407843800322,37,37,37,1,0,0.72972972973,0.243243243243,0.027027027027,37,173,0.12987987988,1.32432432432,9.35135135135,17.3,4.80555555556,6.70909919527,0.717447023772,0.348383065146,8.29006786614,1.77302029507,0.773004218091,2.57179200444,0.550036440256,0.303077644118,0.579945114934,0.437917739848,2,1.32432432432,0.579945114934,2,0.0133384485552,0.00665188470067,5,0.000643500643501,0.410066022544,37,37,37,1,0,0.72972972973,0.243243243243,0.027027027027,-43,-0.0322822822823,0,-2.32432432432,-4.3,-1.19444444444,-1.48999985433,0.0152093736901,0.038323005086,-2.03926876286,0.00364318732532,0.00773895282566,-0.515039466262,0.021273642034,0.0503248913654,0,0,0,0,0,0,0.00116832238506,0.000679188454931,-2,-0.0002574002574,-0.211130558652,0,0,0,173,0,43,1116,0.800925925926,1,0,0.199074074074,1,0.800925925926,0.889460154242,0.878186092989,0.800925925926,0.800925925926,1,44,0,0,0,0
3435,WLNM_dir_neg,0.973269628099,0.755488394584,00:00:03,10,80,32,1237887356,threshold_sweep,0.6,1,0.0227272727273,0.0444444444444,1,0,43,88,0.0227272727273,1,0,0.977272727273,1,0.0227272727273,0.0444444444444,0.674242424242,0.664141414141,0.0300751879699,0.123560412643,0.0227272727273,216,172,44,0,216,0,172,0,44,37,216,0.162162162162,1.32432432432,11.6756756757,21.6,6,8.1990990496,0.702237650082,0.31006006006,10.329336629,1.76937710775,0.765265265265,3.0868314707,0.528762798222,0.252752752753,0.579945114934,0.437917739848,2,1.32432432432,0.579945114934,2,0.0121701261701,0.00597269624573,7,0.000900900900901,0.621196581197,37,37,37,1,0,0.72972972973,0.243243243243,0.027027027027,37,0.129129129129,1.32432432432,9.2972972973,17.2,4.77777777778,6.65359078019,0.715647845544,0.346165933375,8.27384169878,1.77983803985,0.7743557511,2.60572250821,0.560533330254,0.308296668762,0.579945114934,0.437917739848,2,1.32432432432,0.579945114934,2,0.0113207561027,0.00539568345324,4,0.000514800514801,0.407843800322,37,37,37,1,0,0.72972972973,0.243243243243,0.027027027027,37,173,0.12987987988,1.32432432432,9.35135135135,17.3,4.80555555556,6.70909919527,0.717447023772,0.348383065146,8.29006786614,1.77302029507,0.773004218091,2.57179200444,0.550036440256,0.303077644118,0.579945114934,0.437917739848,2,1.32432432432,0.579945114934,2,0.0133384485552,0.00665188470067,5,0.000643500643501,0.410066022544,37,37,37,1,0,0.72972972973,0.243243243243,0.027027027027,-43,-0.0322822822823,0,-2.32432432432,-4.3,-1.19444444444,-1.48999985433,0.0152093736901,0.038323005086,-2.03926876286,0.00364318732532,0.00773895282566,-0.515039466262,0.021273642034,0.0503248913654,0,0,0,0,0,0,0.00116832238506,0.000679188454931,-2,-0.0002574002574,-0.211130558652,0,0,0,173,0,43,1116,0.800925925926,1,0,0.199074074074,1,0.800925925926,0.889460154242,0.878186092989,0.800925925926,0.800925925926,1,44,0,0,0,0
3436,WLNM_dir_neg,0.973269628099,0.755488394584,00:00:03,10,80,32,1237887356,threshold_sweep,0.7,1,0.0227272727273,0.0444444444444,1,0,43,88,0.0227272727273,1,0,0.977272727273,1,0.0227272727273,0.0444444444444,0.674242424242,0.664141414141,0.0300751879699,0.123560412643,0.0227272727273,216,172,44,0,216,0,172,0,44,37,216,0.162162162162,1.32432432432,11.6756756757,21.6,6,8.1990990496,0.702237650082,0.31006006006,10.329336629,1.76937710775,0.765265265265,3.0868314707,0.528762798222,0.252752752753,0.579945114934,0.437917739848,2,1.32432432432,0.579945114934,2,0.0121701261701,0.00597269624573,7,0.000900900900901,0.621196581197,37,37,37,1,0,0.72972972973,0.243243243243,0.027027027027,37,0.129129129129,1.32432432432,9.2972972973,17.2,4.77777777778,6.65359078019,0.715647845544,0.346165933375,8.27384169878,1.77983803985,0.7743557511,2.60572250821,0.560533330254,0.308296668762,0.579945114934,0.437917739848,2,1.32432432432,0.579945114934,2,0.0113207561027,0.00539568345324,4,0.000514800514801,0.407843800322,37,37,37,1,0,0.72972972973,0.243243243243,0.027027027027,37,173,0.12987987988,1.32432432432,9.35135135135,17.3,4.80555555556,6.70909919527,0.717447023772,0.348383065146,8.29006786614,1.77302029507,0.773004218091,2.57179200444,0.550036440256,0.303077644118,0.579945114934,0.437917739848,2,1.32432432432,0.579945114934,2,0.0133384485552,0.00665188470067,5,0.000643500643501,0.410066022544,37,37,37,1,0,0.72972972973,0.243243243243,0.027027027027,-43,-0.0322822822823,0,-2.32432432432,-4.3,-1.19444444444,-1.48999985433,0.0152093736901,0.038323005086,-2.03926876286,0.00364318732532,0.00773895282566,-0.515039466262,0.021273642034,0.0503248913654,0,0,0,0,0,0,0.00116832238506,0.000679188454931,-2,-0.0002574002574,-0.211130558652,0,0,0,173,0,43,1116,0.800925925926,1,0,0.199074074074,1,0.800925925926,0.889460154242,0.878186092989,0.800925925926,0.800925925926,1,44,0,0,0,0
3437,WLNM_dir_neg,0.973269628099,0.755488394584,00:00:03,10,80,32,1237887356,threshold_sweep,0.8,1,0.0227272727273,0.0444444444444,1,0,43,88,0.0227272727273,1,0,0.977272727273,1,0.0227272727273,0.0444444444444,0.674242424242,0.664141414141,0.0300751879699,0.123560412643,0.0227272727273,216,172,44,0,216,0,172,0,44,37,216,0.162162162162,1.32432432432,11.6756756757,21.6,6,8.1990990496,0.702237650082,0.31006006006,10.329336629,1.76937710775,0.765265265265,3.0868314707,0.528762798222,0.252752752753,0.579945114934,0.437917739848,2,1.32432432432,0.579945114934,2,0.0121701261701,0.00597269624573,7,0.000900900900901,0.621196581197,37,37,37,1,0,0.72972972973,0.243243243243,0.027027027027,37,0.129129129129,1.32432432432,9.2972972973,17.2,4.77777777778,6.65359078019,0.715647845544,0.346165933375,8.27384169878,1.77983803985,0.7743557511,2.60572250821,0.560533330254,0.308296668762,0.579945114934,0.437917739848,2,1.32432432432,0.579945114934,2,0.0113207561027,0.00539568345324,4,0.000514800514801,0.407843800322,37,37,37,1,0,0.72972972973,0.243243243243,0.027027027027,37,173,0.12987987988,1.32432432432,9.35135135135,17.3,4.80555555556,6.70909919527,0.717447023772,0.348383065146,8.29006786614,1.77302029507,0.773004218091,2.57179200444,0.550036440256,0.303077644118,0.579945114934,0.437917739848,2,1.32432432432,0.579945114934,2,0.0133384485552,0.00665188470067,5,0.000643500643501,0.410066022544,37,37,37,1,0,0.72972972973,0.243243243243,0.027027027027,-43,-0.0322822822823,0,-2.32432432432,-4.3,-1.19444444444,-1.48999985433,0.0152093736901,0.038323005086,-2.03926876286,0.00364318732532,0.00773895282566,-0.515039466262,0.021273642034,0.0503248913654,0,0,0,0,0,0,0.00116832238506,0.000679188454931,-2,-0.0002574002574,-0.211130558652,0,0,0,173,0,43,1116,0.800925925926,1,0,0.199074074074,1,0.800925925926,0.889460154242,0.878186092989,0.800925925926,0.800925925926,1,44,0,0,0,0
3438,WLNM_dir_neg,0.973269628099,0.755488394584,00:00:03,10,80,32,1237887356,threshold_sweep,0.9,1,0.0227272727273,0.0444444444444,1,0,43,88,0.0227272727273,1,0,0.977272727273,1,0.0227272727273,0.0444444444444,0.674242424242,0.664141414141,0.0300751879699,0.123560412643,0.0227272727273,216,172,44,0,216,0,172,0,44,37,216,0.162162162162,1.32432432432,11.6756756757,21.6,6,8.1990990496,0.702237650082,0.31006006006,10.329336629,1.76937710775,0.765265265265,3.0868314707,0.528762798222,0.252752752753,0.579945114934,0.437917739848,2,1.32432432432,0.579945114934,2,0.0121701261701,0.00597269624573,7,0.000900900900901,0.621196581197,37,37,37,1,0,0.72972972973,0.243243243243,0.027027027027,37,0.129129129129,1.32432432432,9.2972972973,17.2,4.77777777778,6.65359078019,0.715647845544,0.346165933375,8.27384169878,1.77983803985,0.7743557511,2.60572250821,0.560533330254,0.308296668762,0.579945114934,0.437917739848,2,1.32432432432,0.579945114934,2,0.0113207561027,0.00539568345324,4,0.000514800514801,0.407843800322,37,37,37,1,0,0.72972972973,0.243243243243,0.027027027027,37,173,0.12987987988,1.32432432432,9.35135135135,17.3,4.80555555556,6.70909919527,0.717447023772,0.348383065146,8.29006786614,1.77302029507,0.773004218091,2.57179200444,0.550036440256,0.303077644118,0.579945114934,0.437917739848,2,1.32432432432,0.579945114934,2,0.0133384485552,0.00665188470067,5,0.000643500643501,0.410066022544,37,37,37,1,0,0.72972972973,0.243243243243,0.027027027027,-43,-0.0322822822823,0,-2.32432432432,-4.3,-1.19444444444,-1.48999985433,0.0152093736901,0.038323005086,-2.03926876286,0.00364318732532,0.00773895282566,-0.515039466262,0.021273642034,0.0503248913654,0,0,0,0,0,0,0.00116832238506,0.000679188454931,-2,-0.0002574002574,-0.211130558652,0,0,0,173,0,43,1116,0.800925925926,1,0,0.199074074074,1,0.800925925926,0.889460154242,0.878186092989,0.800925925926,0.800925925926,1,44,0,0,0,0
3439,WLNM_dir_neg,0.99444731405,0.966414141414,00:00:03,10,80,33,1237887357,threshold_sweep,0.1,1,0.0227272727273,0.0444444444444,1,0,43,88,0.0227272727273,1,0,0.977272727273,1,0.0227272727273,0.0444444444444,0.674242424242,0.664141414141,0.0300751879699,0.123560412643,0.0227272727273,216,172,44,0,216,0,172,0,44,37,216,0.162162162162,1.32432432432,11.6756756757,21.6,6,8.1990990496,0.702237650082,0.31006006006,10.329336629,1.76937710775,0.765265265265,3.0868314707,0.528762798222,0.252752752753,0.579945114934,0.437917739848,2,1.32432432432,0.579945114934,2,0.0121701261701,0.00597269624573,7,0.000900900900901,0.621196581197,37,37,37,1,0,0.72972972973,0.243243243243,0.027027027027,37,0.129129129129,1.32432432432,9.2972972973,17.2,4.91428571429,6.62430233167,0.712497634511,0.348680075424,8.15208295201,1.7536457513,0.767441860465,2.54095581553,0.546600960317,0.30358265242,0.579945114934,0.437917739848,2,1.32432432432,0.579945114934,2,0.0136418686468,0.00947225981055,7,0.000900900900901,0.411212923416,37,37,37,1,0,0.72972972973,0.216216216216,0.0540540540541,37,173,0.12987987988,1.32432432432,9.35135135135,17.3,4.80555555556,6.67589451441,0.7138962342,0.350413997813,8.16855098688,1.74703113592,0.766130292142,2.49504012497,0.533621298405,0.296516169349,0.579945114934,0.437917739848,2,1.32432432432,0.579945114934,2,0.0125307575357,0.00934579439252,7,0.000900900900901,0.409484528354,37,37,37,1,0,0.72972972973,0.243243243243,0.027027027027,-43,-0.0322822822823,0,-2.32432432432,-4.3,-1.19444444444,-1.52320453519,0.0116585841184,0.0403539377528,-2.16078564212,-0.0223459718234,0.000865026876588,-0.591791345731,0.00485850018219,0.0437634165958,0,0,0,0,0,0,0.000360631365535,0.00337309814679,0,0,-0.211712052842,0,0,0,173,0,43,1116,0.800925925926,1,0,0.199074074074,1,0.800925925926,0.889460154242,0.878186092989,0.800925925926,0.800925925926,1,44,0,0,0,0
3440,WLNM_dir_neg,0.99444731405,0.966414141414,00:00:03,10,80,33,1237887357,threshold_sweep,0.2,0,0,0,0,0,44,88,0,1,0,1,0,0,0,0.666666666667,0.666666666667,0,0,0,216,172,44,0,216,0,172,0,44,37,216,0.162162162162,1.32432432432,11.6756756757,21.6,6,8.1990990496,0.702237650082,0.31006006006,10.329336629,1.76937710775,0.765265265265,3.0868314707,0.528762798222,0.252752752753,0.579945114934,0.437917739848,2,1.32432432432,0.579945114934,2,0.0121701261701,0.00597269624573,7,0.000900900900901,0.621196581197,37,37,37,1,0,0.72972972973,0.243243243243,0.027027027027,37,0.129129129129,1.32432432432,9.2972972973,17.2,4.91428571429,6.62430233167,0.712497634511,0.348680075424,8.15208295201,1.7536457513,0.767441860465,2.54095581553,0.546600960317,0.30358265242,0.579945114934,0.437917739848,2,1.32432432432,0.579945114934,2,0.0136418686468,0.00947225981055,7,0.000900900900901,0.411212923416,37,37,37,1,0,0.72972972973,0.216216216216,0.0540540540541,37,172,0.129129129129,1.32432432432,9.2972972973,17.2,4.91428571429,6.62430233167,0.712497634511,0.348680075424,8.15208295201,1.7536457513,0.767441860465,2.54095581553,0.546600960317,0.30358265242,0.579945114934,0.437917739848,2,1.32432432432,0.579945114934,2,0.0136418686468,0.00947225981055,7,0.000900900900901,0.411212923416,37,37,37,1,0,0.72972972973,0.216216216216,0.0540540540541,-44,-0.033033033033,0,-2.37837837838,-4.4,-1.08571428571,-1.57479671793,0.0102599844293,0.0386200153642,-2.17725367699,-0.0157313564408,0.00217659519985,-0.545875655178,0.0178381620942,0.0508298996671,0,0,0,0,0,0,0.00147174247665,0.00349956356482,0,0,-0.209983657781,0,-0.027027027027,0.027027027027,172,0,44,1116,0.796296296296,1,0,0.203703703704,1,0.796296296296,0.886597938144,0.875266790198,0.796296296296,0.796296296296,0,44,0,0,0,0
3441,WLNM_dir_neg,0.99444731405,0.966414141414,00:00:03,10,80,33,1237887357,threshold_sweep,0.3,0,0,0,0,0,44,88,0,1,0,1,0,0,0,0.666666666667,0.666666666667,0,0,0,216,172,44,0,216,0,172,0,44,37,216,0.162162162162,1.32432432432,11.6756756757,21.6,6,8.1990990496,0.702237650082,0.31006006006,10.329336629,1.76937710775,0.765265265265,3.0868314707,0.528762798222,0.252752752753,0.579945114934,0.437917739848,2,1.32432432432,0.579945114934,2,0.0121701261701,0.00597269624573,7,0.000900900900901,0.621196581197,37,37,37,1,0,0.72972972973,0.243243243243,0.027027027027,37,0.129129129129,1.32432432432,9.2972972973,17.2,4.91428571429,6.62430233167,0.712497634511,0.348680075424,8.15208295201,1.7536457513,0.767441860465,2.54095581553,0.546600960317,0.30358265242,0.579945114934,0.437917739848,2,1.32432432432,0.579945114934,2,0.0136418686468,0.00947225981055,7,0.000900900900901,0.411212923416,37,37,37,1,0,0.72972972973,0.216216216216,0.0540540540541,37,172,0.129129129129,1.32432432432,9.2972972973,17.2,4.91428571429,6.62430233167,0.712497634511,0.348680075424,8.15208295201,1.7536457513,0.767441860465,2.54095581553,0.546600960317,0.30358265242,0.579945114934,0.437917739848,2,1.32432432432,0.579945114934,2,0.0136418686468,0.00947225981055,7,0.000900900900901,0.411212923416,37,37,37,1,0,0.72972972973,0.216216216216,0.0540540540541,-44,-0.033033033033,0,-2.37837837838,-4.4,-1.08571428571,-1.57479671793,0.0102599844293,0.0386200153642,-2.17725367699,-0.0157313564408,0.00217659519985,-0.545875655178,0.0178381620942,0.0508298996671,0,0,0,0,0,0,0.00147174247665,0.00349956356482,0,0,-0.209983657781,0,-0.027027027027,0.027027027027,172,0,44,1116,0.796296296296,1,0,0.203703703704,1,0.796296296296,0.886597938144,0.875266790198,0.796296296296,0.796296296296,0,44,0,0,0,0
3442,WLNM_dir_neg,0.99444731405,0.966414141414,00:00:03,10,80,33,1237887357,threshold_sweep,0.4,0,0,0,0,0,44,88,0,1,0,1,0,0,0,0.666666666667,0.666666666667,0,0,0,216,172,44,0,216,0,172,0,44,37,216,0.162162162162,1.32432432432,11.6756756757,21.6,6,8.1990990496,0.702237650082,0.31006006006,10.329336629,1.76937710775,0.765265265265,3.0868314707,0.528762798222,0.252752752753,0.579945114934,0.437917739848,2,1.32432432432,0.579945114934,2,0.0121701261701,0.00597269624573,7,0.000900900900901,0.621196581197,37,37,37,1,0,0.72972972973,0.243243243243,0.027027027027,37,0.129129129129,1.32432432432,9.2972972973,17.2,4.91428571429,6.62430233167,0.712497634511,0.348680075424,8.15208295201,1.7536457513,0.767441860465,2.54095581553,0.546600960317,0.30358265242,0.579945114934,0.437917739848,2,1.32432432432,0.579945114934,2,0.0136418686468,0.00947225981055,7,0.000900900900901,0.411212923416,37,37,37,1,0,0.72972972973,0.216216216216,0.0540540540541,37,172,0.129129129129,1.32432432432,9.2972972973,17.2,4.91428571429,6.62430233167,0.712497634511,0.348680075424,8.15208295201,1.7536457513,0.767441860465,2.54095581553,0.546600960317,0.30358265242,0.579945114934,0.437917739848,2,1.32432432432,0.579945114934,2,0.0136418686468,0.00947225981055,7,0.000900900900901,0.411212923416,37,37,37,1,0,0.72972972973,0.216216216216,0.0540540540541,-44,-0.033033033033,0,-2.37837837838,-4.4,-1.08571428571,-1.57479671793,0.0102599844293,0.0386200153642,-2.17725367699,-0.0157313564408,0.00217659519985,-0.545875655178,0.0178381620942,0.0508298996671,0,0,0,0,0,0,0.00147174247665,0.00349956356482,0,0,-0.209983657781,0,-0.027027027027,0.027027027027,172,0,44,1116,0.796296296296,1,0,0.203703703704,1,0.796296296296,0.886597938144,0.875266790198,0.796296296296,0.796296296296,0,44,0,0,0,0
3443,WLNM_dir_neg,0.99444731405,0.966414141414,00:00:03,10,80,33,1237887357,threshold_sweep,0.5,0,0,0,0,0,44,88,0,1,0,1,0,0,0,0.666666666667,0.666666666667,0,0,0,216,172,44,0,216,0,172,0,44,37,216,0.162162162162,1.32432432432,11.6756756757,21.6,6,8.1990990496,0.702237650082,0.31006006006,10.329336629,1.76937710775,0.765265265265,3.0868314707,0.528762798222,0.252752752753,0.579945114934,0.437917739848,2,1.32432432432,0.579945114934,2,0.0121701261701,0.00597269624573,7,0.000900900900901,0.621196581197,37,37,37,1,0,0.72972972973,0.243243243243,0.027027027027,37,0.129129129129,1.32432432432,9.2972972973,17.2,4.91428571429,6.62430233167,0.712497634511,0.348680075424,8.15208295201,1.7536457513,0.767441860465,2.54095581553,0.546600960317,0.30358265242,0.579945114934,0.437917739848,2,1.32432432432,0.579945114934,2,0.0136418686468,0.00947225981055,7,0.000900900900901,0.411212923416,37,37,37,1,0,0.72972972973,0.216216216216,0.0540540540541,37,172,0.129129129129,1.32432432432,9.2972972973,17.2,4.91428571429,6.62430233167,0.712497634511,0.348680075424,8.15208295201,1.7536457513,0.767441860465,2.54095581553,0.546600960317,0.30358265242,0.579945114934,0.437917739848,2,1.32432432432,0.579945114934,2,0.0136418686468,0.00947225981055,7,0.000900900900901,0.411212923416,37,37,37,1,0,0.72972972973,0.216216216216,0.0540540540541,-44,-0.033033033033,0,-2.37837837838,-4.4,-1.08571428571,-1.57479671793,0.0102599844293,0.0386200153642,-2.17725367699,-0.0157313564408,0.00217659519985,-0.545875655178,0.0178381620942,0.0508298996671,0,0,0,0,0,0,0.00147174247665,0.00349956356482,0,0,-0.209983657781,0,-0.027027027027,0.027027027027,172,0,44,1116,0.796296296296,1,0,0.203703703704,1,0.796296296296,0.886597938144,0.875266790198,0.796296296296,0.796296296296,0,44,0,0,0,0
3444,WLNM_dir_neg,0.99444731405,0.966414141414,00:00:03,10,80,33,1237887357,threshold_sweep,0.6,0,0,0,0,0,44,88,0,1,0,1,0,0,0,0.666666666667,0.666666666667,0,0,0,216,172,44,0,216,0,172,0,44,37,216,0.162162162162,1.32432432432,11.6756756757,21.6,6,8.1990990496,0.702237650082,0.31006006006,10.329336629,1.76937710775,0.765265265265,3.0868314707,0.528762798222,0.252752752753,0.579945114934,0.437917739848,2,1.32432432432,0.579945114934,2,0.0121701261701,0.00597269624573,7,0.000900900900901,0.621196581197,37,37,37,1,0,0.72972972973,0.243243243243,0.027027027027,37,0.129129129129,1.32432432432,9.2972972973,17.2,4.91428571429,6.62430233167,0.712497634511,0.348680075424,8.15208295201,1.7536457513,0.767441860465,2.54095581553,0.546600960317,0.30358265242,0.579945114934,0.437917739848,2,1.32432432432,0.579945114934,2,0.0136418686468,0.00947225981055,7,0.000900900900901,0.411212923416,37,37,37,1,0,0.72972972973,0.216216216216,0.0540540540541,37,172,0.129129129129,1.32432432432,9.2972972973,17.2,4.91428571429,6.62430233167,0.712497634511,0.348680075424,8.15208295201,1.7536457513,0.767441860465,2.54095581553,0.546600960317,0.30358265242,0.579945114934,0.437917739848,2,1.32432432432,0.579945114934,2,0.0136418686468,0.00947225981055,7,0.000900900900901,0.411212923416,37,37,37,1,0,0.72972972973,0.216216216216,0.0540540540541,-44,-0.033033033033,0,-2.37837837838,-4.4,-1.08571428571,-1.57479671793,0.0102599844293,0.0386200153642,-2.17725367699,-0.0157313564408,0.00217659519985,-0.545875655178,0.0178381620942,0.0508298996671,0,0,0,0,0,0,0.00147174247665,0.00349956356482,0,0,-0.209983657781,0,-0.027027027027,0.027027027027,172,0,44,1116,0.796296296296,1,0,0.203703703704,1,0.796296296296,0.886597938144,0.875266790198,0.796296296296,0.796296296296,0,44,0,0,0,0
3445,WLNM_dir_neg,0.99444731405,0.966414141414,00:00:03,10,80,33,1237887357,threshold_sweep,0.7,0,0,0,0,0,44,88,0,1,0,1,0,0,0,0.666666666667,0.666666666667,0,0,0,216,172,44,0,216,0,172,0,44,37,216,0.162162162162,1.32432432432,11.6756756757,21.6,6,8.1990990496,0.702237650082,0.31006006006,10.329336629,1.76937710775,0.765265265265,3.0868314707,0.528762798222,0.252752752753,0.579945114934,0.437917739848,2,1.32432432432,0.579945114934,2,0.0121701261701,0.00597269624573,7,0.000900900900901,0.621196581197,37,37,37,1,0,0.72972972973,0.243243243243,0.027027027027,37,0.129129129129,1.32432432432,9.2972972973,17.2,4.91428571429,6.62430233167,0.712497634511,0.348680075424,8.15208295201,1.7536457513,0.767441860465,2.54095581553,0.546600960317,0.30358265242,0.579945114934,0.437917739848,2,1.32432432432,0.579945114934,2,0.0136418686468,0.00947225981055,7,0.000900900900901,0.411212923416,37,37,37,1,0,0.72972972973,0.216216216216,0.0540540540541,37,172,0.129129129129,1.32432432432,9.2972972973,17.2,4.91428571429,6.62430233167,0.712497634511,0.348680075424,8.15208295201,1.7536457513,0.767441860465,2.54095581553,0.546600960317,0.30358265242,0.579945114934,0.437917739848,2,1.32432432432,0.579945114934,2,0.0136418686468,0.00947225981055,7,0.000900900900901,0.411212923416,37,37,37,1,0,0.72972972973,0.216216216216,0.0540540540541,-44,-0.033033033033,0,-2.37837837838,-4.4,-1.08571428571,-1.57479671793,0.0102599844293,0.0386200153642,-2.17725367699,-0.0157313564408,0.00217659519985,-0.545875655178,0.0178381620942,0.0508298996671,0,0,0,0,0,0,0.00147174247665,0.00349956356482,0,0,-0.209983657781,0,-0.027027027027,0.027027027027,172,0,44,1116,0.796296296296,1,0,0.203703703704,1,0.796296296296,0.886597938144,0.875266790198,0.796296296296,0.796296296296,0,44,0,0,0,0
3446,WLNM_dir_neg,0.99444731405,0.966414141414,00:00:03,10,80,33,1237887357,threshold_sweep,0.8,0,0,0,0,0,44,88,0,1,0,1,0,0,0,0.666666666667,0.666666666667,0,0,0,216,172,44,0,216,0,172,0,44,37,216,0.162162162162,1.32432432432,11.6756756757,21.6,6,8.1990990496,0.702237650082,0.31006006006,10.329336629,1.76937710775,0.765265265265,3.0868314707,0.528762798222,0.252752752753,0.579945114934,0.437917739848,2,1.32432432432,0.579945114934,2,0.0121701261701,0.00597269624573,7,0.000900900900901,0.621196581197,37,37,37,1,0,0.72972972973,0.243243243243,0.027027027027,37,0.129129129129,1.32432432432,9.2972972973,17.2,4.91428571429,6.62430233167,0.712497634511,0.348680075424,8.15208295201,1.7536457513,0.767441860465,2.54095581553,0.546600960317,0.30358265242,0.579945114934,0.437917739848,2,1.32432432432,0.579945114934,2,0.0136418686468,0.00947225981055,7,0.000900900900901,0.411212923416,37,37,37,1,0,0.72972972973,0.216216216216,0.0540540540541,37,172,0.129129129129,1.32432432432,9.2972972973,17.2,4.91428571429,6.62430233167,0.712497634511,0.348680075424,8.15208295201,1.7536457513,0.767441860465,2.54095581553,0.546600960317,0.30358265242,0.579945114934,0.437917739848,2,1.32432432432,0.579945114934,2,0.0136418686468,0.00947225981055,7,0.000900900900901,0.411212923416,37,37,37,1,0,0.72972972973,0.216216216216,0.0540540540541,-44,-0.033033033033,0,-2.37837837838,-4.4,-1.08571428571,-1.57479671793,0.0102599844293,0.0386200153642,-2.17725367699,-0.0157313564408,0.00217659519985,-0.545875655178,0.0178381620942,0.0508298996671,0,0,0,0,0,0,0.00147174247665,0.00349956356482,0,0,-0.209983657781,0,-0.027027027027,0.027027027027,172,0,44,1116,0.796296296296,1,0,0.203703703704,1,0.796296296296,0.886597938144,0.875266790198,0.796296296296,0.796296296296,0,44,0,0,0,0
3447,WLNM_dir_neg,0.99444731405,0.966414141414,00:00:03,10,80,33,1237887357,threshold_sweep,0.9,0,0,0,0,0,44,88,0,1,0,1,0,0,0,0.666666666667,0.666666666667,0,0,0,216,172,44,0,216,0,172,0,44,37,216,0.162162162162,1.32432432432,11.6756756757,21.6,6,8.1990990496,0.702237650082,0.31006006006,10.329336629,1.76937710775,0.765265265265,3.0868314707,0.528762798222,0.252752752753,0.579945114934,0.437917739848,2,1.32432432432,0.579945114934,2,0.0121701261701,0.00597269624573,7,0.000900900900901,0.621196581197,37,37,37,1,0,0.72972972973,0.243243243243,0.027027027027,37,0.129129129129,1.32432432432,9.2972972973,17.2,4.91428571429,6.62430233167,0.712497634511,0.348680075424,8.15208295201,1.7536457513,0.767441860465,2.54095581553,0.546600960317,0.30358265242,0.579945114934,0.437917739848,2,1.32432432432,0.579945114934,2,0.0136418686468,0.00947225981055,7,0.000900900900901,0.411212923416,37,37,37,1,0,0.72972972973,0.216216216216,0.0540540540541,37,172,0.129129129129,1.32432432432,9.2972972973,17.2,4.91428571429,6.62430233167,0.712497634511,0.348680075424,8.15208295201,1.7536457513,0.767441860465,2.54095581553,0.546600960317,0.30358265242,0.579945114934,0.437917739848,2,1.32432432432,0.579945114934,2,0.0136418686468,0.00947225981055,7,0.000900900900901,0.411212923416,37,37,37,1,0,0.72972972973,0.216216216216,0.0540540540541,-44,-0.033033033033,0,-2.37837837838,-4.4,-1.08571428571,-1.57479671793,0.0102599844293,0.0386200153642,-2.17725367699,-0.0157313564408,0.00217659519985,-0.545875655178,0.0178381620942,0.0508298996671,0,0,0,0,0,0,0.00147174247665,0.00349956356482,0,0,-0.209983657781,0,-0.027027027027,0.027027027027,172,0,44,1116,0.796296296296,1,0,0.203703703704,1,0.796296296296,0.886597938144,0.875266790198,0.796296296296,0.796296296296,0,44,0,0,0,0
3448,WLNM_dir_neg,1,0.977272727273,00:00:03,10,80,34,1237887358,threshold_sweep,0.1,1,0.0454545454545,0.0869565217391,2,0,42,88,0.0454545454545,1,0,0.954545454545,1,0.0454545454545,0.0869565217391,0.681818181818,0.661616161616,0.0597014925373,0.175411603861,0.0454545454545,216,172,44,0,216,0,172,0,44,37,216,0.162162162162,1.32432432432,11.6756756757,21.6,6,8.1990990496,0.702237650082,0.31006006006,10.329336629,1.76937710775,0.765265265265,3.0868314707,0.528762798222,0.252752752753,0.579945114934,0.437917739848,2,1.32432432432,0.579945114934,2,0.0121701261701,0.00597269624573,7,0.000900900900901,0.621196581197,37,37,37,1,0,0.72972972973,0.243243243243,0.027027027027,37,0.129129129129,1.31981981982,9.2972972973,17.2,5.21212121212,6.69105897973,0.719677855378,0.346480201131,8.41366684566,1.80991670517,0.775927089881,2.85010931775,0.613104911376,0.332495285984,0.567072809762,0.429659262004,2,1.3287037037,0.57249954753,2,0,0,0,0,0.428118577075,37,36,36,0.972972972973,0,0.702702702703,0.189189189189,0.0810810810811,37,174,0.130630630631,1.32432432432,9.40540540541,17.4,4.97142857143,6.68937573677,0.711226730634,0.340012426219,8.4191081108,1.79027011552,0.772910841876,2.76751859238,0.588495332862,0.319043181112,0.579945114934,0.437917739848,2,1.33333333333,0.585540043769,2,0.00674953617811,0.0026455026455,2,0.0002574002574,0.427007465964,37,36,36,0.972972972973,0,0.702702702703,0.243243243243,0.027027027027,-42,-0.0315315315315,0,-2.27027027027,-4.2,-1.02857142857,-1.50972331283,0.00898908055221,0.0299523661593,-1.9102285182,0.0208930077702,0.00764557661109,-0.319312878326,0.0597325346396,0.0662904283594,0,0,0,0.00900900900901,0.00559492883467,0,-0.00542058999202,-0.00332719360023,-5,-0.000643500643501,-0.194189115233,-0.027027027027,0,0,174,0,42,1116,0.805555555556,1,0,0.194444444444,1,0.805555555556,0.892307692308,0.88110074037,0.805555555556,0.805555555556,2,44,0,0,0,0
3449,WLNM_dir_neg,1,0.977272727273,00:00:03,10,80,34,1237887358,threshold_sweep,0.2,1,0.0454545454545,0.0869565217391,2,0,42,88,0.0454545454545,1,0,0.954545454545,1,0.0454545454545,0.0869565217391,0.681818181818,0.661616161616,0.0597014925373,0.175411603861,0.0454545454545,216,172,44,0,216,0,172,0,44,37,216,0.162162162162,1.32432432432,11.6756756757,21.6,6,8.1990990496,0.702237650082,0.31006006006,10.329336629,1.76937710775,0.765265265265,3.0868314707,0.528762798222,0.252752752753,0.579945114934,0.437917739848,2,1.32432432432,0.579945114934,2,0.0121701261701,0.00597269624573,7,0.000900900900901,0.621196581197,37,37,37,1,0,0.72972972973,0.243243243243,0.027027027027,37,0.129129129129,1.31981981982,9.2972972973,17.2,5.21212121212,6.69105897973,0.719677855378,0.346480201131,8.41366684566,1.80991670517,0.775927089881,2.85010931775,0.613104911376,0.332495285984,0.567072809762,0.429659262004,2,1.3287037037,0.57249954753,2,0,0,0,0,0.428118577075,37,36,36,0.972972972973,0,0.702702702703,0.189189189189,0.0810810810811,37,174,0.130630630631,1.32432432432,9.40540540541,17.4,4.97142857143,6.68937573677,0.711226730634,0.340012426219,8.4191081108,1.79027011552,0.772910841876,2.76751859238,0.588495332862,0.319043181112,0.579945114934,0.437917739848,2,1.33333333333,0.585540043769,2,0.00674953617811,0.0026455026455,2,0.0002574002574,0.427007465964,37,36,36,0.972972972973,0,0.702702702703,0.243243243243,0.027027027027,-42,-0.0315315315315,0,-2.27027027027,-4.2,-1.02857142857,-1.50972331283,0.00898908055221,0.0299523661593,-1.9102285182,0.0208930077702,0.00764557661109,-0.319312878326,0.0597325346396,0.0662904283594,0,0,0,0.00900900900901,0.00559492883467,0,-0.00542058999202,-0.00332719360023,-5,-0.000643500643501,-0.194189115233,-0.027027027027,0,0,174,0,42,1116,0.805555555556,1,0,0.194444444444,1,0.805555555556,0.892307692308,0.88110074037,0.805555555556,0.805555555556,2,44,0,0,0,0
3450,WLNM_dir_neg,1,0.977272727273,00:00:03,10,80,34,1237887358,threshold_sweep,0.3,1,0.0454545454545,0.0869565217391,2,0,42,88,0.0454545454545,1,0,0.954545454545,1,0.0454545454545,0.0869565217391,0.681818181818,0.661616161616,0.0597014925373,0.175411603861,0.0454545454545,216,172,44,0,216,0,172,0,44,37,216,0.162162162162,1.32432432432,11.6756756757,21.6,6,8.1990990496,0.702237650082,0.31006006006,10.329336629,1.76937710775,0.765265265265,3.0868314707,0.528762798222,0.252752752753,0.579945114934,0.437917739848,2,1.32432432432,0.579945114934,2,0.0121701261701,0.00597269624573,7,0.000900900900901,0.621196581197,37,37,37,1,0,0.72972972973,0.243243243243,0.027027027027,37,0.129129129129,1.31981981982,9.2972972973,17.2,5.21212121212,6.69105897973,0.719677855378,0.346480201131,8.41366684566,1.80991670517,0.775927089881,2.85010931775,0.613104911376,0.332495285984,0.567072809762,0.429659262004,2,1.3287037037,0.57249954753,2,0,0,0,0,0.428118577075,37,36,36,0.972972972973,0,0.702702702703,0.189189189189,0.0810810810811,37,174,0.130630630631,1.32432432432,9.40540540541,17.4,4.97142857143,6.68937573677,0.711226730634,0.340012426219,8.4191081108,1.79027011552,0.772910841876,2.76751859238,0.588495332862,0.319043181112,0.579945114934,0.437917739848,2,1.33333333333,0.585540043769,2,0.00674953617811,0.0026455026455,2,0.0002574002574,0.427007465964,37,36,36,0.972972972973,0,0.702702702703,0.243243243243,0.027027027027,-42,-0.0315315315315,0,-2.27027027027,-4.2,-1.02857142857,-1.50972331283,0.00898908055221,0.0299523661593,-1.9102285182,0.0208930077702,0.00764557661109,-0.319312878326,0.0597325346396,0.0662904283594,0,0,0,0.00900900900901,0.00559492883467,0,-0.00542058999202,-0.00332719360023,-5,-0.000643500643501,-0.194189115233,-0.027027027027,0,0,174,0,42,1116,0.805555555556,1,0,0.194444444444,1,0.805555555556,0.892307692308,0.88110074037,0.805555555556,0.805555555556,2,44,0,0,0,0
3451,WLNM_dir_neg,1,0.977272727273,00:00:03,10,80,34,1237887358,threshold_sweep,0.4,1,0.0454545454545,0.0869565217391,2,0,42,88,0.0454545454545,1,0,0.954545454545,1,0.0454545454545,0.0869565217391,0.681818181818,0.661616161616,0.0597014925373,0.175411603861,0.0454545454545,216,172,44,0,216,0,172,0,44,37,216,0.162162162162,1.32432432432,11.6756756757,21.6,6,8.1990990496,0.702237650082,0.31006006006,10.329336629,1.76937710775,0.765265265265,3.0868314707,0.528762798222,0.252752752753,0.579945114934,0.437917739848,2,1.32432432432,0.579945114934,2,0.0121701261701,0.00597269624573,7,0.000900900900901,0.621196581197,37,37,37,1,0,0.72972972973,0.243243243243,0.027027027027,37,0.129129129129,1.31981981982,9.2972972973,17.2,5.21212121212,6.69105897973,0.719677855378,0.346480201131,8.41366684566,1.80991670517,0.775927089881,2.85010931775,0.613104911376,0.332495285984,0.567072809762,0.429659262004,2,1.3287037037,0.57249954753,2,0,0,0,0,0.428118577075,37,36,36,0.972972972973,0,0.702702702703,0.189189189189,0.0810810810811,37,174,0.130630630631,1.32432432432,9.40540540541,17.4,4.97142857143,6.68937573677,0.711226730634,0.340012426219,8.4191081108,1.79027011552,0.772910841876,2.76751859238,0.588495332862,0.319043181112,0.579945114934,0.437917739848,2,1.33333333333,0.585540043769,2,0.00674953617811,0.0026455026455,2,0.0002574002574,0.427007465964,37,36,36,0.972972972973,0,0.702702702703,0.243243243243,0.027027027027,-42,-0.0315315315315,0,-2.27027027027,-4.2,-1.02857142857,-1.50972331283,0.00898908055221,0.0299523661593,-1.9102285182,0.0208930077702,0.00764557661109,-0.319312878326,0.0597325346396,0.0662904283594,0,0,0,0.00900900900901,0.00559492883467,0,-0.00542058999202,-0.00332719360023,-5,-0.000643500643501,-0.194189115233,-0.027027027027,0,0,174,0,42,1116,0.805555555556,1,0,0.194444444444,1,0.805555555556,0.892307692308,0.88110074037,0.805555555556,0.805555555556,2,44,0,0,0,0
3452,WLNM_dir_neg,1,0.977272727273,00:00:03,10,80,34,1237887358,threshold_sweep,0.5,1,0.0454545454545,0.0869565217391,2,0,42,88,0.0454545454545,1,0,0.954545454545,1,0.0454545454545,0.0869565217391,0.681818181818,0.661616161616,0.0597014925373,0.175411603861,0.0454545454545,216,172,44,0,216,0,172,0,44,37,216,0.162162162162,1.32432432432,11.6756756757,21.6,6,8.1990990496,0.702237650082,0.31006006006,10.329336629,1.76937710775,0.765265265265,3.0868314707,0.528762798222,0.252752752753,0.579945114934,0.437917739848,2,1.32432432432,0.579945114934,2,0.0121701261701,0.00597269624573,7,0.000900900900901,0.621196581197,37,37,37,1,0,0.72972972973,0.243243243243,0.027027027027,37,0.129129129129,1.31981981982,9.2972972973,17.2,5.21212121212,6.69105897973,0.719677855378,0.346480201131,8.41366684566,1.80991670517,0.775927089881,2.85010931775,0.613104911376,0.332495285984,0.567072809762,0.429659262004,2,1.3287037037,0.57249954753,2,0,0,0,0,0.428118577075,37,36,36,0.972972972973,0,0.702702702703,0.189189189189,0.0810810810811,37,174,0.130630630631,1.32432432432,9.40540540541,17.4,4.97142857143,6.68937573677,0.711226730634,0.340012426219,8.4191081108,1.79027011552,0.772910841876,2.76751859238,0.588495332862,0.319043181112,0.579945114934,0.437917739848,2,1.33333333333,0.585540043769,2,0.00674953617811,0.0026455026455,2,0.0002574002574,0.427007465964,37,36,36,0.972972972973,0,0.702702702703,0.243243243243,0.027027027027,-42,-0.0315315315315,0,-2.27027027027,-4.2,-1.02857142857,-1.50972331283,0.00898908055221,0.0299523661593,-1.9102285182,0.0208930077702,0.00764557661109,-0.319312878326,0.0597325346396,0.0662904283594,0,0,0,0.00900900900901,0.00559492883467,0,-0.00542058999202,-0.00332719360023,-5,-0.000643500643501,-0.194189115233,-0.027027027027,0,0,174,0,42,1116,0.805555555556,1,0,0.194444444444,1,0.805555555556,0.892307692308,0.88110074037,0.805555555556,0.805555555556,2,44,0,0,0,0
3453,WLNM_dir_neg,1,0.977272727273,00:00:03,10,80,34,1237887358,threshold_sweep,0.6,1,0.0454545454545,0.0869565217391,2,0,42,88,0.0454545454545,1,0,0.954545454545,1,0.0454545454545,0.0869565217391,0.681818181818,0.661616161616,0.0597014925373,0.175411603861,0.0454545454545,216,172,44,0,216,0,172,0,44,37,216,0.162162162162,1.32432432432,11.6756756757,21.6,6,8.1990990496,0.702237650082,0.31006006006,10.329336629,1.76937710775,0.765265265265,3.0868314707,0.528762798222,0.252752752753,0.579945114934,0.437917739848,2,1.32432432432,0.579945114934,2,0.0121701261701,0.00597269624573,7,0.000900900900901,0.621196581197,37,37,37,1,0,0.72972972973,0.243243243243,0.027027027027,37,0.129129129129,1.31981981982,9.2972972973,17.2,5.21212121212,6.69105897973,0.719677855378,0.346480201131,8.41366684566,1.80991670517,0.775927089881,2.85010931775,0.613104911376,0.332495285984,0.567072809762,0.429659262004,2,1.3287037037,0.57249954753,2,0,0,0,0,0.428118577075,37,36,36,0.972972972973,0,0.702702702703,0.189189189189,0.0810810810811,37,174,0.130630630631,1.32432432432,9.40540540541,17.4,4.97142857143,6.68937573677,0.711226730634,0.340012426219,8.4191081108,1.79027011552,0.772910841876,2.76751859238,0.588495332862,0.319043181112,0.579945114934,0.437917739848,2,1.33333333333,0.585540043769,2,0.00674953617811,0.0026455026455,2,0.0002574002574,0.427007465964,37,36,36,0.972972972973,0,0.702702702703,0.243243243243,0.027027027027,-42,-0.0315315315315,0,-2.27027027027,-4.2,-1.02857142857,-1.50972331283,0.00898908055221,0.0299523661593,-1.9102285182,0.0208930077702,0.00764557661109,-0.319312878326,0.0597325346396,0.0662904283594,0,0,0,0.00900900900901,0.00559492883467,0,-0.00542058999202,-0.00332719360023,-5,-0.000643500643501,-0.194189115233,-0.027027027027,0,0,174,0,42,1116,0.805555555556,1,0,0.194444444444,1,0.805555555556,0.892307692308,0.88110074037,0.805555555556,0.805555555556,2,44,0,0,0,0
3454,WLNM_dir_neg,1,0.977272727273,00:00:03,10,80,34,1237887358,threshold_sweep,0.7,1,0.0454545454545,0.0869565217391,2,0,42,88,0.0454545454545,1,0,0.954545454545,1,0.0454545454545,0.0869565217391,0.681818181818,0.661616161616,0.0597014925373,0.175411603861,0.0454545454545,216,172,44,0,216,0,172,0,44,37,216,0.162162162162,1.32432432432,11.6756756757,21.6,6,8.1990990496,0.702237650082,0.31006006006,10.329336629,1.76937710775,0.765265265265,3.0868314707,0.528762798222,0.252752752753,0.579945114934,0.437917739848,2,1.32432432432,0.579945114934,2,0.0121701261701,0.00597269624573,7,0.000900900900901,0.621196581197,37,37,37,1,0,0.72972972973,0.243243243243,0.027027027027,37,0.129129129129,1.31981981982,9.2972972973,17.2,5.21212121212,6.69105897973,0.719677855378,0.346480201131,8.41366684566,1.80991670517,0.775927089881,2.85010931775,0.613104911376,0.332495285984,0.567072809762,0.429659262004,2,1.3287037037,0.57249954753,2,0,0,0,0,0.428118577075,37,36,36,0.972972972973,0,0.702702702703,0.189189189189,0.0810810810811,37,174,0.130630630631,1.32432432432,9.40540540541,17.4,4.97142857143,6.68937573677,0.711226730634,0.340012426219,8.4191081108,1.79027011552,0.772910841876,2.76751859238,0.588495332862,0.319043181112,0.579945114934,0.437917739848,2,1.33333333333,0.585540043769,2,0.00674953617811,0.0026455026455,2,0.0002574002574,0.427007465964,37,36,36,0.972972972973,0,0.702702702703,0.243243243243,0.027027027027,-42,-0.0315315315315,0,-2.27027027027,-4.2,-1.02857142857,-1.50972331283,0.00898908055221,0.0299523661593,-1.9102285182,0.0208930077702,0.00764557661109,-0.319312878326,0.0597325346396,0.0662904283594,0,0,0,0.00900900900901,0.00559492883467,0,-0.00542058999202,-0.00332719360023,-5,-0.000643500643501,-0.194189115233,-0.027027027027,0,0,174,0,42,1116,0.805555555556,1,0,0.194444444444,1,0.805555555556,0.892307692308,0.88110074037,0.805555555556,0.805555555556,2,44,0,0,0,0
3455,WLNM_dir_neg,1,0.977272727273,00:00:03,10,80,34,1237887358,threshold_sweep,0.8,1,0.0454545454545,0.0869565217391,2,0,42,88,0.0454545454545,1,0,0.954545454545,1,0.0454545454545,0.0869565217391,0.681818181818,0.661616161616,0.0597014925373,0.175411603861,0.0454545454545,216,172,44,0,216,0,172,0,44,37,216,0.162162162162,1.32432432432,11.6756756757,21.6,6,8.1990990496,0.702237650082,0.31006006006,10.329336629,1.76937710775,0.765265265265,3.0868314707,0.528762798222,0.252752752753,0.579945114934,0.437917739848,2,1.32432432432,0.579945114934,2,0.0121701261701,0.00597269624573,7,0.000900900900901,0.621196581197,37,37,37,1,0,0.72972972973,0.243243243243,0.027027027027,37,0.129129129129,1.31981981982,9.2972972973,17.2,5.21212121212,6.69105897973,0.719677855378,0.346480201131,8.41366684566,1.80991670517,0.775927089881,2.85010931775,0.613104911376,0.332495285984,0.567072809762,0.429659262004,2,1.3287037037,0.57249954753,2,0,0,0,0,0.428118577075,37,36,36,0.972972972973,0,0.702702702703,0.189189189189,0.0810810810811,37,174,0.130630630631,1.32432432432,9.40540540541,17.4,4.97142857143,6.68937573677,0.711226730634,0.340012426219,8.4191081108,1.79027011552,0.772910841876,2.76751859238,0.588495332862,0.319043181112,0.579945114934,0.437917739848,2,1.33333333333,0.585540043769,2,0.00674953617811,0.0026455026455,2,0.0002574002574,0.427007465964,37,36,36,0.972972972973,0,0.702702702703,0.243243243243,0.027027027027,-42,-0.0315315315315,0,-2.27027027027,-4.2,-1.02857142857,-1.50972331283,0.00898908055221,0.0299523661593,-1.9102285182,0.0208930077702,0.00764557661109,-0.319312878326,0.0597325346396,0.0662904283594,0,0,0,0.00900900900901,0.00559492883467,0,-0.00542058999202,-0.00332719360023,-5,-0.000643500643501,-0.194189115233,-0.027027027027,0,0,174,0,42,1116,0.805555555556,1,0,0.194444444444,1,0.805555555556,0.892307692308,0.88110074037,0.805555555556,0.805555555556,2,44,0,0,0,0
3456,WLNM_dir_neg,1,0.977272727273,00:00:03,10,80,34,1237887358,threshold_sweep,0.9,1,0.0454545454545,0.0869565217391,2,0,42,88,0.0454545454545,1,0,0.954545454545,1,0.0454545454545,0.0869565217391,0.681818181818,0.661616161616,0.0597014925373,0.175411603861,0.0454545454545,216,172,44,0,216,0,172,0,44,37,216,0.162162162162,1.32432432432,11.6756756757,21.6,6,8.1990990496,0.702237650082,0.31006006006,10.329336629,1.76937710775,0.765265265265,3.0868314707,0.528762798222,0.252752752753,0.579945114934,0.437917739848,2,1.32432432432,0.579945114934,2,0.0121701261701,0.00597269624573,7,0.000900900900901,0.621196581197,37,37,37,1,0,0.72972972973,0.243243243243,0.027027027027,37,0.129129129129,1.31981981982,9.2972972973,17.2,5.21212121212,6.69105897973,0.719677855378,0.346480201131,8.41366684566,1.80991670517,0.775927089881,2.85010931775,0.613104911376,0.332495285984,0.567072809762,0.429659262004,2,1.3287037037,0.57249954753,2,0,0,0,0,0.428118577075,37,36,36,0.972972972973,0,0.702702702703,0.189189189189,0.0810810810811,37,174,0.130630630631,1.32432432432,9.40540540541,17.4,4.97142857143,6.68937573677,0.711226730634,0.340012426219,8.4191081108,1.79027011552,0.772910841876,2.76751859238,0.588495332862,0.319043181112,0.579945114934,0.437917739848,2,1.33333333333,0.585540043769,2,0.00674953617811,0.0026455026455,2,0.0002574002574,0.427007465964,37,36,36,0.972972972973,0,0.702702702703,0.243243243243,0.027027027027,-42,-0.0315315315315,0,-2.27027027027,-4.2,-1.02857142857,-1.50972331283,0.00898908055221,0.0299523661593,-1.9102285182,0.0208930077702,0.00764557661109,-0.319312878326,0.0597325346396,0.0662904283594,0,0,0,0.00900900900901,0.00559492883467,0,-0.00542058999202,-0.00332719360023,-5,-0.000643500643501,-0.194189115233,-0.027027027027,0,0,174,0,42,1116,0.805555555556,1,0,0.194444444444,1,0.805555555556,0.892307692308,0.88110074037,0.805555555556,0.805555555556,2,44,0,0,0,0
3457,WLNM_dir_neg,0.978047520661,0.767390603538,00:00:03,10,80,35,1237887359,threshold_sweep,0.1,1,0.0454545454545,0.0869565217391,2,0,42,88,0.0454545454545,1,0,0.954545454545,1,0.0454545454545,0.0869565217391,0.681818181818,0.661616161616,0.0597014925373,0.175411603861,0.0454545454545,216,172,44,0,216,0,172,0,44,37,216,0.162162162162,1.32432432432,11.6756756757,21.6,6,8.1990990496,0.702237650082,0.31006006006,10.329336629,1.76937710775,0.765265265265,3.0868314707,0.528762798222,0.252752752753,0.579945114934,0.437917739848,2,1.32432432432,0.579945114934,2,0.0121701261701,0.00597269624573,7,0.000900900900901,0.621196581197,37,37,37,1,0,0.72972972973,0.243243243243,0.027027027027,37,0.129129129129,1.32432432432,9.2972972973,17.2,4.91428571429,6.64523582419,0.714749202021,0.34412319296,8.24020029495,1.77260122624,0.771527341295,2.68965318103,0.578588184292,0.313010685104,0.579945114934,0.437917739848,2,1.33333333333,0.585540043769,2,0.0100577200577,0.00540054005401,4,0.000514800514801,0.420748792271,37,36,36,0.972972972973,0,0.702702702703,0.243243243243,0.027027027027,37,174,0.130630630631,1.32432432432,9.40540540541,17.4,4.97142857143,6.73902176984,0.716505188173,0.347623485555,8.26930356084,1.75841512501,0.768872320596,2.62323871986,0.557815130086,0.302267785026,0.579945114934,0.437917739848,2,1.33333333333,0.585540043769,2,0.0127700061371,0.00789473684211,6,0.000772200772201,0.425193236715,37,36,36,0.972972972973,0,0.702702702703,0.243243243243,0.027027027027,-42,-0.0315315315315,0,-2.27027027027,-4.2,-1.02857142857,-1.46007727976,0.0142675380911,0.0375634254945,-2.06003306816,-0.0109619827383,0.00360705533119,-0.463592750842,0.0290523318631,0.0495150322737,0,0,0,0.00900900900901,0.00559492883467,0,0.000599879966993,0.00192204059637,-1,-0.0001287001287,-0.196003344482,-0.027027027027,0,0,174,0,42,1116,0.805555555556,1,0,0.194444444444,1,0.805555555556,0.892307692308,0.88110074037,0.805555555556,0.805555555556,2,44,0,0,0,0
3458,WLNM_dir_neg,0.978047520661,0.767390603538,00:00:03,10,80,35,1237887359,threshold_sweep,0.2,1,0.0454545454545,0.0869565217391,2,0,42,88,0.0454545454545,1,0,0.954545454545,1,0.0454545454545,0.0869565217391,0.681818181818,0.661616161616,0.0597014925373,0.175411603861,0.0454545454545,216,172,44,0,216,0,172,0,44,37,216,0.162162162162,1.32432432432,11.6756756757,21.6,6,8.1990990496,0.702237650082,0.31006006006,10.329336629,1.76937710775,0.765265265265,3.0868314707,0.528762798222,0.252752752753,0.579945114934,0.437917739848,2,1.32432432432,0.579945114934,2,0.0121701261701,0.00597269624573,7,0.000900900900901,0.621196581197,37,37,37,1,0,0.72972972973,0.243243243243,0.027027027027,37,0.129129129129,1.32432432432,9.2972972973,17.2,4.91428571429,6.64523582419,0.714749202021,0.34412319296,8.24020029495,1.77260122624,0.771527341295,2.68965318103,0.578588184292,0.313010685104,0.579945114934,0.437917739848,2,1.33333333333,0.585540043769,2,0.0100577200577,0.00540054005401,4,0.000514800514801,0.420748792271,37,36,36,0.972972972973,0,0.702702702703,0.243243243243,0.027027027027,37,174,0.130630630631,1.32432432432,9.40540540541,17.4,4.97142857143,6.73902176984,0.716505188173,0.347623485555,8.26930356084,1.75841512501,0.768872320596,2.62323871986,0.557815130086,0.302267785026,0.579945114934,0.437917739848,2,1.33333333333,0.585540043769,2,0.0127700061371,0.00789473684211,6,0.000772200772201,0.425193236715,37,36,36,0.972972972973,0,0.702702702703,0.243243243243,0.027027027027,-42,-0.0315315315315,0,-2.27027027027,-4.2,-1.02857142857,-1.46007727976,0.0142675380911,0.0375634254945,-2.06003306816,-0.0109619827383,0.00360705533119,-0.463592750842,0.0290523318631,0.0495150322737,0,0,0,0.00900900900901,0.00559492883467,0,0.000599879966993,0.00192204059637,-1,-0.0001287001287,-0.196003344482,-0.027027027027,0,0,174,0,42,1116,0.805555555556,1,0,0.194444444444,1,0.805555555556,0.892307692308,0.88110074037,0.805555555556,0.805555555556,2,44,0,0,0,0
3459,WLNM_dir_neg,0.978047520661,0.767390603538,00:00:03,10,80,35,1237887359,threshold_sweep,0.3,1,0.0454545454545,0.0869565217391,2,0,42,88,0.0454545454545,1,0,0.954545454545,1,0.0454545454545,0.0869565217391,0.681818181818,0.661616161616,0.0597014925373,0.175411603861,0.0454545454545,216,172,44,0,216,0,172,0,44,37,216,0.162162162162,1.32432432432,11.6756756757,21.6,6,8.1990990496,0.702237650082,0.31006006006,10.329336629,1.76937710775,0.765265265265,3.0868314707,0.528762798222,0.252752752753,0.579945114934,0.437917739848,2,1.32432432432,0.579945114934,2,0.0121701261701,0.00597269624573,7,0.000900900900901,0.621196581197,37,37,37,1,0,0.72972972973,0.243243243243,0.027027027027,37,0.129129129129,1.32432432432,9.2972972973,17.2,4.91428571429,6.64523582419,0.714749202021,0.34412319296,8.24020029495,1.77260122624,0.771527341295,2.68965318103,0.578588184292,0.313010685104,0.579945114934,0.437917739848,2,1.33333333333,0.585540043769,2,0.0100577200577,0.00540054005401,4,0.000514800514801,0.420748792271,37,36,36,0.972972972973,0,0.702702702703,0.243243243243,0.027027027027,37,174,0.130630630631,1.32432432432,9.40540540541,17.4,4.97142857143,6.73902176984,0.716505188173,0.347623485555,8.26930356084,1.75841512501,0.768872320596,2.62323871986,0.557815130086,0.302267785026,0.579945114934,0.437917739848,2,1.33333333333,0.585540043769,2,0.0127700061371,0.00789473684211,6,0.000772200772201,0.425193236715,37,36,36,0.972972972973,0,0.702702702703,0.243243243243,0.027027027027,-42,-0.0315315315315,0,-2.27027027027,-4.2,-1.02857142857,-1.46007727976,0.0142675380911,0.0375634254945,-2.06003306816,-0.0109619827383,0.00360705533119,-0.463592750842,0.0290523318631,0.0495150322737,0,0,0,0.00900900900901,0.00559492883467,0,0.000599879966993,0.00192204059637,-1,-0.0001287001287,-0.196003344482,-0.027027027027,0,0,174,0,42,1116,0.805555555556,1,0,0.194444444444,1,0.805555555556,0.892307692308,0.88110074037,0.805555555556,0.805555555556,2,44,0,0,0,0
3460,WLNM_dir_neg,0.978047520661,0.767390603538,00:00:03,10,80,35,1237887359,threshold_sweep,0.4,1,0.0454545454545,0.0869565217391,2,0,42,88,0.0454545454545,1,0,0.954545454545,1,0.0454545454545,0.0869565217391,0.681818181818,0.661616161616,0.0597014925373,0.175411603861,0.0454545454545,216,172,44,0,216,0,172,0,44,37,216,0.162162162162,1.32432432432,11.6756756757,21.6,6,8.1990990496,0.702237650082,0.31006006006,10.329336629,1.76937710775,0.765265265265,3.0868314707,0.528762798222,0.252752752753,0.579945114934,0.437917739848,2,1.32432432432,0.579945114934,2,0.0121701261701,0.00597269624573,7,0.000900900900901,0.621196581197,37,37,37,1,0,0.72972972973,0.243243243243,0.027027027027,37,0.129129129129,1.32432432432,9.2972972973,17.2,4.91428571429,6.64523582419,0.714749202021,0.34412319296,8.24020029495,1.77260122624,0.771527341295,2.68965318103,0.578588184292,0.313010685104,0.579945114934,0.437917739848,2,1.33333333333,0.585540043769,2,0.0100577200577,0.00540054005401,4,0.000514800514801,0.420748792271,37,36,36,0.972972972973,0,0.702702702703,0.243243243243,0.027027027027,37,174,0.130630630631,1.32432432432,9.40540540541,17.4,4.97142857143,6.73902176984,0.716505188173,0.347623485555,8.26930356084,1.75841512501,0.768872320596,2.62323871986,0.557815130086,0.302267785026,0.579945114934,0.437917739848,2,1.33333333333,0.585540043769,2,0.0127700061371,0.00789473684211,6,0.000772200772201,0.425193236715,37,36,36,0.972972972973,0,0.702702702703,0.243243243243,0.027027027027,-42,-0.0315315315315,0,-2.27027027027,-4.2,-1.02857142857,-1.46007727976,0.0142675380911,0.0375634254945,-2.06003306816,-0.0109619827383,0.00360705533119,-0.463592750842,0.0290523318631,0.0495150322737,0,0,0,0.00900900900901,0.00559492883467,0,0.000599879966993,0.00192204059637,-1,-0.0001287001287,-0.196003344482,-0.027027027027,0,0,174,0,42,1116,0.805555555556,1,0,0.194444444444,1,0.805555555556,0.892307692308,0.88110074037,0.805555555556,0.805555555556,2,44,0,0,0,0
3461,WLNM_dir_neg,0.978047520661,0.767390603538,00:00:03,10,80,35,1237887359,threshold_sweep,0.5,1,0.0454545454545,0.0869565217391,2,0,42,88,0.0454545454545,1,0,0.954545454545,1,0.0454545454545,0.0869565217391,0.681818181818,0.661616161616,0.0597014925373,0.175411603861,0.0454545454545,216,172,44,0,216,0,172,0,44,37,216,0.162162162162,1.32432432432,11.6756756757,21.6,6,8.1990990496,0.702237650082,0.31006006006,10.329336629,1.76937710775,0.765265265265,3.0868314707,0.528762798222,0.252752752753,0.579945114934,0.437917739848,2,1.32432432432,0.579945114934,2,0.0121701261701,0.00597269624573,7,0.000900900900901,0.621196581197,37,37,37,1,0,0.72972972973,0.243243243243,0.027027027027,37,0.129129129129,1.32432432432,9.2972972973,17.2,4.91428571429,6.64523582419,0.714749202021,0.34412319296,8.24020029495,1.77260122624,0.771527341295,2.68965318103,0.578588184292,0.313010685104,0.579945114934,0.437917739848,2,1.33333333333,0.585540043769,2,0.0100577200577,0.00540054005401,4,0.000514800514801,0.420748792271,37,36,36,0.972972972973,0,0.702702702703,0.243243243243,0.027027027027,37,174,0.130630630631,1.32432432432,9.40540540541,17.4,4.97142857143,6.73902176984,0.716505188173,0.347623485555,8.26930356084,1.75841512501,0.768872320596,2.62323871986,0.557815130086,0.302267785026,0.579945114934,0.437917739848,2,1.33333333333,0.585540043769,2,0.0127700061371,0.00789473684211,6,0.000772200772201,0.425193236715,37,36,36,0.972972972973,0,0.702702702703,0.243243243243,0.027027027027,-42,-0.0315315315315,0,-2.27027027027,-4.2,-1.02857142857,-1.46007727976,0.0142675380911,0.0375634254945,-2.06003306816,-0.0109619827383,0.00360705533119,-0.463592750842,0.0290523318631,0.0495150322737,0,0,0,0.00900900900901,0.00559492883467,0,0.000599879966993,0.00192204059637,-1,-0.0001287001287,-0.196003344482,-0.027027027027,0,0,174,0,42,1116,0.805555555556,1,0,0.194444444444,1,0.805555555556,0.892307692308,0.88110074037,0.805555555556,0.805555555556,2,44,0,0,0,0
3462,WLNM_dir_neg,0.978047520661,0.767390603538,00:00:03,10,80,35,1237887359,threshold_sweep,0.6,1,0.0454545454545,0.0869565217391,2,0,42,88,0.0454545454545,1,0,0.954545454545,1,0.0454545454545,0.0869565217391,0.681818181818,0.661616161616,0.0597014925373,0.175411603861,0.0454545454545,216,172,44,0,216,0,172,0,44,37,216,0.162162162162,1.32432432432,11.6756756757,21.6,6,8.1990990496,0.702237650082,0.31006006006,10.329336629,1.76937710775,0.765265265265,3.0868314707,0.528762798222,0.252752752753,0.579945114934,0.437917739848,2,1.32432432432,0.579945114934,2,0.0121701261701,0.00597269624573,7,0.000900900900901,0.621196581197,37,37,37,1,0,0.72972972973,0.243243243243,0.027027027027,37,0.129129129129,1.32432432432,9.2972972973,17.2,4.91428571429,6.64523582419,0.714749202021,0.34412319296,8.24020029495,1.77260122624,0.771527341295,2.68965318103,0.578588184292,0.313010685104,0.579945114934,0.437917739848,2,1.33333333333,0.585540043769,2,0.0100577200577,0.00540054005401,4,0.000514800514801,0.420748792271,37,36,36,0.972972972973,0,0.702702702703,0.243243243243,0.027027027027,37,174,0.130630630631,1.32432432432,9.40540540541,17.4,4.97142857143,6.73902176984,0.716505188173,0.347623485555,8.26930356084,1.75841512501,0.768872320596,2.62323871986,0.557815130086,0.302267785026,0.579945114934,0.437917739848,2,1.33333333333,0.585540043769,2,0.0127700061371,0.00789473684211,6,0.000772200772201,0.425193236715,37,36,36,0.972972972973,0,0.702702702703,0.243243243243,0.027027027027,-42,-0.0315315315315,0,-2.27027027027,-4.2,-1.02857142857,-1.46007727976,0.0142675380911,0.0375634254945,-2.06003306816,-0.0109619827383,0.00360705533119,-0.463592750842,0.0290523318631,0.0495150322737,0,0,0,0.00900900900901,0.00559492883467,0,0.000599879966993,0.00192204059637,-1,-0.0001287001287,-0.196003344482,-0.027027027027,0,0,174,0,42,1116,0.805555555556,1,0,0.194444444444,1,0.805555555556,0.892307692308,0.88110074037,0.805555555556,0.805555555556,2,44,0,0,0,0
3463,WLNM_dir_neg,0.978047520661,0.767390603538,00:00:03,10,80,35,1237887359,threshold_sweep,0.7,1,0.0454545454545,0.0869565217391,2,0,42,88,0.0454545454545,1,0,0.954545454545,1,0.0454545454545,0.0869565217391,0.681818181818,0.661616161616,0.0597014925373,0.175411603861,0.0454545454545,216,172,44,0,216,0,172,0,44,37,216,0.162162162162,1.32432432432,11.6756756757,21.6,6,8.1990990496,0.702237650082,0.31006006006,10.329336629,1.76937710775,0.765265265265,3.0868314707,0.528762798222,0.252752752753,0.579945114934,0.437917739848,2,1.32432432432,0.579945114934,2,0.0121701261701,0.00597269624573,7,0.000900900900901,0.621196581197,37,37,37,1,0,0.72972972973,0.243243243243,0.027027027027,37,0.129129129129,1.32432432432,9.2972972973,17.2,4.91428571429,6.64523582419,0.714749202021,0.34412319296,8.24020029495,1.77260122624,0.771527341295,2.68965318103,0.578588184292,0.313010685104,0.579945114934,0.437917739848,2,1.33333333333,0.585540043769,2,0.0100577200577,0.00540054005401,4,0.000514800514801,0.420748792271,37,36,36,0.972972972973,0,0.702702702703,0.243243243243,0.027027027027,37,174,0.130630630631,1.32432432432,9.40540540541,17.4,4.97142857143,6.73902176984,0.716505188173,0.347623485555,8.26930356084,1.75841512501,0.768872320596,2.62323871986,0.557815130086,0.302267785026,0.579945114934,0.437917739848,2,1.33333333333,0.585540043769,2,0.0127700061371,0.00789473684211,6,0.000772200772201,0.425193236715,37,36,36,0.972972972973,0,0.702702702703,0.243243243243,0.027027027027,-42,-0.0315315315315,0,-2.27027027027,-4.2,-1.02857142857,-1.46007727976,0.0142675380911,0.0375634254945,-2.06003306816,-0.0109619827383,0.00360705533119,-0.463592750842,0.0290523318631,0.0495150322737,0,0,0,0.00900900900901,0.00559492883467,0,0.000599879966993,0.00192204059637,-1,-0.0001287001287,-0.196003344482,-0.027027027027,0,0,174,0,42,1116,0.805555555556,1,0,0.194444444444,1,0.805555555556,0.892307692308,0.88110074037,0.805555555556,0.805555555556,2,44,0,0,0,0
3464,WLNM_dir_neg,0.978047520661,0.767390603538,00:00:03,10,80,35,1237887359,threshold_sweep,0.8,1,0.0454545454545,0.0869565217391,2,0,42,88,0.0454545454545,1,0,0.954545454545,1,0.0454545454545,0.0869565217391,0.681818181818,0.661616161616,0.0597014925373,0.175411603861,0.0454545454545,216,172,44,0,216,0,172,0,44,37,216,0.162162162162,1.32432432432,11.6756756757,21.6,6,8.1990990496,0.702237650082,0.31006006006,10.329336629,1.76937710775,0.765265265265,3.0868314707,0.528762798222,0.252752752753,0.579945114934,0.437917739848,2,1.32432432432,0.579945114934,2,0.0121701261701,0.00597269624573,7,0.000900900900901,0.621196581197,37,37,37,1,0,0.72972972973,0.243243243243,0.027027027027,37,0.129129129129,1.32432432432,9.2972972973,17.2,4.91428571429,6.64523582419,0.714749202021,0.34412319296,8.24020029495,1.77260122624,0.771527341295,2.68965318103,0.578588184292,0.313010685104,0.579945114934,0.437917739848,2,1.33333333333,0.585540043769,2,0.0100577200577,0.00540054005401,4,0.000514800514801,0.420748792271,37,36,36,0.972972972973,0,0.702702702703,0.243243243243,0.027027027027,37,174,0.130630630631,1.32432432432,9.40540540541,17.4,4.97142857143,6.73902176984,0.716505188173,0.347623485555,8.26930356084,1.75841512501,0.768872320596,2.62323871986,0.557815130086,0.302267785026,0.579945114934,0.437917739848,2,1.33333333333,0.585540043769,2,0.0127700061371,0.00789473684211,6,0.000772200772201,0.425193236715,37,36,36,0.972972972973,0,0.702702702703,0.243243243243,0.027027027027,-42,-0.0315315315315,0,-2.27027027027,-4.2,-1.02857142857,-1.46007727976,0.0142675380911,0.0375634254945,-2.06003306816,-0.0109619827383,0.00360705533119,-0.463592750842,0.0290523318631,0.0495150322737,0,0,0,0.00900900900901,0.00559492883467,0,0.000599879966993,0.00192204059637,-1,-0.0001287001287,-0.196003344482,-0.027027027027,0,0,174,0,42,1116,0.805555555556,1,0,0.194444444444,1,0.805555555556,0.892307692308,0.88110074037,0.805555555556,0.805555555556,2,44,0,0,0,0
3465,WLNM_dir_neg,0.978047520661,0.767390603538,00:00:03,10,80,35,1237887359,threshold_sweep,0.9,1,0.0454545454545,0.0869565217391,2,0,42,88,0.0454545454545,1,0,0.954545454545,1,0.0454545454545,0.0869565217391,0.681818181818,0.661616161616,0.0597014925373,0.175411603861,0.0454545454545,216,172,44,0,216,0,172,0,44,37,216,0.162162162162,1.32432432432,11.6756756757,21.6,6,8.1990990496,0.702237650082,0.31006006006,10.329336629,1.76937710775,0.765265265265,3.0868314707,0.528762798222,0.252752752753,0.579945114934,0.437917739848,2,1.32432432432,0.579945114934,2,0.0121701261701,0.00597269624573,7,0.000900900900901,0.621196581197,37,37,37,1,0,0.72972972973,0.243243243243,0.027027027027,37,0.129129129129,1.32432432432,9.2972972973,17.2,4.91428571429,6.64523582419,0.714749202021,0.34412319296,8.24020029495,1.77260122624,0.771527341295,2.68965318103,0.578588184292,0.313010685104,0.579945114934,0.437917739848,2,1.33333333333,0.585540043769,2,0.0100577200577,0.00540054005401,4,0.000514800514801,0.420748792271,37,36,36,0.972972972973,0,0.702702702703,0.243243243243,0.027027027027,37,174,0.130630630631,1.32432432432,9.40540540541,17.4,4.97142857143,6.73902176984,0.716505188173,0.347623485555,8.26930356084,1.75841512501,0.768872320596,2.62323871986,0.557815130086,0.302267785026,0.579945114934,0.437917739848,2,1.33333333333,0.585540043769,2,0.0127700061371,0.00789473684211,6,0.000772200772201,0.425193236715,37,36,36,0.972972972973,0,0.702702702703,0.243243243243,0.027027027027,-42,-0.0315315315315,0,-2.27027027027,-4.2,-1.02857142857,-1.46007727976,0.0142675380911,0.0375634254945,-2.06003306816,-0.0109619827383,0.00360705533119,-0.463592750842,0.0290523318631,0.0495150322737,0,0,0,0.00900900900901,0.00559492883467,0,0.000599879966993,0.00192204059637,-1,-0.0001287001287,-0.196003344482,-0.027027027027,0,0,174,0,42,1116,0.805555555556,1,0,0.194444444444,1,0.805555555556,0.892307692308,0.88110074037,0.805555555556,0.805555555556,2,44,0,0,0,0
3466,WLNM_dir_neg,0.986053719008,0.95174782601,00:00:03,10,80,36,1237887360,threshold_sweep,0.1,1,0.0454545454545,0.0869565217391,2,0,42,88,0.0454545454545,1,0,0.954545454545,1,0.0454545454545,0.0869565217391,0.681818181818,0.661616161616,0.0597014925373,0.175411603861,0.0454545454545,216,172,44,0,216,0,172,0,44,37,216,0.162162162162,1.32432432432,11.6756756757,21.6,6,8.1990990496,0.702237650082,0.31006006006,10.329336629,1.76937710775,0.765265265265,3.0868314707,0.528762798222,0.252752752753,0.579945114934,0.437917739848,2,1.32432432432,0.579945114934,2,0.0121701261701,0.00597269624573,7,0.000900900900901,0.621196581197,37,37,37,1,0,0.72972972973,0.243243243243,0.027027027027,37,0.129129129129,1.32432432432,9.2972972973,17.2,4.91428571429,6.7117842671,0.721907028728,0.350565681961,8.3706372259,1.80066033348,0.77844123193,2.76100038448,0.59393612922,0.327467001886,0.579945114934,0.437917739848,2,1.32432432432,0.579945114934,2,0.0119679368251,0.00402144772118,3,0.0003861003861,0.422147918104,37,37,37,1,0,0.72972972973,0.216216216216,0.0540540540541,37,174,0.130630630631,1.32432432432,9.40540540541,17.4,4.83333333333,6.76370813591,0.719129888013,0.350108729419,8.38273644285,1.78253591026,0.775396085741,2.6860220987,0.571165618689,0.315315315315,0.579945114934,0.437917739848,2,1.32432432432,0.579945114934,2,0.0112793104974,0.00524934383202,4,0.000514800514801,0.423629399586,37,37,37,1,0,0.72972972973,0.243243243243,0.027027027027,-42,-0.0315315315315,0,-2.27027027027,-4.2,-1.16666666667,-1.4353909137,0.0168922379313,0.040048669359,-1.94660018615,0.0131588025157,0.0101308204756,-0.400809372002,0.042402820467,0.0625625625626,0,0,0,0,0,0,-0.000890815672771,-0.000723352413713,-3,-0.0003861003861,-0.197567181611,0,0,0,174,0,42,1116,0.805555555556,1,0,0.194444444444,1,0.805555555556,0.892307692308,0.88110074037,0.805555555556,0.805555555556,2,44,0,0,0,0
3467,WLNM_dir_neg,0.986053719008,0.95174782601,00:00:03,10,80,36,1237887360,threshold_sweep,0.2,1,0.0454545454545,0.0869565217391,2,0,42,88,0.0454545454545,1,0,0.954545454545,1,0.0454545454545,0.0869565217391,0.681818181818,0.661616161616,0.0597014925373,0.175411603861,0.0454545454545,216,172,44,0,216,0,172,0,44,37,216,0.162162162162,1.32432432432,11.6756756757,21.6,6,8.1990990496,0.702237650082,0.31006006006,10.329336629,1.76937710775,0.765265265265,3.0868314707,0.528762798222,0.252752752753,0.579945114934,0.437917739848,2,1.32432432432,0.579945114934,2,0.0121701261701,0.00597269624573,7,0.000900900900901,0.621196581197,37,37,37,1,0,0.72972972973,0.243243243243,0.027027027027,37,0.129129129129,1.32432432432,9.2972972973,17.2,4.91428571429,6.7117842671,0.721907028728,0.350565681961,8.3706372259,1.80066033348,0.77844123193,2.76100038448,0.59393612922,0.327467001886,0.579945114934,0.437917739848,2,1.32432432432,0.579945114934,2,0.0119679368251,0.00402144772118,3,0.0003861003861,0.422147918104,37,37,37,1,0,0.72972972973,0.216216216216,0.0540540540541,37,174,0.130630630631,1.32432432432,9.40540540541,17.4,4.83333333333,6.76370813591,0.719129888013,0.350108729419,8.38273644285,1.78253591026,0.775396085741,2.6860220987,0.571165618689,0.315315315315,0.579945114934,0.437917739848,2,1.32432432432,0.579945114934,2,0.0112793104974,0.00524934383202,4,0.000514800514801,0.423629399586,37,37,37,1,0,0.72972972973,0.243243243243,0.027027027027,-42,-0.0315315315315,0,-2.27027027027,-4.2,-1.16666666667,-1.4353909137,0.0168922379313,0.040048669359,-1.94660018615,0.0131588025157,0.0101308204756,-0.400809372002,0.042402820467,0.0625625625626,0,0,0,0,0,0,-0.000890815672771,-0.000723352413713,-3,-0.0003861003861,-0.197567181611,0,0,0,174,0,42,1116,0.805555555556,1,0,0.194444444444,1,0.805555555556,0.892307692308,0.88110074037,0.805555555556,0.805555555556,2,44,0,0,0,0
3468,WLNM_dir_neg,0.986053719008,0.95174782601,00:00:03,10,80,36,1237887360,threshold_sweep,0.3,1,0.0454545454545,0.0869565217391,2,0,42,88,0.0454545454545,1,0,0.954545454545,1,0.0454545454545,0.0869565217391,0.681818181818,0.661616161616,0.0597014925373,0.175411603861,0.0454545454545,216,172,44,0,216,0,172,0,44,37,216,0.162162162162,1.32432432432,11.6756756757,21.6,6,8.1990990496,0.702237650082,0.31006006006,10.329336629,1.76937710775,0.765265265265,3.0868314707,0.528762798222,0.252752752753,0.579945114934,0.437917739848,2,1.32432432432,0.579945114934,2,0.0121701261701,0.00597269624573,7,0.000900900900901,0.621196581197,37,37,37,1,0,0.72972972973,0.243243243243,0.027027027027,37,0.129129129129,1.32432432432,9.2972972973,17.2,4.91428571429,6.7117842671,0.721907028728,0.350565681961,8.3706372259,1.80066033348,0.77844123193,2.76100038448,0.59393612922,0.327467001886,0.579945114934,0.437917739848,2,1.32432432432,0.579945114934,2,0.0119679368251,0.00402144772118,3,0.0003861003861,0.422147918104,37,37,37,1,0,0.72972972973,0.216216216216,0.0540540540541,37,174,0.130630630631,1.32432432432,9.40540540541,17.4,4.83333333333,6.76370813591,0.719129888013,0.350108729419,8.38273644285,1.78253591026,0.775396085741,2.6860220987,0.571165618689,0.315315315315,0.579945114934,0.437917739848,2,1.32432432432,0.579945114934,2,0.0112793104974,0.00524934383202,4,0.000514800514801,0.423629399586,37,37,37,1,0,0.72972972973,0.243243243243,0.027027027027,-42,-0.0315315315315,0,-2.27027027027,-4.2,-1.16666666667,-1.4353909137,0.0168922379313,0.040048669359,-1.94660018615,0.0131588025157,0.0101308204756,-0.400809372002,0.042402820467,0.0625625625626,0,0,0,0,0,0,-0.000890815672771,-0.000723352413713,-3,-0.0003861003861,-0.197567181611,0,0,0,174,0,42,1116,0.805555555556,1,0,0.194444444444,1,0.805555555556,0.892307692308,0.88110074037,0.805555555556,0.805555555556,2,44,0,0,0,0
3469,WLNM_dir_neg,0.986053719008,0.95174782601,00:00:03,10,80,36,1237887360,threshold_sweep,0.4,1,0.0454545454545,0.0869565217391,2,0,42,88,0.0454545454545,1,0,0.954545454545,1,0.0454545454545,0.0869565217391,0.681818181818,0.661616161616,0.0597014925373,0.175411603861,0.0454545454545,216,172,44,0,216,0,172,0,44,37,216,0.162162162162,1.32432432432,11.6756756757,21.6,6,8.1990990496,0.702237650082,0.31006006006,10.329336629,1.76937710775,0.765265265265,3.0868314707,0.528762798222,0.252752752753,0.579945114934,0.437917739848,2,1.32432432432,0.579945114934,2,0.0121701261701,0.00597269624573,7,0.000900900900901,0.621196581197,37,37,37,1,0,0.72972972973,0.243243243243,0.027027027027,37,0.129129129129,1.32432432432,9.2972972973,17.2,4.91428571429,6.7117842671,0.721907028728,0.350565681961,8.3706372259,1.80066033348,0.77844123193,2.76100038448,0.59393612922,0.327467001886,0.579945114934,0.437917739848,2,1.32432432432,0.579945114934,2,0.0119679368251,0.00402144772118,3,0.0003861003861,0.422147918104,37,37,37,1,0,0.72972972973,0.216216216216,0.0540540540541,37,174,0.130630630631,1.32432432432,9.40540540541,17.4,4.83333333333,6.76370813591,0.719129888013,0.350108729419,8.38273644285,1.78253591026,0.775396085741,2.6860220987,0.571165618689,0.315315315315,0.579945114934,0.437917739848,2,1.32432432432,0.579945114934,2,0.0112793104974,0.00524934383202,4,0.000514800514801,0.423629399586,37,37,37,1,0,0.72972972973,0.243243243243,0.027027027027,-42,-0.0315315315315,0,-2.27027027027,-4.2,-1.16666666667,-1.4353909137,0.0168922379313,0.040048669359,-1.94660018615,0.0131588025157,0.0101308204756,-0.400809372002,0.042402820467,0.0625625625626,0,0,0,0,0,0,-0.000890815672771,-0.000723352413713,-3,-0.0003861003861,-0.197567181611,0,0,0,174,0,42,1116,0.805555555556,1,0,0.194444444444,1,0.805555555556,0.892307692308,0.88110074037,0.805555555556,0.805555555556,2,44,0,0,0,0
3470,WLNM_dir_neg,0.986053719008,0.95174782601,00:00:03,10,80,36,1237887360,threshold_sweep,0.5,1,0.0454545454545,0.0869565217391,2,0,42,88,0.0454545454545,1,0,0.954545454545,1,0.0454545454545,0.0869565217391,0.681818181818,0.661616161616,0.0597014925373,0.175411603861,0.0454545454545,216,172,44,0,216,0,172,0,44,37,216,0.162162162162,1.32432432432,11.6756756757,21.6,6,8.1990990496,0.702237650082,0.31006006006,10.329336629,1.76937710775,0.765265265265,3.0868314707,0.528762798222,0.252752752753,0.579945114934,0.437917739848,2,1.32432432432,0.579945114934,2,0.0121701261701,0.00597269624573,7,0.000900900900901,0.621196581197,37,37,37,1,0,0.72972972973,0.243243243243,0.027027027027,37,0.129129129129,1.32432432432,9.2972972973,17.2,4.91428571429,6.7117842671,0.721907028728,0.350565681961,8.3706372259,1.80066033348,0.77844123193,2.76100038448,0.59393612922,0.327467001886,0.579945114934,0.437917739848,2,1.32432432432,0.579945114934,2,0.0119679368251,0.00402144772118,3,0.0003861003861,0.422147918104,37,37,37,1,0,0.72972972973,0.216216216216,0.0540540540541,37,174,0.130630630631,1.32432432432,9.40540540541,17.4,4.83333333333,6.76370813591,0.719129888013,0.350108729419,8.38273644285,1.78253591026,0.775396085741,2.6860220987,0.571165618689,0.315315315315,0.579945114934,0.437917739848,2,1.32432432432,0.579945114934,2,0.0112793104974,0.00524934383202,4,0.000514800514801,0.423629399586,37,37,37,1,0,0.72972972973,0.243243243243,0.027027027027,-42,-0.0315315315315,0,-2.27027027027,-4.2,-1.16666666667,-1.4353909137,0.0168922379313,0.040048669359,-1.94660018615,0.0131588025157,0.0101308204756,-0.400809372002,0.042402820467,0.0625625625626,0,0,0,0,0,0,-0.000890815672771,-0.000723352413713,-3,-0.0003861003861,-0.197567181611,0,0,0,174,0,42,1116,0.805555555556,1,0,0.194444444444,1,0.805555555556,0.892307692308,0.88110074037,0.805555555556,0.805555555556,2,44,0,0,0,0
3471,WLNM_dir_neg,0.986053719008,0.95174782601,00:00:03,10,80,36,1237887360,threshold_sweep,0.6,1,0.0454545454545,0.0869565217391,2,0,42,88,0.0454545454545,1,0,0.954545454545,1,0.0454545454545,0.0869565217391,0.681818181818,0.661616161616,0.0597014925373,0.175411603861,0.0454545454545,216,172,44,0,216,0,172,0,44,37,216,0.162162162162,1.32432432432,11.6756756757,21.6,6,8.1990990496,0.702237650082,0.31006006006,10.329336629,1.76937710775,0.765265265265,3.0868314707,0.528762798222,0.252752752753,0.579945114934,0.437917739848,2,1.32432432432,0.579945114934,2,0.0121701261701,0.00597269624573,7,0.000900900900901,0.621196581197,37,37,37,1,0,0.72972972973,0.243243243243,0.027027027027,37,0.129129129129,1.32432432432,9.2972972973,17.2,4.91428571429,6.7117842671,0.721907028728,0.350565681961,8.3706372259,1.80066033348,0.77844123193,2.76100038448,0.59393612922,0.327467001886,0.579945114934,0.437917739848,2,1.32432432432,0.579945114934,2,0.0119679368251,0.00402144772118,3,0.0003861003861,0.422147918104,37,37,37,1,0,0.72972972973,0.216216216216,0.0540540540541,37,174,0.130630630631,1.32432432432,9.40540540541,17.4,4.83333333333,6.76370813591,0.719129888013,0.350108729419,8.38273644285,1.78253591026,0.775396085741,2.6860220987,0.571165618689,0.315315315315,0.579945114934,0.437917739848,2,1.32432432432,0.579945114934,2,0.0112793104974,0.00524934383202,4,0.000514800514801,0.423629399586,37,37,37,1,0,0.72972972973,0.243243243243,0.027027027027,-42,-0.0315315315315,0,-2.27027027027,-4.2,-1.16666666667,-1.4353909137,0.0168922379313,0.040048669359,-1.94660018615,0.0131588025157,0.0101308204756,-0.400809372002,0.042402820467,0.0625625625626,0,0,0,0,0,0,-0.000890815672771,-0.000723352413713,-3,-0.0003861003861,-0.197567181611,0,0,0,174,0,42,1116,0.805555555556,1,0,0.194444444444,1,0.805555555556,0.892307692308,0.88110074037,0.805555555556,0.805555555556,2,44,0,0,0,0
3472,WLNM_dir_neg,0.986053719008,0.95174782601,00:00:03,10,80,36,1237887360,threshold_sweep,0.7,1,0.0454545454545,0.0869565217391,2,0,42,88,0.0454545454545,1,0,0.954545454545,1,0.0454545454545,0.0869565217391,0.681818181818,0.661616161616,0.0597014925373,0.175411603861,0.0454545454545,216,172,44,0,216,0,172,0,44,37,216,0.162162162162,1.32432432432,11.6756756757,21.6,6,8.1990990496,0.702237650082,0.31006006006,10.329336629,1.76937710775,0.765265265265,3.0868314707,0.528762798222,0.252752752753,0.579945114934,0.437917739848,2,1.32432432432,0.579945114934,2,0.0121701261701,0.00597269624573,7,0.000900900900901,0.621196581197,37,37,37,1,0,0.72972972973,0.243243243243,0.027027027027,37,0.129129129129,1.32432432432,9.2972972973,17.2,4.91428571429,6.7117842671,0.721907028728,0.350565681961,8.3706372259,1.80066033348,0.77844123193,2.76100038448,0.59393612922,0.327467001886,0.579945114934,0.437917739848,2,1.32432432432,0.579945114934,2,0.0119679368251,0.00402144772118,3,0.0003861003861,0.422147918104,37,37,37,1,0,0.72972972973,0.216216216216,0.0540540540541,37,174,0.130630630631,1.32432432432,9.40540540541,17.4,4.83333333333,6.76370813591,0.719129888013,0.350108729419,8.38273644285,1.78253591026,0.775396085741,2.6860220987,0.571165618689,0.315315315315,0.579945114934,0.437917739848,2,1.32432432432,0.579945114934,2,0.0112793104974,0.00524934383202,4,0.000514800514801,0.423629399586,37,37,37,1,0,0.72972972973,0.243243243243,0.027027027027,-42,-0.0315315315315,0,-2.27027027027,-4.2,-1.16666666667,-1.4353909137,0.0168922379313,0.040048669359,-1.94660018615,0.0131588025157,0.0101308204756,-0.400809372002,0.042402820467,0.0625625625626,0,0,0,0,0,0,-0.000890815672771,-0.000723352413713,-3,-0.0003861003861,-0.197567181611,0,0,0,174,0,42,1116,0.805555555556,1,0,0.194444444444,1,0.805555555556,0.892307692308,0.88110074037,0.805555555556,0.805555555556,2,44,0,0,0,0
3473,WLNM_dir_neg,0.986053719008,0.95174782601,00:00:03,10,80,36,1237887360,threshold_sweep,0.8,1,0.0454545454545,0.0869565217391,2,0,42,88,0.0454545454545,1,0,0.954545454545,1,0.0454545454545,0.0869565217391,0.681818181818,0.661616161616,0.0597014925373,0.175411603861,0.0454545454545,216,172,44,0,216,0,172,0,44,37,216,0.162162162162,1.32432432432,11.6756756757,21.6,6,8.1990990496,0.702237650082,0.31006006006,10.329336629,1.76937710775,0.765265265265,3.0868314707,0.528762798222,0.252752752753,0.579945114934,0.437917739848,2,1.32432432432,0.579945114934,2,0.0121701261701,0.00597269624573,7,0.000900900900901,0.621196581197,37,37,37,1,0,0.72972972973,0.243243243243,0.027027027027,37,0.129129129129,1.32432432432,9.2972972973,17.2,4.91428571429,6.7117842671,0.721907028728,0.350565681961,8.3706372259,1.80066033348,0.77844123193,2.76100038448,0.59393612922,0.327467001886,0.579945114934,0.437917739848,2,1.32432432432,0.579945114934,2,0.0119679368251,0.00402144772118,3,0.0003861003861,0.422147918104,37,37,37,1,0,0.72972972973,0.216216216216,0.0540540540541,37,174,0.130630630631,1.32432432432,9.40540540541,17.4,4.83333333333,6.76370813591,0.719129888013,0.350108729419,8.38273644285,1.78253591026,0.775396085741,2.6860220987,0.571165618689,0.315315315315,0.579945114934,0.437917739848,2,1.32432432432,0.579945114934,2,0.0112793104974,0.00524934383202,4,0.000514800514801,0.423629399586,37,37,37,1,0,0.72972972973,0.243243243243,0.027027027027,-42,-0.0315315315315,0,-2.27027027027,-4.2,-1.16666666667,-1.4353909137,0.0168922379313,0.040048669359,-1.94660018615,0.0131588025157,0.0101308204756,-0.400809372002,0.042402820467,0.0625625625626,0,0,0,0,0,0,-0.000890815672771,-0.000723352413713,-3,-0.0003861003861,-0.197567181611,0,0,0,174,0,42,1116,0.805555555556,1,0,0.194444444444,1,0.805555555556,0.892307692308,0.88110074037,0.805555555556,0.805555555556,2,44,0,0,0,0
3474,WLNM_dir_neg,0.986053719008,0.95174782601,00:00:03,10,80,36,1237887360,threshold_sweep,0.9,1,0.0454545454545,0.0869565217391,2,0,42,88,0.0454545454545,1,0,0.954545454545,1,0.0454545454545,0.0869565217391,0.681818181818,0.661616161616,0.0597014925373,0.175411603861,0.0454545454545,216,172,44,0,216,0,172,0,44,37,216,0.162162162162,1.32432432432,11.6756756757,21.6,6,8.1990990496,0.702237650082,0.31006006006,10.329336629,1.76937710775,0.765265265265,3.0868314707,0.528762798222,0.252752752753,0.579945114934,0.437917739848,2,1.32432432432,0.579945114934,2,0.0121701261701,0.00597269624573,7,0.000900900900901,0.621196581197,37,37,37,1,0,0.72972972973,0.243243243243,0.027027027027,37,0.129129129129,1.32432432432,9.2972972973,17.2,4.91428571429,6.7117842671,0.721907028728,0.350565681961,8.3706372259,1.80066033348,0.77844123193,2.76100038448,0.59393612922,0.327467001886,0.579945114934,0.437917739848,2,1.32432432432,0.579945114934,2,0.0119679368251,0.00402144772118,3,0.0003861003861,0.422147918104,37,37,37,1,0,0.72972972973,0.216216216216,0.0540540540541,37,174,0.130630630631,1.32432432432,9.40540540541,17.4,4.83333333333,6.76370813591,0.719129888013,0.350108729419,8.38273644285,1.78253591026,0.775396085741,2.6860220987,0.571165618689,0.315315315315,0.579945114934,0.437917739848,2,1.32432432432,0.579945114934,2,0.0112793104974,0.00524934383202,4,0.000514800514801,0.423629399586,37,37,37,1,0,0.72972972973,0.243243243243,0.027027027027,-42,-0.0315315315315,0,-2.27027027027,-4.2,-1.16666666667,-1.4353909137,0.0168922379313,0.040048669359,-1.94660018615,0.0131588025157,0.0101308204756,-0.400809372002,0.042402820467,0.0625625625626,0,0,0,0,0,0,-0.000890815672771,-0.000723352413713,-3,-0.0003861003861,-0.197567181611,0,0,0,174,0,42,1116,0.805555555556,1,0,0.194444444444,1,0.805555555556,0.892307692308,0.88110074037,0.805555555556,0.805555555556,2,44,0,0,0,0
3475,WLNM_dir_neg,0.99728822314,0.972855917667,00:00:03,10,80,37,1237887361,threshold_sweep,0.1,1,0.0227272727273,0.0444444444444,1,0,43,88,0.0227272727273,1,0,0.977272727273,1,0.0227272727273,0.0444444444444,0.674242424242,0.664141414141,0.0300751879699,0.123560412643,0.0227272727273,216,172,44,0,216,0,172,0,44,37,216,0.162162162162,1.32432432432,11.6756756757,21.6,6,8.1990990496,0.702237650082,0.31006006006,10.329336629,1.76937710775,0.765265265265,3.0868314707,0.528762798222,0.252752752753,0.579945114934,0.437917739848,2,1.32432432432,0.579945114934,2,0.0121701261701,0.00597269624573,7,0.000900900900901,0.621196581197,37,37,37,1,0,0.72972972973,0.243243243243,0.027027027027,37,0.129129129129,1.32094594595,9.2972972973,17.2,5.05882352941,6.67859293591,0.718337030897,0.34412319296,8.24693955428,1.77405095063,0.772155876807,2.60572250821,0.560533330254,0.307039597737,0.570194700955,0.431656346503,2,1.32094594595,0.570194700955,2,0,0,0,0,0.413550774507,37,37,37,1,0,0.72972972973,0.189189189189,0.0810810810811,37,173,0.12987987988,1.32094594595,9.35135135135,17.3,5.08823529412,6.70909919527,0.717447023772,0.343227620684,8.25312753531,1.76511976189,0.770504608655,2.57179200444,0.550036440256,0.301202937041,0.570194700955,0.431656346503,2,1.32094594595,0.570194700955,2,0,0,0,0,0.416328552285,37,37,37,1,0,0.72972972973,0.189189189189,0.0810810810811,-43,-0.0322822822823,-0.00337837837838,-2.32432432432,-4.3,-0.911764705882,-1.48999985433,0.0152093736901,0.0331675606242,-2.07620909369,-0.00425734585793,0.00523934338963,-0.515039466262,0.021273642034,0.0484501842883,-0.0097504139796,-0.00626139334556,0,-0.00337837837838,-0.0097504139796,0,-0.0121701261701,-0.00597269624573,-7,-0.000900900900901,-0.204868028912,0,-0.0540540540541,0.0540540540541,173,0,43,1116,0.800925925926,1,0,0.199074074074,1,0.800925925926,0.889460154242,0.878186092989,0.800925925926,0.800925925926,1,44,0,0,0,0
3476,WLNM_dir_neg,0.99728822314,0.972855917667,00:00:03,10,80,37,1237887361,threshold_sweep,0.2,1,0.0227272727273,0.0444444444444,1,0,43,88,0.0227272727273,1,0,0.977272727273,1,0.0227272727273,0.0444444444444,0.674242424242,0.664141414141,0.0300751879699,0.123560412643,0.0227272727273,216,172,44,0,216,0,172,0,44,37,216,0.162162162162,1.32432432432,11.6756756757,21.6,6,8.1990990496,0.702237650082,0.31006006006,10.329336629,1.76937710775,0.765265265265,3.0868314707,0.528762798222,0.252752752753,0.579945114934,0.437917739848,2,1.32432432432,0.579945114934,2,0.0121701261701,0.00597269624573,7,0.000900900900901,0.621196581197,37,37,37,1,0,0.72972972973,0.243243243243,0.027027027027,37,0.129129129129,1.32094594595,9.2972972973,17.2,5.05882352941,6.67859293591,0.718337030897,0.34412319296,8.24693955428,1.77405095063,0.772155876807,2.60572250821,0.560533330254,0.307039597737,0.570194700955,0.431656346503,2,1.32094594595,0.570194700955,2,0,0,0,0,0.413550774507,37,37,37,1,0,0.72972972973,0.189189189189,0.0810810810811,37,173,0.12987987988,1.32094594595,9.35135135135,17.3,5.08823529412,6.70909919527,0.717447023772,0.343227620684,8.25312753531,1.76511976189,0.770504608655,2.57179200444,0.550036440256,0.301202937041,0.570194700955,0.431656346503,2,1.32094594595,0.570194700955,2,0,0,0,0,0.416328552285,37,37,37,1,0,0.72972972973,0.189189189189,0.0810810810811,-43,-0.0322822822823,-0.00337837837838,-2.32432432432,-4.3,-0.911764705882,-1.48999985433,0.0152093736901,0.0331675606242,-2.07620909369,-0.00425734585793,0.00523934338963,-0.515039466262,0.021273642034,0.0484501842883,-0.0097504139796,-0.00626139334556,0,-0.00337837837838,-0.0097504139796,0,-0.0121701261701,-0.00597269624573,-7,-0.000900900900901,-0.204868028912,0,-0.0540540540541,0.0540540540541,173,0,43,1116,0.800925925926,1,0,0.199074074074,1,0.800925925926,0.889460154242,0.878186092989,0.800925925926,0.800925925926,1,44,0,0,0,0
3477,WLNM_dir_neg,0.99728822314,0.972855917667,00:00:03,10,80,37,1237887361,threshold_sweep,0.3,1,0.0227272727273,0.0444444444444,1,0,43,88,0.0227272727273,1,0,0.977272727273,1,0.0227272727273,0.0444444444444,0.674242424242,0.664141414141,0.0300751879699,0.123560412643,0.0227272727273,216,172,44,0,216,0,172,0,44,37,216,0.162162162162,1.32432432432,11.6756756757,21.6,6,8.1990990496,0.702237650082,0.31006006006,10.329336629,1.76937710775,0.765265265265,3.0868314707,0.528762798222,0.252752752753,0.579945114934,0.437917739848,2,1.32432432432,0.579945114934,2,0.0121701261701,0.00597269624573,7,0.000900900900901,0.621196581197,37,37,37,1,0,0.72972972973,0.243243243243,0.027027027027,37,0.129129129129,1.32094594595,9.2972972973,17.2,5.05882352941,6.67859293591,0.718337030897,0.34412319296,8.24693955428,1.77405095063,0.772155876807,2.60572250821,0.560533330254,0.307039597737,0.570194700955,0.431656346503,2,1.32094594595,0.570194700955,2,0,0,0,0,0.413550774507,37,37,37,1,0,0.72972972973,0.189189189189,0.0810810810811,37,173,0.12987987988,1.32094594595,9.35135135135,17.3,5.08823529412,6.70909919527,0.717447023772,0.343227620684,8.25312753531,1.76511976189,0.770504608655,2.57179200444,0.550036440256,0.301202937041,0.570194700955,0.431656346503,2,1.32094594595,0.570194700955,2,0,0,0,0,0.416328552285,37,37,37,1,0,0.72972972973,0.189189189189,0.0810810810811,-43,-0.0322822822823,-0.00337837837838,-2.32432432432,-4.3,-0.911764705882,-1.48999985433,0.0152093736901,0.0331675606242,-2.07620909369,-0.00425734585793,0.00523934338963,-0.515039466262,0.021273642034,0.0484501842883,-0.0097504139796,-0.00626139334556,0,-0.00337837837838,-0.0097504139796,0,-0.0121701261701,-0.00597269624573,-7,-0.000900900900901,-0.204868028912,0,-0.0540540540541,0.0540540540541,173,0,43,1116,0.800925925926,1,0,0.199074074074,1,0.800925925926,0.889460154242,0.878186092989,0.800925925926,0.800925925926,1,44,0,0,0,0
3478,WLNM_dir_neg,0.99728822314,0.972855917667,00:00:03,10,80,37,1237887361,threshold_sweep,0.4,1,0.0227272727273,0.0444444444444,1,0,43,88,0.0227272727273,1,0,0.977272727273,1,0.0227272727273,0.0444444444444,0.674242424242,0.664141414141,0.0300751879699,0.123560412643,0.0227272727273,216,172,44,0,216,0,172,0,44,37,216,0.162162162162,1.32432432432,11.6756756757,21.6,6,8.1990990496,0.702237650082,0.31006006006,10.329336629,1.76937710775,0.765265265265,3.0868314707,0.528762798222,0.252752752753,0.579945114934,0.437917739848,2,1.32432432432,0.579945114934,2,0.0121701261701,0.00597269624573,7,0.000900900900901,0.621196581197,37,37,37,1,0,0.72972972973,0.243243243243,0.027027027027,37,0.129129129129,1.32094594595,9.2972972973,17.2,5.05882352941,6.67859293591,0.718337030897,0.34412319296,8.24693955428,1.77405095063,0.772155876807,2.60572250821,0.560533330254,0.307039597737,0.570194700955,0.431656346503,2,1.32094594595,0.570194700955,2,0,0,0,0,0.413550774507,37,37,37,1,0,0.72972972973,0.189189189189,0.0810810810811,37,173,0.12987987988,1.32094594595,9.35135135135,17.3,5.08823529412,6.70909919527,0.717447023772,0.343227620684,8.25312753531,1.76511976189,0.770504608655,2.57179200444,0.550036440256,0.301202937041,0.570194700955,0.431656346503,2,1.32094594595,0.570194700955,2,0,0,0,0,0.416328552285,37,37,37,1,0,0.72972972973,0.189189189189,0.0810810810811,-43,-0.0322822822823,-0.00337837837838,-2.32432432432,-4.3,-0.911764705882,-1.48999985433,0.0152093736901,0.0331675606242,-2.07620909369,-0.00425734585793,0.00523934338963,-0.515039466262,0.021273642034,0.0484501842883,-0.0097504139796,-0.00626139334556,0,-0.00337837837838,-0.0097504139796,0,-0.0121701261701,-0.00597269624573,-7,-0.000900900900901,-0.204868028912,0,-0.0540540540541,0.0540540540541,173,0,43,1116,0.800925925926,1,0,0.199074074074,1,0.800925925926,0.889460154242,0.878186092989,0.800925925926,0.800925925926,1,44,0,0,0,0
3479,WLNM_dir_neg,0.99728822314,0.972855917667,00:00:03,10,80,37,1237887361,threshold_sweep,0.5,1,0.0227272727273,0.0444444444444,1,0,43,88,0.0227272727273,1,0,0.977272727273,1,0.0227272727273,0.0444444444444,0.674242424242,0.664141414141,0.0300751879699,0.123560412643,0.0227272727273,216,172,44,0,216,0,172,0,44,37,216,0.162162162162,1.32432432432,11.6756756757,21.6,6,8.1990990496,0.702237650082,0.31006006006,10.329336629,1.76937710775,0.765265265265,3.0868314707,0.528762798222,0.252752752753,0.579945114934,0.437917739848,2,1.32432432432,0.579945114934,2,0.0121701261701,0.00597269624573,7,0.000900900900901,0.621196581197,37,37,37,1,0,0.72972972973,0.243243243243,0.027027027027,37,0.129129129129,1.32094594595,9.2972972973,17.2,5.05882352941,6.67859293591,0.718337030897,0.34412319296,8.24693955428,1.77405095063,0.772155876807,2.60572250821,0.560533330254,0.307039597737,0.570194700955,0.431656346503,2,1.32094594595,0.570194700955,2,0,0,0,0,0.413550774507,37,37,37,1,0,0.72972972973,0.189189189189,0.0810810810811,37,173,0.12987987988,1.32094594595,9.35135135135,17.3,5.08823529412,6.70909919527,0.717447023772,0.343227620684,8.25312753531,1.76511976189,0.770504608655,2.57179200444,0.550036440256,0.301202937041,0.570194700955,0.431656346503,2,1.32094594595,0.570194700955,2,0,0,0,0,0.416328552285,37,37,37,1,0,0.72972972973,0.189189189189,0.0810810810811,-43,-0.0322822822823,-0.00337837837838,-2.32432432432,-4.3,-0.911764705882,-1.48999985433,0.0152093736901,0.0331675606242,-2.07620909369,-0.00425734585793,0.00523934338963,-0.515039466262,0.021273642034,0.0484501842883,-0.0097504139796,-0.00626139334556,0,-0.00337837837838,-0.0097504139796,0,-0.0121701261701,-0.00597269624573,-7,-0.000900900900901,-0.204868028912,0,-0.0540540540541,0.0540540540541,173,0,43,1116,0.800925925926,1,0,0.199074074074,1,0.800925925926,0.889460154242,0.878186092989,0.800925925926,0.800925925926,1,44,0,0,0,0
3480,WLNM_dir_neg,0.99728822314,0.972855917667,00:00:03,10,80,37,1237887361,threshold_sweep,0.6,1,0.0227272727273,0.0444444444444,1,0,43,88,0.0227272727273,1,0,0.977272727273,1,0.0227272727273,0.0444444444444,0.674242424242,0.664141414141,0.0300751879699,0.123560412643,0.0227272727273,216,172,44,0,216,0,172,0,44,37,216,0.162162162162,1.32432432432,11.6756756757,21.6,6,8.1990990496,0.702237650082,0.31006006006,10.329336629,1.76937710775,0.765265265265,3.0868314707,0.528762798222,0.252752752753,0.579945114934,0.437917739848,2,1.32432432432,0.579945114934,2,0.0121701261701,0.00597269624573,7,0.000900900900901,0.621196581197,37,37,37,1,0,0.72972972973,0.243243243243,0.027027027027,37,0.129129129129,1.32094594595,9.2972972973,17.2,5.05882352941,6.67859293591,0.718337030897,0.34412319296,8.24693955428,1.77405095063,0.772155876807,2.60572250821,0.560533330254,0.307039597737,0.570194700955,0.431656346503,2,1.32094594595,0.570194700955,2,0,0,0,0,0.413550774507,37,37,37,1,0,0.72972972973,0.189189189189,0.0810810810811,37,173,0.12987987988,1.32094594595,9.35135135135,17.3,5.08823529412,6.70909919527,0.717447023772,0.343227620684,8.25312753531,1.76511976189,0.770504608655,2.57179200444,0.550036440256,0.301202937041,0.570194700955,0.431656346503,2,1.32094594595,0.570194700955,2,0,0,0,0,0.416328552285,37,37,37,1,0,0.72972972973,0.189189189189,0.0810810810811,-43,-0.0322822822823,-0.00337837837838,-2.32432432432,-4.3,-0.911764705882,-1.48999985433,0.0152093736901,0.0331675606242,-2.07620909369,-0.00425734585793,0.00523934338963,-0.515039466262,0.021273642034,0.0484501842883,-0.0097504139796,-0.00626139334556,0,-0.00337837837838,-0.0097504139796,0,-0.0121701261701,-0.00597269624573,-7,-0.000900900900901,-0.204868028912,0,-0.0540540540541,0.0540540540541,173,0,43,1116,0.800925925926,1,0,0.199074074074,1,0.800925925926,0.889460154242,0.878186092989,0.800925925926,0.800925925926,1,44,0,0,0,0
3481,WLNM_dir_neg,0.99728822314,0.972855917667,00:00:03,10,80,37,1237887361,threshold_sweep,0.7,1,0.0227272727273,0.0444444444444,1,0,43,88,0.0227272727273,1,0,0.977272727273,1,0.0227272727273,0.0444444444444,0.674242424242,0.664141414141,0.0300751879699,0.123560412643,0.0227272727273,216,172,44,0,216,0,172,0,44,37,216,0.162162162162,1.32432432432,11.6756756757,21.6,6,8.1990990496,0.702237650082,0.31006006006,10.329336629,1.76937710775,0.765265265265,3.0868314707,0.528762798222,0.252752752753,0.579945114934,0.437917739848,2,1.32432432432,0.579945114934,2,0.0121701261701,0.00597269624573,7,0.000900900900901,0.621196581197,37,37,37,1,0,0.72972972973,0.243243243243,0.027027027027,37,0.129129129129,1.32094594595,9.2972972973,17.2,5.05882352941,6.67859293591,0.718337030897,0.34412319296,8.24693955428,1.77405095063,0.772155876807,2.60572250821,0.560533330254,0.307039597737,0.570194700955,0.431656346503,2,1.32094594595,0.570194700955,2,0,0,0,0,0.413550774507,37,37,37,1,0,0.72972972973,0.189189189189,0.0810810810811,37,173,0.12987987988,1.32094594595,9.35135135135,17.3,5.08823529412,6.70909919527,0.717447023772,0.343227620684,8.25312753531,1.76511976189,0.770504608655,2.57179200444,0.550036440256,0.301202937041,0.570194700955,0.431656346503,2,1.32094594595,0.570194700955,2,0,0,0,0,0.416328552285,37,37,37,1,0,0.72972972973,0.189189189189,0.0810810810811,-43,-0.0322822822823,-0.00337837837838,-2.32432432432,-4.3,-0.911764705882,-1.48999985433,0.0152093736901,0.0331675606242,-2.07620909369,-0.00425734585793,0.00523934338963,-0.515039466262,0.021273642034,0.0484501842883,-0.0097504139796,-0.00626139334556,0,-0.00337837837838,-0.0097504139796,0,-0.0121701261701,-0.00597269624573,-7,-0.000900900900901,-0.204868028912,0,-0.0540540540541,0.0540540540541,173,0,43,1116,0.800925925926,1,0,0.199074074074,1,0.800925925926,0.889460154242,0.878186092989,0.800925925926,0.800925925926,1,44,0,0,0,0
3482,WLNM_dir_neg,0.99728822314,0.972855917667,00:00:03,10,80,37,1237887361,threshold_sweep,0.8,1,0.0227272727273,0.0444444444444,1,0,43,88,0.0227272727273,1,0,0.977272727273,1,0.0227272727273,0.0444444444444,0.674242424242,0.664141414141,0.0300751879699,0.123560412643,0.0227272727273,216,172,44,0,216,0,172,0,44,37,216,0.162162162162,1.32432432432,11.6756756757,21.6,6,8.1990990496,0.702237650082,0.31006006006,10.329336629,1.76937710775,0.765265265265,3.0868314707,0.528762798222,0.252752752753,0.579945114934,0.437917739848,2,1.32432432432,0.579945114934,2,0.0121701261701,0.00597269624573,7,0.000900900900901,0.621196581197,37,37,37,1,0,0.72972972973,0.243243243243,0.027027027027,37,0.129129129129,1.32094594595,9.2972972973,17.2,5.05882352941,6.67859293591,0.718337030897,0.34412319296,8.24693955428,1.77405095063,0.772155876807,2.60572250821,0.560533330254,0.307039597737,0.570194700955,0.431656346503,2,1.32094594595,0.570194700955,2,0,0,0,0,0.413550774507,37,37,37,1,0,0.72972972973,0.189189189189,0.0810810810811,37,173,0.12987987988,1.32094594595,9.35135135135,17.3,5.08823529412,6.70909919527,0.717447023772,0.343227620684,8.25312753531,1.76511976189,0.770504608655,2.57179200444,0.550036440256,0.301202937041,0.570194700955,0.431656346503,2,1.32094594595,0.570194700955,2,0,0,0,0,0.416328552285,37,37,37,1,0,0.72972972973,0.189189189189,0.0810810810811,-43,-0.0322822822823,-0.00337837837838,-2.32432432432,-4.3,-0.911764705882,-1.48999985433,0.0152093736901,0.0331675606242,-2.07620909369,-0.00425734585793,0.00523934338963,-0.515039466262,0.021273642034,0.0484501842883,-0.0097504139796,-0.00626139334556,0,-0.00337837837838,-0.0097504139796,0,-0.0121701261701,-0.00597269624573,-7,-0.000900900900901,-0.204868028912,0,-0.0540540540541,0.0540540540541,173,0,43,1116,0.800925925926,1,0,0.199074074074,1,0.800925925926,0.889460154242,0.878186092989,0.800925925926,0.800925925926,1,44,0,0,0,0
3483,WLNM_dir_neg,0.99728822314,0.972855917667,00:00:03,10,80,37,1237887361,threshold_sweep,0.9,1,0.0227272727273,0.0444444444444,1,0,43,88,0.0227272727273,1,0,0.977272727273,1,0.0227272727273,0.0444444444444,0.674242424242,0.664141414141,0.0300751879699,0.123560412643,0.0227272727273,216,172,44,0,216,0,172,0,44,37,216,0.162162162162,1.32432432432,11.6756756757,21.6,6,8.1990990496,0.702237650082,0.31006006006,10.329336629,1.76937710775,0.765265265265,3.0868314707,0.528762798222,0.252752752753,0.579945114934,0.437917739848,2,1.32432432432,0.579945114934,2,0.0121701261701,0.00597269624573,7,0.000900900900901,0.621196581197,37,37,37,1,0,0.72972972973,0.243243243243,0.027027027027,37,0.129129129129,1.32094594595,9.2972972973,17.2,5.05882352941,6.67859293591,0.718337030897,0.34412319296,8.24693955428,1.77405095063,0.772155876807,2.60572250821,0.560533330254,0.307039597737,0.570194700955,0.431656346503,2,1.32094594595,0.570194700955,2,0,0,0,0,0.413550774507,37,37,37,1,0,0.72972972973,0.189189189189,0.0810810810811,37,173,0.12987987988,1.32094594595,9.35135135135,17.3,5.08823529412,6.70909919527,0.717447023772,0.343227620684,8.25312753531,1.76511976189,0.770504608655,2.57179200444,0.550036440256,0.301202937041,0.570194700955,0.431656346503,2,1.32094594595,0.570194700955,2,0,0,0,0,0.416328552285,37,37,37,1,0,0.72972972973,0.189189189189,0.0810810810811,-43,-0.0322822822823,-0.00337837837838,-2.32432432432,-4.3,-0.911764705882,-1.48999985433,0.0152093736901,0.0331675606242,-2.07620909369,-0.00425734585793,0.00523934338963,-0.515039466262,0.021273642034,0.0484501842883,-0.0097504139796,-0.00626139334556,0,-0.00337837837838,-0.0097504139796,0,-0.0121701261701,-0.00597269624573,-7,-0.000900900900901,-0.204868028912,0,-0.0540540540541,0.0540540540541,173,0,43,1116,0.800925925926,1,0,0.199074074074,1,0.800925925926,0.889460154242,0.878186092989,0.800925925926,0.800925925926,1,44,0,0,0,0
3484,WLNM_dir_neg,0.967716942149,0.741856060606,00:00:03,10,80,38,1237887362,threshold_sweep,0.1,0.5,0.0454545454545,0.0833333333333,2,2,42,86,0.0454545454545,0.977272727273,0.0227272727273,0.954545454545,0.5,0.0454545454545,0.0833333333333,0.666666666667,0.656565656566,0.0294117647059,0.0625,0.0227272727273,216,172,44,0,216,0,172,0,44,37,216,0.162162162162,1.32432432432,11.6756756757,21.6,6,8.1990990496,0.702237650082,0.31006006006,10.329336629,1.76937710775,0.765265265265,3.0868314707,0.528762798222,0.252752752753,0.579945114934,0.437917739848,2,1.32432432432,0.579945114934,2,0.0121701261701,0.00597269624573,7,0.000900900900901,0.621196581197,37,37,37,1,0,0.72972972973,0.243243243243,0.027027027027,37,0.129129129129,1.32432432432,9.2972972973,17.2,5.05882352941,6.6577643264,0.716096744409,0.348837209302,8.2435706133,1.77332623658,0.772155876807,2.72045968559,0.585215164923,0.323695788812,0.579945114934,0.437917739848,2,1.33333333333,0.585540043769,2,0.0125628790591,0.00674157303371,5,0.000643500643501,0.426515493095,37,36,36,0.972972972973,0,0.702702702703,0.216216216216,0.0540540540541,37,176,0.132132132132,1.40540540541,9.51351351351,16,5.02857142857,6.75204340108,0.709731834773,0.349969287469,8.25767456305,1.73598840246,0.765663390663,2.57558413445,0.541458028265,0.299447174447,0.724931393668,0.515816568572,3,1.40540540541,0.724931393668,3,0.0109214236419,0.00905562742561,7,0.000900900900901,0.35361368627,37,37,37,1,0,0.702702702703,0.243243243243,0.0540540540541,-40,-0.03003003003,0.0810810810811,-2.16216216216,-5.6,-0.971428571429,-1.44705564852,0.00749418469092,0.0399092274092,-2.07166206595,-0.0333887052866,0.000398125398125,-0.511247336253,0.0126952300427,0.0466944216944,0.144986278734,0.077898828723,1,0.0810810810811,0.144986278734,1,-0.00124870252821,0.00308293117988,0,0,-0.267582894927,-0.027027027027,0,0.027027027027,174,2,42,1114,0.805555555556,0.998207885305,0.00179211469534,0.194444444444,0.988636363636,0.805555555556,0.887755102041,0.8748870141,0.80376344086,0.798165137615,4,44,0,0,0,0
3485,WLNM_dir_neg,0.967716942149,0.741856060606,00:00:03,10,80,38,1237887362,threshold_sweep,0.2,0.5,0.0454545454545,0.0833333333333,2,2,42,86,0.0454545454545,0.977272727273,0.0227272727273,0.954545454545,0.5,0.0454545454545,0.0833333333333,0.666666666667,0.656565656566,0.0294117647059,0.0625,0.0227272727273,216,172,44,0,216,0,172,0,44,37,216,0.162162162162,1.32432432432,11.6756756757,21.6,6,8.1990990496,0.702237650082,0.31006006006,10.329336629,1.76937710775,0.765265265265,3.0868314707,0.528762798222,0.252752752753,0.579945114934,0.437917739848,2,1.32432432432,0.579945114934,2,0.0121701261701,0.00597269624573,7,0.000900900900901,0.621196581197,37,37,37,1,0,0.72972972973,0.243243243243,0.027027027027,37,0.129129129129,1.32432432432,9.2972972973,17.2,5.05882352941,6.6577643264,0.716096744409,0.348837209302,8.2435706133,1.77332623658,0.772155876807,2.72045968559,0.585215164923,0.323695788812,0.579945114934,0.437917739848,2,1.33333333333,0.585540043769,2,0.0125628790591,0.00674157303371,5,0.000643500643501,0.426515493095,37,36,36,0.972972972973,0,0.702702702703,0.216216216216,0.0540540540541,37,176,0.132132132132,1.40540540541,9.51351351351,16,5.02857142857,6.75204340108,0.709731834773,0.349969287469,8.25767456305,1.73598840246,0.765663390663,2.57558413445,0.541458028265,0.299447174447,0.724931393668,0.515816568572,3,1.40540540541,0.724931393668,3,0.0109214236419,0.00905562742561,7,0.000900900900901,0.35361368627,37,37,37,1,0,0.702702702703,0.243243243243,0.0540540540541,-40,-0.03003003003,0.0810810810811,-2.16216216216,-5.6,-0.971428571429,-1.44705564852,0.00749418469092,0.0399092274092,-2.07166206595,-0.0333887052866,0.000398125398125,-0.511247336253,0.0126952300427,0.0466944216944,0.144986278734,0.077898828723,1,0.0810810810811,0.144986278734,1,-0.00124870252821,0.00308293117988,0,0,-0.267582894927,-0.027027027027,0,0.027027027027,174,2,42,1114,0.805555555556,0.998207885305,0.00179211469534,0.194444444444,0.988636363636,0.805555555556,0.887755102041,0.8748870141,0.80376344086,0.798165137615,4,44,0,0,0,0
3486,WLNM_dir_neg,0.967716942149,0.741856060606,00:00:03,10,80,38,1237887362,threshold_sweep,0.3,0.5,0.0454545454545,0.0833333333333,2,2,42,86,0.0454545454545,0.977272727273,0.0227272727273,0.954545454545,0.5,0.0454545454545,0.0833333333333,0.666666666667,0.656565656566,0.0294117647059,0.0625,0.0227272727273,216,172,44,0,216,0,172,0,44,37,216,0.162162162162,1.32432432432,11.6756756757,21.6,6,8.1990990496,0.702237650082,0.31006006006,10.329336629,1.76937710775,0.765265265265,3.0868314707,0.528762798222,0.252752752753,0.579945114934,0.437917739848,2,1.32432432432,0.579945114934,2,0.0121701261701,0.00597269624573,7,0.000900900900901,0.621196581197,37,37,37,1,0,0.72972972973,0.243243243243,0.027027027027,37,0.129129129129,1.32432432432,9.2972972973,17.2,5.05882352941,6.6577643264,0.716096744409,0.348837209302,8.2435706133,1.77332623658,0.772155876807,2.72045968559,0.585215164923,0.323695788812,0.579945114934,0.437917739848,2,1.33333333333,0.585540043769,2,0.0125628790591,0.00674157303371,5,0.000643500643501,0.426515493095,37,36,36,0.972972972973,0,0.702702702703,0.216216216216,0.0540540540541,37,176,0.132132132132,1.40540540541,9.51351351351,16,5.02857142857,6.75204340108,0.709731834773,0.349969287469,8.25767456305,1.73598840246,0.765663390663,2.57558413445,0.541458028265,0.299447174447,0.724931393668,0.515816568572,3,1.40540540541,0.724931393668,3,0.0109214236419,0.00905562742561,7,0.000900900900901,0.35361368627,37,37,37,1,0,0.702702702703,0.243243243243,0.0540540540541,-40,-0.03003003003,0.0810810810811,-2.16216216216,-5.6,-0.971428571429,-1.44705564852,0.00749418469092,0.0399092274092,-2.07166206595,-0.0333887052866,0.000398125398125,-0.511247336253,0.0126952300427,0.0466944216944,0.144986278734,0.077898828723,1,0.0810810810811,0.144986278734,1,-0.00124870252821,0.00308293117988,0,0,-0.267582894927,-0.027027027027,0,0.027027027027,174,2,42,1114,0.805555555556,0.998207885305,0.00179211469534,0.194444444444,0.988636363636,0.805555555556,0.887755102041,0.8748870141,0.80376344086,0.798165137615,4,44,0,0,0,0
3487,WLNM_dir_neg,0.967716942149,0.741856060606,00:00:03,10,80,38,1237887362,threshold_sweep,0.4,0.5,0.0454545454545,0.0833333333333,2,2,42,86,0.0454545454545,0.977272727273,0.0227272727273,0.954545454545,0.5,0.0454545454545,0.0833333333333,0.666666666667,0.656565656566,0.0294117647059,0.0625,0.0227272727273,216,172,44,0,216,0,172,0,44,37,216,0.162162162162,1.32432432432,11.6756756757,21.6,6,8.1990990496,0.702237650082,0.31006006006,10.329336629,1.76937710775,0.765265265265,3.0868314707,0.528762798222,0.252752752753,0.579945114934,0.437917739848,2,1.32432432432,0.579945114934,2,0.0121701261701,0.00597269624573,7,0.000900900900901,0.621196581197,37,37,37,1,0,0.72972972973,0.243243243243,0.027027027027,37,0.129129129129,1.32432432432,9.2972972973,17.2,5.05882352941,6.6577643264,0.716096744409,0.348837209302,8.2435706133,1.77332623658,0.772155876807,2.72045968559,0.585215164923,0.323695788812,0.579945114934,0.437917739848,2,1.33333333333,0.585540043769,2,0.0125628790591,0.00674157303371,5,0.000643500643501,0.426515493095,37,36,36,0.972972972973,0,0.702702702703,0.216216216216,0.0540540540541,37,176,0.132132132132,1.40540540541,9.51351351351,16,5.02857142857,6.75204340108,0.709731834773,0.349969287469,8.25767456305,1.73598840246,0.765663390663,2.57558413445,0.541458028265,0.299447174447,0.724931393668,0.515816568572,3,1.40540540541,0.724931393668,3,0.0109214236419,0.00905562742561,7,0.000900900900901,0.35361368627,37,37,37,1,0,0.702702702703,0.243243243243,0.0540540540541,-40,-0.03003003003,0.0810810810811,-2.16216216216,-5.6,-0.971428571429,-1.44705564852,0.00749418469092,0.0399092274092,-2.07166206595,-0.0333887052866,0.000398125398125,-0.511247336253,0.0126952300427,0.0466944216944,0.144986278734,0.077898828723,1,0.0810810810811,0.144986278734,1,-0.00124870252821,0.00308293117988,0,0,-0.267582894927,-0.027027027027,0,0.027027027027,174,2,42,1114,0.805555555556,0.998207885305,0.00179211469534,0.194444444444,0.988636363636,0.805555555556,0.887755102041,0.8748870141,0.80376344086,0.798165137615,4,44,0,0,0,0
3488,WLNM_dir_neg,0.967716942149,0.741856060606,00:00:03,10,80,38,1237887362,threshold_sweep,0.5,0.5,0.0454545454545,0.0833333333333,2,2,42,86,0.0454545454545,0.977272727273,0.0227272727273,0.954545454545,0.5,0.0454545454545,0.0833333333333,0.666666666667,0.656565656566,0.0294117647059,0.0625,0.0227272727273,216,172,44,0,216,0,172,0,44,37,216,0.162162162162,1.32432432432,11.6756756757,21.6,6,8.1990990496,0.702237650082,0.31006006006,10.329336629,1.76937710775,0.765265265265,3.0868314707,0.528762798222,0.252752752753,0.579945114934,0.437917739848,2,1.32432432432,0.579945114934,2,0.0121701261701,0.00597269624573,7,0.000900900900901,0.621196581197,37,37,37,1,0,0.72972972973,0.243243243243,0.027027027027,37,0.129129129129,1.32432432432,9.2972972973,17.2,5.05882352941,6.6577643264,0.716096744409,0.348837209302,8.2435706133,1.77332623658,0.772155876807,2.72045968559,0.585215164923,0.323695788812,0.579945114934,0.437917739848,2,1.33333333333,0.585540043769,2,0.0125628790591,0.00674157303371,5,0.000643500643501,0.426515493095,37,36,36,0.972972972973,0,0.702702702703,0.216216216216,0.0540540540541,37,176,0.132132132132,1.40540540541,9.51351351351,16,5.02857142857,6.75204340108,0.709731834773,0.349969287469,8.25767456305,1.73598840246,0.765663390663,2.57558413445,0.541458028265,0.299447174447,0.724931393668,0.515816568572,3,1.40540540541,0.724931393668,3,0.0109214236419,0.00905562742561,7,0.000900900900901,0.35361368627,37,37,37,1,0,0.702702702703,0.243243243243,0.0540540540541,-40,-0.03003003003,0.0810810810811,-2.16216216216,-5.6,-0.971428571429,-1.44705564852,0.00749418469092,0.0399092274092,-2.07166206595,-0.0333887052866,0.000398125398125,-0.511247336253,0.0126952300427,0.0466944216944,0.144986278734,0.077898828723,1,0.0810810810811,0.144986278734,1,-0.00124870252821,0.00308293117988,0,0,-0.267582894927,-0.027027027027,0,0.027027027027,174,2,42,1114,0.805555555556,0.998207885305,0.00179211469534,0.194444444444,0.988636363636,0.805555555556,0.887755102041,0.8748870141,0.80376344086,0.798165137615,4,44,0,0,0,0
3489,WLNM_dir_neg,0.967716942149,0.741856060606,00:00:03,10,80,38,1237887362,threshold_sweep,0.6,0.5,0.0454545454545,0.0833333333333,2,2,42,86,0.0454545454545,0.977272727273,0.0227272727273,0.954545454545,0.5,0.0454545454545,0.0833333333333,0.666666666667,0.656565656566,0.0294117647059,0.0625,0.0227272727273,216,172,44,0,216,0,172,0,44,37,216,0.162162162162,1.32432432432,11.6756756757,21.6,6,8.1990990496,0.702237650082,0.31006006006,10.329336629,1.76937710775,0.765265265265,3.0868314707,0.528762798222,0.252752752753,0.579945114934,0.437917739848,2,1.32432432432,0.579945114934,2,0.0121701261701,0.00597269624573,7,0.000900900900901,0.621196581197,37,37,37,1,0,0.72972972973,0.243243243243,0.027027027027,37,0.129129129129,1.32432432432,9.2972972973,17.2,5.05882352941,6.6577643264,0.716096744409,0.348837209302,8.2435706133,1.77332623658,0.772155876807,2.72045968559,0.585215164923,0.323695788812,0.579945114934,0.437917739848,2,1.33333333333,0.585540043769,2,0.0125628790591,0.00674157303371,5,0.000643500643501,0.426515493095,37,36,36,0.972972972973,0,0.702702702703,0.216216216216,0.0540540540541,37,176,0.132132132132,1.40540540541,9.51351351351,16,5.02857142857,6.75204340108,0.709731834773,0.349969287469,8.25767456305,1.73598840246,0.765663390663,2.57558413445,0.541458028265,0.299447174447,0.724931393668,0.515816568572,3,1.40540540541,0.724931393668,3,0.0109214236419,0.00905562742561,7,0.000900900900901,0.35361368627,37,37,37,1,0,0.702702702703,0.243243243243,0.0540540540541,-40,-0.03003003003,0.0810810810811,-2.16216216216,-5.6,-0.971428571429,-1.44705564852,0.00749418469092,0.0399092274092,-2.07166206595,-0.0333887052866,0.000398125398125,-0.511247336253,0.0126952300427,0.0466944216944,0.144986278734,0.077898828723,1,0.0810810810811,0.144986278734,1,-0.00124870252821,0.00308293117988,0,0,-0.267582894927,-0.027027027027,0,0.027027027027,174,2,42,1114,0.805555555556,0.998207885305,0.00179211469534,0.194444444444,0.988636363636,0.805555555556,0.887755102041,0.8748870141,0.80376344086,0.798165137615,4,44,0,0,0,0
3490,WLNM_dir_neg,0.967716942149,0.741856060606,00:00:03,10,80,38,1237887362,threshold_sweep,0.7,0.5,0.0454545454545,0.0833333333333,2,2,42,86,0.0454545454545,0.977272727273,0.0227272727273,0.954545454545,0.5,0.0454545454545,0.0833333333333,0.666666666667,0.656565656566,0.0294117647059,0.0625,0.0227272727273,216,172,44,0,216,0,172,0,44,37,216,0.162162162162,1.32432432432,11.6756756757,21.6,6,8.1990990496,0.702237650082,0.31006006006,10.329336629,1.76937710775,0.765265265265,3.0868314707,0.528762798222,0.252752752753,0.579945114934,0.437917739848,2,1.32432432432,0.579945114934,2,0.0121701261701,0.00597269624573,7,0.000900900900901,0.621196581197,37,37,37,1,0,0.72972972973,0.243243243243,0.027027027027,37,0.129129129129,1.32432432432,9.2972972973,17.2,5.05882352941,6.6577643264,0.716096744409,0.348837209302,8.2435706133,1.77332623658,0.772155876807,2.72045968559,0.585215164923,0.323695788812,0.579945114934,0.437917739848,2,1.33333333333,0.585540043769,2,0.0125628790591,0.00674157303371,5,0.000643500643501,0.426515493095,37,36,36,0.972972972973,0,0.702702702703,0.216216216216,0.0540540540541,37,176,0.132132132132,1.40540540541,9.51351351351,16,5.02857142857,6.75204340108,0.709731834773,0.349969287469,8.25767456305,1.73598840246,0.765663390663,2.57558413445,0.541458028265,0.299447174447,0.724931393668,0.515816568572,3,1.40540540541,0.724931393668,3,0.0109214236419,0.00905562742561,7,0.000900900900901,0.35361368627,37,37,37,1,0,0.702702702703,0.243243243243,0.0540540540541,-40,-0.03003003003,0.0810810810811,-2.16216216216,-5.6,-0.971428571429,-1.44705564852,0.00749418469092,0.0399092274092,-2.07166206595,-0.0333887052866,0.000398125398125,-0.511247336253,0.0126952300427,0.0466944216944,0.144986278734,0.077898828723,1,0.0810810810811,0.144986278734,1,-0.00124870252821,0.00308293117988,0,0,-0.267582894927,-0.027027027027,0,0.027027027027,174,2,42,1114,0.805555555556,0.998207885305,0.00179211469534,0.194444444444,0.988636363636,0.805555555556,0.887755102041,0.8748870141,0.80376344086,0.798165137615,4,44,0,0,0,0
3491,WLNM_dir_neg,0.967716942149,0.741856060606,00:00:03,10,80,38,1237887362,threshold_sweep,0.8,0.666666666667,0.0454545454545,0.0851063829787,2,1,42,87,0.0454545454545,0.988636363636,0.0113636363636,0.954545454545,0.666666666667,0.0454545454545,0.0851063829787,0.674242424242,0.659090909091,0.0444444444444,0.107832773203,0.0340909090909,216,172,44,0,216,0,172,0,44,37,216,0.162162162162,1.32432432432,11.6756756757,21.6,6,8.1990990496,0.702237650082,0.31006006006,10.329336629,1.76937710775,0.765265265265,3.0868314707,0.528762798222,0.252752752753,0.579945114934,0.437917739848,2,1.32432432432,0.579945114934,2,0.0121701261701,0.00597269624573,7,0.000900900900901,0.621196581197,37,37,37,1,0,0.72972972973,0.243243243243,0.027027027027,37,0.129129129129,1.32432432432,9.2972972973,17.2,5.05882352941,6.6577643264,0.716096744409,0.348837209302,8.2435706133,1.77332623658,0.772155876807,2.72045968559,0.585215164923,0.323695788812,0.579945114934,0.437917739848,2,1.33333333333,0.585540043769,2,0.0125628790591,0.00674157303371,5,0.000643500643501,0.426515493095,37,36,36,0.972972972973,0,0.702702702703,0.216216216216,0.0540540540541,37,175,0.131381381381,1.32432432432,9.45945945946,17.5,5,6.78885767921,0.717679240374,0.353204633205,8.27193598409,1.74892360807,0.767567567568,2.61032829618,0.55189798262,0.305482625483,0.579945114934,0.437917739848,2,1.33333333333,0.585540043769,2,0.012032534753,0.00909090909091,7,0.000900900900901,0.429725369638,37,36,36,0.972972972973,0,0.702702702703,0.243243243243,0.027027027027,-41,-0.0307807807808,0,-2.21621621622,-4.1,-1,-1.41024137039,0.0154415902919,0.0431445731446,-2.05740064491,-0.02045349968,0.0023023023023,-0.476503174529,0.0231351843975,0.0527298727299,0,0,0,0.00900900900901,0.00559492883467,0,-0.000137591417095,0.00311821284518,0,0,-0.191471211558,-0.027027027027,0,0,174,1,42,1115,0.805555555556,0.999103942652,0.00089605734767,0.194444444444,0.994285714286,0.805555555556,0.890025575448,0.877981593329,0.804659498208,0.801843317972,3,44,0,0,0,0
3492,WLNM_dir_neg,0.967716942149,0.741856060606,00:00:03,10,80,38,1237887362,threshold_sweep,0.9,0.666666666667,0.0454545454545,0.0851063829787,2,1,42,87,0.0454545454545,0.988636363636,0.0113636363636,0.954545454545,0.666666666667,0.0454545454545,0.0851063829787,0.674242424242,0.659090909091,0.0444444444444,0.107832773203,0.0340909090909,216,172,44,0,216,0,172,0,44,37,216,0.162162162162,1.32432432432,11.6756756757,21.6,6,8.1990990496,0.702237650082,0.31006006006,10.329336629,1.76937710775,0.765265265265,3.0868314707,0.528762798222,0.252752752753,0.579945114934,0.437917739848,2,1.32432432432,0.579945114934,2,0.0121701261701,0.00597269624573,7,0.000900900900901,0.621196581197,37,37,37,1,0,0.72972972973,0.243243243243,0.027027027027,37,0.129129129129,1.32432432432,9.2972972973,17.2,5.05882352941,6.6577643264,0.716096744409,0.348837209302,8.2435706133,1.77332623658,0.772155876807,2.72045968559,0.585215164923,0.323695788812,0.579945114934,0.437917739848,2,1.33333333333,0.585540043769,2,0.0125628790591,0.00674157303371,5,0.000643500643501,0.426515493095,37,36,36,0.972972972973,0,0.702702702703,0.216216216216,0.0540540540541,37,175,0.131381381381,1.32432432432,9.45945945946,17.5,5,6.78885767921,0.717679240374,0.353204633205,8.27193598409,1.74892360807,0.767567567568,2.61032829618,0.55189798262,0.305482625483,0.579945114934,0.437917739848,2,1.33333333333,0.585540043769,2,0.012032534753,0.00909090909091,7,0.000900900900901,0.429725369638,37,36,36,0.972972972973,0,0.702702702703,0.243243243243,0.027027027027,-41,-0.0307807807808,0,-2.21621621622,-4.1,-1,-1.41024137039,0.0154415902919,0.0431445731446,-2.05740064491,-0.02045349968,0.0023023023023,-0.476503174529,0.0231351843975,0.0527298727299,0,0,0,0.00900900900901,0.00559492883467,0,-0.000137591417095,0.00311821284518,0,0,-0.191471211558,-0.027027027027,0,0,174,1,42,1115,0.805555555556,0.999103942652,0.00089605734767,0.194444444444,0.994285714286,0.805555555556,0.890025575448,0.877981593329,0.804659498208,0.801843317972,3,44,0,0,0,0
3493,WLNM_dir_neg,0.994834710744,0.967171717172,00:00:03,10,80,39,1237887363,threshold_sweep,0.1,1,0.0681818181818,0.127659574468,3,0,41,88,0.0681818181818,1,0,0.931818181818,1,0.0681818181818,0.127659574468,0.689393939394,0.659090909091,0.0888888888889,0.215665546407,0.0681818181818,216,172,44,0,216,0,172,0,44,37,216,0.162162162162,1.32432432432,11.6756756757,21.6,6,8.1990990496,0.702237650082,0.31006006006,10.329336629,1.76937710775,0.765265265265,3.0868314707,0.528762798222,0.252752752753,0.579945114934,0.437917739848,2,1.32432432432,0.579945114934,2,0.0121701261701,0.00597269624573,7,0.000900900900901,0.621196581197,37,37,37,1,0,0.72972972973,0.243243243243,0.027027027027,37,0.129129129129,1.32432432432,9.2972972973,17.2,5.21212121212,6.87937684866,0.739932975001,0.356222501571,8.35735277138,1.79780263105,0.78001257071,2.75092122162,0.591767937209,0.325581395349,0.579945114934,0.437917739848,2,1.34285714286,0.591252764842,2,0,0,0,0,0.427158165506,37,35,35,0.945945945946,0,0.675675675676,0.216216216216,0.0540540540541,37,175,0.131381381381,1.32732732733,9.45945945946,17.5,5.14705882353,6.9345936138,0.733085610602,0.356756756757,8.38533325598,1.77289903126,0.775598455598,2.64205989343,0.558606948897,0.307644787645,0.589078670762,0.443808138832,2.11111111111,1.34603174603,0.600635966859,2.11111111111,0.0136596429728,0.00895140664962,7,0.000900900900901,0.430553227234,37,35,35,0.945945945946,0,0.675675675676,0.243243243243,0.027027027027,-41,-0.0307807807808,0.003003003003,-2.21621621622,-4.1,-0.852941176471,-1.2645054358,0.0308479605201,0.0466966966967,-1.94400337302,0.00352192351864,0.0103331903332,-0.444771577272,0.0298441506746,0.054892034892,0.00913355582779,0.00589039898372,0.111111111111,0.0217074217074,0.020690851925,0.111111111111,0.00148951680263,0.00297871040388,0,0,-0.190643353962,-0.0540540540541,0,0,175,0,41,1116,0.810185185185,1,0,0.189814814815,1,0.810185185185,0.895140664962,0.884010791353,0.810185185185,0.810185185185,3,44,0,0,0,0
3494,WLNM_dir_neg,0.994834710744,0.967171717172,00:00:03,10,80,39,1237887363,threshold_sweep,0.2,1,0.0681818181818,0.127659574468,3,0,41,88,0.0681818181818,1,0,0.931818181818,1,0.0681818181818,0.127659574468,0.689393939394,0.659090909091,0.0888888888889,0.215665546407,0.0681818181818,216,172,44,0,216,0,172,0,44,37,216,0.162162162162,1.32432432432,11.6756756757,21.6,6,8.1990990496,0.702237650082,0.31006006006,10.329336629,1.76937710775,0.765265265265,3.0868314707,0.528762798222,0.252752752753,0.579945114934,0.437917739848,2,1.32432432432,0.579945114934,2,0.0121701261701,0.00597269624573,7,0.000900900900901,0.621196581197,37,37,37,1,0,0.72972972973,0.243243243243,0.027027027027,37,0.129129129129,1.32432432432,9.2972972973,17.2,5.21212121212,6.87937684866,0.739932975001,0.356222501571,8.35735277138,1.79780263105,0.78001257071,2.75092122162,0.591767937209,0.325581395349,0.579945114934,0.437917739848,2,1.34285714286,0.591252764842,2,0,0,0,0,0.427158165506,37,35,35,0.945945945946,0,0.675675675676,0.216216216216,0.0540540540541,37,175,0.131381381381,1.32732732733,9.45945945946,17.5,5.14705882353,6.9345936138,0.733085610602,0.356756756757,8.38533325598,1.77289903126,0.775598455598,2.64205989343,0.558606948897,0.307644787645,0.589078670762,0.443808138832,2.11111111111,1.34603174603,0.600635966859,2.11111111111,0.0136596429728,0.00895140664962,7,0.000900900900901,0.430553227234,37,35,35,0.945945945946,0,0.675675675676,0.243243243243,0.027027027027,-41,-0.0307807807808,0.003003003003,-2.21621621622,-4.1,-0.852941176471,-1.2645054358,0.0308479605201,0.0466966966967,-1.94400337302,0.00352192351864,0.0103331903332,-0.444771577272,0.0298441506746,0.054892034892,0.00913355582779,0.00589039898372,0.111111111111,0.0217074217074,0.020690851925,0.111111111111,0.00148951680263,0.00297871040388,0,0,-0.190643353962,-0.0540540540541,0,0,175,0,41,1116,0.810185185185,1,0,0.189814814815,1,0.810185185185,0.895140664962,0.884010791353,0.810185185185,0.810185185185,3,44,0,0,0,0
3495,WLNM_dir_neg,0.994834710744,0.967171717172,00:00:03,10,80,39,1237887363,threshold_sweep,0.3,1,0.0681818181818,0.127659574468,3,0,41,88,0.0681818181818,1,0,0.931818181818,1,0.0681818181818,0.127659574468,0.689393939394,0.659090909091,0.0888888888889,0.215665546407,0.0681818181818,216,172,44,0,216,0,172,0,44,37,216,0.162162162162,1.32432432432,11.6756756757,21.6,6,8.1990990496,0.702237650082,0.31006006006,10.329336629,1.76937710775,0.765265265265,3.0868314707,0.528762798222,0.252752752753,0.579945114934,0.437917739848,2,1.32432432432,0.579945114934,2,0.0121701261701,0.00597269624573,7,0.000900900900901,0.621196581197,37,37,37,1,0,0.72972972973,0.243243243243,0.027027027027,37,0.129129129129,1.32432432432,9.2972972973,17.2,5.21212121212,6.87937684866,0.739932975001,0.356222501571,8.35735277138,1.79780263105,0.78001257071,2.75092122162,0.591767937209,0.325581395349,0.579945114934,0.437917739848,2,1.34285714286,0.591252764842,2,0,0,0,0,0.427158165506,37,35,35,0.945945945946,0,0.675675675676,0.216216216216,0.0540540540541,37,175,0.131381381381,1.32732732733,9.45945945946,17.5,5.14705882353,6.9345936138,0.733085610602,0.356756756757,8.38533325598,1.77289903126,0.775598455598,2.64205989343,0.558606948897,0.307644787645,0.589078670762,0.443808138832,2.11111111111,1.34603174603,0.600635966859,2.11111111111,0.0136596429728,0.00895140664962,7,0.000900900900901,0.430553227234,37,35,35,0.945945945946,0,0.675675675676,0.243243243243,0.027027027027,-41,-0.0307807807808,0.003003003003,-2.21621621622,-4.1,-0.852941176471,-1.2645054358,0.0308479605201,0.0466966966967,-1.94400337302,0.00352192351864,0.0103331903332,-0.444771577272,0.0298441506746,0.054892034892,0.00913355582779,0.00589039898372,0.111111111111,0.0217074217074,0.020690851925,0.111111111111,0.00148951680263,0.00297871040388,0,0,-0.190643353962,-0.0540540540541,0,0,175,0,41,1116,0.810185185185,1,0,0.189814814815,1,0.810185185185,0.895140664962,0.884010791353,0.810185185185,0.810185185185,3,44,0,0,0,0
3496,WLNM_dir_neg,0.994834710744,0.967171717172,00:00:03,10,80,39,1237887363,threshold_sweep,0.4,1,0.0681818181818,0.127659574468,3,0,41,88,0.0681818181818,1,0,0.931818181818,1,0.0681818181818,0.127659574468,0.689393939394,0.659090909091,0.0888888888889,0.215665546407,0.0681818181818,216,172,44,0,216,0,172,0,44,37,216,0.162162162162,1.32432432432,11.6756756757,21.6,6,8.1990990496,0.702237650082,0.31006006006,10.329336629,1.76937710775,0.765265265265,3.0868314707,0.528762798222,0.252752752753,0.579945114934,0.437917739848,2,1.32432432432,0.579945114934,2,0.0121701261701,0.00597269624573,7,0.000900900900901,0.621196581197,37,37,37,1,0,0.72972972973,0.243243243243,0.027027027027,37,0.129129129129,1.32432432432,9.2972972973,17.2,5.21212121212,6.87937684866,0.739932975001,0.356222501571,8.35735277138,1.79780263105,0.78001257071,2.75092122162,0.591767937209,0.325581395349,0.579945114934,0.437917739848,2,1.34285714286,0.591252764842,2,0,0,0,0,0.427158165506,37,35,35,0.945945945946,0,0.675675675676,0.216216216216,0.0540540540541,37,175,0.131381381381,1.32732732733,9.45945945946,17.5,5.14705882353,6.9345936138,0.733085610602,0.356756756757,8.38533325598,1.77289903126,0.775598455598,2.64205989343,0.558606948897,0.307644787645,0.589078670762,0.443808138832,2.11111111111,1.34603174603,0.600635966859,2.11111111111,0.0136596429728,0.00895140664962,7,0.000900900900901,0.430553227234,37,35,35,0.945945945946,0,0.675675675676,0.243243243243,0.027027027027,-41,-0.0307807807808,0.003003003003,-2.21621621622,-4.1,-0.852941176471,-1.2645054358,0.0308479605201,0.0466966966967,-1.94400337302,0.00352192351864,0.0103331903332,-0.444771577272,0.0298441506746,0.054892034892,0.00913355582779,0.00589039898372,0.111111111111,0.0217074217074,0.020690851925,0.111111111111,0.00148951680263,0.00297871040388,0,0,-0.190643353962,-0.0540540540541,0,0,175,0,41,1116,0.810185185185,1,0,0.189814814815,1,0.810185185185,0.895140664962,0.884010791353,0.810185185185,0.810185185185,3,44,0,0,0,0
3497,WLNM_dir_neg,0.994834710744,0.967171717172,00:00:03,10,80,39,1237887363,threshold_sweep,0.5,1,0.0681818181818,0.127659574468,3,0,41,88,0.0681818181818,1,0,0.931818181818,1,0.0681818181818,0.127659574468,0.689393939394,0.659090909091,0.0888888888889,0.215665546407,0.0681818181818,216,172,44,0,216,0,172,0,44,37,216,0.162162162162,1.32432432432,11.6756756757,21.6,6,8.1990990496,0.702237650082,0.31006006006,10.329336629,1.76937710775,0.765265265265,3.0868314707,0.528762798222,0.252752752753,0.579945114934,0.437917739848,2,1.32432432432,0.579945114934,2,0.0121701261701,0.00597269624573,7,0.000900900900901,0.621196581197,37,37,37,1,0,0.72972972973,0.243243243243,0.027027027027,37,0.129129129129,1.32432432432,9.2972972973,17.2,5.21212121212,6.87937684866,0.739932975001,0.356222501571,8.35735277138,1.79780263105,0.78001257071,2.75092122162,0.591767937209,0.325581395349,0.579945114934,0.437917739848,2,1.34285714286,0.591252764842,2,0,0,0,0,0.427158165506,37,35,35,0.945945945946,0,0.675675675676,0.216216216216,0.0540540540541,37,175,0.131381381381,1.32732732733,9.45945945946,17.5,5.14705882353,6.9345936138,0.733085610602,0.356756756757,8.38533325598,1.77289903126,0.775598455598,2.64205989343,0.558606948897,0.307644787645,0.589078670762,0.443808138832,2.11111111111,1.34603174603,0.600635966859,2.11111111111,0.0136596429728,0.00895140664962,7,0.000900900900901,0.430553227234,37,35,35,0.945945945946,0,0.675675675676,0.243243243243,0.027027027027,-41,-0.0307807807808,0.003003003003,-2.21621621622,-4.1,-0.852941176471,-1.2645054358,0.0308479605201,0.0466966966967,-1.94400337302,0.00352192351864,0.0103331903332,-0.444771577272,0.0298441506746,0.054892034892,0.00913355582779,0.00589039898372,0.111111111111,0.0217074217074,0.020690851925,0.111111111111,0.00148951680263,0.00297871040388,0,0,-0.190643353962,-0.0540540540541,0,0,175,0,41,1116,0.810185185185,1,0,0.189814814815,1,0.810185185185,0.895140664962,0.884010791353,0.810185185185,0.810185185185,3,44,0,0,0,0
3498,WLNM_dir_neg,0.994834710744,0.967171717172,00:00:03,10,80,39,1237887363,threshold_sweep,0.6,1,0.0681818181818,0.127659574468,3,0,41,88,0.0681818181818,1,0,0.931818181818,1,0.0681818181818,0.127659574468,0.689393939394,0.659090909091,0.0888888888889,0.215665546407,0.0681818181818,216,172,44,0,216,0,172,0,44,37,216,0.162162162162,1.32432432432,11.6756756757,21.6,6,8.1990990496,0.702237650082,0.31006006006,10.329336629,1.76937710775,0.765265265265,3.0868314707,0.528762798222,0.252752752753,0.579945114934,0.437917739848,2,1.32432432432,0.579945114934,2,0.0121701261701,0.00597269624573,7,0.000900900900901,0.621196581197,37,37,37,1,0,0.72972972973,0.243243243243,0.027027027027,37,0.129129129129,1.32432432432,9.2972972973,17.2,5.21212121212,6.87937684866,0.739932975001,0.356222501571,8.35735277138,1.79780263105,0.78001257071,2.75092122162,0.591767937209,0.325581395349,0.579945114934,0.437917739848,2,1.34285714286,0.591252764842,2,0,0,0,0,0.427158165506,37,35,35,0.945945945946,0,0.675675675676,0.216216216216,0.0540540540541,37,175,0.131381381381,1.32732732733,9.45945945946,17.5,5.14705882353,6.9345936138,0.733085610602,0.356756756757,8.38533325598,1.77289903126,0.775598455598,2.64205989343,0.558606948897,0.307644787645,0.589078670762,0.443808138832,2.11111111111,1.34603174603,0.600635966859,2.11111111111,0.0136596429728,0.00895140664962,7,0.000900900900901,0.430553227234,37,35,35,0.945945945946,0,0.675675675676,0.243243243243,0.027027027027,-41,-0.0307807807808,0.003003003003,-2.21621621622,-4.1,-0.852941176471,-1.2645054358,0.0308479605201,0.0466966966967,-1.94400337302,0.00352192351864,0.0103331903332,-0.444771577272,0.0298441506746,0.054892034892,0.00913355582779,0.00589039898372,0.111111111111,0.0217074217074,0.020690851925,0.111111111111,0.00148951680263,0.00297871040388,0,0,-0.190643353962,-0.0540540540541,0,0,175,0,41,1116,0.810185185185,1,0,0.189814814815,1,0.810185185185,0.895140664962,0.884010791353,0.810185185185,0.810185185185,3,44,0,0,0,0
3499,WLNM_dir_neg,0.994834710744,0.967171717172,00:00:03,10,80,39,1237887363,threshold_sweep,0.7,1,0.0681818181818,0.127659574468,3,0,41,88,0.0681818181818,1,0,0.931818181818,1,0.0681818181818,0.127659574468,0.689393939394,0.659090909091,0.0888888888889,0.215665546407,0.0681818181818,216,172,44,0,216,0,172,0,44,37,216,0.162162162162,1.32432432432,11.6756756757,21.6,6,8.1990990496,0.702237650082,0.31006006006,10.329336629,1.76937710775,0.765265265265,3.0868314707,0.528762798222,0.252752752753,0.579945114934,0.437917739848,2,1.32432432432,0.579945114934,2,0.0121701261701,0.00597269624573,7,0.000900900900901,0.621196581197,37,37,37,1,0,0.72972972973,0.243243243243,0.027027027027,37,0.129129129129,1.32432432432,9.2972972973,17.2,5.21212121212,6.87937684866,0.739932975001,0.356222501571,8.35735277138,1.79780263105,0.78001257071,2.75092122162,0.591767937209,0.325581395349,0.579945114934,0.437917739848,2,1.34285714286,0.591252764842,2,0,0,0,0,0.427158165506,37,35,35,0.945945945946,0,0.675675675676,0.216216216216,0.0540540540541,37,175,0.131381381381,1.32732732733,9.45945945946,17.5,5.14705882353,6.9345936138,0.733085610602,0.356756756757,8.38533325598,1.77289903126,0.775598455598,2.64205989343,0.558606948897,0.307644787645,0.589078670762,0.443808138832,2.11111111111,1.34603174603,0.600635966859,2.11111111111,0.0136596429728,0.00895140664962,7,0.000900900900901,0.430553227234,37,35,35,0.945945945946,0,0.675675675676,0.243243243243,0.027027027027,-41,-0.0307807807808,0.003003003003,-2.21621621622,-4.1,-0.852941176471,-1.2645054358,0.0308479605201,0.0466966966967,-1.94400337302,0.00352192351864,0.0103331903332,-0.444771577272,0.0298441506746,0.054892034892,0.00913355582779,0.00589039898372,0.111111111111,0.0217074217074,0.020690851925,0.111111111111,0.00148951680263,0.00297871040388,0,0,-0.190643353962,-0.0540540540541,0,0,175,0,41,1116,0.810185185185,1,0,0.189814814815,1,0.810185185185,0.895140664962,0.884010791353,0.810185185185,0.810185185185,3,44,0,0,0,0
3500,WLNM_dir_neg,0.994834710744,0.967171717172,00:00:03,10,80,39,1237887363,threshold_sweep,0.8,1,0.0681818181818,0.127659574468,3,0,41,88,0.0681818181818,1,0,0.931818181818,1,0.0681818181818,0.127659574468,0.689393939394,0.659090909091,0.0888888888889,0.215665546407,0.0681818181818,216,172,44,0,216,0,172,0,44,37,216,0.162162162162,1.32432432432,11.6756756757,21.6,6,8.1990990496,0.702237650082,0.31006006006,10.329336629,1.76937710775,0.765265265265,3.0868314707,0.528762798222,0.252752752753,0.579945114934,0.437917739848,2,1.32432432432,0.579945114934,2,0.0121701261701,0.00597269624573,7,0.000900900900901,0.621196581197,37,37,37,1,0,0.72972972973,0.243243243243,0.027027027027,37,0.129129129129,1.32432432432,9.2972972973,17.2,5.21212121212,6.87937684866,0.739932975001,0.356222501571,8.35735277138,1.79780263105,0.78001257071,2.75092122162,0.591767937209,0.325581395349,0.579945114934,0.437917739848,2,1.34285714286,0.591252764842,2,0,0,0,0,0.427158165506,37,35,35,0.945945945946,0,0.675675675676,0.216216216216,0.0540540540541,37,175,0.131381381381,1.32732732733,9.45945945946,17.5,5.14705882353,6.9345936138,0.733085610602,0.356756756757,8.38533325598,1.77289903126,0.775598455598,2.64205989343,0.558606948897,0.307644787645,0.589078670762,0.443808138832,2.11111111111,1.34603174603,0.600635966859,2.11111111111,0.0136596429728,0.00895140664962,7,0.000900900900901,0.430553227234,37,35,35,0.945945945946,0,0.675675675676,0.243243243243,0.027027027027,-41,-0.0307807807808,0.003003003003,-2.21621621622,-4.1,-0.852941176471,-1.2645054358,0.0308479605201,0.0466966966967,-1.94400337302,0.00352192351864,0.0103331903332,-0.444771577272,0.0298441506746,0.054892034892,0.00913355582779,0.00589039898372,0.111111111111,0.0217074217074,0.020690851925,0.111111111111,0.00148951680263,0.00297871040388,0,0,-0.190643353962,-0.0540540540541,0,0,175,0,41,1116,0.810185185185,1,0,0.189814814815,1,0.810185185185,0.895140664962,0.884010791353,0.810185185185,0.810185185185,3,44,0,0,0,0
3501,WLNM_dir_neg,0.994834710744,0.967171717172,00:00:03,10,80,39,1237887363,threshold_sweep,0.9,1,0.0454545454545,0.0869565217391,2,0,42,88,0.0454545454545,1,0,0.954545454545,1,0.0454545454545,0.0869565217391,0.681818181818,0.661616161616,0.0597014925373,0.175411603861,0.0454545454545,216,172,44,0,216,0,172,0,44,37,216,0.162162162162,1.32432432432,11.6756756757,21.6,6,8.1990990496,0.702237650082,0.31006006006,10.329336629,1.76937710775,0.765265265265,3.0868314707,0.528762798222,0.252752752753,0.579945114934,0.437917739848,2,1.32432432432,0.579945114934,2,0.0121701261701,0.00597269624573,7,0.000900900900901,0.621196581197,37,37,37,1,0,0.72972972973,0.243243243243,0.027027027027,37,0.129129129129,1.32432432432,9.2972972973,17.2,5.21212121212,6.87937684866,0.739932975001,0.356222501571,8.35735277138,1.79780263105,0.78001257071,2.75092122162,0.591767937209,0.325581395349,0.579945114934,0.437917739848,2,1.34285714286,0.591252764842,2,0,0,0,0,0.427158165506,37,35,35,0.945945945946,0,0.675675675676,0.216216216216,0.0540540540541,37,174,0.130630630631,1.3277027027,9.40540540541,17.4,5.11764705882,6.89387594358,0.732969568714,0.355079217148,8.37278947565,1.78042075057,0.776949363156,2.67566050895,0.568962292133,0.313451382417,0.590250176002,0.444565018057,2.125,1.34642857143,0.601839791351,2.125,0.0130700738118,0.00776531492666,6,0.000772200772201,0.428084091432,37,35,35,0.945945945946,0,0.675675675676,0.243243243243,0.027027027027,-42,-0.0315315315315,0.00337837837838,-2.27027027027,-4.2,-0.882352941176,-1.30522310602,0.0307319186325,0.0450191570881,-1.95654715335,0.0110436428245,0.011684097891,-0.411170961753,0.0401994939108,0.0606986296641,0.0103050610674,0.00664727820894,0.125,0.0221042471042,0.0218946764169,0.125,0.000899947641636,0.00179261868093,-1,-0.0001287001287,-0.193112489765,-0.0540540540541,0,0,174,0,42,1116,0.805555555556,1,0,0.194444444444,1,0.805555555556,0.892307692308,0.88110074037,0.805555555556,0.805555555556,2,44,0,0,0,0
3502,WLNM_dir_neg,0.97611053719,0.821496212121,00:00:03,10,80,40,1237887364,threshold_sweep,0.1,1,0.159090909091,0.274509803922,7,0,37,88,0.159090909091,1,0,0.840909090909,1,0.159090909091,0.274509803922,0.719696969697,0.64898989899,0.201438848921,0.334664010614,0.159090909091,216,172,44,0,216,0,172,0,44,37,216,0.162162162162,1.32432432432,11.6756756757,21.6,6,8.1990990496,0.702237650082,0.31006006006,10.329336629,1.76937710775,0.765265265265,3.0868314707,0.528762798222,0.252752752753,0.579945114934,0.437917739848,2,1.32432432432,0.579945114934,2,0.0121701261701,0.00597269624573,7,0.000900900900901,0.621196581197,37,37,37,1,0,0.72972972973,0.243243243243,0.027027027027,37,0.129129129129,1.32432432432,9.2972972973,17.2,5.05882352941,6.79814053361,0.731195348092,0.349308610937,8.45319208681,1.81841922798,0.780955373979,2.78104912474,0.598248939625,0.321810182275,0.579945114934,0.437917739848,2,1.33333333333,0.585540043769,2,0,0,0,0,0.416235994279,37,36,36,0.972972972973,0,0.702702702703,0.216216216216,0.0540540540541,37,179,0.134384384384,1.32432432432,9.67567567568,17.9,4.97222222222,6.91236434086,0.714406370424,0.342744979616,8.50331149061,1.75766773828,0.770647742715,2.5222731537,0.521363724507,0.28265136645,0.579945114934,0.437917739848,2,1.32432432432,0.579945114934,2,0.0124713381856,0.00870285951098,7,0.000900900900901,0.426235994279,37,37,37,1,0,0.72972972973,0.243243243243,0.027027027027,-37,-0.0277777777778,0,-2,-3.7,-1.02777777778,-1.28673470875,0.0121687203421,0.0326849195564,-1.82602513839,-0.0117093694632,0.00538247744952,-0.564558317007,-0.00739907371519,0.0298986136975,0,0,0,0,0,0,0.000301212015498,0.00273016326525,0,0,-0.194960586917,0,0,0,179,0,37,1116,0.828703703704,1,0,0.171296296296,1,0.828703703704,0.906329113924,0.895606183846,0.828703703704,0.828703703704,7,44,0,0,0,0
3503,WLNM_dir_neg,0.97611053719,0.821496212121,00:00:03,10,80,40,1237887364,threshold_sweep,0.2,1,0.159090909091,0.274509803922,7,0,37,88,0.159090909091,1,0,0.840909090909,1,0.159090909091,0.274509803922,0.719696969697,0.64898989899,0.201438848921,0.334664010614,0.159090909091,216,172,44,0,216,0,172,0,44,37,216,0.162162162162,1.32432432432,11.6756756757,21.6,6,8.1990990496,0.702237650082,0.31006006006,10.329336629,1.76937710775,0.765265265265,3.0868314707,0.528762798222,0.252752752753,0.579945114934,0.437917739848,2,1.32432432432,0.579945114934,2,0.0121701261701,0.00597269624573,7,0.000900900900901,0.621196581197,37,37,37,1,0,0.72972972973,0.243243243243,0.027027027027,37,0.129129129129,1.32432432432,9.2972972973,17.2,5.05882352941,6.79814053361,0.731195348092,0.349308610937,8.45319208681,1.81841922798,0.780955373979,2.78104912474,0.598248939625,0.321810182275,0.579945114934,0.437917739848,2,1.33333333333,0.585540043769,2,0,0,0,0,0.416235994279,37,36,36,0.972972972973,0,0.702702702703,0.216216216216,0.0540540540541,37,179,0.134384384384,1.32432432432,9.67567567568,17.9,4.97222222222,6.91236434086,0.714406370424,0.342744979616,8.50331149061,1.75766773828,0.770647742715,2.5222731537,0.521363724507,0.28265136645,0.579945114934,0.437917739848,2,1.32432432432,0.579945114934,2,0.0124713381856,0.00870285951098,7,0.000900900900901,0.426235994279,37,37,37,1,0,0.72972972973,0.243243243243,0.027027027027,-37,-0.0277777777778,0,-2,-3.7,-1.02777777778,-1.28673470875,0.0121687203421,0.0326849195564,-1.82602513839,-0.0117093694632,0.00538247744952,-0.564558317007,-0.00739907371519,0.0298986136975,0,0,0,0,0,0,0.000301212015498,0.00273016326525,0,0,-0.194960586917,0,0,0,179,0,37,1116,0.828703703704,1,0,0.171296296296,1,0.828703703704,0.906329113924,0.895606183846,0.828703703704,0.828703703704,7,44,0,0,0,0
3504,WLNM_dir_neg,0.97611053719,0.821496212121,00:00:03,10,80,40,1237887364,threshold_sweep,0.3,1,0.159090909091,0.274509803922,7,0,37,88,0.159090909091,1,0,0.840909090909,1,0.159090909091,0.274509803922,0.719696969697,0.64898989899,0.201438848921,0.334664010614,0.159090909091,216,172,44,0,216,0,172,0,44,37,216,0.162162162162,1.32432432432,11.6756756757,21.6,6,8.1990990496,0.702237650082,0.31006006006,10.329336629,1.76937710775,0.765265265265,3.0868314707,0.528762798222,0.252752752753,0.579945114934,0.437917739848,2,1.32432432432,0.579945114934,2,0.0121701261701,0.00597269624573,7,0.000900900900901,0.621196581197,37,37,37,1,0,0.72972972973,0.243243243243,0.027027027027,37,0.129129129129,1.32432432432,9.2972972973,17.2,5.05882352941,6.79814053361,0.731195348092,0.349308610937,8.45319208681,1.81841922798,0.780955373979,2.78104912474,0.598248939625,0.321810182275,0.579945114934,0.437917739848,2,1.33333333333,0.585540043769,2,0,0,0,0,0.416235994279,37,36,36,0.972972972973,0,0.702702702703,0.216216216216,0.0540540540541,37,179,0.134384384384,1.32432432432,9.67567567568,17.9,4.97222222222,6.91236434086,0.714406370424,0.342744979616,8.50331149061,1.75766773828,0.770647742715,2.5222731537,0.521363724507,0.28265136645,0.579945114934,0.437917739848,2,1.32432432432,0.579945114934,2,0.0124713381856,0.00870285951098,7,0.000900900900901,0.426235994279,37,37,37,1,0,0.72972972973,0.243243243243,0.027027027027,-37,-0.0277777777778,0,-2,-3.7,-1.02777777778,-1.28673470875,0.0121687203421,0.0326849195564,-1.82602513839,-0.0117093694632,0.00538247744952,-0.564558317007,-0.00739907371519,0.0298986136975,0,0,0,0,0,0,0.000301212015498,0.00273016326525,0,0,-0.194960586917,0,0,0,179,0,37,1116,0.828703703704,1,0,0.171296296296,1,0.828703703704,0.906329113924,0.895606183846,0.828703703704,0.828703703704,7,44,0,0,0,0
3505,WLNM_dir_neg,0.97611053719,0.821496212121,00:00:03,10,80,40,1237887364,threshold_sweep,0.4,1,0.159090909091,0.274509803922,7,0,37,88,0.159090909091,1,0,0.840909090909,1,0.159090909091,0.274509803922,0.719696969697,0.64898989899,0.201438848921,0.334664010614,0.159090909091,216,172,44,0,216,0,172,0,44,37,216,0.162162162162,1.32432432432,11.6756756757,21.6,6,8.1990990496,0.702237650082,0.31006006006,10.329336629,1.76937710775,0.765265265265,3.0868314707,0.528762798222,0.252752752753,0.579945114934,0.437917739848,2,1.32432432432,0.579945114934,2,0.0121701261701,0.00597269624573,7,0.000900900900901,0.621196581197,37,37,37,1,0,0.72972972973,0.243243243243,0.027027027027,37,0.129129129129,1.32432432432,9.2972972973,17.2,5.05882352941,6.79814053361,0.731195348092,0.349308610937,8.45319208681,1.81841922798,0.780955373979,2.78104912474,0.598248939625,0.321810182275,0.579945114934,0.437917739848,2,1.33333333333,0.585540043769,2,0,0,0,0,0.416235994279,37,36,36,0.972972972973,0,0.702702702703,0.216216216216,0.0540540540541,37,179,0.134384384384,1.32432432432,9.67567567568,17.9,4.97222222222,6.91236434086,0.714406370424,0.342744979616,8.50331149061,1.75766773828,0.770647742715,2.5222731537,0.521363724507,0.28265136645,0.579945114934,0.437917739848,2,1.32432432432,0.579945114934,2,0.0124713381856,0.00870285951098,7,0.000900900900901,0.426235994279,37,37,37,1,0,0.72972972973,0.243243243243,0.027027027027,-37,-0.0277777777778,0,-2,-3.7,-1.02777777778,-1.28673470875,0.0121687203421,0.0326849195564,-1.82602513839,-0.0117093694632,0.00538247744952,-0.564558317007,-0.00739907371519,0.0298986136975,0,0,0,0,0,0,0.000301212015498,0.00273016326525,0,0,-0.194960586917,0,0,0,179,0,37,1116,0.828703703704,1,0,0.171296296296,1,0.828703703704,0.906329113924,0.895606183846,0.828703703704,0.828703703704,7,44,0,0,0,0
3506,WLNM_dir_neg,0.97611053719,0.821496212121,00:00:03,10,80,40,1237887364,threshold_sweep,0.5,1,0.159090909091,0.274509803922,7,0,37,88,0.159090909091,1,0,0.840909090909,1,0.159090909091,0.274509803922,0.719696969697,0.64898989899,0.201438848921,0.334664010614,0.159090909091,216,172,44,0,216,0,172,0,44,37,216,0.162162162162,1.32432432432,11.6756756757,21.6,6,8.1990990496,0.702237650082,0.31006006006,10.329336629,1.76937710775,0.765265265265,3.0868314707,0.528762798222,0.252752752753,0.579945114934,0.437917739848,2,1.32432432432,0.579945114934,2,0.0121701261701,0.00597269624573,7,0.000900900900901,0.621196581197,37,37,37,1,0,0.72972972973,0.243243243243,0.027027027027,37,0.129129129129,1.32432432432,9.2972972973,17.2,5.05882352941,6.79814053361,0.731195348092,0.349308610937,8.45319208681,1.81841922798,0.780955373979,2.78104912474,0.598248939625,0.321810182275,0.579945114934,0.437917739848,2,1.33333333333,0.585540043769,2,0,0,0,0,0.416235994279,37,36,36,0.972972972973,0,0.702702702703,0.216216216216,0.0540540540541,37,179,0.134384384384,1.32432432432,9.67567567568,17.9,4.97222222222,6.91236434086,0.714406370424,0.342744979616,8.50331149061,1.75766773828,0.770647742715,2.5222731537,0.521363724507,0.28265136645,0.579945114934,0.437917739848,2,1.32432432432,0.579945114934,2,0.0124713381856,0.00870285951098,7,0.000900900900901,0.426235994279,37,37,37,1,0,0.72972972973,0.243243243243,0.027027027027,-37,-0.0277777777778,0,-2,-3.7,-1.02777777778,-1.28673470875,0.0121687203421,0.0326849195564,-1.82602513839,-0.0117093694632,0.00538247744952,-0.564558317007,-0.00739907371519,0.0298986136975,0,0,0,0,0,0,0.000301212015498,0.00273016326525,0,0,-0.194960586917,0,0,0,179,0,37,1116,0.828703703704,1,0,0.171296296296,1,0.828703703704,0.906329113924,0.895606183846,0.828703703704,0.828703703704,7,44,0,0,0,0
3507,WLNM_dir_neg,0.97611053719,0.821496212121,00:00:03,10,80,40,1237887364,threshold_sweep,0.6,1,0.159090909091,0.274509803922,7,0,37,88,0.159090909091,1,0,0.840909090909,1,0.159090909091,0.274509803922,0.719696969697,0.64898989899,0.201438848921,0.334664010614,0.159090909091,216,172,44,0,216,0,172,0,44,37,216,0.162162162162,1.32432432432,11.6756756757,21.6,6,8.1990990496,0.702237650082,0.31006006006,10.329336629,1.76937710775,0.765265265265,3.0868314707,0.528762798222,0.252752752753,0.579945114934,0.437917739848,2,1.32432432432,0.579945114934,2,0.0121701261701,0.00597269624573,7,0.000900900900901,0.621196581197,37,37,37,1,0,0.72972972973,0.243243243243,0.027027027027,37,0.129129129129,1.32432432432,9.2972972973,17.2,5.05882352941,6.79814053361,0.731195348092,0.349308610937,8.45319208681,1.81841922798,0.780955373979,2.78104912474,0.598248939625,0.321810182275,0.579945114934,0.437917739848,2,1.33333333333,0.585540043769,2,0,0,0,0,0.416235994279,37,36,36,0.972972972973,0,0.702702702703,0.216216216216,0.0540540540541,37,179,0.134384384384,1.32432432432,9.67567567568,17.9,4.97222222222,6.91236434086,0.714406370424,0.342744979616,8.50331149061,1.75766773828,0.770647742715,2.5222731537,0.521363724507,0.28265136645,0.579945114934,0.437917739848,2,1.32432432432,0.579945114934,2,0.0124713381856,0.00870285951098,7,0.000900900900901,0.426235994279,37,37,37,1,0,0.72972972973,0.243243243243,0.027027027027,-37,-0.0277777777778,0,-2,-3.7,-1.02777777778,-1.28673470875,0.0121687203421,0.0326849195564,-1.82602513839,-0.0117093694632,0.00538247744952,-0.564558317007,-0.00739907371519,0.0298986136975,0,0,0,0,0,0,0.000301212015498,0.00273016326525,0,0,-0.194960586917,0,0,0,179,0,37,1116,0.828703703704,1,0,0.171296296296,1,0.828703703704,0.906329113924,0.895606183846,0.828703703704,0.828703703704,7,44,0,0,0,0
3508,WLNM_dir_neg,0.97611053719,0.821496212121,00:00:03,10,80,40,1237887364,threshold_sweep,0.7,1,0.159090909091,0.274509803922,7,0,37,88,0.159090909091,1,0,0.840909090909,1,0.159090909091,0.274509803922,0.719696969697,0.64898989899,0.201438848921,0.334664010614,0.159090909091,216,172,44,0,216,0,172,0,44,37,216,0.162162162162,1.32432432432,11.6756756757,21.6,6,8.1990990496,0.702237650082,0.31006006006,10.329336629,1.76937710775,0.765265265265,3.0868314707,0.528762798222,0.252752752753,0.579945114934,0.437917739848,2,1.32432432432,0.579945114934,2,0.0121701261701,0.00597269624573,7,0.000900900900901,0.621196581197,37,37,37,1,0,0.72972972973,0.243243243243,0.027027027027,37,0.129129129129,1.32432432432,9.2972972973,17.2,5.05882352941,6.79814053361,0.731195348092,0.349308610937,8.45319208681,1.81841922798,0.780955373979,2.78104912474,0.598248939625,0.321810182275,0.579945114934,0.437917739848,2,1.33333333333,0.585540043769,2,0,0,0,0,0.416235994279,37,36,36,0.972972972973,0,0.702702702703,0.216216216216,0.0540540540541,37,179,0.134384384384,1.32432432432,9.67567567568,17.9,4.97222222222,6.91236434086,0.714406370424,0.342744979616,8.50331149061,1.75766773828,0.770647742715,2.5222731537,0.521363724507,0.28265136645,0.579945114934,0.437917739848,2,1.32432432432,0.579945114934,2,0.0124713381856,0.00870285951098,7,0.000900900900901,0.426235994279,37,37,37,1,0,0.72972972973,0.243243243243,0.027027027027,-37,-0.0277777777778,0,-2,-3.7,-1.02777777778,-1.28673470875,0.0121687203421,0.0326849195564,-1.82602513839,-0.0117093694632,0.00538247744952,-0.564558317007,-0.00739907371519,0.0298986136975,0,0,0,0,0,0,0.000301212015498,0.00273016326525,0,0,-0.194960586917,0,0,0,179,0,37,1116,0.828703703704,1,0,0.171296296296,1,0.828703703704,0.906329113924,0.895606183846,0.828703703704,0.828703703704,7,44,0,0,0,0
3509,WLNM_dir_neg,0.97611053719,0.821496212121,00:00:03,10,80,40,1237887364,threshold_sweep,0.8,1,0.113636363636,0.204081632653,5,0,39,88,0.113636363636,1,0,0.886363636364,1,0.113636363636,0.204081632653,0.704545454545,0.65404040404,0.14598540146,0.280606766633,0.113636363636,216,172,44,0,216,0,172,0,44,37,216,0.162162162162,1.32432432432,11.6756756757,21.6,6,8.1990990496,0.702237650082,0.31006006006,10.329336629,1.76937710775,0.765265265265,3.0868314707,0.528762798222,0.252752752753,0.579945114934,0.437917739848,2,1.32432432432,0.579945114934,2,0.0121701261701,0.00597269624573,7,0.000900900900901,0.621196581197,37,37,37,1,0,0.72972972973,0.243243243243,0.027027027027,37,0.129129129129,1.32432432432,9.2972972973,17.2,5.05882352941,6.79814053361,0.731195348092,0.349308610937,8.45319208681,1.81841922798,0.780955373979,2.78104912474,0.598248939625,0.321810182275,0.579945114934,0.437917739848,2,1.33333333333,0.585540043769,2,0,0,0,0,0.416235994279,37,36,36,0.972972972973,0,0.702702702703,0.216216216216,0.0540540540541,37,177,0.132882882883,1.32132132132,9.56756756757,17.7,5.05714285714,6.89017231094,0.720159252839,0.342953122614,8.48244964335,1.77316743957,0.773553214231,2.60485801634,0.544518342399,0.295006871278,0.571249793283,0.432332229917,2,1.32132132132,0.571249793283,2,0,0,0,0,0.425495253539,37,37,37,1,0,0.72972972973,0.216216216216,0.0540540540541,-39,-0.0292792792793,-0.003003003003,-2.10810810811,-3.9,-0.942857142857,-1.30892673866,0.0179216027567,0.0328930625541,-1.84688698565,0.00379033182481,0.00828794896591,-0.481973454365,0.0157555441761,0.0422541185253,-0.00869532165105,-0.00558550993171,0,-0.003003003003,-0.00869532165105,0,-0.0121701261701,-0.00597269624573,-7,-0.000900900900901,-0.195701327658,0,-0.027027027027,0.027027027027,177,0,39,1116,0.819444444444,1,0,0.180555555556,1,0.819444444444,0.900763358779,0.889817336185,0.819444444444,0.819444444444,5,44,0,0,0,0
3510,WLNM_dir_neg,0.97611053719,0.821496212121,00:00:03,10,80,40,1237887364,threshold_sweep,0.9,1,0.113636363636,0.204081632653,5,0,39,88,0.113636363636,1,0,0.886363636364,1,0.113636363636,0.204081632653,0.704545454545,0.65404040404,0.14598540146,0.280606766633,0.113636363636,216,172,44,0,216,0,172,0,44,37,216,0.162162162162,1.32432432432,11.6756756757,21.6,6,8.1990990496,0.702237650082,0.31006006006,10.329336629,1.76937710775,0.765265265265,3.0868314707,0.528762798222,0.252752752753,0.579945114934,0.437917739848,2,1.32432432432,0.579945114934,2,0.0121701261701,0.00597269624573,7,0.000900900900901,0.621196581197,37,37,37,1,0,0.72972972973,0.243243243243,0.027027027027,37,0.129129129129,1.32432432432,9.2972972973,17.2,5.05882352941,6.79814053361,0.731195348092,0.349308610937,8.45319208681,1.81841922798,0.780955373979,2.78104912474,0.598248939625,0.321810182275,0.579945114934,0.437917739848,2,1.33333333333,0.585540043769,2,0,0,0,0,0.416235994279,37,36,36,0.972972972973,0,0.702702702703,0.216216216216,0.0540540540541,37,177,0.132882882883,1.32132132132,9.56756756757,17.7,5.05714285714,6.89017231094,0.720159252839,0.342953122614,8.48244964335,1.77316743957,0.773553214231,2.60485801634,0.544518342399,0.295006871278,0.571249793283,0.432332229917,2,1.32132132132,0.571249793283,2,0,0,0,0,0.425495253539,37,37,37,1,0,0.72972972973,0.216216216216,0.0540540540541,-39,-0.0292792792793,-0.003003003003,-2.10810810811,-3.9,-0.942857142857,-1.30892673866,0.0179216027567,0.0328930625541,-1.84688698565,0.00379033182481,0.00828794896591,-0.481973454365,0.0157555441761,0.0422541185253,-0.00869532165105,-0.00558550993171,0,-0.003003003003,-0.00869532165105,0,-0.0121701261701,-0.00597269624573,-7,-0.000900900900901,-0.195701327658,0,-0.027027027027,0.027027027027,177,0,39,1116,0.819444444444,1,0,0.180555555556,1,0.819444444444,0.900763358779,0.889817336185,0.819444444444,0.819444444444,5,44,0,0,0,0
3511,WLNM_dir_neg,0.991089876033,0.936809308704,00:00:03,10,80,41,1237887365,threshold_sweep,0.1,0,0,0,0,0,44,88,0,1,0,1,0,0,0,0.666666666667,0.666666666667,0,0,0,216,172,44,0,216,0,172,0,44,37,216,0.162162162162,1.32432432432,11.6756756757,21.6,6,8.1990990496,0.702237650082,0.31006006006,10.329336629,1.76937710775,0.765265265265,3.0868314707,0.528762798222,0.252752752753,0.579945114934,0.437917739848,2,1.32432432432,0.579945114934,2,0.0121701261701,0.00597269624573,7,0.000900900900901,0.621196581197,37,37,37,1,0,0.72972972973,0.243243243243,0.027027027027,37,0.129129129129,1.32432432432,9.2972972973,17.2,4.77777777778,6.60750778729,0.710691244564,0.339566310497,8.34737555635,1.79565636968,0.776241357637,2.6689179686,0.574127702548,0.307982401006,0.579945114934,0.437917739848,2,1.32432432432,0.579945114934,2,0.00802570608716,0.00271125169453,2,0.0002574002574,0.408097766967,37,37,37,1,0,0.72972972973,0.243243243243,0.027027027027,37,172,0.129129129129,1.32432432432,9.2972972973,17.2,4.77777777778,6.60750778729,0.710691244564,0.339566310497,8.34737555635,1.79565636968,0.776241357637,2.6689179686,0.574127702548,0.307982401006,0.579945114934,0.437917739848,2,1.32432432432,0.579945114934,2,0.00802570608716,0.00271125169453,2,0.0002574002574,0.408097766967,37,37,37,1,0,0.72972972973,0.243243243243,0.027027027027,-44,-0.033033033033,0,-2.37837837838,-4.4,-1.22222222222,-1.59159126231,0.0084535944818,0.0295062504365,-1.98196107265,0.0262792619337,0.0109760923714,-0.417913502103,0.0453649043255,0.0552296482529,0,0,0,0,0,0,-0.00414442008296,-0.0032614445512,-5,-0.000643500643501,-0.213098814229,0,0,0,172,0,44,1116,0.796296296296,1,0,0.203703703704,1,0.796296296296,0.886597938144,0.875266790198,0.796296296296,0.796296296296,0,44,0,0,0,0
3512,WLNM_dir_neg,0.991089876033,0.936809308704,00:00:03,10,80,41,1237887365,threshold_sweep,0.2,0,0,0,0,0,44,88,0,1,0,1,0,0,0,0.666666666667,0.666666666667,0,0,0,216,172,44,0,216,0,172,0,44,37,216,0.162162162162,1.32432432432,11.6756756757,21.6,6,8.1990990496,0.702237650082,0.31006006006,10.329336629,1.76937710775,0.765265265265,3.0868314707,0.528762798222,0.252752752753,0.579945114934,0.437917739848,2,1.32432432432,0.579945114934,2,0.0121701261701,0.00597269624573,7,0.000900900900901,0.621196581197,37,37,37,1,0,0.72972972973,0.243243243243,0.027027027027,37,0.129129129129,1.32432432432,9.2972972973,17.2,4.77777777778,6.60750778729,0.710691244564,0.339566310497,8.34737555635,1.79565636968,0.776241357637,2.6689179686,0.574127702548,0.307982401006,0.579945114934,0.437917739848,2,1.32432432432,0.579945114934,2,0.00802570608716,0.00271125169453,2,0.0002574002574,0.408097766967,37,37,37,1,0,0.72972972973,0.243243243243,0.027027027027,37,172,0.129129129129,1.32432432432,9.2972972973,17.2,4.77777777778,6.60750778729,0.710691244564,0.339566310497,8.34737555635,1.79565636968,0.776241357637,2.6689179686,0.574127702548,0.307982401006,0.579945114934,0.437917739848,2,1.32432432432,0.579945114934,2,0.00802570608716,0.00271125169453,2,0.0002574002574,0.408097766967,37,37,37,1,0,0.72972972973,0.243243243243,0.027027027027,-44,-0.033033033033,0,-2.37837837838,-4.4,-1.22222222222,-1.59159126231,0.0084535944818,0.0295062504365,-1.98196107265,0.0262792619337,0.0109760923714,-0.417913502103,0.0453649043255,0.0552296482529,0,0,0,0,0,0,-0.00414442008296,-0.0032614445512,-5,-0.000643500643501,-0.213098814229,0,0,0,172,0,44,1116,0.796296296296,1,0,0.203703703704,1,0.796296296296,0.886597938144,0.875266790198,0.796296296296,0.796296296296,0,44,0,0,0,0
3513,WLNM_dir_neg,0.991089876033,0.936809308704,00:00:03,10,80,41,1237887365,threshold_sweep,0.3,0,0,0,0,0,44,88,0,1,0,1,0,0,0,0.666666666667,0.666666666667,0,0,0,216,172,44,0,216,0,172,0,44,37,216,0.162162162162,1.32432432432,11.6756756757,21.6,6,8.1990990496,0.702237650082,0.31006006006,10.329336629,1.76937710775,0.765265265265,3.0868314707,0.528762798222,0.252752752753,0.579945114934,0.437917739848,2,1.32432432432,0.579945114934,2,0.0121701261701,0.00597269624573,7,0.000900900900901,0.621196581197,37,37,37,1,0,0.72972972973,0.243243243243,0.027027027027,37,0.129129129129,1.32432432432,9.2972972973,17.2,4.77777777778,6.60750778729,0.710691244564,0.339566310497,8.34737555635,1.79565636968,0.776241357637,2.6689179686,0.574127702548,0.307982401006,0.579945114934,0.437917739848,2,1.32432432432,0.579945114934,2,0.00802570608716,0.00271125169453,2,0.0002574002574,0.408097766967,37,37,37,1,0,0.72972972973,0.243243243243,0.027027027027,37,172,0.129129129129,1.32432432432,9.2972972973,17.2,4.77777777778,6.60750778729,0.710691244564,0.339566310497,8.34737555635,1.79565636968,0.776241357637,2.6689179686,0.574127702548,0.307982401006,0.579945114934,0.437917739848,2,1.32432432432,0.579945114934,2,0.00802570608716,0.00271125169453,2,0.0002574002574,0.408097766967,37,37,37,1,0,0.72972972973,0.243243243243,0.027027027027,-44,-0.033033033033,0,-2.37837837838,-4.4,-1.22222222222,-1.59159126231,0.0084535944818,0.0295062504365,-1.98196107265,0.0262792619337,0.0109760923714,-0.417913502103,0.0453649043255,0.0552296482529,0,0,0,0,0,0,-0.00414442008296,-0.0032614445512,-5,-0.000643500643501,-0.213098814229,0,0,0,172,0,44,1116,0.796296296296,1,0,0.203703703704,1,0.796296296296,0.886597938144,0.875266790198,0.796296296296,0.796296296296,0,44,0,0,0,0
3514,WLNM_dir_neg,0.991089876033,0.936809308704,00:00:03,10,80,41,1237887365,threshold_sweep,0.4,0,0,0,0,0,44,88,0,1,0,1,0,0,0,0.666666666667,0.666666666667,0,0,0,216,172,44,0,216,0,172,0,44,37,216,0.162162162162,1.32432432432,11.6756756757,21.6,6,8.1990990496,0.702237650082,0.31006006006,10.329336629,1.76937710775,0.765265265265,3.0868314707,0.528762798222,0.252752752753,0.579945114934,0.437917739848,2,1.32432432432,0.579945114934,2,0.0121701261701,0.00597269624573,7,0.000900900900901,0.621196581197,37,37,37,1,0,0.72972972973,0.243243243243,0.027027027027,37,0.129129129129,1.32432432432,9.2972972973,17.2,4.77777777778,6.60750778729,0.710691244564,0.339566310497,8.34737555635,1.79565636968,0.776241357637,2.6689179686,0.574127702548,0.307982401006,0.579945114934,0.437917739848,2,1.32432432432,0.579945114934,2,0.00802570608716,0.00271125169453,2,0.0002574002574,0.408097766967,37,37,37,1,0,0.72972972973,0.243243243243,0.027027027027,37,172,0.129129129129,1.32432432432,9.2972972973,17.2,4.77777777778,6.60750778729,0.710691244564,0.339566310497,8.34737555635,1.79565636968,0.776241357637,2.6689179686,0.574127702548,0.307982401006,0.579945114934,0.437917739848,2,1.32432432432,0.579945114934,2,0.00802570608716,0.00271125169453,2,0.0002574002574,0.408097766967,37,37,37,1,0,0.72972972973,0.243243243243,0.027027027027,-44,-0.033033033033,0,-2.37837837838,-4.4,-1.22222222222,-1.59159126231,0.0084535944818,0.0295062504365,-1.98196107265,0.0262792619337,0.0109760923714,-0.417913502103,0.0453649043255,0.0552296482529,0,0,0,0,0,0,-0.00414442008296,-0.0032614445512,-5,-0.000643500643501,-0.213098814229,0,0,0,172,0,44,1116,0.796296296296,1,0,0.203703703704,1,0.796296296296,0.886597938144,0.875266790198,0.796296296296,0.796296296296,0,44,0,0,0,0
3515,WLNM_dir_neg,0.991089876033,0.936809308704,00:00:03,10,80,41,1237887365,threshold_sweep,0.5,0,0,0,0,0,44,88,0,1,0,1,0,0,0,0.666666666667,0.666666666667,0,0,0,216,172,44,0,216,0,172,0,44,37,216,0.162162162162,1.32432432432,11.6756756757,21.6,6,8.1990990496,0.702237650082,0.31006006006,10.329336629,1.76937710775,0.765265265265,3.0868314707,0.528762798222,0.252752752753,0.579945114934,0.437917739848,2,1.32432432432,0.579945114934,2,0.0121701261701,0.00597269624573,7,0.000900900900901,0.621196581197,37,37,37,1,0,0.72972972973,0.243243243243,0.027027027027,37,0.129129129129,1.32432432432,9.2972972973,17.2,4.77777777778,6.60750778729,0.710691244564,0.339566310497,8.34737555635,1.79565636968,0.776241357637,2.6689179686,0.574127702548,0.307982401006,0.579945114934,0.437917739848,2,1.32432432432,0.579945114934,2,0.00802570608716,0.00271125169453,2,0.0002574002574,0.408097766967,37,37,37,1,0,0.72972972973,0.243243243243,0.027027027027,37,172,0.129129129129,1.32432432432,9.2972972973,17.2,4.77777777778,6.60750778729,0.710691244564,0.339566310497,8.34737555635,1.79565636968,0.776241357637,2.6689179686,0.574127702548,0.307982401006,0.579945114934,0.437917739848,2,1.32432432432,0.579945114934,2,0.00802570608716,0.00271125169453,2,0.0002574002574,0.408097766967,37,37,37,1,0,0.72972972973,0.243243243243,0.027027027027,-44,-0.033033033033,0,-2.37837837838,-4.4,-1.22222222222,-1.59159126231,0.0084535944818,0.0295062504365,-1.98196107265,0.0262792619337,0.0109760923714,-0.417913502103,0.0453649043255,0.0552296482529,0,0,0,0,0,0,-0.00414442008296,-0.0032614445512,-5,-0.000643500643501,-0.213098814229,0,0,0,172,0,44,1116,0.796296296296,1,0,0.203703703704,1,0.796296296296,0.886597938144,0.875266790198,0.796296296296,0.796296296296,0,44,0,0,0,0
3516,WLNM_dir_neg,0.991089876033,0.936809308704,00:00:03,10,80,41,1237887365,threshold_sweep,0.6,0,0,0,0,0,44,88,0,1,0,1,0,0,0,0.666666666667,0.666666666667,0,0,0,216,172,44,0,216,0,172,0,44,37,216,0.162162162162,1.32432432432,11.6756756757,21.6,6,8.1990990496,0.702237650082,0.31006006006,10.329336629,1.76937710775,0.765265265265,3.0868314707,0.528762798222,0.252752752753,0.579945114934,0.437917739848,2,1.32432432432,0.579945114934,2,0.0121701261701,0.00597269624573,7,0.000900900900901,0.621196581197,37,37,37,1,0,0.72972972973,0.243243243243,0.027027027027,37,0.129129129129,1.32432432432,9.2972972973,17.2,4.77777777778,6.60750778729,0.710691244564,0.339566310497,8.34737555635,1.79565636968,0.776241357637,2.6689179686,0.574127702548,0.307982401006,0.579945114934,0.437917739848,2,1.32432432432,0.579945114934,2,0.00802570608716,0.00271125169453,2,0.0002574002574,0.408097766967,37,37,37,1,0,0.72972972973,0.243243243243,0.027027027027,37,172,0.129129129129,1.32432432432,9.2972972973,17.2,4.77777777778,6.60750778729,0.710691244564,0.339566310497,8.34737555635,1.79565636968,0.776241357637,2.6689179686,0.574127702548,0.307982401006,0.579945114934,0.437917739848,2,1.32432432432,0.579945114934,2,0.00802570608716,0.00271125169453,2,0.0002574002574,0.408097766967,37,37,37,1,0,0.72972972973,0.243243243243,0.027027027027,-44,-0.033033033033,0,-2.37837837838,-4.4,-1.22222222222,-1.59159126231,0.0084535944818,0.0295062504365,-1.98196107265,0.0262792619337,0.0109760923714,-0.417913502103,0.0453649043255,0.0552296482529,0,0,0,0,0,0,-0.00414442008296,-0.0032614445512,-5,-0.000643500643501,-0.213098814229,0,0,0,172,0,44,1116,0.796296296296,1,0,0.203703703704,1,0.796296296296,0.886597938144,0.875266790198,0.796296296296,0.796296296296,0,44,0,0,0,0
3517,WLNM_dir_neg,0.991089876033,0.936809308704,00:00:03,10,80,41,1237887365,threshold_sweep,0.7,0,0,0,0,0,44,88,0,1,0,1,0,0,0,0.666666666667,0.666666666667,0,0,0,216,172,44,0,216,0,172,0,44,37,216,0.162162162162,1.32432432432,11.6756756757,21.6,6,8.1990990496,0.702237650082,0.31006006006,10.329336629,1.76937710775,0.765265265265,3.0868314707,0.528762798222,0.252752752753,0.579945114934,0.437917739848,2,1.32432432432,0.579945114934,2,0.0121701261701,0.00597269624573,7,0.000900900900901,0.621196581197,37,37,37,1,0,0.72972972973,0.243243243243,0.027027027027,37,0.129129129129,1.32432432432,9.2972972973,17.2,4.77777777778,6.60750778729,0.710691244564,0.339566310497,8.34737555635,1.79565636968,0.776241357637,2.6689179686,0.574127702548,0.307982401006,0.579945114934,0.437917739848,2,1.32432432432,0.579945114934,2,0.00802570608716,0.00271125169453,2,0.0002574002574,0.408097766967,37,37,37,1,0,0.72972972973,0.243243243243,0.027027027027,37,172,0.129129129129,1.32432432432,9.2972972973,17.2,4.77777777778,6.60750778729,0.710691244564,0.339566310497,8.34737555635,1.79565636968,0.776241357637,2.6689179686,0.574127702548,0.307982401006,0.579945114934,0.437917739848,2,1.32432432432,0.579945114934,2,0.00802570608716,0.00271125169453,2,0.0002574002574,0.408097766967,37,37,37,1,0,0.72972972973,0.243243243243,0.027027027027,-44,-0.033033033033,0,-2.37837837838,-4.4,-1.22222222222,-1.59159126231,0.0084535944818,0.0295062504365,-1.98196107265,0.0262792619337,0.0109760923714,-0.417913502103,0.0453649043255,0.0552296482529,0,0,0,0,0,0,-0.00414442008296,-0.0032614445512,-5,-0.000643500643501,-0.213098814229,0,0,0,172,0,44,1116,0.796296296296,1,0,0.203703703704,1,0.796296296296,0.886597938144,0.875266790198,0.796296296296,0.796296296296,0,44,0,0,0,0
3518,WLNM_dir_neg,0.991089876033,0.936809308704,00:00:03,10,80,41,1237887365,threshold_sweep,0.8,0,0,0,0,0,44,88,0,1,0,1,0,0,0,0.666666666667,0.666666666667,0,0,0,216,172,44,0,216,0,172,0,44,37,216,0.162162162162,1.32432432432,11.6756756757,21.6,6,8.1990990496,0.702237650082,0.31006006006,10.329336629,1.76937710775,0.765265265265,3.0868314707,0.528762798222,0.252752752753,0.579945114934,0.437917739848,2,1.32432432432,0.579945114934,2,0.0121701261701,0.00597269624573,7,0.000900900900901,0.621196581197,37,37,37,1,0,0.72972972973,0.243243243243,0.027027027027,37,0.129129129129,1.32432432432,9.2972972973,17.2,4.77777777778,6.60750778729,0.710691244564,0.339566310497,8.34737555635,1.79565636968,0.776241357637,2.6689179686,0.574127702548,0.307982401006,0.579945114934,0.437917739848,2,1.32432432432,0.579945114934,2,0.00802570608716,0.00271125169453,2,0.0002574002574,0.408097766967,37,37,37,1,0,0.72972972973,0.243243243243,0.027027027027,37,172,0.129129129129,1.32432432432,9.2972972973,17.2,4.77777777778,6.60750778729,0.710691244564,0.339566310497,8.34737555635,1.79565636968,0.776241357637,2.6689179686,0.574127702548,0.307982401006,0.579945114934,0.437917739848,2,1.32432432432,0.579945114934,2,0.00802570608716,0.00271125169453,2,0.0002574002574,0.408097766967,37,37,37,1,0,0.72972972973,0.243243243243,0.027027027027,-44,-0.033033033033,0,-2.37837837838,-4.4,-1.22222222222,-1.59159126231,0.0084535944818,0.0295062504365,-1.98196107265,0.0262792619337,0.0109760923714,-0.417913502103,0.0453649043255,0.0552296482529,0,0,0,0,0,0,-0.00414442008296,-0.0032614445512,-5,-0.000643500643501,-0.213098814229,0,0,0,172,0,44,1116,0.796296296296,1,0,0.203703703704,1,0.796296296296,0.886597938144,0.875266790198,0.796296296296,0.796296296296,0,44,0,0,0,0
3519,WLNM_dir_neg,0.991089876033,0.936809308704,00:00:03,10,80,41,1237887365,threshold_sweep,0.9,0,0,0,0,0,44,88,0,1,0,1,0,0,0,0.666666666667,0.666666666667,0,0,0,216,172,44,0,216,0,172,0,44,37,216,0.162162162162,1.32432432432,11.6756756757,21.6,6,8.1990990496,0.702237650082,0.31006006006,10.329336629,1.76937710775,0.765265265265,3.0868314707,0.528762798222,0.252752752753,0.579945114934,0.437917739848,2,1.32432432432,0.579945114934,2,0.0121701261701,0.00597269624573,7,0.000900900900901,0.621196581197,37,37,37,1,0,0.72972972973,0.243243243243,0.027027027027,37,0.129129129129,1.32432432432,9.2972972973,17.2,4.77777777778,6.60750778729,0.710691244564,0.339566310497,8.34737555635,1.79565636968,0.776241357637,2.6689179686,0.574127702548,0.307982401006,0.579945114934,0.437917739848,2,1.32432432432,0.579945114934,2,0.00802570608716,0.00271125169453,2,0.0002574002574,0.408097766967,37,37,37,1,0,0.72972972973,0.243243243243,0.027027027027,37,172,0.129129129129,1.32432432432,9.2972972973,17.2,4.77777777778,6.60750778729,0.710691244564,0.339566310497,8.34737555635,1.79565636968,0.776241357637,2.6689179686,0.574127702548,0.307982401006,0.579945114934,0.437917739848,2,1.32432432432,0.579945114934,2,0.00802570608716,0.00271125169453,2,0.0002574002574,0.408097766967,37,37,37,1,0,0.72972972973,0.243243243243,0.027027027027,-44,-0.033033033033,0,-2.37837837838,-4.4,-1.22222222222,-1.59159126231,0.0084535944818,0.0295062504365,-1.98196107265,0.0262792619337,0.0109760923714,-0.417913502103,0.0453649043255,0.0552296482529,0,0,0,0,0,0,-0.00414442008296,-0.0032614445512,-5,-0.000643500643501,-0.213098814229,0,0,0,172,0,44,1116,0.796296296296,1,0,0.203703703704,1,0.796296296296,0.886597938144,0.875266790198,0.796296296296,0.796296296296,0,44,0,0,0,0
3520,WLNM_dir_neg,0.994834710744,0.967171717172,00:00:03,10,80,42,1237887366,threshold_sweep,0.1,1,0.0909090909091,0.166666666667,4,0,40,88,0.0909090909091,1,0,0.909090909091,1,0.0909090909091,0.166666666667,0.69696969697,0.656565656566,0.117647058824,0.25,0.0909090909091,216,172,44,0,216,0,172,0,44,37,216,0.162162162162,1.32432432432,11.6756756757,21.6,6,8.1990990496,0.702237650082,0.31006006006,10.329336629,1.76937710775,0.765265265265,3.0868314707,0.528762798222,0.252752752753,0.579945114934,0.437917739848,2,1.32432432432,0.579945114934,2,0.0121701261701,0.00597269624573,7,0.000900900900901,0.621196581197,37,37,37,1,0,0.72972972973,0.243243243243,0.027027027027,37,0.129129129129,1.32432432432,9.2972972973,17.2,4.91428571429,6.56110113076,0.705699830925,0.335795097423,8.26040157827,1.77694685114,0.769956002514,2.64802039494,0.56963229426,0.309553739786,0.579945114934,0.437917739848,2,1.32432432432,0.579945114934,2,0.0114181557791,0.00544959128065,4,0.000514800514801,0.411626202568,37,37,37,1,0,0.72972972973,0.216216216216,0.0540540540541,37,176,0.132132132132,1.32432432432,9.51351351351,17.6,4.88888888889,6.75615612946,0.710164138608,0.343212530713,8.30463526995,1.7458608238,0.764434889435,2.49894872791,0.525347175755,0.286240786241,0.579945114934,0.437917739848,2,1.32432432432,0.579945114934,2,0.0124736082631,0.00905172413793,7,0.000900900900901,0.417305214914,37,37,37,1,0,0.72972972973,0.243243243243,0.027027027027,-40,-0.03003003003,0,-2.16216216216,-4,-1.11111111111,-1.44294292014,0.00792648852619,0.0331524706525,-2.02470135905,-0.0235162839481,-0.000830375830376,-0.58788274279,-0.00341562246772,0.033488033488,0,0,0,0,0,0,0.000303482092956,0.0030790278922,0,0,-0.203891366283,0,0,0,176,0,40,1116,0.814814814815,1,0,0.185185185185,1,0.814814814815,0.897959183673,0.886916304149,0.814814814815,0.814814814815,4,44,0,0,0,0
3521,WLNM_dir_neg,0.994834710744,0.967171717172,00:00:03,10,80,42,1237887366,threshold_sweep,0.2,1,0.0681818181818,0.127659574468,3,0,41,88,0.0681818181818,1,0,0.931818181818,1,0.0681818181818,0.127659574468,0.689393939394,0.659090909091,0.0888888888889,0.215665546407,0.0681818181818,216,172,44,0,216,0,172,0,44,37,216,0.162162162162,1.32432432432,11.6756756757,21.6,6,8.1990990496,0.702237650082,0.31006006006,10.329336629,1.76937710775,0.765265265265,3.0868314707,0.528762798222,0.252752752753,0.579945114934,0.437917739848,2,1.32432432432,0.579945114934,2,0.0121701261701,0.00597269624573,7,0.000900900900901,0.621196581197,37,37,37,1,0,0.72972972973,0.243243243243,0.027027027027,37,0.129129129129,1.32432432432,9.2972972973,17.2,4.91428571429,6.56110113076,0.705699830925,0.335795097423,8.26040157827,1.77694685114,0.769956002514,2.64802039494,0.56963229426,0.309553739786,0.579945114934,0.437917739848,2,1.32432432432,0.579945114934,2,0.0114181557791,0.00544959128065,4,0.000514800514801,0.411626202568,37,37,37,1,0,0.72972972973,0.216216216216,0.0540540540541,37,175,0.131381381381,1.32432432432,9.45945945946,17.5,4.86111111111,6.70652499268,0.708975499226,0.341467181467,8.29875709787,1.75459435783,0.766023166023,2.53474356197,0.535917210244,0.291891891892,0.579945114934,0.437917739848,2,1.32432432432,0.579945114934,2,0.0127555761227,0.00786026200873,6,0.000772200772201,0.415082992692,37,37,37,1,0,0.72972972973,0.243243243243,0.027027027027,-41,-0.0307807807808,0,-2.21621621622,-4.1,-1.13888888889,-1.49257405692,0.00673784914459,0.0314071214071,-2.03057953113,-0.0147827499109,0.000757900757901,-0.552087908739,0.00715441202167,0.0391391391391,0,0,0,0,0,0,0.000585449952563,0.001887565763,-1,-0.0001287001287,-0.206113588505,0,0,0,175,0,41,1116,0.810185185185,1,0,0.189814814815,1,0.810185185185,0.895140664962,0.884010791353,0.810185185185,0.810185185185,3,44,0,0,0,0
3522,WLNM_dir_neg,0.994834710744,0.967171717172,00:00:03,10,80,42,1237887366,threshold_sweep,0.3,1,0.0681818181818,0.127659574468,3,0,41,88,0.0681818181818,1,0,0.931818181818,1,0.0681818181818,0.127659574468,0.689393939394,0.659090909091,0.0888888888889,0.215665546407,0.0681818181818,216,172,44,0,216,0,172,0,44,37,216,0.162162162162,1.32432432432,11.6756756757,21.6,6,8.1990990496,0.702237650082,0.31006006006,10.329336629,1.76937710775,0.765265265265,3.0868314707,0.528762798222,0.252752752753,0.579945114934,0.437917739848,2,1.32432432432,0.579945114934,2,0.0121701261701,0.00597269624573,7,0.000900900900901,0.621196581197,37,37,37,1,0,0.72972972973,0.243243243243,0.027027027027,37,0.129129129129,1.32432432432,9.2972972973,17.2,4.91428571429,6.56110113076,0.705699830925,0.335795097423,8.26040157827,1.77694685114,0.769956002514,2.64802039494,0.56963229426,0.309553739786,0.579945114934,0.437917739848,2,1.32432432432,0.579945114934,2,0.0114181557791,0.00544959128065,4,0.000514800514801,0.411626202568,37,37,37,1,0,0.72972972973,0.216216216216,0.0540540540541,37,175,0.131381381381,1.32432432432,9.45945945946,17.5,4.86111111111,6.70652499268,0.708975499226,0.341467181467,8.29875709787,1.75459435783,0.766023166023,2.53474356197,0.535917210244,0.291891891892,0.579945114934,0.437917739848,2,1.32432432432,0.579945114934,2,0.0127555761227,0.00786026200873,6,0.000772200772201,0.415082992692,37,37,37,1,0,0.72972972973,0.243243243243,0.027027027027,-41,-0.0307807807808,0,-2.21621621622,-4.1,-1.13888888889,-1.49257405692,0.00673784914459,0.0314071214071,-2.03057953113,-0.0147827499109,0.000757900757901,-0.552087908739,0.00715441202167,0.0391391391391,0,0,0,0,0,0,0.000585449952563,0.001887565763,-1,-0.0001287001287,-0.206113588505,0,0,0,175,0,41,1116,0.810185185185,1,0,0.189814814815,1,0.810185185185,0.895140664962,0.884010791353,0.810185185185,0.810185185185,3,44,0,0,0,0
3523,WLNM_dir_neg,0.994834710744,0.967171717172,00:00:03,10,80,42,1237887366,threshold_sweep,0.4,1,0.0681818181818,0.127659574468,3,0,41,88,0.0681818181818,1,0,0.931818181818,1,0.0681818181818,0.127659574468,0.689393939394,0.659090909091,0.0888888888889,0.215665546407,0.0681818181818,216,172,44,0,216,0,172,0,44,37,216,0.162162162162,1.32432432432,11.6756756757,21.6,6,8.1990990496,0.702237650082,0.31006006006,10.329336629,1.76937710775,0.765265265265,3.0868314707,0.528762798222,0.252752752753,0.579945114934,0.437917739848,2,1.32432432432,0.579945114934,2,0.0121701261701,0.00597269624573,7,0.000900900900901,0.621196581197,37,37,37,1,0,0.72972972973,0.243243243243,0.027027027027,37,0.129129129129,1.32432432432,9.2972972973,17.2,4.91428571429,6.56110113076,0.705699830925,0.335795097423,8.26040157827,1.77694685114,0.769956002514,2.64802039494,0.56963229426,0.309553739786,0.579945114934,0.437917739848,2,1.32432432432,0.579945114934,2,0.0114181557791,0.00544959128065,4,0.000514800514801,0.411626202568,37,37,37,1,0,0.72972972973,0.216216216216,0.0540540540541,37,175,0.131381381381,1.32432432432,9.45945945946,17.5,4.86111111111,6.70652499268,0.708975499226,0.341467181467,8.29875709787,1.75459435783,0.766023166023,2.53474356197,0.535917210244,0.291891891892,0.579945114934,0.437917739848,2,1.32432432432,0.579945114934,2,0.0127555761227,0.00786026200873,6,0.000772200772201,0.415082992692,37,37,37,1,0,0.72972972973,0.243243243243,0.027027027027,-41,-0.0307807807808,0,-2.21621621622,-4.1,-1.13888888889,-1.49257405692,0.00673784914459,0.0314071214071,-2.03057953113,-0.0147827499109,0.000757900757901,-0.552087908739,0.00715441202167,0.0391391391391,0,0,0,0,0,0,0.000585449952563,0.001887565763,-1,-0.0001287001287,-0.206113588505,0,0,0,175,0,41,1116,0.810185185185,1,0,0.189814814815,1,0.810185185185,0.895140664962,0.884010791353,0.810185185185,0.810185185185,3,44,0,0,0,0
3524,WLNM_dir_neg,0.994834710744,0.967171717172,00:00:03,10,80,42,1237887366,threshold_sweep,0.5,1,0.0681818181818,0.127659574468,3,0,41,88,0.0681818181818,1,0,0.931818181818,1,0.0681818181818,0.127659574468,0.689393939394,0.659090909091,0.0888888888889,0.215665546407,0.0681818181818,216,172,44,0,216,0,172,0,44,37,216,0.162162162162,1.32432432432,11.6756756757,21.6,6,8.1990990496,0.702237650082,0.31006006006,10.329336629,1.76937710775,0.765265265265,3.0868314707,0.528762798222,0.252752752753,0.579945114934,0.437917739848,2,1.32432432432,0.579945114934,2,0.0121701261701,0.00597269624573,7,0.000900900900901,0.621196581197,37,37,37,1,0,0.72972972973,0.243243243243,0.027027027027,37,0.129129129129,1.32432432432,9.2972972973,17.2,4.91428571429,6.56110113076,0.705699830925,0.335795097423,8.26040157827,1.77694685114,0.769956002514,2.64802039494,0.56963229426,0.309553739786,0.579945114934,0.437917739848,2,1.32432432432,0.579945114934,2,0.0114181557791,0.00544959128065,4,0.000514800514801,0.411626202568,37,37,37,1,0,0.72972972973,0.216216216216,0.0540540540541,37,175,0.131381381381,1.32432432432,9.45945945946,17.5,4.86111111111,6.70652499268,0.708975499226,0.341467181467,8.29875709787,1.75459435783,0.766023166023,2.53474356197,0.535917210244,0.291891891892,0.579945114934,0.437917739848,2,1.32432432432,0.579945114934,2,0.0127555761227,0.00786026200873,6,0.000772200772201,0.415082992692,37,37,37,1,0,0.72972972973,0.243243243243,0.027027027027,-41,-0.0307807807808,0,-2.21621621622,-4.1,-1.13888888889,-1.49257405692,0.00673784914459,0.0314071214071,-2.03057953113,-0.0147827499109,0.000757900757901,-0.552087908739,0.00715441202167,0.0391391391391,0,0,0,0,0,0,0.000585449952563,0.001887565763,-1,-0.0001287001287,-0.206113588505,0,0,0,175,0,41,1116,0.810185185185,1,0,0.189814814815,1,0.810185185185,0.895140664962,0.884010791353,0.810185185185,0.810185185185,3,44,0,0,0,0
3525,WLNM_dir_neg,0.994834710744,0.967171717172,00:00:03,10,80,42,1237887366,threshold_sweep,0.6,1,0.0681818181818,0.127659574468,3,0,41,88,0.0681818181818,1,0,0.931818181818,1,0.0681818181818,0.127659574468,0.689393939394,0.659090909091,0.0888888888889,0.215665546407,0.0681818181818,216,172,44,0,216,0,172,0,44,37,216,0.162162162162,1.32432432432,11.6756756757,21.6,6,8.1990990496,0.702237650082,0.31006006006,10.329336629,1.76937710775,0.765265265265,3.0868314707,0.528762798222,0.252752752753,0.579945114934,0.437917739848,2,1.32432432432,0.579945114934,2,0.0121701261701,0.00597269624573,7,0.000900900900901,0.621196581197,37,37,37,1,0,0.72972972973,0.243243243243,0.027027027027,37,0.129129129129,1.32432432432,9.2972972973,17.2,4.91428571429,6.56110113076,0.705699830925,0.335795097423,8.26040157827,1.77694685114,0.769956002514,2.64802039494,0.56963229426,0.309553739786,0.579945114934,0.437917739848,2,1.32432432432,0.579945114934,2,0.0114181557791,0.00544959128065,4,0.000514800514801,0.411626202568,37,37,37,1,0,0.72972972973,0.216216216216,0.0540540540541,37,175,0.131381381381,1.32432432432,9.45945945946,17.5,4.86111111111,6.70652499268,0.708975499226,0.341467181467,8.29875709787,1.75459435783,0.766023166023,2.53474356197,0.535917210244,0.291891891892,0.579945114934,0.437917739848,2,1.32432432432,0.579945114934,2,0.0127555761227,0.00786026200873,6,0.000772200772201,0.415082992692,37,37,37,1,0,0.72972972973,0.243243243243,0.027027027027,-41,-0.0307807807808,0,-2.21621621622,-4.1,-1.13888888889,-1.49257405692,0.00673784914459,0.0314071214071,-2.03057953113,-0.0147827499109,0.000757900757901,-0.552087908739,0.00715441202167,0.0391391391391,0,0,0,0,0,0,0.000585449952563,0.001887565763,-1,-0.0001287001287,-0.206113588505,0,0,0,175,0,41,1116,0.810185185185,1,0,0.189814814815,1,0.810185185185,0.895140664962,0.884010791353,0.810185185185,0.810185185185,3,44,0,0,0,0
3526,WLNM_dir_neg,0.994834710744,0.967171717172,00:00:03,10,80,42,1237887366,threshold_sweep,0.7,1,0.0681818181818,0.127659574468,3,0,41,88,0.0681818181818,1,0,0.931818181818,1,0.0681818181818,0.127659574468,0.689393939394,0.659090909091,0.0888888888889,0.215665546407,0.0681818181818,216,172,44,0,216,0,172,0,44,37,216,0.162162162162,1.32432432432,11.6756756757,21.6,6,8.1990990496,0.702237650082,0.31006006006,10.329336629,1.76937710775,0.765265265265,3.0868314707,0.528762798222,0.252752752753,0.579945114934,0.437917739848,2,1.32432432432,0.579945114934,2,0.0121701261701,0.00597269624573,7,0.000900900900901,0.621196581197,37,37,37,1,0,0.72972972973,0.243243243243,0.027027027027,37,0.129129129129,1.32432432432,9.2972972973,17.2,4.91428571429,6.56110113076,0.705699830925,0.335795097423,8.26040157827,1.77694685114,0.769956002514,2.64802039494,0.56963229426,0.309553739786,0.579945114934,0.437917739848,2,1.32432432432,0.579945114934,2,0.0114181557791,0.00544959128065,4,0.000514800514801,0.411626202568,37,37,37,1,0,0.72972972973,0.216216216216,0.0540540540541,37,175,0.131381381381,1.32432432432,9.45945945946,17.5,4.86111111111,6.70652499268,0.708975499226,0.341467181467,8.29875709787,1.75459435783,0.766023166023,2.53474356197,0.535917210244,0.291891891892,0.579945114934,0.437917739848,2,1.32432432432,0.579945114934,2,0.0127555761227,0.00786026200873,6,0.000772200772201,0.415082992692,37,37,37,1,0,0.72972972973,0.243243243243,0.027027027027,-41,-0.0307807807808,0,-2.21621621622,-4.1,-1.13888888889,-1.49257405692,0.00673784914459,0.0314071214071,-2.03057953113,-0.0147827499109,0.000757900757901,-0.552087908739,0.00715441202167,0.0391391391391,0,0,0,0,0,0,0.000585449952563,0.001887565763,-1,-0.0001287001287,-0.206113588505,0,0,0,175,0,41,1116,0.810185185185,1,0,0.189814814815,1,0.810185185185,0.895140664962,0.884010791353,0.810185185185,0.810185185185,3,44,0,0,0,0
3527,WLNM_dir_neg,0.994834710744,0.967171717172,00:00:03,10,80,42,1237887366,threshold_sweep,0.8,1,0.0681818181818,0.127659574468,3,0,41,88,0.0681818181818,1,0,0.931818181818,1,0.0681818181818,0.127659574468,0.689393939394,0.659090909091,0.0888888888889,0.215665546407,0.0681818181818,216,172,44,0,216,0,172,0,44,37,216,0.162162162162,1.32432432432,11.6756756757,21.6,6,8.1990990496,0.702237650082,0.31006006006,10.329336629,1.76937710775,0.765265265265,3.0868314707,0.528762798222,0.252752752753,0.579945114934,0.437917739848,2,1.32432432432,0.579945114934,2,0.0121701261701,0.00597269624573,7,0.000900900900901,0.621196581197,37,37,37,1,0,0.72972972973,0.243243243243,0.027027027027,37,0.129129129129,1.32432432432,9.2972972973,17.2,4.91428571429,6.56110113076,0.705699830925,0.335795097423,8.26040157827,1.77694685114,0.769956002514,2.64802039494,0.56963229426,0.309553739786,0.579945114934,0.437917739848,2,1.32432432432,0.579945114934,2,0.0114181557791,0.00544959128065,4,0.000514800514801,0.411626202568,37,37,37,1,0,0.72972972973,0.216216216216,0.0540540540541,37,175,0.131381381381,1.32432432432,9.45945945946,17.5,4.86111111111,6.70652499268,0.708975499226,0.341467181467,8.29875709787,1.75459435783,0.766023166023,2.53474356197,0.535917210244,0.291891891892,0.579945114934,0.437917739848,2,1.32432432432,0.579945114934,2,0.0127555761227,0.00786026200873,6,0.000772200772201,0.415082992692,37,37,37,1,0,0.72972972973,0.243243243243,0.027027027027,-41,-0.0307807807808,0,-2.21621621622,-4.1,-1.13888888889,-1.49257405692,0.00673784914459,0.0314071214071,-2.03057953113,-0.0147827499109,0.000757900757901,-0.552087908739,0.00715441202167,0.0391391391391,0,0,0,0,0,0,0.000585449952563,0.001887565763,-1,-0.0001287001287,-0.206113588505,0,0,0,175,0,41,1116,0.810185185185,1,0,0.189814814815,1,0.810185185185,0.895140664962,0.884010791353,0.810185185185,0.810185185185,3,44,0,0,0,0
3528,WLNM_dir_neg,0.994834710744,0.967171717172,00:00:03,10,80,42,1237887366,threshold_sweep,0.9,1,0.0681818181818,0.127659574468,3,0,41,88,0.0681818181818,1,0,0.931818181818,1,0.0681818181818,0.127659574468,0.689393939394,0.659090909091,0.0888888888889,0.215665546407,0.0681818181818,216,172,44,0,216,0,172,0,44,37,216,0.162162162162,1.32432432432,11.6756756757,21.6,6,8.1990990496,0.702237650082,0.31006006006,10.329336629,1.76937710775,0.765265265265,3.0868314707,0.528762798222,0.252752752753,0.579945114934,0.437917739848,2,1.32432432432,0.579945114934,2,0.0121701261701,0.00597269624573,7,0.000900900900901,0.621196581197,37,37,37,1,0,0.72972972973,0.243243243243,0.027027027027,37,0.129129129129,1.32432432432,9.2972972973,17.2,4.91428571429,6.56110113076,0.705699830925,0.335795097423,8.26040157827,1.77694685114,0.769956002514,2.64802039494,0.56963229426,0.309553739786,0.579945114934,0.437917739848,2,1.32432432432,0.579945114934,2,0.0114181557791,0.00544959128065,4,0.000514800514801,0.411626202568,37,37,37,1,0,0.72972972973,0.216216216216,0.0540540540541,37,175,0.131381381381,1.32432432432,9.45945945946,17.5,4.86111111111,6.70652499268,0.708975499226,0.341467181467,8.29875709787,1.75459435783,0.766023166023,2.53474356197,0.535917210244,0.291891891892,0.579945114934,0.437917739848,2,1.32432432432,0.579945114934,2,0.0127555761227,0.00786026200873,6,0.000772200772201,0.415082992692,37,37,37,1,0,0.72972972973,0.243243243243,0.027027027027,-41,-0.0307807807808,0,-2.21621621622,-4.1,-1.13888888889,-1.49257405692,0.00673784914459,0.0314071214071,-2.03057953113,-0.0147827499109,0.000757900757901,-0.552087908739,0.00715441202167,0.0391391391391,0,0,0,0,0,0,0.000585449952563,0.001887565763,-1,-0.0001287001287,-0.206113588505,0,0,0,175,0,41,1116,0.810185185185,1,0,0.189814814815,1,0.810185185185,0.895140664962,0.884010791353,0.810185185185,0.810185185185,3,44,0,0,0,0
3529,WLNM_dir_neg,1,0.977272727273,00:00:03,10,80,43,1237887367,threshold_sweep,0.1,1,0.0454545454545,0.0869565217391,2,0,42,88,0.0454545454545,1,0,0.954545454545,1,0.0454545454545,0.0869565217391,0.681818181818,0.661616161616,0.0597014925373,0.175411603861,0.0454545454545,216,172,44,0,216,0,172,0,44,37,216,0.162162162162,1.32432432432,11.6756756757,21.6,6,8.1990990496,0.702237650082,0.31006006006,10.329336629,1.76937710775,0.765265265265,3.0868314707,0.528762798222,0.252752752753,0.579945114934,0.437917739848,2,1.32432432432,0.579945114934,2,0.0121701261701,0.00597269624573,7,0.000900900900901,0.621196581197,37,37,37,1,0,0.72972972973,0.243243243243,0.027027027027,37,0.129129129129,1.32432432432,9.2972972973,17.2,5.21212121212,6.81038775558,0.732512636502,0.34333752357,8.36731808957,1.79994633322,0.777498428661,2.65848971553,0.57188441555,0.304211187932,0.579945114934,0.437917739848,2,1.33333333333,0.585540043769,2,0,0,0,0,0.41233244855,37,36,36,0.972972972973,0,0.702702702703,0.189189189189,0.0810810810811,37,174,0.130630630631,1.3277027027,9.40540540541,17.4,4.97142857143,6.80465306267,0.723483227928,0.340167753961,8.37942209909,1.78183113601,0.774464119292,2.56974777042,0.546440617849,0.291084187636,0.590250176002,0.444565018057,2.125,1.33680555556,0.595983164645,2.125,0.0125149928219,0.0065331010453,5,0.000643500643501,0.408805111689,37,36,36,0.972972972973,0,0.702702702703,0.243243243243,0.027027027027,-42,-0.0315315315315,0.00337837837838,-2.27027027027,-4.2,-1.02857142857,-1.39444598693,0.0212455778457,0.0301076939008,-1.94991452991,0.012454028268,0.00919885402644,-0.517083700279,0.0176778196265,0.0383314348832,0.0103050610674,0.00664727820894,0.125,0.0124812312312,0.0160380497101,0.125,0.000344866651772,0.000560404799562,-2,-0.0002574002574,-0.212391469507,-0.027027027027,0,0,174,0,42,1116,0.805555555556,1,0,0.194444444444,1,0.805555555556,0.892307692308,0.88110074037,0.805555555556,0.805555555556,2,44,0,0,0,0
3530,WLNM_dir_neg,1,0.977272727273,00:00:03,10,80,43,1237887367,threshold_sweep,0.2,1,0.0454545454545,0.0869565217391,2,0,42,88,0.0454545454545,1,0,0.954545454545,1,0.0454545454545,0.0869565217391,0.681818181818,0.661616161616,0.0597014925373,0.175411603861,0.0454545454545,216,172,44,0,216,0,172,0,44,37,216,0.162162162162,1.32432432432,11.6756756757,21.6,6,8.1990990496,0.702237650082,0.31006006006,10.329336629,1.76937710775,0.765265265265,3.0868314707,0.528762798222,0.252752752753,0.579945114934,0.437917739848,2,1.32432432432,0.579945114934,2,0.0121701261701,0.00597269624573,7,0.000900900900901,0.621196581197,37,37,37,1,0,0.72972972973,0.243243243243,0.027027027027,37,0.129129129129,1.32432432432,9.2972972973,17.2,5.21212121212,6.81038775558,0.732512636502,0.34333752357,8.36731808957,1.79994633322,0.777498428661,2.65848971553,0.57188441555,0.304211187932,0.579945114934,0.437917739848,2,1.33333333333,0.585540043769,2,0,0,0,0,0.41233244855,37,36,36,0.972972972973,0,0.702702702703,0.189189189189,0.0810810810811,37,174,0.130630630631,1.3277027027,9.40540540541,17.4,4.97142857143,6.80465306267,0.723483227928,0.340167753961,8.37942209909,1.78183113601,0.774464119292,2.56974777042,0.546440617849,0.291084187636,0.590250176002,0.444565018057,2.125,1.33680555556,0.595983164645,2.125,0.0125149928219,0.0065331010453,5,0.000643500643501,0.408805111689,37,36,36,0.972972972973,0,0.702702702703,0.243243243243,0.027027027027,-42,-0.0315315315315,0.00337837837838,-2.27027027027,-4.2,-1.02857142857,-1.39444598693,0.0212455778457,0.0301076939008,-1.94991452991,0.012454028268,0.00919885402644,-0.517083700279,0.0176778196265,0.0383314348832,0.0103050610674,0.00664727820894,0.125,0.0124812312312,0.0160380497101,0.125,0.000344866651772,0.000560404799562,-2,-0.0002574002574,-0.212391469507,-0.027027027027,0,0,174,0,42,1116,0.805555555556,1,0,0.194444444444,1,0.805555555556,0.892307692308,0.88110074037,0.805555555556,0.805555555556,2,44,0,0,0,0
3531,WLNM_dir_neg,1,0.977272727273,00:00:03,10,80,43,1237887367,threshold_sweep,0.3,1,0.0454545454545,0.0869565217391,2,0,42,88,0.0454545454545,1,0,0.954545454545,1,0.0454545454545,0.0869565217391,0.681818181818,0.661616161616,0.0597014925373,0.175411603861,0.0454545454545,216,172,44,0,216,0,172,0,44,37,216,0.162162162162,1.32432432432,11.6756756757,21.6,6,8.1990990496,0.702237650082,0.31006006006,10.329336629,1.76937710775,0.765265265265,3.0868314707,0.528762798222,0.252752752753,0.579945114934,0.437917739848,2,1.32432432432,0.579945114934,2,0.0121701261701,0.00597269624573,7,0.000900900900901,0.621196581197,37,37,37,1,0,0.72972972973,0.243243243243,0.027027027027,37,0.129129129129,1.32432432432,9.2972972973,17.2,5.21212121212,6.81038775558,0.732512636502,0.34333752357,8.36731808957,1.79994633322,0.777498428661,2.65848971553,0.57188441555,0.304211187932,0.579945114934,0.437917739848,2,1.33333333333,0.585540043769,2,0,0,0,0,0.41233244855,37,36,36,0.972972972973,0,0.702702702703,0.189189189189,0.0810810810811,37,174,0.130630630631,1.3277027027,9.40540540541,17.4,4.97142857143,6.80465306267,0.723483227928,0.340167753961,8.37942209909,1.78183113601,0.774464119292,2.56974777042,0.546440617849,0.291084187636,0.590250176002,0.444565018057,2.125,1.33680555556,0.595983164645,2.125,0.0125149928219,0.0065331010453,5,0.000643500643501,0.408805111689,37,36,36,0.972972972973,0,0.702702702703,0.243243243243,0.027027027027,-42,-0.0315315315315,0.00337837837838,-2.27027027027,-4.2,-1.02857142857,-1.39444598693,0.0212455778457,0.0301076939008,-1.94991452991,0.012454028268,0.00919885402644,-0.517083700279,0.0176778196265,0.0383314348832,0.0103050610674,0.00664727820894,0.125,0.0124812312312,0.0160380497101,0.125,0.000344866651772,0.000560404799562,-2,-0.0002574002574,-0.212391469507,-0.027027027027,0,0,174,0,42,1116,0.805555555556,1,0,0.194444444444,1,0.805555555556,0.892307692308,0.88110074037,0.805555555556,0.805555555556,2,44,0,0,0,0
3532,WLNM_dir_neg,1,0.977272727273,00:00:03,10,80,43,1237887367,threshold_sweep,0.4,1,0.0454545454545,0.0869565217391,2,0,42,88,0.0454545454545,1,0,0.954545454545,1,0.0454545454545,0.0869565217391,0.681818181818,0.661616161616,0.0597014925373,0.175411603861,0.0454545454545,216,172,44,0,216,0,172,0,44,37,216,0.162162162162,1.32432432432,11.6756756757,21.6,6,8.1990990496,0.702237650082,0.31006006006,10.329336629,1.76937710775,0.765265265265,3.0868314707,0.528762798222,0.252752752753,0.579945114934,0.437917739848,2,1.32432432432,0.579945114934,2,0.0121701261701,0.00597269624573,7,0.000900900900901,0.621196581197,37,37,37,1,0,0.72972972973,0.243243243243,0.027027027027,37,0.129129129129,1.32432432432,9.2972972973,17.2,5.21212121212,6.81038775558,0.732512636502,0.34333752357,8.36731808957,1.79994633322,0.777498428661,2.65848971553,0.57188441555,0.304211187932,0.579945114934,0.437917739848,2,1.33333333333,0.585540043769,2,0,0,0,0,0.41233244855,37,36,36,0.972972972973,0,0.702702702703,0.189189189189,0.0810810810811,37,174,0.130630630631,1.3277027027,9.40540540541,17.4,4.97142857143,6.80465306267,0.723483227928,0.340167753961,8.37942209909,1.78183113601,0.774464119292,2.56974777042,0.546440617849,0.291084187636,0.590250176002,0.444565018057,2.125,1.33680555556,0.595983164645,2.125,0.0125149928219,0.0065331010453,5,0.000643500643501,0.408805111689,37,36,36,0.972972972973,0,0.702702702703,0.243243243243,0.027027027027,-42,-0.0315315315315,0.00337837837838,-2.27027027027,-4.2,-1.02857142857,-1.39444598693,0.0212455778457,0.0301076939008,-1.94991452991,0.012454028268,0.00919885402644,-0.517083700279,0.0176778196265,0.0383314348832,0.0103050610674,0.00664727820894,0.125,0.0124812312312,0.0160380497101,0.125,0.000344866651772,0.000560404799562,-2,-0.0002574002574,-0.212391469507,-0.027027027027,0,0,174,0,42,1116,0.805555555556,1,0,0.194444444444,1,0.805555555556,0.892307692308,0.88110074037,0.805555555556,0.805555555556,2,44,0,0,0,0
3533,WLNM_dir_neg,1,0.977272727273,00:00:03,10,80,43,1237887367,threshold_sweep,0.5,1,0.0454545454545,0.0869565217391,2,0,42,88,0.0454545454545,1,0,0.954545454545,1,0.0454545454545,0.0869565217391,0.681818181818,0.661616161616,0.0597014925373,0.175411603861,0.0454545454545,216,172,44,0,216,0,172,0,44,37,216,0.162162162162,1.32432432432,11.6756756757,21.6,6,8.1990990496,0.702237650082,0.31006006006,10.329336629,1.76937710775,0.765265265265,3.0868314707,0.528762798222,0.252752752753,0.579945114934,0.437917739848,2,1.32432432432,0.579945114934,2,0.0121701261701,0.00597269624573,7,0.000900900900901,0.621196581197,37,37,37,1,0,0.72972972973,0.243243243243,0.027027027027,37,0.129129129129,1.32432432432,9.2972972973,17.2,5.21212121212,6.81038775558,0.732512636502,0.34333752357,8.36731808957,1.79994633322,0.777498428661,2.65848971553,0.57188441555,0.304211187932,0.579945114934,0.437917739848,2,1.33333333333,0.585540043769,2,0,0,0,0,0.41233244855,37,36,36,0.972972972973,0,0.702702702703,0.189189189189,0.0810810810811,37,174,0.130630630631,1.3277027027,9.40540540541,17.4,4.97142857143,6.80465306267,0.723483227928,0.340167753961,8.37942209909,1.78183113601,0.774464119292,2.56974777042,0.546440617849,0.291084187636,0.590250176002,0.444565018057,2.125,1.33680555556,0.595983164645,2.125,0.0125149928219,0.0065331010453,5,0.000643500643501,0.408805111689,37,36,36,0.972972972973,0,0.702702702703,0.243243243243,0.027027027027,-42,-0.0315315315315,0.00337837837838,-2.27027027027,-4.2,-1.02857142857,-1.39444598693,0.0212455778457,0.0301076939008,-1.94991452991,0.012454028268,0.00919885402644,-0.517083700279,0.0176778196265,0.0383314348832,0.0103050610674,0.00664727820894,0.125,0.0124812312312,0.0160380497101,0.125,0.000344866651772,0.000560404799562,-2,-0.0002574002574,-0.212391469507,-0.027027027027,0,0,174,0,42,1116,0.805555555556,1,0,0.194444444444,1,0.805555555556,0.892307692308,0.88110074037,0.805555555556,0.805555555556,2,44,0,0,0,0
3534,WLNM_dir_neg,1,0.977272727273,00:00:03,10,80,43,1237887367,threshold_sweep,0.6,1,0.0454545454545,0.0869565217391,2,0,42,88,0.0454545454545,1,0,0.954545454545,1,0.0454545454545,0.0869565217391,0.681818181818,0.661616161616,0.0597014925373,0.175411603861,0.0454545454545,216,172,44,0,216,0,172,0,44,37,216,0.162162162162,1.32432432432,11.6756756757,21.6,6,8.1990990496,0.702237650082,0.31006006006,10.329336629,1.76937710775,0.765265265265,3.0868314707,0.528762798222,0.252752752753,0.579945114934,0.437917739848,2,1.32432432432,0.579945114934,2,0.0121701261701,0.00597269624573,7,0.000900900900901,0.621196581197,37,37,37,1,0,0.72972972973,0.243243243243,0.027027027027,37,0.129129129129,1.32432432432,9.2972972973,17.2,5.21212121212,6.81038775558,0.732512636502,0.34333752357,8.36731808957,1.79994633322,0.777498428661,2.65848971553,0.57188441555,0.304211187932,0.579945114934,0.437917739848,2,1.33333333333,0.585540043769,2,0,0,0,0,0.41233244855,37,36,36,0.972972972973,0,0.702702702703,0.189189189189,0.0810810810811,37,174,0.130630630631,1.3277027027,9.40540540541,17.4,4.97142857143,6.80465306267,0.723483227928,0.340167753961,8.37942209909,1.78183113601,0.774464119292,2.56974777042,0.546440617849,0.291084187636,0.590250176002,0.444565018057,2.125,1.33680555556,0.595983164645,2.125,0.0125149928219,0.0065331010453,5,0.000643500643501,0.408805111689,37,36,36,0.972972972973,0,0.702702702703,0.243243243243,0.027027027027,-42,-0.0315315315315,0.00337837837838,-2.27027027027,-4.2,-1.02857142857,-1.39444598693,0.0212455778457,0.0301076939008,-1.94991452991,0.012454028268,0.00919885402644,-0.517083700279,0.0176778196265,0.0383314348832,0.0103050610674,0.00664727820894,0.125,0.0124812312312,0.0160380497101,0.125,0.000344866651772,0.000560404799562,-2,-0.0002574002574,-0.212391469507,-0.027027027027,0,0,174,0,42,1116,0.805555555556,1,0,0.194444444444,1,0.805555555556,0.892307692308,0.88110074037,0.805555555556,0.805555555556,2,44,0,0,0,0
3535,WLNM_dir_neg,1,0.977272727273,00:00:03,10,80,43,1237887367,threshold_sweep,0.7,1,0.0454545454545,0.0869565217391,2,0,42,88,0.0454545454545,1,0,0.954545454545,1,0.0454545454545,0.0869565217391,0.681818181818,0.661616161616,0.0597014925373,0.175411603861,0.0454545454545,216,172,44,0,216,0,172,0,44,37,216,0.162162162162,1.32432432432,11.6756756757,21.6,6,8.1990990496,0.702237650082,0.31006006006,10.329336629,1.76937710775,0.765265265265,3.0868314707,0.528762798222,0.252752752753,0.579945114934,0.437917739848,2,1.32432432432,0.579945114934,2,0.0121701261701,0.00597269624573,7,0.000900900900901,0.621196581197,37,37,37,1,0,0.72972972973,0.243243243243,0.027027027027,37,0.129129129129,1.32432432432,9.2972972973,17.2,5.21212121212,6.81038775558,0.732512636502,0.34333752357,8.36731808957,1.79994633322,0.777498428661,2.65848971553,0.57188441555,0.304211187932,0.579945114934,0.437917739848,2,1.33333333333,0.585540043769,2,0,0,0,0,0.41233244855,37,36,36,0.972972972973,0,0.702702702703,0.189189189189,0.0810810810811,37,174,0.130630630631,1.3277027027,9.40540540541,17.4,4.97142857143,6.80465306267,0.723483227928,0.340167753961,8.37942209909,1.78183113601,0.774464119292,2.56974777042,0.546440617849,0.291084187636,0.590250176002,0.444565018057,2.125,1.33680555556,0.595983164645,2.125,0.0125149928219,0.0065331010453,5,0.000643500643501,0.408805111689,37,36,36,0.972972972973,0,0.702702702703,0.243243243243,0.027027027027,-42,-0.0315315315315,0.00337837837838,-2.27027027027,-4.2,-1.02857142857,-1.39444598693,0.0212455778457,0.0301076939008,-1.94991452991,0.012454028268,0.00919885402644,-0.517083700279,0.0176778196265,0.0383314348832,0.0103050610674,0.00664727820894,0.125,0.0124812312312,0.0160380497101,0.125,0.000344866651772,0.000560404799562,-2,-0.0002574002574,-0.212391469507,-0.027027027027,0,0,174,0,42,1116,0.805555555556,1,0,0.194444444444,1,0.805555555556,0.892307692308,0.88110074037,0.805555555556,0.805555555556,2,44,0,0,0,0
3536,WLNM_dir_neg,1,0.977272727273,00:00:03,10,80,43,1237887367,threshold_sweep,0.8,1,0.0454545454545,0.0869565217391,2,0,42,88,0.0454545454545,1,0,0.954545454545,1,0.0454545454545,0.0869565217391,0.681818181818,0.661616161616,0.0597014925373,0.175411603861,0.0454545454545,216,172,44,0,216,0,172,0,44,37,216,0.162162162162,1.32432432432,11.6756756757,21.6,6,8.1990990496,0.702237650082,0.31006006006,10.329336629,1.76937710775,0.765265265265,3.0868314707,0.528762798222,0.252752752753,0.579945114934,0.437917739848,2,1.32432432432,0.579945114934,2,0.0121701261701,0.00597269624573,7,0.000900900900901,0.621196581197,37,37,37,1,0,0.72972972973,0.243243243243,0.027027027027,37,0.129129129129,1.32432432432,9.2972972973,17.2,5.21212121212,6.81038775558,0.732512636502,0.34333752357,8.36731808957,1.79994633322,0.777498428661,2.65848971553,0.57188441555,0.304211187932,0.579945114934,0.437917739848,2,1.33333333333,0.585540043769,2,0,0,0,0,0.41233244855,37,36,36,0.972972972973,0,0.702702702703,0.189189189189,0.0810810810811,37,174,0.130630630631,1.3277027027,9.40540540541,17.4,4.97142857143,6.80465306267,0.723483227928,0.340167753961,8.37942209909,1.78183113601,0.774464119292,2.56974777042,0.546440617849,0.291084187636,0.590250176002,0.444565018057,2.125,1.33680555556,0.595983164645,2.125,0.0125149928219,0.0065331010453,5,0.000643500643501,0.408805111689,37,36,36,0.972972972973,0,0.702702702703,0.243243243243,0.027027027027,-42,-0.0315315315315,0.00337837837838,-2.27027027027,-4.2,-1.02857142857,-1.39444598693,0.0212455778457,0.0301076939008,-1.94991452991,0.012454028268,0.00919885402644,-0.517083700279,0.0176778196265,0.0383314348832,0.0103050610674,0.00664727820894,0.125,0.0124812312312,0.0160380497101,0.125,0.000344866651772,0.000560404799562,-2,-0.0002574002574,-0.212391469507,-0.027027027027,0,0,174,0,42,1116,0.805555555556,1,0,0.194444444444,1,0.805555555556,0.892307692308,0.88110074037,0.805555555556,0.805555555556,2,44,0,0,0,0
3537,WLNM_dir_neg,1,0.977272727273,00:00:03,10,80,43,1237887367,threshold_sweep,0.9,1,0.0454545454545,0.0869565217391,2,0,42,88,0.0454545454545,1,0,0.954545454545,1,0.0454545454545,0.0869565217391,0.681818181818,0.661616161616,0.0597014925373,0.175411603861,0.0454545454545,216,172,44,0,216,0,172,0,44,37,216,0.162162162162,1.32432432432,11.6756756757,21.6,6,8.1990990496,0.702237650082,0.31006006006,10.329336629,1.76937710775,0.765265265265,3.0868314707,0.528762798222,0.252752752753,0.579945114934,0.437917739848,2,1.32432432432,0.579945114934,2,0.0121701261701,0.00597269624573,7,0.000900900900901,0.621196581197,37,37,37,1,0,0.72972972973,0.243243243243,0.027027027027,37,0.129129129129,1.32432432432,9.2972972973,17.2,5.21212121212,6.81038775558,0.732512636502,0.34333752357,8.36731808957,1.79994633322,0.777498428661,2.65848971553,0.57188441555,0.304211187932,0.579945114934,0.437917739848,2,1.33333333333,0.585540043769,2,0,0,0,0,0.41233244855,37,36,36,0.972972972973,0,0.702702702703,0.189189189189,0.0810810810811,37,174,0.130630630631,1.3277027027,9.40540540541,17.4,4.97142857143,6.80465306267,0.723483227928,0.340167753961,8.37942209909,1.78183113601,0.774464119292,2.56974777042,0.546440617849,0.291084187636,0.590250176002,0.444565018057,2.125,1.33680555556,0.595983164645,2.125,0.0125149928219,0.0065331010453,5,0.000643500643501,0.408805111689,37,36,36,0.972972972973,0,0.702702702703,0.243243243243,0.027027027027,-42,-0.0315315315315,0.00337837837838,-2.27027027027,-4.2,-1.02857142857,-1.39444598693,0.0212455778457,0.0301076939008,-1.94991452991,0.012454028268,0.00919885402644,-0.517083700279,0.0176778196265,0.0383314348832,0.0103050610674,0.00664727820894,0.125,0.0124812312312,0.0160380497101,0.125,0.000344866651772,0.000560404799562,-2,-0.0002574002574,-0.212391469507,-0.027027027027,0,0,174,0,42,1116,0.805555555556,1,0,0.194444444444,1,0.805555555556,0.892307692308,0.88110074037,0.805555555556,0.805555555556,2,44,0,0,0,0
3538,WLNM_dir_neg,0.994834710744,0.944444444444,00:00:03,10,80,44,1237887368,threshold_sweep,0.1,1,0.0909090909091,0.166666666667,4,0,40,88,0.0909090909091,1,0,0.909090909091,1,0.0909090909091,0.166666666667,0.69696969697,0.656565656566,0.117647058824,0.25,0.0909090909091,216,172,44,0,216,0,172,0,44,37,216,0.162162162162,1.32432432432,11.6756756757,21.6,6,8.1990990496,0.702237650082,0.31006006006,10.329336629,1.76937710775,0.765265265265,3.0868314707,0.528762798222,0.252752752753,0.579945114934,0.437917739848,2,1.32432432432,0.579945114934,2,0.0121701261701,0.00597269624573,7,0.000900900900901,0.621196581197,37,37,37,1,0,0.72972972973,0.243243243243,0.027027027027,37,0.129129129129,1.32432432432,9.2972972973,17.2,4.77777777778,6.62430233167,0.712497634511,0.347894406034,8.28055357857,1.78128187446,0.772470144563,2.71022975877,0.583014541132,0.3230672533,0.579945114934,0.437917739848,2,1.32432432432,0.579945114934,2,0.00916546023444,0.00405953991881,3,0.0003861003861,0.419337002772,37,37,37,1,0,0.72972972973,0.243243243243,0.027027027027,37,176,0.132132132132,1.32432432432,9.51351351351,17.6,4.88888888889,6.80531500464,0.715331406737,0.352119164619,8.31800391856,1.74867127833,0.766584766585,2.57558413445,0.541458028265,0.301597051597,0.579945114934,0.437917739848,2,1.32432432432,0.579945114934,2,0.0124677636119,0.0090051457976,7,0.000900900900901,0.428225891661,37,37,37,1,0,0.72972972973,0.243243243243,0.027027027027,-40,-0.03003003003,0,-2.16216216216,-4,-1.11111111111,-1.39378404497,0.0130937566554,0.0420591045591,-2.01133271044,-0.0207058294116,0.0013195013195,-0.511247336253,0.0126952300427,0.0488442988443,0,0,0,0,0,0,0.000297637441802,0.00303244955186,0,0,-0.192970689536,0,0,0,176,0,40,1116,0.814814814815,1,0,0.185185185185,1,0.814814814815,0.897959183673,0.886916304149,0.814814814815,0.814814814815,4,44,0,0,0,0
3539,WLNM_dir_neg,0.994834710744,0.944444444444,00:00:03,10,80,44,1237887368,threshold_sweep,0.2,1,0.0909090909091,0.166666666667,4,0,40,88,0.0909090909091,1,0,0.909090909091,1,0.0909090909091,0.166666666667,0.69696969697,0.656565656566,0.117647058824,0.25,0.0909090909091,216,172,44,0,216,0,172,0,44,37,216,0.162162162162,1.32432432432,11.6756756757,21.6,6,8.1990990496,0.702237650082,0.31006006006,10.329336629,1.76937710775,0.765265265265,3.0868314707,0.528762798222,0.252752752753,0.579945114934,0.437917739848,2,1.32432432432,0.579945114934,2,0.0121701261701,0.00597269624573,7,0.000900900900901,0.621196581197,37,37,37,1,0,0.72972972973,0.243243243243,0.027027027027,37,0.129129129129,1.32432432432,9.2972972973,17.2,4.77777777778,6.62430233167,0.712497634511,0.347894406034,8.28055357857,1.78128187446,0.772470144563,2.71022975877,0.583014541132,0.3230672533,0.579945114934,0.437917739848,2,1.32432432432,0.579945114934,2,0.00916546023444,0.00405953991881,3,0.0003861003861,0.419337002772,37,37,37,1,0,0.72972972973,0.243243243243,0.027027027027,37,176,0.132132132132,1.32432432432,9.51351351351,17.6,4.88888888889,6.80531500464,0.715331406737,0.352119164619,8.31800391856,1.74867127833,0.766584766585,2.57558413445,0.541458028265,0.301597051597,0.579945114934,0.437917739848,2,1.32432432432,0.579945114934,2,0.0124677636119,0.0090051457976,7,0.000900900900901,0.428225891661,37,37,37,1,0,0.72972972973,0.243243243243,0.027027027027,-40,-0.03003003003,0,-2.16216216216,-4,-1.11111111111,-1.39378404497,0.0130937566554,0.0420591045591,-2.01133271044,-0.0207058294116,0.0013195013195,-0.511247336253,0.0126952300427,0.0488442988443,0,0,0,0,0,0,0.000297637441802,0.00303244955186,0,0,-0.192970689536,0,0,0,176,0,40,1116,0.814814814815,1,0,0.185185185185,1,0.814814814815,0.897959183673,0.886916304149,0.814814814815,0.814814814815,4,44,0,0,0,0
3540,WLNM_dir_neg,0.994834710744,0.944444444444,00:00:03,10,80,44,1237887368,threshold_sweep,0.3,1,0.0909090909091,0.166666666667,4,0,40,88,0.0909090909091,1,0,0.909090909091,1,0.0909090909091,0.166666666667,0.69696969697,0.656565656566,0.117647058824,0.25,0.0909090909091,216,172,44,0,216,0,172,0,44,37,216,0.162162162162,1.32432432432,11.6756756757,21.6,6,8.1990990496,0.702237650082,0.31006006006,10.329336629,1.76937710775,0.765265265265,3.0868314707,0.528762798222,0.252752752753,0.579945114934,0.437917739848,2,1.32432432432,0.579945114934,2,0.0121701261701,0.00597269624573,7,0.000900900900901,0.621196581197,37,37,37,1,0,0.72972972973,0.243243243243,0.027027027027,37,0.129129129129,1.32432432432,9.2972972973,17.2,4.77777777778,6.62430233167,0.712497634511,0.347894406034,8.28055357857,1.78128187446,0.772470144563,2.71022975877,0.583014541132,0.3230672533,0.579945114934,0.437917739848,2,1.32432432432,0.579945114934,2,0.00916546023444,0.00405953991881,3,0.0003861003861,0.419337002772,37,37,37,1,0,0.72972972973,0.243243243243,0.027027027027,37,176,0.132132132132,1.32432432432,9.51351351351,17.6,4.88888888889,6.80531500464,0.715331406737,0.352119164619,8.31800391856,1.74867127833,0.766584766585,2.57558413445,0.541458028265,0.301597051597,0.579945114934,0.437917739848,2,1.32432432432,0.579945114934,2,0.0124677636119,0.0090051457976,7,0.000900900900901,0.428225891661,37,37,37,1,0,0.72972972973,0.243243243243,0.027027027027,-40,-0.03003003003,0,-2.16216216216,-4,-1.11111111111,-1.39378404497,0.0130937566554,0.0420591045591,-2.01133271044,-0.0207058294116,0.0013195013195,-0.511247336253,0.0126952300427,0.0488442988443,0,0,0,0,0,0,0.000297637441802,0.00303244955186,0,0,-0.192970689536,0,0,0,176,0,40,1116,0.814814814815,1,0,0.185185185185,1,0.814814814815,0.897959183673,0.886916304149,0.814814814815,0.814814814815,4,44,0,0,0,0
3541,WLNM_dir_neg,0.994834710744,0.944444444444,00:00:03,10,80,44,1237887368,threshold_sweep,0.4,1,0.0909090909091,0.166666666667,4,0,40,88,0.0909090909091,1,0,0.909090909091,1,0.0909090909091,0.166666666667,0.69696969697,0.656565656566,0.117647058824,0.25,0.0909090909091,216,172,44,0,216,0,172,0,44,37,216,0.162162162162,1.32432432432,11.6756756757,21.6,6,8.1990990496,0.702237650082,0.31006006006,10.329336629,1.76937710775,0.765265265265,3.0868314707,0.528762798222,0.252752752753,0.579945114934,0.437917739848,2,1.32432432432,0.579945114934,2,0.0121701261701,0.00597269624573,7,0.000900900900901,0.621196581197,37,37,37,1,0,0.72972972973,0.243243243243,0.027027027027,37,0.129129129129,1.32432432432,9.2972972973,17.2,4.77777777778,6.62430233167,0.712497634511,0.347894406034,8.28055357857,1.78128187446,0.772470144563,2.71022975877,0.583014541132,0.3230672533,0.579945114934,0.437917739848,2,1.32432432432,0.579945114934,2,0.00916546023444,0.00405953991881,3,0.0003861003861,0.419337002772,37,37,37,1,0,0.72972972973,0.243243243243,0.027027027027,37,176,0.132132132132,1.32432432432,9.51351351351,17.6,4.88888888889,6.80531500464,0.715331406737,0.352119164619,8.31800391856,1.74867127833,0.766584766585,2.57558413445,0.541458028265,0.301597051597,0.579945114934,0.437917739848,2,1.32432432432,0.579945114934,2,0.0124677636119,0.0090051457976,7,0.000900900900901,0.428225891661,37,37,37,1,0,0.72972972973,0.243243243243,0.027027027027,-40,-0.03003003003,0,-2.16216216216,-4,-1.11111111111,-1.39378404497,0.0130937566554,0.0420591045591,-2.01133271044,-0.0207058294116,0.0013195013195,-0.511247336253,0.0126952300427,0.0488442988443,0,0,0,0,0,0,0.000297637441802,0.00303244955186,0,0,-0.192970689536,0,0,0,176,0,40,1116,0.814814814815,1,0,0.185185185185,1,0.814814814815,0.897959183673,0.886916304149,0.814814814815,0.814814814815,4,44,0,0,0,0
3542,WLNM_dir_neg,0.994834710744,0.944444444444,00:00:03,10,80,44,1237887368,threshold_sweep,0.5,1,0.0909090909091,0.166666666667,4,0,40,88,0.0909090909091,1,0,0.909090909091,1,0.0909090909091,0.166666666667,0.69696969697,0.656565656566,0.117647058824,0.25,0.0909090909091,216,172,44,0,216,0,172,0,44,37,216,0.162162162162,1.32432432432,11.6756756757,21.6,6,8.1990990496,0.702237650082,0.31006006006,10.329336629,1.76937710775,0.765265265265,3.0868314707,0.528762798222,0.252752752753,0.579945114934,0.437917739848,2,1.32432432432,0.579945114934,2,0.0121701261701,0.00597269624573,7,0.000900900900901,0.621196581197,37,37,37,1,0,0.72972972973,0.243243243243,0.027027027027,37,0.129129129129,1.32432432432,9.2972972973,17.2,4.77777777778,6.62430233167,0.712497634511,0.347894406034,8.28055357857,1.78128187446,0.772470144563,2.71022975877,0.583014541132,0.3230672533,0.579945114934,0.437917739848,2,1.32432432432,0.579945114934,2,0.00916546023444,0.00405953991881,3,0.0003861003861,0.419337002772,37,37,37,1,0,0.72972972973,0.243243243243,0.027027027027,37,176,0.132132132132,1.32432432432,9.51351351351,17.6,4.88888888889,6.80531500464,0.715331406737,0.352119164619,8.31800391856,1.74867127833,0.766584766585,2.57558413445,0.541458028265,0.301597051597,0.579945114934,0.437917739848,2,1.32432432432,0.579945114934,2,0.0124677636119,0.0090051457976,7,0.000900900900901,0.428225891661,37,37,37,1,0,0.72972972973,0.243243243243,0.027027027027,-40,-0.03003003003,0,-2.16216216216,-4,-1.11111111111,-1.39378404497,0.0130937566554,0.0420591045591,-2.01133271044,-0.0207058294116,0.0013195013195,-0.511247336253,0.0126952300427,0.0488442988443,0,0,0,0,0,0,0.000297637441802,0.00303244955186,0,0,-0.192970689536,0,0,0,176,0,40,1116,0.814814814815,1,0,0.185185185185,1,0.814814814815,0.897959183673,0.886916304149,0.814814814815,0.814814814815,4,44,0,0,0,0
3543,WLNM_dir_neg,0.994834710744,0.944444444444,00:00:03,10,80,44,1237887368,threshold_sweep,0.6,1,0.0909090909091,0.166666666667,4,0,40,88,0.0909090909091,1,0,0.909090909091,1,0.0909090909091,0.166666666667,0.69696969697,0.656565656566,0.117647058824,0.25,0.0909090909091,216,172,44,0,216,0,172,0,44,37,216,0.162162162162,1.32432432432,11.6756756757,21.6,6,8.1990990496,0.702237650082,0.31006006006,10.329336629,1.76937710775,0.765265265265,3.0868314707,0.528762798222,0.252752752753,0.579945114934,0.437917739848,2,1.32432432432,0.579945114934,2,0.0121701261701,0.00597269624573,7,0.000900900900901,0.621196581197,37,37,37,1,0,0.72972972973,0.243243243243,0.027027027027,37,0.129129129129,1.32432432432,9.2972972973,17.2,4.77777777778,6.62430233167,0.712497634511,0.347894406034,8.28055357857,1.78128187446,0.772470144563,2.71022975877,0.583014541132,0.3230672533,0.579945114934,0.437917739848,2,1.32432432432,0.579945114934,2,0.00916546023444,0.00405953991881,3,0.0003861003861,0.419337002772,37,37,37,1,0,0.72972972973,0.243243243243,0.027027027027,37,176,0.132132132132,1.32432432432,9.51351351351,17.6,4.88888888889,6.80531500464,0.715331406737,0.352119164619,8.31800391856,1.74867127833,0.766584766585,2.57558413445,0.541458028265,0.301597051597,0.579945114934,0.437917739848,2,1.32432432432,0.579945114934,2,0.0124677636119,0.0090051457976,7,0.000900900900901,0.428225891661,37,37,37,1,0,0.72972972973,0.243243243243,0.027027027027,-40,-0.03003003003,0,-2.16216216216,-4,-1.11111111111,-1.39378404497,0.0130937566554,0.0420591045591,-2.01133271044,-0.0207058294116,0.0013195013195,-0.511247336253,0.0126952300427,0.0488442988443,0,0,0,0,0,0,0.000297637441802,0.00303244955186,0,0,-0.192970689536,0,0,0,176,0,40,1116,0.814814814815,1,0,0.185185185185,1,0.814814814815,0.897959183673,0.886916304149,0.814814814815,0.814814814815,4,44,0,0,0,0
3544,WLNM_dir_neg,0.994834710744,0.944444444444,00:00:03,10,80,44,1237887368,threshold_sweep,0.7,1,0.0909090909091,0.166666666667,4,0,40,88,0.0909090909091,1,0,0.909090909091,1,0.0909090909091,0.166666666667,0.69696969697,0.656565656566,0.117647058824,0.25,0.0909090909091,216,172,44,0,216,0,172,0,44,37,216,0.162162162162,1.32432432432,11.6756756757,21.6,6,8.1990990496,0.702237650082,0.31006006006,10.329336629,1.76937710775,0.765265265265,3.0868314707,0.528762798222,0.252752752753,0.579945114934,0.437917739848,2,1.32432432432,0.579945114934,2,0.0121701261701,0.00597269624573,7,0.000900900900901,0.621196581197,37,37,37,1,0,0.72972972973,0.243243243243,0.027027027027,37,0.129129129129,1.32432432432,9.2972972973,17.2,4.77777777778,6.62430233167,0.712497634511,0.347894406034,8.28055357857,1.78128187446,0.772470144563,2.71022975877,0.583014541132,0.3230672533,0.579945114934,0.437917739848,2,1.32432432432,0.579945114934,2,0.00916546023444,0.00405953991881,3,0.0003861003861,0.419337002772,37,37,37,1,0,0.72972972973,0.243243243243,0.027027027027,37,176,0.132132132132,1.32432432432,9.51351351351,17.6,4.88888888889,6.80531500464,0.715331406737,0.352119164619,8.31800391856,1.74867127833,0.766584766585,2.57558413445,0.541458028265,0.301597051597,0.579945114934,0.437917739848,2,1.32432432432,0.579945114934,2,0.0124677636119,0.0090051457976,7,0.000900900900901,0.428225891661,37,37,37,1,0,0.72972972973,0.243243243243,0.027027027027,-40,-0.03003003003,0,-2.16216216216,-4,-1.11111111111,-1.39378404497,0.0130937566554,0.0420591045591,-2.01133271044,-0.0207058294116,0.0013195013195,-0.511247336253,0.0126952300427,0.0488442988443,0,0,0,0,0,0,0.000297637441802,0.00303244955186,0,0,-0.192970689536,0,0,0,176,0,40,1116,0.814814814815,1,0,0.185185185185,1,0.814814814815,0.897959183673,0.886916304149,0.814814814815,0.814814814815,4,44,0,0,0,0
3545,WLNM_dir_neg,0.994834710744,0.944444444444,00:00:03,10,80,44,1237887368,threshold_sweep,0.8,1,0.0909090909091,0.166666666667,4,0,40,88,0.0909090909091,1,0,0.909090909091,1,0.0909090909091,0.166666666667,0.69696969697,0.656565656566,0.117647058824,0.25,0.0909090909091,216,172,44,0,216,0,172,0,44,37,216,0.162162162162,1.32432432432,11.6756756757,21.6,6,8.1990990496,0.702237650082,0.31006006006,10.329336629,1.76937710775,0.765265265265,3.0868314707,0.528762798222,0.252752752753,0.579945114934,0.437917739848,2,1.32432432432,0.579945114934,2,0.0121701261701,0.00597269624573,7,0.000900900900901,0.621196581197,37,37,37,1,0,0.72972972973,0.243243243243,0.027027027027,37,0.129129129129,1.32432432432,9.2972972973,17.2,4.77777777778,6.62430233167,0.712497634511,0.347894406034,8.28055357857,1.78128187446,0.772470144563,2.71022975877,0.583014541132,0.3230672533,0.579945114934,0.437917739848,2,1.32432432432,0.579945114934,2,0.00916546023444,0.00405953991881,3,0.0003861003861,0.419337002772,37,37,37,1,0,0.72972972973,0.243243243243,0.027027027027,37,176,0.132132132132,1.32432432432,9.51351351351,17.6,4.88888888889,6.80531500464,0.715331406737,0.352119164619,8.31800391856,1.74867127833,0.766584766585,2.57558413445,0.541458028265,0.301597051597,0.579945114934,0.437917739848,2,1.32432432432,0.579945114934,2,0.0124677636119,0.0090051457976,7,0.000900900900901,0.428225891661,37,37,37,1,0,0.72972972973,0.243243243243,0.027027027027,-40,-0.03003003003,0,-2.16216216216,-4,-1.11111111111,-1.39378404497,0.0130937566554,0.0420591045591,-2.01133271044,-0.0207058294116,0.0013195013195,-0.511247336253,0.0126952300427,0.0488442988443,0,0,0,0,0,0,0.000297637441802,0.00303244955186,0,0,-0.192970689536,0,0,0,176,0,40,1116,0.814814814815,1,0,0.185185185185,1,0.814814814815,0.897959183673,0.886916304149,0.814814814815,0.814814814815,4,44,0,0,0,0
3546,WLNM_dir_neg,0.994834710744,0.944444444444,00:00:03,10,80,44,1237887368,threshold_sweep,0.9,1,0.0909090909091,0.166666666667,4,0,40,88,0.0909090909091,1,0,0.909090909091,1,0.0909090909091,0.166666666667,0.69696969697,0.656565656566,0.117647058824,0.25,0.0909090909091,216,172,44,0,216,0,172,0,44,37,216,0.162162162162,1.32432432432,11.6756756757,21.6,6,8.1990990496,0.702237650082,0.31006006006,10.329336629,1.76937710775,0.765265265265,3.0868314707,0.528762798222,0.252752752753,0.579945114934,0.437917739848,2,1.32432432432,0.579945114934,2,0.0121701261701,0.00597269624573,7,0.000900900900901,0.621196581197,37,37,37,1,0,0.72972972973,0.243243243243,0.027027027027,37,0.129129129129,1.32432432432,9.2972972973,17.2,4.77777777778,6.62430233167,0.712497634511,0.347894406034,8.28055357857,1.78128187446,0.772470144563,2.71022975877,0.583014541132,0.3230672533,0.579945114934,0.437917739848,2,1.32432432432,0.579945114934,2,0.00916546023444,0.00405953991881,3,0.0003861003861,0.419337002772,37,37,37,1,0,0.72972972973,0.243243243243,0.027027027027,37,176,0.132132132132,1.32432432432,9.51351351351,17.6,4.88888888889,6.80531500464,0.715331406737,0.352119164619,8.31800391856,1.74867127833,0.766584766585,2.57558413445,0.541458028265,0.301597051597,0.579945114934,0.437917739848,2,1.32432432432,0.579945114934,2,0.0124677636119,0.0090051457976,7,0.000900900900901,0.428225891661,37,37,37,1,0,0.72972972973,0.243243243243,0.027027027027,-40,-0.03003003003,0,-2.16216216216,-4,-1.11111111111,-1.39378404497,0.0130937566554,0.0420591045591,-2.01133271044,-0.0207058294116,0.0013195013195,-0.511247336253,0.0126952300427,0.0488442988443,0,0,0,0,0,0,0.000297637441802,0.00303244955186,0,0,-0.192970689536,0,0,0,176,0,40,1116,0.814814814815,1,0,0.185185185185,1,0.814814814815,0.897959183673,0.886916304149,0.814814814815,0.814814814815,4,44,0,0,0,0
3547,WLNM_dir_neg,0.984116735537,0.946276595745,00:00:03,10,80,45,1237887369,threshold_sweep,0.1,1,0.0454545454545,0.0869565217391,2,0,42,88,0.0454545454545,1,0,0.954545454545,1,0.0454545454545,0.0869565217391,0.681818181818,0.661616161616,0.0597014925373,0.175411603861,0.0454545454545,216,172,44,0,216,0,172,0,44,37,216,0.162162162162,1.32432432432,11.6756756757,21.6,6,8.1990990496,0.702237650082,0.31006006006,10.329336629,1.76937710775,0.765265265265,3.0868314707,0.528762798222,0.252752752753,0.579945114934,0.437917739848,2,1.32432432432,0.579945114934,2,0.0121701261701,0.00597269624573,7,0.000900900900901,0.621196581197,37,37,37,1,0,0.72972972973,0.243243243243,0.027027027027,37,0.129129129129,1.32432432432,9.2972972973,17.2,4.91428571429,6.59909448698,0.709786325634,0.345223130107,8.41036469092,1.80920635793,0.775612822124,2.85010931775,0.613104911376,0.336580766813,0.579945114934,0.437917739848,2,1.32432432432,0.579945114934,2,0.00491228070175,0.00135685210312,1,0.0001287001287,0.426863435545,37,37,37,1,0,0.72972972973,0.216216216216,0.0540540540541,37,174,0.130630630631,1.32432432432,9.40540540541,17.4,4.83333333333,6.66858080629,0.709015775381,0.343740292016,8.41580809108,1.78956838718,0.772600186393,2.77753752715,0.590625796003,0.32494563529,0.579945114934,0.437917739848,2,1.32432432432,0.579945114934,2,0.00680467402272,0.00265134776845,2,0.0002574002574,0.428838744187,37,37,37,1,0,0.72972972973,0.243243243243,0.027027027027,-42,-0.0315315315315,0,-2.27027027027,-4.2,-1.16666666667,-1.53051824332,0.00677812529915,0.0336802319561,-1.91352853792,0.0201912794376,0.00733492112802,-0.309293943556,0.0618629977803,0.0721928825377,0,0,0,0,0,0,-0.00536545214741,-0.00332134847728,-5,-0.000643500643501,-0.19235783701,0,0,0,174,0,42,1116,0.805555555556,1,0,0.194444444444,1,0.805555555556,0.892307692308,0.88110074037,0.805555555556,0.805555555556,2,44,0,0,0,0
3548,WLNM_dir_neg,0.984116735537,0.946276595745,00:00:03,10,80,45,1237887369,threshold_sweep,0.2,1,0.0454545454545,0.0869565217391,2,0,42,88,0.0454545454545,1,0,0.954545454545,1,0.0454545454545,0.0869565217391,0.681818181818,0.661616161616,0.0597014925373,0.175411603861,0.0454545454545,216,172,44,0,216,0,172,0,44,37,216,0.162162162162,1.32432432432,11.6756756757,21.6,6,8.1990990496,0.702237650082,0.31006006006,10.329336629,1.76937710775,0.765265265265,3.0868314707,0.528762798222,0.252752752753,0.579945114934,0.437917739848,2,1.32432432432,0.579945114934,2,0.0121701261701,0.00597269624573,7,0.000900900900901,0.621196581197,37,37,37,1,0,0.72972972973,0.243243243243,0.027027027027,37,0.129129129129,1.32432432432,9.2972972973,17.2,4.91428571429,6.59909448698,0.709786325634,0.345223130107,8.41036469092,1.80920635793,0.775612822124,2.85010931775,0.613104911376,0.336580766813,0.579945114934,0.437917739848,2,1.32432432432,0.579945114934,2,0.00491228070175,0.00135685210312,1,0.0001287001287,0.426863435545,37,37,37,1,0,0.72972972973,0.216216216216,0.0540540540541,37,174,0.130630630631,1.32432432432,9.40540540541,17.4,4.83333333333,6.66858080629,0.709015775381,0.343740292016,8.41580809108,1.78956838718,0.772600186393,2.77753752715,0.590625796003,0.32494563529,0.579945114934,0.437917739848,2,1.32432432432,0.579945114934,2,0.00680467402272,0.00265134776845,2,0.0002574002574,0.428838744187,37,37,37,1,0,0.72972972973,0.243243243243,0.027027027027,-42,-0.0315315315315,0,-2.27027027027,-4.2,-1.16666666667,-1.53051824332,0.00677812529915,0.0336802319561,-1.91352853792,0.0201912794376,0.00733492112802,-0.309293943556,0.0618629977803,0.0721928825377,0,0,0,0,0,0,-0.00536545214741,-0.00332134847728,-5,-0.000643500643501,-0.19235783701,0,0,0,174,0,42,1116,0.805555555556,1,0,0.194444444444,1,0.805555555556,0.892307692308,0.88110074037,0.805555555556,0.805555555556,2,44,0,0,0,0
3549,WLNM_dir_neg,0.984116735537,0.946276595745,00:00:03,10,80,45,1237887369,threshold_sweep,0.3,1,0.0454545454545,0.0869565217391,2,0,42,88,0.0454545454545,1,0,0.954545454545,1,0.0454545454545,0.0869565217391,0.681818181818,0.661616161616,0.0597014925373,0.175411603861,0.0454545454545,216,172,44,0,216,0,172,0,44,37,216,0.162162162162,1.32432432432,11.6756756757,21.6,6,8.1990990496,0.702237650082,0.31006006006,10.329336629,1.76937710775,0.765265265265,3.0868314707,0.528762798222,0.252752752753,0.579945114934,0.437917739848,2,1.32432432432,0.579945114934,2,0.0121701261701,0.00597269624573,7,0.000900900900901,0.621196581197,37,37,37,1,0,0.72972972973,0.243243243243,0.027027027027,37,0.129129129129,1.32432432432,9.2972972973,17.2,4.91428571429,6.59909448698,0.709786325634,0.345223130107,8.41036469092,1.80920635793,0.775612822124,2.85010931775,0.613104911376,0.336580766813,0.579945114934,0.437917739848,2,1.32432432432,0.579945114934,2,0.00491228070175,0.00135685210312,1,0.0001287001287,0.426863435545,37,37,37,1,0,0.72972972973,0.216216216216,0.0540540540541,37,174,0.130630630631,1.32432432432,9.40540540541,17.4,4.83333333333,6.66858080629,0.709015775381,0.343740292016,8.41580809108,1.78956838718,0.772600186393,2.77753752715,0.590625796003,0.32494563529,0.579945114934,0.437917739848,2,1.32432432432,0.579945114934,2,0.00680467402272,0.00265134776845,2,0.0002574002574,0.428838744187,37,37,37,1,0,0.72972972973,0.243243243243,0.027027027027,-42,-0.0315315315315,0,-2.27027027027,-4.2,-1.16666666667,-1.53051824332,0.00677812529915,0.0336802319561,-1.91352853792,0.0201912794376,0.00733492112802,-0.309293943556,0.0618629977803,0.0721928825377,0,0,0,0,0,0,-0.00536545214741,-0.00332134847728,-5,-0.000643500643501,-0.19235783701,0,0,0,174,0,42,1116,0.805555555556,1,0,0.194444444444,1,0.805555555556,0.892307692308,0.88110074037,0.805555555556,0.805555555556,2,44,0,0,0,0
3550,WLNM_dir_neg,0.984116735537,0.946276595745,00:00:03,10,80,45,1237887369,threshold_sweep,0.4,1,0.0454545454545,0.0869565217391,2,0,42,88,0.0454545454545,1,0,0.954545454545,1,0.0454545454545,0.0869565217391,0.681818181818,0.661616161616,0.0597014925373,0.175411603861,0.0454545454545,216,172,44,0,216,0,172,0,44,37,216,0.162162162162,1.32432432432,11.6756756757,21.6,6,8.1990990496,0.702237650082,0.31006006006,10.329336629,1.76937710775,0.765265265265,3.0868314707,0.528762798222,0.252752752753,0.579945114934,0.437917739848,2,1.32432432432,0.579945114934,2,0.0121701261701,0.00597269624573,7,0.000900900900901,0.621196581197,37,37,37,1,0,0.72972972973,0.243243243243,0.027027027027,37,0.129129129129,1.32432432432,9.2972972973,17.2,4.91428571429,6.59909448698,0.709786325634,0.345223130107,8.41036469092,1.80920635793,0.775612822124,2.85010931775,0.613104911376,0.336580766813,0.579945114934,0.437917739848,2,1.32432432432,0.579945114934,2,0.00491228070175,0.00135685210312,1,0.0001287001287,0.426863435545,37,37,37,1,0,0.72972972973,0.216216216216,0.0540540540541,37,174,0.130630630631,1.32432432432,9.40540540541,17.4,4.83333333333,6.66858080629,0.709015775381,0.343740292016,8.41580809108,1.78956838718,0.772600186393,2.77753752715,0.590625796003,0.32494563529,0.579945114934,0.437917739848,2,1.32432432432,0.579945114934,2,0.00680467402272,0.00265134776845,2,0.0002574002574,0.428838744187,37,37,37,1,0,0.72972972973,0.243243243243,0.027027027027,-42,-0.0315315315315,0,-2.27027027027,-4.2,-1.16666666667,-1.53051824332,0.00677812529915,0.0336802319561,-1.91352853792,0.0201912794376,0.00733492112802,-0.309293943556,0.0618629977803,0.0721928825377,0,0,0,0,0,0,-0.00536545214741,-0.00332134847728,-5,-0.000643500643501,-0.19235783701,0,0,0,174,0,42,1116,0.805555555556,1,0,0.194444444444,1,0.805555555556,0.892307692308,0.88110074037,0.805555555556,0.805555555556,2,44,0,0,0,0
3551,WLNM_dir_neg,0.984116735537,0.946276595745,00:00:03,10,80,45,1237887369,threshold_sweep,0.5,1,0.0454545454545,0.0869565217391,2,0,42,88,0.0454545454545,1,0,0.954545454545,1,0.0454545454545,0.0869565217391,0.681818181818,0.661616161616,0.0597014925373,0.175411603861,0.0454545454545,216,172,44,0,216,0,172,0,44,37,216,0.162162162162,1.32432432432,11.6756756757,21.6,6,8.1990990496,0.702237650082,0.31006006006,10.329336629,1.76937710775,0.765265265265,3.0868314707,0.528762798222,0.252752752753,0.579945114934,0.437917739848,2,1.32432432432,0.579945114934,2,0.0121701261701,0.00597269624573,7,0.000900900900901,0.621196581197,37,37,37,1,0,0.72972972973,0.243243243243,0.027027027027,37,0.129129129129,1.32432432432,9.2972972973,17.2,4.91428571429,6.59909448698,0.709786325634,0.345223130107,8.41036469092,1.80920635793,0.775612822124,2.85010931775,0.613104911376,0.336580766813,0.579945114934,0.437917739848,2,1.32432432432,0.579945114934,2,0.00491228070175,0.00135685210312,1,0.0001287001287,0.426863435545,37,37,37,1,0,0.72972972973,0.216216216216,0.0540540540541,37,174,0.130630630631,1.32432432432,9.40540540541,17.4,4.83333333333,6.66858080629,0.709015775381,0.343740292016,8.41580809108,1.78956838718,0.772600186393,2.77753752715,0.590625796003,0.32494563529,0.579945114934,0.437917739848,2,1.32432432432,0.579945114934,2,0.00680467402272,0.00265134776845,2,0.0002574002574,0.428838744187,37,37,37,1,0,0.72972972973,0.243243243243,0.027027027027,-42,-0.0315315315315,0,-2.27027027027,-4.2,-1.16666666667,-1.53051824332,0.00677812529915,0.0336802319561,-1.91352853792,0.0201912794376,0.00733492112802,-0.309293943556,0.0618629977803,0.0721928825377,0,0,0,0,0,0,-0.00536545214741,-0.00332134847728,-5,-0.000643500643501,-0.19235783701,0,0,0,174,0,42,1116,0.805555555556,1,0,0.194444444444,1,0.805555555556,0.892307692308,0.88110074037,0.805555555556,0.805555555556,2,44,0,0,0,0
3552,WLNM_dir_neg,0.984116735537,0.946276595745,00:00:03,10,80,45,1237887369,threshold_sweep,0.6,1,0.0454545454545,0.0869565217391,2,0,42,88,0.0454545454545,1,0,0.954545454545,1,0.0454545454545,0.0869565217391,0.681818181818,0.661616161616,0.0597014925373,0.175411603861,0.0454545454545,216,172,44,0,216,0,172,0,44,37,216,0.162162162162,1.32432432432,11.6756756757,21.6,6,8.1990990496,0.702237650082,0.31006006006,10.329336629,1.76937710775,0.765265265265,3.0868314707,0.528762798222,0.252752752753,0.579945114934,0.437917739848,2,1.32432432432,0.579945114934,2,0.0121701261701,0.00597269624573,7,0.000900900900901,0.621196581197,37,37,37,1,0,0.72972972973,0.243243243243,0.027027027027,37,0.129129129129,1.32432432432,9.2972972973,17.2,4.91428571429,6.59909448698,0.709786325634,0.345223130107,8.41036469092,1.80920635793,0.775612822124,2.85010931775,0.613104911376,0.336580766813,0.579945114934,0.437917739848,2,1.32432432432,0.579945114934,2,0.00491228070175,0.00135685210312,1,0.0001287001287,0.426863435545,37,37,37,1,0,0.72972972973,0.216216216216,0.0540540540541,37,174,0.130630630631,1.32432432432,9.40540540541,17.4,4.83333333333,6.66858080629,0.709015775381,0.343740292016,8.41580809108,1.78956838718,0.772600186393,2.77753752715,0.590625796003,0.32494563529,0.579945114934,0.437917739848,2,1.32432432432,0.579945114934,2,0.00680467402272,0.00265134776845,2,0.0002574002574,0.428838744187,37,37,37,1,0,0.72972972973,0.243243243243,0.027027027027,-42,-0.0315315315315,0,-2.27027027027,-4.2,-1.16666666667,-1.53051824332,0.00677812529915,0.0336802319561,-1.91352853792,0.0201912794376,0.00733492112802,-0.309293943556,0.0618629977803,0.0721928825377,0,0,0,0,0,0,-0.00536545214741,-0.00332134847728,-5,-0.000643500643501,-0.19235783701,0,0,0,174,0,42,1116,0.805555555556,1,0,0.194444444444,1,0.805555555556,0.892307692308,0.88110074037,0.805555555556,0.805555555556,2,44,0,0,0,0
3553,WLNM_dir_neg,0.984116735537,0.946276595745,00:00:03,10,80,45,1237887369,threshold_sweep,0.7,1,0.0454545454545,0.0869565217391,2,0,42,88,0.0454545454545,1,0,0.954545454545,1,0.0454545454545,0.0869565217391,0.681818181818,0.661616161616,0.0597014925373,0.175411603861,0.0454545454545,216,172,44,0,216,0,172,0,44,37,216,0.162162162162,1.32432432432,11.6756756757,21.6,6,8.1990990496,0.702237650082,0.31006006006,10.329336629,1.76937710775,0.765265265265,3.0868314707,0.528762798222,0.252752752753,0.579945114934,0.437917739848,2,1.32432432432,0.579945114934,2,0.0121701261701,0.00597269624573,7,0.000900900900901,0.621196581197,37,37,37,1,0,0.72972972973,0.243243243243,0.027027027027,37,0.129129129129,1.32432432432,9.2972972973,17.2,4.91428571429,6.59909448698,0.709786325634,0.345223130107,8.41036469092,1.80920635793,0.775612822124,2.85010931775,0.613104911376,0.336580766813,0.579945114934,0.437917739848,2,1.32432432432,0.579945114934,2,0.00491228070175,0.00135685210312,1,0.0001287001287,0.426863435545,37,37,37,1,0,0.72972972973,0.216216216216,0.0540540540541,37,174,0.130630630631,1.32432432432,9.40540540541,17.4,4.83333333333,6.66858080629,0.709015775381,0.343740292016,8.41580809108,1.78956838718,0.772600186393,2.77753752715,0.590625796003,0.32494563529,0.579945114934,0.437917739848,2,1.32432432432,0.579945114934,2,0.00680467402272,0.00265134776845,2,0.0002574002574,0.428838744187,37,37,37,1,0,0.72972972973,0.243243243243,0.027027027027,-42,-0.0315315315315,0,-2.27027027027,-4.2,-1.16666666667,-1.53051824332,0.00677812529915,0.0336802319561,-1.91352853792,0.0201912794376,0.00733492112802,-0.309293943556,0.0618629977803,0.0721928825377,0,0,0,0,0,0,-0.00536545214741,-0.00332134847728,-5,-0.000643500643501,-0.19235783701,0,0,0,174,0,42,1116,0.805555555556,1,0,0.194444444444,1,0.805555555556,0.892307692308,0.88110074037,0.805555555556,0.805555555556,2,44,0,0,0,0
3554,WLNM_dir_neg,0.984116735537,0.946276595745,00:00:03,10,80,45,1237887369,threshold_sweep,0.8,1,0.0454545454545,0.0869565217391,2,0,42,88,0.0454545454545,1,0,0.954545454545,1,0.0454545454545,0.0869565217391,0.681818181818,0.661616161616,0.0597014925373,0.175411603861,0.0454545454545,216,172,44,0,216,0,172,0,44,37,216,0.162162162162,1.32432432432,11.6756756757,21.6,6,8.1990990496,0.702237650082,0.31006006006,10.329336629,1.76937710775,0.765265265265,3.0868314707,0.528762798222,0.252752752753,0.579945114934,0.437917739848,2,1.32432432432,0.579945114934,2,0.0121701261701,0.00597269624573,7,0.000900900900901,0.621196581197,37,37,37,1,0,0.72972972973,0.243243243243,0.027027027027,37,0.129129129129,1.32432432432,9.2972972973,17.2,4.91428571429,6.59909448698,0.709786325634,0.345223130107,8.41036469092,1.80920635793,0.775612822124,2.85010931775,0.613104911376,0.336580766813,0.579945114934,0.437917739848,2,1.32432432432,0.579945114934,2,0.00491228070175,0.00135685210312,1,0.0001287001287,0.426863435545,37,37,37,1,0,0.72972972973,0.216216216216,0.0540540540541,37,174,0.130630630631,1.32432432432,9.40540540541,17.4,4.83333333333,6.66858080629,0.709015775381,0.343740292016,8.41580809108,1.78956838718,0.772600186393,2.77753752715,0.590625796003,0.32494563529,0.579945114934,0.437917739848,2,1.32432432432,0.579945114934,2,0.00680467402272,0.00265134776845,2,0.0002574002574,0.428838744187,37,37,37,1,0,0.72972972973,0.243243243243,0.027027027027,-42,-0.0315315315315,0,-2.27027027027,-4.2,-1.16666666667,-1.53051824332,0.00677812529915,0.0336802319561,-1.91352853792,0.0201912794376,0.00733492112802,-0.309293943556,0.0618629977803,0.0721928825377,0,0,0,0,0,0,-0.00536545214741,-0.00332134847728,-5,-0.000643500643501,-0.19235783701,0,0,0,174,0,42,1116,0.805555555556,1,0,0.194444444444,1,0.805555555556,0.892307692308,0.88110074037,0.805555555556,0.805555555556,2,44,0,0,0,0
3555,WLNM_dir_neg,0.984116735537,0.946276595745,00:00:03,10,80,45,1237887369,threshold_sweep,0.9,1,0.0454545454545,0.0869565217391,2,0,42,88,0.0454545454545,1,0,0.954545454545,1,0.0454545454545,0.0869565217391,0.681818181818,0.661616161616,0.0597014925373,0.175411603861,0.0454545454545,216,172,44,0,216,0,172,0,44,37,216,0.162162162162,1.32432432432,11.6756756757,21.6,6,8.1990990496,0.702237650082,0.31006006006,10.329336629,1.76937710775,0.765265265265,3.0868314707,0.528762798222,0.252752752753,0.579945114934,0.437917739848,2,1.32432432432,0.579945114934,2,0.0121701261701,0.00597269624573,7,0.000900900900901,0.621196581197,37,37,37,1,0,0.72972972973,0.243243243243,0.027027027027,37,0.129129129129,1.32432432432,9.2972972973,17.2,4.91428571429,6.59909448698,0.709786325634,0.345223130107,8.41036469092,1.80920635793,0.775612822124,2.85010931775,0.613104911376,0.336580766813,0.579945114934,0.437917739848,2,1.32432432432,0.579945114934,2,0.00491228070175,0.00135685210312,1,0.0001287001287,0.426863435545,37,37,37,1,0,0.72972972973,0.216216216216,0.0540540540541,37,174,0.130630630631,1.32432432432,9.40540540541,17.4,4.83333333333,6.66858080629,0.709015775381,0.343740292016,8.41580809108,1.78956838718,0.772600186393,2.77753752715,0.590625796003,0.32494563529,0.579945114934,0.437917739848,2,1.32432432432,0.579945114934,2,0.00680467402272,0.00265134776845,2,0.0002574002574,0.428838744187,37,37,37,1,0,0.72972972973,0.243243243243,0.027027027027,-42,-0.0315315315315,0,-2.27027027027,-4.2,-1.16666666667,-1.53051824332,0.00677812529915,0.0336802319561,-1.91352853792,0.0201912794376,0.00733492112802,-0.309293943556,0.0618629977803,0.0721928825377,0,0,0,0,0,0,-0.00536545214741,-0.00332134847728,-5,-0.000643500643501,-0.19235783701,0,0,0,174,0,42,1116,0.805555555556,1,0,0.194444444444,1,0.805555555556,0.892307692308,0.88110074037,0.805555555556,0.805555555556,2,44,0,0,0,0
3556,WLNM_dir_neg,0.988378099174,0.95459416085,00:00:03,10,80,46,1237887370,threshold_sweep,0.1,1,0.0227272727273,0.0444444444444,1,0,43,88,0.0227272727273,1,0,0.977272727273,1,0.0227272727273,0.0444444444444,0.674242424242,0.664141414141,0.0300751879699,0.123560412643,0.0227272727273,216,172,44,0,216,0,172,0,44,37,216,0.162162162162,1.32432432432,11.6756756757,21.6,6,8.1990990496,0.702237650082,0.31006006006,10.329336629,1.76937710775,0.765265265265,3.0868314707,0.528762798222,0.252752752753,0.579945114934,0.437917739848,2,1.32432432432,0.579945114934,2,0.0121701261701,0.00597269624573,7,0.000900900900901,0.621196581197,37,37,37,1,0,0.72972972973,0.243243243243,0.027027027027,37,0.129129129129,1.32432432432,9.2972972973,17.2,4.77777777778,6.61591038862,0.71159501273,0.340666247643,8.21656935783,1.76751782697,0.771841609051,2.51899689268,0.541877238542,0.293526084224,0.579945114934,0.437917739848,2,1.32432432432,0.579945114934,2,0.0114575399538,0.00677200902935,5,0.000643500643501,0.40081064668,37,37,37,1,0,0.72972972973,0.243243243243,0.027027027027,37,173,0.12987987988,1.32432432432,9.35135135135,17.3,4.80555555556,6.65505745954,0.711667994228,0.341977815966,8.23290840352,1.7607954389,0.770504608655,2.48388197579,0.531234873436,0.288079987502,0.579945114934,0.437917739848,2,1.32432432432,0.579945114934,2,0.0128264383903,0.00802854594112,6,0.000772200772201,0.403032868902,37,37,37,1,0,0.72972972973,0.243243243243,0.027027027027,-43,-0.0322822822823,0,-2.32432432432,-4.3,-1.19444444444,-1.54404159006,0.00943034414649,0.0319177559062,-2.09642822548,-0.0085816688418,0.00523934338963,-0.602949494911,0.00247207521307,0.0353272347492,0,0,0,0,0,0,0.000656312220222,0.00205584969539,-1,-0.0001287001287,-0.218163712294,0,0,0,173,0,43,1116,0.800925925926,1,0,0.199074074074,1,0.800925925926,0.889460154242,0.878186092989,0.800925925926,0.800925925926,1,44,0,0,0,0
3557,WLNM_dir_neg,0.988378099174,0.95459416085,00:00:03,10,80,46,1237887370,threshold_sweep,0.2,1,0.0227272727273,0.0444444444444,1,0,43,88,0.0227272727273,1,0,0.977272727273,1,0.0227272727273,0.0444444444444,0.674242424242,0.664141414141,0.0300751879699,0.123560412643,0.0227272727273,216,172,44,0,216,0,172,0,44,37,216,0.162162162162,1.32432432432,11.6756756757,21.6,6,8.1990990496,0.702237650082,0.31006006006,10.329336629,1.76937710775,0.765265265265,3.0868314707,0.528762798222,0.252752752753,0.579945114934,0.437917739848,2,1.32432432432,0.579945114934,2,0.0121701261701,0.00597269624573,7,0.000900900900901,0.621196581197,37,37,37,1,0,0.72972972973,0.243243243243,0.027027027027,37,0.129129129129,1.32432432432,9.2972972973,17.2,4.77777777778,6.61591038862,0.71159501273,0.340666247643,8.21656935783,1.76751782697,0.771841609051,2.51899689268,0.541877238542,0.293526084224,0.579945114934,0.437917739848,2,1.32432432432,0.579945114934,2,0.0114575399538,0.00677200902935,5,0.000643500643501,0.40081064668,37,37,37,1,0,0.72972972973,0.243243243243,0.027027027027,37,173,0.12987987988,1.32432432432,9.35135135135,17.3,4.80555555556,6.65505745954,0.711667994228,0.341977815966,8.23290840352,1.7607954389,0.770504608655,2.48388197579,0.531234873436,0.288079987502,0.579945114934,0.437917739848,2,1.32432432432,0.579945114934,2,0.0128264383903,0.00802854594112,6,0.000772200772201,0.403032868902,37,37,37,1,0,0.72972972973,0.243243243243,0.027027027027,-43,-0.0322822822823,0,-2.32432432432,-4.3,-1.19444444444,-1.54404159006,0.00943034414649,0.0319177559062,-2.09642822548,-0.0085816688418,0.00523934338963,-0.602949494911,0.00247207521307,0.0353272347492,0,0,0,0,0,0,0.000656312220222,0.00205584969539,-1,-0.0001287001287,-0.218163712294,0,0,0,173,0,43,1116,0.800925925926,1,0,0.199074074074,1,0.800925925926,0.889460154242,0.878186092989,0.800925925926,0.800925925926,1,44,0,0,0,0
3558,WLNM_dir_neg,0.988378099174,0.95459416085,00:00:03,10,80,46,1237887370,threshold_sweep,0.3,1,0.0227272727273,0.0444444444444,1,0,43,88,0.0227272727273,1,0,0.977272727273,1,0.0227272727273,0.0444444444444,0.674242424242,0.664141414141,0.0300751879699,0.123560412643,0.0227272727273,216,172,44,0,216,0,172,0,44,37,216,0.162162162162,1.32432432432,11.6756756757,21.6,6,8.1990990496,0.702237650082,0.31006006006,10.329336629,1.76937710775,0.765265265265,3.0868314707,0.528762798222,0.252752752753,0.579945114934,0.437917739848,2,1.32432432432,0.579945114934,2,0.0121701261701,0.00597269624573,7,0.000900900900901,0.621196581197,37,37,37,1,0,0.72972972973,0.243243243243,0.027027027027,37,0.129129129129,1.32432432432,9.2972972973,17.2,4.77777777778,6.61591038862,0.71159501273,0.340666247643,8.21656935783,1.76751782697,0.771841609051,2.51899689268,0.541877238542,0.293526084224,0.579945114934,0.437917739848,2,1.32432432432,0.579945114934,2,0.0114575399538,0.00677200902935,5,0.000643500643501,0.40081064668,37,37,37,1,0,0.72972972973,0.243243243243,0.027027027027,37,173,0.12987987988,1.32432432432,9.35135135135,17.3,4.80555555556,6.65505745954,0.711667994228,0.341977815966,8.23290840352,1.7607954389,0.770504608655,2.48388197579,0.531234873436,0.288079987502,0.579945114934,0.437917739848,2,1.32432432432,0.579945114934,2,0.0128264383903,0.00802854594112,6,0.000772200772201,0.403032868902,37,37,37,1,0,0.72972972973,0.243243243243,0.027027027027,-43,-0.0322822822823,0,-2.32432432432,-4.3,-1.19444444444,-1.54404159006,0.00943034414649,0.0319177559062,-2.09642822548,-0.0085816688418,0.00523934338963,-0.602949494911,0.00247207521307,0.0353272347492,0,0,0,0,0,0,0.000656312220222,0.00205584969539,-1,-0.0001287001287,-0.218163712294,0,0,0,173,0,43,1116,0.800925925926,1,0,0.199074074074,1,0.800925925926,0.889460154242,0.878186092989,0.800925925926,0.800925925926,1,44,0,0,0,0
3559,WLNM_dir_neg,0.988378099174,0.95459416085,00:00:03,10,80,46,1237887370,threshold_sweep,0.4,1,0.0227272727273,0.0444444444444,1,0,43,88,0.0227272727273,1,0,0.977272727273,1,0.0227272727273,0.0444444444444,0.674242424242,0.664141414141,0.0300751879699,0.123560412643,0.0227272727273,216,172,44,0,216,0,172,0,44,37,216,0.162162162162,1.32432432432,11.6756756757,21.6,6,8.1990990496,0.702237650082,0.31006006006,10.329336629,1.76937710775,0.765265265265,3.0868314707,0.528762798222,0.252752752753,0.579945114934,0.437917739848,2,1.32432432432,0.579945114934,2,0.0121701261701,0.00597269624573,7,0.000900900900901,0.621196581197,37,37,37,1,0,0.72972972973,0.243243243243,0.027027027027,37,0.129129129129,1.32432432432,9.2972972973,17.2,4.77777777778,6.61591038862,0.71159501273,0.340666247643,8.21656935783,1.76751782697,0.771841609051,2.51899689268,0.541877238542,0.293526084224,0.579945114934,0.437917739848,2,1.32432432432,0.579945114934,2,0.0114575399538,0.00677200902935,5,0.000643500643501,0.40081064668,37,37,37,1,0,0.72972972973,0.243243243243,0.027027027027,37,173,0.12987987988,1.32432432432,9.35135135135,17.3,4.80555555556,6.65505745954,0.711667994228,0.341977815966,8.23290840352,1.7607954389,0.770504608655,2.48388197579,0.531234873436,0.288079987502,0.579945114934,0.437917739848,2,1.32432432432,0.579945114934,2,0.0128264383903,0.00802854594112,6,0.000772200772201,0.403032868902,37,37,37,1,0,0.72972972973,0.243243243243,0.027027027027,-43,-0.0322822822823,0,-2.32432432432,-4.3,-1.19444444444,-1.54404159006,0.00943034414649,0.0319177559062,-2.09642822548,-0.0085816688418,0.00523934338963,-0.602949494911,0.00247207521307,0.0353272347492,0,0,0,0,0,0,0.000656312220222,0.00205584969539,-1,-0.0001287001287,-0.218163712294,0,0,0,173,0,43,1116,0.800925925926,1,0,0.199074074074,1,0.800925925926,0.889460154242,0.878186092989,0.800925925926,0.800925925926,1,44,0,0,0,0
3560,WLNM_dir_neg,0.988378099174,0.95459416085,00:00:03,10,80,46,1237887370,threshold_sweep,0.5,1,0.0227272727273,0.0444444444444,1,0,43,88,0.0227272727273,1,0,0.977272727273,1,0.0227272727273,0.0444444444444,0.674242424242,0.664141414141,0.0300751879699,0.123560412643,0.0227272727273,216,172,44,0,216,0,172,0,44,37,216,0.162162162162,1.32432432432,11.6756756757,21.6,6,8.1990990496,0.702237650082,0.31006006006,10.329336629,1.76937710775,0.765265265265,3.0868314707,0.528762798222,0.252752752753,0.579945114934,0.437917739848,2,1.32432432432,0.579945114934,2,0.0121701261701,0.00597269624573,7,0.000900900900901,0.621196581197,37,37,37,1,0,0.72972972973,0.243243243243,0.027027027027,37,0.129129129129,1.32432432432,9.2972972973,17.2,4.77777777778,6.61591038862,0.71159501273,0.340666247643,8.21656935783,1.76751782697,0.771841609051,2.51899689268,0.541877238542,0.293526084224,0.579945114934,0.437917739848,2,1.32432432432,0.579945114934,2,0.0114575399538,0.00677200902935,5,0.000643500643501,0.40081064668,37,37,37,1,0,0.72972972973,0.243243243243,0.027027027027,37,173,0.12987987988,1.32432432432,9.35135135135,17.3,4.80555555556,6.65505745954,0.711667994228,0.341977815966,8.23290840352,1.7607954389,0.770504608655,2.48388197579,0.531234873436,0.288079987502,0.579945114934,0.437917739848,2,1.32432432432,0.579945114934,2,0.0128264383903,0.00802854594112,6,0.000772200772201,0.403032868902,37,37,37,1,0,0.72972972973,0.243243243243,0.027027027027,-43,-0.0322822822823,0,-2.32432432432,-4.3,-1.19444444444,-1.54404159006,0.00943034414649,0.0319177559062,-2.09642822548,-0.0085816688418,0.00523934338963,-0.602949494911,0.00247207521307,0.0353272347492,0,0,0,0,0,0,0.000656312220222,0.00205584969539,-1,-0.0001287001287,-0.218163712294,0,0,0,173,0,43,1116,0.800925925926,1,0,0.199074074074,1,0.800925925926,0.889460154242,0.878186092989,0.800925925926,0.800925925926,1,44,0,0,0,0
3561,WLNM_dir_neg,0.988378099174,0.95459416085,00:00:03,10,80,46,1237887370,threshold_sweep,0.6,1,0.0227272727273,0.0444444444444,1,0,43,88,0.0227272727273,1,0,0.977272727273,1,0.0227272727273,0.0444444444444,0.674242424242,0.664141414141,0.0300751879699,0.123560412643,0.0227272727273,216,172,44,0,216,0,172,0,44,37,216,0.162162162162,1.32432432432,11.6756756757,21.6,6,8.1990990496,0.702237650082,0.31006006006,10.329336629,1.76937710775,0.765265265265,3.0868314707,0.528762798222,0.252752752753,0.579945114934,0.437917739848,2,1.32432432432,0.579945114934,2,0.0121701261701,0.00597269624573,7,0.000900900900901,0.621196581197,37,37,37,1,0,0.72972972973,0.243243243243,0.027027027027,37,0.129129129129,1.32432432432,9.2972972973,17.2,4.77777777778,6.61591038862,0.71159501273,0.340666247643,8.21656935783,1.76751782697,0.771841609051,2.51899689268,0.541877238542,0.293526084224,0.579945114934,0.437917739848,2,1.32432432432,0.579945114934,2,0.0114575399538,0.00677200902935,5,0.000643500643501,0.40081064668,37,37,37,1,0,0.72972972973,0.243243243243,0.027027027027,37,173,0.12987987988,1.32432432432,9.35135135135,17.3,4.80555555556,6.65505745954,0.711667994228,0.341977815966,8.23290840352,1.7607954389,0.770504608655,2.48388197579,0.531234873436,0.288079987502,0.579945114934,0.437917739848,2,1.32432432432,0.579945114934,2,0.0128264383903,0.00802854594112,6,0.000772200772201,0.403032868902,37,37,37,1,0,0.72972972973,0.243243243243,0.027027027027,-43,-0.0322822822823,0,-2.32432432432,-4.3,-1.19444444444,-1.54404159006,0.00943034414649,0.0319177559062,-2.09642822548,-0.0085816688418,0.00523934338963,-0.602949494911,0.00247207521307,0.0353272347492,0,0,0,0,0,0,0.000656312220222,0.00205584969539,-1,-0.0001287001287,-0.218163712294,0,0,0,173,0,43,1116,0.800925925926,1,0,0.199074074074,1,0.800925925926,0.889460154242,0.878186092989,0.800925925926,0.800925925926,1,44,0,0,0,0
3562,WLNM_dir_neg,0.988378099174,0.95459416085,00:00:03,10,80,46,1237887370,threshold_sweep,0.7,1,0.0227272727273,0.0444444444444,1,0,43,88,0.0227272727273,1,0,0.977272727273,1,0.0227272727273,0.0444444444444,0.674242424242,0.664141414141,0.0300751879699,0.123560412643,0.0227272727273,216,172,44,0,216,0,172,0,44,37,216,0.162162162162,1.32432432432,11.6756756757,21.6,6,8.1990990496,0.702237650082,0.31006006006,10.329336629,1.76937710775,0.765265265265,3.0868314707,0.528762798222,0.252752752753,0.579945114934,0.437917739848,2,1.32432432432,0.579945114934,2,0.0121701261701,0.00597269624573,7,0.000900900900901,0.621196581197,37,37,37,1,0,0.72972972973,0.243243243243,0.027027027027,37,0.129129129129,1.32432432432,9.2972972973,17.2,4.77777777778,6.61591038862,0.71159501273,0.340666247643,8.21656935783,1.76751782697,0.771841609051,2.51899689268,0.541877238542,0.293526084224,0.579945114934,0.437917739848,2,1.32432432432,0.579945114934,2,0.0114575399538,0.00677200902935,5,0.000643500643501,0.40081064668,37,37,37,1,0,0.72972972973,0.243243243243,0.027027027027,37,173,0.12987987988,1.32432432432,9.35135135135,17.3,4.80555555556,6.65505745954,0.711667994228,0.341977815966,8.23290840352,1.7607954389,0.770504608655,2.48388197579,0.531234873436,0.288079987502,0.579945114934,0.437917739848,2,1.32432432432,0.579945114934,2,0.0128264383903,0.00802854594112,6,0.000772200772201,0.403032868902,37,37,37,1,0,0.72972972973,0.243243243243,0.027027027027,-43,-0.0322822822823,0,-2.32432432432,-4.3,-1.19444444444,-1.54404159006,0.00943034414649,0.0319177559062,-2.09642822548,-0.0085816688418,0.00523934338963,-0.602949494911,0.00247207521307,0.0353272347492,0,0,0,0,0,0,0.000656312220222,0.00205584969539,-1,-0.0001287001287,-0.218163712294,0,0,0,173,0,43,1116,0.800925925926,1,0,0.199074074074,1,0.800925925926,0.889460154242,0.878186092989,0.800925925926,0.800925925926,1,44,0,0,0,0
3563,WLNM_dir_neg,0.988378099174,0.95459416085,00:00:03,10,80,46,1237887370,threshold_sweep,0.8,1,0.0227272727273,0.0444444444444,1,0,43,88,0.0227272727273,1,0,0.977272727273,1,0.0227272727273,0.0444444444444,0.674242424242,0.664141414141,0.0300751879699,0.123560412643,0.0227272727273,216,172,44,0,216,0,172,0,44,37,216,0.162162162162,1.32432432432,11.6756756757,21.6,6,8.1990990496,0.702237650082,0.31006006006,10.329336629,1.76937710775,0.765265265265,3.0868314707,0.528762798222,0.252752752753,0.579945114934,0.437917739848,2,1.32432432432,0.579945114934,2,0.0121701261701,0.00597269624573,7,0.000900900900901,0.621196581197,37,37,37,1,0,0.72972972973,0.243243243243,0.027027027027,37,0.129129129129,1.32432432432,9.2972972973,17.2,4.77777777778,6.61591038862,0.71159501273,0.340666247643,8.21656935783,1.76751782697,0.771841609051,2.51899689268,0.541877238542,0.293526084224,0.579945114934,0.437917739848,2,1.32432432432,0.579945114934,2,0.0114575399538,0.00677200902935,5,0.000643500643501,0.40081064668,37,37,37,1,0,0.72972972973,0.243243243243,0.027027027027,37,173,0.12987987988,1.32432432432,9.35135135135,17.3,4.80555555556,6.65505745954,0.711667994228,0.341977815966,8.23290840352,1.7607954389,0.770504608655,2.48388197579,0.531234873436,0.288079987502,0.579945114934,0.437917739848,2,1.32432432432,0.579945114934,2,0.0128264383903,0.00802854594112,6,0.000772200772201,0.403032868902,37,37,37,1,0,0.72972972973,0.243243243243,0.027027027027,-43,-0.0322822822823,0,-2.32432432432,-4.3,-1.19444444444,-1.54404159006,0.00943034414649,0.0319177559062,-2.09642822548,-0.0085816688418,0.00523934338963,-0.602949494911,0.00247207521307,0.0353272347492,0,0,0,0,0,0,0.000656312220222,0.00205584969539,-1,-0.0001287001287,-0.218163712294,0,0,0,173,0,43,1116,0.800925925926,1,0,0.199074074074,1,0.800925925926,0.889460154242,0.878186092989,0.800925925926,0.800925925926,1,44,0,0,0,0
3564,WLNM_dir_neg,0.988378099174,0.95459416085,00:00:03,10,80,46,1237887370,threshold_sweep,0.9,1,0.0227272727273,0.0444444444444,1,0,43,88,0.0227272727273,1,0,0.977272727273,1,0.0227272727273,0.0444444444444,0.674242424242,0.664141414141,0.0300751879699,0.123560412643,0.0227272727273,216,172,44,0,216,0,172,0,44,37,216,0.162162162162,1.32432432432,11.6756756757,21.6,6,8.1990990496,0.702237650082,0.31006006006,10.329336629,1.76937710775,0.765265265265,3.0868314707,0.528762798222,0.252752752753,0.579945114934,0.437917739848,2,1.32432432432,0.579945114934,2,0.0121701261701,0.00597269624573,7,0.000900900900901,0.621196581197,37,37,37,1,0,0.72972972973,0.243243243243,0.027027027027,37,0.129129129129,1.32432432432,9.2972972973,17.2,4.77777777778,6.61591038862,0.71159501273,0.340666247643,8.21656935783,1.76751782697,0.771841609051,2.51899689268,0.541877238542,0.293526084224,0.579945114934,0.437917739848,2,1.32432432432,0.579945114934,2,0.0114575399538,0.00677200902935,5,0.000643500643501,0.40081064668,37,37,37,1,0,0.72972972973,0.243243243243,0.027027027027,37,173,0.12987987988,1.32432432432,9.35135135135,17.3,4.80555555556,6.65505745954,0.711667994228,0.341977815966,8.23290840352,1.7607954389,0.770504608655,2.48388197579,0.531234873436,0.288079987502,0.579945114934,0.437917739848,2,1.32432432432,0.579945114934,2,0.0128264383903,0.00802854594112,6,0.000772200772201,0.403032868902,37,37,37,1,0,0.72972972973,0.243243243243,0.027027027027,-43,-0.0322822822823,0,-2.32432432432,-4.3,-1.19444444444,-1.54404159006,0.00943034414649,0.0319177559062,-2.09642822548,-0.0085816688418,0.00523934338963,-0.602949494911,0.00247207521307,0.0353272347492,0,0,0,0,0,0,0.000656312220222,0.00205584969539,-1,-0.0001287001287,-0.218163712294,0,0,0,173,0,43,1116,0.800925925926,1,0,0.199074074074,1,0.800925925926,0.889460154242,0.878186092989,0.800925925926,0.800925925926,1,44,0,0,0,0
3565,WLNM_dir_neg,0.988894628099,0.932839262187,00:00:03,10,80,47,1237887371,threshold_sweep,0.1,0,0,0,0,0,44,88,0,1,0,1,0,0,0,0.666666666667,0.666666666667,0,0,0,216,172,44,0,216,0,172,0,44,37,216,0.162162162162,1.32432432432,11.6756756757,21.6,6,8.1990990496,0.702237650082,0.31006006006,10.329336629,1.76937710775,0.765265265265,3.0868314707,0.528762798222,0.252752752753,0.579945114934,0.437917739848,2,1.32432432432,0.579945114934,2,0.0121701261701,0.00597269624573,7,0.000900900900901,0.621196581197,37,37,37,1,0,0.72972972973,0.243243243243,0.027027027027,37,0.129129129129,1.32732732733,9.2972972973,17.2,4.91428571429,6.74069261552,0.725016356902,0.35229415462,8.28390747915,1.78200335307,0.775612822124,2.62695658527,0.565101125901,0.311439346323,0.589078670762,0.443808138832,2.11111111111,1.33641975309,0.594795838055,2.11111111111,0.0142008675879,0.00668151447661,5,0.000643500643501,0.41195318262,37,36,36,0.972972972973,0,0.702702702703,0.243243243243,0.027027027027,37,172,0.129129129129,1.32732732733,9.2972972973,17.2,4.91428571429,6.74069261552,0.725016356902,0.35229415462,8.28390747915,1.78200335307,0.775612822124,2.62695658527,0.565101125901,0.311439346323,0.589078670762,0.443808138832,2.11111111111,1.33641975309,0.594795838055,2.11111111111,0.0142008675879,0.00668151447661,5,0.000643500643501,0.41195318262,37,36,36,0.972972972973,0,0.702702702703,0.243243243243,0.027027027027,-44,-0.033033033033,0.003003003003,-2.37837837838,-4.4,-1.08571428571,-1.45840643408,0.0227787068201,0.0422340945597,-2.04542914985,0.0126262453277,0.0103475568592,-0.459874885433,0.036338327679,0.0586865935703,0.00913355582779,0.00589039898372,0.111111111111,0.0120954287621,0.0148507231203,0.111111111111,0.00203074141774,0.000708818230881,-2,-0.0002574002574,-0.209243398577,-0.027027027027,0,0,172,0,44,1116,0.796296296296,1,0,0.203703703704,1,0.796296296296,0.886597938144,0.875266790198,0.796296296296,0.796296296296,0,44,0,0,0,0
3566,WLNM_dir_neg,0.988894628099,0.932839262187,00:00:03,10,80,47,1237887371,threshold_sweep,0.2,0,0,0,0,0,44,88,0,1,0,1,0,0,0,0.666666666667,0.666666666667,0,0,0,216,172,44,0,216,0,172,0,44,37,216,0.162162162162,1.32432432432,11.6756756757,21.6,6,8.1990990496,0.702237650082,0.31006006006,10.329336629,1.76937710775,0.765265265265,3.0868314707,0.528762798222,0.252752752753,0.579945114934,0.437917739848,2,1.32432432432,0.579945114934,2,0.0121701261701,0.00597269624573,7,0.000900900900901,0.621196581197,37,37,37,1,0,0.72972972973,0.243243243243,0.027027027027,37,0.129129129129,1.32732732733,9.2972972973,17.2,4.91428571429,6.74069261552,0.725016356902,0.35229415462,8.28390747915,1.78200335307,0.775612822124,2.62695658527,0.565101125901,0.311439346323,0.589078670762,0.443808138832,2.11111111111,1.33641975309,0.594795838055,2.11111111111,0.0142008675879,0.00668151447661,5,0.000643500643501,0.41195318262,37,36,36,0.972972972973,0,0.702702702703,0.243243243243,0.027027027027,37,172,0.129129129129,1.32732732733,9.2972972973,17.2,4.91428571429,6.74069261552,0.725016356902,0.35229415462,8.28390747915,1.78200335307,0.775612822124,2.62695658527,0.565101125901,0.311439346323,0.589078670762,0.443808138832,2.11111111111,1.33641975309,0.594795838055,2.11111111111,0.0142008675879,0.00668151447661,5,0.000643500643501,0.41195318262,37,36,36,0.972972972973,0,0.702702702703,0.243243243243,0.027027027027,-44,-0.033033033033,0.003003003003,-2.37837837838,-4.4,-1.08571428571,-1.45840643408,0.0227787068201,0.0422340945597,-2.04542914985,0.0126262453277,0.0103475568592,-0.459874885433,0.036338327679,0.0586865935703,0.00913355582779,0.00589039898372,0.111111111111,0.0120954287621,0.0148507231203,0.111111111111,0.00203074141774,0.000708818230881,-2,-0.0002574002574,-0.209243398577,-0.027027027027,0,0,172,0,44,1116,0.796296296296,1,0,0.203703703704,1,0.796296296296,0.886597938144,0.875266790198,0.796296296296,0.796296296296,0,44,0,0,0,0
3567,WLNM_dir_neg,0.988894628099,0.932839262187,00:00:03,10,80,47,1237887371,threshold_sweep,0.3,0,0,0,0,0,44,88,0,1,0,1,0,0,0,0.666666666667,0.666666666667,0,0,0,216,172,44,0,216,0,172,0,44,37,216,0.162162162162,1.32432432432,11.6756756757,21.6,6,8.1990990496,0.702237650082,0.31006006006,10.329336629,1.76937710775,0.765265265265,3.0868314707,0.528762798222,0.252752752753,0.579945114934,0.437917739848,2,1.32432432432,0.579945114934,2,0.0121701261701,0.00597269624573,7,0.000900900900901,0.621196581197,37,37,37,1,0,0.72972972973,0.243243243243,0.027027027027,37,0.129129129129,1.32732732733,9.2972972973,17.2,4.91428571429,6.74069261552,0.725016356902,0.35229415462,8.28390747915,1.78200335307,0.775612822124,2.62695658527,0.565101125901,0.311439346323,0.589078670762,0.443808138832,2.11111111111,1.33641975309,0.594795838055,2.11111111111,0.0142008675879,0.00668151447661,5,0.000643500643501,0.41195318262,37,36,36,0.972972972973,0,0.702702702703,0.243243243243,0.027027027027,37,172,0.129129129129,1.32732732733,9.2972972973,17.2,4.91428571429,6.74069261552,0.725016356902,0.35229415462,8.28390747915,1.78200335307,0.775612822124,2.62695658527,0.565101125901,0.311439346323,0.589078670762,0.443808138832,2.11111111111,1.33641975309,0.594795838055,2.11111111111,0.0142008675879,0.00668151447661,5,0.000643500643501,0.41195318262,37,36,36,0.972972972973,0,0.702702702703,0.243243243243,0.027027027027,-44,-0.033033033033,0.003003003003,-2.37837837838,-4.4,-1.08571428571,-1.45840643408,0.0227787068201,0.0422340945597,-2.04542914985,0.0126262453277,0.0103475568592,-0.459874885433,0.036338327679,0.0586865935703,0.00913355582779,0.00589039898372,0.111111111111,0.0120954287621,0.0148507231203,0.111111111111,0.00203074141774,0.000708818230881,-2,-0.0002574002574,-0.209243398577,-0.027027027027,0,0,172,0,44,1116,0.796296296296,1,0,0.203703703704,1,0.796296296296,0.886597938144,0.875266790198,0.796296296296,0.796296296296,0,44,0,0,0,0
3568,WLNM_dir_neg,0.988894628099,0.932839262187,00:00:03,10,80,47,1237887371,threshold_sweep,0.4,0,0,0,0,0,44,88,0,1,0,1,0,0,0,0.666666666667,0.666666666667,0,0,0,216,172,44,0,216,0,172,0,44,37,216,0.162162162162,1.32432432432,11.6756756757,21.6,6,8.1990990496,0.702237650082,0.31006006006,10.329336629,1.76937710775,0.765265265265,3.0868314707,0.528762798222,0.252752752753,0.579945114934,0.437917739848,2,1.32432432432,0.579945114934,2,0.0121701261701,0.00597269624573,7,0.000900900900901,0.621196581197,37,37,37,1,0,0.72972972973,0.243243243243,0.027027027027,37,0.129129129129,1.32732732733,9.2972972973,17.2,4.91428571429,6.74069261552,0.725016356902,0.35229415462,8.28390747915,1.78200335307,0.775612822124,2.62695658527,0.565101125901,0.311439346323,0.589078670762,0.443808138832,2.11111111111,1.33641975309,0.594795838055,2.11111111111,0.0142008675879,0.00668151447661,5,0.000643500643501,0.41195318262,37,36,36,0.972972972973,0,0.702702702703,0.243243243243,0.027027027027,37,172,0.129129129129,1.32732732733,9.2972972973,17.2,4.91428571429,6.74069261552,0.725016356902,0.35229415462,8.28390747915,1.78200335307,0.775612822124,2.62695658527,0.565101125901,0.311439346323,0.589078670762,0.443808138832,2.11111111111,1.33641975309,0.594795838055,2.11111111111,0.0142008675879,0.00668151447661,5,0.000643500643501,0.41195318262,37,36,36,0.972972972973,0,0.702702702703,0.243243243243,0.027027027027,-44,-0.033033033033,0.003003003003,-2.37837837838,-4.4,-1.08571428571,-1.45840643408,0.0227787068201,0.0422340945597,-2.04542914985,0.0126262453277,0.0103475568592,-0.459874885433,0.036338327679,0.0586865935703,0.00913355582779,0.00589039898372,0.111111111111,0.0120954287621,0.0148507231203,0.111111111111,0.00203074141774,0.000708818230881,-2,-0.0002574002574,-0.209243398577,-0.027027027027,0,0,172,0,44,1116,0.796296296296,1,0,0.203703703704,1,0.796296296296,0.886597938144,0.875266790198,0.796296296296,0.796296296296,0,44,0,0,0,0
3569,WLNM_dir_neg,0.988894628099,0.932839262187,00:00:03,10,80,47,1237887371,threshold_sweep,0.5,0,0,0,0,0,44,88,0,1,0,1,0,0,0,0.666666666667,0.666666666667,0,0,0,216,172,44,0,216,0,172,0,44,37,216,0.162162162162,1.32432432432,11.6756756757,21.6,6,8.1990990496,0.702237650082,0.31006006006,10.329336629,1.76937710775,0.765265265265,3.0868314707,0.528762798222,0.252752752753,0.579945114934,0.437917739848,2,1.32432432432,0.579945114934,2,0.0121701261701,0.00597269624573,7,0.000900900900901,0.621196581197,37,37,37,1,0,0.72972972973,0.243243243243,0.027027027027,37,0.129129129129,1.32732732733,9.2972972973,17.2,4.91428571429,6.74069261552,0.725016356902,0.35229415462,8.28390747915,1.78200335307,0.775612822124,2.62695658527,0.565101125901,0.311439346323,0.589078670762,0.443808138832,2.11111111111,1.33641975309,0.594795838055,2.11111111111,0.0142008675879,0.00668151447661,5,0.000643500643501,0.41195318262,37,36,36,0.972972972973,0,0.702702702703,0.243243243243,0.027027027027,37,172,0.129129129129,1.32732732733,9.2972972973,17.2,4.91428571429,6.74069261552,0.725016356902,0.35229415462,8.28390747915,1.78200335307,0.775612822124,2.62695658527,0.565101125901,0.311439346323,0.589078670762,0.443808138832,2.11111111111,1.33641975309,0.594795838055,2.11111111111,0.0142008675879,0.00668151447661,5,0.000643500643501,0.41195318262,37,36,36,0.972972972973,0,0.702702702703,0.243243243243,0.027027027027,-44,-0.033033033033,0.003003003003,-2.37837837838,-4.4,-1.08571428571,-1.45840643408,0.0227787068201,0.0422340945597,-2.04542914985,0.0126262453277,0.0103475568592,-0.459874885433,0.036338327679,0.0586865935703,0.00913355582779,0.00589039898372,0.111111111111,0.0120954287621,0.0148507231203,0.111111111111,0.00203074141774,0.000708818230881,-2,-0.0002574002574,-0.209243398577,-0.027027027027,0,0,172,0,44,1116,0.796296296296,1,0,0.203703703704,1,0.796296296296,0.886597938144,0.875266790198,0.796296296296,0.796296296296,0,44,0,0,0,0
3570,WLNM_dir_neg,0.988894628099,0.932839262187,00:00:03,10,80,47,1237887371,threshold_sweep,0.6,0,0,0,0,0,44,88,0,1,0,1,0,0,0,0.666666666667,0.666666666667,0,0,0,216,172,44,0,216,0,172,0,44,37,216,0.162162162162,1.32432432432,11.6756756757,21.6,6,8.1990990496,0.702237650082,0.31006006006,10.329336629,1.76937710775,0.765265265265,3.0868314707,0.528762798222,0.252752752753,0.579945114934,0.437917739848,2,1.32432432432,0.579945114934,2,0.0121701261701,0.00597269624573,7,0.000900900900901,0.621196581197,37,37,37,1,0,0.72972972973,0.243243243243,0.027027027027,37,0.129129129129,1.32732732733,9.2972972973,17.2,4.91428571429,6.74069261552,0.725016356902,0.35229415462,8.28390747915,1.78200335307,0.775612822124,2.62695658527,0.565101125901,0.311439346323,0.589078670762,0.443808138832,2.11111111111,1.33641975309,0.594795838055,2.11111111111,0.0142008675879,0.00668151447661,5,0.000643500643501,0.41195318262,37,36,36,0.972972972973,0,0.702702702703,0.243243243243,0.027027027027,37,172,0.129129129129,1.32732732733,9.2972972973,17.2,4.91428571429,6.74069261552,0.725016356902,0.35229415462,8.28390747915,1.78200335307,0.775612822124,2.62695658527,0.565101125901,0.311439346323,0.589078670762,0.443808138832,2.11111111111,1.33641975309,0.594795838055,2.11111111111,0.0142008675879,0.00668151447661,5,0.000643500643501,0.41195318262,37,36,36,0.972972972973,0,0.702702702703,0.243243243243,0.027027027027,-44,-0.033033033033,0.003003003003,-2.37837837838,-4.4,-1.08571428571,-1.45840643408,0.0227787068201,0.0422340945597,-2.04542914985,0.0126262453277,0.0103475568592,-0.459874885433,0.036338327679,0.0586865935703,0.00913355582779,0.00589039898372,0.111111111111,0.0120954287621,0.0148507231203,0.111111111111,0.00203074141774,0.000708818230881,-2,-0.0002574002574,-0.209243398577,-0.027027027027,0,0,172,0,44,1116,0.796296296296,1,0,0.203703703704,1,0.796296296296,0.886597938144,0.875266790198,0.796296296296,0.796296296296,0,44,0,0,0,0
3571,WLNM_dir_neg,0.988894628099,0.932839262187,00:00:03,10,80,47,1237887371,threshold_sweep,0.7,0,0,0,0,0,44,88,0,1,0,1,0,0,0,0.666666666667,0.666666666667,0,0,0,216,172,44,0,216,0,172,0,44,37,216,0.162162162162,1.32432432432,11.6756756757,21.6,6,8.1990990496,0.702237650082,0.31006006006,10.329336629,1.76937710775,0.765265265265,3.0868314707,0.528762798222,0.252752752753,0.579945114934,0.437917739848,2,1.32432432432,0.579945114934,2,0.0121701261701,0.00597269624573,7,0.000900900900901,0.621196581197,37,37,37,1,0,0.72972972973,0.243243243243,0.027027027027,37,0.129129129129,1.32732732733,9.2972972973,17.2,4.91428571429,6.74069261552,0.725016356902,0.35229415462,8.28390747915,1.78200335307,0.775612822124,2.62695658527,0.565101125901,0.311439346323,0.589078670762,0.443808138832,2.11111111111,1.33641975309,0.594795838055,2.11111111111,0.0142008675879,0.00668151447661,5,0.000643500643501,0.41195318262,37,36,36,0.972972972973,0,0.702702702703,0.243243243243,0.027027027027,37,172,0.129129129129,1.32732732733,9.2972972973,17.2,4.91428571429,6.74069261552,0.725016356902,0.35229415462,8.28390747915,1.78200335307,0.775612822124,2.62695658527,0.565101125901,0.311439346323,0.589078670762,0.443808138832,2.11111111111,1.33641975309,0.594795838055,2.11111111111,0.0142008675879,0.00668151447661,5,0.000643500643501,0.41195318262,37,36,36,0.972972972973,0,0.702702702703,0.243243243243,0.027027027027,-44,-0.033033033033,0.003003003003,-2.37837837838,-4.4,-1.08571428571,-1.45840643408,0.0227787068201,0.0422340945597,-2.04542914985,0.0126262453277,0.0103475568592,-0.459874885433,0.036338327679,0.0586865935703,0.00913355582779,0.00589039898372,0.111111111111,0.0120954287621,0.0148507231203,0.111111111111,0.00203074141774,0.000708818230881,-2,-0.0002574002574,-0.209243398577,-0.027027027027,0,0,172,0,44,1116,0.796296296296,1,0,0.203703703704,1,0.796296296296,0.886597938144,0.875266790198,0.796296296296,0.796296296296,0,44,0,0,0,0
3572,WLNM_dir_neg,0.988894628099,0.932839262187,00:00:03,10,80,47,1237887371,threshold_sweep,0.8,0,0,0,0,0,44,88,0,1,0,1,0,0,0,0.666666666667,0.666666666667,0,0,0,216,172,44,0,216,0,172,0,44,37,216,0.162162162162,1.32432432432,11.6756756757,21.6,6,8.1990990496,0.702237650082,0.31006006006,10.329336629,1.76937710775,0.765265265265,3.0868314707,0.528762798222,0.252752752753,0.579945114934,0.437917739848,2,1.32432432432,0.579945114934,2,0.0121701261701,0.00597269624573,7,0.000900900900901,0.621196581197,37,37,37,1,0,0.72972972973,0.243243243243,0.027027027027,37,0.129129129129,1.32732732733,9.2972972973,17.2,4.91428571429,6.74069261552,0.725016356902,0.35229415462,8.28390747915,1.78200335307,0.775612822124,2.62695658527,0.565101125901,0.311439346323,0.589078670762,0.443808138832,2.11111111111,1.33641975309,0.594795838055,2.11111111111,0.0142008675879,0.00668151447661,5,0.000643500643501,0.41195318262,37,36,36,0.972972972973,0,0.702702702703,0.243243243243,0.027027027027,37,172,0.129129129129,1.32732732733,9.2972972973,17.2,4.91428571429,6.74069261552,0.725016356902,0.35229415462,8.28390747915,1.78200335307,0.775612822124,2.62695658527,0.565101125901,0.311439346323,0.589078670762,0.443808138832,2.11111111111,1.33641975309,0.594795838055,2.11111111111,0.0142008675879,0.00668151447661,5,0.000643500643501,0.41195318262,37,36,36,0.972972972973,0,0.702702702703,0.243243243243,0.027027027027,-44,-0.033033033033,0.003003003003,-2.37837837838,-4.4,-1.08571428571,-1.45840643408,0.0227787068201,0.0422340945597,-2.04542914985,0.0126262453277,0.0103475568592,-0.459874885433,0.036338327679,0.0586865935703,0.00913355582779,0.00589039898372,0.111111111111,0.0120954287621,0.0148507231203,0.111111111111,0.00203074141774,0.000708818230881,-2,-0.0002574002574,-0.209243398577,-0.027027027027,0,0,172,0,44,1116,0.796296296296,1,0,0.203703703704,1,0.796296296296,0.886597938144,0.875266790198,0.796296296296,0.796296296296,0,44,0,0,0,0
3573,WLNM_dir_neg,0.988894628099,0.932839262187,00:00:03,10,80,47,1237887371,threshold_sweep,0.9,0,0,0,0,0,44,88,0,1,0,1,0,0,0,0.666666666667,0.666666666667,0,0,0,216,172,44,0,216,0,172,0,44,37,216,0.162162162162,1.32432432432,11.6756756757,21.6,6,8.1990990496,0.702237650082,0.31006006006,10.329336629,1.76937710775,0.765265265265,3.0868314707,0.528762798222,0.252752752753,0.579945114934,0.437917739848,2,1.32432432432,0.579945114934,2,0.0121701261701,0.00597269624573,7,0.000900900900901,0.621196581197,37,37,37,1,0,0.72972972973,0.243243243243,0.027027027027,37,0.129129129129,1.32732732733,9.2972972973,17.2,4.91428571429,6.74069261552,0.725016356902,0.35229415462,8.28390747915,1.78200335307,0.775612822124,2.62695658527,0.565101125901,0.311439346323,0.589078670762,0.443808138832,2.11111111111,1.33641975309,0.594795838055,2.11111111111,0.0142008675879,0.00668151447661,5,0.000643500643501,0.41195318262,37,36,36,0.972972972973,0,0.702702702703,0.243243243243,0.027027027027,37,172,0.129129129129,1.32732732733,9.2972972973,17.2,4.91428571429,6.74069261552,0.725016356902,0.35229415462,8.28390747915,1.78200335307,0.775612822124,2.62695658527,0.565101125901,0.311439346323,0.589078670762,0.443808138832,2.11111111111,1.33641975309,0.594795838055,2.11111111111,0.0142008675879,0.00668151447661,5,0.000643500643501,0.41195318262,37,36,36,0.972972972973,0,0.702702702703,0.243243243243,0.027027027027,-44,-0.033033033033,0.003003003003,-2.37837837838,-4.4,-1.08571428571,-1.45840643408,0.0227787068201,0.0422340945597,-2.04542914985,0.0126262453277,0.0103475568592,-0.459874885433,0.036338327679,0.0586865935703,0.00913355582779,0.00589039898372,0.111111111111,0.0120954287621,0.0148507231203,0.111111111111,0.00203074141774,0.000708818230881,-2,-0.0002574002574,-0.209243398577,-0.027027027027,0,0,172,0,44,1116,0.796296296296,1,0,0.203703703704,1,0.796296296296,0.886597938144,0.875266790198,0.796296296296,0.796296296296,0,44,0,0,0,0
3574,WLNM_dir_neg,0.983600206612,0.854784255599,00:00:03,10,80,48,1237887372,threshold_sweep,0.1,0.833333333333,0.113636363636,0.2,5,1,39,87,0.113636363636,0.988636363636,0.0113636363636,0.886363636364,0.833333333333,0.113636363636,0.2,0.69696969697,0.651515151515,0.130434782609,0.231455024943,0.102272727273,216,172,44,0,216,0,172,0,44,37,216,0.162162162162,1.32432432432,11.6756756757,21.6,6,8.1990990496,0.702237650082,0.31006006006,10.329336629,1.76937710775,0.765265265265,3.0868314707,0.528762798222,0.252752752753,0.579945114934,0.437917739848,2,1.32432432432,0.579945114934,2,0.0121701261701,0.00597269624573,7,0.000900900900901,0.621196581197,37,37,37,1,0,0.72972972973,0.243243243243,0.027027027027,37,0.129129129129,1.32432432432,9.2972972973,17.2,4.77777777778,6.60330247706,0.710238929219,0.336737900691,8.34737555635,1.79565636968,0.776869893149,2.6689179686,0.574127702548,0.307982401006,0.579945114934,0.437917739848,2,1.32432432432,0.579945114934,2,0.00682138246048,0.00271247739602,2,0.0002574002574,0.407811824247,37,37,37,1,0,0.72972972973,0.243243243243,0.027027027027,37,178,0.133633633634,1.32808758125,9.62162162162,17.8,4.81081081081,6.8286624335,0.709720533818,0.344215001518,8.40250570378,1.74658826427,0.767992711813,2.4476500957,0.508781199668,0.275432736107,0.591382825656,0.445289026119,2.12658227848,1.32808758125,0.591382825656,2.12658227848,0.012492898914,0.00891341256367,7,0.000900900900901,0.417508793944,37,37,37,1,0,0.72972972973,0.27027027027,0,-38,-0.0285285285285,0.00376325692781,-2.05405405405,-3.8,-1.18918918919,-1.37043661611,0.00748288373647,0.0341549414583,-1.92683092522,-0.0227888434759,0.00272744654767,-0.639181375002,-0.019981598554,0.0226799833541,0.0114377107216,0.00737128627021,0.126582278481,0.00376325692781,0.0114377107216,0.126582278481,0.000322772743825,0.00294071631793,0,0,-0.203687787253,0,0.027027027027,-0.027027027027,177,1,39,1115,0.819444444444,0.999103942652,0.00089605734767,0.180555555556,0.994382022472,0.819444444444,0.89847715736,0.886728004295,0.818548387097,0.815668202765,6,44,0,0,0,0
3575,WLNM_dir_neg,0.983600206612,0.854784255599,00:00:03,10,80,48,1237887372,threshold_sweep,0.2,0.833333333333,0.113636363636,0.2,5,1,39,87,0.113636363636,0.988636363636,0.0113636363636,0.886363636364,0.833333333333,0.113636363636,0.2,0.69696969697,0.651515151515,0.130434782609,0.231455024943,0.102272727273,216,172,44,0,216,0,172,0,44,37,216,0.162162162162,1.32432432432,11.6756756757,21.6,6,8.1990990496,0.702237650082,0.31006006006,10.329336629,1.76937710775,0.765265265265,3.0868314707,0.528762798222,0.252752752753,0.579945114934,0.437917739848,2,1.32432432432,0.579945114934,2,0.0121701261701,0.00597269624573,7,0.000900900900901,0.621196581197,37,37,37,1,0,0.72972972973,0.243243243243,0.027027027027,37,0.129129129129,1.32432432432,9.2972972973,17.2,4.77777777778,6.60330247706,0.710238929219,0.336737900691,8.34737555635,1.79565636968,0.776869893149,2.6689179686,0.574127702548,0.307982401006,0.579945114934,0.437917739848,2,1.32432432432,0.579945114934,2,0.00682138246048,0.00271247739602,2,0.0002574002574,0.407811824247,37,37,37,1,0,0.72972972973,0.243243243243,0.027027027027,37,178,0.133633633634,1.32808758125,9.62162162162,17.8,4.81081081081,6.8286624335,0.709720533818,0.344215001518,8.40250570378,1.74658826427,0.767992711813,2.4476500957,0.508781199668,0.275432736107,0.591382825656,0.445289026119,2.12658227848,1.32808758125,0.591382825656,2.12658227848,0.012492898914,0.00891341256367,7,0.000900900900901,0.417508793944,37,37,37,1,0,0.72972972973,0.27027027027,0,-38,-0.0285285285285,0.00376325692781,-2.05405405405,-3.8,-1.18918918919,-1.37043661611,0.00748288373647,0.0341549414583,-1.92683092522,-0.0227888434759,0.00272744654767,-0.639181375002,-0.019981598554,0.0226799833541,0.0114377107216,0.00737128627021,0.126582278481,0.00376325692781,0.0114377107216,0.126582278481,0.000322772743825,0.00294071631793,0,0,-0.203687787253,0,0.027027027027,-0.027027027027,177,1,39,1115,0.819444444444,0.999103942652,0.00089605734767,0.180555555556,0.994382022472,0.819444444444,0.89847715736,0.886728004295,0.818548387097,0.815668202765,6,44,0,0,0,0
3576,WLNM_dir_neg,0.983600206612,0.854784255599,00:00:03,10,80,48,1237887372,threshold_sweep,0.3,0.833333333333,0.113636363636,0.2,5,1,39,87,0.113636363636,0.988636363636,0.0113636363636,0.886363636364,0.833333333333,0.113636363636,0.2,0.69696969697,0.651515151515,0.130434782609,0.231455024943,0.102272727273,216,172,44,0,216,0,172,0,44,37,216,0.162162162162,1.32432432432,11.6756756757,21.6,6,8.1990990496,0.702237650082,0.31006006006,10.329336629,1.76937710775,0.765265265265,3.0868314707,0.528762798222,0.252752752753,0.579945114934,0.437917739848,2,1.32432432432,0.579945114934,2,0.0121701261701,0.00597269624573,7,0.000900900900901,0.621196581197,37,37,37,1,0,0.72972972973,0.243243243243,0.027027027027,37,0.129129129129,1.32432432432,9.2972972973,17.2,4.77777777778,6.60330247706,0.710238929219,0.336737900691,8.34737555635,1.79565636968,0.776869893149,2.6689179686,0.574127702548,0.307982401006,0.579945114934,0.437917739848,2,1.32432432432,0.579945114934,2,0.00682138246048,0.00271247739602,2,0.0002574002574,0.407811824247,37,37,37,1,0,0.72972972973,0.243243243243,0.027027027027,37,178,0.133633633634,1.32808758125,9.62162162162,17.8,4.81081081081,6.8286624335,0.709720533818,0.344215001518,8.40250570378,1.74658826427,0.767992711813,2.4476500957,0.508781199668,0.275432736107,0.591382825656,0.445289026119,2.12658227848,1.32808758125,0.591382825656,2.12658227848,0.012492898914,0.00891341256367,7,0.000900900900901,0.417508793944,37,37,37,1,0,0.72972972973,0.27027027027,0,-38,-0.0285285285285,0.00376325692781,-2.05405405405,-3.8,-1.18918918919,-1.37043661611,0.00748288373647,0.0341549414583,-1.92683092522,-0.0227888434759,0.00272744654767,-0.639181375002,-0.019981598554,0.0226799833541,0.0114377107216,0.00737128627021,0.126582278481,0.00376325692781,0.0114377107216,0.126582278481,0.000322772743825,0.00294071631793,0,0,-0.203687787253,0,0.027027027027,-0.027027027027,177,1,39,1115,0.819444444444,0.999103942652,0.00089605734767,0.180555555556,0.994382022472,0.819444444444,0.89847715736,0.886728004295,0.818548387097,0.815668202765,6,44,0,0,0,0
3577,WLNM_dir_neg,0.983600206612,0.854784255599,00:00:03,10,80,48,1237887372,threshold_sweep,0.4,0.75,0.0681818181818,0.125,3,1,41,87,0.0681818181818,0.988636363636,0.0113636363636,0.931818181818,0.75,0.0681818181818,0.125,0.681818181818,0.656565656566,0.0735294117647,0.15625,0.0568181818182,216,172,44,0,216,0,172,0,44,37,216,0.162162162162,1.32432432432,11.6756756757,21.6,6,8.1990990496,0.702237650082,0.31006006006,10.329336629,1.76937710775,0.765265265265,3.0868314707,0.528762798222,0.252752752753,0.579945114934,0.437917739848,2,1.32432432432,0.579945114934,2,0.0121701261701,0.00597269624573,7,0.000900900900901,0.621196581197,37,37,37,1,0,0.72972972973,0.243243243243,0.027027027027,37,0.129129129129,1.32432432432,9.2972972973,17.2,4.77777777778,6.60330247706,0.710238929219,0.336737900691,8.34737555635,1.79565636968,0.776869893149,2.6689179686,0.574127702548,0.307982401006,0.579945114934,0.437917739848,2,1.32432432432,0.579945114934,2,0.00682138246048,0.00271247739602,2,0.0002574002574,0.407811824247,37,37,37,1,0,0.72972972973,0.243243243243,0.027027027027,37,176,0.132132132132,1.32936326157,9.51351351351,17.6,4.75675675676,6.73556737535,0.707999979795,0.340909090909,8.38783976098,1.76335267702,0.771191646192,2.52108227868,0.530000251767,0.286240786241,0.595375966984,0.447865518927,2.16949152542,1.32936326157,0.595375966984,2.16949152542,0.0133727175081,0.00652457590257,5,0.000643500643501,0.413468389903,37,37,37,1,0,0.72972972973,0.27027027027,0,-40,-0.03003003003,0.00503893724233,-2.16216216216,-4,-1.24324324324,-1.46353167426,0.00576232971336,0.030849030849,-1.94149686802,-0.00602443072138,0.00592638092638,-0.565749192028,0.00123745354474,0.033488033488,0.0154308520497,0.00994777907862,0.169491525424,0.00503893724233,0.0154308520497,0.169491525424,0.00120259133793,0.000551879656833,-2,-0.0002574002574,-0.207728191293,0,0.027027027027,-0.027027027027,175,1,41,1115,0.810185185185,0.999103942652,0.00089605734767,0.189814814815,0.994318181818,0.810185185185,0.892857142857,0.880901659124,0.809289127838,0.806451612903,4,44,0,0,0,0
3578,WLNM_dir_neg,0.983600206612,0.854784255599,00:00:03,10,80,48,1237887372,threshold_sweep,0.5,0.75,0.0681818181818,0.125,3,1,41,87,0.0681818181818,0.988636363636,0.0113636363636,0.931818181818,0.75,0.0681818181818,0.125,0.681818181818,0.656565656566,0.0735294117647,0.15625,0.0568181818182,216,172,44,0,216,0,172,0,44,37,216,0.162162162162,1.32432432432,11.6756756757,21.6,6,8.1990990496,0.702237650082,0.31006006006,10.329336629,1.76937710775,0.765265265265,3.0868314707,0.528762798222,0.252752752753,0.579945114934,0.437917739848,2,1.32432432432,0.579945114934,2,0.0121701261701,0.00597269624573,7,0.000900900900901,0.621196581197,37,37,37,1,0,0.72972972973,0.243243243243,0.027027027027,37,0.129129129129,1.32432432432,9.2972972973,17.2,4.77777777778,6.60330247706,0.710238929219,0.336737900691,8.34737555635,1.79565636968,0.776869893149,2.6689179686,0.574127702548,0.307982401006,0.579945114934,0.437917739848,2,1.32432432432,0.579945114934,2,0.00682138246048,0.00271247739602,2,0.0002574002574,0.407811824247,37,37,37,1,0,0.72972972973,0.243243243243,0.027027027027,37,176,0.132132132132,1.32936326157,9.51351351351,17.6,4.75675675676,6.73556737535,0.707999979795,0.340909090909,8.38783976098,1.76335267702,0.771191646192,2.52108227868,0.530000251767,0.286240786241,0.595375966984,0.447865518927,2.16949152542,1.32936326157,0.595375966984,2.16949152542,0.0133727175081,0.00652457590257,5,0.000643500643501,0.413468389903,37,37,37,1,0,0.72972972973,0.27027027027,0,-40,-0.03003003003,0.00503893724233,-2.16216216216,-4,-1.24324324324,-1.46353167426,0.00576232971336,0.030849030849,-1.94149686802,-0.00602443072138,0.00592638092638,-0.565749192028,0.00123745354474,0.033488033488,0.0154308520497,0.00994777907862,0.169491525424,0.00503893724233,0.0154308520497,0.169491525424,0.00120259133793,0.000551879656833,-2,-0.0002574002574,-0.207728191293,0,0.027027027027,-0.027027027027,175,1,41,1115,0.810185185185,0.999103942652,0.00089605734767,0.189814814815,0.994318181818,0.810185185185,0.892857142857,0.880901659124,0.809289127838,0.806451612903,4,44,0,0,0,0
3579,WLNM_dir_neg,0.983600206612,0.854784255599,00:00:03,10,80,48,1237887372,threshold_sweep,0.6,0.75,0.0681818181818,0.125,3,1,41,87,0.0681818181818,0.988636363636,0.0113636363636,0.931818181818,0.75,0.0681818181818,0.125,0.681818181818,0.656565656566,0.0735294117647,0.15625,0.0568181818182,216,172,44,0,216,0,172,0,44,37,216,0.162162162162,1.32432432432,11.6756756757,21.6,6,8.1990990496,0.702237650082,0.31006006006,10.329336629,1.76937710775,0.765265265265,3.0868314707,0.528762798222,0.252752752753,0.579945114934,0.437917739848,2,1.32432432432,0.579945114934,2,0.0121701261701,0.00597269624573,7,0.000900900900901,0.621196581197,37,37,37,1,0,0.72972972973,0.243243243243,0.027027027027,37,0.129129129129,1.32432432432,9.2972972973,17.2,4.77777777778,6.60330247706,0.710238929219,0.336737900691,8.34737555635,1.79565636968,0.776869893149,2.6689179686,0.574127702548,0.307982401006,0.579945114934,0.437917739848,2,1.32432432432,0.579945114934,2,0.00682138246048,0.00271247739602,2,0.0002574002574,0.407811824247,37,37,37,1,0,0.72972972973,0.243243243243,0.027027027027,37,176,0.132132132132,1.32936326157,9.51351351351,17.6,4.75675675676,6.73556737535,0.707999979795,0.340909090909,8.38783976098,1.76335267702,0.771191646192,2.52108227868,0.530000251767,0.286240786241,0.595375966984,0.447865518927,2.16949152542,1.32936326157,0.595375966984,2.16949152542,0.0133727175081,0.00652457590257,5,0.000643500643501,0.413468389903,37,37,37,1,0,0.72972972973,0.27027027027,0,-40,-0.03003003003,0.00503893724233,-2.16216216216,-4,-1.24324324324,-1.46353167426,0.00576232971336,0.030849030849,-1.94149686802,-0.00602443072138,0.00592638092638,-0.565749192028,0.00123745354474,0.033488033488,0.0154308520497,0.00994777907862,0.169491525424,0.00503893724233,0.0154308520497,0.169491525424,0.00120259133793,0.000551879656833,-2,-0.0002574002574,-0.207728191293,0,0.027027027027,-0.027027027027,175,1,41,1115,0.810185185185,0.999103942652,0.00089605734767,0.189814814815,0.994318181818,0.810185185185,0.892857142857,0.880901659124,0.809289127838,0.806451612903,4,44,0,0,0,0
3580,WLNM_dir_neg,0.983600206612,0.854784255599,00:00:03,10,80,48,1237887372,threshold_sweep,0.7,0.75,0.0681818181818,0.125,3,1,41,87,0.0681818181818,0.988636363636,0.0113636363636,0.931818181818,0.75,0.0681818181818,0.125,0.681818181818,0.656565656566,0.0735294117647,0.15625,0.0568181818182,216,172,44,0,216,0,172,0,44,37,216,0.162162162162,1.32432432432,11.6756756757,21.6,6,8.1990990496,0.702237650082,0.31006006006,10.329336629,1.76937710775,0.765265265265,3.0868314707,0.528762798222,0.252752752753,0.579945114934,0.437917739848,2,1.32432432432,0.579945114934,2,0.0121701261701,0.00597269624573,7,0.000900900900901,0.621196581197,37,37,37,1,0,0.72972972973,0.243243243243,0.027027027027,37,0.129129129129,1.32432432432,9.2972972973,17.2,4.77777777778,6.60330247706,0.710238929219,0.336737900691,8.34737555635,1.79565636968,0.776869893149,2.6689179686,0.574127702548,0.307982401006,0.579945114934,0.437917739848,2,1.32432432432,0.579945114934,2,0.00682138246048,0.00271247739602,2,0.0002574002574,0.407811824247,37,37,37,1,0,0.72972972973,0.243243243243,0.027027027027,37,176,0.132132132132,1.32936326157,9.51351351351,17.6,4.75675675676,6.73556737535,0.707999979795,0.340909090909,8.38783976098,1.76335267702,0.771191646192,2.52108227868,0.530000251767,0.286240786241,0.595375966984,0.447865518927,2.16949152542,1.32936326157,0.595375966984,2.16949152542,0.0133727175081,0.00652457590257,5,0.000643500643501,0.413468389903,37,37,37,1,0,0.72972972973,0.27027027027,0,-40,-0.03003003003,0.00503893724233,-2.16216216216,-4,-1.24324324324,-1.46353167426,0.00576232971336,0.030849030849,-1.94149686802,-0.00602443072138,0.00592638092638,-0.565749192028,0.00123745354474,0.033488033488,0.0154308520497,0.00994777907862,0.169491525424,0.00503893724233,0.0154308520497,0.169491525424,0.00120259133793,0.000551879656833,-2,-0.0002574002574,-0.207728191293,0,0.027027027027,-0.027027027027,175,1,41,1115,0.810185185185,0.999103942652,0.00089605734767,0.189814814815,0.994318181818,0.810185185185,0.892857142857,0.880901659124,0.809289127838,0.806451612903,4,44,0,0,0,0
3581,WLNM_dir_neg,0.983600206612,0.854784255599,00:00:03,10,80,48,1237887372,threshold_sweep,0.8,0.75,0.0681818181818,0.125,3,1,41,87,0.0681818181818,0.988636363636,0.0113636363636,0.931818181818,0.75,0.0681818181818,0.125,0.681818181818,0.656565656566,0.0735294117647,0.15625,0.0568181818182,216,172,44,0,216,0,172,0,44,37,216,0.162162162162,1.32432432432,11.6756756757,21.6,6,8.1990990496,0.702237650082,0.31006006006,10.329336629,1.76937710775,0.765265265265,3.0868314707,0.528762798222,0.252752752753,0.579945114934,0.437917739848,2,1.32432432432,0.579945114934,2,0.0121701261701,0.00597269624573,7,0.000900900900901,0.621196581197,37,37,37,1,0,0.72972972973,0.243243243243,0.027027027027,37,0.129129129129,1.32432432432,9.2972972973,17.2,4.77777777778,6.60330247706,0.710238929219,0.336737900691,8.34737555635,1.79565636968,0.776869893149,2.6689179686,0.574127702548,0.307982401006,0.579945114934,0.437917739848,2,1.32432432432,0.579945114934,2,0.00682138246048,0.00271247739602,2,0.0002574002574,0.407811824247,37,37,37,1,0,0.72972972973,0.243243243243,0.027027027027,37,176,0.132132132132,1.32936326157,9.51351351351,17.6,4.75675675676,6.73556737535,0.707999979795,0.340909090909,8.38783976098,1.76335267702,0.771191646192,2.52108227868,0.530000251767,0.286240786241,0.595375966984,0.447865518927,2.16949152542,1.32936326157,0.595375966984,2.16949152542,0.0133727175081,0.00652457590257,5,0.000643500643501,0.413468389903,37,37,37,1,0,0.72972972973,0.27027027027,0,-40,-0.03003003003,0.00503893724233,-2.16216216216,-4,-1.24324324324,-1.46353167426,0.00576232971336,0.030849030849,-1.94149686802,-0.00602443072138,0.00592638092638,-0.565749192028,0.00123745354474,0.033488033488,0.0154308520497,0.00994777907862,0.169491525424,0.00503893724233,0.0154308520497,0.169491525424,0.00120259133793,0.000551879656833,-2,-0.0002574002574,-0.207728191293,0,0.027027027027,-0.027027027027,175,1,41,1115,0.810185185185,0.999103942652,0.00089605734767,0.189814814815,0.994318181818,0.810185185185,0.892857142857,0.880901659124,0.809289127838,0.806451612903,4,44,0,0,0,0
3582,WLNM_dir_neg,0.983600206612,0.854784255599,00:00:03,10,80,48,1237887372,threshold_sweep,0.9,0,0,0,0,1,44,87,0,0.988636363636,0.0113636363636,1,0,0,0,0.659090909091,0.664141414141,-0.015037593985,-0.0617802063215,-0.0113636363636,216,172,44,0,216,0,172,0,44,37,216,0.162162162162,1.32432432432,11.6756756757,21.6,6,8.1990990496,0.702237650082,0.31006006006,10.329336629,1.76937710775,0.765265265265,3.0868314707,0.528762798222,0.252752752753,0.579945114934,0.437917739848,2,1.32432432432,0.579945114934,2,0.0121701261701,0.00597269624573,7,0.000900900900901,0.621196581197,37,37,37,1,0,0.72972972973,0.243243243243,0.027027027027,37,0.129129129129,1.32432432432,9.2972972973,17.2,4.77777777778,6.60330247706,0.710238929219,0.336737900691,8.34737555635,1.79565636968,0.776869893149,2.6689179686,0.574127702548,0.307982401006,0.579945114934,0.437917739848,2,1.32432432432,0.579945114934,2,0.00682138246048,0.00271247739602,2,0.0002574002574,0.407811824247,37,37,37,1,0,0.72972972973,0.243243243243,0.027027027027,37,173,0.12987987988,1.32959789057,9.35135135135,17.3,4.67567567568,6.58371820063,0.704039229547,0.335260115607,8.35016318554,1.78587305124,0.775191376347,2.62524130165,0.561467792839,0.300578034682,0.596069196541,0.448307868693,2.17073170732,1.32959789057,0.596069196541,2.17073170732,0.00682138246048,0.00271247739602,2,0.0002574002574,0.407407783843,37,37,37,1,0,0.72972972973,0.27027027027,0,-43,-0.0322822822823,0.00527356624918,-2.32432432432,-4.3,-1.32432432432,-1.61538084897,0.00180157946559,0.0252000555469,-1.97917344346,0.0164959434983,0.00992611108218,-0.461590169053,0.0327049946161,0.0478252819293,0.0161240816068,0.0103901288442,0.170731707317,0.00527356624918,0.0161240816068,0.170731707317,-0.00534874370965,-0.00326021884971,-5,-0.000643500643501,-0.213788797354,0,0.027027027027,-0.027027027027,172,1,44,1115,0.796296296296,0.999103942652,0.00089605734767,0.203703703704,0.994219653179,0.796296296296,0.884318766067,0.872127378568,0.795400238949,0.792626728111,1,44,0,0,0,0
3583,WLNM_dir_neg,0.994705578512,0.966919191919,00:00:03,10,80,49,1237887373,threshold_sweep,0.1,1,0.0227272727273,0.0444444444444,1,0,43,88,0.0227272727273,1,0,0.977272727273,1,0.0227272727273,0.0444444444444,0.674242424242,0.664141414141,0.0300751879699,0.123560412643,0.0227272727273,216,172,44,0,216,0,172,0,44,37,216,0.162162162162,1.32432432432,11.6756756757,21.6,6,8.1990990496,0.702237650082,0.31006006006,10.329336629,1.76937710775,0.765265265265,3.0868314707,0.528762798222,0.252752752753,0.579945114934,0.437917739848,2,1.32432432432,0.579945114934,2,0.0121701261701,0.00597269624573,7,0.000900900900901,0.621196581197,37,37,37,1,0,0.72972972973,0.243243243243,0.027027027027,37,0.129129129129,1.3277027027,9.2972972973,17.2,5.05882352941,6.69105897973,0.719677855378,0.344594594595,8.2536733109,1.7754994913,0.773098680075,2.58431396674,0.555928004473,0.303268384664,0.590250176002,0.444565018057,2.125,1.33680555556,0.595983164645,2.125,0.0151084329439,0.00806090461263,6,0.000772200772201,0.409521599174,37,36,36,0.972972972973,0,0.702702702703,0.216216216216,0.0540540540541,37,173,0.12987987988,1.3277027027,9.35135135135,17.3,4.94285714286,6.72976892544,0.719657370639,0.345571004531,8.25985624725,1.76655885057,0.771441962193,2.53918243682,0.543062139666,0.296516169349,0.590250176002,0.444565018057,2.125,1.33680555556,0.595983164645,2.125,0.0130676166174,0.00796460176991,6,0.000772200772201,0.407669747322,37,36,36,0.972972972973,0,0.702702702703,0.243243243243,0.027027027027,-43,-0.0322822822823,0.00337837837838,-2.32432432432,-4.3,-1.05714285714,-1.46933012417,0.0174197205574,0.0355109444705,-2.06948038175,-0.00281825717753,0.00617669692814,-0.547649033886,0.0142993414439,0.0437634165958,0.0103050610674,0.00664727820894,0.125,0.0124812312312,0.0160380497101,0.125,0.000897490447286,0.00199190552418,-1,-0.0001287001287,-0.213526833875,-0.027027027027,0,0,173,0,43,1116,0.800925925926,1,0,0.199074074074,1,0.800925925926,0.889460154242,0.878186092989,0.800925925926,0.800925925926,1,44,0,0,0,0
3584,WLNM_dir_neg,0.994705578512,0.966919191919,00:00:03,10,80,49,1237887373,threshold_sweep,0.2,1,0.0227272727273,0.0444444444444,1,0,43,88,0.0227272727273,1,0,0.977272727273,1,0.0227272727273,0.0444444444444,0.674242424242,0.664141414141,0.0300751879699,0.123560412643,0.0227272727273,216,172,44,0,216,0,172,0,44,37,216,0.162162162162,1.32432432432,11.6756756757,21.6,6,8.1990990496,0.702237650082,0.31006006006,10.329336629,1.76937710775,0.765265265265,3.0868314707,0.528762798222,0.252752752753,0.579945114934,0.437917739848,2,1.32432432432,0.579945114934,2,0.0121701261701,0.00597269624573,7,0.000900900900901,0.621196581197,37,37,37,1,0,0.72972972973,0.243243243243,0.027027027027,37,0.129129129129,1.3277027027,9.2972972973,17.2,5.05882352941,6.69105897973,0.719677855378,0.344594594595,8.2536733109,1.7754994913,0.773098680075,2.58431396674,0.555928004473,0.303268384664,0.590250176002,0.444565018057,2.125,1.33680555556,0.595983164645,2.125,0.0151084329439,0.00806090461263,6,0.000772200772201,0.409521599174,37,36,36,0.972972972973,0,0.702702702703,0.216216216216,0.0540540540541,37,173,0.12987987988,1.3277027027,9.35135135135,17.3,4.94285714286,6.72976892544,0.719657370639,0.345571004531,8.25985624725,1.76655885057,0.771441962193,2.53918243682,0.543062139666,0.296516169349,0.590250176002,0.444565018057,2.125,1.33680555556,0.595983164645,2.125,0.0130676166174,0.00796460176991,6,0.000772200772201,0.407669747322,37,36,36,0.972972972973,0,0.702702702703,0.243243243243,0.027027027027,-43,-0.0322822822823,0.00337837837838,-2.32432432432,-4.3,-1.05714285714,-1.46933012417,0.0174197205574,0.0355109444705,-2.06948038175,-0.00281825717753,0.00617669692814,-0.547649033886,0.0142993414439,0.0437634165958,0.0103050610674,0.00664727820894,0.125,0.0124812312312,0.0160380497101,0.125,0.000897490447286,0.00199190552418,-1,-0.0001287001287,-0.213526833875,-0.027027027027,0,0,173,0,43,1116,0.800925925926,1,0,0.199074074074,1,0.800925925926,0.889460154242,0.878186092989,0.800925925926,0.800925925926,1,44,0,0,0,0
3585,WLNM_dir_neg,0.994705578512,0.966919191919,00:00:03,10,80,49,1237887373,threshold_sweep,0.3,1,0.0227272727273,0.0444444444444,1,0,43,88,0.0227272727273,1,0,0.977272727273,1,0.0227272727273,0.0444444444444,0.674242424242,0.664141414141,0.0300751879699,0.123560412643,0.0227272727273,216,172,44,0,216,0,172,0,44,37,216,0.162162162162,1.32432432432,11.6756756757,21.6,6,8.1990990496,0.702237650082,0.31006006006,10.329336629,1.76937710775,0.765265265265,3.0868314707,0.528762798222,0.252752752753,0.579945114934,0.437917739848,2,1.32432432432,0.579945114934,2,0.0121701261701,0.00597269624573,7,0.000900900900901,0.621196581197,37,37,37,1,0,0.72972972973,0.243243243243,0.027027027027,37,0.129129129129,1.3277027027,9.2972972973,17.2,5.05882352941,6.69105897973,0.719677855378,0.344594594595,8.2536733109,1.7754994913,0.773098680075,2.58431396674,0.555928004473,0.303268384664,0.590250176002,0.444565018057,2.125,1.33680555556,0.595983164645,2.125,0.0151084329439,0.00806090461263,6,0.000772200772201,0.409521599174,37,36,36,0.972972972973,0,0.702702702703,0.216216216216,0.0540540540541,37,173,0.12987987988,1.3277027027,9.35135135135,17.3,4.94285714286,6.72976892544,0.719657370639,0.345571004531,8.25985624725,1.76655885057,0.771441962193,2.53918243682,0.543062139666,0.296516169349,0.590250176002,0.444565018057,2.125,1.33680555556,0.595983164645,2.125,0.0130676166174,0.00796460176991,6,0.000772200772201,0.407669747322,37,36,36,0.972972972973,0,0.702702702703,0.243243243243,0.027027027027,-43,-0.0322822822823,0.00337837837838,-2.32432432432,-4.3,-1.05714285714,-1.46933012417,0.0174197205574,0.0355109444705,-2.06948038175,-0.00281825717753,0.00617669692814,-0.547649033886,0.0142993414439,0.0437634165958,0.0103050610674,0.00664727820894,0.125,0.0124812312312,0.0160380497101,0.125,0.000897490447286,0.00199190552418,-1,-0.0001287001287,-0.213526833875,-0.027027027027,0,0,173,0,43,1116,0.800925925926,1,0,0.199074074074,1,0.800925925926,0.889460154242,0.878186092989,0.800925925926,0.800925925926,1,44,0,0,0,0
3586,WLNM_dir_neg,0.994705578512,0.966919191919,00:00:03,10,80,49,1237887373,threshold_sweep,0.4,1,0.0227272727273,0.0444444444444,1,0,43,88,0.0227272727273,1,0,0.977272727273,1,0.0227272727273,0.0444444444444,0.674242424242,0.664141414141,0.0300751879699,0.123560412643,0.0227272727273,216,172,44,0,216,0,172,0,44,37,216,0.162162162162,1.32432432432,11.6756756757,21.6,6,8.1990990496,0.702237650082,0.31006006006,10.329336629,1.76937710775,0.765265265265,3.0868314707,0.528762798222,0.252752752753,0.579945114934,0.437917739848,2,1.32432432432,0.579945114934,2,0.0121701261701,0.00597269624573,7,0.000900900900901,0.621196581197,37,37,37,1,0,0.72972972973,0.243243243243,0.027027027027,37,0.129129129129,1.3277027027,9.2972972973,17.2,5.05882352941,6.69105897973,0.719677855378,0.344594594595,8.2536733109,1.7754994913,0.773098680075,2.58431396674,0.555928004473,0.303268384664,0.590250176002,0.444565018057,2.125,1.33680555556,0.595983164645,2.125,0.0151084329439,0.00806090461263,6,0.000772200772201,0.409521599174,37,36,36,0.972972972973,0,0.702702702703,0.216216216216,0.0540540540541,37,173,0.12987987988,1.3277027027,9.35135135135,17.3,4.94285714286,6.72976892544,0.719657370639,0.345571004531,8.25985624725,1.76655885057,0.771441962193,2.53918243682,0.543062139666,0.296516169349,0.590250176002,0.444565018057,2.125,1.33680555556,0.595983164645,2.125,0.0130676166174,0.00796460176991,6,0.000772200772201,0.407669747322,37,36,36,0.972972972973,0,0.702702702703,0.243243243243,0.027027027027,-43,-0.0322822822823,0.00337837837838,-2.32432432432,-4.3,-1.05714285714,-1.46933012417,0.0174197205574,0.0355109444705,-2.06948038175,-0.00281825717753,0.00617669692814,-0.547649033886,0.0142993414439,0.0437634165958,0.0103050610674,0.00664727820894,0.125,0.0124812312312,0.0160380497101,0.125,0.000897490447286,0.00199190552418,-1,-0.0001287001287,-0.213526833875,-0.027027027027,0,0,173,0,43,1116,0.800925925926,1,0,0.199074074074,1,0.800925925926,0.889460154242,0.878186092989,0.800925925926,0.800925925926,1,44,0,0,0,0
3587,WLNM_dir_neg,0.994705578512,0.966919191919,00:00:03,10,80,49,1237887373,threshold_sweep,0.5,1,0.0227272727273,0.0444444444444,1,0,43,88,0.0227272727273,1,0,0.977272727273,1,0.0227272727273,0.0444444444444,0.674242424242,0.664141414141,0.0300751879699,0.123560412643,0.0227272727273,216,172,44,0,216,0,172,0,44,37,216,0.162162162162,1.32432432432,11.6756756757,21.6,6,8.1990990496,0.702237650082,0.31006006006,10.329336629,1.76937710775,0.765265265265,3.0868314707,0.528762798222,0.252752752753,0.579945114934,0.437917739848,2,1.32432432432,0.579945114934,2,0.0121701261701,0.00597269624573,7,0.000900900900901,0.621196581197,37,37,37,1,0,0.72972972973,0.243243243243,0.027027027027,37,0.129129129129,1.3277027027,9.2972972973,17.2,5.05882352941,6.69105897973,0.719677855378,0.344594594595,8.2536733109,1.7754994913,0.773098680075,2.58431396674,0.555928004473,0.303268384664,0.590250176002,0.444565018057,2.125,1.33680555556,0.595983164645,2.125,0.0151084329439,0.00806090461263,6,0.000772200772201,0.409521599174,37,36,36,0.972972972973,0,0.702702702703,0.216216216216,0.0540540540541,37,173,0.12987987988,1.3277027027,9.35135135135,17.3,4.94285714286,6.72976892544,0.719657370639,0.345571004531,8.25985624725,1.76655885057,0.771441962193,2.53918243682,0.543062139666,0.296516169349,0.590250176002,0.444565018057,2.125,1.33680555556,0.595983164645,2.125,0.0130676166174,0.00796460176991,6,0.000772200772201,0.407669747322,37,36,36,0.972972972973,0,0.702702702703,0.243243243243,0.027027027027,-43,-0.0322822822823,0.00337837837838,-2.32432432432,-4.3,-1.05714285714,-1.46933012417,0.0174197205574,0.0355109444705,-2.06948038175,-0.00281825717753,0.00617669692814,-0.547649033886,0.0142993414439,0.0437634165958,0.0103050610674,0.00664727820894,0.125,0.0124812312312,0.0160380497101,0.125,0.000897490447286,0.00199190552418,-1,-0.0001287001287,-0.213526833875,-0.027027027027,0,0,173,0,43,1116,0.800925925926,1,0,0.199074074074,1,0.800925925926,0.889460154242,0.878186092989,0.800925925926,0.800925925926,1,44,0,0,0,0
3588,WLNM_dir_neg,0.994705578512,0.966919191919,00:00:03,10,80,49,1237887373,threshold_sweep,0.6,1,0.0227272727273,0.0444444444444,1,0,43,88,0.0227272727273,1,0,0.977272727273,1,0.0227272727273,0.0444444444444,0.674242424242,0.664141414141,0.0300751879699,0.123560412643,0.0227272727273,216,172,44,0,216,0,172,0,44,37,216,0.162162162162,1.32432432432,11.6756756757,21.6,6,8.1990990496,0.702237650082,0.31006006006,10.329336629,1.76937710775,0.765265265265,3.0868314707,0.528762798222,0.252752752753,0.579945114934,0.437917739848,2,1.32432432432,0.579945114934,2,0.0121701261701,0.00597269624573,7,0.000900900900901,0.621196581197,37,37,37,1,0,0.72972972973,0.243243243243,0.027027027027,37,0.129129129129,1.3277027027,9.2972972973,17.2,5.05882352941,6.69105897973,0.719677855378,0.344594594595,8.2536733109,1.7754994913,0.773098680075,2.58431396674,0.555928004473,0.303268384664,0.590250176002,0.444565018057,2.125,1.33680555556,0.595983164645,2.125,0.0151084329439,0.00806090461263,6,0.000772200772201,0.409521599174,37,36,36,0.972972972973,0,0.702702702703,0.216216216216,0.0540540540541,37,173,0.12987987988,1.3277027027,9.35135135135,17.3,4.94285714286,6.72976892544,0.719657370639,0.345571004531,8.25985624725,1.76655885057,0.771441962193,2.53918243682,0.543062139666,0.296516169349,0.590250176002,0.444565018057,2.125,1.33680555556,0.595983164645,2.125,0.0130676166174,0.00796460176991,6,0.000772200772201,0.407669747322,37,36,36,0.972972972973,0,0.702702702703,0.243243243243,0.027027027027,-43,-0.0322822822823,0.00337837837838,-2.32432432432,-4.3,-1.05714285714,-1.46933012417,0.0174197205574,0.0355109444705,-2.06948038175,-0.00281825717753,0.00617669692814,-0.547649033886,0.0142993414439,0.0437634165958,0.0103050610674,0.00664727820894,0.125,0.0124812312312,0.0160380497101,0.125,0.000897490447286,0.00199190552418,-1,-0.0001287001287,-0.213526833875,-0.027027027027,0,0,173,0,43,1116,0.800925925926,1,0,0.199074074074,1,0.800925925926,0.889460154242,0.878186092989,0.800925925926,0.800925925926,1,44,0,0,0,0
3589,WLNM_dir_neg,0.994705578512,0.966919191919,00:00:03,10,80,49,1237887373,threshold_sweep,0.7,1,0.0227272727273,0.0444444444444,1,0,43,88,0.0227272727273,1,0,0.977272727273,1,0.0227272727273,0.0444444444444,0.674242424242,0.664141414141,0.0300751879699,0.123560412643,0.0227272727273,216,172,44,0,216,0,172,0,44,37,216,0.162162162162,1.32432432432,11.6756756757,21.6,6,8.1990990496,0.702237650082,0.31006006006,10.329336629,1.76937710775,0.765265265265,3.0868314707,0.528762798222,0.252752752753,0.579945114934,0.437917739848,2,1.32432432432,0.579945114934,2,0.0121701261701,0.00597269624573,7,0.000900900900901,0.621196581197,37,37,37,1,0,0.72972972973,0.243243243243,0.027027027027,37,0.129129129129,1.3277027027,9.2972972973,17.2,5.05882352941,6.69105897973,0.719677855378,0.344594594595,8.2536733109,1.7754994913,0.773098680075,2.58431396674,0.555928004473,0.303268384664,0.590250176002,0.444565018057,2.125,1.33680555556,0.595983164645,2.125,0.0151084329439,0.00806090461263,6,0.000772200772201,0.409521599174,37,36,36,0.972972972973,0,0.702702702703,0.216216216216,0.0540540540541,37,173,0.12987987988,1.3277027027,9.35135135135,17.3,4.94285714286,6.72976892544,0.719657370639,0.345571004531,8.25985624725,1.76655885057,0.771441962193,2.53918243682,0.543062139666,0.296516169349,0.590250176002,0.444565018057,2.125,1.33680555556,0.595983164645,2.125,0.0130676166174,0.00796460176991,6,0.000772200772201,0.407669747322,37,36,36,0.972972972973,0,0.702702702703,0.243243243243,0.027027027027,-43,-0.0322822822823,0.00337837837838,-2.32432432432,-4.3,-1.05714285714,-1.46933012417,0.0174197205574,0.0355109444705,-2.06948038175,-0.00281825717753,0.00617669692814,-0.547649033886,0.0142993414439,0.0437634165958,0.0103050610674,0.00664727820894,0.125,0.0124812312312,0.0160380497101,0.125,0.000897490447286,0.00199190552418,-1,-0.0001287001287,-0.213526833875,-0.027027027027,0,0,173,0,43,1116,0.800925925926,1,0,0.199074074074,1,0.800925925926,0.889460154242,0.878186092989,0.800925925926,0.800925925926,1,44,0,0,0,0
3590,WLNM_dir_neg,0.994705578512,0.966919191919,00:00:03,10,80,49,1237887373,threshold_sweep,0.8,1,0.0227272727273,0.0444444444444,1,0,43,88,0.0227272727273,1,0,0.977272727273,1,0.0227272727273,0.0444444444444,0.674242424242,0.664141414141,0.0300751879699,0.123560412643,0.0227272727273,216,172,44,0,216,0,172,0,44,37,216,0.162162162162,1.32432432432,11.6756756757,21.6,6,8.1990990496,0.702237650082,0.31006006006,10.329336629,1.76937710775,0.765265265265,3.0868314707,0.528762798222,0.252752752753,0.579945114934,0.437917739848,2,1.32432432432,0.579945114934,2,0.0121701261701,0.00597269624573,7,0.000900900900901,0.621196581197,37,37,37,1,0,0.72972972973,0.243243243243,0.027027027027,37,0.129129129129,1.3277027027,9.2972972973,17.2,5.05882352941,6.69105897973,0.719677855378,0.344594594595,8.2536733109,1.7754994913,0.773098680075,2.58431396674,0.555928004473,0.303268384664,0.590250176002,0.444565018057,2.125,1.33680555556,0.595983164645,2.125,0.0151084329439,0.00806090461263,6,0.000772200772201,0.409521599174,37,36,36,0.972972972973,0,0.702702702703,0.216216216216,0.0540540540541,37,173,0.12987987988,1.3277027027,9.35135135135,17.3,4.94285714286,6.72976892544,0.719657370639,0.345571004531,8.25985624725,1.76655885057,0.771441962193,2.53918243682,0.543062139666,0.296516169349,0.590250176002,0.444565018057,2.125,1.33680555556,0.595983164645,2.125,0.0130676166174,0.00796460176991,6,0.000772200772201,0.407669747322,37,36,36,0.972972972973,0,0.702702702703,0.243243243243,0.027027027027,-43,-0.0322822822823,0.00337837837838,-2.32432432432,-4.3,-1.05714285714,-1.46933012417,0.0174197205574,0.0355109444705,-2.06948038175,-0.00281825717753,0.00617669692814,-0.547649033886,0.0142993414439,0.0437634165958,0.0103050610674,0.00664727820894,0.125,0.0124812312312,0.0160380497101,0.125,0.000897490447286,0.00199190552418,-1,-0.0001287001287,-0.213526833875,-0.027027027027,0,0,173,0,43,1116,0.800925925926,1,0,0.199074074074,1,0.800925925926,0.889460154242,0.878186092989,0.800925925926,0.800925925926,1,44,0,0,0,0
3591,WLNM_dir_neg,0.994705578512,0.966919191919,00:00:03,10,80,49,1237887373,threshold_sweep,0.9,1,0.0227272727273,0.0444444444444,1,0,43,88,0.0227272727273,1,0,0.977272727273,1,0.0227272727273,0.0444444444444,0.674242424242,0.664141414141,0.0300751879699,0.123560412643,0.0227272727273,216,172,44,0,216,0,172,0,44,37,216,0.162162162162,1.32432432432,11.6756756757,21.6,6,8.1990990496,0.702237650082,0.31006006006,10.329336629,1.76937710775,0.765265265265,3.0868314707,0.528762798222,0.252752752753,0.579945114934,0.437917739848,2,1.32432432432,0.579945114934,2,0.0121701261701,0.00597269624573,7,0.000900900900901,0.621196581197,37,37,37,1,0,0.72972972973,0.243243243243,0.027027027027,37,0.129129129129,1.3277027027,9.2972972973,17.2,5.05882352941,6.69105897973,0.719677855378,0.344594594595,8.2536733109,1.7754994913,0.773098680075,2.58431396674,0.555928004473,0.303268384664,0.590250176002,0.444565018057,2.125,1.33680555556,0.595983164645,2.125,0.0151084329439,0.00806090461263,6,0.000772200772201,0.409521599174,37,36,36,0.972972972973,0,0.702702702703,0.216216216216,0.0540540540541,37,173,0.12987987988,1.3277027027,9.35135135135,17.3,4.94285714286,6.72976892544,0.719657370639,0.345571004531,8.25985624725,1.76655885057,0.771441962193,2.53918243682,0.543062139666,0.296516169349,0.590250176002,0.444565018057,2.125,1.33680555556,0.595983164645,2.125,0.0130676166174,0.00796460176991,6,0.000772200772201,0.407669747322,37,36,36,0.972972972973,0,0.702702702703,0.243243243243,0.027027027027,-43,-0.0322822822823,0.00337837837838,-2.32432432432,-4.3,-1.05714285714,-1.46933012417,0.0174197205574,0.0355109444705,-2.06948038175,-0.00281825717753,0.00617669692814,-0.547649033886,0.0142993414439,0.0437634165958,0.0103050610674,0.00664727820894,0.125,0.0124812312312,0.0160380497101,0.125,0.000897490447286,0.00199190552418,-1,-0.0001287001287,-0.213526833875,-0.027027027027,0,0,173,0,43,1116,0.800925925926,1,0,0.199074074074,1,0.800925925926,0.889460154242,0.878186092989,0.800925925926,0.800925925926,1,44,0,0,0,0
3592,WLNM_dir_neg,0.99444731405,0.966173094582,00:00:03,10,80,50,1237887374,threshold_sweep,0.1,1,0.0227272727273,0.0444444444444,1,0,43,88,0.0227272727273,1,0,0.977272727273,1,0.0227272727273,0.0444444444444,0.674242424242,0.664141414141,0.0300751879699,0.123560412643,0.0227272727273,216,172,44,0,216,0,172,0,44,37,216,0.162162162162,1.32432432432,11.6756756757,21.6,6,8.1990990496,0.702237650082,0.31006006006,10.329336629,1.76937710775,0.765265265265,3.0868314707,0.528762798222,0.252752752753,0.579945114934,0.437917739848,2,1.32432432432,0.579945114934,2,0.0121701261701,0.00597269624573,7,0.000900900900901,0.621196581197,37,37,37,1,0,0.72972972973,0.243243243243,0.027027027027,37,0.129129129129,1.32046332046,9.2972972973,17.2,5.21212121212,6.70764433259,0.721461745075,0.346323067253,8.2435706133,1.77332623658,0.771841609051,2.6689179686,0.574127702548,0.314582023884,0.56884874529,0.430794810029,2,1.32936507937,0.574298349383,2,0,0,0,0,0.42274674279,37,36,36,0.972972972973,0,0.702702702703,0.189189189189,0.0810810810811,37,173,0.12987987988,1.32094594595,9.35135135135,17.3,5.24242424242,6.74214034684,0.720980326107,0.346977034838,8.25312753531,1.76511976189,0.770504608655,2.63580110165,0.563726247173,0.308701765349,0.570194700955,0.431656346503,2,1.32986111111,0.575661713796,2,0,0,0,0,0.425524520568,37,36,36,0.972972972973,0,0.702702702703,0.189189189189,0.0810810810811,-43,-0.0322822822823,-0.00337837837838,-2.32432432432,-4.3,-0.757575757576,-1.45695870277,0.0187426760251,0.0369169747782,-2.07620909369,-0.00425734585793,0.00523934338963,-0.451030369056,0.0349634489508,0.0559490125964,-0.0097504139796,-0.00626139334556,0,0.00553678678679,-0.00428340113879,0,-0.0121701261701,-0.00597269624573,-7,-0.000900900900901,-0.195672060629,-0.027027027027,-0.0540540540541,0.0540540540541,173,0,43,1116,0.800925925926,1,0,0.199074074074,1,0.800925925926,0.889460154242,0.878186092989,0.800925925926,0.800925925926,1,44,0,0,0,0
3593,WLNM_dir_neg,0.99444731405,0.966173094582,00:00:03,10,80,50,1237887374,threshold_sweep,0.2,1,0.0227272727273,0.0444444444444,1,0,43,88,0.0227272727273,1,0,0.977272727273,1,0.0227272727273,0.0444444444444,0.674242424242,0.664141414141,0.0300751879699,0.123560412643,0.0227272727273,216,172,44,0,216,0,172,0,44,37,216,0.162162162162,1.32432432432,11.6756756757,21.6,6,8.1990990496,0.702237650082,0.31006006006,10.329336629,1.76937710775,0.765265265265,3.0868314707,0.528762798222,0.252752752753,0.579945114934,0.437917739848,2,1.32432432432,0.579945114934,2,0.0121701261701,0.00597269624573,7,0.000900900900901,0.621196581197,37,37,37,1,0,0.72972972973,0.243243243243,0.027027027027,37,0.129129129129,1.32046332046,9.2972972973,17.2,5.21212121212,6.70764433259,0.721461745075,0.346323067253,8.2435706133,1.77332623658,0.771841609051,2.6689179686,0.574127702548,0.314582023884,0.56884874529,0.430794810029,2,1.32936507937,0.574298349383,2,0,0,0,0,0.42274674279,37,36,36,0.972972972973,0,0.702702702703,0.189189189189,0.0810810810811,37,173,0.12987987988,1.32094594595,9.35135135135,17.3,5.24242424242,6.74214034684,0.720980326107,0.346977034838,8.25312753531,1.76511976189,0.770504608655,2.63580110165,0.563726247173,0.308701765349,0.570194700955,0.431656346503,2,1.32986111111,0.575661713796,2,0,0,0,0,0.425524520568,37,36,36,0.972972972973,0,0.702702702703,0.189189189189,0.0810810810811,-43,-0.0322822822823,-0.00337837837838,-2.32432432432,-4.3,-0.757575757576,-1.45695870277,0.0187426760251,0.0369169747782,-2.07620909369,-0.00425734585793,0.00523934338963,-0.451030369056,0.0349634489508,0.0559490125964,-0.0097504139796,-0.00626139334556,0,0.00553678678679,-0.00428340113879,0,-0.0121701261701,-0.00597269624573,-7,-0.000900900900901,-0.195672060629,-0.027027027027,-0.0540540540541,0.0540540540541,173,0,43,1116,0.800925925926,1,0,0.199074074074,1,0.800925925926,0.889460154242,0.878186092989,0.800925925926,0.800925925926,1,44,0,0,0,0
3594,WLNM_dir_neg,0.99444731405,0.966173094582,00:00:03,10,80,50,1237887374,threshold_sweep,0.3,1,0.0227272727273,0.0444444444444,1,0,43,88,0.0227272727273,1,0,0.977272727273,1,0.0227272727273,0.0444444444444,0.674242424242,0.664141414141,0.0300751879699,0.123560412643,0.0227272727273,216,172,44,0,216,0,172,0,44,37,216,0.162162162162,1.32432432432,11.6756756757,21.6,6,8.1990990496,0.702237650082,0.31006006006,10.329336629,1.76937710775,0.765265265265,3.0868314707,0.528762798222,0.252752752753,0.579945114934,0.437917739848,2,1.32432432432,0.579945114934,2,0.0121701261701,0.00597269624573,7,0.000900900900901,0.621196581197,37,37,37,1,0,0.72972972973,0.243243243243,0.027027027027,37,0.129129129129,1.32046332046,9.2972972973,17.2,5.21212121212,6.70764433259,0.721461745075,0.346323067253,8.2435706133,1.77332623658,0.771841609051,2.6689179686,0.574127702548,0.314582023884,0.56884874529,0.430794810029,2,1.32936507937,0.574298349383,2,0,0,0,0,0.42274674279,37,36,36,0.972972972973,0,0.702702702703,0.189189189189,0.0810810810811,37,173,0.12987987988,1.32094594595,9.35135135135,17.3,5.24242424242,6.74214034684,0.720980326107,0.346977034838,8.25312753531,1.76511976189,0.770504608655,2.63580110165,0.563726247173,0.308701765349,0.570194700955,0.431656346503,2,1.32986111111,0.575661713796,2,0,0,0,0,0.425524520568,37,36,36,0.972972972973,0,0.702702702703,0.189189189189,0.0810810810811,-43,-0.0322822822823,-0.00337837837838,-2.32432432432,-4.3,-0.757575757576,-1.45695870277,0.0187426760251,0.0369169747782,-2.07620909369,-0.00425734585793,0.00523934338963,-0.451030369056,0.0349634489508,0.0559490125964,-0.0097504139796,-0.00626139334556,0,0.00553678678679,-0.00428340113879,0,-0.0121701261701,-0.00597269624573,-7,-0.000900900900901,-0.195672060629,-0.027027027027,-0.0540540540541,0.0540540540541,173,0,43,1116,0.800925925926,1,0,0.199074074074,1,0.800925925926,0.889460154242,0.878186092989,0.800925925926,0.800925925926,1,44,0,0,0,0
3595,WLNM_dir_neg,0.99444731405,0.966173094582,00:00:03,10,80,50,1237887374,threshold_sweep,0.4,1,0.0227272727273,0.0444444444444,1,0,43,88,0.0227272727273,1,0,0.977272727273,1,0.0227272727273,0.0444444444444,0.674242424242,0.664141414141,0.0300751879699,0.123560412643,0.0227272727273,216,172,44,0,216,0,172,0,44,37,216,0.162162162162,1.32432432432,11.6756756757,21.6,6,8.1990990496,0.702237650082,0.31006006006,10.329336629,1.76937710775,0.765265265265,3.0868314707,0.528762798222,0.252752752753,0.579945114934,0.437917739848,2,1.32432432432,0.579945114934,2,0.0121701261701,0.00597269624573,7,0.000900900900901,0.621196581197,37,37,37,1,0,0.72972972973,0.243243243243,0.027027027027,37,0.129129129129,1.32046332046,9.2972972973,17.2,5.21212121212,6.70764433259,0.721461745075,0.346323067253,8.2435706133,1.77332623658,0.771841609051,2.6689179686,0.574127702548,0.314582023884,0.56884874529,0.430794810029,2,1.32936507937,0.574298349383,2,0,0,0,0,0.42274674279,37,36,36,0.972972972973,0,0.702702702703,0.189189189189,0.0810810810811,37,173,0.12987987988,1.32094594595,9.35135135135,17.3,5.24242424242,6.74214034684,0.720980326107,0.346977034838,8.25312753531,1.76511976189,0.770504608655,2.63580110165,0.563726247173,0.308701765349,0.570194700955,0.431656346503,2,1.32986111111,0.575661713796,2,0,0,0,0,0.425524520568,37,36,36,0.972972972973,0,0.702702702703,0.189189189189,0.0810810810811,-43,-0.0322822822823,-0.00337837837838,-2.32432432432,-4.3,-0.757575757576,-1.45695870277,0.0187426760251,0.0369169747782,-2.07620909369,-0.00425734585793,0.00523934338963,-0.451030369056,0.0349634489508,0.0559490125964,-0.0097504139796,-0.00626139334556,0,0.00553678678679,-0.00428340113879,0,-0.0121701261701,-0.00597269624573,-7,-0.000900900900901,-0.195672060629,-0.027027027027,-0.0540540540541,0.0540540540541,173,0,43,1116,0.800925925926,1,0,0.199074074074,1,0.800925925926,0.889460154242,0.878186092989,0.800925925926,0.800925925926,1,44,0,0,0,0
3596,WLNM_dir_neg,0.99444731405,0.966173094582,00:00:03,10,80,50,1237887374,threshold_sweep,0.5,1,0.0227272727273,0.0444444444444,1,0,43,88,0.0227272727273,1,0,0.977272727273,1,0.0227272727273,0.0444444444444,0.674242424242,0.664141414141,0.0300751879699,0.123560412643,0.0227272727273,216,172,44,0,216,0,172,0,44,37,216,0.162162162162,1.32432432432,11.6756756757,21.6,6,8.1990990496,0.702237650082,0.31006006006,10.329336629,1.76937710775,0.765265265265,3.0868314707,0.528762798222,0.252752752753,0.579945114934,0.437917739848,2,1.32432432432,0.579945114934,2,0.0121701261701,0.00597269624573,7,0.000900900900901,0.621196581197,37,37,37,1,0,0.72972972973,0.243243243243,0.027027027027,37,0.129129129129,1.32046332046,9.2972972973,17.2,5.21212121212,6.70764433259,0.721461745075,0.346323067253,8.2435706133,1.77332623658,0.771841609051,2.6689179686,0.574127702548,0.314582023884,0.56884874529,0.430794810029,2,1.32936507937,0.574298349383,2,0,0,0,0,0.42274674279,37,36,36,0.972972972973,0,0.702702702703,0.189189189189,0.0810810810811,37,173,0.12987987988,1.32094594595,9.35135135135,17.3,5.24242424242,6.74214034684,0.720980326107,0.346977034838,8.25312753531,1.76511976189,0.770504608655,2.63580110165,0.563726247173,0.308701765349,0.570194700955,0.431656346503,2,1.32986111111,0.575661713796,2,0,0,0,0,0.425524520568,37,36,36,0.972972972973,0,0.702702702703,0.189189189189,0.0810810810811,-43,-0.0322822822823,-0.00337837837838,-2.32432432432,-4.3,-0.757575757576,-1.45695870277,0.0187426760251,0.0369169747782,-2.07620909369,-0.00425734585793,0.00523934338963,-0.451030369056,0.0349634489508,0.0559490125964,-0.0097504139796,-0.00626139334556,0,0.00553678678679,-0.00428340113879,0,-0.0121701261701,-0.00597269624573,-7,-0.000900900900901,-0.195672060629,-0.027027027027,-0.0540540540541,0.0540540540541,173,0,43,1116,0.800925925926,1,0,0.199074074074,1,0.800925925926,0.889460154242,0.878186092989,0.800925925926,0.800925925926,1,44,0,0,0,0
3597,WLNM_dir_neg,0.99444731405,0.966173094582,00:00:03,10,80,50,1237887374,threshold_sweep,0.6,1,0.0227272727273,0.0444444444444,1,0,43,88,0.0227272727273,1,0,0.977272727273,1,0.0227272727273,0.0444444444444,0.674242424242,0.664141414141,0.0300751879699,0.123560412643,0.0227272727273,216,172,44,0,216,0,172,0,44,37,216,0.162162162162,1.32432432432,11.6756756757,21.6,6,8.1990990496,0.702237650082,0.31006006006,10.329336629,1.76937710775,0.765265265265,3.0868314707,0.528762798222,0.252752752753,0.579945114934,0.437917739848,2,1.32432432432,0.579945114934,2,0.0121701261701,0.00597269624573,7,0.000900900900901,0.621196581197,37,37,37,1,0,0.72972972973,0.243243243243,0.027027027027,37,0.129129129129,1.32046332046,9.2972972973,17.2,5.21212121212,6.70764433259,0.721461745075,0.346323067253,8.2435706133,1.77332623658,0.771841609051,2.6689179686,0.574127702548,0.314582023884,0.56884874529,0.430794810029,2,1.32936507937,0.574298349383,2,0,0,0,0,0.42274674279,37,36,36,0.972972972973,0,0.702702702703,0.189189189189,0.0810810810811,37,173,0.12987987988,1.32094594595,9.35135135135,17.3,5.24242424242,6.74214034684,0.720980326107,0.346977034838,8.25312753531,1.76511976189,0.770504608655,2.63580110165,0.563726247173,0.308701765349,0.570194700955,0.431656346503,2,1.32986111111,0.575661713796,2,0,0,0,0,0.425524520568,37,36,36,0.972972972973,0,0.702702702703,0.189189189189,0.0810810810811,-43,-0.0322822822823,-0.00337837837838,-2.32432432432,-4.3,-0.757575757576,-1.45695870277,0.0187426760251,0.0369169747782,-2.07620909369,-0.00425734585793,0.00523934338963,-0.451030369056,0.0349634489508,0.0559490125964,-0.0097504139796,-0.00626139334556,0,0.00553678678679,-0.00428340113879,0,-0.0121701261701,-0.00597269624573,-7,-0.000900900900901,-0.195672060629,-0.027027027027,-0.0540540540541,0.0540540540541,173,0,43,1116,0.800925925926,1,0,0.199074074074,1,0.800925925926,0.889460154242,0.878186092989,0.800925925926,0.800925925926,1,44,0,0,0,0
3598,WLNM_dir_neg,0.99444731405,0.966173094582,00:00:03,10,80,50,1237887374,threshold_sweep,0.7,1,0.0227272727273,0.0444444444444,1,0,43,88,0.0227272727273,1,0,0.977272727273,1,0.0227272727273,0.0444444444444,0.674242424242,0.664141414141,0.0300751879699,0.123560412643,0.0227272727273,216,172,44,0,216,0,172,0,44,37,216,0.162162162162,1.32432432432,11.6756756757,21.6,6,8.1990990496,0.702237650082,0.31006006006,10.329336629,1.76937710775,0.765265265265,3.0868314707,0.528762798222,0.252752752753,0.579945114934,0.437917739848,2,1.32432432432,0.579945114934,2,0.0121701261701,0.00597269624573,7,0.000900900900901,0.621196581197,37,37,37,1,0,0.72972972973,0.243243243243,0.027027027027,37,0.129129129129,1.32046332046,9.2972972973,17.2,5.21212121212,6.70764433259,0.721461745075,0.346323067253,8.2435706133,1.77332623658,0.771841609051,2.6689179686,0.574127702548,0.314582023884,0.56884874529,0.430794810029,2,1.32936507937,0.574298349383,2,0,0,0,0,0.42274674279,37,36,36,0.972972972973,0,0.702702702703,0.189189189189,0.0810810810811,37,173,0.12987987988,1.32094594595,9.35135135135,17.3,5.24242424242,6.74214034684,0.720980326107,0.346977034838,8.25312753531,1.76511976189,0.770504608655,2.63580110165,0.563726247173,0.308701765349,0.570194700955,0.431656346503,2,1.32986111111,0.575661713796,2,0,0,0,0,0.425524520568,37,36,36,0.972972972973,0,0.702702702703,0.189189189189,0.0810810810811,-43,-0.0322822822823,-0.00337837837838,-2.32432432432,-4.3,-0.757575757576,-1.45695870277,0.0187426760251,0.0369169747782,-2.07620909369,-0.00425734585793,0.00523934338963,-0.451030369056,0.0349634489508,0.0559490125964,-0.0097504139796,-0.00626139334556,0,0.00553678678679,-0.00428340113879,0,-0.0121701261701,-0.00597269624573,-7,-0.000900900900901,-0.195672060629,-0.027027027027,-0.0540540540541,0.0540540540541,173,0,43,1116,0.800925925926,1,0,0.199074074074,1,0.800925925926,0.889460154242,0.878186092989,0.800925925926,0.800925925926,1,44,0,0,0,0
3599,WLNM_dir_neg,0.99444731405,0.966173094582,00:00:03,10,80,50,1237887374,threshold_sweep,0.8,1,0.0227272727273,0.0444444444444,1,0,43,88,0.0227272727273,1,0,0.977272727273,1,0.0227272727273,0.0444444444444,0.674242424242,0.664141414141,0.0300751879699,0.123560412643,0.0227272727273,216,172,44,0,216,0,172,0,44,37,216,0.162162162162,1.32432432432,11.6756756757,21.6,6,8.1990990496,0.702237650082,0.31006006006,10.329336629,1.76937710775,0.765265265265,3.0868314707,0.528762798222,0.252752752753,0.579945114934,0.437917739848,2,1.32432432432,0.579945114934,2,0.0121701261701,0.00597269624573,7,0.000900900900901,0.621196581197,37,37,37,1,0,0.72972972973,0.243243243243,0.027027027027,37,0.129129129129,1.32046332046,9.2972972973,17.2,5.21212121212,6.70764433259,0.721461745075,0.346323067253,8.2435706133,1.77332623658,0.771841609051,2.6689179686,0.574127702548,0.314582023884,0.56884874529,0.430794810029,2,1.32936507937,0.574298349383,2,0,0,0,0,0.42274674279,37,36,36,0.972972972973,0,0.702702702703,0.189189189189,0.0810810810811,37,173,0.12987987988,1.32094594595,9.35135135135,17.3,5.24242424242,6.74214034684,0.720980326107,0.346977034838,8.25312753531,1.76511976189,0.770504608655,2.63580110165,0.563726247173,0.308701765349,0.570194700955,0.431656346503,2,1.32986111111,0.575661713796,2,0,0,0,0,0.425524520568,37,36,36,0.972972972973,0,0.702702702703,0.189189189189,0.0810810810811,-43,-0.0322822822823,-0.00337837837838,-2.32432432432,-4.3,-0.757575757576,-1.45695870277,0.0187426760251,0.0369169747782,-2.07620909369,-0.00425734585793,0.00523934338963,-0.451030369056,0.0349634489508,0.0559490125964,-0.0097504139796,-0.00626139334556,0,0.00553678678679,-0.00428340113879,0,-0.0121701261701,-0.00597269624573,-7,-0.000900900900901,-0.195672060629,-0.027027027027,-0.0540540540541,0.0540540540541,173,0,43,1116,0.800925925926,1,0,0.199074074074,1,0.800925925926,0.889460154242,0.878186092989,0.800925925926,0.800925925926,1,44,0,0,0,0
3600,WLNM_dir_neg,0.99444731405,0.966173094582,00:00:03,10,80,50,1237887374,threshold_sweep,0.9,1,0.0227272727273,0.0444444444444,1,0,43,88,0.0227272727273,1,0,0.977272727273,1,0.0227272727273,0.0444444444444,0.674242424242,0.664141414141,0.0300751879699,0.123560412643,0.0227272727273,216,172,44,0,216,0,172,0,44,37,216,0.162162162162,1.32432432432,11.6756756757,21.6,6,8.1990990496,0.702237650082,0.31006006006,10.329336629,1.76937710775,0.765265265265,3.0868314707,0.528762798222,0.252752752753,0.579945114934,0.437917739848,2,1.32432432432,0.579945114934,2,0.0121701261701,0.00597269624573,7,0.000900900900901,0.621196581197,37,37,37,1,0,0.72972972973,0.243243243243,0.027027027027,37,0.129129129129,1.32046332046,9.2972972973,17.2,5.21212121212,6.70764433259,0.721461745075,0.346323067253,8.2435706133,1.77332623658,0.771841609051,2.6689179686,0.574127702548,0.314582023884,0.56884874529,0.430794810029,2,1.32936507937,0.574298349383,2,0,0,0,0,0.42274674279,37,36,36,0.972972972973,0,0.702702702703,0.189189189189,0.0810810810811,37,173,0.12987987988,1.32094594595,9.35135135135,17.3,5.24242424242,6.74214034684,0.720980326107,0.346977034838,8.25312753531,1.76511976189,0.770504608655,2.63580110165,0.563726247173,0.308701765349,0.570194700955,0.431656346503,2,1.32986111111,0.575661713796,2,0,0,0,0,0.425524520568,37,36,36,0.972972972973,0,0.702702702703,0.189189189189,0.0810810810811,-43,-0.0322822822823,-0.00337837837838,-2.32432432432,-4.3,-0.757575757576,-1.45695870277,0.0187426760251,0.0369169747782,-2.07620909369,-0.00425734585793,0.00523934338963,-0.451030369056,0.0349634489508,0.0559490125964,-0.0097504139796,-0.00626139334556,0,0.00553678678679,-0.00428340113879,0,-0.0121701261701,-0.00597269624573,-7,-0.000900900900901,-0.195672060629,-0.027027027027,-0.0540540540541,0.0540540540541,173,0,43,1116,0.800925925926,1,0,0.199074074074,1,0.800925925926,0.889460154242,0.878186092989,0.800925925926,0.800925925926,1,44,0,0,0,0
3601,WLNM_dir_neg,1,0.954545454545,00:00:03,10,90,1,1238804625,threshold_sweep,0.1,1,0.0454545454545,0.0869565217391,1,0,21,44,0.0454545454545,1,0,0.954545454545,1,0.0454545454545,0.0869565217391,0.681818181818,0.661616161616,0.0597014925373,0.175411603861,0.0454545454545,216,194,22,0,216,0,194,0,22,37,216,0.162162162162,1.32432432432,11.6756756757,21.6,6,8.1990990496,0.702237650082,0.31006006006,10.329336629,1.76937710775,0.765265265265,3.0868314707,0.528762798222,0.252752752753,0.579945114934,0.437917739848,2,1.32432432432,0.579945114934,2,0.0121701261701,0.00597269624573,7,0.000900900900901,0.621196581197,37,37,37,1,0,0.72972972973,0.243243243243,0.027027027027,37,0.145645645646,1.32432432432,10.4864864865,19.4,5.38888888889,7.41103389706,0.706722304617,0.331986625801,9.31070293744,1.77575262209,0.770130955698,2.88102417558,0.549473682972,0.29200334355,0.579945114934,0.437917739848,2,1.32432432432,0.579945114934,2,0.0112859797208,0.00530222693531,5,0.000643500643501,0.507842190016,37,37,37,1,0,0.72972972973,0.243243243243,0.027027027027,37,195,0.146396396396,1.32432432432,10.5405405405,19.5,5.41666666667,7.4520489151,0.706989256048,0.333333333333,9.32335373806,1.76904660671,0.768953568954,2.84457230381,0.53973936021,0.287179487179,0.579945114934,0.437917739848,2,1.32432432432,0.579945114934,2,0.0126007243274,0.00629370629371,6,0.000772200772201,0.510064412238,37,37,37,1,0,0.72972972973,0.243243243243,0.027027027027,-21,-0.0157657657658,0,-1.13513513514,-2.1,-0.583333333333,-0.747050134505,0.00475160596602,0.0232732732733,-1.00598289094,-0.000330501037238,0.0036883036883,-0.242259166896,0.0109765619873,0.0344267344267,0,0,0,0,0,0,0.000430598157306,0.000321010047973,-1,-0.0001287001287,-0.111132168958,0,0,0,195,0,21,1116,0.902777777778,1,0,0.0972222222222,1,0.902777777778,0.948905109489,0.941330856757,0.902777777778,0.902777777778,1,22,0,0,0,0
3602,WLNM_dir_neg,1,0.954545454545,00:00:03,10,90,1,1238804625,threshold_sweep,0.2,1,0.0454545454545,0.0869565217391,1,0,21,44,0.0454545454545,1,0,0.954545454545,1,0.0454545454545,0.0869565217391,0.681818181818,0.661616161616,0.0597014925373,0.175411603861,0.0454545454545,216,194,22,0,216,0,194,0,22,37,216,0.162162162162,1.32432432432,11.6756756757,21.6,6,8.1990990496,0.702237650082,0.31006006006,10.329336629,1.76937710775,0.765265265265,3.0868314707,0.528762798222,0.252752752753,0.579945114934,0.437917739848,2,1.32432432432,0.579945114934,2,0.0121701261701,0.00597269624573,7,0.000900900900901,0.621196581197,37,37,37,1,0,0.72972972973,0.243243243243,0.027027027027,37,0.145645645646,1.32432432432,10.4864864865,19.4,5.38888888889,7.41103389706,0.706722304617,0.331986625801,9.31070293744,1.77575262209,0.770130955698,2.88102417558,0.549473682972,0.29200334355,0.579945114934,0.437917739848,2,1.32432432432,0.579945114934,2,0.0112859797208,0.00530222693531,5,0.000643500643501,0.507842190016,37,37,37,1,0,0.72972972973,0.243243243243,0.027027027027,37,195,0.146396396396,1.32432432432,10.5405405405,19.5,5.41666666667,7.4520489151,0.706989256048,0.333333333333,9.32335373806,1.76904660671,0.768953568954,2.84457230381,0.53973936021,0.287179487179,0.579945114934,0.437917739848,2,1.32432432432,0.579945114934,2,0.0126007243274,0.00629370629371,6,0.000772200772201,0.510064412238,37,37,37,1,0,0.72972972973,0.243243243243,0.027027027027,-21,-0.0157657657658,0,-1.13513513514,-2.1,-0.583333333333,-0.747050134505,0.00475160596602,0.0232732732733,-1.00598289094,-0.000330501037238,0.0036883036883,-0.242259166896,0.0109765619873,0.0344267344267,0,0,0,0,0,0,0.000430598157306,0.000321010047973,-1,-0.0001287001287,-0.111132168958,0,0,0,195,0,21,1116,0.902777777778,1,0,0.0972222222222,1,0.902777777778,0.948905109489,0.941330856757,0.902777777778,0.902777777778,1,22,0,0,0,0
3603,WLNM_dir_neg,1,0.954545454545,00:00:03,10,90,1,1238804625,threshold_sweep,0.3,1,0.0454545454545,0.0869565217391,1,0,21,44,0.0454545454545,1,0,0.954545454545,1,0.0454545454545,0.0869565217391,0.681818181818,0.661616161616,0.0597014925373,0.175411603861,0.0454545454545,216,194,22,0,216,0,194,0,22,37,216,0.162162162162,1.32432432432,11.6756756757,21.6,6,8.1990990496,0.702237650082,0.31006006006,10.329336629,1.76937710775,0.765265265265,3.0868314707,0.528762798222,0.252752752753,0.579945114934,0.437917739848,2,1.32432432432,0.579945114934,2,0.0121701261701,0.00597269624573,7,0.000900900900901,0.621196581197,37,37,37,1,0,0.72972972973,0.243243243243,0.027027027027,37,0.145645645646,1.32432432432,10.4864864865,19.4,5.38888888889,7.41103389706,0.706722304617,0.331986625801,9.31070293744,1.77575262209,0.770130955698,2.88102417558,0.549473682972,0.29200334355,0.579945114934,0.437917739848,2,1.32432432432,0.579945114934,2,0.0112859797208,0.00530222693531,5,0.000643500643501,0.507842190016,37,37,37,1,0,0.72972972973,0.243243243243,0.027027027027,37,195,0.146396396396,1.32432432432,10.5405405405,19.5,5.41666666667,7.4520489151,0.706989256048,0.333333333333,9.32335373806,1.76904660671,0.768953568954,2.84457230381,0.53973936021,0.287179487179,0.579945114934,0.437917739848,2,1.32432432432,0.579945114934,2,0.0126007243274,0.00629370629371,6,0.000772200772201,0.510064412238,37,37,37,1,0,0.72972972973,0.243243243243,0.027027027027,-21,-0.0157657657658,0,-1.13513513514,-2.1,-0.583333333333,-0.747050134505,0.00475160596602,0.0232732732733,-1.00598289094,-0.000330501037238,0.0036883036883,-0.242259166896,0.0109765619873,0.0344267344267,0,0,0,0,0,0,0.000430598157306,0.000321010047973,-1,-0.0001287001287,-0.111132168958,0,0,0,195,0,21,1116,0.902777777778,1,0,0.0972222222222,1,0.902777777778,0.948905109489,0.941330856757,0.902777777778,0.902777777778,1,22,0,0,0,0
3604,WLNM_dir_neg,1,0.954545454545,00:00:03,10,90,1,1238804625,threshold_sweep,0.4,1,0.0454545454545,0.0869565217391,1,0,21,44,0.0454545454545,1,0,0.954545454545,1,0.0454545454545,0.0869565217391,0.681818181818,0.661616161616,0.0597014925373,0.175411603861,0.0454545454545,216,194,22,0,216,0,194,0,22,37,216,0.162162162162,1.32432432432,11.6756756757,21.6,6,8.1990990496,0.702237650082,0.31006006006,10.329336629,1.76937710775,0.765265265265,3.0868314707,0.528762798222,0.252752752753,0.579945114934,0.437917739848,2,1.32432432432,0.579945114934,2,0.0121701261701,0.00597269624573,7,0.000900900900901,0.621196581197,37,37,37,1,0,0.72972972973,0.243243243243,0.027027027027,37,0.145645645646,1.32432432432,10.4864864865,19.4,5.38888888889,7.41103389706,0.706722304617,0.331986625801,9.31070293744,1.77575262209,0.770130955698,2.88102417558,0.549473682972,0.29200334355,0.579945114934,0.437917739848,2,1.32432432432,0.579945114934,2,0.0112859797208,0.00530222693531,5,0.000643500643501,0.507842190016,37,37,37,1,0,0.72972972973,0.243243243243,0.027027027027,37,195,0.146396396396,1.32432432432,10.5405405405,19.5,5.41666666667,7.4520489151,0.706989256048,0.333333333333,9.32335373806,1.76904660671,0.768953568954,2.84457230381,0.53973936021,0.287179487179,0.579945114934,0.437917739848,2,1.32432432432,0.579945114934,2,0.0126007243274,0.00629370629371,6,0.000772200772201,0.510064412238,37,37,37,1,0,0.72972972973,0.243243243243,0.027027027027,-21,-0.0157657657658,0,-1.13513513514,-2.1,-0.583333333333,-0.747050134505,0.00475160596602,0.0232732732733,-1.00598289094,-0.000330501037238,0.0036883036883,-0.242259166896,0.0109765619873,0.0344267344267,0,0,0,0,0,0,0.000430598157306,0.000321010047973,-1,-0.0001287001287,-0.111132168958,0,0,0,195,0,21,1116,0.902777777778,1,0,0.0972222222222,1,0.902777777778,0.948905109489,0.941330856757,0.902777777778,0.902777777778,1,22,0,0,0,0
3605,WLNM_dir_neg,1,0.954545454545,00:00:03,10,90,1,1238804625,threshold_sweep,0.5,1,0.0454545454545,0.0869565217391,1,0,21,44,0.0454545454545,1,0,0.954545454545,1,0.0454545454545,0.0869565217391,0.681818181818,0.661616161616,0.0597014925373,0.175411603861,0.0454545454545,216,194,22,0,216,0,194,0,22,37,216,0.162162162162,1.32432432432,11.6756756757,21.6,6,8.1990990496,0.702237650082,0.31006006006,10.329336629,1.76937710775,0.765265265265,3.0868314707,0.528762798222,0.252752752753,0.579945114934,0.437917739848,2,1.32432432432,0.579945114934,2,0.0121701261701,0.00597269624573,7,0.000900900900901,0.621196581197,37,37,37,1,0,0.72972972973,0.243243243243,0.027027027027,37,0.145645645646,1.32432432432,10.4864864865,19.4,5.38888888889,7.41103389706,0.706722304617,0.331986625801,9.31070293744,1.77575262209,0.770130955698,2.88102417558,0.549473682972,0.29200334355,0.579945114934,0.437917739848,2,1.32432432432,0.579945114934,2,0.0112859797208,0.00530222693531,5,0.000643500643501,0.507842190016,37,37,37,1,0,0.72972972973,0.243243243243,0.027027027027,37,195,0.146396396396,1.32432432432,10.5405405405,19.5,5.41666666667,7.4520489151,0.706989256048,0.333333333333,9.32335373806,1.76904660671,0.768953568954,2.84457230381,0.53973936021,0.287179487179,0.579945114934,0.437917739848,2,1.32432432432,0.579945114934,2,0.0126007243274,0.00629370629371,6,0.000772200772201,0.510064412238,37,37,37,1,0,0.72972972973,0.243243243243,0.027027027027,-21,-0.0157657657658,0,-1.13513513514,-2.1,-0.583333333333,-0.747050134505,0.00475160596602,0.0232732732733,-1.00598289094,-0.000330501037238,0.0036883036883,-0.242259166896,0.0109765619873,0.0344267344267,0,0,0,0,0,0,0.000430598157306,0.000321010047973,-1,-0.0001287001287,-0.111132168958,0,0,0,195,0,21,1116,0.902777777778,1,0,0.0972222222222,1,0.902777777778,0.948905109489,0.941330856757,0.902777777778,0.902777777778,1,22,0,0,0,0
3606,WLNM_dir_neg,1,0.954545454545,00:00:03,10,90,1,1238804625,threshold_sweep,0.6,1,0.0454545454545,0.0869565217391,1,0,21,44,0.0454545454545,1,0,0.954545454545,1,0.0454545454545,0.0869565217391,0.681818181818,0.661616161616,0.0597014925373,0.175411603861,0.0454545454545,216,194,22,0,216,0,194,0,22,37,216,0.162162162162,1.32432432432,11.6756756757,21.6,6,8.1990990496,0.702237650082,0.31006006006,10.329336629,1.76937710775,0.765265265265,3.0868314707,0.528762798222,0.252752752753,0.579945114934,0.437917739848,2,1.32432432432,0.579945114934,2,0.0121701261701,0.00597269624573,7,0.000900900900901,0.621196581197,37,37,37,1,0,0.72972972973,0.243243243243,0.027027027027,37,0.145645645646,1.32432432432,10.4864864865,19.4,5.38888888889,7.41103389706,0.706722304617,0.331986625801,9.31070293744,1.77575262209,0.770130955698,2.88102417558,0.549473682972,0.29200334355,0.579945114934,0.437917739848,2,1.32432432432,0.579945114934,2,0.0112859797208,0.00530222693531,5,0.000643500643501,0.507842190016,37,37,37,1,0,0.72972972973,0.243243243243,0.027027027027,37,195,0.146396396396,1.32432432432,10.5405405405,19.5,5.41666666667,7.4520489151,0.706989256048,0.333333333333,9.32335373806,1.76904660671,0.768953568954,2.84457230381,0.53973936021,0.287179487179,0.579945114934,0.437917739848,2,1.32432432432,0.579945114934,2,0.0126007243274,0.00629370629371,6,0.000772200772201,0.510064412238,37,37,37,1,0,0.72972972973,0.243243243243,0.027027027027,-21,-0.0157657657658,0,-1.13513513514,-2.1,-0.583333333333,-0.747050134505,0.00475160596602,0.0232732732733,-1.00598289094,-0.000330501037238,0.0036883036883,-0.242259166896,0.0109765619873,0.0344267344267,0,0,0,0,0,0,0.000430598157306,0.000321010047973,-1,-0.0001287001287,-0.111132168958,0,0,0,195,0,21,1116,0.902777777778,1,0,0.0972222222222,1,0.902777777778,0.948905109489,0.941330856757,0.902777777778,0.902777777778,1,22,0,0,0,0
3607,WLNM_dir_neg,1,0.954545454545,00:00:03,10,90,1,1238804625,threshold_sweep,0.7,1,0.0454545454545,0.0869565217391,1,0,21,44,0.0454545454545,1,0,0.954545454545,1,0.0454545454545,0.0869565217391,0.681818181818,0.661616161616,0.0597014925373,0.175411603861,0.0454545454545,216,194,22,0,216,0,194,0,22,37,216,0.162162162162,1.32432432432,11.6756756757,21.6,6,8.1990990496,0.702237650082,0.31006006006,10.329336629,1.76937710775,0.765265265265,3.0868314707,0.528762798222,0.252752752753,0.579945114934,0.437917739848,2,1.32432432432,0.579945114934,2,0.0121701261701,0.00597269624573,7,0.000900900900901,0.621196581197,37,37,37,1,0,0.72972972973,0.243243243243,0.027027027027,37,0.145645645646,1.32432432432,10.4864864865,19.4,5.38888888889,7.41103389706,0.706722304617,0.331986625801,9.31070293744,1.77575262209,0.770130955698,2.88102417558,0.549473682972,0.29200334355,0.579945114934,0.437917739848,2,1.32432432432,0.579945114934,2,0.0112859797208,0.00530222693531,5,0.000643500643501,0.507842190016,37,37,37,1,0,0.72972972973,0.243243243243,0.027027027027,37,195,0.146396396396,1.32432432432,10.5405405405,19.5,5.41666666667,7.4520489151,0.706989256048,0.333333333333,9.32335373806,1.76904660671,0.768953568954,2.84457230381,0.53973936021,0.287179487179,0.579945114934,0.437917739848,2,1.32432432432,0.579945114934,2,0.0126007243274,0.00629370629371,6,0.000772200772201,0.510064412238,37,37,37,1,0,0.72972972973,0.243243243243,0.027027027027,-21,-0.0157657657658,0,-1.13513513514,-2.1,-0.583333333333,-0.747050134505,0.00475160596602,0.0232732732733,-1.00598289094,-0.000330501037238,0.0036883036883,-0.242259166896,0.0109765619873,0.0344267344267,0,0,0,0,0,0,0.000430598157306,0.000321010047973,-1,-0.0001287001287,-0.111132168958,0,0,0,195,0,21,1116,0.902777777778,1,0,0.0972222222222,1,0.902777777778,0.948905109489,0.941330856757,0.902777777778,0.902777777778,1,22,0,0,0,0
3608,WLNM_dir_neg,1,0.954545454545,00:00:03,10,90,1,1238804625,threshold_sweep,0.8,1,0.0454545454545,0.0869565217391,1,0,21,44,0.0454545454545,1,0,0.954545454545,1,0.0454545454545,0.0869565217391,0.681818181818,0.661616161616,0.0597014925373,0.175411603861,0.0454545454545,216,194,22,0,216,0,194,0,22,37,216,0.162162162162,1.32432432432,11.6756756757,21.6,6,8.1990990496,0.702237650082,0.31006006006,10.329336629,1.76937710775,0.765265265265,3.0868314707,0.528762798222,0.252752752753,0.579945114934,0.437917739848,2,1.32432432432,0.579945114934,2,0.0121701261701,0.00597269624573,7,0.000900900900901,0.621196581197,37,37,37,1,0,0.72972972973,0.243243243243,0.027027027027,37,0.145645645646,1.32432432432,10.4864864865,19.4,5.38888888889,7.41103389706,0.706722304617,0.331986625801,9.31070293744,1.77575262209,0.770130955698,2.88102417558,0.549473682972,0.29200334355,0.579945114934,0.437917739848,2,1.32432432432,0.579945114934,2,0.0112859797208,0.00530222693531,5,0.000643500643501,0.507842190016,37,37,37,1,0,0.72972972973,0.243243243243,0.027027027027,37,195,0.146396396396,1.32432432432,10.5405405405,19.5,5.41666666667,7.4520489151,0.706989256048,0.333333333333,9.32335373806,1.76904660671,0.768953568954,2.84457230381,0.53973936021,0.287179487179,0.579945114934,0.437917739848,2,1.32432432432,0.579945114934,2,0.0126007243274,0.00629370629371,6,0.000772200772201,0.510064412238,37,37,37,1,0,0.72972972973,0.243243243243,0.027027027027,-21,-0.0157657657658,0,-1.13513513514,-2.1,-0.583333333333,-0.747050134505,0.00475160596602,0.0232732732733,-1.00598289094,-0.000330501037238,0.0036883036883,-0.242259166896,0.0109765619873,0.0344267344267,0,0,0,0,0,0,0.000430598157306,0.000321010047973,-1,-0.0001287001287,-0.111132168958,0,0,0,195,0,21,1116,0.902777777778,1,0,0.0972222222222,1,0.902777777778,0.948905109489,0.941330856757,0.902777777778,0.902777777778,1,22,0,0,0,0
3609,WLNM_dir_neg,1,0.954545454545,00:00:03,10,90,1,1238804625,threshold_sweep,0.9,1,0.0454545454545,0.0869565217391,1,0,21,44,0.0454545454545,1,0,0.954545454545,1,0.0454545454545,0.0869565217391,0.681818181818,0.661616161616,0.0597014925373,0.175411603861,0.0454545454545,216,194,22,0,216,0,194,0,22,37,216,0.162162162162,1.32432432432,11.6756756757,21.6,6,8.1990990496,0.702237650082,0.31006006006,10.329336629,1.76937710775,0.765265265265,3.0868314707,0.528762798222,0.252752752753,0.579945114934,0.437917739848,2,1.32432432432,0.579945114934,2,0.0121701261701,0.00597269624573,7,0.000900900900901,0.621196581197,37,37,37,1,0,0.72972972973,0.243243243243,0.027027027027,37,0.145645645646,1.32432432432,10.4864864865,19.4,5.38888888889,7.41103389706,0.706722304617,0.331986625801,9.31070293744,1.77575262209,0.770130955698,2.88102417558,0.549473682972,0.29200334355,0.579945114934,0.437917739848,2,1.32432432432,0.579945114934,2,0.0112859797208,0.00530222693531,5,0.000643500643501,0.507842190016,37,37,37,1,0,0.72972972973,0.243243243243,0.027027027027,37,195,0.146396396396,1.32432432432,10.5405405405,19.5,5.41666666667,7.4520489151,0.706989256048,0.333333333333,9.32335373806,1.76904660671,0.768953568954,2.84457230381,0.53973936021,0.287179487179,0.579945114934,0.437917739848,2,1.32432432432,0.579945114934,2,0.0126007243274,0.00629370629371,6,0.000772200772201,0.510064412238,37,37,37,1,0,0.72972972973,0.243243243243,0.027027027027,-21,-0.0157657657658,0,-1.13513513514,-2.1,-0.583333333333,-0.747050134505,0.00475160596602,0.0232732732733,-1.00598289094,-0.000330501037238,0.0036883036883,-0.242259166896,0.0109765619873,0.0344267344267,0,0,0,0,0,0,0.000430598157306,0.000321010047973,-1,-0.0001287001287,-0.111132168958,0,0,0,195,0,21,1116,0.902777777778,1,0,0.0972222222222,1,0.902777777778,0.948905109489,0.941330856757,0.902777777778,0.902777777778,1,22,0,0,0,0
3610,WLNM_dir_neg,0.986053719008,0.927784488239,00:00:03,10,90,2,1238804626,threshold_sweep,0.1,1,0.0909090909091,0.166666666667,2,0,20,44,0.0909090909091,1,0,0.909090909091,1,0.0909090909091,0.166666666667,0.69696969697,0.656565656566,0.117647058824,0.25,0.0909090909091,216,194,22,0,216,0,194,0,22,37,216,0.162162162162,1.32432432432,11.6756756757,21.6,6,8.1990990496,0.702237650082,0.31006006006,10.329336629,1.76937710775,0.765265265265,3.0868314707,0.528762798222,0.252752752753,0.579945114934,0.437917739848,2,1.32432432432,0.579945114934,2,0.0121701261701,0.00597269624573,7,0.000900900900901,0.621196581197,37,37,37,1,0,0.72972972973,0.243243243243,0.027027027027,37,0.145645645646,1.32432432432,10.4864864865,19.4,5.54285714286,7.4260114224,0.708150573786,0.3294789635,9.3642505941,1.78596531949,0.772638617999,2.92883561814,0.55859236016,0.295346893285,0.579945114934,0.437917739848,2,1.32432432432,0.579945114934,2,0.0123846330803,0.00529474055771,5,0.000643500643501,0.511603080226,37,37,37,1,0,0.72972972973,0.216216216216,0.0540540540541,37,196,0.147147147147,1.32432432432,10.5945945946,19.6,5.6,7.49243863082,0.707194462603,0.330391616106,9.37746964468,1.7702366166,0.76999448428,2.85642419104,0.539222934023,0.285438499724,0.579945114934,0.437917739848,2,1.32432432432,0.579945114934,2,0.0134178579644,0.00726392251816,7,0.000900900900901,0.516541351831,37,37,37,1,0,0.72972972973,0.216216216216,0.0540540540541,-20,-0.015015015015,0,-1.08108108108,-2,-0.4,-0.706660418782,0.00495681252125,0.0203315560458,-0.951866984317,0.000859508852857,0.00472921901493,-0.230407279664,0.0104601358004,0.0326857469715,0,0,0,0,0,0,0.00124773179432,0.00129122627243,0,0,-0.104655229365,0,-0.027027027027,0.027027027027,196,0,20,1116,0.907407407407,1,0,0.0925925925926,1,0.907407407407,0.95145631068,0.944156726864,0.907407407407,0.907407407407,2,22,0,0,0,0
3611,WLNM_dir_neg,0.986053719008,0.927784488239,00:00:03,10,90,2,1238804626,threshold_sweep,0.2,1,0.0454545454545,0.0869565217391,1,0,21,44,0.0454545454545,1,0,0.954545454545,1,0.0454545454545,0.0869565217391,0.681818181818,0.661616161616,0.0597014925373,0.175411603861,0.0454545454545,216,194,22,0,216,0,194,0,22,37,216,0.162162162162,1.32432432432,11.6756756757,21.6,6,8.1990990496,0.702237650082,0.31006006006,10.329336629,1.76937710775,0.765265265265,3.0868314707,0.528762798222,0.252752752753,0.579945114934,0.437917739848,2,1.32432432432,0.579945114934,2,0.0121701261701,0.00597269624573,7,0.000900900900901,0.621196581197,37,37,37,1,0,0.72972972973,0.243243243243,0.027027027027,37,0.145645645646,1.32432432432,10.4864864865,19.4,5.54285714286,7.4260114224,0.708150573786,0.3294789635,9.3642505941,1.78596531949,0.772638617999,2.92883561814,0.55859236016,0.295346893285,0.579945114934,0.437917739848,2,1.32432432432,0.579945114934,2,0.0123846330803,0.00529474055771,5,0.000643500643501,0.511603080226,37,37,37,1,0,0.72972972973,0.216216216216,0.0540540540541,37,195,0.146396396396,1.32432432432,10.5405405405,19.5,5.57142857143,7.45577551892,0.707342805642,0.3306999307,9.37386629782,1.77863104112,0.771448371448,2.89298623733,0.548925593749,0.290505890506,0.579945114934,0.437917739848,2,1.32432432432,0.579945114934,2,0.0135410956653,0.00629150646627,6,0.000772200772201,0.514072216029,37,37,37,1,0,0.72972972973,0.216216216216,0.0540540540541,-21,-0.0157657657658,0,-1.13513513514,-2.1,-0.428571428571,-0.74332353068,0.00510515555966,0.0206398706399,-0.955470331182,0.00925393337913,0.00618310618311,-0.193845233376,0.020162795527,0.0377531377531,0,0,0,0,0,0,0.00137096949519,0.000318810220537,-1,-0.0001287001287,-0.107124365168,0,-0.027027027027,0.027027027027,195,0,21,1116,0.902777777778,1,0,0.0972222222222,1,0.902777777778,0.948905109489,0.941330856757,0.902777777778,0.902777777778,1,22,0,0,0,0
3612,WLNM_dir_neg,0.986053719008,0.927784488239,00:00:03,10,90,2,1238804626,threshold_sweep,0.3,1,0.0454545454545,0.0869565217391,1,0,21,44,0.0454545454545,1,0,0.954545454545,1,0.0454545454545,0.0869565217391,0.681818181818,0.661616161616,0.0597014925373,0.175411603861,0.0454545454545,216,194,22,0,216,0,194,0,22,37,216,0.162162162162,1.32432432432,11.6756756757,21.6,6,8.1990990496,0.702237650082,0.31006006006,10.329336629,1.76937710775,0.765265265265,3.0868314707,0.528762798222,0.252752752753,0.579945114934,0.437917739848,2,1.32432432432,0.579945114934,2,0.0121701261701,0.00597269624573,7,0.000900900900901,0.621196581197,37,37,37,1,0,0.72972972973,0.243243243243,0.027027027027,37,0.145645645646,1.32432432432,10.4864864865,19.4,5.54285714286,7.4260114224,0.708150573786,0.3294789635,9.3642505941,1.78596531949,0.772638617999,2.92883561814,0.55859236016,0.295346893285,0.579945114934,0.437917739848,2,1.32432432432,0.579945114934,2,0.0123846330803,0.00529474055771,5,0.000643500643501,0.511603080226,37,37,37,1,0,0.72972972973,0.216216216216,0.0540540540541,37,195,0.146396396396,1.32432432432,10.5405405405,19.5,5.57142857143,7.45577551892,0.707342805642,0.3306999307,9.37386629782,1.77863104112,0.771448371448,2.89298623733,0.548925593749,0.290505890506,0.579945114934,0.437917739848,2,1.32432432432,0.579945114934,2,0.0135410956653,0.00629150646627,6,0.000772200772201,0.514072216029,37,37,37,1,0,0.72972972973,0.216216216216,0.0540540540541,-21,-0.0157657657658,0,-1.13513513514,-2.1,-0.428571428571,-0.74332353068,0.00510515555966,0.0206398706399,-0.955470331182,0.00925393337913,0.00618310618311,-0.193845233376,0.020162795527,0.0377531377531,0,0,0,0,0,0,0.00137096949519,0.000318810220537,-1,-0.0001287001287,-0.107124365168,0,-0.027027027027,0.027027027027,195,0,21,1116,0.902777777778,1,0,0.0972222222222,1,0.902777777778,0.948905109489,0.941330856757,0.902777777778,0.902777777778,1,22,0,0,0,0
3613,WLNM_dir_neg,0.986053719008,0.927784488239,00:00:03,10,90,2,1238804626,threshold_sweep,0.4,1,0.0454545454545,0.0869565217391,1,0,21,44,0.0454545454545,1,0,0.954545454545,1,0.0454545454545,0.0869565217391,0.681818181818,0.661616161616,0.0597014925373,0.175411603861,0.0454545454545,216,194,22,0,216,0,194,0,22,37,216,0.162162162162,1.32432432432,11.6756756757,21.6,6,8.1990990496,0.702237650082,0.31006006006,10.329336629,1.76937710775,0.765265265265,3.0868314707,0.528762798222,0.252752752753,0.579945114934,0.437917739848,2,1.32432432432,0.579945114934,2,0.0121701261701,0.00597269624573,7,0.000900900900901,0.621196581197,37,37,37,1,0,0.72972972973,0.243243243243,0.027027027027,37,0.145645645646,1.32432432432,10.4864864865,19.4,5.54285714286,7.4260114224,0.708150573786,0.3294789635,9.3642505941,1.78596531949,0.772638617999,2.92883561814,0.55859236016,0.295346893285,0.579945114934,0.437917739848,2,1.32432432432,0.579945114934,2,0.0123846330803,0.00529474055771,5,0.000643500643501,0.511603080226,37,37,37,1,0,0.72972972973,0.216216216216,0.0540540540541,37,195,0.146396396396,1.32432432432,10.5405405405,19.5,5.57142857143,7.45577551892,0.707342805642,0.3306999307,9.37386629782,1.77863104112,0.771448371448,2.89298623733,0.548925593749,0.290505890506,0.579945114934,0.437917739848,2,1.32432432432,0.579945114934,2,0.0135410956653,0.00629150646627,6,0.000772200772201,0.514072216029,37,37,37,1,0,0.72972972973,0.216216216216,0.0540540540541,-21,-0.0157657657658,0,-1.13513513514,-2.1,-0.428571428571,-0.74332353068,0.00510515555966,0.0206398706399,-0.955470331182,0.00925393337913,0.00618310618311,-0.193845233376,0.020162795527,0.0377531377531,0,0,0,0,0,0,0.00137096949519,0.000318810220537,-1,-0.0001287001287,-0.107124365168,0,-0.027027027027,0.027027027027,195,0,21,1116,0.902777777778,1,0,0.0972222222222,1,0.902777777778,0.948905109489,0.941330856757,0.902777777778,0.902777777778,1,22,0,0,0,0
3614,WLNM_dir_neg,0.986053719008,0.927784488239,00:00:03,10,90,2,1238804626,threshold_sweep,0.5,1,0.0454545454545,0.0869565217391,1,0,21,44,0.0454545454545,1,0,0.954545454545,1,0.0454545454545,0.0869565217391,0.681818181818,0.661616161616,0.0597014925373,0.175411603861,0.0454545454545,216,194,22,0,216,0,194,0,22,37,216,0.162162162162,1.32432432432,11.6756756757,21.6,6,8.1990990496,0.702237650082,0.31006006006,10.329336629,1.76937710775,0.765265265265,3.0868314707,0.528762798222,0.252752752753,0.579945114934,0.437917739848,2,1.32432432432,0.579945114934,2,0.0121701261701,0.00597269624573,7,0.000900900900901,0.621196581197,37,37,37,1,0,0.72972972973,0.243243243243,0.027027027027,37,0.145645645646,1.32432432432,10.4864864865,19.4,5.54285714286,7.4260114224,0.708150573786,0.3294789635,9.3642505941,1.78596531949,0.772638617999,2.92883561814,0.55859236016,0.295346893285,0.579945114934,0.437917739848,2,1.32432432432,0.579945114934,2,0.0123846330803,0.00529474055771,5,0.000643500643501,0.511603080226,37,37,37,1,0,0.72972972973,0.216216216216,0.0540540540541,37,195,0.146396396396,1.32432432432,10.5405405405,19.5,5.57142857143,7.45577551892,0.707342805642,0.3306999307,9.37386629782,1.77863104112,0.771448371448,2.89298623733,0.548925593749,0.290505890506,0.579945114934,0.437917739848,2,1.32432432432,0.579945114934,2,0.0135410956653,0.00629150646627,6,0.000772200772201,0.514072216029,37,37,37,1,0,0.72972972973,0.216216216216,0.0540540540541,-21,-0.0157657657658,0,-1.13513513514,-2.1,-0.428571428571,-0.74332353068,0.00510515555966,0.0206398706399,-0.955470331182,0.00925393337913,0.00618310618311,-0.193845233376,0.020162795527,0.0377531377531,0,0,0,0,0,0,0.00137096949519,0.000318810220537,-1,-0.0001287001287,-0.107124365168,0,-0.027027027027,0.027027027027,195,0,21,1116,0.902777777778,1,0,0.0972222222222,1,0.902777777778,0.948905109489,0.941330856757,0.902777777778,0.902777777778,1,22,0,0,0,0
3615,WLNM_dir_neg,0.986053719008,0.927784488239,00:00:03,10,90,2,1238804626,threshold_sweep,0.6,1,0.0454545454545,0.0869565217391,1,0,21,44,0.0454545454545,1,0,0.954545454545,1,0.0454545454545,0.0869565217391,0.681818181818,0.661616161616,0.0597014925373,0.175411603861,0.0454545454545,216,194,22,0,216,0,194,0,22,37,216,0.162162162162,1.32432432432,11.6756756757,21.6,6,8.1990990496,0.702237650082,0.31006006006,10.329336629,1.76937710775,0.765265265265,3.0868314707,0.528762798222,0.252752752753,0.579945114934,0.437917739848,2,1.32432432432,0.579945114934,2,0.0121701261701,0.00597269624573,7,0.000900900900901,0.621196581197,37,37,37,1,0,0.72972972973,0.243243243243,0.027027027027,37,0.145645645646,1.32432432432,10.4864864865,19.4,5.54285714286,7.4260114224,0.708150573786,0.3294789635,9.3642505941,1.78596531949,0.772638617999,2.92883561814,0.55859236016,0.295346893285,0.579945114934,0.437917739848,2,1.32432432432,0.579945114934,2,0.0123846330803,0.00529474055771,5,0.000643500643501,0.511603080226,37,37,37,1,0,0.72972972973,0.216216216216,0.0540540540541,37,195,0.146396396396,1.32432432432,10.5405405405,19.5,5.57142857143,7.45577551892,0.707342805642,0.3306999307,9.37386629782,1.77863104112,0.771448371448,2.89298623733,0.548925593749,0.290505890506,0.579945114934,0.437917739848,2,1.32432432432,0.579945114934,2,0.0135410956653,0.00629150646627,6,0.000772200772201,0.514072216029,37,37,37,1,0,0.72972972973,0.216216216216,0.0540540540541,-21,-0.0157657657658,0,-1.13513513514,-2.1,-0.428571428571,-0.74332353068,0.00510515555966,0.0206398706399,-0.955470331182,0.00925393337913,0.00618310618311,-0.193845233376,0.020162795527,0.0377531377531,0,0,0,0,0,0,0.00137096949519,0.000318810220537,-1,-0.0001287001287,-0.107124365168,0,-0.027027027027,0.027027027027,195,0,21,1116,0.902777777778,1,0,0.0972222222222,1,0.902777777778,0.948905109489,0.941330856757,0.902777777778,0.902777777778,1,22,0,0,0,0
3616,WLNM_dir_neg,0.986053719008,0.927784488239,00:00:03,10,90,2,1238804626,threshold_sweep,0.7,1,0.0454545454545,0.0869565217391,1,0,21,44,0.0454545454545,1,0,0.954545454545,1,0.0454545454545,0.0869565217391,0.681818181818,0.661616161616,0.0597014925373,0.175411603861,0.0454545454545,216,194,22,0,216,0,194,0,22,37,216,0.162162162162,1.32432432432,11.6756756757,21.6,6,8.1990990496,0.702237650082,0.31006006006,10.329336629,1.76937710775,0.765265265265,3.0868314707,0.528762798222,0.252752752753,0.579945114934,0.437917739848,2,1.32432432432,0.579945114934,2,0.0121701261701,0.00597269624573,7,0.000900900900901,0.621196581197,37,37,37,1,0,0.72972972973,0.243243243243,0.027027027027,37,0.145645645646,1.32432432432,10.4864864865,19.4,5.54285714286,7.4260114224,0.708150573786,0.3294789635,9.3642505941,1.78596531949,0.772638617999,2.92883561814,0.55859236016,0.295346893285,0.579945114934,0.437917739848,2,1.32432432432,0.579945114934,2,0.0123846330803,0.00529474055771,5,0.000643500643501,0.511603080226,37,37,37,1,0,0.72972972973,0.216216216216,0.0540540540541,37,195,0.146396396396,1.32432432432,10.5405405405,19.5,5.57142857143,7.45577551892,0.707342805642,0.3306999307,9.37386629782,1.77863104112,0.771448371448,2.89298623733,0.548925593749,0.290505890506,0.579945114934,0.437917739848,2,1.32432432432,0.579945114934,2,0.0135410956653,0.00629150646627,6,0.000772200772201,0.514072216029,37,37,37,1,0,0.72972972973,0.216216216216,0.0540540540541,-21,-0.0157657657658,0,-1.13513513514,-2.1,-0.428571428571,-0.74332353068,0.00510515555966,0.0206398706399,-0.955470331182,0.00925393337913,0.00618310618311,-0.193845233376,0.020162795527,0.0377531377531,0,0,0,0,0,0,0.00137096949519,0.000318810220537,-1,-0.0001287001287,-0.107124365168,0,-0.027027027027,0.027027027027,195,0,21,1116,0.902777777778,1,0,0.0972222222222,1,0.902777777778,0.948905109489,0.941330856757,0.902777777778,0.902777777778,1,22,0,0,0,0
3617,WLNM_dir_neg,0.986053719008,0.927784488239,00:00:03,10,90,2,1238804626,threshold_sweep,0.8,1,0.0454545454545,0.0869565217391,1,0,21,44,0.0454545454545,1,0,0.954545454545,1,0.0454545454545,0.0869565217391,0.681818181818,0.661616161616,0.0597014925373,0.175411603861,0.0454545454545,216,194,22,0,216,0,194,0,22,37,216,0.162162162162,1.32432432432,11.6756756757,21.6,6,8.1990990496,0.702237650082,0.31006006006,10.329336629,1.76937710775,0.765265265265,3.0868314707,0.528762798222,0.252752752753,0.579945114934,0.437917739848,2,1.32432432432,0.579945114934,2,0.0121701261701,0.00597269624573,7,0.000900900900901,0.621196581197,37,37,37,1,0,0.72972972973,0.243243243243,0.027027027027,37,0.145645645646,1.32432432432,10.4864864865,19.4,5.54285714286,7.4260114224,0.708150573786,0.3294789635,9.3642505941,1.78596531949,0.772638617999,2.92883561814,0.55859236016,0.295346893285,0.579945114934,0.437917739848,2,1.32432432432,0.579945114934,2,0.0123846330803,0.00529474055771,5,0.000643500643501,0.511603080226,37,37,37,1,0,0.72972972973,0.216216216216,0.0540540540541,37,195,0.146396396396,1.32432432432,10.5405405405,19.5,5.57142857143,7.45577551892,0.707342805642,0.3306999307,9.37386629782,1.77863104112,0.771448371448,2.89298623733,0.548925593749,0.290505890506,0.579945114934,0.437917739848,2,1.32432432432,0.579945114934,2,0.0135410956653,0.00629150646627,6,0.000772200772201,0.514072216029,37,37,37,1,0,0.72972972973,0.216216216216,0.0540540540541,-21,-0.0157657657658,0,-1.13513513514,-2.1,-0.428571428571,-0.74332353068,0.00510515555966,0.0206398706399,-0.955470331182,0.00925393337913,0.00618310618311,-0.193845233376,0.020162795527,0.0377531377531,0,0,0,0,0,0,0.00137096949519,0.000318810220537,-1,-0.0001287001287,-0.107124365168,0,-0.027027027027,0.027027027027,195,0,21,1116,0.902777777778,1,0,0.0972222222222,1,0.902777777778,0.948905109489,0.941330856757,0.902777777778,0.902777777778,1,22,0,0,0,0
3618,WLNM_dir_neg,0.986053719008,0.927784488239,00:00:03,10,90,2,1238804626,threshold_sweep,0.9,1,0.0454545454545,0.0869565217391,1,0,21,44,0.0454545454545,1,0,0.954545454545,1,0.0454545454545,0.0869565217391,0.681818181818,0.661616161616,0.0597014925373,0.175411603861,0.0454545454545,216,194,22,0,216,0,194,0,22,37,216,0.162162162162,1.32432432432,11.6756756757,21.6,6,8.1990990496,0.702237650082,0.31006006006,10.329336629,1.76937710775,0.765265265265,3.0868314707,0.528762798222,0.252752752753,0.579945114934,0.437917739848,2,1.32432432432,0.579945114934,2,0.0121701261701,0.00597269624573,7,0.000900900900901,0.621196581197,37,37,37,1,0,0.72972972973,0.243243243243,0.027027027027,37,0.145645645646,1.32432432432,10.4864864865,19.4,5.54285714286,7.4260114224,0.708150573786,0.3294789635,9.3642505941,1.78596531949,0.772638617999,2.92883561814,0.55859236016,0.295346893285,0.579945114934,0.437917739848,2,1.32432432432,0.579945114934,2,0.0123846330803,0.00529474055771,5,0.000643500643501,0.511603080226,37,37,37,1,0,0.72972972973,0.216216216216,0.0540540540541,37,195,0.146396396396,1.32432432432,10.5405405405,19.5,5.57142857143,7.45577551892,0.707342805642,0.3306999307,9.37386629782,1.77863104112,0.771448371448,2.89298623733,0.548925593749,0.290505890506,0.579945114934,0.437917739848,2,1.32432432432,0.579945114934,2,0.0135410956653,0.00629150646627,6,0.000772200772201,0.514072216029,37,37,37,1,0,0.72972972973,0.216216216216,0.0540540540541,-21,-0.0157657657658,0,-1.13513513514,-2.1,-0.428571428571,-0.74332353068,0.00510515555966,0.0206398706399,-0.955470331182,0.00925393337913,0.00618310618311,-0.193845233376,0.020162795527,0.0377531377531,0,0,0,0,0,0,0.00137096949519,0.000318810220537,-1,-0.0001287001287,-0.107124365168,0,-0.027027027027,0.027027027027,195,0,21,1116,0.902777777778,1,0,0.0972222222222,1,0.902777777778,0.948905109489,0.941330856757,0.902777777778,0.902777777778,1,22,0,0,0,0
3619,WLNM_dir_neg,0.980371900826,0.873106060606,00:00:03,10,90,3,1238804627,threshold_sweep,0.1,1,0.0909090909091,0.166666666667,2,0,20,44,0.0909090909091,1,0,0.909090909091,1,0.0909090909091,0.166666666667,0.69696969697,0.656565656566,0.117647058824,0.25,0.0909090909091,216,194,22,0,216,0,194,0,22,37,216,0.162162162162,1.32432432432,11.6756756757,21.6,6,8.1990990496,0.702237650082,0.31006006006,10.329336629,1.76937710775,0.765265265265,3.0868314707,0.528762798222,0.252752752753,0.579945114934,0.437917739848,2,1.32432432432,0.579945114934,2,0.0121701261701,0.00597269624573,7,0.000900900900901,0.621196581197,37,37,37,1,0,0.72972972973,0.243243243243,0.027027027027,37,0.145645645646,1.32432432432,10.4864864865,19.4,5.38888888889,7.40353377194,0.7060070865,0.32892170521,9.34643546256,1.78256758822,0.770409584843,2.92883561814,0.55859236016,0.294789634996,0.579945114934,0.437917739848,2,1.32432432432,0.579945114934,2,0.00991399904443,0.0042447824549,4,0.000514800514801,0.510160906726,37,37,37,1,0,0.72972972973,0.243243243243,0.027027027027,37,196,0.147147147147,1.32432432432,10.5945945946,19.6,5.44444444444,7.49243863082,0.707194462603,0.332046332046,9.36857888211,1.76855825836,0.76806398235,2.85642419104,0.539222934023,0.285438499724,0.579945114934,0.437917739848,2,1.32432432432,0.579945114934,2,0.0125617364002,0.00622621930128,6,0.000772200772201,0.514605351171,37,37,37,1,0,0.72972972973,0.243243243243,0.027027027027,-20,-0.015015015015,0,-1.08108108108,-2,-0.555555555556,-0.706660418782,0.00495681252125,0.0219862719863,-0.960757746892,-0.000818849388297,0.00279871708443,-0.230407279664,0.0104601358004,0.0326857469715,0,0,0,0,0,0,0.00039161023012,0.000253523055546,-1,-0.0001287001287,-0.106591230026,0,0,0,196,0,20,1116,0.907407407407,1,0,0.0925925925926,1,0.907407407407,0.95145631068,0.944156726864,0.907407407407,0.907407407407,2,22,0,0,0,0
3620,WLNM_dir_neg,0.980371900826,0.873106060606,00:00:03,10,90,3,1238804627,threshold_sweep,0.2,1,0.0909090909091,0.166666666667,2,0,20,44,0.0909090909091,1,0,0.909090909091,1,0.0909090909091,0.166666666667,0.69696969697,0.656565656566,0.117647058824,0.25,0.0909090909091,216,194,22,0,216,0,194,0,22,37,216,0.162162162162,1.32432432432,11.6756756757,21.6,6,8.1990990496,0.702237650082,0.31006006006,10.329336629,1.76937710775,0.765265265265,3.0868314707,0.528762798222,0.252752752753,0.579945114934,0.437917739848,2,1.32432432432,0.579945114934,2,0.0121701261701,0.00597269624573,7,0.000900900900901,0.621196581197,37,37,37,1,0,0.72972972973,0.243243243243,0.027027027027,37,0.145645645646,1.32432432432,10.4864864865,19.4,5.38888888889,7.40353377194,0.7060070865,0.32892170521,9.34643546256,1.78256758822,0.770409584843,2.92883561814,0.55859236016,0.294789634996,0.579945114934,0.437917739848,2,1.32432432432,0.579945114934,2,0.00991399904443,0.0042447824549,4,0.000514800514801,0.510160906726,37,37,37,1,0,0.72972972973,0.243243243243,0.027027027027,37,196,0.147147147147,1.32432432432,10.5945945946,19.6,5.44444444444,7.49243863082,0.707194462603,0.332046332046,9.36857888211,1.76855825836,0.76806398235,2.85642419104,0.539222934023,0.285438499724,0.579945114934,0.437917739848,2,1.32432432432,0.579945114934,2,0.0125617364002,0.00622621930128,6,0.000772200772201,0.514605351171,37,37,37,1,0,0.72972972973,0.243243243243,0.027027027027,-20,-0.015015015015,0,-1.08108108108,-2,-0.555555555556,-0.706660418782,0.00495681252125,0.0219862719863,-0.960757746892,-0.000818849388297,0.00279871708443,-0.230407279664,0.0104601358004,0.0326857469715,0,0,0,0,0,0,0.00039161023012,0.000253523055546,-1,-0.0001287001287,-0.106591230026,0,0,0,196,0,20,1116,0.907407407407,1,0,0.0925925925926,1,0.907407407407,0.95145631068,0.944156726864,0.907407407407,0.907407407407,2,22,0,0,0,0
3621,WLNM_dir_neg,0.980371900826,0.873106060606,00:00:03,10,90,3,1238804627,threshold_sweep,0.3,1,0.0909090909091,0.166666666667,2,0,20,44,0.0909090909091,1,0,0.909090909091,1,0.0909090909091,0.166666666667,0.69696969697,0.656565656566,0.117647058824,0.25,0.0909090909091,216,194,22,0,216,0,194,0,22,37,216,0.162162162162,1.32432432432,11.6756756757,21.6,6,8.1990990496,0.702237650082,0.31006006006,10.329336629,1.76937710775,0.765265265265,3.0868314707,0.528762798222,0.252752752753,0.579945114934,0.437917739848,2,1.32432432432,0.579945114934,2,0.0121701261701,0.00597269624573,7,0.000900900900901,0.621196581197,37,37,37,1,0,0.72972972973,0.243243243243,0.027027027027,37,0.145645645646,1.32432432432,10.4864864865,19.4,5.38888888889,7.40353377194,0.7060070865,0.32892170521,9.34643546256,1.78256758822,0.770409584843,2.92883561814,0.55859236016,0.294789634996,0.579945114934,0.437917739848,2,1.32432432432,0.579945114934,2,0.00991399904443,0.0042447824549,4,0.000514800514801,0.510160906726,37,37,37,1,0,0.72972972973,0.243243243243,0.027027027027,37,196,0.147147147147,1.32432432432,10.5945945946,19.6,5.44444444444,7.49243863082,0.707194462603,0.332046332046,9.36857888211,1.76855825836,0.76806398235,2.85642419104,0.539222934023,0.285438499724,0.579945114934,0.437917739848,2,1.32432432432,0.579945114934,2,0.0125617364002,0.00622621930128,6,0.000772200772201,0.514605351171,37,37,37,1,0,0.72972972973,0.243243243243,0.027027027027,-20,-0.015015015015,0,-1.08108108108,-2,-0.555555555556,-0.706660418782,0.00495681252125,0.0219862719863,-0.960757746892,-0.000818849388297,0.00279871708443,-0.230407279664,0.0104601358004,0.0326857469715,0,0,0,0,0,0,0.00039161023012,0.000253523055546,-1,-0.0001287001287,-0.106591230026,0,0,0,196,0,20,1116,0.907407407407,1,0,0.0925925925926,1,0.907407407407,0.95145631068,0.944156726864,0.907407407407,0.907407407407,2,22,0,0,0,0
3622,WLNM_dir_neg,0.980371900826,0.873106060606,00:00:03,10,90,3,1238804627,threshold_sweep,0.4,1,0.0909090909091,0.166666666667,2,0,20,44,0.0909090909091,1,0,0.909090909091,1,0.0909090909091,0.166666666667,0.69696969697,0.656565656566,0.117647058824,0.25,0.0909090909091,216,194,22,0,216,0,194,0,22,37,216,0.162162162162,1.32432432432,11.6756756757,21.6,6,8.1990990496,0.702237650082,0.31006006006,10.329336629,1.76937710775,0.765265265265,3.0868314707,0.528762798222,0.252752752753,0.579945114934,0.437917739848,2,1.32432432432,0.579945114934,2,0.0121701261701,0.00597269624573,7,0.000900900900901,0.621196581197,37,37,37,1,0,0.72972972973,0.243243243243,0.027027027027,37,0.145645645646,1.32432432432,10.4864864865,19.4,5.38888888889,7.40353377194,0.7060070865,0.32892170521,9.34643546256,1.78256758822,0.770409584843,2.92883561814,0.55859236016,0.294789634996,0.579945114934,0.437917739848,2,1.32432432432,0.579945114934,2,0.00991399904443,0.0042447824549,4,0.000514800514801,0.510160906726,37,37,37,1,0,0.72972972973,0.243243243243,0.027027027027,37,196,0.147147147147,1.32432432432,10.5945945946,19.6,5.44444444444,7.49243863082,0.707194462603,0.332046332046,9.36857888211,1.76855825836,0.76806398235,2.85642419104,0.539222934023,0.285438499724,0.579945114934,0.437917739848,2,1.32432432432,0.579945114934,2,0.0125617364002,0.00622621930128,6,0.000772200772201,0.514605351171,37,37,37,1,0,0.72972972973,0.243243243243,0.027027027027,-20,-0.015015015015,0,-1.08108108108,-2,-0.555555555556,-0.706660418782,0.00495681252125,0.0219862719863,-0.960757746892,-0.000818849388297,0.00279871708443,-0.230407279664,0.0104601358004,0.0326857469715,0,0,0,0,0,0,0.00039161023012,0.000253523055546,-1,-0.0001287001287,-0.106591230026,0,0,0,196,0,20,1116,0.907407407407,1,0,0.0925925925926,1,0.907407407407,0.95145631068,0.944156726864,0.907407407407,0.907407407407,2,22,0,0,0,0
3623,WLNM_dir_neg,0.980371900826,0.873106060606,00:00:03,10,90,3,1238804627,threshold_sweep,0.5,1,0.0909090909091,0.166666666667,2,0,20,44,0.0909090909091,1,0,0.909090909091,1,0.0909090909091,0.166666666667,0.69696969697,0.656565656566,0.117647058824,0.25,0.0909090909091,216,194,22,0,216,0,194,0,22,37,216,0.162162162162,1.32432432432,11.6756756757,21.6,6,8.1990990496,0.702237650082,0.31006006006,10.329336629,1.76937710775,0.765265265265,3.0868314707,0.528762798222,0.252752752753,0.579945114934,0.437917739848,2,1.32432432432,0.579945114934,2,0.0121701261701,0.00597269624573,7,0.000900900900901,0.621196581197,37,37,37,1,0,0.72972972973,0.243243243243,0.027027027027,37,0.145645645646,1.32432432432,10.4864864865,19.4,5.38888888889,7.40353377194,0.7060070865,0.32892170521,9.34643546256,1.78256758822,0.770409584843,2.92883561814,0.55859236016,0.294789634996,0.579945114934,0.437917739848,2,1.32432432432,0.579945114934,2,0.00991399904443,0.0042447824549,4,0.000514800514801,0.510160906726,37,37,37,1,0,0.72972972973,0.243243243243,0.027027027027,37,196,0.147147147147,1.32432432432,10.5945945946,19.6,5.44444444444,7.49243863082,0.707194462603,0.332046332046,9.36857888211,1.76855825836,0.76806398235,2.85642419104,0.539222934023,0.285438499724,0.579945114934,0.437917739848,2,1.32432432432,0.579945114934,2,0.0125617364002,0.00622621930128,6,0.000772200772201,0.514605351171,37,37,37,1,0,0.72972972973,0.243243243243,0.027027027027,-20,-0.015015015015,0,-1.08108108108,-2,-0.555555555556,-0.706660418782,0.00495681252125,0.0219862719863,-0.960757746892,-0.000818849388297,0.00279871708443,-0.230407279664,0.0104601358004,0.0326857469715,0,0,0,0,0,0,0.00039161023012,0.000253523055546,-1,-0.0001287001287,-0.106591230026,0,0,0,196,0,20,1116,0.907407407407,1,0,0.0925925925926,1,0.907407407407,0.95145631068,0.944156726864,0.907407407407,0.907407407407,2,22,0,0,0,0
3624,WLNM_dir_neg,0.980371900826,0.873106060606,00:00:03,10,90,3,1238804627,threshold_sweep,0.6,1,0.0909090909091,0.166666666667,2,0,20,44,0.0909090909091,1,0,0.909090909091,1,0.0909090909091,0.166666666667,0.69696969697,0.656565656566,0.117647058824,0.25,0.0909090909091,216,194,22,0,216,0,194,0,22,37,216,0.162162162162,1.32432432432,11.6756756757,21.6,6,8.1990990496,0.702237650082,0.31006006006,10.329336629,1.76937710775,0.765265265265,3.0868314707,0.528762798222,0.252752752753,0.579945114934,0.437917739848,2,1.32432432432,0.579945114934,2,0.0121701261701,0.00597269624573,7,0.000900900900901,0.621196581197,37,37,37,1,0,0.72972972973,0.243243243243,0.027027027027,37,0.145645645646,1.32432432432,10.4864864865,19.4,5.38888888889,7.40353377194,0.7060070865,0.32892170521,9.34643546256,1.78256758822,0.770409584843,2.92883561814,0.55859236016,0.294789634996,0.579945114934,0.437917739848,2,1.32432432432,0.579945114934,2,0.00991399904443,0.0042447824549,4,0.000514800514801,0.510160906726,37,37,37,1,0,0.72972972973,0.243243243243,0.027027027027,37,196,0.147147147147,1.32432432432,10.5945945946,19.6,5.44444444444,7.49243863082,0.707194462603,0.332046332046,9.36857888211,1.76855825836,0.76806398235,2.85642419104,0.539222934023,0.285438499724,0.579945114934,0.437917739848,2,1.32432432432,0.579945114934,2,0.0125617364002,0.00622621930128,6,0.000772200772201,0.514605351171,37,37,37,1,0,0.72972972973,0.243243243243,0.027027027027,-20,-0.015015015015,0,-1.08108108108,-2,-0.555555555556,-0.706660418782,0.00495681252125,0.0219862719863,-0.960757746892,-0.000818849388297,0.00279871708443,-0.230407279664,0.0104601358004,0.0326857469715,0,0,0,0,0,0,0.00039161023012,0.000253523055546,-1,-0.0001287001287,-0.106591230026,0,0,0,196,0,20,1116,0.907407407407,1,0,0.0925925925926,1,0.907407407407,0.95145631068,0.944156726864,0.907407407407,0.907407407407,2,22,0,0,0,0
3625,WLNM_dir_neg,0.980371900826,0.873106060606,00:00:03,10,90,3,1238804627,threshold_sweep,0.7,1,0.0909090909091,0.166666666667,2,0,20,44,0.0909090909091,1,0,0.909090909091,1,0.0909090909091,0.166666666667,0.69696969697,0.656565656566,0.117647058824,0.25,0.0909090909091,216,194,22,0,216,0,194,0,22,37,216,0.162162162162,1.32432432432,11.6756756757,21.6,6,8.1990990496,0.702237650082,0.31006006006,10.329336629,1.76937710775,0.765265265265,3.0868314707,0.528762798222,0.252752752753,0.579945114934,0.437917739848,2,1.32432432432,0.579945114934,2,0.0121701261701,0.00597269624573,7,0.000900900900901,0.621196581197,37,37,37,1,0,0.72972972973,0.243243243243,0.027027027027,37,0.145645645646,1.32432432432,10.4864864865,19.4,5.38888888889,7.40353377194,0.7060070865,0.32892170521,9.34643546256,1.78256758822,0.770409584843,2.92883561814,0.55859236016,0.294789634996,0.579945114934,0.437917739848,2,1.32432432432,0.579945114934,2,0.00991399904443,0.0042447824549,4,0.000514800514801,0.510160906726,37,37,37,1,0,0.72972972973,0.243243243243,0.027027027027,37,196,0.147147147147,1.32432432432,10.5945945946,19.6,5.44444444444,7.49243863082,0.707194462603,0.332046332046,9.36857888211,1.76855825836,0.76806398235,2.85642419104,0.539222934023,0.285438499724,0.579945114934,0.437917739848,2,1.32432432432,0.579945114934,2,0.0125617364002,0.00622621930128,6,0.000772200772201,0.514605351171,37,37,37,1,0,0.72972972973,0.243243243243,0.027027027027,-20,-0.015015015015,0,-1.08108108108,-2,-0.555555555556,-0.706660418782,0.00495681252125,0.0219862719863,-0.960757746892,-0.000818849388297,0.00279871708443,-0.230407279664,0.0104601358004,0.0326857469715,0,0,0,0,0,0,0.00039161023012,0.000253523055546,-1,-0.0001287001287,-0.106591230026,0,0,0,196,0,20,1116,0.907407407407,1,0,0.0925925925926,1,0.907407407407,0.95145631068,0.944156726864,0.907407407407,0.907407407407,2,22,0,0,0,0
3626,WLNM_dir_neg,0.980371900826,0.873106060606,00:00:03,10,90,3,1238804627,threshold_sweep,0.8,1,0.0909090909091,0.166666666667,2,0,20,44,0.0909090909091,1,0,0.909090909091,1,0.0909090909091,0.166666666667,0.69696969697,0.656565656566,0.117647058824,0.25,0.0909090909091,216,194,22,0,216,0,194,0,22,37,216,0.162162162162,1.32432432432,11.6756756757,21.6,6,8.1990990496,0.702237650082,0.31006006006,10.329336629,1.76937710775,0.765265265265,3.0868314707,0.528762798222,0.252752752753,0.579945114934,0.437917739848,2,1.32432432432,0.579945114934,2,0.0121701261701,0.00597269624573,7,0.000900900900901,0.621196581197,37,37,37,1,0,0.72972972973,0.243243243243,0.027027027027,37,0.145645645646,1.32432432432,10.4864864865,19.4,5.38888888889,7.40353377194,0.7060070865,0.32892170521,9.34643546256,1.78256758822,0.770409584843,2.92883561814,0.55859236016,0.294789634996,0.579945114934,0.437917739848,2,1.32432432432,0.579945114934,2,0.00991399904443,0.0042447824549,4,0.000514800514801,0.510160906726,37,37,37,1,0,0.72972972973,0.243243243243,0.027027027027,37,196,0.147147147147,1.32432432432,10.5945945946,19.6,5.44444444444,7.49243863082,0.707194462603,0.332046332046,9.36857888211,1.76855825836,0.76806398235,2.85642419104,0.539222934023,0.285438499724,0.579945114934,0.437917739848,2,1.32432432432,0.579945114934,2,0.0125617364002,0.00622621930128,6,0.000772200772201,0.514605351171,37,37,37,1,0,0.72972972973,0.243243243243,0.027027027027,-20,-0.015015015015,0,-1.08108108108,-2,-0.555555555556,-0.706660418782,0.00495681252125,0.0219862719863,-0.960757746892,-0.000818849388297,0.00279871708443,-0.230407279664,0.0104601358004,0.0326857469715,0,0,0,0,0,0,0.00039161023012,0.000253523055546,-1,-0.0001287001287,-0.106591230026,0,0,0,196,0,20,1116,0.907407407407,1,0,0.0925925925926,1,0.907407407407,0.95145631068,0.944156726864,0.907407407407,0.907407407407,2,22,0,0,0,0
3627,WLNM_dir_neg,0.980371900826,0.873106060606,00:00:03,10,90,3,1238804627,threshold_sweep,0.9,1,0.0909090909091,0.166666666667,2,0,20,44,0.0909090909091,1,0,0.909090909091,1,0.0909090909091,0.166666666667,0.69696969697,0.656565656566,0.117647058824,0.25,0.0909090909091,216,194,22,0,216,0,194,0,22,37,216,0.162162162162,1.32432432432,11.6756756757,21.6,6,8.1990990496,0.702237650082,0.31006006006,10.329336629,1.76937710775,0.765265265265,3.0868314707,0.528762798222,0.252752752753,0.579945114934,0.437917739848,2,1.32432432432,0.579945114934,2,0.0121701261701,0.00597269624573,7,0.000900900900901,0.621196581197,37,37,37,1,0,0.72972972973,0.243243243243,0.027027027027,37,0.145645645646,1.32432432432,10.4864864865,19.4,5.38888888889,7.40353377194,0.7060070865,0.32892170521,9.34643546256,1.78256758822,0.770409584843,2.92883561814,0.55859236016,0.294789634996,0.579945114934,0.437917739848,2,1.32432432432,0.579945114934,2,0.00991399904443,0.0042447824549,4,0.000514800514801,0.510160906726,37,37,37,1,0,0.72972972973,0.243243243243,0.027027027027,37,196,0.147147147147,1.32432432432,10.5945945946,19.6,5.44444444444,7.49243863082,0.707194462603,0.332046332046,9.36857888211,1.76855825836,0.76806398235,2.85642419104,0.539222934023,0.285438499724,0.579945114934,0.437917739848,2,1.32432432432,0.579945114934,2,0.0125617364002,0.00622621930128,6,0.000772200772201,0.514605351171,37,37,37,1,0,0.72972972973,0.243243243243,0.027027027027,-20,-0.015015015015,0,-1.08108108108,-2,-0.555555555556,-0.706660418782,0.00495681252125,0.0219862719863,-0.960757746892,-0.000818849388297,0.00279871708443,-0.230407279664,0.0104601358004,0.0326857469715,0,0,0,0,0,0,0.00039161023012,0.000253523055546,-1,-0.0001287001287,-0.106591230026,0,0,0,196,0,20,1116,0.907407407407,1,0,0.0925925925926,1,0.907407407407,0.95145631068,0.944156726864,0.907407407407,0.907407407407,2,22,0,0,0,0
3628,WLNM_dir_neg,0.989669421488,0.934782608696,00:00:03,10,90,4,1238804628,threshold_sweep,0.1,1,0.0909090909091,0.166666666667,2,0,20,44,0.0909090909091,1,0,0.909090909091,1,0.0909090909091,0.166666666667,0.69696969697,0.656565656566,0.117647058824,0.25,0.0909090909091,216,194,22,0,216,0,194,0,22,37,216,0.162162162162,1.32432432432,11.6756756757,21.6,6,8.1990990496,0.702237650082,0.31006006006,10.329336629,1.76937710775,0.765265265265,3.0868314707,0.528762798222,0.252752752753,0.579945114934,0.437917739848,2,1.32432432432,0.579945114934,2,0.0121701261701,0.00597269624573,7,0.000900900900901,0.621196581197,37,37,37,1,0,0.72972972973,0.243243243243,0.027027027027,37,0.145645645646,1.32432432432,10.4864864865,19.4,5.38888888889,7.41103389706,0.706722304617,0.331707996656,9.30174835837,1.77404479,0.76845918083,2.90024333659,0.55313919306,0.293396489273,0.579945114934,0.437917739848,2,1.32432432432,0.579945114934,2,0.0112720102534,0.00530222693531,5,0.000643500643501,0.511435773566,37,37,37,1,0,0.72972972973,0.243243243243,0.027027027027,37,196,0.147147147147,1.32432432432,10.5945945946,19.6,5.44444444444,7.48873027162,0.706844438903,0.333011583012,9.31803765961,1.75901731329,0.765857694429,2.82709966087,0.533687180879,0.283507997794,0.579945114934,0.437917739848,2,1.32432432432,0.579945114934,2,0.0123072607172,0.00726643598616,7,0.000900900900901,0.515880218011,37,37,37,1,0,0.72972972973,0.243243243243,0.027027027027,-20,-0.015015015015,0,-1.08108108108,-2,-0.555555555556,-0.710368777984,0.00460678882106,0.0229515229515,-1.01129896939,-0.0103597944525,0.000592429163858,-0.259731809834,0.00492438265612,0.030755245041,0,0,0,0,0,0,0.000137134547072,0.00129373974043,0,0,-0.105316363186,0,0,0,196,0,20,1116,0.907407407407,1,0,0.0925925925926,1,0.907407407407,0.95145631068,0.944156726864,0.907407407407,0.907407407407,2,22,0,0,0,0
3629,WLNM_dir_neg,0.989669421488,0.934782608696,00:00:03,10,90,4,1238804628,threshold_sweep,0.2,1,0.0909090909091,0.166666666667,2,0,20,44,0.0909090909091,1,0,0.909090909091,1,0.0909090909091,0.166666666667,0.69696969697,0.656565656566,0.117647058824,0.25,0.0909090909091,216,194,22,0,216,0,194,0,22,37,216,0.162162162162,1.32432432432,11.6756756757,21.6,6,8.1990990496,0.702237650082,0.31006006006,10.329336629,1.76937710775,0.765265265265,3.0868314707,0.528762798222,0.252752752753,0.579945114934,0.437917739848,2,1.32432432432,0.579945114934,2,0.0121701261701,0.00597269624573,7,0.000900900900901,0.621196581197,37,37,37,1,0,0.72972972973,0.243243243243,0.027027027027,37,0.145645645646,1.32432432432,10.4864864865,19.4,5.38888888889,7.41103389706,0.706722304617,0.331707996656,9.30174835837,1.77404479,0.76845918083,2.90024333659,0.55313919306,0.293396489273,0.579945114934,0.437917739848,2,1.32432432432,0.579945114934,2,0.0112720102534,0.00530222693531,5,0.000643500643501,0.511435773566,37,37,37,1,0,0.72972972973,0.243243243243,0.027027027027,37,196,0.147147147147,1.32432432432,10.5945945946,19.6,5.44444444444,7.48873027162,0.706844438903,0.333011583012,9.31803765961,1.75901731329,0.765857694429,2.82709966087,0.533687180879,0.283507997794,0.579945114934,0.437917739848,2,1.32432432432,0.579945114934,2,0.0123072607172,0.00726643598616,7,0.000900900900901,0.515880218011,37,37,37,1,0,0.72972972973,0.243243243243,0.027027027027,-20,-0.015015015015,0,-1.08108108108,-2,-0.555555555556,-0.710368777984,0.00460678882106,0.0229515229515,-1.01129896939,-0.0103597944525,0.000592429163858,-0.259731809834,0.00492438265612,0.030755245041,0,0,0,0,0,0,0.000137134547072,0.00129373974043,0,0,-0.105316363186,0,0,0,196,0,20,1116,0.907407407407,1,0,0.0925925925926,1,0.907407407407,0.95145631068,0.944156726864,0.907407407407,0.907407407407,2,22,0,0,0,0
3630,WLNM_dir_neg,0.989669421488,0.934782608696,00:00:03,10,90,4,1238804628,threshold_sweep,0.3,1,0.0909090909091,0.166666666667,2,0,20,44,0.0909090909091,1,0,0.909090909091,1,0.0909090909091,0.166666666667,0.69696969697,0.656565656566,0.117647058824,0.25,0.0909090909091,216,194,22,0,216,0,194,0,22,37,216,0.162162162162,1.32432432432,11.6756756757,21.6,6,8.1990990496,0.702237650082,0.31006006006,10.329336629,1.76937710775,0.765265265265,3.0868314707,0.528762798222,0.252752752753,0.579945114934,0.437917739848,2,1.32432432432,0.579945114934,2,0.0121701261701,0.00597269624573,7,0.000900900900901,0.621196581197,37,37,37,1,0,0.72972972973,0.243243243243,0.027027027027,37,0.145645645646,1.32432432432,10.4864864865,19.4,5.38888888889,7.41103389706,0.706722304617,0.331707996656,9.30174835837,1.77404479,0.76845918083,2.90024333659,0.55313919306,0.293396489273,0.579945114934,0.437917739848,2,1.32432432432,0.579945114934,2,0.0112720102534,0.00530222693531,5,0.000643500643501,0.511435773566,37,37,37,1,0,0.72972972973,0.243243243243,0.027027027027,37,196,0.147147147147,1.32432432432,10.5945945946,19.6,5.44444444444,7.48873027162,0.706844438903,0.333011583012,9.31803765961,1.75901731329,0.765857694429,2.82709966087,0.533687180879,0.283507997794,0.579945114934,0.437917739848,2,1.32432432432,0.579945114934,2,0.0123072607172,0.00726643598616,7,0.000900900900901,0.515880218011,37,37,37,1,0,0.72972972973,0.243243243243,0.027027027027,-20,-0.015015015015,0,-1.08108108108,-2,-0.555555555556,-0.710368777984,0.00460678882106,0.0229515229515,-1.01129896939,-0.0103597944525,0.000592429163858,-0.259731809834,0.00492438265612,0.030755245041,0,0,0,0,0,0,0.000137134547072,0.00129373974043,0,0,-0.105316363186,0,0,0,196,0,20,1116,0.907407407407,1,0,0.0925925925926,1,0.907407407407,0.95145631068,0.944156726864,0.907407407407,0.907407407407,2,22,0,0,0,0
3631,WLNM_dir_neg,0.989669421488,0.934782608696,00:00:03,10,90,4,1238804628,threshold_sweep,0.4,1,0.0454545454545,0.0869565217391,1,0,21,44,0.0454545454545,1,0,0.954545454545,1,0.0454545454545,0.0869565217391,0.681818181818,0.661616161616,0.0597014925373,0.175411603861,0.0454545454545,216,194,22,0,216,0,194,0,22,37,216,0.162162162162,1.32432432432,11.6756756757,21.6,6,8.1990990496,0.702237650082,0.31006006006,10.329336629,1.76937710775,0.765265265265,3.0868314707,0.528762798222,0.252752752753,0.579945114934,0.437917739848,2,1.32432432432,0.579945114934,2,0.0121701261701,0.00597269624573,7,0.000900900900901,0.621196581197,37,37,37,1,0,0.72972972973,0.243243243243,0.027027027027,37,0.145645645646,1.32432432432,10.4864864865,19.4,5.38888888889,7.41103389706,0.706722304617,0.331707996656,9.30174835837,1.77404479,0.76845918083,2.90024333659,0.55313919306,0.293396489273,0.579945114934,0.437917739848,2,1.32432432432,0.579945114934,2,0.0112720102534,0.00530222693531,5,0.000643500643501,0.511435773566,37,37,37,1,0,0.72972972973,0.243243243243,0.027027027027,37,195,0.146396396396,1.32432432432,10.5405405405,19.5,5.41666666667,7.45950026102,0.70769617861,0.333471933472,9.31441132108,1.76734984041,0.76729036729,2.86403608614,0.543432488139,0.288565488565,0.579945114934,0.437917739848,2,1.32432432432,0.579945114934,2,0.0125690624076,0.0062893081761,6,0.000772200772201,0.513657995788,37,37,37,1,0,0.72972972973,0.243243243243,0.027027027027,-21,-0.0157657657658,0,-1.13513513514,-2.1,-0.583333333333,-0.739598788585,0.00545852852764,0.0234118734119,-1.01492530792,-0.00202726733532,0.0020251020251,-0.222795384566,0.0146696899166,0.0358127358127,0,0,0,0,0,0,0.000398936237446,0.000316611930367,-1,-0.0001287001287,-0.107538585408,0,0,0,195,0,21,1116,0.902777777778,1,0,0.0972222222222,1,0.902777777778,0.948905109489,0.941330856757,0.902777777778,0.902777777778,1,22,0,0,0,0
3632,WLNM_dir_neg,0.989669421488,0.934782608696,00:00:03,10,90,4,1238804628,threshold_sweep,0.5,1,0.0454545454545,0.0869565217391,1,0,21,44,0.0454545454545,1,0,0.954545454545,1,0.0454545454545,0.0869565217391,0.681818181818,0.661616161616,0.0597014925373,0.175411603861,0.0454545454545,216,194,22,0,216,0,194,0,22,37,216,0.162162162162,1.32432432432,11.6756756757,21.6,6,8.1990990496,0.702237650082,0.31006006006,10.329336629,1.76937710775,0.765265265265,3.0868314707,0.528762798222,0.252752752753,0.579945114934,0.437917739848,2,1.32432432432,0.579945114934,2,0.0121701261701,0.00597269624573,7,0.000900900900901,0.621196581197,37,37,37,1,0,0.72972972973,0.243243243243,0.027027027027,37,0.145645645646,1.32432432432,10.4864864865,19.4,5.38888888889,7.41103389706,0.706722304617,0.331707996656,9.30174835837,1.77404479,0.76845918083,2.90024333659,0.55313919306,0.293396489273,0.579945114934,0.437917739848,2,1.32432432432,0.579945114934,2,0.0112720102534,0.00530222693531,5,0.000643500643501,0.511435773566,37,37,37,1,0,0.72972972973,0.243243243243,0.027027027027,37,195,0.146396396396,1.32432432432,10.5405405405,19.5,5.41666666667,7.45950026102,0.70769617861,0.333471933472,9.31441132108,1.76734984041,0.76729036729,2.86403608614,0.543432488139,0.288565488565,0.579945114934,0.437917739848,2,1.32432432432,0.579945114934,2,0.0125690624076,0.0062893081761,6,0.000772200772201,0.513657995788,37,37,37,1,0,0.72972972973,0.243243243243,0.027027027027,-21,-0.0157657657658,0,-1.13513513514,-2.1,-0.583333333333,-0.739598788585,0.00545852852764,0.0234118734119,-1.01492530792,-0.00202726733532,0.0020251020251,-0.222795384566,0.0146696899166,0.0358127358127,0,0,0,0,0,0,0.000398936237446,0.000316611930367,-1,-0.0001287001287,-0.107538585408,0,0,0,195,0,21,1116,0.902777777778,1,0,0.0972222222222,1,0.902777777778,0.948905109489,0.941330856757,0.902777777778,0.902777777778,1,22,0,0,0,0
3633,WLNM_dir_neg,0.989669421488,0.934782608696,00:00:03,10,90,4,1238804628,threshold_sweep,0.6,1,0.0454545454545,0.0869565217391,1,0,21,44,0.0454545454545,1,0,0.954545454545,1,0.0454545454545,0.0869565217391,0.681818181818,0.661616161616,0.0597014925373,0.175411603861,0.0454545454545,216,194,22,0,216,0,194,0,22,37,216,0.162162162162,1.32432432432,11.6756756757,21.6,6,8.1990990496,0.702237650082,0.31006006006,10.329336629,1.76937710775,0.765265265265,3.0868314707,0.528762798222,0.252752752753,0.579945114934,0.437917739848,2,1.32432432432,0.579945114934,2,0.0121701261701,0.00597269624573,7,0.000900900900901,0.621196581197,37,37,37,1,0,0.72972972973,0.243243243243,0.027027027027,37,0.145645645646,1.32432432432,10.4864864865,19.4,5.38888888889,7.41103389706,0.706722304617,0.331707996656,9.30174835837,1.77404479,0.76845918083,2.90024333659,0.55313919306,0.293396489273,0.579945114934,0.437917739848,2,1.32432432432,0.579945114934,2,0.0112720102534,0.00530222693531,5,0.000643500643501,0.511435773566,37,37,37,1,0,0.72972972973,0.243243243243,0.027027027027,37,195,0.146396396396,1.32432432432,10.5405405405,19.5,5.41666666667,7.45950026102,0.70769617861,0.333471933472,9.31441132108,1.76734984041,0.76729036729,2.86403608614,0.543432488139,0.288565488565,0.579945114934,0.437917739848,2,1.32432432432,0.579945114934,2,0.0125690624076,0.0062893081761,6,0.000772200772201,0.513657995788,37,37,37,1,0,0.72972972973,0.243243243243,0.027027027027,-21,-0.0157657657658,0,-1.13513513514,-2.1,-0.583333333333,-0.739598788585,0.00545852852764,0.0234118734119,-1.01492530792,-0.00202726733532,0.0020251020251,-0.222795384566,0.0146696899166,0.0358127358127,0,0,0,0,0,0,0.000398936237446,0.000316611930367,-1,-0.0001287001287,-0.107538585408,0,0,0,195,0,21,1116,0.902777777778,1,0,0.0972222222222,1,0.902777777778,0.948905109489,0.941330856757,0.902777777778,0.902777777778,1,22,0,0,0,0
3634,WLNM_dir_neg,0.989669421488,0.934782608696,00:00:03,10,90,4,1238804628,threshold_sweep,0.7,1,0.0454545454545,0.0869565217391,1,0,21,44,0.0454545454545,1,0,0.954545454545,1,0.0454545454545,0.0869565217391,0.681818181818,0.661616161616,0.0597014925373,0.175411603861,0.0454545454545,216,194,22,0,216,0,194,0,22,37,216,0.162162162162,1.32432432432,11.6756756757,21.6,6,8.1990990496,0.702237650082,0.31006006006,10.329336629,1.76937710775,0.765265265265,3.0868314707,0.528762798222,0.252752752753,0.579945114934,0.437917739848,2,1.32432432432,0.579945114934,2,0.0121701261701,0.00597269624573,7,0.000900900900901,0.621196581197,37,37,37,1,0,0.72972972973,0.243243243243,0.027027027027,37,0.145645645646,1.32432432432,10.4864864865,19.4,5.38888888889,7.41103389706,0.706722304617,0.331707996656,9.30174835837,1.77404479,0.76845918083,2.90024333659,0.55313919306,0.293396489273,0.579945114934,0.437917739848,2,1.32432432432,0.579945114934,2,0.0112720102534,0.00530222693531,5,0.000643500643501,0.511435773566,37,37,37,1,0,0.72972972973,0.243243243243,0.027027027027,37,195,0.146396396396,1.32432432432,10.5405405405,19.5,5.41666666667,7.45950026102,0.70769617861,0.333471933472,9.31441132108,1.76734984041,0.76729036729,2.86403608614,0.543432488139,0.288565488565,0.579945114934,0.437917739848,2,1.32432432432,0.579945114934,2,0.0125690624076,0.0062893081761,6,0.000772200772201,0.513657995788,37,37,37,1,0,0.72972972973,0.243243243243,0.027027027027,-21,-0.0157657657658,0,-1.13513513514,-2.1,-0.583333333333,-0.739598788585,0.00545852852764,0.0234118734119,-1.01492530792,-0.00202726733532,0.0020251020251,-0.222795384566,0.0146696899166,0.0358127358127,0,0,0,0,0,0,0.000398936237446,0.000316611930367,-1,-0.0001287001287,-0.107538585408,0,0,0,195,0,21,1116,0.902777777778,1,0,0.0972222222222,1,0.902777777778,0.948905109489,0.941330856757,0.902777777778,0.902777777778,1,22,0,0,0,0
3635,WLNM_dir_neg,0.989669421488,0.934782608696,00:00:03,10,90,4,1238804628,threshold_sweep,0.8,1,0.0454545454545,0.0869565217391,1,0,21,44,0.0454545454545,1,0,0.954545454545,1,0.0454545454545,0.0869565217391,0.681818181818,0.661616161616,0.0597014925373,0.175411603861,0.0454545454545,216,194,22,0,216,0,194,0,22,37,216,0.162162162162,1.32432432432,11.6756756757,21.6,6,8.1990990496,0.702237650082,0.31006006006,10.329336629,1.76937710775,0.765265265265,3.0868314707,0.528762798222,0.252752752753,0.579945114934,0.437917739848,2,1.32432432432,0.579945114934,2,0.0121701261701,0.00597269624573,7,0.000900900900901,0.621196581197,37,37,37,1,0,0.72972972973,0.243243243243,0.027027027027,37,0.145645645646,1.32432432432,10.4864864865,19.4,5.38888888889,7.41103389706,0.706722304617,0.331707996656,9.30174835837,1.77404479,0.76845918083,2.90024333659,0.55313919306,0.293396489273,0.579945114934,0.437917739848,2,1.32432432432,0.579945114934,2,0.0112720102534,0.00530222693531,5,0.000643500643501,0.511435773566,37,37,37,1,0,0.72972972973,0.243243243243,0.027027027027,37,195,0.146396396396,1.32432432432,10.5405405405,19.5,5.41666666667,7.45950026102,0.70769617861,0.333471933472,9.31441132108,1.76734984041,0.76729036729,2.86403608614,0.543432488139,0.288565488565,0.579945114934,0.437917739848,2,1.32432432432,0.579945114934,2,0.0125690624076,0.0062893081761,6,0.000772200772201,0.513657995788,37,37,37,1,0,0.72972972973,0.243243243243,0.027027027027,-21,-0.0157657657658,0,-1.13513513514,-2.1,-0.583333333333,-0.739598788585,0.00545852852764,0.0234118734119,-1.01492530792,-0.00202726733532,0.0020251020251,-0.222795384566,0.0146696899166,0.0358127358127,0,0,0,0,0,0,0.000398936237446,0.000316611930367,-1,-0.0001287001287,-0.107538585408,0,0,0,195,0,21,1116,0.902777777778,1,0,0.0972222222222,1,0.902777777778,0.948905109489,0.941330856757,0.902777777778,0.902777777778,1,22,0,0,0,0
3636,WLNM_dir_neg,0.989669421488,0.934782608696,00:00:03,10,90,4,1238804628,threshold_sweep,0.9,1,0.0454545454545,0.0869565217391,1,0,21,44,0.0454545454545,1,0,0.954545454545,1,0.0454545454545,0.0869565217391,0.681818181818,0.661616161616,0.0597014925373,0.175411603861,0.0454545454545,216,194,22,0,216,0,194,0,22,37,216,0.162162162162,1.32432432432,11.6756756757,21.6,6,8.1990990496,0.702237650082,0.31006006006,10.329336629,1.76937710775,0.765265265265,3.0868314707,0.528762798222,0.252752752753,0.579945114934,0.437917739848,2,1.32432432432,0.579945114934,2,0.0121701261701,0.00597269624573,7,0.000900900900901,0.621196581197,37,37,37,1,0,0.72972972973,0.243243243243,0.027027027027,37,0.145645645646,1.32432432432,10.4864864865,19.4,5.38888888889,7.41103389706,0.706722304617,0.331707996656,9.30174835837,1.77404479,0.76845918083,2.90024333659,0.55313919306,0.293396489273,0.579945114934,0.437917739848,2,1.32432432432,0.579945114934,2,0.0112720102534,0.00530222693531,5,0.000643500643501,0.511435773566,37,37,37,1,0,0.72972972973,0.243243243243,0.027027027027,37,195,0.146396396396,1.32432432432,10.5405405405,19.5,5.41666666667,7.45950026102,0.70769617861,0.333471933472,9.31441132108,1.76734984041,0.76729036729,2.86403608614,0.543432488139,0.288565488565,0.579945114934,0.437917739848,2,1.32432432432,0.579945114934,2,0.0125690624076,0.0062893081761,6,0.000772200772201,0.513657995788,37,37,37,1,0,0.72972972973,0.243243243243,0.027027027027,-21,-0.0157657657658,0,-1.13513513514,-2.1,-0.583333333333,-0.739598788585,0.00545852852764,0.0234118734119,-1.01492530792,-0.00202726733532,0.0020251020251,-0.222795384566,0.0146696899166,0.0358127358127,0,0,0,0,0,0,0.000398936237446,0.000316611930367,-1,-0.0001287001287,-0.107538585408,0,0,0,195,0,21,1116,0.902777777778,1,0,0.0972222222222,1,0.902777777778,0.948905109489,0.941330856757,0.902777777778,0.902777777778,1,22,0,0,0,0
3637,WLNM_dir_neg,1,0.909090909091,00:00:03,10,90,5,1238804629,threshold_sweep,0.1,1,0.0909090909091,0.166666666667,2,0,20,44,0.0909090909091,1,0,0.909090909091,1,0.0909090909091,0.166666666667,0.69696969697,0.656565656566,0.117647058824,0.25,0.0909090909091,216,194,22,0,216,0,194,0,22,37,216,0.162162162162,1.32432432432,11.6756756757,21.6,6,8.1990990496,0.702237650082,0.31006006006,10.329336629,1.76937710775,0.765265265265,3.0868314707,0.528762798222,0.252752752753,0.579945114934,0.437917739848,2,1.32432432432,0.579945114934,2,0.0121701261701,0.00597269624573,7,0.000900900900901,0.621196581197,37,37,37,1,0,0.72972972973,0.243243243243,0.027027027027,37,0.145645645646,1.32432432432,10.4864864865,19.4,5.38888888889,7.41103389706,0.706722304617,0.326971301198,9.31666787539,1.77689026489,0.771245472276,2.84219599572,0.542068308462,0.284201727501,0.579945114934,0.437917739848,2,1.32432432432,0.579945114934,2,0.0107083310065,0.00530222693531,5,0.000643500643501,0.501180849746,37,37,37,1,0,0.72972972973,0.243243243243,0.027027027027,37,196,0.147147147147,1.32432432432,10.5945945946,19.6,5.44444444444,7.49243863082,0.707194462603,0.330253723111,9.33888187712,1.76295219109,0.76889134032,2.76751859238,0.522439734275,0.274407060121,0.579945114934,0.437917739848,2,1.32432432432,0.579945114934,2,0.0123155174708,0.00726392251816,7,0.000900900900901,0.505625294191,37,37,37,1,0,0.72972972973,0.243243243243,0.027027027027,-20,-0.015015015015,0,-1.08108108108,-2,-0.555555555556,-0.706660418782,0.00495681252125,0.0201936630508,-0.990454751884,-0.00642491665721,0.00362607505465,-0.319312878326,-0.00632306394696,0.0216543073686,0,0,0,0,0,0,0.000145391300671,0.00129122627243,0,0,-0.115571287006,0,0,0,196,0,20,1116,0.907407407407,1,0,0.0925925925926,1,0.907407407407,0.95145631068,0.944156726864,0.907407407407,0.907407407407,2,22,0,0,0,0
3638,WLNM_dir_neg,1,0.909090909091,00:00:03,10,90,5,1238804629,threshold_sweep,0.2,1,0.0909090909091,0.166666666667,2,0,20,44,0.0909090909091,1,0,0.909090909091,1,0.0909090909091,0.166666666667,0.69696969697,0.656565656566,0.117647058824,0.25,0.0909090909091,216,194,22,0,216,0,194,0,22,37,216,0.162162162162,1.32432432432,11.6756756757,21.6,6,8.1990990496,0.702237650082,0.31006006006,10.329336629,1.76937710775,0.765265265265,3.0868314707,0.528762798222,0.252752752753,0.579945114934,0.437917739848,2,1.32432432432,0.579945114934,2,0.0121701261701,0.00597269624573,7,0.000900900900901,0.621196581197,37,37,37,1,0,0.72972972973,0.243243243243,0.027027027027,37,0.145645645646,1.32432432432,10.4864864865,19.4,5.38888888889,7.41103389706,0.706722304617,0.326971301198,9.31666787539,1.77689026489,0.771245472276,2.84219599572,0.542068308462,0.284201727501,0.579945114934,0.437917739848,2,1.32432432432,0.579945114934,2,0.0107083310065,0.00530222693531,5,0.000643500643501,0.501180849746,37,37,37,1,0,0.72972972973,0.243243243243,0.027027027027,37,196,0.147147147147,1.32432432432,10.5945945946,19.6,5.44444444444,7.49243863082,0.707194462603,0.330253723111,9.33888187712,1.76295219109,0.76889134032,2.76751859238,0.522439734275,0.274407060121,0.579945114934,0.437917739848,2,1.32432432432,0.579945114934,2,0.0123155174708,0.00726392251816,7,0.000900900900901,0.505625294191,37,37,37,1,0,0.72972972973,0.243243243243,0.027027027027,-20,-0.015015015015,0,-1.08108108108,-2,-0.555555555556,-0.706660418782,0.00495681252125,0.0201936630508,-0.990454751884,-0.00642491665721,0.00362607505465,-0.319312878326,-0.00632306394696,0.0216543073686,0,0,0,0,0,0,0.000145391300671,0.00129122627243,0,0,-0.115571287006,0,0,0,196,0,20,1116,0.907407407407,1,0,0.0925925925926,1,0.907407407407,0.95145631068,0.944156726864,0.907407407407,0.907407407407,2,22,0,0,0,0
3639,WLNM_dir_neg,1,0.909090909091,00:00:03,10,90,5,1238804629,threshold_sweep,0.3,1,0.0909090909091,0.166666666667,2,0,20,44,0.0909090909091,1,0,0.909090909091,1,0.0909090909091,0.166666666667,0.69696969697,0.656565656566,0.117647058824,0.25,0.0909090909091,216,194,22,0,216,0,194,0,22,37,216,0.162162162162,1.32432432432,11.6756756757,21.6,6,8.1990990496,0.702237650082,0.31006006006,10.329336629,1.76937710775,0.765265265265,3.0868314707,0.528762798222,0.252752752753,0.579945114934,0.437917739848,2,1.32432432432,0.579945114934,2,0.0121701261701,0.00597269624573,7,0.000900900900901,0.621196581197,37,37,37,1,0,0.72972972973,0.243243243243,0.027027027027,37,0.145645645646,1.32432432432,10.4864864865,19.4,5.38888888889,7.41103389706,0.706722304617,0.326971301198,9.31666787539,1.77689026489,0.771245472276,2.84219599572,0.542068308462,0.284201727501,0.579945114934,0.437917739848,2,1.32432432432,0.579945114934,2,0.0107083310065,0.00530222693531,5,0.000643500643501,0.501180849746,37,37,37,1,0,0.72972972973,0.243243243243,0.027027027027,37,196,0.147147147147,1.32432432432,10.5945945946,19.6,5.44444444444,7.49243863082,0.707194462603,0.330253723111,9.33888187712,1.76295219109,0.76889134032,2.76751859238,0.522439734275,0.274407060121,0.579945114934,0.437917739848,2,1.32432432432,0.579945114934,2,0.0123155174708,0.00726392251816,7,0.000900900900901,0.505625294191,37,37,37,1,0,0.72972972973,0.243243243243,0.027027027027,-20,-0.015015015015,0,-1.08108108108,-2,-0.555555555556,-0.706660418782,0.00495681252125,0.0201936630508,-0.990454751884,-0.00642491665721,0.00362607505465,-0.319312878326,-0.00632306394696,0.0216543073686,0,0,0,0,0,0,0.000145391300671,0.00129122627243,0,0,-0.115571287006,0,0,0,196,0,20,1116,0.907407407407,1,0,0.0925925925926,1,0.907407407407,0.95145631068,0.944156726864,0.907407407407,0.907407407407,2,22,0,0,0,0
3640,WLNM_dir_neg,1,0.909090909091,00:00:03,10,90,5,1238804629,threshold_sweep,0.4,1,0.0909090909091,0.166666666667,2,0,20,44,0.0909090909091,1,0,0.909090909091,1,0.0909090909091,0.166666666667,0.69696969697,0.656565656566,0.117647058824,0.25,0.0909090909091,216,194,22,0,216,0,194,0,22,37,216,0.162162162162,1.32432432432,11.6756756757,21.6,6,8.1990990496,0.702237650082,0.31006006006,10.329336629,1.76937710775,0.765265265265,3.0868314707,0.528762798222,0.252752752753,0.579945114934,0.437917739848,2,1.32432432432,0.579945114934,2,0.0121701261701,0.00597269624573,7,0.000900900900901,0.621196581197,37,37,37,1,0,0.72972972973,0.243243243243,0.027027027027,37,0.145645645646,1.32432432432,10.4864864865,19.4,5.38888888889,7.41103389706,0.706722304617,0.326971301198,9.31666787539,1.77689026489,0.771245472276,2.84219599572,0.542068308462,0.284201727501,0.579945114934,0.437917739848,2,1.32432432432,0.579945114934,2,0.0107083310065,0.00530222693531,5,0.000643500643501,0.501180849746,37,37,37,1,0,0.72972972973,0.243243243243,0.027027027027,37,196,0.147147147147,1.32432432432,10.5945945946,19.6,5.44444444444,7.49243863082,0.707194462603,0.330253723111,9.33888187712,1.76295219109,0.76889134032,2.76751859238,0.522439734275,0.274407060121,0.579945114934,0.437917739848,2,1.32432432432,0.579945114934,2,0.0123155174708,0.00726392251816,7,0.000900900900901,0.505625294191,37,37,37,1,0,0.72972972973,0.243243243243,0.027027027027,-20,-0.015015015015,0,-1.08108108108,-2,-0.555555555556,-0.706660418782,0.00495681252125,0.0201936630508,-0.990454751884,-0.00642491665721,0.00362607505465,-0.319312878326,-0.00632306394696,0.0216543073686,0,0,0,0,0,0,0.000145391300671,0.00129122627243,0,0,-0.115571287006,0,0,0,196,0,20,1116,0.907407407407,1,0,0.0925925925926,1,0.907407407407,0.95145631068,0.944156726864,0.907407407407,0.907407407407,2,22,0,0,0,0
3641,WLNM_dir_neg,1,0.909090909091,00:00:03,10,90,5,1238804629,threshold_sweep,0.5,1,0.0909090909091,0.166666666667,2,0,20,44,0.0909090909091,1,0,0.909090909091,1,0.0909090909091,0.166666666667,0.69696969697,0.656565656566,0.117647058824,0.25,0.0909090909091,216,194,22,0,216,0,194,0,22,37,216,0.162162162162,1.32432432432,11.6756756757,21.6,6,8.1990990496,0.702237650082,0.31006006006,10.329336629,1.76937710775,0.765265265265,3.0868314707,0.528762798222,0.252752752753,0.579945114934,0.437917739848,2,1.32432432432,0.579945114934,2,0.0121701261701,0.00597269624573,7,0.000900900900901,0.621196581197,37,37,37,1,0,0.72972972973,0.243243243243,0.027027027027,37,0.145645645646,1.32432432432,10.4864864865,19.4,5.38888888889,7.41103389706,0.706722304617,0.326971301198,9.31666787539,1.77689026489,0.771245472276,2.84219599572,0.542068308462,0.284201727501,0.579945114934,0.437917739848,2,1.32432432432,0.579945114934,2,0.0107083310065,0.00530222693531,5,0.000643500643501,0.501180849746,37,37,37,1,0,0.72972972973,0.243243243243,0.027027027027,37,196,0.147147147147,1.32432432432,10.5945945946,19.6,5.44444444444,7.49243863082,0.707194462603,0.330253723111,9.33888187712,1.76295219109,0.76889134032,2.76751859238,0.522439734275,0.274407060121,0.579945114934,0.437917739848,2,1.32432432432,0.579945114934,2,0.0123155174708,0.00726392251816,7,0.000900900900901,0.505625294191,37,37,37,1,0,0.72972972973,0.243243243243,0.027027027027,-20,-0.015015015015,0,-1.08108108108,-2,-0.555555555556,-0.706660418782,0.00495681252125,0.0201936630508,-0.990454751884,-0.00642491665721,0.00362607505465,-0.319312878326,-0.00632306394696,0.0216543073686,0,0,0,0,0,0,0.000145391300671,0.00129122627243,0,0,-0.115571287006,0,0,0,196,0,20,1116,0.907407407407,1,0,0.0925925925926,1,0.907407407407,0.95145631068,0.944156726864,0.907407407407,0.907407407407,2,22,0,0,0,0
3642,WLNM_dir_neg,1,0.909090909091,00:00:03,10,90,5,1238804629,threshold_sweep,0.6,1,0.0909090909091,0.166666666667,2,0,20,44,0.0909090909091,1,0,0.909090909091,1,0.0909090909091,0.166666666667,0.69696969697,0.656565656566,0.117647058824,0.25,0.0909090909091,216,194,22,0,216,0,194,0,22,37,216,0.162162162162,1.32432432432,11.6756756757,21.6,6,8.1990990496,0.702237650082,0.31006006006,10.329336629,1.76937710775,0.765265265265,3.0868314707,0.528762798222,0.252752752753,0.579945114934,0.437917739848,2,1.32432432432,0.579945114934,2,0.0121701261701,0.00597269624573,7,0.000900900900901,0.621196581197,37,37,37,1,0,0.72972972973,0.243243243243,0.027027027027,37,0.145645645646,1.32432432432,10.4864864865,19.4,5.38888888889,7.41103389706,0.706722304617,0.326971301198,9.31666787539,1.77689026489,0.771245472276,2.84219599572,0.542068308462,0.284201727501,0.579945114934,0.437917739848,2,1.32432432432,0.579945114934,2,0.0107083310065,0.00530222693531,5,0.000643500643501,0.501180849746,37,37,37,1,0,0.72972972973,0.243243243243,0.027027027027,37,196,0.147147147147,1.32432432432,10.5945945946,19.6,5.44444444444,7.49243863082,0.707194462603,0.330253723111,9.33888187712,1.76295219109,0.76889134032,2.76751859238,0.522439734275,0.274407060121,0.579945114934,0.437917739848,2,1.32432432432,0.579945114934,2,0.0123155174708,0.00726392251816,7,0.000900900900901,0.505625294191,37,37,37,1,0,0.72972972973,0.243243243243,0.027027027027,-20,-0.015015015015,0,-1.08108108108,-2,-0.555555555556,-0.706660418782,0.00495681252125,0.0201936630508,-0.990454751884,-0.00642491665721,0.00362607505465,-0.319312878326,-0.00632306394696,0.0216543073686,0,0,0,0,0,0,0.000145391300671,0.00129122627243,0,0,-0.115571287006,0,0,0,196,0,20,1116,0.907407407407,1,0,0.0925925925926,1,0.907407407407,0.95145631068,0.944156726864,0.907407407407,0.907407407407,2,22,0,0,0,0
3643,WLNM_dir_neg,1,0.909090909091,00:00:03,10,90,5,1238804629,threshold_sweep,0.7,1,0.0909090909091,0.166666666667,2,0,20,44,0.0909090909091,1,0,0.909090909091,1,0.0909090909091,0.166666666667,0.69696969697,0.656565656566,0.117647058824,0.25,0.0909090909091,216,194,22,0,216,0,194,0,22,37,216,0.162162162162,1.32432432432,11.6756756757,21.6,6,8.1990990496,0.702237650082,0.31006006006,10.329336629,1.76937710775,0.765265265265,3.0868314707,0.528762798222,0.252752752753,0.579945114934,0.437917739848,2,1.32432432432,0.579945114934,2,0.0121701261701,0.00597269624573,7,0.000900900900901,0.621196581197,37,37,37,1,0,0.72972972973,0.243243243243,0.027027027027,37,0.145645645646,1.32432432432,10.4864864865,19.4,5.38888888889,7.41103389706,0.706722304617,0.326971301198,9.31666787539,1.77689026489,0.771245472276,2.84219599572,0.542068308462,0.284201727501,0.579945114934,0.437917739848,2,1.32432432432,0.579945114934,2,0.0107083310065,0.00530222693531,5,0.000643500643501,0.501180849746,37,37,37,1,0,0.72972972973,0.243243243243,0.027027027027,37,196,0.147147147147,1.32432432432,10.5945945946,19.6,5.44444444444,7.49243863082,0.707194462603,0.330253723111,9.33888187712,1.76295219109,0.76889134032,2.76751859238,0.522439734275,0.274407060121,0.579945114934,0.437917739848,2,1.32432432432,0.579945114934,2,0.0123155174708,0.00726392251816,7,0.000900900900901,0.505625294191,37,37,37,1,0,0.72972972973,0.243243243243,0.027027027027,-20,-0.015015015015,0,-1.08108108108,-2,-0.555555555556,-0.706660418782,0.00495681252125,0.0201936630508,-0.990454751884,-0.00642491665721,0.00362607505465,-0.319312878326,-0.00632306394696,0.0216543073686,0,0,0,0,0,0,0.000145391300671,0.00129122627243,0,0,-0.115571287006,0,0,0,196,0,20,1116,0.907407407407,1,0,0.0925925925926,1,0.907407407407,0.95145631068,0.944156726864,0.907407407407,0.907407407407,2,22,0,0,0,0
3644,WLNM_dir_neg,1,0.909090909091,00:00:03,10,90,5,1238804629,threshold_sweep,0.8,1,0.0909090909091,0.166666666667,2,0,20,44,0.0909090909091,1,0,0.909090909091,1,0.0909090909091,0.166666666667,0.69696969697,0.656565656566,0.117647058824,0.25,0.0909090909091,216,194,22,0,216,0,194,0,22,37,216,0.162162162162,1.32432432432,11.6756756757,21.6,6,8.1990990496,0.702237650082,0.31006006006,10.329336629,1.76937710775,0.765265265265,3.0868314707,0.528762798222,0.252752752753,0.579945114934,0.437917739848,2,1.32432432432,0.579945114934,2,0.0121701261701,0.00597269624573,7,0.000900900900901,0.621196581197,37,37,37,1,0,0.72972972973,0.243243243243,0.027027027027,37,0.145645645646,1.32432432432,10.4864864865,19.4,5.38888888889,7.41103389706,0.706722304617,0.326971301198,9.31666787539,1.77689026489,0.771245472276,2.84219599572,0.542068308462,0.284201727501,0.579945114934,0.437917739848,2,1.32432432432,0.579945114934,2,0.0107083310065,0.00530222693531,5,0.000643500643501,0.501180849746,37,37,37,1,0,0.72972972973,0.243243243243,0.027027027027,37,196,0.147147147147,1.32432432432,10.5945945946,19.6,5.44444444444,7.49243863082,0.707194462603,0.330253723111,9.33888187712,1.76295219109,0.76889134032,2.76751859238,0.522439734275,0.274407060121,0.579945114934,0.437917739848,2,1.32432432432,0.579945114934,2,0.0123155174708,0.00726392251816,7,0.000900900900901,0.505625294191,37,37,37,1,0,0.72972972973,0.243243243243,0.027027027027,-20,-0.015015015015,0,-1.08108108108,-2,-0.555555555556,-0.706660418782,0.00495681252125,0.0201936630508,-0.990454751884,-0.00642491665721,0.00362607505465,-0.319312878326,-0.00632306394696,0.0216543073686,0,0,0,0,0,0,0.000145391300671,0.00129122627243,0,0,-0.115571287006,0,0,0,196,0,20,1116,0.907407407407,1,0,0.0925925925926,1,0.907407407407,0.95145631068,0.944156726864,0.907407407407,0.907407407407,2,22,0,0,0,0
3645,WLNM_dir_neg,1,0.909090909091,00:00:03,10,90,5,1238804629,threshold_sweep,0.9,1,0.0909090909091,0.166666666667,2,0,20,44,0.0909090909091,1,0,0.909090909091,1,0.0909090909091,0.166666666667,0.69696969697,0.656565656566,0.117647058824,0.25,0.0909090909091,216,194,22,0,216,0,194,0,22,37,216,0.162162162162,1.32432432432,11.6756756757,21.6,6,8.1990990496,0.702237650082,0.31006006006,10.329336629,1.76937710775,0.765265265265,3.0868314707,0.528762798222,0.252752752753,0.579945114934,0.437917739848,2,1.32432432432,0.579945114934,2,0.0121701261701,0.00597269624573,7,0.000900900900901,0.621196581197,37,37,37,1,0,0.72972972973,0.243243243243,0.027027027027,37,0.145645645646,1.32432432432,10.4864864865,19.4,5.38888888889,7.41103389706,0.706722304617,0.326971301198,9.31666787539,1.77689026489,0.771245472276,2.84219599572,0.542068308462,0.284201727501,0.579945114934,0.437917739848,2,1.32432432432,0.579945114934,2,0.0107083310065,0.00530222693531,5,0.000643500643501,0.501180849746,37,37,37,1,0,0.72972972973,0.243243243243,0.027027027027,37,196,0.147147147147,1.32432432432,10.5945945946,19.6,5.44444444444,7.49243863082,0.707194462603,0.330253723111,9.33888187712,1.76295219109,0.76889134032,2.76751859238,0.522439734275,0.274407060121,0.579945114934,0.437917739848,2,1.32432432432,0.579945114934,2,0.0123155174708,0.00726392251816,7,0.000900900900901,0.505625294191,37,37,37,1,0,0.72972972973,0.243243243243,0.027027027027,-20,-0.015015015015,0,-1.08108108108,-2,-0.555555555556,-0.706660418782,0.00495681252125,0.0201936630508,-0.990454751884,-0.00642491665721,0.00362607505465,-0.319312878326,-0.00632306394696,0.0216543073686,0,0,0,0,0,0,0.000145391300671,0.00129122627243,0,0,-0.115571287006,0,0,0,196,0,20,1116,0.907407407407,1,0,0.0925925925926,1,0.907407407407,0.95145631068,0.944156726864,0.907407407407,0.907407407407,2,22,0,0,0,0
3646,WLNM_dir_neg,0.94576446281,0.579090909091,00:00:03,10,90,6,1238804630,threshold_sweep,0.1,1,0.0454545454545,0.0869565217391,1,0,21,44,0.0454545454545,1,0,0.954545454545,1,0.0454545454545,0.0869565217391,0.681818181818,0.661616161616,0.0597014925373,0.175411603861,0.0454545454545,216,194,22,0,216,0,194,0,22,37,216,0.162162162162,1.32432432432,11.6756756757,21.6,6,8.1990990496,0.702237650082,0.31006006006,10.329336629,1.76937710775,0.765265265265,3.0868314707,0.528762798222,0.252752752753,0.579945114934,0.437917739848,2,1.32432432432,0.579945114934,2,0.0121701261701,0.00597269624573,7,0.000900900900901,0.621196581197,37,37,37,1,0,0.72972972973,0.243243243243,0.027027027027,37,0.145645645646,1.32432432432,10.4864864865,19.4,5.38888888889,7.41852643957,0.707436799649,0.334633602675,9.2478388028,1.76376307064,0.765672889384,2.87136635502,0.547631727504,0.293396489273,0.579945114934,0.437917739848,2,1.32432432432,0.579945114934,2,0.0114817563389,0.0063581773225,6,0.000772200772201,0.512233618234,37,37,37,1,0,0.72972972973,0.243243243243,0.027027027027,37,195,0.146396396396,1.32432432432,10.5405405405,19.5,5.41666666667,7.46322314417,0.708049375216,0.336105336105,9.26057548202,1.75713483505,0.764518364518,2.83479029842,0.537883287393,0.288288288288,0.579945114934,0.437917739848,2,1.32432432432,0.579945114934,2,0.0122882238534,0.00733496332518,7,0.000900900900901,0.514455840456,37,37,37,1,0,0.72972972973,0.243243243243,0.027027027027,-21,-0.0157657657658,0,-1.13513513514,-2.1,-0.583333333333,-0.735875905433,0.00581172513442,0.0260452760453,-1.06876114698,-0.0122422726947,-0.000746900746901,-0.25204117228,0.00912048917074,0.0355355355355,0,0,0,0,0,0,0.000118097683315,0.00136226707945,0,0,-0.106740740741,0,0,0,195,0,21,1116,0.902777777778,1,0,0.0972222222222,1,0.902777777778,0.948905109489,0.941330856757,0.902777777778,0.902777777778,1,22,0,0,0,0
3647,WLNM_dir_neg,0.94576446281,0.579090909091,00:00:03,10,90,6,1238804630,threshold_sweep,0.2,1,0.0454545454545,0.0869565217391,1,0,21,44,0.0454545454545,1,0,0.954545454545,1,0.0454545454545,0.0869565217391,0.681818181818,0.661616161616,0.0597014925373,0.175411603861,0.0454545454545,216,194,22,0,216,0,194,0,22,37,216,0.162162162162,1.32432432432,11.6756756757,21.6,6,8.1990990496,0.702237650082,0.31006006006,10.329336629,1.76937710775,0.765265265265,3.0868314707,0.528762798222,0.252752752753,0.579945114934,0.437917739848,2,1.32432432432,0.579945114934,2,0.0121701261701,0.00597269624573,7,0.000900900900901,0.621196581197,37,37,37,1,0,0.72972972973,0.243243243243,0.027027027027,37,0.145645645646,1.32432432432,10.4864864865,19.4,5.38888888889,7.41852643957,0.707436799649,0.334633602675,9.2478388028,1.76376307064,0.765672889384,2.87136635502,0.547631727504,0.293396489273,0.579945114934,0.437917739848,2,1.32432432432,0.579945114934,2,0.0114817563389,0.0063581773225,6,0.000772200772201,0.512233618234,37,37,37,1,0,0.72972972973,0.243243243243,0.027027027027,37,195,0.146396396396,1.32432432432,10.5405405405,19.5,5.41666666667,7.46322314417,0.708049375216,0.336105336105,9.26057548202,1.75713483505,0.764518364518,2.83479029842,0.537883287393,0.288288288288,0.579945114934,0.437917739848,2,1.32432432432,0.579945114934,2,0.0122882238534,0.00733496332518,7,0.000900900900901,0.514455840456,37,37,37,1,0,0.72972972973,0.243243243243,0.027027027027,-21,-0.0157657657658,0,-1.13513513514,-2.1,-0.583333333333,-0.735875905433,0.00581172513442,0.0260452760453,-1.06876114698,-0.0122422726947,-0.000746900746901,-0.25204117228,0.00912048917074,0.0355355355355,0,0,0,0,0,0,0.000118097683315,0.00136226707945,0,0,-0.106740740741,0,0,0,195,0,21,1116,0.902777777778,1,0,0.0972222222222,1,0.902777777778,0.948905109489,0.941330856757,0.902777777778,0.902777777778,1,22,0,0,0,0
3648,WLNM_dir_neg,0.94576446281,0.579090909091,00:00:03,10,90,6,1238804630,threshold_sweep,0.3,1,0.0454545454545,0.0869565217391,1,0,21,44,0.0454545454545,1,0,0.954545454545,1,0.0454545454545,0.0869565217391,0.681818181818,0.661616161616,0.0597014925373,0.175411603861,0.0454545454545,216,194,22,0,216,0,194,0,22,37,216,0.162162162162,1.32432432432,11.6756756757,21.6,6,8.1990990496,0.702237650082,0.31006006006,10.329336629,1.76937710775,0.765265265265,3.0868314707,0.528762798222,0.252752752753,0.579945114934,0.437917739848,2,1.32432432432,0.579945114934,2,0.0121701261701,0.00597269624573,7,0.000900900900901,0.621196581197,37,37,37,1,0,0.72972972973,0.243243243243,0.027027027027,37,0.145645645646,1.32432432432,10.4864864865,19.4,5.38888888889,7.41852643957,0.707436799649,0.334633602675,9.2478388028,1.76376307064,0.765672889384,2.87136635502,0.547631727504,0.293396489273,0.579945114934,0.437917739848,2,1.32432432432,0.579945114934,2,0.0114817563389,0.0063581773225,6,0.000772200772201,0.512233618234,37,37,37,1,0,0.72972972973,0.243243243243,0.027027027027,37,195,0.146396396396,1.32432432432,10.5405405405,19.5,5.41666666667,7.46322314417,0.708049375216,0.336105336105,9.26057548202,1.75713483505,0.764518364518,2.83479029842,0.537883287393,0.288288288288,0.579945114934,0.437917739848,2,1.32432432432,0.579945114934,2,0.0122882238534,0.00733496332518,7,0.000900900900901,0.514455840456,37,37,37,1,0,0.72972972973,0.243243243243,0.027027027027,-21,-0.0157657657658,0,-1.13513513514,-2.1,-0.583333333333,-0.735875905433,0.00581172513442,0.0260452760453,-1.06876114698,-0.0122422726947,-0.000746900746901,-0.25204117228,0.00912048917074,0.0355355355355,0,0,0,0,0,0,0.000118097683315,0.00136226707945,0,0,-0.106740740741,0,0,0,195,0,21,1116,0.902777777778,1,0,0.0972222222222,1,0.902777777778,0.948905109489,0.941330856757,0.902777777778,0.902777777778,1,22,0,0,0,0
3649,WLNM_dir_neg,0.94576446281,0.579090909091,00:00:03,10,90,6,1238804630,threshold_sweep,0.4,1,0.0454545454545,0.0869565217391,1,0,21,44,0.0454545454545,1,0,0.954545454545,1,0.0454545454545,0.0869565217391,0.681818181818,0.661616161616,0.0597014925373,0.175411603861,0.0454545454545,216,194,22,0,216,0,194,0,22,37,216,0.162162162162,1.32432432432,11.6756756757,21.6,6,8.1990990496,0.702237650082,0.31006006006,10.329336629,1.76937710775,0.765265265265,3.0868314707,0.528762798222,0.252752752753,0.579945114934,0.437917739848,2,1.32432432432,0.579945114934,2,0.0121701261701,0.00597269624573,7,0.000900900900901,0.621196581197,37,37,37,1,0,0.72972972973,0.243243243243,0.027027027027,37,0.145645645646,1.32432432432,10.4864864865,19.4,5.38888888889,7.41852643957,0.707436799649,0.334633602675,9.2478388028,1.76376307064,0.765672889384,2.87136635502,0.547631727504,0.293396489273,0.579945114934,0.437917739848,2,1.32432432432,0.579945114934,2,0.0114817563389,0.0063581773225,6,0.000772200772201,0.512233618234,37,37,37,1,0,0.72972972973,0.243243243243,0.027027027027,37,195,0.146396396396,1.32432432432,10.5405405405,19.5,5.41666666667,7.46322314417,0.708049375216,0.336105336105,9.26057548202,1.75713483505,0.764518364518,2.83479029842,0.537883287393,0.288288288288,0.579945114934,0.437917739848,2,1.32432432432,0.579945114934,2,0.0122882238534,0.00733496332518,7,0.000900900900901,0.514455840456,37,37,37,1,0,0.72972972973,0.243243243243,0.027027027027,-21,-0.0157657657658,0,-1.13513513514,-2.1,-0.583333333333,-0.735875905433,0.00581172513442,0.0260452760453,-1.06876114698,-0.0122422726947,-0.000746900746901,-0.25204117228,0.00912048917074,0.0355355355355,0,0,0,0,0,0,0.000118097683315,0.00136226707945,0,0,-0.106740740741,0,0,0,195,0,21,1116,0.902777777778,1,0,0.0972222222222,1,0.902777777778,0.948905109489,0.941330856757,0.902777777778,0.902777777778,1,22,0,0,0,0
3650,WLNM_dir_neg,0.94576446281,0.579090909091,00:00:03,10,90,6,1238804630,threshold_sweep,0.5,1,0.0454545454545,0.0869565217391,1,0,21,44,0.0454545454545,1,0,0.954545454545,1,0.0454545454545,0.0869565217391,0.681818181818,0.661616161616,0.0597014925373,0.175411603861,0.0454545454545,216,194,22,0,216,0,194,0,22,37,216,0.162162162162,1.32432432432,11.6756756757,21.6,6,8.1990990496,0.702237650082,0.31006006006,10.329336629,1.76937710775,0.765265265265,3.0868314707,0.528762798222,0.252752752753,0.579945114934,0.437917739848,2,1.32432432432,0.579945114934,2,0.0121701261701,0.00597269624573,7,0.000900900900901,0.621196581197,37,37,37,1,0,0.72972972973,0.243243243243,0.027027027027,37,0.145645645646,1.32432432432,10.4864864865,19.4,5.38888888889,7.41852643957,0.707436799649,0.334633602675,9.2478388028,1.76376307064,0.765672889384,2.87136635502,0.547631727504,0.293396489273,0.579945114934,0.437917739848,2,1.32432432432,0.579945114934,2,0.0114817563389,0.0063581773225,6,0.000772200772201,0.512233618234,37,37,37,1,0,0.72972972973,0.243243243243,0.027027027027,37,195,0.146396396396,1.32432432432,10.5405405405,19.5,5.41666666667,7.46322314417,0.708049375216,0.336105336105,9.26057548202,1.75713483505,0.764518364518,2.83479029842,0.537883287393,0.288288288288,0.579945114934,0.437917739848,2,1.32432432432,0.579945114934,2,0.0122882238534,0.00733496332518,7,0.000900900900901,0.514455840456,37,37,37,1,0,0.72972972973,0.243243243243,0.027027027027,-21,-0.0157657657658,0,-1.13513513514,-2.1,-0.583333333333,-0.735875905433,0.00581172513442,0.0260452760453,-1.06876114698,-0.0122422726947,-0.000746900746901,-0.25204117228,0.00912048917074,0.0355355355355,0,0,0,0,0,0,0.000118097683315,0.00136226707945,0,0,-0.106740740741,0,0,0,195,0,21,1116,0.902777777778,1,0,0.0972222222222,1,0.902777777778,0.948905109489,0.941330856757,0.902777777778,0.902777777778,1,22,0,0,0,0
3651,WLNM_dir_neg,0.94576446281,0.579090909091,00:00:03,10,90,6,1238804630,threshold_sweep,0.6,1,0.0454545454545,0.0869565217391,1,0,21,44,0.0454545454545,1,0,0.954545454545,1,0.0454545454545,0.0869565217391,0.681818181818,0.661616161616,0.0597014925373,0.175411603861,0.0454545454545,216,194,22,0,216,0,194,0,22,37,216,0.162162162162,1.32432432432,11.6756756757,21.6,6,8.1990990496,0.702237650082,0.31006006006,10.329336629,1.76937710775,0.765265265265,3.0868314707,0.528762798222,0.252752752753,0.579945114934,0.437917739848,2,1.32432432432,0.579945114934,2,0.0121701261701,0.00597269624573,7,0.000900900900901,0.621196581197,37,37,37,1,0,0.72972972973,0.243243243243,0.027027027027,37,0.145645645646,1.32432432432,10.4864864865,19.4,5.38888888889,7.41852643957,0.707436799649,0.334633602675,9.2478388028,1.76376307064,0.765672889384,2.87136635502,0.547631727504,0.293396489273,0.579945114934,0.437917739848,2,1.32432432432,0.579945114934,2,0.0114817563389,0.0063581773225,6,0.000772200772201,0.512233618234,37,37,37,1,0,0.72972972973,0.243243243243,0.027027027027,37,195,0.146396396396,1.32432432432,10.5405405405,19.5,5.41666666667,7.46322314417,0.708049375216,0.336105336105,9.26057548202,1.75713483505,0.764518364518,2.83479029842,0.537883287393,0.288288288288,0.579945114934,0.437917739848,2,1.32432432432,0.579945114934,2,0.0122882238534,0.00733496332518,7,0.000900900900901,0.514455840456,37,37,37,1,0,0.72972972973,0.243243243243,0.027027027027,-21,-0.0157657657658,0,-1.13513513514,-2.1,-0.583333333333,-0.735875905433,0.00581172513442,0.0260452760453,-1.06876114698,-0.0122422726947,-0.000746900746901,-0.25204117228,0.00912048917074,0.0355355355355,0,0,0,0,0,0,0.000118097683315,0.00136226707945,0,0,-0.106740740741,0,0,0,195,0,21,1116,0.902777777778,1,0,0.0972222222222,1,0.902777777778,0.948905109489,0.941330856757,0.902777777778,0.902777777778,1,22,0,0,0,0
3652,WLNM_dir_neg,0.94576446281,0.579090909091,00:00:03,10,90,6,1238804630,threshold_sweep,0.7,1,0.0454545454545,0.0869565217391,1,0,21,44,0.0454545454545,1,0,0.954545454545,1,0.0454545454545,0.0869565217391,0.681818181818,0.661616161616,0.0597014925373,0.175411603861,0.0454545454545,216,194,22,0,216,0,194,0,22,37,216,0.162162162162,1.32432432432,11.6756756757,21.6,6,8.1990990496,0.702237650082,0.31006006006,10.329336629,1.76937710775,0.765265265265,3.0868314707,0.528762798222,0.252752752753,0.579945114934,0.437917739848,2,1.32432432432,0.579945114934,2,0.0121701261701,0.00597269624573,7,0.000900900900901,0.621196581197,37,37,37,1,0,0.72972972973,0.243243243243,0.027027027027,37,0.145645645646,1.32432432432,10.4864864865,19.4,5.38888888889,7.41852643957,0.707436799649,0.334633602675,9.2478388028,1.76376307064,0.765672889384,2.87136635502,0.547631727504,0.293396489273,0.579945114934,0.437917739848,2,1.32432432432,0.579945114934,2,0.0114817563389,0.0063581773225,6,0.000772200772201,0.512233618234,37,37,37,1,0,0.72972972973,0.243243243243,0.027027027027,37,195,0.146396396396,1.32432432432,10.5405405405,19.5,5.41666666667,7.46322314417,0.708049375216,0.336105336105,9.26057548202,1.75713483505,0.764518364518,2.83479029842,0.537883287393,0.288288288288,0.579945114934,0.437917739848,2,1.32432432432,0.579945114934,2,0.0122882238534,0.00733496332518,7,0.000900900900901,0.514455840456,37,37,37,1,0,0.72972972973,0.243243243243,0.027027027027,-21,-0.0157657657658,0,-1.13513513514,-2.1,-0.583333333333,-0.735875905433,0.00581172513442,0.0260452760453,-1.06876114698,-0.0122422726947,-0.000746900746901,-0.25204117228,0.00912048917074,0.0355355355355,0,0,0,0,0,0,0.000118097683315,0.00136226707945,0,0,-0.106740740741,0,0,0,195,0,21,1116,0.902777777778,1,0,0.0972222222222,1,0.902777777778,0.948905109489,0.941330856757,0.902777777778,0.902777777778,1,22,0,0,0,0
3653,WLNM_dir_neg,0.94576446281,0.579090909091,00:00:03,10,90,6,1238804630,threshold_sweep,0.8,1,0.0454545454545,0.0869565217391,1,0,21,44,0.0454545454545,1,0,0.954545454545,1,0.0454545454545,0.0869565217391,0.681818181818,0.661616161616,0.0597014925373,0.175411603861,0.0454545454545,216,194,22,0,216,0,194,0,22,37,216,0.162162162162,1.32432432432,11.6756756757,21.6,6,8.1990990496,0.702237650082,0.31006006006,10.329336629,1.76937710775,0.765265265265,3.0868314707,0.528762798222,0.252752752753,0.579945114934,0.437917739848,2,1.32432432432,0.579945114934,2,0.0121701261701,0.00597269624573,7,0.000900900900901,0.621196581197,37,37,37,1,0,0.72972972973,0.243243243243,0.027027027027,37,0.145645645646,1.32432432432,10.4864864865,19.4,5.38888888889,7.41852643957,0.707436799649,0.334633602675,9.2478388028,1.76376307064,0.765672889384,2.87136635502,0.547631727504,0.293396489273,0.579945114934,0.437917739848,2,1.32432432432,0.579945114934,2,0.0114817563389,0.0063581773225,6,0.000772200772201,0.512233618234,37,37,37,1,0,0.72972972973,0.243243243243,0.027027027027,37,195,0.146396396396,1.32432432432,10.5405405405,19.5,5.41666666667,7.46322314417,0.708049375216,0.336105336105,9.26057548202,1.75713483505,0.764518364518,2.83479029842,0.537883287393,0.288288288288,0.579945114934,0.437917739848,2,1.32432432432,0.579945114934,2,0.0122882238534,0.00733496332518,7,0.000900900900901,0.514455840456,37,37,37,1,0,0.72972972973,0.243243243243,0.027027027027,-21,-0.0157657657658,0,-1.13513513514,-2.1,-0.583333333333,-0.735875905433,0.00581172513442,0.0260452760453,-1.06876114698,-0.0122422726947,-0.000746900746901,-0.25204117228,0.00912048917074,0.0355355355355,0,0,0,0,0,0,0.000118097683315,0.00136226707945,0,0,-0.106740740741,0,0,0,195,0,21,1116,0.902777777778,1,0,0.0972222222222,1,0.902777777778,0.948905109489,0.941330856757,0.902777777778,0.902777777778,1,22,0,0,0,0
3654,WLNM_dir_neg,0.94576446281,0.579090909091,00:00:03,10,90,6,1238804630,threshold_sweep,0.9,1,0.0454545454545,0.0869565217391,1,0,21,44,0.0454545454545,1,0,0.954545454545,1,0.0454545454545,0.0869565217391,0.681818181818,0.661616161616,0.0597014925373,0.175411603861,0.0454545454545,216,194,22,0,216,0,194,0,22,37,216,0.162162162162,1.32432432432,11.6756756757,21.6,6,8.1990990496,0.702237650082,0.31006006006,10.329336629,1.76937710775,0.765265265265,3.0868314707,0.528762798222,0.252752752753,0.579945114934,0.437917739848,2,1.32432432432,0.579945114934,2,0.0121701261701,0.00597269624573,7,0.000900900900901,0.621196581197,37,37,37,1,0,0.72972972973,0.243243243243,0.027027027027,37,0.145645645646,1.32432432432,10.4864864865,19.4,5.38888888889,7.41852643957,0.707436799649,0.334633602675,9.2478388028,1.76376307064,0.765672889384,2.87136635502,0.547631727504,0.293396489273,0.579945114934,0.437917739848,2,1.32432432432,0.579945114934,2,0.0114817563389,0.0063581773225,6,0.000772200772201,0.512233618234,37,37,37,1,0,0.72972972973,0.243243243243,0.027027027027,37,195,0.146396396396,1.32432432432,10.5405405405,19.5,5.41666666667,7.46322314417,0.708049375216,0.336105336105,9.26057548202,1.75713483505,0.764518364518,2.83479029842,0.537883287393,0.288288288288,0.579945114934,0.437917739848,2,1.32432432432,0.579945114934,2,0.0122882238534,0.00733496332518,7,0.000900900900901,0.514455840456,37,37,37,1,0,0.72972972973,0.243243243243,0.027027027027,-21,-0.0157657657658,0,-1.13513513514,-2.1,-0.583333333333,-0.735875905433,0.00581172513442,0.0260452760453,-1.06876114698,-0.0122422726947,-0.000746900746901,-0.25204117228,0.00912048917074,0.0355355355355,0,0,0,0,0,0,0.000118097683315,0.00136226707945,0,0,-0.106740740741,0,0,0,195,0,21,1116,0.902777777778,1,0,0.0972222222222,1,0.902777777778,0.948905109489,0.941330856757,0.902777777778,0.902777777778,1,22,0,0,0,0
3655,WLNM_dir_neg,1,0.863636363636,00:00:03,10,90,7,1238804631,threshold_sweep,0.1,1,0.181818181818,0.307692307692,4,0,18,44,0.181818181818,1,0,0.818181818182,1,0.181818181818,0.307692307692,0.727272727273,0.646464646465,0.228571428571,0.359210604054,0.181818181818,216,194,22,0,216,0,194,0,22,37,216,0.162162162162,1.32432432432,11.6756756757,21.6,6,8.1990990496,0.702237650082,0.31006006006,10.329336629,1.76937710775,0.765265265265,3.0868314707,0.528762798222,0.252752752753,0.579945114934,0.437917739848,2,1.32432432432,0.579945114934,2,0.0121701261701,0.00597269624573,7,0.000900900900901,0.621196581197,37,37,37,1,0,0.72972972973,0.243243243243,0.027027027027,37,0.145645645646,1.31981981982,10.4864864865,19.4,5.54285714286,7.45214965862,0.710643137549,0.330036221789,9.39090992339,1.79104983075,0.771524101421,2.97587900558,0.567564552611,0.298133184731,0.567072809762,0.429659262004,2,1.31981981982,0.567072809762,2,0,0,0,0,0.514238366572,37,37,37,1,0,0.72972972973,0.216216216216,0.0540540540541,37,198,0.148648648649,1.32432432432,10.7027027027,19.8,5.5,7.55669263657,0.706054615033,0.330193830194,9.42283342683,1.76083250905,0.766584766585,2.82071913817,0.527104081376,0.277641277641,0.579945114934,0.437917739848,2,1.32432432432,0.579945114934,2,0.012284327129,0.00712105798576,7,0.000900900900901,0.519917378917,37,37,37,1,0,0.72972972973,0.243243243243,0.027027027027,-18,-0.0135135135135,0,-0.972972972973,-1.8,-0.5,-0.642406413034,0.00381696495127,0.0201337701338,-0.906503202169,-0.00854459869118,0.0013195013195,-0.266112332531,-0.00165871684665,0.0248885248885,0,0,0,0,0,0,0.000114200958921,0.00114836174002,0,0,-0.101279202279,0,0,0,198,0,18,1116,0.916666666667,1,0,0.0833333333333,1,0.916666666667,0.95652173913,0.949798084919,0.916666666667,0.916666666667,4,22,0,0,0,0
3656,WLNM_dir_neg,1,0.863636363636,00:00:03,10,90,7,1238804631,threshold_sweep,0.2,1,0.181818181818,0.307692307692,4,0,18,44,0.181818181818,1,0,0.818181818182,1,0.181818181818,0.307692307692,0.727272727273,0.646464646465,0.228571428571,0.359210604054,0.181818181818,216,194,22,0,216,0,194,0,22,37,216,0.162162162162,1.32432432432,11.6756756757,21.6,6,8.1990990496,0.702237650082,0.31006006006,10.329336629,1.76937710775,0.765265265265,3.0868314707,0.528762798222,0.252752752753,0.579945114934,0.437917739848,2,1.32432432432,0.579945114934,2,0.0121701261701,0.00597269624573,7,0.000900900900901,0.621196581197,37,37,37,1,0,0.72972972973,0.243243243243,0.027027027027,37,0.145645645646,1.31981981982,10.4864864865,19.4,5.54285714286,7.45214965862,0.710643137549,0.330036221789,9.39090992339,1.79104983075,0.771524101421,2.97587900558,0.567564552611,0.298133184731,0.567072809762,0.429659262004,2,1.31981981982,0.567072809762,2,0,0,0,0,0.514238366572,37,37,37,1,0,0.72972972973,0.216216216216,0.0540540540541,37,198,0.148648648649,1.32432432432,10.7027027027,19.8,5.5,7.55669263657,0.706054615033,0.330193830194,9.42283342683,1.76083250905,0.766584766585,2.82071913817,0.527104081376,0.277641277641,0.579945114934,0.437917739848,2,1.32432432432,0.579945114934,2,0.012284327129,0.00712105798576,7,0.000900900900901,0.519917378917,37,37,37,1,0,0.72972972973,0.243243243243,0.027027027027,-18,-0.0135135135135,0,-0.972972972973,-1.8,-0.5,-0.642406413034,0.00381696495127,0.0201337701338,-0.906503202169,-0.00854459869118,0.0013195013195,-0.266112332531,-0.00165871684665,0.0248885248885,0,0,0,0,0,0,0.000114200958921,0.00114836174002,0,0,-0.101279202279,0,0,0,198,0,18,1116,0.916666666667,1,0,0.0833333333333,1,0.916666666667,0.95652173913,0.949798084919,0.916666666667,0.916666666667,4,22,0,0,0,0
3657,WLNM_dir_neg,1,0.863636363636,00:00:03,10,90,7,1238804631,threshold_sweep,0.3,1,0.181818181818,0.307692307692,4,0,18,44,0.181818181818,1,0,0.818181818182,1,0.181818181818,0.307692307692,0.727272727273,0.646464646465,0.228571428571,0.359210604054,0.181818181818,216,194,22,0,216,0,194,0,22,37,216,0.162162162162,1.32432432432,11.6756756757,21.6,6,8.1990990496,0.702237650082,0.31006006006,10.329336629,1.76937710775,0.765265265265,3.0868314707,0.528762798222,0.252752752753,0.579945114934,0.437917739848,2,1.32432432432,0.579945114934,2,0.0121701261701,0.00597269624573,7,0.000900900900901,0.621196581197,37,37,37,1,0,0.72972972973,0.243243243243,0.027027027027,37,0.145645645646,1.31981981982,10.4864864865,19.4,5.54285714286,7.45214965862,0.710643137549,0.330036221789,9.39090992339,1.79104983075,0.771524101421,2.97587900558,0.567564552611,0.298133184731,0.567072809762,0.429659262004,2,1.31981981982,0.567072809762,2,0,0,0,0,0.514238366572,37,37,37,1,0,0.72972972973,0.216216216216,0.0540540540541,37,198,0.148648648649,1.32432432432,10.7027027027,19.8,5.5,7.55669263657,0.706054615033,0.330193830194,9.42283342683,1.76083250905,0.766584766585,2.82071913817,0.527104081376,0.277641277641,0.579945114934,0.437917739848,2,1.32432432432,0.579945114934,2,0.012284327129,0.00712105798576,7,0.000900900900901,0.519917378917,37,37,37,1,0,0.72972972973,0.243243243243,0.027027027027,-18,-0.0135135135135,0,-0.972972972973,-1.8,-0.5,-0.642406413034,0.00381696495127,0.0201337701338,-0.906503202169,-0.00854459869118,0.0013195013195,-0.266112332531,-0.00165871684665,0.0248885248885,0,0,0,0,0,0,0.000114200958921,0.00114836174002,0,0,-0.101279202279,0,0,0,198,0,18,1116,0.916666666667,1,0,0.0833333333333,1,0.916666666667,0.95652173913,0.949798084919,0.916666666667,0.916666666667,4,22,0,0,0,0
3658,WLNM_dir_neg,1,0.863636363636,00:00:03,10,90,7,1238804631,threshold_sweep,0.4,1,0.136363636364,0.24,3,0,19,44,0.136363636364,1,0,0.863636363636,1,0.136363636364,0.24,0.712121212121,0.651515151515,0.173913043478,0.308606699924,0.136363636364,216,194,22,0,216,0,194,0,22,37,216,0.162162162162,1.32432432432,11.6756756757,21.6,6,8.1990990496,0.702237650082,0.31006006006,10.329336629,1.76937710775,0.765265265265,3.0868314707,0.528762798222,0.252752752753,0.579945114934,0.437917739848,2,1.32432432432,0.579945114934,2,0.0121701261701,0.00597269624573,7,0.000900900900901,0.621196581197,37,37,37,1,0,0.72972972973,0.243243243243,0.027027027027,37,0.145645645646,1.31981981982,10.4864864865,19.4,5.54285714286,7.45214965862,0.710643137549,0.330036221789,9.39090992339,1.79104983075,0.771524101421,2.97587900558,0.567564552611,0.298133184731,0.567072809762,0.429659262004,2,1.31981981982,0.567072809762,2,0,0,0,0,0.514238366572,37,37,37,1,0,0.72972972973,0.216216216216,0.0540540540541,37,197,0.147897897898,1.32132132132,10.6486486486,19.7,5.62857142857,7.57267095187,0.711139150303,0.330772396762,9.41055569871,1.7674647759,0.767732199204,2.86796534589,0.538653389837,0.283715187268,0.571249793283,0.432332229917,2,1.32132132132,0.571249793283,2,0,0,0,0,0.521645773979,37,37,37,1,0,0.72972972973,0.216216216216,0.0540540540541,-19,-0.0142642642643,-0.003003003003,-1.02702702703,-1.9,-0.371428571429,-0.626428097731,0.00890150022095,0.0207123367022,-0.918780930288,-0.00191233184512,0.00246693393902,-0.218866124814,0.00989059161474,0.0309624345157,-0.00869532165105,-0.00558550993171,0,-0.003003003003,-0.00869532165105,0,-0.0121701261701,-0.00597269624573,-7,-0.000900900900901,-0.0995508072175,0,-0.027027027027,0.027027027027,197,0,19,1116,0.912037037037,1,0,0.087962962963,1,0.912037037037,0.953995157385,0.946979121566,0.912037037037,0.912037037037,3,22,0,0,0,0
3659,WLNM_dir_neg,1,0.863636363636,00:00:03,10,90,7,1238804631,threshold_sweep,0.5,1,0.136363636364,0.24,3,0,19,44,0.136363636364,1,0,0.863636363636,1,0.136363636364,0.24,0.712121212121,0.651515151515,0.173913043478,0.308606699924,0.136363636364,216,194,22,0,216,0,194,0,22,37,216,0.162162162162,1.32432432432,11.6756756757,21.6,6,8.1990990496,0.702237650082,0.31006006006,10.329336629,1.76937710775,0.765265265265,3.0868314707,0.528762798222,0.252752752753,0.579945114934,0.437917739848,2,1.32432432432,0.579945114934,2,0.0121701261701,0.00597269624573,7,0.000900900900901,0.621196581197,37,37,37,1,0,0.72972972973,0.243243243243,0.027027027027,37,0.145645645646,1.31981981982,10.4864864865,19.4,5.54285714286,7.45214965862,0.710643137549,0.330036221789,9.39090992339,1.79104983075,0.771524101421,2.97587900558,0.567564552611,0.298133184731,0.567072809762,0.429659262004,2,1.31981981982,0.567072809762,2,0,0,0,0,0.514238366572,37,37,37,1,0,0.72972972973,0.216216216216,0.0540540540541,37,197,0.147897897898,1.32132132132,10.6486486486,19.7,5.62857142857,7.57267095187,0.711139150303,0.330772396762,9.41055569871,1.7674647759,0.767732199204,2.86796534589,0.538653389837,0.283715187268,0.571249793283,0.432332229917,2,1.32132132132,0.571249793283,2,0,0,0,0,0.521645773979,37,37,37,1,0,0.72972972973,0.216216216216,0.0540540540541,-19,-0.0142642642643,-0.003003003003,-1.02702702703,-1.9,-0.371428571429,-0.626428097731,0.00890150022095,0.0207123367022,-0.918780930288,-0.00191233184512,0.00246693393902,-0.218866124814,0.00989059161474,0.0309624345157,-0.00869532165105,-0.00558550993171,0,-0.003003003003,-0.00869532165105,0,-0.0121701261701,-0.00597269624573,-7,-0.000900900900901,-0.0995508072175,0,-0.027027027027,0.027027027027,197,0,19,1116,0.912037037037,1,0,0.087962962963,1,0.912037037037,0.953995157385,0.946979121566,0.912037037037,0.912037037037,3,22,0,0,0,0
3660,WLNM_dir_neg,1,0.863636363636,00:00:03,10,90,7,1238804631,threshold_sweep,0.6,1,0.136363636364,0.24,3,0,19,44,0.136363636364,1,0,0.863636363636,1,0.136363636364,0.24,0.712121212121,0.651515151515,0.173913043478,0.308606699924,0.136363636364,216,194,22,0,216,0,194,0,22,37,216,0.162162162162,1.32432432432,11.6756756757,21.6,6,8.1990990496,0.702237650082,0.31006006006,10.329336629,1.76937710775,0.765265265265,3.0868314707,0.528762798222,0.252752752753,0.579945114934,0.437917739848,2,1.32432432432,0.579945114934,2,0.0121701261701,0.00597269624573,7,0.000900900900901,0.621196581197,37,37,37,1,0,0.72972972973,0.243243243243,0.027027027027,37,0.145645645646,1.31981981982,10.4864864865,19.4,5.54285714286,7.45214965862,0.710643137549,0.330036221789,9.39090992339,1.79104983075,0.771524101421,2.97587900558,0.567564552611,0.298133184731,0.567072809762,0.429659262004,2,1.31981981982,0.567072809762,2,0,0,0,0,0.514238366572,37,37,37,1,0,0.72972972973,0.216216216216,0.0540540540541,37,197,0.147897897898,1.32132132132,10.6486486486,19.7,5.62857142857,7.57267095187,0.711139150303,0.330772396762,9.41055569871,1.7674647759,0.767732199204,2.86796534589,0.538653389837,0.283715187268,0.571249793283,0.432332229917,2,1.32132132132,0.571249793283,2,0,0,0,0,0.521645773979,37,37,37,1,0,0.72972972973,0.216216216216,0.0540540540541,-19,-0.0142642642643,-0.003003003003,-1.02702702703,-1.9,-0.371428571429,-0.626428097731,0.00890150022095,0.0207123367022,-0.918780930288,-0.00191233184512,0.00246693393902,-0.218866124814,0.00989059161474,0.0309624345157,-0.00869532165105,-0.00558550993171,0,-0.003003003003,-0.00869532165105,0,-0.0121701261701,-0.00597269624573,-7,-0.000900900900901,-0.0995508072175,0,-0.027027027027,0.027027027027,197,0,19,1116,0.912037037037,1,0,0.087962962963,1,0.912037037037,0.953995157385,0.946979121566,0.912037037037,0.912037037037,3,22,0,0,0,0
3661,WLNM_dir_neg,1,0.863636363636,00:00:03,10,90,7,1238804631,threshold_sweep,0.7,1,0.136363636364,0.24,3,0,19,44,0.136363636364,1,0,0.863636363636,1,0.136363636364,0.24,0.712121212121,0.651515151515,0.173913043478,0.308606699924,0.136363636364,216,194,22,0,216,0,194,0,22,37,216,0.162162162162,1.32432432432,11.6756756757,21.6,6,8.1990990496,0.702237650082,0.31006006006,10.329336629,1.76937710775,0.765265265265,3.0868314707,0.528762798222,0.252752752753,0.579945114934,0.437917739848,2,1.32432432432,0.579945114934,2,0.0121701261701,0.00597269624573,7,0.000900900900901,0.621196581197,37,37,37,1,0,0.72972972973,0.243243243243,0.027027027027,37,0.145645645646,1.31981981982,10.4864864865,19.4,5.54285714286,7.45214965862,0.710643137549,0.330036221789,9.39090992339,1.79104983075,0.771524101421,2.97587900558,0.567564552611,0.298133184731,0.567072809762,0.429659262004,2,1.31981981982,0.567072809762,2,0,0,0,0,0.514238366572,37,37,37,1,0,0.72972972973,0.216216216216,0.0540540540541,37,197,0.147897897898,1.32132132132,10.6486486486,19.7,5.62857142857,7.57267095187,0.711139150303,0.330772396762,9.41055569871,1.7674647759,0.767732199204,2.86796534589,0.538653389837,0.283715187268,0.571249793283,0.432332229917,2,1.32132132132,0.571249793283,2,0,0,0,0,0.521645773979,37,37,37,1,0,0.72972972973,0.216216216216,0.0540540540541,-19,-0.0142642642643,-0.003003003003,-1.02702702703,-1.9,-0.371428571429,-0.626428097731,0.00890150022095,0.0207123367022,-0.918780930288,-0.00191233184512,0.00246693393902,-0.218866124814,0.00989059161474,0.0309624345157,-0.00869532165105,-0.00558550993171,0,-0.003003003003,-0.00869532165105,0,-0.0121701261701,-0.00597269624573,-7,-0.000900900900901,-0.0995508072175,0,-0.027027027027,0.027027027027,197,0,19,1116,0.912037037037,1,0,0.087962962963,1,0.912037037037,0.953995157385,0.946979121566,0.912037037037,0.912037037037,3,22,0,0,0,0
3662,WLNM_dir_neg,1,0.863636363636,00:00:03,10,90,7,1238804631,threshold_sweep,0.8,1,0.136363636364,0.24,3,0,19,44,0.136363636364,1,0,0.863636363636,1,0.136363636364,0.24,0.712121212121,0.651515151515,0.173913043478,0.308606699924,0.136363636364,216,194,22,0,216,0,194,0,22,37,216,0.162162162162,1.32432432432,11.6756756757,21.6,6,8.1990990496,0.702237650082,0.31006006006,10.329336629,1.76937710775,0.765265265265,3.0868314707,0.528762798222,0.252752752753,0.579945114934,0.437917739848,2,1.32432432432,0.579945114934,2,0.0121701261701,0.00597269624573,7,0.000900900900901,0.621196581197,37,37,37,1,0,0.72972972973,0.243243243243,0.027027027027,37,0.145645645646,1.31981981982,10.4864864865,19.4,5.54285714286,7.45214965862,0.710643137549,0.330036221789,9.39090992339,1.79104983075,0.771524101421,2.97587900558,0.567564552611,0.298133184731,0.567072809762,0.429659262004,2,1.31981981982,0.567072809762,2,0,0,0,0,0.514238366572,37,37,37,1,0,0.72972972973,0.216216216216,0.0540540540541,37,197,0.147897897898,1.32132132132,10.6486486486,19.7,5.62857142857,7.57267095187,0.711139150303,0.330772396762,9.41055569871,1.7674647759,0.767732199204,2.86796534589,0.538653389837,0.283715187268,0.571249793283,0.432332229917,2,1.32132132132,0.571249793283,2,0,0,0,0,0.521645773979,37,37,37,1,0,0.72972972973,0.216216216216,0.0540540540541,-19,-0.0142642642643,-0.003003003003,-1.02702702703,-1.9,-0.371428571429,-0.626428097731,0.00890150022095,0.0207123367022,-0.918780930288,-0.00191233184512,0.00246693393902,-0.218866124814,0.00989059161474,0.0309624345157,-0.00869532165105,-0.00558550993171,0,-0.003003003003,-0.00869532165105,0,-0.0121701261701,-0.00597269624573,-7,-0.000900900900901,-0.0995508072175,0,-0.027027027027,0.027027027027,197,0,19,1116,0.912037037037,1,0,0.087962962963,1,0.912037037037,0.953995157385,0.946979121566,0.912037037037,0.912037037037,3,22,0,0,0,0
3663,WLNM_dir_neg,1,0.863636363636,00:00:03,10,90,7,1238804631,threshold_sweep,0.9,1,0.136363636364,0.24,3,0,19,44,0.136363636364,1,0,0.863636363636,1,0.136363636364,0.24,0.712121212121,0.651515151515,0.173913043478,0.308606699924,0.136363636364,216,194,22,0,216,0,194,0,22,37,216,0.162162162162,1.32432432432,11.6756756757,21.6,6,8.1990990496,0.702237650082,0.31006006006,10.329336629,1.76937710775,0.765265265265,3.0868314707,0.528762798222,0.252752752753,0.579945114934,0.437917739848,2,1.32432432432,0.579945114934,2,0.0121701261701,0.00597269624573,7,0.000900900900901,0.621196581197,37,37,37,1,0,0.72972972973,0.243243243243,0.027027027027,37,0.145645645646,1.31981981982,10.4864864865,19.4,5.54285714286,7.45214965862,0.710643137549,0.330036221789,9.39090992339,1.79104983075,0.771524101421,2.97587900558,0.567564552611,0.298133184731,0.567072809762,0.429659262004,2,1.31981981982,0.567072809762,2,0,0,0,0,0.514238366572,37,37,37,1,0,0.72972972973,0.216216216216,0.0540540540541,37,197,0.147897897898,1.32132132132,10.6486486486,19.7,5.62857142857,7.57267095187,0.711139150303,0.330772396762,9.41055569871,1.7674647759,0.767732199204,2.86796534589,0.538653389837,0.283715187268,0.571249793283,0.432332229917,2,1.32132132132,0.571249793283,2,0,0,0,0,0.521645773979,37,37,37,1,0,0.72972972973,0.216216216216,0.0540540540541,-19,-0.0142642642643,-0.003003003003,-1.02702702703,-1.9,-0.371428571429,-0.626428097731,0.00890150022095,0.0207123367022,-0.918780930288,-0.00191233184512,0.00246693393902,-0.218866124814,0.00989059161474,0.0309624345157,-0.00869532165105,-0.00558550993171,0,-0.003003003003,-0.00869532165105,0,-0.0121701261701,-0.00597269624573,-7,-0.000900900900901,-0.0995508072175,0,-0.027027027027,0.027027027027,197,0,19,1116,0.912037037037,1,0,0.087962962963,1,0.912037037037,0.953995157385,0.946979121566,0.912037037037,0.912037037037,3,22,0,0,0,0
3664,WLNM_dir_neg,0.988636363636,0,00:00:03,10,90,8,1238804632,threshold_sweep,0.1,0,0,0,0,0,22,44,0,1,0,1,0,0,0,0.666666666667,0.666666666667,0,0,0,216,194,22,0,216,0,194,0,22,37,216,0.162162162162,1.32432432432,11.6756756757,21.6,6,8.1990990496,0.702237650082,0.31006006006,10.329336629,1.76937710775,0.765265265265,3.0868314707,0.528762798222,0.252752752753,0.579945114934,0.437917739848,2,1.32432432432,0.579945114934,2,0.0121701261701,0.00597269624573,7,0.000900900900901,0.621196581197,37,37,37,1,0,0.72972972973,0.243243243243,0.027027027027,37,0.145645645646,1.32432432432,10.4864864865,19.4,5.38888888889,7.39602604114,0.705291143098,0.327389244915,9.22377786366,1.75917412864,0.767344664252,2.72239075289,0.519218854932,0.268877124547,0.579945114934,0.437917739848,2,1.32432432432,0.579945114934,2,0.0123270380413,0.00743362831858,7,0.000900900900901,0.49347008547,37,37,37,1,0,0.72972972973,0.243243243243,0.027027027027,37,194,0.145645645646,1.32432432432,10.4864864865,19.4,5.38888888889,7.39602604114,0.705291143098,0.327389244915,9.22377786366,1.75917412864,0.767344664252,2.72239075289,0.519218854932,0.268877124547,0.579945114934,0.437917739848,2,1.32432432432,0.579945114934,2,0.0123270380413,0.00743362831858,7,0.000900900900901,0.49347008547,37,37,37,1,0,0.72972972973,0.243243243243,0.027027027027,-22,-0.0165165165165,0,-1.18918918919,-2.2,-0.611111111111,-0.803073008466,0.00305349301641,0.017329184855,-1.10555876534,-0.0102029791098,0.00207939898662,-0.364440717816,-0.00954394329015,0.0161243717945,0,0,0,0,0,0,0.000156911871198,0.00146093207285,0,0,-0.127726495726,0,0,0,194,0,22,1116,0.898148148148,1,0,0.101851851852,1,0.898148148148,0.946341463415,0.938501466663,0.898148148148,0.898148148148,0,22,0,0,0,0
3665,WLNM_dir_neg,0.988636363636,0,00:00:03,10,90,8,1238804632,threshold_sweep,0.2,0,0,0,0,0,22,44,0,1,0,1,0,0,0,0.666666666667,0.666666666667,0,0,0,216,194,22,0,216,0,194,0,22,37,216,0.162162162162,1.32432432432,11.6756756757,21.6,6,8.1990990496,0.702237650082,0.31006006006,10.329336629,1.76937710775,0.765265265265,3.0868314707,0.528762798222,0.252752752753,0.579945114934,0.437917739848,2,1.32432432432,0.579945114934,2,0.0121701261701,0.00597269624573,7,0.000900900900901,0.621196581197,37,37,37,1,0,0.72972972973,0.243243243243,0.027027027027,37,0.145645645646,1.32432432432,10.4864864865,19.4,5.38888888889,7.39602604114,0.705291143098,0.327389244915,9.22377786366,1.75917412864,0.767344664252,2.72239075289,0.519218854932,0.268877124547,0.579945114934,0.437917739848,2,1.32432432432,0.579945114934,2,0.0123270380413,0.00743362831858,7,0.000900900900901,0.49347008547,37,37,37,1,0,0.72972972973,0.243243243243,0.027027027027,37,194,0.145645645646,1.32432432432,10.4864864865,19.4,5.38888888889,7.39602604114,0.705291143098,0.327389244915,9.22377786366,1.75917412864,0.767344664252,2.72239075289,0.519218854932,0.268877124547,0.579945114934,0.437917739848,2,1.32432432432,0.579945114934,2,0.0123270380413,0.00743362831858,7,0.000900900900901,0.49347008547,37,37,37,1,0,0.72972972973,0.243243243243,0.027027027027,-22,-0.0165165165165,0,-1.18918918919,-2.2,-0.611111111111,-0.803073008466,0.00305349301641,0.017329184855,-1.10555876534,-0.0102029791098,0.00207939898662,-0.364440717816,-0.00954394329015,0.0161243717945,0,0,0,0,0,0,0.000156911871198,0.00146093207285,0,0,-0.127726495726,0,0,0,194,0,22,1116,0.898148148148,1,0,0.101851851852,1,0.898148148148,0.946341463415,0.938501466663,0.898148148148,0.898148148148,0,22,0,0,0,0
3666,WLNM_dir_neg,0.988636363636,0,00:00:03,10,90,8,1238804632,threshold_sweep,0.3,0,0,0,0,0,22,44,0,1,0,1,0,0,0,0.666666666667,0.666666666667,0,0,0,216,194,22,0,216,0,194,0,22,37,216,0.162162162162,1.32432432432,11.6756756757,21.6,6,8.1990990496,0.702237650082,0.31006006006,10.329336629,1.76937710775,0.765265265265,3.0868314707,0.528762798222,0.252752752753,0.579945114934,0.437917739848,2,1.32432432432,0.579945114934,2,0.0121701261701,0.00597269624573,7,0.000900900900901,0.621196581197,37,37,37,1,0,0.72972972973,0.243243243243,0.027027027027,37,0.145645645646,1.32432432432,10.4864864865,19.4,5.38888888889,7.39602604114,0.705291143098,0.327389244915,9.22377786366,1.75917412864,0.767344664252,2.72239075289,0.519218854932,0.268877124547,0.579945114934,0.437917739848,2,1.32432432432,0.579945114934,2,0.0123270380413,0.00743362831858,7,0.000900900900901,0.49347008547,37,37,37,1,0,0.72972972973,0.243243243243,0.027027027027,37,194,0.145645645646,1.32432432432,10.4864864865,19.4,5.38888888889,7.39602604114,0.705291143098,0.327389244915,9.22377786366,1.75917412864,0.767344664252,2.72239075289,0.519218854932,0.268877124547,0.579945114934,0.437917739848,2,1.32432432432,0.579945114934,2,0.0123270380413,0.00743362831858,7,0.000900900900901,0.49347008547,37,37,37,1,0,0.72972972973,0.243243243243,0.027027027027,-22,-0.0165165165165,0,-1.18918918919,-2.2,-0.611111111111,-0.803073008466,0.00305349301641,0.017329184855,-1.10555876534,-0.0102029791098,0.00207939898662,-0.364440717816,-0.00954394329015,0.0161243717945,0,0,0,0,0,0,0.000156911871198,0.00146093207285,0,0,-0.127726495726,0,0,0,194,0,22,1116,0.898148148148,1,0,0.101851851852,1,0.898148148148,0.946341463415,0.938501466663,0.898148148148,0.898148148148,0,22,0,0,0,0
3667,WLNM_dir_neg,0.988636363636,0,00:00:03,10,90,8,1238804632,threshold_sweep,0.4,0,0,0,0,0,22,44,0,1,0,1,0,0,0,0.666666666667,0.666666666667,0,0,0,216,194,22,0,216,0,194,0,22,37,216,0.162162162162,1.32432432432,11.6756756757,21.6,6,8.1990990496,0.702237650082,0.31006006006,10.329336629,1.76937710775,0.765265265265,3.0868314707,0.528762798222,0.252752752753,0.579945114934,0.437917739848,2,1.32432432432,0.579945114934,2,0.0121701261701,0.00597269624573,7,0.000900900900901,0.621196581197,37,37,37,1,0,0.72972972973,0.243243243243,0.027027027027,37,0.145645645646,1.32432432432,10.4864864865,19.4,5.38888888889,7.39602604114,0.705291143098,0.327389244915,9.22377786366,1.75917412864,0.767344664252,2.72239075289,0.519218854932,0.268877124547,0.579945114934,0.437917739848,2,1.32432432432,0.579945114934,2,0.0123270380413,0.00743362831858,7,0.000900900900901,0.49347008547,37,37,37,1,0,0.72972972973,0.243243243243,0.027027027027,37,194,0.145645645646,1.32432432432,10.4864864865,19.4,5.38888888889,7.39602604114,0.705291143098,0.327389244915,9.22377786366,1.75917412864,0.767344664252,2.72239075289,0.519218854932,0.268877124547,0.579945114934,0.437917739848,2,1.32432432432,0.579945114934,2,0.0123270380413,0.00743362831858,7,0.000900900900901,0.49347008547,37,37,37,1,0,0.72972972973,0.243243243243,0.027027027027,-22,-0.0165165165165,0,-1.18918918919,-2.2,-0.611111111111,-0.803073008466,0.00305349301641,0.017329184855,-1.10555876534,-0.0102029791098,0.00207939898662,-0.364440717816,-0.00954394329015,0.0161243717945,0,0,0,0,0,0,0.000156911871198,0.00146093207285,0,0,-0.127726495726,0,0,0,194,0,22,1116,0.898148148148,1,0,0.101851851852,1,0.898148148148,0.946341463415,0.938501466663,0.898148148148,0.898148148148,0,22,0,0,0,0
3668,WLNM_dir_neg,0.988636363636,0,00:00:03,10,90,8,1238804632,threshold_sweep,0.5,0,0,0,0,0,22,44,0,1,0,1,0,0,0,0.666666666667,0.666666666667,0,0,0,216,194,22,0,216,0,194,0,22,37,216,0.162162162162,1.32432432432,11.6756756757,21.6,6,8.1990990496,0.702237650082,0.31006006006,10.329336629,1.76937710775,0.765265265265,3.0868314707,0.528762798222,0.252752752753,0.579945114934,0.437917739848,2,1.32432432432,0.579945114934,2,0.0121701261701,0.00597269624573,7,0.000900900900901,0.621196581197,37,37,37,1,0,0.72972972973,0.243243243243,0.027027027027,37,0.145645645646,1.32432432432,10.4864864865,19.4,5.38888888889,7.39602604114,0.705291143098,0.327389244915,9.22377786366,1.75917412864,0.767344664252,2.72239075289,0.519218854932,0.268877124547,0.579945114934,0.437917739848,2,1.32432432432,0.579945114934,2,0.0123270380413,0.00743362831858,7,0.000900900900901,0.49347008547,37,37,37,1,0,0.72972972973,0.243243243243,0.027027027027,37,194,0.145645645646,1.32432432432,10.4864864865,19.4,5.38888888889,7.39602604114,0.705291143098,0.327389244915,9.22377786366,1.75917412864,0.767344664252,2.72239075289,0.519218854932,0.268877124547,0.579945114934,0.437917739848,2,1.32432432432,0.579945114934,2,0.0123270380413,0.00743362831858,7,0.000900900900901,0.49347008547,37,37,37,1,0,0.72972972973,0.243243243243,0.027027027027,-22,-0.0165165165165,0,-1.18918918919,-2.2,-0.611111111111,-0.803073008466,0.00305349301641,0.017329184855,-1.10555876534,-0.0102029791098,0.00207939898662,-0.364440717816,-0.00954394329015,0.0161243717945,0,0,0,0,0,0,0.000156911871198,0.00146093207285,0,0,-0.127726495726,0,0,0,194,0,22,1116,0.898148148148,1,0,0.101851851852,1,0.898148148148,0.946341463415,0.938501466663,0.898148148148,0.898148148148,0,22,0,0,0,0
3669,WLNM_dir_neg,0.988636363636,0,00:00:03,10,90,8,1238804632,threshold_sweep,0.6,0,0,0,0,0,22,44,0,1,0,1,0,0,0,0.666666666667,0.666666666667,0,0,0,216,194,22,0,216,0,194,0,22,37,216,0.162162162162,1.32432432432,11.6756756757,21.6,6,8.1990990496,0.702237650082,0.31006006006,10.329336629,1.76937710775,0.765265265265,3.0868314707,0.528762798222,0.252752752753,0.579945114934,0.437917739848,2,1.32432432432,0.579945114934,2,0.0121701261701,0.00597269624573,7,0.000900900900901,0.621196581197,37,37,37,1,0,0.72972972973,0.243243243243,0.027027027027,37,0.145645645646,1.32432432432,10.4864864865,19.4,5.38888888889,7.39602604114,0.705291143098,0.327389244915,9.22377786366,1.75917412864,0.767344664252,2.72239075289,0.519218854932,0.268877124547,0.579945114934,0.437917739848,2,1.32432432432,0.579945114934,2,0.0123270380413,0.00743362831858,7,0.000900900900901,0.49347008547,37,37,37,1,0,0.72972972973,0.243243243243,0.027027027027,37,194,0.145645645646,1.32432432432,10.4864864865,19.4,5.38888888889,7.39602604114,0.705291143098,0.327389244915,9.22377786366,1.75917412864,0.767344664252,2.72239075289,0.519218854932,0.268877124547,0.579945114934,0.437917739848,2,1.32432432432,0.579945114934,2,0.0123270380413,0.00743362831858,7,0.000900900900901,0.49347008547,37,37,37,1,0,0.72972972973,0.243243243243,0.027027027027,-22,-0.0165165165165,0,-1.18918918919,-2.2,-0.611111111111,-0.803073008466,0.00305349301641,0.017329184855,-1.10555876534,-0.0102029791098,0.00207939898662,-0.364440717816,-0.00954394329015,0.0161243717945,0,0,0,0,0,0,0.000156911871198,0.00146093207285,0,0,-0.127726495726,0,0,0,194,0,22,1116,0.898148148148,1,0,0.101851851852,1,0.898148148148,0.946341463415,0.938501466663,0.898148148148,0.898148148148,0,22,0,0,0,0
3670,WLNM_dir_neg,0.988636363636,0,00:00:03,10,90,8,1238804632,threshold_sweep,0.7,0,0,0,0,0,22,44,0,1,0,1,0,0,0,0.666666666667,0.666666666667,0,0,0,216,194,22,0,216,0,194,0,22,37,216,0.162162162162,1.32432432432,11.6756756757,21.6,6,8.1990990496,0.702237650082,0.31006006006,10.329336629,1.76937710775,0.765265265265,3.0868314707,0.528762798222,0.252752752753,0.579945114934,0.437917739848,2,1.32432432432,0.579945114934,2,0.0121701261701,0.00597269624573,7,0.000900900900901,0.621196581197,37,37,37,1,0,0.72972972973,0.243243243243,0.027027027027,37,0.145645645646,1.32432432432,10.4864864865,19.4,5.38888888889,7.39602604114,0.705291143098,0.327389244915,9.22377786366,1.75917412864,0.767344664252,2.72239075289,0.519218854932,0.268877124547,0.579945114934,0.437917739848,2,1.32432432432,0.579945114934,2,0.0123270380413,0.00743362831858,7,0.000900900900901,0.49347008547,37,37,37,1,0,0.72972972973,0.243243243243,0.027027027027,37,194,0.145645645646,1.32432432432,10.4864864865,19.4,5.38888888889,7.39602604114,0.705291143098,0.327389244915,9.22377786366,1.75917412864,0.767344664252,2.72239075289,0.519218854932,0.268877124547,0.579945114934,0.437917739848,2,1.32432432432,0.579945114934,2,0.0123270380413,0.00743362831858,7,0.000900900900901,0.49347008547,37,37,37,1,0,0.72972972973,0.243243243243,0.027027027027,-22,-0.0165165165165,0,-1.18918918919,-2.2,-0.611111111111,-0.803073008466,0.00305349301641,0.017329184855,-1.10555876534,-0.0102029791098,0.00207939898662,-0.364440717816,-0.00954394329015,0.0161243717945,0,0,0,0,0,0,0.000156911871198,0.00146093207285,0,0,-0.127726495726,0,0,0,194,0,22,1116,0.898148148148,1,0,0.101851851852,1,0.898148148148,0.946341463415,0.938501466663,0.898148148148,0.898148148148,0,22,0,0,0,0
3671,WLNM_dir_neg,0.988636363636,0,00:00:03,10,90,8,1238804632,threshold_sweep,0.8,0,0,0,0,0,22,44,0,1,0,1,0,0,0,0.666666666667,0.666666666667,0,0,0,216,194,22,0,216,0,194,0,22,37,216,0.162162162162,1.32432432432,11.6756756757,21.6,6,8.1990990496,0.702237650082,0.31006006006,10.329336629,1.76937710775,0.765265265265,3.0868314707,0.528762798222,0.252752752753,0.579945114934,0.437917739848,2,1.32432432432,0.579945114934,2,0.0121701261701,0.00597269624573,7,0.000900900900901,0.621196581197,37,37,37,1,0,0.72972972973,0.243243243243,0.027027027027,37,0.145645645646,1.32432432432,10.4864864865,19.4,5.38888888889,7.39602604114,0.705291143098,0.327389244915,9.22377786366,1.75917412864,0.767344664252,2.72239075289,0.519218854932,0.268877124547,0.579945114934,0.437917739848,2,1.32432432432,0.579945114934,2,0.0123270380413,0.00743362831858,7,0.000900900900901,0.49347008547,37,37,37,1,0,0.72972972973,0.243243243243,0.027027027027,37,194,0.145645645646,1.32432432432,10.4864864865,19.4,5.38888888889,7.39602604114,0.705291143098,0.327389244915,9.22377786366,1.75917412864,0.767344664252,2.72239075289,0.519218854932,0.268877124547,0.579945114934,0.437917739848,2,1.32432432432,0.579945114934,2,0.0123270380413,0.00743362831858,7,0.000900900900901,0.49347008547,37,37,37,1,0,0.72972972973,0.243243243243,0.027027027027,-22,-0.0165165165165,0,-1.18918918919,-2.2,-0.611111111111,-0.803073008466,0.00305349301641,0.017329184855,-1.10555876534,-0.0102029791098,0.00207939898662,-0.364440717816,-0.00954394329015,0.0161243717945,0,0,0,0,0,0,0.000156911871198,0.00146093207285,0,0,-0.127726495726,0,0,0,194,0,22,1116,0.898148148148,1,0,0.101851851852,1,0.898148148148,0.946341463415,0.938501466663,0.898148148148,0.898148148148,0,22,0,0,0,0
3672,WLNM_dir_neg,0.988636363636,0,00:00:03,10,90,8,1238804632,threshold_sweep,0.9,0,0,0,0,0,22,44,0,1,0,1,0,0,0,0.666666666667,0.666666666667,0,0,0,216,194,22,0,216,0,194,0,22,37,216,0.162162162162,1.32432432432,11.6756756757,21.6,6,8.1990990496,0.702237650082,0.31006006006,10.329336629,1.76937710775,0.765265265265,3.0868314707,0.528762798222,0.252752752753,0.579945114934,0.437917739848,2,1.32432432432,0.579945114934,2,0.0121701261701,0.00597269624573,7,0.000900900900901,0.621196581197,37,37,37,1,0,0.72972972973,0.243243243243,0.027027027027,37,0.145645645646,1.32432432432,10.4864864865,19.4,5.38888888889,7.39602604114,0.705291143098,0.327389244915,9.22377786366,1.75917412864,0.767344664252,2.72239075289,0.519218854932,0.268877124547,0.579945114934,0.437917739848,2,1.32432432432,0.579945114934,2,0.0123270380413,0.00743362831858,7,0.000900900900901,0.49347008547,37,37,37,1,0,0.72972972973,0.243243243243,0.027027027027,37,194,0.145645645646,1.32432432432,10.4864864865,19.4,5.38888888889,7.39602604114,0.705291143098,0.327389244915,9.22377786366,1.75917412864,0.767344664252,2.72239075289,0.519218854932,0.268877124547,0.579945114934,0.437917739848,2,1.32432432432,0.579945114934,2,0.0123270380413,0.00743362831858,7,0.000900900900901,0.49347008547,37,37,37,1,0,0.72972972973,0.243243243243,0.027027027027,-22,-0.0165165165165,0,-1.18918918919,-2.2,-0.611111111111,-0.803073008466,0.00305349301641,0.017329184855,-1.10555876534,-0.0102029791098,0.00207939898662,-0.364440717816,-0.00954394329015,0.0161243717945,0,0,0,0,0,0,0.000156911871198,0.00146093207285,0,0,-0.127726495726,0,0,0,194,0,22,1116,0.898148148148,1,0,0.101851851852,1,0.898148148148,0.946341463415,0.938501466663,0.898148148148,0.898148148148,0,22,0,0,0,0
3673,WLNM_dir_neg,0.982438016529,0.922716585922,00:00:03,10,90,9,1238804633,threshold_sweep,0.1,1,0.0454545454545,0.0869565217391,1,0,21,44,0.0454545454545,1,0,0.954545454545,1,0.0454545454545,0.0869565217391,0.681818181818,0.661616161616,0.0597014925373,0.175411603861,0.0454545454545,216,194,22,0,216,0,194,0,22,37,216,0.162162162162,1.32432432432,11.6756756757,21.6,6,8.1990990496,0.702237650082,0.31006006006,10.329336629,1.76937710775,0.765265265265,3.0868314707,0.528762798222,0.252752752753,0.579945114934,0.437917739848,2,1.32432432432,0.579945114934,2,0.0121701261701,0.00597269624573,7,0.000900900900901,0.621196581197,37,37,37,1,0,0.72972972973,0.243243243243,0.027027027027,37,0.145645645646,1.3277027027,10.4864864865,19.4,5.54285714286,7.4893317519,0.71418885263,0.330454165506,9.30771903495,1.77518352728,0.770409584843,2.85195260017,0.543929104157,0.283644469211,0.590250176002,0.444565018057,2.125,1.33680555556,0.595983164645,2.125,0.0128495842782,0.00631578947368,6,0.000772200772201,0.505306205871,37,36,36,0.972972972973,0,0.702702702703,0.243243243243,0.027027027027,37,195,0.146396396396,1.32732732733,10.5405405405,19.5,5.57142857143,7.52992029836,0.714377053947,0.332085932086,9.31739308035,1.76791561012,0.769230769231,2.81512431785,0.534151793642,0.278586278586,0.589078670762,0.443808138832,2.11111111111,1.33641975309,0.594795838055,2.11111111111,0.0134066186861,0.00728913571677,7,0.000900900900901,0.507775341674,37,36,36,0.972972972973,0,0.702702702703,0.243243243243,0.027027027027,-21,-0.0157657657658,0.003003003003,-1.13513513514,-2.1,-0.428571428571,-0.669178751241,0.0121394038654,0.0220258720259,-1.01194354865,-0.00146149762702,0.0039655039655,-0.271707152859,0.00538899542003,0.0258335258335,0.00913355582779,0.00589039898372,0.111111111111,0.0120954287621,0.0148507231203,0.111111111111,0.001236492516,0.00131643947103,0,0,-0.113421239523,-0.027027027027,0,0,195,0,21,1116,0.902777777778,1,0,0.0972222222222,1,0.902777777778,0.948905109489,0.941330856757,0.902777777778,0.902777777778,1,22,0,0,0,0
3674,WLNM_dir_neg,0.982438016529,0.922716585922,00:00:03,10,90,9,1238804633,threshold_sweep,0.2,1,0.0454545454545,0.0869565217391,1,0,21,44,0.0454545454545,1,0,0.954545454545,1,0.0454545454545,0.0869565217391,0.681818181818,0.661616161616,0.0597014925373,0.175411603861,0.0454545454545,216,194,22,0,216,0,194,0,22,37,216,0.162162162162,1.32432432432,11.6756756757,21.6,6,8.1990990496,0.702237650082,0.31006006006,10.329336629,1.76937710775,0.765265265265,3.0868314707,0.528762798222,0.252752752753,0.579945114934,0.437917739848,2,1.32432432432,0.579945114934,2,0.0121701261701,0.00597269624573,7,0.000900900900901,0.621196581197,37,37,37,1,0,0.72972972973,0.243243243243,0.027027027027,37,0.145645645646,1.3277027027,10.4864864865,19.4,5.54285714286,7.4893317519,0.71418885263,0.330454165506,9.30771903495,1.77518352728,0.770409584843,2.85195260017,0.543929104157,0.283644469211,0.590250176002,0.444565018057,2.125,1.33680555556,0.595983164645,2.125,0.0128495842782,0.00631578947368,6,0.000772200772201,0.505306205871,37,36,36,0.972972972973,0,0.702702702703,0.243243243243,0.027027027027,37,195,0.146396396396,1.32732732733,10.5405405405,19.5,5.57142857143,7.52992029836,0.714377053947,0.332085932086,9.31739308035,1.76791561012,0.769230769231,2.81512431785,0.534151793642,0.278586278586,0.589078670762,0.443808138832,2.11111111111,1.33641975309,0.594795838055,2.11111111111,0.0134066186861,0.00728913571677,7,0.000900900900901,0.507775341674,37,36,36,0.972972972973,0,0.702702702703,0.243243243243,0.027027027027,-21,-0.0157657657658,0.003003003003,-1.13513513514,-2.1,-0.428571428571,-0.669178751241,0.0121394038654,0.0220258720259,-1.01194354865,-0.00146149762702,0.0039655039655,-0.271707152859,0.00538899542003,0.0258335258335,0.00913355582779,0.00589039898372,0.111111111111,0.0120954287621,0.0148507231203,0.111111111111,0.001236492516,0.00131643947103,0,0,-0.113421239523,-0.027027027027,0,0,195,0,21,1116,0.902777777778,1,0,0.0972222222222,1,0.902777777778,0.948905109489,0.941330856757,0.902777777778,0.902777777778,1,22,0,0,0,0
3675,WLNM_dir_neg,0.982438016529,0.922716585922,00:00:03,10,90,9,1238804633,threshold_sweep,0.3,1,0.0454545454545,0.0869565217391,1,0,21,44,0.0454545454545,1,0,0.954545454545,1,0.0454545454545,0.0869565217391,0.681818181818,0.661616161616,0.0597014925373,0.175411603861,0.0454545454545,216,194,22,0,216,0,194,0,22,37,216,0.162162162162,1.32432432432,11.6756756757,21.6,6,8.1990990496,0.702237650082,0.31006006006,10.329336629,1.76937710775,0.765265265265,3.0868314707,0.528762798222,0.252752752753,0.579945114934,0.437917739848,2,1.32432432432,0.579945114934,2,0.0121701261701,0.00597269624573,7,0.000900900900901,0.621196581197,37,37,37,1,0,0.72972972973,0.243243243243,0.027027027027,37,0.145645645646,1.3277027027,10.4864864865,19.4,5.54285714286,7.4893317519,0.71418885263,0.330454165506,9.30771903495,1.77518352728,0.770409584843,2.85195260017,0.543929104157,0.283644469211,0.590250176002,0.444565018057,2.125,1.33680555556,0.595983164645,2.125,0.0128495842782,0.00631578947368,6,0.000772200772201,0.505306205871,37,36,36,0.972972972973,0,0.702702702703,0.243243243243,0.027027027027,37,195,0.146396396396,1.32732732733,10.5405405405,19.5,5.57142857143,7.52992029836,0.714377053947,0.332085932086,9.31739308035,1.76791561012,0.769230769231,2.81512431785,0.534151793642,0.278586278586,0.589078670762,0.443808138832,2.11111111111,1.33641975309,0.594795838055,2.11111111111,0.0134066186861,0.00728913571677,7,0.000900900900901,0.507775341674,37,36,36,0.972972972973,0,0.702702702703,0.243243243243,0.027027027027,-21,-0.0157657657658,0.003003003003,-1.13513513514,-2.1,-0.428571428571,-0.669178751241,0.0121394038654,0.0220258720259,-1.01194354865,-0.00146149762702,0.0039655039655,-0.271707152859,0.00538899542003,0.0258335258335,0.00913355582779,0.00589039898372,0.111111111111,0.0120954287621,0.0148507231203,0.111111111111,0.001236492516,0.00131643947103,0,0,-0.113421239523,-0.027027027027,0,0,195,0,21,1116,0.902777777778,1,0,0.0972222222222,1,0.902777777778,0.948905109489,0.941330856757,0.902777777778,0.902777777778,1,22,0,0,0,0
3676,WLNM_dir_neg,0.982438016529,0.922716585922,00:00:03,10,90,9,1238804633,threshold_sweep,0.4,1,0.0454545454545,0.0869565217391,1,0,21,44,0.0454545454545,1,0,0.954545454545,1,0.0454545454545,0.0869565217391,0.681818181818,0.661616161616,0.0597014925373,0.175411603861,0.0454545454545,216,194,22,0,216,0,194,0,22,37,216,0.162162162162,1.32432432432,11.6756756757,21.6,6,8.1990990496,0.702237650082,0.31006006006,10.329336629,1.76937710775,0.765265265265,3.0868314707,0.528762798222,0.252752752753,0.579945114934,0.437917739848,2,1.32432432432,0.579945114934,2,0.0121701261701,0.00597269624573,7,0.000900900900901,0.621196581197,37,37,37,1,0,0.72972972973,0.243243243243,0.027027027027,37,0.145645645646,1.3277027027,10.4864864865,19.4,5.54285714286,7.4893317519,0.71418885263,0.330454165506,9.30771903495,1.77518352728,0.770409584843,2.85195260017,0.543929104157,0.283644469211,0.590250176002,0.444565018057,2.125,1.33680555556,0.595983164645,2.125,0.0128495842782,0.00631578947368,6,0.000772200772201,0.505306205871,37,36,36,0.972972972973,0,0.702702702703,0.243243243243,0.027027027027,37,195,0.146396396396,1.32732732733,10.5405405405,19.5,5.57142857143,7.52992029836,0.714377053947,0.332085932086,9.31739308035,1.76791561012,0.769230769231,2.81512431785,0.534151793642,0.278586278586,0.589078670762,0.443808138832,2.11111111111,1.33641975309,0.594795838055,2.11111111111,0.0134066186861,0.00728913571677,7,0.000900900900901,0.507775341674,37,36,36,0.972972972973,0,0.702702702703,0.243243243243,0.027027027027,-21,-0.0157657657658,0.003003003003,-1.13513513514,-2.1,-0.428571428571,-0.669178751241,0.0121394038654,0.0220258720259,-1.01194354865,-0.00146149762702,0.0039655039655,-0.271707152859,0.00538899542003,0.0258335258335,0.00913355582779,0.00589039898372,0.111111111111,0.0120954287621,0.0148507231203,0.111111111111,0.001236492516,0.00131643947103,0,0,-0.113421239523,-0.027027027027,0,0,195,0,21,1116,0.902777777778,1,0,0.0972222222222,1,0.902777777778,0.948905109489,0.941330856757,0.902777777778,0.902777777778,1,22,0,0,0,0
3677,WLNM_dir_neg,0.982438016529,0.922716585922,00:00:03,10,90,9,1238804633,threshold_sweep,0.5,1,0.0454545454545,0.0869565217391,1,0,21,44,0.0454545454545,1,0,0.954545454545,1,0.0454545454545,0.0869565217391,0.681818181818,0.661616161616,0.0597014925373,0.175411603861,0.0454545454545,216,194,22,0,216,0,194,0,22,37,216,0.162162162162,1.32432432432,11.6756756757,21.6,6,8.1990990496,0.702237650082,0.31006006006,10.329336629,1.76937710775,0.765265265265,3.0868314707,0.528762798222,0.252752752753,0.579945114934,0.437917739848,2,1.32432432432,0.579945114934,2,0.0121701261701,0.00597269624573,7,0.000900900900901,0.621196581197,37,37,37,1,0,0.72972972973,0.243243243243,0.027027027027,37,0.145645645646,1.3277027027,10.4864864865,19.4,5.54285714286,7.4893317519,0.71418885263,0.330454165506,9.30771903495,1.77518352728,0.770409584843,2.85195260017,0.543929104157,0.283644469211,0.590250176002,0.444565018057,2.125,1.33680555556,0.595983164645,2.125,0.0128495842782,0.00631578947368,6,0.000772200772201,0.505306205871,37,36,36,0.972972972973,0,0.702702702703,0.243243243243,0.027027027027,37,195,0.146396396396,1.32732732733,10.5405405405,19.5,5.57142857143,7.52992029836,0.714377053947,0.332085932086,9.31739308035,1.76791561012,0.769230769231,2.81512431785,0.534151793642,0.278586278586,0.589078670762,0.443808138832,2.11111111111,1.33641975309,0.594795838055,2.11111111111,0.0134066186861,0.00728913571677,7,0.000900900900901,0.507775341674,37,36,36,0.972972972973,0,0.702702702703,0.243243243243,0.027027027027,-21,-0.0157657657658,0.003003003003,-1.13513513514,-2.1,-0.428571428571,-0.669178751241,0.0121394038654,0.0220258720259,-1.01194354865,-0.00146149762702,0.0039655039655,-0.271707152859,0.00538899542003,0.0258335258335,0.00913355582779,0.00589039898372,0.111111111111,0.0120954287621,0.0148507231203,0.111111111111,0.001236492516,0.00131643947103,0,0,-0.113421239523,-0.027027027027,0,0,195,0,21,1116,0.902777777778,1,0,0.0972222222222,1,0.902777777778,0.948905109489,0.941330856757,0.902777777778,0.902777777778,1,22,0,0,0,0
3678,WLNM_dir_neg,0.982438016529,0.922716585922,00:00:03,10,90,9,1238804633,threshold_sweep,0.6,1,0.0454545454545,0.0869565217391,1,0,21,44,0.0454545454545,1,0,0.954545454545,1,0.0454545454545,0.0869565217391,0.681818181818,0.661616161616,0.0597014925373,0.175411603861,0.0454545454545,216,194,22,0,216,0,194,0,22,37,216,0.162162162162,1.32432432432,11.6756756757,21.6,6,8.1990990496,0.702237650082,0.31006006006,10.329336629,1.76937710775,0.765265265265,3.0868314707,0.528762798222,0.252752752753,0.579945114934,0.437917739848,2,1.32432432432,0.579945114934,2,0.0121701261701,0.00597269624573,7,0.000900900900901,0.621196581197,37,37,37,1,0,0.72972972973,0.243243243243,0.027027027027,37,0.145645645646,1.3277027027,10.4864864865,19.4,5.54285714286,7.4893317519,0.71418885263,0.330454165506,9.30771903495,1.77518352728,0.770409584843,2.85195260017,0.543929104157,0.283644469211,0.590250176002,0.444565018057,2.125,1.33680555556,0.595983164645,2.125,0.0128495842782,0.00631578947368,6,0.000772200772201,0.505306205871,37,36,36,0.972972972973,0,0.702702702703,0.243243243243,0.027027027027,37,195,0.146396396396,1.32732732733,10.5405405405,19.5,5.57142857143,7.52992029836,0.714377053947,0.332085932086,9.31739308035,1.76791561012,0.769230769231,2.81512431785,0.534151793642,0.278586278586,0.589078670762,0.443808138832,2.11111111111,1.33641975309,0.594795838055,2.11111111111,0.0134066186861,0.00728913571677,7,0.000900900900901,0.507775341674,37,36,36,0.972972972973,0,0.702702702703,0.243243243243,0.027027027027,-21,-0.0157657657658,0.003003003003,-1.13513513514,-2.1,-0.428571428571,-0.669178751241,0.0121394038654,0.0220258720259,-1.01194354865,-0.00146149762702,0.0039655039655,-0.271707152859,0.00538899542003,0.0258335258335,0.00913355582779,0.00589039898372,0.111111111111,0.0120954287621,0.0148507231203,0.111111111111,0.001236492516,0.00131643947103,0,0,-0.113421239523,-0.027027027027,0,0,195,0,21,1116,0.902777777778,1,0,0.0972222222222,1,0.902777777778,0.948905109489,0.941330856757,0.902777777778,0.902777777778,1,22,0,0,0,0
3679,WLNM_dir_neg,0.982438016529,0.922716585922,00:00:03,10,90,9,1238804633,threshold_sweep,0.7,1,0.0454545454545,0.0869565217391,1,0,21,44,0.0454545454545,1,0,0.954545454545,1,0.0454545454545,0.0869565217391,0.681818181818,0.661616161616,0.0597014925373,0.175411603861,0.0454545454545,216,194,22,0,216,0,194,0,22,37,216,0.162162162162,1.32432432432,11.6756756757,21.6,6,8.1990990496,0.702237650082,0.31006006006,10.329336629,1.76937710775,0.765265265265,3.0868314707,0.528762798222,0.252752752753,0.579945114934,0.437917739848,2,1.32432432432,0.579945114934,2,0.0121701261701,0.00597269624573,7,0.000900900900901,0.621196581197,37,37,37,1,0,0.72972972973,0.243243243243,0.027027027027,37,0.145645645646,1.3277027027,10.4864864865,19.4,5.54285714286,7.4893317519,0.71418885263,0.330454165506,9.30771903495,1.77518352728,0.770409584843,2.85195260017,0.543929104157,0.283644469211,0.590250176002,0.444565018057,2.125,1.33680555556,0.595983164645,2.125,0.0128495842782,0.00631578947368,6,0.000772200772201,0.505306205871,37,36,36,0.972972972973,0,0.702702702703,0.243243243243,0.027027027027,37,195,0.146396396396,1.32732732733,10.5405405405,19.5,5.57142857143,7.52992029836,0.714377053947,0.332085932086,9.31739308035,1.76791561012,0.769230769231,2.81512431785,0.534151793642,0.278586278586,0.589078670762,0.443808138832,2.11111111111,1.33641975309,0.594795838055,2.11111111111,0.0134066186861,0.00728913571677,7,0.000900900900901,0.507775341674,37,36,36,0.972972972973,0,0.702702702703,0.243243243243,0.027027027027,-21,-0.0157657657658,0.003003003003,-1.13513513514,-2.1,-0.428571428571,-0.669178751241,0.0121394038654,0.0220258720259,-1.01194354865,-0.00146149762702,0.0039655039655,-0.271707152859,0.00538899542003,0.0258335258335,0.00913355582779,0.00589039898372,0.111111111111,0.0120954287621,0.0148507231203,0.111111111111,0.001236492516,0.00131643947103,0,0,-0.113421239523,-0.027027027027,0,0,195,0,21,1116,0.902777777778,1,0,0.0972222222222,1,0.902777777778,0.948905109489,0.941330856757,0.902777777778,0.902777777778,1,22,0,0,0,0
3680,WLNM_dir_neg,0.982438016529,0.922716585922,00:00:03,10,90,9,1238804633,threshold_sweep,0.8,1,0.0454545454545,0.0869565217391,1,0,21,44,0.0454545454545,1,0,0.954545454545,1,0.0454545454545,0.0869565217391,0.681818181818,0.661616161616,0.0597014925373,0.175411603861,0.0454545454545,216,194,22,0,216,0,194,0,22,37,216,0.162162162162,1.32432432432,11.6756756757,21.6,6,8.1990990496,0.702237650082,0.31006006006,10.329336629,1.76937710775,0.765265265265,3.0868314707,0.528762798222,0.252752752753,0.579945114934,0.437917739848,2,1.32432432432,0.579945114934,2,0.0121701261701,0.00597269624573,7,0.000900900900901,0.621196581197,37,37,37,1,0,0.72972972973,0.243243243243,0.027027027027,37,0.145645645646,1.3277027027,10.4864864865,19.4,5.54285714286,7.4893317519,0.71418885263,0.330454165506,9.30771903495,1.77518352728,0.770409584843,2.85195260017,0.543929104157,0.283644469211,0.590250176002,0.444565018057,2.125,1.33680555556,0.595983164645,2.125,0.0128495842782,0.00631578947368,6,0.000772200772201,0.505306205871,37,36,36,0.972972972973,0,0.702702702703,0.243243243243,0.027027027027,37,195,0.146396396396,1.32732732733,10.5405405405,19.5,5.57142857143,7.52992029836,0.714377053947,0.332085932086,9.31739308035,1.76791561012,0.769230769231,2.81512431785,0.534151793642,0.278586278586,0.589078670762,0.443808138832,2.11111111111,1.33641975309,0.594795838055,2.11111111111,0.0134066186861,0.00728913571677,7,0.000900900900901,0.507775341674,37,36,36,0.972972972973,0,0.702702702703,0.243243243243,0.027027027027,-21,-0.0157657657658,0.003003003003,-1.13513513514,-2.1,-0.428571428571,-0.669178751241,0.0121394038654,0.0220258720259,-1.01194354865,-0.00146149762702,0.0039655039655,-0.271707152859,0.00538899542003,0.0258335258335,0.00913355582779,0.00589039898372,0.111111111111,0.0120954287621,0.0148507231203,0.111111111111,0.001236492516,0.00131643947103,0,0,-0.113421239523,-0.027027027027,0,0,195,0,21,1116,0.902777777778,1,0,0.0972222222222,1,0.902777777778,0.948905109489,0.941330856757,0.902777777778,0.902777777778,1,22,0,0,0,0
3681,WLNM_dir_neg,0.982438016529,0.922716585922,00:00:03,10,90,9,1238804633,threshold_sweep,0.9,1,0.0454545454545,0.0869565217391,1,0,21,44,0.0454545454545,1,0,0.954545454545,1,0.0454545454545,0.0869565217391,0.681818181818,0.661616161616,0.0597014925373,0.175411603861,0.0454545454545,216,194,22,0,216,0,194,0,22,37,216,0.162162162162,1.32432432432,11.6756756757,21.6,6,8.1990990496,0.702237650082,0.31006006006,10.329336629,1.76937710775,0.765265265265,3.0868314707,0.528762798222,0.252752752753,0.579945114934,0.437917739848,2,1.32432432432,0.579945114934,2,0.0121701261701,0.00597269624573,7,0.000900900900901,0.621196581197,37,37,37,1,0,0.72972972973,0.243243243243,0.027027027027,37,0.145645645646,1.3277027027,10.4864864865,19.4,5.54285714286,7.4893317519,0.71418885263,0.330454165506,9.30771903495,1.77518352728,0.770409584843,2.85195260017,0.543929104157,0.283644469211,0.590250176002,0.444565018057,2.125,1.33680555556,0.595983164645,2.125,0.0128495842782,0.00631578947368,6,0.000772200772201,0.505306205871,37,36,36,0.972972972973,0,0.702702702703,0.243243243243,0.027027027027,37,195,0.146396396396,1.32732732733,10.5405405405,19.5,5.57142857143,7.52992029836,0.714377053947,0.332085932086,9.31739308035,1.76791561012,0.769230769231,2.81512431785,0.534151793642,0.278586278586,0.589078670762,0.443808138832,2.11111111111,1.33641975309,0.594795838055,2.11111111111,0.0134066186861,0.00728913571677,7,0.000900900900901,0.507775341674,37,36,36,0.972972972973,0,0.702702702703,0.243243243243,0.027027027027,-21,-0.0157657657658,0.003003003003,-1.13513513514,-2.1,-0.428571428571,-0.669178751241,0.0121394038654,0.0220258720259,-1.01194354865,-0.00146149762702,0.0039655039655,-0.271707152859,0.00538899542003,0.0258335258335,0.00913355582779,0.00589039898372,0.111111111111,0.0120954287621,0.0148507231203,0.111111111111,0.001236492516,0.00131643947103,0,0,-0.113421239523,-0.027027027027,0,0,195,0,21,1116,0.902777777778,1,0,0.0972222222222,1,0.902777777778,0.948905109489,0.941330856757,0.902777777778,0.902777777778,1,22,0,0,0,0
3682,WLNM_dir_neg,1,0.909090909091,00:00:03,10,90,10,1238804634,threshold_sweep,0.1,1,0.0909090909091,0.166666666667,2,0,20,44,0.0909090909091,1,0,0.909090909091,1,0.0909090909091,0.166666666667,0.69696969697,0.656565656566,0.117647058824,0.25,0.0909090909091,216,194,22,0,216,0,194,0,22,37,216,0.162162162162,1.32432432432,11.6756756757,21.6,6,8.1990990496,0.702237650082,0.31006006006,10.329336629,1.76937710775,0.765265265265,3.0868314707,0.528762798222,0.252752752753,0.579945114934,0.437917739848,2,1.32432432432,0.579945114934,2,0.0121701261701,0.00597269624573,7,0.000900900900901,0.621196581197,37,37,37,1,0,0.72972972973,0.243243243243,0.027027027027,37,0.145645645646,1.32432432432,10.4864864865,19.4,5.38888888889,7.43722477221,0.709219888071,0.333658400669,9.33156353877,1.77973119038,0.773195876289,2.90980531427,0.554962869217,0.296740039008,0.579945114934,0.437917739848,2,1.32432432432,0.579945114934,2,0.0107574289065,0.00528913963329,5,0.000643500643501,0.511976960238,37,37,37,1,0,0.72972972973,0.243243243243,0.027027027027,37,196,0.147147147147,1.32432432432,10.5945945946,19.6,5.44444444444,7.52942177011,0.710685218097,0.337148372863,9.35374216517,1.76575744955,0.77082184225,2.83690818463,0.535538789957,0.286817429675,0.579945114934,0.437917739848,2,1.32432432432,0.579945114934,2,0.0123320806178,0.00723888314374,7,0.000900900900901,0.516421404682,37,37,37,1,0,0.72972972973,0.243243243243,0.027027027027,-20,-0.015015015015,0,-1.08108108108,-2,-0.555555555556,-0.669677279495,0.00844756801516,0.0270883128026,-0.975594463829,-0.00361965819779,0.00555657698515,-0.249923286069,0.00677599173413,0.0340646769218,0,0,0,0,0,0,0.000161954447669,0.00126618689801,0,0,-0.104775176514,0,0,0,196,0,20,1116,0.907407407407,1,0,0.0925925925926,1,0.907407407407,0.95145631068,0.944156726864,0.907407407407,0.907407407407,2,22,0,0,0,0
3683,WLNM_dir_neg,1,0.909090909091,00:00:03,10,90,10,1238804634,threshold_sweep,0.2,1,0.0909090909091,0.166666666667,2,0,20,44,0.0909090909091,1,0,0.909090909091,1,0.0909090909091,0.166666666667,0.69696969697,0.656565656566,0.117647058824,0.25,0.0909090909091,216,194,22,0,216,0,194,0,22,37,216,0.162162162162,1.32432432432,11.6756756757,21.6,6,8.1990990496,0.702237650082,0.31006006006,10.329336629,1.76937710775,0.765265265265,3.0868314707,0.528762798222,0.252752752753,0.579945114934,0.437917739848,2,1.32432432432,0.579945114934,2,0.0121701261701,0.00597269624573,7,0.000900900900901,0.621196581197,37,37,37,1,0,0.72972972973,0.243243243243,0.027027027027,37,0.145645645646,1.32432432432,10.4864864865,19.4,5.38888888889,7.43722477221,0.709219888071,0.333658400669,9.33156353877,1.77973119038,0.773195876289,2.90980531427,0.554962869217,0.296740039008,0.579945114934,0.437917739848,2,1.32432432432,0.579945114934,2,0.0107574289065,0.00528913963329,5,0.000643500643501,0.511976960238,37,37,37,1,0,0.72972972973,0.243243243243,0.027027027027,37,196,0.147147147147,1.32432432432,10.5945945946,19.6,5.44444444444,7.52942177011,0.710685218097,0.337148372863,9.35374216517,1.76575744955,0.77082184225,2.83690818463,0.535538789957,0.286817429675,0.579945114934,0.437917739848,2,1.32432432432,0.579945114934,2,0.0123320806178,0.00723888314374,7,0.000900900900901,0.516421404682,37,37,37,1,0,0.72972972973,0.243243243243,0.027027027027,-20,-0.015015015015,0,-1.08108108108,-2,-0.555555555556,-0.669677279495,0.00844756801516,0.0270883128026,-0.975594463829,-0.00361965819779,0.00555657698515,-0.249923286069,0.00677599173413,0.0340646769218,0,0,0,0,0,0,0.000161954447669,0.00126618689801,0,0,-0.104775176514,0,0,0,196,0,20,1116,0.907407407407,1,0,0.0925925925926,1,0.907407407407,0.95145631068,0.944156726864,0.907407407407,0.907407407407,2,22,0,0,0,0
3684,WLNM_dir_neg,1,0.909090909091,00:00:03,10,90,10,1238804634,threshold_sweep,0.3,1,0.0909090909091,0.166666666667,2,0,20,44,0.0909090909091,1,0,0.909090909091,1,0.0909090909091,0.166666666667,0.69696969697,0.656565656566,0.117647058824,0.25,0.0909090909091,216,194,22,0,216,0,194,0,22,37,216,0.162162162162,1.32432432432,11.6756756757,21.6,6,8.1990990496,0.702237650082,0.31006006006,10.329336629,1.76937710775,0.765265265265,3.0868314707,0.528762798222,0.252752752753,0.579945114934,0.437917739848,2,1.32432432432,0.579945114934,2,0.0121701261701,0.00597269624573,7,0.000900900900901,0.621196581197,37,37,37,1,0,0.72972972973,0.243243243243,0.027027027027,37,0.145645645646,1.32432432432,10.4864864865,19.4,5.38888888889,7.43722477221,0.709219888071,0.333658400669,9.33156353877,1.77973119038,0.773195876289,2.90980531427,0.554962869217,0.296740039008,0.579945114934,0.437917739848,2,1.32432432432,0.579945114934,2,0.0107574289065,0.00528913963329,5,0.000643500643501,0.511976960238,37,37,37,1,0,0.72972972973,0.243243243243,0.027027027027,37,196,0.147147147147,1.32432432432,10.5945945946,19.6,5.44444444444,7.52942177011,0.710685218097,0.337148372863,9.35374216517,1.76575744955,0.77082184225,2.83690818463,0.535538789957,0.286817429675,0.579945114934,0.437917739848,2,1.32432432432,0.579945114934,2,0.0123320806178,0.00723888314374,7,0.000900900900901,0.516421404682,37,37,37,1,0,0.72972972973,0.243243243243,0.027027027027,-20,-0.015015015015,0,-1.08108108108,-2,-0.555555555556,-0.669677279495,0.00844756801516,0.0270883128026,-0.975594463829,-0.00361965819779,0.00555657698515,-0.249923286069,0.00677599173413,0.0340646769218,0,0,0,0,0,0,0.000161954447669,0.00126618689801,0,0,-0.104775176514,0,0,0,196,0,20,1116,0.907407407407,1,0,0.0925925925926,1,0.907407407407,0.95145631068,0.944156726864,0.907407407407,0.907407407407,2,22,0,0,0,0
3685,WLNM_dir_neg,1,0.909090909091,00:00:03,10,90,10,1238804634,threshold_sweep,0.4,1,0.0909090909091,0.166666666667,2,0,20,44,0.0909090909091,1,0,0.909090909091,1,0.0909090909091,0.166666666667,0.69696969697,0.656565656566,0.117647058824,0.25,0.0909090909091,216,194,22,0,216,0,194,0,22,37,216,0.162162162162,1.32432432432,11.6756756757,21.6,6,8.1990990496,0.702237650082,0.31006006006,10.329336629,1.76937710775,0.765265265265,3.0868314707,0.528762798222,0.252752752753,0.579945114934,0.437917739848,2,1.32432432432,0.579945114934,2,0.0121701261701,0.00597269624573,7,0.000900900900901,0.621196581197,37,37,37,1,0,0.72972972973,0.243243243243,0.027027027027,37,0.145645645646,1.32432432432,10.4864864865,19.4,5.38888888889,7.43722477221,0.709219888071,0.333658400669,9.33156353877,1.77973119038,0.773195876289,2.90980531427,0.554962869217,0.296740039008,0.579945114934,0.437917739848,2,1.32432432432,0.579945114934,2,0.0107574289065,0.00528913963329,5,0.000643500643501,0.511976960238,37,37,37,1,0,0.72972972973,0.243243243243,0.027027027027,37,196,0.147147147147,1.32432432432,10.5945945946,19.6,5.44444444444,7.52942177011,0.710685218097,0.337148372863,9.35374216517,1.76575744955,0.77082184225,2.83690818463,0.535538789957,0.286817429675,0.579945114934,0.437917739848,2,1.32432432432,0.579945114934,2,0.0123320806178,0.00723888314374,7,0.000900900900901,0.516421404682,37,37,37,1,0,0.72972972973,0.243243243243,0.027027027027,-20,-0.015015015015,0,-1.08108108108,-2,-0.555555555556,-0.669677279495,0.00844756801516,0.0270883128026,-0.975594463829,-0.00361965819779,0.00555657698515,-0.249923286069,0.00677599173413,0.0340646769218,0,0,0,0,0,0,0.000161954447669,0.00126618689801,0,0,-0.104775176514,0,0,0,196,0,20,1116,0.907407407407,1,0,0.0925925925926,1,0.907407407407,0.95145631068,0.944156726864,0.907407407407,0.907407407407,2,22,0,0,0,0
3686,WLNM_dir_neg,1,0.909090909091,00:00:03,10,90,10,1238804634,threshold_sweep,0.5,1,0.0909090909091,0.166666666667,2,0,20,44,0.0909090909091,1,0,0.909090909091,1,0.0909090909091,0.166666666667,0.69696969697,0.656565656566,0.117647058824,0.25,0.0909090909091,216,194,22,0,216,0,194,0,22,37,216,0.162162162162,1.32432432432,11.6756756757,21.6,6,8.1990990496,0.702237650082,0.31006006006,10.329336629,1.76937710775,0.765265265265,3.0868314707,0.528762798222,0.252752752753,0.579945114934,0.437917739848,2,1.32432432432,0.579945114934,2,0.0121701261701,0.00597269624573,7,0.000900900900901,0.621196581197,37,37,37,1,0,0.72972972973,0.243243243243,0.027027027027,37,0.145645645646,1.32432432432,10.4864864865,19.4,5.38888888889,7.43722477221,0.709219888071,0.333658400669,9.33156353877,1.77973119038,0.773195876289,2.90980531427,0.554962869217,0.296740039008,0.579945114934,0.437917739848,2,1.32432432432,0.579945114934,2,0.0107574289065,0.00528913963329,5,0.000643500643501,0.511976960238,37,37,37,1,0,0.72972972973,0.243243243243,0.027027027027,37,196,0.147147147147,1.32432432432,10.5945945946,19.6,5.44444444444,7.52942177011,0.710685218097,0.337148372863,9.35374216517,1.76575744955,0.77082184225,2.83690818463,0.535538789957,0.286817429675,0.579945114934,0.437917739848,2,1.32432432432,0.579945114934,2,0.0123320806178,0.00723888314374,7,0.000900900900901,0.516421404682,37,37,37,1,0,0.72972972973,0.243243243243,0.027027027027,-20,-0.015015015015,0,-1.08108108108,-2,-0.555555555556,-0.669677279495,0.00844756801516,0.0270883128026,-0.975594463829,-0.00361965819779,0.00555657698515,-0.249923286069,0.00677599173413,0.0340646769218,0,0,0,0,0,0,0.000161954447669,0.00126618689801,0,0,-0.104775176514,0,0,0,196,0,20,1116,0.907407407407,1,0,0.0925925925926,1,0.907407407407,0.95145631068,0.944156726864,0.907407407407,0.907407407407,2,22,0,0,0,0
3687,WLNM_dir_neg,1,0.909090909091,00:00:03,10,90,10,1238804634,threshold_sweep,0.6,1,0.0909090909091,0.166666666667,2,0,20,44,0.0909090909091,1,0,0.909090909091,1,0.0909090909091,0.166666666667,0.69696969697,0.656565656566,0.117647058824,0.25,0.0909090909091,216,194,22,0,216,0,194,0,22,37,216,0.162162162162,1.32432432432,11.6756756757,21.6,6,8.1990990496,0.702237650082,0.31006006006,10.329336629,1.76937710775,0.765265265265,3.0868314707,0.528762798222,0.252752752753,0.579945114934,0.437917739848,2,1.32432432432,0.579945114934,2,0.0121701261701,0.00597269624573,7,0.000900900900901,0.621196581197,37,37,37,1,0,0.72972972973,0.243243243243,0.027027027027,37,0.145645645646,1.32432432432,10.4864864865,19.4,5.38888888889,7.43722477221,0.709219888071,0.333658400669,9.33156353877,1.77973119038,0.773195876289,2.90980531427,0.554962869217,0.296740039008,0.579945114934,0.437917739848,2,1.32432432432,0.579945114934,2,0.0107574289065,0.00528913963329,5,0.000643500643501,0.511976960238,37,37,37,1,0,0.72972972973,0.243243243243,0.027027027027,37,196,0.147147147147,1.32432432432,10.5945945946,19.6,5.44444444444,7.52942177011,0.710685218097,0.337148372863,9.35374216517,1.76575744955,0.77082184225,2.83690818463,0.535538789957,0.286817429675,0.579945114934,0.437917739848,2,1.32432432432,0.579945114934,2,0.0123320806178,0.00723888314374,7,0.000900900900901,0.516421404682,37,37,37,1,0,0.72972972973,0.243243243243,0.027027027027,-20,-0.015015015015,0,-1.08108108108,-2,-0.555555555556,-0.669677279495,0.00844756801516,0.0270883128026,-0.975594463829,-0.00361965819779,0.00555657698515,-0.249923286069,0.00677599173413,0.0340646769218,0,0,0,0,0,0,0.000161954447669,0.00126618689801,0,0,-0.104775176514,0,0,0,196,0,20,1116,0.907407407407,1,0,0.0925925925926,1,0.907407407407,0.95145631068,0.944156726864,0.907407407407,0.907407407407,2,22,0,0,0,0
3688,WLNM_dir_neg,1,0.909090909091,00:00:03,10,90,10,1238804634,threshold_sweep,0.7,1,0.0909090909091,0.166666666667,2,0,20,44,0.0909090909091,1,0,0.909090909091,1,0.0909090909091,0.166666666667,0.69696969697,0.656565656566,0.117647058824,0.25,0.0909090909091,216,194,22,0,216,0,194,0,22,37,216,0.162162162162,1.32432432432,11.6756756757,21.6,6,8.1990990496,0.702237650082,0.31006006006,10.329336629,1.76937710775,0.765265265265,3.0868314707,0.528762798222,0.252752752753,0.579945114934,0.437917739848,2,1.32432432432,0.579945114934,2,0.0121701261701,0.00597269624573,7,0.000900900900901,0.621196581197,37,37,37,1,0,0.72972972973,0.243243243243,0.027027027027,37,0.145645645646,1.32432432432,10.4864864865,19.4,5.38888888889,7.43722477221,0.709219888071,0.333658400669,9.33156353877,1.77973119038,0.773195876289,2.90980531427,0.554962869217,0.296740039008,0.579945114934,0.437917739848,2,1.32432432432,0.579945114934,2,0.0107574289065,0.00528913963329,5,0.000643500643501,0.511976960238,37,37,37,1,0,0.72972972973,0.243243243243,0.027027027027,37,196,0.147147147147,1.32432432432,10.5945945946,19.6,5.44444444444,7.52942177011,0.710685218097,0.337148372863,9.35374216517,1.76575744955,0.77082184225,2.83690818463,0.535538789957,0.286817429675,0.579945114934,0.437917739848,2,1.32432432432,0.579945114934,2,0.0123320806178,0.00723888314374,7,0.000900900900901,0.516421404682,37,37,37,1,0,0.72972972973,0.243243243243,0.027027027027,-20,-0.015015015015,0,-1.08108108108,-2,-0.555555555556,-0.669677279495,0.00844756801516,0.0270883128026,-0.975594463829,-0.00361965819779,0.00555657698515,-0.249923286069,0.00677599173413,0.0340646769218,0,0,0,0,0,0,0.000161954447669,0.00126618689801,0,0,-0.104775176514,0,0,0,196,0,20,1116,0.907407407407,1,0,0.0925925925926,1,0.907407407407,0.95145631068,0.944156726864,0.907407407407,0.907407407407,2,22,0,0,0,0
3689,WLNM_dir_neg,1,0.909090909091,00:00:03,10,90,10,1238804634,threshold_sweep,0.8,1,0.0909090909091,0.166666666667,2,0,20,44,0.0909090909091,1,0,0.909090909091,1,0.0909090909091,0.166666666667,0.69696969697,0.656565656566,0.117647058824,0.25,0.0909090909091,216,194,22,0,216,0,194,0,22,37,216,0.162162162162,1.32432432432,11.6756756757,21.6,6,8.1990990496,0.702237650082,0.31006006006,10.329336629,1.76937710775,0.765265265265,3.0868314707,0.528762798222,0.252752752753,0.579945114934,0.437917739848,2,1.32432432432,0.579945114934,2,0.0121701261701,0.00597269624573,7,0.000900900900901,0.621196581197,37,37,37,1,0,0.72972972973,0.243243243243,0.027027027027,37,0.145645645646,1.32432432432,10.4864864865,19.4,5.38888888889,7.43722477221,0.709219888071,0.333658400669,9.33156353877,1.77973119038,0.773195876289,2.90980531427,0.554962869217,0.296740039008,0.579945114934,0.437917739848,2,1.32432432432,0.579945114934,2,0.0107574289065,0.00528913963329,5,0.000643500643501,0.511976960238,37,37,37,1,0,0.72972972973,0.243243243243,0.027027027027,37,196,0.147147147147,1.32432432432,10.5945945946,19.6,5.44444444444,7.52942177011,0.710685218097,0.337148372863,9.35374216517,1.76575744955,0.77082184225,2.83690818463,0.535538789957,0.286817429675,0.579945114934,0.437917739848,2,1.32432432432,0.579945114934,2,0.0123320806178,0.00723888314374,7,0.000900900900901,0.516421404682,37,37,37,1,0,0.72972972973,0.243243243243,0.027027027027,-20,-0.015015015015,0,-1.08108108108,-2,-0.555555555556,-0.669677279495,0.00844756801516,0.0270883128026,-0.975594463829,-0.00361965819779,0.00555657698515,-0.249923286069,0.00677599173413,0.0340646769218,0,0,0,0,0,0,0.000161954447669,0.00126618689801,0,0,-0.104775176514,0,0,0,196,0,20,1116,0.907407407407,1,0,0.0925925925926,1,0.907407407407,0.95145631068,0.944156726864,0.907407407407,0.907407407407,2,22,0,0,0,0
3690,WLNM_dir_neg,1,0.909090909091,00:00:03,10,90,10,1238804634,threshold_sweep,0.9,1,0.0909090909091,0.166666666667,2,0,20,44,0.0909090909091,1,0,0.909090909091,1,0.0909090909091,0.166666666667,0.69696969697,0.656565656566,0.117647058824,0.25,0.0909090909091,216,194,22,0,216,0,194,0,22,37,216,0.162162162162,1.32432432432,11.6756756757,21.6,6,8.1990990496,0.702237650082,0.31006006006,10.329336629,1.76937710775,0.765265265265,3.0868314707,0.528762798222,0.252752752753,0.579945114934,0.437917739848,2,1.32432432432,0.579945114934,2,0.0121701261701,0.00597269624573,7,0.000900900900901,0.621196581197,37,37,37,1,0,0.72972972973,0.243243243243,0.027027027027,37,0.145645645646,1.32432432432,10.4864864865,19.4,5.38888888889,7.43722477221,0.709219888071,0.333658400669,9.33156353877,1.77973119038,0.773195876289,2.90980531427,0.554962869217,0.296740039008,0.579945114934,0.437917739848,2,1.32432432432,0.579945114934,2,0.0107574289065,0.00528913963329,5,0.000643500643501,0.511976960238,37,37,37,1,0,0.72972972973,0.243243243243,0.027027027027,37,196,0.147147147147,1.32432432432,10.5945945946,19.6,5.44444444444,7.52942177011,0.710685218097,0.337148372863,9.35374216517,1.76575744955,0.77082184225,2.83690818463,0.535538789957,0.286817429675,0.579945114934,0.437917739848,2,1.32432432432,0.579945114934,2,0.0123320806178,0.00723888314374,7,0.000900900900901,0.516421404682,37,37,37,1,0,0.72972972973,0.243243243243,0.027027027027,-20,-0.015015015015,0,-1.08108108108,-2,-0.555555555556,-0.669677279495,0.00844756801516,0.0270883128026,-0.975594463829,-0.00361965819779,0.00555657698515,-0.249923286069,0.00677599173413,0.0340646769218,0,0,0,0,0,0,0.000161954447669,0.00126618689801,0,0,-0.104775176514,0,0,0,196,0,20,1116,0.907407407407,1,0,0.0925925925926,1,0.907407407407,0.95145631068,0.944156726864,0.907407407407,0.907407407407,2,22,0,0,0,0
3691,WLNM_dir_neg,0.996900826446,0.948977272727,00:00:03,10,90,11,1238804635,threshold_sweep,0.1,1,0.0454545454545,0.0869565217391,1,0,21,44,0.0454545454545,1,0,0.954545454545,1,0.0454545454545,0.0869565217391,0.681818181818,0.661616161616,0.0597014925373,0.175411603861,0.0454545454545,216,194,22,0,216,0,194,0,22,37,216,0.162162162162,1.32432432432,11.6756756757,21.6,6,8.1990990496,0.702237650082,0.31006006006,10.329336629,1.76937710775,0.765265265265,3.0868314707,0.528762798222,0.252752752753,0.579945114934,0.437917739848,2,1.32432432432,0.579945114934,2,0.0121701261701,0.00597269624573,7,0.000900900900901,0.621196581197,37,37,37,1,0,0.72972972973,0.243243243243,0.027027027027,37,0.145645645646,1.3277027027,10.4864864865,19.4,5.54285714286,7.46704471372,0.712063542288,0.330175536361,9.29577384683,1.7729053213,0.768180551686,2.86167594063,0.545783555687,0.286988018947,0.590250176002,0.444565018057,2.125,1.33680555556,0.595983164645,2.125,0.0128696189938,0.00632911392405,6,0.000772200772201,0.506615384615,37,36,36,0.972972972973,0,0.702702702703,0.243243243243,0.027027027027,37,195,0.146396396396,1.32732732733,10.5405405405,19.5,5.57142857143,7.51514986394,0.712975756323,0.332363132363,9.30546031057,1.76565144354,0.767013167013,2.82497442121,0.536020787614,0.281912681913,0.589078670762,0.443808138832,2.11111111111,1.33641975309,0.594795838055,2.11111111111,0.013411045821,0.00729927007299,7,0.000900900900901,0.509084520418,37,36,36,0.972972972973,0,0.702702702703,0.243243243243,0.027027027027,-21,-0.0157657657658,0.003003003003,-1.13513513514,-2.1,-0.428571428571,-0.683949185664,0.0107381062406,0.0223030723031,-1.02387631843,-0.00372566420129,0.0017479017479,-0.261857049496,0.00725798939142,0.0291599291599,0.00913355582779,0.00589039898372,0.111111111111,0.0120954287621,0.0148507231203,0.111111111111,0.00124091965086,0.00132657382726,0,0,-0.112112060779,-0.027027027027,0,0,195,0,21,1116,0.902777777778,1,0,0.0972222222222,1,0.902777777778,0.948905109489,0.941330856757,0.902777777778,0.902777777778,1,22,0,0,0,0
3692,WLNM_dir_neg,0.996900826446,0.948977272727,00:00:03,10,90,11,1238804635,threshold_sweep,0.2,1,0.0454545454545,0.0869565217391,1,0,21,44,0.0454545454545,1,0,0.954545454545,1,0.0454545454545,0.0869565217391,0.681818181818,0.661616161616,0.0597014925373,0.175411603861,0.0454545454545,216,194,22,0,216,0,194,0,22,37,216,0.162162162162,1.32432432432,11.6756756757,21.6,6,8.1990990496,0.702237650082,0.31006006006,10.329336629,1.76937710775,0.765265265265,3.0868314707,0.528762798222,0.252752752753,0.579945114934,0.437917739848,2,1.32432432432,0.579945114934,2,0.0121701261701,0.00597269624573,7,0.000900900900901,0.621196581197,37,37,37,1,0,0.72972972973,0.243243243243,0.027027027027,37,0.145645645646,1.3277027027,10.4864864865,19.4,5.54285714286,7.46704471372,0.712063542288,0.330175536361,9.29577384683,1.7729053213,0.768180551686,2.86167594063,0.545783555687,0.286988018947,0.590250176002,0.444565018057,2.125,1.33680555556,0.595983164645,2.125,0.0128696189938,0.00632911392405,6,0.000772200772201,0.506615384615,37,36,36,0.972972972973,0,0.702702702703,0.243243243243,0.027027027027,37,195,0.146396396396,1.32732732733,10.5405405405,19.5,5.57142857143,7.51514986394,0.712975756323,0.332363132363,9.30546031057,1.76565144354,0.767013167013,2.82497442121,0.536020787614,0.281912681913,0.589078670762,0.443808138832,2.11111111111,1.33641975309,0.594795838055,2.11111111111,0.013411045821,0.00729927007299,7,0.000900900900901,0.509084520418,37,36,36,0.972972972973,0,0.702702702703,0.243243243243,0.027027027027,-21,-0.0157657657658,0.003003003003,-1.13513513514,-2.1,-0.428571428571,-0.683949185664,0.0107381062406,0.0223030723031,-1.02387631843,-0.00372566420129,0.0017479017479,-0.261857049496,0.00725798939142,0.0291599291599,0.00913355582779,0.00589039898372,0.111111111111,0.0120954287621,0.0148507231203,0.111111111111,0.00124091965086,0.00132657382726,0,0,-0.112112060779,-0.027027027027,0,0,195,0,21,1116,0.902777777778,1,0,0.0972222222222,1,0.902777777778,0.948905109489,0.941330856757,0.902777777778,0.902777777778,1,22,0,0,0,0
3693,WLNM_dir_neg,0.996900826446,0.948977272727,00:00:03,10,90,11,1238804635,threshold_sweep,0.3,1,0.0454545454545,0.0869565217391,1,0,21,44,0.0454545454545,1,0,0.954545454545,1,0.0454545454545,0.0869565217391,0.681818181818,0.661616161616,0.0597014925373,0.175411603861,0.0454545454545,216,194,22,0,216,0,194,0,22,37,216,0.162162162162,1.32432432432,11.6756756757,21.6,6,8.1990990496,0.702237650082,0.31006006006,10.329336629,1.76937710775,0.765265265265,3.0868314707,0.528762798222,0.252752752753,0.579945114934,0.437917739848,2,1.32432432432,0.579945114934,2,0.0121701261701,0.00597269624573,7,0.000900900900901,0.621196581197,37,37,37,1,0,0.72972972973,0.243243243243,0.027027027027,37,0.145645645646,1.3277027027,10.4864864865,19.4,5.54285714286,7.46704471372,0.712063542288,0.330175536361,9.29577384683,1.7729053213,0.768180551686,2.86167594063,0.545783555687,0.286988018947,0.590250176002,0.444565018057,2.125,1.33680555556,0.595983164645,2.125,0.0128696189938,0.00632911392405,6,0.000772200772201,0.506615384615,37,36,36,0.972972972973,0,0.702702702703,0.243243243243,0.027027027027,37,195,0.146396396396,1.32732732733,10.5405405405,19.5,5.57142857143,7.51514986394,0.712975756323,0.332363132363,9.30546031057,1.76565144354,0.767013167013,2.82497442121,0.536020787614,0.281912681913,0.589078670762,0.443808138832,2.11111111111,1.33641975309,0.594795838055,2.11111111111,0.013411045821,0.00729927007299,7,0.000900900900901,0.509084520418,37,36,36,0.972972972973,0,0.702702702703,0.243243243243,0.027027027027,-21,-0.0157657657658,0.003003003003,-1.13513513514,-2.1,-0.428571428571,-0.683949185664,0.0107381062406,0.0223030723031,-1.02387631843,-0.00372566420129,0.0017479017479,-0.261857049496,0.00725798939142,0.0291599291599,0.00913355582779,0.00589039898372,0.111111111111,0.0120954287621,0.0148507231203,0.111111111111,0.00124091965086,0.00132657382726,0,0,-0.112112060779,-0.027027027027,0,0,195,0,21,1116,0.902777777778,1,0,0.0972222222222,1,0.902777777778,0.948905109489,0.941330856757,0.902777777778,0.902777777778,1,22,0,0,0,0
3694,WLNM_dir_neg,0.996900826446,0.948977272727,00:00:03,10,90,11,1238804635,threshold_sweep,0.4,1,0.0454545454545,0.0869565217391,1,0,21,44,0.0454545454545,1,0,0.954545454545,1,0.0454545454545,0.0869565217391,0.681818181818,0.661616161616,0.0597014925373,0.175411603861,0.0454545454545,216,194,22,0,216,0,194,0,22,37,216,0.162162162162,1.32432432432,11.6756756757,21.6,6,8.1990990496,0.702237650082,0.31006006006,10.329336629,1.76937710775,0.765265265265,3.0868314707,0.528762798222,0.252752752753,0.579945114934,0.437917739848,2,1.32432432432,0.579945114934,2,0.0121701261701,0.00597269624573,7,0.000900900900901,0.621196581197,37,37,37,1,0,0.72972972973,0.243243243243,0.027027027027,37,0.145645645646,1.3277027027,10.4864864865,19.4,5.54285714286,7.46704471372,0.712063542288,0.330175536361,9.29577384683,1.7729053213,0.768180551686,2.86167594063,0.545783555687,0.286988018947,0.590250176002,0.444565018057,2.125,1.33680555556,0.595983164645,2.125,0.0128696189938,0.00632911392405,6,0.000772200772201,0.506615384615,37,36,36,0.972972972973,0,0.702702702703,0.243243243243,0.027027027027,37,195,0.146396396396,1.32732732733,10.5405405405,19.5,5.57142857143,7.51514986394,0.712975756323,0.332363132363,9.30546031057,1.76565144354,0.767013167013,2.82497442121,0.536020787614,0.281912681913,0.589078670762,0.443808138832,2.11111111111,1.33641975309,0.594795838055,2.11111111111,0.013411045821,0.00729927007299,7,0.000900900900901,0.509084520418,37,36,36,0.972972972973,0,0.702702702703,0.243243243243,0.027027027027,-21,-0.0157657657658,0.003003003003,-1.13513513514,-2.1,-0.428571428571,-0.683949185664,0.0107381062406,0.0223030723031,-1.02387631843,-0.00372566420129,0.0017479017479,-0.261857049496,0.00725798939142,0.0291599291599,0.00913355582779,0.00589039898372,0.111111111111,0.0120954287621,0.0148507231203,0.111111111111,0.00124091965086,0.00132657382726,0,0,-0.112112060779,-0.027027027027,0,0,195,0,21,1116,0.902777777778,1,0,0.0972222222222,1,0.902777777778,0.948905109489,0.941330856757,0.902777777778,0.902777777778,1,22,0,0,0,0
3695,WLNM_dir_neg,0.996900826446,0.948977272727,00:00:03,10,90,11,1238804635,threshold_sweep,0.5,1,0.0454545454545,0.0869565217391,1,0,21,44,0.0454545454545,1,0,0.954545454545,1,0.0454545454545,0.0869565217391,0.681818181818,0.661616161616,0.0597014925373,0.175411603861,0.0454545454545,216,194,22,0,216,0,194,0,22,37,216,0.162162162162,1.32432432432,11.6756756757,21.6,6,8.1990990496,0.702237650082,0.31006006006,10.329336629,1.76937710775,0.765265265265,3.0868314707,0.528762798222,0.252752752753,0.579945114934,0.437917739848,2,1.32432432432,0.579945114934,2,0.0121701261701,0.00597269624573,7,0.000900900900901,0.621196581197,37,37,37,1,0,0.72972972973,0.243243243243,0.027027027027,37,0.145645645646,1.3277027027,10.4864864865,19.4,5.54285714286,7.46704471372,0.712063542288,0.330175536361,9.29577384683,1.7729053213,0.768180551686,2.86167594063,0.545783555687,0.286988018947,0.590250176002,0.444565018057,2.125,1.33680555556,0.595983164645,2.125,0.0128696189938,0.00632911392405,6,0.000772200772201,0.506615384615,37,36,36,0.972972972973,0,0.702702702703,0.243243243243,0.027027027027,37,195,0.146396396396,1.32732732733,10.5405405405,19.5,5.57142857143,7.51514986394,0.712975756323,0.332363132363,9.30546031057,1.76565144354,0.767013167013,2.82497442121,0.536020787614,0.281912681913,0.589078670762,0.443808138832,2.11111111111,1.33641975309,0.594795838055,2.11111111111,0.013411045821,0.00729927007299,7,0.000900900900901,0.509084520418,37,36,36,0.972972972973,0,0.702702702703,0.243243243243,0.027027027027,-21,-0.0157657657658,0.003003003003,-1.13513513514,-2.1,-0.428571428571,-0.683949185664,0.0107381062406,0.0223030723031,-1.02387631843,-0.00372566420129,0.0017479017479,-0.261857049496,0.00725798939142,0.0291599291599,0.00913355582779,0.00589039898372,0.111111111111,0.0120954287621,0.0148507231203,0.111111111111,0.00124091965086,0.00132657382726,0,0,-0.112112060779,-0.027027027027,0,0,195,0,21,1116,0.902777777778,1,0,0.0972222222222,1,0.902777777778,0.948905109489,0.941330856757,0.902777777778,0.902777777778,1,22,0,0,0,0
3696,WLNM_dir_neg,0.996900826446,0.948977272727,00:00:03,10,90,11,1238804635,threshold_sweep,0.6,1,0.0454545454545,0.0869565217391,1,0,21,44,0.0454545454545,1,0,0.954545454545,1,0.0454545454545,0.0869565217391,0.681818181818,0.661616161616,0.0597014925373,0.175411603861,0.0454545454545,216,194,22,0,216,0,194,0,22,37,216,0.162162162162,1.32432432432,11.6756756757,21.6,6,8.1990990496,0.702237650082,0.31006006006,10.329336629,1.76937710775,0.765265265265,3.0868314707,0.528762798222,0.252752752753,0.579945114934,0.437917739848,2,1.32432432432,0.579945114934,2,0.0121701261701,0.00597269624573,7,0.000900900900901,0.621196581197,37,37,37,1,0,0.72972972973,0.243243243243,0.027027027027,37,0.145645645646,1.3277027027,10.4864864865,19.4,5.54285714286,7.46704471372,0.712063542288,0.330175536361,9.29577384683,1.7729053213,0.768180551686,2.86167594063,0.545783555687,0.286988018947,0.590250176002,0.444565018057,2.125,1.33680555556,0.595983164645,2.125,0.0128696189938,0.00632911392405,6,0.000772200772201,0.506615384615,37,36,36,0.972972972973,0,0.702702702703,0.243243243243,0.027027027027,37,195,0.146396396396,1.32732732733,10.5405405405,19.5,5.57142857143,7.51514986394,0.712975756323,0.332363132363,9.30546031057,1.76565144354,0.767013167013,2.82497442121,0.536020787614,0.281912681913,0.589078670762,0.443808138832,2.11111111111,1.33641975309,0.594795838055,2.11111111111,0.013411045821,0.00729927007299,7,0.000900900900901,0.509084520418,37,36,36,0.972972972973,0,0.702702702703,0.243243243243,0.027027027027,-21,-0.0157657657658,0.003003003003,-1.13513513514,-2.1,-0.428571428571,-0.683949185664,0.0107381062406,0.0223030723031,-1.02387631843,-0.00372566420129,0.0017479017479,-0.261857049496,0.00725798939142,0.0291599291599,0.00913355582779,0.00589039898372,0.111111111111,0.0120954287621,0.0148507231203,0.111111111111,0.00124091965086,0.00132657382726,0,0,-0.112112060779,-0.027027027027,0,0,195,0,21,1116,0.902777777778,1,0,0.0972222222222,1,0.902777777778,0.948905109489,0.941330856757,0.902777777778,0.902777777778,1,22,0,0,0,0
3697,WLNM_dir_neg,0.996900826446,0.948977272727,00:00:03,10,90,11,1238804635,threshold_sweep,0.7,1,0.0454545454545,0.0869565217391,1,0,21,44,0.0454545454545,1,0,0.954545454545,1,0.0454545454545,0.0869565217391,0.681818181818,0.661616161616,0.0597014925373,0.175411603861,0.0454545454545,216,194,22,0,216,0,194,0,22,37,216,0.162162162162,1.32432432432,11.6756756757,21.6,6,8.1990990496,0.702237650082,0.31006006006,10.329336629,1.76937710775,0.765265265265,3.0868314707,0.528762798222,0.252752752753,0.579945114934,0.437917739848,2,1.32432432432,0.579945114934,2,0.0121701261701,0.00597269624573,7,0.000900900900901,0.621196581197,37,37,37,1,0,0.72972972973,0.243243243243,0.027027027027,37,0.145645645646,1.3277027027,10.4864864865,19.4,5.54285714286,7.46704471372,0.712063542288,0.330175536361,9.29577384683,1.7729053213,0.768180551686,2.86167594063,0.545783555687,0.286988018947,0.590250176002,0.444565018057,2.125,1.33680555556,0.595983164645,2.125,0.0128696189938,0.00632911392405,6,0.000772200772201,0.506615384615,37,36,36,0.972972972973,0,0.702702702703,0.243243243243,0.027027027027,37,195,0.146396396396,1.32732732733,10.5405405405,19.5,5.57142857143,7.51514986394,0.712975756323,0.332363132363,9.30546031057,1.76565144354,0.767013167013,2.82497442121,0.536020787614,0.281912681913,0.589078670762,0.443808138832,2.11111111111,1.33641975309,0.594795838055,2.11111111111,0.013411045821,0.00729927007299,7,0.000900900900901,0.509084520418,37,36,36,0.972972972973,0,0.702702702703,0.243243243243,0.027027027027,-21,-0.0157657657658,0.003003003003,-1.13513513514,-2.1,-0.428571428571,-0.683949185664,0.0107381062406,0.0223030723031,-1.02387631843,-0.00372566420129,0.0017479017479,-0.261857049496,0.00725798939142,0.0291599291599,0.00913355582779,0.00589039898372,0.111111111111,0.0120954287621,0.0148507231203,0.111111111111,0.00124091965086,0.00132657382726,0,0,-0.112112060779,-0.027027027027,0,0,195,0,21,1116,0.902777777778,1,0,0.0972222222222,1,0.902777777778,0.948905109489,0.941330856757,0.902777777778,0.902777777778,1,22,0,0,0,0
3698,WLNM_dir_neg,0.996900826446,0.948977272727,00:00:03,10,90,11,1238804635,threshold_sweep,0.8,1,0.0454545454545,0.0869565217391,1,0,21,44,0.0454545454545,1,0,0.954545454545,1,0.0454545454545,0.0869565217391,0.681818181818,0.661616161616,0.0597014925373,0.175411603861,0.0454545454545,216,194,22,0,216,0,194,0,22,37,216,0.162162162162,1.32432432432,11.6756756757,21.6,6,8.1990990496,0.702237650082,0.31006006006,10.329336629,1.76937710775,0.765265265265,3.0868314707,0.528762798222,0.252752752753,0.579945114934,0.437917739848,2,1.32432432432,0.579945114934,2,0.0121701261701,0.00597269624573,7,0.000900900900901,0.621196581197,37,37,37,1,0,0.72972972973,0.243243243243,0.027027027027,37,0.145645645646,1.3277027027,10.4864864865,19.4,5.54285714286,7.46704471372,0.712063542288,0.330175536361,9.29577384683,1.7729053213,0.768180551686,2.86167594063,0.545783555687,0.286988018947,0.590250176002,0.444565018057,2.125,1.33680555556,0.595983164645,2.125,0.0128696189938,0.00632911392405,6,0.000772200772201,0.506615384615,37,36,36,0.972972972973,0,0.702702702703,0.243243243243,0.027027027027,37,195,0.146396396396,1.32732732733,10.5405405405,19.5,5.57142857143,7.51514986394,0.712975756323,0.332363132363,9.30546031057,1.76565144354,0.767013167013,2.82497442121,0.536020787614,0.281912681913,0.589078670762,0.443808138832,2.11111111111,1.33641975309,0.594795838055,2.11111111111,0.013411045821,0.00729927007299,7,0.000900900900901,0.509084520418,37,36,36,0.972972972973,0,0.702702702703,0.243243243243,0.027027027027,-21,-0.0157657657658,0.003003003003,-1.13513513514,-2.1,-0.428571428571,-0.683949185664,0.0107381062406,0.0223030723031,-1.02387631843,-0.00372566420129,0.0017479017479,-0.261857049496,0.00725798939142,0.0291599291599,0.00913355582779,0.00589039898372,0.111111111111,0.0120954287621,0.0148507231203,0.111111111111,0.00124091965086,0.00132657382726,0,0,-0.112112060779,-0.027027027027,0,0,195,0,21,1116,0.902777777778,1,0,0.0972222222222,1,0.902777777778,0.948905109489,0.941330856757,0.902777777778,0.902777777778,1,22,0,0,0,0
3699,WLNM_dir_neg,0.996900826446,0.948977272727,00:00:03,10,90,11,1238804635,threshold_sweep,0.9,1,0.0454545454545,0.0869565217391,1,0,21,44,0.0454545454545,1,0,0.954545454545,1,0.0454545454545,0.0869565217391,0.681818181818,0.661616161616,0.0597014925373,0.175411603861,0.0454545454545,216,194,22,0,216,0,194,0,22,37,216,0.162162162162,1.32432432432,11.6756756757,21.6,6,8.1990990496,0.702237650082,0.31006006006,10.329336629,1.76937710775,0.765265265265,3.0868314707,0.528762798222,0.252752752753,0.579945114934,0.437917739848,2,1.32432432432,0.579945114934,2,0.0121701261701,0.00597269624573,7,0.000900900900901,0.621196581197,37,37,37,1,0,0.72972972973,0.243243243243,0.027027027027,37,0.145645645646,1.3277027027,10.4864864865,19.4,5.54285714286,7.46704471372,0.712063542288,0.330175536361,9.29577384683,1.7729053213,0.768180551686,2.86167594063,0.545783555687,0.286988018947,0.590250176002,0.444565018057,2.125,1.33680555556,0.595983164645,2.125,0.0128696189938,0.00632911392405,6,0.000772200772201,0.506615384615,37,36,36,0.972972972973,0,0.702702702703,0.243243243243,0.027027027027,37,195,0.146396396396,1.32732732733,10.5405405405,19.5,5.57142857143,7.51514986394,0.712975756323,0.332363132363,9.30546031057,1.76565144354,0.767013167013,2.82497442121,0.536020787614,0.281912681913,0.589078670762,0.443808138832,2.11111111111,1.33641975309,0.594795838055,2.11111111111,0.013411045821,0.00729927007299,7,0.000900900900901,0.509084520418,37,36,36,0.972972972973,0,0.702702702703,0.243243243243,0.027027027027,-21,-0.0157657657658,0.003003003003,-1.13513513514,-2.1,-0.428571428571,-0.683949185664,0.0107381062406,0.0223030723031,-1.02387631843,-0.00372566420129,0.0017479017479,-0.261857049496,0.00725798939142,0.0291599291599,0.00913355582779,0.00589039898372,0.111111111111,0.0120954287621,0.0148507231203,0.111111111111,0.00124091965086,0.00132657382726,0,0,-0.112112060779,-0.027027027027,0,0,195,0,21,1116,0.902777777778,1,0,0.0972222222222,1,0.902777777778,0.948905109489,0.941330856757,0.902777777778,0.902777777778,1,22,0,0,0,0
3700,WLNM_dir_neg,0.978305785124,0.914772727273,00:00:03,10,90,12,1238804636,threshold_sweep,0.1,0,0,0,0,0,22,44,0,1,0,1,0,0,0,0.666666666667,0.666666666667,0,0,0,216,194,22,0,216,0,194,0,22,37,216,0.162162162162,1.32432432432,11.6756756757,21.6,6,8.1990990496,0.702237650082,0.31006006006,10.329336629,1.76937710775,0.765265265265,3.0868314707,0.528762798222,0.252752752753,0.579945114934,0.437917739848,2,1.32432432432,0.579945114934,2,0.0121701261701,0.00597269624573,7,0.000900900900901,0.621196581197,37,37,37,1,0,0.72972972973,0.243243243243,0.027027027027,37,0.145645645646,1.32432432432,10.4864864865,19.4,5.54285714286,7.45214965862,0.710643137549,0.331150738367,9.29577384683,1.7729053213,0.770688213987,2.84219599572,0.542068308462,0.282529952633,0.579945114934,0.437917739848,2,1.33333333333,0.585540043769,2,0.0126131512598,0.00633802816901,6,0.000772200772201,0.506592592593,37,36,36,0.972972972973,0,0.702702702703,0.243243243243,0.027027027027,37,194,0.145645645646,1.32432432432,10.4864864865,19.4,5.54285714286,7.45214965862,0.710643137549,0.331150738367,9.29577384683,1.7729053213,0.770688213987,2.84219599572,0.542068308462,0.282529952633,0.579945114934,0.437917739848,2,1.33333333333,0.585540043769,2,0.0126131512598,0.00633802816901,6,0.000772200772201,0.506592592593,37,36,36,0.972972972973,0,0.702702702703,0.243243243243,0.027027027027,-22,-0.0165165165165,0,-1.18918918919,-2.2,-0.457142857143,-0.74694939098,0.00840548746736,0.0210906783072,-1.03356278217,0.00352821355734,0.00542294872192,-0.244635474986,0.0133055102393,0.0297771998803,0,0,0,0.00900900900901,0.00559492883467,0,0.000443025089642,0.00036533192328,-1,-0.0001287001287,-0.114603988604,-0.027027027027,0,0,194,0,22,1116,0.898148148148,1,0,0.101851851852,1,0.898148148148,0.946341463415,0.938501466663,0.898148148148,0.898148148148,0,22,0,0,0,0
3701,WLNM_dir_neg,0.978305785124,0.914772727273,00:00:03,10,90,12,1238804636,threshold_sweep,0.2,0,0,0,0,0,22,44,0,1,0,1,0,0,0,0.666666666667,0.666666666667,0,0,0,216,194,22,0,216,0,194,0,22,37,216,0.162162162162,1.32432432432,11.6756756757,21.6,6,8.1990990496,0.702237650082,0.31006006006,10.329336629,1.76937710775,0.765265265265,3.0868314707,0.528762798222,0.252752752753,0.579945114934,0.437917739848,2,1.32432432432,0.579945114934,2,0.0121701261701,0.00597269624573,7,0.000900900900901,0.621196581197,37,37,37,1,0,0.72972972973,0.243243243243,0.027027027027,37,0.145645645646,1.32432432432,10.4864864865,19.4,5.54285714286,7.45214965862,0.710643137549,0.331150738367,9.29577384683,1.7729053213,0.770688213987,2.84219599572,0.542068308462,0.282529952633,0.579945114934,0.437917739848,2,1.33333333333,0.585540043769,2,0.0126131512598,0.00633802816901,6,0.000772200772201,0.506592592593,37,36,36,0.972972972973,0,0.702702702703,0.243243243243,0.027027027027,37,194,0.145645645646,1.32432432432,10.4864864865,19.4,5.54285714286,7.45214965862,0.710643137549,0.331150738367,9.29577384683,1.7729053213,0.770688213987,2.84219599572,0.542068308462,0.282529952633,0.579945114934,0.437917739848,2,1.33333333333,0.585540043769,2,0.0126131512598,0.00633802816901,6,0.000772200772201,0.506592592593,37,36,36,0.972972972973,0,0.702702702703,0.243243243243,0.027027027027,-22,-0.0165165165165,0,-1.18918918919,-2.2,-0.457142857143,-0.74694939098,0.00840548746736,0.0210906783072,-1.03356278217,0.00352821355734,0.00542294872192,-0.244635474986,0.0133055102393,0.0297771998803,0,0,0,0.00900900900901,0.00559492883467,0,0.000443025089642,0.00036533192328,-1,-0.0001287001287,-0.114603988604,-0.027027027027,0,0,194,0,22,1116,0.898148148148,1,0,0.101851851852,1,0.898148148148,0.946341463415,0.938501466663,0.898148148148,0.898148148148,0,22,0,0,0,0
3702,WLNM_dir_neg,0.978305785124,0.914772727273,00:00:03,10,90,12,1238804636,threshold_sweep,0.3,0,0,0,0,0,22,44,0,1,0,1,0,0,0,0.666666666667,0.666666666667,0,0,0,216,194,22,0,216,0,194,0,22,37,216,0.162162162162,1.32432432432,11.6756756757,21.6,6,8.1990990496,0.702237650082,0.31006006006,10.329336629,1.76937710775,0.765265265265,3.0868314707,0.528762798222,0.252752752753,0.579945114934,0.437917739848,2,1.32432432432,0.579945114934,2,0.0121701261701,0.00597269624573,7,0.000900900900901,0.621196581197,37,37,37,1,0,0.72972972973,0.243243243243,0.027027027027,37,0.145645645646,1.32432432432,10.4864864865,19.4,5.54285714286,7.45214965862,0.710643137549,0.331150738367,9.29577384683,1.7729053213,0.770688213987,2.84219599572,0.542068308462,0.282529952633,0.579945114934,0.437917739848,2,1.33333333333,0.585540043769,2,0.0126131512598,0.00633802816901,6,0.000772200772201,0.506592592593,37,36,36,0.972972972973,0,0.702702702703,0.243243243243,0.027027027027,37,194,0.145645645646,1.32432432432,10.4864864865,19.4,5.54285714286,7.45214965862,0.710643137549,0.331150738367,9.29577384683,1.7729053213,0.770688213987,2.84219599572,0.542068308462,0.282529952633,0.579945114934,0.437917739848,2,1.33333333333,0.585540043769,2,0.0126131512598,0.00633802816901,6,0.000772200772201,0.506592592593,37,36,36,0.972972972973,0,0.702702702703,0.243243243243,0.027027027027,-22,-0.0165165165165,0,-1.18918918919,-2.2,-0.457142857143,-0.74694939098,0.00840548746736,0.0210906783072,-1.03356278217,0.00352821355734,0.00542294872192,-0.244635474986,0.0133055102393,0.0297771998803,0,0,0,0.00900900900901,0.00559492883467,0,0.000443025089642,0.00036533192328,-1,-0.0001287001287,-0.114603988604,-0.027027027027,0,0,194,0,22,1116,0.898148148148,1,0,0.101851851852,1,0.898148148148,0.946341463415,0.938501466663,0.898148148148,0.898148148148,0,22,0,0,0,0
3703,WLNM_dir_neg,0.978305785124,0.914772727273,00:00:03,10,90,12,1238804636,threshold_sweep,0.4,0,0,0,0,0,22,44,0,1,0,1,0,0,0,0.666666666667,0.666666666667,0,0,0,216,194,22,0,216,0,194,0,22,37,216,0.162162162162,1.32432432432,11.6756756757,21.6,6,8.1990990496,0.702237650082,0.31006006006,10.329336629,1.76937710775,0.765265265265,3.0868314707,0.528762798222,0.252752752753,0.579945114934,0.437917739848,2,1.32432432432,0.579945114934,2,0.0121701261701,0.00597269624573,7,0.000900900900901,0.621196581197,37,37,37,1,0,0.72972972973,0.243243243243,0.027027027027,37,0.145645645646,1.32432432432,10.4864864865,19.4,5.54285714286,7.45214965862,0.710643137549,0.331150738367,9.29577384683,1.7729053213,0.770688213987,2.84219599572,0.542068308462,0.282529952633,0.579945114934,0.437917739848,2,1.33333333333,0.585540043769,2,0.0126131512598,0.00633802816901,6,0.000772200772201,0.506592592593,37,36,36,0.972972972973,0,0.702702702703,0.243243243243,0.027027027027,37,194,0.145645645646,1.32432432432,10.4864864865,19.4,5.54285714286,7.45214965862,0.710643137549,0.331150738367,9.29577384683,1.7729053213,0.770688213987,2.84219599572,0.542068308462,0.282529952633,0.579945114934,0.437917739848,2,1.33333333333,0.585540043769,2,0.0126131512598,0.00633802816901,6,0.000772200772201,0.506592592593,37,36,36,0.972972972973,0,0.702702702703,0.243243243243,0.027027027027,-22,-0.0165165165165,0,-1.18918918919,-2.2,-0.457142857143,-0.74694939098,0.00840548746736,0.0210906783072,-1.03356278217,0.00352821355734,0.00542294872192,-0.244635474986,0.0133055102393,0.0297771998803,0,0,0,0.00900900900901,0.00559492883467,0,0.000443025089642,0.00036533192328,-1,-0.0001287001287,-0.114603988604,-0.027027027027,0,0,194,0,22,1116,0.898148148148,1,0,0.101851851852,1,0.898148148148,0.946341463415,0.938501466663,0.898148148148,0.898148148148,0,22,0,0,0,0
3704,WLNM_dir_neg,0.978305785124,0.914772727273,00:00:03,10,90,12,1238804636,threshold_sweep,0.5,0,0,0,0,0,22,44,0,1,0,1,0,0,0,0.666666666667,0.666666666667,0,0,0,216,194,22,0,216,0,194,0,22,37,216,0.162162162162,1.32432432432,11.6756756757,21.6,6,8.1990990496,0.702237650082,0.31006006006,10.329336629,1.76937710775,0.765265265265,3.0868314707,0.528762798222,0.252752752753,0.579945114934,0.437917739848,2,1.32432432432,0.579945114934,2,0.0121701261701,0.00597269624573,7,0.000900900900901,0.621196581197,37,37,37,1,0,0.72972972973,0.243243243243,0.027027027027,37,0.145645645646,1.32432432432,10.4864864865,19.4,5.54285714286,7.45214965862,0.710643137549,0.331150738367,9.29577384683,1.7729053213,0.770688213987,2.84219599572,0.542068308462,0.282529952633,0.579945114934,0.437917739848,2,1.33333333333,0.585540043769,2,0.0126131512598,0.00633802816901,6,0.000772200772201,0.506592592593,37,36,36,0.972972972973,0,0.702702702703,0.243243243243,0.027027027027,37,194,0.145645645646,1.32432432432,10.4864864865,19.4,5.54285714286,7.45214965862,0.710643137549,0.331150738367,9.29577384683,1.7729053213,0.770688213987,2.84219599572,0.542068308462,0.282529952633,0.579945114934,0.437917739848,2,1.33333333333,0.585540043769,2,0.0126131512598,0.00633802816901,6,0.000772200772201,0.506592592593,37,36,36,0.972972972973,0,0.702702702703,0.243243243243,0.027027027027,-22,-0.0165165165165,0,-1.18918918919,-2.2,-0.457142857143,-0.74694939098,0.00840548746736,0.0210906783072,-1.03356278217,0.00352821355734,0.00542294872192,-0.244635474986,0.0133055102393,0.0297771998803,0,0,0,0.00900900900901,0.00559492883467,0,0.000443025089642,0.00036533192328,-1,-0.0001287001287,-0.114603988604,-0.027027027027,0,0,194,0,22,1116,0.898148148148,1,0,0.101851851852,1,0.898148148148,0.946341463415,0.938501466663,0.898148148148,0.898148148148,0,22,0,0,0,0
3705,WLNM_dir_neg,0.978305785124,0.914772727273,00:00:03,10,90,12,1238804636,threshold_sweep,0.6,0,0,0,0,0,22,44,0,1,0,1,0,0,0,0.666666666667,0.666666666667,0,0,0,216,194,22,0,216,0,194,0,22,37,216,0.162162162162,1.32432432432,11.6756756757,21.6,6,8.1990990496,0.702237650082,0.31006006006,10.329336629,1.76937710775,0.765265265265,3.0868314707,0.528762798222,0.252752752753,0.579945114934,0.437917739848,2,1.32432432432,0.579945114934,2,0.0121701261701,0.00597269624573,7,0.000900900900901,0.621196581197,37,37,37,1,0,0.72972972973,0.243243243243,0.027027027027,37,0.145645645646,1.32432432432,10.4864864865,19.4,5.54285714286,7.45214965862,0.710643137549,0.331150738367,9.29577384683,1.7729053213,0.770688213987,2.84219599572,0.542068308462,0.282529952633,0.579945114934,0.437917739848,2,1.33333333333,0.585540043769,2,0.0126131512598,0.00633802816901,6,0.000772200772201,0.506592592593,37,36,36,0.972972972973,0,0.702702702703,0.243243243243,0.027027027027,37,194,0.145645645646,1.32432432432,10.4864864865,19.4,5.54285714286,7.45214965862,0.710643137549,0.331150738367,9.29577384683,1.7729053213,0.770688213987,2.84219599572,0.542068308462,0.282529952633,0.579945114934,0.437917739848,2,1.33333333333,0.585540043769,2,0.0126131512598,0.00633802816901,6,0.000772200772201,0.506592592593,37,36,36,0.972972972973,0,0.702702702703,0.243243243243,0.027027027027,-22,-0.0165165165165,0,-1.18918918919,-2.2,-0.457142857143,-0.74694939098,0.00840548746736,0.0210906783072,-1.03356278217,0.00352821355734,0.00542294872192,-0.244635474986,0.0133055102393,0.0297771998803,0,0,0,0.00900900900901,0.00559492883467,0,0.000443025089642,0.00036533192328,-1,-0.0001287001287,-0.114603988604,-0.027027027027,0,0,194,0,22,1116,0.898148148148,1,0,0.101851851852,1,0.898148148148,0.946341463415,0.938501466663,0.898148148148,0.898148148148,0,22,0,0,0,0
3706,WLNM_dir_neg,0.978305785124,0.914772727273,00:00:03,10,90,12,1238804636,threshold_sweep,0.7,0,0,0,0,0,22,44,0,1,0,1,0,0,0,0.666666666667,0.666666666667,0,0,0,216,194,22,0,216,0,194,0,22,37,216,0.162162162162,1.32432432432,11.6756756757,21.6,6,8.1990990496,0.702237650082,0.31006006006,10.329336629,1.76937710775,0.765265265265,3.0868314707,0.528762798222,0.252752752753,0.579945114934,0.437917739848,2,1.32432432432,0.579945114934,2,0.0121701261701,0.00597269624573,7,0.000900900900901,0.621196581197,37,37,37,1,0,0.72972972973,0.243243243243,0.027027027027,37,0.145645645646,1.32432432432,10.4864864865,19.4,5.54285714286,7.45214965862,0.710643137549,0.331150738367,9.29577384683,1.7729053213,0.770688213987,2.84219599572,0.542068308462,0.282529952633,0.579945114934,0.437917739848,2,1.33333333333,0.585540043769,2,0.0126131512598,0.00633802816901,6,0.000772200772201,0.506592592593,37,36,36,0.972972972973,0,0.702702702703,0.243243243243,0.027027027027,37,194,0.145645645646,1.32432432432,10.4864864865,19.4,5.54285714286,7.45214965862,0.710643137549,0.331150738367,9.29577384683,1.7729053213,0.770688213987,2.84219599572,0.542068308462,0.282529952633,0.579945114934,0.437917739848,2,1.33333333333,0.585540043769,2,0.0126131512598,0.00633802816901,6,0.000772200772201,0.506592592593,37,36,36,0.972972972973,0,0.702702702703,0.243243243243,0.027027027027,-22,-0.0165165165165,0,-1.18918918919,-2.2,-0.457142857143,-0.74694939098,0.00840548746736,0.0210906783072,-1.03356278217,0.00352821355734,0.00542294872192,-0.244635474986,0.0133055102393,0.0297771998803,0,0,0,0.00900900900901,0.00559492883467,0,0.000443025089642,0.00036533192328,-1,-0.0001287001287,-0.114603988604,-0.027027027027,0,0,194,0,22,1116,0.898148148148,1,0,0.101851851852,1,0.898148148148,0.946341463415,0.938501466663,0.898148148148,0.898148148148,0,22,0,0,0,0
3707,WLNM_dir_neg,0.978305785124,0.914772727273,00:00:03,10,90,12,1238804636,threshold_sweep,0.8,0,0,0,0,0,22,44,0,1,0,1,0,0,0,0.666666666667,0.666666666667,0,0,0,216,194,22,0,216,0,194,0,22,37,216,0.162162162162,1.32432432432,11.6756756757,21.6,6,8.1990990496,0.702237650082,0.31006006006,10.329336629,1.76937710775,0.765265265265,3.0868314707,0.528762798222,0.252752752753,0.579945114934,0.437917739848,2,1.32432432432,0.579945114934,2,0.0121701261701,0.00597269624573,7,0.000900900900901,0.621196581197,37,37,37,1,0,0.72972972973,0.243243243243,0.027027027027,37,0.145645645646,1.32432432432,10.4864864865,19.4,5.54285714286,7.45214965862,0.710643137549,0.331150738367,9.29577384683,1.7729053213,0.770688213987,2.84219599572,0.542068308462,0.282529952633,0.579945114934,0.437917739848,2,1.33333333333,0.585540043769,2,0.0126131512598,0.00633802816901,6,0.000772200772201,0.506592592593,37,36,36,0.972972972973,0,0.702702702703,0.243243243243,0.027027027027,37,194,0.145645645646,1.32432432432,10.4864864865,19.4,5.54285714286,7.45214965862,0.710643137549,0.331150738367,9.29577384683,1.7729053213,0.770688213987,2.84219599572,0.542068308462,0.282529952633,0.579945114934,0.437917739848,2,1.33333333333,0.585540043769,2,0.0126131512598,0.00633802816901,6,0.000772200772201,0.506592592593,37,36,36,0.972972972973,0,0.702702702703,0.243243243243,0.027027027027,-22,-0.0165165165165,0,-1.18918918919,-2.2,-0.457142857143,-0.74694939098,0.00840548746736,0.0210906783072,-1.03356278217,0.00352821355734,0.00542294872192,-0.244635474986,0.0133055102393,0.0297771998803,0,0,0,0.00900900900901,0.00559492883467,0,0.000443025089642,0.00036533192328,-1,-0.0001287001287,-0.114603988604,-0.027027027027,0,0,194,0,22,1116,0.898148148148,1,0,0.101851851852,1,0.898148148148,0.946341463415,0.938501466663,0.898148148148,0.898148148148,0,22,0,0,0,0
3708,WLNM_dir_neg,0.978305785124,0.914772727273,00:00:03,10,90,12,1238804636,threshold_sweep,0.9,0,0,0,0,0,22,44,0,1,0,1,0,0,0,0.666666666667,0.666666666667,0,0,0,216,194,22,0,216,0,194,0,22,37,216,0.162162162162,1.32432432432,11.6756756757,21.6,6,8.1990990496,0.702237650082,0.31006006006,10.329336629,1.76937710775,0.765265265265,3.0868314707,0.528762798222,0.252752752753,0.579945114934,0.437917739848,2,1.32432432432,0.579945114934,2,0.0121701261701,0.00597269624573,7,0.000900900900901,0.621196581197,37,37,37,1,0,0.72972972973,0.243243243243,0.027027027027,37,0.145645645646,1.32432432432,10.4864864865,19.4,5.54285714286,7.45214965862,0.710643137549,0.331150738367,9.29577384683,1.7729053213,0.770688213987,2.84219599572,0.542068308462,0.282529952633,0.579945114934,0.437917739848,2,1.33333333333,0.585540043769,2,0.0126131512598,0.00633802816901,6,0.000772200772201,0.506592592593,37,36,36,0.972972972973,0,0.702702702703,0.243243243243,0.027027027027,37,194,0.145645645646,1.32432432432,10.4864864865,19.4,5.54285714286,7.45214965862,0.710643137549,0.331150738367,9.29577384683,1.7729053213,0.770688213987,2.84219599572,0.542068308462,0.282529952633,0.579945114934,0.437917739848,2,1.33333333333,0.585540043769,2,0.0126131512598,0.00633802816901,6,0.000772200772201,0.506592592593,37,36,36,0.972972972973,0,0.702702702703,0.243243243243,0.027027027027,-22,-0.0165165165165,0,-1.18918918919,-2.2,-0.457142857143,-0.74694939098,0.00840548746736,0.0210906783072,-1.03356278217,0.00352821355734,0.00542294872192,-0.244635474986,0.0133055102393,0.0297771998803,0,0,0,0.00900900900901,0.00559492883467,0,0.000443025089642,0.00036533192328,-1,-0.0001287001287,-0.114603988604,-0.027027027027,0,0,194,0,22,1116,0.898148148148,1,0,0.101851851852,1,0.898148148148,0.946341463415,0.938501466663,0.898148148148,0.898148148148,0,22,0,0,0,0
3709,WLNM_dir_neg,0.99173553719,0.0331243469175,00:00:03,10,90,13,1238804637,threshold_sweep,0.1,0,0,0,0,0,22,44,0,1,0,1,0,0,0,0.666666666667,0.666666666667,0,0,0,216,194,22,0,216,0,194,0,22,37,216,0.162162162162,1.32432432432,11.6756756757,21.6,6,8.1990990496,0.702237650082,0.31006006006,10.329336629,1.76937710775,0.765265265265,3.0868314707,0.528762798222,0.252752752753,0.579945114934,0.437917739848,2,1.32432432432,0.579945114934,2,0.0121701261701,0.00597269624573,7,0.000900900900901,0.621196581197,37,37,37,1,0,0.72972972973,0.243243243243,0.027027027027,37,0.145645645646,1.32094594595,10.4864864865,19.4,5.70588235294,7.51524976158,0.716660415409,0.331707996656,9.32560812853,1.77859536472,0.772638617999,2.91933597288,0.556780572146,0.290888826971,0.570194700955,0.431656346503,2,1.32986111111,0.575661713796,2,0,0,0,0,0.516107890499,37,36,36,0.972972972973,0,0.702702702703,0.216216216216,0.0540540540541,37,194,0.145645645646,1.32094594595,10.4864864865,19.4,5.70588235294,7.51524976158,0.716660415409,0.331707996656,9.32560812853,1.77859536472,0.772638617999,2.91933597288,0.556780572146,0.290888826971,0.570194700955,0.431656346503,2,1.32986111111,0.575661713796,2,0,0,0,0,0.516107890499,37,36,36,0.972972972973,0,0.702702702703,0.216216216216,0.0540540540541,-22,-0.0165165165165,-0.00337837837838,-1.18918918919,-2.2,-0.294117647059,-0.683849288021,0.0144227653269,0.0216479365964,-1.00372850047,0.00921825697495,0.00737335273418,-0.167495497829,0.0280177739238,0.0381360742185,-0.0097504139796,-0.00626139334556,0,0.00553678678679,-0.00428340113879,0,-0.0121701261701,-0.00597269624573,-7,-0.000900900900901,-0.105088690697,-0.027027027027,-0.027027027027,0.027027027027,194,0,22,1116,0.898148148148,1,0,0.101851851852,1,0.898148148148,0.946341463415,0.938501466663,0.898148148148,0.898148148148,0,22,0,0,0,0
3710,WLNM_dir_neg,0.99173553719,0.0331243469175,00:00:03,10,90,13,1238804637,threshold_sweep,0.2,0,0,0,0,0,22,44,0,1,0,1,0,0,0,0.666666666667,0.666666666667,0,0,0,216,194,22,0,216,0,194,0,22,37,216,0.162162162162,1.32432432432,11.6756756757,21.6,6,8.1990990496,0.702237650082,0.31006006006,10.329336629,1.76937710775,0.765265265265,3.0868314707,0.528762798222,0.252752752753,0.579945114934,0.437917739848,2,1.32432432432,0.579945114934,2,0.0121701261701,0.00597269624573,7,0.000900900900901,0.621196581197,37,37,37,1,0,0.72972972973,0.243243243243,0.027027027027,37,0.145645645646,1.32094594595,10.4864864865,19.4,5.70588235294,7.51524976158,0.716660415409,0.331707996656,9.32560812853,1.77859536472,0.772638617999,2.91933597288,0.556780572146,0.290888826971,0.570194700955,0.431656346503,2,1.32986111111,0.575661713796,2,0,0,0,0,0.516107890499,37,36,36,0.972972972973,0,0.702702702703,0.216216216216,0.0540540540541,37,194,0.145645645646,1.32094594595,10.4864864865,19.4,5.70588235294,7.51524976158,0.716660415409,0.331707996656,9.32560812853,1.77859536472,0.772638617999,2.91933597288,0.556780572146,0.290888826971,0.570194700955,0.431656346503,2,1.32986111111,0.575661713796,2,0,0,0,0,0.516107890499,37,36,36,0.972972972973,0,0.702702702703,0.216216216216,0.0540540540541,-22,-0.0165165165165,-0.00337837837838,-1.18918918919,-2.2,-0.294117647059,-0.683849288021,0.0144227653269,0.0216479365964,-1.00372850047,0.00921825697495,0.00737335273418,-0.167495497829,0.0280177739238,0.0381360742185,-0.0097504139796,-0.00626139334556,0,0.00553678678679,-0.00428340113879,0,-0.0121701261701,-0.00597269624573,-7,-0.000900900900901,-0.105088690697,-0.027027027027,-0.027027027027,0.027027027027,194,0,22,1116,0.898148148148,1,0,0.101851851852,1,0.898148148148,0.946341463415,0.938501466663,0.898148148148,0.898148148148,0,22,0,0,0,0
3711,WLNM_dir_neg,0.99173553719,0.0331243469175,00:00:03,10,90,13,1238804637,threshold_sweep,0.3,0,0,0,0,0,22,44,0,1,0,1,0,0,0,0.666666666667,0.666666666667,0,0,0,216,194,22,0,216,0,194,0,22,37,216,0.162162162162,1.32432432432,11.6756756757,21.6,6,8.1990990496,0.702237650082,0.31006006006,10.329336629,1.76937710775,0.765265265265,3.0868314707,0.528762798222,0.252752752753,0.579945114934,0.437917739848,2,1.32432432432,0.579945114934,2,0.0121701261701,0.00597269624573,7,0.000900900900901,0.621196581197,37,37,37,1,0,0.72972972973,0.243243243243,0.027027027027,37,0.145645645646,1.32094594595,10.4864864865,19.4,5.70588235294,7.51524976158,0.716660415409,0.331707996656,9.32560812853,1.77859536472,0.772638617999,2.91933597288,0.556780572146,0.290888826971,0.570194700955,0.431656346503,2,1.32986111111,0.575661713796,2,0,0,0,0,0.516107890499,37,36,36,0.972972972973,0,0.702702702703,0.216216216216,0.0540540540541,37,194,0.145645645646,1.32094594595,10.4864864865,19.4,5.70588235294,7.51524976158,0.716660415409,0.331707996656,9.32560812853,1.77859536472,0.772638617999,2.91933597288,0.556780572146,0.290888826971,0.570194700955,0.431656346503,2,1.32986111111,0.575661713796,2,0,0,0,0,0.516107890499,37,36,36,0.972972972973,0,0.702702702703,0.216216216216,0.0540540540541,-22,-0.0165165165165,-0.00337837837838,-1.18918918919,-2.2,-0.294117647059,-0.683849288021,0.0144227653269,0.0216479365964,-1.00372850047,0.00921825697495,0.00737335273418,-0.167495497829,0.0280177739238,0.0381360742185,-0.0097504139796,-0.00626139334556,0,0.00553678678679,-0.00428340113879,0,-0.0121701261701,-0.00597269624573,-7,-0.000900900900901,-0.105088690697,-0.027027027027,-0.027027027027,0.027027027027,194,0,22,1116,0.898148148148,1,0,0.101851851852,1,0.898148148148,0.946341463415,0.938501466663,0.898148148148,0.898148148148,0,22,0,0,0,0
3712,WLNM_dir_neg,0.99173553719,0.0331243469175,00:00:03,10,90,13,1238804637,threshold_sweep,0.4,0,0,0,0,0,22,44,0,1,0,1,0,0,0,0.666666666667,0.666666666667,0,0,0,216,194,22,0,216,0,194,0,22,37,216,0.162162162162,1.32432432432,11.6756756757,21.6,6,8.1990990496,0.702237650082,0.31006006006,10.329336629,1.76937710775,0.765265265265,3.0868314707,0.528762798222,0.252752752753,0.579945114934,0.437917739848,2,1.32432432432,0.579945114934,2,0.0121701261701,0.00597269624573,7,0.000900900900901,0.621196581197,37,37,37,1,0,0.72972972973,0.243243243243,0.027027027027,37,0.145645645646,1.32094594595,10.4864864865,19.4,5.70588235294,7.51524976158,0.716660415409,0.331707996656,9.32560812853,1.77859536472,0.772638617999,2.91933597288,0.556780572146,0.290888826971,0.570194700955,0.431656346503,2,1.32986111111,0.575661713796,2,0,0,0,0,0.516107890499,37,36,36,0.972972972973,0,0.702702702703,0.216216216216,0.0540540540541,37,194,0.145645645646,1.32094594595,10.4864864865,19.4,5.70588235294,7.51524976158,0.716660415409,0.331707996656,9.32560812853,1.77859536472,0.772638617999,2.91933597288,0.556780572146,0.290888826971,0.570194700955,0.431656346503,2,1.32986111111,0.575661713796,2,0,0,0,0,0.516107890499,37,36,36,0.972972972973,0,0.702702702703,0.216216216216,0.0540540540541,-22,-0.0165165165165,-0.00337837837838,-1.18918918919,-2.2,-0.294117647059,-0.683849288021,0.0144227653269,0.0216479365964,-1.00372850047,0.00921825697495,0.00737335273418,-0.167495497829,0.0280177739238,0.0381360742185,-0.0097504139796,-0.00626139334556,0,0.00553678678679,-0.00428340113879,0,-0.0121701261701,-0.00597269624573,-7,-0.000900900900901,-0.105088690697,-0.027027027027,-0.027027027027,0.027027027027,194,0,22,1116,0.898148148148,1,0,0.101851851852,1,0.898148148148,0.946341463415,0.938501466663,0.898148148148,0.898148148148,0,22,0,0,0,0
3713,WLNM_dir_neg,0.99173553719,0.0331243469175,00:00:03,10,90,13,1238804637,threshold_sweep,0.5,0,0,0,0,0,22,44,0,1,0,1,0,0,0,0.666666666667,0.666666666667,0,0,0,216,194,22,0,216,0,194,0,22,37,216,0.162162162162,1.32432432432,11.6756756757,21.6,6,8.1990990496,0.702237650082,0.31006006006,10.329336629,1.76937710775,0.765265265265,3.0868314707,0.528762798222,0.252752752753,0.579945114934,0.437917739848,2,1.32432432432,0.579945114934,2,0.0121701261701,0.00597269624573,7,0.000900900900901,0.621196581197,37,37,37,1,0,0.72972972973,0.243243243243,0.027027027027,37,0.145645645646,1.32094594595,10.4864864865,19.4,5.70588235294,7.51524976158,0.716660415409,0.331707996656,9.32560812853,1.77859536472,0.772638617999,2.91933597288,0.556780572146,0.290888826971,0.570194700955,0.431656346503,2,1.32986111111,0.575661713796,2,0,0,0,0,0.516107890499,37,36,36,0.972972972973,0,0.702702702703,0.216216216216,0.0540540540541,37,194,0.145645645646,1.32094594595,10.4864864865,19.4,5.70588235294,7.51524976158,0.716660415409,0.331707996656,9.32560812853,1.77859536472,0.772638617999,2.91933597288,0.556780572146,0.290888826971,0.570194700955,0.431656346503,2,1.32986111111,0.575661713796,2,0,0,0,0,0.516107890499,37,36,36,0.972972972973,0,0.702702702703,0.216216216216,0.0540540540541,-22,-0.0165165165165,-0.00337837837838,-1.18918918919,-2.2,-0.294117647059,-0.683849288021,0.0144227653269,0.0216479365964,-1.00372850047,0.00921825697495,0.00737335273418,-0.167495497829,0.0280177739238,0.0381360742185,-0.0097504139796,-0.00626139334556,0,0.00553678678679,-0.00428340113879,0,-0.0121701261701,-0.00597269624573,-7,-0.000900900900901,-0.105088690697,-0.027027027027,-0.027027027027,0.027027027027,194,0,22,1116,0.898148148148,1,0,0.101851851852,1,0.898148148148,0.946341463415,0.938501466663,0.898148148148,0.898148148148,0,22,0,0,0,0
3714,WLNM_dir_neg,0.99173553719,0.0331243469175,00:00:03,10,90,13,1238804637,threshold_sweep,0.6,0,0,0,0,0,22,44,0,1,0,1,0,0,0,0.666666666667,0.666666666667,0,0,0,216,194,22,0,216,0,194,0,22,37,216,0.162162162162,1.32432432432,11.6756756757,21.6,6,8.1990990496,0.702237650082,0.31006006006,10.329336629,1.76937710775,0.765265265265,3.0868314707,0.528762798222,0.252752752753,0.579945114934,0.437917739848,2,1.32432432432,0.579945114934,2,0.0121701261701,0.00597269624573,7,0.000900900900901,0.621196581197,37,37,37,1,0,0.72972972973,0.243243243243,0.027027027027,37,0.145645645646,1.32094594595,10.4864864865,19.4,5.70588235294,7.51524976158,0.716660415409,0.331707996656,9.32560812853,1.77859536472,0.772638617999,2.91933597288,0.556780572146,0.290888826971,0.570194700955,0.431656346503,2,1.32986111111,0.575661713796,2,0,0,0,0,0.516107890499,37,36,36,0.972972972973,0,0.702702702703,0.216216216216,0.0540540540541,37,194,0.145645645646,1.32094594595,10.4864864865,19.4,5.70588235294,7.51524976158,0.716660415409,0.331707996656,9.32560812853,1.77859536472,0.772638617999,2.91933597288,0.556780572146,0.290888826971,0.570194700955,0.431656346503,2,1.32986111111,0.575661713796,2,0,0,0,0,0.516107890499,37,36,36,0.972972972973,0,0.702702702703,0.216216216216,0.0540540540541,-22,-0.0165165165165,-0.00337837837838,-1.18918918919,-2.2,-0.294117647059,-0.683849288021,0.0144227653269,0.0216479365964,-1.00372850047,0.00921825697495,0.00737335273418,-0.167495497829,0.0280177739238,0.0381360742185,-0.0097504139796,-0.00626139334556,0,0.00553678678679,-0.00428340113879,0,-0.0121701261701,-0.00597269624573,-7,-0.000900900900901,-0.105088690697,-0.027027027027,-0.027027027027,0.027027027027,194,0,22,1116,0.898148148148,1,0,0.101851851852,1,0.898148148148,0.946341463415,0.938501466663,0.898148148148,0.898148148148,0,22,0,0,0,0
3715,WLNM_dir_neg,0.99173553719,0.0331243469175,00:00:03,10,90,13,1238804637,threshold_sweep,0.7,0,0,0,0,0,22,44,0,1,0,1,0,0,0,0.666666666667,0.666666666667,0,0,0,216,194,22,0,216,0,194,0,22,37,216,0.162162162162,1.32432432432,11.6756756757,21.6,6,8.1990990496,0.702237650082,0.31006006006,10.329336629,1.76937710775,0.765265265265,3.0868314707,0.528762798222,0.252752752753,0.579945114934,0.437917739848,2,1.32432432432,0.579945114934,2,0.0121701261701,0.00597269624573,7,0.000900900900901,0.621196581197,37,37,37,1,0,0.72972972973,0.243243243243,0.027027027027,37,0.145645645646,1.32094594595,10.4864864865,19.4,5.70588235294,7.51524976158,0.716660415409,0.331707996656,9.32560812853,1.77859536472,0.772638617999,2.91933597288,0.556780572146,0.290888826971,0.570194700955,0.431656346503,2,1.32986111111,0.575661713796,2,0,0,0,0,0.516107890499,37,36,36,0.972972972973,0,0.702702702703,0.216216216216,0.0540540540541,37,194,0.145645645646,1.32094594595,10.4864864865,19.4,5.70588235294,7.51524976158,0.716660415409,0.331707996656,9.32560812853,1.77859536472,0.772638617999,2.91933597288,0.556780572146,0.290888826971,0.570194700955,0.431656346503,2,1.32986111111,0.575661713796,2,0,0,0,0,0.516107890499,37,36,36,0.972972972973,0,0.702702702703,0.216216216216,0.0540540540541,-22,-0.0165165165165,-0.00337837837838,-1.18918918919,-2.2,-0.294117647059,-0.683849288021,0.0144227653269,0.0216479365964,-1.00372850047,0.00921825697495,0.00737335273418,-0.167495497829,0.0280177739238,0.0381360742185,-0.0097504139796,-0.00626139334556,0,0.00553678678679,-0.00428340113879,0,-0.0121701261701,-0.00597269624573,-7,-0.000900900900901,-0.105088690697,-0.027027027027,-0.027027027027,0.027027027027,194,0,22,1116,0.898148148148,1,0,0.101851851852,1,0.898148148148,0.946341463415,0.938501466663,0.898148148148,0.898148148148,0,22,0,0,0,0
3716,WLNM_dir_neg,0.99173553719,0.0331243469175,00:00:03,10,90,13,1238804637,threshold_sweep,0.8,0,0,0,0,0,22,44,0,1,0,1,0,0,0,0.666666666667,0.666666666667,0,0,0,216,194,22,0,216,0,194,0,22,37,216,0.162162162162,1.32432432432,11.6756756757,21.6,6,8.1990990496,0.702237650082,0.31006006006,10.329336629,1.76937710775,0.765265265265,3.0868314707,0.528762798222,0.252752752753,0.579945114934,0.437917739848,2,1.32432432432,0.579945114934,2,0.0121701261701,0.00597269624573,7,0.000900900900901,0.621196581197,37,37,37,1,0,0.72972972973,0.243243243243,0.027027027027,37,0.145645645646,1.32094594595,10.4864864865,19.4,5.70588235294,7.51524976158,0.716660415409,0.331707996656,9.32560812853,1.77859536472,0.772638617999,2.91933597288,0.556780572146,0.290888826971,0.570194700955,0.431656346503,2,1.32986111111,0.575661713796,2,0,0,0,0,0.516107890499,37,36,36,0.972972972973,0,0.702702702703,0.216216216216,0.0540540540541,37,194,0.145645645646,1.32094594595,10.4864864865,19.4,5.70588235294,7.51524976158,0.716660415409,0.331707996656,9.32560812853,1.77859536472,0.772638617999,2.91933597288,0.556780572146,0.290888826971,0.570194700955,0.431656346503,2,1.32986111111,0.575661713796,2,0,0,0,0,0.516107890499,37,36,36,0.972972972973,0,0.702702702703,0.216216216216,0.0540540540541,-22,-0.0165165165165,-0.00337837837838,-1.18918918919,-2.2,-0.294117647059,-0.683849288021,0.0144227653269,0.0216479365964,-1.00372850047,0.00921825697495,0.00737335273418,-0.167495497829,0.0280177739238,0.0381360742185,-0.0097504139796,-0.00626139334556,0,0.00553678678679,-0.00428340113879,0,-0.0121701261701,-0.00597269624573,-7,-0.000900900900901,-0.105088690697,-0.027027027027,-0.027027027027,0.027027027027,194,0,22,1116,0.898148148148,1,0,0.101851851852,1,0.898148148148,0.946341463415,0.938501466663,0.898148148148,0.898148148148,0,22,0,0,0,0
3717,WLNM_dir_neg,0.99173553719,0.0331243469175,00:00:03,10,90,13,1238804637,threshold_sweep,0.9,0,0,0,0,0,22,44,0,1,0,1,0,0,0,0.666666666667,0.666666666667,0,0,0,216,194,22,0,216,0,194,0,22,37,216,0.162162162162,1.32432432432,11.6756756757,21.6,6,8.1990990496,0.702237650082,0.31006006006,10.329336629,1.76937710775,0.765265265265,3.0868314707,0.528762798222,0.252752752753,0.579945114934,0.437917739848,2,1.32432432432,0.579945114934,2,0.0121701261701,0.00597269624573,7,0.000900900900901,0.621196581197,37,37,37,1,0,0.72972972973,0.243243243243,0.027027027027,37,0.145645645646,1.32094594595,10.4864864865,19.4,5.70588235294,7.51524976158,0.716660415409,0.331707996656,9.32560812853,1.77859536472,0.772638617999,2.91933597288,0.556780572146,0.290888826971,0.570194700955,0.431656346503,2,1.32986111111,0.575661713796,2,0,0,0,0,0.516107890499,37,36,36,0.972972972973,0,0.702702702703,0.216216216216,0.0540540540541,37,194,0.145645645646,1.32094594595,10.4864864865,19.4,5.70588235294,7.51524976158,0.716660415409,0.331707996656,9.32560812853,1.77859536472,0.772638617999,2.91933597288,0.556780572146,0.290888826971,0.570194700955,0.431656346503,2,1.32986111111,0.575661713796,2,0,0,0,0,0.516107890499,37,36,36,0.972972972973,0,0.702702702703,0.216216216216,0.0540540540541,-22,-0.0165165165165,-0.00337837837838,-1.18918918919,-2.2,-0.294117647059,-0.683849288021,0.0144227653269,0.0216479365964,-1.00372850047,0.00921825697495,0.00737335273418,-0.167495497829,0.0280177739238,0.0381360742185,-0.0097504139796,-0.00626139334556,0,0.00553678678679,-0.00428340113879,0,-0.0121701261701,-0.00597269624573,-7,-0.000900900900901,-0.105088690697,-0.027027027027,-0.027027027027,0.027027027027,194,0,22,1116,0.898148148148,1,0,0.101851851852,1,0.898148148148,0.946341463415,0.938501466663,0.898148148148,0.898148148148,0,22,0,0,0,0
3718,WLNM_dir_neg,0.988636363636,0,00:00:03,10,90,14,1238804638,threshold_sweep,0.1,0,0,0,0,0,22,44,0,1,0,1,0,0,0,0.666666666667,0.666666666667,0,0,0,216,194,22,0,216,0,194,0,22,37,216,0.162162162162,1.32432432432,11.6756756757,21.6,6,8.1990990496,0.702237650082,0.31006006006,10.329336629,1.76937710775,0.765265265265,3.0868314707,0.528762798222,0.252752752753,0.579945114934,0.437917739848,2,1.32432432432,0.579945114934,2,0.0121701261701,0.00597269624573,7,0.000900900900901,0.621196581197,37,37,37,1,0,0.72972972973,0.243243243243,0.027027027027,37,0.145645645646,1.32432432432,10.4864864865,19.4,5.38888888889,7.4147811147,0.707079642382,0.335330175536,9.20870785183,1.75629995112,0.764279743661,2.79290177061,0.53266683254,0.286152131513,0.579945114934,0.437917739848,2,1.32432432432,0.579945114934,2,0.0122965054269,0.00742049469965,7,0.000900900900901,0.504407407407,37,37,37,1,0,0.72972972973,0.243243243243,0.027027027027,37,194,0.145645645646,1.32432432432,10.4864864865,19.4,5.38888888889,7.4147811147,0.707079642382,0.335330175536,9.20870785183,1.75629995112,0.764279743661,2.79290177061,0.53266683254,0.286152131513,0.579945114934,0.437917739848,2,1.32432432432,0.579945114934,2,0.0122965054269,0.00742049469965,7,0.000900900900901,0.504407407407,37,37,37,1,0,0.72972972973,0.243243243243,0.027027027027,-22,-0.0165165165165,0,-1.18918918919,-2.2,-0.611111111111,-0.7843179349,0.00484199229975,0.0252701154763,-1.12062877717,-0.0130771566237,-0.000985521604078,-0.29392970009,0.00390403431739,0.0333993787602,0,0,0,0,0,0,0.000126379256814,0.00144779845391,0,0,-0.116789173789,0,0,0,194,0,22,1116,0.898148148148,1,0,0.101851851852,1,0.898148148148,0.946341463415,0.938501466663,0.898148148148,0.898148148148,0,22,0,0,0,0
3719,WLNM_dir_neg,0.988636363636,0,00:00:03,10,90,14,1238804638,threshold_sweep,0.2,0,0,0,0,0,22,44,0,1,0,1,0,0,0,0.666666666667,0.666666666667,0,0,0,216,194,22,0,216,0,194,0,22,37,216,0.162162162162,1.32432432432,11.6756756757,21.6,6,8.1990990496,0.702237650082,0.31006006006,10.329336629,1.76937710775,0.765265265265,3.0868314707,0.528762798222,0.252752752753,0.579945114934,0.437917739848,2,1.32432432432,0.579945114934,2,0.0121701261701,0.00597269624573,7,0.000900900900901,0.621196581197,37,37,37,1,0,0.72972972973,0.243243243243,0.027027027027,37,0.145645645646,1.32432432432,10.4864864865,19.4,5.38888888889,7.4147811147,0.707079642382,0.335330175536,9.20870785183,1.75629995112,0.764279743661,2.79290177061,0.53266683254,0.286152131513,0.579945114934,0.437917739848,2,1.32432432432,0.579945114934,2,0.0122965054269,0.00742049469965,7,0.000900900900901,0.504407407407,37,37,37,1,0,0.72972972973,0.243243243243,0.027027027027,37,194,0.145645645646,1.32432432432,10.4864864865,19.4,5.38888888889,7.4147811147,0.707079642382,0.335330175536,9.20870785183,1.75629995112,0.764279743661,2.79290177061,0.53266683254,0.286152131513,0.579945114934,0.437917739848,2,1.32432432432,0.579945114934,2,0.0122965054269,0.00742049469965,7,0.000900900900901,0.504407407407,37,37,37,1,0,0.72972972973,0.243243243243,0.027027027027,-22,-0.0165165165165,0,-1.18918918919,-2.2,-0.611111111111,-0.7843179349,0.00484199229975,0.0252701154763,-1.12062877717,-0.0130771566237,-0.000985521604078,-0.29392970009,0.00390403431739,0.0333993787602,0,0,0,0,0,0,0.000126379256814,0.00144779845391,0,0,-0.116789173789,0,0,0,194,0,22,1116,0.898148148148,1,0,0.101851851852,1,0.898148148148,0.946341463415,0.938501466663,0.898148148148,0.898148148148,0,22,0,0,0,0
3720,WLNM_dir_neg,0.988636363636,0,00:00:03,10,90,14,1238804638,threshold_sweep,0.3,0,0,0,0,0,22,44,0,1,0,1,0,0,0,0.666666666667,0.666666666667,0,0,0,216,194,22,0,216,0,194,0,22,37,216,0.162162162162,1.32432432432,11.6756756757,21.6,6,8.1990990496,0.702237650082,0.31006006006,10.329336629,1.76937710775,0.765265265265,3.0868314707,0.528762798222,0.252752752753,0.579945114934,0.437917739848,2,1.32432432432,0.579945114934,2,0.0121701261701,0.00597269624573,7,0.000900900900901,0.621196581197,37,37,37,1,0,0.72972972973,0.243243243243,0.027027027027,37,0.145645645646,1.32432432432,10.4864864865,19.4,5.38888888889,7.4147811147,0.707079642382,0.335330175536,9.20870785183,1.75629995112,0.764279743661,2.79290177061,0.53266683254,0.286152131513,0.579945114934,0.437917739848,2,1.32432432432,0.579945114934,2,0.0122965054269,0.00742049469965,7,0.000900900900901,0.504407407407,37,37,37,1,0,0.72972972973,0.243243243243,0.027027027027,37,194,0.145645645646,1.32432432432,10.4864864865,19.4,5.38888888889,7.4147811147,0.707079642382,0.335330175536,9.20870785183,1.75629995112,0.764279743661,2.79290177061,0.53266683254,0.286152131513,0.579945114934,0.437917739848,2,1.32432432432,0.579945114934,2,0.0122965054269,0.00742049469965,7,0.000900900900901,0.504407407407,37,37,37,1,0,0.72972972973,0.243243243243,0.027027027027,-22,-0.0165165165165,0,-1.18918918919,-2.2,-0.611111111111,-0.7843179349,0.00484199229975,0.0252701154763,-1.12062877717,-0.0130771566237,-0.000985521604078,-0.29392970009,0.00390403431739,0.0333993787602,0,0,0,0,0,0,0.000126379256814,0.00144779845391,0,0,-0.116789173789,0,0,0,194,0,22,1116,0.898148148148,1,0,0.101851851852,1,0.898148148148,0.946341463415,0.938501466663,0.898148148148,0.898148148148,0,22,0,0,0,0
3721,WLNM_dir_neg,0.988636363636,0,00:00:03,10,90,14,1238804638,threshold_sweep,0.4,0,0,0,0,0,22,44,0,1,0,1,0,0,0,0.666666666667,0.666666666667,0,0,0,216,194,22,0,216,0,194,0,22,37,216,0.162162162162,1.32432432432,11.6756756757,21.6,6,8.1990990496,0.702237650082,0.31006006006,10.329336629,1.76937710775,0.765265265265,3.0868314707,0.528762798222,0.252752752753,0.579945114934,0.437917739848,2,1.32432432432,0.579945114934,2,0.0121701261701,0.00597269624573,7,0.000900900900901,0.621196581197,37,37,37,1,0,0.72972972973,0.243243243243,0.027027027027,37,0.145645645646,1.32432432432,10.4864864865,19.4,5.38888888889,7.4147811147,0.707079642382,0.335330175536,9.20870785183,1.75629995112,0.764279743661,2.79290177061,0.53266683254,0.286152131513,0.579945114934,0.437917739848,2,1.32432432432,0.579945114934,2,0.0122965054269,0.00742049469965,7,0.000900900900901,0.504407407407,37,37,37,1,0,0.72972972973,0.243243243243,0.027027027027,37,194,0.145645645646,1.32432432432,10.4864864865,19.4,5.38888888889,7.4147811147,0.707079642382,0.335330175536,9.20870785183,1.75629995112,0.764279743661,2.79290177061,0.53266683254,0.286152131513,0.579945114934,0.437917739848,2,1.32432432432,0.579945114934,2,0.0122965054269,0.00742049469965,7,0.000900900900901,0.504407407407,37,37,37,1,0,0.72972972973,0.243243243243,0.027027027027,-22,-0.0165165165165,0,-1.18918918919,-2.2,-0.611111111111,-0.7843179349,0.00484199229975,0.0252701154763,-1.12062877717,-0.0130771566237,-0.000985521604078,-0.29392970009,0.00390403431739,0.0333993787602,0,0,0,0,0,0,0.000126379256814,0.00144779845391,0,0,-0.116789173789,0,0,0,194,0,22,1116,0.898148148148,1,0,0.101851851852,1,0.898148148148,0.946341463415,0.938501466663,0.898148148148,0.898148148148,0,22,0,0,0,0
3722,WLNM_dir_neg,0.988636363636,0,00:00:03,10,90,14,1238804638,threshold_sweep,0.5,0,0,0,0,0,22,44,0,1,0,1,0,0,0,0.666666666667,0.666666666667,0,0,0,216,194,22,0,216,0,194,0,22,37,216,0.162162162162,1.32432432432,11.6756756757,21.6,6,8.1990990496,0.702237650082,0.31006006006,10.329336629,1.76937710775,0.765265265265,3.0868314707,0.528762798222,0.252752752753,0.579945114934,0.437917739848,2,1.32432432432,0.579945114934,2,0.0121701261701,0.00597269624573,7,0.000900900900901,0.621196581197,37,37,37,1,0,0.72972972973,0.243243243243,0.027027027027,37,0.145645645646,1.32432432432,10.4864864865,19.4,5.38888888889,7.4147811147,0.707079642382,0.335330175536,9.20870785183,1.75629995112,0.764279743661,2.79290177061,0.53266683254,0.286152131513,0.579945114934,0.437917739848,2,1.32432432432,0.579945114934,2,0.0122965054269,0.00742049469965,7,0.000900900900901,0.504407407407,37,37,37,1,0,0.72972972973,0.243243243243,0.027027027027,37,194,0.145645645646,1.32432432432,10.4864864865,19.4,5.38888888889,7.4147811147,0.707079642382,0.335330175536,9.20870785183,1.75629995112,0.764279743661,2.79290177061,0.53266683254,0.286152131513,0.579945114934,0.437917739848,2,1.32432432432,0.579945114934,2,0.0122965054269,0.00742049469965,7,0.000900900900901,0.504407407407,37,37,37,1,0,0.72972972973,0.243243243243,0.027027027027,-22,-0.0165165165165,0,-1.18918918919,-2.2,-0.611111111111,-0.7843179349,0.00484199229975,0.0252701154763,-1.12062877717,-0.0130771566237,-0.000985521604078,-0.29392970009,0.00390403431739,0.0333993787602,0,0,0,0,0,0,0.000126379256814,0.00144779845391,0,0,-0.116789173789,0,0,0,194,0,22,1116,0.898148148148,1,0,0.101851851852,1,0.898148148148,0.946341463415,0.938501466663,0.898148148148,0.898148148148,0,22,0,0,0,0
3723,WLNM_dir_neg,0.988636363636,0,00:00:03,10,90,14,1238804638,threshold_sweep,0.6,0,0,0,0,0,22,44,0,1,0,1,0,0,0,0.666666666667,0.666666666667,0,0,0,216,194,22,0,216,0,194,0,22,37,216,0.162162162162,1.32432432432,11.6756756757,21.6,6,8.1990990496,0.702237650082,0.31006006006,10.329336629,1.76937710775,0.765265265265,3.0868314707,0.528762798222,0.252752752753,0.579945114934,0.437917739848,2,1.32432432432,0.579945114934,2,0.0121701261701,0.00597269624573,7,0.000900900900901,0.621196581197,37,37,37,1,0,0.72972972973,0.243243243243,0.027027027027,37,0.145645645646,1.32432432432,10.4864864865,19.4,5.38888888889,7.4147811147,0.707079642382,0.335330175536,9.20870785183,1.75629995112,0.764279743661,2.79290177061,0.53266683254,0.286152131513,0.579945114934,0.437917739848,2,1.32432432432,0.579945114934,2,0.0122965054269,0.00742049469965,7,0.000900900900901,0.504407407407,37,37,37,1,0,0.72972972973,0.243243243243,0.027027027027,37,194,0.145645645646,1.32432432432,10.4864864865,19.4,5.38888888889,7.4147811147,0.707079642382,0.335330175536,9.20870785183,1.75629995112,0.764279743661,2.79290177061,0.53266683254,0.286152131513,0.579945114934,0.437917739848,2,1.32432432432,0.579945114934,2,0.0122965054269,0.00742049469965,7,0.000900900900901,0.504407407407,37,37,37,1,0,0.72972972973,0.243243243243,0.027027027027,-22,-0.0165165165165,0,-1.18918918919,-2.2,-0.611111111111,-0.7843179349,0.00484199229975,0.0252701154763,-1.12062877717,-0.0130771566237,-0.000985521604078,-0.29392970009,0.00390403431739,0.0333993787602,0,0,0,0,0,0,0.000126379256814,0.00144779845391,0,0,-0.116789173789,0,0,0,194,0,22,1116,0.898148148148,1,0,0.101851851852,1,0.898148148148,0.946341463415,0.938501466663,0.898148148148,0.898148148148,0,22,0,0,0,0
3724,WLNM_dir_neg,0.988636363636,0,00:00:03,10,90,14,1238804638,threshold_sweep,0.7,0,0,0,0,0,22,44,0,1,0,1,0,0,0,0.666666666667,0.666666666667,0,0,0,216,194,22,0,216,0,194,0,22,37,216,0.162162162162,1.32432432432,11.6756756757,21.6,6,8.1990990496,0.702237650082,0.31006006006,10.329336629,1.76937710775,0.765265265265,3.0868314707,0.528762798222,0.252752752753,0.579945114934,0.437917739848,2,1.32432432432,0.579945114934,2,0.0121701261701,0.00597269624573,7,0.000900900900901,0.621196581197,37,37,37,1,0,0.72972972973,0.243243243243,0.027027027027,37,0.145645645646,1.32432432432,10.4864864865,19.4,5.38888888889,7.4147811147,0.707079642382,0.335330175536,9.20870785183,1.75629995112,0.764279743661,2.79290177061,0.53266683254,0.286152131513,0.579945114934,0.437917739848,2,1.32432432432,0.579945114934,2,0.0122965054269,0.00742049469965,7,0.000900900900901,0.504407407407,37,37,37,1,0,0.72972972973,0.243243243243,0.027027027027,37,194,0.145645645646,1.32432432432,10.4864864865,19.4,5.38888888889,7.4147811147,0.707079642382,0.335330175536,9.20870785183,1.75629995112,0.764279743661,2.79290177061,0.53266683254,0.286152131513,0.579945114934,0.437917739848,2,1.32432432432,0.579945114934,2,0.0122965054269,0.00742049469965,7,0.000900900900901,0.504407407407,37,37,37,1,0,0.72972972973,0.243243243243,0.027027027027,-22,-0.0165165165165,0,-1.18918918919,-2.2,-0.611111111111,-0.7843179349,0.00484199229975,0.0252701154763,-1.12062877717,-0.0130771566237,-0.000985521604078,-0.29392970009,0.00390403431739,0.0333993787602,0,0,0,0,0,0,0.000126379256814,0.00144779845391,0,0,-0.116789173789,0,0,0,194,0,22,1116,0.898148148148,1,0,0.101851851852,1,0.898148148148,0.946341463415,0.938501466663,0.898148148148,0.898148148148,0,22,0,0,0,0
3725,WLNM_dir_neg,0.988636363636,0,00:00:03,10,90,14,1238804638,threshold_sweep,0.8,0,0,0,0,0,22,44,0,1,0,1,0,0,0,0.666666666667,0.666666666667,0,0,0,216,194,22,0,216,0,194,0,22,37,216,0.162162162162,1.32432432432,11.6756756757,21.6,6,8.1990990496,0.702237650082,0.31006006006,10.329336629,1.76937710775,0.765265265265,3.0868314707,0.528762798222,0.252752752753,0.579945114934,0.437917739848,2,1.32432432432,0.579945114934,2,0.0121701261701,0.00597269624573,7,0.000900900900901,0.621196581197,37,37,37,1,0,0.72972972973,0.243243243243,0.027027027027,37,0.145645645646,1.32432432432,10.4864864865,19.4,5.38888888889,7.4147811147,0.707079642382,0.335330175536,9.20870785183,1.75629995112,0.764279743661,2.79290177061,0.53266683254,0.286152131513,0.579945114934,0.437917739848,2,1.32432432432,0.579945114934,2,0.0122965054269,0.00742049469965,7,0.000900900900901,0.504407407407,37,37,37,1,0,0.72972972973,0.243243243243,0.027027027027,37,194,0.145645645646,1.32432432432,10.4864864865,19.4,5.38888888889,7.4147811147,0.707079642382,0.335330175536,9.20870785183,1.75629995112,0.764279743661,2.79290177061,0.53266683254,0.286152131513,0.579945114934,0.437917739848,2,1.32432432432,0.579945114934,2,0.0122965054269,0.00742049469965,7,0.000900900900901,0.504407407407,37,37,37,1,0,0.72972972973,0.243243243243,0.027027027027,-22,-0.0165165165165,0,-1.18918918919,-2.2,-0.611111111111,-0.7843179349,0.00484199229975,0.0252701154763,-1.12062877717,-0.0130771566237,-0.000985521604078,-0.29392970009,0.00390403431739,0.0333993787602,0,0,0,0,0,0,0.000126379256814,0.00144779845391,0,0,-0.116789173789,0,0,0,194,0,22,1116,0.898148148148,1,0,0.101851851852,1,0.898148148148,0.946341463415,0.938501466663,0.898148148148,0.898148148148,0,22,0,0,0,0
3726,WLNM_dir_neg,0.988636363636,0,00:00:03,10,90,14,1238804638,threshold_sweep,0.9,0,0,0,0,0,22,44,0,1,0,1,0,0,0,0.666666666667,0.666666666667,0,0,0,216,194,22,0,216,0,194,0,22,37,216,0.162162162162,1.32432432432,11.6756756757,21.6,6,8.1990990496,0.702237650082,0.31006006006,10.329336629,1.76937710775,0.765265265265,3.0868314707,0.528762798222,0.252752752753,0.579945114934,0.437917739848,2,1.32432432432,0.579945114934,2,0.0121701261701,0.00597269624573,7,0.000900900900901,0.621196581197,37,37,37,1,0,0.72972972973,0.243243243243,0.027027027027,37,0.145645645646,1.32432432432,10.4864864865,19.4,5.38888888889,7.4147811147,0.707079642382,0.335330175536,9.20870785183,1.75629995112,0.764279743661,2.79290177061,0.53266683254,0.286152131513,0.579945114934,0.437917739848,2,1.32432432432,0.579945114934,2,0.0122965054269,0.00742049469965,7,0.000900900900901,0.504407407407,37,37,37,1,0,0.72972972973,0.243243243243,0.027027027027,37,194,0.145645645646,1.32432432432,10.4864864865,19.4,5.38888888889,7.4147811147,0.707079642382,0.335330175536,9.20870785183,1.75629995112,0.764279743661,2.79290177061,0.53266683254,0.286152131513,0.579945114934,0.437917739848,2,1.32432432432,0.579945114934,2,0.0122965054269,0.00742049469965,7,0.000900900900901,0.504407407407,37,37,37,1,0,0.72972972973,0.243243243243,0.027027027027,-22,-0.0165165165165,0,-1.18918918919,-2.2,-0.611111111111,-0.7843179349,0.00484199229975,0.0252701154763,-1.12062877717,-0.0130771566237,-0.000985521604078,-0.29392970009,0.00390403431739,0.0333993787602,0,0,0,0,0,0,0.000126379256814,0.00144779845391,0,0,-0.116789173789,0,0,0,194,0,22,1116,0.898148148148,1,0,0.101851851852,1,0.898148148148,0.946341463415,0.938501466663,0.898148148148,0.898148148148,0,22,0,0,0,0
3727,WLNM_dir_neg,1,0.954545454545,00:00:03,10,90,15,1238804639,threshold_sweep,0.1,1,0.0454545454545,0.0869565217391,1,0,21,44,0.0454545454545,1,0,0.954545454545,1,0.0454545454545,0.0869565217391,0.681818181818,0.661616161616,0.0597014925373,0.175411603861,0.0454545454545,216,194,22,0,216,0,194,0,22,37,216,0.162162162162,1.32432432432,11.6756756757,21.6,6,8.1990990496,0.702237650082,0.31006006006,10.329336629,1.76937710775,0.765265265265,3.0868314707,0.528762798222,0.252752752753,0.579945114934,0.437917739848,2,1.32432432432,0.579945114934,2,0.0121701261701,0.00597269624573,7,0.000900900900901,0.621196581197,37,37,37,1,0,0.72972972973,0.243243243243,0.027027027027,37,0.145645645646,1.32432432432,10.4864864865,19.4,5.38888888889,7.39226931636,0.704932898725,0.3294789635,9.30473417557,1.77461424998,0.76901643912,2.86167594063,0.545783555687,0.288659793814,0.579945114934,0.437917739848,2,1.32432432432,0.579945114934,2,0.0112908320113,0.00531161473088,5,0.000643500643501,0.504562987737,37,37,37,1,0,0.72972972973,0.243243243243,0.027027027027,37,195,0.146396396396,1.32432432432,10.5405405405,19.5,5.41666666667,7.43712382651,0.705573286105,0.331115731116,9.31739308035,1.76791561012,0.767844767845,2.82497442121,0.536020787614,0.283853083853,0.579945114934,0.437917739848,2,1.32432432432,0.579945114934,2,0.012596165739,0.0063025210084,6,0.000772200772201,0.506785209959,37,37,37,1,0,0.72972972973,0.243243243243,0.027027027027,-21,-0.0157657657658,0,-1.13513513514,-2.1,-0.583333333333,-0.761975223097,0.00333563602273,0.0210556710557,-1.01194354865,-0.00146149762702,0.0025795025795,-0.261857049496,0.00725798939142,0.0311003311003,0,0,0,0,0,0,0.000426039568897,0.00032982476267,-1,-0.0001287001287,-0.114411371237,0,0,0,195,0,21,1116,0.902777777778,1,0,0.0972222222222,1,0.902777777778,0.948905109489,0.941330856757,0.902777777778,0.902777777778,1,22,0,0,0,0
3728,WLNM_dir_neg,1,0.954545454545,00:00:03,10,90,15,1238804639,threshold_sweep,0.2,1,0.0454545454545,0.0869565217391,1,0,21,44,0.0454545454545,1,0,0.954545454545,1,0.0454545454545,0.0869565217391,0.681818181818,0.661616161616,0.0597014925373,0.175411603861,0.0454545454545,216,194,22,0,216,0,194,0,22,37,216,0.162162162162,1.32432432432,11.6756756757,21.6,6,8.1990990496,0.702237650082,0.31006006006,10.329336629,1.76937710775,0.765265265265,3.0868314707,0.528762798222,0.252752752753,0.579945114934,0.437917739848,2,1.32432432432,0.579945114934,2,0.0121701261701,0.00597269624573,7,0.000900900900901,0.621196581197,37,37,37,1,0,0.72972972973,0.243243243243,0.027027027027,37,0.145645645646,1.32432432432,10.4864864865,19.4,5.38888888889,7.39226931636,0.704932898725,0.3294789635,9.30473417557,1.77461424998,0.76901643912,2.86167594063,0.545783555687,0.288659793814,0.579945114934,0.437917739848,2,1.32432432432,0.579945114934,2,0.0112908320113,0.00531161473088,5,0.000643500643501,0.504562987737,37,37,37,1,0,0.72972972973,0.243243243243,0.027027027027,37,195,0.146396396396,1.32432432432,10.5405405405,19.5,5.41666666667,7.43712382651,0.705573286105,0.331115731116,9.31739308035,1.76791561012,0.767844767845,2.82497442121,0.536020787614,0.283853083853,0.579945114934,0.437917739848,2,1.32432432432,0.579945114934,2,0.012596165739,0.0063025210084,6,0.000772200772201,0.506785209959,37,37,37,1,0,0.72972972973,0.243243243243,0.027027027027,-21,-0.0157657657658,0,-1.13513513514,-2.1,-0.583333333333,-0.761975223097,0.00333563602273,0.0210556710557,-1.01194354865,-0.00146149762702,0.0025795025795,-0.261857049496,0.00725798939142,0.0311003311003,0,0,0,0,0,0,0.000426039568897,0.00032982476267,-1,-0.0001287001287,-0.114411371237,0,0,0,195,0,21,1116,0.902777777778,1,0,0.0972222222222,1,0.902777777778,0.948905109489,0.941330856757,0.902777777778,0.902777777778,1,22,0,0,0,0
3729,WLNM_dir_neg,1,0.954545454545,00:00:03,10,90,15,1238804639,threshold_sweep,0.3,1,0.0454545454545,0.0869565217391,1,0,21,44,0.0454545454545,1,0,0.954545454545,1,0.0454545454545,0.0869565217391,0.681818181818,0.661616161616,0.0597014925373,0.175411603861,0.0454545454545,216,194,22,0,216,0,194,0,22,37,216,0.162162162162,1.32432432432,11.6756756757,21.6,6,8.1990990496,0.702237650082,0.31006006006,10.329336629,1.76937710775,0.765265265265,3.0868314707,0.528762798222,0.252752752753,0.579945114934,0.437917739848,2,1.32432432432,0.579945114934,2,0.0121701261701,0.00597269624573,7,0.000900900900901,0.621196581197,37,37,37,1,0,0.72972972973,0.243243243243,0.027027027027,37,0.145645645646,1.32432432432,10.4864864865,19.4,5.38888888889,7.39226931636,0.704932898725,0.3294789635,9.30473417557,1.77461424998,0.76901643912,2.86167594063,0.545783555687,0.288659793814,0.579945114934,0.437917739848,2,1.32432432432,0.579945114934,2,0.0112908320113,0.00531161473088,5,0.000643500643501,0.504562987737,37,37,37,1,0,0.72972972973,0.243243243243,0.027027027027,37,195,0.146396396396,1.32432432432,10.5405405405,19.5,5.41666666667,7.43712382651,0.705573286105,0.331115731116,9.31739308035,1.76791561012,0.767844767845,2.82497442121,0.536020787614,0.283853083853,0.579945114934,0.437917739848,2,1.32432432432,0.579945114934,2,0.012596165739,0.0063025210084,6,0.000772200772201,0.506785209959,37,37,37,1,0,0.72972972973,0.243243243243,0.027027027027,-21,-0.0157657657658,0,-1.13513513514,-2.1,-0.583333333333,-0.761975223097,0.00333563602273,0.0210556710557,-1.01194354865,-0.00146149762702,0.0025795025795,-0.261857049496,0.00725798939142,0.0311003311003,0,0,0,0,0,0,0.000426039568897,0.00032982476267,-1,-0.0001287001287,-0.114411371237,0,0,0,195,0,21,1116,0.902777777778,1,0,0.0972222222222,1,0.902777777778,0.948905109489,0.941330856757,0.902777777778,0.902777777778,1,22,0,0,0,0
3730,WLNM_dir_neg,1,0.954545454545,00:00:03,10,90,15,1238804639,threshold_sweep,0.4,1,0.0454545454545,0.0869565217391,1,0,21,44,0.0454545454545,1,0,0.954545454545,1,0.0454545454545,0.0869565217391,0.681818181818,0.661616161616,0.0597014925373,0.175411603861,0.0454545454545,216,194,22,0,216,0,194,0,22,37,216,0.162162162162,1.32432432432,11.6756756757,21.6,6,8.1990990496,0.702237650082,0.31006006006,10.329336629,1.76937710775,0.765265265265,3.0868314707,0.528762798222,0.252752752753,0.579945114934,0.437917739848,2,1.32432432432,0.579945114934,2,0.0121701261701,0.00597269624573,7,0.000900900900901,0.621196581197,37,37,37,1,0,0.72972972973,0.243243243243,0.027027027027,37,0.145645645646,1.32432432432,10.4864864865,19.4,5.38888888889,7.39226931636,0.704932898725,0.3294789635,9.30473417557,1.77461424998,0.76901643912,2.86167594063,0.545783555687,0.288659793814,0.579945114934,0.437917739848,2,1.32432432432,0.579945114934,2,0.0112908320113,0.00531161473088,5,0.000643500643501,0.504562987737,37,37,37,1,0,0.72972972973,0.243243243243,0.027027027027,37,195,0.146396396396,1.32432432432,10.5405405405,19.5,5.41666666667,7.43712382651,0.705573286105,0.331115731116,9.31739308035,1.76791561012,0.767844767845,2.82497442121,0.536020787614,0.283853083853,0.579945114934,0.437917739848,2,1.32432432432,0.579945114934,2,0.012596165739,0.0063025210084,6,0.000772200772201,0.506785209959,37,37,37,1,0,0.72972972973,0.243243243243,0.027027027027,-21,-0.0157657657658,0,-1.13513513514,-2.1,-0.583333333333,-0.761975223097,0.00333563602273,0.0210556710557,-1.01194354865,-0.00146149762702,0.0025795025795,-0.261857049496,0.00725798939142,0.0311003311003,0,0,0,0,0,0,0.000426039568897,0.00032982476267,-1,-0.0001287001287,-0.114411371237,0,0,0,195,0,21,1116,0.902777777778,1,0,0.0972222222222,1,0.902777777778,0.948905109489,0.941330856757,0.902777777778,0.902777777778,1,22,0,0,0,0
3731,WLNM_dir_neg,1,0.954545454545,00:00:03,10,90,15,1238804639,threshold_sweep,0.5,1,0.0454545454545,0.0869565217391,1,0,21,44,0.0454545454545,1,0,0.954545454545,1,0.0454545454545,0.0869565217391,0.681818181818,0.661616161616,0.0597014925373,0.175411603861,0.0454545454545,216,194,22,0,216,0,194,0,22,37,216,0.162162162162,1.32432432432,11.6756756757,21.6,6,8.1990990496,0.702237650082,0.31006006006,10.329336629,1.76937710775,0.765265265265,3.0868314707,0.528762798222,0.252752752753,0.579945114934,0.437917739848,2,1.32432432432,0.579945114934,2,0.0121701261701,0.00597269624573,7,0.000900900900901,0.621196581197,37,37,37,1,0,0.72972972973,0.243243243243,0.027027027027,37,0.145645645646,1.32432432432,10.4864864865,19.4,5.38888888889,7.39226931636,0.704932898725,0.3294789635,9.30473417557,1.77461424998,0.76901643912,2.86167594063,0.545783555687,0.288659793814,0.579945114934,0.437917739848,2,1.32432432432,0.579945114934,2,0.0112908320113,0.00531161473088,5,0.000643500643501,0.504562987737,37,37,37,1,0,0.72972972973,0.243243243243,0.027027027027,37,195,0.146396396396,1.32432432432,10.5405405405,19.5,5.41666666667,7.43712382651,0.705573286105,0.331115731116,9.31739308035,1.76791561012,0.767844767845,2.82497442121,0.536020787614,0.283853083853,0.579945114934,0.437917739848,2,1.32432432432,0.579945114934,2,0.012596165739,0.0063025210084,6,0.000772200772201,0.506785209959,37,37,37,1,0,0.72972972973,0.243243243243,0.027027027027,-21,-0.0157657657658,0,-1.13513513514,-2.1,-0.583333333333,-0.761975223097,0.00333563602273,0.0210556710557,-1.01194354865,-0.00146149762702,0.0025795025795,-0.261857049496,0.00725798939142,0.0311003311003,0,0,0,0,0,0,0.000426039568897,0.00032982476267,-1,-0.0001287001287,-0.114411371237,0,0,0,195,0,21,1116,0.902777777778,1,0,0.0972222222222,1,0.902777777778,0.948905109489,0.941330856757,0.902777777778,0.902777777778,1,22,0,0,0,0
3732,WLNM_dir_neg,1,0.954545454545,00:00:03,10,90,15,1238804639,threshold_sweep,0.6,1,0.0454545454545,0.0869565217391,1,0,21,44,0.0454545454545,1,0,0.954545454545,1,0.0454545454545,0.0869565217391,0.681818181818,0.661616161616,0.0597014925373,0.175411603861,0.0454545454545,216,194,22,0,216,0,194,0,22,37,216,0.162162162162,1.32432432432,11.6756756757,21.6,6,8.1990990496,0.702237650082,0.31006006006,10.329336629,1.76937710775,0.765265265265,3.0868314707,0.528762798222,0.252752752753,0.579945114934,0.437917739848,2,1.32432432432,0.579945114934,2,0.0121701261701,0.00597269624573,7,0.000900900900901,0.621196581197,37,37,37,1,0,0.72972972973,0.243243243243,0.027027027027,37,0.145645645646,1.32432432432,10.4864864865,19.4,5.38888888889,7.39226931636,0.704932898725,0.3294789635,9.30473417557,1.77461424998,0.76901643912,2.86167594063,0.545783555687,0.288659793814,0.579945114934,0.437917739848,2,1.32432432432,0.579945114934,2,0.0112908320113,0.00531161473088,5,0.000643500643501,0.504562987737,37,37,37,1,0,0.72972972973,0.243243243243,0.027027027027,37,195,0.146396396396,1.32432432432,10.5405405405,19.5,5.41666666667,7.43712382651,0.705573286105,0.331115731116,9.31739308035,1.76791561012,0.767844767845,2.82497442121,0.536020787614,0.283853083853,0.579945114934,0.437917739848,2,1.32432432432,0.579945114934,2,0.012596165739,0.0063025210084,6,0.000772200772201,0.506785209959,37,37,37,1,0,0.72972972973,0.243243243243,0.027027027027,-21,-0.0157657657658,0,-1.13513513514,-2.1,-0.583333333333,-0.761975223097,0.00333563602273,0.0210556710557,-1.01194354865,-0.00146149762702,0.0025795025795,-0.261857049496,0.00725798939142,0.0311003311003,0,0,0,0,0,0,0.000426039568897,0.00032982476267,-1,-0.0001287001287,-0.114411371237,0,0,0,195,0,21,1116,0.902777777778,1,0,0.0972222222222,1,0.902777777778,0.948905109489,0.941330856757,0.902777777778,0.902777777778,1,22,0,0,0,0
3733,WLNM_dir_neg,1,0.954545454545,00:00:03,10,90,15,1238804639,threshold_sweep,0.7,1,0.0454545454545,0.0869565217391,1,0,21,44,0.0454545454545,1,0,0.954545454545,1,0.0454545454545,0.0869565217391,0.681818181818,0.661616161616,0.0597014925373,0.175411603861,0.0454545454545,216,194,22,0,216,0,194,0,22,37,216,0.162162162162,1.32432432432,11.6756756757,21.6,6,8.1990990496,0.702237650082,0.31006006006,10.329336629,1.76937710775,0.765265265265,3.0868314707,0.528762798222,0.252752752753,0.579945114934,0.437917739848,2,1.32432432432,0.579945114934,2,0.0121701261701,0.00597269624573,7,0.000900900900901,0.621196581197,37,37,37,1,0,0.72972972973,0.243243243243,0.027027027027,37,0.145645645646,1.32432432432,10.4864864865,19.4,5.38888888889,7.39226931636,0.704932898725,0.3294789635,9.30473417557,1.77461424998,0.76901643912,2.86167594063,0.545783555687,0.288659793814,0.579945114934,0.437917739848,2,1.32432432432,0.579945114934,2,0.0112908320113,0.00531161473088,5,0.000643500643501,0.504562987737,37,37,37,1,0,0.72972972973,0.243243243243,0.027027027027,37,195,0.146396396396,1.32432432432,10.5405405405,19.5,5.41666666667,7.43712382651,0.705573286105,0.331115731116,9.31739308035,1.76791561012,0.767844767845,2.82497442121,0.536020787614,0.283853083853,0.579945114934,0.437917739848,2,1.32432432432,0.579945114934,2,0.012596165739,0.0063025210084,6,0.000772200772201,0.506785209959,37,37,37,1,0,0.72972972973,0.243243243243,0.027027027027,-21,-0.0157657657658,0,-1.13513513514,-2.1,-0.583333333333,-0.761975223097,0.00333563602273,0.0210556710557,-1.01194354865,-0.00146149762702,0.0025795025795,-0.261857049496,0.00725798939142,0.0311003311003,0,0,0,0,0,0,0.000426039568897,0.00032982476267,-1,-0.0001287001287,-0.114411371237,0,0,0,195,0,21,1116,0.902777777778,1,0,0.0972222222222,1,0.902777777778,0.948905109489,0.941330856757,0.902777777778,0.902777777778,1,22,0,0,0,0
3734,WLNM_dir_neg,1,0.954545454545,00:00:03,10,90,15,1238804639,threshold_sweep,0.8,1,0.0454545454545,0.0869565217391,1,0,21,44,0.0454545454545,1,0,0.954545454545,1,0.0454545454545,0.0869565217391,0.681818181818,0.661616161616,0.0597014925373,0.175411603861,0.0454545454545,216,194,22,0,216,0,194,0,22,37,216,0.162162162162,1.32432432432,11.6756756757,21.6,6,8.1990990496,0.702237650082,0.31006006006,10.329336629,1.76937710775,0.765265265265,3.0868314707,0.528762798222,0.252752752753,0.579945114934,0.437917739848,2,1.32432432432,0.579945114934,2,0.0121701261701,0.00597269624573,7,0.000900900900901,0.621196581197,37,37,37,1,0,0.72972972973,0.243243243243,0.027027027027,37,0.145645645646,1.32432432432,10.4864864865,19.4,5.38888888889,7.39226931636,0.704932898725,0.3294789635,9.30473417557,1.77461424998,0.76901643912,2.86167594063,0.545783555687,0.288659793814,0.579945114934,0.437917739848,2,1.32432432432,0.579945114934,2,0.0112908320113,0.00531161473088,5,0.000643500643501,0.504562987737,37,37,37,1,0,0.72972972973,0.243243243243,0.027027027027,37,195,0.146396396396,1.32432432432,10.5405405405,19.5,5.41666666667,7.43712382651,0.705573286105,0.331115731116,9.31739308035,1.76791561012,0.767844767845,2.82497442121,0.536020787614,0.283853083853,0.579945114934,0.437917739848,2,1.32432432432,0.579945114934,2,0.012596165739,0.0063025210084,6,0.000772200772201,0.506785209959,37,37,37,1,0,0.72972972973,0.243243243243,0.027027027027,-21,-0.0157657657658,0,-1.13513513514,-2.1,-0.583333333333,-0.761975223097,0.00333563602273,0.0210556710557,-1.01194354865,-0.00146149762702,0.0025795025795,-0.261857049496,0.00725798939142,0.0311003311003,0,0,0,0,0,0,0.000426039568897,0.00032982476267,-1,-0.0001287001287,-0.114411371237,0,0,0,195,0,21,1116,0.902777777778,1,0,0.0972222222222,1,0.902777777778,0.948905109489,0.941330856757,0.902777777778,0.902777777778,1,22,0,0,0,0
3735,WLNM_dir_neg,1,0.954545454545,00:00:03,10,90,15,1238804639,threshold_sweep,0.9,1,0.0454545454545,0.0869565217391,1,0,21,44,0.0454545454545,1,0,0.954545454545,1,0.0454545454545,0.0869565217391,0.681818181818,0.661616161616,0.0597014925373,0.175411603861,0.0454545454545,216,194,22,0,216,0,194,0,22,37,216,0.162162162162,1.32432432432,11.6756756757,21.6,6,8.1990990496,0.702237650082,0.31006006006,10.329336629,1.76937710775,0.765265265265,3.0868314707,0.528762798222,0.252752752753,0.579945114934,0.437917739848,2,1.32432432432,0.579945114934,2,0.0121701261701,0.00597269624573,7,0.000900900900901,0.621196581197,37,37,37,1,0,0.72972972973,0.243243243243,0.027027027027,37,0.145645645646,1.32432432432,10.4864864865,19.4,5.38888888889,7.39226931636,0.704932898725,0.3294789635,9.30473417557,1.77461424998,0.76901643912,2.86167594063,0.545783555687,0.288659793814,0.579945114934,0.437917739848,2,1.32432432432,0.579945114934,2,0.0112908320113,0.00531161473088,5,0.000643500643501,0.504562987737,37,37,37,1,0,0.72972972973,0.243243243243,0.027027027027,37,195,0.146396396396,1.32432432432,10.5405405405,19.5,5.41666666667,7.43712382651,0.705573286105,0.331115731116,9.31739308035,1.76791561012,0.767844767845,2.82497442121,0.536020787614,0.283853083853,0.579945114934,0.437917739848,2,1.32432432432,0.579945114934,2,0.012596165739,0.0063025210084,6,0.000772200772201,0.506785209959,37,37,37,1,0,0.72972972973,0.243243243243,0.027027027027,-21,-0.0157657657658,0,-1.13513513514,-2.1,-0.583333333333,-0.761975223097,0.00333563602273,0.0210556710557,-1.01194354865,-0.00146149762702,0.0025795025795,-0.261857049496,0.00725798939142,0.0311003311003,0,0,0,0,0,0,0.000426039568897,0.00032982476267,-1,-0.0001287001287,-0.114411371237,0,0,0,195,0,21,1116,0.902777777778,1,0,0.0972222222222,1,0.902777777778,0.948905109489,0.941330856757,0.902777777778,0.902777777778,1,22,0,0,0,0
3736,WLNM_dir_neg,0.988636363636,0,00:00:03,10,90,16,1238804640,threshold_sweep,0.1,0,0,0,0,0,22,44,0,1,0,1,0,0,0,0.666666666667,0.666666666667,0,0,0,216,194,22,0,216,0,194,0,22,37,216,0.162162162162,1.32432432432,11.6756756757,21.6,6,8.1990990496,0.702237650082,0.31006006006,10.329336629,1.76937710775,0.765265265265,3.0868314707,0.528762798222,0.252752752753,0.579945114934,0.437917739848,2,1.32432432432,0.579945114934,2,0.0121701261701,0.00597269624573,7,0.000900900900901,0.621196581197,37,37,37,1,0,0.72972972973,0.243243243243,0.027027027027,37,0.145645645646,1.32432432432,10.4864864865,19.4,5.38888888889,7.45960090391,0.711353694445,0.338813039844,9.24182944072,1.76261695519,0.76901643912,2.82258161387,0.538327421202,0.289495681248,0.579945114934,0.437917739848,2,1.32432432432,0.579945114934,2,0.0123287096834,0.00738916256158,7,0.000900900900901,0.509187763927,37,37,37,1,0,0.72972972973,0.243243243243,0.027027027027,37,194,0.145645645646,1.32432432432,10.4864864865,19.4,5.38888888889,7.45960090391,0.711353694445,0.338813039844,9.24182944072,1.76261695519,0.76901643912,2.82258161387,0.538327421202,0.289495681248,0.579945114934,0.437917739848,2,1.32432432432,0.579945114934,2,0.0123287096834,0.00738916256158,7,0.000900900900901,0.509187763927,37,37,37,1,0,0.72972972973,0.243243243243,0.027027027027,-22,-0.0165165165165,0,-1.18918918919,-2.2,-0.611111111111,-0.739498145692,0.00911604436336,0.0287529797839,-1.08750718828,-0.00676015255591,0.00375117385427,-0.264249856832,0.00956462297991,0.0367429284955,0,0,0,0,0,0,0.000158583513275,0.00141646631584,0,0,-0.11200881727,0,0,0,194,0,22,1116,0.898148148148,1,0,0.101851851852,1,0.898148148148,0.946341463415,0.938501466663,0.898148148148,0.898148148148,0,22,0,0,0,0
3737,WLNM_dir_neg,0.988636363636,0,00:00:03,10,90,16,1238804640,threshold_sweep,0.2,0,0,0,0,0,22,44,0,1,0,1,0,0,0,0.666666666667,0.666666666667,0,0,0,216,194,22,0,216,0,194,0,22,37,216,0.162162162162,1.32432432432,11.6756756757,21.6,6,8.1990990496,0.702237650082,0.31006006006,10.329336629,1.76937710775,0.765265265265,3.0868314707,0.528762798222,0.252752752753,0.579945114934,0.437917739848,2,1.32432432432,0.579945114934,2,0.0121701261701,0.00597269624573,7,0.000900900900901,0.621196581197,37,37,37,1,0,0.72972972973,0.243243243243,0.027027027027,37,0.145645645646,1.32432432432,10.4864864865,19.4,5.38888888889,7.45960090391,0.711353694445,0.338813039844,9.24182944072,1.76261695519,0.76901643912,2.82258161387,0.538327421202,0.289495681248,0.579945114934,0.437917739848,2,1.32432432432,0.579945114934,2,0.0123287096834,0.00738916256158,7,0.000900900900901,0.509187763927,37,37,37,1,0,0.72972972973,0.243243243243,0.027027027027,37,194,0.145645645646,1.32432432432,10.4864864865,19.4,5.38888888889,7.45960090391,0.711353694445,0.338813039844,9.24182944072,1.76261695519,0.76901643912,2.82258161387,0.538327421202,0.289495681248,0.579945114934,0.437917739848,2,1.32432432432,0.579945114934,2,0.0123287096834,0.00738916256158,7,0.000900900900901,0.509187763927,37,37,37,1,0,0.72972972973,0.243243243243,0.027027027027,-22,-0.0165165165165,0,-1.18918918919,-2.2,-0.611111111111,-0.739498145692,0.00911604436336,0.0287529797839,-1.08750718828,-0.00676015255591,0.00375117385427,-0.264249856832,0.00956462297991,0.0367429284955,0,0,0,0,0,0,0.000158583513275,0.00141646631584,0,0,-0.11200881727,0,0,0,194,0,22,1116,0.898148148148,1,0,0.101851851852,1,0.898148148148,0.946341463415,0.938501466663,0.898148148148,0.898148148148,0,22,0,0,0,0
3738,WLNM_dir_neg,0.988636363636,0,00:00:03,10,90,16,1238804640,threshold_sweep,0.3,0,0,0,0,0,22,44,0,1,0,1,0,0,0,0.666666666667,0.666666666667,0,0,0,216,194,22,0,216,0,194,0,22,37,216,0.162162162162,1.32432432432,11.6756756757,21.6,6,8.1990990496,0.702237650082,0.31006006006,10.329336629,1.76937710775,0.765265265265,3.0868314707,0.528762798222,0.252752752753,0.579945114934,0.437917739848,2,1.32432432432,0.579945114934,2,0.0121701261701,0.00597269624573,7,0.000900900900901,0.621196581197,37,37,37,1,0,0.72972972973,0.243243243243,0.027027027027,37,0.145645645646,1.32432432432,10.4864864865,19.4,5.38888888889,7.45960090391,0.711353694445,0.338813039844,9.24182944072,1.76261695519,0.76901643912,2.82258161387,0.538327421202,0.289495681248,0.579945114934,0.437917739848,2,1.32432432432,0.579945114934,2,0.0123287096834,0.00738916256158,7,0.000900900900901,0.509187763927,37,37,37,1,0,0.72972972973,0.243243243243,0.027027027027,37,194,0.145645645646,1.32432432432,10.4864864865,19.4,5.38888888889,7.45960090391,0.711353694445,0.338813039844,9.24182944072,1.76261695519,0.76901643912,2.82258161387,0.538327421202,0.289495681248,0.579945114934,0.437917739848,2,1.32432432432,0.579945114934,2,0.0123287096834,0.00738916256158,7,0.000900900900901,0.509187763927,37,37,37,1,0,0.72972972973,0.243243243243,0.027027027027,-22,-0.0165165165165,0,-1.18918918919,-2.2,-0.611111111111,-0.739498145692,0.00911604436336,0.0287529797839,-1.08750718828,-0.00676015255591,0.00375117385427,-0.264249856832,0.00956462297991,0.0367429284955,0,0,0,0,0,0,0.000158583513275,0.00141646631584,0,0,-0.11200881727,0,0,0,194,0,22,1116,0.898148148148,1,0,0.101851851852,1,0.898148148148,0.946341463415,0.938501466663,0.898148148148,0.898148148148,0,22,0,0,0,0
3739,WLNM_dir_neg,0.988636363636,0,00:00:03,10,90,16,1238804640,threshold_sweep,0.4,0,0,0,0,0,22,44,0,1,0,1,0,0,0,0.666666666667,0.666666666667,0,0,0,216,194,22,0,216,0,194,0,22,37,216,0.162162162162,1.32432432432,11.6756756757,21.6,6,8.1990990496,0.702237650082,0.31006006006,10.329336629,1.76937710775,0.765265265265,3.0868314707,0.528762798222,0.252752752753,0.579945114934,0.437917739848,2,1.32432432432,0.579945114934,2,0.0121701261701,0.00597269624573,7,0.000900900900901,0.621196581197,37,37,37,1,0,0.72972972973,0.243243243243,0.027027027027,37,0.145645645646,1.32432432432,10.4864864865,19.4,5.38888888889,7.45960090391,0.711353694445,0.338813039844,9.24182944072,1.76261695519,0.76901643912,2.82258161387,0.538327421202,0.289495681248,0.579945114934,0.437917739848,2,1.32432432432,0.579945114934,2,0.0123287096834,0.00738916256158,7,0.000900900900901,0.509187763927,37,37,37,1,0,0.72972972973,0.243243243243,0.027027027027,37,194,0.145645645646,1.32432432432,10.4864864865,19.4,5.38888888889,7.45960090391,0.711353694445,0.338813039844,9.24182944072,1.76261695519,0.76901643912,2.82258161387,0.538327421202,0.289495681248,0.579945114934,0.437917739848,2,1.32432432432,0.579945114934,2,0.0123287096834,0.00738916256158,7,0.000900900900901,0.509187763927,37,37,37,1,0,0.72972972973,0.243243243243,0.027027027027,-22,-0.0165165165165,0,-1.18918918919,-2.2,-0.611111111111,-0.739498145692,0.00911604436336,0.0287529797839,-1.08750718828,-0.00676015255591,0.00375117385427,-0.264249856832,0.00956462297991,0.0367429284955,0,0,0,0,0,0,0.000158583513275,0.00141646631584,0,0,-0.11200881727,0,0,0,194,0,22,1116,0.898148148148,1,0,0.101851851852,1,0.898148148148,0.946341463415,0.938501466663,0.898148148148,0.898148148148,0,22,0,0,0,0
3740,WLNM_dir_neg,0.988636363636,0,00:00:03,10,90,16,1238804640,threshold_sweep,0.5,0,0,0,0,0,22,44,0,1,0,1,0,0,0,0.666666666667,0.666666666667,0,0,0,216,194,22,0,216,0,194,0,22,37,216,0.162162162162,1.32432432432,11.6756756757,21.6,6,8.1990990496,0.702237650082,0.31006006006,10.329336629,1.76937710775,0.765265265265,3.0868314707,0.528762798222,0.252752752753,0.579945114934,0.437917739848,2,1.32432432432,0.579945114934,2,0.0121701261701,0.00597269624573,7,0.000900900900901,0.621196581197,37,37,37,1,0,0.72972972973,0.243243243243,0.027027027027,37,0.145645645646,1.32432432432,10.4864864865,19.4,5.38888888889,7.45960090391,0.711353694445,0.338813039844,9.24182944072,1.76261695519,0.76901643912,2.82258161387,0.538327421202,0.289495681248,0.579945114934,0.437917739848,2,1.32432432432,0.579945114934,2,0.0123287096834,0.00738916256158,7,0.000900900900901,0.509187763927,37,37,37,1,0,0.72972972973,0.243243243243,0.027027027027,37,194,0.145645645646,1.32432432432,10.4864864865,19.4,5.38888888889,7.45960090391,0.711353694445,0.338813039844,9.24182944072,1.76261695519,0.76901643912,2.82258161387,0.538327421202,0.289495681248,0.579945114934,0.437917739848,2,1.32432432432,0.579945114934,2,0.0123287096834,0.00738916256158,7,0.000900900900901,0.509187763927,37,37,37,1,0,0.72972972973,0.243243243243,0.027027027027,-22,-0.0165165165165,0,-1.18918918919,-2.2,-0.611111111111,-0.739498145692,0.00911604436336,0.0287529797839,-1.08750718828,-0.00676015255591,0.00375117385427,-0.264249856832,0.00956462297991,0.0367429284955,0,0,0,0,0,0,0.000158583513275,0.00141646631584,0,0,-0.11200881727,0,0,0,194,0,22,1116,0.898148148148,1,0,0.101851851852,1,0.898148148148,0.946341463415,0.938501466663,0.898148148148,0.898148148148,0,22,0,0,0,0
3741,WLNM_dir_neg,0.988636363636,0,00:00:03,10,90,16,1238804640,threshold_sweep,0.6,0,0,0,0,0,22,44,0,1,0,1,0,0,0,0.666666666667,0.666666666667,0,0,0,216,194,22,0,216,0,194,0,22,37,216,0.162162162162,1.32432432432,11.6756756757,21.6,6,8.1990990496,0.702237650082,0.31006006006,10.329336629,1.76937710775,0.765265265265,3.0868314707,0.528762798222,0.252752752753,0.579945114934,0.437917739848,2,1.32432432432,0.579945114934,2,0.0121701261701,0.00597269624573,7,0.000900900900901,0.621196581197,37,37,37,1,0,0.72972972973,0.243243243243,0.027027027027,37,0.145645645646,1.32432432432,10.4864864865,19.4,5.38888888889,7.45960090391,0.711353694445,0.338813039844,9.24182944072,1.76261695519,0.76901643912,2.82258161387,0.538327421202,0.289495681248,0.579945114934,0.437917739848,2,1.32432432432,0.579945114934,2,0.0123287096834,0.00738916256158,7,0.000900900900901,0.509187763927,37,37,37,1,0,0.72972972973,0.243243243243,0.027027027027,37,194,0.145645645646,1.32432432432,10.4864864865,19.4,5.38888888889,7.45960090391,0.711353694445,0.338813039844,9.24182944072,1.76261695519,0.76901643912,2.82258161387,0.538327421202,0.289495681248,0.579945114934,0.437917739848,2,1.32432432432,0.579945114934,2,0.0123287096834,0.00738916256158,7,0.000900900900901,0.509187763927,37,37,37,1,0,0.72972972973,0.243243243243,0.027027027027,-22,-0.0165165165165,0,-1.18918918919,-2.2,-0.611111111111,-0.739498145692,0.00911604436336,0.0287529797839,-1.08750718828,-0.00676015255591,0.00375117385427,-0.264249856832,0.00956462297991,0.0367429284955,0,0,0,0,0,0,0.000158583513275,0.00141646631584,0,0,-0.11200881727,0,0,0,194,0,22,1116,0.898148148148,1,0,0.101851851852,1,0.898148148148,0.946341463415,0.938501466663,0.898148148148,0.898148148148,0,22,0,0,0,0
3742,WLNM_dir_neg,0.988636363636,0,00:00:03,10,90,16,1238804640,threshold_sweep,0.7,0,0,0,0,0,22,44,0,1,0,1,0,0,0,0.666666666667,0.666666666667,0,0,0,216,194,22,0,216,0,194,0,22,37,216,0.162162162162,1.32432432432,11.6756756757,21.6,6,8.1990990496,0.702237650082,0.31006006006,10.329336629,1.76937710775,0.765265265265,3.0868314707,0.528762798222,0.252752752753,0.579945114934,0.437917739848,2,1.32432432432,0.579945114934,2,0.0121701261701,0.00597269624573,7,0.000900900900901,0.621196581197,37,37,37,1,0,0.72972972973,0.243243243243,0.027027027027,37,0.145645645646,1.32432432432,10.4864864865,19.4,5.38888888889,7.45960090391,0.711353694445,0.338813039844,9.24182944072,1.76261695519,0.76901643912,2.82258161387,0.538327421202,0.289495681248,0.579945114934,0.437917739848,2,1.32432432432,0.579945114934,2,0.0123287096834,0.00738916256158,7,0.000900900900901,0.509187763927,37,37,37,1,0,0.72972972973,0.243243243243,0.027027027027,37,194,0.145645645646,1.32432432432,10.4864864865,19.4,5.38888888889,7.45960090391,0.711353694445,0.338813039844,9.24182944072,1.76261695519,0.76901643912,2.82258161387,0.538327421202,0.289495681248,0.579945114934,0.437917739848,2,1.32432432432,0.579945114934,2,0.0123287096834,0.00738916256158,7,0.000900900900901,0.509187763927,37,37,37,1,0,0.72972972973,0.243243243243,0.027027027027,-22,-0.0165165165165,0,-1.18918918919,-2.2,-0.611111111111,-0.739498145692,0.00911604436336,0.0287529797839,-1.08750718828,-0.00676015255591,0.00375117385427,-0.264249856832,0.00956462297991,0.0367429284955,0,0,0,0,0,0,0.000158583513275,0.00141646631584,0,0,-0.11200881727,0,0,0,194,0,22,1116,0.898148148148,1,0,0.101851851852,1,0.898148148148,0.946341463415,0.938501466663,0.898148148148,0.898148148148,0,22,0,0,0,0
3743,WLNM_dir_neg,0.988636363636,0,00:00:03,10,90,16,1238804640,threshold_sweep,0.8,0,0,0,0,0,22,44,0,1,0,1,0,0,0,0.666666666667,0.666666666667,0,0,0,216,194,22,0,216,0,194,0,22,37,216,0.162162162162,1.32432432432,11.6756756757,21.6,6,8.1990990496,0.702237650082,0.31006006006,10.329336629,1.76937710775,0.765265265265,3.0868314707,0.528762798222,0.252752752753,0.579945114934,0.437917739848,2,1.32432432432,0.579945114934,2,0.0121701261701,0.00597269624573,7,0.000900900900901,0.621196581197,37,37,37,1,0,0.72972972973,0.243243243243,0.027027027027,37,0.145645645646,1.32432432432,10.4864864865,19.4,5.38888888889,7.45960090391,0.711353694445,0.338813039844,9.24182944072,1.76261695519,0.76901643912,2.82258161387,0.538327421202,0.289495681248,0.579945114934,0.437917739848,2,1.32432432432,0.579945114934,2,0.0123287096834,0.00738916256158,7,0.000900900900901,0.509187763927,37,37,37,1,0,0.72972972973,0.243243243243,0.027027027027,37,194,0.145645645646,1.32432432432,10.4864864865,19.4,5.38888888889,7.45960090391,0.711353694445,0.338813039844,9.24182944072,1.76261695519,0.76901643912,2.82258161387,0.538327421202,0.289495681248,0.579945114934,0.437917739848,2,1.32432432432,0.579945114934,2,0.0123287096834,0.00738916256158,7,0.000900900900901,0.509187763927,37,37,37,1,0,0.72972972973,0.243243243243,0.027027027027,-22,-0.0165165165165,0,-1.18918918919,-2.2,-0.611111111111,-0.739498145692,0.00911604436336,0.0287529797839,-1.08750718828,-0.00676015255591,0.00375117385427,-0.264249856832,0.00956462297991,0.0367429284955,0,0,0,0,0,0,0.000158583513275,0.00141646631584,0,0,-0.11200881727,0,0,0,194,0,22,1116,0.898148148148,1,0,0.101851851852,1,0.898148148148,0.946341463415,0.938501466663,0.898148148148,0.898148148148,0,22,0,0,0,0
3744,WLNM_dir_neg,0.988636363636,0,00:00:03,10,90,16,1238804640,threshold_sweep,0.9,0,0,0,0,0,22,44,0,1,0,1,0,0,0,0.666666666667,0.666666666667,0,0,0,216,194,22,0,216,0,194,0,22,37,216,0.162162162162,1.32432432432,11.6756756757,21.6,6,8.1990990496,0.702237650082,0.31006006006,10.329336629,1.76937710775,0.765265265265,3.0868314707,0.528762798222,0.252752752753,0.579945114934,0.437917739848,2,1.32432432432,0.579945114934,2,0.0121701261701,0.00597269624573,7,0.000900900900901,0.621196581197,37,37,37,1,0,0.72972972973,0.243243243243,0.027027027027,37,0.145645645646,1.32432432432,10.4864864865,19.4,5.38888888889,7.45960090391,0.711353694445,0.338813039844,9.24182944072,1.76261695519,0.76901643912,2.82258161387,0.538327421202,0.289495681248,0.579945114934,0.437917739848,2,1.32432432432,0.579945114934,2,0.0123287096834,0.00738916256158,7,0.000900900900901,0.509187763927,37,37,37,1,0,0.72972972973,0.243243243243,0.027027027027,37,194,0.145645645646,1.32432432432,10.4864864865,19.4,5.38888888889,7.45960090391,0.711353694445,0.338813039844,9.24182944072,1.76261695519,0.76901643912,2.82258161387,0.538327421202,0.289495681248,0.579945114934,0.437917739848,2,1.32432432432,0.579945114934,2,0.0123287096834,0.00738916256158,7,0.000900900900901,0.509187763927,37,37,37,1,0,0.72972972973,0.243243243243,0.027027027027,-22,-0.0165165165165,0,-1.18918918919,-2.2,-0.611111111111,-0.739498145692,0.00911604436336,0.0287529797839,-1.08750718828,-0.00676015255591,0.00375117385427,-0.264249856832,0.00956462297991,0.0367429284955,0,0,0,0,0,0,0.000158583513275,0.00141646631584,0,0,-0.11200881727,0,0,0,194,0,22,1116,0.898148148148,1,0,0.101851851852,1,0.898148148148,0.946341463415,0.938501466663,0.898148148148,0.898148148148,0,22,0,0,0,0
3745,WLNM_dir_neg,0.989669421488,0.889328063241,00:00:03,10,90,17,1238804641,threshold_sweep,0.1,1,0.0909090909091,0.166666666667,2,0,20,44,0.0909090909091,1,0,0.909090909091,1,0.0909090909091,0.166666666667,0.69696969697,0.656565656566,0.117647058824,0.25,0.0909090909091,216,194,22,0,216,0,194,0,22,37,216,0.162162162162,1.32432432432,11.6756756757,21.6,6,8.1990990496,0.702237650082,0.31006006006,10.329336629,1.76937710775,0.765265265265,3.0868314707,0.528762798222,0.252752752753,0.579945114934,0.437917739848,2,1.32432432432,0.579945114934,2,0.0121701261701,0.00597269624573,7,0.000900900900901,0.621196581197,37,37,37,1,0,0.72972972973,0.243243243243,0.027027027027,37,0.145645645646,1.3277027027,10.4864864865,19.4,5.70588235294,7.51524976158,0.716660415409,0.333240456952,9.32560812853,1.77859536472,0.771802730566,2.88102417558,0.549473682972,0.288659793814,0.590250176002,0.444565018057,2.125,1.33680555556,0.595983164645,2.125,0.015011514801,0.00735036751838,7,0.000900900900901,0.512977455717,37,36,36,0.972972972973,0,0.702702702703,0.216216216216,0.0540540540541,37,196,0.147147147147,1.32432432432,10.5945945946,19.6,5.44444444444,7.5146503558,0.709290977461,0.331908439051,9.34780088477,1.76463588131,0.7694429123,2.78752045199,0.526215595529,0.276613348042,0.579945114934,0.437917739848,2,1.32432432432,0.579945114934,2,0.0123131021026,0.00724887814981,7,0.000900900900901,0.509088566828,37,37,37,1,0,0.72972972973,0.243243243243,0.027027027027,-20,-0.015015015015,0,-1.08108108108,-2,-0.555555555556,-0.684448693802,0.00705332737913,0.0218483789912,-0.981535744226,-0.00474122643595,0.00417764703479,-0.299311018713,-0.00254720269346,0.0238605952892,0,0,0,0,0,0,0.00014297593245,0.00127618190408,0,0,-0.112108014369,0,0,0,196,0,20,1116,0.907407407407,1,0,0.0925925925926,1,0.907407407407,0.95145631068,0.944156726864,0.907407407407,0.907407407407,2,22,0,0,0,0
3746,WLNM_dir_neg,0.989669421488,0.889328063241,00:00:03,10,90,17,1238804641,threshold_sweep,0.2,1,0.0909090909091,0.166666666667,2,0,20,44,0.0909090909091,1,0,0.909090909091,1,0.0909090909091,0.166666666667,0.69696969697,0.656565656566,0.117647058824,0.25,0.0909090909091,216,194,22,0,216,0,194,0,22,37,216,0.162162162162,1.32432432432,11.6756756757,21.6,6,8.1990990496,0.702237650082,0.31006006006,10.329336629,1.76937710775,0.765265265265,3.0868314707,0.528762798222,0.252752752753,0.579945114934,0.437917739848,2,1.32432432432,0.579945114934,2,0.0121701261701,0.00597269624573,7,0.000900900900901,0.621196581197,37,37,37,1,0,0.72972972973,0.243243243243,0.027027027027,37,0.145645645646,1.3277027027,10.4864864865,19.4,5.70588235294,7.51524976158,0.716660415409,0.333240456952,9.32560812853,1.77859536472,0.771802730566,2.88102417558,0.549473682972,0.288659793814,0.590250176002,0.444565018057,2.125,1.33680555556,0.595983164645,2.125,0.015011514801,0.00735036751838,7,0.000900900900901,0.512977455717,37,36,36,0.972972972973,0,0.702702702703,0.216216216216,0.0540540540541,37,196,0.147147147147,1.32432432432,10.5945945946,19.6,5.44444444444,7.5146503558,0.709290977461,0.331908439051,9.34780088477,1.76463588131,0.7694429123,2.78752045199,0.526215595529,0.276613348042,0.579945114934,0.437917739848,2,1.32432432432,0.579945114934,2,0.0123131021026,0.00724887814981,7,0.000900900900901,0.509088566828,37,37,37,1,0,0.72972972973,0.243243243243,0.027027027027,-20,-0.015015015015,0,-1.08108108108,-2,-0.555555555556,-0.684448693802,0.00705332737913,0.0218483789912,-0.981535744226,-0.00474122643595,0.00417764703479,-0.299311018713,-0.00254720269346,0.0238605952892,0,0,0,0,0,0,0.00014297593245,0.00127618190408,0,0,-0.112108014369,0,0,0,196,0,20,1116,0.907407407407,1,0,0.0925925925926,1,0.907407407407,0.95145631068,0.944156726864,0.907407407407,0.907407407407,2,22,0,0,0,0
3747,WLNM_dir_neg,0.989669421488,0.889328063241,00:00:03,10,90,17,1238804641,threshold_sweep,0.3,0,0,0,0,0,22,44,0,1,0,1,0,0,0,0.666666666667,0.666666666667,0,0,0,216,194,22,0,216,0,194,0,22,37,216,0.162162162162,1.32432432432,11.6756756757,21.6,6,8.1990990496,0.702237650082,0.31006006006,10.329336629,1.76937710775,0.765265265265,3.0868314707,0.528762798222,0.252752752753,0.579945114934,0.437917739848,2,1.32432432432,0.579945114934,2,0.0121701261701,0.00597269624573,7,0.000900900900901,0.621196581197,37,37,37,1,0,0.72972972973,0.243243243243,0.027027027027,37,0.145645645646,1.3277027027,10.4864864865,19.4,5.70588235294,7.51524976158,0.716660415409,0.333240456952,9.32560812853,1.77859536472,0.771802730566,2.88102417558,0.549473682972,0.288659793814,0.590250176002,0.444565018057,2.125,1.33680555556,0.595983164645,2.125,0.015011514801,0.00735036751838,7,0.000900900900901,0.512977455717,37,36,36,0.972972972973,0,0.702702702703,0.216216216216,0.0540540540541,37,194,0.145645645646,1.3277027027,10.4864864865,19.4,5.70588235294,7.51524976158,0.716660415409,0.333240456952,9.32560812853,1.77859536472,0.771802730566,2.88102417558,0.549473682972,0.288659793814,0.590250176002,0.444565018057,2.125,1.33680555556,0.595983164645,2.125,0.015011514801,0.00735036751838,7,0.000900900900901,0.512977455717,37,36,36,0.972972972973,0,0.702702702703,0.216216216216,0.0540540540541,-22,-0.0165165165165,0.00337837837838,-1.18918918919,-2.2,-0.294117647059,-0.683849288021,0.0144227653269,0.0231803968917,-1.00372850047,0.00921825697495,0.00653746530035,-0.20580729512,0.0207108847498,0.0359070410617,0.0103050610674,0.00664727820894,0.125,0.0124812312312,0.0160380497101,0.125,0.00284138863086,0.00137767127264,0,0,-0.10821912548,-0.027027027027,-0.027027027027,0.027027027027,194,0,22,1116,0.898148148148,1,0,0.101851851852,1,0.898148148148,0.946341463415,0.938501466663,0.898148148148,0.898148148148,0,22,0,0,0,0
3748,WLNM_dir_neg,0.989669421488,0.889328063241,00:00:03,10,90,17,1238804641,threshold_sweep,0.4,0,0,0,0,0,22,44,0,1,0,1,0,0,0,0.666666666667,0.666666666667,0,0,0,216,194,22,0,216,0,194,0,22,37,216,0.162162162162,1.32432432432,11.6756756757,21.6,6,8.1990990496,0.702237650082,0.31006006006,10.329336629,1.76937710775,0.765265265265,3.0868314707,0.528762798222,0.252752752753,0.579945114934,0.437917739848,2,1.32432432432,0.579945114934,2,0.0121701261701,0.00597269624573,7,0.000900900900901,0.621196581197,37,37,37,1,0,0.72972972973,0.243243243243,0.027027027027,37,0.145645645646,1.3277027027,10.4864864865,19.4,5.70588235294,7.51524976158,0.716660415409,0.333240456952,9.32560812853,1.77859536472,0.771802730566,2.88102417558,0.549473682972,0.288659793814,0.590250176002,0.444565018057,2.125,1.33680555556,0.595983164645,2.125,0.015011514801,0.00735036751838,7,0.000900900900901,0.512977455717,37,36,36,0.972972972973,0,0.702702702703,0.216216216216,0.0540540540541,37,194,0.145645645646,1.3277027027,10.4864864865,19.4,5.70588235294,7.51524976158,0.716660415409,0.333240456952,9.32560812853,1.77859536472,0.771802730566,2.88102417558,0.549473682972,0.288659793814,0.590250176002,0.444565018057,2.125,1.33680555556,0.595983164645,2.125,0.015011514801,0.00735036751838,7,0.000900900900901,0.512977455717,37,36,36,0.972972972973,0,0.702702702703,0.216216216216,0.0540540540541,-22,-0.0165165165165,0.00337837837838,-1.18918918919,-2.2,-0.294117647059,-0.683849288021,0.0144227653269,0.0231803968917,-1.00372850047,0.00921825697495,0.00653746530035,-0.20580729512,0.0207108847498,0.0359070410617,0.0103050610674,0.00664727820894,0.125,0.0124812312312,0.0160380497101,0.125,0.00284138863086,0.00137767127264,0,0,-0.10821912548,-0.027027027027,-0.027027027027,0.027027027027,194,0,22,1116,0.898148148148,1,0,0.101851851852,1,0.898148148148,0.946341463415,0.938501466663,0.898148148148,0.898148148148,0,22,0,0,0,0
3749,WLNM_dir_neg,0.989669421488,0.889328063241,00:00:03,10,90,17,1238804641,threshold_sweep,0.5,0,0,0,0,0,22,44,0,1,0,1,0,0,0,0.666666666667,0.666666666667,0,0,0,216,194,22,0,216,0,194,0,22,37,216,0.162162162162,1.32432432432,11.6756756757,21.6,6,8.1990990496,0.702237650082,0.31006006006,10.329336629,1.76937710775,0.765265265265,3.0868314707,0.528762798222,0.252752752753,0.579945114934,0.437917739848,2,1.32432432432,0.579945114934,2,0.0121701261701,0.00597269624573,7,0.000900900900901,0.621196581197,37,37,37,1,0,0.72972972973,0.243243243243,0.027027027027,37,0.145645645646,1.3277027027,10.4864864865,19.4,5.70588235294,7.51524976158,0.716660415409,0.333240456952,9.32560812853,1.77859536472,0.771802730566,2.88102417558,0.549473682972,0.288659793814,0.590250176002,0.444565018057,2.125,1.33680555556,0.595983164645,2.125,0.015011514801,0.00735036751838,7,0.000900900900901,0.512977455717,37,36,36,0.972972972973,0,0.702702702703,0.216216216216,0.0540540540541,37,194,0.145645645646,1.3277027027,10.4864864865,19.4,5.70588235294,7.51524976158,0.716660415409,0.333240456952,9.32560812853,1.77859536472,0.771802730566,2.88102417558,0.549473682972,0.288659793814,0.590250176002,0.444565018057,2.125,1.33680555556,0.595983164645,2.125,0.015011514801,0.00735036751838,7,0.000900900900901,0.512977455717,37,36,36,0.972972972973,0,0.702702702703,0.216216216216,0.0540540540541,-22,-0.0165165165165,0.00337837837838,-1.18918918919,-2.2,-0.294117647059,-0.683849288021,0.0144227653269,0.0231803968917,-1.00372850047,0.00921825697495,0.00653746530035,-0.20580729512,0.0207108847498,0.0359070410617,0.0103050610674,0.00664727820894,0.125,0.0124812312312,0.0160380497101,0.125,0.00284138863086,0.00137767127264,0,0,-0.10821912548,-0.027027027027,-0.027027027027,0.027027027027,194,0,22,1116,0.898148148148,1,0,0.101851851852,1,0.898148148148,0.946341463415,0.938501466663,0.898148148148,0.898148148148,0,22,0,0,0,0
3750,WLNM_dir_neg,0.989669421488,0.889328063241,00:00:03,10,90,17,1238804641,threshold_sweep,0.6,0,0,0,0,0,22,44,0,1,0,1,0,0,0,0.666666666667,0.666666666667,0,0,0,216,194,22,0,216,0,194,0,22,37,216,0.162162162162,1.32432432432,11.6756756757,21.6,6,8.1990990496,0.702237650082,0.31006006006,10.329336629,1.76937710775,0.765265265265,3.0868314707,0.528762798222,0.252752752753,0.579945114934,0.437917739848,2,1.32432432432,0.579945114934,2,0.0121701261701,0.00597269624573,7,0.000900900900901,0.621196581197,37,37,37,1,0,0.72972972973,0.243243243243,0.027027027027,37,0.145645645646,1.3277027027,10.4864864865,19.4,5.70588235294,7.51524976158,0.716660415409,0.333240456952,9.32560812853,1.77859536472,0.771802730566,2.88102417558,0.549473682972,0.288659793814,0.590250176002,0.444565018057,2.125,1.33680555556,0.595983164645,2.125,0.015011514801,0.00735036751838,7,0.000900900900901,0.512977455717,37,36,36,0.972972972973,0,0.702702702703,0.216216216216,0.0540540540541,37,194,0.145645645646,1.3277027027,10.4864864865,19.4,5.70588235294,7.51524976158,0.716660415409,0.333240456952,9.32560812853,1.77859536472,0.771802730566,2.88102417558,0.549473682972,0.288659793814,0.590250176002,0.444565018057,2.125,1.33680555556,0.595983164645,2.125,0.015011514801,0.00735036751838,7,0.000900900900901,0.512977455717,37,36,36,0.972972972973,0,0.702702702703,0.216216216216,0.0540540540541,-22,-0.0165165165165,0.00337837837838,-1.18918918919,-2.2,-0.294117647059,-0.683849288021,0.0144227653269,0.0231803968917,-1.00372850047,0.00921825697495,0.00653746530035,-0.20580729512,0.0207108847498,0.0359070410617,0.0103050610674,0.00664727820894,0.125,0.0124812312312,0.0160380497101,0.125,0.00284138863086,0.00137767127264,0,0,-0.10821912548,-0.027027027027,-0.027027027027,0.027027027027,194,0,22,1116,0.898148148148,1,0,0.101851851852,1,0.898148148148,0.946341463415,0.938501466663,0.898148148148,0.898148148148,0,22,0,0,0,0
3751,WLNM_dir_neg,0.989669421488,0.889328063241,00:00:03,10,90,17,1238804641,threshold_sweep,0.7,0,0,0,0,0,22,44,0,1,0,1,0,0,0,0.666666666667,0.666666666667,0,0,0,216,194,22,0,216,0,194,0,22,37,216,0.162162162162,1.32432432432,11.6756756757,21.6,6,8.1990990496,0.702237650082,0.31006006006,10.329336629,1.76937710775,0.765265265265,3.0868314707,0.528762798222,0.252752752753,0.579945114934,0.437917739848,2,1.32432432432,0.579945114934,2,0.0121701261701,0.00597269624573,7,0.000900900900901,0.621196581197,37,37,37,1,0,0.72972972973,0.243243243243,0.027027027027,37,0.145645645646,1.3277027027,10.4864864865,19.4,5.70588235294,7.51524976158,0.716660415409,0.333240456952,9.32560812853,1.77859536472,0.771802730566,2.88102417558,0.549473682972,0.288659793814,0.590250176002,0.444565018057,2.125,1.33680555556,0.595983164645,2.125,0.015011514801,0.00735036751838,7,0.000900900900901,0.512977455717,37,36,36,0.972972972973,0,0.702702702703,0.216216216216,0.0540540540541,37,194,0.145645645646,1.3277027027,10.4864864865,19.4,5.70588235294,7.51524976158,0.716660415409,0.333240456952,9.32560812853,1.77859536472,0.771802730566,2.88102417558,0.549473682972,0.288659793814,0.590250176002,0.444565018057,2.125,1.33680555556,0.595983164645,2.125,0.015011514801,0.00735036751838,7,0.000900900900901,0.512977455717,37,36,36,0.972972972973,0,0.702702702703,0.216216216216,0.0540540540541,-22,-0.0165165165165,0.00337837837838,-1.18918918919,-2.2,-0.294117647059,-0.683849288021,0.0144227653269,0.0231803968917,-1.00372850047,0.00921825697495,0.00653746530035,-0.20580729512,0.0207108847498,0.0359070410617,0.0103050610674,0.00664727820894,0.125,0.0124812312312,0.0160380497101,0.125,0.00284138863086,0.00137767127264,0,0,-0.10821912548,-0.027027027027,-0.027027027027,0.027027027027,194,0,22,1116,0.898148148148,1,0,0.101851851852,1,0.898148148148,0.946341463415,0.938501466663,0.898148148148,0.898148148148,0,22,0,0,0,0
3752,WLNM_dir_neg,0.989669421488,0.889328063241,00:00:03,10,90,17,1238804641,threshold_sweep,0.8,0,0,0,0,0,22,44,0,1,0,1,0,0,0,0.666666666667,0.666666666667,0,0,0,216,194,22,0,216,0,194,0,22,37,216,0.162162162162,1.32432432432,11.6756756757,21.6,6,8.1990990496,0.702237650082,0.31006006006,10.329336629,1.76937710775,0.765265265265,3.0868314707,0.528762798222,0.252752752753,0.579945114934,0.437917739848,2,1.32432432432,0.579945114934,2,0.0121701261701,0.00597269624573,7,0.000900900900901,0.621196581197,37,37,37,1,0,0.72972972973,0.243243243243,0.027027027027,37,0.145645645646,1.3277027027,10.4864864865,19.4,5.70588235294,7.51524976158,0.716660415409,0.333240456952,9.32560812853,1.77859536472,0.771802730566,2.88102417558,0.549473682972,0.288659793814,0.590250176002,0.444565018057,2.125,1.33680555556,0.595983164645,2.125,0.015011514801,0.00735036751838,7,0.000900900900901,0.512977455717,37,36,36,0.972972972973,0,0.702702702703,0.216216216216,0.0540540540541,37,194,0.145645645646,1.3277027027,10.4864864865,19.4,5.70588235294,7.51524976158,0.716660415409,0.333240456952,9.32560812853,1.77859536472,0.771802730566,2.88102417558,0.549473682972,0.288659793814,0.590250176002,0.444565018057,2.125,1.33680555556,0.595983164645,2.125,0.015011514801,0.00735036751838,7,0.000900900900901,0.512977455717,37,36,36,0.972972972973,0,0.702702702703,0.216216216216,0.0540540540541,-22,-0.0165165165165,0.00337837837838,-1.18918918919,-2.2,-0.294117647059,-0.683849288021,0.0144227653269,0.0231803968917,-1.00372850047,0.00921825697495,0.00653746530035,-0.20580729512,0.0207108847498,0.0359070410617,0.0103050610674,0.00664727820894,0.125,0.0124812312312,0.0160380497101,0.125,0.00284138863086,0.00137767127264,0,0,-0.10821912548,-0.027027027027,-0.027027027027,0.027027027027,194,0,22,1116,0.898148148148,1,0,0.101851851852,1,0.898148148148,0.946341463415,0.938501466663,0.898148148148,0.898148148148,0,22,0,0,0,0
3753,WLNM_dir_neg,0.989669421488,0.889328063241,00:00:03,10,90,17,1238804641,threshold_sweep,0.9,0,0,0,0,0,22,44,0,1,0,1,0,0,0,0.666666666667,0.666666666667,0,0,0,216,194,22,0,216,0,194,0,22,37,216,0.162162162162,1.32432432432,11.6756756757,21.6,6,8.1990990496,0.702237650082,0.31006006006,10.329336629,1.76937710775,0.765265265265,3.0868314707,0.528762798222,0.252752752753,0.579945114934,0.437917739848,2,1.32432432432,0.579945114934,2,0.0121701261701,0.00597269624573,7,0.000900900900901,0.621196581197,37,37,37,1,0,0.72972972973,0.243243243243,0.027027027027,37,0.145645645646,1.3277027027,10.4864864865,19.4,5.70588235294,7.51524976158,0.716660415409,0.333240456952,9.32560812853,1.77859536472,0.771802730566,2.88102417558,0.549473682972,0.288659793814,0.590250176002,0.444565018057,2.125,1.33680555556,0.595983164645,2.125,0.015011514801,0.00735036751838,7,0.000900900900901,0.512977455717,37,36,36,0.972972972973,0,0.702702702703,0.216216216216,0.0540540540541,37,194,0.145645645646,1.3277027027,10.4864864865,19.4,5.70588235294,7.51524976158,0.716660415409,0.333240456952,9.32560812853,1.77859536472,0.771802730566,2.88102417558,0.549473682972,0.288659793814,0.590250176002,0.444565018057,2.125,1.33680555556,0.595983164645,2.125,0.015011514801,0.00735036751838,7,0.000900900900901,0.512977455717,37,36,36,0.972972972973,0,0.702702702703,0.216216216216,0.0540540540541,-22,-0.0165165165165,0.00337837837838,-1.18918918919,-2.2,-0.294117647059,-0.683849288021,0.0144227653269,0.0231803968917,-1.00372850047,0.00921825697495,0.00653746530035,-0.20580729512,0.0207108847498,0.0359070410617,0.0103050610674,0.00664727820894,0.125,0.0124812312312,0.0160380497101,0.125,0.00284138863086,0.00137767127264,0,0,-0.10821912548,-0.027027027027,-0.027027027027,0.027027027027,194,0,22,1116,0.898148148148,1,0,0.101851851852,1,0.898148148148,0.946341463415,0.938501466663,0.898148148148,0.898148148148,0,22,0,0,0,0
3754,WLNM_dir_neg,1,0.954545454545,00:00:03,10,90,18,1238804642,threshold_sweep,0.1,1,0.0454545454545,0.0869565217391,1,0,21,44,0.0454545454545,1,0,0.954545454545,1,0.0454545454545,0.0869565217391,0.681818181818,0.661616161616,0.0597014925373,0.175411603861,0.0454545454545,216,194,22,0,216,0,194,0,22,37,216,0.162162162162,1.32432432432,11.6756756757,21.6,6,8.1990990496,0.702237650082,0.31006006006,10.329336629,1.76937710775,0.765265265265,3.0868314707,0.528762798222,0.252752752753,0.579945114934,0.437917739848,2,1.32432432432,0.579945114934,2,0.0121701261701,0.00597269624573,7,0.000900900900901,0.621196581197,37,37,37,1,0,0.72972972973,0.243243243243,0.027027027027,37,0.145645645646,1.32432432432,10.4864864865,19.4,5.38888888889,7.39226931636,0.704932898725,0.327528559487,9.31666787539,1.77689026489,0.770409584843,2.84219599572,0.542068308462,0.284201727501,0.579945114934,0.437917739848,2,1.32432432432,0.579945114934,2,0.0113073951583,0.00531161473088,5,0.000643500643501,0.500937321937,37,37,37,1,0,0.72972972973,0.243243243243,0.027027027027,37,195,0.146396396396,1.32432432432,10.5405405405,19.5,5.41666666667,7.43338787198,0.705218849393,0.32875952876,9.32931058739,1.77017688068,0.769230769231,2.8052396278,0.532276237069,0.279417879418,0.579945114934,0.437917739848,2,1.32432432432,0.579945114934,2,0.012622139765,0.00630472854641,6,0.000772200772201,0.50315954416,37,37,37,1,0,0.72972972973,0.243243243243,0.027027027027,-21,-0.0157657657658,0,-1.13513513514,-2.1,-0.583333333333,-0.765711177627,0.00298119931083,0.0186994686995,-1.00002604161,0.000799772939432,0.0039655039655,-0.281591842906,0.00351343884696,0.0266651266651,0,0,0,0,0,0,0.000452013594871,0.000332032300676,-1,-0.0001287001287,-0.118037037037,0,0,0,195,0,21,1116,0.902777777778,1,0,0.0972222222222,1,0.902777777778,0.948905109489,0.941330856757,0.902777777778,0.902777777778,1,22,0,0,0,0
3755,WLNM_dir_neg,1,0.954545454545,00:00:03,10,90,18,1238804642,threshold_sweep,0.2,1,0.0454545454545,0.0869565217391,1,0,21,44,0.0454545454545,1,0,0.954545454545,1,0.0454545454545,0.0869565217391,0.681818181818,0.661616161616,0.0597014925373,0.175411603861,0.0454545454545,216,194,22,0,216,0,194,0,22,37,216,0.162162162162,1.32432432432,11.6756756757,21.6,6,8.1990990496,0.702237650082,0.31006006006,10.329336629,1.76937710775,0.765265265265,3.0868314707,0.528762798222,0.252752752753,0.579945114934,0.437917739848,2,1.32432432432,0.579945114934,2,0.0121701261701,0.00597269624573,7,0.000900900900901,0.621196581197,37,37,37,1,0,0.72972972973,0.243243243243,0.027027027027,37,0.145645645646,1.32432432432,10.4864864865,19.4,5.38888888889,7.39226931636,0.704932898725,0.327528559487,9.31666787539,1.77689026489,0.770409584843,2.84219599572,0.542068308462,0.284201727501,0.579945114934,0.437917739848,2,1.32432432432,0.579945114934,2,0.0113073951583,0.00531161473088,5,0.000643500643501,0.500937321937,37,37,37,1,0,0.72972972973,0.243243243243,0.027027027027,37,195,0.146396396396,1.32432432432,10.5405405405,19.5,5.41666666667,7.43338787198,0.705218849393,0.32875952876,9.32931058739,1.77017688068,0.769230769231,2.8052396278,0.532276237069,0.279417879418,0.579945114934,0.437917739848,2,1.32432432432,0.579945114934,2,0.012622139765,0.00630472854641,6,0.000772200772201,0.50315954416,37,37,37,1,0,0.72972972973,0.243243243243,0.027027027027,-21,-0.0157657657658,0,-1.13513513514,-2.1,-0.583333333333,-0.765711177627,0.00298119931083,0.0186994686995,-1.00002604161,0.000799772939432,0.0039655039655,-0.281591842906,0.00351343884696,0.0266651266651,0,0,0,0,0,0,0.000452013594871,0.000332032300676,-1,-0.0001287001287,-0.118037037037,0,0,0,195,0,21,1116,0.902777777778,1,0,0.0972222222222,1,0.902777777778,0.948905109489,0.941330856757,0.902777777778,0.902777777778,1,22,0,0,0,0
3756,WLNM_dir_neg,1,0.954545454545,00:00:03,10,90,18,1238804642,threshold_sweep,0.3,1,0.0454545454545,0.0869565217391,1,0,21,44,0.0454545454545,1,0,0.954545454545,1,0.0454545454545,0.0869565217391,0.681818181818,0.661616161616,0.0597014925373,0.175411603861,0.0454545454545,216,194,22,0,216,0,194,0,22,37,216,0.162162162162,1.32432432432,11.6756756757,21.6,6,8.1990990496,0.702237650082,0.31006006006,10.329336629,1.76937710775,0.765265265265,3.0868314707,0.528762798222,0.252752752753,0.579945114934,0.437917739848,2,1.32432432432,0.579945114934,2,0.0121701261701,0.00597269624573,7,0.000900900900901,0.621196581197,37,37,37,1,0,0.72972972973,0.243243243243,0.027027027027,37,0.145645645646,1.32432432432,10.4864864865,19.4,5.38888888889,7.39226931636,0.704932898725,0.327528559487,9.31666787539,1.77689026489,0.770409584843,2.84219599572,0.542068308462,0.284201727501,0.579945114934,0.437917739848,2,1.32432432432,0.579945114934,2,0.0113073951583,0.00531161473088,5,0.000643500643501,0.500937321937,37,37,37,1,0,0.72972972973,0.243243243243,0.027027027027,37,195,0.146396396396,1.32432432432,10.5405405405,19.5,5.41666666667,7.43338787198,0.705218849393,0.32875952876,9.32931058739,1.77017688068,0.769230769231,2.8052396278,0.532276237069,0.279417879418,0.579945114934,0.437917739848,2,1.32432432432,0.579945114934,2,0.012622139765,0.00630472854641,6,0.000772200772201,0.50315954416,37,37,37,1,0,0.72972972973,0.243243243243,0.027027027027,-21,-0.0157657657658,0,-1.13513513514,-2.1,-0.583333333333,-0.765711177627,0.00298119931083,0.0186994686995,-1.00002604161,0.000799772939432,0.0039655039655,-0.281591842906,0.00351343884696,0.0266651266651,0,0,0,0,0,0,0.000452013594871,0.000332032300676,-1,-0.0001287001287,-0.118037037037,0,0,0,195,0,21,1116,0.902777777778,1,0,0.0972222222222,1,0.902777777778,0.948905109489,0.941330856757,0.902777777778,0.902777777778,1,22,0,0,0,0
3757,WLNM_dir_neg,1,0.954545454545,00:00:03,10,90,18,1238804642,threshold_sweep,0.4,1,0.0454545454545,0.0869565217391,1,0,21,44,0.0454545454545,1,0,0.954545454545,1,0.0454545454545,0.0869565217391,0.681818181818,0.661616161616,0.0597014925373,0.175411603861,0.0454545454545,216,194,22,0,216,0,194,0,22,37,216,0.162162162162,1.32432432432,11.6756756757,21.6,6,8.1990990496,0.702237650082,0.31006006006,10.329336629,1.76937710775,0.765265265265,3.0868314707,0.528762798222,0.252752752753,0.579945114934,0.437917739848,2,1.32432432432,0.579945114934,2,0.0121701261701,0.00597269624573,7,0.000900900900901,0.621196581197,37,37,37,1,0,0.72972972973,0.243243243243,0.027027027027,37,0.145645645646,1.32432432432,10.4864864865,19.4,5.38888888889,7.39226931636,0.704932898725,0.327528559487,9.31666787539,1.77689026489,0.770409584843,2.84219599572,0.542068308462,0.284201727501,0.579945114934,0.437917739848,2,1.32432432432,0.579945114934,2,0.0113073951583,0.00531161473088,5,0.000643500643501,0.500937321937,37,37,37,1,0,0.72972972973,0.243243243243,0.027027027027,37,195,0.146396396396,1.32432432432,10.5405405405,19.5,5.41666666667,7.43338787198,0.705218849393,0.32875952876,9.32931058739,1.77017688068,0.769230769231,2.8052396278,0.532276237069,0.279417879418,0.579945114934,0.437917739848,2,1.32432432432,0.579945114934,2,0.012622139765,0.00630472854641,6,0.000772200772201,0.50315954416,37,37,37,1,0,0.72972972973,0.243243243243,0.027027027027,-21,-0.0157657657658,0,-1.13513513514,-2.1,-0.583333333333,-0.765711177627,0.00298119931083,0.0186994686995,-1.00002604161,0.000799772939432,0.0039655039655,-0.281591842906,0.00351343884696,0.0266651266651,0,0,0,0,0,0,0.000452013594871,0.000332032300676,-1,-0.0001287001287,-0.118037037037,0,0,0,195,0,21,1116,0.902777777778,1,0,0.0972222222222,1,0.902777777778,0.948905109489,0.941330856757,0.902777777778,0.902777777778,1,22,0,0,0,0
3758,WLNM_dir_neg,1,0.954545454545,00:00:03,10,90,18,1238804642,threshold_sweep,0.5,1,0.0454545454545,0.0869565217391,1,0,21,44,0.0454545454545,1,0,0.954545454545,1,0.0454545454545,0.0869565217391,0.681818181818,0.661616161616,0.0597014925373,0.175411603861,0.0454545454545,216,194,22,0,216,0,194,0,22,37,216,0.162162162162,1.32432432432,11.6756756757,21.6,6,8.1990990496,0.702237650082,0.31006006006,10.329336629,1.76937710775,0.765265265265,3.0868314707,0.528762798222,0.252752752753,0.579945114934,0.437917739848,2,1.32432432432,0.579945114934,2,0.0121701261701,0.00597269624573,7,0.000900900900901,0.621196581197,37,37,37,1,0,0.72972972973,0.243243243243,0.027027027027,37,0.145645645646,1.32432432432,10.4864864865,19.4,5.38888888889,7.39226931636,0.704932898725,0.327528559487,9.31666787539,1.77689026489,0.770409584843,2.84219599572,0.542068308462,0.284201727501,0.579945114934,0.437917739848,2,1.32432432432,0.579945114934,2,0.0113073951583,0.00531161473088,5,0.000643500643501,0.500937321937,37,37,37,1,0,0.72972972973,0.243243243243,0.027027027027,37,195,0.146396396396,1.32432432432,10.5405405405,19.5,5.41666666667,7.43338787198,0.705218849393,0.32875952876,9.32931058739,1.77017688068,0.769230769231,2.8052396278,0.532276237069,0.279417879418,0.579945114934,0.437917739848,2,1.32432432432,0.579945114934,2,0.012622139765,0.00630472854641,6,0.000772200772201,0.50315954416,37,37,37,1,0,0.72972972973,0.243243243243,0.027027027027,-21,-0.0157657657658,0,-1.13513513514,-2.1,-0.583333333333,-0.765711177627,0.00298119931083,0.0186994686995,-1.00002604161,0.000799772939432,0.0039655039655,-0.281591842906,0.00351343884696,0.0266651266651,0,0,0,0,0,0,0.000452013594871,0.000332032300676,-1,-0.0001287001287,-0.118037037037,0,0,0,195,0,21,1116,0.902777777778,1,0,0.0972222222222,1,0.902777777778,0.948905109489,0.941330856757,0.902777777778,0.902777777778,1,22,0,0,0,0
3759,WLNM_dir_neg,1,0.954545454545,00:00:03,10,90,18,1238804642,threshold_sweep,0.6,1,0.0454545454545,0.0869565217391,1,0,21,44,0.0454545454545,1,0,0.954545454545,1,0.0454545454545,0.0869565217391,0.681818181818,0.661616161616,0.0597014925373,0.175411603861,0.0454545454545,216,194,22,0,216,0,194,0,22,37,216,0.162162162162,1.32432432432,11.6756756757,21.6,6,8.1990990496,0.702237650082,0.31006006006,10.329336629,1.76937710775,0.765265265265,3.0868314707,0.528762798222,0.252752752753,0.579945114934,0.437917739848,2,1.32432432432,0.579945114934,2,0.0121701261701,0.00597269624573,7,0.000900900900901,0.621196581197,37,37,37,1,0,0.72972972973,0.243243243243,0.027027027027,37,0.145645645646,1.32432432432,10.4864864865,19.4,5.38888888889,7.39226931636,0.704932898725,0.327528559487,9.31666787539,1.77689026489,0.770409584843,2.84219599572,0.542068308462,0.284201727501,0.579945114934,0.437917739848,2,1.32432432432,0.579945114934,2,0.0113073951583,0.00531161473088,5,0.000643500643501,0.500937321937,37,37,37,1,0,0.72972972973,0.243243243243,0.027027027027,37,195,0.146396396396,1.32432432432,10.5405405405,19.5,5.41666666667,7.43338787198,0.705218849393,0.32875952876,9.32931058739,1.77017688068,0.769230769231,2.8052396278,0.532276237069,0.279417879418,0.579945114934,0.437917739848,2,1.32432432432,0.579945114934,2,0.012622139765,0.00630472854641,6,0.000772200772201,0.50315954416,37,37,37,1,0,0.72972972973,0.243243243243,0.027027027027,-21,-0.0157657657658,0,-1.13513513514,-2.1,-0.583333333333,-0.765711177627,0.00298119931083,0.0186994686995,-1.00002604161,0.000799772939432,0.0039655039655,-0.281591842906,0.00351343884696,0.0266651266651,0,0,0,0,0,0,0.000452013594871,0.000332032300676,-1,-0.0001287001287,-0.118037037037,0,0,0,195,0,21,1116,0.902777777778,1,0,0.0972222222222,1,0.902777777778,0.948905109489,0.941330856757,0.902777777778,0.902777777778,1,22,0,0,0,0
3760,WLNM_dir_neg,1,0.954545454545,00:00:03,10,90,18,1238804642,threshold_sweep,0.7,1,0.0454545454545,0.0869565217391,1,0,21,44,0.0454545454545,1,0,0.954545454545,1,0.0454545454545,0.0869565217391,0.681818181818,0.661616161616,0.0597014925373,0.175411603861,0.0454545454545,216,194,22,0,216,0,194,0,22,37,216,0.162162162162,1.32432432432,11.6756756757,21.6,6,8.1990990496,0.702237650082,0.31006006006,10.329336629,1.76937710775,0.765265265265,3.0868314707,0.528762798222,0.252752752753,0.579945114934,0.437917739848,2,1.32432432432,0.579945114934,2,0.0121701261701,0.00597269624573,7,0.000900900900901,0.621196581197,37,37,37,1,0,0.72972972973,0.243243243243,0.027027027027,37,0.145645645646,1.32432432432,10.4864864865,19.4,5.38888888889,7.39226931636,0.704932898725,0.327528559487,9.31666787539,1.77689026489,0.770409584843,2.84219599572,0.542068308462,0.284201727501,0.579945114934,0.437917739848,2,1.32432432432,0.579945114934,2,0.0113073951583,0.00531161473088,5,0.000643500643501,0.500937321937,37,37,37,1,0,0.72972972973,0.243243243243,0.027027027027,37,195,0.146396396396,1.32432432432,10.5405405405,19.5,5.41666666667,7.43338787198,0.705218849393,0.32875952876,9.32931058739,1.77017688068,0.769230769231,2.8052396278,0.532276237069,0.279417879418,0.579945114934,0.437917739848,2,1.32432432432,0.579945114934,2,0.012622139765,0.00630472854641,6,0.000772200772201,0.50315954416,37,37,37,1,0,0.72972972973,0.243243243243,0.027027027027,-21,-0.0157657657658,0,-1.13513513514,-2.1,-0.583333333333,-0.765711177627,0.00298119931083,0.0186994686995,-1.00002604161,0.000799772939432,0.0039655039655,-0.281591842906,0.00351343884696,0.0266651266651,0,0,0,0,0,0,0.000452013594871,0.000332032300676,-1,-0.0001287001287,-0.118037037037,0,0,0,195,0,21,1116,0.902777777778,1,0,0.0972222222222,1,0.902777777778,0.948905109489,0.941330856757,0.902777777778,0.902777777778,1,22,0,0,0,0
3761,WLNM_dir_neg,1,0.954545454545,00:00:03,10,90,18,1238804642,threshold_sweep,0.8,1,0.0454545454545,0.0869565217391,1,0,21,44,0.0454545454545,1,0,0.954545454545,1,0.0454545454545,0.0869565217391,0.681818181818,0.661616161616,0.0597014925373,0.175411603861,0.0454545454545,216,194,22,0,216,0,194,0,22,37,216,0.162162162162,1.32432432432,11.6756756757,21.6,6,8.1990990496,0.702237650082,0.31006006006,10.329336629,1.76937710775,0.765265265265,3.0868314707,0.528762798222,0.252752752753,0.579945114934,0.437917739848,2,1.32432432432,0.579945114934,2,0.0121701261701,0.00597269624573,7,0.000900900900901,0.621196581197,37,37,37,1,0,0.72972972973,0.243243243243,0.027027027027,37,0.145645645646,1.32432432432,10.4864864865,19.4,5.38888888889,7.39226931636,0.704932898725,0.327528559487,9.31666787539,1.77689026489,0.770409584843,2.84219599572,0.542068308462,0.284201727501,0.579945114934,0.437917739848,2,1.32432432432,0.579945114934,2,0.0113073951583,0.00531161473088,5,0.000643500643501,0.500937321937,37,37,37,1,0,0.72972972973,0.243243243243,0.027027027027,37,195,0.146396396396,1.32432432432,10.5405405405,19.5,5.41666666667,7.43338787198,0.705218849393,0.32875952876,9.32931058739,1.77017688068,0.769230769231,2.8052396278,0.532276237069,0.279417879418,0.579945114934,0.437917739848,2,1.32432432432,0.579945114934,2,0.012622139765,0.00630472854641,6,0.000772200772201,0.50315954416,37,37,37,1,0,0.72972972973,0.243243243243,0.027027027027,-21,-0.0157657657658,0,-1.13513513514,-2.1,-0.583333333333,-0.765711177627,0.00298119931083,0.0186994686995,-1.00002604161,0.000799772939432,0.0039655039655,-0.281591842906,0.00351343884696,0.0266651266651,0,0,0,0,0,0,0.000452013594871,0.000332032300676,-1,-0.0001287001287,-0.118037037037,0,0,0,195,0,21,1116,0.902777777778,1,0,0.0972222222222,1,0.902777777778,0.948905109489,0.941330856757,0.902777777778,0.902777777778,1,22,0,0,0,0
3762,WLNM_dir_neg,1,0.954545454545,00:00:03,10,90,18,1238804642,threshold_sweep,0.9,1,0.0454545454545,0.0869565217391,1,0,21,44,0.0454545454545,1,0,0.954545454545,1,0.0454545454545,0.0869565217391,0.681818181818,0.661616161616,0.0597014925373,0.175411603861,0.0454545454545,216,194,22,0,216,0,194,0,22,37,216,0.162162162162,1.32432432432,11.6756756757,21.6,6,8.1990990496,0.702237650082,0.31006006006,10.329336629,1.76937710775,0.765265265265,3.0868314707,0.528762798222,0.252752752753,0.579945114934,0.437917739848,2,1.32432432432,0.579945114934,2,0.0121701261701,0.00597269624573,7,0.000900900900901,0.621196581197,37,37,37,1,0,0.72972972973,0.243243243243,0.027027027027,37,0.145645645646,1.32432432432,10.4864864865,19.4,5.38888888889,7.39226931636,0.704932898725,0.327528559487,9.31666787539,1.77689026489,0.770409584843,2.84219599572,0.542068308462,0.284201727501,0.579945114934,0.437917739848,2,1.32432432432,0.579945114934,2,0.0113073951583,0.00531161473088,5,0.000643500643501,0.500937321937,37,37,37,1,0,0.72972972973,0.243243243243,0.027027027027,37,195,0.146396396396,1.32432432432,10.5405405405,19.5,5.41666666667,7.43338787198,0.705218849393,0.32875952876,9.32931058739,1.77017688068,0.769230769231,2.8052396278,0.532276237069,0.279417879418,0.579945114934,0.437917739848,2,1.32432432432,0.579945114934,2,0.012622139765,0.00630472854641,6,0.000772200772201,0.50315954416,37,37,37,1,0,0.72972972973,0.243243243243,0.027027027027,-21,-0.0157657657658,0,-1.13513513514,-2.1,-0.583333333333,-0.765711177627,0.00298119931083,0.0186994686995,-1.00002604161,0.000799772939432,0.0039655039655,-0.281591842906,0.00351343884696,0.0266651266651,0,0,0,0,0,0,0.000452013594871,0.000332032300676,-1,-0.0001287001287,-0.118037037037,0,0,0,195,0,21,1116,0.902777777778,1,0,0.0972222222222,1,0.902777777778,0.948905109489,0.941330856757,0.902777777778,0.902777777778,1,22,0,0,0,0
3763,WLNM_dir_neg,1,0.954545454545,00:00:03,10,90,19,1238804643,threshold_sweep,0.1,1,0.0454545454545,0.0869565217391,1,0,21,44,0.0454545454545,1,0,0.954545454545,1,0.0454545454545,0.0869565217391,0.681818181818,0.661616161616,0.0597014925373,0.175411603861,0.0454545454545,216,194,22,0,216,0,194,0,22,37,216,0.162162162162,1.32432432432,11.6756756757,21.6,6,8.1990990496,0.702237650082,0.31006006006,10.329336629,1.76937710775,0.765265265265,3.0868314707,0.528762798222,0.252752752753,0.579945114934,0.437917739848,2,1.32432432432,0.579945114934,2,0.0121701261701,0.00597269624573,7,0.000900900900901,0.621196581197,37,37,37,1,0,0.72972972973,0.243243243243,0.027027027027,37,0.145645645646,1.32432432432,10.4864864865,19.4,5.38888888889,7.38475013352,0.704215863248,0.326971301198,9.25984582727,1.76605307015,0.767901922541,2.78293814964,0.530766554314,0.278071886319,0.579945114934,0.437917739848,2,1.32432432432,0.579945114934,2,0.0115171412438,0.00637845499646,6,0.000772200772201,0.4970997151,37,37,37,1,0,0.72972972973,0.243243243243,0.027027027027,37,195,0.146396396396,1.32432432432,10.5405405405,19.5,5.41666666667,7.42965003884,0.704864234454,0.328620928621,9.27256601381,1.75940996159,0.766735966736,2.74518415339,0.520881095772,0.273042273042,0.579945114934,0.437917739848,2,1.32432432432,0.579945114934,2,0.0123236087584,0.00735809390329,7,0.000900900900901,0.499321937322,37,37,37,1,0,0.72972972973,0.243243243243,0.027027027027,-21,-0.0157657657658,0,-1.13513513514,-2.1,-0.583333333333,-0.76944901076,0.0026265843726,0.0185608685609,-1.05677061519,-0.00996714615044,0.0014707014707,-0.341647317312,-0.00788170245058,0.0202895202895,0,0,0,0,0,0,0.000153482588265,0.00138539765756,0,0,-0.121874643875,0,0,0,195,0,21,1116,0.902777777778,1,0,0.0972222222222,1,0.902777777778,0.948905109489,0.941330856757,0.902777777778,0.902777777778,1,22,0,0,0,0
3764,WLNM_dir_neg,1,0.954545454545,00:00:03,10,90,19,1238804643,threshold_sweep,0.2,1,0.0454545454545,0.0869565217391,1,0,21,44,0.0454545454545,1,0,0.954545454545,1,0.0454545454545,0.0869565217391,0.681818181818,0.661616161616,0.0597014925373,0.175411603861,0.0454545454545,216,194,22,0,216,0,194,0,22,37,216,0.162162162162,1.32432432432,11.6756756757,21.6,6,8.1990990496,0.702237650082,0.31006006006,10.329336629,1.76937710775,0.765265265265,3.0868314707,0.528762798222,0.252752752753,0.579945114934,0.437917739848,2,1.32432432432,0.579945114934,2,0.0121701261701,0.00597269624573,7,0.000900900900901,0.621196581197,37,37,37,1,0,0.72972972973,0.243243243243,0.027027027027,37,0.145645645646,1.32432432432,10.4864864865,19.4,5.38888888889,7.38475013352,0.704215863248,0.326971301198,9.25984582727,1.76605307015,0.767901922541,2.78293814964,0.530766554314,0.278071886319,0.579945114934,0.437917739848,2,1.32432432432,0.579945114934,2,0.0115171412438,0.00637845499646,6,0.000772200772201,0.4970997151,37,37,37,1,0,0.72972972973,0.243243243243,0.027027027027,37,195,0.146396396396,1.32432432432,10.5405405405,19.5,5.41666666667,7.42965003884,0.704864234454,0.328620928621,9.27256601381,1.75940996159,0.766735966736,2.74518415339,0.520881095772,0.273042273042,0.579945114934,0.437917739848,2,1.32432432432,0.579945114934,2,0.0123236087584,0.00735809390329,7,0.000900900900901,0.499321937322,37,37,37,1,0,0.72972972973,0.243243243243,0.027027027027,-21,-0.0157657657658,0,-1.13513513514,-2.1,-0.583333333333,-0.76944901076,0.0026265843726,0.0185608685609,-1.05677061519,-0.00996714615044,0.0014707014707,-0.341647317312,-0.00788170245058,0.0202895202895,0,0,0,0,0,0,0.000153482588265,0.00138539765756,0,0,-0.121874643875,0,0,0,195,0,21,1116,0.902777777778,1,0,0.0972222222222,1,0.902777777778,0.948905109489,0.941330856757,0.902777777778,0.902777777778,1,22,0,0,0,0
3765,WLNM_dir_neg,1,0.954545454545,00:00:03,10,90,19,1238804643,threshold_sweep,0.3,1,0.0454545454545,0.0869565217391,1,0,21,44,0.0454545454545,1,0,0.954545454545,1,0.0454545454545,0.0869565217391,0.681818181818,0.661616161616,0.0597014925373,0.175411603861,0.0454545454545,216,194,22,0,216,0,194,0,22,37,216,0.162162162162,1.32432432432,11.6756756757,21.6,6,8.1990990496,0.702237650082,0.31006006006,10.329336629,1.76937710775,0.765265265265,3.0868314707,0.528762798222,0.252752752753,0.579945114934,0.437917739848,2,1.32432432432,0.579945114934,2,0.0121701261701,0.00597269624573,7,0.000900900900901,0.621196581197,37,37,37,1,0,0.72972972973,0.243243243243,0.027027027027,37,0.145645645646,1.32432432432,10.4864864865,19.4,5.38888888889,7.38475013352,0.704215863248,0.326971301198,9.25984582727,1.76605307015,0.767901922541,2.78293814964,0.530766554314,0.278071886319,0.579945114934,0.437917739848,2,1.32432432432,0.579945114934,2,0.0115171412438,0.00637845499646,6,0.000772200772201,0.4970997151,37,37,37,1,0,0.72972972973,0.243243243243,0.027027027027,37,195,0.146396396396,1.32432432432,10.5405405405,19.5,5.41666666667,7.42965003884,0.704864234454,0.328620928621,9.27256601381,1.75940996159,0.766735966736,2.74518415339,0.520881095772,0.273042273042,0.579945114934,0.437917739848,2,1.32432432432,0.579945114934,2,0.0123236087584,0.00735809390329,7,0.000900900900901,0.499321937322,37,37,37,1,0,0.72972972973,0.243243243243,0.027027027027,-21,-0.0157657657658,0,-1.13513513514,-2.1,-0.583333333333,-0.76944901076,0.0026265843726,0.0185608685609,-1.05677061519,-0.00996714615044,0.0014707014707,-0.341647317312,-0.00788170245058,0.0202895202895,0,0,0,0,0,0,0.000153482588265,0.00138539765756,0,0,-0.121874643875,0,0,0,195,0,21,1116,0.902777777778,1,0,0.0972222222222,1,0.902777777778,0.948905109489,0.941330856757,0.902777777778,0.902777777778,1,22,0,0,0,0
3766,WLNM_dir_neg,1,0.954545454545,00:00:03,10,90,19,1238804643,threshold_sweep,0.4,1,0.0454545454545,0.0869565217391,1,0,21,44,0.0454545454545,1,0,0.954545454545,1,0.0454545454545,0.0869565217391,0.681818181818,0.661616161616,0.0597014925373,0.175411603861,0.0454545454545,216,194,22,0,216,0,194,0,22,37,216,0.162162162162,1.32432432432,11.6756756757,21.6,6,8.1990990496,0.702237650082,0.31006006006,10.329336629,1.76937710775,0.765265265265,3.0868314707,0.528762798222,0.252752752753,0.579945114934,0.437917739848,2,1.32432432432,0.579945114934,2,0.0121701261701,0.00597269624573,7,0.000900900900901,0.621196581197,37,37,37,1,0,0.72972972973,0.243243243243,0.027027027027,37,0.145645645646,1.32432432432,10.4864864865,19.4,5.38888888889,7.38475013352,0.704215863248,0.326971301198,9.25984582727,1.76605307015,0.767901922541,2.78293814964,0.530766554314,0.278071886319,0.579945114934,0.437917739848,2,1.32432432432,0.579945114934,2,0.0115171412438,0.00637845499646,6,0.000772200772201,0.4970997151,37,37,37,1,0,0.72972972973,0.243243243243,0.027027027027,37,195,0.146396396396,1.32432432432,10.5405405405,19.5,5.41666666667,7.42965003884,0.704864234454,0.328620928621,9.27256601381,1.75940996159,0.766735966736,2.74518415339,0.520881095772,0.273042273042,0.579945114934,0.437917739848,2,1.32432432432,0.579945114934,2,0.0123236087584,0.00735809390329,7,0.000900900900901,0.499321937322,37,37,37,1,0,0.72972972973,0.243243243243,0.027027027027,-21,-0.0157657657658,0,-1.13513513514,-2.1,-0.583333333333,-0.76944901076,0.0026265843726,0.0185608685609,-1.05677061519,-0.00996714615044,0.0014707014707,-0.341647317312,-0.00788170245058,0.0202895202895,0,0,0,0,0,0,0.000153482588265,0.00138539765756,0,0,-0.121874643875,0,0,0,195,0,21,1116,0.902777777778,1,0,0.0972222222222,1,0.902777777778,0.948905109489,0.941330856757,0.902777777778,0.902777777778,1,22,0,0,0,0
3767,WLNM_dir_neg,1,0.954545454545,00:00:03,10,90,19,1238804643,threshold_sweep,0.5,1,0.0454545454545,0.0869565217391,1,0,21,44,0.0454545454545,1,0,0.954545454545,1,0.0454545454545,0.0869565217391,0.681818181818,0.661616161616,0.0597014925373,0.175411603861,0.0454545454545,216,194,22,0,216,0,194,0,22,37,216,0.162162162162,1.32432432432,11.6756756757,21.6,6,8.1990990496,0.702237650082,0.31006006006,10.329336629,1.76937710775,0.765265265265,3.0868314707,0.528762798222,0.252752752753,0.579945114934,0.437917739848,2,1.32432432432,0.579945114934,2,0.0121701261701,0.00597269624573,7,0.000900900900901,0.621196581197,37,37,37,1,0,0.72972972973,0.243243243243,0.027027027027,37,0.145645645646,1.32432432432,10.4864864865,19.4,5.38888888889,7.38475013352,0.704215863248,0.326971301198,9.25984582727,1.76605307015,0.767901922541,2.78293814964,0.530766554314,0.278071886319,0.579945114934,0.437917739848,2,1.32432432432,0.579945114934,2,0.0115171412438,0.00637845499646,6,0.000772200772201,0.4970997151,37,37,37,1,0,0.72972972973,0.243243243243,0.027027027027,37,195,0.146396396396,1.32432432432,10.5405405405,19.5,5.41666666667,7.42965003884,0.704864234454,0.328620928621,9.27256601381,1.75940996159,0.766735966736,2.74518415339,0.520881095772,0.273042273042,0.579945114934,0.437917739848,2,1.32432432432,0.579945114934,2,0.0123236087584,0.00735809390329,7,0.000900900900901,0.499321937322,37,37,37,1,0,0.72972972973,0.243243243243,0.027027027027,-21,-0.0157657657658,0,-1.13513513514,-2.1,-0.583333333333,-0.76944901076,0.0026265843726,0.0185608685609,-1.05677061519,-0.00996714615044,0.0014707014707,-0.341647317312,-0.00788170245058,0.0202895202895,0,0,0,0,0,0,0.000153482588265,0.00138539765756,0,0,-0.121874643875,0,0,0,195,0,21,1116,0.902777777778,1,0,0.0972222222222,1,0.902777777778,0.948905109489,0.941330856757,0.902777777778,0.902777777778,1,22,0,0,0,0
3768,WLNM_dir_neg,1,0.954545454545,00:00:03,10,90,19,1238804643,threshold_sweep,0.6,1,0.0454545454545,0.0869565217391,1,0,21,44,0.0454545454545,1,0,0.954545454545,1,0.0454545454545,0.0869565217391,0.681818181818,0.661616161616,0.0597014925373,0.175411603861,0.0454545454545,216,194,22,0,216,0,194,0,22,37,216,0.162162162162,1.32432432432,11.6756756757,21.6,6,8.1990990496,0.702237650082,0.31006006006,10.329336629,1.76937710775,0.765265265265,3.0868314707,0.528762798222,0.252752752753,0.579945114934,0.437917739848,2,1.32432432432,0.579945114934,2,0.0121701261701,0.00597269624573,7,0.000900900900901,0.621196581197,37,37,37,1,0,0.72972972973,0.243243243243,0.027027027027,37,0.145645645646,1.32432432432,10.4864864865,19.4,5.38888888889,7.38475013352,0.704215863248,0.326971301198,9.25984582727,1.76605307015,0.767901922541,2.78293814964,0.530766554314,0.278071886319,0.579945114934,0.437917739848,2,1.32432432432,0.579945114934,2,0.0115171412438,0.00637845499646,6,0.000772200772201,0.4970997151,37,37,37,1,0,0.72972972973,0.243243243243,0.027027027027,37,195,0.146396396396,1.32432432432,10.5405405405,19.5,5.41666666667,7.42965003884,0.704864234454,0.328620928621,9.27256601381,1.75940996159,0.766735966736,2.74518415339,0.520881095772,0.273042273042,0.579945114934,0.437917739848,2,1.32432432432,0.579945114934,2,0.0123236087584,0.00735809390329,7,0.000900900900901,0.499321937322,37,37,37,1,0,0.72972972973,0.243243243243,0.027027027027,-21,-0.0157657657658,0,-1.13513513514,-2.1,-0.583333333333,-0.76944901076,0.0026265843726,0.0185608685609,-1.05677061519,-0.00996714615044,0.0014707014707,-0.341647317312,-0.00788170245058,0.0202895202895,0,0,0,0,0,0,0.000153482588265,0.00138539765756,0,0,-0.121874643875,0,0,0,195,0,21,1116,0.902777777778,1,0,0.0972222222222,1,0.902777777778,0.948905109489,0.941330856757,0.902777777778,0.902777777778,1,22,0,0,0,0
3769,WLNM_dir_neg,1,0.954545454545,00:00:03,10,90,19,1238804643,threshold_sweep,0.7,1,0.0454545454545,0.0869565217391,1,0,21,44,0.0454545454545,1,0,0.954545454545,1,0.0454545454545,0.0869565217391,0.681818181818,0.661616161616,0.0597014925373,0.175411603861,0.0454545454545,216,194,22,0,216,0,194,0,22,37,216,0.162162162162,1.32432432432,11.6756756757,21.6,6,8.1990990496,0.702237650082,0.31006006006,10.329336629,1.76937710775,0.765265265265,3.0868314707,0.528762798222,0.252752752753,0.579945114934,0.437917739848,2,1.32432432432,0.579945114934,2,0.0121701261701,0.00597269624573,7,0.000900900900901,0.621196581197,37,37,37,1,0,0.72972972973,0.243243243243,0.027027027027,37,0.145645645646,1.32432432432,10.4864864865,19.4,5.38888888889,7.38475013352,0.704215863248,0.326971301198,9.25984582727,1.76605307015,0.767901922541,2.78293814964,0.530766554314,0.278071886319,0.579945114934,0.437917739848,2,1.32432432432,0.579945114934,2,0.0115171412438,0.00637845499646,6,0.000772200772201,0.4970997151,37,37,37,1,0,0.72972972973,0.243243243243,0.027027027027,37,195,0.146396396396,1.32432432432,10.5405405405,19.5,5.41666666667,7.42965003884,0.704864234454,0.328620928621,9.27256601381,1.75940996159,0.766735966736,2.74518415339,0.520881095772,0.273042273042,0.579945114934,0.437917739848,2,1.32432432432,0.579945114934,2,0.0123236087584,0.00735809390329,7,0.000900900900901,0.499321937322,37,37,37,1,0,0.72972972973,0.243243243243,0.027027027027,-21,-0.0157657657658,0,-1.13513513514,-2.1,-0.583333333333,-0.76944901076,0.0026265843726,0.0185608685609,-1.05677061519,-0.00996714615044,0.0014707014707,-0.341647317312,-0.00788170245058,0.0202895202895,0,0,0,0,0,0,0.000153482588265,0.00138539765756,0,0,-0.121874643875,0,0,0,195,0,21,1116,0.902777777778,1,0,0.0972222222222,1,0.902777777778,0.948905109489,0.941330856757,0.902777777778,0.902777777778,1,22,0,0,0,0
3770,WLNM_dir_neg,1,0.954545454545,00:00:03,10,90,19,1238804643,threshold_sweep,0.8,1,0.0454545454545,0.0869565217391,1,0,21,44,0.0454545454545,1,0,0.954545454545,1,0.0454545454545,0.0869565217391,0.681818181818,0.661616161616,0.0597014925373,0.175411603861,0.0454545454545,216,194,22,0,216,0,194,0,22,37,216,0.162162162162,1.32432432432,11.6756756757,21.6,6,8.1990990496,0.702237650082,0.31006006006,10.329336629,1.76937710775,0.765265265265,3.0868314707,0.528762798222,0.252752752753,0.579945114934,0.437917739848,2,1.32432432432,0.579945114934,2,0.0121701261701,0.00597269624573,7,0.000900900900901,0.621196581197,37,37,37,1,0,0.72972972973,0.243243243243,0.027027027027,37,0.145645645646,1.32432432432,10.4864864865,19.4,5.38888888889,7.38475013352,0.704215863248,0.326971301198,9.25984582727,1.76605307015,0.767901922541,2.78293814964,0.530766554314,0.278071886319,0.579945114934,0.437917739848,2,1.32432432432,0.579945114934,2,0.0115171412438,0.00637845499646,6,0.000772200772201,0.4970997151,37,37,37,1,0,0.72972972973,0.243243243243,0.027027027027,37,195,0.146396396396,1.32432432432,10.5405405405,19.5,5.41666666667,7.42965003884,0.704864234454,0.328620928621,9.27256601381,1.75940996159,0.766735966736,2.74518415339,0.520881095772,0.273042273042,0.579945114934,0.437917739848,2,1.32432432432,0.579945114934,2,0.0123236087584,0.00735809390329,7,0.000900900900901,0.499321937322,37,37,37,1,0,0.72972972973,0.243243243243,0.027027027027,-21,-0.0157657657658,0,-1.13513513514,-2.1,-0.583333333333,-0.76944901076,0.0026265843726,0.0185608685609,-1.05677061519,-0.00996714615044,0.0014707014707,-0.341647317312,-0.00788170245058,0.0202895202895,0,0,0,0,0,0,0.000153482588265,0.00138539765756,0,0,-0.121874643875,0,0,0,195,0,21,1116,0.902777777778,1,0,0.0972222222222,1,0.902777777778,0.948905109489,0.941330856757,0.902777777778,0.902777777778,1,22,0,0,0,0
3771,WLNM_dir_neg,1,0.954545454545,00:00:03,10,90,19,1238804643,threshold_sweep,0.9,1,0.0454545454545,0.0869565217391,1,0,21,44,0.0454545454545,1,0,0.954545454545,1,0.0454545454545,0.0869565217391,0.681818181818,0.661616161616,0.0597014925373,0.175411603861,0.0454545454545,216,194,22,0,216,0,194,0,22,37,216,0.162162162162,1.32432432432,11.6756756757,21.6,6,8.1990990496,0.702237650082,0.31006006006,10.329336629,1.76937710775,0.765265265265,3.0868314707,0.528762798222,0.252752752753,0.579945114934,0.437917739848,2,1.32432432432,0.579945114934,2,0.0121701261701,0.00597269624573,7,0.000900900900901,0.621196581197,37,37,37,1,0,0.72972972973,0.243243243243,0.027027027027,37,0.145645645646,1.32432432432,10.4864864865,19.4,5.38888888889,7.38475013352,0.704215863248,0.326971301198,9.25984582727,1.76605307015,0.767901922541,2.78293814964,0.530766554314,0.278071886319,0.579945114934,0.437917739848,2,1.32432432432,0.579945114934,2,0.0115171412438,0.00637845499646,6,0.000772200772201,0.4970997151,37,37,37,1,0,0.72972972973,0.243243243243,0.027027027027,37,195,0.146396396396,1.32432432432,10.5405405405,19.5,5.41666666667,7.42965003884,0.704864234454,0.328620928621,9.27256601381,1.75940996159,0.766735966736,2.74518415339,0.520881095772,0.273042273042,0.579945114934,0.437917739848,2,1.32432432432,0.579945114934,2,0.0123236087584,0.00735809390329,7,0.000900900900901,0.499321937322,37,37,37,1,0,0.72972972973,0.243243243243,0.027027027027,-21,-0.0157657657658,0,-1.13513513514,-2.1,-0.583333333333,-0.76944901076,0.0026265843726,0.0185608685609,-1.05677061519,-0.00996714615044,0.0014707014707,-0.341647317312,-0.00788170245058,0.0202895202895,0,0,0,0,0,0,0.000153482588265,0.00138539765756,0,0,-0.121874643875,0,0,0,195,0,21,1116,0.902777777778,1,0,0.0972222222222,1,0.902777777778,0.948905109489,0.941330856757,0.902777777778,0.902777777778,1,22,0,0,0,0
3772,WLNM_dir_neg,0.969008264463,0.811777387922,00:00:03,10,90,20,1238804644,threshold_sweep,0.1,1,0.136363636364,0.24,3,0,19,44,0.136363636364,1,0,0.863636363636,1,0.136363636364,0.24,0.712121212121,0.651515151515,0.173913043478,0.308606699924,0.136363636364,216,194,22,0,216,0,194,0,22,37,216,0.162162162162,1.32432432432,11.6756756757,21.6,6,8.1990990496,0.702237650082,0.31006006006,10.329336629,1.76937710775,0.765265265265,3.0868314707,0.528762798222,0.252752752753,0.579945114934,0.437917739848,2,1.32432432432,0.579945114934,2,0.0121701261701,0.00597269624573,7,0.000900900900901,0.621196581197,37,37,37,1,0,0.72972972973,0.243243243243,0.027027027027,37,0.145645645646,1.32132132132,10.4864864865,19.4,5.54285714286,7.48191011567,0.713481119278,0.334494288103,9.41454372945,1.79555730922,0.773195876289,2.95715145786,0.563992803819,0.294232376707,0.571249793283,0.432332229917,2,1.32132132132,0.571249793283,2,0,0,0,0,0.510859449193,37,37,37,1,0,0.72972972973,0.216216216216,0.0540540540541,37,197,0.147897897898,1.32132132132,10.6486486486,19.7,5.62857142857,7.56900190182,0.710794594841,0.328988887365,9.41645738426,1.7685732143,0.768829743449,2.84852841203,0.535002798198,0.279873782412,0.571249793283,0.432332229917,2,1.32132132132,0.571249793283,2,0,0,0,0,0.5182668566,37,37,37,1,0,0.72972972973,0.216216216216,0.0540540540541,-19,-0.0142642642643,-0.003003003003,-1.02702702703,-1.9,-0.371428571429,-0.630097147782,0.00855694475932,0.0189288273045,-0.912879244735,-0.000803893441834,0.00356447818377,-0.238303058679,0.00623999997516,0.0271210296591,-0.00869532165105,-0.00558550993171,0,-0.003003003003,-0.00869532165105,0,-0.0121701261701,-0.00597269624573,-7,-0.000900900900901,-0.102929724596,0,-0.027027027027,0.027027027027,197,0,19,1116,0.912037037037,1,0,0.087962962963,1,0.912037037037,0.953995157385,0.946979121566,0.912037037037,0.912037037037,3,22,0,0,0,0
3773,WLNM_dir_neg,0.969008264463,0.811777387922,00:00:03,10,90,20,1238804644,threshold_sweep,0.2,1,0.136363636364,0.24,3,0,19,44,0.136363636364,1,0,0.863636363636,1,0.136363636364,0.24,0.712121212121,0.651515151515,0.173913043478,0.308606699924,0.136363636364,216,194,22,0,216,0,194,0,22,37,216,0.162162162162,1.32432432432,11.6756756757,21.6,6,8.1990990496,0.702237650082,0.31006006006,10.329336629,1.76937710775,0.765265265265,3.0868314707,0.528762798222,0.252752752753,0.579945114934,0.437917739848,2,1.32432432432,0.579945114934,2,0.0121701261701,0.00597269624573,7,0.000900900900901,0.621196581197,37,37,37,1,0,0.72972972973,0.243243243243,0.027027027027,37,0.145645645646,1.32132132132,10.4864864865,19.4,5.54285714286,7.48191011567,0.713481119278,0.334494288103,9.41454372945,1.79555730922,0.773195876289,2.95715145786,0.563992803819,0.294232376707,0.571249793283,0.432332229917,2,1.32132132132,0.571249793283,2,0,0,0,0,0.510859449193,37,37,37,1,0,0.72972972973,0.216216216216,0.0540540540541,37,197,0.147897897898,1.32132132132,10.6486486486,19.7,5.62857142857,7.56900190182,0.710794594841,0.328988887365,9.41645738426,1.7685732143,0.768829743449,2.84852841203,0.535002798198,0.279873782412,0.571249793283,0.432332229917,2,1.32132132132,0.571249793283,2,0,0,0,0,0.5182668566,37,37,37,1,0,0.72972972973,0.216216216216,0.0540540540541,-19,-0.0142642642643,-0.003003003003,-1.02702702703,-1.9,-0.371428571429,-0.630097147782,0.00855694475932,0.0189288273045,-0.912879244735,-0.000803893441834,0.00356447818377,-0.238303058679,0.00623999997516,0.0271210296591,-0.00869532165105,-0.00558550993171,0,-0.003003003003,-0.00869532165105,0,-0.0121701261701,-0.00597269624573,-7,-0.000900900900901,-0.102929724596,0,-0.027027027027,0.027027027027,197,0,19,1116,0.912037037037,1,0,0.087962962963,1,0.912037037037,0.953995157385,0.946979121566,0.912037037037,0.912037037037,3,22,0,0,0,0
3774,WLNM_dir_neg,0.969008264463,0.811777387922,00:00:03,10,90,20,1238804644,threshold_sweep,0.3,0,0,0,0,0,22,44,0,1,0,1,0,0,0,0.666666666667,0.666666666667,0,0,0,216,194,22,0,216,0,194,0,22,37,216,0.162162162162,1.32432432432,11.6756756757,21.6,6,8.1990990496,0.702237650082,0.31006006006,10.329336629,1.76937710775,0.765265265265,3.0868314707,0.528762798222,0.252752752753,0.579945114934,0.437917739848,2,1.32432432432,0.579945114934,2,0.0121701261701,0.00597269624573,7,0.000900900900901,0.621196581197,37,37,37,1,0,0.72972972973,0.243243243243,0.027027027027,37,0.145645645646,1.32132132132,10.4864864865,19.4,5.54285714286,7.48191011567,0.713481119278,0.334494288103,9.41454372945,1.79555730922,0.773195876289,2.95715145786,0.563992803819,0.294232376707,0.571249793283,0.432332229917,2,1.32132132132,0.571249793283,2,0,0,0,0,0.510859449193,37,37,37,1,0,0.72972972973,0.216216216216,0.0540540540541,37,194,0.145645645646,1.32132132132,10.4864864865,19.4,5.54285714286,7.48191011567,0.713481119278,0.334494288103,9.41454372945,1.79555730922,0.773195876289,2.95715145786,0.563992803819,0.294232376707,0.571249793283,0.432332229917,2,1.32132132132,0.571249793283,2,0,0,0,0,0.510859449193,37,37,37,1,0,0.72972972973,0.216216216216,0.0540540540541,-22,-0.0165165165165,-0.003003003003,-1.18918918919,-2.2,-0.457142857143,-0.717188933934,0.011243469196,0.0244342280425,-0.914792899555,0.0261802014787,0.00793061102339,-0.12968001284,0.0352300055969,0.0414796239539,-0.00869532165105,-0.00558550993171,0,-0.003003003003,-0.00869532165105,0,-0.0121701261701,-0.00597269624573,-7,-0.000900900900901,-0.110337132004,0,-0.027027027027,0.027027027027,194,0,22,1116,0.898148148148,1,0,0.101851851852,1,0.898148148148,0.946341463415,0.938501466663,0.898148148148,0.898148148148,0,22,0,0,0,0
3775,WLNM_dir_neg,0.969008264463,0.811777387922,00:00:03,10,90,20,1238804644,threshold_sweep,0.4,0,0,0,0,0,22,44,0,1,0,1,0,0,0,0.666666666667,0.666666666667,0,0,0,216,194,22,0,216,0,194,0,22,37,216,0.162162162162,1.32432432432,11.6756756757,21.6,6,8.1990990496,0.702237650082,0.31006006006,10.329336629,1.76937710775,0.765265265265,3.0868314707,0.528762798222,0.252752752753,0.579945114934,0.437917739848,2,1.32432432432,0.579945114934,2,0.0121701261701,0.00597269624573,7,0.000900900900901,0.621196581197,37,37,37,1,0,0.72972972973,0.243243243243,0.027027027027,37,0.145645645646,1.32132132132,10.4864864865,19.4,5.54285714286,7.48191011567,0.713481119278,0.334494288103,9.41454372945,1.79555730922,0.773195876289,2.95715145786,0.563992803819,0.294232376707,0.571249793283,0.432332229917,2,1.32132132132,0.571249793283,2,0,0,0,0,0.510859449193,37,37,37,1,0,0.72972972973,0.216216216216,0.0540540540541,37,194,0.145645645646,1.32132132132,10.4864864865,19.4,5.54285714286,7.48191011567,0.713481119278,0.334494288103,9.41454372945,1.79555730922,0.773195876289,2.95715145786,0.563992803819,0.294232376707,0.571249793283,0.432332229917,2,1.32132132132,0.571249793283,2,0,0,0,0,0.510859449193,37,37,37,1,0,0.72972972973,0.216216216216,0.0540540540541,-22,-0.0165165165165,-0.003003003003,-1.18918918919,-2.2,-0.457142857143,-0.717188933934,0.011243469196,0.0244342280425,-0.914792899555,0.0261802014787,0.00793061102339,-0.12968001284,0.0352300055969,0.0414796239539,-0.00869532165105,-0.00558550993171,0,-0.003003003003,-0.00869532165105,0,-0.0121701261701,-0.00597269624573,-7,-0.000900900900901,-0.110337132004,0,-0.027027027027,0.027027027027,194,0,22,1116,0.898148148148,1,0,0.101851851852,1,0.898148148148,0.946341463415,0.938501466663,0.898148148148,0.898148148148,0,22,0,0,0,0
3776,WLNM_dir_neg,0.969008264463,0.811777387922,00:00:03,10,90,20,1238804644,threshold_sweep,0.5,0,0,0,0,0,22,44,0,1,0,1,0,0,0,0.666666666667,0.666666666667,0,0,0,216,194,22,0,216,0,194,0,22,37,216,0.162162162162,1.32432432432,11.6756756757,21.6,6,8.1990990496,0.702237650082,0.31006006006,10.329336629,1.76937710775,0.765265265265,3.0868314707,0.528762798222,0.252752752753,0.579945114934,0.437917739848,2,1.32432432432,0.579945114934,2,0.0121701261701,0.00597269624573,7,0.000900900900901,0.621196581197,37,37,37,1,0,0.72972972973,0.243243243243,0.027027027027,37,0.145645645646,1.32132132132,10.4864864865,19.4,5.54285714286,7.48191011567,0.713481119278,0.334494288103,9.41454372945,1.79555730922,0.773195876289,2.95715145786,0.563992803819,0.294232376707,0.571249793283,0.432332229917,2,1.32132132132,0.571249793283,2,0,0,0,0,0.510859449193,37,37,37,1,0,0.72972972973,0.216216216216,0.0540540540541,37,194,0.145645645646,1.32132132132,10.4864864865,19.4,5.54285714286,7.48191011567,0.713481119278,0.334494288103,9.41454372945,1.79555730922,0.773195876289,2.95715145786,0.563992803819,0.294232376707,0.571249793283,0.432332229917,2,1.32132132132,0.571249793283,2,0,0,0,0,0.510859449193,37,37,37,1,0,0.72972972973,0.216216216216,0.0540540540541,-22,-0.0165165165165,-0.003003003003,-1.18918918919,-2.2,-0.457142857143,-0.717188933934,0.011243469196,0.0244342280425,-0.914792899555,0.0261802014787,0.00793061102339,-0.12968001284,0.0352300055969,0.0414796239539,-0.00869532165105,-0.00558550993171,0,-0.003003003003,-0.00869532165105,0,-0.0121701261701,-0.00597269624573,-7,-0.000900900900901,-0.110337132004,0,-0.027027027027,0.027027027027,194,0,22,1116,0.898148148148,1,0,0.101851851852,1,0.898148148148,0.946341463415,0.938501466663,0.898148148148,0.898148148148,0,22,0,0,0,0
3777,WLNM_dir_neg,0.969008264463,0.811777387922,00:00:03,10,90,20,1238804644,threshold_sweep,0.6,0,0,0,0,0,22,44,0,1,0,1,0,0,0,0.666666666667,0.666666666667,0,0,0,216,194,22,0,216,0,194,0,22,37,216,0.162162162162,1.32432432432,11.6756756757,21.6,6,8.1990990496,0.702237650082,0.31006006006,10.329336629,1.76937710775,0.765265265265,3.0868314707,0.528762798222,0.252752752753,0.579945114934,0.437917739848,2,1.32432432432,0.579945114934,2,0.0121701261701,0.00597269624573,7,0.000900900900901,0.621196581197,37,37,37,1,0,0.72972972973,0.243243243243,0.027027027027,37,0.145645645646,1.32132132132,10.4864864865,19.4,5.54285714286,7.48191011567,0.713481119278,0.334494288103,9.41454372945,1.79555730922,0.773195876289,2.95715145786,0.563992803819,0.294232376707,0.571249793283,0.432332229917,2,1.32132132132,0.571249793283,2,0,0,0,0,0.510859449193,37,37,37,1,0,0.72972972973,0.216216216216,0.0540540540541,37,194,0.145645645646,1.32132132132,10.4864864865,19.4,5.54285714286,7.48191011567,0.713481119278,0.334494288103,9.41454372945,1.79555730922,0.773195876289,2.95715145786,0.563992803819,0.294232376707,0.571249793283,0.432332229917,2,1.32132132132,0.571249793283,2,0,0,0,0,0.510859449193,37,37,37,1,0,0.72972972973,0.216216216216,0.0540540540541,-22,-0.0165165165165,-0.003003003003,-1.18918918919,-2.2,-0.457142857143,-0.717188933934,0.011243469196,0.0244342280425,-0.914792899555,0.0261802014787,0.00793061102339,-0.12968001284,0.0352300055969,0.0414796239539,-0.00869532165105,-0.00558550993171,0,-0.003003003003,-0.00869532165105,0,-0.0121701261701,-0.00597269624573,-7,-0.000900900900901,-0.110337132004,0,-0.027027027027,0.027027027027,194,0,22,1116,0.898148148148,1,0,0.101851851852,1,0.898148148148,0.946341463415,0.938501466663,0.898148148148,0.898148148148,0,22,0,0,0,0
3778,WLNM_dir_neg,0.969008264463,0.811777387922,00:00:03,10,90,20,1238804644,threshold_sweep,0.7,0,0,0,0,0,22,44,0,1,0,1,0,0,0,0.666666666667,0.666666666667,0,0,0,216,194,22,0,216,0,194,0,22,37,216,0.162162162162,1.32432432432,11.6756756757,21.6,6,8.1990990496,0.702237650082,0.31006006006,10.329336629,1.76937710775,0.765265265265,3.0868314707,0.528762798222,0.252752752753,0.579945114934,0.437917739848,2,1.32432432432,0.579945114934,2,0.0121701261701,0.00597269624573,7,0.000900900900901,0.621196581197,37,37,37,1,0,0.72972972973,0.243243243243,0.027027027027,37,0.145645645646,1.32132132132,10.4864864865,19.4,5.54285714286,7.48191011567,0.713481119278,0.334494288103,9.41454372945,1.79555730922,0.773195876289,2.95715145786,0.563992803819,0.294232376707,0.571249793283,0.432332229917,2,1.32132132132,0.571249793283,2,0,0,0,0,0.510859449193,37,37,37,1,0,0.72972972973,0.216216216216,0.0540540540541,37,194,0.145645645646,1.32132132132,10.4864864865,19.4,5.54285714286,7.48191011567,0.713481119278,0.334494288103,9.41454372945,1.79555730922,0.773195876289,2.95715145786,0.563992803819,0.294232376707,0.571249793283,0.432332229917,2,1.32132132132,0.571249793283,2,0,0,0,0,0.510859449193,37,37,37,1,0,0.72972972973,0.216216216216,0.0540540540541,-22,-0.0165165165165,-0.003003003003,-1.18918918919,-2.2,-0.457142857143,-0.717188933934,0.011243469196,0.0244342280425,-0.914792899555,0.0261802014787,0.00793061102339,-0.12968001284,0.0352300055969,0.0414796239539,-0.00869532165105,-0.00558550993171,0,-0.003003003003,-0.00869532165105,0,-0.0121701261701,-0.00597269624573,-7,-0.000900900900901,-0.110337132004,0,-0.027027027027,0.027027027027,194,0,22,1116,0.898148148148,1,0,0.101851851852,1,0.898148148148,0.946341463415,0.938501466663,0.898148148148,0.898148148148,0,22,0,0,0,0
3779,WLNM_dir_neg,0.969008264463,0.811777387922,00:00:03,10,90,20,1238804644,threshold_sweep,0.8,0,0,0,0,0,22,44,0,1,0,1,0,0,0,0.666666666667,0.666666666667,0,0,0,216,194,22,0,216,0,194,0,22,37,216,0.162162162162,1.32432432432,11.6756756757,21.6,6,8.1990990496,0.702237650082,0.31006006006,10.329336629,1.76937710775,0.765265265265,3.0868314707,0.528762798222,0.252752752753,0.579945114934,0.437917739848,2,1.32432432432,0.579945114934,2,0.0121701261701,0.00597269624573,7,0.000900900900901,0.621196581197,37,37,37,1,0,0.72972972973,0.243243243243,0.027027027027,37,0.145645645646,1.32132132132,10.4864864865,19.4,5.54285714286,7.48191011567,0.713481119278,0.334494288103,9.41454372945,1.79555730922,0.773195876289,2.95715145786,0.563992803819,0.294232376707,0.571249793283,0.432332229917,2,1.32132132132,0.571249793283,2,0,0,0,0,0.510859449193,37,37,37,1,0,0.72972972973,0.216216216216,0.0540540540541,37,194,0.145645645646,1.32132132132,10.4864864865,19.4,5.54285714286,7.48191011567,0.713481119278,0.334494288103,9.41454372945,1.79555730922,0.773195876289,2.95715145786,0.563992803819,0.294232376707,0.571249793283,0.432332229917,2,1.32132132132,0.571249793283,2,0,0,0,0,0.510859449193,37,37,37,1,0,0.72972972973,0.216216216216,0.0540540540541,-22,-0.0165165165165,-0.003003003003,-1.18918918919,-2.2,-0.457142857143,-0.717188933934,0.011243469196,0.0244342280425,-0.914792899555,0.0261802014787,0.00793061102339,-0.12968001284,0.0352300055969,0.0414796239539,-0.00869532165105,-0.00558550993171,0,-0.003003003003,-0.00869532165105,0,-0.0121701261701,-0.00597269624573,-7,-0.000900900900901,-0.110337132004,0,-0.027027027027,0.027027027027,194,0,22,1116,0.898148148148,1,0,0.101851851852,1,0.898148148148,0.946341463415,0.938501466663,0.898148148148,0.898148148148,0,22,0,0,0,0
3780,WLNM_dir_neg,0.969008264463,0.811777387922,00:00:03,10,90,20,1238804644,threshold_sweep,0.9,0,0,0,0,0,22,44,0,1,0,1,0,0,0,0.666666666667,0.666666666667,0,0,0,216,194,22,0,216,0,194,0,22,37,216,0.162162162162,1.32432432432,11.6756756757,21.6,6,8.1990990496,0.702237650082,0.31006006006,10.329336629,1.76937710775,0.765265265265,3.0868314707,0.528762798222,0.252752752753,0.579945114934,0.437917739848,2,1.32432432432,0.579945114934,2,0.0121701261701,0.00597269624573,7,0.000900900900901,0.621196581197,37,37,37,1,0,0.72972972973,0.243243243243,0.027027027027,37,0.145645645646,1.32132132132,10.4864864865,19.4,5.54285714286,7.48191011567,0.713481119278,0.334494288103,9.41454372945,1.79555730922,0.773195876289,2.95715145786,0.563992803819,0.294232376707,0.571249793283,0.432332229917,2,1.32132132132,0.571249793283,2,0,0,0,0,0.510859449193,37,37,37,1,0,0.72972972973,0.216216216216,0.0540540540541,37,194,0.145645645646,1.32132132132,10.4864864865,19.4,5.54285714286,7.48191011567,0.713481119278,0.334494288103,9.41454372945,1.79555730922,0.773195876289,2.95715145786,0.563992803819,0.294232376707,0.571249793283,0.432332229917,2,1.32132132132,0.571249793283,2,0,0,0,0,0.510859449193,37,37,37,1,0,0.72972972973,0.216216216216,0.0540540540541,-22,-0.0165165165165,-0.003003003003,-1.18918918919,-2.2,-0.457142857143,-0.717188933934,0.011243469196,0.0244342280425,-0.914792899555,0.0261802014787,0.00793061102339,-0.12968001284,0.0352300055969,0.0414796239539,-0.00869532165105,-0.00558550993171,0,-0.003003003003,-0.00869532165105,0,-0.0121701261701,-0.00597269624573,-7,-0.000900900900901,-0.110337132004,0,-0.027027027027,0.027027027027,194,0,22,1116,0.898148148148,1,0,0.101851851852,1,0.898148148148,0.946341463415,0.938501466663,0.898148148148,0.898148148148,0,22,0,0,0,0
3781,WLNM_dir_neg,1,0.954545454545,00:00:03,10,90,21,1238804645,threshold_sweep,0.1,1,0.0454545454545,0.0869565217391,1,0,21,44,0.0454545454545,1,0,0.954545454545,1,0.0454545454545,0.0869565217391,0.681818181818,0.661616161616,0.0597014925373,0.175411603861,0.0454545454545,216,194,22,0,216,0,194,0,22,37,216,0.162162162162,1.32432432432,11.6756756757,21.6,6,8.1990990496,0.702237650082,0.31006006006,10.329336629,1.76937710775,0.765265265265,3.0868314707,0.528762798222,0.252752752753,0.579945114934,0.437917739848,2,1.32432432432,0.579945114934,2,0.0121701261701,0.00597269624573,7,0.000900900900901,0.621196581197,37,37,37,1,0,0.72972972973,0.243243243243,0.027027027027,37,0.145645645646,1.32432432432,10.4864864865,19.4,5.38888888889,7.40728478377,0.706364786081,0.331847311229,9.25984582727,1.76605307015,0.768180551686,2.84219599572,0.542068308462,0.287823906381,0.579945114934,0.437917739848,2,1.32432432432,0.579945114934,2,0.0115194412213,0.00636492220651,6,0.000772200772201,0.506793385359,37,37,37,1,0,0.72972972973,0.243243243243,0.027027027027,37,195,0.146396396396,1.32432432432,10.5405405405,19.5,5.41666666667,7.45577551892,0.707342805642,0.333749133749,9.27256601381,1.75940996159,0.767013167013,2.8052396278,0.532276237069,0.282744282744,0.579945114934,0.437917739848,2,1.32432432432,0.579945114934,2,0.0123176271623,0.00734009087732,7,0.000900900900901,0.509015607581,37,37,37,1,0,0.72972972973,0.243243243243,0.027027027027,-21,-0.0157657657658,0,-1.13513513514,-2.1,-0.583333333333,-0.74332353068,0.00510515555966,0.0236890736891,-1.05677061519,-0.00996714615044,0.0017479017479,-0.281591842906,0.00351343884696,0.0299915299915,0,0,0,0,0,0,0.000147500992221,0.00136739463158,0,0,-0.112180973616,0,0,0,195,0,21,1116,0.902777777778,1,0,0.0972222222222,1,0.902777777778,0.948905109489,0.941330856757,0.902777777778,0.902777777778,1,22,0,0,0,0
3782,WLNM_dir_neg,1,0.954545454545,00:00:03,10,90,21,1238804645,threshold_sweep,0.2,1,0.0454545454545,0.0869565217391,1,0,21,44,0.0454545454545,1,0,0.954545454545,1,0.0454545454545,0.0869565217391,0.681818181818,0.661616161616,0.0597014925373,0.175411603861,0.0454545454545,216,194,22,0,216,0,194,0,22,37,216,0.162162162162,1.32432432432,11.6756756757,21.6,6,8.1990990496,0.702237650082,0.31006006006,10.329336629,1.76937710775,0.765265265265,3.0868314707,0.528762798222,0.252752752753,0.579945114934,0.437917739848,2,1.32432432432,0.579945114934,2,0.0121701261701,0.00597269624573,7,0.000900900900901,0.621196581197,37,37,37,1,0,0.72972972973,0.243243243243,0.027027027027,37,0.145645645646,1.32432432432,10.4864864865,19.4,5.38888888889,7.40728478377,0.706364786081,0.331847311229,9.25984582727,1.76605307015,0.768180551686,2.84219599572,0.542068308462,0.287823906381,0.579945114934,0.437917739848,2,1.32432432432,0.579945114934,2,0.0115194412213,0.00636492220651,6,0.000772200772201,0.506793385359,37,37,37,1,0,0.72972972973,0.243243243243,0.027027027027,37,195,0.146396396396,1.32432432432,10.5405405405,19.5,5.41666666667,7.45577551892,0.707342805642,0.333749133749,9.27256601381,1.75940996159,0.767013167013,2.8052396278,0.532276237069,0.282744282744,0.579945114934,0.437917739848,2,1.32432432432,0.579945114934,2,0.0123176271623,0.00734009087732,7,0.000900900900901,0.509015607581,37,37,37,1,0,0.72972972973,0.243243243243,0.027027027027,-21,-0.0157657657658,0,-1.13513513514,-2.1,-0.583333333333,-0.74332353068,0.00510515555966,0.0236890736891,-1.05677061519,-0.00996714615044,0.0017479017479,-0.281591842906,0.00351343884696,0.0299915299915,0,0,0,0,0,0,0.000147500992221,0.00136739463158,0,0,-0.112180973616,0,0,0,195,0,21,1116,0.902777777778,1,0,0.0972222222222,1,0.902777777778,0.948905109489,0.941330856757,0.902777777778,0.902777777778,1,22,0,0,0,0
3783,WLNM_dir_neg,1,0.954545454545,00:00:03,10,90,21,1238804645,threshold_sweep,0.3,1,0.0454545454545,0.0869565217391,1,0,21,44,0.0454545454545,1,0,0.954545454545,1,0.0454545454545,0.0869565217391,0.681818181818,0.661616161616,0.0597014925373,0.175411603861,0.0454545454545,216,194,22,0,216,0,194,0,22,37,216,0.162162162162,1.32432432432,11.6756756757,21.6,6,8.1990990496,0.702237650082,0.31006006006,10.329336629,1.76937710775,0.765265265265,3.0868314707,0.528762798222,0.252752752753,0.579945114934,0.437917739848,2,1.32432432432,0.579945114934,2,0.0121701261701,0.00597269624573,7,0.000900900900901,0.621196581197,37,37,37,1,0,0.72972972973,0.243243243243,0.027027027027,37,0.145645645646,1.32432432432,10.4864864865,19.4,5.38888888889,7.40728478377,0.706364786081,0.331847311229,9.25984582727,1.76605307015,0.768180551686,2.84219599572,0.542068308462,0.287823906381,0.579945114934,0.437917739848,2,1.32432432432,0.579945114934,2,0.0115194412213,0.00636492220651,6,0.000772200772201,0.506793385359,37,37,37,1,0,0.72972972973,0.243243243243,0.027027027027,37,195,0.146396396396,1.32432432432,10.5405405405,19.5,5.41666666667,7.45577551892,0.707342805642,0.333749133749,9.27256601381,1.75940996159,0.767013167013,2.8052396278,0.532276237069,0.282744282744,0.579945114934,0.437917739848,2,1.32432432432,0.579945114934,2,0.0123176271623,0.00734009087732,7,0.000900900900901,0.509015607581,37,37,37,1,0,0.72972972973,0.243243243243,0.027027027027,-21,-0.0157657657658,0,-1.13513513514,-2.1,-0.583333333333,-0.74332353068,0.00510515555966,0.0236890736891,-1.05677061519,-0.00996714615044,0.0017479017479,-0.281591842906,0.00351343884696,0.0299915299915,0,0,0,0,0,0,0.000147500992221,0.00136739463158,0,0,-0.112180973616,0,0,0,195,0,21,1116,0.902777777778,1,0,0.0972222222222,1,0.902777777778,0.948905109489,0.941330856757,0.902777777778,0.902777777778,1,22,0,0,0,0
3784,WLNM_dir_neg,1,0.954545454545,00:00:03,10,90,21,1238804645,threshold_sweep,0.4,1,0.0454545454545,0.0869565217391,1,0,21,44,0.0454545454545,1,0,0.954545454545,1,0.0454545454545,0.0869565217391,0.681818181818,0.661616161616,0.0597014925373,0.175411603861,0.0454545454545,216,194,22,0,216,0,194,0,22,37,216,0.162162162162,1.32432432432,11.6756756757,21.6,6,8.1990990496,0.702237650082,0.31006006006,10.329336629,1.76937710775,0.765265265265,3.0868314707,0.528762798222,0.252752752753,0.579945114934,0.437917739848,2,1.32432432432,0.579945114934,2,0.0121701261701,0.00597269624573,7,0.000900900900901,0.621196581197,37,37,37,1,0,0.72972972973,0.243243243243,0.027027027027,37,0.145645645646,1.32432432432,10.4864864865,19.4,5.38888888889,7.40728478377,0.706364786081,0.331847311229,9.25984582727,1.76605307015,0.768180551686,2.84219599572,0.542068308462,0.287823906381,0.579945114934,0.437917739848,2,1.32432432432,0.579945114934,2,0.0115194412213,0.00636492220651,6,0.000772200772201,0.506793385359,37,37,37,1,0,0.72972972973,0.243243243243,0.027027027027,37,195,0.146396396396,1.32432432432,10.5405405405,19.5,5.41666666667,7.45577551892,0.707342805642,0.333749133749,9.27256601381,1.75940996159,0.767013167013,2.8052396278,0.532276237069,0.282744282744,0.579945114934,0.437917739848,2,1.32432432432,0.579945114934,2,0.0123176271623,0.00734009087732,7,0.000900900900901,0.509015607581,37,37,37,1,0,0.72972972973,0.243243243243,0.027027027027,-21,-0.0157657657658,0,-1.13513513514,-2.1,-0.583333333333,-0.74332353068,0.00510515555966,0.0236890736891,-1.05677061519,-0.00996714615044,0.0017479017479,-0.281591842906,0.00351343884696,0.0299915299915,0,0,0,0,0,0,0.000147500992221,0.00136739463158,0,0,-0.112180973616,0,0,0,195,0,21,1116,0.902777777778,1,0,0.0972222222222,1,0.902777777778,0.948905109489,0.941330856757,0.902777777778,0.902777777778,1,22,0,0,0,0
3785,WLNM_dir_neg,1,0.954545454545,00:00:03,10,90,21,1238804645,threshold_sweep,0.5,1,0.0454545454545,0.0869565217391,1,0,21,44,0.0454545454545,1,0,0.954545454545,1,0.0454545454545,0.0869565217391,0.681818181818,0.661616161616,0.0597014925373,0.175411603861,0.0454545454545,216,194,22,0,216,0,194,0,22,37,216,0.162162162162,1.32432432432,11.6756756757,21.6,6,8.1990990496,0.702237650082,0.31006006006,10.329336629,1.76937710775,0.765265265265,3.0868314707,0.528762798222,0.252752752753,0.579945114934,0.437917739848,2,1.32432432432,0.579945114934,2,0.0121701261701,0.00597269624573,7,0.000900900900901,0.621196581197,37,37,37,1,0,0.72972972973,0.243243243243,0.027027027027,37,0.145645645646,1.32432432432,10.4864864865,19.4,5.38888888889,7.40728478377,0.706364786081,0.331847311229,9.25984582727,1.76605307015,0.768180551686,2.84219599572,0.542068308462,0.287823906381,0.579945114934,0.437917739848,2,1.32432432432,0.579945114934,2,0.0115194412213,0.00636492220651,6,0.000772200772201,0.506793385359,37,37,37,1,0,0.72972972973,0.243243243243,0.027027027027,37,195,0.146396396396,1.32432432432,10.5405405405,19.5,5.41666666667,7.45577551892,0.707342805642,0.333749133749,9.27256601381,1.75940996159,0.767013167013,2.8052396278,0.532276237069,0.282744282744,0.579945114934,0.437917739848,2,1.32432432432,0.579945114934,2,0.0123176271623,0.00734009087732,7,0.000900900900901,0.509015607581,37,37,37,1,0,0.72972972973,0.243243243243,0.027027027027,-21,-0.0157657657658,0,-1.13513513514,-2.1,-0.583333333333,-0.74332353068,0.00510515555966,0.0236890736891,-1.05677061519,-0.00996714615044,0.0017479017479,-0.281591842906,0.00351343884696,0.0299915299915,0,0,0,0,0,0,0.000147500992221,0.00136739463158,0,0,-0.112180973616,0,0,0,195,0,21,1116,0.902777777778,1,0,0.0972222222222,1,0.902777777778,0.948905109489,0.941330856757,0.902777777778,0.902777777778,1,22,0,0,0,0
3786,WLNM_dir_neg,1,0.954545454545,00:00:03,10,90,21,1238804645,threshold_sweep,0.6,1,0.0454545454545,0.0869565217391,1,0,21,44,0.0454545454545,1,0,0.954545454545,1,0.0454545454545,0.0869565217391,0.681818181818,0.661616161616,0.0597014925373,0.175411603861,0.0454545454545,216,194,22,0,216,0,194,0,22,37,216,0.162162162162,1.32432432432,11.6756756757,21.6,6,8.1990990496,0.702237650082,0.31006006006,10.329336629,1.76937710775,0.765265265265,3.0868314707,0.528762798222,0.252752752753,0.579945114934,0.437917739848,2,1.32432432432,0.579945114934,2,0.0121701261701,0.00597269624573,7,0.000900900900901,0.621196581197,37,37,37,1,0,0.72972972973,0.243243243243,0.027027027027,37,0.145645645646,1.32432432432,10.4864864865,19.4,5.38888888889,7.40728478377,0.706364786081,0.331847311229,9.25984582727,1.76605307015,0.768180551686,2.84219599572,0.542068308462,0.287823906381,0.579945114934,0.437917739848,2,1.32432432432,0.579945114934,2,0.0115194412213,0.00636492220651,6,0.000772200772201,0.506793385359,37,37,37,1,0,0.72972972973,0.243243243243,0.027027027027,37,195,0.146396396396,1.32432432432,10.5405405405,19.5,5.41666666667,7.45577551892,0.707342805642,0.333749133749,9.27256601381,1.75940996159,0.767013167013,2.8052396278,0.532276237069,0.282744282744,0.579945114934,0.437917739848,2,1.32432432432,0.579945114934,2,0.0123176271623,0.00734009087732,7,0.000900900900901,0.509015607581,37,37,37,1,0,0.72972972973,0.243243243243,0.027027027027,-21,-0.0157657657658,0,-1.13513513514,-2.1,-0.583333333333,-0.74332353068,0.00510515555966,0.0236890736891,-1.05677061519,-0.00996714615044,0.0017479017479,-0.281591842906,0.00351343884696,0.0299915299915,0,0,0,0,0,0,0.000147500992221,0.00136739463158,0,0,-0.112180973616,0,0,0,195,0,21,1116,0.902777777778,1,0,0.0972222222222,1,0.902777777778,0.948905109489,0.941330856757,0.902777777778,0.902777777778,1,22,0,0,0,0
3787,WLNM_dir_neg,1,0.954545454545,00:00:03,10,90,21,1238804645,threshold_sweep,0.7,1,0.0454545454545,0.0869565217391,1,0,21,44,0.0454545454545,1,0,0.954545454545,1,0.0454545454545,0.0869565217391,0.681818181818,0.661616161616,0.0597014925373,0.175411603861,0.0454545454545,216,194,22,0,216,0,194,0,22,37,216,0.162162162162,1.32432432432,11.6756756757,21.6,6,8.1990990496,0.702237650082,0.31006006006,10.329336629,1.76937710775,0.765265265265,3.0868314707,0.528762798222,0.252752752753,0.579945114934,0.437917739848,2,1.32432432432,0.579945114934,2,0.0121701261701,0.00597269624573,7,0.000900900900901,0.621196581197,37,37,37,1,0,0.72972972973,0.243243243243,0.027027027027,37,0.145645645646,1.32432432432,10.4864864865,19.4,5.38888888889,7.40728478377,0.706364786081,0.331847311229,9.25984582727,1.76605307015,0.768180551686,2.84219599572,0.542068308462,0.287823906381,0.579945114934,0.437917739848,2,1.32432432432,0.579945114934,2,0.0115194412213,0.00636492220651,6,0.000772200772201,0.506793385359,37,37,37,1,0,0.72972972973,0.243243243243,0.027027027027,37,195,0.146396396396,1.32432432432,10.5405405405,19.5,5.41666666667,7.45577551892,0.707342805642,0.333749133749,9.27256601381,1.75940996159,0.767013167013,2.8052396278,0.532276237069,0.282744282744,0.579945114934,0.437917739848,2,1.32432432432,0.579945114934,2,0.0123176271623,0.00734009087732,7,0.000900900900901,0.509015607581,37,37,37,1,0,0.72972972973,0.243243243243,0.027027027027,-21,-0.0157657657658,0,-1.13513513514,-2.1,-0.583333333333,-0.74332353068,0.00510515555966,0.0236890736891,-1.05677061519,-0.00996714615044,0.0017479017479,-0.281591842906,0.00351343884696,0.0299915299915,0,0,0,0,0,0,0.000147500992221,0.00136739463158,0,0,-0.112180973616,0,0,0,195,0,21,1116,0.902777777778,1,0,0.0972222222222,1,0.902777777778,0.948905109489,0.941330856757,0.902777777778,0.902777777778,1,22,0,0,0,0
3788,WLNM_dir_neg,1,0.954545454545,00:00:03,10,90,21,1238804645,threshold_sweep,0.8,1,0.0454545454545,0.0869565217391,1,0,21,44,0.0454545454545,1,0,0.954545454545,1,0.0454545454545,0.0869565217391,0.681818181818,0.661616161616,0.0597014925373,0.175411603861,0.0454545454545,216,194,22,0,216,0,194,0,22,37,216,0.162162162162,1.32432432432,11.6756756757,21.6,6,8.1990990496,0.702237650082,0.31006006006,10.329336629,1.76937710775,0.765265265265,3.0868314707,0.528762798222,0.252752752753,0.579945114934,0.437917739848,2,1.32432432432,0.579945114934,2,0.0121701261701,0.00597269624573,7,0.000900900900901,0.621196581197,37,37,37,1,0,0.72972972973,0.243243243243,0.027027027027,37,0.145645645646,1.32432432432,10.4864864865,19.4,5.38888888889,7.40728478377,0.706364786081,0.331847311229,9.25984582727,1.76605307015,0.768180551686,2.84219599572,0.542068308462,0.287823906381,0.579945114934,0.437917739848,2,1.32432432432,0.579945114934,2,0.0115194412213,0.00636492220651,6,0.000772200772201,0.506793385359,37,37,37,1,0,0.72972972973,0.243243243243,0.027027027027,37,195,0.146396396396,1.32432432432,10.5405405405,19.5,5.41666666667,7.45577551892,0.707342805642,0.333749133749,9.27256601381,1.75940996159,0.767013167013,2.8052396278,0.532276237069,0.282744282744,0.579945114934,0.437917739848,2,1.32432432432,0.579945114934,2,0.0123176271623,0.00734009087732,7,0.000900900900901,0.509015607581,37,37,37,1,0,0.72972972973,0.243243243243,0.027027027027,-21,-0.0157657657658,0,-1.13513513514,-2.1,-0.583333333333,-0.74332353068,0.00510515555966,0.0236890736891,-1.05677061519,-0.00996714615044,0.0017479017479,-0.281591842906,0.00351343884696,0.0299915299915,0,0,0,0,0,0,0.000147500992221,0.00136739463158,0,0,-0.112180973616,0,0,0,195,0,21,1116,0.902777777778,1,0,0.0972222222222,1,0.902777777778,0.948905109489,0.941330856757,0.902777777778,0.902777777778,1,22,0,0,0,0
3789,WLNM_dir_neg,1,0.954545454545,00:00:03,10,90,21,1238804645,threshold_sweep,0.9,1,0.0454545454545,0.0869565217391,1,0,21,44,0.0454545454545,1,0,0.954545454545,1,0.0454545454545,0.0869565217391,0.681818181818,0.661616161616,0.0597014925373,0.175411603861,0.0454545454545,216,194,22,0,216,0,194,0,22,37,216,0.162162162162,1.32432432432,11.6756756757,21.6,6,8.1990990496,0.702237650082,0.31006006006,10.329336629,1.76937710775,0.765265265265,3.0868314707,0.528762798222,0.252752752753,0.579945114934,0.437917739848,2,1.32432432432,0.579945114934,2,0.0121701261701,0.00597269624573,7,0.000900900900901,0.621196581197,37,37,37,1,0,0.72972972973,0.243243243243,0.027027027027,37,0.145645645646,1.32432432432,10.4864864865,19.4,5.38888888889,7.40728478377,0.706364786081,0.331847311229,9.25984582727,1.76605307015,0.768180551686,2.84219599572,0.542068308462,0.287823906381,0.579945114934,0.437917739848,2,1.32432432432,0.579945114934,2,0.0115194412213,0.00636492220651,6,0.000772200772201,0.506793385359,37,37,37,1,0,0.72972972973,0.243243243243,0.027027027027,37,195,0.146396396396,1.32432432432,10.5405405405,19.5,5.41666666667,7.45577551892,0.707342805642,0.333749133749,9.27256601381,1.75940996159,0.767013167013,2.8052396278,0.532276237069,0.282744282744,0.579945114934,0.437917739848,2,1.32432432432,0.579945114934,2,0.0123176271623,0.00734009087732,7,0.000900900900901,0.509015607581,37,37,37,1,0,0.72972972973,0.243243243243,0.027027027027,-21,-0.0157657657658,0,-1.13513513514,-2.1,-0.583333333333,-0.74332353068,0.00510515555966,0.0236890736891,-1.05677061519,-0.00996714615044,0.0017479017479,-0.281591842906,0.00351343884696,0.0299915299915,0,0,0,0,0,0,0.000147500992221,0.00136739463158,0,0,-0.112180973616,0,0,0,195,0,21,1116,0.902777777778,1,0,0.0972222222222,1,0.902777777778,0.948905109489,0.941330856757,0.902777777778,0.902777777778,1,22,0,0,0,0
3790,WLNM_dir_neg,1,0.954545454545,00:00:03,10,90,22,1238804646,threshold_sweep,0.1,0,0,0,0,0,22,44,0,1,0,1,0,0,0,0.666666666667,0.666666666667,0,0,0,216,194,22,0,216,0,194,0,22,37,216,0.162162162162,1.32432432432,11.6756756757,21.6,6,8.1990990496,0.702237650082,0.31006006006,10.329336629,1.76937710775,0.765265265265,3.0868314707,0.528762798222,0.252752752753,0.579945114934,0.437917739848,2,1.32432432432,0.579945114934,2,0.0121701261701,0.00597269624573,7,0.000900900900901,0.621196581197,37,37,37,1,0,0.72972972973,0.243243243243,0.027027027027,37,0.145645645646,1.32432432432,10.4864864865,19.4,5.38888888889,7.39602604114,0.705291143098,0.328364446921,9.26584350482,1.76719695711,0.767901922541,2.78293814964,0.530766554314,0.278071886319,0.579945114934,0.437917739848,2,1.32432432432,0.579945114934,2,0.0125909246033,0.00637168141593,6,0.000772200772201,0.497373219373,37,37,37,1,0,0.72972972973,0.243243243243,0.027027027027,37,194,0.145645645646,1.32432432432,10.4864864865,19.4,5.38888888889,7.39602604114,0.705291143098,0.328364446921,9.26584350482,1.76719695711,0.767901922541,2.78293814964,0.530766554314,0.278071886319,0.579945114934,0.437917739848,2,1.32432432432,0.579945114934,2,0.0125909246033,0.00637168141593,6,0.000772200772201,0.497373219373,37,37,37,1,0,0.72972972973,0.243243243243,0.027027027027,-22,-0.0165165165165,0,-1.18918918919,-2.2,-0.611111111111,-0.803073008466,0.00305349301641,0.0183043868611,-1.06349312418,-0.00218015064005,0.00263665727583,-0.30389332106,0.00200375609113,0.0253191335666,0,0,0,0,0,0,0.000420798433221,0.000398985170195,-1,-0.0001287001287,-0.123823361823,0,0,0,194,0,22,1116,0.898148148148,1,0,0.101851851852,1,0.898148148148,0.946341463415,0.938501466663,0.898148148148,0.898148148148,0,22,0,0,0,0
3791,WLNM_dir_neg,1,0.954545454545,00:00:03,10,90,22,1238804646,threshold_sweep,0.2,0,0,0,0,0,22,44,0,1,0,1,0,0,0,0.666666666667,0.666666666667,0,0,0,216,194,22,0,216,0,194,0,22,37,216,0.162162162162,1.32432432432,11.6756756757,21.6,6,8.1990990496,0.702237650082,0.31006006006,10.329336629,1.76937710775,0.765265265265,3.0868314707,0.528762798222,0.252752752753,0.579945114934,0.437917739848,2,1.32432432432,0.579945114934,2,0.0121701261701,0.00597269624573,7,0.000900900900901,0.621196581197,37,37,37,1,0,0.72972972973,0.243243243243,0.027027027027,37,0.145645645646,1.32432432432,10.4864864865,19.4,5.38888888889,7.39602604114,0.705291143098,0.328364446921,9.26584350482,1.76719695711,0.767901922541,2.78293814964,0.530766554314,0.278071886319,0.579945114934,0.437917739848,2,1.32432432432,0.579945114934,2,0.0125909246033,0.00637168141593,6,0.000772200772201,0.497373219373,37,37,37,1,0,0.72972972973,0.243243243243,0.027027027027,37,194,0.145645645646,1.32432432432,10.4864864865,19.4,5.38888888889,7.39602604114,0.705291143098,0.328364446921,9.26584350482,1.76719695711,0.767901922541,2.78293814964,0.530766554314,0.278071886319,0.579945114934,0.437917739848,2,1.32432432432,0.579945114934,2,0.0125909246033,0.00637168141593,6,0.000772200772201,0.497373219373,37,37,37,1,0,0.72972972973,0.243243243243,0.027027027027,-22,-0.0165165165165,0,-1.18918918919,-2.2,-0.611111111111,-0.803073008466,0.00305349301641,0.0183043868611,-1.06349312418,-0.00218015064005,0.00263665727583,-0.30389332106,0.00200375609113,0.0253191335666,0,0,0,0,0,0,0.000420798433221,0.000398985170195,-1,-0.0001287001287,-0.123823361823,0,0,0,194,0,22,1116,0.898148148148,1,0,0.101851851852,1,0.898148148148,0.946341463415,0.938501466663,0.898148148148,0.898148148148,0,22,0,0,0,0
3792,WLNM_dir_neg,1,0.954545454545,00:00:03,10,90,22,1238804646,threshold_sweep,0.3,0,0,0,0,0,22,44,0,1,0,1,0,0,0,0.666666666667,0.666666666667,0,0,0,216,194,22,0,216,0,194,0,22,37,216,0.162162162162,1.32432432432,11.6756756757,21.6,6,8.1990990496,0.702237650082,0.31006006006,10.329336629,1.76937710775,0.765265265265,3.0868314707,0.528762798222,0.252752752753,0.579945114934,0.437917739848,2,1.32432432432,0.579945114934,2,0.0121701261701,0.00597269624573,7,0.000900900900901,0.621196581197,37,37,37,1,0,0.72972972973,0.243243243243,0.027027027027,37,0.145645645646,1.32432432432,10.4864864865,19.4,5.38888888889,7.39602604114,0.705291143098,0.328364446921,9.26584350482,1.76719695711,0.767901922541,2.78293814964,0.530766554314,0.278071886319,0.579945114934,0.437917739848,2,1.32432432432,0.579945114934,2,0.0125909246033,0.00637168141593,6,0.000772200772201,0.497373219373,37,37,37,1,0,0.72972972973,0.243243243243,0.027027027027,37,194,0.145645645646,1.32432432432,10.4864864865,19.4,5.38888888889,7.39602604114,0.705291143098,0.328364446921,9.26584350482,1.76719695711,0.767901922541,2.78293814964,0.530766554314,0.278071886319,0.579945114934,0.437917739848,2,1.32432432432,0.579945114934,2,0.0125909246033,0.00637168141593,6,0.000772200772201,0.497373219373,37,37,37,1,0,0.72972972973,0.243243243243,0.027027027027,-22,-0.0165165165165,0,-1.18918918919,-2.2,-0.611111111111,-0.803073008466,0.00305349301641,0.0183043868611,-1.06349312418,-0.00218015064005,0.00263665727583,-0.30389332106,0.00200375609113,0.0253191335666,0,0,0,0,0,0,0.000420798433221,0.000398985170195,-1,-0.0001287001287,-0.123823361823,0,0,0,194,0,22,1116,0.898148148148,1,0,0.101851851852,1,0.898148148148,0.946341463415,0.938501466663,0.898148148148,0.898148148148,0,22,0,0,0,0
3793,WLNM_dir_neg,1,0.954545454545,00:00:03,10,90,22,1238804646,threshold_sweep,0.4,0,0,0,0,0,22,44,0,1,0,1,0,0,0,0.666666666667,0.666666666667,0,0,0,216,194,22,0,216,0,194,0,22,37,216,0.162162162162,1.32432432432,11.6756756757,21.6,6,8.1990990496,0.702237650082,0.31006006006,10.329336629,1.76937710775,0.765265265265,3.0868314707,0.528762798222,0.252752752753,0.579945114934,0.437917739848,2,1.32432432432,0.579945114934,2,0.0121701261701,0.00597269624573,7,0.000900900900901,0.621196581197,37,37,37,1,0,0.72972972973,0.243243243243,0.027027027027,37,0.145645645646,1.32432432432,10.4864864865,19.4,5.38888888889,7.39602604114,0.705291143098,0.328364446921,9.26584350482,1.76719695711,0.767901922541,2.78293814964,0.530766554314,0.278071886319,0.579945114934,0.437917739848,2,1.32432432432,0.579945114934,2,0.0125909246033,0.00637168141593,6,0.000772200772201,0.497373219373,37,37,37,1,0,0.72972972973,0.243243243243,0.027027027027,37,194,0.145645645646,1.32432432432,10.4864864865,19.4,5.38888888889,7.39602604114,0.705291143098,0.328364446921,9.26584350482,1.76719695711,0.767901922541,2.78293814964,0.530766554314,0.278071886319,0.579945114934,0.437917739848,2,1.32432432432,0.579945114934,2,0.0125909246033,0.00637168141593,6,0.000772200772201,0.497373219373,37,37,37,1,0,0.72972972973,0.243243243243,0.027027027027,-22,-0.0165165165165,0,-1.18918918919,-2.2,-0.611111111111,-0.803073008466,0.00305349301641,0.0183043868611,-1.06349312418,-0.00218015064005,0.00263665727583,-0.30389332106,0.00200375609113,0.0253191335666,0,0,0,0,0,0,0.000420798433221,0.000398985170195,-1,-0.0001287001287,-0.123823361823,0,0,0,194,0,22,1116,0.898148148148,1,0,0.101851851852,1,0.898148148148,0.946341463415,0.938501466663,0.898148148148,0.898148148148,0,22,0,0,0,0
3794,WLNM_dir_neg,1,0.954545454545,00:00:03,10,90,22,1238804646,threshold_sweep,0.5,0,0,0,0,0,22,44,0,1,0,1,0,0,0,0.666666666667,0.666666666667,0,0,0,216,194,22,0,216,0,194,0,22,37,216,0.162162162162,1.32432432432,11.6756756757,21.6,6,8.1990990496,0.702237650082,0.31006006006,10.329336629,1.76937710775,0.765265265265,3.0868314707,0.528762798222,0.252752752753,0.579945114934,0.437917739848,2,1.32432432432,0.579945114934,2,0.0121701261701,0.00597269624573,7,0.000900900900901,0.621196581197,37,37,37,1,0,0.72972972973,0.243243243243,0.027027027027,37,0.145645645646,1.32432432432,10.4864864865,19.4,5.38888888889,7.39602604114,0.705291143098,0.328364446921,9.26584350482,1.76719695711,0.767901922541,2.78293814964,0.530766554314,0.278071886319,0.579945114934,0.437917739848,2,1.32432432432,0.579945114934,2,0.0125909246033,0.00637168141593,6,0.000772200772201,0.497373219373,37,37,37,1,0,0.72972972973,0.243243243243,0.027027027027,37,194,0.145645645646,1.32432432432,10.4864864865,19.4,5.38888888889,7.39602604114,0.705291143098,0.328364446921,9.26584350482,1.76719695711,0.767901922541,2.78293814964,0.530766554314,0.278071886319,0.579945114934,0.437917739848,2,1.32432432432,0.579945114934,2,0.0125909246033,0.00637168141593,6,0.000772200772201,0.497373219373,37,37,37,1,0,0.72972972973,0.243243243243,0.027027027027,-22,-0.0165165165165,0,-1.18918918919,-2.2,-0.611111111111,-0.803073008466,0.00305349301641,0.0183043868611,-1.06349312418,-0.00218015064005,0.00263665727583,-0.30389332106,0.00200375609113,0.0253191335666,0,0,0,0,0,0,0.000420798433221,0.000398985170195,-1,-0.0001287001287,-0.123823361823,0,0,0,194,0,22,1116,0.898148148148,1,0,0.101851851852,1,0.898148148148,0.946341463415,0.938501466663,0.898148148148,0.898148148148,0,22,0,0,0,0
3795,WLNM_dir_neg,1,0.954545454545,00:00:03,10,90,22,1238804646,threshold_sweep,0.6,0,0,0,0,0,22,44,0,1,0,1,0,0,0,0.666666666667,0.666666666667,0,0,0,216,194,22,0,216,0,194,0,22,37,216,0.162162162162,1.32432432432,11.6756756757,21.6,6,8.1990990496,0.702237650082,0.31006006006,10.329336629,1.76937710775,0.765265265265,3.0868314707,0.528762798222,0.252752752753,0.579945114934,0.437917739848,2,1.32432432432,0.579945114934,2,0.0121701261701,0.00597269624573,7,0.000900900900901,0.621196581197,37,37,37,1,0,0.72972972973,0.243243243243,0.027027027027,37,0.145645645646,1.32432432432,10.4864864865,19.4,5.38888888889,7.39602604114,0.705291143098,0.328364446921,9.26584350482,1.76719695711,0.767901922541,2.78293814964,0.530766554314,0.278071886319,0.579945114934,0.437917739848,2,1.32432432432,0.579945114934,2,0.0125909246033,0.00637168141593,6,0.000772200772201,0.497373219373,37,37,37,1,0,0.72972972973,0.243243243243,0.027027027027,37,194,0.145645645646,1.32432432432,10.4864864865,19.4,5.38888888889,7.39602604114,0.705291143098,0.328364446921,9.26584350482,1.76719695711,0.767901922541,2.78293814964,0.530766554314,0.278071886319,0.579945114934,0.437917739848,2,1.32432432432,0.579945114934,2,0.0125909246033,0.00637168141593,6,0.000772200772201,0.497373219373,37,37,37,1,0,0.72972972973,0.243243243243,0.027027027027,-22,-0.0165165165165,0,-1.18918918919,-2.2,-0.611111111111,-0.803073008466,0.00305349301641,0.0183043868611,-1.06349312418,-0.00218015064005,0.00263665727583,-0.30389332106,0.00200375609113,0.0253191335666,0,0,0,0,0,0,0.000420798433221,0.000398985170195,-1,-0.0001287001287,-0.123823361823,0,0,0,194,0,22,1116,0.898148148148,1,0,0.101851851852,1,0.898148148148,0.946341463415,0.938501466663,0.898148148148,0.898148148148,0,22,0,0,0,0
3796,WLNM_dir_neg,1,0.954545454545,00:00:03,10,90,22,1238804646,threshold_sweep,0.7,0,0,0,0,0,22,44,0,1,0,1,0,0,0,0.666666666667,0.666666666667,0,0,0,216,194,22,0,216,0,194,0,22,37,216,0.162162162162,1.32432432432,11.6756756757,21.6,6,8.1990990496,0.702237650082,0.31006006006,10.329336629,1.76937710775,0.765265265265,3.0868314707,0.528762798222,0.252752752753,0.579945114934,0.437917739848,2,1.32432432432,0.579945114934,2,0.0121701261701,0.00597269624573,7,0.000900900900901,0.621196581197,37,37,37,1,0,0.72972972973,0.243243243243,0.027027027027,37,0.145645645646,1.32432432432,10.4864864865,19.4,5.38888888889,7.39602604114,0.705291143098,0.328364446921,9.26584350482,1.76719695711,0.767901922541,2.78293814964,0.530766554314,0.278071886319,0.579945114934,0.437917739848,2,1.32432432432,0.579945114934,2,0.0125909246033,0.00637168141593,6,0.000772200772201,0.497373219373,37,37,37,1,0,0.72972972973,0.243243243243,0.027027027027,37,194,0.145645645646,1.32432432432,10.4864864865,19.4,5.38888888889,7.39602604114,0.705291143098,0.328364446921,9.26584350482,1.76719695711,0.767901922541,2.78293814964,0.530766554314,0.278071886319,0.579945114934,0.437917739848,2,1.32432432432,0.579945114934,2,0.0125909246033,0.00637168141593,6,0.000772200772201,0.497373219373,37,37,37,1,0,0.72972972973,0.243243243243,0.027027027027,-22,-0.0165165165165,0,-1.18918918919,-2.2,-0.611111111111,-0.803073008466,0.00305349301641,0.0183043868611,-1.06349312418,-0.00218015064005,0.00263665727583,-0.30389332106,0.00200375609113,0.0253191335666,0,0,0,0,0,0,0.000420798433221,0.000398985170195,-1,-0.0001287001287,-0.123823361823,0,0,0,194,0,22,1116,0.898148148148,1,0,0.101851851852,1,0.898148148148,0.946341463415,0.938501466663,0.898148148148,0.898148148148,0,22,0,0,0,0
3797,WLNM_dir_neg,1,0.954545454545,00:00:03,10,90,22,1238804646,threshold_sweep,0.8,0,0,0,0,0,22,44,0,1,0,1,0,0,0,0.666666666667,0.666666666667,0,0,0,216,194,22,0,216,0,194,0,22,37,216,0.162162162162,1.32432432432,11.6756756757,21.6,6,8.1990990496,0.702237650082,0.31006006006,10.329336629,1.76937710775,0.765265265265,3.0868314707,0.528762798222,0.252752752753,0.579945114934,0.437917739848,2,1.32432432432,0.579945114934,2,0.0121701261701,0.00597269624573,7,0.000900900900901,0.621196581197,37,37,37,1,0,0.72972972973,0.243243243243,0.027027027027,37,0.145645645646,1.32432432432,10.4864864865,19.4,5.38888888889,7.39602604114,0.705291143098,0.328364446921,9.26584350482,1.76719695711,0.767901922541,2.78293814964,0.530766554314,0.278071886319,0.579945114934,0.437917739848,2,1.32432432432,0.579945114934,2,0.0125909246033,0.00637168141593,6,0.000772200772201,0.497373219373,37,37,37,1,0,0.72972972973,0.243243243243,0.027027027027,37,194,0.145645645646,1.32432432432,10.4864864865,19.4,5.38888888889,7.39602604114,0.705291143098,0.328364446921,9.26584350482,1.76719695711,0.767901922541,2.78293814964,0.530766554314,0.278071886319,0.579945114934,0.437917739848,2,1.32432432432,0.579945114934,2,0.0125909246033,0.00637168141593,6,0.000772200772201,0.497373219373,37,37,37,1,0,0.72972972973,0.243243243243,0.027027027027,-22,-0.0165165165165,0,-1.18918918919,-2.2,-0.611111111111,-0.803073008466,0.00305349301641,0.0183043868611,-1.06349312418,-0.00218015064005,0.00263665727583,-0.30389332106,0.00200375609113,0.0253191335666,0,0,0,0,0,0,0.000420798433221,0.000398985170195,-1,-0.0001287001287,-0.123823361823,0,0,0,194,0,22,1116,0.898148148148,1,0,0.101851851852,1,0.898148148148,0.946341463415,0.938501466663,0.898148148148,0.898148148148,0,22,0,0,0,0
3798,WLNM_dir_neg,1,0.954545454545,00:00:03,10,90,22,1238804646,threshold_sweep,0.9,0,0,0,0,0,22,44,0,1,0,1,0,0,0,0.666666666667,0.666666666667,0,0,0,216,194,22,0,216,0,194,0,22,37,216,0.162162162162,1.32432432432,11.6756756757,21.6,6,8.1990990496,0.702237650082,0.31006006006,10.329336629,1.76937710775,0.765265265265,3.0868314707,0.528762798222,0.252752752753,0.579945114934,0.437917739848,2,1.32432432432,0.579945114934,2,0.0121701261701,0.00597269624573,7,0.000900900900901,0.621196581197,37,37,37,1,0,0.72972972973,0.243243243243,0.027027027027,37,0.145645645646,1.32432432432,10.4864864865,19.4,5.38888888889,7.39602604114,0.705291143098,0.328364446921,9.26584350482,1.76719695711,0.767901922541,2.78293814964,0.530766554314,0.278071886319,0.579945114934,0.437917739848,2,1.32432432432,0.579945114934,2,0.0125909246033,0.00637168141593,6,0.000772200772201,0.497373219373,37,37,37,1,0,0.72972972973,0.243243243243,0.027027027027,37,194,0.145645645646,1.32432432432,10.4864864865,19.4,5.38888888889,7.39602604114,0.705291143098,0.328364446921,9.26584350482,1.76719695711,0.767901922541,2.78293814964,0.530766554314,0.278071886319,0.579945114934,0.437917739848,2,1.32432432432,0.579945114934,2,0.0125909246033,0.00637168141593,6,0.000772200772201,0.497373219373,37,37,37,1,0,0.72972972973,0.243243243243,0.027027027027,-22,-0.0165165165165,0,-1.18918918919,-2.2,-0.611111111111,-0.803073008466,0.00305349301641,0.0183043868611,-1.06349312418,-0.00218015064005,0.00263665727583,-0.30389332106,0.00200375609113,0.0253191335666,0,0,0,0,0,0,0.000420798433221,0.000398985170195,-1,-0.0001287001287,-0.123823361823,0,0,0,194,0,22,1116,0.898148148148,1,0,0.101851851852,1,0.898148148148,0.946341463415,0.938501466663,0.898148148148,0.898148148148,0,22,0,0,0,0
3799,WLNM_dir_neg,0.989669421488,0.934782608696,00:00:03,10,90,23,1238804647,threshold_sweep,0.1,1,0.0909090909091,0.166666666667,2,0,20,44,0.0909090909091,1,0,0.909090909091,1,0.0909090909091,0.166666666667,0.69696969697,0.656565656566,0.117647058824,0.25,0.0909090909091,216,194,22,0,216,0,194,0,22,37,216,0.162162162162,1.32432432432,11.6756756757,21.6,6,8.1990990496,0.702237650082,0.31006006006,10.329336629,1.76937710775,0.765265265265,3.0868314707,0.528762798222,0.252752752753,0.579945114934,0.437917739848,2,1.32432432432,0.579945114934,2,0.0121701261701,0.00597269624573,7,0.000900900900901,0.621196581197,37,37,37,1,0,0.72972972973,0.243243243243,0.027027027027,37,0.145645645646,1.32432432432,10.4864864865,19.4,5.38888888889,7.40728478377,0.706364786081,0.332683198663,9.29876158243,1.77347514717,0.768180551686,2.89064972902,0.5513094844,0.293953747562,0.579945114934,0.437917739848,2,1.32432432432,0.579945114934,2,0.0112658135515,0.00530410183876,5,0.000643500643501,0.509651678434,37,37,37,1,0,0.72972972973,0.243243243243,0.027027027027,37,196,0.147147147147,1.32432432432,10.5945945946,19.6,5.44444444444,7.48873027162,0.706844438903,0.333838940982,9.31505610666,1.75845446911,0.765581908439,2.81725698809,0.531829125303,0.284059569774,0.579945114934,0.437917739848,2,1.32432432432,0.579945114934,2,0.0122903087251,0.00726643598616,7,0.000900900900901,0.514096122879,37,37,37,1,0,0.72972972973,0.243243243243,0.027027027027,-20,-0.015015015015,0,-1.08108108108,-2,-0.555555555556,-0.710368777984,0.00460678882106,0.0237788809217,-1.01428052234,-0.0109226386305,0.000316643173786,-0.269574482615,0.00306632708009,0.0313068170211,0,0,0,0,0,0,0.000120182554965,0.00129373974043,0,0,-0.107100458318,0,0,0,196,0,20,1116,0.907407407407,1,0,0.0925925925926,1,0.907407407407,0.95145631068,0.944156726864,0.907407407407,0.907407407407,2,22,0,0,0,0
3800,WLNM_dir_neg,0.989669421488,0.934782608696,00:00:03,10,90,23,1238804647,threshold_sweep,0.2,1,0.0909090909091,0.166666666667,2,0,20,44,0.0909090909091,1,0,0.909090909091,1,0.0909090909091,0.166666666667,0.69696969697,0.656565656566,0.117647058824,0.25,0.0909090909091,216,194,22,0,216,0,194,0,22,37,216,0.162162162162,1.32432432432,11.6756756757,21.6,6,8.1990990496,0.702237650082,0.31006006006,10.329336629,1.76937710775,0.765265265265,3.0868314707,0.528762798222,0.252752752753,0.579945114934,0.437917739848,2,1.32432432432,0.579945114934,2,0.0121701261701,0.00597269624573,7,0.000900900900901,0.621196581197,37,37,37,1,0,0.72972972973,0.243243243243,0.027027027027,37,0.145645645646,1.32432432432,10.4864864865,19.4,5.38888888889,7.40728478377,0.706364786081,0.332683198663,9.29876158243,1.77347514717,0.768180551686,2.89064972902,0.5513094844,0.293953747562,0.579945114934,0.437917739848,2,1.32432432432,0.579945114934,2,0.0112658135515,0.00530410183876,5,0.000643500643501,0.509651678434,37,37,37,1,0,0.72972972973,0.243243243243,0.027027027027,37,196,0.147147147147,1.32432432432,10.5945945946,19.6,5.44444444444,7.48873027162,0.706844438903,0.333838940982,9.31505610666,1.75845446911,0.765581908439,2.81725698809,0.531829125303,0.284059569774,0.579945114934,0.437917739848,2,1.32432432432,0.579945114934,2,0.0122903087251,0.00726643598616,7,0.000900900900901,0.514096122879,37,37,37,1,0,0.72972972973,0.243243243243,0.027027027027,-20,-0.015015015015,0,-1.08108108108,-2,-0.555555555556,-0.710368777984,0.00460678882106,0.0237788809217,-1.01428052234,-0.0109226386305,0.000316643173786,-0.269574482615,0.00306632708009,0.0313068170211,0,0,0,0,0,0,0.000120182554965,0.00129373974043,0,0,-0.107100458318,0,0,0,196,0,20,1116,0.907407407407,1,0,0.0925925925926,1,0.907407407407,0.95145631068,0.944156726864,0.907407407407,0.907407407407,2,22,0,0,0,0
3801,WLNM_dir_neg,0.989669421488,0.934782608696,00:00:03,10,90,23,1238804647,threshold_sweep,0.3,1,0.0909090909091,0.166666666667,2,0,20,44,0.0909090909091,1,0,0.909090909091,1,0.0909090909091,0.166666666667,0.69696969697,0.656565656566,0.117647058824,0.25,0.0909090909091,216,194,22,0,216,0,194,0,22,37,216,0.162162162162,1.32432432432,11.6756756757,21.6,6,8.1990990496,0.702237650082,0.31006006006,10.329336629,1.76937710775,0.765265265265,3.0868314707,0.528762798222,0.252752752753,0.579945114934,0.437917739848,2,1.32432432432,0.579945114934,2,0.0121701261701,0.00597269624573,7,0.000900900900901,0.621196581197,37,37,37,1,0,0.72972972973,0.243243243243,0.027027027027,37,0.145645645646,1.32432432432,10.4864864865,19.4,5.38888888889,7.40728478377,0.706364786081,0.332683198663,9.29876158243,1.77347514717,0.768180551686,2.89064972902,0.5513094844,0.293953747562,0.579945114934,0.437917739848,2,1.32432432432,0.579945114934,2,0.0112658135515,0.00530410183876,5,0.000643500643501,0.509651678434,37,37,37,1,0,0.72972972973,0.243243243243,0.027027027027,37,196,0.147147147147,1.32432432432,10.5945945946,19.6,5.44444444444,7.48873027162,0.706844438903,0.333838940982,9.31505610666,1.75845446911,0.765581908439,2.81725698809,0.531829125303,0.284059569774,0.579945114934,0.437917739848,2,1.32432432432,0.579945114934,2,0.0122903087251,0.00726643598616,7,0.000900900900901,0.514096122879,37,37,37,1,0,0.72972972973,0.243243243243,0.027027027027,-20,-0.015015015015,0,-1.08108108108,-2,-0.555555555556,-0.710368777984,0.00460678882106,0.0237788809217,-1.01428052234,-0.0109226386305,0.000316643173786,-0.269574482615,0.00306632708009,0.0313068170211,0,0,0,0,0,0,0.000120182554965,0.00129373974043,0,0,-0.107100458318,0,0,0,196,0,20,1116,0.907407407407,1,0,0.0925925925926,1,0.907407407407,0.95145631068,0.944156726864,0.907407407407,0.907407407407,2,22,0,0,0,0
3802,WLNM_dir_neg,0.989669421488,0.934782608696,00:00:03,10,90,23,1238804647,threshold_sweep,0.4,1,0.0909090909091,0.166666666667,2,0,20,44,0.0909090909091,1,0,0.909090909091,1,0.0909090909091,0.166666666667,0.69696969697,0.656565656566,0.117647058824,0.25,0.0909090909091,216,194,22,0,216,0,194,0,22,37,216,0.162162162162,1.32432432432,11.6756756757,21.6,6,8.1990990496,0.702237650082,0.31006006006,10.329336629,1.76937710775,0.765265265265,3.0868314707,0.528762798222,0.252752752753,0.579945114934,0.437917739848,2,1.32432432432,0.579945114934,2,0.0121701261701,0.00597269624573,7,0.000900900900901,0.621196581197,37,37,37,1,0,0.72972972973,0.243243243243,0.027027027027,37,0.145645645646,1.32432432432,10.4864864865,19.4,5.38888888889,7.40728478377,0.706364786081,0.332683198663,9.29876158243,1.77347514717,0.768180551686,2.89064972902,0.5513094844,0.293953747562,0.579945114934,0.437917739848,2,1.32432432432,0.579945114934,2,0.0112658135515,0.00530410183876,5,0.000643500643501,0.509651678434,37,37,37,1,0,0.72972972973,0.243243243243,0.027027027027,37,196,0.147147147147,1.32432432432,10.5945945946,19.6,5.44444444444,7.48873027162,0.706844438903,0.333838940982,9.31505610666,1.75845446911,0.765581908439,2.81725698809,0.531829125303,0.284059569774,0.579945114934,0.437917739848,2,1.32432432432,0.579945114934,2,0.0122903087251,0.00726643598616,7,0.000900900900901,0.514096122879,37,37,37,1,0,0.72972972973,0.243243243243,0.027027027027,-20,-0.015015015015,0,-1.08108108108,-2,-0.555555555556,-0.710368777984,0.00460678882106,0.0237788809217,-1.01428052234,-0.0109226386305,0.000316643173786,-0.269574482615,0.00306632708009,0.0313068170211,0,0,0,0,0,0,0.000120182554965,0.00129373974043,0,0,-0.107100458318,0,0,0,196,0,20,1116,0.907407407407,1,0,0.0925925925926,1,0.907407407407,0.95145631068,0.944156726864,0.907407407407,0.907407407407,2,22,0,0,0,0
3803,WLNM_dir_neg,0.989669421488,0.934782608696,00:00:03,10,90,23,1238804647,threshold_sweep,0.5,1,0.0909090909091,0.166666666667,2,0,20,44,0.0909090909091,1,0,0.909090909091,1,0.0909090909091,0.166666666667,0.69696969697,0.656565656566,0.117647058824,0.25,0.0909090909091,216,194,22,0,216,0,194,0,22,37,216,0.162162162162,1.32432432432,11.6756756757,21.6,6,8.1990990496,0.702237650082,0.31006006006,10.329336629,1.76937710775,0.765265265265,3.0868314707,0.528762798222,0.252752752753,0.579945114934,0.437917739848,2,1.32432432432,0.579945114934,2,0.0121701261701,0.00597269624573,7,0.000900900900901,0.621196581197,37,37,37,1,0,0.72972972973,0.243243243243,0.027027027027,37,0.145645645646,1.32432432432,10.4864864865,19.4,5.38888888889,7.40728478377,0.706364786081,0.332683198663,9.29876158243,1.77347514717,0.768180551686,2.89064972902,0.5513094844,0.293953747562,0.579945114934,0.437917739848,2,1.32432432432,0.579945114934,2,0.0112658135515,0.00530410183876,5,0.000643500643501,0.509651678434,37,37,37,1,0,0.72972972973,0.243243243243,0.027027027027,37,196,0.147147147147,1.32432432432,10.5945945946,19.6,5.44444444444,7.48873027162,0.706844438903,0.333838940982,9.31505610666,1.75845446911,0.765581908439,2.81725698809,0.531829125303,0.284059569774,0.579945114934,0.437917739848,2,1.32432432432,0.579945114934,2,0.0122903087251,0.00726643598616,7,0.000900900900901,0.514096122879,37,37,37,1,0,0.72972972973,0.243243243243,0.027027027027,-20,-0.015015015015,0,-1.08108108108,-2,-0.555555555556,-0.710368777984,0.00460678882106,0.0237788809217,-1.01428052234,-0.0109226386305,0.000316643173786,-0.269574482615,0.00306632708009,0.0313068170211,0,0,0,0,0,0,0.000120182554965,0.00129373974043,0,0,-0.107100458318,0,0,0,196,0,20,1116,0.907407407407,1,0,0.0925925925926,1,0.907407407407,0.95145631068,0.944156726864,0.907407407407,0.907407407407,2,22,0,0,0,0
3804,WLNM_dir_neg,0.989669421488,0.934782608696,00:00:03,10,90,23,1238804647,threshold_sweep,0.6,1,0.0909090909091,0.166666666667,2,0,20,44,0.0909090909091,1,0,0.909090909091,1,0.0909090909091,0.166666666667,0.69696969697,0.656565656566,0.117647058824,0.25,0.0909090909091,216,194,22,0,216,0,194,0,22,37,216,0.162162162162,1.32432432432,11.6756756757,21.6,6,8.1990990496,0.702237650082,0.31006006006,10.329336629,1.76937710775,0.765265265265,3.0868314707,0.528762798222,0.252752752753,0.579945114934,0.437917739848,2,1.32432432432,0.579945114934,2,0.0121701261701,0.00597269624573,7,0.000900900900901,0.621196581197,37,37,37,1,0,0.72972972973,0.243243243243,0.027027027027,37,0.145645645646,1.32432432432,10.4864864865,19.4,5.38888888889,7.40728478377,0.706364786081,0.332683198663,9.29876158243,1.77347514717,0.768180551686,2.89064972902,0.5513094844,0.293953747562,0.579945114934,0.437917739848,2,1.32432432432,0.579945114934,2,0.0112658135515,0.00530410183876,5,0.000643500643501,0.509651678434,37,37,37,1,0,0.72972972973,0.243243243243,0.027027027027,37,196,0.147147147147,1.32432432432,10.5945945946,19.6,5.44444444444,7.48873027162,0.706844438903,0.333838940982,9.31505610666,1.75845446911,0.765581908439,2.81725698809,0.531829125303,0.284059569774,0.579945114934,0.437917739848,2,1.32432432432,0.579945114934,2,0.0122903087251,0.00726643598616,7,0.000900900900901,0.514096122879,37,37,37,1,0,0.72972972973,0.243243243243,0.027027027027,-20,-0.015015015015,0,-1.08108108108,-2,-0.555555555556,-0.710368777984,0.00460678882106,0.0237788809217,-1.01428052234,-0.0109226386305,0.000316643173786,-0.269574482615,0.00306632708009,0.0313068170211,0,0,0,0,0,0,0.000120182554965,0.00129373974043,0,0,-0.107100458318,0,0,0,196,0,20,1116,0.907407407407,1,0,0.0925925925926,1,0.907407407407,0.95145631068,0.944156726864,0.907407407407,0.907407407407,2,22,0,0,0,0
3805,WLNM_dir_neg,0.989669421488,0.934782608696,00:00:03,10,90,23,1238804647,threshold_sweep,0.7,1,0.0454545454545,0.0869565217391,1,0,21,44,0.0454545454545,1,0,0.954545454545,1,0.0454545454545,0.0869565217391,0.681818181818,0.661616161616,0.0597014925373,0.175411603861,0.0454545454545,216,194,22,0,216,0,194,0,22,37,216,0.162162162162,1.32432432432,11.6756756757,21.6,6,8.1990990496,0.702237650082,0.31006006006,10.329336629,1.76937710775,0.765265265265,3.0868314707,0.528762798222,0.252752752753,0.579945114934,0.437917739848,2,1.32432432432,0.579945114934,2,0.0121701261701,0.00597269624573,7,0.000900900900901,0.621196581197,37,37,37,1,0,0.72972972973,0.243243243243,0.027027027027,37,0.145645645646,1.32432432432,10.4864864865,19.4,5.38888888889,7.40728478377,0.706364786081,0.332683198663,9.29876158243,1.77347514717,0.768180551686,2.89064972902,0.5513094844,0.293953747562,0.579945114934,0.437917739848,2,1.32432432432,0.579945114934,2,0.0112658135515,0.00530410183876,5,0.000643500643501,0.509651678434,37,37,37,1,0,0.72972972973,0.243243243243,0.027027027027,37,195,0.146396396396,1.32432432432,10.5405405405,19.5,5.41666666667,7.44832044675,0.706635529563,0.333887733888,9.31142860697,1.76678388953,0.767013167013,2.85432078561,0.541589072141,0.28911988912,0.579945114934,0.437917739848,2,1.32432432432,0.579945114934,2,0.0125805581582,0.00629590766002,6,0.000772200772201,0.511873900657,37,37,37,1,0,0.72972972973,0.243243243243,0.027027027027,-21,-0.0157657657658,0,-1.13513513514,-2.1,-0.583333333333,-0.750778602854,0.00439787948162,0.0238276738277,-1.01790802203,-0.00259321821765,0.0017479017479,-0.232510685097,0.0128262739183,0.0363671363671,0,0,0,0,0,0,0.000410431988072,0.000323211414287,-1,-0.0001287001287,-0.10932268054,0,0,0,195,0,21,1116,0.902777777778,1,0,0.0972222222222,1,0.902777777778,0.948905109489,0.941330856757,0.902777777778,0.902777777778,1,22,0,0,0,0
3806,WLNM_dir_neg,0.989669421488,0.934782608696,00:00:03,10,90,23,1238804647,threshold_sweep,0.8,1,0.0454545454545,0.0869565217391,1,0,21,44,0.0454545454545,1,0,0.954545454545,1,0.0454545454545,0.0869565217391,0.681818181818,0.661616161616,0.0597014925373,0.175411603861,0.0454545454545,216,194,22,0,216,0,194,0,22,37,216,0.162162162162,1.32432432432,11.6756756757,21.6,6,8.1990990496,0.702237650082,0.31006006006,10.329336629,1.76937710775,0.765265265265,3.0868314707,0.528762798222,0.252752752753,0.579945114934,0.437917739848,2,1.32432432432,0.579945114934,2,0.0121701261701,0.00597269624573,7,0.000900900900901,0.621196581197,37,37,37,1,0,0.72972972973,0.243243243243,0.027027027027,37,0.145645645646,1.32432432432,10.4864864865,19.4,5.38888888889,7.40728478377,0.706364786081,0.332683198663,9.29876158243,1.77347514717,0.768180551686,2.89064972902,0.5513094844,0.293953747562,0.579945114934,0.437917739848,2,1.32432432432,0.579945114934,2,0.0112658135515,0.00530410183876,5,0.000643500643501,0.509651678434,37,37,37,1,0,0.72972972973,0.243243243243,0.027027027027,37,195,0.146396396396,1.32432432432,10.5405405405,19.5,5.41666666667,7.44832044675,0.706635529563,0.333887733888,9.31142860697,1.76678388953,0.767013167013,2.85432078561,0.541589072141,0.28911988912,0.579945114934,0.437917739848,2,1.32432432432,0.579945114934,2,0.0125805581582,0.00629590766002,6,0.000772200772201,0.511873900657,37,37,37,1,0,0.72972972973,0.243243243243,0.027027027027,-21,-0.0157657657658,0,-1.13513513514,-2.1,-0.583333333333,-0.750778602854,0.00439787948162,0.0238276738277,-1.01790802203,-0.00259321821765,0.0017479017479,-0.232510685097,0.0128262739183,0.0363671363671,0,0,0,0,0,0,0.000410431988072,0.000323211414287,-1,-0.0001287001287,-0.10932268054,0,0,0,195,0,21,1116,0.902777777778,1,0,0.0972222222222,1,0.902777777778,0.948905109489,0.941330856757,0.902777777778,0.902777777778,1,22,0,0,0,0
3807,WLNM_dir_neg,0.989669421488,0.934782608696,00:00:03,10,90,23,1238804647,threshold_sweep,0.9,1,0.0454545454545,0.0869565217391,1,0,21,44,0.0454545454545,1,0,0.954545454545,1,0.0454545454545,0.0869565217391,0.681818181818,0.661616161616,0.0597014925373,0.175411603861,0.0454545454545,216,194,22,0,216,0,194,0,22,37,216,0.162162162162,1.32432432432,11.6756756757,21.6,6,8.1990990496,0.702237650082,0.31006006006,10.329336629,1.76937710775,0.765265265265,3.0868314707,0.528762798222,0.252752752753,0.579945114934,0.437917739848,2,1.32432432432,0.579945114934,2,0.0121701261701,0.00597269624573,7,0.000900900900901,0.621196581197,37,37,37,1,0,0.72972972973,0.243243243243,0.027027027027,37,0.145645645646,1.32432432432,10.4864864865,19.4,5.38888888889,7.40728478377,0.706364786081,0.332683198663,9.29876158243,1.77347514717,0.768180551686,2.89064972902,0.5513094844,0.293953747562,0.579945114934,0.437917739848,2,1.32432432432,0.579945114934,2,0.0112658135515,0.00530410183876,5,0.000643500643501,0.509651678434,37,37,37,1,0,0.72972972973,0.243243243243,0.027027027027,37,195,0.146396396396,1.32432432432,10.5405405405,19.5,5.41666666667,7.44832044675,0.706635529563,0.333887733888,9.31142860697,1.76678388953,0.767013167013,2.85432078561,0.541589072141,0.28911988912,0.579945114934,0.437917739848,2,1.32432432432,0.579945114934,2,0.0125805581582,0.00629590766002,6,0.000772200772201,0.511873900657,37,37,37,1,0,0.72972972973,0.243243243243,0.027027027027,-21,-0.0157657657658,0,-1.13513513514,-2.1,-0.583333333333,-0.750778602854,0.00439787948162,0.0238276738277,-1.01790802203,-0.00259321821765,0.0017479017479,-0.232510685097,0.0128262739183,0.0363671363671,0,0,0,0,0,0,0.000410431988072,0.000323211414287,-1,-0.0001287001287,-0.10932268054,0,0,0,195,0,21,1116,0.902777777778,1,0,0.0972222222222,1,0.902777777778,0.948905109489,0.941330856757,0.902777777778,0.902777777778,1,22,0,0,0,0
3808,WLNM_dir_neg,1,0.0454545454545,00:00:03,10,90,24,1238804648,threshold_sweep,0.1,0,0,0,0,0,22,44,0,1,0,1,0,0,0,0.666666666667,0.666666666667,0,0,0,216,194,22,0,216,0,194,0,22,37,216,0.162162162162,1.32432432432,11.6756756757,21.6,6,8.1990990496,0.702237650082,0.31006006006,10.329336629,1.76937710775,0.765265265265,3.0868314707,0.528762798222,0.252752752753,0.579945114934,0.437917739848,2,1.32432432432,0.579945114934,2,0.0121701261701,0.00597269624573,7,0.000900900900901,0.621196581197,37,37,37,1,0,0.72972972973,0.243243243243,0.027027027027,37,0.145645645646,1.32732732733,10.4864864865,19.4,5.54285714286,7.4893317519,0.71418885263,0.335887433826,9.25684553124,1.76548084874,0.767623293396,2.83240578352,0.540201103043,0.287545277236,0.589078670762,0.443808138832,2.11111111111,1.33641975309,0.594795838055,2.11111111111,0.0134204567,0.00736842105263,7,0.000900900900901,0.507528964862,37,36,36,0.972972972973,0,0.702702702703,0.243243243243,0.027027027027,37,194,0.145645645646,1.32732732733,10.4864864865,19.4,5.54285714286,7.4893317519,0.71418885263,0.335887433826,9.25684553124,1.76548084874,0.767623293396,2.83240578352,0.540201103043,0.287545277236,0.589078670762,0.443808138832,2.11111111111,1.33641975309,0.594795838055,2.11111111111,0.0134204567,0.00736842105263,7,0.000900900900901,0.507528964862,37,36,36,0.972972972973,0,0.702702702703,0.243243243243,0.027027027027,-22,-0.0165165165165,0.003003003003,-1.18918918919,-2.2,-0.457142857143,-0.7097672977,0.0119512025482,0.0258273737655,-1.07249109776,-0.00389625900417,0.00235802813122,-0.254425687183,0.0114383048202,0.0347925244832,0.00913355582779,0.00589039898372,0.111111111111,0.0120954287621,0.0148507231203,0.111111111111,0.00125033052983,0.0013957248069,0,0,-0.113667616334,-0.027027027027,0,0,194,0,22,1116,0.898148148148,1,0,0.101851851852,1,0.898148148148,0.946341463415,0.938501466663,0.898148148148,0.898148148148,0,22,0,0,0,0
3809,WLNM_dir_neg,1,0.0454545454545,00:00:03,10,90,24,1238804648,threshold_sweep,0.2,0,0,0,0,0,22,44,0,1,0,1,0,0,0,0.666666666667,0.666666666667,0,0,0,216,194,22,0,216,0,194,0,22,37,216,0.162162162162,1.32432432432,11.6756756757,21.6,6,8.1990990496,0.702237650082,0.31006006006,10.329336629,1.76937710775,0.765265265265,3.0868314707,0.528762798222,0.252752752753,0.579945114934,0.437917739848,2,1.32432432432,0.579945114934,2,0.0121701261701,0.00597269624573,7,0.000900900900901,0.621196581197,37,37,37,1,0,0.72972972973,0.243243243243,0.027027027027,37,0.145645645646,1.32732732733,10.4864864865,19.4,5.54285714286,7.4893317519,0.71418885263,0.335887433826,9.25684553124,1.76548084874,0.767623293396,2.83240578352,0.540201103043,0.287545277236,0.589078670762,0.443808138832,2.11111111111,1.33641975309,0.594795838055,2.11111111111,0.0134204567,0.00736842105263,7,0.000900900900901,0.507528964862,37,36,36,0.972972972973,0,0.702702702703,0.243243243243,0.027027027027,37,194,0.145645645646,1.32732732733,10.4864864865,19.4,5.54285714286,7.4893317519,0.71418885263,0.335887433826,9.25684553124,1.76548084874,0.767623293396,2.83240578352,0.540201103043,0.287545277236,0.589078670762,0.443808138832,2.11111111111,1.33641975309,0.594795838055,2.11111111111,0.0134204567,0.00736842105263,7,0.000900900900901,0.507528964862,37,36,36,0.972972972973,0,0.702702702703,0.243243243243,0.027027027027,-22,-0.0165165165165,0.003003003003,-1.18918918919,-2.2,-0.457142857143,-0.7097672977,0.0119512025482,0.0258273737655,-1.07249109776,-0.00389625900417,0.00235802813122,-0.254425687183,0.0114383048202,0.0347925244832,0.00913355582779,0.00589039898372,0.111111111111,0.0120954287621,0.0148507231203,0.111111111111,0.00125033052983,0.0013957248069,0,0,-0.113667616334,-0.027027027027,0,0,194,0,22,1116,0.898148148148,1,0,0.101851851852,1,0.898148148148,0.946341463415,0.938501466663,0.898148148148,0.898148148148,0,22,0,0,0,0
3810,WLNM_dir_neg,1,0.0454545454545,00:00:03,10,90,24,1238804648,threshold_sweep,0.3,0,0,0,0,0,22,44,0,1,0,1,0,0,0,0.666666666667,0.666666666667,0,0,0,216,194,22,0,216,0,194,0,22,37,216,0.162162162162,1.32432432432,11.6756756757,21.6,6,8.1990990496,0.702237650082,0.31006006006,10.329336629,1.76937710775,0.765265265265,3.0868314707,0.528762798222,0.252752752753,0.579945114934,0.437917739848,2,1.32432432432,0.579945114934,2,0.0121701261701,0.00597269624573,7,0.000900900900901,0.621196581197,37,37,37,1,0,0.72972972973,0.243243243243,0.027027027027,37,0.145645645646,1.32732732733,10.4864864865,19.4,5.54285714286,7.4893317519,0.71418885263,0.335887433826,9.25684553124,1.76548084874,0.767623293396,2.83240578352,0.540201103043,0.287545277236,0.589078670762,0.443808138832,2.11111111111,1.33641975309,0.594795838055,2.11111111111,0.0134204567,0.00736842105263,7,0.000900900900901,0.507528964862,37,36,36,0.972972972973,0,0.702702702703,0.243243243243,0.027027027027,37,194,0.145645645646,1.32732732733,10.4864864865,19.4,5.54285714286,7.4893317519,0.71418885263,0.335887433826,9.25684553124,1.76548084874,0.767623293396,2.83240578352,0.540201103043,0.287545277236,0.589078670762,0.443808138832,2.11111111111,1.33641975309,0.594795838055,2.11111111111,0.0134204567,0.00736842105263,7,0.000900900900901,0.507528964862,37,36,36,0.972972972973,0,0.702702702703,0.243243243243,0.027027027027,-22,-0.0165165165165,0.003003003003,-1.18918918919,-2.2,-0.457142857143,-0.7097672977,0.0119512025482,0.0258273737655,-1.07249109776,-0.00389625900417,0.00235802813122,-0.254425687183,0.0114383048202,0.0347925244832,0.00913355582779,0.00589039898372,0.111111111111,0.0120954287621,0.0148507231203,0.111111111111,0.00125033052983,0.0013957248069,0,0,-0.113667616334,-0.027027027027,0,0,194,0,22,1116,0.898148148148,1,0,0.101851851852,1,0.898148148148,0.946341463415,0.938501466663,0.898148148148,0.898148148148,0,22,0,0,0,0
3811,WLNM_dir_neg,1,0.0454545454545,00:00:03,10,90,24,1238804648,threshold_sweep,0.4,0,0,0,0,0,22,44,0,1,0,1,0,0,0,0.666666666667,0.666666666667,0,0,0,216,194,22,0,216,0,194,0,22,37,216,0.162162162162,1.32432432432,11.6756756757,21.6,6,8.1990990496,0.702237650082,0.31006006006,10.329336629,1.76937710775,0.765265265265,3.0868314707,0.528762798222,0.252752752753,0.579945114934,0.437917739848,2,1.32432432432,0.579945114934,2,0.0121701261701,0.00597269624573,7,0.000900900900901,0.621196581197,37,37,37,1,0,0.72972972973,0.243243243243,0.027027027027,37,0.145645645646,1.32732732733,10.4864864865,19.4,5.54285714286,7.4893317519,0.71418885263,0.335887433826,9.25684553124,1.76548084874,0.767623293396,2.83240578352,0.540201103043,0.287545277236,0.589078670762,0.443808138832,2.11111111111,1.33641975309,0.594795838055,2.11111111111,0.0134204567,0.00736842105263,7,0.000900900900901,0.507528964862,37,36,36,0.972972972973,0,0.702702702703,0.243243243243,0.027027027027,37,194,0.145645645646,1.32732732733,10.4864864865,19.4,5.54285714286,7.4893317519,0.71418885263,0.335887433826,9.25684553124,1.76548084874,0.767623293396,2.83240578352,0.540201103043,0.287545277236,0.589078670762,0.443808138832,2.11111111111,1.33641975309,0.594795838055,2.11111111111,0.0134204567,0.00736842105263,7,0.000900900900901,0.507528964862,37,36,36,0.972972972973,0,0.702702702703,0.243243243243,0.027027027027,-22,-0.0165165165165,0.003003003003,-1.18918918919,-2.2,-0.457142857143,-0.7097672977,0.0119512025482,0.0258273737655,-1.07249109776,-0.00389625900417,0.00235802813122,-0.254425687183,0.0114383048202,0.0347925244832,0.00913355582779,0.00589039898372,0.111111111111,0.0120954287621,0.0148507231203,0.111111111111,0.00125033052983,0.0013957248069,0,0,-0.113667616334,-0.027027027027,0,0,194,0,22,1116,0.898148148148,1,0,0.101851851852,1,0.898148148148,0.946341463415,0.938501466663,0.898148148148,0.898148148148,0,22,0,0,0,0
3812,WLNM_dir_neg,1,0.0454545454545,00:00:03,10,90,24,1238804648,threshold_sweep,0.5,0,0,0,0,0,22,44,0,1,0,1,0,0,0,0.666666666667,0.666666666667,0,0,0,216,194,22,0,216,0,194,0,22,37,216,0.162162162162,1.32432432432,11.6756756757,21.6,6,8.1990990496,0.702237650082,0.31006006006,10.329336629,1.76937710775,0.765265265265,3.0868314707,0.528762798222,0.252752752753,0.579945114934,0.437917739848,2,1.32432432432,0.579945114934,2,0.0121701261701,0.00597269624573,7,0.000900900900901,0.621196581197,37,37,37,1,0,0.72972972973,0.243243243243,0.027027027027,37,0.145645645646,1.32732732733,10.4864864865,19.4,5.54285714286,7.4893317519,0.71418885263,0.335887433826,9.25684553124,1.76548084874,0.767623293396,2.83240578352,0.540201103043,0.287545277236,0.589078670762,0.443808138832,2.11111111111,1.33641975309,0.594795838055,2.11111111111,0.0134204567,0.00736842105263,7,0.000900900900901,0.507528964862,37,36,36,0.972972972973,0,0.702702702703,0.243243243243,0.027027027027,37,194,0.145645645646,1.32732732733,10.4864864865,19.4,5.54285714286,7.4893317519,0.71418885263,0.335887433826,9.25684553124,1.76548084874,0.767623293396,2.83240578352,0.540201103043,0.287545277236,0.589078670762,0.443808138832,2.11111111111,1.33641975309,0.594795838055,2.11111111111,0.0134204567,0.00736842105263,7,0.000900900900901,0.507528964862,37,36,36,0.972972972973,0,0.702702702703,0.243243243243,0.027027027027,-22,-0.0165165165165,0.003003003003,-1.18918918919,-2.2,-0.457142857143,-0.7097672977,0.0119512025482,0.0258273737655,-1.07249109776,-0.00389625900417,0.00235802813122,-0.254425687183,0.0114383048202,0.0347925244832,0.00913355582779,0.00589039898372,0.111111111111,0.0120954287621,0.0148507231203,0.111111111111,0.00125033052983,0.0013957248069,0,0,-0.113667616334,-0.027027027027,0,0,194,0,22,1116,0.898148148148,1,0,0.101851851852,1,0.898148148148,0.946341463415,0.938501466663,0.898148148148,0.898148148148,0,22,0,0,0,0
3813,WLNM_dir_neg,1,0.0454545454545,00:00:03,10,90,24,1238804648,threshold_sweep,0.6,0,0,0,0,0,22,44,0,1,0,1,0,0,0,0.666666666667,0.666666666667,0,0,0,216,194,22,0,216,0,194,0,22,37,216,0.162162162162,1.32432432432,11.6756756757,21.6,6,8.1990990496,0.702237650082,0.31006006006,10.329336629,1.76937710775,0.765265265265,3.0868314707,0.528762798222,0.252752752753,0.579945114934,0.437917739848,2,1.32432432432,0.579945114934,2,0.0121701261701,0.00597269624573,7,0.000900900900901,0.621196581197,37,37,37,1,0,0.72972972973,0.243243243243,0.027027027027,37,0.145645645646,1.32732732733,10.4864864865,19.4,5.54285714286,7.4893317519,0.71418885263,0.335887433826,9.25684553124,1.76548084874,0.767623293396,2.83240578352,0.540201103043,0.287545277236,0.589078670762,0.443808138832,2.11111111111,1.33641975309,0.594795838055,2.11111111111,0.0134204567,0.00736842105263,7,0.000900900900901,0.507528964862,37,36,36,0.972972972973,0,0.702702702703,0.243243243243,0.027027027027,37,194,0.145645645646,1.32732732733,10.4864864865,19.4,5.54285714286,7.4893317519,0.71418885263,0.335887433826,9.25684553124,1.76548084874,0.767623293396,2.83240578352,0.540201103043,0.287545277236,0.589078670762,0.443808138832,2.11111111111,1.33641975309,0.594795838055,2.11111111111,0.0134204567,0.00736842105263,7,0.000900900900901,0.507528964862,37,36,36,0.972972972973,0,0.702702702703,0.243243243243,0.027027027027,-22,-0.0165165165165,0.003003003003,-1.18918918919,-2.2,-0.457142857143,-0.7097672977,0.0119512025482,0.0258273737655,-1.07249109776,-0.00389625900417,0.00235802813122,-0.254425687183,0.0114383048202,0.0347925244832,0.00913355582779,0.00589039898372,0.111111111111,0.0120954287621,0.0148507231203,0.111111111111,0.00125033052983,0.0013957248069,0,0,-0.113667616334,-0.027027027027,0,0,194,0,22,1116,0.898148148148,1,0,0.101851851852,1,0.898148148148,0.946341463415,0.938501466663,0.898148148148,0.898148148148,0,22,0,0,0,0
3814,WLNM_dir_neg,1,0.0454545454545,00:00:03,10,90,24,1238804648,threshold_sweep,0.7,0,0,0,0,0,22,44,0,1,0,1,0,0,0,0.666666666667,0.666666666667,0,0,0,216,194,22,0,216,0,194,0,22,37,216,0.162162162162,1.32432432432,11.6756756757,21.6,6,8.1990990496,0.702237650082,0.31006006006,10.329336629,1.76937710775,0.765265265265,3.0868314707,0.528762798222,0.252752752753,0.579945114934,0.437917739848,2,1.32432432432,0.579945114934,2,0.0121701261701,0.00597269624573,7,0.000900900900901,0.621196581197,37,37,37,1,0,0.72972972973,0.243243243243,0.027027027027,37,0.145645645646,1.32732732733,10.4864864865,19.4,5.54285714286,7.4893317519,0.71418885263,0.335887433826,9.25684553124,1.76548084874,0.767623293396,2.83240578352,0.540201103043,0.287545277236,0.589078670762,0.443808138832,2.11111111111,1.33641975309,0.594795838055,2.11111111111,0.0134204567,0.00736842105263,7,0.000900900900901,0.507528964862,37,36,36,0.972972972973,0,0.702702702703,0.243243243243,0.027027027027,37,194,0.145645645646,1.32732732733,10.4864864865,19.4,5.54285714286,7.4893317519,0.71418885263,0.335887433826,9.25684553124,1.76548084874,0.767623293396,2.83240578352,0.540201103043,0.287545277236,0.589078670762,0.443808138832,2.11111111111,1.33641975309,0.594795838055,2.11111111111,0.0134204567,0.00736842105263,7,0.000900900900901,0.507528964862,37,36,36,0.972972972973,0,0.702702702703,0.243243243243,0.027027027027,-22,-0.0165165165165,0.003003003003,-1.18918918919,-2.2,-0.457142857143,-0.7097672977,0.0119512025482,0.0258273737655,-1.07249109776,-0.00389625900417,0.00235802813122,-0.254425687183,0.0114383048202,0.0347925244832,0.00913355582779,0.00589039898372,0.111111111111,0.0120954287621,0.0148507231203,0.111111111111,0.00125033052983,0.0013957248069,0,0,-0.113667616334,-0.027027027027,0,0,194,0,22,1116,0.898148148148,1,0,0.101851851852,1,0.898148148148,0.946341463415,0.938501466663,0.898148148148,0.898148148148,0,22,0,0,0,0
3815,WLNM_dir_neg,1,0.0454545454545,00:00:03,10,90,24,1238804648,threshold_sweep,0.8,0,0,0,0,0,22,44,0,1,0,1,0,0,0,0.666666666667,0.666666666667,0,0,0,216,194,22,0,216,0,194,0,22,37,216,0.162162162162,1.32432432432,11.6756756757,21.6,6,8.1990990496,0.702237650082,0.31006006006,10.329336629,1.76937710775,0.765265265265,3.0868314707,0.528762798222,0.252752752753,0.579945114934,0.437917739848,2,1.32432432432,0.579945114934,2,0.0121701261701,0.00597269624573,7,0.000900900900901,0.621196581197,37,37,37,1,0,0.72972972973,0.243243243243,0.027027027027,37,0.145645645646,1.32732732733,10.4864864865,19.4,5.54285714286,7.4893317519,0.71418885263,0.335887433826,9.25684553124,1.76548084874,0.767623293396,2.83240578352,0.540201103043,0.287545277236,0.589078670762,0.443808138832,2.11111111111,1.33641975309,0.594795838055,2.11111111111,0.0134204567,0.00736842105263,7,0.000900900900901,0.507528964862,37,36,36,0.972972972973,0,0.702702702703,0.243243243243,0.027027027027,37,194,0.145645645646,1.32732732733,10.4864864865,19.4,5.54285714286,7.4893317519,0.71418885263,0.335887433826,9.25684553124,1.76548084874,0.767623293396,2.83240578352,0.540201103043,0.287545277236,0.589078670762,0.443808138832,2.11111111111,1.33641975309,0.594795838055,2.11111111111,0.0134204567,0.00736842105263,7,0.000900900900901,0.507528964862,37,36,36,0.972972972973,0,0.702702702703,0.243243243243,0.027027027027,-22,-0.0165165165165,0.003003003003,-1.18918918919,-2.2,-0.457142857143,-0.7097672977,0.0119512025482,0.0258273737655,-1.07249109776,-0.00389625900417,0.00235802813122,-0.254425687183,0.0114383048202,0.0347925244832,0.00913355582779,0.00589039898372,0.111111111111,0.0120954287621,0.0148507231203,0.111111111111,0.00125033052983,0.0013957248069,0,0,-0.113667616334,-0.027027027027,0,0,194,0,22,1116,0.898148148148,1,0,0.101851851852,1,0.898148148148,0.946341463415,0.938501466663,0.898148148148,0.898148148148,0,22,0,0,0,0
3816,WLNM_dir_neg,1,0.0454545454545,00:00:03,10,90,24,1238804648,threshold_sweep,0.9,0,0,0,0,0,22,44,0,1,0,1,0,0,0,0.666666666667,0.666666666667,0,0,0,216,194,22,0,216,0,194,0,22,37,216,0.162162162162,1.32432432432,11.6756756757,21.6,6,8.1990990496,0.702237650082,0.31006006006,10.329336629,1.76937710775,0.765265265265,3.0868314707,0.528762798222,0.252752752753,0.579945114934,0.437917739848,2,1.32432432432,0.579945114934,2,0.0121701261701,0.00597269624573,7,0.000900900900901,0.621196581197,37,37,37,1,0,0.72972972973,0.243243243243,0.027027027027,37,0.145645645646,1.32732732733,10.4864864865,19.4,5.54285714286,7.4893317519,0.71418885263,0.335887433826,9.25684553124,1.76548084874,0.767623293396,2.83240578352,0.540201103043,0.287545277236,0.589078670762,0.443808138832,2.11111111111,1.33641975309,0.594795838055,2.11111111111,0.0134204567,0.00736842105263,7,0.000900900900901,0.507528964862,37,36,36,0.972972972973,0,0.702702702703,0.243243243243,0.027027027027,37,194,0.145645645646,1.32732732733,10.4864864865,19.4,5.54285714286,7.4893317519,0.71418885263,0.335887433826,9.25684553124,1.76548084874,0.767623293396,2.83240578352,0.540201103043,0.287545277236,0.589078670762,0.443808138832,2.11111111111,1.33641975309,0.594795838055,2.11111111111,0.0134204567,0.00736842105263,7,0.000900900900901,0.507528964862,37,36,36,0.972972972973,0,0.702702702703,0.243243243243,0.027027027027,-22,-0.0165165165165,0.003003003003,-1.18918918919,-2.2,-0.457142857143,-0.7097672977,0.0119512025482,0.0258273737655,-1.07249109776,-0.00389625900417,0.00235802813122,-0.254425687183,0.0114383048202,0.0347925244832,0.00913355582779,0.00589039898372,0.111111111111,0.0120954287621,0.0148507231203,0.111111111111,0.00125033052983,0.0013957248069,0,0,-0.113667616334,-0.027027027027,0,0,194,0,22,1116,0.898148148148,1,0,0.101851851852,1,0.898148148148,0.946341463415,0.938501466663,0.898148148148,0.898148148148,0,22,0,0,0,0
3817,WLNM_dir_neg,1,0.954545454545,00:00:03,10,90,25,1238804649,threshold_sweep,0.1,1,0.0454545454545,0.0869565217391,1,0,21,44,0.0454545454545,1,0,0.954545454545,1,0.0454545454545,0.0869565217391,0.681818181818,0.661616161616,0.0597014925373,0.175411603861,0.0454545454545,216,194,22,0,216,0,194,0,22,37,216,0.162162162162,1.32432432432,11.6756756757,21.6,6,8.1990990496,0.702237650082,0.31006006006,10.329336629,1.76937710775,0.765265265265,3.0868314707,0.528762798222,0.252752752753,0.579945114934,0.437917739848,2,1.32432432432,0.579945114934,2,0.0121701261701,0.00597269624573,7,0.000900900900901,0.621196581197,37,37,37,1,0,0.72972972973,0.243243243243,0.027027027027,37,0.145645645646,1.32432432432,10.4864864865,19.4,5.38888888889,7.38851068146,0.704574472201,0.32892170521,9.30473417557,1.77461424998,0.76901643912,2.86167594063,0.545783555687,0.28838116467,0.579945114934,0.437917739848,2,1.32432432432,0.579945114934,2,0.0113004579961,0.00531349628055,5,0.000643500643501,0.504623931624,37,37,37,1,0,0.72972972973,0.243243243243,0.027027027027,37,195,0.146396396396,1.32432432432,10.5405405405,19.5,5.41666666667,7.43338787198,0.705218849393,0.330284130284,9.31739308035,1.76791561012,0.767844767845,2.82497442121,0.536020787614,0.283575883576,0.579945114934,0.437917739848,2,1.32432432432,0.579945114934,2,0.0126057917238,0.00630472854641,6,0.000772200772201,0.506846153846,37,37,37,1,0,0.72972972973,0.243243243243,0.027027027027,-21,-0.0157657657658,0,-1.13513513514,-2.1,-0.583333333333,-0.765711177627,0.00298119931083,0.0202240702241,-1.01194354865,-0.00146149762702,0.0025795025795,-0.261857049496,0.00725798939142,0.0308231308231,0,0,0,0,0,0,0.000435665553678,0.000332032300676,-1,-0.0001287001287,-0.11435042735,0,0,0,195,0,21,1116,0.902777777778,1,0,0.0972222222222,1,0.902777777778,0.948905109489,0.941330856757,0.902777777778,0.902777777778,1,22,0,0,0,0
3818,WLNM_dir_neg,1,0.954545454545,00:00:03,10,90,25,1238804649,threshold_sweep,0.2,1,0.0454545454545,0.0869565217391,1,0,21,44,0.0454545454545,1,0,0.954545454545,1,0.0454545454545,0.0869565217391,0.681818181818,0.661616161616,0.0597014925373,0.175411603861,0.0454545454545,216,194,22,0,216,0,194,0,22,37,216,0.162162162162,1.32432432432,11.6756756757,21.6,6,8.1990990496,0.702237650082,0.31006006006,10.329336629,1.76937710775,0.765265265265,3.0868314707,0.528762798222,0.252752752753,0.579945114934,0.437917739848,2,1.32432432432,0.579945114934,2,0.0121701261701,0.00597269624573,7,0.000900900900901,0.621196581197,37,37,37,1,0,0.72972972973,0.243243243243,0.027027027027,37,0.145645645646,1.32432432432,10.4864864865,19.4,5.38888888889,7.38851068146,0.704574472201,0.32892170521,9.30473417557,1.77461424998,0.76901643912,2.86167594063,0.545783555687,0.28838116467,0.579945114934,0.437917739848,2,1.32432432432,0.579945114934,2,0.0113004579961,0.00531349628055,5,0.000643500643501,0.504623931624,37,37,37,1,0,0.72972972973,0.243243243243,0.027027027027,37,195,0.146396396396,1.32432432432,10.5405405405,19.5,5.41666666667,7.43338787198,0.705218849393,0.330284130284,9.31739308035,1.76791561012,0.767844767845,2.82497442121,0.536020787614,0.283575883576,0.579945114934,0.437917739848,2,1.32432432432,0.579945114934,2,0.0126057917238,0.00630472854641,6,0.000772200772201,0.506846153846,37,37,37,1,0,0.72972972973,0.243243243243,0.027027027027,-21,-0.0157657657658,0,-1.13513513514,-2.1,-0.583333333333,-0.765711177627,0.00298119931083,0.0202240702241,-1.01194354865,-0.00146149762702,0.0025795025795,-0.261857049496,0.00725798939142,0.0308231308231,0,0,0,0,0,0,0.000435665553678,0.000332032300676,-1,-0.0001287001287,-0.11435042735,0,0,0,195,0,21,1116,0.902777777778,1,0,0.0972222222222,1,0.902777777778,0.948905109489,0.941330856757,0.902777777778,0.902777777778,1,22,0,0,0,0
3819,WLNM_dir_neg,1,0.954545454545,00:00:03,10,90,25,1238804649,threshold_sweep,0.3,1,0.0454545454545,0.0869565217391,1,0,21,44,0.0454545454545,1,0,0.954545454545,1,0.0454545454545,0.0869565217391,0.681818181818,0.661616161616,0.0597014925373,0.175411603861,0.0454545454545,216,194,22,0,216,0,194,0,22,37,216,0.162162162162,1.32432432432,11.6756756757,21.6,6,8.1990990496,0.702237650082,0.31006006006,10.329336629,1.76937710775,0.765265265265,3.0868314707,0.528762798222,0.252752752753,0.579945114934,0.437917739848,2,1.32432432432,0.579945114934,2,0.0121701261701,0.00597269624573,7,0.000900900900901,0.621196581197,37,37,37,1,0,0.72972972973,0.243243243243,0.027027027027,37,0.145645645646,1.32432432432,10.4864864865,19.4,5.38888888889,7.38851068146,0.704574472201,0.32892170521,9.30473417557,1.77461424998,0.76901643912,2.86167594063,0.545783555687,0.28838116467,0.579945114934,0.437917739848,2,1.32432432432,0.579945114934,2,0.0113004579961,0.00531349628055,5,0.000643500643501,0.504623931624,37,37,37,1,0,0.72972972973,0.243243243243,0.027027027027,37,195,0.146396396396,1.32432432432,10.5405405405,19.5,5.41666666667,7.43338787198,0.705218849393,0.330284130284,9.31739308035,1.76791561012,0.767844767845,2.82497442121,0.536020787614,0.283575883576,0.579945114934,0.437917739848,2,1.32432432432,0.579945114934,2,0.0126057917238,0.00630472854641,6,0.000772200772201,0.506846153846,37,37,37,1,0,0.72972972973,0.243243243243,0.027027027027,-21,-0.0157657657658,0,-1.13513513514,-2.1,-0.583333333333,-0.765711177627,0.00298119931083,0.0202240702241,-1.01194354865,-0.00146149762702,0.0025795025795,-0.261857049496,0.00725798939142,0.0308231308231,0,0,0,0,0,0,0.000435665553678,0.000332032300676,-1,-0.0001287001287,-0.11435042735,0,0,0,195,0,21,1116,0.902777777778,1,0,0.0972222222222,1,0.902777777778,0.948905109489,0.941330856757,0.902777777778,0.902777777778,1,22,0,0,0,0
3820,WLNM_dir_neg,1,0.954545454545,00:00:03,10,90,25,1238804649,threshold_sweep,0.4,1,0.0454545454545,0.0869565217391,1,0,21,44,0.0454545454545,1,0,0.954545454545,1,0.0454545454545,0.0869565217391,0.681818181818,0.661616161616,0.0597014925373,0.175411603861,0.0454545454545,216,194,22,0,216,0,194,0,22,37,216,0.162162162162,1.32432432432,11.6756756757,21.6,6,8.1990990496,0.702237650082,0.31006006006,10.329336629,1.76937710775,0.765265265265,3.0868314707,0.528762798222,0.252752752753,0.579945114934,0.437917739848,2,1.32432432432,0.579945114934,2,0.0121701261701,0.00597269624573,7,0.000900900900901,0.621196581197,37,37,37,1,0,0.72972972973,0.243243243243,0.027027027027,37,0.145645645646,1.32432432432,10.4864864865,19.4,5.38888888889,7.38851068146,0.704574472201,0.32892170521,9.30473417557,1.77461424998,0.76901643912,2.86167594063,0.545783555687,0.28838116467,0.579945114934,0.437917739848,2,1.32432432432,0.579945114934,2,0.0113004579961,0.00531349628055,5,0.000643500643501,0.504623931624,37,37,37,1,0,0.72972972973,0.243243243243,0.027027027027,37,195,0.146396396396,1.32432432432,10.5405405405,19.5,5.41666666667,7.43338787198,0.705218849393,0.330284130284,9.31739308035,1.76791561012,0.767844767845,2.82497442121,0.536020787614,0.283575883576,0.579945114934,0.437917739848,2,1.32432432432,0.579945114934,2,0.0126057917238,0.00630472854641,6,0.000772200772201,0.506846153846,37,37,37,1,0,0.72972972973,0.243243243243,0.027027027027,-21,-0.0157657657658,0,-1.13513513514,-2.1,-0.583333333333,-0.765711177627,0.00298119931083,0.0202240702241,-1.01194354865,-0.00146149762702,0.0025795025795,-0.261857049496,0.00725798939142,0.0308231308231,0,0,0,0,0,0,0.000435665553678,0.000332032300676,-1,-0.0001287001287,-0.11435042735,0,0,0,195,0,21,1116,0.902777777778,1,0,0.0972222222222,1,0.902777777778,0.948905109489,0.941330856757,0.902777777778,0.902777777778,1,22,0,0,0,0
3821,WLNM_dir_neg,1,0.954545454545,00:00:03,10,90,25,1238804649,threshold_sweep,0.5,1,0.0454545454545,0.0869565217391,1,0,21,44,0.0454545454545,1,0,0.954545454545,1,0.0454545454545,0.0869565217391,0.681818181818,0.661616161616,0.0597014925373,0.175411603861,0.0454545454545,216,194,22,0,216,0,194,0,22,37,216,0.162162162162,1.32432432432,11.6756756757,21.6,6,8.1990990496,0.702237650082,0.31006006006,10.329336629,1.76937710775,0.765265265265,3.0868314707,0.528762798222,0.252752752753,0.579945114934,0.437917739848,2,1.32432432432,0.579945114934,2,0.0121701261701,0.00597269624573,7,0.000900900900901,0.621196581197,37,37,37,1,0,0.72972972973,0.243243243243,0.027027027027,37,0.145645645646,1.32432432432,10.4864864865,19.4,5.38888888889,7.38851068146,0.704574472201,0.32892170521,9.30473417557,1.77461424998,0.76901643912,2.86167594063,0.545783555687,0.28838116467,0.579945114934,0.437917739848,2,1.32432432432,0.579945114934,2,0.0113004579961,0.00531349628055,5,0.000643500643501,0.504623931624,37,37,37,1,0,0.72972972973,0.243243243243,0.027027027027,37,195,0.146396396396,1.32432432432,10.5405405405,19.5,5.41666666667,7.43338787198,0.705218849393,0.330284130284,9.31739308035,1.76791561012,0.767844767845,2.82497442121,0.536020787614,0.283575883576,0.579945114934,0.437917739848,2,1.32432432432,0.579945114934,2,0.0126057917238,0.00630472854641,6,0.000772200772201,0.506846153846,37,37,37,1,0,0.72972972973,0.243243243243,0.027027027027,-21,-0.0157657657658,0,-1.13513513514,-2.1,-0.583333333333,-0.765711177627,0.00298119931083,0.0202240702241,-1.01194354865,-0.00146149762702,0.0025795025795,-0.261857049496,0.00725798939142,0.0308231308231,0,0,0,0,0,0,0.000435665553678,0.000332032300676,-1,-0.0001287001287,-0.11435042735,0,0,0,195,0,21,1116,0.902777777778,1,0,0.0972222222222,1,0.902777777778,0.948905109489,0.941330856757,0.902777777778,0.902777777778,1,22,0,0,0,0
3822,WLNM_dir_neg,1,0.954545454545,00:00:03,10,90,25,1238804649,threshold_sweep,0.6,1,0.0454545454545,0.0869565217391,1,0,21,44,0.0454545454545,1,0,0.954545454545,1,0.0454545454545,0.0869565217391,0.681818181818,0.661616161616,0.0597014925373,0.175411603861,0.0454545454545,216,194,22,0,216,0,194,0,22,37,216,0.162162162162,1.32432432432,11.6756756757,21.6,6,8.1990990496,0.702237650082,0.31006006006,10.329336629,1.76937710775,0.765265265265,3.0868314707,0.528762798222,0.252752752753,0.579945114934,0.437917739848,2,1.32432432432,0.579945114934,2,0.0121701261701,0.00597269624573,7,0.000900900900901,0.621196581197,37,37,37,1,0,0.72972972973,0.243243243243,0.027027027027,37,0.145645645646,1.32432432432,10.4864864865,19.4,5.38888888889,7.38851068146,0.704574472201,0.32892170521,9.30473417557,1.77461424998,0.76901643912,2.86167594063,0.545783555687,0.28838116467,0.579945114934,0.437917739848,2,1.32432432432,0.579945114934,2,0.0113004579961,0.00531349628055,5,0.000643500643501,0.504623931624,37,37,37,1,0,0.72972972973,0.243243243243,0.027027027027,37,195,0.146396396396,1.32432432432,10.5405405405,19.5,5.41666666667,7.43338787198,0.705218849393,0.330284130284,9.31739308035,1.76791561012,0.767844767845,2.82497442121,0.536020787614,0.283575883576,0.579945114934,0.437917739848,2,1.32432432432,0.579945114934,2,0.0126057917238,0.00630472854641,6,0.000772200772201,0.506846153846,37,37,37,1,0,0.72972972973,0.243243243243,0.027027027027,-21,-0.0157657657658,0,-1.13513513514,-2.1,-0.583333333333,-0.765711177627,0.00298119931083,0.0202240702241,-1.01194354865,-0.00146149762702,0.0025795025795,-0.261857049496,0.00725798939142,0.0308231308231,0,0,0,0,0,0,0.000435665553678,0.000332032300676,-1,-0.0001287001287,-0.11435042735,0,0,0,195,0,21,1116,0.902777777778,1,0,0.0972222222222,1,0.902777777778,0.948905109489,0.941330856757,0.902777777778,0.902777777778,1,22,0,0,0,0
3823,WLNM_dir_neg,1,0.954545454545,00:00:03,10,90,25,1238804649,threshold_sweep,0.7,1,0.0454545454545,0.0869565217391,1,0,21,44,0.0454545454545,1,0,0.954545454545,1,0.0454545454545,0.0869565217391,0.681818181818,0.661616161616,0.0597014925373,0.175411603861,0.0454545454545,216,194,22,0,216,0,194,0,22,37,216,0.162162162162,1.32432432432,11.6756756757,21.6,6,8.1990990496,0.702237650082,0.31006006006,10.329336629,1.76937710775,0.765265265265,3.0868314707,0.528762798222,0.252752752753,0.579945114934,0.437917739848,2,1.32432432432,0.579945114934,2,0.0121701261701,0.00597269624573,7,0.000900900900901,0.621196581197,37,37,37,1,0,0.72972972973,0.243243243243,0.027027027027,37,0.145645645646,1.32432432432,10.4864864865,19.4,5.38888888889,7.38851068146,0.704574472201,0.32892170521,9.30473417557,1.77461424998,0.76901643912,2.86167594063,0.545783555687,0.28838116467,0.579945114934,0.437917739848,2,1.32432432432,0.579945114934,2,0.0113004579961,0.00531349628055,5,0.000643500643501,0.504623931624,37,37,37,1,0,0.72972972973,0.243243243243,0.027027027027,37,195,0.146396396396,1.32432432432,10.5405405405,19.5,5.41666666667,7.43338787198,0.705218849393,0.330284130284,9.31739308035,1.76791561012,0.767844767845,2.82497442121,0.536020787614,0.283575883576,0.579945114934,0.437917739848,2,1.32432432432,0.579945114934,2,0.0126057917238,0.00630472854641,6,0.000772200772201,0.506846153846,37,37,37,1,0,0.72972972973,0.243243243243,0.027027027027,-21,-0.0157657657658,0,-1.13513513514,-2.1,-0.583333333333,-0.765711177627,0.00298119931083,0.0202240702241,-1.01194354865,-0.00146149762702,0.0025795025795,-0.261857049496,0.00725798939142,0.0308231308231,0,0,0,0,0,0,0.000435665553678,0.000332032300676,-1,-0.0001287001287,-0.11435042735,0,0,0,195,0,21,1116,0.902777777778,1,0,0.0972222222222,1,0.902777777778,0.948905109489,0.941330856757,0.902777777778,0.902777777778,1,22,0,0,0,0
3824,WLNM_dir_neg,1,0.954545454545,00:00:03,10,90,25,1238804649,threshold_sweep,0.8,1,0.0454545454545,0.0869565217391,1,0,21,44,0.0454545454545,1,0,0.954545454545,1,0.0454545454545,0.0869565217391,0.681818181818,0.661616161616,0.0597014925373,0.175411603861,0.0454545454545,216,194,22,0,216,0,194,0,22,37,216,0.162162162162,1.32432432432,11.6756756757,21.6,6,8.1990990496,0.702237650082,0.31006006006,10.329336629,1.76937710775,0.765265265265,3.0868314707,0.528762798222,0.252752752753,0.579945114934,0.437917739848,2,1.32432432432,0.579945114934,2,0.0121701261701,0.00597269624573,7,0.000900900900901,0.621196581197,37,37,37,1,0,0.72972972973,0.243243243243,0.027027027027,37,0.145645645646,1.32432432432,10.4864864865,19.4,5.38888888889,7.38851068146,0.704574472201,0.32892170521,9.30473417557,1.77461424998,0.76901643912,2.86167594063,0.545783555687,0.28838116467,0.579945114934,0.437917739848,2,1.32432432432,0.579945114934,2,0.0113004579961,0.00531349628055,5,0.000643500643501,0.504623931624,37,37,37,1,0,0.72972972973,0.243243243243,0.027027027027,37,195,0.146396396396,1.32432432432,10.5405405405,19.5,5.41666666667,7.43338787198,0.705218849393,0.330284130284,9.31739308035,1.76791561012,0.767844767845,2.82497442121,0.536020787614,0.283575883576,0.579945114934,0.437917739848,2,1.32432432432,0.579945114934,2,0.0126057917238,0.00630472854641,6,0.000772200772201,0.506846153846,37,37,37,1,0,0.72972972973,0.243243243243,0.027027027027,-21,-0.0157657657658,0,-1.13513513514,-2.1,-0.583333333333,-0.765711177627,0.00298119931083,0.0202240702241,-1.01194354865,-0.00146149762702,0.0025795025795,-0.261857049496,0.00725798939142,0.0308231308231,0,0,0,0,0,0,0.000435665553678,0.000332032300676,-1,-0.0001287001287,-0.11435042735,0,0,0,195,0,21,1116,0.902777777778,1,0,0.0972222222222,1,0.902777777778,0.948905109489,0.941330856757,0.902777777778,0.902777777778,1,22,0,0,0,0
3825,WLNM_dir_neg,1,0.954545454545,00:00:03,10,90,25,1238804649,threshold_sweep,0.9,1,0.0454545454545,0.0869565217391,1,0,21,44,0.0454545454545,1,0,0.954545454545,1,0.0454545454545,0.0869565217391,0.681818181818,0.661616161616,0.0597014925373,0.175411603861,0.0454545454545,216,194,22,0,216,0,194,0,22,37,216,0.162162162162,1.32432432432,11.6756756757,21.6,6,8.1990990496,0.702237650082,0.31006006006,10.329336629,1.76937710775,0.765265265265,3.0868314707,0.528762798222,0.252752752753,0.579945114934,0.437917739848,2,1.32432432432,0.579945114934,2,0.0121701261701,0.00597269624573,7,0.000900900900901,0.621196581197,37,37,37,1,0,0.72972972973,0.243243243243,0.027027027027,37,0.145645645646,1.32432432432,10.4864864865,19.4,5.38888888889,7.38851068146,0.704574472201,0.32892170521,9.30473417557,1.77461424998,0.76901643912,2.86167594063,0.545783555687,0.28838116467,0.579945114934,0.437917739848,2,1.32432432432,0.579945114934,2,0.0113004579961,0.00531349628055,5,0.000643500643501,0.504623931624,37,37,37,1,0,0.72972972973,0.243243243243,0.027027027027,37,195,0.146396396396,1.32432432432,10.5405405405,19.5,5.41666666667,7.43338787198,0.705218849393,0.330284130284,9.31739308035,1.76791561012,0.767844767845,2.82497442121,0.536020787614,0.283575883576,0.579945114934,0.437917739848,2,1.32432432432,0.579945114934,2,0.0126057917238,0.00630472854641,6,0.000772200772201,0.506846153846,37,37,37,1,0,0.72972972973,0.243243243243,0.027027027027,-21,-0.0157657657658,0,-1.13513513514,-2.1,-0.583333333333,-0.765711177627,0.00298119931083,0.0202240702241,-1.01194354865,-0.00146149762702,0.0025795025795,-0.261857049496,0.00725798939142,0.0308231308231,0,0,0,0,0,0,0.000435665553678,0.000332032300676,-1,-0.0001287001287,-0.11435042735,0,0,0,195,0,21,1116,0.902777777778,1,0,0.0972222222222,1,0.902777777778,0.948905109489,0.941330856757,0.902777777778,0.902777777778,1,22,0,0,0,0
3826,WLNM_dir_neg,0.963842975207,0.889147889148,00:00:03,10,90,26,1238804650,threshold_sweep,0.1,1,0.0454545454545,0.0869565217391,1,0,21,44,0.0454545454545,1,0,0.954545454545,1,0.0454545454545,0.0869565217391,0.681818181818,0.661616161616,0.0597014925373,0.175411603861,0.0454545454545,216,194,22,0,216,0,194,0,22,37,216,0.162162162162,1.32432432432,11.6756756757,21.6,6,8.1990990496,0.702237650082,0.31006006006,10.329336629,1.76937710775,0.765265265265,3.0868314707,0.528762798222,0.252752752753,0.579945114934,0.437917739848,2,1.32432432432,0.579945114934,2,0.0121701261701,0.00597269624573,7,0.000900900900901,0.621196581197,37,37,37,1,0,0.72972972973,0.243243243243,0.027027027027,37,0.145645645646,1.32094594595,10.4864864865,19.4,5.54285714286,7.44095880031,0.709575968071,0.327528559487,9.34048953453,1.78143357102,0.769295068264,2.90024333659,0.55313919306,0.288659793814,0.570194700955,0.431656346503,2,1.32094594595,0.570194700955,2,0,0,0,0,0.507248812915,37,37,37,1,0,0.72972972973,0.216216216216,0.0540540540541,37,195,0.146396396396,1.32094594595,10.5405405405,19.5,5.57142857143,7.47438066775,0.709107909504,0.326126126126,9.34418609692,1.77299941326,0.767844767845,2.86403608614,0.543432488139,0.283853083853,0.570194700955,0.431656346503,2,1.32094594595,0.570194700955,2,0,0,0,0,0.509717948718,37,37,37,1,0,0.72972972973,0.216216216216,0.0540540540541,-21,-0.0157657657658,-0.00337837837838,-1.13513513514,-2.1,-0.428571428571,-0.724718381859,0.00687025942219,0.0160660660661,-0.985150532083,0.00362230551582,0.0025795025795,-0.222795384566,0.0146696899166,0.0311003311003,-0.0097504139796,-0.00626139334556,0,-0.00337837837838,-0.0097504139796,0,-0.0121701261701,-0.00597269624573,-7,-0.000900900900901,-0.111478632479,0,-0.027027027027,0.027027027027,195,0,21,1116,0.902777777778,1,0,0.0972222222222,1,0.902777777778,0.948905109489,0.941330856757,0.902777777778,0.902777777778,1,22,0,0,0,0
3827,WLNM_dir_neg,0.963842975207,0.889147889148,00:00:03,10,90,26,1238804650,threshold_sweep,0.2,1,0.0454545454545,0.0869565217391,1,0,21,44,0.0454545454545,1,0,0.954545454545,1,0.0454545454545,0.0869565217391,0.681818181818,0.661616161616,0.0597014925373,0.175411603861,0.0454545454545,216,194,22,0,216,0,194,0,22,37,216,0.162162162162,1.32432432432,11.6756756757,21.6,6,8.1990990496,0.702237650082,0.31006006006,10.329336629,1.76937710775,0.765265265265,3.0868314707,0.528762798222,0.252752752753,0.579945114934,0.437917739848,2,1.32432432432,0.579945114934,2,0.0121701261701,0.00597269624573,7,0.000900900900901,0.621196581197,37,37,37,1,0,0.72972972973,0.243243243243,0.027027027027,37,0.145645645646,1.32094594595,10.4864864865,19.4,5.54285714286,7.44095880031,0.709575968071,0.327528559487,9.34048953453,1.78143357102,0.769295068264,2.90024333659,0.55313919306,0.288659793814,0.570194700955,0.431656346503,2,1.32094594595,0.570194700955,2,0,0,0,0,0.507248812915,37,37,37,1,0,0.72972972973,0.216216216216,0.0540540540541,37,195,0.146396396396,1.32094594595,10.5405405405,19.5,5.57142857143,7.47438066775,0.709107909504,0.326126126126,9.34418609692,1.77299941326,0.767844767845,2.86403608614,0.543432488139,0.283853083853,0.570194700955,0.431656346503,2,1.32094594595,0.570194700955,2,0,0,0,0,0.509717948718,37,37,37,1,0,0.72972972973,0.216216216216,0.0540540540541,-21,-0.0157657657658,-0.00337837837838,-1.13513513514,-2.1,-0.428571428571,-0.724718381859,0.00687025942219,0.0160660660661,-0.985150532083,0.00362230551582,0.0025795025795,-0.222795384566,0.0146696899166,0.0311003311003,-0.0097504139796,-0.00626139334556,0,-0.00337837837838,-0.0097504139796,0,-0.0121701261701,-0.00597269624573,-7,-0.000900900900901,-0.111478632479,0,-0.027027027027,0.027027027027,195,0,21,1116,0.902777777778,1,0,0.0972222222222,1,0.902777777778,0.948905109489,0.941330856757,0.902777777778,0.902777777778,1,22,0,0,0,0
3828,WLNM_dir_neg,0.963842975207,0.889147889148,00:00:03,10,90,26,1238804650,threshold_sweep,0.3,1,0.0454545454545,0.0869565217391,1,0,21,44,0.0454545454545,1,0,0.954545454545,1,0.0454545454545,0.0869565217391,0.681818181818,0.661616161616,0.0597014925373,0.175411603861,0.0454545454545,216,194,22,0,216,0,194,0,22,37,216,0.162162162162,1.32432432432,11.6756756757,21.6,6,8.1990990496,0.702237650082,0.31006006006,10.329336629,1.76937710775,0.765265265265,3.0868314707,0.528762798222,0.252752752753,0.579945114934,0.437917739848,2,1.32432432432,0.579945114934,2,0.0121701261701,0.00597269624573,7,0.000900900900901,0.621196581197,37,37,37,1,0,0.72972972973,0.243243243243,0.027027027027,37,0.145645645646,1.32094594595,10.4864864865,19.4,5.54285714286,7.44095880031,0.709575968071,0.327528559487,9.34048953453,1.78143357102,0.769295068264,2.90024333659,0.55313919306,0.288659793814,0.570194700955,0.431656346503,2,1.32094594595,0.570194700955,2,0,0,0,0,0.507248812915,37,37,37,1,0,0.72972972973,0.216216216216,0.0540540540541,37,195,0.146396396396,1.32094594595,10.5405405405,19.5,5.57142857143,7.47438066775,0.709107909504,0.326126126126,9.34418609692,1.77299941326,0.767844767845,2.86403608614,0.543432488139,0.283853083853,0.570194700955,0.431656346503,2,1.32094594595,0.570194700955,2,0,0,0,0,0.509717948718,37,37,37,1,0,0.72972972973,0.216216216216,0.0540540540541,-21,-0.0157657657658,-0.00337837837838,-1.13513513514,-2.1,-0.428571428571,-0.724718381859,0.00687025942219,0.0160660660661,-0.985150532083,0.00362230551582,0.0025795025795,-0.222795384566,0.0146696899166,0.0311003311003,-0.0097504139796,-0.00626139334556,0,-0.00337837837838,-0.0097504139796,0,-0.0121701261701,-0.00597269624573,-7,-0.000900900900901,-0.111478632479,0,-0.027027027027,0.027027027027,195,0,21,1116,0.902777777778,1,0,0.0972222222222,1,0.902777777778,0.948905109489,0.941330856757,0.902777777778,0.902777777778,1,22,0,0,0,0
3829,WLNM_dir_neg,0.963842975207,0.889147889148,00:00:03,10,90,26,1238804650,threshold_sweep,0.4,0,0,0,0,0,22,44,0,1,0,1,0,0,0,0.666666666667,0.666666666667,0,0,0,216,194,22,0,216,0,194,0,22,37,216,0.162162162162,1.32432432432,11.6756756757,21.6,6,8.1990990496,0.702237650082,0.31006006006,10.329336629,1.76937710775,0.765265265265,3.0868314707,0.528762798222,0.252752752753,0.579945114934,0.437917739848,2,1.32432432432,0.579945114934,2,0.0121701261701,0.00597269624573,7,0.000900900900901,0.621196581197,37,37,37,1,0,0.72972972973,0.243243243243,0.027027027027,37,0.145645645646,1.32094594595,10.4864864865,19.4,5.54285714286,7.44095880031,0.709575968071,0.327528559487,9.34048953453,1.78143357102,0.769295068264,2.90024333659,0.55313919306,0.288659793814,0.570194700955,0.431656346503,2,1.32094594595,0.570194700955,2,0,0,0,0,0.507248812915,37,37,37,1,0,0.72972972973,0.216216216216,0.0540540540541,37,194,0.145645645646,1.32094594595,10.4864864865,19.4,5.54285714286,7.44095880031,0.709575968071,0.327528559487,9.34048953453,1.78143357102,0.769295068264,2.90024333659,0.55313919306,0.288659793814,0.570194700955,0.431656346503,2,1.32094594595,0.570194700955,2,0,0,0,0,0.507248812915,37,37,37,1,0,0.72972972973,0.216216216216,0.0540540540541,-22,-0.0165165165165,-0.00337837837838,-1.18918918919,-2.2,-0.457142857143,-0.758140249297,0.00733831798866,0.0174684994273,-0.988847094465,0.0120564632741,0.00402980299888,-0.186588134118,0.0243763948378,0.0359070410617,-0.0097504139796,-0.00626139334556,0,-0.00337837837838,-0.0097504139796,0,-0.0121701261701,-0.00597269624573,-7,-0.000900900900901,-0.113947768281,0,-0.027027027027,0.027027027027,194,0,22,1116,0.898148148148,1,0,0.101851851852,1,0.898148148148,0.946341463415,0.938501466663,0.898148148148,0.898148148148,0,22,0,0,0,0
3830,WLNM_dir_neg,0.963842975207,0.889147889148,00:00:03,10,90,26,1238804650,threshold_sweep,0.5,0,0,0,0,0,22,44,0,1,0,1,0,0,0,0.666666666667,0.666666666667,0,0,0,216,194,22,0,216,0,194,0,22,37,216,0.162162162162,1.32432432432,11.6756756757,21.6,6,8.1990990496,0.702237650082,0.31006006006,10.329336629,1.76937710775,0.765265265265,3.0868314707,0.528762798222,0.252752752753,0.579945114934,0.437917739848,2,1.32432432432,0.579945114934,2,0.0121701261701,0.00597269624573,7,0.000900900900901,0.621196581197,37,37,37,1,0,0.72972972973,0.243243243243,0.027027027027,37,0.145645645646,1.32094594595,10.4864864865,19.4,5.54285714286,7.44095880031,0.709575968071,0.327528559487,9.34048953453,1.78143357102,0.769295068264,2.90024333659,0.55313919306,0.288659793814,0.570194700955,0.431656346503,2,1.32094594595,0.570194700955,2,0,0,0,0,0.507248812915,37,37,37,1,0,0.72972972973,0.216216216216,0.0540540540541,37,194,0.145645645646,1.32094594595,10.4864864865,19.4,5.54285714286,7.44095880031,0.709575968071,0.327528559487,9.34048953453,1.78143357102,0.769295068264,2.90024333659,0.55313919306,0.288659793814,0.570194700955,0.431656346503,2,1.32094594595,0.570194700955,2,0,0,0,0,0.507248812915,37,37,37,1,0,0.72972972973,0.216216216216,0.0540540540541,-22,-0.0165165165165,-0.00337837837838,-1.18918918919,-2.2,-0.457142857143,-0.758140249297,0.00733831798866,0.0174684994273,-0.988847094465,0.0120564632741,0.00402980299888,-0.186588134118,0.0243763948378,0.0359070410617,-0.0097504139796,-0.00626139334556,0,-0.00337837837838,-0.0097504139796,0,-0.0121701261701,-0.00597269624573,-7,-0.000900900900901,-0.113947768281,0,-0.027027027027,0.027027027027,194,0,22,1116,0.898148148148,1,0,0.101851851852,1,0.898148148148,0.946341463415,0.938501466663,0.898148148148,0.898148148148,0,22,0,0,0,0
3831,WLNM_dir_neg,0.963842975207,0.889147889148,00:00:03,10,90,26,1238804650,threshold_sweep,0.6,0,0,0,0,0,22,44,0,1,0,1,0,0,0,0.666666666667,0.666666666667,0,0,0,216,194,22,0,216,0,194,0,22,37,216,0.162162162162,1.32432432432,11.6756756757,21.6,6,8.1990990496,0.702237650082,0.31006006006,10.329336629,1.76937710775,0.765265265265,3.0868314707,0.528762798222,0.252752752753,0.579945114934,0.437917739848,2,1.32432432432,0.579945114934,2,0.0121701261701,0.00597269624573,7,0.000900900900901,0.621196581197,37,37,37,1,0,0.72972972973,0.243243243243,0.027027027027,37,0.145645645646,1.32094594595,10.4864864865,19.4,5.54285714286,7.44095880031,0.709575968071,0.327528559487,9.34048953453,1.78143357102,0.769295068264,2.90024333659,0.55313919306,0.288659793814,0.570194700955,0.431656346503,2,1.32094594595,0.570194700955,2,0,0,0,0,0.507248812915,37,37,37,1,0,0.72972972973,0.216216216216,0.0540540540541,37,194,0.145645645646,1.32094594595,10.4864864865,19.4,5.54285714286,7.44095880031,0.709575968071,0.327528559487,9.34048953453,1.78143357102,0.769295068264,2.90024333659,0.55313919306,0.288659793814,0.570194700955,0.431656346503,2,1.32094594595,0.570194700955,2,0,0,0,0,0.507248812915,37,37,37,1,0,0.72972972973,0.216216216216,0.0540540540541,-22,-0.0165165165165,-0.00337837837838,-1.18918918919,-2.2,-0.457142857143,-0.758140249297,0.00733831798866,0.0174684994273,-0.988847094465,0.0120564632741,0.00402980299888,-0.186588134118,0.0243763948378,0.0359070410617,-0.0097504139796,-0.00626139334556,0,-0.00337837837838,-0.0097504139796,0,-0.0121701261701,-0.00597269624573,-7,-0.000900900900901,-0.113947768281,0,-0.027027027027,0.027027027027,194,0,22,1116,0.898148148148,1,0,0.101851851852,1,0.898148148148,0.946341463415,0.938501466663,0.898148148148,0.898148148148,0,22,0,0,0,0
3832,WLNM_dir_neg,0.963842975207,0.889147889148,00:00:03,10,90,26,1238804650,threshold_sweep,0.7,0,0,0,0,0,22,44,0,1,0,1,0,0,0,0.666666666667,0.666666666667,0,0,0,216,194,22,0,216,0,194,0,22,37,216,0.162162162162,1.32432432432,11.6756756757,21.6,6,8.1990990496,0.702237650082,0.31006006006,10.329336629,1.76937710775,0.765265265265,3.0868314707,0.528762798222,0.252752752753,0.579945114934,0.437917739848,2,1.32432432432,0.579945114934,2,0.0121701261701,0.00597269624573,7,0.000900900900901,0.621196581197,37,37,37,1,0,0.72972972973,0.243243243243,0.027027027027,37,0.145645645646,1.32094594595,10.4864864865,19.4,5.54285714286,7.44095880031,0.709575968071,0.327528559487,9.34048953453,1.78143357102,0.769295068264,2.90024333659,0.55313919306,0.288659793814,0.570194700955,0.431656346503,2,1.32094594595,0.570194700955,2,0,0,0,0,0.507248812915,37,37,37,1,0,0.72972972973,0.216216216216,0.0540540540541,37,194,0.145645645646,1.32094594595,10.4864864865,19.4,5.54285714286,7.44095880031,0.709575968071,0.327528559487,9.34048953453,1.78143357102,0.769295068264,2.90024333659,0.55313919306,0.288659793814,0.570194700955,0.431656346503,2,1.32094594595,0.570194700955,2,0,0,0,0,0.507248812915,37,37,37,1,0,0.72972972973,0.216216216216,0.0540540540541,-22,-0.0165165165165,-0.00337837837838,-1.18918918919,-2.2,-0.457142857143,-0.758140249297,0.00733831798866,0.0174684994273,-0.988847094465,0.0120564632741,0.00402980299888,-0.186588134118,0.0243763948378,0.0359070410617,-0.0097504139796,-0.00626139334556,0,-0.00337837837838,-0.0097504139796,0,-0.0121701261701,-0.00597269624573,-7,-0.000900900900901,-0.113947768281,0,-0.027027027027,0.027027027027,194,0,22,1116,0.898148148148,1,0,0.101851851852,1,0.898148148148,0.946341463415,0.938501466663,0.898148148148,0.898148148148,0,22,0,0,0,0
3833,WLNM_dir_neg,0.963842975207,0.889147889148,00:00:03,10,90,26,1238804650,threshold_sweep,0.8,0,0,0,0,0,22,44,0,1,0,1,0,0,0,0.666666666667,0.666666666667,0,0,0,216,194,22,0,216,0,194,0,22,37,216,0.162162162162,1.32432432432,11.6756756757,21.6,6,8.1990990496,0.702237650082,0.31006006006,10.329336629,1.76937710775,0.765265265265,3.0868314707,0.528762798222,0.252752752753,0.579945114934,0.437917739848,2,1.32432432432,0.579945114934,2,0.0121701261701,0.00597269624573,7,0.000900900900901,0.621196581197,37,37,37,1,0,0.72972972973,0.243243243243,0.027027027027,37,0.145645645646,1.32094594595,10.4864864865,19.4,5.54285714286,7.44095880031,0.709575968071,0.327528559487,9.34048953453,1.78143357102,0.769295068264,2.90024333659,0.55313919306,0.288659793814,0.570194700955,0.431656346503,2,1.32094594595,0.570194700955,2,0,0,0,0,0.507248812915,37,37,37,1,0,0.72972972973,0.216216216216,0.0540540540541,37,194,0.145645645646,1.32094594595,10.4864864865,19.4,5.54285714286,7.44095880031,0.709575968071,0.327528559487,9.34048953453,1.78143357102,0.769295068264,2.90024333659,0.55313919306,0.288659793814,0.570194700955,0.431656346503,2,1.32094594595,0.570194700955,2,0,0,0,0,0.507248812915,37,37,37,1,0,0.72972972973,0.216216216216,0.0540540540541,-22,-0.0165165165165,-0.00337837837838,-1.18918918919,-2.2,-0.457142857143,-0.758140249297,0.00733831798866,0.0174684994273,-0.988847094465,0.0120564632741,0.00402980299888,-0.186588134118,0.0243763948378,0.0359070410617,-0.0097504139796,-0.00626139334556,0,-0.00337837837838,-0.0097504139796,0,-0.0121701261701,-0.00597269624573,-7,-0.000900900900901,-0.113947768281,0,-0.027027027027,0.027027027027,194,0,22,1116,0.898148148148,1,0,0.101851851852,1,0.898148148148,0.946341463415,0.938501466663,0.898148148148,0.898148148148,0,22,0,0,0,0
3834,WLNM_dir_neg,0.963842975207,0.889147889148,00:00:03,10,90,26,1238804650,threshold_sweep,0.9,0,0,0,0,0,22,44,0,1,0,1,0,0,0,0.666666666667,0.666666666667,0,0,0,216,194,22,0,216,0,194,0,22,37,216,0.162162162162,1.32432432432,11.6756756757,21.6,6,8.1990990496,0.702237650082,0.31006006006,10.329336629,1.76937710775,0.765265265265,3.0868314707,0.528762798222,0.252752752753,0.579945114934,0.437917739848,2,1.32432432432,0.579945114934,2,0.0121701261701,0.00597269624573,7,0.000900900900901,0.621196581197,37,37,37,1,0,0.72972972973,0.243243243243,0.027027027027,37,0.145645645646,1.32094594595,10.4864864865,19.4,5.54285714286,7.44095880031,0.709575968071,0.327528559487,9.34048953453,1.78143357102,0.769295068264,2.90024333659,0.55313919306,0.288659793814,0.570194700955,0.431656346503,2,1.32094594595,0.570194700955,2,0,0,0,0,0.507248812915,37,37,37,1,0,0.72972972973,0.216216216216,0.0540540540541,37,194,0.145645645646,1.32094594595,10.4864864865,19.4,5.54285714286,7.44095880031,0.709575968071,0.327528559487,9.34048953453,1.78143357102,0.769295068264,2.90024333659,0.55313919306,0.288659793814,0.570194700955,0.431656346503,2,1.32094594595,0.570194700955,2,0,0,0,0,0.507248812915,37,37,37,1,0,0.72972972973,0.216216216216,0.0540540540541,-22,-0.0165165165165,-0.00337837837838,-1.18918918919,-2.2,-0.457142857143,-0.758140249297,0.00733831798866,0.0174684994273,-0.988847094465,0.0120564632741,0.00402980299888,-0.186588134118,0.0243763948378,0.0359070410617,-0.0097504139796,-0.00626139334556,0,-0.00337837837838,-0.0097504139796,0,-0.0121701261701,-0.00597269624573,-7,-0.000900900900901,-0.113947768281,0,-0.027027027027,0.027027027027,194,0,22,1116,0.898148148148,1,0,0.101851851852,1,0.898148148148,0.946341463415,0.938501466663,0.898148148148,0.898148148148,0,22,0,0,0,0
3835,WLNM_dir_neg,0.977272727273,0.702741346269,00:00:03,10,90,27,1238804651,threshold_sweep,0.1,0.5,0.0454545454545,0.0833333333333,1,1,21,43,0.0454545454545,0.977272727273,0.0227272727273,0.954545454545,0.5,0.0454545454545,0.0833333333333,0.666666666667,0.656565656566,0.0294117647059,0.0625,0.0227272727273,216,194,22,0,216,0,194,0,22,37,216,0.162162162162,1.32432432432,11.6756756757,21.6,6,8.1990990496,0.702237650082,0.31006006006,10.329336629,1.76937710775,0.765265265265,3.0868314707,0.528762798222,0.252752752753,0.579945114934,0.437917739848,2,1.32432432432,0.579945114934,2,0.0121701261701,0.00597269624573,7,0.000900900900901,0.621196581197,37,37,37,1,0,0.72972972973,0.243243243243,0.027027027027,37,0.145645645646,1.32132132132,10.4864864865,19.4,5.54285714286,7.4484212407,0.710287592541,0.327528559487,9.31368588394,1.77632153457,0.770688213987,2.83240578352,0.540201103043,0.278907773753,0.571249793283,0.432332229917,2,1.32132132132,0.571249793283,2,0,0,0,0,0.501754985755,37,37,37,1,0,0.72972972973,0.216216216216,0.0540540540541,37,196,0.147147147147,1.32432432432,10.5945945946,19.6,5.44444444444,7.47387843485,0.705442607371,0.326530612245,9.32399790524,1.7601424617,0.76778819636,2.74737111582,0.518636384109,0.26778819636,0.580536137887,0.438364022486,2.11111111111,1.32432432432,0.580536137887,2.11111111111,0.0123114304605,0.00727650727651,7,0.000900900900901,0.502495726496,37,37,37,1,0,0.72972972973,0.243243243243,0.027027027027,-20,-0.015015015015,0,-1.08108108108,-2,-0.555555555556,-0.725220614758,0.00320495728882,0.0164705521848,-1.00533872376,-0.00923464604168,0.00252293109436,-0.339460354883,-0.0101264141134,0.0150354436069,0.000591022952395,0.000446282637523,0.111111111111,0,0.000591022952395,0.111111111111,0.000141304290373,0.00130381103077,0,0,-0.118700854701,0,0,0,195,1,21,1115,0.902777777778,0.999103942652,0.00089605734767,0.0972222222222,0.994897959184,0.902777777778,0.946601941748,0.938407253708,0.90188172043,0.898617511521,2,22,0,0,0,0
3836,WLNM_dir_neg,0.977272727273,0.702741346269,00:00:03,10,90,27,1238804651,threshold_sweep,0.2,0.5,0.0454545454545,0.0833333333333,1,1,21,43,0.0454545454545,0.977272727273,0.0227272727273,0.954545454545,0.5,0.0454545454545,0.0833333333333,0.666666666667,0.656565656566,0.0294117647059,0.0625,0.0227272727273,216,194,22,0,216,0,194,0,22,37,216,0.162162162162,1.32432432432,11.6756756757,21.6,6,8.1990990496,0.702237650082,0.31006006006,10.329336629,1.76937710775,0.765265265265,3.0868314707,0.528762798222,0.252752752753,0.579945114934,0.437917739848,2,1.32432432432,0.579945114934,2,0.0121701261701,0.00597269624573,7,0.000900900900901,0.621196581197,37,37,37,1,0,0.72972972973,0.243243243243,0.027027027027,37,0.145645645646,1.32132132132,10.4864864865,19.4,5.54285714286,7.4484212407,0.710287592541,0.327528559487,9.31368588394,1.77632153457,0.770688213987,2.83240578352,0.540201103043,0.278907773753,0.571249793283,0.432332229917,2,1.32132132132,0.571249793283,2,0,0,0,0,0.501754985755,37,37,37,1,0,0.72972972973,0.216216216216,0.0540540540541,37,196,0.147147147147,1.32432432432,10.5945945946,19.6,5.44444444444,7.47387843485,0.705442607371,0.326530612245,9.32399790524,1.7601424617,0.76778819636,2.74737111582,0.518636384109,0.26778819636,0.580536137887,0.438364022486,2.11111111111,1.32432432432,0.580536137887,2.11111111111,0.0123114304605,0.00727650727651,7,0.000900900900901,0.502495726496,37,37,37,1,0,0.72972972973,0.243243243243,0.027027027027,-20,-0.015015015015,0,-1.08108108108,-2,-0.555555555556,-0.725220614758,0.00320495728882,0.0164705521848,-1.00533872376,-0.00923464604168,0.00252293109436,-0.339460354883,-0.0101264141134,0.0150354436069,0.000591022952395,0.000446282637523,0.111111111111,0,0.000591022952395,0.111111111111,0.000141304290373,0.00130381103077,0,0,-0.118700854701,0,0,0,195,1,21,1115,0.902777777778,0.999103942652,0.00089605734767,0.0972222222222,0.994897959184,0.902777777778,0.946601941748,0.938407253708,0.90188172043,0.898617511521,2,22,0,0,0,0
3837,WLNM_dir_neg,0.977272727273,0.702741346269,00:00:03,10,90,27,1238804651,threshold_sweep,0.3,1,0.0454545454545,0.0869565217391,1,0,21,44,0.0454545454545,1,0,0.954545454545,1,0.0454545454545,0.0869565217391,0.681818181818,0.661616161616,0.0597014925373,0.175411603861,0.0454545454545,216,194,22,0,216,0,194,0,22,37,216,0.162162162162,1.32432432432,11.6756756757,21.6,6,8.1990990496,0.702237650082,0.31006006006,10.329336629,1.76937710775,0.765265265265,3.0868314707,0.528762798222,0.252752752753,0.579945114934,0.437917739848,2,1.32432432432,0.579945114934,2,0.0121701261701,0.00597269624573,7,0.000900900900901,0.621196581197,37,37,37,1,0,0.72972972973,0.243243243243,0.027027027027,37,0.145645645646,1.32132132132,10.4864864865,19.4,5.54285714286,7.4484212407,0.710287592541,0.327528559487,9.31368588394,1.77632153457,0.770688213987,2.83240578352,0.540201103043,0.278907773753,0.571249793283,0.432332229917,2,1.32132132132,0.571249793283,2,0,0,0,0,0.501754985755,37,37,37,1,0,0.72972972973,0.216216216216,0.0540540540541,37,195,0.146396396396,1.32132132132,10.5405405405,19.5,5.57142857143,7.48923150855,0.710516835426,0.326541926542,9.31739308035,1.76791561012,0.769230769231,2.79531998415,0.530394048275,0.273873873874,0.571249793283,0.432332229917,2,1.32132132132,0.571249793283,2,0,0,0,0,0.504224121557,37,37,37,1,0,0.72972972973,0.216216216216,0.0540540540541,-21,-0.0157657657658,-0.003003003003,-1.13513513514,-2.1,-0.428571428571,-0.709867541059,0.00827918534423,0.0164818664819,-1.01194354865,-0.00146149762702,0.0039655039655,-0.291511486549,0.00163125005304,0.0211211211211,-0.00869532165105,-0.00558550993171,0,-0.003003003003,-0.00869532165105,0,-0.0121701261701,-0.00597269624573,-7,-0.000900900900901,-0.116972459639,0,-0.027027027027,0.027027027027,195,0,21,1116,0.902777777778,1,0,0.0972222222222,1,0.902777777778,0.948905109489,0.941330856757,0.902777777778,0.902777777778,1,22,0,0,0,0
3838,WLNM_dir_neg,0.977272727273,0.702741346269,00:00:03,10,90,27,1238804651,threshold_sweep,0.4,1,0.0454545454545,0.0869565217391,1,0,21,44,0.0454545454545,1,0,0.954545454545,1,0.0454545454545,0.0869565217391,0.681818181818,0.661616161616,0.0597014925373,0.175411603861,0.0454545454545,216,194,22,0,216,0,194,0,22,37,216,0.162162162162,1.32432432432,11.6756756757,21.6,6,8.1990990496,0.702237650082,0.31006006006,10.329336629,1.76937710775,0.765265265265,3.0868314707,0.528762798222,0.252752752753,0.579945114934,0.437917739848,2,1.32432432432,0.579945114934,2,0.0121701261701,0.00597269624573,7,0.000900900900901,0.621196581197,37,37,37,1,0,0.72972972973,0.243243243243,0.027027027027,37,0.145645645646,1.32132132132,10.4864864865,19.4,5.54285714286,7.4484212407,0.710287592541,0.327528559487,9.31368588394,1.77632153457,0.770688213987,2.83240578352,0.540201103043,0.278907773753,0.571249793283,0.432332229917,2,1.32132132132,0.571249793283,2,0,0,0,0,0.501754985755,37,37,37,1,0,0.72972972973,0.216216216216,0.0540540540541,37,195,0.146396396396,1.32132132132,10.5405405405,19.5,5.57142857143,7.48923150855,0.710516835426,0.326541926542,9.31739308035,1.76791561012,0.769230769231,2.79531998415,0.530394048275,0.273873873874,0.571249793283,0.432332229917,2,1.32132132132,0.571249793283,2,0,0,0,0,0.504224121557,37,37,37,1,0,0.72972972973,0.216216216216,0.0540540540541,-21,-0.0157657657658,-0.003003003003,-1.13513513514,-2.1,-0.428571428571,-0.709867541059,0.00827918534423,0.0164818664819,-1.01194354865,-0.00146149762702,0.0039655039655,-0.291511486549,0.00163125005304,0.0211211211211,-0.00869532165105,-0.00558550993171,0,-0.003003003003,-0.00869532165105,0,-0.0121701261701,-0.00597269624573,-7,-0.000900900900901,-0.116972459639,0,-0.027027027027,0.027027027027,195,0,21,1116,0.902777777778,1,0,0.0972222222222,1,0.902777777778,0.948905109489,0.941330856757,0.902777777778,0.902777777778,1,22,0,0,0,0
3839,WLNM_dir_neg,0.977272727273,0.702741346269,00:00:03,10,90,27,1238804651,threshold_sweep,0.5,1,0.0454545454545,0.0869565217391,1,0,21,44,0.0454545454545,1,0,0.954545454545,1,0.0454545454545,0.0869565217391,0.681818181818,0.661616161616,0.0597014925373,0.175411603861,0.0454545454545,216,194,22,0,216,0,194,0,22,37,216,0.162162162162,1.32432432432,11.6756756757,21.6,6,8.1990990496,0.702237650082,0.31006006006,10.329336629,1.76937710775,0.765265265265,3.0868314707,0.528762798222,0.252752752753,0.579945114934,0.437917739848,2,1.32432432432,0.579945114934,2,0.0121701261701,0.00597269624573,7,0.000900900900901,0.621196581197,37,37,37,1,0,0.72972972973,0.243243243243,0.027027027027,37,0.145645645646,1.32132132132,10.4864864865,19.4,5.54285714286,7.4484212407,0.710287592541,0.327528559487,9.31368588394,1.77632153457,0.770688213987,2.83240578352,0.540201103043,0.278907773753,0.571249793283,0.432332229917,2,1.32132132132,0.571249793283,2,0,0,0,0,0.501754985755,37,37,37,1,0,0.72972972973,0.216216216216,0.0540540540541,37,195,0.146396396396,1.32132132132,10.5405405405,19.5,5.57142857143,7.48923150855,0.710516835426,0.326541926542,9.31739308035,1.76791561012,0.769230769231,2.79531998415,0.530394048275,0.273873873874,0.571249793283,0.432332229917,2,1.32132132132,0.571249793283,2,0,0,0,0,0.504224121557,37,37,37,1,0,0.72972972973,0.216216216216,0.0540540540541,-21,-0.0157657657658,-0.003003003003,-1.13513513514,-2.1,-0.428571428571,-0.709867541059,0.00827918534423,0.0164818664819,-1.01194354865,-0.00146149762702,0.0039655039655,-0.291511486549,0.00163125005304,0.0211211211211,-0.00869532165105,-0.00558550993171,0,-0.003003003003,-0.00869532165105,0,-0.0121701261701,-0.00597269624573,-7,-0.000900900900901,-0.116972459639,0,-0.027027027027,0.027027027027,195,0,21,1116,0.902777777778,1,0,0.0972222222222,1,0.902777777778,0.948905109489,0.941330856757,0.902777777778,0.902777777778,1,22,0,0,0,0
3840,WLNM_dir_neg,0.977272727273,0.702741346269,00:00:03,10,90,27,1238804651,threshold_sweep,0.6,1,0.0454545454545,0.0869565217391,1,0,21,44,0.0454545454545,1,0,0.954545454545,1,0.0454545454545,0.0869565217391,0.681818181818,0.661616161616,0.0597014925373,0.175411603861,0.0454545454545,216,194,22,0,216,0,194,0,22,37,216,0.162162162162,1.32432432432,11.6756756757,21.6,6,8.1990990496,0.702237650082,0.31006006006,10.329336629,1.76937710775,0.765265265265,3.0868314707,0.528762798222,0.252752752753,0.579945114934,0.437917739848,2,1.32432432432,0.579945114934,2,0.0121701261701,0.00597269624573,7,0.000900900900901,0.621196581197,37,37,37,1,0,0.72972972973,0.243243243243,0.027027027027,37,0.145645645646,1.32132132132,10.4864864865,19.4,5.54285714286,7.4484212407,0.710287592541,0.327528559487,9.31368588394,1.77632153457,0.770688213987,2.83240578352,0.540201103043,0.278907773753,0.571249793283,0.432332229917,2,1.32132132132,0.571249793283,2,0,0,0,0,0.501754985755,37,37,37,1,0,0.72972972973,0.216216216216,0.0540540540541,37,195,0.146396396396,1.32132132132,10.5405405405,19.5,5.57142857143,7.48923150855,0.710516835426,0.326541926542,9.31739308035,1.76791561012,0.769230769231,2.79531998415,0.530394048275,0.273873873874,0.571249793283,0.432332229917,2,1.32132132132,0.571249793283,2,0,0,0,0,0.504224121557,37,37,37,1,0,0.72972972973,0.216216216216,0.0540540540541,-21,-0.0157657657658,-0.003003003003,-1.13513513514,-2.1,-0.428571428571,-0.709867541059,0.00827918534423,0.0164818664819,-1.01194354865,-0.00146149762702,0.0039655039655,-0.291511486549,0.00163125005304,0.0211211211211,-0.00869532165105,-0.00558550993171,0,-0.003003003003,-0.00869532165105,0,-0.0121701261701,-0.00597269624573,-7,-0.000900900900901,-0.116972459639,0,-0.027027027027,0.027027027027,195,0,21,1116,0.902777777778,1,0,0.0972222222222,1,0.902777777778,0.948905109489,0.941330856757,0.902777777778,0.902777777778,1,22,0,0,0,0
3841,WLNM_dir_neg,0.977272727273,0.702741346269,00:00:03,10,90,27,1238804651,threshold_sweep,0.7,1,0.0454545454545,0.0869565217391,1,0,21,44,0.0454545454545,1,0,0.954545454545,1,0.0454545454545,0.0869565217391,0.681818181818,0.661616161616,0.0597014925373,0.175411603861,0.0454545454545,216,194,22,0,216,0,194,0,22,37,216,0.162162162162,1.32432432432,11.6756756757,21.6,6,8.1990990496,0.702237650082,0.31006006006,10.329336629,1.76937710775,0.765265265265,3.0868314707,0.528762798222,0.252752752753,0.579945114934,0.437917739848,2,1.32432432432,0.579945114934,2,0.0121701261701,0.00597269624573,7,0.000900900900901,0.621196581197,37,37,37,1,0,0.72972972973,0.243243243243,0.027027027027,37,0.145645645646,1.32132132132,10.4864864865,19.4,5.54285714286,7.4484212407,0.710287592541,0.327528559487,9.31368588394,1.77632153457,0.770688213987,2.83240578352,0.540201103043,0.278907773753,0.571249793283,0.432332229917,2,1.32132132132,0.571249793283,2,0,0,0,0,0.501754985755,37,37,37,1,0,0.72972972973,0.216216216216,0.0540540540541,37,195,0.146396396396,1.32132132132,10.5405405405,19.5,5.57142857143,7.48923150855,0.710516835426,0.326541926542,9.31739308035,1.76791561012,0.769230769231,2.79531998415,0.530394048275,0.273873873874,0.571249793283,0.432332229917,2,1.32132132132,0.571249793283,2,0,0,0,0,0.504224121557,37,37,37,1,0,0.72972972973,0.216216216216,0.0540540540541,-21,-0.0157657657658,-0.003003003003,-1.13513513514,-2.1,-0.428571428571,-0.709867541059,0.00827918534423,0.0164818664819,-1.01194354865,-0.00146149762702,0.0039655039655,-0.291511486549,0.00163125005304,0.0211211211211,-0.00869532165105,-0.00558550993171,0,-0.003003003003,-0.00869532165105,0,-0.0121701261701,-0.00597269624573,-7,-0.000900900900901,-0.116972459639,0,-0.027027027027,0.027027027027,195,0,21,1116,0.902777777778,1,0,0.0972222222222,1,0.902777777778,0.948905109489,0.941330856757,0.902777777778,0.902777777778,1,22,0,0,0,0
3842,WLNM_dir_neg,0.977272727273,0.702741346269,00:00:03,10,90,27,1238804651,threshold_sweep,0.8,1,0.0454545454545,0.0869565217391,1,0,21,44,0.0454545454545,1,0,0.954545454545,1,0.0454545454545,0.0869565217391,0.681818181818,0.661616161616,0.0597014925373,0.175411603861,0.0454545454545,216,194,22,0,216,0,194,0,22,37,216,0.162162162162,1.32432432432,11.6756756757,21.6,6,8.1990990496,0.702237650082,0.31006006006,10.329336629,1.76937710775,0.765265265265,3.0868314707,0.528762798222,0.252752752753,0.579945114934,0.437917739848,2,1.32432432432,0.579945114934,2,0.0121701261701,0.00597269624573,7,0.000900900900901,0.621196581197,37,37,37,1,0,0.72972972973,0.243243243243,0.027027027027,37,0.145645645646,1.32132132132,10.4864864865,19.4,5.54285714286,7.4484212407,0.710287592541,0.327528559487,9.31368588394,1.77632153457,0.770688213987,2.83240578352,0.540201103043,0.278907773753,0.571249793283,0.432332229917,2,1.32132132132,0.571249793283,2,0,0,0,0,0.501754985755,37,37,37,1,0,0.72972972973,0.216216216216,0.0540540540541,37,195,0.146396396396,1.32132132132,10.5405405405,19.5,5.57142857143,7.48923150855,0.710516835426,0.326541926542,9.31739308035,1.76791561012,0.769230769231,2.79531998415,0.530394048275,0.273873873874,0.571249793283,0.432332229917,2,1.32132132132,0.571249793283,2,0,0,0,0,0.504224121557,37,37,37,1,0,0.72972972973,0.216216216216,0.0540540540541,-21,-0.0157657657658,-0.003003003003,-1.13513513514,-2.1,-0.428571428571,-0.709867541059,0.00827918534423,0.0164818664819,-1.01194354865,-0.00146149762702,0.0039655039655,-0.291511486549,0.00163125005304,0.0211211211211,-0.00869532165105,-0.00558550993171,0,-0.003003003003,-0.00869532165105,0,-0.0121701261701,-0.00597269624573,-7,-0.000900900900901,-0.116972459639,0,-0.027027027027,0.027027027027,195,0,21,1116,0.902777777778,1,0,0.0972222222222,1,0.902777777778,0.948905109489,0.941330856757,0.902777777778,0.902777777778,1,22,0,0,0,0
3843,WLNM_dir_neg,0.977272727273,0.702741346269,00:00:03,10,90,27,1238804651,threshold_sweep,0.9,1,0.0454545454545,0.0869565217391,1,0,21,44,0.0454545454545,1,0,0.954545454545,1,0.0454545454545,0.0869565217391,0.681818181818,0.661616161616,0.0597014925373,0.175411603861,0.0454545454545,216,194,22,0,216,0,194,0,22,37,216,0.162162162162,1.32432432432,11.6756756757,21.6,6,8.1990990496,0.702237650082,0.31006006006,10.329336629,1.76937710775,0.765265265265,3.0868314707,0.528762798222,0.252752752753,0.579945114934,0.437917739848,2,1.32432432432,0.579945114934,2,0.0121701261701,0.00597269624573,7,0.000900900900901,0.621196581197,37,37,37,1,0,0.72972972973,0.243243243243,0.027027027027,37,0.145645645646,1.32132132132,10.4864864865,19.4,5.54285714286,7.4484212407,0.710287592541,0.327528559487,9.31368588394,1.77632153457,0.770688213987,2.83240578352,0.540201103043,0.278907773753,0.571249793283,0.432332229917,2,1.32132132132,0.571249793283,2,0,0,0,0,0.501754985755,37,37,37,1,0,0.72972972973,0.216216216216,0.0540540540541,37,195,0.146396396396,1.32132132132,10.5405405405,19.5,5.57142857143,7.48923150855,0.710516835426,0.326541926542,9.31739308035,1.76791561012,0.769230769231,2.79531998415,0.530394048275,0.273873873874,0.571249793283,0.432332229917,2,1.32132132132,0.571249793283,2,0,0,0,0,0.504224121557,37,37,37,1,0,0.72972972973,0.216216216216,0.0540540540541,-21,-0.0157657657658,-0.003003003003,-1.13513513514,-2.1,-0.428571428571,-0.709867541059,0.00827918534423,0.0164818664819,-1.01194354865,-0.00146149762702,0.0039655039655,-0.291511486549,0.00163125005304,0.0211211211211,-0.00869532165105,-0.00558550993171,0,-0.003003003003,-0.00869532165105,0,-0.0121701261701,-0.00597269624573,-7,-0.000900900900901,-0.116972459639,0,-0.027027027027,0.027027027027,195,0,21,1116,0.902777777778,1,0,0.0972222222222,1,0.902777777778,0.948905109489,0.941330856757,0.902777777778,0.902777777778,1,22,0,0,0,0
3844,WLNM_dir_neg,0.981404958678,0.920454545455,00:00:03,10,90,28,1238804652,threshold_sweep,0.1,1,0.181818181818,0.307692307692,4,0,18,44,0.181818181818,1,0,0.818181818182,1,0.181818181818,0.307692307692,0.727272727273,0.646464646465,0.228571428571,0.359210604054,0.181818181818,216,194,22,0,216,0,194,0,22,37,216,0.162162162162,1.32432432432,11.6756756757,21.6,6,8.1990990496,0.702237650082,0.31006006006,10.329336629,1.76937710775,0.765265265265,3.0868314707,0.528762798222,0.252752752753,0.579945114934,0.437917739848,2,1.32432432432,0.579945114934,2,0.0121701261701,0.00597269624573,7,0.000900900900901,0.621196581197,37,37,37,1,0,0.72972972973,0.243243243243,0.027027027027,37,0.145645645646,1.32882882883,10.4864864865,19.4,5.54285714286,7.48562185356,0.713835073664,0.329896907216,9.40273425188,1.79330498618,0.773753134578,2.94774306702,0.562198419999,0.291167456116,0.593803505044,0.446862298711,2.16666666667,1.33796296296,0.5995846593,2.16666666667,0.0121045239555,0.004212004212,4,0.000514800514801,0.509217308725,37,36,36,0.972972972973,0,0.702702702703,0.243243243243,0.027027027027,37,198,0.148648648649,1.32432432432,10.7027027027,19.8,5.5,7.55669263657,0.706054615033,0.3276003276,9.43461774594,1.76303462929,0.768768768769,2.79101948932,0.521554146995,0.270816270816,0.579945114934,0.437917739848,2,1.32432432432,0.579945114934,2,0.012295507575,0.00712105798576,7,0.000900900900901,0.51489632107,37,37,37,1,0,0.72972972973,0.243243243243,0.027027027027,-18,-0.0135135135135,0,-0.972972972973,-1.8,-0.5,-0.642406413034,0.00381696495127,0.0175402675403,-0.894718883059,-0.00634247845344,0.0035035035035,-0.295811981379,-0.00720865122744,0.0180635180635,0,0,0,0,0,0,0.000125381404885,0.00114836174002,0,0,-0.106300260126,0,0,0,198,0,18,1116,0.916666666667,1,0,0.0833333333333,1,0.916666666667,0.95652173913,0.949798084919,0.916666666667,0.916666666667,4,22,0,0,0,0
3845,WLNM_dir_neg,0.981404958678,0.920454545455,00:00:03,10,90,28,1238804652,threshold_sweep,0.2,1,0.181818181818,0.307692307692,4,0,18,44,0.181818181818,1,0,0.818181818182,1,0.181818181818,0.307692307692,0.727272727273,0.646464646465,0.228571428571,0.359210604054,0.181818181818,216,194,22,0,216,0,194,0,22,37,216,0.162162162162,1.32432432432,11.6756756757,21.6,6,8.1990990496,0.702237650082,0.31006006006,10.329336629,1.76937710775,0.765265265265,3.0868314707,0.528762798222,0.252752752753,0.579945114934,0.437917739848,2,1.32432432432,0.579945114934,2,0.0121701261701,0.00597269624573,7,0.000900900900901,0.621196581197,37,37,37,1,0,0.72972972973,0.243243243243,0.027027027027,37,0.145645645646,1.32882882883,10.4864864865,19.4,5.54285714286,7.48562185356,0.713835073664,0.329896907216,9.40273425188,1.79330498618,0.773753134578,2.94774306702,0.562198419999,0.291167456116,0.593803505044,0.446862298711,2.16666666667,1.33796296296,0.5995846593,2.16666666667,0.0121045239555,0.004212004212,4,0.000514800514801,0.509217308725,37,36,36,0.972972972973,0,0.702702702703,0.243243243243,0.027027027027,37,198,0.148648648649,1.32432432432,10.7027027027,19.8,5.5,7.55669263657,0.706054615033,0.3276003276,9.43461774594,1.76303462929,0.768768768769,2.79101948932,0.521554146995,0.270816270816,0.579945114934,0.437917739848,2,1.32432432432,0.579945114934,2,0.012295507575,0.00712105798576,7,0.000900900900901,0.51489632107,37,37,37,1,0,0.72972972973,0.243243243243,0.027027027027,-18,-0.0135135135135,0,-0.972972972973,-1.8,-0.5,-0.642406413034,0.00381696495127,0.0175402675403,-0.894718883059,-0.00634247845344,0.0035035035035,-0.295811981379,-0.00720865122744,0.0180635180635,0,0,0,0,0,0,0.000125381404885,0.00114836174002,0,0,-0.106300260126,0,0,0,198,0,18,1116,0.916666666667,1,0,0.0833333333333,1,0.916666666667,0.95652173913,0.949798084919,0.916666666667,0.916666666667,4,22,0,0,0,0
3846,WLNM_dir_neg,0.981404958678,0.920454545455,00:00:03,10,90,28,1238804652,threshold_sweep,0.3,1,0.181818181818,0.307692307692,4,0,18,44,0.181818181818,1,0,0.818181818182,1,0.181818181818,0.307692307692,0.727272727273,0.646464646465,0.228571428571,0.359210604054,0.181818181818,216,194,22,0,216,0,194,0,22,37,216,0.162162162162,1.32432432432,11.6756756757,21.6,6,8.1990990496,0.702237650082,0.31006006006,10.329336629,1.76937710775,0.765265265265,3.0868314707,0.528762798222,0.252752752753,0.579945114934,0.437917739848,2,1.32432432432,0.579945114934,2,0.0121701261701,0.00597269624573,7,0.000900900900901,0.621196581197,37,37,37,1,0,0.72972972973,0.243243243243,0.027027027027,37,0.145645645646,1.32882882883,10.4864864865,19.4,5.54285714286,7.48562185356,0.713835073664,0.329896907216,9.40273425188,1.79330498618,0.773753134578,2.94774306702,0.562198419999,0.291167456116,0.593803505044,0.446862298711,2.16666666667,1.33796296296,0.5995846593,2.16666666667,0.0121045239555,0.004212004212,4,0.000514800514801,0.509217308725,37,36,36,0.972972972973,0,0.702702702703,0.243243243243,0.027027027027,37,198,0.148648648649,1.32432432432,10.7027027027,19.8,5.5,7.55669263657,0.706054615033,0.3276003276,9.43461774594,1.76303462929,0.768768768769,2.79101948932,0.521554146995,0.270816270816,0.579945114934,0.437917739848,2,1.32432432432,0.579945114934,2,0.012295507575,0.00712105798576,7,0.000900900900901,0.51489632107,37,37,37,1,0,0.72972972973,0.243243243243,0.027027027027,-18,-0.0135135135135,0,-0.972972972973,-1.8,-0.5,-0.642406413034,0.00381696495127,0.0175402675403,-0.894718883059,-0.00634247845344,0.0035035035035,-0.295811981379,-0.00720865122744,0.0180635180635,0,0,0,0,0,0,0.000125381404885,0.00114836174002,0,0,-0.106300260126,0,0,0,198,0,18,1116,0.916666666667,1,0,0.0833333333333,1,0.916666666667,0.95652173913,0.949798084919,0.916666666667,0.916666666667,4,22,0,0,0,0
3847,WLNM_dir_neg,0.981404958678,0.920454545455,00:00:03,10,90,28,1238804652,threshold_sweep,0.4,1,0.181818181818,0.307692307692,4,0,18,44,0.181818181818,1,0,0.818181818182,1,0.181818181818,0.307692307692,0.727272727273,0.646464646465,0.228571428571,0.359210604054,0.181818181818,216,194,22,0,216,0,194,0,22,37,216,0.162162162162,1.32432432432,11.6756756757,21.6,6,8.1990990496,0.702237650082,0.31006006006,10.329336629,1.76937710775,0.765265265265,3.0868314707,0.528762798222,0.252752752753,0.579945114934,0.437917739848,2,1.32432432432,0.579945114934,2,0.0121701261701,0.00597269624573,7,0.000900900900901,0.621196581197,37,37,37,1,0,0.72972972973,0.243243243243,0.027027027027,37,0.145645645646,1.32882882883,10.4864864865,19.4,5.54285714286,7.48562185356,0.713835073664,0.329896907216,9.40273425188,1.79330498618,0.773753134578,2.94774306702,0.562198419999,0.291167456116,0.593803505044,0.446862298711,2.16666666667,1.33796296296,0.5995846593,2.16666666667,0.0121045239555,0.004212004212,4,0.000514800514801,0.509217308725,37,36,36,0.972972972973,0,0.702702702703,0.243243243243,0.027027027027,37,198,0.148648648649,1.32432432432,10.7027027027,19.8,5.5,7.55669263657,0.706054615033,0.3276003276,9.43461774594,1.76303462929,0.768768768769,2.79101948932,0.521554146995,0.270816270816,0.579945114934,0.437917739848,2,1.32432432432,0.579945114934,2,0.012295507575,0.00712105798576,7,0.000900900900901,0.51489632107,37,37,37,1,0,0.72972972973,0.243243243243,0.027027027027,-18,-0.0135135135135,0,-0.972972972973,-1.8,-0.5,-0.642406413034,0.00381696495127,0.0175402675403,-0.894718883059,-0.00634247845344,0.0035035035035,-0.295811981379,-0.00720865122744,0.0180635180635,0,0,0,0,0,0,0.000125381404885,0.00114836174002,0,0,-0.106300260126,0,0,0,198,0,18,1116,0.916666666667,1,0,0.0833333333333,1,0.916666666667,0.95652173913,0.949798084919,0.916666666667,0.916666666667,4,22,0,0,0,0
3848,WLNM_dir_neg,0.981404958678,0.920454545455,00:00:03,10,90,28,1238804652,threshold_sweep,0.5,1,0.181818181818,0.307692307692,4,0,18,44,0.181818181818,1,0,0.818181818182,1,0.181818181818,0.307692307692,0.727272727273,0.646464646465,0.228571428571,0.359210604054,0.181818181818,216,194,22,0,216,0,194,0,22,37,216,0.162162162162,1.32432432432,11.6756756757,21.6,6,8.1990990496,0.702237650082,0.31006006006,10.329336629,1.76937710775,0.765265265265,3.0868314707,0.528762798222,0.252752752753,0.579945114934,0.437917739848,2,1.32432432432,0.579945114934,2,0.0121701261701,0.00597269624573,7,0.000900900900901,0.621196581197,37,37,37,1,0,0.72972972973,0.243243243243,0.027027027027,37,0.145645645646,1.32882882883,10.4864864865,19.4,5.54285714286,7.48562185356,0.713835073664,0.329896907216,9.40273425188,1.79330498618,0.773753134578,2.94774306702,0.562198419999,0.291167456116,0.593803505044,0.446862298711,2.16666666667,1.33796296296,0.5995846593,2.16666666667,0.0121045239555,0.004212004212,4,0.000514800514801,0.509217308725,37,36,36,0.972972972973,0,0.702702702703,0.243243243243,0.027027027027,37,198,0.148648648649,1.32432432432,10.7027027027,19.8,5.5,7.55669263657,0.706054615033,0.3276003276,9.43461774594,1.76303462929,0.768768768769,2.79101948932,0.521554146995,0.270816270816,0.579945114934,0.437917739848,2,1.32432432432,0.579945114934,2,0.012295507575,0.00712105798576,7,0.000900900900901,0.51489632107,37,37,37,1,0,0.72972972973,0.243243243243,0.027027027027,-18,-0.0135135135135,0,-0.972972972973,-1.8,-0.5,-0.642406413034,0.00381696495127,0.0175402675403,-0.894718883059,-0.00634247845344,0.0035035035035,-0.295811981379,-0.00720865122744,0.0180635180635,0,0,0,0,0,0,0.000125381404885,0.00114836174002,0,0,-0.106300260126,0,0,0,198,0,18,1116,0.916666666667,1,0,0.0833333333333,1,0.916666666667,0.95652173913,0.949798084919,0.916666666667,0.916666666667,4,22,0,0,0,0
3849,WLNM_dir_neg,0.981404958678,0.920454545455,00:00:03,10,90,28,1238804652,threshold_sweep,0.6,1,0.181818181818,0.307692307692,4,0,18,44,0.181818181818,1,0,0.818181818182,1,0.181818181818,0.307692307692,0.727272727273,0.646464646465,0.228571428571,0.359210604054,0.181818181818,216,194,22,0,216,0,194,0,22,37,216,0.162162162162,1.32432432432,11.6756756757,21.6,6,8.1990990496,0.702237650082,0.31006006006,10.329336629,1.76937710775,0.765265265265,3.0868314707,0.528762798222,0.252752752753,0.579945114934,0.437917739848,2,1.32432432432,0.579945114934,2,0.0121701261701,0.00597269624573,7,0.000900900900901,0.621196581197,37,37,37,1,0,0.72972972973,0.243243243243,0.027027027027,37,0.145645645646,1.32882882883,10.4864864865,19.4,5.54285714286,7.48562185356,0.713835073664,0.329896907216,9.40273425188,1.79330498618,0.773753134578,2.94774306702,0.562198419999,0.291167456116,0.593803505044,0.446862298711,2.16666666667,1.33796296296,0.5995846593,2.16666666667,0.0121045239555,0.004212004212,4,0.000514800514801,0.509217308725,37,36,36,0.972972972973,0,0.702702702703,0.243243243243,0.027027027027,37,198,0.148648648649,1.32432432432,10.7027027027,19.8,5.5,7.55669263657,0.706054615033,0.3276003276,9.43461774594,1.76303462929,0.768768768769,2.79101948932,0.521554146995,0.270816270816,0.579945114934,0.437917739848,2,1.32432432432,0.579945114934,2,0.012295507575,0.00712105798576,7,0.000900900900901,0.51489632107,37,37,37,1,0,0.72972972973,0.243243243243,0.027027027027,-18,-0.0135135135135,0,-0.972972972973,-1.8,-0.5,-0.642406413034,0.00381696495127,0.0175402675403,-0.894718883059,-0.00634247845344,0.0035035035035,-0.295811981379,-0.00720865122744,0.0180635180635,0,0,0,0,0,0,0.000125381404885,0.00114836174002,0,0,-0.106300260126,0,0,0,198,0,18,1116,0.916666666667,1,0,0.0833333333333,1,0.916666666667,0.95652173913,0.949798084919,0.916666666667,0.916666666667,4,22,0,0,0,0
3850,WLNM_dir_neg,0.981404958678,0.920454545455,00:00:03,10,90,28,1238804652,threshold_sweep,0.7,1,0.181818181818,0.307692307692,4,0,18,44,0.181818181818,1,0,0.818181818182,1,0.181818181818,0.307692307692,0.727272727273,0.646464646465,0.228571428571,0.359210604054,0.181818181818,216,194,22,0,216,0,194,0,22,37,216,0.162162162162,1.32432432432,11.6756756757,21.6,6,8.1990990496,0.702237650082,0.31006006006,10.329336629,1.76937710775,0.765265265265,3.0868314707,0.528762798222,0.252752752753,0.579945114934,0.437917739848,2,1.32432432432,0.579945114934,2,0.0121701261701,0.00597269624573,7,0.000900900900901,0.621196581197,37,37,37,1,0,0.72972972973,0.243243243243,0.027027027027,37,0.145645645646,1.32882882883,10.4864864865,19.4,5.54285714286,7.48562185356,0.713835073664,0.329896907216,9.40273425188,1.79330498618,0.773753134578,2.94774306702,0.562198419999,0.291167456116,0.593803505044,0.446862298711,2.16666666667,1.33796296296,0.5995846593,2.16666666667,0.0121045239555,0.004212004212,4,0.000514800514801,0.509217308725,37,36,36,0.972972972973,0,0.702702702703,0.243243243243,0.027027027027,37,198,0.148648648649,1.32432432432,10.7027027027,19.8,5.5,7.55669263657,0.706054615033,0.3276003276,9.43461774594,1.76303462929,0.768768768769,2.79101948932,0.521554146995,0.270816270816,0.579945114934,0.437917739848,2,1.32432432432,0.579945114934,2,0.012295507575,0.00712105798576,7,0.000900900900901,0.51489632107,37,37,37,1,0,0.72972972973,0.243243243243,0.027027027027,-18,-0.0135135135135,0,-0.972972972973,-1.8,-0.5,-0.642406413034,0.00381696495127,0.0175402675403,-0.894718883059,-0.00634247845344,0.0035035035035,-0.295811981379,-0.00720865122744,0.0180635180635,0,0,0,0,0,0,0.000125381404885,0.00114836174002,0,0,-0.106300260126,0,0,0,198,0,18,1116,0.916666666667,1,0,0.0833333333333,1,0.916666666667,0.95652173913,0.949798084919,0.916666666667,0.916666666667,4,22,0,0,0,0
3851,WLNM_dir_neg,0.981404958678,0.920454545455,00:00:03,10,90,28,1238804652,threshold_sweep,0.8,1,0.181818181818,0.307692307692,4,0,18,44,0.181818181818,1,0,0.818181818182,1,0.181818181818,0.307692307692,0.727272727273,0.646464646465,0.228571428571,0.359210604054,0.181818181818,216,194,22,0,216,0,194,0,22,37,216,0.162162162162,1.32432432432,11.6756756757,21.6,6,8.1990990496,0.702237650082,0.31006006006,10.329336629,1.76937710775,0.765265265265,3.0868314707,0.528762798222,0.252752752753,0.579945114934,0.437917739848,2,1.32432432432,0.579945114934,2,0.0121701261701,0.00597269624573,7,0.000900900900901,0.621196581197,37,37,37,1,0,0.72972972973,0.243243243243,0.027027027027,37,0.145645645646,1.32882882883,10.4864864865,19.4,5.54285714286,7.48562185356,0.713835073664,0.329896907216,9.40273425188,1.79330498618,0.773753134578,2.94774306702,0.562198419999,0.291167456116,0.593803505044,0.446862298711,2.16666666667,1.33796296296,0.5995846593,2.16666666667,0.0121045239555,0.004212004212,4,0.000514800514801,0.509217308725,37,36,36,0.972972972973,0,0.702702702703,0.243243243243,0.027027027027,37,198,0.148648648649,1.32432432432,10.7027027027,19.8,5.5,7.55669263657,0.706054615033,0.3276003276,9.43461774594,1.76303462929,0.768768768769,2.79101948932,0.521554146995,0.270816270816,0.579945114934,0.437917739848,2,1.32432432432,0.579945114934,2,0.012295507575,0.00712105798576,7,0.000900900900901,0.51489632107,37,37,37,1,0,0.72972972973,0.243243243243,0.027027027027,-18,-0.0135135135135,0,-0.972972972973,-1.8,-0.5,-0.642406413034,0.00381696495127,0.0175402675403,-0.894718883059,-0.00634247845344,0.0035035035035,-0.295811981379,-0.00720865122744,0.0180635180635,0,0,0,0,0,0,0.000125381404885,0.00114836174002,0,0,-0.106300260126,0,0,0,198,0,18,1116,0.916666666667,1,0,0.0833333333333,1,0.916666666667,0.95652173913,0.949798084919,0.916666666667,0.916666666667,4,22,0,0,0,0
3852,WLNM_dir_neg,0.981404958678,0.920454545455,00:00:03,10,90,28,1238804652,threshold_sweep,0.9,1,0.181818181818,0.307692307692,4,0,18,44,0.181818181818,1,0,0.818181818182,1,0.181818181818,0.307692307692,0.727272727273,0.646464646465,0.228571428571,0.359210604054,0.181818181818,216,194,22,0,216,0,194,0,22,37,216,0.162162162162,1.32432432432,11.6756756757,21.6,6,8.1990990496,0.702237650082,0.31006006006,10.329336629,1.76937710775,0.765265265265,3.0868314707,0.528762798222,0.252752752753,0.579945114934,0.437917739848,2,1.32432432432,0.579945114934,2,0.0121701261701,0.00597269624573,7,0.000900900900901,0.621196581197,37,37,37,1,0,0.72972972973,0.243243243243,0.027027027027,37,0.145645645646,1.32882882883,10.4864864865,19.4,5.54285714286,7.48562185356,0.713835073664,0.329896907216,9.40273425188,1.79330498618,0.773753134578,2.94774306702,0.562198419999,0.291167456116,0.593803505044,0.446862298711,2.16666666667,1.33796296296,0.5995846593,2.16666666667,0.0121045239555,0.004212004212,4,0.000514800514801,0.509217308725,37,36,36,0.972972972973,0,0.702702702703,0.243243243243,0.027027027027,37,198,0.148648648649,1.32432432432,10.7027027027,19.8,5.5,7.55669263657,0.706054615033,0.3276003276,9.43461774594,1.76303462929,0.768768768769,2.79101948932,0.521554146995,0.270816270816,0.579945114934,0.437917739848,2,1.32432432432,0.579945114934,2,0.012295507575,0.00712105798576,7,0.000900900900901,0.51489632107,37,37,37,1,0,0.72972972973,0.243243243243,0.027027027027,-18,-0.0135135135135,0,-0.972972972973,-1.8,-0.5,-0.642406413034,0.00381696495127,0.0175402675403,-0.894718883059,-0.00634247845344,0.0035035035035,-0.295811981379,-0.00720865122744,0.0180635180635,0,0,0,0,0,0,0.000125381404885,0.00114836174002,0,0,-0.106300260126,0,0,0,198,0,18,1116,0.916666666667,1,0,0.0833333333333,1,0.916666666667,0.95652173913,0.949798084919,0.916666666667,0.916666666667,4,22,0,0,0,0
3853,WLNM_dir_neg,1,0.954545454545,00:00:03,10,90,29,1238804653,threshold_sweep,0.1,1,0.0454545454545,0.0869565217391,1,0,21,44,0.0454545454545,1,0,0.954545454545,1,0.0454545454545,0.0869565217391,0.681818181818,0.661616161616,0.0597014925373,0.175411603861,0.0454545454545,216,194,22,0,216,0,194,0,22,37,216,0.162162162162,1.32432432432,11.6756756757,21.6,6,8.1990990496,0.702237650082,0.31006006006,10.329336629,1.76937710775,0.765265265265,3.0868314707,0.528762798222,0.252752752753,0.579945114934,0.437917739848,2,1.32432432432,0.579945114934,2,0.0121701261701,0.00597269624573,7,0.000900900900901,0.621196581197,37,37,37,1,0,0.72972972973,0.243243243243,0.027027027027,37,0.145645645646,1.3277027027,10.4864864865,19.4,5.54285714286,7.49674604086,0.71489588534,0.328503761493,9.3285863089,1.77916336819,0.772359988855,2.83240578352,0.540201103043,0.278907773753,0.590250176002,0.444565018057,2.125,1.33680555556,0.595983164645,2.125,0.0128836003874,0.00631136044881,6,0.000772200772201,0.501681902638,37,36,36,0.972972972973,0,0.702702702703,0.243243243243,0.027027027027,37,195,0.146396396396,1.32732732733,10.5405405405,19.5,5.57142857143,7.54097913844,0.715426225954,0.330145530146,9.33823873665,1.77187093977,0.771171171171,2.79531998415,0.530394048275,0.273873873874,0.589078670762,0.443808138832,2.11111111111,1.33641975309,0.594795838055,2.11111111111,0.0134323532218,0.00728155339806,7,0.000900900900901,0.504151038441,37,36,36,0.972972972973,0,0.702702702703,0.243243243243,0.027027027027,-21,-0.0157657657658,0.003003003003,-1.13513513514,-2.1,-0.428571428571,-0.658119911166,0.0131885758726,0.0200854700855,-0.991097892348,0.00249383202962,0.00590590590591,-0.291511486549,0.00163125005304,0.0211211211211,0.00913355582779,0.00589039898372,0.111111111111,0.0120954287621,0.0148507231203,0.111111111111,0.0012622270517,0.00130885715232,0,0,-0.117045542756,-0.027027027027,0,0,195,0,21,1116,0.902777777778,1,0,0.0972222222222,1,0.902777777778,0.948905109489,0.941330856757,0.902777777778,0.902777777778,1,22,0,0,0,0
3854,WLNM_dir_neg,1,0.954545454545,00:00:03,10,90,29,1238804653,threshold_sweep,0.2,1,0.0454545454545,0.0869565217391,1,0,21,44,0.0454545454545,1,0,0.954545454545,1,0.0454545454545,0.0869565217391,0.681818181818,0.661616161616,0.0597014925373,0.175411603861,0.0454545454545,216,194,22,0,216,0,194,0,22,37,216,0.162162162162,1.32432432432,11.6756756757,21.6,6,8.1990990496,0.702237650082,0.31006006006,10.329336629,1.76937710775,0.765265265265,3.0868314707,0.528762798222,0.252752752753,0.579945114934,0.437917739848,2,1.32432432432,0.579945114934,2,0.0121701261701,0.00597269624573,7,0.000900900900901,0.621196581197,37,37,37,1,0,0.72972972973,0.243243243243,0.027027027027,37,0.145645645646,1.3277027027,10.4864864865,19.4,5.54285714286,7.49674604086,0.71489588534,0.328503761493,9.3285863089,1.77916336819,0.772359988855,2.83240578352,0.540201103043,0.278907773753,0.590250176002,0.444565018057,2.125,1.33680555556,0.595983164645,2.125,0.0128836003874,0.00631136044881,6,0.000772200772201,0.501681902638,37,36,36,0.972972972973,0,0.702702702703,0.243243243243,0.027027027027,37,195,0.146396396396,1.32732732733,10.5405405405,19.5,5.57142857143,7.54097913844,0.715426225954,0.330145530146,9.33823873665,1.77187093977,0.771171171171,2.79531998415,0.530394048275,0.273873873874,0.589078670762,0.443808138832,2.11111111111,1.33641975309,0.594795838055,2.11111111111,0.0134323532218,0.00728155339806,7,0.000900900900901,0.504151038441,37,36,36,0.972972972973,0,0.702702702703,0.243243243243,0.027027027027,-21,-0.0157657657658,0.003003003003,-1.13513513514,-2.1,-0.428571428571,-0.658119911166,0.0131885758726,0.0200854700855,-0.991097892348,0.00249383202962,0.00590590590591,-0.291511486549,0.00163125005304,0.0211211211211,0.00913355582779,0.00589039898372,0.111111111111,0.0120954287621,0.0148507231203,0.111111111111,0.0012622270517,0.00130885715232,0,0,-0.117045542756,-0.027027027027,0,0,195,0,21,1116,0.902777777778,1,0,0.0972222222222,1,0.902777777778,0.948905109489,0.941330856757,0.902777777778,0.902777777778,1,22,0,0,0,0
3855,WLNM_dir_neg,1,0.954545454545,00:00:03,10,90,29,1238804653,threshold_sweep,0.3,1,0.0454545454545,0.0869565217391,1,0,21,44,0.0454545454545,1,0,0.954545454545,1,0.0454545454545,0.0869565217391,0.681818181818,0.661616161616,0.0597014925373,0.175411603861,0.0454545454545,216,194,22,0,216,0,194,0,22,37,216,0.162162162162,1.32432432432,11.6756756757,21.6,6,8.1990990496,0.702237650082,0.31006006006,10.329336629,1.76937710775,0.765265265265,3.0868314707,0.528762798222,0.252752752753,0.579945114934,0.437917739848,2,1.32432432432,0.579945114934,2,0.0121701261701,0.00597269624573,7,0.000900900900901,0.621196581197,37,37,37,1,0,0.72972972973,0.243243243243,0.027027027027,37,0.145645645646,1.3277027027,10.4864864865,19.4,5.54285714286,7.49674604086,0.71489588534,0.328503761493,9.3285863089,1.77916336819,0.772359988855,2.83240578352,0.540201103043,0.278907773753,0.590250176002,0.444565018057,2.125,1.33680555556,0.595983164645,2.125,0.0128836003874,0.00631136044881,6,0.000772200772201,0.501681902638,37,36,36,0.972972972973,0,0.702702702703,0.243243243243,0.027027027027,37,195,0.146396396396,1.32732732733,10.5405405405,19.5,5.57142857143,7.54097913844,0.715426225954,0.330145530146,9.33823873665,1.77187093977,0.771171171171,2.79531998415,0.530394048275,0.273873873874,0.589078670762,0.443808138832,2.11111111111,1.33641975309,0.594795838055,2.11111111111,0.0134323532218,0.00728155339806,7,0.000900900900901,0.504151038441,37,36,36,0.972972972973,0,0.702702702703,0.243243243243,0.027027027027,-21,-0.0157657657658,0.003003003003,-1.13513513514,-2.1,-0.428571428571,-0.658119911166,0.0131885758726,0.0200854700855,-0.991097892348,0.00249383202962,0.00590590590591,-0.291511486549,0.00163125005304,0.0211211211211,0.00913355582779,0.00589039898372,0.111111111111,0.0120954287621,0.0148507231203,0.111111111111,0.0012622270517,0.00130885715232,0,0,-0.117045542756,-0.027027027027,0,0,195,0,21,1116,0.902777777778,1,0,0.0972222222222,1,0.902777777778,0.948905109489,0.941330856757,0.902777777778,0.902777777778,1,22,0,0,0,0
3856,WLNM_dir_neg,1,0.954545454545,00:00:03,10,90,29,1238804653,threshold_sweep,0.4,1,0.0454545454545,0.0869565217391,1,0,21,44,0.0454545454545,1,0,0.954545454545,1,0.0454545454545,0.0869565217391,0.681818181818,0.661616161616,0.0597014925373,0.175411603861,0.0454545454545,216,194,22,0,216,0,194,0,22,37,216,0.162162162162,1.32432432432,11.6756756757,21.6,6,8.1990990496,0.702237650082,0.31006006006,10.329336629,1.76937710775,0.765265265265,3.0868314707,0.528762798222,0.252752752753,0.579945114934,0.437917739848,2,1.32432432432,0.579945114934,2,0.0121701261701,0.00597269624573,7,0.000900900900901,0.621196581197,37,37,37,1,0,0.72972972973,0.243243243243,0.027027027027,37,0.145645645646,1.3277027027,10.4864864865,19.4,5.54285714286,7.49674604086,0.71489588534,0.328503761493,9.3285863089,1.77916336819,0.772359988855,2.83240578352,0.540201103043,0.278907773753,0.590250176002,0.444565018057,2.125,1.33680555556,0.595983164645,2.125,0.0128836003874,0.00631136044881,6,0.000772200772201,0.501681902638,37,36,36,0.972972972973,0,0.702702702703,0.243243243243,0.027027027027,37,195,0.146396396396,1.32732732733,10.5405405405,19.5,5.57142857143,7.54097913844,0.715426225954,0.330145530146,9.33823873665,1.77187093977,0.771171171171,2.79531998415,0.530394048275,0.273873873874,0.589078670762,0.443808138832,2.11111111111,1.33641975309,0.594795838055,2.11111111111,0.0134323532218,0.00728155339806,7,0.000900900900901,0.504151038441,37,36,36,0.972972972973,0,0.702702702703,0.243243243243,0.027027027027,-21,-0.0157657657658,0.003003003003,-1.13513513514,-2.1,-0.428571428571,-0.658119911166,0.0131885758726,0.0200854700855,-0.991097892348,0.00249383202962,0.00590590590591,-0.291511486549,0.00163125005304,0.0211211211211,0.00913355582779,0.00589039898372,0.111111111111,0.0120954287621,0.0148507231203,0.111111111111,0.0012622270517,0.00130885715232,0,0,-0.117045542756,-0.027027027027,0,0,195,0,21,1116,0.902777777778,1,0,0.0972222222222,1,0.902777777778,0.948905109489,0.941330856757,0.902777777778,0.902777777778,1,22,0,0,0,0
3857,WLNM_dir_neg,1,0.954545454545,00:00:03,10,90,29,1238804653,threshold_sweep,0.5,1,0.0454545454545,0.0869565217391,1,0,21,44,0.0454545454545,1,0,0.954545454545,1,0.0454545454545,0.0869565217391,0.681818181818,0.661616161616,0.0597014925373,0.175411603861,0.0454545454545,216,194,22,0,216,0,194,0,22,37,216,0.162162162162,1.32432432432,11.6756756757,21.6,6,8.1990990496,0.702237650082,0.31006006006,10.329336629,1.76937710775,0.765265265265,3.0868314707,0.528762798222,0.252752752753,0.579945114934,0.437917739848,2,1.32432432432,0.579945114934,2,0.0121701261701,0.00597269624573,7,0.000900900900901,0.621196581197,37,37,37,1,0,0.72972972973,0.243243243243,0.027027027027,37,0.145645645646,1.3277027027,10.4864864865,19.4,5.54285714286,7.49674604086,0.71489588534,0.328503761493,9.3285863089,1.77916336819,0.772359988855,2.83240578352,0.540201103043,0.278907773753,0.590250176002,0.444565018057,2.125,1.33680555556,0.595983164645,2.125,0.0128836003874,0.00631136044881,6,0.000772200772201,0.501681902638,37,36,36,0.972972972973,0,0.702702702703,0.243243243243,0.027027027027,37,195,0.146396396396,1.32732732733,10.5405405405,19.5,5.57142857143,7.54097913844,0.715426225954,0.330145530146,9.33823873665,1.77187093977,0.771171171171,2.79531998415,0.530394048275,0.273873873874,0.589078670762,0.443808138832,2.11111111111,1.33641975309,0.594795838055,2.11111111111,0.0134323532218,0.00728155339806,7,0.000900900900901,0.504151038441,37,36,36,0.972972972973,0,0.702702702703,0.243243243243,0.027027027027,-21,-0.0157657657658,0.003003003003,-1.13513513514,-2.1,-0.428571428571,-0.658119911166,0.0131885758726,0.0200854700855,-0.991097892348,0.00249383202962,0.00590590590591,-0.291511486549,0.00163125005304,0.0211211211211,0.00913355582779,0.00589039898372,0.111111111111,0.0120954287621,0.0148507231203,0.111111111111,0.0012622270517,0.00130885715232,0,0,-0.117045542756,-0.027027027027,0,0,195,0,21,1116,0.902777777778,1,0,0.0972222222222,1,0.902777777778,0.948905109489,0.941330856757,0.902777777778,0.902777777778,1,22,0,0,0,0
3858,WLNM_dir_neg,1,0.954545454545,00:00:03,10,90,29,1238804653,threshold_sweep,0.6,1,0.0454545454545,0.0869565217391,1,0,21,44,0.0454545454545,1,0,0.954545454545,1,0.0454545454545,0.0869565217391,0.681818181818,0.661616161616,0.0597014925373,0.175411603861,0.0454545454545,216,194,22,0,216,0,194,0,22,37,216,0.162162162162,1.32432432432,11.6756756757,21.6,6,8.1990990496,0.702237650082,0.31006006006,10.329336629,1.76937710775,0.765265265265,3.0868314707,0.528762798222,0.252752752753,0.579945114934,0.437917739848,2,1.32432432432,0.579945114934,2,0.0121701261701,0.00597269624573,7,0.000900900900901,0.621196581197,37,37,37,1,0,0.72972972973,0.243243243243,0.027027027027,37,0.145645645646,1.3277027027,10.4864864865,19.4,5.54285714286,7.49674604086,0.71489588534,0.328503761493,9.3285863089,1.77916336819,0.772359988855,2.83240578352,0.540201103043,0.278907773753,0.590250176002,0.444565018057,2.125,1.33680555556,0.595983164645,2.125,0.0128836003874,0.00631136044881,6,0.000772200772201,0.501681902638,37,36,36,0.972972972973,0,0.702702702703,0.243243243243,0.027027027027,37,195,0.146396396396,1.32732732733,10.5405405405,19.5,5.57142857143,7.54097913844,0.715426225954,0.330145530146,9.33823873665,1.77187093977,0.771171171171,2.79531998415,0.530394048275,0.273873873874,0.589078670762,0.443808138832,2.11111111111,1.33641975309,0.594795838055,2.11111111111,0.0134323532218,0.00728155339806,7,0.000900900900901,0.504151038441,37,36,36,0.972972972973,0,0.702702702703,0.243243243243,0.027027027027,-21,-0.0157657657658,0.003003003003,-1.13513513514,-2.1,-0.428571428571,-0.658119911166,0.0131885758726,0.0200854700855,-0.991097892348,0.00249383202962,0.00590590590591,-0.291511486549,0.00163125005304,0.0211211211211,0.00913355582779,0.00589039898372,0.111111111111,0.0120954287621,0.0148507231203,0.111111111111,0.0012622270517,0.00130885715232,0,0,-0.117045542756,-0.027027027027,0,0,195,0,21,1116,0.902777777778,1,0,0.0972222222222,1,0.902777777778,0.948905109489,0.941330856757,0.902777777778,0.902777777778,1,22,0,0,0,0
3859,WLNM_dir_neg,1,0.954545454545,00:00:03,10,90,29,1238804653,threshold_sweep,0.7,1,0.0454545454545,0.0869565217391,1,0,21,44,0.0454545454545,1,0,0.954545454545,1,0.0454545454545,0.0869565217391,0.681818181818,0.661616161616,0.0597014925373,0.175411603861,0.0454545454545,216,194,22,0,216,0,194,0,22,37,216,0.162162162162,1.32432432432,11.6756756757,21.6,6,8.1990990496,0.702237650082,0.31006006006,10.329336629,1.76937710775,0.765265265265,3.0868314707,0.528762798222,0.252752752753,0.579945114934,0.437917739848,2,1.32432432432,0.579945114934,2,0.0121701261701,0.00597269624573,7,0.000900900900901,0.621196581197,37,37,37,1,0,0.72972972973,0.243243243243,0.027027027027,37,0.145645645646,1.3277027027,10.4864864865,19.4,5.54285714286,7.49674604086,0.71489588534,0.328503761493,9.3285863089,1.77916336819,0.772359988855,2.83240578352,0.540201103043,0.278907773753,0.590250176002,0.444565018057,2.125,1.33680555556,0.595983164645,2.125,0.0128836003874,0.00631136044881,6,0.000772200772201,0.501681902638,37,36,36,0.972972972973,0,0.702702702703,0.243243243243,0.027027027027,37,195,0.146396396396,1.32732732733,10.5405405405,19.5,5.57142857143,7.54097913844,0.715426225954,0.330145530146,9.33823873665,1.77187093977,0.771171171171,2.79531998415,0.530394048275,0.273873873874,0.589078670762,0.443808138832,2.11111111111,1.33641975309,0.594795838055,2.11111111111,0.0134323532218,0.00728155339806,7,0.000900900900901,0.504151038441,37,36,36,0.972972972973,0,0.702702702703,0.243243243243,0.027027027027,-21,-0.0157657657658,0.003003003003,-1.13513513514,-2.1,-0.428571428571,-0.658119911166,0.0131885758726,0.0200854700855,-0.991097892348,0.00249383202962,0.00590590590591,-0.291511486549,0.00163125005304,0.0211211211211,0.00913355582779,0.00589039898372,0.111111111111,0.0120954287621,0.0148507231203,0.111111111111,0.0012622270517,0.00130885715232,0,0,-0.117045542756,-0.027027027027,0,0,195,0,21,1116,0.902777777778,1,0,0.0972222222222,1,0.902777777778,0.948905109489,0.941330856757,0.902777777778,0.902777777778,1,22,0,0,0,0
3860,WLNM_dir_neg,1,0.954545454545,00:00:03,10,90,29,1238804653,threshold_sweep,0.8,1,0.0454545454545,0.0869565217391,1,0,21,44,0.0454545454545,1,0,0.954545454545,1,0.0454545454545,0.0869565217391,0.681818181818,0.661616161616,0.0597014925373,0.175411603861,0.0454545454545,216,194,22,0,216,0,194,0,22,37,216,0.162162162162,1.32432432432,11.6756756757,21.6,6,8.1990990496,0.702237650082,0.31006006006,10.329336629,1.76937710775,0.765265265265,3.0868314707,0.528762798222,0.252752752753,0.579945114934,0.437917739848,2,1.32432432432,0.579945114934,2,0.0121701261701,0.00597269624573,7,0.000900900900901,0.621196581197,37,37,37,1,0,0.72972972973,0.243243243243,0.027027027027,37,0.145645645646,1.3277027027,10.4864864865,19.4,5.54285714286,7.49674604086,0.71489588534,0.328503761493,9.3285863089,1.77916336819,0.772359988855,2.83240578352,0.540201103043,0.278907773753,0.590250176002,0.444565018057,2.125,1.33680555556,0.595983164645,2.125,0.0128836003874,0.00631136044881,6,0.000772200772201,0.501681902638,37,36,36,0.972972972973,0,0.702702702703,0.243243243243,0.027027027027,37,195,0.146396396396,1.32732732733,10.5405405405,19.5,5.57142857143,7.54097913844,0.715426225954,0.330145530146,9.33823873665,1.77187093977,0.771171171171,2.79531998415,0.530394048275,0.273873873874,0.589078670762,0.443808138832,2.11111111111,1.33641975309,0.594795838055,2.11111111111,0.0134323532218,0.00728155339806,7,0.000900900900901,0.504151038441,37,36,36,0.972972972973,0,0.702702702703,0.243243243243,0.027027027027,-21,-0.0157657657658,0.003003003003,-1.13513513514,-2.1,-0.428571428571,-0.658119911166,0.0131885758726,0.0200854700855,-0.991097892348,0.00249383202962,0.00590590590591,-0.291511486549,0.00163125005304,0.0211211211211,0.00913355582779,0.00589039898372,0.111111111111,0.0120954287621,0.0148507231203,0.111111111111,0.0012622270517,0.00130885715232,0,0,-0.117045542756,-0.027027027027,0,0,195,0,21,1116,0.902777777778,1,0,0.0972222222222,1,0.902777777778,0.948905109489,0.941330856757,0.902777777778,0.902777777778,1,22,0,0,0,0
3861,WLNM_dir_neg,1,0.954545454545,00:00:03,10,90,29,1238804653,threshold_sweep,0.9,1,0.0454545454545,0.0869565217391,1,0,21,44,0.0454545454545,1,0,0.954545454545,1,0.0454545454545,0.0869565217391,0.681818181818,0.661616161616,0.0597014925373,0.175411603861,0.0454545454545,216,194,22,0,216,0,194,0,22,37,216,0.162162162162,1.32432432432,11.6756756757,21.6,6,8.1990990496,0.702237650082,0.31006006006,10.329336629,1.76937710775,0.765265265265,3.0868314707,0.528762798222,0.252752752753,0.579945114934,0.437917739848,2,1.32432432432,0.579945114934,2,0.0121701261701,0.00597269624573,7,0.000900900900901,0.621196581197,37,37,37,1,0,0.72972972973,0.243243243243,0.027027027027,37,0.145645645646,1.3277027027,10.4864864865,19.4,5.54285714286,7.49674604086,0.71489588534,0.328503761493,9.3285863089,1.77916336819,0.772359988855,2.83240578352,0.540201103043,0.278907773753,0.590250176002,0.444565018057,2.125,1.33680555556,0.595983164645,2.125,0.0128836003874,0.00631136044881,6,0.000772200772201,0.501681902638,37,36,36,0.972972972973,0,0.702702702703,0.243243243243,0.027027027027,37,195,0.146396396396,1.32732732733,10.5405405405,19.5,5.57142857143,7.54097913844,0.715426225954,0.330145530146,9.33823873665,1.77187093977,0.771171171171,2.79531998415,0.530394048275,0.273873873874,0.589078670762,0.443808138832,2.11111111111,1.33641975309,0.594795838055,2.11111111111,0.0134323532218,0.00728155339806,7,0.000900900900901,0.504151038441,37,36,36,0.972972972973,0,0.702702702703,0.243243243243,0.027027027027,-21,-0.0157657657658,0.003003003003,-1.13513513514,-2.1,-0.428571428571,-0.658119911166,0.0131885758726,0.0200854700855,-0.991097892348,0.00249383202962,0.00590590590591,-0.291511486549,0.00163125005304,0.0211211211211,0.00913355582779,0.00589039898372,0.111111111111,0.0120954287621,0.0148507231203,0.111111111111,0.0012622270517,0.00130885715232,0,0,-0.117045542756,-0.027027027027,0,0,195,0,21,1116,0.902777777778,1,0,0.0972222222222,1,0.902777777778,0.948905109489,0.941330856757,0.902777777778,0.902777777778,1,22,0,0,0,0
3862,WLNM_dir_neg,0.978305785124,0.695158102767,00:00:03,10,90,30,1238804654,threshold_sweep,0.1,1,0.0454545454545,0.0869565217391,1,0,21,44,0.0454545454545,1,0,0.954545454545,1,0.0454545454545,0.0869565217391,0.681818181818,0.661616161616,0.0597014925373,0.175411603861,0.0454545454545,216,194,22,0,216,0,194,0,22,37,216,0.162162162162,1.32432432432,11.6756756757,21.6,6,8.1990990496,0.702237650082,0.31006006006,10.329336629,1.76937710775,0.765265265265,3.0868314707,0.528762798222,0.252752752753,0.579945114934,0.437917739848,2,1.32432432432,0.579945114934,2,0.0121701261701,0.00597269624573,7,0.000900900900901,0.621196581197,37,37,37,1,0,0.72972972973,0.243243243243,0.027027027027,37,0.145645645646,1.32432432432,10.4864864865,19.4,5.54285714286,7.44095880031,0.709575968071,0.330872109223,9.27183730266,1.76834010412,0.76901643912,2.85195260017,0.543929104157,0.285594873224,0.579945114934,0.437917739848,2,1.33333333333,0.585540043769,2,0.0114894652162,0.00634473034896,6,0.000772200772201,0.508111111111,37,36,36,0.972972972973,0,0.702702702703,0.243243243243,0.027027027027,37,195,0.146396396396,1.32432432432,10.5405405405,19.5,5.57142857143,7.48180977287,0.709812722042,0.332085932086,9.28454106042,1.76168214993,0.767844767845,2.81512431785,0.534151793642,0.280526680527,0.579945114934,0.437917739848,2,1.33333333333,0.585540043769,2,0.0123053436097,0.00732217573222,7,0.000900900900901,0.510333333333,37,36,36,0.972972972973,0,0.702702702703,0.243243243243,0.027027027027,-21,-0.0157657657658,0,-1.13513513514,-2.1,-0.428571428571,-0.71728927673,0.00757507196006,0.0220258720259,-1.04479556858,-0.00769495781868,0.0025795025795,-0.271707152859,0.00538899542003,0.0277739277739,0,0,0,0.00900900900901,0.00559492883467,0,0.000135217439565,0.00134947948648,0,0,-0.110863247863,-0.027027027027,0,0,195,0,21,1116,0.902777777778,1,0,0.0972222222222,1,0.902777777778,0.948905109489,0.941330856757,0.902777777778,0.902777777778,1,22,0,0,0,0
3863,WLNM_dir_neg,0.978305785124,0.695158102767,00:00:03,10,90,30,1238804654,threshold_sweep,0.2,1,0.0454545454545,0.0869565217391,1,0,21,44,0.0454545454545,1,0,0.954545454545,1,0.0454545454545,0.0869565217391,0.681818181818,0.661616161616,0.0597014925373,0.175411603861,0.0454545454545,216,194,22,0,216,0,194,0,22,37,216,0.162162162162,1.32432432432,11.6756756757,21.6,6,8.1990990496,0.702237650082,0.31006006006,10.329336629,1.76937710775,0.765265265265,3.0868314707,0.528762798222,0.252752752753,0.579945114934,0.437917739848,2,1.32432432432,0.579945114934,2,0.0121701261701,0.00597269624573,7,0.000900900900901,0.621196581197,37,37,37,1,0,0.72972972973,0.243243243243,0.027027027027,37,0.145645645646,1.32432432432,10.4864864865,19.4,5.54285714286,7.44095880031,0.709575968071,0.330872109223,9.27183730266,1.76834010412,0.76901643912,2.85195260017,0.543929104157,0.285594873224,0.579945114934,0.437917739848,2,1.33333333333,0.585540043769,2,0.0114894652162,0.00634473034896,6,0.000772200772201,0.508111111111,37,36,36,0.972972972973,0,0.702702702703,0.243243243243,0.027027027027,37,195,0.146396396396,1.32432432432,10.5405405405,19.5,5.57142857143,7.48180977287,0.709812722042,0.332085932086,9.28454106042,1.76168214993,0.767844767845,2.81512431785,0.534151793642,0.280526680527,0.579945114934,0.437917739848,2,1.33333333333,0.585540043769,2,0.0123053436097,0.00732217573222,7,0.000900900900901,0.510333333333,37,36,36,0.972972972973,0,0.702702702703,0.243243243243,0.027027027027,-21,-0.0157657657658,0,-1.13513513514,-2.1,-0.428571428571,-0.71728927673,0.00757507196006,0.0220258720259,-1.04479556858,-0.00769495781868,0.0025795025795,-0.271707152859,0.00538899542003,0.0277739277739,0,0,0,0.00900900900901,0.00559492883467,0,0.000135217439565,0.00134947948648,0,0,-0.110863247863,-0.027027027027,0,0,195,0,21,1116,0.902777777778,1,0,0.0972222222222,1,0.902777777778,0.948905109489,0.941330856757,0.902777777778,0.902777777778,1,22,0,0,0,0
3864,WLNM_dir_neg,0.978305785124,0.695158102767,00:00:03,10,90,30,1238804654,threshold_sweep,0.3,1,0.0454545454545,0.0869565217391,1,0,21,44,0.0454545454545,1,0,0.954545454545,1,0.0454545454545,0.0869565217391,0.681818181818,0.661616161616,0.0597014925373,0.175411603861,0.0454545454545,216,194,22,0,216,0,194,0,22,37,216,0.162162162162,1.32432432432,11.6756756757,21.6,6,8.1990990496,0.702237650082,0.31006006006,10.329336629,1.76937710775,0.765265265265,3.0868314707,0.528762798222,0.252752752753,0.579945114934,0.437917739848,2,1.32432432432,0.579945114934,2,0.0121701261701,0.00597269624573,7,0.000900900900901,0.621196581197,37,37,37,1,0,0.72972972973,0.243243243243,0.027027027027,37,0.145645645646,1.32432432432,10.4864864865,19.4,5.54285714286,7.44095880031,0.709575968071,0.330872109223,9.27183730266,1.76834010412,0.76901643912,2.85195260017,0.543929104157,0.285594873224,0.579945114934,0.437917739848,2,1.33333333333,0.585540043769,2,0.0114894652162,0.00634473034896,6,0.000772200772201,0.508111111111,37,36,36,0.972972972973,0,0.702702702703,0.243243243243,0.027027027027,37,195,0.146396396396,1.32432432432,10.5405405405,19.5,5.57142857143,7.48180977287,0.709812722042,0.332085932086,9.28454106042,1.76168214993,0.767844767845,2.81512431785,0.534151793642,0.280526680527,0.579945114934,0.437917739848,2,1.33333333333,0.585540043769,2,0.0123053436097,0.00732217573222,7,0.000900900900901,0.510333333333,37,36,36,0.972972972973,0,0.702702702703,0.243243243243,0.027027027027,-21,-0.0157657657658,0,-1.13513513514,-2.1,-0.428571428571,-0.71728927673,0.00757507196006,0.0220258720259,-1.04479556858,-0.00769495781868,0.0025795025795,-0.271707152859,0.00538899542003,0.0277739277739,0,0,0,0.00900900900901,0.00559492883467,0,0.000135217439565,0.00134947948648,0,0,-0.110863247863,-0.027027027027,0,0,195,0,21,1116,0.902777777778,1,0,0.0972222222222,1,0.902777777778,0.948905109489,0.941330856757,0.902777777778,0.902777777778,1,22,0,0,0,0
3865,WLNM_dir_neg,0.978305785124,0.695158102767,00:00:03,10,90,30,1238804654,threshold_sweep,0.4,1,0.0454545454545,0.0869565217391,1,0,21,44,0.0454545454545,1,0,0.954545454545,1,0.0454545454545,0.0869565217391,0.681818181818,0.661616161616,0.0597014925373,0.175411603861,0.0454545454545,216,194,22,0,216,0,194,0,22,37,216,0.162162162162,1.32432432432,11.6756756757,21.6,6,8.1990990496,0.702237650082,0.31006006006,10.329336629,1.76937710775,0.765265265265,3.0868314707,0.528762798222,0.252752752753,0.579945114934,0.437917739848,2,1.32432432432,0.579945114934,2,0.0121701261701,0.00597269624573,7,0.000900900900901,0.621196581197,37,37,37,1,0,0.72972972973,0.243243243243,0.027027027027,37,0.145645645646,1.32432432432,10.4864864865,19.4,5.54285714286,7.44095880031,0.709575968071,0.330872109223,9.27183730266,1.76834010412,0.76901643912,2.85195260017,0.543929104157,0.285594873224,0.579945114934,0.437917739848,2,1.33333333333,0.585540043769,2,0.0114894652162,0.00634473034896,6,0.000772200772201,0.508111111111,37,36,36,0.972972972973,0,0.702702702703,0.243243243243,0.027027027027,37,195,0.146396396396,1.32432432432,10.5405405405,19.5,5.57142857143,7.48180977287,0.709812722042,0.332085932086,9.28454106042,1.76168214993,0.767844767845,2.81512431785,0.534151793642,0.280526680527,0.579945114934,0.437917739848,2,1.33333333333,0.585540043769,2,0.0123053436097,0.00732217573222,7,0.000900900900901,0.510333333333,37,36,36,0.972972972973,0,0.702702702703,0.243243243243,0.027027027027,-21,-0.0157657657658,0,-1.13513513514,-2.1,-0.428571428571,-0.71728927673,0.00757507196006,0.0220258720259,-1.04479556858,-0.00769495781868,0.0025795025795,-0.271707152859,0.00538899542003,0.0277739277739,0,0,0,0.00900900900901,0.00559492883467,0,0.000135217439565,0.00134947948648,0,0,-0.110863247863,-0.027027027027,0,0,195,0,21,1116,0.902777777778,1,0,0.0972222222222,1,0.902777777778,0.948905109489,0.941330856757,0.902777777778,0.902777777778,1,22,0,0,0,0
3866,WLNM_dir_neg,0.978305785124,0.695158102767,00:00:03,10,90,30,1238804654,threshold_sweep,0.5,1,0.0454545454545,0.0869565217391,1,0,21,44,0.0454545454545,1,0,0.954545454545,1,0.0454545454545,0.0869565217391,0.681818181818,0.661616161616,0.0597014925373,0.175411603861,0.0454545454545,216,194,22,0,216,0,194,0,22,37,216,0.162162162162,1.32432432432,11.6756756757,21.6,6,8.1990990496,0.702237650082,0.31006006006,10.329336629,1.76937710775,0.765265265265,3.0868314707,0.528762798222,0.252752752753,0.579945114934,0.437917739848,2,1.32432432432,0.579945114934,2,0.0121701261701,0.00597269624573,7,0.000900900900901,0.621196581197,37,37,37,1,0,0.72972972973,0.243243243243,0.027027027027,37,0.145645645646,1.32432432432,10.4864864865,19.4,5.54285714286,7.44095880031,0.709575968071,0.330872109223,9.27183730266,1.76834010412,0.76901643912,2.85195260017,0.543929104157,0.285594873224,0.579945114934,0.437917739848,2,1.33333333333,0.585540043769,2,0.0114894652162,0.00634473034896,6,0.000772200772201,0.508111111111,37,36,36,0.972972972973,0,0.702702702703,0.243243243243,0.027027027027,37,195,0.146396396396,1.32432432432,10.5405405405,19.5,5.57142857143,7.48180977287,0.709812722042,0.332085932086,9.28454106042,1.76168214993,0.767844767845,2.81512431785,0.534151793642,0.280526680527,0.579945114934,0.437917739848,2,1.33333333333,0.585540043769,2,0.0123053436097,0.00732217573222,7,0.000900900900901,0.510333333333,37,36,36,0.972972972973,0,0.702702702703,0.243243243243,0.027027027027,-21,-0.0157657657658,0,-1.13513513514,-2.1,-0.428571428571,-0.71728927673,0.00757507196006,0.0220258720259,-1.04479556858,-0.00769495781868,0.0025795025795,-0.271707152859,0.00538899542003,0.0277739277739,0,0,0,0.00900900900901,0.00559492883467,0,0.000135217439565,0.00134947948648,0,0,-0.110863247863,-0.027027027027,0,0,195,0,21,1116,0.902777777778,1,0,0.0972222222222,1,0.902777777778,0.948905109489,0.941330856757,0.902777777778,0.902777777778,1,22,0,0,0,0
3867,WLNM_dir_neg,0.978305785124,0.695158102767,00:00:03,10,90,30,1238804654,threshold_sweep,0.6,1,0.0454545454545,0.0869565217391,1,0,21,44,0.0454545454545,1,0,0.954545454545,1,0.0454545454545,0.0869565217391,0.681818181818,0.661616161616,0.0597014925373,0.175411603861,0.0454545454545,216,194,22,0,216,0,194,0,22,37,216,0.162162162162,1.32432432432,11.6756756757,21.6,6,8.1990990496,0.702237650082,0.31006006006,10.329336629,1.76937710775,0.765265265265,3.0868314707,0.528762798222,0.252752752753,0.579945114934,0.437917739848,2,1.32432432432,0.579945114934,2,0.0121701261701,0.00597269624573,7,0.000900900900901,0.621196581197,37,37,37,1,0,0.72972972973,0.243243243243,0.027027027027,37,0.145645645646,1.32432432432,10.4864864865,19.4,5.54285714286,7.44095880031,0.709575968071,0.330872109223,9.27183730266,1.76834010412,0.76901643912,2.85195260017,0.543929104157,0.285594873224,0.579945114934,0.437917739848,2,1.33333333333,0.585540043769,2,0.0114894652162,0.00634473034896,6,0.000772200772201,0.508111111111,37,36,36,0.972972972973,0,0.702702702703,0.243243243243,0.027027027027,37,195,0.146396396396,1.32432432432,10.5405405405,19.5,5.57142857143,7.48180977287,0.709812722042,0.332085932086,9.28454106042,1.76168214993,0.767844767845,2.81512431785,0.534151793642,0.280526680527,0.579945114934,0.437917739848,2,1.33333333333,0.585540043769,2,0.0123053436097,0.00732217573222,7,0.000900900900901,0.510333333333,37,36,36,0.972972972973,0,0.702702702703,0.243243243243,0.027027027027,-21,-0.0157657657658,0,-1.13513513514,-2.1,-0.428571428571,-0.71728927673,0.00757507196006,0.0220258720259,-1.04479556858,-0.00769495781868,0.0025795025795,-0.271707152859,0.00538899542003,0.0277739277739,0,0,0,0.00900900900901,0.00559492883467,0,0.000135217439565,0.00134947948648,0,0,-0.110863247863,-0.027027027027,0,0,195,0,21,1116,0.902777777778,1,0,0.0972222222222,1,0.902777777778,0.948905109489,0.941330856757,0.902777777778,0.902777777778,1,22,0,0,0,0
3868,WLNM_dir_neg,0.978305785124,0.695158102767,00:00:03,10,90,30,1238804654,threshold_sweep,0.7,1,0.0454545454545,0.0869565217391,1,0,21,44,0.0454545454545,1,0,0.954545454545,1,0.0454545454545,0.0869565217391,0.681818181818,0.661616161616,0.0597014925373,0.175411603861,0.0454545454545,216,194,22,0,216,0,194,0,22,37,216,0.162162162162,1.32432432432,11.6756756757,21.6,6,8.1990990496,0.702237650082,0.31006006006,10.329336629,1.76937710775,0.765265265265,3.0868314707,0.528762798222,0.252752752753,0.579945114934,0.437917739848,2,1.32432432432,0.579945114934,2,0.0121701261701,0.00597269624573,7,0.000900900900901,0.621196581197,37,37,37,1,0,0.72972972973,0.243243243243,0.027027027027,37,0.145645645646,1.32432432432,10.4864864865,19.4,5.54285714286,7.44095880031,0.709575968071,0.330872109223,9.27183730266,1.76834010412,0.76901643912,2.85195260017,0.543929104157,0.285594873224,0.579945114934,0.437917739848,2,1.33333333333,0.585540043769,2,0.0114894652162,0.00634473034896,6,0.000772200772201,0.508111111111,37,36,36,0.972972972973,0,0.702702702703,0.243243243243,0.027027027027,37,195,0.146396396396,1.32432432432,10.5405405405,19.5,5.57142857143,7.48180977287,0.709812722042,0.332085932086,9.28454106042,1.76168214993,0.767844767845,2.81512431785,0.534151793642,0.280526680527,0.579945114934,0.437917739848,2,1.33333333333,0.585540043769,2,0.0123053436097,0.00732217573222,7,0.000900900900901,0.510333333333,37,36,36,0.972972972973,0,0.702702702703,0.243243243243,0.027027027027,-21,-0.0157657657658,0,-1.13513513514,-2.1,-0.428571428571,-0.71728927673,0.00757507196006,0.0220258720259,-1.04479556858,-0.00769495781868,0.0025795025795,-0.271707152859,0.00538899542003,0.0277739277739,0,0,0,0.00900900900901,0.00559492883467,0,0.000135217439565,0.00134947948648,0,0,-0.110863247863,-0.027027027027,0,0,195,0,21,1116,0.902777777778,1,0,0.0972222222222,1,0.902777777778,0.948905109489,0.941330856757,0.902777777778,0.902777777778,1,22,0,0,0,0
3869,WLNM_dir_neg,0.978305785124,0.695158102767,00:00:03,10,90,30,1238804654,threshold_sweep,0.8,1,0.0454545454545,0.0869565217391,1,0,21,44,0.0454545454545,1,0,0.954545454545,1,0.0454545454545,0.0869565217391,0.681818181818,0.661616161616,0.0597014925373,0.175411603861,0.0454545454545,216,194,22,0,216,0,194,0,22,37,216,0.162162162162,1.32432432432,11.6756756757,21.6,6,8.1990990496,0.702237650082,0.31006006006,10.329336629,1.76937710775,0.765265265265,3.0868314707,0.528762798222,0.252752752753,0.579945114934,0.437917739848,2,1.32432432432,0.579945114934,2,0.0121701261701,0.00597269624573,7,0.000900900900901,0.621196581197,37,37,37,1,0,0.72972972973,0.243243243243,0.027027027027,37,0.145645645646,1.32432432432,10.4864864865,19.4,5.54285714286,7.44095880031,0.709575968071,0.330872109223,9.27183730266,1.76834010412,0.76901643912,2.85195260017,0.543929104157,0.285594873224,0.579945114934,0.437917739848,2,1.33333333333,0.585540043769,2,0.0114894652162,0.00634473034896,6,0.000772200772201,0.508111111111,37,36,36,0.972972972973,0,0.702702702703,0.243243243243,0.027027027027,37,195,0.146396396396,1.32432432432,10.5405405405,19.5,5.57142857143,7.48180977287,0.709812722042,0.332085932086,9.28454106042,1.76168214993,0.767844767845,2.81512431785,0.534151793642,0.280526680527,0.579945114934,0.437917739848,2,1.33333333333,0.585540043769,2,0.0123053436097,0.00732217573222,7,0.000900900900901,0.510333333333,37,36,36,0.972972972973,0,0.702702702703,0.243243243243,0.027027027027,-21,-0.0157657657658,0,-1.13513513514,-2.1,-0.428571428571,-0.71728927673,0.00757507196006,0.0220258720259,-1.04479556858,-0.00769495781868,0.0025795025795,-0.271707152859,0.00538899542003,0.0277739277739,0,0,0,0.00900900900901,0.00559492883467,0,0.000135217439565,0.00134947948648,0,0,-0.110863247863,-0.027027027027,0,0,195,0,21,1116,0.902777777778,1,0,0.0972222222222,1,0.902777777778,0.948905109489,0.941330856757,0.902777777778,0.902777777778,1,22,0,0,0,0
3870,WLNM_dir_neg,0.978305785124,0.695158102767,00:00:03,10,90,30,1238804654,threshold_sweep,0.9,1,0.0454545454545,0.0869565217391,1,0,21,44,0.0454545454545,1,0,0.954545454545,1,0.0454545454545,0.0869565217391,0.681818181818,0.661616161616,0.0597014925373,0.175411603861,0.0454545454545,216,194,22,0,216,0,194,0,22,37,216,0.162162162162,1.32432432432,11.6756756757,21.6,6,8.1990990496,0.702237650082,0.31006006006,10.329336629,1.76937710775,0.765265265265,3.0868314707,0.528762798222,0.252752752753,0.579945114934,0.437917739848,2,1.32432432432,0.579945114934,2,0.0121701261701,0.00597269624573,7,0.000900900900901,0.621196581197,37,37,37,1,0,0.72972972973,0.243243243243,0.027027027027,37,0.145645645646,1.32432432432,10.4864864865,19.4,5.54285714286,7.44095880031,0.709575968071,0.330872109223,9.27183730266,1.76834010412,0.76901643912,2.85195260017,0.543929104157,0.285594873224,0.579945114934,0.437917739848,2,1.33333333333,0.585540043769,2,0.0114894652162,0.00634473034896,6,0.000772200772201,0.508111111111,37,36,36,0.972972972973,0,0.702702702703,0.243243243243,0.027027027027,37,195,0.146396396396,1.32432432432,10.5405405405,19.5,5.57142857143,7.48180977287,0.709812722042,0.332085932086,9.28454106042,1.76168214993,0.767844767845,2.81512431785,0.534151793642,0.280526680527,0.579945114934,0.437917739848,2,1.33333333333,0.585540043769,2,0.0123053436097,0.00732217573222,7,0.000900900900901,0.510333333333,37,36,36,0.972972972973,0,0.702702702703,0.243243243243,0.027027027027,-21,-0.0157657657658,0,-1.13513513514,-2.1,-0.428571428571,-0.71728927673,0.00757507196006,0.0220258720259,-1.04479556858,-0.00769495781868,0.0025795025795,-0.271707152859,0.00538899542003,0.0277739277739,0,0,0,0.00900900900901,0.00559492883467,0,0.000135217439565,0.00134947948648,0,0,-0.110863247863,-0.027027027027,0,0,195,0,21,1116,0.902777777778,1,0,0.0972222222222,1,0.902777777778,0.948905109489,0.941330856757,0.902777777778,0.902777777778,1,22,0,0,0,0
3871,WLNM_dir_neg,1,0.909090909091,00:00:03,10,90,31,1238804655,threshold_sweep,0.1,1,0.0909090909091,0.166666666667,2,0,20,44,0.0909090909091,1,0,0.909090909091,1,0.0909090909091,0.166666666667,0.69696969697,0.656565656566,0.117647058824,0.25,0.0909090909091,216,194,22,0,216,0,194,0,22,37,216,0.162162162162,1.32432432432,11.6756756757,21.6,6,8.1990990496,0.702237650082,0.31006006006,10.329336629,1.76937710775,0.765265265265,3.0868314707,0.528762798222,0.252752752753,0.579945114934,0.437917739848,2,1.32432432432,0.579945114934,2,0.0121701261701,0.00597269624573,7,0.000900900900901,0.621196581197,37,37,37,1,0,0.72972972973,0.243243243243,0.027027027027,37,0.145645645646,1.32432432432,10.4864864865,19.4,5.38888888889,7.37345698217,0.703138939021,0.32529952633,9.28979549292,1.77176511978,0.766787405963,2.85195260017,0.543929104157,0.285594873224,0.579945114934,0.437917739848,2,1.32432432432,0.579945114934,2,0.0107239385873,0.00532103582831,5,0.000643500643501,0.50303988604,37,37,37,1,0,0.72972972973,0.243243243243,0.027027027027,37,196,0.147147147147,1.32432432432,10.5945945946,19.6,5.44444444444,7.46644143804,0.704740645938,0.329012686156,9.31207359908,1.75789144472,0.764478764479,2.77753752715,0.524331063798,0.275785990072,0.579945114934,0.437917739848,2,1.32432432432,0.579945114934,2,0.0122976347324,0.00728155339806,7,0.000900900900901,0.507484330484,37,37,37,1,0,0.72972972973,0.243243243243,0.027027027027,-20,-0.015015015015,0,-1.08108108108,-2,-0.555555555556,-0.73265761156,0.00250299585601,0.0189526260955,-1.01726302992,-0.0114856630207,-0.000786500786501,-0.309293943556,-0.00443173442412,0.023033237319,0,0,0,0,0,0,0.000127508562291,0.00130885715232,0,0,-0.113712250712,0,0,0,196,0,20,1116,0.907407407407,1,0,0.0925925925926,1,0.907407407407,0.95145631068,0.944156726864,0.907407407407,0.907407407407,2,22,0,0,0,0
3872,WLNM_dir_neg,1,0.909090909091,00:00:03,10,90,31,1238804655,threshold_sweep,0.2,1,0.0909090909091,0.166666666667,2,0,20,44,0.0909090909091,1,0,0.909090909091,1,0.0909090909091,0.166666666667,0.69696969697,0.656565656566,0.117647058824,0.25,0.0909090909091,216,194,22,0,216,0,194,0,22,37,216,0.162162162162,1.32432432432,11.6756756757,21.6,6,8.1990990496,0.702237650082,0.31006006006,10.329336629,1.76937710775,0.765265265265,3.0868314707,0.528762798222,0.252752752753,0.579945114934,0.437917739848,2,1.32432432432,0.579945114934,2,0.0121701261701,0.00597269624573,7,0.000900900900901,0.621196581197,37,37,37,1,0,0.72972972973,0.243243243243,0.027027027027,37,0.145645645646,1.32432432432,10.4864864865,19.4,5.38888888889,7.37345698217,0.703138939021,0.32529952633,9.28979549292,1.77176511978,0.766787405963,2.85195260017,0.543929104157,0.285594873224,0.579945114934,0.437917739848,2,1.32432432432,0.579945114934,2,0.0107239385873,0.00532103582831,5,0.000643500643501,0.50303988604,37,37,37,1,0,0.72972972973,0.243243243243,0.027027027027,37,196,0.147147147147,1.32432432432,10.5945945946,19.6,5.44444444444,7.46644143804,0.704740645938,0.329012686156,9.31207359908,1.75789144472,0.764478764479,2.77753752715,0.524331063798,0.275785990072,0.579945114934,0.437917739848,2,1.32432432432,0.579945114934,2,0.0122976347324,0.00728155339806,7,0.000900900900901,0.507484330484,37,37,37,1,0,0.72972972973,0.243243243243,0.027027027027,-20,-0.015015015015,0,-1.08108108108,-2,-0.555555555556,-0.73265761156,0.00250299585601,0.0189526260955,-1.01726302992,-0.0114856630207,-0.000786500786501,-0.309293943556,-0.00443173442412,0.023033237319,0,0,0,0,0,0,0.000127508562291,0.00130885715232,0,0,-0.113712250712,0,0,0,196,0,20,1116,0.907407407407,1,0,0.0925925925926,1,0.907407407407,0.95145631068,0.944156726864,0.907407407407,0.907407407407,2,22,0,0,0,0
3873,WLNM_dir_neg,1,0.909090909091,00:00:03,10,90,31,1238804655,threshold_sweep,0.3,1,0.0909090909091,0.166666666667,2,0,20,44,0.0909090909091,1,0,0.909090909091,1,0.0909090909091,0.166666666667,0.69696969697,0.656565656566,0.117647058824,0.25,0.0909090909091,216,194,22,0,216,0,194,0,22,37,216,0.162162162162,1.32432432432,11.6756756757,21.6,6,8.1990990496,0.702237650082,0.31006006006,10.329336629,1.76937710775,0.765265265265,3.0868314707,0.528762798222,0.252752752753,0.579945114934,0.437917739848,2,1.32432432432,0.579945114934,2,0.0121701261701,0.00597269624573,7,0.000900900900901,0.621196581197,37,37,37,1,0,0.72972972973,0.243243243243,0.027027027027,37,0.145645645646,1.32432432432,10.4864864865,19.4,5.38888888889,7.37345698217,0.703138939021,0.32529952633,9.28979549292,1.77176511978,0.766787405963,2.85195260017,0.543929104157,0.285594873224,0.579945114934,0.437917739848,2,1.32432432432,0.579945114934,2,0.0107239385873,0.00532103582831,5,0.000643500643501,0.50303988604,37,37,37,1,0,0.72972972973,0.243243243243,0.027027027027,37,196,0.147147147147,1.32432432432,10.5945945946,19.6,5.44444444444,7.46644143804,0.704740645938,0.329012686156,9.31207359908,1.75789144472,0.764478764479,2.77753752715,0.524331063798,0.275785990072,0.579945114934,0.437917739848,2,1.32432432432,0.579945114934,2,0.0122976347324,0.00728155339806,7,0.000900900900901,0.507484330484,37,37,37,1,0,0.72972972973,0.243243243243,0.027027027027,-20,-0.015015015015,0,-1.08108108108,-2,-0.555555555556,-0.73265761156,0.00250299585601,0.0189526260955,-1.01726302992,-0.0114856630207,-0.000786500786501,-0.309293943556,-0.00443173442412,0.023033237319,0,0,0,0,0,0,0.000127508562291,0.00130885715232,0,0,-0.113712250712,0,0,0,196,0,20,1116,0.907407407407,1,0,0.0925925925926,1,0.907407407407,0.95145631068,0.944156726864,0.907407407407,0.907407407407,2,22,0,0,0,0
3874,WLNM_dir_neg,1,0.909090909091,00:00:03,10,90,31,1238804655,threshold_sweep,0.4,1,0.0909090909091,0.166666666667,2,0,20,44,0.0909090909091,1,0,0.909090909091,1,0.0909090909091,0.166666666667,0.69696969697,0.656565656566,0.117647058824,0.25,0.0909090909091,216,194,22,0,216,0,194,0,22,37,216,0.162162162162,1.32432432432,11.6756756757,21.6,6,8.1990990496,0.702237650082,0.31006006006,10.329336629,1.76937710775,0.765265265265,3.0868314707,0.528762798222,0.252752752753,0.579945114934,0.437917739848,2,1.32432432432,0.579945114934,2,0.0121701261701,0.00597269624573,7,0.000900900900901,0.621196581197,37,37,37,1,0,0.72972972973,0.243243243243,0.027027027027,37,0.145645645646,1.32432432432,10.4864864865,19.4,5.38888888889,7.37345698217,0.703138939021,0.32529952633,9.28979549292,1.77176511978,0.766787405963,2.85195260017,0.543929104157,0.285594873224,0.579945114934,0.437917739848,2,1.32432432432,0.579945114934,2,0.0107239385873,0.00532103582831,5,0.000643500643501,0.50303988604,37,37,37,1,0,0.72972972973,0.243243243243,0.027027027027,37,196,0.147147147147,1.32432432432,10.5945945946,19.6,5.44444444444,7.46644143804,0.704740645938,0.329012686156,9.31207359908,1.75789144472,0.764478764479,2.77753752715,0.524331063798,0.275785990072,0.579945114934,0.437917739848,2,1.32432432432,0.579945114934,2,0.0122976347324,0.00728155339806,7,0.000900900900901,0.507484330484,37,37,37,1,0,0.72972972973,0.243243243243,0.027027027027,-20,-0.015015015015,0,-1.08108108108,-2,-0.555555555556,-0.73265761156,0.00250299585601,0.0189526260955,-1.01726302992,-0.0114856630207,-0.000786500786501,-0.309293943556,-0.00443173442412,0.023033237319,0,0,0,0,0,0,0.000127508562291,0.00130885715232,0,0,-0.113712250712,0,0,0,196,0,20,1116,0.907407407407,1,0,0.0925925925926,1,0.907407407407,0.95145631068,0.944156726864,0.907407407407,0.907407407407,2,22,0,0,0,0
3875,WLNM_dir_neg,1,0.909090909091,00:00:03,10,90,31,1238804655,threshold_sweep,0.5,1,0.0909090909091,0.166666666667,2,0,20,44,0.0909090909091,1,0,0.909090909091,1,0.0909090909091,0.166666666667,0.69696969697,0.656565656566,0.117647058824,0.25,0.0909090909091,216,194,22,0,216,0,194,0,22,37,216,0.162162162162,1.32432432432,11.6756756757,21.6,6,8.1990990496,0.702237650082,0.31006006006,10.329336629,1.76937710775,0.765265265265,3.0868314707,0.528762798222,0.252752752753,0.579945114934,0.437917739848,2,1.32432432432,0.579945114934,2,0.0121701261701,0.00597269624573,7,0.000900900900901,0.621196581197,37,37,37,1,0,0.72972972973,0.243243243243,0.027027027027,37,0.145645645646,1.32432432432,10.4864864865,19.4,5.38888888889,7.37345698217,0.703138939021,0.32529952633,9.28979549292,1.77176511978,0.766787405963,2.85195260017,0.543929104157,0.285594873224,0.579945114934,0.437917739848,2,1.32432432432,0.579945114934,2,0.0107239385873,0.00532103582831,5,0.000643500643501,0.50303988604,37,37,37,1,0,0.72972972973,0.243243243243,0.027027027027,37,196,0.147147147147,1.32432432432,10.5945945946,19.6,5.44444444444,7.46644143804,0.704740645938,0.329012686156,9.31207359908,1.75789144472,0.764478764479,2.77753752715,0.524331063798,0.275785990072,0.579945114934,0.437917739848,2,1.32432432432,0.579945114934,2,0.0122976347324,0.00728155339806,7,0.000900900900901,0.507484330484,37,37,37,1,0,0.72972972973,0.243243243243,0.027027027027,-20,-0.015015015015,0,-1.08108108108,-2,-0.555555555556,-0.73265761156,0.00250299585601,0.0189526260955,-1.01726302992,-0.0114856630207,-0.000786500786501,-0.309293943556,-0.00443173442412,0.023033237319,0,0,0,0,0,0,0.000127508562291,0.00130885715232,0,0,-0.113712250712,0,0,0,196,0,20,1116,0.907407407407,1,0,0.0925925925926,1,0.907407407407,0.95145631068,0.944156726864,0.907407407407,0.907407407407,2,22,0,0,0,0
3876,WLNM_dir_neg,1,0.909090909091,00:00:03,10,90,31,1238804655,threshold_sweep,0.6,1,0.0909090909091,0.166666666667,2,0,20,44,0.0909090909091,1,0,0.909090909091,1,0.0909090909091,0.166666666667,0.69696969697,0.656565656566,0.117647058824,0.25,0.0909090909091,216,194,22,0,216,0,194,0,22,37,216,0.162162162162,1.32432432432,11.6756756757,21.6,6,8.1990990496,0.702237650082,0.31006006006,10.329336629,1.76937710775,0.765265265265,3.0868314707,0.528762798222,0.252752752753,0.579945114934,0.437917739848,2,1.32432432432,0.579945114934,2,0.0121701261701,0.00597269624573,7,0.000900900900901,0.621196581197,37,37,37,1,0,0.72972972973,0.243243243243,0.027027027027,37,0.145645645646,1.32432432432,10.4864864865,19.4,5.38888888889,7.37345698217,0.703138939021,0.32529952633,9.28979549292,1.77176511978,0.766787405963,2.85195260017,0.543929104157,0.285594873224,0.579945114934,0.437917739848,2,1.32432432432,0.579945114934,2,0.0107239385873,0.00532103582831,5,0.000643500643501,0.50303988604,37,37,37,1,0,0.72972972973,0.243243243243,0.027027027027,37,196,0.147147147147,1.32432432432,10.5945945946,19.6,5.44444444444,7.46644143804,0.704740645938,0.329012686156,9.31207359908,1.75789144472,0.764478764479,2.77753752715,0.524331063798,0.275785990072,0.579945114934,0.437917739848,2,1.32432432432,0.579945114934,2,0.0122976347324,0.00728155339806,7,0.000900900900901,0.507484330484,37,37,37,1,0,0.72972972973,0.243243243243,0.027027027027,-20,-0.015015015015,0,-1.08108108108,-2,-0.555555555556,-0.73265761156,0.00250299585601,0.0189526260955,-1.01726302992,-0.0114856630207,-0.000786500786501,-0.309293943556,-0.00443173442412,0.023033237319,0,0,0,0,0,0,0.000127508562291,0.00130885715232,0,0,-0.113712250712,0,0,0,196,0,20,1116,0.907407407407,1,0,0.0925925925926,1,0.907407407407,0.95145631068,0.944156726864,0.907407407407,0.907407407407,2,22,0,0,0,0
3877,WLNM_dir_neg,1,0.909090909091,00:00:03,10,90,31,1238804655,threshold_sweep,0.7,1,0.0909090909091,0.166666666667,2,0,20,44,0.0909090909091,1,0,0.909090909091,1,0.0909090909091,0.166666666667,0.69696969697,0.656565656566,0.117647058824,0.25,0.0909090909091,216,194,22,0,216,0,194,0,22,37,216,0.162162162162,1.32432432432,11.6756756757,21.6,6,8.1990990496,0.702237650082,0.31006006006,10.329336629,1.76937710775,0.765265265265,3.0868314707,0.528762798222,0.252752752753,0.579945114934,0.437917739848,2,1.32432432432,0.579945114934,2,0.0121701261701,0.00597269624573,7,0.000900900900901,0.621196581197,37,37,37,1,0,0.72972972973,0.243243243243,0.027027027027,37,0.145645645646,1.32432432432,10.4864864865,19.4,5.38888888889,7.37345698217,0.703138939021,0.32529952633,9.28979549292,1.77176511978,0.766787405963,2.85195260017,0.543929104157,0.285594873224,0.579945114934,0.437917739848,2,1.32432432432,0.579945114934,2,0.0107239385873,0.00532103582831,5,0.000643500643501,0.50303988604,37,37,37,1,0,0.72972972973,0.243243243243,0.027027027027,37,196,0.147147147147,1.32432432432,10.5945945946,19.6,5.44444444444,7.46644143804,0.704740645938,0.329012686156,9.31207359908,1.75789144472,0.764478764479,2.77753752715,0.524331063798,0.275785990072,0.579945114934,0.437917739848,2,1.32432432432,0.579945114934,2,0.0122976347324,0.00728155339806,7,0.000900900900901,0.507484330484,37,37,37,1,0,0.72972972973,0.243243243243,0.027027027027,-20,-0.015015015015,0,-1.08108108108,-2,-0.555555555556,-0.73265761156,0.00250299585601,0.0189526260955,-1.01726302992,-0.0114856630207,-0.000786500786501,-0.309293943556,-0.00443173442412,0.023033237319,0,0,0,0,0,0,0.000127508562291,0.00130885715232,0,0,-0.113712250712,0,0,0,196,0,20,1116,0.907407407407,1,0,0.0925925925926,1,0.907407407407,0.95145631068,0.944156726864,0.907407407407,0.907407407407,2,22,0,0,0,0
3878,WLNM_dir_neg,1,0.909090909091,00:00:03,10,90,31,1238804655,threshold_sweep,0.8,1,0.0909090909091,0.166666666667,2,0,20,44,0.0909090909091,1,0,0.909090909091,1,0.0909090909091,0.166666666667,0.69696969697,0.656565656566,0.117647058824,0.25,0.0909090909091,216,194,22,0,216,0,194,0,22,37,216,0.162162162162,1.32432432432,11.6756756757,21.6,6,8.1990990496,0.702237650082,0.31006006006,10.329336629,1.76937710775,0.765265265265,3.0868314707,0.528762798222,0.252752752753,0.579945114934,0.437917739848,2,1.32432432432,0.579945114934,2,0.0121701261701,0.00597269624573,7,0.000900900900901,0.621196581197,37,37,37,1,0,0.72972972973,0.243243243243,0.027027027027,37,0.145645645646,1.32432432432,10.4864864865,19.4,5.38888888889,7.37345698217,0.703138939021,0.32529952633,9.28979549292,1.77176511978,0.766787405963,2.85195260017,0.543929104157,0.285594873224,0.579945114934,0.437917739848,2,1.32432432432,0.579945114934,2,0.0107239385873,0.00532103582831,5,0.000643500643501,0.50303988604,37,37,37,1,0,0.72972972973,0.243243243243,0.027027027027,37,196,0.147147147147,1.32432432432,10.5945945946,19.6,5.44444444444,7.46644143804,0.704740645938,0.329012686156,9.31207359908,1.75789144472,0.764478764479,2.77753752715,0.524331063798,0.275785990072,0.579945114934,0.437917739848,2,1.32432432432,0.579945114934,2,0.0122976347324,0.00728155339806,7,0.000900900900901,0.507484330484,37,37,37,1,0,0.72972972973,0.243243243243,0.027027027027,-20,-0.015015015015,0,-1.08108108108,-2,-0.555555555556,-0.73265761156,0.00250299585601,0.0189526260955,-1.01726302992,-0.0114856630207,-0.000786500786501,-0.309293943556,-0.00443173442412,0.023033237319,0,0,0,0,0,0,0.000127508562291,0.00130885715232,0,0,-0.113712250712,0,0,0,196,0,20,1116,0.907407407407,1,0,0.0925925925926,1,0.907407407407,0.95145631068,0.944156726864,0.907407407407,0.907407407407,2,22,0,0,0,0
3879,WLNM_dir_neg,1,0.909090909091,00:00:03,10,90,31,1238804655,threshold_sweep,0.9,1,0.0909090909091,0.166666666667,2,0,20,44,0.0909090909091,1,0,0.909090909091,1,0.0909090909091,0.166666666667,0.69696969697,0.656565656566,0.117647058824,0.25,0.0909090909091,216,194,22,0,216,0,194,0,22,37,216,0.162162162162,1.32432432432,11.6756756757,21.6,6,8.1990990496,0.702237650082,0.31006006006,10.329336629,1.76937710775,0.765265265265,3.0868314707,0.528762798222,0.252752752753,0.579945114934,0.437917739848,2,1.32432432432,0.579945114934,2,0.0121701261701,0.00597269624573,7,0.000900900900901,0.621196581197,37,37,37,1,0,0.72972972973,0.243243243243,0.027027027027,37,0.145645645646,1.32432432432,10.4864864865,19.4,5.38888888889,7.37345698217,0.703138939021,0.32529952633,9.28979549292,1.77176511978,0.766787405963,2.85195260017,0.543929104157,0.285594873224,0.579945114934,0.437917739848,2,1.32432432432,0.579945114934,2,0.0107239385873,0.00532103582831,5,0.000643500643501,0.50303988604,37,37,37,1,0,0.72972972973,0.243243243243,0.027027027027,37,196,0.147147147147,1.32432432432,10.5945945946,19.6,5.44444444444,7.46644143804,0.704740645938,0.329012686156,9.31207359908,1.75789144472,0.764478764479,2.77753752715,0.524331063798,0.275785990072,0.579945114934,0.437917739848,2,1.32432432432,0.579945114934,2,0.0122976347324,0.00728155339806,7,0.000900900900901,0.507484330484,37,37,37,1,0,0.72972972973,0.243243243243,0.027027027027,-20,-0.015015015015,0,-1.08108108108,-2,-0.555555555556,-0.73265761156,0.00250299585601,0.0189526260955,-1.01726302992,-0.0114856630207,-0.000786500786501,-0.309293943556,-0.00443173442412,0.023033237319,0,0,0,0,0,0,0.000127508562291,0.00130885715232,0,0,-0.113712250712,0,0,0,196,0,20,1116,0.907407407407,1,0,0.0925925925926,1,0.907407407407,0.95145631068,0.944156726864,0.907407407407,0.907407407407,2,22,0,0,0,0
3880,WLNM_dir_neg,1,0.954545454545,00:00:03,10,90,32,1238804656,threshold_sweep,0.1,1,0.0454545454545,0.0869565217391,1,0,21,44,0.0454545454545,1,0,0.954545454545,1,0.0454545454545,0.0869565217391,0.681818181818,0.661616161616,0.0597014925373,0.175411603861,0.0454545454545,216,194,22,0,216,0,194,0,22,37,216,0.162162162162,1.32432432432,11.6756756757,21.6,6,8.1990990496,0.702237650082,0.31006006006,10.329336629,1.76937710775,0.765265265265,3.0868314707,0.528762798222,0.252752752753,0.579945114934,0.437917739848,2,1.32432432432,0.579945114934,2,0.0121701261701,0.00597269624573,7,0.000900900900901,0.621196581197,37,37,37,1,0,0.72972972973,0.243243243243,0.027027027027,37,0.145645645646,1.32432432432,10.4864864865,19.4,5.87878787879,7.41852643957,0.707436799649,0.328782390638,9.34346297153,1.78200066983,0.770130955698,2.98519872226,0.569342024349,0.298969072165,0.579945114934,0.437917739848,2,1.33333333333,0.585540043769,2,0.0148861573209,0.0063581773225,6,0.000772200772201,0.524296296296,37,36,36,0.972972972973,0,0.702702702703,0.189189189189,0.0810810810811,37,195,0.146396396396,1.32432432432,10.5405405405,19.5,5.73529411765,7.4520489151,0.706989256048,0.328343728344,9.34715835799,1.77356338075,0.768676368676,2.94060319444,0.557960606124,0.293277893278,0.579945114934,0.437917739848,2,1.33333333333,0.585540043769,2,0.0128453409944,0.00629370629371,6,0.000772200772201,0.522444444444,37,36,36,0.972972972973,0,0.702702702703,0.216216216216,0.0540540540541,-21,-0.0157657657658,0,-1.13513513514,-2.1,-0.264705882353,-0.747050134505,0.00475160596602,0.0182836682837,-0.982178271008,0.00418627300177,0.0034111034111,-0.146228276265,0.029197807902,0.0405251405251,0,0,0,0.00900900900901,0.00559492883467,0,0.000675214824283,0.000321010047973,-1,-0.0001287001287,-0.0987521367521,-0.027027027027,-0.027027027027,0.027027027027,195,0,21,1116,0.902777777778,1,0,0.0972222222222,1,0.902777777778,0.948905109489,0.941330856757,0.902777777778,0.902777777778,1,22,0,0,0,0
3881,WLNM_dir_neg,1,0.954545454545,00:00:03,10,90,32,1238804656,threshold_sweep,0.2,1,0.0454545454545,0.0869565217391,1,0,21,44,0.0454545454545,1,0,0.954545454545,1,0.0454545454545,0.0869565217391,0.681818181818,0.661616161616,0.0597014925373,0.175411603861,0.0454545454545,216,194,22,0,216,0,194,0,22,37,216,0.162162162162,1.32432432432,11.6756756757,21.6,6,8.1990990496,0.702237650082,0.31006006006,10.329336629,1.76937710775,0.765265265265,3.0868314707,0.528762798222,0.252752752753,0.579945114934,0.437917739848,2,1.32432432432,0.579945114934,2,0.0121701261701,0.00597269624573,7,0.000900900900901,0.621196581197,37,37,37,1,0,0.72972972973,0.243243243243,0.027027027027,37,0.145645645646,1.32432432432,10.4864864865,19.4,5.87878787879,7.41852643957,0.707436799649,0.328782390638,9.34346297153,1.78200066983,0.770130955698,2.98519872226,0.569342024349,0.298969072165,0.579945114934,0.437917739848,2,1.33333333333,0.585540043769,2,0.0148861573209,0.0063581773225,6,0.000772200772201,0.524296296296,37,36,36,0.972972972973,0,0.702702702703,0.189189189189,0.0810810810811,37,195,0.146396396396,1.32432432432,10.5405405405,19.5,5.73529411765,7.4520489151,0.706989256048,0.328343728344,9.34715835799,1.77356338075,0.768676368676,2.94060319444,0.557960606124,0.293277893278,0.579945114934,0.437917739848,2,1.33333333333,0.585540043769,2,0.0128453409944,0.00629370629371,6,0.000772200772201,0.522444444444,37,36,36,0.972972972973,0,0.702702702703,0.216216216216,0.0540540540541,-21,-0.0157657657658,0,-1.13513513514,-2.1,-0.264705882353,-0.747050134505,0.00475160596602,0.0182836682837,-0.982178271008,0.00418627300177,0.0034111034111,-0.146228276265,0.029197807902,0.0405251405251,0,0,0,0.00900900900901,0.00559492883467,0,0.000675214824283,0.000321010047973,-1,-0.0001287001287,-0.0987521367521,-0.027027027027,-0.027027027027,0.027027027027,195,0,21,1116,0.902777777778,1,0,0.0972222222222,1,0.902777777778,0.948905109489,0.941330856757,0.902777777778,0.902777777778,1,22,0,0,0,0
3882,WLNM_dir_neg,1,0.954545454545,00:00:03,10,90,32,1238804656,threshold_sweep,0.3,1,0.0454545454545,0.0869565217391,1,0,21,44,0.0454545454545,1,0,0.954545454545,1,0.0454545454545,0.0869565217391,0.681818181818,0.661616161616,0.0597014925373,0.175411603861,0.0454545454545,216,194,22,0,216,0,194,0,22,37,216,0.162162162162,1.32432432432,11.6756756757,21.6,6,8.1990990496,0.702237650082,0.31006006006,10.329336629,1.76937710775,0.765265265265,3.0868314707,0.528762798222,0.252752752753,0.579945114934,0.437917739848,2,1.32432432432,0.579945114934,2,0.0121701261701,0.00597269624573,7,0.000900900900901,0.621196581197,37,37,37,1,0,0.72972972973,0.243243243243,0.027027027027,37,0.145645645646,1.32432432432,10.4864864865,19.4,5.87878787879,7.41852643957,0.707436799649,0.328782390638,9.34346297153,1.78200066983,0.770130955698,2.98519872226,0.569342024349,0.298969072165,0.579945114934,0.437917739848,2,1.33333333333,0.585540043769,2,0.0148861573209,0.0063581773225,6,0.000772200772201,0.524296296296,37,36,36,0.972972972973,0,0.702702702703,0.189189189189,0.0810810810811,37,195,0.146396396396,1.32432432432,10.5405405405,19.5,5.73529411765,7.4520489151,0.706989256048,0.328343728344,9.34715835799,1.77356338075,0.768676368676,2.94060319444,0.557960606124,0.293277893278,0.579945114934,0.437917739848,2,1.33333333333,0.585540043769,2,0.0128453409944,0.00629370629371,6,0.000772200772201,0.522444444444,37,36,36,0.972972972973,0,0.702702702703,0.216216216216,0.0540540540541,-21,-0.0157657657658,0,-1.13513513514,-2.1,-0.264705882353,-0.747050134505,0.00475160596602,0.0182836682837,-0.982178271008,0.00418627300177,0.0034111034111,-0.146228276265,0.029197807902,0.0405251405251,0,0,0,0.00900900900901,0.00559492883467,0,0.000675214824283,0.000321010047973,-1,-0.0001287001287,-0.0987521367521,-0.027027027027,-0.027027027027,0.027027027027,195,0,21,1116,0.902777777778,1,0,0.0972222222222,1,0.902777777778,0.948905109489,0.941330856757,0.902777777778,0.902777777778,1,22,0,0,0,0
3883,WLNM_dir_neg,1,0.954545454545,00:00:03,10,90,32,1238804656,threshold_sweep,0.4,1,0.0454545454545,0.0869565217391,1,0,21,44,0.0454545454545,1,0,0.954545454545,1,0.0454545454545,0.0869565217391,0.681818181818,0.661616161616,0.0597014925373,0.175411603861,0.0454545454545,216,194,22,0,216,0,194,0,22,37,216,0.162162162162,1.32432432432,11.6756756757,21.6,6,8.1990990496,0.702237650082,0.31006006006,10.329336629,1.76937710775,0.765265265265,3.0868314707,0.528762798222,0.252752752753,0.579945114934,0.437917739848,2,1.32432432432,0.579945114934,2,0.0121701261701,0.00597269624573,7,0.000900900900901,0.621196581197,37,37,37,1,0,0.72972972973,0.243243243243,0.027027027027,37,0.145645645646,1.32432432432,10.4864864865,19.4,5.87878787879,7.41852643957,0.707436799649,0.328782390638,9.34346297153,1.78200066983,0.770130955698,2.98519872226,0.569342024349,0.298969072165,0.579945114934,0.437917739848,2,1.33333333333,0.585540043769,2,0.0148861573209,0.0063581773225,6,0.000772200772201,0.524296296296,37,36,36,0.972972972973,0,0.702702702703,0.189189189189,0.0810810810811,37,195,0.146396396396,1.32432432432,10.5405405405,19.5,5.73529411765,7.4520489151,0.706989256048,0.328343728344,9.34715835799,1.77356338075,0.768676368676,2.94060319444,0.557960606124,0.293277893278,0.579945114934,0.437917739848,2,1.33333333333,0.585540043769,2,0.0128453409944,0.00629370629371,6,0.000772200772201,0.522444444444,37,36,36,0.972972972973,0,0.702702702703,0.216216216216,0.0540540540541,-21,-0.0157657657658,0,-1.13513513514,-2.1,-0.264705882353,-0.747050134505,0.00475160596602,0.0182836682837,-0.982178271008,0.00418627300177,0.0034111034111,-0.146228276265,0.029197807902,0.0405251405251,0,0,0,0.00900900900901,0.00559492883467,0,0.000675214824283,0.000321010047973,-1,-0.0001287001287,-0.0987521367521,-0.027027027027,-0.027027027027,0.027027027027,195,0,21,1116,0.902777777778,1,0,0.0972222222222,1,0.902777777778,0.948905109489,0.941330856757,0.902777777778,0.902777777778,1,22,0,0,0,0
3884,WLNM_dir_neg,1,0.954545454545,00:00:03,10,90,32,1238804656,threshold_sweep,0.5,0,0,0,0,0,22,44,0,1,0,1,0,0,0,0.666666666667,0.666666666667,0,0,0,216,194,22,0,216,0,194,0,22,37,216,0.162162162162,1.32432432432,11.6756756757,21.6,6,8.1990990496,0.702237650082,0.31006006006,10.329336629,1.76937710775,0.765265265265,3.0868314707,0.528762798222,0.252752752753,0.579945114934,0.437917739848,2,1.32432432432,0.579945114934,2,0.0121701261701,0.00597269624573,7,0.000900900900901,0.621196581197,37,37,37,1,0,0.72972972973,0.243243243243,0.027027027027,37,0.145645645646,1.32432432432,10.4864864865,19.4,5.87878787879,7.41852643957,0.707436799649,0.328782390638,9.34346297153,1.78200066983,0.770130955698,2.98519872226,0.569342024349,0.298969072165,0.579945114934,0.437917739848,2,1.33333333333,0.585540043769,2,0.0148861573209,0.0063581773225,6,0.000772200772201,0.524296296296,37,36,36,0.972972972973,0,0.702702702703,0.189189189189,0.0810810810811,37,194,0.145645645646,1.32432432432,10.4864864865,19.4,5.87878787879,7.41852643957,0.707436799649,0.328782390638,9.34346297153,1.78200066983,0.770130955698,2.98519872226,0.569342024349,0.298969072165,0.579945114934,0.437917739848,2,1.33333333333,0.585540043769,2,0.0148861573209,0.0063581773225,6,0.000772200772201,0.524296296296,37,36,36,0.972972972973,0,0.702702702703,0.189189189189,0.0810810810811,-22,-0.0165165165165,0,-1.18918918919,-2.2,-0.121212121212,-0.780572610039,0.00519914956744,0.018722330578,-0.985873657472,0.012623562082,0.0048656904327,-0.101632748439,0.040579226127,0.0462163194122,0,0,0,0.00900900900901,0.00559492883467,0,0.00271603115081,0.000385481076767,-1,-0.0001287001287,-0.0969002849003,-0.027027027027,-0.0540540540541,0.0540540540541,194,0,22,1116,0.898148148148,1,0,0.101851851852,1,0.898148148148,0.946341463415,0.938501466663,0.898148148148,0.898148148148,0,22,0,0,0,0
3885,WLNM_dir_neg,1,0.954545454545,00:00:03,10,90,32,1238804656,threshold_sweep,0.6,0,0,0,0,0,22,44,0,1,0,1,0,0,0,0.666666666667,0.666666666667,0,0,0,216,194,22,0,216,0,194,0,22,37,216,0.162162162162,1.32432432432,11.6756756757,21.6,6,8.1990990496,0.702237650082,0.31006006006,10.329336629,1.76937710775,0.765265265265,3.0868314707,0.528762798222,0.252752752753,0.579945114934,0.437917739848,2,1.32432432432,0.579945114934,2,0.0121701261701,0.00597269624573,7,0.000900900900901,0.621196581197,37,37,37,1,0,0.72972972973,0.243243243243,0.027027027027,37,0.145645645646,1.32432432432,10.4864864865,19.4,5.87878787879,7.41852643957,0.707436799649,0.328782390638,9.34346297153,1.78200066983,0.770130955698,2.98519872226,0.569342024349,0.298969072165,0.579945114934,0.437917739848,2,1.33333333333,0.585540043769,2,0.0148861573209,0.0063581773225,6,0.000772200772201,0.524296296296,37,36,36,0.972972972973,0,0.702702702703,0.189189189189,0.0810810810811,37,194,0.145645645646,1.32432432432,10.4864864865,19.4,5.87878787879,7.41852643957,0.707436799649,0.328782390638,9.34346297153,1.78200066983,0.770130955698,2.98519872226,0.569342024349,0.298969072165,0.579945114934,0.437917739848,2,1.33333333333,0.585540043769,2,0.0148861573209,0.0063581773225,6,0.000772200772201,0.524296296296,37,36,36,0.972972972973,0,0.702702702703,0.189189189189,0.0810810810811,-22,-0.0165165165165,0,-1.18918918919,-2.2,-0.121212121212,-0.780572610039,0.00519914956744,0.018722330578,-0.985873657472,0.012623562082,0.0048656904327,-0.101632748439,0.040579226127,0.0462163194122,0,0,0,0.00900900900901,0.00559492883467,0,0.00271603115081,0.000385481076767,-1,-0.0001287001287,-0.0969002849003,-0.027027027027,-0.0540540540541,0.0540540540541,194,0,22,1116,0.898148148148,1,0,0.101851851852,1,0.898148148148,0.946341463415,0.938501466663,0.898148148148,0.898148148148,0,22,0,0,0,0
3886,WLNM_dir_neg,1,0.954545454545,00:00:03,10,90,32,1238804656,threshold_sweep,0.7,0,0,0,0,0,22,44,0,1,0,1,0,0,0,0.666666666667,0.666666666667,0,0,0,216,194,22,0,216,0,194,0,22,37,216,0.162162162162,1.32432432432,11.6756756757,21.6,6,8.1990990496,0.702237650082,0.31006006006,10.329336629,1.76937710775,0.765265265265,3.0868314707,0.528762798222,0.252752752753,0.579945114934,0.437917739848,2,1.32432432432,0.579945114934,2,0.0121701261701,0.00597269624573,7,0.000900900900901,0.621196581197,37,37,37,1,0,0.72972972973,0.243243243243,0.027027027027,37,0.145645645646,1.32432432432,10.4864864865,19.4,5.87878787879,7.41852643957,0.707436799649,0.328782390638,9.34346297153,1.78200066983,0.770130955698,2.98519872226,0.569342024349,0.298969072165,0.579945114934,0.437917739848,2,1.33333333333,0.585540043769,2,0.0148861573209,0.0063581773225,6,0.000772200772201,0.524296296296,37,36,36,0.972972972973,0,0.702702702703,0.189189189189,0.0810810810811,37,194,0.145645645646,1.32432432432,10.4864864865,19.4,5.87878787879,7.41852643957,0.707436799649,0.328782390638,9.34346297153,1.78200066983,0.770130955698,2.98519872226,0.569342024349,0.298969072165,0.579945114934,0.437917739848,2,1.33333333333,0.585540043769,2,0.0148861573209,0.0063581773225,6,0.000772200772201,0.524296296296,37,36,36,0.972972972973,0,0.702702702703,0.189189189189,0.0810810810811,-22,-0.0165165165165,0,-1.18918918919,-2.2,-0.121212121212,-0.780572610039,0.00519914956744,0.018722330578,-0.985873657472,0.012623562082,0.0048656904327,-0.101632748439,0.040579226127,0.0462163194122,0,0,0,0.00900900900901,0.00559492883467,0,0.00271603115081,0.000385481076767,-1,-0.0001287001287,-0.0969002849003,-0.027027027027,-0.0540540540541,0.0540540540541,194,0,22,1116,0.898148148148,1,0,0.101851851852,1,0.898148148148,0.946341463415,0.938501466663,0.898148148148,0.898148148148,0,22,0,0,0,0
3887,WLNM_dir_neg,1,0.954545454545,00:00:03,10,90,32,1238804656,threshold_sweep,0.8,0,0,0,0,0,22,44,0,1,0,1,0,0,0,0.666666666667,0.666666666667,0,0,0,216,194,22,0,216,0,194,0,22,37,216,0.162162162162,1.32432432432,11.6756756757,21.6,6,8.1990990496,0.702237650082,0.31006006006,10.329336629,1.76937710775,0.765265265265,3.0868314707,0.528762798222,0.252752752753,0.579945114934,0.437917739848,2,1.32432432432,0.579945114934,2,0.0121701261701,0.00597269624573,7,0.000900900900901,0.621196581197,37,37,37,1,0,0.72972972973,0.243243243243,0.027027027027,37,0.145645645646,1.32432432432,10.4864864865,19.4,5.87878787879,7.41852643957,0.707436799649,0.328782390638,9.34346297153,1.78200066983,0.770130955698,2.98519872226,0.569342024349,0.298969072165,0.579945114934,0.437917739848,2,1.33333333333,0.585540043769,2,0.0148861573209,0.0063581773225,6,0.000772200772201,0.524296296296,37,36,36,0.972972972973,0,0.702702702703,0.189189189189,0.0810810810811,37,194,0.145645645646,1.32432432432,10.4864864865,19.4,5.87878787879,7.41852643957,0.707436799649,0.328782390638,9.34346297153,1.78200066983,0.770130955698,2.98519872226,0.569342024349,0.298969072165,0.579945114934,0.437917739848,2,1.33333333333,0.585540043769,2,0.0148861573209,0.0063581773225,6,0.000772200772201,0.524296296296,37,36,36,0.972972972973,0,0.702702702703,0.189189189189,0.0810810810811,-22,-0.0165165165165,0,-1.18918918919,-2.2,-0.121212121212,-0.780572610039,0.00519914956744,0.018722330578,-0.985873657472,0.012623562082,0.0048656904327,-0.101632748439,0.040579226127,0.0462163194122,0,0,0,0.00900900900901,0.00559492883467,0,0.00271603115081,0.000385481076767,-1,-0.0001287001287,-0.0969002849003,-0.027027027027,-0.0540540540541,0.0540540540541,194,0,22,1116,0.898148148148,1,0,0.101851851852,1,0.898148148148,0.946341463415,0.938501466663,0.898148148148,0.898148148148,0,22,0,0,0,0
3888,WLNM_dir_neg,1,0.954545454545,00:00:03,10,90,32,1238804656,threshold_sweep,0.9,0,0,0,0,0,22,44,0,1,0,1,0,0,0,0.666666666667,0.666666666667,0,0,0,216,194,22,0,216,0,194,0,22,37,216,0.162162162162,1.32432432432,11.6756756757,21.6,6,8.1990990496,0.702237650082,0.31006006006,10.329336629,1.76937710775,0.765265265265,3.0868314707,0.528762798222,0.252752752753,0.579945114934,0.437917739848,2,1.32432432432,0.579945114934,2,0.0121701261701,0.00597269624573,7,0.000900900900901,0.621196581197,37,37,37,1,0,0.72972972973,0.243243243243,0.027027027027,37,0.145645645646,1.32432432432,10.4864864865,19.4,5.87878787879,7.41852643957,0.707436799649,0.328782390638,9.34346297153,1.78200066983,0.770130955698,2.98519872226,0.569342024349,0.298969072165,0.579945114934,0.437917739848,2,1.33333333333,0.585540043769,2,0.0148861573209,0.0063581773225,6,0.000772200772201,0.524296296296,37,36,36,0.972972972973,0,0.702702702703,0.189189189189,0.0810810810811,37,194,0.145645645646,1.32432432432,10.4864864865,19.4,5.87878787879,7.41852643957,0.707436799649,0.328782390638,9.34346297153,1.78200066983,0.770130955698,2.98519872226,0.569342024349,0.298969072165,0.579945114934,0.437917739848,2,1.33333333333,0.585540043769,2,0.0148861573209,0.0063581773225,6,0.000772200772201,0.524296296296,37,36,36,0.972972972973,0,0.702702702703,0.189189189189,0.0810810810811,-22,-0.0165165165165,0,-1.18918918919,-2.2,-0.121212121212,-0.780572610039,0.00519914956744,0.018722330578,-0.985873657472,0.012623562082,0.0048656904327,-0.101632748439,0.040579226127,0.0462163194122,0,0,0,0.00900900900901,0.00559492883467,0,0.00271603115081,0.000385481076767,-1,-0.0001287001287,-0.0969002849003,-0.027027027027,-0.0540540540541,0.0540540540541,194,0,22,1116,0.898148148148,1,0,0.101851851852,1,0.898148148148,0.946341463415,0.938501466663,0.898148148148,0.898148148148,0,22,0,0,0,0
3889,WLNM_dir_neg,0.989152892562,0.933794466403,00:00:03,10,90,33,1238804657,threshold_sweep,0.1,1,0.0454545454545,0.0869565217391,1,0,21,44,0.0454545454545,1,0,0.954545454545,1,0.0454545454545,0.0869565217391,0.681818181818,0.661616161616,0.0597014925373,0.175411603861,0.0454545454545,216,194,22,0,216,0,194,0,22,37,216,0.162162162162,1.32432432432,11.6756756757,21.6,6,8.1990990496,0.702237650082,0.31006006006,10.329336629,1.76937710775,0.765265265265,3.0868314707,0.528762798222,0.252752752753,0.579945114934,0.437917739848,2,1.32432432432,0.579945114934,2,0.0121701261701,0.00597269624573,7,0.000900900900901,0.621196581197,37,37,37,1,0,0.72972972973,0.243243243243,0.027027027027,37,0.145645645646,1.32432432432,10.4864864865,19.4,5.38888888889,7.39602604114,0.705291143098,0.326274728337,9.26884088823,1.76776862301,0.769295068264,2.77293872799,0.528859448122,0.274728336584,0.579945114934,0.437917739848,2,1.32432432432,0.579945114934,2,0.0115152466581,0.00637168141593,6,0.000772200772201,0.495908831909,37,37,37,1,0,0.72972972973,0.243243243243,0.027027027027,37,195,0.146396396396,1.32432432432,10.5405405405,19.5,5.41666666667,7.44832044675,0.706635529563,0.328343728344,9.28154874723,1.76111437768,0.768121968122,2.73504670536,0.518957579991,0.269715869716,0.579945114934,0.437917739848,2,1.32432432432,0.579945114934,2,0.0123061065918,0.00734522560336,7,0.000900900900901,0.498131054131,37,37,37,1,0,0.72972972973,0.243243243243,0.027027027027,-21,-0.0157657657658,0,-1.13513513514,-2.1,-0.583333333333,-0.750778602854,0.00439787948162,0.0182836682837,-1.04778788177,-0.00826273006639,0.0028567028567,-0.351784765348,-0.00980521823176,0.0169631169631,0,0,0,0,0,0,0.000135980421695,0.00137252935762,0,0,-0.123065527066,0,0,0,195,0,21,1116,0.902777777778,1,0,0.0972222222222,1,0.902777777778,0.948905109489,0.941330856757,0.902777777778,0.902777777778,1,22,0,0,0,0
3890,WLNM_dir_neg,0.989152892562,0.933794466403,00:00:03,10,90,33,1238804657,threshold_sweep,0.2,1,0.0454545454545,0.0869565217391,1,0,21,44,0.0454545454545,1,0,0.954545454545,1,0.0454545454545,0.0869565217391,0.681818181818,0.661616161616,0.0597014925373,0.175411603861,0.0454545454545,216,194,22,0,216,0,194,0,22,37,216,0.162162162162,1.32432432432,11.6756756757,21.6,6,8.1990990496,0.702237650082,0.31006006006,10.329336629,1.76937710775,0.765265265265,3.0868314707,0.528762798222,0.252752752753,0.579945114934,0.437917739848,2,1.32432432432,0.579945114934,2,0.0121701261701,0.00597269624573,7,0.000900900900901,0.621196581197,37,37,37,1,0,0.72972972973,0.243243243243,0.027027027027,37,0.145645645646,1.32432432432,10.4864864865,19.4,5.38888888889,7.39602604114,0.705291143098,0.326274728337,9.26884088823,1.76776862301,0.769295068264,2.77293872799,0.528859448122,0.274728336584,0.579945114934,0.437917739848,2,1.32432432432,0.579945114934,2,0.0115152466581,0.00637168141593,6,0.000772200772201,0.495908831909,37,37,37,1,0,0.72972972973,0.243243243243,0.027027027027,37,195,0.146396396396,1.32432432432,10.5405405405,19.5,5.41666666667,7.44832044675,0.706635529563,0.328343728344,9.28154874723,1.76111437768,0.768121968122,2.73504670536,0.518957579991,0.269715869716,0.579945114934,0.437917739848,2,1.32432432432,0.579945114934,2,0.0123061065918,0.00734522560336,7,0.000900900900901,0.498131054131,37,37,37,1,0,0.72972972973,0.243243243243,0.027027027027,-21,-0.0157657657658,0,-1.13513513514,-2.1,-0.583333333333,-0.750778602854,0.00439787948162,0.0182836682837,-1.04778788177,-0.00826273006639,0.0028567028567,-0.351784765348,-0.00980521823176,0.0169631169631,0,0,0,0,0,0,0.000135980421695,0.00137252935762,0,0,-0.123065527066,0,0,0,195,0,21,1116,0.902777777778,1,0,0.0972222222222,1,0.902777777778,0.948905109489,0.941330856757,0.902777777778,0.902777777778,1,22,0,0,0,0
3891,WLNM_dir_neg,0.989152892562,0.933794466403,00:00:03,10,90,33,1238804657,threshold_sweep,0.3,1,0.0454545454545,0.0869565217391,1,0,21,44,0.0454545454545,1,0,0.954545454545,1,0.0454545454545,0.0869565217391,0.681818181818,0.661616161616,0.0597014925373,0.175411603861,0.0454545454545,216,194,22,0,216,0,194,0,22,37,216,0.162162162162,1.32432432432,11.6756756757,21.6,6,8.1990990496,0.702237650082,0.31006006006,10.329336629,1.76937710775,0.765265265265,3.0868314707,0.528762798222,0.252752752753,0.579945114934,0.437917739848,2,1.32432432432,0.579945114934,2,0.0121701261701,0.00597269624573,7,0.000900900900901,0.621196581197,37,37,37,1,0,0.72972972973,0.243243243243,0.027027027027,37,0.145645645646,1.32432432432,10.4864864865,19.4,5.38888888889,7.39602604114,0.705291143098,0.326274728337,9.26884088823,1.76776862301,0.769295068264,2.77293872799,0.528859448122,0.274728336584,0.579945114934,0.437917739848,2,1.32432432432,0.579945114934,2,0.0115152466581,0.00637168141593,6,0.000772200772201,0.495908831909,37,37,37,1,0,0.72972972973,0.243243243243,0.027027027027,37,195,0.146396396396,1.32432432432,10.5405405405,19.5,5.41666666667,7.44832044675,0.706635529563,0.328343728344,9.28154874723,1.76111437768,0.768121968122,2.73504670536,0.518957579991,0.269715869716,0.579945114934,0.437917739848,2,1.32432432432,0.579945114934,2,0.0123061065918,0.00734522560336,7,0.000900900900901,0.498131054131,37,37,37,1,0,0.72972972973,0.243243243243,0.027027027027,-21,-0.0157657657658,0,-1.13513513514,-2.1,-0.583333333333,-0.750778602854,0.00439787948162,0.0182836682837,-1.04778788177,-0.00826273006639,0.0028567028567,-0.351784765348,-0.00980521823176,0.0169631169631,0,0,0,0,0,0,0.000135980421695,0.00137252935762,0,0,-0.123065527066,0,0,0,195,0,21,1116,0.902777777778,1,0,0.0972222222222,1,0.902777777778,0.948905109489,0.941330856757,0.902777777778,0.902777777778,1,22,0,0,0,0
3892,WLNM_dir_neg,0.989152892562,0.933794466403,00:00:03,10,90,33,1238804657,threshold_sweep,0.4,1,0.0454545454545,0.0869565217391,1,0,21,44,0.0454545454545,1,0,0.954545454545,1,0.0454545454545,0.0869565217391,0.681818181818,0.661616161616,0.0597014925373,0.175411603861,0.0454545454545,216,194,22,0,216,0,194,0,22,37,216,0.162162162162,1.32432432432,11.6756756757,21.6,6,8.1990990496,0.702237650082,0.31006006006,10.329336629,1.76937710775,0.765265265265,3.0868314707,0.528762798222,0.252752752753,0.579945114934,0.437917739848,2,1.32432432432,0.579945114934,2,0.0121701261701,0.00597269624573,7,0.000900900900901,0.621196581197,37,37,37,1,0,0.72972972973,0.243243243243,0.027027027027,37,0.145645645646,1.32432432432,10.4864864865,19.4,5.38888888889,7.39602604114,0.705291143098,0.326274728337,9.26884088823,1.76776862301,0.769295068264,2.77293872799,0.528859448122,0.274728336584,0.579945114934,0.437917739848,2,1.32432432432,0.579945114934,2,0.0115152466581,0.00637168141593,6,0.000772200772201,0.495908831909,37,37,37,1,0,0.72972972973,0.243243243243,0.027027027027,37,195,0.146396396396,1.32432432432,10.5405405405,19.5,5.41666666667,7.44832044675,0.706635529563,0.328343728344,9.28154874723,1.76111437768,0.768121968122,2.73504670536,0.518957579991,0.269715869716,0.579945114934,0.437917739848,2,1.32432432432,0.579945114934,2,0.0123061065918,0.00734522560336,7,0.000900900900901,0.498131054131,37,37,37,1,0,0.72972972973,0.243243243243,0.027027027027,-21,-0.0157657657658,0,-1.13513513514,-2.1,-0.583333333333,-0.750778602854,0.00439787948162,0.0182836682837,-1.04778788177,-0.00826273006639,0.0028567028567,-0.351784765348,-0.00980521823176,0.0169631169631,0,0,0,0,0,0,0.000135980421695,0.00137252935762,0,0,-0.123065527066,0,0,0,195,0,21,1116,0.902777777778,1,0,0.0972222222222,1,0.902777777778,0.948905109489,0.941330856757,0.902777777778,0.902777777778,1,22,0,0,0,0
3893,WLNM_dir_neg,0.989152892562,0.933794466403,00:00:03,10,90,33,1238804657,threshold_sweep,0.5,1,0.0454545454545,0.0869565217391,1,0,21,44,0.0454545454545,1,0,0.954545454545,1,0.0454545454545,0.0869565217391,0.681818181818,0.661616161616,0.0597014925373,0.175411603861,0.0454545454545,216,194,22,0,216,0,194,0,22,37,216,0.162162162162,1.32432432432,11.6756756757,21.6,6,8.1990990496,0.702237650082,0.31006006006,10.329336629,1.76937710775,0.765265265265,3.0868314707,0.528762798222,0.252752752753,0.579945114934,0.437917739848,2,1.32432432432,0.579945114934,2,0.0121701261701,0.00597269624573,7,0.000900900900901,0.621196581197,37,37,37,1,0,0.72972972973,0.243243243243,0.027027027027,37,0.145645645646,1.32432432432,10.4864864865,19.4,5.38888888889,7.39602604114,0.705291143098,0.326274728337,9.26884088823,1.76776862301,0.769295068264,2.77293872799,0.528859448122,0.274728336584,0.579945114934,0.437917739848,2,1.32432432432,0.579945114934,2,0.0115152466581,0.00637168141593,6,0.000772200772201,0.495908831909,37,37,37,1,0,0.72972972973,0.243243243243,0.027027027027,37,195,0.146396396396,1.32432432432,10.5405405405,19.5,5.41666666667,7.44832044675,0.706635529563,0.328343728344,9.28154874723,1.76111437768,0.768121968122,2.73504670536,0.518957579991,0.269715869716,0.579945114934,0.437917739848,2,1.32432432432,0.579945114934,2,0.0123061065918,0.00734522560336,7,0.000900900900901,0.498131054131,37,37,37,1,0,0.72972972973,0.243243243243,0.027027027027,-21,-0.0157657657658,0,-1.13513513514,-2.1,-0.583333333333,-0.750778602854,0.00439787948162,0.0182836682837,-1.04778788177,-0.00826273006639,0.0028567028567,-0.351784765348,-0.00980521823176,0.0169631169631,0,0,0,0,0,0,0.000135980421695,0.00137252935762,0,0,-0.123065527066,0,0,0,195,0,21,1116,0.902777777778,1,0,0.0972222222222,1,0.902777777778,0.948905109489,0.941330856757,0.902777777778,0.902777777778,1,22,0,0,0,0
3894,WLNM_dir_neg,0.989152892562,0.933794466403,00:00:03,10,90,33,1238804657,threshold_sweep,0.6,1,0.0454545454545,0.0869565217391,1,0,21,44,0.0454545454545,1,0,0.954545454545,1,0.0454545454545,0.0869565217391,0.681818181818,0.661616161616,0.0597014925373,0.175411603861,0.0454545454545,216,194,22,0,216,0,194,0,22,37,216,0.162162162162,1.32432432432,11.6756756757,21.6,6,8.1990990496,0.702237650082,0.31006006006,10.329336629,1.76937710775,0.765265265265,3.0868314707,0.528762798222,0.252752752753,0.579945114934,0.437917739848,2,1.32432432432,0.579945114934,2,0.0121701261701,0.00597269624573,7,0.000900900900901,0.621196581197,37,37,37,1,0,0.72972972973,0.243243243243,0.027027027027,37,0.145645645646,1.32432432432,10.4864864865,19.4,5.38888888889,7.39602604114,0.705291143098,0.326274728337,9.26884088823,1.76776862301,0.769295068264,2.77293872799,0.528859448122,0.274728336584,0.579945114934,0.437917739848,2,1.32432432432,0.579945114934,2,0.0115152466581,0.00637168141593,6,0.000772200772201,0.495908831909,37,37,37,1,0,0.72972972973,0.243243243243,0.027027027027,37,195,0.146396396396,1.32432432432,10.5405405405,19.5,5.41666666667,7.44832044675,0.706635529563,0.328343728344,9.28154874723,1.76111437768,0.768121968122,2.73504670536,0.518957579991,0.269715869716,0.579945114934,0.437917739848,2,1.32432432432,0.579945114934,2,0.0123061065918,0.00734522560336,7,0.000900900900901,0.498131054131,37,37,37,1,0,0.72972972973,0.243243243243,0.027027027027,-21,-0.0157657657658,0,-1.13513513514,-2.1,-0.583333333333,-0.750778602854,0.00439787948162,0.0182836682837,-1.04778788177,-0.00826273006639,0.0028567028567,-0.351784765348,-0.00980521823176,0.0169631169631,0,0,0,0,0,0,0.000135980421695,0.00137252935762,0,0,-0.123065527066,0,0,0,195,0,21,1116,0.902777777778,1,0,0.0972222222222,1,0.902777777778,0.948905109489,0.941330856757,0.902777777778,0.902777777778,1,22,0,0,0,0
3895,WLNM_dir_neg,0.989152892562,0.933794466403,00:00:03,10,90,33,1238804657,threshold_sweep,0.7,1,0.0454545454545,0.0869565217391,1,0,21,44,0.0454545454545,1,0,0.954545454545,1,0.0454545454545,0.0869565217391,0.681818181818,0.661616161616,0.0597014925373,0.175411603861,0.0454545454545,216,194,22,0,216,0,194,0,22,37,216,0.162162162162,1.32432432432,11.6756756757,21.6,6,8.1990990496,0.702237650082,0.31006006006,10.329336629,1.76937710775,0.765265265265,3.0868314707,0.528762798222,0.252752752753,0.579945114934,0.437917739848,2,1.32432432432,0.579945114934,2,0.0121701261701,0.00597269624573,7,0.000900900900901,0.621196581197,37,37,37,1,0,0.72972972973,0.243243243243,0.027027027027,37,0.145645645646,1.32432432432,10.4864864865,19.4,5.38888888889,7.39602604114,0.705291143098,0.326274728337,9.26884088823,1.76776862301,0.769295068264,2.77293872799,0.528859448122,0.274728336584,0.579945114934,0.437917739848,2,1.32432432432,0.579945114934,2,0.0115152466581,0.00637168141593,6,0.000772200772201,0.495908831909,37,37,37,1,0,0.72972972973,0.243243243243,0.027027027027,37,195,0.146396396396,1.32432432432,10.5405405405,19.5,5.41666666667,7.44832044675,0.706635529563,0.328343728344,9.28154874723,1.76111437768,0.768121968122,2.73504670536,0.518957579991,0.269715869716,0.579945114934,0.437917739848,2,1.32432432432,0.579945114934,2,0.0123061065918,0.00734522560336,7,0.000900900900901,0.498131054131,37,37,37,1,0,0.72972972973,0.243243243243,0.027027027027,-21,-0.0157657657658,0,-1.13513513514,-2.1,-0.583333333333,-0.750778602854,0.00439787948162,0.0182836682837,-1.04778788177,-0.00826273006639,0.0028567028567,-0.351784765348,-0.00980521823176,0.0169631169631,0,0,0,0,0,0,0.000135980421695,0.00137252935762,0,0,-0.123065527066,0,0,0,195,0,21,1116,0.902777777778,1,0,0.0972222222222,1,0.902777777778,0.948905109489,0.941330856757,0.902777777778,0.902777777778,1,22,0,0,0,0
3896,WLNM_dir_neg,0.989152892562,0.933794466403,00:00:03,10,90,33,1238804657,threshold_sweep,0.8,1,0.0454545454545,0.0869565217391,1,0,21,44,0.0454545454545,1,0,0.954545454545,1,0.0454545454545,0.0869565217391,0.681818181818,0.661616161616,0.0597014925373,0.175411603861,0.0454545454545,216,194,22,0,216,0,194,0,22,37,216,0.162162162162,1.32432432432,11.6756756757,21.6,6,8.1990990496,0.702237650082,0.31006006006,10.329336629,1.76937710775,0.765265265265,3.0868314707,0.528762798222,0.252752752753,0.579945114934,0.437917739848,2,1.32432432432,0.579945114934,2,0.0121701261701,0.00597269624573,7,0.000900900900901,0.621196581197,37,37,37,1,0,0.72972972973,0.243243243243,0.027027027027,37,0.145645645646,1.32432432432,10.4864864865,19.4,5.38888888889,7.39602604114,0.705291143098,0.326274728337,9.26884088823,1.76776862301,0.769295068264,2.77293872799,0.528859448122,0.274728336584,0.579945114934,0.437917739848,2,1.32432432432,0.579945114934,2,0.0115152466581,0.00637168141593,6,0.000772200772201,0.495908831909,37,37,37,1,0,0.72972972973,0.243243243243,0.027027027027,37,195,0.146396396396,1.32432432432,10.5405405405,19.5,5.41666666667,7.44832044675,0.706635529563,0.328343728344,9.28154874723,1.76111437768,0.768121968122,2.73504670536,0.518957579991,0.269715869716,0.579945114934,0.437917739848,2,1.32432432432,0.579945114934,2,0.0123061065918,0.00734522560336,7,0.000900900900901,0.498131054131,37,37,37,1,0,0.72972972973,0.243243243243,0.027027027027,-21,-0.0157657657658,0,-1.13513513514,-2.1,-0.583333333333,-0.750778602854,0.00439787948162,0.0182836682837,-1.04778788177,-0.00826273006639,0.0028567028567,-0.351784765348,-0.00980521823176,0.0169631169631,0,0,0,0,0,0,0.000135980421695,0.00137252935762,0,0,-0.123065527066,0,0,0,195,0,21,1116,0.902777777778,1,0,0.0972222222222,1,0.902777777778,0.948905109489,0.941330856757,0.902777777778,0.902777777778,1,22,0,0,0,0
3897,WLNM_dir_neg,0.989152892562,0.933794466403,00:00:03,10,90,33,1238804657,threshold_sweep,0.9,1,0.0454545454545,0.0869565217391,1,0,21,44,0.0454545454545,1,0,0.954545454545,1,0.0454545454545,0.0869565217391,0.681818181818,0.661616161616,0.0597014925373,0.175411603861,0.0454545454545,216,194,22,0,216,0,194,0,22,37,216,0.162162162162,1.32432432432,11.6756756757,21.6,6,8.1990990496,0.702237650082,0.31006006006,10.329336629,1.76937710775,0.765265265265,3.0868314707,0.528762798222,0.252752752753,0.579945114934,0.437917739848,2,1.32432432432,0.579945114934,2,0.0121701261701,0.00597269624573,7,0.000900900900901,0.621196581197,37,37,37,1,0,0.72972972973,0.243243243243,0.027027027027,37,0.145645645646,1.32432432432,10.4864864865,19.4,5.38888888889,7.39602604114,0.705291143098,0.326274728337,9.26884088823,1.76776862301,0.769295068264,2.77293872799,0.528859448122,0.274728336584,0.579945114934,0.437917739848,2,1.32432432432,0.579945114934,2,0.0115152466581,0.00637168141593,6,0.000772200772201,0.495908831909,37,37,37,1,0,0.72972972973,0.243243243243,0.027027027027,37,195,0.146396396396,1.32432432432,10.5405405405,19.5,5.41666666667,7.44832044675,0.706635529563,0.328343728344,9.28154874723,1.76111437768,0.768121968122,2.73504670536,0.518957579991,0.269715869716,0.579945114934,0.437917739848,2,1.32432432432,0.579945114934,2,0.0123061065918,0.00734522560336,7,0.000900900900901,0.498131054131,37,37,37,1,0,0.72972972973,0.243243243243,0.027027027027,-21,-0.0157657657658,0,-1.13513513514,-2.1,-0.583333333333,-0.750778602854,0.00439787948162,0.0182836682837,-1.04778788177,-0.00826273006639,0.0028567028567,-0.351784765348,-0.00980521823176,0.0169631169631,0,0,0,0,0,0,0.000135980421695,0.00137252935762,0,0,-0.123065527066,0,0,0,195,0,21,1116,0.902777777778,1,0,0.0972222222222,1,0.902777777778,0.948905109489,0.941330856757,0.902777777778,0.902777777778,1,22,0,0,0,0
3898,WLNM_dir_neg,0.989152892562,0.932896155228,00:00:03,10,90,34,1238804658,threshold_sweep,0.1,1,0.0909090909091,0.166666666667,2,0,20,44,0.0909090909091,1,0,0.909090909091,1,0.0909090909091,0.166666666667,0.69696969697,0.656565656566,0.117647058824,0.25,0.0909090909091,216,194,22,0,216,0,194,0,22,37,216,0.162162162162,1.32432432432,11.6756756757,21.6,6,8.1990990496,0.702237650082,0.31006006006,10.329336629,1.76937710775,0.765265265265,3.0868314707,0.528762798222,0.252752752753,0.579945114934,0.437917739848,2,1.32432432432,0.579945114934,2,0.0121701261701,0.00597269624573,7,0.000900900900901,0.621196581197,37,37,37,1,0,0.72972972973,0.243243243243,0.027027027027,37,0.145645645646,1.32432432432,10.4864864865,19.4,5.54285714286,7.39226931636,0.704932898725,0.32529952633,9.35237761037,1.78370088445,0.771524101421,2.90980531427,0.554962869217,0.289774310393,0.579945114934,0.437917739848,2,1.32432432432,0.579945114934,2,0.0124078819731,0.00531161473088,5,0.000643500643501,0.508602089269,37,37,37,1,0,0.72972972973,0.216216216216,0.0540540540541,37,196,0.147147147147,1.32432432432,10.5945945946,19.6,5.44444444444,7.46644143804,0.704740645938,0.32694429123,9.36561341903,1.76799845155,0.76889134032,2.82709966087,0.533687180879,0.278819635962,0.579945114934,0.437917739848,2,1.32432432432,0.579945114934,2,0.0115111596478,0.00624133148405,6,0.000772200772201,0.50958974359,37,37,37,1,0,0.72972972973,0.243243243243,0.027027027027,-20,-0.015015015015,0,-1.08108108108,-2,-0.555555555556,-0.73265761156,0.00250299585601,0.0168842311699,-0.96372320997,-0.00137865619374,0.00362607505465,-0.259731809834,0.00492438265612,0.0260668832097,0,0,0,0,0,0,-0.000658966522321,0.000268635238316,-1,-0.0001287001287,-0.111606837607,0,0,0,196,0,20,1116,0.907407407407,1,0,0.0925925925926,1,0.907407407407,0.95145631068,0.944156726864,0.907407407407,0.907407407407,2,22,0,0,0,0
3899,WLNM_dir_neg,0.989152892562,0.932896155228,00:00:03,10,90,34,1238804658,threshold_sweep,0.2,1,0.0909090909091,0.166666666667,2,0,20,44,0.0909090909091,1,0,0.909090909091,1,0.0909090909091,0.166666666667,0.69696969697,0.656565656566,0.117647058824,0.25,0.0909090909091,216,194,22,0,216,0,194,0,22,37,216,0.162162162162,1.32432432432,11.6756756757,21.6,6,8.1990990496,0.702237650082,0.31006006006,10.329336629,1.76937710775,0.765265265265,3.0868314707,0.528762798222,0.252752752753,0.579945114934,0.437917739848,2,1.32432432432,0.579945114934,2,0.0121701261701,0.00597269624573,7,0.000900900900901,0.621196581197,37,37,37,1,0,0.72972972973,0.243243243243,0.027027027027,37,0.145645645646,1.32432432432,10.4864864865,19.4,5.54285714286,7.39226931636,0.704932898725,0.32529952633,9.35237761037,1.78370088445,0.771524101421,2.90980531427,0.554962869217,0.289774310393,0.579945114934,0.437917739848,2,1.32432432432,0.579945114934,2,0.0124078819731,0.00531161473088,5,0.000643500643501,0.508602089269,37,37,37,1,0,0.72972972973,0.216216216216,0.0540540540541,37,196,0.147147147147,1.32432432432,10.5945945946,19.6,5.44444444444,7.46644143804,0.704740645938,0.32694429123,9.36561341903,1.76799845155,0.76889134032,2.82709966087,0.533687180879,0.278819635962,0.579945114934,0.437917739848,2,1.32432432432,0.579945114934,2,0.0115111596478,0.00624133148405,6,0.000772200772201,0.50958974359,37,37,37,1,0,0.72972972973,0.243243243243,0.027027027027,-20,-0.015015015015,0,-1.08108108108,-2,-0.555555555556,-0.73265761156,0.00250299585601,0.0168842311699,-0.96372320997,-0.00137865619374,0.00362607505465,-0.259731809834,0.00492438265612,0.0260668832097,0,0,0,0,0,0,-0.000658966522321,0.000268635238316,-1,-0.0001287001287,-0.111606837607,0,0,0,196,0,20,1116,0.907407407407,1,0,0.0925925925926,1,0.907407407407,0.95145631068,0.944156726864,0.907407407407,0.907407407407,2,22,0,0,0,0
3900,WLNM_dir_neg,0.989152892562,0.932896155228,00:00:03,10,90,34,1238804658,threshold_sweep,0.3,1,0.0909090909091,0.166666666667,2,0,20,44,0.0909090909091,1,0,0.909090909091,1,0.0909090909091,0.166666666667,0.69696969697,0.656565656566,0.117647058824,0.25,0.0909090909091,216,194,22,0,216,0,194,0,22,37,216,0.162162162162,1.32432432432,11.6756756757,21.6,6,8.1990990496,0.702237650082,0.31006006006,10.329336629,1.76937710775,0.765265265265,3.0868314707,0.528762798222,0.252752752753,0.579945114934,0.437917739848,2,1.32432432432,0.579945114934,2,0.0121701261701,0.00597269624573,7,0.000900900900901,0.621196581197,37,37,37,1,0,0.72972972973,0.243243243243,0.027027027027,37,0.145645645646,1.32432432432,10.4864864865,19.4,5.54285714286,7.39226931636,0.704932898725,0.32529952633,9.35237761037,1.78370088445,0.771524101421,2.90980531427,0.554962869217,0.289774310393,0.579945114934,0.437917739848,2,1.32432432432,0.579945114934,2,0.0124078819731,0.00531161473088,5,0.000643500643501,0.508602089269,37,37,37,1,0,0.72972972973,0.216216216216,0.0540540540541,37,196,0.147147147147,1.32432432432,10.5945945946,19.6,5.44444444444,7.46644143804,0.704740645938,0.32694429123,9.36561341903,1.76799845155,0.76889134032,2.82709966087,0.533687180879,0.278819635962,0.579945114934,0.437917739848,2,1.32432432432,0.579945114934,2,0.0115111596478,0.00624133148405,6,0.000772200772201,0.50958974359,37,37,37,1,0,0.72972972973,0.243243243243,0.027027027027,-20,-0.015015015015,0,-1.08108108108,-2,-0.555555555556,-0.73265761156,0.00250299585601,0.0168842311699,-0.96372320997,-0.00137865619374,0.00362607505465,-0.259731809834,0.00492438265612,0.0260668832097,0,0,0,0,0,0,-0.000658966522321,0.000268635238316,-1,-0.0001287001287,-0.111606837607,0,0,0,196,0,20,1116,0.907407407407,1,0,0.0925925925926,1,0.907407407407,0.95145631068,0.944156726864,0.907407407407,0.907407407407,2,22,0,0,0,0
3901,WLNM_dir_neg,0.989152892562,0.932896155228,00:00:03,10,90,34,1238804658,threshold_sweep,0.4,1,0.0454545454545,0.0869565217391,1,0,21,44,0.0454545454545,1,0,0.954545454545,1,0.0454545454545,0.0869565217391,0.681818181818,0.661616161616,0.0597014925373,0.175411603861,0.0454545454545,216,194,22,0,216,0,194,0,22,37,216,0.162162162162,1.32432432432,11.6756756757,21.6,6,8.1990990496,0.702237650082,0.31006006006,10.329336629,1.76937710775,0.765265265265,3.0868314707,0.528762798222,0.252752752753,0.579945114934,0.437917739848,2,1.32432432432,0.579945114934,2,0.0121701261701,0.00597269624573,7,0.000900900900901,0.621196581197,37,37,37,1,0,0.72972972973,0.243243243243,0.027027027027,37,0.145645645646,1.32432432432,10.4864864865,19.4,5.54285714286,7.39226931636,0.704932898725,0.32529952633,9.35237761037,1.78370088445,0.771524101421,2.90980531427,0.554962869217,0.289774310393,0.579945114934,0.437917739848,2,1.32432432432,0.579945114934,2,0.0124078819731,0.00531161473088,5,0.000643500643501,0.508602089269,37,37,37,1,0,0.72972972973,0.216216216216,0.0540540540541,37,195,0.146396396396,1.32432432432,10.5405405405,19.5,5.57142857143,7.42591032427,0.704509441021,0.326541926542,9.36200550882,1.77638053244,0.77033957034,2.87371854193,0.545269672059,0.284961884962,0.579945114934,0.437917739848,2,1.32432432432,0.579945114934,2,0.0135519759743,0.00630914826498,6,0.000772200772201,0.511071225071,37,37,37,1,0,0.72972972973,0.216216216216,0.0540540540541,-21,-0.0157657657658,0,-1.13513513514,-2.1,-0.428571428571,-0.773188725332,0.0022717909389,0.0164818664819,-0.967331120181,0.00700342469716,0.0050743050743,-0.213112928769,0.0165068738369,0.0322091322091,0,0,0,0,0,0,0.00138184980421,0.00033645201925,-1,-0.0001287001287,-0.110125356125,0,-0.027027027027,0.027027027027,195,0,21,1116,0.902777777778,1,0,0.0972222222222,1,0.902777777778,0.948905109489,0.941330856757,0.902777777778,0.902777777778,1,22,0,0,0,0
3902,WLNM_dir_neg,0.989152892562,0.932896155228,00:00:03,10,90,34,1238804658,threshold_sweep,0.5,1,0.0454545454545,0.0869565217391,1,0,21,44,0.0454545454545,1,0,0.954545454545,1,0.0454545454545,0.0869565217391,0.681818181818,0.661616161616,0.0597014925373,0.175411603861,0.0454545454545,216,194,22,0,216,0,194,0,22,37,216,0.162162162162,1.32432432432,11.6756756757,21.6,6,8.1990990496,0.702237650082,0.31006006006,10.329336629,1.76937710775,0.765265265265,3.0868314707,0.528762798222,0.252752752753,0.579945114934,0.437917739848,2,1.32432432432,0.579945114934,2,0.0121701261701,0.00597269624573,7,0.000900900900901,0.621196581197,37,37,37,1,0,0.72972972973,0.243243243243,0.027027027027,37,0.145645645646,1.32432432432,10.4864864865,19.4,5.54285714286,7.39226931636,0.704932898725,0.32529952633,9.35237761037,1.78370088445,0.771524101421,2.90980531427,0.554962869217,0.289774310393,0.579945114934,0.437917739848,2,1.32432432432,0.579945114934,2,0.0124078819731,0.00531161473088,5,0.000643500643501,0.508602089269,37,37,37,1,0,0.72972972973,0.216216216216,0.0540540540541,37,195,0.146396396396,1.32432432432,10.5405405405,19.5,5.57142857143,7.42591032427,0.704509441021,0.326541926542,9.36200550882,1.77638053244,0.77033957034,2.87371854193,0.545269672059,0.284961884962,0.579945114934,0.437917739848,2,1.32432432432,0.579945114934,2,0.0135519759743,0.00630914826498,6,0.000772200772201,0.511071225071,37,37,37,1,0,0.72972972973,0.216216216216,0.0540540540541,-21,-0.0157657657658,0,-1.13513513514,-2.1,-0.428571428571,-0.773188725332,0.0022717909389,0.0164818664819,-0.967331120181,0.00700342469716,0.0050743050743,-0.213112928769,0.0165068738369,0.0322091322091,0,0,0,0,0,0,0.00138184980421,0.00033645201925,-1,-0.0001287001287,-0.110125356125,0,-0.027027027027,0.027027027027,195,0,21,1116,0.902777777778,1,0,0.0972222222222,1,0.902777777778,0.948905109489,0.941330856757,0.902777777778,0.902777777778,1,22,0,0,0,0
3903,WLNM_dir_neg,0.989152892562,0.932896155228,00:00:03,10,90,34,1238804658,threshold_sweep,0.6,1,0.0454545454545,0.0869565217391,1,0,21,44,0.0454545454545,1,0,0.954545454545,1,0.0454545454545,0.0869565217391,0.681818181818,0.661616161616,0.0597014925373,0.175411603861,0.0454545454545,216,194,22,0,216,0,194,0,22,37,216,0.162162162162,1.32432432432,11.6756756757,21.6,6,8.1990990496,0.702237650082,0.31006006006,10.329336629,1.76937710775,0.765265265265,3.0868314707,0.528762798222,0.252752752753,0.579945114934,0.437917739848,2,1.32432432432,0.579945114934,2,0.0121701261701,0.00597269624573,7,0.000900900900901,0.621196581197,37,37,37,1,0,0.72972972973,0.243243243243,0.027027027027,37,0.145645645646,1.32432432432,10.4864864865,19.4,5.54285714286,7.39226931636,0.704932898725,0.32529952633,9.35237761037,1.78370088445,0.771524101421,2.90980531427,0.554962869217,0.289774310393,0.579945114934,0.437917739848,2,1.32432432432,0.579945114934,2,0.0124078819731,0.00531161473088,5,0.000643500643501,0.508602089269,37,37,37,1,0,0.72972972973,0.216216216216,0.0540540540541,37,195,0.146396396396,1.32432432432,10.5405405405,19.5,5.57142857143,7.42591032427,0.704509441021,0.326541926542,9.36200550882,1.77638053244,0.77033957034,2.87371854193,0.545269672059,0.284961884962,0.579945114934,0.437917739848,2,1.32432432432,0.579945114934,2,0.0135519759743,0.00630914826498,6,0.000772200772201,0.511071225071,37,37,37,1,0,0.72972972973,0.216216216216,0.0540540540541,-21,-0.0157657657658,0,-1.13513513514,-2.1,-0.428571428571,-0.773188725332,0.0022717909389,0.0164818664819,-0.967331120181,0.00700342469716,0.0050743050743,-0.213112928769,0.0165068738369,0.0322091322091,0,0,0,0,0,0,0.00138184980421,0.00033645201925,-1,-0.0001287001287,-0.110125356125,0,-0.027027027027,0.027027027027,195,0,21,1116,0.902777777778,1,0,0.0972222222222,1,0.902777777778,0.948905109489,0.941330856757,0.902777777778,0.902777777778,1,22,0,0,0,0
3904,WLNM_dir_neg,0.989152892562,0.932896155228,00:00:03,10,90,34,1238804658,threshold_sweep,0.7,1,0.0454545454545,0.0869565217391,1,0,21,44,0.0454545454545,1,0,0.954545454545,1,0.0454545454545,0.0869565217391,0.681818181818,0.661616161616,0.0597014925373,0.175411603861,0.0454545454545,216,194,22,0,216,0,194,0,22,37,216,0.162162162162,1.32432432432,11.6756756757,21.6,6,8.1990990496,0.702237650082,0.31006006006,10.329336629,1.76937710775,0.765265265265,3.0868314707,0.528762798222,0.252752752753,0.579945114934,0.437917739848,2,1.32432432432,0.579945114934,2,0.0121701261701,0.00597269624573,7,0.000900900900901,0.621196581197,37,37,37,1,0,0.72972972973,0.243243243243,0.027027027027,37,0.145645645646,1.32432432432,10.4864864865,19.4,5.54285714286,7.39226931636,0.704932898725,0.32529952633,9.35237761037,1.78370088445,0.771524101421,2.90980531427,0.554962869217,0.289774310393,0.579945114934,0.437917739848,2,1.32432432432,0.579945114934,2,0.0124078819731,0.00531161473088,5,0.000643500643501,0.508602089269,37,37,37,1,0,0.72972972973,0.216216216216,0.0540540540541,37,195,0.146396396396,1.32432432432,10.5405405405,19.5,5.57142857143,7.42591032427,0.704509441021,0.326541926542,9.36200550882,1.77638053244,0.77033957034,2.87371854193,0.545269672059,0.284961884962,0.579945114934,0.437917739848,2,1.32432432432,0.579945114934,2,0.0135519759743,0.00630914826498,6,0.000772200772201,0.511071225071,37,37,37,1,0,0.72972972973,0.216216216216,0.0540540540541,-21,-0.0157657657658,0,-1.13513513514,-2.1,-0.428571428571,-0.773188725332,0.0022717909389,0.0164818664819,-0.967331120181,0.00700342469716,0.0050743050743,-0.213112928769,0.0165068738369,0.0322091322091,0,0,0,0,0,0,0.00138184980421,0.00033645201925,-1,-0.0001287001287,-0.110125356125,0,-0.027027027027,0.027027027027,195,0,21,1116,0.902777777778,1,0,0.0972222222222,1,0.902777777778,0.948905109489,0.941330856757,0.902777777778,0.902777777778,1,22,0,0,0,0
3905,WLNM_dir_neg,0.989152892562,0.932896155228,00:00:03,10,90,34,1238804658,threshold_sweep,0.8,1,0.0454545454545,0.0869565217391,1,0,21,44,0.0454545454545,1,0,0.954545454545,1,0.0454545454545,0.0869565217391,0.681818181818,0.661616161616,0.0597014925373,0.175411603861,0.0454545454545,216,194,22,0,216,0,194,0,22,37,216,0.162162162162,1.32432432432,11.6756756757,21.6,6,8.1990990496,0.702237650082,0.31006006006,10.329336629,1.76937710775,0.765265265265,3.0868314707,0.528762798222,0.252752752753,0.579945114934,0.437917739848,2,1.32432432432,0.579945114934,2,0.0121701261701,0.00597269624573,7,0.000900900900901,0.621196581197,37,37,37,1,0,0.72972972973,0.243243243243,0.027027027027,37,0.145645645646,1.32432432432,10.4864864865,19.4,5.54285714286,7.39226931636,0.704932898725,0.32529952633,9.35237761037,1.78370088445,0.771524101421,2.90980531427,0.554962869217,0.289774310393,0.579945114934,0.437917739848,2,1.32432432432,0.579945114934,2,0.0124078819731,0.00531161473088,5,0.000643500643501,0.508602089269,37,37,37,1,0,0.72972972973,0.216216216216,0.0540540540541,37,195,0.146396396396,1.32432432432,10.5405405405,19.5,5.57142857143,7.42591032427,0.704509441021,0.326541926542,9.36200550882,1.77638053244,0.77033957034,2.87371854193,0.545269672059,0.284961884962,0.579945114934,0.437917739848,2,1.32432432432,0.579945114934,2,0.0135519759743,0.00630914826498,6,0.000772200772201,0.511071225071,37,37,37,1,0,0.72972972973,0.216216216216,0.0540540540541,-21,-0.0157657657658,0,-1.13513513514,-2.1,-0.428571428571,-0.773188725332,0.0022717909389,0.0164818664819,-0.967331120181,0.00700342469716,0.0050743050743,-0.213112928769,0.0165068738369,0.0322091322091,0,0,0,0,0,0,0.00138184980421,0.00033645201925,-1,-0.0001287001287,-0.110125356125,0,-0.027027027027,0.027027027027,195,0,21,1116,0.902777777778,1,0,0.0972222222222,1,0.902777777778,0.948905109489,0.941330856757,0.902777777778,0.902777777778,1,22,0,0,0,0
3906,WLNM_dir_neg,0.989152892562,0.932896155228,00:00:03,10,90,34,1238804658,threshold_sweep,0.9,1,0.0454545454545,0.0869565217391,1,0,21,44,0.0454545454545,1,0,0.954545454545,1,0.0454545454545,0.0869565217391,0.681818181818,0.661616161616,0.0597014925373,0.175411603861,0.0454545454545,216,194,22,0,216,0,194,0,22,37,216,0.162162162162,1.32432432432,11.6756756757,21.6,6,8.1990990496,0.702237650082,0.31006006006,10.329336629,1.76937710775,0.765265265265,3.0868314707,0.528762798222,0.252752752753,0.579945114934,0.437917739848,2,1.32432432432,0.579945114934,2,0.0121701261701,0.00597269624573,7,0.000900900900901,0.621196581197,37,37,37,1,0,0.72972972973,0.243243243243,0.027027027027,37,0.145645645646,1.32432432432,10.4864864865,19.4,5.54285714286,7.39226931636,0.704932898725,0.32529952633,9.35237761037,1.78370088445,0.771524101421,2.90980531427,0.554962869217,0.289774310393,0.579945114934,0.437917739848,2,1.32432432432,0.579945114934,2,0.0124078819731,0.00531161473088,5,0.000643500643501,0.508602089269,37,37,37,1,0,0.72972972973,0.216216216216,0.0540540540541,37,195,0.146396396396,1.32432432432,10.5405405405,19.5,5.57142857143,7.42591032427,0.704509441021,0.326541926542,9.36200550882,1.77638053244,0.77033957034,2.87371854193,0.545269672059,0.284961884962,0.579945114934,0.437917739848,2,1.32432432432,0.579945114934,2,0.0135519759743,0.00630914826498,6,0.000772200772201,0.511071225071,37,37,37,1,0,0.72972972973,0.216216216216,0.0540540540541,-21,-0.0157657657658,0,-1.13513513514,-2.1,-0.428571428571,-0.773188725332,0.0022717909389,0.0164818664819,-0.967331120181,0.00700342469716,0.0050743050743,-0.213112928769,0.0165068738369,0.0322091322091,0,0,0,0,0,0,0.00138184980421,0.00033645201925,-1,-0.0001287001287,-0.110125356125,0,-0.027027027027,0.027027027027,195,0,21,1116,0.902777777778,1,0,0.0972222222222,1,0.902777777778,0.948905109489,0.941330856757,0.902777777778,0.902777777778,1,22,0,0,0,0
3907,WLNM_dir_neg,1,0,00:00:03,10,90,35,1238804659,threshold_sweep,0.1,0,0,0,0,0,22,44,0,1,0,1,0,0,0,0.666666666667,0.666666666667,0,0,0,216,194,22,0,216,0,194,0,22,37,216,0.162162162162,1.32432432432,11.6756756757,21.6,6,8.1990990496,0.702237650082,0.31006006006,10.329336629,1.76937710775,0.765265265265,3.0868314707,0.528762798222,0.252752752753,0.579945114934,0.437917739848,2,1.32432432432,0.579945114934,2,0.0121701261701,0.00597269624573,7,0.000900900900901,0.621196581197,37,37,37,1,0,0.72972972973,0.243243243243,0.027027027027,37,0.145645645646,1.32432432432,10.4864864865,19.4,5.38888888889,7.43722477221,0.709219888071,0.333240456952,9.2388232939,1.76204361791,0.769295068264,2.75283092072,0.525024453952,0.277235998885,0.579945114934,0.437917739848,2,1.32432432432,0.579945114934,2,0.0123078761588,0.0074047954866,7,0.000900900900901,0.498739107913,37,37,37,1,0,0.72972972973,0.243243243243,0.027027027027,37,194,0.145645645646,1.32432432432,10.4864864865,19.4,5.38888888889,7.43722477221,0.709219888071,0.333240456952,9.2388232939,1.76204361791,0.769295068264,2.75283092072,0.525024453952,0.277235998885,0.579945114934,0.437917739848,2,1.32432432432,0.579945114934,2,0.0123078761588,0.0074047954866,7,0.000900900900901,0.498739107913,37,37,37,1,0,0.72972972973,0.243243243243,0.027027027027,-22,-0.0165165165165,0,-1.18918918919,-2.2,-0.611111111111,-0.761874277399,0.00698223798931,0.0231803968917,-1.0905133351,-0.00733348983711,0.00402980299888,-0.334000549983,-0.00373834427048,0.0244832461327,0,0,0,0,0,0,0.000137749988682,0.00143209924087,0,0,-0.122457473284,0,0,0,194,0,22,1116,0.898148148148,1,0,0.101851851852,1,0.898148148148,0.946341463415,0.938501466663,0.898148148148,0.898148148148,0,22,0,0,0,0
3908,WLNM_dir_neg,1,0,00:00:03,10,90,35,1238804659,threshold_sweep,0.2,0,0,0,0,0,22,44,0,1,0,1,0,0,0,0.666666666667,0.666666666667,0,0,0,216,194,22,0,216,0,194,0,22,37,216,0.162162162162,1.32432432432,11.6756756757,21.6,6,8.1990990496,0.702237650082,0.31006006006,10.329336629,1.76937710775,0.765265265265,3.0868314707,0.528762798222,0.252752752753,0.579945114934,0.437917739848,2,1.32432432432,0.579945114934,2,0.0121701261701,0.00597269624573,7,0.000900900900901,0.621196581197,37,37,37,1,0,0.72972972973,0.243243243243,0.027027027027,37,0.145645645646,1.32432432432,10.4864864865,19.4,5.38888888889,7.43722477221,0.709219888071,0.333240456952,9.2388232939,1.76204361791,0.769295068264,2.75283092072,0.525024453952,0.277235998885,0.579945114934,0.437917739848,2,1.32432432432,0.579945114934,2,0.0123078761588,0.0074047954866,7,0.000900900900901,0.498739107913,37,37,37,1,0,0.72972972973,0.243243243243,0.027027027027,37,194,0.145645645646,1.32432432432,10.4864864865,19.4,5.38888888889,7.43722477221,0.709219888071,0.333240456952,9.2388232939,1.76204361791,0.769295068264,2.75283092072,0.525024453952,0.277235998885,0.579945114934,0.437917739848,2,1.32432432432,0.579945114934,2,0.0123078761588,0.0074047954866,7,0.000900900900901,0.498739107913,37,37,37,1,0,0.72972972973,0.243243243243,0.027027027027,-22,-0.0165165165165,0,-1.18918918919,-2.2,-0.611111111111,-0.761874277399,0.00698223798931,0.0231803968917,-1.0905133351,-0.00733348983711,0.00402980299888,-0.334000549983,-0.00373834427048,0.0244832461327,0,0,0,0,0,0,0.000137749988682,0.00143209924087,0,0,-0.122457473284,0,0,0,194,0,22,1116,0.898148148148,1,0,0.101851851852,1,0.898148148148,0.946341463415,0.938501466663,0.898148148148,0.898148148148,0,22,0,0,0,0
3909,WLNM_dir_neg,1,0,00:00:03,10,90,35,1238804659,threshold_sweep,0.3,0,0,0,0,0,22,44,0,1,0,1,0,0,0,0.666666666667,0.666666666667,0,0,0,216,194,22,0,216,0,194,0,22,37,216,0.162162162162,1.32432432432,11.6756756757,21.6,6,8.1990990496,0.702237650082,0.31006006006,10.329336629,1.76937710775,0.765265265265,3.0868314707,0.528762798222,0.252752752753,0.579945114934,0.437917739848,2,1.32432432432,0.579945114934,2,0.0121701261701,0.00597269624573,7,0.000900900900901,0.621196581197,37,37,37,1,0,0.72972972973,0.243243243243,0.027027027027,37,0.145645645646,1.32432432432,10.4864864865,19.4,5.38888888889,7.43722477221,0.709219888071,0.333240456952,9.2388232939,1.76204361791,0.769295068264,2.75283092072,0.525024453952,0.277235998885,0.579945114934,0.437917739848,2,1.32432432432,0.579945114934,2,0.0123078761588,0.0074047954866,7,0.000900900900901,0.498739107913,37,37,37,1,0,0.72972972973,0.243243243243,0.027027027027,37,194,0.145645645646,1.32432432432,10.4864864865,19.4,5.38888888889,7.43722477221,0.709219888071,0.333240456952,9.2388232939,1.76204361791,0.769295068264,2.75283092072,0.525024453952,0.277235998885,0.579945114934,0.437917739848,2,1.32432432432,0.579945114934,2,0.0123078761588,0.0074047954866,7,0.000900900900901,0.498739107913,37,37,37,1,0,0.72972972973,0.243243243243,0.027027027027,-22,-0.0165165165165,0,-1.18918918919,-2.2,-0.611111111111,-0.761874277399,0.00698223798931,0.0231803968917,-1.0905133351,-0.00733348983711,0.00402980299888,-0.334000549983,-0.00373834427048,0.0244832461327,0,0,0,0,0,0,0.000137749988682,0.00143209924087,0,0,-0.122457473284,0,0,0,194,0,22,1116,0.898148148148,1,0,0.101851851852,1,0.898148148148,0.946341463415,0.938501466663,0.898148148148,0.898148148148,0,22,0,0,0,0
3910,WLNM_dir_neg,1,0,00:00:03,10,90,35,1238804659,threshold_sweep,0.4,0,0,0,0,0,22,44,0,1,0,1,0,0,0,0.666666666667,0.666666666667,0,0,0,216,194,22,0,216,0,194,0,22,37,216,0.162162162162,1.32432432432,11.6756756757,21.6,6,8.1990990496,0.702237650082,0.31006006006,10.329336629,1.76937710775,0.765265265265,3.0868314707,0.528762798222,0.252752752753,0.579945114934,0.437917739848,2,1.32432432432,0.579945114934,2,0.0121701261701,0.00597269624573,7,0.000900900900901,0.621196581197,37,37,37,1,0,0.72972972973,0.243243243243,0.027027027027,37,0.145645645646,1.32432432432,10.4864864865,19.4,5.38888888889,7.43722477221,0.709219888071,0.333240456952,9.2388232939,1.76204361791,0.769295068264,2.75283092072,0.525024453952,0.277235998885,0.579945114934,0.437917739848,2,1.32432432432,0.579945114934,2,0.0123078761588,0.0074047954866,7,0.000900900900901,0.498739107913,37,37,37,1,0,0.72972972973,0.243243243243,0.027027027027,37,194,0.145645645646,1.32432432432,10.4864864865,19.4,5.38888888889,7.43722477221,0.709219888071,0.333240456952,9.2388232939,1.76204361791,0.769295068264,2.75283092072,0.525024453952,0.277235998885,0.579945114934,0.437917739848,2,1.32432432432,0.579945114934,2,0.0123078761588,0.0074047954866,7,0.000900900900901,0.498739107913,37,37,37,1,0,0.72972972973,0.243243243243,0.027027027027,-22,-0.0165165165165,0,-1.18918918919,-2.2,-0.611111111111,-0.761874277399,0.00698223798931,0.0231803968917,-1.0905133351,-0.00733348983711,0.00402980299888,-0.334000549983,-0.00373834427048,0.0244832461327,0,0,0,0,0,0,0.000137749988682,0.00143209924087,0,0,-0.122457473284,0,0,0,194,0,22,1116,0.898148148148,1,0,0.101851851852,1,0.898148148148,0.946341463415,0.938501466663,0.898148148148,0.898148148148,0,22,0,0,0,0
3911,WLNM_dir_neg,1,0,00:00:03,10,90,35,1238804659,threshold_sweep,0.5,0,0,0,0,0,22,44,0,1,0,1,0,0,0,0.666666666667,0.666666666667,0,0,0,216,194,22,0,216,0,194,0,22,37,216,0.162162162162,1.32432432432,11.6756756757,21.6,6,8.1990990496,0.702237650082,0.31006006006,10.329336629,1.76937710775,0.765265265265,3.0868314707,0.528762798222,0.252752752753,0.579945114934,0.437917739848,2,1.32432432432,0.579945114934,2,0.0121701261701,0.00597269624573,7,0.000900900900901,0.621196581197,37,37,37,1,0,0.72972972973,0.243243243243,0.027027027027,37,0.145645645646,1.32432432432,10.4864864865,19.4,5.38888888889,7.43722477221,0.709219888071,0.333240456952,9.2388232939,1.76204361791,0.769295068264,2.75283092072,0.525024453952,0.277235998885,0.579945114934,0.437917739848,2,1.32432432432,0.579945114934,2,0.0123078761588,0.0074047954866,7,0.000900900900901,0.498739107913,37,37,37,1,0,0.72972972973,0.243243243243,0.027027027027,37,194,0.145645645646,1.32432432432,10.4864864865,19.4,5.38888888889,7.43722477221,0.709219888071,0.333240456952,9.2388232939,1.76204361791,0.769295068264,2.75283092072,0.525024453952,0.277235998885,0.579945114934,0.437917739848,2,1.32432432432,0.579945114934,2,0.0123078761588,0.0074047954866,7,0.000900900900901,0.498739107913,37,37,37,1,0,0.72972972973,0.243243243243,0.027027027027,-22,-0.0165165165165,0,-1.18918918919,-2.2,-0.611111111111,-0.761874277399,0.00698223798931,0.0231803968917,-1.0905133351,-0.00733348983711,0.00402980299888,-0.334000549983,-0.00373834427048,0.0244832461327,0,0,0,0,0,0,0.000137749988682,0.00143209924087,0,0,-0.122457473284,0,0,0,194,0,22,1116,0.898148148148,1,0,0.101851851852,1,0.898148148148,0.946341463415,0.938501466663,0.898148148148,0.898148148148,0,22,0,0,0,0
3912,WLNM_dir_neg,1,0,00:00:03,10,90,35,1238804659,threshold_sweep,0.6,0,0,0,0,0,22,44,0,1,0,1,0,0,0,0.666666666667,0.666666666667,0,0,0,216,194,22,0,216,0,194,0,22,37,216,0.162162162162,1.32432432432,11.6756756757,21.6,6,8.1990990496,0.702237650082,0.31006006006,10.329336629,1.76937710775,0.765265265265,3.0868314707,0.528762798222,0.252752752753,0.579945114934,0.437917739848,2,1.32432432432,0.579945114934,2,0.0121701261701,0.00597269624573,7,0.000900900900901,0.621196581197,37,37,37,1,0,0.72972972973,0.243243243243,0.027027027027,37,0.145645645646,1.32432432432,10.4864864865,19.4,5.38888888889,7.43722477221,0.709219888071,0.333240456952,9.2388232939,1.76204361791,0.769295068264,2.75283092072,0.525024453952,0.277235998885,0.579945114934,0.437917739848,2,1.32432432432,0.579945114934,2,0.0123078761588,0.0074047954866,7,0.000900900900901,0.498739107913,37,37,37,1,0,0.72972972973,0.243243243243,0.027027027027,37,194,0.145645645646,1.32432432432,10.4864864865,19.4,5.38888888889,7.43722477221,0.709219888071,0.333240456952,9.2388232939,1.76204361791,0.769295068264,2.75283092072,0.525024453952,0.277235998885,0.579945114934,0.437917739848,2,1.32432432432,0.579945114934,2,0.0123078761588,0.0074047954866,7,0.000900900900901,0.498739107913,37,37,37,1,0,0.72972972973,0.243243243243,0.027027027027,-22,-0.0165165165165,0,-1.18918918919,-2.2,-0.611111111111,-0.761874277399,0.00698223798931,0.0231803968917,-1.0905133351,-0.00733348983711,0.00402980299888,-0.334000549983,-0.00373834427048,0.0244832461327,0,0,0,0,0,0,0.000137749988682,0.00143209924087,0,0,-0.122457473284,0,0,0,194,0,22,1116,0.898148148148,1,0,0.101851851852,1,0.898148148148,0.946341463415,0.938501466663,0.898148148148,0.898148148148,0,22,0,0,0,0
3913,WLNM_dir_neg,1,0,00:00:03,10,90,35,1238804659,threshold_sweep,0.7,0,0,0,0,0,22,44,0,1,0,1,0,0,0,0.666666666667,0.666666666667,0,0,0,216,194,22,0,216,0,194,0,22,37,216,0.162162162162,1.32432432432,11.6756756757,21.6,6,8.1990990496,0.702237650082,0.31006006006,10.329336629,1.76937710775,0.765265265265,3.0868314707,0.528762798222,0.252752752753,0.579945114934,0.437917739848,2,1.32432432432,0.579945114934,2,0.0121701261701,0.00597269624573,7,0.000900900900901,0.621196581197,37,37,37,1,0,0.72972972973,0.243243243243,0.027027027027,37,0.145645645646,1.32432432432,10.4864864865,19.4,5.38888888889,7.43722477221,0.709219888071,0.333240456952,9.2388232939,1.76204361791,0.769295068264,2.75283092072,0.525024453952,0.277235998885,0.579945114934,0.437917739848,2,1.32432432432,0.579945114934,2,0.0123078761588,0.0074047954866,7,0.000900900900901,0.498739107913,37,37,37,1,0,0.72972972973,0.243243243243,0.027027027027,37,194,0.145645645646,1.32432432432,10.4864864865,19.4,5.38888888889,7.43722477221,0.709219888071,0.333240456952,9.2388232939,1.76204361791,0.769295068264,2.75283092072,0.525024453952,0.277235998885,0.579945114934,0.437917739848,2,1.32432432432,0.579945114934,2,0.0123078761588,0.0074047954866,7,0.000900900900901,0.498739107913,37,37,37,1,0,0.72972972973,0.243243243243,0.027027027027,-22,-0.0165165165165,0,-1.18918918919,-2.2,-0.611111111111,-0.761874277399,0.00698223798931,0.0231803968917,-1.0905133351,-0.00733348983711,0.00402980299888,-0.334000549983,-0.00373834427048,0.0244832461327,0,0,0,0,0,0,0.000137749988682,0.00143209924087,0,0,-0.122457473284,0,0,0,194,0,22,1116,0.898148148148,1,0,0.101851851852,1,0.898148148148,0.946341463415,0.938501466663,0.898148148148,0.898148148148,0,22,0,0,0,0
3914,WLNM_dir_neg,1,0,00:00:03,10,90,35,1238804659,threshold_sweep,0.8,0,0,0,0,0,22,44,0,1,0,1,0,0,0,0.666666666667,0.666666666667,0,0,0,216,194,22,0,216,0,194,0,22,37,216,0.162162162162,1.32432432432,11.6756756757,21.6,6,8.1990990496,0.702237650082,0.31006006006,10.329336629,1.76937710775,0.765265265265,3.0868314707,0.528762798222,0.252752752753,0.579945114934,0.437917739848,2,1.32432432432,0.579945114934,2,0.0121701261701,0.00597269624573,7,0.000900900900901,0.621196581197,37,37,37,1,0,0.72972972973,0.243243243243,0.027027027027,37,0.145645645646,1.32432432432,10.4864864865,19.4,5.38888888889,7.43722477221,0.709219888071,0.333240456952,9.2388232939,1.76204361791,0.769295068264,2.75283092072,0.525024453952,0.277235998885,0.579945114934,0.437917739848,2,1.32432432432,0.579945114934,2,0.0123078761588,0.0074047954866,7,0.000900900900901,0.498739107913,37,37,37,1,0,0.72972972973,0.243243243243,0.027027027027,37,194,0.145645645646,1.32432432432,10.4864864865,19.4,5.38888888889,7.43722477221,0.709219888071,0.333240456952,9.2388232939,1.76204361791,0.769295068264,2.75283092072,0.525024453952,0.277235998885,0.579945114934,0.437917739848,2,1.32432432432,0.579945114934,2,0.0123078761588,0.0074047954866,7,0.000900900900901,0.498739107913,37,37,37,1,0,0.72972972973,0.243243243243,0.027027027027,-22,-0.0165165165165,0,-1.18918918919,-2.2,-0.611111111111,-0.761874277399,0.00698223798931,0.0231803968917,-1.0905133351,-0.00733348983711,0.00402980299888,-0.334000549983,-0.00373834427048,0.0244832461327,0,0,0,0,0,0,0.000137749988682,0.00143209924087,0,0,-0.122457473284,0,0,0,194,0,22,1116,0.898148148148,1,0,0.101851851852,1,0.898148148148,0.946341463415,0.938501466663,0.898148148148,0.898148148148,0,22,0,0,0,0
3915,WLNM_dir_neg,1,0,00:00:03,10,90,35,1238804659,threshold_sweep,0.9,0,0,0,0,0,22,44,0,1,0,1,0,0,0,0.666666666667,0.666666666667,0,0,0,216,194,22,0,216,0,194,0,22,37,216,0.162162162162,1.32432432432,11.6756756757,21.6,6,8.1990990496,0.702237650082,0.31006006006,10.329336629,1.76937710775,0.765265265265,3.0868314707,0.528762798222,0.252752752753,0.579945114934,0.437917739848,2,1.32432432432,0.579945114934,2,0.0121701261701,0.00597269624573,7,0.000900900900901,0.621196581197,37,37,37,1,0,0.72972972973,0.243243243243,0.027027027027,37,0.145645645646,1.32432432432,10.4864864865,19.4,5.38888888889,7.43722477221,0.709219888071,0.333240456952,9.2388232939,1.76204361791,0.769295068264,2.75283092072,0.525024453952,0.277235998885,0.579945114934,0.437917739848,2,1.32432432432,0.579945114934,2,0.0123078761588,0.0074047954866,7,0.000900900900901,0.498739107913,37,37,37,1,0,0.72972972973,0.243243243243,0.027027027027,37,194,0.145645645646,1.32432432432,10.4864864865,19.4,5.38888888889,7.43722477221,0.709219888071,0.333240456952,9.2388232939,1.76204361791,0.769295068264,2.75283092072,0.525024453952,0.277235998885,0.579945114934,0.437917739848,2,1.32432432432,0.579945114934,2,0.0123078761588,0.0074047954866,7,0.000900900900901,0.498739107913,37,37,37,1,0,0.72972972973,0.243243243243,0.027027027027,-22,-0.0165165165165,0,-1.18918918919,-2.2,-0.611111111111,-0.761874277399,0.00698223798931,0.0231803968917,-1.0905133351,-0.00733348983711,0.00402980299888,-0.334000549983,-0.00373834427048,0.0244832461327,0,0,0,0,0,0,0.000137749988682,0.00143209924087,0,0,-0.122457473284,0,0,0,194,0,22,1116,0.898148148148,1,0,0.101851851852,1,0.898148148148,0.946341463415,0.938501466663,0.898148148148,0.898148148148,0,22,0,0,0,0
3916,WLNM_dir_neg,1,0.954545454545,00:00:03,10,90,36,1238804660,threshold_sweep,0.1,1,0.0454545454545,0.0869565217391,1,0,21,44,0.0454545454545,1,0,0.954545454545,1,0.0454545454545,0.0869565217391,0.681818181818,0.661616161616,0.0597014925373,0.175411603861,0.0454545454545,216,194,22,0,216,0,194,0,22,37,216,0.162162162162,1.32432432432,11.6756756757,21.6,6,8.1990990496,0.702237650082,0.31006006006,10.329336629,1.76937710775,0.765265265265,3.0868314707,0.528762798222,0.252752752753,0.579945114934,0.437917739848,2,1.32432432432,0.579945114934,2,0.0121701261701,0.00597269624573,7,0.000900900900901,0.621196581197,37,37,37,1,0,0.72972972973,0.243243243243,0.027027027027,37,0.145645645646,1.32432432432,10.4864864865,19.4,5.54285714286,7.45960090391,0.711353694445,0.33435497353,9.28680487276,1.77119474377,0.771802730566,2.89064972902,0.5513094844,0.291167456116,0.579945114934,0.437917739848,2,1.33333333333,0.585540043769,2,0.011529856387,0.00633356790992,6,0.000772200772201,0.514341384863,37,36,36,0.972972972973,0,0.702702702703,0.243243243243,0.027027027027,37,195,0.146396396396,1.32432432432,10.5405405405,19.5,5.57142857143,7.50775374972,0.712274073691,0.336105336105,9.29948818379,1.76451827077,0.770616770617,2.85432078561,0.541589072141,0.286070686071,0.579945114934,0.437917739848,2,1.33333333333,0.585540043769,2,0.012328042328,0.00730434782609,7,0.000900900900901,0.516563607085,37,36,36,0.972972972973,0,0.702702702703,0.243243243243,0.027027027027,-21,-0.0157657657658,0,-1.13513513514,-2.1,-0.428571428571,-0.691345299889,0.0100364236091,0.0260452760453,-1.02984844521,-0.0048588369746,0.00535150535151,-0.232510685097,0.0128262739183,0.0333179333179,0,0,0,0.00900900900901,0.00559492883467,0,0.000157916157916,0.00133165158035,0,0,-0.104632974111,-0.027027027027,0,0,195,0,21,1116,0.902777777778,1,0,0.0972222222222,1,0.902777777778,0.948905109489,0.941330856757,0.902777777778,0.902777777778,1,22,0,0,0,0
3917,WLNM_dir_neg,1,0.954545454545,00:00:03,10,90,36,1238804660,threshold_sweep,0.2,1,0.0454545454545,0.0869565217391,1,0,21,44,0.0454545454545,1,0,0.954545454545,1,0.0454545454545,0.0869565217391,0.681818181818,0.661616161616,0.0597014925373,0.175411603861,0.0454545454545,216,194,22,0,216,0,194,0,22,37,216,0.162162162162,1.32432432432,11.6756756757,21.6,6,8.1990990496,0.702237650082,0.31006006006,10.329336629,1.76937710775,0.765265265265,3.0868314707,0.528762798222,0.252752752753,0.579945114934,0.437917739848,2,1.32432432432,0.579945114934,2,0.0121701261701,0.00597269624573,7,0.000900900900901,0.621196581197,37,37,37,1,0,0.72972972973,0.243243243243,0.027027027027,37,0.145645645646,1.32432432432,10.4864864865,19.4,5.54285714286,7.45960090391,0.711353694445,0.33435497353,9.28680487276,1.77119474377,0.771802730566,2.89064972902,0.5513094844,0.291167456116,0.579945114934,0.437917739848,2,1.33333333333,0.585540043769,2,0.011529856387,0.00633356790992,6,0.000772200772201,0.514341384863,37,36,36,0.972972972973,0,0.702702702703,0.243243243243,0.027027027027,37,195,0.146396396396,1.32432432432,10.5405405405,19.5,5.57142857143,7.50775374972,0.712274073691,0.336105336105,9.29948818379,1.76451827077,0.770616770617,2.85432078561,0.541589072141,0.286070686071,0.579945114934,0.437917739848,2,1.33333333333,0.585540043769,2,0.012328042328,0.00730434782609,7,0.000900900900901,0.516563607085,37,36,36,0.972972972973,0,0.702702702703,0.243243243243,0.027027027027,-21,-0.0157657657658,0,-1.13513513514,-2.1,-0.428571428571,-0.691345299889,0.0100364236091,0.0260452760453,-1.02984844521,-0.0048588369746,0.00535150535151,-0.232510685097,0.0128262739183,0.0333179333179,0,0,0,0.00900900900901,0.00559492883467,0,0.000157916157916,0.00133165158035,0,0,-0.104632974111,-0.027027027027,0,0,195,0,21,1116,0.902777777778,1,0,0.0972222222222,1,0.902777777778,0.948905109489,0.941330856757,0.902777777778,0.902777777778,1,22,0,0,0,0
3918,WLNM_dir_neg,1,0.954545454545,00:00:03,10,90,36,1238804660,threshold_sweep,0.3,1,0.0454545454545,0.0869565217391,1,0,21,44,0.0454545454545,1,0,0.954545454545,1,0.0454545454545,0.0869565217391,0.681818181818,0.661616161616,0.0597014925373,0.175411603861,0.0454545454545,216,194,22,0,216,0,194,0,22,37,216,0.162162162162,1.32432432432,11.6756756757,21.6,6,8.1990990496,0.702237650082,0.31006006006,10.329336629,1.76937710775,0.765265265265,3.0868314707,0.528762798222,0.252752752753,0.579945114934,0.437917739848,2,1.32432432432,0.579945114934,2,0.0121701261701,0.00597269624573,7,0.000900900900901,0.621196581197,37,37,37,1,0,0.72972972973,0.243243243243,0.027027027027,37,0.145645645646,1.32432432432,10.4864864865,19.4,5.54285714286,7.45960090391,0.711353694445,0.33435497353,9.28680487276,1.77119474377,0.771802730566,2.89064972902,0.5513094844,0.291167456116,0.579945114934,0.437917739848,2,1.33333333333,0.585540043769,2,0.011529856387,0.00633356790992,6,0.000772200772201,0.514341384863,37,36,36,0.972972972973,0,0.702702702703,0.243243243243,0.027027027027,37,195,0.146396396396,1.32432432432,10.5405405405,19.5,5.57142857143,7.50775374972,0.712274073691,0.336105336105,9.29948818379,1.76451827077,0.770616770617,2.85432078561,0.541589072141,0.286070686071,0.579945114934,0.437917739848,2,1.33333333333,0.585540043769,2,0.012328042328,0.00730434782609,7,0.000900900900901,0.516563607085,37,36,36,0.972972972973,0,0.702702702703,0.243243243243,0.027027027027,-21,-0.0157657657658,0,-1.13513513514,-2.1,-0.428571428571,-0.691345299889,0.0100364236091,0.0260452760453,-1.02984844521,-0.0048588369746,0.00535150535151,-0.232510685097,0.0128262739183,0.0333179333179,0,0,0,0.00900900900901,0.00559492883467,0,0.000157916157916,0.00133165158035,0,0,-0.104632974111,-0.027027027027,0,0,195,0,21,1116,0.902777777778,1,0,0.0972222222222,1,0.902777777778,0.948905109489,0.941330856757,0.902777777778,0.902777777778,1,22,0,0,0,0
3919,WLNM_dir_neg,1,0.954545454545,00:00:03,10,90,36,1238804660,threshold_sweep,0.4,1,0.0454545454545,0.0869565217391,1,0,21,44,0.0454545454545,1,0,0.954545454545,1,0.0454545454545,0.0869565217391,0.681818181818,0.661616161616,0.0597014925373,0.175411603861,0.0454545454545,216,194,22,0,216,0,194,0,22,37,216,0.162162162162,1.32432432432,11.6756756757,21.6,6,8.1990990496,0.702237650082,0.31006006006,10.329336629,1.76937710775,0.765265265265,3.0868314707,0.528762798222,0.252752752753,0.579945114934,0.437917739848,2,1.32432432432,0.579945114934,2,0.0121701261701,0.00597269624573,7,0.000900900900901,0.621196581197,37,37,37,1,0,0.72972972973,0.243243243243,0.027027027027,37,0.145645645646,1.32432432432,10.4864864865,19.4,5.54285714286,7.45960090391,0.711353694445,0.33435497353,9.28680487276,1.77119474377,0.771802730566,2.89064972902,0.5513094844,0.291167456116,0.579945114934,0.437917739848,2,1.33333333333,0.585540043769,2,0.011529856387,0.00633356790992,6,0.000772200772201,0.514341384863,37,36,36,0.972972972973,0,0.702702702703,0.243243243243,0.027027027027,37,195,0.146396396396,1.32432432432,10.5405405405,19.5,5.57142857143,7.50775374972,0.712274073691,0.336105336105,9.29948818379,1.76451827077,0.770616770617,2.85432078561,0.541589072141,0.286070686071,0.579945114934,0.437917739848,2,1.33333333333,0.585540043769,2,0.012328042328,0.00730434782609,7,0.000900900900901,0.516563607085,37,36,36,0.972972972973,0,0.702702702703,0.243243243243,0.027027027027,-21,-0.0157657657658,0,-1.13513513514,-2.1,-0.428571428571,-0.691345299889,0.0100364236091,0.0260452760453,-1.02984844521,-0.0048588369746,0.00535150535151,-0.232510685097,0.0128262739183,0.0333179333179,0,0,0,0.00900900900901,0.00559492883467,0,0.000157916157916,0.00133165158035,0,0,-0.104632974111,-0.027027027027,0,0,195,0,21,1116,0.902777777778,1,0,0.0972222222222,1,0.902777777778,0.948905109489,0.941330856757,0.902777777778,0.902777777778,1,22,0,0,0,0
3920,WLNM_dir_neg,1,0.954545454545,00:00:03,10,90,36,1238804660,threshold_sweep,0.5,1,0.0454545454545,0.0869565217391,1,0,21,44,0.0454545454545,1,0,0.954545454545,1,0.0454545454545,0.0869565217391,0.681818181818,0.661616161616,0.0597014925373,0.175411603861,0.0454545454545,216,194,22,0,216,0,194,0,22,37,216,0.162162162162,1.32432432432,11.6756756757,21.6,6,8.1990990496,0.702237650082,0.31006006006,10.329336629,1.76937710775,0.765265265265,3.0868314707,0.528762798222,0.252752752753,0.579945114934,0.437917739848,2,1.32432432432,0.579945114934,2,0.0121701261701,0.00597269624573,7,0.000900900900901,0.621196581197,37,37,37,1,0,0.72972972973,0.243243243243,0.027027027027,37,0.145645645646,1.32432432432,10.4864864865,19.4,5.54285714286,7.45960090391,0.711353694445,0.33435497353,9.28680487276,1.77119474377,0.771802730566,2.89064972902,0.5513094844,0.291167456116,0.579945114934,0.437917739848,2,1.33333333333,0.585540043769,2,0.011529856387,0.00633356790992,6,0.000772200772201,0.514341384863,37,36,36,0.972972972973,0,0.702702702703,0.243243243243,0.027027027027,37,195,0.146396396396,1.32432432432,10.5405405405,19.5,5.57142857143,7.50775374972,0.712274073691,0.336105336105,9.29948818379,1.76451827077,0.770616770617,2.85432078561,0.541589072141,0.286070686071,0.579945114934,0.437917739848,2,1.33333333333,0.585540043769,2,0.012328042328,0.00730434782609,7,0.000900900900901,0.516563607085,37,36,36,0.972972972973,0,0.702702702703,0.243243243243,0.027027027027,-21,-0.0157657657658,0,-1.13513513514,-2.1,-0.428571428571,-0.691345299889,0.0100364236091,0.0260452760453,-1.02984844521,-0.0048588369746,0.00535150535151,-0.232510685097,0.0128262739183,0.0333179333179,0,0,0,0.00900900900901,0.00559492883467,0,0.000157916157916,0.00133165158035,0,0,-0.104632974111,-0.027027027027,0,0,195,0,21,1116,0.902777777778,1,0,0.0972222222222,1,0.902777777778,0.948905109489,0.941330856757,0.902777777778,0.902777777778,1,22,0,0,0,0
3921,WLNM_dir_neg,1,0.954545454545,00:00:03,10,90,36,1238804660,threshold_sweep,0.6,1,0.0454545454545,0.0869565217391,1,0,21,44,0.0454545454545,1,0,0.954545454545,1,0.0454545454545,0.0869565217391,0.681818181818,0.661616161616,0.0597014925373,0.175411603861,0.0454545454545,216,194,22,0,216,0,194,0,22,37,216,0.162162162162,1.32432432432,11.6756756757,21.6,6,8.1990990496,0.702237650082,0.31006006006,10.329336629,1.76937710775,0.765265265265,3.0868314707,0.528762798222,0.252752752753,0.579945114934,0.437917739848,2,1.32432432432,0.579945114934,2,0.0121701261701,0.00597269624573,7,0.000900900900901,0.621196581197,37,37,37,1,0,0.72972972973,0.243243243243,0.027027027027,37,0.145645645646,1.32432432432,10.4864864865,19.4,5.54285714286,7.45960090391,0.711353694445,0.33435497353,9.28680487276,1.77119474377,0.771802730566,2.89064972902,0.5513094844,0.291167456116,0.579945114934,0.437917739848,2,1.33333333333,0.585540043769,2,0.011529856387,0.00633356790992,6,0.000772200772201,0.514341384863,37,36,36,0.972972972973,0,0.702702702703,0.243243243243,0.027027027027,37,195,0.146396396396,1.32432432432,10.5405405405,19.5,5.57142857143,7.50775374972,0.712274073691,0.336105336105,9.29948818379,1.76451827077,0.770616770617,2.85432078561,0.541589072141,0.286070686071,0.579945114934,0.437917739848,2,1.33333333333,0.585540043769,2,0.012328042328,0.00730434782609,7,0.000900900900901,0.516563607085,37,36,36,0.972972972973,0,0.702702702703,0.243243243243,0.027027027027,-21,-0.0157657657658,0,-1.13513513514,-2.1,-0.428571428571,-0.691345299889,0.0100364236091,0.0260452760453,-1.02984844521,-0.0048588369746,0.00535150535151,-0.232510685097,0.0128262739183,0.0333179333179,0,0,0,0.00900900900901,0.00559492883467,0,0.000157916157916,0.00133165158035,0,0,-0.104632974111,-0.027027027027,0,0,195,0,21,1116,0.902777777778,1,0,0.0972222222222,1,0.902777777778,0.948905109489,0.941330856757,0.902777777778,0.902777777778,1,22,0,0,0,0
3922,WLNM_dir_neg,1,0.954545454545,00:00:03,10,90,36,1238804660,threshold_sweep,0.7,1,0.0454545454545,0.0869565217391,1,0,21,44,0.0454545454545,1,0,0.954545454545,1,0.0454545454545,0.0869565217391,0.681818181818,0.661616161616,0.0597014925373,0.175411603861,0.0454545454545,216,194,22,0,216,0,194,0,22,37,216,0.162162162162,1.32432432432,11.6756756757,21.6,6,8.1990990496,0.702237650082,0.31006006006,10.329336629,1.76937710775,0.765265265265,3.0868314707,0.528762798222,0.252752752753,0.579945114934,0.437917739848,2,1.32432432432,0.579945114934,2,0.0121701261701,0.00597269624573,7,0.000900900900901,0.621196581197,37,37,37,1,0,0.72972972973,0.243243243243,0.027027027027,37,0.145645645646,1.32432432432,10.4864864865,19.4,5.54285714286,7.45960090391,0.711353694445,0.33435497353,9.28680487276,1.77119474377,0.771802730566,2.89064972902,0.5513094844,0.291167456116,0.579945114934,0.437917739848,2,1.33333333333,0.585540043769,2,0.011529856387,0.00633356790992,6,0.000772200772201,0.514341384863,37,36,36,0.972972972973,0,0.702702702703,0.243243243243,0.027027027027,37,195,0.146396396396,1.32432432432,10.5405405405,19.5,5.57142857143,7.50775374972,0.712274073691,0.336105336105,9.29948818379,1.76451827077,0.770616770617,2.85432078561,0.541589072141,0.286070686071,0.579945114934,0.437917739848,2,1.33333333333,0.585540043769,2,0.012328042328,0.00730434782609,7,0.000900900900901,0.516563607085,37,36,36,0.972972972973,0,0.702702702703,0.243243243243,0.027027027027,-21,-0.0157657657658,0,-1.13513513514,-2.1,-0.428571428571,-0.691345299889,0.0100364236091,0.0260452760453,-1.02984844521,-0.0048588369746,0.00535150535151,-0.232510685097,0.0128262739183,0.0333179333179,0,0,0,0.00900900900901,0.00559492883467,0,0.000157916157916,0.00133165158035,0,0,-0.104632974111,-0.027027027027,0,0,195,0,21,1116,0.902777777778,1,0,0.0972222222222,1,0.902777777778,0.948905109489,0.941330856757,0.902777777778,0.902777777778,1,22,0,0,0,0
3923,WLNM_dir_neg,1,0.954545454545,00:00:03,10,90,36,1238804660,threshold_sweep,0.8,1,0.0454545454545,0.0869565217391,1,0,21,44,0.0454545454545,1,0,0.954545454545,1,0.0454545454545,0.0869565217391,0.681818181818,0.661616161616,0.0597014925373,0.175411603861,0.0454545454545,216,194,22,0,216,0,194,0,22,37,216,0.162162162162,1.32432432432,11.6756756757,21.6,6,8.1990990496,0.702237650082,0.31006006006,10.329336629,1.76937710775,0.765265265265,3.0868314707,0.528762798222,0.252752752753,0.579945114934,0.437917739848,2,1.32432432432,0.579945114934,2,0.0121701261701,0.00597269624573,7,0.000900900900901,0.621196581197,37,37,37,1,0,0.72972972973,0.243243243243,0.027027027027,37,0.145645645646,1.32432432432,10.4864864865,19.4,5.54285714286,7.45960090391,0.711353694445,0.33435497353,9.28680487276,1.77119474377,0.771802730566,2.89064972902,0.5513094844,0.291167456116,0.579945114934,0.437917739848,2,1.33333333333,0.585540043769,2,0.011529856387,0.00633356790992,6,0.000772200772201,0.514341384863,37,36,36,0.972972972973,0,0.702702702703,0.243243243243,0.027027027027,37,195,0.146396396396,1.32432432432,10.5405405405,19.5,5.57142857143,7.50775374972,0.712274073691,0.336105336105,9.29948818379,1.76451827077,0.770616770617,2.85432078561,0.541589072141,0.286070686071,0.579945114934,0.437917739848,2,1.33333333333,0.585540043769,2,0.012328042328,0.00730434782609,7,0.000900900900901,0.516563607085,37,36,36,0.972972972973,0,0.702702702703,0.243243243243,0.027027027027,-21,-0.0157657657658,0,-1.13513513514,-2.1,-0.428571428571,-0.691345299889,0.0100364236091,0.0260452760453,-1.02984844521,-0.0048588369746,0.00535150535151,-0.232510685097,0.0128262739183,0.0333179333179,0,0,0,0.00900900900901,0.00559492883467,0,0.000157916157916,0.00133165158035,0,0,-0.104632974111,-0.027027027027,0,0,195,0,21,1116,0.902777777778,1,0,0.0972222222222,1,0.902777777778,0.948905109489,0.941330856757,0.902777777778,0.902777777778,1,22,0,0,0,0
3924,WLNM_dir_neg,1,0.954545454545,00:00:03,10,90,36,1238804660,threshold_sweep,0.9,1,0.0454545454545,0.0869565217391,1,0,21,44,0.0454545454545,1,0,0.954545454545,1,0.0454545454545,0.0869565217391,0.681818181818,0.661616161616,0.0597014925373,0.175411603861,0.0454545454545,216,194,22,0,216,0,194,0,22,37,216,0.162162162162,1.32432432432,11.6756756757,21.6,6,8.1990990496,0.702237650082,0.31006006006,10.329336629,1.76937710775,0.765265265265,3.0868314707,0.528762798222,0.252752752753,0.579945114934,0.437917739848,2,1.32432432432,0.579945114934,2,0.0121701261701,0.00597269624573,7,0.000900900900901,0.621196581197,37,37,37,1,0,0.72972972973,0.243243243243,0.027027027027,37,0.145645645646,1.32432432432,10.4864864865,19.4,5.54285714286,7.45960090391,0.711353694445,0.33435497353,9.28680487276,1.77119474377,0.771802730566,2.89064972902,0.5513094844,0.291167456116,0.579945114934,0.437917739848,2,1.33333333333,0.585540043769,2,0.011529856387,0.00633356790992,6,0.000772200772201,0.514341384863,37,36,36,0.972972972973,0,0.702702702703,0.243243243243,0.027027027027,37,195,0.146396396396,1.32432432432,10.5405405405,19.5,5.57142857143,7.50775374972,0.712274073691,0.336105336105,9.29948818379,1.76451827077,0.770616770617,2.85432078561,0.541589072141,0.286070686071,0.579945114934,0.437917739848,2,1.33333333333,0.585540043769,2,0.012328042328,0.00730434782609,7,0.000900900900901,0.516563607085,37,36,36,0.972972972973,0,0.702702702703,0.243243243243,0.027027027027,-21,-0.0157657657658,0,-1.13513513514,-2.1,-0.428571428571,-0.691345299889,0.0100364236091,0.0260452760453,-1.02984844521,-0.0048588369746,0.00535150535151,-0.232510685097,0.0128262739183,0.0333179333179,0,0,0,0.00900900900901,0.00559492883467,0,0.000157916157916,0.00133165158035,0,0,-0.104632974111,-0.027027027027,0,0,195,0,21,1116,0.902777777778,1,0,0.0972222222222,1,0.902777777778,0.948905109489,0.941330856757,0.902777777778,0.902777777778,1,22,0,0,0,0
3925,WLNM_dir_neg,0.988119834711,0.885592585938,00:00:03,10,90,37,1238804661,threshold_sweep,0.1,1,0.0909090909091,0.166666666667,2,0,20,44,0.0909090909091,1,0,0.909090909091,1,0.0909090909091,0.166666666667,0.69696969697,0.656565656566,0.117647058824,0.25,0.0909090909091,216,194,22,0,216,0,194,0,22,37,216,0.162162162162,1.32432432432,11.6756756757,21.6,6,8.1990990496,0.702237650082,0.31006006006,10.329336629,1.76937710775,0.765265265265,3.0868314707,0.528762798222,0.252752752753,0.579945114934,0.437917739848,2,1.32432432432,0.579945114934,2,0.0121701261701,0.00597269624573,7,0.000900900900901,0.621196581197,37,37,37,1,0,0.72972972973,0.243243243243,0.027027027027,37,0.145645645646,1.32432432432,10.4864864865,19.4,5.38888888889,7.4147811147,0.707079642382,0.330872109223,9.35534726894,1.78426726263,0.771245472276,2.95715145786,0.563992803819,0.298411813876,0.579945114934,0.437917739848,2,1.32432432432,0.579945114934,2,0.00994653379747,0.00424028268551,4,0.000514800514801,0.515017094017,37,37,37,1,0,0.72972972973,0.243243243243,0.027027027027,37,196,0.147147147147,1.32432432432,10.5945945946,19.6,5.44444444444,7.51095296313,0.708941988867,0.334666298952,9.37746964468,1.7702366166,0.76889134032,2.8854507145,0.544702430799,0.289023717595,0.579945114934,0.437917739848,2,1.32432432432,0.579945114934,2,0.0125786635725,0.00621546961326,6,0.000772200772201,0.519461538462,37,37,37,1,0,0.72972972973,0.243243243243,0.027027027027,-20,-0.015015015015,0,-1.08108108108,-2,-0.555555555556,-0.68814608647,0.00670433878539,0.024606238892,-0.951866984317,0.000859508852857,0.00362607505465,-0.201380756201,0.0159396325766,0.0362709648424,0,0,0,0,0,0,0.000408537402326,0.000242773367526,-1,-0.0001287001287,-0.101735042735,0,0,0,196,0,20,1116,0.907407407407,1,0,0.0925925925926,1,0.907407407407,0.95145631068,0.944156726864,0.907407407407,0.907407407407,2,22,0,0,0,0
3926,WLNM_dir_neg,0.988119834711,0.885592585938,00:00:03,10,90,37,1238804661,threshold_sweep,0.2,1,0.0909090909091,0.166666666667,2,0,20,44,0.0909090909091,1,0,0.909090909091,1,0.0909090909091,0.166666666667,0.69696969697,0.656565656566,0.117647058824,0.25,0.0909090909091,216,194,22,0,216,0,194,0,22,37,216,0.162162162162,1.32432432432,11.6756756757,21.6,6,8.1990990496,0.702237650082,0.31006006006,10.329336629,1.76937710775,0.765265265265,3.0868314707,0.528762798222,0.252752752753,0.579945114934,0.437917739848,2,1.32432432432,0.579945114934,2,0.0121701261701,0.00597269624573,7,0.000900900900901,0.621196581197,37,37,37,1,0,0.72972972973,0.243243243243,0.027027027027,37,0.145645645646,1.32432432432,10.4864864865,19.4,5.38888888889,7.4147811147,0.707079642382,0.330872109223,9.35534726894,1.78426726263,0.771245472276,2.95715145786,0.563992803819,0.298411813876,0.579945114934,0.437917739848,2,1.32432432432,0.579945114934,2,0.00994653379747,0.00424028268551,4,0.000514800514801,0.515017094017,37,37,37,1,0,0.72972972973,0.243243243243,0.027027027027,37,196,0.147147147147,1.32432432432,10.5945945946,19.6,5.44444444444,7.51095296313,0.708941988867,0.334666298952,9.37746964468,1.7702366166,0.76889134032,2.8854507145,0.544702430799,0.289023717595,0.579945114934,0.437917739848,2,1.32432432432,0.579945114934,2,0.0125786635725,0.00621546961326,6,0.000772200772201,0.519461538462,37,37,37,1,0,0.72972972973,0.243243243243,0.027027027027,-20,-0.015015015015,0,-1.08108108108,-2,-0.555555555556,-0.68814608647,0.00670433878539,0.024606238892,-0.951866984317,0.000859508852857,0.00362607505465,-0.201380756201,0.0159396325766,0.0362709648424,0,0,0,0,0,0,0.000408537402326,0.000242773367526,-1,-0.0001287001287,-0.101735042735,0,0,0,196,0,20,1116,0.907407407407,1,0,0.0925925925926,1,0.907407407407,0.95145631068,0.944156726864,0.907407407407,0.907407407407,2,22,0,0,0,0
3927,WLNM_dir_neg,0.988119834711,0.885592585938,00:00:03,10,90,37,1238804661,threshold_sweep,0.3,1,0.0909090909091,0.166666666667,2,0,20,44,0.0909090909091,1,0,0.909090909091,1,0.0909090909091,0.166666666667,0.69696969697,0.656565656566,0.117647058824,0.25,0.0909090909091,216,194,22,0,216,0,194,0,22,37,216,0.162162162162,1.32432432432,11.6756756757,21.6,6,8.1990990496,0.702237650082,0.31006006006,10.329336629,1.76937710775,0.765265265265,3.0868314707,0.528762798222,0.252752752753,0.579945114934,0.437917739848,2,1.32432432432,0.579945114934,2,0.0121701261701,0.00597269624573,7,0.000900900900901,0.621196581197,37,37,37,1,0,0.72972972973,0.243243243243,0.027027027027,37,0.145645645646,1.32432432432,10.4864864865,19.4,5.38888888889,7.4147811147,0.707079642382,0.330872109223,9.35534726894,1.78426726263,0.771245472276,2.95715145786,0.563992803819,0.298411813876,0.579945114934,0.437917739848,2,1.32432432432,0.579945114934,2,0.00994653379747,0.00424028268551,4,0.000514800514801,0.515017094017,37,37,37,1,0,0.72972972973,0.243243243243,0.027027027027,37,196,0.147147147147,1.32432432432,10.5945945946,19.6,5.44444444444,7.51095296313,0.708941988867,0.334666298952,9.37746964468,1.7702366166,0.76889134032,2.8854507145,0.544702430799,0.289023717595,0.579945114934,0.437917739848,2,1.32432432432,0.579945114934,2,0.0125786635725,0.00621546961326,6,0.000772200772201,0.519461538462,37,37,37,1,0,0.72972972973,0.243243243243,0.027027027027,-20,-0.015015015015,0,-1.08108108108,-2,-0.555555555556,-0.68814608647,0.00670433878539,0.024606238892,-0.951866984317,0.000859508852857,0.00362607505465,-0.201380756201,0.0159396325766,0.0362709648424,0,0,0,0,0,0,0.000408537402326,0.000242773367526,-1,-0.0001287001287,-0.101735042735,0,0,0,196,0,20,1116,0.907407407407,1,0,0.0925925925926,1,0.907407407407,0.95145631068,0.944156726864,0.907407407407,0.907407407407,2,22,0,0,0,0
3928,WLNM_dir_neg,0.988119834711,0.885592585938,00:00:03,10,90,37,1238804661,threshold_sweep,0.4,1,0.0909090909091,0.166666666667,2,0,20,44,0.0909090909091,1,0,0.909090909091,1,0.0909090909091,0.166666666667,0.69696969697,0.656565656566,0.117647058824,0.25,0.0909090909091,216,194,22,0,216,0,194,0,22,37,216,0.162162162162,1.32432432432,11.6756756757,21.6,6,8.1990990496,0.702237650082,0.31006006006,10.329336629,1.76937710775,0.765265265265,3.0868314707,0.528762798222,0.252752752753,0.579945114934,0.437917739848,2,1.32432432432,0.579945114934,2,0.0121701261701,0.00597269624573,7,0.000900900900901,0.621196581197,37,37,37,1,0,0.72972972973,0.243243243243,0.027027027027,37,0.145645645646,1.32432432432,10.4864864865,19.4,5.38888888889,7.4147811147,0.707079642382,0.330872109223,9.35534726894,1.78426726263,0.771245472276,2.95715145786,0.563992803819,0.298411813876,0.579945114934,0.437917739848,2,1.32432432432,0.579945114934,2,0.00994653379747,0.00424028268551,4,0.000514800514801,0.515017094017,37,37,37,1,0,0.72972972973,0.243243243243,0.027027027027,37,196,0.147147147147,1.32432432432,10.5945945946,19.6,5.44444444444,7.51095296313,0.708941988867,0.334666298952,9.37746964468,1.7702366166,0.76889134032,2.8854507145,0.544702430799,0.289023717595,0.579945114934,0.437917739848,2,1.32432432432,0.579945114934,2,0.0125786635725,0.00621546961326,6,0.000772200772201,0.519461538462,37,37,37,1,0,0.72972972973,0.243243243243,0.027027027027,-20,-0.015015015015,0,-1.08108108108,-2,-0.555555555556,-0.68814608647,0.00670433878539,0.024606238892,-0.951866984317,0.000859508852857,0.00362607505465,-0.201380756201,0.0159396325766,0.0362709648424,0,0,0,0,0,0,0.000408537402326,0.000242773367526,-1,-0.0001287001287,-0.101735042735,0,0,0,196,0,20,1116,0.907407407407,1,0,0.0925925925926,1,0.907407407407,0.95145631068,0.944156726864,0.907407407407,0.907407407407,2,22,0,0,0,0
3929,WLNM_dir_neg,0.988119834711,0.885592585938,00:00:03,10,90,37,1238804661,threshold_sweep,0.5,1,0.0909090909091,0.166666666667,2,0,20,44,0.0909090909091,1,0,0.909090909091,1,0.0909090909091,0.166666666667,0.69696969697,0.656565656566,0.117647058824,0.25,0.0909090909091,216,194,22,0,216,0,194,0,22,37,216,0.162162162162,1.32432432432,11.6756756757,21.6,6,8.1990990496,0.702237650082,0.31006006006,10.329336629,1.76937710775,0.765265265265,3.0868314707,0.528762798222,0.252752752753,0.579945114934,0.437917739848,2,1.32432432432,0.579945114934,2,0.0121701261701,0.00597269624573,7,0.000900900900901,0.621196581197,37,37,37,1,0,0.72972972973,0.243243243243,0.027027027027,37,0.145645645646,1.32432432432,10.4864864865,19.4,5.38888888889,7.4147811147,0.707079642382,0.330872109223,9.35534726894,1.78426726263,0.771245472276,2.95715145786,0.563992803819,0.298411813876,0.579945114934,0.437917739848,2,1.32432432432,0.579945114934,2,0.00994653379747,0.00424028268551,4,0.000514800514801,0.515017094017,37,37,37,1,0,0.72972972973,0.243243243243,0.027027027027,37,196,0.147147147147,1.32432432432,10.5945945946,19.6,5.44444444444,7.51095296313,0.708941988867,0.334666298952,9.37746964468,1.7702366166,0.76889134032,2.8854507145,0.544702430799,0.289023717595,0.579945114934,0.437917739848,2,1.32432432432,0.579945114934,2,0.0125786635725,0.00621546961326,6,0.000772200772201,0.519461538462,37,37,37,1,0,0.72972972973,0.243243243243,0.027027027027,-20,-0.015015015015,0,-1.08108108108,-2,-0.555555555556,-0.68814608647,0.00670433878539,0.024606238892,-0.951866984317,0.000859508852857,0.00362607505465,-0.201380756201,0.0159396325766,0.0362709648424,0,0,0,0,0,0,0.000408537402326,0.000242773367526,-1,-0.0001287001287,-0.101735042735,0,0,0,196,0,20,1116,0.907407407407,1,0,0.0925925925926,1,0.907407407407,0.95145631068,0.944156726864,0.907407407407,0.907407407407,2,22,0,0,0,0
3930,WLNM_dir_neg,0.988119834711,0.885592585938,00:00:03,10,90,37,1238804661,threshold_sweep,0.6,1,0.0909090909091,0.166666666667,2,0,20,44,0.0909090909091,1,0,0.909090909091,1,0.0909090909091,0.166666666667,0.69696969697,0.656565656566,0.117647058824,0.25,0.0909090909091,216,194,22,0,216,0,194,0,22,37,216,0.162162162162,1.32432432432,11.6756756757,21.6,6,8.1990990496,0.702237650082,0.31006006006,10.329336629,1.76937710775,0.765265265265,3.0868314707,0.528762798222,0.252752752753,0.579945114934,0.437917739848,2,1.32432432432,0.579945114934,2,0.0121701261701,0.00597269624573,7,0.000900900900901,0.621196581197,37,37,37,1,0,0.72972972973,0.243243243243,0.027027027027,37,0.145645645646,1.32432432432,10.4864864865,19.4,5.38888888889,7.4147811147,0.707079642382,0.330872109223,9.35534726894,1.78426726263,0.771245472276,2.95715145786,0.563992803819,0.298411813876,0.579945114934,0.437917739848,2,1.32432432432,0.579945114934,2,0.00994653379747,0.00424028268551,4,0.000514800514801,0.515017094017,37,37,37,1,0,0.72972972973,0.243243243243,0.027027027027,37,196,0.147147147147,1.32432432432,10.5945945946,19.6,5.44444444444,7.51095296313,0.708941988867,0.334666298952,9.37746964468,1.7702366166,0.76889134032,2.8854507145,0.544702430799,0.289023717595,0.579945114934,0.437917739848,2,1.32432432432,0.579945114934,2,0.0125786635725,0.00621546961326,6,0.000772200772201,0.519461538462,37,37,37,1,0,0.72972972973,0.243243243243,0.027027027027,-20,-0.015015015015,0,-1.08108108108,-2,-0.555555555556,-0.68814608647,0.00670433878539,0.024606238892,-0.951866984317,0.000859508852857,0.00362607505465,-0.201380756201,0.0159396325766,0.0362709648424,0,0,0,0,0,0,0.000408537402326,0.000242773367526,-1,-0.0001287001287,-0.101735042735,0,0,0,196,0,20,1116,0.907407407407,1,0,0.0925925925926,1,0.907407407407,0.95145631068,0.944156726864,0.907407407407,0.907407407407,2,22,0,0,0,0
3931,WLNM_dir_neg,0.988119834711,0.885592585938,00:00:03,10,90,37,1238804661,threshold_sweep,0.7,1,0.0909090909091,0.166666666667,2,0,20,44,0.0909090909091,1,0,0.909090909091,1,0.0909090909091,0.166666666667,0.69696969697,0.656565656566,0.117647058824,0.25,0.0909090909091,216,194,22,0,216,0,194,0,22,37,216,0.162162162162,1.32432432432,11.6756756757,21.6,6,8.1990990496,0.702237650082,0.31006006006,10.329336629,1.76937710775,0.765265265265,3.0868314707,0.528762798222,0.252752752753,0.579945114934,0.437917739848,2,1.32432432432,0.579945114934,2,0.0121701261701,0.00597269624573,7,0.000900900900901,0.621196581197,37,37,37,1,0,0.72972972973,0.243243243243,0.027027027027,37,0.145645645646,1.32432432432,10.4864864865,19.4,5.38888888889,7.4147811147,0.707079642382,0.330872109223,9.35534726894,1.78426726263,0.771245472276,2.95715145786,0.563992803819,0.298411813876,0.579945114934,0.437917739848,2,1.32432432432,0.579945114934,2,0.00994653379747,0.00424028268551,4,0.000514800514801,0.515017094017,37,37,37,1,0,0.72972972973,0.243243243243,0.027027027027,37,196,0.147147147147,1.32432432432,10.5945945946,19.6,5.44444444444,7.51095296313,0.708941988867,0.334666298952,9.37746964468,1.7702366166,0.76889134032,2.8854507145,0.544702430799,0.289023717595,0.579945114934,0.437917739848,2,1.32432432432,0.579945114934,2,0.0125786635725,0.00621546961326,6,0.000772200772201,0.519461538462,37,37,37,1,0,0.72972972973,0.243243243243,0.027027027027,-20,-0.015015015015,0,-1.08108108108,-2,-0.555555555556,-0.68814608647,0.00670433878539,0.024606238892,-0.951866984317,0.000859508852857,0.00362607505465,-0.201380756201,0.0159396325766,0.0362709648424,0,0,0,0,0,0,0.000408537402326,0.000242773367526,-1,-0.0001287001287,-0.101735042735,0,0,0,196,0,20,1116,0.907407407407,1,0,0.0925925925926,1,0.907407407407,0.95145631068,0.944156726864,0.907407407407,0.907407407407,2,22,0,0,0,0
3932,WLNM_dir_neg,0.988119834711,0.885592585938,00:00:03,10,90,37,1238804661,threshold_sweep,0.8,1,0.0909090909091,0.166666666667,2,0,20,44,0.0909090909091,1,0,0.909090909091,1,0.0909090909091,0.166666666667,0.69696969697,0.656565656566,0.117647058824,0.25,0.0909090909091,216,194,22,0,216,0,194,0,22,37,216,0.162162162162,1.32432432432,11.6756756757,21.6,6,8.1990990496,0.702237650082,0.31006006006,10.329336629,1.76937710775,0.765265265265,3.0868314707,0.528762798222,0.252752752753,0.579945114934,0.437917739848,2,1.32432432432,0.579945114934,2,0.0121701261701,0.00597269624573,7,0.000900900900901,0.621196581197,37,37,37,1,0,0.72972972973,0.243243243243,0.027027027027,37,0.145645645646,1.32432432432,10.4864864865,19.4,5.38888888889,7.4147811147,0.707079642382,0.330872109223,9.35534726894,1.78426726263,0.771245472276,2.95715145786,0.563992803819,0.298411813876,0.579945114934,0.437917739848,2,1.32432432432,0.579945114934,2,0.00994653379747,0.00424028268551,4,0.000514800514801,0.515017094017,37,37,37,1,0,0.72972972973,0.243243243243,0.027027027027,37,196,0.147147147147,1.32432432432,10.5945945946,19.6,5.44444444444,7.51095296313,0.708941988867,0.334666298952,9.37746964468,1.7702366166,0.76889134032,2.8854507145,0.544702430799,0.289023717595,0.579945114934,0.437917739848,2,1.32432432432,0.579945114934,2,0.0125786635725,0.00621546961326,6,0.000772200772201,0.519461538462,37,37,37,1,0,0.72972972973,0.243243243243,0.027027027027,-20,-0.015015015015,0,-1.08108108108,-2,-0.555555555556,-0.68814608647,0.00670433878539,0.024606238892,-0.951866984317,0.000859508852857,0.00362607505465,-0.201380756201,0.0159396325766,0.0362709648424,0,0,0,0,0,0,0.000408537402326,0.000242773367526,-1,-0.0001287001287,-0.101735042735,0,0,0,196,0,20,1116,0.907407407407,1,0,0.0925925925926,1,0.907407407407,0.95145631068,0.944156726864,0.907407407407,0.907407407407,2,22,0,0,0,0
3933,WLNM_dir_neg,0.988119834711,0.885592585938,00:00:03,10,90,37,1238804661,threshold_sweep,0.9,1,0.0909090909091,0.166666666667,2,0,20,44,0.0909090909091,1,0,0.909090909091,1,0.0909090909091,0.166666666667,0.69696969697,0.656565656566,0.117647058824,0.25,0.0909090909091,216,194,22,0,216,0,194,0,22,37,216,0.162162162162,1.32432432432,11.6756756757,21.6,6,8.1990990496,0.702237650082,0.31006006006,10.329336629,1.76937710775,0.765265265265,3.0868314707,0.528762798222,0.252752752753,0.579945114934,0.437917739848,2,1.32432432432,0.579945114934,2,0.0121701261701,0.00597269624573,7,0.000900900900901,0.621196581197,37,37,37,1,0,0.72972972973,0.243243243243,0.027027027027,37,0.145645645646,1.32432432432,10.4864864865,19.4,5.38888888889,7.4147811147,0.707079642382,0.330872109223,9.35534726894,1.78426726263,0.771245472276,2.95715145786,0.563992803819,0.298411813876,0.579945114934,0.437917739848,2,1.32432432432,0.579945114934,2,0.00994653379747,0.00424028268551,4,0.000514800514801,0.515017094017,37,37,37,1,0,0.72972972973,0.243243243243,0.027027027027,37,196,0.147147147147,1.32432432432,10.5945945946,19.6,5.44444444444,7.51095296313,0.708941988867,0.334666298952,9.37746964468,1.7702366166,0.76889134032,2.8854507145,0.544702430799,0.289023717595,0.579945114934,0.437917739848,2,1.32432432432,0.579945114934,2,0.0125786635725,0.00621546961326,6,0.000772200772201,0.519461538462,37,37,37,1,0,0.72972972973,0.243243243243,0.027027027027,-20,-0.015015015015,0,-1.08108108108,-2,-0.555555555556,-0.68814608647,0.00670433878539,0.024606238892,-0.951866984317,0.000859508852857,0.00362607505465,-0.201380756201,0.0159396325766,0.0362709648424,0,0,0,0,0,0,0.000408537402326,0.000242773367526,-1,-0.0001287001287,-0.101735042735,0,0,0,196,0,20,1116,0.907407407407,1,0,0.0925925925926,1,0.907407407407,0.95145631068,0.944156726864,0.907407407407,0.907407407407,2,22,0,0,0,0
3934,WLNM_dir_neg,0.976239669421,0.909451581028,00:00:03,10,90,38,1238804662,threshold_sweep,0.1,0,0,0,0,0,22,44,0,1,0,1,0,0,0,0.666666666667,0.666666666667,0,0,0,216,194,22,0,216,0,194,0,22,37,216,0.162162162162,1.32432432432,11.6756756757,21.6,6,8.1990990496,0.702237650082,0.31006006006,10.329336629,1.76937710775,0.765265265265,3.0868314707,0.528762798222,0.252752752753,0.579945114934,0.437917739848,2,1.32432432432,0.579945114934,2,0.0121701261701,0.00597269624573,7,0.000900900900901,0.621196581197,37,37,37,1,0,0.72972972973,0.243243243243,0.027027027027,37,0.145645645646,1.32432432432,10.4864864865,19.4,5.54285714286,7.43348886841,0.708863629204,0.332822513235,9.31368588394,1.77632153457,0.770688213987,2.89064972902,0.5513094844,0.293396489273,0.579945114934,0.437917739848,2,1.32432432432,0.579945114934,2,0.0135252977986,0.00634920634921,6,0.000772200772201,0.511412981543,37,37,37,1,0,0.72972972973,0.216216216216,0.0540540540541,37,194,0.145645645646,1.32432432432,10.4864864865,19.4,5.54285714286,7.43348886841,0.708863629204,0.332822513235,9.31368588394,1.77632153457,0.770688213987,2.89064972902,0.5513094844,0.293396489273,0.579945114934,0.437917739848,2,1.32432432432,0.579945114934,2,0.0135252977986,0.00634920634921,6,0.000772200772201,0.511412981543,37,37,37,1,0,0.72972972973,0.216216216216,0.0540540540541,-22,-0.0165165165165,0,-1.18918918919,-2.2,-0.457142857143,-0.765610181196,0.00662597912206,0.0227624531748,-1.01565074506,0.00694442682098,0.00542294872192,-0.196181741689,0.0225466861774,0.04064373652,0,0,0,0,0,0,0.00135517162846,0.000376510103473,-1,-0.0001287001287,-0.109783599653,0,-0.027027027027,0.027027027027,194,0,22,1116,0.898148148148,1,0,0.101851851852,1,0.898148148148,0.946341463415,0.938501466663,0.898148148148,0.898148148148,0,22,0,0,0,0
3935,WLNM_dir_neg,0.976239669421,0.909451581028,00:00:03,10,90,38,1238804662,threshold_sweep,0.2,0,0,0,0,0,22,44,0,1,0,1,0,0,0,0.666666666667,0.666666666667,0,0,0,216,194,22,0,216,0,194,0,22,37,216,0.162162162162,1.32432432432,11.6756756757,21.6,6,8.1990990496,0.702237650082,0.31006006006,10.329336629,1.76937710775,0.765265265265,3.0868314707,0.528762798222,0.252752752753,0.579945114934,0.437917739848,2,1.32432432432,0.579945114934,2,0.0121701261701,0.00597269624573,7,0.000900900900901,0.621196581197,37,37,37,1,0,0.72972972973,0.243243243243,0.027027027027,37,0.145645645646,1.32432432432,10.4864864865,19.4,5.54285714286,7.43348886841,0.708863629204,0.332822513235,9.31368588394,1.77632153457,0.770688213987,2.89064972902,0.5513094844,0.293396489273,0.579945114934,0.437917739848,2,1.32432432432,0.579945114934,2,0.0135252977986,0.00634920634921,6,0.000772200772201,0.511412981543,37,37,37,1,0,0.72972972973,0.216216216216,0.0540540540541,37,194,0.145645645646,1.32432432432,10.4864864865,19.4,5.54285714286,7.43348886841,0.708863629204,0.332822513235,9.31368588394,1.77632153457,0.770688213987,2.89064972902,0.5513094844,0.293396489273,0.579945114934,0.437917739848,2,1.32432432432,0.579945114934,2,0.0135252977986,0.00634920634921,6,0.000772200772201,0.511412981543,37,37,37,1,0,0.72972972973,0.216216216216,0.0540540540541,-22,-0.0165165165165,0,-1.18918918919,-2.2,-0.457142857143,-0.765610181196,0.00662597912206,0.0227624531748,-1.01565074506,0.00694442682098,0.00542294872192,-0.196181741689,0.0225466861774,0.04064373652,0,0,0,0,0,0,0.00135517162846,0.000376510103473,-1,-0.0001287001287,-0.109783599653,0,-0.027027027027,0.027027027027,194,0,22,1116,0.898148148148,1,0,0.101851851852,1,0.898148148148,0.946341463415,0.938501466663,0.898148148148,0.898148148148,0,22,0,0,0,0
3936,WLNM_dir_neg,0.976239669421,0.909451581028,00:00:03,10,90,38,1238804662,threshold_sweep,0.3,0,0,0,0,0,22,44,0,1,0,1,0,0,0,0.666666666667,0.666666666667,0,0,0,216,194,22,0,216,0,194,0,22,37,216,0.162162162162,1.32432432432,11.6756756757,21.6,6,8.1990990496,0.702237650082,0.31006006006,10.329336629,1.76937710775,0.765265265265,3.0868314707,0.528762798222,0.252752752753,0.579945114934,0.437917739848,2,1.32432432432,0.579945114934,2,0.0121701261701,0.00597269624573,7,0.000900900900901,0.621196581197,37,37,37,1,0,0.72972972973,0.243243243243,0.027027027027,37,0.145645645646,1.32432432432,10.4864864865,19.4,5.54285714286,7.43348886841,0.708863629204,0.332822513235,9.31368588394,1.77632153457,0.770688213987,2.89064972902,0.5513094844,0.293396489273,0.579945114934,0.437917739848,2,1.32432432432,0.579945114934,2,0.0135252977986,0.00634920634921,6,0.000772200772201,0.511412981543,37,37,37,1,0,0.72972972973,0.216216216216,0.0540540540541,37,194,0.145645645646,1.32432432432,10.4864864865,19.4,5.54285714286,7.43348886841,0.708863629204,0.332822513235,9.31368588394,1.77632153457,0.770688213987,2.89064972902,0.5513094844,0.293396489273,0.579945114934,0.437917739848,2,1.32432432432,0.579945114934,2,0.0135252977986,0.00634920634921,6,0.000772200772201,0.511412981543,37,37,37,1,0,0.72972972973,0.216216216216,0.0540540540541,-22,-0.0165165165165,0,-1.18918918919,-2.2,-0.457142857143,-0.765610181196,0.00662597912206,0.0227624531748,-1.01565074506,0.00694442682098,0.00542294872192,-0.196181741689,0.0225466861774,0.04064373652,0,0,0,0,0,0,0.00135517162846,0.000376510103473,-1,-0.0001287001287,-0.109783599653,0,-0.027027027027,0.027027027027,194,0,22,1116,0.898148148148,1,0,0.101851851852,1,0.898148148148,0.946341463415,0.938501466663,0.898148148148,0.898148148148,0,22,0,0,0,0
3937,WLNM_dir_neg,0.976239669421,0.909451581028,00:00:03,10,90,38,1238804662,threshold_sweep,0.4,0,0,0,0,0,22,44,0,1,0,1,0,0,0,0.666666666667,0.666666666667,0,0,0,216,194,22,0,216,0,194,0,22,37,216,0.162162162162,1.32432432432,11.6756756757,21.6,6,8.1990990496,0.702237650082,0.31006006006,10.329336629,1.76937710775,0.765265265265,3.0868314707,0.528762798222,0.252752752753,0.579945114934,0.437917739848,2,1.32432432432,0.579945114934,2,0.0121701261701,0.00597269624573,7,0.000900900900901,0.621196581197,37,37,37,1,0,0.72972972973,0.243243243243,0.027027027027,37,0.145645645646,1.32432432432,10.4864864865,19.4,5.54285714286,7.43348886841,0.708863629204,0.332822513235,9.31368588394,1.77632153457,0.770688213987,2.89064972902,0.5513094844,0.293396489273,0.579945114934,0.437917739848,2,1.32432432432,0.579945114934,2,0.0135252977986,0.00634920634921,6,0.000772200772201,0.511412981543,37,37,37,1,0,0.72972972973,0.216216216216,0.0540540540541,37,194,0.145645645646,1.32432432432,10.4864864865,19.4,5.54285714286,7.43348886841,0.708863629204,0.332822513235,9.31368588394,1.77632153457,0.770688213987,2.89064972902,0.5513094844,0.293396489273,0.579945114934,0.437917739848,2,1.32432432432,0.579945114934,2,0.0135252977986,0.00634920634921,6,0.000772200772201,0.511412981543,37,37,37,1,0,0.72972972973,0.216216216216,0.0540540540541,-22,-0.0165165165165,0,-1.18918918919,-2.2,-0.457142857143,-0.765610181196,0.00662597912206,0.0227624531748,-1.01565074506,0.00694442682098,0.00542294872192,-0.196181741689,0.0225466861774,0.04064373652,0,0,0,0,0,0,0.00135517162846,0.000376510103473,-1,-0.0001287001287,-0.109783599653,0,-0.027027027027,0.027027027027,194,0,22,1116,0.898148148148,1,0,0.101851851852,1,0.898148148148,0.946341463415,0.938501466663,0.898148148148,0.898148148148,0,22,0,0,0,0
3938,WLNM_dir_neg,0.976239669421,0.909451581028,00:00:03,10,90,38,1238804662,threshold_sweep,0.5,0,0,0,0,0,22,44,0,1,0,1,0,0,0,0.666666666667,0.666666666667,0,0,0,216,194,22,0,216,0,194,0,22,37,216,0.162162162162,1.32432432432,11.6756756757,21.6,6,8.1990990496,0.702237650082,0.31006006006,10.329336629,1.76937710775,0.765265265265,3.0868314707,0.528762798222,0.252752752753,0.579945114934,0.437917739848,2,1.32432432432,0.579945114934,2,0.0121701261701,0.00597269624573,7,0.000900900900901,0.621196581197,37,37,37,1,0,0.72972972973,0.243243243243,0.027027027027,37,0.145645645646,1.32432432432,10.4864864865,19.4,5.54285714286,7.43348886841,0.708863629204,0.332822513235,9.31368588394,1.77632153457,0.770688213987,2.89064972902,0.5513094844,0.293396489273,0.579945114934,0.437917739848,2,1.32432432432,0.579945114934,2,0.0135252977986,0.00634920634921,6,0.000772200772201,0.511412981543,37,37,37,1,0,0.72972972973,0.216216216216,0.0540540540541,37,194,0.145645645646,1.32432432432,10.4864864865,19.4,5.54285714286,7.43348886841,0.708863629204,0.332822513235,9.31368588394,1.77632153457,0.770688213987,2.89064972902,0.5513094844,0.293396489273,0.579945114934,0.437917739848,2,1.32432432432,0.579945114934,2,0.0135252977986,0.00634920634921,6,0.000772200772201,0.511412981543,37,37,37,1,0,0.72972972973,0.216216216216,0.0540540540541,-22,-0.0165165165165,0,-1.18918918919,-2.2,-0.457142857143,-0.765610181196,0.00662597912206,0.0227624531748,-1.01565074506,0.00694442682098,0.00542294872192,-0.196181741689,0.0225466861774,0.04064373652,0,0,0,0,0,0,0.00135517162846,0.000376510103473,-1,-0.0001287001287,-0.109783599653,0,-0.027027027027,0.027027027027,194,0,22,1116,0.898148148148,1,0,0.101851851852,1,0.898148148148,0.946341463415,0.938501466663,0.898148148148,0.898148148148,0,22,0,0,0,0
3939,WLNM_dir_neg,0.976239669421,0.909451581028,00:00:03,10,90,38,1238804662,threshold_sweep,0.6,0,0,0,0,0,22,44,0,1,0,1,0,0,0,0.666666666667,0.666666666667,0,0,0,216,194,22,0,216,0,194,0,22,37,216,0.162162162162,1.32432432432,11.6756756757,21.6,6,8.1990990496,0.702237650082,0.31006006006,10.329336629,1.76937710775,0.765265265265,3.0868314707,0.528762798222,0.252752752753,0.579945114934,0.437917739848,2,1.32432432432,0.579945114934,2,0.0121701261701,0.00597269624573,7,0.000900900900901,0.621196581197,37,37,37,1,0,0.72972972973,0.243243243243,0.027027027027,37,0.145645645646,1.32432432432,10.4864864865,19.4,5.54285714286,7.43348886841,0.708863629204,0.332822513235,9.31368588394,1.77632153457,0.770688213987,2.89064972902,0.5513094844,0.293396489273,0.579945114934,0.437917739848,2,1.32432432432,0.579945114934,2,0.0135252977986,0.00634920634921,6,0.000772200772201,0.511412981543,37,37,37,1,0,0.72972972973,0.216216216216,0.0540540540541,37,194,0.145645645646,1.32432432432,10.4864864865,19.4,5.54285714286,7.43348886841,0.708863629204,0.332822513235,9.31368588394,1.77632153457,0.770688213987,2.89064972902,0.5513094844,0.293396489273,0.579945114934,0.437917739848,2,1.32432432432,0.579945114934,2,0.0135252977986,0.00634920634921,6,0.000772200772201,0.511412981543,37,37,37,1,0,0.72972972973,0.216216216216,0.0540540540541,-22,-0.0165165165165,0,-1.18918918919,-2.2,-0.457142857143,-0.765610181196,0.00662597912206,0.0227624531748,-1.01565074506,0.00694442682098,0.00542294872192,-0.196181741689,0.0225466861774,0.04064373652,0,0,0,0,0,0,0.00135517162846,0.000376510103473,-1,-0.0001287001287,-0.109783599653,0,-0.027027027027,0.027027027027,194,0,22,1116,0.898148148148,1,0,0.101851851852,1,0.898148148148,0.946341463415,0.938501466663,0.898148148148,0.898148148148,0,22,0,0,0,0
3940,WLNM_dir_neg,0.976239669421,0.909451581028,00:00:03,10,90,38,1238804662,threshold_sweep,0.7,0,0,0,0,0,22,44,0,1,0,1,0,0,0,0.666666666667,0.666666666667,0,0,0,216,194,22,0,216,0,194,0,22,37,216,0.162162162162,1.32432432432,11.6756756757,21.6,6,8.1990990496,0.702237650082,0.31006006006,10.329336629,1.76937710775,0.765265265265,3.0868314707,0.528762798222,0.252752752753,0.579945114934,0.437917739848,2,1.32432432432,0.579945114934,2,0.0121701261701,0.00597269624573,7,0.000900900900901,0.621196581197,37,37,37,1,0,0.72972972973,0.243243243243,0.027027027027,37,0.145645645646,1.32432432432,10.4864864865,19.4,5.54285714286,7.43348886841,0.708863629204,0.332822513235,9.31368588394,1.77632153457,0.770688213987,2.89064972902,0.5513094844,0.293396489273,0.579945114934,0.437917739848,2,1.32432432432,0.579945114934,2,0.0135252977986,0.00634920634921,6,0.000772200772201,0.511412981543,37,37,37,1,0,0.72972972973,0.216216216216,0.0540540540541,37,194,0.145645645646,1.32432432432,10.4864864865,19.4,5.54285714286,7.43348886841,0.708863629204,0.332822513235,9.31368588394,1.77632153457,0.770688213987,2.89064972902,0.5513094844,0.293396489273,0.579945114934,0.437917739848,2,1.32432432432,0.579945114934,2,0.0135252977986,0.00634920634921,6,0.000772200772201,0.511412981543,37,37,37,1,0,0.72972972973,0.216216216216,0.0540540540541,-22,-0.0165165165165,0,-1.18918918919,-2.2,-0.457142857143,-0.765610181196,0.00662597912206,0.0227624531748,-1.01565074506,0.00694442682098,0.00542294872192,-0.196181741689,0.0225466861774,0.04064373652,0,0,0,0,0,0,0.00135517162846,0.000376510103473,-1,-0.0001287001287,-0.109783599653,0,-0.027027027027,0.027027027027,194,0,22,1116,0.898148148148,1,0,0.101851851852,1,0.898148148148,0.946341463415,0.938501466663,0.898148148148,0.898148148148,0,22,0,0,0,0
3941,WLNM_dir_neg,0.976239669421,0.909451581028,00:00:03,10,90,38,1238804662,threshold_sweep,0.8,0,0,0,0,0,22,44,0,1,0,1,0,0,0,0.666666666667,0.666666666667,0,0,0,216,194,22,0,216,0,194,0,22,37,216,0.162162162162,1.32432432432,11.6756756757,21.6,6,8.1990990496,0.702237650082,0.31006006006,10.329336629,1.76937710775,0.765265265265,3.0868314707,0.528762798222,0.252752752753,0.579945114934,0.437917739848,2,1.32432432432,0.579945114934,2,0.0121701261701,0.00597269624573,7,0.000900900900901,0.621196581197,37,37,37,1,0,0.72972972973,0.243243243243,0.027027027027,37,0.145645645646,1.32432432432,10.4864864865,19.4,5.54285714286,7.43348886841,0.708863629204,0.332822513235,9.31368588394,1.77632153457,0.770688213987,2.89064972902,0.5513094844,0.293396489273,0.579945114934,0.437917739848,2,1.32432432432,0.579945114934,2,0.0135252977986,0.00634920634921,6,0.000772200772201,0.511412981543,37,37,37,1,0,0.72972972973,0.216216216216,0.0540540540541,37,194,0.145645645646,1.32432432432,10.4864864865,19.4,5.54285714286,7.43348886841,0.708863629204,0.332822513235,9.31368588394,1.77632153457,0.770688213987,2.89064972902,0.5513094844,0.293396489273,0.579945114934,0.437917739848,2,1.32432432432,0.579945114934,2,0.0135252977986,0.00634920634921,6,0.000772200772201,0.511412981543,37,37,37,1,0,0.72972972973,0.216216216216,0.0540540540541,-22,-0.0165165165165,0,-1.18918918919,-2.2,-0.457142857143,-0.765610181196,0.00662597912206,0.0227624531748,-1.01565074506,0.00694442682098,0.00542294872192,-0.196181741689,0.0225466861774,0.04064373652,0,0,0,0,0,0,0.00135517162846,0.000376510103473,-1,-0.0001287001287,-0.109783599653,0,-0.027027027027,0.027027027027,194,0,22,1116,0.898148148148,1,0,0.101851851852,1,0.898148148148,0.946341463415,0.938501466663,0.898148148148,0.898148148148,0,22,0,0,0,0
3942,WLNM_dir_neg,0.976239669421,0.909451581028,00:00:03,10,90,38,1238804662,threshold_sweep,0.9,0,0,0,0,0,22,44,0,1,0,1,0,0,0,0.666666666667,0.666666666667,0,0,0,216,194,22,0,216,0,194,0,22,37,216,0.162162162162,1.32432432432,11.6756756757,21.6,6,8.1990990496,0.702237650082,0.31006006006,10.329336629,1.76937710775,0.765265265265,3.0868314707,0.528762798222,0.252752752753,0.579945114934,0.437917739848,2,1.32432432432,0.579945114934,2,0.0121701261701,0.00597269624573,7,0.000900900900901,0.621196581197,37,37,37,1,0,0.72972972973,0.243243243243,0.027027027027,37,0.145645645646,1.32432432432,10.4864864865,19.4,5.54285714286,7.43348886841,0.708863629204,0.332822513235,9.31368588394,1.77632153457,0.770688213987,2.89064972902,0.5513094844,0.293396489273,0.579945114934,0.437917739848,2,1.32432432432,0.579945114934,2,0.0135252977986,0.00634920634921,6,0.000772200772201,0.511412981543,37,37,37,1,0,0.72972972973,0.216216216216,0.0540540540541,37,194,0.145645645646,1.32432432432,10.4864864865,19.4,5.54285714286,7.43348886841,0.708863629204,0.332822513235,9.31368588394,1.77632153457,0.770688213987,2.89064972902,0.5513094844,0.293396489273,0.579945114934,0.437917739848,2,1.32432432432,0.579945114934,2,0.0135252977986,0.00634920634921,6,0.000772200772201,0.511412981543,37,37,37,1,0,0.72972972973,0.216216216216,0.0540540540541,-22,-0.0165165165165,0,-1.18918918919,-2.2,-0.457142857143,-0.765610181196,0.00662597912206,0.0227624531748,-1.01565074506,0.00694442682098,0.00542294872192,-0.196181741689,0.0225466861774,0.04064373652,0,0,0,0,0,0,0.00135517162846,0.000376510103473,-1,-0.0001287001287,-0.109783599653,0,-0.027027027027,0.027027027027,194,0,22,1116,0.898148148148,1,0,0.101851851852,1,0.898148148148,0.946341463415,0.938501466663,0.898148148148,0.898148148148,0,22,0,0,0,0
3943,WLNM_dir_neg,1,0.954545454545,00:00:03,10,90,39,1238804663,threshold_sweep,0.1,1,0.0454545454545,0.0869565217391,1,0,21,44,0.0454545454545,1,0,0.954545454545,1,0.0454545454545,0.0869565217391,0.681818181818,0.661616161616,0.0597014925373,0.175411603861,0.0454545454545,216,194,22,0,216,0,194,0,22,37,216,0.162162162162,1.32432432432,11.6756756757,21.6,6,8.1990990496,0.702237650082,0.31006006006,10.329336629,1.76937710775,0.765265265265,3.0868314707,0.528762798222,0.252752752753,0.579945114934,0.437917739848,2,1.32432432432,0.579945114934,2,0.0121701261701,0.00597269624573,7,0.000900900900901,0.621196581197,37,37,37,1,0,0.72972972973,0.243243243243,0.027027027027,37,0.145645645646,1.32432432432,10.4864864865,19.4,5.54285714286,7.43348886841,0.708863629204,0.332683198663,9.26584350482,1.76719695711,0.76845918083,2.89064972902,0.5513094844,0.291446085261,0.579945114934,0.437917739848,2,1.33333333333,0.585540043769,2,0.0115225726654,0.00634920634921,6,0.000772200772201,0.514690821256,37,36,36,0.972972972973,0,0.702702702703,0.243243243243,0.027027027027,37,195,0.146396396396,1.32432432432,10.5405405405,19.5,5.57142857143,7.48180977287,0.709812722042,0.334303534304,9.27855546902,1.76054642233,0.76729036729,2.85432078561,0.541589072141,0.286347886348,0.579945114934,0.437917739848,2,1.33333333333,0.585540043769,2,0.0123207586065,0.00732217573222,7,0.000900900900901,0.516913043478,37,36,36,0.972972972973,0,0.702702702703,0.243243243243,0.027027027027,-21,-0.0157657657658,0,-1.13513513514,-2.1,-0.428571428571,-0.71728927673,0.00757507196006,0.0242434742435,-1.05078115998,-0.00883068541936,0.0020251020251,-0.232510685097,0.0128262739183,0.0335951335951,0,0,0,0.00900900900901,0.00559492883467,0,0.000150632436347,0.00134947948648,0,0,-0.104283537718,-0.027027027027,0,0,195,0,21,1116,0.902777777778,1,0,0.0972222222222,1,0.902777777778,0.948905109489,0.941330856757,0.902777777778,0.902777777778,1,22,0,0,0,0
3944,WLNM_dir_neg,1,0.954545454545,00:00:03,10,90,39,1238804663,threshold_sweep,0.2,1,0.0454545454545,0.0869565217391,1,0,21,44,0.0454545454545,1,0,0.954545454545,1,0.0454545454545,0.0869565217391,0.681818181818,0.661616161616,0.0597014925373,0.175411603861,0.0454545454545,216,194,22,0,216,0,194,0,22,37,216,0.162162162162,1.32432432432,11.6756756757,21.6,6,8.1990990496,0.702237650082,0.31006006006,10.329336629,1.76937710775,0.765265265265,3.0868314707,0.528762798222,0.252752752753,0.579945114934,0.437917739848,2,1.32432432432,0.579945114934,2,0.0121701261701,0.00597269624573,7,0.000900900900901,0.621196581197,37,37,37,1,0,0.72972972973,0.243243243243,0.027027027027,37,0.145645645646,1.32432432432,10.4864864865,19.4,5.54285714286,7.43348886841,0.708863629204,0.332683198663,9.26584350482,1.76719695711,0.76845918083,2.89064972902,0.5513094844,0.291446085261,0.579945114934,0.437917739848,2,1.33333333333,0.585540043769,2,0.0115225726654,0.00634920634921,6,0.000772200772201,0.514690821256,37,36,36,0.972972972973,0,0.702702702703,0.243243243243,0.027027027027,37,195,0.146396396396,1.32432432432,10.5405405405,19.5,5.57142857143,7.48180977287,0.709812722042,0.334303534304,9.27855546902,1.76054642233,0.76729036729,2.85432078561,0.541589072141,0.286347886348,0.579945114934,0.437917739848,2,1.33333333333,0.585540043769,2,0.0123207586065,0.00732217573222,7,0.000900900900901,0.516913043478,37,36,36,0.972972972973,0,0.702702702703,0.243243243243,0.027027027027,-21,-0.0157657657658,0,-1.13513513514,-2.1,-0.428571428571,-0.71728927673,0.00757507196006,0.0242434742435,-1.05078115998,-0.00883068541936,0.0020251020251,-0.232510685097,0.0128262739183,0.0335951335951,0,0,0,0.00900900900901,0.00559492883467,0,0.000150632436347,0.00134947948648,0,0,-0.104283537718,-0.027027027027,0,0,195,0,21,1116,0.902777777778,1,0,0.0972222222222,1,0.902777777778,0.948905109489,0.941330856757,0.902777777778,0.902777777778,1,22,0,0,0,0
3945,WLNM_dir_neg,1,0.954545454545,00:00:03,10,90,39,1238804663,threshold_sweep,0.3,1,0.0454545454545,0.0869565217391,1,0,21,44,0.0454545454545,1,0,0.954545454545,1,0.0454545454545,0.0869565217391,0.681818181818,0.661616161616,0.0597014925373,0.175411603861,0.0454545454545,216,194,22,0,216,0,194,0,22,37,216,0.162162162162,1.32432432432,11.6756756757,21.6,6,8.1990990496,0.702237650082,0.31006006006,10.329336629,1.76937710775,0.765265265265,3.0868314707,0.528762798222,0.252752752753,0.579945114934,0.437917739848,2,1.32432432432,0.579945114934,2,0.0121701261701,0.00597269624573,7,0.000900900900901,0.621196581197,37,37,37,1,0,0.72972972973,0.243243243243,0.027027027027,37,0.145645645646,1.32432432432,10.4864864865,19.4,5.54285714286,7.43348886841,0.708863629204,0.332683198663,9.26584350482,1.76719695711,0.76845918083,2.89064972902,0.5513094844,0.291446085261,0.579945114934,0.437917739848,2,1.33333333333,0.585540043769,2,0.0115225726654,0.00634920634921,6,0.000772200772201,0.514690821256,37,36,36,0.972972972973,0,0.702702702703,0.243243243243,0.027027027027,37,195,0.146396396396,1.32432432432,10.5405405405,19.5,5.57142857143,7.48180977287,0.709812722042,0.334303534304,9.27855546902,1.76054642233,0.76729036729,2.85432078561,0.541589072141,0.286347886348,0.579945114934,0.437917739848,2,1.33333333333,0.585540043769,2,0.0123207586065,0.00732217573222,7,0.000900900900901,0.516913043478,37,36,36,0.972972972973,0,0.702702702703,0.243243243243,0.027027027027,-21,-0.0157657657658,0,-1.13513513514,-2.1,-0.428571428571,-0.71728927673,0.00757507196006,0.0242434742435,-1.05078115998,-0.00883068541936,0.0020251020251,-0.232510685097,0.0128262739183,0.0335951335951,0,0,0,0.00900900900901,0.00559492883467,0,0.000150632436347,0.00134947948648,0,0,-0.104283537718,-0.027027027027,0,0,195,0,21,1116,0.902777777778,1,0,0.0972222222222,1,0.902777777778,0.948905109489,0.941330856757,0.902777777778,0.902777777778,1,22,0,0,0,0
3946,WLNM_dir_neg,1,0.954545454545,00:00:03,10,90,39,1238804663,threshold_sweep,0.4,1,0.0454545454545,0.0869565217391,1,0,21,44,0.0454545454545,1,0,0.954545454545,1,0.0454545454545,0.0869565217391,0.681818181818,0.661616161616,0.0597014925373,0.175411603861,0.0454545454545,216,194,22,0,216,0,194,0,22,37,216,0.162162162162,1.32432432432,11.6756756757,21.6,6,8.1990990496,0.702237650082,0.31006006006,10.329336629,1.76937710775,0.765265265265,3.0868314707,0.528762798222,0.252752752753,0.579945114934,0.437917739848,2,1.32432432432,0.579945114934,2,0.0121701261701,0.00597269624573,7,0.000900900900901,0.621196581197,37,37,37,1,0,0.72972972973,0.243243243243,0.027027027027,37,0.145645645646,1.32432432432,10.4864864865,19.4,5.54285714286,7.43348886841,0.708863629204,0.332683198663,9.26584350482,1.76719695711,0.76845918083,2.89064972902,0.5513094844,0.291446085261,0.579945114934,0.437917739848,2,1.33333333333,0.585540043769,2,0.0115225726654,0.00634920634921,6,0.000772200772201,0.514690821256,37,36,36,0.972972972973,0,0.702702702703,0.243243243243,0.027027027027,37,195,0.146396396396,1.32432432432,10.5405405405,19.5,5.57142857143,7.48180977287,0.709812722042,0.334303534304,9.27855546902,1.76054642233,0.76729036729,2.85432078561,0.541589072141,0.286347886348,0.579945114934,0.437917739848,2,1.33333333333,0.585540043769,2,0.0123207586065,0.00732217573222,7,0.000900900900901,0.516913043478,37,36,36,0.972972972973,0,0.702702702703,0.243243243243,0.027027027027,-21,-0.0157657657658,0,-1.13513513514,-2.1,-0.428571428571,-0.71728927673,0.00757507196006,0.0242434742435,-1.05078115998,-0.00883068541936,0.0020251020251,-0.232510685097,0.0128262739183,0.0335951335951,0,0,0,0.00900900900901,0.00559492883467,0,0.000150632436347,0.00134947948648,0,0,-0.104283537718,-0.027027027027,0,0,195,0,21,1116,0.902777777778,1,0,0.0972222222222,1,0.902777777778,0.948905109489,0.941330856757,0.902777777778,0.902777777778,1,22,0,0,0,0
3947,WLNM_dir_neg,1,0.954545454545,00:00:03,10,90,39,1238804663,threshold_sweep,0.5,1,0.0454545454545,0.0869565217391,1,0,21,44,0.0454545454545,1,0,0.954545454545,1,0.0454545454545,0.0869565217391,0.681818181818,0.661616161616,0.0597014925373,0.175411603861,0.0454545454545,216,194,22,0,216,0,194,0,22,37,216,0.162162162162,1.32432432432,11.6756756757,21.6,6,8.1990990496,0.702237650082,0.31006006006,10.329336629,1.76937710775,0.765265265265,3.0868314707,0.528762798222,0.252752752753,0.579945114934,0.437917739848,2,1.32432432432,0.579945114934,2,0.0121701261701,0.00597269624573,7,0.000900900900901,0.621196581197,37,37,37,1,0,0.72972972973,0.243243243243,0.027027027027,37,0.145645645646,1.32432432432,10.4864864865,19.4,5.54285714286,7.43348886841,0.708863629204,0.332683198663,9.26584350482,1.76719695711,0.76845918083,2.89064972902,0.5513094844,0.291446085261,0.579945114934,0.437917739848,2,1.33333333333,0.585540043769,2,0.0115225726654,0.00634920634921,6,0.000772200772201,0.514690821256,37,36,36,0.972972972973,0,0.702702702703,0.243243243243,0.027027027027,37,195,0.146396396396,1.32432432432,10.5405405405,19.5,5.57142857143,7.48180977287,0.709812722042,0.334303534304,9.27855546902,1.76054642233,0.76729036729,2.85432078561,0.541589072141,0.286347886348,0.579945114934,0.437917739848,2,1.33333333333,0.585540043769,2,0.0123207586065,0.00732217573222,7,0.000900900900901,0.516913043478,37,36,36,0.972972972973,0,0.702702702703,0.243243243243,0.027027027027,-21,-0.0157657657658,0,-1.13513513514,-2.1,-0.428571428571,-0.71728927673,0.00757507196006,0.0242434742435,-1.05078115998,-0.00883068541936,0.0020251020251,-0.232510685097,0.0128262739183,0.0335951335951,0,0,0,0.00900900900901,0.00559492883467,0,0.000150632436347,0.00134947948648,0,0,-0.104283537718,-0.027027027027,0,0,195,0,21,1116,0.902777777778,1,0,0.0972222222222,1,0.902777777778,0.948905109489,0.941330856757,0.902777777778,0.902777777778,1,22,0,0,0,0
3948,WLNM_dir_neg,1,0.954545454545,00:00:03,10,90,39,1238804663,threshold_sweep,0.6,1,0.0454545454545,0.0869565217391,1,0,21,44,0.0454545454545,1,0,0.954545454545,1,0.0454545454545,0.0869565217391,0.681818181818,0.661616161616,0.0597014925373,0.175411603861,0.0454545454545,216,194,22,0,216,0,194,0,22,37,216,0.162162162162,1.32432432432,11.6756756757,21.6,6,8.1990990496,0.702237650082,0.31006006006,10.329336629,1.76937710775,0.765265265265,3.0868314707,0.528762798222,0.252752752753,0.579945114934,0.437917739848,2,1.32432432432,0.579945114934,2,0.0121701261701,0.00597269624573,7,0.000900900900901,0.621196581197,37,37,37,1,0,0.72972972973,0.243243243243,0.027027027027,37,0.145645645646,1.32432432432,10.4864864865,19.4,5.54285714286,7.43348886841,0.708863629204,0.332683198663,9.26584350482,1.76719695711,0.76845918083,2.89064972902,0.5513094844,0.291446085261,0.579945114934,0.437917739848,2,1.33333333333,0.585540043769,2,0.0115225726654,0.00634920634921,6,0.000772200772201,0.514690821256,37,36,36,0.972972972973,0,0.702702702703,0.243243243243,0.027027027027,37,195,0.146396396396,1.32432432432,10.5405405405,19.5,5.57142857143,7.48180977287,0.709812722042,0.334303534304,9.27855546902,1.76054642233,0.76729036729,2.85432078561,0.541589072141,0.286347886348,0.579945114934,0.437917739848,2,1.33333333333,0.585540043769,2,0.0123207586065,0.00732217573222,7,0.000900900900901,0.516913043478,37,36,36,0.972972972973,0,0.702702702703,0.243243243243,0.027027027027,-21,-0.0157657657658,0,-1.13513513514,-2.1,-0.428571428571,-0.71728927673,0.00757507196006,0.0242434742435,-1.05078115998,-0.00883068541936,0.0020251020251,-0.232510685097,0.0128262739183,0.0335951335951,0,0,0,0.00900900900901,0.00559492883467,0,0.000150632436347,0.00134947948648,0,0,-0.104283537718,-0.027027027027,0,0,195,0,21,1116,0.902777777778,1,0,0.0972222222222,1,0.902777777778,0.948905109489,0.941330856757,0.902777777778,0.902777777778,1,22,0,0,0,0
3949,WLNM_dir_neg,1,0.954545454545,00:00:03,10,90,39,1238804663,threshold_sweep,0.7,1,0.0454545454545,0.0869565217391,1,0,21,44,0.0454545454545,1,0,0.954545454545,1,0.0454545454545,0.0869565217391,0.681818181818,0.661616161616,0.0597014925373,0.175411603861,0.0454545454545,216,194,22,0,216,0,194,0,22,37,216,0.162162162162,1.32432432432,11.6756756757,21.6,6,8.1990990496,0.702237650082,0.31006006006,10.329336629,1.76937710775,0.765265265265,3.0868314707,0.528762798222,0.252752752753,0.579945114934,0.437917739848,2,1.32432432432,0.579945114934,2,0.0121701261701,0.00597269624573,7,0.000900900900901,0.621196581197,37,37,37,1,0,0.72972972973,0.243243243243,0.027027027027,37,0.145645645646,1.32432432432,10.4864864865,19.4,5.54285714286,7.43348886841,0.708863629204,0.332683198663,9.26584350482,1.76719695711,0.76845918083,2.89064972902,0.5513094844,0.291446085261,0.579945114934,0.437917739848,2,1.33333333333,0.585540043769,2,0.0115225726654,0.00634920634921,6,0.000772200772201,0.514690821256,37,36,36,0.972972972973,0,0.702702702703,0.243243243243,0.027027027027,37,195,0.146396396396,1.32432432432,10.5405405405,19.5,5.57142857143,7.48180977287,0.709812722042,0.334303534304,9.27855546902,1.76054642233,0.76729036729,2.85432078561,0.541589072141,0.286347886348,0.579945114934,0.437917739848,2,1.33333333333,0.585540043769,2,0.0123207586065,0.00732217573222,7,0.000900900900901,0.516913043478,37,36,36,0.972972972973,0,0.702702702703,0.243243243243,0.027027027027,-21,-0.0157657657658,0,-1.13513513514,-2.1,-0.428571428571,-0.71728927673,0.00757507196006,0.0242434742435,-1.05078115998,-0.00883068541936,0.0020251020251,-0.232510685097,0.0128262739183,0.0335951335951,0,0,0,0.00900900900901,0.00559492883467,0,0.000150632436347,0.00134947948648,0,0,-0.104283537718,-0.027027027027,0,0,195,0,21,1116,0.902777777778,1,0,0.0972222222222,1,0.902777777778,0.948905109489,0.941330856757,0.902777777778,0.902777777778,1,22,0,0,0,0
3950,WLNM_dir_neg,1,0.954545454545,00:00:03,10,90,39,1238804663,threshold_sweep,0.8,1,0.0454545454545,0.0869565217391,1,0,21,44,0.0454545454545,1,0,0.954545454545,1,0.0454545454545,0.0869565217391,0.681818181818,0.661616161616,0.0597014925373,0.175411603861,0.0454545454545,216,194,22,0,216,0,194,0,22,37,216,0.162162162162,1.32432432432,11.6756756757,21.6,6,8.1990990496,0.702237650082,0.31006006006,10.329336629,1.76937710775,0.765265265265,3.0868314707,0.528762798222,0.252752752753,0.579945114934,0.437917739848,2,1.32432432432,0.579945114934,2,0.0121701261701,0.00597269624573,7,0.000900900900901,0.621196581197,37,37,37,1,0,0.72972972973,0.243243243243,0.027027027027,37,0.145645645646,1.32432432432,10.4864864865,19.4,5.54285714286,7.43348886841,0.708863629204,0.332683198663,9.26584350482,1.76719695711,0.76845918083,2.89064972902,0.5513094844,0.291446085261,0.579945114934,0.437917739848,2,1.33333333333,0.585540043769,2,0.0115225726654,0.00634920634921,6,0.000772200772201,0.514690821256,37,36,36,0.972972972973,0,0.702702702703,0.243243243243,0.027027027027,37,195,0.146396396396,1.32432432432,10.5405405405,19.5,5.57142857143,7.48180977287,0.709812722042,0.334303534304,9.27855546902,1.76054642233,0.76729036729,2.85432078561,0.541589072141,0.286347886348,0.579945114934,0.437917739848,2,1.33333333333,0.585540043769,2,0.0123207586065,0.00732217573222,7,0.000900900900901,0.516913043478,37,36,36,0.972972972973,0,0.702702702703,0.243243243243,0.027027027027,-21,-0.0157657657658,0,-1.13513513514,-2.1,-0.428571428571,-0.71728927673,0.00757507196006,0.0242434742435,-1.05078115998,-0.00883068541936,0.0020251020251,-0.232510685097,0.0128262739183,0.0335951335951,0,0,0,0.00900900900901,0.00559492883467,0,0.000150632436347,0.00134947948648,0,0,-0.104283537718,-0.027027027027,0,0,195,0,21,1116,0.902777777778,1,0,0.0972222222222,1,0.902777777778,0.948905109489,0.941330856757,0.902777777778,0.902777777778,1,22,0,0,0,0
3951,WLNM_dir_neg,1,0.954545454545,00:00:03,10,90,39,1238804663,threshold_sweep,0.9,1,0.0454545454545,0.0869565217391,1,0,21,44,0.0454545454545,1,0,0.954545454545,1,0.0454545454545,0.0869565217391,0.681818181818,0.661616161616,0.0597014925373,0.175411603861,0.0454545454545,216,194,22,0,216,0,194,0,22,37,216,0.162162162162,1.32432432432,11.6756756757,21.6,6,8.1990990496,0.702237650082,0.31006006006,10.329336629,1.76937710775,0.765265265265,3.0868314707,0.528762798222,0.252752752753,0.579945114934,0.437917739848,2,1.32432432432,0.579945114934,2,0.0121701261701,0.00597269624573,7,0.000900900900901,0.621196581197,37,37,37,1,0,0.72972972973,0.243243243243,0.027027027027,37,0.145645645646,1.32432432432,10.4864864865,19.4,5.54285714286,7.43348886841,0.708863629204,0.332683198663,9.26584350482,1.76719695711,0.76845918083,2.89064972902,0.5513094844,0.291446085261,0.579945114934,0.437917739848,2,1.33333333333,0.585540043769,2,0.0115225726654,0.00634920634921,6,0.000772200772201,0.514690821256,37,36,36,0.972972972973,0,0.702702702703,0.243243243243,0.027027027027,37,195,0.146396396396,1.32432432432,10.5405405405,19.5,5.57142857143,7.48180977287,0.709812722042,0.334303534304,9.27855546902,1.76054642233,0.76729036729,2.85432078561,0.541589072141,0.286347886348,0.579945114934,0.437917739848,2,1.33333333333,0.585540043769,2,0.0123207586065,0.00732217573222,7,0.000900900900901,0.516913043478,37,36,36,0.972972972973,0,0.702702702703,0.243243243243,0.027027027027,-21,-0.0157657657658,0,-1.13513513514,-2.1,-0.428571428571,-0.71728927673,0.00757507196006,0.0242434742435,-1.05078115998,-0.00883068541936,0.0020251020251,-0.232510685097,0.0128262739183,0.0335951335951,0,0,0,0.00900900900901,0.00559492883467,0,0.000150632436347,0.00134947948648,0,0,-0.104283537718,-0.027027027027,0,0,195,0,21,1116,0.902777777778,1,0,0.0972222222222,1,0.902777777778,0.948905109489,0.941330856757,0.902777777778,0.902777777778,1,22,0,0,0,0
3952,WLNM_dir_neg,1,0,00:00:03,10,90,40,1238804664,threshold_sweep,0.1,0,0,0,0,0,22,44,0,1,0,1,0,0,0,0.666666666667,0.666666666667,0,0,0,216,194,22,0,216,0,194,0,22,37,216,0.162162162162,1.32432432432,11.6756756757,21.6,6,8.1990990496,0.702237650082,0.31006006006,10.329336629,1.76937710775,0.765265265265,3.0868314707,0.528762798222,0.252752752753,0.579945114934,0.437917739848,2,1.32432432432,0.579945114934,2,0.0121701261701,0.00597269624573,7,0.000900900900901,0.621196581197,37,37,37,1,0,0.72972972973,0.243243243243,0.027027027027,37,0.145645645646,1.32432432432,10.4864864865,19.4,5.38888888889,7.4147811147,0.707079642382,0.328364446921,9.2388232939,1.76204361791,0.76901643912,2.72239075289,0.519218854932,0.268877124547,0.579945114934,0.437917739848,2,1.32432432432,0.579945114934,2,0.012332941041,0.00742049469965,7,0.000900900900901,0.492849002849,37,37,37,1,0,0.72972972973,0.243243243243,0.027027027027,37,194,0.145645645646,1.32432432432,10.4864864865,19.4,5.38888888889,7.4147811147,0.707079642382,0.328364446921,9.2388232939,1.76204361791,0.76901643912,2.72239075289,0.519218854932,0.268877124547,0.579945114934,0.437917739848,2,1.32432432432,0.579945114934,2,0.012332941041,0.00742049469965,7,0.000900900900901,0.492849002849,37,37,37,1,0,0.72972972973,0.243243243243,0.027027027027,-22,-0.0165165165165,0,-1.18918918919,-2.2,-0.611111111111,-0.7843179349,0.00484199229975,0.0183043868611,-1.0905133351,-0.00733348983711,0.00375117385427,-0.364440717816,-0.00954394329015,0.0161243717945,0,0,0,0,0,0,0.000162814870889,0.00144779845391,0,0,-0.128347578348,0,0,0,194,0,22,1116,0.898148148148,1,0,0.101851851852,1,0.898148148148,0.946341463415,0.938501466663,0.898148148148,0.898148148148,0,22,0,0,0,0
3953,WLNM_dir_neg,1,0,00:00:03,10,90,40,1238804664,threshold_sweep,0.2,0,0,0,0,0,22,44,0,1,0,1,0,0,0,0.666666666667,0.666666666667,0,0,0,216,194,22,0,216,0,194,0,22,37,216,0.162162162162,1.32432432432,11.6756756757,21.6,6,8.1990990496,0.702237650082,0.31006006006,10.329336629,1.76937710775,0.765265265265,3.0868314707,0.528762798222,0.252752752753,0.579945114934,0.437917739848,2,1.32432432432,0.579945114934,2,0.0121701261701,0.00597269624573,7,0.000900900900901,0.621196581197,37,37,37,1,0,0.72972972973,0.243243243243,0.027027027027,37,0.145645645646,1.32432432432,10.4864864865,19.4,5.38888888889,7.4147811147,0.707079642382,0.328364446921,9.2388232939,1.76204361791,0.76901643912,2.72239075289,0.519218854932,0.268877124547,0.579945114934,0.437917739848,2,1.32432432432,0.579945114934,2,0.012332941041,0.00742049469965,7,0.000900900900901,0.492849002849,37,37,37,1,0,0.72972972973,0.243243243243,0.027027027027,37,194,0.145645645646,1.32432432432,10.4864864865,19.4,5.38888888889,7.4147811147,0.707079642382,0.328364446921,9.2388232939,1.76204361791,0.76901643912,2.72239075289,0.519218854932,0.268877124547,0.579945114934,0.437917739848,2,1.32432432432,0.579945114934,2,0.012332941041,0.00742049469965,7,0.000900900900901,0.492849002849,37,37,37,1,0,0.72972972973,0.243243243243,0.027027027027,-22,-0.0165165165165,0,-1.18918918919,-2.2,-0.611111111111,-0.7843179349,0.00484199229975,0.0183043868611,-1.0905133351,-0.00733348983711,0.00375117385427,-0.364440717816,-0.00954394329015,0.0161243717945,0,0,0,0,0,0,0.000162814870889,0.00144779845391,0,0,-0.128347578348,0,0,0,194,0,22,1116,0.898148148148,1,0,0.101851851852,1,0.898148148148,0.946341463415,0.938501466663,0.898148148148,0.898148148148,0,22,0,0,0,0
3954,WLNM_dir_neg,1,0,00:00:03,10,90,40,1238804664,threshold_sweep,0.3,0,0,0,0,0,22,44,0,1,0,1,0,0,0,0.666666666667,0.666666666667,0,0,0,216,194,22,0,216,0,194,0,22,37,216,0.162162162162,1.32432432432,11.6756756757,21.6,6,8.1990990496,0.702237650082,0.31006006006,10.329336629,1.76937710775,0.765265265265,3.0868314707,0.528762798222,0.252752752753,0.579945114934,0.437917739848,2,1.32432432432,0.579945114934,2,0.0121701261701,0.00597269624573,7,0.000900900900901,0.621196581197,37,37,37,1,0,0.72972972973,0.243243243243,0.027027027027,37,0.145645645646,1.32432432432,10.4864864865,19.4,5.38888888889,7.4147811147,0.707079642382,0.328364446921,9.2388232939,1.76204361791,0.76901643912,2.72239075289,0.519218854932,0.268877124547,0.579945114934,0.437917739848,2,1.32432432432,0.579945114934,2,0.012332941041,0.00742049469965,7,0.000900900900901,0.492849002849,37,37,37,1,0,0.72972972973,0.243243243243,0.027027027027,37,194,0.145645645646,1.32432432432,10.4864864865,19.4,5.38888888889,7.4147811147,0.707079642382,0.328364446921,9.2388232939,1.76204361791,0.76901643912,2.72239075289,0.519218854932,0.268877124547,0.579945114934,0.437917739848,2,1.32432432432,0.579945114934,2,0.012332941041,0.00742049469965,7,0.000900900900901,0.492849002849,37,37,37,1,0,0.72972972973,0.243243243243,0.027027027027,-22,-0.0165165165165,0,-1.18918918919,-2.2,-0.611111111111,-0.7843179349,0.00484199229975,0.0183043868611,-1.0905133351,-0.00733348983711,0.00375117385427,-0.364440717816,-0.00954394329015,0.0161243717945,0,0,0,0,0,0,0.000162814870889,0.00144779845391,0,0,-0.128347578348,0,0,0,194,0,22,1116,0.898148148148,1,0,0.101851851852,1,0.898148148148,0.946341463415,0.938501466663,0.898148148148,0.898148148148,0,22,0,0,0,0
3955,WLNM_dir_neg,1,0,00:00:03,10,90,40,1238804664,threshold_sweep,0.4,0,0,0,0,0,22,44,0,1,0,1,0,0,0,0.666666666667,0.666666666667,0,0,0,216,194,22,0,216,0,194,0,22,37,216,0.162162162162,1.32432432432,11.6756756757,21.6,6,8.1990990496,0.702237650082,0.31006006006,10.329336629,1.76937710775,0.765265265265,3.0868314707,0.528762798222,0.252752752753,0.579945114934,0.437917739848,2,1.32432432432,0.579945114934,2,0.0121701261701,0.00597269624573,7,0.000900900900901,0.621196581197,37,37,37,1,0,0.72972972973,0.243243243243,0.027027027027,37,0.145645645646,1.32432432432,10.4864864865,19.4,5.38888888889,7.4147811147,0.707079642382,0.328364446921,9.2388232939,1.76204361791,0.76901643912,2.72239075289,0.519218854932,0.268877124547,0.579945114934,0.437917739848,2,1.32432432432,0.579945114934,2,0.012332941041,0.00742049469965,7,0.000900900900901,0.492849002849,37,37,37,1,0,0.72972972973,0.243243243243,0.027027027027,37,194,0.145645645646,1.32432432432,10.4864864865,19.4,5.38888888889,7.4147811147,0.707079642382,0.328364446921,9.2388232939,1.76204361791,0.76901643912,2.72239075289,0.519218854932,0.268877124547,0.579945114934,0.437917739848,2,1.32432432432,0.579945114934,2,0.012332941041,0.00742049469965,7,0.000900900900901,0.492849002849,37,37,37,1,0,0.72972972973,0.243243243243,0.027027027027,-22,-0.0165165165165,0,-1.18918918919,-2.2,-0.611111111111,-0.7843179349,0.00484199229975,0.0183043868611,-1.0905133351,-0.00733348983711,0.00375117385427,-0.364440717816,-0.00954394329015,0.0161243717945,0,0,0,0,0,0,0.000162814870889,0.00144779845391,0,0,-0.128347578348,0,0,0,194,0,22,1116,0.898148148148,1,0,0.101851851852,1,0.898148148148,0.946341463415,0.938501466663,0.898148148148,0.898148148148,0,22,0,0,0,0
3956,WLNM_dir_neg,1,0,00:00:03,10,90,40,1238804664,threshold_sweep,0.5,0,0,0,0,0,22,44,0,1,0,1,0,0,0,0.666666666667,0.666666666667,0,0,0,216,194,22,0,216,0,194,0,22,37,216,0.162162162162,1.32432432432,11.6756756757,21.6,6,8.1990990496,0.702237650082,0.31006006006,10.329336629,1.76937710775,0.765265265265,3.0868314707,0.528762798222,0.252752752753,0.579945114934,0.437917739848,2,1.32432432432,0.579945114934,2,0.0121701261701,0.00597269624573,7,0.000900900900901,0.621196581197,37,37,37,1,0,0.72972972973,0.243243243243,0.027027027027,37,0.145645645646,1.32432432432,10.4864864865,19.4,5.38888888889,7.4147811147,0.707079642382,0.328364446921,9.2388232939,1.76204361791,0.76901643912,2.72239075289,0.519218854932,0.268877124547,0.579945114934,0.437917739848,2,1.32432432432,0.579945114934,2,0.012332941041,0.00742049469965,7,0.000900900900901,0.492849002849,37,37,37,1,0,0.72972972973,0.243243243243,0.027027027027,37,194,0.145645645646,1.32432432432,10.4864864865,19.4,5.38888888889,7.4147811147,0.707079642382,0.328364446921,9.2388232939,1.76204361791,0.76901643912,2.72239075289,0.519218854932,0.268877124547,0.579945114934,0.437917739848,2,1.32432432432,0.579945114934,2,0.012332941041,0.00742049469965,7,0.000900900900901,0.492849002849,37,37,37,1,0,0.72972972973,0.243243243243,0.027027027027,-22,-0.0165165165165,0,-1.18918918919,-2.2,-0.611111111111,-0.7843179349,0.00484199229975,0.0183043868611,-1.0905133351,-0.00733348983711,0.00375117385427,-0.364440717816,-0.00954394329015,0.0161243717945,0,0,0,0,0,0,0.000162814870889,0.00144779845391,0,0,-0.128347578348,0,0,0,194,0,22,1116,0.898148148148,1,0,0.101851851852,1,0.898148148148,0.946341463415,0.938501466663,0.898148148148,0.898148148148,0,22,0,0,0,0
3957,WLNM_dir_neg,1,0,00:00:03,10,90,40,1238804664,threshold_sweep,0.6,0,0,0,0,0,22,44,0,1,0,1,0,0,0,0.666666666667,0.666666666667,0,0,0,216,194,22,0,216,0,194,0,22,37,216,0.162162162162,1.32432432432,11.6756756757,21.6,6,8.1990990496,0.702237650082,0.31006006006,10.329336629,1.76937710775,0.765265265265,3.0868314707,0.528762798222,0.252752752753,0.579945114934,0.437917739848,2,1.32432432432,0.579945114934,2,0.0121701261701,0.00597269624573,7,0.000900900900901,0.621196581197,37,37,37,1,0,0.72972972973,0.243243243243,0.027027027027,37,0.145645645646,1.32432432432,10.4864864865,19.4,5.38888888889,7.4147811147,0.707079642382,0.328364446921,9.2388232939,1.76204361791,0.76901643912,2.72239075289,0.519218854932,0.268877124547,0.579945114934,0.437917739848,2,1.32432432432,0.579945114934,2,0.012332941041,0.00742049469965,7,0.000900900900901,0.492849002849,37,37,37,1,0,0.72972972973,0.243243243243,0.027027027027,37,194,0.145645645646,1.32432432432,10.4864864865,19.4,5.38888888889,7.4147811147,0.707079642382,0.328364446921,9.2388232939,1.76204361791,0.76901643912,2.72239075289,0.519218854932,0.268877124547,0.579945114934,0.437917739848,2,1.32432432432,0.579945114934,2,0.012332941041,0.00742049469965,7,0.000900900900901,0.492849002849,37,37,37,1,0,0.72972972973,0.243243243243,0.027027027027,-22,-0.0165165165165,0,-1.18918918919,-2.2,-0.611111111111,-0.7843179349,0.00484199229975,0.0183043868611,-1.0905133351,-0.00733348983711,0.00375117385427,-0.364440717816,-0.00954394329015,0.0161243717945,0,0,0,0,0,0,0.000162814870889,0.00144779845391,0,0,-0.128347578348,0,0,0,194,0,22,1116,0.898148148148,1,0,0.101851851852,1,0.898148148148,0.946341463415,0.938501466663,0.898148148148,0.898148148148,0,22,0,0,0,0
3958,WLNM_dir_neg,1,0,00:00:03,10,90,40,1238804664,threshold_sweep,0.7,0,0,0,0,0,22,44,0,1,0,1,0,0,0,0.666666666667,0.666666666667,0,0,0,216,194,22,0,216,0,194,0,22,37,216,0.162162162162,1.32432432432,11.6756756757,21.6,6,8.1990990496,0.702237650082,0.31006006006,10.329336629,1.76937710775,0.765265265265,3.0868314707,0.528762798222,0.252752752753,0.579945114934,0.437917739848,2,1.32432432432,0.579945114934,2,0.0121701261701,0.00597269624573,7,0.000900900900901,0.621196581197,37,37,37,1,0,0.72972972973,0.243243243243,0.027027027027,37,0.145645645646,1.32432432432,10.4864864865,19.4,5.38888888889,7.4147811147,0.707079642382,0.328364446921,9.2388232939,1.76204361791,0.76901643912,2.72239075289,0.519218854932,0.268877124547,0.579945114934,0.437917739848,2,1.32432432432,0.579945114934,2,0.012332941041,0.00742049469965,7,0.000900900900901,0.492849002849,37,37,37,1,0,0.72972972973,0.243243243243,0.027027027027,37,194,0.145645645646,1.32432432432,10.4864864865,19.4,5.38888888889,7.4147811147,0.707079642382,0.328364446921,9.2388232939,1.76204361791,0.76901643912,2.72239075289,0.519218854932,0.268877124547,0.579945114934,0.437917739848,2,1.32432432432,0.579945114934,2,0.012332941041,0.00742049469965,7,0.000900900900901,0.492849002849,37,37,37,1,0,0.72972972973,0.243243243243,0.027027027027,-22,-0.0165165165165,0,-1.18918918919,-2.2,-0.611111111111,-0.7843179349,0.00484199229975,0.0183043868611,-1.0905133351,-0.00733348983711,0.00375117385427,-0.364440717816,-0.00954394329015,0.0161243717945,0,0,0,0,0,0,0.000162814870889,0.00144779845391,0,0,-0.128347578348,0,0,0,194,0,22,1116,0.898148148148,1,0,0.101851851852,1,0.898148148148,0.946341463415,0.938501466663,0.898148148148,0.898148148148,0,22,0,0,0,0
3959,WLNM_dir_neg,1,0,00:00:03,10,90,40,1238804664,threshold_sweep,0.8,0,0,0,0,0,22,44,0,1,0,1,0,0,0,0.666666666667,0.666666666667,0,0,0,216,194,22,0,216,0,194,0,22,37,216,0.162162162162,1.32432432432,11.6756756757,21.6,6,8.1990990496,0.702237650082,0.31006006006,10.329336629,1.76937710775,0.765265265265,3.0868314707,0.528762798222,0.252752752753,0.579945114934,0.437917739848,2,1.32432432432,0.579945114934,2,0.0121701261701,0.00597269624573,7,0.000900900900901,0.621196581197,37,37,37,1,0,0.72972972973,0.243243243243,0.027027027027,37,0.145645645646,1.32432432432,10.4864864865,19.4,5.38888888889,7.4147811147,0.707079642382,0.328364446921,9.2388232939,1.76204361791,0.76901643912,2.72239075289,0.519218854932,0.268877124547,0.579945114934,0.437917739848,2,1.32432432432,0.579945114934,2,0.012332941041,0.00742049469965,7,0.000900900900901,0.492849002849,37,37,37,1,0,0.72972972973,0.243243243243,0.027027027027,37,194,0.145645645646,1.32432432432,10.4864864865,19.4,5.38888888889,7.4147811147,0.707079642382,0.328364446921,9.2388232939,1.76204361791,0.76901643912,2.72239075289,0.519218854932,0.268877124547,0.579945114934,0.437917739848,2,1.32432432432,0.579945114934,2,0.012332941041,0.00742049469965,7,0.000900900900901,0.492849002849,37,37,37,1,0,0.72972972973,0.243243243243,0.027027027027,-22,-0.0165165165165,0,-1.18918918919,-2.2,-0.611111111111,-0.7843179349,0.00484199229975,0.0183043868611,-1.0905133351,-0.00733348983711,0.00375117385427,-0.364440717816,-0.00954394329015,0.0161243717945,0,0,0,0,0,0,0.000162814870889,0.00144779845391,0,0,-0.128347578348,0,0,0,194,0,22,1116,0.898148148148,1,0,0.101851851852,1,0.898148148148,0.946341463415,0.938501466663,0.898148148148,0.898148148148,0,22,0,0,0,0
3960,WLNM_dir_neg,1,0,00:00:03,10,90,40,1238804664,threshold_sweep,0.9,0,0,0,0,0,22,44,0,1,0,1,0,0,0,0.666666666667,0.666666666667,0,0,0,216,194,22,0,216,0,194,0,22,37,216,0.162162162162,1.32432432432,11.6756756757,21.6,6,8.1990990496,0.702237650082,0.31006006006,10.329336629,1.76937710775,0.765265265265,3.0868314707,0.528762798222,0.252752752753,0.579945114934,0.437917739848,2,1.32432432432,0.579945114934,2,0.0121701261701,0.00597269624573,7,0.000900900900901,0.621196581197,37,37,37,1,0,0.72972972973,0.243243243243,0.027027027027,37,0.145645645646,1.32432432432,10.4864864865,19.4,5.38888888889,7.4147811147,0.707079642382,0.328364446921,9.2388232939,1.76204361791,0.76901643912,2.72239075289,0.519218854932,0.268877124547,0.579945114934,0.437917739848,2,1.32432432432,0.579945114934,2,0.012332941041,0.00742049469965,7,0.000900900900901,0.492849002849,37,37,37,1,0,0.72972972973,0.243243243243,0.027027027027,37,194,0.145645645646,1.32432432432,10.4864864865,19.4,5.38888888889,7.4147811147,0.707079642382,0.328364446921,9.2388232939,1.76204361791,0.76901643912,2.72239075289,0.519218854932,0.268877124547,0.579945114934,0.437917739848,2,1.32432432432,0.579945114934,2,0.012332941041,0.00742049469965,7,0.000900900900901,0.492849002849,37,37,37,1,0,0.72972972973,0.243243243243,0.027027027027,-22,-0.0165165165165,0,-1.18918918919,-2.2,-0.611111111111,-0.7843179349,0.00484199229975,0.0183043868611,-1.0905133351,-0.00733348983711,0.00375117385427,-0.364440717816,-0.00954394329015,0.0161243717945,0,0,0,0,0,0,0.000162814870889,0.00144779845391,0,0,-0.128347578348,0,0,0,194,0,22,1116,0.898148148148,1,0,0.101851851852,1,0.898148148148,0.946341463415,0.938501466663,0.898148148148,0.898148148148,0,22,0,0,0,0
3961,WLNM_dir_neg,0.978305785124,0.914772727273,00:00:03,10,90,41,1238804665,threshold_sweep,0.1,1,0.0454545454545,0.0869565217391,1,0,21,44,0.0454545454545,1,0,0.954545454545,1,0.0454545454545,0.0869565217391,0.681818181818,0.661616161616,0.0597014925373,0.175411603861,0.0454545454545,216,194,22,0,216,0,194,0,22,37,216,0.162162162162,1.32432432432,11.6756756757,21.6,6,8.1990990496,0.702237650082,0.31006006006,10.329336629,1.76937710775,0.765265265265,3.0868314707,0.528762798222,0.252752752753,0.579945114934,0.437917739848,2,1.32432432432,0.579945114934,2,0.0121701261701,0.00597269624573,7,0.000900900900901,0.621196581197,37,37,37,1,0,0.72972972973,0.243243243243,0.027027027027,37,0.145645645646,1.32432432432,10.4864864865,19.4,5.38888888889,7.41852643957,0.707436799649,0.330872109223,9.28082074138,1.77005344037,0.770688213987,2.8028299727,0.534560355618,0.282529952633,0.579945114934,0.437917739848,2,1.32432432432,0.579945114934,2,0.01152808682,0.0063581773225,6,0.000772200772201,0.500143069491,37,37,37,1,0,0.72972972973,0.243243243243,0.027027027027,37,195,0.146396396396,1.32432432432,10.5405405405,19.5,5.41666666667,7.46694417116,0.708402395726,0.332501732502,9.29351221925,1.76338436981,0.769507969508,2.76534756353,0.524706973594,0.277477477477,0.579945114934,0.437917739848,2,1.32432432432,0.579945114934,2,0.0123262727611,0.00733240223464,7,0.000900900900901,0.502365291713,37,37,37,1,0,0.72972972973,0.243243243243,0.027027027027,-21,-0.0157657657658,0,-1.13513513514,-2.1,-0.583333333333,-0.732154878442,0.00616474564379,0.0224416724417,-1.03582440975,-0.0059927379387,0.0042427042427,-0.321483907169,-0.00405582462868,0.0247247247247,0,0,0,0,0,0,0.000156146590929,0.0013597059889,0,0,-0.118831289483,0,0,0,195,0,21,1116,0.902777777778,1,0,0.0972222222222,1,0.902777777778,0.948905109489,0.941330856757,0.902777777778,0.902777777778,1,22,0,0,0,0
3962,WLNM_dir_neg,0.978305785124,0.914772727273,00:00:03,10,90,41,1238804665,threshold_sweep,0.2,1,0.0454545454545,0.0869565217391,1,0,21,44,0.0454545454545,1,0,0.954545454545,1,0.0454545454545,0.0869565217391,0.681818181818,0.661616161616,0.0597014925373,0.175411603861,0.0454545454545,216,194,22,0,216,0,194,0,22,37,216,0.162162162162,1.32432432432,11.6756756757,21.6,6,8.1990990496,0.702237650082,0.31006006006,10.329336629,1.76937710775,0.765265265265,3.0868314707,0.528762798222,0.252752752753,0.579945114934,0.437917739848,2,1.32432432432,0.579945114934,2,0.0121701261701,0.00597269624573,7,0.000900900900901,0.621196581197,37,37,37,1,0,0.72972972973,0.243243243243,0.027027027027,37,0.145645645646,1.32432432432,10.4864864865,19.4,5.38888888889,7.41852643957,0.707436799649,0.330872109223,9.28082074138,1.77005344037,0.770688213987,2.8028299727,0.534560355618,0.282529952633,0.579945114934,0.437917739848,2,1.32432432432,0.579945114934,2,0.01152808682,0.0063581773225,6,0.000772200772201,0.500143069491,37,37,37,1,0,0.72972972973,0.243243243243,0.027027027027,37,195,0.146396396396,1.32432432432,10.5405405405,19.5,5.41666666667,7.46694417116,0.708402395726,0.332501732502,9.29351221925,1.76338436981,0.769507969508,2.76534756353,0.524706973594,0.277477477477,0.579945114934,0.437917739848,2,1.32432432432,0.579945114934,2,0.0123262727611,0.00733240223464,7,0.000900900900901,0.502365291713,37,37,37,1,0,0.72972972973,0.243243243243,0.027027027027,-21,-0.0157657657658,0,-1.13513513514,-2.1,-0.583333333333,-0.732154878442,0.00616474564379,0.0224416724417,-1.03582440975,-0.0059927379387,0.0042427042427,-0.321483907169,-0.00405582462868,0.0247247247247,0,0,0,0,0,0,0.000156146590929,0.0013597059889,0,0,-0.118831289483,0,0,0,195,0,21,1116,0.902777777778,1,0,0.0972222222222,1,0.902777777778,0.948905109489,0.941330856757,0.902777777778,0.902777777778,1,22,0,0,0,0
3963,WLNM_dir_neg,0.978305785124,0.914772727273,00:00:03,10,90,41,1238804665,threshold_sweep,0.3,1,0.0454545454545,0.0869565217391,1,0,21,44,0.0454545454545,1,0,0.954545454545,1,0.0454545454545,0.0869565217391,0.681818181818,0.661616161616,0.0597014925373,0.175411603861,0.0454545454545,216,194,22,0,216,0,194,0,22,37,216,0.162162162162,1.32432432432,11.6756756757,21.6,6,8.1990990496,0.702237650082,0.31006006006,10.329336629,1.76937710775,0.765265265265,3.0868314707,0.528762798222,0.252752752753,0.579945114934,0.437917739848,2,1.32432432432,0.579945114934,2,0.0121701261701,0.00597269624573,7,0.000900900900901,0.621196581197,37,37,37,1,0,0.72972972973,0.243243243243,0.027027027027,37,0.145645645646,1.32432432432,10.4864864865,19.4,5.38888888889,7.41852643957,0.707436799649,0.330872109223,9.28082074138,1.77005344037,0.770688213987,2.8028299727,0.534560355618,0.282529952633,0.579945114934,0.437917739848,2,1.32432432432,0.579945114934,2,0.01152808682,0.0063581773225,6,0.000772200772201,0.500143069491,37,37,37,1,0,0.72972972973,0.243243243243,0.027027027027,37,195,0.146396396396,1.32432432432,10.5405405405,19.5,5.41666666667,7.46694417116,0.708402395726,0.332501732502,9.29351221925,1.76338436981,0.769507969508,2.76534756353,0.524706973594,0.277477477477,0.579945114934,0.437917739848,2,1.32432432432,0.579945114934,2,0.0123262727611,0.00733240223464,7,0.000900900900901,0.502365291713,37,37,37,1,0,0.72972972973,0.243243243243,0.027027027027,-21,-0.0157657657658,0,-1.13513513514,-2.1,-0.583333333333,-0.732154878442,0.00616474564379,0.0224416724417,-1.03582440975,-0.0059927379387,0.0042427042427,-0.321483907169,-0.00405582462868,0.0247247247247,0,0,0,0,0,0,0.000156146590929,0.0013597059889,0,0,-0.118831289483,0,0,0,195,0,21,1116,0.902777777778,1,0,0.0972222222222,1,0.902777777778,0.948905109489,0.941330856757,0.902777777778,0.902777777778,1,22,0,0,0,0
3964,WLNM_dir_neg,0.978305785124,0.914772727273,00:00:03,10,90,41,1238804665,threshold_sweep,0.4,1,0.0454545454545,0.0869565217391,1,0,21,44,0.0454545454545,1,0,0.954545454545,1,0.0454545454545,0.0869565217391,0.681818181818,0.661616161616,0.0597014925373,0.175411603861,0.0454545454545,216,194,22,0,216,0,194,0,22,37,216,0.162162162162,1.32432432432,11.6756756757,21.6,6,8.1990990496,0.702237650082,0.31006006006,10.329336629,1.76937710775,0.765265265265,3.0868314707,0.528762798222,0.252752752753,0.579945114934,0.437917739848,2,1.32432432432,0.579945114934,2,0.0121701261701,0.00597269624573,7,0.000900900900901,0.621196581197,37,37,37,1,0,0.72972972973,0.243243243243,0.027027027027,37,0.145645645646,1.32432432432,10.4864864865,19.4,5.38888888889,7.41852643957,0.707436799649,0.330872109223,9.28082074138,1.77005344037,0.770688213987,2.8028299727,0.534560355618,0.282529952633,0.579945114934,0.437917739848,2,1.32432432432,0.579945114934,2,0.01152808682,0.0063581773225,6,0.000772200772201,0.500143069491,37,37,37,1,0,0.72972972973,0.243243243243,0.027027027027,37,195,0.146396396396,1.32432432432,10.5405405405,19.5,5.41666666667,7.46694417116,0.708402395726,0.332501732502,9.29351221925,1.76338436981,0.769507969508,2.76534756353,0.524706973594,0.277477477477,0.579945114934,0.437917739848,2,1.32432432432,0.579945114934,2,0.0123262727611,0.00733240223464,7,0.000900900900901,0.502365291713,37,37,37,1,0,0.72972972973,0.243243243243,0.027027027027,-21,-0.0157657657658,0,-1.13513513514,-2.1,-0.583333333333,-0.732154878442,0.00616474564379,0.0224416724417,-1.03582440975,-0.0059927379387,0.0042427042427,-0.321483907169,-0.00405582462868,0.0247247247247,0,0,0,0,0,0,0.000156146590929,0.0013597059889,0,0,-0.118831289483,0,0,0,195,0,21,1116,0.902777777778,1,0,0.0972222222222,1,0.902777777778,0.948905109489,0.941330856757,0.902777777778,0.902777777778,1,22,0,0,0,0
3965,WLNM_dir_neg,0.978305785124,0.914772727273,00:00:03,10,90,41,1238804665,threshold_sweep,0.5,1,0.0454545454545,0.0869565217391,1,0,21,44,0.0454545454545,1,0,0.954545454545,1,0.0454545454545,0.0869565217391,0.681818181818,0.661616161616,0.0597014925373,0.175411603861,0.0454545454545,216,194,22,0,216,0,194,0,22,37,216,0.162162162162,1.32432432432,11.6756756757,21.6,6,8.1990990496,0.702237650082,0.31006006006,10.329336629,1.76937710775,0.765265265265,3.0868314707,0.528762798222,0.252752752753,0.579945114934,0.437917739848,2,1.32432432432,0.579945114934,2,0.0121701261701,0.00597269624573,7,0.000900900900901,0.621196581197,37,37,37,1,0,0.72972972973,0.243243243243,0.027027027027,37,0.145645645646,1.32432432432,10.4864864865,19.4,5.38888888889,7.41852643957,0.707436799649,0.330872109223,9.28082074138,1.77005344037,0.770688213987,2.8028299727,0.534560355618,0.282529952633,0.579945114934,0.437917739848,2,1.32432432432,0.579945114934,2,0.01152808682,0.0063581773225,6,0.000772200772201,0.500143069491,37,37,37,1,0,0.72972972973,0.243243243243,0.027027027027,37,195,0.146396396396,1.32432432432,10.5405405405,19.5,5.41666666667,7.46694417116,0.708402395726,0.332501732502,9.29351221925,1.76338436981,0.769507969508,2.76534756353,0.524706973594,0.277477477477,0.579945114934,0.437917739848,2,1.32432432432,0.579945114934,2,0.0123262727611,0.00733240223464,7,0.000900900900901,0.502365291713,37,37,37,1,0,0.72972972973,0.243243243243,0.027027027027,-21,-0.0157657657658,0,-1.13513513514,-2.1,-0.583333333333,-0.732154878442,0.00616474564379,0.0224416724417,-1.03582440975,-0.0059927379387,0.0042427042427,-0.321483907169,-0.00405582462868,0.0247247247247,0,0,0,0,0,0,0.000156146590929,0.0013597059889,0,0,-0.118831289483,0,0,0,195,0,21,1116,0.902777777778,1,0,0.0972222222222,1,0.902777777778,0.948905109489,0.941330856757,0.902777777778,0.902777777778,1,22,0,0,0,0
3966,WLNM_dir_neg,0.978305785124,0.914772727273,00:00:03,10,90,41,1238804665,threshold_sweep,0.6,1,0.0454545454545,0.0869565217391,1,0,21,44,0.0454545454545,1,0,0.954545454545,1,0.0454545454545,0.0869565217391,0.681818181818,0.661616161616,0.0597014925373,0.175411603861,0.0454545454545,216,194,22,0,216,0,194,0,22,37,216,0.162162162162,1.32432432432,11.6756756757,21.6,6,8.1990990496,0.702237650082,0.31006006006,10.329336629,1.76937710775,0.765265265265,3.0868314707,0.528762798222,0.252752752753,0.579945114934,0.437917739848,2,1.32432432432,0.579945114934,2,0.0121701261701,0.00597269624573,7,0.000900900900901,0.621196581197,37,37,37,1,0,0.72972972973,0.243243243243,0.027027027027,37,0.145645645646,1.32432432432,10.4864864865,19.4,5.38888888889,7.41852643957,0.707436799649,0.330872109223,9.28082074138,1.77005344037,0.770688213987,2.8028299727,0.534560355618,0.282529952633,0.579945114934,0.437917739848,2,1.32432432432,0.579945114934,2,0.01152808682,0.0063581773225,6,0.000772200772201,0.500143069491,37,37,37,1,0,0.72972972973,0.243243243243,0.027027027027,37,195,0.146396396396,1.32432432432,10.5405405405,19.5,5.41666666667,7.46694417116,0.708402395726,0.332501732502,9.29351221925,1.76338436981,0.769507969508,2.76534756353,0.524706973594,0.277477477477,0.579945114934,0.437917739848,2,1.32432432432,0.579945114934,2,0.0123262727611,0.00733240223464,7,0.000900900900901,0.502365291713,37,37,37,1,0,0.72972972973,0.243243243243,0.027027027027,-21,-0.0157657657658,0,-1.13513513514,-2.1,-0.583333333333,-0.732154878442,0.00616474564379,0.0224416724417,-1.03582440975,-0.0059927379387,0.0042427042427,-0.321483907169,-0.00405582462868,0.0247247247247,0,0,0,0,0,0,0.000156146590929,0.0013597059889,0,0,-0.118831289483,0,0,0,195,0,21,1116,0.902777777778,1,0,0.0972222222222,1,0.902777777778,0.948905109489,0.941330856757,0.902777777778,0.902777777778,1,22,0,0,0,0
3967,WLNM_dir_neg,0.978305785124,0.914772727273,00:00:03,10,90,41,1238804665,threshold_sweep,0.7,1,0.0454545454545,0.0869565217391,1,0,21,44,0.0454545454545,1,0,0.954545454545,1,0.0454545454545,0.0869565217391,0.681818181818,0.661616161616,0.0597014925373,0.175411603861,0.0454545454545,216,194,22,0,216,0,194,0,22,37,216,0.162162162162,1.32432432432,11.6756756757,21.6,6,8.1990990496,0.702237650082,0.31006006006,10.329336629,1.76937710775,0.765265265265,3.0868314707,0.528762798222,0.252752752753,0.579945114934,0.437917739848,2,1.32432432432,0.579945114934,2,0.0121701261701,0.00597269624573,7,0.000900900900901,0.621196581197,37,37,37,1,0,0.72972972973,0.243243243243,0.027027027027,37,0.145645645646,1.32432432432,10.4864864865,19.4,5.38888888889,7.41852643957,0.707436799649,0.330872109223,9.28082074138,1.77005344037,0.770688213987,2.8028299727,0.534560355618,0.282529952633,0.579945114934,0.437917739848,2,1.32432432432,0.579945114934,2,0.01152808682,0.0063581773225,6,0.000772200772201,0.500143069491,37,37,37,1,0,0.72972972973,0.243243243243,0.027027027027,37,195,0.146396396396,1.32432432432,10.5405405405,19.5,5.41666666667,7.46694417116,0.708402395726,0.332501732502,9.29351221925,1.76338436981,0.769507969508,2.76534756353,0.524706973594,0.277477477477,0.579945114934,0.437917739848,2,1.32432432432,0.579945114934,2,0.0123262727611,0.00733240223464,7,0.000900900900901,0.502365291713,37,37,37,1,0,0.72972972973,0.243243243243,0.027027027027,-21,-0.0157657657658,0,-1.13513513514,-2.1,-0.583333333333,-0.732154878442,0.00616474564379,0.0224416724417,-1.03582440975,-0.0059927379387,0.0042427042427,-0.321483907169,-0.00405582462868,0.0247247247247,0,0,0,0,0,0,0.000156146590929,0.0013597059889,0,0,-0.118831289483,0,0,0,195,0,21,1116,0.902777777778,1,0,0.0972222222222,1,0.902777777778,0.948905109489,0.941330856757,0.902777777778,0.902777777778,1,22,0,0,0,0
3968,WLNM_dir_neg,0.978305785124,0.914772727273,00:00:03,10,90,41,1238804665,threshold_sweep,0.8,1,0.0454545454545,0.0869565217391,1,0,21,44,0.0454545454545,1,0,0.954545454545,1,0.0454545454545,0.0869565217391,0.681818181818,0.661616161616,0.0597014925373,0.175411603861,0.0454545454545,216,194,22,0,216,0,194,0,22,37,216,0.162162162162,1.32432432432,11.6756756757,21.6,6,8.1990990496,0.702237650082,0.31006006006,10.329336629,1.76937710775,0.765265265265,3.0868314707,0.528762798222,0.252752752753,0.579945114934,0.437917739848,2,1.32432432432,0.579945114934,2,0.0121701261701,0.00597269624573,7,0.000900900900901,0.621196581197,37,37,37,1,0,0.72972972973,0.243243243243,0.027027027027,37,0.145645645646,1.32432432432,10.4864864865,19.4,5.38888888889,7.41852643957,0.707436799649,0.330872109223,9.28082074138,1.77005344037,0.770688213987,2.8028299727,0.534560355618,0.282529952633,0.579945114934,0.437917739848,2,1.32432432432,0.579945114934,2,0.01152808682,0.0063581773225,6,0.000772200772201,0.500143069491,37,37,37,1,0,0.72972972973,0.243243243243,0.027027027027,37,195,0.146396396396,1.32432432432,10.5405405405,19.5,5.41666666667,7.46694417116,0.708402395726,0.332501732502,9.29351221925,1.76338436981,0.769507969508,2.76534756353,0.524706973594,0.277477477477,0.579945114934,0.437917739848,2,1.32432432432,0.579945114934,2,0.0123262727611,0.00733240223464,7,0.000900900900901,0.502365291713,37,37,37,1,0,0.72972972973,0.243243243243,0.027027027027,-21,-0.0157657657658,0,-1.13513513514,-2.1,-0.583333333333,-0.732154878442,0.00616474564379,0.0224416724417,-1.03582440975,-0.0059927379387,0.0042427042427,-0.321483907169,-0.00405582462868,0.0247247247247,0,0,0,0,0,0,0.000156146590929,0.0013597059889,0,0,-0.118831289483,0,0,0,195,0,21,1116,0.902777777778,1,0,0.0972222222222,1,0.902777777778,0.948905109489,0.941330856757,0.902777777778,0.902777777778,1,22,0,0,0,0
3969,WLNM_dir_neg,0.978305785124,0.914772727273,00:00:03,10,90,41,1238804665,threshold_sweep,0.9,1,0.0454545454545,0.0869565217391,1,0,21,44,0.0454545454545,1,0,0.954545454545,1,0.0454545454545,0.0869565217391,0.681818181818,0.661616161616,0.0597014925373,0.175411603861,0.0454545454545,216,194,22,0,216,0,194,0,22,37,216,0.162162162162,1.32432432432,11.6756756757,21.6,6,8.1990990496,0.702237650082,0.31006006006,10.329336629,1.76937710775,0.765265265265,3.0868314707,0.528762798222,0.252752752753,0.579945114934,0.437917739848,2,1.32432432432,0.579945114934,2,0.0121701261701,0.00597269624573,7,0.000900900900901,0.621196581197,37,37,37,1,0,0.72972972973,0.243243243243,0.027027027027,37,0.145645645646,1.32432432432,10.4864864865,19.4,5.38888888889,7.41852643957,0.707436799649,0.330872109223,9.28082074138,1.77005344037,0.770688213987,2.8028299727,0.534560355618,0.282529952633,0.579945114934,0.437917739848,2,1.32432432432,0.579945114934,2,0.01152808682,0.0063581773225,6,0.000772200772201,0.500143069491,37,37,37,1,0,0.72972972973,0.243243243243,0.027027027027,37,195,0.146396396396,1.32432432432,10.5405405405,19.5,5.41666666667,7.46694417116,0.708402395726,0.332501732502,9.29351221925,1.76338436981,0.769507969508,2.76534756353,0.524706973594,0.277477477477,0.579945114934,0.437917739848,2,1.32432432432,0.579945114934,2,0.0123262727611,0.00733240223464,7,0.000900900900901,0.502365291713,37,37,37,1,0,0.72972972973,0.243243243243,0.027027027027,-21,-0.0157657657658,0,-1.13513513514,-2.1,-0.583333333333,-0.732154878442,0.00616474564379,0.0224416724417,-1.03582440975,-0.0059927379387,0.0042427042427,-0.321483907169,-0.00405582462868,0.0247247247247,0,0,0,0,0,0,0.000156146590929,0.0013597059889,0,0,-0.118831289483,0,0,0,195,0,21,1116,0.902777777778,1,0,0.0972222222222,1,0.902777777778,0.948905109489,0.941330856757,0.902777777778,0.902777777778,1,22,0,0,0,0
3970,WLNM_dir_neg,0.978305785124,0.914772727273,00:00:03,10,90,42,1238804666,threshold_sweep,0.1,1,0.0454545454545,0.0869565217391,1,0,21,44,0.0454545454545,1,0,0.954545454545,1,0.0454545454545,0.0869565217391,0.681818181818,0.661616161616,0.0597014925373,0.175411603861,0.0454545454545,216,194,22,0,216,0,194,0,22,37,216,0.162162162162,1.32432432432,11.6756756757,21.6,6,8.1990990496,0.702237650082,0.31006006006,10.329336629,1.76937710775,0.765265265265,3.0868314707,0.528762798222,0.252752752753,0.579945114934,0.437917739848,2,1.32432432432,0.579945114934,2,0.0121701261701,0.00597269624573,7,0.000900900900901,0.621196581197,37,37,37,1,0,0.72972972973,0.243243243243,0.027027027027,37,0.145645645646,1.32432432432,10.4864864865,19.4,5.38888888889,7.40353377194,0.7060070865,0.329896907216,9.25684553124,1.76548084874,0.767623293396,2.8028299727,0.534560355618,0.282529952633,0.579945114934,0.437917739848,2,1.32432432432,0.579945114934,2,0.0114827119051,0.00636717368235,6,0.000772200772201,0.500749287749,37,37,37,1,0,0.72972972973,0.243243243243,0.027027027027,37,195,0.146396396396,1.32432432432,10.5405405405,19.5,5.41666666667,7.4520489151,0.706989256048,0.33167013167,9.26956983495,1.75884145586,0.766458766459,2.76534756353,0.524706973594,0.277477477477,0.579945114934,0.437917739848,2,1.32432432432,0.579945114934,2,0.0122808978461,0.00734265734266,7,0.000900900900901,0.502971509972,37,37,37,1,0,0.72972972973,0.243243243243,0.027027027027,-21,-0.0157657657658,0,-1.13513513514,-2.1,-0.583333333333,-0.747050134505,0.00475160596602,0.0216100716101,-1.05976679405,-0.0105356518839,0.0011935011935,-0.321483907169,-0.00405582462868,0.0247247247247,0,0,0,0,0,0,0.000110771675989,0.00136996109692,0,0,-0.118225071225,0,0,0,195,0,21,1116,0.902777777778,1,0,0.0972222222222,1,0.902777777778,0.948905109489,0.941330856757,0.902777777778,0.902777777778,1,22,0,0,0,0
3971,WLNM_dir_neg,0.978305785124,0.914772727273,00:00:03,10,90,42,1238804666,threshold_sweep,0.2,1,0.0454545454545,0.0869565217391,1,0,21,44,0.0454545454545,1,0,0.954545454545,1,0.0454545454545,0.0869565217391,0.681818181818,0.661616161616,0.0597014925373,0.175411603861,0.0454545454545,216,194,22,0,216,0,194,0,22,37,216,0.162162162162,1.32432432432,11.6756756757,21.6,6,8.1990990496,0.702237650082,0.31006006006,10.329336629,1.76937710775,0.765265265265,3.0868314707,0.528762798222,0.252752752753,0.579945114934,0.437917739848,2,1.32432432432,0.579945114934,2,0.0121701261701,0.00597269624573,7,0.000900900900901,0.621196581197,37,37,37,1,0,0.72972972973,0.243243243243,0.027027027027,37,0.145645645646,1.32432432432,10.4864864865,19.4,5.38888888889,7.40353377194,0.7060070865,0.329896907216,9.25684553124,1.76548084874,0.767623293396,2.8028299727,0.534560355618,0.282529952633,0.579945114934,0.437917739848,2,1.32432432432,0.579945114934,2,0.0114827119051,0.00636717368235,6,0.000772200772201,0.500749287749,37,37,37,1,0,0.72972972973,0.243243243243,0.027027027027,37,195,0.146396396396,1.32432432432,10.5405405405,19.5,5.41666666667,7.4520489151,0.706989256048,0.33167013167,9.26956983495,1.75884145586,0.766458766459,2.76534756353,0.524706973594,0.277477477477,0.579945114934,0.437917739848,2,1.32432432432,0.579945114934,2,0.0122808978461,0.00734265734266,7,0.000900900900901,0.502971509972,37,37,37,1,0,0.72972972973,0.243243243243,0.027027027027,-21,-0.0157657657658,0,-1.13513513514,-2.1,-0.583333333333,-0.747050134505,0.00475160596602,0.0216100716101,-1.05976679405,-0.0105356518839,0.0011935011935,-0.321483907169,-0.00405582462868,0.0247247247247,0,0,0,0,0,0,0.000110771675989,0.00136996109692,0,0,-0.118225071225,0,0,0,195,0,21,1116,0.902777777778,1,0,0.0972222222222,1,0.902777777778,0.948905109489,0.941330856757,0.902777777778,0.902777777778,1,22,0,0,0,0
3972,WLNM_dir_neg,0.978305785124,0.914772727273,00:00:03,10,90,42,1238804666,threshold_sweep,0.3,1,0.0454545454545,0.0869565217391,1,0,21,44,0.0454545454545,1,0,0.954545454545,1,0.0454545454545,0.0869565217391,0.681818181818,0.661616161616,0.0597014925373,0.175411603861,0.0454545454545,216,194,22,0,216,0,194,0,22,37,216,0.162162162162,1.32432432432,11.6756756757,21.6,6,8.1990990496,0.702237650082,0.31006006006,10.329336629,1.76937710775,0.765265265265,3.0868314707,0.528762798222,0.252752752753,0.579945114934,0.437917739848,2,1.32432432432,0.579945114934,2,0.0121701261701,0.00597269624573,7,0.000900900900901,0.621196581197,37,37,37,1,0,0.72972972973,0.243243243243,0.027027027027,37,0.145645645646,1.32432432432,10.4864864865,19.4,5.38888888889,7.40353377194,0.7060070865,0.329896907216,9.25684553124,1.76548084874,0.767623293396,2.8028299727,0.534560355618,0.282529952633,0.579945114934,0.437917739848,2,1.32432432432,0.579945114934,2,0.0114827119051,0.00636717368235,6,0.000772200772201,0.500749287749,37,37,37,1,0,0.72972972973,0.243243243243,0.027027027027,37,195,0.146396396396,1.32432432432,10.5405405405,19.5,5.41666666667,7.4520489151,0.706989256048,0.33167013167,9.26956983495,1.75884145586,0.766458766459,2.76534756353,0.524706973594,0.277477477477,0.579945114934,0.437917739848,2,1.32432432432,0.579945114934,2,0.0122808978461,0.00734265734266,7,0.000900900900901,0.502971509972,37,37,37,1,0,0.72972972973,0.243243243243,0.027027027027,-21,-0.0157657657658,0,-1.13513513514,-2.1,-0.583333333333,-0.747050134505,0.00475160596602,0.0216100716101,-1.05976679405,-0.0105356518839,0.0011935011935,-0.321483907169,-0.00405582462868,0.0247247247247,0,0,0,0,0,0,0.000110771675989,0.00136996109692,0,0,-0.118225071225,0,0,0,195,0,21,1116,0.902777777778,1,0,0.0972222222222,1,0.902777777778,0.948905109489,0.941330856757,0.902777777778,0.902777777778,1,22,0,0,0,0
3973,WLNM_dir_neg,0.978305785124,0.914772727273,00:00:03,10,90,42,1238804666,threshold_sweep,0.4,1,0.0454545454545,0.0869565217391,1,0,21,44,0.0454545454545,1,0,0.954545454545,1,0.0454545454545,0.0869565217391,0.681818181818,0.661616161616,0.0597014925373,0.175411603861,0.0454545454545,216,194,22,0,216,0,194,0,22,37,216,0.162162162162,1.32432432432,11.6756756757,21.6,6,8.1990990496,0.702237650082,0.31006006006,10.329336629,1.76937710775,0.765265265265,3.0868314707,0.528762798222,0.252752752753,0.579945114934,0.437917739848,2,1.32432432432,0.579945114934,2,0.0121701261701,0.00597269624573,7,0.000900900900901,0.621196581197,37,37,37,1,0,0.72972972973,0.243243243243,0.027027027027,37,0.145645645646,1.32432432432,10.4864864865,19.4,5.38888888889,7.40353377194,0.7060070865,0.329896907216,9.25684553124,1.76548084874,0.767623293396,2.8028299727,0.534560355618,0.282529952633,0.579945114934,0.437917739848,2,1.32432432432,0.579945114934,2,0.0114827119051,0.00636717368235,6,0.000772200772201,0.500749287749,37,37,37,1,0,0.72972972973,0.243243243243,0.027027027027,37,195,0.146396396396,1.32432432432,10.5405405405,19.5,5.41666666667,7.4520489151,0.706989256048,0.33167013167,9.26956983495,1.75884145586,0.766458766459,2.76534756353,0.524706973594,0.277477477477,0.579945114934,0.437917739848,2,1.32432432432,0.579945114934,2,0.0122808978461,0.00734265734266,7,0.000900900900901,0.502971509972,37,37,37,1,0,0.72972972973,0.243243243243,0.027027027027,-21,-0.0157657657658,0,-1.13513513514,-2.1,-0.583333333333,-0.747050134505,0.00475160596602,0.0216100716101,-1.05976679405,-0.0105356518839,0.0011935011935,-0.321483907169,-0.00405582462868,0.0247247247247,0,0,0,0,0,0,0.000110771675989,0.00136996109692,0,0,-0.118225071225,0,0,0,195,0,21,1116,0.902777777778,1,0,0.0972222222222,1,0.902777777778,0.948905109489,0.941330856757,0.902777777778,0.902777777778,1,22,0,0,0,0
3974,WLNM_dir_neg,0.978305785124,0.914772727273,00:00:03,10,90,42,1238804666,threshold_sweep,0.5,1,0.0454545454545,0.0869565217391,1,0,21,44,0.0454545454545,1,0,0.954545454545,1,0.0454545454545,0.0869565217391,0.681818181818,0.661616161616,0.0597014925373,0.175411603861,0.0454545454545,216,194,22,0,216,0,194,0,22,37,216,0.162162162162,1.32432432432,11.6756756757,21.6,6,8.1990990496,0.702237650082,0.31006006006,10.329336629,1.76937710775,0.765265265265,3.0868314707,0.528762798222,0.252752752753,0.579945114934,0.437917739848,2,1.32432432432,0.579945114934,2,0.0121701261701,0.00597269624573,7,0.000900900900901,0.621196581197,37,37,37,1,0,0.72972972973,0.243243243243,0.027027027027,37,0.145645645646,1.32432432432,10.4864864865,19.4,5.38888888889,7.40353377194,0.7060070865,0.329896907216,9.25684553124,1.76548084874,0.767623293396,2.8028299727,0.534560355618,0.282529952633,0.579945114934,0.437917739848,2,1.32432432432,0.579945114934,2,0.0114827119051,0.00636717368235,6,0.000772200772201,0.500749287749,37,37,37,1,0,0.72972972973,0.243243243243,0.027027027027,37,195,0.146396396396,1.32432432432,10.5405405405,19.5,5.41666666667,7.4520489151,0.706989256048,0.33167013167,9.26956983495,1.75884145586,0.766458766459,2.76534756353,0.524706973594,0.277477477477,0.579945114934,0.437917739848,2,1.32432432432,0.579945114934,2,0.0122808978461,0.00734265734266,7,0.000900900900901,0.502971509972,37,37,37,1,0,0.72972972973,0.243243243243,0.027027027027,-21,-0.0157657657658,0,-1.13513513514,-2.1,-0.583333333333,-0.747050134505,0.00475160596602,0.0216100716101,-1.05976679405,-0.0105356518839,0.0011935011935,-0.321483907169,-0.00405582462868,0.0247247247247,0,0,0,0,0,0,0.000110771675989,0.00136996109692,0,0,-0.118225071225,0,0,0,195,0,21,1116,0.902777777778,1,0,0.0972222222222,1,0.902777777778,0.948905109489,0.941330856757,0.902777777778,0.902777777778,1,22,0,0,0,0
3975,WLNM_dir_neg,0.978305785124,0.914772727273,00:00:03,10,90,42,1238804666,threshold_sweep,0.6,1,0.0454545454545,0.0869565217391,1,0,21,44,0.0454545454545,1,0,0.954545454545,1,0.0454545454545,0.0869565217391,0.681818181818,0.661616161616,0.0597014925373,0.175411603861,0.0454545454545,216,194,22,0,216,0,194,0,22,37,216,0.162162162162,1.32432432432,11.6756756757,21.6,6,8.1990990496,0.702237650082,0.31006006006,10.329336629,1.76937710775,0.765265265265,3.0868314707,0.528762798222,0.252752752753,0.579945114934,0.437917739848,2,1.32432432432,0.579945114934,2,0.0121701261701,0.00597269624573,7,0.000900900900901,0.621196581197,37,37,37,1,0,0.72972972973,0.243243243243,0.027027027027,37,0.145645645646,1.32432432432,10.4864864865,19.4,5.38888888889,7.40353377194,0.7060070865,0.329896907216,9.25684553124,1.76548084874,0.767623293396,2.8028299727,0.534560355618,0.282529952633,0.579945114934,0.437917739848,2,1.32432432432,0.579945114934,2,0.0114827119051,0.00636717368235,6,0.000772200772201,0.500749287749,37,37,37,1,0,0.72972972973,0.243243243243,0.027027027027,37,195,0.146396396396,1.32432432432,10.5405405405,19.5,5.41666666667,7.4520489151,0.706989256048,0.33167013167,9.26956983495,1.75884145586,0.766458766459,2.76534756353,0.524706973594,0.277477477477,0.579945114934,0.437917739848,2,1.32432432432,0.579945114934,2,0.0122808978461,0.00734265734266,7,0.000900900900901,0.502971509972,37,37,37,1,0,0.72972972973,0.243243243243,0.027027027027,-21,-0.0157657657658,0,-1.13513513514,-2.1,-0.583333333333,-0.747050134505,0.00475160596602,0.0216100716101,-1.05976679405,-0.0105356518839,0.0011935011935,-0.321483907169,-0.00405582462868,0.0247247247247,0,0,0,0,0,0,0.000110771675989,0.00136996109692,0,0,-0.118225071225,0,0,0,195,0,21,1116,0.902777777778,1,0,0.0972222222222,1,0.902777777778,0.948905109489,0.941330856757,0.902777777778,0.902777777778,1,22,0,0,0,0
3976,WLNM_dir_neg,0.978305785124,0.914772727273,00:00:03,10,90,42,1238804666,threshold_sweep,0.7,1,0.0454545454545,0.0869565217391,1,0,21,44,0.0454545454545,1,0,0.954545454545,1,0.0454545454545,0.0869565217391,0.681818181818,0.661616161616,0.0597014925373,0.175411603861,0.0454545454545,216,194,22,0,216,0,194,0,22,37,216,0.162162162162,1.32432432432,11.6756756757,21.6,6,8.1990990496,0.702237650082,0.31006006006,10.329336629,1.76937710775,0.765265265265,3.0868314707,0.528762798222,0.252752752753,0.579945114934,0.437917739848,2,1.32432432432,0.579945114934,2,0.0121701261701,0.00597269624573,7,0.000900900900901,0.621196581197,37,37,37,1,0,0.72972972973,0.243243243243,0.027027027027,37,0.145645645646,1.32432432432,10.4864864865,19.4,5.38888888889,7.40353377194,0.7060070865,0.329896907216,9.25684553124,1.76548084874,0.767623293396,2.8028299727,0.534560355618,0.282529952633,0.579945114934,0.437917739848,2,1.32432432432,0.579945114934,2,0.0114827119051,0.00636717368235,6,0.000772200772201,0.500749287749,37,37,37,1,0,0.72972972973,0.243243243243,0.027027027027,37,195,0.146396396396,1.32432432432,10.5405405405,19.5,5.41666666667,7.4520489151,0.706989256048,0.33167013167,9.26956983495,1.75884145586,0.766458766459,2.76534756353,0.524706973594,0.277477477477,0.579945114934,0.437917739848,2,1.32432432432,0.579945114934,2,0.0122808978461,0.00734265734266,7,0.000900900900901,0.502971509972,37,37,37,1,0,0.72972972973,0.243243243243,0.027027027027,-21,-0.0157657657658,0,-1.13513513514,-2.1,-0.583333333333,-0.747050134505,0.00475160596602,0.0216100716101,-1.05976679405,-0.0105356518839,0.0011935011935,-0.321483907169,-0.00405582462868,0.0247247247247,0,0,0,0,0,0,0.000110771675989,0.00136996109692,0,0,-0.118225071225,0,0,0,195,0,21,1116,0.902777777778,1,0,0.0972222222222,1,0.902777777778,0.948905109489,0.941330856757,0.902777777778,0.902777777778,1,22,0,0,0,0
3977,WLNM_dir_neg,0.978305785124,0.914772727273,00:00:03,10,90,42,1238804666,threshold_sweep,0.8,1,0.0454545454545,0.0869565217391,1,0,21,44,0.0454545454545,1,0,0.954545454545,1,0.0454545454545,0.0869565217391,0.681818181818,0.661616161616,0.0597014925373,0.175411603861,0.0454545454545,216,194,22,0,216,0,194,0,22,37,216,0.162162162162,1.32432432432,11.6756756757,21.6,6,8.1990990496,0.702237650082,0.31006006006,10.329336629,1.76937710775,0.765265265265,3.0868314707,0.528762798222,0.252752752753,0.579945114934,0.437917739848,2,1.32432432432,0.579945114934,2,0.0121701261701,0.00597269624573,7,0.000900900900901,0.621196581197,37,37,37,1,0,0.72972972973,0.243243243243,0.027027027027,37,0.145645645646,1.32432432432,10.4864864865,19.4,5.38888888889,7.40353377194,0.7060070865,0.329896907216,9.25684553124,1.76548084874,0.767623293396,2.8028299727,0.534560355618,0.282529952633,0.579945114934,0.437917739848,2,1.32432432432,0.579945114934,2,0.0114827119051,0.00636717368235,6,0.000772200772201,0.500749287749,37,37,37,1,0,0.72972972973,0.243243243243,0.027027027027,37,195,0.146396396396,1.32432432432,10.5405405405,19.5,5.41666666667,7.4520489151,0.706989256048,0.33167013167,9.26956983495,1.75884145586,0.766458766459,2.76534756353,0.524706973594,0.277477477477,0.579945114934,0.437917739848,2,1.32432432432,0.579945114934,2,0.0122808978461,0.00734265734266,7,0.000900900900901,0.502971509972,37,37,37,1,0,0.72972972973,0.243243243243,0.027027027027,-21,-0.0157657657658,0,-1.13513513514,-2.1,-0.583333333333,-0.747050134505,0.00475160596602,0.0216100716101,-1.05976679405,-0.0105356518839,0.0011935011935,-0.321483907169,-0.00405582462868,0.0247247247247,0,0,0,0,0,0,0.000110771675989,0.00136996109692,0,0,-0.118225071225,0,0,0,195,0,21,1116,0.902777777778,1,0,0.0972222222222,1,0.902777777778,0.948905109489,0.941330856757,0.902777777778,0.902777777778,1,22,0,0,0,0
3978,WLNM_dir_neg,0.978305785124,0.914772727273,00:00:03,10,90,42,1238804666,threshold_sweep,0.9,1,0.0454545454545,0.0869565217391,1,0,21,44,0.0454545454545,1,0,0.954545454545,1,0.0454545454545,0.0869565217391,0.681818181818,0.661616161616,0.0597014925373,0.175411603861,0.0454545454545,216,194,22,0,216,0,194,0,22,37,216,0.162162162162,1.32432432432,11.6756756757,21.6,6,8.1990990496,0.702237650082,0.31006006006,10.329336629,1.76937710775,0.765265265265,3.0868314707,0.528762798222,0.252752752753,0.579945114934,0.437917739848,2,1.32432432432,0.579945114934,2,0.0121701261701,0.00597269624573,7,0.000900900900901,0.621196581197,37,37,37,1,0,0.72972972973,0.243243243243,0.027027027027,37,0.145645645646,1.32432432432,10.4864864865,19.4,5.38888888889,7.40353377194,0.7060070865,0.329896907216,9.25684553124,1.76548084874,0.767623293396,2.8028299727,0.534560355618,0.282529952633,0.579945114934,0.437917739848,2,1.32432432432,0.579945114934,2,0.0114827119051,0.00636717368235,6,0.000772200772201,0.500749287749,37,37,37,1,0,0.72972972973,0.243243243243,0.027027027027,37,195,0.146396396396,1.32432432432,10.5405405405,19.5,5.41666666667,7.4520489151,0.706989256048,0.33167013167,9.26956983495,1.75884145586,0.766458766459,2.76534756353,0.524706973594,0.277477477477,0.579945114934,0.437917739848,2,1.32432432432,0.579945114934,2,0.0122808978461,0.00734265734266,7,0.000900900900901,0.502971509972,37,37,37,1,0,0.72972972973,0.243243243243,0.027027027027,-21,-0.0157657657658,0,-1.13513513514,-2.1,-0.583333333333,-0.747050134505,0.00475160596602,0.0216100716101,-1.05976679405,-0.0105356518839,0.0011935011935,-0.321483907169,-0.00405582462868,0.0247247247247,0,0,0,0,0,0,0.000110771675989,0.00136996109692,0,0,-0.118225071225,0,0,0,195,0,21,1116,0.902777777778,1,0,0.0972222222222,1,0.902777777778,0.948905109489,0.941330856757,0.902777777778,0.902777777778,1,22,0,0,0,0
3979,WLNM_dir_neg,0.989152892562,0.933794466403,00:00:03,10,90,43,1238804667,threshold_sweep,0.1,1,0.0454545454545,0.0869565217391,1,0,21,44,0.0454545454545,1,0,0.954545454545,1,0.0454545454545,0.0869565217391,0.681818181818,0.661616161616,0.0597014925373,0.175411603861,0.0454545454545,216,194,22,0,216,0,194,0,22,37,216,0.162162162162,1.32432432432,11.6756756757,21.6,6,8.1990990496,0.702237650082,0.31006006006,10.329336629,1.76937710775,0.765265265265,3.0868314707,0.528762798222,0.252752752753,0.579945114934,0.437917739848,2,1.32432432432,0.579945114934,2,0.0121701261701,0.00597269624573,7,0.000900900900901,0.621196581197,37,37,37,1,0,0.72972972973,0.243243243243,0.027027027027,37,0.145645645646,1.32432432432,10.4864864865,19.4,5.38888888889,7.4893317519,0.71418885263,0.335748119253,9.31368588394,1.77632153457,0.773753134578,2.83240578352,0.540201103043,0.288659793814,0.579945114934,0.437917739848,2,1.32432432432,0.579945114934,2,0.0114782847702,0.00631578947368,6,0.000772200772201,0.504382137991,37,37,37,1,0,0.72972972973,0.243243243243,0.027027027027,37,195,0.146396396396,1.32432432432,10.5405405405,19.5,5.41666666667,7.51514986394,0.712975756323,0.336936936937,9.32633263831,1.76961183394,0.772557172557,2.79531998415,0.530394048275,0.283575883576,0.579945114934,0.437917739848,2,1.32432432432,0.579945114934,2,0.0123483169936,0.00729927007299,7,0.000900900900901,0.506604360213,37,37,37,1,0,0.72972972973,0.243243243243,0.027027027027,-21,-0.0157657657658,0,-1.13513513514,-2.1,-0.583333333333,-0.683949185664,0.0107381062406,0.0268768768769,-1.00300399069,0.000234726191176,0.00729190729191,-0.291511486549,0.00163125005304,0.0308231308231,0,0,0,0,0,0,0.0001781908235,0.00132657382726,0,0,-0.114592220984,0,0,0,195,0,21,1116,0.902777777778,1,0,0.0972222222222,1,0.902777777778,0.948905109489,0.941330856757,0.902777777778,0.902777777778,1,22,0,0,0,0
3980,WLNM_dir_neg,0.989152892562,0.933794466403,00:00:03,10,90,43,1238804667,threshold_sweep,0.2,1,0.0454545454545,0.0869565217391,1,0,21,44,0.0454545454545,1,0,0.954545454545,1,0.0454545454545,0.0869565217391,0.681818181818,0.661616161616,0.0597014925373,0.175411603861,0.0454545454545,216,194,22,0,216,0,194,0,22,37,216,0.162162162162,1.32432432432,11.6756756757,21.6,6,8.1990990496,0.702237650082,0.31006006006,10.329336629,1.76937710775,0.765265265265,3.0868314707,0.528762798222,0.252752752753,0.579945114934,0.437917739848,2,1.32432432432,0.579945114934,2,0.0121701261701,0.00597269624573,7,0.000900900900901,0.621196581197,37,37,37,1,0,0.72972972973,0.243243243243,0.027027027027,37,0.145645645646,1.32432432432,10.4864864865,19.4,5.38888888889,7.4893317519,0.71418885263,0.335748119253,9.31368588394,1.77632153457,0.773753134578,2.83240578352,0.540201103043,0.288659793814,0.579945114934,0.437917739848,2,1.32432432432,0.579945114934,2,0.0114782847702,0.00631578947368,6,0.000772200772201,0.504382137991,37,37,37,1,0,0.72972972973,0.243243243243,0.027027027027,37,195,0.146396396396,1.32432432432,10.5405405405,19.5,5.41666666667,7.51514986394,0.712975756323,0.336936936937,9.32633263831,1.76961183394,0.772557172557,2.79531998415,0.530394048275,0.283575883576,0.579945114934,0.437917739848,2,1.32432432432,0.579945114934,2,0.0123483169936,0.00729927007299,7,0.000900900900901,0.506604360213,37,37,37,1,0,0.72972972973,0.243243243243,0.027027027027,-21,-0.0157657657658,0,-1.13513513514,-2.1,-0.583333333333,-0.683949185664,0.0107381062406,0.0268768768769,-1.00300399069,0.000234726191176,0.00729190729191,-0.291511486549,0.00163125005304,0.0308231308231,0,0,0,0,0,0,0.0001781908235,0.00132657382726,0,0,-0.114592220984,0,0,0,195,0,21,1116,0.902777777778,1,0,0.0972222222222,1,0.902777777778,0.948905109489,0.941330856757,0.902777777778,0.902777777778,1,22,0,0,0,0
3981,WLNM_dir_neg,0.989152892562,0.933794466403,00:00:03,10,90,43,1238804667,threshold_sweep,0.3,1,0.0454545454545,0.0869565217391,1,0,21,44,0.0454545454545,1,0,0.954545454545,1,0.0454545454545,0.0869565217391,0.681818181818,0.661616161616,0.0597014925373,0.175411603861,0.0454545454545,216,194,22,0,216,0,194,0,22,37,216,0.162162162162,1.32432432432,11.6756756757,21.6,6,8.1990990496,0.702237650082,0.31006006006,10.329336629,1.76937710775,0.765265265265,3.0868314707,0.528762798222,0.252752752753,0.579945114934,0.437917739848,2,1.32432432432,0.579945114934,2,0.0121701261701,0.00597269624573,7,0.000900900900901,0.621196581197,37,37,37,1,0,0.72972972973,0.243243243243,0.027027027027,37,0.145645645646,1.32432432432,10.4864864865,19.4,5.38888888889,7.4893317519,0.71418885263,0.335748119253,9.31368588394,1.77632153457,0.773753134578,2.83240578352,0.540201103043,0.288659793814,0.579945114934,0.437917739848,2,1.32432432432,0.579945114934,2,0.0114782847702,0.00631578947368,6,0.000772200772201,0.504382137991,37,37,37,1,0,0.72972972973,0.243243243243,0.027027027027,37,195,0.146396396396,1.32432432432,10.5405405405,19.5,5.41666666667,7.51514986394,0.712975756323,0.336936936937,9.32633263831,1.76961183394,0.772557172557,2.79531998415,0.530394048275,0.283575883576,0.579945114934,0.437917739848,2,1.32432432432,0.579945114934,2,0.0123483169936,0.00729927007299,7,0.000900900900901,0.506604360213,37,37,37,1,0,0.72972972973,0.243243243243,0.027027027027,-21,-0.0157657657658,0,-1.13513513514,-2.1,-0.583333333333,-0.683949185664,0.0107381062406,0.0268768768769,-1.00300399069,0.000234726191176,0.00729190729191,-0.291511486549,0.00163125005304,0.0308231308231,0,0,0,0,0,0,0.0001781908235,0.00132657382726,0,0,-0.114592220984,0,0,0,195,0,21,1116,0.902777777778,1,0,0.0972222222222,1,0.902777777778,0.948905109489,0.941330856757,0.902777777778,0.902777777778,1,22,0,0,0,0
3982,WLNM_dir_neg,0.989152892562,0.933794466403,00:00:03,10,90,43,1238804667,threshold_sweep,0.4,1,0.0454545454545,0.0869565217391,1,0,21,44,0.0454545454545,1,0,0.954545454545,1,0.0454545454545,0.0869565217391,0.681818181818,0.661616161616,0.0597014925373,0.175411603861,0.0454545454545,216,194,22,0,216,0,194,0,22,37,216,0.162162162162,1.32432432432,11.6756756757,21.6,6,8.1990990496,0.702237650082,0.31006006006,10.329336629,1.76937710775,0.765265265265,3.0868314707,0.528762798222,0.252752752753,0.579945114934,0.437917739848,2,1.32432432432,0.579945114934,2,0.0121701261701,0.00597269624573,7,0.000900900900901,0.621196581197,37,37,37,1,0,0.72972972973,0.243243243243,0.027027027027,37,0.145645645646,1.32432432432,10.4864864865,19.4,5.38888888889,7.4893317519,0.71418885263,0.335748119253,9.31368588394,1.77632153457,0.773753134578,2.83240578352,0.540201103043,0.288659793814,0.579945114934,0.437917739848,2,1.32432432432,0.579945114934,2,0.0114782847702,0.00631578947368,6,0.000772200772201,0.504382137991,37,37,37,1,0,0.72972972973,0.243243243243,0.027027027027,37,195,0.146396396396,1.32432432432,10.5405405405,19.5,5.41666666667,7.51514986394,0.712975756323,0.336936936937,9.32633263831,1.76961183394,0.772557172557,2.79531998415,0.530394048275,0.283575883576,0.579945114934,0.437917739848,2,1.32432432432,0.579945114934,2,0.0123483169936,0.00729927007299,7,0.000900900900901,0.506604360213,37,37,37,1,0,0.72972972973,0.243243243243,0.027027027027,-21,-0.0157657657658,0,-1.13513513514,-2.1,-0.583333333333,-0.683949185664,0.0107381062406,0.0268768768769,-1.00300399069,0.000234726191176,0.00729190729191,-0.291511486549,0.00163125005304,0.0308231308231,0,0,0,0,0,0,0.0001781908235,0.00132657382726,0,0,-0.114592220984,0,0,0,195,0,21,1116,0.902777777778,1,0,0.0972222222222,1,0.902777777778,0.948905109489,0.941330856757,0.902777777778,0.902777777778,1,22,0,0,0,0
3983,WLNM_dir_neg,0.989152892562,0.933794466403,00:00:03,10,90,43,1238804667,threshold_sweep,0.5,1,0.0454545454545,0.0869565217391,1,0,21,44,0.0454545454545,1,0,0.954545454545,1,0.0454545454545,0.0869565217391,0.681818181818,0.661616161616,0.0597014925373,0.175411603861,0.0454545454545,216,194,22,0,216,0,194,0,22,37,216,0.162162162162,1.32432432432,11.6756756757,21.6,6,8.1990990496,0.702237650082,0.31006006006,10.329336629,1.76937710775,0.765265265265,3.0868314707,0.528762798222,0.252752752753,0.579945114934,0.437917739848,2,1.32432432432,0.579945114934,2,0.0121701261701,0.00597269624573,7,0.000900900900901,0.621196581197,37,37,37,1,0,0.72972972973,0.243243243243,0.027027027027,37,0.145645645646,1.32432432432,10.4864864865,19.4,5.38888888889,7.4893317519,0.71418885263,0.335748119253,9.31368588394,1.77632153457,0.773753134578,2.83240578352,0.540201103043,0.288659793814,0.579945114934,0.437917739848,2,1.32432432432,0.579945114934,2,0.0114782847702,0.00631578947368,6,0.000772200772201,0.504382137991,37,37,37,1,0,0.72972972973,0.243243243243,0.027027027027,37,195,0.146396396396,1.32432432432,10.5405405405,19.5,5.41666666667,7.51514986394,0.712975756323,0.336936936937,9.32633263831,1.76961183394,0.772557172557,2.79531998415,0.530394048275,0.283575883576,0.579945114934,0.437917739848,2,1.32432432432,0.579945114934,2,0.0123483169936,0.00729927007299,7,0.000900900900901,0.506604360213,37,37,37,1,0,0.72972972973,0.243243243243,0.027027027027,-21,-0.0157657657658,0,-1.13513513514,-2.1,-0.583333333333,-0.683949185664,0.0107381062406,0.0268768768769,-1.00300399069,0.000234726191176,0.00729190729191,-0.291511486549,0.00163125005304,0.0308231308231,0,0,0,0,0,0,0.0001781908235,0.00132657382726,0,0,-0.114592220984,0,0,0,195,0,21,1116,0.902777777778,1,0,0.0972222222222,1,0.902777777778,0.948905109489,0.941330856757,0.902777777778,0.902777777778,1,22,0,0,0,0
3984,WLNM_dir_neg,0.989152892562,0.933794466403,00:00:03,10,90,43,1238804667,threshold_sweep,0.6,1,0.0454545454545,0.0869565217391,1,0,21,44,0.0454545454545,1,0,0.954545454545,1,0.0454545454545,0.0869565217391,0.681818181818,0.661616161616,0.0597014925373,0.175411603861,0.0454545454545,216,194,22,0,216,0,194,0,22,37,216,0.162162162162,1.32432432432,11.6756756757,21.6,6,8.1990990496,0.702237650082,0.31006006006,10.329336629,1.76937710775,0.765265265265,3.0868314707,0.528762798222,0.252752752753,0.579945114934,0.437917739848,2,1.32432432432,0.579945114934,2,0.0121701261701,0.00597269624573,7,0.000900900900901,0.621196581197,37,37,37,1,0,0.72972972973,0.243243243243,0.027027027027,37,0.145645645646,1.32432432432,10.4864864865,19.4,5.38888888889,7.4893317519,0.71418885263,0.335748119253,9.31368588394,1.77632153457,0.773753134578,2.83240578352,0.540201103043,0.288659793814,0.579945114934,0.437917739848,2,1.32432432432,0.579945114934,2,0.0114782847702,0.00631578947368,6,0.000772200772201,0.504382137991,37,37,37,1,0,0.72972972973,0.243243243243,0.027027027027,37,195,0.146396396396,1.32432432432,10.5405405405,19.5,5.41666666667,7.51514986394,0.712975756323,0.336936936937,9.32633263831,1.76961183394,0.772557172557,2.79531998415,0.530394048275,0.283575883576,0.579945114934,0.437917739848,2,1.32432432432,0.579945114934,2,0.0123483169936,0.00729927007299,7,0.000900900900901,0.506604360213,37,37,37,1,0,0.72972972973,0.243243243243,0.027027027027,-21,-0.0157657657658,0,-1.13513513514,-2.1,-0.583333333333,-0.683949185664,0.0107381062406,0.0268768768769,-1.00300399069,0.000234726191176,0.00729190729191,-0.291511486549,0.00163125005304,0.0308231308231,0,0,0,0,0,0,0.0001781908235,0.00132657382726,0,0,-0.114592220984,0,0,0,195,0,21,1116,0.902777777778,1,0,0.0972222222222,1,0.902777777778,0.948905109489,0.941330856757,0.902777777778,0.902777777778,1,22,0,0,0,0
3985,WLNM_dir_neg,0.989152892562,0.933794466403,00:00:03,10,90,43,1238804667,threshold_sweep,0.7,1,0.0454545454545,0.0869565217391,1,0,21,44,0.0454545454545,1,0,0.954545454545,1,0.0454545454545,0.0869565217391,0.681818181818,0.661616161616,0.0597014925373,0.175411603861,0.0454545454545,216,194,22,0,216,0,194,0,22,37,216,0.162162162162,1.32432432432,11.6756756757,21.6,6,8.1990990496,0.702237650082,0.31006006006,10.329336629,1.76937710775,0.765265265265,3.0868314707,0.528762798222,0.252752752753,0.579945114934,0.437917739848,2,1.32432432432,0.579945114934,2,0.0121701261701,0.00597269624573,7,0.000900900900901,0.621196581197,37,37,37,1,0,0.72972972973,0.243243243243,0.027027027027,37,0.145645645646,1.32432432432,10.4864864865,19.4,5.38888888889,7.4893317519,0.71418885263,0.335748119253,9.31368588394,1.77632153457,0.773753134578,2.83240578352,0.540201103043,0.288659793814,0.579945114934,0.437917739848,2,1.32432432432,0.579945114934,2,0.0114782847702,0.00631578947368,6,0.000772200772201,0.504382137991,37,37,37,1,0,0.72972972973,0.243243243243,0.027027027027,37,195,0.146396396396,1.32432432432,10.5405405405,19.5,5.41666666667,7.51514986394,0.712975756323,0.336936936937,9.32633263831,1.76961183394,0.772557172557,2.79531998415,0.530394048275,0.283575883576,0.579945114934,0.437917739848,2,1.32432432432,0.579945114934,2,0.0123483169936,0.00729927007299,7,0.000900900900901,0.506604360213,37,37,37,1,0,0.72972972973,0.243243243243,0.027027027027,-21,-0.0157657657658,0,-1.13513513514,-2.1,-0.583333333333,-0.683949185664,0.0107381062406,0.0268768768769,-1.00300399069,0.000234726191176,0.00729190729191,-0.291511486549,0.00163125005304,0.0308231308231,0,0,0,0,0,0,0.0001781908235,0.00132657382726,0,0,-0.114592220984,0,0,0,195,0,21,1116,0.902777777778,1,0,0.0972222222222,1,0.902777777778,0.948905109489,0.941330856757,0.902777777778,0.902777777778,1,22,0,0,0,0
3986,WLNM_dir_neg,0.989152892562,0.933794466403,00:00:03,10,90,43,1238804667,threshold_sweep,0.8,1,0.0454545454545,0.0869565217391,1,0,21,44,0.0454545454545,1,0,0.954545454545,1,0.0454545454545,0.0869565217391,0.681818181818,0.661616161616,0.0597014925373,0.175411603861,0.0454545454545,216,194,22,0,216,0,194,0,22,37,216,0.162162162162,1.32432432432,11.6756756757,21.6,6,8.1990990496,0.702237650082,0.31006006006,10.329336629,1.76937710775,0.765265265265,3.0868314707,0.528762798222,0.252752752753,0.579945114934,0.437917739848,2,1.32432432432,0.579945114934,2,0.0121701261701,0.00597269624573,7,0.000900900900901,0.621196581197,37,37,37,1,0,0.72972972973,0.243243243243,0.027027027027,37,0.145645645646,1.32432432432,10.4864864865,19.4,5.38888888889,7.4893317519,0.71418885263,0.335748119253,9.31368588394,1.77632153457,0.773753134578,2.83240578352,0.540201103043,0.288659793814,0.579945114934,0.437917739848,2,1.32432432432,0.579945114934,2,0.0114782847702,0.00631578947368,6,0.000772200772201,0.504382137991,37,37,37,1,0,0.72972972973,0.243243243243,0.027027027027,37,195,0.146396396396,1.32432432432,10.5405405405,19.5,5.41666666667,7.51514986394,0.712975756323,0.336936936937,9.32633263831,1.76961183394,0.772557172557,2.79531998415,0.530394048275,0.283575883576,0.579945114934,0.437917739848,2,1.32432432432,0.579945114934,2,0.0123483169936,0.00729927007299,7,0.000900900900901,0.506604360213,37,37,37,1,0,0.72972972973,0.243243243243,0.027027027027,-21,-0.0157657657658,0,-1.13513513514,-2.1,-0.583333333333,-0.683949185664,0.0107381062406,0.0268768768769,-1.00300399069,0.000234726191176,0.00729190729191,-0.291511486549,0.00163125005304,0.0308231308231,0,0,0,0,0,0,0.0001781908235,0.00132657382726,0,0,-0.114592220984,0,0,0,195,0,21,1116,0.902777777778,1,0,0.0972222222222,1,0.902777777778,0.948905109489,0.941330856757,0.902777777778,0.902777777778,1,22,0,0,0,0
3987,WLNM_dir_neg,0.989152892562,0.933794466403,00:00:03,10,90,43,1238804667,threshold_sweep,0.9,1,0.0454545454545,0.0869565217391,1,0,21,44,0.0454545454545,1,0,0.954545454545,1,0.0454545454545,0.0869565217391,0.681818181818,0.661616161616,0.0597014925373,0.175411603861,0.0454545454545,216,194,22,0,216,0,194,0,22,37,216,0.162162162162,1.32432432432,11.6756756757,21.6,6,8.1990990496,0.702237650082,0.31006006006,10.329336629,1.76937710775,0.765265265265,3.0868314707,0.528762798222,0.252752752753,0.579945114934,0.437917739848,2,1.32432432432,0.579945114934,2,0.0121701261701,0.00597269624573,7,0.000900900900901,0.621196581197,37,37,37,1,0,0.72972972973,0.243243243243,0.027027027027,37,0.145645645646,1.32432432432,10.4864864865,19.4,5.38888888889,7.4893317519,0.71418885263,0.335748119253,9.31368588394,1.77632153457,0.773753134578,2.83240578352,0.540201103043,0.288659793814,0.579945114934,0.437917739848,2,1.32432432432,0.579945114934,2,0.0114782847702,0.00631578947368,6,0.000772200772201,0.504382137991,37,37,37,1,0,0.72972972973,0.243243243243,0.027027027027,37,195,0.146396396396,1.32432432432,10.5405405405,19.5,5.41666666667,7.51514986394,0.712975756323,0.336936936937,9.32633263831,1.76961183394,0.772557172557,2.79531998415,0.530394048275,0.283575883576,0.579945114934,0.437917739848,2,1.32432432432,0.579945114934,2,0.0123483169936,0.00729927007299,7,0.000900900900901,0.506604360213,37,37,37,1,0,0.72972972973,0.243243243243,0.027027027027,-21,-0.0157657657658,0,-1.13513513514,-2.1,-0.583333333333,-0.683949185664,0.0107381062406,0.0268768768769,-1.00300399069,0.000234726191176,0.00729190729191,-0.291511486549,0.00163125005304,0.0308231308231,0,0,0,0,0,0,0.0001781908235,0.00132657382726,0,0,-0.114592220984,0,0,0,195,0,21,1116,0.902777777778,1,0,0.0972222222222,1,0.902777777778,0.948905109489,0.941330856757,0.902777777778,0.902777777778,1,22,0,0,0,0
3988,WLNM_dir_neg,0.969008264463,0.9,00:00:03,10,90,44,1238804668,threshold_sweep,0.1,1,0.0454545454545,0.0869565217391,1,0,21,44,0.0454545454545,1,0,0.954545454545,1,0.0454545454545,0.0869565217391,0.681818181818,0.661616161616,0.0597014925373,0.175411603861,0.0454545454545,216,194,22,0,216,0,194,0,22,37,216,0.162162162162,1.32432432432,11.6756756757,21.6,6,8.1990990496,0.702237650082,0.31006006006,10.329336629,1.76937710775,0.765265265265,3.0868314707,0.528762798222,0.252752752753,0.579945114934,0.437917739848,2,1.32432432432,0.579945114934,2,0.0121701261701,0.00597269624573,7,0.000900900900901,0.621196581197,37,37,37,1,0,0.72972972973,0.243243243243,0.027027027027,37,0.145645645646,1.32432432432,10.4864864865,19.4,5.54285714286,7.42226987451,0.707793776693,0.328782390638,9.30174835837,1.77404479,0.76845918083,2.92883561814,0.55859236016,0.290610197827,0.579945114934,0.437917739848,2,1.33333333333,0.585540043769,2,0.0112720102534,0.00529661016949,5,0.000643500643501,0.515814814815,37,36,36,0.972972972973,0,0.702702702703,0.243243243243,0.027027027027,37,195,0.146396396396,1.32432432432,10.5405405405,19.5,5.57142857143,7.45950026102,0.70769617861,0.330006930007,9.31441132108,1.76734984041,0.76729036729,2.89298623733,0.548925593749,0.285793485793,0.579945114934,0.437917739848,2,1.33333333333,0.585540043769,2,0.0125975101503,0.0062893081761,6,0.000772200772201,0.518037037037,37,36,36,0.972972972973,0,0.702702702703,0.243243243243,0.027027027027,-21,-0.0157657657658,0,-1.13513513514,-2.1,-0.428571428571,-0.739598788585,0.00545852852764,0.0199468699469,-1.01492530792,-0.00202726733532,0.0020251020251,-0.193845233376,0.020162795527,0.0330407330407,0,0,0,0.00900900900901,0.00559492883467,0,0.000427383980179,0.000316611930367,-1,-0.0001287001287,-0.10315954416,-0.027027027027,0,0,195,0,21,1116,0.902777777778,1,0,0.0972222222222,1,0.902777777778,0.948905109489,0.941330856757,0.902777777778,0.902777777778,1,22,0,0,0,0
3989,WLNM_dir_neg,0.969008264463,0.9,00:00:03,10,90,44,1238804668,threshold_sweep,0.2,1,0.0454545454545,0.0869565217391,1,0,21,44,0.0454545454545,1,0,0.954545454545,1,0.0454545454545,0.0869565217391,0.681818181818,0.661616161616,0.0597014925373,0.175411603861,0.0454545454545,216,194,22,0,216,0,194,0,22,37,216,0.162162162162,1.32432432432,11.6756756757,21.6,6,8.1990990496,0.702237650082,0.31006006006,10.329336629,1.76937710775,0.765265265265,3.0868314707,0.528762798222,0.252752752753,0.579945114934,0.437917739848,2,1.32432432432,0.579945114934,2,0.0121701261701,0.00597269624573,7,0.000900900900901,0.621196581197,37,37,37,1,0,0.72972972973,0.243243243243,0.027027027027,37,0.145645645646,1.32432432432,10.4864864865,19.4,5.54285714286,7.42226987451,0.707793776693,0.328782390638,9.30174835837,1.77404479,0.76845918083,2.92883561814,0.55859236016,0.290610197827,0.579945114934,0.437917739848,2,1.33333333333,0.585540043769,2,0.0112720102534,0.00529661016949,5,0.000643500643501,0.515814814815,37,36,36,0.972972972973,0,0.702702702703,0.243243243243,0.027027027027,37,195,0.146396396396,1.32432432432,10.5405405405,19.5,5.57142857143,7.45950026102,0.70769617861,0.330006930007,9.31441132108,1.76734984041,0.76729036729,2.89298623733,0.548925593749,0.285793485793,0.579945114934,0.437917739848,2,1.33333333333,0.585540043769,2,0.0125975101503,0.0062893081761,6,0.000772200772201,0.518037037037,37,36,36,0.972972972973,0,0.702702702703,0.243243243243,0.027027027027,-21,-0.0157657657658,0,-1.13513513514,-2.1,-0.428571428571,-0.739598788585,0.00545852852764,0.0199468699469,-1.01492530792,-0.00202726733532,0.0020251020251,-0.193845233376,0.020162795527,0.0330407330407,0,0,0,0.00900900900901,0.00559492883467,0,0.000427383980179,0.000316611930367,-1,-0.0001287001287,-0.10315954416,-0.027027027027,0,0,195,0,21,1116,0.902777777778,1,0,0.0972222222222,1,0.902777777778,0.948905109489,0.941330856757,0.902777777778,0.902777777778,1,22,0,0,0,0
3990,WLNM_dir_neg,0.969008264463,0.9,00:00:03,10,90,44,1238804668,threshold_sweep,0.3,1,0.0454545454545,0.0869565217391,1,0,21,44,0.0454545454545,1,0,0.954545454545,1,0.0454545454545,0.0869565217391,0.681818181818,0.661616161616,0.0597014925373,0.175411603861,0.0454545454545,216,194,22,0,216,0,194,0,22,37,216,0.162162162162,1.32432432432,11.6756756757,21.6,6,8.1990990496,0.702237650082,0.31006006006,10.329336629,1.76937710775,0.765265265265,3.0868314707,0.528762798222,0.252752752753,0.579945114934,0.437917739848,2,1.32432432432,0.579945114934,2,0.0121701261701,0.00597269624573,7,0.000900900900901,0.621196581197,37,37,37,1,0,0.72972972973,0.243243243243,0.027027027027,37,0.145645645646,1.32432432432,10.4864864865,19.4,5.54285714286,7.42226987451,0.707793776693,0.328782390638,9.30174835837,1.77404479,0.76845918083,2.92883561814,0.55859236016,0.290610197827,0.579945114934,0.437917739848,2,1.33333333333,0.585540043769,2,0.0112720102534,0.00529661016949,5,0.000643500643501,0.515814814815,37,36,36,0.972972972973,0,0.702702702703,0.243243243243,0.027027027027,37,195,0.146396396396,1.32432432432,10.5405405405,19.5,5.57142857143,7.45950026102,0.70769617861,0.330006930007,9.31441132108,1.76734984041,0.76729036729,2.89298623733,0.548925593749,0.285793485793,0.579945114934,0.437917739848,2,1.33333333333,0.585540043769,2,0.0125975101503,0.0062893081761,6,0.000772200772201,0.518037037037,37,36,36,0.972972972973,0,0.702702702703,0.243243243243,0.027027027027,-21,-0.0157657657658,0,-1.13513513514,-2.1,-0.428571428571,-0.739598788585,0.00545852852764,0.0199468699469,-1.01492530792,-0.00202726733532,0.0020251020251,-0.193845233376,0.020162795527,0.0330407330407,0,0,0,0.00900900900901,0.00559492883467,0,0.000427383980179,0.000316611930367,-1,-0.0001287001287,-0.10315954416,-0.027027027027,0,0,195,0,21,1116,0.902777777778,1,0,0.0972222222222,1,0.902777777778,0.948905109489,0.941330856757,0.902777777778,0.902777777778,1,22,0,0,0,0
3991,WLNM_dir_neg,0.969008264463,0.9,00:00:03,10,90,44,1238804668,threshold_sweep,0.4,1,0.0454545454545,0.0869565217391,1,0,21,44,0.0454545454545,1,0,0.954545454545,1,0.0454545454545,0.0869565217391,0.681818181818,0.661616161616,0.0597014925373,0.175411603861,0.0454545454545,216,194,22,0,216,0,194,0,22,37,216,0.162162162162,1.32432432432,11.6756756757,21.6,6,8.1990990496,0.702237650082,0.31006006006,10.329336629,1.76937710775,0.765265265265,3.0868314707,0.528762798222,0.252752752753,0.579945114934,0.437917739848,2,1.32432432432,0.579945114934,2,0.0121701261701,0.00597269624573,7,0.000900900900901,0.621196581197,37,37,37,1,0,0.72972972973,0.243243243243,0.027027027027,37,0.145645645646,1.32432432432,10.4864864865,19.4,5.54285714286,7.42226987451,0.707793776693,0.328782390638,9.30174835837,1.77404479,0.76845918083,2.92883561814,0.55859236016,0.290610197827,0.579945114934,0.437917739848,2,1.33333333333,0.585540043769,2,0.0112720102534,0.00529661016949,5,0.000643500643501,0.515814814815,37,36,36,0.972972972973,0,0.702702702703,0.243243243243,0.027027027027,37,195,0.146396396396,1.32432432432,10.5405405405,19.5,5.57142857143,7.45950026102,0.70769617861,0.330006930007,9.31441132108,1.76734984041,0.76729036729,2.89298623733,0.548925593749,0.285793485793,0.579945114934,0.437917739848,2,1.33333333333,0.585540043769,2,0.0125975101503,0.0062893081761,6,0.000772200772201,0.518037037037,37,36,36,0.972972972973,0,0.702702702703,0.243243243243,0.027027027027,-21,-0.0157657657658,0,-1.13513513514,-2.1,-0.428571428571,-0.739598788585,0.00545852852764,0.0199468699469,-1.01492530792,-0.00202726733532,0.0020251020251,-0.193845233376,0.020162795527,0.0330407330407,0,0,0,0.00900900900901,0.00559492883467,0,0.000427383980179,0.000316611930367,-1,-0.0001287001287,-0.10315954416,-0.027027027027,0,0,195,0,21,1116,0.902777777778,1,0,0.0972222222222,1,0.902777777778,0.948905109489,0.941330856757,0.902777777778,0.902777777778,1,22,0,0,0,0
3992,WLNM_dir_neg,0.969008264463,0.9,00:00:03,10,90,44,1238804668,threshold_sweep,0.5,1,0.0454545454545,0.0869565217391,1,0,21,44,0.0454545454545,1,0,0.954545454545,1,0.0454545454545,0.0869565217391,0.681818181818,0.661616161616,0.0597014925373,0.175411603861,0.0454545454545,216,194,22,0,216,0,194,0,22,37,216,0.162162162162,1.32432432432,11.6756756757,21.6,6,8.1990990496,0.702237650082,0.31006006006,10.329336629,1.76937710775,0.765265265265,3.0868314707,0.528762798222,0.252752752753,0.579945114934,0.437917739848,2,1.32432432432,0.579945114934,2,0.0121701261701,0.00597269624573,7,0.000900900900901,0.621196581197,37,37,37,1,0,0.72972972973,0.243243243243,0.027027027027,37,0.145645645646,1.32432432432,10.4864864865,19.4,5.54285714286,7.42226987451,0.707793776693,0.328782390638,9.30174835837,1.77404479,0.76845918083,2.92883561814,0.55859236016,0.290610197827,0.579945114934,0.437917739848,2,1.33333333333,0.585540043769,2,0.0112720102534,0.00529661016949,5,0.000643500643501,0.515814814815,37,36,36,0.972972972973,0,0.702702702703,0.243243243243,0.027027027027,37,195,0.146396396396,1.32432432432,10.5405405405,19.5,5.57142857143,7.45950026102,0.70769617861,0.330006930007,9.31441132108,1.76734984041,0.76729036729,2.89298623733,0.548925593749,0.285793485793,0.579945114934,0.437917739848,2,1.33333333333,0.585540043769,2,0.0125975101503,0.0062893081761,6,0.000772200772201,0.518037037037,37,36,36,0.972972972973,0,0.702702702703,0.243243243243,0.027027027027,-21,-0.0157657657658,0,-1.13513513514,-2.1,-0.428571428571,-0.739598788585,0.00545852852764,0.0199468699469,-1.01492530792,-0.00202726733532,0.0020251020251,-0.193845233376,0.020162795527,0.0330407330407,0,0,0,0.00900900900901,0.00559492883467,0,0.000427383980179,0.000316611930367,-1,-0.0001287001287,-0.10315954416,-0.027027027027,0,0,195,0,21,1116,0.902777777778,1,0,0.0972222222222,1,0.902777777778,0.948905109489,0.941330856757,0.902777777778,0.902777777778,1,22,0,0,0,0
3993,WLNM_dir_neg,0.969008264463,0.9,00:00:03,10,90,44,1238804668,threshold_sweep,0.6,1,0.0454545454545,0.0869565217391,1,0,21,44,0.0454545454545,1,0,0.954545454545,1,0.0454545454545,0.0869565217391,0.681818181818,0.661616161616,0.0597014925373,0.175411603861,0.0454545454545,216,194,22,0,216,0,194,0,22,37,216,0.162162162162,1.32432432432,11.6756756757,21.6,6,8.1990990496,0.702237650082,0.31006006006,10.329336629,1.76937710775,0.765265265265,3.0868314707,0.528762798222,0.252752752753,0.579945114934,0.437917739848,2,1.32432432432,0.579945114934,2,0.0121701261701,0.00597269624573,7,0.000900900900901,0.621196581197,37,37,37,1,0,0.72972972973,0.243243243243,0.027027027027,37,0.145645645646,1.32432432432,10.4864864865,19.4,5.54285714286,7.42226987451,0.707793776693,0.328782390638,9.30174835837,1.77404479,0.76845918083,2.92883561814,0.55859236016,0.290610197827,0.579945114934,0.437917739848,2,1.33333333333,0.585540043769,2,0.0112720102534,0.00529661016949,5,0.000643500643501,0.515814814815,37,36,36,0.972972972973,0,0.702702702703,0.243243243243,0.027027027027,37,195,0.146396396396,1.32432432432,10.5405405405,19.5,5.57142857143,7.45950026102,0.70769617861,0.330006930007,9.31441132108,1.76734984041,0.76729036729,2.89298623733,0.548925593749,0.285793485793,0.579945114934,0.437917739848,2,1.33333333333,0.585540043769,2,0.0125975101503,0.0062893081761,6,0.000772200772201,0.518037037037,37,36,36,0.972972972973,0,0.702702702703,0.243243243243,0.027027027027,-21,-0.0157657657658,0,-1.13513513514,-2.1,-0.428571428571,-0.739598788585,0.00545852852764,0.0199468699469,-1.01492530792,-0.00202726733532,0.0020251020251,-0.193845233376,0.020162795527,0.0330407330407,0,0,0,0.00900900900901,0.00559492883467,0,0.000427383980179,0.000316611930367,-1,-0.0001287001287,-0.10315954416,-0.027027027027,0,0,195,0,21,1116,0.902777777778,1,0,0.0972222222222,1,0.902777777778,0.948905109489,0.941330856757,0.902777777778,0.902777777778,1,22,0,0,0,0
3994,WLNM_dir_neg,0.969008264463,0.9,00:00:03,10,90,44,1238804668,threshold_sweep,0.7,1,0.0454545454545,0.0869565217391,1,0,21,44,0.0454545454545,1,0,0.954545454545,1,0.0454545454545,0.0869565217391,0.681818181818,0.661616161616,0.0597014925373,0.175411603861,0.0454545454545,216,194,22,0,216,0,194,0,22,37,216,0.162162162162,1.32432432432,11.6756756757,21.6,6,8.1990990496,0.702237650082,0.31006006006,10.329336629,1.76937710775,0.765265265265,3.0868314707,0.528762798222,0.252752752753,0.579945114934,0.437917739848,2,1.32432432432,0.579945114934,2,0.0121701261701,0.00597269624573,7,0.000900900900901,0.621196581197,37,37,37,1,0,0.72972972973,0.243243243243,0.027027027027,37,0.145645645646,1.32432432432,10.4864864865,19.4,5.54285714286,7.42226987451,0.707793776693,0.328782390638,9.30174835837,1.77404479,0.76845918083,2.92883561814,0.55859236016,0.290610197827,0.579945114934,0.437917739848,2,1.33333333333,0.585540043769,2,0.0112720102534,0.00529661016949,5,0.000643500643501,0.515814814815,37,36,36,0.972972972973,0,0.702702702703,0.243243243243,0.027027027027,37,195,0.146396396396,1.32432432432,10.5405405405,19.5,5.57142857143,7.45950026102,0.70769617861,0.330006930007,9.31441132108,1.76734984041,0.76729036729,2.89298623733,0.548925593749,0.285793485793,0.579945114934,0.437917739848,2,1.33333333333,0.585540043769,2,0.0125975101503,0.0062893081761,6,0.000772200772201,0.518037037037,37,36,36,0.972972972973,0,0.702702702703,0.243243243243,0.027027027027,-21,-0.0157657657658,0,-1.13513513514,-2.1,-0.428571428571,-0.739598788585,0.00545852852764,0.0199468699469,-1.01492530792,-0.00202726733532,0.0020251020251,-0.193845233376,0.020162795527,0.0330407330407,0,0,0,0.00900900900901,0.00559492883467,0,0.000427383980179,0.000316611930367,-1,-0.0001287001287,-0.10315954416,-0.027027027027,0,0,195,0,21,1116,0.902777777778,1,0,0.0972222222222,1,0.902777777778,0.948905109489,0.941330856757,0.902777777778,0.902777777778,1,22,0,0,0,0
3995,WLNM_dir_neg,0.969008264463,0.9,00:00:03,10,90,44,1238804668,threshold_sweep,0.8,1,0.0454545454545,0.0869565217391,1,0,21,44,0.0454545454545,1,0,0.954545454545,1,0.0454545454545,0.0869565217391,0.681818181818,0.661616161616,0.0597014925373,0.175411603861,0.0454545454545,216,194,22,0,216,0,194,0,22,37,216,0.162162162162,1.32432432432,11.6756756757,21.6,6,8.1990990496,0.702237650082,0.31006006006,10.329336629,1.76937710775,0.765265265265,3.0868314707,0.528762798222,0.252752752753,0.579945114934,0.437917739848,2,1.32432432432,0.579945114934,2,0.0121701261701,0.00597269624573,7,0.000900900900901,0.621196581197,37,37,37,1,0,0.72972972973,0.243243243243,0.027027027027,37,0.145645645646,1.32432432432,10.4864864865,19.4,5.54285714286,7.42226987451,0.707793776693,0.328782390638,9.30174835837,1.77404479,0.76845918083,2.92883561814,0.55859236016,0.290610197827,0.579945114934,0.437917739848,2,1.33333333333,0.585540043769,2,0.0112720102534,0.00529661016949,5,0.000643500643501,0.515814814815,37,36,36,0.972972972973,0,0.702702702703,0.243243243243,0.027027027027,37,195,0.146396396396,1.32432432432,10.5405405405,19.5,5.57142857143,7.45950026102,0.70769617861,0.330006930007,9.31441132108,1.76734984041,0.76729036729,2.89298623733,0.548925593749,0.285793485793,0.579945114934,0.437917739848,2,1.33333333333,0.585540043769,2,0.0125975101503,0.0062893081761,6,0.000772200772201,0.518037037037,37,36,36,0.972972972973,0,0.702702702703,0.243243243243,0.027027027027,-21,-0.0157657657658,0,-1.13513513514,-2.1,-0.428571428571,-0.739598788585,0.00545852852764,0.0199468699469,-1.01492530792,-0.00202726733532,0.0020251020251,-0.193845233376,0.020162795527,0.0330407330407,0,0,0,0.00900900900901,0.00559492883467,0,0.000427383980179,0.000316611930367,-1,-0.0001287001287,-0.10315954416,-0.027027027027,0,0,195,0,21,1116,0.902777777778,1,0,0.0972222222222,1,0.902777777778,0.948905109489,0.941330856757,0.902777777778,0.902777777778,1,22,0,0,0,0
3996,WLNM_dir_neg,0.969008264463,0.9,00:00:03,10,90,44,1238804668,threshold_sweep,0.9,1,0.0454545454545,0.0869565217391,1,0,21,44,0.0454545454545,1,0,0.954545454545,1,0.0454545454545,0.0869565217391,0.681818181818,0.661616161616,0.0597014925373,0.175411603861,0.0454545454545,216,194,22,0,216,0,194,0,22,37,216,0.162162162162,1.32432432432,11.6756756757,21.6,6,8.1990990496,0.702237650082,0.31006006006,10.329336629,1.76937710775,0.765265265265,3.0868314707,0.528762798222,0.252752752753,0.579945114934,0.437917739848,2,1.32432432432,0.579945114934,2,0.0121701261701,0.00597269624573,7,0.000900900900901,0.621196581197,37,37,37,1,0,0.72972972973,0.243243243243,0.027027027027,37,0.145645645646,1.32432432432,10.4864864865,19.4,5.54285714286,7.42226987451,0.707793776693,0.328782390638,9.30174835837,1.77404479,0.76845918083,2.92883561814,0.55859236016,0.290610197827,0.579945114934,0.437917739848,2,1.33333333333,0.585540043769,2,0.0112720102534,0.00529661016949,5,0.000643500643501,0.515814814815,37,36,36,0.972972972973,0,0.702702702703,0.243243243243,0.027027027027,37,195,0.146396396396,1.32432432432,10.5405405405,19.5,5.57142857143,7.45950026102,0.70769617861,0.330006930007,9.31441132108,1.76734984041,0.76729036729,2.89298623733,0.548925593749,0.285793485793,0.579945114934,0.437917739848,2,1.33333333333,0.585540043769,2,0.0125975101503,0.0062893081761,6,0.000772200772201,0.518037037037,37,36,36,0.972972972973,0,0.702702702703,0.243243243243,0.027027027027,-21,-0.0157657657658,0,-1.13513513514,-2.1,-0.428571428571,-0.739598788585,0.00545852852764,0.0199468699469,-1.01492530792,-0.00202726733532,0.0020251020251,-0.193845233376,0.020162795527,0.0330407330407,0,0,0,0.00900900900901,0.00559492883467,0,0.000427383980179,0.000316611930367,-1,-0.0001287001287,-0.10315954416,-0.027027027027,0,0,195,0,21,1116,0.902777777778,1,0,0.0972222222222,1,0.902777777778,0.948905109489,0.941330856757,0.902777777778,0.902777777778,1,22,0,0,0,0
3997,WLNM_dir_neg,1,0,00:00:03,10,90,45,1238804669,threshold_sweep,0.1,0,0,0,0,0,22,44,0,1,0,1,0,0,0,0.666666666667,0.666666666667,0,0,0,216,194,22,0,216,0,194,0,22,37,216,0.162162162162,1.32432432432,11.6756756757,21.6,6,8.1990990496,0.702237650082,0.31006006006,10.329336629,1.76937710775,0.765265265265,3.0868314707,0.528762798222,0.252752752753,0.579945114934,0.437917739848,2,1.32432432432,0.579945114934,2,0.0121701261701,0.00597269624573,7,0.000900900900901,0.621196581197,37,37,37,1,0,0.72972972973,0.243243243243,0.027027027027,37,0.145645645646,1.32432432432,10.4864864865,19.4,5.38888888889,7.3997808587,0.705649205598,0.330593480078,9.21775281546,1.75802502151,0.766230147673,2.74272173625,0.523096413616,0.276121482307,0.579945114934,0.437917739848,2,1.32432432432,0.579945114934,2,0.0123176271623,0.00743099787686,7,0.000900900900901,0.496658119658,37,37,37,1,0,0.72972972973,0.243243243243,0.027027027027,37,194,0.145645645646,1.32432432432,10.4864864865,19.4,5.38888888889,7.3997808587,0.705649205598,0.330593480078,9.21775281546,1.75802502151,0.766230147673,2.74272173625,0.523096413616,0.276121482307,0.579945114934,0.437917739848,2,1.32432432432,0.579945114934,2,0.0123176271623,0.00743099787686,7,0.000900900900901,0.496658119658,37,37,37,1,0,0.72972972973,0.243243243243,0.027027027027,-22,-0.0165165165165,0,-1.18918918919,-2.2,-0.611111111111,-0.799318190906,0.00341155551565,0.020533420018,-1.11158381354,-0.0113520862396,0.000964882408181,-0.34410973445,-0.00566638460691,0.0233687295543,0,0,0,0,0,0,0.000147500992221,0.00145830163112,0,0,-0.124538461538,0,0,0,194,0,22,1116,0.898148148148,1,0,0.101851851852,1,0.898148148148,0.946341463415,0.938501466663,0.898148148148,0.898148148148,0,22,0,0,0,0
3998,WLNM_dir_neg,1,0,00:00:03,10,90,45,1238804669,threshold_sweep,0.2,0,0,0,0,0,22,44,0,1,0,1,0,0,0,0.666666666667,0.666666666667,0,0,0,216,194,22,0,216,0,194,0,22,37,216,0.162162162162,1.32432432432,11.6756756757,21.6,6,8.1990990496,0.702237650082,0.31006006006,10.329336629,1.76937710775,0.765265265265,3.0868314707,0.528762798222,0.252752752753,0.579945114934,0.437917739848,2,1.32432432432,0.579945114934,2,0.0121701261701,0.00597269624573,7,0.000900900900901,0.621196581197,37,37,37,1,0,0.72972972973,0.243243243243,0.027027027027,37,0.145645645646,1.32432432432,10.4864864865,19.4,5.38888888889,7.3997808587,0.705649205598,0.330593480078,9.21775281546,1.75802502151,0.766230147673,2.74272173625,0.523096413616,0.276121482307,0.579945114934,0.437917739848,2,1.32432432432,0.579945114934,2,0.0123176271623,0.00743099787686,7,0.000900900900901,0.496658119658,37,37,37,1,0,0.72972972973,0.243243243243,0.027027027027,37,194,0.145645645646,1.32432432432,10.4864864865,19.4,5.38888888889,7.3997808587,0.705649205598,0.330593480078,9.21775281546,1.75802502151,0.766230147673,2.74272173625,0.523096413616,0.276121482307,0.579945114934,0.437917739848,2,1.32432432432,0.579945114934,2,0.0123176271623,0.00743099787686,7,0.000900900900901,0.496658119658,37,37,37,1,0,0.72972972973,0.243243243243,0.027027027027,-22,-0.0165165165165,0,-1.18918918919,-2.2,-0.611111111111,-0.799318190906,0.00341155551565,0.020533420018,-1.11158381354,-0.0113520862396,0.000964882408181,-0.34410973445,-0.00566638460691,0.0233687295543,0,0,0,0,0,0,0.000147500992221,0.00145830163112,0,0,-0.124538461538,0,0,0,194,0,22,1116,0.898148148148,1,0,0.101851851852,1,0.898148148148,0.946341463415,0.938501466663,0.898148148148,0.898148148148,0,22,0,0,0,0
3999,WLNM_dir_neg,1,0,00:00:03,10,90,45,1238804669,threshold_sweep,0.3,0,0,0,0,0,22,44,0,1,0,1,0,0,0,0.666666666667,0.666666666667,0,0,0,216,194,22,0,216,0,194,0,22,37,216,0.162162162162,1.32432432432,11.6756756757,21.6,6,8.1990990496,0.702237650082,0.31006006006,10.329336629,1.76937710775,0.765265265265,3.0868314707,0.528762798222,0.252752752753,0.579945114934,0.437917739848,2,1.32432432432,0.579945114934,2,0.0121701261701,0.00597269624573,7,0.000900900900901,0.621196581197,37,37,37,1,0,0.72972972973,0.243243243243,0.027027027027,37,0.145645645646,1.32432432432,10.4864864865,19.4,5.38888888889,7.3997808587,0.705649205598,0.330593480078,9.21775281546,1.75802502151,0.766230147673,2.74272173625,0.523096413616,0.276121482307,0.579945114934,0.437917739848,2,1.32432432432,0.579945114934,2,0.0123176271623,0.00743099787686,7,0.000900900900901,0.496658119658,37,37,37,1,0,0.72972972973,0.243243243243,0.027027027027,37,194,0.145645645646,1.32432432432,10.4864864865,19.4,5.38888888889,7.3997808587,0.705649205598,0.330593480078,9.21775281546,1.75802502151,0.766230147673,2.74272173625,0.523096413616,0.276121482307,0.579945114934,0.437917739848,2,1.32432432432,0.579945114934,2,0.0123176271623,0.00743099787686,7,0.000900900900901,0.496658119658,37,37,37,1,0,0.72972972973,0.243243243243,0.027027027027,-22,-0.0165165165165,0,-1.18918918919,-2.2,-0.611111111111,-0.799318190906,0.00341155551565,0.020533420018,-1.11158381354,-0.0113520862396,0.000964882408181,-0.34410973445,-0.00566638460691,0.0233687295543,0,0,0,0,0,0,0.000147500992221,0.00145830163112,0,0,-0.124538461538,0,0,0,194,0,22,1116,0.898148148148,1,0,0.101851851852,1,0.898148148148,0.946341463415,0.938501466663,0.898148148148,0.898148148148,0,22,0,0,0,0
4000,WLNM_dir_neg,1,0,00:00:03,10,90,45,1238804669,threshold_sweep,0.4,0,0,0,0,0,22,44,0,1,0,1,0,0,0,0.666666666667,0.666666666667,0,0,0,216,194,22,0,216,0,194,0,22,37,216,0.162162162162,1.32432432432,11.6756756757,21.6,6,8.1990990496,0.702237650082,0.31006006006,10.329336629,1.76937710775,0.765265265265,3.0868314707,0.528762798222,0.252752752753,0.579945114934,0.437917739848,2,1.32432432432,0.579945114934,2,0.0121701261701,0.00597269624573,7,0.000900900900901,0.621196581197,37,37,37,1,0,0.72972972973,0.243243243243,0.027027027027,37,0.145645645646,1.32432432432,10.4864864865,19.4,5.38888888889,7.3997808587,0.705649205598,0.330593480078,9.21775281546,1.75802502151,0.766230147673,2.74272173625,0.523096413616,0.276121482307,0.579945114934,0.437917739848,2,1.32432432432,0.579945114934,2,0.0123176271623,0.00743099787686,7,0.000900900900901,0.496658119658,37,37,37,1,0,0.72972972973,0.243243243243,0.027027027027,37,194,0.145645645646,1.32432432432,10.4864864865,19.4,5.38888888889,7.3997808587,0.705649205598,0.330593480078,9.21775281546,1.75802502151,0.766230147673,2.74272173625,0.523096413616,0.276121482307,0.579945114934,0.437917739848,2,1.32432432432,0.579945114934,2,0.0123176271623,0.00743099787686,7,0.000900900900901,0.496658119658,37,37,37,1,0,0.72972972973,0.243243243243,0.027027027027,-22,-0.0165165165165,0,-1.18918918919,-2.2,-0.611111111111,-0.799318190906,0.00341155551565,0.020533420018,-1.11158381354,-0.0113520862396,0.000964882408181,-0.34410973445,-0.00566638460691,0.0233687295543,0,0,0,0,0,0,0.000147500992221,0.00145830163112,0,0,-0.124538461538,0,0,0,194,0,22,1116,0.898148148148,1,0,0.101851851852,1,0.898148148148,0.946341463415,0.938501466663,0.898148148148,0.898148148148,0,22,0,0,0,0
4001,WLNM_dir_neg,1,0,00:00:03,10,90,45,1238804669,threshold_sweep,0.5,0,0,0,0,0,22,44,0,1,0,1,0,0,0,0.666666666667,0.666666666667,0,0,0,216,194,22,0,216,0,194,0,22,37,216,0.162162162162,1.32432432432,11.6756756757,21.6,6,8.1990990496,0.702237650082,0.31006006006,10.329336629,1.76937710775,0.765265265265,3.0868314707,0.528762798222,0.252752752753,0.579945114934,0.437917739848,2,1.32432432432,0.579945114934,2,0.0121701261701,0.00597269624573,7,0.000900900900901,0.621196581197,37,37,37,1,0,0.72972972973,0.243243243243,0.027027027027,37,0.145645645646,1.32432432432,10.4864864865,19.4,5.38888888889,7.3997808587,0.705649205598,0.330593480078,9.21775281546,1.75802502151,0.766230147673,2.74272173625,0.523096413616,0.276121482307,0.579945114934,0.437917739848,2,1.32432432432,0.579945114934,2,0.0123176271623,0.00743099787686,7,0.000900900900901,0.496658119658,37,37,37,1,0,0.72972972973,0.243243243243,0.027027027027,37,194,0.145645645646,1.32432432432,10.4864864865,19.4,5.38888888889,7.3997808587,0.705649205598,0.330593480078,9.21775281546,1.75802502151,0.766230147673,2.74272173625,0.523096413616,0.276121482307,0.579945114934,0.437917739848,2,1.32432432432,0.579945114934,2,0.0123176271623,0.00743099787686,7,0.000900900900901,0.496658119658,37,37,37,1,0,0.72972972973,0.243243243243,0.027027027027,-22,-0.0165165165165,0,-1.18918918919,-2.2,-0.611111111111,-0.799318190906,0.00341155551565,0.020533420018,-1.11158381354,-0.0113520862396,0.000964882408181,-0.34410973445,-0.00566638460691,0.0233687295543,0,0,0,0,0,0,0.000147500992221,0.00145830163112,0,0,-0.124538461538,0,0,0,194,0,22,1116,0.898148148148,1,0,0.101851851852,1,0.898148148148,0.946341463415,0.938501466663,0.898148148148,0.898148148148,0,22,0,0,0,0
4002,WLNM_dir_neg,1,0,00:00:03,10,90,45,1238804669,threshold_sweep,0.6,0,0,0,0,0,22,44,0,1,0,1,0,0,0,0.666666666667,0.666666666667,0,0,0,216,194,22,0,216,0,194,0,22,37,216,0.162162162162,1.32432432432,11.6756756757,21.6,6,8.1990990496,0.702237650082,0.31006006006,10.329336629,1.76937710775,0.765265265265,3.0868314707,0.528762798222,0.252752752753,0.579945114934,0.437917739848,2,1.32432432432,0.579945114934,2,0.0121701261701,0.00597269624573,7,0.000900900900901,0.621196581197,37,37,37,1,0,0.72972972973,0.243243243243,0.027027027027,37,0.145645645646,1.32432432432,10.4864864865,19.4,5.38888888889,7.3997808587,0.705649205598,0.330593480078,9.21775281546,1.75802502151,0.766230147673,2.74272173625,0.523096413616,0.276121482307,0.579945114934,0.437917739848,2,1.32432432432,0.579945114934,2,0.0123176271623,0.00743099787686,7,0.000900900900901,0.496658119658,37,37,37,1,0,0.72972972973,0.243243243243,0.027027027027,37,194,0.145645645646,1.32432432432,10.4864864865,19.4,5.38888888889,7.3997808587,0.705649205598,0.330593480078,9.21775281546,1.75802502151,0.766230147673,2.74272173625,0.523096413616,0.276121482307,0.579945114934,0.437917739848,2,1.32432432432,0.579945114934,2,0.0123176271623,0.00743099787686,7,0.000900900900901,0.496658119658,37,37,37,1,0,0.72972972973,0.243243243243,0.027027027027,-22,-0.0165165165165,0,-1.18918918919,-2.2,-0.611111111111,-0.799318190906,0.00341155551565,0.020533420018,-1.11158381354,-0.0113520862396,0.000964882408181,-0.34410973445,-0.00566638460691,0.0233687295543,0,0,0,0,0,0,0.000147500992221,0.00145830163112,0,0,-0.124538461538,0,0,0,194,0,22,1116,0.898148148148,1,0,0.101851851852,1,0.898148148148,0.946341463415,0.938501466663,0.898148148148,0.898148148148,0,22,0,0,0,0
4003,WLNM_dir_neg,1,0,00:00:03,10,90,45,1238804669,threshold_sweep,0.7,0,0,0,0,0,22,44,0,1,0,1,0,0,0,0.666666666667,0.666666666667,0,0,0,216,194,22,0,216,0,194,0,22,37,216,0.162162162162,1.32432432432,11.6756756757,21.6,6,8.1990990496,0.702237650082,0.31006006006,10.329336629,1.76937710775,0.765265265265,3.0868314707,0.528762798222,0.252752752753,0.579945114934,0.437917739848,2,1.32432432432,0.579945114934,2,0.0121701261701,0.00597269624573,7,0.000900900900901,0.621196581197,37,37,37,1,0,0.72972972973,0.243243243243,0.027027027027,37,0.145645645646,1.32432432432,10.4864864865,19.4,5.38888888889,7.3997808587,0.705649205598,0.330593480078,9.21775281546,1.75802502151,0.766230147673,2.74272173625,0.523096413616,0.276121482307,0.579945114934,0.437917739848,2,1.32432432432,0.579945114934,2,0.0123176271623,0.00743099787686,7,0.000900900900901,0.496658119658,37,37,37,1,0,0.72972972973,0.243243243243,0.027027027027,37,194,0.145645645646,1.32432432432,10.4864864865,19.4,5.38888888889,7.3997808587,0.705649205598,0.330593480078,9.21775281546,1.75802502151,0.766230147673,2.74272173625,0.523096413616,0.276121482307,0.579945114934,0.437917739848,2,1.32432432432,0.579945114934,2,0.0123176271623,0.00743099787686,7,0.000900900900901,0.496658119658,37,37,37,1,0,0.72972972973,0.243243243243,0.027027027027,-22,-0.0165165165165,0,-1.18918918919,-2.2,-0.611111111111,-0.799318190906,0.00341155551565,0.020533420018,-1.11158381354,-0.0113520862396,0.000964882408181,-0.34410973445,-0.00566638460691,0.0233687295543,0,0,0,0,0,0,0.000147500992221,0.00145830163112,0,0,-0.124538461538,0,0,0,194,0,22,1116,0.898148148148,1,0,0.101851851852,1,0.898148148148,0.946341463415,0.938501466663,0.898148148148,0.898148148148,0,22,0,0,0,0
4004,WLNM_dir_neg,1,0,00:00:03,10,90,45,1238804669,threshold_sweep,0.8,0,0,0,0,0,22,44,0,1,0,1,0,0,0,0.666666666667,0.666666666667,0,0,0,216,194,22,0,216,0,194,0,22,37,216,0.162162162162,1.32432432432,11.6756756757,21.6,6,8.1990990496,0.702237650082,0.31006006006,10.329336629,1.76937710775,0.765265265265,3.0868314707,0.528762798222,0.252752752753,0.579945114934,0.437917739848,2,1.32432432432,0.579945114934,2,0.0121701261701,0.00597269624573,7,0.000900900900901,0.621196581197,37,37,37,1,0,0.72972972973,0.243243243243,0.027027027027,37,0.145645645646,1.32432432432,10.4864864865,19.4,5.38888888889,7.3997808587,0.705649205598,0.330593480078,9.21775281546,1.75802502151,0.766230147673,2.74272173625,0.523096413616,0.276121482307,0.579945114934,0.437917739848,2,1.32432432432,0.579945114934,2,0.0123176271623,0.00743099787686,7,0.000900900900901,0.496658119658,37,37,37,1,0,0.72972972973,0.243243243243,0.027027027027,37,194,0.145645645646,1.32432432432,10.4864864865,19.4,5.38888888889,7.3997808587,0.705649205598,0.330593480078,9.21775281546,1.75802502151,0.766230147673,2.74272173625,0.523096413616,0.276121482307,0.579945114934,0.437917739848,2,1.32432432432,0.579945114934,2,0.0123176271623,0.00743099787686,7,0.000900900900901,0.496658119658,37,37,37,1,0,0.72972972973,0.243243243243,0.027027027027,-22,-0.0165165165165,0,-1.18918918919,-2.2,-0.611111111111,-0.799318190906,0.00341155551565,0.020533420018,-1.11158381354,-0.0113520862396,0.000964882408181,-0.34410973445,-0.00566638460691,0.0233687295543,0,0,0,0,0,0,0.000147500992221,0.00145830163112,0,0,-0.124538461538,0,0,0,194,0,22,1116,0.898148148148,1,0,0.101851851852,1,0.898148148148,0.946341463415,0.938501466663,0.898148148148,0.898148148148,0,22,0,0,0,0
4005,WLNM_dir_neg,1,0,00:00:03,10,90,45,1238804669,threshold_sweep,0.9,0,0,0,0,0,22,44,0,1,0,1,0,0,0,0.666666666667,0.666666666667,0,0,0,216,194,22,0,216,0,194,0,22,37,216,0.162162162162,1.32432432432,11.6756756757,21.6,6,8.1990990496,0.702237650082,0.31006006006,10.329336629,1.76937710775,0.765265265265,3.0868314707,0.528762798222,0.252752752753,0.579945114934,0.437917739848,2,1.32432432432,0.579945114934,2,0.0121701261701,0.00597269624573,7,0.000900900900901,0.621196581197,37,37,37,1,0,0.72972972973,0.243243243243,0.027027027027,37,0.145645645646,1.32432432432,10.4864864865,19.4,5.38888888889,7.3997808587,0.705649205598,0.330593480078,9.21775281546,1.75802502151,0.766230147673,2.74272173625,0.523096413616,0.276121482307,0.579945114934,0.437917739848,2,1.32432432432,0.579945114934,2,0.0123176271623,0.00743099787686,7,0.000900900900901,0.496658119658,37,37,37,1,0,0.72972972973,0.243243243243,0.027027027027,37,194,0.145645645646,1.32432432432,10.4864864865,19.4,5.38888888889,7.3997808587,0.705649205598,0.330593480078,9.21775281546,1.75802502151,0.766230147673,2.74272173625,0.523096413616,0.276121482307,0.579945114934,0.437917739848,2,1.32432432432,0.579945114934,2,0.0123176271623,0.00743099787686,7,0.000900900900901,0.496658119658,37,37,37,1,0,0.72972972973,0.243243243243,0.027027027027,-22,-0.0165165165165,0,-1.18918918919,-2.2,-0.611111111111,-0.799318190906,0.00341155551565,0.020533420018,-1.11158381354,-0.0113520862396,0.000964882408181,-0.34410973445,-0.00566638460691,0.0233687295543,0,0,0,0,0,0,0.000147500992221,0.00145830163112,0,0,-0.124538461538,0,0,0,194,0,22,1116,0.898148148148,1,0,0.101851851852,1,0.898148148148,0.946341463415,0.938501466663,0.898148148148,0.898148148148,0,22,0,0,0,0
4006,WLNM_dir_neg,1,0.954545454545,00:00:03,10,90,46,1238804670,threshold_sweep,0.1,1,0.0454545454545,0.0869565217391,1,0,21,44,0.0454545454545,1,0,0.954545454545,1,0.0454545454545,0.0869565217391,0.681818181818,0.661616161616,0.0597014925373,0.175411603861,0.0454545454545,216,194,22,0,216,0,194,0,22,37,216,0.162162162162,1.32432432432,11.6756756757,21.6,6,8.1990990496,0.702237650082,0.31006006006,10.329336629,1.76937710775,0.765265265265,3.0868314707,0.528762798222,0.252752752753,0.579945114934,0.437917739848,2,1.32432432432,0.579945114934,2,0.0121701261701,0.00597269624573,7,0.000900900900901,0.621196581197,37,37,37,1,0,0.72972972973,0.243243243243,0.027027027027,37,0.145645645646,1.32432432432,10.4864864865,19.4,5.38888888889,7.45214965862,0.710643137549,0.331011423795,9.34940700854,1.78313432637,0.774310392867,2.87136635502,0.547631727504,0.286709389802,0.579945114934,0.437917739848,2,1.32432432432,0.579945114934,2,0.0113032589437,0.00528169014085,5,0.000643500643501,0.505695156695,37,37,37,1,0,0.72972972973,0.243243243243,0.027027027027,37,195,0.146396396396,1.32432432432,10.5405405405,19.5,5.41666666667,7.50035034217,0.711571699129,0.33264033264,9.36200550882,1.77638053244,0.773111573112,2.83479029842,0.537883287393,0.281912681913,0.579945114934,0.437917739848,2,1.32432432432,0.579945114934,2,0.0126003110979,0.00626522798468,6,0.000772200772201,0.507917378917,37,37,37,1,0,0.72972972973,0.243243243243,0.027027027027,-21,-0.0157657657658,0,-1.13513513514,-2.1,-0.583333333333,-0.698748707437,0.00933404904687,0.0225802725803,-0.967331120181,0.00700342469716,0.00784630784631,-0.25204117228,0.00912048917074,0.0291599291599,0,0,0,0,0,0,0.000430184927733,0.000292531738951,-1,-0.0001287001287,-0.113279202279,0,0,0,195,0,21,1116,0.902777777778,1,0,0.0972222222222,1,0.902777777778,0.948905109489,0.941330856757,0.902777777778,0.902777777778,1,22,0,0,0,0
4007,WLNM_dir_neg,1,0.954545454545,00:00:03,10,90,46,1238804670,threshold_sweep,0.2,1,0.0454545454545,0.0869565217391,1,0,21,44,0.0454545454545,1,0,0.954545454545,1,0.0454545454545,0.0869565217391,0.681818181818,0.661616161616,0.0597014925373,0.175411603861,0.0454545454545,216,194,22,0,216,0,194,0,22,37,216,0.162162162162,1.32432432432,11.6756756757,21.6,6,8.1990990496,0.702237650082,0.31006006006,10.329336629,1.76937710775,0.765265265265,3.0868314707,0.528762798222,0.252752752753,0.579945114934,0.437917739848,2,1.32432432432,0.579945114934,2,0.0121701261701,0.00597269624573,7,0.000900900900901,0.621196581197,37,37,37,1,0,0.72972972973,0.243243243243,0.027027027027,37,0.145645645646,1.32432432432,10.4864864865,19.4,5.38888888889,7.45214965862,0.710643137549,0.331011423795,9.34940700854,1.78313432637,0.774310392867,2.87136635502,0.547631727504,0.286709389802,0.579945114934,0.437917739848,2,1.32432432432,0.579945114934,2,0.0113032589437,0.00528169014085,5,0.000643500643501,0.505695156695,37,37,37,1,0,0.72972972973,0.243243243243,0.027027027027,37,195,0.146396396396,1.32432432432,10.5405405405,19.5,5.41666666667,7.50035034217,0.711571699129,0.33264033264,9.36200550882,1.77638053244,0.773111573112,2.83479029842,0.537883287393,0.281912681913,0.579945114934,0.437917739848,2,1.32432432432,0.579945114934,2,0.0126003110979,0.00626522798468,6,0.000772200772201,0.507917378917,37,37,37,1,0,0.72972972973,0.243243243243,0.027027027027,-21,-0.0157657657658,0,-1.13513513514,-2.1,-0.583333333333,-0.698748707437,0.00933404904687,0.0225802725803,-0.967331120181,0.00700342469716,0.00784630784631,-0.25204117228,0.00912048917074,0.0291599291599,0,0,0,0,0,0,0.000430184927733,0.000292531738951,-1,-0.0001287001287,-0.113279202279,0,0,0,195,0,21,1116,0.902777777778,1,0,0.0972222222222,1,0.902777777778,0.948905109489,0.941330856757,0.902777777778,0.902777777778,1,22,0,0,0,0
4008,WLNM_dir_neg,1,0.954545454545,00:00:03,10,90,46,1238804670,threshold_sweep,0.3,1,0.0454545454545,0.0869565217391,1,0,21,44,0.0454545454545,1,0,0.954545454545,1,0.0454545454545,0.0869565217391,0.681818181818,0.661616161616,0.0597014925373,0.175411603861,0.0454545454545,216,194,22,0,216,0,194,0,22,37,216,0.162162162162,1.32432432432,11.6756756757,21.6,6,8.1990990496,0.702237650082,0.31006006006,10.329336629,1.76937710775,0.765265265265,3.0868314707,0.528762798222,0.252752752753,0.579945114934,0.437917739848,2,1.32432432432,0.579945114934,2,0.0121701261701,0.00597269624573,7,0.000900900900901,0.621196581197,37,37,37,1,0,0.72972972973,0.243243243243,0.027027027027,37,0.145645645646,1.32432432432,10.4864864865,19.4,5.38888888889,7.45214965862,0.710643137549,0.331011423795,9.34940700854,1.78313432637,0.774310392867,2.87136635502,0.547631727504,0.286709389802,0.579945114934,0.437917739848,2,1.32432432432,0.579945114934,2,0.0113032589437,0.00528169014085,5,0.000643500643501,0.505695156695,37,37,37,1,0,0.72972972973,0.243243243243,0.027027027027,37,195,0.146396396396,1.32432432432,10.5405405405,19.5,5.41666666667,7.50035034217,0.711571699129,0.33264033264,9.36200550882,1.77638053244,0.773111573112,2.83479029842,0.537883287393,0.281912681913,0.579945114934,0.437917739848,2,1.32432432432,0.579945114934,2,0.0126003110979,0.00626522798468,6,0.000772200772201,0.507917378917,37,37,37,1,0,0.72972972973,0.243243243243,0.027027027027,-21,-0.0157657657658,0,-1.13513513514,-2.1,-0.583333333333,-0.698748707437,0.00933404904687,0.0225802725803,-0.967331120181,0.00700342469716,0.00784630784631,-0.25204117228,0.00912048917074,0.0291599291599,0,0,0,0,0,0,0.000430184927733,0.000292531738951,-1,-0.0001287001287,-0.113279202279,0,0,0,195,0,21,1116,0.902777777778,1,0,0.0972222222222,1,0.902777777778,0.948905109489,0.941330856757,0.902777777778,0.902777777778,1,22,0,0,0,0
4009,WLNM_dir_neg,1,0.954545454545,00:00:03,10,90,46,1238804670,threshold_sweep,0.4,1,0.0454545454545,0.0869565217391,1,0,21,44,0.0454545454545,1,0,0.954545454545,1,0.0454545454545,0.0869565217391,0.681818181818,0.661616161616,0.0597014925373,0.175411603861,0.0454545454545,216,194,22,0,216,0,194,0,22,37,216,0.162162162162,1.32432432432,11.6756756757,21.6,6,8.1990990496,0.702237650082,0.31006006006,10.329336629,1.76937710775,0.765265265265,3.0868314707,0.528762798222,0.252752752753,0.579945114934,0.437917739848,2,1.32432432432,0.579945114934,2,0.0121701261701,0.00597269624573,7,0.000900900900901,0.621196581197,37,37,37,1,0,0.72972972973,0.243243243243,0.027027027027,37,0.145645645646,1.32432432432,10.4864864865,19.4,5.38888888889,7.45214965862,0.710643137549,0.331011423795,9.34940700854,1.78313432637,0.774310392867,2.87136635502,0.547631727504,0.286709389802,0.579945114934,0.437917739848,2,1.32432432432,0.579945114934,2,0.0113032589437,0.00528169014085,5,0.000643500643501,0.505695156695,37,37,37,1,0,0.72972972973,0.243243243243,0.027027027027,37,195,0.146396396396,1.32432432432,10.5405405405,19.5,5.41666666667,7.50035034217,0.711571699129,0.33264033264,9.36200550882,1.77638053244,0.773111573112,2.83479029842,0.537883287393,0.281912681913,0.579945114934,0.437917739848,2,1.32432432432,0.579945114934,2,0.0126003110979,0.00626522798468,6,0.000772200772201,0.507917378917,37,37,37,1,0,0.72972972973,0.243243243243,0.027027027027,-21,-0.0157657657658,0,-1.13513513514,-2.1,-0.583333333333,-0.698748707437,0.00933404904687,0.0225802725803,-0.967331120181,0.00700342469716,0.00784630784631,-0.25204117228,0.00912048917074,0.0291599291599,0,0,0,0,0,0,0.000430184927733,0.000292531738951,-1,-0.0001287001287,-0.113279202279,0,0,0,195,0,21,1116,0.902777777778,1,0,0.0972222222222,1,0.902777777778,0.948905109489,0.941330856757,0.902777777778,0.902777777778,1,22,0,0,0,0
4010,WLNM_dir_neg,1,0.954545454545,00:00:03,10,90,46,1238804670,threshold_sweep,0.5,1,0.0454545454545,0.0869565217391,1,0,21,44,0.0454545454545,1,0,0.954545454545,1,0.0454545454545,0.0869565217391,0.681818181818,0.661616161616,0.0597014925373,0.175411603861,0.0454545454545,216,194,22,0,216,0,194,0,22,37,216,0.162162162162,1.32432432432,11.6756756757,21.6,6,8.1990990496,0.702237650082,0.31006006006,10.329336629,1.76937710775,0.765265265265,3.0868314707,0.528762798222,0.252752752753,0.579945114934,0.437917739848,2,1.32432432432,0.579945114934,2,0.0121701261701,0.00597269624573,7,0.000900900900901,0.621196581197,37,37,37,1,0,0.72972972973,0.243243243243,0.027027027027,37,0.145645645646,1.32432432432,10.4864864865,19.4,5.38888888889,7.45214965862,0.710643137549,0.331011423795,9.34940700854,1.78313432637,0.774310392867,2.87136635502,0.547631727504,0.286709389802,0.579945114934,0.437917739848,2,1.32432432432,0.579945114934,2,0.0113032589437,0.00528169014085,5,0.000643500643501,0.505695156695,37,37,37,1,0,0.72972972973,0.243243243243,0.027027027027,37,195,0.146396396396,1.32432432432,10.5405405405,19.5,5.41666666667,7.50035034217,0.711571699129,0.33264033264,9.36200550882,1.77638053244,0.773111573112,2.83479029842,0.537883287393,0.281912681913,0.579945114934,0.437917739848,2,1.32432432432,0.579945114934,2,0.0126003110979,0.00626522798468,6,0.000772200772201,0.507917378917,37,37,37,1,0,0.72972972973,0.243243243243,0.027027027027,-21,-0.0157657657658,0,-1.13513513514,-2.1,-0.583333333333,-0.698748707437,0.00933404904687,0.0225802725803,-0.967331120181,0.00700342469716,0.00784630784631,-0.25204117228,0.00912048917074,0.0291599291599,0,0,0,0,0,0,0.000430184927733,0.000292531738951,-1,-0.0001287001287,-0.113279202279,0,0,0,195,0,21,1116,0.902777777778,1,0,0.0972222222222,1,0.902777777778,0.948905109489,0.941330856757,0.902777777778,0.902777777778,1,22,0,0,0,0
4011,WLNM_dir_neg,1,0.954545454545,00:00:03,10,90,46,1238804670,threshold_sweep,0.6,1,0.0454545454545,0.0869565217391,1,0,21,44,0.0454545454545,1,0,0.954545454545,1,0.0454545454545,0.0869565217391,0.681818181818,0.661616161616,0.0597014925373,0.175411603861,0.0454545454545,216,194,22,0,216,0,194,0,22,37,216,0.162162162162,1.32432432432,11.6756756757,21.6,6,8.1990990496,0.702237650082,0.31006006006,10.329336629,1.76937710775,0.765265265265,3.0868314707,0.528762798222,0.252752752753,0.579945114934,0.437917739848,2,1.32432432432,0.579945114934,2,0.0121701261701,0.00597269624573,7,0.000900900900901,0.621196581197,37,37,37,1,0,0.72972972973,0.243243243243,0.027027027027,37,0.145645645646,1.32432432432,10.4864864865,19.4,5.38888888889,7.45214965862,0.710643137549,0.331011423795,9.34940700854,1.78313432637,0.774310392867,2.87136635502,0.547631727504,0.286709389802,0.579945114934,0.437917739848,2,1.32432432432,0.579945114934,2,0.0113032589437,0.00528169014085,5,0.000643500643501,0.505695156695,37,37,37,1,0,0.72972972973,0.243243243243,0.027027027027,37,195,0.146396396396,1.32432432432,10.5405405405,19.5,5.41666666667,7.50035034217,0.711571699129,0.33264033264,9.36200550882,1.77638053244,0.773111573112,2.83479029842,0.537883287393,0.281912681913,0.579945114934,0.437917739848,2,1.32432432432,0.579945114934,2,0.0126003110979,0.00626522798468,6,0.000772200772201,0.507917378917,37,37,37,1,0,0.72972972973,0.243243243243,0.027027027027,-21,-0.0157657657658,0,-1.13513513514,-2.1,-0.583333333333,-0.698748707437,0.00933404904687,0.0225802725803,-0.967331120181,0.00700342469716,0.00784630784631,-0.25204117228,0.00912048917074,0.0291599291599,0,0,0,0,0,0,0.000430184927733,0.000292531738951,-1,-0.0001287001287,-0.113279202279,0,0,0,195,0,21,1116,0.902777777778,1,0,0.0972222222222,1,0.902777777778,0.948905109489,0.941330856757,0.902777777778,0.902777777778,1,22,0,0,0,0
4012,WLNM_dir_neg,1,0.954545454545,00:00:03,10,90,46,1238804670,threshold_sweep,0.7,1,0.0454545454545,0.0869565217391,1,0,21,44,0.0454545454545,1,0,0.954545454545,1,0.0454545454545,0.0869565217391,0.681818181818,0.661616161616,0.0597014925373,0.175411603861,0.0454545454545,216,194,22,0,216,0,194,0,22,37,216,0.162162162162,1.32432432432,11.6756756757,21.6,6,8.1990990496,0.702237650082,0.31006006006,10.329336629,1.76937710775,0.765265265265,3.0868314707,0.528762798222,0.252752752753,0.579945114934,0.437917739848,2,1.32432432432,0.579945114934,2,0.0121701261701,0.00597269624573,7,0.000900900900901,0.621196581197,37,37,37,1,0,0.72972972973,0.243243243243,0.027027027027,37,0.145645645646,1.32432432432,10.4864864865,19.4,5.38888888889,7.45214965862,0.710643137549,0.331011423795,9.34940700854,1.78313432637,0.774310392867,2.87136635502,0.547631727504,0.286709389802,0.579945114934,0.437917739848,2,1.32432432432,0.579945114934,2,0.0113032589437,0.00528169014085,5,0.000643500643501,0.505695156695,37,37,37,1,0,0.72972972973,0.243243243243,0.027027027027,37,195,0.146396396396,1.32432432432,10.5405405405,19.5,5.41666666667,7.50035034217,0.711571699129,0.33264033264,9.36200550882,1.77638053244,0.773111573112,2.83479029842,0.537883287393,0.281912681913,0.579945114934,0.437917739848,2,1.32432432432,0.579945114934,2,0.0126003110979,0.00626522798468,6,0.000772200772201,0.507917378917,37,37,37,1,0,0.72972972973,0.243243243243,0.027027027027,-21,-0.0157657657658,0,-1.13513513514,-2.1,-0.583333333333,-0.698748707437,0.00933404904687,0.0225802725803,-0.967331120181,0.00700342469716,0.00784630784631,-0.25204117228,0.00912048917074,0.0291599291599,0,0,0,0,0,0,0.000430184927733,0.000292531738951,-1,-0.0001287001287,-0.113279202279,0,0,0,195,0,21,1116,0.902777777778,1,0,0.0972222222222,1,0.902777777778,0.948905109489,0.941330856757,0.902777777778,0.902777777778,1,22,0,0,0,0
4013,WLNM_dir_neg,1,0.954545454545,00:00:03,10,90,46,1238804670,threshold_sweep,0.8,1,0.0454545454545,0.0869565217391,1,0,21,44,0.0454545454545,1,0,0.954545454545,1,0.0454545454545,0.0869565217391,0.681818181818,0.661616161616,0.0597014925373,0.175411603861,0.0454545454545,216,194,22,0,216,0,194,0,22,37,216,0.162162162162,1.32432432432,11.6756756757,21.6,6,8.1990990496,0.702237650082,0.31006006006,10.329336629,1.76937710775,0.765265265265,3.0868314707,0.528762798222,0.252752752753,0.579945114934,0.437917739848,2,1.32432432432,0.579945114934,2,0.0121701261701,0.00597269624573,7,0.000900900900901,0.621196581197,37,37,37,1,0,0.72972972973,0.243243243243,0.027027027027,37,0.145645645646,1.32432432432,10.4864864865,19.4,5.38888888889,7.45214965862,0.710643137549,0.331011423795,9.34940700854,1.78313432637,0.774310392867,2.87136635502,0.547631727504,0.286709389802,0.579945114934,0.437917739848,2,1.32432432432,0.579945114934,2,0.0113032589437,0.00528169014085,5,0.000643500643501,0.505695156695,37,37,37,1,0,0.72972972973,0.243243243243,0.027027027027,37,195,0.146396396396,1.32432432432,10.5405405405,19.5,5.41666666667,7.50035034217,0.711571699129,0.33264033264,9.36200550882,1.77638053244,0.773111573112,2.83479029842,0.537883287393,0.281912681913,0.579945114934,0.437917739848,2,1.32432432432,0.579945114934,2,0.0126003110979,0.00626522798468,6,0.000772200772201,0.507917378917,37,37,37,1,0,0.72972972973,0.243243243243,0.027027027027,-21,-0.0157657657658,0,-1.13513513514,-2.1,-0.583333333333,-0.698748707437,0.00933404904687,0.0225802725803,-0.967331120181,0.00700342469716,0.00784630784631,-0.25204117228,0.00912048917074,0.0291599291599,0,0,0,0,0,0,0.000430184927733,0.000292531738951,-1,-0.0001287001287,-0.113279202279,0,0,0,195,0,21,1116,0.902777777778,1,0,0.0972222222222,1,0.902777777778,0.948905109489,0.941330856757,0.902777777778,0.902777777778,1,22,0,0,0,0
4014,WLNM_dir_neg,1,0.954545454545,00:00:03,10,90,46,1238804670,threshold_sweep,0.9,1,0.0454545454545,0.0869565217391,1,0,21,44,0.0454545454545,1,0,0.954545454545,1,0.0454545454545,0.0869565217391,0.681818181818,0.661616161616,0.0597014925373,0.175411603861,0.0454545454545,216,194,22,0,216,0,194,0,22,37,216,0.162162162162,1.32432432432,11.6756756757,21.6,6,8.1990990496,0.702237650082,0.31006006006,10.329336629,1.76937710775,0.765265265265,3.0868314707,0.528762798222,0.252752752753,0.579945114934,0.437917739848,2,1.32432432432,0.579945114934,2,0.0121701261701,0.00597269624573,7,0.000900900900901,0.621196581197,37,37,37,1,0,0.72972972973,0.243243243243,0.027027027027,37,0.145645645646,1.32432432432,10.4864864865,19.4,5.38888888889,7.45214965862,0.710643137549,0.331011423795,9.34940700854,1.78313432637,0.774310392867,2.87136635502,0.547631727504,0.286709389802,0.579945114934,0.437917739848,2,1.32432432432,0.579945114934,2,0.0113032589437,0.00528169014085,5,0.000643500643501,0.505695156695,37,37,37,1,0,0.72972972973,0.243243243243,0.027027027027,37,195,0.146396396396,1.32432432432,10.5405405405,19.5,5.41666666667,7.50035034217,0.711571699129,0.33264033264,9.36200550882,1.77638053244,0.773111573112,2.83479029842,0.537883287393,0.281912681913,0.579945114934,0.437917739848,2,1.32432432432,0.579945114934,2,0.0126003110979,0.00626522798468,6,0.000772200772201,0.507917378917,37,37,37,1,0,0.72972972973,0.243243243243,0.027027027027,-21,-0.0157657657658,0,-1.13513513514,-2.1,-0.583333333333,-0.698748707437,0.00933404904687,0.0225802725803,-0.967331120181,0.00700342469716,0.00784630784631,-0.25204117228,0.00912048917074,0.0291599291599,0,0,0,0,0,0,0.000430184927733,0.000292531738951,-1,-0.0001287001287,-0.113279202279,0,0,0,195,0,21,1116,0.902777777778,1,0,0.0972222222222,1,0.902777777778,0.948905109489,0.941330856757,0.902777777778,0.902777777778,1,22,0,0,0,0
4015,WLNM_dir_neg,0.988636363636,0,00:00:03,10,90,47,1238804671,threshold_sweep,0.1,0,0,0,0,0,22,44,0,1,0,1,0,0,0,0.666666666667,0.666666666667,0,0,0,216,194,22,0,216,0,194,0,22,37,216,0.162162162162,1.32432432432,11.6756756757,21.6,6,8.1990990496,0.702237650082,0.31006006006,10.329336629,1.76937710775,0.765265265265,3.0868314707,0.528762798222,0.252752752753,0.579945114934,0.437917739848,2,1.32432432432,0.579945114934,2,0.0121701261701,0.00597269624573,7,0.000900900900901,0.621196581197,37,37,37,1,0,0.72972972973,0.243243243243,0.027027027027,37,0.145645645646,1.32432432432,10.4864864865,19.4,5.38888888889,7.43348886841,0.708863629204,0.329339648927,9.24182944072,1.76261695519,0.769573697409,2.73257515303,0.521161240527,0.269434382836,0.579945114934,0.437917739848,2,1.32432432432,0.579945114934,2,0.0123083477369,0.00740740740741,7,0.000900900900901,0.495068376068,37,37,37,1,0,0.72972972973,0.243243243243,0.027027027027,37,194,0.145645645646,1.32432432432,10.4864864865,19.4,5.38888888889,7.43348886841,0.708863629204,0.329339648927,9.24182944072,1.76261695519,0.769573697409,2.73257515303,0.521161240527,0.269434382836,0.579945114934,0.437917739848,2,1.32432432432,0.579945114934,2,0.0123083477369,0.00740740740741,7,0.000900900900901,0.495068376068,37,37,37,1,0,0.72972972973,0.243243243243,0.027027027027,-22,-0.0165165165165,0,-1.18918918919,-2.2,-0.611111111111,-0.765610181196,0.00662597912206,0.0192795888672,-1.08750718828,-0.00676015255591,0.00430843214348,-0.354256317672,-0.00760155769575,0.0166816300837,0,0,0,0,0,0,0.000138221566793,0.00143471116167,0,0,-0.126128205128,0,0,0,194,0,22,1116,0.898148148148,1,0,0.101851851852,1,0.898148148148,0.946341463415,0.938501466663,0.898148148148,0.898148148148,0,22,0,0,0,0
4016,WLNM_dir_neg,0.988636363636,0,00:00:03,10,90,47,1238804671,threshold_sweep,0.2,0,0,0,0,0,22,44,0,1,0,1,0,0,0,0.666666666667,0.666666666667,0,0,0,216,194,22,0,216,0,194,0,22,37,216,0.162162162162,1.32432432432,11.6756756757,21.6,6,8.1990990496,0.702237650082,0.31006006006,10.329336629,1.76937710775,0.765265265265,3.0868314707,0.528762798222,0.252752752753,0.579945114934,0.437917739848,2,1.32432432432,0.579945114934,2,0.0121701261701,0.00597269624573,7,0.000900900900901,0.621196581197,37,37,37,1,0,0.72972972973,0.243243243243,0.027027027027,37,0.145645645646,1.32432432432,10.4864864865,19.4,5.38888888889,7.43348886841,0.708863629204,0.329339648927,9.24182944072,1.76261695519,0.769573697409,2.73257515303,0.521161240527,0.269434382836,0.579945114934,0.437917739848,2,1.32432432432,0.579945114934,2,0.0123083477369,0.00740740740741,7,0.000900900900901,0.495068376068,37,37,37,1,0,0.72972972973,0.243243243243,0.027027027027,37,194,0.145645645646,1.32432432432,10.4864864865,19.4,5.38888888889,7.43348886841,0.708863629204,0.329339648927,9.24182944072,1.76261695519,0.769573697409,2.73257515303,0.521161240527,0.269434382836,0.579945114934,0.437917739848,2,1.32432432432,0.579945114934,2,0.0123083477369,0.00740740740741,7,0.000900900900901,0.495068376068,37,37,37,1,0,0.72972972973,0.243243243243,0.027027027027,-22,-0.0165165165165,0,-1.18918918919,-2.2,-0.611111111111,-0.765610181196,0.00662597912206,0.0192795888672,-1.08750718828,-0.00676015255591,0.00430843214348,-0.354256317672,-0.00760155769575,0.0166816300837,0,0,0,0,0,0,0.000138221566793,0.00143471116167,0,0,-0.126128205128,0,0,0,194,0,22,1116,0.898148148148,1,0,0.101851851852,1,0.898148148148,0.946341463415,0.938501466663,0.898148148148,0.898148148148,0,22,0,0,0,0
4017,WLNM_dir_neg,0.988636363636,0,00:00:03,10,90,47,1238804671,threshold_sweep,0.3,0,0,0,0,0,22,44,0,1,0,1,0,0,0,0.666666666667,0.666666666667,0,0,0,216,194,22,0,216,0,194,0,22,37,216,0.162162162162,1.32432432432,11.6756756757,21.6,6,8.1990990496,0.702237650082,0.31006006006,10.329336629,1.76937710775,0.765265265265,3.0868314707,0.528762798222,0.252752752753,0.579945114934,0.437917739848,2,1.32432432432,0.579945114934,2,0.0121701261701,0.00597269624573,7,0.000900900900901,0.621196581197,37,37,37,1,0,0.72972972973,0.243243243243,0.027027027027,37,0.145645645646,1.32432432432,10.4864864865,19.4,5.38888888889,7.43348886841,0.708863629204,0.329339648927,9.24182944072,1.76261695519,0.769573697409,2.73257515303,0.521161240527,0.269434382836,0.579945114934,0.437917739848,2,1.32432432432,0.579945114934,2,0.0123083477369,0.00740740740741,7,0.000900900900901,0.495068376068,37,37,37,1,0,0.72972972973,0.243243243243,0.027027027027,37,194,0.145645645646,1.32432432432,10.4864864865,19.4,5.38888888889,7.43348886841,0.708863629204,0.329339648927,9.24182944072,1.76261695519,0.769573697409,2.73257515303,0.521161240527,0.269434382836,0.579945114934,0.437917739848,2,1.32432432432,0.579945114934,2,0.0123083477369,0.00740740740741,7,0.000900900900901,0.495068376068,37,37,37,1,0,0.72972972973,0.243243243243,0.027027027027,-22,-0.0165165165165,0,-1.18918918919,-2.2,-0.611111111111,-0.765610181196,0.00662597912206,0.0192795888672,-1.08750718828,-0.00676015255591,0.00430843214348,-0.354256317672,-0.00760155769575,0.0166816300837,0,0,0,0,0,0,0.000138221566793,0.00143471116167,0,0,-0.126128205128,0,0,0,194,0,22,1116,0.898148148148,1,0,0.101851851852,1,0.898148148148,0.946341463415,0.938501466663,0.898148148148,0.898148148148,0,22,0,0,0,0
4018,WLNM_dir_neg,0.988636363636,0,00:00:03,10,90,47,1238804671,threshold_sweep,0.4,0,0,0,0,0,22,44,0,1,0,1,0,0,0,0.666666666667,0.666666666667,0,0,0,216,194,22,0,216,0,194,0,22,37,216,0.162162162162,1.32432432432,11.6756756757,21.6,6,8.1990990496,0.702237650082,0.31006006006,10.329336629,1.76937710775,0.765265265265,3.0868314707,0.528762798222,0.252752752753,0.579945114934,0.437917739848,2,1.32432432432,0.579945114934,2,0.0121701261701,0.00597269624573,7,0.000900900900901,0.621196581197,37,37,37,1,0,0.72972972973,0.243243243243,0.027027027027,37,0.145645645646,1.32432432432,10.4864864865,19.4,5.38888888889,7.43348886841,0.708863629204,0.329339648927,9.24182944072,1.76261695519,0.769573697409,2.73257515303,0.521161240527,0.269434382836,0.579945114934,0.437917739848,2,1.32432432432,0.579945114934,2,0.0123083477369,0.00740740740741,7,0.000900900900901,0.495068376068,37,37,37,1,0,0.72972972973,0.243243243243,0.027027027027,37,194,0.145645645646,1.32432432432,10.4864864865,19.4,5.38888888889,7.43348886841,0.708863629204,0.329339648927,9.24182944072,1.76261695519,0.769573697409,2.73257515303,0.521161240527,0.269434382836,0.579945114934,0.437917739848,2,1.32432432432,0.579945114934,2,0.0123083477369,0.00740740740741,7,0.000900900900901,0.495068376068,37,37,37,1,0,0.72972972973,0.243243243243,0.027027027027,-22,-0.0165165165165,0,-1.18918918919,-2.2,-0.611111111111,-0.765610181196,0.00662597912206,0.0192795888672,-1.08750718828,-0.00676015255591,0.00430843214348,-0.354256317672,-0.00760155769575,0.0166816300837,0,0,0,0,0,0,0.000138221566793,0.00143471116167,0,0,-0.126128205128,0,0,0,194,0,22,1116,0.898148148148,1,0,0.101851851852,1,0.898148148148,0.946341463415,0.938501466663,0.898148148148,0.898148148148,0,22,0,0,0,0
4019,WLNM_dir_neg,0.988636363636,0,00:00:03,10,90,47,1238804671,threshold_sweep,0.5,0,0,0,0,0,22,44,0,1,0,1,0,0,0,0.666666666667,0.666666666667,0,0,0,216,194,22,0,216,0,194,0,22,37,216,0.162162162162,1.32432432432,11.6756756757,21.6,6,8.1990990496,0.702237650082,0.31006006006,10.329336629,1.76937710775,0.765265265265,3.0868314707,0.528762798222,0.252752752753,0.579945114934,0.437917739848,2,1.32432432432,0.579945114934,2,0.0121701261701,0.00597269624573,7,0.000900900900901,0.621196581197,37,37,37,1,0,0.72972972973,0.243243243243,0.027027027027,37,0.145645645646,1.32432432432,10.4864864865,19.4,5.38888888889,7.43348886841,0.708863629204,0.329339648927,9.24182944072,1.76261695519,0.769573697409,2.73257515303,0.521161240527,0.269434382836,0.579945114934,0.437917739848,2,1.32432432432,0.579945114934,2,0.0123083477369,0.00740740740741,7,0.000900900900901,0.495068376068,37,37,37,1,0,0.72972972973,0.243243243243,0.027027027027,37,194,0.145645645646,1.32432432432,10.4864864865,19.4,5.38888888889,7.43348886841,0.708863629204,0.329339648927,9.24182944072,1.76261695519,0.769573697409,2.73257515303,0.521161240527,0.269434382836,0.579945114934,0.437917739848,2,1.32432432432,0.579945114934,2,0.0123083477369,0.00740740740741,7,0.000900900900901,0.495068376068,37,37,37,1,0,0.72972972973,0.243243243243,0.027027027027,-22,-0.0165165165165,0,-1.18918918919,-2.2,-0.611111111111,-0.765610181196,0.00662597912206,0.0192795888672,-1.08750718828,-0.00676015255591,0.00430843214348,-0.354256317672,-0.00760155769575,0.0166816300837,0,0,0,0,0,0,0.000138221566793,0.00143471116167,0,0,-0.126128205128,0,0,0,194,0,22,1116,0.898148148148,1,0,0.101851851852,1,0.898148148148,0.946341463415,0.938501466663,0.898148148148,0.898148148148,0,22,0,0,0,0
4020,WLNM_dir_neg,0.988636363636,0,00:00:03,10,90,47,1238804671,threshold_sweep,0.6,0,0,0,0,0,22,44,0,1,0,1,0,0,0,0.666666666667,0.666666666667,0,0,0,216,194,22,0,216,0,194,0,22,37,216,0.162162162162,1.32432432432,11.6756756757,21.6,6,8.1990990496,0.702237650082,0.31006006006,10.329336629,1.76937710775,0.765265265265,3.0868314707,0.528762798222,0.252752752753,0.579945114934,0.437917739848,2,1.32432432432,0.579945114934,2,0.0121701261701,0.00597269624573,7,0.000900900900901,0.621196581197,37,37,37,1,0,0.72972972973,0.243243243243,0.027027027027,37,0.145645645646,1.32432432432,10.4864864865,19.4,5.38888888889,7.43348886841,0.708863629204,0.329339648927,9.24182944072,1.76261695519,0.769573697409,2.73257515303,0.521161240527,0.269434382836,0.579945114934,0.437917739848,2,1.32432432432,0.579945114934,2,0.0123083477369,0.00740740740741,7,0.000900900900901,0.495068376068,37,37,37,1,0,0.72972972973,0.243243243243,0.027027027027,37,194,0.145645645646,1.32432432432,10.4864864865,19.4,5.38888888889,7.43348886841,0.708863629204,0.329339648927,9.24182944072,1.76261695519,0.769573697409,2.73257515303,0.521161240527,0.269434382836,0.579945114934,0.437917739848,2,1.32432432432,0.579945114934,2,0.0123083477369,0.00740740740741,7,0.000900900900901,0.495068376068,37,37,37,1,0,0.72972972973,0.243243243243,0.027027027027,-22,-0.0165165165165,0,-1.18918918919,-2.2,-0.611111111111,-0.765610181196,0.00662597912206,0.0192795888672,-1.08750718828,-0.00676015255591,0.00430843214348,-0.354256317672,-0.00760155769575,0.0166816300837,0,0,0,0,0,0,0.000138221566793,0.00143471116167,0,0,-0.126128205128,0,0,0,194,0,22,1116,0.898148148148,1,0,0.101851851852,1,0.898148148148,0.946341463415,0.938501466663,0.898148148148,0.898148148148,0,22,0,0,0,0
4021,WLNM_dir_neg,0.988636363636,0,00:00:03,10,90,47,1238804671,threshold_sweep,0.7,0,0,0,0,0,22,44,0,1,0,1,0,0,0,0.666666666667,0.666666666667,0,0,0,216,194,22,0,216,0,194,0,22,37,216,0.162162162162,1.32432432432,11.6756756757,21.6,6,8.1990990496,0.702237650082,0.31006006006,10.329336629,1.76937710775,0.765265265265,3.0868314707,0.528762798222,0.252752752753,0.579945114934,0.437917739848,2,1.32432432432,0.579945114934,2,0.0121701261701,0.00597269624573,7,0.000900900900901,0.621196581197,37,37,37,1,0,0.72972972973,0.243243243243,0.027027027027,37,0.145645645646,1.32432432432,10.4864864865,19.4,5.38888888889,7.43348886841,0.708863629204,0.329339648927,9.24182944072,1.76261695519,0.769573697409,2.73257515303,0.521161240527,0.269434382836,0.579945114934,0.437917739848,2,1.32432432432,0.579945114934,2,0.0123083477369,0.00740740740741,7,0.000900900900901,0.495068376068,37,37,37,1,0,0.72972972973,0.243243243243,0.027027027027,37,194,0.145645645646,1.32432432432,10.4864864865,19.4,5.38888888889,7.43348886841,0.708863629204,0.329339648927,9.24182944072,1.76261695519,0.769573697409,2.73257515303,0.521161240527,0.269434382836,0.579945114934,0.437917739848,2,1.32432432432,0.579945114934,2,0.0123083477369,0.00740740740741,7,0.000900900900901,0.495068376068,37,37,37,1,0,0.72972972973,0.243243243243,0.027027027027,-22,-0.0165165165165,0,-1.18918918919,-2.2,-0.611111111111,-0.765610181196,0.00662597912206,0.0192795888672,-1.08750718828,-0.00676015255591,0.00430843214348,-0.354256317672,-0.00760155769575,0.0166816300837,0,0,0,0,0,0,0.000138221566793,0.00143471116167,0,0,-0.126128205128,0,0,0,194,0,22,1116,0.898148148148,1,0,0.101851851852,1,0.898148148148,0.946341463415,0.938501466663,0.898148148148,0.898148148148,0,22,0,0,0,0
4022,WLNM_dir_neg,0.988636363636,0,00:00:03,10,90,47,1238804671,threshold_sweep,0.8,0,0,0,0,0,22,44,0,1,0,1,0,0,0,0.666666666667,0.666666666667,0,0,0,216,194,22,0,216,0,194,0,22,37,216,0.162162162162,1.32432432432,11.6756756757,21.6,6,8.1990990496,0.702237650082,0.31006006006,10.329336629,1.76937710775,0.765265265265,3.0868314707,0.528762798222,0.252752752753,0.579945114934,0.437917739848,2,1.32432432432,0.579945114934,2,0.0121701261701,0.00597269624573,7,0.000900900900901,0.621196581197,37,37,37,1,0,0.72972972973,0.243243243243,0.027027027027,37,0.145645645646,1.32432432432,10.4864864865,19.4,5.38888888889,7.43348886841,0.708863629204,0.329339648927,9.24182944072,1.76261695519,0.769573697409,2.73257515303,0.521161240527,0.269434382836,0.579945114934,0.437917739848,2,1.32432432432,0.579945114934,2,0.0123083477369,0.00740740740741,7,0.000900900900901,0.495068376068,37,37,37,1,0,0.72972972973,0.243243243243,0.027027027027,37,194,0.145645645646,1.32432432432,10.4864864865,19.4,5.38888888889,7.43348886841,0.708863629204,0.329339648927,9.24182944072,1.76261695519,0.769573697409,2.73257515303,0.521161240527,0.269434382836,0.579945114934,0.437917739848,2,1.32432432432,0.579945114934,2,0.0123083477369,0.00740740740741,7,0.000900900900901,0.495068376068,37,37,37,1,0,0.72972972973,0.243243243243,0.027027027027,-22,-0.0165165165165,0,-1.18918918919,-2.2,-0.611111111111,-0.765610181196,0.00662597912206,0.0192795888672,-1.08750718828,-0.00676015255591,0.00430843214348,-0.354256317672,-0.00760155769575,0.0166816300837,0,0,0,0,0,0,0.000138221566793,0.00143471116167,0,0,-0.126128205128,0,0,0,194,0,22,1116,0.898148148148,1,0,0.101851851852,1,0.898148148148,0.946341463415,0.938501466663,0.898148148148,0.898148148148,0,22,0,0,0,0
4023,WLNM_dir_neg,0.988636363636,0,00:00:03,10,90,47,1238804671,threshold_sweep,0.9,0,0,0,0,0,22,44,0,1,0,1,0,0,0,0.666666666667,0.666666666667,0,0,0,216,194,22,0,216,0,194,0,22,37,216,0.162162162162,1.32432432432,11.6756756757,21.6,6,8.1990990496,0.702237650082,0.31006006006,10.329336629,1.76937710775,0.765265265265,3.0868314707,0.528762798222,0.252752752753,0.579945114934,0.437917739848,2,1.32432432432,0.579945114934,2,0.0121701261701,0.00597269624573,7,0.000900900900901,0.621196581197,37,37,37,1,0,0.72972972973,0.243243243243,0.027027027027,37,0.145645645646,1.32432432432,10.4864864865,19.4,5.38888888889,7.43348886841,0.708863629204,0.329339648927,9.24182944072,1.76261695519,0.769573697409,2.73257515303,0.521161240527,0.269434382836,0.579945114934,0.437917739848,2,1.32432432432,0.579945114934,2,0.0123083477369,0.00740740740741,7,0.000900900900901,0.495068376068,37,37,37,1,0,0.72972972973,0.243243243243,0.027027027027,37,194,0.145645645646,1.32432432432,10.4864864865,19.4,5.38888888889,7.43348886841,0.708863629204,0.329339648927,9.24182944072,1.76261695519,0.769573697409,2.73257515303,0.521161240527,0.269434382836,0.579945114934,0.437917739848,2,1.32432432432,0.579945114934,2,0.0123083477369,0.00740740740741,7,0.000900900900901,0.495068376068,37,37,37,1,0,0.72972972973,0.243243243243,0.027027027027,-22,-0.0165165165165,0,-1.18918918919,-2.2,-0.611111111111,-0.765610181196,0.00662597912206,0.0192795888672,-1.08750718828,-0.00676015255591,0.00430843214348,-0.354256317672,-0.00760155769575,0.0166816300837,0,0,0,0,0,0,0.000138221566793,0.00143471116167,0,0,-0.126128205128,0,0,0,194,0,22,1116,0.898148148148,1,0,0.101851851852,1,0.898148148148,0.946341463415,0.938501466663,0.898148148148,0.898148148148,0,22,0,0,0,0
4024,WLNM_dir_neg,1,0.954545454545,00:00:03,10,90,48,1238804672,threshold_sweep,0.1,1,0.0454545454545,0.0869565217391,1,0,21,44,0.0454545454545,1,0,0.954545454545,1,0.0454545454545,0.0869565217391,0.681818181818,0.661616161616,0.0597014925373,0.175411603861,0.0454545454545,216,194,22,0,216,0,194,0,22,37,216,0.162162162162,1.32432432432,11.6756756757,21.6,6,8.1990990496,0.702237650082,0.31006006006,10.329336629,1.76937710775,0.765265265265,3.0868314707,0.528762798222,0.252752752753,0.579945114934,0.437917739848,2,1.32432432432,0.579945114934,2,0.0121701261701,0.00597269624573,7,0.000900900900901,0.621196581197,37,37,37,1,0,0.72972972973,0.243243243243,0.027027027027,37,0.145645645646,1.32432432432,10.4864864865,19.4,5.54285714286,7.44469095553,0.709931869471,0.333101142379,9.26284515148,1.76662510621,0.76845918083,2.87136635502,0.547631727504,0.289774310393,0.579945114934,0.437917739848,2,1.33333333333,0.585540043769,2,0.0114667890196,0.00634249471459,6,0.000772200772201,0.511481481481,37,36,36,0.972972972973,0,0.702702702703,0.243243243243,0.027027027027,37,195,0.146396396396,1.32432432432,10.5405405405,19.5,5.57142857143,7.48180977287,0.709812722042,0.334303534304,9.27556122486,1.75997828369,0.76729036729,2.83479029842,0.537883287393,0.284684684685,0.579945114934,0.437917739848,2,1.33333333333,0.585540043769,2,0.0122934227034,0.00732217573222,7,0.000900900900901,0.513703703704,37,36,36,0.972972972973,0,0.702702702703,0.243243243243,0.027027027027,-21,-0.0157657657658,0,-1.13513513514,-2.1,-0.428571428571,-0.71728927673,0.00757507196006,0.0242434742435,-1.05377540414,-0.00939882405486,0.0020251020251,-0.25204117228,0.00912048917074,0.0319319319319,0,0,0,0.00900900900901,0.00559492883467,0,0.000123296533234,0.00134947948648,0,0,-0.107492877493,-0.027027027027,0,0,195,0,21,1116,0.902777777778,1,0,0.0972222222222,1,0.902777777778,0.948905109489,0.941330856757,0.902777777778,0.902777777778,1,22,0,0,0,0
4025,WLNM_dir_neg,1,0.954545454545,00:00:03,10,90,48,1238804672,threshold_sweep,0.2,1,0.0454545454545,0.0869565217391,1,0,21,44,0.0454545454545,1,0,0.954545454545,1,0.0454545454545,0.0869565217391,0.681818181818,0.661616161616,0.0597014925373,0.175411603861,0.0454545454545,216,194,22,0,216,0,194,0,22,37,216,0.162162162162,1.32432432432,11.6756756757,21.6,6,8.1990990496,0.702237650082,0.31006006006,10.329336629,1.76937710775,0.765265265265,3.0868314707,0.528762798222,0.252752752753,0.579945114934,0.437917739848,2,1.32432432432,0.579945114934,2,0.0121701261701,0.00597269624573,7,0.000900900900901,0.621196581197,37,37,37,1,0,0.72972972973,0.243243243243,0.027027027027,37,0.145645645646,1.32432432432,10.4864864865,19.4,5.54285714286,7.44469095553,0.709931869471,0.333101142379,9.26284515148,1.76662510621,0.76845918083,2.87136635502,0.547631727504,0.289774310393,0.579945114934,0.437917739848,2,1.33333333333,0.585540043769,2,0.0114667890196,0.00634249471459,6,0.000772200772201,0.511481481481,37,36,36,0.972972972973,0,0.702702702703,0.243243243243,0.027027027027,37,195,0.146396396396,1.32432432432,10.5405405405,19.5,5.57142857143,7.48180977287,0.709812722042,0.334303534304,9.27556122486,1.75997828369,0.76729036729,2.83479029842,0.537883287393,0.284684684685,0.579945114934,0.437917739848,2,1.33333333333,0.585540043769,2,0.0122934227034,0.00732217573222,7,0.000900900900901,0.513703703704,37,36,36,0.972972972973,0,0.702702702703,0.243243243243,0.027027027027,-21,-0.0157657657658,0,-1.13513513514,-2.1,-0.428571428571,-0.71728927673,0.00757507196006,0.0242434742435,-1.05377540414,-0.00939882405486,0.0020251020251,-0.25204117228,0.00912048917074,0.0319319319319,0,0,0,0.00900900900901,0.00559492883467,0,0.000123296533234,0.00134947948648,0,0,-0.107492877493,-0.027027027027,0,0,195,0,21,1116,0.902777777778,1,0,0.0972222222222,1,0.902777777778,0.948905109489,0.941330856757,0.902777777778,0.902777777778,1,22,0,0,0,0
4026,WLNM_dir_neg,1,0.954545454545,00:00:03,10,90,48,1238804672,threshold_sweep,0.3,1,0.0454545454545,0.0869565217391,1,0,21,44,0.0454545454545,1,0,0.954545454545,1,0.0454545454545,0.0869565217391,0.681818181818,0.661616161616,0.0597014925373,0.175411603861,0.0454545454545,216,194,22,0,216,0,194,0,22,37,216,0.162162162162,1.32432432432,11.6756756757,21.6,6,8.1990990496,0.702237650082,0.31006006006,10.329336629,1.76937710775,0.765265265265,3.0868314707,0.528762798222,0.252752752753,0.579945114934,0.437917739848,2,1.32432432432,0.579945114934,2,0.0121701261701,0.00597269624573,7,0.000900900900901,0.621196581197,37,37,37,1,0,0.72972972973,0.243243243243,0.027027027027,37,0.145645645646,1.32432432432,10.4864864865,19.4,5.54285714286,7.44469095553,0.709931869471,0.333101142379,9.26284515148,1.76662510621,0.76845918083,2.87136635502,0.547631727504,0.289774310393,0.579945114934,0.437917739848,2,1.33333333333,0.585540043769,2,0.0114667890196,0.00634249471459,6,0.000772200772201,0.511481481481,37,36,36,0.972972972973,0,0.702702702703,0.243243243243,0.027027027027,37,195,0.146396396396,1.32432432432,10.5405405405,19.5,5.57142857143,7.48180977287,0.709812722042,0.334303534304,9.27556122486,1.75997828369,0.76729036729,2.83479029842,0.537883287393,0.284684684685,0.579945114934,0.437917739848,2,1.33333333333,0.585540043769,2,0.0122934227034,0.00732217573222,7,0.000900900900901,0.513703703704,37,36,36,0.972972972973,0,0.702702702703,0.243243243243,0.027027027027,-21,-0.0157657657658,0,-1.13513513514,-2.1,-0.428571428571,-0.71728927673,0.00757507196006,0.0242434742435,-1.05377540414,-0.00939882405486,0.0020251020251,-0.25204117228,0.00912048917074,0.0319319319319,0,0,0,0.00900900900901,0.00559492883467,0,0.000123296533234,0.00134947948648,0,0,-0.107492877493,-0.027027027027,0,0,195,0,21,1116,0.902777777778,1,0,0.0972222222222,1,0.902777777778,0.948905109489,0.941330856757,0.902777777778,0.902777777778,1,22,0,0,0,0
4027,WLNM_dir_neg,1,0.954545454545,00:00:03,10,90,48,1238804672,threshold_sweep,0.4,1,0.0454545454545,0.0869565217391,1,0,21,44,0.0454545454545,1,0,0.954545454545,1,0.0454545454545,0.0869565217391,0.681818181818,0.661616161616,0.0597014925373,0.175411603861,0.0454545454545,216,194,22,0,216,0,194,0,22,37,216,0.162162162162,1.32432432432,11.6756756757,21.6,6,8.1990990496,0.702237650082,0.31006006006,10.329336629,1.76937710775,0.765265265265,3.0868314707,0.528762798222,0.252752752753,0.579945114934,0.437917739848,2,1.32432432432,0.579945114934,2,0.0121701261701,0.00597269624573,7,0.000900900900901,0.621196581197,37,37,37,1,0,0.72972972973,0.243243243243,0.027027027027,37,0.145645645646,1.32432432432,10.4864864865,19.4,5.54285714286,7.44469095553,0.709931869471,0.333101142379,9.26284515148,1.76662510621,0.76845918083,2.87136635502,0.547631727504,0.289774310393,0.579945114934,0.437917739848,2,1.33333333333,0.585540043769,2,0.0114667890196,0.00634249471459,6,0.000772200772201,0.511481481481,37,36,36,0.972972972973,0,0.702702702703,0.243243243243,0.027027027027,37,195,0.146396396396,1.32432432432,10.5405405405,19.5,5.57142857143,7.48180977287,0.709812722042,0.334303534304,9.27556122486,1.75997828369,0.76729036729,2.83479029842,0.537883287393,0.284684684685,0.579945114934,0.437917739848,2,1.33333333333,0.585540043769,2,0.0122934227034,0.00732217573222,7,0.000900900900901,0.513703703704,37,36,36,0.972972972973,0,0.702702702703,0.243243243243,0.027027027027,-21,-0.0157657657658,0,-1.13513513514,-2.1,-0.428571428571,-0.71728927673,0.00757507196006,0.0242434742435,-1.05377540414,-0.00939882405486,0.0020251020251,-0.25204117228,0.00912048917074,0.0319319319319,0,0,0,0.00900900900901,0.00559492883467,0,0.000123296533234,0.00134947948648,0,0,-0.107492877493,-0.027027027027,0,0,195,0,21,1116,0.902777777778,1,0,0.0972222222222,1,0.902777777778,0.948905109489,0.941330856757,0.902777777778,0.902777777778,1,22,0,0,0,0
4028,WLNM_dir_neg,1,0.954545454545,00:00:03,10,90,48,1238804672,threshold_sweep,0.5,1,0.0454545454545,0.0869565217391,1,0,21,44,0.0454545454545,1,0,0.954545454545,1,0.0454545454545,0.0869565217391,0.681818181818,0.661616161616,0.0597014925373,0.175411603861,0.0454545454545,216,194,22,0,216,0,194,0,22,37,216,0.162162162162,1.32432432432,11.6756756757,21.6,6,8.1990990496,0.702237650082,0.31006006006,10.329336629,1.76937710775,0.765265265265,3.0868314707,0.528762798222,0.252752752753,0.579945114934,0.437917739848,2,1.32432432432,0.579945114934,2,0.0121701261701,0.00597269624573,7,0.000900900900901,0.621196581197,37,37,37,1,0,0.72972972973,0.243243243243,0.027027027027,37,0.145645645646,1.32432432432,10.4864864865,19.4,5.54285714286,7.44469095553,0.709931869471,0.333101142379,9.26284515148,1.76662510621,0.76845918083,2.87136635502,0.547631727504,0.289774310393,0.579945114934,0.437917739848,2,1.33333333333,0.585540043769,2,0.0114667890196,0.00634249471459,6,0.000772200772201,0.511481481481,37,36,36,0.972972972973,0,0.702702702703,0.243243243243,0.027027027027,37,195,0.146396396396,1.32432432432,10.5405405405,19.5,5.57142857143,7.48180977287,0.709812722042,0.334303534304,9.27556122486,1.75997828369,0.76729036729,2.83479029842,0.537883287393,0.284684684685,0.579945114934,0.437917739848,2,1.33333333333,0.585540043769,2,0.0122934227034,0.00732217573222,7,0.000900900900901,0.513703703704,37,36,36,0.972972972973,0,0.702702702703,0.243243243243,0.027027027027,-21,-0.0157657657658,0,-1.13513513514,-2.1,-0.428571428571,-0.71728927673,0.00757507196006,0.0242434742435,-1.05377540414,-0.00939882405486,0.0020251020251,-0.25204117228,0.00912048917074,0.0319319319319,0,0,0,0.00900900900901,0.00559492883467,0,0.000123296533234,0.00134947948648,0,0,-0.107492877493,-0.027027027027,0,0,195,0,21,1116,0.902777777778,1,0,0.0972222222222,1,0.902777777778,0.948905109489,0.941330856757,0.902777777778,0.902777777778,1,22,0,0,0,0
4029,WLNM_dir_neg,1,0.954545454545,00:00:03,10,90,48,1238804672,threshold_sweep,0.6,1,0.0454545454545,0.0869565217391,1,0,21,44,0.0454545454545,1,0,0.954545454545,1,0.0454545454545,0.0869565217391,0.681818181818,0.661616161616,0.0597014925373,0.175411603861,0.0454545454545,216,194,22,0,216,0,194,0,22,37,216,0.162162162162,1.32432432432,11.6756756757,21.6,6,8.1990990496,0.702237650082,0.31006006006,10.329336629,1.76937710775,0.765265265265,3.0868314707,0.528762798222,0.252752752753,0.579945114934,0.437917739848,2,1.32432432432,0.579945114934,2,0.0121701261701,0.00597269624573,7,0.000900900900901,0.621196581197,37,37,37,1,0,0.72972972973,0.243243243243,0.027027027027,37,0.145645645646,1.32432432432,10.4864864865,19.4,5.54285714286,7.44469095553,0.709931869471,0.333101142379,9.26284515148,1.76662510621,0.76845918083,2.87136635502,0.547631727504,0.289774310393,0.579945114934,0.437917739848,2,1.33333333333,0.585540043769,2,0.0114667890196,0.00634249471459,6,0.000772200772201,0.511481481481,37,36,36,0.972972972973,0,0.702702702703,0.243243243243,0.027027027027,37,195,0.146396396396,1.32432432432,10.5405405405,19.5,5.57142857143,7.48180977287,0.709812722042,0.334303534304,9.27556122486,1.75997828369,0.76729036729,2.83479029842,0.537883287393,0.284684684685,0.579945114934,0.437917739848,2,1.33333333333,0.585540043769,2,0.0122934227034,0.00732217573222,7,0.000900900900901,0.513703703704,37,36,36,0.972972972973,0,0.702702702703,0.243243243243,0.027027027027,-21,-0.0157657657658,0,-1.13513513514,-2.1,-0.428571428571,-0.71728927673,0.00757507196006,0.0242434742435,-1.05377540414,-0.00939882405486,0.0020251020251,-0.25204117228,0.00912048917074,0.0319319319319,0,0,0,0.00900900900901,0.00559492883467,0,0.000123296533234,0.00134947948648,0,0,-0.107492877493,-0.027027027027,0,0,195,0,21,1116,0.902777777778,1,0,0.0972222222222,1,0.902777777778,0.948905109489,0.941330856757,0.902777777778,0.902777777778,1,22,0,0,0,0
4030,WLNM_dir_neg,1,0.954545454545,00:00:03,10,90,48,1238804672,threshold_sweep,0.7,1,0.0454545454545,0.0869565217391,1,0,21,44,0.0454545454545,1,0,0.954545454545,1,0.0454545454545,0.0869565217391,0.681818181818,0.661616161616,0.0597014925373,0.175411603861,0.0454545454545,216,194,22,0,216,0,194,0,22,37,216,0.162162162162,1.32432432432,11.6756756757,21.6,6,8.1990990496,0.702237650082,0.31006006006,10.329336629,1.76937710775,0.765265265265,3.0868314707,0.528762798222,0.252752752753,0.579945114934,0.437917739848,2,1.32432432432,0.579945114934,2,0.0121701261701,0.00597269624573,7,0.000900900900901,0.621196581197,37,37,37,1,0,0.72972972973,0.243243243243,0.027027027027,37,0.145645645646,1.32432432432,10.4864864865,19.4,5.54285714286,7.44469095553,0.709931869471,0.333101142379,9.26284515148,1.76662510621,0.76845918083,2.87136635502,0.547631727504,0.289774310393,0.579945114934,0.437917739848,2,1.33333333333,0.585540043769,2,0.0114667890196,0.00634249471459,6,0.000772200772201,0.511481481481,37,36,36,0.972972972973,0,0.702702702703,0.243243243243,0.027027027027,37,195,0.146396396396,1.32432432432,10.5405405405,19.5,5.57142857143,7.48180977287,0.709812722042,0.334303534304,9.27556122486,1.75997828369,0.76729036729,2.83479029842,0.537883287393,0.284684684685,0.579945114934,0.437917739848,2,1.33333333333,0.585540043769,2,0.0122934227034,0.00732217573222,7,0.000900900900901,0.513703703704,37,36,36,0.972972972973,0,0.702702702703,0.243243243243,0.027027027027,-21,-0.0157657657658,0,-1.13513513514,-2.1,-0.428571428571,-0.71728927673,0.00757507196006,0.0242434742435,-1.05377540414,-0.00939882405486,0.0020251020251,-0.25204117228,0.00912048917074,0.0319319319319,0,0,0,0.00900900900901,0.00559492883467,0,0.000123296533234,0.00134947948648,0,0,-0.107492877493,-0.027027027027,0,0,195,0,21,1116,0.902777777778,1,0,0.0972222222222,1,0.902777777778,0.948905109489,0.941330856757,0.902777777778,0.902777777778,1,22,0,0,0,0
4031,WLNM_dir_neg,1,0.954545454545,00:00:03,10,90,48,1238804672,threshold_sweep,0.8,1,0.0454545454545,0.0869565217391,1,0,21,44,0.0454545454545,1,0,0.954545454545,1,0.0454545454545,0.0869565217391,0.681818181818,0.661616161616,0.0597014925373,0.175411603861,0.0454545454545,216,194,22,0,216,0,194,0,22,37,216,0.162162162162,1.32432432432,11.6756756757,21.6,6,8.1990990496,0.702237650082,0.31006006006,10.329336629,1.76937710775,0.765265265265,3.0868314707,0.528762798222,0.252752752753,0.579945114934,0.437917739848,2,1.32432432432,0.579945114934,2,0.0121701261701,0.00597269624573,7,0.000900900900901,0.621196581197,37,37,37,1,0,0.72972972973,0.243243243243,0.027027027027,37,0.145645645646,1.32432432432,10.4864864865,19.4,5.54285714286,7.44469095553,0.709931869471,0.333101142379,9.26284515148,1.76662510621,0.76845918083,2.87136635502,0.547631727504,0.289774310393,0.579945114934,0.437917739848,2,1.33333333333,0.585540043769,2,0.0114667890196,0.00634249471459,6,0.000772200772201,0.511481481481,37,36,36,0.972972972973,0,0.702702702703,0.243243243243,0.027027027027,37,195,0.146396396396,1.32432432432,10.5405405405,19.5,5.57142857143,7.48180977287,0.709812722042,0.334303534304,9.27556122486,1.75997828369,0.76729036729,2.83479029842,0.537883287393,0.284684684685,0.579945114934,0.437917739848,2,1.33333333333,0.585540043769,2,0.0122934227034,0.00732217573222,7,0.000900900900901,0.513703703704,37,36,36,0.972972972973,0,0.702702702703,0.243243243243,0.027027027027,-21,-0.0157657657658,0,-1.13513513514,-2.1,-0.428571428571,-0.71728927673,0.00757507196006,0.0242434742435,-1.05377540414,-0.00939882405486,0.0020251020251,-0.25204117228,0.00912048917074,0.0319319319319,0,0,0,0.00900900900901,0.00559492883467,0,0.000123296533234,0.00134947948648,0,0,-0.107492877493,-0.027027027027,0,0,195,0,21,1116,0.902777777778,1,0,0.0972222222222,1,0.902777777778,0.948905109489,0.941330856757,0.902777777778,0.902777777778,1,22,0,0,0,0
4032,WLNM_dir_neg,1,0.954545454545,00:00:03,10,90,48,1238804672,threshold_sweep,0.9,1,0.0454545454545,0.0869565217391,1,0,21,44,0.0454545454545,1,0,0.954545454545,1,0.0454545454545,0.0869565217391,0.681818181818,0.661616161616,0.0597014925373,0.175411603861,0.0454545454545,216,194,22,0,216,0,194,0,22,37,216,0.162162162162,1.32432432432,11.6756756757,21.6,6,8.1990990496,0.702237650082,0.31006006006,10.329336629,1.76937710775,0.765265265265,3.0868314707,0.528762798222,0.252752752753,0.579945114934,0.437917739848,2,1.32432432432,0.579945114934,2,0.0121701261701,0.00597269624573,7,0.000900900900901,0.621196581197,37,37,37,1,0,0.72972972973,0.243243243243,0.027027027027,37,0.145645645646,1.32432432432,10.4864864865,19.4,5.54285714286,7.44469095553,0.709931869471,0.333101142379,9.26284515148,1.76662510621,0.76845918083,2.87136635502,0.547631727504,0.289774310393,0.579945114934,0.437917739848,2,1.33333333333,0.585540043769,2,0.0114667890196,0.00634249471459,6,0.000772200772201,0.511481481481,37,36,36,0.972972972973,0,0.702702702703,0.243243243243,0.027027027027,37,195,0.146396396396,1.32432432432,10.5405405405,19.5,5.57142857143,7.48180977287,0.709812722042,0.334303534304,9.27556122486,1.75997828369,0.76729036729,2.83479029842,0.537883287393,0.284684684685,0.579945114934,0.437917739848,2,1.33333333333,0.585540043769,2,0.0122934227034,0.00732217573222,7,0.000900900900901,0.513703703704,37,36,36,0.972972972973,0,0.702702702703,0.243243243243,0.027027027027,-21,-0.0157657657658,0,-1.13513513514,-2.1,-0.428571428571,-0.71728927673,0.00757507196006,0.0242434742435,-1.05377540414,-0.00939882405486,0.0020251020251,-0.25204117228,0.00912048917074,0.0319319319319,0,0,0,0.00900900900901,0.00559492883467,0,0.000123296533234,0.00134947948648,0,0,-0.107492877493,-0.027027027027,0,0,195,0,21,1116,0.902777777778,1,0,0.0972222222222,1,0.902777777778,0.948905109489,0.941330856757,0.902777777778,0.902777777778,1,22,0,0,0,0
4033,WLNM_dir_neg,1,0.909090909091,00:00:03,10,90,49,1238804673,threshold_sweep,0.1,1,0.136363636364,0.24,3,0,19,44,0.136363636364,1,0,0.863636363636,1,0.136363636364,0.24,0.712121212121,0.651515151515,0.173913043478,0.308606699924,0.136363636364,216,194,22,0,216,0,194,0,22,37,216,0.162162162162,1.32432432432,11.6756756757,21.6,6,8.1990990496,0.702237650082,0.31006006006,10.329336629,1.76937710775,0.765265265265,3.0868314707,0.528762798222,0.252752752753,0.579945114934,0.437917739848,2,1.32432432432,0.579945114934,2,0.0121701261701,0.00597269624573,7,0.000900900900901,0.621196581197,37,37,37,1,0,0.72972972973,0.243243243243,0.027027027027,37,0.145645645646,1.32432432432,10.4864864865,19.4,5.38888888889,7.39226931636,0.704932898725,0.326414042909,9.34643546256,1.78256758822,0.770409584843,2.90024333659,0.55313919306,0.289774310393,0.579945114934,0.437917739848,2,1.32432432432,0.579945114934,2,0.00991608391608,0.0042492917847,4,0.000514800514801,0.505660968661,37,37,37,1,0,0.72972972973,0.243243243243,0.027027027027,37,197,0.147897897898,1.32432432432,10.6486486486,19.7,5.47222222222,7.52114137399,0.706300078268,0.329949238579,9.37210415736,1.7602429128,0.76663465496,2.78940509442,0.523898418749,0.275483605433,0.579945114934,0.437917739848,2,1.32432432432,0.579945114934,2,0.012274527405,0.00719424460432,7,0.000900900900901,0.512327635328,37,37,37,1,0,0.72972972973,0.243243243243,0.027027027027,-19,-0.0142642642643,0,-1.02702702703,-1.9,-0.527777777778,-0.677957675613,0.00406242818638,0.0198891785186,-0.957232471643,-0.00913419494235,0.00136938969426,-0.297426376283,-0.00486437947336,0.0227308526801,0,0,0,0,0,0,0.000104401234836,0.00122154835858,0,0,-0.108868945869,0,0,0,197,0,19,1116,0.912037037037,1,0,0.087962962963,1,0.912037037037,0.953995157385,0.946979121566,0.912037037037,0.912037037037,3,22,0,0,0,0
4034,WLNM_dir_neg,1,0.909090909091,00:00:03,10,90,49,1238804673,threshold_sweep,0.2,1,0.136363636364,0.24,3,0,19,44,0.136363636364,1,0,0.863636363636,1,0.136363636364,0.24,0.712121212121,0.651515151515,0.173913043478,0.308606699924,0.136363636364,216,194,22,0,216,0,194,0,22,37,216,0.162162162162,1.32432432432,11.6756756757,21.6,6,8.1990990496,0.702237650082,0.31006006006,10.329336629,1.76937710775,0.765265265265,3.0868314707,0.528762798222,0.252752752753,0.579945114934,0.437917739848,2,1.32432432432,0.579945114934,2,0.0121701261701,0.00597269624573,7,0.000900900900901,0.621196581197,37,37,37,1,0,0.72972972973,0.243243243243,0.027027027027,37,0.145645645646,1.32432432432,10.4864864865,19.4,5.38888888889,7.39226931636,0.704932898725,0.326414042909,9.34643546256,1.78256758822,0.770409584843,2.90024333659,0.55313919306,0.289774310393,0.579945114934,0.437917739848,2,1.32432432432,0.579945114934,2,0.00991608391608,0.0042492917847,4,0.000514800514801,0.505660968661,37,37,37,1,0,0.72972972973,0.243243243243,0.027027027027,37,197,0.147897897898,1.32432432432,10.6486486486,19.7,5.47222222222,7.52114137399,0.706300078268,0.329949238579,9.37210415736,1.7602429128,0.76663465496,2.78940509442,0.523898418749,0.275483605433,0.579945114934,0.437917739848,2,1.32432432432,0.579945114934,2,0.012274527405,0.00719424460432,7,0.000900900900901,0.512327635328,37,37,37,1,0,0.72972972973,0.243243243243,0.027027027027,-19,-0.0142642642643,0,-1.02702702703,-1.9,-0.527777777778,-0.677957675613,0.00406242818638,0.0198891785186,-0.957232471643,-0.00913419494235,0.00136938969426,-0.297426376283,-0.00486437947336,0.0227308526801,0,0,0,0,0,0,0.000104401234836,0.00122154835858,0,0,-0.108868945869,0,0,0,197,0,19,1116,0.912037037037,1,0,0.087962962963,1,0.912037037037,0.953995157385,0.946979121566,0.912037037037,0.912037037037,3,22,0,0,0,0
4035,WLNM_dir_neg,1,0.909090909091,00:00:03,10,90,49,1238804673,threshold_sweep,0.3,1,0.136363636364,0.24,3,0,19,44,0.136363636364,1,0,0.863636363636,1,0.136363636364,0.24,0.712121212121,0.651515151515,0.173913043478,0.308606699924,0.136363636364,216,194,22,0,216,0,194,0,22,37,216,0.162162162162,1.32432432432,11.6756756757,21.6,6,8.1990990496,0.702237650082,0.31006006006,10.329336629,1.76937710775,0.765265265265,3.0868314707,0.528762798222,0.252752752753,0.579945114934,0.437917739848,2,1.32432432432,0.579945114934,2,0.0121701261701,0.00597269624573,7,0.000900900900901,0.621196581197,37,37,37,1,0,0.72972972973,0.243243243243,0.027027027027,37,0.145645645646,1.32432432432,10.4864864865,19.4,5.38888888889,7.39226931636,0.704932898725,0.326414042909,9.34643546256,1.78256758822,0.770409584843,2.90024333659,0.55313919306,0.289774310393,0.579945114934,0.437917739848,2,1.32432432432,0.579945114934,2,0.00991608391608,0.0042492917847,4,0.000514800514801,0.505660968661,37,37,37,1,0,0.72972972973,0.243243243243,0.027027027027,37,197,0.147897897898,1.32432432432,10.6486486486,19.7,5.47222222222,7.52114137399,0.706300078268,0.329949238579,9.37210415736,1.7602429128,0.76663465496,2.78940509442,0.523898418749,0.275483605433,0.579945114934,0.437917739848,2,1.32432432432,0.579945114934,2,0.012274527405,0.00719424460432,7,0.000900900900901,0.512327635328,37,37,37,1,0,0.72972972973,0.243243243243,0.027027027027,-19,-0.0142642642643,0,-1.02702702703,-1.9,-0.527777777778,-0.677957675613,0.00406242818638,0.0198891785186,-0.957232471643,-0.00913419494235,0.00136938969426,-0.297426376283,-0.00486437947336,0.0227308526801,0,0,0,0,0,0,0.000104401234836,0.00122154835858,0,0,-0.108868945869,0,0,0,197,0,19,1116,0.912037037037,1,0,0.087962962963,1,0.912037037037,0.953995157385,0.946979121566,0.912037037037,0.912037037037,3,22,0,0,0,0
4036,WLNM_dir_neg,1,0.909090909091,00:00:03,10,90,49,1238804673,threshold_sweep,0.4,1,0.136363636364,0.24,3,0,19,44,0.136363636364,1,0,0.863636363636,1,0.136363636364,0.24,0.712121212121,0.651515151515,0.173913043478,0.308606699924,0.136363636364,216,194,22,0,216,0,194,0,22,37,216,0.162162162162,1.32432432432,11.6756756757,21.6,6,8.1990990496,0.702237650082,0.31006006006,10.329336629,1.76937710775,0.765265265265,3.0868314707,0.528762798222,0.252752752753,0.579945114934,0.437917739848,2,1.32432432432,0.579945114934,2,0.0121701261701,0.00597269624573,7,0.000900900900901,0.621196581197,37,37,37,1,0,0.72972972973,0.243243243243,0.027027027027,37,0.145645645646,1.32432432432,10.4864864865,19.4,5.38888888889,7.39226931636,0.704932898725,0.326414042909,9.34643546256,1.78256758822,0.770409584843,2.90024333659,0.55313919306,0.289774310393,0.579945114934,0.437917739848,2,1.32432432432,0.579945114934,2,0.00991608391608,0.0042492917847,4,0.000514800514801,0.505660968661,37,37,37,1,0,0.72972972973,0.243243243243,0.027027027027,37,197,0.147897897898,1.32432432432,10.6486486486,19.7,5.47222222222,7.52114137399,0.706300078268,0.329949238579,9.37210415736,1.7602429128,0.76663465496,2.78940509442,0.523898418749,0.275483605433,0.579945114934,0.437917739848,2,1.32432432432,0.579945114934,2,0.012274527405,0.00719424460432,7,0.000900900900901,0.512327635328,37,37,37,1,0,0.72972972973,0.243243243243,0.027027027027,-19,-0.0142642642643,0,-1.02702702703,-1.9,-0.527777777778,-0.677957675613,0.00406242818638,0.0198891785186,-0.957232471643,-0.00913419494235,0.00136938969426,-0.297426376283,-0.00486437947336,0.0227308526801,0,0,0,0,0,0,0.000104401234836,0.00122154835858,0,0,-0.108868945869,0,0,0,197,0,19,1116,0.912037037037,1,0,0.087962962963,1,0.912037037037,0.953995157385,0.946979121566,0.912037037037,0.912037037037,3,22,0,0,0,0
4037,WLNM_dir_neg,1,0.909090909091,00:00:03,10,90,49,1238804673,threshold_sweep,0.5,1,0.136363636364,0.24,3,0,19,44,0.136363636364,1,0,0.863636363636,1,0.136363636364,0.24,0.712121212121,0.651515151515,0.173913043478,0.308606699924,0.136363636364,216,194,22,0,216,0,194,0,22,37,216,0.162162162162,1.32432432432,11.6756756757,21.6,6,8.1990990496,0.702237650082,0.31006006006,10.329336629,1.76937710775,0.765265265265,3.0868314707,0.528762798222,0.252752752753,0.579945114934,0.437917739848,2,1.32432432432,0.579945114934,2,0.0121701261701,0.00597269624573,7,0.000900900900901,0.621196581197,37,37,37,1,0,0.72972972973,0.243243243243,0.027027027027,37,0.145645645646,1.32432432432,10.4864864865,19.4,5.38888888889,7.39226931636,0.704932898725,0.326414042909,9.34643546256,1.78256758822,0.770409584843,2.90024333659,0.55313919306,0.289774310393,0.579945114934,0.437917739848,2,1.32432432432,0.579945114934,2,0.00991608391608,0.0042492917847,4,0.000514800514801,0.505660968661,37,37,37,1,0,0.72972972973,0.243243243243,0.027027027027,37,197,0.147897897898,1.32432432432,10.6486486486,19.7,5.47222222222,7.52114137399,0.706300078268,0.329949238579,9.37210415736,1.7602429128,0.76663465496,2.78940509442,0.523898418749,0.275483605433,0.579945114934,0.437917739848,2,1.32432432432,0.579945114934,2,0.012274527405,0.00719424460432,7,0.000900900900901,0.512327635328,37,37,37,1,0,0.72972972973,0.243243243243,0.027027027027,-19,-0.0142642642643,0,-1.02702702703,-1.9,-0.527777777778,-0.677957675613,0.00406242818638,0.0198891785186,-0.957232471643,-0.00913419494235,0.00136938969426,-0.297426376283,-0.00486437947336,0.0227308526801,0,0,0,0,0,0,0.000104401234836,0.00122154835858,0,0,-0.108868945869,0,0,0,197,0,19,1116,0.912037037037,1,0,0.087962962963,1,0.912037037037,0.953995157385,0.946979121566,0.912037037037,0.912037037037,3,22,0,0,0,0
4038,WLNM_dir_neg,1,0.909090909091,00:00:03,10,90,49,1238804673,threshold_sweep,0.6,1,0.0909090909091,0.166666666667,2,0,20,44,0.0909090909091,1,0,0.909090909091,1,0.0909090909091,0.166666666667,0.69696969697,0.656565656566,0.117647058824,0.25,0.0909090909091,216,194,22,0,216,0,194,0,22,37,216,0.162162162162,1.32432432432,11.6756756757,21.6,6,8.1990990496,0.702237650082,0.31006006006,10.329336629,1.76937710775,0.765265265265,3.0868314707,0.528762798222,0.252752752753,0.579945114934,0.437917739848,2,1.32432432432,0.579945114934,2,0.0121701261701,0.00597269624573,7,0.000900900900901,0.621196581197,37,37,37,1,0,0.72972972973,0.243243243243,0.027027027027,37,0.145645645646,1.32432432432,10.4864864865,19.4,5.38888888889,7.39226931636,0.704932898725,0.326414042909,9.34643546256,1.78256758822,0.770409584843,2.90024333659,0.55313919306,0.289774310393,0.579945114934,0.437917739848,2,1.32432432432,0.579945114934,2,0.00991608391608,0.0042492917847,4,0.000514800514801,0.505660968661,37,37,37,1,0,0.72972972973,0.243243243243,0.027027027027,37,196,0.147147147147,1.32432432432,10.5945945946,19.6,5.44444444444,7.47759415952,0.705793326281,0.329564258136,9.36857888211,1.76855825836,0.76806398235,2.82709966087,0.533687180879,0.280474351903,0.579945114934,0.437917739848,2,1.32432432432,0.579945114934,2,0.0125721028454,0.00623484586076,6,0.000772200772201,0.510105413105,37,37,37,1,0,0.72972972973,0.243243243243,0.027027027027,-20,-0.015015015015,0,-1.08108108108,-2,-0.555555555556,-0.721504890089,0.0035556761989,0.0195041980756,-0.960757746892,-0.000818849388297,0.00279871708443,-0.259731809834,0.00492438265612,0.0277215991502,0,0,0,0,0,0,0.000401976675269,0.000262149615021,-1,-0.0001287001287,-0.111091168091,0,0,0,196,0,20,1116,0.907407407407,1,0,0.0925925925926,1,0.907407407407,0.95145631068,0.944156726864,0.907407407407,0.907407407407,2,22,0,0,0,0
4039,WLNM_dir_neg,1,0.909090909091,00:00:03,10,90,49,1238804673,threshold_sweep,0.7,1,0.0909090909091,0.166666666667,2,0,20,44,0.0909090909091,1,0,0.909090909091,1,0.0909090909091,0.166666666667,0.69696969697,0.656565656566,0.117647058824,0.25,0.0909090909091,216,194,22,0,216,0,194,0,22,37,216,0.162162162162,1.32432432432,11.6756756757,21.6,6,8.1990990496,0.702237650082,0.31006006006,10.329336629,1.76937710775,0.765265265265,3.0868314707,0.528762798222,0.252752752753,0.579945114934,0.437917739848,2,1.32432432432,0.579945114934,2,0.0121701261701,0.00597269624573,7,0.000900900900901,0.621196581197,37,37,37,1,0,0.72972972973,0.243243243243,0.027027027027,37,0.145645645646,1.32432432432,10.4864864865,19.4,5.38888888889,7.39226931636,0.704932898725,0.326414042909,9.34643546256,1.78256758822,0.770409584843,2.90024333659,0.55313919306,0.289774310393,0.579945114934,0.437917739848,2,1.32432432432,0.579945114934,2,0.00991608391608,0.0042492917847,4,0.000514800514801,0.505660968661,37,37,37,1,0,0.72972972973,0.243243243243,0.027027027027,37,196,0.147147147147,1.32432432432,10.5945945946,19.6,5.44444444444,7.47759415952,0.705793326281,0.329564258136,9.36857888211,1.76855825836,0.76806398235,2.82709966087,0.533687180879,0.280474351903,0.579945114934,0.437917739848,2,1.32432432432,0.579945114934,2,0.0125721028454,0.00623484586076,6,0.000772200772201,0.510105413105,37,37,37,1,0,0.72972972973,0.243243243243,0.027027027027,-20,-0.015015015015,0,-1.08108108108,-2,-0.555555555556,-0.721504890089,0.0035556761989,0.0195041980756,-0.960757746892,-0.000818849388297,0.00279871708443,-0.259731809834,0.00492438265612,0.0277215991502,0,0,0,0,0,0,0.000401976675269,0.000262149615021,-1,-0.0001287001287,-0.111091168091,0,0,0,196,0,20,1116,0.907407407407,1,0,0.0925925925926,1,0.907407407407,0.95145631068,0.944156726864,0.907407407407,0.907407407407,2,22,0,0,0,0
4040,WLNM_dir_neg,1,0.909090909091,00:00:03,10,90,49,1238804673,threshold_sweep,0.8,1,0.0909090909091,0.166666666667,2,0,20,44,0.0909090909091,1,0,0.909090909091,1,0.0909090909091,0.166666666667,0.69696969697,0.656565656566,0.117647058824,0.25,0.0909090909091,216,194,22,0,216,0,194,0,22,37,216,0.162162162162,1.32432432432,11.6756756757,21.6,6,8.1990990496,0.702237650082,0.31006006006,10.329336629,1.76937710775,0.765265265265,3.0868314707,0.528762798222,0.252752752753,0.579945114934,0.437917739848,2,1.32432432432,0.579945114934,2,0.0121701261701,0.00597269624573,7,0.000900900900901,0.621196581197,37,37,37,1,0,0.72972972973,0.243243243243,0.027027027027,37,0.145645645646,1.32432432432,10.4864864865,19.4,5.38888888889,7.39226931636,0.704932898725,0.326414042909,9.34643546256,1.78256758822,0.770409584843,2.90024333659,0.55313919306,0.289774310393,0.579945114934,0.437917739848,2,1.32432432432,0.579945114934,2,0.00991608391608,0.0042492917847,4,0.000514800514801,0.505660968661,37,37,37,1,0,0.72972972973,0.243243243243,0.027027027027,37,196,0.147147147147,1.32432432432,10.5945945946,19.6,5.44444444444,7.47759415952,0.705793326281,0.329564258136,9.36857888211,1.76855825836,0.76806398235,2.82709966087,0.533687180879,0.280474351903,0.579945114934,0.437917739848,2,1.32432432432,0.579945114934,2,0.0125721028454,0.00623484586076,6,0.000772200772201,0.510105413105,37,37,37,1,0,0.72972972973,0.243243243243,0.027027027027,-20,-0.015015015015,0,-1.08108108108,-2,-0.555555555556,-0.721504890089,0.0035556761989,0.0195041980756,-0.960757746892,-0.000818849388297,0.00279871708443,-0.259731809834,0.00492438265612,0.0277215991502,0,0,0,0,0,0,0.000401976675269,0.000262149615021,-1,-0.0001287001287,-0.111091168091,0,0,0,196,0,20,1116,0.907407407407,1,0,0.0925925925926,1,0.907407407407,0.95145631068,0.944156726864,0.907407407407,0.907407407407,2,22,0,0,0,0
4041,WLNM_dir_neg,1,0.909090909091,00:00:03,10,90,49,1238804673,threshold_sweep,0.9,1,0.0909090909091,0.166666666667,2,0,20,44,0.0909090909091,1,0,0.909090909091,1,0.0909090909091,0.166666666667,0.69696969697,0.656565656566,0.117647058824,0.25,0.0909090909091,216,194,22,0,216,0,194,0,22,37,216,0.162162162162,1.32432432432,11.6756756757,21.6,6,8.1990990496,0.702237650082,0.31006006006,10.329336629,1.76937710775,0.765265265265,3.0868314707,0.528762798222,0.252752752753,0.579945114934,0.437917739848,2,1.32432432432,0.579945114934,2,0.0121701261701,0.00597269624573,7,0.000900900900901,0.621196581197,37,37,37,1,0,0.72972972973,0.243243243243,0.027027027027,37,0.145645645646,1.32432432432,10.4864864865,19.4,5.38888888889,7.39226931636,0.704932898725,0.326414042909,9.34643546256,1.78256758822,0.770409584843,2.90024333659,0.55313919306,0.289774310393,0.579945114934,0.437917739848,2,1.32432432432,0.579945114934,2,0.00991608391608,0.0042492917847,4,0.000514800514801,0.505660968661,37,37,37,1,0,0.72972972973,0.243243243243,0.027027027027,37,196,0.147147147147,1.32432432432,10.5945945946,19.6,5.44444444444,7.47759415952,0.705793326281,0.329564258136,9.36857888211,1.76855825836,0.76806398235,2.82709966087,0.533687180879,0.280474351903,0.579945114934,0.437917739848,2,1.32432432432,0.579945114934,2,0.0125721028454,0.00623484586076,6,0.000772200772201,0.510105413105,37,37,37,1,0,0.72972972973,0.243243243243,0.027027027027,-20,-0.015015015015,0,-1.08108108108,-2,-0.555555555556,-0.721504890089,0.0035556761989,0.0195041980756,-0.960757746892,-0.000818849388297,0.00279871708443,-0.259731809834,0.00492438265612,0.0277215991502,0,0,0,0,0,0,0.000401976675269,0.000262149615021,-1,-0.0001287001287,-0.111091168091,0,0,0,196,0,20,1116,0.907407407407,1,0,0.0925925925926,1,0.907407407407,0.95145631068,0.944156726864,0.907407407407,0.907407407407,2,22,0,0,0,0
4042,WLNM_dir_neg,1,0,00:00:03,10,90,50,1238804674,threshold_sweep,0.1,0,0,0,0,0,22,44,0,1,0,1,0,0,0,0.666666666667,0.666666666667,0,0,0,216,194,22,0,216,0,194,0,22,37,216,0.162162162162,1.32432432432,11.6756756757,21.6,6,8.1990990496,0.702237650082,0.31006006006,10.329336629,1.76937710775,0.765265265265,3.0868314707,0.528762798222,0.252752752753,0.579945114934,0.437917739848,2,1.32432432432,0.579945114934,2,0.0121701261701,0.00597269624573,7,0.000900900900901,0.621196581197,37,37,37,1,0,0.72972972973,0.243243243243,0.027027027027,37,0.145645645646,1.32432432432,10.4864864865,19.4,5.38888888889,7.40728478377,0.706364786081,0.333101142379,9.21473881406,1.75745018619,0.76539426024,2.76290311695,0.52694543983,0.28113680691,0.579945114934,0.437917739848,2,1.32432432432,0.579945114934,2,0.0123083900227,0.00742574257426,7,0.000900900900901,0.499934472934,37,37,37,1,0,0.72972972973,0.243243243243,0.027027027027,37,194,0.145645645646,1.32432432432,10.4864864865,19.4,5.38888888889,7.40728478377,0.706364786081,0.333101142379,9.21473881406,1.75745018619,0.76539426024,2.76290311695,0.52694543983,0.28113680691,0.579945114934,0.437917739848,2,1.32432432432,0.579945114934,2,0.0123083900227,0.00742574257426,7,0.000900900900901,0.499934472934,37,37,37,1,0,0.72972972973,0.243243243243,0.027027027027,-22,-0.0165165165165,0,-1.18918918919,-2.2,-0.611111111111,-0.791814265835,0.00412713599928,0.0230410823194,-1.11459781494,-0.0119269215579,0.000128994974356,-0.323928353757,-0.00181735839241,0.0283840541572,0,0,0,0,0,0,0.00013826385255,0.00145304632852,0,0,-0.121262108262,0,0,0,194,0,22,1116,0.898148148148,1,0,0.101851851852,1,0.898148148148,0.946341463415,0.938501466663,0.898148148148,0.898148148148,0,22,0,0,0,0
4043,WLNM_dir_neg,1,0,00:00:03,10,90,50,1238804674,threshold_sweep,0.2,0,0,0,0,0,22,44,0,1,0,1,0,0,0,0.666666666667,0.666666666667,0,0,0,216,194,22,0,216,0,194,0,22,37,216,0.162162162162,1.32432432432,11.6756756757,21.6,6,8.1990990496,0.702237650082,0.31006006006,10.329336629,1.76937710775,0.765265265265,3.0868314707,0.528762798222,0.252752752753,0.579945114934,0.437917739848,2,1.32432432432,0.579945114934,2,0.0121701261701,0.00597269624573,7,0.000900900900901,0.621196581197,37,37,37,1,0,0.72972972973,0.243243243243,0.027027027027,37,0.145645645646,1.32432432432,10.4864864865,19.4,5.38888888889,7.40728478377,0.706364786081,0.333101142379,9.21473881406,1.75745018619,0.76539426024,2.76290311695,0.52694543983,0.28113680691,0.579945114934,0.437917739848,2,1.32432432432,0.579945114934,2,0.0123083900227,0.00742574257426,7,0.000900900900901,0.499934472934,37,37,37,1,0,0.72972972973,0.243243243243,0.027027027027,37,194,0.145645645646,1.32432432432,10.4864864865,19.4,5.38888888889,7.40728478377,0.706364786081,0.333101142379,9.21473881406,1.75745018619,0.76539426024,2.76290311695,0.52694543983,0.28113680691,0.579945114934,0.437917739848,2,1.32432432432,0.579945114934,2,0.0123083900227,0.00742574257426,7,0.000900900900901,0.499934472934,37,37,37,1,0,0.72972972973,0.243243243243,0.027027027027,-22,-0.0165165165165,0,-1.18918918919,-2.2,-0.611111111111,-0.791814265835,0.00412713599928,0.0230410823194,-1.11459781494,-0.0119269215579,0.000128994974356,-0.323928353757,-0.00181735839241,0.0283840541572,0,0,0,0,0,0,0.00013826385255,0.00145304632852,0,0,-0.121262108262,0,0,0,194,0,22,1116,0.898148148148,1,0,0.101851851852,1,0.898148148148,0.946341463415,0.938501466663,0.898148148148,0.898148148148,0,22,0,0,0,0
4044,WLNM_dir_neg,1,0,00:00:03,10,90,50,1238804674,threshold_sweep,0.3,0,0,0,0,0,22,44,0,1,0,1,0,0,0,0.666666666667,0.666666666667,0,0,0,216,194,22,0,216,0,194,0,22,37,216,0.162162162162,1.32432432432,11.6756756757,21.6,6,8.1990990496,0.702237650082,0.31006006006,10.329336629,1.76937710775,0.765265265265,3.0868314707,0.528762798222,0.252752752753,0.579945114934,0.437917739848,2,1.32432432432,0.579945114934,2,0.0121701261701,0.00597269624573,7,0.000900900900901,0.621196581197,37,37,37,1,0,0.72972972973,0.243243243243,0.027027027027,37,0.145645645646,1.32432432432,10.4864864865,19.4,5.38888888889,7.40728478377,0.706364786081,0.333101142379,9.21473881406,1.75745018619,0.76539426024,2.76290311695,0.52694543983,0.28113680691,0.579945114934,0.437917739848,2,1.32432432432,0.579945114934,2,0.0123083900227,0.00742574257426,7,0.000900900900901,0.499934472934,37,37,37,1,0,0.72972972973,0.243243243243,0.027027027027,37,194,0.145645645646,1.32432432432,10.4864864865,19.4,5.38888888889,7.40728478377,0.706364786081,0.333101142379,9.21473881406,1.75745018619,0.76539426024,2.76290311695,0.52694543983,0.28113680691,0.579945114934,0.437917739848,2,1.32432432432,0.579945114934,2,0.0123083900227,0.00742574257426,7,0.000900900900901,0.499934472934,37,37,37,1,0,0.72972972973,0.243243243243,0.027027027027,-22,-0.0165165165165,0,-1.18918918919,-2.2,-0.611111111111,-0.791814265835,0.00412713599928,0.0230410823194,-1.11459781494,-0.0119269215579,0.000128994974356,-0.323928353757,-0.00181735839241,0.0283840541572,0,0,0,0,0,0,0.00013826385255,0.00145304632852,0,0,-0.121262108262,0,0,0,194,0,22,1116,0.898148148148,1,0,0.101851851852,1,0.898148148148,0.946341463415,0.938501466663,0.898148148148,0.898148148148,0,22,0,0,0,0
4045,WLNM_dir_neg,1,0,00:00:03,10,90,50,1238804674,threshold_sweep,0.4,0,0,0,0,0,22,44,0,1,0,1,0,0,0,0.666666666667,0.666666666667,0,0,0,216,194,22,0,216,0,194,0,22,37,216,0.162162162162,1.32432432432,11.6756756757,21.6,6,8.1990990496,0.702237650082,0.31006006006,10.329336629,1.76937710775,0.765265265265,3.0868314707,0.528762798222,0.252752752753,0.579945114934,0.437917739848,2,1.32432432432,0.579945114934,2,0.0121701261701,0.00597269624573,7,0.000900900900901,0.621196581197,37,37,37,1,0,0.72972972973,0.243243243243,0.027027027027,37,0.145645645646,1.32432432432,10.4864864865,19.4,5.38888888889,7.40728478377,0.706364786081,0.333101142379,9.21473881406,1.75745018619,0.76539426024,2.76290311695,0.52694543983,0.28113680691,0.579945114934,0.437917739848,2,1.32432432432,0.579945114934,2,0.0123083900227,0.00742574257426,7,0.000900900900901,0.499934472934,37,37,37,1,0,0.72972972973,0.243243243243,0.027027027027,37,194,0.145645645646,1.32432432432,10.4864864865,19.4,5.38888888889,7.40728478377,0.706364786081,0.333101142379,9.21473881406,1.75745018619,0.76539426024,2.76290311695,0.52694543983,0.28113680691,0.579945114934,0.437917739848,2,1.32432432432,0.579945114934,2,0.0123083900227,0.00742574257426,7,0.000900900900901,0.499934472934,37,37,37,1,0,0.72972972973,0.243243243243,0.027027027027,-22,-0.0165165165165,0,-1.18918918919,-2.2,-0.611111111111,-0.791814265835,0.00412713599928,0.0230410823194,-1.11459781494,-0.0119269215579,0.000128994974356,-0.323928353757,-0.00181735839241,0.0283840541572,0,0,0,0,0,0,0.00013826385255,0.00145304632852,0,0,-0.121262108262,0,0,0,194,0,22,1116,0.898148148148,1,0,0.101851851852,1,0.898148148148,0.946341463415,0.938501466663,0.898148148148,0.898148148148,0,22,0,0,0,0
4046,WLNM_dir_neg,1,0,00:00:03,10,90,50,1238804674,threshold_sweep,0.5,0,0,0,0,0,22,44,0,1,0,1,0,0,0,0.666666666667,0.666666666667,0,0,0,216,194,22,0,216,0,194,0,22,37,216,0.162162162162,1.32432432432,11.6756756757,21.6,6,8.1990990496,0.702237650082,0.31006006006,10.329336629,1.76937710775,0.765265265265,3.0868314707,0.528762798222,0.252752752753,0.579945114934,0.437917739848,2,1.32432432432,0.579945114934,2,0.0121701261701,0.00597269624573,7,0.000900900900901,0.621196581197,37,37,37,1,0,0.72972972973,0.243243243243,0.027027027027,37,0.145645645646,1.32432432432,10.4864864865,19.4,5.38888888889,7.40728478377,0.706364786081,0.333101142379,9.21473881406,1.75745018619,0.76539426024,2.76290311695,0.52694543983,0.28113680691,0.579945114934,0.437917739848,2,1.32432432432,0.579945114934,2,0.0123083900227,0.00742574257426,7,0.000900900900901,0.499934472934,37,37,37,1,0,0.72972972973,0.243243243243,0.027027027027,37,194,0.145645645646,1.32432432432,10.4864864865,19.4,5.38888888889,7.40728478377,0.706364786081,0.333101142379,9.21473881406,1.75745018619,0.76539426024,2.76290311695,0.52694543983,0.28113680691,0.579945114934,0.437917739848,2,1.32432432432,0.579945114934,2,0.0123083900227,0.00742574257426,7,0.000900900900901,0.499934472934,37,37,37,1,0,0.72972972973,0.243243243243,0.027027027027,-22,-0.0165165165165,0,-1.18918918919,-2.2,-0.611111111111,-0.791814265835,0.00412713599928,0.0230410823194,-1.11459781494,-0.0119269215579,0.000128994974356,-0.323928353757,-0.00181735839241,0.0283840541572,0,0,0,0,0,0,0.00013826385255,0.00145304632852,0,0,-0.121262108262,0,0,0,194,0,22,1116,0.898148148148,1,0,0.101851851852,1,0.898148148148,0.946341463415,0.938501466663,0.898148148148,0.898148148148,0,22,0,0,0,0
4047,WLNM_dir_neg,1,0,00:00:03,10,90,50,1238804674,threshold_sweep,0.6,0,0,0,0,0,22,44,0,1,0,1,0,0,0,0.666666666667,0.666666666667,0,0,0,216,194,22,0,216,0,194,0,22,37,216,0.162162162162,1.32432432432,11.6756756757,21.6,6,8.1990990496,0.702237650082,0.31006006006,10.329336629,1.76937710775,0.765265265265,3.0868314707,0.528762798222,0.252752752753,0.579945114934,0.437917739848,2,1.32432432432,0.579945114934,2,0.0121701261701,0.00597269624573,7,0.000900900900901,0.621196581197,37,37,37,1,0,0.72972972973,0.243243243243,0.027027027027,37,0.145645645646,1.32432432432,10.4864864865,19.4,5.38888888889,7.40728478377,0.706364786081,0.333101142379,9.21473881406,1.75745018619,0.76539426024,2.76290311695,0.52694543983,0.28113680691,0.579945114934,0.437917739848,2,1.32432432432,0.579945114934,2,0.0123083900227,0.00742574257426,7,0.000900900900901,0.499934472934,37,37,37,1,0,0.72972972973,0.243243243243,0.027027027027,37,194,0.145645645646,1.32432432432,10.4864864865,19.4,5.38888888889,7.40728478377,0.706364786081,0.333101142379,9.21473881406,1.75745018619,0.76539426024,2.76290311695,0.52694543983,0.28113680691,0.579945114934,0.437917739848,2,1.32432432432,0.579945114934,2,0.0123083900227,0.00742574257426,7,0.000900900900901,0.499934472934,37,37,37,1,0,0.72972972973,0.243243243243,0.027027027027,-22,-0.0165165165165,0,-1.18918918919,-2.2,-0.611111111111,-0.791814265835,0.00412713599928,0.0230410823194,-1.11459781494,-0.0119269215579,0.000128994974356,-0.323928353757,-0.00181735839241,0.0283840541572,0,0,0,0,0,0,0.00013826385255,0.00145304632852,0,0,-0.121262108262,0,0,0,194,0,22,1116,0.898148148148,1,0,0.101851851852,1,0.898148148148,0.946341463415,0.938501466663,0.898148148148,0.898148148148,0,22,0,0,0,0
4048,WLNM_dir_neg,1,0,00:00:03,10,90,50,1238804674,threshold_sweep,0.7,0,0,0,0,0,22,44,0,1,0,1,0,0,0,0.666666666667,0.666666666667,0,0,0,216,194,22,0,216,0,194,0,22,37,216,0.162162162162,1.32432432432,11.6756756757,21.6,6,8.1990990496,0.702237650082,0.31006006006,10.329336629,1.76937710775,0.765265265265,3.0868314707,0.528762798222,0.252752752753,0.579945114934,0.437917739848,2,1.32432432432,0.579945114934,2,0.0121701261701,0.00597269624573,7,0.000900900900901,0.621196581197,37,37,37,1,0,0.72972972973,0.243243243243,0.027027027027,37,0.145645645646,1.32432432432,10.4864864865,19.4,5.38888888889,7.40728478377,0.706364786081,0.333101142379,9.21473881406,1.75745018619,0.76539426024,2.76290311695,0.52694543983,0.28113680691,0.579945114934,0.437917739848,2,1.32432432432,0.579945114934,2,0.0123083900227,0.00742574257426,7,0.000900900900901,0.499934472934,37,37,37,1,0,0.72972972973,0.243243243243,0.027027027027,37,194,0.145645645646,1.32432432432,10.4864864865,19.4,5.38888888889,7.40728478377,0.706364786081,0.333101142379,9.21473881406,1.75745018619,0.76539426024,2.76290311695,0.52694543983,0.28113680691,0.579945114934,0.437917739848,2,1.32432432432,0.579945114934,2,0.0123083900227,0.00742574257426,7,0.000900900900901,0.499934472934,37,37,37,1,0,0.72972972973,0.243243243243,0.027027027027,-22,-0.0165165165165,0,-1.18918918919,-2.2,-0.611111111111,-0.791814265835,0.00412713599928,0.0230410823194,-1.11459781494,-0.0119269215579,0.000128994974356,-0.323928353757,-0.00181735839241,0.0283840541572,0,0,0,0,0,0,0.00013826385255,0.00145304632852,0,0,-0.121262108262,0,0,0,194,0,22,1116,0.898148148148,1,0,0.101851851852,1,0.898148148148,0.946341463415,0.938501466663,0.898148148148,0.898148148148,0,22,0,0,0,0
4049,WLNM_dir_neg,1,0,00:00:03,10,90,50,1238804674,threshold_sweep,0.8,0,0,0,0,0,22,44,0,1,0,1,0,0,0,0.666666666667,0.666666666667,0,0,0,216,194,22,0,216,0,194,0,22,37,216,0.162162162162,1.32432432432,11.6756756757,21.6,6,8.1990990496,0.702237650082,0.31006006006,10.329336629,1.76937710775,0.765265265265,3.0868314707,0.528762798222,0.252752752753,0.579945114934,0.437917739848,2,1.32432432432,0.579945114934,2,0.0121701261701,0.00597269624573,7,0.000900900900901,0.621196581197,37,37,37,1,0,0.72972972973,0.243243243243,0.027027027027,37,0.145645645646,1.32432432432,10.4864864865,19.4,5.38888888889,7.40728478377,0.706364786081,0.333101142379,9.21473881406,1.75745018619,0.76539426024,2.76290311695,0.52694543983,0.28113680691,0.579945114934,0.437917739848,2,1.32432432432,0.579945114934,2,0.0123083900227,0.00742574257426,7,0.000900900900901,0.499934472934,37,37,37,1,0,0.72972972973,0.243243243243,0.027027027027,37,194,0.145645645646,1.32432432432,10.4864864865,19.4,5.38888888889,7.40728478377,0.706364786081,0.333101142379,9.21473881406,1.75745018619,0.76539426024,2.76290311695,0.52694543983,0.28113680691,0.579945114934,0.437917739848,2,1.32432432432,0.579945114934,2,0.0123083900227,0.00742574257426,7,0.000900900900901,0.499934472934,37,37,37,1,0,0.72972972973,0.243243243243,0.027027027027,-22,-0.0165165165165,0,-1.18918918919,-2.2,-0.611111111111,-0.791814265835,0.00412713599928,0.0230410823194,-1.11459781494,-0.0119269215579,0.000128994974356,-0.323928353757,-0.00181735839241,0.0283840541572,0,0,0,0,0,0,0.00013826385255,0.00145304632852,0,0,-0.121262108262,0,0,0,194,0,22,1116,0.898148148148,1,0,0.101851851852,1,0.898148148148,0.946341463415,0.938501466663,0.898148148148,0.898148148148,0,22,0,0,0,0
4050,WLNM_dir_neg,1,0,00:00:03,10,90,50,1238804674,threshold_sweep,0.9,0,0,0,0,0,22,44,0,1,0,1,0,0,0,0.666666666667,0.666666666667,0,0,0,216,194,22,0,216,0,194,0,22,37,216,0.162162162162,1.32432432432,11.6756756757,21.6,6,8.1990990496,0.702237650082,0.31006006006,10.329336629,1.76937710775,0.765265265265,3.0868314707,0.528762798222,0.252752752753,0.579945114934,0.437917739848,2,1.32432432432,0.579945114934,2,0.0121701261701,0.00597269624573,7,0.000900900900901,0.621196581197,37,37,37,1,0,0.72972972973,0.243243243243,0.027027027027,37,0.145645645646,1.32432432432,10.4864864865,19.4,5.38888888889,7.40728478377,0.706364786081,0.333101142379,9.21473881406,1.75745018619,0.76539426024,2.76290311695,0.52694543983,0.28113680691,0.579945114934,0.437917739848,2,1.32432432432,0.579945114934,2,0.0123083900227,0.00742574257426,7,0.000900900900901,0.499934472934,37,37,37,1,0,0.72972972973,0.243243243243,0.027027027027,37,194,0.145645645646,1.32432432432,10.4864864865,19.4,5.38888888889,7.40728478377,0.706364786081,0.333101142379,9.21473881406,1.75745018619,0.76539426024,2.76290311695,0.52694543983,0.28113680691,0.579945114934,0.437917739848,2,1.32432432432,0.579945114934,2,0.0123083900227,0.00742574257426,7,0.000900900900901,0.499934472934,37,37,37,1,0,0.72972972973,0.243243243243,0.027027027027,-22,-0.0165165165165,0,-1.18918918919,-2.2,-0.611111111111,-0.791814265835,0.00412713599928,0.0230410823194,-1.11459781494,-0.0119269215579,0.000128994974356,-0.323928353757,-0.00181735839241,0.0283840541572,0,0,0,0,0,0,0.00013826385255,0.00145304632852,0,0,-0.121262108262,0,0,0,194,0,22,1116,0.898148148148,1,0,0.101851851852,1,0.898148148148,0.946341463415,0.938501466663,0.898148148148,0.898148148148,0,22,0,0,0,0
