Iteration,Version,ROC_AUC,PR_AUC,TimeElapsed,K,TrainRatio,ExperimentID,Seed,ThresholdMode,Threshold,Precision,Recall,F1Score,TestTP,TestFP,TestFN,TestTN,TestTPR,TestTNR,TestFPR,TestFNR,TestPrecision,TestRecall,TestF1Score,TestAccuracy,TestExpectedAccuracy,TestKappa,TestMCC,TestTSS,TotalLinks,TrainLinks,TestLinks,BackboneTotal,NonBackboneTotal,BackboneTrainLinks,NonBackboneTrainLinks,BackboneTestLinks,NonBackboneTestLinks,EmpiricalNumSpecies,EmpiricalLinks,EmpiricalConnectance,EmpiricalMeanTrophicLevel,EmpiricalMeanDegree,EmpiricalMeanGenerality,EmpiricalMeanVulnerability,EmpiricalDegreeStd,EmpiricalDegreeCV,EmpiricalDegreeGini,EmpiricalGeneralityStd,EmpiricalGeneralityCV,EmpiricalGeneralityGini,EmpiricalVulnerabilityStd,EmpiricalVulnerabilityCV,EmpiricalVulnerabilityGini,EmpiricalTrophicLevelStd,EmpiricalTrophicLevelCV,EmpiricalTrophicLevelRange,EmpiricalNetworkXMeanTrophicLevel,EmpiricalNetworkXTrophicLevelStd,EmpiricalNetworkXTrophicLevelRange,EmpiricalMeanLocalClustering,EmpiricalTransitivity,EmpiricalNumTriangles,EmpiricalTriangleDensity,EmpiricalMeanDietOverlap,EmpiricalNetworkXTrophicLevelNumSpeciesFull,EmpiricalNetworkXTrophicLevelNumSpeciesLargest,EmpiricalNetworkXTrophicLevelNumSpeciesWithLevel,EmpiricalNetworkXTrophicLevelLargestFraction,EmpiricalNetworkXTrophicLevelStatusCode,EmpiricalPropBasal,EmpiricalPropIntermediate,EmpiricalPropTop,TrainNumSpecies,TrainConnectance,TrainMeanTrophicLevel,TrainMeanDegree,TrainMeanGenerality,TrainMeanVulnerability,TrainDegreeStd,TrainDegreeCV,TrainDegreeGini,TrainGeneralityStd,TrainGeneralityCV,TrainGeneralityGini,TrainVulnerabilityStd,TrainVulnerabilityCV,TrainVulnerabilityGini,TrainTrophicLevelStd,TrainTrophicLevelCV,TrainTrophicLevelRange,TrainNetworkXMeanTrophicLevel,TrainNetworkXTrophicLevelStd,TrainNetworkXTrophicLevelRange,TrainMeanLocalClustering,TrainTransitivity,TrainNumTriangles,TrainTriangleDensity,TrainMeanDietOverlap,TrainNetworkXTrophicLevelNumSpeciesFull,TrainNetworkXTrophicLevelNumSpeciesLargest,TrainNetworkXTrophicLevelNumSpeciesWithLevel,TrainNetworkXTrophicLevelLargestFraction,TrainNetworkXTrophicLevelStatusCode,TrainPropBasal,TrainPropIntermediate,TrainPropTop,PseudoNumSpecies,PseudoLinks,PseudoConnectance,PseudoMeanTrophicLevel,PseudoMeanDegree,PseudoMeanGenerality,PseudoMeanVulnerability,PseudoDegreeStd,PseudoDegreeCV,PseudoDegreeGini,PseudoGeneralityStd,PseudoGeneralityCV,PseudoGeneralityGini,PseudoVulnerabilityStd,PseudoVulnerabilityCV,PseudoVulnerabilityGini,PseudoTrophicLevelStd,PseudoTrophicLevelCV,PseudoTrophicLevelRange,PseudoNetworkXMeanTrophicLevel,PseudoNetworkXTrophicLevelStd,PseudoNetworkXTrophicLevelRange,PseudoMeanLocalClustering,PseudoTransitivity,PseudoNumTriangles,PseudoTriangleDensity,PseudoMeanDietOverlap,PseudoNetworkXTrophicLevelNumSpeciesFull,PseudoNetworkXTrophicLevelNumSpeciesLargest,PseudoNetworkXTrophicLevelNumSpeciesWithLevel,PseudoNetworkXTrophicLevelLargestFraction,PseudoNetworkXTrophicLevelStatusCode,PseudoPropBasal,PseudoPropIntermediate,PseudoPropTop,DeltaLinks,DeltaConnectance,DeltaMeanTrophicLevel,DeltaMeanDegree,DeltaMeanGenerality,DeltaMeanVulnerability,DeltaDegreeStd,DeltaDegreeCV,DeltaDegreeGini,DeltaGeneralityStd,DeltaGeneralityCV,DeltaGeneralityGini,DeltaVulnerabilityStd,DeltaVulnerabilityCV,DeltaVulnerabilityGini,DeltaTrophicLevelStd,DeltaTrophicLevelCV,DeltaTrophicLevelRange,DeltaNetworkXMeanTrophicLevel,DeltaNetworkXTrophicLevelStd,DeltaNetworkXTrophicLevelRange,DeltaMeanLocalClustering,DeltaTransitivity,DeltaNumTriangles,DeltaTriangleDensity,DeltaMeanDietOverlap,DeltaPropBasal,DeltaPropIntermediate,DeltaPropTop,PseudoTP,PseudoFP,PseudoFN,PseudoTN,PseudoTPR,PseudoTNR,PseudoFPR,PseudoFNR,PseudoPrecision,PseudoRecall,PseudoF1Score,PseudoMCC,PseudoTSS,PseudoJaccardLinks,NumPredictedNovelLinks,NumTrueNovelLinks,EvaluateOnAllUnseen,CvK,FoldID,NumFolds
1,WLNM_dir_neg_kfold,0.832472501266,0.49306562271,00:00:26,10,66.6666666667,1,13346,threshold_sweep,0.1,0.919315403423,0.647160068847,0.759595959596,376,33,205,1129,0.647160068847,0.971600688468,0.0283993115318,0.352839931153,0.919315403423,0.647160068847,0.759595959596,0.863453815261,0.588449034232,0.668215613383,0.688294538884,0.618760757315,1779,1198,581,0,1779,0,1198,0,581,126,1741,0.11053968254,3.35021095487,27.6349206349,14.6302521008,14.7542372881,19.3405700742,0.69985980165,0.389650173682,15.6125082129,1.12991156509,0.578854517108,9.15239928644,0.662379270587,0.377355652198,1.19779027155,0.357526820756,4.34256606628,3.35021095487,1.19779027155,4.34256606628,0.507119835952,0.563909424838,12128,0.0372596006144,0.110016681489,126,126,126,1,0,0.0555555555556,0.880952380952,0.0634920634921,126,0.0736507936508,2.91548800933,18.4126984127,10.5454545455,10,13.0250649695,0.707395769897,0.395874384236,10.40485845,1.13018290061,0.58416803503,6.49839052113,0.705859660054,0.398275862069,1.15823659145,0.397270229803,3.98797667635,2.91548800933,1.15823659145,3.98797667635,0.320488422322,0.376834562117,3646,0.0112012288786,0.0759935796492,126,126,126,1,0,0.126984126984,0.793650793651,0.0793650793651,126,1569,0.099619047619,6.22201986525,24.9047619048,12.552,13.525862069,16.8244719722,0.675552411885,0.381028255789,13.2837387164,1.06676295619,0.551483605977,8.97428071133,0.720687934753,0.406825700325,1.34522759392,0.216204323202,7.11621069782,6.22201986525,1.34522759392,7.11621069782,0.415255496314,0.487063836321,8459,0.0259877112135,0.101151461053,126,126,126,1,0,0.00793650793651,0.912698412698,0.0793650793651,-172,-0.0109206349206,2.87180891038,-2.73015873016,-2.07825210084,-1.22837521917,-2.51609810198,-0.0243073897647,-0.00862191789309,-2.32876949651,-0.0631486089003,-0.0273709111315,-0.178118575111,0.0583086641663,0.029470048127,0.147437322364,-0.141322497553,2.77364463155,2.87180891038,0.147437322364,2.77364463155,-0.0918643396378,-0.0768455885174,-3669,-0.0112718894009,-0.0088652204354,-0.047619047619,0.031746031746,0.015873015873,1536,33,205,13976,0.882251579552,0.997644371475,0.00235562852452,0.117748420448,0.97896749522,0.882251579552,0.928096676737,0.921232757028,0.879895951027,0.865839909808,409,581,0,3,1,3
2,WLNM_dir_neg_kfold,0.832472501266,0.49306562271,00:00:26,10,66.6666666667,1,13346,threshold_sweep,0.2,0.936708860759,0.636833046472,0.758196721311,370,25,211,1137,0.636833046472,0.978485370052,0.0215146299484,0.363166953528,0.936708860759,0.636833046472,0.758196721311,0.864601262192,0.591126410404,0.668849391955,0.692863287372,0.615318416523,1779,1198,581,0,1779,0,1198,0,581,126,1741,0.11053968254,3.35021095487,27.6349206349,14.6302521008,14.7542372881,19.3405700742,0.69985980165,0.389650173682,15.6125082129,1.12991156509,0.578854517108,9.15239928644,0.662379270587,0.377355652198,1.19779027155,0.357526820756,4.34256606628,3.35021095487,1.19779027155,4.34256606628,0.507119835952,0.563909424838,12128,0.0372596006144,0.110016681489,126,126,126,1,0,0.0555555555556,0.880952380952,0.0634920634921,126,0.0736507936508,2.91548800933,18.4126984127,10.5454545455,10,13.0250649695,0.707395769897,0.395874384236,10.40485845,1.13018290061,0.58416803503,6.49839052113,0.705859660054,0.398275862069,1.15823659145,0.397270229803,3.98797667635,2.91548800933,1.15823659145,3.98797667635,0.320488422322,0.376834562117,3646,0.0112012288786,0.0759935796492,126,126,126,1,0,0.126984126984,0.793650793651,0.0793650793651,126,1555,0.0987301587302,4.26483131324,24.6825396825,13.0672268908,13.4051724138,16.8478607751,0.682582140729,0.384397488899,13.3309640752,1.08019387362,0.560133721227,8.87167420359,0.718862347043,0.406895319757,1.44245330593,0.338220482825,6,4.26483131324,1.44245330593,6,0.399225469914,0.486644001943,8350,0.0256528417819,0.103993588758,126,126,126,1,0,0.0555555555556,0.865079365079,0.0793650793651,-186,-0.0118095238095,0.914620358372,-2.95238095238,-1.56302521008,-1.34906487434,-2.49270929903,-0.0172776609208,-0.00525268478324,-2.2815441377,-0.0497176914749,-0.0187207958814,-0.280725082852,0.0564830764565,0.0295396675594,0.244663034375,-0.0193063379309,1.65743393372,0.914620358372,0.244663034375,1.65743393372,-0.107894366038,-0.0772654228957,-3778,-0.0116067588326,-0.0060230927304,0,-0.015873015873,0.015873015873,1530,25,211,13984,0.878805284319,0.998215432936,0.00178456706403,0.121194715681,0.983922829582,0.878805284319,0.928398058252,0.921891712044,0.877020717255,0.866364665912,395,581,0,3,1,3
3,WLNM_dir_neg_kfold,0.832472501266,0.49306562271,00:00:26,10,66.6666666667,1,13346,threshold_sweep,0.3,0.936708860759,0.636833046472,0.758196721311,370,25,211,1137,0.636833046472,0.978485370052,0.0215146299484,0.363166953528,0.936708860759,0.636833046472,0.758196721311,0.864601262192,0.591126410404,0.668849391955,0.692863287372,0.615318416523,1779,1198,581,0,1779,0,1198,0,581,126,1741,0.11053968254,3.35021095487,27.6349206349,14.6302521008,14.7542372881,19.3405700742,0.69985980165,0.389650173682,15.6125082129,1.12991156509,0.578854517108,9.15239928644,0.662379270587,0.377355652198,1.19779027155,0.357526820756,4.34256606628,3.35021095487,1.19779027155,4.34256606628,0.507119835952,0.563909424838,12128,0.0372596006144,0.110016681489,126,126,126,1,0,0.0555555555556,0.880952380952,0.0634920634921,126,0.0736507936508,2.91548800933,18.4126984127,10.5454545455,10,13.0250649695,0.707395769897,0.395874384236,10.40485845,1.13018290061,0.58416803503,6.49839052113,0.705859660054,0.398275862069,1.15823659145,0.397270229803,3.98797667635,2.91548800933,1.15823659145,3.98797667635,0.320488422322,0.376834562117,3646,0.0112012288786,0.0759935796492,126,126,126,1,0,0.126984126984,0.793650793651,0.0793650793651,126,1555,0.0987301587302,4.26483131324,24.6825396825,13.0672268908,13.4051724138,16.8478607751,0.682582140729,0.384397488899,13.3309640752,1.08019387362,0.560133721227,8.87167420359,0.718862347043,0.406895319757,1.44245330593,0.338220482825,6,4.26483131324,1.44245330593,6,0.399225469914,0.486644001943,8350,0.0256528417819,0.103993588758,126,126,126,1,0,0.0555555555556,0.865079365079,0.0793650793651,-186,-0.0118095238095,0.914620358372,-2.95238095238,-1.56302521008,-1.34906487434,-2.49270929903,-0.0172776609208,-0.00525268478324,-2.2815441377,-0.0497176914749,-0.0187207958814,-0.280725082852,0.0564830764565,0.0295396675594,0.244663034375,-0.0193063379309,1.65743393372,0.914620358372,0.244663034375,1.65743393372,-0.107894366038,-0.0772654228957,-3778,-0.0116067588326,-0.0060230927304,0,-0.015873015873,0.015873015873,1530,25,211,13984,0.878805284319,0.998215432936,0.00178456706403,0.121194715681,0.983922829582,0.878805284319,0.928398058252,0.921891712044,0.877020717255,0.866364665912,395,581,0,3,1,3
4,WLNM_dir_neg_kfold,0.832472501266,0.49306562271,00:00:26,10,66.6666666667,1,13346,threshold_sweep,0.4,0.941326530612,0.635111876076,0.758478931141,369,23,212,1139,0.635111876076,0.980206540448,0.0197934595525,0.364888123924,0.941326530612,0.635111876076,0.758478931141,0.865174985657,0.591700133869,0.669789227166,0.694736851215,0.615318416523,1779,1198,581,0,1779,0,1198,0,581,126,1741,0.11053968254,3.35021095487,27.6349206349,14.6302521008,14.7542372881,19.3405700742,0.69985980165,0.389650173682,15.6125082129,1.12991156509,0.578854517108,9.15239928644,0.662379270587,0.377355652198,1.19779027155,0.357526820756,4.34256606628,3.35021095487,1.19779027155,4.34256606628,0.507119835952,0.563909424838,12128,0.0372596006144,0.110016681489,126,126,126,1,0,0.0555555555556,0.880952380952,0.0634920634921,126,0.0736507936508,2.91548800933,18.4126984127,10.5454545455,10,13.0250649695,0.707395769897,0.395874384236,10.40485845,1.13018290061,0.58416803503,6.49839052113,0.705859660054,0.398275862069,1.15823659145,0.397270229803,3.98797667635,2.91548800933,1.15823659145,3.98797667635,0.320488422322,0.376834562117,3646,0.0112012288786,0.0759935796492,126,126,126,1,0,0.126984126984,0.793650793651,0.0793650793651,126,1552,0.0985396825397,4.25588558193,24.6349206349,13.0420168067,13.3793103448,16.8554338655,0.684208977787,0.385186548846,13.3462508855,1.0835229456,0.561732940599,8.86219006219,0.719481925152,0.407277859597,1.42924891827,0.335828793035,6,4.25588558193,1.42924891827,6,0.400055958652,0.487223931757,8339,0.025619047619,0.103410637997,126,126,126,1,0,0.0555555555556,0.865079365079,0.0793650793651,-189,-0.012,0.905674627067,-3,-1.58823529412,-1.37492694331,-2.48513620868,-0.0156508238628,-0.004463624836,-2.26625732743,-0.0463886194931,-0.0171215765095,-0.290209224247,0.0571026545655,0.0299222073998,0.23145864672,-0.021698027721,1.65743393372,0.905674627067,0.23145864672,1.65743393372,-0.1070638773,-0.0766854930813,-3789,-0.0116405529954,-0.00660604349172,0,-0.015873015873,0.015873015873,1529,23,212,13986,0.878230901781,0.998358198301,0.00164180169891,0.121769098219,0.985180412371,0.878230901781,0.92863650167,0.922230699289,0.876589100082,0.866780045351,392,581,0,3,1,3
5,WLNM_dir_neg_kfold,0.832472501266,0.49306562271,00:00:26,10,66.6666666667,1,13346,threshold_sweep,0.5,0.958005249344,0.628227194492,0.758835758836,365,16,216,1146,0.628227194492,0.986230636833,0.013769363167,0.371772805508,0.958005249344,0.628227194492,0.758835758836,0.866896156053,0.593803786575,0.672316384181,0.700861449189,0.614457831325,1779,1198,581,0,1779,0,1198,0,581,126,1741,0.11053968254,3.35021095487,27.6349206349,14.6302521008,14.7542372881,19.3405700742,0.69985980165,0.389650173682,15.6125082129,1.12991156509,0.578854517108,9.15239928644,0.662379270587,0.377355652198,1.19779027155,0.357526820756,4.34256606628,3.35021095487,1.19779027155,4.34256606628,0.507119835952,0.563909424838,12128,0.0372596006144,0.110016681489,126,126,126,1,0,0.0555555555556,0.880952380952,0.0634920634921,126,0.0736507936508,2.91548800933,18.4126984127,10.5454545455,10,13.0250649695,0.707395769897,0.395874384236,10.40485845,1.13018290061,0.58416803503,6.49839052113,0.705859660054,0.398275862069,1.15823659145,0.397270229803,3.98797667635,2.91548800933,1.15823659145,3.98797667635,0.320488422322,0.376834562117,3646,0.0112012288786,0.0759935796492,126,126,126,1,0,0.126984126984,0.793650793651,0.0793650793651,126,1541,0.0978412698413,3.15761893913,24.4603174603,13.5175438596,13.2844827586,16.9160992164,0.691573167185,0.388894039121,13.4165048792,1.09700169681,0.570238867773,8.77921426863,0.717833223782,0.406986805105,1.21483802961,0.384732310334,4.22796182995,3.15761893913,1.21483802961,4.22796182995,0.408076057996,0.49035234076,8327,0.0255821812596,0.106882298206,126,126,126,1,0,0.0952380952381,0.825396825397,0.0793650793651,-200,-0.0126984126984,-0.192592015735,-3.1746031746,-1.11270824119,-1.46975452951,-2.42447085778,-0.00828663446491,-0.000756134561175,-2.19600333368,-0.0329098682836,-0.00861564933546,-0.373185017804,0.0554539531953,0.0296311529072,0.0170477580529,0.0272054895785,-0.114604236329,-0.192592015735,0.0170477580529,-0.114604236329,-0.099043777956,-0.0735570840788,-3801,-0.0116774193548,-0.00313438328233,0.0396825396825,-0.0555555555556,0.015873015873,1525,16,216,13993,0.875933371626,0.998857877079,0.00114212292098,0.124066628374,0.989617131733,0.875933371626,0.929311395491,0.92326060844,0.874791248705,0.867956744451,381,581,0,3,1,3
6,WLNM_dir_neg_kfold,0.832472501266,0.49306562271,00:00:26,10,66.6666666667,1,13346,threshold_sweep,0.6,0.959893048128,0.617900172117,0.751832460733,359,15,222,1147,0.617900172117,0.987091222031,0.012908777969,0.382099827883,0.959893048128,0.617900172117,0.751832460733,0.864027538726,0.595142474661,0.664147378366,0.694708802921,0.604991394148,1779,1198,581,0,1779,0,1198,0,581,126,1741,0.11053968254,3.35021095487,27.6349206349,14.6302521008,14.7542372881,19.3405700742,0.69985980165,0.389650173682,15.6125082129,1.12991156509,0.578854517108,9.15239928644,0.662379270587,0.377355652198,1.19779027155,0.357526820756,4.34256606628,3.35021095487,1.19779027155,4.34256606628,0.507119835952,0.563909424838,12128,0.0372596006144,0.110016681489,126,126,126,1,0,0.0555555555556,0.880952380952,0.0634920634921,126,0.0736507936508,2.91548800933,18.4126984127,10.5454545455,10,13.0250649695,0.707395769897,0.395874384236,10.40485845,1.13018290061,0.58416803503,6.49839052113,0.705859660054,0.398275862069,1.15823659145,0.397270229803,3.98797667635,2.91548800933,1.15823659145,3.98797667635,0.320488422322,0.376834562117,3646,0.0112012288786,0.0759935796492,126,126,126,1,0,0.126984126984,0.793650793651,0.0793650793651,126,1534,0.0973968253968,3.13765354258,24.3492063492,13.6964285714,13.224137931,16.8728503628,0.692952785434,0.389695991391,13.390790486,1.09989543758,0.571904554955,8.74261230075,0.718102444521,0.406872788229,1.23118486218,0.392390315079,4.223326947,3.13765354258,1.23118486218,4.223326947,0.410194077723,0.489226568529,8242,0.0253210445469,0.108434432283,126,126,126,1,0,0.111111111111,0.809523809524,0.0793650793651,-207,-0.0131428571429,-0.212557412283,-3.28571428571,-0.933823529412,-1.5300993571,-2.46771971137,-0.00690701621584,4.58177085674e-05,-2.22171772687,-0.030016127517,-0.00694996215299,-0.409786985687,0.0557231739341,0.029517136031,0.03339459063,0.0348634943237,-0.119239119274,-0.212557412283,0.03339459063,-0.119239119274,-0.0969257582288,-0.0746828563099,-3886,-0.0119385560676,-0.00158224920531,0.0555555555556,-0.0714285714286,0.015873015873,1519,15,222,13994,0.872487076393,0.998929259762,0.00107074023842,0.127512923607,0.990221642764,0.872487076393,0.927633587786,0.921567739209,0.871416336154,0.865034168565,374,581,0,3,1,3
7,WLNM_dir_neg_kfold,0.832472501266,0.49306562271,00:00:26,10,66.6666666667,1,13346,threshold_sweep,0.7,0.959893048128,0.617900172117,0.751832460733,359,15,222,1147,0.617900172117,0.987091222031,0.012908777969,0.382099827883,0.959893048128,0.617900172117,0.751832460733,0.864027538726,0.595142474661,0.664147378366,0.694708802921,0.604991394148,1779,1198,581,0,1779,0,1198,0,581,126,1741,0.11053968254,3.35021095487,27.6349206349,14.6302521008,14.7542372881,19.3405700742,0.69985980165,0.389650173682,15.6125082129,1.12991156509,0.578854517108,9.15239928644,0.662379270587,0.377355652198,1.19779027155,0.357526820756,4.34256606628,3.35021095487,1.19779027155,4.34256606628,0.507119835952,0.563909424838,12128,0.0372596006144,0.110016681489,126,126,126,1,0,0.0555555555556,0.880952380952,0.0634920634921,126,0.0736507936508,2.91548800933,18.4126984127,10.5454545455,10,13.0250649695,0.707395769897,0.395874384236,10.40485845,1.13018290061,0.58416803503,6.49839052113,0.705859660054,0.398275862069,1.15823659145,0.397270229803,3.98797667635,2.91548800933,1.15823659145,3.98797667635,0.320488422322,0.376834562117,3646,0.0112012288786,0.0759935796492,126,126,126,1,0,0.126984126984,0.793650793651,0.0793650793651,126,1534,0.0973968253968,3.13765354258,24.3492063492,13.6964285714,13.224137931,16.8728503628,0.692952785434,0.389695991391,13.390790486,1.09989543758,0.571904554955,8.74261230075,0.718102444521,0.406872788229,1.23118486218,0.392390315079,4.223326947,3.13765354258,1.23118486218,4.223326947,0.410194077723,0.489226568529,8242,0.0253210445469,0.108434432283,126,126,126,1,0,0.111111111111,0.809523809524,0.0793650793651,-207,-0.0131428571429,-0.212557412283,-3.28571428571,-0.933823529412,-1.5300993571,-2.46771971137,-0.00690701621584,4.58177085674e-05,-2.22171772687,-0.030016127517,-0.00694996215299,-0.409786985687,0.0557231739341,0.029517136031,0.03339459063,0.0348634943237,-0.119239119274,-0.212557412283,0.03339459063,-0.119239119274,-0.0969257582288,-0.0746828563099,-3886,-0.0119385560676,-0.00158224920531,0.0555555555556,-0.0714285714286,0.015873015873,1519,15,222,13994,0.872487076393,0.998929259762,0.00107074023842,0.127512923607,0.990221642764,0.872487076393,0.927633587786,0.921567739209,0.871416336154,0.865034168565,374,581,0,3,1,3
8,WLNM_dir_neg_kfold,0.832472501266,0.49306562271,00:00:26,10,66.6666666667,1,13346,threshold_sweep,0.8,0.962365591398,0.616179001721,0.751311647429,358,14,223,1148,0.616179001721,0.987951807229,0.0120481927711,0.383820998279,0.962365591398,0.616179001721,0.751311647429,0.864027538726,0.595524956971,0.663829787234,0.69507539786,0.60413080895,1779,1198,581,0,1779,0,1198,0,581,126,1741,0.11053968254,3.35021095487,27.6349206349,14.6302521008,14.7542372881,19.3405700742,0.69985980165,0.389650173682,15.6125082129,1.12991156509,0.578854517108,9.15239928644,0.662379270587,0.377355652198,1.19779027155,0.357526820756,4.34256606628,3.35021095487,1.19779027155,4.34256606628,0.507119835952,0.563909424838,12128,0.0372596006144,0.110016681489,126,126,126,1,0,0.0555555555556,0.880952380952,0.0634920634921,126,0.0736507936508,2.91548800933,18.4126984127,10.5454545455,10,13.0250649695,0.707395769897,0.395874384236,10.40485845,1.13018290061,0.58416803503,6.49839052113,0.705859660054,0.398275862069,1.15823659145,0.397270229803,3.98797667635,2.91548800933,1.15823659145,3.98797667635,0.320488422322,0.376834562117,3646,0.0112012288786,0.0759935796492,126,126,126,1,0,0.126984126984,0.793650793651,0.0793650793651,126,1532,0.0972698412698,2.94519251096,24.3174603175,13.9272727273,13.2068965517,16.8843836932,0.694331705398,0.390406771934,13.4047231667,1.10247723172,0.573645820382,8.71909417168,0.717105656417,0.406409300012,1.17266419337,0.39816215375,4.01409240547,2.94519251096,1.17266419337,4.01409240547,0.411694345612,0.489914800872,8242,0.0253210445469,0.108747742583,126,126,126,1,0,0.126984126984,0.793650793651,0.0793650793651,-209,-0.0132698412698,-0.405018443911,-3.31746031746,-0.702979373568,-1.54734073641,-2.45618638099,-0.00552809625156,0.000756598251848,-2.20778504626,-0.0274343333713,-0.00520869672628,-0.43330511476,0.0547263858308,0.0290536478147,-0.0251260781821,0.0406353329949,-0.32847366081,-0.405018443911,-0.0251260781821,-0.32847366081,-0.0954254903402,-0.0739946239666,-3886,-0.0119385560676,-0.00126893890524,0.0714285714286,-0.0873015873016,0.015873015873,1518,14,223,13995,0.871912693854,0.999000642444,0.000999357555857,0.128087306146,0.990861618799,0.871912693854,0.927589367553,0.921571969008,0.870913336298,0.864957264957,372,581,0,3,1,3
9,WLNM_dir_neg_kfold,0.832472501266,0.49306562271,00:00:26,10,66.6666666667,1,13346,threshold_sweep,0.9,0.962264150943,0.614457831325,0.75,357,14,224,1148,0.614457831325,0.987951807229,0.0120481927711,0.385542168675,0.962264150943,0.614457831325,0.75,0.863453815261,0.595716198126,0.662251655629,0.693775615969,0.602409638554,1779,1198,581,0,1779,0,1198,0,581,126,1741,0.11053968254,3.35021095487,27.6349206349,14.6302521008,14.7542372881,19.3405700742,0.69985980165,0.389650173682,15.6125082129,1.12991156509,0.578854517108,9.15239928644,0.662379270587,0.377355652198,1.19779027155,0.357526820756,4.34256606628,3.35021095487,1.19779027155,4.34256606628,0.507119835952,0.563909424838,12128,0.0372596006144,0.110016681489,126,126,126,1,0,0.0555555555556,0.880952380952,0.0634920634921,126,0.0736507936508,2.91548800933,18.4126984127,10.5454545455,10,13.0250649695,0.707395769897,0.395874384236,10.40485845,1.13018290061,0.58416803503,6.49839052113,0.705859660054,0.398275862069,1.15823659145,0.397270229803,3.98797667635,2.91548800933,1.15823659145,3.98797667635,0.320488422322,0.376834562117,3646,0.0112012288786,0.0759935796492,126,126,126,1,0,0.126984126984,0.793650793651,0.0793650793651,126,1531,0.0972063492063,2.94479862992,24.3015873016,13.9181818182,13.1982758621,16.8737760285,0.694348719658,0.390381844007,13.3973534463,1.10259081269,0.573693923465,8.71694208797,0.717396932126,0.406534788965,1.17201554551,0.397995140857,3.97809180753,2.94479862992,1.17201554551,3.97809180753,0.411237290919,0.48872090947,8211,0.0252258064516,0.108715296992,126,126,126,1,0,0.126984126984,0.793650793651,0.0793650793651,-210,-0.0133333333333,-0.40541232495,-3.33333333333,-0.712070282659,-1.55596142607,-2.46679404565,-0.005511081992,0.000731670324587,-2.21515476662,-0.0273207523999,-0.00516059364308,-0.435457198466,0.0550176615392,0.0291791367669,-0.0257747260451,0.0404683201014,-0.364474258747,-0.40541232495,-0.0257747260451,-0.364474258747,-0.0958825450329,-0.0751885153688,-3917,-0.0120337941628,-0.00130138449699,0.0714285714286,-0.0873015873016,0.015873015873,1517,14,224,13995,0.871338311315,0.999000642444,0.000999357555857,0.128661688685,0.990855649902,0.871338311315,0.927261613692,0.921232503093,0.870338953759,0.864387464387,371,581,0,3,1,3
10,WLNM_dir_neg_kfold,0.797975032661,0.626589547267,00:00:28,10,66.6666666667,2,13347,threshold_sweep,0.1,0.900237529691,0.652323580034,0.756487025948,379,42,202,1120,0.652323580034,0.963855421687,0.0361445783133,0.347676419966,0.900237529691,0.652323580034,0.756487025948,0.860011474469,0.586154140371,0.661737523105,0.678642804904,0.616179001721,1779,1198,581,0,1779,0,1198,0,581,126,1741,0.11053968254,3.35021095487,27.6349206349,14.6302521008,14.7542372881,19.3405700742,0.69985980165,0.389650173682,15.6125082129,1.12991156509,0.578854517108,9.15239928644,0.662379270587,0.377355652198,1.19779027155,0.357526820756,4.34256606628,3.35021095487,1.19779027155,4.34256606628,0.507119835952,0.563909424838,12128,0.0372596006144,0.110016681489,126,126,126,1,0,0.0555555555556,0.880952380952,0.0634920634921,126,0.0736507936508,2.91548800933,18.4126984127,10.5454545455,10,13.0250649695,0.707395769897,0.395874384236,10.40485845,1.13018290061,0.58416803503,6.49839052113,0.705859660054,0.398275862069,1.15823659145,0.397270229803,3.98797667635,2.91548800933,1.15823659145,3.98797667635,0.320488422322,0.376834562117,3646,0.0112012288786,0.0759935796492,126,126,126,1,0,0.126984126984,0.793650793651,0.0793650793651,126,1581,0.100380952381,18.1574272637,25.0952380952,12.648,13.5128205128,16.8330287573,0.670765851807,0.3790297481,13.1597003874,1.04878067603,0.540059034366,9.08150396607,0.72376312443,0.409450518559,2.66468176955,0.146754368383,20.6446926534,18.1574272637,2.66468176955,20.6446926534,0.418294634531,0.492418196329,8638,0.0265376344086,0.101749662901,126,126,126,1,0,0.00793650793651,0.920634920635,0.0714285714286,-160,-0.0101587301587,14.8072163089,-2.53968253968,-1.98225210084,-1.24141677532,-2.5075413169,-0.0290939498424,-0.0106204255824,-2.45280782553,-0.081130889059,-0.038795482742,-0.0708953203709,0.0613838538439,0.032094866361,1.46689149799,-0.210772452373,16.3021265871,14.8072163089,1.46689149799,16.3021265871,-0.0888252014208,-0.0714912285096,-3490,-0.0107219662058,-0.00826701858726,-0.047619047619,0.0396825396825,0.00793650793651,1539,42,202,13967,0.883974727168,0.997001927332,0.00299807266757,0.116025272832,0.973434535104,0.883974727168,0.926550270921,0.919246146636,0.880976654501,0.863151991026,421,581,0,3,1,3
11,WLNM_dir_neg_kfold,0.797975032661,0.626589547267,00:00:28,10,66.6666666667,2,13347,threshold_sweep,0.2,0.926108374384,0.647160068847,0.761904761905,376,30,205,1132,0.647160068847,0.974182444062,0.025817555938,0.352839931153,0.926108374384,0.647160068847,0.761904761905,0.865174985657,0.589022757697,0.671940437413,0.69293656572,0.621342512909,1779,1198,581,0,1779,0,1198,0,581,126,1741,0.11053968254,3.35021095487,27.6349206349,14.6302521008,14.7542372881,19.3405700742,0.69985980165,0.389650173682,15.6125082129,1.12991156509,0.578854517108,9.15239928644,0.662379270587,0.377355652198,1.19779027155,0.357526820756,4.34256606628,3.35021095487,1.19779027155,4.34256606628,0.507119835952,0.563909424838,12128,0.0372596006144,0.110016681489,126,126,126,1,0,0.0555555555556,0.880952380952,0.0634920634921,126,0.0736507936508,2.91548800933,18.4126984127,10.5454545455,10,13.0250649695,0.707395769897,0.395874384236,10.40485845,1.13018290061,0.58416803503,6.49839052113,0.705859660054,0.398275862069,1.15823659145,0.397270229803,3.98797667635,2.91548800933,1.15823659145,3.98797667635,0.320488422322,0.376834562117,3646,0.0112012288786,0.0759935796492,126,126,126,1,0,0.126984126984,0.793650793651,0.0793650793651,126,1566,0.0994285714286,6.31936868971,24.8571428571,12.9421487603,13.3846153846,16.8787271016,0.679029251215,0.383030266172,13.2528810884,1.06632376573,0.551095704352,9.02922239968,0.726489158595,0.411056376574,2.01201059704,0.318387911172,7.98748119111,6.31936868971,2.01201059704,7.98748119111,0.412566540576,0.493993907696,8595,0.0264055299539,0.104767476131,126,126,126,1,0,0.0396825396825,0.888888888889,0.0714285714286,-175,-0.0111111111111,2.96915773484,-2.77777777778,-1.68810334051,-1.36962190352,-2.46184297253,-0.0208305504347,-0.00661990751031,-2.35962712453,-0.0635877993613,-0.027758812756,-0.123176886761,0.0641098880082,0.0337007243759,0.814220325491,-0.0391389095832,3.64491512483,2.96915773484,0.814220325491,3.64491512483,-0.0945532953754,-0.0699155171426,-3533,-0.0108540706605,-0.00524920535811,-0.015873015873,0.00793650793651,0.00793650793651,1536,30,205,13979,0.882251579552,0.997858519523,0.00214148047684,0.117748420448,0.980842911877,0.882251579552,0.928938615059,0.92224161963,0.880110099075,0.867306606437,406,581,0,3,1,3
12,WLNM_dir_neg_kfold,0.797975032661,0.626589547267,00:00:28,10,66.6666666667,2,13347,threshold_sweep,0.3,0.9375,0.645438898451,0.764525993884,375,25,206,1137,0.645438898451,0.978485370052,0.0215146299484,0.354561101549,0.9375,0.645438898451,0.764525993884,0.867469879518,0.590170204628,0.676621558563,0.69944731399,0.623924268503,1779,1198,581,0,1779,0,1198,0,581,126,1741,0.11053968254,3.35021095487,27.6349206349,14.6302521008,14.7542372881,19.3405700742,0.69985980165,0.389650173682,15.6125082129,1.12991156509,0.578854517108,9.15239928644,0.662379270587,0.377355652198,1.19779027155,0.357526820756,4.34256606628,3.35021095487,1.19779027155,4.34256606628,0.507119835952,0.563909424838,12128,0.0372596006144,0.110016681489,126,126,126,1,0,0.0555555555556,0.880952380952,0.0634920634921,126,0.0736507936508,2.91548800933,18.4126984127,10.5454545455,10,13.0250649695,0.707395769897,0.395874384236,10.40485845,1.13018290061,0.58416803503,6.49839052113,0.705859660054,0.398275862069,1.15823659145,0.397270229803,3.98797667635,2.91548800933,1.15823659145,3.98797667635,0.320488422322,0.376834562117,3646,0.0112012288786,0.0759935796492,126,126,126,1,0,0.126984126984,0.793650793651,0.0793650793651,126,1560,0.0990476190476,5.95053167197,24.7619047619,13,13.3333333333,16.8724289047,0.681386551919,0.384111721612,13.2640006893,1.0713231326,0.554029304029,8.9914244859,0.726230439246,0.410744810745,1.97258614737,0.331497462094,7.82538689911,5.95053167197,1.97258614737,7.82538689911,0.409935340675,0.492697776579,8524,0.0261874039939,0.106074997391,126,126,126,1,0,0.047619047619,0.880952380952,0.0714285714286,-181,-0.0114920634921,2.6003207171,-2.87301587302,-1.63025210084,-1.4209039548,-2.4681411695,-0.0184732497308,-0.00553845207062,-2.34850752362,-0.0585884324962,-0.0248252130791,-0.160974800535,0.0638511686595,0.0333891585471,0.774795875814,-0.0260293586616,3.48282083283,2.6003207171,0.774795875814,3.48282083283,-0.0971844952769,-0.0712116482595,-3604,-0.0110721966206,-0.00394168409765,-0.00793650793651,0,0.00793650793651,1535,25,206,13984,0.881677197013,0.998215432936,0.00178456706403,0.118322802987,0.983974358974,0.881677197013,0.930021205695,0.923589817745,0.879892629949,0.86919592299,400,581,0,3,1,3
13,WLNM_dir_neg_kfold,0.797975032661,0.626589547267,00:00:28,10,66.6666666667,2,13347,threshold_sweep,0.4,0.939546599496,0.641996557659,0.762781186094,373,24,208,1138,0.641996557659,0.97934595525,0.0206540447504,0.358003442341,0.939546599496,0.641996557659,0.762781186094,0.866896156053,0.590743928093,0.67476635514,0.698400298652,0.621342512909,1779,1198,581,0,1779,0,1198,0,581,126,1741,0.11053968254,3.35021095487,27.6349206349,14.6302521008,14.7542372881,19.3405700742,0.69985980165,0.389650173682,15.6125082129,1.12991156509,0.578854517108,9.15239928644,0.662379270587,0.377355652198,1.19779027155,0.357526820756,4.34256606628,3.35021095487,1.19779027155,4.34256606628,0.507119835952,0.563909424838,12128,0.0372596006144,0.110016681489,126,126,126,1,0,0.0555555555556,0.880952380952,0.0634920634921,126,0.0736507936508,2.91548800933,18.4126984127,10.5454545455,10,13.0250649695,0.707395769897,0.395874384236,10.40485845,1.13018290061,0.58416803503,6.49839052113,0.705859660054,0.398275862069,1.15823659145,0.397270229803,3.98797667635,2.91548800933,1.15823659145,3.98797667635,0.320488422322,0.376834562117,3646,0.0112012288786,0.0759935796492,126,126,126,1,0,0.126984126984,0.793650793651,0.0793650793651,126,1557,0.0988571428571,5.9301280687,24.7142857143,12.975,13.3076923077,16.8697870255,0.682592538604,0.384658123579,13.2782313796,1.07453895558,0.55539753902,8.94647576264,0.723992258248,0.409747071597,1.96235617556,0.330912950417,7.81664498749,5.9301280687,1.96235617556,7.81664498749,0.40829021458,0.491681641644,8482,0.0260583717358,0.105279515543,126,126,126,1,0,0.047619047619,0.880952380952,0.0714285714286,-184,-0.0116825396825,2.57991711383,-2.92063492063,-1.65525210084,-1.44654498044,-2.47078304866,-0.0172672630458,-0.00499205010321,-2.33427683327,-0.0553726095151,-0.0234569780885,-0.205923523803,0.0616129876613,0.0323914193991,0.76456590401,-0.0266138703386,3.47407892121,2.57991711383,0.76456590401,3.47407892121,-0.0988296213716,-0.0722277831945,-3646,-0.0112012288786,-0.0047371659455,-0.00793650793651,0,0.00793650793651,1533,24,208,13985,0.880528431936,0.998286815619,0.00171318438147,0.119471568064,0.984585741811,0.880528431936,0.929654335961,0.923249601589,0.878815247554,0.868555240793,397,581,0,3,1,3
14,WLNM_dir_neg_kfold,0.797975032661,0.626589547267,00:00:28,10,66.6666666667,2,13347,threshold_sweep,0.5,0.965879265092,0.63339070568,0.765072765073,368,13,213,1149,0.63339070568,0.988812392427,0.0111876075731,0.36660929432,0.965879265092,0.63339070568,0.765072765073,0.870338496845,0.593803786575,0.680790960452,0.709695837204,0.622203098107,1779,1198,581,0,1779,0,1198,0,581,126,1741,0.11053968254,3.35021095487,27.6349206349,14.6302521008,14.7542372881,19.3405700742,0.69985980165,0.389650173682,15.6125082129,1.12991156509,0.578854517108,9.15239928644,0.662379270587,0.377355652198,1.19779027155,0.357526820756,4.34256606628,3.35021095487,1.19779027155,4.34256606628,0.507119835952,0.563909424838,12128,0.0372596006144,0.110016681489,126,126,126,1,0,0.0555555555556,0.880952380952,0.0634920634921,126,0.0736507936508,2.91548800933,18.4126984127,10.5454545455,10,13.0250649695,0.707395769897,0.395874384236,10.40485845,1.13018290061,0.58416803503,6.49839052113,0.705859660054,0.398275862069,1.15823659145,0.397270229803,3.98797667635,2.91548800933,1.15823659145,3.98797667635,0.320488422322,0.376834562117,3646,0.0112012288786,0.0759935796492,126,126,126,1,0,0.126984126984,0.793650793651,0.0793650793651,126,1541,0.0978412698413,3.52242726089,24.4603174603,13.2844827586,13.1709401709,16.9137344398,0.691476489101,0.388904339586,13.3729055622,1.09343679483,0.566427695889,8.8237522163,0.721474872974,0.408871790118,1.32789832379,0.376983887938,5.16624099724,3.52242726089,1.32789832379,5.16624099724,0.413194584493,0.494919833206,8427,0.0258894009217,0.106694477168,126,126,126,1,0,0.0793650793651,0.849206349206,0.0714285714286,-200,-0.0126984126984,0.172216306027,-3.1746031746,-1.34576934222,-1.5832971172,-2.42683563441,-0.00838331254904,-0.000745834096624,-2.23960265075,-0.0364747702635,-0.0124268212193,-0.328647070142,0.0590956023877,0.03151613792,0.130108052237,0.0194570671826,0.823674930963,0.172216306027,0.130108052237,0.823674930963,-0.0939252514586,-0.0689895916323,-3701,-0.0113701996928,-0.00332220432065,0.0238095238095,-0.031746031746,0.00793650793651,1528,13,213,13996,0.877656519242,0.999072025127,0.000927974873296,0.122343480758,0.991563919533,0.877656519242,0.931139549055,0.925305243404,0.876728544369,0.871151653364,381,581,0,3,1,3
15,WLNM_dir_neg_kfold,0.797975032661,0.626589547267,00:00:28,10,66.6666666667,2,13347,threshold_sweep,0.6,0.968169761273,0.628227194492,0.762004175365,365,12,216,1150,0.628227194492,0.989672977625,0.0103270223752,0.371772805508,0.968169761273,0.628227194492,0.762004175365,0.869191049914,0.594568751195,0.677358490566,0.707478785537,0.617900172117,1779,1198,581,0,1779,0,1198,0,581,126,1741,0.11053968254,3.35021095487,27.6349206349,14.6302521008,14.7542372881,19.3405700742,0.69985980165,0.389650173682,15.6125082129,1.12991156509,0.578854517108,9.15239928644,0.662379270587,0.377355652198,1.19779027155,0.357526820756,4.34256606628,3.35021095487,1.19779027155,4.34256606628,0.507119835952,0.563909424838,12128,0.0372596006144,0.110016681489,126,126,126,1,0,0.0555555555556,0.880952380952,0.0634920634921,126,0.0736507936508,2.91548800933,18.4126984127,10.5454545455,10,13.0250649695,0.707395769897,0.395874384236,10.40485845,1.13018290061,0.58416803503,6.49839052113,0.705859660054,0.398275862069,1.15823659145,0.397270229803,3.98797667635,2.91548800933,1.15823659145,3.98797667635,0.320488422322,0.376834562117,3646,0.0112012288786,0.0759935796492,126,126,126,1,0,0.126984126984,0.793650793651,0.0793650793651,126,1537,0.0975873015873,3.44583109416,24.3968253968,13.3652173913,13.1367521368,16.8935866482,0.692450200936,0.389436234264,13.3776050719,1.0966676897,0.567984426475,8.81273609388,0.722449413031,0.409409176813,1.28134055184,0.371852396948,4.56299042409,3.44583109416,1.28134055184,4.56299042409,0.4106877482,0.493861837324,8381,0.0257480798771,0.108211508195,126,126,126,1,0,0.0873015873016,0.84126984127,0.0714285714286,-204,-0.0129523809524,0.095620139291,-3.2380952381,-1.26503470954,-1.61748515138,-2.44698342593,-0.00740960071389,-0.000213939418519,-2.234903141,-0.0332438753978,-0.0108700906334,-0.339663192562,0.0600701424442,0.0320535246155,0.0835502802863,0.0143255761924,0.220424357814,0.095620139291,0.0835502802863,0.220424357814,-0.0964320877521,-0.0700475875145,-3747,-0.0115115207373,-0.0018051732935,0.031746031746,-0.0396825396825,0.00793650793651,1525,12,216,13997,0.875933371626,0.999143407809,0.000856592190735,0.124066628374,0.992192582954,0.875933371626,0.930445393533,0.924632812531,0.875076779435,0.869937250428,377,581,0,3,1,3
16,WLNM_dir_neg_kfold,0.797975032661,0.626589547267,00:00:28,10,66.6666666667,2,13347,threshold_sweep,0.7,0.970666666667,0.626506024096,0.761506276151,364,11,217,1151,0.626506024096,0.990533562823,0.00946643717728,0.373493975904,0.970666666667,0.626506024096,0.761506276151,0.869191049914,0.594951233505,0.677053824363,0.707856908922,0.617039586919,1779,1198,581,0,1779,0,1198,0,581,126,1741,0.11053968254,3.35021095487,27.6349206349,14.6302521008,14.7542372881,19.3405700742,0.69985980165,0.389650173682,15.6125082129,1.12991156509,0.578854517108,9.15239928644,0.662379270587,0.377355652198,1.19779027155,0.357526820756,4.34256606628,3.35021095487,1.19779027155,4.34256606628,0.507119835952,0.563909424838,12128,0.0372596006144,0.110016681489,126,126,126,1,0,0.0555555555556,0.880952380952,0.0634920634921,126,0.0736507936508,2.91548800933,18.4126984127,10.5454545455,10,13.0250649695,0.707395769897,0.395874384236,10.40485845,1.13018290061,0.58416803503,6.49839052113,0.705859660054,0.398275862069,1.15823659145,0.397270229803,3.98797667635,2.91548800933,1.15823659145,3.98797667635,0.320488422322,0.376834562117,3646,0.0112012288786,0.0759935796492,126,126,126,1,0,0.126984126984,0.793650793651,0.0793650793651,126,1535,0.0974603174603,3.37510101872,24.3650793651,13.347826087,13.1196581197,16.9047227364,0.693809467356,0.390150457577,13.3867999424,1.09885133078,0.568931285869,8.8021822691,0.722524407757,0.409528979887,1.25329891278,0.371336711354,4.48947070237,3.37510101872,1.25329891278,4.48947070237,0.410209259208,0.493879796452,8379,0.0257419354839,0.108155786139,126,126,126,1,0,0.0873015873016,0.84126984127,0.0714285714286,-206,-0.0130793650794,0.0248900638577,-3.26984126984,-1.28242601388,-1.63457916848,-2.43584733779,-0.00605033429379,0.000500283894828,-2.2257082705,-0.0310602343148,-0.009923231239,-0.350217017342,0.0601451371699,0.0321733276896,0.0555086412279,0.0138098905988,0.146904636092,0.0248900638577,0.0555086412279,0.146904636092,-0.0969105767436,-0.0700296283868,-3749,-0.0115176651306,-0.00186089534915,0.031746031746,-0.0396825396825,0.00793650793651,1524,11,217,13998,0.875358989087,0.999214790492,0.000785209508173,0.124641010913,0.992833876221,0.875358989087,0.930402930403,0.924638098469,0.874573779579,0.869863013699,375,581,0,3,1,3
17,WLNM_dir_neg_kfold,0.797975032661,0.626589547267,00:00:28,10,66.6666666667,2,13347,threshold_sweep,0.8,0.970666666667,0.626506024096,0.761506276151,364,11,217,1151,0.626506024096,0.990533562823,0.00946643717728,0.373493975904,0.970666666667,0.626506024096,0.761506276151,0.869191049914,0.594951233505,0.677053824363,0.707856908922,0.617039586919,1779,1198,581,0,1779,0,1198,0,581,126,1741,0.11053968254,3.35021095487,27.6349206349,14.6302521008,14.7542372881,19.3405700742,0.69985980165,0.389650173682,15.6125082129,1.12991156509,0.578854517108,9.15239928644,0.662379270587,0.377355652198,1.19779027155,0.357526820756,4.34256606628,3.35021095487,1.19779027155,4.34256606628,0.507119835952,0.563909424838,12128,0.0372596006144,0.110016681489,126,126,126,1,0,0.0555555555556,0.880952380952,0.0634920634921,126,0.0736507936508,2.91548800933,18.4126984127,10.5454545455,10,13.0250649695,0.707395769897,0.395874384236,10.40485845,1.13018290061,0.58416803503,6.49839052113,0.705859660054,0.398275862069,1.15823659145,0.397270229803,3.98797667635,2.91548800933,1.15823659145,3.98797667635,0.320488422322,0.376834562117,3646,0.0112012288786,0.0759935796492,126,126,126,1,0,0.126984126984,0.793650793651,0.0793650793651,126,1535,0.0974603174603,3.37510101872,24.3650793651,13.347826087,13.1196581197,16.9047227364,0.693809467356,0.390150457577,13.3867999424,1.09885133078,0.568931285869,8.8021822691,0.722524407757,0.409528979887,1.25329891278,0.371336711354,4.48947070237,3.37510101872,1.25329891278,4.48947070237,0.410209259208,0.493879796452,8379,0.0257419354839,0.108155786139,126,126,126,1,0,0.0873015873016,0.84126984127,0.0714285714286,-206,-0.0130793650794,0.0248900638577,-3.26984126984,-1.28242601388,-1.63457916848,-2.43584733779,-0.00605033429379,0.000500283894828,-2.2257082705,-0.0310602343148,-0.009923231239,-0.350217017342,0.0601451371699,0.0321733276896,0.0555086412279,0.0138098905988,0.146904636092,0.0248900638577,0.0555086412279,0.146904636092,-0.0969105767436,-0.0700296283868,-3749,-0.0115176651306,-0.00186089534915,0.031746031746,-0.0396825396825,0.00793650793651,1524,11,217,13998,0.875358989087,0.999214790492,0.000785209508173,0.124641010913,0.992833876221,0.875358989087,0.930402930403,0.924638098469,0.874573779579,0.869863013699,375,581,0,3,1,3
18,WLNM_dir_neg_kfold,0.797975032661,0.626589547267,00:00:28,10,66.6666666667,2,13347,threshold_sweep,0.9,0.975675675676,0.621342512909,0.75920084122,361,9,220,1153,0.621342512909,0.992254733219,0.00774526678141,0.378657487091,0.975675675676,0.621342512909,0.75920084122,0.868617326449,0.595907439281,0.674869853289,0.707356585819,0.613597246127,1779,1198,581,0,1779,0,1198,0,581,126,1741,0.11053968254,3.35021095487,27.6349206349,14.6302521008,14.7542372881,19.3405700742,0.69985980165,0.389650173682,15.6125082129,1.12991156509,0.578854517108,9.15239928644,0.662379270587,0.377355652198,1.19779027155,0.357526820756,4.34256606628,3.35021095487,1.19779027155,4.34256606628,0.507119835952,0.563909424838,12128,0.0372596006144,0.110016681489,126,126,126,1,0,0.0555555555556,0.880952380952,0.0634920634921,126,0.0736507936508,2.91548800933,18.4126984127,10.5454545455,10,13.0250649695,0.707395769897,0.395874384236,10.40485845,1.13018290061,0.58416803503,6.49839052113,0.705859660054,0.398275862069,1.15823659145,0.397270229803,3.98797667635,2.91548800933,1.15823659145,3.98797667635,0.320488422322,0.376834562117,3646,0.0112012288786,0.0759935796492,126,126,126,1,0,0.126984126984,0.793650793651,0.0793650793651,126,1530,0.0971428571429,3.10438869659,24.2857142857,13.5398230088,13.0769230769,16.9303784448,0.697133230082,0.39186118892,13.4138521153,1.1046701742,0.572009544559,8.7404478473,0.719801587425,0.408237369022,1.19992241331,0.38652454012,4.17143929093,3.10438869659,1.19992241331,4.17143929093,0.411943317719,0.495316782679,8373,0.0257235023041,0.107240576241,126,126,126,1,0,0.103174603175,0.825396825397,0.0714285714286,-211,-0.0133968253968,-0.245822258271,-3.34920634921,-1.09042909199,-1.67731421121,-2.41019162932,-0.00272657156792,0.00221101523767,-2.19865609761,-0.0252413908913,-0.00684497254983,-0.411951439136,0.0574223168383,0.030881716824,0.00213214175252,0.0289977193648,-0.171126775343,-0.245822258271,0.00213214175252,-0.171126775343,-0.0951765182327,-0.0685926421594,-3755,-0.0115360983103,-0.00277610524807,0.047619047619,-0.0555555555556,0.00793650793651,1521,9,220,14000,0.87363584147,0.999357555857,0.000642444143051,0.12636415853,0.994117647059,0.87363584147,0.929990828493,0.924311589826,0.872993397327,0.869142857143,370,581,0,3,1,3
19,WLNM_dir_neg_kfold,0.839719339616,0.343249991833,00:00:28,10,66.6666666667,3,13348,threshold_sweep,0.1,0.937343358396,0.643717728055,0.763265306122,374,25,207,1137,0.643717728055,0.978485370052,0.0215146299484,0.356282271945,0.937343358396,0.643717728055,0.763265306122,0.866896156053,0.590361445783,0.675070028011,0.698131473081,0.622203098107,1779,1198,581,0,1779,0,1198,0,581,126,1741,0.11053968254,3.35021095487,27.6349206349,14.6302521008,14.7542372881,19.3405700742,0.69985980165,0.389650173682,15.6125082129,1.12991156509,0.578854517108,9.15239928644,0.662379270587,0.377355652198,1.19779027155,0.357526820756,4.34256606628,3.35021095487,1.19779027155,4.34256606628,0.507119835952,0.563909424838,12128,0.0372596006144,0.110016681489,126,126,126,1,0,0.0555555555556,0.880952380952,0.0634920634921,126,0.0736507936508,2.91548800933,18.4126984127,10.5454545455,10,13.0250649695,0.707395769897,0.395874384236,10.40485845,1.13018290061,0.58416803503,6.49839052113,0.705859660054,0.398275862069,1.15823659145,0.397270229803,3.98797667635,2.91548800933,1.15823659145,3.98797667635,0.320488422322,0.376834562117,3646,0.0112012288786,0.0759935796492,126,126,126,1,0,0.126984126984,0.793650793651,0.0793650793651,126,1559,0.0989841269841,4.86652556087,24.746031746,13.1008403361,13.3247863248,16.9460020101,0.684796745759,0.385610434039,13.3792281553,1.08132312224,0.559399085698,8.83423715053,0.713992226406,0.404843357056,1.74426638456,0.358421293126,6.51356332051,4.86652556087,1.74426638456,6.51356332051,0.404183318373,0.49438917168,8547,0.0262580645161,0.102761627387,126,126,126,1,0,0.0555555555556,0.873015873016,0.0714285714286,-182,-0.0115555555556,1.51631460601,-2.88888888889,-1.52941176471,-1.42945096335,-2.39456806404,-0.0150630558913,-0.00403973964343,-2.23328005761,-0.0485884428557,-0.0194554314104,-0.318162135912,0.051612955819,0.0274877048586,0.546476113007,0.000894472370662,2.17099725423,1.51631460601,0.546476113007,2.17099725423,-0.102936517579,-0.0695202531586,-3581,-0.0110015360983,-0.00725505410145,0,-0.00793650793651,0.00793650793651,1534,25,207,13984,0.881102814474,0.998215432936,0.00178456706403,0.118897185526,0.983964079538,0.881102814474,0.929696969697,0.923250350534,0.87931824741,0.868629671574,399,581,0,3,1,3
20,WLNM_dir_neg_kfold,0.839719339616,0.343249991833,00:00:28,10,66.6666666667,3,13348,threshold_sweep,0.2,0.941919191919,0.641996557659,0.763561924258,373,23,208,1139,0.641996557659,0.980206540448,0.0197934595525,0.358003442341,0.941919191919,0.641996557659,0.763561924258,0.867469879518,0.590935169248,0.676016830295,0.699990117459,0.622203098107,1779,1198,581,0,1779,0,1198,0,581,126,1741,0.11053968254,3.35021095487,27.6349206349,14.6302521008,14.7542372881,19.3405700742,0.69985980165,0.389650173682,15.6125082129,1.12991156509,0.578854517108,9.15239928644,0.662379270587,0.377355652198,1.19779027155,0.357526820756,4.34256606628,3.35021095487,1.19779027155,4.34256606628,0.507119835952,0.563909424838,12128,0.0372596006144,0.110016681489,126,126,126,1,0,0.0555555555556,0.880952380952,0.0634920634921,126,0.0736507936508,2.91548800933,18.4126984127,10.5454545455,10,13.0250649695,0.707395769897,0.395874384236,10.40485845,1.13018290061,0.58416803503,6.49839052113,0.705859660054,0.398275862069,1.15823659145,0.397270229803,3.98797667635,2.91548800933,1.15823659145,3.98797667635,0.320488422322,0.376834562117,3646,0.0112012288786,0.0759935796492,126,126,126,1,0,0.126984126984,0.793650793651,0.0793650793651,126,1556,0.0987936507937,4.58745994494,24.6984126984,13.186440678,13.2991452991,16.9636174639,0.686830270066,0.38668033623,13.3957112303,1.08474268317,0.561207002081,8.8238925291,0.714531143102,0.40500673277,1.70273613044,0.371171879619,6.12863566519,4.58745994494,1.70273613044,6.12863566519,0.403217776555,0.49478321354,8536,0.0262242703533,0.103303797045,126,126,126,1,0,0.0634920634921,0.865079365079,0.0714285714286,-185,-0.011746031746,1.23724899007,-2.93650793651,-1.44381142287,-1.45509198899,-2.3769526103,-0.0130295315833,-0.00296983745187,-2.21679698264,-0.0451688819215,-0.0176475150274,-0.328506757341,0.0521518725152,0.0276510805725,0.504945858884,0.0136450588631,1.78606959891,1.23724899007,0.504945858884,1.78606959891,-0.103902059397,-0.069126211298,-3592,-0.0110353302611,-0.00671288444391,0.00793650793651,-0.015873015873,0.00793650793651,1533,23,208,13986,0.880528431936,0.998358198301,0.00164180169891,0.119471568064,0.985218508997,0.880528431936,0.929936305732,0.923588707782,0.878886630237,0.869047619048,396,581,0,3,1,3
21,WLNM_dir_neg_kfold,0.839719339616,0.343249991833,00:00:28,10,66.6666666667,3,13348,threshold_sweep,0.3,0.941919191919,0.641996557659,0.763561924258,373,23,208,1139,0.641996557659,0.980206540448,0.0197934595525,0.358003442341,0.941919191919,0.641996557659,0.763561924258,0.867469879518,0.590935169248,0.676016830295,0.699990117459,0.622203098107,1779,1198,581,0,1779,0,1198,0,581,126,1741,0.11053968254,3.35021095487,27.6349206349,14.6302521008,14.7542372881,19.3405700742,0.69985980165,0.389650173682,15.6125082129,1.12991156509,0.578854517108,9.15239928644,0.662379270587,0.377355652198,1.19779027155,0.357526820756,4.34256606628,3.35021095487,1.19779027155,4.34256606628,0.507119835952,0.563909424838,12128,0.0372596006144,0.110016681489,126,126,126,1,0,0.0555555555556,0.880952380952,0.0634920634921,126,0.0736507936508,2.91548800933,18.4126984127,10.5454545455,10,13.0250649695,0.707395769897,0.395874384236,10.40485845,1.13018290061,0.58416803503,6.49839052113,0.705859660054,0.398275862069,1.15823659145,0.397270229803,3.98797667635,2.91548800933,1.15823659145,3.98797667635,0.320488422322,0.376834562117,3646,0.0112012288786,0.0759935796492,126,126,126,1,0,0.126984126984,0.793650793651,0.0793650793651,126,1556,0.0987936507937,4.58745994494,24.6984126984,13.186440678,13.2991452991,16.9636174639,0.686830270066,0.38668033623,13.3957112303,1.08474268317,0.561207002081,8.8238925291,0.714531143102,0.40500673277,1.70273613044,0.371171879619,6.12863566519,4.58745994494,1.70273613044,6.12863566519,0.403217776555,0.49478321354,8536,0.0262242703533,0.103303797045,126,126,126,1,0,0.0634920634921,0.865079365079,0.0714285714286,-185,-0.011746031746,1.23724899007,-2.93650793651,-1.44381142287,-1.45509198899,-2.3769526103,-0.0130295315833,-0.00296983745187,-2.21679698264,-0.0451688819215,-0.0176475150274,-0.328506757341,0.0521518725152,0.0276510805725,0.504945858884,0.0136450588631,1.78606959891,1.23724899007,0.504945858884,1.78606959891,-0.103902059397,-0.069126211298,-3592,-0.0110353302611,-0.00671288444391,0.00793650793651,-0.015873015873,0.00793650793651,1533,23,208,13986,0.880528431936,0.998358198301,0.00164180169891,0.119471568064,0.985218508997,0.880528431936,0.929936305732,0.923588707782,0.878886630237,0.869047619048,396,581,0,3,1,3
22,WLNM_dir_neg_kfold,0.839719339616,0.343249991833,00:00:28,10,66.6666666667,3,13348,threshold_sweep,0.4,0.955958549223,0.635111876076,0.763185108583,369,17,212,1145,0.635111876076,0.985370051635,0.0146299483649,0.364888123924,0.955958549223,0.635111876076,0.763185108583,0.868617326449,0.592847580799,0.677313292626,0.704428130575,0.620481927711,1779,1198,581,0,1779,0,1198,0,581,126,1741,0.11053968254,3.35021095487,27.6349206349,14.6302521008,14.7542372881,19.3405700742,0.69985980165,0.389650173682,15.6125082129,1.12991156509,0.578854517108,9.15239928644,0.662379270587,0.377355652198,1.19779027155,0.357526820756,4.34256606628,3.35021095487,1.19779027155,4.34256606628,0.507119835952,0.563909424838,12128,0.0372596006144,0.110016681489,126,126,126,1,0,0.0555555555556,0.880952380952,0.0634920634921,126,0.0736507936508,2.91548800933,18.4126984127,10.5454545455,10,13.0250649695,0.707395769897,0.395874384236,10.40485845,1.13018290061,0.58416803503,6.49839052113,0.705859660054,0.398275862069,1.15823659145,0.397270229803,3.98797667635,2.91548800933,1.15823659145,3.98797667635,0.320488422322,0.376834562117,3646,0.0112012288786,0.0759935796492,126,126,126,1,0,0.126984126984,0.793650793651,0.0793650793651,126,1546,0.0981587301587,3.26734696925,24.5396825397,13.5614035088,13.2136752137,17.0395543574,0.694367350916,0.390500831639,13.4601115588,1.09700779845,0.568984989425,8.78126432666,0.715678722612,0.405839955646,1.25574532958,0.384331796225,4.33933808921,3.26734696925,1.25574532958,4.33933808921,0.411192314513,0.497171186935,8524,0.0261874039939,0.106915137671,126,126,126,1,0,0.0952380952381,0.833333333333,0.0714285714286,-195,-0.012380952381,-0.0828639856209,-3.09523809524,-1.06884859207,-1.54056207446,-2.30101571678,-0.00549245073423,0.000850657956914,-2.15239665414,-0.0329037666423,-0.00986952768356,-0.371134959783,0.0532994520257,0.0284843034482,0.0579550580261,0.0268049754693,-0.00322797706392,-0.0828639856209,0.0579550580261,-0.00322797706392,-0.0959275214385,-0.0667382379035,-3604,-0.0110721966206,-0.00310154381809,0.0396825396825,-0.047619047619,0.00793650793651,1529,17,212,13992,0.878230901781,0.998786494396,0.00121350560354,0.121769098219,0.989003880983,0.878230901781,0.93033160937,0.924274740878,0.877017396177,0.869738339022,386,581,0,3,1,3
23,WLNM_dir_neg_kfold,0.839719339616,0.343249991833,00:00:28,10,66.6666666667,3,13348,threshold_sweep,0.5,0.958441558442,0.635111876076,0.76397515528,369,16,212,1146,0.635111876076,0.986230636833,0.013769363167,0.364888123924,0.958441558442,0.635111876076,0.76397515528,0.869191049914,0.593038821954,0.678571428571,0.706060555439,0.621342512909,1779,1198,581,0,1779,0,1198,0,581,126,1741,0.11053968254,3.35021095487,27.6349206349,14.6302521008,14.7542372881,19.3405700742,0.69985980165,0.389650173682,15.6125082129,1.12991156509,0.578854517108,9.15239928644,0.662379270587,0.377355652198,1.19779027155,0.357526820756,4.34256606628,3.35021095487,1.19779027155,4.34256606628,0.507119835952,0.563909424838,12128,0.0372596006144,0.110016681489,126,126,126,1,0,0.0555555555556,0.880952380952,0.0634920634921,126,0.0736507936508,2.91548800933,18.4126984127,10.5454545455,10,13.0250649695,0.707395769897,0.395874384236,10.40485845,1.13018290061,0.58416803503,6.49839052113,0.705859660054,0.398275862069,1.15823659145,0.397270229803,3.98797667635,2.91548800933,1.15823659145,3.98797667635,0.320488422322,0.376834562117,3646,0.0112012288786,0.0759935796492,126,126,126,1,0,0.126984126984,0.793650793651,0.0793650793651,126,1545,0.0980952380952,3.25242954233,24.5238095238,13.5526315789,13.3189655172,17.0367669636,0.694703118903,0.390784404377,13.4665087214,1.09823954621,0.569738531874,8.79197686205,0.71701558875,0.406652283351,1.2591657078,0.387146190691,4.33914524064,3.25242954233,1.2591657078,4.33914524064,0.411192314513,0.497171186935,8524,0.0261874039939,0.10751564336,126,126,126,1,0,0.0952380952381,0.825396825397,0.0793650793651,-196,-0.0124444444444,-0.0977814125364,-3.11111111111,-1.07762052189,-1.43527177089,-2.30380311058,-0.00515668274644,0.0011342306943,-2.14599949154,-0.0316720188842,-0.00911598523394,-0.360422424387,0.0546363181632,0.0292966311536,0.0613754362505,0.0296193699356,-0.00342082563225,-0.0977814125364,0.0613754362505,-0.00342082563225,-0.0959275214385,-0.0667382379035,-3604,-0.0110721966206,-0.00250103812909,0.0396825396825,-0.0555555555556,0.015873015873,1529,16,212,13993,0.878230901781,0.998857877079,0.00114212292098,0.121769098219,0.989644012945,0.878230901781,0.930614729154,0.924616516774,0.87708877886,0.870233352305,385,581,0,3,1,3
24,WLNM_dir_neg_kfold,0.839719339616,0.343249991833,00:00:28,10,66.6666666667,3,13348,threshold_sweep,0.6,0.9609375,0.635111876076,0.764766839378,369,15,212,1147,0.635111876076,0.987091222031,0.012908777969,0.364888123924,0.9609375,0.635111876076,0.764766839378,0.869764773379,0.59323006311,0.679830747532,0.707697984763,0.622203098107,1779,1198,581,0,1779,0,1198,0,581,126,1741,0.11053968254,3.35021095487,27.6349206349,14.6302521008,14.7542372881,19.3405700742,0.69985980165,0.389650173682,15.6125082129,1.12991156509,0.578854517108,9.15239928644,0.662379270587,0.377355652198,1.19779027155,0.357526820756,4.34256606628,3.35021095487,1.19779027155,4.34256606628,0.507119835952,0.563909424838,12128,0.0372596006144,0.110016681489,126,126,126,1,0,0.0555555555556,0.880952380952,0.0634920634921,126,0.0736507936508,2.91548800933,18.4126984127,10.5454545455,10,13.0250649695,0.707395769897,0.395874384236,10.40485845,1.13018290061,0.58416803503,6.49839052113,0.705859660054,0.398275862069,1.15823659145,0.397270229803,3.98797667635,2.91548800933,1.15823659145,3.98797667635,0.320488422322,0.376834562117,3646,0.0112012288786,0.0759935796492,126,126,126,1,0,0.126984126984,0.793650793651,0.0793650793651,126,1544,0.0980317460317,3.2485066154,24.5079365079,13.5438596491,13.3103448276,17.0212789328,0.694521096351,0.390703388437,13.470522786,1.09927841388,0.570081832388,8.78265245396,0.716719047408,0.406458179127,1.25519992895,0.386392911438,4.3321157261,3.2485066154,1.25519992895,4.3321157261,0.411192314513,0.497171186935,8524,0.0261874039939,0.107602333528,126,126,126,1,0,0.0952380952381,0.825396825397,0.0793650793651,-197,-0.0125079365079,-0.101704339462,-3.12698412698,-1.08639245172,-1.44389246055,-2.31929114137,-0.00533870529882,0.00105321475421,-2.14198542696,-0.0306331512135,-0.00877268472086,-0.369746832483,0.0543397768217,0.0291025269289,0.0574096573962,0.0288660906819,-0.0104503401758,-0.101704339462,0.0574096573962,-0.0104503401758,-0.0959275214385,-0.0667382379035,-3604,-0.0110721966206,-0.00241434796108,0.0396825396825,-0.0555555555556,0.015873015873,1529,15,212,13994,0.878230901781,0.998929259762,0.00107074023842,0.121769098219,0.990284974093,0.878230901781,0.930898021309,0.924958608963,0.877160161542,0.870728929385,384,581,0,3,1,3
25,WLNM_dir_neg_kfold,0.839719339616,0.343249991833,00:00:28,10,66.6666666667,3,13348,threshold_sweep,0.7,0.960732984293,0.631669535284,0.76220145379,367,15,214,1147,0.631669535284,0.987091222031,0.012908777969,0.368330464716,0.960732984293,0.631669535284,0.76220145379,0.868617326449,0.59361254542,0.676705882353,0.70510395144,0.618760757315,1779,1198,581,0,1779,0,1198,0,581,126,1741,0.11053968254,3.35021095487,27.6349206349,14.6302521008,14.7542372881,19.3405700742,0.69985980165,0.389650173682,15.6125082129,1.12991156509,0.578854517108,9.15239928644,0.662379270587,0.377355652198,1.19779027155,0.357526820756,4.34256606628,3.35021095487,1.19779027155,4.34256606628,0.507119835952,0.563909424838,12128,0.0372596006144,0.110016681489,126,126,126,1,0,0.0555555555556,0.880952380952,0.0634920634921,126,0.0736507936508,2.91548800933,18.4126984127,10.5454545455,10,13.0250649695,0.707395769897,0.395874384236,10.40485845,1.13018290061,0.58416803503,6.49839052113,0.705859660054,0.398275862069,1.15823659145,0.397270229803,3.98797667635,2.91548800933,1.15823659145,3.98797667635,0.320488422322,0.376834562117,3646,0.0112012288786,0.0759935796492,126,126,126,1,0,0.126984126984,0.793650793651,0.0793650793651,126,1542,0.0979047619048,3.22951215225,24.4761904762,13.6460176991,13.2931034483,17.0311311595,0.695824424804,0.391343956519,13.4809071335,1.10155272297,0.571232989521,8.75938680176,0.715747559677,0.405986865131,1.25502589754,0.388611603975,4.30593888048,3.22951215225,1.25502589754,4.30593888048,0.412069845047,0.497838785047,8523,0.0261843317972,0.107555040741,126,126,126,1,0,0.103174603175,0.81746031746,0.0793650793651,-199,-0.0126349206349,-0.120698802618,-3.15873015873,-0.984234401725,-1.46113383986,-2.30943891468,-0.00403537684614,0.00169378283671,-2.13160107939,-0.0283588421201,-0.00762152758747,-0.393012484679,0.0533682890903,0.0286312129331,0.0572356259877,0.0310847832193,-0.0366271858009,-0.120698802618,0.0572356259877,-0.0366271858009,-0.0950499909049,-0.0660706397917,-3605,-0.0110752688172,-0.00246164074778,0.047619047619,-0.0634920634921,0.015873015873,1527,15,214,13994,0.877082136703,0.998929259762,0.00107074023842,0.122917863297,0.990272373541,0.877082136703,0.930246725556,0.924281048392,0.876011396465,0.869589977221,382,581,0,3,1,3
26,WLNM_dir_neg_kfold,0.839719339616,0.343249991833,00:00:28,10,66.6666666667,3,13348,threshold_sweep,0.8,0.960732984293,0.631669535284,0.76220145379,367,15,214,1147,0.631669535284,0.987091222031,0.012908777969,0.368330464716,0.960732984293,0.631669535284,0.76220145379,0.868617326449,0.59361254542,0.676705882353,0.70510395144,0.618760757315,1779,1198,581,0,1779,0,1198,0,581,126,1741,0.11053968254,3.35021095487,27.6349206349,14.6302521008,14.7542372881,19.3405700742,0.69985980165,0.389650173682,15.6125082129,1.12991156509,0.578854517108,9.15239928644,0.662379270587,0.377355652198,1.19779027155,0.357526820756,4.34256606628,3.35021095487,1.19779027155,4.34256606628,0.507119835952,0.563909424838,12128,0.0372596006144,0.110016681489,126,126,126,1,0,0.0555555555556,0.880952380952,0.0634920634921,126,0.0736507936508,2.91548800933,18.4126984127,10.5454545455,10,13.0250649695,0.707395769897,0.395874384236,10.40485845,1.13018290061,0.58416803503,6.49839052113,0.705859660054,0.398275862069,1.15823659145,0.397270229803,3.98797667635,2.91548800933,1.15823659145,3.98797667635,0.320488422322,0.376834562117,3646,0.0112012288786,0.0759935796492,126,126,126,1,0,0.126984126984,0.793650793651,0.0793650793651,126,1542,0.0979047619048,3.22951215225,24.4761904762,13.6460176991,13.2931034483,17.0311311595,0.695824424804,0.391343956519,13.4809071335,1.10155272297,0.571232989521,8.75938680176,0.715747559677,0.405986865131,1.25502589754,0.388611603975,4.30593888048,3.22951215225,1.25502589754,4.30593888048,0.412069845047,0.497838785047,8523,0.0261843317972,0.107555040741,126,126,126,1,0,0.103174603175,0.81746031746,0.0793650793651,-199,-0.0126349206349,-0.120698802618,-3.15873015873,-0.984234401725,-1.46113383986,-2.30943891468,-0.00403537684614,0.00169378283671,-2.13160107939,-0.0283588421201,-0.00762152758747,-0.393012484679,0.0533682890903,0.0286312129331,0.0572356259877,0.0310847832193,-0.0366271858009,-0.120698802618,0.0572356259877,-0.0366271858009,-0.0950499909049,-0.0660706397917,-3605,-0.0110752688172,-0.00246164074778,0.047619047619,-0.0634920634921,0.015873015873,1527,15,214,13994,0.877082136703,0.998929259762,0.00107074023842,0.122917863297,0.990272373541,0.877082136703,0.930246725556,0.924281048392,0.876011396465,0.869589977221,382,581,0,3,1,3
27,WLNM_dir_neg_kfold,0.839719339616,0.343249991833,00:00:28,10,66.6666666667,3,13348,threshold_sweep,0.9,0.960317460317,0.624784853701,0.757038581856,363,15,218,1147,0.624784853701,0.987091222031,0.012908777969,0.375215146299,0.960317460317,0.624784853701,0.757038581856,0.866322432587,0.59437751004,0.670438472419,0.699910288039,0.611876075731,1779,1198,581,0,1779,0,1198,0,581,126,1741,0.11053968254,3.35021095487,27.6349206349,14.6302521008,14.7542372881,19.3405700742,0.69985980165,0.389650173682,15.6125082129,1.12991156509,0.578854517108,9.15239928644,0.662379270587,0.377355652198,1.19779027155,0.357526820756,4.34256606628,3.35021095487,1.19779027155,4.34256606628,0.507119835952,0.563909424838,12128,0.0372596006144,0.110016681489,126,126,126,1,0,0.0555555555556,0.880952380952,0.0634920634921,126,0.0736507936508,2.91548800933,18.4126984127,10.5454545455,10,13.0250649695,0.707395769897,0.395874384236,10.40485845,1.13018290061,0.58416803503,6.49839052113,0.705859660054,0.398275862069,1.15823659145,0.397270229803,3.98797667635,2.91548800933,1.15823659145,3.98797667635,0.320488422322,0.376834562117,3646,0.0112012288786,0.0759935796492,126,126,126,1,0,0.126984126984,0.793650793651,0.0793650793651,126,1538,0.0976507936508,3.22851495668,24.4126984127,13.610619469,13.2586206897,16.9857680857,0.695775935889,0.391185212707,13.4618378896,1.10285537977,0.571903317027,8.73092660404,0.715277472112,0.40561851095,1.25353086229,0.388268562826,4.26859424027,3.22851495668,1.25353086229,4.26859424027,0.410347955372,0.493940758433,8410,0.0258371735791,0.107072981765,126,126,126,1,0,0.103174603175,0.81746031746,0.0793650793651,-203,-0.0128888888889,-0.121695998183,-3.22222222222,-1.01963263181,-1.49561659848,-2.35480198849,-0.00408386576068,0.00153503902433,-2.15067032335,-0.0270561853236,-0.00695120008154,-0.421472682402,0.0528982015256,0.0282628587524,0.055740590739,0.0307417420701,-0.0739718260051,-0.121695998183,0.055740590739,-0.0739718260051,-0.0967718805798,-0.0699686664054,-3718,-0.0114224270353,-0.00294369972349,0.047619047619,-0.0634920634921,0.015873015873,1523,15,218,13994,0.874784606548,0.998929259762,0.00107074023842,0.125215393452,0.990247074122,0.874784606548,0.928941750534,0.922925008692,0.87371386631,0.867312072893,378,581,0,3,1,3
28,WLNM_dir_neg_kfold,0.884080951295,0.814523178486,00:00:27,10,66.6666666667,4,13349,threshold_sweep,0.1,0.928746928747,0.650602409639,0.765182186235,378,29,203,1133,0.650602409639,0.97504302926,0.0249569707401,0.349397590361,0.928746928747,0.650602409639,0.765182186235,0.866896156053,0.588831516542,0.676279069767,0.697138358267,0.625645438898,1779,1198,581,0,1779,0,1198,0,581,126,1741,0.11053968254,3.35021095487,27.6349206349,14.6302521008,14.7542372881,19.3405700742,0.69985980165,0.389650173682,15.6125082129,1.12991156509,0.578854517108,9.15239928644,0.662379270587,0.377355652198,1.19779027155,0.357526820756,4.34256606628,3.35021095487,1.19779027155,4.34256606628,0.507119835952,0.563909424838,12128,0.0372596006144,0.110016681489,126,126,126,1,0,0.0555555555556,0.880952380952,0.0634920634921,126,0.0736507936508,2.91548800933,18.4126984127,10.5454545455,10,13.0250649695,0.707395769897,0.395874384236,10.40485845,1.13018290061,0.58416803503,6.49839052113,0.705859660054,0.398275862069,1.15823659145,0.397270229803,3.98797667635,2.91548800933,1.15823659145,3.98797667635,0.320488422322,0.376834562117,3646,0.0112012288786,0.0759935796492,126,126,126,1,0,0.126984126984,0.793650793651,0.0793650793651,126,1567,0.0994920634921,45.2096322638,24.873015873,12.536,13.5086206897,16.8446948928,0.677227682353,0.382066632226,13.2686071804,1.0669077886,0.548794076235,8.93755763662,0.718654921643,0.407395589591,7.83494579934,0.173302577504,59.8,45.2096322638,7.83494579934,59.8,0.409617255528,0.492531295599,8551,0.0262703533026,0.100166921782,126,126,126,1,0,0.00793650793651,0.912698412698,0.0793650793651,-174,-0.0110476190476,41.8594213089,-2.7619047619,-2.09425210084,-1.24561659848,-2.49587518136,-0.022632119297,-0.00758354145617,-2.34390103251,-0.0630037764966,-0.0300604408733,-0.214841649817,0.0562756510562,0.0300399373932,6.63715552778,-0.184224243251,55.4574339337,41.8594213089,6.63715552778,55.4574339337,-0.0975025804242,-0.071378129239,-3577,-0.0109892473118,-0.00984975970671,-0.047619047619,0.031746031746,0.015873015873,1538,29,203,13980,0.88340034463,0.997929902206,0.00207009779428,0.11659965537,0.981493299298,0.88340034463,0.929866989117,0.923257998282,0.881330246835,0.868926553672,407,581,0,3,1,3
29,WLNM_dir_neg_kfold,0.884080951295,0.814523178486,00:00:27,10,66.6666666667,4,13349,threshold_sweep,0.2,0.95652173913,0.643717728055,0.769547325103,374,17,207,1145,0.643717728055,0.985370051635,0.0146299483649,0.356282271945,0.95652173913,0.643717728055,0.769547325103,0.871485943775,0.591891375024,0.685098406748,0.710928057802,0.62908777969,1779,1198,581,0,1779,0,1198,0,581,126,1741,0.11053968254,3.35021095487,27.6349206349,14.6302521008,14.7542372881,19.3405700742,0.69985980165,0.389650173682,15.6125082129,1.12991156509,0.578854517108,9.15239928644,0.662379270587,0.377355652198,1.19779027155,0.357526820756,4.34256606628,3.35021095487,1.19779027155,4.34256606628,0.507119835952,0.563909424838,12128,0.0372596006144,0.110016681489,126,126,126,1,0,0.0555555555556,0.880952380952,0.0634920634921,126,0.0736507936508,2.91548800933,18.4126984127,10.5454545455,10,13.0250649695,0.707395769897,0.395874384236,10.40485845,1.13018290061,0.58416803503,6.49839052113,0.705859660054,0.398275862069,1.15823659145,0.397270229803,3.98797667635,2.91548800933,1.15823659145,3.98797667635,0.320488422322,0.376834562117,3646,0.0112012288786,0.0759935796492,126,126,126,1,0,0.126984126984,0.793650793651,0.0793650793651,126,1551,0.0984761904762,3.43888381901,24.619047619,13.1440677966,13.3706896552,16.9265978355,0.687540724461,0.38711328073,13.3671024748,1.08591548151,0.560667464923,8.87194615467,0.720738372333,0.408446163765,1.22911717158,0.357417475051,4.62737919763,3.43888381901,1.22911717158,4.62737919763,0.403811531807,0.494421847763,8509,0.0261413210445,0.105864456476,126,126,126,1,0,0.0634920634921,0.857142857143,0.0793650793651,-190,-0.0120634920635,0.0886728641389,-3.01587301587,-1.48618430423,-1.38354763296,-2.41397223864,-0.0123190771893,-0.00253689295204,-2.24540573813,-0.0439960835827,-0.0181870521856,-0.280453131766,0.0583591017466,0.0310905115676,0.0313269000298,-0.000109345704267,0.284813131351,0.0886728641389,0.0313269000298,0.284813131351,-0.103308304145,-0.0694875770755,-3619,-0.0111182795699,-0.00415222501223,0.00793650793651,-0.0238095238095,0.015873015873,1534,17,207,13992,0.881102814474,0.998786494396,0.00121350560354,0.118897185526,0.989039329465,0.881102814474,0.931956257594,0.92596850556,0.879889308871,0.872582480091,391,581,0,3,1,3
30,WLNM_dir_neg_kfold,0.884080951295,0.814523178486,00:00:27,10,66.6666666667,4,13349,threshold_sweep,0.3,0.95641025641,0.641996557659,0.768280123584,373,17,208,1145,0.641996557659,0.985370051635,0.0146299483649,0.358003442341,0.95641025641,0.641996557659,0.768280123584,0.87091222031,0.592082616179,0.683544303797,0.709628956577,0.627366609294,1779,1198,581,0,1779,0,1198,0,581,126,1741,0.11053968254,3.35021095487,27.6349206349,14.6302521008,14.7542372881,19.3405700742,0.69985980165,0.389650173682,15.6125082129,1.12991156509,0.578854517108,9.15239928644,0.662379270587,0.377355652198,1.19779027155,0.357526820756,4.34256606628,3.35021095487,1.19779027155,4.34256606628,0.507119835952,0.563909424838,12128,0.0372596006144,0.110016681489,126,126,126,1,0,0.0555555555556,0.880952380952,0.0634920634921,126,0.0736507936508,2.91548800933,18.4126984127,10.5454545455,10,13.0250649695,0.707395769897,0.395874384236,10.40485845,1.13018290061,0.58416803503,6.49839052113,0.705859660054,0.398275862069,1.15823659145,0.397270229803,3.98797667635,2.91548800933,1.15823659145,3.98797667635,0.320488422322,0.376834562117,3646,0.0112012288786,0.0759935796492,126,126,126,1,0,0.126984126984,0.793650793651,0.0793650793651,126,1550,0.0984126984127,3.43898377859,24.6031746032,13.1355932203,13.3620689655,16.9177205865,0.687623481901,0.387112135177,13.359203474,1.08597395982,0.560675883257,8.85913751221,0.720162146154,0.408172043011,1.22925168303,0.357446199858,4.62750224283,3.43898377859,1.22925168303,4.62750224283,0.403761379537,0.49399786677,8491,0.0260860215054,0.105777411907,126,126,126,1,0,0.0634920634921,0.857142857143,0.0793650793651,-191,-0.012126984127,0.0887728237207,-3.03174603175,-1.4946588805,-1.39216832262,-2.42284948771,-0.0122363197489,-0.00253803850569,-2.2533047389,-0.0439376052697,-0.0181786338519,-0.293261774225,0.0577828755675,0.0308163908131,0.0314614114751,-8.06208976619e-05,0.284936176558,0.0887728237207,0.0314614114751,0.284936176558,-0.103358456414,-0.0699115580683,-3637,-0.0111735791091,-0.00423926958152,0.00793650793651,-0.0238095238095,0.015873015873,1533,17,208,13992,0.880528431936,0.998786494396,0.00121350560354,0.119471568064,0.989032258065,0.880528431936,0.931631722881,0.925629905079,0.879314926332,0.872013651877,390,581,0,3,1,3
31,WLNM_dir_neg_kfold,0.884080951295,0.814523178486,00:00:27,10,66.6666666667,4,13349,threshold_sweep,0.4,0.970976253298,0.63339070568,0.766666666667,368,11,213,1151,0.63339070568,0.990533562823,0.00946643717728,0.36660929432,0.970976253298,0.63339070568,0.766666666667,0.871485943775,0.594186268885,0.683317624882,0.713010981282,0.623924268503,1779,1198,581,0,1779,0,1198,0,581,126,1741,0.11053968254,3.35021095487,27.6349206349,14.6302521008,14.7542372881,19.3405700742,0.69985980165,0.389650173682,15.6125082129,1.12991156509,0.578854517108,9.15239928644,0.662379270587,0.377355652198,1.19779027155,0.357526820756,4.34256606628,3.35021095487,1.19779027155,4.34256606628,0.507119835952,0.563909424838,12128,0.0372596006144,0.110016681489,126,126,126,1,0,0.0555555555556,0.880952380952,0.0634920634921,126,0.0736507936508,2.91548800933,18.4126984127,10.5454545455,10,13.0250649695,0.707395769897,0.395874384236,10.40485845,1.13018290061,0.58416803503,6.49839052113,0.705859660054,0.398275862069,1.15823659145,0.397270229803,3.98797667635,2.91548800933,1.15823659145,3.98797667635,0.320488422322,0.376834562117,3646,0.0112012288786,0.0759935796492,126,126,126,1,0,0.126984126984,0.793650793651,0.0793650793651,126,1539,0.0977142857143,3.19509806329,24.4285714286,13.3826086957,13.2672413793,16.9646354851,0.694458762549,0.39044628031,13.4257109415,1.09918101276,0.568525222521,8.79782440639,0.720289717482,0.408361438576,1.22206083266,0.382479914059,4.29302232621,3.19509806329,1.22206083266,4.29302232621,0.411558476126,0.496963424398,8483,0.0260614439324,0.107305361868,126,126,126,1,0,0.0873015873016,0.833333333333,0.0793650793651,-202,-0.0128253968254,-0.155112891575,-3.20634920635,-1.24764340519,-1.48699590883,-2.37593458905,-0.00540103910121,0.000796106627489,-2.18679727138,-0.0307305523359,-0.0103292945871,-0.354574880047,0.0579104468958,0.0310057863782,0.0242705611046,0.0249530933037,-0.0495437400708,-0.155112891575,0.0242705611046,-0.0495437400708,-0.0955613598259,-0.0669460004404,-3645,-0.011198156682,-0.00271131962086,0.031746031746,-0.047619047619,0.015873015873,1528,11,213,13998,0.877656519242,0.999214790492,0.000785209508173,0.122343480758,0.992852501624,0.877656519242,0.931707317073,0.925991892479,0.876871309734,0.872146118721,379,581,0,3,1,3
32,WLNM_dir_neg_kfold,0.884080951295,0.814523178486,00:00:27,10,66.6666666667,4,13349,threshold_sweep,0.5,0.973474801061,0.631669535284,0.76617954071,367,10,214,1152,0.631669535284,0.991394148021,0.00860585197935,0.368330464716,0.973474801061,0.631669535284,0.76617954071,0.871485943775,0.594568751195,0.683018867925,0.713390864525,0.623063683305,1779,1198,581,0,1779,0,1198,0,581,126,1741,0.11053968254,3.35021095487,27.6349206349,14.6302521008,14.7542372881,19.3405700742,0.69985980165,0.389650173682,15.6125082129,1.12991156509,0.578854517108,9.15239928644,0.662379270587,0.377355652198,1.19779027155,0.357526820756,4.34256606628,3.35021095487,1.19779027155,4.34256606628,0.507119835952,0.563909424838,12128,0.0372596006144,0.110016681489,126,126,126,1,0,0.0555555555556,0.880952380952,0.0634920634921,126,0.0736507936508,2.91548800933,18.4126984127,10.5454545455,10,13.0250649695,0.707395769897,0.395874384236,10.40485845,1.13018290061,0.58416803503,6.49839052113,0.705859660054,0.398275862069,1.15823659145,0.397270229803,3.98797667635,2.91548800933,1.15823659145,3.98797667635,0.320488422322,0.376834562117,3646,0.0112012288786,0.0759935796492,126,126,126,1,0,0.126984126984,0.793650793651,0.0793650793651,126,1537,0.0975873015873,3.19442097175,24.3968253968,13.3652173913,13.25,16.9314284643,0.694001296845,0.390143652343,13.4074724486,1.09911615389,0.568469808223,8.8018360278,0.721555848733,0.409058049592,1.22113212146,0.38227025563,4.29219045357,3.19442097175,1.22113212146,4.29219045357,0.411022460234,0.495844008527,8451,0.0259631336406,0.107318927883,126,126,126,1,0,0.0873015873016,0.833333333333,0.0793650793651,-204,-0.0129523809524,-0.155789983118,-3.2380952381,-1.26503470954,-1.50423728814,-2.40914160988,-0.00585850480526,0.000493478660402,-2.2050357643,-0.0307954112058,-0.0103847088858,-0.350563258637,0.0591765781467,0.0317023973939,0.0233418499054,0.0247434348742,-0.0503756127082,-0.155789983118,0.0233418499054,-0.0503756127082,-0.0960973757176,-0.0680654163113,-3677,-0.0112964669739,-0.00269775360566,0.031746031746,-0.047619047619,0.015873015873,1527,10,214,13999,0.877082136703,0.999286173174,0.000713826825612,0.122917863297,0.993493819128,0.877082136703,0.931665649786,0.925997482984,0.876368309877,0.872073101085,377,581,0,3,1,3
33,WLNM_dir_neg_kfold,0.884080951295,0.814523178486,00:00:27,10,66.6666666667,4,13349,threshold_sweep,0.6,0.973474801061,0.631669535284,0.76617954071,367,10,214,1152,0.631669535284,0.991394148021,0.00860585197935,0.368330464716,0.973474801061,0.631669535284,0.76617954071,0.871485943775,0.594568751195,0.683018867925,0.713390864525,0.623063683305,1779,1198,581,0,1779,0,1198,0,581,126,1741,0.11053968254,3.35021095487,27.6349206349,14.6302521008,14.7542372881,19.3405700742,0.69985980165,0.389650173682,15.6125082129,1.12991156509,0.578854517108,9.15239928644,0.662379270587,0.377355652198,1.19779027155,0.357526820756,4.34256606628,3.35021095487,1.19779027155,4.34256606628,0.507119835952,0.563909424838,12128,0.0372596006144,0.110016681489,126,126,126,1,0,0.0555555555556,0.880952380952,0.0634920634921,126,0.0736507936508,2.91548800933,18.4126984127,10.5454545455,10,13.0250649695,0.707395769897,0.395874384236,10.40485845,1.13018290061,0.58416803503,6.49839052113,0.705859660054,0.398275862069,1.15823659145,0.397270229803,3.98797667635,2.91548800933,1.15823659145,3.98797667635,0.320488422322,0.376834562117,3646,0.0112012288786,0.0759935796492,126,126,126,1,0,0.126984126984,0.793650793651,0.0793650793651,126,1537,0.0975873015873,3.19442097175,24.3968253968,13.3652173913,13.25,16.9314284643,0.694001296845,0.390143652343,13.4074724486,1.09911615389,0.568469808223,8.8018360278,0.721555848733,0.409058049592,1.22113212146,0.38227025563,4.29219045357,3.19442097175,1.22113212146,4.29219045357,0.411022460234,0.495844008527,8451,0.0259631336406,0.107318927883,126,126,126,1,0,0.0873015873016,0.833333333333,0.0793650793651,-204,-0.0129523809524,-0.155789983118,-3.2380952381,-1.26503470954,-1.50423728814,-2.40914160988,-0.00585850480526,0.000493478660402,-2.2050357643,-0.0307954112058,-0.0103847088858,-0.350563258637,0.0591765781467,0.0317023973939,0.0233418499054,0.0247434348742,-0.0503756127082,-0.155789983118,0.0233418499054,-0.0503756127082,-0.0960973757176,-0.0680654163113,-3677,-0.0112964669739,-0.00269775360566,0.031746031746,-0.047619047619,0.015873015873,1527,10,214,13999,0.877082136703,0.999286173174,0.000713826825612,0.122917863297,0.993493819128,0.877082136703,0.931665649786,0.925997482984,0.876368309877,0.872073101085,377,581,0,3,1,3
34,WLNM_dir_neg_kfold,0.884080951295,0.814523178486,00:00:27,10,66.6666666667,4,13349,threshold_sweep,0.7,0.976063829787,0.631669535284,0.76698014629,367,9,214,1153,0.631669535284,0.992254733219,0.00774526678141,0.368330464716,0.976063829787,0.631669535284,0.76698014629,0.87205966724,0.59475999235,0.684285040113,0.715063860078,0.623924268503,1779,1198,581,0,1779,0,1198,0,581,126,1741,0.11053968254,3.35021095487,27.6349206349,14.6302521008,14.7542372881,19.3405700742,0.69985980165,0.389650173682,15.6125082129,1.12991156509,0.578854517108,9.15239928644,0.662379270587,0.377355652198,1.19779027155,0.357526820756,4.34256606628,3.35021095487,1.19779027155,4.34256606628,0.507119835952,0.563909424838,12128,0.0372596006144,0.110016681489,126,126,126,1,0,0.0555555555556,0.880952380952,0.0634920634921,126,0.0736507936508,2.91548800933,18.4126984127,10.5454545455,10,13.0250649695,0.707395769897,0.395874384236,10.40485845,1.13018290061,0.58416803503,6.49839052113,0.705859660054,0.398275862069,1.15823659145,0.397270229803,3.98797667635,2.91548800933,1.15823659145,3.98797667635,0.320488422322,0.376834562117,3646,0.0112012288786,0.0759935796492,126,126,126,1,0,0.126984126984,0.793650793651,0.0793650793651,126,1536,0.0975238095238,3.16917217297,24.380952381,13.3565217391,13.2413793103,16.9237618243,0.694138668575,0.390185805225,13.4138521153,1.10035505633,0.56923776455,8.80973487521,0.722673563982,0.409670552249,1.21023468094,0.381877226885,4.2419855898,3.16917217297,1.21023468094,4.2419855898,0.411022460234,0.495844008527,8451,0.0259631336406,0.10799740001,126,126,126,1,0,0.0873015873016,0.833333333333,0.0793650793651,-205,-0.0130158730159,-0.181038781896,-3.25396825397,-1.27373036171,-1.51285797779,-2.41680824986,-0.00572113307492,0.000535631542528,-2.19865609761,-0.0295565087593,-0.00961675255813,-0.342664411233,0.0602942933951,0.032314900051,0.0124444093819,0.0243504061297,-0.100580476476,-0.181038781896,0.0124444093819,-0.100580476476,-0.0960973757176,-0.0680654163113,-3677,-0.0112964669739,-0.00201928147864,0.031746031746,-0.047619047619,0.015873015873,1527,9,214,14000,0.877082136703,0.999357555857,0.000642444143051,0.122917863297,0.994140625,0.877082136703,0.931949954226,0.92634172782,0.87643969256,0.872571428571,376,581,0,3,1,3
35,WLNM_dir_neg_kfold,0.884080951295,0.814523178486,00:00:27,10,66.6666666667,4,13349,threshold_sweep,0.8,0.978436657682,0.624784853701,0.762605042017,363,8,218,1154,0.624784853701,0.993115318417,0.00688468158348,0.375215146299,0.978436657682,0.624784853701,0.762605042017,0.870338496845,0.595716198126,0.679280983917,0.71161556038,0.617900172117,1779,1198,581,0,1779,0,1198,0,581,126,1741,0.11053968254,3.35021095487,27.6349206349,14.6302521008,14.7542372881,19.3405700742,0.69985980165,0.389650173682,15.6125082129,1.12991156509,0.578854517108,9.15239928644,0.662379270587,0.377355652198,1.19779027155,0.357526820756,4.34256606628,3.35021095487,1.19779027155,4.34256606628,0.507119835952,0.563909424838,12128,0.0372596006144,0.110016681489,126,126,126,1,0,0.0555555555556,0.880952380952,0.0634920634921,126,0.0736507936508,2.91548800933,18.4126984127,10.5454545455,10,13.0250649695,0.707395769897,0.395874384236,10.40485845,1.13018290061,0.58416803503,6.49839052113,0.705859660054,0.398275862069,1.15823659145,0.397270229803,3.98797667635,2.91548800933,1.15823659145,3.98797667635,0.320488422322,0.376834562117,3646,0.0112012288786,0.0759935796492,126,126,126,1,0,0.126984126984,0.793650793651,0.0793650793651,126,1531,0.0972063492063,3.16729726835,24.3015873016,13.3130434783,13.1982758621,16.9154461206,0.696063426258,0.391242366749,13.4092907853,1.10357324556,0.570562864815,8.78186081449,0.722739688194,0.409800628285,1.21009607375,0.382059519908,4.24029266552,3.16729726835,1.21009607375,4.24029266552,0.409525453457,0.49516509434,8398,0.0258003072197,0.107345408568,126,126,126,1,0,0.0873015873016,0.833333333333,0.0793650793651,-210,-0.0133333333333,-0.182913686514,-3.33333333333,-1.31720862258,-1.55596142607,-2.42512395352,-0.00379637539221,0.00159219306623,-2.2032174276,-0.0263383195353,-0.00829165229341,-0.370538471949,0.0603604176079,0.0324449760876,0.0123058021977,0.024532699152,-0.102273400756,-0.182913686514,0.0123058021977,-0.102273400756,-0.0975943824945,-0.0687443304988,-3730,-0.0114592933948,-0.00267127292096,0.031746031746,-0.047619047619,0.015873015873,1523,8,218,14001,0.874784606548,0.99942893854,0.00057106146049,0.125215393452,0.994774657087,0.874784606548,0.930929095355,0.925333663281,0.874213545087,0.870783304746,371,581,0,3,1,3
36,WLNM_dir_neg_kfold,0.884080951295,0.814523178486,00:00:27,10,66.6666666667,4,13349,threshold_sweep,0.9,0.988980716253,0.617900172117,0.760593220339,359,4,222,1158,0.617900172117,0.996557659208,0.00344234079174,0.382099827883,0.988980716253,0.617900172117,0.760593220339,0.870338496845,0.597246127367,0.678062678063,0.713329784855,0.614457831325,1779,1198,581,0,1779,0,1198,0,581,126,1741,0.11053968254,3.35021095487,27.6349206349,14.6302521008,14.7542372881,19.3405700742,0.69985980165,0.389650173682,15.6125082129,1.12991156509,0.578854517108,9.15239928644,0.662379270587,0.377355652198,1.19779027155,0.357526820756,4.34256606628,3.35021095487,1.19779027155,4.34256606628,0.507119835952,0.563909424838,12128,0.0372596006144,0.110016681489,126,126,126,1,0,0.0555555555556,0.880952380952,0.0634920634921,126,0.0736507936508,2.91548800933,18.4126984127,10.5454545455,10,13.0250649695,0.707395769897,0.395874384236,10.40485845,1.13018290061,0.58416803503,6.49839052113,0.705859660054,0.398275862069,1.15823659145,0.397270229803,3.98797667635,2.91548800933,1.15823659145,3.98797667635,0.320488422322,0.376834562117,3646,0.0112012288786,0.0759935796492,126,126,126,1,0,0.126984126984,0.793650793651,0.0793650793651,126,1523,0.0966984126984,2.93947528846,24.1746031746,13.8454545455,13.1293103448,16.9616411305,0.701630591743,0.394157312739,13.446200856,1.11242370838,0.576092507478,8.72607113541,0.72192052729,0.409222607844,1.1704993198,0.39820008843,3.99027188297,2.93947528846,1.1704993198,3.99027188297,0.414643543217,0.49616615944,8369,0.0257112135177,0.109396195025,126,126,126,1,0,0.126984126984,0.793650793651,0.0793650793651,-218,-0.0138412698413,-0.41073566641,-3.46031746032,-0.784797555386,-1.62492694331,-2.37892894362,0.00177079009286,0.00450713905672,-2.1663073569,-0.0174878567165,-0.00276200963046,-0.426328151025,0.0595412567031,0.0318669556461,-0.0272909517515,0.0406732676748,-0.352294183306,-0.41073566641,-0.0272909517515,-0.352294183306,-0.0924762927352,-0.0677432653981,-3759,-0.0115483870968,-0.000620486463644,0.0714285714286,-0.0873015873016,0.015873015873,1519,4,222,14005,0.872487076393,0.99971446927,0.000285530730245,0.127512923607,0.997373604728,0.872487076393,0.930759803922,0.925365252609,0.872201545663,0.870487106017,363,581,0,3,1,3
37,WLNM_dir_neg_kfold,0.848919158315,0.443367179399,00:00:28,10,66.6666666667,5,13350,threshold_sweep,0.1,0.946835443038,0.643717728055,0.766393442623,374,21,207,1141,0.643717728055,0.981927710843,0.0180722891566,0.356282271945,0.946835443038,0.643717728055,0.766393442623,0.869191049914,0.591126410404,0.680074836296,0.704491762126,0.625645438898,1779,1198,581,0,1779,0,1198,0,581,126,1741,0.11053968254,3.35021095487,27.6349206349,14.6302521008,14.7542372881,19.3405700742,0.69985980165,0.389650173682,15.6125082129,1.12991156509,0.578854517108,9.15239928644,0.662379270587,0.377355652198,1.19779027155,0.357526820756,4.34256606628,3.35021095487,1.19779027155,4.34256606628,0.507119835952,0.563909424838,12128,0.0372596006144,0.110016681489,126,126,126,1,0,0.0555555555556,0.880952380952,0.0634920634921,126,0.0736507936508,2.91548800933,18.4126984127,10.5454545455,10,13.0250649695,0.707395769897,0.395874384236,10.40485845,1.13018290061,0.58416803503,6.49839052113,0.705859660054,0.398275862069,1.15823659145,0.397270229803,3.98797667635,2.91548800933,1.15823659145,3.98797667635,0.320488422322,0.376834562117,3646,0.0112012288786,0.0759935796492,126,126,126,1,0,0.126984126984,0.793650793651,0.0793650793651,126,1555,0.0987301587302,9.37934750385,24.6825396825,12.6422764228,13.4051724138,16.7836352647,0.679980078248,0.383274638902,13.2225036651,1.07140544168,0.55266166488,8.89778641993,0.720978192225,0.408130454754,2.41529254933,0.257511788356,11.5071658002,9.37934750385,2.41529254933,11.5071658002,0.408845695068,0.488463768116,8426,0.025886328725,0.0990150154181,126,126,126,1,0,0.0238095238095,0.896825396825,0.0793650793651,-186,-0.0118095238095,6.02913654898,-2.95238095238,-1.98797567808,-1.34906487434,-2.55693480947,-0.0198797234016,-0.00637553478069,-2.39000454778,-0.0585061234166,-0.0261928522281,-0.254612866514,0.0585989216388,0.0307748025566,1.21750227778,-0.100015032399,7.16459973391,6.02913654898,1.21750227778,7.16459973391,-0.0982741408837,-0.0754456567225,-3702,-0.0113732718894,-0.0110016660705,-0.031746031746,0.015873015873,0.015873015873,1534,21,207,13988,0.881102814474,0.998500963666,0.00149903633379,0.118897185526,0.986495176849,0.881102814474,0.930825242718,0.924606930026,0.879603778141,0.870601589103,395,581,0,3,1,3
38,WLNM_dir_neg_kfold,0.848919158315,0.443367179399,00:00:28,10,66.6666666667,5,13350,threshold_sweep,0.2,0.966057441253,0.636833046472,0.767634854772,370,13,211,1149,0.636833046472,0.988812392427,0.0111876075731,0.363166953528,0.966057441253,0.636833046472,0.767634854772,0.871485943775,0.593421304265,0.683913452493,0.712279707785,0.625645438898,1779,1198,581,0,1779,0,1198,0,581,126,1741,0.11053968254,3.35021095487,27.6349206349,14.6302521008,14.7542372881,19.3405700742,0.69985980165,0.389650173682,15.6125082129,1.12991156509,0.578854517108,9.15239928644,0.662379270587,0.377355652198,1.19779027155,0.357526820756,4.34256606628,3.35021095487,1.19779027155,4.34256606628,0.507119835952,0.563909424838,12128,0.0372596006144,0.110016681489,126,126,126,1,0,0.0555555555556,0.880952380952,0.0634920634921,126,0.0736507936508,2.91548800933,18.4126984127,10.5454545455,10,13.0250649695,0.707395769897,0.395874384236,10.40485845,1.13018290061,0.58416803503,6.49839052113,0.705859660054,0.398275862069,1.15823659145,0.397270229803,3.98797667635,2.91548800933,1.15823659145,3.98797667635,0.320488422322,0.376834562117,3646,0.0112012288786,0.0759935796492,126,126,126,1,0,0.126984126984,0.793650793651,0.0793650793651,126,1543,0.0979682539683,3.55406553183,24.4920634921,13.188034188,13.3017241379,16.8512295251,0.688028165964,0.387129792509,13.2988339386,1.08597088546,0.562072441852,8.82513366057,0.720652521861,0.408074355255,1.24789423152,0.351117395093,4.68225110696,3.55406553183,1.24789423152,4.68225110696,0.403888922413,0.490627435698,8393,0.0257849462366,0.103921956961,126,126,126,1,0,0.0714285714286,0.849206349206,0.0793650793651,-198,-0.0125714285714,0.203854576961,-3.14285714286,-1.44221791281,-1.4525131502,-2.48934054905,-0.0118316356862,-0.00252038117342,-2.3136742743,-0.0439406796325,-0.0167820752563,-0.327265625866,0.0582732512748,0.0307187030575,0.0501039599706,-0.00640942566274,0.33968504068,0.203854576961,0.0501039599706,0.33968504068,-0.103230913539,-0.0732819891408,-3735,-0.0114746543779,-0.00609472452809,0.015873015873,-0.031746031746,0.015873015873,1530,13,211,13996,0.878805284319,0.999072025127,0.000927974873296,0.121194715681,0.99157485418,0.878805284319,0.931790499391,0.925982169039,0.877877309446,0.872291904219,383,581,0,3,1,3
39,WLNM_dir_neg_kfold,0.848919158315,0.443367179399,00:00:28,10,66.6666666667,5,13350,threshold_sweep,0.3,0.970822281167,0.629948364888,0.764091858038,366,11,215,1151,0.629948364888,0.990533562823,0.00946643717728,0.370051635112,0.970822281167,0.629948364888,0.764091858038,0.870338496845,0.594568751195,0.680188679245,0.710434825031,0.620481927711,1779,1198,581,0,1779,0,1198,0,581,126,1741,0.11053968254,3.35021095487,27.6349206349,14.6302521008,14.7542372881,19.3405700742,0.69985980165,0.389650173682,15.6125082129,1.12991156509,0.578854517108,9.15239928644,0.662379270587,0.377355652198,1.19779027155,0.357526820756,4.34256606628,3.35021095487,1.19779027155,4.34256606628,0.507119835952,0.563909424838,12128,0.0372596006144,0.110016681489,126,126,126,1,0,0.0555555555556,0.880952380952,0.0634920634921,126,0.0736507936508,2.91548800933,18.4126984127,10.5454545455,10,13.0250649695,0.707395769897,0.395874384236,10.40485845,1.13018290061,0.58416803503,6.49839052113,0.705859660054,0.398275862069,1.15823659145,0.397270229803,3.98797667635,2.91548800933,1.15823659145,3.98797667635,0.320488422322,0.376834562117,3646,0.0112012288786,0.0759935796492,126,126,126,1,0,0.126984126984,0.793650793651,0.0793650793651,126,1537,0.0975873015873,3.14944560561,24.3968253968,13.4824561404,13.25,16.8755820593,0.691712211931,0.389023143415,13.3386775004,1.09347648995,0.566982681166,8.76905453628,0.718868491589,0.407405686196,1.2745352914,0.404685602167,4.55243843862,3.14944560561,1.2745352914,4.55243843862,0.409357830886,0.492424242424,8385,0.0257603686636,0.105437025439,126,126,126,1,0,0.0952380952381,0.825396825397,0.0793650793651,-204,-0.0129523809524,-0.200765349261,-3.2380952381,-1.14779596049,-1.50423728814,-2.46498801483,-0.00814758971881,-0.000627030267524,-2.27383071249,-0.0364350751432,-0.0118718359422,-0.383344750156,0.056489221002,0.0300500339978,0.0767450198418,0.0471587814111,0.209872372344,-0.200765349261,0.0767450198418,0.209872372344,-0.0977620050662,-0.0714851824142,-3743,-0.0114992319508,-0.00457965604917,0.0396825396825,-0.0555555555556,0.015873015873,1526,11,215,13998,0.876507754164,0.999214790492,0.000785209508173,0.123492245836,0.992843201041,0.876507754164,0.93105552166,0.925315147757,0.875722544656,0.87100456621,377,581,0,3,1,3
40,WLNM_dir_neg_kfold,0.848919158315,0.443367179399,00:00:28,10,66.6666666667,5,13350,threshold_sweep,0.4,0.976,0.629948364888,0.765690376569,366,9,215,1153,0.629948364888,0.992254733219,0.00774526678141,0.370051635112,0.976,0.629948364888,0.765690376569,0.871485943775,0.594951233505,0.682719546742,0.7137803977,0.622203098107,1779,1198,581,0,1779,0,1198,0,581,126,1741,0.11053968254,3.35021095487,27.6349206349,14.6302521008,14.7542372881,19.3405700742,0.69985980165,0.389650173682,15.6125082129,1.12991156509,0.578854517108,9.15239928644,0.662379270587,0.377355652198,1.19779027155,0.357526820756,4.34256606628,3.35021095487,1.19779027155,4.34256606628,0.507119835952,0.563909424838,12128,0.0372596006144,0.110016681489,126,126,126,1,0,0.0555555555556,0.880952380952,0.0634920634921,126,0.0736507936508,2.91548800933,18.4126984127,10.5454545455,10,13.0250649695,0.707395769897,0.395874384236,10.40485845,1.13018290061,0.58416803503,6.49839052113,0.705859660054,0.398275862069,1.15823659145,0.397270229803,3.98797667635,2.91548800933,1.15823659145,3.98797667635,0.320488422322,0.376834562117,3646,0.0112012288786,0.0759935796492,126,126,126,1,0,0.126984126984,0.793650793651,0.0793650793651,126,1535,0.0974603174603,3.14880043041,24.3650793651,13.4649122807,13.2327586207,16.8725116919,0.692487450547,0.38942660669,13.3341071204,1.09452605679,0.567276769557,8.78580745853,0.721180286498,0.408691381004,1.27371391455,0.404507666556,4.55100268769,3.14880043041,1.27371391455,4.55100268769,0.40848457496,0.492027066784,8362,0.0256897081413,0.105741322696,126,126,126,1,0,0.0952380952381,0.825396825397,0.0793650793651,-206,-0.0130793650794,-0.201410524458,-3.26984126984,-1.16533982014,-1.52147866745,-2.46805838225,-0.00737235110236,-0.000223566991889,-2.27840109251,-0.0353855083045,-0.0115777475515,-0.366591827906,0.0588010159118,0.0313357288064,0.0759236430009,0.0469808458004,0.208436621411,-0.201410524458,0.0759236430009,0.208436621411,-0.0986352609914,-0.0718823580541,-3766,-0.0115698924731,-0.00427535879282,0.0396825396825,-0.0555555555556,0.015873015873,1526,9,215,14000,0.876507754164,0.999357555857,0.000642444143051,0.123492245836,0.994136807818,0.876507754164,0.931623931624,0.926003561601,0.875865310021,0.872,375,581,0,3,1,3
41,WLNM_dir_neg_kfold,0.848919158315,0.443367179399,00:00:28,10,66.6666666667,5,13350,threshold_sweep,0.5,0.978436657682,0.624784853701,0.762605042017,363,8,218,1154,0.624784853701,0.993115318417,0.00688468158348,0.375215146299,0.978436657682,0.624784853701,0.762605042017,0.870338496845,0.595716198126,0.679280983917,0.71161556038,0.617900172117,1779,1198,581,0,1779,0,1198,0,581,126,1741,0.11053968254,3.35021095487,27.6349206349,14.6302521008,14.7542372881,19.3405700742,0.69985980165,0.389650173682,15.6125082129,1.12991156509,0.578854517108,9.15239928644,0.662379270587,0.377355652198,1.19779027155,0.357526820756,4.34256606628,3.35021095487,1.19779027155,4.34256606628,0.507119835952,0.563909424838,12128,0.0372596006144,0.110016681489,126,126,126,1,0,0.0555555555556,0.880952380952,0.0634920634921,126,0.0736507936508,2.91548800933,18.4126984127,10.5454545455,10,13.0250649695,0.707395769897,0.395874384236,10.40485845,1.13018290061,0.58416803503,6.49839052113,0.705859660054,0.398275862069,1.15823659145,0.397270229803,3.98797667635,2.91548800933,1.15823659145,3.98797667635,0.320488422322,0.376834562117,3646,0.0112012288786,0.0759935796492,126,126,126,1,0,0.126984126984,0.793650793651,0.0793650793651,126,1531,0.0972063492063,3.14786402471,24.3015873016,13.4298245614,13.1982758621,16.8419808057,0.693040359739,0.389697572911,13.3231032183,1.09648008198,0.567701367505,8.74443133457,0.719659273779,0.407892963412,1.27233810363,0.404190935073,4.55012269301,3.14786402471,1.27233810363,4.55012269301,0.406977735406,0.491188645772,8306,0.0255176651306,0.10553162505,126,126,126,1,0,0.0952380952381,0.825396825397,0.0793650793651,-210,-0.0133333333333,-0.202346930154,-3.33333333333,-1.20042753944,-1.55596142607,-2.49858926844,-0.00681944191076,4.73992288197e-05,-2.28940499463,-0.0334314831183,-0.011153149603,-0.407967951865,0.0572800031928,0.0305373112145,0.0745478320759,0.046664114317,0.207556626736,-0.202346930154,0.0745478320759,0.207556626736,-0.100142100545,-0.0727207790667,-3822,-0.0117419354839,-0.00448505643849,0.0396825396825,-0.0555555555556,0.015873015873,1523,8,218,14001,0.874784606548,0.99942893854,0.00057106146049,0.125215393452,0.994774657087,0.874784606548,0.930929095355,0.925333663281,0.874213545087,0.870783304746,371,581,0,3,1,3
42,WLNM_dir_neg_kfold,0.848919158315,0.443367179399,00:00:28,10,66.6666666667,5,13350,threshold_sweep,0.6,0.978319783198,0.621342512909,0.76,361,8,220,1154,0.621342512909,0.993115318417,0.00688468158348,0.378657487091,0.978319783198,0.621342512909,0.76,0.869191049914,0.596098680436,0.676136363636,0.709049678604,0.614457831325,1779,1198,581,0,1779,0,1198,0,581,126,1741,0.11053968254,3.35021095487,27.6349206349,14.6302521008,14.7542372881,19.3405700742,0.69985980165,0.389650173682,15.6125082129,1.12991156509,0.578854517108,9.15239928644,0.662379270587,0.377355652198,1.19779027155,0.357526820756,4.34256606628,3.35021095487,1.19779027155,4.34256606628,0.507119835952,0.563909424838,12128,0.0372596006144,0.110016681489,126,126,126,1,0,0.0555555555556,0.880952380952,0.0634920634921,126,0.0736507936508,2.91548800933,18.4126984127,10.5454545455,10,13.0250649695,0.707395769897,0.395874384236,10.40485845,1.13018290061,0.58416803503,6.49839052113,0.705859660054,0.398275862069,1.15823659145,0.397270229803,3.98797667635,2.91548800933,1.15823659145,3.98797667635,0.320488422322,0.376834562117,3646,0.0112012288786,0.0759935796492,126,126,126,1,0,0.126984126984,0.793650793651,0.0793650793651,126,1529,0.0970793650794,3.12842853342,24.2698412698,13.6517857143,13.1810344828,16.8657820208,0.69492757836,0.39073676124,13.3370780456,1.09906594751,0.569482076676,8.73553952505,0.71986787453,0.40786591506,1.28807412114,0.411731994956,4.50238622521,3.12842853342,1.28807412114,4.50238622521,0.410403364918,0.491624741048,8306,0.0255176651306,0.107278515484,126,126,126,1,0,0.111111111111,0.809523809524,0.0793650793651,-212,-0.0134603174603,-0.221782421444,-3.36507936508,-0.978466386555,-1.57320280538,-2.47478805332,-0.00493222328937,0.00108658755802,-2.27543016735,-0.0308456175839,-0.00937244043207,-0.416859761393,0.057488603943,0.0305102628625,0.0902838495894,0.0542051742004,0.159820158929,-0.221782421444,0.0902838495894,0.159820158929,-0.0967164710342,-0.0722846837908,-3822,-0.0117419354839,-0.00273816600479,0.0555555555556,-0.0714285714286,0.015873015873,1521,8,220,14001,0.87363584147,0.99942893854,0.00057106146049,0.12636415853,0.994767822106,0.87363584147,0.930275229358,0.924656892175,0.87306478001,0.869639794168,369,581,0,3,1,3
43,WLNM_dir_neg_kfold,0.848919158315,0.443367179399,00:00:28,10,66.6666666667,5,13350,threshold_sweep,0.7,0.98087431694,0.617900172117,0.75818373812,359,7,222,1155,0.617900172117,0.993975903614,0.00602409638554,0.382099827883,0.98087431694,0.617900172117,0.75818373812,0.868617326449,0.596672403901,0.674253200569,0.708185597315,0.611876075731,1779,1198,581,0,1779,0,1198,0,581,126,1741,0.11053968254,3.35021095487,27.6349206349,14.6302521008,14.7542372881,19.3405700742,0.69985980165,0.389650173682,15.6125082129,1.12991156509,0.578854517108,9.15239928644,0.662379270587,0.377355652198,1.19779027155,0.357526820756,4.34256606628,3.35021095487,1.19779027155,4.34256606628,0.507119835952,0.563909424838,12128,0.0372596006144,0.110016681489,126,126,126,1,0,0.0555555555556,0.880952380952,0.0634920634921,126,0.0736507936508,2.91548800933,18.4126984127,10.5454545455,10,13.0250649695,0.707395769897,0.395874384236,10.40485845,1.13018290061,0.58416803503,6.49839052113,0.705859660054,0.398275862069,1.15823659145,0.397270229803,3.98797667635,2.91548800933,1.15823659145,3.98797667635,0.320488422322,0.376834562117,3646,0.0112012288786,0.0759935796492,126,126,126,1,0,0.126984126984,0.793650793651,0.0793650793651,126,1526,0.0968888888889,3.10685386788,24.2222222222,13.7477477477,13.1551724138,16.8650592119,0.69626391242,0.391296885727,13.3531852213,1.10255657791,0.571251742287,8.69779026854,0.718166168962,0.407050281886,1.28513479154,0.413645071893,4.48691980857,3.10685386788,1.28513479154,4.48691980857,0.411462851927,0.492528462998,8306,0.0255176651306,0.106911928785,126,126,126,1,0,0.119047619048,0.801587301587,0.0793650793651,-215,-0.0136507936508,-0.243357086982,-3.4126984127,-0.882504353093,-1.59906487434,-2.47551086222,-0.0035958892303,0.00164671204443,-2.25932299157,-0.0273549871841,-0.00760277482127,-0.454609017897,0.0557868983756,0.0296946296888,0.0873445199892,0.0561182511377,0.144353742297,-0.243357086982,0.0873445199892,0.144353742297,-0.0956569840246,-0.0713809618403,-3822,-0.0117419354839,-0.0031047527035,0.0634920634921,-0.0793650793651,0.015873015873,1519,7,222,14002,0.872487076393,0.999500321222,0.000499678777928,0.127512923607,0.995412844037,0.872487076393,0.929905111723,0.924325688448,0.871987397615,0.868993135011,366,581,0,3,1,3
44,WLNM_dir_neg_kfold,0.848919158315,0.443367179399,00:00:28,10,66.6666666667,5,13350,threshold_sweep,0.8,0.983516483516,0.616179001721,0.757671957672,358,6,223,1156,0.616179001721,0.994836488812,0.00516351118761,0.383820998279,0.983516483516,0.616179001721,0.757671957672,0.868617326449,0.597054886212,0.673943996203,0.708615301384,0.611015490534,1779,1198,581,0,1779,0,1198,0,581,126,1741,0.11053968254,3.35021095487,27.6349206349,14.6302521008,14.7542372881,19.3405700742,0.69985980165,0.389650173682,15.6125082129,1.12991156509,0.578854517108,9.15239928644,0.662379270587,0.377355652198,1.19779027155,0.357526820756,4.34256606628,3.35021095487,1.19779027155,4.34256606628,0.507119835952,0.563909424838,12128,0.0372596006144,0.110016681489,126,126,126,1,0,0.0555555555556,0.880952380952,0.0634920634921,126,0.0736507936508,2.91548800933,18.4126984127,10.5454545455,10,13.0250649695,0.707395769897,0.395874384236,10.40485845,1.13018290061,0.58416803503,6.49839052113,0.705859660054,0.398275862069,1.15823659145,0.397270229803,3.98797667635,2.91548800933,1.15823659145,3.98797667635,0.320488422322,0.376834562117,3646,0.0112012288786,0.0759935796492,126,126,126,1,0,0.126984126984,0.793650793651,0.0793650793651,126,1524,0.0967619047619,3.080283816,24.1904761905,13.7297297297,13.1379310345,16.8853613693,0.698016906998,0.392273882431,13.3634897068,1.1048554482,0.572355538891,8.70165829844,0.719428441997,0.407792775903,1.26834679143,0.411762963153,4.45571199583,3.080283816,1.26834679143,4.45571199583,0.41205791443,0.492857142857,8303,0.0255084485407,0.10691515737,126,126,126,1,0,0.119047619048,0.801587301587,0.0793650793651,-217,-0.0137777777778,-0.269927138864,-3.44444444444,-0.900522371111,-1.61630625365,-2.45520870488,-0.00184289465171,0.00262370874902,-2.24901850615,-0.0250561168961,-0.00649897821742,-0.450740987996,0.0570491714106,0.0304371237053,0.0705565198755,0.0542361423974,0.113145929549,-0.269927138864,0.0705565198755,0.113145929549,-0.095061921522,-0.0710522819813,-3825,-0.0117511520737,-0.00310152411876,0.0634920634921,-0.0793650793651,0.015873015873,1518,6,223,14003,0.871912693854,0.999571703905,0.000428296095367,0.128087306146,0.996062992126,0.871912693854,0.929862174579,0.924333480136,0.871484397759,0.868918145392,364,581,0,3,1,3
45,WLNM_dir_neg_kfold,0.848919158315,0.443367179399,00:00:28,10,66.6666666667,5,13350,threshold_sweep,0.9,0.983379501385,0.611015490534,0.753715498938,355,6,226,1156,0.611015490534,0.994836488812,0.00516351118761,0.388984509466,0.983379501385,0.611015490534,0.753715498938,0.866896156053,0.597628609677,0.669201520913,0.704774267452,0.605851979346,1779,1198,581,0,1779,0,1198,0,581,126,1741,0.11053968254,3.35021095487,27.6349206349,14.6302521008,14.7542372881,19.3405700742,0.69985980165,0.389650173682,15.6125082129,1.12991156509,0.578854517108,9.15239928644,0.662379270587,0.377355652198,1.19779027155,0.357526820756,4.34256606628,3.35021095487,1.19779027155,4.34256606628,0.507119835952,0.563909424838,12128,0.0372596006144,0.110016681489,126,126,126,1,0,0.0555555555556,0.880952380952,0.0634920634921,126,0.0736507936508,2.91548800933,18.4126984127,10.5454545455,10,13.0250649695,0.707395769897,0.395874384236,10.40485845,1.13018290061,0.58416803503,6.49839052113,0.705859660054,0.398275862069,1.15823659145,0.397270229803,3.98797667635,2.91548800933,1.15823659145,3.98797667635,0.320488422322,0.376834562117,3646,0.0112012288786,0.0759935796492,126,126,126,1,0,0.126984126984,0.793650793651,0.0793650793651,126,1521,0.0965714285714,3.08345840378,24.1428571429,13.7027027027,13.1120689655,16.888203829,0.699511401203,0.393011072498,13.3765039208,1.10811275083,0.573562714588,8.66826725147,0.718081310772,0.40717259948,1.27209952032,0.412556082727,4.45945991837,3.08345840378,1.27209952032,4.45945991837,0.411967411093,0.493274610165,8288,0.0254623655914,0.106219156927,126,126,126,1,0,0.119047619048,0.801587301587,0.0793650793651,-220,-0.0139682539683,-0.266752551081,-3.49206349206,-0.927549398138,-1.64216832262,-2.45236624512,-0.000348400446701,0.00336089881591,-2.23600429213,-0.0217988142589,-0.00529180252004,-0.484132034972,0.0557020401858,0.0298169472826,0.074309248763,0.0550292619713,0.116893852094,-0.266752551081,0.074309248763,0.116893852094,-0.0951524248592,-0.070634814673,-3840,-0.011797235023,-0.00379752456187,0.0634920634921,-0.0793650793651,0.015873015873,1515,6,226,14003,0.870189546238,0.999571703905,0.000428296095367,0.129810453762,0.996055226824,0.870189546238,0.928877988964,0.923317807087,0.869761250142,0.867200915856,361,581,0,3,1,3
46,WLNM_dir_neg_kfold,0.821276747018,0.484221359407,00:00:27,10,66.6666666667,6,13351,threshold_sweep,0.1,0.922141119221,0.652323580034,0.764112903226,379,32,202,1130,0.652323580034,0.972461273666,0.0275387263339,0.347676419966,0.922141119221,0.652323580034,0.764112903226,0.865748709122,0.588066551922,0.674094707521,0.693822851507,0.624784853701,1779,1198,581,0,1779,0,1198,0,581,126,1741,0.11053968254,3.35021095487,27.6349206349,14.6302521008,14.7542372881,19.3405700742,0.69985980165,0.389650173682,15.6125082129,1.12991156509,0.578854517108,9.15239928644,0.662379270587,0.377355652198,1.19779027155,0.357526820756,4.34256606628,3.35021095487,1.19779027155,4.34256606628,0.507119835952,0.563909424838,12128,0.0372596006144,0.110016681489,126,126,126,1,0,0.0555555555556,0.880952380952,0.0634920634921,126,0.0736507936508,2.91548800933,18.4126984127,10.5454545455,10,13.0250649695,0.707395769897,0.395874384236,10.40485845,1.13018290061,0.58416803503,6.49839052113,0.705859660054,0.398275862069,1.15823659145,0.397270229803,3.98797667635,2.91548800933,1.15823659145,3.98797667635,0.320488422322,0.376834562117,3646,0.0112012288786,0.0759935796492,126,126,126,1,0,0.126984126984,0.793650793651,0.0793650793651,126,1571,0.099746031746,5.44561752804,24.9365079365,12.7723577236,13.5431034483,16.7650808679,0.672310690439,0.379588372586,13.2294740684,1.06105266239,0.54981156477,8.99838786267,0.721703927878,0.408611439483,1.50473750481,0.276320820744,6.71917138684,5.44561752804,1.50473750481,6.71917138684,0.419780257998,0.491528022694,8548,0.0262611367127,0.10356888916,126,126,126,1,0,0.0238095238095,0.896825396825,0.0793650793651,-170,-0.0107936507937,2.09540657318,-2.69841269841,-1.85789437726,-1.21113383986,-2.57548920624,-0.0275491112112,-0.0100618010959,-2.3830341445,-0.0688589026995,-0.0290429523382,-0.154011423773,0.0593246572911,0.0312557872858,0.306947233254,-0.0812060000112,2.37660532056,2.09540657318,0.306947233254,2.37660532056,-0.0873395779535,-0.0723814021443,-3580,-0.0109984639017,-0.0064477923286,-0.031746031746,0.015873015873,0.015873015873,1539,32,202,13977,0.883974727168,0.997715754158,0.00228424584196,0.116025272832,0.979630808402,0.883974727168,0.929347826087,0.922588871276,0.881690481326,0.868020304569,411,581,0,3,1,3
47,WLNM_dir_neg_kfold,0.821276747018,0.484221359407,00:00:27,10,66.6666666667,6,13351,threshold_sweep,0.2,0.9375,0.645438898451,0.764525993884,375,25,206,1137,0.645438898451,0.978485370052,0.0215146299484,0.354561101549,0.9375,0.645438898451,0.764525993884,0.867469879518,0.590170204628,0.676621558563,0.69944731399,0.623924268503,1779,1198,581,0,1779,0,1198,0,581,126,1741,0.11053968254,3.35021095487,27.6349206349,14.6302521008,14.7542372881,19.3405700742,0.69985980165,0.389650173682,15.6125082129,1.12991156509,0.578854517108,9.15239928644,0.662379270587,0.377355652198,1.19779027155,0.357526820756,4.34256606628,3.35021095487,1.19779027155,4.34256606628,0.507119835952,0.563909424838,12128,0.0372596006144,0.110016681489,126,126,126,1,0,0.0555555555556,0.880952380952,0.0634920634921,126,0.0736507936508,2.91548800933,18.4126984127,10.5454545455,10,13.0250649695,0.707395769897,0.395874384236,10.40485845,1.13018290061,0.58416803503,6.49839052113,0.705859660054,0.398275862069,1.15823659145,0.397270229803,3.98797667635,2.91548800933,1.15823659145,3.98797667635,0.320488422322,0.376834562117,3646,0.0112012288786,0.0759935796492,126,126,126,1,0,0.126984126984,0.793650793651,0.0793650793651,126,1560,0.0990476190476,3.95982890249,24.7619047619,13.2203389831,13.4482758621,16.7840059921,0.677815626604,0.382086894587,13.2989365848,1.074144878,0.558201058201,8.89930976457,0.718790404061,0.407336182336,1.43440101912,0.362238130597,5.31137867935,3.95982890249,1.43440101912,5.31137867935,0.40116272264,0.492414273551,8482,0.0260583717358,0.106205861407,126,126,126,1,0,0.0634920634921,0.857142857143,0.0793650793651,-181,-0.0114920634921,0.609617947621,-2.87301587302,-1.40991311779,-1.30596142607,-2.55656408206,-0.0220441750458,-0.00756327909544,-2.31357162815,-0.0557666870928,-0.0206534589073,-0.253089521872,0.0564111334745,0.0299805301385,0.236610747566,0.00471130984108,0.968812613074,0.609617947621,0.236610747566,0.968812613074,-0.105957113312,-0.0714951512878,-3646,-0.0112012288786,-0.00381082008158,0.00793650793651,-0.0238095238095,0.015873015873,1535,25,206,13984,0.881677197013,0.998215432936,0.00178456706403,0.118322802987,0.983974358974,0.881677197013,0.930021205695,0.923589817745,0.879892629949,0.86919592299,400,581,0,3,1,3
48,WLNM_dir_neg_kfold,0.821276747018,0.484221359407,00:00:27,10,66.6666666667,6,13351,threshold_sweep,0.3,0.941772151899,0.640275387263,0.762295081967,372,23,209,1139,0.640275387263,0.980206540448,0.0197934595525,0.359724612737,0.941772151899,0.640275387263,0.762295081967,0.866896156053,0.591126410404,0.674462114125,0.698677524749,0.620481927711,1779,1198,581,0,1779,0,1198,0,581,126,1741,0.11053968254,3.35021095487,27.6349206349,14.6302521008,14.7542372881,19.3405700742,0.69985980165,0.389650173682,15.6125082129,1.12991156509,0.578854517108,9.15239928644,0.662379270587,0.377355652198,1.19779027155,0.357526820756,4.34256606628,3.35021095487,1.19779027155,4.34256606628,0.507119835952,0.563909424838,12128,0.0372596006144,0.110016681489,126,126,126,1,0,0.0555555555556,0.880952380952,0.0634920634921,126,0.0736507936508,2.91548800933,18.4126984127,10.5454545455,10,13.0250649695,0.707395769897,0.395874384236,10.40485845,1.13018290061,0.58416803503,6.49839052113,0.705859660054,0.398275862069,1.15823659145,0.397270229803,3.98797667635,2.91548800933,1.15823659145,3.98797667635,0.320488422322,0.376834562117,3646,0.0112012288786,0.0759935796492,126,126,126,1,0,0.126984126984,0.793650793651,0.0793650793651,126,1555,0.0987301587302,3.96408283716,24.6825396825,13.1779661017,13.4051724138,16.7922128589,0.680327594926,0.383534935947,13.303931869,1.07800348263,0.559357933956,8.87077241139,0.718789275778,0.407671107028,1.43544014295,0.362111540531,5.3122898886,3.96408283716,1.43544014295,5.3122898886,0.4021658175,0.493404973426,8479,0.0260491551459,0.105528483892,126,126,126,1,0,0.0634920634921,0.857142857143,0.0793650793651,-186,-0.0118095238095,0.613871882292,-2.95238095238,-1.45228599915,-1.34906487434,-2.54835721527,-0.0195322067236,-0.00611523773583,-2.30857634393,-0.0519080824618,-0.0194965831524,-0.281626875053,0.0564100051912,0.0303154548303,0.237649871401,0.00458471977507,0.969723822325,0.613871882292,0.237649871401,0.969723822325,-0.104954018452,-0.0705044514125,-3649,-0.0112104454685,-0.00448819759683,0.00793650793651,-0.0238095238095,0.015873015873,1532,23,209,13986,0.879954049397,0.998358198301,0.00164180169891,0.120045950603,0.985209003215,0.879954049397,0.929611650485,0.923249321035,0.878312247698,0.868480725624,395,581,0,3,1,3
49,WLNM_dir_neg_kfold,0.821276747018,0.484221359407,00:00:27,10,66.6666666667,6,13351,threshold_sweep,0.4,0.953246753247,0.631669535284,0.75983436853,367,18,214,1144,0.631669535284,0.984509466437,0.0154905335628,0.368330464716,0.953246753247,0.631669535284,0.75983436853,0.866896156053,0.593038821954,0.672932330827,0.700193016197,0.616179001721,1779,1198,581,0,1779,0,1198,0,581,126,1741,0.11053968254,3.35021095487,27.6349206349,14.6302521008,14.7542372881,19.3405700742,0.69985980165,0.389650173682,15.6125082129,1.12991156509,0.578854517108,9.15239928644,0.662379270587,0.377355652198,1.19779027155,0.357526820756,4.34256606628,3.35021095487,1.19779027155,4.34256606628,0.507119835952,0.563909424838,12128,0.0372596006144,0.110016681489,126,126,126,1,0,0.0555555555556,0.880952380952,0.0634920634921,126,0.0736507936508,2.91548800933,18.4126984127,10.5454545455,10,13.0250649695,0.707395769897,0.395874384236,10.40485845,1.13018290061,0.58416803503,6.49839052113,0.705859660054,0.398275862069,1.15823659145,0.397270229803,3.98797667635,2.91548800933,1.15823659145,3.98797667635,0.320488422322,0.376834562117,3646,0.0112012288786,0.0759935796492,126,126,126,1,0,0.126984126984,0.793650793651,0.0793650793651,126,1545,0.0980952380952,3.41799634203,24.5238095238,13.4347826087,13.3189655172,16.8179495947,0.685780468912,0.386269070735,13.3459678234,1.08840902637,0.566204345816,8.8128801843,0.71872032571,0.407689936816,1.27236014933,0.37225322148,4.52575533181,3.41799634203,1.27236014933,4.52575533181,0.410281674718,0.495335875623,8443,0.0259385560676,0.107317054359,126,126,126,1,0,0.0873015873016,0.833333333333,0.0793650793651,-196,-0.0124444444444,0.0677853871601,-3.11111111111,-1.19546949214,-1.43527177089,-2.52262047942,-0.0140793327378,-0.00338110294725,-2.26654038953,-0.0415025387202,-0.0126501712924,-0.339519102138,0.0563410551234,0.0303342846185,0.0745698777713,0.0147264007241,0.183189265534,0.0677853871601,0.0745698777713,0.183189265534,-0.0968381612336,-0.0685735492151,-3685,-0.0113210445469,-0.00269962712988,0.031746031746,-0.047619047619,0.015873015873,1527,18,214,13991,0.877082136703,0.998715111714,0.0012848882861,0.122917863297,0.988349514563,0.877082136703,0.929397443701,0.923255000804,0.875797248417,0.868106878908,385,581,0,3,1,3
50,WLNM_dir_neg_kfold,0.821276747018,0.484221359407,00:00:27,10,66.6666666667,6,13351,threshold_sweep,0.5,0.955729166667,0.631669535284,0.760621761658,367,17,214,1145,0.631669535284,0.985370051635,0.0146299483649,0.368330464716,0.955729166667,0.631669535284,0.760621761658,0.867469879518,0.59323006311,0.67418899859,0.701824972442,0.617039586919,1779,1198,581,0,1779,0,1198,0,581,126,1741,0.11053968254,3.35021095487,27.6349206349,14.6302521008,14.7542372881,19.3405700742,0.69985980165,0.389650173682,15.6125082129,1.12991156509,0.578854517108,9.15239928644,0.662379270587,0.377355652198,1.19779027155,0.357526820756,4.34256606628,3.35021095487,1.19779027155,4.34256606628,0.507119835952,0.563909424838,12128,0.0372596006144,0.110016681489,126,126,126,1,0,0.0555555555556,0.880952380952,0.0634920634921,126,0.0736507936508,2.91548800933,18.4126984127,10.5454545455,10,13.0250649695,0.707395769897,0.395874384236,10.40485845,1.13018290061,0.58416803503,6.49839052113,0.705859660054,0.398275862069,1.15823659145,0.397270229803,3.98797667635,2.91548800933,1.15823659145,3.98797667635,0.320488422322,0.376834562117,3646,0.0112012288786,0.0759935796492,126,126,126,1,0,0.126984126984,0.793650793651,0.0793650793651,126,1544,0.0980317460317,3.41285944956,24.5079365079,13.4260869565,13.3103448276,16.8094002424,0.685875787091,0.386298215314,13.3494188685,1.08939558124,0.566483674644,8.81175261381,0.719093801386,0.407876881322,1.2672312157,0.371310695452,4.5163513783,3.41285944956,1.2672312157,4.5163513783,0.410281674718,0.495335875623,8443,0.0259385560676,0.107395658797,126,126,126,1,0,0.0873015873016,0.833333333333,0.0793650793651,-197,-0.0125079365079,0.0626484946914,-3.12698412698,-1.20416514432,-1.44389246055,-2.5311698318,-0.0139840145586,-0.00335195836858,-2.26308934441,-0.0405159838547,-0.0123708424641,-0.340646672629,0.0567145307994,0.0305212291248,0.069440944142,0.0137838746966,0.173785312019,0.0626484946914,0.069440944142,0.173785312019,-0.0968381612336,-0.0685735492151,-3685,-0.0113210445469,-0.00262102269175,0.031746031746,-0.047619047619,0.015873015873,1527,17,214,13992,0.877082136703,0.998786494396,0.00121350560354,0.122917863297,0.988989637306,0.877082136703,0.929680365297,0.923596700097,0.8758686311,0.868600682594,384,581,0,3,1,3
51,WLNM_dir_neg_kfold,0.821276747018,0.484221359407,00:00:27,10,66.6666666667,6,13351,threshold_sweep,0.6,0.958115183246,0.629948364888,0.760124610592,366,16,215,1146,0.629948364888,0.986230636833,0.013769363167,0.370051635112,0.958115183246,0.629948364888,0.760124610592,0.867469879518,0.59361254542,0.673882352941,0.702161932171,0.616179001721,1779,1198,581,0,1779,0,1198,0,581,126,1741,0.11053968254,3.35021095487,27.6349206349,14.6302521008,14.7542372881,19.3405700742,0.69985980165,0.389650173682,15.6125082129,1.12991156509,0.578854517108,9.15239928644,0.662379270587,0.377355652198,1.19779027155,0.357526820756,4.34256606628,3.35021095487,1.19779027155,4.34256606628,0.507119835952,0.563909424838,12128,0.0372596006144,0.110016681489,126,126,126,1,0,0.0555555555556,0.880952380952,0.0634920634921,126,0.0736507936508,2.91548800933,18.4126984127,10.5454545455,10,13.0250649695,0.707395769897,0.395874384236,10.40485845,1.13018290061,0.58416803503,6.49839052113,0.705859660054,0.398275862069,1.15823659145,0.397270229803,3.98797667635,2.91548800933,1.15823659145,3.98797667635,0.320488422322,0.376834562117,3646,0.0112012288786,0.0759935796492,126,126,126,1,0,0.126984126984,0.793650793651,0.0793650793651,126,1542,0.0979047619048,3.41207623272,24.4761904762,13.4086956522,13.2931034483,16.8146194893,0.686978617269,0.386814691289,13.3545069974,1.09122430718,0.566889012414,8.79220433923,0.718429148342,0.407489757684,1.26651931169,0.371187284604,4.51539370674,3.41207623272,1.26651931169,4.51539370674,0.409794336898,0.494985308521,8423,0.0258771121352,0.107250443377,126,126,126,1,0,0.0873015873016,0.833333333333,0.0793650793651,-199,-0.0126349206349,0.0618652778511,-3.15873015873,-1.22155644867,-1.46113383986,-2.52595058482,-0.0128811843809,-0.00283548239294,-2.25800121555,-0.0386872579151,-0.0119655046941,-0.360194947205,0.0560498777555,0.0301341054866,0.0687290401317,0.0136604638488,0.172827640468,0.0618652778511,0.0687290401317,0.172827640468,-0.0973254990533,-0.0689241163174,-3705,-0.0113824884793,-0.00276623811159,0.031746031746,-0.047619047619,0.015873015873,1526,16,215,13993,0.876507754164,0.998857877079,0.00114212292098,0.123492245836,0.98962386511,0.876507754164,0.929637526652,0.923599700457,0.875365631243,0.868525896414,382,581,0,3,1,3
52,WLNM_dir_neg_kfold,0.821276747018,0.484221359407,00:00:27,10,66.6666666667,6,13351,threshold_sweep,0.7,0.958115183246,0.629948364888,0.760124610592,366,16,215,1146,0.629948364888,0.986230636833,0.013769363167,0.370051635112,0.958115183246,0.629948364888,0.760124610592,0.867469879518,0.59361254542,0.673882352941,0.702161932171,0.616179001721,1779,1198,581,0,1779,0,1198,0,581,126,1741,0.11053968254,3.35021095487,27.6349206349,14.6302521008,14.7542372881,19.3405700742,0.69985980165,0.389650173682,15.6125082129,1.12991156509,0.578854517108,9.15239928644,0.662379270587,0.377355652198,1.19779027155,0.357526820756,4.34256606628,3.35021095487,1.19779027155,4.34256606628,0.507119835952,0.563909424838,12128,0.0372596006144,0.110016681489,126,126,126,1,0,0.0555555555556,0.880952380952,0.0634920634921,126,0.0736507936508,2.91548800933,18.4126984127,10.5454545455,10,13.0250649695,0.707395769897,0.395874384236,10.40485845,1.13018290061,0.58416803503,6.49839052113,0.705859660054,0.398275862069,1.15823659145,0.397270229803,3.98797667635,2.91548800933,1.15823659145,3.98797667635,0.320488422322,0.376834562117,3646,0.0112012288786,0.0759935796492,126,126,126,1,0,0.126984126984,0.793650793651,0.0793650793651,126,1542,0.0979047619048,3.41207623272,24.4761904762,13.4086956522,13.2931034483,16.8146194893,0.686978617269,0.386814691289,13.3545069974,1.09122430718,0.566889012414,8.79220433923,0.718429148342,0.407489757684,1.26651931169,0.371187284604,4.51539370674,3.41207623272,1.26651931169,4.51539370674,0.409794336898,0.494985308521,8423,0.0258771121352,0.107250443377,126,126,126,1,0,0.0873015873016,0.833333333333,0.0793650793651,-199,-0.0126349206349,0.0618652778511,-3.15873015873,-1.22155644867,-1.46113383986,-2.52595058482,-0.0128811843809,-0.00283548239294,-2.25800121555,-0.0386872579151,-0.0119655046941,-0.360194947205,0.0560498777555,0.0301341054866,0.0687290401317,0.0136604638488,0.172827640468,0.0618652778511,0.0687290401317,0.172827640468,-0.0973254990533,-0.0689241163174,-3705,-0.0113824884793,-0.00276623811159,0.031746031746,-0.047619047619,0.015873015873,1526,16,215,13993,0.876507754164,0.998857877079,0.00114212292098,0.123492245836,0.98962386511,0.876507754164,0.929637526652,0.923599700457,0.875365631243,0.868525896414,382,581,0,3,1,3
53,WLNM_dir_neg_kfold,0.821276747018,0.484221359407,00:00:27,10,66.6666666667,6,13351,threshold_sweep,0.8,0.957894736842,0.626506024096,0.757544224766,364,16,217,1146,0.626506024096,0.986230636833,0.013769363167,0.373493975904,0.957894736842,0.626506024096,0.757544224766,0.866322432587,0.59399502773,0.670748940179,0.699560484043,0.612736660929,1779,1198,581,0,1779,0,1198,0,581,126,1741,0.11053968254,3.35021095487,27.6349206349,14.6302521008,14.7542372881,19.3405700742,0.69985980165,0.389650173682,15.6125082129,1.12991156509,0.578854517108,9.15239928644,0.662379270587,0.377355652198,1.19779027155,0.357526820756,4.34256606628,3.35021095487,1.19779027155,4.34256606628,0.507119835952,0.563909424838,12128,0.0372596006144,0.110016681489,126,126,126,1,0,0.0555555555556,0.880952380952,0.0634920634921,126,0.0736507936508,2.91548800933,18.4126984127,10.5454545455,10,13.0250649695,0.707395769897,0.395874384236,10.40485845,1.13018290061,0.58416803503,6.49839052113,0.705859660054,0.398275862069,1.15823659145,0.397270229803,3.98797667635,2.91548800933,1.15823659145,3.98797667635,0.320488422322,0.376834562117,3646,0.0112012288786,0.0759935796492,126,126,126,1,0,0.126984126984,0.793650793651,0.0793650793651,126,1540,0.0977777777778,3.41267850914,24.4444444444,13.3913043478,13.275862069,16.7935966633,0.687010772589,0.386755308184,13.3505888343,1.09232090462,0.567316017316,8.77258355459,0.717756836284,0.407091321377,1.26691832977,0.37123869898,4.51521359472,3.41267850914,1.26691832977,4.51521359472,0.408939473586,0.493312120676,8372,0.0257204301075,0.106924176766,126,126,126,1,0,0.0873015873016,0.833333333333,0.0793650793651,-201,-0.0127619047619,0.0624675542711,-3.19047619048,-1.23894775301,-1.47837521917,-2.54697341089,-0.0128490290611,-0.00289486549846,-2.26191937863,-0.0375906604698,-0.0115384997924,-0.379815731852,0.0553775656978,0.0297356691793,0.0691280582145,0.0137118782242,0.172647528442,0.0624675542711,0.0691280582145,0.172647528442,-0.0981803623653,-0.070597304162,-3756,-0.0115391705069,-0.00309250472287,0.031746031746,-0.047619047619,0.015873015873,1524,16,217,13993,0.875358989087,0.998857877079,0.00114212292098,0.124641010913,0.98961038961,0.875358989087,0.928985065529,0.922921439642,0.874216866166,0.867387592487,380,581,0,3,1,3
54,WLNM_dir_neg_kfold,0.821276747018,0.484221359407,00:00:27,10,66.6666666667,6,13351,threshold_sweep,0.9,0.965333333333,0.623063683305,0.757322175732,362,13,219,1149,0.623063683305,0.988812392427,0.0111876075731,0.376936316695,0.965333333333,0.623063683305,0.757322175732,0.866896156053,0.594951233505,0.671388101983,0.701933420145,0.611876075731,1779,1198,581,0,1779,0,1198,0,581,126,1741,0.11053968254,3.35021095487,27.6349206349,14.6302521008,14.7542372881,19.3405700742,0.69985980165,0.389650173682,15.6125082129,1.12991156509,0.578854517108,9.15239928644,0.662379270587,0.377355652198,1.19779027155,0.357526820756,4.34256606628,3.35021095487,1.19779027155,4.34256606628,0.507119835952,0.563909424838,12128,0.0372596006144,0.110016681489,126,126,126,1,0,0.0555555555556,0.880952380952,0.0634920634921,126,0.0736507936508,2.91548800933,18.4126984127,10.5454545455,10,13.0250649695,0.707395769897,0.395874384236,10.40485845,1.13018290061,0.58416803503,6.49839052113,0.705859660054,0.398275862069,1.15823659145,0.397270229803,3.98797667635,2.91548800933,1.15823659145,3.98797667635,0.320488422322,0.376834562117,3646,0.0112012288786,0.0759935796492,126,126,126,1,0,0.126984126984,0.793650793651,0.0793650793651,126,1535,0.0974603174603,3.12875825698,24.3650793651,13.5840707965,13.2327586207,16.8021918449,0.689601359108,0.388061630733,13.3646703176,1.09703482737,0.570172173104,8.74930926979,0.71818434397,0.407460834497,1.20973431902,0.386649980492,4.18475471442,3.12875825698,1.20973431902,4.18475471442,0.410044673497,0.494269171689,8366,0.0257019969278,0.106621163362,126,126,126,1,0,0.103174603175,0.81746031746,0.0793650793651,-206,-0.0130793650794,-0.221452697888,-3.26984126984,-1.04618130438,-1.52147866745,-2.53837822924,-0.0102584425422,-0.0015885429497,-2.24783789531,-0.0328767377195,-0.00868234400463,-0.40309001665,0.055805073383,0.030105182299,0.0119440474693,0.0291231597359,-0.157811351855,-0.221452697888,0.0119440474693,-0.157811351855,-0.0970751624543,-0.0696402531499,-3762,-0.0115576036866,-0.00339551812626,0.047619047619,-0.0634920634921,0.015873015873,1522,13,219,13996,0.874210224009,0.999072025127,0.000927974873296,0.125789775991,0.991530944625,0.874210224009,0.929181929182,0.923272635336,0.873282249136,0.867730900798,375,581,0,3,1,3
55,WLNM_dir_neg_kfold,0.834740980149,0.491676325543,00:00:29,10,66.6666666667,7,13352,threshold_sweep,0.1,0.919708029197,0.650602409639,0.762096774194,378,33,203,1129,0.650602409639,0.971600688468,0.0283993115318,0.349397590361,0.919708029197,0.650602409639,0.762096774194,0.864601262192,0.588066551922,0.671309192201,0.690955814931,0.622203098107,1779,1198,581,0,1779,0,1198,0,581,126,1741,0.11053968254,3.35021095487,27.6349206349,14.6302521008,14.7542372881,19.3405700742,0.69985980165,0.389650173682,15.6125082129,1.12991156509,0.578854517108,9.15239928644,0.662379270587,0.377355652198,1.19779027155,0.357526820756,4.34256606628,3.35021095487,1.19779027155,4.34256606628,0.507119835952,0.563909424838,12128,0.0372596006144,0.110016681489,126,126,126,1,0,0.0555555555556,0.880952380952,0.0634920634921,126,0.0736507936508,2.91548800933,18.4126984127,10.5454545455,10,13.0250649695,0.707395769897,0.395874384236,10.40485845,1.13018290061,0.58416803503,6.49839052113,0.705859660054,0.398275862069,1.15823659145,0.397270229803,3.98797667635,2.91548800933,1.15823659145,3.98797667635,0.320488422322,0.376834562117,3646,0.0112012288786,0.0759935796492,126,126,126,1,0,0.126984126984,0.793650793651,0.0793650793651,126,1571,0.099746031746,5.42920821016,24.9365079365,12.568,13.5431034483,16.8777941837,0.676830702466,0.3818213048,13.2777627681,1.06492559439,0.549104301173,9.00105461193,0.721917811014,0.407691996807,1.25599670588,0.231340677546,6.67429242007,5.42920821016,1.25599670588,6.67429242007,0.417809464453,0.493016972372,8637,0.026534562212,0.100521287829,126,126,126,1,0,0.00793650793651,0.912698412698,0.0793650793651,-170,-0.0107936507937,2.0789972553,-2.69841269841,-2.06225210084,-1.21113383986,-2.46277589045,-0.0230290991837,-0.00782886888204,-2.33474544478,-0.0649859707041,-0.0297502159353,-0.151344674507,0.0595385404276,0.0303363446095,0.0582064343251,-0.126186143209,2.3317263538,2.0789972553,0.0582064343251,2.3317263538,-0.0893103714986,-0.0708924524661,-3491,-0.0107250384025,-0.00949539365917,-0.047619047619,0.031746031746,0.015873015873,1538,33,203,13976,0.88340034463,0.997644371475,0.00235562852452,0.11659965537,0.978994271165,0.88340034463,0.928743961353,0.921913151373,0.881044716105,0.866967305524,411,581,0,3,1,3
56,WLNM_dir_neg_kfold,0.834740980149,0.491676325543,00:00:29,10,66.6666666667,7,13352,threshold_sweep,0.2,0.951776649746,0.645438898451,0.769230769231,375,19,206,1143,0.645438898451,0.983648881239,0.0163511187608,0.354561101549,0.951776649746,0.645438898451,0.769230769231,0.87091222031,0.591317651559,0.68413664015,0.709003360077,0.62908777969,1779,1198,581,0,1779,0,1198,0,581,126,1741,0.11053968254,3.35021095487,27.6349206349,14.6302521008,14.7542372881,19.3405700742,0.69985980165,0.389650173682,15.6125082129,1.12991156509,0.578854517108,9.15239928644,0.662379270587,0.377355652198,1.19779027155,0.357526820756,4.34256606628,3.35021095487,1.19779027155,4.34256606628,0.507119835952,0.563909424838,12128,0.0372596006144,0.110016681489,126,126,126,1,0,0.0555555555556,0.880952380952,0.0634920634921,126,0.0736507936508,2.91548800933,18.4126984127,10.5454545455,10,13.0250649695,0.707395769897,0.395874384236,10.40485845,1.13018290061,0.58416803503,6.49839052113,0.705859660054,0.398275862069,1.15823659145,0.397270229803,3.98797667635,2.91548800933,1.15823659145,3.98797667635,0.320488422322,0.376834562117,3646,0.0112012288786,0.0759935796492,126,126,126,1,0,0.126984126984,0.793650793651,0.0793650793651,126,1554,0.0986666666667,3.28441625128,24.6666666667,13.2820512821,13.3965517241,16.8940226116,0.684892808577,0.385513064084,13.3740046359,1.08437875426,0.562102919246,8.84805063277,0.717409510765,0.40644726359,1.25136216151,0.38099986901,4.49886621667,3.28441625128,1.25136216151,4.49886621667,0.397319709138,0.493887624851,8538,0.0262304147465,0.104513089138,126,126,126,1,0,0.0714285714286,0.849206349206,0.0793650793651,-187,-0.011873015873,-0.0657947035909,-2.96825396825,-1.34820081879,-1.357685564,-2.4465474626,-0.0149669930729,-0.00413710959785,-2.23850357706,-0.0455328108345,-0.0167515978626,-0.304348653673,0.0550302401782,0.0290916113924,0.053571889956,0.0234730482543,0.156300150389,-0.0657947035909,0.053571889956,0.156300150389,-0.109800126814,-0.0700217999879,-3590,-0.0110291858679,-0.00550359235099,0.015873015873,-0.031746031746,0.015873015873,1535,19,206,13990,0.881677197013,0.998643729031,0.00135627096866,0.118322802987,0.987773487773,0.881677197013,0.931714719272,0.925625853232,0.880320926045,0.872159090909,394,581,0,3,1,3
57,WLNM_dir_neg_kfold,0.834740980149,0.491676325543,00:00:29,10,66.6666666667,7,13352,threshold_sweep,0.3,0.954198473282,0.645438898451,0.770020533881,375,18,206,1144,0.645438898451,0.984509466437,0.0154905335628,0.354561101549,0.954198473282,0.645438898451,0.770020533881,0.871485943775,0.591508892714,0.685393258427,0.710612632751,0.629948364888,1779,1198,581,0,1779,0,1198,0,581,126,1741,0.11053968254,3.35021095487,27.6349206349,14.6302521008,14.7542372881,19.3405700742,0.69985980165,0.389650173682,15.6125082129,1.12991156509,0.578854517108,9.15239928644,0.662379270587,0.377355652198,1.19779027155,0.357526820756,4.34256606628,3.35021095487,1.19779027155,4.34256606628,0.507119835952,0.563909424838,12128,0.0372596006144,0.110016681489,126,126,126,1,0,0.0555555555556,0.880952380952,0.0634920634921,126,0.0736507936508,2.91548800933,18.4126984127,10.5454545455,10,13.0250649695,0.707395769897,0.395874384236,10.40485845,1.13018290061,0.58416803503,6.49839052113,0.705859660054,0.398275862069,1.15823659145,0.397270229803,3.98797667635,2.91548800933,1.15823659145,3.98797667635,0.320488422322,0.376834562117,3646,0.0112012288786,0.0759935796492,126,126,126,1,0,0.126984126984,0.793650793651,0.0793650793651,126,1553,0.0986031746032,3.28238824371,24.6507936508,13.2735042735,13.3879310345,16.8842257556,0.684936395751,0.385495559031,13.3756969853,1.08521430788,0.562265558724,8.84246966867,0.717418659531,0.406366581833,1.24958385162,0.38069349475,4.49662288436,3.28238824371,1.24958385162,4.49662288436,0.397319709138,0.493887624851,8538,0.0262304147465,0.104517132364,126,126,126,1,0,0.0714285714286,0.849206349206,0.0793650793651,-188,-0.0119365079365,-0.0678227111611,-2.98412698413,-1.35674782734,-1.36630625365,-2.45634431859,-0.014923405899,-0.00415461465169,-2.23681122767,-0.0446972572108,-0.0165889583844,-0.309929617774,0.0550393889445,0.0290109296357,0.0517935800699,0.0231666739948,0.154056818079,-0.0678227111611,0.0517935800699,0.154056818079,-0.109800126814,-0.0700217999879,-3590,-0.0110291858679,-0.0054995491248,0.015873015873,-0.031746031746,0.015873015873,1535,18,206,13991,0.881677197013,0.998715111714,0.0012848882861,0.118322802987,0.988409529942,0.881677197013,0.931997571342,0.925966284891,0.880392308727,0.872654917567,393,581,0,3,1,3
58,WLNM_dir_neg_kfold,0.834740980149,0.491676325543,00:00:29,10,66.6666666667,7,13352,threshold_sweep,0.4,0.968503937008,0.635111876076,0.767151767152,369,12,212,1150,0.635111876076,0.989672977625,0.0103270223752,0.364888123924,0.968503937008,0.635111876076,0.767151767152,0.871485943775,0.593803786575,0.683615819209,0.712640633209,0.624784853701,1779,1198,581,0,1779,0,1198,0,581,126,1741,0.11053968254,3.35021095487,27.6349206349,14.6302521008,14.7542372881,19.3405700742,0.69985980165,0.389650173682,15.6125082129,1.12991156509,0.578854517108,9.15239928644,0.662379270587,0.377355652198,1.19779027155,0.357526820756,4.34256606628,3.35021095487,1.19779027155,4.34256606628,0.507119835952,0.563909424838,12128,0.0372596006144,0.110016681489,126,126,126,1,0,0.0555555555556,0.880952380952,0.0634920634921,126,0.0736507936508,2.91548800933,18.4126984127,10.5454545455,10,13.0250649695,0.707395769897,0.395874384236,10.40485845,1.13018290061,0.58416803503,6.49839052113,0.705859660054,0.398275862069,1.15823659145,0.397270229803,3.98797667635,2.91548800933,1.15823659145,3.98797667635,0.320488422322,0.376834562117,3646,0.0112012288786,0.0759935796492,126,126,126,1,0,0.126984126984,0.793650793651,0.0793650793651,126,1541,0.0978412698413,3.0137897729,24.4603174603,13.6371681416,13.2844827586,16.9350055417,0.692346105859,0.3893215084,13.4492603207,1.09967994835,0.57088779704,8.7646222494,0.716640106051,0.406842598601,1.17395097273,0.389526496933,4.07081999326,3.0137897729,1.17395097273,4.07081999326,0.401677553654,0.497308746089,8531,0.0262089093702,0.106268561033,126,126,126,1,0,0.103174603175,0.81746031746,0.0793650793651,-200,-0.0126984126984,-0.336421181971,-3.1746031746,-0.993083959247,-1.46975452951,-2.40556453243,-0.00751369579066,-0.00032866528231,-2.16324789219,-0.0302316167409,-0.00796672006875,-0.387777037043,0.0542608354639,0.0294869464035,-0.0238392988257,0.0319996761773,-0.271746073019,-0.336421181971,-0.0238392988257,-0.271746073019,-0.105442282297,-0.066600678749,-3597,-0.0110506912442,-0.00374812045514,0.047619047619,-0.0634920634921,0.015873015873,1529,12,212,13997,0.878230901781,0.999143407809,0.000856592190735,0.121769098219,0.992212848799,0.878230901781,0.931748933577,0.925986788392,0.87737430959,0.872219053052,381,581,0,3,1,3
59,WLNM_dir_neg_kfold,0.834740980149,0.491676325543,00:00:29,10,66.6666666667,7,13352,threshold_sweep,0.5,0.971052631579,0.635111876076,0.767950052029,369,11,212,1151,0.635111876076,0.990533562823,0.00946643717728,0.364888123924,0.971052631579,0.635111876076,0.767950052029,0.87205966724,0.59399502773,0.684879886952,0.714298415589,0.625645438898,1779,1198,581,0,1779,0,1198,0,581,126,1741,0.11053968254,3.35021095487,27.6349206349,14.6302521008,14.7542372881,19.3405700742,0.69985980165,0.389650173682,15.6125082129,1.12991156509,0.578854517108,9.15239928644,0.662379270587,0.377355652198,1.19779027155,0.357526820756,4.34256606628,3.35021095487,1.19779027155,4.34256606628,0.507119835952,0.563909424838,12128,0.0372596006144,0.110016681489,126,126,126,1,0,0.0555555555556,0.880952380952,0.0634920634921,126,0.0736507936508,2.91548800933,18.4126984127,10.5454545455,10,13.0250649695,0.707395769897,0.395874384236,10.40485845,1.13018290061,0.58416803503,6.49839052113,0.705859660054,0.398275862069,1.15823659145,0.397270229803,3.98797667635,2.91548800933,1.15823659145,3.98797667635,0.320488422322,0.376834562117,3646,0.0112012288786,0.0759935796492,126,126,126,1,0,0.126984126984,0.793650793651,0.0793650793651,126,1540,0.0977777777778,3.01391685477,24.4444444444,13.6283185841,13.275862069,16.9467663254,0.693276804222,0.389806225521,13.4514765815,1.10057535667,0.571067821068,8.76619770609,0.717234357771,0.407194392909,1.17402252897,0.389533814481,4.07084342384,3.01391685477,1.17402252897,4.07084342384,0.401852273115,0.497414463453,8529,0.026202764977,0.106377386948,126,126,126,1,0,0.103174603175,0.81746031746,0.0793650793651,-201,-0.0127619047619,-0.336294100092,-3.19047619048,-1.00193351677,-1.47837521917,-2.39380374873,-0.00658299742749,0.000156051838172,-2.16103163143,-0.0293362084265,-0.00778669604057,-0.386201580351,0.0548550871842,0.029838740711,-0.0237677425837,0.0320069937259,-0.271722642433,-0.336294100092,-0.0237677425837,-0.271722642433,-0.105267562837,-0.0664949613859,-3599,-0.0110568356375,-0.00363929454022,0.047619047619,-0.0634920634921,0.015873015873,1529,11,212,13998,0.878230901781,0.999214790492,0.000785209508173,0.121769098219,0.992857142857,0.878230901781,0.932032916794,0.92633015086,0.877445692272,0.872716894977,380,581,0,3,1,3
60,WLNM_dir_neg_kfold,0.834740980149,0.491676325543,00:00:29,10,66.6666666667,7,13352,threshold_sweep,0.6,0.971052631579,0.635111876076,0.767950052029,369,11,212,1151,0.635111876076,0.990533562823,0.00946643717728,0.364888123924,0.971052631579,0.635111876076,0.767950052029,0.87205966724,0.59399502773,0.684879886952,0.714298415589,0.625645438898,1779,1198,581,0,1779,0,1198,0,581,126,1741,0.11053968254,3.35021095487,27.6349206349,14.6302521008,14.7542372881,19.3405700742,0.69985980165,0.389650173682,15.6125082129,1.12991156509,0.578854517108,9.15239928644,0.662379270587,0.377355652198,1.19779027155,0.357526820756,4.34256606628,3.35021095487,1.19779027155,4.34256606628,0.507119835952,0.563909424838,12128,0.0372596006144,0.110016681489,126,126,126,1,0,0.0555555555556,0.880952380952,0.0634920634921,126,0.0736507936508,2.91548800933,18.4126984127,10.5454545455,10,13.0250649695,0.707395769897,0.395874384236,10.40485845,1.13018290061,0.58416803503,6.49839052113,0.705859660054,0.398275862069,1.15823659145,0.397270229803,3.98797667635,2.91548800933,1.15823659145,3.98797667635,0.320488422322,0.376834562117,3646,0.0112012288786,0.0759935796492,126,126,126,1,0,0.126984126984,0.793650793651,0.0793650793651,126,1540,0.0977777777778,3.01391685477,24.4444444444,13.6283185841,13.275862069,16.9467663254,0.693276804222,0.389806225521,13.4514765815,1.10057535667,0.571067821068,8.76619770609,0.717234357771,0.407194392909,1.17402252897,0.389533814481,4.07084342384,3.01391685477,1.17402252897,4.07084342384,0.401852273115,0.497414463453,8529,0.026202764977,0.106377386948,126,126,126,1,0,0.103174603175,0.81746031746,0.0793650793651,-201,-0.0127619047619,-0.336294100092,-3.19047619048,-1.00193351677,-1.47837521917,-2.39380374873,-0.00658299742749,0.000156051838172,-2.16103163143,-0.0293362084265,-0.00778669604057,-0.386201580351,0.0548550871842,0.029838740711,-0.0237677425837,0.0320069937259,-0.271722642433,-0.336294100092,-0.0237677425837,-0.271722642433,-0.105267562837,-0.0664949613859,-3599,-0.0110568356375,-0.00363929454022,0.047619047619,-0.0634920634921,0.015873015873,1529,11,212,13998,0.878230901781,0.999214790492,0.000785209508173,0.121769098219,0.992857142857,0.878230901781,0.932032916794,0.92633015086,0.877445692272,0.872716894977,380,581,0,3,1,3
61,WLNM_dir_neg_kfold,0.834740980149,0.491676325543,00:00:29,10,66.6666666667,7,13352,threshold_sweep,0.7,0.970666666667,0.626506024096,0.761506276151,364,11,217,1151,0.626506024096,0.990533562823,0.00946643717728,0.373493975904,0.970666666667,0.626506024096,0.761506276151,0.869191049914,0.594951233505,0.677053824363,0.707856908922,0.617039586919,1779,1198,581,0,1779,0,1198,0,581,126,1741,0.11053968254,3.35021095487,27.6349206349,14.6302521008,14.7542372881,19.3405700742,0.69985980165,0.389650173682,15.6125082129,1.12991156509,0.578854517108,9.15239928644,0.662379270587,0.377355652198,1.19779027155,0.357526820756,4.34256606628,3.35021095487,1.19779027155,4.34256606628,0.507119835952,0.563909424838,12128,0.0372596006144,0.110016681489,126,126,126,1,0,0.0555555555556,0.880952380952,0.0634920634921,126,0.0736507936508,2.91548800933,18.4126984127,10.5454545455,10,13.0250649695,0.707395769897,0.395874384236,10.40485845,1.13018290061,0.58416803503,6.49839052113,0.705859660054,0.398275862069,1.15823659145,0.397270229803,3.98797667635,2.91548800933,1.15823659145,3.98797667635,0.320488422322,0.376834562117,3646,0.0112012288786,0.0759935796492,126,126,126,1,0,0.126984126984,0.793650793651,0.0793650793651,126,1535,0.0974603174603,2.97637199459,24.3650793651,13.9545454545,13.2327586207,16.9962834406,0.697567333393,0.392125536425,13.4791102339,1.10642859249,0.574246419523,8.73924554515,0.717358266247,0.407202316323,1.18872155888,0.399386085153,4.04177316253,2.97637199459,1.18872155888,4.04177316253,0.406545704341,0.498596655362,8527,0.0261966205837,0.108334236847,126,126,126,1,0,0.126984126984,0.793650793651,0.0793650793651,-206,-0.0130793650794,-0.373838960274,-3.26984126984,-0.675706646295,-1.52147866745,-2.34428663355,-0.00229246825659,0.00247536274287,-2.13339797899,-0.0234829726015,-0.0046080975851,-0.41315374129,0.0549789956601,0.0298466641251,-0.00906871267357,0.0418592643978,-0.300792903744,-0.373838960274,-0.00906871267357,-0.300792903744,-0.10057413161,-0.0653127694765,-3601,-0.0110629800307,-0.0016824446421,0.0714285714286,-0.0873015873016,0.015873015873,1524,11,217,13998,0.875358989087,0.999214790492,0.000785209508173,0.124641010913,0.992833876221,0.875358989087,0.930402930403,0.924638098469,0.874573779579,0.869863013699,375,581,0,3,1,3
62,WLNM_dir_neg_kfold,0.834740980149,0.491676325543,00:00:29,10,66.6666666667,7,13352,threshold_sweep,0.8,0.978436657682,0.624784853701,0.762605042017,363,8,218,1154,0.624784853701,0.993115318417,0.00688468158348,0.375215146299,0.978436657682,0.624784853701,0.762605042017,0.870338496845,0.595716198126,0.679280983917,0.71161556038,0.617900172117,1779,1198,581,0,1779,0,1198,0,581,126,1741,0.11053968254,3.35021095487,27.6349206349,14.6302521008,14.7542372881,19.3405700742,0.69985980165,0.389650173682,15.6125082129,1.12991156509,0.578854517108,9.15239928644,0.662379270587,0.377355652198,1.19779027155,0.357526820756,4.34256606628,3.35021095487,1.19779027155,4.34256606628,0.507119835952,0.563909424838,12128,0.0372596006144,0.110016681489,126,126,126,1,0,0.0555555555556,0.880952380952,0.0634920634921,126,0.0736507936508,2.91548800933,18.4126984127,10.5454545455,10,13.0250649695,0.707395769897,0.395874384236,10.40485845,1.13018290061,0.58416803503,6.49839052113,0.705859660054,0.398275862069,1.15823659145,0.397270229803,3.98797667635,2.91548800933,1.15823659145,3.98797667635,0.320488422322,0.376834562117,3646,0.0112012288786,0.0759935796492,126,126,126,1,0,0.126984126984,0.793650793651,0.0793650793651,126,1531,0.0972063492063,2.9829385062,24.3015873016,13.9181818182,13.1982758621,17.0064786908,0.699809377871,0.393326283267,13.4812862652,1.10949841242,0.574979523706,8.7526612733,0.720336590748,0.40874311841,1.194974961,0.400603283815,4.06340416907,2.9829385062,1.194974961,4.06340416907,0.414599100002,0.498592045055,8499,0.0261105990783,0.108620933305,126,126,126,1,0,0.126984126984,0.793650793651,0.0793650793651,-210,-0.0133333333333,-0.367272448667,-3.33333333333,-0.712070282659,-1.55596142607,-2.33409138337,-5.04237792694e-05,0.00367610958516,-2.13122194769,-0.0204131526708,-0.00387499340255,-0.399738013142,0.0579573201615,0.0313874662123,-0.00281531055151,0.0430764630597,-0.279161897211,-0.367272448667,-0.00281531055151,-0.279161897211,-0.0925207359495,-0.0653173797839,-3629,-0.0111490015361,-0.00139574818376,0.0714285714286,-0.0873015873016,0.015873015873,1523,8,218,14001,0.874784606548,0.99942893854,0.00057106146049,0.125215393452,0.994774657087,0.874784606548,0.930929095355,0.925333663281,0.874213545087,0.870783304746,371,581,0,3,1,3
63,WLNM_dir_neg_kfold,0.834740980149,0.491676325543,00:00:29,10,66.6666666667,7,13352,threshold_sweep,0.9,0.983739837398,0.624784853701,0.764210526316,363,6,218,1156,0.624784853701,0.994836488812,0.00516351118761,0.375215146299,0.983739837398,0.624784853701,0.764210526316,0.871485943775,0.596098680436,0.681818181818,0.715008079265,0.619621342513,1779,1198,581,0,1779,0,1198,0,581,126,1741,0.11053968254,3.35021095487,27.6349206349,14.6302521008,14.7542372881,19.3405700742,0.69985980165,0.389650173682,15.6125082129,1.12991156509,0.578854517108,9.15239928644,0.662379270587,0.377355652198,1.19779027155,0.357526820756,4.34256606628,3.35021095487,1.19779027155,4.34256606628,0.507119835952,0.563909424838,12128,0.0372596006144,0.110016681489,126,126,126,1,0,0.0555555555556,0.880952380952,0.0634920634921,126,0.0736507936508,2.91548800933,18.4126984127,10.5454545455,10,13.0250649695,0.707395769897,0.395874384236,10.40485845,1.13018290061,0.58416803503,6.49839052113,0.705859660054,0.398275862069,1.15823659145,0.397270229803,3.98797667635,2.91548800933,1.15823659145,3.98797667635,0.320488422322,0.376834562117,3646,0.0112012288786,0.0759935796492,126,126,126,1,0,0.126984126984,0.793650793651,0.0793650793651,126,1529,0.0970793650794,2.97501477686,24.2698412698,13.9,13.1810344828,17.0079570547,0.700785673281,0.393825199581,13.4897609613,1.11164805829,0.575773147716,8.74286284884,0.720471366222,0.408727563404,1.1928643819,0.400960825869,4.05755423437,2.97501477686,1.1928643819,4.05755423437,0.414607590863,0.498550327156,8483,0.0260614439324,0.108855871215,126,126,126,1,0,0.126984126984,0.793650793651,0.0793650793651,-212,-0.0134603174603,-0.375196178007,-3.36507936508,-0.73025210084,-1.57320280538,-2.33261301946,0.000925871630922,0.00417502589826,-2.12274725159,-0.0182635068025,-0.0030813693928,-0.409536437598,0.0580920956357,0.0313719112061,-0.00492588965128,0.0434340051137,-0.285011831903,-0.375196178007,-0.00492588965128,-0.285011831903,-0.0925122450891,-0.0653590976825,-3645,-0.011198156682,-0.0011608102732,0.0714285714286,-0.0873015873016,0.015873015873,1523,6,218,14003,0.874784606548,0.999571703905,0.000428296095367,0.125215393452,0.996075866579,0.874784606548,0.931498470948,0.926024743167,0.874356310453,0.871780194619,369,581,0,3,1,3
64,WLNM_dir_neg_kfold,0.852994717992,0.772552497955,00:00:28,10,66.6666666667,8,13353,threshold_sweep,0.1,0.937655860349,0.647160068847,0.765784114053,376,25,205,1137,0.647160068847,0.978485370052,0.0215146299484,0.352839931153,0.937655860349,0.647160068847,0.765784114053,0.868043602983,0.589978963473,0.678171641791,0.700762686333,0.625645438898,1779,1198,581,0,1779,0,1198,0,581,126,1741,0.11053968254,3.35021095487,27.6349206349,14.6302521008,14.7542372881,19.3405700742,0.69985980165,0.389650173682,15.6125082129,1.12991156509,0.578854517108,9.15239928644,0.662379270587,0.377355652198,1.19779027155,0.357526820756,4.34256606628,3.35021095487,1.19779027155,4.34256606628,0.507119835952,0.563909424838,12128,0.0372596006144,0.110016681489,126,126,126,1,0,0.0555555555556,0.880952380952,0.0634920634921,126,0.0736507936508,2.91548800933,18.4126984127,10.5454545455,10,13.0250649695,0.707395769897,0.395874384236,10.40485845,1.13018290061,0.58416803503,6.49839052113,0.705859660054,0.398275862069,1.15823659145,0.397270229803,3.98797667635,2.91548800933,1.15823659145,3.98797667635,0.320488422322,0.376834562117,3646,0.0112012288786,0.0759935796492,126,126,126,1,0,0.126984126984,0.793650793651,0.0793650793651,126,1561,0.0991111111111,6.52999571976,24.7777777778,12.488,13.4568965517,16.7785047672,0.677159385222,0.3818980507,13.208465299,1.0661541497,0.548564717367,8.98974724648,0.725629822586,0.409744465798,1.52471266151,0.23349366936,7.62541766321,6.52999571976,1.52471266151,7.62541766321,0.410692642102,0.490547110117,8476,0.0260399385561,0.100375865535,126,126,126,1,0,0.00793650793651,0.912698412698,0.0793650793651,-180,-0.0114285714286,3.17978476489,-2.85714285714,-2.14225210084,-1.29734073641,-2.56206530699,-0.0227004164274,-0.00775212298224,-2.40404291389,-0.0637574153963,-0.0302897997416,-0.162652039961,0.063250551999,0.0323888136006,0.32692238996,-0.124033151395,3.28285159693,3.17978476489,0.32692238996,3.28285159693,-0.0964271938494,-0.0733623147219,-3652,-0.0112196620584,-0.00964081595321,-0.047619047619,0.031746031746,0.015873015873,1536,25,205,13984,0.882251579552,0.998215432936,0.00178456706403,0.117748420448,0.98398462524,0.882251579552,0.930345245306,0.92392920818,0.880467012488,0.869762174405,401,581,0,3,1,3
65,WLNM_dir_neg_kfold,0.852994717992,0.772552497955,00:00:28,10,66.6666666667,8,13353,threshold_sweep,0.2,0.958656330749,0.638554216867,0.76652892562,371,16,210,1146,0.638554216867,0.986230636833,0.013769363167,0.361445783133,0.958656330749,0.638554216867,0.76652892562,0.870338496845,0.592656339644,0.681690140845,0.708657349553,0.624784853701,1779,1198,581,0,1779,0,1198,0,581,126,1741,0.11053968254,3.35021095487,27.6349206349,14.6302521008,14.7542372881,19.3405700742,0.69985980165,0.389650173682,15.6125082129,1.12991156509,0.578854517108,9.15239928644,0.662379270587,0.377355652198,1.19779027155,0.357526820756,4.34256606628,3.35021095487,1.19779027155,4.34256606628,0.507119835952,0.563909424838,12128,0.0372596006144,0.110016681489,126,126,126,1,0,0.0555555555556,0.880952380952,0.0634920634921,126,0.0736507936508,2.91548800933,18.4126984127,10.5454545455,10,13.0250649695,0.707395769897,0.395874384236,10.40485845,1.13018290061,0.58416803503,6.49839052113,0.705859660054,0.398275862069,1.15823659145,0.397270229803,3.98797667635,2.91548800933,1.15823659145,3.98797667635,0.320488422322,0.376834562117,3646,0.0112012288786,0.0759935796492,126,126,126,1,0,0.126984126984,0.793650793651,0.0793650793651,126,1547,0.0982222222222,3.72630951482,24.5555555556,13,13.3362068966,16.8235813336,0.685123221731,0.385667087348,13.2891768828,1.08237639769,0.559541765424,8.88471846612,0.72364222801,0.409102102379,1.29720028638,0.34811930711,4.96099015032,3.72630951482,1.29720028638,4.96099015032,0.402429429761,0.491290624269,8405,0.025821812596,0.10354784735,126,126,126,1,0,0.0555555555556,0.865079365079,0.0793650793651,-194,-0.0123174603175,0.376098559952,-3.07936507937,-1.63025210084,-1.41803039158,-2.51698874055,-0.0147365799187,-0.00398308633458,-2.32333133012,-0.0475351673997,-0.0193127516843,-0.267680820319,0.0612629574232,0.0317464501817,0.0994100148232,-0.00940751364527,0.618424084045,0.376098559952,0.0994100148232,0.618424084045,-0.104690406191,-0.0726188005691,-3723,-0.0114377880184,-0.006468834139,0,-0.015873015873,0.015873015873,1531,16,210,13993,0.879379666858,0.998857877079,0.00114212292098,0.120620333142,0.989657401422,0.879379666858,0.931265206813,0.925294012148,0.878237543937,0.871371656232,387,581,0,3,1,3
66,WLNM_dir_neg_kfold,0.852994717992,0.772552497955,00:00:28,10,66.6666666667,8,13353,threshold_sweep,0.3,0.966145833333,0.638554216867,0.768911917098,371,13,210,1149,0.638554216867,0.988812392427,0.0111876075731,0.361445783133,0.966145833333,0.638554216867,0.768911917098,0.87205966724,0.59323006311,0.685472496474,0.713570997085,0.627366609294,1779,1198,581,0,1779,0,1198,0,581,126,1741,0.11053968254,3.35021095487,27.6349206349,14.6302521008,14.7542372881,19.3405700742,0.69985980165,0.389650173682,15.6125082129,1.12991156509,0.578854517108,9.15239928644,0.662379270587,0.377355652198,1.19779027155,0.357526820756,4.34256606628,3.35021095487,1.19779027155,4.34256606628,0.507119835952,0.563909424838,12128,0.0372596006144,0.110016681489,126,126,126,1,0,0.0555555555556,0.880952380952,0.0634920634921,126,0.0736507936508,2.91548800933,18.4126984127,10.5454545455,10,13.0250649695,0.707395769897,0.395874384236,10.40485845,1.13018290061,0.58416803503,6.49839052113,0.705859660054,0.398275862069,1.15823659145,0.397270229803,3.98797667635,2.91548800933,1.15823659145,3.98797667635,0.320488422322,0.376834562117,3646,0.0112012288786,0.0759935796492,126,126,126,1,0,0.126984126984,0.793650793651,0.0793650793651,126,1544,0.0980317460317,3.70747227605,24.5079365079,12.974789916,13.3103448276,16.8460065448,0.687369438033,0.387058968665,13.3062009652,1.08586873162,0.561405132001,8.85973950672,0.723009830212,0.408904926392,1.30502223812,0.351997841373,4.95393648286,3.70747227605,1.30502223812,4.95393648286,0.40291700651,0.491967440317,8401,0.0258095238095,0.104149846604,126,126,126,1,0,0.0555555555556,0.865079365079,0.0793650793651,-197,-0.0125079365079,0.357261321183,-3.12698412698,-1.65546218487,-1.44389246055,-2.49456352935,-0.0124903636166,-0.00259120501715,-2.30630724769,-0.0440428334752,-0.0174493851074,-0.292659779716,0.0606305596252,0.0315492741943,0.107231966566,-0.00552897938253,0.611370416584,0.357261321183,0.107231966566,0.611370416584,-0.104202829442,-0.0719419845214,-3727,-0.0114500768049,-0.00586683488416,0,-0.015873015873,0.015873015873,1531,13,210,13996,0.879379666858,0.999072025127,0.000927974873296,0.120620333142,0.991580310881,0.879379666858,0.932115677321,0.92632051783,0.878451691985,0.872862029647,384,581,0,3,1,3
67,WLNM_dir_neg_kfold,0.852994717992,0.772552497955,00:00:28,10,66.6666666667,8,13353,threshold_sweep,0.4,0.976,0.629948364888,0.765690376569,366,9,215,1153,0.629948364888,0.992254733219,0.00774526678141,0.370051635112,0.976,0.629948364888,0.765690376569,0.871485943775,0.594951233505,0.682719546742,0.7137803977,0.622203098107,1779,1198,581,0,1779,0,1198,0,581,126,1741,0.11053968254,3.35021095487,27.6349206349,14.6302521008,14.7542372881,19.3405700742,0.69985980165,0.389650173682,15.6125082129,1.12991156509,0.578854517108,9.15239928644,0.662379270587,0.377355652198,1.19779027155,0.357526820756,4.34256606628,3.35021095487,1.19779027155,4.34256606628,0.507119835952,0.563909424838,12128,0.0372596006144,0.110016681489,126,126,126,1,0,0.0555555555556,0.880952380952,0.0634920634921,126,0.0736507936508,2.91548800933,18.4126984127,10.5454545455,10,13.0250649695,0.707395769897,0.395874384236,10.40485845,1.13018290061,0.58416803503,6.49839052113,0.705859660054,0.398275862069,1.15823659145,0.397270229803,3.98797667635,2.91548800933,1.15823659145,3.98797667635,0.320488422322,0.376834562117,3646,0.0112012288786,0.0759935796492,126,126,126,1,0,0.126984126984,0.793650793651,0.0793650793651,126,1535,0.0974603174603,3.20253150168,24.3650793651,13.347826087,13.2327586207,16.8810441263,0.692837641665,0.389829895042,13.361078276,1.09673997575,0.568062664805,8.77487394202,0.720282812179,0.408350137015,1.21322990683,0.37883465196,4.38665911262,3.20253150168,1.21322990683,4.38665911262,0.408934632268,0.493935879543,8376,0.025732718894,0.106728846074,126,126,126,1,0,0.0873015873016,0.833333333333,0.0793650793651,-206,-0.0130793650794,-0.147679453191,-3.26984126984,-1.28242601388,-1.52147866745,-2.45952594788,-0.00702215998462,0.000179721359282,-2.25142993688,-0.0331715893404,-0.0107918523031,-0.377525344415,0.0579035415925,0.0309944848169,0.0154396352752,0.0213078312047,0.0440930463387,-0.147679453191,0.0154396352752,0.0440930463387,-0.0981852036842,-0.0699735452952,-3752,-0.0115268817204,-0.00328783541438,0.031746031746,-0.047619047619,0.015873015873,1526,9,215,14000,0.876507754164,0.999357555857,0.000642444143051,0.123492245836,0.994136807818,0.876507754164,0.931623931624,0.926003561601,0.875865310021,0.872,375,581,0,3,1,3
68,WLNM_dir_neg_kfold,0.852994717992,0.772552497955,00:00:28,10,66.6666666667,8,13353,threshold_sweep,0.5,0.976,0.629948364888,0.765690376569,366,9,215,1153,0.629948364888,0.992254733219,0.00774526678141,0.370051635112,0.976,0.629948364888,0.765690376569,0.871485943775,0.594951233505,0.682719546742,0.7137803977,0.622203098107,1779,1198,581,0,1779,0,1198,0,581,126,1741,0.11053968254,3.35021095487,27.6349206349,14.6302521008,14.7542372881,19.3405700742,0.69985980165,0.389650173682,15.6125082129,1.12991156509,0.578854517108,9.15239928644,0.662379270587,0.377355652198,1.19779027155,0.357526820756,4.34256606628,3.35021095487,1.19779027155,4.34256606628,0.507119835952,0.563909424838,12128,0.0372596006144,0.110016681489,126,126,126,1,0,0.0555555555556,0.880952380952,0.0634920634921,126,0.0736507936508,2.91548800933,18.4126984127,10.5454545455,10,13.0250649695,0.707395769897,0.395874384236,10.40485845,1.13018290061,0.58416803503,6.49839052113,0.705859660054,0.398275862069,1.15823659145,0.397270229803,3.98797667635,2.91548800933,1.15823659145,3.98797667635,0.320488422322,0.376834562117,3646,0.0112012288786,0.0759935796492,126,126,126,1,0,0.126984126984,0.793650793651,0.0793650793651,126,1535,0.0974603174603,3.20253150168,24.3650793651,13.347826087,13.2327586207,16.8810441263,0.692837641665,0.389829895042,13.361078276,1.09673997575,0.568062664805,8.77487394202,0.720282812179,0.408350137015,1.21322990683,0.37883465196,4.38665911262,3.20253150168,1.21322990683,4.38665911262,0.408934632268,0.493935879543,8376,0.025732718894,0.106728846074,126,126,126,1,0,0.0873015873016,0.833333333333,0.0793650793651,-206,-0.0130793650794,-0.147679453191,-3.26984126984,-1.28242601388,-1.52147866745,-2.45952594788,-0.00702215998462,0.000179721359282,-2.25142993688,-0.0331715893404,-0.0107918523031,-0.377525344415,0.0579035415925,0.0309944848169,0.0154396352752,0.0213078312047,0.0440930463387,-0.147679453191,0.0154396352752,0.0440930463387,-0.0981852036842,-0.0699735452952,-3752,-0.0115268817204,-0.00328783541438,0.031746031746,-0.047619047619,0.015873015873,1526,9,215,14000,0.876507754164,0.999357555857,0.000642444143051,0.123492245836,0.994136807818,0.876507754164,0.931623931624,0.926003561601,0.875865310021,0.872,375,581,0,3,1,3
69,WLNM_dir_neg_kfold,0.852994717992,0.772552497955,00:00:28,10,66.6666666667,8,13353,threshold_sweep,0.6,0.978609625668,0.629948364888,0.766492146597,366,8,215,1154,0.629948364888,0.993115318417,0.00688468158348,0.370051635112,0.978609625668,0.629948364888,0.766492146597,0.87205966724,0.595142474661,0.683986773736,0.71546112847,0.623063683305,1779,1198,581,0,1779,0,1198,0,581,126,1741,0.11053968254,3.35021095487,27.6349206349,14.6302521008,14.7542372881,19.3405700742,0.69985980165,0.389650173682,15.6125082129,1.12991156509,0.578854517108,9.15239928644,0.662379270587,0.377355652198,1.19779027155,0.357526820756,4.34256606628,3.35021095487,1.19779027155,4.34256606628,0.507119835952,0.563909424838,12128,0.0372596006144,0.110016681489,126,126,126,1,0,0.0555555555556,0.880952380952,0.0634920634921,126,0.0736507936508,2.91548800933,18.4126984127,10.5454545455,10,13.0250649695,0.707395769897,0.395874384236,10.40485845,1.13018290061,0.58416803503,6.49839052113,0.705859660054,0.398275862069,1.15823659145,0.397270229803,3.98797667635,2.91548800933,1.15823659145,3.98797667635,0.320488422322,0.376834562117,3646,0.0112012288786,0.0759935796492,126,126,126,1,0,0.126984126984,0.793650793651,0.0793650793651,126,1534,0.0973968253968,3.17368712353,24.3492063492,13.3391304348,13.224137931,16.8681083517,0.692758035305,0.389747728731,13.367470585,1.09797998286,0.568821009499,8.78369340547,0.721476772548,0.409014714099,1.18407465957,0.373091175493,4.28137158348,3.17368712353,1.18407465957,4.28137158348,0.408934632268,0.493935879543,8376,0.025732718894,0.107118573412,126,126,126,1,0,0.0873015873016,0.833333333333,0.0793650793651,-207,-0.0131428571429,-0.176523831334,-3.28571428571,-1.29112166606,-1.5300993571,-2.47246172245,-0.00710176634485,9.75550484403e-05,-2.2450376279,-0.0319315822303,-0.0100335076094,-0.368705880971,0.0590975019616,0.0316590619018,-0.0137156119887,0.0155643547372,-0.0611944828011,-0.176523831334,-0.0137156119887,-0.0611944828011,-0.0981852036842,-0.0699735452952,-3752,-0.0115268817204,-0.00289810807672,0.031746031746,-0.047619047619,0.015873015873,1526,8,215,14001,0.876507754164,0.99942893854,0.00057106146049,0.123492245836,0.994784876141,0.876507754164,0.931908396947,0.926348249503,0.875936692704,0.872498570612,374,581,0,3,1,3
70,WLNM_dir_neg_kfold,0.852994717992,0.772552497955,00:00:28,10,66.6666666667,8,13353,threshold_sweep,0.7,0.978378378378,0.623063683305,0.761303890641,362,8,219,1154,0.623063683305,0.993115318417,0.00688468158348,0.376936316695,0.978378378378,0.623063683305,0.761303890641,0.869764773379,0.595907439281,0.677709417889,0.710332840738,0.616179001721,1779,1198,581,0,1779,0,1198,0,581,126,1741,0.11053968254,3.35021095487,27.6349206349,14.6302521008,14.7542372881,19.3405700742,0.69985980165,0.389650173682,15.6125082129,1.12991156509,0.578854517108,9.15239928644,0.662379270587,0.377355652198,1.19779027155,0.357526820756,4.34256606628,3.35021095487,1.19779027155,4.34256606628,0.507119835952,0.563909424838,12128,0.0372596006144,0.110016681489,126,126,126,1,0,0.0555555555556,0.880952380952,0.0634920634921,126,0.0736507936508,2.91548800933,18.4126984127,10.5454545455,10,13.0250649695,0.707395769897,0.395874384236,10.40485845,1.13018290061,0.58416803503,6.49839052113,0.705859660054,0.398275862069,1.15823659145,0.397270229803,3.98797667635,2.91548800933,1.15823659145,3.98797667635,0.320488422322,0.376834562117,3646,0.0112012288786,0.0759935796492,126,126,126,1,0,0.126984126984,0.793650793651,0.0793650793651,126,1530,0.0971428571429,3.13565741442,24.2857142857,13.5398230088,13.1896551724,16.8745285648,0.694833529141,0.390948231144,13.3744318971,1.10142380329,0.570816474738,8.75142437386,0.720705536671,0.408486357506,1.20750791047,0.385089233575,4.26913194156,3.13565741442,1.20750791047,4.26913194156,0.413023204874,0.494457375044,8356,0.0256712749616,0.108618979827,126,126,126,1,0,0.103174603175,0.81746031746,0.0793650793651,-211,-0.0133968253968,-0.214553540447,-3.34920634921,-1.09042909199,-1.56458211572,-2.46604150932,-0.00502627250921,0.00129805746197,-2.23807631577,-0.0284877617989,-0.00803804237035,-0.400974912577,0.0583262660844,0.0311307053083,0.00971763892,0.0275624128199,-0.0734341247204,-0.214553540447,0.00971763892,-0.0734341247204,-0.0940966310777,-0.069452049794,-3772,-0.0115883256528,-0.00139770166138,0.047619047619,-0.0634920634921,0.015873015873,1522,8,219,14001,0.874210224009,0.99942893854,0.00057106146049,0.125789775991,0.99477124183,0.874210224009,0.930602262305,0.92499531582,0.873639162549,0.870211549457,370,581,0,3,1,3
71,WLNM_dir_neg_kfold,0.852994717992,0.772552497955,00:00:28,10,66.6666666667,8,13353,threshold_sweep,0.8,0.98097826087,0.621342512909,0.760800842993,361,7,220,1155,0.621342512909,0.993975903614,0.00602409638554,0.378657487091,0.98097826087,0.621342512909,0.760800842993,0.869764773379,0.596289921591,0.677404073899,0.710748227911,0.615318416523,1779,1198,581,0,1779,0,1198,0,581,126,1741,0.11053968254,3.35021095487,27.6349206349,14.6302521008,14.7542372881,19.3405700742,0.69985980165,0.389650173682,15.6125082129,1.12991156509,0.578854517108,9.15239928644,0.662379270587,0.377355652198,1.19779027155,0.357526820756,4.34256606628,3.35021095487,1.19779027155,4.34256606628,0.507119835952,0.563909424838,12128,0.0372596006144,0.110016681489,126,126,126,1,0,0.0555555555556,0.880952380952,0.0634920634921,126,0.0736507936508,2.91548800933,18.4126984127,10.5454545455,10,13.0250649695,0.707395769897,0.395874384236,10.40485845,1.13018290061,0.58416803503,6.49839052113,0.705859660054,0.398275862069,1.15823659145,0.397270229803,3.98797667635,2.91548800933,1.15823659145,3.98797667635,0.320488422322,0.376834562117,3646,0.0112012288786,0.0759935796492,126,126,126,1,0,0.126984126984,0.793650793651,0.0793650793651,126,1528,0.0970158730159,3.13453869984,24.253968254,13.5221238938,13.1724137931,16.8702988749,0.695568605442,0.391278151749,13.3716022238,1.10263212055,0.571158480844,8.75075688336,0.72159382677,0.408875592122,1.20657747415,0.384929838068,4.2669124476,3.13453869984,1.20657747415,4.2669124476,0.413414481728,0.493803735547,8328,0.0255852534562,0.10874844243,126,126,126,1,0,0.103174603175,0.81746031746,0.0793650793651,-213,-0.0135238095238,-0.215672255026,-3.38095238095,-1.10812820704,-1.58182349503,-2.47027119931,-0.00429119620744,0.00162797806702,-2.24090598911,-0.0272794445438,-0.00769603626405,-0.401642403075,0.0592145561829,0.031519939924,0.00878720259267,0.0274030173122,-0.0756536186719,-0.215672255026,0.00878720259267,-0.0756536186719,-0.0937053542235,-0.0701056892914,-3800,-0.0116743471582,-0.00126823905817,0.047619047619,-0.0634920634921,0.015873015873,1521,7,220,14002,0.87363584147,0.999500321222,0.000499678777928,0.12636415853,0.995418848168,0.87363584147,0.930559804221,0.925002517458,0.873136162692,0.870137299771,368,581,0,3,1,3
72,WLNM_dir_neg_kfold,0.852994717992,0.772552497955,00:00:28,10,66.6666666667,8,13353,threshold_sweep,0.9,0.986301369863,0.619621342513,0.761099365751,360,5,221,1157,0.619621342513,0.99569707401,0.00430292598967,0.380378657487,0.986301369863,0.619621342513,0.761099365751,0.870338496845,0.596863645056,0.678368121442,0.712885863828,0.615318416523,1779,1198,581,0,1779,0,1198,0,581,126,1741,0.11053968254,3.35021095487,27.6349206349,14.6302521008,14.7542372881,19.3405700742,0.69985980165,0.389650173682,15.6125082129,1.12991156509,0.578854517108,9.15239928644,0.662379270587,0.377355652198,1.19779027155,0.357526820756,4.34256606628,3.35021095487,1.19779027155,4.34256606628,0.507119835952,0.563909424838,12128,0.0372596006144,0.110016681489,126,126,126,1,0,0.0555555555556,0.880952380952,0.0634920634921,126,0.0736507936508,2.91548800933,18.4126984127,10.5454545455,10,13.0250649695,0.707395769897,0.395874384236,10.40485845,1.13018290061,0.58416803503,6.49839052113,0.705859660054,0.398275862069,1.15823659145,0.397270229803,3.98797667635,2.91548800933,1.15823659145,3.98797667635,0.320488422322,0.376834562117,3646,0.0112012288786,0.0759935796492,126,126,126,1,0,0.126984126984,0.793650793651,0.0793650793651,126,1525,0.0968253968254,2.94328880886,24.2063492063,13.8636363636,13.1465517241,16.8790129855,0.697296929893,0.392053083528,13.3924333055,1.10652235835,0.573796513141,8.71396980952,0.719973899016,0.408123861566,1.17267868947,0.398424607854,4.01367669268,2.94328880886,1.17267868947,4.01367669268,0.414412743868,0.494779180123,8324,0.0255729646697,0.109012772689,126,126,126,1,0,0.126984126984,0.793650793651,0.0793650793651,-216,-0.0137142857143,-0.406922146008,-3.42857142857,-0.766615737204,-1.607685564,-2.46155708865,-0.00256287175654,0.00240290984615,-2.22007490745,-0.0233892067404,-0.00505800396762,-0.438429476917,0.0575946284296,0.0307682093688,-0.025111582084,0.0408977870982,-0.328889373602,-0.406922146008,-0.025111582084,-0.328889373602,-0.0927070920837,-0.0691302447152,-3804,-0.0116866359447,-0.00100390879949,0.0714285714286,-0.0873015873016,0.015873015873,1520,5,221,14004,0.873061458932,0.999643086587,0.000356913412806,0.126938541068,0.996721311475,0.873061458932,0.930802204532,0.9253566106,0.872704545519,0.870561282932,365,581,0,3,1,3
73,WLNM_dir_neg_kfold,0.871803910997,0.712966128264,00:00:28,10,66.6666666667,9,13354,threshold_sweep,0.1,0.933660933661,0.65404475043,0.769230769231,380,27,201,1135,0.65404475043,0.976764199656,0.0232358003442,0.34595524957,0.933660933661,0.65404475043,0.769230769231,0.869191049914,0.588831516542,0.681860465116,0.702891907304,0.630808950086,1779,1198,581,0,1779,0,1198,0,581,126,1741,0.11053968254,3.35021095487,27.6349206349,14.6302521008,14.7542372881,19.3405700742,0.69985980165,0.389650173682,15.6125082129,1.12991156509,0.578854517108,9.15239928644,0.662379270587,0.377355652198,1.19779027155,0.357526820756,4.34256606628,3.35021095487,1.19779027155,4.34256606628,0.507119835952,0.563909424838,12128,0.0372596006144,0.110016681489,126,126,126,1,0,0.0555555555556,0.880952380952,0.0634920634921,126,0.0736507936508,2.91548800933,18.4126984127,10.5454545455,10,13.0250649695,0.707395769897,0.395874384236,10.40485845,1.13018290061,0.58416803503,6.49839052113,0.705859660054,0.398275862069,1.15823659145,0.397270229803,3.98797667635,2.91548800933,1.15823659145,3.98797667635,0.320488422322,0.376834562117,3646,0.0112012288786,0.0759935796492,126,126,126,1,0,0.126984126984,0.793650793651,0.0793650793651,126,1567,0.0994920634921,4.4660698224,24.873015873,12.9504132231,13.3931623932,16.8156993917,0.676061941083,0.381246138106,13.2607668145,1.06627735713,0.552764862593,8.99110318637,0.722960434896,0.409279687199,1.4129042524,0.316364120711,5.56562495775,4.4660698224,1.4129042524,5.56562495775,0.400640813969,0.490085909335,8519,0.0261720430108,0.103377560966,126,126,126,1,0,0.0396825396825,0.888888888889,0.0714285714286,-174,-0.0110476190476,1.11585886753,-2.7619047619,-1.6798388777,-1.36107489497,-2.52487068247,-0.0237978605671,-0.00840403557596,-2.35174139844,-0.0636342079625,-0.0260896545158,-0.16129610007,0.0605811643097,0.0319240350016,0.215113980845,-0.0411627000442,1.22305889148,1.11585886753,0.215113980845,1.22305889148,-0.106479021983,-0.0738235155035,-3609,-0.0110875576037,-0.00663912052287,-0.015873015873,0.00793650793651,0.00793650793651,1540,27,201,13982,0.884549109707,0.998072667571,0.00192733242915,0.115450890293,0.982769623484,0.884549109707,0.93107617896,0.924610971036,0.882621777278,0.871040723982,407,581,0,3,1,3
74,WLNM_dir_neg_kfold,0.871803910997,0.712966128264,00:00:28,10,66.6666666667,9,13354,threshold_sweep,0.2,0.951898734177,0.647160068847,0.770491803279,376,19,205,1143,0.647160068847,0.983648881239,0.0163511187608,0.352839931153,0.951898734177,0.647160068847,0.770491803279,0.871485943775,0.591126410404,0.685687558466,0.710305999502,0.630808950086,1779,1198,581,0,1779,0,1198,0,581,126,1741,0.11053968254,3.35021095487,27.6349206349,14.6302521008,14.7542372881,19.3405700742,0.69985980165,0.389650173682,15.6125082129,1.12991156509,0.578854517108,9.15239928644,0.662379270587,0.377355652198,1.19779027155,0.357526820756,4.34256606628,3.35021095487,1.19779027155,4.34256606628,0.507119835952,0.563909424838,12128,0.0372596006144,0.110016681489,126,126,126,1,0,0.0555555555556,0.880952380952,0.0634920634921,126,0.0736507936508,2.91548800933,18.4126984127,10.5454545455,10,13.0250649695,0.707395769897,0.395874384236,10.40485845,1.13018290061,0.58416803503,6.49839052113,0.705859660054,0.398275862069,1.15823659145,0.397270229803,3.98797667635,2.91548800933,1.15823659145,3.98797667635,0.320488422322,0.376834562117,3646,0.0112012288786,0.0759935796492,126,126,126,1,0,0.126984126984,0.793650793651,0.0793650793651,126,1555,0.0987301587302,3.34275118337,24.6825396825,13.1779661017,13.2905982906,16.8526084835,0.682774491615,0.384576124126,13.3153521611,1.07892885679,0.560031643954,8.91485295306,0.722361075296,0.408844995662,1.24954933364,0.373808657927,4.52783401127,3.34275118337,1.24954933364,4.52783401127,0.40000006686,0.491458276968,8477,0.0260430107527,0.105523671275,126,126,126,1,0,0.0634920634921,0.865079365079,0.0714285714286,-186,-0.0118095238095,-0.00745977149589,-2.95238095238,-1.45228599915,-1.46363899754,-2.48796159066,-0.017085310035,-0.00507404955638,-2.2971560518,-0.0509827083082,-0.0188228731539,-0.237546333384,0.0599818047092,0.031489343464,0.0517590620849,0.0162818371712,0.185267944996,-0.00745977149589,0.0517590620849,0.185267944996,-0.107119769091,-0.0724511478702,-3651,-0.0112165898618,-0.00449301021386,0.00793650793651,-0.015873015873,0.00793650793651,1536,19,205,13990,0.882251579552,0.998643729031,0.00135627096866,0.117748420448,0.987781350482,0.882251579552,0.932038834951,0.925964539017,0.880895308583,0.872727272727,395,581,0,3,1,3
75,WLNM_dir_neg_kfold,0.871803910997,0.712966128264,00:00:28,10,66.6666666667,9,13354,threshold_sweep,0.3,0.961139896373,0.638554216867,0.767321613237,371,15,210,1147,0.638554216867,0.987091222031,0.012908777969,0.361445783133,0.961139896373,0.638554216867,0.767321613237,0.87091222031,0.592847580799,0.682949741663,0.710290223201,0.625645438898,1779,1198,581,0,1779,0,1198,0,581,126,1741,0.11053968254,3.35021095487,27.6349206349,14.6302521008,14.7542372881,19.3405700742,0.69985980165,0.389650173682,15.6125082129,1.12991156509,0.578854517108,9.15239928644,0.662379270587,0.377355652198,1.19779027155,0.357526820756,4.34256606628,3.35021095487,1.19779027155,4.34256606628,0.507119835952,0.563909424838,12128,0.0372596006144,0.110016681489,126,126,126,1,0,0.0555555555556,0.880952380952,0.0634920634921,126,0.0736507936508,2.91548800933,18.4126984127,10.5454545455,10,13.0250649695,0.707395769897,0.395874384236,10.40485845,1.13018290061,0.58416803503,6.49839052113,0.705859660054,0.398275862069,1.15823659145,0.397270229803,3.98797667635,2.91548800933,1.15823659145,3.98797667635,0.320488422322,0.376834562117,3646,0.0112012288786,0.0759935796492,126,126,126,1,0,0.126984126984,0.793650793651,0.0793650793651,126,1546,0.0981587301587,3.14205008761,24.5396825397,13.4434782609,13.2136752137,16.8592530291,0.687020013475,0.386845725785,13.3538984261,1.08835135944,0.565709768168,8.82579192903,0.719307751008,0.407811248691,1.19984109529,0.381865680635,4.25649926565,3.14205008761,1.19984109529,4.25649926565,0.407942511994,0.493729218923,8464,0.0260030721966,0.106650038142,126,126,126,1,0,0.0873015873016,0.84126984127,0.0714285714286,-195,-0.012380952381,-0.208160867256,-3.09523809524,-1.18677383997,-1.54056207446,-2.48131704509,-0.0128397881752,-0.00280444789742,-2.25860978682,-0.041560205657,-0.0131447489407,-0.326607357405,0.0569284804213,0.0304555964932,0.00205082373987,0.0243388598792,-0.0860668006287,-0.208160867256,0.00205082373987,-0.0860668006287,-0.0991773239581,-0.0701802059152,-3664,-0.0112565284178,-0.00336664334626,0.031746031746,-0.0396825396825,0.00793650793651,1531,15,210,13994,0.879379666858,0.998929259762,0.00107074023842,0.120620333142,0.990297542044,0.879379666858,0.93154852449,0.925635864352,0.87830892662,0.871867881549,386,581,0,3,1,3
76,WLNM_dir_neg_kfold,0.871803910997,0.712966128264,00:00:28,10,66.6666666667,9,13354,threshold_sweep,0.4,0.963541666667,0.636833046472,0.766839378238,370,14,211,1148,0.636833046472,0.987951807229,0.0120481927711,0.363166953528,0.963541666667,0.636833046472,0.766839378238,0.87091222031,0.59323006311,0.682651622003,0.710634490924,0.624784853701,1779,1198,581,0,1779,0,1198,0,581,126,1741,0.11053968254,3.35021095487,27.6349206349,14.6302521008,14.7542372881,19.3405700742,0.69985980165,0.389650173682,15.6125082129,1.12991156509,0.578854517108,9.15239928644,0.662379270587,0.377355652198,1.19779027155,0.357526820756,4.34256606628,3.35021095487,1.19779027155,4.34256606628,0.507119835952,0.563909424838,12128,0.0372596006144,0.110016681489,126,126,126,1,0,0.0555555555556,0.880952380952,0.0634920634921,126,0.0736507936508,2.91548800933,18.4126984127,10.5454545455,10,13.0250649695,0.707395769897,0.395874384236,10.40485845,1.13018290061,0.58416803503,6.49839052113,0.705859660054,0.398275862069,1.15823659145,0.397270229803,3.98797667635,2.91548800933,1.15823659145,3.98797667635,0.320488422322,0.376834562117,3646,0.0112012288786,0.0759935796492,126,126,126,1,0,0.126984126984,0.793650793651,0.0793650793651,126,1544,0.0980317460317,3.08660842326,24.5079365079,13.5438596491,13.1965811966,16.8692601055,0.688318255601,0.387465046468,13.365589554,1.09071520972,0.567059379883,8.80630365857,0.718649132759,0.407414261041,1.20048435207,0.388933154921,4.20360853105,3.08660842326,1.20048435207,4.20360853105,0.405955473037,0.493281925459,8444,0.0259416282642,0.106915716991,126,126,126,1,0,0.0952380952381,0.833333333333,0.0714285714286,-197,-0.0125079365079,-0.263602531605,-3.12698412698,-1.08639245172,-1.55765609155,-2.47130996864,-0.0115415460486,-0.0021851272147,-2.24691865888,-0.0391963553727,-0.0117951372252,-0.346095627867,0.0562698621725,0.0300586088435,0.00269408051132,0.0314063341656,-0.138957535232,-0.263602531605,0.00269408051132,-0.138957535232,-0.101164362914,-0.0706274993798,-3684,-0.0113179723502,-0.00310096449721,0.0396825396825,-0.047619047619,0.00793650793651,1530,14,211,13995,0.878805284319,0.999000642444,0.000999357555857,0.121194715681,0.990932642487,0.878805284319,0.931506849315,0.925639563397,0.877805926763,0.871794871795,384,581,0,3,1,3
77,WLNM_dir_neg_kfold,0.871803910997,0.712966128264,00:00:28,10,66.6666666667,9,13354,threshold_sweep,0.5,0.96335078534,0.63339070568,0.764278296989,368,14,213,1148,0.63339070568,0.987951807229,0.0120481927711,0.36660929432,0.96335078534,0.63339070568,0.764278296989,0.869764773379,0.59361254542,0.679529411765,0.708045970709,0.621342512909,1779,1198,581,0,1779,0,1198,0,581,126,1741,0.11053968254,3.35021095487,27.6349206349,14.6302521008,14.7542372881,19.3405700742,0.69985980165,0.389650173682,15.6125082129,1.12991156509,0.578854517108,9.15239928644,0.662379270587,0.377355652198,1.19779027155,0.357526820756,4.34256606628,3.35021095487,1.19779027155,4.34256606628,0.507119835952,0.563909424838,12128,0.0372596006144,0.110016681489,126,126,126,1,0,0.0555555555556,0.880952380952,0.0634920634921,126,0.0736507936508,2.91548800933,18.4126984127,10.5454545455,10,13.0250649695,0.707395769897,0.395874384236,10.40485845,1.13018290061,0.58416803503,6.49839052113,0.705859660054,0.398275862069,1.15823659145,0.397270229803,3.98797667635,2.91548800933,1.15823659145,3.98797667635,0.320488422322,0.376834562117,3646,0.0112012288786,0.0759935796492,126,126,126,1,0,0.126984126984,0.793650793651,0.0793650793651,126,1542,0.0979047619048,3.08723692503,24.4761904762,13.5263157895,13.1794871795,16.8990954957,0.690429971613,0.388703600766,13.3742609943,1.092838447,0.567836040599,8.81310712194,0.720137157824,0.408241203961,1.19993449953,0.388675870582,4.20356591439,3.08723692503,1.19993449953,4.20356591439,0.406129343846,0.493540655872,8443,0.0259385560676,0.10690535876,126,126,126,1,0,0.0952380952381,0.833333333333,0.0714285714286,-199,-0.0126349206349,-0.262974029835,-3.15873015873,-1.10393631137,-1.57475010865,-2.4414745785,-0.00942983003726,-0.000946572916482,-2.23824721865,-0.0370731180908,-0.0110184765097,-0.339292164495,0.0577578872376,0.0308855517634,0.00214422797438,0.031149049826,-0.13900015189,-0.262974029835,0.00214422797438,-0.13900015189,-0.100990492106,-0.0703687689666,-3685,-0.0113210445469,-0.00311132272816,0.0396825396825,-0.047619047619,0.00793650793651,1528,14,213,13995,0.877656519242,0.999000642444,0.000999357555857,0.122343480758,0.990920881971,0.877656519242,0.930855924459,0.924962396327,0.876657161686,0.870655270655,382,581,0,3,1,3
78,WLNM_dir_neg_kfold,0.871803910997,0.712966128264,00:00:28,10,66.6666666667,9,13354,threshold_sweep,0.6,0.968337730871,0.631669535284,0.764583333333,367,12,214,1150,0.631669535284,0.989672977625,0.0103270223752,0.368330464716,0.968337730871,0.631669535284,0.764583333333,0.870338496845,0.594186268885,0.680490103676,0.710060591015,0.621342512909,1779,1198,581,0,1779,0,1198,0,581,126,1741,0.11053968254,3.35021095487,27.6349206349,14.6302521008,14.7542372881,19.3405700742,0.69985980165,0.389650173682,15.6125082129,1.12991156509,0.578854517108,9.15239928644,0.662379270587,0.377355652198,1.19779027155,0.357526820756,4.34256606628,3.35021095487,1.19779027155,4.34256606628,0.507119835952,0.563909424838,12128,0.0372596006144,0.110016681489,126,126,126,1,0,0.0555555555556,0.880952380952,0.0634920634921,126,0.0736507936508,2.91548800933,18.4126984127,10.5454545455,10,13.0250649695,0.707395769897,0.395874384236,10.40485845,1.13018290061,0.58416803503,6.49839052113,0.705859660054,0.398275862069,1.15823659145,0.397270229803,3.98797667635,2.91548800933,1.15823659145,3.98797667635,0.320488422322,0.376834562117,3646,0.0112012288786,0.0759935796492,126,126,126,1,0,0.126984126984,0.793650793651,0.0793650793651,126,1539,0.0977142857143,3.0872746335,24.4285714286,13.5,13.2672413793,16.8913841097,0.691460168235,0.389218932104,13.3737696363,1.09492850824,0.568380828615,8.8014609177,0.720587443554,0.408588343286,1.19964368032,0.3885769239,4.20245153481,3.0872746335,1.19964368032,4.20245153481,0.406210607462,0.493979900478,8438,0.0259231950845,0.106898301367,126,126,126,1,0,0.0952380952381,0.825396825397,0.0793650793651,-202,-0.0128253968254,-0.262936321367,-3.20634920635,-1.13025210084,-1.48699590883,-2.44918596442,-0.00839963341475,-0.000431241578417,-2.23873857658,-0.0349830568556,-0.0104736884936,-0.350938368744,0.0582081729673,0.0312326910885,0.00185340876487,0.0310501031441,-0.140114531466,-0.262936321367,0.00185340876487,-0.140114531466,-0.100909228489,-0.0699295243603,-3690,-0.01133640553,-0.00311838012205,0.0396825396825,-0.0555555555556,0.015873015873,1527,12,214,13997,0.877082136703,0.999143407809,0.000856592190735,0.122917863297,0.992202729045,0.877082136703,0.931097560976,0.925309952777,0.876225544512,0.87107815174,379,581,0,3,1,3
79,WLNM_dir_neg_kfold,0.871803910997,0.712966128264,00:00:28,10,66.6666666667,9,13354,threshold_sweep,0.7,0.973333333333,0.628227194492,0.76359832636,365,10,216,1152,0.628227194492,0.991394148021,0.00860585197935,0.371772805508,0.973333333333,0.628227194492,0.76359832636,0.870338496845,0.594951233505,0.679886685552,0.710818653311,0.619621342513,1779,1198,581,0,1779,0,1198,0,581,126,1741,0.11053968254,3.35021095487,27.6349206349,14.6302521008,14.7542372881,19.3405700742,0.69985980165,0.389650173682,15.6125082129,1.12991156509,0.578854517108,9.15239928644,0.662379270587,0.377355652198,1.19779027155,0.357526820756,4.34256606628,3.35021095487,1.19779027155,4.34256606628,0.507119835952,0.563909424838,12128,0.0372596006144,0.110016681489,126,126,126,1,0,0.0555555555556,0.880952380952,0.0634920634921,126,0.0736507936508,2.91548800933,18.4126984127,10.5454545455,10,13.0250649695,0.707395769897,0.395874384236,10.40485845,1.13018290061,0.58416803503,6.49839052113,0.705859660054,0.398275862069,1.15823659145,0.397270229803,3.98797667635,2.91548800933,1.15823659145,3.98797667635,0.320488422322,0.376834562117,3646,0.0112012288786,0.0759935796492,126,126,126,1,0,0.126984126984,0.793650793651,0.0793650793651,126,1535,0.0974603174603,3.04584409557,24.3650793651,13.7053571429,13.2327586207,16.9174954055,0.694333687651,0.390739879013,13.3933719689,1.09939079354,0.570606483636,8.80036435032,0.722375184456,0.409456594799,1.20000681629,0.393981693953,4.1709546265,3.04584409557,1.20000681629,4.1709546265,0.410109090382,0.494795742683,8430,0.0258986175115,0.108868207374,126,126,126,1,0,0.111111111111,0.809523809524,0.0793650793651,-206,-0.0130793650794,-0.304366859293,-3.26984126984,-0.924894957983,-1.52147866745,-2.42307466871,-0.00552611399915,0.00108970533116,-2.21913624398,-0.0305207715517,-0.00824803347259,-0.352034936118,0.0599959138697,0.0321009426009,0.00221654473603,0.0364548731972,-0.171611439778,-0.304366859293,0.00221654473603,-0.171611439778,-0.0970107455693,-0.0691136821557,-3698,-0.0113609831029,-0.00114847411505,0.0555555555556,-0.0714285714286,0.015873015873,1525,10,216,13999,0.875933371626,0.999286173174,0.000713826825612,0.124066628374,0.99348534202,0.875933371626,0.931013431013,0.925320830035,0.8752195448,0.87093089663,375,581,0,3,1,3
80,WLNM_dir_neg_kfold,0.871803910997,0.712966128264,00:00:28,10,66.6666666667,9,13354,threshold_sweep,0.8,0.975871313673,0.626506024096,0.763102725367,364,9,217,1153,0.626506024096,0.992254733219,0.00774526678141,0.373493975904,0.975871313673,0.626506024096,0.763102725367,0.870338496845,0.595333715816,0.679584120983,0.711212192199,0.618760757315,1779,1198,581,0,1779,0,1198,0,581,126,1741,0.11053968254,3.35021095487,27.6349206349,14.6302521008,14.7542372881,19.3405700742,0.69985980165,0.389650173682,15.6125082129,1.12991156509,0.578854517108,9.15239928644,0.662379270587,0.377355652198,1.19779027155,0.357526820756,4.34256606628,3.35021095487,1.19779027155,4.34256606628,0.507119835952,0.563909424838,12128,0.0372596006144,0.110016681489,126,126,126,1,0,0.0555555555556,0.880952380952,0.0634920634921,126,0.0736507936508,2.91548800933,18.4126984127,10.5454545455,10,13.0250649695,0.707395769897,0.395874384236,10.40485845,1.13018290061,0.58416803503,6.49839052113,0.705859660054,0.398275862069,1.15823659145,0.397270229803,3.98797667635,2.91548800933,1.15823659145,3.98797667635,0.320488422322,0.376834562117,3646,0.0112012288786,0.0759935796492,126,126,126,1,0,0.126984126984,0.793650793651,0.0793650793651,126,1533,0.0973333333333,3.05267420366,24.3333333333,13.8108108108,13.2155172414,16.923356641,0.695480409906,0.391270358981,13.4067147355,1.10192175909,0.572241377525,8.77701543806,0.721398529156,0.408996779838,1.23660115459,0.405087825327,4.81620012276,3.05267420366,1.23660115459,4.81620012276,0.411577568149,0.495590828924,8430,0.0258986175115,0.107934581603,126,126,126,1,0,0.119047619048,0.801587301587,0.0793650793651,-208,-0.0132063492063,-0.297536751209,-3.30158730159,-0.81944129003,-1.53872004676,-2.41721343312,-0.00437939174386,0.00162018529839,-2.20579347738,-0.0279898060084,-0.00661313958326,-0.375383848376,0.0590192585692,0.0316411276406,0.0388108830364,0.0475610045711,0.473634056482,-0.297536751209,0.0388108830364,0.473634056482,-0.0955422678029,-0.0683185959143,-3698,-0.0113609831029,-0.00208209988514,0.0634920634921,-0.0793650793651,0.015873015873,1524,9,217,14000,0.875358989087,0.999357555857,0.000642444143051,0.124641010913,0.994129158513,0.875358989087,0.930971288943,0.925327001307,0.874716544944,0.870857142857,373,581,0,3,1,3
81,WLNM_dir_neg_kfold,0.871803910997,0.712966128264,00:00:28,10,66.6666666667,9,13354,threshold_sweep,0.9,0.983739837398,0.624784853701,0.764210526316,363,6,218,1156,0.624784853701,0.994836488812,0.00516351118761,0.375215146299,0.983739837398,0.624784853701,0.764210526316,0.871485943775,0.596098680436,0.681818181818,0.715008079265,0.619621342513,1779,1198,581,0,1779,0,1198,0,581,126,1741,0.11053968254,3.35021095487,27.6349206349,14.6302521008,14.7542372881,19.3405700742,0.69985980165,0.389650173682,15.6125082129,1.12991156509,0.578854517108,9.15239928644,0.662379270587,0.377355652198,1.19779027155,0.357526820756,4.34256606628,3.35021095487,1.19779027155,4.34256606628,0.507119835952,0.563909424838,12128,0.0372596006144,0.110016681489,126,126,126,1,0,0.0555555555556,0.880952380952,0.0634920634921,126,0.0736507936508,2.91548800933,18.4126984127,10.5454545455,10,13.0250649695,0.707395769897,0.395874384236,10.40485845,1.13018290061,0.58416803503,6.49839052113,0.705859660054,0.398275862069,1.15823659145,0.397270229803,3.98797667635,2.91548800933,1.15823659145,3.98797667635,0.320488422322,0.376834562117,3646,0.0112012288786,0.0759935796492,126,126,126,1,0,0.126984126984,0.793650793651,0.0793650793651,126,1529,0.0970793650794,2.98678345179,24.2698412698,13.9,13.1810344828,16.9466988872,0.698261628447,0.392729971867,13.4219838621,1.1060627643,0.573717649257,8.78212108739,0.723706512107,0.410305521816,1.18708359123,0.397445482871,4.03482634985,2.98678345179,1.18708359123,4.03482634985,0.413433489666,0.496280010208,8427,0.0258894009217,0.110015105032,126,126,126,1,0,0.126984126984,0.793650793651,0.0793650793651,-212,-0.0134603174603,-0.363427503072,-3.36507936508,-0.73025210084,-1.57320280538,-2.39387118693,-0.00159817320261,0.00307979818432,-2.19052435085,-0.0238488007894,-0.00513686785118,-0.370278199045,0.0613272415204,0.0329498696186,-0.0107066803239,0.0399186621155,-0.307739716422,-0.363427503072,-0.0107066803239,-0.307739716422,-0.093686346286,-0.0676294146305,-3701,-0.0113701996928,-1.57645675239e-06,0.0714285714286,-0.0873015873016,0.015873015873,1523,6,218,14003,0.874784606548,0.999571703905,0.000428296095367,0.125215393452,0.996075866579,0.874784606548,0.931498470948,0.926024743167,0.874356310453,0.871780194619,369,581,0,3,1,3
82,WLNM_dir_neg_kfold,0.787194758873,0.592394898322,00:00:26,10,66.6666666667,10,13355,threshold_sweep,0.1,0.925373134328,0.640275387263,0.756866734486,372,30,209,1132,0.640275387263,0.974182444062,0.025817555938,0.359724612737,0.925373134328,0.640275387263,0.756866734486,0.862880091796,0.589787722318,0.665734265734,0.687631555776,0.614457831325,1779,1198,581,0,1779,0,1198,0,581,126,1741,0.11053968254,3.35021095487,27.6349206349,14.6302521008,14.7542372881,19.3405700742,0.69985980165,0.389650173682,15.6125082129,1.12991156509,0.578854517108,9.15239928644,0.662379270587,0.377355652198,1.19779027155,0.357526820756,4.34256606628,3.35021095487,1.19779027155,4.34256606628,0.507119835952,0.563909424838,12128,0.0372596006144,0.110016681489,126,126,126,1,0,0.0555555555556,0.880952380952,0.0634920634921,126,0.0736507936508,2.91548800933,18.4126984127,10.5454545455,10,13.0250649695,0.707395769897,0.395874384236,10.40485845,1.13018290061,0.58416803503,6.49839052113,0.705859660054,0.398275862069,1.15823659145,0.397270229803,3.98797667635,2.91548800933,1.15823659145,3.98797667635,0.320488422322,0.376834562117,3646,0.0112012288786,0.0759935796492,126,126,126,1,0,0.126984126984,0.793650793651,0.0793650793651,126,1562,0.0991746031746,4.85958407465,24.7936507937,12.5967741935,13.4655172414,16.8158579729,0.678232427845,0.382430949332,13.1921669881,1.06415687612,0.54910269699,8.97737544282,0.724167289241,0.409649818101,1.28613416064,0.264659308468,5.95840727141,4.85958407465,1.28613416064,5.95840727141,0.410071393434,0.484575611456,8341,0.0256251920123,0.101370738471,126,126,126,1,0,0.015873015873,0.904761904762,0.0793650793651,-179,-0.0113650793651,1.50937311979,-2.84126984127,-2.03347790729,-1.28872004676,-2.52471210125,-0.0216273738052,-0.00721922434998,-2.42034122484,-0.0657546889746,-0.0297518201184,-0.175023843624,0.0617880186546,0.0322941659028,0.0883438890835,-0.092867512288,1.61584120513,1.50937311979,0.0883438890835,1.61584120513,-0.0970484425176,-0.079333813382,-3787,-0.0116344086022,-0.0086459430175,-0.0396825396825,0.0238095238095,0.015873015873,1532,30,209,13979,0.879954049397,0.997858519523,0.00214148047684,0.120045950603,0.980793854033,0.879954049397,0.927641537996,0.920881277759,0.87781256892,0.865047995483,402,581,0,3,1,3
83,WLNM_dir_neg_kfold,0.787194758873,0.592394898322,00:00:26,10,66.6666666667,10,13355,threshold_sweep,0.2,0.94358974359,0.63339070568,0.75798146241,368,22,213,1140,0.63339070568,0.981067125645,0.0189328743546,0.36660929432,0.94358974359,0.63339070568,0.75798146241,0.865174985657,0.592082616179,0.669479606188,0.695027537717,0.614457831325,1779,1198,581,0,1779,0,1198,0,581,126,1741,0.11053968254,3.35021095487,27.6349206349,14.6302521008,14.7542372881,19.3405700742,0.69985980165,0.389650173682,15.6125082129,1.12991156509,0.578854517108,9.15239928644,0.662379270587,0.377355652198,1.19779027155,0.357526820756,4.34256606628,3.35021095487,1.19779027155,4.34256606628,0.507119835952,0.563909424838,12128,0.0372596006144,0.110016681489,126,126,126,1,0,0.0555555555556,0.880952380952,0.0634920634921,126,0.0736507936508,2.91548800933,18.4126984127,10.5454545455,10,13.0250649695,0.707395769897,0.395874384236,10.40485845,1.13018290061,0.58416803503,6.49839052113,0.705859660054,0.398275862069,1.15823659145,0.397270229803,3.98797667635,2.91548800933,1.15823659145,3.98797667635,0.320488422322,0.376834562117,3646,0.0112012288786,0.0759935796492,126,126,126,1,0,0.126984126984,0.793650793651,0.0793650793651,126,1550,0.0984126984127,3.38280161416,24.6031746032,13.2478632479,13.3620689655,16.86609824,0.685525283303,0.385852534562,13.2696766148,1.07869629255,0.558719918075,8.87357410857,0.721335701729,0.408120839734,1.30936147367,0.387064221617,4.58879253814,3.38280161416,1.30936147367,4.58879253814,0.402497178306,0.486641780835,8300,0.0254992319508,0.106259425679,126,126,126,1,0,0.0714285714286,0.849206349206,0.0793650793651,-191,-0.012126984127,0.032590659297,-3.03174603175,-1.38238885298,-1.39216832262,-2.47447183417,-0.0143345183467,-0.00379763912013,-2.34283159816,-0.0512152725387,-0.0201345990336,-0.278825177867,0.0589564311424,0.030765187536,0.111571202117,0.0295374008614,0.246226471862,0.032590659297,0.111571202117,0.246226471862,-0.104622657646,-0.0772676440031,-3828,-0.0117603686636,-0.00375725580981,0.015873015873,-0.031746031746,0.015873015873,1528,22,213,13987,0.877656519242,0.998429580984,0.00157041901635,0.122343480758,0.985806451613,0.877656519242,0.928593132786,0.922231011335,0.876086100225,0.866704480998,390,581,0,3,1,3
84,WLNM_dir_neg_kfold,0.787194758873,0.592394898322,00:00:26,10,66.6666666667,10,13355,threshold_sweep,0.3,0.948320413437,0.631669535284,0.75826446281,367,20,214,1142,0.631669535284,0.982788296041,0.0172117039587,0.368330464716,0.948320413437,0.631669535284,0.75826446281,0.865748709122,0.592656339644,0.670422535211,0.696944004932,0.614457831325,1779,1198,581,0,1779,0,1198,0,581,126,1741,0.11053968254,3.35021095487,27.6349206349,14.6302521008,14.7542372881,19.3405700742,0.69985980165,0.389650173682,15.6125082129,1.12991156509,0.578854517108,9.15239928644,0.662379270587,0.377355652198,1.19779027155,0.357526820756,4.34256606628,3.35021095487,1.19779027155,4.34256606628,0.507119835952,0.563909424838,12128,0.0372596006144,0.110016681489,126,126,126,1,0,0.0555555555556,0.880952380952,0.0634920634921,126,0.0736507936508,2.91548800933,18.4126984127,10.5454545455,10,13.0250649695,0.707395769897,0.395874384236,10.40485845,1.13018290061,0.58416803503,6.49839052113,0.705859660054,0.398275862069,1.15823659145,0.397270229803,3.98797667635,2.91548800933,1.15823659145,3.98797667635,0.320488422322,0.376834562117,3646,0.0112012288786,0.0759935796492,126,126,126,1,0,0.126984126984,0.793650793651,0.0793650793651,126,1547,0.0982222222222,3.36747290898,24.5555555556,13.2222222222,13.3362068966,16.8416415141,0.685858704193,0.386210894614,13.2686933125,1.08070805261,0.559346815649,8.86669172929,0.722173987001,0.408640379229,1.29677289313,0.385087847231,4.57217925524,3.36747290898,1.29677289313,4.57217925524,0.401146202377,0.48653412986,8280,0.0254377880184,0.106137609528,126,126,126,1,0,0.0714285714286,0.849206349206,0.0793650793651,-194,-0.0123174603175,0.0172619541116,-3.07936507937,-1.40802987862,-1.41803039158,-2.49892856008,-0.0140010974564,-0.00343927906808,-2.34381490038,-0.0492035124884,-0.0195077014591,-0.285707557151,0.0597947164142,0.0312847270309,0.0989826215735,0.0275610264755,0.229613188967,0.0172619541116,0.0989826215735,0.229613188967,-0.105973633574,-0.0773752949785,-3848,-0.011821812596,-0.00387907196044,0.015873015873,-0.031746031746,0.015873015873,1527,20,214,13989,0.877082136703,0.998572346349,0.00142765365122,0.122917863297,0.987071751778,0.877082136703,0.928832116788,0.922572549388,0.875654483052,0.867120954003,387,581,0,3,1,3
85,WLNM_dir_neg_kfold,0.787194758873,0.592394898322,00:00:26,10,66.6666666667,10,13355,threshold_sweep,0.4,0.955263157895,0.624784853701,0.755463059313,363,17,218,1145,0.624784853701,0.985370051635,0.0146299483649,0.375215146299,0.955263157895,0.624784853701,0.755463059313,0.865174985657,0.59399502773,0.667922750824,0.696612897734,0.610154905336,1779,1198,581,0,1779,0,1198,0,581,126,1741,0.11053968254,3.35021095487,27.6349206349,14.6302521008,14.7542372881,19.3405700742,0.69985980165,0.389650173682,15.6125082129,1.12991156509,0.578854517108,9.15239928644,0.662379270587,0.377355652198,1.19779027155,0.357526820756,4.34256606628,3.35021095487,1.19779027155,4.34256606628,0.507119835952,0.563909424838,12128,0.0372596006144,0.110016681489,126,126,126,1,0,0.0555555555556,0.880952380952,0.0634920634921,126,0.0736507936508,2.91548800933,18.4126984127,10.5454545455,10,13.0250649695,0.707395769897,0.395874384236,10.40485845,1.13018290061,0.58416803503,6.49839052113,0.705859660054,0.398275862069,1.15823659145,0.397270229803,3.98797667635,2.91548800933,1.15823659145,3.98797667635,0.320488422322,0.376834562117,3646,0.0112012288786,0.0759935796492,126,126,126,1,0,0.126984126984,0.793650793651,0.0793650793651,126,1540,0.0977777777778,3.34088780427,24.4444444444,13.3913043478,13.275862069,16.8630035548,0.689850145423,0.38819315605,13.3097791951,1.08898193414,0.564141414141,8.79808059876,0.71984295808,0.408039579468,1.32107203487,0.39542544146,4.99928695099,3.34088780427,1.32107203487,4.99928695099,0.410257945972,0.489167684248,8279,0.0254347158218,0.105906434173,126,126,126,1,0,0.0873015873016,0.833333333333,0.0793650793651,-201,-0.0127619047619,-0.00932315059643,-3.19047619048,-1.23894775301,-1.47837521917,-2.47756651937,-0.0100096562266,-0.00145701763204,-2.30272901782,-0.0409296309491,-0.014713102967,-0.354318687682,0.0574636874935,0.0306839272705,0.123281763317,0.0378986207042,0.656720884714,-0.00932315059643,0.123281763317,0.656720884714,-0.0968618899799,-0.0747417405906,-3849,-0.0118248847926,-0.00411024731593,0.031746031746,-0.047619047619,0.015873015873,1523,17,218,13992,0.874784606548,0.998786494396,0.00121350560354,0.125215393452,0.988961038961,0.874784606548,0.928375495276,0.922239697399,0.873571100944,0.866325369738,380,581,0,3,1,3
86,WLNM_dir_neg_kfold,0.787194758873,0.592394898322,00:00:26,10,66.6666666667,10,13355,threshold_sweep,0.5,0.957559681698,0.621342512909,0.753653444676,361,16,220,1146,0.621342512909,0.986230636833,0.013769363167,0.378657487091,0.957559681698,0.621342512909,0.753653444676,0.864601262192,0.594568751195,0.666037735849,0.695654627561,0.607573149742,1779,1198,581,0,1779,0,1198,0,581,126,1741,0.11053968254,3.35021095487,27.6349206349,14.6302521008,14.7542372881,19.3405700742,0.69985980165,0.389650173682,15.6125082129,1.12991156509,0.578854517108,9.15239928644,0.662379270587,0.377355652198,1.19779027155,0.357526820756,4.34256606628,3.35021095487,1.19779027155,4.34256606628,0.507119835952,0.563909424838,12128,0.0372596006144,0.110016681489,126,126,126,1,0,0.0555555555556,0.880952380952,0.0634920634921,126,0.0736507936508,2.91548800933,18.4126984127,10.5454545455,10,13.0250649695,0.707395769897,0.395874384236,10.40485845,1.13018290061,0.58416803503,6.49839052113,0.705859660054,0.398275862069,1.15823659145,0.397270229803,3.98797667635,2.91548800933,1.15823659145,3.98797667635,0.320488422322,0.376834562117,3646,0.0112012288786,0.0759935796492,126,126,126,1,0,0.126984126984,0.793650793651,0.0793650793651,126,1537,0.0975873015873,3.33756977323,24.3968253968,13.3652173913,13.25,16.8736857219,0.691634483071,0.389157397941,13.311660958,1.0912617311,0.565113445074,8.7909224465,0.720661176486,0.408510704217,1.32117171304,0.395848417502,4.99282142232,3.33756977323,1.32117171304,4.99282142232,0.408690101463,0.488135191693,8242,0.0253210445469,0.105926247876,126,126,126,1,0,0.0873015873016,0.833333333333,0.0793650793651,-204,-0.0129523809524,-0.0126411816385,-3.2380952381,-1.26503470954,-1.50423728814,-2.46688435227,-0.00822531857932,-0.000492775741597,-2.30084725493,-0.0386498339899,-0.013741072034,-0.361476839943,0.0582819058991,0.0311550520189,0.123381441482,0.0383215967466,0.650255356042,-0.0126411816385,0.123381441482,0.650255356042,-0.0984297344887,-0.0757742331458,-3886,-0.0119385560676,-0.00409043361238,0.031746031746,-0.047619047619,0.015873015873,1521,16,220,13993,0.87363584147,0.998857877079,0.00114212292098,0.12636415853,0.989590110605,0.87363584147,0.928004881025,0.921903471623,0.872493718549,0.865680136596,377,581,0,3,1,3
87,WLNM_dir_neg_kfold,0.787194758873,0.592394898322,00:00:26,10,66.6666666667,10,13355,threshold_sweep,0.6,0.96,0.619621342513,0.753138075314,360,15,221,1147,0.619621342513,0.987091222031,0.012908777969,0.380378657487,0.96,0.619621342513,0.753138075314,0.864601262192,0.594951233505,0.665722379603,0.696009931367,0.606712564544,1779,1198,581,0,1779,0,1198,0,581,126,1741,0.11053968254,3.35021095487,27.6349206349,14.6302521008,14.7542372881,19.3405700742,0.69985980165,0.389650173682,15.6125082129,1.12991156509,0.578854517108,9.15239928644,0.662379270587,0.377355652198,1.19779027155,0.357526820756,4.34256606628,3.35021095487,1.19779027155,4.34256606628,0.507119835952,0.563909424838,12128,0.0372596006144,0.110016681489,126,126,126,1,0,0.0555555555556,0.880952380952,0.0634920634921,126,0.0736507936508,2.91548800933,18.4126984127,10.5454545455,10,13.0250649695,0.707395769897,0.395874384236,10.40485845,1.13018290061,0.58416803503,6.49839052113,0.705859660054,0.398275862069,1.15823659145,0.397270229803,3.98797667635,2.91548800933,1.15823659145,3.98797667635,0.320488422322,0.376834562117,3646,0.0112012288786,0.0759935796492,126,126,126,1,0,0.126984126984,0.793650793651,0.0793650793651,126,1535,0.0974603174603,3.33674494045,24.3650793651,13.347826087,13.2327586207,16.8321612039,0.690831371886,0.388723437258,13.2938486789,1.09122145508,0.565032831808,8.78216446546,0.72088125254,0.4085362701,1.32018672304,0.395651075105,4.99028660073,3.33674494045,1.32018672304,4.99028660073,0.408210906729,0.487202852615,8198,0.0251858678955,0.10589414548,126,126,126,1,0,0.0873015873016,0.833333333333,0.0793650793651,-206,-0.0130793650794,-0.0134660144193,-3.26984126984,-1.28242601388,-1.52147866745,-2.50840887028,-0.00902842976389,-0.0009267364247,-2.31865953398,-0.0386901100147,-0.0138216853003,-0.370234820978,0.0585019819529,0.0311806179021,0.122396451486,0.0381242543498,0.647720534457,-0.0134660144193,0.122396451486,0.647720534457,-0.0989089292226,-0.0767065722235,-3930,-0.0120737327189,-0.00412253600897,0.031746031746,-0.047619047619,0.015873015873,1520,15,221,13994,0.873061458932,0.998929259762,0.00107074023842,0.126938541068,0.990228013029,0.873061458932,0.927960927961,0.921907172204,0.871990718693,0.865603644647,375,581,0,3,1,3
88,WLNM_dir_neg_kfold,0.787194758873,0.592394898322,00:00:26,10,66.6666666667,10,13355,threshold_sweep,0.7,0.96256684492,0.619621342513,0.753926701571,360,14,221,1148,0.619621342513,0.987951807229,0.0120481927711,0.380378657487,0.96256684492,0.619621342513,0.753926701571,0.865174985657,0.595142474661,0.666981577704,0.697673420856,0.607573149742,1779,1198,581,0,1779,0,1198,0,581,126,1741,0.11053968254,3.35021095487,27.6349206349,14.6302521008,14.7542372881,19.3405700742,0.69985980165,0.389650173682,15.6125082129,1.12991156509,0.578854517108,9.15239928644,0.662379270587,0.377355652198,1.19779027155,0.357526820756,4.34256606628,3.35021095487,1.19779027155,4.34256606628,0.507119835952,0.563909424838,12128,0.0372596006144,0.110016681489,126,126,126,1,0,0.0555555555556,0.880952380952,0.0634920634921,126,0.0736507936508,2.91548800933,18.4126984127,10.5454545455,10,13.0250649695,0.707395769897,0.395874384236,10.40485845,1.13018290061,0.58416803503,6.49839052113,0.705859660054,0.398275862069,1.15823659145,0.397270229803,3.98797667635,2.91548800933,1.15823659145,3.98797667635,0.320488422322,0.376834562117,3646,0.0112012288786,0.0759935796492,126,126,126,1,0,0.126984126984,0.793650793651,0.0793650793651,126,1534,0.0973968253968,3.33754783143,24.3492063492,13.3391304348,13.224137931,16.8320254089,0.691276141303,0.388976842367,13.2834208637,1.09107628998,0.564920014073,8.78824611861,0.721850724214,0.409097493843,1.32122291469,0.395866360998,4.99273086231,3.33754783143,1.32122291469,4.99273086231,0.407265286614,0.487349803704,8193,0.0251705069124,0.10591697124,126,126,126,1,0,0.0873015873016,0.833333333333,0.0793650793651,-207,-0.0131428571429,-0.0126631234346,-3.28571428571,-1.29112166606,-1.5300993571,-2.50854466529,-0.00858366034653,-0.000673331315666,-2.32908734925,-0.0388352751182,-0.0139345030358,-0.364153167829,0.0594714536278,0.0317418416456,0.123432643132,0.0383395402426,0.650164796038,-0.0126631234346,0.123432643132,0.650164796038,-0.0998545493379,-0.0765596211346,-3935,-0.012089093702,-0.00409971024848,0.031746031746,-0.047619047619,0.015873015873,1520,14,221,13995,0.873061458932,0.999000642444,0.000999357555857,0.126938541068,0.990873533246,0.873061458932,0.928244274809,0.922250669251,0.872062101376,0.866096866097,374,581,0,3,1,3
89,WLNM_dir_neg_kfold,0.787194758873,0.592394898322,00:00:26,10,66.6666666667,10,13355,threshold_sweep,0.8,0.970189701897,0.616179001721,0.753684210526,358,11,223,1151,0.616179001721,0.990533562823,0.00946643717728,0.383820998279,0.970189701897,0.616179001721,0.753684210526,0.865748709122,0.596098680436,0.667613636364,0.700112077613,0.606712564544,1779,1198,581,0,1779,0,1198,0,581,126,1741,0.11053968254,3.35021095487,27.6349206349,14.6302521008,14.7542372881,19.3405700742,0.69985980165,0.389650173682,15.6125082129,1.12991156509,0.578854517108,9.15239928644,0.662379270587,0.377355652198,1.19779027155,0.357526820756,4.34256606628,3.35021095487,1.19779027155,4.34256606628,0.507119835952,0.563909424838,12128,0.0372596006144,0.110016681489,126,126,126,1,0,0.0555555555556,0.880952380952,0.0634920634921,126,0.0736507936508,2.91548800933,18.4126984127,10.5454545455,10,13.0250649695,0.707395769897,0.395874384236,10.40485845,1.13018290061,0.58416803503,6.49839052113,0.705859660054,0.398275862069,1.15823659145,0.397270229803,3.98797667635,2.91548800933,1.15823659145,3.98797667635,0.320488422322,0.376834562117,3646,0.0112012288786,0.0759935796492,126,126,126,1,0,0.126984126984,0.793650793651,0.0793650793651,126,1529,0.0970793650794,3.27311541916,24.2698412698,13.4122807018,13.1810344828,16.8453733463,0.694086671559,0.390259221194,13.3124622363,1.0970374374,0.568277845256,8.75109426264,0.721149690708,0.408810613847,1.30167127897,0.397685725151,4.93388762176,3.27311541916,1.30167127897,4.93388762176,0.408735312236,0.488268134226,8192,0.0251674347158,0.104995476433,126,126,126,1,0,0.0952380952381,0.825396825397,0.0793650793651,-212,-0.0134603174603,-0.0770955357091,-3.36507936508,-1.21797139909,-1.57320280538,-2.49519672791,-0.00577313009073,0.000609047512134,-2.30004597659,-0.0328741276982,-0.0105766718521,-0.401305023797,0.0587704201216,0.0314549616489,0.103881007416,0.0401589043952,0.59132155548,-0.0770955357091,0.103881007416,0.59132155548,-0.0983845237156,-0.0756412906124,-3936,-0.0120921658986,-0.00502120505604,0.0396825396825,-0.0555555555556,0.015873015873,1518,11,223,13998,0.871912693854,0.999214790492,0.000785209508173,0.128087306146,0.992805755396,0.871912693854,0.928440366972,0.922605115688,0.871127484346,0.866438356164,369,581,0,3,1,3
90,WLNM_dir_neg_kfold,0.787194758873,0.592394898322,00:00:26,10,66.6666666667,10,13355,threshold_sweep,0.9,0.972602739726,0.611015490534,0.750528541226,355,10,226,1152,0.611015490534,0.991394148021,0.00860585197935,0.388984509466,0.972602739726,0.611015490534,0.750528541226,0.864601262192,0.596863645056,0.664136622391,0.697930216335,0.602409638554,1779,1198,581,0,1779,0,1198,0,581,126,1741,0.11053968254,3.35021095487,27.6349206349,14.6302521008,14.7542372881,19.3405700742,0.69985980165,0.389650173682,15.6125082129,1.12991156509,0.578854517108,9.15239928644,0.662379270587,0.377355652198,1.19779027155,0.357526820756,4.34256606628,3.35021095487,1.19779027155,4.34256606628,0.507119835952,0.563909424838,12128,0.0372596006144,0.110016681489,126,126,126,1,0,0.0555555555556,0.880952380952,0.0634920634921,126,0.0736507936508,2.91548800933,18.4126984127,10.5454545455,10,13.0250649695,0.707395769897,0.395874384236,10.40485845,1.13018290061,0.58416803503,6.49839052113,0.705859660054,0.398275862069,1.15823659145,0.397270229803,3.98797667635,2.91548800933,1.15823659145,3.98797667635,0.320488422322,0.376834562117,3646,0.0112012288786,0.0759935796492,126,126,126,1,0,0.126984126984,0.793650793651,0.0793650793651,126,1525,0.0968253968254,3.08289809427,24.2063492063,13.7387387387,13.1465517241,16.8714278994,0.696983578795,0.391787665886,13.3361639852,1.10187322108,0.571131928181,8.72222849054,0.720656255612,0.408373666406,1.26596011731,0.410639624988,4.73005248848,3.08289809427,1.26596011731,4.73005248848,0.408076640287,0.487699448218,8161,0.0250721966206,0.107227888205,126,126,126,1,0,0.119047619048,0.801587301587,0.0793650793651,-216,-0.0137142857143,-0.267312860597,-3.42857142857,-0.891513362102,-1.607685564,-2.46914217475,-0.00287622285441,0.00213749220369,-2.27634422768,-0.0280383440176,-0.00772258892729,-0.430170795894,0.0582769850256,0.0310180142088,0.0681698457543,0.0531128042328,0.387486422203,-0.267312860597,0.0681698457543,0.387486422203,-0.099043195665,-0.0762099766203,-3967,-0.0121874039939,-0.0027887932838,0.0634920634921,-0.0793650793651,0.015873015873,1515,10,226,13999,0.870189546238,0.999286173174,0.000713826825612,0.129810453762,0.993442622951,0.870189546238,0.927740355175,0.921932982755,0.869475719412,0.865219874358,365,581,0,3,1,3
91,WLNM_dir_neg_kfold,0.823591884134,0.577487859457,00:00:28,10,66.6666666667,11,13356,threshold_sweep,0.1,0.912832929782,0.648881239243,0.758551307847,377,36,204,1126,0.648881239243,0.969018932874,0.0309810671256,0.351118760757,0.912832929782,0.648881239243,0.758551307847,0.86230636833,0.587684069612,0.666048237477,0.685028436584,0.617900172117,1779,1198,581,0,1779,0,1198,0,581,126,1741,0.11053968254,3.35021095487,27.6349206349,14.6302521008,14.7542372881,19.3405700742,0.69985980165,0.389650173682,15.6125082129,1.12991156509,0.578854517108,9.15239928644,0.662379270587,0.377355652198,1.19779027155,0.357526820756,4.34256606628,3.35021095487,1.19779027155,4.34256606628,0.507119835952,0.563909424838,12128,0.0372596006144,0.110016681489,126,126,126,1,0,0.0555555555556,0.880952380952,0.0634920634921,126,0.0736507936508,2.91548800933,18.4126984127,10.5454545455,10,13.0250649695,0.707395769897,0.395874384236,10.40485845,1.13018290061,0.58416803503,6.49839052113,0.705859660054,0.398275862069,1.15823659145,0.397270229803,3.98797667635,2.91548800933,1.15823659145,3.98797667635,0.320488422322,0.376834562117,3646,0.0112012288786,0.0759935796492,126,126,126,1,0,0.126984126984,0.793650793651,0.0793650793651,126,1573,0.099873015873,7.86028587764,24.9682539683,12.584,13.4444444444,16.7336482611,0.670196974222,0.378283332829,13.2427997807,1.06077099324,0.547094319822,8.92523086714,0.714926312307,0.404368358914,1.75066162562,0.222722386039,9.44891871738,7.86028587764,1.75066162562,9.44891871738,0.412771414312,0.493271825891,8590,0.0263901689708,0.099074966197,126,126,126,1,0,0.00793650793651,0.920634920635,0.0714285714286,-168,-0.0106666666667,4.51007492278,-2.66666666667,-2.04625210084,-1.30979284369,-2.60692181304,-0.0296628274281,-0.0113668408536,-2.36970843222,-0.0691405718522,-0.0317601972868,-0.227168419299,0.0525470417208,0.0270127067161,0.552871354066,-0.134804434716,5.1063526511,4.51007492278,0.552871354066,5.1063526511,-0.0943484216393,-0.0706375989479,-3538,-0.0108694316436,-0.0109417152916,-0.047619047619,0.0396825396825,0.00793650793651,1537,36,204,13973,0.882825962091,0.997430223428,0.0025697765722,0.117174037909,0.977113795296,0.882825962091,0.92757996379,0.920567223103,0.880256185519,0.864940911649,413,581,0,3,1,3
92,WLNM_dir_neg_kfold,0.823591884134,0.577487859457,00:00:28,10,66.6666666667,11,13356,threshold_sweep,0.2,0.944020356234,0.638554216867,0.76180698152,371,22,210,1140,0.638554216867,0.981067125645,0.0189328743546,0.361445783133,0.944020356234,0.638554216867,0.76180698152,0.866896156053,0.591508892714,0.674157303371,0.698963245329,0.619621342513,1779,1198,581,0,1779,0,1198,0,581,126,1741,0.11053968254,3.35021095487,27.6349206349,14.6302521008,14.7542372881,19.3405700742,0.69985980165,0.389650173682,15.6125082129,1.12991156509,0.578854517108,9.15239928644,0.662379270587,0.377355652198,1.19779027155,0.357526820756,4.34256606628,3.35021095487,1.19779027155,4.34256606628,0.507119835952,0.563909424838,12128,0.0372596006144,0.110016681489,126,126,126,1,0,0.0555555555556,0.880952380952,0.0634920634921,126,0.0736507936508,2.91548800933,18.4126984127,10.5454545455,10,13.0250649695,0.707395769897,0.395874384236,10.40485845,1.13018290061,0.58416803503,6.49839052113,0.705859660054,0.398275862069,1.15823659145,0.397270229803,3.98797667635,2.91548800933,1.15823659145,3.98797667635,0.320488422322,0.376834562117,3646,0.0112012288786,0.0759935796492,126,126,126,1,0,0.126984126984,0.793650793651,0.0793650793651,126,1553,0.0986031746032,3.5378556039,24.6507936508,13.1610169492,13.2735042735,16.8372527262,0.683030857533,0.384555238708,13.3523507234,1.08332014884,0.560967507845,8.81982255157,0.715581224403,0.404874334366,1.29687743385,0.366571612596,4.82094828705,3.5378556039,1.29687743385,4.82094828705,0.402763718569,0.494172403762,8494,0.0260952380952,0.103894326093,126,126,126,1,0,0.0634920634921,0.865079365079,0.0714285714286,-188,-0.0119365079365,0.187644649034,-2.98412698413,-1.46923515169,-1.48073301463,-2.50331734799,-0.0168289441167,-0.00509493497385,-2.2601574895,-0.0465914162517,-0.0178870092639,-0.332576734864,0.0532019538167,0.0275186821679,0.0990871622994,0.00904479184032,0.478382220773,0.187644649034,0.0990871622994,0.478382220773,-0.104356117382,-0.0697370210762,-3634,-0.0111643625192,-0.00612235539527,0.00793650793651,-0.015873015873,0.00793650793651,1531,22,210,13987,0.879379666858,0.998429580984,0.00157041901635,0.120620333142,0.985833869929,0.879379666858,0.929568913175,0.923249510485,0.877809247842,0.868406125922,393,581,0,3,1,3
93,WLNM_dir_neg_kfold,0.823591884134,0.577487859457,00:00:28,10,66.6666666667,11,13356,threshold_sweep,0.3,0.944020356234,0.638554216867,0.76180698152,371,22,210,1140,0.638554216867,0.981067125645,0.0189328743546,0.361445783133,0.944020356234,0.638554216867,0.76180698152,0.866896156053,0.591508892714,0.674157303371,0.698963245329,0.619621342513,1779,1198,581,0,1779,0,1198,0,581,126,1741,0.11053968254,3.35021095487,27.6349206349,14.6302521008,14.7542372881,19.3405700742,0.69985980165,0.389650173682,15.6125082129,1.12991156509,0.578854517108,9.15239928644,0.662379270587,0.377355652198,1.19779027155,0.357526820756,4.34256606628,3.35021095487,1.19779027155,4.34256606628,0.507119835952,0.563909424838,12128,0.0372596006144,0.110016681489,126,126,126,1,0,0.0555555555556,0.880952380952,0.0634920634921,126,0.0736507936508,2.91548800933,18.4126984127,10.5454545455,10,13.0250649695,0.707395769897,0.395874384236,10.40485845,1.13018290061,0.58416803503,6.49839052113,0.705859660054,0.398275862069,1.15823659145,0.397270229803,3.98797667635,2.91548800933,1.15823659145,3.98797667635,0.320488422322,0.376834562117,3646,0.0112012288786,0.0759935796492,126,126,126,1,0,0.126984126984,0.793650793651,0.0793650793651,126,1553,0.0986031746032,3.5378556039,24.6507936508,13.1610169492,13.2735042735,16.8372527262,0.683030857533,0.384555238708,13.3523507234,1.08332014884,0.560967507845,8.81982255157,0.715581224403,0.404874334366,1.29687743385,0.366571612596,4.82094828705,3.5378556039,1.29687743385,4.82094828705,0.402763718569,0.494172403762,8494,0.0260952380952,0.103894326093,126,126,126,1,0,0.0634920634921,0.865079365079,0.0714285714286,-188,-0.0119365079365,0.187644649034,-2.98412698413,-1.46923515169,-1.48073301463,-2.50331734799,-0.0168289441167,-0.00509493497385,-2.2601574895,-0.0465914162517,-0.0178870092639,-0.332576734864,0.0532019538167,0.0275186821679,0.0990871622994,0.00904479184032,0.478382220773,0.187644649034,0.0990871622994,0.478382220773,-0.104356117382,-0.0697370210762,-3634,-0.0111643625192,-0.00612235539527,0.00793650793651,-0.015873015873,0.00793650793651,1531,22,210,13987,0.879379666858,0.998429580984,0.00157041901635,0.120620333142,0.985833869929,0.879379666858,0.929568913175,0.923249510485,0.877809247842,0.868406125922,393,581,0,3,1,3
94,WLNM_dir_neg_kfold,0.823591884134,0.577487859457,00:00:28,10,66.6666666667,11,13356,threshold_sweep,0.4,0.955613577023,0.629948364888,0.759336099585,366,17,215,1145,0.629948364888,0.985370051635,0.0146299483649,0.370051635112,0.955613577023,0.629948364888,0.759336099585,0.866896156053,0.593421304265,0.672624647225,0.700522683723,0.615318416523,1779,1198,581,0,1779,0,1198,0,581,126,1741,0.11053968254,3.35021095487,27.6349206349,14.6302521008,14.7542372881,19.3405700742,0.69985980165,0.389650173682,15.6125082129,1.12991156509,0.578854517108,9.15239928644,0.662379270587,0.377355652198,1.19779027155,0.357526820756,4.34256606628,3.35021095487,1.19779027155,4.34256606628,0.507119835952,0.563909424838,12128,0.0372596006144,0.110016681489,126,126,126,1,0,0.0555555555556,0.880952380952,0.0634920634921,126,0.0736507936508,2.91548800933,18.4126984127,10.5454545455,10,13.0250649695,0.707395769897,0.395874384236,10.40485845,1.13018290061,0.58416803503,6.49839052113,0.705859660054,0.398275862069,1.15823659145,0.397270229803,3.98797667635,2.91548800933,1.15823659145,3.98797667635,0.320488422322,0.376834562117,3646,0.0112012288786,0.0759935796492,126,126,126,1,0,0.126984126984,0.793650793651,0.0793650793651,126,1543,0.0979682539683,3.34123997902,24.4920634921,13.4173913043,13.188034188,16.8744758884,0.688977304581,0.387649291732,13.4144319346,1.09541051442,0.568327006759,8.7367605053,0.713436049039,0.404515014042,1.26721734229,0.379265587102,4.80374895166,3.34123997902,1.26721734229,4.80374895166,0.410181594024,0.496397399098,8474,0.0260337941628,0.104166692375,126,126,126,1,0,0.0873015873016,0.84126984127,0.0714285714286,-198,-0.0125714285714,-0.0089709758427,-3.14285714286,-1.21286079649,-1.5662031001,-2.46609418577,-0.0108824970687,-0.00200088195009,-2.19807627836,-0.0345010506703,-0.0105275103498,-0.415638781138,0.0510567784528,0.0271593618442,0.0694270707401,0.0217387663467,0.461182885385,-0.0089709758427,0.0694270707401,0.461182885385,-0.0969382419273,-0.0675120257405,-3654,-0.0112258064516,-0.00584998911325,0.031746031746,-0.0396825396825,0.00793650793651,1526,17,215,13992,0.876507754164,0.998786494396,0.00121350560354,0.123492245836,0.98898250162,0.876507754164,0.929354445798,0.923257564706,0.875294248561,0.86803185438,383,581,0,3,1,3
95,WLNM_dir_neg_kfold,0.823591884134,0.577487859457,00:00:28,10,66.6666666667,11,13356,threshold_sweep,0.5,0.955380577428,0.626506024096,0.756756756757,364,17,217,1145,0.626506024096,0.985370051635,0.0146299483649,0.373493975904,0.955380577428,0.626506024096,0.756756756757,0.865748709122,0.593803786575,0.669491525424,0.697916653184,0.611876075731,1779,1198,581,0,1779,0,1198,0,581,126,1741,0.11053968254,3.35021095487,27.6349206349,14.6302521008,14.7542372881,19.3405700742,0.69985980165,0.389650173682,15.6125082129,1.12991156509,0.578854517108,9.15239928644,0.662379270587,0.377355652198,1.19779027155,0.357526820756,4.34256606628,3.35021095487,1.19779027155,4.34256606628,0.507119835952,0.563909424838,12128,0.0372596006144,0.110016681489,126,126,126,1,0,0.0555555555556,0.880952380952,0.0634920634921,126,0.0736507936508,2.91548800933,18.4126984127,10.5454545455,10,13.0250649695,0.707395769897,0.395874384236,10.40485845,1.13018290061,0.58416803503,6.49839052113,0.705859660054,0.398275862069,1.15823659145,0.397270229803,3.98797667635,2.91548800933,1.15823659145,3.98797667635,0.320488422322,0.376834562117,3646,0.0112012288786,0.0759935796492,126,126,126,1,0,0.126984126984,0.793650793651,0.0793650793651,126,1541,0.0978412698413,3.34065246809,24.4603174603,13.4,13.1709401709,16.8331343694,0.688181353194,0.387235664328,13.3800823306,1.09402360393,0.567890361855,8.73353325834,0.714098111974,0.404823707549,1.26641600506,0.379092412982,4.80242977253,3.34065246809,1.26641600506,4.80242977253,0.40942829515,0.494828396803,8420,0.0258678955453,0.104113267177,126,126,126,1,0,0.0873015873016,0.84126984127,0.0714285714286,-200,-0.0126984126984,-0.00955848677937,-3.1746031746,-1.23025210084,-1.5832971172,-2.50743570476,-0.0116784484555,-0.00241450935388,-2.23242588228,-0.0358879611608,-0.0109641552531,-0.418866028095,0.051718841387,0.0274680553515,0.0686257335059,0.021565592226,0.45986370625,-0.00955848677937,0.0686257335059,0.45986370625,-0.0976915408013,-0.0690810280354,-3708,-0.0113917050691,-0.00590341431166,0.031746031746,-0.0396825396825,0.00793650793651,1524,17,217,13992,0.875358989087,0.998786494396,0.00121350560354,0.124641010913,0.988968202466,0.875358989087,0.928702010969,0.922579063452,0.874145483483,0.866894197952,381,581,0,3,1,3
96,WLNM_dir_neg_kfold,0.823591884134,0.577487859457,00:00:28,10,66.6666666667,11,13356,threshold_sweep,0.6,0.960317460317,0.624784853701,0.757038581856,363,15,218,1147,0.624784853701,0.987091222031,0.012908777969,0.375215146299,0.960317460317,0.624784853701,0.757038581856,0.866322432587,0.59437751004,0.670438472419,0.699910288039,0.611876075731,1779,1198,581,0,1779,0,1198,0,581,126,1741,0.11053968254,3.35021095487,27.6349206349,14.6302521008,14.7542372881,19.3405700742,0.69985980165,0.389650173682,15.6125082129,1.12991156509,0.578854517108,9.15239928644,0.662379270587,0.377355652198,1.19779027155,0.357526820756,4.34256606628,3.35021095487,1.19779027155,4.34256606628,0.507119835952,0.563909424838,12128,0.0372596006144,0.110016681489,126,126,126,1,0,0.0555555555556,0.880952380952,0.0634920634921,126,0.0736507936508,2.91548800933,18.4126984127,10.5454545455,10,13.0250649695,0.707395769897,0.395874384236,10.40485845,1.13018290061,0.58416803503,6.49839052113,0.705859660054,0.398275862069,1.15823659145,0.397270229803,3.98797667635,2.91548800933,1.15823659145,3.98797667635,0.320488422322,0.376834562117,3646,0.0112012288786,0.0759935796492,126,126,126,1,0,0.126984126984,0.793650793651,0.0793650793651,126,1538,0.0976507936508,3.33576893392,24.4126984127,13.3739130435,13.1452991453,16.8320027763,0.689477356895,0.387908436023,13.3783810442,1.09601821299,0.568652341734,8.73275897784,0.715427588562,0.405515305385,1.26551639485,0.379377714681,4.79898559967,3.33576893392,1.26551639485,4.79898559967,0.410584124674,0.494764552187,8395,0.0257910906298,0.10469795646,126,126,126,1,0,0.0873015873016,0.84126984127,0.0714285714286,-203,-0.0128888888889,-0.0144420209481,-3.22222222222,-1.25633905736,-1.60893814284,-2.5085672979,-0.0103824447545,-0.00174173765947,-2.23412716867,-0.0338933521056,-0.0102021753741,-0.419640308597,0.0530483179752,0.0281596531876,0.0677261232983,0.0218508939249,0.456419533394,-0.0144420209481,0.0677261232983,0.456419533394,-0.0965357112776,-0.0691448726509,-3733,-0.0114685099846,-0.00531872502871,0.031746031746,-0.0396825396825,0.00793650793651,1523,15,218,13994,0.874784606548,0.998929259762,0.00107074023842,0.125215393452,0.990247074122,0.874784606548,0.928941750534,0.922925008692,0.87371386631,0.867312072893,378,581,0,3,1,3
97,WLNM_dir_neg_kfold,0.823591884134,0.577487859457,00:00:28,10,66.6666666667,11,13356,threshold_sweep,0.7,0.962466487936,0.617900172117,0.752620545073,359,14,222,1148,0.617900172117,0.987951807229,0.0120481927711,0.382099827883,0.962466487936,0.617900172117,0.752620545073,0.864601262192,0.595333715816,0.665406427221,0.69637466385,0.605851979346,1779,1198,581,0,1779,0,1198,0,581,126,1741,0.11053968254,3.35021095487,27.6349206349,14.6302521008,14.7542372881,19.3405700742,0.69985980165,0.389650173682,15.6125082129,1.12991156509,0.578854517108,9.15239928644,0.662379270587,0.377355652198,1.19779027155,0.357526820756,4.34256606628,3.35021095487,1.19779027155,4.34256606628,0.507119835952,0.563909424838,12128,0.0372596006144,0.110016681489,126,126,126,1,0,0.0555555555556,0.880952380952,0.0634920634921,126,0.0736507936508,2.91548800933,18.4126984127,10.5454545455,10,13.0250649695,0.707395769897,0.395874384236,10.40485845,1.13018290061,0.58416803503,6.49839052113,0.705859660054,0.398275862069,1.15823659145,0.397270229803,3.98797667635,2.91548800933,1.15823659145,3.98797667635,0.320488422322,0.376834562117,3646,0.0112012288786,0.0759935796492,126,126,126,1,0,0.126984126984,0.793650793651,0.0793650793651,126,1533,0.0973333333333,3.29940564442,24.3333333333,13.5663716814,13.1025641026,16.843752551,0.692209008946,0.389271994947,13.3929832375,1.10079314281,0.571371623231,8.7083867622,0.715757816071,0.405714492799,1.28976671849,0.390908805247,4.71107298395,3.29940564442,1.28976671849,4.71107298395,0.413882253806,0.494575080881,8357,0.0256743471582,0.105906904968,126,126,126,1,0,0.103174603175,0.825396825397,0.0714285714286,-208,-0.0132063492063,-0.0508053104438,-3.30158730159,-1.06388041942,-1.65167318557,-2.49681752314,-0.00765079270378,-0.000378178735198,-2.21952497542,-0.029118422285,-0.00748289387767,-0.444012524243,0.0533785454843,0.0283588406009,0.0919764469325,0.0333819844914,0.368506917674,-0.0508053104438,0.0919764469325,0.368506917674,-0.0932375821461,-0.0693343439578,-3771,-0.0115852534562,-0.00410977652095,0.047619047619,-0.0555555555556,0.00793650793651,1519,14,222,13995,0.872487076393,0.999000642444,0.000999357555857,0.127512923607,0.990867579909,0.872487076393,0.927916921197,0.921911357695,0.871487718837,0.865527065527,373,581,0,3,1,3
98,WLNM_dir_neg_kfold,0.823591884134,0.577487859457,00:00:28,10,66.6666666667,11,13356,threshold_sweep,0.8,0.964769647696,0.612736660929,0.749473684211,356,13,225,1149,0.612736660929,0.988812392427,0.0111876075731,0.387263339071,0.964769647696,0.612736660929,0.749473684211,0.863453815261,0.596098680436,0.661931818182,0.694153676953,0.601549053356,1779,1198,581,0,1779,0,1198,0,581,126,1741,0.11053968254,3.35021095487,27.6349206349,14.6302521008,14.7542372881,19.3405700742,0.69985980165,0.389650173682,15.6125082129,1.12991156509,0.578854517108,9.15239928644,0.662379270587,0.377355652198,1.19779027155,0.357526820756,4.34256606628,3.35021095487,1.19779027155,4.34256606628,0.507119835952,0.563909424838,12128,0.0372596006144,0.110016681489,126,126,126,1,0,0.0555555555556,0.880952380952,0.0634920634921,126,0.0736507936508,2.91548800933,18.4126984127,10.5454545455,10,13.0250649695,0.707395769897,0.395874384236,10.40485845,1.13018290061,0.58416803503,6.49839052113,0.705859660054,0.398275862069,1.15823659145,0.397270229803,3.98797667635,2.91548800933,1.15823659145,3.98797667635,0.320488422322,0.376834562117,3646,0.0112012288786,0.0759935796492,126,126,126,1,0,0.126984126984,0.793650793651,0.0793650793651,126,1529,0.0970793650794,3.10914743405,24.2698412698,13.7747747748,13.0683760684,16.8216111944,0.693107590089,0.389641533526,13.3873690766,1.10321027054,0.573032483104,8.66750545392,0.714261404312,0.404886480426,1.25315931674,0.403055610365,4.49958963507,3.10914743405,1.25315931674,4.49958963507,0.413217111426,0.493856032979,8306,0.0255176651306,0.105997306058,126,126,126,1,0,0.119047619048,0.809523809524,0.0714285714286,-212,-0.0134603174603,-0.24106352082,-3.36507936508,-0.855477326066,-1.68586121976,-2.51895887979,-0.00675221156126,-8.64015591362e-06,-2.2251391363,-0.0267012945544,-0.00582203400397,-0.484893832524,0.0518821337255,0.0275308282284,0.0553690451905,0.0455287896094,0.157023568797,-0.24106352082,0.0553690451905,0.157023568797,-0.0939027245254,-0.0700533918592,-3822,-0.0117419354839,-0.00401937543066,0.0634920634921,-0.0714285714286,0.00793650793651,1516,13,225,13996,0.870763928777,0.999072025127,0.000927974873296,0.129236071223,0.991497710922,0.870763928777,0.927217125382,0.921237264696,0.869835953903,0.864310148233,369,581,0,3,1,3
99,WLNM_dir_neg_kfold,0.823591884134,0.577487859457,00:00:28,10,66.6666666667,11,13356,threshold_sweep,0.9,0.969863013699,0.609294320138,0.748414376321,354,11,227,1151,0.609294320138,0.990533562823,0.00946643717728,0.390705679862,0.969863013699,0.609294320138,0.748414376321,0.863453815261,0.596863645056,0.661290322581,0.694939086837,0.59982788296,1779,1198,581,0,1779,0,1198,0,581,126,1741,0.11053968254,3.35021095487,27.6349206349,14.6302521008,14.7542372881,19.3405700742,0.69985980165,0.389650173682,15.6125082129,1.12991156509,0.578854517108,9.15239928644,0.662379270587,0.377355652198,1.19779027155,0.357526820756,4.34256606628,3.35021095487,1.19779027155,4.34256606628,0.507119835952,0.563909424838,12128,0.0372596006144,0.110016681489,126,126,126,1,0,0.0555555555556,0.880952380952,0.0634920634921,126,0.0736507936508,2.91548800933,18.4126984127,10.5454545455,10,13.0250649695,0.707395769897,0.395874384236,10.40485845,1.13018290061,0.58416803503,6.49839052113,0.705859660054,0.398275862069,1.15823659145,0.397270229803,3.98797667635,2.91548800933,1.15823659145,3.98797667635,0.320488422322,0.376834562117,3646,0.0112012288786,0.0759935796492,126,126,126,1,0,0.126984126984,0.793650793651,0.0793650793651,126,1525,0.0968253968254,3.04204154798,24.2063492063,13.8636363636,13.1465517241,16.8282227037,0.695198708415,0.390653135571,13.4067620939,1.10770624513,0.575128805621,8.66055828693,0.715560881412,0.405750715587,1.20978408361,0.39768821843,4.14152681165,3.04204154798,1.20978408361,4.14152681165,0.413876195296,0.494200365456,8294,0.0254807987711,0.107409722587,126,126,126,1,0,0.126984126984,0.793650793651,0.0793650793651,-216,-0.0137142857143,-0.308169406886,-3.42857142857,-0.766615737204,-1.607685564,-2.51234737047,-0.00466109323497,0.00100296188883,-2.20574611906,-0.0222053199616,-0.00372571148779,-0.491840999512,0.0531816108251,0.0283950633891,0.0119938120537,0.0401613976749,-0.20103925463,-0.308169406886,0.0119938120537,-0.20103925463,-0.0932436406558,-0.069709059382,-3834,-0.0117788018433,-0.00260695890116,0.0714285714286,-0.0873015873016,0.015873015873,1514,11,227,13998,0.869615163699,0.999214790492,0.000785209508173,0.130384836301,0.992786885246,0.869615163699,0.927127985303,0.921248257186,0.868829954191,0.864155251142,365,581,0,3,1,3
100,WLNM_dir_neg_kfold,0.841369411751,0.584874128838,00:00:28,10,66.6666666667,12,13357,threshold_sweep,0.1,0.939698492462,0.643717728055,0.76404494382,374,24,207,1138,0.643717728055,0.97934595525,0.0206540447504,0.356282271945,0.939698492462,0.643717728055,0.76404494382,0.867469879518,0.590552686938,0.67631947688,0.699714526396,0.623063683305,1779,1198,581,0,1779,0,1198,0,581,126,1741,0.11053968254,3.35021095487,27.6349206349,14.6302521008,14.7542372881,19.3405700742,0.69985980165,0.389650173682,15.6125082129,1.12991156509,0.578854517108,9.15239928644,0.662379270587,0.377355652198,1.19779027155,0.357526820756,4.34256606628,3.35021095487,1.19779027155,4.34256606628,0.507119835952,0.563909424838,12128,0.0372596006144,0.110016681489,126,126,126,1,0,0.0555555555556,0.880952380952,0.0634920634921,126,0.0736507936508,2.91548800933,18.4126984127,10.5454545455,10,13.0250649695,0.707395769897,0.395874384236,10.40485845,1.13018290061,0.58416803503,6.49839052113,0.705859660054,0.398275862069,1.15823659145,0.397270229803,3.98797667635,2.91548800933,1.15823659145,3.98797667635,0.320488422322,0.376834562117,3646,0.0112012288786,0.0759935796492,126,126,126,1,0,0.126984126984,0.793650793651,0.0793650793651,126,1558,0.0989206349206,27.2729512308,24.7301587302,12.6666666667,13.3162393162,16.8225623249,0.680244818015,0.383310919575,13.2999868719,1.07560869439,0.555188784971,8.84407433221,0.71524606281,0.40497585427,7.02493305515,0.257578763505,37,27.2729512308,7.02493305515,37,0.398216467836,0.489331299361,8447,0.0259508448541,0.100405480278,126,126,126,1,0,0.0238095238095,0.904761904762,0.0714285714286,-183,-0.011619047619,23.9227402759,-2.90476190476,-1.96358543417,-1.4379979719,-2.51800774928,-0.0196149836346,-0.00633925410698,-2.31252134098,-0.0543028707007,-0.0236657321378,-0.308324954229,0.0528667922236,0.0276202020721,5.82714278359,-0.0999480572509,32.6574339337,23.9227402759,5.82714278359,32.6574339337,-0.108903368116,-0.0745781254776,-3681,-0.0113087557604,-0.00961120121106,-0.031746031746,0.0238095238095,0.00793650793651,1534,24,207,13985,0.881102814474,0.998286815619,0.00171318438147,0.118897185526,0.98459563543,0.881102814474,0.929978781449,0.923589028772,0.879389630093,0.869121813031,398,581,0,3,1,3
101,WLNM_dir_neg_kfold,0.841369411751,0.584874128838,00:00:28,10,66.6666666667,12,13357,threshold_sweep,0.2,0.951156812339,0.636833046472,0.762886597938,370,19,211,1143,0.636833046472,0.983648881239,0.0163511187608,0.363166953528,0.951156812339,0.636833046472,0.762886597938,0.868043602983,0.592273857334,0.676360225141,0.702483509873,0.620481927711,1779,1198,581,0,1779,0,1198,0,581,126,1741,0.11053968254,3.35021095487,27.6349206349,14.6302521008,14.7542372881,19.3405700742,0.69985980165,0.389650173682,15.6125082129,1.12991156509,0.578854517108,9.15239928644,0.662379270587,0.377355652198,1.19779027155,0.357526820756,4.34256606628,3.35021095487,1.19779027155,4.34256606628,0.507119835952,0.563909424838,12128,0.0372596006144,0.110016681489,126,126,126,1,0,0.0555555555556,0.880952380952,0.0634920634921,126,0.0736507936508,2.91548800933,18.4126984127,10.5454545455,10,13.0250649695,0.707395769897,0.395874384236,10.40485845,1.13018290061,0.58416803503,6.49839052113,0.705859660054,0.398275862069,1.15823659145,0.397270229803,3.98797667635,2.91548800933,1.15823659145,3.98797667635,0.320488422322,0.376834562117,3646,0.0112012288786,0.0759935796492,126,126,126,1,0,0.126984126984,0.793650793651,0.0793650793651,126,1549,0.0983492063492,3.68285388954,24.5873015873,13.1271186441,13.2393162393,16.8609702408,0.68575928029,0.386004283357,13.3465006412,1.08564175648,0.561862748112,8.79460512843,0.715377821938,0.404792646562,1.35110165414,0.366862681676,5.01924437655,3.68285388954,1.35110165414,5.01924437655,0.395949265743,0.490042853542,8424,0.0258801843318,0.104488871914,126,126,126,1,0,0.0634920634921,0.865079365079,0.0714285714286,-192,-0.0121904761905,0.332642934671,-3.04761904762,-1.50313345677,-1.51492104882,-2.47959983339,-0.01410052136,-0.00364589032492,-2.26600757174,-0.0442698086125,-0.0169917689965,-0.357794158005,0.0529985513518,0.0274369943638,0.153311382584,0.00933586092071,0.676678310277,0.332642934671,0.153311382584,0.676678310277,-0.111170570209,-0.0738665712967,-3704,-0.0113794162826,-0.00552780957421,0.00793650793651,-0.015873015873,0.00793650793651,1530,19,211,13990,0.878805284319,0.998643729031,0.00135627096866,0.121194715681,0.98773402195,0.878805284319,0.93009118541,0.923931280072,0.877449013351,0.869318181818,389,581,0,3,1,3
102,WLNM_dir_neg_kfold,0.841369411751,0.584874128838,00:00:28,10,66.6666666667,12,13357,threshold_sweep,0.3,0.955844155844,0.63339070568,0.761904761905,368,17,213,1145,0.63339070568,0.985370051635,0.0146299483649,0.36660929432,0.955844155844,0.63339070568,0.761904761905,0.868043602983,0.593038821954,0.675751879699,0.703126785818,0.618760757315,1779,1198,581,0,1779,0,1198,0,581,126,1741,0.11053968254,3.35021095487,27.6349206349,14.6302521008,14.7542372881,19.3405700742,0.69985980165,0.389650173682,15.6125082129,1.12991156509,0.578854517108,9.15239928644,0.662379270587,0.377355652198,1.19779027155,0.357526820756,4.34256606628,3.35021095487,1.19779027155,4.34256606628,0.507119835952,0.563909424838,12128,0.0372596006144,0.110016681489,126,126,126,1,0,0.0555555555556,0.880952380952,0.0634920634921,126,0.0736507936508,2.91548800933,18.4126984127,10.5454545455,10,13.0250649695,0.707395769897,0.395874384236,10.40485845,1.13018290061,0.58416803503,6.49839052113,0.705859660054,0.398275862069,1.15823659145,0.397270229803,3.98797667635,2.91548800933,1.15823659145,3.98797667635,0.320488422322,0.376834562117,3646,0.0112012288786,0.0759935796492,126,126,126,1,0,0.126984126984,0.793650793651,0.0793650793651,126,1545,0.0980952380952,3.68133353112,24.5238095238,13.093220339,13.2051282051,16.8848875795,0.688509978969,0.387589253609,13.3615439655,1.08967931369,0.563224944778,8.78105102723,0.716124549794,0.405316689783,1.35150492428,0.367123737324,5.02296663265,3.68133353112,1.35150492428,5.02296663265,0.397453548969,0.491153023527,8420,0.0258678955453,0.104440156762,126,126,126,1,0,0.0634920634921,0.865079365079,0.0714285714286,-196,-0.0124444444444,0.331122576249,-3.11111111111,-1.53703176186,-1.54910908301,-2.45568249469,-0.011349822681,-0.00206092007367,-2.25096424738,-0.0402322513995,-0.0156295723301,-0.371348259207,0.0537452792071,0.027961037585,0.153714652725,0.00959691656837,0.680400566374,0.331122576249,0.153714652725,0.680400566374,-0.109666286983,-0.0727564013113,-3708,-0.0113917050691,-0.00557652472672,0.00793650793651,-0.015873015873,0.00793650793651,1528,17,213,13992,0.877656519242,0.998786494396,0.00121350560354,0.122343480758,0.988996763754,0.877656519242,0.930006086427,0.923935758789,0.876443013638,0.869169510808,385,581,0,3,1,3
103,WLNM_dir_neg_kfold,0.841369411751,0.584874128838,00:00:28,10,66.6666666667,12,13357,threshold_sweep,0.4,0.968,0.624784853701,0.759414225941,363,12,218,1150,0.624784853701,0.989672977625,0.0103270223752,0.375215146299,0.968,0.624784853701,0.759414225941,0.868043602983,0.594951233505,0.674220963173,0.704895164533,0.614457831325,1779,1198,581,0,1779,0,1198,0,581,126,1741,0.11053968254,3.35021095487,27.6349206349,14.6302521008,14.7542372881,19.3405700742,0.69985980165,0.389650173682,15.6125082129,1.12991156509,0.578854517108,9.15239928644,0.662379270587,0.377355652198,1.19779027155,0.357526820756,4.34256606628,3.35021095487,1.19779027155,4.34256606628,0.507119835952,0.563909424838,12128,0.0372596006144,0.110016681489,126,126,126,1,0,0.0555555555556,0.880952380952,0.0634920634921,126,0.0736507936508,2.91548800933,18.4126984127,10.5454545455,10,13.0250649695,0.707395769897,0.395874384236,10.40485845,1.13018290061,0.58416803503,6.49839052113,0.705859660054,0.398275862069,1.15823659145,0.397270229803,3.98797667635,2.91548800933,1.15823659145,3.98797667635,0.320488422322,0.376834562117,3646,0.0112012288786,0.0759935796492,126,126,126,1,0,0.126984126984,0.793650793651,0.0793650793651,126,1535,0.0974603174603,3.39397431643,24.3650793651,13.347826087,13.1196581197,16.9179682821,0.694353095617,0.390579597746,13.4065063569,1.10046892572,0.569851610568,8.71082158573,0.715025094334,0.405330644744,1.28664510515,0.379096889131,4.5320370559,3.39397431643,1.28664510515,4.5320370559,0.405987746514,0.493669397515,8396,0.0257941628264,0.106326895862,126,126,126,1,0,0.0873015873016,0.84126984127,0.0714285714286,-206,-0.0130793650794,0.0437633615598,-3.26984126984,-1.28242601388,-1.63457916848,-2.42260179208,-0.00550670603328,0.000929424063382,-2.20600185599,-0.0294426393779,-0.00900290654017,-0.44157770071,0.0526458237469,0.0279749925466,0.0888548335931,0.0215700683752,0.18947098962,0.0437633615598,0.0888548335931,0.18947098962,-0.101132089438,-0.0702400273236,-3732,-0.011465437788,-0.00368978562679,0.031746031746,-0.0396825396825,0.00793650793651,1523,12,218,13997,0.874784606548,0.999143407809,0.000856592190735,0.125215393452,0.992182410423,0.874784606548,0.929792429792,0.923955366902,0.873928014357,0.868796349116,375,581,0,3,1,3
104,WLNM_dir_neg_kfold,0.841369411751,0.584874128838,00:00:28,10,66.6666666667,12,13357,threshold_sweep,0.5,0.967828418231,0.621342512909,0.756813417191,361,12,220,1150,0.621342512909,0.989672977625,0.0103270223752,0.378657487091,0.967828418231,0.621342512909,0.756813417191,0.866896156053,0.595333715816,0.671077504726,0.70230967519,0.611015490534,1779,1198,581,0,1779,0,1198,0,581,126,1741,0.11053968254,3.35021095487,27.6349206349,14.6302521008,14.7542372881,19.3405700742,0.69985980165,0.389650173682,15.6125082129,1.12991156509,0.578854517108,9.15239928644,0.662379270587,0.377355652198,1.19779027155,0.357526820756,4.34256606628,3.35021095487,1.19779027155,4.34256606628,0.507119835952,0.563909424838,12128,0.0372596006144,0.110016681489,126,126,126,1,0,0.0555555555556,0.880952380952,0.0634920634921,126,0.0736507936508,2.91548800933,18.4126984127,10.5454545455,10,13.0250649695,0.707395769897,0.395874384236,10.40485845,1.13018290061,0.58416803503,6.49839052113,0.705859660054,0.398275862069,1.15823659145,0.397270229803,3.98797667635,2.91548800933,1.15823659145,3.98797667635,0.320488422322,0.376834562117,3646,0.0112012288786,0.0759935796492,126,126,126,1,0,0.126984126984,0.793650793651,0.0793650793651,126,1533,0.0973333333333,3.3554398022,24.3333333333,13.5663716814,13.1025641026,16.9408382319,0.696198831449,0.391596516841,13.4204321838,1.10304922059,0.571651187111,8.7019538036,0.715229079748,0.405321032523,1.31305111229,0.391320121861,4.52535245992,3.3554398022,1.31305111229,4.52535245992,0.409444909106,0.494124570868,8396,0.0257941628264,0.108104410104,126,126,126,1,0,0.103174603175,0.825396825397,0.0714285714286,-208,-0.0132063492063,0.00522884733035,-3.30158730159,-1.06388041942,-1.65167318557,-2.39973184225,-0.00366097020115,0.0019463431588,-2.19207602912,-0.026862344507,-0.00720332999732,-0.450445482839,0.0528498091614,0.0279653803249,0.115260840738,0.0337933011053,0.182786393647,0.00522884733035,0.115260840738,0.182786393647,-0.0976749268461,-0.0697848539704,-3732,-0.011465437788,-0.00191227138492,0.047619047619,-0.0555555555556,0.00793650793651,1521,12,220,13997,0.87363584147,0.999143407809,0.000856592190735,0.12636415853,0.99217221135,0.87363584147,0.929138668296,0.92327761514,0.87277924928,0.867655447804,373,581,0,3,1,3
105,WLNM_dir_neg_kfold,0.841369411751,0.584874128838,00:00:28,10,66.6666666667,12,13357,threshold_sweep,0.6,0.970350404313,0.619621342513,0.756302521008,360,11,221,1151,0.619621342513,0.990533562823,0.00946643717728,0.380378657487,0.970350404313,0.619621342513,0.756302521008,0.866896156053,0.595716198126,0.670766319773,0.702695588175,0.610154905336,1779,1198,581,0,1779,0,1198,0,581,126,1741,0.11053968254,3.35021095487,27.6349206349,14.6302521008,14.7542372881,19.3405700742,0.69985980165,0.389650173682,15.6125082129,1.12991156509,0.578854517108,9.15239928644,0.662379270587,0.377355652198,1.19779027155,0.357526820756,4.34256606628,3.35021095487,1.19779027155,4.34256606628,0.507119835952,0.563909424838,12128,0.0372596006144,0.110016681489,126,126,126,1,0,0.0555555555556,0.880952380952,0.0634920634921,126,0.0736507936508,2.91548800933,18.4126984127,10.5454545455,10,13.0250649695,0.707395769897,0.395874384236,10.40485845,1.13018290061,0.58416803503,6.49839052113,0.705859660054,0.398275862069,1.15823659145,0.397270229803,3.98797667635,2.91548800933,1.15823659145,3.98797667635,0.320488422322,0.376834562117,3646,0.0112012288786,0.0759935796492,126,126,126,1,0,0.126984126984,0.793650793651,0.0793650793651,126,1531,0.0972063492063,3.30694216951,24.3015873016,13.5486725664,13.1982758621,16.9149731735,0.696043964684,0.391496376474,13.4188330106,1.10435856259,0.572346116762,8.71051544773,0.71686802509,0.406265227624,1.27574359667,0.385777413477,4.4234054423,3.30694216951,1.27574359667,4.4234054423,0.409183471715,0.493428818761,8360,0.0256835637481,0.108444398433,126,126,126,1,0,0.103174603175,0.81746031746,0.0793650793651,-210,-0.0133333333333,-0.0432687853604,-3.33333333333,-1.08157953447,-1.55596142607,-2.42559690066,-0.00381583696617,0.00184620279118,-2.19367520237,-0.0255530025006,-0.00650840034686,-0.441883838713,0.0544887545038,0.0289095754261,0.0779533251151,0.0282505927211,0.080839376023,-0.0432687853604,0.0779533251151,0.080839376023,-0.0979363642371,-0.0704806060771,-3768,-0.0115760368664,-0.0015722830552,0.047619047619,-0.0634920634921,0.015873015873,1520,11,221,13998,0.873061458932,0.999214790492,0.000785209508173,0.126938541068,0.992815153494,0.873061458932,0.929095354523,0.923283083187,0.872276249423,0.867579908676,371,581,0,3,1,3
106,WLNM_dir_neg_kfold,0.841369411751,0.584874128838,00:00:28,10,66.6666666667,12,13357,threshold_sweep,0.7,0.970350404313,0.619621342513,0.756302521008,360,11,221,1151,0.619621342513,0.990533562823,0.00946643717728,0.380378657487,0.970350404313,0.619621342513,0.756302521008,0.866896156053,0.595716198126,0.670766319773,0.702695588175,0.610154905336,1779,1198,581,0,1779,0,1198,0,581,126,1741,0.11053968254,3.35021095487,27.6349206349,14.6302521008,14.7542372881,19.3405700742,0.69985980165,0.389650173682,15.6125082129,1.12991156509,0.578854517108,9.15239928644,0.662379270587,0.377355652198,1.19779027155,0.357526820756,4.34256606628,3.35021095487,1.19779027155,4.34256606628,0.507119835952,0.563909424838,12128,0.0372596006144,0.110016681489,126,126,126,1,0,0.0555555555556,0.880952380952,0.0634920634921,126,0.0736507936508,2.91548800933,18.4126984127,10.5454545455,10,13.0250649695,0.707395769897,0.395874384236,10.40485845,1.13018290061,0.58416803503,6.49839052113,0.705859660054,0.398275862069,1.15823659145,0.397270229803,3.98797667635,2.91548800933,1.15823659145,3.98797667635,0.320488422322,0.376834562117,3646,0.0112012288786,0.0759935796492,126,126,126,1,0,0.126984126984,0.793650793651,0.0793650793651,126,1531,0.0972063492063,3.30694216951,24.3015873016,13.5486725664,13.1982758621,16.9149731735,0.696043964684,0.391496376474,13.4188330106,1.10435856259,0.572346116762,8.71051544773,0.71686802509,0.406265227624,1.27574359667,0.385777413477,4.4234054423,3.30694216951,1.27574359667,4.4234054423,0.409183471715,0.493428818761,8360,0.0256835637481,0.108444398433,126,126,126,1,0,0.103174603175,0.81746031746,0.0793650793651,-210,-0.0133333333333,-0.0432687853604,-3.33333333333,-1.08157953447,-1.55596142607,-2.42559690066,-0.00381583696617,0.00184620279118,-2.19367520237,-0.0255530025006,-0.00650840034686,-0.441883838713,0.0544887545038,0.0289095754261,0.0779533251151,0.0282505927211,0.080839376023,-0.0432687853604,0.0779533251151,0.080839376023,-0.0979363642371,-0.0704806060771,-3768,-0.0115760368664,-0.0015722830552,0.047619047619,-0.0634920634921,0.015873015873,1520,11,221,13998,0.873061458932,0.999214790492,0.000785209508173,0.126938541068,0.992815153494,0.873061458932,0.929095354523,0.923283083187,0.872276249423,0.867579908676,371,581,0,3,1,3
107,WLNM_dir_neg_kfold,0.841369411751,0.584874128838,00:00:28,10,66.6666666667,12,13357,threshold_sweep,0.8,0.970189701897,0.616179001721,0.753684210526,358,11,223,1151,0.616179001721,0.990533562823,0.00946643717728,0.383820998279,0.970189701897,0.616179001721,0.753684210526,0.865748709122,0.596098680436,0.667613636364,0.700112077613,0.606712564544,1779,1198,581,0,1779,0,1198,0,581,126,1741,0.11053968254,3.35021095487,27.6349206349,14.6302521008,14.7542372881,19.3405700742,0.69985980165,0.389650173682,15.6125082129,1.12991156509,0.578854517108,9.15239928644,0.662379270587,0.377355652198,1.19779027155,0.357526820756,4.34256606628,3.35021095487,1.19779027155,4.34256606628,0.507119835952,0.563909424838,12128,0.0372596006144,0.110016681489,126,126,126,1,0,0.0555555555556,0.880952380952,0.0634920634921,126,0.0736507936508,2.91548800933,18.4126984127,10.5454545455,10,13.0250649695,0.707395769897,0.395874384236,10.40485845,1.13018290061,0.58416803503,6.49839052113,0.705859660054,0.398275862069,1.15823659145,0.397270229803,3.98797667635,2.91548800933,1.15823659145,3.98797667635,0.320488422322,0.376834562117,3646,0.0112012288786,0.0759935796492,126,126,126,1,0,0.126984126984,0.793650793651,0.0793650793651,126,1529,0.0970793650794,3.30625239465,24.2698412698,13.5309734513,13.1810344828,16.8733696449,0.695240214278,0.391089725622,13.3843808521,1.10296402051,0.571911302127,8.70710346749,0.71752454997,0.406589014503,1.27490258045,0.385603525766,4.42069781655,3.30625239465,1.27490258045,4.42069781655,0.40837687101,0.491779010323,8305,0.0255145929339,0.10838897865,126,126,126,1,0,0.103174603175,0.81746031746,0.0793650793651,-212,-0.0134603174603,-0.0439585602166,-3.36507936508,-1.09927864951,-1.57320280538,-2.46720042923,-0.00461958737194,0.00143955193976,-2.22812736083,-0.0269475445815,-0.00694321498126,-0.445295818945,0.0551452793835,0.029233362305,0.0771123088969,0.0280767050109,0.0781317502695,-0.0439585602166,0.0771123088969,0.0781317502695,-0.0987429649416,-0.0721304145153,-3823,-0.0117450076805,-0.00162770283859,0.047619047619,-0.0634920634921,0.015873015873,1518,11,223,13998,0.871912693854,0.999214790492,0.000785209508173,0.128087306146,0.992805755396,0.871912693854,0.928440366972,0.922605115688,0.871127484346,0.866438356164,369,581,0,3,1,3
108,WLNM_dir_neg_kfold,0.841369411751,0.584874128838,00:00:28,10,66.6666666667,12,13357,threshold_sweep,0.9,0.980769230769,0.614457831325,0.755555555556,357,7,224,1155,0.614457831325,0.993975903614,0.00602409638554,0.385542168675,0.980769230769,0.614457831325,0.755555555556,0.867469879518,0.597054886212,0.671096345515,0.705621152223,0.60843373494,1779,1198,581,0,1779,0,1198,0,581,126,1741,0.11053968254,3.35021095487,27.6349206349,14.6302521008,14.7542372881,19.3405700742,0.69985980165,0.389650173682,15.6125082129,1.12991156509,0.578854517108,9.15239928644,0.662379270587,0.377355652198,1.19779027155,0.357526820756,4.34256606628,3.35021095487,1.19779027155,4.34256606628,0.507119835952,0.563909424838,12128,0.0372596006144,0.110016681489,126,126,126,1,0,0.0555555555556,0.880952380952,0.0634920634921,126,0.0736507936508,2.91548800933,18.4126984127,10.5454545455,10,13.0250649695,0.707395769897,0.395874384236,10.40485845,1.13018290061,0.58416803503,6.49839052113,0.705859660054,0.398275862069,1.15823659145,0.397270229803,3.98797667635,2.91548800933,1.15823659145,3.98797667635,0.320488422322,0.376834562117,3646,0.0112012288786,0.0759935796492,126,126,126,1,0,0.126984126984,0.793650793651,0.0793650793651,126,1524,0.0967619047619,2.94807527036,24.1904761905,13.8545454545,13.1379310345,16.8995688871,0.69860422565,0.392789442986,13.4148744736,1.10910379506,0.575521809774,8.68140870728,0.7177542632,0.406844977711,1.1794026099,0.400058513348,3.99278202898,2.94807527036,1.1794026099,3.99278202898,0.411293147506,0.493195459678,8299,0.0254961597542,0.108902120162,126,126,126,1,0,0.126984126984,0.793650793651,0.0793650793651,-217,-0.0137777777778,-0.402135684508,-3.44444444444,-0.775706646295,-1.61630625365,-2.44100118702,-0.00125557600004,0.00313926930395,-2.1976337393,-0.0208077700307,-0.00333270733462,-0.470990579158,0.0553749926138,0.0294893255134,-0.0183876616575,0.042531692592,-0.349784037301,-0.402135684508,-0.0183876616575,-0.349784037301,-0.0958266884454,-0.0707139651605,-3829,-0.0117634408602,-0.00111456132672,0.0714285714286,-0.0873015873016,0.015873015873,1517,7,224,14002,0.871338311315,0.999500321222,0.000499678777928,0.128661688685,0.995406824147,0.871338311315,0.929249617152,0.923648554031,0.870838632537,0.867848970252,364,581,0,3,1,3
109,WLNM_dir_neg_kfold,0.857935306508,0.459540263685,00:00:28,10,66.6666666667,13,13358,threshold_sweep,0.1,0.958868894602,0.641996557659,0.769072164948,373,16,208,1146,0.641996557659,0.986230636833,0.013769363167,0.358003442341,0.958868894602,0.641996557659,0.769072164948,0.871485943775,0.592273857334,0.684803001876,0.711252374767,0.628227194492,1779,1198,581,0,1779,0,1198,0,581,126,1741,0.11053968254,3.35021095487,27.6349206349,14.6302521008,14.7542372881,19.3405700742,0.69985980165,0.389650173682,15.6125082129,1.12991156509,0.578854517108,9.15239928644,0.662379270587,0.377355652198,1.19779027155,0.357526820756,4.34256606628,3.35021095487,1.19779027155,4.34256606628,0.507119835952,0.563909424838,12128,0.0372596006144,0.110016681489,126,126,126,1,0,0.0555555555556,0.880952380952,0.0634920634921,126,0.0736507936508,2.91548800933,18.4126984127,10.5454545455,10,13.0250649695,0.707395769897,0.395874384236,10.40485845,1.13018290061,0.58416803503,6.49839052113,0.705859660054,0.398275862069,1.15823659145,0.397270229803,3.98797667635,2.91548800933,1.15823659145,3.98797667635,0.320488422322,0.376834562117,3646,0.0112012288786,0.0759935796492,126,126,126,1,0,0.126984126984,0.793650793651,0.0793650793651,126,1549,0.0983492063492,3.98805240295,24.5873015873,13.1271186441,13.3534482759,16.860021277,0.685720684603,0.386096508756,13.3830145844,1.08861190292,0.563891706887,8.81731701625,0.717225270528,0.406114543945,1.43615542961,0.360114483086,5.26254172415,3.98805240295,1.43615542961,5.26254172415,0.402635441841,0.490839220557,8430,0.0258986175115,0.102972284703,126,126,126,1,0,0.0634920634921,0.857142857143,0.0793650793651,-192,-0.0121904761905,0.637841448089,-3.04761904762,-1.50313345677,-1.40078901227,-2.48054879718,-0.0141391170469,-0.00355366492605,-2.22949362856,-0.0412996621697,-0.0149628102212,-0.335082270188,0.0548459999412,0.0287588917477,0.238365158057,0.00258766233075,0.919975657874,0.637841448089,0.238365158057,0.919975657874,-0.10448439411,-0.073070204281,-3698,-0.0113609831029,-0.00704439678563,0.00793650793651,-0.0238095238095,0.015873015873,1533,16,208,13993,0.880528431936,0.998857877079,0.00114212292098,0.119471568064,0.989670755326,0.880528431936,0.931914893617,0.925971202661,0.879386309015,0.872509960159,389,581,0,3,1,3
110,WLNM_dir_neg_kfold,0.857935306508,0.459540263685,00:00:28,10,66.6666666667,13,13358,threshold_sweep,0.2,0.963636363636,0.638554216867,0.768115942029,371,14,210,1148,0.638554216867,0.987951807229,0.0120481927711,0.361445783133,0.963636363636,0.638554216867,0.768115942029,0.871485943775,0.593038821954,0.684210526316,0.711928094681,0.626506024096,1779,1198,581,0,1779,0,1198,0,581,126,1741,0.11053968254,3.35021095487,27.6349206349,14.6302521008,14.7542372881,19.3405700742,0.69985980165,0.389650173682,15.6125082129,1.12991156509,0.578854517108,9.15239928644,0.662379270587,0.377355652198,1.19779027155,0.357526820756,4.34256606628,3.35021095487,1.19779027155,4.34256606628,0.507119835952,0.563909424838,12128,0.0372596006144,0.110016681489,126,126,126,1,0,0.0555555555556,0.880952380952,0.0634920634921,126,0.0736507936508,2.91548800933,18.4126984127,10.5454545455,10,13.0250649695,0.707395769897,0.395874384236,10.40485845,1.13018290061,0.58416803503,6.49839052113,0.705859660054,0.398275862069,1.15823659145,0.397270229803,3.98797667635,2.91548800933,1.15823659145,3.98797667635,0.320488422322,0.376834562117,3646,0.0112012288786,0.0759935796492,126,126,126,1,0,0.126984126984,0.793650793651,0.0793650793651,126,1545,0.0980952380952,3.98013361385,24.5238095238,13.093220339,13.3189655172,16.849790164,0.687078822222,0.386741665382,13.3848741923,1.09158197296,0.56467355011,8.78013992729,0.716050246498,0.40545024914,1.43374209893,0.360224615058,5.25746460775,3.98013361385,1.43374209893,5.25746460775,0.403148368401,0.491113189897,8400,0.0258064516129,0.102942693847,126,126,126,1,0,0.0634920634921,0.857142857143,0.0793650793651,-196,-0.0124444444444,0.629922658983,-3.11111111111,-1.53703176186,-1.43527177089,-2.49077991015,-0.0127809794277,-0.0029085082999,-2.22763402065,-0.0383295921317,-0.014180966998,-0.372259359145,0.0536709759111,0.0280945969419,0.235951827375,0.00269779430264,0.914898541471,0.629922658983,0.235951827375,0.914898541471,-0.103971467551,-0.0727962349413,-3728,-0.0114531490015,-0.00707398764203,0.00793650793651,-0.0238095238095,0.015873015873,1531,14,210,13995,0.879379666858,0.999000642444,0.000999357555857,0.120620333142,0.990938511327,0.879379666858,0.931832014607,0.925978032744,0.878380309302,0.872364672365,385,581,0,3,1,3
111,WLNM_dir_neg_kfold,0.857935306508,0.459540263685,00:00:28,10,66.6666666667,13,13358,threshold_sweep,0.3,0.963541666667,0.636833046472,0.766839378238,370,14,211,1148,0.636833046472,0.987951807229,0.0120481927711,0.363166953528,0.963541666667,0.636833046472,0.766839378238,0.87091222031,0.59323006311,0.682651622003,0.710634490924,0.624784853701,1779,1198,581,0,1779,0,1198,0,581,126,1741,0.11053968254,3.35021095487,27.6349206349,14.6302521008,14.7542372881,19.3405700742,0.69985980165,0.389650173682,15.6125082129,1.12991156509,0.578854517108,9.15239928644,0.662379270587,0.377355652198,1.19779027155,0.357526820756,4.34256606628,3.35021095487,1.19779027155,4.34256606628,0.507119835952,0.563909424838,12128,0.0372596006144,0.110016681489,126,126,126,1,0,0.0555555555556,0.880952380952,0.0634920634921,126,0.0736507936508,2.91548800933,18.4126984127,10.5454545455,10,13.0250649695,0.707395769897,0.395874384236,10.40485845,1.13018290061,0.58416803503,6.49839052113,0.705859660054,0.398275862069,1.15823659145,0.397270229803,3.98797667635,2.91548800933,1.15823659145,3.98797667635,0.320488422322,0.376834562117,3646,0.0112012288786,0.0759935796492,126,126,126,1,0,0.126984126984,0.793650793651,0.0793650793651,126,1544,0.0980317460317,3.97911049379,24.5079365079,13.0847457627,13.3103448276,16.8545523971,0.687718135376,0.387043547989,13.3871200834,1.09247223478,0.564838802533,8.76715370727,0.715454253314,0.405162842339,1.43349041232,0.360253985044,5.25714732787,3.97911049379,1.43349041232,5.25714732787,0.40330301519,0.491418652728,8399,0.0258033794163,0.102692894661,126,126,126,1,0,0.0634920634921,0.857142857143,0.0793650793651,-197,-0.0125079365079,0.62889953892,-3.12698412698,-1.54550633813,-1.44389246055,-2.48601767702,-0.0121416662743,-0.0026066256932,-2.22538812953,-0.0374393303093,-0.0140157145753,-0.385245579164,0.0530749827272,0.0278071901413,0.235700140765,0.00272716428892,0.914581261597,0.62889953892,0.235700140765,0.914581261597,-0.103816820762,-0.0724907721099,-3729,-0.0114562211982,-0.00732378682746,0.00793650793651,-0.0238095238095,0.015873015873,1530,14,211,13995,0.878805284319,0.999000642444,0.000999357555857,0.121194715681,0.990932642487,0.878805284319,0.931506849315,0.925639563397,0.877805926763,0.871794871795,384,581,0,3,1,3
112,WLNM_dir_neg_kfold,0.857935306508,0.459540263685,00:00:28,10,66.6666666667,13,13358,threshold_sweep,0.4,0.975935828877,0.628227194492,0.764397905759,365,9,216,1153,0.628227194492,0.992254733219,0.00774526678141,0.371772805508,0.975935828877,0.628227194492,0.764397905759,0.87091222031,0.595142474661,0.681152574398,0.712496510535,0.620481927711,1779,1198,581,0,1779,0,1198,0,581,126,1741,0.11053968254,3.35021095487,27.6349206349,14.6302521008,14.7542372881,19.3405700742,0.69985980165,0.389650173682,15.6125082129,1.12991156509,0.578854517108,9.15239928644,0.662379270587,0.377355652198,1.19779027155,0.357526820756,4.34256606628,3.35021095487,1.19779027155,4.34256606628,0.507119835952,0.563909424838,12128,0.0372596006144,0.110016681489,126,126,126,1,0,0.0555555555556,0.880952380952,0.0634920634921,126,0.0736507936508,2.91548800933,18.4126984127,10.5454545455,10,13.0250649695,0.707395769897,0.395874384236,10.40485845,1.13018290061,0.58416803503,6.49839052113,0.705859660054,0.398275862069,1.15823659145,0.397270229803,3.98797667635,2.91548800933,1.15823659145,3.98797667635,0.320488422322,0.376834562117,3646,0.0112012288786,0.0759935796492,126,126,126,1,0,0.126984126984,0.793650793651,0.0793650793651,126,1534,0.0973968253968,2.98773115875,24.3492063492,13.5752212389,13.224137931,16.8752208686,0.693050139976,0.389773597401,13.4379042206,1.10376527496,0.572121851783,8.70777065851,0.715240614715,0.405869083835,1.16422536617,0.389668716597,4.05706871291,2.98773115875,1.16422536617,4.05706871291,0.409666144653,0.492994832092,8363,0.0256927803379,0.106869187399,126,126,126,1,0,0.103174603175,0.81746031746,0.0793650793651,-207,-0.0131428571429,-0.362479796118,-3.28571428571,-1.0550308619,-1.5300993571,-2.46534920553,-0.00680966167345,0.000123423718377,-2.17460399235,-0.0261462901311,-0.00673266532553,-0.444628627926,0.0528613441283,0.0285134316375,-0.0335649053888,0.032141895841,-0.285497353371,-0.362479796118,-0.0335649053888,-0.285497353371,-0.0974536912983,-0.0709145927463,-3765,-0.0115668202765,-0.00314749408945,0.047619047619,-0.0634920634921,0.015873015873,1525,9,216,14000,0.875933371626,0.999357555857,0.000642444143051,0.124066628374,0.994132985658,0.875933371626,0.931297709924,0.925665319461,0.875290927482,0.871428571429,374,581,0,3,1,3
113,WLNM_dir_neg_kfold,0.857935306508,0.459540263685,00:00:28,10,66.6666666667,13,13358,threshold_sweep,0.5,0.975871313673,0.626506024096,0.763102725367,364,9,217,1153,0.626506024096,0.992254733219,0.00774526678141,0.373493975904,0.975871313673,0.626506024096,0.763102725367,0.870338496845,0.595333715816,0.679584120983,0.711212192199,0.618760757315,1779,1198,581,0,1779,0,1198,0,581,126,1741,0.11053968254,3.35021095487,27.6349206349,14.6302521008,14.7542372881,19.3405700742,0.69985980165,0.389650173682,15.6125082129,1.12991156509,0.578854517108,9.15239928644,0.662379270587,0.377355652198,1.19779027155,0.357526820756,4.34256606628,3.35021095487,1.19779027155,4.34256606628,0.507119835952,0.563909424838,12128,0.0372596006144,0.110016681489,126,126,126,1,0,0.0555555555556,0.880952380952,0.0634920634921,126,0.0736507936508,2.91548800933,18.4126984127,10.5454545455,10,13.0250649695,0.707395769897,0.395874384236,10.40485845,1.13018290061,0.58416803503,6.49839052113,0.705859660054,0.398275862069,1.15823659145,0.397270229803,3.98797667635,2.91548800933,1.15823659145,3.98797667635,0.320488422322,0.376834562117,3646,0.0112012288786,0.0759935796492,126,126,126,1,0,0.126984126984,0.793650793651,0.0793650793651,126,1533,0.0973333333333,2.98637215273,24.3333333333,13.5663716814,13.2155172414,16.8831276723,0.693827164616,0.390214228766,13.4424700111,1.10486054886,0.572562358277,8.69551608589,0.714699952265,0.405610950621,1.16379139391,0.38970072529,4.05687027595,2.98637215273,1.16379139391,4.05687027595,0.410147761802,0.493295320488,8363,0.0256927803379,0.1067656556,126,126,126,1,0,0.103174603175,0.81746031746,0.0793650793651,-208,-0.0132063492063,-0.363838802132,-3.30158730159,-1.06388041942,-1.53872004676,-2.45744240184,-0.00603263703376,0.000564055083749,-2.17003820179,-0.0250510162338,-0.00629215883175,-0.456883200548,0.0523206816784,0.028255298423,-0.0339988776476,0.0321739045344,-0.285695790325,-0.363838802132,-0.0339988776476,-0.285695790325,-0.0969720741501,-0.0706141043508,-3765,-0.0115668202765,-0.00325102588822,0.047619047619,-0.0634920634921,0.015873015873,1524,9,217,14000,0.875358989087,0.999357555857,0.000642444143051,0.124641010913,0.994129158513,0.875358989087,0.930971288943,0.925327001307,0.874716544944,0.870857142857,373,581,0,3,1,3
114,WLNM_dir_neg_kfold,0.857935306508,0.459540263685,00:00:28,10,66.6666666667,13,13358,threshold_sweep,0.6,0.975806451613,0.624784853701,0.761804826863,363,9,218,1153,0.624784853701,0.992254733219,0.00774526678141,0.375215146299,0.975806451613,0.624784853701,0.761804826863,0.869764773379,0.595524956971,0.678014184397,0.709927436276,0.617039586919,1779,1198,581,0,1779,0,1198,0,581,126,1741,0.11053968254,3.35021095487,27.6349206349,14.6302521008,14.7542372881,19.3405700742,0.69985980165,0.389650173682,15.6125082129,1.12991156509,0.578854517108,9.15239928644,0.662379270587,0.377355652198,1.19779027155,0.357526820756,4.34256606628,3.35021095487,1.19779027155,4.34256606628,0.507119835952,0.563909424838,12128,0.0372596006144,0.110016681489,126,126,126,1,0,0.0555555555556,0.880952380952,0.0634920634921,126,0.0736507936508,2.91548800933,18.4126984127,10.5454545455,10,13.0250649695,0.707395769897,0.395874384236,10.40485845,1.13018290061,0.58416803503,6.49839052113,0.705859660054,0.398275862069,1.15823659145,0.397270229803,3.98797667635,2.91548800933,1.15823659145,3.98797667635,0.320488422322,0.376834562117,3646,0.0112012288786,0.0759935796492,126,126,126,1,0,0.126984126984,0.793650793651,0.0793650793651,126,1532,0.0972698412698,2.98681179099,24.3174603175,13.5575221239,13.2068965517,16.8834360454,0.694292735548,0.390396410958,13.4470295298,1.10595673678,0.572993078868,8.68231554222,0.714080782193,0.405300675536,1.16415616201,0.389765490253,4.05743598907,2.98681179099,1.16415616201,4.05743598907,0.409892068996,0.492865998859,8348,0.0256466973886,0.106478308934,126,126,126,1,0,0.103174603175,0.81746031746,0.0793650793651,-209,-0.0132698412698,-0.363399163876,-3.31746031746,-1.07272997695,-1.54734073641,-2.45713402878,-0.00556706610224,0.000746237275429,-2.16547868314,-0.0239548283104,-0.00586143824064,-0.470083744223,0.051701511606,0.027945023338,-0.0336341095464,0.0322386694969,-0.285130077206,-0.363399163876,-0.0336341095464,-0.285130077206,-0.0972277669558,-0.0710434259799,-3780,-0.0116129032258,-0.00353837255435,0.047619047619,-0.0634920634921,0.015873015873,1523,9,218,14000,0.874784606548,0.999357555857,0.000642444143051,0.125215393452,0.994125326371,0.874784606548,0.9306446685,0.924988607046,0.874142162405,0.870285714286,372,581,0,3,1,3
115,WLNM_dir_neg_kfold,0.857935306508,0.459540263685,00:00:28,10,66.6666666667,13,13358,threshold_sweep,0.7,0.975543478261,0.617900172117,0.756585879874,359,9,222,1153,0.617900172117,0.992254733219,0.00774526678141,0.382099827883,0.975543478261,0.617900172117,0.756585879874,0.867469879518,0.596289921591,0.671719564188,0.704783907117,0.610154905336,1779,1198,581,0,1779,0,1198,0,581,126,1741,0.11053968254,3.35021095487,27.6349206349,14.6302521008,14.7542372881,19.3405700742,0.69985980165,0.389650173682,15.6125082129,1.12991156509,0.578854517108,9.15239928644,0.662379270587,0.377355652198,1.19779027155,0.357526820756,4.34256606628,3.35021095487,1.19779027155,4.34256606628,0.507119835952,0.563909424838,12128,0.0372596006144,0.110016681489,126,126,126,1,0,0.0555555555556,0.880952380952,0.0634920634921,126,0.0736507936508,2.91548800933,18.4126984127,10.5454545455,10,13.0250649695,0.707395769897,0.395874384236,10.40485845,1.13018290061,0.58416803503,6.49839052113,0.705859660054,0.398275862069,1.15823659145,0.397270229803,3.98797667635,2.91548800933,1.15823659145,3.98797667635,0.320488422322,0.376834562117,3646,0.0112012288786,0.0759935796492,126,126,126,1,0,0.126984126984,0.793650793651,0.0793650793651,126,1528,0.0970158730159,2.94836849654,24.253968254,13.8909090909,13.1724137931,16.8992006949,0.696760238076,0.391667705477,13.4604511823,1.10995867079,0.57568769218,8.66254847212,0.714320096523,0.405333250229,1.17812367948,0.399584950412,4.02631716145,2.94836849654,1.17812367948,4.02631716145,0.413531716383,0.492607142152,8318,0.02555453149,0.108426240374,126,126,126,1,0,0.126984126984,0.793650793651,0.0793650793651,-213,-0.0135238095238,-0.40184245833,-3.38095238095,-0.739343009931,-1.58182349503,-2.44136937925,-0.00309956357417,0.00201753179427,-2.15205703059,-0.0199528942996,-0.00316682492856,-0.489850814324,0.051940825936,0.0279775980308,-0.0196665920698,0.0420581296562,-0.316248904825,-0.40184245833,-0.0196665920698,-0.316248904825,-0.0935881195689,-0.0713022826863,-3810,-0.0117050691244,-0.00159044111478,0.0714285714286,-0.0873015873016,0.015873015873,1519,9,222,14000,0.872487076393,0.999357555857,0.000642444143051,0.127512923607,0.994109947644,0.872487076393,0.929336188437,0.92363426705,0.87184463225,0.868,368,581,0,3,1,3
116,WLNM_dir_neg_kfold,0.857935306508,0.459540263685,00:00:28,10,66.6666666667,13,13358,threshold_sweep,0.8,0.978021978022,0.612736660929,0.753439153439,356,8,225,1154,0.612736660929,0.993115318417,0.00688468158348,0.387263339071,0.978021978022,0.612736660929,0.753439153439,0.866322432587,0.597054886212,0.668248694827,0.702627003062,0.605851979346,1779,1198,581,0,1779,0,1198,0,581,126,1741,0.11053968254,3.35021095487,27.6349206349,14.6302521008,14.7542372881,19.3405700742,0.69985980165,0.389650173682,15.6125082129,1.12991156509,0.578854517108,9.15239928644,0.662379270587,0.377355652198,1.19779027155,0.357526820756,4.34256606628,3.35021095487,1.19779027155,4.34256606628,0.507119835952,0.563909424838,12128,0.0372596006144,0.110016681489,126,126,126,1,0,0.0555555555556,0.880952380952,0.0634920634921,126,0.0736507936508,2.91548800933,18.4126984127,10.5454545455,10,13.0250649695,0.707395769897,0.395874384236,10.40485845,1.13018290061,0.58416803503,6.49839052113,0.705859660054,0.398275862069,1.15823659145,0.397270229803,3.98797667635,2.91548800933,1.15823659145,3.98797667635,0.320488422322,0.376834562117,3646,0.0112012288786,0.0759935796492,126,126,126,1,0,0.126984126984,0.793650793651,0.0793650793651,126,1524,0.0967619047619,2.94817499196,24.1904761905,13.8545454545,13.1379310345,16.9113993676,0.699093280945,0.392883181269,13.4672512839,1.11343416126,0.577292421781,8.65094544792,0.715235647269,0.405824271966,1.17815509882,0.399621834535,4.02569242319,2.94817499196,1.17815509882,4.02569242319,0.414128403898,0.491999049392,8281,0.0254408602151,0.108549858711,126,126,126,1,0,0.126984126984,0.793650793651,0.0793650793651,-217,-0.0137777777778,-0.402035962909,-3.44444444444,-0.775706646295,-1.61630625365,-2.42917070654,-0.000766520704544,0.00323300758667,-2.14525692905,-0.0164774038287,-0.00156209532778,-0.501453838521,0.0528563766822,0.0284686197683,-0.0196351727366,0.0420950137797,-0.316873643086,-0.402035962909,-0.0196351727366,-0.316873643086,-0.0929914320536,-0.0719103754464,-3847,-0.0118187403994,-0.00146682277745,0.0714285714286,-0.0873015873016,0.015873015873,1516,8,225,14001,0.870763928777,0.99942893854,0.00057106146049,0.129236071223,0.994750656168,0.870763928777,0.928637059724,0.922963627926,0.870192867316,0.866781017724,364,581,0,3,1,3
117,WLNM_dir_neg_kfold,0.857935306508,0.459540263685,00:00:28,10,66.6666666667,13,13358,threshold_sweep,0.9,0.977900552486,0.609294320138,0.75079533404,354,8,227,1154,0.609294320138,0.993115318417,0.00688468158348,0.390705679862,0.977900552486,0.609294320138,0.75079533404,0.865174985657,0.597437368522,0.665083135392,0.700054606389,0.602409638554,1779,1198,581,0,1779,0,1198,0,581,126,1741,0.11053968254,3.35021095487,27.6349206349,14.6302521008,14.7542372881,19.3405700742,0.69985980165,0.389650173682,15.6125082129,1.12991156509,0.578854517108,9.15239928644,0.662379270587,0.377355652198,1.19779027155,0.357526820756,4.34256606628,3.35021095487,1.19779027155,4.34256606628,0.507119835952,0.563909424838,12128,0.0372596006144,0.110016681489,126,126,126,1,0,0.0555555555556,0.880952380952,0.0634920634921,126,0.0736507936508,2.91548800933,18.4126984127,10.5454545455,10,13.0250649695,0.707395769897,0.395874384236,10.40485845,1.13018290061,0.58416803503,6.49839052113,0.705859660054,0.398275862069,1.15823659145,0.397270229803,3.98797667635,2.91548800933,1.15823659145,3.98797667635,0.320488422322,0.376834562117,3646,0.0112012288786,0.0759935796492,126,126,126,1,0,0.126984126984,0.793650793651,0.0793650793651,126,1522,0.0966349206349,2.94753846705,24.1587301587,13.8363636364,13.1206896552,16.8705246858,0.698320009991,0.392492126066,13.4328571344,1.1120499336,0.576862107085,8.64740717173,0.715882591089,0.406117681413,1.17733208912,0.399428914086,4.02328487204,2.94753846705,1.17733208912,4.02328487204,0.413394139449,0.490483191608,8229,0.0252811059908,0.108490981024,126,126,126,1,0,0.126984126984,0.793650793651,0.0793650793651,-219,-0.0139047619048,-0.402672487819,-3.47619047619,-0.793888464477,-1.63354763296,-2.47004538835,-0.0015397916589,0.00284195238403,-2.1796510785,-0.0178616314952,-0.0019924100229,-0.504992114711,0.0535033205025,0.0287620292156,-0.0204581824357,0.04190209333,-0.319281194238,-0.402672487819,-0.0204581824357,-0.319281194238,-0.0937256965024,-0.0734262332307,-3899,-0.0119784946237,-0.00152570046482,0.0714285714286,-0.0873015873016,0.015873015873,1514,8,227,14001,0.869615163699,0.99942893854,0.00057106146049,0.130384836301,0.994743758213,0.869615163699,0.927980386148,0.922285785654,0.869044102239,0.865637507147,362,581,0,3,1,3
118,WLNM_dir_neg_kfold,0.853288738924,0.278509249987,00:00:27,10,66.6666666667,14,13359,threshold_sweep,0.1,0.931034482759,0.650602409639,0.765957446809,378,28,203,1134,0.650602409639,0.975903614458,0.0240963855422,0.349397590361,0.931034482759,0.650602409639,0.765957446809,0.867469879518,0.589022757697,0.677524429967,0.698695041336,0.626506024096,1779,1198,581,0,1779,0,1198,0,581,126,1741,0.11053968254,3.35021095487,27.6349206349,14.6302521008,14.7542372881,19.3405700742,0.69985980165,0.389650173682,15.6125082129,1.12991156509,0.578854517108,9.15239928644,0.662379270587,0.377355652198,1.19779027155,0.357526820756,4.34256606628,3.35021095487,1.19779027155,4.34256606628,0.507119835952,0.563909424838,12128,0.0372596006144,0.110016681489,126,126,126,1,0,0.0555555555556,0.880952380952,0.0634920634921,126,0.0736507936508,2.91548800933,18.4126984127,10.5454545455,10,13.0250649695,0.707395769897,0.395874384236,10.40485845,1.13018290061,0.58416803503,6.49839052113,0.705859660054,0.398275862069,1.15823659145,0.397270229803,3.98797667635,2.91548800933,1.15823659145,3.98797667635,0.320488422322,0.376834562117,3646,0.0112012288786,0.0759935796492,126,126,126,1,0,0.126984126984,0.793650793651,0.0793650793651,126,1566,0.0994285714286,5.1609222717,24.8571428571,12.7317073171,13.5,16.9708994627,0.682737334704,0.384768594539,13.3993603259,1.07810945151,0.557744937055,8.98035952192,0.722557662683,0.408481826106,1.57454556833,0.305089959785,6.40346573342,5.1609222717,1.57454556833,6.40346573342,0.404425717219,0.492271582322,8599,0.0264178187404,0.102070905801,126,126,126,1,0,0.0238095238095,0.896825396825,0.0793650793651,-175,-0.0111111111111,1.81071131683,-2.77777777778,-1.89854478377,-1.25423728814,-2.36967061151,-0.0171224669454,-0.00488157914363,-2.21314788703,-0.0518021135855,-0.0211095800531,-0.172039764524,0.0601783920962,0.0311261739087,0.376755296773,-0.0524368609703,2.06089966714,1.81071131683,0.376755296773,2.06089966714,-0.102694118733,-0.0716378425165,-3529,-0.010841781874,-0.00794577568804,-0.031746031746,0.015873015873,0.015873015873,1538,28,203,13981,0.88340034463,0.998001284888,0.00199871511171,0.11659965537,0.982120051086,0.88340034463,0.930148170547,0.923594976589,0.881401629518,0.869417750141,406,581,0,3,1,3
119,WLNM_dir_neg_kfold,0.853288738924,0.278509249987,00:00:27,10,66.6666666667,14,13359,threshold_sweep,0.2,0.94923857868,0.643717728055,0.767179487179,374,20,207,1142,0.643717728055,0.982788296041,0.0172117039587,0.356282271945,0.94923857868,0.643717728055,0.767179487179,0.869764773379,0.591317651559,0.68132896584,0.706093633565,0.626506024096,1779,1198,581,0,1779,0,1198,0,581,126,1741,0.11053968254,3.35021095487,27.6349206349,14.6302521008,14.7542372881,19.3405700742,0.69985980165,0.389650173682,15.6125082129,1.12991156509,0.578854517108,9.15239928644,0.662379270587,0.377355652198,1.19779027155,0.357526820756,4.34256606628,3.35021095487,1.19779027155,4.34256606628,0.507119835952,0.563909424838,12128,0.0372596006144,0.110016681489,126,126,126,1,0,0.0555555555556,0.880952380952,0.0634920634921,126,0.0736507936508,2.91548800933,18.4126984127,10.5454545455,10,13.0250649695,0.707395769897,0.395874384236,10.40485845,1.13018290061,0.58416803503,6.49839052113,0.705859660054,0.398275862069,1.15823659145,0.397270229803,3.98797667635,2.91548800933,1.15823659145,3.98797667635,0.320488422322,0.376834562117,3646,0.0112012288786,0.0759935796492,126,126,126,1,0,0.126984126984,0.793650793651,0.0793650793651,126,1554,0.0986666666667,3.88304588006,24.6666666667,13.1694915254,13.3965517241,16.9875248344,0.688683439233,0.387591673306,13.4402380931,1.08974903458,0.564983350698,8.8940429502,0.721138617584,0.408387979817,1.47449628859,0.379726723333,6,3.88304588006,1.47449628859,6,0.401355962109,0.494781637526,8565,0.0263133640553,0.104633763367,126,126,126,1,0,0.0634920634921,0.857142857143,0.0793650793651,-187,-0.011873015873,0.532834925192,-2.96825396825,-1.46076057542,-1.357685564,-2.35304523975,-0.0111763624166,-0.00205850037638,-2.17227011979,-0.0401625305153,-0.0138711664108,-0.258356336239,0.0587593469971,0.0310323276189,0.276706017032,0.0221999025772,1.65743393372,0.532834925192,0.276706017032,1.65743393372,-0.105763873843,-0.0691277873124,-3563,-0.0109462365591,-0.00538291812191,0.00793650793651,-0.0238095238095,0.015873015873,1534,20,207,13989,0.881102814474,0.998572346349,0.00142765365122,0.118897185526,0.98712998713,0.881102814474,0.931107738998,0.924946854282,0.879675160823,0.8710959682,394,581,0,3,1,3
120,WLNM_dir_neg_kfold,0.853288738924,0.278509249987,00:00:27,10,66.6666666667,14,13359,threshold_sweep,0.3,0.953488372093,0.635111876076,0.762396694215,369,18,212,1144,0.635111876076,0.984509466437,0.0154905335628,0.364888123924,0.953488372093,0.635111876076,0.762396694215,0.868043602983,0.592656339644,0.676056338028,0.702800677242,0.619621342513,1779,1198,581,0,1779,0,1198,0,581,126,1741,0.11053968254,3.35021095487,27.6349206349,14.6302521008,14.7542372881,19.3405700742,0.69985980165,0.389650173682,15.6125082129,1.12991156509,0.578854517108,9.15239928644,0.662379270587,0.377355652198,1.19779027155,0.357526820756,4.34256606628,3.35021095487,1.19779027155,4.34256606628,0.507119835952,0.563909424838,12128,0.0372596006144,0.110016681489,126,126,126,1,0,0.0555555555556,0.880952380952,0.0634920634921,126,0.0736507936508,2.91548800933,18.4126984127,10.5454545455,10,13.0250649695,0.707395769897,0.395874384236,10.40485845,1.13018290061,0.58416803503,6.49839052113,0.705859660054,0.398275862069,1.15823659145,0.397270229803,3.98797667635,2.91548800933,1.15823659145,3.98797667635,0.320488422322,0.376834562117,3646,0.0112012288786,0.0759935796492,126,126,126,1,0,0.126984126984,0.793650793651,0.0793650793651,126,1547,0.0982222222222,3.79794252235,24.5555555556,13.452173913,13.3362068966,17.0235392586,0.693266304649,0.390002154708,13.4845920302,1.09829256355,0.570305045095,8.83233956674,0.719376073309,0.408065790419,1.48943277725,0.392168330217,6,3.79794252235,1.48943277725,6,0.409677493849,0.497155132373,8563,0.0263072196621,0.105759160077,126,126,126,1,0,0.0873015873016,0.833333333333,0.0793650793651,-194,-0.0123174603175,0.447731567479,-3.07936507937,-1.1780781878,-1.41803039158,-2.31703081557,-0.0065934970012,0.000351981025698,-2.12791618267,-0.0316190015438,-0.00854947201343,-0.320059719698,0.0569968027226,0.030710138221,0.291642505696,0.0346415094618,1.65743393372,0.447731567479,0.291642505696,1.65743393372,-0.0974423421024,-0.066754292465,-3565,-0.0109523809524,-0.00425752141128,0.031746031746,-0.047619047619,0.015873015873,1529,18,212,13991,0.878230901781,0.998715111714,0.0012848882861,0.121769098219,0.9883645766,0.878230901781,0.9300486618,0.923933280768,0.876946013494,0.869243888573,387,581,0,3,1,3
121,WLNM_dir_neg_kfold,0.853288738924,0.278509249987,00:00:27,10,66.6666666667,14,13359,threshold_sweep,0.4,0.958441558442,0.635111876076,0.76397515528,369,16,212,1146,0.635111876076,0.986230636833,0.013769363167,0.364888123924,0.958441558442,0.635111876076,0.76397515528,0.869191049914,0.593038821954,0.678571428571,0.706060555439,0.621342512909,1779,1198,581,0,1779,0,1198,0,581,126,1741,0.11053968254,3.35021095487,27.6349206349,14.6302521008,14.7542372881,19.3405700742,0.69985980165,0.389650173682,15.6125082129,1.12991156509,0.578854517108,9.15239928644,0.662379270587,0.377355652198,1.19779027155,0.357526820756,4.34256606628,3.35021095487,1.19779027155,4.34256606628,0.507119835952,0.563909424838,12128,0.0372596006144,0.110016681489,126,126,126,1,0,0.0555555555556,0.880952380952,0.0634920634921,126,0.0736507936508,2.91548800933,18.4126984127,10.5454545455,10,13.0250649695,0.707395769897,0.395874384236,10.40485845,1.13018290061,0.58416803503,6.49839052113,0.705859660054,0.398275862069,1.15823659145,0.397270229803,3.98797667635,2.91548800933,1.15823659145,3.98797667635,0.320488422322,0.376834562117,3646,0.0112012288786,0.0759935796492,126,126,126,1,0,0.126984126984,0.793650793651,0.0793650793651,126,1545,0.0980952380952,3.17491918805,24.5238095238,13.5526315789,13.3189655172,17.0381756233,0.694760559398,0.390825499563,13.492029393,1.1003208437,0.571372065547,8.83554509597,0.720568726273,0.408655673704,1.23180789629,0.387980866071,4.26242347667,3.17491918805,1.23180789629,4.26242347667,0.411396392235,0.497434308619,8563,0.0263072196621,0.106874679815,126,126,126,1,0,0.0952380952381,0.825396825397,0.0793650793651,-196,-0.0124444444444,-0.175291766814,-3.11111111111,-1.07762052189,-1.43527177089,-2.30239445083,-0.00509924225191,0.00117532588102,-2.12047881987,-0.0295907213885,-0.00748245156157,-0.316854190473,0.0581894556864,0.0313000215065,0.0340176247334,0.0304540453158,-0.0801425896024,-0.175291766814,0.0340176247334,-0.0801425896024,-0.0957234437168,-0.0664751162196,-3565,-0.0109523809524,-0.00314200167345,0.0396825396825,-0.0555555555556,0.015873015873,1529,16,212,13993,0.878230901781,0.998857877079,0.00114212292098,0.121769098219,0.989644012945,0.878230901781,0.930614729154,0.924616516774,0.87708877886,0.870233352305,385,581,0,3,1,3
122,WLNM_dir_neg_kfold,0.853288738924,0.278509249987,00:00:27,10,66.6666666667,14,13359,threshold_sweep,0.5,0.958441558442,0.635111876076,0.76397515528,369,16,212,1146,0.635111876076,0.986230636833,0.013769363167,0.364888123924,0.958441558442,0.635111876076,0.76397515528,0.869191049914,0.593038821954,0.678571428571,0.706060555439,0.621342512909,1779,1198,581,0,1779,0,1198,0,581,126,1741,0.11053968254,3.35021095487,27.6349206349,14.6302521008,14.7542372881,19.3405700742,0.69985980165,0.389650173682,15.6125082129,1.12991156509,0.578854517108,9.15239928644,0.662379270587,0.377355652198,1.19779027155,0.357526820756,4.34256606628,3.35021095487,1.19779027155,4.34256606628,0.507119835952,0.563909424838,12128,0.0372596006144,0.110016681489,126,126,126,1,0,0.0555555555556,0.880952380952,0.0634920634921,126,0.0736507936508,2.91548800933,18.4126984127,10.5454545455,10,13.0250649695,0.707395769897,0.395874384236,10.40485845,1.13018290061,0.58416803503,6.49839052113,0.705859660054,0.398275862069,1.15823659145,0.397270229803,3.98797667635,2.91548800933,1.15823659145,3.98797667635,0.320488422322,0.376834562117,3646,0.0112012288786,0.0759935796492,126,126,126,1,0,0.126984126984,0.793650793651,0.0793650793651,126,1545,0.0980952380952,3.17491918805,24.5238095238,13.5526315789,13.3189655172,17.0381756233,0.694760559398,0.390825499563,13.492029393,1.1003208437,0.571372065547,8.83554509597,0.720568726273,0.408655673704,1.23180789629,0.387980866071,4.26242347667,3.17491918805,1.23180789629,4.26242347667,0.411396392235,0.497434308619,8563,0.0263072196621,0.106874679815,126,126,126,1,0,0.0952380952381,0.825396825397,0.0793650793651,-196,-0.0124444444444,-0.175291766814,-3.11111111111,-1.07762052189,-1.43527177089,-2.30239445083,-0.00509924225191,0.00117532588102,-2.12047881987,-0.0295907213885,-0.00748245156157,-0.316854190473,0.0581894556864,0.0313000215065,0.0340176247334,0.0304540453158,-0.0801425896024,-0.175291766814,0.0340176247334,-0.0801425896024,-0.0957234437168,-0.0664751162196,-3565,-0.0109523809524,-0.00314200167345,0.0396825396825,-0.0555555555556,0.015873015873,1529,16,212,13993,0.878230901781,0.998857877079,0.00114212292098,0.121769098219,0.989644012945,0.878230901781,0.930614729154,0.924616516774,0.87708877886,0.870233352305,385,581,0,3,1,3
123,WLNM_dir_neg_kfold,0.853288738924,0.278509249987,00:00:27,10,66.6666666667,14,13359,threshold_sweep,0.6,0.958441558442,0.635111876076,0.76397515528,369,16,212,1146,0.635111876076,0.986230636833,0.013769363167,0.364888123924,0.958441558442,0.635111876076,0.76397515528,0.869191049914,0.593038821954,0.678571428571,0.706060555439,0.621342512909,1779,1198,581,0,1779,0,1198,0,581,126,1741,0.11053968254,3.35021095487,27.6349206349,14.6302521008,14.7542372881,19.3405700742,0.69985980165,0.389650173682,15.6125082129,1.12991156509,0.578854517108,9.15239928644,0.662379270587,0.377355652198,1.19779027155,0.357526820756,4.34256606628,3.35021095487,1.19779027155,4.34256606628,0.507119835952,0.563909424838,12128,0.0372596006144,0.110016681489,126,126,126,1,0,0.0555555555556,0.880952380952,0.0634920634921,126,0.0736507936508,2.91548800933,18.4126984127,10.5454545455,10,13.0250649695,0.707395769897,0.395874384236,10.40485845,1.13018290061,0.58416803503,6.49839052113,0.705859660054,0.398275862069,1.15823659145,0.397270229803,3.98797667635,2.91548800933,1.15823659145,3.98797667635,0.320488422322,0.376834562117,3646,0.0112012288786,0.0759935796492,126,126,126,1,0,0.126984126984,0.793650793651,0.0793650793651,126,1545,0.0980952380952,3.17491918805,24.5238095238,13.5526315789,13.3189655172,17.0381756233,0.694760559398,0.390825499563,13.492029393,1.1003208437,0.571372065547,8.83554509597,0.720568726273,0.408655673704,1.23180789629,0.387980866071,4.26242347667,3.17491918805,1.23180789629,4.26242347667,0.411396392235,0.497434308619,8563,0.0263072196621,0.106874679815,126,126,126,1,0,0.0952380952381,0.825396825397,0.0793650793651,-196,-0.0124444444444,-0.175291766814,-3.11111111111,-1.07762052189,-1.43527177089,-2.30239445083,-0.00509924225191,0.00117532588102,-2.12047881987,-0.0295907213885,-0.00748245156157,-0.316854190473,0.0581894556864,0.0313000215065,0.0340176247334,0.0304540453158,-0.0801425896024,-0.175291766814,0.0340176247334,-0.0801425896024,-0.0957234437168,-0.0664751162196,-3565,-0.0109523809524,-0.00314200167345,0.0396825396825,-0.0555555555556,0.015873015873,1529,16,212,13993,0.878230901781,0.998857877079,0.00114212292098,0.121769098219,0.989644012945,0.878230901781,0.930614729154,0.924616516774,0.87708877886,0.870233352305,385,581,0,3,1,3
124,WLNM_dir_neg_kfold,0.853288738924,0.278509249987,00:00:27,10,66.6666666667,14,13359,threshold_sweep,0.7,0.960732984293,0.631669535284,0.76220145379,367,15,214,1147,0.631669535284,0.987091222031,0.012908777969,0.368330464716,0.960732984293,0.631669535284,0.76220145379,0.868617326449,0.59361254542,0.676705882353,0.70510395144,0.618760757315,1779,1198,581,0,1779,0,1198,0,581,126,1741,0.11053968254,3.35021095487,27.6349206349,14.6302521008,14.7542372881,19.3405700742,0.69985980165,0.389650173682,15.6125082129,1.12991156509,0.578854517108,9.15239928644,0.662379270587,0.377355652198,1.19779027155,0.357526820756,4.34256606628,3.35021095487,1.19779027155,4.34256606628,0.507119835952,0.563909424838,12128,0.0372596006144,0.110016681489,126,126,126,1,0,0.0555555555556,0.880952380952,0.0634920634921,126,0.0736507936508,2.91548800933,18.4126984127,10.5454545455,10,13.0250649695,0.707395769897,0.395874384236,10.40485845,1.13018290061,0.58416803503,6.49839052113,0.705859660054,0.398275862069,1.15823659145,0.397270229803,3.98797667635,2.91548800933,1.15823659145,3.98797667635,0.320488422322,0.376834562117,3646,0.0112012288786,0.0759935796492,126,126,126,1,0,0.126984126984,0.793650793651,0.0793650793651,126,1542,0.0979047619048,3.14957739154,24.4761904762,13.6460176991,13.2931034483,17.0442784703,0.696361571742,0.391575566673,13.5058082743,1.10358744654,0.572797644782,8.81038348444,0.719914603787,0.40839561073,1.22611746724,0.389295868879,4.22920779092,3.14957739154,1.22611746724,4.22920779092,0.411857206486,0.498060512025,8560,0.0262980030722,0.106977080366,126,126,126,1,0,0.103174603175,0.81746031746,0.0793650793651,-199,-0.0126349206349,-0.200633563326,-3.15873015873,-0.984234401725,-1.46113383986,-2.29629160391,-0.00349822990809,0.0019253929905,-2.10669993859,-0.0263241185531,-0.00605687232631,-0.342015802001,0.0575353332001,0.0310399585325,0.0283271956876,0.0317690481235,-0.113358275359,-0.200633563326,0.0283271956876,-0.113358275359,-0.0952626294653,-0.0658489128136,-3568,-0.0109615975422,-0.00303960112263,0.047619047619,-0.0634920634921,0.015873015873,1527,15,214,13994,0.877082136703,0.998929259762,0.00107074023842,0.122917863297,0.990272373541,0.877082136703,0.930246725556,0.924281048392,0.876011396465,0.869589977221,382,581,0,3,1,3
125,WLNM_dir_neg_kfold,0.853288738924,0.278509249987,00:00:27,10,66.6666666667,14,13359,threshold_sweep,0.8,0.968169761273,0.628227194492,0.762004175365,365,12,216,1150,0.628227194492,0.989672977625,0.0103270223752,0.371772805508,0.968169761273,0.628227194492,0.762004175365,0.869191049914,0.594568751195,0.677358490566,0.707478785537,0.617900172117,1779,1198,581,0,1779,0,1198,0,581,126,1741,0.11053968254,3.35021095487,27.6349206349,14.6302521008,14.7542372881,19.3405700742,0.69985980165,0.389650173682,15.6125082129,1.12991156509,0.578854517108,9.15239928644,0.662379270587,0.377355652198,1.19779027155,0.357526820756,4.34256606628,3.35021095487,1.19779027155,4.34256606628,0.507119835952,0.563909424838,12128,0.0372596006144,0.110016681489,126,126,126,1,0,0.0555555555556,0.880952380952,0.0634920634921,126,0.0736507936508,2.91548800933,18.4126984127,10.5454545455,10,13.0250649695,0.707395769897,0.395874384236,10.40485845,1.13018290061,0.58416803503,6.49839052113,0.705859660054,0.398275862069,1.15823659145,0.397270229803,3.98797667635,2.91548800933,1.15823659145,3.98797667635,0.320488422322,0.376834562117,3646,0.0112012288786,0.0759935796492,126,126,126,1,0,0.126984126984,0.793650793651,0.0793650793651,126,1537,0.0975873015873,3.15011369783,24.3968253968,13.6017699115,13.25,17.0716510579,0.699748872248,0.393288306431,13.5215501131,1.10846799886,0.574232425566,8.75992679537,0.718120218749,0.407436668009,1.22648552249,0.389346430047,4.22959616504,3.15011369783,1.22648552249,4.22959616504,0.413411897368,0.498695990658,8541,0.0262396313364,0.106594799261,126,126,126,1,0,0.103174603175,0.81746031746,0.0793650793651,-204,-0.0129523809524,-0.200097257031,-3.2380952381,-1.02848218934,-1.50423728814,-2.26891901631,-0.000110929401893,0.00363813274845,-2.09095809985,-0.0214435662339,-0.0046220915422,-0.392472491065,0.0557409481623,0.0300810158115,0.0286952509389,0.031819609291,-0.112969901235,-0.200097257031,0.0286952509389,-0.112969901235,-0.0937079385838,-0.0652134341806,-3587,-0.011019969278,-0.00342188222733,0.047619047619,-0.0634920634921,0.015873015873,1525,12,216,13997,0.875933371626,0.999143407809,0.000856592190735,0.124066628374,0.992192582954,0.875933371626,0.930445393533,0.924632812531,0.875076779435,0.869937250428,377,581,0,3,1,3
126,WLNM_dir_neg_kfold,0.853288738924,0.278509249987,00:00:27,10,66.6666666667,14,13359,threshold_sweep,0.9,0.970588235294,0.624784853701,0.760209424084,363,11,218,1151,0.624784853701,0.990533562823,0.00946643717728,0.375215146299,0.970588235294,0.624784853701,0.760209424084,0.868617326449,0.595142474661,0.67548417572,0.706567274663,0.615318416523,1779,1198,581,0,1779,0,1198,0,581,126,1741,0.11053968254,3.35021095487,27.6349206349,14.6302521008,14.7542372881,19.3405700742,0.69985980165,0.389650173682,15.6125082129,1.12991156509,0.578854517108,9.15239928644,0.662379270587,0.377355652198,1.19779027155,0.357526820756,4.34256606628,3.35021095487,1.19779027155,4.34256606628,0.507119835952,0.563909424838,12128,0.0372596006144,0.110016681489,126,126,126,1,0,0.0555555555556,0.880952380952,0.0634920634921,126,0.0736507936508,2.91548800933,18.4126984127,10.5454545455,10,13.0250649695,0.707395769897,0.395874384236,10.40485845,1.13018290061,0.58416803503,6.49839052113,0.705859660054,0.398275862069,1.15823659145,0.397270229803,3.98797667635,2.91548800933,1.15823659145,3.98797667635,0.320488422322,0.376834562117,3646,0.0112012288786,0.0759935796492,126,126,126,1,0,0.126984126984,0.793650793651,0.0793650793651,126,1534,0.0973968253968,3.14302550987,24.3492063492,13.5752212389,13.224137931,17.0633255658,0.700775430669,0.393757372571,13.5328219467,1.11156164621,0.575122617495,8.72245778673,0.716446989001,0.406634796465,1.22077567638,0.388407816783,4.21902467335,3.14302550987,1.22077567638,4.21902467335,0.414615049571,0.499492385787,8528,0.0261996927803,0.106201066528,126,126,126,1,0,0.103174603175,0.81746031746,0.0793650793651,-207,-0.0131428571429,-0.207185444997,-3.28571428571,-1.0550308619,-1.5300993571,-2.27724450835,0.000915629019345,0.00410719888859,-2.07968626621,-0.0183499188841,-0.0037318996129,-0.42994149971,0.0540677184146,0.0292791442676,0.022985404828,0.0308809960275,-0.12354139293,-0.207185444997,0.022985404828,-0.12354139293,-0.0925047863804,-0.0644170390516,-3600,-0.0110599078341,-0.0038156149608,0.047619047619,-0.0634920634921,0.015873015873,1523,11,218,13998,0.874784606548,0.999214790492,0.000785209508173,0.125215393452,0.992829204694,0.874784606548,0.930076335878,0.924299459377,0.87399939704,0.869292237443,374,581,0,3,1,3
127,WLNM_dir_neg_kfold,0.936595163541,0.654394494017,00:00:27,10,66.6666666667,15,13360,threshold_sweep,0.1,0.951898734177,0.647160068847,0.770491803279,376,19,205,1143,0.647160068847,0.983648881239,0.0163511187608,0.352839931153,0.951898734177,0.647160068847,0.770491803279,0.871485943775,0.591126410404,0.685687558466,0.710305999502,0.630808950086,1779,1198,581,0,1779,0,1198,0,581,126,1741,0.11053968254,3.35021095487,27.6349206349,14.6302521008,14.7542372881,19.3405700742,0.69985980165,0.389650173682,15.6125082129,1.12991156509,0.578854517108,9.15239928644,0.662379270587,0.377355652198,1.19779027155,0.357526820756,4.34256606628,3.35021095487,1.19779027155,4.34256606628,0.507119835952,0.563909424838,12128,0.0372596006144,0.110016681489,126,126,126,1,0,0.0555555555556,0.880952380952,0.0634920634921,126,0.0736507936508,2.91548800933,18.4126984127,10.5454545455,10,13.0250649695,0.707395769897,0.395874384236,10.40485845,1.13018290061,0.58416803503,6.49839052113,0.705859660054,0.398275862069,1.15823659145,0.397270229803,3.98797667635,2.91548800933,1.15823659145,3.98797667635,0.320488422322,0.376834562117,3646,0.0112012288786,0.0759935796492,126,126,126,1,0,0.126984126984,0.793650793651,0.0793650793651,126,1555,0.0987301587302,3.82260919129,24.6825396825,12.9583333333,13.1779661017,16.7550115696,0.678820404429,0.382248762313,13.2750368427,1.07566214931,0.55785739805,8.92651125438,0.723305735082,0.409467667024,1.27213765486,0.332793019427,4.9074131259,3.82260919129,1.27213765486,4.9074131259,0.409878418682,0.492172097878,8488,0.0260768049155,0.102006314485,126,126,126,1,0,0.047619047619,0.888888888889,0.0634920634921,-186,-0.0118095238095,0.472398236425,-2.95238095238,-1.67191876751,-1.57627118644,-2.58555850453,-0.0210393972211,-0.00740141136927,-2.33747137023,-0.0542494157827,-0.0209971190581,-0.225888032057,0.0609264644951,0.0321120148262,0.0743473833066,-0.0247338013283,0.56484705962,0.472398236425,0.0743473833066,0.56484705962,-0.0972414172698,-0.0717373269607,-3640,-0.0111827956989,-0.00801036700356,-0.00793650793651,0.00793650793651,0,1536,19,205,13990,0.882251579552,0.998643729031,0.00135627096866,0.117748420448,0.987781350482,0.882251579552,0.932038834951,0.925964539017,0.880895308583,0.872727272727,395,581,0,3,1,3
128,WLNM_dir_neg_kfold,0.936595163541,0.654394494017,00:00:27,10,66.6666666667,15,13360,threshold_sweep,0.2,0.961636828645,0.647160068847,0.77366255144,376,15,205,1147,0.647160068847,0.987091222031,0.012908777969,0.352839931153,0.961636828645,0.647160068847,0.77366255144,0.873780837636,0.591891375024,0.690721649485,0.716763308618,0.634251290878,1779,1198,581,0,1779,0,1198,0,581,126,1741,0.11053968254,3.35021095487,27.6349206349,14.6302521008,14.7542372881,19.3405700742,0.69985980165,0.389650173682,15.6125082129,1.12991156509,0.578854517108,9.15239928644,0.662379270587,0.377355652198,1.19779027155,0.357526820756,4.34256606628,3.35021095487,1.19779027155,4.34256606628,0.507119835952,0.563909424838,12128,0.0372596006144,0.110016681489,126,126,126,1,0,0.0555555555556,0.880952380952,0.0634920634921,126,0.0736507936508,2.91548800933,18.4126984127,10.5454545455,10,13.0250649695,0.707395769897,0.395874384236,10.40485845,1.13018290061,0.58416803503,6.49839052113,0.705859660054,0.398275862069,1.15823659145,0.397270229803,3.98797667635,2.91548800933,1.15823659145,3.98797667635,0.320488422322,0.376834562117,3646,0.0112012288786,0.0759935796492,126,126,126,1,0,0.126984126984,0.793650793651,0.0793650793651,126,1551,0.0984761904762,3.39643809927,24.619047619,13.1440677966,13.1440677966,16.7799199726,0.68158282287,0.383766745469,13.2980986826,1.08030975758,0.560534422237,8.90704376162,0.723589628604,0.409479803097,1.19692104936,0.352404788305,4.49173668983,3.39643809927,1.19692104936,4.49173668983,0.408482915562,0.492993778708,8479,0.0260491551459,0.103112826051,126,126,126,1,0,0.0634920634921,0.873015873016,0.0634920634921,-190,-0.0120634920635,0.046227144406,-3.01587301587,-1.48618430423,-1.61016949153,-2.5606501016,-0.0182769787796,-0.00588342821347,-2.31440953035,-0.049601807515,-0.0183200948718,-0.245355524818,0.061210358017,0.0321241508991,-0.000869222190338,-0.00512203245104,0.149170623558,0.046227144406,-0.000869222190338,0.149170623558,-0.0986369203901,-0.0709156461304,-3649,-0.0112104454685,-0.00690385543752,0.00793650793651,-0.00793650793651,0,1536,15,205,13994,0.882251579552,0.998929259762,0.00107074023842,0.117748420448,0.990328820116,0.882251579552,0.933171324423,0.927327672562,0.881180839314,0.874715261959,391,581,0,3,1,3
129,WLNM_dir_neg_kfold,0.936595163541,0.654394494017,00:00:27,10,66.6666666667,15,13360,threshold_sweep,0.3,0.961636828645,0.647160068847,0.77366255144,376,15,205,1147,0.647160068847,0.987091222031,0.012908777969,0.352839931153,0.961636828645,0.647160068847,0.77366255144,0.873780837636,0.591891375024,0.690721649485,0.716763308618,0.634251290878,1779,1198,581,0,1779,0,1198,0,581,126,1741,0.11053968254,3.35021095487,27.6349206349,14.6302521008,14.7542372881,19.3405700742,0.69985980165,0.389650173682,15.6125082129,1.12991156509,0.578854517108,9.15239928644,0.662379270587,0.377355652198,1.19779027155,0.357526820756,4.34256606628,3.35021095487,1.19779027155,4.34256606628,0.507119835952,0.563909424838,12128,0.0372596006144,0.110016681489,126,126,126,1,0,0.0555555555556,0.880952380952,0.0634920634921,126,0.0736507936508,2.91548800933,18.4126984127,10.5454545455,10,13.0250649695,0.707395769897,0.395874384236,10.40485845,1.13018290061,0.58416803503,6.49839052113,0.705859660054,0.398275862069,1.15823659145,0.397270229803,3.98797667635,2.91548800933,1.15823659145,3.98797667635,0.320488422322,0.376834562117,3646,0.0112012288786,0.0759935796492,126,126,126,1,0,0.126984126984,0.793650793651,0.0793650793651,126,1551,0.0984761904762,3.39643809927,24.619047619,13.1440677966,13.1440677966,16.7799199726,0.68158282287,0.383766745469,13.2980986826,1.08030975758,0.560534422237,8.90704376162,0.723589628604,0.409479803097,1.19692104936,0.352404788305,4.49173668983,3.39643809927,1.19692104936,4.49173668983,0.408482915562,0.492993778708,8479,0.0260491551459,0.103112826051,126,126,126,1,0,0.0634920634921,0.873015873016,0.0634920634921,-190,-0.0120634920635,0.046227144406,-3.01587301587,-1.48618430423,-1.61016949153,-2.5606501016,-0.0182769787796,-0.00588342821347,-2.31440953035,-0.049601807515,-0.0183200948718,-0.245355524818,0.061210358017,0.0321241508991,-0.000869222190338,-0.00512203245104,0.149170623558,0.046227144406,-0.000869222190338,0.149170623558,-0.0986369203901,-0.0709156461304,-3649,-0.0112104454685,-0.00690385543752,0.00793650793651,-0.00793650793651,0,1536,15,205,13994,0.882251579552,0.998929259762,0.00107074023842,0.117748420448,0.990328820116,0.882251579552,0.933171324423,0.927327672562,0.881180839314,0.874715261959,391,581,0,3,1,3
130,WLNM_dir_neg_kfold,0.936595163541,0.654394494017,00:00:27,10,66.6666666667,15,13360,threshold_sweep,0.4,0.96875,0.640275387263,0.770984455959,372,12,209,1150,0.640275387263,0.989672977625,0.0103270223752,0.359724612737,0.96875,0.640275387263,0.770984455959,0.873207114171,0.59323006311,0.688293370945,0.716507503246,0.629948364888,1779,1198,581,0,1779,0,1198,0,581,126,1741,0.11053968254,3.35021095487,27.6349206349,14.6302521008,14.7542372881,19.3405700742,0.69985980165,0.389650173682,15.6125082129,1.12991156509,0.578854517108,9.15239928644,0.662379270587,0.377355652198,1.19779027155,0.357526820756,4.34256606628,3.35021095487,1.19779027155,4.34256606628,0.507119835952,0.563909424838,12128,0.0372596006144,0.110016681489,126,126,126,1,0,0.0555555555556,0.880952380952,0.0634920634921,126,0.0736507936508,2.91548800933,18.4126984127,10.5454545455,10,13.0250649695,0.707395769897,0.395874384236,10.40485845,1.13018290061,0.58416803503,6.49839052113,0.705859660054,0.398275862069,1.15823659145,0.397270229803,3.98797667635,2.91548800933,1.15823659145,3.98797667635,0.320488422322,0.376834562117,3646,0.0112012288786,0.0759935796492,126,126,126,1,0,0.126984126984,0.793650793651,0.0793650793651,126,1544,0.0980317460317,3.00944209276,24.5079365079,13.6637168142,13.0847457627,16.8255738835,0.686535721929,0.386395879595,13.346422147,1.08915103013,0.566576198701,8.85973950672,0.723009830212,0.409398388025,1.16105475257,0.385803985184,4.05605466598,3.00944209276,1.16105475257,4.05605466598,0.415262349409,0.494956772334,8473,0.0260307219662,0.10784174369,126,126,126,1,0,0.103174603175,0.833333333333,0.0634920634921,-197,-0.0125079365079,-0.340768862106,-3.12698412698,-0.966535286681,-1.66949152542,-2.5149961907,-0.0133240797209,-0.00325429408698,-2.26608606588,-0.0407605349593,-0.0122783184078,-0.292659779716,0.0606305596252,0.0320427358276,-0.0367355189867,0.0282771644283,-0.286511400299,-0.340768862106,-0.0367355189867,-0.286511400299,-0.0918574865425,-0.0689526525041,-3655,-0.0112288786482,-0.00217493779884,0.047619047619,-0.047619047619,0,1532,12,209,13997,0.879954049397,0.999143407809,0.000856592190735,0.120045950603,0.992227979275,0.879954049397,0.932724505327,0.927001472264,0.879097457206,0.87393040502,384,581,0,3,1,3
131,WLNM_dir_neg_kfold,0.936595163541,0.654394494017,00:00:27,10,66.6666666667,15,13360,threshold_sweep,0.5,0.968253968254,0.629948364888,0.763295099062,366,12,215,1150,0.629948364888,0.989672977625,0.0103270223752,0.370051635112,0.968253968254,0.629948364888,0.763295099062,0.869764773379,0.59437751004,0.678925035361,0.708769911938,0.619621342513,1779,1198,581,0,1779,0,1198,0,581,126,1741,0.11053968254,3.35021095487,27.6349206349,14.6302521008,14.7542372881,19.3405700742,0.69985980165,0.389650173682,15.6125082129,1.12991156509,0.578854517108,9.15239928644,0.662379270587,0.377355652198,1.19779027155,0.357526820756,4.34256606628,3.35021095487,1.19779027155,4.34256606628,0.507119835952,0.563909424838,12128,0.0372596006144,0.110016681489,126,126,126,1,0,0.0555555555556,0.880952380952,0.0634920634921,126,0.0736507936508,2.91548800933,18.4126984127,10.5454545455,10,13.0250649695,0.707395769897,0.395874384236,10.40485845,1.13018290061,0.58416803503,6.49839052113,0.705859660054,0.398275862069,1.15823659145,0.397270229803,3.98797667635,2.91548800933,1.15823659145,3.98797667635,0.320488422322,0.376834562117,3646,0.0112012288786,0.0759935796492,126,126,126,1,0,0.126984126984,0.793650793651,0.0793650793651,126,1538,0.0976507936508,3.00734187689,24.4126984127,13.610619469,13.0338983051,16.8609702408,0.690663930539,0.388599913307,13.3712033626,1.09543018446,0.568848432307,8.80937451611,0.721704284155,0.408890127356,1.15994247197,0.385703561302,4.05686349293,3.00734187689,1.15994247197,4.05686349293,0.416480304729,0.496128578132,8458,0.0259846390169,0.10712919056,126,126,126,1,0,0.103174603175,0.833333333333,0.0634920634921,-203,-0.0128888888889,-0.342869077978,-3.22222222222,-1.01963263181,-1.72033898305,-2.47959983339,-0.0091958711109,-0.00105026037501,-2.24130485028,-0.0344813806378,-0.0100060848009,-0.34302477033,0.059325013568,0.031534475158,-0.0378477995865,0.028176740546,-0.285702573343,-0.342869077978,-0.0378477995865,-0.285702573343,-0.0906395312225,-0.0677808467061,-3670,-0.0112749615975,-0.00288749092873,0.047619047619,-0.047619047619,0,1526,12,215,13997,0.876507754164,0.999143407809,0.000856592190735,0.123492245836,0.992197659298,0.876507754164,0.9307715767,0.92497142078,0.875651161974,0.870507701084,378,581,0,3,1,3
132,WLNM_dir_neg_kfold,0.936595163541,0.654394494017,00:00:27,10,66.6666666667,15,13360,threshold_sweep,0.6,0.970588235294,0.624784853701,0.760209424084,363,11,218,1151,0.624784853701,0.990533562823,0.00946643717728,0.375215146299,0.970588235294,0.624784853701,0.760209424084,0.868617326449,0.595142474661,0.67548417572,0.706567274663,0.615318416523,1779,1198,581,0,1779,0,1198,0,581,126,1741,0.11053968254,3.35021095487,27.6349206349,14.6302521008,14.7542372881,19.3405700742,0.69985980165,0.389650173682,15.6125082129,1.12991156509,0.578854517108,9.15239928644,0.662379270587,0.377355652198,1.19779027155,0.357526820756,4.34256606628,3.35021095487,1.19779027155,4.34256606628,0.507119835952,0.563909424838,12128,0.0372596006144,0.110016681489,126,126,126,1,0,0.0555555555556,0.880952380952,0.0634920634921,126,0.0736507936508,2.91548800933,18.4126984127,10.5454545455,10,13.0250649695,0.707395769897,0.395874384236,10.40485845,1.13018290061,0.58416803503,6.49839052113,0.705859660054,0.398275862069,1.15823659145,0.397270229803,3.98797667635,2.91548800933,1.15823659145,3.98797667635,0.320488422322,0.376834562117,3646,0.0112012288786,0.0759935796492,126,126,126,1,0,0.126984126984,0.793650793651,0.0793650793651,126,1534,0.0973968253968,3.00175461221,24.3492063492,13.5752212389,13.1111111111,16.8320254089,0.691276141303,0.388826804081,13.3734539234,1.09847144351,0.569948883508,8.78460413686,0.721551578386,0.408931934356,1.15941364657,0.386245311945,4.05617138851,3.00175461221,1.15941364657,4.05617138851,0.415734737564,0.495093613848,8409,0.0258341013825,0.106961647255,126,126,126,1,0,0.103174603175,0.825396825397,0.0714285714286,-207,-0.0131428571429,-0.34845634266,-3.28571428571,-1.0550308619,-1.64312617702,-2.50854466529,-0.00858366034653,-0.000823369601298,-2.23905428952,-0.0314401215808,-0.00890563360019,-0.367795149583,0.0591723077992,0.031576282158,-0.0383766249813,0.028718491189,-0.286394677763,-0.34845634266,-0.0383766249813,-0.286394677763,-0.0913850983874,-0.0688158109906,-3719,-0.011425499232,-0.00305503423361,0.047619047619,-0.0555555555556,0.00793650793651,1523,11,218,13998,0.874784606548,0.999214790492,0.000785209508173,0.125215393452,0.992829204694,0.874784606548,0.930076335878,0.924299459377,0.87399939704,0.869292237443,374,581,0,3,1,3
133,WLNM_dir_neg_kfold,0.936595163541,0.654394494017,00:00:27,10,66.6666666667,15,13360,threshold_sweep,0.7,0.975609756098,0.619621342513,0.757894736842,360,9,221,1153,0.619621342513,0.992254733219,0.00774526678141,0.380378657487,0.975609756098,0.619621342513,0.757894736842,0.868043602983,0.596098680436,0.673295454545,0.706070478274,0.611876075731,1779,1198,581,0,1779,0,1198,0,581,126,1741,0.11053968254,3.35021095487,27.6349206349,14.6302521008,14.7542372881,19.3405700742,0.69985980165,0.389650173682,15.6125082129,1.12991156509,0.578854517108,9.15239928644,0.662379270587,0.377355652198,1.19779027155,0.357526820756,4.34256606628,3.35021095487,1.19779027155,4.34256606628,0.507119835952,0.563909424838,12128,0.0372596006144,0.110016681489,126,126,126,1,0,0.0555555555556,0.880952380952,0.0634920634921,126,0.0736507936508,2.91548800933,18.4126984127,10.5454545455,10,13.0250649695,0.707395769897,0.395874384236,10.40485845,1.13018290061,0.58416803503,6.49839052113,0.705859660054,0.398275862069,1.15823659145,0.397270229803,3.98797667635,2.91548800933,1.15823659145,3.98797667635,0.320488422322,0.376834562117,3646,0.0112012288786,0.0759935796492,126,126,126,1,0,0.126984126984,0.793650793651,0.0793650793651,126,1529,0.0970793650794,2.95751224072,24.2698412698,13.9,13.1810344828,16.8700504793,0.695103453366,0.390908052779,13.4028971045,1.10448988565,0.573343922265,8.76935863069,0.722654798867,0.409443873473,1.17078167249,0.395867058931,4.02064447567,2.95751224072,1.17078167249,4.02064447567,0.41462795422,0.496042995511,8399,0.0258033794163,0.109270166736,126,126,126,1,0,0.126984126984,0.793650793651,0.0793650793651,-212,-0.0134603174603,-0.392698714144,-3.36507936508,-0.73025210084,-1.57320280538,-2.47051959485,-0.00475634828371,0.00125787909622,-2.20961110842,-0.0254216794386,-0.00551059484361,-0.38304065575,0.0602755282799,0.032088221275,-0.0270085990669,0.0383402381754,-0.321921590607,-0.392698714144,-0.0270085990669,-0.321921590607,-0.0924918817319,-0.067866429327,-3729,-0.0114562211982,-0.00074651475254,0.0714285714286,-0.0873015873016,0.015873015873,1520,9,221,14000,0.873061458932,0.999357555857,0.000642444143051,0.126938541068,0.994113799869,0.873061458932,0.929663608563,0.923972966679,0.872419014789,0.868571428571,369,581,0,3,1,3
134,WLNM_dir_neg_kfold,0.936595163541,0.654394494017,00:00:27,10,66.6666666667,15,13360,threshold_sweep,0.8,0.98087431694,0.617900172117,0.75818373812,359,7,222,1155,0.617900172117,0.993975903614,0.00602409638554,0.382099827883,0.98087431694,0.617900172117,0.75818373812,0.868617326449,0.596672403901,0.674253200569,0.708185597315,0.611876075731,1779,1198,581,0,1779,0,1198,0,581,126,1741,0.11053968254,3.35021095487,27.6349206349,14.6302521008,14.7542372881,19.3405700742,0.69985980165,0.389650173682,15.6125082129,1.12991156509,0.578854517108,9.15239928644,0.662379270587,0.377355652198,1.19779027155,0.357526820756,4.34256606628,3.35021095487,1.19779027155,4.34256606628,0.507119835952,0.563909424838,12128,0.0372596006144,0.110016681489,126,126,126,1,0,0.0555555555556,0.880952380952,0.0634920634921,126,0.0736507936508,2.91548800933,18.4126984127,10.5454545455,10,13.0250649695,0.707395769897,0.395874384236,10.40485845,1.13018290061,0.58416803503,6.49839052113,0.705859660054,0.398275862069,1.15823659145,0.397270229803,3.98797667635,2.91548800933,1.15823659145,3.98797667635,0.320488422322,0.376834562117,3646,0.0112012288786,0.0759935796492,126,126,126,1,0,0.126984126984,0.793650793651,0.0793650793651,126,1526,0.0968888888889,2.96738820311,24.2222222222,13.8727272727,13.1551724138,16.897284463,0.697594312691,0.39213422372,13.4171366377,1.10783697009,0.574809128544,8.76650189959,0.723839606388,0.409983565292,1.17951175635,0.397491556757,4.03358148228,2.96738820311,1.17951175635,4.03358148228,0.414368211671,0.495927905188,8383,0.0257542242704,0.109443874808,126,126,126,1,0,0.126984126984,0.793650793651,0.0793650793651,-215,-0.0136507936508,-0.38282275176,-3.4126984127,-0.757524828113,-1.59906487434,-2.4432856112,-0.00226548895877,0.00248405003773,-2.19537157519,-0.0220745950055,-0.00404538856401,-0.385897386847,0.0614603358017,0.0326279130939,-0.0182785152,0.039964736001,-0.308984583993,-0.38282275176,-0.0182785152,-0.308984583993,-0.0927516242808,-0.0679815196502,-3745,-0.0115053763441,-0.000572806680525,0.0714285714286,-0.0873015873016,0.015873015873,1519,7,222,14002,0.872487076393,0.999500321222,0.000499678777928,0.127512923607,0.995412844037,0.872487076393,0.929905111723,0.924325688448,0.871987397615,0.868993135011,366,581,0,3,1,3
135,WLNM_dir_neg_kfold,0.936595163541,0.654394494017,00:00:27,10,66.6666666667,15,13360,threshold_sweep,0.9,0.98347107438,0.614457831325,0.756355932203,357,6,224,1156,0.614457831325,0.994836488812,0.00516351118761,0.385542168675,0.98347107438,0.614457831325,0.756355932203,0.868043602983,0.597246127367,0.672364672365,0.707335416915,0.609294320138,1779,1198,581,0,1779,0,1198,0,581,126,1741,0.11053968254,3.35021095487,27.6349206349,14.6302521008,14.7542372881,19.3405700742,0.69985980165,0.389650173682,15.6125082129,1.12991156509,0.578854517108,9.15239928644,0.662379270587,0.377355652198,1.19779027155,0.357526820756,4.34256606628,3.35021095487,1.19779027155,4.34256606628,0.507119835952,0.563909424838,12128,0.0372596006144,0.110016681489,126,126,126,1,0,0.0555555555556,0.880952380952,0.0634920634921,126,0.0736507936508,2.91548800933,18.4126984127,10.5454545455,10,13.0250649695,0.707395769897,0.395874384236,10.40485845,1.13018290061,0.58416803503,6.49839052113,0.705859660054,0.398275862069,1.15823659145,0.397270229803,3.98797667635,2.91548800933,1.15823659145,3.98797667635,0.320488422322,0.376834562117,3646,0.0112012288786,0.0759935796492,126,126,126,1,0,0.126984126984,0.793650793651,0.0793650793651,126,1523,0.0966984126984,2.96485287325,24.1746031746,13.8454545455,13.1293103448,16.8817436849,0.698325575933,0.392468915778,13.4056822825,1.109071548,0.57519619798,8.75535935644,0.724343584314,0.410066806324,1.17746994404,0.397142790681,4.0301262354,2.96485287325,1.17746994404,4.0301262354,0.414364627251,0.494054096836,8323,0.0255698924731,0.10950484989,126,126,126,1,0,0.126984126984,0.793650793651,0.0793650793651,-218,-0.0138412698413,-0.385358081618,-3.46031746032,-0.784797555386,-1.62492694331,-2.45882638931,-0.00153422571672,0.00281874209583,-2.20682593038,-0.0208400170963,-0.00365831912822,-0.397039930004,0.0619643137278,0.0327111541265,-0.0203203275126,0.0396159699258,-0.312439830873,-0.385358081618,-0.0203203275126,-0.312439830873,-0.0927552087011,-0.0698553280023,-3805,-0.0116897081413,-0.000511831598537,0.0714285714286,-0.0873015873016,0.015873015873,1517,6,224,14003,0.871338311315,0.999571703905,0.000428296095367,0.128661688685,0.996060407091,0.871338311315,0.929534313725,0.92399499891,0.87091001522,0.868345735547,363,581,0,3,1,3
136,WLNM_dir_neg_kfold,0.791478429084,0.576955726339,00:00:27,10,66.6666666667,16,13361,threshold_sweep,0.1,0.926470588235,0.650602409639,0.764408493428,378,30,203,1132,0.650602409639,0.974182444062,0.025817555938,0.349397590361,0.926470588235,0.650602409639,0.764408493428,0.866322432587,0.588640275387,0.675034867503,0.695586121825,0.624784853701,1779,1198,581,0,1779,0,1198,0,581,126,1741,0.11053968254,3.35021095487,27.6349206349,14.6302521008,14.7542372881,19.3405700742,0.69985980165,0.389650173682,15.6125082129,1.12991156509,0.578854517108,9.15239928644,0.662379270587,0.377355652198,1.19779027155,0.357526820756,4.34256606628,3.35021095487,1.19779027155,4.34256606628,0.507119835952,0.563909424838,12128,0.0372596006144,0.110016681489,126,126,126,1,0,0.0555555555556,0.880952380952,0.0634920634921,126,0.0736507936508,2.91548800933,18.4126984127,10.5454545455,10,13.0250649695,0.707395769897,0.395874384236,10.40485845,1.13018290061,0.58416803503,6.49839052113,0.705859660054,0.398275862069,1.15823659145,0.397270229803,3.98797667635,2.91548800933,1.15823659145,3.98797667635,0.320488422322,0.376834562117,3646,0.0112012288786,0.0759935796492,126,126,126,1,0,0.126984126984,0.793650793651,0.0793650793651,126,1568,0.0995555555556,1,24.8888888889,12.7479674797,13.4017094017,16.8728052071,0.677925209212,0.382334183673,13.2662311486,1.06603643159,0.551486070619,8.99649314394,0.722932484781,0.409145205701,0,0,0,NaN,NaN,NaN,0.403190883599,0.48737669929,8449,0.0259569892473,0.103477892109,126,126,0,1,2,0.0238095238095,0.904761904762,0.0714285714286,-173,-0.0109841269841,-2.35021095487,-2.74603174603,-1.88228462117,-1.35252788643,-2.4677648671,-0.0219345924374,-0.00731599000887,-2.34627706429,-0.063875133507,-0.0273684464897,-0.155906142503,0.0605532141939,0.0317895535036,-1.19779027155,-0.357526820756,-4.34256606628,NaN,NaN,NaN,-0.103928952353,-0.0765327255479,-3679,-0.0113026113671,-0.00653878937979,-0.031746031746,0.0238095238095,0.00793650793651,1538,30,203,13979,0.88340034463,0.997858519523,0.00214148047684,0.11659965537,0.980867346939,0.88340034463,0.929585977637,0.922921327092,0.881258864153,0.868435911914,408,581,0,3,1,3
137,WLNM_dir_neg_kfold,0.791478429084,0.576955726339,00:00:27,10,66.6666666667,16,13361,threshold_sweep,0.2,0.937655860349,0.647160068847,0.765784114053,376,25,205,1137,0.647160068847,0.978485370052,0.0215146299484,0.352839931153,0.937655860349,0.647160068847,0.765784114053,0.868043602983,0.589978963473,0.678171641791,0.700762686333,0.625645438898,1779,1198,581,0,1779,0,1198,0,581,126,1741,0.11053968254,3.35021095487,27.6349206349,14.6302521008,14.7542372881,19.3405700742,0.69985980165,0.389650173682,15.6125082129,1.12991156509,0.578854517108,9.15239928644,0.662379270587,0.377355652198,1.19779027155,0.357526820756,4.34256606628,3.35021095487,1.19779027155,4.34256606628,0.507119835952,0.563909424838,12128,0.0372596006144,0.110016681489,126,126,126,1,0,0.0555555555556,0.880952380952,0.0634920634921,126,0.0736507936508,2.91548800933,18.4126984127,10.5454545455,10,13.0250649695,0.707395769897,0.395874384236,10.40485845,1.13018290061,0.58416803503,6.49839052113,0.705859660054,0.398275862069,1.15823659145,0.397270229803,3.98797667635,2.91548800933,1.15823659145,3.98797667635,0.320488422322,0.376834562117,3646,0.0112012288786,0.0759935796492,126,126,126,1,0,0.126984126984,0.793650793651,0.0793650793651,126,1561,0.0991111111111,1,24.7777777778,12.9008264463,13.3418803419,16.8797577655,0.681245829101,0.383870738131,13.2972010422,1.07331667605,0.556313108203,8.97460615044,0.724407671336,0.410202047934,0,0,0,NaN,NaN,NaN,0.402781003899,0.487571701721,8415,0.0258525345622,0.104896535575,126,126,0,1,2,0.0396825396825,0.888888888889,0.0714285714286,-180,-0.0114285714286,-2.35021095487,-2.85714285714,-1.72942565456,-1.41235694626,-2.46081230866,-0.0186139725486,-0.00577943555151,-2.31530717076,-0.0565948890448,-0.0225414089055,-0.177793135997,0.0620284007495,0.0328463957366,-1.19779027155,-0.357526820756,-4.34256606628,NaN,NaN,NaN,-0.104338832053,-0.0763377231176,-3713,-0.0114070660522,-0.00512014591362,-0.015873015873,0.00793650793651,0.00793650793651,1536,25,205,13984,0.882251579552,0.998215432936,0.00178456706403,0.117748420448,0.98398462524,0.882251579552,0.930345245306,0.92392920818,0.880467012488,0.869762174405,401,581,0,3,1,3
138,WLNM_dir_neg_kfold,0.791478429084,0.576955726339,00:00:27,10,66.6666666667,16,13361,threshold_sweep,0.3,0.946291560102,0.636833046472,0.761316872428,370,21,211,1141,0.636833046472,0.981927710843,0.0180722891566,0.363166953528,0.946291560102,0.636833046472,0.761316872428,0.866896156053,0.591891375024,0.673851921275,0.699257556169,0.618760757315,1779,1198,581,0,1779,0,1198,0,581,126,1741,0.11053968254,3.35021095487,27.6349206349,14.6302521008,14.7542372881,19.3405700742,0.69985980165,0.389650173682,15.6125082129,1.12991156509,0.578854517108,9.15239928644,0.662379270587,0.377355652198,1.19779027155,0.357526820756,4.34256606628,3.35021095487,1.19779027155,4.34256606628,0.507119835952,0.563909424838,12128,0.0372596006144,0.110016681489,126,126,126,1,0,0.0555555555556,0.880952380952,0.0634920634921,126,0.0736507936508,2.91548800933,18.4126984127,10.5454545455,10,13.0250649695,0.707395769897,0.395874384236,10.40485845,1.13018290061,0.58416803503,6.49839052113,0.705859660054,0.398275862069,1.15823659145,0.397270229803,3.98797667635,2.91548800933,1.15823659145,3.98797667635,0.320488422322,0.376834562117,3646,0.0112012288786,0.0759935796492,126,126,126,1,0,0.126984126984,0.793650793651,0.0793650793651,126,1551,0.0984761904762,1,24.619047619,13.0336134454,13.2564102564,16.9057893719,0.686695506401,0.386632280249,13.3497351499,1.08450459631,0.562356083633,8.87374940887,0.720884864937,0.408896462088,0,0,0,NaN,NaN,NaN,0.409587266057,0.490025664956,8401,0.0258095238095,0.105422552747,126,126,0,1,2,0.0555555555556,0.873015873016,0.0714285714286,-190,-0.0120634920635,-2.35021095487,-3.01587301587,-1.59663865546,-1.49782703173,-2.4347807023,-0.0131642952493,-0.00301789343304,-2.26277306306,-0.0454069687797,-0.0164984334757,-0.278649877569,0.0585055943506,0.0315408098903,-1.19779027155,-0.357526820756,-4.34256606628,NaN,NaN,NaN,-0.0975325698943,-0.0738837598828,-3727,-0.0114500768049,-0.00459412874196,0,-0.00793650793651,0.00793650793651,1530,21,211,13988,0.878805284319,0.998500963666,0.00149903633379,0.121194715681,0.986460348162,0.878805284319,0.929526123937,0.923250171556,0.877306247986,0.868331441544,391,581,0,3,1,3
139,WLNM_dir_neg_kfold,0.791478429084,0.576955726339,00:00:27,10,66.6666666667,16,13361,threshold_sweep,0.4,0.953608247423,0.636833046472,0.763673890609,370,18,211,1144,0.636833046472,0.984509466437,0.0154905335628,0.363166953528,0.953608247423,0.636833046472,0.763673890609,0.868617326449,0.592465098489,0.677616142656,0.70410380187,0.621342512909,1779,1198,581,0,1779,0,1198,0,581,126,1741,0.11053968254,3.35021095487,27.6349206349,14.6302521008,14.7542372881,19.3405700742,0.69985980165,0.389650173682,15.6125082129,1.12991156509,0.578854517108,9.15239928644,0.662379270587,0.377355652198,1.19779027155,0.357526820756,4.34256606628,3.35021095487,1.19779027155,4.34256606628,0.507119835952,0.563909424838,12128,0.0372596006144,0.110016681489,126,126,126,1,0,0.0555555555556,0.880952380952,0.0634920634921,126,0.0736507936508,2.91548800933,18.4126984127,10.5454545455,10,13.0250649695,0.707395769897,0.395874384236,10.40485845,1.13018290061,0.58416803503,6.49839052113,0.705859660054,0.398275862069,1.15823659145,0.397270229803,3.98797667635,2.91548800933,1.15823659145,3.98797667635,0.320488422322,0.376834562117,3646,0.0112012288786,0.0759935796492,126,126,126,1,0,0.126984126984,0.793650793651,0.0793650793651,126,1548,0.0982857142857,1,24.5714285714,13.1186440678,13.2307692308,16.8956461002,0.687613504077,0.386976539108,13.3661405905,1.08794167597,0.564240597186,8.84611294783,0.720032449242,0.408340511054,0,0,0,NaN,NaN,NaN,0.408281207085,0.49076439954,8387,0.0257665130568,0.105063996167,126,126,0,1,2,0.0634920634921,0.865079365079,0.0714285714286,-193,-0.012253968254,-2.35021095487,-3.06349206349,-1.51160803304,-1.52346805737,-2.44492397397,-0.0122462975723,-0.00267363457402,-2.24636762239,-0.0419698891203,-0.0146139199221,-0.306286338612,0.0576531786551,0.030984858856,-1.19779027155,-0.357526820756,-4.34256606628,NaN,NaN,NaN,-0.0988386288663,-0.0731450252987,-3741,-0.0114930875576,-0.0049526853216,0.00793650793651,-0.015873015873,0.00793650793651,1530,18,211,13991,0.878805284319,0.998715111714,0.0012848882861,0.121194715681,0.988372093023,0.878805284319,0.930373973852,0.924272305779,0.877520396033,0.869812393405,388,581,0,3,1,3
140,WLNM_dir_neg_kfold,0.791478429084,0.576955726339,00:00:27,10,66.6666666667,16,13361,threshold_sweep,0.5,0.958549222798,0.636833046472,0.76525336091,370,16,211,1146,0.636833046472,0.986230636833,0.013769363167,0.363166953528,0.958549222798,0.636833046472,0.76525336091,0.869764773379,0.592847580799,0.680131517144,0.707359176888,0.623063683305,1779,1198,581,0,1779,0,1198,0,581,126,1741,0.11053968254,3.35021095487,27.6349206349,14.6302521008,14.7542372881,19.3405700742,0.69985980165,0.389650173682,15.6125082129,1.12991156509,0.578854517108,9.15239928644,0.662379270587,0.377355652198,1.19779027155,0.357526820756,4.34256606628,3.35021095487,1.19779027155,4.34256606628,0.507119835952,0.563909424838,12128,0.0372596006144,0.110016681489,126,126,126,1,0,0.0555555555556,0.880952380952,0.0634920634921,126,0.0736507936508,2.91548800933,18.4126984127,10.5454545455,10,13.0250649695,0.707395769897,0.395874384236,10.40485845,1.13018290061,0.58416803503,6.49839052113,0.705859660054,0.398275862069,1.15823659145,0.397270229803,3.98797667635,2.91548800933,1.15823659145,3.98797667635,0.320488422322,0.376834562117,3646,0.0112012288786,0.0759935796492,126,126,126,1,0,0.126984126984,0.793650793651,0.0793650793651,126,1546,0.0981587301587,3.55725596142,24.5396825397,13.3275862069,13.2136752137,16.9009589284,0.688719542359,0.38745148771,13.3802318057,1.09049754691,0.566079385614,8.83213468956,0.719824690094,0.408088461775,1.3189159395,0.370767792309,5.03807015435,3.55725596142,1.3189159395,5.03807015435,0.408062645077,0.490943160525,8384,0.025757296467,0.106009761103,126,126,126,1,0,0.0793650793651,0.849206349206,0.0714285714286,-195,-0.012380952381,0.207045006559,-3.09523809524,-1.30266589394,-1.54056207446,-2.4396111458,-0.0111402592907,-0.00219868597212,-2.2322764072,-0.0394140181854,-0.0127751314947,-0.320264596875,0.0574454195072,0.0307328095777,0.121125667943,0.0132409715537,0.695504088069,0.207045006559,0.121125667943,0.695504088069,-0.099057190875,-0.0729662643138,-3744,-0.0115023041475,-0.00400692038596,0.0238095238095,-0.031746031746,0.00793650793651,1530,16,211,13993,0.878805284319,0.998857877079,0.00114212292098,0.121194715681,0.989650711514,0.878805284319,0.93094006693,0.924955302615,0.877663161398,0.870802504269,386,581,0,3,1,3
141,WLNM_dir_neg_kfold,0.791478429084,0.576955726339,00:00:27,10,66.6666666667,16,13361,threshold_sweep,0.6,0.958549222798,0.636833046472,0.76525336091,370,16,211,1146,0.636833046472,0.986230636833,0.013769363167,0.363166953528,0.958549222798,0.636833046472,0.76525336091,0.869764773379,0.592847580799,0.680131517144,0.707359176888,0.623063683305,1779,1198,581,0,1779,0,1198,0,581,126,1741,0.11053968254,3.35021095487,27.6349206349,14.6302521008,14.7542372881,19.3405700742,0.69985980165,0.389650173682,15.6125082129,1.12991156509,0.578854517108,9.15239928644,0.662379270587,0.377355652198,1.19779027155,0.357526820756,4.34256606628,3.35021095487,1.19779027155,4.34256606628,0.507119835952,0.563909424838,12128,0.0372596006144,0.110016681489,126,126,126,1,0,0.0555555555556,0.880952380952,0.0634920634921,126,0.0736507936508,2.91548800933,18.4126984127,10.5454545455,10,13.0250649695,0.707395769897,0.395874384236,10.40485845,1.13018290061,0.58416803503,6.49839052113,0.705859660054,0.398275862069,1.15823659145,0.397270229803,3.98797667635,2.91548800933,1.15823659145,3.98797667635,0.320488422322,0.376834562117,3646,0.0112012288786,0.0759935796492,126,126,126,1,0,0.126984126984,0.793650793651,0.0793650793651,126,1546,0.0981587301587,3.55725596142,24.5396825397,13.3275862069,13.2136752137,16.9009589284,0.688719542359,0.38745148771,13.3802318057,1.09049754691,0.566079385614,8.83213468956,0.719824690094,0.408088461775,1.3189159395,0.370767792309,5.03807015435,3.55725596142,1.3189159395,5.03807015435,0.408062645077,0.490943160525,8384,0.025757296467,0.106009761103,126,126,126,1,0,0.0793650793651,0.849206349206,0.0714285714286,-195,-0.012380952381,0.207045006559,-3.09523809524,-1.30266589394,-1.54056207446,-2.4396111458,-0.0111402592907,-0.00219868597212,-2.2322764072,-0.0394140181854,-0.0127751314947,-0.320264596875,0.0574454195072,0.0307328095777,0.121125667943,0.0132409715537,0.695504088069,0.207045006559,0.121125667943,0.695504088069,-0.099057190875,-0.0729662643138,-3744,-0.0115023041475,-0.00400692038596,0.0238095238095,-0.031746031746,0.00793650793651,1530,16,211,13993,0.878805284319,0.998857877079,0.00114212292098,0.121194715681,0.989650711514,0.878805284319,0.93094006693,0.924955302615,0.877663161398,0.870802504269,386,581,0,3,1,3
142,WLNM_dir_neg_kfold,0.791478429084,0.576955726339,00:00:27,10,66.6666666667,16,13361,threshold_sweep,0.7,0.958333333333,0.63339070568,0.762694300518,368,16,213,1146,0.63339070568,0.986230636833,0.013769363167,0.36660929432,0.958333333333,0.63339070568,0.762694300518,0.868617326449,0.59323006311,0.677009873061,0.704761478602,0.619621342513,1779,1198,581,0,1779,0,1198,0,581,126,1741,0.11053968254,3.35021095487,27.6349206349,14.6302521008,14.7542372881,19.3405700742,0.69985980165,0.389650173682,15.6125082129,1.12991156509,0.578854517108,9.15239928644,0.662379270587,0.377355652198,1.19779027155,0.357526820756,4.34256606628,3.35021095487,1.19779027155,4.34256606628,0.507119835952,0.563909424838,12128,0.0372596006144,0.110016681489,126,126,126,1,0,0.0555555555556,0.880952380952,0.0634920634921,126,0.0736507936508,2.91548800933,18.4126984127,10.5454545455,10,13.0250649695,0.707395769897,0.395874384236,10.40485845,1.13018290061,0.58416803503,6.49839052113,0.705859660054,0.398275862069,1.15823659145,0.397270229803,3.98797667635,2.91548800933,1.15823659145,3.98797667635,0.320488422322,0.376834562117,3646,0.0112012288786,0.0759935796492,126,126,126,1,0,0.126984126984,0.793650793651,0.0793650793651,126,1544,0.0980317460317,3.55677524833,24.5079365079,13.3103448276,13.1965811966,16.8540777412,0.687698767939,0.386925322806,13.3524149174,1.08964007746,0.565722921293,8.81629083725,0.719464148636,0.407743235463,1.31833930831,0.370655781226,5.0368896312,3.55677524833,1.31833930831,5.0368896312,0.407431332835,0.489783924618,8334,0.0256036866359,0.105912449981,126,126,126,1,0,0.0793650793651,0.849206349206,0.0714285714286,-197,-0.0125079365079,0.206564293462,-3.12698412698,-1.31990727325,-1.55765609155,-2.48649233292,-0.0121610337104,-0.00272485087619,-2.2600932955,-0.0402714876354,-0.0131315958155,-0.336108449189,0.0570848780491,0.0303875832657,0.12054903676,0.0131289604703,0.694323564923,0.206564293462,0.12054903676,0.694323564923,-0.0996885031166,-0.0741255002199,-3794,-0.0116559139785,-0.00410423150757,0.0238095238095,-0.031746031746,0.00793650793651,1528,16,213,13993,0.877656519242,0.998857877079,0.00114212292098,0.122343480758,0.989637305699,0.877656519242,0.930289193303,0.92427765453,0.876514396321,0.869664200341,384,581,0,3,1,3
143,WLNM_dir_neg_kfold,0.791478429084,0.576955726339,00:00:27,10,66.6666666667,16,13361,threshold_sweep,0.8,0.960526315789,0.628227194492,0.759625390219,365,15,216,1147,0.628227194492,0.987091222031,0.012908777969,0.371772805508,0.960526315789,0.628227194492,0.759625390219,0.867469879518,0.59399502773,0.673575129534,0.702508070352,0.615318416523,1779,1198,581,0,1779,0,1198,0,581,126,1741,0.11053968254,3.35021095487,27.6349206349,14.6302521008,14.7542372881,19.3405700742,0.69985980165,0.389650173682,15.6125082129,1.12991156509,0.578854517108,9.15239928644,0.662379270587,0.377355652198,1.19779027155,0.357526820756,4.34256606628,3.35021095487,1.19779027155,4.34256606628,0.507119835952,0.563909424838,12128,0.0372596006144,0.110016681489,126,126,126,1,0,0.0555555555556,0.880952380952,0.0634920634921,126,0.0736507936508,2.91548800933,18.4126984127,10.5454545455,10,13.0250649695,0.707395769897,0.395874384236,10.40485845,1.13018290061,0.58416803503,6.49839052113,0.705859660054,0.398275862069,1.15823659145,0.397270229803,3.98797667635,2.91548800933,1.15823659145,3.98797667635,0.320488422322,0.376834562117,3646,0.0112012288786,0.0759935796492,126,126,126,1,0,0.126984126984,0.793650793651,0.0793650793651,126,1540,0.0977777777778,3.56815186224,24.4444444444,13.275862069,13.1623931624,16.8914442511,0.691013628455,0.388775510204,13.3667581044,1.09364384491,0.566944959802,8.81624762709,0.721329351308,0.408853844568,1.32380346687,0.371005360192,5.04680176507,3.56815186224,1.32380346687,5.04680176507,0.408887851046,0.49068420536,8331,0.0255944700461,0.105802756634,126,126,126,1,0,0.0793650793651,0.849206349206,0.0714285714286,-201,-0.0127619047619,0.217940907371,-3.19047619048,-1.35439003187,-1.59184412574,-2.44912582304,-0.00884617319468,-0.000874663478257,-2.24575010849,-0.0362677201859,-0.0119095573063,-0.336151659346,0.058950080721,0.0314981923704,0.126013195316,0.0134785394366,0.704235698791,0.217940907371,0.126013195316,0.704235698791,-0.0982319849059,-0.0732252194787,-3797,-0.0116651305684,-0.00421392485427,0.0238095238095,-0.031746031746,0.00793650793651,1525,15,216,13994,0.875933371626,0.998929259762,0.00107074023842,0.124066628374,0.99025974026,0.875933371626,0.929594635782,0.923603181886,0.874862631387,0.868451025057,380,581,0,3,1,3
144,WLNM_dir_neg_kfold,0.791478429084,0.576955726339,00:00:27,10,66.6666666667,16,13361,threshold_sweep,0.9,0.970430107527,0.621342512909,0.757607555089,361,11,220,1151,0.621342512909,0.990533562823,0.00946643717728,0.378657487091,0.970430107527,0.621342512909,0.757607555089,0.867469879518,0.595524956971,0.672340425532,0.70398662091,0.611876075731,1779,1198,581,0,1779,0,1198,0,581,126,1741,0.11053968254,3.35021095487,27.6349206349,14.6302521008,14.7542372881,19.3405700742,0.69985980165,0.389650173682,15.6125082129,1.12991156509,0.578854517108,9.15239928644,0.662379270587,0.377355652198,1.19779027155,0.357526820756,4.34256606628,3.35021095487,1.19779027155,4.34256606628,0.507119835952,0.563909424838,12128,0.0372596006144,0.110016681489,126,126,126,1,0,0.0555555555556,0.880952380952,0.0634920634921,126,0.0736507936508,2.91548800933,18.4126984127,10.5454545455,10,13.0250649695,0.707395769897,0.395874384236,10.40485845,1.13018290061,0.58416803503,6.49839052113,0.705859660054,0.398275862069,1.15823659145,0.397270229803,3.98797667635,2.91548800933,1.15823659145,3.98797667635,0.320488422322,0.376834562117,3646,0.0112012288786,0.0759935796492,126,126,126,1,0,0.126984126984,0.793650793651,0.0793650793651,126,1532,0.0972698412698,3.23444113076,24.3174603175,13.5575221239,13.094017094,16.9142074215,0.695558138091,0.390961084173,13.3969624607,1.10183894912,0.571521820216,8.77853080957,0.721994048307,0.40931037341,1.25186804389,0.387043075844,4.30351555468,3.23444113076,1.25186804389,4.30351555468,0.410473016094,0.492726447309,8321,0.0255637480799,0.10681799757,126,126,126,1,0,0.103174603175,0.825396825397,0.0714285714286,-209,-0.0132698412698,-0.115769824106,-3.31746031746,-1.07272997695,-1.66022019412,-2.42636265264,-0.00430166355834,0.00131091049023,-2.21554575217,-0.0280726159721,-0.00733269689206,-0.373868476867,0.0596147777202,0.0319547212119,0.0540777723318,0.0295162550883,-0.0390505115999,-0.115769824106,0.0540777723318,-0.0390505115999,-0.0966468198577,-0.0711829775297,-3807,-0.0116958525346,-0.00319868391833,0.047619047619,-0.0555555555556,0.00793650793651,1521,11,220,13998,0.87363584147,0.999214790492,0.000785209508173,0.12636415853,0.992819843342,0.87363584147,0.929422548121,0.923621951831,0.872850631962,0.868150684932,372,581,0,3,1,3
145,WLNM_dir_neg_kfold,0.889993216041,0.399484021911,00:00:29,10,66.6666666667,17,13362,threshold_sweep,0.1,0.910628019324,0.648881239243,0.757788944724,377,37,204,1125,0.648881239243,0.968158347676,0.0318416523236,0.351118760757,0.910628019324,0.648881239243,0.757788944724,0.861732644865,0.587492828457,0.664812239221,0.683504686686,0.617039586919,1779,1198,581,0,1779,0,1198,0,581,126,1741,0.11053968254,3.35021095487,27.6349206349,14.6302521008,14.7542372881,19.3405700742,0.69985980165,0.389650173682,15.6125082129,1.12991156509,0.578854517108,9.15239928644,0.662379270587,0.377355652198,1.19779027155,0.357526820756,4.34256606628,3.35021095487,1.19779027155,4.34256606628,0.507119835952,0.563909424838,12128,0.0372596006144,0.110016681489,126,126,126,1,0,0.0555555555556,0.880952380952,0.0634920634921,126,0.0736507936508,2.91548800933,18.4126984127,10.5454545455,10,13.0250649695,0.707395769897,0.395874384236,10.40485845,1.13018290061,0.58416803503,6.49839052113,0.705859660054,0.398275862069,1.15823659145,0.397270229803,3.98797667635,2.91548800933,1.15823659145,3.98797667635,0.320488422322,0.376834562117,3646,0.0112012288786,0.0759935796492,126,126,126,1,0,0.126984126984,0.793650793651,0.0793650793651,126,1574,0.0999365079365,1,24.9841269841,12.592,13.452991453,16.7718736589,0.671301169323,0.3792228878,13.1992399974,1.05661006332,0.545299610738,8.98064232157,0.718907835145,0.406798975414,0,0,0,NaN,NaN,NaN,0.414043211449,0.489101603045,8482,0.0260583717358,0.10087895758,126,126,0,1,2,0.00793650793651,0.920634920635,0.0714285714286,-167,-0.0106031746032,-2.35021095487,-2.65079365079,-2.03825210084,-1.30124583514,-2.56869641522,-0.0285586323272,-0.0104272858826,-2.41326821556,-0.0733015017722,-0.0335549063704,-0.171756964871,0.0565285645579,0.0294433232163,-1.19779027155,-0.357526820756,-4.34256606628,NaN,NaN,NaN,-0.0930766245027,-0.0748078217938,-3646,-0.0112012288786,-0.00913772390892,-0.047619047619,0.0396825396825,0.00793650793651,1537,37,204,13972,0.882825962091,0.997358840745,0.00264115925476,0.117174037909,0.976493011436,0.882825962091,0.92730015083,0.920232575194,0.880184802836,0.864454443195,414,581,0,3,1,3
146,WLNM_dir_neg_kfold,0.889993216041,0.399484021911,00:00:29,10,66.6666666667,17,13362,threshold_sweep,0.2,0.934837092732,0.641996557659,0.761224489796,373,26,208,1136,0.641996557659,0.977624784854,0.0223752151463,0.358003442341,0.934837092732,0.641996557659,0.761224489796,0.865748709122,0.590361445783,0.672268907563,0.695234661989,0.619621342513,1779,1198,581,0,1779,0,1198,0,581,126,1741,0.11053968254,3.35021095487,27.6349206349,14.6302521008,14.7542372881,19.3405700742,0.69985980165,0.389650173682,15.6125082129,1.12991156509,0.578854517108,9.15239928644,0.662379270587,0.377355652198,1.19779027155,0.357526820756,4.34256606628,3.35021095487,1.19779027155,4.34256606628,0.507119835952,0.563909424838,12128,0.0372596006144,0.110016681489,126,126,126,1,0,0.0555555555556,0.880952380952,0.0634920634921,126,0.0736507936508,2.91548800933,18.4126984127,10.5454545455,10,13.0250649695,0.707395769897,0.395874384236,10.40485845,1.13018290061,0.58416803503,6.49839052113,0.705859660054,0.398275862069,1.15823659145,0.397270229803,3.98797667635,2.91548800933,1.15823659145,3.98797667635,0.320488422322,0.376834562117,3646,0.0112012288786,0.0759935796492,126,126,126,1,0,0.126984126984,0.793650793651,0.0793650793651,126,1559,0.0989841269841,4.08335512689,24.746031746,12.9916666667,13.3247863248,16.8536934862,0.681066510347,0.383935571235,13.2934474848,1.07439023931,0.556426076952,8.88660486529,0.718224639529,0.40642149526,1.31828206974,0.322842865433,5.25,4.08335512689,1.31828206974,5.25,0.403359383347,0.49048876121,8423,0.0258771121352,0.10401541315,126,126,126,1,0,0.047619047619,0.880952380952,0.0714285714286,-182,-0.0115555555556,0.73314417202,-2.88888888889,-1.63858543417,-1.42945096335,-2.48687658796,-0.0187932913028,-0.00571460244722,-2.31906072809,-0.0555213257812,-0.0224284401563,-0.265794421152,0.0558453689427,0.0290658430628,0.120491798191,-0.0346839553226,0.907433933723,0.73314417202,0.120491798191,0.907433933723,-0.103760452605,-0.0734206636288,-3705,-0.0113824884793,-0.00600126833834,-0.00793650793651,0,0.00793650793651,1533,26,208,13983,0.880528431936,0.998144050253,0.00185594974659,0.119471568064,0.98332264272,0.880528431936,0.929090909091,0.922572321881,0.878672482189,0.867572156197,399,581,0,3,1,3
147,WLNM_dir_neg_kfold,0.889993216041,0.399484021911,00:00:29,10,66.6666666667,17,13362,threshold_sweep,0.3,0.944303797468,0.641996557659,0.764344262295,373,22,208,1140,0.641996557659,0.981067125645,0.0189328743546,0.358003442341,0.944303797468,0.641996557659,0.764344262295,0.868043602983,0.591126410404,0.67726847521,0.701584643437,0.623063683305,1779,1198,581,0,1779,0,1198,0,581,126,1741,0.11053968254,3.35021095487,27.6349206349,14.6302521008,14.7542372881,19.3405700742,0.69985980165,0.389650173682,15.6125082129,1.12991156509,0.578854517108,9.15239928644,0.662379270587,0.377355652198,1.19779027155,0.357526820756,4.34256606628,3.35021095487,1.19779027155,4.34256606628,0.507119835952,0.563909424838,12128,0.0372596006144,0.110016681489,126,126,126,1,0,0.0555555555556,0.880952380952,0.0634920634921,126,0.0736507936508,2.91548800933,18.4126984127,10.5454545455,10,13.0250649695,0.707395769897,0.395874384236,10.40485845,1.13018290061,0.58416803503,6.49839052113,0.705859660054,0.398275862069,1.15823659145,0.397270229803,3.98797667635,2.91548800933,1.15823659145,3.98797667635,0.320488422322,0.376834562117,3646,0.0112012288786,0.0759935796492,126,126,126,1,0,0.126984126984,0.793650793651,0.0793650793651,126,1555,0.0987301587302,3.61456452681,24.6825396825,13.1779661017,13.2905982906,16.8445365831,0.682447462851,0.384519981626,13.3165537274,1.07902621843,0.559174194866,8.87978621221,0.719519654494,0.406976981575,1.27899483327,0.353844792031,4.70614613635,3.61456452681,1.27899483327,4.70614613635,0.402472358772,0.490813648294,8415,0.0258525345622,0.105601047008,126,126,126,1,0,0.0634920634921,0.865079365079,0.0714285714286,-186,-0.0118095238095,0.264353571946,-2.95238095238,-1.45228599915,-1.46363899754,-2.49603349109,-0.0174123387987,-0.00513019205625,-2.29595448552,-0.0508853466678,-0.0196803222429,-0.272613074226,0.0571403839078,0.0296213293774,0.0812045617173,-0.00368202872493,0.363580070077,0.264353571946,0.0812045617173,0.363580070077,-0.10464747718,-0.0730957765445,-3713,-0.0114070660522,-0.00441563448015,0.00793650793651,-0.015873015873,0.00793650793651,1533,22,208,13987,0.880528431936,0.998429580984,0.00157041901635,0.119471568064,0.985852090032,0.880528431936,0.930218446602,0.923928125531,0.878958012919,0.869540555871,395,581,0,3,1,3
148,WLNM_dir_neg_kfold,0.889993216041,0.399484021911,00:00:29,10,66.6666666667,17,13362,threshold_sweep,0.4,0.9609375,0.635111876076,0.764766839378,369,15,212,1147,0.635111876076,0.987091222031,0.012908777969,0.364888123924,0.9609375,0.635111876076,0.764766839378,0.869764773379,0.59323006311,0.679830747532,0.707697984763,0.622203098107,1779,1198,581,0,1779,0,1198,0,581,126,1741,0.11053968254,3.35021095487,27.6349206349,14.6302521008,14.7542372881,19.3405700742,0.69985980165,0.389650173682,15.6125082129,1.12991156509,0.578854517108,9.15239928644,0.662379270587,0.377355652198,1.19779027155,0.357526820756,4.34256606628,3.35021095487,1.19779027155,4.34256606628,0.507119835952,0.563909424838,12128,0.0372596006144,0.110016681489,126,126,126,1,0,0.0555555555556,0.880952380952,0.0634920634921,126,0.0736507936508,2.91548800933,18.4126984127,10.5454545455,10,13.0250649695,0.707395769897,0.395874384236,10.40485845,1.13018290061,0.58416803503,6.49839052113,0.705859660054,0.398275862069,1.15823659145,0.397270229803,3.98797667635,2.91548800933,1.15823659145,3.98797667635,0.320488422322,0.376834562117,3646,0.0112012288786,0.0759935796492,126,126,126,1,0,0.126984126984,0.793650793651,0.0793650793651,126,1544,0.0980317460317,3.32936708195,24.5079365079,13.4260869565,13.1965811966,16.8858501861,0.688995182465,0.387958508101,13.3847295127,1.09227714935,0.567151903939,8.81538337947,0.719390094438,0.407619870055,1.28932736885,0.38725900062,4.41241741734,3.32936708195,1.28932736885,4.41241741734,0.410553895934,0.49362035225,8408,0.0258310291859,0.107584726318,126,126,126,1,0,0.0873015873016,0.84126984127,0.0714285714286,-197,-0.0125079365079,-0.0208438729174,-3.12698412698,-1.20416514432,-1.55765609155,-2.45471988805,-0.0108646191853,-0.00169166558134,-2.22777870026,-0.0376344157445,-0.0117026131689,-0.337015906972,0.0570108238517,0.0302642178574,0.0915370972991,0.0297321798645,0.0698513510666,-0.0208438729174,0.0915370972991,0.0698513510666,-0.0965659400176,-0.0702890725879,-3720,-0.0114285714286,-0.00243195517045,0.031746031746,-0.0396825396825,0.00793650793651,1529,15,212,13994,0.878230901781,0.998929259762,0.00107074023842,0.121769098219,0.990284974093,0.878230901781,0.930898021309,0.924958608963,0.877160161542,0.870728929385,384,581,0,3,1,3
149,WLNM_dir_neg_kfold,0.889993216041,0.399484021911,00:00:29,10,66.6666666667,17,13362,threshold_sweep,0.5,0.965789473684,0.631669535284,0.763787721124,367,13,214,1149,0.631669535284,0.988812392427,0.0111876075731,0.368330464716,0.965789473684,0.631669535284,0.763787721124,0.869764773379,0.59399502773,0.679227508243,0.70840324297,0.620481927711,1779,1198,581,0,1779,0,1198,0,581,126,1741,0.11053968254,3.35021095487,27.6349206349,14.6302521008,14.7542372881,19.3405700742,0.69985980165,0.389650173682,15.6125082129,1.12991156509,0.578854517108,9.15239928644,0.662379270587,0.377355652198,1.19779027155,0.357526820756,4.34256606628,3.35021095487,1.19779027155,4.34256606628,0.507119835952,0.563909424838,12128,0.0372596006144,0.110016681489,126,126,126,1,0,0.0555555555556,0.880952380952,0.0634920634921,126,0.0736507936508,2.91548800933,18.4126984127,10.5454545455,10,13.0250649695,0.707395769897,0.395874384236,10.40485845,1.13018290061,0.58416803503,6.49839052113,0.705859660054,0.398275862069,1.15823659145,0.397270229803,3.98797667635,2.91548800933,1.15823659145,3.98797667635,0.320488422322,0.376834562117,3646,0.0112012288786,0.0759935796492,126,126,126,1,0,0.126984126984,0.793650793651,0.0793650793651,126,1540,0.0977777777778,3.16628163052,24.4444444444,13.3913043478,13.1623931624,16.8843385683,0.69072294143,0.388765203051,13.3912741075,1.0956496997,0.568707482993,8.77987597989,0.718353489264,0.407070707071,1.20735922019,0.381317697248,4.24021397903,3.16628163052,1.20735922019,4.24021397903,0.410412439658,0.492198999117,8360,0.0256835637481,0.107098645227,126,126,126,1,0,0.0873015873016,0.84126984127,0.0714285714286,-201,-0.0127619047619,-0.183929324345,-3.19047619048,-1.23894775301,-1.59184412574,-2.45623150587,-0.00913686021948,-0.000884970631422,-2.22123410542,-0.0342618653888,-0.0101470341152,-0.372523306551,0.055974218677,0.029715054873,0.00956894863352,0.0237908764919,-0.102352087242,-0.183929324345,0.00956894863352,-0.102352087242,-0.096707396294,-0.0717104257216,-3768,-0.0115760368664,-0.00291803626204,0.031746031746,-0.0396825396825,0.00793650793651,1527,13,214,13996,0.877082136703,0.999072025127,0.000927974873296,0.122917863297,0.991558441558,0.877082136703,0.930813776288,0.924966666373,0.87615416183,0.870581527936,380,581,0,3,1,3
150,WLNM_dir_neg_kfold,0.889993216041,0.399484021911,00:00:29,10,66.6666666667,17,13362,threshold_sweep,0.6,0.968253968254,0.629948364888,0.763295099062,366,12,215,1150,0.629948364888,0.989672977625,0.0103270223752,0.370051635112,0.968253968254,0.629948364888,0.763295099062,0.869764773379,0.59437751004,0.678925035361,0.708769911938,0.619621342513,1779,1198,581,0,1779,0,1198,0,581,126,1741,0.11053968254,3.35021095487,27.6349206349,14.6302521008,14.7542372881,19.3405700742,0.69985980165,0.389650173682,15.6125082129,1.12991156509,0.578854517108,9.15239928644,0.662379270587,0.377355652198,1.19779027155,0.357526820756,4.34256606628,3.35021095487,1.19779027155,4.34256606628,0.507119835952,0.563909424838,12128,0.0372596006144,0.110016681489,126,126,126,1,0,0.0555555555556,0.880952380952,0.0634920634921,126,0.0736507936508,2.91548800933,18.4126984127,10.5454545455,10,13.0250649695,0.707395769897,0.395874384236,10.40485845,1.13018290061,0.58416803503,6.49839052113,0.705859660054,0.398275862069,1.15823659145,0.397270229803,3.98797667635,2.91548800933,1.15823659145,3.98797667635,0.320488422322,0.376834562117,3646,0.0112012288786,0.0759935796492,126,126,126,1,0,0.126984126984,0.793650793651,0.0793650793651,126,1538,0.0976507936508,3.16941739576,24.4126984127,13.3739130435,13.1452991453,16.892729722,0.691964871577,0.389337833096,13.3975027287,1.0975847489,0.569178690115,8.7629378273,0.717899978049,0.406826016059,1.21010082313,0.381805446247,4.24404275979,3.16941739576,1.21010082313,4.24404275979,0.410576298504,0.492177365462,8347,0.025643625192,0.106797349023,126,126,126,1,0,0.0873015873016,0.84126984127,0.0714285714286,-203,-0.0128888888889,-0.180793559108,-3.22222222222,-1.25633905736,-1.60893814284,-2.44784035217,-0.00789493007272,-0.000312340586379,-2.21500548423,-0.0323268161895,-0.00967582699342,-0.389461459142,0.0555207074624,0.0294703638611,0.0123105515771,0.0242786254915,-0.0985233064867,-0.180793559108,0.0123105515771,-0.0985233064867,-0.0965435374475,-0.0717320593759,-3781,-0.0116159754224,-0.0032193324652,0.031746031746,-0.0396825396825,0.00793650793651,1526,12,215,13997,0.876507754164,0.999143407809,0.000856592190735,0.123492245836,0.992197659298,0.876507754164,0.9307715767,0.92497142078,0.875651161974,0.870507701084,378,581,0,3,1,3
151,WLNM_dir_neg_kfold,0.889993216041,0.399484021911,00:00:29,10,66.6666666667,17,13362,threshold_sweep,0.7,0.968085106383,0.626506024096,0.760710553814,364,12,217,1150,0.626506024096,0.989672977625,0.0103270223752,0.373493975904,0.968085106383,0.626506024096,0.760710553814,0.868617326449,0.59475999235,0.675790467202,0.706187205263,0.616179001721,1779,1198,581,0,1779,0,1198,0,581,126,1741,0.11053968254,3.35021095487,27.6349206349,14.6302521008,14.7542372881,19.3405700742,0.69985980165,0.389650173682,15.6125082129,1.12991156509,0.578854517108,9.15239928644,0.662379270587,0.377355652198,1.19779027155,0.357526820756,4.34256606628,3.35021095487,1.19779027155,4.34256606628,0.507119835952,0.563909424838,12128,0.0372596006144,0.110016681489,126,126,126,1,0,0.0555555555556,0.880952380952,0.0634920634921,126,0.0736507936508,2.91548800933,18.4126984127,10.5454545455,10,13.0250649695,0.707395769897,0.395874384236,10.40485845,1.13018290061,0.58416803503,6.49839052113,0.705859660054,0.398275862069,1.15823659145,0.397270229803,3.98797667635,2.91548800933,1.15823659145,3.98797667635,0.320488422322,0.376834562117,3646,0.0112012288786,0.0759935796492,126,126,126,1,0,0.126984126984,0.793650793651,0.0793650793651,126,1536,0.0975238095238,3.1699972707,24.380952381,13.3565217391,13.1282051282,16.9067357667,0.693440334182,0.390123801257,13.4060966941,1.09971886944,0.569981812169,8.75416635502,0.718115208811,0.406994047619,1.2108280263,0.381965005929,4.24532800243,3.1699972707,1.2108280263,4.24532800243,0.410603591092,0.491990081083,8333,0.0256006144393,0.106604452923,126,126,126,1,0,0.0873015873016,0.84126984127,0.0714285714286,-205,-0.0130158730159,-0.180213684167,-3.25396825397,-1.27373036171,-1.62603215993,-2.43383430744,-0.00641946746791,0.000473627574274,-2.20641151882,-0.0301926956559,-0.00887270493908,-0.398232931416,0.0557359382239,0.0296383954214,0.0130377547446,0.0244381851737,-0.097238063848,-0.180213684167,0.0130377547446,-0.097238063848,-0.09651624486,-0.0719193437552,-3795,-0.0116589861751,-0.00341222856593,0.031746031746,-0.0396825396825,0.00793650793651,1524,12,217,13997,0.875358989087,0.999143407809,0.000856592190735,0.124641010913,0.9921875,0.875358989087,0.930119011291,0.924294127936,0.874502396896,0.869366799772,376,581,0,3,1,3
152,WLNM_dir_neg_kfold,0.889993216041,0.399484021911,00:00:29,10,66.6666666667,17,13362,threshold_sweep,0.8,0.970430107527,0.621342512909,0.757607555089,361,11,220,1151,0.621342512909,0.990533562823,0.00946643717728,0.378657487091,0.970430107527,0.621342512909,0.757607555089,0.867469879518,0.595524956971,0.672340425532,0.70398662091,0.611876075731,1779,1198,581,0,1779,0,1198,0,581,126,1741,0.11053968254,3.35021095487,27.6349206349,14.6302521008,14.7542372881,19.3405700742,0.69985980165,0.389650173682,15.6125082129,1.12991156509,0.578854517108,9.15239928644,0.662379270587,0.377355652198,1.19779027155,0.357526820756,4.34256606628,3.35021095487,1.19779027155,4.34256606628,0.507119835952,0.563909424838,12128,0.0372596006144,0.110016681489,126,126,126,1,0,0.0555555555556,0.880952380952,0.0634920634921,126,0.0736507936508,2.91548800933,18.4126984127,10.5454545455,10,13.0250649695,0.707395769897,0.395874384236,10.40485845,1.13018290061,0.58416803503,6.49839052113,0.705859660054,0.398275862069,1.15823659145,0.397270229803,3.98797667635,2.91548800933,1.15823659145,3.98797667635,0.320488422322,0.376834562117,3646,0.0112012288786,0.0759935796492,126,126,126,1,0,0.126984126984,0.793650793651,0.0793650793651,126,1532,0.0972698412698,3.13498066154,24.3174603175,13.5575221239,13.094017094,16.8905421079,0.694584956134,0.390582908533,13.4136722479,1.10321325277,0.571977703179,8.71266911885,0.71657722518,0.406202080484,1.21154088765,0.386458807389,4.20326809916,3.13498066154,1.21154088765,4.20326809916,0.411169526747,0.491727450632,8292,0.0254746543779,0.106608618022,126,126,126,1,0,0.103174603175,0.825396825397,0.0714285714286,-209,-0.0132698412698,-0.215230293321,-3.31746031746,-1.07272997695,-1.66022019412,-2.45002796627,-0.00527484551595,0.000932734850961,-2.198835965,-0.0266983123272,-0.00687681392965,-0.439730167587,0.0541979545931,0.0288464282864,0.0137506160936,0.0289319866332,-0.13929796712,-0.215230293321,0.0137506160936,-0.13929796712,-0.0959503092052,-0.0721819742069,-3836,-0.0117849462366,-0.00340806346686,0.047619047619,-0.0555555555556,0.00793650793651,1521,11,220,13998,0.87363584147,0.999214790492,0.000785209508173,0.12636415853,0.992819843342,0.87363584147,0.929422548121,0.923621951831,0.872850631962,0.868150684932,372,581,0,3,1,3
153,WLNM_dir_neg_kfold,0.889993216041,0.399484021911,00:00:29,10,66.6666666667,17,13362,threshold_sweep,0.9,0.975476839237,0.616179001721,0.755274261603,358,9,223,1153,0.616179001721,0.992254733219,0.00774526678141,0.383820998279,0.975476839237,0.616179001721,0.755274261603,0.866896156053,0.596481162746,0.670142180095,0.703496865753,0.60843373494,1779,1198,581,0,1779,0,1198,0,581,126,1741,0.11053968254,3.35021095487,27.6349206349,14.6302521008,14.7542372881,19.3405700742,0.69985980165,0.389650173682,15.6125082129,1.12991156509,0.578854517108,9.15239928644,0.662379270587,0.377355652198,1.19779027155,0.357526820756,4.34256606628,3.35021095487,1.19779027155,4.34256606628,0.507119835952,0.563909424838,12128,0.0372596006144,0.110016681489,126,126,126,1,0,0.0555555555556,0.880952380952,0.0634920634921,126,0.0736507936508,2.91548800933,18.4126984127,10.5454545455,10,13.0250649695,0.707395769897,0.395874384236,10.40485845,1.13018290061,0.58416803503,6.49839052113,0.705859660054,0.398275862069,1.15823659145,0.397270229803,3.98797667635,2.91548800933,1.15823659145,3.98797667635,0.320488422322,0.376834562117,3646,0.0112012288786,0.0759935796492,126,126,126,1,0,0.126984126984,0.793650793651,0.0793650793651,126,1527,0.0969523809524,2.93757058865,24.2380952381,13.8818181818,13.0512820513,16.9334833139,0.698630942225,0.392755792559,13.4429801118,1.1092439385,0.575404621574,8.68617949882,0.716737797545,0.406113242066,1.1699139484,0.398259007943,4.01366690108,2.93757058865,1.1699139484,4.01366690108,0.414104014332,0.49241403898,8287,0.0254592933948,0.108907149506,126,126,126,1,0,0.126984126984,0.801587301587,0.0714285714286,-214,-0.0135873015873,-0.412640366217,-3.39682539683,-0.748433919022,-1.70295523685,-2.40708676024,-0.00122885942516,0.00310561887699,-2.16952810114,-0.0206676265968,-0.00344989553481,-0.46621978762,0.0543585269584,0.0287575898684,-0.0278763231561,0.0407321871873,-0.328899165193,-0.412640366217,-0.0278763231561,-0.328899165193,-0.09301582162,-0.0714953858589,-3841,-0.0118003072197,-0.00110953198303,0.0714285714286,-0.0793650793651,0.00793650793651,1518,9,223,14000,0.871912693854,0.999357555857,0.000642444143051,0.128087306146,0.994106090373,0.871912693854,0.929008567931,0.923295490845,0.871270249711,0.867428571429,367,581,0,3,1,3
154,WLNM_dir_neg_kfold,0.877471034865,0.658093381573,00:00:28,10,66.6666666667,18,13363,threshold_sweep,0.1,0.915048543689,0.648881239243,0.759315206445,377,35,204,1127,0.648881239243,0.969879518072,0.0301204819277,0.351118760757,0.915048543689,0.648881239243,0.759315206445,0.862880091796,0.587875310767,0.667285382831,0.686556458257,0.618760757315,1779,1198,581,0,1779,0,1198,0,581,126,1741,0.11053968254,3.35021095487,27.6349206349,14.6302521008,14.7542372881,19.3405700742,0.69985980165,0.389650173682,15.6125082129,1.12991156509,0.578854517108,9.15239928644,0.662379270587,0.377355652198,1.19779027155,0.357526820756,4.34256606628,3.35021095487,1.19779027155,4.34256606628,0.507119835952,0.563909424838,12128,0.0372596006144,0.110016681489,126,126,126,1,0,0.0555555555556,0.880952380952,0.0634920634921,126,0.0736507936508,2.91548800933,18.4126984127,10.5454545455,10,13.0250649695,0.707395769897,0.395874384236,10.40485845,1.13018290061,0.58416803503,6.49839052113,0.705859660054,0.398275862069,1.15823659145,0.397270229803,3.98797667635,2.91548800933,1.15823659145,3.98797667635,0.320488422322,0.376834562117,3646,0.0112012288786,0.0759935796492,126,126,126,1,0,0.126984126984,0.793650793651,0.0793650793651,126,1572,0.0998095238095,5.55498695418,24.9523809524,12.8852459016,13.4358974359,16.8337076809,0.674633323089,0.380987721637,13.2602951917,1.06284808789,0.549638515287,8.97526760445,0.719391678219,0.407720424896,1.51710160619,0.273106241059,6.60136332384,5.55498695418,1.51710160619,6.60136332384,0.418750516808,0.494129121089,8613,0.0264608294931,0.103131380693,126,126,126,1,0,0.031746031746,0.896825396825,0.0714285714286,-169,-0.0107301587302,2.20477599931,-2.68253968254,-1.7450061992,-1.31833985224,-2.50686239327,-0.0252264785606,-0.00866245204576,-2.3522130212,-0.0670634772078,-0.029216001821,-0.177131681993,0.0570124076324,0.0303647726983,0.319311334632,-0.084420579697,2.25879725756,2.20477599931,0.319311334632,2.25879725756,-0.0883693191441,-0.0697803037492,-3515,-0.0107987711214,-0.0068853007954,-0.0238095238095,0.015873015873,0.00793650793651,1537,35,204,13974,0.882825962091,0.99750160611,0.00249839388964,0.117174037909,0.977735368957,0.882825962091,0.927859945669,0.920902175034,0.880327568201,0.865427927928,412,581,0,3,1,3
155,WLNM_dir_neg_kfold,0.877471034865,0.658093381573,00:00:28,10,66.6666666667,18,13363,threshold_sweep,0.2,0.936868686869,0.638554216867,0.759467758444,371,25,210,1137,0.638554216867,0.978485370052,0.0215146299484,0.361445783133,0.936868686869,0.638554216867,0.759467758444,0.865174985657,0.590935169248,0.670406732118,0.694181070841,0.617039586919,1779,1198,581,0,1779,0,1198,0,581,126,1741,0.11053968254,3.35021095487,27.6349206349,14.6302521008,14.7542372881,19.3405700742,0.69985980165,0.389650173682,15.6125082129,1.12991156509,0.578854517108,9.15239928644,0.662379270587,0.377355652198,1.19779027155,0.357526820756,4.34256606628,3.35021095487,1.19779027155,4.34256606628,0.507119835952,0.563909424838,12128,0.0372596006144,0.110016681489,126,126,126,1,0,0.0555555555556,0.880952380952,0.0634920634921,126,0.0736507936508,2.91548800933,18.4126984127,10.5454545455,10,13.0250649695,0.707395769897,0.395874384236,10.40485845,1.13018290061,0.58416803503,6.49839052113,0.705859660054,0.398275862069,1.15823659145,0.397270229803,3.98797667635,2.91548800933,1.15823659145,3.98797667635,0.320488422322,0.376834562117,3646,0.0112012288786,0.0759935796492,126,126,126,1,0,0.126984126984,0.793650793651,0.0793650793651,126,1556,0.0987936507937,4.09450733068,24.6984126984,12.8595041322,13.2991452991,16.8139322426,0.680769750184,0.383880115885,13.2781429185,1.07522237001,0.557116334109,8.90152118265,0.720817268003,0.408597543559,1.29514309755,0.316312316221,5.66666666667,4.09450733068,1.29514309755,5.66666666667,0.401901575338,0.491735697143,8469,0.0260184331797,0.102518879237,126,126,126,1,0,0.0396825396825,0.888888888889,0.0714285714286,-185,-0.011746031746,0.744296375818,-2.93650793651,-1.77074796861,-1.45509198899,-2.52663783152,-0.0190900514655,-0.00577005779708,-2.33436529438,-0.0546891950834,-0.0217381829998,-0.250878103794,0.0584379974168,0.0312418913613,0.0973528260007,-0.0412145045341,1.32410060039,0.744296375818,0.0973528260007,1.32410060039,-0.105218260613,-0.0721737276951,-3659,-0.0112411674347,-0.00749780225178,-0.015873015873,0.00793650793651,0.00793650793651,1531,25,210,13984,0.879379666858,0.998215432936,0.00178456706403,0.120620333142,0.983933161954,0.879379666858,0.928723081589,0.922231487304,0.877595099794,0.866930917327,396,581,0,3,1,3
156,WLNM_dir_neg_kfold,0.877471034865,0.658093381573,00:00:28,10,66.6666666667,18,13363,threshold_sweep,0.3,0.946428571429,0.638554216867,0.762589928058,371,21,210,1141,0.638554216867,0.981927710843,0.0180722891566,0.361445783133,0.946428571429,0.638554216867,0.762589928058,0.867469879518,0.591700133869,0.675409836066,0.700566810806,0.620481927711,1779,1198,581,0,1779,0,1198,0,581,126,1741,0.11053968254,3.35021095487,27.6349206349,14.6302521008,14.7542372881,19.3405700742,0.69985980165,0.389650173682,15.6125082129,1.12991156509,0.578854517108,9.15239928644,0.662379270587,0.377355652198,1.19779027155,0.357526820756,4.34256606628,3.35021095487,1.19779027155,4.34256606628,0.507119835952,0.563909424838,12128,0.0372596006144,0.110016681489,126,126,126,1,0,0.0555555555556,0.880952380952,0.0634920634921,126,0.0736507936508,2.91548800933,18.4126984127,10.5454545455,10,13.0250649695,0.707395769897,0.395874384236,10.40485845,1.13018290061,0.58416803503,6.49839052113,0.705859660054,0.398275862069,1.15823659145,0.397270229803,3.98797667635,2.91548800933,1.15823659145,3.98797667635,0.320488422322,0.376834562117,3646,0.0112012288786,0.0759935796492,126,126,126,1,0,0.126984126984,0.793650793651,0.0793650793651,126,1552,0.0985396825397,3.49980255147,24.6349206349,13.1525423729,13.264957265,16.8335869854,0.683322152112,0.385114956636,13.3042253701,1.0801110803,0.560382916053,8.87572040447,0.720580393662,0.408157421044,1.25133379173,0.35754411094,4.66666666667,3.49980255147,1.25133379173,4.66666666667,0.399415210831,0.491963661775,8448,0.0259539170507,0.104473870735,126,126,126,1,0,0.0634920634921,0.865079365079,0.0714285714286,-189,-0.012,0.149591596605,-3,-1.47770972796,-1.48928002318,-2.5069830888,-0.0165376495379,-0.00453521704676,-2.30828284282,-0.0498004847889,-0.0184716010554,-0.276678881964,0.0582011230756,0.0308017688463,0.0535435201763,1.72901840849e-05,0.32410060039,0.149591596605,0.0535435201763,0.32410060039,-0.10770462512,-0.0719457630634,-3680,-0.0113056835637,-0.00554281075372,0.00793650793651,-0.015873015873,0.00793650793651,1531,21,210,13988,0.879379666858,0.998500963666,0.00149903633379,0.120620333142,0.986469072165,0.879379666858,0.929851199514,0.923589476192,0.877880630524,0.868898978434,392,581,0,3,1,3
157,WLNM_dir_neg_kfold,0.877471034865,0.658093381573,00:00:28,10,66.6666666667,18,13363,threshold_sweep,0.4,0.953246753247,0.631669535284,0.75983436853,367,18,214,1144,0.631669535284,0.984509466437,0.0154905335628,0.368330464716,0.953246753247,0.631669535284,0.75983436853,0.866896156053,0.593038821954,0.672932330827,0.700193016197,0.616179001721,1779,1198,581,0,1779,0,1198,0,581,126,1741,0.11053968254,3.35021095487,27.6349206349,14.6302521008,14.7542372881,19.3405700742,0.69985980165,0.389650173682,15.6125082129,1.12991156509,0.578854517108,9.15239928644,0.662379270587,0.377355652198,1.19779027155,0.357526820756,4.34256606628,3.35021095487,1.19779027155,4.34256606628,0.507119835952,0.563909424838,12128,0.0372596006144,0.110016681489,126,126,126,1,0,0.0555555555556,0.880952380952,0.0634920634921,126,0.0736507936508,2.91548800933,18.4126984127,10.5454545455,10,13.0250649695,0.707395769897,0.395874384236,10.40485845,1.13018290061,0.58416803503,6.49839052113,0.705859660054,0.398275862069,1.15823659145,0.397270229803,3.98797667635,2.91548800933,1.15823659145,3.98797667635,0.320488422322,0.376834562117,3646,0.0112012288786,0.0759935796492,126,126,126,1,0,0.126984126984,0.793650793651,0.0793650793651,126,1545,0.0980952380952,3.2200531739,24.5238095238,13.4347826087,13.2051282051,16.867822283,0.687814112511,0.387404325268,13.350762418,1.08880004186,0.566019417476,8.82013929271,0.719312330668,0.407813222376,1.23703201734,0.384165089997,4.32737873555,3.2200531739,1.23703201734,4.32737873555,0.407986810835,0.494507424245,8448,0.0259539170507,0.106829814313,126,126,126,1,0,0.0873015873016,0.84126984127,0.0714285714286,-196,-0.0124444444444,-0.130157780969,-3.11111111111,-1.19546949214,-1.54910908301,-2.47274779115,-0.0120456891385,-0.00224584841394,-2.26174579488,-0.0411115232341,-0.0128350996327,-0.332259993726,0.0569330600812,0.0304575701786,0.0392417457901,0.026638269241,-0.0151873307247,-0.130157780969,0.0392417457901,-0.0151873307247,-0.0991330251168,-0.069402000593,-3680,-0.0113056835637,-0.00318686717545,0.031746031746,-0.0396825396825,0.00793650793651,1527,18,214,13991,0.877082136703,0.998715111714,0.0012848882861,0.122917863297,0.988349514563,0.877082136703,0.929397443701,0.923255000804,0.875797248417,0.868106878908,385,581,0,3,1,3
158,WLNM_dir_neg_kfold,0.877471034865,0.658093381573,00:00:28,10,66.6666666667,18,13363,threshold_sweep,0.5,0.958224543081,0.631669535284,0.761410788382,367,16,214,1146,0.631669535284,0.986230636833,0.013769363167,0.368330464716,0.958224543081,0.631669535284,0.761410788382,0.868043602983,0.593421304265,0.675446848542,0.703461939738,0.617900172117,1779,1198,581,0,1779,0,1198,0,581,126,1741,0.11053968254,3.35021095487,27.6349206349,14.6302521008,14.7542372881,19.3405700742,0.69985980165,0.389650173682,15.6125082129,1.12991156509,0.578854517108,9.15239928644,0.662379270587,0.377355652198,1.19779027155,0.357526820756,4.34256606628,3.35021095487,1.19779027155,4.34256606628,0.507119835952,0.563909424838,12128,0.0372596006144,0.110016681489,126,126,126,1,0,0.0555555555556,0.880952380952,0.0634920634921,126,0.0736507936508,2.91548800933,18.4126984127,10.5454545455,10,13.0250649695,0.707395769897,0.395874384236,10.40485845,1.13018290061,0.58416803503,6.49839052113,0.705859660054,0.398275862069,1.15823659145,0.397270229803,3.98797667635,2.91548800933,1.15823659145,3.98797667635,0.320488422322,0.376834562117,3646,0.0112012288786,0.0759935796492,126,126,126,1,0,0.126984126984,0.793650793651,0.0793650793651,126,1543,0.0979682539683,3.21950064551,24.4920634921,13.4173913043,13.188034188,16.8872714347,0.689499741013,0.388297379872,13.3564585174,1.09067645703,0.566465039245,8.81424892586,0.719763684159,0.408084642369,1.23663929141,0.384109036641,4.32737734542,3.21950064551,1.23663929141,4.32737734542,0.407738076875,0.494628486601,8441,0.0259324116743,0.107083476176,126,126,126,1,0,0.0873015873016,0.84126984127,0.0714285714286,-198,-0.0125714285714,-0.130710309357,-3.14285714286,-1.21286079649,-1.5662031001,-2.4532986395,-0.0103600606364,-0.00135279381011,-2.25604969552,-0.0392351080667,-0.0123894778631,-0.338150360581,0.0573844135728,0.0307289901708,0.0388490198588,0.0265822158858,-0.0151887208529,-0.130710309357,0.0388490198588,-0.0151887208529,-0.0993817590763,-0.0692809382379,-3687,-0.0113271889401,-0.00293320531264,0.031746031746,-0.0396825396825,0.00793650793651,1527,16,214,13993,0.877082136703,0.998857877079,0.00114212292098,0.122917863297,0.98963058976,0.877082136703,0.929963459196,0.923938715789,0.875940013782,0.869095048378,383,581,0,3,1,3
159,WLNM_dir_neg_kfold,0.877471034865,0.658093381573,00:00:28,10,66.6666666667,18,13363,threshold_sweep,0.6,0.963254593176,0.631669535284,0.762993762994,367,14,214,1148,0.631669535284,0.987951807229,0.0120481927711,0.368330464716,0.963254593176,0.631669535284,0.762993762994,0.869191049914,0.593803786575,0.677966101695,0.706751041199,0.619621342513,1779,1198,581,0,1779,0,1198,0,581,126,1741,0.11053968254,3.35021095487,27.6349206349,14.6302521008,14.7542372881,19.3405700742,0.69985980165,0.389650173682,15.6125082129,1.12991156509,0.578854517108,9.15239928644,0.662379270587,0.377355652198,1.19779027155,0.357526820756,4.34256606628,3.35021095487,1.19779027155,4.34256606628,0.507119835952,0.563909424838,12128,0.0372596006144,0.110016681489,126,126,126,1,0,0.0555555555556,0.880952380952,0.0634920634921,126,0.0736507936508,2.91548800933,18.4126984127,10.5454545455,10,13.0250649695,0.707395769897,0.395874384236,10.40485845,1.13018290061,0.58416803503,6.49839052113,0.705859660054,0.398275862069,1.15823659145,0.397270229803,3.98797667635,2.91548800933,1.15823659145,3.98797667635,0.320488422322,0.376834562117,3646,0.0112012288786,0.0759935796492,126,126,126,1,0,0.126984126984,0.793650793651,0.0793650793651,126,1541,0.0978412698413,3.21828014163,24.4603174603,13.4,13.1709401709,16.8559310837,0.689113340865,0.388028800099,13.3393629224,1.09069417795,0.566437996354,8.81286577537,0.720584742178,0.408449471071,1.23505233958,0.383761600988,4.32276242087,3.21828014163,1.23505233958,4.32276242087,0.407523862609,0.493907090465,8417,0.0258586789555,0.107095963358,126,126,126,1,0,0.0873015873016,0.84126984127,0.0714285714286,-200,-0.0126984126984,-0.131930813232,-3.1746031746,-1.23025210084,-1.5832971172,-2.48463899046,-0.0107464607848,-0.00162137358345,-2.27314529055,-0.0392173871452,-0.0124165207548,-0.339533511074,0.0582054715912,0.0310938188734,0.0372620680286,0.0262347802327,-0.0198036454019,-0.131930813232,0.0372620680286,-0.0198036454019,-0.0995959733425,-0.0700023343739,-3711,-0.011400921659,-0.00292071813037,0.031746031746,-0.0396825396825,0.00793650793651,1527,14,214,13995,0.877082136703,0.999000642444,0.000999357555857,0.122917863297,0.990914990266,0.877082136703,0.930530164534,0.924623698416,0.876082779147,0.870085470085,381,581,0,3,1,3
160,WLNM_dir_neg_kfold,0.877471034865,0.658093381573,00:00:28,10,66.6666666667,18,13363,threshold_sweep,0.7,0.968085106383,0.626506024096,0.760710553814,364,12,217,1150,0.626506024096,0.989672977625,0.0103270223752,0.373493975904,0.968085106383,0.626506024096,0.760710553814,0.868617326449,0.59475999235,0.675790467202,0.706187205263,0.616179001721,1779,1198,581,0,1779,0,1198,0,581,126,1741,0.11053968254,3.35021095487,27.6349206349,14.6302521008,14.7542372881,19.3405700742,0.69985980165,0.389650173682,15.6125082129,1.12991156509,0.578854517108,9.15239928644,0.662379270587,0.377355652198,1.19779027155,0.357526820756,4.34256606628,3.35021095487,1.19779027155,4.34256606628,0.507119835952,0.563909424838,12128,0.0372596006144,0.110016681489,126,126,126,1,0,0.0555555555556,0.880952380952,0.0634920634921,126,0.0736507936508,2.91548800933,18.4126984127,10.5454545455,10,13.0250649695,0.707395769897,0.395874384236,10.40485845,1.13018290061,0.58416803503,6.49839052113,0.705859660054,0.398275862069,1.15823659145,0.397270229803,3.98797667635,2.91548800933,1.15823659145,3.98797667635,0.320488422322,0.376834562117,3646,0.0112012288786,0.0759935796492,126,126,126,1,0,0.126984126984,0.793650793651,0.0793650793651,126,1536,0.0975238095238,3.18466951843,24.380952381,13.592920354,13.1282051282,16.839884628,0.690698392947,0.388816550926,13.340893095,1.0943701367,0.568566054894,8.78609290706,0.720734183782,0.40837880291,1.24271541987,0.390218015615,4.30293250017,3.18466951843,1.24271541987,4.30293250017,0.410662244848,0.493275743595,8375,0.0257296466974,0.108809877693,126,126,126,1,0,0.103174603175,0.825396825397,0.0714285714286,-205,-0.0130158730159,-0.165541436437,-3.25396825397,-1.03733174686,-1.62603215993,-2.50068544612,-0.00916140870285,-0.000833622756413,-2.27161511795,-0.0355414283966,-0.0102884622142,-0.366306379383,0.0583549131953,0.0310231507124,0.0449251483166,0.0326911948592,-0.0396335661063,-0.165541436437,0.0449251483166,-0.0396335661063,-0.0964575911038,-0.0706336812436,-3753,-0.0115299539171,-0.00120680379576,0.047619047619,-0.0555555555556,0.00793650793651,1524,12,217,13997,0.875358989087,0.999143407809,0.000856592190735,0.124641010913,0.9921875,0.875358989087,0.930119011291,0.924294127936,0.874502396896,0.869366799772,376,581,0,3,1,3
161,WLNM_dir_neg_kfold,0.877471034865,0.658093381573,00:00:28,10,66.6666666667,18,13363,threshold_sweep,0.8,0.968085106383,0.626506024096,0.760710553814,364,12,217,1150,0.626506024096,0.989672977625,0.0103270223752,0.373493975904,0.968085106383,0.626506024096,0.760710553814,0.868617326449,0.59475999235,0.675790467202,0.706187205263,0.616179001721,1779,1198,581,0,1779,0,1198,0,581,126,1741,0.11053968254,3.35021095487,27.6349206349,14.6302521008,14.7542372881,19.3405700742,0.69985980165,0.389650173682,15.6125082129,1.12991156509,0.578854517108,9.15239928644,0.662379270587,0.377355652198,1.19779027155,0.357526820756,4.34256606628,3.35021095487,1.19779027155,4.34256606628,0.507119835952,0.563909424838,12128,0.0372596006144,0.110016681489,126,126,126,1,0,0.0555555555556,0.880952380952,0.0634920634921,126,0.0736507936508,2.91548800933,18.4126984127,10.5454545455,10,13.0250649695,0.707395769897,0.395874384236,10.40485845,1.13018290061,0.58416803503,6.49839052113,0.705859660054,0.398275862069,1.15823659145,0.397270229803,3.98797667635,2.91548800933,1.15823659145,3.98797667635,0.320488422322,0.376834562117,3646,0.0112012288786,0.0759935796492,126,126,126,1,0,0.126984126984,0.793650793651,0.0793650793651,126,1536,0.0975238095238,3.18466951843,24.380952381,13.592920354,13.1282051282,16.839884628,0.690698392947,0.388816550926,13.340893095,1.0943701367,0.568566054894,8.78609290706,0.720734183782,0.40837880291,1.24271541987,0.390218015615,4.30293250017,3.18466951843,1.24271541987,4.30293250017,0.410662244848,0.493275743595,8375,0.0257296466974,0.108809877693,126,126,126,1,0,0.103174603175,0.825396825397,0.0714285714286,-205,-0.0130158730159,-0.165541436437,-3.25396825397,-1.03733174686,-1.62603215993,-2.50068544612,-0.00916140870285,-0.000833622756413,-2.27161511795,-0.0355414283966,-0.0102884622142,-0.366306379383,0.0583549131953,0.0310231507124,0.0449251483166,0.0326911948592,-0.0396335661063,-0.165541436437,0.0449251483166,-0.0396335661063,-0.0964575911038,-0.0706336812436,-3753,-0.0115299539171,-0.00120680379576,0.047619047619,-0.0555555555556,0.00793650793651,1524,12,217,13997,0.875358989087,0.999143407809,0.000856592190735,0.124641010913,0.9921875,0.875358989087,0.930119011291,0.924294127936,0.874502396896,0.869366799772,376,581,0,3,1,3
162,WLNM_dir_neg_kfold,0.877471034865,0.658093381573,00:00:28,10,66.6666666667,18,13363,threshold_sweep,0.9,0.975543478261,0.617900172117,0.756585879874,359,9,222,1153,0.617900172117,0.992254733219,0.00774526678141,0.382099827883,0.975543478261,0.617900172117,0.756585879874,0.867469879518,0.596289921591,0.671719564188,0.704783907117,0.610154905336,1779,1198,581,0,1779,0,1198,0,581,126,1741,0.11053968254,3.35021095487,27.6349206349,14.6302521008,14.7542372881,19.3405700742,0.69985980165,0.389650173682,15.6125082129,1.12991156509,0.578854517108,9.15239928644,0.662379270587,0.377355652198,1.19779027155,0.357526820756,4.34256606628,3.35021095487,1.19779027155,4.34256606628,0.507119835952,0.563909424838,12128,0.0372596006144,0.110016681489,126,126,126,1,0,0.0555555555556,0.880952380952,0.0634920634921,126,0.0736507936508,2.91548800933,18.4126984127,10.5454545455,10,13.0250649695,0.707395769897,0.395874384236,10.40485845,1.13018290061,0.58416803503,6.49839052113,0.705859660054,0.398275862069,1.15823659145,0.397270229803,3.98797667635,2.91548800933,1.15823659145,3.98797667635,0.320488422322,0.376834562117,3646,0.0112012288786,0.0759935796492,126,126,126,1,0,0.126984126984,0.793650793651,0.0793650793651,126,1528,0.0970158730159,3.00131150136,24.253968254,13.8909090909,13.0598290598,16.8513199521,0.6947860975,0.390686030084,13.367413588,1.10228672257,0.572249231281,8.71227559434,0.718420631471,0.407078450927,1.19428882868,0.397922317672,4.10353358344,3.00131150136,1.19428882868,4.10353358344,0.412411099076,0.493426125467,8319,0.0255576036866,0.108429537374,126,126,126,1,0,0.126984126984,0.801587301587,0.0714285714286,-213,-0.0135238095238,-0.348899453505,-3.38095238095,-0.739343009931,-1.69440822831,-2.4892501221,-0.00507370414961,0.0010358564016,-2.24509462495,-0.0276248425255,-0.00660528582775,-0.440123692098,0.0560413608839,0.0297227987289,-0.00350144287546,0.0403954969167,-0.239032482834,-0.348899453505,-0.00350144287546,-0.239032482834,-0.0947087368762,-0.0704832993713,-3809,-0.0117019969278,-0.00158714411501,0.0714285714286,-0.0793650793651,0.00793650793651,1519,9,222,14000,0.872487076393,0.999357555857,0.000642444143051,0.127512923607,0.994109947644,0.872487076393,0.929336188437,0.92363426705,0.87184463225,0.868,368,581,0,3,1,3
163,WLNM_dir_neg_kfold,0.864621505446,0.666621495562,00:00:28,10,66.6666666667,19,13364,threshold_sweep,0.1,0.933497536946,0.652323580034,0.76798378926,379,27,202,1135,0.652323580034,0.976764199656,0.0232358003442,0.347676419966,0.933497536946,0.652323580034,0.76798378926,0.868617326449,0.589022757697,0.680316426245,0.701574279143,0.62908777969,1779,1198,581,0,1779,0,1198,0,581,126,1741,0.11053968254,3.35021095487,27.6349206349,14.6302521008,14.7542372881,19.3405700742,0.69985980165,0.389650173682,15.6125082129,1.12991156509,0.578854517108,9.15239928644,0.662379270587,0.377355652198,1.19779027155,0.357526820756,4.34256606628,3.35021095487,1.19779027155,4.34256606628,0.507119835952,0.563909424838,12128,0.0372596006144,0.110016681489,126,126,126,1,0,0.0555555555556,0.880952380952,0.0634920634921,126,0.0736507936508,2.91548800933,18.4126984127,10.5454545455,10,13.0250649695,0.707395769897,0.395874384236,10.40485845,1.13018290061,0.58416803503,6.49839052113,0.705859660054,0.398275862069,1.15823659145,0.397270229803,3.98797667635,2.91548800933,1.15823659145,3.98797667635,0.320488422322,0.376834562117,3646,0.0112012288786,0.0759935796492,126,126,126,1,0,0.126984126984,0.793650793651,0.0793650793651,126,1566,0.0994285714286,6.99228051819,24.8571428571,12.6290322581,13.5,16.769359814,0.674629417805,0.380921972876,13.2141915055,1.06321081078,0.547558231466,9.05046170882,0.728198068526,0.411603721949,1.92109244951,0.274744762386,8.14586885297,6.99228051819,1.92109244951,8.14586885297,0.417508303331,0.493081978554,8553,0.0262764976959,0.101866083066,126,126,126,1,0,0.015873015873,0.904761904762,0.0793650793651,-175,-0.0111111111111,3.64206956332,-2.77777777778,-2.00121984278,-1.25423728814,-2.57121026016,-0.0252303838452,-0.00872820080634,-2.39831670746,-0.0667007543096,-0.0312962856421,-0.101937577617,0.0658187979393,0.0342480697509,0.723302177952,-0.0827820583696,3.80330278669,3.64206956332,0.723302177952,3.80330278669,-0.0896115326211,-0.0708274462843,-3575,-0.0109831029186,-0.00815059842288,-0.0396825396825,0.0238095238095,0.015873015873,1539,27,202,13982,0.883974727168,0.998072667571,0.00192733242915,0.116025272832,0.98275862069,0.883974727168,0.930752948292,0.924271655069,0.882047394739,0.870475113122,406,581,0,3,1,3
164,WLNM_dir_neg_kfold,0.864621505446,0.666621495562,00:00:28,10,66.6666666667,19,13364,threshold_sweep,0.2,0.95641025641,0.641996557659,0.768280123584,373,17,208,1145,0.641996557659,0.985370051635,0.0146299483649,0.358003442341,0.95641025641,0.641996557659,0.768280123584,0.87091222031,0.592082616179,0.683544303797,0.709628956577,0.627366609294,1779,1198,581,0,1779,0,1198,0,581,126,1741,0.11053968254,3.35021095487,27.6349206349,14.6302521008,14.7542372881,19.3405700742,0.69985980165,0.389650173682,15.6125082129,1.12991156509,0.578854517108,9.15239928644,0.662379270587,0.377355652198,1.19779027155,0.357526820756,4.34256606628,3.35021095487,1.19779027155,4.34256606628,0.507119835952,0.563909424838,12128,0.0372596006144,0.110016681489,126,126,126,1,0,0.0555555555556,0.880952380952,0.0634920634921,126,0.0736507936508,2.91548800933,18.4126984127,10.5454545455,10,13.0250649695,0.707395769897,0.395874384236,10.40485845,1.13018290061,0.58416803503,6.49839052113,0.705859660054,0.398275862069,1.15823659145,0.397270229803,3.98797667635,2.91548800933,1.15823659145,3.98797667635,0.320488422322,0.376834562117,3646,0.0112012288786,0.0759935796492,126,126,126,1,0,0.126984126984,0.793650793651,0.0793650793651,126,1550,0.0984126984127,3.5975243713,24.6031746032,13.1355932203,13.3620689655,16.7871757554,0.682317466186,0.384485407066,13.2757040288,1.07918626299,0.558494623656,8.91315418134,0.724553178612,0.409943676395,1.29827663112,0.360880565947,5.13053435115,3.5975243713,1.29827663112,5.13053435115,0.399734750592,0.49087509495,8401,0.0258095238095,0.104660319464,126,126,126,1,0,0.0634920634921,0.857142857143,0.0793650793651,-191,-0.012126984127,0.247313416431,-3.03174603175,-1.4946588805,-1.39216832262,-2.55339431881,-0.0175423354643,-0.00516476661629,-2.33680418412,-0.050725302107,-0.0203598934525,-0.2392451051,0.0621739080254,0.0325880241976,0.100486359569,0.00335374519172,0.787968284868,0.247313416431,0.100486359569,0.787968284868,-0.107385085359,-0.0730343298888,-3727,-0.0114500768049,-0.00535636202506,0.00793650793651,-0.0238095238095,0.015873015873,1533,17,208,13992,0.880528431936,0.998786494396,0.00121350560354,0.119471568064,0.989032258065,0.880528431936,0.931631722881,0.925629905079,0.879314926332,0.872013651877,390,581,0,3,1,3
165,WLNM_dir_neg_kfold,0.864621505446,0.666621495562,00:00:28,10,66.6666666667,19,13364,threshold_sweep,0.3,0.95641025641,0.641996557659,0.768280123584,373,17,208,1145,0.641996557659,0.985370051635,0.0146299483649,0.358003442341,0.95641025641,0.641996557659,0.768280123584,0.87091222031,0.592082616179,0.683544303797,0.709628956577,0.627366609294,1779,1198,581,0,1779,0,1198,0,581,126,1741,0.11053968254,3.35021095487,27.6349206349,14.6302521008,14.7542372881,19.3405700742,0.69985980165,0.389650173682,15.6125082129,1.12991156509,0.578854517108,9.15239928644,0.662379270587,0.377355652198,1.19779027155,0.357526820756,4.34256606628,3.35021095487,1.19779027155,4.34256606628,0.507119835952,0.563909424838,12128,0.0372596006144,0.110016681489,126,126,126,1,0,0.0555555555556,0.880952380952,0.0634920634921,126,0.0736507936508,2.91548800933,18.4126984127,10.5454545455,10,13.0250649695,0.707395769897,0.395874384236,10.40485845,1.13018290061,0.58416803503,6.49839052113,0.705859660054,0.398275862069,1.15823659145,0.397270229803,3.98797667635,2.91548800933,1.15823659145,3.98797667635,0.320488422322,0.376834562117,3646,0.0112012288786,0.0759935796492,126,126,126,1,0,0.126984126984,0.793650793651,0.0793650793651,126,1550,0.0984126984127,3.5975243713,24.6031746032,13.1355932203,13.3620689655,16.7871757554,0.682317466186,0.384485407066,13.2757040288,1.07918626299,0.558494623656,8.91315418134,0.724553178612,0.409943676395,1.29827663112,0.360880565947,5.13053435115,3.5975243713,1.29827663112,5.13053435115,0.399734750592,0.49087509495,8401,0.0258095238095,0.104660319464,126,126,126,1,0,0.0634920634921,0.857142857143,0.0793650793651,-191,-0.012126984127,0.247313416431,-3.03174603175,-1.4946588805,-1.39216832262,-2.55339431881,-0.0175423354643,-0.00516476661629,-2.33680418412,-0.050725302107,-0.0203598934525,-0.2392451051,0.0621739080254,0.0325880241976,0.100486359569,0.00335374519172,0.787968284868,0.247313416431,0.100486359569,0.787968284868,-0.107385085359,-0.0730343298888,-3727,-0.0114500768049,-0.00535636202506,0.00793650793651,-0.0238095238095,0.015873015873,1533,17,208,13992,0.880528431936,0.998786494396,0.00121350560354,0.119471568064,0.989032258065,0.880528431936,0.931631722881,0.925629905079,0.879314926332,0.872013651877,390,581,0,3,1,3
166,WLNM_dir_neg_kfold,0.864621505446,0.666621495562,00:00:28,10,66.6666666667,19,13364,threshold_sweep,0.4,0.973544973545,0.63339070568,0.767466110532,368,10,213,1152,0.63339070568,0.991394148021,0.00860585197935,0.36660929432,0.973544973545,0.63339070568,0.767466110532,0.87205966724,0.59437751004,0.684582743989,0.714676327871,0.624784853701,1779,1198,581,0,1779,0,1198,0,581,126,1741,0.11053968254,3.35021095487,27.6349206349,14.6302521008,14.7542372881,19.3405700742,0.69985980165,0.389650173682,15.6125082129,1.12991156509,0.578854517108,9.15239928644,0.662379270587,0.377355652198,1.19779027155,0.357526820756,4.34256606628,3.35021095487,1.19779027155,4.34256606628,0.507119835952,0.563909424838,12128,0.0372596006144,0.110016681489,126,126,126,1,0,0.0555555555556,0.880952380952,0.0634920634921,126,0.0736507936508,2.91548800933,18.4126984127,10.5454545455,10,13.0250649695,0.707395769897,0.395874384236,10.40485845,1.13018290061,0.58416803503,6.49839052113,0.705859660054,0.398275862069,1.15823659145,0.397270229803,3.98797667635,2.91548800933,1.15823659145,3.98797667635,0.320488422322,0.376834562117,3646,0.0112012288786,0.0759935796492,126,126,126,1,0,0.126984126984,0.793650793651,0.0793650793651,126,1538,0.0976507936508,3.07451484159,24.4126984127,13.610619469,13.2586206897,16.804889689,0.688366742788,0.387578178215,13.3262552641,1.09174783048,0.566526307098,8.83567084975,0.723858600174,0.410221479142,1.20920780949,0.393300365031,4.11280068196,3.07451484159,1.20920780949,4.11280068196,0.408128268074,0.492280494991,8354,0.0256651305684,0.108909032683,126,126,126,1,0,0.103174603175,0.81746031746,0.0793650793651,-203,-0.0128888888889,-0.275696113275,-3.22222222222,-1.01963263181,-1.49561659848,-2.53568038514,-0.0114930588614,-0.00207199546697,-2.28625294878,-0.038163734611,-0.0123282100099,-0.316728436692,0.0614793295877,0.0328658269445,0.0114175379369,0.0357735442754,-0.229765384315,-0.275696113275,0.0114175379369,-0.229765384315,-0.098991567878,-0.0716289298473,-3774,-0.0115944700461,-0.0011076488061,0.047619047619,-0.0634920634921,0.015873015873,1528,10,213,13999,0.877656519242,0.999286173174,0.000713826825612,0.122343480758,0.993498049415,0.877656519242,0.931991460811,0.926335695505,0.876942692416,0.872644203312,378,581,0,3,1,3
167,WLNM_dir_neg_kfold,0.864621505446,0.666621495562,00:00:28,10,66.6666666667,19,13364,threshold_sweep,0.5,0.973333333333,0.628227194492,0.76359832636,365,10,216,1152,0.628227194492,0.991394148021,0.00860585197935,0.371772805508,0.973333333333,0.628227194492,0.76359832636,0.870338496845,0.594951233505,0.679886685552,0.710818653311,0.619621342513,1779,1198,581,0,1779,0,1198,0,581,126,1741,0.11053968254,3.35021095487,27.6349206349,14.6302521008,14.7542372881,19.3405700742,0.69985980165,0.389650173682,15.6125082129,1.12991156509,0.578854517108,9.15239928644,0.662379270587,0.377355652198,1.19779027155,0.357526820756,4.34256606628,3.35021095487,1.19779027155,4.34256606628,0.507119835952,0.563909424838,12128,0.0372596006144,0.110016681489,126,126,126,1,0,0.0555555555556,0.880952380952,0.0634920634921,126,0.0736507936508,2.91548800933,18.4126984127,10.5454545455,10,13.0250649695,0.707395769897,0.395874384236,10.40485845,1.13018290061,0.58416803503,6.49839052113,0.705859660054,0.398275862069,1.15823659145,0.397270229803,3.98797667635,2.91548800933,1.15823659145,3.98797667635,0.320488422322,0.376834562117,3646,0.0112012288786,0.0759935796492,126,126,126,1,0,0.126984126984,0.793650793651,0.0793650793651,126,1535,0.0974603174603,3.05563590213,24.3650793651,13.8288288288,13.2327586207,16.8145666252,0.690109249113,0.388532133809,13.332907136,1.09442755644,0.568331523706,8.82215465169,0.724163834602,0.410170104958,1.22607275532,0.401249623511,4.1088303868,3.05563590213,1.22607275532,4.1088303868,0.411025153438,0.491622201658,8323,0.0255698924731,0.11067863718,126,126,126,1,0,0.119047619048,0.801587301587,0.0793650793651,-206,-0.0130793650794,-0.294575052737,-3.26984126984,-0.801423272012,-1.52147866745,-2.52600344895,-0.00975055253694,-0.00111803987333,-2.27960107687,-0.0354840086493,-0.0105229934023,-0.330244634745,0.061784564015,0.0328144527607,0.0282824837627,0.0437228027556,-0.233735679482,-0.294575052737,0.0282824837627,-0.233735679482,-0.0960946825133,-0.0722872231806,-3805,-0.0116897081413,0.000661955691467,0.0634920634921,-0.0793650793651,0.015873015873,1525,10,216,13999,0.875933371626,0.999286173174,0.000713826825612,0.124066628374,0.99348534202,0.875933371626,0.931013431013,0.925320830035,0.8752195448,0.87093089663,375,581,0,3,1,3
168,WLNM_dir_neg_kfold,0.864621505446,0.666621495562,00:00:28,10,66.6666666667,19,13364,threshold_sweep,0.6,0.973262032086,0.626506024096,0.762303664921,364,10,217,1152,0.626506024096,0.991394148021,0.00860585197935,0.373493975904,0.973262032086,0.626506024096,0.762303664921,0.869764773379,0.595142474661,0.678318375059,0.709531892599,0.617900172117,1779,1198,581,0,1779,0,1198,0,581,126,1741,0.11053968254,3.35021095487,27.6349206349,14.6302521008,14.7542372881,19.3405700742,0.69985980165,0.389650173682,15.6125082129,1.12991156509,0.578854517108,9.15239928644,0.662379270587,0.377355652198,1.19779027155,0.357526820756,4.34256606628,3.35021095487,1.19779027155,4.34256606628,0.507119835952,0.563909424838,12128,0.0372596006144,0.110016681489,126,126,126,1,0,0.0555555555556,0.880952380952,0.0634920634921,126,0.0736507936508,2.91548800933,18.4126984127,10.5454545455,10,13.0250649695,0.707395769897,0.395874384236,10.40485845,1.13018290061,0.58416803503,6.49839052113,0.705859660054,0.398275862069,1.15823659145,0.397270229803,3.98797667635,2.91548800933,1.15823659145,3.98797667635,0.320488422322,0.376834562117,3646,0.0112012288786,0.0759935796492,126,126,126,1,0,0.126984126984,0.793650793651,0.0793650793651,126,1534,0.0973968253968,3.0553402399,24.3492063492,13.8198198198,13.224137931,16.7920540544,0.689634553733,0.38829390948,13.3219093917,1.09423766842,0.568189813953,8.81369785285,0.723941283871,0.409977028621,1.2257472583,0.401181918232,4.10875426178,3.0553402399,1.2257472583,4.10875426178,0.410842778642,0.491350231778,8303,0.0255084485407,0.110628810872,126,126,126,1,0,0.119047619048,0.801587301587,0.0793650793651,-207,-0.0131428571429,-0.294870714965,-3.28571428571,-0.810432281021,-1.5300993571,-2.54851601979,-0.0102252479173,-0.00135626420199,-2.29059882119,-0.0356738966729,-0.0106647031559,-0.338701433593,0.0615620132847,0.0326213764234,0.0279569867423,0.0436550974768,-0.233811804493,-0.294870714965,0.0279569867423,-0.233811804493,-0.0962770573102,-0.0725591930601,-3825,-0.0117511520737,0.000612129383787,0.0634920634921,-0.0793650793651,0.015873015873,1524,10,217,13999,0.875358989087,0.999286173174,0.000713826825612,0.124641010913,0.993481095176,0.875358989087,0.930687022901,0.924982389419,0.874645162261,0.870359794403,374,581,0,3,1,3
169,WLNM_dir_neg_kfold,0.864621505446,0.666621495562,00:00:28,10,66.6666666667,19,13364,threshold_sweep,0.7,0.973190348525,0.624784853701,0.761006289308,363,10,218,1152,0.624784853701,0.991394148021,0.00860585197935,0.375215146299,0.973190348525,0.624784853701,0.761006289308,0.869191049914,0.595333715816,0.676748582231,0.70824468653,0.616179001721,1779,1198,581,0,1779,0,1198,0,581,126,1741,0.11053968254,3.35021095487,27.6349206349,14.6302521008,14.7542372881,19.3405700742,0.69985980165,0.389650173682,15.6125082129,1.12991156509,0.578854517108,9.15239928644,0.662379270587,0.377355652198,1.19779027155,0.357526820756,4.34256606628,3.35021095487,1.19779027155,4.34256606628,0.507119835952,0.563909424838,12128,0.0372596006144,0.110016681489,126,126,126,1,0,0.0555555555556,0.880952380952,0.0634920634921,126,0.0736507936508,2.91548800933,18.4126984127,10.5454545455,10,13.0250649695,0.707395769897,0.395874384236,10.40485845,1.13018290061,0.58416803503,6.49839052113,0.705859660054,0.398275862069,1.15823659145,0.397270229803,3.98797667635,2.91548800933,1.15823659145,3.98797667635,0.320488422322,0.376834562117,3646,0.0112012288786,0.0759935796492,126,126,126,1,0,0.126984126984,0.793650793651,0.0793650793651,126,1533,0.0973333333333,3.03464975884,24.3333333333,13.9363636364,13.2155172414,16.7957137389,0.690234811189,0.388567908137,13.3289159349,1.09552733712,0.569052278446,8.80249964499,0.723493121506,0.409752637737,1.2228381394,0.402958573997,4.0800058993,3.03464975884,1.2228381394,4.0800058993,0.411581083625,0.491738229198,8303,0.0255084485407,0.110891748663,126,126,126,1,0,0.126984126984,0.793650793651,0.0793650793651,-208,-0.0132063492063,-0.315561196031,-3.30158730159,-0.693888464477,-1.53872004676,-2.54485633524,-0.00962499046102,-0.00108226554496,-2.283592278,-0.0343842279772,-0.00980223866277,-0.349899641452,0.0611138509192,0.0323969855393,0.0250478678466,0.0454317532414,-0.262560166978,-0.315561196031,0.0250478678466,-0.262560166978,-0.0955387523263,-0.0721711956409,-3825,-0.0117511520737,0.00087506717413,0.0714285714286,-0.0873015873016,0.015873015873,1523,10,218,13999,0.874784606548,0.999286173174,0.000713826825612,0.125215393452,0.993476842792,0.874784606548,0.930360415394,0.924643872585,0.874070779722,0.869788692176,373,581,0,3,1,3
170,WLNM_dir_neg_kfold,0.864621505446,0.666621495562,00:00:28,10,66.6666666667,19,13364,threshold_sweep,0.8,0.97311827957,0.623063683305,0.759706190976,362,10,219,1152,0.623063683305,0.991394148021,0.00860585197935,0.376936316695,0.97311827957,0.623063683305,0.759706190976,0.868617326449,0.595524956971,0.675177304965,0.706957028593,0.614457831325,1779,1198,581,0,1779,0,1198,0,581,126,1741,0.11053968254,3.35021095487,27.6349206349,14.6302521008,14.7542372881,19.3405700742,0.69985980165,0.389650173682,15.6125082129,1.12991156509,0.578854517108,9.15239928644,0.662379270587,0.377355652198,1.19779027155,0.357526820756,4.34256606628,3.35021095487,1.19779027155,4.34256606628,0.507119835952,0.563909424838,12128,0.0372596006144,0.110016681489,126,126,126,1,0,0.0555555555556,0.880952380952,0.0634920634921,126,0.0736507936508,2.91548800933,18.4126984127,10.5454545455,10,13.0250649695,0.707395769897,0.395874384236,10.40485845,1.13018290061,0.58416803503,6.49839052113,0.705859660054,0.398275862069,1.15823659145,0.397270229803,3.98797667635,2.91548800933,1.15823659145,3.98797667635,0.320488422322,0.376834562117,3646,0.0112012288786,0.0759935796492,126,126,126,1,0,0.126984126984,0.793650793651,0.0793650793651,126,1532,0.0972698412698,3.03513312815,24.3174603175,13.9272727273,13.2068965517,16.8007860738,0.690893944289,0.388904430354,13.331114101,1.09642322241,0.569221683451,8.78945977718,0.722892905956,0.409476149032,1.22303946776,0.402960732238,4.08009535236,3.03513312815,1.22303946776,4.08009535236,0.411918584236,0.49203840531,8302,0.0255053763441,0.110733933264,126,126,126,1,0,0.126984126984,0.793650793651,0.0793650793651,-209,-0.0132698412698,-0.315077826717,-3.31746031746,-0.702979373568,-1.54734073641,-2.53978400034,-0.0089658573607,-0.000745743328823,-2.28139411189,-0.0334883426852,-0.00963283365695,-0.362939509263,0.0605136353691,0.0321204968346,0.0252491962056,0.0454339114826,-0.262470713915,-0.315077826717,0.0252491962056,-0.262470713915,-0.095201251716,-0.0718710195281,-3826,-0.0117542242704,0.000717251775534,0.0714285714286,-0.0873015873016,0.015873015873,1522,10,219,13999,0.874210224009,0.999286173174,0.000713826825612,0.125789775991,0.993472584856,0.874210224009,0.93003360831,0.924305279438,0.873496397184,0.869217589949,372,581,0,3,1,3
171,WLNM_dir_neg_kfold,0.864621505446,0.666621495562,00:00:28,10,66.6666666667,19,13364,threshold_sweep,0.9,0.97311827957,0.623063683305,0.759706190976,362,10,219,1152,0.623063683305,0.991394148021,0.00860585197935,0.376936316695,0.97311827957,0.623063683305,0.759706190976,0.868617326449,0.595524956971,0.675177304965,0.706957028593,0.614457831325,1779,1198,581,0,1779,0,1198,0,581,126,1741,0.11053968254,3.35021095487,27.6349206349,14.6302521008,14.7542372881,19.3405700742,0.69985980165,0.389650173682,15.6125082129,1.12991156509,0.578854517108,9.15239928644,0.662379270587,0.377355652198,1.19779027155,0.357526820756,4.34256606628,3.35021095487,1.19779027155,4.34256606628,0.507119835952,0.563909424838,12128,0.0372596006144,0.110016681489,126,126,126,1,0,0.0555555555556,0.880952380952,0.0634920634921,126,0.0736507936508,2.91548800933,18.4126984127,10.5454545455,10,13.0250649695,0.707395769897,0.395874384236,10.40485845,1.13018290061,0.58416803503,6.49839052113,0.705859660054,0.398275862069,1.15823659145,0.397270229803,3.98797667635,2.91548800933,1.15823659145,3.98797667635,0.320488422322,0.376834562117,3646,0.0112012288786,0.0759935796492,126,126,126,1,0,0.126984126984,0.793650793651,0.0793650793651,126,1532,0.0972698412698,3.03513312815,24.3174603175,13.9272727273,13.2068965517,16.8007860738,0.690893944289,0.388904430354,13.331114101,1.09642322241,0.569221683451,8.78945977718,0.722892905956,0.409476149032,1.22303946776,0.402960732238,4.08009535236,3.03513312815,1.22303946776,4.08009535236,0.411918584236,0.49203840531,8302,0.0255053763441,0.110733933264,126,126,126,1,0,0.126984126984,0.793650793651,0.0793650793651,-209,-0.0132698412698,-0.315077826717,-3.31746031746,-0.702979373568,-1.54734073641,-2.53978400034,-0.0089658573607,-0.000745743328823,-2.28139411189,-0.0334883426852,-0.00963283365695,-0.362939509263,0.0605136353691,0.0321204968346,0.0252491962056,0.0454339114826,-0.262470713915,-0.315077826717,0.0252491962056,-0.262470713915,-0.095201251716,-0.0718710195281,-3826,-0.0117542242704,0.000717251775534,0.0714285714286,-0.0873015873016,0.015873015873,1522,10,219,13999,0.874210224009,0.999286173174,0.000713826825612,0.125789775991,0.993472584856,0.874210224009,0.93003360831,0.924305279438,0.873496397184,0.869217589949,372,581,0,3,1,3
172,WLNM_dir_neg_kfold,0.844739173068,0.679973898569,00:00:28,10,66.6666666667,20,13365,threshold_sweep,0.1,0.928039702233,0.643717728055,0.760162601626,374,29,207,1133,0.643717728055,0.97504302926,0.0249569707401,0.356282271945,0.928039702233,0.643717728055,0.760162601626,0.864601262192,0.589596481163,0.67008387698,0.691845260748,0.618760757315,1779,1198,581,0,1779,0,1198,0,581,126,1741,0.11053968254,3.35021095487,27.6349206349,14.6302521008,14.7542372881,19.3405700742,0.69985980165,0.389650173682,15.6125082129,1.12991156509,0.578854517108,9.15239928644,0.662379270587,0.377355652198,1.19779027155,0.357526820756,4.34256606628,3.35021095487,1.19779027155,4.34256606628,0.507119835952,0.563909424838,12128,0.0372596006144,0.110016681489,126,126,126,1,0,0.0555555555556,0.880952380952,0.0634920634921,126,0.0736507936508,2.91548800933,18.4126984127,10.5454545455,10,13.0250649695,0.707395769897,0.395874384236,10.40485845,1.13018290061,0.58416803503,6.49839052113,0.705859660054,0.398275862069,1.15823659145,0.397270229803,3.98797667635,2.91548800933,1.15823659145,3.98797667635,0.320488422322,0.376834562117,3646,0.0112012288786,0.0759935796492,126,126,126,1,0,0.126984126984,0.793650793651,0.0793650793651,126,1563,0.0992380952381,10.8684262083,24.8095238095,12.7073170732,13.358974359,16.8967283393,0.681058148032,0.383785759985,13.2672098477,1.06952555394,0.552097614478,8.94622027131,0.721192421104,0.407910103687,2.84763217639,0.26200961591,14.2140992167,10.8684262083,2.84763217639,14.2140992167,0.403611167395,0.490205501836,8500,0.026113671275,0.100081834018,126,126,126,1,0,0.0238095238095,0.904761904762,0.0714285714286,-178,-0.0113015873016,7.51821525347,-2.8253968254,-1.92293502767,-1.39526292916,-2.44384173488,-0.0188016536174,-0.00586441369696,-2.34529836522,-0.0603860111523,-0.0267569026307,-0.206179015126,0.0588131505173,0.0305544514898,1.64984190484,-0.0955172048455,9.87153315043,7.51821525347,1.64984190484,9.87153315043,-0.103508668557,-0.0737039230026,-3628,-0.0111459293395,-0.0099348474707,-0.031746031746,0.0238095238095,0.00793650793651,1534,29,207,13980,0.881102814474,0.997929902206,0.00207009779428,0.118897185526,0.9814459373,0.881102814474,0.928571428571,0.921898735288,0.87903271668,0.866666666667,403,581,0,3,1,3
173,WLNM_dir_neg_kfold,0.844739173068,0.679973898569,00:00:28,10,66.6666666667,20,13365,threshold_sweep,0.2,0.944162436548,0.640275387263,0.763076923077,372,22,209,1140,0.640275387263,0.981067125645,0.0189328743546,0.359724612737,0.944162436548,0.640275387263,0.763076923077,0.867469879518,0.591317651559,0.67571361722,0.700274180542,0.621342512909,1779,1198,581,0,1779,0,1198,0,581,126,1741,0.11053968254,3.35021095487,27.6349206349,14.6302521008,14.7542372881,19.3405700742,0.69985980165,0.389650173682,15.6125082129,1.12991156509,0.578854517108,9.15239928644,0.662379270587,0.377355652198,1.19779027155,0.357526820756,4.34256606628,3.35021095487,1.19779027155,4.34256606628,0.507119835952,0.563909424838,12128,0.0372596006144,0.110016681489,126,126,126,1,0,0.0555555555556,0.880952380952,0.0634920634921,126,0.0736507936508,2.91548800933,18.4126984127,10.5454545455,10,13.0250649695,0.707395769897,0.395874384236,10.40485845,1.13018290061,0.58416803503,6.49839052113,0.705859660054,0.398275862069,1.15823659145,0.397270229803,3.98797667635,2.91548800933,1.15823659145,3.98797667635,0.320488422322,0.376834562117,3646,0.0112012288786,0.0759935796492,126,126,126,1,0,0.126984126984,0.793650793651,0.0793650793651,126,1554,0.0986666666667,4.02391444499,24.6666666667,13.0588235294,13.2820512821,16.9337532756,0.686503511174,0.386457886458,13.3212612016,1.08010225959,0.558487058487,8.90932096178,0.722377375279,0.408633122919,1.46213991206,0.363362574441,5.26089445016,4.02391444499,1.46213991206,5.26089445016,0.402744629374,0.491086464201,8457,0.0259815668203,0.104292093777,126,126,126,1,0,0.0555555555556,0.873015873016,0.0714285714286,-187,-0.011873015873,0.67370349012,-2.96825396825,-1.57142857143,-1.47218600608,-2.40681679853,-0.0133562904755,-0.00319228722445,-2.29124701136,-0.049809305508,-0.0203674586213,-0.24307832466,0.0599981046928,0.0312774707211,0.264349640508,0.00583575368573,0.918328383886,0.67370349012,0.264349640508,0.918328383886,-0.104375206578,-0.0728229606377,-3671,-0.0112780337942,-0.00572458771145,0,-0.00793650793651,0.00793650793651,1532,22,209,13987,0.879954049397,0.998429580984,0.00157041901635,0.120045950603,0.985842985843,0.879954049397,0.929893778452,0.923588856383,0.878383630381,0.868973340896,394,581,0,3,1,3
174,WLNM_dir_neg_kfold,0.844739173068,0.679973898569,00:00:28,10,66.6666666667,20,13365,threshold_sweep,0.3,0.946564885496,0.640275387263,0.76386036961,372,21,209,1141,0.640275387263,0.981927710843,0.0180722891566,0.359724612737,0.946564885496,0.640275387263,0.76386036961,0.868043602983,0.591508892714,0.676966292135,0.701875592184,0.622203098107,1779,1198,581,0,1779,0,1198,0,581,126,1741,0.11053968254,3.35021095487,27.6349206349,14.6302521008,14.7542372881,19.3405700742,0.69985980165,0.389650173682,15.6125082129,1.12991156509,0.578854517108,9.15239928644,0.662379270587,0.377355652198,1.19779027155,0.357526820756,4.34256606628,3.35021095487,1.19779027155,4.34256606628,0.507119835952,0.563909424838,12128,0.0372596006144,0.110016681489,126,126,126,1,0,0.0555555555556,0.880952380952,0.0634920634921,126,0.0736507936508,2.91548800933,18.4126984127,10.5454545455,10,13.0250649695,0.707395769897,0.395874384236,10.40485845,1.13018290061,0.58416803503,6.49839052113,0.705859660054,0.398275862069,1.15823659145,0.397270229803,3.98797667635,2.91548800933,1.15823659145,3.98797667635,0.320488422322,0.376834562117,3646,0.0112012288786,0.0759935796492,126,126,126,1,0,0.126984126984,0.793650793651,0.0793650793651,126,1553,0.0986031746032,4.02131889431,24.6507936508,13.0504201681,13.2735042735,16.9272880098,0.686683286938,0.386507425464,13.3265625666,1.08122787082,0.559097088073,8.91903973762,0.723631041172,0.409391960261,1.45900728821,0.36281810186,5.25106912809,4.02131889431,1.45900728821,5.25106912809,0.402744629374,0.491086464201,8457,0.0259815668203,0.104417843759,126,126,126,1,0,0.0555555555556,0.873015873016,0.0714285714286,-188,-0.0119365079365,0.671107939443,-2.98412698413,-1.57983193277,-1.48073301463,-2.41328206441,-0.0131765147121,-0.00314274821806,-2.28594564633,-0.0486836942689,-0.0197574290351,-0.233359548818,0.0612517705855,0.0320363080635,0.261217016652,0.00529128110418,0.908503061811,0.671107939443,0.261217016652,0.908503061811,-0.104375206578,-0.0728229606377,-3671,-0.0112780337942,-0.00559883772989,0,-0.00793650793651,0.00793650793651,1532,21,209,13988,0.879954049397,0.998500963666,0.00149903633379,0.120045950603,0.986477784932,0.879954049397,0.930176077717,0.923928704086,0.878455013063,0.869466515323,393,581,0,3,1,3
175,WLNM_dir_neg_kfold,0.844739173068,0.679973898569,00:00:28,10,66.6666666667,20,13365,threshold_sweep,0.4,0.960732984293,0.631669535284,0.76220145379,367,15,214,1147,0.631669535284,0.987091222031,0.012908777969,0.368330464716,0.960732984293,0.631669535284,0.76220145379,0.868617326449,0.59361254542,0.676705882353,0.70510395144,0.618760757315,1779,1198,581,0,1779,0,1198,0,581,126,1741,0.11053968254,3.35021095487,27.6349206349,14.6302521008,14.7542372881,19.3405700742,0.69985980165,0.389650173682,15.6125082129,1.12991156509,0.578854517108,9.15239928644,0.662379270587,0.377355652198,1.19779027155,0.357526820756,4.34256606628,3.35021095487,1.19779027155,4.34256606628,0.507119835952,0.563909424838,12128,0.0372596006144,0.110016681489,126,126,126,1,0,0.0555555555556,0.880952380952,0.0634920634921,126,0.0736507936508,2.91548800933,18.4126984127,10.5454545455,10,13.0250649695,0.707395769897,0.395874384236,10.40485845,1.13018290061,0.58416803503,6.49839052113,0.705859660054,0.398275862069,1.15823659145,0.397270229803,3.98797667635,2.91548800933,1.15823659145,3.98797667635,0.320488422322,0.376834562117,3646,0.0112012288786,0.0759935796492,126,126,126,1,0,0.126984126984,0.793650793651,0.0793650793651,126,1542,0.0979047619048,3.41368388613,24.4761904762,13.5263157895,13.1794871795,16.9614689391,0.692978302959,0.389696950981,13.3969719393,1.09469420516,0.567640458691,8.81764464825,0.720507928456,0.408560311284,1.30459930036,0.38216757728,4.54870444268,3.41368388613,1.30459930036,4.54870444268,0.409050553556,0.494158946855,8446,0.0259477726575,0.107323618473,126,126,126,1,0,0.0952380952381,0.833333333333,0.0714285714286,-199,-0.0126349206349,0.0634729312631,-3.15873015873,-1.10393631137,-1.57475010865,-2.37910113508,-0.00688149869123,4.67772986585e-05,-2.2155362736,-0.0352173599352,-0.0112140584174,-0.334754638187,0.0581286578698,0.0312046590863,0.106809028809,0.0246407565249,0.2061383764,0.0634729312631,0.106809028809,0.2061383764,-0.0980692823961,-0.0697504779832,-3682,-0.011311827957,-0.00269306301541,0.0396825396825,-0.047619047619,0.00793650793651,1527,15,214,13994,0.877082136703,0.998929259762,0.00107074023842,0.122917863297,0.990272373541,0.877082136703,0.930246725556,0.924281048392,0.876011396465,0.869589977221,382,581,0,3,1,3
176,WLNM_dir_neg_kfold,0.844739173068,0.679973898569,00:00:28,10,66.6666666667,20,13365,threshold_sweep,0.5,0.96062992126,0.629948364888,0.760914760915,366,15,215,1147,0.629948364888,0.987091222031,0.012908777969,0.370051635112,0.96062992126,0.629948364888,0.760914760915,0.868043602983,0.593803786575,0.675141242938,0.703806245194,0.617039586919,1779,1198,581,0,1779,0,1198,0,581,126,1741,0.11053968254,3.35021095487,27.6349206349,14.6302521008,14.7542372881,19.3405700742,0.69985980165,0.389650173682,15.6125082129,1.12991156509,0.578854517108,9.15239928644,0.662379270587,0.377355652198,1.19779027155,0.357526820756,4.34256606628,3.35021095487,1.19779027155,4.34256606628,0.507119835952,0.563909424838,12128,0.0372596006144,0.110016681489,126,126,126,1,0,0.0555555555556,0.880952380952,0.0634920634921,126,0.0736507936508,2.91548800933,18.4126984127,10.5454545455,10,13.0250649695,0.707395769897,0.395874384236,10.40485845,1.13018290061,0.58416803503,6.49839052113,0.705859660054,0.398275862069,1.15823659145,0.397270229803,3.98797667635,2.91548800933,1.15823659145,3.98797667635,0.320488422322,0.376834562117,3646,0.0112012288786,0.0759935796492,126,126,126,1,0,0.126984126984,0.793650793651,0.0793650793651,126,1541,0.0978412698413,3.41614362546,24.4603174603,13.5175438596,13.1709401709,16.9609673279,0.69340748972,0.389867433021,13.4015895764,1.09578214577,0.568086070682,8.80378345796,0.719842125699,0.408253762245,1.30690578872,0.382567576779,4.55186554433,3.41614362546,1.30690578872,4.55186554433,0.408862477111,0.493753172217,8431,0.0259016897081,0.107001234002,126,126,126,1,0,0.0952380952381,0.833333333333,0.0714285714286,-200,-0.0126984126984,0.0659326705986,-3.1746031746,-1.11270824119,-1.5832971172,-2.37960274625,-0.00645231192996,0.00021725933889,-2.21091863651,-0.0341294193257,-0.0107684464266,-0.348615828482,0.0574628551127,0.030898110047,0.109115517169,0.0250407560234,0.209299478058,0.0659326705986,0.109115517169,0.209299478058,-0.0982573588405,-0.0701562526212,-3697,-0.0113579109063,-0.00301544748624,0.0396825396825,-0.047619047619,0.00793650793651,1526,15,215,13994,0.876507754164,0.998929259762,0.00107074023842,0.123492245836,0.990266060999,0.876507754164,0.929920780012,0.923942153428,0.875437013926,0.869020501139,381,581,0,3,1,3
177,WLNM_dir_neg_kfold,0.844739173068,0.679973898569,00:00:28,10,66.6666666667,20,13365,threshold_sweep,0.6,0.965333333333,0.623063683305,0.757322175732,362,13,219,1149,0.623063683305,0.988812392427,0.0111876075731,0.376936316695,0.965333333333,0.623063683305,0.757322175732,0.866896156053,0.594951233505,0.671388101983,0.701933420145,0.611876075731,1779,1198,581,0,1779,0,1198,0,581,126,1741,0.11053968254,3.35021095487,27.6349206349,14.6302521008,14.7542372881,19.3405700742,0.69985980165,0.389650173682,15.6125082129,1.12991156509,0.578854517108,9.15239928644,0.662379270587,0.377355652198,1.19779027155,0.357526820756,4.34256606628,3.35021095487,1.19779027155,4.34256606628,0.507119835952,0.563909424838,12128,0.0372596006144,0.110016681489,126,126,126,1,0,0.0555555555556,0.880952380952,0.0634920634921,126,0.0736507936508,2.91548800933,18.4126984127,10.5454545455,10,13.0250649695,0.707395769897,0.395874384236,10.40485845,1.13018290061,0.58416803503,6.49839052113,0.705859660054,0.398275862069,1.15823659145,0.397270229803,3.98797667635,2.91548800933,1.15823659145,3.98797667635,0.320488422322,0.376834562117,3646,0.0112012288786,0.0759935796492,126,126,126,1,0,0.126984126984,0.793650793651,0.0793650793651,126,1535,0.0974603174603,3.37419597478,24.3650793651,13.7053571429,13.1196581197,16.9250598461,0.694644150035,0.390693345742,13.3915799179,1.09924369359,0.570037743653,8.77031428732,0.719908534334,0.40806059666,1.33076048679,0.394393359703,4.53852232165,3.37419597478,1.33076048679,4.53852232165,0.408903254587,0.491646684225,8338,0.0256159754224,0.108583732219,126,126,126,1,0,0.111111111111,0.81746031746,0.0714285714286,-206,-0.0130793650794,0.0239850199157,-3.26984126984,-0.924894957983,-1.63457916848,-2.41551022808,-0.00521565161495,0.00104317205987,-2.22092829498,-0.030667871504,-0.00881677345502,-0.382084999117,0.0575292637473,0.0307049444622,0.132970215237,0.0368665389476,0.195956255377,0.0239850199157,0.132970215237,0.195956255377,-0.0982165813647,-0.0722627406134,-3790,-0.011643625192,-0.00143294926999,0.0555555555556,-0.0634920634921,0.00793650793651,1522,13,219,13996,0.874210224009,0.999072025127,0.000927974873296,0.125789775991,0.991530944625,0.874210224009,0.929181929182,0.923272635336,0.873282249136,0.867730900798,375,581,0,3,1,3
178,WLNM_dir_neg_kfold,0.844739173068,0.679973898569,00:00:28,10,66.6666666667,20,13365,threshold_sweep,0.7,0.965147453083,0.619621342513,0.754716981132,360,13,221,1149,0.619621342513,0.988812392427,0.0111876075731,0.380378657487,0.965147453083,0.619621342513,0.754716981132,0.865748709122,0.595333715816,0.668241965974,0.69934216952,0.60843373494,1779,1198,581,0,1779,0,1198,0,581,126,1741,0.11053968254,3.35021095487,27.6349206349,14.6302521008,14.7542372881,19.3405700742,0.69985980165,0.389650173682,15.6125082129,1.12991156509,0.578854517108,9.15239928644,0.662379270587,0.377355652198,1.19779027155,0.357526820756,4.34256606628,3.35021095487,1.19779027155,4.34256606628,0.507119835952,0.563909424838,12128,0.0372596006144,0.110016681489,126,126,126,1,0,0.0555555555556,0.880952380952,0.0634920634921,126,0.0736507936508,2.91548800933,18.4126984127,10.5454545455,10,13.0250649695,0.707395769897,0.395874384236,10.40485845,1.13018290061,0.58416803503,6.49839052113,0.705859660054,0.398275862069,1.15823659145,0.397270229803,3.98797667635,2.91548800933,1.15823659145,3.98797667635,0.320488422322,0.376834562117,3646,0.0112012288786,0.0759935796492,126,126,126,1,0,0.126984126984,0.793650793651,0.0793650793651,126,1533,0.0973333333333,3.39361105934,24.3333333333,13.6875,13.1025641026,16.9295008786,0.695732912821,0.391187525238,13.4037308239,1.10167650608,0.571433748537,8.74414089548,0.718696511957,0.407505772476,1.34054054719,0.395018911639,4.5594731034,3.39361105934,1.34054054719,4.5594731034,0.408623473504,0.491179713341,8316,0.0255483870968,0.107884454275,126,126,126,1,0,0.111111111111,0.81746031746,0.0714285714286,-208,-0.0132063492063,0.0434001044728,-3.30158730159,-0.94275210084,-1.65167318557,-2.41106919552,-0.00412688882884,0.00153735155607,-2.208777389,-0.0282350590181,-0.00742076857093,-0.40825839096,0.0563172413706,0.0301501202787,0.142750275634,0.0374920908838,0.216907037128,0.0434001044728,0.142750275634,0.216907037128,-0.0984963624475,-0.0727297114977,-3812,-0.0117112135177,-0.00213222721385,0.0555555555556,-0.0634920634921,0.00793650793651,1520,13,221,13996,0.873061458932,0.999072025127,0.000927974873296,0.126938541068,0.991519895629,0.873061458932,0.928527794746,0.922594486418,0.872133484058,0.866590649943,373,581,0,3,1,3
179,WLNM_dir_neg_kfold,0.844739173068,0.679973898569,00:00:28,10,66.6666666667,20,13365,threshold_sweep,0.8,0.972899728997,0.617900172117,0.755789473684,359,10,222,1152,0.617900172117,0.991394148021,0.00860585197935,0.382099827883,0.972899728997,0.617900172117,0.755789473684,0.866896156053,0.596098680436,0.670454545455,0.703091277943,0.609294320138,1779,1198,581,0,1779,0,1198,0,581,126,1741,0.11053968254,3.35021095487,27.6349206349,14.6302521008,14.7542372881,19.3405700742,0.69985980165,0.389650173682,15.6125082129,1.12991156509,0.578854517108,9.15239928644,0.662379270587,0.377355652198,1.19779027155,0.357526820756,4.34256606628,3.35021095487,1.19779027155,4.34256606628,0.507119835952,0.563909424838,12128,0.0372596006144,0.110016681489,126,126,126,1,0,0.0555555555556,0.880952380952,0.0634920634921,126,0.0736507936508,2.91548800933,18.4126984127,10.5454545455,10,13.0250649695,0.707395769897,0.395874384236,10.40485845,1.13018290061,0.58416803503,6.49839052113,0.705859660054,0.398275862069,1.15823659145,0.397270229803,3.98797667635,2.91548800933,1.15823659145,3.98797667635,0.320488422322,0.376834562117,3646,0.0112012288786,0.0759935796492,126,126,126,1,0,0.126984126984,0.793650793651,0.0793650793651,126,1529,0.0970793650794,3.20167134792,24.2698412698,13.9,13.0683760684,16.9466988872,0.698261628447,0.392408151401,13.4285386693,1.10660292501,0.574433959326,8.73004300068,0.719414923535,0.407959346808,1.30360816569,0.407164891093,4.30741204963,3.20167134792,1.30360816569,4.30741204963,0.410202075731,0.492199533947,8308,0.0255238095238,0.10862826842,126,126,126,1,0,0.126984126984,0.801587301587,0.0714285714286,-212,-0.0134603174603,-0.148539606949,-3.36507936508,-0.73025210084,-1.68586121976,-2.39387118693,-0.00159817320261,0.00275797771862,-2.18396954359,-0.0233086400866,-0.00442055778235,-0.422356285763,0.0570356529485,0.0306036946106,0.105817894137,0.0496380703375,-0.0351540166512,-0.148539606949,0.105817894137,-0.0351540166512,-0.0969177602203,-0.0717098908916,-3820,-0.0117357910906,-0.00138841306845,0.0714285714286,-0.0793650793651,0.00793650793651,1519,10,222,13999,0.872487076393,0.999286173174,0.000713826825612,0.127512923607,0.993459777632,0.872487076393,0.929051987768,0.923289041184,0.871773249567,0.867504283267,369,581,0,3,1,3
180,WLNM_dir_neg_kfold,0.844739173068,0.679973898569,00:00:28,10,66.6666666667,20,13365,threshold_sweep,0.9,0.978142076503,0.616179001721,0.756071805702,358,8,223,1154,0.616179001721,0.993115318417,0.00688468158348,0.383820998279,0.978142076503,0.616179001721,0.756071805702,0.867469879518,0.596672403901,0.671408250356,0.705197472432,0.609294320138,1779,1198,581,0,1779,0,1198,0,581,126,1741,0.11053968254,3.35021095487,27.6349206349,14.6302521008,14.7542372881,19.3405700742,0.69985980165,0.389650173682,15.6125082129,1.12991156509,0.578854517108,9.15239928644,0.662379270587,0.377355652198,1.19779027155,0.357526820756,4.34256606628,3.35021095487,1.19779027155,4.34256606628,0.507119835952,0.563909424838,12128,0.0372596006144,0.110016681489,126,126,126,1,0,0.0555555555556,0.880952380952,0.0634920634921,126,0.0736507936508,2.91548800933,18.4126984127,10.5454545455,10,13.0250649695,0.707395769897,0.395874384236,10.40485845,1.13018290061,0.58416803503,6.49839052113,0.705859660054,0.398275862069,1.15823659145,0.397270229803,3.98797667635,2.91548800933,1.15823659145,3.98797667635,0.320488422322,0.376834562117,3646,0.0112012288786,0.0759935796492,126,126,126,1,0,0.126984126984,0.793650793651,0.0793650793651,126,1526,0.0968888888889,3.20084172807,24.2222222222,13.8727272727,13.0427350427,16.9218858944,0.698609968116,0.392524288003,13.4046094891,1.10680261837,0.574424265119,8.72442293539,0.7203651965,0.408558530446,1.30295713854,0.407067030875,4.30647237021,3.20084172807,1.30295713854,4.30647237021,0.408624675215,0.491555661275,8266,0.0253947772657,0.108513783433,126,126,126,1,0,0.126984126984,0.801587301587,0.0714285714286,-215,-0.0136507936508,-0.1493692268,-3.4126984127,-0.757524828113,-1.7115022454,-2.41868417979,-0.00124983353345,0.00287411432032,-2.20789872381,-0.0231089467265,-0.0044302519895,-0.427976351049,0.0579859259134,0.0312028782481,0.105166866991,0.0495402101194,-0.036093696068,-0.1493692268,0.105166866991,-0.036093696068,-0.098495160737,-0.0723537635634,-3862,-0.0118648233487,-0.00150289805603,0.0714285714286,-0.0793650793651,0.00793650793651,1518,8,223,14001,0.871912693854,0.99942893854,0.00057106146049,0.128087306146,0.994757536042,0.871912693854,0.929292929293,0.923641163207,0.871341632394,0.867924528302,366,581,0,3,1,3
181,WLNM_dir_neg_kfold,0.806127378121,0.42523902762,00:00:15,10,66.6666666667,1,14346,threshold_sweep,0.1,0.900262467192,0.591379310345,0.71383975026,343,38,237,1122,0.591379310345,0.96724137931,0.0327586206897,0.408620689655,0.900262467192,0.591379310345,0.71383975026,0.841954022989,0.59367816092,0.611032531825,0.636777620621,0.558620689655,1779,1199,580,0,1779,0,1199,0,580,126,1741,0.11053968254,3.35021095487,27.6349206349,14.6302521008,14.7542372881,19.3405700742,0.69985980165,0.389650173682,15.6125082129,1.12991156509,0.578854517108,9.15239928644,0.662379270587,0.377355652198,1.19779027155,0.357526820756,4.34256606628,3.35021095487,1.19779027155,4.34256606628,0.507119835952,0.563909424838,12128,0.0372596006144,0.110016681489,126,126,126,1,0,0.0555555555556,0.880952380952,0.0634920634921,126,0.0737142857143,3.15358171457,18.4285714286,10.0956521739,9.92307692308,12.9073179686,0.700397099072,0.389442598745,10.6000808622,1.15039637264,0.586255690907,6.15741132991,0.668246190843,0.379879140861,1.22131462922,0.38727857394,4.19032247383,3.15358171457,1.22131462922,4.19032247383,0.351966745911,0.391111569396,3793,0.0116528417819,0.0707288765448,126,126,126,1,0,0.0873015873016,0.84126984127,0.0714285714286,126,1542,0.0979047619048,NaN,24.4761904762,12.2380952381,13.1794871795,16.3998606266,0.670033216261,0.378306878307,12.7438948969,1.04132993321,0.539764889959,8.81673732981,0.720433789595,0.409105881869,NaN,NaN,NaN,NaN,NaN,NaN,0.449488938271,0.498118391972,8339,0.025619047619,0.0991789019659,126,126,0,1,2,0,0.928571428571,0.0714285714286,-199,-0.0126349206349,NaN,-3.15873015873,-2.39215686275,-1.57475010865,-2.94070944758,-0.0298265853885,-0.0113432953755,-2.86861331603,-0.0885816318849,-0.039089627149,-0.33566195663,0.0580545190087,0.0317502296708,NaN,NaN,NaN,NaN,NaN,NaN,-0.0576308976812,-0.0657910328666,-3789,-0.0116405529954,-0.0108377795227,-0.0555555555556,0.047619047619,0.00793650793651,1504,38,237,13971,0.863871338311,0.997287458063,0.00271254193733,0.136128661689,0.975356679637,0.863871338311,0.916235150777,0.908610045893,0.861158796374,0.845418774592,381,580,0,3,2,3
182,WLNM_dir_neg_kfold,0.806127378121,0.42523902762,00:00:15,10,66.6666666667,1,14346,threshold_sweep,0.2,0.921832884097,0.589655172414,0.719242902208,342,29,238,1131,0.589655172414,0.975,0.025,0.410344827586,0.921832884097,0.589655172414,0.719242902208,0.846551724138,0.595593869732,0.620558976788,0.649886661257,0.564655172414,1779,1199,580,0,1779,0,1199,0,580,126,1741,0.11053968254,3.35021095487,27.6349206349,14.6302521008,14.7542372881,19.3405700742,0.69985980165,0.389650173682,15.6125082129,1.12991156509,0.578854517108,9.15239928644,0.662379270587,0.377355652198,1.19779027155,0.357526820756,4.34256606628,3.35021095487,1.19779027155,4.34256606628,0.507119835952,0.563909424838,12128,0.0372596006144,0.110016681489,126,126,126,1,0,0.0555555555556,0.880952380952,0.0634920634921,126,0.0737142857143,3.15358171457,18.4285714286,10.0956521739,9.92307692308,12.9073179686,0.700397099072,0.389442598745,10.6000808622,1.15039637264,0.586255690907,6.15741132991,0.668246190843,0.379879140861,1.22131462922,0.38727857394,4.19032247383,3.15358171457,1.22131462922,4.19032247383,0.351966745911,0.391111569396,3793,0.0116528417819,0.0707288765448,126,126,126,1,0,0.0873015873016,0.84126984127,0.0714285714286,126,1532,0.0972698412698,1,24.3174603175,12.256,13.094017094,16.4465927383,0.676328552553,0.381356459033,12.8021327588,1.05291692403,0.546209954826,8.73559403673,0.718462694927,0.408056695263,0,0,0,NaN,NaN,NaN,0.444942468182,0.499568697466,8301,0.0255023041475,0.0975394465682,126,126,0,1,2,0.00793650793651,0.920634920635,0.0714285714286,-209,-0.0132698412698,-2.35021095487,-3.31746031746,-2.37425210084,-1.66022019412,-2.8939773359,-0.0235312490971,-0.00829371464964,-2.81037545409,-0.0769946410646,-0.0326445622823,-0.416805249706,0.0560834243405,0.0307010430653,-1.19779027155,-0.357526820756,-4.34256606628,NaN,NaN,NaN,-0.0621773677693,-0.0643407273721,-3827,-0.011757296467,-0.0124772349204,-0.047619047619,0.0396825396825,0.00793650793651,1503,29,238,13980,0.863296955773,0.997929902206,0.00207009779428,0.136703044227,0.981070496084,0.863296955773,0.918423464711,0.911322054893,0.861226857978,0.849152542373,371,580,0,3,2,3
183,WLNM_dir_neg_kfold,0.806127378121,0.42523902762,00:00:15,10,66.6666666667,1,14346,threshold_sweep,0.3,0.934426229508,0.589655172414,0.723044397463,342,24,238,1136,0.589655172414,0.979310344828,0.0206896551724,0.410344827586,0.934426229508,0.589655172414,0.723044397463,0.849425287356,0.596551724138,0.626780626781,0.658104754901,0.568965517241,1779,1199,580,0,1779,0,1199,0,580,126,1741,0.11053968254,3.35021095487,27.6349206349,14.6302521008,14.7542372881,19.3405700742,0.69985980165,0.389650173682,15.6125082129,1.12991156509,0.578854517108,9.15239928644,0.662379270587,0.377355652198,1.19779027155,0.357526820756,4.34256606628,3.35021095487,1.19779027155,4.34256606628,0.507119835952,0.563909424838,12128,0.0372596006144,0.110016681489,126,126,126,1,0,0.0555555555556,0.880952380952,0.0634920634921,126,0.0737142857143,3.15358171457,18.4285714286,10.0956521739,9.92307692308,12.9073179686,0.700397099072,0.389442598745,10.6000808622,1.15039637264,0.586255690907,6.15741132991,0.668246190843,0.379879140861,1.22131462922,0.38727857394,4.19032247383,3.15358171457,1.22131462922,4.19032247383,0.351966745911,0.391111569396,3793,0.0116528417819,0.0707288765448,126,126,126,1,0,0.0873015873016,0.84126984127,0.0714285714286,126,1527,0.0969523809524,1,24.2380952381,12.216,13.0512820513,16.4455117629,0.678498520669,0.38231931061,12.8272255101,1.05843511085,0.548928805314,8.70182246921,0.718028573098,0.407849190757,0,0,0,NaN,NaN,NaN,0.437746581766,0.498862286301,8258,0.0253701996928,0.0968714952097,126,126,0,1,2,0.00793650793651,0.920634920635,0.0714285714286,-214,-0.0135873015873,-2.35021095487,-3.39682539683,-2.41425210084,-1.70295523685,-2.89505831129,-0.0213612809811,-0.00733086307226,-2.78528270287,-0.0714764542444,-0.0299257117945,-0.450576817225,0.0556493025116,0.0304935385592,-1.19779027155,-0.357526820756,-4.34256606628,NaN,NaN,NaN,-0.0693732541857,-0.0650471385373,-3870,-0.0118894009217,-0.0131451862789,-0.047619047619,0.0396825396825,0.00793650793651,1503,24,238,13985,0.863296955773,0.998286815619,0.00171318438147,0.136703044227,0.984282907662,0.863296955773,0.919828641371,0.913030614065,0.861583771391,0.851558073654,366,580,0,3,2,3
184,WLNM_dir_neg_kfold,0.806127378121,0.42523902762,00:00:15,10,66.6666666667,1,14346,threshold_sweep,0.4,0.960227272727,0.58275862069,0.725321888412,338,14,242,1146,0.58275862069,0.987931034483,0.0120689655172,0.41724137931,0.960227272727,0.58275862069,0.725321888412,0.852873563218,0.599233716475,0.632887189293,0.669694800061,0.570689655172,1779,1199,580,0,1779,0,1199,0,580,126,1741,0.11053968254,3.35021095487,27.6349206349,14.6302521008,14.7542372881,19.3405700742,0.69985980165,0.389650173682,15.6125082129,1.12991156509,0.578854517108,9.15239928644,0.662379270587,0.377355652198,1.19779027155,0.357526820756,4.34256606628,3.35021095487,1.19779027155,4.34256606628,0.507119835952,0.563909424838,12128,0.0372596006144,0.110016681489,126,126,126,1,0,0.0555555555556,0.880952380952,0.0634920634921,126,0.0737142857143,3.15358171457,18.4285714286,10.0956521739,9.92307692308,12.9073179686,0.700397099072,0.389442598745,10.6000808622,1.15039637264,0.586255690907,6.15741132991,0.668246190843,0.379879140861,1.22131462922,0.38727857394,4.19032247383,3.15358171457,1.22131462922,4.19032247383,0.351966745911,0.391111569396,3793,0.0116528417819,0.0707288765448,126,126,126,1,0,0.0873015873016,0.84126984127,0.0714285714286,126,1513,0.0960634920635,7.54955084102,24.0158730159,12.7142857143,12.9316239316,16.5316589014,0.688363853792,0.387189332662,12.9209882172,1.07603735318,0.560596523253,8.61672423302,0.717585758996,0.407594498474,2.86037144155,0.378879684604,11,7.54955084102,2.86037144155,11,0.442802796953,0.502692159213,8247,0.02533640553,0.0982561416566,126,126,126,1,0,0.0555555555556,0.873015873016,0.0714285714286,-228,-0.0144761904762,4.19933988615,-3.61904761905,-1.91596638655,-1.82261335651,-2.80891117278,-0.0114959478578,-0.00246084102044,-2.69151999576,-0.053874211913,-0.0182579938549,-0.535675053418,0.0552064884092,0.0302388462758,1.66258116999,0.0213528638485,6.65743393372,4.19933988615,1.66258116999,6.65743393372,-0.0643170389992,-0.0612172656251,-3881,-0.0119231950845,-0.0117605398321,0,-0.00793650793651,0.00793650793651,1499,14,242,13995,0.860999425617,0.999000642444,0.000999357555857,0.139000574383,0.990746860542,0.860999425617,0.921327596804,0.915108801244,0.860000068062,0.854131054131,352,580,0,3,2,3
185,WLNM_dir_neg_kfold,0.806127378121,0.42523902762,00:00:15,10,66.6666666667,1,14346,threshold_sweep,0.5,0.971264367816,0.58275862069,0.728448275862,338,10,242,1150,0.58275862069,0.991379310345,0.00862068965517,0.41724137931,0.971264367816,0.58275862069,0.728448275862,0.855172413793,0.6,0.637931034483,0.676628040618,0.574137931034,1779,1199,580,0,1779,0,1199,0,580,126,1741,0.11053968254,3.35021095487,27.6349206349,14.6302521008,14.7542372881,19.3405700742,0.69985980165,0.389650173682,15.6125082129,1.12991156509,0.578854517108,9.15239928644,0.662379270587,0.377355652198,1.19779027155,0.357526820756,4.34256606628,3.35021095487,1.19779027155,4.34256606628,0.507119835952,0.563909424838,12128,0.0372596006144,0.110016681489,126,126,126,1,0,0.0555555555556,0.880952380952,0.0634920634921,126,0.0737142857143,3.15358171457,18.4285714286,10.0956521739,9.92307692308,12.9073179686,0.700397099072,0.389442598745,10.6000808622,1.15039637264,0.586255690907,6.15741132991,0.668246190843,0.379879140861,1.22131462922,0.38727857394,4.19032247383,3.15358171457,1.22131462922,4.19032247383,0.351966745911,0.391111569396,3793,0.0116528417819,0.0707288765448,126,126,126,1,0,0.0873015873016,0.84126984127,0.0714285714286,126,1509,0.0958095238095,1,23.9523809524,13.0086206897,12.8974358974,16.5625394878,0.691477791738,0.388699548739,12.9488002754,1.08121195142,0.564186310707,8.60461670102,0.718476941238,0.407928092819,0,0,0,NaN,NaN,NaN,0.432537143301,0.502179492402,8218,0.025247311828,0.10107559095,126,126,0,1,2,0.0793650793651,0.849206349206,0.0714285714286,-232,-0.0147301587302,-2.35021095487,-3.68253968254,-1.62163141119,-1.8568013907,-2.77803058634,-0.00838200991166,-0.000950624943029,-2.66370793755,-0.0486996136708,-0.0146682064012,-0.547782585422,0.0560976706514,0.0305724406211,-1.19779027155,-0.357526820756,-4.34256606628,NaN,NaN,NaN,-0.0745826926512,-0.0617299324361,-3910,-0.0120122887865,-0.00894109053831,0.0238095238095,-0.031746031746,0.00793650793651,1499,10,242,13999,0.860999425617,0.999286173174,0.000713826825612,0.139000574383,0.993373094765,0.860999425617,0.922461538462,0.916496356869,0.860285598792,0.856082238721,348,580,0,3,2,3
186,WLNM_dir_neg_kfold,0.806127378121,0.42523902762,00:00:15,10,66.6666666667,1,14346,threshold_sweep,0.6,0.974063400576,0.58275862069,0.729234088457,338,9,242,1151,0.58275862069,0.99224137931,0.00775862068966,0.41724137931,0.974063400576,0.58275862069,0.729234088457,0.855747126437,0.600191570881,0.63919501677,0.678376102612,0.575,1779,1199,580,0,1779,0,1199,0,580,126,1741,0.11053968254,3.35021095487,27.6349206349,14.6302521008,14.7542372881,19.3405700742,0.69985980165,0.389650173682,15.6125082129,1.12991156509,0.578854517108,9.15239928644,0.662379270587,0.377355652198,1.19779027155,0.357526820756,4.34256606628,3.35021095487,1.19779027155,4.34256606628,0.507119835952,0.563909424838,12128,0.0372596006144,0.110016681489,126,126,126,1,0,0.0555555555556,0.880952380952,0.0634920634921,126,0.0737142857143,3.15358171457,18.4285714286,10.0956521739,9.92307692308,12.9073179686,0.700397099072,0.389442598745,10.6000808622,1.15039637264,0.586255690907,6.15741132991,0.668246190843,0.379879140861,1.22131462922,0.38727857394,4.19032247383,3.15358171457,1.22131462922,4.19032247383,0.351966745911,0.391111569396,3793,0.0116528417819,0.0707288765448,126,126,126,1,0,0.0873015873016,0.84126984127,0.0714285714286,126,1508,0.095746031746,3.62414341357,23.9365079365,13.1130434783,12.8888888889,16.5706951124,0.692277050451,0.389073091659,12.9558860803,1.08252098549,0.565113047872,8.60505573061,0.718990067677,0.4082038651,1.44380629355,0.398385529707,4.75,3.62414341357,1.44380629355,4.75,0.425708900955,0.501936246535,8209,0.0252196620584,0.102527209505,126,126,126,1,0,0.0873015873016,0.84126984127,0.0714285714286,-233,-0.0147936507937,0.273932458706,-3.69841269841,-1.51720862258,-1.86534839925,-2.76987496177,-0.00758275119832,-0.000577082023041,-2.65662213257,-0.0473905796,-0.0137414692367,-0.547343555825,0.0566107970907,0.0308482129027,0.246016021997,0.0408587089515,0.407433933723,0.273932458706,0.246016021997,0.407433933723,-0.0814109349966,-0.0619731783033,-3919,-0.0120399385561,-0.00748947198362,0.031746031746,-0.0396825396825,0.00793650793651,1499,9,242,14000,0.860999425617,0.999357555857,0.000642444143051,0.139000574383,0.994031830239,0.860999425617,0.922745460142,0.91684406689,0.860356981474,0.856571428571,347,580,0,3,2,3
187,WLNM_dir_neg_kfold,0.806127378121,0.42523902762,00:00:15,10,66.6666666667,1,14346,threshold_sweep,0.7,0.973913043478,0.579310344828,0.726486486486,336,9,244,1151,0.579310344828,0.99224137931,0.00775862068966,0.420689655172,0.973913043478,0.579310344828,0.726486486486,0.854597701149,0.600574712644,0.635971223022,0.675774623487,0.571551724138,1779,1199,580,0,1779,0,1199,0,580,126,1741,0.11053968254,3.35021095487,27.6349206349,14.6302521008,14.7542372881,19.3405700742,0.69985980165,0.389650173682,15.6125082129,1.12991156509,0.578854517108,9.15239928644,0.662379270587,0.377355652198,1.19779027155,0.357526820756,4.34256606628,3.35021095487,1.19779027155,4.34256606628,0.507119835952,0.563909424838,12128,0.0372596006144,0.110016681489,126,126,126,1,0,0.0555555555556,0.880952380952,0.0634920634921,126,0.0737142857143,3.15358171457,18.4285714286,10.0956521739,9.92307692308,12.9073179686,0.700397099072,0.389442598745,10.6000808622,1.15039637264,0.586255690907,6.15741132991,0.668246190843,0.379879140861,1.22131462922,0.38727857394,4.19032247383,3.15358171457,1.22131462922,4.19032247383,0.351966745911,0.391111569396,3793,0.0116528417819,0.0707288765448,126,126,126,1,0,0.0873015873016,0.84126984127,0.0714285714286,126,1506,0.095619047619,3.62520192362,23.9047619048,13.0956521739,12.8717948718,16.558467838,0.692684909559,0.389226164127,12.9508962735,1.08354112248,0.565368157002,8.60219241157,0.719705341207,0.40859841059,1.44382751894,0.398275061462,4.75,3.62520192362,1.44382751894,4.75,0.425334400716,0.501184979365,8177,0.0251213517665,0.102442734952,126,126,126,1,0,0.0873015873016,0.84126984127,0.0714285714286,-235,-0.0149206349206,0.274990968752,-3.73015873016,-1.53459992693,-1.88244241634,-2.78210223614,-0.00717489209107,-0.000424009555777,-2.66161193947,-0.0463704426133,-0.0134863601068,-0.550206874867,0.0573260706206,0.0312427583927,0.246037247389,0.0407482407068,0.407433933723,0.274990968752,0.246037247389,0.407433933723,-0.0817854352359,-0.0627244454734,-3951,-0.0121382488479,-0.00757394653614,0.031746031746,-0.0396825396825,0.00793650793651,1497,9,244,14000,0.85985066054,0.999357555857,0.000642444143051,0.14014933946,0.994023904382,0.85985066054,0.922081921774,0.916163332765,0.859208216397,0.855428571429,345,580,0,3,2,3
188,WLNM_dir_neg_kfold,0.806127378121,0.42523902762,00:00:15,10,66.6666666667,1,14346,threshold_sweep,0.8,0.973913043478,0.579310344828,0.726486486486,336,9,244,1151,0.579310344828,0.99224137931,0.00775862068966,0.420689655172,0.973913043478,0.579310344828,0.726486486486,0.854597701149,0.600574712644,0.635971223022,0.675774623487,0.571551724138,1779,1199,580,0,1779,0,1199,0,580,126,1741,0.11053968254,3.35021095487,27.6349206349,14.6302521008,14.7542372881,19.3405700742,0.69985980165,0.389650173682,15.6125082129,1.12991156509,0.578854517108,9.15239928644,0.662379270587,0.377355652198,1.19779027155,0.357526820756,4.34256606628,3.35021095487,1.19779027155,4.34256606628,0.507119835952,0.563909424838,12128,0.0372596006144,0.110016681489,126,126,126,1,0,0.0555555555556,0.880952380952,0.0634920634921,126,0.0737142857143,3.15358171457,18.4285714286,10.0956521739,9.92307692308,12.9073179686,0.700397099072,0.389442598745,10.6000808622,1.15039637264,0.586255690907,6.15741132991,0.668246190843,0.379879140861,1.22131462922,0.38727857394,4.19032247383,3.15358171457,1.22131462922,4.19032247383,0.351966745911,0.391111569396,3793,0.0116528417819,0.0707288765448,126,126,126,1,0,0.0873015873016,0.84126984127,0.0714285714286,126,1506,0.095619047619,3.62520192362,23.9047619048,13.0956521739,12.8717948718,16.558467838,0.692684909559,0.389226164127,12.9508962735,1.08354112248,0.565368157002,8.60219241157,0.719705341207,0.40859841059,1.44382751894,0.398275061462,4.75,3.62520192362,1.44382751894,4.75,0.425334400716,0.501184979365,8177,0.0251213517665,0.102442734952,126,126,126,1,0,0.0873015873016,0.84126984127,0.0714285714286,-235,-0.0149206349206,0.274990968752,-3.73015873016,-1.53459992693,-1.88244241634,-2.78210223614,-0.00717489209107,-0.000424009555777,-2.66161193947,-0.0463704426133,-0.0134863601068,-0.550206874867,0.0573260706206,0.0312427583927,0.246037247389,0.0407482407068,0.407433933723,0.274990968752,0.246037247389,0.407433933723,-0.0817854352359,-0.0627244454734,-3951,-0.0121382488479,-0.00757394653614,0.031746031746,-0.0396825396825,0.00793650793651,1497,9,244,14000,0.85985066054,0.999357555857,0.000642444143051,0.14014933946,0.994023904382,0.85985066054,0.922081921774,0.916163332765,0.859208216397,0.855428571429,345,580,0,3,2,3
189,WLNM_dir_neg_kfold,0.806127378121,0.42523902762,00:00:15,10,66.6666666667,1,14346,threshold_sweep,0.9,0.973760932945,0.575862068966,0.723726977248,334,9,246,1151,0.575862068966,0.99224137931,0.00775862068966,0.424137931034,0.973760932945,0.575862068966,0.723726977248,0.853448275862,0.600957854406,0.632741238598,0.673170620629,0.568103448276,1779,1199,580,0,1779,0,1199,0,580,126,1741,0.11053968254,3.35021095487,27.6349206349,14.6302521008,14.7542372881,19.3405700742,0.69985980165,0.389650173682,15.6125082129,1.12991156509,0.578854517108,9.15239928644,0.662379270587,0.377355652198,1.19779027155,0.357526820756,4.34256606628,3.35021095487,1.19779027155,4.34256606628,0.507119835952,0.563909424838,12128,0.0372596006144,0.110016681489,126,126,126,1,0,0.0555555555556,0.880952380952,0.0634920634921,126,0.0737142857143,3.15358171457,18.4285714286,10.0956521739,9.92307692308,12.9073179686,0.700397099072,0.389442598745,10.6000808622,1.15039637264,0.586255690907,6.15741132991,0.668246190843,0.379879140861,1.22131462922,0.38727857394,4.19032247383,3.15358171457,1.22131462922,4.19032247383,0.351966745911,0.391111569396,3793,0.0116528417819,0.0707288765448,126,126,126,1,0,0.0873015873016,0.84126984127,0.0714285714286,126,1504,0.0954920634921,3.62633165904,23.873015873,13.0782608696,12.8547008547,16.5403671674,0.692847826825,0.389242443431,12.9403221176,1.08409613485,0.565412867275,8.58905911657,0.719562133436,0.40859295846,1.44395686658,0.398186653166,4.75,3.62633165904,1.44395686658,4.75,0.424810788077,0.500952498003,8152,0.025044546851,0.102147628271,126,126,126,1,0,0.0873015873016,0.84126984127,0.0714285714286,-237,-0.0150476190476,0.276120704174,-3.7619047619,-1.55199123128,-1.89953643343,-2.80020290678,-0.00701197482472,-0.000407730251066,-2.67218609529,-0.045815430239,-0.0134416498338,-0.563340169869,0.0571828628494,0.0312373062623,0.24616659503,0.0406598324107,0.407433933723,0.276120704174,0.24616659503,0.407433933723,-0.0823090478749,-0.0629569268356,-3976,-0.0122150537634,-0.00786905321732,0.031746031746,-0.0396825396825,0.00793650793651,1495,9,246,14000,0.858701895462,0.999357555857,0.000642444143051,0.141298104538,0.994015957447,0.858701895462,0.921417565485,0.915482283885,0.858059451319,0.854285714286,343,580,0,3,2,3
190,WLNM_dir_neg_kfold,0.825838287753,0.676573193833,00:00:15,10,66.6666666667,2,14347,threshold_sweep,0.1,0.903896103896,0.6,0.721243523316,348,37,232,1123,0.6,0.968103448276,0.0318965517241,0.4,0.903896103896,0.6,0.721243523316,0.845402298851,0.592911877395,0.620235294118,0.645164413784,0.568103448276,1779,1199,580,0,1779,0,1199,0,580,126,1741,0.11053968254,3.35021095487,27.6349206349,14.6302521008,14.7542372881,19.3405700742,0.69985980165,0.389650173682,15.6125082129,1.12991156509,0.578854517108,9.15239928644,0.662379270587,0.377355652198,1.19779027155,0.357526820756,4.34256606628,3.35021095487,1.19779027155,4.34256606628,0.507119835952,0.563909424838,12128,0.0372596006144,0.110016681489,126,126,126,1,0,0.0555555555556,0.880952380952,0.0634920634921,126,0.0737142857143,3.15358171457,18.4285714286,10.0956521739,9.92307692308,12.9073179686,0.700397099072,0.389442598745,10.6000808622,1.15039637264,0.586255690907,6.15741132991,0.668246190843,0.379879140861,1.22131462922,0.38727857394,4.19032247383,3.15358171457,1.22131462922,4.19032247383,0.351966745911,0.391111569396,3793,0.0116528417819,0.0707288765448,126,126,126,1,0,0.0873015873016,0.84126984127,0.0714285714286,126,1546,0.0981587301587,NaN,24.5396825397,12.2698412698,13.2136752137,16.4650664347,0.670956782267,0.37863713834,12.7218946378,1.03684264189,0.536561325695,8.89801119209,0.725193667661,0.4106963182,NaN,NaN,NaN,NaN,NaN,NaN,0.451775310302,0.496949955582,8391,0.0257788018433,0.100285294971,126,126,0,1,2,0,0.928571428571,0.0714285714286,-195,-0.012380952381,NaN,-3.09523809524,-2.360410831,-1.54056207446,-2.87550363948,-0.0289030193828,-0.0110130353427,-2.89061357514,-0.093068923205,-0.0422931914138,-0.254388094347,0.0628143970742,0.0333406660019,NaN,NaN,NaN,NaN,NaN,NaN,-0.0553445256501,-0.0669594692565,-3737,-0.0114807987711,-0.00973138651786,-0.0555555555556,0.047619047619,0.00793650793651,1509,37,232,13972,0.866743251005,0.997358840745,0.00264115925476,0.133256748995,0.976067270375,0.866743251005,0.918162458169,0.910663506136,0.86410209175,0.848706411699,385,580,0,3,2,3
191,WLNM_dir_neg_kfold,0.825838287753,0.676573193833,00:00:15,10,66.6666666667,2,14347,threshold_sweep,0.2,0.917989417989,0.598275862069,0.724425887265,347,31,233,1129,0.598275862069,0.973275862069,0.026724137931,0.401724137931,0.917989417989,0.598275862069,0.724425887265,0.848275862069,0.594252873563,0.626062322946,0.653377352605,0.571551724138,1779,1199,580,0,1779,0,1199,0,580,126,1741,0.11053968254,3.35021095487,27.6349206349,14.6302521008,14.7542372881,19.3405700742,0.69985980165,0.389650173682,15.6125082129,1.12991156509,0.578854517108,9.15239928644,0.662379270587,0.377355652198,1.19779027155,0.357526820756,4.34256606628,3.35021095487,1.19779027155,4.34256606628,0.507119835952,0.563909424838,12128,0.0372596006144,0.110016681489,126,126,126,1,0,0.0555555555556,0.880952380952,0.0634920634921,126,0.0737142857143,3.15358171457,18.4285714286,10.0956521739,9.92307692308,12.9073179686,0.700397099072,0.389442598745,10.6000808622,1.15039637264,0.586255690907,6.15741132991,0.668246190843,0.379879140861,1.22131462922,0.38727857394,4.19032247383,3.15358171457,1.22131462922,4.19032247383,0.351966745911,0.391111569396,3793,0.0116528417819,0.0707288765448,126,126,126,1,0,0.0873015873016,0.84126984127,0.0714285714286,126,1539,0.0977142857143,NaN,24.4285714286,12.2142857143,13.1538461538,16.4989350306,0.675395001251,0.380730633167,12.7584369844,1.04455039639,0.54018276143,8.84317331537,0.724002493656,0.409795063791,NaN,NaN,NaN,NaN,NaN,NaN,0.450419538369,0.497660215736,8366,0.0257019969278,0.0985692592563,126,126,0,1,2,0,0.928571428571,0.0714285714286,-202,-0.0128253968254,NaN,-3.20634920635,-2.41596638655,-1.60039113429,-2.8416350436,-0.0244648003986,-0.00891954051506,-2.85407122849,-0.0853611687072,-0.0386717556781,-0.309225971067,0.0616232230696,0.0324394115935,NaN,NaN,NaN,NaN,NaN,NaN,-0.0567002975825,-0.0662492091024,-3762,-0.0115576036866,-0.0114474222323,-0.0555555555556,0.047619047619,0.00793650793651,1508,31,233,13978,0.866168868466,0.997787136841,0.0022128631594,0.133831131534,0.979857050032,0.866168868466,0.919512195122,0.912353098445,0.863956005307,0.851015801354,378,580,0,3,2,3
192,WLNM_dir_neg_kfold,0.825838287753,0.676573193833,00:00:15,10,66.6666666667,2,14347,threshold_sweep,0.3,0.950549450549,0.596551724138,0.733050847458,346,18,234,1142,0.596551724138,0.984482758621,0.0155172413793,0.403448275862,0.950549450549,0.596551724138,0.733050847458,0.855172413793,0.5969348659,0.640684410646,0.673418417622,0.581034482759,1779,1199,580,0,1779,0,1199,0,580,126,1741,0.11053968254,3.35021095487,27.6349206349,14.6302521008,14.7542372881,19.3405700742,0.69985980165,0.389650173682,15.6125082129,1.12991156509,0.578854517108,9.15239928644,0.662379270587,0.377355652198,1.19779027155,0.357526820756,4.34256606628,3.35021095487,1.19779027155,4.34256606628,0.507119835952,0.563909424838,12128,0.0372596006144,0.110016681489,126,126,126,1,0,0.0555555555556,0.880952380952,0.0634920634921,126,0.0737142857143,3.15358171457,18.4285714286,10.0956521739,9.92307692308,12.9073179686,0.700397099072,0.389442598745,10.6000808622,1.15039637264,0.586255690907,6.15741132991,0.668246190843,0.379879140861,1.22131462922,0.38727857394,4.19032247383,3.15358171457,1.22131462922,4.19032247383,0.351966745911,0.391111569396,3793,0.0116528417819,0.0707288765448,126,126,126,1,0,0.0873015873016,0.84126984127,0.0714285714286,126,1525,0.0968253968254,1,24.2063492063,12.2,13.0341880342,16.5298844329,0.682873914277,0.384225865209,12.839831379,1.06086475656,0.549482175384,8.71947646601,0.720428875224,0.408082227426,0,0,0,NaN,NaN,NaN,0.423454983098,0.498675656152,8284,0.0254500768049,0.097913737461,126,126,0,1,2,0.00793650793651,0.920634920635,0.0714285714286,-216,-0.0137142857143,-2.35021095487,-3.42857142857,-2.43025210084,-1.72004925395,-2.81068564126,-0.0169858873726,-0.00542430847287,-2.77267683391,-0.069046808533,-0.0293723417246,-0.432922820431,0.0580496046376,0.0307265752288,-1.19779027155,-0.357526820756,-4.34256606628,NaN,NaN,NaN,-0.0836648528535,-0.0652337686862,-3844,-0.0118095238095,-0.0121029440276,-0.047619047619,0.0396825396825,0.00793650793651,1507,18,234,13991,0.865594485928,0.998715111714,0.0012848882861,0.134405514072,0.988196721311,0.865594485928,0.922841396203,0.916455178204,0.864309597642,0.856736782263,364,580,0,3,2,3
193,WLNM_dir_neg_kfold,0.825838287753,0.676573193833,00:00:15,10,66.6666666667,2,14347,threshold_sweep,0.4,0.953038674033,0.594827586207,0.732484076433,345,17,235,1143,0.594827586207,0.985344827586,0.0146551724138,0.405172413793,0.953038674033,0.594827586207,0.732484076433,0.855172413793,0.597318007663,0.640342530923,0.673784742426,0.580172413793,1779,1199,580,0,1779,0,1199,0,580,126,1741,0.11053968254,3.35021095487,27.6349206349,14.6302521008,14.7542372881,19.3405700742,0.69985980165,0.389650173682,15.6125082129,1.12991156509,0.578854517108,9.15239928644,0.662379270587,0.377355652198,1.19779027155,0.357526820756,4.34256606628,3.35021095487,1.19779027155,4.34256606628,0.507119835952,0.563909424838,12128,0.0372596006144,0.110016681489,126,126,126,1,0,0.0555555555556,0.880952380952,0.0634920634921,126,0.0737142857143,3.15358171457,18.4285714286,10.0956521739,9.92307692308,12.9073179686,0.700397099072,0.389442598745,10.6000808622,1.15039637264,0.586255690907,6.15741132991,0.668246190843,0.379879140861,1.22131462922,0.38727857394,4.19032247383,3.15358171457,1.22131462922,4.19032247383,0.351966745911,0.391111569396,3793,0.0116528417819,0.0707288765448,126,126,126,1,0,0.0873015873016,0.84126984127,0.0714285714286,126,1523,0.0966984126984,1,24.1746031746,12.2822580645,13.0170940171,16.5196025933,0.683345346933,0.384521985638,12.8536499665,1.06340111344,0.551256396627,8.73523425332,0.72267860533,0.409368518692,0,0,0,NaN,NaN,NaN,0.422186205124,0.498845404711,8281,0.0254408602151,0.0996259096792,126,126,0,1,2,0.015873015873,0.912698412698,0.0714285714286,-218,-0.0138412698413,-2.35021095487,-3.46031746032,-2.34799403632,-1.73714327104,-2.82096748084,-0.0165144547166,-0.00512818804414,-2.75885824646,-0.0665104516501,-0.027598120481,-0.417165033122,0.0602993347436,0.0320128664945,-1.19779027155,-0.357526820756,-4.34256606628,NaN,NaN,NaN,-0.084933630828,-0.0650640201277,-3847,-0.0118187403994,-0.0103907718094,-0.0396825396825,0.031746031746,0.00793650793651,1506,17,235,13992,0.865020103389,0.998786494396,0.00121350560354,0.134979896611,0.988837820092,0.865020103389,0.922794117647,0.916458603565,0.863806597785,0.856655290102,362,580,0,3,2,3
194,WLNM_dir_neg_kfold,0.825838287753,0.676573193833,00:00:15,10,66.6666666667,2,14347,threshold_sweep,0.5,0.985465116279,0.584482758621,0.733766233766,339,5,241,1155,0.584482758621,0.995689655172,0.00431034482759,0.415517241379,0.985465116279,0.584482758621,0.733766233766,0.858620689655,0.600766283525,0.645873320537,0.686717533304,0.580172413793,1779,1199,580,0,1779,0,1199,0,580,126,1741,0.11053968254,3.35021095487,27.6349206349,14.6302521008,14.7542372881,19.3405700742,0.69985980165,0.389650173682,15.6125082129,1.12991156509,0.578854517108,9.15239928644,0.662379270587,0.377355652198,1.19779027155,0.357526820756,4.34256606628,3.35021095487,1.19779027155,4.34256606628,0.507119835952,0.563909424838,12128,0.0372596006144,0.110016681489,126,126,126,1,0,0.0555555555556,0.880952380952,0.0634920634921,126,0.0737142857143,3.15358171457,18.4285714286,10.0956521739,9.92307692308,12.9073179686,0.700397099072,0.389442598745,10.6000808622,1.15039637264,0.586255690907,6.15741132991,0.668246190843,0.379879140861,1.22131462922,0.38727857394,4.19032247383,3.15358171457,1.22131462922,4.19032247383,0.351966745911,0.391111569396,3793,0.0116528417819,0.0707288765448,126,126,126,1,0,0.0873015873016,0.84126984127,0.0714285714286,126,1505,0.0955555555556,3.21740995744,23.8888888889,13.0869565217,12.8632478632,16.608056947,0.69522098848,0.390201972262,12.9678405638,1.08567967511,0.565506512683,8.59702791021,0.719751173878,0.40813689817,1.23479771936,0.383786255309,4.23306448656,3.21740995744,1.23479771936,4.23306448656,0.4268820754,0.50357839948,8256,0.0253640552995,0.102612760307,126,126,126,1,0,0.0873015873016,0.84126984127,0.0714285714286,-236,-0.0149841269841,-0.132800997425,-3.74603174603,-1.5432955791,-1.89098942489,-2.73251312714,-0.00463881316979,0.000551798579434,-2.64466764909,-0.0442318899821,-0.0133480044258,-0.555371376232,0.0573719032912,0.0307812459724,0.0370074478064,0.0262594345534,-0.109501579715,-0.132800997425,0.0370074478064,-0.109501579715,-0.0802377605517,-0.0603310253589,-3872,-0.0118955453149,-0.00740392118167,0.031746031746,-0.0396825396825,0.00793650793651,1500,5,241,14004,0.861573808156,0.999643086587,0.000356913412806,0.138426191844,0.996677740864,0.861573808156,0.924214417745,0.918577952494,0.861216894743,0.85910652921,344,580,0,3,2,3
195,WLNM_dir_neg_kfold,0.825838287753,0.676573193833,00:00:15,10,66.6666666667,2,14347,threshold_sweep,0.6,0.988304093567,0.58275862069,0.733188720174,338,4,242,1156,0.58275862069,0.996551724138,0.00344827586207,0.41724137931,0.988304093567,0.58275862069,0.733188720174,0.858620689655,0.601149425287,0.64553314121,0.687207097869,0.579310344828,1779,1199,580,0,1779,0,1199,0,580,126,1741,0.11053968254,3.35021095487,27.6349206349,14.6302521008,14.7542372881,19.3405700742,0.69985980165,0.389650173682,15.6125082129,1.12991156509,0.578854517108,9.15239928644,0.662379270587,0.377355652198,1.19779027155,0.357526820756,4.34256606628,3.35021095487,1.19779027155,4.34256606628,0.507119835952,0.563909424838,12128,0.0372596006144,0.110016681489,126,126,126,1,0,0.0555555555556,0.880952380952,0.0634920634921,126,0.0737142857143,3.15358171457,18.4285714286,10.0956521739,9.92307692308,12.9073179686,0.700397099072,0.389442598745,10.6000808622,1.15039637264,0.586255690907,6.15741132991,0.668246190843,0.379879140861,1.22131462922,0.38727857394,4.19032247383,3.15358171457,1.22131462922,4.19032247383,0.351966745911,0.391111569396,3793,0.0116528417819,0.0707288765448,126,126,126,1,0,0.0873015873016,0.84126984127,0.0714285714286,126,1503,0.0954285714286,3.21177058989,23.8571428571,13.0695652174,12.8461538462,16.60395822,0.695974296647,0.390515265765,12.9646772865,1.08685917372,0.565994994139,8.59877067626,0.720855026752,0.408743359841,1.23336522254,0.38401410936,4.22520650999,3.21177058989,1.23336522254,4.22520650999,0.426723751219,0.502597640731,8223,0.0252626728111,0.102849031527,126,126,126,1,0,0.0873015873016,0.84126984127,0.0714285714286,-238,-0.0151111111111,-0.138440364978,-3.77777777778,-1.56068688345,-1.90808344198,-2.73661185417,-0.00388550500321,0.000865092082428,-2.64783092643,-0.0430523913756,-0.0128595229697,-0.553628610182,0.0584757561654,0.0313877076435,0.0355749509896,0.0264872886041,-0.11735955629,-0.138440364978,0.0355749509896,-0.11735955629,-0.0803960847329,-0.0613117841074,-3905,-0.0119969278034,-0.00716764996153,0.031746031746,-0.0396825396825,0.00793650793651,1499,4,242,14005,0.860999425617,0.99971446927,0.000285530730245,0.139000574383,0.997338656021,0.860999425617,0.924167694205,0.918587570816,0.860713894887,0.859025787966,342,580,0,3,2,3
196,WLNM_dir_neg_kfold,0.825838287753,0.676573193833,00:00:15,10,66.6666666667,2,14347,threshold_sweep,0.7,0.988304093567,0.58275862069,0.733188720174,338,4,242,1156,0.58275862069,0.996551724138,0.00344827586207,0.41724137931,0.988304093567,0.58275862069,0.733188720174,0.858620689655,0.601149425287,0.64553314121,0.687207097869,0.579310344828,1779,1199,580,0,1779,0,1199,0,580,126,1741,0.11053968254,3.35021095487,27.6349206349,14.6302521008,14.7542372881,19.3405700742,0.69985980165,0.389650173682,15.6125082129,1.12991156509,0.578854517108,9.15239928644,0.662379270587,0.377355652198,1.19779027155,0.357526820756,4.34256606628,3.35021095487,1.19779027155,4.34256606628,0.507119835952,0.563909424838,12128,0.0372596006144,0.110016681489,126,126,126,1,0,0.0555555555556,0.880952380952,0.0634920634921,126,0.0737142857143,3.15358171457,18.4285714286,10.0956521739,9.92307692308,12.9073179686,0.700397099072,0.389442598745,10.6000808622,1.15039637264,0.586255690907,6.15741132991,0.668246190843,0.379879140861,1.22131462922,0.38727857394,4.19032247383,3.15358171457,1.22131462922,4.19032247383,0.351966745911,0.391111569396,3793,0.0116528417819,0.0707288765448,126,126,126,1,0,0.0873015873016,0.84126984127,0.0714285714286,126,1503,0.0954285714286,3.21177058989,23.8571428571,13.0695652174,12.8461538462,16.60395822,0.695974296647,0.390515265765,12.9646772865,1.08685917372,0.565994994139,8.59877067626,0.720855026752,0.408743359841,1.23336522254,0.38401410936,4.22520650999,3.21177058989,1.23336522254,4.22520650999,0.426723751219,0.502597640731,8223,0.0252626728111,0.102849031527,126,126,126,1,0,0.0873015873016,0.84126984127,0.0714285714286,-238,-0.0151111111111,-0.138440364978,-3.77777777778,-1.56068688345,-1.90808344198,-2.73661185417,-0.00388550500321,0.000865092082428,-2.64783092643,-0.0430523913756,-0.0128595229697,-0.553628610182,0.0584757561654,0.0313877076435,0.0355749509896,0.0264872886041,-0.11735955629,-0.138440364978,0.0355749509896,-0.11735955629,-0.0803960847329,-0.0613117841074,-3905,-0.0119969278034,-0.00716764996153,0.031746031746,-0.0396825396825,0.00793650793651,1499,4,242,14005,0.860999425617,0.99971446927,0.000285530730245,0.139000574383,0.997338656021,0.860999425617,0.924167694205,0.918587570816,0.860713894887,0.859025787966,342,580,0,3,2,3
197,WLNM_dir_neg_kfold,0.825838287753,0.676573193833,00:00:15,10,66.6666666667,2,14347,threshold_sweep,0.8,0.988304093567,0.58275862069,0.733188720174,338,4,242,1156,0.58275862069,0.996551724138,0.00344827586207,0.41724137931,0.988304093567,0.58275862069,0.733188720174,0.858620689655,0.601149425287,0.64553314121,0.687207097869,0.579310344828,1779,1199,580,0,1779,0,1199,0,580,126,1741,0.11053968254,3.35021095487,27.6349206349,14.6302521008,14.7542372881,19.3405700742,0.69985980165,0.389650173682,15.6125082129,1.12991156509,0.578854517108,9.15239928644,0.662379270587,0.377355652198,1.19779027155,0.357526820756,4.34256606628,3.35021095487,1.19779027155,4.34256606628,0.507119835952,0.563909424838,12128,0.0372596006144,0.110016681489,126,126,126,1,0,0.0555555555556,0.880952380952,0.0634920634921,126,0.0737142857143,3.15358171457,18.4285714286,10.0956521739,9.92307692308,12.9073179686,0.700397099072,0.389442598745,10.6000808622,1.15039637264,0.586255690907,6.15741132991,0.668246190843,0.379879140861,1.22131462922,0.38727857394,4.19032247383,3.15358171457,1.22131462922,4.19032247383,0.351966745911,0.391111569396,3793,0.0116528417819,0.0707288765448,126,126,126,1,0,0.0873015873016,0.84126984127,0.0714285714286,126,1503,0.0954285714286,3.21177058989,23.8571428571,13.0695652174,12.8461538462,16.60395822,0.695974296647,0.390515265765,12.9646772865,1.08685917372,0.565994994139,8.59877067626,0.720855026752,0.408743359841,1.23336522254,0.38401410936,4.22520650999,3.21177058989,1.23336522254,4.22520650999,0.426723751219,0.502597640731,8223,0.0252626728111,0.102849031527,126,126,126,1,0,0.0873015873016,0.84126984127,0.0714285714286,-238,-0.0151111111111,-0.138440364978,-3.77777777778,-1.56068688345,-1.90808344198,-2.73661185417,-0.00388550500321,0.000865092082428,-2.64783092643,-0.0430523913756,-0.0128595229697,-0.553628610182,0.0584757561654,0.0313877076435,0.0355749509896,0.0264872886041,-0.11735955629,-0.138440364978,0.0355749509896,-0.11735955629,-0.0803960847329,-0.0613117841074,-3905,-0.0119969278034,-0.00716764996153,0.031746031746,-0.0396825396825,0.00793650793651,1499,4,242,14005,0.860999425617,0.99971446927,0.000285530730245,0.139000574383,0.997338656021,0.860999425617,0.924167694205,0.918587570816,0.860713894887,0.859025787966,342,580,0,3,2,3
198,WLNM_dir_neg_kfold,0.825838287753,0.676573193833,00:00:15,10,66.6666666667,2,14347,threshold_sweep,0.9,0.991150442478,0.579310344828,0.731229597388,336,3,244,1157,0.579310344828,0.997413793103,0.00258620689655,0.420689655172,0.991150442478,0.579310344828,0.731229597388,0.858045977011,0.601724137931,0.643578643579,0.68642359458,0.576724137931,1779,1199,580,0,1779,0,1199,0,580,126,1741,0.11053968254,3.35021095487,27.6349206349,14.6302521008,14.7542372881,19.3405700742,0.69985980165,0.389650173682,15.6125082129,1.12991156509,0.578854517108,9.15239928644,0.662379270587,0.377355652198,1.19779027155,0.357526820756,4.34256606628,3.35021095487,1.19779027155,4.34256606628,0.507119835952,0.563909424838,12128,0.0372596006144,0.110016681489,126,126,126,1,0,0.0555555555556,0.880952380952,0.0634920634921,126,0.0737142857143,3.15358171457,18.4285714286,10.0956521739,9.92307692308,12.9073179686,0.700397099072,0.389442598745,10.6000808622,1.15039637264,0.586255690907,6.15741132991,0.668246190843,0.379879140861,1.22131462922,0.38727857394,4.19032247383,3.15358171457,1.22131462922,4.19032247383,0.351966745911,0.391111569396,3793,0.0116528417819,0.0707288765448,126,126,126,1,0,0.0873015873016,0.84126984127,0.0714285714286,126,1500,0.0952380952381,3.18076468989,23.8095238095,13.0434782609,12.8205128205,16.6116654364,0.697689948329,0.391402116402,12.976550279,1.09003022343,0.567153439153,8.56731329781,0.719654317016,0.408391534392,1.21626121521,0.382380129873,4.18646870596,3.18076468989,1.21626121521,4.18646870596,0.427151368048,0.503431372549,8216,0.0252411674347,0.10236607995,126,126,126,1,0,0.0873015873016,0.84126984127,0.0714285714286,-241,-0.0153015873016,-0.16944626498,-3.8253968254,-1.58677383997,-1.93372446762,-2.72890463775,-0.00216985332033,0.00175194271978,-2.63595793394,-0.0398813416592,-0.011701077955,-0.585085988628,0.0572750464295,0.0310358821938,0.0184709436593,0.0248533091171,-0.156097360319,-0.16944626498,0.0184709436593,-0.156097360319,-0.0799684679042,-0.0604780522894,-3912,-0.0120184331797,-0.0076506015384,0.031746031746,-0.0396825396825,0.00793650793651,1497,3,244,14006,0.85985066054,0.999785851952,0.000214148047684,0.14014933946,0.998,0.85985066054,0.923788954027,0.918258051617,0.859636512492,0.858371559633,339,580,0,3,2,3
199,WLNM_dir_neg_kfold,0.77231049346,0.334266801128,00:00:15,10,66.6666666667,3,14348,threshold_sweep,0.1,0.922666666667,0.596551724138,0.724607329843,346,29,234,1131,0.596551724138,0.975,0.025,0.403448275862,0.922666666667,0.596551724138,0.724607329843,0.848850574713,0.594827586207,0.62695035461,0.655264395928,0.571551724138,1779,1199,580,0,1779,0,1199,0,580,126,1741,0.11053968254,3.35021095487,27.6349206349,14.6302521008,14.7542372881,19.3405700742,0.69985980165,0.389650173682,15.6125082129,1.12991156509,0.578854517108,9.15239928644,0.662379270587,0.377355652198,1.19779027155,0.357526820756,4.34256606628,3.35021095487,1.19779027155,4.34256606628,0.507119835952,0.563909424838,12128,0.0372596006144,0.110016681489,126,126,126,1,0,0.0555555555556,0.880952380952,0.0634920634921,126,0.0737142857143,3.15358171457,18.4285714286,10.0956521739,9.92307692308,12.9073179686,0.700397099072,0.389442598745,10.6000808622,1.15039637264,0.586255690907,6.15741132991,0.668246190843,0.379879140861,1.22131462922,0.38727857394,4.19032247383,3.15358171457,1.22131462922,4.19032247383,0.351966745911,0.391111569396,3793,0.0116528417819,0.0707288765448,126,126,126,1,0,0.0873015873016,0.84126984127,0.0714285714286,126,1536,0.0975238095238,1,24.380952381,12.288,13.1282051282,16.5398220754,0.678391139811,0.381975446429,12.8029460895,1.05024167141,0.544622189153,8.78882407216,0.72095822467,0.408244460979,0,0,0,NaN,NaN,NaN,0.451074727795,0.499255996667,8388,0.0257695852535,0.0988523121122,126,126,0,1,2,0.00793650793651,0.920634920635,0.0714285714286,-205,-0.0130158730159,-2.35021095487,-3.25396825397,-2.34225210084,-1.62603215993,-2.80074799877,-0.0214686618387,-0.00767472725377,-2.80956212339,-0.0796698936866,-0.034232327955,-0.363575214276,0.058578954083,0.0308888087811,-1.19779027155,-0.357526820756,-4.34256606628,NaN,NaN,NaN,-0.056045108157,-0.0646534281716,-3740,-0.011490015361,-0.0111643693765,-0.047619047619,0.0396825396825,0.00793650793651,1507,29,234,13980,0.865594485928,0.997929902206,0.00207009779428,0.134405514072,0.981119791667,0.865594485928,0.919743667989,0.912691061928,0.863524388133,0.851412429379,375,580,0,3,2,3
200,WLNM_dir_neg_kfold,0.77231049346,0.334266801128,00:00:15,10,66.6666666667,3,14348,threshold_sweep,0.2,0.927613941019,0.596551724138,0.726128016789,346,27,234,1133,0.596551724138,0.976724137931,0.023275862069,0.403448275862,0.927613941019,0.596551724138,0.726128016789,0.85,0.595210727969,0.629436819688,0.658518490934,0.573275862069,1779,1199,580,0,1779,0,1199,0,580,126,1741,0.11053968254,3.35021095487,27.6349206349,14.6302521008,14.7542372881,19.3405700742,0.69985980165,0.389650173682,15.6125082129,1.12991156509,0.578854517108,9.15239928644,0.662379270587,0.377355652198,1.19779027155,0.357526820756,4.34256606628,3.35021095487,1.19779027155,4.34256606628,0.507119835952,0.563909424838,12128,0.0372596006144,0.110016681489,126,126,126,1,0,0.0555555555556,0.880952380952,0.0634920634921,126,0.0737142857143,3.15358171457,18.4285714286,10.0956521739,9.92307692308,12.9073179686,0.700397099072,0.389442598745,10.6000808622,1.15039637264,0.586255690907,6.15741132991,0.668246190843,0.379879140861,1.22131462922,0.38727857394,4.19032247383,3.15358171457,1.22131462922,4.19032247383,0.351966745911,0.391111569396,3793,0.0116528417819,0.0707288765448,126,126,126,1,0,0.0873015873016,0.84126984127,0.0714285714286,126,1534,0.0973968253968,1,24.3492063492,12.272,13.1111111111,16.5492319872,0.679662069877,0.382644191966,12.8162892384,1.05270693874,0.546222139442,8.76180745288,0.71967909978,0.407752323007,0,0,0,NaN,NaN,NaN,0.447010979732,0.49923500308,8375,0.0257296466974,0.0981216218289,126,126,0,1,2,0.00793650793651,0.920634920635,0.0714285714286,-207,-0.0131428571429,-2.35021095487,-3.28571428571,-2.35825210084,-1.64312617702,-2.791338087,-0.0201977317727,-0.00700598171611,-2.79621897456,-0.0772046263495,-0.0326323776659,-0.390591833563,0.0572998291933,0.0303966708089,-1.19779027155,-0.357526820756,-4.34256606628,NaN,NaN,NaN,-0.0601088562193,-0.0646744217586,-3753,-0.0115299539171,-0.0118950596597,-0.047619047619,0.0396825396825,0.00793650793651,1507,27,234,13982,0.865594485928,0.998072667571,0.00192733242915,0.134405514072,0.982398956975,0.865594485928,0.920305343511,0.913372578705,0.863667153498,0.852375565611,373,580,0,3,2,3
201,WLNM_dir_neg_kfold,0.77231049346,0.334266801128,00:00:15,10,66.6666666667,3,14348,threshold_sweep,0.3,0.942779291553,0.596551724138,0.730728616684,346,21,234,1139,0.596551724138,0.981896551724,0.0181034482759,0.403448275862,0.942779291553,0.596551724138,0.730728616684,0.853448275862,0.596360153257,0.636924537257,0.668404279138,0.578448275862,1779,1199,580,0,1779,0,1199,0,580,126,1741,0.11053968254,3.35021095487,27.6349206349,14.6302521008,14.7542372881,19.3405700742,0.69985980165,0.389650173682,15.6125082129,1.12991156509,0.578854517108,9.15239928644,0.662379270587,0.377355652198,1.19779027155,0.357526820756,4.34256606628,3.35021095487,1.19779027155,4.34256606628,0.507119835952,0.563909424838,12128,0.0372596006144,0.110016681489,126,126,126,1,0,0.0555555555556,0.880952380952,0.0634920634921,126,0.0737142857143,3.15358171457,18.4285714286,10.0956521739,9.92307692308,12.9073179686,0.700397099072,0.389442598745,10.6000808622,1.15039637264,0.586255690907,6.15741132991,0.668246190843,0.379879140861,1.22131462922,0.38727857394,4.19032247383,3.15358171457,1.22131462922,4.19032247383,0.351966745911,0.391111569396,3793,0.0116528417819,0.0707288765448,126,126,126,1,0,0.0873015873016,0.84126984127,0.0714285714286,126,1528,0.0970158730159,1,24.253968254,12.3225806452,13.0598290598,16.5514647124,0.682422956076,0.383824690435,12.8536277382,1.0599195648,0.550548491648,8.69481144314,0.716980524761,0.406590210255,0,0,0,NaN,NaN,NaN,0.431194072242,0.499340606642,8330,0.0255913978495,0.0981581095351,126,126,0,1,2,0.015873015873,0.912698412698,0.0714285714286,-213,-0.0135238095238,-2.35021095487,-3.38095238095,-2.30767145568,-1.69440822831,-2.78910536173,-0.0174368455743,-0.0058254832477,-2.75888047474,-0.0699920002957,-0.0283060254604,-0.4575878433,0.0546012541748,0.0292345580574,-1.19779027155,-0.357526820756,-4.34256606628,NaN,NaN,NaN,-0.0759257637101,-0.0645688181965,-3798,-0.011668202765,-0.0118585719535,-0.0396825396825,0.031746031746,0.00793650793651,1507,21,234,13988,0.865594485928,0.998500963666,0.00149903633379,0.134405514072,0.986256544503,0.865594485928,0.921994493729,0.915424764603,0.864095449594,0.855278093076,367,580,0,3,2,3
202,WLNM_dir_neg_kfold,0.77231049346,0.334266801128,00:00:15,10,66.6666666667,3,14348,threshold_sweep,0.4,0.974358974359,0.589655172414,0.734693877551,342,9,238,1151,0.589655172414,0.99224137931,0.00775862068966,0.410344827586,0.974358974359,0.589655172414,0.734693877551,0.858045977011,0.599425287356,0.6456241033,0.683571730459,0.581896551724,1779,1199,580,0,1779,0,1199,0,580,126,1741,0.11053968254,3.35021095487,27.6349206349,14.6302521008,14.7542372881,19.3405700742,0.69985980165,0.389650173682,15.6125082129,1.12991156509,0.578854517108,9.15239928644,0.662379270587,0.377355652198,1.19779027155,0.357526820756,4.34256606628,3.35021095487,1.19779027155,4.34256606628,0.507119835952,0.563909424838,12128,0.0372596006144,0.110016681489,126,126,126,1,0,0.0555555555556,0.880952380952,0.0634920634921,126,0.0737142857143,3.15358171457,18.4285714286,10.0956521739,9.92307692308,12.9073179686,0.700397099072,0.389442598745,10.6000808622,1.15039637264,0.586255690907,6.15741132991,0.668246190843,0.379879140861,1.22131462922,0.38727857394,4.19032247383,3.15358171457,1.22131462922,4.19032247383,0.351966745911,0.391111569396,3793,0.0116528417819,0.0707288765448,126,126,126,1,0,0.0873015873016,0.84126984127,0.0714285714286,126,1512,0.096,3.2583410888,24,13.147826087,12.9230769231,16.6296121422,0.692900505925,0.38885739481,12.9602469112,1.08002057594,0.563922482573,8.60697391654,0.717247826378,0.406840513983,1.24516242532,0.382146126322,4.20367465666,3.2583410888,1.24516242532,4.20367465666,0.435141011074,0.504084438693,8310,0.0255299539171,0.102941434897,126,126,126,1,0,0.0873015873016,0.84126984127,0.0714285714286,-229,-0.0145396825397,-0.0918698660658,-3.63492063492,-1.48242601388,-1.83116036506,-2.71095793196,-0.00695929572483,-0.000792778872563,-2.65226130169,-0.0498909891577,-0.0149320345351,-0.545425369899,0.0548685557917,0.0294848617857,0.0473721537663,0.0246193055662,-0.138891409614,-0.0918698660658,0.0473721537663,-0.138891409614,-0.071978824878,-0.0598249861454,-3818,-0.0117296466974,-0.00707524659134,0.031746031746,-0.0396825396825,0.00793650793651,1503,9,238,14000,0.863296955773,0.999357555857,0.000642444143051,0.136703044227,0.994047619048,0.863296955773,0.924070089148,0.918204593991,0.862654511629,0.858857142857,351,580,0,3,2,3
203,WLNM_dir_neg_kfold,0.77231049346,0.334266801128,00:00:15,10,66.6666666667,3,14348,threshold_sweep,0.5,0.974358974359,0.589655172414,0.734693877551,342,9,238,1151,0.589655172414,0.99224137931,0.00775862068966,0.410344827586,0.974358974359,0.589655172414,0.734693877551,0.858045977011,0.599425287356,0.6456241033,0.683571730459,0.581896551724,1779,1199,580,0,1779,0,1199,0,580,126,1741,0.11053968254,3.35021095487,27.6349206349,14.6302521008,14.7542372881,19.3405700742,0.69985980165,0.389650173682,15.6125082129,1.12991156509,0.578854517108,9.15239928644,0.662379270587,0.377355652198,1.19779027155,0.357526820756,4.34256606628,3.35021095487,1.19779027155,4.34256606628,0.507119835952,0.563909424838,12128,0.0372596006144,0.110016681489,126,126,126,1,0,0.0555555555556,0.880952380952,0.0634920634921,126,0.0737142857143,3.15358171457,18.4285714286,10.0956521739,9.92307692308,12.9073179686,0.700397099072,0.389442598745,10.6000808622,1.15039637264,0.586255690907,6.15741132991,0.668246190843,0.379879140861,1.22131462922,0.38727857394,4.19032247383,3.15358171457,1.22131462922,4.19032247383,0.351966745911,0.391111569396,3793,0.0116528417819,0.0707288765448,126,126,126,1,0,0.0873015873016,0.84126984127,0.0714285714286,126,1512,0.096,3.2583410888,24,13.147826087,12.9230769231,16.6296121422,0.692900505925,0.38885739481,12.9602469112,1.08002057594,0.563922482573,8.60697391654,0.717247826378,0.406840513983,1.24516242532,0.382146126322,4.20367465666,3.2583410888,1.24516242532,4.20367465666,0.435141011074,0.504084438693,8310,0.0255299539171,0.102941434897,126,126,126,1,0,0.0873015873016,0.84126984127,0.0714285714286,-229,-0.0145396825397,-0.0918698660658,-3.63492063492,-1.48242601388,-1.83116036506,-2.71095793196,-0.00695929572483,-0.000792778872563,-2.65226130169,-0.0498909891577,-0.0149320345351,-0.545425369899,0.0548685557917,0.0294848617857,0.0473721537663,0.0246193055662,-0.138891409614,-0.0918698660658,0.0473721537663,-0.138891409614,-0.071978824878,-0.0598249861454,-3818,-0.0117296466974,-0.00707524659134,0.031746031746,-0.0396825396825,0.00793650793651,1503,9,238,14000,0.863296955773,0.999357555857,0.000642444143051,0.136703044227,0.994047619048,0.863296955773,0.924070089148,0.918204593991,0.862654511629,0.858857142857,351,580,0,3,2,3
204,WLNM_dir_neg_kfold,0.77231049346,0.334266801128,00:00:15,10,66.6666666667,3,14348,threshold_sweep,0.6,0.977142857143,0.589655172414,0.735483870968,342,8,238,1152,0.589655172414,0.993103448276,0.00689655172414,0.410344827586,0.977142857143,0.589655172414,0.735483870968,0.858620689655,0.599616858238,0.646889952153,0.685315060215,0.58275862069,1779,1199,580,0,1779,0,1199,0,580,126,1741,0.11053968254,3.35021095487,27.6349206349,14.6302521008,14.7542372881,19.3405700742,0.69985980165,0.389650173682,15.6125082129,1.12991156509,0.578854517108,9.15239928644,0.662379270587,0.377355652198,1.19779027155,0.357526820756,4.34256606628,3.35021095487,1.19779027155,4.34256606628,0.507119835952,0.563909424838,12128,0.0372596006144,0.110016681489,126,126,126,1,0,0.0555555555556,0.880952380952,0.0634920634921,126,0.0737142857143,3.15358171457,18.4285714286,10.0956521739,9.92307692308,12.9073179686,0.700397099072,0.389442598745,10.6000808622,1.15039637264,0.586255690907,6.15741132991,0.668246190843,0.379879140861,1.22131462922,0.38727857394,4.19032247383,3.15358171457,1.22131462922,4.19032247383,0.351966745911,0.391111569396,3793,0.0116528417819,0.0707288765448,126,126,126,1,0,0.0873015873016,0.84126984127,0.0714285714286,126,1511,0.0959365079365,3.26100346853,23.9841269841,13.1391304348,12.9145299145,16.6358572377,0.693619461266,0.38917252319,12.9624047348,1.08091528563,0.564111856964,8.60557589636,0.717605931794,0.406988959272,1.24766797942,0.382602469288,4.20708564055,3.26100346853,1.24766797942,4.20708564055,0.435150429176,0.503824207843,8300,0.0254992319508,0.102963968929,126,126,126,1,0,0.0873015873016,0.84126984127,0.0714285714286,-230,-0.0146031746032,-0.0892074863315,-3.65079365079,-1.49112166606,-1.83970737361,-2.70471283651,-0.00624034038412,-0.000477650492609,-2.65010347815,-0.0489962794675,-0.0147426601441,-0.546823390084,0.0552266612074,0.0296333070745,0.0498777078653,0.0250756485327,-0.135480425727,-0.0892074863315,0.0498777078653,-0.135480425727,-0.0719694067758,-0.0600852169958,-3828,-0.0117603686636,-0.00705271255922,0.031746031746,-0.0396825396825,0.00793650793651,1503,8,238,14001,0.863296955773,0.99942893854,0.00057106146049,0.136703044227,0.994705493051,0.863296955773,0.924354243542,0.918552131739,0.862725894312,0.859348198971,350,580,0,3,2,3
205,WLNM_dir_neg_kfold,0.77231049346,0.334266801128,00:00:15,10,66.6666666667,3,14348,threshold_sweep,0.7,0.977142857143,0.589655172414,0.735483870968,342,8,238,1152,0.589655172414,0.993103448276,0.00689655172414,0.410344827586,0.977142857143,0.589655172414,0.735483870968,0.858620689655,0.599616858238,0.646889952153,0.685315060215,0.58275862069,1779,1199,580,0,1779,0,1199,0,580,126,1741,0.11053968254,3.35021095487,27.6349206349,14.6302521008,14.7542372881,19.3405700742,0.69985980165,0.389650173682,15.6125082129,1.12991156509,0.578854517108,9.15239928644,0.662379270587,0.377355652198,1.19779027155,0.357526820756,4.34256606628,3.35021095487,1.19779027155,4.34256606628,0.507119835952,0.563909424838,12128,0.0372596006144,0.110016681489,126,126,126,1,0,0.0555555555556,0.880952380952,0.0634920634921,126,0.0737142857143,3.15358171457,18.4285714286,10.0956521739,9.92307692308,12.9073179686,0.700397099072,0.389442598745,10.6000808622,1.15039637264,0.586255690907,6.15741132991,0.668246190843,0.379879140861,1.22131462922,0.38727857394,4.19032247383,3.15358171457,1.22131462922,4.19032247383,0.351966745911,0.391111569396,3793,0.0116528417819,0.0707288765448,126,126,126,1,0,0.0873015873016,0.84126984127,0.0714285714286,126,1511,0.0959365079365,3.26100346853,23.9841269841,13.1391304348,12.9145299145,16.6358572377,0.693619461266,0.38917252319,12.9624047348,1.08091528563,0.564111856964,8.60557589636,0.717605931794,0.406988959272,1.24766797942,0.382602469288,4.20708564055,3.26100346853,1.24766797942,4.20708564055,0.435150429176,0.503824207843,8300,0.0254992319508,0.102963968929,126,126,126,1,0,0.0873015873016,0.84126984127,0.0714285714286,-230,-0.0146031746032,-0.0892074863315,-3.65079365079,-1.49112166606,-1.83970737361,-2.70471283651,-0.00624034038412,-0.000477650492609,-2.65010347815,-0.0489962794675,-0.0147426601441,-0.546823390084,0.0552266612074,0.0296333070745,0.0498777078653,0.0250756485327,-0.135480425727,-0.0892074863315,0.0498777078653,-0.135480425727,-0.0719694067758,-0.0600852169958,-3828,-0.0117603686636,-0.00705271255922,0.031746031746,-0.0396825396825,0.00793650793651,1503,8,238,14001,0.863296955773,0.99942893854,0.00057106146049,0.136703044227,0.994705493051,0.863296955773,0.924354243542,0.918552131739,0.862725894312,0.859348198971,350,580,0,3,2,3
206,WLNM_dir_neg_kfold,0.77231049346,0.334266801128,00:00:15,10,66.6666666667,3,14348,threshold_sweep,0.8,0.977142857143,0.589655172414,0.735483870968,342,8,238,1152,0.589655172414,0.993103448276,0.00689655172414,0.410344827586,0.977142857143,0.589655172414,0.735483870968,0.858620689655,0.599616858238,0.646889952153,0.685315060215,0.58275862069,1779,1199,580,0,1779,0,1199,0,580,126,1741,0.11053968254,3.35021095487,27.6349206349,14.6302521008,14.7542372881,19.3405700742,0.69985980165,0.389650173682,15.6125082129,1.12991156509,0.578854517108,9.15239928644,0.662379270587,0.377355652198,1.19779027155,0.357526820756,4.34256606628,3.35021095487,1.19779027155,4.34256606628,0.507119835952,0.563909424838,12128,0.0372596006144,0.110016681489,126,126,126,1,0,0.0555555555556,0.880952380952,0.0634920634921,126,0.0737142857143,3.15358171457,18.4285714286,10.0956521739,9.92307692308,12.9073179686,0.700397099072,0.389442598745,10.6000808622,1.15039637264,0.586255690907,6.15741132991,0.668246190843,0.379879140861,1.22131462922,0.38727857394,4.19032247383,3.15358171457,1.22131462922,4.19032247383,0.351966745911,0.391111569396,3793,0.0116528417819,0.0707288765448,126,126,126,1,0,0.0873015873016,0.84126984127,0.0714285714286,126,1511,0.0959365079365,3.26100346853,23.9841269841,13.1391304348,12.9145299145,16.6358572377,0.693619461266,0.38917252319,12.9624047348,1.08091528563,0.564111856964,8.60557589636,0.717605931794,0.406988959272,1.24766797942,0.382602469288,4.20708564055,3.26100346853,1.24766797942,4.20708564055,0.435150429176,0.503824207843,8300,0.0254992319508,0.102963968929,126,126,126,1,0,0.0873015873016,0.84126984127,0.0714285714286,-230,-0.0146031746032,-0.0892074863315,-3.65079365079,-1.49112166606,-1.83970737361,-2.70471283651,-0.00624034038412,-0.000477650492609,-2.65010347815,-0.0489962794675,-0.0147426601441,-0.546823390084,0.0552266612074,0.0296333070745,0.0498777078653,0.0250756485327,-0.135480425727,-0.0892074863315,0.0498777078653,-0.135480425727,-0.0719694067758,-0.0600852169958,-3828,-0.0117603686636,-0.00705271255922,0.031746031746,-0.0396825396825,0.00793650793651,1503,8,238,14001,0.863296955773,0.99942893854,0.00057106146049,0.136703044227,0.994705493051,0.863296955773,0.924354243542,0.918552131739,0.862725894312,0.859348198971,350,580,0,3,2,3
207,WLNM_dir_neg_kfold,0.77231049346,0.334266801128,00:00:15,10,66.6666666667,3,14348,threshold_sweep,0.9,0.976945244957,0.584482758621,0.731391585761,339,8,241,1152,0.584482758621,0.993103448276,0.00689655172414,0.415517241379,0.976945244957,0.584482758621,0.731391585761,0.856896551724,0.600191570881,0.642069956876,0.68142726949,0.577586206897,1779,1199,580,0,1779,0,1199,0,580,126,1741,0.11053968254,3.35021095487,27.6349206349,14.6302521008,14.7542372881,19.3405700742,0.69985980165,0.389650173682,15.6125082129,1.12991156509,0.578854517108,9.15239928644,0.662379270587,0.377355652198,1.19779027155,0.357526820756,4.34256606628,3.35021095487,1.19779027155,4.34256606628,0.507119835952,0.563909424838,12128,0.0372596006144,0.110016681489,126,126,126,1,0,0.0555555555556,0.880952380952,0.0634920634921,126,0.0737142857143,3.15358171457,18.4285714286,10.0956521739,9.92307692308,12.9073179686,0.700397099072,0.389442598745,10.6000808622,1.15039637264,0.586255690907,6.15741132991,0.668246190843,0.379879140861,1.22131462922,0.38727857394,4.19032247383,3.15358171457,1.22131462922,4.19032247383,0.351966745911,0.391111569396,3793,0.0116528417819,0.0707288765448,126,126,126,1,0,0.0873015873016,0.84126984127,0.0714285714286,126,1508,0.095746031746,3.25943067743,23.9365079365,13.1130434783,12.8888888889,16.641031714,0.695215515905,0.389909898531,12.9657619956,1.08334616144,0.56470253884,8.59761502552,0.718368364201,0.407488105764,1.24640656233,0.382400083229,4.20503346422,3.25943067743,1.24640656233,4.20503346422,0.435260635639,0.503986367233,8281,0.0254408602151,0.102648307477,126,126,126,1,0,0.0873015873016,0.84126984127,0.0714285714286,-233,-0.0147936507937,-0.0907802774343,-3.69841269841,-1.51720862258,-1.86534839925,-2.69953836012,-0.00464428574465,0.000259724848249,-2.6467462173,-0.0465654036559,-0.0141519782679,-0.554784260923,0.0559890936143,0.0301324535663,0.0486162907737,0.0248732624729,-0.137532602059,-0.0907802774343,0.0486162907737,-0.137532602059,-0.0718592003126,-0.0599230576058,-3847,-0.0118187403994,-0.00736837401191,0.031746031746,-0.0396825396825,0.00793650793651,1500,8,241,14001,0.861573808156,0.99942893854,0.00057106146049,0.138426191844,0.994694960212,0.861573808156,0.923361034164,0.917532230088,0.861002746696,0.857632933105,347,580,0,3,2,3
208,WLNM_dir_neg_kfold,0.836958977408,0.334205321553,00:00:14,10,66.6666666667,4,14349,threshold_sweep,0.1,0.907894736842,0.594827586207,0.71875,345,35,235,1125,0.594827586207,0.969827586207,0.0301724137931,0.405172413793,0.907894736842,0.594827586207,0.71875,0.844827586207,0.593869731801,0.617924528302,0.644265757955,0.564655172414,1779,1199,580,0,1779,0,1199,0,580,126,1741,0.11053968254,3.35021095487,27.6349206349,14.6302521008,14.7542372881,19.3405700742,0.69985980165,0.389650173682,15.6125082129,1.12991156509,0.578854517108,9.15239928644,0.662379270587,0.377355652198,1.19779027155,0.357526820756,4.34256606628,3.35021095487,1.19779027155,4.34256606628,0.507119835952,0.563909424838,12128,0.0372596006144,0.110016681489,126,126,126,1,0,0.0555555555556,0.880952380952,0.0634920634921,126,0.0737142857143,3.15358171457,18.4285714286,10.0956521739,9.92307692308,12.9073179686,0.700397099072,0.389442598745,10.6000808622,1.15039637264,0.586255690907,6.15741132991,0.668246190843,0.379879140861,1.22131462922,0.38727857394,4.19032247383,3.15358171457,1.22131462922,4.19032247383,0.351966745911,0.391111569396,3793,0.0116528417819,0.0707288765448,126,126,126,1,0,0.0873015873016,0.84126984127,0.0714285714286,126,1541,0.0978412698413,NaN,24.4603174603,12.2301587302,13.1709401709,16.4480519424,0.672438204003,0.379572118703,12.7399608781,1.04168401728,0.539285971797,8.91216041006,0.728703576682,0.412394548994,NaN,NaN,NaN,NaN,NaN,NaN,0.450294800582,0.494607454401,8316,0.0255483870968,0.101373021223,126,126,0,1,2,0,0.928571428571,0.0714285714286,-200,-0.0126984126984,NaN,-3.1746031746,-2.40009337068,-1.5832971172,-2.89251813181,-0.027421597647,-0.0100780549798,-2.87254733485,-0.0882275478085,-0.0395685453111,-0.240238876381,0.0663243060956,0.0350388967965,NaN,NaN,NaN,NaN,NaN,NaN,-0.0568250353695,-0.0693019704372,-3812,-0.0117112135177,-0.00864366026539,-0.0555555555556,0.047619047619,0.00793650793651,1506,35,235,13974,0.865020103389,0.99750160611,0.00249839388964,0.134979896611,0.977287475665,0.865020103389,0.91773308958,0.910311253666,0.862521709499,0.847972972973,380,580,0,3,2,3
209,WLNM_dir_neg_kfold,0.836958977408,0.334205321553,00:00:14,10,66.6666666667,4,14349,threshold_sweep,0.2,0.947658402204,0.593103448276,0.729586426299,344,19,236,1141,0.593103448276,0.983620689655,0.0163793103448,0.406896551724,0.947658402204,0.593103448276,0.729586426299,0.853448275862,0.597126436782,0.636233951498,0.669099703284,0.576724137931,1779,1199,580,0,1779,0,1199,0,580,126,1741,0.11053968254,3.35021095487,27.6349206349,14.6302521008,14.7542372881,19.3405700742,0.69985980165,0.389650173682,15.6125082129,1.12991156509,0.578854517108,9.15239928644,0.662379270587,0.377355652198,1.19779027155,0.357526820756,4.34256606628,3.35021095487,1.19779027155,4.34256606628,0.507119835952,0.563909424838,12128,0.0372596006144,0.110016681489,126,126,126,1,0,0.0555555555556,0.880952380952,0.0634920634921,126,0.0737142857143,3.15358171457,18.4285714286,10.0956521739,9.92307692308,12.9073179686,0.700397099072,0.389442598745,10.6000808622,1.15039637264,0.586255690907,6.15741132991,0.668246190843,0.379879140861,1.22131462922,0.38727857394,4.19032247383,3.15358171457,1.22131462922,4.19032247383,0.351966745911,0.391111569396,3793,0.0116528417819,0.0707288765448,126,126,126,1,0,0.0873015873016,0.84126984127,0.0714285714286,126,1524,0.0967619047619,1,24.1904761905,12.2903225806,13.0256410256,16.5170042251,0.682789544738,0.384644627755,12.8333494125,1.06102495143,0.549868766404,8.80311633133,0.727816704558,0.412365121027,0,0,0,NaN,NaN,NaN,0.422009892765,0.494636615644,8208,0.0252165898618,0.100480335464,126,126,0,1,2,0.015873015873,0.912698412698,0.0714285714286,-217,-0.0137777777778,-2.35021095487,-3.44444444444,-2.3399295202,-1.72859626249,-2.82356584908,-0.0170702569121,-0.00500554592748,-2.77915880044,-0.0688866136677,-0.0289857507042,-0.349282955113,0.0654374339718,0.0350094688288,-1.19779027155,-0.357526820756,-4.34256606628,NaN,NaN,NaN,-0.0851099431871,-0.0692728091942,-3920,-0.0120430107527,-0.00953634602512,-0.0396825396825,0.031746031746,0.00793650793651,1505,19,236,13990,0.86444572085,0.998643729031,0.00135627096866,0.13555427915,0.987532808399,0.86444572085,0.921898928025,0.915429440767,0.863089449881,0.855113636364,363,580,0,3,2,3
210,WLNM_dir_neg_kfold,0.836958977408,0.334205321553,00:00:14,10,66.6666666667,4,14349,threshold_sweep,0.3,0.958217270195,0.593103448276,0.732694355698,344,15,236,1145,0.593103448276,0.987068965517,0.0129310344828,0.406896551724,0.958217270195,0.593103448276,0.732694355698,0.855747126437,0.597892720307,0.641257741782,0.675858846575,0.580172413793,1779,1199,580,0,1779,0,1199,0,580,126,1741,0.11053968254,3.35021095487,27.6349206349,14.6302521008,14.7542372881,19.3405700742,0.69985980165,0.389650173682,15.6125082129,1.12991156509,0.578854517108,9.15239928644,0.662379270587,0.377355652198,1.19779027155,0.357526820756,4.34256606628,3.35021095487,1.19779027155,4.34256606628,0.507119835952,0.563909424838,12128,0.0372596006144,0.110016681489,126,126,126,1,0,0.0555555555556,0.880952380952,0.0634920634921,126,0.0737142857143,3.15358171457,18.4285714286,10.0956521739,9.92307692308,12.9073179686,0.700397099072,0.389442598745,10.6000808622,1.15039637264,0.586255690907,6.15741132991,0.668246190843,0.379879140861,1.22131462922,0.38727857394,4.19032247383,3.15358171457,1.22131462922,4.19032247383,0.351966745911,0.391111569396,3793,0.0116528417819,0.0707288765448,126,126,126,1,0,0.0873015873016,0.84126984127,0.0714285714286,126,1520,0.0965079365079,1,24.126984127,12.3577235772,12.9914529915,16.4909595243,0.68350687502,0.384915413534,12.8453858061,1.06481487603,0.552213868003,8.75510916596,0.725752470336,0.411528822055,0,0,0,NaN,NaN,NaN,0.422134333072,0.495438398192,8182,0.0251367127496,0.101425173452,126,126,0,1,2,0.0238095238095,0.904761904762,0.0714285714286,-221,-0.0140317460317,-2.35021095487,-3.50793650794,-2.2725285236,-1.76278429668,-2.84961054987,-0.0163529266299,-0.0047347601485,-2.7671224068,-0.0650966890602,-0.0266406491051,-0.397290120476,0.0633731997498,0.0341731698574,-1.19779027155,-0.357526820756,-4.34256606628,NaN,NaN,NaN,-0.0849855028794,-0.0684710266469,-3946,-0.0121228878648,-0.00859150803663,-0.031746031746,0.0238095238095,0.00793650793651,1505,15,236,13994,0.86444572085,0.998929259762,0.00107074023842,0.13555427915,0.990131578947,0.86444572085,0.923029745477,0.916807523303,0.863374980612,0.857061503417,359,580,0,3,2,3
211,WLNM_dir_neg_kfold,0.836958977408,0.334205321553,00:00:14,10,66.6666666667,4,14349,threshold_sweep,0.4,0.958217270195,0.593103448276,0.732694355698,344,15,236,1145,0.593103448276,0.987068965517,0.0129310344828,0.406896551724,0.958217270195,0.593103448276,0.732694355698,0.855747126437,0.597892720307,0.641257741782,0.675858846575,0.580172413793,1779,1199,580,0,1779,0,1199,0,580,126,1741,0.11053968254,3.35021095487,27.6349206349,14.6302521008,14.7542372881,19.3405700742,0.69985980165,0.389650173682,15.6125082129,1.12991156509,0.578854517108,9.15239928644,0.662379270587,0.377355652198,1.19779027155,0.357526820756,4.34256606628,3.35021095487,1.19779027155,4.34256606628,0.507119835952,0.563909424838,12128,0.0372596006144,0.110016681489,126,126,126,1,0,0.0555555555556,0.880952380952,0.0634920634921,126,0.0737142857143,3.15358171457,18.4285714286,10.0956521739,9.92307692308,12.9073179686,0.700397099072,0.389442598745,10.6000808622,1.15039637264,0.586255690907,6.15741132991,0.668246190843,0.379879140861,1.22131462922,0.38727857394,4.19032247383,3.15358171457,1.22131462922,4.19032247383,0.351966745911,0.391111569396,3793,0.0116528417819,0.0707288765448,126,126,126,1,0,0.0873015873016,0.84126984127,0.0714285714286,126,1520,0.0965079365079,1,24.126984127,12.3577235772,12.9914529915,16.4909595243,0.68350687502,0.384915413534,12.8453858061,1.06481487603,0.552213868003,8.75510916596,0.725752470336,0.411528822055,0,0,0,NaN,NaN,NaN,0.422134333072,0.495438398192,8182,0.0251367127496,0.101425173452,126,126,0,1,2,0.0238095238095,0.904761904762,0.0714285714286,-221,-0.0140317460317,-2.35021095487,-3.50793650794,-2.2725285236,-1.76278429668,-2.84961054987,-0.0163529266299,-0.0047347601485,-2.7671224068,-0.0650966890602,-0.0266406491051,-0.397290120476,0.0633731997498,0.0341731698574,-1.19779027155,-0.357526820756,-4.34256606628,NaN,NaN,NaN,-0.0849855028794,-0.0684710266469,-3946,-0.0121228878648,-0.00859150803663,-0.031746031746,0.0238095238095,0.00793650793651,1505,15,236,13994,0.86444572085,0.998929259762,0.00107074023842,0.13555427915,0.990131578947,0.86444572085,0.923029745477,0.916807523303,0.863374980612,0.857061503417,359,580,0,3,2,3
212,WLNM_dir_neg_kfold,0.836958977408,0.334205321553,00:00:14,10,66.6666666667,4,14349,threshold_sweep,0.5,0.994152046784,0.586206896552,0.737527114967,340,2,240,1158,0.586206896552,0.998275862069,0.00172413793103,0.413793103448,0.994152046784,0.586206896552,0.737527114967,0.86091954023,0.601149425287,0.651296829971,0.693342875529,0.584482758621,1779,1199,580,0,1779,0,1199,0,580,126,1741,0.11053968254,3.35021095487,27.6349206349,14.6302521008,14.7542372881,19.3405700742,0.69985980165,0.389650173682,15.6125082129,1.12991156509,0.578854517108,9.15239928644,0.662379270587,0.377355652198,1.19779027155,0.357526820756,4.34256606628,3.35021095487,1.19779027155,4.34256606628,0.507119835952,0.563909424838,12128,0.0372596006144,0.110016681489,126,126,126,1,0,0.0555555555556,0.880952380952,0.0634920634921,126,0.0737142857143,3.15358171457,18.4285714286,10.0956521739,9.92307692308,12.9073179686,0.700397099072,0.389442598745,10.6000808622,1.15039637264,0.586255690907,6.15741132991,0.668246190843,0.379879140861,1.22131462922,0.38727857394,4.19032247383,3.15358171457,1.22131462922,4.19032247383,0.351966745911,0.391111569396,3793,0.0116528417819,0.0707288765448,126,126,126,1,0,0.0873015873016,0.84126984127,0.0714285714286,126,1503,0.0954285714286,3.15765161684,23.8571428571,13.0695652174,12.8461538462,16.568265708,0.69447820333,0.389976660436,12.9591225453,1.08639350679,0.566438551468,8.62292625173,0.722880045056,0.40998954472,1.19506926935,0.378467739436,4.08332645471,3.15765161684,1.19506926935,4.08332645471,0.42451513965,0.500153083094,8168,0.0250937019969,0.103400568224,126,126,126,1,0,0.0873015873016,0.84126984127,0.0714285714286,-238,-0.0151111111111,-0.192559338024,-3.77777777778,-1.56068688345,-1.90808344198,-2.77230436615,-0.0053815983198,0.000326486753403,-2.65338566767,-0.0435180583058,-0.0124159656399,-0.529473034704,0.060500774469,0.0326338925224,-0.00272100219981,0.0209409186809,-0.259239611567,-0.192559338024,-0.00272100219981,-0.259239611567,-0.0826046963019,-0.0637563417449,-3960,-0.0121658986175,-0.00661611326468,0.031746031746,-0.0396825396825,0.00793650793651,1501,2,240,14007,0.862148190695,0.999857234635,0.000142765365122,0.137851809305,0.998669328011,0.862148190695,0.925400739827,0.919965942676,0.86200542533,0.8611589214,342,580,0,3,2,3
213,WLNM_dir_neg_kfold,0.836958977408,0.334205321553,00:00:14,10,66.6666666667,4,14349,threshold_sweep,0.6,0.994152046784,0.586206896552,0.737527114967,340,2,240,1158,0.586206896552,0.998275862069,0.00172413793103,0.413793103448,0.994152046784,0.586206896552,0.737527114967,0.86091954023,0.601149425287,0.651296829971,0.693342875529,0.584482758621,1779,1199,580,0,1779,0,1199,0,580,126,1741,0.11053968254,3.35021095487,27.6349206349,14.6302521008,14.7542372881,19.3405700742,0.69985980165,0.389650173682,15.6125082129,1.12991156509,0.578854517108,9.15239928644,0.662379270587,0.377355652198,1.19779027155,0.357526820756,4.34256606628,3.35021095487,1.19779027155,4.34256606628,0.507119835952,0.563909424838,12128,0.0372596006144,0.110016681489,126,126,126,1,0,0.0555555555556,0.880952380952,0.0634920634921,126,0.0737142857143,3.15358171457,18.4285714286,10.0956521739,9.92307692308,12.9073179686,0.700397099072,0.389442598745,10.6000808622,1.15039637264,0.586255690907,6.15741132991,0.668246190843,0.379879140861,1.22131462922,0.38727857394,4.19032247383,3.15358171457,1.22131462922,4.19032247383,0.351966745911,0.391111569396,3793,0.0116528417819,0.0707288765448,126,126,126,1,0,0.0873015873016,0.84126984127,0.0714285714286,126,1503,0.0954285714286,3.15765161684,23.8571428571,13.0695652174,12.8461538462,16.568265708,0.69447820333,0.389976660436,12.9591225453,1.08639350679,0.566438551468,8.62292625173,0.722880045056,0.40998954472,1.19506926935,0.378467739436,4.08332645471,3.15765161684,1.19506926935,4.08332645471,0.42451513965,0.500153083094,8168,0.0250937019969,0.103400568224,126,126,126,1,0,0.0873015873016,0.84126984127,0.0714285714286,-238,-0.0151111111111,-0.192559338024,-3.77777777778,-1.56068688345,-1.90808344198,-2.77230436615,-0.0053815983198,0.000326486753403,-2.65338566767,-0.0435180583058,-0.0124159656399,-0.529473034704,0.060500774469,0.0326338925224,-0.00272100219981,0.0209409186809,-0.259239611567,-0.192559338024,-0.00272100219981,-0.259239611567,-0.0826046963019,-0.0637563417449,-3960,-0.0121658986175,-0.00661611326468,0.031746031746,-0.0396825396825,0.00793650793651,1501,2,240,14007,0.862148190695,0.999857234635,0.000142765365122,0.137851809305,0.998669328011,0.862148190695,0.925400739827,0.919965942676,0.86200542533,0.8611589214,342,580,0,3,2,3
214,WLNM_dir_neg_kfold,0.836958977408,0.334205321553,00:00:14,10,66.6666666667,4,14349,threshold_sweep,0.7,0.994152046784,0.586206896552,0.737527114967,340,2,240,1158,0.586206896552,0.998275862069,0.00172413793103,0.413793103448,0.994152046784,0.586206896552,0.737527114967,0.86091954023,0.601149425287,0.651296829971,0.693342875529,0.584482758621,1779,1199,580,0,1779,0,1199,0,580,126,1741,0.11053968254,3.35021095487,27.6349206349,14.6302521008,14.7542372881,19.3405700742,0.69985980165,0.389650173682,15.6125082129,1.12991156509,0.578854517108,9.15239928644,0.662379270587,0.377355652198,1.19779027155,0.357526820756,4.34256606628,3.35021095487,1.19779027155,4.34256606628,0.507119835952,0.563909424838,12128,0.0372596006144,0.110016681489,126,126,126,1,0,0.0555555555556,0.880952380952,0.0634920634921,126,0.0737142857143,3.15358171457,18.4285714286,10.0956521739,9.92307692308,12.9073179686,0.700397099072,0.389442598745,10.6000808622,1.15039637264,0.586255690907,6.15741132991,0.668246190843,0.379879140861,1.22131462922,0.38727857394,4.19032247383,3.15358171457,1.22131462922,4.19032247383,0.351966745911,0.391111569396,3793,0.0116528417819,0.0707288765448,126,126,126,1,0,0.0873015873016,0.84126984127,0.0714285714286,126,1503,0.0954285714286,3.15765161684,23.8571428571,13.0695652174,12.8461538462,16.568265708,0.69447820333,0.389976660436,12.9591225453,1.08639350679,0.566438551468,8.62292625173,0.722880045056,0.40998954472,1.19506926935,0.378467739436,4.08332645471,3.15765161684,1.19506926935,4.08332645471,0.42451513965,0.500153083094,8168,0.0250937019969,0.103400568224,126,126,126,1,0,0.0873015873016,0.84126984127,0.0714285714286,-238,-0.0151111111111,-0.192559338024,-3.77777777778,-1.56068688345,-1.90808344198,-2.77230436615,-0.0053815983198,0.000326486753403,-2.65338566767,-0.0435180583058,-0.0124159656399,-0.529473034704,0.060500774469,0.0326338925224,-0.00272100219981,0.0209409186809,-0.259239611567,-0.192559338024,-0.00272100219981,-0.259239611567,-0.0826046963019,-0.0637563417449,-3960,-0.0121658986175,-0.00661611326468,0.031746031746,-0.0396825396825,0.00793650793651,1501,2,240,14007,0.862148190695,0.999857234635,0.000142765365122,0.137851809305,0.998669328011,0.862148190695,0.925400739827,0.919965942676,0.86200542533,0.8611589214,342,580,0,3,2,3
215,WLNM_dir_neg_kfold,0.836958977408,0.334205321553,00:00:14,10,66.6666666667,4,14349,threshold_sweep,0.8,0.994117647059,0.58275862069,0.734782608696,338,2,242,1158,0.58275862069,0.998275862069,0.00172413793103,0.41724137931,0.994117647059,0.58275862069,0.734782608696,0.859770114943,0.60153256705,0.648076923077,0.690782651974,0.581034482759,1779,1199,580,0,1779,0,1199,0,580,126,1741,0.11053968254,3.35021095487,27.6349206349,14.6302521008,14.7542372881,19.3405700742,0.69985980165,0.389650173682,15.6125082129,1.12991156509,0.578854517108,9.15239928644,0.662379270587,0.377355652198,1.19779027155,0.357526820756,4.34256606628,3.35021095487,1.19779027155,4.34256606628,0.507119835952,0.563909424838,12128,0.0372596006144,0.110016681489,126,126,126,1,0,0.0555555555556,0.880952380952,0.0634920634921,126,0.0737142857143,3.15358171457,18.4285714286,10.0956521739,9.92307692308,12.9073179686,0.700397099072,0.389442598745,10.6000808622,1.15039637264,0.586255690907,6.15741132991,0.668246190843,0.379879140861,1.22131462922,0.38727857394,4.19032247383,3.15358171457,1.22131462922,4.19032247383,0.351966745911,0.391111569396,3793,0.0116528417819,0.0707288765448,126,126,126,1,0,0.0873015873016,0.84126984127,0.0714285714286,126,1501,0.0953015873016,3.16003193679,23.8253968254,13.052173913,12.8290598291,16.5563664444,0.694904121251,0.390136734241,12.9540849719,1.08741819218,0.566696276556,8.60978033752,0.72273972187,0.410017660184,1.19719443167,0.378855168434,4.08681453884,3.16003193679,1.19719443167,4.08681453884,0.42390871416,0.498711023815,8125,0.0249615975422,0.103090309194,126,126,126,1,0,0.0873015873016,0.84126984127,0.0714285714286,-240,-0.0152380952381,-0.190179018073,-3.80952380952,-1.5780781878,-1.92517745908,-2.78420362976,-0.00495568039917,0.000486560558326,-2.65842324097,-0.0424933729116,-0.012158240552,-0.542618948921,0.0603604512837,0.0326620079865,-0.000595839881783,0.0213283476788,-0.255751527434,-0.190179018073,-0.000595839881783,-0.255751527434,-0.0832111217913,-0.0651984010231,-4003,-0.0122980030722,-0.00692637229509,0.031746031746,-0.0396825396825,0.00793650793651,1499,2,242,14007,0.860999425617,0.999857234635,0.000142765365122,0.139000574383,0.998667554963,0.860999425617,0.924737816163,0.919287294372,0.860856660252,0.860011474469,340,580,0,3,2,3
216,WLNM_dir_neg_kfold,0.836958977408,0.334205321553,00:00:14,10,66.6666666667,4,14349,threshold_sweep,0.9,0.994100294985,0.581034482759,0.733405875952,337,2,243,1158,0.581034482759,0.998275862069,0.00172413793103,0.418965517241,0.994100294985,0.581034482759,0.733405875952,0.859195402299,0.601724137931,0.646464646465,0.689501727292,0.579310344828,1779,1199,580,0,1779,0,1199,0,580,126,1741,0.11053968254,3.35021095487,27.6349206349,14.6302521008,14.7542372881,19.3405700742,0.69985980165,0.389650173682,15.6125082129,1.12991156509,0.578854517108,9.15239928644,0.662379270587,0.377355652198,1.19779027155,0.357526820756,4.34256606628,3.35021095487,1.19779027155,4.34256606628,0.507119835952,0.563909424838,12128,0.0372596006144,0.110016681489,126,126,126,1,0,0.0555555555556,0.880952380952,0.0634920634921,126,0.0737142857143,3.15358171457,18.4285714286,10.0956521739,9.92307692308,12.9073179686,0.700397099072,0.389442598745,10.6000808622,1.15039637264,0.586255690907,6.15741132991,0.668246190843,0.379879140861,1.22131462922,0.38727857394,4.19032247383,3.15358171457,1.22131462922,4.19032247383,0.351966745911,0.391111569396,3793,0.0116528417819,0.0707288765448,126,126,126,1,0,0.0873015873016,0.84126984127,0.0714285714286,126,1500,0.0952380952381,3.15987827714,23.8095238095,13.0434782609,12.8205128205,16.5397529779,0.694669625074,0.390010582011,12.9407440722,1.08702250207,0.566507936508,8.61016011134,0.723253449352,0.410285714286,1.19699260498,0.378809719867,4.08681370014,3.15987827714,1.19699260498,4.08681370014,0.423052733629,0.497961023791,8100,0.0248847926267,0.103069356664,126,126,126,1,0,0.0873015873016,0.84126984127,0.0714285714286,-241,-0.0153015873016,-0.190332677722,-3.8253968254,-1.58677383997,-1.93372446762,-2.80081709622,-0.00519017657615,0.000360408328243,-2.67176414069,-0.0428890630264,-0.0123465806005,-0.542239175102,0.0608741787657,0.032930062088,-0.000797666574663,0.0212828991115,-0.255752366141,-0.190332677722,-0.000797666574663,-0.255752366141,-0.0840671023224,-0.065948401047,-4028,-0.0123748079877,-0.006947324825,0.031746031746,-0.0396825396825,0.00793650793651,1498,2,243,14007,0.860425043079,0.999857234635,0.000142765365122,0.139574956921,0.998666666667,0.860425043079,0.924406047516,0.918947853766,0.860282277714,0.859437751004,339,580,0,3,2,3
217,WLNM_dir_neg_kfold,0.806979042806,0.327907395917,00:00:14,10,66.6666666667,5,14350,threshold_sweep,0.1,0.8984375,0.594827586207,0.715767634855,345,39,235,1121,0.594827586207,0.966379310345,0.0336206896552,0.405172413793,0.8984375,0.594827586207,0.715767634855,0.842528735632,0.593103448276,0.612994350282,0.637926338873,0.561206896552,1779,1199,580,0,1779,0,1199,0,580,126,1741,0.11053968254,3.35021095487,27.6349206349,14.6302521008,14.7542372881,19.3405700742,0.69985980165,0.389650173682,15.6125082129,1.12991156509,0.578854517108,9.15239928644,0.662379270587,0.377355652198,1.19779027155,0.357526820756,4.34256606628,3.35021095487,1.19779027155,4.34256606628,0.507119835952,0.563909424838,12128,0.0372596006144,0.110016681489,126,126,126,1,0,0.0555555555556,0.880952380952,0.0634920634921,126,0.0737142857143,3.15358171457,18.4285714286,10.0956521739,9.92307692308,12.9073179686,0.700397099072,0.389442598745,10.6000808622,1.15039637264,0.586255690907,6.15741132991,0.668246190843,0.379879140861,1.22131462922,0.38727857394,4.19032247383,3.15358171457,1.22131462922,4.19032247383,0.351966745911,0.391111569396,3793,0.0116528417819,0.0707288765448,126,126,126,1,0,0.0873015873016,0.84126984127,0.0714285714286,126,1545,0.0980952380952,1,24.5238095238,12.36,13.2051282051,16.4232587683,0.669686279874,0.377952432321,12.7575411872,1.04042083468,0.541249293676,8.87799848743,0.724030944606,0.409477577439,0,0,0,NaN,NaN,NaN,0.444789430275,0.49292340628,8289,0.025465437788,0.0994054573298,126,126,0,1,2,0.00793650793651,0.920634920635,0.0714285714286,-196,-0.0124444444444,-2.35021095487,-3.11111111111,-2.27025210084,-1.54910908301,-2.91731130584,-0.0301735217763,-0.011697741361,-2.85496702573,-0.0894907304099,-0.0376052234319,-0.274400799007,0.0616516740195,0.032121925241,-1.19779027155,-0.357526820756,-4.34256606628,NaN,NaN,NaN,-0.0623304056768,-0.0709860185587,-3839,-0.0117941628264,-0.0106112241588,-0.047619047619,0.0396825396825,0.00793650793651,1506,39,235,13970,0.865020103389,0.99721607538,0.00278392461989,0.134979896611,0.974757281553,0.865020103389,0.916615946439,0.908959083123,0.862236178769,0.84606741573,384,580,0,3,2,3
218,WLNM_dir_neg_kfold,0.806979042806,0.327907395917,00:00:14,10,66.6666666667,5,14350,threshold_sweep,0.2,0.912466843501,0.593103448276,0.718913270637,344,33,236,1127,0.593103448276,0.971551724138,0.0284482758621,0.406896551724,0.912466843501,0.593103448276,0.718913270637,0.845402298851,0.594444444444,0.618800188947,0.646111839375,0.564655172414,1779,1199,580,0,1779,0,1199,0,580,126,1741,0.11053968254,3.35021095487,27.6349206349,14.6302521008,14.7542372881,19.3405700742,0.69985980165,0.389650173682,15.6125082129,1.12991156509,0.578854517108,9.15239928644,0.662379270587,0.377355652198,1.19779027155,0.357526820756,4.34256606628,3.35021095487,1.19779027155,4.34256606628,0.507119835952,0.563909424838,12128,0.0372596006144,0.110016681489,126,126,126,1,0,0.0555555555556,0.880952380952,0.0634920634921,126,0.0737142857143,3.15358171457,18.4285714286,10.0956521739,9.92307692308,12.9073179686,0.700397099072,0.389442598745,10.6000808622,1.15039637264,0.586255690907,6.15741132991,0.668246190843,0.379879140861,1.22131462922,0.38727857394,4.19032247383,3.15358171457,1.22131462922,4.19032247383,0.351966745911,0.391111569396,3793,0.0116528417819,0.0707288765448,126,126,126,1,0,0.0873015873016,0.84126984127,0.0714285714286,126,1538,0.0976507936508,1,24.4126984127,12.4032258065,13.1452991453,16.4098847485,0.672186436384,0.379063719116,12.7783050271,1.04685723889,0.544264866762,8.80028859556,0.720959923953,0.408332817306,0,0,0,NaN,NaN,NaN,0.443787775838,0.492947645231,8248,0.0253394777266,0.0996848688956,126,126,0,1,2,0.015873015873,0.912698412698,0.0714285714286,-203,-0.0128888888889,-2.35021095487,-3.22222222222,-2.22702629439,-1.60893814284,-2.93068532563,-0.0276733652663,-0.0105864545666,-2.83420318584,-0.0830543262039,-0.0345896503468,-0.352110690883,0.0585806533666,0.0309771651078,-1.19779027155,-0.357526820756,-4.34256606628,NaN,NaN,NaN,-0.063332060114,-0.0709617796077,-3880,-0.0119201228879,-0.0103318125931,-0.0396825396825,0.031746031746,0.00793650793651,1505,33,236,13976,0.86444572085,0.997644371475,0.00235562852452,0.13555427915,0.978543563069,0.86444572085,0.917962793535,0.910646536163,0.862090092326,0.848365276212,377,580,0,3,2,3
219,WLNM_dir_neg_kfold,0.806979042806,0.327907395917,00:00:14,10,66.6666666667,5,14350,threshold_sweep,0.3,0.922043010753,0.591379310345,0.720588235294,343,29,237,1131,0.591379310345,0.975,0.025,0.408620689655,0.922043010753,0.591379310345,0.720588235294,0.847126436782,0.595402298851,0.622159090909,0.651232180671,0.566379310345,1779,1199,580,0,1779,0,1199,0,580,126,1741,0.11053968254,3.35021095487,27.6349206349,14.6302521008,14.7542372881,19.3405700742,0.69985980165,0.389650173682,15.6125082129,1.12991156509,0.578854517108,9.15239928644,0.662379270587,0.377355652198,1.19779027155,0.357526820756,4.34256606628,3.35021095487,1.19779027155,4.34256606628,0.507119835952,0.563909424838,12128,0.0372596006144,0.110016681489,126,126,126,1,0,0.0555555555556,0.880952380952,0.0634920634921,126,0.0737142857143,3.15358171457,18.4285714286,10.0956521739,9.92307692308,12.9073179686,0.700397099072,0.389442598745,10.6000808622,1.15039637264,0.586255690907,6.15741132991,0.668246190843,0.379879140861,1.22131462922,0.38727857394,4.19032247383,3.15358171457,1.22131462922,4.19032247383,0.351966745911,0.391111569396,3793,0.0116528417819,0.0707288765448,126,126,126,1,0,0.0873015873016,0.84126984127,0.0714285714286,126,1533,0.0973333333333,1,24.3333333333,12.3629032258,13.1025641026,16.4399513381,0.675614438553,0.380786713468,12.8067169876,1.05260687569,0.547422317481,8.78430418417,0.721997604178,0.408903591878,0,0,0,NaN,NaN,NaN,0.43463812931,0.493112892585,8222,0.0252596006144,0.0996052325867,126,126,0,1,2,0.015873015873,0.912698412698,0.0714285714286,-208,-0.0132063492063,-2.35021095487,-3.30158730159,-2.26734887503,-1.65167318557,-2.90061873604,-0.0242453630966,-0.00886346021461,-2.80579122534,-0.0773046894018,-0.0314321996274,-0.368095102271,0.0596183335916,0.0315479396805,-1.19779027155,-0.357526820756,-4.34256606628,NaN,NaN,NaN,-0.0724817066415,-0.0707965322533,-3906,-0.012,-0.0104114489019,-0.0396825396825,0.031746031746,0.00793650793651,1504,29,237,13980,0.863871338311,0.997929902206,0.00207009779428,0.136128661689,0.981082844097,0.863871338311,0.91875381796,0.911664426859,0.861801240517,0.849717514124,372,580,0,3,2,3
220,WLNM_dir_neg_kfold,0.806979042806,0.327907395917,00:00:14,10,66.6666666667,5,14350,threshold_sweep,0.4,0.965811965812,0.584482758621,0.728249194415,339,12,241,1148,0.584482758621,0.989655172414,0.0103448275862,0.415517241379,0.965811965812,0.584482758621,0.728249194415,0.854597701149,0.599425287356,0.637015781923,0.67445744072,0.574137931034,1779,1199,580,0,1779,0,1199,0,580,126,1741,0.11053968254,3.35021095487,27.6349206349,14.6302521008,14.7542372881,19.3405700742,0.69985980165,0.389650173682,15.6125082129,1.12991156509,0.578854517108,9.15239928644,0.662379270587,0.377355652198,1.19779027155,0.357526820756,4.34256606628,3.35021095487,1.19779027155,4.34256606628,0.507119835952,0.563909424838,12128,0.0372596006144,0.110016681489,126,126,126,1,0,0.0555555555556,0.880952380952,0.0634920634921,126,0.0737142857143,3.15358171457,18.4285714286,10.0956521739,9.92307692308,12.9073179686,0.700397099072,0.389442598745,10.6000808622,1.15039637264,0.586255690907,6.15741132991,0.668246190843,0.379879140861,1.22131462922,0.38727857394,4.19032247383,3.15358171457,1.22131462922,4.19032247383,0.351966745911,0.391111569396,3793,0.0116528417819,0.0707288765448,126,126,126,1,0,0.0873015873016,0.84126984127,0.0714285714286,126,1512,0.096,3.61651398098,24,13.147826087,12.9230769231,16.5292468068,0.68871861695,0.3870622323,12.9373876807,1.07811564006,0.563534055598,8.63573969038,0.719644974198,0.407963802805,1.43771554569,0.397541818794,4.75,3.61651398098,1.43771554569,4.75,0.422218793976,0.496521509847,8160,0.025069124424,0.103167694201,126,126,126,1,0,0.0873015873016,0.84126984127,0.0714285714286,-229,-0.0145396825397,0.266303026116,-3.63492063492,-1.48242601388,-1.83116036506,-2.81132326737,-0.0111411847,-0.00258794138201,-2.67512053225,-0.0517959250374,-0.0153204615108,-0.516659596059,0.0572657036117,0.0306081506074,0.23992527414,0.0400149980384,0.407433933723,0.266303026116,0.23992527414,0.407433933723,-0.0849010419757,-0.0673879149912,-3968,-0.0121904761905,-0.0068489872872,0.031746031746,-0.0396825396825,0.00793650793651,1500,12,241,13997,0.861573808156,0.999143407809,0.000856592190735,0.138426191844,0.992063492063,0.861573808156,0.922225637873,0.916142547419,0.860717215965,0.855675984027,351,580,0,3,2,3
221,WLNM_dir_neg_kfold,0.806979042806,0.327907395917,00:00:14,10,66.6666666667,5,14350,threshold_sweep,0.5,0.965811965812,0.584482758621,0.728249194415,339,12,241,1148,0.584482758621,0.989655172414,0.0103448275862,0.415517241379,0.965811965812,0.584482758621,0.728249194415,0.854597701149,0.599425287356,0.637015781923,0.67445744072,0.574137931034,1779,1199,580,0,1779,0,1199,0,580,126,1741,0.11053968254,3.35021095487,27.6349206349,14.6302521008,14.7542372881,19.3405700742,0.69985980165,0.389650173682,15.6125082129,1.12991156509,0.578854517108,9.15239928644,0.662379270587,0.377355652198,1.19779027155,0.357526820756,4.34256606628,3.35021095487,1.19779027155,4.34256606628,0.507119835952,0.563909424838,12128,0.0372596006144,0.110016681489,126,126,126,1,0,0.0555555555556,0.880952380952,0.0634920634921,126,0.0737142857143,3.15358171457,18.4285714286,10.0956521739,9.92307692308,12.9073179686,0.700397099072,0.389442598745,10.6000808622,1.15039637264,0.586255690907,6.15741132991,0.668246190843,0.379879140861,1.22131462922,0.38727857394,4.19032247383,3.15358171457,1.22131462922,4.19032247383,0.351966745911,0.391111569396,3793,0.0116528417819,0.0707288765448,126,126,126,1,0,0.0873015873016,0.84126984127,0.0714285714286,126,1512,0.096,3.61651398098,24,13.147826087,12.9230769231,16.5292468068,0.68871861695,0.3870622323,12.9373876807,1.07811564006,0.563534055598,8.63573969038,0.719644974198,0.407963802805,1.43771554569,0.397541818794,4.75,3.61651398098,1.43771554569,4.75,0.422218793976,0.496521509847,8160,0.025069124424,0.103167694201,126,126,126,1,0,0.0873015873016,0.84126984127,0.0714285714286,-229,-0.0145396825397,0.266303026116,-3.63492063492,-1.48242601388,-1.83116036506,-2.81132326737,-0.0111411847,-0.00258794138201,-2.67512053225,-0.0517959250374,-0.0153204615108,-0.516659596059,0.0572657036117,0.0306081506074,0.23992527414,0.0400149980384,0.407433933723,0.266303026116,0.23992527414,0.407433933723,-0.0849010419757,-0.0673879149912,-3968,-0.0121904761905,-0.0068489872872,0.031746031746,-0.0396825396825,0.00793650793651,1500,12,241,13997,0.861573808156,0.999143407809,0.000856592190735,0.138426191844,0.992063492063,0.861573808156,0.922225637873,0.916142547419,0.860717215965,0.855675984027,351,580,0,3,2,3
222,WLNM_dir_neg_kfold,0.806979042806,0.327907395917,00:00:14,10,66.6666666667,5,14350,threshold_sweep,0.6,0.965811965812,0.584482758621,0.728249194415,339,12,241,1148,0.584482758621,0.989655172414,0.0103448275862,0.415517241379,0.965811965812,0.584482758621,0.728249194415,0.854597701149,0.599425287356,0.637015781923,0.67445744072,0.574137931034,1779,1199,580,0,1779,0,1199,0,580,126,1741,0.11053968254,3.35021095487,27.6349206349,14.6302521008,14.7542372881,19.3405700742,0.69985980165,0.389650173682,15.6125082129,1.12991156509,0.578854517108,9.15239928644,0.662379270587,0.377355652198,1.19779027155,0.357526820756,4.34256606628,3.35021095487,1.19779027155,4.34256606628,0.507119835952,0.563909424838,12128,0.0372596006144,0.110016681489,126,126,126,1,0,0.0555555555556,0.880952380952,0.0634920634921,126,0.0737142857143,3.15358171457,18.4285714286,10.0956521739,9.92307692308,12.9073179686,0.700397099072,0.389442598745,10.6000808622,1.15039637264,0.586255690907,6.15741132991,0.668246190843,0.379879140861,1.22131462922,0.38727857394,4.19032247383,3.15358171457,1.22131462922,4.19032247383,0.351966745911,0.391111569396,3793,0.0116528417819,0.0707288765448,126,126,126,1,0,0.0873015873016,0.84126984127,0.0714285714286,126,1512,0.096,3.61651398098,24,13.147826087,12.9230769231,16.5292468068,0.68871861695,0.3870622323,12.9373876807,1.07811564006,0.563534055598,8.63573969038,0.719644974198,0.407963802805,1.43771554569,0.397541818794,4.75,3.61651398098,1.43771554569,4.75,0.422218793976,0.496521509847,8160,0.025069124424,0.103167694201,126,126,126,1,0,0.0873015873016,0.84126984127,0.0714285714286,-229,-0.0145396825397,0.266303026116,-3.63492063492,-1.48242601388,-1.83116036506,-2.81132326737,-0.0111411847,-0.00258794138201,-2.67512053225,-0.0517959250374,-0.0153204615108,-0.516659596059,0.0572657036117,0.0306081506074,0.23992527414,0.0400149980384,0.407433933723,0.266303026116,0.23992527414,0.407433933723,-0.0849010419757,-0.0673879149912,-3968,-0.0121904761905,-0.0068489872872,0.031746031746,-0.0396825396825,0.00793650793651,1500,12,241,13997,0.861573808156,0.999143407809,0.000856592190735,0.138426191844,0.992063492063,0.861573808156,0.922225637873,0.916142547419,0.860717215965,0.855675984027,351,580,0,3,2,3
223,WLNM_dir_neg_kfold,0.806979042806,0.327907395917,00:00:14,10,66.6666666667,5,14350,threshold_sweep,0.7,0.971181556196,0.581034482759,0.727076591154,337,10,243,1150,0.581034482759,0.991379310345,0.00862068965517,0.418965517241,0.971181556196,0.581034482759,0.727076591154,0.854597701149,0.600191570881,0.636320076665,0.675324935734,0.572413793103,1779,1199,580,0,1779,0,1199,0,580,126,1741,0.11053968254,3.35021095487,27.6349206349,14.6302521008,14.7542372881,19.3405700742,0.69985980165,0.389650173682,15.6125082129,1.12991156509,0.578854517108,9.15239928644,0.662379270587,0.377355652198,1.19779027155,0.357526820756,4.34256606628,3.35021095487,1.19779027155,4.34256606628,0.507119835952,0.563909424838,12128,0.0372596006144,0.110016681489,126,126,126,1,0,0.0555555555556,0.880952380952,0.0634920634921,126,0.0737142857143,3.15358171457,18.4285714286,10.0956521739,9.92307692308,12.9073179686,0.700397099072,0.389442598745,10.6000808622,1.15039637264,0.586255690907,6.15741132991,0.668246190843,0.379879140861,1.22131462922,0.38727857394,4.19032247383,3.15358171457,1.22131462922,4.19032247383,0.351966745911,0.391111569396,3793,0.0116528417819,0.0707288765448,126,126,126,1,0,0.0873015873016,0.84126984127,0.0714285714286,126,1508,0.095746031746,3.60861007398,23.9365079365,13.1130434783,12.8888888889,16.5383172212,0.690924393192,0.388067870826,12.9441486443,1.08154027134,0.564565702497,8.64308880707,0.722167897673,0.409319607595,1.43320371327,0.397162254688,4.75,3.60861007398,1.43320371327,4.75,0.423165797265,0.497476392055,8148,0.0250322580645,0.103718379974,126,126,126,1,0,0.0873015873016,0.84126984127,0.0714285714286,-233,-0.0147936507937,0.258399119117,-3.69841269841,-1.51720862258,-1.86534839925,-2.802252853,-0.00893540845785,-0.00158230285585,-2.66835956857,-0.0483712937486,-0.0142888146117,-0.509310479364,0.0597886270867,0.0319639553978,0.23541344172,0.0396354339328,0.407433933723,0.258399119117,0.23541344172,0.407433933723,-0.0839540386872,-0.0664330327837,-3980,-0.0122273425499,-0.00629830151483,0.031746031746,-0.0396825396825,0.00793650793651,1498,10,243,13999,0.860425043079,0.999286173174,0.000713826825612,0.139574956921,0.993368700265,0.860425043079,0.922129886119,0.916155903692,0.859711216253,0.855511136493,347,580,0,3,2,3
224,WLNM_dir_neg_kfold,0.806979042806,0.327907395917,00:00:14,10,66.6666666667,5,14350,threshold_sweep,0.8,0.973988439306,0.581034482759,0.727861771058,337,9,243,1151,0.581034482759,0.99224137931,0.00775862068966,0.418965517241,0.973988439306,0.581034482759,0.727861771058,0.855172413793,0.600383141762,0.637583892617,0.677075674724,0.573275862069,1779,1199,580,0,1779,0,1199,0,580,126,1741,0.11053968254,3.35021095487,27.6349206349,14.6302521008,14.7542372881,19.3405700742,0.69985980165,0.389650173682,15.6125082129,1.12991156509,0.578854517108,9.15239928644,0.662379270587,0.377355652198,1.19779027155,0.357526820756,4.34256606628,3.35021095487,1.19779027155,4.34256606628,0.507119835952,0.563909424838,12128,0.0372596006144,0.110016681489,126,126,126,1,0,0.0555555555556,0.880952380952,0.0634920634921,126,0.0737142857143,3.15358171457,18.4285714286,10.0956521739,9.92307692308,12.9073179686,0.700397099072,0.389442598745,10.6000808622,1.15039637264,0.586255690907,6.15741132991,0.668246190843,0.379879140861,1.22131462922,0.38727857394,4.19032247383,3.15358171457,1.22131462922,4.19032247383,0.351966745911,0.391111569396,3793,0.0116528417819,0.0707288765448,126,126,126,1,0,0.0873015873016,0.84126984127,0.0714285714286,126,1507,0.0956825396825,3.60611662125,23.9206349206,13.1043478261,12.8803418803,16.5421174822,0.691541739467,0.38830958174,12.9456715816,1.08238528154,0.564745473505,8.63796345781,0.722218577096,0.409280500521,1.43192141468,0.39708128302,4.75,3.60611662125,1.43192141468,4.75,0.423524365283,0.497566042732,8143,0.0250168970814,0.103850153842,126,126,126,1,0,0.0873015873016,0.84126984127,0.0714285714286,-234,-0.0148571428571,0.25590566638,-3.71428571429,-1.52590427475,-1.87389540779,-2.798452592,-0.00831806218319,-0.0013405919421,-2.66683663133,-0.0475262835536,-0.0141090436038,-0.514435828632,0.0598393065094,0.0319248483237,0.234131143131,0.0395544622645,0.407433933723,0.25590566638,0.234131143131,0.407433933723,-0.0835954706688,-0.0663433821067,-3985,-0.012242703533,-0.00616652764662,0.031746031746,-0.0396825396825,0.00793650793651,1498,9,243,14000,0.860425043079,0.999357555857,0.000642444143051,0.139574956921,0.99402786994,0.860425043079,0.922413793103,0.916503739123,0.859782598936,0.856,346,580,0,3,2,3
225,WLNM_dir_neg_kfold,0.806979042806,0.327907395917,00:00:14,10,66.6666666667,5,14350,threshold_sweep,0.9,0.973913043478,0.579310344828,0.726486486486,336,9,244,1151,0.579310344828,0.99224137931,0.00775862068966,0.420689655172,0.973913043478,0.579310344828,0.726486486486,0.854597701149,0.600574712644,0.635971223022,0.675774623487,0.571551724138,1779,1199,580,0,1779,0,1199,0,580,126,1741,0.11053968254,3.35021095487,27.6349206349,14.6302521008,14.7542372881,19.3405700742,0.69985980165,0.389650173682,15.6125082129,1.12991156509,0.578854517108,9.15239928644,0.662379270587,0.377355652198,1.19779027155,0.357526820756,4.34256606628,3.35021095487,1.19779027155,4.34256606628,0.507119835952,0.563909424838,12128,0.0372596006144,0.110016681489,126,126,126,1,0,0.0555555555556,0.880952380952,0.0634920634921,126,0.0737142857143,3.15358171457,18.4285714286,10.0956521739,9.92307692308,12.9073179686,0.700397099072,0.389442598745,10.6000808622,1.15039637264,0.586255690907,6.15741132991,0.668246190843,0.379879140861,1.22131462922,0.38727857394,4.19032247383,3.15358171457,1.22131462922,4.19032247383,0.351966745911,0.391111569396,3793,0.0116528417819,0.0707288765448,126,126,126,1,0,0.0873015873016,0.84126984127,0.0714285714286,126,1506,0.095619047619,3.60553621814,23.9047619048,13.0956521739,12.8717948718,16.5183188352,0.691005369602,0.388040430869,12.9385360179,1.08250699751,0.564799005038,8.63375435635,0.722345982005,0.40931512047,1.43136657516,0.396991317951,4.75,3.60553621814,1.43136657516,4.75,0.423200990665,0.49717364243,8121,0.0249493087558,0.103793558022,126,126,126,1,0,0.0873015873016,0.84126984127,0.0714285714286,-235,-0.0149206349206,0.255325263272,-3.73015873016,-1.53459992693,-1.88244241634,-2.82225123892,-0.00885443204788,-0.00160974281322,-2.67397219505,-0.0474045675824,-0.0140555120703,-0.518644930094,0.0599667114184,0.0319594682728,0.233576303606,0.0394644971956,0.407433933723,0.255325263272,0.233576303606,0.407433933723,-0.083918845287,-0.0667357824084,-4007,-0.0123102918587,-0.00622312346639,0.031746031746,-0.0396825396825,0.00793650793651,1497,9,244,14000,0.85985066054,0.999357555857,0.000642444143051,0.14014933946,0.994023904382,0.85985066054,0.922081921774,0.916163332765,0.859208216397,0.855428571429,345,580,0,3,2,3
226,WLNM_dir_neg_kfold,0.768512187872,0.323525461963,00:00:15,10,66.6666666667,6,14351,threshold_sweep,0.1,0.910761154856,0.598275862069,0.722164412071,347,34,233,1126,0.598275862069,0.970689655172,0.0293103448276,0.401724137931,0.910761154856,0.598275862069,0.722164412071,0.846551724138,0.59367816092,0.622347949081,0.648569798781,0.568965517241,1779,1199,580,0,1779,0,1199,0,580,126,1741,0.11053968254,3.35021095487,27.6349206349,14.6302521008,14.7542372881,19.3405700742,0.69985980165,0.389650173682,15.6125082129,1.12991156509,0.578854517108,9.15239928644,0.662379270587,0.377355652198,1.19779027155,0.357526820756,4.34256606628,3.35021095487,1.19779027155,4.34256606628,0.507119835952,0.563909424838,12128,0.0372596006144,0.110016681489,126,126,126,1,0,0.0555555555556,0.880952380952,0.0634920634921,126,0.0737142857143,3.15358171457,18.4285714286,10.0956521739,9.92307692308,12.9073179686,0.700397099072,0.389442598745,10.6000808622,1.15039637264,0.586255690907,6.15741132991,0.668246190843,0.379879140861,1.22131462922,0.38727857394,4.19032247383,3.15358171457,1.22131462922,4.19032247383,0.351966745911,0.391111569396,3793,0.0116528417819,0.0707288765448,126,126,126,1,0,0.0873015873016,0.84126984127,0.0714285714286,126,1542,0.0979047619048,1,24.4761904762,12.336,13.1794871795,16.5334639012,0.675491715807,0.380741358368,12.8152587622,1.04716122182,0.543645646758,8.88542948556,0.726046767303,0.410773474976,0,0,0,NaN,NaN,NaN,0.436288634713,0.496738376128,8351,0.0256559139785,0.10093152498,126,126,0,1,2,0.00793650793651,0.920634920635,0.0714285714286,-199,-0.0126349206349,-2.35021095487,-3.15873015873,-2.29425210084,-1.57475010865,-2.80710617299,-0.0243680858431,-0.00890881531452,-2.79724945069,-0.0827503432771,-0.0352088703499,-0.266969800879,0.0636674967159,0.0334178227781,-1.19779027155,-0.357526820756,-4.34256606628,NaN,NaN,NaN,-0.0708312012384,-0.0671710487107,-3777,-0.0116036866359,-0.00908515650854,-0.047619047619,0.0396825396825,0.00793650793651,1508,34,233,13975,0.866168868466,0.997572988793,0.00242701120708,0.133831131534,0.977950713359,0.866168868466,0.91867194639,0.911335437632,0.863741857259,0.849577464789,381,580,0,3,2,3
227,WLNM_dir_neg_kfold,0.768512187872,0.323525461963,00:00:15,10,66.6666666667,6,14351,threshold_sweep,0.2,0.915567282322,0.598275862069,0.723670490094,347,32,233,1128,0.598275862069,0.972413793103,0.0275862068966,0.401724137931,0.915567282322,0.598275862069,0.723670490094,0.847701149425,0.594061302682,0.624823029731,0.651769936007,0.570689655172,1779,1199,580,0,1779,0,1199,0,580,126,1741,0.11053968254,3.35021095487,27.6349206349,14.6302521008,14.7542372881,19.3405700742,0.69985980165,0.389650173682,15.6125082129,1.12991156509,0.578854517108,9.15239928644,0.662379270587,0.377355652198,1.19779027155,0.357526820756,4.34256606628,3.35021095487,1.19779027155,4.34256606628,0.507119835952,0.563909424838,12128,0.0372596006144,0.110016681489,126,126,126,1,0,0.0555555555556,0.880952380952,0.0634920634921,126,0.0737142857143,3.15358171457,18.4285714286,10.0956521739,9.92307692308,12.9073179686,0.700397099072,0.389442598745,10.6000808622,1.15039637264,0.586255690907,6.15741132991,0.668246190843,0.379879140861,1.22131462922,0.38727857394,4.19032247383,3.15358171457,1.22131462922,4.19032247383,0.351966745911,0.391111569396,3793,0.0116528417819,0.0707288765448,126,126,126,1,0,0.0873015873016,0.84126984127,0.0714285714286,126,1540,0.0977777777778,1,24.4444444444,12.32,13.1623931624,16.5420944529,0.676722045801,0.381292517007,12.8280248761,1.04956567168,0.545083487941,8.87413219544,0.726065361445,0.410667903525,0,0,0,NaN,NaN,NaN,0.435220317789,0.496607142857,8343,0.0256313364055,0.10002056411,126,126,0,1,2,0.00793650793651,0.920634920635,0.0714285714286,-201,-0.0127619047619,-2.35021095487,-3.19047619048,-2.31025210084,-1.59184412574,-2.79847562126,-0.0231377558491,-0.00835765667554,-2.7844833368,-0.0803458934113,-0.0337710291678,-0.278267090995,0.0636860908588,0.0333122513273,-1.19779027155,-0.357526820756,-4.34256606628,NaN,NaN,NaN,-0.0718995181629,-0.0673022819813,-3785,-0.0116282642089,-0.00999611737846,-0.047619047619,0.0396825396825,0.00793650793651,1508,32,233,13977,0.866168868466,0.997715754158,0.00228424584196,0.133831131534,0.979220779221,0.866168868466,0.919231941481,0.912013563744,0.863884622624,0.850535815003,379,580,0,3,2,3
228,WLNM_dir_neg_kfold,0.768512187872,0.323525461963,00:00:15,10,66.6666666667,6,14351,threshold_sweep,0.3,0.930294906166,0.598275862069,0.728226652676,347,26,233,1134,0.598275862069,0.977586206897,0.0224137931034,0.401724137931,0.930294906166,0.598275862069,0.728226652676,0.851149425287,0.595210727969,0.632276384288,0.661489251043,0.575862068966,1779,1199,580,0,1779,0,1199,0,580,126,1741,0.11053968254,3.35021095487,27.6349206349,14.6302521008,14.7542372881,19.3405700742,0.69985980165,0.389650173682,15.6125082129,1.12991156509,0.578854517108,9.15239928644,0.662379270587,0.377355652198,1.19779027155,0.357526820756,4.34256606628,3.35021095487,1.19779027155,4.34256606628,0.507119835952,0.563909424838,12128,0.0372596006144,0.110016681489,126,126,126,1,0,0.0555555555556,0.880952380952,0.0634920634921,126,0.0737142857143,3.15358171457,18.4285714286,10.0956521739,9.92307692308,12.9073179686,0.700397099072,0.389442598745,10.6000808622,1.15039637264,0.586255690907,6.15741132991,0.668246190843,0.379879140861,1.22131462922,0.38727857394,4.19032247383,3.15358171457,1.22131462922,4.19032247383,0.351966745911,0.391111569396,3793,0.0116528417819,0.0707288765448,126,126,126,1,0,0.0873015873016,0.84126984127,0.0714285714286,126,1534,0.0973968253968,10.2635475668,24.3492063492,12.3709677419,13.1111111111,16.5559982896,0.679939955831,0.382737319178,12.8636413912,1.05659635938,0.549212557687,8.83002094229,0.725282033069,0.410121893173,2.83799639406,0.276512226945,13,10.2635475668,2.83799639406,13,0.423987883235,0.496045580413,8300,0.0254992319508,0.099712321863,126,126,126,1,0,0.015873015873,0.912698412698,0.0714285714286,-207,-0.0131428571429,6.91333661197,-3.28571428571,-2.2592843589,-1.64312617702,-2.78457178457,-0.019919845819,-0.00691285450434,-2.74886682172,-0.0733152057123,-0.0296419594213,-0.32237834415,0.0629027624828,0.032766240975,1.6402061225,-0.081014593811,8.65743393372,6.91333661197,1.6402061225,8.65743393372,-0.0831319527167,-0.0678638444253,-3828,-0.0117603686636,-0.0103043596256,-0.0396825396825,0.031746031746,0.00793650793651,1508,26,233,13983,0.866168868466,0.998144050253,0.00185594974659,0.133831131534,0.983050847458,0.866168868466,0.920916030534,0.914055508747,0.86431291872,0.853423882286,373,580,0,3,2,3
229,WLNM_dir_neg_kfold,0.768512187872,0.323525461963,00:00:15,10,66.6666666667,6,14351,threshold_sweep,0.4,0.940379403794,0.598275862069,0.731296101159,347,22,233,1138,0.598275862069,0.981034482759,0.0189655172414,0.401724137931,0.940379403794,0.598275862069,0.731296101159,0.853448275862,0.595977011494,0.637268847795,0.668070607248,0.579310344828,1779,1199,580,0,1779,0,1199,0,580,126,1741,0.11053968254,3.35021095487,27.6349206349,14.6302521008,14.7542372881,19.3405700742,0.69985980165,0.389650173682,15.6125082129,1.12991156509,0.578854517108,9.15239928644,0.662379270587,0.377355652198,1.19779027155,0.357526820756,4.34256606628,3.35021095487,1.19779027155,4.34256606628,0.507119835952,0.563909424838,12128,0.0372596006144,0.110016681489,126,126,126,1,0,0.0555555555556,0.880952380952,0.0634920634921,126,0.0737142857143,3.15358171457,18.4285714286,10.0956521739,9.92307692308,12.9073179686,0.700397099072,0.389442598745,10.6000808622,1.15039637264,0.586255690907,6.15741132991,0.668246190843,0.379879140861,1.22131462922,0.38727857394,4.19032247383,3.15358171457,1.22131462922,4.19032247383,0.351966745911,0.391111569396,3793,0.0116528417819,0.0707288765448,126,126,126,1,0,0.0873015873016,0.84126984127,0.0714285714286,126,1530,0.0971428571429,5.61797690542,24.2857142857,12.3387096774,13.0769230769,16.5499762624,0.681469610804,0.383380018674,12.8857839719,1.06118220945,0.551530241726,8.76512570198,0.721833881339,0.408673098869,1.69009591663,0.300837106504,7,5.61797690542,1.69009591663,7,0.42442474196,0.497449744974,8290,0.0254685099846,0.09949321789,126,126,126,1,0,0.015873015873,0.912698412698,0.0714285714286,-211,-0.0133968253968,2.26776595055,-3.34920634921,-2.29154242342,-1.67731421121,-2.79059381177,-0.0183901908455,-0.0062701550082,-2.72672424098,-0.0687293556398,-0.0273242753821,-0.387273584464,0.0594546107525,0.0313174466715,0.492305645077,-0.0566897142519,2.65743393372,2.26776595055,0.492305645077,2.65743393372,-0.0826950939915,-0.0664596798639,-3838,-0.0117910906298,-0.0105234635986,-0.0396825396825,0.031746031746,0.00793650793651,1508,22,233,13987,0.866168868466,0.998429580984,0.00157041901635,0.133831131534,0.985620915033,0.866168868466,0.922042188933,0.915423151903,0.86459844945,0.855360181509,369,580,0,3,2,3
230,WLNM_dir_neg_kfold,0.768512187872,0.323525461963,00:00:15,10,66.6666666667,6,14351,threshold_sweep,0.5,0.98,0.591379310345,0.737634408602,343,7,237,1153,0.591379310345,0.993965517241,0.00603448275862,0.408620689655,0.98,0.591379310345,0.737634408602,0.859770114943,0.599616858238,0.64976076555,0.68835639924,0.585344827586,1779,1199,580,0,1779,0,1199,0,580,126,1741,0.11053968254,3.35021095487,27.6349206349,14.6302521008,14.7542372881,19.3405700742,0.69985980165,0.389650173682,15.6125082129,1.12991156509,0.578854517108,9.15239928644,0.662379270587,0.377355652198,1.19779027155,0.357526820756,4.34256606628,3.35021095487,1.19779027155,4.34256606628,0.507119835952,0.563909424838,12128,0.0372596006144,0.110016681489,126,126,126,1,0,0.0555555555556,0.880952380952,0.0634920634921,126,0.0737142857143,3.15358171457,18.4285714286,10.0956521739,9.92307692308,12.9073179686,0.700397099072,0.389442598745,10.6000808622,1.15039637264,0.586255690907,6.15741132991,0.668246190843,0.379879140861,1.22131462922,0.38727857394,4.19032247383,3.15358171457,1.22131462922,4.19032247383,0.351966745911,0.391111569396,3793,0.0116528417819,0.0707288765448,126,126,126,1,0,0.0873015873016,0.84126984127,0.0714285714286,126,1511,0.0959365079365,3.16744391176,23.9841269841,13.1391304348,12.9145299145,16.6627652577,0.694741370769,0.389881608942,13.0055348413,1.08451183984,0.566223356759,8.63712547714,0.720236803521,0.408239051191,1.2008809516,0.379132507175,4.11276016637,3.16744391176,1.2008809516,4.11276016637,0.428519498715,0.50288595905,8277,0.0254285714286,0.103298424972,126,126,126,1,0,0.0873015873016,0.84126984127,0.0714285714286,-230,-0.0146031746032,-0.182767043103,-3.65079365079,-1.49112166606,-1.83970737361,-2.67780481651,-0.00511843088058,0.000231435259495,-2.60697337163,-0.0453997252508,-0.012631160349,-0.515273809295,0.0578575329343,0.030883398993,0.00309068004838,0.0216056864192,-0.229805899905,-0.182767043103,0.00309068004838,-0.229805899905,-0.0786003372372,-0.0610234657887,-3851,-0.0118310291859,-0.00671825651664,0.031746031746,-0.0396825396825,0.00793650793651,1504,7,237,14002,0.863871338311,0.999500321222,0.000499678777928,0.136128661689,0.99536730642,0.863871338311,0.924969249692,0.919239683863,0.863371659533,0.860411899314,350,580,0,3,2,3
231,WLNM_dir_neg_kfold,0.768512187872,0.323525461963,00:00:15,10,66.6666666667,6,14351,threshold_sweep,0.6,0.98,0.591379310345,0.737634408602,343,7,237,1153,0.591379310345,0.993965517241,0.00603448275862,0.408620689655,0.98,0.591379310345,0.737634408602,0.859770114943,0.599616858238,0.64976076555,0.68835639924,0.585344827586,1779,1199,580,0,1779,0,1199,0,580,126,1741,0.11053968254,3.35021095487,27.6349206349,14.6302521008,14.7542372881,19.3405700742,0.69985980165,0.389650173682,15.6125082129,1.12991156509,0.578854517108,9.15239928644,0.662379270587,0.377355652198,1.19779027155,0.357526820756,4.34256606628,3.35021095487,1.19779027155,4.34256606628,0.507119835952,0.563909424838,12128,0.0372596006144,0.110016681489,126,126,126,1,0,0.0555555555556,0.880952380952,0.0634920634921,126,0.0737142857143,3.15358171457,18.4285714286,10.0956521739,9.92307692308,12.9073179686,0.700397099072,0.389442598745,10.6000808622,1.15039637264,0.586255690907,6.15741132991,0.668246190843,0.379879140861,1.22131462922,0.38727857394,4.19032247383,3.15358171457,1.22131462922,4.19032247383,0.351966745911,0.391111569396,3793,0.0116528417819,0.0707288765448,126,126,126,1,0,0.0873015873016,0.84126984127,0.0714285714286,126,1511,0.0959365079365,3.16744391176,23.9841269841,13.1391304348,12.9145299145,16.6627652577,0.694741370769,0.389881608942,13.0055348413,1.08451183984,0.566223356759,8.63712547714,0.720236803521,0.408239051191,1.2008809516,0.379132507175,4.11276016637,3.16744391176,1.2008809516,4.11276016637,0.428519498715,0.50288595905,8277,0.0254285714286,0.103298424972,126,126,126,1,0,0.0873015873016,0.84126984127,0.0714285714286,-230,-0.0146031746032,-0.182767043103,-3.65079365079,-1.49112166606,-1.83970737361,-2.67780481651,-0.00511843088058,0.000231435259495,-2.60697337163,-0.0453997252508,-0.012631160349,-0.515273809295,0.0578575329343,0.030883398993,0.00309068004838,0.0216056864192,-0.229805899905,-0.182767043103,0.00309068004838,-0.229805899905,-0.0786003372372,-0.0610234657887,-3851,-0.0118310291859,-0.00671825651664,0.031746031746,-0.0396825396825,0.00793650793651,1504,7,237,14002,0.863871338311,0.999500321222,0.000499678777928,0.136128661689,0.99536730642,0.863871338311,0.924969249692,0.919239683863,0.863371659533,0.860411899314,350,580,0,3,2,3
232,WLNM_dir_neg_kfold,0.768512187872,0.323525461963,00:00:15,10,66.6666666667,6,14351,threshold_sweep,0.7,0.98275862069,0.589655172414,0.737068965517,342,6,238,1154,0.589655172414,0.994827586207,0.0051724137931,0.410344827586,0.98275862069,0.589655172414,0.737068965517,0.859770114943,0.6,0.649425287356,0.688819536846,0.584482758621,1779,1199,580,0,1779,0,1199,0,580,126,1741,0.11053968254,3.35021095487,27.6349206349,14.6302521008,14.7542372881,19.3405700742,0.69985980165,0.389650173682,15.6125082129,1.12991156509,0.578854517108,9.15239928644,0.662379270587,0.377355652198,1.19779027155,0.357526820756,4.34256606628,3.35021095487,1.19779027155,4.34256606628,0.507119835952,0.563909424838,12128,0.0372596006144,0.110016681489,126,126,126,1,0,0.0555555555556,0.880952380952,0.0634920634921,126,0.0737142857143,3.15358171457,18.4285714286,10.0956521739,9.92307692308,12.9073179686,0.700397099072,0.389442598745,10.6000808622,1.15039637264,0.586255690907,6.15741132991,0.668246190843,0.379879140861,1.22131462922,0.38727857394,4.19032247383,3.15358171457,1.22131462922,4.19032247383,0.351966745911,0.391111569396,3793,0.0116528417819,0.0707288765448,126,126,126,1,0,0.0873015873016,0.84126984127,0.0714285714286,126,1509,0.0958095238095,3.16935594151,23.9523809524,13.1217391304,12.8974358974,16.6727836394,0.696080430272,0.390608728581,13.0104353721,1.08635842073,0.566668770446,8.64172601807,0.721575532324,0.40901153923,1.20232345108,0.379358921267,4.11527879476,3.16935594151,1.20232345108,4.11527879476,0.428050994027,0.503387149116,8273,0.0254162826421,0.103338551108,126,126,126,1,0,0.0873015873016,0.84126984127,0.0714285714286,-232,-0.0147301587302,-0.180855013359,-3.68253968254,-1.50851297041,-1.8568013907,-2.66778643478,-0.00377937137732,0.000958554898556,-2.60207284082,-0.0435531443619,-0.0121857466623,-0.510673268367,0.0591962617375,0.0316558870325,0.00453317952879,0.0218321005118,-0.227287271521,-0.180855013359,0.00453317952879,-0.227287271521,-0.079068841925,-0.0605222757227,-3855,-0.0118433179724,-0.00667813038063,0.031746031746,-0.0396825396825,0.00793650793651,1503,6,238,14003,0.863296955773,0.999571703905,0.000428296095367,0.136703044227,0.996023856859,0.863296955773,0.924923076923,0.919248194043,0.862868659677,0.86033199771,348,580,0,3,2,3
233,WLNM_dir_neg_kfold,0.768512187872,0.323525461963,00:00:15,10,66.6666666667,6,14351,threshold_sweep,0.8,0.982608695652,0.584482758621,0.732972972973,339,6,241,1154,0.584482758621,0.994827586207,0.0051724137931,0.415517241379,0.982608695652,0.584482758621,0.732972972973,0.858045977011,0.600574712644,0.644604316547,0.684948034665,0.579310344828,1779,1199,580,0,1779,0,1199,0,580,126,1741,0.11053968254,3.35021095487,27.6349206349,14.6302521008,14.7542372881,19.3405700742,0.69985980165,0.389650173682,15.6125082129,1.12991156509,0.578854517108,9.15239928644,0.662379270587,0.377355652198,1.19779027155,0.357526820756,4.34256606628,3.35021095487,1.19779027155,4.34256606628,0.507119835952,0.563909424838,12128,0.0372596006144,0.110016681489,126,126,126,1,0,0.0555555555556,0.880952380952,0.0634920634921,126,0.0737142857143,3.15358171457,18.4285714286,10.0956521739,9.92307692308,12.9073179686,0.700397099072,0.389442598745,10.6000808622,1.15039637264,0.586255690907,6.15741132991,0.668246190843,0.379879140861,1.22131462922,0.38727857394,4.19032247383,3.15358171457,1.22131462922,4.19032247383,0.351966745911,0.391111569396,3793,0.0116528417819,0.0707288765448,126,126,126,1,0,0.0873015873016,0.84126984127,0.0714285714286,126,1506,0.095619047619,3.1353116148,23.9047619048,13.0956521739,12.8717948718,16.6581768853,0.696856005163,0.390902000464,13.0082171832,1.08833689581,0.567686924261,8.60405220148,0.719860941159,0.408313834609,1.18272105863,0.377225999816,4.05981494556,3.1353116148,1.18272105863,4.05981494556,0.42685227097,0.503602393455,8248,0.0253394777266,0.101949696377,126,126,126,1,0,0.0873015873016,0.84126984127,0.0714285714286,-235,-0.0149206349206,-0.214899340069,-3.73015873016,-1.53459992693,-1.88244241634,-2.68239318884,-0.00300379648672,0.00125182678141,-2.6042910297,-0.0415746692865,-0.0111675928478,-0.548347084964,0.0574816705727,0.030958182411,-0.0150692129284,0.01969917906,-0.282751120718,-0.214899340069,-0.0150692129284,-0.282751120718,-0.0802675649813,-0.0603070313838,-3880,-0.0119201228879,-0.00806698511161,0.031746031746,-0.0396825396825,0.00793650793651,1500,6,241,14003,0.861573808156,0.999571703905,0.000428296095367,0.138426191844,0.996015936255,0.861573808156,0.923929781337,0.918229047709,0.861145512061,0.858614768174,345,580,0,3,2,3
234,WLNM_dir_neg_kfold,0.768512187872,0.323525461963,00:00:15,10,66.6666666667,6,14351,threshold_sweep,0.9,0.985422740525,0.58275862069,0.732394366197,338,5,242,1155,0.58275862069,0.995689655172,0.00431034482759,0.41724137931,0.985422740525,0.58275862069,0.732394366197,0.858045977011,0.600957854406,0.644263082093,0.685428659244,0.578448275862,1779,1199,580,0,1779,0,1199,0,580,126,1741,0.11053968254,3.35021095487,27.6349206349,14.6302521008,14.7542372881,19.3405700742,0.69985980165,0.389650173682,15.6125082129,1.12991156509,0.578854517108,9.15239928644,0.662379270587,0.377355652198,1.19779027155,0.357526820756,4.34256606628,3.35021095487,1.19779027155,4.34256606628,0.507119835952,0.563909424838,12128,0.0372596006144,0.110016681489,126,126,126,1,0,0.0555555555556,0.880952380952,0.0634920634921,126,0.0737142857143,3.15358171457,18.4285714286,10.0956521739,9.92307692308,12.9073179686,0.700397099072,0.389442598745,10.6000808622,1.15039637264,0.586255690907,6.15741132991,0.668246190843,0.379879140861,1.22131462922,0.38727857394,4.19032247383,3.15358171457,1.22131462922,4.19032247383,0.351966745911,0.391111569396,3793,0.0116528417819,0.0707288765448,126,126,126,1,0,0.0873015873016,0.84126984127,0.0714285714286,126,1504,0.0954920634921,3.12818831336,23.873015873,13.0782608696,12.8547008547,16.6363381197,0.696867886661,0.390936339075,12.9995360113,1.08905687328,0.567945795339,8.58812764856,0.719484098217,0.408149696049,1.18177669195,0.377783104329,4.0552971595,3.12818831336,1.18177669195,4.0552971595,0.426721785172,0.503734998775,8227,0.0252749615975,0.102273961582,126,126,126,1,0,0.0873015873016,0.84126984127,0.0714285714286,-237,-0.0150476190476,-0.222022641504,-3.7619047619,-1.55199123128,-1.89953643343,-2.7042319545,-0.00299191498841,0.0012861653923,-2.61297220166,-0.04085469181,-0.010908721769,-0.564271637881,0.0571048276304,0.0307940438509,-0.0160135796062,0.0202562835734,-0.287268906779,-0.222022641504,-0.0160135796062,-0.287268906779,-0.0803980507802,-0.060174426063,-3901,-0.0119846390169,-0.00774271990675,0.031746031746,-0.0396825396825,0.00793650793651,1499,5,242,14004,0.860999425617,0.999643086587,0.000356913412806,0.139000574383,0.996675531915,0.860999425617,0.923882896764,0.918238207703,0.860642512205,0.858533791523,343,580,0,3,2,3
235,WLNM_dir_neg_kfold,0.848385850178,0.651836847459,00:00:15,10,66.6666666667,7,14352,threshold_sweep,0.1,0.940700808625,0.601724137931,0.73396424816,349,22,231,1138,0.601724137931,0.981034482759,0.0189655172414,0.398275862069,0.940700808625,0.601724137931,0.73396424816,0.854597701149,0.595593869732,0.640454760777,0.670722722153,0.58275862069,1779,1199,580,0,1779,0,1199,0,580,126,1741,0.11053968254,3.35021095487,27.6349206349,14.6302521008,14.7542372881,19.3405700742,0.69985980165,0.389650173682,15.6125082129,1.12991156509,0.578854517108,9.15239928644,0.662379270587,0.377355652198,1.19779027155,0.357526820756,4.34256606628,3.35021095487,1.19779027155,4.34256606628,0.507119835952,0.563909424838,12128,0.0372596006144,0.110016681489,126,126,126,1,0,0.0555555555556,0.880952380952,0.0634920634921,126,0.0737142857143,3.15358171457,18.4285714286,10.0956521739,9.92307692308,12.9073179686,0.700397099072,0.389442598745,10.6000808622,1.15039637264,0.586255690907,6.15741132991,0.668246190843,0.379879140861,1.22131462922,0.38727857394,4.19032247383,3.15358171457,1.22131462922,4.19032247383,0.351966745911,0.391111569396,3793,0.0116528417819,0.0707288765448,126,126,126,1,0,0.0873015873016,0.84126984127,0.0714285714286,126,1532,0.0972698412698,5.30313481295,24.3174603175,12.3548387097,13.094017094,16.5469759382,0.680456582314,0.383086742095,12.8576282095,1.05748117128,0.548841642836,8.81127704562,0.724687276598,0.409900949065,1.42573289696,0.268847190813,6.29732824231,5.30313481295,1.42573289696,6.29732824231,0.441533624812,0.501014198783,8398,0.0258003072197,0.100160000131,126,126,126,1,0,0.015873015873,0.912698412698,0.0714285714286,-209,-0.0132698412698,1.95292385808,-3.31746031746,-2.27541339116,-1.66022019412,-2.79359413599,-0.019403219336,-0.00656343158776,-2.75488000338,-0.0724303938132,-0.030012874272,-0.341122240823,0.062308006011,0.0325452968677,0.227942625409,-0.0886796299427,1.95476217603,1.95292385808,0.227942625409,1.95476217603,-0.0655862111394,-0.0628952260555,-3730,-0.0114592933948,-0.00985668135713,-0.0396825396825,0.031746031746,0.00793650793651,1510,22,231,13987,0.867317633544,0.998429580984,0.00157041901635,0.132682366456,0.985639686684,0.867317633544,0.922700886037,0.916105348147,0.865747214528,0.856494611458,371,580,0,3,2,3
236,WLNM_dir_neg_kfold,0.848385850178,0.651836847459,00:00:15,10,66.6666666667,7,14352,threshold_sweep,0.2,0.953551912568,0.601724137931,0.737843551797,349,17,231,1143,0.601724137931,0.985344827586,0.0146551724138,0.398275862069,0.953551912568,0.601724137931,0.737843551797,0.857471264368,0.596551724138,0.646723646724,0.679044451648,0.587068965517,1779,1199,580,0,1779,0,1199,0,580,126,1741,0.11053968254,3.35021095487,27.6349206349,14.6302521008,14.7542372881,19.3405700742,0.69985980165,0.389650173682,15.6125082129,1.12991156509,0.578854517108,9.15239928644,0.662379270587,0.377355652198,1.19779027155,0.357526820756,4.34256606628,3.35021095487,1.19779027155,4.34256606628,0.507119835952,0.563909424838,12128,0.0372596006144,0.110016681489,126,126,126,1,0,0.0555555555556,0.880952380952,0.0634920634921,126,0.0737142857143,3.15358171457,18.4285714286,10.0956521739,9.92307692308,12.9073179686,0.700397099072,0.389442598745,10.6000808622,1.15039637264,0.586255690907,6.15741132991,0.668246190843,0.379879140861,1.22131462922,0.38727857394,4.19032247383,3.15358171457,1.22131462922,4.19032247383,0.351966745911,0.391111569396,3793,0.0116528417819,0.0707288765448,126,126,126,1,0,0.0873015873016,0.84126984127,0.0714285714286,126,1527,0.0969523809524,5.01519926151,24.2380952381,12.314516129,13.0512820513,16.5599171841,0.683218587162,0.384455463041,12.8875798459,1.06341523287,0.552140830137,8.77506206734,0.724071919113,0.409886591615,1.31654498547,0.262511002419,5.97500860876,5.01519926151,1.31654498547,5.97500860876,0.437862065957,0.501927109336,8378,0.0257388632873,0.098995964885,126,126,126,1,0,0.015873015873,0.912698412698,0.0714285714286,-214,-0.0135873015873,1.66498830664,-3.39682539683,-2.31573597181,-1.70295523685,-2.78065289011,-0.0166412144883,-0.00519471064141,-2.72492836697,-0.0664963322253,-0.0267136869715,-0.377337219097,0.0616926485261,0.0325309394178,0.118754713918,-0.0950158183363,1.63244254248,1.66498830664,0.118754713918,1.63244254248,-0.0692577699949,-0.0619823155024,-3750,-0.0115207373272,-0.0110207166036,-0.0396825396825,0.031746031746,0.00793650793651,1510,17,231,13992,0.867317633544,0.998786494396,0.00121350560354,0.132682366456,0.988867059594,0.867317633544,0.924112607099,0.917820889895,0.86610412794,0.858930602958,366,580,0,3,2,3
237,WLNM_dir_neg_kfold,0.848385850178,0.651836847459,00:00:15,10,66.6666666667,7,14352,threshold_sweep,0.3,0.969444444444,0.601724137931,0.742553191489,349,11,231,1149,0.601724137931,0.990517241379,0.00948275862069,0.398275862069,0.969444444444,0.601724137931,0.742553191489,0.86091954023,0.597701149425,0.654285714286,0.689209008916,0.59224137931,1779,1199,580,0,1779,0,1199,0,580,126,1741,0.11053968254,3.35021095487,27.6349206349,14.6302521008,14.7542372881,19.3405700742,0.69985980165,0.389650173682,15.6125082129,1.12991156509,0.578854517108,9.15239928644,0.662379270587,0.377355652198,1.19779027155,0.357526820756,4.34256606628,3.35021095487,1.19779027155,4.34256606628,0.507119835952,0.563909424838,12128,0.0372596006144,0.110016681489,126,126,126,1,0,0.0555555555556,0.880952380952,0.0634920634921,126,0.0737142857143,3.15358171457,18.4285714286,10.0956521739,9.92307692308,12.9073179686,0.700397099072,0.389442598745,10.6000808622,1.15039637264,0.586255690907,6.15741132991,0.668246190843,0.379879140861,1.22131462922,0.38727857394,4.19032247383,3.15358171457,1.22131462922,4.19032247383,0.351966745911,0.391111569396,3793,0.0116528417819,0.0707288765448,126,126,126,1,0,0.0873015873016,0.84126984127,0.0714285714286,126,1521,0.0965714285714,4.92824457709,24.1428571429,12.2661290323,13,16.5619874584,0.685999480524,0.385778988343,12.9207916608,1.07036143936,0.555873850746,8.71979685216,0.72235003509,0.409551986475,1.28373110982,0.260484456431,5.86963962385,4.92824457709,1.28373110982,5.86963962385,0.426663301229,0.502098604278,8334,0.0256036866359,0.0967197548767,126,126,126,1,0,0.015873015873,0.912698412698,0.0714285714286,-220,-0.0139682539683,1.57803362223,-3.49206349206,-2.36412306858,-1.75423728814,-2.77858261579,-0.0138603211253,-0.00387118533925,-2.69171655208,-0.0595501257338,-0.0229806663627,-0.432602434284,0.0599707645031,0.0321963342774,0.0859408382676,-0.097042364325,1.52707355758,1.57803362223,0.0859408382676,1.52707355758,-0.0804565347223,-0.0618108205609,-3794,-0.0116559139785,-0.013296926612,-0.0396825396825,0.031746031746,0.00793650793651,1510,11,231,13998,0.867317633544,0.999214790492,0.000785209508173,0.132682366456,0.992767915845,0.867317633544,0.92581238504,0.919890162271,0.866532424036,0.861872146119,360,580,0,3,2,3
238,WLNM_dir_neg_kfold,0.848385850178,0.651836847459,00:00:15,10,66.6666666667,7,14352,threshold_sweep,0.4,0.988505747126,0.593103448276,0.741379310345,344,4,236,1156,0.593103448276,0.996551724138,0.00344827586207,0.406896551724,0.988505747126,0.593103448276,0.741379310345,0.862068965517,0.6,0.655172413793,0.694915284959,0.589655172414,1779,1199,580,0,1779,0,1199,0,580,126,1741,0.11053968254,3.35021095487,27.6349206349,14.6302521008,14.7542372881,19.3405700742,0.69985980165,0.389650173682,15.6125082129,1.12991156509,0.578854517108,9.15239928644,0.662379270587,0.377355652198,1.19779027155,0.357526820756,4.34256606628,3.35021095487,1.19779027155,4.34256606628,0.507119835952,0.563909424838,12128,0.0372596006144,0.110016681489,126,126,126,1,0,0.0555555555556,0.880952380952,0.0634920634921,126,0.0737142857143,3.15358171457,18.4285714286,10.0956521739,9.92307692308,12.9073179686,0.700397099072,0.389442598745,10.6000808622,1.15039637264,0.586255690907,6.15741132991,0.668246190843,0.379879140861,1.22131462922,0.38727857394,4.19032247383,3.15358171457,1.22131462922,4.19032247383,0.351966745911,0.391111569396,3793,0.0116528417819,0.0707288765448,126,126,126,1,0,0.0873015873016,0.84126984127,0.0714285714286,126,1509,0.0958095238095,3.15628762063,23.9523809524,13.1217391304,12.8974358974,16.6295434178,0.694275172514,0.389856627431,12.9808870487,1.0838911651,0.565785183081,8.67037649537,0.723967818699,0.410442109249,1.1956964866,0.378830014978,4.08633789969,3.15628762063,1.1956964866,4.08633789969,0.427312071839,0.504273677388,8299,0.0254961597542,0.104327877934,126,126,126,1,0,0.0873015873016,0.84126984127,0.0714285714286,-232,-0.0147301587302,-0.193923334236,-3.68253968254,-1.50851297041,-1.8568013907,-2.71102665633,-0.00558462913576,0.000206453748841,-2.63162116421,-0.0460203999922,-0.013069334027,-0.482022791071,0.0615885481121,0.0330864570516,-0.00209378495619,0.0213031942222,-0.256228166585,-0.193923334236,-0.00209378495619,-0.256228166585,-0.0798077641131,-0.0596357474504,-3829,-0.0117634408602,-0.00568880355426,0.031746031746,-0.0396825396825,0.00793650793651,1505,4,236,14005,0.86444572085,0.99971446927,0.000285530730245,0.13555427915,0.997349237906,0.86444572085,0.926153846154,0.92062411263,0.86416019012,0.862464183381,348,580,0,3,2,3
239,WLNM_dir_neg_kfold,0.848385850178,0.651836847459,00:00:15,10,66.6666666667,7,14352,threshold_sweep,0.5,0.988505747126,0.593103448276,0.741379310345,344,4,236,1156,0.593103448276,0.996551724138,0.00344827586207,0.406896551724,0.988505747126,0.593103448276,0.741379310345,0.862068965517,0.6,0.655172413793,0.694915284959,0.589655172414,1779,1199,580,0,1779,0,1199,0,580,126,1741,0.11053968254,3.35021095487,27.6349206349,14.6302521008,14.7542372881,19.3405700742,0.69985980165,0.389650173682,15.6125082129,1.12991156509,0.578854517108,9.15239928644,0.662379270587,0.377355652198,1.19779027155,0.357526820756,4.34256606628,3.35021095487,1.19779027155,4.34256606628,0.507119835952,0.563909424838,12128,0.0372596006144,0.110016681489,126,126,126,1,0,0.0555555555556,0.880952380952,0.0634920634921,126,0.0737142857143,3.15358171457,18.4285714286,10.0956521739,9.92307692308,12.9073179686,0.700397099072,0.389442598745,10.6000808622,1.15039637264,0.586255690907,6.15741132991,0.668246190843,0.379879140861,1.22131462922,0.38727857394,4.19032247383,3.15358171457,1.22131462922,4.19032247383,0.351966745911,0.391111569396,3793,0.0116528417819,0.0707288765448,126,126,126,1,0,0.0873015873016,0.84126984127,0.0714285714286,126,1509,0.0958095238095,3.15628762063,23.9523809524,13.1217391304,12.8974358974,16.6295434178,0.694275172514,0.389856627431,12.9808870487,1.0838911651,0.565785183081,8.67037649537,0.723967818699,0.410442109249,1.1956964866,0.378830014978,4.08633789969,3.15628762063,1.1956964866,4.08633789969,0.427312071839,0.504273677388,8299,0.0254961597542,0.104327877934,126,126,126,1,0,0.0873015873016,0.84126984127,0.0714285714286,-232,-0.0147301587302,-0.193923334236,-3.68253968254,-1.50851297041,-1.8568013907,-2.71102665633,-0.00558462913576,0.000206453748841,-2.63162116421,-0.0460203999922,-0.013069334027,-0.482022791071,0.0615885481121,0.0330864570516,-0.00209378495619,0.0213031942222,-0.256228166585,-0.193923334236,-0.00209378495619,-0.256228166585,-0.0798077641131,-0.0596357474504,-3829,-0.0117634408602,-0.00568880355426,0.031746031746,-0.0396825396825,0.00793650793651,1505,4,236,14005,0.86444572085,0.99971446927,0.000285530730245,0.13555427915,0.997349237906,0.86444572085,0.926153846154,0.92062411263,0.86416019012,0.862464183381,348,580,0,3,2,3
240,WLNM_dir_neg_kfold,0.848385850178,0.651836847459,00:00:15,10,66.6666666667,7,14352,threshold_sweep,0.6,0.988505747126,0.593103448276,0.741379310345,344,4,236,1156,0.593103448276,0.996551724138,0.00344827586207,0.406896551724,0.988505747126,0.593103448276,0.741379310345,0.862068965517,0.6,0.655172413793,0.694915284959,0.589655172414,1779,1199,580,0,1779,0,1199,0,580,126,1741,0.11053968254,3.35021095487,27.6349206349,14.6302521008,14.7542372881,19.3405700742,0.69985980165,0.389650173682,15.6125082129,1.12991156509,0.578854517108,9.15239928644,0.662379270587,0.377355652198,1.19779027155,0.357526820756,4.34256606628,3.35021095487,1.19779027155,4.34256606628,0.507119835952,0.563909424838,12128,0.0372596006144,0.110016681489,126,126,126,1,0,0.0555555555556,0.880952380952,0.0634920634921,126,0.0737142857143,3.15358171457,18.4285714286,10.0956521739,9.92307692308,12.9073179686,0.700397099072,0.389442598745,10.6000808622,1.15039637264,0.586255690907,6.15741132991,0.668246190843,0.379879140861,1.22131462922,0.38727857394,4.19032247383,3.15358171457,1.22131462922,4.19032247383,0.351966745911,0.391111569396,3793,0.0116528417819,0.0707288765448,126,126,126,1,0,0.0873015873016,0.84126984127,0.0714285714286,126,1509,0.0958095238095,3.15628762063,23.9523809524,13.1217391304,12.8974358974,16.6295434178,0.694275172514,0.389856627431,12.9808870487,1.0838911651,0.565785183081,8.67037649537,0.723967818699,0.410442109249,1.1956964866,0.378830014978,4.08633789969,3.15628762063,1.1956964866,4.08633789969,0.427312071839,0.504273677388,8299,0.0254961597542,0.104327877934,126,126,126,1,0,0.0873015873016,0.84126984127,0.0714285714286,-232,-0.0147301587302,-0.193923334236,-3.68253968254,-1.50851297041,-1.8568013907,-2.71102665633,-0.00558462913576,0.000206453748841,-2.63162116421,-0.0460203999922,-0.013069334027,-0.482022791071,0.0615885481121,0.0330864570516,-0.00209378495619,0.0213031942222,-0.256228166585,-0.193923334236,-0.00209378495619,-0.256228166585,-0.0798077641131,-0.0596357474504,-3829,-0.0117634408602,-0.00568880355426,0.031746031746,-0.0396825396825,0.00793650793651,1505,4,236,14005,0.86444572085,0.99971446927,0.000285530730245,0.13555427915,0.997349237906,0.86444572085,0.926153846154,0.92062411263,0.86416019012,0.862464183381,348,580,0,3,2,3
241,WLNM_dir_neg_kfold,0.848385850178,0.651836847459,00:00:15,10,66.6666666667,7,14352,threshold_sweep,0.7,0.991354466859,0.593103448276,0.742179072276,344,3,236,1157,0.593103448276,0.997413793103,0.00258620689655,0.406896551724,0.991354466859,0.593103448276,0.742179072276,0.862643678161,0.600191570881,0.656444657403,0.696683103882,0.590517241379,1779,1199,580,0,1779,0,1199,0,580,126,1741,0.11053968254,3.35021095487,27.6349206349,14.6302521008,14.7542372881,19.3405700742,0.69985980165,0.389650173682,15.6125082129,1.12991156509,0.578854517108,9.15239928644,0.662379270587,0.377355652198,1.19779027155,0.357526820756,4.34256606628,3.35021095487,1.19779027155,4.34256606628,0.507119835952,0.563909424838,12128,0.0372596006144,0.110016681489,126,126,126,1,0,0.0555555555556,0.880952380952,0.0634920634921,126,0.0737142857143,3.15358171457,18.4285714286,10.0956521739,9.92307692308,12.9073179686,0.700397099072,0.389442598745,10.6000808622,1.15039637264,0.586255690907,6.15741132991,0.668246190843,0.379879140861,1.22131462922,0.38727857394,4.19032247383,3.15358171457,1.22131462922,4.19032247383,0.351966745911,0.391111569396,3793,0.0116528417819,0.0707288765448,126,126,126,1,0,0.0873015873016,0.84126984127,0.0714285714286,126,1508,0.095746031746,3.15551420585,23.9365079365,13.1130434783,12.8888888889,16.6073458598,0.693808215629,0.389594122353,12.9731639983,1.08396463116,0.565807755463,8.66158092538,0.723712995092,0.410256410256,1.19472750128,0.378615789168,4.08353457692,3.15551420585,1.19472750128,4.08353457692,0.426487013768,0.502577005803,8256,0.0253640552995,0.104285617689,126,126,126,1,0,0.0873015873016,0.84126984127,0.0714285714286,-233,-0.0147936507937,-0.194696749016,-3.69841269841,-1.51720862258,-1.86534839925,-2.73322421434,-0.00605158602041,-5.60513295962e-05,-2.63934421461,-0.0459469339351,-0.0130467616455,-0.490818361055,0.0613337245052,0.0329007580587,-0.00306277027416,0.0210889684127,-0.25903148936,-0.194696749016,-0.00306277027416,-0.25903148936,-0.0806328221836,-0.0613324190351,-3872,-0.0118955453149,-0.00573106379996,0.031746031746,-0.0396825396825,0.00793650793651,1505,3,236,14006,0.86444572085,0.999785851952,0.000214148047684,0.13555427915,0.99801061008,0.86444572085,0.926438904278,0.920973046078,0.864231572802,0.862958715596,347,580,0,3,2,3
242,WLNM_dir_neg_kfold,0.848385850178,0.651836847459,00:00:15,10,66.6666666667,7,14352,threshold_sweep,0.8,0.991329479769,0.591379310345,0.740820734341,343,3,237,1157,0.591379310345,0.997413793103,0.00258620689655,0.408620689655,0.991329479769,0.591379310345,0.740820734341,0.862068965517,0.600383141762,0.654841802493,0.695402535092,0.588793103448,1779,1199,580,0,1779,0,1199,0,580,126,1741,0.11053968254,3.35021095487,27.6349206349,14.6302521008,14.7542372881,19.3405700742,0.69985980165,0.389650173682,15.6125082129,1.12991156509,0.578854517108,9.15239928644,0.662379270587,0.377355652198,1.19779027155,0.357526820756,4.34256606628,3.35021095487,1.19779027155,4.34256606628,0.507119835952,0.563909424838,12128,0.0372596006144,0.110016681489,126,126,126,1,0,0.0555555555556,0.880952380952,0.0634920634921,126,0.0737142857143,3.15358171457,18.4285714286,10.0956521739,9.92307692308,12.9073179686,0.700397099072,0.389442598745,10.6000808622,1.15039637264,0.586255690907,6.15741132991,0.668246190843,0.379879140861,1.22131462922,0.38727857394,4.19032247383,3.15358171457,1.22131462922,4.19032247383,0.351966745911,0.391111569396,3793,0.0116528417819,0.0707288765448,126,126,126,1,0,0.0873015873016,0.84126984127,0.0714285714286,126,1507,0.0956825396825,3.15621784497,23.9206349206,13.1043478261,12.8803418803,16.6063135823,0.694225451682,0.389784181755,12.9759166419,1.08491406562,0.566051547803,8.65739064028,0.723842880342,0.410302187674,1.19506389567,0.37863796302,4.08450980985,3.15621784497,1.19506389567,4.08450980985,0.426589055524,0.502955334836,8254,0.0253579109063,0.104205942642,126,126,126,1,0,0.0873015873016,0.84126984127,0.0714285714286,-234,-0.0148571428571,-0.193993109893,-3.71428571429,-1.52590427475,-1.87389540779,-2.73425649186,-0.00563434996778,0.000134008072646,-2.63659157098,-0.0449974994772,-0.012802969305,-0.495008646159,0.0614636097553,0.0329465354768,-0.00272637588412,0.0211111422649,-0.258056256427,-0.193993109893,-0.00272637588412,-0.258056256427,-0.0805307804282,-0.060954090002,-3874,-0.0119016897081,-0.00581073884687,0.031746031746,-0.0396825396825,0.00793650793651,1504,3,237,14006,0.863871338311,0.999785851952,0.000214148047684,0.136128661689,0.99800928998,0.863871338311,0.926108374384,0.920633943019,0.863657190264,0.862385321101,346,580,0,3,2,3
243,WLNM_dir_neg_kfold,0.848385850178,0.651836847459,00:00:15,10,66.6666666667,7,14352,threshold_sweep,0.9,0.994186046512,0.589655172414,0.74025974026,342,2,238,1158,0.589655172414,0.998275862069,0.00172413793103,0.410344827586,0.994186046512,0.589655172414,0.74025974026,0.862068965517,0.600766283525,0.654510556622,0.695900977286,0.587931034483,1779,1199,580,0,1779,0,1199,0,580,126,1741,0.11053968254,3.35021095487,27.6349206349,14.6302521008,14.7542372881,19.3405700742,0.69985980165,0.389650173682,15.6125082129,1.12991156509,0.578854517108,9.15239928644,0.662379270587,0.377355652198,1.19779027155,0.357526820756,4.34256606628,3.35021095487,1.19779027155,4.34256606628,0.507119835952,0.563909424838,12128,0.0372596006144,0.110016681489,126,126,126,1,0,0.0555555555556,0.880952380952,0.0634920634921,126,0.0737142857143,3.15358171457,18.4285714286,10.0956521739,9.92307692308,12.9073179686,0.700397099072,0.389442598745,10.6000808622,1.15039637264,0.586255690907,6.15741132991,0.668246190843,0.379879140861,1.22131462922,0.38727857394,4.19032247383,3.15358171457,1.22131462922,4.19032247383,0.351966745911,0.391111569396,3793,0.0116528417819,0.0707288765448,126,126,126,1,0,0.0873015873016,0.84126984127,0.0714285714286,126,1505,0.0955555555556,3.15577141577,23.8888888889,13.0869565217,12.8632478632,16.5680281131,0.693545362873,0.389421505036,12.9487022087,1.08407739421,0.565664715499,8.63231654244,0.722705570995,0.409771660602,1.19459939657,0.378544336448,4.0815131793,3.15577141577,1.19459939657,4.0815131793,0.426779399854,0.503305331245,8248,0.0253394777266,0.104145857773,126,126,126,1,0,0.0873015873016,0.84126984127,0.0714285714286,-236,-0.0149841269841,-0.194439539092,-3.74603174603,-1.5432955791,-1.89098942489,-2.77254196109,-0.00631443877702,-0.000228668646216,-2.66380600424,-0.0458341708789,-0.0131898016098,-0.520082743999,0.0603263004084,0.0324160084045,-0.00319087498878,0.0210175156921,-0.261052886974,-0.194439539092,-0.00319087498878,-0.261052886974,-0.0803404360978,-0.0606040935934,-3880,-0.0119201228879,-0.00587082371574,0.031746031746,-0.0396825396825,0.00793650793651,1503,2,238,14007,0.863296955773,0.999857234635,0.000142765365122,0.136703044227,0.998671096346,0.863296955773,0.92606284658,0.920644281075,0.863154190407,0.86230636833,344,580,0,3,2,3
244,WLNM_dir_neg_kfold,0.81469530321,0.334957662884,00:00:17,10,66.6666666667,8,14353,threshold_sweep,0.1,0.90861618799,0.6,0.722741433022,348,35,232,1125,0.6,0.969827586207,0.0301724137931,0.4,0.90861618799,0.6,0.722741433022,0.846551724138,0.593295019157,0.622703721149,0.648331541771,0.569827586207,1779,1199,580,0,1779,0,1199,0,580,126,1741,0.11053968254,3.35021095487,27.6349206349,14.6302521008,14.7542372881,19.3405700742,0.69985980165,0.389650173682,15.6125082129,1.12991156509,0.578854517108,9.15239928644,0.662379270587,0.377355652198,1.19779027155,0.357526820756,4.34256606628,3.35021095487,1.19779027155,4.34256606628,0.507119835952,0.563909424838,12128,0.0372596006144,0.110016681489,126,126,126,1,0,0.0555555555556,0.880952380952,0.0634920634921,126,0.0737142857143,3.15358171457,18.4285714286,10.0956521739,9.92307692308,12.9073179686,0.700397099072,0.389442598745,10.6000808622,1.15039637264,0.586255690907,6.15741132991,0.668246190843,0.379879140861,1.22131462922,0.38727857394,4.19032247383,3.15358171457,1.22131462922,4.19032247383,0.351966745911,0.391111569396,3793,0.0116528417819,0.0707288765448,126,126,126,1,0,0.0873015873016,0.84126984127,0.0714285714286,126,1544,0.0980317460317,NaN,24.5079365079,12.253968254,13.1965811966,16.4801679757,0.672442087092,0.379358911095,12.7699249852,1.04210527729,0.540319927626,8.93437094187,0.72910021935,0.412400279628,NaN,NaN,NaN,NaN,NaN,NaN,0.452809982166,0.498045486851,8409,0.0258341013825,0.102080560367,126,126,0,1,2,0,0.928571428571,0.0714285714286,-197,-0.0125079365079,NaN,-3.12698412698,-2.37628384687,-1.55765609155,-2.86040209844,-0.0274177145576,-0.0102912625877,-2.84258322774,-0.0878062878058,-0.0385345894828,-0.218028344566,0.0667209487631,0.0350446274306,NaN,NaN,NaN,NaN,NaN,NaN,-0.0543098537853,-0.065863937987,-3719,-0.011425499232,-0.00793612112175,-0.0555555555556,0.047619047619,0.00793650793651,1509,35,232,13974,0.866743251005,0.99750160611,0.00249839388964,0.133256748995,0.977331606218,0.866743251005,0.918721461187,0.911339520295,0.864244857116,0.849662162162,383,580,0,3,2,3
245,WLNM_dir_neg_kfold,0.81469530321,0.334957662884,00:00:17,10,66.6666666667,8,14353,threshold_sweep,0.2,0.940217391304,0.596551724138,0.729957805907,346,22,234,1138,0.596551724138,0.981034482759,0.0189655172414,0.403448275862,0.940217391304,0.596551724138,0.729957805907,0.852873563218,0.596168582375,0.635673624288,0.66674357576,0.577586206897,1779,1199,580,0,1779,0,1199,0,580,126,1741,0.11053968254,3.35021095487,27.6349206349,14.6302521008,14.7542372881,19.3405700742,0.69985980165,0.389650173682,15.6125082129,1.12991156509,0.578854517108,9.15239928644,0.662379270587,0.377355652198,1.19779027155,0.357526820756,4.34256606628,3.35021095487,1.19779027155,4.34256606628,0.507119835952,0.563909424838,12128,0.0372596006144,0.110016681489,126,126,126,1,0,0.0555555555556,0.880952380952,0.0634920634921,126,0.0737142857143,3.15358171457,18.4285714286,10.0956521739,9.92307692308,12.9073179686,0.700397099072,0.389442598745,10.6000808622,1.15039637264,0.586255690907,6.15741132991,0.668246190843,0.379879140861,1.22131462922,0.38727857394,4.19032247383,3.15358171457,1.22131462922,4.19032247383,0.351966745911,0.391111569396,3793,0.0116528417819,0.0707288765448,126,126,126,1,0,0.0873015873016,0.84126984127,0.0714285714286,126,1529,0.0970793650794,1,24.2698412698,12.3306451613,13.0683760684,16.5381559787,0.681428271194,0.383552897941,12.8501225984,1.05893750647,0.548916710787,8.80123007276,0.725281222477,0.410575435755,0,0,0,NaN,NaN,NaN,0.448133783222,0.500928978124,8358,0.0256774193548,0.100882325626,126,126,0,1,2,0.015873015873,0.912698412698,0.0714285714286,-212,-0.0134603174603,-2.35021095487,-3.36507936508,-2.29960693955,-1.68586121976,-2.8024140955,-0.0184315304557,-0.00609727574095,-2.76238561453,-0.0709740586204,-0.0299378063212,-0.351169213679,0.0629019518906,0.0332197835576,-1.19779027155,-0.357526820756,-4.34256606628,NaN,NaN,NaN,-0.0589860527301,-0.0629804467144,-3770,-0.0115821812596,-0.00913435586257,-0.0396825396825,0.031746031746,0.00793650793651,1507,22,234,13987,0.865594485928,0.998429580984,0.00157041901635,0.134405514072,0.985611510791,0.865594485928,0.921712538226,0.915081935233,0.864024066911,0.854792966534,368,580,0,3,2,3
246,WLNM_dir_neg_kfold,0.81469530321,0.334957662884,00:00:17,10,66.6666666667,8,14353,threshold_sweep,0.3,0.963687150838,0.594827586207,0.735607675906,345,13,235,1147,0.594827586207,0.988793103448,0.0112068965517,0.405172413793,0.963687150838,0.594827586207,0.735607675906,0.857471264368,0.598084291188,0.645376549094,0.680578360111,0.583620689655,1779,1199,580,0,1779,0,1199,0,580,126,1741,0.11053968254,3.35021095487,27.6349206349,14.6302521008,14.7542372881,19.3405700742,0.69985980165,0.389650173682,15.6125082129,1.12991156509,0.578854517108,9.15239928644,0.662379270587,0.377355652198,1.19779027155,0.357526820756,4.34256606628,3.35021095487,1.19779027155,4.34256606628,0.507119835952,0.563909424838,12128,0.0372596006144,0.110016681489,126,126,126,1,0,0.0555555555556,0.880952380952,0.0634920634921,126,0.0737142857143,3.15358171457,18.4285714286,10.0956521739,9.92307692308,12.9073179686,0.700397099072,0.389442598745,10.6000808622,1.15039637264,0.586255690907,6.15741132991,0.668246190843,0.379879140861,1.22131462922,0.38727857394,4.19032247383,3.15358171457,1.22131462922,4.19032247383,0.351966745911,0.391111569396,3793,0.0116528417819,0.0707288765448,126,126,126,1,0,0.0873015873016,0.84126984127,0.0714285714286,126,1519,0.0964444444444,1,24.1111111111,12.3495934959,12.9829059829,16.5689938003,0.687193291258,0.386281701621,12.9109600297,1.07095520984,0.555916068424,8.70797846167,0.722320794055,0.409631440902,0,0,0,NaN,NaN,NaN,0.424310974865,0.500412931816,8281,0.0254408602151,0.0983498088743,126,126,0,1,2,0.0238095238095,0.904761904762,0.0714285714286,-222,-0.0140952380952,-2.35021095487,-3.52380952381,-2.28065860491,-1.77133130523,-2.77157627383,-0.0126665103917,-0.0033684720616,-2.7015481832,-0.0589563552553,-0.0229384486841,-0.44442082477,0.0599415234688,0.0322757887043,-1.19779027155,-0.357526820756,-4.34256606628,NaN,NaN,NaN,-0.0828088610869,-0.0634964930225,-3847,-0.0118187403994,-0.0116668726144,-0.031746031746,0.0238095238095,0.00793650793651,1506,13,235,13996,0.865020103389,0.999072025127,0.000927974873296,0.134979896611,0.991441737986,0.865020103389,0.923926380368,0.917838785421,0.864092128516,0.858608893957,358,580,0,3,2,3
247,WLNM_dir_neg_kfold,0.81469530321,0.334957662884,00:00:17,10,66.6666666667,8,14353,threshold_sweep,0.4,0.985549132948,0.587931034483,0.736501079914,341,5,239,1155,0.587931034483,0.995689655172,0.00431034482759,0.412068965517,0.985549132948,0.587931034483,0.736501079914,0.859770114943,0.600383141762,0.649089165868,0.689293581636,0.583620689655,1779,1199,580,0,1779,0,1199,0,580,126,1741,0.11053968254,3.35021095487,27.6349206349,14.6302521008,14.7542372881,19.3405700742,0.69985980165,0.389650173682,15.6125082129,1.12991156509,0.578854517108,9.15239928644,0.662379270587,0.377355652198,1.19779027155,0.357526820756,4.34256606628,3.35021095487,1.19779027155,4.34256606628,0.507119835952,0.563909424838,12128,0.0372596006144,0.110016681489,126,126,126,1,0,0.0555555555556,0.880952380952,0.0634920634921,126,0.0737142857143,3.15358171457,18.4285714286,10.0956521739,9.92307692308,12.9073179686,0.700397099072,0.389442598745,10.6000808622,1.15039637264,0.586255690907,6.15741132991,0.668246190843,0.379879140861,1.22131462922,0.38727857394,4.19032247383,3.15358171457,1.22131462922,4.19032247383,0.351966745911,0.391111569396,3793,0.0116528417819,0.0707288765448,126,126,126,1,0,0.0873015873016,0.84126984127,0.0714285714286,126,1507,0.0956825396825,3.1665510923,23.9206349206,13.1043478261,12.8803418803,16.6448085238,0.695834729263,0.390521481762,12.9919364491,1.08625347883,0.566335934949,8.62591518034,0.721211222776,0.409143573377,1.20005933347,0.378979937001,4.10687025549,3.1665510923,1.20005933347,4.10687025549,0.427325823507,0.503940046306,8271,0.0254101382488,0.102892221964,126,126,126,1,0,0.0873015873016,0.84126984127,0.0714285714286,-234,-0.0148571428571,-0.183659862569,-3.71428571429,-1.52590427475,-1.87389540779,-2.69576155037,-0.00402507238718,0.000871308080018,-2.62057176378,-0.0436580862671,-0.0125185821593,-0.5264841061,0.0588319521889,0.0317879211795,0.00226906191608,0.0214531162457,-0.23569581079,-0.183659862569,0.00226906191608,-0.23569581079,-0.0797940124449,-0.0599693785327,-3857,-0.0118494623656,-0.0071244595247,0.031746031746,-0.0396825396825,0.00793650793651,1502,5,239,14004,0.862722573234,0.999643086587,0.000356913412806,0.137277426766,0.996682149967,0.862722573234,0.924876847291,0.919257208387,0.862365659821,0.860252004582,346,580,0,3,2,3
248,WLNM_dir_neg_kfold,0.81469530321,0.334957662884,00:00:17,10,66.6666666667,8,14353,threshold_sweep,0.5,0.985549132948,0.587931034483,0.736501079914,341,5,239,1155,0.587931034483,0.995689655172,0.00431034482759,0.412068965517,0.985549132948,0.587931034483,0.736501079914,0.859770114943,0.600383141762,0.649089165868,0.689293581636,0.583620689655,1779,1199,580,0,1779,0,1199,0,580,126,1741,0.11053968254,3.35021095487,27.6349206349,14.6302521008,14.7542372881,19.3405700742,0.69985980165,0.389650173682,15.6125082129,1.12991156509,0.578854517108,9.15239928644,0.662379270587,0.377355652198,1.19779027155,0.357526820756,4.34256606628,3.35021095487,1.19779027155,4.34256606628,0.507119835952,0.563909424838,12128,0.0372596006144,0.110016681489,126,126,126,1,0,0.0555555555556,0.880952380952,0.0634920634921,126,0.0737142857143,3.15358171457,18.4285714286,10.0956521739,9.92307692308,12.9073179686,0.700397099072,0.389442598745,10.6000808622,1.15039637264,0.586255690907,6.15741132991,0.668246190843,0.379879140861,1.22131462922,0.38727857394,4.19032247383,3.15358171457,1.22131462922,4.19032247383,0.351966745911,0.391111569396,3793,0.0116528417819,0.0707288765448,126,126,126,1,0,0.0873015873016,0.84126984127,0.0714285714286,126,1507,0.0956825396825,3.1665510923,23.9206349206,13.1043478261,12.8803418803,16.6448085238,0.695834729263,0.390521481762,12.9919364491,1.08625347883,0.566335934949,8.62591518034,0.721211222776,0.409143573377,1.20005933347,0.378979937001,4.10687025549,3.1665510923,1.20005933347,4.10687025549,0.427325823507,0.503940046306,8271,0.0254101382488,0.102892221964,126,126,126,1,0,0.0873015873016,0.84126984127,0.0714285714286,-234,-0.0148571428571,-0.183659862569,-3.71428571429,-1.52590427475,-1.87389540779,-2.69576155037,-0.00402507238718,0.000871308080018,-2.62057176378,-0.0436580862671,-0.0125185821593,-0.5264841061,0.0588319521889,0.0317879211795,0.00226906191608,0.0214531162457,-0.23569581079,-0.183659862569,0.00226906191608,-0.23569581079,-0.0797940124449,-0.0599693785327,-3857,-0.0118494623656,-0.0071244595247,0.031746031746,-0.0396825396825,0.00793650793651,1502,5,239,14004,0.862722573234,0.999643086587,0.000356913412806,0.137277426766,0.996682149967,0.862722573234,0.924876847291,0.919257208387,0.862365659821,0.860252004582,346,580,0,3,2,3
249,WLNM_dir_neg_kfold,0.81469530321,0.334957662884,00:00:17,10,66.6666666667,8,14353,threshold_sweep,0.6,0.985549132948,0.587931034483,0.736501079914,341,5,239,1155,0.587931034483,0.995689655172,0.00431034482759,0.412068965517,0.985549132948,0.587931034483,0.736501079914,0.859770114943,0.600383141762,0.649089165868,0.689293581636,0.583620689655,1779,1199,580,0,1779,0,1199,0,580,126,1741,0.11053968254,3.35021095487,27.6349206349,14.6302521008,14.7542372881,19.3405700742,0.69985980165,0.389650173682,15.6125082129,1.12991156509,0.578854517108,9.15239928644,0.662379270587,0.377355652198,1.19779027155,0.357526820756,4.34256606628,3.35021095487,1.19779027155,4.34256606628,0.507119835952,0.563909424838,12128,0.0372596006144,0.110016681489,126,126,126,1,0,0.0555555555556,0.880952380952,0.0634920634921,126,0.0737142857143,3.15358171457,18.4285714286,10.0956521739,9.92307692308,12.9073179686,0.700397099072,0.389442598745,10.6000808622,1.15039637264,0.586255690907,6.15741132991,0.668246190843,0.379879140861,1.22131462922,0.38727857394,4.19032247383,3.15358171457,1.22131462922,4.19032247383,0.351966745911,0.391111569396,3793,0.0116528417819,0.0707288765448,126,126,126,1,0,0.0873015873016,0.84126984127,0.0714285714286,126,1507,0.0956825396825,3.1665510923,23.9206349206,13.1043478261,12.8803418803,16.6448085238,0.695834729263,0.390521481762,12.9919364491,1.08625347883,0.566335934949,8.62591518034,0.721211222776,0.409143573377,1.20005933347,0.378979937001,4.10687025549,3.1665510923,1.20005933347,4.10687025549,0.427325823507,0.503940046306,8271,0.0254101382488,0.102892221964,126,126,126,1,0,0.0873015873016,0.84126984127,0.0714285714286,-234,-0.0148571428571,-0.183659862569,-3.71428571429,-1.52590427475,-1.87389540779,-2.69576155037,-0.00402507238718,0.000871308080018,-2.62057176378,-0.0436580862671,-0.0125185821593,-0.5264841061,0.0588319521889,0.0317879211795,0.00226906191608,0.0214531162457,-0.23569581079,-0.183659862569,0.00226906191608,-0.23569581079,-0.0797940124449,-0.0599693785327,-3857,-0.0118494623656,-0.0071244595247,0.031746031746,-0.0396825396825,0.00793650793651,1502,5,239,14004,0.862722573234,0.999643086587,0.000356913412806,0.137277426766,0.996682149967,0.862722573234,0.924876847291,0.919257208387,0.862365659821,0.860252004582,346,580,0,3,2,3
250,WLNM_dir_neg_kfold,0.81469530321,0.334957662884,00:00:17,10,66.6666666667,8,14353,threshold_sweep,0.7,0.985507246377,0.586206896552,0.735135135135,340,5,240,1155,0.586206896552,0.995689655172,0.00431034482759,0.413793103448,0.985507246377,0.586206896552,0.735135135135,0.859195402299,0.600574712644,0.647482014388,0.688005838391,0.581896551724,1779,1199,580,0,1779,0,1199,0,580,126,1741,0.11053968254,3.35021095487,27.6349206349,14.6302521008,14.7542372881,19.3405700742,0.69985980165,0.389650173682,15.6125082129,1.12991156509,0.578854517108,9.15239928644,0.662379270587,0.377355652198,1.19779027155,0.357526820756,4.34256606628,3.35021095487,1.19779027155,4.34256606628,0.507119835952,0.563909424838,12128,0.0372596006144,0.110016681489,126,126,126,1,0,0.0555555555556,0.880952380952,0.0634920634921,126,0.0737142857143,3.15358171457,18.4285714286,10.0956521739,9.92307692308,12.9073179686,0.700397099072,0.389442598745,10.6000808622,1.15039637264,0.586255690907,6.15741132991,0.668246190843,0.379879140861,1.22131462922,0.38727857394,4.19032247383,3.15358171457,1.22131462922,4.19032247383,0.351966745911,0.391111569396,3793,0.0116528417819,0.0707288765448,126,126,126,1,0,0.0873015873016,0.84126984127,0.0714285714286,126,1506,0.095619047619,3.16606908826,23.9047619048,13.0956521739,12.8717948718,16.6221195142,0.695347629078,0.390232719914,12.9829778666,1.08622523984,0.566306203756,8.61520250985,0.720793835485,0.408914606126,1.19942087774,0.378835977456,4.10512349981,3.16606908826,1.19942087774,4.10512349981,0.426495668746,0.502238137869,8228,0.0252780337942,0.102828169974,126,126,126,1,0,0.0873015873016,0.84126984127,0.0714285714286,-235,-0.0149206349206,-0.184141866604,-3.73015873016,-1.53459992693,-1.88244241634,-2.71845056001,-0.00451217257162,0.000582546231656,-2.62953034628,-0.0436863252548,-0.012548313352,-0.53719677659,0.0584145648988,0.0315589539281,0.00163060619022,0.0213091567001,-0.237442566462,-0.184141866604,0.00163060619022,-0.237442566462,-0.0806241672062,-0.0616712869691,-3900,-0.0119815668203,-0.00718851151428,0.031746031746,-0.0396825396825,0.00793650793651,1501,5,240,14004,0.862148190695,0.999643086587,0.000356913412806,0.137851809305,0.996679946879,0.862148190695,0.924545734524,0.918917619356,0.861791277282,0.859679266896,345,580,0,3,2,3
251,WLNM_dir_neg_kfold,0.81469530321,0.334957662884,00:00:17,10,66.6666666667,8,14353,threshold_sweep,0.8,0.98833819242,0.584482758621,0.734561213434,339,4,241,1156,0.584482758621,0.996551724138,0.00344827586207,0.415517241379,0.98833819242,0.584482758621,0.734561213434,0.859195402299,0.600957854406,0.647143542967,0.688493168898,0.581034482759,1779,1199,580,0,1779,0,1199,0,580,126,1741,0.11053968254,3.35021095487,27.6349206349,14.6302521008,14.7542372881,19.3405700742,0.69985980165,0.389650173682,15.6125082129,1.12991156509,0.578854517108,9.15239928644,0.662379270587,0.377355652198,1.19779027155,0.357526820756,4.34256606628,3.35021095487,1.19779027155,4.34256606628,0.507119835952,0.563909424838,12128,0.0372596006144,0.110016681489,126,126,126,1,0,0.0555555555556,0.880952380952,0.0634920634921,126,0.0737142857143,3.15358171457,18.4285714286,10.0956521739,9.92307692308,12.9073179686,0.700397099072,0.389442598745,10.6000808622,1.15039637264,0.586255690907,6.15741132991,0.668246190843,0.379879140861,1.22131462922,0.38727857394,4.19032247383,3.15358171457,1.22131462922,4.19032247383,0.351966745911,0.391111569396,3793,0.0116528417819,0.0707288765448,126,126,126,1,0,0.0873015873016,0.84126984127,0.0714285714286,126,1504,0.0954920634921,3.15886719595,23.873015873,13.0782608696,12.8547008547,16.6170919848,0.696061698832,0.390535292131,12.9903016327,1.08828324848,0.566995947315,8.6002288637,0.720497896826,0.408782928065,1.19806516315,0.379270507061,4.09941140931,3.15886719595,1.19806516315,4.09941140931,0.427193592934,0.503170557651,8226,0.0252718894009,0.102979844107,126,126,126,1,0,0.0873015873016,0.84126984127,0.0714285714286,-237,-0.0150476190476,-0.191343758914,-3.7619047619,-1.55199123128,-1.89953643343,-2.72347808935,-0.00379810281788,0.000885118448698,-2.62220658024,-0.0416283166111,-0.0118585697933,-0.552170422744,0.0581186262389,0.0314272758671,0.00027489159296,0.0217436863053,-0.243154656965,-0.191343758914,0.00027489159296,-0.243154656965,-0.0799262430175,-0.0607388671873,-3902,-0.0119877112135,-0.00703683738127,0.031746031746,-0.0396825396825,0.00793650793651,1500,4,241,14005,0.861573808156,0.99971446927,0.000285530730245,0.138426191844,0.997340425532,0.861573808156,0.924499229584,0.918927188657,0.861288277426,0.859598853868,343,580,0,3,2,3
252,WLNM_dir_neg_kfold,0.81469530321,0.334957662884,00:00:17,10,66.6666666667,8,14353,threshold_sweep,0.9,0.991228070175,0.584482758621,0.73535791757,339,3,241,1157,0.584482758621,0.997413793103,0.00258620689655,0.415517241379,0.991228070175,0.584482758621,0.73535791757,0.859770114943,0.601149425287,0.648414985591,0.690274986699,0.581896551724,1779,1199,580,0,1779,0,1199,0,580,126,1741,0.11053968254,3.35021095487,27.6349206349,14.6302521008,14.7542372881,19.3405700742,0.69985980165,0.389650173682,15.6125082129,1.12991156509,0.578854517108,9.15239928644,0.662379270587,0.377355652198,1.19779027155,0.357526820756,4.34256606628,3.35021095487,1.19779027155,4.34256606628,0.507119835952,0.563909424838,12128,0.0372596006144,0.110016681489,126,126,126,1,0,0.0555555555556,0.880952380952,0.0634920634921,126,0.0737142857143,3.15358171457,18.4285714286,10.0956521739,9.92307692308,12.9073179686,0.700397099072,0.389442598745,10.6000808622,1.15039637264,0.586255690907,6.15741132991,0.668246190843,0.379879140861,1.22131462922,0.38727857394,4.19032247383,3.15358171457,1.22131462922,4.19032247383,0.351966745911,0.391111569396,3793,0.0116528417819,0.0707288765448,126,126,126,1,0,0.0873015873016,0.84126984127,0.0714285714286,126,1503,0.0954285714286,3.15984955321,23.8571428571,13.0695652174,12.8461538462,16.6241820422,0.696822001768,0.390874335984,12.9942624701,1.08933936875,0.567315105239,8.60156132007,0.72108897294,0.409112990949,1.19887324161,0.379408329864,4.10089211153,3.15984955321,1.19887324161,4.10089211153,0.427054023845,0.502948197417,8217,0.0252442396313,0.103117255541,126,126,126,1,0,0.0873015873016,0.84126984127,0.0714285714286,-238,-0.0151111111111,-0.190361401657,-3.77777777778,-1.56068688345,-1.90808344198,-2.71638803199,-0.00303779988194,0.00122416230178,-2.61824574278,-0.0405721963392,-0.0115394118691,-0.550837966373,0.058709702353,0.0317573387516,0.00108297005218,0.0218815091089,-0.241673954744,-0.190361401657,0.00108297005218,-0.241673954744,-0.0800658121064,-0.0609612274214,-3911,-0.0120153609831,-0.0068994259474,0.031746031746,-0.0396825396825,0.00793650793651,1500,3,241,14006,0.861573808156,0.999785851952,0.000214148047684,0.138426191844,0.998003992016,0.861573808156,0.924784217016,0.919276756746,0.861359660109,0.860091743119,342,580,0,3,2,3
253,WLNM_dir_neg_kfold,0.854052467301,0.372017100988,00:00:15,10,66.6666666667,9,14354,threshold_sweep,0.1,0.915567282322,0.598275862069,0.723670490094,347,32,233,1128,0.598275862069,0.972413793103,0.0275862068966,0.401724137931,0.915567282322,0.598275862069,0.723670490094,0.847701149425,0.594061302682,0.624823029731,0.651769936007,0.570689655172,1779,1199,580,0,1779,0,1199,0,580,126,1741,0.11053968254,3.35021095487,27.6349206349,14.6302521008,14.7542372881,19.3405700742,0.69985980165,0.389650173682,15.6125082129,1.12991156509,0.578854517108,9.15239928644,0.662379270587,0.377355652198,1.19779027155,0.357526820756,4.34256606628,3.35021095487,1.19779027155,4.34256606628,0.507119835952,0.563909424838,12128,0.0372596006144,0.110016681489,126,126,126,1,0,0.0555555555556,0.880952380952,0.0634920634921,126,0.0737142857143,3.15358171457,18.4285714286,10.0956521739,9.92307692308,12.9073179686,0.700397099072,0.389442598745,10.6000808622,1.15039637264,0.586255690907,6.15741132991,0.668246190843,0.379879140861,1.22131462922,0.38727857394,4.19032247383,3.15358171457,1.22131462922,4.19032247383,0.351966745911,0.391111569396,3793,0.0116528417819,0.0707288765448,126,126,126,1,0,0.0873015873016,0.84126984127,0.0714285714286,126,1540,0.0977777777778,1,24.4444444444,12.32,13.1623931624,16.5077220987,0.675315904039,0.38068439497,12.7655090859,1.04445074339,0.542073799217,8.89933830249,0.728127679295,0.411636775922,0,0,0,NaN,NaN,NaN,0.43201243495,0.495499416408,8349,0.0256497695853,0.10047701443,126,126,0,1,2,0.00793650793651,0.920634920635,0.0714285714286,-201,-0.0127619047619,-2.35021095487,-3.19047619048,-2.31025210084,-1.59184412574,-2.83284797543,-0.0245438976109,-0.00896577871223,-2.84699912702,-0.0854608217015,-0.0367807178917,-0.253060983946,0.0657484087083,0.0342811237248,-1.19779027155,-0.357526820756,-4.34256606628,NaN,NaN,NaN,-0.0751074010021,-0.0684100084306,-3779,-0.0116098310292,-0.00953966705852,-0.047619047619,0.0396825396825,0.00793650793651,1508,32,233,13977,0.866168868466,0.997715754158,0.00228424584196,0.133831131534,0.979220779221,0.866168868466,0.919231941481,0.912013563744,0.863884622624,0.850535815003,379,580,0,3,2,3
254,WLNM_dir_neg_kfold,0.854052467301,0.372017100988,00:00:15,10,66.6666666667,9,14354,threshold_sweep,0.2,0.917553191489,0.594827586207,0.721757322176,345,31,235,1129,0.594827586207,0.973275862069,0.026724137931,0.405172413793,0.917553191489,0.594827586207,0.721757322176,0.847126436782,0.594636015326,0.622873345936,0.650682773471,0.568103448276,1779,1199,580,0,1779,0,1199,0,580,126,1741,0.11053968254,3.35021095487,27.6349206349,14.6302521008,14.7542372881,19.3405700742,0.69985980165,0.389650173682,15.6125082129,1.12991156509,0.578854517108,9.15239928644,0.662379270587,0.377355652198,1.19779027155,0.357526820756,4.34256606628,3.35021095487,1.19779027155,4.34256606628,0.507119835952,0.563909424838,12128,0.0372596006144,0.110016681489,126,126,126,1,0,0.0555555555556,0.880952380952,0.0634920634921,126,0.0737142857143,3.15358171457,18.4285714286,10.0956521739,9.92307692308,12.9073179686,0.700397099072,0.389442598745,10.6000808622,1.15039637264,0.586255690907,6.15741132991,0.668246190843,0.379879140861,1.22131462922,0.38727857394,4.19032247383,3.15358171457,1.22131462922,4.19032247383,0.351966745911,0.391111569396,3793,0.0116528417819,0.0707288765448,126,126,126,1,0,0.0873015873016,0.84126984127,0.0714285714286,126,1537,0.0975873015873,5.87527461517,24.3968253968,12.3951612903,13.1367521368,16.5084605533,0.676664290736,0.381257035454,12.7693507063,1.04680428692,0.543395193688,8.89945602047,0.729558528679,0.412393758197,1.44613470491,0.246139082789,6.86884798494,5.87527461517,1.44613470491,6.86884798494,0.431813087954,0.494667565317,8318,0.02555453149,0.101687284002,126,126,126,1,0,0.015873015873,0.912698412698,0.0714285714286,-204,-0.0129523809524,2.52506366031,-3.2380952381,-2.23509081052,-1.61748515138,-2.83210952082,-0.0231955109142,-0.00839313822882,-2.84315750662,-0.0831072781754,-0.0354593234204,-0.252943265967,0.0671792580923,0.0350381059996,0.24834443336,-0.111387737966,2.52628191866,2.52506366031,0.24834443336,2.52628191866,-0.0753067479973,-0.0692418595211,-3810,-0.0117050691244,-0.00832939748702,-0.0396825396825,0.031746031746,0.00793650793651,1506,31,235,13978,0.865020103389,0.997787136841,0.0022128631594,0.134979896611,0.979830839297,0.865020103389,0.918852959121,0.91166844322,0.862807240229,0.849887133183,376,580,0,3,2,3
255,WLNM_dir_neg_kfold,0.854052467301,0.372017100988,00:00:15,10,66.6666666667,9,14354,threshold_sweep,0.3,0.945205479452,0.594827586207,0.730158730159,345,20,235,1140,0.594827586207,0.98275862069,0.0172413793103,0.405172413793,0.945205479452,0.594827586207,0.730158730159,0.853448275862,0.596743295019,0.636579572447,0.668747272198,0.577586206897,1779,1199,580,0,1779,0,1199,0,580,126,1741,0.11053968254,3.35021095487,27.6349206349,14.6302521008,14.7542372881,19.3405700742,0.69985980165,0.389650173682,15.6125082129,1.12991156509,0.578854517108,9.15239928644,0.662379270587,0.377355652198,1.19779027155,0.357526820756,4.34256606628,3.35021095487,1.19779027155,4.34256606628,0.507119835952,0.563909424838,12128,0.0372596006144,0.110016681489,126,126,126,1,0,0.0555555555556,0.880952380952,0.0634920634921,126,0.0737142857143,3.15358171457,18.4285714286,10.0956521739,9.92307692308,12.9073179686,0.700397099072,0.389442598745,10.6000808622,1.15039637264,0.586255690907,6.15741132991,0.668246190843,0.379879140861,1.22131462922,0.38727857394,4.19032247383,3.15358171457,1.22131462922,4.19032247383,0.351966745911,0.391111569396,3793,0.0116528417819,0.0707288765448,126,126,126,1,0,0.0873015873016,0.84126984127,0.0714285714286,126,1526,0.0968888888889,5.18290796741,24.2222222222,12.406504065,13.0427350427,16.5136980178,0.681758175046,0.38355801036,12.8313504962,1.05946930702,0.550240279598,8.76558928741,0.723764253089,0.410451642431,1.60499105192,0.309669988743,6.34942225374,5.18290796741,1.60499105192,6.34942225374,0.420549968583,0.496264995093,8260,0.025376344086,0.0998873837884,126,126,126,1,0,0.0238095238095,0.904761904762,0.0714285714286,-215,-0.0136507936508,1.83269701254,-3.4126984127,-2.2237480358,-1.7115022454,-2.82687205639,-0.0181016266041,-0.00609216332223,-2.78115771675,-0.0704422580702,-0.0286142375103,-0.386809999029,0.0613849825023,0.033095990233,0.407200780367,-0.047856832013,2.00685618746,1.83269701254,0.407200780367,2.00685618746,-0.0865698673687,-0.067644429745,-3868,-0.0118832565284,-0.0101292977003,-0.031746031746,0.0238095238095,0.00793650793651,1506,20,235,13989,0.865020103389,0.998572346349,0.00142765365122,0.134979896611,0.986893840105,0.865020103389,0.921946740129,0.915426860325,0.863592449738,0.855195911414,365,580,0,3,2,3
256,WLNM_dir_neg_kfold,0.854052467301,0.372017100988,00:00:15,10,66.6666666667,9,14354,threshold_sweep,0.4,0.974137931034,0.584482758621,0.730603448276,339,9,241,1151,0.584482758621,0.99224137931,0.00775862068966,0.415517241379,0.974137931034,0.584482758621,0.730603448276,0.85632183908,0.6,0.640804597701,0.679675914675,0.576724137931,1779,1199,580,0,1779,0,1199,0,580,126,1741,0.11053968254,3.35021095487,27.6349206349,14.6302521008,14.7542372881,19.3405700742,0.69985980165,0.389650173682,15.6125082129,1.12991156509,0.578854517108,9.15239928644,0.662379270587,0.377355652198,1.19779027155,0.357526820756,4.34256606628,3.35021095487,1.19779027155,4.34256606628,0.507119835952,0.563909424838,12128,0.0372596006144,0.110016681489,126,126,126,1,0,0.0555555555556,0.880952380952,0.0634920634921,126,0.0737142857143,3.15358171457,18.4285714286,10.0956521739,9.92307692308,12.9073179686,0.700397099072,0.389442598745,10.6000808622,1.15039637264,0.586255690907,6.15741132991,0.668246190843,0.379879140861,1.22131462922,0.38727857394,4.19032247383,3.15358171457,1.22131462922,4.19032247383,0.351966745911,0.391111569396,3793,0.0116528417819,0.0707288765448,126,126,126,1,0,0.0873015873016,0.84126984127,0.0714285714286,126,1509,0.0958095238095,3.20872279343,23.9523809524,13.1217391304,12.8974358974,16.551909687,0.691034002836,0.388305090094,12.9172531357,1.07857779662,0.563060788707,8.63802226042,0.721266272241,0.408990501436,1.22120308658,0.380588528583,4.15574160244,3.20872279343,1.22120308658,4.15574160244,0.421668471833,0.497978669375,8171,0.0251029185868,0.103869576935,126,126,126,1,0,0.0873015873016,0.84126984127,0.0714285714286,-232,-0.0147301587302,-0.141488161436,-3.68253968254,-1.50851297041,-1.8568013907,-2.78866038719,-0.00882579881396,-0.00134508358798,-2.69525507723,-0.0513337684753,-0.0157937284015,-0.514377026024,0.0588870016548,0.0316348492381,0.0234128150297,0.0230617078278,-0.186824463835,-0.141488161436,0.0234128150297,-0.186824463835,-0.0854513641185,-0.0659307554631,-3957,-0.0121566820276,-0.0061471045537,0.031746031746,-0.0396825396825,0.00793650793651,1500,9,241,14000,0.861573808156,0.999357555857,0.000642444143051,0.138426191844,0.994035785288,0.861573808156,0.923076923077,0.917184316162,0.860931364013,0.857142857143,348,580,0,3,2,3
257,WLNM_dir_neg_kfold,0.854052467301,0.372017100988,00:00:15,10,66.6666666667,9,14354,threshold_sweep,0.5,0.974137931034,0.584482758621,0.730603448276,339,9,241,1151,0.584482758621,0.99224137931,0.00775862068966,0.415517241379,0.974137931034,0.584482758621,0.730603448276,0.85632183908,0.6,0.640804597701,0.679675914675,0.576724137931,1779,1199,580,0,1779,0,1199,0,580,126,1741,0.11053968254,3.35021095487,27.6349206349,14.6302521008,14.7542372881,19.3405700742,0.69985980165,0.389650173682,15.6125082129,1.12991156509,0.578854517108,9.15239928644,0.662379270587,0.377355652198,1.19779027155,0.357526820756,4.34256606628,3.35021095487,1.19779027155,4.34256606628,0.507119835952,0.563909424838,12128,0.0372596006144,0.110016681489,126,126,126,1,0,0.0555555555556,0.880952380952,0.0634920634921,126,0.0737142857143,3.15358171457,18.4285714286,10.0956521739,9.92307692308,12.9073179686,0.700397099072,0.389442598745,10.6000808622,1.15039637264,0.586255690907,6.15741132991,0.668246190843,0.379879140861,1.22131462922,0.38727857394,4.19032247383,3.15358171457,1.22131462922,4.19032247383,0.351966745911,0.391111569396,3793,0.0116528417819,0.0707288765448,126,126,126,1,0,0.0873015873016,0.84126984127,0.0714285714286,126,1509,0.0958095238095,3.20872279343,23.9523809524,13.1217391304,12.8974358974,16.551909687,0.691034002836,0.388305090094,12.9172531357,1.07857779662,0.563060788707,8.63802226042,0.721266272241,0.408990501436,1.22120308658,0.380588528583,4.15574160244,3.20872279343,1.22120308658,4.15574160244,0.421668471833,0.497978669375,8171,0.0251029185868,0.103869576935,126,126,126,1,0,0.0873015873016,0.84126984127,0.0714285714286,-232,-0.0147301587302,-0.141488161436,-3.68253968254,-1.50851297041,-1.8568013907,-2.78866038719,-0.00882579881396,-0.00134508358798,-2.69525507723,-0.0513337684753,-0.0157937284015,-0.514377026024,0.0588870016548,0.0316348492381,0.0234128150297,0.0230617078278,-0.186824463835,-0.141488161436,0.0234128150297,-0.186824463835,-0.0854513641185,-0.0659307554631,-3957,-0.0121566820276,-0.0061471045537,0.031746031746,-0.0396825396825,0.00793650793651,1500,9,241,14000,0.861573808156,0.999357555857,0.000642444143051,0.138426191844,0.994035785288,0.861573808156,0.923076923077,0.917184316162,0.860931364013,0.857142857143,348,580,0,3,2,3
258,WLNM_dir_neg_kfold,0.854052467301,0.372017100988,00:00:15,10,66.6666666667,9,14354,threshold_sweep,0.6,0.974137931034,0.584482758621,0.730603448276,339,9,241,1151,0.584482758621,0.99224137931,0.00775862068966,0.415517241379,0.974137931034,0.584482758621,0.730603448276,0.85632183908,0.6,0.640804597701,0.679675914675,0.576724137931,1779,1199,580,0,1779,0,1199,0,580,126,1741,0.11053968254,3.35021095487,27.6349206349,14.6302521008,14.7542372881,19.3405700742,0.69985980165,0.389650173682,15.6125082129,1.12991156509,0.578854517108,9.15239928644,0.662379270587,0.377355652198,1.19779027155,0.357526820756,4.34256606628,3.35021095487,1.19779027155,4.34256606628,0.507119835952,0.563909424838,12128,0.0372596006144,0.110016681489,126,126,126,1,0,0.0555555555556,0.880952380952,0.0634920634921,126,0.0737142857143,3.15358171457,18.4285714286,10.0956521739,9.92307692308,12.9073179686,0.700397099072,0.389442598745,10.6000808622,1.15039637264,0.586255690907,6.15741132991,0.668246190843,0.379879140861,1.22131462922,0.38727857394,4.19032247383,3.15358171457,1.22131462922,4.19032247383,0.351966745911,0.391111569396,3793,0.0116528417819,0.0707288765448,126,126,126,1,0,0.0873015873016,0.84126984127,0.0714285714286,126,1509,0.0958095238095,3.20872279343,23.9523809524,13.1217391304,12.8974358974,16.551909687,0.691034002836,0.388305090094,12.9172531357,1.07857779662,0.563060788707,8.63802226042,0.721266272241,0.408990501436,1.22120308658,0.380588528583,4.15574160244,3.20872279343,1.22120308658,4.15574160244,0.421668471833,0.497978669375,8171,0.0251029185868,0.103869576935,126,126,126,1,0,0.0873015873016,0.84126984127,0.0714285714286,-232,-0.0147301587302,-0.141488161436,-3.68253968254,-1.50851297041,-1.8568013907,-2.78866038719,-0.00882579881396,-0.00134508358798,-2.69525507723,-0.0513337684753,-0.0157937284015,-0.514377026024,0.0588870016548,0.0316348492381,0.0234128150297,0.0230617078278,-0.186824463835,-0.141488161436,0.0234128150297,-0.186824463835,-0.0854513641185,-0.0659307554631,-3957,-0.0121566820276,-0.0061471045537,0.031746031746,-0.0396825396825,0.00793650793651,1500,9,241,14000,0.861573808156,0.999357555857,0.000642444143051,0.138426191844,0.994035785288,0.861573808156,0.923076923077,0.917184316162,0.860931364013,0.857142857143,348,580,0,3,2,3
259,WLNM_dir_neg_kfold,0.854052467301,0.372017100988,00:00:15,10,66.6666666667,9,14354,threshold_sweep,0.7,0.976945244957,0.584482758621,0.731391585761,339,8,241,1152,0.584482758621,0.993103448276,0.00689655172414,0.415517241379,0.976945244957,0.584482758621,0.731391585761,0.856896551724,0.600191570881,0.642069956876,0.68142726949,0.577586206897,1779,1199,580,0,1779,0,1199,0,580,126,1741,0.11053968254,3.35021095487,27.6349206349,14.6302521008,14.7542372881,19.3405700742,0.69985980165,0.389650173682,15.6125082129,1.12991156509,0.578854517108,9.15239928644,0.662379270587,0.377355652198,1.19779027155,0.357526820756,4.34256606628,3.35021095487,1.19779027155,4.34256606628,0.507119835952,0.563909424838,12128,0.0372596006144,0.110016681489,126,126,126,1,0,0.0555555555556,0.880952380952,0.0634920634921,126,0.0737142857143,3.15358171457,18.4285714286,10.0956521739,9.92307692308,12.9073179686,0.700397099072,0.389442598745,10.6000808622,1.15039637264,0.586255690907,6.15741132991,0.668246190843,0.379879140861,1.22131462922,0.38727857394,4.19032247383,3.15358171457,1.22131462922,4.19032247383,0.351966745911,0.391111569396,3793,0.0116528417819,0.0707288765448,126,126,126,1,0,0.0873015873016,0.84126984127,0.0714285714286,126,1508,0.095746031746,3.20779582427,23.9365079365,13.1130434783,12.8888888889,16.5267037399,0.6904392146,0.388031030272,12.9070129824,1.07843742426,0.562944718117,8.64493979892,0.722322556143,0.409572228538,1.22012077419,0.380361108073,4.15243661372,3.20779582427,1.22012077419,4.15243661372,0.421668471833,0.497978669375,8171,0.0251029185868,0.103907138718,126,126,126,1,0,0.0873015873016,0.84126984127,0.0714285714286,-233,-0.0147936507937,-0.142415130593,-3.69841269841,-1.51720862258,-1.86534839925,-2.81386633422,-0.00942058704996,-0.00161914340993,-2.70549523055,-0.0514741408373,-0.0159097989913,-0.507459487517,0.0599432855567,0.03221657634,0.0223305026396,0.0228342873177,-0.190129452557,-0.142415130593,0.0223305026396,-0.190129452557,-0.0854513641185,-0.0659307554631,-3957,-0.0121566820276,-0.00610954277072,0.031746031746,-0.0396825396825,0.00793650793651,1500,8,241,14001,0.861573808156,0.99942893854,0.00057106146049,0.138426191844,0.994694960212,0.861573808156,0.923361034164,0.917532230088,0.861002746696,0.857632933105,347,580,0,3,2,3
260,WLNM_dir_neg_kfold,0.854052467301,0.372017100988,00:00:15,10,66.6666666667,9,14354,threshold_sweep,0.8,0.976945244957,0.584482758621,0.731391585761,339,8,241,1152,0.584482758621,0.993103448276,0.00689655172414,0.415517241379,0.976945244957,0.584482758621,0.731391585761,0.856896551724,0.600191570881,0.642069956876,0.68142726949,0.577586206897,1779,1199,580,0,1779,0,1199,0,580,126,1741,0.11053968254,3.35021095487,27.6349206349,14.6302521008,14.7542372881,19.3405700742,0.69985980165,0.389650173682,15.6125082129,1.12991156509,0.578854517108,9.15239928644,0.662379270587,0.377355652198,1.19779027155,0.357526820756,4.34256606628,3.35021095487,1.19779027155,4.34256606628,0.507119835952,0.563909424838,12128,0.0372596006144,0.110016681489,126,126,126,1,0,0.0555555555556,0.880952380952,0.0634920634921,126,0.0737142857143,3.15358171457,18.4285714286,10.0956521739,9.92307692308,12.9073179686,0.700397099072,0.389442598745,10.6000808622,1.15039637264,0.586255690907,6.15741132991,0.668246190843,0.379879140861,1.22131462922,0.38727857394,4.19032247383,3.15358171457,1.22131462922,4.19032247383,0.351966745911,0.391111569396,3793,0.0116528417819,0.0707288765448,126,126,126,1,0,0.0873015873016,0.84126984127,0.0714285714286,126,1508,0.095746031746,3.20779582427,23.9365079365,13.1130434783,12.8888888889,16.5267037399,0.6904392146,0.388031030272,12.9070129824,1.07843742426,0.562944718117,8.64493979892,0.722322556143,0.409572228538,1.22012077419,0.380361108073,4.15243661372,3.20779582427,1.22012077419,4.15243661372,0.421668471833,0.497978669375,8171,0.0251029185868,0.103907138718,126,126,126,1,0,0.0873015873016,0.84126984127,0.0714285714286,-233,-0.0147936507937,-0.142415130593,-3.69841269841,-1.51720862258,-1.86534839925,-2.81386633422,-0.00942058704996,-0.00161914340993,-2.70549523055,-0.0514741408373,-0.0159097989913,-0.507459487517,0.0599432855567,0.03221657634,0.0223305026396,0.0228342873177,-0.190129452557,-0.142415130593,0.0223305026396,-0.190129452557,-0.0854513641185,-0.0659307554631,-3957,-0.0121566820276,-0.00610954277072,0.031746031746,-0.0396825396825,0.00793650793651,1500,8,241,14001,0.861573808156,0.99942893854,0.00057106146049,0.138426191844,0.994694960212,0.861573808156,0.923361034164,0.917532230088,0.861002746696,0.857632933105,347,580,0,3,2,3
261,WLNM_dir_neg_kfold,0.854052467301,0.372017100988,00:00:15,10,66.6666666667,9,14354,threshold_sweep,0.9,0.98250728863,0.581034482759,0.73022751896,337,6,243,1154,0.581034482759,0.994827586207,0.0051724137931,0.418965517241,0.98250728863,0.581034482759,0.73022751896,0.856896551724,0.600957854406,0.641382621219,0.682364149591,0.575862068966,1779,1199,580,0,1779,0,1199,0,580,126,1741,0.11053968254,3.35021095487,27.6349206349,14.6302521008,14.7542372881,19.3405700742,0.69985980165,0.389650173682,15.6125082129,1.12991156509,0.578854517108,9.15239928644,0.662379270587,0.377355652198,1.19779027155,0.357526820756,4.34256606628,3.35021095487,1.19779027155,4.34256606628,0.507119835952,0.563909424838,12128,0.0372596006144,0.110016681489,126,126,126,1,0,0.0555555555556,0.880952380952,0.0634920634921,126,0.0737142857143,3.15358171457,18.4285714286,10.0956521739,9.92307692308,12.9073179686,0.700397099072,0.389442598745,10.6000808622,1.15039637264,0.586255690907,6.15741132991,0.668246190843,0.379879140861,1.22131462922,0.38727857394,4.19032247383,3.15358171457,1.22131462922,4.19032247383,0.351966745911,0.391111569396,3793,0.0116528417819,0.0707288765448,126,126,126,1,0,0.0873015873016,0.84126984127,0.0714285714286,126,1504,0.0954920634921,3.18210574958,23.873015873,13.0782608696,12.8547008547,16.5277870882,0.69232086872,0.388909996623,12.9242383338,1.0827486902,0.564885173928,8.60952591656,0.721276772265,0.409152313408,1.20805433081,0.379639906993,4.12981173938,3.18210574958,1.20805433081,4.12981173938,0.422062708235,0.499480026916,8165,0.0250844854071,0.103445543105,126,126,126,1,0,0.0873015873016,0.84126984127,0.0714285714286,-237,-0.0150476190476,-0.168105205286,-3.7619047619,-1.55199123128,-1.89953643343,-2.812782986,-0.0075389329301,-0.000740177059577,-2.68826987915,-0.0471628748977,-0.0139693431807,-0.542873369878,0.0588975016784,0.0317966612099,0.0102640592592,0.0221130862375,-0.212754326899,-0.168105205286,0.0102640592592,-0.212754326899,-0.0850571277172,-0.0644293979222,-3963,-0.0121751152074,-0.00657113838386,0.031746031746,-0.0396825396825,0.00793650793651,1498,6,243,14003,0.860425043079,0.999571703905,0.000428296095367,0.139574956921,0.996010638298,0.860425043079,0.923266563945,0.917549226748,0.859996746983,0.857469948483,343,580,0,3,2,3
262,WLNM_dir_neg_kfold,0.804959869203,0.365235901435,00:00:14,10,66.6666666667,10,14355,threshold_sweep,0.1,0.901554404145,0.6,0.72049689441,348,38,232,1122,0.6,0.96724137931,0.0327586206897,0.4,0.901554404145,0.6,0.72049689441,0.844827586207,0.592720306513,0.619002822201,0.643587960571,0.56724137931,1779,1199,580,0,1779,0,1199,0,580,126,1741,0.11053968254,3.35021095487,27.6349206349,14.6302521008,14.7542372881,19.3405700742,0.69985980165,0.389650173682,15.6125082129,1.12991156509,0.578854517108,9.15239928644,0.662379270587,0.377355652198,1.19779027155,0.357526820756,4.34256606628,3.35021095487,1.19779027155,4.34256606628,0.507119835952,0.563909424838,12128,0.0372596006144,0.110016681489,126,126,126,1,0,0.0555555555556,0.880952380952,0.0634920634921,126,0.0737142857143,3.15358171457,18.4285714286,10.0956521739,9.92307692308,12.9073179686,0.700397099072,0.389442598745,10.6000808622,1.15039637264,0.586255690907,6.15741132991,0.668246190843,0.379879140861,1.22131462922,0.38727857394,4.19032247383,3.15358171457,1.22131462922,4.19032247383,0.351966745911,0.391111569396,3793,0.0116528417819,0.0707288765448,126,126,126,1,0,0.0873015873016,0.84126984127,0.0714285714286,126,1547,0.0982222222222,1,24.5555555556,12.376,13.2222222222,16.5188646368,0.672713944485,0.379392782754,12.7659790938,1.03976300311,0.541801335919,8.86849605188,0.722320945402,0.409338094212,0,0,0,NaN,NaN,NaN,0.446489519242,0.496548459627,8392,0.0257818740399,0.100093418596,126,126,0,1,2,0.00793650793651,0.920634920635,0.0714285714286,-194,-0.0123174603175,-2.35021095487,-3.07936507937,-2.25425210084,-1.53201506591,-2.82170543737,-0.0271458571648,-0.0102573909282,-2.84652911916,-0.090148561982,-0.0370531811894,-0.283903234559,0.0599416748154,0.0319824420143,-1.19779027155,-0.357526820756,-4.34256606628,NaN,NaN,NaN,-0.0606303167102,-0.0673609652116,-3736,-0.0114777265745,-0.00992326289246,-0.047619047619,0.0396825396825,0.00793650793651,1509,38,232,13971,0.866743251005,0.997287458063,0.00271254193733,0.133256748995,0.975436328378,0.866743251005,0.917883211679,0.910325966968,0.864030709068,0.848229342327,386,580,0,3,2,3
263,WLNM_dir_neg_kfold,0.804959869203,0.365235901435,00:00:14,10,66.6666666667,10,14355,threshold_sweep,0.2,0.910994764398,0.6,0.723492723493,348,34,232,1126,0.6,0.970689655172,0.0293103448276,0.4,0.910994764398,0.6,0.723492723493,0.847126436782,0.593486590038,0.623939679548,0.649922279848,0.570689655172,1779,1199,580,0,1779,0,1199,0,580,126,1741,0.11053968254,3.35021095487,27.6349206349,14.6302521008,14.7542372881,19.3405700742,0.69985980165,0.389650173682,15.6125082129,1.12991156509,0.578854517108,9.15239928644,0.662379270587,0.377355652198,1.19779027155,0.357526820756,4.34256606628,3.35021095487,1.19779027155,4.34256606628,0.507119835952,0.563909424838,12128,0.0372596006144,0.110016681489,126,126,126,1,0,0.0555555555556,0.880952380952,0.0634920634921,126,0.0737142857143,3.15358171457,18.4285714286,10.0956521739,9.92307692308,12.9073179686,0.700397099072,0.389442598745,10.6000808622,1.15039637264,0.586255690907,6.15741132991,0.668246190843,0.379879140861,1.22131462922,0.38727857394,4.19032247383,3.15358171457,1.22131462922,4.19032247383,0.351966745911,0.391111569396,3793,0.0116528417819,0.0707288765448,126,126,126,1,0,0.0873015873016,0.84126984127,0.0714285714286,126,1543,0.0979682539683,20.4750382126,24.4920634921,12.4435483871,13.188034188,16.5078144074,0.674006680275,0.379959674516,12.7860464619,1.04409711873,0.544069993519,8.83057099666,0.721096529863,0.408948759888,3.24676498127,0.158571864314,22.4537037037,20.4750382126,3.24676498127,22.4537037037,0.445445295636,0.497173354418,8384,0.025757296467,0.100595265161,126,126,126,1,0,0.015873015873,0.912698412698,0.0714285714286,-198,-0.0125714285714,17.1248272577,-3.14285714286,-2.18670371374,-1.5662031001,-2.8327556668,-0.0258531213751,-0.00969049916661,-2.82646175097,-0.0858144463605,-0.0347845235893,-0.321828289783,0.0587172592764,0.0315931076908,2.04897470971,-0.198954956442,18.1111376374,17.1248272577,2.04897470971,18.1111376374,-0.0616745403163,-0.0667360704206,-3744,-0.0115023041475,-0.00942141632721,-0.0396825396825,0.031746031746,0.00793650793651,1509,34,232,13975,0.866743251005,0.997572988793,0.00242701120708,0.133256748995,0.97796500324,0.866743251005,0.919001218027,0.91167799629,0.864316239798,0.85014084507,382,580,0,3,2,3
264,WLNM_dir_neg_kfold,0.804959869203,0.365235901435,00:00:14,10,66.6666666667,10,14355,threshold_sweep,0.3,0.918205804749,0.6,0.725755995829,348,31,232,1129,0.6,0.973275862069,0.026724137931,0.4,0.918205804749,0.6,0.725755995829,0.848850574713,0.594061302682,0.627654554035,0.6547235762,0.573275862069,1779,1199,580,0,1779,0,1199,0,580,126,1741,0.11053968254,3.35021095487,27.6349206349,14.6302521008,14.7542372881,19.3405700742,0.69985980165,0.389650173682,15.6125082129,1.12991156509,0.578854517108,9.15239928644,0.662379270587,0.377355652198,1.19779027155,0.357526820756,4.34256606628,3.35021095487,1.19779027155,4.34256606628,0.507119835952,0.563909424838,12128,0.0372596006144,0.110016681489,126,126,126,1,0,0.0555555555556,0.880952380952,0.0634920634921,126,0.0737142857143,3.15358171457,18.4285714286,10.0956521739,9.92307692308,12.9073179686,0.700397099072,0.389442598745,10.6000808622,1.15039637264,0.586255690907,6.15741132991,0.668246190843,0.379879140861,1.22131462922,0.38727857394,4.19032247383,3.15358171457,1.22131462922,4.19032247383,0.351966745911,0.391111569396,3793,0.0116528417819,0.0707288765448,126,126,126,1,0,0.0873015873016,0.84126984127,0.0714285714286,126,1540,0.0977777777778,22.5528807869,24.4444444444,12.4193548387,13.1623931624,16.5290316985,0.676187660392,0.381070913214,12.7980554078,1.04711362428,0.545238095238,8.82984836915,0.722442139294,0.409668109668,3.45343559702,0.15312614072,24.8235294118,22.5528807869,3.45343559702,24.8235294118,0.437703641546,0.496930328356,8364,0.0256958525346,0.100706337317,126,126,126,1,0,0.015873015873,0.912698412698,0.0714285714286,-201,-0.0127619047619,19.2026698321,-3.19047619048,-2.21089726213,-1.59184412574,-2.8115383757,-0.023672141258,-0.00857926046857,-2.81445280507,-0.0827979408153,-0.0336164218703,-0.322550917287,0.0600628687076,0.0323124574704,2.25564532546,-0.204400680036,20.4809633455,19.2026698321,2.25564532546,20.4809633455,-0.069416194406,-0.0669790964826,-3764,-0.0115637480799,-0.00931034417141,-0.0396825396825,0.031746031746,0.00793650793651,1509,31,232,13978,0.866743251005,0.997787136841,0.0022128631594,0.133256748995,0.97987012987,0.866743251005,0.919841511734,0.912695305988,0.864530387846,0.85158013544,379,580,0,3,2,3
265,WLNM_dir_neg_kfold,0.804959869203,0.365235901435,00:00:14,10,66.6666666667,10,14355,threshold_sweep,0.4,0.932975871314,0.6,0.730325288562,348,25,232,1135,0.6,0.978448275862,0.0215517241379,0.4,0.932975871314,0.6,0.730325288562,0.852298850575,0.595210727969,0.635115948888,0.664460011153,0.578448275862,1779,1199,580,0,1779,0,1199,0,580,126,1741,0.11053968254,3.35021095487,27.6349206349,14.6302521008,14.7542372881,19.3405700742,0.69985980165,0.389650173682,15.6125082129,1.12991156509,0.578854517108,9.15239928644,0.662379270587,0.377355652198,1.19779027155,0.357526820756,4.34256606628,3.35021095487,1.19779027155,4.34256606628,0.507119835952,0.563909424838,12128,0.0372596006144,0.110016681489,126,126,126,1,0,0.0555555555556,0.880952380952,0.0634920634921,126,0.0737142857143,3.15358171457,18.4285714286,10.0956521739,9.92307692308,12.9073179686,0.700397099072,0.389442598745,10.6000808622,1.15039637264,0.586255690907,6.15741132991,0.668246190843,0.379879140861,1.22131462922,0.38727857394,4.19032247383,3.15358171457,1.22131462922,4.19032247383,0.351966745911,0.391111569396,3793,0.0116528417819,0.0707288765448,126,126,126,1,0,0.0873015873016,0.84126984127,0.0714285714286,126,1534,0.0973968253968,1,24.3492063492,12.3709677419,13.1111111111,16.5410120417,0.679324484113,0.382432068873,12.8312614283,1.05393672749,0.548664141884,8.79552555799,0.722448644268,0.40941826535,0,0,0,NaN,NaN,NaN,0.424428027102,0.496235223999,8326,0.025579109063,0.0996762482822,126,126,0,1,2,0.015873015873,0.912698412698,0.0714285714286,-207,-0.0131428571429,-2.35021095487,-3.28571428571,-2.2592843589,-1.64312617702,-2.79955803242,-0.0205353175365,-0.00721810480959,-2.78124678462,-0.0759748376063,-0.0301903752239,-0.356873728448,0.0600693736812,0.0320626131528,-1.19779027155,-0.357526820756,-4.34256606628,NaN,NaN,NaN,-0.0826918088493,-0.0676742008392,-3802,-0.0116804915515,-0.0103404332064,-0.0396825396825,0.031746031746,0.00793650793651,1509,25,232,13984,0.866743251005,0.998215432936,0.00178456706403,0.133256748995,0.98370273794,0.866743251005,0.921526717557,0.914738438789,0.864958683941,0.854473386183,373,580,0,3,2,3
266,WLNM_dir_neg_kfold,0.804959869203,0.365235901435,00:00:14,10,66.6666666667,10,14355,threshold_sweep,0.5,0.971751412429,0.593103448276,0.736616702355,344,10,236,1150,0.593103448276,0.991379310345,0.00862068965517,0.406896551724,0.971751412429,0.593103448276,0.736616702355,0.858620689655,0.598850574713,0.647564469914,0.684433802107,0.584482758621,1779,1199,580,0,1779,0,1199,0,580,126,1741,0.11053968254,3.35021095487,27.6349206349,14.6302521008,14.7542372881,19.3405700742,0.69985980165,0.389650173682,15.6125082129,1.12991156509,0.578854517108,9.15239928644,0.662379270587,0.377355652198,1.19779027155,0.357526820756,4.34256606628,3.35021095487,1.19779027155,4.34256606628,0.507119835952,0.563909424838,12128,0.0372596006144,0.110016681489,126,126,126,1,0,0.0555555555556,0.880952380952,0.0634920634921,126,0.0737142857143,3.15358171457,18.4285714286,10.0956521739,9.92307692308,12.9073179686,0.700397099072,0.389442598745,10.6000808622,1.15039637264,0.586255690907,6.15741132991,0.668246190843,0.379879140861,1.22131462922,0.38727857394,4.19032247383,3.15358171457,1.22131462922,4.19032247383,0.351966745911,0.391111569396,3793,0.0116528417819,0.0707288765448,126,126,126,1,0,0.0873015873016,0.84126984127,0.0714285714286,126,1515,0.0961904761905,3.17050886406,24.0476190476,13.1739130435,12.9487179487,16.6463724062,0.692225387188,0.388558855886,12.9562119685,1.07754634193,0.564005448164,8.66206837721,0.720409647213,0.40832416575,1.20343846487,0.379572654254,4.09891576105,3.17050886406,1.20343846487,4.09891576105,0.427081216748,0.500975914039,8299,0.0254961597542,0.103229749627,126,126,126,1,0,0.0873015873016,0.84126984127,0.0714285714286,-226,-0.0143492063492,-0.179702090802,-3.5873015873,-1.45633905736,-1.80551933942,-2.69419766797,-0.00763441446153,-0.00109131779675,-2.65629624447,-0.0523652231628,-0.0148490689445,-0.490330909231,0.0580303766267,0.0309685135522,0.00564819331607,0.0220458334988,-0.243650305229,-0.179702090802,0.00564819331607,-0.243650305229,-0.0800386192038,-0.0629335107993,-3829,-0.0117634408602,-0.00678693186122,0.031746031746,-0.0396825396825,0.00793650793651,1505,10,236,13999,0.86444572085,0.999286173174,0.000713826825612,0.13555427915,0.993399339934,0.86444572085,0.924447174447,0.918537428541,0.863731894024,0.859508852085,354,580,0,3,2,3
267,WLNM_dir_neg_kfold,0.804959869203,0.365235901435,00:00:14,10,66.6666666667,10,14355,threshold_sweep,0.6,0.971671388102,0.591379310345,0.735262593783,343,10,237,1150,0.591379310345,0.991379310345,0.00862068965517,0.408620689655,0.971671388102,0.591379310345,0.735262593783,0.858045977011,0.599042145594,0.645962732919,0.683134336463,0.58275862069,1779,1199,580,0,1779,0,1199,0,580,126,1741,0.11053968254,3.35021095487,27.6349206349,14.6302521008,14.7542372881,19.3405700742,0.69985980165,0.389650173682,15.6125082129,1.12991156509,0.578854517108,9.15239928644,0.662379270587,0.377355652198,1.19779027155,0.357526820756,4.34256606628,3.35021095487,1.19779027155,4.34256606628,0.507119835952,0.563909424838,12128,0.0372596006144,0.110016681489,126,126,126,1,0,0.0555555555556,0.880952380952,0.0634920634921,126,0.0737142857143,3.15358171457,18.4285714286,10.0956521739,9.92307692308,12.9073179686,0.700397099072,0.389442598745,10.6000808622,1.15039637264,0.586255690907,6.15741132991,0.668246190843,0.379879140861,1.22131462922,0.38727857394,4.19032247383,3.15358171457,1.22131462922,4.19032247383,0.351966745911,0.391111569396,3793,0.0116528417819,0.0707288765448,126,126,126,1,0,0.0873015873016,0.84126984127,0.0714285714286,126,1514,0.096126984127,3.13997876205,24.0317460317,13.1652173913,12.9401709402,16.639200225,0.692384157314,0.388632027007,12.9627059687,1.07879851523,0.564739678346,8.64313288292,0.719309605844,0.407938604768,1.1859255068,0.377685836966,4.05859525378,3.13997876205,1.1859255068,4.05859525378,0.426384777717,0.50129948625,8294,0.0254807987711,0.102237226598,126,126,126,1,0,0.0873015873016,0.84126984127,0.0714285714286,-227,-0.0144126984127,-0.210232192819,-3.60317460317,-1.46503470954,-1.81406634796,-2.70136984918,-0.00747564433558,-0.00101814667515,-2.64980224419,-0.0511130498622,-0.0141148387624,-0.509266403523,0.0569303352571,0.0305829525705,-0.0118647647531,0.0201590162109,-0.283970812494,-0.210232192819,-0.0118647647531,-0.283970812494,-0.0807350582345,-0.0626099385888,-3834,-0.0117788018433,-0.00777945489035,0.031746031746,-0.0396825396825,0.00793650793651,1504,10,237,13999,0.863871338311,0.999286173174,0.000713826825612,0.136128661689,0.993394980185,0.863871338311,0.924116743472,0.918197445561,0.863157511486,0.858937749857,353,580,0,3,2,3
268,WLNM_dir_neg_kfold,0.804959869203,0.365235901435,00:00:14,10,66.6666666667,10,14355,threshold_sweep,0.7,0.974358974359,0.589655172414,0.734693877551,342,9,238,1151,0.589655172414,0.99224137931,0.00775862068966,0.410344827586,0.974358974359,0.589655172414,0.734693877551,0.858045977011,0.599425287356,0.6456241033,0.683571730459,0.581896551724,1779,1199,580,0,1779,0,1199,0,580,126,1741,0.11053968254,3.35021095487,27.6349206349,14.6302521008,14.7542372881,19.3405700742,0.69985980165,0.389650173682,15.6125082129,1.12991156509,0.578854517108,9.15239928644,0.662379270587,0.377355652198,1.19779027155,0.357526820756,4.34256606628,3.35021095487,1.19779027155,4.34256606628,0.507119835952,0.563909424838,12128,0.0372596006144,0.110016681489,126,126,126,1,0,0.0555555555556,0.880952380952,0.0634920634921,126,0.0737142857143,3.15358171457,18.4285714286,10.0956521739,9.92307692308,12.9073179686,0.700397099072,0.389442598745,10.6000808622,1.15039637264,0.586255690907,6.15741132991,0.668246190843,0.379879140861,1.22131462922,0.38727857394,4.19032247383,3.15358171457,1.22131462922,4.19032247383,0.351966745911,0.391111569396,3793,0.0116528417819,0.0707288765448,126,126,126,1,0,0.0873015873016,0.84126984127,0.0714285714286,126,1512,0.096,3.13589839875,24,13.147826087,12.9230769231,16.6084315936,0.692017983068,0.388542454019,12.968268967,1.08068908058,0.565528680608,8.61440653789,0.717867211491,0.407365415302,1.18293246738,0.377222829621,4.05505273862,3.13589839875,1.18293246738,4.05505273862,0.425577063473,0.501414541486,8271,0.0254101382488,0.101831322208,126,126,126,1,0,0.0873015873016,0.84126984127,0.0714285714286,-229,-0.0145396825397,-0.214312556114,-3.63492063492,-1.48242601388,-1.83116036506,-2.73213848054,-0.00784181858226,-0.00110771966369,-2.64423924593,-0.0492224845115,-0.0133258365003,-0.537992748552,0.055487940904,0.0300097631042,-0.0148578041737,0.019696008865,-0.287513327652,-0.214312556114,-0.0148578041737,-0.287513327652,-0.0815427724783,-0.0624948833519,-3857,-0.0118494623656,-0.00818535928073,0.031746031746,-0.0396825396825,0.00793650793651,1503,9,238,14000,0.863296955773,0.999357555857,0.000642444143051,0.136703044227,0.994047619048,0.863296955773,0.924070089148,0.918204593991,0.862654511629,0.858857142857,351,580,0,3,2,3
269,WLNM_dir_neg_kfold,0.804959869203,0.365235901435,00:00:14,10,66.6666666667,10,14355,threshold_sweep,0.8,0.977077363897,0.587931034483,0.734122712594,341,8,239,1152,0.587931034483,0.993103448276,0.00689655172414,0.412068965517,0.977077363897,0.587931034483,0.734122712594,0.858045977011,0.599808429119,0.645284825275,0.684019716536,0.581034482759,1779,1199,580,0,1779,0,1199,0,580,126,1741,0.11053968254,3.35021095487,27.6349206349,14.6302521008,14.7542372881,19.3405700742,0.69985980165,0.389650173682,15.6125082129,1.12991156509,0.578854517108,9.15239928644,0.662379270587,0.377355652198,1.19779027155,0.357526820756,4.34256606628,3.35021095487,1.19779027155,4.34256606628,0.507119835952,0.563909424838,12128,0.0372596006144,0.110016681489,126,126,126,1,0,0.0555555555556,0.880952380952,0.0634920634921,126,0.0737142857143,3.15358171457,18.4285714286,10.0956521739,9.92307692308,12.9073179686,0.700397099072,0.389442598745,10.6000808622,1.15039637264,0.586255690907,6.15741132991,0.668246190843,0.379879140861,1.22131462922,0.38727857394,4.19032247383,3.15358171457,1.22131462922,4.19032247383,0.351966745911,0.391111569396,3793,0.0116528417819,0.0707288765448,126,126,126,1,0,0.0873015873016,0.84126984127,0.0714285714286,126,1510,0.095873015873,3.13488132722,23.9682539683,13.1304347826,12.905982906,16.6088826875,0.69295338365,0.388999264165,12.9731933629,1.08253136671,0.56599390308,8.6041702698,0.717963876818,0.407473982971,1.1823394958,0.377156061867,4.05318412612,3.13488132722,1.1823394958,4.05318412612,0.425535966904,0.501933472354,8264,0.0253886328725,0.101749884472,126,126,126,1,0,0.0873015873016,0.84126984127,0.0714285714286,-231,-0.0146666666667,-0.215329627642,-3.66666666667,-1.49981731823,-1.84825438215,-2.73168738667,-0.00690641799935,-0.000650909517512,-2.63931485,-0.047380198386,-0.0128606140284,-0.548229016637,0.0555846062313,0.030118330773,-0.0154507757583,0.0196292411111,-0.289381940153,-0.215329627642,-0.0154507757583,-0.289381940153,-0.0815838690473,-0.061975952484,-3864,-0.0118709677419,-0.00826679701663,0.031746031746,-0.0396825396825,0.00793650793651,1502,8,239,14001,0.862722573234,0.99942893854,0.00057106146049,0.137277426766,0.994701986755,0.862722573234,0.924023377422,0.918212242641,0.862151511773,0.858776443682,349,580,0,3,2,3
270,WLNM_dir_neg_kfold,0.804959869203,0.365235901435,00:00:14,10,66.6666666667,10,14355,threshold_sweep,0.9,0.977011494253,0.586206896552,0.73275862069,340,8,240,1152,0.586206896552,0.993103448276,0.00689655172414,0.413793103448,0.977011494253,0.586206896552,0.73275862069,0.857471264368,0.6,0.64367816092,0.682723788732,0.579310344828,1779,1199,580,0,1779,0,1199,0,580,126,1741,0.11053968254,3.35021095487,27.6349206349,14.6302521008,14.7542372881,19.3405700742,0.69985980165,0.389650173682,15.6125082129,1.12991156509,0.578854517108,9.15239928644,0.662379270587,0.377355652198,1.19779027155,0.357526820756,4.34256606628,3.35021095487,1.19779027155,4.34256606628,0.507119835952,0.563909424838,12128,0.0372596006144,0.110016681489,126,126,126,1,0,0.0555555555556,0.880952380952,0.0634920634921,126,0.0737142857143,3.15358171457,18.4285714286,10.0956521739,9.92307692308,12.9073179686,0.700397099072,0.389442598745,10.6000808622,1.15039637264,0.586255690907,6.15741132991,0.668246190843,0.379879140861,1.22131462922,0.38727857394,4.19032247383,3.15358171457,1.22131462922,4.19032247383,0.351966745911,0.391111569396,3793,0.0116528417819,0.0707288765448,126,126,126,1,0,0.0873015873016,0.84126984127,0.0714285714286,126,1509,0.0958095238095,3.13559182549,23.9523809524,13.1217391304,12.8974358974,16.6078810896,0.693370781076,0.38918341801,12.9759557864,1.0834794096,0.566248014558,8.59996677734,0.718088677234,0.407517855828,1.18268744233,0.377181568313,4.05416538491,3.13559182549,1.18268744233,4.05416538491,0.425638892852,0.502310311284,8262,0.0253824884793,0.101665934524,126,126,126,1,0,0.0873015873016,0.84126984127,0.0714285714286,-232,-0.0147301587302,-0.214619129374,-3.68253968254,-1.50851297041,-1.8568013907,-2.73268898458,-0.00648902057381,-0.000466755671883,-2.63655242649,-0.0464321554907,-0.0126065025502,-0.552432509095,0.0557094066469,0.0301622036303,-0.0151028292267,0.019654747557,-0.288400681365,-0.214619129374,-0.0151028292267,-0.288400681365,-0.0814809430999,-0.0615991135544,-3866,-0.0118771121352,-0.00835074696484,0.031746031746,-0.0396825396825,0.00793650793651,1501,8,240,14001,0.862148190695,0.99942893854,0.00057106146049,0.137851809305,0.994698475812,0.862148190695,0.923692307692,0.917872275456,0.861577129235,0.858204688393,348,580,0,3,2,3
271,WLNM_dir_neg_kfold,0.687152199762,0.342832569239,00:00:13,10,66.6666666667,11,14356,threshold_sweep,0.1,0.887179487179,0.596551724138,0.713402061856,346,44,234,1116,0.596551724138,0.962068965517,0.0379310344828,0.403448275862,0.887179487179,0.596551724138,0.713402061856,0.840229885057,0.591954022989,0.608450704225,0.631481773901,0.558620689655,1779,1199,580,0,1779,0,1199,0,580,126,1741,0.11053968254,3.35021095487,27.6349206349,14.6302521008,14.7542372881,19.3405700742,0.69985980165,0.389650173682,15.6125082129,1.12991156509,0.578854517108,9.15239928644,0.662379270587,0.377355652198,1.19779027155,0.357526820756,4.34256606628,3.35021095487,1.19779027155,4.34256606628,0.507119835952,0.563909424838,12128,0.0372596006144,0.110016681489,126,126,126,1,0,0.0555555555556,0.880952380952,0.0634920634921,126,0.0737142857143,3.15358171457,18.4285714286,10.0956521739,9.92307692308,12.9073179686,0.700397099072,0.389442598745,10.6000808622,1.15039637264,0.586255690907,6.15741132991,0.668246190843,0.379879140861,1.22131462922,0.38727857394,4.19032247383,3.15358171457,1.22131462922,4.19032247383,0.351966745911,0.391111569396,3793,0.0116528417819,0.0707288765448,126,126,126,1,0,0.0873015873016,0.84126984127,0.0714285714286,126,1551,0.0984761904762,NaN,24.619047619,12.3095238095,13.2564102564,16.498173059,0.670138557523,0.378081729146,12.7099735866,1.03253170336,0.535532631277,8.94110891173,0.726357010237,0.41066695322,NaN,NaN,NaN,NaN,NaN,NaN,0.442445598365,0.493845609344,8372,0.0257204301075,0.100196781527,126,126,0,1,2,0,0.928571428571,0.0714285714286,-190,-0.0120634920635,NaN,-3.01587301587,-2.32072829132,-1.49782703173,-2.84239701513,-0.0297212441263,-0.0115684445368,-2.90253462634,-0.0973798617353,-0.0433218858311,-0.211290374709,0.0639777396507,0.0333113010224,NaN,NaN,NaN,NaN,NaN,NaN,-0.0646742375865,-0.0700638154948,-3756,-0.0115391705069,-0.00981989996207,-0.0555555555556,0.047619047619,0.00793650793651,1507,44,234,13965,0.865594485928,0.996859161967,0.00314083803269,0.134405514072,0.971631205674,0.865594485928,0.915552855407,0.907619751035,0.862453647895,0.844257703081,390,580,0,3,2,3
272,WLNM_dir_neg_kfold,0.687152199762,0.342832569239,00:00:13,10,66.6666666667,11,14356,threshold_sweep,0.2,0.907894736842,0.594827586207,0.71875,345,35,235,1125,0.594827586207,0.969827586207,0.0301724137931,0.405172413793,0.907894736842,0.594827586207,0.71875,0.844827586207,0.593869731801,0.617924528302,0.644265757955,0.564655172414,1779,1199,580,0,1779,0,1199,0,580,126,1741,0.11053968254,3.35021095487,27.6349206349,14.6302521008,14.7542372881,19.3405700742,0.69985980165,0.389650173682,15.6125082129,1.12991156509,0.578854517108,9.15239928644,0.662379270587,0.377355652198,1.19779027155,0.357526820756,4.34256606628,3.35021095487,1.19779027155,4.34256606628,0.507119835952,0.563909424838,12128,0.0372596006144,0.110016681489,126,126,126,1,0,0.0555555555556,0.880952380952,0.0634920634921,126,0.0737142857143,3.15358171457,18.4285714286,10.0956521739,9.92307692308,12.9073179686,0.700397099072,0.389442598745,10.6000808622,1.15039637264,0.586255690907,6.15741132991,0.668246190843,0.379879140861,1.22131462922,0.38727857394,4.19032247383,3.15358171457,1.22131462922,4.19032247383,0.351966745911,0.391111569396,3793,0.0116528417819,0.0707288765448,126,126,126,1,0,0.0873015873016,0.84126984127,0.0714285714286,126,1541,0.0978412698413,1,24.4603174603,12.328,13.1709401709,16.506798984,0.674839932506,0.380385855402,12.7594123366,1.04327446749,0.541140055416,8.88428968318,0.726424724257,0.411189394642,0,0,0,NaN,NaN,NaN,0.438347627316,0.494971491923,8334,0.0256036866359,0.0991766785712,126,126,0,1,2,0.00793650793651,0.920634920635,0.0714285714286,-200,-0.0126984126984,-2.35021095487,-3.1746031746,-2.30225210084,-1.5832971172,-2.83377109016,-0.0250198691434,-0.00926431828026,-2.85309587635,-0.0866370975997,-0.0377144616919,-0.268109603262,0.0640454536705,0.033833742444,-1.19779027155,-0.357526820756,-4.34256606628,NaN,NaN,NaN,-0.0687722086357,-0.0689379329157,-3794,-0.0116559139785,-0.0108400029174,-0.047619047619,0.0396825396825,0.00793650793651,1506,35,235,13974,0.865020103389,0.99750160611,0.00249839388964,0.134979896611,0.977287475665,0.865020103389,0.91773308958,0.910311253666,0.862521709499,0.847972972973,380,580,0,3,2,3
273,WLNM_dir_neg_kfold,0.687152199762,0.342832569239,00:00:13,10,66.6666666667,11,14356,threshold_sweep,0.3,0.934959349593,0.594827586207,0.72708113804,345,24,235,1136,0.594827586207,0.979310344828,0.0206896551724,0.405172413793,0.934959349593,0.594827586207,0.72708113804,0.851149425287,0.595977011494,0.631578947368,0.662105691112,0.574137931034,1779,1199,580,0,1779,0,1199,0,580,126,1741,0.11053968254,3.35021095487,27.6349206349,14.6302521008,14.7542372881,19.3405700742,0.69985980165,0.389650173682,15.6125082129,1.12991156509,0.578854517108,9.15239928644,0.662379270587,0.377355652198,1.19779027155,0.357526820756,4.34256606628,3.35021095487,1.19779027155,4.34256606628,0.507119835952,0.563909424838,12128,0.0372596006144,0.110016681489,126,126,126,1,0,0.0555555555556,0.880952380952,0.0634920634921,126,0.0737142857143,3.15358171457,18.4285714286,10.0956521739,9.92307692308,12.9073179686,0.700397099072,0.389442598745,10.6000808622,1.15039637264,0.586255690907,6.15741132991,0.668246190843,0.379879140861,1.22131462922,0.38727857394,4.19032247383,3.15358171457,1.22131462922,4.19032247383,0.351966745911,0.391111569396,3793,0.0116528417819,0.0707288765448,126,126,126,1,0,0.0873015873016,0.84126984127,0.0714285714286,126,1530,0.0971428571429,6.15354941279,24.2857142857,12.4390243902,13.0769230769,16.5354683721,0.680872227088,0.383208839091,12.827292332,1.05636525087,0.549029982363,8.77515974621,0.722660214393,0.409720925407,1.53276705161,0.24908665695,7.27050469717,6.15354941279,1.53276705161,7.27050469717,0.421813831078,0.495564081045,8267,0.0253978494624,0.0995279550547,126,126,126,1,0,0.0238095238095,0.904761904762,0.0714285714286,-211,-0.0133968253968,2.80333845792,-3.34920634921,-2.1912277106,-1.67731421121,-2.80510170203,-0.0189875745621,-0.00644133459115,-2.78521588088,-0.0735463142201,-0.0298245347451,-0.377239540234,0.0602809438068,0.0323652732095,0.334976780051,-0.108440163806,2.92793863089,2.80333845792,0.334976780051,2.92793863089,-0.0853060048735,-0.068345343793,-3861,-0.0118617511521,-0.0104887264339,-0.031746031746,0.0238095238095,0.00793650793651,1506,24,235,13985,0.865020103389,0.998286815619,0.00171318438147,0.134979896611,0.98431372549,0.865020103389,0.920819321308,0.914055699915,0.863306919007,0.853257790368,369,580,0,3,2,3
274,WLNM_dir_neg_kfold,0.687152199762,0.342832569239,00:00:13,10,66.6666666667,11,14356,threshold_sweep,0.4,0.934959349593,0.594827586207,0.72708113804,345,24,235,1136,0.594827586207,0.979310344828,0.0206896551724,0.405172413793,0.934959349593,0.594827586207,0.72708113804,0.851149425287,0.595977011494,0.631578947368,0.662105691112,0.574137931034,1779,1199,580,0,1779,0,1199,0,580,126,1741,0.11053968254,3.35021095487,27.6349206349,14.6302521008,14.7542372881,19.3405700742,0.69985980165,0.389650173682,15.6125082129,1.12991156509,0.578854517108,9.15239928644,0.662379270587,0.377355652198,1.19779027155,0.357526820756,4.34256606628,3.35021095487,1.19779027155,4.34256606628,0.507119835952,0.563909424838,12128,0.0372596006144,0.110016681489,126,126,126,1,0,0.0555555555556,0.880952380952,0.0634920634921,126,0.0737142857143,3.15358171457,18.4285714286,10.0956521739,9.92307692308,12.9073179686,0.700397099072,0.389442598745,10.6000808622,1.15039637264,0.586255690907,6.15741132991,0.668246190843,0.379879140861,1.22131462922,0.38727857394,4.19032247383,3.15358171457,1.22131462922,4.19032247383,0.351966745911,0.391111569396,3793,0.0116528417819,0.0707288765448,126,126,126,1,0,0.0873015873016,0.84126984127,0.0714285714286,126,1530,0.0971428571429,6.15354941279,24.2857142857,12.4390243902,13.0769230769,16.5354683721,0.680872227088,0.383208839091,12.827292332,1.05636525087,0.549029982363,8.77515974621,0.722660214393,0.409720925407,1.53276705161,0.24908665695,7.27050469717,6.15354941279,1.53276705161,7.27050469717,0.421813831078,0.495564081045,8267,0.0253978494624,0.0995279550547,126,126,126,1,0,0.0238095238095,0.904761904762,0.0714285714286,-211,-0.0133968253968,2.80333845792,-3.34920634921,-2.1912277106,-1.67731421121,-2.80510170203,-0.0189875745621,-0.00644133459115,-2.78521588088,-0.0735463142201,-0.0298245347451,-0.377239540234,0.0602809438068,0.0323652732095,0.334976780051,-0.108440163806,2.92793863089,2.80333845792,0.334976780051,2.92793863089,-0.0853060048735,-0.068345343793,-3861,-0.0118617511521,-0.0104887264339,-0.031746031746,0.0238095238095,0.00793650793651,1506,24,235,13985,0.865020103389,0.998286815619,0.00171318438147,0.134979896611,0.98431372549,0.865020103389,0.920819321308,0.914055699915,0.863306919007,0.853257790368,369,580,0,3,2,3
275,WLNM_dir_neg_kfold,0.687152199762,0.342832569239,00:00:13,10,66.6666666667,11,14356,threshold_sweep,0.5,0.96875,0.587931034483,0.731759656652,341,11,239,1149,0.587931034483,0.990517241379,0.00948275862069,0.412068965517,0.96875,0.587931034483,0.731759656652,0.85632183908,0.599233716475,0.641491395793,0.678799412147,0.578448275862,1779,1199,580,0,1779,0,1199,0,580,126,1741,0.11053968254,3.35021095487,27.6349206349,14.6302521008,14.7542372881,19.3405700742,0.69985980165,0.389650173682,15.6125082129,1.12991156509,0.578854517108,9.15239928644,0.662379270587,0.377355652198,1.19779027155,0.357526820756,4.34256606628,3.35021095487,1.19779027155,4.34256606628,0.507119835952,0.563909424838,12128,0.0372596006144,0.110016681489,126,126,126,1,0,0.0555555555556,0.880952380952,0.0634920634921,126,0.0737142857143,3.15358171457,18.4285714286,10.0956521739,9.92307692308,12.9073179686,0.700397099072,0.389442598745,10.6000808622,1.15039637264,0.586255690907,6.15741132991,0.668246190843,0.379879140861,1.22131462922,0.38727857394,4.19032247383,3.15358171457,1.22131462922,4.19032247383,0.351966745911,0.391111569396,3793,0.0116528417819,0.0707288765448,126,126,126,1,0,0.0873015873016,0.84126984127,0.0714285714286,126,1513,0.0960634920635,3.36845076085,24.0158730159,13.1565217391,12.9316239316,16.6358572377,0.692702581608,0.38895708096,12.9370760417,1.07737711913,0.562757687345,8.66579116457,0.721671967439,0.409315036876,1.28584094016,0.381730662388,4.2850979304,3.36845076085,1.28584094016,4.2850979304,0.424285616879,0.500202224469,8245,0.0253302611367,0.103227478353,126,126,126,1,0,0.0873015873016,0.84126984127,0.0714285714286,-228,-0.0144761904762,0.0182398059887,-3.61904761905,-1.47373036171,-1.82261335651,-2.70471283651,-0.00715722004211,-0.000693092722615,-2.67543217125,-0.052534445959,-0.0160968297638,-0.486608121869,0.0592926968528,0.0319593846785,0.0880506686082,0.0242038416323,-0.0574681358767,0.0182398059887,0.0880506686082,-0.0574681358767,-0.0828342190725,-0.0637072003693,-3883,-0.0119293394777,-0.00678920313528,0.031746031746,-0.0396825396825,0.00793650793651,1502,11,239,13998,0.862722573234,0.999214790492,0.000785209508173,0.137277426766,0.99272967614,0.862722573234,0.923171481254,0.917170238654,0.861937363726,0.857305936073,352,580,0,3,2,3
276,WLNM_dir_neg_kfold,0.687152199762,0.342832569239,00:00:13,10,66.6666666667,11,14356,threshold_sweep,0.6,0.96875,0.587931034483,0.731759656652,341,11,239,1149,0.587931034483,0.990517241379,0.00948275862069,0.412068965517,0.96875,0.587931034483,0.731759656652,0.85632183908,0.599233716475,0.641491395793,0.678799412147,0.578448275862,1779,1199,580,0,1779,0,1199,0,580,126,1741,0.11053968254,3.35021095487,27.6349206349,14.6302521008,14.7542372881,19.3405700742,0.69985980165,0.389650173682,15.6125082129,1.12991156509,0.578854517108,9.15239928644,0.662379270587,0.377355652198,1.19779027155,0.357526820756,4.34256606628,3.35021095487,1.19779027155,4.34256606628,0.507119835952,0.563909424838,12128,0.0372596006144,0.110016681489,126,126,126,1,0,0.0555555555556,0.880952380952,0.0634920634921,126,0.0737142857143,3.15358171457,18.4285714286,10.0956521739,9.92307692308,12.9073179686,0.700397099072,0.389442598745,10.6000808622,1.15039637264,0.586255690907,6.15741132991,0.668246190843,0.379879140861,1.22131462922,0.38727857394,4.19032247383,3.15358171457,1.22131462922,4.19032247383,0.351966745911,0.391111569396,3793,0.0116528417819,0.0707288765448,126,126,126,1,0,0.0873015873016,0.84126984127,0.0714285714286,126,1513,0.0960634920635,3.36845076085,24.0158730159,13.1565217391,12.9316239316,16.6358572377,0.692702581608,0.38895708096,12.9370760417,1.07737711913,0.562757687345,8.66579116457,0.721671967439,0.409315036876,1.28584094016,0.381730662388,4.2850979304,3.36845076085,1.28584094016,4.2850979304,0.424285616879,0.500202224469,8245,0.0253302611367,0.103227478353,126,126,126,1,0,0.0873015873016,0.84126984127,0.0714285714286,-228,-0.0144761904762,0.0182398059887,-3.61904761905,-1.47373036171,-1.82261335651,-2.70471283651,-0.00715722004211,-0.000693092722615,-2.67543217125,-0.052534445959,-0.0160968297638,-0.486608121869,0.0592926968528,0.0319593846785,0.0880506686082,0.0242038416323,-0.0574681358767,0.0182398059887,0.0880506686082,-0.0574681358767,-0.0828342190725,-0.0637072003693,-3883,-0.0119293394777,-0.00678920313528,0.031746031746,-0.0396825396825,0.00793650793651,1502,11,239,13998,0.862722573234,0.999214790492,0.000785209508173,0.137277426766,0.99272967614,0.862722573234,0.923171481254,0.917170238654,0.861937363726,0.857305936073,352,580,0,3,2,3
277,WLNM_dir_neg_kfold,0.687152199762,0.342832569239,00:00:13,10,66.6666666667,11,14356,threshold_sweep,0.7,0.968660968661,0.586206896552,0.730397422127,340,11,240,1149,0.586206896552,0.990517241379,0.00948275862069,0.413793103448,0.968660968661,0.586206896552,0.730397422127,0.855747126437,0.599425287356,0.639885222382,0.677495537299,0.576724137931,1779,1199,580,0,1779,0,1199,0,580,126,1741,0.11053968254,3.35021095487,27.6349206349,14.6302521008,14.7542372881,19.3405700742,0.69985980165,0.389650173682,15.6125082129,1.12991156509,0.578854517108,9.15239928644,0.662379270587,0.377355652198,1.19779027155,0.357526820756,4.34256606628,3.35021095487,1.19779027155,4.34256606628,0.507119835952,0.563909424838,12128,0.0372596006144,0.110016681489,126,126,126,1,0,0.0555555555556,0.880952380952,0.0634920634921,126,0.0737142857143,3.15358171457,18.4285714286,10.0956521739,9.92307692308,12.9073179686,0.700397099072,0.389442598745,10.6000808622,1.15039637264,0.586255690907,6.15741132991,0.668246190843,0.379879140861,1.22131462922,0.38727857394,4.19032247383,3.15358171457,1.22131462922,4.19032247383,0.351966745911,0.391111569396,3793,0.0116528417819,0.0707288765448,126,126,126,1,0,0.0873015873016,0.84126984127,0.0714285714286,126,1512,0.096,3.36942927111,24,13.147826087,12.9230769231,16.6349030655,0.693120961064,0.389140841522,12.9398608957,1.07832174131,0.563019652305,8.66163956766,0.721803297305,0.409360040312,1.28622991861,0.381735248056,4.28644324062,3.36942927111,1.28622991861,4.28644324062,0.424385263057,0.500576911399,8243,0.0253241167435,0.103147389815,126,126,126,1,0,0.0873015873016,0.84126984127,0.0714285714286,-229,-0.0145396825397,0.0192183162416,-3.63492063492,-1.48242601388,-1.83116036506,-2.70566700862,-0.00673884058554,-0.000509332160545,-2.67264731722,-0.0515898237853,-0.015834864803,-0.490759718782,0.0594240267181,0.0320043881147,0.0884396470583,0.0242084273,-0.0561228256565,0.0192183162416,0.0884396470583,-0.0561228256565,-0.0827345728949,-0.0633325134399,-3885,-0.011935483871,-0.00686929167314,0.031746031746,-0.0396825396825,0.00793650793651,1501,11,240,13998,0.862148190695,0.999214790492,0.000785209508173,0.137851809305,0.992724867725,0.862148190695,0.922840454965,0.916829896276,0.861362981187,0.856735159817,351,580,0,3,2,3
278,WLNM_dir_neg_kfold,0.687152199762,0.342832569239,00:00:13,10,66.6666666667,11,14356,threshold_sweep,0.8,0.968660968661,0.586206896552,0.730397422127,340,11,240,1149,0.586206896552,0.990517241379,0.00948275862069,0.413793103448,0.968660968661,0.586206896552,0.730397422127,0.855747126437,0.599425287356,0.639885222382,0.677495537299,0.576724137931,1779,1199,580,0,1779,0,1199,0,580,126,1741,0.11053968254,3.35021095487,27.6349206349,14.6302521008,14.7542372881,19.3405700742,0.69985980165,0.389650173682,15.6125082129,1.12991156509,0.578854517108,9.15239928644,0.662379270587,0.377355652198,1.19779027155,0.357526820756,4.34256606628,3.35021095487,1.19779027155,4.34256606628,0.507119835952,0.563909424838,12128,0.0372596006144,0.110016681489,126,126,126,1,0,0.0555555555556,0.880952380952,0.0634920634921,126,0.0737142857143,3.15358171457,18.4285714286,10.0956521739,9.92307692308,12.9073179686,0.700397099072,0.389442598745,10.6000808622,1.15039637264,0.586255690907,6.15741132991,0.668246190843,0.379879140861,1.22131462922,0.38727857394,4.19032247383,3.15358171457,1.22131462922,4.19032247383,0.351966745911,0.391111569396,3793,0.0116528417819,0.0707288765448,126,126,126,1,0,0.0873015873016,0.84126984127,0.0714285714286,126,1512,0.096,3.36942927111,24,13.147826087,12.9230769231,16.6349030655,0.693120961064,0.389140841522,12.9398608957,1.07832174131,0.563019652305,8.66163956766,0.721803297305,0.409360040312,1.28622991861,0.381735248056,4.28644324062,3.36942927111,1.28622991861,4.28644324062,0.424385263057,0.500576911399,8243,0.0253241167435,0.103147389815,126,126,126,1,0,0.0873015873016,0.84126984127,0.0714285714286,-229,-0.0145396825397,0.0192183162416,-3.63492063492,-1.48242601388,-1.83116036506,-2.70566700862,-0.00673884058554,-0.000509332160545,-2.67264731722,-0.0515898237853,-0.015834864803,-0.490759718782,0.0594240267181,0.0320043881147,0.0884396470583,0.0242084273,-0.0561228256565,0.0192183162416,0.0884396470583,-0.0561228256565,-0.0827345728949,-0.0633325134399,-3885,-0.011935483871,-0.00686929167314,0.031746031746,-0.0396825396825,0.00793650793651,1501,11,240,13998,0.862148190695,0.999214790492,0.000785209508173,0.137851809305,0.992724867725,0.862148190695,0.922840454965,0.916829896276,0.861362981187,0.856735159817,351,580,0,3,2,3
279,WLNM_dir_neg_kfold,0.687152199762,0.342832569239,00:00:13,10,66.6666666667,11,14356,threshold_sweep,0.9,0.968571428571,0.584482758621,0.729032258065,339,11,241,1149,0.584482758621,0.990517241379,0.00948275862069,0.415517241379,0.968571428571,0.584482758621,0.729032258065,0.855172413793,0.599616858238,0.638277511962,0.676191043141,0.575,1779,1199,580,0,1779,0,1199,0,580,126,1741,0.11053968254,3.35021095487,27.6349206349,14.6302521008,14.7542372881,19.3405700742,0.69985980165,0.389650173682,15.6125082129,1.12991156509,0.578854517108,9.15239928644,0.662379270587,0.377355652198,1.19779027155,0.357526820756,4.34256606628,3.35021095487,1.19779027155,4.34256606628,0.507119835952,0.563909424838,12128,0.0372596006144,0.110016681489,126,126,126,1,0,0.0555555555556,0.880952380952,0.0634920634921,126,0.0737142857143,3.15358171457,18.4285714286,10.0956521739,9.92307692308,12.9073179686,0.700397099072,0.389442598745,10.6000808622,1.15039637264,0.586255690907,6.15741132991,0.668246190843,0.379879140861,1.22131462922,0.38727857394,4.19032247383,3.15358171457,1.22131462922,4.19032247383,0.351966745911,0.391111569396,3793,0.0116528417819,0.0707288765448,126,126,126,1,0,0.0873015873016,0.84126984127,0.0714285714286,126,1511,0.0959365079365,3.37422908396,23.9841269841,13.1391304348,12.9145299145,16.6339335706,0.693539255426,0.389309087853,12.9451124564,1.07947330874,0.563649638104,8.64730804979,0.721085912822,0.409058439171,1.29031410832,0.3824026396,4.30609398579,3.37422908396,1.29031410832,4.30609398579,0.42505628948,0.501013130167,8242,0.0253210445469,0.102790984691,126,126,126,1,0,0.0873015873016,0.84126984127,0.0714285714286,-230,-0.0146031746032,0.0240181290984,-3.65079365079,-1.49112166606,-1.83970737361,-2.70663650355,-0.00632054622364,-0.000341085829241,-2.66739575655,-0.0504382563561,-0.0152048790048,-0.505091236651,0.0587066422349,0.0317027869733,0.0925238367685,0.0248758188442,-0.0364720804835,0.0240181290984,0.0925238367685,-0.0364720804835,-0.0820635464715,-0.0628962946715,-3886,-0.0119385560676,-0.00722569679744,0.031746031746,-0.0396825396825,0.00793650793651,1500,11,241,13998,0.861573808156,0.999214790492,0.000785209508173,0.138426191844,0.992720052945,0.861573808156,0.922509225092,0.916489475369,0.860788598648,0.856164383562,350,580,0,3,2,3
280,WLNM_dir_neg_kfold,0.884236028537,0.419238576954,00:00:15,10,66.6666666667,12,14357,threshold_sweep,0.1,0.915119363395,0.594827586207,0.721003134796,345,32,235,1128,0.594827586207,0.972413793103,0.0275862068966,0.405172413793,0.915119363395,0.594827586207,0.721003134796,0.846551724138,0.594444444444,0.621634388285,0.649071130242,0.56724137931,1779,1199,580,0,1779,0,1199,0,580,126,1741,0.11053968254,3.35021095487,27.6349206349,14.6302521008,14.7542372881,19.3405700742,0.69985980165,0.389650173682,15.6125082129,1.12991156509,0.578854517108,9.15239928644,0.662379270587,0.377355652198,1.19779027155,0.357526820756,4.34256606628,3.35021095487,1.19779027155,4.34256606628,0.507119835952,0.563909424838,12128,0.0372596006144,0.110016681489,126,126,126,1,0,0.0555555555556,0.880952380952,0.0634920634921,126,0.0737142857143,3.15358171457,18.4285714286,10.0956521739,9.92307692308,12.9073179686,0.700397099072,0.389442598745,10.6000808622,1.15039637264,0.586255690907,6.15741132991,0.668246190843,0.379879140861,1.22131462922,0.38727857394,4.19032247383,3.15358171457,1.22131462922,4.19032247383,0.351966745911,0.391111569396,3793,0.0116528417819,0.0707288765448,126,126,126,1,0,0.0873015873016,0.84126984127,0.0714285714286,126,1538,0.0976507936508,NaN,24.4126984127,12.2063492063,13.1452991453,16.4459209976,0.673662563622,0.379651990835,12.7657776639,1.04583093996,0.542355563812,8.83295416976,0.723636037315,0.41055173695,NaN,NaN,NaN,NaN,NaN,NaN,0.437309578894,0.495631927723,8302,0.0255053763441,0.0996656458768,126,126,0,1,2,0,0.928571428571,0.0714285714286,-203,-0.0128888888889,NaN,-3.22222222222,-2.42390289449,-1.60893814284,-2.89464907653,-0.0261972380277,-0.00999818284699,-2.84673054898,-0.0840806251349,-0.0364989532964,-0.319445116679,0.0612567667279,0.033196084752,NaN,NaN,NaN,NaN,NaN,NaN,-0.0698102570577,-0.0682774971156,-3826,-0.0117542242704,-0.0103510356118,-0.0555555555556,0.047619047619,0.00793650793651,1506,32,235,13977,0.865020103389,0.997715754158,0.00228424584196,0.134979896611,0.979193758127,0.865020103389,0.91857273559,0.911328673526,0.862735857547,0.849407783418,377,580,0,3,2,3
281,WLNM_dir_neg_kfold,0.884236028537,0.419238576954,00:00:15,10,66.6666666667,12,14357,threshold_sweep,0.2,0.937158469945,0.591379310345,0.725158562368,343,23,237,1137,0.591379310345,0.980172413793,0.0198275862069,0.408620689655,0.937158469945,0.591379310345,0.725158562368,0.850574712644,0.596551724138,0.62962962963,0.66109614015,0.571551724138,1779,1199,580,0,1779,0,1199,0,580,126,1741,0.11053968254,3.35021095487,27.6349206349,14.6302521008,14.7542372881,19.3405700742,0.69985980165,0.389650173682,15.6125082129,1.12991156509,0.578854517108,9.15239928644,0.662379270587,0.377355652198,1.19779027155,0.357526820756,4.34256606628,3.35021095487,1.19779027155,4.34256606628,0.507119835952,0.563909424838,12128,0.0372596006144,0.110016681489,126,126,126,1,0,0.0555555555556,0.880952380952,0.0634920634921,126,0.0737142857143,3.15358171457,18.4285714286,10.0956521739,9.92307692308,12.9073179686,0.700397099072,0.389442598745,10.6000808622,1.15039637264,0.586255690907,6.15741132991,0.668246190843,0.379879140861,1.22131462922,0.38727857394,4.19032247383,3.15358171457,1.22131462922,4.19032247383,0.351966745911,0.391111569396,3793,0.0116528417819,0.0707288765448,126,126,126,1,0,0.0873015873016,0.84126984127,0.0714285714286,126,1527,0.0969523809524,8.04810945285,24.2380952381,12.314516129,13.0512820513,16.4863233361,0.680182298739,0.382771488862,12.8259781025,1.05833218135,0.549105518654,8.74675450014,0.721736127713,0.409200528061,1.56975517799,0.19504645,8.75841171373,8.04810945285,1.56975517799,8.75841171373,0.431046921524,0.497161427511,8261,0.0253794162826,0.0994621380367,126,126,126,1,0,0.015873015873,0.912698412698,0.0714285714286,-214,-0.0135873015873,4.69789849799,-3.39682539683,-2.31573597181,-1.70295523685,-2.85424673805,-0.0196775029104,-0.00687868482048,-2.78653011042,-0.0715793837479,-0.0297489984547,-0.405644786299,0.0593568571263,0.0318448758633,0.371964906437,-0.162480370756,4.41584564746,4.69789849799,0.371964906437,4.41584564746,-0.0760729144281,-0.0667479973273,-3867,-0.0118801843318,-0.0105545434519,-0.0396825396825,0.031746031746,0.00793650793651,1504,23,237,13986,0.863871338311,0.998358198301,0.00164180169891,0.136128661689,0.984937786509,0.863871338311,0.920440636475,0.913714939184,0.862229536612,0.852607709751,366,580,0,3,2,3
282,WLNM_dir_neg_kfold,0.884236028537,0.419238576954,00:00:15,10,66.6666666667,12,14357,threshold_sweep,0.3,0.950138504155,0.591379310345,0.729011689692,343,18,237,1142,0.591379310345,0.984482758621,0.0155172413793,0.408620689655,0.950138504155,0.591379310345,0.729011689692,0.853448275862,0.597509578544,0.635887672537,0.669461691666,0.575862068966,1779,1199,580,0,1779,0,1199,0,580,126,1741,0.11053968254,3.35021095487,27.6349206349,14.6302521008,14.7542372881,19.3405700742,0.69985980165,0.389650173682,15.6125082129,1.12991156509,0.578854517108,9.15239928644,0.662379270587,0.377355652198,1.19779027155,0.357526820756,4.34256606628,3.35021095487,1.19779027155,4.34256606628,0.507119835952,0.563909424838,12128,0.0372596006144,0.110016681489,126,126,126,1,0,0.0555555555556,0.880952380952,0.0634920634921,126,0.0737142857143,3.15358171457,18.4285714286,10.0956521739,9.92307692308,12.9073179686,0.700397099072,0.389442598745,10.6000808622,1.15039637264,0.586255690907,6.15741132991,0.668246190843,0.379879140861,1.22131462922,0.38727857394,4.19032247383,3.15358171457,1.22131462922,4.19032247383,0.351966745911,0.391111569396,3793,0.0116528417819,0.0707288765448,126,126,126,1,0,0.0873015873016,0.84126984127,0.0714285714286,126,1522,0.0966349206349,1,24.1587301587,12.2741935484,13.0085470085,16.4795207204,0.682135220359,0.383617003525,12.8452968356,1.06340827942,0.552155684876,8.72935569178,0.722666765548,0.409496693991,0,0,0,NaN,NaN,NaN,0.423792644403,0.496250151204,8205,0.0252073732719,0.0985420649802,126,126,0,1,2,0.015873015873,0.912698412698,0.0714285714286,-219,-0.0139047619048,-2.35021095487,-3.47619047619,-2.35605855245,-1.74569027959,-2.86104935375,-0.017724581291,-0.00603317015732,-2.76721137736,-0.0665032856712,-0.0266988322326,-0.423043594657,0.0602874949617,0.0321410417931,-1.19779027155,-0.357526820756,-4.34256606628,NaN,NaN,NaN,-0.0833271915489,-0.0676592736348,-3923,-0.0120522273425,-0.0114746165084,-0.0396825396825,0.031746031746,0.00793650793651,1504,18,237,13991,0.863871338311,0.998715111714,0.0012848882861,0.136128661689,0.988173455979,0.863871338311,0.921851057309,0.915432507634,0.862586450025,0.855031267766,361,580,0,3,2,3
283,WLNM_dir_neg_kfold,0.884236028537,0.419238576954,00:00:15,10,66.6666666667,12,14357,threshold_sweep,0.4,0.95,0.589655172414,0.727659574468,342,18,238,1142,0.589655172414,0.984482758621,0.0155172413793,0.410344827586,0.95,0.589655172414,0.727659574468,0.852873563218,0.597701149425,0.634285714286,0.668141484626,0.574137931034,1779,1199,580,0,1779,0,1199,0,580,126,1741,0.11053968254,3.35021095487,27.6349206349,14.6302521008,14.7542372881,19.3405700742,0.69985980165,0.389650173682,15.6125082129,1.12991156509,0.578854517108,9.15239928644,0.662379270587,0.377355652198,1.19779027155,0.357526820756,4.34256606628,3.35021095487,1.19779027155,4.34256606628,0.507119835952,0.563909424838,12128,0.0372596006144,0.110016681489,126,126,126,1,0,0.0555555555556,0.880952380952,0.0634920634921,126,0.0737142857143,3.15358171457,18.4285714286,10.0956521739,9.92307692308,12.9073179686,0.700397099072,0.389442598745,10.6000808622,1.15039637264,0.586255690907,6.15741132991,0.668246190843,0.379879140861,1.22131462922,0.38727857394,4.19032247383,3.15358171457,1.22131462922,4.19032247383,0.351966745911,0.391111569396,3793,0.0116528417819,0.0707288765448,126,126,126,1,0,0.0873015873016,0.84126984127,0.0714285714286,126,1521,0.0965714285714,1,24.1428571429,12.2661290323,13,16.4748119434,0.682388660379,0.383707460631,12.8493913141,1.06444661774,0.552471744779,8.71520838207,0.721969925142,0.409197165607,0,0,0,NaN,NaN,NaN,0.423452233948,0.495781697816,8188,0.0251551459293,0.0982672216533,126,126,0,1,2,0.015873015873,0.912698412698,0.0714285714286,-220,-0.0139682539683,-2.35021095487,-3.49206349206,-2.36412306858,-1.75423728814,-2.86575813073,-0.017471141271,-0.0059427130518,-2.76311689882,-0.0654649473573,-0.026382772329,-0.437190904372,0.059590654555,0.0318415134097,-1.19779027155,-0.357526820756,-4.34256606628,NaN,NaN,NaN,-0.0836676020037,-0.0681277270223,-3940,-0.0121044546851,-0.0117494598353,-0.0396825396825,0.031746031746,0.00793650793651,1503,18,238,13991,0.863296955773,0.998715111714,0.0012848882861,0.136703044227,0.988165680473,0.863296955773,0.921520539546,0.915091459529,0.862012067486,0.854462762933,360,580,0,3,2,3
284,WLNM_dir_neg_kfold,0.884236028537,0.419238576954,00:00:15,10,66.6666666667,12,14357,threshold_sweep,0.5,0.976878612717,0.58275862069,0.730021598272,338,8,242,1152,0.58275862069,0.993103448276,0.00689655172414,0.41724137931,0.976878612717,0.58275862069,0.730021598272,0.85632183908,0.600383141762,0.64046021093,0.680130151452,0.575862068966,1779,1199,580,0,1779,0,1199,0,580,126,1741,0.11053968254,3.35021095487,27.6349206349,14.6302521008,14.7542372881,19.3405700742,0.69985980165,0.389650173682,15.6125082129,1.12991156509,0.578854517108,9.15239928644,0.662379270587,0.377355652198,1.19779027155,0.357526820756,4.34256606628,3.35021095487,1.19779027155,4.34256606628,0.507119835952,0.563909424838,12128,0.0372596006144,0.110016681489,126,126,126,1,0,0.0555555555556,0.880952380952,0.0634920634921,126,0.0737142857143,3.15358171457,18.4285714286,10.0956521739,9.92307692308,12.9073179686,0.700397099072,0.389442598745,10.6000808622,1.15039637264,0.586255690907,6.15741132991,0.668246190843,0.379879140861,1.22131462922,0.38727857394,4.19032247383,3.15358171457,1.22131462922,4.19032247383,0.351966745911,0.391111569396,3793,0.0116528417819,0.0707288765448,126,126,126,1,0,0.0873015873016,0.84126984127,0.0714285714286,126,1507,0.0956825396825,3.1660691182,23.9206349206,13.1043478261,12.8803418803,16.5667634375,0.692572061421,0.388704563887,12.9444355883,1.08228194036,0.564671743504,8.6184924841,0.720590612472,0.408374674798,1.19535560056,0.377551959839,4.09196094317,3.1660691182,1.19535560056,4.09196094317,0.426268377273,0.499541536769,8172,0.0251059907834,0.103086372513,126,126,126,1,0,0.0873015873016,0.84126984127,0.0714285714286,-234,-0.0148571428571,-0.184141836669,-3.71428571429,-1.52590427475,-1.87389540779,-2.77380663668,-0.00728774022867,-0.000945609795294,-2.66807262467,-0.0476296247352,-0.0141827736045,-0.533906802344,0.0582113418859,0.0310190226003,-0.00243467099187,0.0200251390836,-0.250605123105,-0.184141836669,-0.00243467099187,-0.250605123105,-0.0808514586792,-0.0643678880697,-3956,-0.012153609831,-0.00693030897546,0.031746031746,-0.0396825396825,0.00793650793651,1499,8,242,14001,0.860999425617,0.99942893854,0.00057106146049,0.139000574383,0.994691439947,0.860999425617,0.92302955665,0.917192106439,0.860428364157,0.857061177816,346,580,0,3,2,3
285,WLNM_dir_neg_kfold,0.884236028537,0.419238576954,00:00:15,10,66.6666666667,12,14357,threshold_sweep,0.6,0.976878612717,0.58275862069,0.730021598272,338,8,242,1152,0.58275862069,0.993103448276,0.00689655172414,0.41724137931,0.976878612717,0.58275862069,0.730021598272,0.85632183908,0.600383141762,0.64046021093,0.680130151452,0.575862068966,1779,1199,580,0,1779,0,1199,0,580,126,1741,0.11053968254,3.35021095487,27.6349206349,14.6302521008,14.7542372881,19.3405700742,0.69985980165,0.389650173682,15.6125082129,1.12991156509,0.578854517108,9.15239928644,0.662379270587,0.377355652198,1.19779027155,0.357526820756,4.34256606628,3.35021095487,1.19779027155,4.34256606628,0.507119835952,0.563909424838,12128,0.0372596006144,0.110016681489,126,126,126,1,0,0.0555555555556,0.880952380952,0.0634920634921,126,0.0737142857143,3.15358171457,18.4285714286,10.0956521739,9.92307692308,12.9073179686,0.700397099072,0.389442598745,10.6000808622,1.15039637264,0.586255690907,6.15741132991,0.668246190843,0.379879140861,1.22131462922,0.38727857394,4.19032247383,3.15358171457,1.22131462922,4.19032247383,0.351966745911,0.391111569396,3793,0.0116528417819,0.0707288765448,126,126,126,1,0,0.0873015873016,0.84126984127,0.0714285714286,126,1507,0.0956825396825,3.1660691182,23.9206349206,13.1043478261,12.8803418803,16.5667634375,0.692572061421,0.388704563887,12.9444355883,1.08228194036,0.564671743504,8.6184924841,0.720590612472,0.408374674798,1.19535560056,0.377551959839,4.09196094317,3.1660691182,1.19535560056,4.09196094317,0.426268377273,0.499541536769,8172,0.0251059907834,0.103086372513,126,126,126,1,0,0.0873015873016,0.84126984127,0.0714285714286,-234,-0.0148571428571,-0.184141836669,-3.71428571429,-1.52590427475,-1.87389540779,-2.77380663668,-0.00728774022867,-0.000945609795294,-2.66807262467,-0.0476296247352,-0.0141827736045,-0.533906802344,0.0582113418859,0.0310190226003,-0.00243467099187,0.0200251390836,-0.250605123105,-0.184141836669,-0.00243467099187,-0.250605123105,-0.0808514586792,-0.0643678880697,-3956,-0.012153609831,-0.00693030897546,0.031746031746,-0.0396825396825,0.00793650793651,1499,8,242,14001,0.860999425617,0.99942893854,0.00057106146049,0.139000574383,0.994691439947,0.860999425617,0.92302955665,0.917192106439,0.860428364157,0.857061177816,346,580,0,3,2,3
286,WLNM_dir_neg_kfold,0.884236028537,0.419238576954,00:00:15,10,66.6666666667,12,14357,threshold_sweep,0.7,0.976878612717,0.58275862069,0.730021598272,338,8,242,1152,0.58275862069,0.993103448276,0.00689655172414,0.41724137931,0.976878612717,0.58275862069,0.730021598272,0.85632183908,0.600383141762,0.64046021093,0.680130151452,0.575862068966,1779,1199,580,0,1779,0,1199,0,580,126,1741,0.11053968254,3.35021095487,27.6349206349,14.6302521008,14.7542372881,19.3405700742,0.69985980165,0.389650173682,15.6125082129,1.12991156509,0.578854517108,9.15239928644,0.662379270587,0.377355652198,1.19779027155,0.357526820756,4.34256606628,3.35021095487,1.19779027155,4.34256606628,0.507119835952,0.563909424838,12128,0.0372596006144,0.110016681489,126,126,126,1,0,0.0555555555556,0.880952380952,0.0634920634921,126,0.0737142857143,3.15358171457,18.4285714286,10.0956521739,9.92307692308,12.9073179686,0.700397099072,0.389442598745,10.6000808622,1.15039637264,0.586255690907,6.15741132991,0.668246190843,0.379879140861,1.22131462922,0.38727857394,4.19032247383,3.15358171457,1.22131462922,4.19032247383,0.351966745911,0.391111569396,3793,0.0116528417819,0.0707288765448,126,126,126,1,0,0.0873015873016,0.84126984127,0.0714285714286,126,1507,0.0956825396825,3.1660691182,23.9206349206,13.1043478261,12.8803418803,16.5667634375,0.692572061421,0.388704563887,12.9444355883,1.08228194036,0.564671743504,8.6184924841,0.720590612472,0.408374674798,1.19535560056,0.377551959839,4.09196094317,3.1660691182,1.19535560056,4.09196094317,0.426268377273,0.499541536769,8172,0.0251059907834,0.103086372513,126,126,126,1,0,0.0873015873016,0.84126984127,0.0714285714286,-234,-0.0148571428571,-0.184141836669,-3.71428571429,-1.52590427475,-1.87389540779,-2.77380663668,-0.00728774022867,-0.000945609795294,-2.66807262467,-0.0476296247352,-0.0141827736045,-0.533906802344,0.0582113418859,0.0310190226003,-0.00243467099187,0.0200251390836,-0.250605123105,-0.184141836669,-0.00243467099187,-0.250605123105,-0.0808514586792,-0.0643678880697,-3956,-0.012153609831,-0.00693030897546,0.031746031746,-0.0396825396825,0.00793650793651,1499,8,242,14001,0.860999425617,0.99942893854,0.00057106146049,0.139000574383,0.994691439947,0.860999425617,0.92302955665,0.917192106439,0.860428364157,0.857061177816,346,580,0,3,2,3
287,WLNM_dir_neg_kfold,0.884236028537,0.419238576954,00:00:15,10,66.6666666667,12,14357,threshold_sweep,0.8,0.976744186047,0.579310344828,0.727272727273,336,8,244,1152,0.579310344828,0.993103448276,0.00689655172414,0.420689655172,0.976744186047,0.579310344828,0.727272727273,0.855172413793,0.600766283525,0.637236084453,0.677534089322,0.572413793103,1779,1199,580,0,1779,0,1199,0,580,126,1741,0.11053968254,3.35021095487,27.6349206349,14.6302521008,14.7542372881,19.3405700742,0.69985980165,0.389650173682,15.6125082129,1.12991156509,0.578854517108,9.15239928644,0.662379270587,0.377355652198,1.19779027155,0.357526820756,4.34256606628,3.35021095487,1.19779027155,4.34256606628,0.507119835952,0.563909424838,12128,0.0372596006144,0.110016681489,126,126,126,1,0,0.0555555555556,0.880952380952,0.0634920634921,126,0.0737142857143,3.15358171457,18.4285714286,10.0956521739,9.92307692308,12.9073179686,0.700397099072,0.389442598745,10.6000808622,1.15039637264,0.586255690907,6.15741132991,0.668246190843,0.379879140861,1.22131462922,0.38727857394,4.19032247383,3.15358171457,1.22131462922,4.19032247383,0.351966745911,0.391111569396,3793,0.0116528417819,0.0707288765448,126,126,126,1,0,0.0873015873016,0.84126984127,0.0714285714286,126,1505,0.0955555555556,3.16283190615,23.8888888889,13.0869565217,12.8632478632,16.5704422257,0.693646418751,0.389289669356,12.951173263,1.08428427318,0.565232294468,8.60539882219,0.720451994416,0.408411116385,1.19363019142,0.377392864003,4.08940525811,3.16283190615,1.19363019142,4.08940525811,0.426200744799,0.500153083094,8168,0.0250937019969,0.102772758119,126,126,126,1,0,0.0873015873016,0.84126984127,0.0714285714286,-236,-0.0149841269841,-0.187379048717,-3.74603174603,-1.5432955791,-1.89098942489,-2.77012784846,-0.00621338289922,-0.000360504326225,-2.66133494989,-0.0456272919099,-0.0136222226402,-0.547000464253,0.058072723829,0.0310554641868,-0.00416008013366,0.019866043247,-0.253160808165,-0.187379048717,-0.00416008013366,-0.253160808165,-0.0809190911524,-0.0637563417449,-3960,-0.0121658986175,-0.00724392336974,0.031746031746,-0.0396825396825,0.00793650793651,1497,8,244,14001,0.85985066054,0.99942893854,0.00057106146049,0.14014933946,0.994684385382,0.85985066054,0.922365988909,0.916511623912,0.859279599079,0.855917667238,344,580,0,3,2,3
288,WLNM_dir_neg_kfold,0.884236028537,0.419238576954,00:00:15,10,66.6666666667,12,14357,threshold_sweep,0.9,0.979472140762,0.575862068966,0.725298588491,334,7,246,1153,0.575862068966,0.993965517241,0.00603448275862,0.424137931034,0.979472140762,0.575862068966,0.725298588491,0.854597701149,0.601340996169,0.635271504085,0.676706604178,0.569827586207,1779,1199,580,0,1779,0,1199,0,580,126,1741,0.11053968254,3.35021095487,27.6349206349,14.6302521008,14.7542372881,19.3405700742,0.69985980165,0.389650173682,15.6125082129,1.12991156509,0.578854517108,9.15239928644,0.662379270587,0.377355652198,1.19779027155,0.357526820756,4.34256606628,3.35021095487,1.19779027155,4.34256606628,0.507119835952,0.563909424838,12128,0.0372596006144,0.110016681489,126,126,126,1,0,0.0555555555556,0.880952380952,0.0634920634921,126,0.0737142857143,3.15358171457,18.4285714286,10.0956521739,9.92307692308,12.9073179686,0.700397099072,0.389442598745,10.6000808622,1.15039637264,0.586255690907,6.15741132991,0.668246190843,0.379879140861,1.22131462922,0.38727857394,4.19032247383,3.15358171457,1.22131462922,4.19032247383,0.351966745911,0.391111569396,3793,0.0116528417819,0.0707288765448,126,126,126,1,0,0.0873015873016,0.84126984127,0.0714285714286,126,1502,0.0953650793651,3.16201079815,23.8412698413,13.0608695652,12.8376068376,16.5183111478,0.692845274507,0.388841333249,12.9216736839,1.08397528906,0.565077251495,8.58706298997,0.72035282073,0.408407837169,1.19257345735,0.377156668172,4.0851642669,3.16201079815,1.19257345735,4.0851642669,0.426043561125,0.500102396068,8140,0.0250076804916,0.102686075462,126,126,126,1,0,0.0873015873016,0.84126984127,0.0714285714286,-239,-0.0151746031746,-0.188200156717,-3.79365079365,-1.56938253562,-1.91663045053,-2.82225892639,-0.00701452714275,-0.000808840433549,-2.690834529,-0.0459362760297,-0.013777265613,-0.565336296473,0.0579735501429,0.0310521849718,-0.00521681419952,0.0196298474166,-0.257401799374,-0.188200156717,-0.00521681419952,-0.257401799374,-0.0810762748267,-0.0638070287704,-3988,-0.0122519201229,-0.00733060602613,0.031746031746,-0.0396825396825,0.00793650793651,1495,7,246,14002,0.858701895462,0.999500321222,0.000499678777928,0.141298104538,0.99533954727,0.858701895462,0.921985815603,0.916179701707,0.858202216684,0.855263157895,341,580,0,3,2,3
289,WLNM_dir_neg_kfold,0.782718489893,0.404998043733,00:00:15,10,66.6666666667,13,14358,threshold_sweep,0.1,0.932249322493,0.593103448276,0.724973656481,344,25,236,1135,0.593103448276,0.978448275862,0.0215517241379,0.406896551724,0.932249322493,0.593103448276,0.724973656481,0.85,0.595977011494,0.628733997155,0.659123233044,0.571551724138,1779,1199,580,0,1779,0,1199,0,580,126,1741,0.11053968254,3.35021095487,27.6349206349,14.6302521008,14.7542372881,19.3405700742,0.69985980165,0.389650173682,15.6125082129,1.12991156509,0.578854517108,9.15239928644,0.662379270587,0.377355652198,1.19779027155,0.357526820756,4.34256606628,3.35021095487,1.19779027155,4.34256606628,0.507119835952,0.563909424838,12128,0.0372596006144,0.110016681489,126,126,126,1,0,0.0555555555556,0.880952380952,0.0634920634921,126,0.0737142857143,3.15358171457,18.4285714286,10.0956521739,9.92307692308,12.9073179686,0.700397099072,0.389442598745,10.6000808622,1.15039637264,0.586255690907,6.15741132991,0.668246190843,0.379879140861,1.22131462922,0.38727857394,4.19032247383,3.15358171457,1.22131462922,4.19032247383,0.351966745911,0.391111569396,3793,0.0116528417819,0.0707288765448,126,126,126,1,0,0.0873015873016,0.84126984127,0.0714285714286,126,1530,0.0971428571429,1,24.2857142857,12.4390243902,13.0769230769,16.4739101092,0.678337475084,0.382337379396,12.7873151432,1.05307301179,0.548044402946,8.81608918804,0.726030874309,0.411183732752,0,0,0,NaN,NaN,NaN,0.440200045213,0.496588157605,8272,0.0254132104455,0.100009470927,126,126,0,1,2,0.0238095238095,0.904761904762,0.0714285714286,-211,-0.0133968253968,-2.35021095487,-3.34920634921,-2.1912277106,-1.67731421121,-2.86665996497,-0.0215223265655,-0.00731279428614,-2.82519306972,-0.0768385533007,-0.030810114162,-0.336310098402,0.0636516037223,0.0338280805547,-1.19779027155,-0.357526820756,-4.34256606628,NaN,NaN,NaN,-0.0669197907383,-0.0673212672333,-3856,-0.011846390169,-0.0100072105613,-0.031746031746,0.0238095238095,0.00793650793651,1505,25,236,13984,0.86444572085,0.998215432936,0.00178456706403,0.13555427915,0.983660130719,0.86444572085,0.920207887496,0.913371973921,0.862661153786,0.852208380521,369,580,0,3,2,3
290,WLNM_dir_neg_kfold,0.782718489893,0.404998043733,00:00:15,10,66.6666666667,13,14358,threshold_sweep,0.2,0.939726027397,0.591379310345,0.725925925926,343,22,237,1138,0.591379310345,0.981034482759,0.0189655172414,0.408620689655,0.939726027397,0.591379310345,0.725925925926,0.851149425287,0.596743295019,0.630878859857,0.662758490656,0.572413793103,1779,1199,580,0,1779,0,1199,0,580,126,1741,0.11053968254,3.35021095487,27.6349206349,14.6302521008,14.7542372881,19.3405700742,0.69985980165,0.389650173682,15.6125082129,1.12991156509,0.578854517108,9.15239928644,0.662379270587,0.377355652198,1.19779027155,0.357526820756,4.34256606628,3.35021095487,1.19779027155,4.34256606628,0.507119835952,0.563909424838,12128,0.0372596006144,0.110016681489,126,126,126,1,0,0.0555555555556,0.880952380952,0.0634920634921,126,0.0737142857143,3.15358171457,18.4285714286,10.0956521739,9.92307692308,12.9073179686,0.700397099072,0.389442598745,10.6000808622,1.15039637264,0.586255690907,6.15741132991,0.668246190843,0.379879140861,1.22131462922,0.38727857394,4.19032247383,3.15358171457,1.22131462922,4.19032247383,0.351966745911,0.391111569396,3793,0.0116528417819,0.0707288765448,126,126,126,1,0,0.0873015873016,0.84126984127,0.0714285714286,126,1526,0.0968888888889,1,24.2222222222,12.406504065,13.0427350427,16.4676113089,0.679855512754,0.383152343506,12.8063872952,1.05740812529,0.549928228172,8.77288752667,0.72436686,0.410784497285,0,0,0,NaN,NaN,NaN,0.44061754706,0.497741916059,8266,0.0253947772657,0.0997461211279,126,126,0,1,2,0.0238095238095,0.904761904762,0.0714285714286,-215,-0.0136507936508,-2.35021095487,-3.4126984127,-2.2237480358,-1.7115022454,-2.87295876523,-0.0200042888955,-0.00649783017613,-2.80612091768,-0.0725034397988,-0.0289262889364,-0.379511759772,0.0619875894134,0.0334288450875,-1.19779027155,-0.357526820756,-4.34256606628,NaN,NaN,NaN,-0.0665022888914,-0.0661675087789,-3862,-0.0118648233487,-0.0102705603607,-0.031746031746,0.0238095238095,0.00793650793651,1504,22,237,13987,0.863871338311,0.998429580984,0.00157041901635,0.136128661689,0.985583224115,0.863871338311,0.920722375268,0.914057809845,0.862300919295,0.853091321611,365,580,0,3,2,3
291,WLNM_dir_neg_kfold,0.782718489893,0.404998043733,00:00:15,10,66.6666666667,13,14358,threshold_sweep,0.3,0.955431754875,0.591379310345,0.730564430245,343,16,237,1144,0.591379310345,0.986206896552,0.0137931034483,0.408620689655,0.955431754875,0.591379310345,0.730564430245,0.854597701149,0.597892720307,0.638399237732,0.672846102831,0.577586206897,1779,1199,580,0,1779,0,1199,0,580,126,1741,0.11053968254,3.35021095487,27.6349206349,14.6302521008,14.7542372881,19.3405700742,0.69985980165,0.389650173682,15.6125082129,1.12991156509,0.578854517108,9.15239928644,0.662379270587,0.377355652198,1.19779027155,0.357526820756,4.34256606628,3.35021095487,1.19779027155,4.34256606628,0.507119835952,0.563909424838,12128,0.0372596006144,0.110016681489,126,126,126,1,0,0.0555555555556,0.880952380952,0.0634920634921,126,0.0737142857143,3.15358171457,18.4285714286,10.0956521739,9.92307692308,12.9073179686,0.700397099072,0.389442598745,10.6000808622,1.15039637264,0.586255690907,6.15741132991,0.668246190843,0.379879140861,1.22131462922,0.38727857394,4.19032247383,3.15358171457,1.22131462922,4.19032247383,0.351966745911,0.391111569396,3793,0.0116528417819,0.0707288765448,126,126,126,1,0,0.0873015873016,0.84126984127,0.0714285714286,126,1520,0.0965079365079,4.0500367086,24.126984127,12.6666666667,12.9914529915,16.4851371251,0.683265551894,0.38464390142,12.8447629993,1.06476324863,0.554667919799,8.73773062688,0.724311880913,0.410651629073,1.38886508428,0.342926542203,5.08061843563,4.0500367086,1.38886508428,5.08061843563,0.420763836735,0.49706505295,8214,0.0252350230415,0.101899419166,126,126,126,1,0,0.047619047619,0.880952380952,0.0714285714286,-221,-0.0140317460317,0.699825753736,-3.50793650794,-1.96358543417,-1.76278429668,-2.85543294911,-0.0165942497562,-0.00500627226212,-2.76774521363,-0.065148316468,-0.0241865973089,-0.414668659558,0.0619326103259,0.033295976875,0.191074812723,-0.0146002785525,0.738052369354,0.699825753736,0.191074812723,0.738052369354,-0.0863559992169,-0.0668443718883,-3914,-0.012024577573,-0.00811726232215,-0.00793650793651,0,0.00793650793651,1504,16,237,13993,0.863871338311,0.998857877079,0.00114212292098,0.136128661689,0.989473684211,0.863871338311,0.922416436676,0.91612179297,0.86272921539,0.856004553216,359,580,0,3,2,3
292,WLNM_dir_neg_kfold,0.782718489893,0.404998043733,00:00:15,10,66.6666666667,13,14358,threshold_sweep,0.4,0.976878612717,0.58275862069,0.730021598272,338,8,242,1152,0.58275862069,0.993103448276,0.00689655172414,0.41724137931,0.976878612717,0.58275862069,0.730021598272,0.85632183908,0.600383141762,0.64046021093,0.680130151452,0.575862068966,1779,1199,580,0,1779,0,1199,0,580,126,1741,0.11053968254,3.35021095487,27.6349206349,14.6302521008,14.7542372881,19.3405700742,0.69985980165,0.389650173682,15.6125082129,1.12991156509,0.578854517108,9.15239928644,0.662379270587,0.377355652198,1.19779027155,0.357526820756,4.34256606628,3.35021095487,1.19779027155,4.34256606628,0.507119835952,0.563909424838,12128,0.0372596006144,0.110016681489,126,126,126,1,0,0.0555555555556,0.880952380952,0.0634920634921,126,0.0737142857143,3.15358171457,18.4285714286,10.0956521739,9.92307692308,12.9073179686,0.700397099072,0.389442598745,10.6000808622,1.15039637264,0.586255690907,6.15741132991,0.668246190843,0.379879140861,1.22131462922,0.38727857394,4.19032247383,3.15358171457,1.22131462922,4.19032247383,0.351966745911,0.391111569396,3793,0.0116528417819,0.0707288765448,126,126,126,1,0,0.0873015873016,0.84126984127,0.0714285714286,126,1507,0.0956825396825,3.18362103417,23.9206349206,13.1043478261,12.8803418803,16.5566195461,0.69214799695,0.388931020318,12.9277381122,1.08088586738,0.564661210647,8.64259293837,0.722605647137,0.409933537671,1.20894039604,0.379737532535,4.12738732251,3.18362103417,1.20894039604,4.12738732251,0.425901275871,0.500772986168,8206,0.0252104454685,0.103139598158,126,126,126,1,0,0.0873015873016,0.84126984127,0.0714285714286,-234,-0.0148571428571,-0.166589920698,-3.71428571429,-1.52590427475,-1.87389540779,-2.78395052808,-0.00771180470021,-0.000719153364457,-2.68477010069,-0.0490256977138,-0.0141933064618,-0.509806348066,0.06022637655,0.0325778854731,0.0111501244871,0.0222107117792,-0.21517874377,-0.166589920698,0.0111501244871,-0.21517874377,-0.0812185600804,-0.0631364386708,-3922,-0.0120491551459,-0.00687708333055,0.031746031746,-0.0396825396825,0.00793650793651,1499,8,242,14001,0.860999425617,0.99942893854,0.00057106146049,0.139000574383,0.994691439947,0.860999425617,0.92302955665,0.917192106439,0.860428364157,0.857061177816,346,580,0,3,2,3
293,WLNM_dir_neg_kfold,0.782718489893,0.404998043733,00:00:15,10,66.6666666667,13,14358,threshold_sweep,0.5,0.976811594203,0.581034482759,0.728648648649,337,8,243,1152,0.581034482759,0.993103448276,0.00689655172414,0.418965517241,0.976811594203,0.581034482759,0.728648648649,0.855747126437,0.600574712644,0.638848920863,0.678832427213,0.574137931034,1779,1199,580,0,1779,0,1199,0,580,126,1741,0.11053968254,3.35021095487,27.6349206349,14.6302521008,14.7542372881,19.3405700742,0.69985980165,0.389650173682,15.6125082129,1.12991156509,0.578854517108,9.15239928644,0.662379270587,0.377355652198,1.19779027155,0.357526820756,4.34256606628,3.35021095487,1.19779027155,4.34256606628,0.507119835952,0.563909424838,12128,0.0372596006144,0.110016681489,126,126,126,1,0,0.0555555555556,0.880952380952,0.0634920634921,126,0.0737142857143,3.15358171457,18.4285714286,10.0956521739,9.92307692308,12.9073179686,0.700397099072,0.389442598745,10.6000808622,1.15039637264,0.586255690907,6.15741132991,0.668246190843,0.379879140861,1.22131462922,0.38727857394,4.19032247383,3.15358171457,1.22131462922,4.19032247383,0.351966745911,0.391111569396,3793,0.0116528417819,0.0707288765448,126,126,126,1,0,0.0873015873016,0.84126984127,0.0714285714286,126,1506,0.095619047619,3.14207845565,23.9047619048,13.0956521739,12.8717948718,16.5492856989,0.692300796168,0.388983747549,12.9342071379,1.0821448203,0.565399776555,8.62448342138,0.721570326092,0.409546997196,1.18459995339,0.377011576925,4.06681983666,3.14207845565,1.18459995339,4.06681983666,0.425430400488,0.501160943419,8202,0.025198156682,0.102160211835,126,126,126,1,0,0.0873015873016,0.84126984127,0.0714285714286,-235,-0.0149206349206,-0.208132499215,-3.73015873016,-1.53459992693,-1.88244241634,-2.79128437529,-0.00755900548191,-0.000666426132855,-2.67830107503,-0.0477667447923,-0.0134547405532,-0.527915865056,0.0591910555052,0.0321913449987,-0.0131903181651,0.0194847561699,-0.275746229613,-0.208132499215,-0.0131903181651,-0.275746229613,-0.081689435464,-0.0627484814191,-3926,-0.0120614439324,-0.00785646965318,0.031746031746,-0.0396825396825,0.00793650793651,1498,8,243,14001,0.860425043079,0.99942893854,0.00057106146049,0.139574956921,0.994687915007,0.860425043079,0.922697874962,0.916851904413,0.859853981618,0.856489422527,345,580,0,3,2,3
294,WLNM_dir_neg_kfold,0.782718489893,0.404998043733,00:00:15,10,66.6666666667,13,14358,threshold_sweep,0.6,0.98250728863,0.581034482759,0.73022751896,337,6,243,1154,0.581034482759,0.994827586207,0.0051724137931,0.418965517241,0.98250728863,0.581034482759,0.73022751896,0.856896551724,0.600957854406,0.641382621219,0.682364149591,0.575862068966,1779,1199,580,0,1779,0,1199,0,580,126,1741,0.11053968254,3.35021095487,27.6349206349,14.6302521008,14.7542372881,19.3405700742,0.69985980165,0.389650173682,15.6125082129,1.12991156509,0.578854517108,9.15239928644,0.662379270587,0.377355652198,1.19779027155,0.357526820756,4.34256606628,3.35021095487,1.19779027155,4.34256606628,0.507119835952,0.563909424838,12128,0.0372596006144,0.110016681489,126,126,126,1,0,0.0555555555556,0.880952380952,0.0634920634921,126,0.0737142857143,3.15358171457,18.4285714286,10.0956521739,9.92307692308,12.9073179686,0.700397099072,0.389442598745,10.6000808622,1.15039637264,0.586255690907,6.15741132991,0.668246190843,0.379879140861,1.22131462922,0.38727857394,4.19032247383,3.15358171457,1.22131462922,4.19032247383,0.351966745911,0.391111569396,3793,0.0116528417819,0.0707288765448,126,126,126,1,0,0.0873015873016,0.84126984127,0.0714285714286,126,1504,0.0954920634921,3.14609538348,23.873015873,13.0782608696,12.8547008547,16.5292391244,0.692381692046,0.389015535292,12.9304267721,1.08326713649,0.565729483283,8.6280899687,0.722832005356,0.410197146234,1.18714695962,0.377339786279,4.06931873346,3.14609538348,1.18714695962,4.06931873346,0.426020459576,0.501021074988,8178,0.0251244239631,0.102286669707,126,126,126,1,0,0.0873015873016,0.84126984127,0.0714285714286,-237,-0.0150476190476,-0.204115571382,-3.7619047619,-1.55199123128,-1.89953643343,-2.81133094976,-0.00747810960362,-0.000634638390208,-2.68208144084,-0.0466444286032,-0.0131250338257,-0.524309317742,0.0604527347697,0.0328414940367,-0.0106433119355,0.0198129655238,-0.27324733282,-0.204115571382,-0.0106433119355,-0.27324733282,-0.0810993763755,-0.0628883498507,-3950,-0.0121351766513,-0.00773001178127,0.031746031746,-0.0396825396825,0.00793650793651,1498,6,243,14003,0.860425043079,0.999571703905,0.000428296095367,0.139574956921,0.996010638298,0.860425043079,0.923266563945,0.917549226748,0.859996746983,0.857469948483,343,580,0,3,2,3
295,WLNM_dir_neg_kfold,0.782718489893,0.404998043733,00:00:15,10,66.6666666667,13,14358,threshold_sweep,0.7,0.98250728863,0.581034482759,0.73022751896,337,6,243,1154,0.581034482759,0.994827586207,0.0051724137931,0.418965517241,0.98250728863,0.581034482759,0.73022751896,0.856896551724,0.600957854406,0.641382621219,0.682364149591,0.575862068966,1779,1199,580,0,1779,0,1199,0,580,126,1741,0.11053968254,3.35021095487,27.6349206349,14.6302521008,14.7542372881,19.3405700742,0.69985980165,0.389650173682,15.6125082129,1.12991156509,0.578854517108,9.15239928644,0.662379270587,0.377355652198,1.19779027155,0.357526820756,4.34256606628,3.35021095487,1.19779027155,4.34256606628,0.507119835952,0.563909424838,12128,0.0372596006144,0.110016681489,126,126,126,1,0,0.0555555555556,0.880952380952,0.0634920634921,126,0.0737142857143,3.15358171457,18.4285714286,10.0956521739,9.92307692308,12.9073179686,0.700397099072,0.389442598745,10.6000808622,1.15039637264,0.586255690907,6.15741132991,0.668246190843,0.379879140861,1.22131462922,0.38727857394,4.19032247383,3.15358171457,1.22131462922,4.19032247383,0.351966745911,0.391111569396,3793,0.0116528417819,0.0707288765448,126,126,126,1,0,0.0873015873016,0.84126984127,0.0714285714286,126,1504,0.0954920634921,3.14609538348,23.873015873,13.0782608696,12.8547008547,16.5292391244,0.692381692046,0.389015535292,12.9304267721,1.08326713649,0.565729483283,8.6280899687,0.722832005356,0.410197146234,1.18714695962,0.377339786279,4.06931873346,3.14609538348,1.18714695962,4.06931873346,0.426020459576,0.501021074988,8178,0.0251244239631,0.102286669707,126,126,126,1,0,0.0873015873016,0.84126984127,0.0714285714286,-237,-0.0150476190476,-0.204115571382,-3.7619047619,-1.55199123128,-1.89953643343,-2.81133094976,-0.00747810960362,-0.000634638390208,-2.68208144084,-0.0466444286032,-0.0131250338257,-0.524309317742,0.0604527347697,0.0328414940367,-0.0106433119355,0.0198129655238,-0.27324733282,-0.204115571382,-0.0106433119355,-0.27324733282,-0.0810993763755,-0.0628883498507,-3950,-0.0121351766513,-0.00773001178127,0.031746031746,-0.0396825396825,0.00793650793651,1498,6,243,14003,0.860425043079,0.999571703905,0.000428296095367,0.139574956921,0.996010638298,0.860425043079,0.923266563945,0.917549226748,0.859996746983,0.857469948483,343,580,0,3,2,3
296,WLNM_dir_neg_kfold,0.782718489893,0.404998043733,00:00:15,10,66.6666666667,13,14358,threshold_sweep,0.8,0.985380116959,0.581034482759,0.731019522777,337,5,243,1155,0.581034482759,0.995689655172,0.00431034482759,0.418965517241,0.985380116959,0.581034482759,0.731019522777,0.857471264368,0.601149425287,0.64265129683,0.684139209039,0.576724137931,1779,1199,580,0,1779,0,1199,0,580,126,1741,0.11053968254,3.35021095487,27.6349206349,14.6302521008,14.7542372881,19.3405700742,0.69985980165,0.389650173682,15.6125082129,1.12991156509,0.578854517108,9.15239928644,0.662379270587,0.377355652198,1.19779027155,0.357526820756,4.34256606628,3.35021095487,1.19779027155,4.34256606628,0.507119835952,0.563909424838,12128,0.0372596006144,0.110016681489,126,126,126,1,0,0.0555555555556,0.880952380952,0.0634920634921,126,0.0737142857143,3.15358171457,18.4285714286,10.0956521739,9.92307692308,12.9073179686,0.700397099072,0.389442598745,10.6000808622,1.15039637264,0.586255690907,6.15741132991,0.668246190843,0.379879140861,1.22131462922,0.38727857394,4.19032247383,3.15358171457,1.22131462922,4.19032247383,0.351966745911,0.391111569396,3793,0.0116528417819,0.0707288765448,126,126,126,1,0,0.0873015873016,0.84126984127,0.0714285714286,126,1503,0.0954285714286,3.14336145172,23.8571428571,13.0695652174,12.8461538462,16.521362794,0.692512212923,0.389068423999,12.9325502954,1.08416589303,0.565921067917,8.6136436624,0.722101863914,0.409894496721,1.18578206203,0.377233760814,4.06332614889,3.14336145172,1.18578206203,4.06332614889,0.425527154626,0.500071567324,8152,0.025044546851,0.10239213094,126,126,126,1,0,0.0873015873016,0.84126984127,0.0714285714286,-238,-0.0151111111111,-0.206849503147,-3.77777777778,-1.56068688345,-1.90808344198,-2.81920728015,-0.00734758872708,-0.000581749683775,-2.67995791752,-0.0457456720665,-0.0129334491913,-0.538755624036,0.0597225933274,0.0325388445231,-0.0120082095225,0.0197069400589,-0.279239917386,-0.206849503147,-0.0120082095225,-0.279239917386,-0.0815926813258,-0.063837857514,-3976,-0.0122150537634,-0.00762455054849,0.031746031746,-0.0396825396825,0.00793650793651,1498,5,243,14004,0.860425043079,0.999643086587,0.000356913412806,0.139574956921,0.996673320027,0.860425043079,0.923551171393,0.917898384886,0.860068129666,0.857961053837,342,580,0,3,2,3
297,WLNM_dir_neg_kfold,0.782718489893,0.404998043733,00:00:15,10,66.6666666667,13,14358,threshold_sweep,0.9,0.988200589971,0.577586206897,0.729053318825,335,4,245,1156,0.577586206897,0.996551724138,0.00344827586207,0.422413793103,0.988200589971,0.577586206897,0.729053318825,0.856896551724,0.601724137931,0.640692640693,0.683345461869,0.574137931034,1779,1199,580,0,1779,0,1199,0,580,126,1741,0.11053968254,3.35021095487,27.6349206349,14.6302521008,14.7542372881,19.3405700742,0.69985980165,0.389650173682,15.6125082129,1.12991156509,0.578854517108,9.15239928644,0.662379270587,0.377355652198,1.19779027155,0.357526820756,4.34256606628,3.35021095487,1.19779027155,4.34256606628,0.507119835952,0.563909424838,12128,0.0372596006144,0.110016681489,126,126,126,1,0,0.0555555555556,0.880952380952,0.0634920634921,126,0.0737142857143,3.15358171457,18.4285714286,10.0956521739,9.92307692308,12.9073179686,0.700397099072,0.389442598745,10.6000808622,1.15039637264,0.586255690907,6.15741132991,0.668246190843,0.379879140861,1.22131462922,0.38727857394,4.19032247383,3.15358171457,1.22131462922,4.19032247383,0.351966745911,0.391111569396,3793,0.0116528417819,0.0707288765448,126,126,126,1,0,0.0873015873016,0.84126984127,0.0714285714286,126,1500,0.0952380952381,3.12562452015,23.8095238095,13.0434782609,12.8205128205,16.5131289758,0.693551416984,0.389481481481,12.9438347155,1.0872821161,0.567015873016,8.58037628213,0.720751607699,0.409301587302,1.1760809386,0.376270703987,4.04161136561,3.12562452015,1.1760809386,4.04161136561,0.423596702081,0.499958972676,8124,0.0249585253456,0.101812722522,126,126,126,1,0,0.0873015873016,0.84126984127,0.0714285714286,-241,-0.0153015873016,-0.224586434721,-3.8253968254,-1.58677383997,-1.93372446762,-2.82744109836,-0.00630838466619,-0.000168692200858,-2.66867349739,-0.0426294489892,-0.0118386440925,-0.572023004314,0.0583723371119,0.0319459351039,-0.0217093329585,0.0187438832318,-0.300954700669,-0.224586434721,-0.0217093329585,-0.300954700669,-0.0835231338706,-0.0639504521626,-4004,-0.0123010752688,-0.00820395896614,0.031746031746,-0.0396825396825,0.00793650793651,1496,4,245,14005,0.859276278001,0.99971446927,0.000285530730245,0.140723721999,0.997333333333,0.859276278001,0.923171860537,0.917568249467,0.858990747271,0.857306590258,339,580,0,3,2,3
298,WLNM_dir_neg_kfold,0.758790130797,0.337991051689,00:00:15,10,66.6666666667,14,14359,threshold_sweep,0.1,0.922872340426,0.598275862069,0.725941422594,347,29,233,1131,0.598275862069,0.975,0.025,0.401724137931,0.922872340426,0.598275862069,0.725941422594,0.849425287356,0.594636015326,0.62854442344,0.656607047584,0.573275862069,1779,1199,580,0,1779,0,1199,0,580,126,1741,0.11053968254,3.35021095487,27.6349206349,14.6302521008,14.7542372881,19.3405700742,0.69985980165,0.389650173682,15.6125082129,1.12991156509,0.578854517108,9.15239928644,0.662379270587,0.377355652198,1.19779027155,0.357526820756,4.34256606628,3.35021095487,1.19779027155,4.34256606628,0.507119835952,0.563909424838,12128,0.0372596006144,0.110016681489,126,126,126,1,0,0.0555555555556,0.880952380952,0.0634920634921,126,0.0737142857143,3.15358171457,18.4285714286,10.0956521739,9.92307692308,12.9073179686,0.700397099072,0.389442598745,10.6000808622,1.15039637264,0.586255690907,6.15741132991,0.668246190843,0.379879140861,1.22131462922,0.38727857394,4.19032247383,3.15358171457,1.22131462922,4.19032247383,0.351966745911,0.391111569396,3793,0.0116528417819,0.0707288765448,126,126,126,1,0,0.0873015873016,0.84126984127,0.0714285714286,126,1537,0.0975873015873,1,24.3968253968,12.296,13.1367521368,16.4584710663,0.674615274677,0.380337908314,12.7674710675,1.04665019812,0.543064721009,8.8967588177,0.729337417716,0.412383430926,0,0,0,NaN,NaN,NaN,0.450472030674,0.497772296921,8342,0.0256282642089,0.10072255938,126,126,0,1,2,0.00793650793651,0.920634920635,0.0714285714286,-204,-0.0129523809524,-2.35021095487,-3.2380952381,-2.33425210084,-1.61748515138,-2.88209900783,-0.0252445269726,-0.00931226536785,-2.84503714538,-0.0832613669741,-0.0357897960996,-0.255640468739,0.0669581471298,0.0350277787283,-1.19779027155,-0.357526820756,-4.34256606628,NaN,NaN,NaN,-0.0566478052777,-0.0661371279174,-3786,-0.0116313364055,-0.00929412210869,-0.047619047619,0.0396825396825,0.00793650793651,1508,29,233,13980,0.866168868466,0.997929902206,0.00207009779428,0.133831131534,0.981132075472,0.866168868466,0.920073215375,0.913033113674,0.864098770672,0.85197740113,376,580,0,3,2,3
299,WLNM_dir_neg_kfold,0.758790130797,0.337991051689,00:00:15,10,66.6666666667,14,14359,threshold_sweep,0.2,0.927807486631,0.598275862069,0.727463312369,347,27,233,1133,0.598275862069,0.976724137931,0.023275862069,0.401724137931,0.927807486631,0.598275862069,0.727463312369,0.850574712644,0.595019157088,0.631031220435,0.659856782885,0.575,1779,1199,580,0,1779,0,1199,0,580,126,1741,0.11053968254,3.35021095487,27.6349206349,14.6302521008,14.7542372881,19.3405700742,0.69985980165,0.389650173682,15.6125082129,1.12991156509,0.578854517108,9.15239928644,0.662379270587,0.377355652198,1.19779027155,0.357526820756,4.34256606628,3.35021095487,1.19779027155,4.34256606628,0.507119835952,0.563909424838,12128,0.0372596006144,0.110016681489,126,126,126,1,0,0.0555555555556,0.880952380952,0.0634920634921,126,0.0737142857143,3.15358171457,18.4285714286,10.0956521739,9.92307692308,12.9073179686,0.700397099072,0.389442598745,10.6000808622,1.15039637264,0.586255690907,6.15741132991,0.668246190843,0.379879140861,1.22131462922,0.38727857394,4.19032247383,3.15358171457,1.22131462922,4.19032247383,0.351966745911,0.391111569396,3793,0.0116528417819,0.0707288765448,126,126,126,1,0,0.0873015873016,0.84126984127,0.0714285714286,126,1535,0.0974603174603,1,24.3650793651,12.28,13.1196581197,16.4645574126,0.67574405016,0.380905847681,12.7796092545,1.04901027106,0.544413422264,8.86647690452,0.72780201301,0.411679851094,0,0,0,NaN,NaN,NaN,0.451872741062,0.498475883091,8340,0.0256221198157,0.100673329204,126,126,0,1,2,0.00793650793651,0.920634920635,0.0714285714286,-206,-0.0130793650794,-2.35021095487,-3.26984126984,-2.35025210084,-1.63457916848,-2.87601266154,-0.0241157514899,-0.00874432600125,-2.83289895839,-0.0809012940377,-0.0344410948448,-0.285922381918,0.0654227424229,0.0343241988958,-1.19779027155,-0.357526820756,-4.34256606628,NaN,NaN,NaN,-0.0552470948899,-0.0654335417472,-3788,-0.0116374807988,-0.00934335228498,-0.047619047619,0.0396825396825,0.00793650793651,1508,27,233,13982,0.866168868466,0.998072667571,0.00192733242915,0.133831131534,0.982410423453,0.866168868466,0.920634920635,0.913714393409,0.864241536037,0.852941176471,374,580,0,3,2,3
300,WLNM_dir_neg_kfold,0.758790130797,0.337991051689,00:00:15,10,66.6666666667,14,14359,threshold_sweep,0.3,0.94262295082,0.594827586207,0.729386892178,345,21,235,1139,0.594827586207,0.981896551724,0.0181034482759,0.405172413793,0.94262295082,0.594827586207,0.729386892178,0.852873563218,0.596551724138,0.635327635328,0.667078910649,0.576724137931,1779,1199,580,0,1779,0,1199,0,580,126,1741,0.11053968254,3.35021095487,27.6349206349,14.6302521008,14.7542372881,19.3405700742,0.69985980165,0.389650173682,15.6125082129,1.12991156509,0.578854517108,9.15239928644,0.662379270587,0.377355652198,1.19779027155,0.357526820756,4.34256606628,3.35021095487,1.19779027155,4.34256606628,0.507119835952,0.563909424838,12128,0.0372596006144,0.110016681489,126,126,126,1,0,0.0555555555556,0.880952380952,0.0634920634921,126,0.0737142857143,3.15358171457,18.4285714286,10.0956521739,9.92307692308,12.9073179686,0.700397099072,0.389442598745,10.6000808622,1.15039637264,0.586255690907,6.15741132991,0.668246190843,0.379879140861,1.22131462922,0.38727857394,4.19032247383,3.15358171457,1.22131462922,4.19032247383,0.351966745911,0.391111569396,3793,0.0116528417819,0.0707288765448,126,126,126,1,0,0.0873015873016,0.84126984127,0.0714285714286,126,1527,0.0969523809524,1,24.2380952381,12.216,13.0512820513,16.4717593821,0.679581428339,0.38258438062,12.8097507503,1.05699318569,0.548575378634,8.81417689213,0.727299468506,0.411664119916,0,0,0,NaN,NaN,NaN,0.43647752095,0.497272800193,8266,0.0253947772657,0.0992726518925,126,126,0,1,2,0.00793650793651,0.920634920635,0.0714285714286,-214,-0.0135873015873,-2.35021095487,-3.39682539683,-2.41425210084,-1.70295523685,-2.86881069203,-0.0202783733104,-0.0070657930626,-2.80275746258,-0.0729183794076,-0.0302791384741,-0.338222394312,0.064920197919,0.0343084677179,-1.19779027155,-0.357526820756,-4.34256606628,NaN,NaN,NaN,-0.0706423150016,-0.0666366246459,-3862,-0.0118648233487,-0.0107440295961,-0.047619047619,0.0396825396825,0.00793650793651,1506,21,235,13988,0.865020103389,0.998500963666,0.00149903633379,0.134979896611,0.986247544204,0.865020103389,0.921664626683,0.915083589421,0.863521067055,0.854710556186,366,580,0,3,2,3
301,WLNM_dir_neg_kfold,0.758790130797,0.337991051689,00:00:15,10,66.6666666667,14,14359,threshold_sweep,0.4,0.96875,0.587931034483,0.731759656652,341,11,239,1149,0.587931034483,0.990517241379,0.00948275862069,0.412068965517,0.96875,0.587931034483,0.731759656652,0.85632183908,0.599233716475,0.641491395793,0.678799412147,0.578448275862,1779,1199,580,0,1779,0,1199,0,580,126,1741,0.11053968254,3.35021095487,27.6349206349,14.6302521008,14.7542372881,19.3405700742,0.69985980165,0.389650173682,15.6125082129,1.12991156509,0.578854517108,9.15239928644,0.662379270587,0.377355652198,1.19779027155,0.357526820756,4.34256606628,3.35021095487,1.19779027155,4.34256606628,0.507119835952,0.563909424838,12128,0.0372596006144,0.110016681489,126,126,126,1,0,0.0555555555556,0.880952380952,0.0634920634921,126,0.0737142857143,3.15358171457,18.4285714286,10.0956521739,9.92307692308,12.9073179686,0.700397099072,0.389442598745,10.6000808622,1.15039637264,0.586255690907,6.15741132991,0.668246190843,0.379879140861,1.22131462922,0.38727857394,4.19032247383,3.15358171457,1.22131462922,4.19032247383,0.351966745911,0.391111569396,3793,0.0116528417819,0.0707288765448,126,126,126,1,0,0.0873015873016,0.84126984127,0.0714285714286,126,1513,0.0960634920635,3.48296750861,24.0158730159,12.8220338983,12.9316239316,16.5161662026,0.687718751331,0.386433974339,12.8912348713,1.07355954646,0.559935584721,8.72192275292,0.726346508175,0.410941155488,1.20588930286,0.346224677628,4.46500329564,3.48296750861,1.20588930286,4.46500329564,0.437943351362,0.500931362624,8247,0.02533640553,0.102234431997,126,126,126,1,0,0.0634920634921,0.865079365079,0.0714285714286,-228,-0.0144761904762,0.132756553743,-3.61904761905,-1.80821820254,-1.82261335651,-2.82440387157,-0.012141050319,-0.00321619934354,-2.72127334158,-0.0563520186372,-0.0189189323876,-0.430476533517,0.063967237588,0.0335855032907,0.00809903130454,-0.0113021431272,0.122437229362,0.132756553743,0.00809903130454,0.122437229362,-0.0691764845899,-0.0629780622144,-3881,-0.0119231950845,-0.00778224949135,0.00793650793651,-0.015873015873,0.00793650793651,1502,11,239,13998,0.862722573234,0.999214790492,0.000785209508173,0.137277426766,0.99272967614,0.862722573234,0.923171481254,0.917170238654,0.861937363726,0.857305936073,352,580,0,3,2,3
302,WLNM_dir_neg_kfold,0.758790130797,0.337991051689,00:00:15,10,66.6666666667,14,14359,threshold_sweep,0.5,0.985549132948,0.587931034483,0.736501079914,341,5,239,1155,0.587931034483,0.995689655172,0.00431034482759,0.412068965517,0.985549132948,0.587931034483,0.736501079914,0.859770114943,0.600383141762,0.649089165868,0.689293581636,0.583620689655,1779,1199,580,0,1779,0,1199,0,580,126,1741,0.11053968254,3.35021095487,27.6349206349,14.6302521008,14.7542372881,19.3405700742,0.69985980165,0.389650173682,15.6125082129,1.12991156509,0.578854517108,9.15239928644,0.662379270587,0.377355652198,1.19779027155,0.357526820756,4.34256606628,3.35021095487,1.19779027155,4.34256606628,0.507119835952,0.563909424838,12128,0.0372596006144,0.110016681489,126,126,126,1,0,0.0555555555556,0.880952380952,0.0634920634921,126,0.0737142857143,3.15358171457,18.4285714286,10.0956521739,9.92307692308,12.9073179686,0.700397099072,0.389442598745,10.6000808622,1.15039637264,0.586255690907,6.15741132991,0.668246190843,0.379879140861,1.22131462922,0.38727857394,4.19032247383,3.15358171457,1.22131462922,4.19032247383,0.351966745911,0.391111569396,3793,0.0116528417819,0.0707288765448,126,126,126,1,0,0.0873015873016,0.84126984127,0.0714285714286,126,1507,0.0956825396825,3.17489145736,23.9206349206,13.1043478261,12.8803418803,16.5532368676,0.692006584377,0.388572903171,12.9314505257,1.0811962616,0.564871867792,8.6610861154,0.724151858355,0.410154727673,1.20716242884,0.380221637512,4.11753339898,3.17489145736,1.20716242884,4.11753339898,0.425776480523,0.50088441598,8212,0.0252288786482,0.103352811331,126,126,126,1,0,0.0873015873016,0.84126984127,0.0714285714286,-234,-0.0148571428571,-0.175319497508,-3.71428571429,-1.52590427475,-1.87389540779,-2.7873332066,-0.0078532172726,-0.0010772705109,-2.68105768723,-0.0487153034894,-0.0139826493168,-0.491313171037,0.0617725877682,0.0327990754753,0.0093721572853,0.0226948167563,-0.2250326673,-0.175319497508,0.0093721572853,-0.2250326673,-0.0813433554291,-0.0630250088579,-3916,-0.0120307219662,-0.00666387015778,0.031746031746,-0.0396825396825,0.00793650793651,1502,5,239,14004,0.862722573234,0.999643086587,0.000356913412806,0.137277426766,0.996682149967,0.862722573234,0.924876847291,0.919257208387,0.862365659821,0.860252004582,346,580,0,3,2,3
303,WLNM_dir_neg_kfold,0.758790130797,0.337991051689,00:00:15,10,66.6666666667,14,14359,threshold_sweep,0.6,0.985549132948,0.587931034483,0.736501079914,341,5,239,1155,0.587931034483,0.995689655172,0.00431034482759,0.412068965517,0.985549132948,0.587931034483,0.736501079914,0.859770114943,0.600383141762,0.649089165868,0.689293581636,0.583620689655,1779,1199,580,0,1779,0,1199,0,580,126,1741,0.11053968254,3.35021095487,27.6349206349,14.6302521008,14.7542372881,19.3405700742,0.69985980165,0.389650173682,15.6125082129,1.12991156509,0.578854517108,9.15239928644,0.662379270587,0.377355652198,1.19779027155,0.357526820756,4.34256606628,3.35021095487,1.19779027155,4.34256606628,0.507119835952,0.563909424838,12128,0.0372596006144,0.110016681489,126,126,126,1,0,0.0555555555556,0.880952380952,0.0634920634921,126,0.0737142857143,3.15358171457,18.4285714286,10.0956521739,9.92307692308,12.9073179686,0.700397099072,0.389442598745,10.6000808622,1.15039637264,0.586255690907,6.15741132991,0.668246190843,0.379879140861,1.22131462922,0.38727857394,4.19032247383,3.15358171457,1.22131462922,4.19032247383,0.351966745911,0.391111569396,3793,0.0116528417819,0.0707288765448,126,126,126,1,0,0.0873015873016,0.84126984127,0.0714285714286,126,1507,0.0956825396825,3.17489145736,23.9206349206,13.1043478261,12.8803418803,16.5532368676,0.692006584377,0.388572903171,12.9314505257,1.0811962616,0.564871867792,8.6610861154,0.724151858355,0.410154727673,1.20716242884,0.380221637512,4.11753339898,3.17489145736,1.20716242884,4.11753339898,0.425776480523,0.50088441598,8212,0.0252288786482,0.103352811331,126,126,126,1,0,0.0873015873016,0.84126984127,0.0714285714286,-234,-0.0148571428571,-0.175319497508,-3.71428571429,-1.52590427475,-1.87389540779,-2.7873332066,-0.0078532172726,-0.0010772705109,-2.68105768723,-0.0487153034894,-0.0139826493168,-0.491313171037,0.0617725877682,0.0327990754753,0.0093721572853,0.0226948167563,-0.2250326673,-0.175319497508,0.0093721572853,-0.2250326673,-0.0813433554291,-0.0630250088579,-3916,-0.0120307219662,-0.00666387015778,0.031746031746,-0.0396825396825,0.00793650793651,1502,5,239,14004,0.862722573234,0.999643086587,0.000356913412806,0.137277426766,0.996682149967,0.862722573234,0.924876847291,0.919257208387,0.862365659821,0.860252004582,346,580,0,3,2,3
304,WLNM_dir_neg_kfold,0.758790130797,0.337991051689,00:00:15,10,66.6666666667,14,14359,threshold_sweep,0.7,0.985507246377,0.586206896552,0.735135135135,340,5,240,1155,0.586206896552,0.995689655172,0.00431034482759,0.413793103448,0.985507246377,0.586206896552,0.735135135135,0.859195402299,0.600574712644,0.647482014388,0.688005838391,0.581896551724,1779,1199,580,0,1779,0,1199,0,580,126,1741,0.11053968254,3.35021095487,27.6349206349,14.6302521008,14.7542372881,19.3405700742,0.69985980165,0.389650173682,15.6125082129,1.12991156509,0.578854517108,9.15239928644,0.662379270587,0.377355652198,1.19779027155,0.357526820756,4.34256606628,3.35021095487,1.19779027155,4.34256606628,0.507119835952,0.563909424838,12128,0.0372596006144,0.110016681489,126,126,126,1,0,0.0555555555556,0.880952380952,0.0634920634921,126,0.0737142857143,3.15358171457,18.4285714286,10.0956521739,9.92307692308,12.9073179686,0.700397099072,0.389442598745,10.6000808622,1.15039637264,0.586255690907,6.15741132991,0.668246190843,0.379879140861,1.22131462922,0.38727857394,4.19032247383,3.15358171457,1.22131462922,4.19032247383,0.351966745911,0.391111569396,3793,0.0116528417819,0.0707288765448,126,126,126,1,0,0.0873015873016,0.84126984127,0.0714285714286,126,1506,0.095619047619,3.17560113207,23.9047619048,13.0956521739,12.8717948718,16.552185872,0.692422118153,0.388757140749,12.9342071379,1.0821448203,0.565136280276,8.65688825651,0.724281487597,0.410200467969,1.20749701601,0.38024202845,4.11851442097,3.17560113207,1.20749701601,4.11851442097,0.4258761267,0.501261803973,8210,0.025222734255,0.103271243638,126,126,126,1,0,0.0873015873016,0.84126984127,0.0714285714286,-235,-0.0149206349206,-0.174609822793,-3.73015873016,-1.53459992693,-1.88244241634,-2.78838420212,-0.00743768349638,-0.000893032933167,-2.67830107503,-0.0477667447923,-0.0137182368327,-0.495511029928,0.0619022170099,0.0328448157717,0.00970674445467,0.0227152076947,-0.224051645311,-0.174609822793,0.00970674445467,-0.224051645311,-0.0812437092514,-0.0626476208658,-3918,-0.0120368663594,-0.00674543785044,0.031746031746,-0.0396825396825,0.00793650793651,1501,5,240,14004,0.862148190695,0.999643086587,0.000356913412806,0.137851809305,0.996679946879,0.862148190695,0.924545734524,0.918917619356,0.861791277282,0.859679266896,345,580,0,3,2,3
305,WLNM_dir_neg_kfold,0.758790130797,0.337991051689,00:00:15,10,66.6666666667,14,14359,threshold_sweep,0.8,0.985507246377,0.586206896552,0.735135135135,340,5,240,1155,0.586206896552,0.995689655172,0.00431034482759,0.413793103448,0.985507246377,0.586206896552,0.735135135135,0.859195402299,0.600574712644,0.647482014388,0.688005838391,0.581896551724,1779,1199,580,0,1779,0,1199,0,580,126,1741,0.11053968254,3.35021095487,27.6349206349,14.6302521008,14.7542372881,19.3405700742,0.69985980165,0.389650173682,15.6125082129,1.12991156509,0.578854517108,9.15239928644,0.662379270587,0.377355652198,1.19779027155,0.357526820756,4.34256606628,3.35021095487,1.19779027155,4.34256606628,0.507119835952,0.563909424838,12128,0.0372596006144,0.110016681489,126,126,126,1,0,0.0555555555556,0.880952380952,0.0634920634921,126,0.0737142857143,3.15358171457,18.4285714286,10.0956521739,9.92307692308,12.9073179686,0.700397099072,0.389442598745,10.6000808622,1.15039637264,0.586255690907,6.15741132991,0.668246190843,0.379879140861,1.22131462922,0.38727857394,4.19032247383,3.15358171457,1.22131462922,4.19032247383,0.351966745911,0.391111569396,3793,0.0116528417819,0.0707288765448,126,126,126,1,0,0.0873015873016,0.84126984127,0.0714285714286,126,1506,0.095619047619,3.17560113207,23.9047619048,13.0956521739,12.8717948718,16.552185872,0.692422118153,0.388757140749,12.9342071379,1.0821448203,0.565136280276,8.65688825651,0.724281487597,0.410200467969,1.20749701601,0.38024202845,4.11851442097,3.17560113207,1.20749701601,4.11851442097,0.4258761267,0.501261803973,8210,0.025222734255,0.103271243638,126,126,126,1,0,0.0873015873016,0.84126984127,0.0714285714286,-235,-0.0149206349206,-0.174609822793,-3.73015873016,-1.53459992693,-1.88244241634,-2.78838420212,-0.00743768349638,-0.000893032933167,-2.67830107503,-0.0477667447923,-0.0137182368327,-0.495511029928,0.0619022170099,0.0328448157717,0.00970674445467,0.0227152076947,-0.224051645311,-0.174609822793,0.00970674445467,-0.224051645311,-0.0812437092514,-0.0626476208658,-3918,-0.0120368663594,-0.00674543785044,0.031746031746,-0.0396825396825,0.00793650793651,1501,5,240,14004,0.862148190695,0.999643086587,0.000356913412806,0.137851809305,0.996679946879,0.862148190695,0.924545734524,0.918917619356,0.861791277282,0.859679266896,345,580,0,3,2,3
306,WLNM_dir_neg_kfold,0.758790130797,0.337991051689,00:00:15,10,66.6666666667,14,14359,threshold_sweep,0.9,0.991202346041,0.58275862069,0.733984799131,338,3,242,1157,0.58275862069,0.997413793103,0.00258620689655,0.41724137931,0.991202346041,0.58275862069,0.733984799131,0.859195402299,0.601340996169,0.646804420951,0.688991746766,0.580172413793,1779,1199,580,0,1779,0,1199,0,580,126,1741,0.11053968254,3.35021095487,27.6349206349,14.6302521008,14.7542372881,19.3405700742,0.69985980165,0.389650173682,15.6125082129,1.12991156509,0.578854517108,9.15239928644,0.662379270587,0.377355652198,1.19779027155,0.357526820756,4.34256606628,3.35021095487,1.19779027155,4.34256606628,0.507119835952,0.563909424838,12128,0.0372596006144,0.110016681489,126,126,126,1,0,0.0555555555556,0.880952380952,0.0634920634921,126,0.0737142857143,3.15358171457,18.4285714286,10.0956521739,9.92307692308,12.9073179686,0.700397099072,0.389442598745,10.6000808622,1.15039637264,0.586255690907,6.15741132991,0.668246190843,0.379879140861,1.22131462922,0.38727857394,4.19032247383,3.15358171457,1.22131462922,4.19032247383,0.351966745911,0.391111569396,3793,0.0116528417819,0.0707288765448,126,126,126,1,0,0.0873015873016,0.84126984127,0.0714285714286,126,1502,0.0953650793651,3.16640681617,23.8412698413,13.0608695652,12.8376068376,16.5492780258,0.694144151547,0.38959165557,12.9457966458,1.08599891969,0.566176315178,8.63722471594,0.724560795079,0.410732779574,1.20091417484,0.379267177137,4.10482750716,3.16640681617,1.20091417484,4.10482750716,0.42693488985,0.501724877013,8193,0.0251705069124,0.102954478121,126,126,126,1,0,0.0873015873016,0.84126984127,0.0714285714286,-239,-0.0151746031746,-0.183804138694,-3.79365079365,-1.56938253562,-1.91663045053,-2.79129204838,-0.00571565010241,-5.85181119885e-05,-2.66671156715,-0.0439126454082,-0.0126782019307,-0.515174570499,0.0621815244922,0.0333771273766,0.00312390328348,0.0217403563816,-0.237738559115,-0.183804138694,0.00312390328348,-0.237738559115,-0.0801849461013,-0.0621845478252,-3935,-0.012089093702,-0.00706220336765,0.031746031746,-0.0396825396825,0.00793650793651,1499,3,242,14006,0.860999425617,0.999785851952,0.000214148047684,0.139000574383,0.998002663116,0.860999425617,0.924452667283,0.918937266189,0.86078527757,0.859518348624,341,580,0,3,2,3
307,WLNM_dir_neg_kfold,0.852881242568,0.600721760464,00:00:15,10,66.6666666667,15,14360,threshold_sweep,0.1,0.928,0.6,0.728795811518,348,27,232,1133,0.6,0.976724137931,0.023275862069,0.4,0.928,0.6,0.728795811518,0.851149425287,0.594827586207,0.632624113475,0.661194390462,0.576724137931,1779,1199,580,0,1779,0,1199,0,580,126,1741,0.11053968254,3.35021095487,27.6349206349,14.6302521008,14.7542372881,19.3405700742,0.69985980165,0.389650173682,15.6125082129,1.12991156509,0.578854517108,9.15239928644,0.662379270587,0.377355652198,1.19779027155,0.357526820756,4.34256606628,3.35021095487,1.19779027155,4.34256606628,0.507119835952,0.563909424838,12128,0.0372596006144,0.110016681489,126,126,126,1,0,0.0555555555556,0.880952380952,0.0634920634921,126,0.0737142857143,3.15358171457,18.4285714286,10.0956521739,9.92307692308,12.9073179686,0.700397099072,0.389442598745,10.6000808622,1.15039637264,0.586255690907,6.15741132991,0.668246190843,0.379879140861,1.22131462922,0.38727857394,4.19032247383,3.15358171457,1.22131462922,4.19032247383,0.351966745911,0.391111569396,3793,0.0116528417819,0.0707288765448,126,126,126,1,0,0.0873015873016,0.84126984127,0.0714285714286,126,1536,0.0975238095238,1,24.380952381,12.288,13.1282051282,16.5432074969,0.67852999499,0.382233796296,12.8366439762,1.05300595117,0.546854332011,8.85411929959,0.726314473795,0.411024305556,0,0,0,NaN,NaN,NaN,0.434610384895,0.497197853338,8369,0.0257112135177,0.0993055907439,126,126,0,1,2,0.00793650793651,0.920634920635,0.0714285714286,-205,-0.0130158730159,-2.35021095487,-3.25396825397,-2.34225210084,-1.62603215993,-2.79736257726,-0.0213298066595,-0.00741637738604,-2.77586423673,-0.0769056139216,-0.0320001850978,-0.298279986846,0.0639352032081,0.0336686533579,-1.19779027155,-0.357526820756,-4.34256606628,NaN,NaN,NaN,-0.072509451057,-0.0667115715006,-3759,-0.0115483870968,-0.0107110907447,-0.047619047619,0.0396825396825,0.00793650793651,1509,27,232,13982,0.866743251005,0.998072667571,0.00192733242915,0.133256748995,0.982421875,0.866743251005,0.920964296613,0.914056128517,0.864815918576,0.85350678733,375,580,0,3,2,3
308,WLNM_dir_neg_kfold,0.852881242568,0.600721760464,00:00:15,10,66.6666666667,15,14360,threshold_sweep,0.2,0.942779291553,0.596551724138,0.730728616684,346,21,234,1139,0.596551724138,0.981896551724,0.0181034482759,0.403448275862,0.942779291553,0.596551724138,0.730728616684,0.853448275862,0.596360153257,0.636924537257,0.668404279138,0.578448275862,1779,1199,580,0,1779,0,1199,0,580,126,1741,0.11053968254,3.35021095487,27.6349206349,14.6302521008,14.7542372881,19.3405700742,0.69985980165,0.389650173682,15.6125082129,1.12991156509,0.578854517108,9.15239928644,0.662379270587,0.377355652198,1.19779027155,0.357526820756,4.34256606628,3.35021095487,1.19779027155,4.34256606628,0.507119835952,0.563909424838,12128,0.0372596006144,0.110016681489,126,126,126,1,0,0.0555555555556,0.880952380952,0.0634920634921,126,0.0737142857143,3.15358171457,18.4285714286,10.0956521739,9.92307692308,12.9073179686,0.700397099072,0.389442598745,10.6000808622,1.15039637264,0.586255690907,6.15741132991,0.668246190843,0.379879140861,1.22131462922,0.38727857394,4.19032247383,3.15358171457,1.22131462922,4.19032247383,0.351966745911,0.391111569396,3793,0.0116528417819,0.0707288765448,126,126,126,1,0,0.0873015873016,0.84126984127,0.0714285714286,126,1528,0.0970158730159,9.95206354426,24.253968254,12.4227642276,13.0598290598,16.5316358576,0.681605405122,0.383855854733,12.8729074428,1.06150938337,0.552013213662,8.74252515191,0.72091503216,0.408948308817,1.799829213,0.18084985139,11,9.95206354426,1.799829213,11,0.427609777122,0.498083602827,8317,0.0255514592934,0.0993315355536,126,126,126,1,0,0.0238095238095,0.904761904762,0.0714285714286,-213,-0.0135238095238,6.60185258939,-3.38095238095,-2.2074878732,-1.69440822831,-2.8089342166,-0.0182543965279,-0.00579431894952,-2.73960077008,-0.0684021817184,-0.026841303446,-0.409874134531,0.0585357615733,0.0315926566197,0.602038941451,-0.176676969365,6.65743393372,6.60185258939,0.602038941451,6.65743393372,-0.0795100588294,-0.0658258220117,-3811,-0.011708141321,-0.010685145935,-0.031746031746,0.0238095238095,0.00793650793651,1507,21,234,13988,0.865594485928,0.998500963666,0.00149903633379,0.134405514072,0.986256544503,0.865594485928,0.921994493729,0.915424764603,0.864095449594,0.855278093076,367,580,0,3,2,3
309,WLNM_dir_neg_kfold,0.852881242568,0.600721760464,00:00:15,10,66.6666666667,15,14360,threshold_sweep,0.3,0.947945205479,0.596551724138,0.732275132275,346,19,234,1141,0.596551724138,0.983620689655,0.0163793103448,0.403448275862,0.947945205479,0.596551724138,0.732275132275,0.854597701149,0.596743295019,0.639429928741,0.671741662969,0.580172413793,1779,1199,580,0,1779,0,1199,0,580,126,1741,0.11053968254,3.35021095487,27.6349206349,14.6302521008,14.7542372881,19.3405700742,0.69985980165,0.389650173682,15.6125082129,1.12991156509,0.578854517108,9.15239928644,0.662379270587,0.377355652198,1.19779027155,0.357526820756,4.34256606628,3.35021095487,1.19779027155,4.34256606628,0.507119835952,0.563909424838,12128,0.0372596006144,0.110016681489,126,126,126,1,0,0.0555555555556,0.880952380952,0.0634920634921,126,0.0737142857143,3.15358171457,18.4285714286,10.0956521739,9.92307692308,12.9073179686,0.700397099072,0.389442598745,10.6000808622,1.15039637264,0.586255690907,6.15741132991,0.668246190843,0.379879140861,1.22131462922,0.38727857394,4.19032247383,3.15358171457,1.22131462922,4.19032247383,0.351966745911,0.391111569396,3793,0.0116528417819,0.0707288765448,126,126,126,1,0,0.0873015873016,0.84126984127,0.0714285714286,126,1526,0.0968888888889,1,24.2222222222,12.406504065,13.0427350427,16.5388700407,0.682797387,0.384379745782,12.885478476,1.06393858976,0.553433605858,8.73450373837,0.721197556379,0.409026607585,0,0,0,NaN,NaN,NaN,0.422199114386,0.497800615828,8299,0.0254961597542,0.0989125967937,126,126,0,1,2,0.0238095238095,0.904761904762,0.0714285714286,-215,-0.0136507936508,-2.35021095487,-3.4126984127,-2.2237480358,-1.7115022454,-2.80170003349,-0.0170624146496,-0.00527042790023,-2.72702973691,-0.0659729753316,-0.0254209112501,-0.417895548072,0.0588182857923,0.0316709553872,-1.19779027155,-0.357526820756,-4.34256606628,NaN,NaN,NaN,-0.0849207215662,-0.0661088090109,-3829,-0.0117634408602,-0.0111040846949,-0.031746031746,0.0238095238095,0.00793650793651,1507,19,234,13990,0.865594485928,0.998643729031,0.00135627096866,0.134405514072,0.9875491481,0.865594485928,0.922558922559,0.916111385565,0.864238214959,0.85625,365,580,0,3,2,3
310,WLNM_dir_neg_kfold,0.852881242568,0.600721760464,00:00:15,10,66.6666666667,15,14360,threshold_sweep,0.4,0.974285714286,0.587931034483,0.733333333333,341,9,239,1151,0.587931034483,0.99224137931,0.00775862068966,0.412068965517,0.974285714286,0.587931034483,0.733333333333,0.857471264368,0.599616858238,0.644019138756,0.68227372119,0.580172413793,1779,1199,580,0,1779,0,1199,0,580,126,1741,0.11053968254,3.35021095487,27.6349206349,14.6302521008,14.7542372881,19.3405700742,0.69985980165,0.389650173682,15.6125082129,1.12991156509,0.578854517108,9.15239928644,0.662379270587,0.377355652198,1.19779027155,0.357526820756,4.34256606628,3.35021095487,1.19779027155,4.34256606628,0.507119835952,0.563909424838,12128,0.0372596006144,0.110016681489,126,126,126,1,0,0.0555555555556,0.880952380952,0.0634920634921,126,0.0737142857143,3.15358171457,18.4285714286,10.0956521739,9.92307692308,12.9073179686,0.700397099072,0.389442598745,10.6000808622,1.15039637264,0.586255690907,6.15741132991,0.668246190843,0.379879140861,1.22131462922,0.38727857394,4.19032247383,3.15358171457,1.22131462922,4.19032247383,0.351966745911,0.391111569396,3793,0.0116528417819,0.0707288765448,126,126,126,1,0,0.0873015873016,0.84126984127,0.0714285714286,126,1511,0.0959365079365,3.15400770856,23.9841269841,13.1391304348,12.9145299145,16.6127585317,0.692656378223,0.3890464635,12.9839876967,1.08271505611,0.565750632925,8.63341974584,0.719927788204,0.408438645699,1.19241085273,0.378062123786,4.0771805106,3.15400770856,1.19241085273,4.0771805106,0.424800815755,0.502416142664,8283,0.0254470046083,0.103191897842,126,126,126,1,0,0.0873015873016,0.84126984127,0.0714285714286,-230,-0.0146031746032,-0.196203246309,-3.65079365079,-1.49112166606,-1.83970737361,-2.72781154249,-0.00720342342643,-0.000603710181872,-2.62852051622,-0.0471965089825,-0.0131038841837,-0.518979540595,0.0575485176175,0.031082993501,-0.0053794188192,0.0205353030304,-0.265385555672,-0.196203246309,-0.0053794188192,-0.265385555672,-0.0823190201966,-0.0614932821748,-3845,-0.0118125960061,-0.00682478364657,0.031746031746,-0.0396825396825,0.00793650793651,1502,9,239,14000,0.862722573234,0.999357555857,0.000642444143051,0.137277426766,0.994043679682,0.862722573234,0.923739237392,0.917864579616,0.862080129091,0.858285714286,350,580,0,3,2,3
311,WLNM_dir_neg_kfold,0.852881242568,0.600721760464,00:00:15,10,66.6666666667,15,14360,threshold_sweep,0.5,0.974212034384,0.586206896552,0.731969860065,340,9,240,1151,0.586206896552,0.99224137931,0.00775862068966,0.413793103448,0.974212034384,0.586206896552,0.731969860065,0.856896551724,0.599808429119,0.642412637626,0.680975118391,0.578448275862,1779,1199,580,0,1779,0,1199,0,580,126,1741,0.11053968254,3.35021095487,27.6349206349,14.6302521008,14.7542372881,19.3405700742,0.69985980165,0.389650173682,15.6125082129,1.12991156509,0.578854517108,9.15239928644,0.662379270587,0.377355652198,1.19779027155,0.357526820756,4.34256606628,3.35021095487,1.19779027155,4.34256606628,0.507119835952,0.563909424838,12128,0.0372596006144,0.110016681489,126,126,126,1,0,0.0555555555556,0.880952380952,0.0634920634921,126,0.0737142857143,3.15358171457,18.4285714286,10.0956521739,9.92307692308,12.9073179686,0.700397099072,0.389442598745,10.6000808622,1.15039637264,0.586255690907,6.15741132991,0.668246190843,0.379879140861,1.22131462922,0.38727857394,4.19032247383,3.15358171457,1.22131462922,4.19032247383,0.351966745911,0.391111569396,3793,0.0116528417819,0.0707288765448,126,126,126,1,0,0.0873015873016,0.84126984127,0.0714285714286,126,1510,0.095873015873,3.15385371991,23.9682539683,13.1304347826,12.905982906,16.5963545433,0.692430686244,0.388930936613,12.9707265036,1.08232552282,0.565562913907,8.63387201849,0.720442300881,0.408703878903,1.19220769939,0.378016168557,4.07717966496,3.15385371991,1.19220769939,4.07717966496,0.423952324251,0.501680774371,8258,0.0253701996928,0.103171348404,126,126,126,1,0,0.0873015873016,0.84126984127,0.0714285714286,-231,-0.0146666666667,-0.196357234959,-3.66666666667,-1.49981731823,-1.84825438215,-2.74421553086,-0.00742911540609,-0.000719237069283,-2.6417817093,-0.0475860422747,-0.0132916032011,-0.518527267944,0.0580630302944,0.0313482267049,-0.00558257216409,0.0204893478018,-0.265386401316,-0.196357234959,-0.00558257216409,-0.265386401316,-0.0831675117012,-0.0622286504672,-3870,-0.0118894009217,-0.00684533308476,0.031746031746,-0.0396825396825,0.00793650793651,1501,9,240,14000,0.862148190695,0.999357555857,0.000642444143051,0.137851809305,0.994039735099,0.862148190695,0.923408182098,0.917524487039,0.861505746552,0.857714285714,349,580,0,3,2,3
312,WLNM_dir_neg_kfold,0.852881242568,0.600721760464,00:00:15,10,66.6666666667,15,14360,threshold_sweep,0.6,0.974212034384,0.586206896552,0.731969860065,340,9,240,1151,0.586206896552,0.99224137931,0.00775862068966,0.413793103448,0.974212034384,0.586206896552,0.731969860065,0.856896551724,0.599808429119,0.642412637626,0.680975118391,0.578448275862,1779,1199,580,0,1779,0,1199,0,580,126,1741,0.11053968254,3.35021095487,27.6349206349,14.6302521008,14.7542372881,19.3405700742,0.69985980165,0.389650173682,15.6125082129,1.12991156509,0.578854517108,9.15239928644,0.662379270587,0.377355652198,1.19779027155,0.357526820756,4.34256606628,3.35021095487,1.19779027155,4.34256606628,0.507119835952,0.563909424838,12128,0.0372596006144,0.110016681489,126,126,126,1,0,0.0555555555556,0.880952380952,0.0634920634921,126,0.0737142857143,3.15358171457,18.4285714286,10.0956521739,9.92307692308,12.9073179686,0.700397099072,0.389442598745,10.6000808622,1.15039637264,0.586255690907,6.15741132991,0.668246190843,0.379879140861,1.22131462922,0.38727857394,4.19032247383,3.15358171457,1.22131462922,4.19032247383,0.351966745911,0.391111569396,3793,0.0116528417819,0.0707288765448,126,126,126,1,0,0.0873015873016,0.84126984127,0.0714285714286,126,1510,0.095873015873,3.15385371991,23.9682539683,13.1304347826,12.905982906,16.5963545433,0.692430686244,0.388930936613,12.9707265036,1.08232552282,0.565562913907,8.63387201849,0.720442300881,0.408703878903,1.19220769939,0.378016168557,4.07717966496,3.15385371991,1.19220769939,4.07717966496,0.423952324251,0.501680774371,8258,0.0253701996928,0.103171348404,126,126,126,1,0,0.0873015873016,0.84126984127,0.0714285714286,-231,-0.0146666666667,-0.196357234959,-3.66666666667,-1.49981731823,-1.84825438215,-2.74421553086,-0.00742911540609,-0.000719237069283,-2.6417817093,-0.0475860422747,-0.0132916032011,-0.518527267944,0.0580630302944,0.0313482267049,-0.00558257216409,0.0204893478018,-0.265386401316,-0.196357234959,-0.00558257216409,-0.265386401316,-0.0831675117012,-0.0622286504672,-3870,-0.0118894009217,-0.00684533308476,0.031746031746,-0.0396825396825,0.00793650793651,1501,9,240,14000,0.862148190695,0.999357555857,0.000642444143051,0.137851809305,0.994039735099,0.862148190695,0.923408182098,0.917524487039,0.861505746552,0.857714285714,349,580,0,3,2,3
313,WLNM_dir_neg_kfold,0.852881242568,0.600721760464,00:00:15,10,66.6666666667,15,14360,threshold_sweep,0.7,0.974063400576,0.58275862069,0.729234088457,338,9,242,1151,0.58275862069,0.99224137931,0.00775862068966,0.41724137931,0.974063400576,0.58275862069,0.729234088457,0.855747126437,0.600191570881,0.63919501677,0.678376102612,0.575,1779,1199,580,0,1779,0,1199,0,580,126,1741,0.11053968254,3.35021095487,27.6349206349,14.6302521008,14.7542372881,19.3405700742,0.69985980165,0.389650173682,15.6125082129,1.12991156509,0.578854517108,9.15239928644,0.662379270587,0.377355652198,1.19779027155,0.357526820756,4.34256606628,3.35021095487,1.19779027155,4.34256606628,0.507119835952,0.563909424838,12128,0.0372596006144,0.110016681489,126,126,126,1,0,0.0555555555556,0.880952380952,0.0634920634921,126,0.0737142857143,3.15358171457,18.4285714286,10.0956521739,9.92307692308,12.9073179686,0.700397099072,0.389442598745,10.6000808622,1.15039637264,0.586255690907,6.15741132991,0.668246190843,0.379879140861,1.22131462922,0.38727857394,4.19032247383,3.15358171457,1.22131462922,4.19032247383,0.351966745911,0.391111569396,3793,0.0116528417819,0.0707288765448,126,126,126,1,0,0.0873015873016,0.84126984127,0.0714285714286,126,1508,0.095746031746,3.15688076573,23.9365079365,13.1130434783,12.8888888889,16.5644177835,0.692014801302,0.388741526673,12.9669959562,1.08344926424,0.566144583386,8.60877367149,0.71930071791,0.40816176161,1.1945404874,0.378392652763,4.0899632653,3.15688076573,1.1945404874,4.0899632653,0.423641590662,0.500558681917,8213,0.0252319508449,0.102738315799,126,126,126,1,0,0.0873015873016,0.84126984127,0.0714285714286,-233,-0.0147936507937,-0.193330189137,-3.69841269841,-1.51720862258,-1.86534839925,-2.77615229062,-0.00784500034773,-0.000908647009778,-2.64551225676,-0.0464623008522,-0.0127099337224,-0.543625614947,0.0569214473232,0.0308061094123,-0.00324978415191,0.0208658320078,-0.252602800975,-0.193330189137,-0.00324978415191,-0.252602800975,-0.0834782452896,-0.0633507429214,-3915,-0.0120276497696,-0.0072783656893,0.031746031746,-0.0396825396825,0.00793650793651,1499,9,242,14000,0.860999425617,0.999357555857,0.000642444143051,0.139000574383,0.994031830239,0.860999425617,0.922745460142,0.91684406689,0.860356981474,0.856571428571,347,580,0,3,2,3
314,WLNM_dir_neg_kfold,0.852881242568,0.600721760464,00:00:15,10,66.6666666667,15,14360,threshold_sweep,0.8,0.973913043478,0.579310344828,0.726486486486,336,9,244,1151,0.579310344828,0.99224137931,0.00775862068966,0.420689655172,0.973913043478,0.579310344828,0.726486486486,0.854597701149,0.600574712644,0.635971223022,0.675774623487,0.571551724138,1779,1199,580,0,1779,0,1199,0,580,126,1741,0.11053968254,3.35021095487,27.6349206349,14.6302521008,14.7542372881,19.3405700742,0.69985980165,0.389650173682,15.6125082129,1.12991156509,0.578854517108,9.15239928644,0.662379270587,0.377355652198,1.19779027155,0.357526820756,4.34256606628,3.35021095487,1.19779027155,4.34256606628,0.507119835952,0.563909424838,12128,0.0372596006144,0.110016681489,126,126,126,1,0,0.0555555555556,0.880952380952,0.0634920634921,126,0.0737142857143,3.15358171457,18.4285714286,10.0956521739,9.92307692308,12.9073179686,0.700397099072,0.389442598745,10.6000808622,1.15039637264,0.586255690907,6.15741132991,0.668246190843,0.379879140861,1.22131462922,0.38727857394,4.19032247383,3.15358171457,1.22131462922,4.19032247383,0.351966745911,0.391111569396,3793,0.0116528417819,0.0707288765448,126,126,126,1,0,0.0873015873016,0.84126984127,0.0714285714286,126,1506,0.095619047619,3.15846806732,23.9047619048,13.0956521739,12.8717948718,16.5753689896,0.693391929846,0.389600328843,12.9761979904,1.0856579992,0.567022913636,8.57331407833,0.717289225677,0.407386327705,1.19493197208,0.378326437569,4.0899632653,3.15846806732,1.19493197208,4.0899632653,0.421959174728,0.501159667969,8211,0.0252258064516,0.101675210755,126,126,126,1,0,0.0873015873016,0.84126984127,0.0714285714286,-235,-0.0149206349206,-0.19174288755,-3.73015873016,-1.53459992693,-1.88244241634,-2.76520108452,-0.00646787180415,-4.98448389825e-05,-2.63631022253,-0.0442535658977,-0.0118316034719,-0.579085208108,0.0549099550905,0.0300306755074,-0.00285829946941,0.0207996168138,-0.252602800975,-0.19174288755,-0.00285829946941,-0.252602800975,-0.0851606612233,-0.0627497568697,-3917,-0.0120337941628,-0.0083414707341,0.031746031746,-0.0396825396825,0.00793650793651,1497,9,244,14000,0.85985066054,0.999357555857,0.000642444143051,0.14014933946,0.994023904382,0.85985066054,0.922081921774,0.916163332765,0.859208216397,0.855428571429,345,580,0,3,2,3
315,WLNM_dir_neg_kfold,0.852881242568,0.600721760464,00:00:15,10,66.6666666667,15,14360,threshold_sweep,0.9,0.973837209302,0.577586206897,0.725108225108,335,9,245,1151,0.577586206897,0.99224137931,0.00775862068966,0.422413793103,0.973837209302,0.577586206897,0.725108225108,0.854022988506,0.600766283525,0.634357005758,0.674472941328,0.569827586207,1779,1199,580,0,1779,0,1199,0,580,126,1741,0.11053968254,3.35021095487,27.6349206349,14.6302521008,14.7542372881,19.3405700742,0.69985980165,0.389650173682,15.6125082129,1.12991156509,0.578854517108,9.15239928644,0.662379270587,0.377355652198,1.19779027155,0.357526820756,4.34256606628,3.35021095487,1.19779027155,4.34256606628,0.507119835952,0.563909424838,12128,0.0372596006144,0.110016681489,126,126,126,1,0,0.0555555555556,0.880952380952,0.0634920634921,126,0.0737142857143,3.15358171457,18.4285714286,10.0956521739,9.92307692308,12.9073179686,0.700397099072,0.389442598745,10.6000808622,1.15039637264,0.586255690907,6.15741132991,0.668246190843,0.379879140861,1.22131462922,0.38727857394,4.19032247383,3.15358171457,1.22131462922,4.19032247383,0.351966745911,0.391111569396,3793,0.0116528417819,0.0707288765448,126,126,126,1,0,0.0873015873016,0.84126984127,0.0714285714286,126,1505,0.0955555555556,3.15911452953,23.8888888889,13.0869565217,12.8632478632,16.5738213927,0.693787872251,0.389748457523,12.9789402067,1.08660894754,0.567267837368,8.55972481385,0.71662812395,0.407113853293,1.19516180867,0.378321772603,4.09119120563,3.15911452953,1.19516180867,4.09119120563,0.422269596102,0.501669993076,8211,0.0252258064516,0.101395001547,126,126,126,1,0,0.0873015873016,0.84126984127,0.0714285714286,-236,-0.0149841269841,-0.191096425336,-3.74603174603,-1.5432955791,-1.89098942489,-2.76674868151,-0.00607192939924,9.82838402046e-05,-2.63356800623,-0.0433026175564,-0.0115866797409,-0.592674472586,0.0542488533638,0.0297582010956,-0.00262846288701,0.0207949518471,-0.251374860645,-0.191096425336,-0.00262846288701,-0.251374860645,-0.0848502398501,-0.0622394317628,-3917,-0.0120337941628,-0.00862167994118,0.031746031746,-0.0396825396825,0.00793650793651,1496,9,245,14000,0.859276278001,0.999357555857,0.000642444143051,0.140723721999,0.994019933555,0.859276278001,0.921749845964,0.915822847719,0.858633833858,0.854857142857,344,580,0,3,2,3
316,WLNM_dir_neg_kfold,0.83120912604,0.330038362091,00:00:15,10,66.6666666667,16,14361,threshold_sweep,0.1,0.927613941019,0.596551724138,0.726128016789,346,27,234,1133,0.596551724138,0.976724137931,0.023275862069,0.403448275862,0.927613941019,0.596551724138,0.726128016789,0.85,0.595210727969,0.629436819688,0.658518490934,0.573275862069,1779,1199,580,0,1779,0,1199,0,580,126,1741,0.11053968254,3.35021095487,27.6349206349,14.6302521008,14.7542372881,19.3405700742,0.69985980165,0.389650173682,15.6125082129,1.12991156509,0.578854517108,9.15239928644,0.662379270587,0.377355652198,1.19779027155,0.357526820756,4.34256606628,3.35021095487,1.19779027155,4.34256606628,0.507119835952,0.563909424838,12128,0.0372596006144,0.110016681489,126,126,126,1,0,0.0555555555556,0.880952380952,0.0634920634921,126,0.0737142857143,3.15358171457,18.4285714286,10.0956521739,9.92307692308,12.9073179686,0.700397099072,0.389442598745,10.6000808622,1.15039637264,0.586255690907,6.15741132991,0.668246190843,0.379879140861,1.22131462922,0.38727857394,4.19032247383,3.15358171457,1.22131462922,4.19032247383,0.351966745911,0.391111569396,3793,0.0116528417819,0.0707288765448,126,126,126,1,0,0.0873015873016,0.84126984127,0.0714285714286,126,1534,0.0973968253968,1,24.3492063492,12.272,13.1111111111,16.5405283883,0.679304620903,0.382633844498,12.8686156925,1.05700493954,0.54812607355,8.78733576468,0.721775949381,0.408849154612,0,0,0,NaN,NaN,NaN,0.448686779627,0.500119545726,8367,0.0257050691244,0.0986558191444,126,126,0,1,2,0.00793650793651,0.920634920635,0.0714285714286,-207,-0.0131428571429,-2.35021095487,-3.28571428571,-2.35825210084,-1.64312617702,-2.80004168584,-0.0205551807472,-0.00701632918409,-2.74389252042,-0.0729066255529,-0.0307284435586,-0.365063521757,0.0593966787941,0.0314935024142,-1.19779027155,-0.357526820756,-4.34256606628,NaN,NaN,NaN,-0.0584330563251,-0.0637898791122,-3761,-0.01155453149,-0.0113608623443,-0.047619047619,0.0396825396825,0.00793650793651,1507,27,234,13982,0.865594485928,0.998072667571,0.00192733242915,0.134405514072,0.982398956975,0.865594485928,0.920305343511,0.913372578705,0.863667153498,0.852375565611,373,580,0,3,2,3
317,WLNM_dir_neg_kfold,0.83120912604,0.330038362091,00:00:15,10,66.6666666667,16,14361,threshold_sweep,0.2,0.927223719677,0.593103448276,0.723449001052,344,27,236,1133,0.593103448276,0.976724137931,0.023275862069,0.406896551724,0.927223719677,0.593103448276,0.723449001052,0.848850574713,0.595593869732,0.626243486499,0.655839821513,0.569827586207,1779,1199,580,0,1779,0,1199,0,580,126,1741,0.11053968254,3.35021095487,27.6349206349,14.6302521008,14.7542372881,19.3405700742,0.69985980165,0.389650173682,15.6125082129,1.12991156509,0.578854517108,9.15239928644,0.662379270587,0.377355652198,1.19779027155,0.357526820756,4.34256606628,3.35021095487,1.19779027155,4.34256606628,0.507119835952,0.563909424838,12128,0.0372596006144,0.110016681489,126,126,126,1,0,0.0555555555556,0.880952380952,0.0634920634921,126,0.0737142857143,3.15358171457,18.4285714286,10.0956521739,9.92307692308,12.9073179686,0.700397099072,0.389442598745,10.6000808622,1.15039637264,0.586255690907,6.15741132991,0.668246190843,0.379879140861,1.22131462922,0.38727857394,4.19032247383,3.15358171457,1.22131462922,4.19032247383,0.351966745911,0.391111569396,3793,0.0116528417819,0.0707288765448,126,126,126,1,0,0.0873015873016,0.84126984127,0.0714285714286,126,1532,0.0972698412698,1,24.3174603175,12.256,13.094017094,16.5406896077,0.680198071335,0.383102283559,12.8750379873,1.05891304595,0.548613701355,8.76758821881,0.721094070215,0.408450412367,0,0,0,NaN,NaN,NaN,0.448410876163,0.500628780166,8360,0.0256835637481,0.0983433484593,126,126,0,1,2,0.00793650793651,0.920634920635,0.0714285714286,-209,-0.0132698412698,-2.35021095487,-3.31746031746,-2.37425210084,-1.66022019412,-2.79988046646,-0.0196617303147,-0.00654789012314,-2.73747022561,-0.0709985191399,-0.0302408157532,-0.38481106763,0.0587147996287,0.0310947601692,-1.19779027155,-0.357526820756,-4.34256606628,NaN,NaN,NaN,-0.0587089597891,-0.0632806446719,-3768,-0.0115760368664,-0.0116733330293,-0.047619047619,0.0396825396825,0.00793650793651,1505,27,236,13982,0.86444572085,0.998072667571,0.00192733242915,0.13555427915,0.982375979112,0.86444572085,0.91964558509,0.912688710109,0.862518388421,0.851244343891,371,580,0,3,2,3
318,WLNM_dir_neg_kfold,0.83120912604,0.330038362091,00:00:15,10,66.6666666667,16,14361,threshold_sweep,0.3,0.955431754875,0.591379310345,0.730564430245,343,16,237,1144,0.591379310345,0.986206896552,0.0137931034483,0.408620689655,0.955431754875,0.591379310345,0.730564430245,0.854597701149,0.597892720307,0.638399237732,0.672846102831,0.577586206897,1779,1199,580,0,1779,0,1199,0,580,126,1741,0.11053968254,3.35021095487,27.6349206349,14.6302521008,14.7542372881,19.3405700742,0.69985980165,0.389650173682,15.6125082129,1.12991156509,0.578854517108,9.15239928644,0.662379270587,0.377355652198,1.19779027155,0.357526820756,4.34256606628,3.35021095487,1.19779027155,4.34256606628,0.507119835952,0.563909424838,12128,0.0372596006144,0.110016681489,126,126,126,1,0,0.0555555555556,0.880952380952,0.0634920634921,126,0.0737142857143,3.15358171457,18.4285714286,10.0956521739,9.92307692308,12.9073179686,0.700397099072,0.389442598745,10.6000808622,1.15039637264,0.586255690907,6.15741132991,0.668246190843,0.379879140861,1.22131462922,0.38727857394,4.19032247383,3.15358171457,1.22131462922,4.19032247383,0.351966745911,0.391111569396,3793,0.0116528417819,0.0707288765448,126,126,126,1,0,0.0873015873016,0.84126984127,0.0714285714286,126,1520,0.0965079365079,4.01558284637,24.126984127,12.6666666667,12.9914529915,16.5770849679,0.68707654801,0.386387844612,12.9415585038,1.0727870865,0.55794695071,8.66971375006,0.718673639807,0.407435254804,1.35561916675,0.337589639816,5.04291613475,4.01558284637,1.35561916675,5.04291613475,0.428958498096,0.500634556113,8284,0.0254500768049,0.101101655498,126,126,126,1,0,0.047619047619,0.880952380952,0.0714285714286,-221,-0.0140317460317,0.665371891501,-3.50793650794,-1.96358543417,-1.76278429668,-2.7634851063,-0.0127832536397,-0.00326232907081,-2.67094970909,-0.0571244785921,-0.0209075663983,-0.482685536382,0.0562943692208,0.030079602606,0.157828895201,-0.0199371809401,0.700350068475,0.665371891501,0.157828895201,0.700350068475,-0.0781613378554,-0.0632748687255,-3844,-0.0118095238095,-0.00891502599016,-0.00793650793651,0,0.00793650793651,1504,16,237,13993,0.863871338311,0.998857877079,0.00114212292098,0.136128661689,0.989473684211,0.863871338311,0.922416436676,0.91612179297,0.86272921539,0.856004553216,359,580,0,3,2,3
319,WLNM_dir_neg_kfold,0.83120912604,0.330038362091,00:00:15,10,66.6666666667,16,14361,threshold_sweep,0.4,0.973988439306,0.581034482759,0.727861771058,337,9,243,1151,0.581034482759,0.99224137931,0.00775862068966,0.418965517241,0.973988439306,0.581034482759,0.727861771058,0.855172413793,0.600383141762,0.637583892617,0.677075674724,0.573275862069,1779,1199,580,0,1779,0,1199,0,580,126,1741,0.11053968254,3.35021095487,27.6349206349,14.6302521008,14.7542372881,19.3405700742,0.69985980165,0.389650173682,15.6125082129,1.12991156509,0.578854517108,9.15239928644,0.662379270587,0.377355652198,1.19779027155,0.357526820756,4.34256606628,3.35021095487,1.19779027155,4.34256606628,0.507119835952,0.563909424838,12128,0.0372596006144,0.110016681489,126,126,126,1,0,0.0555555555556,0.880952380952,0.0634920634921,126,0.0737142857143,3.15358171457,18.4285714286,10.0956521739,9.92307692308,12.9073179686,0.700397099072,0.389442598745,10.6000808622,1.15039637264,0.586255690907,6.15741132991,0.668246190843,0.379879140861,1.22131462922,0.38727857394,4.19032247383,3.15358171457,1.22131462922,4.19032247383,0.351966745911,0.391111569396,3793,0.0116528417819,0.0707288765448,126,126,126,1,0,0.0873015873016,0.84126984127,0.0714285714286,126,1507,0.0956825396825,3.17666862134,23.9206349206,13.1043478261,12.8803418803,16.6250910011,0.695010439991,0.390252893903,12.9993235477,1.08687111282,0.566251672091,8.56822109299,0.716387430469,0.40660515478,1.2049236066,0.379304154831,4.1090122578,3.17666862134,1.2049236066,4.1090122578,0.433761240081,0.503541335938,8247,0.02533640553,0.10273835177,126,126,126,1,0,0.0873015873016,0.84126984127,0.0714285714286,-234,-0.0148571428571,-0.173542333526,-3.71428571429,-1.52590427475,-1.87389540779,-2.7154790731,-0.00484936165844,0.00060272022019,-2.61318466519,-0.0430404522777,-0.0126028450173,-0.584178193446,0.0540081598826,0.0292495025826,0.00713333504208,0.0217773340756,-0.233553808473,-0.173542333526,0.00713333504208,-0.233553808473,-0.0733585958711,-0.0603680889,-3881,-0.0119231950845,-0.0072783297191,0.031746031746,-0.0396825396825,0.00793650793651,1498,9,243,14000,0.860425043079,0.999357555857,0.000642444143051,0.139574956921,0.99402786994,0.860425043079,0.922413793103,0.916503739123,0.859782598936,0.856,346,580,0,3,2,3
320,WLNM_dir_neg_kfold,0.83120912604,0.330038362091,00:00:15,10,66.6666666667,16,14361,threshold_sweep,0.5,0.973988439306,0.581034482759,0.727861771058,337,9,243,1151,0.581034482759,0.99224137931,0.00775862068966,0.418965517241,0.973988439306,0.581034482759,0.727861771058,0.855172413793,0.600383141762,0.637583892617,0.677075674724,0.573275862069,1779,1199,580,0,1779,0,1199,0,580,126,1741,0.11053968254,3.35021095487,27.6349206349,14.6302521008,14.7542372881,19.3405700742,0.69985980165,0.389650173682,15.6125082129,1.12991156509,0.578854517108,9.15239928644,0.662379270587,0.377355652198,1.19779027155,0.357526820756,4.34256606628,3.35021095487,1.19779027155,4.34256606628,0.507119835952,0.563909424838,12128,0.0372596006144,0.110016681489,126,126,126,1,0,0.0555555555556,0.880952380952,0.0634920634921,126,0.0737142857143,3.15358171457,18.4285714286,10.0956521739,9.92307692308,12.9073179686,0.700397099072,0.389442598745,10.6000808622,1.15039637264,0.586255690907,6.15741132991,0.668246190843,0.379879140861,1.22131462922,0.38727857394,4.19032247383,3.15358171457,1.22131462922,4.19032247383,0.351966745911,0.391111569396,3793,0.0116528417819,0.0707288765448,126,126,126,1,0,0.0873015873016,0.84126984127,0.0714285714286,126,1507,0.0956825396825,3.17666862134,23.9206349206,13.1043478261,12.8803418803,16.6250910011,0.695010439991,0.390252893903,12.9993235477,1.08687111282,0.566251672091,8.56822109299,0.716387430469,0.40660515478,1.2049236066,0.379304154831,4.1090122578,3.17666862134,1.2049236066,4.1090122578,0.433761240081,0.503541335938,8247,0.02533640553,0.10273835177,126,126,126,1,0,0.0873015873016,0.84126984127,0.0714285714286,-234,-0.0148571428571,-0.173542333526,-3.71428571429,-1.52590427475,-1.87389540779,-2.7154790731,-0.00484936165844,0.00060272022019,-2.61318466519,-0.0430404522777,-0.0126028450173,-0.584178193446,0.0540081598826,0.0292495025826,0.00713333504208,0.0217773340756,-0.233553808473,-0.173542333526,0.00713333504208,-0.233553808473,-0.0733585958711,-0.0603680889,-3881,-0.0119231950845,-0.0072783297191,0.031746031746,-0.0396825396825,0.00793650793651,1498,9,243,14000,0.860425043079,0.999357555857,0.000642444143051,0.139574956921,0.99402786994,0.860425043079,0.922413793103,0.916503739123,0.859782598936,0.856,346,580,0,3,2,3
321,WLNM_dir_neg_kfold,0.83120912604,0.330038362091,00:00:15,10,66.6666666667,16,14361,threshold_sweep,0.6,0.973988439306,0.581034482759,0.727861771058,337,9,243,1151,0.581034482759,0.99224137931,0.00775862068966,0.418965517241,0.973988439306,0.581034482759,0.727861771058,0.855172413793,0.600383141762,0.637583892617,0.677075674724,0.573275862069,1779,1199,580,0,1779,0,1199,0,580,126,1741,0.11053968254,3.35021095487,27.6349206349,14.6302521008,14.7542372881,19.3405700742,0.69985980165,0.389650173682,15.6125082129,1.12991156509,0.578854517108,9.15239928644,0.662379270587,0.377355652198,1.19779027155,0.357526820756,4.34256606628,3.35021095487,1.19779027155,4.34256606628,0.507119835952,0.563909424838,12128,0.0372596006144,0.110016681489,126,126,126,1,0,0.0555555555556,0.880952380952,0.0634920634921,126,0.0737142857143,3.15358171457,18.4285714286,10.0956521739,9.92307692308,12.9073179686,0.700397099072,0.389442598745,10.6000808622,1.15039637264,0.586255690907,6.15741132991,0.668246190843,0.379879140861,1.22131462922,0.38727857394,4.19032247383,3.15358171457,1.22131462922,4.19032247383,0.351966745911,0.391111569396,3793,0.0116528417819,0.0707288765448,126,126,126,1,0,0.0873015873016,0.84126984127,0.0714285714286,126,1507,0.0956825396825,3.17666862134,23.9206349206,13.1043478261,12.8803418803,16.6250910011,0.695010439991,0.390252893903,12.9993235477,1.08687111282,0.566251672091,8.56822109299,0.716387430469,0.40660515478,1.2049236066,0.379304154831,4.1090122578,3.17666862134,1.2049236066,4.1090122578,0.433761240081,0.503541335938,8247,0.02533640553,0.10273835177,126,126,126,1,0,0.0873015873016,0.84126984127,0.0714285714286,-234,-0.0148571428571,-0.173542333526,-3.71428571429,-1.52590427475,-1.87389540779,-2.7154790731,-0.00484936165844,0.00060272022019,-2.61318466519,-0.0430404522777,-0.0126028450173,-0.584178193446,0.0540081598826,0.0292495025826,0.00713333504208,0.0217773340756,-0.233553808473,-0.173542333526,0.00713333504208,-0.233553808473,-0.0733585958711,-0.0603680889,-3881,-0.0119231950845,-0.0072783297191,0.031746031746,-0.0396825396825,0.00793650793651,1498,9,243,14000,0.860425043079,0.999357555857,0.000642444143051,0.139574956921,0.99402786994,0.860425043079,0.922413793103,0.916503739123,0.859782598936,0.856,346,580,0,3,2,3
322,WLNM_dir_neg_kfold,0.83120912604,0.330038362091,00:00:15,10,66.6666666667,16,14361,threshold_sweep,0.7,0.973988439306,0.581034482759,0.727861771058,337,9,243,1151,0.581034482759,0.99224137931,0.00775862068966,0.418965517241,0.973988439306,0.581034482759,0.727861771058,0.855172413793,0.600383141762,0.637583892617,0.677075674724,0.573275862069,1779,1199,580,0,1779,0,1199,0,580,126,1741,0.11053968254,3.35021095487,27.6349206349,14.6302521008,14.7542372881,19.3405700742,0.69985980165,0.389650173682,15.6125082129,1.12991156509,0.578854517108,9.15239928644,0.662379270587,0.377355652198,1.19779027155,0.357526820756,4.34256606628,3.35021095487,1.19779027155,4.34256606628,0.507119835952,0.563909424838,12128,0.0372596006144,0.110016681489,126,126,126,1,0,0.0555555555556,0.880952380952,0.0634920634921,126,0.0737142857143,3.15358171457,18.4285714286,10.0956521739,9.92307692308,12.9073179686,0.700397099072,0.389442598745,10.6000808622,1.15039637264,0.586255690907,6.15741132991,0.668246190843,0.379879140861,1.22131462922,0.38727857394,4.19032247383,3.15358171457,1.22131462922,4.19032247383,0.351966745911,0.391111569396,3793,0.0116528417819,0.0707288765448,126,126,126,1,0,0.0873015873016,0.84126984127,0.0714285714286,126,1507,0.0956825396825,3.17666862134,23.9206349206,13.1043478261,12.8803418803,16.6250910011,0.695010439991,0.390252893903,12.9993235477,1.08687111282,0.566251672091,8.56822109299,0.716387430469,0.40660515478,1.2049236066,0.379304154831,4.1090122578,3.17666862134,1.2049236066,4.1090122578,0.433761240081,0.503541335938,8247,0.02533640553,0.10273835177,126,126,126,1,0,0.0873015873016,0.84126984127,0.0714285714286,-234,-0.0148571428571,-0.173542333526,-3.71428571429,-1.52590427475,-1.87389540779,-2.7154790731,-0.00484936165844,0.00060272022019,-2.61318466519,-0.0430404522777,-0.0126028450173,-0.584178193446,0.0540081598826,0.0292495025826,0.00713333504208,0.0217773340756,-0.233553808473,-0.173542333526,0.00713333504208,-0.233553808473,-0.0733585958711,-0.0603680889,-3881,-0.0119231950845,-0.0072783297191,0.031746031746,-0.0396825396825,0.00793650793651,1498,9,243,14000,0.860425043079,0.999357555857,0.000642444143051,0.139574956921,0.99402786994,0.860425043079,0.922413793103,0.916503739123,0.859782598936,0.856,346,580,0,3,2,3
323,WLNM_dir_neg_kfold,0.83120912604,0.330038362091,00:00:15,10,66.6666666667,16,14361,threshold_sweep,0.8,0.973988439306,0.581034482759,0.727861771058,337,9,243,1151,0.581034482759,0.99224137931,0.00775862068966,0.418965517241,0.973988439306,0.581034482759,0.727861771058,0.855172413793,0.600383141762,0.637583892617,0.677075674724,0.573275862069,1779,1199,580,0,1779,0,1199,0,580,126,1741,0.11053968254,3.35021095487,27.6349206349,14.6302521008,14.7542372881,19.3405700742,0.69985980165,0.389650173682,15.6125082129,1.12991156509,0.578854517108,9.15239928644,0.662379270587,0.377355652198,1.19779027155,0.357526820756,4.34256606628,3.35021095487,1.19779027155,4.34256606628,0.507119835952,0.563909424838,12128,0.0372596006144,0.110016681489,126,126,126,1,0,0.0555555555556,0.880952380952,0.0634920634921,126,0.0737142857143,3.15358171457,18.4285714286,10.0956521739,9.92307692308,12.9073179686,0.700397099072,0.389442598745,10.6000808622,1.15039637264,0.586255690907,6.15741132991,0.668246190843,0.379879140861,1.22131462922,0.38727857394,4.19032247383,3.15358171457,1.22131462922,4.19032247383,0.351966745911,0.391111569396,3793,0.0116528417819,0.0707288765448,126,126,126,1,0,0.0873015873016,0.84126984127,0.0714285714286,126,1507,0.0956825396825,3.17666862134,23.9206349206,13.1043478261,12.8803418803,16.6250910011,0.695010439991,0.390252893903,12.9993235477,1.08687111282,0.566251672091,8.56822109299,0.716387430469,0.40660515478,1.2049236066,0.379304154831,4.1090122578,3.17666862134,1.2049236066,4.1090122578,0.433761240081,0.503541335938,8247,0.02533640553,0.10273835177,126,126,126,1,0,0.0873015873016,0.84126984127,0.0714285714286,-234,-0.0148571428571,-0.173542333526,-3.71428571429,-1.52590427475,-1.87389540779,-2.7154790731,-0.00484936165844,0.00060272022019,-2.61318466519,-0.0430404522777,-0.0126028450173,-0.584178193446,0.0540081598826,0.0292495025826,0.00713333504208,0.0217773340756,-0.233553808473,-0.173542333526,0.00713333504208,-0.233553808473,-0.0733585958711,-0.0603680889,-3881,-0.0119231950845,-0.0072783297191,0.031746031746,-0.0396825396825,0.00793650793651,1498,9,243,14000,0.860425043079,0.999357555857,0.000642444143051,0.139574956921,0.99402786994,0.860425043079,0.922413793103,0.916503739123,0.859782598936,0.856,346,580,0,3,2,3
324,WLNM_dir_neg_kfold,0.83120912604,0.330038362091,00:00:15,10,66.6666666667,16,14361,threshold_sweep,0.9,0.973913043478,0.579310344828,0.726486486486,336,9,244,1151,0.579310344828,0.99224137931,0.00775862068966,0.420689655172,0.973913043478,0.579310344828,0.726486486486,0.854597701149,0.600574712644,0.635971223022,0.675774623487,0.571551724138,1779,1199,580,0,1779,0,1199,0,580,126,1741,0.11053968254,3.35021095487,27.6349206349,14.6302521008,14.7542372881,19.3405700742,0.69985980165,0.389650173682,15.6125082129,1.12991156509,0.578854517108,9.15239928644,0.662379270587,0.377355652198,1.19779027155,0.357526820756,4.34256606628,3.35021095487,1.19779027155,4.34256606628,0.507119835952,0.563909424838,12128,0.0372596006144,0.110016681489,126,126,126,1,0,0.0555555555556,0.880952380952,0.0634920634921,126,0.0737142857143,3.15358171457,18.4285714286,10.0956521739,9.92307692308,12.9073179686,0.700397099072,0.389442598745,10.6000808622,1.15039637264,0.586255690907,6.15741132991,0.668246190843,0.379879140861,1.22131462922,0.38727857394,4.19032247383,3.15358171457,1.22131462922,4.19032247383,0.351966745911,0.391111569396,3793,0.0116528417819,0.0707288765448,126,126,126,1,0,0.0873015873016,0.84126984127,0.0714285714286,126,1506,0.095619047619,3.17730260158,23.9047619048,13.0956521739,12.8717948718,16.6235633106,0.695408026939,0.390396087607,13.0020657699,1.08782223573,0.566464301524,8.55463116012,0.715726112998,0.406321802736,1.20513686159,0.379295588968,4.11021758449,3.17730260158,1.20513686159,4.11021758449,0.434078562765,0.504054274305,8247,0.02533640553,0.102460021351,126,126,126,1,0,0.0873015873016,0.84126984127,0.0714285714286,-235,-0.0149206349206,-0.17290835329,-3.73015873016,-1.53459992693,-1.88244241634,-2.71700676352,-0.0044517747107,0.000745913924904,-2.61044244298,-0.0420893293618,-0.0123902155843,-0.597768126318,0.0533468424115,0.0289661505384,0.00734659004013,0.0217687682122,-0.232348481789,-0.17290835329,0.00734659004013,-0.232348481789,-0.0730412731866,-0.0598551505332,-3881,-0.0119231950845,-0.00755666013712,0.031746031746,-0.0396825396825,0.00793650793651,1497,9,244,14000,0.85985066054,0.999357555857,0.000642444143051,0.14014933946,0.994023904382,0.85985066054,0.922081921774,0.916163332765,0.859208216397,0.855428571429,345,580,0,3,2,3
325,WLNM_dir_neg_kfold,0.802554994055,0.308071245117,00:00:15,10,66.6666666667,17,14362,threshold_sweep,0.1,0.892307692308,0.6,0.717525773196,348,42,232,1118,0.6,0.963793103448,0.0362068965517,0.4,0.892307692308,0.6,0.717525773196,0.842528735632,0.591954022989,0.614084507042,0.637328827363,0.563793103448,1779,1199,580,0,1779,0,1199,0,580,126,1741,0.11053968254,3.35021095487,27.6349206349,14.6302521008,14.7542372881,19.3405700742,0.69985980165,0.389650173682,15.6125082129,1.12991156509,0.578854517108,9.15239928644,0.662379270587,0.377355652198,1.19779027155,0.357526820756,4.34256606628,3.35021095487,1.19779027155,4.34256606628,0.507119835952,0.563909424838,12128,0.0372596006144,0.110016681489,126,126,126,1,0,0.0555555555556,0.880952380952,0.0634920634921,126,0.0737142857143,3.15358171457,18.4285714286,10.0956521739,9.92307692308,12.9073179686,0.700397099072,0.389442598745,10.6000808622,1.15039637264,0.586255690907,6.15741132991,0.668246190843,0.379879140861,1.22131462922,0.38727857394,4.19032247383,3.15358171457,1.22131462922,4.19032247383,0.351966745911,0.391111569396,3793,0.0116528417819,0.0707288765448,126,126,126,1,0,0.0873015873016,0.84126984127,0.0714285714286,126,1551,0.0984761904762,NaN,24.619047619,12.3095238095,13.2564102564,16.5272415813,0.671319290535,0.379059081187,12.7621090957,1.03676708321,0.537906931524,8.97771845022,0.729331092668,0.412242997349,NaN,NaN,NaN,NaN,NaN,NaN,0.451783217241,0.497499310834,8422,0.0258740399386,0.102448631996,126,126,0,1,2,0,0.928571428571,0.0714285714286,-190,-0.0120634920635,NaN,-3.01587301587,-2.32072829132,-1.49782703173,-2.81332849289,-0.0285405111146,-0.0105910924956,-2.85039911718,-0.0931444818809,-0.0409475855844,-0.174680836219,0.0669518220812,0.0348873451517,NaN,NaN,NaN,NaN,NaN,NaN,-0.055336618711,-0.0664101140047,-3706,-0.0113855606759,-0.00756804949235,-0.0555555555556,0.047619047619,0.00793650793651,1509,42,232,13967,0.866743251005,0.997001927332,0.00299807266757,0.133256748995,0.972920696325,0.866743251005,0.916767922236,0.908978918037,0.863745178338,0.846326416153,390,580,0,3,2,3
326,WLNM_dir_neg_kfold,0.802554994055,0.308071245117,00:00:15,10,66.6666666667,17,14362,threshold_sweep,0.2,0.910526315789,0.596551724138,0.720833333333,346,34,234,1126,0.596551724138,0.970689655172,0.0293103448276,0.403448275862,0.910526315789,0.596551724138,0.720833333333,0.845977011494,0.593869731801,0.620754716981,0.647216593487,0.56724137931,1779,1199,580,0,1779,0,1199,0,580,126,1741,0.11053968254,3.35021095487,27.6349206349,14.6302521008,14.7542372881,19.3405700742,0.69985980165,0.389650173682,15.6125082129,1.12991156509,0.578854517108,9.15239928644,0.662379270587,0.377355652198,1.19779027155,0.357526820756,4.34256606628,3.35021095487,1.19779027155,4.34256606628,0.507119835952,0.563909424838,12128,0.0372596006144,0.110016681489,126,126,126,1,0,0.0555555555556,0.880952380952,0.0634920634921,126,0.0737142857143,3.15358171457,18.4285714286,10.0956521739,9.92307692308,12.9073179686,0.700397099072,0.389442598745,10.6000808622,1.15039637264,0.586255690907,6.15741132991,0.668246190843,0.379879140861,1.22131462922,0.38727857394,4.19032247383,3.15358171457,1.22131462922,4.19032247383,0.351966745911,0.391111569396,3793,0.0116528417819,0.0707288765448,126,126,126,1,0,0.0873015873016,0.84126984127,0.0714285714286,126,1541,0.0978412698413,1,24.4603174603,12.328,13.1709401709,16.5034060938,0.674701222526,0.380509460977,12.7757036274,1.04460652631,0.541541773534,8.91664753002,0.729070466439,0.412456351781,0,0,0,NaN,NaN,NaN,0.448191900042,0.497778130455,8364,0.0256958525346,0.101496499178,126,126,0,1,2,0.00793650793651,0.920634920635,0.0714285714286,-200,-0.0126984126984,-2.35021095487,-3.1746031746,-2.30225210084,-1.5832971172,-2.83716398032,-0.025158579124,-0.00914071270565,-2.83680458554,-0.0853050387795,-0.0373127435744,-0.23575175642,0.0666911958523,0.0351006995838,-1.19779027155,-0.357526820756,-4.34256606628,NaN,NaN,NaN,-0.0589279359096,-0.0661312943829,-3764,-0.0115637480799,-0.00852018231089,-0.047619047619,0.0396825396825,0.00793650793651,1507,34,234,13975,0.865594485928,0.997572988793,0.00242701120708,0.134405514072,0.977936404932,0.865594485928,0.918342474101,0.910992798655,0.863167474721,0.849014084507,380,580,0,3,2,3
327,WLNM_dir_neg_kfold,0.802554994055,0.308071245117,00:00:15,10,66.6666666667,17,14362,threshold_sweep,0.3,0.953038674033,0.594827586207,0.732484076433,345,17,235,1143,0.594827586207,0.985344827586,0.0146551724138,0.405172413793,0.953038674033,0.594827586207,0.732484076433,0.855172413793,0.597318007663,0.640342530923,0.673784742426,0.580172413793,1779,1199,580,0,1779,0,1199,0,580,126,1741,0.11053968254,3.35021095487,27.6349206349,14.6302521008,14.7542372881,19.3405700742,0.69985980165,0.389650173682,15.6125082129,1.12991156509,0.578854517108,9.15239928644,0.662379270587,0.377355652198,1.19779027155,0.357526820756,4.34256606628,3.35021095487,1.19779027155,4.34256606628,0.507119835952,0.563909424838,12128,0.0372596006144,0.110016681489,126,126,126,1,0,0.0555555555556,0.880952380952,0.0634920634921,126,0.0737142857143,3.15358171457,18.4285714286,10.0956521739,9.92307692308,12.9073179686,0.700397099072,0.389442598745,10.6000808622,1.15039637264,0.586255690907,6.15741132991,0.668246190843,0.379879140861,1.22131462922,0.38727857394,4.19032247383,3.15358171457,1.22131462922,4.19032247383,0.351966745911,0.391111569396,3793,0.0116528417819,0.0707288765448,126,126,126,1,0,0.0873015873016,0.84126984127,0.0714285714286,126,1523,0.0966984126984,1,24.1746031746,12.3821138211,13.0170940171,16.5307371233,0.683805934846,0.384792962928,12.8667135454,1.06448188229,0.55337210393,8.75444558269,0.724267986487,0.410640027515,0,0,0,NaN,NaN,NaN,0.423300762728,0.498179037808,8253,0.0253548387097,0.100607093771,126,126,0,1,2,0.0238095238095,0.904761904762,0.0714285714286,-218,-0.0138412698413,-2.35021095487,-3.46031746032,-2.2481382797,-1.73714327104,-2.80983295082,-0.0160538668035,-0.00485721075412,-2.74579466748,-0.0654296828051,-0.0254824131782,-0.397953703747,0.0618887159,0.0332843753169,-1.19779027155,-0.357526820756,-4.34256606628,NaN,NaN,NaN,-0.0838190732237,-0.0657303870308,-3875,-0.0119047619048,-0.00940958771727,-0.031746031746,0.0238095238095,0.00793650793651,1506,17,235,13992,0.865020103389,0.998786494396,0.00121350560354,0.134979896611,0.988837820092,0.865020103389,0.922794117647,0.916458603565,0.863806597785,0.856655290102,362,580,0,3,2,3
328,WLNM_dir_neg_kfold,0.802554994055,0.308071245117,00:00:15,10,66.6666666667,17,14362,threshold_sweep,0.4,0.95567867036,0.594827586207,0.733262486716,345,16,235,1144,0.594827586207,0.986206896552,0.0137931034483,0.405172413793,0.95567867036,0.594827586207,0.733262486716,0.855747126437,0.597509578544,0.641599238458,0.675474820633,0.581034482759,1779,1199,580,0,1779,0,1199,0,580,126,1741,0.11053968254,3.35021095487,27.6349206349,14.6302521008,14.7542372881,19.3405700742,0.69985980165,0.389650173682,15.6125082129,1.12991156509,0.578854517108,9.15239928644,0.662379270587,0.377355652198,1.19779027155,0.357526820756,4.34256606628,3.35021095487,1.19779027155,4.34256606628,0.507119835952,0.563909424838,12128,0.0372596006144,0.110016681489,126,126,126,1,0,0.0555555555556,0.880952380952,0.0634920634921,126,0.0737142857143,3.15358171457,18.4285714286,10.0956521739,9.92307692308,12.9073179686,0.700397099072,0.389442598745,10.6000808622,1.15039637264,0.586255690907,6.15741132991,0.668246190843,0.379879140861,1.22131462922,0.38727857394,4.19032247383,3.15358171457,1.22131462922,4.19032247383,0.351966745911,0.391111569396,3793,0.0116528417819,0.0707288765448,126,126,126,1,0,0.0873015873016,0.84126984127,0.0714285714286,126,1522,0.0966349206349,1,24.1587301587,12.3739837398,13.0085470085,16.5333179723,0.684362044847,0.38509792879,12.8695629605,1.06541717018,0.553605322988,8.76045950813,0.725241720121,0.411144484075,0,0,0,NaN,NaN,NaN,0.422709358863,0.498237912077,8247,0.02533640553,0.100807592384,126,126,0,1,2,0.0238095238095,0.904761904762,0.0714285714286,-219,-0.0139047619048,-2.35021095487,-3.47619047619,-2.256268361,-1.74569027959,-2.80725210182,-0.0154977568025,-0.0045522448919,-2.74294525244,-0.0644943949095,-0.0252491941207,-0.391939778305,0.0628624495348,0.0337888318771,-1.19779027155,-0.357526820756,-4.34256606628,NaN,NaN,NaN,-0.084410477089,-0.0656715127616,-3881,-0.0119231950845,-0.00920908910445,-0.031746031746,0.0238095238095,0.00793650793651,1506,16,235,13993,0.865020103389,0.998857877079,0.00114212292098,0.134979896611,0.989487516426,0.865020103389,0.923076923077,0.916803163238,0.863877980468,0.857142857143,361,580,0,3,2,3
329,WLNM_dir_neg_kfold,0.802554994055,0.308071245117,00:00:15,10,66.6666666667,17,14362,threshold_sweep,0.5,0.982708933718,0.587931034483,0.735706580367,341,6,239,1154,0.587931034483,0.994827586207,0.0051724137931,0.412068965517,0.982708933718,0.587931034483,0.735706580367,0.859195402299,0.600191570881,0.647819837087,0.687529603247,0.58275862069,1779,1199,580,0,1779,0,1199,0,580,126,1741,0.11053968254,3.35021095487,27.6349206349,14.6302521008,14.7542372881,19.3405700742,0.69985980165,0.389650173682,15.6125082129,1.12991156509,0.578854517108,9.15239928644,0.662379270587,0.377355652198,1.19779027155,0.357526820756,4.34256606628,3.35021095487,1.19779027155,4.34256606628,0.507119835952,0.563909424838,12128,0.0372596006144,0.110016681489,126,126,126,1,0,0.0555555555556,0.880952380952,0.0634920634921,126,0.0737142857143,3.15358171457,18.4285714286,10.0956521739,9.92307692308,12.9073179686,0.700397099072,0.389442598745,10.6000808622,1.15039637264,0.586255690907,6.15741132991,0.668246190843,0.379879140861,1.22131462922,0.38727857394,4.19032247383,3.15358171457,1.22131462922,4.19032247383,0.351966745911,0.391111569396,3793,0.0116528417819,0.0707288765448,126,126,126,1,0,0.0873015873016,0.84126984127,0.0714285714286,126,1508,0.095746031746,3.17652474827,23.9365079365,13.1130434783,12.8888888889,16.611680725,0.693989314106,0.389720432824,12.9639108346,1.08319148883,0.565534082775,8.64308880707,0.722167897673,0.409677487264,1.20537278248,0.379462739314,4.12808988312,3.17652474827,1.20537278248,4.12808988312,0.425840700769,0.501818846912,8231,0.025287250384,0.103218701889,126,126,126,1,0,0.0873015873016,0.84126984127,0.0714285714286,-233,-0.0147936507937,-0.173686206596,-3.69841269841,-1.51720862258,-1.86534839925,-2.72888934921,-0.00587048754349,7.02591415418e-05,-2.64859737834,-0.0467200762623,-0.0133204343329,-0.509310479364,0.0597886270867,0.032321835066,0.00758251092297,0.0219359185582,-0.21447618316,-0.173686206596,0.00758251092297,-0.21447618316,-0.0812791351831,-0.0620905779264,-3897,-0.0119723502304,-0.00679797959997,0.031746031746,-0.0396825396825,0.00793650793651,1502,6,239,14003,0.862722573234,0.999571703905,0.000428296095367,0.137277426766,0.996021220159,0.862722573234,0.92459218221,0.918908556484,0.862294277138,0.859759587865,347,580,0,3,2,3
330,WLNM_dir_neg_kfold,0.802554994055,0.308071245117,00:00:15,10,66.6666666667,17,14362,threshold_sweep,0.6,0.982658959538,0.586206896552,0.7343412527,340,6,240,1154,0.586206896552,0.994827586207,0.0051724137931,0.413793103448,0.982658959538,0.586206896552,0.7343412527,0.858620689655,0.600383141762,0.646212847555,0.686239104908,0.581034482759,1779,1199,580,0,1779,0,1199,0,580,126,1741,0.11053968254,3.35021095487,27.6349206349,14.6302521008,14.7542372881,19.3405700742,0.69985980165,0.389650173682,15.6125082129,1.12991156509,0.578854517108,9.15239928644,0.662379270587,0.377355652198,1.19779027155,0.357526820756,4.34256606628,3.35021095487,1.19779027155,4.34256606628,0.507119835952,0.563909424838,12128,0.0372596006144,0.110016681489,126,126,126,1,0,0.0555555555556,0.880952380952,0.0634920634921,126,0.0737142857143,3.15358171457,18.4285714286,10.0956521739,9.92307692308,12.9073179686,0.700397099072,0.389442598745,10.6000808622,1.15039637264,0.586255690907,6.15741132991,0.668246190843,0.379879140861,1.22131462922,0.38727857394,4.19032247383,3.15358171457,1.22131462922,4.19032247383,0.351966745911,0.391111569396,3793,0.0116528417819,0.0707288765448,126,126,126,1,0,0.0873015873016,0.84126984127,0.0714285714286,126,1507,0.0956825396825,3.17595802215,23.9206349206,13.1043478261,12.8803418803,16.5797964642,0.693116905935,0.389347068179,12.9537026637,1.08305675887,0.565419576368,8.6324048039,0.721753819039,0.40943849338,1.20469913453,0.37931834304,4.12608101047,3.17595802215,1.20469913453,4.12608101047,0.424786087834,0.500264787355,8187,0.0251520737327,0.103151530963,126,126,126,1,0,0.0873015873016,0.84126984127,0.0714285714286,-234,-0.0148571428571,-0.174252932717,-3.71428571429,-1.52590427475,-1.87389540779,-2.76077360998,-0.00674289571527,-0.000303105503154,-2.65880554926,-0.046854806221,-0.0134349407399,-0.519994482538,0.0593745484522,0.0320828411824,0.00690886297228,0.0217915222844,-0.216485055803,-0.174252932717,0.00690886297228,-0.216485055803,-0.0823337481182,-0.063644637483,-3941,-0.0121075268817,-0.00686515052604,0.031746031746,-0.0396825396825,0.00793650793651,1501,6,240,14003,0.862148190695,0.999571703905,0.000428296095367,0.137851809305,0.99601857996,0.862148190695,0.924261083744,0.918568841071,0.8617198946,0.859187178019,346,580,0,3,2,3
331,WLNM_dir_neg_kfold,0.802554994055,0.308071245117,00:00:15,10,66.6666666667,17,14362,threshold_sweep,0.7,0.982608695652,0.584482758621,0.732972972973,339,6,241,1154,0.584482758621,0.994827586207,0.0051724137931,0.415517241379,0.982608695652,0.584482758621,0.732972972973,0.858045977011,0.600574712644,0.644604316547,0.684948034665,0.579310344828,1779,1199,580,0,1779,0,1199,0,580,126,1741,0.11053968254,3.35021095487,27.6349206349,14.6302521008,14.7542372881,19.3405700742,0.69985980165,0.389650173682,15.6125082129,1.12991156509,0.578854517108,9.15239928644,0.662379270587,0.377355652198,1.19779027155,0.357526820756,4.34256606628,3.35021095487,1.19779027155,4.34256606628,0.507119835952,0.563909424838,12128,0.0372596006144,0.110016681489,126,126,126,1,0,0.0555555555556,0.880952380952,0.0634920634921,126,0.0737142857143,3.15358171457,18.4285714286,10.0956521739,9.92307692308,12.9073179686,0.700397099072,0.389442598745,10.6000808622,1.15039637264,0.586255690907,6.15741132991,0.668246190843,0.379879140861,1.22131462922,0.38727857394,4.19032247383,3.15358171457,1.22131462922,4.19032247383,0.351966745911,0.391111569396,3793,0.0116528417819,0.0707288765448,126,126,126,1,0,0.0873015873016,0.84126984127,0.0714285714286,126,1506,0.095619047619,3.17629468518,23.9047619048,13.0956521739,12.8717948718,16.5681277501,0.693089009465,0.389310482936,12.9391543111,1.08255872722,0.565199519383,8.61798783277,0.721026870471,0.409125403149,1.2051360257,0.379415685618,4.12613501883,3.17629468518,1.2051360257,4.12613501883,0.424970697679,0.500611920206,8181,0.025133640553,0.103101761773,126,126,126,1,0,0.0873015873016,0.84126984127,0.0714285714286,-235,-0.0149206349206,-0.173916269685,-3.73015873016,-1.53459992693,-1.88244241634,-2.77244232409,-0.00677079218447,-0.000339690746358,-2.67335390185,-0.0473528378723,-0.0136549977256,-0.534411453673,0.0586475998839,0.0317697509516,0.00734575414917,0.0218888648624,-0.216431047451,-0.173916269685,0.00734575414917,-0.216431047451,-0.0821491382725,-0.0632975046328,-3947,-0.0121259600614,-0.00691491971525,0.031746031746,-0.0396825396825,0.00793650793651,1500,6,241,14003,0.861573808156,0.999571703905,0.000428296095367,0.138426191844,0.996015936255,0.861573808156,0.923929781337,0.918229047709,0.861145512061,0.858614768174,345,580,0,3,2,3
332,WLNM_dir_neg_kfold,0.802554994055,0.308071245117,00:00:15,10,66.6666666667,17,14362,threshold_sweep,0.8,0.982608695652,0.584482758621,0.732972972973,339,6,241,1154,0.584482758621,0.994827586207,0.0051724137931,0.415517241379,0.982608695652,0.584482758621,0.732972972973,0.858045977011,0.600574712644,0.644604316547,0.684948034665,0.579310344828,1779,1199,580,0,1779,0,1199,0,580,126,1741,0.11053968254,3.35021095487,27.6349206349,14.6302521008,14.7542372881,19.3405700742,0.69985980165,0.389650173682,15.6125082129,1.12991156509,0.578854517108,9.15239928644,0.662379270587,0.377355652198,1.19779027155,0.357526820756,4.34256606628,3.35021095487,1.19779027155,4.34256606628,0.507119835952,0.563909424838,12128,0.0372596006144,0.110016681489,126,126,126,1,0,0.0555555555556,0.880952380952,0.0634920634921,126,0.0737142857143,3.15358171457,18.4285714286,10.0956521739,9.92307692308,12.9073179686,0.700397099072,0.389442598745,10.6000808622,1.15039637264,0.586255690907,6.15741132991,0.668246190843,0.379879140861,1.22131462922,0.38727857394,4.19032247383,3.15358171457,1.22131462922,4.19032247383,0.351966745911,0.391111569396,3793,0.0116528417819,0.0707288765448,126,126,126,1,0,0.0873015873016,0.84126984127,0.0714285714286,126,1506,0.095619047619,3.17629468518,23.9047619048,13.0956521739,12.8717948718,16.5681277501,0.693089009465,0.389310482936,12.9391543111,1.08255872722,0.565199519383,8.61798783277,0.721026870471,0.409125403149,1.2051360257,0.379415685618,4.12613501883,3.17629468518,1.2051360257,4.12613501883,0.424970697679,0.500611920206,8181,0.025133640553,0.103101761773,126,126,126,1,0,0.0873015873016,0.84126984127,0.0714285714286,-235,-0.0149206349206,-0.173916269685,-3.73015873016,-1.53459992693,-1.88244241634,-2.77244232409,-0.00677079218447,-0.000339690746358,-2.67335390185,-0.0473528378723,-0.0136549977256,-0.534411453673,0.0586475998839,0.0317697509516,0.00734575414917,0.0218888648624,-0.216431047451,-0.173916269685,0.00734575414917,-0.216431047451,-0.0821491382725,-0.0632975046328,-3947,-0.0121259600614,-0.00691491971525,0.031746031746,-0.0396825396825,0.00793650793651,1500,6,241,14003,0.861573808156,0.999571703905,0.000428296095367,0.138426191844,0.996015936255,0.861573808156,0.923929781337,0.918229047709,0.861145512061,0.858614768174,345,580,0,3,2,3
333,WLNM_dir_neg_kfold,0.802554994055,0.308071245117,00:00:15,10,66.6666666667,17,14362,threshold_sweep,0.9,0.982558139535,0.58275862069,0.731601731602,338,6,242,1154,0.58275862069,0.994827586207,0.0051724137931,0.41724137931,0.982558139535,0.58275862069,0.731601731602,0.857471264368,0.600766283525,0.642994241843,0.68365638531,0.577586206897,1779,1199,580,0,1779,0,1199,0,580,126,1741,0.11053968254,3.35021095487,27.6349206349,14.6302521008,14.7542372881,19.3405700742,0.69985980165,0.389650173682,15.6125082129,1.12991156509,0.578854517108,9.15239928644,0.662379270587,0.377355652198,1.19779027155,0.357526820756,4.34256606628,3.35021095487,1.19779027155,4.34256606628,0.507119835952,0.563909424838,12128,0.0372596006144,0.110016681489,126,126,126,1,0,0.0555555555556,0.880952380952,0.0634920634921,126,0.0737142857143,3.15358171457,18.4285714286,10.0956521739,9.92307692308,12.9073179686,0.700397099072,0.389442598745,10.6000808622,1.15039637264,0.586255690907,6.15741132991,0.668246190843,0.379879140861,1.22131462922,0.38727857394,4.19032247383,3.15358171457,1.22131462922,4.19032247383,0.351966745911,0.391111569396,3793,0.0116528417819,0.0707288765448,126,126,126,1,0,0.0873015873016,0.84126984127,0.0714285714286,126,1505,0.0955555555556,3.17449940354,23.8888888889,13.0869565217,12.8632478632,16.5689938003,0.693585786991,0.389553340716,12.9425225087,1.08356002399,0.565495965828,8.61933227628,0.721618516154,0.40945525497,1.2038106396,0.379212747138,4.1238925759,3.17449940354,1.2038106396,4.1238925759,0.425247980309,0.501061614471,8181,0.025133640553,0.10304637877,126,126,126,1,0,0.0873015873016,0.84126984127,0.0714285714286,-236,-0.0149841269841,-0.175711551326,-3.74603174603,-1.5432955791,-1.89098942489,-2.77157627383,-0.00627401465903,-9.68329662079e-05,-2.66998570419,-0.046351541107,-0.0133585512802,-0.533067010161,0.0592392455669,0.0320996027725,0.00602036805013,0.0216859263823,-0.218673490379,-0.175711551326,0.00602036805013,-0.218673490379,-0.0818718556423,-0.0628478103678,-3947,-0.0121259600614,-0.00697030271818,0.031746031746,-0.0396825396825,0.00793650793651,1499,6,242,14003,0.860999425617,0.999571703905,0.000428296095367,0.139000574383,0.996013289037,0.860999425617,0.9235982748,0.9178891763,0.860571129522,0.858042358329,344,580,0,3,2,3
334,WLNM_dir_neg_kfold,0.793625148633,0.294155648008,00:00:15,10,66.6666666667,18,14363,threshold_sweep,0.1,0.924932975871,0.594827586207,0.724029380902,345,28,235,1132,0.594827586207,0.975862068966,0.0241379310345,0.405172413793,0.924932975871,0.594827586207,0.724029380902,0.848850574713,0.595210727969,0.626597255088,0.655547730824,0.570689655172,1779,1199,580,0,1779,0,1199,0,580,126,1741,0.11053968254,3.35021095487,27.6349206349,14.6302521008,14.7542372881,19.3405700742,0.69985980165,0.389650173682,15.6125082129,1.12991156509,0.578854517108,9.15239928644,0.662379270587,0.377355652198,1.19779027155,0.357526820756,4.34256606628,3.35021095487,1.19779027155,4.34256606628,0.507119835952,0.563909424838,12128,0.0372596006144,0.110016681489,126,126,126,1,0,0.0555555555556,0.880952380952,0.0634920634921,126,0.0737142857143,3.15358171457,18.4285714286,10.0956521739,9.92307692308,12.9073179686,0.700397099072,0.389442598745,10.6000808622,1.15039637264,0.586255690907,6.15741132991,0.668246190843,0.379879140861,1.22131462922,0.38727857394,4.19032247383,3.15358171457,1.22131462922,4.19032247383,0.351966745911,0.391111569396,3793,0.0116528417819,0.0707288765448,126,126,126,1,0,0.0873015873016,0.84126984127,0.0714285714286,126,1534,0.0973968253968,5.91396357262,24.3492063492,12.3709677419,13.1111111111,16.4605309564,0.676019198338,0.38096272842,12.7850408619,1.05014025333,0.545156350241,8.798253795,0.722672736747,0.409511392562,1.54365955317,0.261019455769,6.99948519999,5.91396357262,1.54365955317,6.99948519999,0.440046587917,0.497433541712,8302,0.0255053763441,0.0996618000405,126,126,126,1,0,0.015873015873,0.912698412698,0.0714285714286,-207,-0.0131428571429,2.56375261776,-3.28571428571,-2.2592843589,-1.64312617702,-2.88003911781,-0.023840603312,-0.00868744526198,-2.82746735099,-0.0797713117665,-0.0336981668673,-0.354145491437,0.0602934661606,0.0321557403645,0.345869281612,-0.0965073649863,2.65691913372,2.56375261776,0.345869281612,2.65691913372,-0.0670732480343,-0.066475883126,-3826,-0.0117542242704,-0.0103548814481,-0.0396825396825,0.031746031746,0.00793650793651,1506,28,235,13981,0.865020103389,0.998001284888,0.00199871511171,0.134979896611,0.981747066493,0.865020103389,0.919694656489,0.912689648662,0.863021388277,0.851328434144,373,580,0,3,2,3
335,WLNM_dir_neg_kfold,0.793625148633,0.294155648008,00:00:15,10,66.6666666667,18,14363,threshold_sweep,0.2,0.927223719677,0.593103448276,0.723449001052,344,27,236,1133,0.593103448276,0.976724137931,0.023275862069,0.406896551724,0.927223719677,0.593103448276,0.723449001052,0.848850574713,0.595593869732,0.626243486499,0.655839821513,0.569827586207,1779,1199,580,0,1779,0,1199,0,580,126,1741,0.11053968254,3.35021095487,27.6349206349,14.6302521008,14.7542372881,19.3405700742,0.69985980165,0.389650173682,15.6125082129,1.12991156509,0.578854517108,9.15239928644,0.662379270587,0.377355652198,1.19779027155,0.357526820756,4.34256606628,3.35021095487,1.19779027155,4.34256606628,0.507119835952,0.563909424838,12128,0.0372596006144,0.110016681489,126,126,126,1,0,0.0555555555556,0.880952380952,0.0634920634921,126,0.0737142857143,3.15358171457,18.4285714286,10.0956521739,9.92307692308,12.9073179686,0.700397099072,0.389442598745,10.6000808622,1.15039637264,0.586255690907,6.15741132991,0.668246190843,0.379879140861,1.22131462922,0.38727857394,4.19032247383,3.15358171457,1.22131462922,4.19032247383,0.351966745911,0.391111569396,3793,0.0116528417819,0.0707288765448,126,126,126,1,0,0.0873015873016,0.84126984127,0.0714285714286,126,1532,0.0972698412698,5.80063809374,24.3174603175,12.3548387097,13.094017094,16.4553460218,0.676688511342,0.381216585851,12.7921305174,1.05209428537,0.545940569439,8.77761944804,0.721919092985,0.409072070952,1.50537777014,0.259519340081,6.86554309044,5.80063809374,1.50537777014,6.86554309044,0.440236748561,0.498168718103,8297,0.025490015361,0.0994234248112,126,126,126,1,0,0.015873015873,0.912698412698,0.0714285714286,-209,-0.0132698412698,2.45042713888,-3.31746031746,-2.27541339116,-1.66022019412,-2.88522405233,-0.0231712903079,-0.00843358783129,-2.8203776955,-0.0778172797185,-0.0329139476691,-0.3747798384,0.0595398223983,0.0317164187543,0.307587498585,-0.0980074806743,2.52297702416,2.45042713888,0.307587498585,2.52297702416,-0.0668830873903,-0.0657407067358,-3831,-0.0117695852535,-0.0105932566774,-0.0396825396825,0.031746031746,0.00793650793651,1505,27,236,13982,0.86444572085,0.998072667571,0.00192733242915,0.13555427915,0.982375979112,0.86444572085,0.91964558509,0.912688710109,0.862518388421,0.851244343891,371,580,0,3,2,3
336,WLNM_dir_neg_kfold,0.793625148633,0.294155648008,00:00:15,10,66.6666666667,18,14363,threshold_sweep,0.3,0.945054945055,0.593103448276,0.728813559322,344,20,236,1140,0.593103448276,0.98275862069,0.0172413793103,0.406896551724,0.945054945055,0.593103448276,0.728813559322,0.852873563218,0.5969348659,0.634980988593,0.667423594914,0.575862068966,1779,1199,580,0,1779,0,1199,0,580,126,1741,0.11053968254,3.35021095487,27.6349206349,14.6302521008,14.7542372881,19.3405700742,0.69985980165,0.389650173682,15.6125082129,1.12991156509,0.578854517108,9.15239928644,0.662379270587,0.377355652198,1.19779027155,0.357526820756,4.34256606628,3.35021095487,1.19779027155,4.34256606628,0.507119835952,0.563909424838,12128,0.0372596006144,0.110016681489,126,126,126,1,0,0.0555555555556,0.880952380952,0.0634920634921,126,0.0737142857143,3.15358171457,18.4285714286,10.0956521739,9.92307692308,12.9073179686,0.700397099072,0.389442598745,10.6000808622,1.15039637264,0.586255690907,6.15741132991,0.668246190843,0.379879140861,1.22131462922,0.38727857394,4.19032247383,3.15358171457,1.22131462922,4.19032247383,0.351966745911,0.391111569396,3793,0.0116528417819,0.0707288765448,126,126,126,1,0,0.0873015873016,0.84126984127,0.0714285714286,126,1525,0.0968253968254,5.051817194,24.2063492063,12.3983739837,13.0341880342,16.481416182,0.680871619323,0.383242258652,12.834845922,1.06045284339,0.550887327609,8.73597560901,0.721792083105,0.408935727296,1.42326204636,0.281732689783,6.19970953948,5.051817194,1.42326204636,6.19970953948,0.430158984707,0.4980296755,8257,0.0253671274962,0.0983278119363,126,126,126,1,0,0.0238095238095,0.904761904762,0.0714285714286,-216,-0.0137142857143,1.70160623914,-3.42857142857,-2.2318781171,-1.72004925395,-2.85915389214,-0.0189881823269,-0.00640791503024,-2.77766229093,-0.0694587217026,-0.0279671894998,-0.416423677426,0.0594128125187,0.0315800750987,0.225471774806,-0.0757941309723,1.8571434732,1.70160623914,0.225471774806,1.8571434732,-0.0769608512451,-0.0658797493388,-3871,-0.0118924731183,-0.0116888695523,-0.031746031746,0.0238095238095,0.00793650793651,1505,20,236,13989,0.86444572085,0.998572346349,0.00142765365122,0.13555427915,0.986885245902,0.86444572085,0.921616656461,0.915085727066,0.863018067199,0.854628052243,364,580,0,3,2,3
337,WLNM_dir_neg_kfold,0.793625148633,0.294155648008,00:00:15,10,66.6666666667,18,14363,threshold_sweep,0.4,0.974137931034,0.584482758621,0.730603448276,339,9,241,1151,0.584482758621,0.99224137931,0.00775862068966,0.415517241379,0.974137931034,0.584482758621,0.730603448276,0.85632183908,0.6,0.640804597701,0.679675914675,0.576724137931,1779,1199,580,0,1779,0,1199,0,580,126,1741,0.11053968254,3.35021095487,27.6349206349,14.6302521008,14.7542372881,19.3405700742,0.69985980165,0.389650173682,15.6125082129,1.12991156509,0.578854517108,9.15239928644,0.662379270587,0.377355652198,1.19779027155,0.357526820756,4.34256606628,3.35021095487,1.19779027155,4.34256606628,0.507119835952,0.563909424838,12128,0.0372596006144,0.110016681489,126,126,126,1,0,0.0555555555556,0.880952380952,0.0634920634921,126,0.0737142857143,3.15358171457,18.4285714286,10.0956521739,9.92307692308,12.9073179686,0.700397099072,0.389442598745,10.6000808622,1.15039637264,0.586255690907,6.15741132991,0.668246190843,0.379879140861,1.22131462922,0.38727857394,4.19032247383,3.15358171457,1.22131462922,4.19032247383,0.351966745911,0.391111569396,3793,0.0116528417819,0.0707288765448,126,126,126,1,0,0.0873015873016,0.84126984127,0.0714285714286,126,1509,0.0958095238095,3.2138622841,23.9523809524,13.1217391304,12.8974358974,16.5654373406,0.691598775652,0.388468133001,12.9358195941,1.08012807744,0.563492063492,8.62133566052,0.719872957738,0.408033281791,1.21247132921,0.377263000724,4.13651287632,3.2138622841,1.21247132921,4.13651287632,0.433090434008,0.502154296399,8236,0.0253026113671,0.10269896392,126,126,126,1,0,0.0873015873016,0.84126984127,0.0714285714286,-232,-0.0147301587302,-0.136348670768,-3.68253968254,-1.50851297041,-1.8568013907,-2.77513273355,-0.00826102599806,-0.0011820406814,-2.6766886188,-0.0497834876526,-0.0153624536163,-0.531063625915,0.057493687151,0.030677629593,0.0146810576603,0.0197361799689,-0.206053189961,-0.136348670768,0.0146810576603,-0.206053189961,-0.0740294019442,-0.0617551284398,-3892,-0.0119569892473,-0.00731771756861,0.031746031746,-0.0396825396825,0.00793650793651,1500,9,241,14000,0.861573808156,0.999357555857,0.000642444143051,0.138426191844,0.994035785288,0.861573808156,0.923076923077,0.917184316162,0.860931364013,0.857142857143,348,580,0,3,2,3
338,WLNM_dir_neg_kfold,0.793625148633,0.294155648008,00:00:15,10,66.6666666667,18,14363,threshold_sweep,0.5,0.976945244957,0.584482758621,0.731391585761,339,8,241,1152,0.584482758621,0.993103448276,0.00689655172414,0.415517241379,0.976945244957,0.584482758621,0.731391585761,0.856896551724,0.600191570881,0.642069956876,0.68142726949,0.577586206897,1779,1199,580,0,1779,0,1199,0,580,126,1741,0.11053968254,3.35021095487,27.6349206349,14.6302521008,14.7542372881,19.3405700742,0.69985980165,0.389650173682,15.6125082129,1.12991156509,0.578854517108,9.15239928644,0.662379270587,0.377355652198,1.19779027155,0.357526820756,4.34256606628,3.35021095487,1.19779027155,4.34256606628,0.507119835952,0.563909424838,12128,0.0372596006144,0.110016681489,126,126,126,1,0,0.0555555555556,0.880952380952,0.0634920634921,126,0.0737142857143,3.15358171457,18.4285714286,10.0956521739,9.92307692308,12.9073179686,0.700397099072,0.389442598745,10.6000808622,1.15039637264,0.586255690907,6.15741132991,0.668246190843,0.379879140861,1.22131462922,0.38727857394,4.19032247383,3.15358171457,1.22131462922,4.19032247383,0.351966745911,0.391111569396,3793,0.0116528417819,0.0707288765448,126,126,126,1,0,0.0873015873016,0.84126984127,0.0714285714286,126,1508,0.095746031746,3.21440824344,23.9365079365,13.1130434783,12.8888888889,16.5784177927,0.692599682319,0.389009936424,12.9385850898,1.08107541202,0.563734158562,8.62362940571,0.720541979522,0.40840385668,1.21263778859,0.37725070892,4.136679477,3.21440824344,1.21263778859,4.136679477,0.434296943547,0.502358490566,8236,0.0253026113671,0.102920148635,126,126,126,1,0,0.0873015873016,0.84126984127,0.0714285714286,-233,-0.0147936507937,-0.135802711431,-3.69841269841,-1.51720862258,-1.86534839925,-2.76215228151,-0.00726011933053,-0.00064023725861,-2.67392312308,-0.0488361530777,-0.0151203585466,-0.528769880732,0.0581627089353,0.031048204482,0.0148475170409,0.0197238881645,-0.205886589277,-0.135802711431,0.0148475170409,-0.205886589277,-0.0728228924043,-0.0615509342724,-3892,-0.0119569892473,-0.0070965328533,0.031746031746,-0.0396825396825,0.00793650793651,1500,8,241,14001,0.861573808156,0.99942893854,0.00057106146049,0.138426191844,0.994694960212,0.861573808156,0.923361034164,0.917532230088,0.861002746696,0.857632933105,347,580,0,3,2,3
339,WLNM_dir_neg_kfold,0.793625148633,0.294155648008,00:00:15,10,66.6666666667,18,14363,threshold_sweep,0.6,0.976945244957,0.584482758621,0.731391585761,339,8,241,1152,0.584482758621,0.993103448276,0.00689655172414,0.415517241379,0.976945244957,0.584482758621,0.731391585761,0.856896551724,0.600191570881,0.642069956876,0.68142726949,0.577586206897,1779,1199,580,0,1779,0,1199,0,580,126,1741,0.11053968254,3.35021095487,27.6349206349,14.6302521008,14.7542372881,19.3405700742,0.69985980165,0.389650173682,15.6125082129,1.12991156509,0.578854517108,9.15239928644,0.662379270587,0.377355652198,1.19779027155,0.357526820756,4.34256606628,3.35021095487,1.19779027155,4.34256606628,0.507119835952,0.563909424838,12128,0.0372596006144,0.110016681489,126,126,126,1,0,0.0555555555556,0.880952380952,0.0634920634921,126,0.0737142857143,3.15358171457,18.4285714286,10.0956521739,9.92307692308,12.9073179686,0.700397099072,0.389442598745,10.6000808622,1.15039637264,0.586255690907,6.15741132991,0.668246190843,0.379879140861,1.22131462922,0.38727857394,4.19032247383,3.15358171457,1.22131462922,4.19032247383,0.351966745911,0.391111569396,3793,0.0116528417819,0.0707288765448,126,126,126,1,0,0.0873015873016,0.84126984127,0.0714285714286,126,1508,0.095746031746,3.21440824344,23.9365079365,13.1130434783,12.8888888889,16.5784177927,0.692599682319,0.389009936424,12.9385850898,1.08107541202,0.563734158562,8.62362940571,0.720541979522,0.40840385668,1.21263778859,0.37725070892,4.136679477,3.21440824344,1.21263778859,4.136679477,0.434296943547,0.502358490566,8236,0.0253026113671,0.102920148635,126,126,126,1,0,0.0873015873016,0.84126984127,0.0714285714286,-233,-0.0147936507937,-0.135802711431,-3.69841269841,-1.51720862258,-1.86534839925,-2.76215228151,-0.00726011933053,-0.00064023725861,-2.67392312308,-0.0488361530777,-0.0151203585466,-0.528769880732,0.0581627089353,0.031048204482,0.0148475170409,0.0197238881645,-0.205886589277,-0.135802711431,0.0148475170409,-0.205886589277,-0.0728228924043,-0.0615509342724,-3892,-0.0119569892473,-0.0070965328533,0.031746031746,-0.0396825396825,0.00793650793651,1500,8,241,14001,0.861573808156,0.99942893854,0.00057106146049,0.138426191844,0.994694960212,0.861573808156,0.923361034164,0.917532230088,0.861002746696,0.857632933105,347,580,0,3,2,3
340,WLNM_dir_neg_kfold,0.793625148633,0.294155648008,00:00:15,10,66.6666666667,18,14363,threshold_sweep,0.7,0.976945244957,0.584482758621,0.731391585761,339,8,241,1152,0.584482758621,0.993103448276,0.00689655172414,0.415517241379,0.976945244957,0.584482758621,0.731391585761,0.856896551724,0.600191570881,0.642069956876,0.68142726949,0.577586206897,1779,1199,580,0,1779,0,1199,0,580,126,1741,0.11053968254,3.35021095487,27.6349206349,14.6302521008,14.7542372881,19.3405700742,0.69985980165,0.389650173682,15.6125082129,1.12991156509,0.578854517108,9.15239928644,0.662379270587,0.377355652198,1.19779027155,0.357526820756,4.34256606628,3.35021095487,1.19779027155,4.34256606628,0.507119835952,0.563909424838,12128,0.0372596006144,0.110016681489,126,126,126,1,0,0.0555555555556,0.880952380952,0.0634920634921,126,0.0737142857143,3.15358171457,18.4285714286,10.0956521739,9.92307692308,12.9073179686,0.700397099072,0.389442598745,10.6000808622,1.15039637264,0.586255690907,6.15741132991,0.668246190843,0.379879140861,1.22131462922,0.38727857394,4.19032247383,3.15358171457,1.22131462922,4.19032247383,0.351966745911,0.391111569396,3793,0.0116528417819,0.0707288765448,126,126,126,1,0,0.0873015873016,0.84126984127,0.0714285714286,126,1508,0.095746031746,3.21440824344,23.9365079365,13.1130434783,12.8888888889,16.5784177927,0.692599682319,0.389009936424,12.9385850898,1.08107541202,0.563734158562,8.62362940571,0.720541979522,0.40840385668,1.21263778859,0.37725070892,4.136679477,3.21440824344,1.21263778859,4.136679477,0.434296943547,0.502358490566,8236,0.0253026113671,0.102920148635,126,126,126,1,0,0.0873015873016,0.84126984127,0.0714285714286,-233,-0.0147936507937,-0.135802711431,-3.69841269841,-1.51720862258,-1.86534839925,-2.76215228151,-0.00726011933053,-0.00064023725861,-2.67392312308,-0.0488361530777,-0.0151203585466,-0.528769880732,0.0581627089353,0.031048204482,0.0148475170409,0.0197238881645,-0.205886589277,-0.135802711431,0.0148475170409,-0.205886589277,-0.0728228924043,-0.0615509342724,-3892,-0.0119569892473,-0.0070965328533,0.031746031746,-0.0396825396825,0.00793650793651,1500,8,241,14001,0.861573808156,0.99942893854,0.00057106146049,0.138426191844,0.994694960212,0.861573808156,0.923361034164,0.917532230088,0.861002746696,0.857632933105,347,580,0,3,2,3
341,WLNM_dir_neg_kfold,0.793625148633,0.294155648008,00:00:15,10,66.6666666667,18,14363,threshold_sweep,0.8,0.976945244957,0.584482758621,0.731391585761,339,8,241,1152,0.584482758621,0.993103448276,0.00689655172414,0.415517241379,0.976945244957,0.584482758621,0.731391585761,0.856896551724,0.600191570881,0.642069956876,0.68142726949,0.577586206897,1779,1199,580,0,1779,0,1199,0,580,126,1741,0.11053968254,3.35021095487,27.6349206349,14.6302521008,14.7542372881,19.3405700742,0.69985980165,0.389650173682,15.6125082129,1.12991156509,0.578854517108,9.15239928644,0.662379270587,0.377355652198,1.19779027155,0.357526820756,4.34256606628,3.35021095487,1.19779027155,4.34256606628,0.507119835952,0.563909424838,12128,0.0372596006144,0.110016681489,126,126,126,1,0,0.0555555555556,0.880952380952,0.0634920634921,126,0.0737142857143,3.15358171457,18.4285714286,10.0956521739,9.92307692308,12.9073179686,0.700397099072,0.389442598745,10.6000808622,1.15039637264,0.586255690907,6.15741132991,0.668246190843,0.379879140861,1.22131462922,0.38727857394,4.19032247383,3.15358171457,1.22131462922,4.19032247383,0.351966745911,0.391111569396,3793,0.0116528417819,0.0707288765448,126,126,126,1,0,0.0873015873016,0.84126984127,0.0714285714286,126,1508,0.095746031746,3.21440824344,23.9365079365,13.1130434783,12.8888888889,16.5784177927,0.692599682319,0.389009936424,12.9385850898,1.08107541202,0.563734158562,8.62362940571,0.720541979522,0.40840385668,1.21263778859,0.37725070892,4.136679477,3.21440824344,1.21263778859,4.136679477,0.434296943547,0.502358490566,8236,0.0253026113671,0.102920148635,126,126,126,1,0,0.0873015873016,0.84126984127,0.0714285714286,-233,-0.0147936507937,-0.135802711431,-3.69841269841,-1.51720862258,-1.86534839925,-2.76215228151,-0.00726011933053,-0.00064023725861,-2.67392312308,-0.0488361530777,-0.0151203585466,-0.528769880732,0.0581627089353,0.031048204482,0.0148475170409,0.0197238881645,-0.205886589277,-0.135802711431,0.0148475170409,-0.205886589277,-0.0728228924043,-0.0615509342724,-3892,-0.0119569892473,-0.0070965328533,0.031746031746,-0.0396825396825,0.00793650793651,1500,8,241,14001,0.861573808156,0.99942893854,0.00057106146049,0.138426191844,0.994694960212,0.861573808156,0.923361034164,0.917532230088,0.861002746696,0.857632933105,347,580,0,3,2,3
342,WLNM_dir_neg_kfold,0.793625148633,0.294155648008,00:00:15,10,66.6666666667,18,14363,threshold_sweep,0.9,0.979710144928,0.58275862069,0.730810810811,338,7,242,1153,0.58275862069,0.993965517241,0.00603448275862,0.41724137931,0.979710144928,0.58275862069,0.730810810811,0.856896551724,0.600574712644,0.641726618705,0.681890230939,0.576724137931,1779,1199,580,0,1779,0,1199,0,580,126,1741,0.11053968254,3.35021095487,27.6349206349,14.6302521008,14.7542372881,19.3405700742,0.69985980165,0.389650173682,15.6125082129,1.12991156509,0.578854517108,9.15239928644,0.662379270587,0.377355652198,1.19779027155,0.357526820756,4.34256606628,3.35021095487,1.19779027155,4.34256606628,0.507119835952,0.563909424838,12128,0.0372596006144,0.110016681489,126,126,126,1,0,0.0555555555556,0.880952380952,0.0634920634921,126,0.0737142857143,3.15358171457,18.4285714286,10.0956521739,9.92307692308,12.9073179686,0.700397099072,0.389442598745,10.6000808622,1.15039637264,0.586255690907,6.15741132991,0.668246190843,0.379879140861,1.22131462922,0.38727857394,4.19032247383,3.15358171457,1.22131462922,4.19032247383,0.351966745911,0.391111569396,3793,0.0116528417819,0.0707288765448,126,126,126,1,0,0.0873015873016,0.84126984127,0.0714285714286,126,1506,0.095619047619,3.19973851656,23.9047619048,13.0956521739,12.8717948718,16.5468684996,0.69219967827,0.388725521196,12.934825638,1.08219656732,0.564198233521,8.61334512752,0.720638436964,0.408440312823,1.20662369902,0.37710072019,4.11056519056,3.19973851656,1.20662369902,4.11056519056,0.433796680701,0.501050355897,8189,0.025158218126,0.103111522997,126,126,126,1,0,0.0873015873016,0.84126984127,0.0714285714286,-235,-0.0149206349206,-0.150472438305,-3.73015873016,-1.53459992693,-1.88244241634,-2.79370157457,-0.00766012337995,-0.000924652486698,-2.67768257491,-0.0477149977699,-0.0146562835875,-0.539054158923,0.0582591663769,0.0310846606251,0.00883342746134,0.0195738994345,-0.23200087572,-0.150472438305,0.00883342746134,-0.23200087572,-0.0733231552503,-0.0628590689411,-3939,-0.0121013824885,-0.00690515849149,0.031746031746,-0.0396825396825,0.00793650793651,1499,7,242,14002,0.860999425617,0.999500321222,0.000499678777928,0.139000574383,0.995351925631,0.860999425617,0.923313828149,0.917540476061,0.86049974684,0.857551487414,345,580,0,3,2,3
343,WLNM_dir_neg_kfold,0.704169887039,0.24057083263,00:00:15,10,66.6666666667,19,14364,threshold_sweep,0.1,0.950276243094,0.593103448276,0.730360934183,344,18,236,1142,0.593103448276,0.984482758621,0.0155172413793,0.406896551724,0.950276243094,0.593103448276,0.730360934183,0.854022988506,0.597318007663,0.637488106565,0.670781244318,0.577586206897,1779,1199,580,0,1779,0,1199,0,580,126,1741,0.11053968254,3.35021095487,27.6349206349,14.6302521008,14.7542372881,19.3405700742,0.69985980165,0.389650173682,15.6125082129,1.12991156509,0.578854517108,9.15239928644,0.662379270587,0.377355652198,1.19779027155,0.357526820756,4.34256606628,3.35021095487,1.19779027155,4.34256606628,0.507119835952,0.563909424838,12128,0.0372596006144,0.110016681489,126,126,126,1,0,0.0555555555556,0.880952380952,0.0634920634921,126,0.0737142857143,3.15358171457,18.4285714286,10.0956521739,9.92307692308,12.9073179686,0.700397099072,0.389442598745,10.6000808622,1.15039637264,0.586255690907,6.15741132991,0.668246190843,0.379879140861,1.22131462922,0.38727857394,4.19032247383,3.15358171457,1.22131462922,4.19032247383,0.351966745911,0.391111569396,3793,0.0116528417819,0.0707288765448,126,126,126,1,0,0.0873015873016,0.84126984127,0.0714285714286,126,1523,0.0966984126984,1,24.1746031746,12.2822580645,13.0170940171,16.4195392701,0.679206154967,0.382312478504,12.7993873861,1.05891189143,0.549244911359,8.76449185408,0.725099129097,0.410692138532,0,0,0,NaN,NaN,NaN,0.432467751689,0.495785471444,8215,0.0252380952381,0.0984674966896,126,126,0,1,2,0.015873015873,0.912698412698,0.0714285714286,-218,-0.0138412698413,-2.35021095487,-3.46031746032,-2.34799403632,-1.73714327104,-2.9210308041,-0.0206536466832,-0.00733769517813,-2.81312082678,-0.0709996736601,-0.0296096057492,-0.387907432354,0.0627198585103,0.0333364863342,-1.19779027155,-0.357526820756,-4.34256606628,NaN,NaN,NaN,-0.0746520842631,-0.0681239533946,-3913,-0.0120215053763,-0.0115491847991,-0.0396825396825,0.031746031746,0.00793650793651,1505,18,236,13991,0.86444572085,0.998715111714,0.0012848882861,0.13555427915,0.988181221274,0.86444572085,0.922181372549,0.915773476715,0.863160832564,0.855599772598,362,580,0,3,2,3
344,WLNM_dir_neg_kfold,0.704169887039,0.24057083263,00:00:15,10,66.6666666667,19,14364,threshold_sweep,0.2,0.958100558659,0.591379310345,0.731343283582,343,15,237,1145,0.591379310345,0.987068965517,0.0129310344828,0.408620689655,0.958100558659,0.591379310345,0.731343283582,0.855172413793,0.598084291188,0.639656816015,0.674546646432,0.578448275862,1779,1199,580,0,1779,0,1199,0,580,126,1741,0.11053968254,3.35021095487,27.6349206349,14.6302521008,14.7542372881,19.3405700742,0.69985980165,0.389650173682,15.6125082129,1.12991156509,0.578854517108,9.15239928644,0.662379270587,0.377355652198,1.19779027155,0.357526820756,4.34256606628,3.35021095487,1.19779027155,4.34256606628,0.507119835952,0.563909424838,12128,0.0372596006144,0.110016681489,126,126,126,1,0,0.0555555555556,0.880952380952,0.0634920634921,126,0.0737142857143,3.15358171457,18.4285714286,10.0956521739,9.92307692308,12.9073179686,0.700397099072,0.389442598745,10.6000808622,1.15039637264,0.586255690907,6.15741132991,0.668246190843,0.379879140861,1.22131462922,0.38727857394,4.19032247383,3.15358171457,1.22131462922,4.19032247383,0.351966745911,0.391111569396,3793,0.0116528417819,0.0707288765448,126,126,126,1,0,0.0873015873016,0.84126984127,0.0714285714286,126,1519,0.0964444444444,1,24.1111111111,12.25,12.9829059829,16.4303242681,0.681442020337,0.383340125605,12.8207990737,1.06347642086,0.55165261189,8.73915836273,0.724907145296,0.410498761717,0,0,0,NaN,NaN,NaN,0.421946169578,0.495942836381,8190,0.0251612903226,0.0979240765954,126,126,0,1,2,0.015873015873,0.912698412698,0.0714285714286,-222,-0.0140952380952,-2.35021095487,-3.52380952381,-2.38025210084,-1.77133130523,-2.91024580604,-0.0184177813131,-0.00631004807757,-2.79170913919,-0.0664351442312,-0.0272019052188,-0.413240923708,0.062527874709,0.033143109519,-1.19779027155,-0.357526820756,-4.34256606628,NaN,NaN,NaN,-0.0851736663733,-0.0679665884572,-3938,-0.0120983102919,-0.0120926048932,-0.0396825396825,0.031746031746,0.00793650793651,1504,15,237,13994,0.863871338311,0.998929259762,0.00107074023842,0.136128661689,0.990125082291,0.863871338311,0.922699386503,0.916466921595,0.862800598073,0.856492027335,358,580,0,3,2,3
345,WLNM_dir_neg_kfold,0.704169887039,0.24057083263,00:00:15,10,66.6666666667,19,14364,threshold_sweep,0.3,0.963483146067,0.591379310345,0.732905982906,343,13,237,1147,0.591379310345,0.988793103448,0.0112068965517,0.408620689655,0.963483146067,0.591379310345,0.732905982906,0.85632183908,0.59846743295,0.642175572519,0.677964607216,0.580172413793,1779,1199,580,0,1779,0,1199,0,580,126,1741,0.11053968254,3.35021095487,27.6349206349,14.6302521008,14.7542372881,19.3405700742,0.69985980165,0.389650173682,15.6125082129,1.12991156509,0.578854517108,9.15239928644,0.662379270587,0.377355652198,1.19779027155,0.357526820756,4.34256606628,3.35021095487,1.19779027155,4.34256606628,0.507119835952,0.563909424838,12128,0.0372596006144,0.110016681489,126,126,126,1,0,0.0555555555556,0.880952380952,0.0634920634921,126,0.0737142857143,3.15358171457,18.4285714286,10.0956521739,9.92307692308,12.9073179686,0.700397099072,0.389442598745,10.6000808622,1.15039637264,0.586255690907,6.15741132991,0.668246190843,0.379879140861,1.22131462922,0.38727857394,4.19032247383,3.15358171457,1.22131462922,4.19032247383,0.351966745911,0.391111569396,3793,0.0116528417819,0.0707288765448,126,126,126,1,0,0.0873015873016,0.84126984127,0.0714285714286,126,1517,0.0963174603175,1,24.0793650794,12.2338709677,12.9658119658,16.4514330924,0.683217063165,0.384279750133,12.8308383475,1.06571234791,0.552693808791,8.74016090804,0.725946126838,0.411081813521,0,0,0,NaN,NaN,NaN,0.420503857481,0.4961508153,8185,0.0251459293395,0.0979028437523,126,126,0,1,2,0.015873015873,0.912698412698,0.0714285714286,-224,-0.0142222222222,-2.35021095487,-3.55555555556,-2.3963811331,-1.78842532232,-2.88913698177,-0.016642738485,-0.00537042354893,-2.78166986547,-0.0641992171838,-0.026160708317,-0.4122383784,0.0635668562511,0.0337261613231,-1.19779027155,-0.357526820756,-4.34256606628,NaN,NaN,NaN,-0.0866159784704,-0.0677586095387,-3943,-0.012113671275,-0.0121138377363,-0.0396825396825,0.031746031746,0.00793650793651,1504,13,237,13996,0.863871338311,0.999072025127,0.000927974873296,0.136128661689,0.991430454845,0.863871338311,0.923265807244,0.917158153415,0.862943363438,0.857468643101,356,580,0,3,2,3
346,WLNM_dir_neg_kfold,0.704169887039,0.24057083263,00:00:15,10,66.6666666667,19,14364,threshold_sweep,0.4,0.991228070175,0.584482758621,0.73535791757,339,3,241,1157,0.584482758621,0.997413793103,0.00258620689655,0.415517241379,0.991228070175,0.584482758621,0.73535791757,0.859770114943,0.601149425287,0.648414985591,0.690274986699,0.581896551724,1779,1199,580,0,1779,0,1199,0,580,126,1741,0.11053968254,3.35021095487,27.6349206349,14.6302521008,14.7542372881,19.3405700742,0.69985980165,0.389650173682,15.6125082129,1.12991156509,0.578854517108,9.15239928644,0.662379270587,0.377355652198,1.19779027155,0.357526820756,4.34256606628,3.35021095487,1.19779027155,4.34256606628,0.507119835952,0.563909424838,12128,0.0372596006144,0.110016681489,126,126,126,1,0,0.0555555555556,0.880952380952,0.0634920634921,126,0.0737142857143,3.15358171457,18.4285714286,10.0956521739,9.92307692308,12.9073179686,0.700397099072,0.389442598745,10.6000808622,1.15039637264,0.586255690907,6.15741132991,0.668246190843,0.379879140861,1.22131462922,0.38727857394,4.19032247383,3.15358171457,1.22131462922,4.19032247383,0.351966745911,0.391111569396,3793,0.0116528417819,0.0707288765448,126,126,126,1,0,0.0873015873016,0.84126984127,0.0714285714286,126,1503,0.0954285714286,3.20265526545,23.8571428571,13.0695652174,12.8461538462,16.5503905867,0.693728946747,0.38945389644,12.9263628737,1.08364718702,0.564938905258,8.65903326838,0.725906980582,0.411172364266,1.21865840534,0.380515011556,4.15187878629,3.20265526545,1.21865840534,4.15187878629,0.424994036744,0.500305885232,8178,0.0251244239631,0.103735037179,126,126,126,1,0,0.0873015873016,0.84126984127,0.0714285714286,-238,-0.0151111111111,-0.147555689414,-3.77777777778,-1.56068688345,-1.90808344198,-2.79017948749,-0.00613085490305,-0.000196277242415,-2.68614533921,-0.0462643780757,-0.0139156118501,-0.493366018062,0.0635277099959,0.0338167120685,0.0208681337895,0.0229881908003,-0.190687279991,-0.147555689414,0.0208681337895,-0.190687279991,-0.0821257992076,-0.0636035396066,-3950,-0.0121351766513,-0.0062816443099,0.031746031746,-0.0396825396825,0.00793650793651,1500,3,241,14006,0.861573808156,0.999785851952,0.000214148047684,0.138426191844,0.998003992016,0.861573808156,0.924784217016,0.919276756746,0.861359660109,0.860091743119,342,580,0,3,2,3
347,WLNM_dir_neg_kfold,0.704169887039,0.24057083263,00:00:15,10,66.6666666667,19,14364,threshold_sweep,0.5,0.991202346041,0.58275862069,0.733984799131,338,3,242,1157,0.58275862069,0.997413793103,0.00258620689655,0.41724137931,0.991202346041,0.58275862069,0.733984799131,0.859195402299,0.601340996169,0.646804420951,0.688991746766,0.580172413793,1779,1199,580,0,1779,0,1199,0,580,126,1741,0.11053968254,3.35021095487,27.6349206349,14.6302521008,14.7542372881,19.3405700742,0.69985980165,0.389650173682,15.6125082129,1.12991156509,0.578854517108,9.15239928644,0.662379270587,0.377355652198,1.19779027155,0.357526820756,4.34256606628,3.35021095487,1.19779027155,4.34256606628,0.507119835952,0.563909424838,12128,0.0372596006144,0.110016681489,126,126,126,1,0,0.0555555555556,0.880952380952,0.0634920634921,126,0.0737142857143,3.15358171457,18.4285714286,10.0956521739,9.92307692308,12.9073179686,0.700397099072,0.389442598745,10.6000808622,1.15039637264,0.586255690907,6.15741132991,0.668246190843,0.379879140861,1.22131462922,0.38727857394,4.19032247383,3.15358171457,1.22131462922,4.19032247383,0.351966745911,0.391111569396,3793,0.0116528417819,0.0707288765448,126,126,126,1,0,0.0873015873016,0.84126984127,0.0714285714286,126,1502,0.0953650793651,3.17026337872,23.8412698413,13.0608695652,12.8376068376,16.5429925701,0.693880513926,0.38951239617,12.9328129498,1.08490974146,0.565679622937,8.64000293945,0.724793855107,0.410785619174,1.19939587227,0.378326886124,4.10387815413,3.17026337872,1.19939587227,4.10387815413,0.424251318607,0.500632963084,8173,0.02510906298,0.102734946922,126,126,126,1,0,0.0873015873016,0.84126984127,0.0714285714286,-239,-0.0151746031746,-0.179947576142,-3.79365079365,-1.56938253562,-1.91663045053,-2.79757750406,-0.00597928772391,-0.000137777512153,-2.67969526315,-0.0450018236349,-0.0131748941718,-0.512396346992,0.0624145845201,0.0334299669767,0.00160560071222,0.0208000653686,-0.238687912147,-0.179947576142,0.00160560071222,-0.238687912147,-0.0828685173444,-0.0632764617545,-3955,-0.0121505376344,-0.00728173456629,0.031746031746,-0.0396825396825,0.00793650793651,1499,3,242,14006,0.860999425617,0.999785851952,0.000214148047684,0.139000574383,0.998002663116,0.860999425617,0.924452667283,0.918937266189,0.86078527757,0.859518348624,341,580,0,3,2,3
348,WLNM_dir_neg_kfold,0.704169887039,0.24057083263,00:00:15,10,66.6666666667,19,14364,threshold_sweep,0.6,0.991202346041,0.58275862069,0.733984799131,338,3,242,1157,0.58275862069,0.997413793103,0.00258620689655,0.41724137931,0.991202346041,0.58275862069,0.733984799131,0.859195402299,0.601340996169,0.646804420951,0.688991746766,0.580172413793,1779,1199,580,0,1779,0,1199,0,580,126,1741,0.11053968254,3.35021095487,27.6349206349,14.6302521008,14.7542372881,19.3405700742,0.69985980165,0.389650173682,15.6125082129,1.12991156509,0.578854517108,9.15239928644,0.662379270587,0.377355652198,1.19779027155,0.357526820756,4.34256606628,3.35021095487,1.19779027155,4.34256606628,0.507119835952,0.563909424838,12128,0.0372596006144,0.110016681489,126,126,126,1,0,0.0555555555556,0.880952380952,0.0634920634921,126,0.0737142857143,3.15358171457,18.4285714286,10.0956521739,9.92307692308,12.9073179686,0.700397099072,0.389442598745,10.6000808622,1.15039637264,0.586255690907,6.15741132991,0.668246190843,0.379879140861,1.22131462922,0.38727857394,4.19032247383,3.15358171457,1.22131462922,4.19032247383,0.351966745911,0.391111569396,3793,0.0116528417819,0.0707288765448,126,126,126,1,0,0.0873015873016,0.84126984127,0.0714285714286,126,1502,0.0953650793651,3.17026337872,23.8412698413,13.0608695652,12.8376068376,16.5429925701,0.693880513926,0.38951239617,12.9328129498,1.08490974146,0.565679622937,8.64000293945,0.724793855107,0.410785619174,1.19939587227,0.378326886124,4.10387815413,3.17026337872,1.19939587227,4.10387815413,0.424251318607,0.500632963084,8173,0.02510906298,0.102734946922,126,126,126,1,0,0.0873015873016,0.84126984127,0.0714285714286,-239,-0.0151746031746,-0.179947576142,-3.79365079365,-1.56938253562,-1.91663045053,-2.79757750406,-0.00597928772391,-0.000137777512153,-2.67969526315,-0.0450018236349,-0.0131748941718,-0.512396346992,0.0624145845201,0.0334299669767,0.00160560071222,0.0208000653686,-0.238687912147,-0.179947576142,0.00160560071222,-0.238687912147,-0.0828685173444,-0.0632764617545,-3955,-0.0121505376344,-0.00728173456629,0.031746031746,-0.0396825396825,0.00793650793651,1499,3,242,14006,0.860999425617,0.999785851952,0.000214148047684,0.139000574383,0.998002663116,0.860999425617,0.924452667283,0.918937266189,0.86078527757,0.859518348624,341,580,0,3,2,3
349,WLNM_dir_neg_kfold,0.704169887039,0.24057083263,00:00:15,10,66.6666666667,19,14364,threshold_sweep,0.7,0.991176470588,0.581034482759,0.732608695652,337,3,243,1157,0.581034482759,0.997413793103,0.00258620689655,0.418965517241,0.991176470588,0.581034482759,0.732608695652,0.858620689655,0.60153256705,0.645192307692,0.687707951743,0.578448275862,1779,1199,580,0,1779,0,1199,0,580,126,1741,0.11053968254,3.35021095487,27.6349206349,14.6302521008,14.7542372881,19.3405700742,0.69985980165,0.389650173682,15.6125082129,1.12991156509,0.578854517108,9.15239928644,0.662379270587,0.377355652198,1.19779027155,0.357526820756,4.34256606628,3.35021095487,1.19779027155,4.34256606628,0.507119835952,0.563909424838,12128,0.0372596006144,0.110016681489,126,126,126,1,0,0.0555555555556,0.880952380952,0.0634920634921,126,0.0737142857143,3.15358171457,18.4285714286,10.0956521739,9.92307692308,12.9073179686,0.700397099072,0.389442598745,10.6000808622,1.15039637264,0.586255690907,6.15741132991,0.668246190843,0.379879140861,1.22131462922,0.38727857394,4.19032247383,3.15358171457,1.22131462922,4.19032247383,0.351966745911,0.391111569396,3793,0.0116528417819,0.0707288765448,126,126,126,1,0,0.0873015873016,0.84126984127,0.0714285714286,126,1501,0.0953015873016,3.17001787013,23.8253968254,13.052173913,12.8290598291,16.5302531693,0.693808094381,0.389449361801,12.9262646368,1.08508284093,0.565755105062,8.63205175264,0.724609274372,0.410609857978,1.1990217167,0.378238156952,4.10383580945,3.17001787013,1.1990217167,4.10383580945,0.423995645824,0.499938657833,8150,0.0250384024578,0.102657377093,126,126,126,1,0,0.0873015873016,0.84126984127,0.0714285714286,-240,-0.0152380952381,-0.180193084741,-3.80952380952,-1.5780781878,-1.92517745908,-2.81031690486,-0.00605170726866,-0.000200811881212,-2.68624357613,-0.0448287241637,-0.0130994120462,-0.520347533796,0.0622300037858,0.0332542057806,0.00123144514848,0.0207113361968,-0.238730256825,-0.180193084741,0.00123144514848,-0.238730256825,-0.0831241901277,-0.063970767005,-3978,-0.0122211981567,-0.00735930439572,0.031746031746,-0.0396825396825,0.00793650793651,1498,3,243,14006,0.860425043079,0.999785851952,0.000214148047684,0.139574956921,0.998001332445,0.860425043079,0.924120913017,0.918597697845,0.860210895031,0.858944954128,340,580,0,3,2,3
350,WLNM_dir_neg_kfold,0.704169887039,0.24057083263,00:00:15,10,66.6666666667,19,14364,threshold_sweep,0.8,0.991176470588,0.581034482759,0.732608695652,337,3,243,1157,0.581034482759,0.997413793103,0.00258620689655,0.418965517241,0.991176470588,0.581034482759,0.732608695652,0.858620689655,0.60153256705,0.645192307692,0.687707951743,0.578448275862,1779,1199,580,0,1779,0,1199,0,580,126,1741,0.11053968254,3.35021095487,27.6349206349,14.6302521008,14.7542372881,19.3405700742,0.69985980165,0.389650173682,15.6125082129,1.12991156509,0.578854517108,9.15239928644,0.662379270587,0.377355652198,1.19779027155,0.357526820756,4.34256606628,3.35021095487,1.19779027155,4.34256606628,0.507119835952,0.563909424838,12128,0.0372596006144,0.110016681489,126,126,126,1,0,0.0555555555556,0.880952380952,0.0634920634921,126,0.0737142857143,3.15358171457,18.4285714286,10.0956521739,9.92307692308,12.9073179686,0.700397099072,0.389442598745,10.6000808622,1.15039637264,0.586255690907,6.15741132991,0.668246190843,0.379879140861,1.22131462922,0.38727857394,4.19032247383,3.15358171457,1.22131462922,4.19032247383,0.351966745911,0.391111569396,3793,0.0116528417819,0.0707288765448,126,126,126,1,0,0.0873015873016,0.84126984127,0.0714285714286,126,1501,0.0953015873016,3.17001787013,23.8253968254,13.052173913,12.8290598291,16.5302531693,0.693808094381,0.389449361801,12.9262646368,1.08508284093,0.565755105062,8.63205175264,0.724609274372,0.410609857978,1.1990217167,0.378238156952,4.10383580945,3.17001787013,1.1990217167,4.10383580945,0.423995645824,0.499938657833,8150,0.0250384024578,0.102657377093,126,126,126,1,0,0.0873015873016,0.84126984127,0.0714285714286,-240,-0.0152380952381,-0.180193084741,-3.80952380952,-1.5780781878,-1.92517745908,-2.81031690486,-0.00605170726866,-0.000200811881212,-2.68624357613,-0.0448287241637,-0.0130994120462,-0.520347533796,0.0622300037858,0.0332542057806,0.00123144514848,0.0207113361968,-0.238730256825,-0.180193084741,0.00123144514848,-0.238730256825,-0.0831241901277,-0.063970767005,-3978,-0.0122211981567,-0.00735930439572,0.031746031746,-0.0396825396825,0.00793650793651,1498,3,243,14006,0.860425043079,0.999785851952,0.000214148047684,0.139574956921,0.998001332445,0.860425043079,0.924120913017,0.918597697845,0.860210895031,0.858944954128,340,580,0,3,2,3
351,WLNM_dir_neg_kfold,0.704169887039,0.24057083263,00:00:15,10,66.6666666667,19,14364,threshold_sweep,0.9,0.991150442478,0.579310344828,0.731229597388,336,3,244,1157,0.579310344828,0.997413793103,0.00258620689655,0.420689655172,0.991150442478,0.579310344828,0.731229597388,0.858045977011,0.601724137931,0.643578643579,0.68642359458,0.576724137931,1779,1199,580,0,1779,0,1199,0,580,126,1741,0.11053968254,3.35021095487,27.6349206349,14.6302521008,14.7542372881,19.3405700742,0.69985980165,0.389650173682,15.6125082129,1.12991156509,0.578854517108,9.15239928644,0.662379270587,0.377355652198,1.19779027155,0.357526820756,4.34256606628,3.35021095487,1.19779027155,4.34256606628,0.507119835952,0.563909424838,12128,0.0372596006144,0.110016681489,126,126,126,1,0,0.0555555555556,0.880952380952,0.0634920634921,126,0.0737142857143,3.15358171457,18.4285714286,10.0956521739,9.92307692308,12.9073179686,0.700397099072,0.389442598745,10.6000808622,1.15039637264,0.586255690907,6.15741132991,0.668246190843,0.379879140861,1.22131462922,0.38727857394,4.19032247383,3.15358171457,1.22131462922,4.19032247383,0.351966745911,0.391111569396,3793,0.0116528417819,0.0707288765448,126,126,126,1,0,0.0873015873016,0.84126984127,0.0714285714286,126,1500,0.0952380952381,3.17119407386,23.8095238095,13.0434782609,12.8205128205,16.5291085232,0.694222557974,0.389619047619,12.9289928897,1.08603540274,0.565989417989,8.61758998461,0.723877558707,0.410306878307,1.20014157223,0.378451001192,4.10534740456,3.17119407386,1.20014157223,4.10534740456,0.423813026201,0.49958040813,8136,0.0249953917051,0.102350052031,126,126,126,1,0,0.0873015873016,0.84126984127,0.0714285714286,-241,-0.0153015873016,-0.179016881003,-3.8253968254,-1.58677383997,-1.93372446762,-2.81146155097,-0.00563724367579,-3.11260632915e-05,-2.68351532318,-0.0438761623555,-0.012865099119,-0.534809301829,0.0614982881206,0.0329512261092,0.00235130067492,0.0209241804368,-0.237218661719,-0.179016881003,0.00235130067492,-0.237218661719,-0.0833068097508,-0.0643290167086,-3992,-0.0122642089094,-0.00766662945773,0.031746031746,-0.0396825396825,0.00793650793651,1497,3,244,14006,0.85985066054,0.999785851952,0.000214148047684,0.14014933946,0.998,0.85985066054,0.923788954027,0.918258051617,0.859636512492,0.858371559633,339,580,0,3,2,3
352,WLNM_dir_neg_kfold,0.769286563615,0.358302398569,00:00:14,10,66.6666666667,20,14365,threshold_sweep,0.1,0.90625,0.6,0.721991701245,348,36,232,1124,0.6,0.968965517241,0.0310344827586,0.4,0.90625,0.6,0.721991701245,0.845977011494,0.593103448276,0.621468926554,0.646745597014,0.568965517241,1779,1199,580,0,1779,0,1199,0,580,126,1741,0.11053968254,3.35021095487,27.6349206349,14.6302521008,14.7542372881,19.3405700742,0.69985980165,0.389650173682,15.6125082129,1.12991156509,0.578854517108,9.15239928644,0.662379270587,0.377355652198,1.19779027155,0.357526820756,4.34256606628,3.35021095487,1.19779027155,4.34256606628,0.507119835952,0.563909424838,12128,0.0372596006144,0.110016681489,126,126,126,1,0,0.0555555555556,0.880952380952,0.0634920634921,126,0.0737142857143,3.15358171457,18.4285714286,10.0956521739,9.92307692308,12.9073179686,0.700397099072,0.389442598745,10.6000808622,1.15039637264,0.586255690907,6.15741132991,0.668246190843,0.379879140861,1.22131462922,0.38727857394,4.19032247383,3.15358171457,1.22131462922,4.19032247383,0.351966745911,0.391111569396,3793,0.0116528417819,0.0707288765448,126,126,126,1,0,0.0873015873016,0.84126984127,0.0714285714286,126,1545,0.0980952380952,NaN,24.5238095238,12.2619047619,13.2051282051,16.4573214276,0.671075242679,0.378841115734,12.7581682519,1.04047197394,0.539882878718,8.8626664804,0.722780567334,0.409878255509,NaN,NaN,NaN,NaN,NaN,NaN,0.439830088952,0.494931094567,8332,0.0255975422427,0.10085104829,126,126,0,1,2,0,0.928571428571,0.0714285714286,-196,-0.0124444444444,NaN,-3.11111111111,-2.36834733894,-1.54910908301,-2.88324864656,-0.0287845589709,-0.010809057948,-2.85433996105,-0.089439591155,-0.0389716383906,-0.289732806036,0.0604012967472,0.0325226033116,NaN,NaN,NaN,NaN,NaN,NaN,-0.0672897470002,-0.0689783302717,-3796,-0.0116620583717,-0.00916563319838,-0.0555555555556,0.047619047619,0.00793650793651,1509,36,232,13973,0.866743251005,0.997430223428,0.0025697765722,0.133256748995,0.976699029126,0.866743251005,0.91844187462,0.911001357078,0.864173474433,0.849184018008,384,580,0,3,2,3
353,WLNM_dir_neg_kfold,0.769286563615,0.358302398569,00:00:14,10,66.6666666667,20,14365,threshold_sweep,0.2,0.940054495913,0.594827586207,0.728616684266,345,22,235,1138,0.594827586207,0.981034482759,0.0189655172414,0.405172413793,0.940054495913,0.594827586207,0.728616684266,0.852298850575,0.596360153257,0.634076886569,0.665415884447,0.575862068966,1779,1199,580,0,1779,0,1199,0,580,126,1741,0.11053968254,3.35021095487,27.6349206349,14.6302521008,14.7542372881,19.3405700742,0.69985980165,0.389650173682,15.6125082129,1.12991156509,0.578854517108,9.15239928644,0.662379270587,0.377355652198,1.19779027155,0.357526820756,4.34256606628,3.35021095487,1.19779027155,4.34256606628,0.507119835952,0.563909424838,12128,0.0372596006144,0.110016681489,126,126,126,1,0,0.0555555555556,0.880952380952,0.0634920634921,126,0.0737142857143,3.15358171457,18.4285714286,10.0956521739,9.92307692308,12.9073179686,0.700397099072,0.389442598745,10.6000808622,1.15039637264,0.586255690907,6.15741132991,0.668246190843,0.379879140861,1.22131462922,0.38727857394,4.19032247383,3.15358171457,1.22131462922,4.19032247383,0.351966745911,0.391111569396,3793,0.0116528417819,0.0707288765448,126,126,126,1,0,0.0873015873016,0.84126984127,0.0714285714286,126,1528,0.0970158730159,1,24.253968254,12.3225806452,13.0598290598,16.4676344424,0.678966603317,0.382489819663,12.8143570276,1.05668127322,0.548647469459,8.74526992332,0.721141368023,0.408927532619,0,0,0,NaN,NaN,NaN,0.420755155891,0.494731550372,8201,0.0251950844854,0.100472678012,126,126,0,1,2,0.015873015873,0.912698412698,0.0714285714286,-213,-0.0135238095238,-2.35021095487,-3.38095238095,-2.30767145568,-1.69440822831,-2.87293563181,-0.0208931983329,-0.00716035401974,-2.79815118528,-0.073230291872,-0.0302070476494,-0.407129363118,0.0587620974359,0.0315718804209,-1.19779027155,-0.357526820756,-4.34256606628,NaN,NaN,NaN,-0.0863646800609,-0.0691778744664,-3927,-0.012064516129,-0.00954400347678,-0.0396825396825,0.031746031746,0.00793650793651,1506,22,235,13987,0.865020103389,0.998429580984,0.00157041901635,0.134979896611,0.985602094241,0.865020103389,0.921382685837,0.914740639399,0.863449684373,0.85422575156,367,580,0,3,2,3
354,WLNM_dir_neg_kfold,0.769286563615,0.358302398569,00:00:14,10,66.6666666667,20,14365,threshold_sweep,0.3,0.940054495913,0.594827586207,0.728616684266,345,22,235,1138,0.594827586207,0.981034482759,0.0189655172414,0.405172413793,0.940054495913,0.594827586207,0.728616684266,0.852298850575,0.596360153257,0.634076886569,0.665415884447,0.575862068966,1779,1199,580,0,1779,0,1199,0,580,126,1741,0.11053968254,3.35021095487,27.6349206349,14.6302521008,14.7542372881,19.3405700742,0.69985980165,0.389650173682,15.6125082129,1.12991156509,0.578854517108,9.15239928644,0.662379270587,0.377355652198,1.19779027155,0.357526820756,4.34256606628,3.35021095487,1.19779027155,4.34256606628,0.507119835952,0.563909424838,12128,0.0372596006144,0.110016681489,126,126,126,1,0,0.0555555555556,0.880952380952,0.0634920634921,126,0.0737142857143,3.15358171457,18.4285714286,10.0956521739,9.92307692308,12.9073179686,0.700397099072,0.389442598745,10.6000808622,1.15039637264,0.586255690907,6.15741132991,0.668246190843,0.379879140861,1.22131462922,0.38727857394,4.19032247383,3.15358171457,1.22131462922,4.19032247383,0.351966745911,0.391111569396,3793,0.0116528417819,0.0707288765448,126,126,126,1,0,0.0873015873016,0.84126984127,0.0714285714286,126,1528,0.0970158730159,1,24.253968254,12.3225806452,13.0598290598,16.4676344424,0.678966603317,0.382489819663,12.8143570276,1.05668127322,0.548647469459,8.74526992332,0.721141368023,0.408927532619,0,0,0,NaN,NaN,NaN,0.420755155891,0.494731550372,8201,0.0251950844854,0.100472678012,126,126,0,1,2,0.015873015873,0.912698412698,0.0714285714286,-213,-0.0135238095238,-2.35021095487,-3.38095238095,-2.30767145568,-1.69440822831,-2.87293563181,-0.0208931983329,-0.00716035401974,-2.79815118528,-0.073230291872,-0.0302070476494,-0.407129363118,0.0587620974359,0.0315718804209,-1.19779027155,-0.357526820756,-4.34256606628,NaN,NaN,NaN,-0.0863646800609,-0.0691778744664,-3927,-0.012064516129,-0.00954400347678,-0.0396825396825,0.031746031746,0.00793650793651,1506,22,235,13987,0.865020103389,0.998429580984,0.00157041901635,0.134979896611,0.985602094241,0.865020103389,0.921382685837,0.914740639399,0.863449684373,0.85422575156,367,580,0,3,2,3
355,WLNM_dir_neg_kfold,0.769286563615,0.358302398569,00:00:14,10,66.6666666667,20,14365,threshold_sweep,0.4,0.939890710383,0.593103448276,0.727272727273,344,22,236,1138,0.593103448276,0.981034482759,0.0189655172414,0.406896551724,0.939890710383,0.593103448276,0.727272727273,0.851724137931,0.596551724138,0.632478632479,0.6640875254,0.574137931034,1779,1199,580,0,1779,0,1199,0,580,126,1741,0.11053968254,3.35021095487,27.6349206349,14.6302521008,14.7542372881,19.3405700742,0.69985980165,0.389650173682,15.6125082129,1.12991156509,0.578854517108,9.15239928644,0.662379270587,0.377355652198,1.19779027155,0.357526820756,4.34256606628,3.35021095487,1.19779027155,4.34256606628,0.507119835952,0.563909424838,12128,0.0372596006144,0.110016681489,126,126,126,1,0,0.0555555555556,0.880952380952,0.0634920634921,126,0.0737142857143,3.15358171457,18.4285714286,10.0956521739,9.92307692308,12.9073179686,0.700397099072,0.389442598745,10.6000808622,1.15039637264,0.586255690907,6.15741132991,0.668246190843,0.379879140861,1.22131462922,0.38727857394,4.19032247383,3.15358171457,1.22131462922,4.19032247383,0.351966745911,0.391111569396,3793,0.0116528417819,0.0707288765448,126,126,126,1,0,0.0873015873016,0.84126984127,0.0714285714286,126,1527,0.0969523809524,1,24.2380952381,12.314516129,13.0512820513,16.4518344613,0.678759378562,0.382366087671,12.8016293606,1.05632305136,0.548471429611,8.75224052947,0.722188805968,0.409501980229,0,0,0,NaN,NaN,NaN,0.420755155891,0.494731550372,8201,0.0251950844854,0.100490842446,126,126,0,1,2,0.015873015873,0.912698412698,0.0714285714286,-214,-0.0135873015873,-2.35021095487,-3.39682539683,-2.31573597181,-1.70295523685,-2.88873561284,-0.0211004230883,-0.00728408601173,-2.81087885234,-0.0735885137291,-0.0303830874975,-0.400158756968,0.0598095353815,0.0321463280312,-1.19779027155,-0.357526820756,-4.34256606628,NaN,NaN,NaN,-0.0863646800609,-0.0691778744664,-3927,-0.012064516129,-0.00952583904218,-0.0396825396825,0.031746031746,0.00793650793651,1505,22,236,13987,0.86444572085,0.998429580984,0.00157041901635,0.13555427915,0.985592665357,0.86444572085,0.921052631579,0.914399264302,0.862875301834,0.853658536585,366,580,0,3,2,3
356,WLNM_dir_neg_kfold,0.769286563615,0.358302398569,00:00:14,10,66.6666666667,20,14365,threshold_sweep,0.5,0.982658959538,0.586206896552,0.7343412527,340,6,240,1154,0.586206896552,0.994827586207,0.0051724137931,0.413793103448,0.982658959538,0.586206896552,0.7343412527,0.858620689655,0.600383141762,0.646212847555,0.686239104908,0.581034482759,1779,1199,580,0,1779,0,1199,0,580,126,1741,0.11053968254,3.35021095487,27.6349206349,14.6302521008,14.7542372881,19.3405700742,0.69985980165,0.389650173682,15.6125082129,1.12991156509,0.578854517108,9.15239928644,0.662379270587,0.377355652198,1.19779027155,0.357526820756,4.34256606628,3.35021095487,1.19779027155,4.34256606628,0.507119835952,0.563909424838,12128,0.0372596006144,0.110016681489,126,126,126,1,0,0.0555555555556,0.880952380952,0.0634920634921,126,0.0737142857143,3.15358171457,18.4285714286,10.0956521739,9.92307692308,12.9073179686,0.700397099072,0.389442598745,10.6000808622,1.15039637264,0.586255690907,6.15741132991,0.668246190843,0.379879140861,1.22131462922,0.38727857394,4.19032247383,3.15358171457,1.22131462922,4.19032247383,0.351966745911,0.391111569396,3793,0.0116528417819,0.0707288765448,126,126,126,1,0,0.0873015873016,0.84126984127,0.0714285714286,126,1507,0.0956825396825,3.15796504962,23.9206349206,13.1043478261,12.8803418803,16.5580690539,0.692208593494,0.388741428887,12.9351618737,1.08150656674,0.565040393508,8.62591518034,0.721211222776,0.408764390516,1.19624312959,0.378801890075,4.08327750573,3.15796504962,1.19624312959,4.08327750573,0.422353461442,0.499938897715,8182,0.0251367127496,0.103727185752,126,126,126,1,0,0.0873015873016,0.84126984127,0.0714285714286,-234,-0.0148571428571,-0.192245905243,-3.71428571429,-1.52590427475,-1.87389540779,-2.78250102027,-0.00765120815575,-0.000908744794925,-2.67734633923,-0.0484049983487,-0.0138141236008,-0.5264841061,0.0588319521889,0.0314087383185,-0.00154714196588,0.0212750693194,-0.259288560548,-0.192245905243,-0.00154714196588,-0.259288560548,-0.08476637451,-0.0639705271237,-3946,-0.0121228878648,-0.0062894957368,0.031746031746,-0.0396825396825,0.00793650793651,1501,6,240,14003,0.862148190695,0.999571703905,0.000428296095367,0.137851809305,0.99601857996,0.862148190695,0.924261083744,0.918568841071,0.8617198946,0.859187178019,346,580,0,3,2,3
357,WLNM_dir_neg_kfold,0.769286563615,0.358302398569,00:00:14,10,66.6666666667,20,14365,threshold_sweep,0.6,0.982608695652,0.584482758621,0.732972972973,339,6,241,1154,0.584482758621,0.994827586207,0.0051724137931,0.415517241379,0.982608695652,0.584482758621,0.732972972973,0.858045977011,0.600574712644,0.644604316547,0.684948034665,0.579310344828,1779,1199,580,0,1779,0,1199,0,580,126,1741,0.11053968254,3.35021095487,27.6349206349,14.6302521008,14.7542372881,19.3405700742,0.69985980165,0.389650173682,15.6125082129,1.12991156509,0.578854517108,9.15239928644,0.662379270587,0.377355652198,1.19779027155,0.357526820756,4.34256606628,3.35021095487,1.19779027155,4.34256606628,0.507119835952,0.563909424838,12128,0.0372596006144,0.110016681489,126,126,126,1,0,0.0555555555556,0.880952380952,0.0634920634921,126,0.0737142857143,3.15358171457,18.4285714286,10.0956521739,9.92307692308,12.9073179686,0.700397099072,0.389442598745,10.6000808622,1.15039637264,0.586255690907,6.15741132991,0.668246190843,0.379879140861,1.22131462922,0.38727857394,4.19032247383,3.15358171457,1.22131462922,4.19032247383,0.351966745911,0.391111569396,3793,0.0116528417819,0.0707288765448,126,126,126,1,0,0.0873015873016,0.84126984127,0.0714285714286,126,1506,0.095619047619,3.15764466554,23.9047619048,13.0956521739,12.8717948718,16.545901521,0.692159226974,0.388693901642,12.9267828281,1.08152366291,0.565030881764,8.62633840547,0.721725523964,0.409030544489,1.19575437767,0.378685540752,4.08326883479,3.15764466554,1.19575437767,4.08326883479,0.421832688019,0.498704795317,8150,0.0250384024578,0.103718058432,126,126,126,1,0,0.0873015873016,0.84126984127,0.0714285714286,-235,-0.0149206349206,-0.192566289329,-3.73015873016,-1.53459992693,-1.88244241634,-2.79466855316,-0.00770057467543,-0.00095627204023,-2.68572538478,-0.0483879021819,-0.0138236353444,-0.526060880968,0.0593462533771,0.031674892291,-0.00203589388107,0.0211587199968,-0.259297231486,-0.192566289329,-0.00203589388107,-0.259297231486,-0.085287147933,-0.0652046295216,-3978,-0.0122211981567,-0.00629862305664,0.031746031746,-0.0396825396825,0.00793650793651,1500,6,241,14003,0.861573808156,0.999571703905,0.000428296095367,0.138426191844,0.996015936255,0.861573808156,0.923929781337,0.918229047709,0.861145512061,0.858614768174,345,580,0,3,2,3
358,WLNM_dir_neg_kfold,0.769286563615,0.358302398569,00:00:14,10,66.6666666667,20,14365,threshold_sweep,0.7,0.982608695652,0.584482758621,0.732972972973,339,6,241,1154,0.584482758621,0.994827586207,0.0051724137931,0.415517241379,0.982608695652,0.584482758621,0.732972972973,0.858045977011,0.600574712644,0.644604316547,0.684948034665,0.579310344828,1779,1199,580,0,1779,0,1199,0,580,126,1741,0.11053968254,3.35021095487,27.6349206349,14.6302521008,14.7542372881,19.3405700742,0.69985980165,0.389650173682,15.6125082129,1.12991156509,0.578854517108,9.15239928644,0.662379270587,0.377355652198,1.19779027155,0.357526820756,4.34256606628,3.35021095487,1.19779027155,4.34256606628,0.507119835952,0.563909424838,12128,0.0372596006144,0.110016681489,126,126,126,1,0,0.0555555555556,0.880952380952,0.0634920634921,126,0.0737142857143,3.15358171457,18.4285714286,10.0956521739,9.92307692308,12.9073179686,0.700397099072,0.389442598745,10.6000808622,1.15039637264,0.586255690907,6.15741132991,0.668246190843,0.379879140861,1.22131462922,0.38727857394,4.19032247383,3.15358171457,1.22131462922,4.19032247383,0.351966745911,0.391111569396,3793,0.0116528417819,0.0707288765448,126,126,126,1,0,0.0873015873016,0.84126984127,0.0714285714286,126,1506,0.095619047619,3.15764466554,23.9047619048,13.0956521739,12.8717948718,16.545901521,0.692159226974,0.388693901642,12.9267828281,1.08152366291,0.565030881764,8.62633840547,0.721725523964,0.409030544489,1.19575437767,0.378685540752,4.08326883479,3.15764466554,1.19575437767,4.08326883479,0.421832688019,0.498704795317,8150,0.0250384024578,0.103718058432,126,126,126,1,0,0.0873015873016,0.84126984127,0.0714285714286,-235,-0.0149206349206,-0.192566289329,-3.73015873016,-1.53459992693,-1.88244241634,-2.79466855316,-0.00770057467543,-0.00095627204023,-2.68572538478,-0.0483879021819,-0.0138236353444,-0.526060880968,0.0593462533771,0.031674892291,-0.00203589388107,0.0211587199968,-0.259297231486,-0.192566289329,-0.00203589388107,-0.259297231486,-0.085287147933,-0.0652046295216,-3978,-0.0122211981567,-0.00629862305664,0.031746031746,-0.0396825396825,0.00793650793651,1500,6,241,14003,0.861573808156,0.999571703905,0.000428296095367,0.138426191844,0.996015936255,0.861573808156,0.923929781337,0.918229047709,0.861145512061,0.858614768174,345,580,0,3,2,3
359,WLNM_dir_neg_kfold,0.769286563615,0.358302398569,00:00:14,10,66.6666666667,20,14365,threshold_sweep,0.8,0.985465116279,0.584482758621,0.733766233766,339,5,241,1155,0.584482758621,0.995689655172,0.00431034482759,0.415517241379,0.985465116279,0.584482758621,0.733766233766,0.858620689655,0.600766283525,0.645873320537,0.686717533304,0.580172413793,1779,1199,580,0,1779,0,1199,0,580,126,1741,0.11053968254,3.35021095487,27.6349206349,14.6302521008,14.7542372881,19.3405700742,0.69985980165,0.389650173682,15.6125082129,1.12991156509,0.578854517108,9.15239928644,0.662379270587,0.377355652198,1.19779027155,0.357526820756,4.34256606628,3.35021095487,1.19779027155,4.34256606628,0.507119835952,0.563909424838,12128,0.0372596006144,0.110016681489,126,126,126,1,0,0.0555555555556,0.880952380952,0.0634920634921,126,0.0737142857143,3.15358171457,18.4285714286,10.0956521739,9.92307692308,12.9073179686,0.700397099072,0.389442598745,10.6000808622,1.15039637264,0.586255690907,6.15741132991,0.668246190843,0.379879140861,1.22131462922,0.38727857394,4.19032247383,3.15358171457,1.22131462922,4.19032247383,0.351966745911,0.391111569396,3793,0.0116528417819,0.0707288765448,126,126,126,1,0,0.0873015873016,0.84126984127,0.0714285714286,126,1505,0.0955555555556,3.16336244909,23.8888888889,13.0869565217,12.8632478632,16.5477356625,0.692695911453,0.389015451142,12.9289167717,1.08242093902,0.565232294468,8.63231654244,0.722705570995,0.409539629805,1.2001505806,0.379390790626,4.09041671476,3.16336244909,1.2001505806,4.09041671476,0.422543219419,0.498999714204,8148,0.0250322580645,0.103821234058,126,126,126,1,0,0.0873015873016,0.84126984127,0.0714285714286,-236,-0.0149841269841,-0.186848505776,-3.74603174603,-1.5432955791,-1.89098942489,-2.79283441168,-0.00716389019686,-0.000634722540642,-2.68359144124,-0.0474906260695,-0.0136222226402,-0.520082743999,0.0603263004084,0.0321839776077,0.00236030904428,0.0218639698708,-0.252149351519,-0.186848505776,0.00236030904428,-0.252149351519,-0.0845766165331,-0.0649097106344,-3980,-0.0122273425499,-0.00619544743102,0.031746031746,-0.0396825396825,0.00793650793651,1500,5,241,14004,0.861573808156,0.999643086587,0.000356913412806,0.138426191844,0.996677740864,0.861573808156,0.924214417745,0.918577952494,0.861216894743,0.85910652921,344,580,0,3,2,3
360,WLNM_dir_neg_kfold,0.769286563615,0.358302398569,00:00:14,10,66.6666666667,20,14365,threshold_sweep,0.9,0.98833819242,0.584482758621,0.734561213434,339,4,241,1156,0.584482758621,0.996551724138,0.00344827586207,0.415517241379,0.98833819242,0.584482758621,0.734561213434,0.859195402299,0.600957854406,0.647143542967,0.688493168898,0.581034482759,1779,1199,580,0,1779,0,1199,0,580,126,1741,0.11053968254,3.35021095487,27.6349206349,14.6302521008,14.7542372881,19.3405700742,0.69985980165,0.389650173682,15.6125082129,1.12991156509,0.578854517108,9.15239928644,0.662379270587,0.377355652198,1.19779027155,0.357526820756,4.34256606628,3.35021095487,1.19779027155,4.34256606628,0.507119835952,0.563909424838,12128,0.0372596006144,0.110016681489,126,126,126,1,0,0.0555555555556,0.880952380952,0.0634920634921,126,0.0737142857143,3.15358171457,18.4285714286,10.0956521739,9.92307692308,12.9073179686,0.700397099072,0.389442598745,10.6000808622,1.15039637264,0.586255690907,6.15741132991,0.668246190843,0.379879140861,1.22131462922,0.38727857394,4.19032247383,3.15358171457,1.22131462922,4.19032247383,0.351966745911,0.391111569396,3793,0.0116528417819,0.0707288765448,126,126,126,1,0,0.0873015873016,0.84126984127,0.0714285714286,126,1504,0.0954920634921,3.15251259866,23.873015873,13.0782608696,12.8547008547,16.5311749743,0.692462781504,0.388878335022,12.9316641044,1.08337079598,0.565486744343,8.64106107535,0.723918680515,0.410249915569,1.19189235035,0.378076950703,4.0768531673,3.15251259866,1.19189235035,4.0768531673,0.422543219419,0.498999714204,8148,0.0250322580645,0.103960133809,126,126,126,1,0,0.0873015873016,0.84126984127,0.0714285714286,-237,-0.0150476190476,-0.19769835621,-3.7619047619,-1.55199123128,-1.89953643343,-2.80939509984,-0.00739702014552,-0.000771838660387,-2.68084410856,-0.0465407691166,-0.0133677727653,-0.511338211089,0.0615394099281,0.0328942633714,-0.00589792120086,0.0205501299475,-0.265712898973,-0.19769835621,-0.00589792120086,-0.265712898973,-0.0845766165331,-0.0649097106344,-3980,-0.0122273425499,-0.00605654767989,0.031746031746,-0.0396825396825,0.00793650793651,1500,4,241,14005,0.861573808156,0.99971446927,0.000285530730245,0.138426191844,0.997340425532,0.861573808156,0.924499229584,0.918927188657,0.861288277426,0.859598853868,343,580,0,3,2,3
361,WLNM_dir_neg_kfold,0.776199464923,0.454639372857,00:00:12,10,66.6666666667,1,15346,threshold_sweep,0.1,0.927230046948,0.681034482759,0.785288270378,395,31,185,1129,0.681034482759,0.973275862069,0.026724137931,0.318965517241,0.927230046948,0.681034482759,0.785288270378,0.875862068966,0.585057471264,0.700831024931,0.717338756987,0.654310344828,1779,1199,580,0,1779,0,1199,0,580,126,1741,0.11053968254,3.35021095487,27.6349206349,14.6302521008,14.7542372881,19.3405700742,0.69985980165,0.389650173682,15.6125082129,1.12991156509,0.578854517108,9.15239928644,0.662379270587,0.377355652198,1.19779027155,0.357526820756,4.34256606628,3.35021095487,1.19779027155,4.34256606628,0.507119835952,0.563909424838,12128,0.0372596006144,0.110016681489,126,126,126,1,0,0.0555555555556,0.880952380952,0.0634920634921,126,0.0737142857143,3.00332674727,18.4285714286,10.5545454545,9.92307692308,13.5253412949,0.733933248559,0.407161314138,10.6910109104,1.16026474996,0.594226378464,6.44435522653,0.699387388926,0.393947472759,1.13778591947,0.378841869437,3.97191603983,3.00332674727,1.13778591947,3.97191603983,0.394293498746,0.396355579073,3995,0.0122734254992,0.0730085770453,126,126,126,1,0,0.126984126984,0.801587301587,0.0714285714286,126,1587,0.100761904762,NaN,25.1904761905,12.5952380952,13.5641025641,17.2375006475,0.684286415117,0.384618077435,13.3759058438,1.06198118231,0.547178964003,9.19493649477,0.73003276518,0.412793430752,NaN,NaN,NaN,NaN,NaN,NaN,0.459052875444,0.514155318912,9238,0.028380952381,0.103671248025,126,126,0,1,2,0,0.928571428571,0.0714285714286,-154,-0.00977777777778,NaN,-2.44444444444,-2.0350140056,-1.19013472403,-2.1030694267,-0.015573386533,-0.00503209624763,-2.23660236909,-0.067930382786,-0.0316755531052,0.042537208331,0.0676534945936,0.0354377785541,NaN,NaN,NaN,NaN,NaN,NaN,-0.0480669605076,-0.0497541059263,-2890,-0.00887864823349,-0.00634543346382,-0.0555555555556,0.047619047619,0.00793650793651,1556,31,185,13978,0.893739230327,0.997787136841,0.0022128631594,0.106260769673,0.980466288595,0.893739230327,0.935096153846,0.92869060985,0.891526367168,0.878103837472,426,580,0,3,3,3
362,WLNM_dir_neg_kfold,0.776199464923,0.454639372857,00:00:12,10,66.6666666667,1,15346,threshold_sweep,0.2,0.949275362319,0.677586206897,0.790744466801,393,21,187,1139,0.677586206897,0.981896551724,0.0181034482759,0.322413793103,0.949275362319,0.677586206897,0.790744466801,0.880459770115,0.587356321839,0.710306406685,0.730086813915,0.659482758621,1779,1199,580,0,1779,0,1199,0,580,126,1741,0.11053968254,3.35021095487,27.6349206349,14.6302521008,14.7542372881,19.3405700742,0.69985980165,0.389650173682,15.6125082129,1.12991156509,0.578854517108,9.15239928644,0.662379270587,0.377355652198,1.19779027155,0.357526820756,4.34256606628,3.35021095487,1.19779027155,4.34256606628,0.507119835952,0.563909424838,12128,0.0372596006144,0.110016681489,126,126,126,1,0,0.0555555555556,0.880952380952,0.0634920634921,126,0.0737142857143,3.00332674727,18.4285714286,10.5545454545,9.92307692308,13.5253412949,0.733933248559,0.407161314138,10.6910109104,1.16026474996,0.594226378464,6.44435522653,0.699387388926,0.393947472759,1.13778591947,0.378841869437,3.97191603983,3.00332674727,1.13778591947,3.97191603983,0.394293498746,0.396355579073,3995,0.0122734254992,0.0730085770453,126,126,126,1,0,0.126984126984,0.801587301587,0.0714285714286,126,1575,0.1,4.55179213449,25,12.7016129032,13.4615384615,17.284443873,0.691377754921,0.388022171832,13.4293707969,1.07434966375,0.554038800705,9.14220979851,0.731376783881,0.412975560595,1.22436683038,0.268985664152,5.71661959675,4.55179213449,1.22436683038,5.71661959675,0.453824271333,0.514252070055,9171,0.0281751152074,0.104602202236,126,126,126,1,0,0.015873015873,0.912698412698,0.0714285714286,-166,-0.0105396825397,1.20158117962,-2.63492063492,-1.92863919761,-1.2926988266,-2.05612620113,-0.00848204672853,-0.00162800185064,-2.18313741604,-0.0555619013433,-0.0248157164029,-0.0101894879277,0.0689975132943,0.0356199083969,0.0265765588214,-0.088541156604,1.37405353048,1.20158117962,0.0265765588214,1.37405353048,-0.0532955646191,-0.0496573547837,-2957,-0.00908448540707,-0.00541447925223,-0.0396825396825,0.031746031746,0.00793650793651,1554,21,187,13988,0.89259046525,0.998500963666,0.00149903633379,0.10740953475,0.986666666667,0.89259046525,0.937273823884,0.93137249154,0.891091428916,0.881952326901,414,580,0,3,3,3
363,WLNM_dir_neg_kfold,0.776199464923,0.454639372857,00:00:12,10,66.6666666667,1,15346,threshold_sweep,0.3,0.949275362319,0.677586206897,0.790744466801,393,21,187,1139,0.677586206897,0.981896551724,0.0181034482759,0.322413793103,0.949275362319,0.677586206897,0.790744466801,0.880459770115,0.587356321839,0.710306406685,0.730086813915,0.659482758621,1779,1199,580,0,1779,0,1199,0,580,126,1741,0.11053968254,3.35021095487,27.6349206349,14.6302521008,14.7542372881,19.3405700742,0.69985980165,0.389650173682,15.6125082129,1.12991156509,0.578854517108,9.15239928644,0.662379270587,0.377355652198,1.19779027155,0.357526820756,4.34256606628,3.35021095487,1.19779027155,4.34256606628,0.507119835952,0.563909424838,12128,0.0372596006144,0.110016681489,126,126,126,1,0,0.0555555555556,0.880952380952,0.0634920634921,126,0.0737142857143,3.00332674727,18.4285714286,10.5545454545,9.92307692308,13.5253412949,0.733933248559,0.407161314138,10.6910109104,1.16026474996,0.594226378464,6.44435522653,0.699387388926,0.393947472759,1.13778591947,0.378841869437,3.97191603983,3.00332674727,1.13778591947,3.97191603983,0.394293498746,0.396355579073,3995,0.0122734254992,0.0730085770453,126,126,126,1,0,0.126984126984,0.801587301587,0.0714285714286,126,1575,0.1,4.55179213449,25,12.7016129032,13.4615384615,17.284443873,0.691377754921,0.388022171832,13.4293707969,1.07434966375,0.554038800705,9.14220979851,0.731376783881,0.412975560595,1.22436683038,0.268985664152,5.71661959675,4.55179213449,1.22436683038,5.71661959675,0.453824271333,0.514252070055,9171,0.0281751152074,0.104602202236,126,126,126,1,0,0.015873015873,0.912698412698,0.0714285714286,-166,-0.0105396825397,1.20158117962,-2.63492063492,-1.92863919761,-1.2926988266,-2.05612620113,-0.00848204672853,-0.00162800185064,-2.18313741604,-0.0555619013433,-0.0248157164029,-0.0101894879277,0.0689975132943,0.0356199083969,0.0265765588214,-0.088541156604,1.37405353048,1.20158117962,0.0265765588214,1.37405353048,-0.0532955646191,-0.0496573547837,-2957,-0.00908448540707,-0.00541447925223,-0.0396825396825,0.031746031746,0.00793650793651,1554,21,187,13988,0.89259046525,0.998500963666,0.00149903633379,0.10740953475,0.986666666667,0.89259046525,0.937273823884,0.93137249154,0.891091428916,0.881952326901,414,580,0,3,3,3
364,WLNM_dir_neg_kfold,0.776199464923,0.454639372857,00:00:12,10,66.6666666667,1,15346,threshold_sweep,0.4,0.982142857143,0.663793103448,0.792181069959,385,7,195,1153,0.663793103448,0.993965517241,0.00603448275862,0.336206896552,0.982142857143,0.663793103448,0.792181069959,0.883908045977,0.591570881226,0.715759849906,0.742201043333,0.65775862069,1779,1199,580,0,1779,0,1199,0,580,126,1741,0.11053968254,3.35021095487,27.6349206349,14.6302521008,14.7542372881,19.3405700742,0.69985980165,0.389650173682,15.6125082129,1.12991156509,0.578854517108,9.15239928644,0.662379270587,0.377355652198,1.19779027155,0.357526820756,4.34256606628,3.35021095487,1.19779027155,4.34256606628,0.507119835952,0.563909424838,12128,0.0372596006144,0.110016681489,126,126,126,1,0,0.0555555555556,0.880952380952,0.0634920634921,126,0.0737142857143,3.00332674727,18.4285714286,10.5545454545,9.92307692308,13.5253412949,0.733933248559,0.407161314138,10.6910109104,1.16026474996,0.594226378464,6.44435522653,0.699387388926,0.393947472759,1.13778591947,0.378841869437,3.97191603983,3.00332674727,1.13778591947,3.97191603983,0.394293498746,0.396355579073,3995,0.0122734254992,0.0730085770453,126,126,126,1,0,0.126984126984,0.801587301587,0.0714285714286,126,1553,0.0986031746032,2.98987603965,24.6507936508,14.1181818182,13.2735042735,17.423348684,0.70680680431,0.395563119002,13.576938898,1.10154172644,0.572363781314,8.99050998783,0.729429657738,0.411293042652,1.14985570429,0.384583069347,4.03354961598,2.98987603965,1.14985570429,4.03354961598,0.470546802667,0.519589622999,9133,0.0280583717358,0.113516637951,126,126,126,1,0,0.126984126984,0.801587301587,0.0714285714286,-188,-0.0119365079365,-0.360334915218,-2.98412698413,-0.512070282659,-1.48073301463,-1.91722139014,0.00694700266023,0.00591294531929,-2.03556931487,-0.0283698386582,-0.00649073579419,-0.161889298609,0.067050387151,0.033937390454,-0.04793456726,0.027056248591,-0.309016450294,-0.360334915218,-0.04793456726,-0.309016450294,-0.0365730332852,-0.0443198018391,-2995,-0.00920122887865,0.00349995646227,0.0714285714286,-0.0793650793651,0.00793650793651,1546,7,195,14002,0.88799540494,0.999500321222,0.000499678777928,0.11200459506,0.995492594977,0.88799540494,0.938676381299,0.933437414508,0.887495726162,0.884439359268,392,580,0,3,3,3
365,WLNM_dir_neg_kfold,0.776199464923,0.454639372857,00:00:12,10,66.6666666667,1,15346,threshold_sweep,0.5,0.982142857143,0.663793103448,0.792181069959,385,7,195,1153,0.663793103448,0.993965517241,0.00603448275862,0.336206896552,0.982142857143,0.663793103448,0.792181069959,0.883908045977,0.591570881226,0.715759849906,0.742201043333,0.65775862069,1779,1199,580,0,1779,0,1199,0,580,126,1741,0.11053968254,3.35021095487,27.6349206349,14.6302521008,14.7542372881,19.3405700742,0.69985980165,0.389650173682,15.6125082129,1.12991156509,0.578854517108,9.15239928644,0.662379270587,0.377355652198,1.19779027155,0.357526820756,4.34256606628,3.35021095487,1.19779027155,4.34256606628,0.507119835952,0.563909424838,12128,0.0372596006144,0.110016681489,126,126,126,1,0,0.0555555555556,0.880952380952,0.0634920634921,126,0.0737142857143,3.00332674727,18.4285714286,10.5545454545,9.92307692308,13.5253412949,0.733933248559,0.407161314138,10.6910109104,1.16026474996,0.594226378464,6.44435522653,0.699387388926,0.393947472759,1.13778591947,0.378841869437,3.97191603983,3.00332674727,1.13778591947,3.97191603983,0.394293498746,0.396355579073,3995,0.0122734254992,0.0730085770453,126,126,126,1,0,0.126984126984,0.801587301587,0.0714285714286,126,1553,0.0986031746032,2.98987603965,24.6507936508,14.1181818182,13.2735042735,17.423348684,0.70680680431,0.395563119002,13.576938898,1.10154172644,0.572363781314,8.99050998783,0.729429657738,0.411293042652,1.14985570429,0.384583069347,4.03354961598,2.98987603965,1.14985570429,4.03354961598,0.470546802667,0.519589622999,9133,0.0280583717358,0.113516637951,126,126,126,1,0,0.126984126984,0.801587301587,0.0714285714286,-188,-0.0119365079365,-0.360334915218,-2.98412698413,-0.512070282659,-1.48073301463,-1.91722139014,0.00694700266023,0.00591294531929,-2.03556931487,-0.0283698386582,-0.00649073579419,-0.161889298609,0.067050387151,0.033937390454,-0.04793456726,0.027056248591,-0.309016450294,-0.360334915218,-0.04793456726,-0.309016450294,-0.0365730332852,-0.0443198018391,-2995,-0.00920122887865,0.00349995646227,0.0714285714286,-0.0793650793651,0.00793650793651,1546,7,195,14002,0.88799540494,0.999500321222,0.000499678777928,0.11200459506,0.995492594977,0.88799540494,0.938676381299,0.933437414508,0.887495726162,0.884439359268,392,580,0,3,3,3
366,WLNM_dir_neg_kfold,0.776199464923,0.454639372857,00:00:12,10,66.6666666667,1,15346,threshold_sweep,0.6,0.982142857143,0.663793103448,0.792181069959,385,7,195,1153,0.663793103448,0.993965517241,0.00603448275862,0.336206896552,0.982142857143,0.663793103448,0.792181069959,0.883908045977,0.591570881226,0.715759849906,0.742201043333,0.65775862069,1779,1199,580,0,1779,0,1199,0,580,126,1741,0.11053968254,3.35021095487,27.6349206349,14.6302521008,14.7542372881,19.3405700742,0.69985980165,0.389650173682,15.6125082129,1.12991156509,0.578854517108,9.15239928644,0.662379270587,0.377355652198,1.19779027155,0.357526820756,4.34256606628,3.35021095487,1.19779027155,4.34256606628,0.507119835952,0.563909424838,12128,0.0372596006144,0.110016681489,126,126,126,1,0,0.0555555555556,0.880952380952,0.0634920634921,126,0.0737142857143,3.00332674727,18.4285714286,10.5545454545,9.92307692308,13.5253412949,0.733933248559,0.407161314138,10.6910109104,1.16026474996,0.594226378464,6.44435522653,0.699387388926,0.393947472759,1.13778591947,0.378841869437,3.97191603983,3.00332674727,1.13778591947,3.97191603983,0.394293498746,0.396355579073,3995,0.0122734254992,0.0730085770453,126,126,126,1,0,0.126984126984,0.801587301587,0.0714285714286,126,1553,0.0986031746032,2.98987603965,24.6507936508,14.1181818182,13.2735042735,17.423348684,0.70680680431,0.395563119002,13.576938898,1.10154172644,0.572363781314,8.99050998783,0.729429657738,0.411293042652,1.14985570429,0.384583069347,4.03354961598,2.98987603965,1.14985570429,4.03354961598,0.470546802667,0.519589622999,9133,0.0280583717358,0.113516637951,126,126,126,1,0,0.126984126984,0.801587301587,0.0714285714286,-188,-0.0119365079365,-0.360334915218,-2.98412698413,-0.512070282659,-1.48073301463,-1.91722139014,0.00694700266023,0.00591294531929,-2.03556931487,-0.0283698386582,-0.00649073579419,-0.161889298609,0.067050387151,0.033937390454,-0.04793456726,0.027056248591,-0.309016450294,-0.360334915218,-0.04793456726,-0.309016450294,-0.0365730332852,-0.0443198018391,-2995,-0.00920122887865,0.00349995646227,0.0714285714286,-0.0793650793651,0.00793650793651,1546,7,195,14002,0.88799540494,0.999500321222,0.000499678777928,0.11200459506,0.995492594977,0.88799540494,0.938676381299,0.933437414508,0.887495726162,0.884439359268,392,580,0,3,3,3
367,WLNM_dir_neg_kfold,0.776199464923,0.454639372857,00:00:12,10,66.6666666667,1,15346,threshold_sweep,0.7,0.984575835476,0.660344827586,0.790505675955,383,6,197,1154,0.660344827586,0.994827586207,0.0051724137931,0.339655172414,0.984575835476,0.660344827586,0.790505675955,0.883333333333,0.59214559387,0.713950211367,0.741303617205,0.655172413793,1779,1199,580,0,1779,0,1199,0,580,126,1741,0.11053968254,3.35021095487,27.6349206349,14.6302521008,14.7542372881,19.3405700742,0.69985980165,0.389650173682,15.6125082129,1.12991156509,0.578854517108,9.15239928644,0.662379270587,0.377355652198,1.19779027155,0.357526820756,4.34256606628,3.35021095487,1.19779027155,4.34256606628,0.507119835952,0.563909424838,12128,0.0372596006144,0.110016681489,126,126,126,1,0,0.0555555555556,0.880952380952,0.0634920634921,126,0.0737142857143,3.00332674727,18.4285714286,10.5545454545,9.92307692308,13.5253412949,0.733933248559,0.407161314138,10.6910109104,1.16026474996,0.594226378464,6.44435522653,0.699387388926,0.393947472759,1.13778591947,0.378841869437,3.97191603983,3.00332674727,1.13778591947,3.97191603983,0.394293498746,0.396355579073,3995,0.0122734254992,0.0730085770453,126,126,126,1,0,0.126984126984,0.801587301587,0.0714285714286,126,1550,0.0984126984127,3.01121814852,24.6031746032,14.0909090909,13.2478632479,17.4209434257,0.708077055367,0.39616999488,13.5783768345,1.103790633,0.5733640553,8.96327604508,0.728627601084,0.411008704557,1.15608566016,0.383926239529,4.04917340975,3.01121814852,1.15608566016,4.04917340975,0.470458578343,0.519303183599,9102,0.0279631336406,0.113299651545,126,126,126,1,0,0.126984126984,0.801587301587,0.0714285714286,-191,-0.012126984127,-0.338992806348,-3.03174603175,-0.539343009931,-1.50637404027,-1.91962664847,0.00821725371714,0.00651982119733,-2.03413137839,-0.0261209320934,-0.00549046180886,-0.189123241358,0.0662483304973,0.0336530523594,-0.0417046113915,0.0263994187735,-0.293392656526,-0.338992806348,-0.0417046113915,-0.293392656526,-0.0366612576088,-0.0446062412395,-3026,-0.00929646697389,0.003282970056,0.0714285714286,-0.0793650793651,0.00793650793651,1544,6,197,14003,0.886846639862,0.999571703905,0.000428296095367,0.113153360138,0.996129032258,0.886846639862,0.938316621088,0.933107471317,0.886418343767,0.883800801374,389,580,0,3,3,3
368,WLNM_dir_neg_kfold,0.776199464923,0.454639372857,00:00:12,10,66.6666666667,1,15346,threshold_sweep,0.8,0.989637305699,0.658620689655,0.790890269151,382,4,198,1156,0.658620689655,0.996551724138,0.00344827586207,0.341379310345,0.989637305699,0.658620689655,0.790890269151,0.883908045977,0.592720306513,0.71495766698,0.743353875432,0.655172413793,1779,1199,580,0,1779,0,1199,0,580,126,1741,0.11053968254,3.35021095487,27.6349206349,14.6302521008,14.7542372881,19.3405700742,0.69985980165,0.389650173682,15.6125082129,1.12991156509,0.578854517108,9.15239928644,0.662379270587,0.377355652198,1.19779027155,0.357526820756,4.34256606628,3.35021095487,1.19779027155,4.34256606628,0.507119835952,0.563909424838,12128,0.0372596006144,0.110016681489,126,126,126,1,0,0.0555555555556,0.880952380952,0.0634920634921,126,0.0737142857143,3.00332674727,18.4285714286,10.5545454545,9.92307692308,13.5253412949,0.733933248559,0.407161314138,10.6910109104,1.16026474996,0.594226378464,6.44435522653,0.699387388926,0.393947472759,1.13778591947,0.378841869437,3.97191603983,3.00332674727,1.13778591947,3.97191603983,0.394293498746,0.396355579073,3995,0.0122734254992,0.0730085770453,126,126,126,1,0,0.126984126984,0.801587301587,0.0714285714286,126,1547,0.0982222222222,3.00581775369,24.5555555556,14.0636363636,13.2222222222,17.3935875796,0.708336145775,0.396286719816,13.5756481327,1.10570889768,0.573814141041,8.93858054851,0.728029184947,0.410795087266,1.15101033004,0.382927517354,4.03786928332,3.00581775369,1.15101033004,4.03786928332,0.469373957237,0.519519576679,9098,0.0279508448541,0.113051072622,126,126,126,1,0,0.126984126984,0.801587301587,0.0714285714286,-194,-0.0123174603175,-0.344393201176,-3.07936507937,-0.566615737204,-1.53201506591,-1.94698249457,0.00847634412536,0.00663654613379,-2.03686008024,-0.0242026674094,-0.00504037606736,-0.213818737928,0.06564991436,0.033439435068,-0.0467799415133,0.0254006965988,-0.304696782956,-0.344393201176,-0.0467799415133,-0.304696782956,-0.037745878715,-0.0443898481591,-3030,-0.00930875576037,0.00303439113379,0.0714285714286,-0.0793650793651,0.00793650793651,1543,4,198,14005,0.886272257323,0.99971446927,0.000285530730245,0.113727742677,0.997414350356,0.886272257323,0.938564476886,0.933458400428,0.885986726593,0.884240687679,386,580,0,3,3,3
369,WLNM_dir_neg_kfold,0.776199464923,0.454639372857,00:00:12,10,66.6666666667,1,15346,threshold_sweep,0.9,0.98955613577,0.653448275862,0.78712357217,379,4,201,1156,0.653448275862,0.996551724138,0.00344827586207,0.346551724138,0.98955613577,0.653448275862,0.78712357217,0.882183908046,0.593295019157,0.710315591145,0.739549141446,0.65,1779,1199,580,0,1779,0,1199,0,580,126,1741,0.11053968254,3.35021095487,27.6349206349,14.6302521008,14.7542372881,19.3405700742,0.69985980165,0.389650173682,15.6125082129,1.12991156509,0.578854517108,9.15239928644,0.662379270587,0.377355652198,1.19779027155,0.357526820756,4.34256606628,3.35021095487,1.19779027155,4.34256606628,0.507119835952,0.563909424838,12128,0.0372596006144,0.110016681489,126,126,126,1,0,0.0555555555556,0.880952380952,0.0634920634921,126,0.0737142857143,3.00332674727,18.4285714286,10.5545454545,9.92307692308,13.5253412949,0.733933248559,0.407161314138,10.6910109104,1.16026474996,0.594226378464,6.44435522653,0.699387388926,0.393947472759,1.13778591947,0.378841869437,3.97191603983,3.00332674727,1.13778591947,3.97191603983,0.394293498746,0.396355579073,3995,0.0122734254992,0.0730085770453,126,126,126,1,0,0.126984126984,0.801587301587,0.0714285714286,126,1544,0.0980317460317,3.00545839032,24.5079365079,14.0363636364,13.1965811966,17.3913753484,0.709622180665,0.396779134797,13.5799478691,1.10820818103,0.57515009458,8.91823884671,0.727783740081,0.410385311292,1.15044694641,0.382785850608,4.03661962293,3.00545839032,1.15044694641,4.03661962293,0.470064512654,0.51926931226,9068,0.0278586789555,0.112285230852,126,126,126,1,0,0.126984126984,0.801587301587,0.0714285714286,-197,-0.0125079365079,-0.344752564541,-3.12698412698,-0.593888464477,-1.55765609155,-1.94919472579,0.00976237901559,0.00712896111493,-2.03256034384,-0.0217033840673,-0.00370442252825,-0.234160439728,0.0654044694947,0.0330296590943,-0.0473433251478,0.025259029852,-0.305946443343,-0.344752564541,-0.0473433251478,-0.305946443343,-0.0370553232982,-0.0446401125782,-3060,-0.00940092165899,0.00226854936339,0.0714285714286,-0.0793650793651,0.00793650793651,1540,4,201,14005,0.884549109707,0.99971446927,0.000285530730245,0.115450890293,0.997409326425,0.884549109707,0.937595129376,0.932449107731,0.884263578977,0.882521489971,383,580,0,3,3,3
370,WLNM_dir_neg_kfold,0.816427615933,0.536272290055,00:00:13,10,66.6666666667,2,15347,threshold_sweep,0.1,0.903890160183,0.681034482759,0.776794493609,395,42,185,1118,0.681034482759,0.963793103448,0.0362068965517,0.318965517241,0.903890160183,0.681034482759,0.776794493609,0.869540229885,0.582950191571,0.687184198438,0.70092842702,0.644827586207,1779,1199,580,0,1779,0,1199,0,580,126,1741,0.11053968254,3.35021095487,27.6349206349,14.6302521008,14.7542372881,19.3405700742,0.69985980165,0.389650173682,15.6125082129,1.12991156509,0.578854517108,9.15239928644,0.662379270587,0.377355652198,1.19779027155,0.357526820756,4.34256606628,3.35021095487,1.19779027155,4.34256606628,0.507119835952,0.563909424838,12128,0.0372596006144,0.110016681489,126,126,126,1,0,0.0555555555556,0.880952380952,0.0634920634921,126,0.0737142857143,3.00332674727,18.4285714286,10.5545454545,9.92307692308,13.5253412949,0.733933248559,0.407161314138,10.6910109104,1.16026474996,0.594226378464,6.44435522653,0.699387388926,0.393947472759,1.13778591947,0.378841869437,3.97191603983,3.00332674727,1.13778591947,3.97191603983,0.394293498746,0.396355579073,3995,0.0122734254992,0.0730085770453,126,126,126,1,0,0.126984126984,0.801587301587,0.0714285714286,126,1598,0.10146031746,NaN,25.3650793651,12.6825396825,12.784,17.1630315153,0.676640166121,0.380321632199,13.3522437327,1.05280520045,0.542304865208,9.06390714308,0.714676032558,0.403440808948,NaN,NaN,NaN,NaN,NaN,NaN,0.472521673085,0.513829257956,9295,0.0285560675883,0.10257600622,126,126,0,1,2,0,0.992063492063,0.00793650793651,-143,-0.00907936507937,NaN,-2.26984126984,-1.9477124183,-1.97023728814,-2.17753855891,-0.023219635529,-0.00932854148336,-2.26026448018,-0.0771063646398,-0.0365496518999,-0.0884921433572,0.0522967619718,0.02608515675,NaN,NaN,NaN,NaN,NaN,NaN,-0.0345981628669,-0.0500801668827,-2833,-0.00870353302611,-0.00744067526882,-0.0555555555556,0.111111111111,-0.0555555555556,1556,42,185,13967,0.893739230327,0.997001927332,0.00299807266757,0.106260769673,0.973717146433,0.893739230327,0.932015573525,0.925032892174,0.89074115766,0.872686483455,437,580,0,3,3,3
371,WLNM_dir_neg_kfold,0.816427615933,0.536272290055,00:00:13,10,66.6666666667,2,15347,threshold_sweep,0.2,0.924882629108,0.679310344828,0.783300198807,394,32,186,1128,0.679310344828,0.972413793103,0.0275862068966,0.320689655172,0.924882629108,0.679310344828,0.783300198807,0.874712643678,0.585057471264,0.698060941828,0.714503425932,0.651724137931,1779,1199,580,0,1779,0,1199,0,580,126,1741,0.11053968254,3.35021095487,27.6349206349,14.6302521008,14.7542372881,19.3405700742,0.69985980165,0.389650173682,15.6125082129,1.12991156509,0.578854517108,9.15239928644,0.662379270587,0.377355652198,1.19779027155,0.357526820756,4.34256606628,3.35021095487,1.19779027155,4.34256606628,0.507119835952,0.563909424838,12128,0.0372596006144,0.110016681489,126,126,126,1,0,0.0555555555556,0.880952380952,0.0634920634921,126,0.0737142857143,3.00332674727,18.4285714286,10.5545454545,9.92307692308,13.5253412949,0.733933248559,0.407161314138,10.6910109104,1.16026474996,0.594226378464,6.44435522653,0.699387388926,0.393947472759,1.13778591947,0.378841869437,3.97191603983,3.00332674727,1.13778591947,3.97191603983,0.394293498746,0.396355579073,3995,0.0122734254992,0.0730085770453,126,126,126,1,0,0.126984126984,0.801587301587,0.0714285714286,126,1587,0.100761904762,25.0230709584,25.1904761905,12.696,12.696,17.1812522411,0.682053491612,0.382797731569,13.4039866138,1.06421065743,0.549059321271,9.00326924749,0.714815327778,0.403361638711,3.02846991532,0.121027108158,26.8500716913,25.0230709584,3.02846991532,26.8500716913,0.467051708237,0.515040311371,9263,0.0284577572965,0.100940350499,126,126,126,1,0,0.00793650793651,0.984126984127,0.00793650793651,-154,-0.00977777777778,21.6728600036,-2.44444444444,-1.93425210084,-2.05823728814,-2.15931783309,-0.0178063100382,-0.00685244211334,-2.20852159912,-0.0657009076652,-0.0297951958374,-0.149130038946,0.0524360571917,0.0260059865137,1.83067964377,-0.236499712598,22.507505625,21.6728600036,1.83067964377,22.507505625,-0.0400681277152,-0.0488691134678,-2865,-0.00880184331797,-0.00907633099,-0.047619047619,0.103174603175,-0.0555555555556,1555,32,186,13977,0.893164847789,0.997715754158,0.00228424584196,0.106835152211,0.979836168872,0.893164847789,0.934495192308,0.928017925206,0.890880601947,0.877044557248,426,580,0,3,3,3
372,WLNM_dir_neg_kfold,0.816427615933,0.536272290055,00:00:13,10,66.6666666667,2,15347,threshold_sweep,0.3,0.926886792453,0.677586206897,0.782868525896,393,31,187,1129,0.677586206897,0.973275862069,0.026724137931,0.322413793103,0.926886792453,0.677586206897,0.782868525896,0.874712643678,0.585440613027,0.697781885397,0.714695554699,0.650862068966,1779,1199,580,0,1779,0,1199,0,580,126,1741,0.11053968254,3.35021095487,27.6349206349,14.6302521008,14.7542372881,19.3405700742,0.69985980165,0.389650173682,15.6125082129,1.12991156509,0.578854517108,9.15239928644,0.662379270587,0.377355652198,1.19779027155,0.357526820756,4.34256606628,3.35021095487,1.19779027155,4.34256606628,0.507119835952,0.563909424838,12128,0.0372596006144,0.110016681489,126,126,126,1,0,0.0555555555556,0.880952380952,0.0634920634921,126,0.0737142857143,3.00332674727,18.4285714286,10.5545454545,9.92307692308,13.5253412949,0.733933248559,0.407161314138,10.6910109104,1.16026474996,0.594226378464,6.44435522653,0.699387388926,0.393947472759,1.13778591947,0.378841869437,3.97191603983,3.00332674727,1.13778591947,3.97191603983,0.394293498746,0.396355579073,3995,0.0122734254992,0.0730085770453,126,126,126,1,0,0.126984126984,0.801587301587,0.0714285714286,126,1585,0.100634920635,25.0217148232,25.1587301587,12.68,12.68,17.1960054424,0.683500531779,0.383661308898,13.3885641797,1.06432749946,0.549251414551,9.02029105925,0.717070456445,0.40465174503,3.02768671934,0.121002366973,26.8500716913,25.0217148232,3.02768671934,26.8500716913,0.466128019678,0.515392751768,9258,0.0284423963134,0.101205649634,126,126,126,1,0,0.00793650793651,0.984126984127,0.00793650793651,-156,-0.00990476190476,21.6715038683,-2.47619047619,-1.95025210084,-2.07423728814,-2.14456463178,-0.0163592698704,-0.00598886478444,-2.22394403323,-0.0655840656355,-0.0296031025573,-0.132108227186,0.0546911858588,0.0272960928326,1.82989644779,-0.236524453782,22.507505625,21.6715038683,1.82989644779,22.507505625,-0.0409918162739,-0.0485166730709,-2870,-0.00881720430108,-0.0088110318549,-0.047619047619,0.103174603175,-0.0555555555556,1554,31,187,13978,0.89259046525,0.997787136841,0.0022128631594,0.10740953475,0.980441640379,0.89259046525,0.934455802766,0.928013420989,0.89037760209,0.8769751693,424,580,0,3,3,3
373,WLNM_dir_neg_kfold,0.816427615933,0.536272290055,00:00:13,10,66.6666666667,2,15347,threshold_sweep,0.4,0.957711442786,0.663793103448,0.784114052953,385,17,195,1143,0.663793103448,0.985344827586,0.0146551724138,0.336206896552,0.957711442786,0.663793103448,0.784114052953,0.87816091954,0.589655172414,0.703081232493,0.726003802089,0.649137931034,1779,1199,580,0,1779,0,1199,0,580,126,1741,0.11053968254,3.35021095487,27.6349206349,14.6302521008,14.7542372881,19.3405700742,0.69985980165,0.389650173682,15.6125082129,1.12991156509,0.578854517108,9.15239928644,0.662379270587,0.377355652198,1.19779027155,0.357526820756,4.34256606628,3.35021095487,1.19779027155,4.34256606628,0.507119835952,0.563909424838,12128,0.0372596006144,0.110016681489,126,126,126,1,0,0.0555555555556,0.880952380952,0.0634920634921,126,0.0737142857143,3.00332674727,18.4285714286,10.5545454545,9.92307692308,13.5253412949,0.733933248559,0.407161314138,10.6910109104,1.16026474996,0.594226378464,6.44435522653,0.699387388926,0.393947472759,1.13778591947,0.378841869437,3.97191603983,3.00332674727,1.13778591947,3.97191603983,0.394293498746,0.396355579073,3995,0.0122734254992,0.0730085770453,126,126,126,1,0,0.126984126984,0.801587301587,0.0714285714286,126,1563,0.0992380952381,3.5912475253,24.8095238095,13.9553571429,12.504,17.3249943311,0.69832030893,0.391046928475,13.5364270449,1.09122828385,0.567381612487,8.88250286478,0.71605589313,0.403340137505,1.38219797438,0.384879617638,5.35675986489,3.5912475253,1.38219797438,5.35675986489,0.483044962489,0.521066013749,9222,0.028331797235,0.109581244646,126,126,126,1,0,0.111111111111,0.880952380952,0.00793650793651,-178,-0.0113015873016,0.241036570433,-2.8253968254,-0.674894957983,-2.25023728814,-2.0155757431,-0.00153949272014,0.00139675479261,-2.07608116798,-0.0386832812406,-0.0114729046212,-0.269896421657,0.0536766225436,0.0259844853075,0.184407702828,0.0273527968827,1.01419379862,0.241036570433,0.184407702828,1.01419379862,-0.0240748734624,-0.0428434110895,-2906,-0.00892780337942,-0.00043543684285,0.0555555555556,0,-0.0555555555556,1546,17,195,13992,0.88799540494,0.998786494396,0.00121350560354,0.11200459506,0.989123480486,0.88799540494,0.93583535109,0.930025806732,0.886781899336,0.879408418658,402,580,0,3,3,3
374,WLNM_dir_neg_kfold,0.816427615933,0.536272290055,00:00:13,10,66.6666666667,2,15347,threshold_sweep,0.5,0.960099750623,0.663793103448,0.784913353721,385,16,195,1144,0.663793103448,0.986206896552,0.0137931034483,0.336206896552,0.960099750623,0.663793103448,0.784913353721,0.878735632184,0.589846743295,0.704343764596,0.72760198167,0.65,1779,1199,580,0,1779,0,1199,0,580,126,1741,0.11053968254,3.35021095487,27.6349206349,14.6302521008,14.7542372881,19.3405700742,0.69985980165,0.389650173682,15.6125082129,1.12991156509,0.578854517108,9.15239928644,0.662379270587,0.377355652198,1.19779027155,0.357526820756,4.34256606628,3.35021095487,1.19779027155,4.34256606628,0.507119835952,0.563909424838,12128,0.0372596006144,0.110016681489,126,126,126,1,0,0.0555555555556,0.880952380952,0.0634920634921,126,0.0737142857143,3.00332674727,18.4285714286,10.5545454545,9.92307692308,13.5253412949,0.733933248559,0.407161314138,10.6910109104,1.16026474996,0.594226378464,6.44435522653,0.699387388926,0.393947472759,1.13778591947,0.378841869437,3.97191603983,3.00332674727,1.13778591947,3.97191603983,0.394293498746,0.396355579073,3995,0.0122734254992,0.0730085770453,126,126,126,1,0,0.126984126984,0.801587301587,0.0714285714286,126,1562,0.0991746031746,3.59040112711,24.7936507937,13.9464285714,12.496,17.309566123,0.698145112514,0.390941609251,13.5292745497,1.09134993167,0.567434912505,8.8788101591,0.71621644049,0.403329065301,1.38125681008,0.384708215371,5.35563149477,3.59040112711,1.38125681008,5.35563149477,0.483044962489,0.521066013749,9222,0.028331797235,0.109568847118,126,126,126,1,0,0.111111111111,0.880952380952,0.00793650793651,-179,-0.0113650793651,0.240190172243,-2.84126984127,-0.683823529412,-2.25823728814,-2.03100395121,-0.00171468913612,0.00129143556913,-2.08323366321,-0.0385616334271,-0.0114196046031,-0.273589127343,0.0538371699038,0.0259734131032,0.183466538524,0.0271813946158,1.0130654285,0.240190172243,0.183466538524,1.0130654285,-0.0240748734624,-0.0428434110895,-2906,-0.00892780337942,-0.000447834370744,0.0555555555556,0,-0.0555555555556,1546,16,195,13993,0.88799540494,0.998857877079,0.00114212292098,0.11200459506,0.989756722151,0.88799540494,0.936118679988,0.930365561449,0.886853282019,0.879908935686,401,580,0,3,3,3
375,WLNM_dir_neg_kfold,0.816427615933,0.536272290055,00:00:13,10,66.6666666667,2,15347,threshold_sweep,0.6,0.9625,0.663793103448,0.785714285714,385,15,195,1145,0.663793103448,0.987068965517,0.0129310344828,0.336206896552,0.9625,0.663793103448,0.785714285714,0.879310344828,0.590038314176,0.705607476636,0.729204867514,0.650862068966,1779,1199,580,0,1779,0,1199,0,580,126,1741,0.11053968254,3.35021095487,27.6349206349,14.6302521008,14.7542372881,19.3405700742,0.69985980165,0.389650173682,15.6125082129,1.12991156509,0.578854517108,9.15239928644,0.662379270587,0.377355652198,1.19779027155,0.357526820756,4.34256606628,3.35021095487,1.19779027155,4.34256606628,0.507119835952,0.563909424838,12128,0.0372596006144,0.110016681489,126,126,126,1,0,0.0555555555556,0.880952380952,0.0634920634921,126,0.0737142857143,3.00332674727,18.4285714286,10.5545454545,9.92307692308,13.5253412949,0.733933248559,0.407161314138,10.6910109104,1.16026474996,0.594226378464,6.44435522653,0.699387388926,0.393947472759,1.13778591947,0.378841869437,3.97191603983,3.00332674727,1.13778591947,3.97191603983,0.394293498746,0.396355579073,3995,0.0122734254992,0.0730085770453,126,126,126,1,0,0.126984126984,0.801587301587,0.0714285714286,126,1561,0.0991111111111,3.59126764486,24.7777777778,13.9375,12.488,17.3075192394,0.698509745088,0.391115788617,13.5191551347,1.09123225302,0.567345921926,8.87871362054,0.716667467129,0.403612865176,1.38234650455,0.384918820107,5.3563564255,3.59126764486,1.38234650455,5.3563564255,0.483007607852,0.520964518683,9211,0.0282980030722,0.10955602046,126,126,126,1,0,0.111111111111,0.880952380952,0.00793650793651,-180,-0.0114285714286,0.241056689995,-2.85714285714,-0.69275210084,-2.26623728814,-2.03305083476,-0.0013500565619,0.00146561493505,-2.09335307824,-0.0386793120699,-0.0115085951821,-0.2736856659,0.0542881965421,0.0262572129783,0.184556232995,0.0273919993516,1.01379035922,0.241056689995,0.184556232995,1.01379035922,-0.0241122280995,-0.0429449061551,-2917,-0.00896159754224,-0.000460661028642,0.0555555555556,0,-0.0555555555556,1546,15,195,13994,0.88799540494,0.998929259762,0.00107074023842,0.11200459506,0.990390775144,0.88799540494,0.936402180497,0.930705627298,0.886924664701,0.880410022779,400,580,0,3,3,3
376,WLNM_dir_neg_kfold,0.816427615933,0.536272290055,00:00:13,10,66.6666666667,2,15347,threshold_sweep,0.7,0.9625,0.663793103448,0.785714285714,385,15,195,1145,0.663793103448,0.987068965517,0.0129310344828,0.336206896552,0.9625,0.663793103448,0.785714285714,0.879310344828,0.590038314176,0.705607476636,0.729204867514,0.650862068966,1779,1199,580,0,1779,0,1199,0,580,126,1741,0.11053968254,3.35021095487,27.6349206349,14.6302521008,14.7542372881,19.3405700742,0.69985980165,0.389650173682,15.6125082129,1.12991156509,0.578854517108,9.15239928644,0.662379270587,0.377355652198,1.19779027155,0.357526820756,4.34256606628,3.35021095487,1.19779027155,4.34256606628,0.507119835952,0.563909424838,12128,0.0372596006144,0.110016681489,126,126,126,1,0,0.0555555555556,0.880952380952,0.0634920634921,126,0.0737142857143,3.00332674727,18.4285714286,10.5545454545,9.92307692308,13.5253412949,0.733933248559,0.407161314138,10.6910109104,1.16026474996,0.594226378464,6.44435522653,0.699387388926,0.393947472759,1.13778591947,0.378841869437,3.97191603983,3.00332674727,1.13778591947,3.97191603983,0.394293498746,0.396355579073,3995,0.0122734254992,0.0730085770453,126,126,126,1,0,0.126984126984,0.801587301587,0.0714285714286,126,1561,0.0991111111111,3.59126764486,24.7777777778,13.9375,12.488,17.3075192394,0.698509745088,0.391115788617,13.5191551347,1.09123225302,0.567345921926,8.87871362054,0.716667467129,0.403612865176,1.38234650455,0.384918820107,5.3563564255,3.59126764486,1.38234650455,5.3563564255,0.483007607852,0.520964518683,9211,0.0282980030722,0.10955602046,126,126,126,1,0,0.111111111111,0.880952380952,0.00793650793651,-180,-0.0114285714286,0.241056689995,-2.85714285714,-0.69275210084,-2.26623728814,-2.03305083476,-0.0013500565619,0.00146561493505,-2.09335307824,-0.0386793120699,-0.0115085951821,-0.2736856659,0.0542881965421,0.0262572129783,0.184556232995,0.0273919993516,1.01379035922,0.241056689995,0.184556232995,1.01379035922,-0.0241122280995,-0.0429449061551,-2917,-0.00896159754224,-0.000460661028642,0.0555555555556,0,-0.0555555555556,1546,15,195,13994,0.88799540494,0.998929259762,0.00107074023842,0.11200459506,0.990390775144,0.88799540494,0.936402180497,0.930705627298,0.886924664701,0.880410022779,400,580,0,3,3,3
377,WLNM_dir_neg_kfold,0.816427615933,0.536272290055,00:00:13,10,66.6666666667,2,15347,threshold_sweep,0.8,0.969620253165,0.660344827586,0.785641025641,383,12,197,1148,0.660344827586,0.989655172414,0.0103448275862,0.339655172414,0.969620253165,0.660344827586,0.785641025641,0.879885057471,0.590996168582,0.706323185012,0.731470234248,0.65,1779,1199,580,0,1779,0,1199,0,580,126,1741,0.11053968254,3.35021095487,27.6349206349,14.6302521008,14.7542372881,19.3405700742,0.69985980165,0.389650173682,15.6125082129,1.12991156509,0.578854517108,9.15239928644,0.662379270587,0.377355652198,1.19779027155,0.357526820756,4.34256606628,3.35021095487,1.19779027155,4.34256606628,0.507119835952,0.563909424838,12128,0.0372596006144,0.110016681489,126,126,126,1,0,0.0555555555556,0.880952380952,0.0634920634921,126,0.0737142857143,3.00332674727,18.4285714286,10.5545454545,9.92307692308,13.5253412949,0.733933248559,0.407161314138,10.6910109104,1.16026474996,0.594226378464,6.44435522653,0.699387388926,0.393947472759,1.13778591947,0.378841869437,3.97191603983,3.00332674727,1.13778591947,3.97191603983,0.394293498746,0.396355579073,3995,0.0122734254992,0.0730085770453,126,126,126,1,0,0.126984126984,0.801587301587,0.0714285714286,126,1556,0.0987936507937,3.36073529703,24.6984126984,14.018018018,12.448,17.3113927071,0.700911144312,0.392245072836,13.5329626972,1.09585687651,0.569694373036,8.85737429293,0.71724239133,0.403792793896,1.31926955084,0.392553841419,5.15627572621,3.36073529703,1.31926955084,5.15627572621,0.483193152352,0.520829395532,9185,0.0282181259601,0.110710778413,126,126,126,1,0,0.119047619048,0.873015873016,0.00793650793651,-185,-0.011746031746,0.0105243421619,-2.93650793651,-0.612234082822,-2.30623728814,-2.02917736704,0.00105134266182,0.00259489915399,-2.07954551567,-0.0340546885811,-0.00916014407212,-0.295024993508,0.0548631207433,0.0264371416979,0.121479279286,0.0350270206631,0.813709659929,0.0105243421619,0.121479279286,0.813709659929,-0.0239266835997,-0.0430800293067,-2943,-0.00904147465438,0.000694096924829,0.0634920634921,-0.00793650793651,-0.0555555555556,1544,12,197,13997,0.886846639862,0.999143407809,0.000856592190735,0.113153360138,0.992287917738,0.886846639862,0.93660903852,0.931053420412,0.885990047671,0.880775812892,395,580,0,3,3,3
378,WLNM_dir_neg_kfold,0.816427615933,0.536272290055,00:00:13,10,66.6666666667,2,15347,threshold_sweep,0.9,0.969465648855,0.656896551724,0.783144912641,381,12,199,1148,0.656896551724,0.989655172414,0.0103448275862,0.343103448276,0.969465648855,0.656896551724,0.783144912641,0.878735632184,0.591379310345,0.70323488045,0.728897049932,0.646551724138,1779,1199,580,0,1779,0,1199,0,580,126,1741,0.11053968254,3.35021095487,27.6349206349,14.6302521008,14.7542372881,19.3405700742,0.69985980165,0.389650173682,15.6125082129,1.12991156509,0.578854517108,9.15239928644,0.662379270587,0.377355652198,1.19779027155,0.357526820756,4.34256606628,3.35021095487,1.19779027155,4.34256606628,0.507119835952,0.563909424838,12128,0.0372596006144,0.110016681489,126,126,126,1,0,0.0555555555556,0.880952380952,0.0634920634921,126,0.0737142857143,3.00332674727,18.4285714286,10.5545454545,9.92307692308,13.5253412949,0.733933248559,0.407161314138,10.6910109104,1.16026474996,0.594226378464,6.44435522653,0.699387388926,0.393947472759,1.13778591947,0.378841869437,3.97191603983,3.00332674727,1.13778591947,3.97191603983,0.394293498746,0.396355579073,3995,0.0122734254992,0.0730085770453,126,126,126,1,0,0.126984126984,0.801587301587,0.0714285714286,126,1554,0.0986666666667,3.36534470496,24.6666666667,14,12.432,17.3075705979,0.701658267481,0.392576249719,13.5298189197,1.09701234484,0.570284570285,8.84985875594,0.717556115346,0.403811975241,1.32040717471,0.392354213452,5.15718856246,3.36534470496,1.32040717471,5.15718856246,0.483291274572,0.519960609045,9152,0.0281167434716,0.110259056605,126,126,126,1,0,0.119047619048,0.873015873016,0.00793650793651,-187,-0.011873015873,0.0151337500942,-2.96825396825,-0.63025210084,-2.32223728814,-2.0329994763,0.0017984658311,0.00292607603677,-2.08268929321,-0.0328992202525,-0.00856994682382,-0.302540530504,0.0551768447594,0.0264563230428,0.122616903155,0.0348273926962,0.814622496187,0.0151337500942,0.122616903155,0.814622496187,-0.0238285613799,-0.0439488157937,-2976,-0.00914285714286,0.00024237511604,0.0634920634921,-0.00793650793651,-0.0555555555556,1542,12,199,13997,0.885697874785,0.999143407809,0.000856592190735,0.114302125215,0.992277992278,0.885697874785,0.935963581184,0.930378845878,0.884841282594,0.87963491158,393,580,0,3,3,3
379,WLNM_dir_neg_kfold,0.866634958383,0.468826198242,00:00:12,10,66.6666666667,3,15348,threshold_sweep,0.1,0.91935483871,0.687931034483,0.786982248521,399,35,181,1125,0.687931034483,0.969827586207,0.0301724137931,0.312068965517,0.91935483871,0.687931034483,0.786982248521,0.875862068966,0.583524904215,0.701931922723,0.716626868093,0.65775862069,1779,1199,580,0,1779,0,1199,0,580,126,1741,0.11053968254,3.35021095487,27.6349206349,14.6302521008,14.7542372881,19.3405700742,0.69985980165,0.389650173682,15.6125082129,1.12991156509,0.578854517108,9.15239928644,0.662379270587,0.377355652198,1.19779027155,0.357526820756,4.34256606628,3.35021095487,1.19779027155,4.34256606628,0.507119835952,0.563909424838,12128,0.0372596006144,0.110016681489,126,126,126,1,0,0.0555555555556,0.880952380952,0.0634920634921,126,0.0737142857143,3.00332674727,18.4285714286,10.5545454545,9.92307692308,13.5253412949,0.733933248559,0.407161314138,10.6910109104,1.16026474996,0.594226378464,6.44435522653,0.699387388926,0.393947472759,1.13778591947,0.378841869437,3.97191603983,3.00332674727,1.13778591947,3.97191603983,0.394293498746,0.396355579073,3995,0.0122734254992,0.0730085770453,126,126,126,1,0,0.126984126984,0.801587301587,0.0714285714286,126,1595,0.10126984127,NaN,25.3174603175,12.6587301587,13.6324786325,17.3452706147,0.685111002338,0.38535104742,13.4343813841,1.0612740153,0.547350350799,9.16965665522,0.724374130757,0.40942926805,NaN,NaN,NaN,NaN,NaN,NaN,0.456657571021,0.516894320633,9347,0.0287158218126,0.103065852441,126,126,0,1,2,0,0.928571428571,0.0714285714286,-146,-0.00926984126984,NaN,-2.31746031746,-1.97152194211,-1.12175865566,-1.99529945943,-0.0147487993123,-0.00429912626233,-2.17812682877,-0.0686375497943,-0.0315041663098,0.0172573687799,0.0619948601705,0.0320736158523,NaN,NaN,NaN,NaN,NaN,NaN,-0.0504622649309,-0.0470151042058,-2781,-0.00854377880184,-0.00695082904733,-0.0555555555556,0.047619047619,0.00793650793651,1560,35,181,13974,0.896036760482,0.99750160611,0.00249839388964,0.103963239518,0.978056426332,0.896036760482,0.935251798561,0.928711615939,0.893538366593,0.878378378378,434,580,0,3,3,3
380,WLNM_dir_neg_kfold,0.866634958383,0.468826198242,00:00:12,10,66.6666666667,3,15348,threshold_sweep,0.2,0.925581395349,0.686206896552,0.788118811881,398,32,182,1128,0.686206896552,0.972413793103,0.0275862068966,0.313793103448,0.925581395349,0.686206896552,0.788118811881,0.877011494253,0.584291187739,0.704147465438,0.719794435811,0.658620689655,1779,1199,580,0,1779,0,1199,0,580,126,1741,0.11053968254,3.35021095487,27.6349206349,14.6302521008,14.7542372881,19.3405700742,0.69985980165,0.389650173682,15.6125082129,1.12991156509,0.578854517108,9.15239928644,0.662379270587,0.377355652198,1.19779027155,0.357526820756,4.34256606628,3.35021095487,1.19779027155,4.34256606628,0.507119835952,0.563909424838,12128,0.0372596006144,0.110016681489,126,126,126,1,0,0.0555555555556,0.880952380952,0.0634920634921,126,0.0737142857143,3.00332674727,18.4285714286,10.5545454545,9.92307692308,13.5253412949,0.733933248559,0.407161314138,10.6910109104,1.16026474996,0.594226378464,6.44435522653,0.699387388926,0.393947472759,1.13778591947,0.378841869437,3.97191603983,3.00332674727,1.13778591947,3.97191603983,0.394293498746,0.396355579073,3995,0.0122734254992,0.0730085770453,126,126,126,1,0,0.126984126984,0.801587301587,0.0714285714286,126,1591,0.101015873016,NaN,25.253968254,12.626984127,13.5982905983,17.3583116727,0.687349865104,0.386514421398,13.4537632665,1.0654771663,0.549374956352,9.16579216608,0.725889260167,0.410299003322,NaN,NaN,NaN,NaN,NaN,NaN,0.458498793896,0.517742561808,9333,0.0286728110599,0.103593344883,126,126,0,1,2,0,0.928571428571,0.0714285714286,-150,-0.00952380952381,NaN,-2.38095238095,-2.00326797386,-1.15594668984,-1.98225840145,-0.0125099365456,-0.0031357522842,-2.15874494639,-0.064434398794,-0.0294795607567,0.0133928796393,0.0635099895805,0.0329433511246,NaN,NaN,NaN,NaN,NaN,NaN,-0.0486210420557,-0.0461668630307,-2795,-0.00858678955453,-0.00642333660595,-0.0555555555556,0.047619047619,0.00793650793651,1559,32,182,13977,0.895462377944,0.997715754158,0.00228424584196,0.104537622056,0.979886863608,0.895462377944,0.935774309724,0.929372150055,0.893178132102,0.879300620417,430,580,0,3,3,3
381,WLNM_dir_neg_kfold,0.866634958383,0.468826198242,00:00:12,10,66.6666666667,3,15348,threshold_sweep,0.3,0.942857142857,0.68275862069,0.792,396,24,184,1136,0.68275862069,0.979310344828,0.0206896551724,0.31724137931,0.942857142857,0.68275862069,0.792,0.880459770115,0.586206896552,0.711111111111,0.729347689342,0.662068965517,1779,1199,580,0,1779,0,1199,0,580,126,1741,0.11053968254,3.35021095487,27.6349206349,14.6302521008,14.7542372881,19.3405700742,0.69985980165,0.389650173682,15.6125082129,1.12991156509,0.578854517108,9.15239928644,0.662379270587,0.377355652198,1.19779027155,0.357526820756,4.34256606628,3.35021095487,1.19779027155,4.34256606628,0.507119835952,0.563909424838,12128,0.0372596006144,0.110016681489,126,126,126,1,0,0.0555555555556,0.880952380952,0.0634920634921,126,0.0737142857143,3.00332674727,18.4285714286,10.5545454545,9.92307692308,13.5253412949,0.733933248559,0.407161314138,10.6910109104,1.16026474996,0.594226378464,6.44435522653,0.699387388926,0.393947472759,1.13778591947,0.378841869437,3.97191603983,3.00332674727,1.13778591947,3.97191603983,0.394293498746,0.396355579073,3995,0.0122734254992,0.0730085770453,126,126,126,1,0,0.126984126984,0.801587301587,0.0714285714286,126,1581,0.100380952381,6.48717087677,25.0952380952,12.75,13.5128205128,17.3340952214,0.690732447151,0.387910002711,13.4685453664,1.07339450738,0.554245354056,9.11140572501,0.726146186813,0.41052478339,1.74684773261,0.269277280619,7.87122848974,6.48717087677,1.74684773261,7.87122848974,0.455311541515,0.518699398351,9311,0.0286052227343,0.103679643739,126,126,126,1,0,0.015873015873,0.912698412698,0.0714285714286,-160,-0.0101587301587,3.13695992191,-2.53968253968,-1.88025210084,-1.24141677532,-2.00647485281,-0.00912735449922,-0.00174017097158,-2.14396284656,-0.0565170577174,-0.0246091630528,-0.0409935614309,0.0637669162262,0.0331691311924,0.549057461056,-0.0882495401363,3.52866242346,3.13695992191,0.549057461056,3.52866242346,-0.051808294437,-0.0452100264874,-2817,-0.00865437788018,-0.0063370377498,-0.0396825396825,0.031746031746,0.00793650793651,1557,24,184,13985,0.894313612866,0.998286815619,0.00171318438147,0.105686387134,0.984819734345,0.894313612866,0.937387116195,0.931374855597,0.892600428485,0.882152974504,420,580,0,3,3,3
382,WLNM_dir_neg_kfold,0.866634958383,0.468826198242,00:00:12,10,66.6666666667,3,15348,threshold_sweep,0.4,0.974554707379,0.660344827586,0.787255909558,383,10,197,1150,0.660344827586,0.991379310345,0.00862068965517,0.339655172414,0.974554707379,0.660344827586,0.787255909558,0.881034482759,0.591379310345,0.708860759494,0.734728226332,0.651724137931,1779,1199,580,0,1779,0,1199,0,580,126,1741,0.11053968254,3.35021095487,27.6349206349,14.6302521008,14.7542372881,19.3405700742,0.69985980165,0.389650173682,15.6125082129,1.12991156509,0.578854517108,9.15239928644,0.662379270587,0.377355652198,1.19779027155,0.357526820756,4.34256606628,3.35021095487,1.19779027155,4.34256606628,0.507119835952,0.563909424838,12128,0.0372596006144,0.110016681489,126,126,126,1,0,0.0555555555556,0.880952380952,0.0634920634921,126,0.0737142857143,3.00332674727,18.4285714286,10.5545454545,9.92307692308,13.5253412949,0.733933248559,0.407161314138,10.6910109104,1.16026474996,0.594226378464,6.44435522653,0.699387388926,0.393947472759,1.13778591947,0.378841869437,3.97191603983,3.00332674727,1.13778591947,3.97191603983,0.394293498746,0.396355579073,3995,0.0122734254992,0.0730085770453,126,126,126,1,0,0.126984126984,0.801587301587,0.0714285714286,126,1554,0.0986666666667,3.03110541214,24.6666666667,14.1272727273,13.2820512821,17.4411008827,0.707071657406,0.396141038998,13.6117596217,1.10365618555,0.573645073645,8.93353233609,0.724340459683,0.40908255194,1.16246987441,0.383513509545,4.07204528983,3.03110541214,1.16246987441,4.07204528983,0.474039734502,0.523705186808,9242,0.0283932411674,0.112158586547,126,126,126,1,0,0.126984126984,0.801587301587,0.0714285714286,-187,-0.011873015873,-0.319105542731,-2.96825396825,-0.502979373568,-1.47218600608,-1.89946919148,0.00721185575633,0.00649086531584,-2.00074859118,-0.026255379547,-0.00520944346332,-0.218866950347,0.0619611890965,0.031726899742,-0.035320397146,0.0259866887891,-0.270520776443,-0.319105542731,-0.035320397146,-0.270520776443,-0.0330801014497,-0.0402042380302,-2886,-0.008866359447,0.00214190505849,0.0714285714286,-0.0793650793651,0.00793650793651,1544,10,197,13999,0.886846639862,0.999286173174,0.000713826825612,0.113153360138,0.993564993565,0.886846639862,0.93717754173,0.931736843777,0.886132813037,0.881781838949,393,580,0,3,3,3
383,WLNM_dir_neg_kfold,0.866634958383,0.468826198242,00:00:12,10,66.6666666667,3,15348,threshold_sweep,0.5,0.974489795918,0.658620689655,0.786008230453,382,10,198,1150,0.658620689655,0.991379310345,0.00862068965517,0.341379310345,0.974489795918,0.658620689655,0.786008230453,0.880459770115,0.591570881226,0.707317073171,0.733446378339,0.65,1779,1199,580,0,1779,0,1199,0,580,126,1741,0.11053968254,3.35021095487,27.6349206349,14.6302521008,14.7542372881,19.3405700742,0.69985980165,0.389650173682,15.6125082129,1.12991156509,0.578854517108,9.15239928644,0.662379270587,0.377355652198,1.19779027155,0.357526820756,4.34256606628,3.35021095487,1.19779027155,4.34256606628,0.507119835952,0.563909424838,12128,0.0372596006144,0.110016681489,126,126,126,1,0,0.0555555555556,0.880952380952,0.0634920634921,126,0.0737142857143,3.00332674727,18.4285714286,10.5545454545,9.92307692308,13.5253412949,0.733933248559,0.407161314138,10.6910109104,1.16026474996,0.594226378464,6.44435522653,0.699387388926,0.393947472759,1.13778591947,0.378841869437,3.97191603983,3.00332674727,1.13778591947,3.97191603983,0.394293498746,0.396355579073,3995,0.0122734254992,0.0730085770453,126,126,126,1,0,0.126984126984,0.801587301587,0.0714285714286,126,1553,0.0986031746032,3.02961739117,24.6507936508,14.1181818182,13.2735042735,17.4430811316,0.707607283512,0.396401230593,13.6145976746,1.10459710689,0.573866249655,8.91814273497,0.723558264395,0.408737824385,1.16182542362,0.383489158403,4.07102163447,3.02961739117,1.16182542362,4.07102163447,0.473733851522,0.523630383001,9233,0.0283655913978,0.111963391781,126,126,126,1,0,0.126984126984,0.801587301587,0.0714285714286,-188,-0.0119365079365,-0.3205935637,-2.98412698413,-0.512070282659,-1.48073301463,-1.89748894252,0.00774748186178,0.00675105691078,-1.99791053832,-0.0253144582036,-0.00498826745335,-0.234256551471,0.0611789938087,0.0313821721873,-0.0359648479336,0.025962337647,-0.271544431802,-0.3205935637,-0.0359648479336,-0.271544431802,-0.0333859844302,-0.0402790418372,-2895,-0.00889400921659,0.00194671029285,0.0714285714286,-0.0793650793651,0.00793650793651,1543,10,198,13999,0.886272257323,0.999286173174,0.000713826825612,0.113727742677,0.993560849968,0.886272257323,0.936854887675,0.931399833703,0.885558430498,0.881210736722,392,580,0,3,3,3
384,WLNM_dir_neg_kfold,0.866634958383,0.468826198242,00:00:12,10,66.6666666667,3,15348,threshold_sweep,0.6,0.974489795918,0.658620689655,0.786008230453,382,10,198,1150,0.658620689655,0.991379310345,0.00862068965517,0.341379310345,0.974489795918,0.658620689655,0.786008230453,0.880459770115,0.591570881226,0.707317073171,0.733446378339,0.65,1779,1199,580,0,1779,0,1199,0,580,126,1741,0.11053968254,3.35021095487,27.6349206349,14.6302521008,14.7542372881,19.3405700742,0.69985980165,0.389650173682,15.6125082129,1.12991156509,0.578854517108,9.15239928644,0.662379270587,0.377355652198,1.19779027155,0.357526820756,4.34256606628,3.35021095487,1.19779027155,4.34256606628,0.507119835952,0.563909424838,12128,0.0372596006144,0.110016681489,126,126,126,1,0,0.0555555555556,0.880952380952,0.0634920634921,126,0.0737142857143,3.00332674727,18.4285714286,10.5545454545,9.92307692308,13.5253412949,0.733933248559,0.407161314138,10.6910109104,1.16026474996,0.594226378464,6.44435522653,0.699387388926,0.393947472759,1.13778591947,0.378841869437,3.97191603983,3.00332674727,1.13778591947,3.97191603983,0.394293498746,0.396355579073,3995,0.0122734254992,0.0730085770453,126,126,126,1,0,0.126984126984,0.801587301587,0.0714285714286,126,1553,0.0986031746032,3.02961739117,24.6507936508,14.1181818182,13.2735042735,17.4430811316,0.707607283512,0.396401230593,13.6145976746,1.10459710689,0.573866249655,8.91814273497,0.723558264395,0.408737824385,1.16182542362,0.383489158403,4.07102163447,3.02961739117,1.16182542362,4.07102163447,0.473733851522,0.523630383001,9233,0.0283655913978,0.111963391781,126,126,126,1,0,0.126984126984,0.801587301587,0.0714285714286,-188,-0.0119365079365,-0.3205935637,-2.98412698413,-0.512070282659,-1.48073301463,-1.89748894252,0.00774748186178,0.00675105691078,-1.99791053832,-0.0253144582036,-0.00498826745335,-0.234256551471,0.0611789938087,0.0313821721873,-0.0359648479336,0.025962337647,-0.271544431802,-0.3205935637,-0.0359648479336,-0.271544431802,-0.0333859844302,-0.0402790418372,-2895,-0.00889400921659,0.00194671029285,0.0714285714286,-0.0793650793651,0.00793650793651,1543,10,198,13999,0.886272257323,0.999286173174,0.000713826825612,0.113727742677,0.993560849968,0.886272257323,0.936854887675,0.931399833703,0.885558430498,0.881210736722,392,580,0,3,3,3
385,WLNM_dir_neg_kfold,0.866634958383,0.468826198242,00:00:12,10,66.6666666667,3,15348,threshold_sweep,0.7,0.97442455243,0.656896551724,0.784757981462,381,10,199,1150,0.656896551724,0.991379310345,0.00862068965517,0.343103448276,0.97442455243,0.656896551724,0.784757981462,0.879885057471,0.591762452107,0.705771938057,0.732164199128,0.648275862069,1779,1199,580,0,1779,0,1199,0,580,126,1741,0.11053968254,3.35021095487,27.6349206349,14.6302521008,14.7542372881,19.3405700742,0.69985980165,0.389650173682,15.6125082129,1.12991156509,0.578854517108,9.15239928644,0.662379270587,0.377355652198,1.19779027155,0.357526820756,4.34256606628,3.35021095487,1.19779027155,4.34256606628,0.507119835952,0.563909424838,12128,0.0372596006144,0.110016681489,126,126,126,1,0,0.0555555555556,0.880952380952,0.0634920634921,126,0.0737142857143,3.00332674727,18.4285714286,10.5545454545,9.92307692308,13.5253412949,0.733933248559,0.407161314138,10.6910109104,1.16026474996,0.594226378464,6.44435522653,0.699387388926,0.393947472759,1.13778591947,0.378841869437,3.97191603983,3.00332674727,1.13778591947,3.97191603983,0.394293498746,0.396355579073,3995,0.0122734254992,0.0730085770453,126,126,126,1,0,0.126984126984,0.801587301587,0.0714285714286,126,1552,0.0985396825397,3.03050079598,24.6349206349,14.1090909091,13.264957265,17.4358725275,0.70777059873,0.396441867125,13.6009710204,1.10420254418,0.573678612338,8.91439356874,0.723720096431,0.408740386189,1.1630902646,0.383794739848,4.07409372437,3.03050079598,1.1630902646,4.07409372437,0.473632256869,0.523353520061,9218,0.0283195084485,0.111922251744,126,126,126,1,0,0.126984126984,0.801587301587,0.0714285714286,-189,-0.012,-0.319710158886,-3,-0.521161191749,-1.48928002318,-1.90469754671,0.00791079708062,0.00679169344252,-2.01153719249,-0.0257090209095,-0.00517590476999,-0.238005717698,0.0613408258447,0.0313847339911,-0.0347000069503,0.0262679190928,-0.268472341909,-0.319710158886,-0.0347000069503,-0.268472341909,-0.0334875790829,-0.0405559047779,-2910,-0.0089400921659,0.00190557025561,0.0714285714286,-0.0793650793651,0.00793650793651,1542,10,199,13999,0.885697874785,0.999286173174,0.000713826825612,0.114302125215,0.993556701031,0.885697874785,0.936532037656,0.931062749163,0.884984047959,0.880639634495,391,580,0,3,3,3
386,WLNM_dir_neg_kfold,0.866634958383,0.468826198242,00:00:12,10,66.6666666667,3,15348,threshold_sweep,0.8,0.976863753213,0.655172413793,0.78431372549,380,9,200,1151,0.655172413793,0.99224137931,0.00775862068966,0.344827586207,0.976863753213,0.655172413793,0.78431372549,0.879885057471,0.59214559387,0.705495537811,0.732525021738,0.647413793103,1779,1199,580,0,1779,0,1199,0,580,126,1741,0.11053968254,3.35021095487,27.6349206349,14.6302521008,14.7542372881,19.3405700742,0.69985980165,0.389650173682,15.6125082129,1.12991156509,0.578854517108,9.15239928644,0.662379270587,0.377355652198,1.19779027155,0.357526820756,4.34256606628,3.35021095487,1.19779027155,4.34256606628,0.507119835952,0.563909424838,12128,0.0372596006144,0.110016681489,126,126,126,1,0,0.0555555555556,0.880952380952,0.0634920634921,126,0.0737142857143,3.00332674727,18.4285714286,10.5545454545,9.92307692308,13.5253412949,0.733933248559,0.407161314138,10.6910109104,1.16026474996,0.594226378464,6.44435522653,0.699387388926,0.393947472759,1.13778591947,0.378841869437,3.97191603983,3.00332674727,1.13778591947,3.97191603983,0.394293498746,0.396355579073,3995,0.0122734254992,0.0730085770453,126,126,126,1,0,0.126984126984,0.801587301587,0.0714285714286,126,1550,0.0984126984127,3.02992597141,24.6031746032,14.0909090909,13.2478632479,17.4016456073,0.707292692425,0.396154633897,13.5813223752,1.10403007696,0.573568868408,8.91225658632,0.724480212823,0.409134664619,1.16222364622,0.383581532086,4.0720947398,3.02992597141,1.16222364622,4.0720947398,0.473221193528,0.522347321733,9186,0.0282211981567,0.11185244244,126,126,126,1,0,0.126984126984,0.801587301587,0.0714285714286,-191,-0.012126984127,-0.320284983459,-3.03174603175,-0.539343009931,-1.50637404027,-1.93892446689,0.007432890775,0.00650446021423,-2.03118583767,-0.025881488138,-0.00528564870082,-0.240142700124,0.0621009422364,0.0317790124208,-0.0355666253335,0.0260547113307,-0.270471326478,-0.320284983459,-0.0355666253335,-0.270471326478,-0.0338986424237,-0.0415621031052,-2942,-0.00903840245776,0.00183576095156,0.0714285714286,-0.0793650793651,0.00793650793651,1541,9,200,14000,0.885123492246,0.999357555857,0.000642444143051,0.114876507754,0.994193548387,0.885123492246,0.936493467031,0.931068135071,0.884481048103,0.880571428571,389,580,0,3,3,3
387,WLNM_dir_neg_kfold,0.866634958383,0.468826198242,00:00:12,10,66.6666666667,3,15348,threshold_sweep,0.9,0.976744186047,0.651724137931,0.781799379524,378,9,202,1151,0.651724137931,0.99224137931,0.00775862068966,0.348275862069,0.976744186047,0.651724137931,0.781799379524,0.878735632184,0.592528735632,0.7023977433,0.729963631643,0.643965517241,1779,1199,580,0,1779,0,1199,0,580,126,1741,0.11053968254,3.35021095487,27.6349206349,14.6302521008,14.7542372881,19.3405700742,0.69985980165,0.389650173682,15.6125082129,1.12991156509,0.578854517108,9.15239928644,0.662379270587,0.377355652198,1.19779027155,0.357526820756,4.34256606628,3.35021095487,1.19779027155,4.34256606628,0.507119835952,0.563909424838,12128,0.0372596006144,0.110016681489,126,126,126,1,0,0.0555555555556,0.880952380952,0.0634920634921,126,0.0737142857143,3.00332674727,18.4285714286,10.5545454545,9.92307692308,13.5253412949,0.733933248559,0.407161314138,10.6910109104,1.16026474996,0.594226378464,6.44435522653,0.699387388926,0.393947472759,1.13778591947,0.378841869437,3.97191603983,3.00332674727,1.13778591947,3.97191603983,0.394293498746,0.396355579073,3995,0.0122734254992,0.0730085770453,126,126,126,1,0,0.126984126984,0.801587301587,0.0714285714286,126,1548,0.0982857142857,3.03210221998,24.5714285714,14.0727272727,13.2307692308,17.3921492962,0.707820029498,0.39642036832,13.575776747,1.10500508406,0.573827980805,8.91188612392,0.725386079854,0.409529961856,1.16272588455,0.383471862157,4.07331909267,3.03210221998,1.16272588455,4.07331909267,0.47362362717,0.521959651989,9159,0.0281382488479,0.111962459704,126,126,126,1,0,0.126984126984,0.801587301587,0.0714285714286,-193,-0.012253968254,-0.318108734884,-3.06349206349,-0.557524828113,-1.52346805737,-1.94842077792,0.0079602278485,0.00677019463725,-2.03673146587,-0.0249064810313,-0.00502653630367,-0.240513162519,0.0630068092673,0.0321743096578,-0.0350643870079,0.0259450414011,-0.26924697361,-0.318108734884,-0.0350643870079,-0.26924697361,-0.033496208782,-0.0419497728495,-2969,-0.00912135176651,0.00194577821578,0.0714285714286,-0.0793650793651,0.00793650793651,1539,9,202,14000,0.883974727168,0.999357555857,0.000642444143051,0.116025272832,0.994186046512,0.883974727168,0.935846761934,0.930393834367,0.883332283025,0.879428571429,387,580,0,3,3,3
388,WLNM_dir_neg_kfold,0.787509661118,0.49795115193,00:00:12,10,66.6666666667,4,15349,threshold_sweep,0.1,0.927400468384,0.68275862069,0.786494538232,396,31,184,1129,0.68275862069,0.973275862069,0.026724137931,0.31724137931,0.927400468384,0.68275862069,0.786494538232,0.876436781609,0.584865900383,0.702353484079,0.718659810215,0.656034482759,1779,1199,580,0,1779,0,1199,0,580,126,1741,0.11053968254,3.35021095487,27.6349206349,14.6302521008,14.7542372881,19.3405700742,0.69985980165,0.389650173682,15.6125082129,1.12991156509,0.578854517108,9.15239928644,0.662379270587,0.377355652198,1.19779027155,0.357526820756,4.34256606628,3.35021095487,1.19779027155,4.34256606628,0.507119835952,0.563909424838,12128,0.0372596006144,0.110016681489,126,126,126,1,0,0.0555555555556,0.880952380952,0.0634920634921,126,0.0737142857143,3.00332674727,18.4285714286,10.5545454545,9.92307692308,13.5253412949,0.733933248559,0.407161314138,10.6910109104,1.16026474996,0.594226378464,6.44435522653,0.699387388926,0.393947472759,1.13778591947,0.378841869437,3.97191603983,3.00332674727,1.13778591947,3.97191603983,0.394293498746,0.396355579073,3995,0.0122734254992,0.0730085770453,126,126,126,1,0,0.126984126984,0.801587301587,0.0714285714286,126,1588,0.100825396825,5.963359934,25.2063492063,12.9105691057,13.5726495726,17.4182972579,0.691028165774,0.387989284715,13.4765451745,1.06929766498,0.554955819439,9.12585721131,0.724091944978,0.409259925633,1.68460330088,0.282492306271,7.193493458,5.963359934,1.68460330088,7.193493458,0.451071242702,0.516,9288,0.028534562212,0.101802577093,126,126,126,1,0,0.0238095238095,0.904761904762,0.0714285714286,-153,-0.00971428571429,2.61314897913,-2.42857142857,-1.71968299515,-1.18158771549,-1.92227281625,-0.00883163587613,-0.00166088896761,-2.13596303838,-0.0606139001114,-0.0238986976689,-0.0265420751264,0.0617126743916,0.031904273435,0.486813029323,-0.075034514485,2.85092739172,2.61314897913,0.486813029323,2.85092739172,-0.0560485932496,-0.0479094248384,-2840,-0.00872503840246,-0.00821410439532,-0.031746031746,0.0238095238095,0.00793650793651,1557,31,184,13978,0.894313612866,0.997787136841,0.0022128631594,0.105686387134,0.980478589421,0.894313612866,0.935416040853,0.929029091127,0.892100749707,0.878668171558,427,580,0,3,3,3
389,WLNM_dir_neg_kfold,0.787509661118,0.49795115193,00:00:12,10,66.6666666667,4,15349,threshold_sweep,0.2,0.933962264151,0.68275862069,0.788844621514,396,28,184,1132,0.68275862069,0.975862068966,0.0241379310345,0.31724137931,0.933962264151,0.68275862069,0.788844621514,0.87816091954,0.585440613027,0.706099815157,0.723215104358,0.658620689655,1779,1199,580,0,1779,0,1199,0,580,126,1741,0.11053968254,3.35021095487,27.6349206349,14.6302521008,14.7542372881,19.3405700742,0.69985980165,0.389650173682,15.6125082129,1.12991156509,0.578854517108,9.15239928644,0.662379270587,0.377355652198,1.19779027155,0.357526820756,4.34256606628,3.35021095487,1.19779027155,4.34256606628,0.507119835952,0.563909424838,12128,0.0372596006144,0.110016681489,126,126,126,1,0,0.0555555555556,0.880952380952,0.0634920634921,126,0.0737142857143,3.00332674727,18.4285714286,10.5545454545,9.92307692308,13.5253412949,0.733933248559,0.407161314138,10.6910109104,1.16026474996,0.594226378464,6.44435522653,0.699387388926,0.393947472759,1.13778591947,0.378841869437,3.97191603983,3.00332674727,1.13778591947,3.97191603983,0.394293498746,0.396355579073,3995,0.0122734254992,0.0730085770453,126,126,126,1,0,0.126984126984,0.801587301587,0.0714285714286,126,1585,0.100634920635,5.93982851011,25.1587301587,12.8861788618,13.547008547,17.4017988488,0.691680332792,0.388288017626,13.4838292333,1.07190062044,0.555550548295,9.12609723779,0.725481546979,0.409919383106,1.67172338643,0.2814430389,7.16205139502,5.93982851011,1.67172338643,7.16205139502,0.450675506267,0.515695483488,9260,0.0284485407066,0.101912110679,126,126,126,1,0,0.0238095238095,0.904761904762,0.0714285714286,-156,-0.00990476190476,2.58961755524,-2.47619047619,-1.74407323905,-1.20722874113,-1.93877122535,-0.00817946885782,-0.00136215605678,-2.12867897959,-0.0580109446519,-0.0233039688134,-0.0263020486463,0.0631022763925,0.0325637309078,0.473933114874,-0.0760837818558,2.81948532875,2.58961755524,0.473933114874,2.81948532875,-0.0564443296846,-0.0482139413507,-2868,-0.00881105990783,-0.00810457080922,-0.031746031746,0.0238095238095,0.00793650793651,1557,28,184,13981,0.894313612866,0.998001284888,0.00199871511171,0.105686387134,0.982334384858,0.894313612866,0.936259771497,0.930032605178,0.892314897754,0.880158281515,424,580,0,3,3,3
390,WLNM_dir_neg_kfold,0.787509661118,0.49795115193,00:00:12,10,66.6666666667,4,15349,threshold_sweep,0.3,0.960396039604,0.668965517241,0.788617886179,388,16,192,1144,0.668965517241,0.986206896552,0.0137931034483,0.331034482759,0.960396039604,0.668965517241,0.788617886179,0.880459770115,0.589272030651,0.708955223881,0.731483750269,0.655172413793,1779,1199,580,0,1779,0,1199,0,580,126,1741,0.11053968254,3.35021095487,27.6349206349,14.6302521008,14.7542372881,19.3405700742,0.69985980165,0.389650173682,15.6125082129,1.12991156509,0.578854517108,9.15239928644,0.662379270587,0.377355652198,1.19779027155,0.357526820756,4.34256606628,3.35021095487,1.19779027155,4.34256606628,0.507119835952,0.563909424838,12128,0.0372596006144,0.110016681489,126,126,126,1,0,0.0555555555556,0.880952380952,0.0634920634921,126,0.0737142857143,3.00332674727,18.4285714286,10.5545454545,9.92307692308,13.5253412949,0.733933248559,0.407161314138,10.6910109104,1.16026474996,0.594226378464,6.44435522653,0.699387388926,0.393947472759,1.13778591947,0.378841869437,3.97191603983,3.00332674727,1.13778591947,3.97191603983,0.394293498746,0.396355579073,3995,0.0122734254992,0.0730085770453,126,126,126,1,0,0.126984126984,0.801587301587,0.0714285714286,126,1565,0.0993650793651,3.06036058391,24.8412698413,14.2272727273,13.3760683761,17.5076726944,0.704781712299,0.394817181399,13.6107917034,1.09582092948,0.57082509255,8.99720238706,0.724375399852,0.408484203053,1.17619786442,0.384333098068,4.09914147258,3.06036058391,1.17619786442,4.09914147258,0.47234538651,0.520348290518,9223,0.0283348694316,0.111998869825,126,126,126,1,0,0.126984126984,0.801587301587,0.0714285714286,-176,-0.0111746031746,-0.28985037096,-2.79365079365,-0.402979373568,-1.37816891207,-1.83289737975,0.00492191064913,0.00516700771631,-2.00171650951,-0.0340906356175,-0.00802942455806,-0.155196899383,0.0619961292658,0.0311285508552,-0.0215924071372,0.026806277312,-0.243424593694,-0.28985037096,-0.0215924071372,-0.243424593694,-0.0347744494422,-0.0435611343205,-2905,-0.0089247311828,0.00198218833615,0.0714285714286,-0.0793650793651,0.00793650793651,1549,16,192,13993,0.889718552556,0.998857877079,0.00114212292098,0.110281447444,0.989776357827,0.889718552556,0.937084089534,0.931377841041,0.888576429635,0.881616391577,404,580,0,3,3,3
391,WLNM_dir_neg_kfold,0.787509661118,0.49795115193,00:00:12,10,66.6666666667,4,15349,threshold_sweep,0.4,0.962593516209,0.665517241379,0.786952089704,386,15,194,1145,0.665517241379,0.987068965517,0.0129310344828,0.334482758621,0.962593516209,0.665517241379,0.786952089704,0.879885057471,0.589846743295,0.707146193368,0.730496949767,0.652586206897,1779,1199,580,0,1779,0,1199,0,580,126,1741,0.11053968254,3.35021095487,27.6349206349,14.6302521008,14.7542372881,19.3405700742,0.69985980165,0.389650173682,15.6125082129,1.12991156509,0.578854517108,9.15239928644,0.662379270587,0.377355652198,1.19779027155,0.357526820756,4.34256606628,3.35021095487,1.19779027155,4.34256606628,0.507119835952,0.563909424838,12128,0.0372596006144,0.110016681489,126,126,126,1,0,0.0555555555556,0.880952380952,0.0634920634921,126,0.0737142857143,3.00332674727,18.4285714286,10.5545454545,9.92307692308,13.5253412949,0.733933248559,0.407161314138,10.6910109104,1.16026474996,0.594226378464,6.44435522653,0.699387388926,0.393947472759,1.13778591947,0.378841869437,3.97191603983,3.00332674727,1.13778591947,3.97191603983,0.394293498746,0.396355579073,3995,0.0122734254992,0.0730085770453,126,126,126,1,0,0.126984126984,0.801587301587,0.0714285714286,126,1562,0.0991746031746,3.05040475496,24.7936507937,14.2,13.3504273504,17.4614168774,0.704269694798,0.394422088084,13.591220322,1.09634683775,0.570910310347,8.99340146114,0.72546004104,0.409192528911,1.170564034,0.383740561673,4.08437705487,3.05040475496,1.170564034,4.08437705487,0.471826407715,0.519020765357,9173,0.0281812596006,0.11209269227,126,126,126,1,0,0.126984126984,0.801587301587,0.0714285714286,-179,-0.0113650793651,-0.299806199904,-2.84126984127,-0.43025210084,-1.40380993771,-1.8791531968,0.00440989314782,0.00477191440172,-2.02128789091,-0.0335647273389,-0.00794420676146,-0.158997825297,0.063080770453,0.0318368767131,-0.0272262375543,0.0262137409176,-0.258189011405,-0.299806199904,-0.0272262375543,-0.258189011405,-0.0352934282365,-0.0448886594813,-2955,-0.00907834101382,0.00207601078185,0.0714285714286,-0.0793650793651,0.00793650793651,1547,15,194,13994,0.888569787478,0.998929259762,0.00107074023842,0.111430212522,0.990396927017,0.888569787478,0.93672419013,0.931043010284,0.88749904724,0.880979498861,401,580,0,3,3,3
392,WLNM_dir_neg_kfold,0.787509661118,0.49795115193,00:00:12,10,66.6666666667,4,15349,threshold_sweep,0.5,0.9625,0.663793103448,0.785714285714,385,15,195,1145,0.663793103448,0.987068965517,0.0129310344828,0.336206896552,0.9625,0.663793103448,0.785714285714,0.879310344828,0.590038314176,0.705607476636,0.729204867514,0.650862068966,1779,1199,580,0,1779,0,1199,0,580,126,1741,0.11053968254,3.35021095487,27.6349206349,14.6302521008,14.7542372881,19.3405700742,0.69985980165,0.389650173682,15.6125082129,1.12991156509,0.578854517108,9.15239928644,0.662379270587,0.377355652198,1.19779027155,0.357526820756,4.34256606628,3.35021095487,1.19779027155,4.34256606628,0.507119835952,0.563909424838,12128,0.0372596006144,0.110016681489,126,126,126,1,0,0.0555555555556,0.880952380952,0.0634920634921,126,0.0737142857143,3.00332674727,18.4285714286,10.5545454545,9.92307692308,13.5253412949,0.733933248559,0.407161314138,10.6910109104,1.16026474996,0.594226378464,6.44435522653,0.699387388926,0.393947472759,1.13778591947,0.378841869437,3.97191603983,3.00332674727,1.13778591947,3.97191603983,0.394293498746,0.396355579073,3995,0.0122734254992,0.0730085770453,126,126,126,1,0,0.126984126984,0.801587301587,0.0714285714286,126,1561,0.0991111111111,3.04948947464,24.7777777778,14.1909090909,13.3418803419,17.4584713598,0.704601983132,0.394593412851,13.5941000274,1.09728161656,0.571138769409,8.97817105849,0.724695421762,0.408859807002,1.17016532067,0.383724990822,4.08374761084,3.04948947464,1.17016532067,4.08374761084,0.471514426348,0.519106596685,9165,0.0281566820276,0.111890696452,126,126,126,1,0,0.126984126984,0.801587301587,0.0714285714286,-180,-0.0114285714286,-0.300721480222,-2.85714285714,-0.439343009931,-1.41235694626,-1.88209871433,0.00474218148258,0.0049432391686,-2.0184081855,-0.0326299485302,-0.00771574769929,-0.174228227947,0.0623161511751,0.0315041548043,-0.0276249508838,0.0261981700666,-0.25881845544,-0.300721480222,-0.0276249508838,-0.25881845544,-0.0356054096039,-0.0448028281538,-2963,-0.00910291858679,0.00187401496296,0.0714285714286,-0.0793650793651,0.00793650793651,1546,15,195,13994,0.88799540494,0.998929259762,0.00107074023842,0.11200459506,0.990390775144,0.88799540494,0.936402180497,0.930705627298,0.886924664701,0.880410022779,400,580,0,3,3,3
393,WLNM_dir_neg_kfold,0.787509661118,0.49795115193,00:00:12,10,66.6666666667,4,15349,threshold_sweep,0.6,0.969773299748,0.663793103448,0.78812691914,385,12,195,1148,0.663793103448,0.989655172414,0.0103448275862,0.336206896552,0.969773299748,0.663793103448,0.78812691914,0.881034482759,0.59061302682,0.709405708938,0.734042064635,0.653448275862,1779,1199,580,0,1779,0,1199,0,580,126,1741,0.11053968254,3.35021095487,27.6349206349,14.6302521008,14.7542372881,19.3405700742,0.69985980165,0.389650173682,15.6125082129,1.12991156509,0.578854517108,9.15239928644,0.662379270587,0.377355652198,1.19779027155,0.357526820756,4.34256606628,3.35021095487,1.19779027155,4.34256606628,0.507119835952,0.563909424838,12128,0.0372596006144,0.110016681489,126,126,126,1,0,0.0555555555556,0.880952380952,0.0634920634921,126,0.0737142857143,3.00332674727,18.4285714286,10.5545454545,9.92307692308,13.5253412949,0.733933248559,0.407161314138,10.6910109104,1.16026474996,0.594226378464,6.44435522653,0.699387388926,0.393947472759,1.13778591947,0.378841869437,3.97191603983,3.00332674727,1.13778591947,3.97191603983,0.394293498746,0.396355579073,3995,0.0122734254992,0.0730085770453,126,126,126,1,0,0.126984126984,0.801587301587,0.0714285714286,126,1558,0.0989206349206,3.04479140528,24.7301587302,14.1636363636,13.3162393162,17.4573366575,0.70591284302,0.395200399372,13.59564823,1.09951968997,0.572009291521,8.95643069496,0.724332649272,0.40875562891,1.16840078721,0.383737547729,4.08017538777,3.04479140528,1.16840078721,4.08017538777,0.471657988651,0.519405528209,9145,0.0280952380952,0.112185424298,126,126,126,1,0,0.126984126984,0.801587301587,0.0714285714286,-183,-0.011619047619,-0.305419549586,-2.90476190476,-0.466615737204,-1.4379979719,-1.88323341663,0.00605304136999,0.00555022569008,-2.01685998293,-0.0303918751198,-0.00684522558691,-0.195968591478,0.061953378685,0.031399976712,-0.0293894843442,0.0262107269738,-0.262390678505,-0.305419549586,-0.0293894843442,-0.262390678505,-0.0354618473011,-0.0445038966294,-2983,-0.0091643625192,0.00216874280933,0.0714285714286,-0.0793650793651,0.00793650793651,1546,12,195,13997,0.88799540494,0.999143407809,0.000856592190735,0.11200459506,0.992297817715,0.88799540494,0.937253713246,0.931727696591,0.887138812749,0.881916714204,397,580,0,3,3,3
394,WLNM_dir_neg_kfold,0.787509661118,0.49795115193,00:00:12,10,66.6666666667,4,15349,threshold_sweep,0.7,0.974683544304,0.663793103448,0.789743589744,385,10,195,1150,0.663793103448,0.991379310345,0.00862068965517,0.336206896552,0.974683544304,0.663793103448,0.789743589744,0.882183908046,0.590996168582,0.711943793911,0.737290952292,0.655172413793,1779,1199,580,0,1779,0,1199,0,580,126,1741,0.11053968254,3.35021095487,27.6349206349,14.6302521008,14.7542372881,19.3405700742,0.69985980165,0.389650173682,15.6125082129,1.12991156509,0.578854517108,9.15239928644,0.662379270587,0.377355652198,1.19779027155,0.357526820756,4.34256606628,3.35021095487,1.19779027155,4.34256606628,0.507119835952,0.563909424838,12128,0.0372596006144,0.110016681489,126,126,126,1,0,0.0555555555556,0.880952380952,0.0634920634921,126,0.0737142857143,3.00332674727,18.4285714286,10.5545454545,9.92307692308,13.5253412949,0.733933248559,0.407161314138,10.6910109104,1.16026474996,0.594226378464,6.44435522653,0.699387388926,0.393947472759,1.13778591947,0.378841869437,3.97191603983,3.00332674727,1.13778591947,3.97191603983,0.394293498746,0.396355579073,3995,0.0122734254992,0.0730085770453,126,126,126,1,0,0.126984126984,0.801587301587,0.0714285714286,126,1556,0.0987936507937,3.03874438698,24.6984126984,14.1454545455,13.2991452991,17.4655179557,0.707151433938,0.395856285959,13.6025394455,1.10149098337,0.572683314971,8.97134768945,0.726471599532,0.40999510344,1.1668465613,0.38398970519,4.07743317257,3.03874438698,1.1668465613,4.07743317257,0.471854677246,0.519488636364,9143,0.028089093702,0.1129114623,126,126,126,1,0,0.126984126984,0.801587301587,0.0714285714286,-185,-0.011746031746,-0.31146656789,-2.93650793651,-0.484797555386,-1.45509198899,-1.87505211848,0.00729163228854,0.00620611227677,-2.00996876747,-0.0284205817213,-0.00617120213716,-0.181051596985,0.064092328945,0.0326394512421,-0.0309437102517,0.0264628844342,-0.265132893707,-0.31146656789,-0.0309437102517,-0.265132893707,-0.035265158706,-0.0444207884748,-2985,-0.00917050691244,0.0028947808115,0.0714285714286,-0.0793650793651,0.00793650793651,1546,10,195,13999,0.88799540494,0.999286173174,0.000713826825612,0.11200459506,0.993573264781,0.88799540494,0.937822262663,0.932410640891,0.887281578114,0.882924043404,395,580,0,3,3,3
395,WLNM_dir_neg_kfold,0.787509661118,0.49795115193,00:00:12,10,66.6666666667,4,15349,threshold_sweep,0.8,0.974554707379,0.660344827586,0.787255909558,383,10,197,1150,0.660344827586,0.991379310345,0.00862068965517,0.339655172414,0.974554707379,0.660344827586,0.787255909558,0.881034482759,0.591379310345,0.708860759494,0.734728226332,0.651724137931,1779,1199,580,0,1779,0,1199,0,580,126,1741,0.11053968254,3.35021095487,27.6349206349,14.6302521008,14.7542372881,19.3405700742,0.69985980165,0.389650173682,15.6125082129,1.12991156509,0.578854517108,9.15239928644,0.662379270587,0.377355652198,1.19779027155,0.357526820756,4.34256606628,3.35021095487,1.19779027155,4.34256606628,0.507119835952,0.563909424838,12128,0.0372596006144,0.110016681489,126,126,126,1,0,0.0555555555556,0.880952380952,0.0634920634921,126,0.0737142857143,3.00332674727,18.4285714286,10.5545454545,9.92307692308,13.5253412949,0.733933248559,0.407161314138,10.6910109104,1.16026474996,0.594226378464,6.44435522653,0.699387388926,0.393947472759,1.13778591947,0.378841869437,3.97191603983,3.00332674727,1.13778591947,3.97191603983,0.394293498746,0.396355579073,3995,0.0122734254992,0.0730085770453,126,126,126,1,0,0.126984126984,0.801587301587,0.0714285714286,126,1554,0.0986666666667,3.03854891398,24.6666666667,14.1272727273,13.2820512821,17.4195292703,0.706197132581,0.395676288533,13.5534497454,1.09892835773,0.572143572144,8.97819580985,0.72796182242,0.410829196543,1.16659441371,0.383931424748,4.07676117982,3.03854891398,1.16659441371,4.07676117982,0.471494176806,0.519866482068,9137,0.0280706605223,0.11292136489,126,126,126,1,0,0.126984126984,0.801587301587,0.0714285714286,-187,-0.011873015873,-0.311662040891,-2.96825396825,-0.502979373568,-1.47218600608,-1.92104080383,0.00633733093126,0.00602611485109,-2.05905846756,-0.0309832073615,-0.00671094496482,-0.17420347659,0.0655825518336,0.0334735443458,-0.0311958578461,0.026404603992,-0.265804886461,-0.311662040891,-0.0311958578461,-0.265804886461,-0.035625659146,-0.0440429427704,-2991,-0.00918894009217,0.00290468340168,0.0714285714286,-0.0793650793651,0.00793650793651,1544,10,197,13999,0.886846639862,0.999286173174,0.000713826825612,0.113153360138,0.993564993565,0.886846639862,0.93717754173,0.931736843777,0.886132813037,0.881781838949,393,580,0,3,3,3
396,WLNM_dir_neg_kfold,0.787509661118,0.49795115193,00:00:12,10,66.6666666667,4,15349,threshold_sweep,0.9,0.974554707379,0.660344827586,0.787255909558,383,10,197,1150,0.660344827586,0.991379310345,0.00862068965517,0.339655172414,0.974554707379,0.660344827586,0.787255909558,0.881034482759,0.591379310345,0.708860759494,0.734728226332,0.651724137931,1779,1199,580,0,1779,0,1199,0,580,126,1741,0.11053968254,3.35021095487,27.6349206349,14.6302521008,14.7542372881,19.3405700742,0.69985980165,0.389650173682,15.6125082129,1.12991156509,0.578854517108,9.15239928644,0.662379270587,0.377355652198,1.19779027155,0.357526820756,4.34256606628,3.35021095487,1.19779027155,4.34256606628,0.507119835952,0.563909424838,12128,0.0372596006144,0.110016681489,126,126,126,1,0,0.0555555555556,0.880952380952,0.0634920634921,126,0.0737142857143,3.00332674727,18.4285714286,10.5545454545,9.92307692308,13.5253412949,0.733933248559,0.407161314138,10.6910109104,1.16026474996,0.594226378464,6.44435522653,0.699387388926,0.393947472759,1.13778591947,0.378841869437,3.97191603983,3.00332674727,1.13778591947,3.97191603983,0.394293498746,0.396355579073,3995,0.0122734254992,0.0730085770453,126,126,126,1,0,0.126984126984,0.801587301587,0.0714285714286,126,1554,0.0986666666667,3.03854891398,24.6666666667,14.1272727273,13.2820512821,17.4195292703,0.706197132581,0.395676288533,13.5534497454,1.09892835773,0.572143572144,8.97819580985,0.72796182242,0.410829196543,1.16659441371,0.383931424748,4.07676117982,3.03854891398,1.16659441371,4.07676117982,0.471494176806,0.519866482068,9137,0.0280706605223,0.11292136489,126,126,126,1,0,0.126984126984,0.801587301587,0.0714285714286,-187,-0.011873015873,-0.311662040891,-2.96825396825,-0.502979373568,-1.47218600608,-1.92104080383,0.00633733093126,0.00602611485109,-2.05905846756,-0.0309832073615,-0.00671094496482,-0.17420347659,0.0655825518336,0.0334735443458,-0.0311958578461,0.026404603992,-0.265804886461,-0.311662040891,-0.0311958578461,-0.265804886461,-0.035625659146,-0.0440429427704,-2991,-0.00918894009217,0.00290468340168,0.0714285714286,-0.0793650793651,0.00793650793651,1544,10,197,13999,0.886846639862,0.999286173174,0.000713826825612,0.113153360138,0.993564993565,0.886846639862,0.93717754173,0.931736843777,0.886132813037,0.881781838949,393,580,0,3,3,3
397,WLNM_dir_neg_kfold,0.8276382283,0.451343871635,00:00:13,10,66.6666666667,5,15350,threshold_sweep,0.1,0.913242009132,0.689655172414,0.785854616896,400,38,180,1122,0.689655172414,0.96724137931,0.0327586206897,0.310344827586,0.913242009132,0.689655172414,0.785854616896,0.874712643678,0.58275862069,0.699724517906,0.713505665854,0.656896551724,1779,1199,580,0,1779,0,1199,0,580,126,1741,0.11053968254,3.35021095487,27.6349206349,14.6302521008,14.7542372881,19.3405700742,0.69985980165,0.389650173682,15.6125082129,1.12991156509,0.578854517108,9.15239928644,0.662379270587,0.377355652198,1.19779027155,0.357526820756,4.34256606628,3.35021095487,1.19779027155,4.34256606628,0.507119835952,0.563909424838,12128,0.0372596006144,0.110016681489,126,126,126,1,0,0.0555555555556,0.880952380952,0.0634920634921,126,0.0737142857143,3.00332674727,18.4285714286,10.5545454545,9.92307692308,13.5253412949,0.733933248559,0.407161314138,10.6910109104,1.16026474996,0.594226378464,6.44435522653,0.699387388926,0.393947472759,1.13778591947,0.378841869437,3.97191603983,3.00332674727,1.13778591947,3.97191603983,0.394293498746,0.396355579073,3995,0.0122734254992,0.0730085770453,126,126,126,1,0,0.126984126984,0.801587301587,0.0714285714286,126,1599,0.101523809524,NaN,25.380952381,12.6904761905,13.6666666667,17.4185451254,0.686284141901,0.385737117444,13.4999047616,1.06378236395,0.548174950614,9.21604191459,0.726217186515,0.4099635685,NaN,NaN,NaN,NaN,NaN,NaN,0.462157575029,0.518282140887,9393,0.0288571428571,0.102259852495,126,126,0,1,2,0,0.928571428571,0.0714285714286,-142,-0.00901587301587,NaN,-2.25396825397,-1.93977591036,-1.08757062147,-1.92202494876,-0.0135756597484,-0.0039130562379,-2.11260345135,-0.0661292011424,-0.0306795664944,0.063642628148,0.0638379159287,0.0326079163025,NaN,NaN,NaN,NaN,NaN,NaN,-0.0449622609226,-0.0456272839519,-2735,-0.0084024577573,-0.00775682899371,-0.0555555555556,0.047619047619,0.00793650793651,1561,38,180,13971,0.896611143021,0.997287458063,0.00271254193733,0.103388856979,0.976235146967,0.896611143021,0.934730538922,0.928054355886,0.893898601084,0.877459246768,438,580,0,3,3,3
398,WLNM_dir_neg_kfold,0.8276382283,0.451343871635,00:00:13,10,66.6666666667,5,15350,threshold_sweep,0.2,0.929577464789,0.68275862069,0.787276341948,396,30,184,1130,0.68275862069,0.974137931034,0.0258620689655,0.31724137931,0.929577464789,0.68275862069,0.787276341948,0.877011494253,0.585057471264,0.703601108033,0.720174088043,0.656896551724,1779,1199,580,0,1779,0,1199,0,580,126,1741,0.11053968254,3.35021095487,27.6349206349,14.6302521008,14.7542372881,19.3405700742,0.69985980165,0.389650173682,15.6125082129,1.12991156509,0.578854517108,9.15239928644,0.662379270587,0.377355652198,1.19779027155,0.357526820756,4.34256606628,3.35021095487,1.19779027155,4.34256606628,0.507119835952,0.563909424838,12128,0.0372596006144,0.110016681489,126,126,126,1,0,0.0555555555556,0.880952380952,0.0634920634921,126,0.0737142857143,3.00332674727,18.4285714286,10.5545454545,9.92307692308,13.5253412949,0.733933248559,0.407161314138,10.6910109104,1.16026474996,0.594226378464,6.44435522653,0.699387388926,0.393947472759,1.13778591947,0.378841869437,3.97191603983,3.00332674727,1.13778591947,3.97191603983,0.394293498746,0.396355579073,3995,0.0122734254992,0.0730085770453,126,126,126,1,0,0.126984126984,0.801587301587,0.0714285714286,126,1587,0.100761904762,13.2837128879,25.1904761905,12.696,13.5641025641,17.4125078197,0.691233769781,0.387923705504,13.5346539351,1.07458500052,0.554400336064,9.12857366421,0.724763882602,0.409252758024,3.31882735445,0.249841846362,16.0527607362,13.2837128879,3.31882735445,16.0527607362,0.456107626973,0.517817062086,9305,0.0285867895545,0.100676597188,126,126,126,1,0,0.00793650793651,0.920634920635,0.0714285714286,-154,-0.00977777777778,9.93350193305,-2.44444444444,-1.93425210084,-1.19013472403,-1.92806225446,-0.00862603186931,-0.00172646817829,-2.07785427782,-0.0553265645752,-0.0244541810445,-0.023825622232,0.0623846120158,0.0318971058263,2.1210370829,-0.107684974394,11.7101946699,9.93350193305,2.1210370829,11.7101946699,-0.0510122089786,-0.0460923627523,-2823,-0.00867281105991,-0.00934008430026,-0.047619047619,0.0396825396825,0.00793650793651,1557,30,184,13979,0.894313612866,0.997858519523,0.00214148047684,0.105686387134,0.981096408318,0.894313612866,0.935697115385,0.929363294494,0.892172132389,0.879164313947,426,580,0,3,3,3
399,WLNM_dir_neg_kfold,0.8276382283,0.451343871635,00:00:13,10,66.6666666667,5,15350,threshold_sweep,0.3,0.937799043062,0.675862068966,0.785571142285,392,26,188,1134,0.675862068966,0.977586206897,0.0224137931034,0.324137931034,0.937799043062,0.675862068966,0.785571142285,0.877011494253,0.586590038314,0.70250231696,0.721025026771,0.653448275862,1779,1199,580,0,1779,0,1199,0,580,126,1741,0.11053968254,3.35021095487,27.6349206349,14.6302521008,14.7542372881,19.3405700742,0.69985980165,0.389650173682,15.6125082129,1.12991156509,0.578854517108,9.15239928644,0.662379270587,0.377355652198,1.19779027155,0.357526820756,4.34256606628,3.35021095487,1.19779027155,4.34256606628,0.507119835952,0.563909424838,12128,0.0372596006144,0.110016681489,126,126,126,1,0,0.0555555555556,0.880952380952,0.0634920634921,126,0.0737142857143,3.00332674727,18.4285714286,10.5545454545,9.92307692308,13.5253412949,0.733933248559,0.407161314138,10.6910109104,1.16026474996,0.594226378464,6.44435522653,0.699387388926,0.393947472759,1.13778591947,0.378841869437,3.97191603983,3.00332674727,1.13778591947,3.97191603983,0.394293498746,0.396355579073,3995,0.0122734254992,0.0730085770453,126,126,126,1,0,0.126984126984,0.801587301587,0.0714285714286,126,1579,0.100253968254,33.5151724273,25.0634920635,13.0495867769,13.4957264957,17.4588641242,0.696585459041,0.39074358897,13.5809787617,1.08372598099,0.560013872553,9.05952449784,0.722925957396,0.408159675101,9.78701874015,0.292017555971,41.5238095238,33.5151724273,9.78701874015,41.5238095238,0.467090708533,0.520189492139,9297,0.0285622119816,0.10119437515,126,126,126,1,0,0.0396825396825,0.888888888889,0.0714285714286,-162,-0.0102857142857,30.1649614724,-2.57142857143,-1.58066532398,-1.25851079241,-1.88170594995,-0.00327434260879,0.00109341528798,-2.03152945117,-0.0461855841055,-0.0188406445549,-0.092874788598,0.0605466868092,0.0308040229031,8.5892284686,-0.0655092647846,37.1812434575,30.1649614724,8.5892284686,37.1812434575,-0.0400291274189,-0.0437199326997,-2831,-0.00869738863287,-0.00882230633857,-0.015873015873,0.00793650793651,0.00793650793651,1553,26,188,13983,0.892016082711,0.998144050253,0.00185594974659,0.107983917289,0.983533882204,0.892016082711,0.935542168675,0.929351018204,0.890160132964,0.878890775325,418,580,0,3,3,3
400,WLNM_dir_neg_kfold,0.8276382283,0.451343871635,00:00:13,10,66.6666666667,5,15350,threshold_sweep,0.4,0.960396039604,0.668965517241,0.788617886179,388,16,192,1144,0.668965517241,0.986206896552,0.0137931034483,0.331034482759,0.960396039604,0.668965517241,0.788617886179,0.880459770115,0.589272030651,0.708955223881,0.731483750269,0.655172413793,1779,1199,580,0,1779,0,1199,0,580,126,1741,0.11053968254,3.35021095487,27.6349206349,14.6302521008,14.7542372881,19.3405700742,0.69985980165,0.389650173682,15.6125082129,1.12991156509,0.578854517108,9.15239928644,0.662379270587,0.377355652198,1.19779027155,0.357526820756,4.34256606628,3.35021095487,1.19779027155,4.34256606628,0.507119835952,0.563909424838,12128,0.0372596006144,0.110016681489,126,126,126,1,0,0.0555555555556,0.880952380952,0.0634920634921,126,0.0737142857143,3.00332674727,18.4285714286,10.5545454545,9.92307692308,13.5253412949,0.733933248559,0.407161314138,10.6910109104,1.16026474996,0.594226378464,6.44435522653,0.699387388926,0.393947472759,1.13778591947,0.378841869437,3.97191603983,3.00332674727,1.13778591947,3.97191603983,0.394293498746,0.396355579073,3995,0.0122734254992,0.0730085770453,126,126,126,1,0,0.126984126984,0.801587301587,0.0714285714286,126,1565,0.0993650793651,4.84652202098,24.8412698413,13.8495575221,13.3760683761,17.5382611217,0.706013067521,0.395456159034,13.6559749119,1.099458683,0.57039910746,8.98830633622,0.723659168283,0.408930473148,1.69997290461,0.350761411431,6.73410786671,4.84652202098,1.69997290461,6.73410786671,0.475243007424,0.522866341574,9257,0.0284393241167,0.108157845987,126,126,126,1,0,0.103174603175,0.825396825397,0.0714285714286,-176,-0.0111746031746,1.49631106612,-2.79365079365,-0.780694578716,-1.37816891207,-1.80230895242,0.00615326587101,0.00580598535209,-1.95653330105,-0.0304528820929,-0.00845540964858,-0.164092950224,0.0612798976965,0.03157482095,0.502182633055,-0.00676540932507,2.39154180043,1.49631106612,0.502182633055,2.39154180043,-0.0318768285275,-0.0410430832648,-2871,-0.0088202764977,-0.00185883550188,0.047619047619,-0.0555555555556,0.00793650793651,1549,16,192,13993,0.889718552556,0.998857877079,0.00114212292098,0.110281447444,0.989776357827,0.889718552556,0.937084089534,0.931377841041,0.888576429635,0.881616391577,404,580,0,3,3,3
401,WLNM_dir_neg_kfold,0.8276382283,0.451343871635,00:00:13,10,66.6666666667,5,15350,threshold_sweep,0.5,0.962686567164,0.66724137931,0.788187372709,387,15,193,1145,0.66724137931,0.987068965517,0.0129310344828,0.33275862069,0.962686567164,0.66724137931,0.788187372709,0.880459770115,0.589655172414,0.708683473389,0.731788692942,0.654310344828,1779,1199,580,0,1779,0,1199,0,580,126,1741,0.11053968254,3.35021095487,27.6349206349,14.6302521008,14.7542372881,19.3405700742,0.69985980165,0.389650173682,15.6125082129,1.12991156509,0.578854517108,9.15239928644,0.662379270587,0.377355652198,1.19779027155,0.357526820756,4.34256606628,3.35021095487,1.19779027155,4.34256606628,0.507119835952,0.563909424838,12128,0.0372596006144,0.110016681489,126,126,126,1,0,0.0555555555556,0.880952380952,0.0634920634921,126,0.0737142857143,3.00332674727,18.4285714286,10.5545454545,9.92307692308,13.5253412949,0.733933248559,0.407161314138,10.6910109104,1.16026474996,0.594226378464,6.44435522653,0.699387388926,0.393947472759,1.13778591947,0.378841869437,3.97191603983,3.00332674727,1.13778591947,3.97191603983,0.394293498746,0.396355579073,3995,0.0122734254992,0.0730085770453,126,126,126,1,0,0.126984126984,0.801587301587,0.0714285714286,126,1563,0.0992380952381,4.8418998878,24.8095238095,13.8318584071,13.358974359,17.5456954428,0.707216131092,0.396134824158,13.6629007587,1.10142386155,0.57096649707,8.98013681092,0.723926575928,0.408945962689,1.70092402129,0.351292686901,6.73322868208,4.8418998878,1.70092402129,6.73322868208,0.474837377733,0.523315671374,9251,0.028420890937,0.108205706479,126,126,126,1,0,0.103174603175,0.825396825397,0.0714285714286,-178,-0.0113015873016,1.49168893294,-2.8253968254,-0.798393693761,-1.39526292916,-1.79487463137,0.00735632944185,0.00648465047552,-1.94960745419,-0.0284877035452,-0.00788802003825,-0.172262475518,0.0615473053417,0.0315903104911,0.503133749738,-0.00623413385473,2.39066261581,1.49168893294,0.503133749738,2.39066261581,-0.0322824582187,-0.040593753464,-2877,-0.00883870967742,-0.00181097501011,0.047619047619,-0.0555555555556,0.00793650793651,1548,15,193,13994,0.889144170017,0.998929259762,0.00107074023842,0.110855829983,0.990403071017,0.889144170017,0.937046004843,0.931380318639,0.888073429779,0.881548974943,402,580,0,3,3,3
402,WLNM_dir_neg_kfold,0.8276382283,0.451343871635,00:00:13,10,66.6666666667,5,15350,threshold_sweep,0.6,0.962686567164,0.66724137931,0.788187372709,387,15,193,1145,0.66724137931,0.987068965517,0.0129310344828,0.33275862069,0.962686567164,0.66724137931,0.788187372709,0.880459770115,0.589655172414,0.708683473389,0.731788692942,0.654310344828,1779,1199,580,0,1779,0,1199,0,580,126,1741,0.11053968254,3.35021095487,27.6349206349,14.6302521008,14.7542372881,19.3405700742,0.69985980165,0.389650173682,15.6125082129,1.12991156509,0.578854517108,9.15239928644,0.662379270587,0.377355652198,1.19779027155,0.357526820756,4.34256606628,3.35021095487,1.19779027155,4.34256606628,0.507119835952,0.563909424838,12128,0.0372596006144,0.110016681489,126,126,126,1,0,0.0555555555556,0.880952380952,0.0634920634921,126,0.0737142857143,3.00332674727,18.4285714286,10.5545454545,9.92307692308,13.5253412949,0.733933248559,0.407161314138,10.6910109104,1.16026474996,0.594226378464,6.44435522653,0.699387388926,0.393947472759,1.13778591947,0.378841869437,3.97191603983,3.00332674727,1.13778591947,3.97191603983,0.394293498746,0.396355579073,3995,0.0122734254992,0.0730085770453,126,126,126,1,0,0.126984126984,0.801587301587,0.0714285714286,126,1563,0.0992380952381,4.8418998878,24.8095238095,13.8318584071,13.358974359,17.5456954428,0.707216131092,0.396134824158,13.6629007587,1.10142386155,0.57096649707,8.98013681092,0.723926575928,0.408945962689,1.70092402129,0.351292686901,6.73322868208,4.8418998878,1.70092402129,6.73322868208,0.474837377733,0.523315671374,9251,0.028420890937,0.108205706479,126,126,126,1,0,0.103174603175,0.825396825397,0.0714285714286,-178,-0.0113015873016,1.49168893294,-2.8253968254,-0.798393693761,-1.39526292916,-1.79487463137,0.00735632944185,0.00648465047552,-1.94960745419,-0.0284877035452,-0.00788802003825,-0.172262475518,0.0615473053417,0.0315903104911,0.503133749738,-0.00623413385473,2.39066261581,1.49168893294,0.503133749738,2.39066261581,-0.0322824582187,-0.040593753464,-2877,-0.00883870967742,-0.00181097501011,0.047619047619,-0.0555555555556,0.00793650793651,1548,15,193,13994,0.889144170017,0.998929259762,0.00107074023842,0.110855829983,0.990403071017,0.889144170017,0.937046004843,0.931380318639,0.888073429779,0.881548974943,402,580,0,3,3,3
403,WLNM_dir_neg_kfold,0.8276382283,0.451343871635,00:00:13,10,66.6666666667,5,15350,threshold_sweep,0.7,0.962406015038,0.662068965517,0.784473953013,384,15,196,1145,0.662068965517,0.987068965517,0.0129310344828,0.337931034483,0.962406015038,0.662068965517,0.784473953013,0.878735632184,0.590229885057,0.704067321178,0.72791244013,0.649137931034,1779,1199,580,0,1779,0,1199,0,580,126,1741,0.11053968254,3.35021095487,27.6349206349,14.6302521008,14.7542372881,19.3405700742,0.69985980165,0.389650173682,15.6125082129,1.12991156509,0.578854517108,9.15239928644,0.662379270587,0.377355652198,1.19779027155,0.357526820756,4.34256606628,3.35021095487,1.19779027155,4.34256606628,0.507119835952,0.563909424838,12128,0.0372596006144,0.110016681489,126,126,126,1,0,0.0555555555556,0.880952380952,0.0634920634921,126,0.0737142857143,3.00332674727,18.4285714286,10.5545454545,9.92307692308,13.5253412949,0.733933248559,0.407161314138,10.6910109104,1.16026474996,0.594226378464,6.44435522653,0.699387388926,0.393947472759,1.13778591947,0.378841869437,3.97191603983,3.00332674727,1.13778591947,3.97191603983,0.394293498746,0.396355579073,3995,0.0122734254992,0.0730085770453,126,126,126,1,0,0.126984126984,0.801587301587,0.0714285714286,126,1560,0.0990476190476,4.83598298778,24.7619047619,13.8053097345,13.3333333333,17.5136191903,0.707280774993,0.396082621083,13.6433762055,1.10196500122,0.571031746032,8.9646926487,0.724071329318,0.409015059015,1.69792130649,0.351101587988,6.72660183714,4.83598298778,1.69792130649,6.72660183714,0.473386939762,0.522557598896,9216,0.0283133640553,0.107825984161,126,126,126,1,0,0.103174603175,0.825396825397,0.0714285714286,-181,-0.0114920634921,1.48577203291,-2.87301587302,-0.824942366327,-1.4209039548,-1.82695088386,0.00742097334308,0.00643244740028,-1.96913200738,-0.0279465638772,-0.00782277107665,-0.187706637736,0.0616920587317,0.0316594068174,0.500131034938,-0.00642523276754,2.38403577086,1.48577203291,0.500131034938,2.38403577086,-0.0337328961893,-0.0413518259422,-2912,-0.00894623655914,-0.00219069732768,0.047619047619,-0.0555555555556,0.00793650793651,1545,15,196,13994,0.887421022401,0.998929259762,0.00107074023842,0.112578977599,0.990384615385,0.887421022401,0.936079975765,0.930368169589,0.886350282163,0.879840546697,399,580,0,3,3,3
404,WLNM_dir_neg_kfold,0.8276382283,0.451343871635,00:00:13,10,66.6666666667,5,15350,threshold_sweep,0.8,0.967088607595,0.658620689655,0.78358974359,382,13,198,1147,0.658620689655,0.988793103448,0.0112068965517,0.341379310345,0.967088607595,0.658620689655,0.78358974359,0.878735632184,0.590996168582,0.703512880562,0.728559875226,0.647413793103,1779,1199,580,0,1779,0,1199,0,580,126,1741,0.11053968254,3.35021095487,27.6349206349,14.6302521008,14.7542372881,19.3405700742,0.69985980165,0.389650173682,15.6125082129,1.12991156509,0.578854517108,9.15239928644,0.662379270587,0.377355652198,1.19779027155,0.357526820756,4.34256606628,3.35021095487,1.19779027155,4.34256606628,0.507119835952,0.563909424838,12128,0.0372596006144,0.110016681489,126,126,126,1,0,0.0555555555556,0.880952380952,0.0634920634921,126,0.0737142857143,3.00332674727,18.4285714286,10.5545454545,9.92307692308,13.5253412949,0.733933248559,0.407161314138,10.6910109104,1.16026474996,0.594226378464,6.44435522653,0.699387388926,0.393947472759,1.13778591947,0.378841869437,3.97191603983,3.00332674727,1.13778591947,3.97191603983,0.394293498746,0.396355579073,3995,0.0122734254992,0.0730085770453,126,126,126,1,0,0.126984126984,0.801587301587,0.0714285714286,126,1556,0.0987936507937,4.24833184802,24.6984126984,13.8928571429,13.2991452991,17.4696398778,0.707318324102,0.396315338475,13.606655701,1.10182430484,0.571979434447,8.95260182098,0.724953617895,0.409525849757,1.64257357571,0.386639658689,5.93357613197,4.24833184802,1.64257357571,5.93357613197,0.472945732545,0.522618776995,9196,0.0282519201229,0.108838271756,126,126,126,1,0,0.111111111111,0.81746031746,0.0714285714286,-185,-0.011746031746,0.898120893152,-2.93650793651,-0.737394957983,-1.45509198899,-1.87093019636,0.00745852245168,0.00666516479238,-2.00585251193,-0.028087260258,-0.00687508266109,-0.199797465456,0.0625743473079,0.0321701975595,0.44478330416,0.0291128379332,1.59101006569,0.898120893152,0.44478330416,1.59101006569,-0.0341741034069,-0.0412906478437,-2932,-0.00900768049155,-0.00117840973294,0.0555555555556,-0.0634920634921,0.00793650793651,1543,13,198,13996,0.886272257323,0.999072025127,0.000927974873296,0.113727742677,0.991645244216,0.886272257323,0.936002426448,0.930374810173,0.88534428245,0.879703534778,395,580,0,3,3,3
405,WLNM_dir_neg_kfold,0.8276382283,0.451343871635,00:00:13,10,66.6666666667,5,15350,threshold_sweep,0.9,0.969465648855,0.656896551724,0.783144912641,381,12,199,1148,0.656896551724,0.989655172414,0.0103448275862,0.343103448276,0.969465648855,0.656896551724,0.783144912641,0.878735632184,0.591379310345,0.70323488045,0.728897049932,0.646551724138,1779,1199,580,0,1779,0,1199,0,580,126,1741,0.11053968254,3.35021095487,27.6349206349,14.6302521008,14.7542372881,19.3405700742,0.69985980165,0.389650173682,15.6125082129,1.12991156509,0.578854517108,9.15239928644,0.662379270587,0.377355652198,1.19779027155,0.357526820756,4.34256606628,3.35021095487,1.19779027155,4.34256606628,0.507119835952,0.563909424838,12128,0.0372596006144,0.110016681489,126,126,126,1,0,0.0555555555556,0.880952380952,0.0634920634921,126,0.0737142857143,3.00332674727,18.4285714286,10.5545454545,9.92307692308,13.5253412949,0.733933248559,0.407161314138,10.6910109104,1.16026474996,0.594226378464,6.44435522653,0.699387388926,0.393947472759,1.13778591947,0.378841869437,3.97191603983,3.00332674727,1.13778591947,3.97191603983,0.394293498746,0.396355579073,3995,0.0122734254992,0.0730085770453,126,126,126,1,0,0.126984126984,0.801587301587,0.0714285714286,126,1554,0.0986666666667,4.16537746397,24.6666666667,14,13.2820512821,17.4415595633,0.707090252566,0.396115503258,13.6047050685,1.10308419474,0.572797287083,8.95321171424,0.725936084938,0.409971195685,1.6147820329,0.387667635613,5.81896551724,4.16537746397,1.6147820329,5.81896551724,0.47257383107,0.522053520592,9169,0.0281689708141,0.110738303657,126,126,126,1,0,0.119047619048,0.809523809524,0.0714285714286,-187,-0.011873015873,0.815166509109,-2.96825396825,-0.63025210084,-1.47218600608,-1.89901051087,0.00723045091623,0.00646532957602,-2.00780314445,-0.0268273703527,-0.00605723002539,-0.199187572199,0.0635568143517,0.0326155434878,0.416991761342,0.0301408148576,1.47639945096,0.815166509109,0.416991761342,1.47639945096,-0.0345460048814,-0.0418559042463,-2959,-0.00909062980031,0.000721622168115,0.0634920634921,-0.0714285714286,0.00793650793651,1542,12,199,13997,0.885697874785,0.999143407809,0.000856592190735,0.114302125215,0.992277992278,0.885697874785,0.935963581184,0.930378845878,0.884841282594,0.87963491158,393,580,0,3,3,3
406,WLNM_dir_neg_kfold,0.836028537455,0.546645469733,00:00:12,10,66.6666666667,6,15351,threshold_sweep,0.1,0.952038369305,0.684482758621,0.796389167503,397,20,183,1140,0.684482758621,0.98275862069,0.0172413793103,0.315517241379,0.952038369305,0.684482758621,0.796389167503,0.883333333333,0.586781609195,0.717663421419,0.736848176796,0.66724137931,1779,1199,580,0,1779,0,1199,0,580,126,1741,0.11053968254,3.35021095487,27.6349206349,14.6302521008,14.7542372881,19.3405700742,0.69985980165,0.389650173682,15.6125082129,1.12991156509,0.578854517108,9.15239928644,0.662379270587,0.377355652198,1.19779027155,0.357526820756,4.34256606628,3.35021095487,1.19779027155,4.34256606628,0.507119835952,0.563909424838,12128,0.0372596006144,0.110016681489,126,126,126,1,0,0.0555555555556,0.880952380952,0.0634920634921,126,0.0737142857143,3.00332674727,18.4285714286,10.5545454545,9.92307692308,13.5253412949,0.733933248559,0.407161314138,10.6910109104,1.16026474996,0.594226378464,6.44435522653,0.699387388926,0.393947472759,1.13778591947,0.378841869437,3.97191603983,3.00332674727,1.13778591947,3.97191603983,0.394293498746,0.396355579073,3995,0.0122734254992,0.0730085770453,126,126,126,1,0,0.126984126984,0.801587301587,0.0714285714286,126,1578,0.10019047619,NaN,25.0476190476,12.5238095238,13.4871794872,17.3185944662,0.691426775268,0.387576196512,13.4775156676,1.07615144114,0.554378658941,9.12115280935,0.728304977172,0.411400808739,NaN,NaN,NaN,NaN,NaN,NaN,0.467277886152,0.518295067315,9278,0.0285038402458,0.100637806868,126,126,0,1,2,0,0.928571428571,0.0714285714286,-163,-0.0103492063492,NaN,-2.5873015873,-2.10644257703,-1.26705780096,-2.02197560793,-0.0084330263821,-0.00207397717078,-2.13499254528,-0.0537601239512,-0.024475858167,-0.0312464770938,0.0659257065854,0.0340451565415,NaN,NaN,NaN,NaN,NaN,NaN,-0.0398419498,-0.0456143575237,-2850,-0.00875576036866,-0.00937887462047,-0.0555555555556,0.047619047619,0.00793650793651,1558,20,183,13989,0.894887995405,0.998572346349,0.00142765365122,0.105112004595,0.987325728771,0.894887995405,0.938836999096,0.933059119809,0.893460341754,0.884724588302,417,580,0,3,3,3
407,WLNM_dir_neg_kfold,0.836028537455,0.546645469733,00:00:12,10,66.6666666667,6,15351,threshold_sweep,0.2,0.968058968059,0.679310344828,0.798378926039,394,13,186,1147,0.679310344828,0.988793103448,0.0112068965517,0.320689655172,0.968058968059,0.679310344828,0.798378926039,0.885632183908,0.588697318008,0.721937587331,0.744002552231,0.668103448276,1779,1199,580,0,1779,0,1199,0,580,126,1741,0.11053968254,3.35021095487,27.6349206349,14.6302521008,14.7542372881,19.3405700742,0.69985980165,0.389650173682,15.6125082129,1.12991156509,0.578854517108,9.15239928644,0.662379270587,0.377355652198,1.19779027155,0.357526820756,4.34256606628,3.35021095487,1.19779027155,4.34256606628,0.507119835952,0.563909424838,12128,0.0372596006144,0.110016681489,126,126,126,1,0,0.0555555555556,0.880952380952,0.0634920634921,126,0.0737142857143,3.00332674727,18.4285714286,10.5545454545,9.92307692308,13.5253412949,0.733933248559,0.407161314138,10.6910109104,1.16026474996,0.594226378464,6.44435522653,0.699387388926,0.393947472759,1.13778591947,0.378841869437,3.97191603983,3.00332674727,1.13778591947,3.97191603983,0.394293498746,0.396355579073,3995,0.0122734254992,0.0730085770453,126,126,126,1,0,0.126984126984,0.801587301587,0.0714285714286,126,1568,0.0995555555556,4.41827033293,24.8888888889,12.8524590164,13.4017094017,17.3035128097,0.69523042539,0.389308997408,13.5017365138,1.08496096986,0.560323534176,9.03819057604,0.726283171289,0.410319484937,1.31208545427,0.296968124491,5.47776752496,4.41827033293,1.31208545427,5.47776752496,0.463820021245,0.517951217683,9209,0.028291858679,0.102615341862,126,126,126,1,0,0.031746031746,0.896825396825,0.0714285714286,-173,-0.0109841269841,1.06805937807,-2.74603174603,-1.77779308445,-1.35252788643,-2.03705726446,-0.00462937625997,-0.000341176273852,-2.11077169909,-0.0449505952321,-0.0185309829328,-0.114208710395,0.0639039007026,0.0329638327391,0.114295182712,-0.0605586962643,1.13520145869,1.06805937807,0.114295182712,1.13520145869,-0.0432998147067,-0.0459582071553,-2919,-0.00896774193548,-0.00740133962693,-0.0238095238095,0.015873015873,0.00793650793651,1555,13,186,13996,0.893164847789,0.999072025127,0.000927974873296,0.106835152211,0.991709183673,0.893164847789,0.939860985192,0.934418333055,0.892236872915,0.886545039909,407,580,0,3,3,3
408,WLNM_dir_neg_kfold,0.836028537455,0.546645469733,00:00:12,10,66.6666666667,6,15351,threshold_sweep,0.3,0.982188295165,0.665517241379,0.793422404933,386,7,194,1153,0.665517241379,0.993965517241,0.00603448275862,0.334482758621,0.982188295165,0.665517241379,0.793422404933,0.884482758621,0.591379310345,0.717299578059,0.743474990931,0.659482758621,1779,1199,580,0,1779,0,1199,0,580,126,1741,0.11053968254,3.35021095487,27.6349206349,14.6302521008,14.7542372881,19.3405700742,0.69985980165,0.389650173682,15.6125082129,1.12991156509,0.578854517108,9.15239928644,0.662379270587,0.377355652198,1.19779027155,0.357526820756,4.34256606628,3.35021095487,1.19779027155,4.34256606628,0.507119835952,0.563909424838,12128,0.0372596006144,0.110016681489,126,126,126,1,0,0.0555555555556,0.880952380952,0.0634920634921,126,0.0737142857143,3.00332674727,18.4285714286,10.5545454545,9.92307692308,13.5253412949,0.733933248559,0.407161314138,10.6910109104,1.16026474996,0.594226378464,6.44435522653,0.699387388926,0.393947472759,1.13778591947,0.378841869437,3.97191603983,3.00332674727,1.13778591947,3.97191603983,0.394293498746,0.396355579073,3995,0.0122734254992,0.0730085770453,126,126,126,1,0,0.126984126984,0.801587301587,0.0714285714286,126,1554,0.0986666666667,3.02056081692,24.6666666667,14.1272727273,13.2820512821,17.411260724,0.705861921244,0.394905109191,13.5947048515,1.10227336634,0.572092500664,8.95678513754,0.726225821962,0.409838409838,1.15806957238,0.383395548896,4.0535027418,3.02056081692,1.15806957238,4.0535027418,0.480676681589,0.521240995973,9190,0.0282334869432,0.113148520933,126,126,126,1,0,0.126984126984,0.801587301587,0.0714285714286,-187,-0.011873015873,-0.329650137944,-2.96825396825,-0.502979373568,-1.47218600608,-1.92930935014,0.00600211959447,0.00525493550848,-2.0178033614,-0.0276381987538,-0.00676201644447,-0.195614148902,0.0638465513758,0.0324827576407,-0.0397206991765,0.0258687281403,-0.289063324476,-0.329650137944,-0.0397206991765,-0.289063324476,-0.0264431543627,-0.0426684288654,-2938,-0.00902611367127,0.00313183944449,0.0714285714286,-0.0793650793651,0.00793650793651,1547,7,194,14002,0.888569787478,0.999500321222,0.000499678777928,0.111430212522,0.995495495495,0.888569787478,0.938998482549,0.933773840626,0.888070108701,0.885011441648,393,580,0,3,3,3
409,WLNM_dir_neg_kfold,0.836028537455,0.546645469733,00:00:12,10,66.6666666667,6,15351,threshold_sweep,0.4,0.982142857143,0.663793103448,0.792181069959,385,7,195,1153,0.663793103448,0.993965517241,0.00603448275862,0.336206896552,0.982142857143,0.663793103448,0.792181069959,0.883908045977,0.591570881226,0.715759849906,0.742201043333,0.65775862069,1779,1199,580,0,1779,0,1199,0,580,126,1741,0.11053968254,3.35021095487,27.6349206349,14.6302521008,14.7542372881,19.3405700742,0.69985980165,0.389650173682,15.6125082129,1.12991156509,0.578854517108,9.15239928644,0.662379270587,0.377355652198,1.19779027155,0.357526820756,4.34256606628,3.35021095487,1.19779027155,4.34256606628,0.507119835952,0.563909424838,12128,0.0372596006144,0.110016681489,126,126,126,1,0,0.0555555555556,0.880952380952,0.0634920634921,126,0.0737142857143,3.00332674727,18.4285714286,10.5545454545,9.92307692308,13.5253412949,0.733933248559,0.407161314138,10.6910109104,1.16026474996,0.594226378464,6.44435522653,0.699387388926,0.393947472759,1.13778591947,0.378841869437,3.97191603983,3.00332674727,1.13778591947,3.97191603983,0.394293498746,0.396355579073,3995,0.0122734254992,0.0730085770453,126,126,126,1,0,0.126984126984,0.801587301587,0.0714285714286,126,1553,0.0986031746032,3.01851666314,24.6507936508,14.1181818182,13.2735042735,17.41278494,0.706378268652,0.395159394515,13.597546464,1.10321368607,0.572322897822,8.94143555819,0.725448087786,0.409504389865,1.15718187213,0.383361101252,4.05210502327,3.01851666314,1.15718187213,4.05210502327,0.480385444689,0.521164071222,9181,0.0282058371736,0.112955608196,126,126,126,1,0,0.126984126984,0.801587301587,0.0714285714286,-188,-0.0119365079365,-0.33169429173,-2.98412698413,-0.512070282659,-1.48073301463,-1.92778513421,0.00651846700252,0.00550922083314,-2.01496174889,-0.0266978790233,-0.00653161928646,-0.210963728249,0.0630688171996,0.0321487376673,-0.0406083994256,0.0258342804967,-0.290461043008,-0.33169429173,-0.0406083994256,-0.290461043008,-0.0267343912625,-0.0427453536166,-2947,-0.00905376344086,0.00293892670782,0.0714285714286,-0.0793650793651,0.00793650793651,1546,7,195,14002,0.88799540494,0.999500321222,0.000499678777928,0.11200459506,0.995492594977,0.88799540494,0.938676381299,0.933437414508,0.887495726162,0.884439359268,392,580,0,3,3,3
410,WLNM_dir_neg_kfold,0.836028537455,0.546645469733,00:00:12,10,66.6666666667,6,15351,threshold_sweep,0.5,0.982051282051,0.660344827586,0.789690721649,383,7,197,1153,0.660344827586,0.993965517241,0.00603448275862,0.339655172414,0.982051282051,0.660344827586,0.789690721649,0.88275862069,0.591954022989,0.712676056338,0.739652262949,0.654310344828,1779,1199,580,0,1779,0,1199,0,580,126,1741,0.11053968254,3.35021095487,27.6349206349,14.6302521008,14.7542372881,19.3405700742,0.69985980165,0.389650173682,15.6125082129,1.12991156509,0.578854517108,9.15239928644,0.662379270587,0.377355652198,1.19779027155,0.357526820756,4.34256606628,3.35021095487,1.19779027155,4.34256606628,0.507119835952,0.563909424838,12128,0.0372596006144,0.110016681489,126,126,126,1,0,0.0555555555556,0.880952380952,0.0634920634921,126,0.0737142857143,3.00332674727,18.4285714286,10.5545454545,9.92307692308,13.5253412949,0.733933248559,0.407161314138,10.6910109104,1.16026474996,0.594226378464,6.44435522653,0.699387388926,0.393947472759,1.13778591947,0.378841869437,3.97191603983,3.00332674727,1.13778591947,3.97191603983,0.394293498746,0.396355579073,3995,0.0122734254992,0.0730085770453,126,126,126,1,0,0.126984126984,0.801587301587,0.0714285714286,126,1551,0.0984761904762,3.01756734557,24.619047619,14.1,13.2564102564,17.3693325803,0.705524147363,0.394768352215,13.5761345224,1.1028968084,0.572109135939,8.93663407394,0.725993483763,0.409664016047,1.15591460257,0.383061741527,4.04882301187,3.01756734557,1.15591460257,4.04882301187,0.479869926714,0.519971955887,9147,0.0281013824885,0.112932076234,126,126,126,1,0,0.126984126984,0.801587301587,0.0714285714286,-190,-0.0120634920635,-0.332643609296,-3.01587301587,-0.53025210084,-1.49782703173,-1.97123749385,0.00566434571321,0.00511817853282,-2.03637369048,-0.0270147566939,-0.00674538116947,-0.215765212503,0.063614213176,0.0323083638493,-0.0418756689853,0.0255349207713,-0.293743054411,-0.332643609296,-0.0418756689853,-0.293743054411,-0.0272499092381,-0.0439374689511,-2981,-0.00915821812596,0.00291539474492,0.0714285714286,-0.0793650793651,0.00793650793651,1544,7,197,14002,0.886846639862,0.999500321222,0.000499678777928,0.113153360138,0.995486782721,0.886846639862,0.938031591738,0.932764340569,0.886346961084,0.883295194508,390,580,0,3,3,3
411,WLNM_dir_neg_kfold,0.836028537455,0.546645469733,00:00:12,10,66.6666666667,6,15351,threshold_sweep,0.6,0.982051282051,0.660344827586,0.789690721649,383,7,197,1153,0.660344827586,0.993965517241,0.00603448275862,0.339655172414,0.982051282051,0.660344827586,0.789690721649,0.88275862069,0.591954022989,0.712676056338,0.739652262949,0.654310344828,1779,1199,580,0,1779,0,1199,0,580,126,1741,0.11053968254,3.35021095487,27.6349206349,14.6302521008,14.7542372881,19.3405700742,0.69985980165,0.389650173682,15.6125082129,1.12991156509,0.578854517108,9.15239928644,0.662379270587,0.377355652198,1.19779027155,0.357526820756,4.34256606628,3.35021095487,1.19779027155,4.34256606628,0.507119835952,0.563909424838,12128,0.0372596006144,0.110016681489,126,126,126,1,0,0.0555555555556,0.880952380952,0.0634920634921,126,0.0737142857143,3.00332674727,18.4285714286,10.5545454545,9.92307692308,13.5253412949,0.733933248559,0.407161314138,10.6910109104,1.16026474996,0.594226378464,6.44435522653,0.699387388926,0.393947472759,1.13778591947,0.378841869437,3.97191603983,3.00332674727,1.13778591947,3.97191603983,0.394293498746,0.396355579073,3995,0.0122734254992,0.0730085770453,126,126,126,1,0,0.126984126984,0.801587301587,0.0714285714286,126,1551,0.0984761904762,3.01756734557,24.619047619,14.1,13.2564102564,17.3693325803,0.705524147363,0.394768352215,13.5761345224,1.1028968084,0.572109135939,8.93663407394,0.725993483763,0.409664016047,1.15591460257,0.383061741527,4.04882301187,3.01756734557,1.15591460257,4.04882301187,0.479869926714,0.519971955887,9147,0.0281013824885,0.112932076234,126,126,126,1,0,0.126984126984,0.801587301587,0.0714285714286,-190,-0.0120634920635,-0.332643609296,-3.01587301587,-0.53025210084,-1.49782703173,-1.97123749385,0.00566434571321,0.00511817853282,-2.03637369048,-0.0270147566939,-0.00674538116947,-0.215765212503,0.063614213176,0.0323083638493,-0.0418756689853,0.0255349207713,-0.293743054411,-0.332643609296,-0.0418756689853,-0.293743054411,-0.0272499092381,-0.0439374689511,-2981,-0.00915821812596,0.00291539474492,0.0714285714286,-0.0793650793651,0.00793650793651,1544,7,197,14002,0.886846639862,0.999500321222,0.000499678777928,0.113153360138,0.995486782721,0.886846639862,0.938031591738,0.932764340569,0.886346961084,0.883295194508,390,580,0,3,3,3
412,WLNM_dir_neg_kfold,0.836028537455,0.546645469733,00:00:12,10,66.6666666667,6,15351,threshold_sweep,0.7,0.982051282051,0.660344827586,0.789690721649,383,7,197,1153,0.660344827586,0.993965517241,0.00603448275862,0.339655172414,0.982051282051,0.660344827586,0.789690721649,0.88275862069,0.591954022989,0.712676056338,0.739652262949,0.654310344828,1779,1199,580,0,1779,0,1199,0,580,126,1741,0.11053968254,3.35021095487,27.6349206349,14.6302521008,14.7542372881,19.3405700742,0.69985980165,0.389650173682,15.6125082129,1.12991156509,0.578854517108,9.15239928644,0.662379270587,0.377355652198,1.19779027155,0.357526820756,4.34256606628,3.35021095487,1.19779027155,4.34256606628,0.507119835952,0.563909424838,12128,0.0372596006144,0.110016681489,126,126,126,1,0,0.0555555555556,0.880952380952,0.0634920634921,126,0.0737142857143,3.00332674727,18.4285714286,10.5545454545,9.92307692308,13.5253412949,0.733933248559,0.407161314138,10.6910109104,1.16026474996,0.594226378464,6.44435522653,0.699387388926,0.393947472759,1.13778591947,0.378841869437,3.97191603983,3.00332674727,1.13778591947,3.97191603983,0.394293498746,0.396355579073,3995,0.0122734254992,0.0730085770453,126,126,126,1,0,0.126984126984,0.801587301587,0.0714285714286,126,1551,0.0984761904762,3.01756734557,24.619047619,14.1,13.2564102564,17.3693325803,0.705524147363,0.394768352215,13.5761345224,1.1028968084,0.572109135939,8.93663407394,0.725993483763,0.409664016047,1.15591460257,0.383061741527,4.04882301187,3.01756734557,1.15591460257,4.04882301187,0.479869926714,0.519971955887,9147,0.0281013824885,0.112932076234,126,126,126,1,0,0.126984126984,0.801587301587,0.0714285714286,-190,-0.0120634920635,-0.332643609296,-3.01587301587,-0.53025210084,-1.49782703173,-1.97123749385,0.00566434571321,0.00511817853282,-2.03637369048,-0.0270147566939,-0.00674538116947,-0.215765212503,0.063614213176,0.0323083638493,-0.0418756689853,0.0255349207713,-0.293743054411,-0.332643609296,-0.0418756689853,-0.293743054411,-0.0272499092381,-0.0439374689511,-2981,-0.00915821812596,0.00291539474492,0.0714285714286,-0.0793650793651,0.00793650793651,1544,7,197,14002,0.886846639862,0.999500321222,0.000499678777928,0.113153360138,0.995486782721,0.886846639862,0.938031591738,0.932764340569,0.886346961084,0.883295194508,390,580,0,3,3,3
413,WLNM_dir_neg_kfold,0.836028537455,0.546645469733,00:00:12,10,66.6666666667,6,15351,threshold_sweep,0.8,0.982051282051,0.660344827586,0.789690721649,383,7,197,1153,0.660344827586,0.993965517241,0.00603448275862,0.339655172414,0.982051282051,0.660344827586,0.789690721649,0.88275862069,0.591954022989,0.712676056338,0.739652262949,0.654310344828,1779,1199,580,0,1779,0,1199,0,580,126,1741,0.11053968254,3.35021095487,27.6349206349,14.6302521008,14.7542372881,19.3405700742,0.69985980165,0.389650173682,15.6125082129,1.12991156509,0.578854517108,9.15239928644,0.662379270587,0.377355652198,1.19779027155,0.357526820756,4.34256606628,3.35021095487,1.19779027155,4.34256606628,0.507119835952,0.563909424838,12128,0.0372596006144,0.110016681489,126,126,126,1,0,0.0555555555556,0.880952380952,0.0634920634921,126,0.0737142857143,3.00332674727,18.4285714286,10.5545454545,9.92307692308,13.5253412949,0.733933248559,0.407161314138,10.6910109104,1.16026474996,0.594226378464,6.44435522653,0.699387388926,0.393947472759,1.13778591947,0.378841869437,3.97191603983,3.00332674727,1.13778591947,3.97191603983,0.394293498746,0.396355579073,3995,0.0122734254992,0.0730085770453,126,126,126,1,0,0.126984126984,0.801587301587,0.0714285714286,126,1551,0.0984761904762,3.01756734557,24.619047619,14.1,13.2564102564,17.3693325803,0.705524147363,0.394768352215,13.5761345224,1.1028968084,0.572109135939,8.93663407394,0.725993483763,0.409664016047,1.15591460257,0.383061741527,4.04882301187,3.01756734557,1.15591460257,4.04882301187,0.479869926714,0.519971955887,9147,0.0281013824885,0.112932076234,126,126,126,1,0,0.126984126984,0.801587301587,0.0714285714286,-190,-0.0120634920635,-0.332643609296,-3.01587301587,-0.53025210084,-1.49782703173,-1.97123749385,0.00566434571321,0.00511817853282,-2.03637369048,-0.0270147566939,-0.00674538116947,-0.215765212503,0.063614213176,0.0323083638493,-0.0418756689853,0.0255349207713,-0.293743054411,-0.332643609296,-0.0418756689853,-0.293743054411,-0.0272499092381,-0.0439374689511,-2981,-0.00915821812596,0.00291539474492,0.0714285714286,-0.0793650793651,0.00793650793651,1544,7,197,14002,0.886846639862,0.999500321222,0.000499678777928,0.113153360138,0.995486782721,0.886846639862,0.938031591738,0.932764340569,0.886346961084,0.883295194508,390,580,0,3,3,3
414,WLNM_dir_neg_kfold,0.836028537455,0.546645469733,00:00:12,10,66.6666666667,6,15351,threshold_sweep,0.9,0.982005141388,0.658620689655,0.788441692466,382,7,198,1153,0.658620689655,0.993965517241,0.00603448275862,0.341379310345,0.982005141388,0.658620689655,0.788441692466,0.882183908046,0.59214559387,0.711131986848,0.738377418716,0.652586206897,1779,1199,580,0,1779,0,1199,0,580,126,1741,0.11053968254,3.35021095487,27.6349206349,14.6302521008,14.7542372881,19.3405700742,0.69985980165,0.389650173682,15.6125082129,1.12991156509,0.578854517108,9.15239928644,0.662379270587,0.377355652198,1.19779027155,0.357526820756,4.34256606628,3.35021095487,1.19779027155,4.34256606628,0.507119835952,0.563909424838,12128,0.0372596006144,0.110016681489,126,126,126,1,0,0.0555555555556,0.880952380952,0.0634920634921,126,0.0737142857143,3.00332674727,18.4285714286,10.5545454545,9.92307692308,13.5253412949,0.733933248559,0.407161314138,10.6910109104,1.16026474996,0.594226378464,6.44435522653,0.699387388926,0.393947472759,1.13778591947,0.378841869437,3.97191603983,3.00332674727,1.13778591947,3.97191603983,0.394293498746,0.396355579073,3995,0.0122734254992,0.0730085770453,126,126,126,1,0,0.126984126984,0.801587301587,0.0714285714286,126,1550,0.0984126984127,3.02058454228,24.6031746032,14.0909090909,13.2478632479,17.3781837325,0.706339080741,0.395145929339,13.5813223752,1.10403007696,0.572718894009,8.92929546271,0.725865308581,0.409503328213,1.15670569565,0.382941010079,4.05071312724,3.02058454228,1.15670569565,4.05071312724,0.480410961841,0.520257844345,9147,0.0281013824885,0.11245155268,126,126,126,1,0,0.126984126984,0.801587301587,0.0714285714286,-191,-0.012126984127,-0.329626412581,-3.03174603175,-0.539343009931,-1.50637404027,-1.96238634164,0.00647927909137,0.00549575565714,-2.03118583767,-0.025881488138,-0.00613562309918,-0.223103823732,0.0634860379947,0.0321476760153,-0.0410845759011,0.0254141893238,-0.291852939038,-0.329626412581,-0.0410845759011,-0.291852939038,-0.0267088741106,-0.043651580493,-2981,-0.00915821812596,0.002434871191,0.0714285714286,-0.0793650793651,0.00793650793651,1543,7,198,14002,0.886272257323,0.999500321222,0.000499678777928,0.113727742677,0.995483870968,0.886272257323,0.937708903069,0.932427692568,0.885772578545,0.882723112128,389,580,0,3,3,3
415,WLNM_dir_neg_kfold,0.882010255648,0.433035442441,00:00:13,10,66.6666666667,7,15352,threshold_sweep,0.1,0.931279620853,0.677586206897,0.784431137725,393,29,187,1131,0.677586206897,0.975,0.025,0.322413793103,0.931279620853,0.677586206897,0.784431137725,0.875862068966,0.585823754789,0.700277520814,0.717739670639,0.652586206897,1779,1199,580,0,1779,0,1199,0,580,126,1741,0.11053968254,3.35021095487,27.6349206349,14.6302521008,14.7542372881,19.3405700742,0.69985980165,0.389650173682,15.6125082129,1.12991156509,0.578854517108,9.15239928644,0.662379270587,0.377355652198,1.19779027155,0.357526820756,4.34256606628,3.35021095487,1.19779027155,4.34256606628,0.507119835952,0.563909424838,12128,0.0372596006144,0.110016681489,126,126,126,1,0,0.0555555555556,0.880952380952,0.0634920634921,126,0.0737142857143,3.00332674727,18.4285714286,10.5545454545,9.92307692308,13.5253412949,0.733933248559,0.407161314138,10.6910109104,1.16026474996,0.594226378464,6.44435522653,0.699387388926,0.393947472759,1.13778591947,0.378841869437,3.97191603983,3.00332674727,1.13778591947,3.97191603983,0.394293498746,0.396355579073,3995,0.0122734254992,0.0730085770453,126,126,126,1,0,0.126984126984,0.801587301587,0.0714285714286,126,1583,0.100507936508,NaN,25.126984127,12.5634920635,13.5299145299,17.2946160996,0.688288575031,0.386953644376,13.3790857874,1.06491775693,0.549654563868,9.14111243274,0.727593282707,0.410728073078,NaN,NaN,NaN,NaN,NaN,NaN,0.458382252908,0.514687290846,9228,0.0283502304147,0.104083905537,126,126,0,1,2,0,0.928571428571,0.0714285714286,-158,-0.0100317460317,NaN,-2.50793650794,-2.06676003735,-1.22432275822,-2.04595397459,-0.0115712266193,-0.00269652930608,-2.23342242547,-0.0649938081644,-0.0291999532403,-0.0112868537023,0.0652140121201,0.0333724208803,NaN,NaN,NaN,NaN,NaN,NaN,-0.0487375830436,-0.0492221339929,-2900,-0.00890937019969,-0.00593277595135,-0.0555555555556,0.047619047619,0.00793650793651,1554,29,187,13980,0.89259046525,0.997929902206,0.00207009779428,0.10740953475,0.981680353759,0.89259046525,0.935018050542,0.928682807573,0.890520367456,0.877966101695,422,580,0,3,3,3
416,WLNM_dir_neg_kfold,0.882010255648,0.433035442441,00:00:13,10,66.6666666667,7,15352,threshold_sweep,0.2,0.942307692308,0.675862068966,0.787148594378,392,24,188,1136,0.675862068966,0.979310344828,0.0206896551724,0.324137931034,0.942307692308,0.675862068966,0.787148594378,0.87816091954,0.586973180077,0.705009276438,0.724115654638,0.655172413793,1779,1199,580,0,1779,0,1199,0,580,126,1741,0.11053968254,3.35021095487,27.6349206349,14.6302521008,14.7542372881,19.3405700742,0.69985980165,0.389650173682,15.6125082129,1.12991156509,0.578854517108,9.15239928644,0.662379270587,0.377355652198,1.19779027155,0.357526820756,4.34256606628,3.35021095487,1.19779027155,4.34256606628,0.507119835952,0.563909424838,12128,0.0372596006144,0.110016681489,126,126,126,1,0,0.0555555555556,0.880952380952,0.0634920634921,126,0.0737142857143,3.00332674727,18.4285714286,10.5545454545,9.92307692308,13.5253412949,0.733933248559,0.407161314138,10.6910109104,1.16026474996,0.594226378464,6.44435522653,0.699387388926,0.393947472759,1.13778591947,0.378841869437,3.97191603983,3.00332674727,1.13778591947,3.97191603983,0.394293498746,0.396355579073,3995,0.0122734254992,0.0730085770453,126,126,126,1,0,0.126984126984,0.801587301587,0.0714285714286,126,1577,0.100126984127,10.6477023372,25.0317460317,12.7177419355,13.4786324786,17.3204787499,0.6919404954,0.388672484424,13.4150566913,1.07184346424,0.553869613794,9.09569931516,0.726733109518,0.410388420851,1.7527768499,0.164615500545,11.9641639129,10.6477023372,1.7527768499,11.9641639129,0.453243624024,0.515209231976,9197,0.0282549923195,0.105066946906,126,126,126,1,0,0.015873015873,0.912698412698,0.0714285714286,-164,-0.0104126984127,7.29749138234,-2.60317460317,-1.91251016536,-1.2756048095,-2.02009132423,-0.00791930624971,-0.000977689258428,-2.19745152158,-0.0580681008523,-0.0249849033149,-0.0566999712823,0.0643538389313,0.0330327686536,0.554986578343,-0.19291132021,7.6215978466,7.29749138234,0.554986578343,7.6215978466,-0.0538762119281,-0.0487001928626,-2931,-0.00900460829493,-0.00494973458223,-0.0396825396825,0.031746031746,0.00793650793651,1553,24,188,13985,0.892016082711,0.998286815619,0.00171318438147,0.107983917289,0.984781230184,0.892016082711,0.936106088005,0.930023666287,0.89030289833,0.879886685552,416,580,0,3,3,3
417,WLNM_dir_neg_kfold,0.882010255648,0.433035442441,00:00:13,10,66.6666666667,7,15352,threshold_sweep,0.3,0.942307692308,0.675862068966,0.787148594378,392,24,188,1136,0.675862068966,0.979310344828,0.0206896551724,0.324137931034,0.942307692308,0.675862068966,0.787148594378,0.87816091954,0.586973180077,0.705009276438,0.724115654638,0.655172413793,1779,1199,580,0,1779,0,1199,0,580,126,1741,0.11053968254,3.35021095487,27.6349206349,14.6302521008,14.7542372881,19.3405700742,0.69985980165,0.389650173682,15.6125082129,1.12991156509,0.578854517108,9.15239928644,0.662379270587,0.377355652198,1.19779027155,0.357526820756,4.34256606628,3.35021095487,1.19779027155,4.34256606628,0.507119835952,0.563909424838,12128,0.0372596006144,0.110016681489,126,126,126,1,0,0.0555555555556,0.880952380952,0.0634920634921,126,0.0737142857143,3.00332674727,18.4285714286,10.5545454545,9.92307692308,13.5253412949,0.733933248559,0.407161314138,10.6910109104,1.16026474996,0.594226378464,6.44435522653,0.699387388926,0.393947472759,1.13778591947,0.378841869437,3.97191603983,3.00332674727,1.13778591947,3.97191603983,0.394293498746,0.396355579073,3995,0.0122734254992,0.0730085770453,126,126,126,1,0,0.126984126984,0.801587301587,0.0714285714286,126,1577,0.100126984127,10.6477023372,25.0317460317,12.7177419355,13.4786324786,17.3204787499,0.6919404954,0.388672484424,13.4150566913,1.07184346424,0.553869613794,9.09569931516,0.726733109518,0.410388420851,1.7527768499,0.164615500545,11.9641639129,10.6477023372,1.7527768499,11.9641639129,0.453243624024,0.515209231976,9197,0.0282549923195,0.105066946906,126,126,126,1,0,0.015873015873,0.912698412698,0.0714285714286,-164,-0.0104126984127,7.29749138234,-2.60317460317,-1.91251016536,-1.2756048095,-2.02009132423,-0.00791930624971,-0.000977689258428,-2.19745152158,-0.0580681008523,-0.0249849033149,-0.0566999712823,0.0643538389313,0.0330327686536,0.554986578343,-0.19291132021,7.6215978466,7.29749138234,0.554986578343,7.6215978466,-0.0538762119281,-0.0487001928626,-2931,-0.00900460829493,-0.00494973458223,-0.0396825396825,0.031746031746,0.00793650793651,1553,24,188,13985,0.892016082711,0.998286815619,0.00171318438147,0.107983917289,0.984781230184,0.892016082711,0.936106088005,0.930023666287,0.89030289833,0.879886685552,416,580,0,3,3,3
418,WLNM_dir_neg_kfold,0.882010255648,0.433035442441,00:00:13,10,66.6666666667,7,15352,threshold_sweep,0.4,0.979591836735,0.662068965517,0.79012345679,384,8,196,1152,0.662068965517,0.993103448276,0.00689655172414,0.337931034483,0.979591836735,0.662068965517,0.79012345679,0.88275862069,0.591570881226,0.712945590994,0.739282821668,0.655172413793,1779,1199,580,0,1779,0,1199,0,580,126,1741,0.11053968254,3.35021095487,27.6349206349,14.6302521008,14.7542372881,19.3405700742,0.69985980165,0.389650173682,15.6125082129,1.12991156509,0.578854517108,9.15239928644,0.662379270587,0.377355652198,1.19779027155,0.357526820756,4.34256606628,3.35021095487,1.19779027155,4.34256606628,0.507119835952,0.563909424838,12128,0.0372596006144,0.110016681489,126,126,126,1,0,0.0555555555556,0.880952380952,0.0634920634921,126,0.0737142857143,3.00332674727,18.4285714286,10.5545454545,9.92307692308,13.5253412949,0.733933248559,0.407161314138,10.6910109104,1.16026474996,0.594226378464,6.44435522653,0.699387388926,0.393947472759,1.13778591947,0.378841869437,3.97191603983,3.00332674727,1.13778591947,3.97191603983,0.394293498746,0.396355579073,3995,0.0122734254992,0.0730085770453,126,126,126,1,0,0.126984126984,0.801587301587,0.0714285714286,126,1553,0.0986031746032,3.02199417586,24.6507936508,14.1181818182,13.2735042735,17.41278494,0.706378268652,0.395537566819,13.5545294954,1.09972357786,0.572067375995,8.92800480742,0.724358406783,0.409156880181,1.16216698963,0.384569566319,4.06173103198,3.02199417586,1.16216698963,4.06173103198,0.469855610556,0.521474486603,9167,0.0281628264209,0.112635990408,126,126,126,1,0,0.126984126984,0.801587301587,0.0714285714286,-188,-0.0119365079365,-0.328216779007,-2.98412698413,-0.512070282659,-1.48073301463,-1.92778513421,0.00651846700252,0.00588739313662,-2.05797871753,-0.0301879872321,-0.00678714111314,-0.224394479022,0.0619791361968,0.031801227983,-0.0356232819256,0.0270427455633,-0.2808350343,-0.328216779007,-0.0356232819256,-0.2808350343,-0.0372642253962,-0.0424349382351,-2961,-0.00909677419355,0.00261930891929,0.0714285714286,-0.0793650793651,0.00793650793651,1545,8,196,14001,0.887421022401,0.99942893854,0.00057106146049,0.112578977599,0.994848679974,0.887421022401,0.938069216758,0.932758220906,0.88684996094,0.883361921098,392,580,0,3,3,3
419,WLNM_dir_neg_kfold,0.882010255648,0.433035442441,00:00:13,10,66.6666666667,7,15352,threshold_sweep,0.5,0.979539641944,0.660344827586,0.788877445932,383,8,197,1152,0.660344827586,0.993103448276,0.00689655172414,0.339655172414,0.979539641944,0.660344827586,0.788877445932,0.882183908046,0.591762452107,0.711403097137,0.73800593476,0.653448275862,1779,1199,580,0,1779,0,1199,0,580,126,1741,0.11053968254,3.35021095487,27.6349206349,14.6302521008,14.7542372881,19.3405700742,0.69985980165,0.389650173682,15.6125082129,1.12991156509,0.578854517108,9.15239928644,0.662379270587,0.377355652198,1.19779027155,0.357526820756,4.34256606628,3.35021095487,1.19779027155,4.34256606628,0.507119835952,0.563909424838,12128,0.0372596006144,0.110016681489,126,126,126,1,0,0.0555555555556,0.880952380952,0.0634920634921,126,0.0737142857143,3.00332674727,18.4285714286,10.5545454545,9.92307692308,13.5253412949,0.733933248559,0.407161314138,10.6910109104,1.16026474996,0.594226378464,6.44435522653,0.699387388926,0.393947472759,1.13778591947,0.378841869437,3.97191603983,3.00332674727,1.13778591947,3.97191603983,0.394293498746,0.396355579073,3995,0.0122734254992,0.0730085770453,126,126,126,1,0,0.126984126984,0.801587301587,0.0714285714286,126,1552,0.0985396825397,3.02503455286,24.6349206349,14.1090909091,13.264957265,17.4216431715,0.707192989563,0.395925380461,13.5597349789,1.10085477277,0.572676321388,8.92067333212,0.724229922582,0.408996072656,1.16297002443,0.3844485093,4.06365342124,3.02503455286,1.16297002443,4.06365342124,0.470396645683,0.521761402444,9167,0.0281628264209,0.112172544577,126,126,126,1,0,0.126984126984,0.801587301587,0.0714285714286,-189,-0.012,-0.32517640201,-3,-0.521161191749,-1.48928002318,-1.9189269027,0.00733318791328,0.00627520677912,-2.052773234,-0.0290567923206,-0.00617819572073,-0.231725954318,0.0618506519953,0.0316404204582,-0.034820247126,0.0269216885449,-0.278912645041,-0.32517640201,-0.034820247126,-0.278912645041,-0.0367231902687,-0.0421480223948,-2961,-0.00909677419355,0.00215586308887,0.0714285714286,-0.0793650793651,0.00793650793651,1544,8,197,14001,0.886846639862,0.99942893854,0.00057106146049,0.113153360138,0.994845360825,0.886846639862,0.9377467355,0.932421526067,0.886275578402,0.882790165809,391,580,0,3,3,3
420,WLNM_dir_neg_kfold,0.882010255648,0.433035442441,00:00:13,10,66.6666666667,7,15352,threshold_sweep,0.6,0.984536082474,0.658620689655,0.789256198347,382,6,198,1154,0.658620689655,0.994827586207,0.0051724137931,0.341379310345,0.984536082474,0.658620689655,0.789256198347,0.88275862069,0.592337164751,0.712406015038,0.74003114728,0.653448275862,1779,1199,580,0,1779,0,1199,0,580,126,1741,0.11053968254,3.35021095487,27.6349206349,14.6302521008,14.7542372881,19.3405700742,0.69985980165,0.389650173682,15.6125082129,1.12991156509,0.578854517108,9.15239928644,0.662379270587,0.377355652198,1.19779027155,0.357526820756,4.34256606628,3.35021095487,1.19779027155,4.34256606628,0.507119835952,0.563909424838,12128,0.0372596006144,0.110016681489,126,126,126,1,0,0.0555555555556,0.880952380952,0.0634920634921,126,0.0737142857143,3.00332674727,18.4285714286,10.5545454545,9.92307692308,13.5253412949,0.733933248559,0.407161314138,10.6910109104,1.16026474996,0.594226378464,6.44435522653,0.699387388926,0.393947472759,1.13778591947,0.378841869437,3.97191603983,3.00332674727,1.13778591947,3.97191603983,0.394293498746,0.396355579073,3995,0.0122734254992,0.0730085770453,126,126,126,1,0,0.126984126984,0.801587301587,0.0714285714286,126,1549,0.0983492063492,3.02625568094,24.5873015873,14.0818181818,13.2393162393,17.4219493014,0.708575084563,0.396789531393,13.5505379733,1.10223872475,0.573360181172,8.92642590095,0.726100492911,0.409957268899,1.16484816889,0.3849139966,4.06789791826,3.02625568094,1.16484816889,4.06789791826,0.473101858467,0.521458737587,9137,0.0280706605223,0.112226107412,126,126,126,1,0,0.126984126984,0.801587301587,0.0714285714286,-192,-0.0121904761905,-0.323955273922,-3.04761904762,-0.548433919022,-1.51492104882,-1.91862077277,0.00871528291298,0.00713935771016,-2.06197023965,-0.0276728403469,-0.00549433593672,-0.225973385493,0.0637212223244,0.0326016167008,-0.0329421026676,0.0273871758446,-0.274668148017,-0.323955273922,-0.0329421026676,-0.274668148017,-0.0340179774844,-0.0424506872514,-2991,-0.00918894009217,0.00220942592347,0.0714285714286,-0.0793650793651,0.00793650793651,1543,6,198,14003,0.886272257323,0.999571703905,0.000428296095367,0.113727742677,0.996126533247,0.886272257323,0.937993920973,0.932770944623,0.885843961228,0.883228391528,388,580,0,3,3,3
421,WLNM_dir_neg_kfold,0.882010255648,0.433035442441,00:00:13,10,66.6666666667,7,15352,threshold_sweep,0.7,0.984496124031,0.656896551724,0.788004136505,381,6,199,1154,0.656896551724,0.994827586207,0.0051724137931,0.343103448276,0.984496124031,0.656896551724,0.788004136505,0.882183908046,0.592528735632,0.710860366714,0.738758374193,0.651724137931,1779,1199,580,0,1779,0,1199,0,580,126,1741,0.11053968254,3.35021095487,27.6349206349,14.6302521008,14.7542372881,19.3405700742,0.69985980165,0.389650173682,15.6125082129,1.12991156509,0.578854517108,9.15239928644,0.662379270587,0.377355652198,1.19779027155,0.357526820756,4.34256606628,3.35021095487,1.19779027155,4.34256606628,0.507119835952,0.563909424838,12128,0.0372596006144,0.110016681489,126,126,126,1,0,0.0555555555556,0.880952380952,0.0634920634921,126,0.0737142857143,3.00332674727,18.4285714286,10.5545454545,9.92307692308,13.5253412949,0.733933248559,0.407161314138,10.6910109104,1.16026474996,0.594226378464,6.44435522653,0.699387388926,0.393947472759,1.13778591947,0.378841869437,3.97191603983,3.00332674727,1.13778591947,3.97191603983,0.394293498746,0.396355579073,3995,0.0122734254992,0.0730085770453,126,126,126,1,0,0.126984126984,0.801587301587,0.0714285714286,126,1548,0.0982857142857,3.02551283248,24.5714285714,14.0727272727,13.2307692308,17.4325803352,0.709465478758,0.397235552274,13.5533654229,1.10318090651,0.573602395308,8.93071745638,0.726918862729,0.410381034412,1.16468243961,0.384953726557,4.06768197652,3.02551283248,1.16468243961,4.06768197652,0.473281570575,0.52159266097,9135,0.028064516129,0.112367932829,126,126,126,1,0,0.126984126984,0.801587301587,0.0714285714286,-193,-0.012253968254,-0.324698122386,-3.06349206349,-0.557524828113,-1.52346805737,-1.90798973897,0.00960567710792,0.00758537859197,-2.05914279005,-0.0267306585811,-0.00525212180057,-0.221681830058,0.0645395921421,0.0330253822143,-0.0331078319429,0.0274269058019,-0.274884089757,-0.324698122386,-0.0331078319429,-0.274884089757,-0.0338382653768,-0.0423167638689,-2993,-0.00919508448541,0.00235125134067,0.0714285714286,-0.0793650793651,0.00793650793651,1542,6,199,14003,0.885697874785,0.999571703905,0.000428296095367,0.114302125215,0.996124031008,0.885697874785,0.937671024628,0.932434343896,0.885269578689,0.882655981683,387,580,0,3,3,3
422,WLNM_dir_neg_kfold,0.882010255648,0.433035442441,00:00:13,10,66.6666666667,7,15352,threshold_sweep,0.8,0.984496124031,0.656896551724,0.788004136505,381,6,199,1154,0.656896551724,0.994827586207,0.0051724137931,0.343103448276,0.984496124031,0.656896551724,0.788004136505,0.882183908046,0.592528735632,0.710860366714,0.738758374193,0.651724137931,1779,1199,580,0,1779,0,1199,0,580,126,1741,0.11053968254,3.35021095487,27.6349206349,14.6302521008,14.7542372881,19.3405700742,0.69985980165,0.389650173682,15.6125082129,1.12991156509,0.578854517108,9.15239928644,0.662379270587,0.377355652198,1.19779027155,0.357526820756,4.34256606628,3.35021095487,1.19779027155,4.34256606628,0.507119835952,0.563909424838,12128,0.0372596006144,0.110016681489,126,126,126,1,0,0.0555555555556,0.880952380952,0.0634920634921,126,0.0737142857143,3.00332674727,18.4285714286,10.5545454545,9.92307692308,13.5253412949,0.733933248559,0.407161314138,10.6910109104,1.16026474996,0.594226378464,6.44435522653,0.699387388926,0.393947472759,1.13778591947,0.378841869437,3.97191603983,3.00332674727,1.13778591947,3.97191603983,0.394293498746,0.396355579073,3995,0.0122734254992,0.0730085770453,126,126,126,1,0,0.126984126984,0.801587301587,0.0714285714286,126,1548,0.0982857142857,3.02551283248,24.5714285714,14.0727272727,13.2307692308,17.4325803352,0.709465478758,0.397235552274,13.5533654229,1.10318090651,0.573602395308,8.93071745638,0.726918862729,0.410381034412,1.16468243961,0.384953726557,4.06768197652,3.02551283248,1.16468243961,4.06768197652,0.473281570575,0.52159266097,9135,0.028064516129,0.112367932829,126,126,126,1,0,0.126984126984,0.801587301587,0.0714285714286,-193,-0.012253968254,-0.324698122386,-3.06349206349,-0.557524828113,-1.52346805737,-1.90798973897,0.00960567710792,0.00758537859197,-2.05914279005,-0.0267306585811,-0.00525212180057,-0.221681830058,0.0645395921421,0.0330253822143,-0.0331078319429,0.0274269058019,-0.274884089757,-0.324698122386,-0.0331078319429,-0.274884089757,-0.0338382653768,-0.0423167638689,-2993,-0.00919508448541,0.00235125134067,0.0714285714286,-0.0793650793651,0.00793650793651,1542,6,199,14003,0.885697874785,0.999571703905,0.000428296095367,0.114302125215,0.996124031008,0.885697874785,0.937671024628,0.932434343896,0.885269578689,0.882655981683,387,580,0,3,3,3
423,WLNM_dir_neg_kfold,0.882010255648,0.433035442441,00:00:13,10,66.6666666667,7,15352,threshold_sweep,0.9,0.987046632124,0.656896551724,0.788819875776,381,5,199,1155,0.656896551724,0.995689655172,0.00431034482759,0.343103448276,0.987046632124,0.656896551724,0.788819875776,0.88275862069,0.592720306513,0.712135465663,0.740419583818,0.652586206897,1779,1199,580,0,1779,0,1199,0,580,126,1741,0.11053968254,3.35021095487,27.6349206349,14.6302521008,14.7542372881,19.3405700742,0.69985980165,0.389650173682,15.6125082129,1.12991156509,0.578854517108,9.15239928644,0.662379270587,0.377355652198,1.19779027155,0.357526820756,4.34256606628,3.35021095487,1.19779027155,4.34256606628,0.507119835952,0.563909424838,12128,0.0372596006144,0.110016681489,126,126,126,1,0,0.0555555555556,0.880952380952,0.0634920634921,126,0.0737142857143,3.00332674727,18.4285714286,10.5545454545,9.92307692308,13.5253412949,0.733933248559,0.407161314138,10.6910109104,1.16026474996,0.594226378464,6.44435522653,0.699387388926,0.393947472759,1.13778591947,0.378841869437,3.97191603983,3.00332674727,1.13778591947,3.97191603983,0.394293498746,0.396355579073,3995,0.0122734254992,0.0730085770453,126,126,126,1,0,0.126984126984,0.801587301587,0.0714285714286,126,1547,0.0982222222222,3.02499340573,24.5555555556,14.0636363636,13.2222222222,17.4128943283,0.709122393461,0.397030607115,13.5437890644,1.10311404145,0.573537107151,8.93141770506,0.727445785932,0.410692482121,1.16394208532,0.38477508186,4.06587398105,3.02499340573,1.16394208532,4.06587398105,0.473281570575,0.52159266097,9135,0.028064516129,0.112386936856,126,126,126,1,0,0.126984126984,0.801587301587,0.0714285714286,-194,-0.0123174603175,-0.325217549132,-3.07936507937,-0.566615737204,-1.53201506591,-1.92767574585,0.00926259181077,0.0073804334323,-2.06871914847,-0.0267975236453,-0.00531740995784,-0.220981581381,0.0650665153457,0.0333368299234,-0.0338481862368,0.0272482611043,-0.276692085231,-0.325217549132,-0.0338481862368,-0.276692085231,-0.0338382653768,-0.0423167638689,-2993,-0.00919508448541,0.00237025536776,0.0714285714286,-0.0793650793651,0.00793650793651,1542,5,199,14004,0.885697874785,0.999643086587,0.000356913412806,0.114302125215,0.996767937944,0.885697874785,0.93795620438,0.932778034738,0.885340961372,0.883161512027,386,580,0,3,3,3
424,WLNM_dir_neg_kfold,0.836491527943,0.608497171613,00:00:13,10,66.6666666667,8,15353,threshold_sweep,0.1,0.930952380952,0.674137931034,0.782,391,29,189,1131,0.674137931034,0.975,0.025,0.325862068966,0.930952380952,0.674137931034,0.782,0.874712643678,0.586206896552,0.697222222222,0.715102617284,0.649137931034,1779,1199,580,0,1779,0,1199,0,580,126,1741,0.11053968254,3.35021095487,27.6349206349,14.6302521008,14.7542372881,19.3405700742,0.69985980165,0.389650173682,15.6125082129,1.12991156509,0.578854517108,9.15239928644,0.662379270587,0.377355652198,1.19779027155,0.357526820756,4.34256606628,3.35021095487,1.19779027155,4.34256606628,0.507119835952,0.563909424838,12128,0.0372596006144,0.110016681489,126,126,126,1,0,0.0555555555556,0.880952380952,0.0634920634921,126,0.0737142857143,3.00332674727,18.4285714286,10.5545454545,9.92307692308,13.5253412949,0.733933248559,0.407161314138,10.6910109104,1.16026474996,0.594226378464,6.44435522653,0.699387388926,0.393947472759,1.13778591947,0.378841869437,3.97191603983,3.00332674727,1.13778591947,3.97191603983,0.394293498746,0.396355579073,3995,0.0122734254992,0.0730085770453,126,126,126,1,0,0.126984126984,0.801587301587,0.0714285714286,126,1581,0.100380952381,NaN,25.0952380952,12.5476190476,13.5128205128,17.2688985504,0.688134477339,0.386153027519,13.4209431221,1.06960078013,0.550098892604,9.07974197242,0.723622699889,0.409038884371,NaN,NaN,NaN,NaN,NaN,NaN,0.457165599943,0.515019784874,9241,0.0283901689708,0.102211315796,126,126,0,1,2,0,0.928571428571,0.0714285714286,-160,-0.0101587301587,NaN,-2.53968253968,-2.08263305322,-1.24141677532,-2.0716715238,-0.0117253243107,-0.00349714616309,-2.19156509085,-0.0603107849667,-0.0287556245048,-0.0726573140198,0.0612434293026,0.0316832321733,NaN,NaN,NaN,NaN,NaN,NaN,-0.0499542360089,-0.0488896399641,-2887,-0.00886943164363,-0.00780536569264,-0.0555555555556,0.047619047619,0.00793650793651,1552,29,189,13980,0.891441700172,0.997929902206,0.00207009779428,0.108558299828,0.981657179001,0.891441700172,0.934376881397,0.928005769775,0.889371602378,0.876836158192,420,580,0,3,3,3
425,WLNM_dir_neg_kfold,0.836491527943,0.608497171613,00:00:13,10,66.6666666667,8,15353,threshold_sweep,0.2,0.951100244499,0.670689655172,0.786653185035,389,20,191,1140,0.670689655172,0.98275862069,0.0172413793103,0.329310344828,0.951100244499,0.670689655172,0.786653185035,0.878735632184,0.588314176245,0.705444392741,0.726446316623,0.653448275862,1779,1199,580,0,1779,0,1199,0,580,126,1741,0.11053968254,3.35021095487,27.6349206349,14.6302521008,14.7542372881,19.3405700742,0.69985980165,0.389650173682,15.6125082129,1.12991156509,0.578854517108,9.15239928644,0.662379270587,0.377355652198,1.19779027155,0.357526820756,4.34256606628,3.35021095487,1.19779027155,4.34256606628,0.507119835952,0.563909424838,12128,0.0372596006144,0.110016681489,126,126,126,1,0,0.0555555555556,0.880952380952,0.0634920634921,126,0.0737142857143,3.00332674727,18.4285714286,10.5545454545,9.92307692308,13.5253412949,0.733933248559,0.407161314138,10.6910109104,1.16026474996,0.594226378464,6.44435522653,0.699387388926,0.393947472759,1.13778591947,0.378841869437,3.97191603983,3.00332674727,1.13778591947,3.97191603983,0.394293498746,0.396355579073,3995,0.0122734254992,0.0730085770453,126,126,126,1,0,0.126984126984,0.801587301587,0.0714285714286,126,1570,0.0996825396825,4.89315500627,24.9206349206,12.6612903226,13.4188034188,17.3166293139,0.694871112594,0.389273076534,13.4863787837,1.08234632277,0.557840461025,9.02853325288,0.72458292348,0.409544029926,1.37364401992,0.280727673283,6.19551850084,4.89315500627,1.37364401992,6.19551850084,0.451940399545,0.516113956705,9203,0.0282734254992,0.101578618393,126,126,126,1,0,0.015873015873,0.912698412698,0.0714285714286,-171,-0.0108571428571,1.5429440514,-2.71428571429,-1.96896177826,-1.33543386933,-2.0239407603,-0.00498868905542,-0.000377097148116,-2.12612942918,-0.0475652423222,-0.0210140560832,-0.123866033556,0.0622036528931,0.0321883777285,0.175853748368,-0.0767991474727,1.85295243456,1.5429440514,0.175853748368,1.85295243456,-0.0551794364072,-0.047795468133,-2925,-0.00898617511521,-0.00843806309519,-0.0396825396825,0.031746031746,0.00793650793651,1550,20,191,13989,0.890292935095,0.998572346349,0.00142765365122,0.109707064905,0.987261146497,0.890292935095,0.936273029296,0.930359838905,0.888865281444,0.880181714935,409,580,0,3,3,3
426,WLNM_dir_neg_kfold,0.836491527943,0.608497171613,00:00:13,10,66.6666666667,8,15353,threshold_sweep,0.3,0.952853598015,0.662068965517,0.781281790437,384,19,196,1141,0.662068965517,0.983620689655,0.0163793103448,0.337931034483,0.952853598015,0.662068965517,0.781281790437,0.876436781609,0.589463601533,0.699020065329,0.721520364251,0.645689655172,1779,1199,580,0,1779,0,1199,0,580,126,1741,0.11053968254,3.35021095487,27.6349206349,14.6302521008,14.7542372881,19.3405700742,0.69985980165,0.389650173682,15.6125082129,1.12991156509,0.578854517108,9.15239928644,0.662379270587,0.377355652198,1.19779027155,0.357526820756,4.34256606628,3.35021095487,1.19779027155,4.34256606628,0.507119835952,0.563909424838,12128,0.0372596006144,0.110016681489,126,126,126,1,0,0.0555555555556,0.880952380952,0.0634920634921,126,0.0737142857143,3.00332674727,18.4285714286,10.5545454545,9.92307692308,13.5253412949,0.733933248559,0.407161314138,10.6910109104,1.16026474996,0.594226378464,6.44435522653,0.699387388926,0.393947472759,1.13778591947,0.378841869437,3.97191603983,3.00332674727,1.13778591947,3.97191603983,0.394293498746,0.396355579073,3995,0.0122734254992,0.0730085770453,126,126,126,1,0,0.126984126984,0.801587301587,0.0714285714286,126,1564,0.0993015873016,4.22851937538,24.8253968254,13.1428571429,13.3675213675,17.3537681741,0.699032861234,0.391492104088,13.5140044939,1.0887241472,0.562588803637,8.97754518008,0.7232549186,0.408669264807,1.36760879038,0.323424979047,5.50144129623,4.22851937538,1.36760879038,5.50144129623,0.462302192444,0.517472411981,9191,0.0282365591398,0.103484067923,126,126,126,1,0,0.0555555555556,0.873015873016,0.0714285714286,-177,-0.0112380952381,0.878308420512,-2.80952380952,-1.48739495798,-1.38671592061,-1.98680190004,-0.000826940415889,0.00184193040567,-2.09850371905,-0.0411874178891,-0.016265713471,-0.174854106363,0.0608756480129,0.0313136126097,0.169818518829,-0.0341018417083,1.15887522995,0.878308420512,0.169818518829,1.15887522995,-0.0448176435081,-0.0464370128573,-2937,-0.00902304147465,-0.00653261356548,0,-0.00793650793651,0.00793650793651,1545,19,196,13990,0.887421022401,0.998643729031,0.00135627096866,0.112578977599,0.987851662404,0.887421022401,0.934947049924,0.929009299383,0.886064751432,0.877840909091,403,580,0,3,3,3
427,WLNM_dir_neg_kfold,0.836491527943,0.608497171613,00:00:13,10,66.6666666667,8,15353,threshold_sweep,0.4,0.976863753213,0.655172413793,0.78431372549,380,9,200,1151,0.655172413793,0.99224137931,0.00775862068966,0.344827586207,0.976863753213,0.655172413793,0.78431372549,0.879885057471,0.59214559387,0.705495537811,0.732525021738,0.647413793103,1779,1199,580,0,1779,0,1199,0,580,126,1741,0.11053968254,3.35021095487,27.6349206349,14.6302521008,14.7542372881,19.3405700742,0.69985980165,0.389650173682,15.6125082129,1.12991156509,0.578854517108,9.15239928644,0.662379270587,0.377355652198,1.19779027155,0.357526820756,4.34256606628,3.35021095487,1.19779027155,4.34256606628,0.507119835952,0.563909424838,12128,0.0372596006144,0.110016681489,126,126,126,1,0,0.0555555555556,0.880952380952,0.0634920634921,126,0.0737142857143,3.00332674727,18.4285714286,10.5545454545,9.92307692308,13.5253412949,0.733933248559,0.407161314138,10.6910109104,1.16026474996,0.594226378464,6.44435522653,0.699387388926,0.393947472759,1.13778591947,0.378841869437,3.97191603983,3.00332674727,1.13778591947,3.97191603983,0.394293498746,0.396355579073,3995,0.0122734254992,0.0730085770453,126,126,126,1,0,0.126984126984,0.801587301587,0.0714285714286,126,1550,0.0984126984127,3.02496700092,24.6031746032,14.0909090909,13.2478632479,17.4393024471,0.708823260753,0.396318484383,13.5883890679,1.10460453068,0.573333333333,8.92571103388,0.725573929206,0.409728622632,1.1621419127,0.384183335669,4.05824229468,3.02496700092,1.1621419127,4.05824229468,0.473460254121,0.521205462845,9172,0.028178187404,0.11282442799,126,126,126,1,0,0.126984126984,0.801587301587,0.0714285714286,-191,-0.012126984127,-0.32524395395,-3.03174603175,-0.539343009931,-1.50637404027,-1.90126762707,0.00896345910309,0.00666831070066,-2.02411914503,-0.0253070344134,-0.00552118377506,-0.22668825256,0.063194658619,0.0323729704342,-0.0356483588528,0.0266565149136,-0.284323771596,-0.32524395395,-0.0356483588528,-0.284323771596,-0.0336595818308,-0.042703961993,-2956,-0.00908141321045,0.00280774650112,0.0714285714286,-0.0793650793651,0.00793650793651,1541,9,200,14000,0.885123492246,0.999357555857,0.000642444143051,0.114876507754,0.994193548387,0.885123492246,0.936493467031,0.931068135071,0.884481048103,0.880571428571,389,580,0,3,3,3
428,WLNM_dir_neg_kfold,0.836491527943,0.608497171613,00:00:13,10,66.6666666667,8,15353,threshold_sweep,0.5,0.976863753213,0.655172413793,0.78431372549,380,9,200,1151,0.655172413793,0.99224137931,0.00775862068966,0.344827586207,0.976863753213,0.655172413793,0.78431372549,0.879885057471,0.59214559387,0.705495537811,0.732525021738,0.647413793103,1779,1199,580,0,1779,0,1199,0,580,126,1741,0.11053968254,3.35021095487,27.6349206349,14.6302521008,14.7542372881,19.3405700742,0.69985980165,0.389650173682,15.6125082129,1.12991156509,0.578854517108,9.15239928644,0.662379270587,0.377355652198,1.19779027155,0.357526820756,4.34256606628,3.35021095487,1.19779027155,4.34256606628,0.507119835952,0.563909424838,12128,0.0372596006144,0.110016681489,126,126,126,1,0,0.0555555555556,0.880952380952,0.0634920634921,126,0.0737142857143,3.00332674727,18.4285714286,10.5545454545,9.92307692308,13.5253412949,0.733933248559,0.407161314138,10.6910109104,1.16026474996,0.594226378464,6.44435522653,0.699387388926,0.393947472759,1.13778591947,0.378841869437,3.97191603983,3.00332674727,1.13778591947,3.97191603983,0.394293498746,0.396355579073,3995,0.0122734254992,0.0730085770453,126,126,126,1,0,0.126984126984,0.801587301587,0.0714285714286,126,1550,0.0984126984127,3.02496700092,24.6031746032,14.0909090909,13.2478632479,17.4393024471,0.708823260753,0.396318484383,13.5883890679,1.10460453068,0.573333333333,8.92571103388,0.725573929206,0.409728622632,1.1621419127,0.384183335669,4.05824229468,3.02496700092,1.1621419127,4.05824229468,0.473460254121,0.521205462845,9172,0.028178187404,0.11282442799,126,126,126,1,0,0.126984126984,0.801587301587,0.0714285714286,-191,-0.012126984127,-0.32524395395,-3.03174603175,-0.539343009931,-1.50637404027,-1.90126762707,0.00896345910309,0.00666831070066,-2.02411914503,-0.0253070344134,-0.00552118377506,-0.22668825256,0.063194658619,0.0323729704342,-0.0356483588528,0.0266565149136,-0.284323771596,-0.32524395395,-0.0356483588528,-0.284323771596,-0.0336595818308,-0.042703961993,-2956,-0.00908141321045,0.00280774650112,0.0714285714286,-0.0793650793651,0.00793650793651,1541,9,200,14000,0.885123492246,0.999357555857,0.000642444143051,0.114876507754,0.994193548387,0.885123492246,0.936493467031,0.931068135071,0.884481048103,0.880571428571,389,580,0,3,3,3
429,WLNM_dir_neg_kfold,0.836491527943,0.608497171613,00:00:13,10,66.6666666667,8,15353,threshold_sweep,0.6,0.976804123711,0.653448275862,0.78305785124,379,9,201,1151,0.653448275862,0.99224137931,0.00775862068966,0.346551724138,0.976804123711,0.653448275862,0.78305785124,0.879310344828,0.592337164751,0.703947368421,0.731244497774,0.645689655172,1779,1199,580,0,1779,0,1199,0,580,126,1741,0.11053968254,3.35021095487,27.6349206349,14.6302521008,14.7542372881,19.3405700742,0.69985980165,0.389650173682,15.6125082129,1.12991156509,0.578854517108,9.15239928644,0.662379270587,0.377355652198,1.19779027155,0.357526820756,4.34256606628,3.35021095487,1.19779027155,4.34256606628,0.507119835952,0.563909424838,12128,0.0372596006144,0.110016681489,126,126,126,1,0,0.0555555555556,0.880952380952,0.0634920634921,126,0.0737142857143,3.00332674727,18.4285714286,10.5545454545,9.92307692308,13.5253412949,0.733933248559,0.407161314138,10.6910109104,1.16026474996,0.594226378464,6.44435522653,0.699387388926,0.393947472759,1.13778591947,0.378841869437,3.97191603983,3.00332674727,1.13778591947,3.97191603983,0.394293498746,0.396355579073,3995,0.0122734254992,0.0730085770453,126,126,126,1,0,0.126984126984,0.801587301587,0.0714285714286,126,1549,0.0983492063492,3.02287812625,24.5873015873,14.0818181818,13.2393162393,17.4444351431,0.709489615244,0.396564091529,13.5918019175,1.10559524959,0.573616362835,8.92463329023,0.725954676933,0.409885538033,1.16068552639,0.383967026759,4.05595541352,3.02287812625,1.16068552639,4.05595541352,0.473230794455,0.520661157025,9156,0.0281290322581,0.112893389421,126,126,126,1,0,0.126984126984,0.801587301587,0.0714285714286,-192,-0.0121904761905,-0.327332828613,-3.04761904762,-0.548433919022,-1.51492104882,-1.89613493111,0.00962981359394,0.00691391784625,-2.0207062954,-0.0243163155082,-0.00523815427318,-0.227765996209,0.0635754063462,0.032529885835,-0.03710474516,0.0264402060039,-0.286610652756,-0.327332828613,-0.03710474516,-0.286610652756,-0.0338890414968,-0.0432482678136,-2972,-0.00913056835637,0.00287670793214,0.0714285714286,-0.0793650793651,0.00793650793651,1540,9,201,14000,0.884549109707,0.999357555857,0.000642444143051,0.115450890293,0.994189799871,0.884549109707,0.936170212766,0.930731022034,0.883906665564,0.88,388,580,0,3,3,3
430,WLNM_dir_neg_kfold,0.836491527943,0.608497171613,00:00:13,10,66.6666666667,8,15353,threshold_sweep,0.7,0.976804123711,0.653448275862,0.78305785124,379,9,201,1151,0.653448275862,0.99224137931,0.00775862068966,0.346551724138,0.976804123711,0.653448275862,0.78305785124,0.879310344828,0.592337164751,0.703947368421,0.731244497774,0.645689655172,1779,1199,580,0,1779,0,1199,0,580,126,1741,0.11053968254,3.35021095487,27.6349206349,14.6302521008,14.7542372881,19.3405700742,0.69985980165,0.389650173682,15.6125082129,1.12991156509,0.578854517108,9.15239928644,0.662379270587,0.377355652198,1.19779027155,0.357526820756,4.34256606628,3.35021095487,1.19779027155,4.34256606628,0.507119835952,0.563909424838,12128,0.0372596006144,0.110016681489,126,126,126,1,0,0.0555555555556,0.880952380952,0.0634920634921,126,0.0737142857143,3.00332674727,18.4285714286,10.5545454545,9.92307692308,13.5253412949,0.733933248559,0.407161314138,10.6910109104,1.16026474996,0.594226378464,6.44435522653,0.699387388926,0.393947472759,1.13778591947,0.378841869437,3.97191603983,3.00332674727,1.13778591947,3.97191603983,0.394293498746,0.396355579073,3995,0.0122734254992,0.0730085770453,126,126,126,1,0,0.126984126984,0.801587301587,0.0714285714286,126,1549,0.0983492063492,3.02287812625,24.5873015873,14.0818181818,13.2393162393,17.4444351431,0.709489615244,0.396564091529,13.5918019175,1.10559524959,0.573616362835,8.92463329023,0.725954676933,0.409885538033,1.16068552639,0.383967026759,4.05595541352,3.02287812625,1.16068552639,4.05595541352,0.473230794455,0.520661157025,9156,0.0281290322581,0.112893389421,126,126,126,1,0,0.126984126984,0.801587301587,0.0714285714286,-192,-0.0121904761905,-0.327332828613,-3.04761904762,-0.548433919022,-1.51492104882,-1.89613493111,0.00962981359394,0.00691391784625,-2.0207062954,-0.0243163155082,-0.00523815427318,-0.227765996209,0.0635754063462,0.032529885835,-0.03710474516,0.0264402060039,-0.286610652756,-0.327332828613,-0.03710474516,-0.286610652756,-0.0338890414968,-0.0432482678136,-2972,-0.00913056835637,0.00287670793214,0.0714285714286,-0.0793650793651,0.00793650793651,1540,9,201,14000,0.884549109707,0.999357555857,0.000642444143051,0.115450890293,0.994189799871,0.884549109707,0.936170212766,0.930731022034,0.883906665564,0.88,388,580,0,3,3,3
431,WLNM_dir_neg_kfold,0.836491527943,0.608497171613,00:00:13,10,66.6666666667,8,15353,threshold_sweep,0.8,0.976804123711,0.653448275862,0.78305785124,379,9,201,1151,0.653448275862,0.99224137931,0.00775862068966,0.346551724138,0.976804123711,0.653448275862,0.78305785124,0.879310344828,0.592337164751,0.703947368421,0.731244497774,0.645689655172,1779,1199,580,0,1779,0,1199,0,580,126,1741,0.11053968254,3.35021095487,27.6349206349,14.6302521008,14.7542372881,19.3405700742,0.69985980165,0.389650173682,15.6125082129,1.12991156509,0.578854517108,9.15239928644,0.662379270587,0.377355652198,1.19779027155,0.357526820756,4.34256606628,3.35021095487,1.19779027155,4.34256606628,0.507119835952,0.563909424838,12128,0.0372596006144,0.110016681489,126,126,126,1,0,0.0555555555556,0.880952380952,0.0634920634921,126,0.0737142857143,3.00332674727,18.4285714286,10.5545454545,9.92307692308,13.5253412949,0.733933248559,0.407161314138,10.6910109104,1.16026474996,0.594226378464,6.44435522653,0.699387388926,0.393947472759,1.13778591947,0.378841869437,3.97191603983,3.00332674727,1.13778591947,3.97191603983,0.394293498746,0.396355579073,3995,0.0122734254992,0.0730085770453,126,126,126,1,0,0.126984126984,0.801587301587,0.0714285714286,126,1549,0.0983492063492,3.02287812625,24.5873015873,14.0818181818,13.2393162393,17.4444351431,0.709489615244,0.396564091529,13.5918019175,1.10559524959,0.573616362835,8.92463329023,0.725954676933,0.409885538033,1.16068552639,0.383967026759,4.05595541352,3.02287812625,1.16068552639,4.05595541352,0.473230794455,0.520661157025,9156,0.0281290322581,0.112893389421,126,126,126,1,0,0.126984126984,0.801587301587,0.0714285714286,-192,-0.0121904761905,-0.327332828613,-3.04761904762,-0.548433919022,-1.51492104882,-1.89613493111,0.00962981359394,0.00691391784625,-2.0207062954,-0.0243163155082,-0.00523815427318,-0.227765996209,0.0635754063462,0.032529885835,-0.03710474516,0.0264402060039,-0.286610652756,-0.327332828613,-0.03710474516,-0.286610652756,-0.0338890414968,-0.0432482678136,-2972,-0.00913056835637,0.00287670793214,0.0714285714286,-0.0793650793651,0.00793650793651,1540,9,201,14000,0.884549109707,0.999357555857,0.000642444143051,0.115450890293,0.994189799871,0.884549109707,0.936170212766,0.930731022034,0.883906665564,0.88,388,580,0,3,3,3
432,WLNM_dir_neg_kfold,0.836491527943,0.608497171613,00:00:13,10,66.6666666667,8,15353,threshold_sweep,0.9,0.979274611399,0.651724137931,0.782608695652,378,8,202,1152,0.651724137931,0.993103448276,0.00689655172414,0.348275862069,0.979274611399,0.651724137931,0.782608695652,0.879310344828,0.592720306513,0.703668861712,0.731616708977,0.644827586207,1779,1199,580,0,1779,0,1199,0,580,126,1741,0.11053968254,3.35021095487,27.6349206349,14.6302521008,14.7542372881,19.3405700742,0.69985980165,0.389650173682,15.6125082129,1.12991156509,0.578854517108,9.15239928644,0.662379270587,0.377355652198,1.19779027155,0.357526820756,4.34256606628,3.35021095487,1.19779027155,4.34256606628,0.507119835952,0.563909424838,12128,0.0372596006144,0.110016681489,126,126,126,1,0,0.0555555555556,0.880952380952,0.0634920634921,126,0.0737142857143,3.00332674727,18.4285714286,10.5545454545,9.92307692308,13.5253412949,0.733933248559,0.407161314138,10.6910109104,1.16026474996,0.594226378464,6.44435522653,0.699387388926,0.393947472759,1.13778591947,0.378841869437,3.97191603983,3.00332674727,1.13778591947,3.97191603983,0.394293498746,0.396355579073,3995,0.0122734254992,0.0730085770453,126,126,126,1,0,0.126984126984,0.801587301587,0.0714285714286,126,1547,0.0982222222222,3.02258108234,24.5555555556,14.0636363636,13.2222222222,17.4427316923,0.710337489731,0.3970203466,13.585662377,1.10652453749,0.573773098983,8.91886888693,0.726423710248,0.410292322057,1.1613005341,0.384208232125,4.05797667116,3.02258108234,1.1613005341,4.05797667116,0.471030616902,0.519646010977,9121,0.0280215053763,0.11302656304,126,126,126,1,0,0.126984126984,0.801587301587,0.0714285714286,-194,-0.0123174603175,-0.327629872528,-3.07936507937,-0.566615737204,-1.53201506591,-1.89783838188,0.0104776880811,0.00737017291784,-2.0268458359,-0.023387027599,-0.00508141812521,-0.233530399511,0.0640444396609,0.0329366698593,-0.0364897374551,0.0266814113692,-0.284589395115,-0.327629872528,-0.0364897374551,-0.284589395115,-0.0360892190495,-0.0442634138617,-3007,-0.0092380952381,0.00300988155173,0.0714285714286,-0.0793650793651,0.00793650793651,1539,8,202,14001,0.883974727168,0.99942893854,0.00057106146049,0.116025272832,0.994828700711,0.883974727168,0.936131386861,0.930736937668,0.883403665708,0.879931389365,386,580,0,3,3,3
433,WLNM_dir_neg_kfold,0.80225401308,0.472691550599,00:00:12,10,66.6666666667,9,15354,threshold_sweep,0.1,0.94019138756,0.677586206897,0.787575150301,393,25,187,1135,0.677586206897,0.978448275862,0.0215517241379,0.322413793103,0.94019138756,0.677586206897,0.787575150301,0.87816091954,0.586590038314,0.705282669138,0.723878687827,0.656034482759,1779,1199,580,0,1779,0,1199,0,580,126,1741,0.11053968254,3.35021095487,27.6349206349,14.6302521008,14.7542372881,19.3405700742,0.69985980165,0.389650173682,15.6125082129,1.12991156509,0.578854517108,9.15239928644,0.662379270587,0.377355652198,1.19779027155,0.357526820756,4.34256606628,3.35021095487,1.19779027155,4.34256606628,0.507119835952,0.563909424838,12128,0.0372596006144,0.110016681489,126,126,126,1,0,0.0555555555556,0.880952380952,0.0634920634921,126,0.0737142857143,3.00332674727,18.4285714286,10.5545454545,9.92307692308,13.5253412949,0.733933248559,0.407161314138,10.6910109104,1.16026474996,0.594226378464,6.44435522653,0.699387388926,0.393947472759,1.13778591947,0.378841869437,3.97191603983,3.00332674727,1.13778591947,3.97191603983,0.394293498746,0.396355579073,3995,0.0122734254992,0.0730085770453,126,126,126,1,0,0.126984126984,0.801587301587,0.0714285714286,126,1579,0.100253968254,6.72666359436,25.0634920635,12.632,13.4957264957,17.2556059444,0.68847572799,0.386365692572,13.4340978159,1.0720052722,0.55181097138,9.08773811941,0.725177329351,0.409516772721,1.73048813216,0.257258016234,7.94576031452,6.72666359436,1.73048813216,7.94576031452,0.455628134914,0.513656518985,9190,0.0282334869432,0.102323000895,126,126,126,1,0,0.00793650793651,0.920634920635,0.0714285714286,-162,-0.0102857142857,3.3764526395,-2.57142857143,-1.99825210084,-1.25851079241,-2.08496412978,-0.0113840736597,-0.00328448111019,-2.17841039702,-0.0579062928942,-0.0270435457281,-0.0646611670288,0.0627980587647,0.0321611205236,0.532697860605,-0.100268804522,3.60319424825,3.3764526395,0.532697860605,3.60319424825,-0.0514917010378,-0.0502529058534,-2938,-0.00902611367127,-0.00769368059371,-0.047619047619,0.0396825396825,0.00793650793651,1554,25,187,13984,0.89259046525,0.998215432936,0.00178456706403,0.10740953475,0.984167194427,0.89259046525,0.936144578313,0.93002521439,0.890805898186,0.879954699887,418,580,0,3,3,3
434,WLNM_dir_neg_kfold,0.80225401308,0.472691550599,00:00:12,10,66.6666666667,9,15354,threshold_sweep,0.2,0.955990220049,0.674137931034,0.790697674419,391,18,189,1142,0.674137931034,0.984482758621,0.0155172413793,0.325862068966,0.955990220049,0.674137931034,0.790697674419,0.881034482759,0.588314176245,0.711028385295,0.732196551319,0.658620689655,1779,1199,580,0,1779,0,1199,0,580,126,1741,0.11053968254,3.35021095487,27.6349206349,14.6302521008,14.7542372881,19.3405700742,0.69985980165,0.389650173682,15.6125082129,1.12991156509,0.578854517108,9.15239928644,0.662379270587,0.377355652198,1.19779027155,0.357526820756,4.34256606628,3.35021095487,1.19779027155,4.34256606628,0.507119835952,0.563909424838,12128,0.0372596006144,0.110016681489,126,126,126,1,0,0.0555555555556,0.880952380952,0.0634920634921,126,0.0737142857143,3.00332674727,18.4285714286,10.5545454545,9.92307692308,13.5253412949,0.733933248559,0.407161314138,10.6910109104,1.16026474996,0.594226378464,6.44435522653,0.699387388926,0.393947472759,1.13778591947,0.378841869437,3.97191603983,3.00332674727,1.13778591947,3.97191603983,0.394293498746,0.396355579073,3995,0.0122734254992,0.0730085770453,126,126,126,1,0,0.126984126984,0.801587301587,0.0714285714286,126,1570,0.0996825396825,1,24.9206349206,12.6612903226,13.4188034188,17.3147812806,0.694796955844,0.389480335659,13.4881582397,1.08248913261,0.557982003842,9.05949296034,0.7270675879,0.410332625619,0,0,0,NaN,NaN,NaN,0.452629225821,0.515010119181,9161,0.0281443932412,0.102910279513,126,126,0,1,2,0.015873015873,0.912698412698,0.0714285714286,-171,-0.0108571428571,-2.35021095487,-2.71428571429,-1.96896177826,-1.33543386933,-2.0257887936,-0.00506284580567,-0.00016983802366,-2.12434997325,-0.0474224324828,-0.0208725132665,-0.0929063261013,0.0646883173131,0.0329769734216,-1.19779027155,-0.357526820756,-4.34256606628,NaN,NaN,NaN,-0.0544906101304,-0.048899305657,-2967,-0.00911520737327,-0.00710640197582,-0.0396825396825,0.031746031746,0.00793650793651,1552,18,189,13991,0.891441700172,0.998715111714,0.0012848882861,0.108558299828,0.988535031847,0.891441700172,0.937481123528,0.931711661368,0.890156811886,0.882319499716,409,580,0,3,3,3
435,WLNM_dir_neg_kfold,0.80225401308,0.472691550599,00:00:12,10,66.6666666667,9,15354,threshold_sweep,0.3,0.958333333333,0.674137931034,0.791497975709,391,17,189,1143,0.674137931034,0.985344827586,0.0146551724138,0.325862068966,0.958333333333,0.674137931034,0.791497975709,0.881609195402,0.588505747126,0.712290502793,0.733777250979,0.659482758621,1779,1199,580,0,1779,0,1199,0,580,126,1741,0.11053968254,3.35021095487,27.6349206349,14.6302521008,14.7542372881,19.3405700742,0.69985980165,0.389650173682,15.6125082129,1.12991156509,0.578854517108,9.15239928644,0.662379270587,0.377355652198,1.19779027155,0.357526820756,4.34256606628,3.35021095487,1.19779027155,4.34256606628,0.507119835952,0.563909424838,12128,0.0372596006144,0.110016681489,126,126,126,1,0,0.0555555555556,0.880952380952,0.0634920634921,126,0.0737142857143,3.00332674727,18.4285714286,10.5545454545,9.92307692308,13.5253412949,0.733933248559,0.407161314138,10.6910109104,1.16026474996,0.594226378464,6.44435522653,0.699387388926,0.393947472759,1.13778591947,0.378841869437,3.97191603983,3.00332674727,1.13778591947,3.97191603983,0.394293498746,0.396355579073,3995,0.0122734254992,0.0730085770453,126,126,126,1,0,0.126984126984,0.801587301587,0.0714285714286,126,1569,0.099619047619,1,24.9047619048,12.6532258065,13.4102564103,17.3091552984,0.695013883873,0.389561645776,13.4928764274,1.08355795402,0.558433741034,9.06916282166,0.728307530611,0.411074691189,0,0,0,NaN,NaN,NaN,0.452629225821,0.515010119181,9161,0.0281443932412,0.10336111623,126,126,0,1,2,0.015873015873,0.912698412698,0.0714285714286,-172,-0.0109206349206,-2.35021095487,-2.73015873016,-1.97702629439,-1.34398087788,-2.0314147758,-0.00484591777673,-8.85279065443e-05,-2.11963178549,-0.0463536110747,-0.0204207760743,-0.0832364647828,0.0659282600244,0.0337190389917,-1.19779027155,-0.357526820756,-4.34256606628,NaN,NaN,NaN,-0.0544906101304,-0.048899305657,-2967,-0.00911520737327,-0.00665556525827,-0.0396825396825,0.031746031746,0.00793650793651,1552,17,189,13992,0.891441700172,0.998786494396,0.00121350560354,0.108558299828,0.989165073295,0.891441700172,0.937764350453,0.932050401083,0.890228194569,0.882821387941,408,580,0,3,3,3
436,WLNM_dir_neg_kfold,0.80225401308,0.472691550599,00:00:12,10,66.6666666667,9,15354,threshold_sweep,0.4,0.981958762887,0.656896551724,0.787190082645,381,7,199,1153,0.656896551724,0.993965517241,0.00603448275862,0.343103448276,0.981958762887,0.656896551724,0.787190082645,0.881609195402,0.592337164751,0.709586466165,0.737102264111,0.650862068966,1779,1199,580,0,1779,0,1199,0,580,126,1741,0.11053968254,3.35021095487,27.6349206349,14.6302521008,14.7542372881,19.3405700742,0.69985980165,0.389650173682,15.6125082129,1.12991156509,0.578854517108,9.15239928644,0.662379270587,0.377355652198,1.19779027155,0.357526820756,4.34256606628,3.35021095487,1.19779027155,4.34256606628,0.507119835952,0.563909424838,12128,0.0372596006144,0.110016681489,126,126,126,1,0,0.0555555555556,0.880952380952,0.0634920634921,126,0.0737142857143,3.00332674727,18.4285714286,10.5545454545,9.92307692308,13.5253412949,0.733933248559,0.407161314138,10.6910109104,1.16026474996,0.594226378464,6.44435522653,0.699387388926,0.393947472759,1.13778591947,0.378841869437,3.97191603983,3.00332674727,1.13778591947,3.97191603983,0.394293498746,0.396355579073,3995,0.0122734254992,0.0730085770453,126,126,126,1,0,0.126984126984,0.801587301587,0.0714285714286,126,1549,0.0983492063492,3.01511896792,24.5873015873,14.0818181818,13.2393162393,17.4049509468,0.707883737668,0.396041480935,13.62002494,1.10789098931,0.574190209762,8.88600469081,0.722812518426,0.408358695318,1.15884526873,0.384344790722,4.0541112283,3.01511896792,1.15884526873,4.0541112283,0.470598716517,0.519982524788,9125,0.0280337941628,0.112707322648,126,126,126,1,0,0.126984126984,0.801587301587,0.0714285714286,-192,-0.0121904761905,-0.335091986944,-3.04761904762,-0.548433919022,-1.51492104882,-1.93561912737,0.00802393601838,0.00639130725262,-1.99248327296,-0.0220205757876,-0.00466430734685,-0.26639459563,0.0604332478394,0.0310030431203,-0.0389450028263,0.0268179699663,-0.288454837972,-0.335091986944,-0.0389450028263,-0.288454837972,-0.0365211194347,-0.0439269000502,-3003,-0.00922580645161,0.00269064115919,0.0714285714286,-0.0793650793651,0.00793650793651,1542,7,199,14002,0.885697874785,0.999500321222,0.000499678777928,0.114302125215,0.995480955455,0.885697874785,0.937386018237,0.932090970427,0.885198196007,0.882151029748,388,580,0,3,3,3
437,WLNM_dir_neg_kfold,0.80225401308,0.472691550599,00:00:12,10,66.6666666667,9,15354,threshold_sweep,0.5,0.981958762887,0.656896551724,0.787190082645,381,7,199,1153,0.656896551724,0.993965517241,0.00603448275862,0.343103448276,0.981958762887,0.656896551724,0.787190082645,0.881609195402,0.592337164751,0.709586466165,0.737102264111,0.650862068966,1779,1199,580,0,1779,0,1199,0,580,126,1741,0.11053968254,3.35021095487,27.6349206349,14.6302521008,14.7542372881,19.3405700742,0.69985980165,0.389650173682,15.6125082129,1.12991156509,0.578854517108,9.15239928644,0.662379270587,0.377355652198,1.19779027155,0.357526820756,4.34256606628,3.35021095487,1.19779027155,4.34256606628,0.507119835952,0.563909424838,12128,0.0372596006144,0.110016681489,126,126,126,1,0,0.0555555555556,0.880952380952,0.0634920634921,126,0.0737142857143,3.00332674727,18.4285714286,10.5545454545,9.92307692308,13.5253412949,0.733933248559,0.407161314138,10.6910109104,1.16026474996,0.594226378464,6.44435522653,0.699387388926,0.393947472759,1.13778591947,0.378841869437,3.97191603983,3.00332674727,1.13778591947,3.97191603983,0.394293498746,0.396355579073,3995,0.0122734254992,0.0730085770453,126,126,126,1,0,0.126984126984,0.801587301587,0.0714285714286,126,1549,0.0983492063492,3.01511896792,24.5873015873,14.0818181818,13.2393162393,17.4049509468,0.707883737668,0.396041480935,13.62002494,1.10789098931,0.574190209762,8.88600469081,0.722812518426,0.408358695318,1.15884526873,0.384344790722,4.0541112283,3.01511896792,1.15884526873,4.0541112283,0.470598716517,0.519982524788,9125,0.0280337941628,0.112707322648,126,126,126,1,0,0.126984126984,0.801587301587,0.0714285714286,-192,-0.0121904761905,-0.335091986944,-3.04761904762,-0.548433919022,-1.51492104882,-1.93561912737,0.00802393601838,0.00639130725262,-1.99248327296,-0.0220205757876,-0.00466430734685,-0.26639459563,0.0604332478394,0.0310030431203,-0.0389450028263,0.0268179699663,-0.288454837972,-0.335091986944,-0.0389450028263,-0.288454837972,-0.0365211194347,-0.0439269000502,-3003,-0.00922580645161,0.00269064115919,0.0714285714286,-0.0793650793651,0.00793650793651,1542,7,199,14002,0.885697874785,0.999500321222,0.000499678777928,0.114302125215,0.995480955455,0.885697874785,0.937386018237,0.932090970427,0.885198196007,0.882151029748,388,580,0,3,3,3
438,WLNM_dir_neg_kfold,0.80225401308,0.472691550599,00:00:12,10,66.6666666667,9,15354,threshold_sweep,0.6,0.987046632124,0.656896551724,0.788819875776,381,5,199,1155,0.656896551724,0.995689655172,0.00431034482759,0.343103448276,0.987046632124,0.656896551724,0.788819875776,0.88275862069,0.592720306513,0.712135465663,0.740419583818,0.652586206897,1779,1199,580,0,1779,0,1199,0,580,126,1741,0.11053968254,3.35021095487,27.6349206349,14.6302521008,14.7542372881,19.3405700742,0.69985980165,0.389650173682,15.6125082129,1.12991156509,0.578854517108,9.15239928644,0.662379270587,0.377355652198,1.19779027155,0.357526820756,4.34256606628,3.35021095487,1.19779027155,4.34256606628,0.507119835952,0.563909424838,12128,0.0372596006144,0.110016681489,126,126,126,1,0,0.0555555555556,0.880952380952,0.0634920634921,126,0.0737142857143,3.00332674727,18.4285714286,10.5545454545,9.92307692308,13.5253412949,0.733933248559,0.407161314138,10.6910109104,1.16026474996,0.594226378464,6.44435522653,0.699387388926,0.393947472759,1.13778591947,0.378841869437,3.97191603983,3.00332674727,1.13778591947,3.97191603983,0.394293498746,0.396355579073,3995,0.0122734254992,0.0730085770453,126,126,126,1,0,0.126984126984,0.801587301587,0.0714285714286,126,1547,0.0982222222222,3.01634997724,24.5555555556,14.0636363636,13.2222222222,17.4046226299,0.708785536964,0.396553493192,13.6009640181,1.10777082501,0.574080914417,8.89641625725,0.724594989278,0.409307312669,1.16070462666,0.38480436137,4.05839039187,3.01634997724,1.16070462666,4.05839039187,0.470333169509,0.520351658389,9115,0.0280030721966,0.112760709889,126,126,126,1,0,0.126984126984,0.801587301587,0.0714285714286,-194,-0.0123174603175,-0.333860977624,-3.07936507937,-0.566615737204,-1.53201506591,-1.93594744427,0.00892573531404,0.00690331950981,-2.0115441948,-0.0221407400881,-0.00477360269135,-0.255983029191,0.0622157186915,0.031951660471,-0.0370856448933,0.0272775406142,-0.28417567441,-0.333860977624,-0.0370856448933,-0.28417567441,-0.0367866664423,-0.0435577664494,-3013,-0.00925652841782,0.00274402840012,0.0714285714286,-0.0793650793651,0.00793650793651,1542,5,199,14004,0.885697874785,0.999643086587,0.000356913412806,0.114302125215,0.996767937944,0.885697874785,0.93795620438,0.932778034738,0.885340961372,0.883161512027,386,580,0,3,3,3
439,WLNM_dir_neg_kfold,0.80225401308,0.472691550599,00:00:12,10,66.6666666667,9,15354,threshold_sweep,0.7,0.987012987013,0.655172413793,0.787564766839,380,5,200,1155,0.655172413793,0.995689655172,0.00431034482759,0.344827586207,0.987012987013,0.655172413793,0.787564766839,0.882183908046,0.592911877395,0.710588235294,0.739148911087,0.650862068966,1779,1199,580,0,1779,0,1199,0,580,126,1741,0.11053968254,3.35021095487,27.6349206349,14.6302521008,14.7542372881,19.3405700742,0.69985980165,0.389650173682,15.6125082129,1.12991156509,0.578854517108,9.15239928644,0.662379270587,0.377355652198,1.19779027155,0.357526820756,4.34256606628,3.35021095487,1.19779027155,4.34256606628,0.507119835952,0.563909424838,12128,0.0372596006144,0.110016681489,126,126,126,1,0,0.0555555555556,0.880952380952,0.0634920634921,126,0.0737142857143,3.00332674727,18.4285714286,10.5545454545,9.92307692308,13.5253412949,0.733933248559,0.407161314138,10.6910109104,1.16026474996,0.594226378464,6.44435522653,0.699387388926,0.393947472759,1.13778591947,0.378841869437,3.97191603983,3.00332674727,1.13778591947,3.97191603983,0.394293498746,0.396355579073,3995,0.0122734254992,0.0730085770453,126,126,126,1,0,0.126984126984,0.801587301587,0.0714285714286,126,1546,0.0981587301587,3.01623109835,24.5396825397,14.0545454545,13.2136752137,17.3908715336,0.708683639468,0.396491714409,13.5937707489,1.1079011089,0.574128832214,8.8881158394,0.724387190016,0.409125444054,1.16051472109,0.384756566473,4.05797699809,3.01623109835,1.16051472109,4.05797699809,0.470077922673,0.519618866127,9089,0.0279231950845,0.11267869347,126,126,126,1,0,0.126984126984,0.801587301587,0.0714285714286,-195,-0.012380952381,-0.333979856516,-3.09523809524,-0.575706646295,-1.54056207446,-1.94969854056,0.00882383781798,0.00684154072658,-2.01873746398,-0.0220104561892,-0.00472568489418,-0.264283447039,0.0620079194292,0.0317697918566,-0.0372755504625,0.0272297457178,-0.284589068191,-0.333979856516,-0.0372755504625,-0.284589068191,-0.0370419132788,-0.0442905587117,-3039,-0.00933640552995,0.00266201198181,0.0714285714286,-0.0793650793651,0.00793650793651,1541,5,200,14004,0.885123492246,0.999643086587,0.000356913412806,0.114876507754,0.996765847348,0.885123492246,0.937633100091,0.932441481724,0.884766578833,0.882588774341,385,580,0,3,3,3
440,WLNM_dir_neg_kfold,0.80225401308,0.472691550599,00:00:12,10,66.6666666667,9,15354,threshold_sweep,0.8,0.989528795812,0.651724137931,0.785862785863,378,4,202,1156,0.651724137931,0.996551724138,0.00344827586207,0.348275862069,0.989528795812,0.651724137931,0.785862785863,0.881609195402,0.593486590038,0.70876531574,0.738280293725,0.648275862069,1779,1199,580,0,1779,0,1199,0,580,126,1741,0.11053968254,3.35021095487,27.6349206349,14.6302521008,14.7542372881,19.3405700742,0.69985980165,0.389650173682,15.6125082129,1.12991156509,0.578854517108,9.15239928644,0.662379270587,0.377355652198,1.19779027155,0.357526820756,4.34256606628,3.35021095487,1.19779027155,4.34256606628,0.507119835952,0.563909424838,12128,0.0372596006144,0.110016681489,126,126,126,1,0,0.0555555555556,0.880952380952,0.0634920634921,126,0.0737142857143,3.00332674727,18.4285714286,10.5545454545,9.92307692308,13.5253412949,0.733933248559,0.407161314138,10.6910109104,1.16026474996,0.594226378464,6.44435522653,0.699387388926,0.393947472759,1.13778591947,0.378841869437,3.97191603983,3.00332674727,1.13778591947,3.97191603983,0.394293498746,0.396355579073,3995,0.0122734254992,0.0730085770453,126,126,126,1,0,0.126984126984,0.801587301587,0.0714285714286,126,1543,0.0979682539683,3.01604015641,24.4920634921,14.0272727273,13.188034188,17.3540755014,0.708559142312,0.396398481622,13.582156829,1.10910677929,0.574406690739,8.86763689643,0.724123298089,0.409267660402,1.15992626675,0.384585816699,4.05658795851,3.01604015641,1.15992626675,4.05658795851,0.46958949422,0.519488708013,9063,0.0278433179724,0.112162233382,126,126,126,1,0,0.126984126984,0.801587301587,0.0714285714286,-198,-0.0125714285714,-0.33417079846,-3.14285714286,-0.602979373568,-1.5662031001,-1.98649457277,0.00869934066227,0.00674830793973,-2.03035138394,-0.0208047857989,-0.00444782636988,-0.284762390006,0.0617440275019,0.0319120082041,-0.037864004804,0.0270589959439,-0.285978107772,-0.33417079846,-0.037864004804,-0.285978107772,-0.037530341732,-0.0444207168251,-3065,-0.00941628264209,0.00214555189371,0.0714285714286,-0.0793650793651,0.00793650793651,1539,4,202,14005,0.883974727168,0.99971446927,0.000285530730245,0.116025272832,0.99740764744,0.883974727168,0.937271619976,0.932112528789,0.883689196438,0.881948424069,382,580,0,3,3,3
441,WLNM_dir_neg_kfold,0.80225401308,0.472691550599,00:00:12,10,66.6666666667,9,15354,threshold_sweep,0.9,0.989389920424,0.643103448276,0.779519331243,373,4,207,1156,0.643103448276,0.996551724138,0.00344827586207,0.356896551724,0.989389920424,0.643103448276,0.779519331243,0.878735632184,0.594444444444,0.700991969769,0.731931274528,0.639655172414,1779,1199,580,0,1779,0,1199,0,580,126,1741,0.11053968254,3.35021095487,27.6349206349,14.6302521008,14.7542372881,19.3405700742,0.69985980165,0.389650173682,15.6125082129,1.12991156509,0.578854517108,9.15239928644,0.662379270587,0.377355652198,1.19779027155,0.357526820756,4.34256606628,3.35021095487,1.19779027155,4.34256606628,0.507119835952,0.563909424838,12128,0.0372596006144,0.110016681489,126,126,126,1,0,0.0555555555556,0.880952380952,0.0634920634921,126,0.0737142857143,3.00332674727,18.4285714286,10.5545454545,9.92307692308,13.5253412949,0.733933248559,0.407161314138,10.6910109104,1.16026474996,0.594226378464,6.44435522653,0.699387388926,0.393947472759,1.13778591947,0.378841869437,3.97191603983,3.00332674727,1.13778591947,3.97191603983,0.394293498746,0.396355579073,3995,0.0122734254992,0.0730085770453,126,126,126,1,0,0.126984126984,0.801587301587,0.0714285714286,126,1538,0.0976507936508,3.03498157801,24.4126984127,13.9818181818,13.1452991453,17.3589261609,0.711061344693,0.397542675501,13.5837063928,1.11283940539,0.576258591863,8.84562487137,0.724674079189,0.409313270172,1.16866466996,0.385064831506,4.0738059338,3.03498157801,1.16866466996,4.0738059338,0.471078349754,0.519121174326,9018,0.0277050691244,0.11050609238,126,126,126,1,0,0.126984126984,0.801587301587,0.0714285714286,-203,-0.0128888888889,-0.315229376853,-3.22222222222,-0.648433919022,-1.60893814284,-1.98164391324,0.0112015430433,0.00789250181872,-2.02880182014,-0.0170721597036,-0.00259592524512,-0.306774415065,0.0622948086027,0.0319576179738,-0.0291256015929,0.0275380107503,-0.268760132476,-0.315229376853,-0.0291256015929,-0.268760132476,-0.0360414861973,-0.0447882505124,-3110,-0.00955453149002,0.000489410891023,0.0714285714286,-0.0793650793651,0.00793650793651,1534,4,207,14005,0.881102814474,0.99971446927,0.000285530730245,0.118897185526,0.997399219766,0.881102814474,0.935651113144,0.930428519681,0.880817283744,0.879083094556,377,580,0,3,3,3
442,WLNM_dir_neg_kfold,0.872359542212,0.462726994098,00:00:13,10,66.6666666667,10,15355,threshold_sweep,0.1,0.910344827586,0.68275862069,0.780295566502,396,39,184,1121,0.68275862069,0.966379310345,0.0336206896552,0.31724137931,0.910344827586,0.68275862069,0.780295566502,0.87183908046,0.583333333333,0.692413793103,0.70669186832,0.649137931034,1779,1199,580,0,1779,0,1199,0,580,126,1741,0.11053968254,3.35021095487,27.6349206349,14.6302521008,14.7542372881,19.3405700742,0.69985980165,0.389650173682,15.6125082129,1.12991156509,0.578854517108,9.15239928644,0.662379270587,0.377355652198,1.19779027155,0.357526820756,4.34256606628,3.35021095487,1.19779027155,4.34256606628,0.507119835952,0.563909424838,12128,0.0372596006144,0.110016681489,126,126,126,1,0,0.0555555555556,0.880952380952,0.0634920634921,126,0.0737142857143,3.00332674727,18.4285714286,10.5545454545,9.92307692308,13.5253412949,0.733933248559,0.407161314138,10.6910109104,1.16026474996,0.594226378464,6.44435522653,0.699387388926,0.393947472759,1.13778591947,0.378841869437,3.97191603983,3.00332674727,1.13778591947,3.97191603983,0.394293498746,0.396355579073,3995,0.0122734254992,0.0730085770453,126,126,126,1,0,0.126984126984,0.801587301587,0.0714285714286,126,1596,0.101333333333,NaN,25.3333333333,12.6666666667,13.4117647059,17.3657133456,0.685488684693,0.385432828102,13.4592718971,1.06257409714,0.547062099694,9.17910671035,0.724666319238,0.408620758245,NaN,NaN,NaN,NaN,NaN,NaN,0.459419722913,0.515944761799,9303,0.0285806451613,0.103537697945,126,126,0,1,2,0,0.944444444444,0.0555555555556,-145,-0.00920634920635,NaN,-2.30158730159,-1.96358543417,-1.34247258225,-1.97485672861,-0.0143711169568,-0.00421734558034,-2.15323631582,-0.0673374679541,-0.0317924174147,0.0267074239112,0.0622870486516,0.0312651060471,NaN,NaN,NaN,NaN,NaN,NaN,-0.0477001130383,-0.0479646630393,-2825,-0.00867895545315,-0.0064789835441,-0.0555555555556,0.0634920634921,-0.00793650793651,1557,39,184,13970,0.894313612866,0.99721607538,0.00278392461989,0.105686387134,0.975563909774,0.894313612866,0.93317350914,0.926366249587,0.891529688246,0.874719101124,435,580,0,3,3,3
443,WLNM_dir_neg_kfold,0.872359542212,0.462726994098,00:00:13,10,66.6666666667,10,15355,threshold_sweep,0.2,0.924882629108,0.679310344828,0.783300198807,394,32,186,1128,0.679310344828,0.972413793103,0.0275862068966,0.320689655172,0.924882629108,0.679310344828,0.783300198807,0.874712643678,0.585057471264,0.698060941828,0.714503425932,0.651724137931,1779,1199,580,0,1779,0,1199,0,580,126,1741,0.11053968254,3.35021095487,27.6349206349,14.6302521008,14.7542372881,19.3405700742,0.69985980165,0.389650173682,15.6125082129,1.12991156509,0.578854517108,9.15239928644,0.662379270587,0.377355652198,1.19779027155,0.357526820756,4.34256606628,3.35021095487,1.19779027155,4.34256606628,0.507119835952,0.563909424838,12128,0.0372596006144,0.110016681489,126,126,126,1,0,0.0555555555556,0.880952380952,0.0634920634921,126,0.0737142857143,3.00332674727,18.4285714286,10.5545454545,9.92307692308,13.5253412949,0.733933248559,0.407161314138,10.6910109104,1.16026474996,0.594226378464,6.44435522653,0.699387388926,0.393947472759,1.13778591947,0.378841869437,3.97191603983,3.00332674727,1.13778591947,3.97191603983,0.394293498746,0.396355579073,3995,0.0122734254992,0.0730085770453,126,126,126,1,0,0.126984126984,0.801587301587,0.0714285714286,126,1587,0.100761904762,5.37803043624,25.1904761905,12.9024390244,13.3361344538,17.3959601221,0.690576866853,0.387728668447,13.5127664504,1.07284724181,0.553240115622,9.11190743713,0.723440666086,0.408102539483,1.53753920658,0.28589261902,6.66216923012,5.37803043624,1.53753920658,6.66216923012,0.45464624564,0.516592879199,9257,0.0284393241167,0.104214740361,126,126,126,1,0,0.0238095238095,0.920634920635,0.0555555555556,-154,-0.00977777777778,2.02781948137,-2.44444444444,-1.72781307645,-1.41810283435,-1.94460995201,-0.00928293479699,-0.00192150523533,-2.09974176252,-0.0570643232853,-0.0256144014864,-0.0404918493074,0.0610613954994,0.0307468872848,0.339748935031,-0.0716342017356,2.31960316385,2.02781948137,0.339748935031,2.31960316385,-0.0524735903114,-0.047316545639,-2871,-0.0088202764977,-0.0058019411275,-0.031746031746,0.0396825396825,-0.00793650793651,1555,32,186,13977,0.893164847789,0.997715754158,0.00228424584196,0.106835152211,0.979836168872,0.893164847789,0.934495192308,0.928017925206,0.890880601947,0.877044557248,426,580,0,3,3,3
444,WLNM_dir_neg_kfold,0.872359542212,0.462726994098,00:00:13,10,66.6666666667,10,15355,threshold_sweep,0.3,0.926365795724,0.672413793103,0.779220779221,390,31,190,1129,0.672413793103,0.973275862069,0.026724137931,0.327586206897,0.926365795724,0.672413793103,0.779220779221,0.872988505747,0.58601532567,0.693197593707,0.710727916266,0.645689655172,1779,1199,580,0,1779,0,1199,0,580,126,1741,0.11053968254,3.35021095487,27.6349206349,14.6302521008,14.7542372881,19.3405700742,0.69985980165,0.389650173682,15.6125082129,1.12991156509,0.578854517108,9.15239928644,0.662379270587,0.377355652198,1.19779027155,0.357526820756,4.34256606628,3.35021095487,1.19779027155,4.34256606628,0.507119835952,0.563909424838,12128,0.0372596006144,0.110016681489,126,126,126,1,0,0.0555555555556,0.880952380952,0.0634920634921,126,0.0737142857143,3.00332674727,18.4285714286,10.5545454545,9.92307692308,13.5253412949,0.733933248559,0.407161314138,10.6910109104,1.16026474996,0.594226378464,6.44435522653,0.699387388926,0.393947472759,1.13778591947,0.378841869437,3.97191603983,3.00332674727,1.13778591947,3.97191603983,0.394293498746,0.396355579073,3995,0.0122734254992,0.0730085770453,126,126,126,1,0,0.126984126984,0.801587301587,0.0714285714286,126,1582,0.100444444444,5.4743601373,25.1111111111,13.2941176471,13.2941176471,17.4343211957,0.694287127263,0.389636385528,13.547873962,1.07903420936,0.557752894668,9.06382308349,0.72189741373,0.407119780065,1.64529671332,0.300545939992,6.80931359324,5.4743601373,1.64529671332,6.80931359324,0.4623119831,0.517884130982,9252,0.0284239631336,0.105337971483,126,126,126,1,0,0.0555555555556,0.888888888889,0.0555555555556,-159,-0.0100952380952,2.12414918243,-2.52380952381,-1.33613445378,-1.46011964108,-1.90624887844,-0.00557267438661,-1.37881546769e-05,-2.06463425097,-0.0508773557345,-0.0211016224402,-0.0885762029446,0.059518143143,0.0297641278677,0.447506441767,-0.0569808807631,2.46674752696,2.12414918243,0.447506441767,2.46674752696,-0.0448078528513,-0.0460252938561,-2876,-0.0088356374808,-0.00467871000533,0,0.00793650793651,-0.00793650793651,1551,31,190,13978,0.890867317634,0.997787136841,0.0022128631594,0.109132682366,0.980404551201,0.890867317634,0.933493830876,0.926997070541,0.888654454474,0.875282167043,421,580,0,3,3,3
445,WLNM_dir_neg_kfold,0.872359542212,0.462726994098,00:00:13,10,66.6666666667,10,15355,threshold_sweep,0.4,0.964912280702,0.663793103448,0.786516853933,385,14,195,1146,0.663793103448,0.987931034483,0.0120689655172,0.336206896552,0.964912280702,0.663793103448,0.786516853933,0.879885057471,0.590229885057,0.706872370266,0.730812489692,0.651724137931,1779,1199,580,0,1779,0,1199,0,580,126,1741,0.11053968254,3.35021095487,27.6349206349,14.6302521008,14.7542372881,19.3405700742,0.69985980165,0.389650173682,15.6125082129,1.12991156509,0.578854517108,9.15239928644,0.662379270587,0.377355652198,1.19779027155,0.357526820756,4.34256606628,3.35021095487,1.19779027155,4.34256606628,0.507119835952,0.563909424838,12128,0.0372596006144,0.110016681489,126,126,126,1,0,0.0555555555556,0.880952380952,0.0634920634921,126,0.0737142857143,3.00332674727,18.4285714286,10.5545454545,9.92307692308,13.5253412949,0.733933248559,0.407161314138,10.6910109104,1.16026474996,0.594226378464,6.44435522653,0.699387388926,0.393947472759,1.13778591947,0.378841869437,3.97191603983,3.00332674727,1.13778591947,3.97191603983,0.394293498746,0.396355579073,3995,0.0122734254992,0.0730085770453,126,126,126,1,0,0.126984126984,0.801587301587,0.0714285714286,126,1560,0.0990476190476,3.03990890845,24.7619047619,14.1818181818,13.3333333333,17.5405489408,0.708368322607,0.396576109076,13.6673960316,1.10390506409,0.573534798535,8.94503852902,0.72248388119,0.407997557998,1.16733901176,0.384004602412,4.0898200046,3.03990890845,1.16733901176,4.0898200046,0.474335799674,0.522306731752,9202,0.0282703533026,0.111952424224,126,126,126,1,0,0.126984126984,0.801587301587,0.0714285714286,-181,-0.0114920634921,-0.310302046418,-2.87301587302,-0.448433919022,-1.4209039548,-1.80002113341,0.0085085209574,0.00692593539377,-1.94511218128,-0.0260065009993,-0.0053197185736,-0.207360757416,0.0601046106037,0.0306419057999,-0.0304512597974,0.0264777816562,-0.252746061678,-0.310302046418,-0.0304512597974,-0.252746061678,-0.0327840362774,-0.0416026930868,-2926,-0.00898924731183,0.00193574273586,0.0714285714286,-0.0793650793651,0.00793650793651,1546,14,195,13995,0.88799540494,0.999000642444,0.000999357555857,0.11200459506,0.991025641026,0.88799540494,0.936685852772,0.931046004773,0.886996047384,0.880911680912,399,580,0,3,3,3
446,WLNM_dir_neg_kfold,0.872359542212,0.462726994098,00:00:13,10,66.6666666667,10,15355,threshold_sweep,0.5,0.967171717172,0.660344827586,0.784836065574,383,13,197,1147,0.660344827586,0.988793103448,0.0112068965517,0.339655172414,0.967171717172,0.660344827586,0.784836065574,0.879310344828,0.590804597701,0.705056179775,0.729848552531,0.649137931034,1779,1199,580,0,1779,0,1199,0,580,126,1741,0.11053968254,3.35021095487,27.6349206349,14.6302521008,14.7542372881,19.3405700742,0.69985980165,0.389650173682,15.6125082129,1.12991156509,0.578854517108,9.15239928644,0.662379270587,0.377355652198,1.19779027155,0.357526820756,4.34256606628,3.35021095487,1.19779027155,4.34256606628,0.507119835952,0.563909424838,12128,0.0372596006144,0.110016681489,126,126,126,1,0,0.0555555555556,0.880952380952,0.0634920634921,126,0.0737142857143,3.00332674727,18.4285714286,10.5545454545,9.92307692308,13.5253412949,0.733933248559,0.407161314138,10.6910109104,1.16026474996,0.594226378464,6.44435522653,0.699387388926,0.393947472759,1.13778591947,0.378841869437,3.97191603983,3.00332674727,1.13778591947,3.97191603983,0.394293498746,0.396355579073,3995,0.0122734254992,0.0730085770453,126,126,126,1,0,0.126984126984,0.801587301587,0.0714285714286,126,1557,0.0988571428571,3.03186856293,24.7142857143,14.1545454545,13.3076923077,17.5247743006,0.709094913896,0.396805007595,13.6601401373,1.1054448666,0.573921154846,8.91422619028,0.721382466265,0.407473672406,1.16335101464,0.383707601598,4.0806400879,3.03186856293,1.16335101464,4.0806400879,0.473890985769,0.522152078712,9181,0.0282058371736,0.111814873639,126,126,126,1,0,0.126984126984,0.801587301587,0.0714285714286,-184,-0.0116825396825,-0.318342391938,-2.92063492063,-0.475706646295,-1.44654498044,-1.8157957736,0.00923511224584,0.00715483391265,-1.95236807559,-0.0244666984888,-0.00493336226238,-0.238173096162,0.0590031956786,0.0301180202085,-0.0344392569114,0.0261807808427,-0.261925978373,-0.318342391938,-0.0344392569114,-0.261925978373,-0.0332288501829,-0.041757346126,-2947,-0.00905376344086,0.0017981921508,0.0714285714286,-0.0793650793651,0.00793650793651,1544,13,197,13996,0.886846639862,0.999072025127,0.000927974873296,0.113153360138,0.991650610148,0.886846639862,0.936325045482,0.930712179571,0.885918664989,0.880273660205,396,580,0,3,3,3
447,WLNM_dir_neg_kfold,0.872359542212,0.462726994098,00:00:13,10,66.6666666667,10,15355,threshold_sweep,0.6,0.969620253165,0.660344827586,0.785641025641,383,12,197,1148,0.660344827586,0.989655172414,0.0103448275862,0.339655172414,0.969620253165,0.660344827586,0.785641025641,0.879885057471,0.590996168582,0.706323185012,0.731470234248,0.65,1779,1199,580,0,1779,0,1199,0,580,126,1741,0.11053968254,3.35021095487,27.6349206349,14.6302521008,14.7542372881,19.3405700742,0.69985980165,0.389650173682,15.6125082129,1.12991156509,0.578854517108,9.15239928644,0.662379270587,0.377355652198,1.19779027155,0.357526820756,4.34256606628,3.35021095487,1.19779027155,4.34256606628,0.507119835952,0.563909424838,12128,0.0372596006144,0.110016681489,126,126,126,1,0,0.0555555555556,0.880952380952,0.0634920634921,126,0.0737142857143,3.00332674727,18.4285714286,10.5545454545,9.92307692308,13.5253412949,0.733933248559,0.407161314138,10.6910109104,1.16026474996,0.594226378464,6.44435522653,0.699387388926,0.393947472759,1.13778591947,0.378841869437,3.97191603983,3.00332674727,1.13778591947,3.97191603983,0.394293498746,0.396355579073,3995,0.0122734254992,0.0730085770453,126,126,126,1,0,0.126984126984,0.801587301587,0.0714285714286,126,1556,0.0987936507937,3.02854850993,24.6984126984,14.1454545455,13.2991452991,17.5199405667,0.709354920117,0.396881503244,13.664153079,1.10648026218,0.574264495858,8.90062241448,0.720744488576,0.407179581344,1.16181065886,0.383619630014,4.07605659894,3.02854850993,1.16181065886,4.07605659894,0.473387385057,0.522043612761,9169,0.0281689708141,0.111731766007,126,126,126,1,0,0.126984126984,0.801587301587,0.0714285714286,-185,-0.011746031746,-0.321662444932,-2.93650793651,-0.484797555386,-1.45509198899,-1.82062950747,0.00949511846677,0.00723132956163,-1.94835513396,-0.0234313029159,-0.00459002125007,-0.251776871963,0.0583652179892,0.0298239291464,-0.0359796126947,0.0260928092581,-0.266509467333,-0.321662444932,-0.0359796126947,-0.266509467333,-0.0337324508953,-0.0418658120772,-2959,-0.00909062980031,0.00171508451884,0.0714285714286,-0.0793650793651,0.00793650793651,1544,12,197,13997,0.886846639862,0.999143407809,0.000856592190735,0.113153360138,0.992287917738,0.886846639862,0.93660903852,0.931053420412,0.885990047671,0.880775812892,395,580,0,3,3,3
448,WLNM_dir_neg_kfold,0.872359542212,0.462726994098,00:00:13,10,66.6666666667,10,15355,threshold_sweep,0.7,0.972081218274,0.660344827586,0.786447638604,383,11,197,1149,0.660344827586,0.990517241379,0.00948275862069,0.339655172414,0.972081218274,0.660344827586,0.786447638604,0.880459770115,0.591187739464,0.707591377694,0.733096781676,0.650862068966,1779,1199,580,0,1779,0,1199,0,580,126,1741,0.11053968254,3.35021095487,27.6349206349,14.6302521008,14.7542372881,19.3405700742,0.69985980165,0.389650173682,15.6125082129,1.12991156509,0.578854517108,9.15239928644,0.662379270587,0.377355652198,1.19779027155,0.357526820756,4.34256606628,3.35021095487,1.19779027155,4.34256606628,0.507119835952,0.563909424838,12128,0.0372596006144,0.110016681489,126,126,126,1,0,0.0555555555556,0.880952380952,0.0634920634921,126,0.0737142857143,3.00332674727,18.4285714286,10.5545454545,9.92307692308,13.5253412949,0.733933248559,0.407161314138,10.6910109104,1.16026474996,0.594226378464,6.44435522653,0.699387388926,0.393947472759,1.13778591947,0.378841869437,3.97191603983,3.00332674727,1.13778591947,3.97191603983,0.394293498746,0.396355579073,3995,0.0122734254992,0.0730085770453,126,126,126,1,0,0.126984126984,0.801587301587,0.0714285714286,126,1555,0.0987301587302,3.02815944345,24.6825396825,14.1363636364,13.2905982906,17.5036685497,0.70915184478,0.396774358189,13.6570349335,1.10661504927,0.574312254377,8.90497631522,0.721560781812,0.40758944521,1.16119188219,0.383464577699,4.07470364028,3.02815944345,1.16119188219,4.07470364028,0.473387385057,0.522043612761,9169,0.0281689708141,0.111759720904,126,126,126,1,0,0.126984126984,0.801587301587,0.0714285714286,-186,-0.0118095238095,-0.32205151142,-2.95238095238,-0.493888464477,-1.46363899754,-1.83690152445,0.00929204312978,0.00712418450681,-1.95547327943,-0.0232965158201,-0.00454226273183,-0.247422971221,0.0591815112253,0.0302337930123,-0.0365983893662,0.0259377569438,-0.267862425997,-0.32205151142,-0.0365983893662,-0.267862425997,-0.0337324508953,-0.0418658120772,-2959,-0.00909062980031,0.00174303941543,0.0714285714286,-0.0793650793651,0.00793650793651,1544,11,197,13998,0.886846639862,0.999214790492,0.000785209508173,0.113153360138,0.992926045016,0.886846639862,0.936893203883,0.931394974981,0.886061430354,0.881278538813,394,580,0,3,3,3
449,WLNM_dir_neg_kfold,0.872359542212,0.462726994098,00:00:13,10,66.6666666667,10,15355,threshold_sweep,0.8,0.97193877551,0.656896551724,0.783950617284,381,11,199,1149,0.656896551724,0.990517241379,0.00948275862069,0.343103448276,0.97193877551,0.656896551724,0.783950617284,0.879310344828,0.591570881226,0.704502814259,0.730528156675,0.647413793103,1779,1199,580,0,1779,0,1199,0,580,126,1741,0.11053968254,3.35021095487,27.6349206349,14.6302521008,14.7542372881,19.3405700742,0.69985980165,0.389650173682,15.6125082129,1.12991156509,0.578854517108,9.15239928644,0.662379270587,0.377355652198,1.19779027155,0.357526820756,4.34256606628,3.35021095487,1.19779027155,4.34256606628,0.507119835952,0.563909424838,12128,0.0372596006144,0.110016681489,126,126,126,1,0,0.0555555555556,0.880952380952,0.0634920634921,126,0.0737142857143,3.00332674727,18.4285714286,10.5545454545,9.92307692308,13.5253412949,0.733933248559,0.407161314138,10.6910109104,1.16026474996,0.594226378464,6.44435522653,0.699387388926,0.393947472759,1.13778591947,0.378841869437,3.97191603983,3.00332674727,1.13778591947,3.97191603983,0.394293498746,0.396355579073,3995,0.0122734254992,0.0730085770453,126,126,126,1,0,0.126984126984,0.801587301587,0.0714285714286,126,1553,0.0986031746032,3.0237329025,24.6507936508,14.1181818182,13.2735042735,17.4865971351,0.709372581784,0.396866280318,13.6468776591,1.10721608824,0.574397735055,8.89298992697,0.72151753432,0.407633970094,1.15915387389,0.383351939892,4.07101286189,3.0237329025,1.15915387389,4.07101286189,0.470920601014,0.520907845674,9127,0.0280399385561,0.111539875944,126,126,126,1,0,0.126984126984,0.801587301587,0.0714285714286,-188,-0.0119365079365,-0.326478052363,-2.98412698413,-0.512070282659,-1.48073301463,-1.85397293907,0.00951278013442,0.00721610663533,-1.96563055386,-0.0226954768505,-0.00445678205387,-0.259409359465,0.0591382637332,0.030278317896,-0.038636397663,0.0258251191367,-0.271553204391,-0.326478052363,-0.038636397663,-0.271553204391,-0.0361992349373,-0.0430015791646,-3001,-0.00921966205837,0.00152319445497,0.0714285714286,-0.0793650793651,0.00793650793651,1542,11,199,13998,0.885697874785,0.999214790492,0.000785209508173,0.114302125215,0.992916934965,0.885697874785,0.936247723133,0.930720640102,0.884912665276,0.880136986301,392,580,0,3,3,3
450,WLNM_dir_neg_kfold,0.872359542212,0.462726994098,00:00:13,10,66.6666666667,10,15355,threshold_sweep,0.9,0.981818181818,0.651724137931,0.783419689119,378,7,202,1153,0.651724137931,0.993965517241,0.00603448275862,0.348275862069,0.981818181818,0.651724137931,0.783419689119,0.879885057471,0.592911877395,0.704941176471,0.733274880006,0.645689655172,1779,1199,580,0,1779,0,1199,0,580,126,1741,0.11053968254,3.35021095487,27.6349206349,14.6302521008,14.7542372881,19.3405700742,0.69985980165,0.389650173682,15.6125082129,1.12991156509,0.578854517108,9.15239928644,0.662379270587,0.377355652198,1.19779027155,0.357526820756,4.34256606628,3.35021095487,1.19779027155,4.34256606628,0.507119835952,0.563909424838,12128,0.0372596006144,0.110016681489,126,126,126,1,0,0.0555555555556,0.880952380952,0.0634920634921,126,0.0737142857143,3.00332674727,18.4285714286,10.5545454545,9.92307692308,13.5253412949,0.733933248559,0.407161314138,10.6910109104,1.16026474996,0.594226378464,6.44435522653,0.699387388926,0.393947472759,1.13778591947,0.378841869437,3.97191603983,3.00332674727,1.13778591947,3.97191603983,0.394293498746,0.396355579073,3995,0.0122734254992,0.0730085770453,126,126,126,1,0,0.126984126984,0.801587301587,0.0714285714286,126,1546,0.0981587301587,3.01140775819,24.5396825397,14.0545454545,13.2136752137,17.3807483354,0.708271115867,0.396383909321,13.6025954573,1.10862032834,0.574868067106,8.89171542362,0.724680558458,0.409228115567,1.15286716799,0.382833299427,4.04929415399,3.01140775819,1.15286716799,4.04929415399,0.470940258696,0.520815082841,9116,0.0280061443932,0.111692236146,126,126,126,1,0,0.126984126984,0.801587301587,0.0714285714286,-195,-0.012380952381,-0.338803196676,-3.09523809524,-0.575706646295,-1.54056207446,-1.95982173877,0.00841131421695,0.00673373563818,-2.00991275563,-0.0212912367505,-0.00398645000229,-0.260683862821,0.0623012878712,0.0318724633694,-0.0449231035666,0.0253064786712,-0.293271912291,-0.338803196676,-0.0449231035666,-0.293271912291,-0.0361795772555,-0.0430943419971,-3012,-0.0092534562212,0.001675554657,0.0714285714286,-0.0793650793651,0.00793650793651,1539,7,202,14002,0.883974727168,0.999500321222,0.000499678777928,0.116025272832,0.995472186287,0.883974727168,0.936416184971,0.931080358249,0.88347504839,0.880434782609,385,580,0,3,3,3
451,WLNM_dir_neg_kfold,0.809050980975,0.407972902345,00:00:13,10,66.6666666667,11,15356,threshold_sweep,0.1,0.931764705882,0.68275862069,0.788059701493,396,29,184,1131,0.68275862069,0.975,0.025,0.31724137931,0.931764705882,0.68275862069,0.788059701493,0.877586206897,0.585249042146,0.704849884527,0.721692511059,0.65775862069,1779,1199,580,0,1779,0,1199,0,580,126,1741,0.11053968254,3.35021095487,27.6349206349,14.6302521008,14.7542372881,19.3405700742,0.69985980165,0.389650173682,15.6125082129,1.12991156509,0.578854517108,9.15239928644,0.662379270587,0.377355652198,1.19779027155,0.357526820756,4.34256606628,3.35021095487,1.19779027155,4.34256606628,0.507119835952,0.563909424838,12128,0.0372596006144,0.110016681489,126,126,126,1,0,0.0555555555556,0.880952380952,0.0634920634921,126,0.0737142857143,3.00332674727,18.4285714286,10.5545454545,9.92307692308,13.5253412949,0.733933248559,0.407161314138,10.6910109104,1.16026474996,0.594226378464,6.44435522653,0.699387388926,0.393947472759,1.13778591947,0.378841869437,3.97191603983,3.00332674727,1.13778591947,3.97191603983,0.394293498746,0.396355579073,3995,0.0122734254992,0.0730085770453,126,126,126,1,0,0.126984126984,0.801587301587,0.0714285714286,126,1586,0.100698412698,5.91251603322,25.1746031746,12.688,13.5555555556,17.3159253244,0.687833099268,0.38594647611,13.4606209909,1.06938098667,0.550411337297,9.17149483238,0.728630736998,0.411647550992,1.30454778649,0.220641733428,7.13425302714,5.91251603322,1.30454778649,7.13425302714,0.46303922624,0.514540355021,9295,0.0285560675883,0.102869508233,126,126,126,1,0,0.00793650793651,0.920634920635,0.0714285714286,-155,-0.00984126984127,2.56230507835,-2.46031746032,-1.94225210084,-1.19868173258,-2.02464474973,-0.0120267023818,-0.00370369757193,-2.15188722203,-0.0605305784277,-0.0284431798118,0.0190955459378,0.0662514664118,0.0342918987941,0.106757514935,-0.136885087328,2.79168696086,2.56230507835,0.106757514935,2.79168696086,-0.0440806097117,-0.0493690698176,-2833,-0.00870353302611,-0.00714717325612,-0.047619047619,0.0396825396825,0.00793650793651,1557,29,184,13980,0.894313612866,0.997929902206,0.00207009779428,0.105686387134,0.981715006305,0.894313612866,0.935978358882,0.929697799021,0.892243515072,0.879661016949,425,580,0,3,3,3
452,WLNM_dir_neg_kfold,0.809050980975,0.407972902345,00:00:13,10,66.6666666667,11,15356,threshold_sweep,0.2,0.947242206235,0.681034482759,0.792377131394,395,22,185,1138,0.681034482759,0.981034482759,0.0189655172414,0.318965517241,0.947242206235,0.681034482759,0.792377131394,0.881034482759,0.586781609195,0.712100139082,0.731136175426,0.662068965517,1779,1199,580,0,1779,0,1199,0,580,126,1741,0.11053968254,3.35021095487,27.6349206349,14.6302521008,14.7542372881,19.3405700742,0.69985980165,0.389650173682,15.6125082129,1.12991156509,0.578854517108,9.15239928644,0.662379270587,0.377355652198,1.19779027155,0.357526820756,4.34256606628,3.35021095487,1.19779027155,4.34256606628,0.507119835952,0.563909424838,12128,0.0372596006144,0.110016681489,126,126,126,1,0,0.0555555555556,0.880952380952,0.0634920634921,126,0.0737142857143,3.00332674727,18.4285714286,10.5545454545,9.92307692308,13.5253412949,0.733933248559,0.407161314138,10.6910109104,1.16026474996,0.594226378464,6.44435522653,0.699387388926,0.393947472759,1.13778591947,0.378841869437,3.97191603983,3.00332674727,1.13778591947,3.97191603983,0.394293498746,0.396355579073,3995,0.0122734254992,0.0730085770453,126,126,126,1,0,0.126984126984,0.801587301587,0.0714285714286,126,1578,0.10019047619,6.2097343788,25.0476190476,12.7258064516,13.4871794872,17.3753191132,0.693691447485,0.388934154143,13.5083466261,1.0786132287,0.555957913372,9.1334237048,0.729284782513,0.412044581246,1.46608426567,0.236094521318,7.48392927915,6.2097343788,1.46608426567,7.48392927915,0.45149910515,0.514454189768,9248,0.0284116743472,0.102511578044,126,126,126,1,0,0.015873015873,0.912698412698,0.0714285714286,-163,-0.0103492063492,2.85952342393,-2.5873015873,-1.90444564923,-1.26705780096,-1.96525096096,-0.00616835416444,-0.00071601953906,-2.1041615868,-0.0512983363917,-0.022896603736,-0.0189755816378,0.066905511926,0.0346889290484,0.268293994119,-0.121432299438,3.14136321287,2.85952342393,0.268293994119,3.14136321287,-0.0556207308019,-0.0494552350704,-2880,-0.00884792626728,-0.00750510344441,-0.0396825396825,0.031746031746,0.00793650793651,1556,22,185,13987,0.893739230327,0.998429580984,0.00157041901635,0.106260769673,0.986058301648,0.893739230327,0.937631816812,0.931710347847,0.892168811311,0.882586500284,417,580,0,3,3,3
453,WLNM_dir_neg_kfold,0.809050980975,0.407972902345,00:00:13,10,66.6666666667,11,15356,threshold_sweep,0.3,0.949029126214,0.674137931034,0.788306451613,391,21,189,1139,0.674137931034,0.981896551724,0.0181034482759,0.325862068966,0.949029126214,0.674137931034,0.788306451613,0.879310344828,0.587739463602,0.707249070632,0.727481600176,0.656034482759,1779,1199,580,0,1779,0,1199,0,580,126,1741,0.11053968254,3.35021095487,27.6349206349,14.6302521008,14.7542372881,19.3405700742,0.69985980165,0.389650173682,15.6125082129,1.12991156509,0.578854517108,9.15239928644,0.662379270587,0.377355652198,1.19779027155,0.357526820756,4.34256606628,3.35021095487,1.19779027155,4.34256606628,0.507119835952,0.563909424838,12128,0.0372596006144,0.110016681489,126,126,126,1,0,0.0555555555556,0.880952380952,0.0634920634921,126,0.0737142857143,3.00332674727,18.4285714286,10.5545454545,9.92307692308,13.5253412949,0.733933248559,0.407161314138,10.6910109104,1.16026474996,0.594226378464,6.44435522653,0.699387388926,0.393947472759,1.13778591947,0.378841869437,3.97191603983,3.00332674727,1.13778591947,3.97191603983,0.394293498746,0.396355579073,3995,0.0122734254992,0.0730085770453,126,126,126,1,0,0.126984126984,0.801587301587,0.0714285714286,126,1573,0.099873015873,4.53546156539,24.9682539683,13.218487395,13.4444444444,17.4130693483,0.697408371863,0.390992845538,13.5438453192,1.08488525761,0.56067669704,9.08513874587,0.72773520787,0.411048547412,1.41094983293,0.31109288715,5.74387664154,4.53546156539,1.41094983293,5.74387664154,0.46130857571,0.516013837741,9248,0.0284116743472,0.104549068288,126,126,126,1,0,0.0555555555556,0.873015873016,0.0714285714286,-168,-0.0106666666667,1.18525061052,-2.66666666667,-1.41176470588,-1.30979284369,-1.92750072591,-0.00245142978727,0.00134267185596,-2.06866289367,-0.0450263074803,-0.0181778200681,-0.0672605405671,0.0653559372836,0.0336928952145,0.21315956138,-0.0464339336059,1.40131057526,1.18525061052,0.21315956138,1.40131057526,-0.0458112602416,-0.0478955870971,-2880,-0.00884792626728,-0.00546761320051,0,-0.00793650793651,0.00793650793651,1552,21,189,13988,0.891441700172,0.998500963666,0.00149903633379,0.108558299828,0.986649713922,0.891441700172,0.936632468316,0.930697290457,0.889942663839,0.880817253121,412,580,0,3,3,3
454,WLNM_dir_neg_kfold,0.809050980975,0.407972902345,00:00:13,10,66.6666666667,11,15356,threshold_sweep,0.4,0.974747474747,0.665517241379,0.790983606557,386,10,194,1150,0.665517241379,0.991379310345,0.00862068965517,0.334482758621,0.974747474747,0.665517241379,0.790983606557,0.88275862069,0.590804597701,0.713483146067,0.738571842004,0.656896551724,1779,1199,580,0,1779,0,1199,0,580,126,1741,0.11053968254,3.35021095487,27.6349206349,14.6302521008,14.7542372881,19.3405700742,0.69985980165,0.389650173682,15.6125082129,1.12991156509,0.578854517108,9.15239928644,0.662379270587,0.377355652198,1.19779027155,0.357526820756,4.34256606628,3.35021095487,1.19779027155,4.34256606628,0.507119835952,0.563909424838,12128,0.0372596006144,0.110016681489,126,126,126,1,0,0.0555555555556,0.880952380952,0.0634920634921,126,0.0737142857143,3.00332674727,18.4285714286,10.5545454545,9.92307692308,13.5253412949,0.733933248559,0.407161314138,10.6910109104,1.16026474996,0.594226378464,6.44435522653,0.699387388926,0.393947472759,1.13778591947,0.378841869437,3.97191603983,3.00332674727,1.13778591947,3.97191603983,0.394293498746,0.396355579073,3995,0.0122734254992,0.0730085770453,126,126,126,1,0,0.126984126984,0.801587301587,0.0714285714286,126,1557,0.0988571428571,2.99058868093,24.7142857143,14.1545454545,13.3076923077,17.5174688322,0.708799316908,0.396376833756,13.6449048575,1.10421195379,0.572881304095,9.02748185107,0.730547664249,0.411704437716,1.14549316017,0.383032667607,4.0218967315,2.99058868093,1.14549316017,4.0218967315,0.472951721476,0.520342008832,9230,0.028356374808,0.113739808487,126,126,126,1,0,0.126984126984,0.801587301587,0.0714285714286,-184,-0.0116825396825,-0.359622273932,-2.92063492063,-0.475706646295,-1.44654498044,-1.823101242,0.00893951525841,0.00672666007407,-1.96760335537,-0.0256996113037,-0.00597321301322,-0.124917435368,0.0681683936619,0.0343487855183,-0.0522971113791,0.0255058468518,-0.320669334776,-0.359622273932,-0.0522971113791,-0.320669334776,-0.034168114476,-0.0435674160063,-2898,-0.00890322580645,0.00372312699794,0.0714285714286,-0.0793650793651,0.00793650793651,1547,10,194,13999,0.888569787478,0.999286173174,0.000713826825612,0.111430212522,0.993577392421,0.888569787478,0.938144329897,0.932747428111,0.887855960653,0.883495145631,396,580,0,3,3,3
455,WLNM_dir_neg_kfold,0.809050980975,0.407972902345,00:00:13,10,66.6666666667,11,15356,threshold_sweep,0.5,0.977215189873,0.665517241379,0.791794871795,386,9,194,1151,0.665517241379,0.99224137931,0.00775862068966,0.334482758621,0.977215189873,0.665517241379,0.791794871795,0.883333333333,0.590996168582,0.714754098361,0.740201311314,0.65775862069,1779,1199,580,0,1779,0,1199,0,580,126,1741,0.11053968254,3.35021095487,27.6349206349,14.6302521008,14.7542372881,19.3405700742,0.69985980165,0.389650173682,15.6125082129,1.12991156509,0.578854517108,9.15239928644,0.662379270587,0.377355652198,1.19779027155,0.357526820756,4.34256606628,3.35021095487,1.19779027155,4.34256606628,0.507119835952,0.563909424838,12128,0.0372596006144,0.110016681489,126,126,126,1,0,0.0555555555556,0.880952380952,0.0634920634921,126,0.0737142857143,3.00332674727,18.4285714286,10.5545454545,9.92307692308,13.5253412949,0.733933248559,0.407161314138,10.6910109104,1.16026474996,0.594226378464,6.44435522653,0.699387388926,0.393947472759,1.13778591947,0.378841869437,3.97191603983,3.00332674727,1.13778591947,3.97191603983,0.394293498746,0.396355579073,3995,0.0122734254992,0.0730085770453,126,126,126,1,0,0.126984126984,0.801587301587,0.0714285714286,126,1556,0.0987936507937,2.99120214353,24.6984126984,14.1454545455,13.2991452991,17.5172006171,0.709243983855,0.396611172318,13.6348479773,1.10410722696,0.572795527808,9.0317816274,0.731365350291,0.412116946179,1.14639205984,0.383254626346,4.02401841492,2.99120214353,1.14639205984,4.02401841492,0.472889282447,0.520483015461,9224,0.0283379416283,0.113761976438,126,126,126,1,0,0.126984126984,0.801587301587,0.0714285714286,-185,-0.011746031746,-0.359008811338,-2.93650793651,-0.484797555386,-1.45509198899,-1.82336945705,0.00938418220517,0.00696099863577,-1.97766023558,-0.0258043381368,-0.00605898930001,-0.120617659037,0.0689860797043,0.0347612939809,-0.0513982117111,0.0257278055903,-0.318547651358,-0.359008811338,-0.0513982117111,-0.318547651358,-0.0342305535048,-0.0434264093774,-2904,-0.00892165898618,0.00374529494948,0.0714285714286,-0.0793650793651,0.00793650793651,1547,9,194,14000,0.888569787478,0.999357555857,0.000642444143051,0.111430212522,0.994215938303,0.888569787478,0.938428874735,0.93308925113,0.887927343335,0.884,395,580,0,3,3,3
456,WLNM_dir_neg_kfold,0.809050980975,0.407972902345,00:00:13,10,66.6666666667,11,15356,threshold_sweep,0.6,0.977157360406,0.663793103448,0.790554414784,385,9,195,1151,0.663793103448,0.99224137931,0.00775862068966,0.336206896552,0.977157360406,0.663793103448,0.790554414784,0.88275862069,0.591187739464,0.713214620431,0.738922716365,0.656034482759,1779,1199,580,0,1779,0,1199,0,580,126,1741,0.11053968254,3.35021095487,27.6349206349,14.6302521008,14.7542372881,19.3405700742,0.69985980165,0.389650173682,15.6125082129,1.12991156509,0.578854517108,9.15239928644,0.662379270587,0.377355652198,1.19779027155,0.357526820756,4.34256606628,3.35021095487,1.19779027155,4.34256606628,0.507119835952,0.563909424838,12128,0.0372596006144,0.110016681489,126,126,126,1,0,0.0555555555556,0.880952380952,0.0634920634921,126,0.0737142857143,3.00332674727,18.4285714286,10.5545454545,9.92307692308,13.5253412949,0.733933248559,0.407161314138,10.6910109104,1.16026474996,0.594226378464,6.44435522653,0.699387388926,0.393947472759,1.13778591947,0.378841869437,3.97191603983,3.00332674727,1.13778591947,3.97191603983,0.394293498746,0.396355579073,3995,0.0122734254992,0.0730085770453,126,126,126,1,0,0.126984126984,0.801587301587,0.0714285714286,126,1555,0.0987301587302,2.99099379771,24.6825396825,14.1363636364,13.2905982906,17.4954397686,0.70881846008,0.396350737508,13.6271274733,1.10419167951,0.572801510744,9.02810075124,0.731537424217,0.412111468382,1.1461054242,0.383185490081,4.02329629682,2.99099379771,1.1461054242,4.02329629682,0.472554660208,0.519991709376,9199,0.0282611367127,0.113708392324,126,126,126,1,0,0.126984126984,0.801587301587,0.0714285714286,-186,-0.0118095238095,-0.359217157159,-2.95238095238,-0.493888464477,-1.46363899754,-1.84513030552,0.00895865843048,0.00670056382595,-1.98538073958,-0.0257198855818,-0.00605300636476,-0.124298535196,0.0691581536299,0.0347558161839,-0.0516848473491,0.0256586693258,-0.319269769454,-0.359217157159,-0.0516848473491,-0.319269769454,-0.0345651757435,-0.0439177154625,-2929,-0.00899846390169,0.00369171083531,0.0714285714286,-0.0793650793651,0.00793650793651,1546,9,195,14000,0.88799540494,0.999357555857,0.000642444143051,0.11200459506,0.99421221865,0.88799540494,0.938106796117,0.932752583972,0.887352960797,0.883428571429,394,580,0,3,3,3
457,WLNM_dir_neg_kfold,0.809050980975,0.407972902345,00:00:13,10,66.6666666667,11,15356,threshold_sweep,0.7,0.976982097187,0.658620689655,0.786817713697,382,9,198,1151,0.658620689655,0.99224137931,0.00775862068966,0.341379310345,0.976982097187,0.658620689655,0.786817713697,0.881034482759,0.591762452107,0.708587517597,0.735085066944,0.650862068966,1779,1199,580,0,1779,0,1199,0,580,126,1741,0.11053968254,3.35021095487,27.6349206349,14.6302521008,14.7542372881,19.3405700742,0.69985980165,0.389650173682,15.6125082129,1.12991156509,0.578854517108,9.15239928644,0.662379270587,0.377355652198,1.19779027155,0.357526820756,4.34256606628,3.35021095487,1.19779027155,4.34256606628,0.507119835952,0.563909424838,12128,0.0372596006144,0.110016681489,126,126,126,1,0,0.0555555555556,0.880952380952,0.0634920634921,126,0.0737142857143,3.00332674727,18.4285714286,10.5545454545,9.92307692308,13.5253412949,0.733933248559,0.407161314138,10.6910109104,1.16026474996,0.594226378464,6.44435522653,0.699387388926,0.393947472759,1.13778591947,0.378841869437,3.97191603983,3.00332674727,1.13778591947,3.97191603983,0.394293498746,0.396355579073,3995,0.0122734254992,0.0730085770453,126,126,126,1,0,0.126984126984,0.801587301587,0.0714285714286,126,1552,0.0985396825397,2.99849658067,24.6349206349,14.1090909091,13.264957265,17.474371256,0.709333369285,0.396513459336,13.6174304734,1.10553881421,0.573443380789,8.99390975596,0.730175663177,0.411552937326,1.15254503313,0.384374302963,4.03831959943,2.99849658067,1.15254503313,4.03831959943,0.472433309935,0.519070400696,9150,0.0281105990783,0.113100605093,126,126,126,1,0,0.126984126984,0.801587301587,0.0714285714286,-189,-0.012,-0.3517143742,-3,-0.521161191749,-1.48928002318,-1.86619881813,0.009473567635,0.00686328565329,-1.9950777395,-0.0243727508854,-0.00541113631965,-0.158489530476,0.0677963925908,0.0341972851284,-0.0452452384231,0.0268474822075,-0.30424646685,-0.3517143742,-0.0452452384231,-0.30424646685,-0.0346865260166,-0.0448390241425,-2978,-0.0091490015361,0.0030839236041,0.0714285714286,-0.0793650793651,0.00793650793651,1543,9,198,14000,0.886272257323,0.999357555857,0.000642444143051,0.113727742677,0.994201030928,0.886272257323,0.937139386578,0.931742137615,0.88562981318,0.881714285714,391,580,0,3,3,3
458,WLNM_dir_neg_kfold,0.809050980975,0.407972902345,00:00:13,10,66.6666666667,11,15356,threshold_sweep,0.8,0.976982097187,0.658620689655,0.786817713697,382,9,198,1151,0.658620689655,0.99224137931,0.00775862068966,0.341379310345,0.976982097187,0.658620689655,0.786817713697,0.881034482759,0.591762452107,0.708587517597,0.735085066944,0.650862068966,1779,1199,580,0,1779,0,1199,0,580,126,1741,0.11053968254,3.35021095487,27.6349206349,14.6302521008,14.7542372881,19.3405700742,0.69985980165,0.389650173682,15.6125082129,1.12991156509,0.578854517108,9.15239928644,0.662379270587,0.377355652198,1.19779027155,0.357526820756,4.34256606628,3.35021095487,1.19779027155,4.34256606628,0.507119835952,0.563909424838,12128,0.0372596006144,0.110016681489,126,126,126,1,0,0.0555555555556,0.880952380952,0.0634920634921,126,0.0737142857143,3.00332674727,18.4285714286,10.5545454545,9.92307692308,13.5253412949,0.733933248559,0.407161314138,10.6910109104,1.16026474996,0.594226378464,6.44435522653,0.699387388926,0.393947472759,1.13778591947,0.378841869437,3.97191603983,3.00332674727,1.13778591947,3.97191603983,0.394293498746,0.396355579073,3995,0.0122734254992,0.0730085770453,126,126,126,1,0,0.126984126984,0.801587301587,0.0714285714286,126,1552,0.0985396825397,2.99849658067,24.6349206349,14.1090909091,13.264957265,17.474371256,0.709333369285,0.396513459336,13.6174304734,1.10553881421,0.573443380789,8.99390975596,0.730175663177,0.411552937326,1.15254503313,0.384374302963,4.03831959943,2.99849658067,1.15254503313,4.03831959943,0.472433309935,0.519070400696,9150,0.0281105990783,0.113100605093,126,126,126,1,0,0.126984126984,0.801587301587,0.0714285714286,-189,-0.012,-0.3517143742,-3,-0.521161191749,-1.48928002318,-1.86619881813,0.009473567635,0.00686328565329,-1.9950777395,-0.0243727508854,-0.00541113631965,-0.158489530476,0.0677963925908,0.0341972851284,-0.0452452384231,0.0268474822075,-0.30424646685,-0.3517143742,-0.0452452384231,-0.30424646685,-0.0346865260166,-0.0448390241425,-2978,-0.0091490015361,0.0030839236041,0.0714285714286,-0.0793650793651,0.00793650793651,1543,9,198,14000,0.886272257323,0.999357555857,0.000642444143051,0.113727742677,0.994201030928,0.886272257323,0.937139386578,0.931742137615,0.88562981318,0.881714285714,391,580,0,3,3,3
459,WLNM_dir_neg_kfold,0.809050980975,0.407972902345,00:00:13,10,66.6666666667,11,15356,threshold_sweep,0.9,0.979434447301,0.656896551724,0.786377708978,381,8,199,1152,0.656896551724,0.993103448276,0.00689655172414,0.343103448276,0.979434447301,0.656896551724,0.786377708978,0.881034482759,0.59214559387,0.70831376233,0.735451220227,0.65,1779,1199,580,0,1779,0,1199,0,580,126,1741,0.11053968254,3.35021095487,27.6349206349,14.6302521008,14.7542372881,19.3405700742,0.69985980165,0.389650173682,15.6125082129,1.12991156509,0.578854517108,9.15239928644,0.662379270587,0.377355652198,1.19779027155,0.357526820756,4.34256606628,3.35021095487,1.19779027155,4.34256606628,0.507119835952,0.563909424838,12128,0.0372596006144,0.110016681489,126,126,126,1,0,0.0555555555556,0.880952380952,0.0634920634921,126,0.0737142857143,3.00332674727,18.4285714286,10.5545454545,9.92307692308,13.5253412949,0.733933248559,0.407161314138,10.6910109104,1.16026474996,0.594226378464,6.44435522653,0.699387388926,0.393947472759,1.13778591947,0.378841869437,3.97191603983,3.00332674727,1.13778591947,3.97191603983,0.394293498746,0.396355579073,3995,0.0122734254992,0.0730085770453,126,126,126,1,0,0.126984126984,0.801587301587,0.0714285714286,126,1550,0.0984126984127,2.99923861915,24.6031746032,14.0909090909,13.2478632479,17.4681787786,0.709996943905,0.396917562724,13.5907438156,1.10479594888,0.573282130056,9.0069038776,0.732174121663,0.412647209421,1.15346369628,0.384585504105,4.04012920409,2.99923861915,1.15346369628,4.04012920409,0.471646335302,0.519781718963,9144,0.0280921658986,0.113139882689,126,126,126,1,0,0.126984126984,0.801587301587,0.0714285714286,-191,-0.012126984127,-0.350972335717,-3.03174603175,-0.539343009931,-1.50637404027,-1.87239129556,0.0101371422547,0.00726738904168,-2.02176439735,-0.0251156162152,-0.00557238705207,-0.14549540884,0.0697948510763,0.0352915572237,-0.0443265752768,0.0270586833495,-0.302436862183,-0.350972335717,-0.0443265752768,-0.302436862183,-0.0354735006496,-0.0441277058753,-2984,-0.00916743471582,0.00312320120039,0.0714285714286,-0.0793650793651,0.00793650793651,1542,8,199,14001,0.885697874785,0.99942893854,0.00057106146049,0.114302125215,0.994838709677,0.885697874785,0.93710118505,0.931747913819,0.885126813324,0.881646655232,389,580,0,3,3,3
460,WLNM_dir_neg_kfold,0.877424940547,0.705204326692,00:00:12,10,66.6666666667,12,15357,threshold_sweep,0.1,0.94403892944,0.668965517241,0.783047426842,388,23,192,1137,0.668965517241,0.980172413793,0.0198275862069,0.331034482759,0.94403892944,0.668965517241,0.783047426842,0.876436781609,0.587931034483,0.700139470014,0.720437942015,0.649137931034,1779,1199,580,0,1779,0,1199,0,580,126,1741,0.11053968254,3.35021095487,27.6349206349,14.6302521008,14.7542372881,19.3405700742,0.69985980165,0.389650173682,15.6125082129,1.12991156509,0.578854517108,9.15239928644,0.662379270587,0.377355652198,1.19779027155,0.357526820756,4.34256606628,3.35021095487,1.19779027155,4.34256606628,0.507119835952,0.563909424838,12128,0.0372596006144,0.110016681489,126,126,126,1,0,0.0555555555556,0.880952380952,0.0634920634921,126,0.0737142857143,3.00332674727,18.4285714286,10.5545454545,9.92307692308,13.5253412949,0.733933248559,0.407161314138,10.6910109104,1.16026474996,0.594226378464,6.44435522653,0.699387388926,0.393947472759,1.13778591947,0.378841869437,3.97191603983,3.00332674727,1.13778591947,3.97191603983,0.394293498746,0.396355579073,3995,0.0122734254992,0.0730085770453,126,126,126,1,0,0.126984126984,0.801587301587,0.0714285714286,126,1572,0.0998095238095,NaN,24.9523809524,12.4761904762,13.4358974359,17.1612853331,0.687761435107,0.386192899552,13.3348951466,1.06882747358,0.550365523648,9.13867761612,0.732489427247,0.412092572398,NaN,NaN,NaN,NaN,NaN,NaN,0.468219501479,0.511899189245,9113,0.0279969278034,0.103740464166,126,126,0,1,2,0,0.928571428571,0.0714285714286,-169,-0.0107301587302,NaN,-2.68253968254,-2.15406162465,-1.31833985224,-2.17928474102,-0.0120983665428,-0.00345727413066,-2.27761306629,-0.0610840915091,-0.0284889934604,-0.0137216703161,0.0701101566599,0.0347369202002,NaN,NaN,NaN,NaN,NaN,NaN,-0.0389003344728,-0.0520102355936,-3015,-0.00926267281106,-0.0062762173231,-0.0555555555556,0.047619047619,0.00793650793651,1549,23,192,13986,0.889718552556,0.998358198301,0.00164180169891,0.110281447444,0.985368956743,0.889718552556,0.935104135225,0.929008520241,0.888076750857,0.878117913832,411,580,0,3,3,3
461,WLNM_dir_neg_kfold,0.877424940547,0.705204326692,00:00:12,10,66.6666666667,12,15357,threshold_sweep,0.2,0.959697732997,0.656896551724,0.779938587513,381,16,199,1144,0.656896551724,0.986206896552,0.0137931034483,0.343103448276,0.959697732997,0.656896551724,0.779938587513,0.876436781609,0.59061302682,0.698175011699,0.722421345934,0.643103448276,1779,1199,580,0,1779,0,1199,0,580,126,1741,0.11053968254,3.35021095487,27.6349206349,14.6302521008,14.7542372881,19.3405700742,0.69985980165,0.389650173682,15.6125082129,1.12991156509,0.578854517108,9.15239928644,0.662379270587,0.377355652198,1.19779027155,0.357526820756,4.34256606628,3.35021095487,1.19779027155,4.34256606628,0.507119835952,0.563909424838,12128,0.0372596006144,0.110016681489,126,126,126,1,0,0.0555555555556,0.880952380952,0.0634920634921,126,0.0737142857143,3.00332674727,18.4285714286,10.5545454545,9.92307692308,13.5253412949,0.733933248559,0.407161314138,10.6910109104,1.16026474996,0.594226378464,6.44435522653,0.699387388926,0.393947472759,1.13778591947,0.378841869437,3.97191603983,3.00332674727,1.13778591947,3.97191603983,0.394293498746,0.396355579073,3995,0.0122734254992,0.0730085770453,126,126,126,1,0,0.126984126984,0.801587301587,0.0714285714286,126,1558,0.0989206349206,4.49438372609,24.7301587302,12.9833333333,13.3162393162,17.2076321199,0.695815676223,0.390126739613,13.4096103893,1.08447426769,0.560608839171,8.99030871515,0.727072463484,0.409825376449,1.37237753391,0.30535388555,5.73293725309,4.49438372609,1.37237753391,5.73293725309,0.468055599964,0.513450070989,9041,0.0277757296467,0.103289432769,126,126,126,1,0,0.047619047619,0.880952380952,0.0714285714286,-183,-0.011619047619,1.14417277122,-2.90476190476,-1.64691876751,-1.4379979719,-2.13293795424,-0.00404412542701,0.000476565930922,-2.20289782359,-0.0454372974068,-0.0182456779373,-0.162090571292,0.0646931928977,0.0324697242516,0.174587262358,-0.0521729352059,1.39037118682,1.14417277122,0.174587262358,1.39037118682,-0.0390642359877,-0.0504593538493,-3087,-0.00948387096774,-0.00672724871954,-0.00793650793651,0,0.00793650793651,1542,16,199,13993,0.885697874785,0.998857877079,0.00114212292098,0.114302125215,0.98973042362,0.885697874785,0.934828735981,0.929014807318,0.884555751864,0.877632327832,397,580,0,3,3,3
462,WLNM_dir_neg_kfold,0.877424940547,0.705204326692,00:00:12,10,66.6666666667,12,15357,threshold_sweep,0.3,0.962121212121,0.656896551724,0.780737704918,381,15,199,1145,0.656896551724,0.987068965517,0.0129310344828,0.343103448276,0.962121212121,0.656896551724,0.780737704918,0.877011494253,0.590804597701,0.699438202247,0.724033026216,0.643965517241,1779,1199,580,0,1779,0,1199,0,580,126,1741,0.11053968254,3.35021095487,27.6349206349,14.6302521008,14.7542372881,19.3405700742,0.69985980165,0.389650173682,15.6125082129,1.12991156509,0.578854517108,9.15239928644,0.662379270587,0.377355652198,1.19779027155,0.357526820756,4.34256606628,3.35021095487,1.19779027155,4.34256606628,0.507119835952,0.563909424838,12128,0.0372596006144,0.110016681489,126,126,126,1,0,0.0555555555556,0.880952380952,0.0634920634921,126,0.0737142857143,3.00332674727,18.4285714286,10.5545454545,9.92307692308,13.5253412949,0.733933248559,0.407161314138,10.6910109104,1.16026474996,0.594226378464,6.44435522653,0.699387388926,0.393947472759,1.13778591947,0.378841869437,3.97191603983,3.00332674727,1.13778591947,3.97191603983,0.394293498746,0.396355579073,3995,0.0122734254992,0.0730085770453,126,126,126,1,0,0.126984126984,0.801587301587,0.0714285714286,126,1557,0.0988571428571,4.49499318781,24.7142857143,12.975,13.3076923077,17.2059790272,0.696195683183,0.390356913478,13.395798915,1.08405309139,0.560403095085,8.9964119832,0.728033339681,0.410348553894,1.37311042847,0.305475530462,5.73505670644,4.49499318781,1.37311042847,5.73505670644,0.467407438847,0.51371887672,9037,0.0277634408602,0.103306860671,126,126,126,1,0,0.047619047619,0.880952380952,0.0714285714286,-184,-0.0116825396825,1.14478223294,-2.92063492063,-1.65525210084,-1.44654498044,-2.13459104693,-0.00366411846683,0.000706739795961,-2.21670929791,-0.0458584737052,-0.0184514220232,-0.155987303241,0.0656540690941,0.0329929016961,0.175320156916,-0.0520512902935,1.39249064016,1.14478223294,0.175320156916,1.39249064016,-0.0397123971052,-0.0501905481188,-3091,-0.00949615975422,-0.00670982081728,-0.00793650793651,0,0.00793650793651,1542,15,199,13994,0.885697874785,0.998929259762,0.00107074023842,0.114302125215,0.990366088632,0.885697874785,0.935112189206,0.92935534721,0.884627134546,0.878132118451,396,580,0,3,3,3
463,WLNM_dir_neg_kfold,0.877424940547,0.705204326692,00:00:12,10,66.6666666667,12,15357,threshold_sweep,0.4,0.984334203655,0.65,0.782969885774,377,6,203,1154,0.65,0.994827586207,0.0051724137931,0.35,0.984334203655,0.65,0.782969885774,0.879885057471,0.593295019157,0.704663212435,0.733664135015,0.644827586207,1779,1199,580,0,1779,0,1199,0,580,126,1741,0.11053968254,3.35021095487,27.6349206349,14.6302521008,14.7542372881,19.3405700742,0.69985980165,0.389650173682,15.6125082129,1.12991156509,0.578854517108,9.15239928644,0.662379270587,0.377355652198,1.19779027155,0.357526820756,4.34256606628,3.35021095487,1.19779027155,4.34256606628,0.507119835952,0.563909424838,12128,0.0372596006144,0.110016681489,126,126,126,1,0,0.0555555555556,0.880952380952,0.0634920634921,126,0.0737142857143,3.00332674727,18.4285714286,10.5545454545,9.92307692308,13.5253412949,0.733933248559,0.407161314138,10.6910109104,1.16026474996,0.594226378464,6.44435522653,0.699387388926,0.393947472759,1.13778591947,0.378841869437,3.97191603983,3.00332674727,1.13778591947,3.97191603983,0.394293498746,0.396355579073,3995,0.0122734254992,0.0730085770453,126,126,126,1,0,0.126984126984,0.801587301587,0.0714285714286,126,1544,0.0980317460317,2.99033662466,24.5079365079,14.0363636364,13.1965811966,17.2773822238,0.704970906801,0.39475388601,13.4853618463,1.10048937347,0.571716424048,8.90028000273,0.726318186751,0.409686240645,1.14584752292,0.383183456158,4.03471597513,2.99033662466,1.14584752292,4.03471597513,0.477838943432,0.517102923462,9015,0.0276958525346,0.112786331278,126,126,126,1,0,0.126984126984,0.801587301587,0.0714285714286,-197,-0.0125079365079,-0.359874330201,-3.12698412698,-0.593888464477,-1.55765609155,-2.06318785035,0.00511110515108,0.00510371232802,-2.12714636657,-0.0294221916218,-0.00713809306036,-0.25211928371,0.0639389161646,0.0323305884471,-0.0519427486384,0.0256566354026,-0.307850091144,-0.359874330201,-0.0519427486384,-0.307850091144,-0.02928089252,-0.0468065013762,-3113,-0.00956374807988,0.00276964978936,0.0714285714286,-0.0793650793651,0.00793650793651,1538,6,203,14003,0.88340034463,0.999571703905,0.000428296095367,0.11659965537,0.996113989637,0.88340034463,0.936377473364,0.931087198864,0.882972048534,0.880366342301,383,580,0,3,3,3
464,WLNM_dir_neg_kfold,0.877424940547,0.705204326692,00:00:12,10,66.6666666667,12,15357,threshold_sweep,0.5,0.984334203655,0.65,0.782969885774,377,6,203,1154,0.65,0.994827586207,0.0051724137931,0.35,0.984334203655,0.65,0.782969885774,0.879885057471,0.593295019157,0.704663212435,0.733664135015,0.644827586207,1779,1199,580,0,1779,0,1199,0,580,126,1741,0.11053968254,3.35021095487,27.6349206349,14.6302521008,14.7542372881,19.3405700742,0.69985980165,0.389650173682,15.6125082129,1.12991156509,0.578854517108,9.15239928644,0.662379270587,0.377355652198,1.19779027155,0.357526820756,4.34256606628,3.35021095487,1.19779027155,4.34256606628,0.507119835952,0.563909424838,12128,0.0372596006144,0.110016681489,126,126,126,1,0,0.0555555555556,0.880952380952,0.0634920634921,126,0.0737142857143,3.00332674727,18.4285714286,10.5545454545,9.92307692308,13.5253412949,0.733933248559,0.407161314138,10.6910109104,1.16026474996,0.594226378464,6.44435522653,0.699387388926,0.393947472759,1.13778591947,0.378841869437,3.97191603983,3.00332674727,1.13778591947,3.97191603983,0.394293498746,0.396355579073,3995,0.0122734254992,0.0730085770453,126,126,126,1,0,0.126984126984,0.801587301587,0.0714285714286,126,1544,0.0980317460317,2.99033662466,24.5079365079,14.0363636364,13.1965811966,17.2773822238,0.704970906801,0.39475388601,13.4853618463,1.10048937347,0.571716424048,8.90028000273,0.726318186751,0.409686240645,1.14584752292,0.383183456158,4.03471597513,2.99033662466,1.14584752292,4.03471597513,0.477838943432,0.517102923462,9015,0.0276958525346,0.112786331278,126,126,126,1,0,0.126984126984,0.801587301587,0.0714285714286,-197,-0.0125079365079,-0.359874330201,-3.12698412698,-0.593888464477,-1.55765609155,-2.06318785035,0.00511110515108,0.00510371232802,-2.12714636657,-0.0294221916218,-0.00713809306036,-0.25211928371,0.0639389161646,0.0323305884471,-0.0519427486384,0.0256566354026,-0.307850091144,-0.359874330201,-0.0519427486384,-0.307850091144,-0.02928089252,-0.0468065013762,-3113,-0.00956374807988,0.00276964978936,0.0714285714286,-0.0793650793651,0.00793650793651,1538,6,203,14003,0.88340034463,0.999571703905,0.000428296095367,0.11659965537,0.996113989637,0.88340034463,0.936377473364,0.931087198864,0.882972048534,0.880366342301,383,580,0,3,3,3
465,WLNM_dir_neg_kfold,0.877424940547,0.705204326692,00:00:12,10,66.6666666667,12,15357,threshold_sweep,0.6,0.984293193717,0.648275862069,0.781704781705,376,6,204,1154,0.648275862069,0.994827586207,0.0051724137931,0.351724137931,0.984293193717,0.648275862069,0.781704781705,0.879310344828,0.593486590038,0.703110273327,0.732389759467,0.643103448276,1779,1199,580,0,1779,0,1199,0,580,126,1741,0.11053968254,3.35021095487,27.6349206349,14.6302521008,14.7542372881,19.3405700742,0.69985980165,0.389650173682,15.6125082129,1.12991156509,0.578854517108,9.15239928644,0.662379270587,0.377355652198,1.19779027155,0.357526820756,4.34256606628,3.35021095487,1.19779027155,4.34256606628,0.507119835952,0.563909424838,12128,0.0372596006144,0.110016681489,126,126,126,1,0,0.0555555555556,0.880952380952,0.0634920634921,126,0.0737142857143,3.00332674727,18.4285714286,10.5545454545,9.92307692308,13.5253412949,0.733933248559,0.407161314138,10.6910109104,1.16026474996,0.594226378464,6.44435522653,0.699387388926,0.393947472759,1.13778591947,0.378841869437,3.97191603983,3.00332674727,1.13778591947,3.97191603983,0.394293498746,0.396355579073,3995,0.0122734254992,0.0730085770453,126,126,126,1,0,0.126984126984,0.801587301587,0.0714285714286,126,1543,0.0979682539683,2.99074483175,24.4920634921,14.0272727273,13.188034188,17.2644124287,0.704898239149,0.394701107922,13.4810602004,1.10085131902,0.571834912405,8.88566171576,0.725595188714,0.409380818648,1.14634712119,0.383298203517,4.03613706681,2.99074483175,1.14634712119,4.03613706681,0.477672879368,0.516706558162,8995,0.0276344086022,0.112678157314,126,126,126,1,0,0.126984126984,0.801587301587,0.0714285714286,-198,-0.0125714285714,-0.359466123116,-3.14285714286,-0.602979373568,-1.5662031001,-2.07615764547,0.00503843749958,0.00505093423977,-2.13144801251,-0.0290602460712,-0.00701960470316,-0.266737570676,0.0632159181277,0.0320251664508,-0.0514431503672,0.025771382761,-0.306428999465,-0.359466123116,-0.0514431503672,-0.306428999465,-0.0294469565841,-0.0472028666766,-3133,-0.00962519201229,0.00266147582575,0.0714285714286,-0.0793650793651,0.00793650793651,1537,6,204,14003,0.882825962091,0.999571703905,0.000428296095367,0.117174037909,0.99611147116,0.882825962091,0.936053593179,0.930750226622,0.882397665995,0.879793932456,382,580,0,3,3,3
466,WLNM_dir_neg_kfold,0.877424940547,0.705204326692,00:00:12,10,66.6666666667,12,15357,threshold_sweep,0.7,0.98687664042,0.648275862069,0.782518210198,376,5,204,1155,0.648275862069,0.995689655172,0.00431034482759,0.351724137931,0.98687664042,0.648275862069,0.782518210198,0.879885057471,0.59367816092,0.704384724187,0.734063090438,0.643965517241,1779,1199,580,0,1779,0,1199,0,580,126,1741,0.11053968254,3.35021095487,27.6349206349,14.6302521008,14.7542372881,19.3405700742,0.69985980165,0.389650173682,15.6125082129,1.12991156509,0.578854517108,9.15239928644,0.662379270587,0.377355652198,1.19779027155,0.357526820756,4.34256606628,3.35021095487,1.19779027155,4.34256606628,0.507119835952,0.563909424838,12128,0.0372596006144,0.110016681489,126,126,126,1,0,0.0555555555556,0.880952380952,0.0634920634921,126,0.0737142857143,3.00332674727,18.4285714286,10.5545454545,9.92307692308,13.5253412949,0.733933248559,0.407161314138,10.6910109104,1.16026474996,0.594226378464,6.44435522653,0.699387388926,0.393947472759,1.13778591947,0.378841869437,3.97191603983,3.00332674727,1.13778591947,3.97191603983,0.394293498746,0.396355579073,3995,0.0122734254992,0.0730085770453,126,126,126,1,0,0.126984126984,0.801587301587,0.0714285714286,126,1542,0.0979047619048,2.98739989464,24.4761904762,14.0181818182,13.1794871795,17.265324456,0.705392633417,0.394957074918,13.4838739664,1.10179514901,0.572066786075,8.88993009775,0.726414521606,0.409795565438,1.14402818334,0.382951136001,4.02452702278,2.98739989464,1.14402818334,4.02452702278,0.477096058244,0.516644627149,8986,0.0276067588326,0.112913722353,126,126,126,1,0,0.126984126984,0.801587301587,0.0714285714286,-199,-0.0126349206349,-0.362811060221,-3.15873015873,-0.612070282659,-1.57475010865,-2.07524561815,0.00553283176709,0.00530690123583,-2.12863424648,-0.0281164160846,-0.00678773103383,-0.262469188691,0.0640352510193,0.0324399132399,-0.0537620882115,0.025424315245,-0.3180390435,-0.362811060221,-0.0537620882115,-0.3180390435,-0.0300237777074,-0.0472647976896,-3142,-0.00965284178187,0.00289704086424,0.0714285714286,-0.0793650793651,0.00793650793651,1537,5,204,14004,0.882825962091,0.999643086587,0.000356913412806,0.117174037909,0.996757457847,0.882825962091,0.93633871459,0.931094527739,0.882469048678,0.880297823597,381,580,0,3,3,3
467,WLNM_dir_neg_kfold,0.877424940547,0.705204326692,00:00:12,10,66.6666666667,12,15357,threshold_sweep,0.8,0.986807387863,0.644827586207,0.779979144943,374,5,206,1155,0.644827586207,0.995689655172,0.00431034482759,0.355172413793,0.986807387863,0.644827586207,0.779979144943,0.878735632184,0.594061302682,0.701274185937,0.731518221228,0.640517241379,1779,1199,580,0,1779,0,1199,0,580,126,1741,0.11053968254,3.35021095487,27.6349206349,14.6302521008,14.7542372881,19.3405700742,0.69985980165,0.389650173682,15.6125082129,1.12991156509,0.578854517108,9.15239928644,0.662379270587,0.377355652198,1.19779027155,0.357526820756,4.34256606628,3.35021095487,1.19779027155,4.34256606628,0.507119835952,0.563909424838,12128,0.0372596006144,0.110016681489,126,126,126,1,0,0.0555555555556,0.880952380952,0.0634920634921,126,0.0737142857143,3.00332674727,18.4285714286,10.5545454545,9.92307692308,13.5253412949,0.733933248559,0.407161314138,10.6910109104,1.16026474996,0.594226378464,6.44435522653,0.699387388926,0.393947472759,1.13778591947,0.378841869437,3.97191603983,3.00332674727,1.13778591947,3.97191603983,0.394293498746,0.396355579073,3995,0.0122734254992,0.0730085770453,126,126,126,1,0,0.126984126984,0.801587301587,0.0714285714286,126,1540,0.0977777777778,2.98641566194,24.4444444444,14,13.1623931624,17.2397473557,0.705262391825,0.395026798598,13.4609889021,1.10135363744,0.571974850546,8.87503364626,0.726139116512,0.409750566893,1.14333471071,0.382845136156,4.02262116182,2.98641566194,1.14333471071,4.02262116182,0.476035421091,0.516860398205,8982,0.0275944700461,0.112580513732,126,126,126,1,0,0.126984126984,0.801587301587,0.0714285714286,-201,-0.0127619047619,-0.363795292929,-3.19047619048,-0.63025210084,-1.59184412574,-2.10082271845,0.00540259017489,0.00537662491589,-2.15151931083,-0.0285579276496,-0.00687966656212,-0.277365640181,0.0637598459254,0.0323949146957,-0.0544555608398,0.0253183154008,-0.319944904454,-0.363795292929,-0.0544555608398,-0.319944904454,-0.031084414861,-0.0470490266338,-3146,-0.00966513056836,0.00256383224375,0.0714285714286,-0.0793650793651,0.00793650793651,1535,5,206,14004,0.881677197013,0.999643086587,0.000356913412806,0.118322802987,0.996753246753,0.881677197013,0.935690338311,0.930420604322,0.8813202836,0.879152348225,379,580,0,3,3,3
468,WLNM_dir_neg_kfold,0.877424940547,0.705204326692,00:00:12,10,66.6666666667,12,15357,threshold_sweep,0.9,0.989333333333,0.639655172414,0.776963350785,371,4,209,1156,0.639655172414,0.996551724138,0.00344827586207,0.360344827586,0.989333333333,0.639655172414,0.776963350785,0.877586206897,0.594827586207,0.697872340426,0.729389327595,0.636206896552,1779,1199,580,0,1779,0,1199,0,580,126,1741,0.11053968254,3.35021095487,27.6349206349,14.6302521008,14.7542372881,19.3405700742,0.69985980165,0.389650173682,15.6125082129,1.12991156509,0.578854517108,9.15239928644,0.662379270587,0.377355652198,1.19779027155,0.357526820756,4.34256606628,3.35021095487,1.19779027155,4.34256606628,0.507119835952,0.563909424838,12128,0.0372596006144,0.110016681489,126,126,126,1,0,0.0555555555556,0.880952380952,0.0634920634921,126,0.0737142857143,3.00332674727,18.4285714286,10.5545454545,9.92307692308,13.5253412949,0.733933248559,0.407161314138,10.6910109104,1.16026474996,0.594226378464,6.44435522653,0.699387388926,0.393947472759,1.13778591947,0.378841869437,3.97191603983,3.00332674727,1.13778591947,3.97191603983,0.394293498746,0.396355579073,3995,0.0122734254992,0.0730085770453,126,126,126,1,0,0.126984126984,0.801587301587,0.0714285714286,126,1536,0.0975238095238,3.01798445963,24.380952381,13.9636363636,13.1282051282,17.2524118397,0.707618454362,0.396169188161,13.4680150197,1.10479810709,0.573629712302,8.85953884643,0.726759045996,0.410011574074,1.15660118416,0.383236295493,4.05530786455,3.01798445963,1.15660118416,4.05530786455,0.468949758459,0.51612468732,8941,0.0274685099846,0.112061111316,126,126,126,1,0,0.126984126984,0.801587301587,0.0714285714286,-205,-0.0130158730159,-0.33222649524,-3.25396825397,-0.666615737204,-1.62603215993,-2.08815823449,0.0077586527118,0.00651901447904,-2.1444931932,-0.0251134580069,-0.00522480480681,-0.292860440008,0.0643797754097,0.0326559218764,-0.0411890873919,0.0257094747372,-0.287258201723,-0.33222649524,-0.0411890873919,-0.287258201723,-0.0381700774923,-0.0477847375188,-3187,-0.0097910906298,0.0020444298272,0.0714285714286,-0.0793650793651,0.00793650793651,1532,4,209,14005,0.879954049397,0.99971446927,0.000285530730245,0.120045950603,0.997395833333,0.879954049397,0.935001525786,0.929754394293,0.879668518667,0.877936962751,375,580,0,3,3,3
469,WLNM_dir_neg_kfold,0.848574613555,0.433043988981,00:00:13,10,66.6666666667,13,15358,threshold_sweep,0.1,0.923611111111,0.687931034483,0.788537549407,399,33,181,1127,0.687931034483,0.971551724138,0.0284482758621,0.312068965517,0.923611111111,0.687931034483,0.788537549407,0.877011494253,0.583908045977,0.704419889503,0.719615802821,0.659482758621,1779,1199,580,0,1779,0,1199,0,580,126,1741,0.11053968254,3.35021095487,27.6349206349,14.6302521008,14.7542372881,19.3405700742,0.69985980165,0.389650173682,15.6125082129,1.12991156509,0.578854517108,9.15239928644,0.662379270587,0.377355652198,1.19779027155,0.357526820756,4.34256606628,3.35021095487,1.19779027155,4.34256606628,0.507119835952,0.563909424838,12128,0.0372596006144,0.110016681489,126,126,126,1,0,0.0555555555556,0.880952380952,0.0634920634921,126,0.0737142857143,3.00332674727,18.4285714286,10.5545454545,9.92307692308,13.5253412949,0.733933248559,0.407161314138,10.6910109104,1.16026474996,0.594226378464,6.44435522653,0.699387388926,0.393947472759,1.13778591947,0.378841869437,3.97191603983,3.00332674727,1.13778591947,3.97191603983,0.394293498746,0.396355579073,3995,0.0122734254992,0.0730085770453,126,126,126,1,0,0.126984126984,0.801587301587,0.0714285714286,126,1593,0.101142857143,NaN,25.2857142857,12.6428571429,13.6153846154,17.290856378,0.683819178792,0.384469753585,13.4702423353,1.06544289658,0.548754969659,9.19518507543,0.727302774328,0.410311979992,NaN,NaN,NaN,NaN,NaN,NaN,0.45553078692,0.515003489184,9348,0.0287188940092,0.102840049582,126,126,0,1,2,0,0.928571428571,0.0714285714286,-148,-0.00939682539683,NaN,-2.34920634921,-1.98739495798,-1.13885267275,-2.04971369613,-0.0160406228576,-0.00518042009771,-2.14226587763,-0.0644686685168,-0.0300995474495,0.0427857889918,0.0649235037412,0.0329563277941,NaN,NaN,NaN,NaN,NaN,NaN,-0.0515890490316,-0.0489059356549,-2780,-0.00854070660522,-0.00717663190652,-0.0555555555556,0.047619047619,0.00793650793651,1560,33,181,13976,0.896036760482,0.997644371475,0.00235562852452,0.103963239518,0.979284369115,0.896036760482,0.935812837433,0.929377251881,0.893681131958,0.879368658399,432,580,0,3,3,3
470,WLNM_dir_neg_kfold,0.848574613555,0.433043988981,00:00:13,10,66.6666666667,13,15358,threshold_sweep,0.2,0.934117647059,0.684482758621,0.790049751244,397,28,183,1132,0.684482758621,0.975862068966,0.0241379310345,0.315517241379,0.934117647059,0.684482758621,0.790049751244,0.878735632184,0.585249042146,0.707621247113,0.724530096293,0.660344827586,1779,1199,580,0,1779,0,1199,0,580,126,1741,0.11053968254,3.35021095487,27.6349206349,14.6302521008,14.7542372881,19.3405700742,0.69985980165,0.389650173682,15.6125082129,1.12991156509,0.578854517108,9.15239928644,0.662379270587,0.377355652198,1.19779027155,0.357526820756,4.34256606628,3.35021095487,1.19779027155,4.34256606628,0.507119835952,0.563909424838,12128,0.0372596006144,0.110016681489,126,126,126,1,0,0.0555555555556,0.880952380952,0.0634920634921,126,0.0737142857143,3.00332674727,18.4285714286,10.5545454545,9.92307692308,13.5253412949,0.733933248559,0.407161314138,10.6910109104,1.16026474996,0.594226378464,6.44435522653,0.699387388926,0.393947472759,1.13778591947,0.378841869437,3.97191603983,3.00332674727,1.13778591947,3.97191603983,0.394293498746,0.396355579073,3995,0.0122734254992,0.0730085770453,126,126,126,1,0,0.126984126984,0.801587301587,0.0714285714286,126,1586,0.100698412698,4.13959233644,25.1746031746,12.8943089431,13.5555555556,17.3103804072,0.68761284089,0.386201685382,13.512820485,1.07352798305,0.553774094758,9.1295299693,0.725296832365,0.409355671651,1.25295100806,0.30267497527,5.31324438171,4.13959233644,1.25295100806,5.31324438171,0.451934229717,0.51563537134,9322,0.0286390168971,0.104410266233,126,126,126,1,0,0.0238095238095,0.904761904762,0.0714285714286,-155,-0.00984126984127,0.789381381575,-2.46031746032,-1.73594315775,-1.19868173258,-2.03018966698,-0.0122469607593,-0.00344848830033,-2.0996877279,-0.0563835820466,-0.0250804223507,-0.0228693171408,0.0629175617788,0.0320000194531,0.0551607365058,-0.0548518454857,0.970678315437,0.789381381575,0.0551607365058,0.970678315437,-0.0551856062345,-0.0482740534984,-2806,-0.00862058371736,-0.00560641525517,-0.031746031746,0.0238095238095,0.00793650793651,1558,28,183,13981,0.894887995405,0.998001284888,0.00199871511171,0.105112004595,0.982345523329,0.894887995405,0.936579501052,0.930370671947,0.892889280293,0.88072357264,425,580,0,3,3,3
471,WLNM_dir_neg_kfold,0.848574613555,0.433043988981,00:00:13,10,66.6666666667,13,15358,threshold_sweep,0.3,0.940476190476,0.681034482759,0.79,395,25,185,1135,0.681034482759,0.978448275862,0.0215517241379,0.318965517241,0.940476190476,0.681034482759,0.79,0.879310344828,0.586206896552,0.708333333333,0.72649867493,0.659482758621,1779,1199,580,0,1779,0,1199,0,580,126,1741,0.11053968254,3.35021095487,27.6349206349,14.6302521008,14.7542372881,19.3405700742,0.69985980165,0.389650173682,15.6125082129,1.12991156509,0.578854517108,9.15239928644,0.662379270587,0.377355652198,1.19779027155,0.357526820756,4.34256606628,3.35021095487,1.19779027155,4.34256606628,0.507119835952,0.563909424838,12128,0.0372596006144,0.110016681489,126,126,126,1,0,0.0555555555556,0.880952380952,0.0634920634921,126,0.0737142857143,3.00332674727,18.4285714286,10.5545454545,9.92307692308,13.5253412949,0.733933248559,0.407161314138,10.6910109104,1.16026474996,0.594226378464,6.44435522653,0.699387388926,0.393947472759,1.13778591947,0.378841869437,3.97191603983,3.00332674727,1.13778591947,3.97191603983,0.394293498746,0.396355579073,3995,0.0122734254992,0.0730085770453,126,126,126,1,0,0.126984126984,0.801587301587,0.0714285714286,126,1581,0.100380952381,4.14034510872,25.0952380952,12.8536585366,13.5128205128,17.2781612778,0.688503580331,0.386634940715,13.470921063,1.07358384183,0.553743361144,9.13770837167,0.728242412923,0.410896258145,1.25415106357,0.302909789073,5.31586312578,4.14034510872,1.25415106357,5.31586312578,0.45121751401,0.514385692068,9261,0.0284516129032,0.104407756141,126,126,126,1,0,0.0238095238095,0.904761904762,0.0714285714286,-160,-0.0101587301587,0.790134153857,-2.53968253968,-1.77659356425,-1.24141677532,-2.06240879633,-0.0113562213187,-0.0030152329677,-2.14158714991,-0.05632772326,-0.0251111559647,-0.0146909147678,0.0658631423359,0.0335406059471,0.0563607920207,-0.0546170316821,0.973297059506,0.790134153857,0.0563607920207,0.973297059506,-0.0559023219417,-0.04952373277,-2867,-0.00880798771121,-0.00560892534727,-0.031746031746,0.0238095238095,0.00793650793651,1556,25,185,13984,0.893739230327,0.998215432936,0.00178456706403,0.106260769673,0.984187223276,0.893739230327,0.936785069235,0.930701038433,0.891954663263,0.881087202718,420,580,0,3,3,3
472,WLNM_dir_neg_kfold,0.848574613555,0.433043988981,00:00:13,10,66.6666666667,13,15358,threshold_sweep,0.4,0.9675,0.66724137931,0.789795918367,387,13,193,1147,0.66724137931,0.988793103448,0.0112068965517,0.33275862069,0.9675,0.66724137931,0.789795918367,0.881609195402,0.590038314176,0.711214953271,0.734999873084,0.656034482759,1779,1199,580,0,1779,0,1199,0,580,126,1741,0.11053968254,3.35021095487,27.6349206349,14.6302521008,14.7542372881,19.3405700742,0.69985980165,0.389650173682,15.6125082129,1.12991156509,0.578854517108,9.15239928644,0.662379270587,0.377355652198,1.19779027155,0.357526820756,4.34256606628,3.35021095487,1.19779027155,4.34256606628,0.507119835952,0.563909424838,12128,0.0372596006144,0.110016681489,126,126,126,1,0,0.0555555555556,0.880952380952,0.0634920634921,126,0.0737142857143,3.00332674727,18.4285714286,10.5545454545,9.92307692308,13.5253412949,0.733933248559,0.407161314138,10.6910109104,1.16026474996,0.594226378464,6.44435522653,0.699387388926,0.393947472759,1.13778591947,0.378841869437,3.97191603983,3.00332674727,1.13778591947,3.97191603983,0.394293498746,0.396355579073,3995,0.0122734254992,0.0730085770453,126,126,126,1,0,0.126984126984,0.801587301587,0.0714285714286,126,1561,0.0991111111111,3.06414066358,24.7777777778,14.1909090909,13.3418803419,17.3859202294,0.701673910603,0.393429120527,13.6058647485,1.09823123531,0.570416806483,8.96211780527,0.723399643475,0.408331045423,1.17089546687,0.382128497164,4.094422072,3.06414066358,1.17089546687,4.094422072,0.469665295323,0.519410550028,9223,0.0283348694316,0.113220550928,126,126,126,1,0,0.126984126984,0.801587301587,0.0714285714286,-180,-0.0114285714286,-0.28607029129,-2.85714285714,-0.439343009931,-1.41235694626,-1.95464984479,0.00181410895279,0.0037789468448,-2.00664346438,-0.0316803297853,-0.00843771062496,-0.190281481168,0.0610203728882,0.030975393225,-0.0268948046817,0.0246016764086,-0.248143994275,-0.28607029129,-0.0268948046817,-0.248143994275,-0.0374545406284,-0.0444988748103,-2905,-0.0089247311828,0.00320386943984,0.0714285714286,-0.0793650793651,0.00793650793651,1548,13,193,13996,0.889144170017,0.999072025127,0.000927974873296,0.110855829983,0.991672005125,0.889144170017,0.937613567535,0.932060911121,0.888216195144,0.882554161916,400,580,0,3,3,3
473,WLNM_dir_neg_kfold,0.848574613555,0.433043988981,00:00:13,10,66.6666666667,13,15358,threshold_sweep,0.5,0.972361809045,0.66724137931,0.791411042945,387,11,193,1149,0.66724137931,0.990517241379,0.00948275862069,0.33275862069,0.972361809045,0.66724137931,0.791411042945,0.88275862069,0.590421455939,0.713751169317,0.738230095538,0.65775862069,1779,1199,580,0,1779,0,1199,0,580,126,1741,0.11053968254,3.35021095487,27.6349206349,14.6302521008,14.7542372881,19.3405700742,0.69985980165,0.389650173682,15.6125082129,1.12991156509,0.578854517108,9.15239928644,0.662379270587,0.377355652198,1.19779027155,0.357526820756,4.34256606628,3.35021095487,1.19779027155,4.34256606628,0.507119835952,0.563909424838,12128,0.0372596006144,0.110016681489,126,126,126,1,0,0.0555555555556,0.880952380952,0.0634920634921,126,0.0737142857143,3.00332674727,18.4285714286,10.5545454545,9.92307692308,13.5253412949,0.733933248559,0.407161314138,10.6910109104,1.16026474996,0.594226378464,6.44435522653,0.699387388926,0.393947472759,1.13778591947,0.378841869437,3.97191603983,3.00332674727,1.13778591947,3.97191603983,0.394293498746,0.396355579073,3995,0.0122734254992,0.0730085770453,126,126,126,1,0,0.126984126984,0.801587301587,0.0714285714286,126,1559,0.0989841269841,3.00557533116,24.746031746,14.1727272727,13.3247863248,17.4011201975,0.703188308173,0.394127289573,13.6157168754,1.10043638634,0.571525296028,8.96815176231,0.724815344484,0.40912978405,1.15599600259,0.384617211421,4.04867276286,3.00557533116,1.15599600259,4.04867276286,0.46912708782,0.51922535079,9214,0.0283072196621,0.113550815839,126,126,126,1,0,0.126984126984,0.801587301587,0.0714285714286,-182,-0.0115555555556,-0.344635623707,-2.88888888889,-0.457524828113,-1.42945096335,-1.93944987669,0.00332850652269,0.00447711589075,-1.99679133749,-0.0294751787537,-0.00732922108021,-0.184247524134,0.0624360738973,0.0317741318519,-0.0417942689668,0.0270903906657,-0.293893303419,-0.344635623707,-0.0417942689668,-0.293893303419,-0.0379927481314,-0.0446840740486,-2914,-0.00895238095238,0.0035341343499,0.0714285714286,-0.0793650793651,0.00793650793651,1548,11,193,13998,0.889144170017,0.999214790492,0.000785209508173,0.110855829983,0.992944194997,0.889144170017,0.938181818182,0.932742751678,0.888358960509,0.883561643836,398,580,0,3,3,3
474,WLNM_dir_neg_kfold,0.848574613555,0.433043988981,00:00:13,10,66.6666666667,13,15358,threshold_sweep,0.6,0.972361809045,0.66724137931,0.791411042945,387,11,193,1149,0.66724137931,0.990517241379,0.00948275862069,0.33275862069,0.972361809045,0.66724137931,0.791411042945,0.88275862069,0.590421455939,0.713751169317,0.738230095538,0.65775862069,1779,1199,580,0,1779,0,1199,0,580,126,1741,0.11053968254,3.35021095487,27.6349206349,14.6302521008,14.7542372881,19.3405700742,0.69985980165,0.389650173682,15.6125082129,1.12991156509,0.578854517108,9.15239928644,0.662379270587,0.377355652198,1.19779027155,0.357526820756,4.34256606628,3.35021095487,1.19779027155,4.34256606628,0.507119835952,0.563909424838,12128,0.0372596006144,0.110016681489,126,126,126,1,0,0.0555555555556,0.880952380952,0.0634920634921,126,0.0737142857143,3.00332674727,18.4285714286,10.5545454545,9.92307692308,13.5253412949,0.733933248559,0.407161314138,10.6910109104,1.16026474996,0.594226378464,6.44435522653,0.699387388926,0.393947472759,1.13778591947,0.378841869437,3.97191603983,3.00332674727,1.13778591947,3.97191603983,0.394293498746,0.396355579073,3995,0.0122734254992,0.0730085770453,126,126,126,1,0,0.126984126984,0.801587301587,0.0714285714286,126,1559,0.0989841269841,3.00557533116,24.746031746,14.1727272727,13.3247863248,17.4011201975,0.703188308173,0.394127289573,13.6157168754,1.10043638634,0.571525296028,8.96815176231,0.724815344484,0.40912978405,1.15599600259,0.384617211421,4.04867276286,3.00557533116,1.15599600259,4.04867276286,0.46912708782,0.51922535079,9214,0.0283072196621,0.113550815839,126,126,126,1,0,0.126984126984,0.801587301587,0.0714285714286,-182,-0.0115555555556,-0.344635623707,-2.88888888889,-0.457524828113,-1.42945096335,-1.93944987669,0.00332850652269,0.00447711589075,-1.99679133749,-0.0294751787537,-0.00732922108021,-0.184247524134,0.0624360738973,0.0317741318519,-0.0417942689668,0.0270903906657,-0.293893303419,-0.344635623707,-0.0417942689668,-0.293893303419,-0.0379927481314,-0.0446840740486,-2914,-0.00895238095238,0.0035341343499,0.0714285714286,-0.0793650793651,0.00793650793651,1548,11,193,13998,0.889144170017,0.999214790492,0.000785209508173,0.110855829983,0.992944194997,0.889144170017,0.938181818182,0.932742751678,0.888358960509,0.883561643836,398,580,0,3,3,3
475,WLNM_dir_neg_kfold,0.848574613555,0.433043988981,00:00:13,10,66.6666666667,13,15358,threshold_sweep,0.7,0.972292191436,0.665517241379,0.790174002047,386,11,194,1149,0.665517241379,0.990517241379,0.00948275862069,0.334482758621,0.972292191436,0.665517241379,0.790174002047,0.882183908046,0.59061302682,0.712213383248,0.73694724431,0.656034482759,1779,1199,580,0,1779,0,1199,0,580,126,1741,0.11053968254,3.35021095487,27.6349206349,14.6302521008,14.7542372881,19.3405700742,0.69985980165,0.389650173682,15.6125082129,1.12991156509,0.578854517108,9.15239928644,0.662379270587,0.377355652198,1.19779027155,0.357526820756,4.34256606628,3.35021095487,1.19779027155,4.34256606628,0.507119835952,0.563909424838,12128,0.0372596006144,0.110016681489,126,126,126,1,0,0.0555555555556,0.880952380952,0.0634920634921,126,0.0737142857143,3.00332674727,18.4285714286,10.5545454545,9.92307692308,13.5253412949,0.733933248559,0.407161314138,10.6910109104,1.16026474996,0.594226378464,6.44435522653,0.699387388926,0.393947472759,1.13778591947,0.378841869437,3.97191603983,3.00332674727,1.13778591947,3.97191603983,0.394293498746,0.396355579073,3995,0.0122734254992,0.0730085770453,126,126,126,1,0,0.126984126984,0.801587301587,0.0714285714286,126,1558,0.0989206349206,3.00522299299,24.7301587302,14.1636363636,13.3162393162,17.3866213847,0.70305336793,0.394054241294,13.609763069,1.10066119813,0.571622144793,8.96178837028,0.724765940087,0.409000142633,1.15544651023,0.384479458902,4.04744767953,3.00522299299,1.15544651023,4.04744767953,0.46876006371,0.518247488619,9183,0.0282119815668,0.113481993054,126,126,126,1,0,0.126984126984,0.801587301587,0.0714285714286,-183,-0.011619047619,-0.344987961876,-2.90476190476,-0.466615737204,-1.4379979719,-1.95394868947,0.00319356628057,0.00440406761195,-2.00274514394,-0.0292503669606,-0.00723237231552,-0.190610916161,0.0623866695,0.0316444904353,-0.0423437613279,0.0269526381468,-0.295118386742,-0.344987961876,-0.0423437613279,-0.295118386742,-0.0383597722417,-0.0456619362196,-2945,-0.00904761904762,0.00346531156538,0.0714285714286,-0.0793650793651,0.00793650793651,1547,11,194,13998,0.888569787478,0.999214790492,0.000785209508173,0.111430212522,0.992939666239,0.888569787478,0.937859957563,0.932405918909,0.88778457797,0.88299086758,397,580,0,3,3,3
476,WLNM_dir_neg_kfold,0.848574613555,0.433043988981,00:00:13,10,66.6666666667,13,15358,threshold_sweep,0.8,0.974747474747,0.665517241379,0.790983606557,386,10,194,1150,0.665517241379,0.991379310345,0.00862068965517,0.334482758621,0.974747474747,0.665517241379,0.790983606557,0.88275862069,0.590804597701,0.713483146067,0.738571842004,0.656896551724,1779,1199,580,0,1779,0,1199,0,580,126,1741,0.11053968254,3.35021095487,27.6349206349,14.6302521008,14.7542372881,19.3405700742,0.69985980165,0.389650173682,15.6125082129,1.12991156509,0.578854517108,9.15239928644,0.662379270587,0.377355652198,1.19779027155,0.357526820756,4.34256606628,3.35021095487,1.19779027155,4.34256606628,0.507119835952,0.563909424838,12128,0.0372596006144,0.110016681489,126,126,126,1,0,0.0555555555556,0.880952380952,0.0634920634921,126,0.0737142857143,3.00332674727,18.4285714286,10.5545454545,9.92307692308,13.5253412949,0.733933248559,0.407161314138,10.6910109104,1.16026474996,0.594226378464,6.44435522653,0.699387388926,0.393947472759,1.13778591947,0.378841869437,3.97191603983,3.00332674727,1.13778591947,3.97191603983,0.394293498746,0.396355579073,3995,0.0122734254992,0.0730085770453,126,126,126,1,0,0.126984126984,0.801587301587,0.0714285714286,126,1557,0.0988571428571,2.99939353724,24.7142857143,14.1545454545,13.3076923077,17.3863657584,0.70349456826,0.394281840332,13.6132078722,1.10164687983,0.571902621036,8.96344959106,0.72536586286,0.409369870834,1.15215434572,0.384129101906,4.04110510008,2.99939353724,1.15215434572,4.04110510008,0.468334698373,0.518160763712,9173,0.0281812596006,0.113549171452,126,126,126,1,0,0.126984126984,0.801587301587,0.0714285714286,-184,-0.0116825396825,-0.350817417625,-2.92063492063,-0.475706646295,-1.44654498044,-1.95420431574,0.00363476661013,0.0046316666496,-1.99930034073,-0.0282646852631,-0.00695189607283,-0.188949695382,0.0629865922735,0.0320142186365,-0.04563592583,0.0266022811507,-0.301460966201,-0.350817417625,-0.04563592583,-0.301460966201,-0.0387851375788,-0.0457486611261,-2955,-0.00907834101382,0.00353248996366,0.0714285714286,-0.0793650793651,0.00793650793651,1547,10,194,13999,0.888569787478,0.999286173174,0.000713826825612,0.111430212522,0.993577392421,0.888569787478,0.938144329897,0.932747428111,0.887855960653,0.883495145631,396,580,0,3,3,3
477,WLNM_dir_neg_kfold,0.848574613555,0.433043988981,00:00:13,10,66.6666666667,13,15358,threshold_sweep,0.9,0.97461928934,0.662068965517,0.788501026694,384,10,196,1150,0.662068965517,0.991379310345,0.00862068965517,0.337931034483,0.97461928934,0.662068965517,0.788501026694,0.881609195402,0.591187739464,0.710402999063,0.736009749021,0.653448275862,1779,1199,580,0,1779,0,1199,0,580,126,1741,0.11053968254,3.35021095487,27.6349206349,14.6302521008,14.7542372881,19.3405700742,0.69985980165,0.389650173682,15.6125082129,1.12991156509,0.578854517108,9.15239928644,0.662379270587,0.377355652198,1.19779027155,0.357526820756,4.34256606628,3.35021095487,1.19779027155,4.34256606628,0.507119835952,0.563909424838,12128,0.0372596006144,0.110016681489,126,126,126,1,0,0.0555555555556,0.880952380952,0.0634920634921,126,0.0737142857143,3.00332674727,18.4285714286,10.5545454545,9.92307692308,13.5253412949,0.733933248559,0.407161314138,10.6910109104,1.16026474996,0.594226378464,6.44435522653,0.699387388926,0.393947472759,1.13778591947,0.378841869437,3.97191603983,3.00332674727,1.13778591947,3.97191603983,0.394293498746,0.396355579073,3995,0.0122734254992,0.0730085770453,126,126,126,1,0,0.126984126984,0.801587301587,0.0714285714286,126,1555,0.0987301587302,2.99888512332,24.6825396825,14.1363636364,13.2905982906,17.3521875479,0.70301467236,0.394002960241,13.5989191914,1.10190599236,0.571964477109,8.94262842651,0.724611692437,0.408916449752,1.15140735133,0.383945134269,4.03933589526,2.99888512332,1.15140735133,4.03933589526,0.467518053934,0.516178387261,9109,0.0279846390169,0.113369900782,126,126,126,1,0,0.126984126984,0.801587301587,0.0714285714286,-186,-0.0118095238095,-0.351325831543,-2.95238095238,-0.493888464477,-1.46363899754,-1.98838252624,0.0031548707099,0.00435278655856,-2.0135890215,-0.0280055727345,-0.00689003999922,-0.20977085993,0.0622324218507,0.0315607975548,-0.046382920223,0.0264183135132,-0.303230171018,-0.351325831543,-0.046382920223,-0.303230171018,-0.0396017820178,-0.0477310375771,-3019,-0.00927496159754,0.00335321929342,0.0714285714286,-0.0793650793651,0.00793650793651,1545,10,196,13999,0.887421022401,0.999286173174,0.000713826825612,0.112578977599,0.993569131833,0.887421022401,0.9375,0.932073779476,0.886707195575,0.882352941176,394,580,0,3,3,3
478,WLNM_dir_neg_kfold,0.776846016647,0.494177905845,00:00:12,10,66.6666666667,14,15359,threshold_sweep,0.1,0.938388625592,0.68275862069,0.790419161677,396,26,184,1134,0.68275862069,0.977586206897,0.0224137931034,0.31724137931,0.938388625592,0.68275862069,0.790419161677,0.879310344828,0.585823754789,0.708603145236,0.726272903183,0.660344827586,1779,1199,580,0,1779,0,1199,0,580,126,1741,0.11053968254,3.35021095487,27.6349206349,14.6302521008,14.7542372881,19.3405700742,0.69985980165,0.389650173682,15.6125082129,1.12991156509,0.578854517108,9.15239928644,0.662379270587,0.377355652198,1.19779027155,0.357526820756,4.34256606628,3.35021095487,1.19779027155,4.34256606628,0.507119835952,0.563909424838,12128,0.0372596006144,0.110016681489,126,126,126,1,0,0.0555555555556,0.880952380952,0.0634920634921,126,0.0737142857143,3.00332674727,18.4285714286,10.5545454545,9.92307692308,13.5253412949,0.733933248559,0.407161314138,10.6910109104,1.16026474996,0.594226378464,6.44435522653,0.699387388926,0.393947472759,1.13778591947,0.378841869437,3.97191603983,3.00332674727,1.13778591947,3.97191603983,0.394293498746,0.396355579073,3995,0.0122734254992,0.0730085770453,126,126,126,1,0,0.126984126984,0.801587301587,0.0714285714286,126,1583,0.100507936508,1,25.126984127,12.664,13.5299145299,17.3541852598,0.690659299664,0.387695655226,13.4107395959,1.06743726411,0.551018259483,9.15073420595,0.728359134523,0.411710736095,0,0,0,NaN,NaN,NaN,0.457710844069,0.51609971436,9275,0.0284946236559,0.103276565743,126,126,0,1,2,0.00793650793651,0.920634920635,0.0714285714286,-158,-0.0100317460317,-2.35021095487,-2.50793650794,-1.96625210084,-1.22432275822,-1.98638481436,-0.00920050198594,-0.00195451845668,-2.20176861706,-0.0624743009884,-0.0278362576252,-0.00166508048957,0.0659798639362,0.0343550838971,-1.19779027155,-0.357526820756,-4.34256606628,NaN,NaN,NaN,-0.0494089918828,-0.0478097104785,-2853,-0.00876497695853,-0.00674011574568,-0.047619047619,0.0396825396825,0.00793650793651,1557,26,184,13983,0.894313612866,0.998144050253,0.00185594974659,0.105686387134,0.983575489577,0.894313612866,0.936823104693,0.93070312428,0.89245766312,0.881154499151,422,580,0,3,3,3
479,WLNM_dir_neg_kfold,0.776846016647,0.494177905845,00:00:12,10,66.6666666667,14,15359,threshold_sweep,0.2,0.947242206235,0.681034482759,0.792377131394,395,22,185,1138,0.681034482759,0.981034482759,0.0189655172414,0.318965517241,0.947242206235,0.681034482759,0.792377131394,0.881034482759,0.586781609195,0.712100139082,0.731136175426,0.662068965517,1779,1199,580,0,1779,0,1199,0,580,126,1741,0.11053968254,3.35021095487,27.6349206349,14.6302521008,14.7542372881,19.3405700742,0.69985980165,0.389650173682,15.6125082129,1.12991156509,0.578854517108,9.15239928644,0.662379270587,0.377355652198,1.19779027155,0.357526820756,4.34256606628,3.35021095487,1.19779027155,4.34256606628,0.507119835952,0.563909424838,12128,0.0372596006144,0.110016681489,126,126,126,1,0,0.0555555555556,0.880952380952,0.0634920634921,126,0.0737142857143,3.00332674727,18.4285714286,10.5545454545,9.92307692308,13.5253412949,0.733933248559,0.407161314138,10.6910109104,1.16026474996,0.594226378464,6.44435522653,0.699387388926,0.393947472759,1.13778591947,0.378841869437,3.97191603983,3.00332674727,1.13778591947,3.97191603983,0.394293498746,0.396355579073,3995,0.0122734254992,0.0730085770453,126,126,126,1,0,0.126984126984,0.801587301587,0.0714285714286,126,1578,0.10019047619,4.35362348108,25.0476190476,12.8292682927,13.4871794872,17.343982077,0.69244034908,0.388627356308,13.4412584445,1.0732563777,0.554630132577,9.10447299801,0.726973129118,0.41104874565,1.31465544106,0.301968106974,5.5861211799,4.35362348108,1.31465544106,5.5861211799,0.453454090797,0.516346314869,9250,0.0284178187404,0.105012150851,126,126,126,1,0,0.0238095238095,0.904761904762,0.0714285714286,-163,-0.0103492063492,1.00341252621,-2.5873015873,-1.80098380816,-1.26705780096,-1.99658799721,-0.00741945256989,-0.00102281737437,-2.17124976843,-0.0566551873969,-0.0242243845315,-0.0479262884327,0.0645938585317,0.0336930934518,0.116865169504,-0.0555587137819,1.24355511362,1.00341252621,0.116865169504,1.24355511362,-0.0536657451548,-0.0475631099695,-2878,-0.00884178187404,-0.00500453063773,-0.031746031746,0.0238095238095,0.00793650793651,1556,22,185,13987,0.893739230327,0.998429580984,0.00157041901635,0.106260769673,0.986058301648,0.893739230327,0.937631816812,0.931710347847,0.892168811311,0.882586500284,417,580,0,3,3,3
480,WLNM_dir_neg_kfold,0.776846016647,0.494177905845,00:00:12,10,66.6666666667,14,15359,threshold_sweep,0.3,0.967741935484,0.672413793103,0.793489318413,390,13,190,1147,0.672413793103,0.988793103448,0.0112068965517,0.327586206897,0.967741935484,0.672413793103,0.793489318413,0.883333333333,0.589463601533,0.715818945404,0.73885997247,0.661206896552,1779,1199,580,0,1779,0,1199,0,580,126,1741,0.11053968254,3.35021095487,27.6349206349,14.6302521008,14.7542372881,19.3405700742,0.69985980165,0.389650173682,15.6125082129,1.12991156509,0.578854517108,9.15239928644,0.662379270587,0.377355652198,1.19779027155,0.357526820756,4.34256606628,3.35021095487,1.19779027155,4.34256606628,0.507119835952,0.563909424838,12128,0.0372596006144,0.110016681489,126,126,126,1,0,0.0555555555556,0.880952380952,0.0634920634921,126,0.0737142857143,3.00332674727,18.4285714286,10.5545454545,9.92307692308,13.5253412949,0.733933248559,0.407161314138,10.6910109104,1.16026474996,0.594226378464,6.44435522653,0.699387388926,0.393947472759,1.13778591947,0.378841869437,3.97191603983,3.00332674727,1.13778591947,3.97191603983,0.394293498746,0.396355579073,3995,0.0122734254992,0.0730085770453,126,126,126,1,0,0.126984126984,0.801587301587,0.0714285714286,126,1564,0.0993015873016,3.51672818824,24.8253968254,13.2542372881,13.3675213675,17.4278303251,0.702016183173,0.393166686965,13.5258388819,1.08967755699,0.564649048025,9.0361671886,0.727977663532,0.411013680835,1.19321670756,0.339297393398,5.32025893781,3.51672818824,1.19321670756,5.32025893781,0.466488243722,0.520264433009,9234,0.0283686635945,0.108592853874,126,126,126,1,0,0.0634920634921,0.865079365079,0.0714285714286,-177,-0.0112380952381,0.166517233373,-2.80952380952,-1.3760148127,-1.38671592061,-1.91273974904,0.00215638152329,0.0035165132823,-2.08666933097,-0.0402340081081,-0.0142054690834,-0.11623209784,0.065598392945,0.033658028637,-0.0045735639958,-0.0182294273578,0.977692871534,0.166517233373,-0.0045735639958,0.977692871534,-0.0406315922298,-0.0436449918294,-2894,-0.00889093701997,-0.00142382761429,0.00793650793651,-0.015873015873,0.00793650793651,1551,13,190,13996,0.890867317634,0.999072025127,0.000927974873296,0.109132682366,0.99168797954,0.890867317634,0.938577912254,0.933071678988,0.88993934276,0.884264538198,403,580,0,3,3,3
481,WLNM_dir_neg_kfold,0.776846016647,0.494177905845,00:00:12,10,66.6666666667,14,15359,threshold_sweep,0.4,0.977215189873,0.665517241379,0.791794871795,386,9,194,1151,0.665517241379,0.99224137931,0.00775862068966,0.334482758621,0.977215189873,0.665517241379,0.791794871795,0.883333333333,0.590996168582,0.714754098361,0.740201311314,0.65775862069,1779,1199,580,0,1779,0,1199,0,580,126,1741,0.11053968254,3.35021095487,27.6349206349,14.6302521008,14.7542372881,19.3405700742,0.69985980165,0.389650173682,15.6125082129,1.12991156509,0.578854517108,9.15239928644,0.662379270587,0.377355652198,1.19779027155,0.357526820756,4.34256606628,3.35021095487,1.19779027155,4.34256606628,0.507119835952,0.563909424838,12128,0.0372596006144,0.110016681489,126,126,126,1,0,0.0555555555556,0.880952380952,0.0634920634921,126,0.0737142857143,3.00332674727,18.4285714286,10.5545454545,9.92307692308,13.5253412949,0.733933248559,0.407161314138,10.6910109104,1.16026474996,0.594226378464,6.44435522653,0.699387388926,0.393947472759,1.13778591947,0.378841869437,3.97191603983,3.00332674727,1.13778591947,3.97191603983,0.394293498746,0.396355579073,3995,0.0122734254992,0.0730085770453,126,126,126,1,0,0.126984126984,0.801587301587,0.0714285714286,126,1556,0.0987936507937,3.13391481865,24.6984126984,13.8928571429,13.2991452991,17.4733029923,0.707466637863,0.395948096462,13.5642574203,1.09839102504,0.57067368507,8.96688794204,0.726110463173,0.409984902273,1.22849102259,0.391998855641,4.92565225405,3.13391481865,1.22849102259,4.92565225405,0.471917430652,0.522300691114,9220,0.0283256528418,0.109563090712,126,126,126,1,0,0.111111111111,0.81746031746,0.0714285714286,-185,-0.011746031746,-0.216296136212,-2.93650793651,-0.737394957983,-1.45509198899,-1.86726708188,0.00760683621276,0.0062979227799,-2.04825079258,-0.0315205400535,-0.00818083203882,-0.1855113444,0.0637311925862,0.0326292500751,0.0307007510336,0.034472034885,0.58308618777,-0.216296136212,0.0307007510336,0.58308618777,-0.0352024052995,-0.0416087337247,-2908,-0.00893394777266,-0.000453590777084,0.0555555555556,-0.0634920634921,0.00793650793651,1547,9,194,14000,0.888569787478,0.999357555857,0.000642444143051,0.111430212522,0.994215938303,0.888569787478,0.938428874735,0.93308925113,0.887927343335,0.884,395,580,0,3,3,3
482,WLNM_dir_neg_kfold,0.776846016647,0.494177905845,00:00:12,10,66.6666666667,14,15359,threshold_sweep,0.5,0.977099236641,0.662068965517,0.789311408016,384,9,196,1151,0.662068965517,0.99224137931,0.00775862068966,0.337931034483,0.977099236641,0.662068965517,0.789311408016,0.882183908046,0.591379310345,0.711673699015,0.737643814531,0.654310344828,1779,1199,580,0,1779,0,1199,0,580,126,1741,0.11053968254,3.35021095487,27.6349206349,14.6302521008,14.7542372881,19.3405700742,0.69985980165,0.389650173682,15.6125082129,1.12991156509,0.578854517108,9.15239928644,0.662379270587,0.377355652198,1.19779027155,0.357526820756,4.34256606628,3.35021095487,1.19779027155,4.34256606628,0.507119835952,0.563909424838,12128,0.0372596006144,0.110016681489,126,126,126,1,0,0.0555555555556,0.880952380952,0.0634920634921,126,0.0737142857143,3.00332674727,18.4285714286,10.5545454545,9.92307692308,13.5253412949,0.733933248559,0.407161314138,10.6910109104,1.16026474996,0.594226378464,6.44435522653,0.699387388926,0.393947472759,1.13778591947,0.378841869437,3.97191603983,3.00332674727,1.13778591947,3.97191603983,0.394293498746,0.396355579073,3995,0.0122734254992,0.0730085770453,126,126,126,1,0,0.126984126984,0.801587301587,0.0714285714286,126,1554,0.0986666666667,3.13384387507,24.6666666667,13.875,13.2820512821,17.4686004019,0.708186502778,0.396258503401,13.5605309631,1.09950251052,0.570968928112,8.95767827062,0.726298238159,0.410155053012,1.22887499067,0.392130252706,4.92651023953,3.13384387507,1.22887499067,4.92651023953,0.470882584481,0.522950881707,9213,0.0283041474654,0.109259191435,126,126,126,1,0,0.111111111111,0.81746031746,0.0714285714286,-187,-0.011873015873,-0.216367079799,-2.96825396825,-0.75525210084,-1.47218600608,-1.8719696723,0.00832670112845,0.00660832971902,-2.05197724986,-0.0304090545753,-0.00788558899661,-0.194721015816,0.063918967572,0.0327994008145,0.0310847191167,0.0346034319502,0.583944173256,-0.216367079799,0.0310847191167,0.583944173256,-0.0362372514704,-0.040958543131,-2915,-0.008955453149,-0.000757490054053,0.0555555555556,-0.0634920634921,0.00793650793651,1545,9,196,14000,0.887421022401,0.999357555857,0.000642444143051,0.112578977599,0.994208494208,0.887421022401,0.937784522003,0.932415842727,0.886778578258,0.882857142857,393,580,0,3,3,3
483,WLNM_dir_neg_kfold,0.776846016647,0.494177905845,00:00:12,10,66.6666666667,14,15359,threshold_sweep,0.6,0.979591836735,0.662068965517,0.79012345679,384,8,196,1152,0.662068965517,0.993103448276,0.00689655172414,0.337931034483,0.979591836735,0.662068965517,0.79012345679,0.88275862069,0.591570881226,0.712945590994,0.739282821668,0.655172413793,1779,1199,580,0,1779,0,1199,0,580,126,1741,0.11053968254,3.35021095487,27.6349206349,14.6302521008,14.7542372881,19.3405700742,0.69985980165,0.389650173682,15.6125082129,1.12991156509,0.578854517108,9.15239928644,0.662379270587,0.377355652198,1.19779027155,0.357526820756,4.34256606628,3.35021095487,1.19779027155,4.34256606628,0.507119835952,0.563909424838,12128,0.0372596006144,0.110016681489,126,126,126,1,0,0.0555555555556,0.880952380952,0.0634920634921,126,0.0737142857143,3.00332674727,18.4285714286,10.5545454545,9.92307692308,13.5253412949,0.733933248559,0.407161314138,10.6910109104,1.16026474996,0.594226378464,6.44435522653,0.699387388926,0.393947472759,1.13778591947,0.378841869437,3.97191603983,3.00332674727,1.13778591947,3.97191603983,0.394293498746,0.396355579073,3995,0.0122734254992,0.0730085770453,126,126,126,1,0,0.126984126984,0.801587301587,0.0714285714286,126,1553,0.0986031746032,3.13445435803,24.6507936508,13.8660714286,13.2735042735,17.4760716228,0.708945597061,0.396600537618,13.5645593309,1.10053733142,0.571321252261,8.95573949159,0.726608612969,0.410281176218,1.22919482008,0.392155916047,4.9270314295,3.13445435803,1.22919482008,4.9270314295,0.470797770169,0.522586141613,9201,0.028267281106,0.109385825888,126,126,126,1,0,0.111111111111,0.81746031746,0.0714285714286,-188,-0.0119365079365,-0.215756596834,-2.98412698413,-0.764180672269,-1.48073301463,-1.86449845137,0.00908579541143,0.00695036393558,-2.04794888203,-0.0293742336753,-0.00753326484703,-0.196659794847,0.0642293423822,0.0329255240204,0.0314045485274,0.0346290952913,0.584465363225,-0.215756596834,0.0314045485274,0.584465363225,-0.0363220657827,-0.0413232832254,-2927,-0.00899231950845,-0.000630855601025,0.0555555555556,-0.0634920634921,0.00793650793651,1545,8,196,14001,0.887421022401,0.99942893854,0.00057106146049,0.112578977599,0.994848679974,0.887421022401,0.938069216758,0.932758220906,0.88684996094,0.883361921098,392,580,0,3,3,3
484,WLNM_dir_neg_kfold,0.776846016647,0.494177905845,00:00:12,10,66.6666666667,14,15359,threshold_sweep,0.7,0.982097186701,0.662068965517,0.790937178167,384,7,196,1153,0.662068965517,0.993965517241,0.00603448275862,0.337931034483,0.982097186701,0.662068965517,0.790937178167,0.883333333333,0.591762452107,0.714218676678,0.740926802575,0.656034482759,1779,1199,580,0,1779,0,1199,0,580,126,1741,0.11053968254,3.35021095487,27.6349206349,14.6302521008,14.7542372881,19.3405700742,0.69985980165,0.389650173682,15.6125082129,1.12991156509,0.578854517108,9.15239928644,0.662379270587,0.377355652198,1.19779027155,0.357526820756,4.34256606628,3.35021095487,1.19779027155,4.34256606628,0.507119835952,0.563909424838,12128,0.0372596006144,0.110016681489,126,126,126,1,0,0.0555555555556,0.880952380952,0.0634920634921,126,0.0737142857143,3.00332674727,18.4285714286,10.5545454545,9.92307692308,13.5253412949,0.733933248559,0.407161314138,10.6910109104,1.16026474996,0.594226378464,6.44435522653,0.699387388926,0.393947472759,1.13778591947,0.378841869437,3.97191603983,3.00332674727,1.13778591947,3.97191603983,0.394293498746,0.396355579073,3995,0.0122734254992,0.0730085770453,126,126,126,1,0,0.126984126984,0.801587301587,0.0714285714286,126,1552,0.0985396825397,3.13716576797,24.6349206349,13.8571428571,13.264957265,17.4729977621,0.709277615342,0.396723122239,13.566812916,1.10142939911,0.571500163639,8.95379320168,0.726918777971,0.410397234495,1.23074294173,0.39231045879,4.9294223805,3.13716576797,1.23074294173,4.9294223805,0.470455018683,0.522381836789,9188,0.0282273425499,0.109398019204,126,126,126,1,0,0.111111111111,0.81746031746,0.0714285714286,-189,-0.012,-0.213045186898,-3,-0.773109243697,-1.48928002318,-1.86757231208,0.00941781369234,0.00707294855625,-2.04569529689,-0.0284821659831,-0.00735435346906,-0.198606084761,0.0645395073846,0.0330415822975,0.0329526701785,0.0347836380346,0.586856314221,-0.213045186898,0.0329526701785,0.586856314221,-0.0366648172686,-0.0415275880496,-2940,-0.00903225806452,-0.000618662285067,0.0555555555556,-0.0634920634921,0.00793650793651,1545,7,196,14002,0.887421022401,0.999500321222,0.000499678777928,0.112578977599,0.995489690722,0.887421022401,0.938354084422,0.933100914519,0.886921343623,0.883867276888,391,580,0,3,3,3
485,WLNM_dir_neg_kfold,0.776846016647,0.494177905845,00:00:12,10,66.6666666667,14,15359,threshold_sweep,0.8,0.982051282051,0.660344827586,0.789690721649,383,7,197,1153,0.660344827586,0.993965517241,0.00603448275862,0.339655172414,0.982051282051,0.660344827586,0.789690721649,0.88275862069,0.591954022989,0.712676056338,0.739652262949,0.654310344828,1779,1199,580,0,1779,0,1199,0,580,126,1741,0.11053968254,3.35021095487,27.6349206349,14.6302521008,14.7542372881,19.3405700742,0.69985980165,0.389650173682,15.6125082129,1.12991156509,0.578854517108,9.15239928644,0.662379270587,0.377355652198,1.19779027155,0.357526820756,4.34256606628,3.35021095487,1.19779027155,4.34256606628,0.507119835952,0.563909424838,12128,0.0372596006144,0.110016681489,126,126,126,1,0,0.0555555555556,0.880952380952,0.0634920634921,126,0.0737142857143,3.00332674727,18.4285714286,10.5545454545,9.92307692308,13.5253412949,0.733933248559,0.407161314138,10.6910109104,1.16026474996,0.594226378464,6.44435522653,0.699387388926,0.393947472759,1.13778591947,0.378841869437,3.97191603983,3.00332674727,1.13778591947,3.97191603983,0.394293498746,0.396355579073,3995,0.0122734254992,0.0730085770453,126,126,126,1,0,0.126984126984,0.801587301587,0.0714285714286,126,1551,0.0984761904762,3.13688987336,24.619047619,13.8482142857,13.2564102564,17.4520404047,0.7088836528,0.396477439031,13.5590349425,1.10150767424,0.571505326824,8.95005187535,0.72708351792,0.410390633795,1.23038368789,0.39223043765,4.92861701618,3.13688987336,1.23038368789,4.92861701618,0.470112781104,0.521880280219,9163,0.0281505376344,0.109346820987,126,126,126,1,0,0.111111111111,0.81746031746,0.0714285714286,-190,-0.0120634920635,-0.213321081507,-3.01587301587,-0.782037815126,-1.49782703173,-1.88852966951,0.00902385115048,0.00682726534829,-2.05347327044,-0.0284038908493,-0.00734919028392,-0.202347411091,0.0647042473334,0.0330349815972,0.0325934163347,0.0347036168948,0.586050949901,-0.213321081507,0.0325934163347,0.586050949901,-0.0370070548475,-0.042029144619,-2965,-0.00910906298003,-0.000669860501578,0.0555555555556,-0.0634920634921,0.00793650793651,1544,7,197,14002,0.886846639862,0.999500321222,0.000499678777928,0.113153360138,0.995486782721,0.886846639862,0.938031591738,0.932764340569,0.886346961084,0.883295194508,390,580,0,3,3,3
486,WLNM_dir_neg_kfold,0.776846016647,0.494177905845,00:00:12,10,66.6666666667,14,15359,threshold_sweep,0.9,0.981958762887,0.656896551724,0.787190082645,381,7,199,1153,0.656896551724,0.993965517241,0.00603448275862,0.343103448276,0.981958762887,0.656896551724,0.787190082645,0.881609195402,0.592337164751,0.709586466165,0.737102264111,0.650862068966,1779,1199,580,0,1779,0,1199,0,580,126,1741,0.11053968254,3.35021095487,27.6349206349,14.6302521008,14.7542372881,19.3405700742,0.69985980165,0.389650173682,15.6125082129,1.12991156509,0.578854517108,9.15239928644,0.662379270587,0.377355652198,1.19779027155,0.357526820756,4.34256606628,3.35021095487,1.19779027155,4.34256606628,0.507119835952,0.563909424838,12128,0.0372596006144,0.110016681489,126,126,126,1,0,0.0555555555556,0.880952380952,0.0634920634921,126,0.0737142857143,3.00332674727,18.4285714286,10.5545454545,9.92307692308,13.5253412949,0.733933248559,0.407161314138,10.6910109104,1.16026474996,0.594226378464,6.44435522653,0.699387388926,0.393947472759,1.13778591947,0.378841869437,3.97191603983,3.00332674727,1.13778591947,3.97191603983,0.394293498746,0.396355579073,3995,0.0122734254992,0.0730085770453,126,126,126,1,0,0.126984126984,0.801587301587,0.0714285714286,126,1549,0.0983492063492,3.13723478797,24.5873015873,13.8303571429,13.2393162393,17.4343430464,0.709079155536,0.396533349729,13.544632862,1.10175838645,0.571577156793,8.94612091161,0.72770254026,0.410623341224,1.23090679431,0.392354056199,4.92971409348,3.13723478797,1.23090679431,4.92971409348,0.469794528102,0.520820645554,9122,0.028024577573,0.109300440012,126,126,126,1,0,0.111111111111,0.81746031746,0.0714285714286,-192,-0.0121904761905,-0.2129761669,-3.04761904762,-0.799894957983,-1.51492104882,-1.90622702774,0.00921935388574,0.00688317604662,-2.06787535097,-0.0281531786467,-0.00727736031497,-0.206278374833,0.0653232696731,0.033267689026,0.0331165227524,0.0348272354431,0.587148027199,-0.2129761669,0.0331165227524,0.587148027199,-0.0373253078494,-0.0430887792842,-3006,-0.00923502304147,-0.000716241476617,0.0555555555556,-0.0634920634921,0.00793650793651,1542,7,199,14002,0.885697874785,0.999500321222,0.000499678777928,0.114302125215,0.995480955455,0.885697874785,0.937386018237,0.932090970427,0.885198196007,0.882151029748,388,580,0,3,3,3
487,WLNM_dir_neg_kfold,0.858518133175,0.65555148944,00:00:13,10,66.6666666667,15,15360,threshold_sweep,0.1,0.926886792453,0.677586206897,0.782868525896,393,31,187,1129,0.677586206897,0.973275862069,0.026724137931,0.322413793103,0.926886792453,0.677586206897,0.782868525896,0.874712643678,0.585440613027,0.697781885397,0.714695554699,0.650862068966,1779,1199,580,0,1779,0,1199,0,580,126,1741,0.11053968254,3.35021095487,27.6349206349,14.6302521008,14.7542372881,19.3405700742,0.69985980165,0.389650173682,15.6125082129,1.12991156509,0.578854517108,9.15239928644,0.662379270587,0.377355652198,1.19779027155,0.357526820756,4.34256606628,3.35021095487,1.19779027155,4.34256606628,0.507119835952,0.563909424838,12128,0.0372596006144,0.110016681489,126,126,126,1,0,0.0555555555556,0.880952380952,0.0634920634921,126,0.0737142857143,3.00332674727,18.4285714286,10.5545454545,9.92307692308,13.5253412949,0.733933248559,0.407161314138,10.6910109104,1.16026474996,0.594226378464,6.44435522653,0.699387388926,0.393947472759,1.13778591947,0.378841869437,3.97191603983,3.00332674727,1.13778591947,3.97191603983,0.394293498746,0.396355579073,3995,0.0122734254992,0.0730085770453,126,126,126,1,0,0.126984126984,0.801587301587,0.0714285714286,126,1585,0.100634920635,6.14065959889,25.1587301587,12.68,13.547008547,17.2322547328,0.684941355308,0.385258625006,13.3250760146,1.05928049075,0.546196985629,9.21073562717,0.732209898438,0.412883681338,1.36256999488,0.221893100071,7.33662072185,6.14065959889,1.36256999488,7.33662072185,0.462265924752,0.514236554365,9265,0.0284639016897,0.104210908379,126,126,126,1,0,0.00793650793651,0.920634920635,0.0714285714286,-156,-0.00990476190476,2.79044864403,-2.47619047619,-1.95025210084,-1.20722874113,-2.10831534141,-0.0149184463415,-0.00439154867608,-2.28743219836,-0.0706310743465,-0.0326575314792,0.0583363407325,0.069830627851,0.0355280291402,0.164779723326,-0.135633720684,2.99405465557,2.79044864403,0.164779723326,2.99405465557,-0.0448539112001,-0.0496728704731,-2863,-0.00879569892473,-0.00580577310931,-0.047619047619,0.0396825396825,0.00793650793651,1554,31,187,13978,0.89259046525,0.997787136841,0.0022128631594,0.10740953475,0.980441640379,0.89259046525,0.934455802766,0.928013420989,0.89037760209,0.8769751693,424,580,0,3,3,3
488,WLNM_dir_neg_kfold,0.858518133175,0.65555148944,00:00:13,10,66.6666666667,15,15360,threshold_sweep,0.2,0.935406698565,0.674137931034,0.783567134269,391,27,189,1133,0.674137931034,0.976724137931,0.023275862069,0.325862068966,0.935406698565,0.674137931034,0.783567134269,0.875862068966,0.586590038314,0.699721964782,0.718171365715,0.650862068966,1779,1199,580,0,1779,0,1199,0,580,126,1741,0.11053968254,3.35021095487,27.6349206349,14.6302521008,14.7542372881,19.3405700742,0.69985980165,0.389650173682,15.6125082129,1.12991156509,0.578854517108,9.15239928644,0.662379270587,0.377355652198,1.19779027155,0.357526820756,4.34256606628,3.35021095487,1.19779027155,4.34256606628,0.507119835952,0.563909424838,12128,0.0372596006144,0.110016681489,126,126,126,1,0,0.0555555555556,0.880952380952,0.0634920634921,126,0.0737142857143,3.00332674727,18.4285714286,10.5545454545,9.92307692308,13.5253412949,0.733933248559,0.407161314138,10.6910109104,1.16026474996,0.594226378464,6.44435522653,0.699387388926,0.393947472759,1.13778591947,0.378841869437,3.97191603983,3.00332674727,1.13778591947,3.97191603983,0.394293498746,0.396355579073,3995,0.0122734254992,0.0730085770453,126,126,126,1,0,0.126984126984,0.801587301587,0.0714285714286,126,1579,0.100253968254,5.8922480932,25.0634920635,12.7338709677,13.4957264957,17.2300881167,0.687457600601,0.386380771435,13.3456728615,1.06494919604,0.549770298662,9.1474031357,0.729938438947,0.411889180414,1.44264066673,0.244837054366,7.13147116888,5.8922480932,1.44264066673,7.13147116888,0.45444215829,0.514697127549,9222,0.028331797235,0.103241931222,126,126,126,1,0,0.015873015873,0.912698412698,0.0714285714286,-162,-0.0102857142857,2.54203713833,-2.57142857143,-1.8963811331,-1.25851079241,-2.1104819575,-0.0124022010484,-0.00326940224774,-2.26683535139,-0.0649623690498,-0.0290842184464,-0.00499615074084,0.0675591683608,0.0345335282159,0.244850395181,-0.112689766389,2.7889051026,2.54203713833,0.244850395181,2.7889051026,-0.0526776776615,-0.0492122972897,-2906,-0.00892780337942,-0.0067747502667,-0.0396825396825,0.031746031746,0.00793650793651,1552,27,189,13982,0.891441700172,0.998072667571,0.00192733242915,0.108558299828,0.982900569981,0.891441700172,0.934939759036,0.928676822019,0.889514367743,0.877828054299,418,580,0,3,3,3
489,WLNM_dir_neg_kfold,0.858518133175,0.65555148944,00:00:13,10,66.6666666667,15,15360,threshold_sweep,0.3,0.937046004843,0.66724137931,0.779456193353,387,26,193,1134,0.66724137931,0.977586206897,0.0224137931034,0.33275862069,0.937046004843,0.66724137931,0.779456193353,0.874137931034,0.58754789272,0.694844403158,0.714457028161,0.644827586207,1779,1199,580,0,1779,0,1199,0,580,126,1741,0.11053968254,3.35021095487,27.6349206349,14.6302521008,14.7542372881,19.3405700742,0.69985980165,0.389650173682,15.6125082129,1.12991156509,0.578854517108,9.15239928644,0.662379270587,0.377355652198,1.19779027155,0.357526820756,4.34256606628,3.35021095487,1.19779027155,4.34256606628,0.507119835952,0.563909424838,12128,0.0372596006144,0.110016681489,126,126,126,1,0,0.0555555555556,0.880952380952,0.0634920634921,126,0.0737142857143,3.00332674727,18.4285714286,10.5545454545,9.92307692308,13.5253412949,0.733933248559,0.407161314138,10.6910109104,1.16026474996,0.594226378464,6.44435522653,0.699387388926,0.393947472759,1.13778591947,0.378841869437,3.97191603983,3.00332674727,1.13778591947,3.97191603983,0.394293498746,0.396355579073,3995,0.0122734254992,0.0730085770453,126,126,126,1,0,0.126984126984,0.801587301587,0.0714285714286,126,1574,0.0999365079365,5.71570764448,24.9841269841,13.1166666667,13.452991453,17.2710088307,0.691279260697,0.38838466348,13.3774413289,1.07087522709,0.553750428592,9.10977148495,0.729244731324,0.411316835078,1.61051217286,0.281769515348,6.96819510276,5.71570764448,1.61051217286,6.96819510276,0.463199068739,0.515869017632,9216,0.0283133640553,0.105442260584,126,126,126,1,0,0.047619047619,0.880952380952,0.0714285714286,-167,-0.0106031746032,2.36549668961,-2.65079365079,-1.51358543417,-1.30124583514,-2.06956124342,-0.00858054095282,-0.00126551020238,-2.23506688403,-0.059036338003,-0.0251040885168,-0.0426278014931,0.0668654607369,0.0339611828803,0.412721901301,-0.0757573054075,2.62562903649,2.36549668961,0.412721901301,2.62562903649,-0.0439207672126,-0.0480404072062,-2912,-0.00894623655914,-0.00457442090441,-0.00793650793651,0,0.00793650793651,1548,26,193,13983,0.889144170017,0.998144050253,0.00185594974659,0.110855829983,0.983481575604,0.889144170017,0.933936651584,0.927659192988,0.887288220271,0.876061120543,413,580,0,3,3,3
490,WLNM_dir_neg_kfold,0.858518133175,0.65555148944,00:00:13,10,66.6666666667,15,15360,threshold_sweep,0.4,0.937046004843,0.66724137931,0.779456193353,387,26,193,1134,0.66724137931,0.977586206897,0.0224137931034,0.33275862069,0.937046004843,0.66724137931,0.779456193353,0.874137931034,0.58754789272,0.694844403158,0.714457028161,0.644827586207,1779,1199,580,0,1779,0,1199,0,580,126,1741,0.11053968254,3.35021095487,27.6349206349,14.6302521008,14.7542372881,19.3405700742,0.69985980165,0.389650173682,15.6125082129,1.12991156509,0.578854517108,9.15239928644,0.662379270587,0.377355652198,1.19779027155,0.357526820756,4.34256606628,3.35021095487,1.19779027155,4.34256606628,0.507119835952,0.563909424838,12128,0.0372596006144,0.110016681489,126,126,126,1,0,0.0555555555556,0.880952380952,0.0634920634921,126,0.0737142857143,3.00332674727,18.4285714286,10.5545454545,9.92307692308,13.5253412949,0.733933248559,0.407161314138,10.6910109104,1.16026474996,0.594226378464,6.44435522653,0.699387388926,0.393947472759,1.13778591947,0.378841869437,3.97191603983,3.00332674727,1.13778591947,3.97191603983,0.394293498746,0.396355579073,3995,0.0122734254992,0.0730085770453,126,126,126,1,0,0.126984126984,0.801587301587,0.0714285714286,126,1574,0.0999365079365,5.71570764448,24.9841269841,13.1166666667,13.452991453,17.2710088307,0.691279260697,0.38838466348,13.3774413289,1.07087522709,0.553750428592,9.10977148495,0.729244731324,0.411316835078,1.61051217286,0.281769515348,6.96819510276,5.71570764448,1.61051217286,6.96819510276,0.463199068739,0.515869017632,9216,0.0283133640553,0.105442260584,126,126,126,1,0,0.047619047619,0.880952380952,0.0714285714286,-167,-0.0106031746032,2.36549668961,-2.65079365079,-1.51358543417,-1.30124583514,-2.06956124342,-0.00858054095282,-0.00126551020238,-2.23506688403,-0.059036338003,-0.0251040885168,-0.0426278014931,0.0668654607369,0.0339611828803,0.412721901301,-0.0757573054075,2.62562903649,2.36549668961,0.412721901301,2.62562903649,-0.0439207672126,-0.0480404072062,-2912,-0.00894623655914,-0.00457442090441,-0.00793650793651,0,0.00793650793651,1548,26,193,13983,0.889144170017,0.998144050253,0.00185594974659,0.110855829983,0.983481575604,0.889144170017,0.933936651584,0.927659192988,0.887288220271,0.876061120543,413,580,0,3,3,3
491,WLNM_dir_neg_kfold,0.858518133175,0.65555148944,00:00:13,10,66.6666666667,15,15360,threshold_sweep,0.5,0.974554707379,0.660344827586,0.787255909558,383,10,197,1150,0.660344827586,0.991379310345,0.00862068965517,0.339655172414,0.974554707379,0.660344827586,0.787255909558,0.881034482759,0.591379310345,0.708860759494,0.734728226332,0.651724137931,1779,1199,580,0,1779,0,1199,0,580,126,1741,0.11053968254,3.35021095487,27.6349206349,14.6302521008,14.7542372881,19.3405700742,0.69985980165,0.389650173682,15.6125082129,1.12991156509,0.578854517108,9.15239928644,0.662379270587,0.377355652198,1.19779027155,0.357526820756,4.34256606628,3.35021095487,1.19779027155,4.34256606628,0.507119835952,0.563909424838,12128,0.0372596006144,0.110016681489,126,126,126,1,0,0.0555555555556,0.880952380952,0.0634920634921,126,0.0737142857143,3.00332674727,18.4285714286,10.5545454545,9.92307692308,13.5253412949,0.733933248559,0.407161314138,10.6910109104,1.16026474996,0.594226378464,6.44435522653,0.699387388926,0.393947472759,1.13778591947,0.378841869437,3.97191603983,3.00332674727,1.13778591947,3.97191603983,0.394293498746,0.396355579073,3995,0.0122734254992,0.0730085770453,126,126,126,1,0,0.126984126984,0.801587301587,0.0714285714286,126,1554,0.0986666666667,3.06921617389,24.6666666667,14.1272727273,13.2820512821,17.3776868426,0.704500817944,0.394665073237,13.5079236006,1.0952370487,0.569477640906,8.9728479314,0.727528210654,0.410338910339,1.18694013754,0.386724189595,4.10275532916,3.06921617389,1.18694013754,4.10275532916,0.471978032978,0.521011106276,9179,0.0281996927803,0.112710444218,126,126,126,1,0,0.126984126984,0.801587301587,0.0714285714286,-187,-0.011873015873,-0.280994780975,-2.96825396825,-0.502979373568,-1.47218600608,-1.96288323155,0.00464101629404,0.00501489955416,-2.1045846123,-0.034674516395,-0.00937687620218,-0.179551355041,0.0651489400673,0.0329832581412,-0.010850134015,0.0291973688391,-0.239810737114,-0.280994780975,-0.010850134015,-0.239810737114,-0.0351418029738,-0.0428983185625,-2949,-0.0090599078341,0.0026937627295,0.0714285714286,-0.0793650793651,0.00793650793651,1544,10,197,13999,0.886846639862,0.999286173174,0.000713826825612,0.113153360138,0.993564993565,0.886846639862,0.93717754173,0.931736843777,0.886132813037,0.881781838949,393,580,0,3,3,3
492,WLNM_dir_neg_kfold,0.858518133175,0.65555148944,00:00:13,10,66.6666666667,15,15360,threshold_sweep,0.6,0.974554707379,0.660344827586,0.787255909558,383,10,197,1150,0.660344827586,0.991379310345,0.00862068965517,0.339655172414,0.974554707379,0.660344827586,0.787255909558,0.881034482759,0.591379310345,0.708860759494,0.734728226332,0.651724137931,1779,1199,580,0,1779,0,1199,0,580,126,1741,0.11053968254,3.35021095487,27.6349206349,14.6302521008,14.7542372881,19.3405700742,0.69985980165,0.389650173682,15.6125082129,1.12991156509,0.578854517108,9.15239928644,0.662379270587,0.377355652198,1.19779027155,0.357526820756,4.34256606628,3.35021095487,1.19779027155,4.34256606628,0.507119835952,0.563909424838,12128,0.0372596006144,0.110016681489,126,126,126,1,0,0.0555555555556,0.880952380952,0.0634920634921,126,0.0737142857143,3.00332674727,18.4285714286,10.5545454545,9.92307692308,13.5253412949,0.733933248559,0.407161314138,10.6910109104,1.16026474996,0.594226378464,6.44435522653,0.699387388926,0.393947472759,1.13778591947,0.378841869437,3.97191603983,3.00332674727,1.13778591947,3.97191603983,0.394293498746,0.396355579073,3995,0.0122734254992,0.0730085770453,126,126,126,1,0,0.126984126984,0.801587301587,0.0714285714286,126,1554,0.0986666666667,3.06921617389,24.6666666667,14.1272727273,13.2820512821,17.3776868426,0.704500817944,0.394665073237,13.5079236006,1.0952370487,0.569477640906,8.9728479314,0.727528210654,0.410338910339,1.18694013754,0.386724189595,4.10275532916,3.06921617389,1.18694013754,4.10275532916,0.471978032978,0.521011106276,9179,0.0281996927803,0.112710444218,126,126,126,1,0,0.126984126984,0.801587301587,0.0714285714286,-187,-0.011873015873,-0.280994780975,-2.96825396825,-0.502979373568,-1.47218600608,-1.96288323155,0.00464101629404,0.00501489955416,-2.1045846123,-0.034674516395,-0.00937687620218,-0.179551355041,0.0651489400673,0.0329832581412,-0.010850134015,0.0291973688391,-0.239810737114,-0.280994780975,-0.010850134015,-0.239810737114,-0.0351418029738,-0.0428983185625,-2949,-0.0090599078341,0.0026937627295,0.0714285714286,-0.0793650793651,0.00793650793651,1544,10,197,13999,0.886846639862,0.999286173174,0.000713826825612,0.113153360138,0.993564993565,0.886846639862,0.93717754173,0.931736843777,0.886132813037,0.881781838949,393,580,0,3,3,3
493,WLNM_dir_neg_kfold,0.858518133175,0.65555148944,00:00:13,10,66.6666666667,15,15360,threshold_sweep,0.7,0.974554707379,0.660344827586,0.787255909558,383,10,197,1150,0.660344827586,0.991379310345,0.00862068965517,0.339655172414,0.974554707379,0.660344827586,0.787255909558,0.881034482759,0.591379310345,0.708860759494,0.734728226332,0.651724137931,1779,1199,580,0,1779,0,1199,0,580,126,1741,0.11053968254,3.35021095487,27.6349206349,14.6302521008,14.7542372881,19.3405700742,0.69985980165,0.389650173682,15.6125082129,1.12991156509,0.578854517108,9.15239928644,0.662379270587,0.377355652198,1.19779027155,0.357526820756,4.34256606628,3.35021095487,1.19779027155,4.34256606628,0.507119835952,0.563909424838,12128,0.0372596006144,0.110016681489,126,126,126,1,0,0.0555555555556,0.880952380952,0.0634920634921,126,0.0737142857143,3.00332674727,18.4285714286,10.5545454545,9.92307692308,13.5253412949,0.733933248559,0.407161314138,10.6910109104,1.16026474996,0.594226378464,6.44435522653,0.699387388926,0.393947472759,1.13778591947,0.378841869437,3.97191603983,3.00332674727,1.13778591947,3.97191603983,0.394293498746,0.396355579073,3995,0.0122734254992,0.0730085770453,126,126,126,1,0,0.126984126984,0.801587301587,0.0714285714286,126,1554,0.0986666666667,3.06921617389,24.6666666667,14.1272727273,13.2820512821,17.3776868426,0.704500817944,0.394665073237,13.5079236006,1.0952370487,0.569477640906,8.9728479314,0.727528210654,0.410338910339,1.18694013754,0.386724189595,4.10275532916,3.06921617389,1.18694013754,4.10275532916,0.471978032978,0.521011106276,9179,0.0281996927803,0.112710444218,126,126,126,1,0,0.126984126984,0.801587301587,0.0714285714286,-187,-0.011873015873,-0.280994780975,-2.96825396825,-0.502979373568,-1.47218600608,-1.96288323155,0.00464101629404,0.00501489955416,-2.1045846123,-0.034674516395,-0.00937687620218,-0.179551355041,0.0651489400673,0.0329832581412,-0.010850134015,0.0291973688391,-0.239810737114,-0.280994780975,-0.010850134015,-0.239810737114,-0.0351418029738,-0.0428983185625,-2949,-0.0090599078341,0.0026937627295,0.0714285714286,-0.0793650793651,0.00793650793651,1544,10,197,13999,0.886846639862,0.999286173174,0.000713826825612,0.113153360138,0.993564993565,0.886846639862,0.93717754173,0.931736843777,0.886132813037,0.881781838949,393,580,0,3,3,3
494,WLNM_dir_neg_kfold,0.858518133175,0.65555148944,00:00:13,10,66.6666666667,15,15360,threshold_sweep,0.8,0.977040816327,0.660344827586,0.788065843621,383,9,197,1151,0.660344827586,0.99224137931,0.00775862068966,0.339655172414,0.977040816327,0.660344827586,0.788065843621,0.881609195402,0.591570881226,0.710131332083,0.736364600004,0.652586206897,1779,1199,580,0,1779,0,1199,0,580,126,1741,0.11053968254,3.35021095487,27.6349206349,14.6302521008,14.7542372881,19.3405700742,0.69985980165,0.389650173682,15.6125082129,1.12991156509,0.578854517108,9.15239928644,0.662379270587,0.377355652198,1.19779027155,0.357526820756,4.34256606628,3.35021095487,1.19779027155,4.34256606628,0.507119835952,0.563909424838,12128,0.0372596006144,0.110016681489,126,126,126,1,0,0.0555555555556,0.880952380952,0.0634920634921,126,0.0737142857143,3.00332674727,18.4285714286,10.5545454545,9.92307692308,13.5253412949,0.733933248559,0.407161314138,10.6910109104,1.16026474996,0.594226378464,6.44435522653,0.699387388926,0.393947472759,1.13778591947,0.378841869437,3.97191603983,3.00332674727,1.13778591947,3.97191603983,0.394293498746,0.396355579073,3995,0.0122734254992,0.0730085770453,126,126,126,1,0,0.126984126984,0.801587301587,0.0714285714286,126,1553,0.0986031746032,3.06727552933,24.6507936508,14.1181818182,13.2735042735,17.3792140031,0.705016408367,0.394868099633,13.5119676525,1.0962703955,0.56984944654,8.96109758017,0.727043332325,0.410097200503,1.18559998827,0.386531948934,4.1003967765,3.06727552933,1.18559998827,4.1003967765,0.473052307442,0.521398272989,9178,0.0281966205837,0.112815172592,126,126,126,1,0,0.126984126984,0.801587301587,0.0714285714286,-188,-0.0119365079365,-0.28293542554,-2.98412698413,-0.512070282659,-1.48073301463,-1.96135607108,0.0051566067175,0.00521792595073,-2.10054056045,-0.0336411695939,-0.00900507056867,-0.191301706272,0.0646640617385,0.0327415483052,-0.0121902832864,0.0290051281782,-0.242169289782,-0.28293542554,-0.0121902832864,-0.242169289782,-0.0340675285096,-0.0425111518495,-2950,-0.00906298003072,0.00279849110337,0.0714285714286,-0.0793650793651,0.00793650793651,1544,9,197,14000,0.886846639862,0.999357555857,0.000642444143051,0.113153360138,0.994204764971,0.886846639862,0.937462052216,0.932079027305,0.886204195719,0.882285714286,392,580,0,3,3,3
495,WLNM_dir_neg_kfold,0.858518133175,0.65555148944,00:00:13,10,66.6666666667,15,15360,threshold_sweep,0.9,0.977040816327,0.660344827586,0.788065843621,383,9,197,1151,0.660344827586,0.99224137931,0.00775862068966,0.339655172414,0.977040816327,0.660344827586,0.788065843621,0.881609195402,0.591570881226,0.710131332083,0.736364600004,0.652586206897,1779,1199,580,0,1779,0,1199,0,580,126,1741,0.11053968254,3.35021095487,27.6349206349,14.6302521008,14.7542372881,19.3405700742,0.69985980165,0.389650173682,15.6125082129,1.12991156509,0.578854517108,9.15239928644,0.662379270587,0.377355652198,1.19779027155,0.357526820756,4.34256606628,3.35021095487,1.19779027155,4.34256606628,0.507119835952,0.563909424838,12128,0.0372596006144,0.110016681489,126,126,126,1,0,0.0555555555556,0.880952380952,0.0634920634921,126,0.0737142857143,3.00332674727,18.4285714286,10.5545454545,9.92307692308,13.5253412949,0.733933248559,0.407161314138,10.6910109104,1.16026474996,0.594226378464,6.44435522653,0.699387388926,0.393947472759,1.13778591947,0.378841869437,3.97191603983,3.00332674727,1.13778591947,3.97191603983,0.394293498746,0.396355579073,3995,0.0122734254992,0.0730085770453,126,126,126,1,0,0.126984126984,0.801587301587,0.0714285714286,126,1553,0.0986031746032,3.06727552933,24.6507936508,14.1181818182,13.2735042735,17.3792140031,0.705016408367,0.394868099633,13.5119676525,1.0962703955,0.56984944654,8.96109758017,0.727043332325,0.410097200503,1.18559998827,0.386531948934,4.1003967765,3.06727552933,1.18559998827,4.1003967765,0.473052307442,0.521398272989,9178,0.0281966205837,0.112815172592,126,126,126,1,0,0.126984126984,0.801587301587,0.0714285714286,-188,-0.0119365079365,-0.28293542554,-2.98412698413,-0.512070282659,-1.48073301463,-1.96135607108,0.0051566067175,0.00521792595073,-2.10054056045,-0.0336411695939,-0.00900507056867,-0.191301706272,0.0646640617385,0.0327415483052,-0.0121902832864,0.0290051281782,-0.242169289782,-0.28293542554,-0.0121902832864,-0.242169289782,-0.0340675285096,-0.0425111518495,-2950,-0.00906298003072,0.00279849110337,0.0714285714286,-0.0793650793651,0.00793650793651,1544,9,197,14000,0.886846639862,0.999357555857,0.000642444143051,0.113153360138,0.994204764971,0.886846639862,0.937462052216,0.932079027305,0.886204195719,0.882285714286,392,580,0,3,3,3
496,WLNM_dir_neg_kfold,0.831191290131,0.388302073983,00:00:12,10,66.6666666667,16,15361,threshold_sweep,0.1,0.911832946636,0.677586206897,0.777448071217,393,38,187,1122,0.677586206897,0.96724137931,0.0327586206897,0.322413793103,0.911832946636,0.677586206897,0.777448071217,0.870689655172,0.584099616858,0.689083371718,0.704171010055,0.644827586207,1779,1199,580,0,1779,0,1199,0,580,126,1741,0.11053968254,3.35021095487,27.6349206349,14.6302521008,14.7542372881,19.3405700742,0.69985980165,0.389650173682,15.6125082129,1.12991156509,0.578854517108,9.15239928644,0.662379270587,0.377355652198,1.19779027155,0.357526820756,4.34256606628,3.35021095487,1.19779027155,4.34256606628,0.507119835952,0.563909424838,12128,0.0372596006144,0.110016681489,126,126,126,1,0,0.0555555555556,0.880952380952,0.0634920634921,126,0.0737142857143,3.00332674727,18.4285714286,10.5545454545,9.92307692308,13.5253412949,0.733933248559,0.407161314138,10.6910109104,1.16026474996,0.594226378464,6.44435522653,0.699387388926,0.393947472759,1.13778591947,0.378841869437,3.97191603983,3.00332674727,1.13778591947,3.97191603983,0.394293498746,0.396355579073,3995,0.0122734254992,0.0730085770453,126,126,126,1,0,0.126984126984,0.801587301587,0.0714285714286,126,1592,0.101079365079,NaN,25.2698412698,12.6349206349,13.6068376068,17.2938891859,0.684368730347,0.384776062854,13.4447629504,1.06409556015,0.547429608359,9.11403592234,0.721337013954,0.407633405121,NaN,NaN,NaN,NaN,NaN,NaN,0.455560745888,0.511982369064,9215,0.0283102918587,0.102766503116,126,126,0,1,2,0,0.928571428571,0.0714285714286,-149,-0.00946031746032,NaN,-2.36507936508,-1.99533146592,-1.1473996813,-2.04668088825,-0.0154910713028,-0.00487411082839,-2.16774526247,-0.0658160049451,-0.0314249087491,-0.0383633641021,0.0589577433672,0.0302777529231,NaN,NaN,NaN,NaN,NaN,NaN,-0.0515590900636,-0.051927055774,-2913,-0.00894930875576,-0.0072501783728,-0.0555555555556,0.047619047619,0.00793650793651,1554,38,187,13971,0.89259046525,0.997287458063,0.00271254193733,0.10740953475,0.976130653266,0.89259046525,0.932493249325,0.925680041698,0.889877923313,0.873524451939,431,580,0,3,3,3
497,WLNM_dir_neg_kfold,0.831191290131,0.388302073983,00:00:12,10,66.6666666667,16,15361,threshold_sweep,0.2,0.926713947991,0.675862068966,0.781655034895,392,31,188,1129,0.675862068966,0.973275862069,0.026724137931,0.324137931034,0.926713947991,0.675862068966,0.781655034895,0.874137931034,0.585632183908,0.69625520111,0.713373392947,0.649137931034,1779,1199,580,0,1779,0,1199,0,580,126,1741,0.11053968254,3.35021095487,27.6349206349,14.6302521008,14.7542372881,19.3405700742,0.69985980165,0.389650173682,15.6125082129,1.12991156509,0.578854517108,9.15239928644,0.662379270587,0.377355652198,1.19779027155,0.357526820756,4.34256606628,3.35021095487,1.19779027155,4.34256606628,0.507119835952,0.563909424838,12128,0.0372596006144,0.110016681489,126,126,126,1,0,0.0555555555556,0.880952380952,0.0634920634921,126,0.0737142857143,3.00332674727,18.4285714286,10.5545454545,9.92307692308,13.5253412949,0.733933248559,0.407161314138,10.6910109104,1.16026474996,0.594226378464,6.44435522653,0.699387388926,0.393947472759,1.13778591947,0.378841869437,3.97191603983,3.00332674727,1.13778591947,3.97191603983,0.394293498746,0.396355579073,3995,0.0122734254992,0.0730085770453,126,126,126,1,0,0.126984126984,0.801587301587,0.0714285714286,126,1584,0.100571428571,4.94488606972,25.1428571429,12.7741935484,13.5384615385,17.3356115719,0.689484551155,0.387150272567,13.4921776279,1.07324140222,0.55291005291,9.07253311611,0.721678770599,0.407467532468,1.39610682568,0.282333466534,6.31290304824,4.94488606972,1.39610682568,6.31290304824,0.454122297907,0.513409319477,9189,0.0282304147465,0.10380021147,126,126,126,1,0,0.015873015873,0.912698412698,0.0714285714286,-157,-0.00996825396825,1.59467511486,-2.49206349206,-1.85605855245,-1.21577574967,-2.00495850227,-0.0103752504951,-0.0024999011154,-2.12033058502,-0.0566701628739,-0.0259444641983,-0.0798661703323,0.0592995000128,0.0301118802698,0.198316554126,-0.0751933542219,1.97033698196,1.59467511486,0.198316554126,1.97033698196,-0.0529975380443,-0.0505001053614,-2939,-0.0090291858679,-0.00621647001886,-0.0396825396825,0.031746031746,0.00793650793651,1553,31,188,13978,0.892016082711,0.997787136841,0.0022128631594,0.107983917289,0.980429292929,0.892016082711,0.934135338346,0.92767471322,0.889803219552,0.876410835214,423,580,0,3,3,3
498,WLNM_dir_neg_kfold,0.831191290131,0.388302073983,00:00:12,10,66.6666666667,16,15361,threshold_sweep,0.3,0.926713947991,0.675862068966,0.781655034895,392,31,188,1129,0.675862068966,0.973275862069,0.026724137931,0.324137931034,0.926713947991,0.675862068966,0.781655034895,0.874137931034,0.585632183908,0.69625520111,0.713373392947,0.649137931034,1779,1199,580,0,1779,0,1199,0,580,126,1741,0.11053968254,3.35021095487,27.6349206349,14.6302521008,14.7542372881,19.3405700742,0.69985980165,0.389650173682,15.6125082129,1.12991156509,0.578854517108,9.15239928644,0.662379270587,0.377355652198,1.19779027155,0.357526820756,4.34256606628,3.35021095487,1.19779027155,4.34256606628,0.507119835952,0.563909424838,12128,0.0372596006144,0.110016681489,126,126,126,1,0,0.0555555555556,0.880952380952,0.0634920634921,126,0.0737142857143,3.00332674727,18.4285714286,10.5545454545,9.92307692308,13.5253412949,0.733933248559,0.407161314138,10.6910109104,1.16026474996,0.594226378464,6.44435522653,0.699387388926,0.393947472759,1.13778591947,0.378841869437,3.97191603983,3.00332674727,1.13778591947,3.97191603983,0.394293498746,0.396355579073,3995,0.0122734254992,0.0730085770453,126,126,126,1,0,0.126984126984,0.801587301587,0.0714285714286,126,1584,0.100571428571,4.94488606972,25.1428571429,12.7741935484,13.5384615385,17.3356115719,0.689484551155,0.387150272567,13.4921776279,1.07324140222,0.55291005291,9.07253311611,0.721678770599,0.407467532468,1.39610682568,0.282333466534,6.31290304824,4.94488606972,1.39610682568,6.31290304824,0.454122297907,0.513409319477,9189,0.0282304147465,0.10380021147,126,126,126,1,0,0.015873015873,0.912698412698,0.0714285714286,-157,-0.00996825396825,1.59467511486,-2.49206349206,-1.85605855245,-1.21577574967,-2.00495850227,-0.0103752504951,-0.0024999011154,-2.12033058502,-0.0566701628739,-0.0259444641983,-0.0798661703323,0.0592995000128,0.0301118802698,0.198316554126,-0.0751933542219,1.97033698196,1.59467511486,0.198316554126,1.97033698196,-0.0529975380443,-0.0505001053614,-2939,-0.0090291858679,-0.00621647001886,-0.0396825396825,0.031746031746,0.00793650793651,1553,31,188,13978,0.892016082711,0.997787136841,0.0022128631594,0.107983917289,0.980429292929,0.892016082711,0.934135338346,0.92767471322,0.889803219552,0.876410835214,423,580,0,3,3,3
499,WLNM_dir_neg_kfold,0.831191290131,0.388302073983,00:00:12,10,66.6666666667,16,15361,threshold_sweep,0.4,0.96,0.662068965517,0.783673469388,384,16,196,1144,0.662068965517,0.986206896552,0.0137931034483,0.337931034483,0.96,0.662068965517,0.783673469388,0.87816091954,0.590038314176,0.702803738318,0.726307364729,0.648275862069,1779,1199,580,0,1779,0,1199,0,580,126,1741,0.11053968254,3.35021095487,27.6349206349,14.6302521008,14.7542372881,19.3405700742,0.69985980165,0.389650173682,15.6125082129,1.12991156509,0.578854517108,9.15239928644,0.662379270587,0.377355652198,1.19779027155,0.357526820756,4.34256606628,3.35021095487,1.19779027155,4.34256606628,0.507119835952,0.563909424838,12128,0.0372596006144,0.110016681489,126,126,126,1,0,0.0555555555556,0.880952380952,0.0634920634921,126,0.0737142857143,3.00332674727,18.4285714286,10.5545454545,9.92307692308,13.5253412949,0.733933248559,0.407161314138,10.6910109104,1.16026474996,0.594226378464,6.44435522653,0.699387388926,0.393947472759,1.13778591947,0.378841869437,3.97191603983,3.00332674727,1.13778591947,3.97191603983,0.394293498746,0.396355579073,3995,0.0122734254992,0.0730085770453,126,126,126,1,0,0.126984126984,0.801587301587,0.0714285714286,126,1561,0.0991111111111,3.10184688473,24.7777777778,14.0630630631,13.3418803419,17.4726707238,0.705175051633,0.39498489979,13.6428573091,1.1012171819,0.571433655675,8.89761516113,0.718193152019,0.405819427921,1.21639788865,0.392152783118,4.81802082945,3.10184688473,1.21639788865,4.81802082945,0.46985338278,0.519244954701,9151,0.028113671275,0.110502689359,126,126,126,1,0,0.119047619048,0.809523809524,0.0714285714286,-180,-0.0114285714286,-0.248364070136,-2.85714285714,-0.567189037777,-1.41235694626,-1.86789935037,0.00531524998323,0.00533472610717,-1.96965090385,-0.0286943831956,-0.00742086143387,-0.25478412531,0.0558138814328,0.0284637757229,0.0186076171002,0.0346259623628,0.475454763171,-0.248364070136,0.0186076171002,0.475454763171,-0.037266453172,-0.0446644701374,-2977,-0.00914592933948,0.000486007870427,0.0634920634921,-0.0714285714286,0.00793650793651,1545,16,196,13993,0.887421022401,0.998857877079,0.00114212292098,0.112578977599,0.989750160154,0.887421022401,0.935796486978,0.930027985386,0.88627889948,0.879339783722,400,580,0,3,3,3
500,WLNM_dir_neg_kfold,0.831191290131,0.388302073983,00:00:12,10,66.6666666667,16,15361,threshold_sweep,0.5,0.964735516373,0.660344827586,0.784032753327,383,14,197,1146,0.660344827586,0.987931034483,0.0120689655172,0.339655172414,0.964735516373,0.660344827586,0.784032753327,0.878735632184,0.59061302682,0.703790360318,0.728231705284,0.648275862069,1779,1199,580,0,1779,0,1199,0,580,126,1741,0.11053968254,3.35021095487,27.6349206349,14.6302521008,14.7542372881,19.3405700742,0.69985980165,0.389650173682,15.6125082129,1.12991156509,0.578854517108,9.15239928644,0.662379270587,0.377355652198,1.19779027155,0.357526820756,4.34256606628,3.35021095487,1.19779027155,4.34256606628,0.507119835952,0.563909424838,12128,0.0372596006144,0.110016681489,126,126,126,1,0,0.0555555555556,0.880952380952,0.0634920634921,126,0.0737142857143,3.00332674727,18.4285714286,10.5545454545,9.92307692308,13.5253412949,0.733933248559,0.407161314138,10.6910109104,1.16026474996,0.594226378464,6.44435522653,0.699387388926,0.393947472759,1.13778591947,0.378841869437,3.97191603983,3.00332674727,1.13778591947,3.97191603983,0.394293498746,0.396355579073,3995,0.0122734254992,0.0730085770453,126,126,126,1,0,0.126984126984,0.801587301587,0.0714285714286,126,1558,0.0989206349206,3.09867468628,24.7301587302,14.036036036,13.3162393162,17.4742840533,0.706598135659,0.395572263993,13.6555355367,1.10436295098,0.572691892332,8.87928211026,0.718093418417,0.405780711942,1.2159609907,0.3924132456,4.81666504601,3.09867468628,1.2159609907,4.81666504601,0.469928105771,0.518860239092,9129,0.0280460829493,0.110243912996,126,126,126,1,0,0.119047619048,0.809523809524,0.0714285714286,-183,-0.011619047619,-0.251536268583,-2.90476190476,-0.594216064804,-1.4379979719,-1.86628602089,0.006738334009,0.00592209031098,-1.95697267623,-0.0255486141163,-0.00616262477594,-0.273117176175,0.0557141478301,0.0284250597448,0.0181707191495,0.0348864248446,0.474098979738,-0.251536268583,0.0181707191495,0.474098979738,-0.0371917301809,-0.0450491857463,-2999,-0.00921351766513,0.000227231507694,0.0634920634921,-0.0714285714286,0.00793650793651,1544,14,197,13995,0.886846639862,0.999000642444,0.000999357555857,0.113153360138,0.991014120668,0.886846639862,0.936041224614,0.930371251955,0.885847282306,0.879772079772,397,580,0,3,3,3
501,WLNM_dir_neg_kfold,0.831191290131,0.388302073983,00:00:12,10,66.6666666667,16,15361,threshold_sweep,0.6,0.967171717172,0.660344827586,0.784836065574,383,13,197,1147,0.660344827586,0.988793103448,0.0112068965517,0.339655172414,0.967171717172,0.660344827586,0.784836065574,0.879310344828,0.590804597701,0.705056179775,0.729848552531,0.649137931034,1779,1199,580,0,1779,0,1199,0,580,126,1741,0.11053968254,3.35021095487,27.6349206349,14.6302521008,14.7542372881,19.3405700742,0.69985980165,0.389650173682,15.6125082129,1.12991156509,0.578854517108,9.15239928644,0.662379270587,0.377355652198,1.19779027155,0.357526820756,4.34256606628,3.35021095487,1.19779027155,4.34256606628,0.507119835952,0.563909424838,12128,0.0372596006144,0.110016681489,126,126,126,1,0,0.0555555555556,0.880952380952,0.0634920634921,126,0.0737142857143,3.00332674727,18.4285714286,10.5545454545,9.92307692308,13.5253412949,0.733933248559,0.407161314138,10.6910109104,1.16026474996,0.594226378464,6.44435522653,0.699387388926,0.393947472759,1.13778591947,0.378841869437,3.97191603983,3.00332674727,1.13778591947,3.97191603983,0.394293498746,0.396355579073,3995,0.0122734254992,0.0730085770453,126,126,126,1,0,0.126984126984,0.801587301587,0.0714285714286,126,1557,0.0988571428571,3.07611489646,24.7142857143,14.027027027,13.3076923077,17.4804380462,0.707300961405,0.395867102996,13.6618969609,1.1055870373,0.573462397162,8.87825594199,0.71847157912,0.405954674741,1.2066753551,0.392272524181,4.79689364848,3.07611489646,1.2066753551,4.79689364848,0.469903576272,0.518465155077,9116,0.0280061443932,0.110470623054,126,126,126,1,0,0.119047619048,0.809523809524,0.0714285714286,-184,-0.0116825396825,-0.274096058408,-2.92063492063,-0.603225073813,-1.44654498044,-1.860132028,0.00744115975559,0.00621692931386,-1.95061125197,-0.0243245277916,-0.00539211994658,-0.274143344452,0.0560923085337,0.0285990225431,0.00888508354997,0.0347457034252,0.454327582199,-0.274096058408,0.00888508354997,0.454327582199,-0.03721625968,-0.0454442697615,-3012,-0.0092534562212,0.000453941565615,0.0634920634921,-0.0714285714286,0.00793650793651,1544,13,197,13996,0.886846639862,0.999072025127,0.000927974873296,0.113153360138,0.991650610148,0.886846639862,0.936325045482,0.930712179571,0.885918664989,0.880273660205,396,580,0,3,3,3
502,WLNM_dir_neg_kfold,0.831191290131,0.388302073983,00:00:12,10,66.6666666667,16,15361,threshold_sweep,0.7,0.967171717172,0.660344827586,0.784836065574,383,13,197,1147,0.660344827586,0.988793103448,0.0112068965517,0.339655172414,0.967171717172,0.660344827586,0.784836065574,0.879310344828,0.590804597701,0.705056179775,0.729848552531,0.649137931034,1779,1199,580,0,1779,0,1199,0,580,126,1741,0.11053968254,3.35021095487,27.6349206349,14.6302521008,14.7542372881,19.3405700742,0.69985980165,0.389650173682,15.6125082129,1.12991156509,0.578854517108,9.15239928644,0.662379270587,0.377355652198,1.19779027155,0.357526820756,4.34256606628,3.35021095487,1.19779027155,4.34256606628,0.507119835952,0.563909424838,12128,0.0372596006144,0.110016681489,126,126,126,1,0,0.0555555555556,0.880952380952,0.0634920634921,126,0.0737142857143,3.00332674727,18.4285714286,10.5545454545,9.92307692308,13.5253412949,0.733933248559,0.407161314138,10.6910109104,1.16026474996,0.594226378464,6.44435522653,0.699387388926,0.393947472759,1.13778591947,0.378841869437,3.97191603983,3.00332674727,1.13778591947,3.97191603983,0.394293498746,0.396355579073,3995,0.0122734254992,0.0730085770453,126,126,126,1,0,0.126984126984,0.801587301587,0.0714285714286,126,1557,0.0988571428571,3.07611489646,24.7142857143,14.027027027,13.3076923077,17.4804380462,0.707300961405,0.395867102996,13.6618969609,1.1055870373,0.573462397162,8.87825594199,0.71847157912,0.405954674741,1.2066753551,0.392272524181,4.79689364848,3.07611489646,1.2066753551,4.79689364848,0.469903576272,0.518465155077,9116,0.0280061443932,0.110470623054,126,126,126,1,0,0.119047619048,0.809523809524,0.0714285714286,-184,-0.0116825396825,-0.274096058408,-2.92063492063,-0.603225073813,-1.44654498044,-1.860132028,0.00744115975559,0.00621692931386,-1.95061125197,-0.0243245277916,-0.00539211994658,-0.274143344452,0.0560923085337,0.0285990225431,0.00888508354997,0.0347457034252,0.454327582199,-0.274096058408,0.00888508354997,0.454327582199,-0.03721625968,-0.0454442697615,-3012,-0.0092534562212,0.000453941565615,0.0634920634921,-0.0714285714286,0.00793650793651,1544,13,197,13996,0.886846639862,0.999072025127,0.000927974873296,0.113153360138,0.991650610148,0.886846639862,0.936325045482,0.930712179571,0.885918664989,0.880273660205,396,580,0,3,3,3
503,WLNM_dir_neg_kfold,0.831191290131,0.388302073983,00:00:12,10,66.6666666667,16,15361,threshold_sweep,0.8,0.967171717172,0.660344827586,0.784836065574,383,13,197,1147,0.660344827586,0.988793103448,0.0112068965517,0.339655172414,0.967171717172,0.660344827586,0.784836065574,0.879310344828,0.590804597701,0.705056179775,0.729848552531,0.649137931034,1779,1199,580,0,1779,0,1199,0,580,126,1741,0.11053968254,3.35021095487,27.6349206349,14.6302521008,14.7542372881,19.3405700742,0.69985980165,0.389650173682,15.6125082129,1.12991156509,0.578854517108,9.15239928644,0.662379270587,0.377355652198,1.19779027155,0.357526820756,4.34256606628,3.35021095487,1.19779027155,4.34256606628,0.507119835952,0.563909424838,12128,0.0372596006144,0.110016681489,126,126,126,1,0,0.0555555555556,0.880952380952,0.0634920634921,126,0.0737142857143,3.00332674727,18.4285714286,10.5545454545,9.92307692308,13.5253412949,0.733933248559,0.407161314138,10.6910109104,1.16026474996,0.594226378464,6.44435522653,0.699387388926,0.393947472759,1.13778591947,0.378841869437,3.97191603983,3.00332674727,1.13778591947,3.97191603983,0.394293498746,0.396355579073,3995,0.0122734254992,0.0730085770453,126,126,126,1,0,0.126984126984,0.801587301587,0.0714285714286,126,1557,0.0988571428571,3.07611489646,24.7142857143,14.027027027,13.3076923077,17.4804380462,0.707300961405,0.395867102996,13.6618969609,1.1055870373,0.573462397162,8.87825594199,0.71847157912,0.405954674741,1.2066753551,0.392272524181,4.79689364848,3.07611489646,1.2066753551,4.79689364848,0.469903576272,0.518465155077,9116,0.0280061443932,0.110470623054,126,126,126,1,0,0.119047619048,0.809523809524,0.0714285714286,-184,-0.0116825396825,-0.274096058408,-2.92063492063,-0.603225073813,-1.44654498044,-1.860132028,0.00744115975559,0.00621692931386,-1.95061125197,-0.0243245277916,-0.00539211994658,-0.274143344452,0.0560923085337,0.0285990225431,0.00888508354997,0.0347457034252,0.454327582199,-0.274096058408,0.00888508354997,0.454327582199,-0.03721625968,-0.0454442697615,-3012,-0.0092534562212,0.000453941565615,0.0634920634921,-0.0714285714286,0.00793650793651,1544,13,197,13996,0.886846639862,0.999072025127,0.000927974873296,0.113153360138,0.991650610148,0.886846639862,0.936325045482,0.930712179571,0.885918664989,0.880273660205,396,580,0,3,3,3
504,WLNM_dir_neg_kfold,0.831191290131,0.388302073983,00:00:12,10,66.6666666667,16,15361,threshold_sweep,0.9,0.967088607595,0.658620689655,0.78358974359,382,13,198,1147,0.658620689655,0.988793103448,0.0112068965517,0.341379310345,0.967088607595,0.658620689655,0.78358974359,0.878735632184,0.590996168582,0.703512880562,0.728559875226,0.647413793103,1779,1199,580,0,1779,0,1199,0,580,126,1741,0.11053968254,3.35021095487,27.6349206349,14.6302521008,14.7542372881,19.3405700742,0.69985980165,0.389650173682,15.6125082129,1.12991156509,0.578854517108,9.15239928644,0.662379270587,0.377355652198,1.19779027155,0.357526820756,4.34256606628,3.35021095487,1.19779027155,4.34256606628,0.507119835952,0.563909424838,12128,0.0372596006144,0.110016681489,126,126,126,1,0,0.0555555555556,0.880952380952,0.0634920634921,126,0.0737142857143,3.00332674727,18.4285714286,10.5545454545,9.92307692308,13.5253412949,0.733933248559,0.407161314138,10.6910109104,1.16026474996,0.594226378464,6.44435522653,0.699387388926,0.393947472759,1.13778591947,0.378841869437,3.97191603983,3.00332674727,1.13778591947,3.97191603983,0.394293498746,0.396355579073,3995,0.0122734254992,0.0730085770453,126,126,126,1,0,0.126984126984,0.801587301587,0.0714285714286,126,1556,0.0987936507937,3.07560915104,24.6984126984,14.018018018,13.2991452991,17.4815421934,0.707800230196,0.3960909128,13.664153079,1.10648026218,0.573642224671,8.8636944535,0.717754178112,0.405649406292,1.20656126323,0.392299932786,4.79659849891,3.07560915104,1.20656126323,4.79659849891,0.468514935344,0.518633068954,9111,0.0279907834101,0.110148553641,126,126,126,1,0,0.119047619048,0.809523809524,0.0714285714286,-185,-0.011746031746,-0.274601803822,-2.93650793651,-0.612234082822,-1.45509198899,-1.85902788074,0.00794042854648,0.00644073911809,-1.94835513396,-0.0234313029159,-0.00521229243789,-0.288704832935,0.0553749075249,0.0282937540944,0.00877099167821,0.0347731120309,0.454032432629,-0.274601803822,0.00877099167821,0.454032432629,-0.0386049006073,-0.0452763558847,-3017,-0.0092688172043,0.000131872152636,0.0634920634921,-0.0714285714286,0.00793650793651,1543,13,198,13996,0.886272257323,0.999072025127,0.000927974873296,0.113727742677,0.991645244216,0.886272257323,0.936002426448,0.930374810173,0.88534428245,0.879703534778,395,580,0,3,3,3
505,WLNM_dir_neg_kfold,0.899758472057,0.599262816906,00:00:12,10,66.6666666667,17,15362,threshold_sweep,0.1,0.940476190476,0.681034482759,0.79,395,25,185,1135,0.681034482759,0.978448275862,0.0215517241379,0.318965517241,0.940476190476,0.681034482759,0.79,0.879310344828,0.586206896552,0.708333333333,0.72649867493,0.659482758621,1779,1199,580,0,1779,0,1199,0,580,126,1741,0.11053968254,3.35021095487,27.6349206349,14.6302521008,14.7542372881,19.3405700742,0.69985980165,0.389650173682,15.6125082129,1.12991156509,0.578854517108,9.15239928644,0.662379270587,0.377355652198,1.19779027155,0.357526820756,4.34256606628,3.35021095487,1.19779027155,4.34256606628,0.507119835952,0.563909424838,12128,0.0372596006144,0.110016681489,126,126,126,1,0,0.0555555555556,0.880952380952,0.0634920634921,126,0.0737142857143,3.00332674727,18.4285714286,10.5545454545,9.92307692308,13.5253412949,0.733933248559,0.407161314138,10.6910109104,1.16026474996,0.594226378464,6.44435522653,0.699387388926,0.393947472759,1.13778591947,0.378841869437,3.97191603983,3.00332674727,1.13778591947,3.97191603983,0.394293498746,0.396355579073,3995,0.0122734254992,0.0730085770453,126,126,126,1,0,0.126984126984,0.801587301587,0.0714285714286,126,1581,0.100380952381,NaN,25.0952380952,12.5476190476,13.5128205128,17.2943591134,0.689149034879,0.387141953556,13.4084195297,1.06860269497,0.550139052037,9.13332985749,0.727893461128,0.41154884893,NaN,NaN,NaN,NaN,NaN,NaN,0.453571116975,0.515955081165,9281,0.0285130568356,0.102583007734,126,126,0,1,2,0,0.928571428571,0.0714285714286,-160,-0.0101587301587,NaN,-2.53968253968,-2.08263305322,-1.24141677532,-2.04621096078,-0.0107107667709,-0.00250822012672,-2.20408868317,-0.061308870123,-0.0287154650718,-0.0190694289494,0.0655141905416,0.0341931967326,NaN,NaN,NaN,NaN,NaN,NaN,-0.0535487189771,-0.0479543436732,-2847,-0.0087465437788,-0.00743367375509,-0.0555555555556,0.047619047619,0.00793650793651,1556,25,185,13984,0.893739230327,0.998215432936,0.00178456706403,0.106260769673,0.984187223276,0.893739230327,0.936785069235,0.930701038433,0.891954663263,0.881087202718,420,580,0,3,3,3
506,WLNM_dir_neg_kfold,0.899758472057,0.599262816906,00:00:12,10,66.6666666667,17,15362,threshold_sweep,0.2,0.958435207824,0.675862068966,0.79271991911,392,17,188,1143,0.675862068966,0.985344827586,0.0146551724138,0.324137931034,0.958435207824,0.675862068966,0.79271991911,0.882183908046,0.588314176245,0.713820381573,0.735071668668,0.661206896552,1779,1199,580,0,1779,0,1199,0,580,126,1741,0.11053968254,3.35021095487,27.6349206349,14.6302521008,14.7542372881,19.3405700742,0.69985980165,0.389650173682,15.6125082129,1.12991156509,0.578854517108,9.15239928644,0.662379270587,0.377355652198,1.19779027155,0.357526820756,4.34256606628,3.35021095487,1.19779027155,4.34256606628,0.507119835952,0.563909424838,12128,0.0372596006144,0.110016681489,126,126,126,1,0,0.0555555555556,0.880952380952,0.0634920634921,126,0.0737142857143,3.00332674727,18.4285714286,10.5545454545,9.92307692308,13.5253412949,0.733933248559,0.407161314138,10.6910109104,1.16026474996,0.594226378464,6.44435522653,0.699387388926,0.393947472759,1.13778591947,0.378841869437,3.97191603983,3.00332674727,1.13778591947,3.97191603983,0.394293498746,0.396355579073,3995,0.0122734254992,0.0730085770453,126,126,126,1,0,0.126984126984,0.801587301587,0.0714285714286,126,1570,0.0996825396825,5.27901385618,24.9206349206,12.7642276423,13.4188034188,17.2944398809,0.693980708596,0.389268021434,13.4364583391,1.07833996862,0.556232939035,9.09474643398,0.729896847568,0.411960368011,1.4531655118,0.275272153358,6.52762112522,5.27901385618,1.4531655118,6.52762112522,0.449870278791,0.515137366229,9194,0.0282457757296,0.103698442705,126,126,126,1,0,0.0238095238095,0.904761904762,0.0714285714286,-171,-0.0108571428571,1.92880290131,-2.71428571429,-1.86602445856,-1.33543386933,-2.04613019328,-0.00587909305368,-0.000382152248713,-2.17604987382,-0.0515715964776,-0.0226215780729,-0.0576528524581,0.0675175769813,0.0346047158136,0.255375240243,-0.0822546673975,2.18505505894,1.92880290131,0.255375240243,2.18505505894,-0.0572495571608,-0.0487720586094,-2934,-0.00901382488479,-0.00631823878357,-0.031746031746,0.0238095238095,0.00793650793651,1553,17,188,13992,0.892016082711,0.998786494396,0.00121350560354,0.107983917289,0.989171974522,0.892016082711,0.938085170643,0.9323875726,0.890802577108,0.883390216155,409,580,0,3,3,3
507,WLNM_dir_neg_kfold,0.899758472057,0.599262816906,00:00:12,10,66.6666666667,17,15362,threshold_sweep,0.3,0.977329974811,0.668965517241,0.794268167861,388,9,192,1151,0.668965517241,0.99224137931,0.00775862068966,0.331034482759,0.977329974811,0.668965517241,0.794268167861,0.884482758621,0.59061302682,0.717828731867,0.742757603661,0.661206896552,1779,1199,580,0,1779,0,1199,0,580,126,1741,0.11053968254,3.35021095487,27.6349206349,14.6302521008,14.7542372881,19.3405700742,0.69985980165,0.389650173682,15.6125082129,1.12991156509,0.578854517108,9.15239928644,0.662379270587,0.377355652198,1.19779027155,0.357526820756,4.34256606628,3.35021095487,1.19779027155,4.34256606628,0.507119835952,0.563909424838,12128,0.0372596006144,0.110016681489,126,126,126,1,0,0.0555555555556,0.880952380952,0.0634920634921,126,0.0737142857143,3.00332674727,18.4285714286,10.5545454545,9.92307692308,13.5253412949,0.733933248559,0.407161314138,10.6910109104,1.16026474996,0.594226378464,6.44435522653,0.699387388926,0.393947472759,1.13778591947,0.378841869437,3.97191603983,3.00332674727,1.13778591947,3.97191603983,0.394293498746,0.396355579073,3995,0.0122734254992,0.0730085770453,126,126,126,1,0,0.126984126984,0.801587301587,0.0714285714286,126,1558,0.0989206349206,1,24.7301587302,13.2033898305,13.3162393162,17.3460832229,0.701414148293,0.39292845936,13.5136098358,1.09288500597,0.565702875074,9.01962586772,0.729443427043,0.411628665159,0,0,0,NaN,NaN,NaN,0.4609505819,0.518455711944,9172,0.028178187404,0.108154484495,126,126,0,1,2,0.0634920634921,0.865079365079,0.0714285714286,-183,-0.011619047619,-2.35021095487,-2.90476190476,-1.42686227033,-1.4379979719,-1.9944868513,0.00155434664323,0.00327828567744,-2.09889837714,-0.037026559119,-0.0131516420345,-0.132773418719,0.0670641564562,0.0342730129611,-1.19779027155,-0.357526820756,-4.34256606628,NaN,NaN,NaN,-0.0461692540518,-0.0454537128945,-2956,-0.00908141321045,-0.00186219699358,0.00793650793651,-0.015873015873,0.00793650793651,1549,9,192,14000,0.889718552556,0.999357555857,0.000642444143051,0.110281447444,0.994223363286,0.889718552556,0.939072446196,0.933762363546,0.889076108413,0.885142857143,397,580,0,3,3,3
508,WLNM_dir_neg_kfold,0.899758472057,0.599262816906,00:00:12,10,66.6666666667,17,15362,threshold_sweep,0.4,0.982051282051,0.660344827586,0.789690721649,383,7,197,1153,0.660344827586,0.993965517241,0.00603448275862,0.339655172414,0.982051282051,0.660344827586,0.789690721649,0.88275862069,0.591954022989,0.712676056338,0.739652262949,0.654310344828,1779,1199,580,0,1779,0,1199,0,580,126,1741,0.11053968254,3.35021095487,27.6349206349,14.6302521008,14.7542372881,19.3405700742,0.69985980165,0.389650173682,15.6125082129,1.12991156509,0.578854517108,9.15239928644,0.662379270587,0.377355652198,1.19779027155,0.357526820756,4.34256606628,3.35021095487,1.19779027155,4.34256606628,0.507119835952,0.563909424838,12128,0.0372596006144,0.110016681489,126,126,126,1,0,0.0555555555556,0.880952380952,0.0634920634921,126,0.0737142857143,3.00332674727,18.4285714286,10.5545454545,9.92307692308,13.5253412949,0.733933248559,0.407161314138,10.6910109104,1.16026474996,0.594226378464,6.44435522653,0.699387388926,0.393947472759,1.13778591947,0.378841869437,3.97191603983,3.00332674727,1.13778591947,3.97191603983,0.394293498746,0.396355579073,3995,0.0122734254992,0.0730085770453,126,126,126,1,0,0.126984126984,0.801587301587,0.0714285714286,126,1551,0.0984761904762,3.1453768742,24.619047619,13.8482142857,13.2564102564,17.3743982424,0.705729909266,0.395203299459,13.549591454,1.10074050497,0.571177837135,8.94915798114,0.727010899822,0.410185952739,1.16997852771,0.371967676532,4.19188222419,3.1453768742,1.16997852771,4.19188222419,0.469458262645,0.519164158764,9143,0.028089093702,0.110285305832,126,126,126,1,0,0.111111111111,0.81746031746,0.0714285714286,-190,-0.0120634920635,-0.204834080671,-3.01587301587,-0.782037815126,-1.49782703173,-1.96617183176,0.00587010761618,0.00555312577628,-2.06291675888,-0.0291710601229,-0.00767667997311,-0.203241305298,0.0646316292353,0.0328303005414,-0.0278117438418,0.0144408557764,-0.150683842088,-0.204834080671,-0.0278117438418,-0.150683842088,-0.0376615733069,-0.044745266074,-2985,-0.00917050691244,0.000268624343249,0.0555555555556,-0.0634920634921,0.00793650793651,1544,7,197,14002,0.886846639862,0.999500321222,0.000499678777928,0.113153360138,0.995486782721,0.886846639862,0.938031591738,0.932764340569,0.886346961084,0.883295194508,390,580,0,3,3,3
509,WLNM_dir_neg_kfold,0.899758472057,0.599262816906,00:00:12,10,66.6666666667,17,15362,threshold_sweep,0.5,0.982051282051,0.660344827586,0.789690721649,383,7,197,1153,0.660344827586,0.993965517241,0.00603448275862,0.339655172414,0.982051282051,0.660344827586,0.789690721649,0.88275862069,0.591954022989,0.712676056338,0.739652262949,0.654310344828,1779,1199,580,0,1779,0,1199,0,580,126,1741,0.11053968254,3.35021095487,27.6349206349,14.6302521008,14.7542372881,19.3405700742,0.69985980165,0.389650173682,15.6125082129,1.12991156509,0.578854517108,9.15239928644,0.662379270587,0.377355652198,1.19779027155,0.357526820756,4.34256606628,3.35021095487,1.19779027155,4.34256606628,0.507119835952,0.563909424838,12128,0.0372596006144,0.110016681489,126,126,126,1,0,0.0555555555556,0.880952380952,0.0634920634921,126,0.0737142857143,3.00332674727,18.4285714286,10.5545454545,9.92307692308,13.5253412949,0.733933248559,0.407161314138,10.6910109104,1.16026474996,0.594226378464,6.44435522653,0.699387388926,0.393947472759,1.13778591947,0.378841869437,3.97191603983,3.00332674727,1.13778591947,3.97191603983,0.394293498746,0.396355579073,3995,0.0122734254992,0.0730085770453,126,126,126,1,0,0.126984126984,0.801587301587,0.0714285714286,126,1551,0.0984761904762,3.1453768742,24.619047619,13.8482142857,13.2564102564,17.3743982424,0.705729909266,0.395203299459,13.549591454,1.10074050497,0.571177837135,8.94915798114,0.727010899822,0.410185952739,1.16997852771,0.371967676532,4.19188222419,3.1453768742,1.16997852771,4.19188222419,0.469458262645,0.519164158764,9143,0.028089093702,0.110285305832,126,126,126,1,0,0.111111111111,0.81746031746,0.0714285714286,-190,-0.0120634920635,-0.204834080671,-3.01587301587,-0.782037815126,-1.49782703173,-1.96617183176,0.00587010761618,0.00555312577628,-2.06291675888,-0.0291710601229,-0.00767667997311,-0.203241305298,0.0646316292353,0.0328303005414,-0.0278117438418,0.0144408557764,-0.150683842088,-0.204834080671,-0.0278117438418,-0.150683842088,-0.0376615733069,-0.044745266074,-2985,-0.00917050691244,0.000268624343249,0.0555555555556,-0.0634920634921,0.00793650793651,1544,7,197,14002,0.886846639862,0.999500321222,0.000499678777928,0.113153360138,0.995486782721,0.886846639862,0.938031591738,0.932764340569,0.886346961084,0.883295194508,390,580,0,3,3,3
510,WLNM_dir_neg_kfold,0.899758472057,0.599262816906,00:00:12,10,66.6666666667,17,15362,threshold_sweep,0.6,0.982051282051,0.660344827586,0.789690721649,383,7,197,1153,0.660344827586,0.993965517241,0.00603448275862,0.339655172414,0.982051282051,0.660344827586,0.789690721649,0.88275862069,0.591954022989,0.712676056338,0.739652262949,0.654310344828,1779,1199,580,0,1779,0,1199,0,580,126,1741,0.11053968254,3.35021095487,27.6349206349,14.6302521008,14.7542372881,19.3405700742,0.69985980165,0.389650173682,15.6125082129,1.12991156509,0.578854517108,9.15239928644,0.662379270587,0.377355652198,1.19779027155,0.357526820756,4.34256606628,3.35021095487,1.19779027155,4.34256606628,0.507119835952,0.563909424838,12128,0.0372596006144,0.110016681489,126,126,126,1,0,0.0555555555556,0.880952380952,0.0634920634921,126,0.0737142857143,3.00332674727,18.4285714286,10.5545454545,9.92307692308,13.5253412949,0.733933248559,0.407161314138,10.6910109104,1.16026474996,0.594226378464,6.44435522653,0.699387388926,0.393947472759,1.13778591947,0.378841869437,3.97191603983,3.00332674727,1.13778591947,3.97191603983,0.394293498746,0.396355579073,3995,0.0122734254992,0.0730085770453,126,126,126,1,0,0.126984126984,0.801587301587,0.0714285714286,126,1551,0.0984761904762,3.1453768742,24.619047619,13.8482142857,13.2564102564,17.3743982424,0.705729909266,0.395203299459,13.549591454,1.10074050497,0.571177837135,8.94915798114,0.727010899822,0.410185952739,1.16997852771,0.371967676532,4.19188222419,3.1453768742,1.16997852771,4.19188222419,0.469458262645,0.519164158764,9143,0.028089093702,0.110285305832,126,126,126,1,0,0.111111111111,0.81746031746,0.0714285714286,-190,-0.0120634920635,-0.204834080671,-3.01587301587,-0.782037815126,-1.49782703173,-1.96617183176,0.00587010761618,0.00555312577628,-2.06291675888,-0.0291710601229,-0.00767667997311,-0.203241305298,0.0646316292353,0.0328303005414,-0.0278117438418,0.0144408557764,-0.150683842088,-0.204834080671,-0.0278117438418,-0.150683842088,-0.0376615733069,-0.044745266074,-2985,-0.00917050691244,0.000268624343249,0.0555555555556,-0.0634920634921,0.00793650793651,1544,7,197,14002,0.886846639862,0.999500321222,0.000499678777928,0.113153360138,0.995486782721,0.886846639862,0.938031591738,0.932764340569,0.886346961084,0.883295194508,390,580,0,3,3,3
511,WLNM_dir_neg_kfold,0.899758472057,0.599262816906,00:00:12,10,66.6666666667,17,15362,threshold_sweep,0.7,0.981958762887,0.656896551724,0.787190082645,381,7,199,1153,0.656896551724,0.993965517241,0.00603448275862,0.343103448276,0.981958762887,0.656896551724,0.787190082645,0.881609195402,0.592337164751,0.709586466165,0.737102264111,0.650862068966,1779,1199,580,0,1779,0,1199,0,580,126,1741,0.11053968254,3.35021095487,27.6349206349,14.6302521008,14.7542372881,19.3405700742,0.69985980165,0.389650173682,15.6125082129,1.12991156509,0.578854517108,9.15239928644,0.662379270587,0.377355652198,1.19779027155,0.357526820756,4.34256606628,3.35021095487,1.19779027155,4.34256606628,0.507119835952,0.563909424838,12128,0.0372596006144,0.110016681489,126,126,126,1,0,0.0555555555556,0.880952380952,0.0634920634921,126,0.0737142857143,3.00332674727,18.4285714286,10.5545454545,9.92307692308,13.5253412949,0.733933248559,0.407161314138,10.6910109104,1.16026474996,0.594226378464,6.44435522653,0.699387388926,0.393947472759,1.13778591947,0.378841869437,3.97191603983,3.00332674727,1.13778591947,3.97191603983,0.394293498746,0.396355579073,3995,0.0122734254992,0.0730085770453,126,126,126,1,0,0.126984126984,0.801587301587,0.0714285714286,126,1549,0.0983492063492,3.1445894088,24.5873015873,13.8303571429,13.2393162393,17.3330988995,0.704961414247,0.394965517948,13.519211492,1.09969054099,0.571013557134,8.94254322691,0.727411521362,0.410336417761,1.16886531274,0.371706814718,4.18914221907,3.1445894088,1.16886531274,4.18914221907,0.469105068445,0.518225760591,9113,0.0279969278034,0.110208040064,126,126,126,1,0,0.111111111111,0.81746031746,0.0714285714286,-192,-0.0121904761905,-0.205621546061,-3.04761904762,-0.799894957983,-1.51492104882,-2.00747117465,0.00510161259766,0.00531534426575,-2.09329672093,-0.0302210241054,-0.00784095997476,-0.209856059533,0.0650322507756,0.0329807655629,-0.0289249588105,0.0141799939626,-0.153423847211,-0.205621546061,-0.0289249588105,-0.153423847211,-0.038014767507,-0.045683664247,-3015,-0.00926267281106,0.000191358574917,0.0555555555556,-0.0634920634921,0.00793650793651,1542,7,199,14002,0.885697874785,0.999500321222,0.000499678777928,0.114302125215,0.995480955455,0.885697874785,0.937386018237,0.932090970427,0.885198196007,0.882151029748,388,580,0,3,3,3
512,WLNM_dir_neg_kfold,0.899758472057,0.599262816906,00:00:12,10,66.6666666667,17,15362,threshold_sweep,0.8,0.981958762887,0.656896551724,0.787190082645,381,7,199,1153,0.656896551724,0.993965517241,0.00603448275862,0.343103448276,0.981958762887,0.656896551724,0.787190082645,0.881609195402,0.592337164751,0.709586466165,0.737102264111,0.650862068966,1779,1199,580,0,1779,0,1199,0,580,126,1741,0.11053968254,3.35021095487,27.6349206349,14.6302521008,14.7542372881,19.3405700742,0.69985980165,0.389650173682,15.6125082129,1.12991156509,0.578854517108,9.15239928644,0.662379270587,0.377355652198,1.19779027155,0.357526820756,4.34256606628,3.35021095487,1.19779027155,4.34256606628,0.507119835952,0.563909424838,12128,0.0372596006144,0.110016681489,126,126,126,1,0,0.0555555555556,0.880952380952,0.0634920634921,126,0.0737142857143,3.00332674727,18.4285714286,10.5545454545,9.92307692308,13.5253412949,0.733933248559,0.407161314138,10.6910109104,1.16026474996,0.594226378464,6.44435522653,0.699387388926,0.393947472759,1.13778591947,0.378841869437,3.97191603983,3.00332674727,1.13778591947,3.97191603983,0.394293498746,0.396355579073,3995,0.0122734254992,0.0730085770453,126,126,126,1,0,0.126984126984,0.801587301587,0.0714285714286,126,1549,0.0983492063492,3.1445894088,24.5873015873,13.8303571429,13.2393162393,17.3330988995,0.704961414247,0.394965517948,13.519211492,1.09969054099,0.571013557134,8.94254322691,0.727411521362,0.410336417761,1.16886531274,0.371706814718,4.18914221907,3.1445894088,1.16886531274,4.18914221907,0.469105068445,0.518225760591,9113,0.0279969278034,0.110208040064,126,126,126,1,0,0.111111111111,0.81746031746,0.0714285714286,-192,-0.0121904761905,-0.205621546061,-3.04761904762,-0.799894957983,-1.51492104882,-2.00747117465,0.00510161259766,0.00531534426575,-2.09329672093,-0.0302210241054,-0.00784095997476,-0.209856059533,0.0650322507756,0.0329807655629,-0.0289249588105,0.0141799939626,-0.153423847211,-0.205621546061,-0.0289249588105,-0.153423847211,-0.038014767507,-0.045683664247,-3015,-0.00926267281106,0.000191358574917,0.0555555555556,-0.0634920634921,0.00793650793651,1542,7,199,14002,0.885697874785,0.999500321222,0.000499678777928,0.114302125215,0.995480955455,0.885697874785,0.937386018237,0.932090970427,0.885198196007,0.882151029748,388,580,0,3,3,3
513,WLNM_dir_neg_kfold,0.899758472057,0.599262816906,00:00:12,10,66.6666666667,17,15362,threshold_sweep,0.9,0.981865284974,0.653448275862,0.784679089027,379,7,201,1153,0.653448275862,0.993965517241,0.00603448275862,0.346551724138,0.981865284974,0.653448275862,0.784679089027,0.880459770115,0.592720306513,0.706491063029,0.734551000591,0.647413793103,1779,1199,580,0,1779,0,1199,0,580,126,1741,0.11053968254,3.35021095487,27.6349206349,14.6302521008,14.7542372881,19.3405700742,0.69985980165,0.389650173682,15.6125082129,1.12991156509,0.578854517108,9.15239928644,0.662379270587,0.377355652198,1.19779027155,0.357526820756,4.34256606628,3.35021095487,1.19779027155,4.34256606628,0.507119835952,0.563909424838,12128,0.0372596006144,0.110016681489,126,126,126,1,0,0.0555555555556,0.880952380952,0.0634920634921,126,0.0737142857143,3.00332674727,18.4285714286,10.5545454545,9.92307692308,13.5253412949,0.733933248559,0.407161314138,10.6910109104,1.16026474996,0.594226378464,6.44435522653,0.699387388926,0.393947472759,1.13778591947,0.378841869437,3.97191603983,3.00332674727,1.13778591947,3.97191603983,0.394293498746,0.396355579073,3995,0.0122734254992,0.0730085770453,126,126,126,1,0,0.126984126984,0.801587301587,0.0714285714286,126,1547,0.0982222222222,3.14433674273,24.5555555556,13.8125,13.2222222222,17.2874778059,0.704014933271,0.394783554447,13.4709399161,1.09718062665,0.570469213326,8.94931406434,0.728903407955,0.411174726301,1.16854025775,0.371633305643,4.18826257731,3.14433674273,1.16854025775,4.18826257731,0.468743941152,0.518602179112,9107,0.0279784946237,0.110217581292,126,126,126,1,0,0.111111111111,0.81746031746,0.0714285714286,-194,-0.0123174603175,-0.205874212139,-3.07936507937,-0.81775210084,-1.53201506591,-2.05309226828,0.00415513162142,0.00513338076508,-2.14156829685,-0.0327309384456,-0.00838530378204,-0.203085222098,0.0665241373688,0.0338190741031,-0.0292500138003,0.0141064848872,-0.15430348897,-0.205874212139,-0.0292500138003,-0.15430348897,-0.0383758948001,-0.045307245726,-3021,-0.00928110599078,0.000200899803306,0.0555555555556,-0.0634920634921,0.00793650793651,1540,7,201,14002,0.884549109707,0.999500321222,0.000499678777928,0.115450890293,0.995475113122,0.884549109707,0.936739659367,0.931417303358,0.884049430929,0.881006864989,386,580,0,3,3,3
514,WLNM_dir_neg_kfold,0.775488258026,0.66468152643,00:00:12,10,66.6666666667,18,15363,threshold_sweep,0.1,0.933491686461,0.677586206897,0.785214785215,393,28,187,1132,0.677586206897,0.975862068966,0.0241379310345,0.322413793103,0.933491686461,0.677586206897,0.785214785215,0.876436781609,0.58601532567,0.701527070801,0.719268038091,0.653448275862,1779,1199,580,0,1779,0,1199,0,580,126,1741,0.11053968254,3.35021095487,27.6349206349,14.6302521008,14.7542372881,19.3405700742,0.69985980165,0.389650173682,15.6125082129,1.12991156509,0.578854517108,9.15239928644,0.662379270587,0.377355652198,1.19779027155,0.357526820756,4.34256606628,3.35021095487,1.19779027155,4.34256606628,0.507119835952,0.563909424838,12128,0.0372596006144,0.110016681489,126,126,126,1,0,0.0555555555556,0.880952380952,0.0634920634921,126,0.0737142857143,3.00332674727,18.4285714286,10.5545454545,9.92307692308,13.5253412949,0.733933248559,0.407161314138,10.6910109104,1.16026474996,0.594226378464,6.44435522653,0.699387388926,0.393947472759,1.13778591947,0.378841869437,3.97191603983,3.00332674727,1.13778591947,3.97191603983,0.394293498746,0.396355579073,3995,0.0122734254992,0.0730085770453,126,126,126,1,0,0.126984126984,0.801587301587,0.0714285714286,126,1582,0.100444444444,NaN,25.1111111111,12.5555555556,13.5213675214,17.2539721675,0.687105086315,0.386310276323,13.3898800924,1.06645062683,0.549174241968,9.16825440795,0.730214952846,0.412036200911,NaN,NaN,NaN,NaN,NaN,NaN,0.4559348222,0.511214273729,9140,0.0280798771121,0.104678400566,126,126,0,1,2,0,0.928571428571,0.0714285714286,-159,-0.0100952380952,NaN,-2.52380952381,-2.07469654528,-1.23286976677,-2.0865979067,-0.012754715335,-0.00333989735942,-2.22262812052,-0.063460938265,-0.0296802751402,0.0158551215105,0.0678356822589,0.0346805487133,NaN,NaN,NaN,NaN,NaN,NaN,-0.0511850137515,-0.0526951511095,-2988,-0.0091797235023,-0.00533828092304,-0.0555555555556,0.047619047619,0.00793650793651,1554,28,187,13981,0.89259046525,0.998001284888,0.00199871511171,0.10740953475,0.982300884956,0.89259046525,0.935299428228,0.929017954357,0.890591750138,0.87846240814,421,580,0,3,3,3
515,WLNM_dir_neg_kfold,0.775488258026,0.66468152643,00:00:12,10,66.6666666667,18,15363,threshold_sweep,0.2,0.935406698565,0.674137931034,0.783567134269,391,27,189,1133,0.674137931034,0.976724137931,0.023275862069,0.325862068966,0.935406698565,0.674137931034,0.783567134269,0.875862068966,0.586590038314,0.699721964782,0.718171365715,0.650862068966,1779,1199,580,0,1779,0,1199,0,580,126,1741,0.11053968254,3.35021095487,27.6349206349,14.6302521008,14.7542372881,19.3405700742,0.69985980165,0.389650173682,15.6125082129,1.12991156509,0.578854517108,9.15239928644,0.662379270587,0.377355652198,1.19779027155,0.357526820756,4.34256606628,3.35021095487,1.19779027155,4.34256606628,0.507119835952,0.563909424838,12128,0.0372596006144,0.110016681489,126,126,126,1,0,0.0555555555556,0.880952380952,0.0634920634921,126,0.0737142857143,3.00332674727,18.4285714286,10.5545454545,9.92307692308,13.5253412949,0.733933248559,0.407161314138,10.6910109104,1.16026474996,0.594226378464,6.44435522653,0.699387388926,0.393947472759,1.13778591947,0.378841869437,3.97191603983,3.00332674727,1.13778591947,3.97191603983,0.394293498746,0.396355579073,3995,0.0122734254992,0.0730085770453,126,126,126,1,0,0.126984126984,0.801587301587,0.0714285714286,126,1579,0.100253968254,1,25.0634920635,12.632,13.4957264957,17.2681190785,0.688974985398,0.387179951144,13.4060801179,1.06976953442,0.551026870533,9.14390420592,0.729659233658,0.411668023764,0,0,0,NaN,NaN,NaN,0.454858298629,0.51147191809,9125,0.0280337941628,0.105486375351,126,126,0,1,3,0.00793650793651,0.920634920635,0.0714285714286,-162,-0.0102857142857,-2.35021095487,-2.57142857143,-1.99825210084,-1.25851079241,-2.0724509957,-0.010884816252,-0.00247022253785,-2.20642809504,-0.0601420306711,-0.0278276465755,-0.00849508052233,0.0672799630711,0.0343123715666,-1.19779027155,-0.357526820756,-4.34256606628,NaN,NaN,NaN,-0.0522615373226,-0.0524375067487,-3003,-0.00922580645161,-0.00453030613783,-0.047619047619,0.0396825396825,0.00793650793651,1552,27,189,13982,0.891441700172,0.998072667571,0.00192733242915,0.108558299828,0.982900569981,0.891441700172,0.934939759036,0.928676822019,0.889514367743,0.877828054299,418,580,0,3,3,3
516,WLNM_dir_neg_kfold,0.775488258026,0.66468152643,00:00:12,10,66.6666666667,18,15363,threshold_sweep,0.3,0.935406698565,0.674137931034,0.783567134269,391,27,189,1133,0.674137931034,0.976724137931,0.023275862069,0.325862068966,0.935406698565,0.674137931034,0.783567134269,0.875862068966,0.586590038314,0.699721964782,0.718171365715,0.650862068966,1779,1199,580,0,1779,0,1199,0,580,126,1741,0.11053968254,3.35021095487,27.6349206349,14.6302521008,14.7542372881,19.3405700742,0.69985980165,0.389650173682,15.6125082129,1.12991156509,0.578854517108,9.15239928644,0.662379270587,0.377355652198,1.19779027155,0.357526820756,4.34256606628,3.35021095487,1.19779027155,4.34256606628,0.507119835952,0.563909424838,12128,0.0372596006144,0.110016681489,126,126,126,1,0,0.0555555555556,0.880952380952,0.0634920634921,126,0.0737142857143,3.00332674727,18.4285714286,10.5545454545,9.92307692308,13.5253412949,0.733933248559,0.407161314138,10.6910109104,1.16026474996,0.594226378464,6.44435522653,0.699387388926,0.393947472759,1.13778591947,0.378841869437,3.97191603983,3.00332674727,1.13778591947,3.97191603983,0.394293498746,0.396355579073,3995,0.0122734254992,0.0730085770453,126,126,126,1,0,0.126984126984,0.801587301587,0.0714285714286,126,1579,0.100253968254,1,25.0634920635,12.632,13.4957264957,17.2681190785,0.688974985398,0.387179951144,13.4060801179,1.06976953442,0.551026870533,9.14390420592,0.729659233658,0.411668023764,0,0,0,NaN,NaN,NaN,0.454858298629,0.51147191809,9125,0.0280337941628,0.105486375351,126,126,0,1,3,0.00793650793651,0.920634920635,0.0714285714286,-162,-0.0102857142857,-2.35021095487,-2.57142857143,-1.99825210084,-1.25851079241,-2.0724509957,-0.010884816252,-0.00247022253785,-2.20642809504,-0.0601420306711,-0.0278276465755,-0.00849508052233,0.0672799630711,0.0343123715666,-1.19779027155,-0.357526820756,-4.34256606628,NaN,NaN,NaN,-0.0522615373226,-0.0524375067487,-3003,-0.00922580645161,-0.00453030613783,-0.047619047619,0.0396825396825,0.00793650793651,1552,27,189,13982,0.891441700172,0.998072667571,0.00192733242915,0.108558299828,0.982900569981,0.891441700172,0.934939759036,0.928676822019,0.889514367743,0.877828054299,418,580,0,3,3,3
517,WLNM_dir_neg_kfold,0.775488258026,0.66468152643,00:00:12,10,66.6666666667,18,15363,threshold_sweep,0.4,0.960099750623,0.663793103448,0.784913353721,385,16,195,1144,0.663793103448,0.986206896552,0.0137931034483,0.336206896552,0.960099750623,0.663793103448,0.784913353721,0.878735632184,0.589846743295,0.704343764596,0.72760198167,0.65,1779,1199,580,0,1779,0,1199,0,580,126,1741,0.11053968254,3.35021095487,27.6349206349,14.6302521008,14.7542372881,19.3405700742,0.69985980165,0.389650173682,15.6125082129,1.12991156509,0.578854517108,9.15239928644,0.662379270587,0.377355652198,1.19779027155,0.357526820756,4.34256606628,3.35021095487,1.19779027155,4.34256606628,0.507119835952,0.563909424838,12128,0.0372596006144,0.110016681489,126,126,126,1,0,0.0555555555556,0.880952380952,0.0634920634921,126,0.0737142857143,3.00332674727,18.4285714286,10.5545454545,9.92307692308,13.5253412949,0.733933248559,0.407161314138,10.6910109104,1.16026474996,0.594226378464,6.44435522653,0.699387388926,0.393947472759,1.13778591947,0.378841869437,3.97191603983,3.00332674727,1.13778591947,3.97191603983,0.394293498746,0.396355579073,3995,0.0122734254992,0.0730085770453,126,126,126,1,0,0.126984126984,0.801587301587,0.0714285714286,126,1562,0.0991746031746,3.65525484355,24.7936507937,13.2372881356,13.3504273504,17.3197309265,0.698555088583,0.391688514928,13.4818867315,1.08752735478,0.562983964392,9.03422768372,0.728753321478,0.411235087291,1.26540673475,0.346188375069,4.62094161131,3.65525484355,1.26540673475,4.62094161131,0.462738764116,0.515209988649,9078,0.0278894009217,0.111172094972,126,126,126,1,0,0.0634920634921,0.865079365079,0.0714285714286,-179,-0.0113650793651,0.30504388868,-2.84126984127,-1.39296396525,-1.40380993771,-2.0208391477,-0.00130471306648,0.00203834124561,-2.13062148141,-0.0423842103109,-0.015870552716,-0.11817160272,0.0663740508913,0.0338794350937,0.0676164631969,-0.0113384456864,0.278375545034,0.30504388868,0.0676164631969,0.278375545034,-0.0443810718362,-0.0486994361892,-3050,-0.00937019969278,0.00115541348306,0.00793650793651,-0.015873015873,0.00793650793651,1546,16,195,13993,0.88799540494,0.998857877079,0.00114212292098,0.11200459506,0.989756722151,0.88799540494,0.936118679988,0.930365561449,0.886853282019,0.879908935686,401,580,0,3,3,3
518,WLNM_dir_neg_kfold,0.775488258026,0.66468152643,00:00:12,10,66.6666666667,18,15363,threshold_sweep,0.5,0.969309462916,0.653448275862,0.780638516993,379,12,201,1148,0.653448275862,0.989655172414,0.0103448275862,0.346551724138,0.969309462916,0.653448275862,0.780638516993,0.877586206897,0.591762452107,0.700140778977,0.726322463497,0.643103448276,1779,1199,580,0,1779,0,1199,0,580,126,1741,0.11053968254,3.35021095487,27.6349206349,14.6302521008,14.7542372881,19.3405700742,0.69985980165,0.389650173682,15.6125082129,1.12991156509,0.578854517108,9.15239928644,0.662379270587,0.377355652198,1.19779027155,0.357526820756,4.34256606628,3.35021095487,1.19779027155,4.34256606628,0.507119835952,0.563909424838,12128,0.0372596006144,0.110016681489,126,126,126,1,0,0.0555555555556,0.880952380952,0.0634920634921,126,0.0737142857143,3.00332674727,18.4285714286,10.5545454545,9.92307692308,13.5253412949,0.733933248559,0.407161314138,10.6910109104,1.16026474996,0.594226378464,6.44435522653,0.699387388926,0.393947472759,1.13778591947,0.378841869437,3.97191603983,3.00332674727,1.13778591947,3.97191603983,0.394293498746,0.396355579073,3995,0.0122734254992,0.0730085770453,126,126,126,1,0,0.126984126984,0.801587301587,0.0714285714286,126,1552,0.0985396825397,3.20689196359,24.6349206349,14.1090909091,13.264957265,17.3244812561,0.703248916969,0.39407421044,13.5207400943,1.09768895096,0.569986499755,8.93053261001,0.725030353648,0.409221076747,1.22776557238,0.382852177846,4.20200627004,3.20689196359,1.22776557238,4.20200627004,0.470529052751,0.516186913034,9014,0.0276927803379,0.11318227379,126,126,126,1,0,0.126984126984,0.801587301587,0.0714285714286,-189,-0.012,-0.143318991275,-3,-0.521161191749,-1.48928002318,-2.01608881804,0.00338911531897,0.00442403675785,-2.09176811859,-0.0322226141362,-0.00886801735385,-0.221866676431,0.0626510830609,0.0318654245492,0.0299753008247,0.0253253570907,-0.140559796234,-0.143318991275,0.0299753008247,-0.140559796234,-0.0365907832003,-0.0477225118049,-3114,-0.0095668202765,0.00316559230179,0.0714285714286,-0.0793650793651,0.00793650793651,1540,12,201,13997,0.884549109707,0.999143407809,0.000856592190735,0.115450890293,0.992268041237,0.884549109707,0.935317339812,0.929703972259,0.883692517516,0.878494010268,391,580,0,3,3,3
519,WLNM_dir_neg_kfold,0.775488258026,0.66468152643,00:00:12,10,66.6666666667,18,15363,threshold_sweep,0.6,0.969309462916,0.653448275862,0.780638516993,379,12,201,1148,0.653448275862,0.989655172414,0.0103448275862,0.346551724138,0.969309462916,0.653448275862,0.780638516993,0.877586206897,0.591762452107,0.700140778977,0.726322463497,0.643103448276,1779,1199,580,0,1779,0,1199,0,580,126,1741,0.11053968254,3.35021095487,27.6349206349,14.6302521008,14.7542372881,19.3405700742,0.69985980165,0.389650173682,15.6125082129,1.12991156509,0.578854517108,9.15239928644,0.662379270587,0.377355652198,1.19779027155,0.357526820756,4.34256606628,3.35021095487,1.19779027155,4.34256606628,0.507119835952,0.563909424838,12128,0.0372596006144,0.110016681489,126,126,126,1,0,0.0555555555556,0.880952380952,0.0634920634921,126,0.0737142857143,3.00332674727,18.4285714286,10.5545454545,9.92307692308,13.5253412949,0.733933248559,0.407161314138,10.6910109104,1.16026474996,0.594226378464,6.44435522653,0.699387388926,0.393947472759,1.13778591947,0.378841869437,3.97191603983,3.00332674727,1.13778591947,3.97191603983,0.394293498746,0.396355579073,3995,0.0122734254992,0.0730085770453,126,126,126,1,0,0.126984126984,0.801587301587,0.0714285714286,126,1552,0.0985396825397,3.20689196359,24.6349206349,14.1090909091,13.264957265,17.3244812561,0.703248916969,0.39407421044,13.5207400943,1.09768895096,0.569986499755,8.93053261001,0.725030353648,0.409221076747,1.22776557238,0.382852177846,4.20200627004,3.20689196359,1.22776557238,4.20200627004,0.470529052751,0.516186913034,9014,0.0276927803379,0.11318227379,126,126,126,1,0,0.126984126984,0.801587301587,0.0714285714286,-189,-0.012,-0.143318991275,-3,-0.521161191749,-1.48928002318,-2.01608881804,0.00338911531897,0.00442403675785,-2.09176811859,-0.0322226141362,-0.00886801735385,-0.221866676431,0.0626510830609,0.0318654245492,0.0299753008247,0.0253253570907,-0.140559796234,-0.143318991275,0.0299753008247,-0.140559796234,-0.0365907832003,-0.0477225118049,-3114,-0.0095668202765,0.00316559230179,0.0714285714286,-0.0793650793651,0.00793650793651,1540,12,201,13997,0.884549109707,0.999143407809,0.000856592190735,0.115450890293,0.992268041237,0.884549109707,0.935317339812,0.929703972259,0.883692517516,0.878494010268,391,580,0,3,3,3
520,WLNM_dir_neg_kfold,0.775488258026,0.66468152643,00:00:12,10,66.6666666667,18,15363,threshold_sweep,0.7,0.969230769231,0.651724137931,0.779381443299,378,12,202,1148,0.651724137931,0.989655172414,0.0103448275862,0.348275862069,0.969230769231,0.651724137931,0.779381443299,0.877011494253,0.591954022989,0.698591549296,0.725034629294,0.641379310345,1779,1199,580,0,1779,0,1199,0,580,126,1741,0.11053968254,3.35021095487,27.6349206349,14.6302521008,14.7542372881,19.3405700742,0.69985980165,0.389650173682,15.6125082129,1.12991156509,0.578854517108,9.15239928644,0.662379270587,0.377355652198,1.19779027155,0.357526820756,4.34256606628,3.35021095487,1.19779027155,4.34256606628,0.507119835952,0.563909424838,12128,0.0372596006144,0.110016681489,126,126,126,1,0,0.0555555555556,0.880952380952,0.0634920634921,126,0.0737142857143,3.00332674727,18.4285714286,10.5545454545,9.92307692308,13.5253412949,0.733933248559,0.407161314138,10.6910109104,1.16026474996,0.594226378464,6.44435522653,0.699387388926,0.393947472759,1.13778591947,0.378841869437,3.97191603983,3.00332674727,1.13778591947,3.97191603983,0.394293498746,0.396355579073,3995,0.0122734254992,0.0730085770453,126,126,126,1,0,0.126984126984,0.801587301587,0.0714285714286,126,1551,0.0984761904762,3.20633981166,24.619047619,14.1,13.2564102564,17.3065800864,0.702975206603,0.393908691781,13.5147115608,1.09790693531,0.570082793487,8.92678153488,0.725193084071,0.409213717724,1.22713073171,0.382720111962,4.20008213659,3.20633981166,1.22713073171,4.20008213659,0.470087201787,0.515783637024,8992,0.0276251920123,0.113124963938,126,126,126,1,0,0.126984126984,0.801587301587,0.0714285714286,-190,-0.0120634920635,-0.143871143202,-3.01587301587,-0.53025210084,-1.49782703173,-2.0339899878,0.00311540495295,0.00425851809869,-2.09779665212,-0.0320046297872,-0.00877172362135,-0.225617751562,0.0628138134846,0.0318580655267,0.0293404601542,0.0251932912063,-0.142483929688,-0.143871143202,0.0293404601542,-0.142483929688,-0.0370326341647,-0.0481257878143,-3136,-0.00963440860215,0.00310828244895,0.0714285714286,-0.0793650793651,0.00793650793651,1539,12,202,13997,0.883974727168,0.999143407809,0.000856592190735,0.116025272832,0.992263056093,0.883974727168,0.934993924666,0.929366423064,0.883118134978,0.877923559612,390,580,0,3,3,3
521,WLNM_dir_neg_kfold,0.775488258026,0.66468152643,00:00:12,10,66.6666666667,18,15363,threshold_sweep,0.8,0.971722365039,0.651724137931,0.780185758514,378,11,202,1149,0.651724137931,0.990517241379,0.00948275862069,0.348275862069,0.971722365039,0.651724137931,0.780185758514,0.877586206897,0.59214559387,0.699859088774,0.72667262476,0.64224137931,1779,1199,580,0,1779,0,1199,0,580,126,1741,0.11053968254,3.35021095487,27.6349206349,14.6302521008,14.7542372881,19.3405700742,0.69985980165,0.389650173682,15.6125082129,1.12991156509,0.578854517108,9.15239928644,0.662379270587,0.377355652198,1.19779027155,0.357526820756,4.34256606628,3.35021095487,1.19779027155,4.34256606628,0.507119835952,0.563909424838,12128,0.0372596006144,0.110016681489,126,126,126,1,0,0.0555555555556,0.880952380952,0.0634920634921,126,0.0737142857143,3.00332674727,18.4285714286,10.5545454545,9.92307692308,13.5253412949,0.733933248559,0.407161314138,10.6910109104,1.16026474996,0.594226378464,6.44435522653,0.699387388926,0.393947472759,1.13778591947,0.378841869437,3.97191603983,3.00332674727,1.13778591947,3.97191603983,0.394293498746,0.396355579073,3995,0.0122734254992,0.0730085770453,126,126,126,1,0,0.126984126984,0.801587301587,0.0714285714286,126,1550,0.0984126984127,3.17463932344,24.6031746032,14.0909090909,13.2478632479,17.3066828087,0.70343291416,0.394111623144,13.5205146892,1.09908700054,0.570721966206,8.92750342819,0.725719633517,0.409513568868,1.21014576209,0.381191574473,4.16667763619,3.17463932344,1.21014576209,4.16667763619,0.470087201787,0.515783637024,8992,0.0276251920123,0.113485658031,126,126,126,1,0,0.126984126984,0.801587301587,0.0714285714286,-191,-0.012126984127,-0.175571631426,-3.03174603175,-0.539343009931,-1.50637404027,-2.03388726545,0.00357311251062,0.00446144946154,-2.09199352374,-0.0308245645536,-0.00813255090256,-0.224895858251,0.0633403629306,0.0321579166707,0.0123554905316,0.0236647537172,-0.175888430085,-0.175571631426,0.0123554905316,-0.175888430085,-0.0370326341647,-0.0481257878143,-3136,-0.00963440860215,0.00346897654285,0.0714285714286,-0.0793650793651,0.00793650793651,1539,11,202,13998,0.883974727168,0.999214790492,0.000785209508173,0.116025272832,0.992903225806,0.883974727168,0.935278030994,0.929708577573,0.88318951766,0.878424657534,389,580,0,3,3,3
522,WLNM_dir_neg_kfold,0.775488258026,0.66468152643,00:00:12,10,66.6666666667,18,15363,threshold_sweep,0.9,0.971722365039,0.651724137931,0.780185758514,378,11,202,1149,0.651724137931,0.990517241379,0.00948275862069,0.348275862069,0.971722365039,0.651724137931,0.780185758514,0.877586206897,0.59214559387,0.699859088774,0.72667262476,0.64224137931,1779,1199,580,0,1779,0,1199,0,580,126,1741,0.11053968254,3.35021095487,27.6349206349,14.6302521008,14.7542372881,19.3405700742,0.69985980165,0.389650173682,15.6125082129,1.12991156509,0.578854517108,9.15239928644,0.662379270587,0.377355652198,1.19779027155,0.357526820756,4.34256606628,3.35021095487,1.19779027155,4.34256606628,0.507119835952,0.563909424838,12128,0.0372596006144,0.110016681489,126,126,126,1,0,0.0555555555556,0.880952380952,0.0634920634921,126,0.0737142857143,3.00332674727,18.4285714286,10.5545454545,9.92307692308,13.5253412949,0.733933248559,0.407161314138,10.6910109104,1.16026474996,0.594226378464,6.44435522653,0.699387388926,0.393947472759,1.13778591947,0.378841869437,3.97191603983,3.00332674727,1.13778591947,3.97191603983,0.394293498746,0.396355579073,3995,0.0122734254992,0.0730085770453,126,126,126,1,0,0.126984126984,0.801587301587,0.0714285714286,126,1550,0.0984126984127,3.17463932344,24.6031746032,14.0909090909,13.2478632479,17.3066828087,0.70343291416,0.394111623144,13.5205146892,1.09908700054,0.570721966206,8.92750342819,0.725719633517,0.409513568868,1.21014576209,0.381191574473,4.16667763619,3.17463932344,1.21014576209,4.16667763619,0.470087201787,0.515783637024,8992,0.0276251920123,0.113485658031,126,126,126,1,0,0.126984126984,0.801587301587,0.0714285714286,-191,-0.012126984127,-0.175571631426,-3.03174603175,-0.539343009931,-1.50637404027,-2.03388726545,0.00357311251062,0.00446144946154,-2.09199352374,-0.0308245645536,-0.00813255090256,-0.224895858251,0.0633403629306,0.0321579166707,0.0123554905316,0.0236647537172,-0.175888430085,-0.175571631426,0.0123554905316,-0.175888430085,-0.0370326341647,-0.0481257878143,-3136,-0.00963440860215,0.00346897654285,0.0714285714286,-0.0793650793651,0.00793650793651,1539,11,202,13998,0.883974727168,0.999214790492,0.000785209508173,0.116025272832,0.992903225806,0.883974727168,0.935278030994,0.929708577573,0.88318951766,0.878424657534,389,580,0,3,3,3
523,WLNM_dir_neg_kfold,0.868301129608,0.627889771759,00:00:12,10,66.6666666667,19,15364,threshold_sweep,0.1,0.921658986175,0.689655172414,0.788954635108,400,34,180,1126,0.689655172414,0.970689655172,0.0293103448276,0.310344827586,0.921658986175,0.689655172414,0.788954635108,0.877011494253,0.583524904215,0.704691812328,0.719444535989,0.660344827586,1779,1199,580,0,1779,0,1199,0,580,126,1741,0.11053968254,3.35021095487,27.6349206349,14.6302521008,14.7542372881,19.3405700742,0.69985980165,0.389650173682,15.6125082129,1.12991156509,0.578854517108,9.15239928644,0.662379270587,0.377355652198,1.19779027155,0.357526820756,4.34256606628,3.35021095487,1.19779027155,4.34256606628,0.507119835952,0.563909424838,12128,0.0372596006144,0.110016681489,126,126,126,1,0,0.0555555555556,0.880952380952,0.0634920634921,126,0.0737142857143,3.00332674727,18.4285714286,10.5545454545,9.92307692308,13.5253412949,0.733933248559,0.407161314138,10.6910109104,1.16026474996,0.594226378464,6.44435522653,0.699387388926,0.393947472759,1.13778591947,0.378841869437,3.97191603983,3.00332674727,1.13778591947,3.97191603983,0.394293498746,0.396355579073,3995,0.0122734254992,0.0730085770453,126,126,126,1,0,0.126984126984,0.801587301587,0.0714285714286,126,1595,0.10126984127,4.71938464575,25.3174603175,12.8629032258,13.6324786325,17.3129550539,0.683834588336,0.384908195253,13.3908402714,1.05783440389,0.546345225656,9.10310953326,0.719117116734,0.406821913718,1.2588740816,0.266745386548,5.79441117768,4.71938464575,1.2588740816,5.79441117768,0.469709563093,0.521012267118,9443,0.0290107526882,0.102822424664,126,126,126,1,0,0.015873015873,0.912698412698,0.0714285714286,-146,-0.00926984126984,1.36917369088,-2.31746031746,-1.76734887503,-1.12175865566,-2.02761502026,-0.0160252133139,-0.00474197842932,-2.2216679415,-0.0720771612072,-0.0325092914528,-0.0492897531751,0.0567378461477,0.0294662615208,0.0610838100465,-0.0907814342074,1.45184511141,1.36917369088,0.0610838100465,1.45184511141,-0.0374102728588,-0.0428971577206,-2685,-0.00824884792627,-0.0071942568243,-0.0396825396825,0.031746031746,0.00793650793651,1561,34,180,13975,0.896611143021,0.997572988793,0.00242701120708,0.103388856979,0.97868338558,0.896611143021,0.935851318945,0.929382801066,0.894184131814,0.879436619718,434,580,0,3,3,3
524,WLNM_dir_neg_kfold,0.868301129608,0.627889771759,00:00:12,10,66.6666666667,19,15364,threshold_sweep,0.2,0.931764705882,0.68275862069,0.788059701493,396,29,184,1131,0.68275862069,0.975,0.025,0.31724137931,0.931764705882,0.68275862069,0.788059701493,0.877586206897,0.585249042146,0.704849884527,0.721692511059,0.65775862069,1779,1199,580,0,1779,0,1199,0,580,126,1741,0.11053968254,3.35021095487,27.6349206349,14.6302521008,14.7542372881,19.3405700742,0.69985980165,0.389650173682,15.6125082129,1.12991156509,0.578854517108,9.15239928644,0.662379270587,0.377355652198,1.19779027155,0.357526820756,4.34256606628,3.35021095487,1.19779027155,4.34256606628,0.507119835952,0.563909424838,12128,0.0372596006144,0.110016681489,126,126,126,1,0,0.0555555555556,0.880952380952,0.0634920634921,126,0.0737142857143,3.00332674727,18.4285714286,10.5545454545,9.92307692308,13.5253412949,0.733933248559,0.407161314138,10.6910109104,1.16026474996,0.594226378464,6.44435522653,0.699387388926,0.393947472759,1.13778591947,0.378841869437,3.97191603983,3.00332674727,1.13778591947,3.97191603983,0.394293498746,0.396355579073,3995,0.0122734254992,0.0730085770453,126,126,126,1,0,0.126984126984,0.801587301587,0.0714285714286,126,1586,0.100698412698,4.64134180484,25.1746031746,12.8943089431,13.5555555556,17.3039090913,0.687355783578,0.386456894654,13.4076216183,1.06517044383,0.550181148542,9.0644535114,0.72012682373,0.407083808723,1.28498932192,0.276857291695,5.76580610001,4.64134180484,1.28498932192,5.76580610001,0.467555113628,0.521130412237,9380,0.0288172043011,0.102853274223,126,126,126,1,0,0.0238095238095,0.904761904762,0.0714285714286,-155,-0.00984126984127,1.29113084998,-2.46031746032,-1.73594315775,-1.19868173258,-2.03666098283,-0.0125040180721,-0.00319327902872,-2.20488659459,-0.0647411212664,-0.0286733685666,-0.08794577504,0.0577475531437,0.0297281565255,0.0871990503634,-0.080669529061,1.42324003373,1.29113084998,0.0871990503634,1.42324003373,-0.0395647223236,-0.0427790126009,-2748,-0.00844239631336,-0.00716340726527,-0.031746031746,0.0238095238095,0.00793650793651,1557,29,184,13980,0.894313612866,0.997929902206,0.00207009779428,0.105686387134,0.981715006305,0.894313612866,0.935978358882,0.929697799021,0.892243515072,0.879661016949,425,580,0,3,3,3
525,WLNM_dir_neg_kfold,0.868301129608,0.627889771759,00:00:12,10,66.6666666667,19,15364,threshold_sweep,0.3,0.937799043062,0.675862068966,0.785571142285,392,26,188,1134,0.675862068966,0.977586206897,0.0224137931034,0.324137931034,0.937799043062,0.675862068966,0.785571142285,0.877011494253,0.586590038314,0.70250231696,0.721025026771,0.653448275862,1779,1199,580,0,1779,0,1199,0,580,126,1741,0.11053968254,3.35021095487,27.6349206349,14.6302521008,14.7542372881,19.3405700742,0.69985980165,0.389650173682,15.6125082129,1.12991156509,0.578854517108,9.15239928644,0.662379270587,0.377355652198,1.19779027155,0.357526820756,4.34256606628,3.35021095487,1.19779027155,4.34256606628,0.507119835952,0.563909424838,12128,0.0372596006144,0.110016681489,126,126,126,1,0,0.0555555555556,0.880952380952,0.0634920634921,126,0.0737142857143,3.00332674727,18.4285714286,10.5545454545,9.92307692308,13.5253412949,0.733933248559,0.407161314138,10.6910109104,1.16026474996,0.594226378464,6.44435522653,0.699387388926,0.393947472759,1.13778591947,0.378841869437,3.97191603983,3.00332674727,1.13778591947,3.97191603983,0.394293498746,0.396355579073,3995,0.0122734254992,0.0730085770453,126,126,126,1,0,0.126984126984,0.801587301587,0.0714285714286,126,1579,0.100253968254,4.46626287952,25.0634920635,13.268907563,13.4957264957,17.32777933,0.691355350087,0.38852699619,13.4519509413,1.07342990412,0.555460056093,9.03476530558,0.720950239711,0.407486152578,1.37622793344,0.308138587128,5.60672362984,4.46626287952,1.37622793344,5.60672362984,0.474911028339,0.522536414982,9375,0.028801843318,0.105001834711,126,126,126,1,0,0.0555555555556,0.873015873016,0.0714285714286,-162,-0.0102857142857,1.11605192466,-2.57142857143,-1.36134453782,-1.25851079241,-2.0127907442,-0.00850445156258,-0.00112317749227,-2.16055727162,-0.0564816609749,-0.023394461015,-0.117633980855,0.0585709691243,0.0301305003803,0.178437661884,-0.0493882336276,1.26415756356,1.11605192466,0.178437661884,1.26415756356,-0.0322088076124,-0.0413730098563,-2753,-0.00845775729647,-0.00501484677789,0,-0.00793650793651,0.00793650793651,1553,26,188,13983,0.892016082711,0.998144050253,0.00185594974659,0.107983917289,0.983533882204,0.892016082711,0.935542168675,0.929351018204,0.890160132964,0.878890775325,418,580,0,3,3,3
526,WLNM_dir_neg_kfold,0.868301129608,0.627889771759,00:00:12,10,66.6666666667,19,15364,threshold_sweep,0.4,0.962686567164,0.66724137931,0.788187372709,387,15,193,1145,0.66724137931,0.987068965517,0.0129310344828,0.33275862069,0.962686567164,0.66724137931,0.788187372709,0.880459770115,0.589655172414,0.708683473389,0.731788692942,0.654310344828,1779,1199,580,0,1779,0,1199,0,580,126,1741,0.11053968254,3.35021095487,27.6349206349,14.6302521008,14.7542372881,19.3405700742,0.69985980165,0.389650173682,15.6125082129,1.12991156509,0.578854517108,9.15239928644,0.662379270587,0.377355652198,1.19779027155,0.357526820756,4.34256606628,3.35021095487,1.19779027155,4.34256606628,0.507119835952,0.563909424838,12128,0.0372596006144,0.110016681489,126,126,126,1,0,0.0555555555556,0.880952380952,0.0634920634921,126,0.0737142857143,3.00332674727,18.4285714286,10.5545454545,9.92307692308,13.5253412949,0.733933248559,0.407161314138,10.6910109104,1.16026474996,0.594226378464,6.44435522653,0.699387388926,0.393947472759,1.13778591947,0.378841869437,3.97191603983,3.00332674727,1.13778591947,3.97191603983,0.394293498746,0.396355579073,3995,0.0122734254992,0.0730085770453,126,126,126,1,0,0.126984126984,0.801587301587,0.0714285714286,126,1563,0.0992380952381,3.20140145517,24.8095238095,13.9553571429,13.358974359,17.4171016122,0.702032886482,0.393839685586,13.5541453859,1.0926566338,0.567645654978,8.96140932794,0.722416874805,0.408062435894,1.19965247362,0.374727284416,4.3288778301,3.20140145517,1.19965247362,4.3288778301,0.480193163913,0.525398284889,9333,0.0286728110599,0.110378686203,126,126,126,1,0,0.111111111111,0.81746031746,0.0714285714286,-178,-0.0113015873016,-0.1488094997,-2.8253968254,-0.674894957983,-1.39526292916,-1.92346846191,0.00217308483241,0.00418951190399,-2.05836282699,-0.037254931295,-0.0112088621307,-0.190989958501,0.0600376042184,0.0307067836958,0.00186220206728,0.0172004636608,-0.0136882361724,-0.1488094997,0.00186220206728,-0.0136882361724,-0.0269266720389,-0.0385111399498,-2795,-0.00858678955453,0.000362004714568,0.0555555555556,-0.0634920634921,0.00793650793651,1548,15,193,13994,0.889144170017,0.998929259762,0.00107074023842,0.110855829983,0.990403071017,0.889144170017,0.937046004843,0.931380318639,0.888073429779,0.881548974943,402,580,0,3,3,3
527,WLNM_dir_neg_kfold,0.868301129608,0.627889771759,00:00:12,10,66.6666666667,19,15364,threshold_sweep,0.5,0.965087281796,0.66724137931,0.788990825688,387,14,193,1146,0.66724137931,0.987931034483,0.0120689655172,0.33275862069,0.965087281796,0.66724137931,0.788990825688,0.881034482759,0.589846743295,0.709948622139,0.733391917864,0.655172413793,1779,1199,580,0,1779,0,1199,0,580,126,1741,0.11053968254,3.35021095487,27.6349206349,14.6302521008,14.7542372881,19.3405700742,0.69985980165,0.389650173682,15.6125082129,1.12991156509,0.578854517108,9.15239928644,0.662379270587,0.377355652198,1.19779027155,0.357526820756,4.34256606628,3.35021095487,1.19779027155,4.34256606628,0.507119835952,0.563909424838,12128,0.0372596006144,0.110016681489,126,126,126,1,0,0.0555555555556,0.880952380952,0.0634920634921,126,0.0737142857143,3.00332674727,18.4285714286,10.5545454545,9.92307692308,13.5253412949,0.733933248559,0.407161314138,10.6910109104,1.16026474996,0.594226378464,6.44435522653,0.699387388926,0.393947472759,1.13778591947,0.378841869437,3.97191603983,3.00332674727,1.13778591947,3.97191603983,0.394293498746,0.396355579073,3995,0.0122734254992,0.0730085770453,126,126,126,1,0,0.126984126984,0.801587301587,0.0714285714286,126,1562,0.0991746031746,3.19344381901,24.7936507937,13.9464285714,13.3504273504,17.4077304484,0.702104365077,0.393812369164,13.559987826,1.09382744307,0.568278357011,8.96756766583,0.723376136936,0.408572648009,1.19056283704,0.372814711803,4.30118385502,3.19344381901,1.19056283704,4.30118385502,0.480193163913,0.525398284889,9333,0.0286728110599,0.110416420959,126,126,126,1,0,0.111111111111,0.81746031746,0.0714285714286,-179,-0.0113650793651,-0.156767135854,-2.84126984127,-0.683823529412,-1.40380993771,-1.93283962574,0.00224456342757,0.00416219548214,-2.05252038692,-0.036084122023,-0.0105761600976,-0.184831620608,0.0609968663498,0.0312169958116,-0.00722743450922,0.0152878910476,-0.0413822112543,-0.156767135854,-0.00722743450922,-0.0413822112543,-0.0269266720389,-0.0385111399498,-2795,-0.00858678955453,0.000399739470417,0.0555555555556,-0.0634920634921,0.00793650793651,1548,14,193,13995,0.889144170017,0.999000642444,0.000999357555857,0.110855829983,0.991037131882,0.889144170017,0.937329700272,0.931720459119,0.888144812461,0.882051282051,401,580,0,3,3,3
528,WLNM_dir_neg_kfold,0.868301129608,0.627889771759,00:00:12,10,66.6666666667,19,15364,threshold_sweep,0.6,0.96992481203,0.66724137931,0.790602655771,387,12,193,1148,0.66724137931,0.989655172414,0.0103448275862,0.33275862069,0.96992481203,0.66724137931,0.790602655771,0.882183908046,0.590229885057,0.712482468443,0.736612588817,0.656896551724,1779,1199,580,0,1779,0,1199,0,580,126,1741,0.11053968254,3.35021095487,27.6349206349,14.6302521008,14.7542372881,19.3405700742,0.69985980165,0.389650173682,15.6125082129,1.12991156509,0.578854517108,9.15239928644,0.662379270587,0.377355652198,1.19779027155,0.357526820756,4.34256606628,3.35021095487,1.19779027155,4.34256606628,0.507119835952,0.563909424838,12128,0.0372596006144,0.110016681489,126,126,126,1,0,0.0555555555556,0.880952380952,0.0634920634921,126,0.0737142857143,3.00332674727,18.4285714286,10.5545454545,9.92307692308,13.5253412949,0.733933248559,0.407161314138,10.6910109104,1.16026474996,0.594226378464,6.44435522653,0.699387388926,0.393947472759,1.13778591947,0.378841869437,3.97191603983,3.00332674727,1.13778591947,3.97191603983,0.394293498746,0.396355579073,3995,0.0122734254992,0.0730085770453,126,126,126,1,0,0.126984126984,0.801587301587,0.0714285714286,126,1560,0.0990476190476,3.19514175386,24.7619047619,13.9285714286,13.3333333333,17.4137548261,0.703247791053,0.394419006919,13.5515945293,1.09455186583,0.568386243386,8.97272056211,0.724719737709,0.409269434269,1.19256857609,0.373244340303,4.30559880856,3.19514175386,1.19256857609,4.30559880856,0.480562261415,0.525372124493,9318,0.0286267281106,0.110450348722,126,126,126,1,0,0.111111111111,0.81746031746,0.0714285714286,-181,-0.0114920634921,-0.155069201007,-2.87301587302,-0.701680672269,-1.4209039548,-1.92681524808,0.00338798940345,0.00476883323667,-2.06091368365,-0.0353596992678,-0.0104682737222,-0.179678724329,0.0623404671223,0.0319137820717,-0.00522169546101,0.0157175195471,-0.0369672577211,-0.155069201007,-0.00522169546101,-0.0369672577211,-0.0265575745367,-0.0385373003459,-2810,-0.00863287250384,0.000433667233631,0.0555555555556,-0.0634920634921,0.00793650793651,1548,12,193,13997,0.889144170017,0.999143407809,0.000856592190735,0.110855829983,0.992307692308,0.889144170017,0.937897606786,0.932401675142,0.888287577826,0.883057615516,399,580,0,3,3,3
529,WLNM_dir_neg_kfold,0.868301129608,0.627889771759,00:00:12,10,66.6666666667,19,15364,threshold_sweep,0.7,0.96992481203,0.66724137931,0.790602655771,387,12,193,1148,0.66724137931,0.989655172414,0.0103448275862,0.33275862069,0.96992481203,0.66724137931,0.790602655771,0.882183908046,0.590229885057,0.712482468443,0.736612588817,0.656896551724,1779,1199,580,0,1779,0,1199,0,580,126,1741,0.11053968254,3.35021095487,27.6349206349,14.6302521008,14.7542372881,19.3405700742,0.69985980165,0.389650173682,15.6125082129,1.12991156509,0.578854517108,9.15239928644,0.662379270587,0.377355652198,1.19779027155,0.357526820756,4.34256606628,3.35021095487,1.19779027155,4.34256606628,0.507119835952,0.563909424838,12128,0.0372596006144,0.110016681489,126,126,126,1,0,0.0555555555556,0.880952380952,0.0634920634921,126,0.0737142857143,3.00332674727,18.4285714286,10.5545454545,9.92307692308,13.5253412949,0.733933248559,0.407161314138,10.6910109104,1.16026474996,0.594226378464,6.44435522653,0.699387388926,0.393947472759,1.13778591947,0.378841869437,3.97191603983,3.00332674727,1.13778591947,3.97191603983,0.394293498746,0.396355579073,3995,0.0122734254992,0.0730085770453,126,126,126,1,0,0.126984126984,0.801587301587,0.0714285714286,126,1560,0.0990476190476,3.19514175386,24.7619047619,13.9285714286,13.3333333333,17.4137548261,0.703247791053,0.394419006919,13.5515945293,1.09455186583,0.568386243386,8.97272056211,0.724719737709,0.409269434269,1.19256857609,0.373244340303,4.30559880856,3.19514175386,1.19256857609,4.30559880856,0.480562261415,0.525372124493,9318,0.0286267281106,0.110450348722,126,126,126,1,0,0.111111111111,0.81746031746,0.0714285714286,-181,-0.0114920634921,-0.155069201007,-2.87301587302,-0.701680672269,-1.4209039548,-1.92681524808,0.00338798940345,0.00476883323667,-2.06091368365,-0.0353596992678,-0.0104682737222,-0.179678724329,0.0623404671223,0.0319137820717,-0.00522169546101,0.0157175195471,-0.0369672577211,-0.155069201007,-0.00522169546101,-0.0369672577211,-0.0265575745367,-0.0385373003459,-2810,-0.00863287250384,0.000433667233631,0.0555555555556,-0.0634920634921,0.00793650793651,1548,12,193,13997,0.889144170017,0.999143407809,0.000856592190735,0.110855829983,0.992307692308,0.889144170017,0.937897606786,0.932401675142,0.888287577826,0.883057615516,399,580,0,3,3,3
530,WLNM_dir_neg_kfold,0.868301129608,0.627889771759,00:00:12,10,66.6666666667,19,15364,threshold_sweep,0.8,0.96992481203,0.66724137931,0.790602655771,387,12,193,1148,0.66724137931,0.989655172414,0.0103448275862,0.33275862069,0.96992481203,0.66724137931,0.790602655771,0.882183908046,0.590229885057,0.712482468443,0.736612588817,0.656896551724,1779,1199,580,0,1779,0,1199,0,580,126,1741,0.11053968254,3.35021095487,27.6349206349,14.6302521008,14.7542372881,19.3405700742,0.69985980165,0.389650173682,15.6125082129,1.12991156509,0.578854517108,9.15239928644,0.662379270587,0.377355652198,1.19779027155,0.357526820756,4.34256606628,3.35021095487,1.19779027155,4.34256606628,0.507119835952,0.563909424838,12128,0.0372596006144,0.110016681489,126,126,126,1,0,0.0555555555556,0.880952380952,0.0634920634921,126,0.0737142857143,3.00332674727,18.4285714286,10.5545454545,9.92307692308,13.5253412949,0.733933248559,0.407161314138,10.6910109104,1.16026474996,0.594226378464,6.44435522653,0.699387388926,0.393947472759,1.13778591947,0.378841869437,3.97191603983,3.00332674727,1.13778591947,3.97191603983,0.394293498746,0.396355579073,3995,0.0122734254992,0.0730085770453,126,126,126,1,0,0.126984126984,0.801587301587,0.0714285714286,126,1560,0.0990476190476,3.19514175386,24.7619047619,13.9285714286,13.3333333333,17.4137548261,0.703247791053,0.394419006919,13.5515945293,1.09455186583,0.568386243386,8.97272056211,0.724719737709,0.409269434269,1.19256857609,0.373244340303,4.30559880856,3.19514175386,1.19256857609,4.30559880856,0.480562261415,0.525372124493,9318,0.0286267281106,0.110450348722,126,126,126,1,0,0.111111111111,0.81746031746,0.0714285714286,-181,-0.0114920634921,-0.155069201007,-2.87301587302,-0.701680672269,-1.4209039548,-1.92681524808,0.00338798940345,0.00476883323667,-2.06091368365,-0.0353596992678,-0.0104682737222,-0.179678724329,0.0623404671223,0.0319137820717,-0.00522169546101,0.0157175195471,-0.0369672577211,-0.155069201007,-0.00522169546101,-0.0369672577211,-0.0265575745367,-0.0385373003459,-2810,-0.00863287250384,0.000433667233631,0.0555555555556,-0.0634920634921,0.00793650793651,1548,12,193,13997,0.889144170017,0.999143407809,0.000856592190735,0.110855829983,0.992307692308,0.889144170017,0.937897606786,0.932401675142,0.888287577826,0.883057615516,399,580,0,3,3,3
531,WLNM_dir_neg_kfold,0.868301129608,0.627889771759,00:00:12,10,66.6666666667,19,15364,threshold_sweep,0.9,0.982233502538,0.66724137931,0.794661190965,387,7,193,1153,0.66724137931,0.993965517241,0.00603448275862,0.33275862069,0.982233502538,0.66724137931,0.794661190965,0.885057471264,0.591187739464,0.718837863168,0.744748651054,0.661206896552,1779,1199,580,0,1779,0,1199,0,580,126,1741,0.11053968254,3.35021095487,27.6349206349,14.6302521008,14.7542372881,19.3405700742,0.69985980165,0.389650173682,15.6125082129,1.12991156509,0.578854517108,9.15239928644,0.662379270587,0.377355652198,1.19779027155,0.357526820756,4.34256606628,3.35021095487,1.19779027155,4.34256606628,0.507119835952,0.563909424838,12128,0.0372596006144,0.110016681489,126,126,126,1,0,0.0555555555556,0.880952380952,0.0634920634921,126,0.0737142857143,3.00332674727,18.4285714286,10.5545454545,9.92307692308,13.5253412949,0.733933248559,0.407161314138,10.6910109104,1.16026474996,0.594226378464,6.44435522653,0.699387388926,0.393947472759,1.13778591947,0.378841869437,3.97191603983,3.00332674727,1.13778591947,3.97191603983,0.394293498746,0.396355579073,3995,0.0122734254992,0.0730085770453,126,126,126,1,0,0.126984126984,0.801587301587,0.0714285714286,126,1555,0.0987301587302,3.09976873599,24.6825396825,14.009009009,13.2905982906,17.4276335943,0.706071328902,0.395728066146,13.5623966604,1.09894661043,0.570637472567,8.97299298866,0.727072100689,0.410376154749,1.21584597879,0.39223764169,4.91321428283,3.09976873599,1.21584597879,4.91321428283,0.482250510146,0.52420754717,9261,0.0284516129032,0.11210192272,126,126,126,1,0,0.119047619048,0.809523809524,0.0714285714286,-186,-0.0118095238095,-0.250442218875,-2.95238095238,-0.621243091831,-1.46363899754,-1.91293647983,0.00621152725252,0.00607789246373,-2.0501115525,-0.030964954667,-0.00821704454166,-0.179406297776,0.0646928301025,0.0330205025514,0.0180557072349,0.0347108209341,0.570648216552,-0.250442218875,0.0180557072349,0.570648216552,-0.0248693258059,-0.0397018776686,-2867,-0.00880798771121,0.00208524123138,0.0634920634921,-0.0714285714286,0.00793650793651,1548,7,193,14002,0.889144170017,0.999500321222,0.000499678777928,0.110855829983,0.995498392283,0.889144170017,0.93932038835,0.934110192962,0.888644491239,0.885583524027,394,580,0,3,3,3
532,WLNM_dir_neg_kfold,0.805280915577,0.594251535486,00:00:12,10,66.6666666667,20,15365,threshold_sweep,0.1,0.935866983373,0.679310344828,0.787212787213,394,27,186,1133,0.679310344828,0.976724137931,0.023275862069,0.320689655172,0.935866983373,0.679310344828,0.787212787213,0.877586206897,0.58601532567,0.704303563165,0.722114745365,0.656034482759,1779,1199,580,0,1779,0,1199,0,580,126,1741,0.11053968254,3.35021095487,27.6349206349,14.6302521008,14.7542372881,19.3405700742,0.69985980165,0.389650173682,15.6125082129,1.12991156509,0.578854517108,9.15239928644,0.662379270587,0.377355652198,1.19779027155,0.357526820756,4.34256606628,3.35021095487,1.19779027155,4.34256606628,0.507119835952,0.563909424838,12128,0.0372596006144,0.110016681489,126,126,126,1,0,0.0555555555556,0.880952380952,0.0634920634921,126,0.0737142857143,3.00332674727,18.4285714286,10.5545454545,9.92307692308,13.5253412949,0.733933248559,0.407161314138,10.6910109104,1.16026474996,0.594226378464,6.44435522653,0.699387388926,0.393947472759,1.13778591947,0.378841869437,3.97191603983,3.00332674727,1.13778591947,3.97191603983,0.394293498746,0.396355579073,3995,0.0122734254992,0.0730085770453,126,126,126,1,0,0.126984126984,0.801587301587,0.0714285714286,126,1582,0.100444444444,NaN,25.1111111111,12.5555555556,13.5213675214,17.2655598101,0.68756654111,0.38640057793,13.3725423495,1.06506974465,0.549766219172,9.19961351845,0.732712581116,0.412407440852,NaN,NaN,NaN,NaN,NaN,NaN,0.460718371439,0.515362351108,9259,0.02844546851,0.104091687764,126,126,0,1,2,0,0.928571428571,0.0714285714286,-159,-0.0100952380952,NaN,-2.52380952381,-2.07469654528,-1.23286976677,-2.07501026408,-0.0122932605403,-0.00324959575205,-2.23996586343,-0.0648418204438,-0.0290882979364,0.047214232013,0.070333310529,0.0350517886548,NaN,NaN,NaN,NaN,NaN,NaN,-0.0464014645128,-0.0485470737308,-2869,-0.00881413210445,-0.00592499372497,-0.0555555555556,0.047619047619,0.00793650793651,1555,27,186,13982,0.893164847789,0.998072667571,0.00192733242915,0.106835152211,0.982932996207,0.893164847789,0.935901294011,0.929691582296,0.891237515359,0.879524886878,421,580,0,3,3,3
533,WLNM_dir_neg_kfold,0.805280915577,0.594251535486,00:00:12,10,66.6666666667,20,15365,threshold_sweep,0.2,0.949275362319,0.677586206897,0.790744466801,393,21,187,1139,0.677586206897,0.981896551724,0.0181034482759,0.322413793103,0.949275362319,0.677586206897,0.790744466801,0.880459770115,0.587356321839,0.710306406685,0.730086813915,0.659482758621,1779,1199,580,0,1779,0,1199,0,580,126,1741,0.11053968254,3.35021095487,27.6349206349,14.6302521008,14.7542372881,19.3405700742,0.69985980165,0.389650173682,15.6125082129,1.12991156509,0.578854517108,9.15239928644,0.662379270587,0.377355652198,1.19779027155,0.357526820756,4.34256606628,3.35021095487,1.19779027155,4.34256606628,0.507119835952,0.563909424838,12128,0.0372596006144,0.110016681489,126,126,126,1,0,0.0555555555556,0.880952380952,0.0634920634921,126,0.0737142857143,3.00332674727,18.4285714286,10.5545454545,9.92307692308,13.5253412949,0.733933248559,0.407161314138,10.6910109104,1.16026474996,0.594226378464,6.44435522653,0.699387388926,0.393947472759,1.13778591947,0.378841869437,3.97191603983,3.00332674727,1.13778591947,3.97191603983,0.394293498746,0.396355579073,3995,0.0122734254992,0.0730085770453,126,126,126,1,0,0.126984126984,0.801587301587,0.0714285714286,126,1575,0.1,4.81431109299,25,12.7016129032,13.4615384615,17.284443873,0.691377754921,0.388183421517,13.4138734152,1.07310987322,0.554663643235,9.15183041801,0.732146433441,0.412209624591,1.3794290653,0.286526782058,5.98327813821,4.81431109299,1.3794290653,5.98327813821,0.456630282873,0.515966668531,9226,0.0283440860215,0.105268684367,126,126,126,1,0,0.015873015873,0.912698412698,0.0714285714286,-166,-0.0105396825397,1.46410013813,-2.63492063492,-1.92863919761,-1.2926988266,-2.05612620113,-0.00848204672853,-0.00146675216558,-2.19863479768,-0.0568016918744,-0.0241908738733,-0.000568868429912,0.0697671628541,0.0348539723929,0.181638793748,-0.0710000386975,1.64071207193,1.46410013813,0.181638793748,1.64071207193,-0.0504895530786,-0.0479427563076,-2902,-0.00891551459293,-0.00474799712194,-0.0396825396825,0.031746031746,0.00793650793651,1554,21,187,13988,0.89259046525,0.998500963666,0.00149903633379,0.10740953475,0.986666666667,0.89259046525,0.937273823884,0.93137249154,0.891091428916,0.881952326901,414,580,0,3,3,3
534,WLNM_dir_neg_kfold,0.805280915577,0.594251535486,00:00:12,10,66.6666666667,20,15365,threshold_sweep,0.3,0.96992481203,0.66724137931,0.790602655771,387,12,193,1148,0.66724137931,0.989655172414,0.0103448275862,0.33275862069,0.96992481203,0.66724137931,0.790602655771,0.882183908046,0.590229885057,0.712482468443,0.736612588817,0.656896551724,1779,1199,580,0,1779,0,1199,0,580,126,1741,0.11053968254,3.35021095487,27.6349206349,14.6302521008,14.7542372881,19.3405700742,0.69985980165,0.389650173682,15.6125082129,1.12991156509,0.578854517108,9.15239928644,0.662379270587,0.377355652198,1.19779027155,0.357526820756,4.34256606628,3.35021095487,1.19779027155,4.34256606628,0.507119835952,0.563909424838,12128,0.0372596006144,0.110016681489,126,126,126,1,0,0.0555555555556,0.880952380952,0.0634920634921,126,0.0737142857143,3.00332674727,18.4285714286,10.5545454545,9.92307692308,13.5253412949,0.733933248559,0.407161314138,10.6910109104,1.16026474996,0.594226378464,6.44435522653,0.699387388926,0.393947472759,1.13778591947,0.378841869437,3.97191603983,3.00332674727,1.13778591947,3.97191603983,0.394293498746,0.396355579073,3995,0.0122734254992,0.0730085770453,126,126,126,1,0,0.126984126984,0.801587301587,0.0714285714286,126,1560,0.0990476190476,3.44441593884,24.7619047619,13.2203389831,13.3333333333,17.3068442283,0.698930247682,0.391895604396,13.4787875673,1.08867130352,0.564662189662,9.02960211115,0.72931401667,0.411324786325,1.14287586672,0.331805416944,4.47616371357,3.44441593884,1.14287586672,4.47616371357,0.466234667202,0.517889847629,9143,0.028089093702,0.110362756918,126,126,126,1,0,0.0634920634921,0.865079365079,0.0714285714286,-181,-0.0114920634921,0.0942049839776,-2.87301587302,-1.40991311779,-1.4209039548,-2.03372584586,-0.000929553968222,0.00224543071327,-2.13372064557,-0.0412402615768,-0.0141923274462,-0.122797175288,0.0669347460833,0.0339691341271,-0.0549144048378,-0.0257214038118,0.133597647295,0.0942049839776,-0.0549144048378,0.133597647295,-0.0408851687502,-0.0460195772089,-2985,-0.00917050691244,0.000346075429493,0.00793650793651,-0.015873015873,0.00793650793651,1548,12,193,13997,0.889144170017,0.999143407809,0.000856592190735,0.110855829983,0.992307692308,0.889144170017,0.937897606786,0.932401675142,0.888287577826,0.883057615516,399,580,0,3,3,3
535,WLNM_dir_neg_kfold,0.805280915577,0.594251535486,00:00:12,10,66.6666666667,20,15365,threshold_sweep,0.4,0.96992481203,0.66724137931,0.790602655771,387,12,193,1148,0.66724137931,0.989655172414,0.0103448275862,0.33275862069,0.96992481203,0.66724137931,0.790602655771,0.882183908046,0.590229885057,0.712482468443,0.736612588817,0.656896551724,1779,1199,580,0,1779,0,1199,0,580,126,1741,0.11053968254,3.35021095487,27.6349206349,14.6302521008,14.7542372881,19.3405700742,0.69985980165,0.389650173682,15.6125082129,1.12991156509,0.578854517108,9.15239928644,0.662379270587,0.377355652198,1.19779027155,0.357526820756,4.34256606628,3.35021095487,1.19779027155,4.34256606628,0.507119835952,0.563909424838,12128,0.0372596006144,0.110016681489,126,126,126,1,0,0.0555555555556,0.880952380952,0.0634920634921,126,0.0737142857143,3.00332674727,18.4285714286,10.5545454545,9.92307692308,13.5253412949,0.733933248559,0.407161314138,10.6910109104,1.16026474996,0.594226378464,6.44435522653,0.699387388926,0.393947472759,1.13778591947,0.378841869437,3.97191603983,3.00332674727,1.13778591947,3.97191603983,0.394293498746,0.396355579073,3995,0.0122734254992,0.0730085770453,126,126,126,1,0,0.126984126984,0.801587301587,0.0714285714286,126,1560,0.0990476190476,3.44441593884,24.7619047619,13.2203389831,13.3333333333,17.3068442283,0.698930247682,0.391895604396,13.4787875673,1.08867130352,0.564662189662,9.02960211115,0.72931401667,0.411324786325,1.14287586672,0.331805416944,4.47616371357,3.44441593884,1.14287586672,4.47616371357,0.466234667202,0.517889847629,9143,0.028089093702,0.110362756918,126,126,126,1,0,0.0634920634921,0.865079365079,0.0714285714286,-181,-0.0114920634921,0.0942049839776,-2.87301587302,-1.40991311779,-1.4209039548,-2.03372584586,-0.000929553968222,0.00224543071327,-2.13372064557,-0.0412402615768,-0.0141923274462,-0.122797175288,0.0669347460833,0.0339691341271,-0.0549144048378,-0.0257214038118,0.133597647295,0.0942049839776,-0.0549144048378,0.133597647295,-0.0408851687502,-0.0460195772089,-2985,-0.00917050691244,0.000346075429493,0.00793650793651,-0.015873015873,0.00793650793651,1548,12,193,13997,0.889144170017,0.999143407809,0.000856592190735,0.110855829983,0.992307692308,0.889144170017,0.937897606786,0.932401675142,0.888287577826,0.883057615516,399,580,0,3,3,3
536,WLNM_dir_neg_kfold,0.805280915577,0.594251535486,00:00:12,10,66.6666666667,20,15365,threshold_sweep,0.5,0.982051282051,0.660344827586,0.789690721649,383,7,197,1153,0.660344827586,0.993965517241,0.00603448275862,0.339655172414,0.982051282051,0.660344827586,0.789690721649,0.88275862069,0.591954022989,0.712676056338,0.739652262949,0.654310344828,1779,1199,580,0,1779,0,1199,0,580,126,1741,0.11053968254,3.35021095487,27.6349206349,14.6302521008,14.7542372881,19.3405700742,0.69985980165,0.389650173682,15.6125082129,1.12991156509,0.578854517108,9.15239928644,0.662379270587,0.377355652198,1.19779027155,0.357526820756,4.34256606628,3.35021095487,1.19779027155,4.34256606628,0.507119835952,0.563909424838,12128,0.0372596006144,0.110016681489,126,126,126,1,0,0.0555555555556,0.880952380952,0.0634920634921,126,0.0737142857143,3.00332674727,18.4285714286,10.5545454545,9.92307692308,13.5253412949,0.733933248559,0.407161314138,10.6910109104,1.16026474996,0.594226378464,6.44435522653,0.699387388926,0.393947472759,1.13778591947,0.378841869437,3.97191603983,3.00332674727,1.13778591947,3.97191603983,0.394293498746,0.396355579073,3995,0.0122734254992,0.0730085770453,126,126,126,1,0,0.126984126984,0.801587301587,0.0714285714286,126,1551,0.0984761904762,3.03061469332,24.619047619,14.1,13.2564102564,17.3389075286,0.704288313541,0.394568788186,13.5265453303,1.09886828602,0.571720241933,8.94558151108,0.726720354866,0.409991505736,1.1629142735,0.383722244883,4.06383177743,3.03061469332,1.1629142735,4.06383177743,0.472593989637,0.520065302403,9132,0.0280552995392,0.112433875458,126,126,126,1,0,0.126984126984,0.801587301587,0.0714285714286,-190,-0.0120634920635,-0.319596261543,-3.01587301587,-0.53025210084,-1.49782703173,-2.00166254555,0.00442851189143,0.00491861450347,-2.08596288266,-0.0310432790766,-0.00713427517539,-0.206817775356,0.0643410842789,0.0326358535385,-0.0348759980567,0.0261954241274,-0.278734288844,-0.319596261543,-0.0348759980567,-0.278734288844,-0.0345258463146,-0.0438441224351,-2996,-0.00920430107527,0.00241719396963,0.0714285714286,-0.0793650793651,0.00793650793651,1544,7,197,14002,0.886846639862,0.999500321222,0.000499678777928,0.113153360138,0.995486782721,0.886846639862,0.938031591738,0.932764340569,0.886346961084,0.883295194508,390,580,0,3,3,3
537,WLNM_dir_neg_kfold,0.805280915577,0.594251535486,00:00:12,10,66.6666666667,20,15365,threshold_sweep,0.6,0.982051282051,0.660344827586,0.789690721649,383,7,197,1153,0.660344827586,0.993965517241,0.00603448275862,0.339655172414,0.982051282051,0.660344827586,0.789690721649,0.88275862069,0.591954022989,0.712676056338,0.739652262949,0.654310344828,1779,1199,580,0,1779,0,1199,0,580,126,1741,0.11053968254,3.35021095487,27.6349206349,14.6302521008,14.7542372881,19.3405700742,0.69985980165,0.389650173682,15.6125082129,1.12991156509,0.578854517108,9.15239928644,0.662379270587,0.377355652198,1.19779027155,0.357526820756,4.34256606628,3.35021095487,1.19779027155,4.34256606628,0.507119835952,0.563909424838,12128,0.0372596006144,0.110016681489,126,126,126,1,0,0.0555555555556,0.880952380952,0.0634920634921,126,0.0737142857143,3.00332674727,18.4285714286,10.5545454545,9.92307692308,13.5253412949,0.733933248559,0.407161314138,10.6910109104,1.16026474996,0.594226378464,6.44435522653,0.699387388926,0.393947472759,1.13778591947,0.378841869437,3.97191603983,3.00332674727,1.13778591947,3.97191603983,0.394293498746,0.396355579073,3995,0.0122734254992,0.0730085770453,126,126,126,1,0,0.126984126984,0.801587301587,0.0714285714286,126,1551,0.0984761904762,3.03061469332,24.619047619,14.1,13.2564102564,17.3389075286,0.704288313541,0.394568788186,13.5265453303,1.09886828602,0.571720241933,8.94558151108,0.726720354866,0.409991505736,1.1629142735,0.383722244883,4.06383177743,3.03061469332,1.1629142735,4.06383177743,0.472593989637,0.520065302403,9132,0.0280552995392,0.112433875458,126,126,126,1,0,0.126984126984,0.801587301587,0.0714285714286,-190,-0.0120634920635,-0.319596261543,-3.01587301587,-0.53025210084,-1.49782703173,-2.00166254555,0.00442851189143,0.00491861450347,-2.08596288266,-0.0310432790766,-0.00713427517539,-0.206817775356,0.0643410842789,0.0326358535385,-0.0348759980567,0.0261954241274,-0.278734288844,-0.319596261543,-0.0348759980567,-0.278734288844,-0.0345258463146,-0.0438441224351,-2996,-0.00920430107527,0.00241719396963,0.0714285714286,-0.0793650793651,0.00793650793651,1544,7,197,14002,0.886846639862,0.999500321222,0.000499678777928,0.113153360138,0.995486782721,0.886846639862,0.938031591738,0.932764340569,0.886346961084,0.883295194508,390,580,0,3,3,3
538,WLNM_dir_neg_kfold,0.805280915577,0.594251535486,00:00:12,10,66.6666666667,20,15365,threshold_sweep,0.7,0.984575835476,0.660344827586,0.790505675955,383,6,197,1154,0.660344827586,0.994827586207,0.0051724137931,0.339655172414,0.984575835476,0.660344827586,0.790505675955,0.883333333333,0.59214559387,0.713950211367,0.741303617205,0.655172413793,1779,1199,580,0,1779,0,1199,0,580,126,1741,0.11053968254,3.35021095487,27.6349206349,14.6302521008,14.7542372881,19.3405700742,0.69985980165,0.389650173682,15.6125082129,1.12991156509,0.578854517108,9.15239928644,0.662379270587,0.377355652198,1.19779027155,0.357526820756,4.34256606628,3.35021095487,1.19779027155,4.34256606628,0.507119835952,0.563909424838,12128,0.0372596006144,0.110016681489,126,126,126,1,0,0.0555555555556,0.880952380952,0.0634920634921,126,0.0737142857143,3.00332674727,18.4285714286,10.5545454545,9.92307692308,13.5253412949,0.733933248559,0.407161314138,10.6910109104,1.16026474996,0.594226378464,6.44435522653,0.699387388926,0.393947472759,1.13778591947,0.378841869437,3.97191603983,3.00332674727,1.13778591947,3.97191603983,0.394293498746,0.396355579073,3995,0.0122734254992,0.0730085770453,126,126,126,1,0,0.126984126984,0.801587301587,0.0714285714286,126,1550,0.0984126984127,3.02642497313,24.6031746032,14.0909090909,13.2478632479,17.3463906863,0.705046847249,0.394905273938,13.5305697389,1.09990437878,0.57209421403,8.94809015714,0.727393135355,0.410373783922,1.16131735053,0.383725802172,4.05808093361,3.02642497313,1.16131735053,4.05808093361,0.473330466564,0.520324431106,9131,0.0280522273425,0.112639034837,126,126,126,1,0,0.126984126984,0.801587301587,0.0714285714286,-191,-0.012126984127,-0.32378598174,-3.03174603175,-0.539343009931,-1.50637404027,-1.99417938788,0.00518704559922,0.00525510025519,-2.08193847398,-0.030007186315,-0.0067603030787,-0.204309129299,0.065013864768,0.0330181317245,-0.0364729210264,0.0261989814168,-0.284485132666,-0.32378598174,-0.0364729210264,-0.284485132666,-0.0337893693876,-0.0435849937325,-2997,-0.00920737327189,0.00262235334792,0.0714285714286,-0.0793650793651,0.00793650793651,1544,6,197,14003,0.886846639862,0.999571703905,0.000428296095367,0.113153360138,0.996129032258,0.886846639862,0.938316621088,0.933107471317,0.886418343767,0.883800801374,389,580,0,3,3,3
539,WLNM_dir_neg_kfold,0.805280915577,0.594251535486,00:00:12,10,66.6666666667,20,15365,threshold_sweep,0.8,0.984575835476,0.660344827586,0.790505675955,383,6,197,1154,0.660344827586,0.994827586207,0.0051724137931,0.339655172414,0.984575835476,0.660344827586,0.790505675955,0.883333333333,0.59214559387,0.713950211367,0.741303617205,0.655172413793,1779,1199,580,0,1779,0,1199,0,580,126,1741,0.11053968254,3.35021095487,27.6349206349,14.6302521008,14.7542372881,19.3405700742,0.69985980165,0.389650173682,15.6125082129,1.12991156509,0.578854517108,9.15239928644,0.662379270587,0.377355652198,1.19779027155,0.357526820756,4.34256606628,3.35021095487,1.19779027155,4.34256606628,0.507119835952,0.563909424838,12128,0.0372596006144,0.110016681489,126,126,126,1,0,0.0555555555556,0.880952380952,0.0634920634921,126,0.0737142857143,3.00332674727,18.4285714286,10.5545454545,9.92307692308,13.5253412949,0.733933248559,0.407161314138,10.6910109104,1.16026474996,0.594226378464,6.44435522653,0.699387388926,0.393947472759,1.13778591947,0.378841869437,3.97191603983,3.00332674727,1.13778591947,3.97191603983,0.394293498746,0.396355579073,3995,0.0122734254992,0.0730085770453,126,126,126,1,0,0.126984126984,0.801587301587,0.0714285714286,126,1550,0.0984126984127,3.02642497313,24.6031746032,14.0909090909,13.2478632479,17.3463906863,0.705046847249,0.394905273938,13.5305697389,1.09990437878,0.57209421403,8.94809015714,0.727393135355,0.410373783922,1.16131735053,0.383725802172,4.05808093361,3.02642497313,1.16131735053,4.05808093361,0.473330466564,0.520324431106,9131,0.0280522273425,0.112639034837,126,126,126,1,0,0.126984126984,0.801587301587,0.0714285714286,-191,-0.012126984127,-0.32378598174,-3.03174603175,-0.539343009931,-1.50637404027,-1.99417938788,0.00518704559922,0.00525510025519,-2.08193847398,-0.030007186315,-0.0067603030787,-0.204309129299,0.065013864768,0.0330181317245,-0.0364729210264,0.0261989814168,-0.284485132666,-0.32378598174,-0.0364729210264,-0.284485132666,-0.0337893693876,-0.0435849937325,-2997,-0.00920737327189,0.00262235334792,0.0714285714286,-0.0793650793651,0.00793650793651,1544,6,197,14003,0.886846639862,0.999571703905,0.000428296095367,0.113153360138,0.996129032258,0.886846639862,0.938316621088,0.933107471317,0.886418343767,0.883800801374,389,580,0,3,3,3
540,WLNM_dir_neg_kfold,0.805280915577,0.594251535486,00:00:12,10,66.6666666667,20,15365,threshold_sweep,0.9,0.984334203655,0.65,0.782969885774,377,6,203,1154,0.65,0.994827586207,0.0051724137931,0.35,0.984334203655,0.65,0.782969885774,0.879885057471,0.593295019157,0.704663212435,0.733664135015,0.644827586207,1779,1199,580,0,1779,0,1199,0,580,126,1741,0.11053968254,3.35021095487,27.6349206349,14.6302521008,14.7542372881,19.3405700742,0.69985980165,0.389650173682,15.6125082129,1.12991156509,0.578854517108,9.15239928644,0.662379270587,0.377355652198,1.19779027155,0.357526820756,4.34256606628,3.35021095487,1.19779027155,4.34256606628,0.507119835952,0.563909424838,12128,0.0372596006144,0.110016681489,126,126,126,1,0,0.0555555555556,0.880952380952,0.0634920634921,126,0.0737142857143,3.00332674727,18.4285714286,10.5545454545,9.92307692308,13.5253412949,0.733933248559,0.407161314138,10.6910109104,1.16026474996,0.594226378464,6.44435522653,0.699387388926,0.393947472759,1.13778591947,0.378841869437,3.97191603983,3.00332674727,1.13778591947,3.97191603983,0.394293498746,0.396355579073,3995,0.0122734254992,0.0730085770453,126,126,126,1,0,0.126984126984,0.801587301587,0.0714285714286,126,1544,0.0980317460317,3.04096034938,24.5079365079,14.0363636364,13.1965811966,17.2801601991,0.70508425683,0.394846410067,13.5055168034,1.10213414328,0.573381857061,8.89938110921,0.726244831451,0.409418948927,1.16584519063,0.383380595824,4.06504738845,3.04096034938,1.16584519063,4.06504738845,0.473505990968,0.517504299637,9027,0.027732718894,0.110807160266,126,126,126,1,0,0.126984126984,0.801587301587,0.0714285714286,-197,-0.0125079365079,-0.309250605481,-3.12698412698,-0.593888464477,-1.55765609155,-2.06040987502,0.00522445518037,0.00519623638428,-2.10699140951,-0.0277774218106,-0.00547266004778,-0.253018177228,0.0638655608645,0.032063296729,-0.0319450809283,0.0258537750688,-0.277518677828,-0.309250605481,-0.0319450809283,-0.277518677828,-0.0336138449833,-0.0464051252015,-3101,-0.00952688172043,0.000790478777308,0.0714285714286,-0.0793650793651,0.00793650793651,1538,6,203,14003,0.88340034463,0.999571703905,0.000428296095367,0.11659965537,0.996113989637,0.88340034463,0.936377473364,0.931087198864,0.882972048534,0.880366342301,383,580,0,3,3,3
